V1,V2,V3,V4,V5,V6,V7,V8,V9,V10,V11,V12,V13,V14,V15,V16,V17,V18,V19,V20,V21,V22,V23,V24,V25,V26,V27,V28,V29,V30,V31,V32,V33,V34,V35,V36,V37,V38,V39,V40,V41,V42,V43,V44,V45,V46,V47,V48,V49,V50,V51,V52,V53,V54,V55,V56
2.654525305871317,-8.383397711452398,15.466270056629162,-102.26690090249288,77.02405194252219,37.083221257997714,25.50421463219248,14.387318564976438,-7.029249451385933,38.98215502814622,-20.210959936403516,-33.63592125713151,-40.891316317867,-1.6189117675637856,-44.29620091526649,-55.75445426614482,15.702773306926865,17.236658981431678,-2.0312305994069892,119.86478355110025,21.566917857086946,9.030194584470589,60.71431717705526,-30.00222565020406,6.23981397087353,-16.069693110869654,71.07385328799265,23.16398157848475,-43.60010778177614,-52.27643047699025,3.727136500823443,65.51206358682876,-83.41397753598419,1.9625639749857327,62.260013115964426,17.099861509409617,27.84789551547219,14.141683754627174,-15.897103938718452,67.4238590594418,-11.220256614482821,1.815500806029535,-40.1060149489597,-17.9774037678978,25.996344469476494,-17.34866116254738,31.898109340002016,3.377470332705777,29.403997341201617,24.29944768212491,10.577350812814998,15.050691233019407,-4.43044229884744,-63.48071959463557,13.55137644008356,-47.05711511253839
-8.383397711452398,33.55685789167136,-60.66826929666108,407.2922159245917,-304.81055300868474,-146.79144711094168,-100.11028906530368,-55.60576536826378,25.781924983250935,-155.41238313696707,82.04419135106639,130.01440687780536,161.37628355036145,5.597817834690615,176.42914151915397,222.118871028282,-62.52931085444998,-65.7462310117957,8.058328922281623,-473.1322459319081,-88.18368970018058,-37.52087336892343,-242.70002173847203,116.59285655973318,-24.605368827113153,65.00807058964239,-279.2131675819243,-91.47287274732844,170.82748581120143,205.62936894071223,-16.031349213543628,-258.94427860124676,328.1849663475527,-6.265341500971124,-243.7590959329476,-66.61037355478506,-108.60019153934779,-54.50843062374065,60.227777612609025,-269.78507652025274,42.85717402156193,-5.010894356102475,160.87694239250263,72.26331329790233,-105.67115414904481,69.71302854978788,-125.63486018334483,-12.716760181833854,-117.98367353944784,-94.26211985529119,-42.11443290817015,-59.67030704575284,19.282938665732196,251.0510369086945,-53.97346093764434,185.62801565674081
15.466270056629162,-60.66826929666108,110.4827592048133,-739.609739781822,553.7606036515751,266.8346658744051,181.86504204639488,101.42537633181925,-47.42467723357238,281.9231031724358,-148.8465699541956,-237.03622352183527,-293.3586996411569,-10.135137970312403,-320.49488159913375,-403.2715527631817,113.26697511007036,119.74939895615049,-14.606725806684233,859.9813723280752,159.70706893286885,67.69634755915725,440.76506626805065,-212.47234796377833,44.914418958684415,-118.03147511963876,507.7150632211665,166.25368570774071,-310.791290556096,-373.77289116248954,28.805901651555885,470.5489712081853,-596.8264482286381,11.647762937270848,443.5340083261436,121.38197802733944,197.66787494509381,99.56214194218887,-109.74813056950774,489.61760599655116,-78.04487503151623,9.526573978449765,-291.831592883196,-131.3605484337702,191.5288470879162,-126.68041820294913,228.31842349965595,23.360951775181487,214.14547812758406,171.54441445720656,76.29477823627887,108.48199701725864,-34.816111640628996,-456.3301512878976,98.16690514136216,-337.1099829340927
-102.26690090249288,407.2922159245917,-739.609739781822,4959.218360628413,-3711.726416149433,-1788.5873730616229,-1218.9138339538238,-678.2240735174033,315.3753148117991,-1891.276981698962,998.935819783024,1585.4171245427397,1965.6114396956127,67.77141198083224,2148.479428447091,2704.138898699742,-760.4076776002296,-800.9518793147427,98.24350505216543,-5762.151504209488,-1072.7133200986405,-455.3168403111526,-2955.425495193406,1421.4573246046748,-300.3734865708239,791.5186653927925,-3401.504072960435,-1114.1787075400987,2081.8589958434313,2504.66475189295,-194.43284180125667,-3153.4952974938096,3998.257377747338,-77.0603208225575,-2970.3459254558697,-812.4227487950045,-1323.1261495102408,-665.343471573911,733.8138873668254,-3283.5168800565275,521.835577731733,-62.33031860999417,1957.8723408220803,881.0111167484265,-1286.1648153219485,849.3207203003375,-1529.9288863068234,-156.0457801712518,-1436.3915462253976,-1148.1526881649538,-511.9807441272922,-726.8696595089458,234.31375580806585,3057.857593370489,-657.7545084671158,2260.263377020069
77.02405194252219,-304.81055300868474,553.7606036515751,-3711.726416149433,2778.4700235684404,1338.8553598528986,912.6183205452751,507.9840002719094,-236.52423721876895,1415.4962438474686,-747.3111639068804,-1187.4631123603137,-1471.485186645959,-50.91335194991511,-1608.026076364676,-2023.9003235386035,569.1333554224947,600.110956052483,-73.5345108010708,4313.616478503373,802.3734694198112,340.4495481033587,2211.789772177238,-1064.5198267807023,224.86464465891564,-592.1918553909679,2546.6921097288746,834.0766772919304,-1558.7741794135857,-1875.1758885208037,145.26489612959836,2360.664723666237,-2993.3693398378,58.012286140756835,2224.0676444959886,608.3778684963883,990.8006142793039,498.36739535292656,-549.9016384539694,2457.2832820168455,-390.9737358702789,47.13069198303521,-1465.122718133092,-659.2359374321843,962.1593874641652,-635.5348096287988,1145.384306680998,116.94449469759769,1074.8747051523405,859.8893215192955,383.19970833048535,544.0843029474224,-175.0150301735722,-2289.0389737945748,492.2923577478995,-1692.0836230195173
37.083221257997714,-146.79144711094168,266.8346658744051,-1788.5873730616229,1338.8553598528986,645.2876924048641,439.79630281504484,244.7627926375758,-113.90674397165202,682.1044479928499,-360.1249878789612,-572.1723476848357,-709.0450736915863,-24.525551589855667,-774.8182768499879,-975.2346350840851,274.2869136068134,289.14157683191144,-35.50059420598863,2078.442735750428,386.6342134243802,163.96917255550593,1065.771472907924,-512.8999782022487,108.34330972323234,-285.2940067638432,1227.2568466567259,401.9374965524385,-751.2524605781134,-903.6657630679863,70.01863521455702,1137.5107677586323,-1442.4482857925034,28.004895446058455,1071.754272757386,293.21046528954,477.35776712289453,240.13397900011438,-264.95598622985733,1183.919989764112,-188.31146997786232,22.798719058044707,-705.9710496368771,-317.7859856974652,463.7193450924386,-306.24225662137115,551.9081653450415,56.46093492122982,517.9438990751618,414.27505459494773,184.6245616652884,262.15692674208054,-84.285748863322425,-1102.988989468272,237.21552066962354,-815.5011501252469
25.50421463219248,-100.11028906530368,181.86504204639488,-1218.9138339538238,912.6183205452751,439.79630281504484,299.91084005852275,166.88498197551658,-77.72278054702306,464.9389686755548,-245.24588581375616,-390.1612897092469,-483.31140538098344,-16.85154922749262,-527.9874703862042,-664.6356435276414,187.03502041596886,197.3424553687597,-24.211248402277775,1416.7648301778574,263.3104991197108,111.67498473558057,726.167466596021,-349.6824687446161,73.78292067945462,-194.28005931273762,836.6853673566424,273.98003147007466,-512.1785415871926,-616.0903634846575,47.65745548222291,775.3752182863785,-983.2916318421642,19.215812894432926,730.6854240121497,199.88552758650903,325.48275357023783,163.69937750554814,-180.88032281999347,806.7500521640467,-128.5181154238,15.709559473765113,-481.0602654876479,-216.42408581919017,315.8453887561135,-208.57702859957297,376.2641087748995,38.49034853005231,352.8842171519052,282.55562947729453,125.88985872234531,178.65033721134796,-57.27018265818714,-751.775665824106,161.60132858331713,-556.0225417471097
14.387318564976438,-55.60576536826378,101.42537633181925,-678.2240735174033,507.9840002719094,244.7627926375758,166.88498197551658,93.19841475935755,-43.74934213561509,258.4718149884978,-136.35356539197477,-217.79048407063138,-269.1687528861976,-9.356496749959526,-293.91900346323644,-369.79276918042046,103.8230729231717,110.08515146891449,-13.378719598496327,789.0714873789816,146.22540019099648,61.92252297213137,404.1272835733794,-195.1675735553627,41.23795080998334,-108.17141568630493,465.94038372612687,152.52911376906056,-285.2582362594359,-342.9778999908725,26.281692360180287,431.693290483921,-547.7036977228225,10.821974790810689,407.1466628327529,111.46413055352811,181.51466092952774,91.5138966591177,-100.92824133496394,448.88853658515774,-71.75409717172558,8.939509166503083,-267.4913837098259,-120.39862848805251,175.4063600088043,-116.13153288289573,209.50313303124085,21.487936677091902,196.29447275807925,157.56379240132262,69.94668575434962,99.52001371813147,-31.787468051050734,-418.6557695172547,90.04069525216565,-309.24073628906456
-7.029249451385933,25.781924983250935,-47.42467723357238,315.3753148117991,-236.52423721876895,-113.90674397165202,-77.72278054702306,-43.74934213561509,20.935037163773213,-119.99328356033556,63.19274674314111,102.15416768797381,125.48444046252496,4.40520443915377,136.79028937641073,171.93725314390474,-48.07615491497743,-51.65436195814371,6.137769772668241,-367.90032420110947,-67.5848992131046,-28.512125448807932,-187.91375357396322,91.47542046114225,-19.344267774923274,50.28695872594798,-217.27577783629846,-71.05182667581009,133.06951425470376,159.82058184925737,-11.933853351006773,-201.1114966008372,255.46961191872333,-5.252231786293794,-190.12034375805115,-52.13751793417618,-84.93324247804165,-43.04502969618888,47.41205805583104,-208.66457068554456,33.72438692711838,-4.478512563166017,124.1553216207871,55.891862057412574,-81.1104068966319,54.01261729103721,-97.65126180626312,-10.088424267096661,-91.16345827287242,-73.76062303546898,-32.45165605500344,-46.39554128325639,14.595141774658503,195.10896196841256,-41.967915293169824,143.80770062567996
38.98215502814622,-155.41238313696707,281.9231031724358,-1891.276981698962,1415.4962438474686,682.1044479928499,464.9389686755548,258.4718149884978,-119.99328356033556,721.4550137334995,-380.94533817848696,-604.2867853449133,-749.5057855331328,-25.92174203924414,-819.2421235045441,-1031.2850568995243,290.20439805876543,305.4119460146821,-37.54125389860935,2197.13598062889,409.1907852994619,173.73587445412903,1126.9764362086783,-541.777869401671,114.41015417585396,-301.737246007817,1297.1246633806757,424.88882274649507,-793.8867242330522,-955.2063308043537,74.27294626618752,1202.5450893026125,-1524.5595037057324,29.37311109836514,1132.5619038899574,309.71155108204107,504.40397738987815,253.4901080966947,-279.81650758087034,1252.160631407081,-198.93243808376366,23.73627127756265,-746.7482454874843,-335.9479490411195,490.6368858019557,-323.79477874920207,583.4355086184491,59.48396666342789,547.7820110543628,437.7462717877306,195.34460297931227,277.12358483551384,-89.3234804053025,-1165.977974290527,250.7387541164802,-862.2127901802788
-20.210959936403516,82.04419135106639,-148.8465699541956,998.935819783024,-747.3111639068804,-360.1249878789612,-245.24588581375616,-136.35356539197477,63.19274674314111,-380.94533817848696,201.49755438954642,318.72434669097686,395.6937515985949,13.480890512513316,432.79458179050806,544.700795346545,-153.11974168724169,-160.82544612282356,19.770772910569427,-1159.9831138380962,-216.46200826028877,-91.963753366278425,-595.4983282767795,285.8784842409323,-60.49327433140452,159.6394291590471,-684.5056928386441,-224.29609589767605,418.87043514590835,504.0582412046285,-39.348755921972774,-634.8769826814563,804.7096842323348,-15.252871561962472,-597.6240647746768,-163.41174828419744,-266.14455576002666,-133.75487607056647,147.2678160721371,-661.6249673152962,104.79898172927486,-12.173696088035976,394.5572741678305,177.59931242845047,-259.42673754297,171.21450223837766,-307.92762671023866,-31.315585514249072,-289.4906326174808,-230.84620751746812,-103.10238539933198,-146.3823472267967,47.49506772265388,615.6696987522339,-132.51688690121094,454.9224256243092
-33.63592125713151,130.01440687780536,-237.03622352183527,1585.4171245427397,-1187.4631123603137,-572.1723476848357,-390.1612897092469,-217.79048407063138,102.15416768797381,-604.2867853449133,318.72434669097686,508.9822110362997,629.1682864995536,21.910997223515157,687.0106458684122,864.4335997559474,-242.79313128569856,-257.33305374989874,31.31205665875502,-1844.394153507086,-341.84220649571006,-144.77461113919696,-944.625720125867,456.09842650151256,-96.3354399274184,252.79596084495597,-1089.1731174632162,-356.5499362825139,666.8197691198912,801.7739790915015,-61.48360253799048,-1009.0976784491125,1280.23537676878,-25.305650750287672,-951.6776471529993,-260.5197243687833,-424.2336516633153,-213.82385878289867,235.93407697300066,-1049.2734097541909,167.70427421177206,-20.903463511488,625.3145956549525,281.4300343860553,-410.08218599236875,271.4169059766136,-489.73032663481905,-50.23128903814701,-458.847323795577,-368.2794280041752,-163.5467283757472,-232.60305741958118,74.27562875590937,978.5775921032349,-210.43098619733072,723.0035364830393
-40.891316317867,161.37628355036145,-293.3586996411569,1965.6114396956127,-1471.485186645959,-709.0450736915863,-483.31140538098344,-269.1687528861976,125.48444046252496,-749.5057855331328,395.6937515985949,629.1682864995536,779.3675624909341,26.961852486764695,851.6159747649402,1071.7830967563173,-301.2930191590017,-317.9431363302681,38.90327446615392,-2284.70792824608,-424.77226528548437,-180.18756997681027,-1171.3160390400278,564.0104225991705,-119.15943630566842,313.6256609667972,-1348.8461073875276,-441.7417299364602,825.6162530009684,993.1298316128348,-76.8187928341075,-1250.259175371234,1585.4719806713852,-30.78991977735418,-1178.0749625573278,-322.2927142873754,-524.8880854526168,-264.11389073167373,291.35690464186206,-1301.2866953799905,207.16563553900653,-25.061813570981,775.7976607010884,349.09394791223326,-509.3701321555061,336.5843344260426,-606.6315651847286,-61.96629496157212,-569.1875868364866,-455.5364195832132,-202.88867739611675,-288.1801707442428,92.63447433352047,1212.3654394474083,-260.7529307357533,896.0326581625816
-1.6189117675637856,5.597817834690615,-10.135137970312403,67.77141198083224,-50.91335194991511,-24.525551589855667,-16.85154922749262,-9.356496749959526,4.40520443915377,-25.92174203924414,13.480890512513316,21.910997223515157,26.961852486764695,1.0537564410848976,29.305219114122544,36.95875907703773,-10.495733579985552,-11.229107427837242,1.3783002227599885,-79.02370721151584,-14.468396057739866,-6.11312207725221,-40.23565599159371,19.572863754930648,-4.060049363958334,10.655774086219234,-46.83367932104102,-15.295809503037699,28.703354323406252,34.49759128870414,-2.593442233558241,-43.25723194682147,54.937102339047854,-1.203678161576217,-40.91406493067825,-11.194658181010741,-18.2325253747604,-9.157656466702807,10.334542785526905,-44.723378644426646,7.289821255803957,-1.0595787280291582,26.679879002052555,11.941443774623103,-17.4163721753798,11.48851483506413,-21.0421170457059,-2.1875998423207936,-19.534158447322593,-15.898788850412428,-7.046733537306879,-9.923283289106525,3.016824949488892,41.882917517718894,-8.93543295984735,31.177855826339652
-44.29620091526649,176.42914151915397,-320.49488159913375,2148.479428447091,-1608.026076364676,-774.8182768499879,-527.9874703862042,-293.91900346323644,136.79028937641073,-819.2421235045441,432.79458179050806,687.0106458684122,851.6159747649402,29.305219114122544,930.8695297491724,1171.5122710291764,-329.2918080949074,-346.9934664919694,42.495941621828656,-2496.5440321724145,-464.70809029197795,-197.2475859542207,-1280.4745287111389,615.989952119694,-130.21757029427593,343.01769802444187,-1473.6132225524439,-482.6917316364885,901.8856233996531,1085.031000976122,-84.17004605636522,-1366.22527326683,1732.2465618410497,-33.356986586477596,-1286.9109734931885,-352.00183082283104,-573.3270522277477,-288.3777245638253,317.89675776324157,-1422.6269368299602,226.12386413425517,-26.966411684557386,848.1844835321795,381.677443182007,-557.1262795927562,368.0262984244523,-662.8144610741359,-67.57621660379681,-622.3081474277496,-497.47740529182613,-221.75810403817476,-314.9532870801933,101.57134709140414,1324.8542746744015,-285.0256716260179,979.0113563401452
-55.75445426614482,222.118871028282,-403.2715527631817,2704.138898699742,-2023.9003235386035,-975.2346350840851,-664.6356435276414,-369.79276918042046,171.93725314390474,-1031.2850568995243,544.700795346545,864.4335997559474,1071.7830967563173,36.95875907703773,1171.5122710291764,1474.5107544844072,-414.64567221220216,-436.7232124388445,53.561426687997105,-3141.934597122568,-584.951908555217,-248.31487748064322,-1611.5214776963414,775.0469322257213,-163.7721767161543,431.6060214223871,-1854.7017503561049,-607.5222448422071,1135.1307204890013,1365.699033038999,-106.0364375342666,-1719.5078921398465,2180.0917432639353,-41.994432664021915,-1619.594526141684,-442.958402837629,-721.4514346990883,-362.75965928160724,400.1121335204879,-1790.4674933660701,284.54496065471113,-33.946466846068105,1067.604692797699,480.3651628873748,-701.3238806068463,463.1075492540985,-834.2251784277253,-85.0531674970048,-783.23671717409,-626.0494779045732,-279.18831820872555,-396.33928880531636,127.7850288747106,1667.3517319014736,-358.64748839514897,1232.4460770955268
15.702773306926865,-62.52931085444998,113.26697511007036,-760.4076776002296,569.1333554224947,274.2869136068134,187.03502041596886,103.8230729231717,-48.07615491497743,290.20439805876543,-153.11974168724169,-242.79313128569856,-301.2930191590017,-10.495733579985552,-329.2918080949074,-414.64567221220216,116.84136700041618,122.82056009065857,-15.160503382835557,883.1866802087011,164.5364344291211,69.872529597078,452.9967124575998,-217.64703220025183,45.89832433925215,-121.19350517100122,521.5514144517532,170.8356412471824,-319.2262044524614,-384.1280880587286,29.929529992390282,483.4672281442974,-612.8813815124712,11.841477571299356,455.2899799307923,124.47655288637075,202.69756295105495,101.77217850835557,-112.54152523751216,503.34090131921,-79.95150664141428,9.582150457423214,-300.26723653797455,-135.0465386771708,197.33236423169825,-130.09113401447823,234.58381672025357,23.93089792776436,220.21349051306126,175.95414796485016,78.60381613492585,111.36369932686196,-35.84221335937426,-468.68998821245606,100.73238127755394,-346.88895487053446
17.236658981431678,-65.7462310117957,119.74939895615049,-800.9518793147427,600.110956052483,289.14157683191144,197.3424553687597,110.08515146891449,-51.65436195814371,305.4119460146821,-160.82544612282356,-257.33305374989874,-317.9431363302681,-11.229107427837242,-346.9934664919694,-436.7232124388445,122.82056009065857,130.3119360719537,-15.869954101687137,932.0307211394482,172.51043478937774,73.04869942806047,477.0299928329785,-230.5154392177397,48.58698632175651,-127.51188256185003,550.6090073456664,180.1995227061376,-337.1318794989601,-405.3513820654912,31.01798251304368,509.95709814715246,-647.0467495440762,12.94304920567503,481.0874858946669,131.68491422602787,214.45302015690035,108.03901930523593,-119.52758766438431,529.9300628511282,-84.88920948257902,10.774788613158737,-315.84694295674086,-142.0495815453422,207.02144734713738,-136.9642244971618,247.55664045422847,25.42206618282996,231.7026786309563,186.26472989589902,82.70292612018228,117.48321497315709,-37.31486183628639,-494.44243138679303,106.2264488466945,-365.623410621304
-2.0312305994069892,8.058328922281623,-14.606725806684233,98.24350505216543,-73.5345108010708,-35.50059420598863,-24.211248402277775,-13.378719598496327,6.137769772668241,-37.54125389860935,19.770772910569427,31.31205665875502,38.90327446615392,1.3783002227599885,42.495941621828656,53.561426687997105,-15.160503382835557,-15.869954101687137,2.005038242250408,-113.98693889182645,-21.253827458432347,-8.997581369687103,-58.47451479137758,28.045141277973638,-5.893482750388102,15.590557304765168,-67.42918758409749,-22.08159926906113,41.3070550125669,49.68473686737248,-3.8924136025242797,-62.446223909562335,79.17431412060422,-1.5629489188669035,-58.824027291815185,-16.089783080763528,-26.129406028899645,-13.100845879729832,14.549559955457179,-64.92543781348755,10.290519513115704,-1.289195831178172,38.7872142069964,17.48271890031933,-25.54072249281024,16.774047439072962,-30.304781200872707,-3.1395651280651844,-28.43595380897982,-22.69280974610767,-10.16430681358816,-14.361796414442969,4.585227924673649,60.51008285934449,-12.986315944465927,44.942813785781176
119.86478355110025,-473.1322459319081,859.9813723280752,-5762.151504209488,4313.616478503373,2078.442735750428,1416.7648301778574,789.0714873789816,-367.90032420110947,2197.13598062889,-1159.9831138380962,-1844.394153507086,-2284.70792824608,-79.02370721151584,-2496.5440321724145,-3141.934597122568,883.1866802087011,932.0307211394482,-113.98693889182645,6697.680133215075,1245.2437962839615,528.2948422736628,3433.741129127171,-1653.4209683967058,349.3338651294743,-919.46622321443,3954.0128018514015,1294.93404590987,-2420.1521165507706,-2911.249758030182,225.1850659861769,3665.114345280098,-4647.726939118831,90.19946749339978,3453.436635585937,944.7466822774259,1538.7450626899886,774.2536041216397,-854.0829631353477,3814.858801474327,-607.3480001098762,73.37154629674485,-2274.270706447267,-1023.2891364596737,1493.1682749948827,-986.7150951519109,1778.327073709465,181.56307767212834,1668.5853155247669,1335.4318682597334,594.7775531132141,844.8158633574677,-271.6221324679795,-3554.0470457610513,764.4089153118637,-2626.5550181049775
21.566917857086946,-88.18368970018058,159.70706893286885,-1072.7133200986405,802.3734694198112,386.6342134243802,263.3104991197108,146.22540019099648,-67.5848992131046,409.1907852994619,-216.46200826028877,-341.84220649571006,-424.77226528548437,-14.468396057739866,-464.70809029197795,-584.951908555217,164.5364344291211,172.51043478937774,-21.253827458432347,1245.2437962839615,232.64606178935867,98.92516189357643,639.4752436761081,-306.65344873518757,64.8702712730126,-171.4415844485449,734.7546429745082,240.79753461552323,-449.5678610802171,-541.1185102216409,42.39140692003853,681.6033464101084,-863.7571541606275,16.262765676682626,641.3688458132231,175.31121725022226,285.57434926450776,143.387178643173,-157.9424515869311,710.5796386663671,-112.40515715423238,12.895151994926058,-423.8232200181916,-190.7050518472649,278.7756099754956,-183.83952359295228,330.57509842035984,33.54125366573422,310.92279782243907,247.6951250161015,110.77437910482554,157.1382358171378,-51.09623437866896,-660.939086504453,142.24696649331554,-488.5051454807383
9.030194584470589,-37.52087336892343,67.69634755915725,-455.3168403111526,340.4495481033587,163.96917255550593,111.67498473558057,61.92252297213137,-28.512125448807932,173.73587445412903,-91.963753366278425,-144.77461113919696,-180.18756997681027,-6.11312207725221,-197.2475859542207,-248.31487748064322,69.872529597078,73.04869942806047,-8.997581369687103,528.2948422736628,98.92516189357643,42.168532648405176,271.4727667199158,-129.92961587891898,27.48815620647847,-72.84367768986742,311.55283925050827,102.14069203551136,-190.54780324685163,-229.47673942293886,18.090728068989847,289.18012403630786,-366.28959185864613,6.767318569701952,271.879953487656,74.25229900646234,121.06661311198849,60.687491788873785,-66.85005972623752,301.7883986575276,-47.62937523373829,5.266198988303965,-180.01113689254714,-80.90257215212885,118.45078945677696,-78.0451564781428,140.2316565804943,14.113284764056923,132.03310034385365,104.99509609689544,47.06247008997028,66.67359718650174,-21.814333239728896,-280.4002365151306,60.353285222186564,-207.21318921601193
60.71431717705526,-242.70002173847203,440.76506626805065,-2955.425495193406,2211.789772177238,1065.771472907924,726.167466596021,404.1272835733794,-187.91375357396322,1126.9764362086783,-595.4983282767795,-944.625720125867,-1171.3160390400278,-40.23565599159371,-1280.4745287111389,-1611.5214776963414,452.9967124575998,477.0299928329785,-58.47451479137758,3433.741129127171,639.4752436761081,271.4727667199158,1761.475068034698,-847.0273987183391,179.0861279763769,-471.92302453949713,2026.7223556710703,663.9121900520515,-1240.3716943162622,-1492.325030308064,115.91299544392548,1879.1602635579547,-2382.4545564345367,45.74542315059606,1769.8424442419057,484.06545732070407,788.4054731499323,396.48810603887085,-436.989979936514,1957.028448008541,-310.85201263363115,36.896047318517844,-1166.8649738865313,-525.1155795212115,766.6120251557473,-506.3012969146101,911.6182163839181,92.9062661697845,856.1216963296707,684.0543012861386,305.04936376907665,433.2079471637109,-139.86447063295392,-1822.2594550401236,392.0668065635884,-1346.5942032179817
-30.00222565020406,116.59285655973318,-212.47234796377833,1421.4573246046748,-1064.5198267807023,-512.8999782022487,-349.6824687446161,-195.1675735553627,91.47542046114225,-541.777869401671,285.8784842409323,456.09842650151256,564.0104225991705,19.572863754930648,615.989952119694,775.0469322257213,-217.64703220025183,-230.5154392177397,28.045141277973638,-1653.4209683967058,-306.65344873518757,-129.92961587891898,-847.0273987183391,408.76812136380863,-86.37581003011846,226.76173790121072,-976.2364137121283,-319.6157658995159,597.623938359487,718.6437619676556,-55.194333312605806,-904.6106627823418,1147.5581466344747,-22.560411127901563,-852.9606625635529,-233.46756251486926,-380.2315696580706,-191.6099117573669,211.31220730623363,-940.9096725375329,150.25462702347608,-18.55588017665271,560.7313024913262,252.35143680119575,-367.7968005186278,243.40998571282057,-438.9867915811672,-44.957004886612374,-411.46497564105516,-330.0391231062864,-146.62774593830983,-208.5435485008771,66.73548076061489,877.2758239114,-188.68471499172682,648.0356400541417
6.23981397087353,-24.605368827113153,44.914418958684415,-300.3734865708239,224.86464465891564,108.34330972323234,73.78292067945462,41.23795080998334,-19.344267774923274,114.41015417585396,-60.49327433140452,-96.3354399274184,-119.15943630566842,-4.060049363958334,-130.21757029427593,-163.7721767161543,45.89832433925215,48.58698632175651,-5.893482750388102,349.3338651294743,64.8702712730126,27.48815620647847,179.0861279763769,-86.37581003011846,18.303359795072485,-48.01941941640183,206.1467137624574,67.51067522146238,-126.17956623853118,-151.729423894512,11.667404531396034,191.09943798064774,-242.4046805085709,4.699309078932043,180.13807047222224,49.316077881166514,80.31764282554114,40.51145123028394,-44.5164208278809,198.9108205555083,-31.693066719693,3.8299841451748575,-118.50889527228458,-53.37921890224549,77.7665753680466,-51.51401685602981,92.70644640251668,9.479025945308761,86.99495384950261,69.66934279276995,30.94164239417372,44.08969019224785,-14.19715078176168,-185.37470296462953,39.91911424973802,-136.7544423899475
-16.069693110869654,65.00807058964239,-118.03147511963876,791.5186653927925,-592.1918553909679,-285.2940067638432,-194.28005931273762,-108.17141568630493,50.28695872594798,-301.737246007817,159.6394291590471,252.79596084495597,313.6256609667972,10.655774086219234,343.01769802444187,431.6060214223871,-121.19350517100122,-127.51188256185003,15.590557304765168,-919.46622321443,-171.4415844485449,-72.84367768986742,-471.92302453949713,226.76173790121072,-48.01941941640183,126.58115450530866,-542.437716660781,-177.73575247843692,331.90353482009584,399.3871591530289,-31.086957052060715,-503.1440654238214,637.7912937435037,-12.086671366933114,-473.69264531341105,-129.53848822167146,-211.0600213669421,-106.14845928010426,116.76206122408757,-524.3606993490368,83.15105347465104,-9.645887163689274,312.59163928884647,140.6736757721951,-205.4167959075499,135.71703024772614,-244.03527552661237,-24.779231073147464,-229.3808609918579,-183.0548629052432,-81.66016256700833,-116.04674595569892,37.65835405743541,487.97709233790295,-105.06286568046406,360.29565373871736
71.07385328799265,-279.2131675819243,507.7150632211665,-3401.504072960435,2546.6921097288746,1227.2568466567259,836.6853673566424,465.94038372612687,-217.27577783629846,1297.1246633806757,-684.5056928386441,-1089.1731174632162,-1348.8461073875276,-46.83367932104102,-1473.6132225524439,-1854.7017503561049,521.5514144517532,550.6090073456664,-67.42918758409749,3954.0128018514015,734.7546429745082,311.55283925050827,2026.7223556710703,-976.2364137121283,206.1467137624574,-542.437716660781,2334.804959742512,764.5632475982583,-1429.2462285000706,-1719.0920446577197,132.83749390644664,2163.812347197369,-2744.1820746828985,53.56330736853454,2039.2260886722058,557.9359280938604,908.5028781135305,457.1731224744483,-504.64361041134134,2251.4921432282,-358.6714254651624,43.777509747239954,-1342.3606571253915,-604.0769136580614,881.2774214015658,-582.2911998572495,1049.9679022277915,107.42549798326066,984.8277798490158,788.5665298935864,351.1344774108288,498.67215406972906,-159.97848988558374,-2098.141212232721,451.16217409504316,-1551.123217845387
23.16398157848475,-91.47287274732844,166.25368570774071,-1114.1787075400987,834.0766772919304,401.9374965524385,273.98003147007466,152.52911376906056,-71.05182667581009,424.88882274649507,-224.29609589767605,-356.5499362825139,-441.7417299364602,-15.295809503037699,-482.6917316364885,-607.5222448422071,170.8356412471824,180.1995227061376,-22.08159926906113,1294.93404590987,240.79753461552323,102.14069203551136,663.9121900520515,-319.6157658995159,67.51067522146238,-177.73575247843692,764.5632475982583,250.3929999849797,-467.9963228128313,-562.954002178195,43.57553796800779,708.6619801235602,-898.6491133138543,17.457986719916683,667.7273905992109,182.66990192049886,297.46309544291915,149.65026236543196,-165.1330576416314,737.5657189454539,-117.39045505933571,14.213876197360808,-439.76157672762037,-197.89683391635847,288.778493017981,-190.76523865796617,343.8471560418072,35.14118380890322,322.63310042731024,258.1669166889558,115.01779553324614,163.3285791596863,-52.493028818686966,-687.1614451356817,147.7799943614875,-507.97534807594775
-43.60010778177614,170.82748581120143,-310.791290556096,2081.8589958434313,-1558.7741794135857,-751.2524605781134,-512.1785415871926,-285.2582362594359,133.06951425470376,-793.8867242330522,418.87043514590835,666.8197691198912,825.6162530009684,28.703354323406252,901.8856233996531,1135.1307204890013,-319.2262044524614,-337.1318794989601,41.3070550125669,-2420.1521165507706,-449.5678610802171,-190.54780324685163,-1240.3716943162622,597.623938359487,-126.17956623853118,331.90353482009584,-1429.2462285000706,-467.9963228128313,874.9786887351495,1052.3304426140678,-81.24556803361142,-1324.4305020013314,1679.7856837466538,-32.89591891240202,-1248.3408570977901,-341.5908898186946,-556.1222144045204,-279.9035444778189,309.0140837368969,-1377.833635851517,219.5715729717952,-26.96463682236166,821.4952008524048,369.7517275786484,-539.3036458116087,356.3518790684807,-642.6859947789246,-65.85118969395948,-602.7011983941526,-482.7258020280701,-214.8900117325226,-305.2109523909628,97.79735151368035,1284.224795442143,-276.12782316170666,949.5145849615392
-52.27643047699025,205.62936894071223,-373.77289116248954,2504.66475189295,-1875.1758885208037,-903.6657630679863,-616.0903634846575,-342.9778999908725,159.82058184925737,-955.2063308043537,504.0582412046285,801.7739790915015,993.1298316128348,34.49759128870414,1085.031000976122,1365.699033038999,-384.1280880587286,-405.3513820654912,49.68473686737248,-2911.249758030182,-541.1185102216409,-229.47673942293886,-1492.325030308064,718.6437619676556,-151.729423894512,399.3871591530289,-1719.0920446577197,-562.954002178195,1052.3304426140678,1265.7893256982072,-97.89149669492087,-1593.2196352723395,2020.4657026792856,-39.4034624033468,-1501.3803689726292,-410.751815432415,-668.8326432221343,-336.491440270054,371.5053430998558,-1657.8564514607674,264.0265251160776,-32.177213867733975,988.4916671829681,444.81149697482095,-649.0286927555701,428.73369462568803,-773.0901190355434,-79.0810230512506,-725.1835237934689,-580.5434570897021,-258.59056281205204,-367.1522289956988,117.81709819940933,1544.8285253269603,-332.16464168454974,1142.215826258761
3.727136500823443,-16.031349213543628,28.805901651555885,-194.43284180125667,145.26489612959836,70.01863521455702,47.65745548222291,26.281692360180287,-11.933853351006773,74.27294626618752,-39.348755921972774,-61.48360253799048,-76.8187928341075,-2.593442233558241,-84.17004605636522,-106.0364375342666,29.929529992390282,31.01798251304368,-3.8924136025242797,225.1850659861769,42.39140692003853,18.090728068989847,115.91299544392548,-55.194333312605806,11.667404531396034,-31.086957052060715,132.83749390644664,43.57553796800779,-81.24556803361142,-97.89149669492087,7.838419903122286,123.34241287227661,-156.12923124085776,2.823778419911571,115.81418540040633,31.6049005659403,51.4802576836631,25.723665663957338,-28.36815660958342,128.84726745253533,-20.185794130122936,2.1551877368517,-76.94631018642902,-34.607788962605966,50.7693815925098,-33.31598147522915,59.7933527065678,6.018282179162122,56.41874786019695,44.633870126616976,20.120855004836052,28.41922651934648,-9.36663191306531,-119.56488092335988,25.729779314796886,-88.5267602028104
65.51206358682876,-258.94427860124676,470.5489712081853,-3153.4952974938096,2360.664723666237,1137.5107677586323,775.3752182863785,431.693290483921,-201.1114966008372,1202.5450893026125,-634.8769826814563,-1009.0976784491125,-1250.259175371234,-43.25723194682147,-1366.22527326683,-1719.5078921398465,483.4672281442974,509.95709814715246,-62.446223909562335,3665.114345280098,681.6033464101084,289.18012403630786,1879.1602635579547,-904.6106627823418,191.09943798064774,-503.1440654238214,2163.812347197369,708.6619801235602,-1324.4305020013314,-1593.2196352723395,123.34241287227661,2005.7175972276486,-2543.3673040798653,49.33230729676621,1889.766078633671,516.9561270230666,841.9226886915098,423.5480511313278,-467.3008066052355,2087.716086966209,-332.25852096285297,40.10927237469451,-1244.716779366892,-560.0719888874019,817.3407947391289,-539.9694830572622,973.1735112843899,99.37610130290255,913.1958477227353,730.6834629927,325.54165135038704,462.29136902458816,-148.66209534848224,-1944.889079563042,418.28793595742036,-1437.5672438935615
-83.41397753598419,328.1849663475527,-596.8264482286381,3998.257377747338,-2993.3693398378,-1442.4482857925034,-983.2916318421642,-547.7036977228225,255.46961191872333,-1524.5595037057324,804.7096842323348,1280.23537676878,1585.4719806713852,54.937102339047854,1732.2465618410497,2180.0917432639353,-612.8813815124712,-647.0467495440762,79.17431412060422,-4647.726939118831,-863.7571541606275,-366.28959185864613,-2382.4545564345367,1147.5581466344747,-242.4046805085709,637.7912937435037,-2744.1820746828985,-898.6491133138543,1679.7856837466538,2020.4657026792856,-156.12923124085776,-2543.3673040798653,3225.4957638013666,-62.839311598593476,-2396.8360728400144,-655.77900434064,-1067.8990355359122,-537.438453663681,592.9939508288695,-2646.7009534547797,421.55949551919974,-51.28738911404172,1577.8981842622586,710.0827342691088,-1035.9061774934687,684.5725059859453,-1234.101735194706,-126.1935101627516,-1157.6779894399167,-926.8543492929987,-412.6806753110305,-586.2070331165564,188.20897177302734,2466.260945386783,-530.3946082112257,1822.9027555127755
1.9625639749857327,-6.265341500971124,11.647762937270848,-77.0603208225575,58.012286140756835,28.004895446058455,19.215812894432926,10.821974790810689,-5.252231786293794,29.37311109836514,-15.252871561962472,-25.305650750287672,-30.78991977735418,-1.203678161576217,-33.356986586477596,-41.994432664021915,11.841477571299356,12.94304920567503,-1.5629489188669035,90.19946749339978,16.262765676682626,6.767318569701952,45.74542315059606,-22.560411127901563,4.699309078932043,-12.086671366933114,53.56330736853454,17.457986719916683,-32.89591891240202,-39.4034624033468,2.823778419911571,49.33230729676621,-62.839311598593476,1.493198713931734,46.9046451215344,12.903978023448087,20.925642308176993,10.642619252725014,-11.936771777220128,50.719362068591074,-8.392609107638672,1.3974327582030923,-30.208468371472275,-13.618928076545743,19.645562578312607,-13.080534706970246,24.010986947250963,2.5992398894929694,22.15903159506418,18.246547738964527,7.949241509320503,11.329655973916937,-3.3281840911019462,-47.8043602264693,10.212105547058378,-35.50193246729186
62.260013115964426,-243.7590959329476,443.5340083261436,-2970.3459254558697,2224.0676444959886,1071.754272757386,730.6854240121497,407.1466628327529,-190.12034375805115,1132.5619038899574,-597.6240647746768,-951.6776471529993,-1178.0749625573278,-40.91406493067825,-1286.9109734931885,-1619.594526141684,455.2899799307923,481.0874858946669,-58.824027291815185,3453.436635585937,641.3688458132231,271.879953487656,1769.8424442419057,-852.9606625635529,180.13807047222224,-473.69264531341105,2039.2260886722058,667.7273905992109,-1248.3408570977901,-1501.3803689726292,115.81418540040633,1889.766078633671,-2396.8360728400144,46.9046451215344,1781.241375618913,487.4133470711365,793.6778198356841,399.54914424830525,-440.9564451528206,1966.0671329083752,-313.42276032217546,38.42223004245638,-1172.0625433286168,-527.4665086498122,769.2906363952231,-508.5086758143182,917.0149436078294,93.87368627585553,859.9321176275772,688.9110634158429,306.5663276203955,435.5441361897224,-139.59856547294652,-1832.4702695099868,394.0504501092488,-1354.4808406889647
17.099861509409617,-66.61037355478506,121.38197802733944,-812.4227487950045,608.3778684963883,293.21046528954,199.88552758650903,111.46413055352811,-52.13751793417618,309.71155108204107,-163.41174828419744,-260.5197243687833,-322.2927142873754,-11.194658181010741,-352.00183082283104,-442.958402837629,124.47655288637075,131.68491422602787,-16.089783080763528,944.7466822774259,175.31121725022226,74.25229900646234,484.06545732070407,-233.46756251486926,49.316077881166514,-129.53848822167146,557.9359280938604,182.66990192049886,-341.5908898186946,-410.751815432415,31.6049005659403,516.9561270230666,-655.77900434064,12.903978023448087,487.4133470711365,133.41643337857454,217.18934784721225,109.41261514576038,-120.71535129789798,537.6552268585666,-85.78196092560064,10.625302293457514,-320.49646179089643,-144.29485877523427,210.32071525544248,-139.09103001892998,250.86321274446425,25.744685816720178,235.16924652546928,188.52028406777896,83.81206444354414,119.15145915895263,-38.11904698520063,-501.303872339998,107.80601809282885,-370.5036286065042
27.84789551547219,-108.60019153934779,197.66787494509381,-1323.1261495102408,990.8006142793039,477.35776712289453,325.48275357023783,181.51466092952774,-84.93324247804165,504.40397738987815,-266.14455576002666,-424.2336516633153,-524.8880854526168,-18.2325253747604,-573.3270522277477,-721.4514346990883,202.69756295105495,214.45302015690035,-26.129406028899645,1538.7450626899886,285.57434926450776,121.06661311198849,788.4054731499323,-380.2315696580706,80.31764282554114,-211.0600213669421,908.5028781135305,297.46309544291915,-556.1222144045204,-668.8326432221343,51.4802576836631,841.9226886915098,-1067.8990355359122,20.925642308176993,793.6778198356841,217.18934784721225,353.76347506143867,178.15944885206278,-196.57419313918626,875.8738956231297,-139.77462415379014,17.155902313685555,-522.0350148146607,-234.86900365885717,342.48541439822776,-226.53612319549666,408.5613708342077,41.78193219128841,383.0295254531604,307.07437103870393,136.5410436983679,194.0695825367229,-62.16797790529607,-816.4358826716784,175.57610466953017,-603.2381937051912
