V1,V2,V3,V4,V5,V6,V7,V8,V9,V10,V11,V12,V13,V14,V15,V16,V17,V18,V19,V20,V21,V22,V23,V24,V25,V26,V27,V28,V29,V30,V31,V32,V33,V34,V35,V36,V37,V38,V39,V40,V41,V42,V43,V44,V45,V46,V47,V48,V49,V50,V51,V52,V53,V54,V55,V56
4.351540247241108,5.4703083687772125,2.109554081595883,-2.3744657775412197,-2.364311245941003,-1.01365399057827,1.1264283186712023,1.1964314552184308,2.5941101745801998,-0.8803444826288876,4.552982129101108,4.427621156177922,-2.8958042198367577,2.629142925881851,-0.8326592157540283,-0.5943594677340349,0.7183571147380245,-1.880945469138809,4.959767382487647,0.4565200850231651,1.2963198232422204,-2.269614210420568,1.8796697190254448,3.1527020687387934,-0.44070450910994785,4.159358014485054,-2.0755627066571503,2.2547441730036057,0.14286799134319988,1.5892748739232665,0.13762269350131562,-0.6753402696879048,1.5761355151298495,-0.5237683924210446,-1.6922792938725792,-0.23091934825403224,-3.39611118089408,1.8977529173596628,-0.47148993181795834,-2.1632378670340384,0.5381713537611311,1.1786062522129928,1.4672419345968535,-2.567814814560308,-1.6207237155849679,-1.5736729895640806,6.269189505959665,1.6929575500860126,-0.052566850536247094,1.1377925376705704,-0.0561445795740352,0.5822281106418589,0.6586740395609264,-0.3077246090128357,2.4703168269023172,2.4893966101343756
5.4703083687772125,10.877680609352247,0.6161937768253807,-2.123373686839201,-4.073341398972948,-6.236115773088431,3.9917545007113278,5.542326802869634,5.848049045531558,-4.272452691650234,10.431698512788468,9.655926703329406,-2.9476486068896817,8.175434185152309,0.21493564692794553,-2.1101704264068073,1.7497131006232904,-4.051447294540512,9.825776678390385,-0.3316536147057655,-2.323433966922234,-6.629606521851404,4.263939703309212,2.88280921455369,-0.5868694386515019,9.660600448378702,-4.59164812600142,4.954127992682938,3.573520859477351,2.279977391633642,-3.523435771061135,-5.149999183141437,4.41092852842943,0.5339480570114026,-0.8950999800585389,0.7736558549064313,-3.1681145612465094,0.6526415673831067,-4.7991427534942535,-6.634245444809501,0.6865684111361514,-0.8879186528400612,3.9374167429786016,-0.44091871584362585,-4.353159374276024,-3.578684380719587,10.378839184251701,2.836211514287848,0.6668188304411837,2.7047853924281973,1.056753656655667,-2.6298932304317244,2.503510323455017,-1.6964375757074852,3.4351654816250536,3.2371664029497107
2.109554081595883,0.6161937768253807,2.0589762899978656,-1.5895885413435045,-0.5858906992683179,2.033833562990562,-0.7645971883782209,-1.4748817238940046,-0.05862453117201564,1.1843142159735192,-0.1886278154514377,0.06525853607862309,-1.756225458291414,-1.204053720198096,-1.0457820728260272,0.40533140131948064,-0.08240152215388284,-0.053330439744944363,0.5773514570892296,0.6824406007600909,2.6400913961833448,0.8214441033461628,-0.0563945290730666,2.0781199711198006,-0.19726554211364913,-0.23889478202613545,0.002517315148912482,0.014726340351586953,-1.6575462268667005,0.6270150601087147,1.9475088050876352,1.8610865847193299,-0.47232919461214257,-0.8606917137082173,-1.447785541298341,-0.6531730259732402,-2.2065776218704576,1.8021400050238359,1.912123704647072,0.9435171267080229,0.255497968279598,1.7768091374986066,-0.3538374291298475,-2.6629570850847735,0.39291855979012386,0.05154282494173233,1.7681300996803802,0.46066448635882096,-0.3983772754406679,-0.09678684859371688,-0.6010994334439433,1.99323737764437,-0.5333065348781274,0.5172027434855315,1.0301447185467991,1.1521234856798714
-2.3744657775412197,-2.123373686839201,-1.5895885413435045,1.4812078700127473,1.0529874481581263,-0.5155063836542241,-0.05996798882908375,0.21679379811601948,-0.8584437798474231,-0.20141679812262553,-1.470471363877594,-1.535213718199856,1.7292733797741096,-0.3857217217926279,0.726076082255438,0.030821658454021725,-0.2096929081117499,0.663053541283846,-1.9331013188780275,-0.4441919630731584,-1.558665267649074,0.42517028746064683,-0.616213993648844,-1.9529682249826965,0.233478384271334,-1.3151749739355871,0.70564846888278,-0.773917272150322,0.6528718374940206,-0.8064803930117488,-0.8710828248054866,-0.5576879516885004,-0.33680292664725436,0.5425842663324819,1.1888599233280046,0.3550842670541792,2.090225398235441,-1.4088005592939534,-0.6486317572184678,0.33730565937317825,-0.29142977732299635,-1.1533249701762438,-0.3498728163859249,2.001328437866641,0.3856153129064054,0.5140305056535335,-2.882935765642195,-0.7713644107708578,0.18650231570106157,-0.3464283147086104,0.2734604363445114,-1.0417342041803774,0.001412036718667395,-0.11410434253632891,-1.2770322203479654,-1.335193925356281
-2.364311245941003,-4.073341398972948,-0.5858906992683179,1.0529874481581263,1.5876669130605978,1.9163837434811317,-1.3209276303870372,-1.7615008370508676,-2.121461258595516,1.3496222523058627,-3.7695714533822517,-3.531318764158757,1.382732490076631,-2.7689373860931803,0.10516065950459486,0.6980657380607335,-0.6233274328607114,1.486254695182437,-3.6830790006617415,0.0011926257827972033,0.3836553353900249,2.272532372367894,-1.5444878421088886,-1.4155831406226307,0.24848834341055503,-3.4796668414220715,1.67333671156284,-1.808458933829703,-1.0117202983366294,-0.9411384777243399,0.9425836789565419,1.550688407327911,-1.5250419902014953,-0.043596141713901956,0.5803082715741386,-0.16735956749177627,1.5421418895247543,-0.5541261313179086,1.4138981825310168,2.2528174981105056,-0.2951674812540669,0.011789265699659107,-1.3732298538151837,0.628087979628805,1.517942441108252,1.2954997168308702,-4.093700505596681,-1.1146889356194594,-0.1731523702288031,-0.9689607712296582,-0.279769064479219,0.6089219405238232,-0.8190163988203277,0.5276314069815032,-1.4329405321128617,-1.3822129704400923
-1.01365399057827,-6.236115773088431,2.033833562990562,-0.5155063836542241,1.9163837434811317,6.390359300587238,-3.4568583464541214,-5.2870568813088115,-3.812484468099229,4.131530088404514,-6.899812453990246,-6.103816634702871,-0.18440687401471226,-6.6531193715213695,-1.3709257143725768,1.8287504770369587,-1.2171722021535276,2.5304471521406464,-5.608598858555549,1.0171341834129992,4.600829103514688,5.2123962356845395,-2.7958708897857756,0.6055373614894344,0.14300548232921179,-6.465513581943153,2.9420915518112367,-3.1537759241853895,-4.242241921175358,-0.7199464922040458,4.5521504460420354,5.491395955351132,-3.3804883000621415,-1.3568384931351478,-1.1344964503588593,-1.2655356105659594,-0.5744081779243468,1.7076012882126566,5.327008760344304,5.35933419783333,-0.13815743824597398,2.6638330982815037,-2.937649255536218,-2.8583236190816694,3.249859374451652,2.351511557062053,-4.558273953689153,-1.2721768386318437,-0.8966576419384734,-1.845482085741989,-1.3853409401037888,4.034130002406339,-2.231458172373166,1.6958561648496606,-0.9839496433185052,-0.7133583003697284
1.1264283186712023,3.9917545007113278,-0.7645971883782209,-0.05996798882908375,-1.3209276303870372,-3.4568583464541214,1.949801603899179,2.909502513870382,2.3369314760322015,-2.2660085886799495,4.209638913778096,3.7791885066592448,-0.30369451634154454,3.8161149546411366,0.5967341815637311,-1.031311926993053,0.7309812304827832,-1.5729413669923338,3.595583425572035,-0.46488587212267296,-2.209381691080171,-3.018762821158167,1.710483227930031,0.12053667419629176,-0.13515162187570423,3.9298916150523873,-1.813541313947037,1.9482198990529533,2.221893069748341,0.5929834097407708,-2.3440551823190363,-2.9437334319297417,1.97214876515977,0.6320619113135583,0.35534015812904274,0.6251369625432899,-0.1702458037414454,-0.6245165838622672,-2.8301508183025357,-3.080327136633251,0.14584151592015474,-1.2203113773679304,1.7272506405768593,1.1295601292858457,-1.9104446027341255,-1.4377009551120377,3.2309195269620474,0.8939823074534993,0.45821283831623166,1.1149756663597277,0.7112853287627096,-2.0136502754913117,1.2491719236514987,-0.922755236851391,0.8516509220917159,0.7137353912653084
1.1964314552184308,5.542326802869634,-1.4748817238940046,0.21679379811601948,-1.7615008370508676,-5.2870568813088115,2.909502513870382,4.404984490584795,3.324343294904946,-3.4374671212043624,6.0040008004428165,5.345541698030152,-0.09707952899582639,5.6388443847992695,1.0445665114352036,-1.5391205531747763,1.0520252866051527,-2.219881388546262,4.988027813908025,-0.7886079128277688,-3.633610657243985,-4.43580540524006,2.435685020362079,-0.22370697915428978,-0.1542172659267398,5.616929580323249,-2.5716313808077524,2.759336110979281,3.4648486555407834,0.7216640393208464,-3.693092157762982,-4.526866360898528,2.885669163113519,1.0595233997296578,0.7786185760834902,1.0103389342812878,0.17763590655782313,-1.227539069210616,-4.375461383542076,-4.5462492075318695,0.15819879072252196,-2.0675253591013893,2.515965060374235,2.1070824207219143,-2.7830873024369565,-2.048071961017255,4.244889708395209,1.1800094408238933,0.7252807998420515,1.5991573832015662,1.1225141388666524,-3.233258169407901,1.8722641398069801,-1.4064398404539304,1.0118902359898594,0.7931578398056472
2.5941101745801998,5.848049045531558,-0.05862453117201564,-0.8584437798474231,-2.121461258595516,-3.812484468099229,2.3369314760322015,3.324343294904946,3.219191069473422,-2.571724118142519,5.758414884502475,5.283989865215174,-1.2784190543478604,4.716375880983392,0.3193816198131317,-1.235633006247756,0.9757097353139695,-2.2120168226865764,5.278525849584514,-0.31331296158621397,-1.7831720009091232,-3.794812874237344,2.349663396532363,1.180833248957306,-0.2840185569933871,5.345121965903726,-2.5191617992178146,2.7147418439072006,2.279661605094186,1.1298457078619863,-2.308048318451453,-3.183598257380597,2.5105017839743007,0.45873125409400106,-0.2121207119296998,0.5502966081057037,-1.3125543052502546,0.010817125706312956,-3.0008583610578743,-3.820848132090133,0.32726784210804233,-0.8295487906177552,2.227929843669421,0.2713291555488007,-2.4634690013308846,-1.9729277327165013,5.3523675608418975,1.4670479496542315,0.44255299801309606,1.5023558513603532,0.6954127115327382,-1.8265652810035249,1.4760037909860233,-1.0302150312823828,1.685903372641924,1.553711391946529
-0.8803444826288876,-4.272452691650234,1.1843142159735192,-0.20141679812262553,1.3496222523058627,4.131530088404514,-2.2660085886799495,-3.4374671212043624,-2.571724118142519,2.683227450927535,-4.6466211649585665,-4.13204437907647,0.037799017463800016,-4.385911386870682,-0.8299572892957716,1.198696613301751,-0.8151662783830042,1.715432812486034,-3.8446741134823244,0.6243967492833045,2.8657968983895694,3.4474405432128434,-1.884688107472239,0.21709412510774348,0.11494391059533503,-4.348395381023611,1.9885427921852288,-2.133247891350829,-2.714320815360226,-0.5446742358102267,2.8969833568770653,3.5398775307847066,-2.241411370767485,-0.8375635078371777,-0.6329307406671603,-0.7950580899919711,-0.1841743887232757,0.9875595836957844,3.424006135168032,3.5354660130444513,-0.11700091713115576,1.6363378617140727,-1.9530250549264365,-1.6858169329576276,2.160445522672563,1.584782498827748,-3.244821220916942,-0.9025866970404657,-0.5692670067312469,-1.2385523346071483,-0.880827006178131,2.5425471825660453,-1.4590653869550458,1.0985077045216909,-0.7604452232002195,-0.5887977927974851
4.552982129101108,10.431698512788468,-0.1886278154514377,-1.470471363877594,-3.7695714533822517,-6.899812453990246,4.209638913778096,6.0040008004428165,5.758414884502475,-4.6466211649585665,10.304262495359486,9.445579454160132,-2.214792667246777,8.482369856347095,0.6135714969569566,-2.225770275266585,1.747849701432445,-3.9532227009127654,9.414934247056255,-0.5881687680215292,-3.295607270590911,-6.818792756348551,4.203926420290301,2.0272282496257787,-0.4995786876540246,9.567318368010776,-4.50453118486984,4.853376989005909,4.1432663577278195,1.9947567788908434,-4.20581714358859,-5.767907515047163,4.508240646482319,0.8551692110686671,-0.32031252730093496,1.0103245089953181,-2.2576045936779914,-0.053945580112230815,-5.443503338746067,-6.870372306279402,0.5750623455737416,-1.555085322882973,3.99818148657301,0.5930390076908653,-4.4210220105825515,-3.529900451924263,9.498850273337197,2.6043639503800637,0.8074367355230805,2.6901487851206176,1.2680155679168728,-3.3471149446089457,2.660876824160084,-1.863073084033289,2.9724907853437617,2.731359158706173
4.427621156177922,9.655926703329406,0.06525853607862309,-1.535213718199856,-3.531318764158757,-6.103816634702871,3.7791885066592448,5.345541698030152,5.283989865215174,-4.13204437907647,9.445579454160132,8.686052070165443,-2.2383802645116093,7.653987305306789,0.4425782947546655,-1.998062502173365,1.5963727003260584,-3.6383437642749787,8.717233537995739,-0.46131412558478935,-2.7220980668175083,-6.169860486700296,3.8559625835588918,2.1033422319425252,-0.4818881086859794,8.76265801905472,-4.1384255257193265,4.460955668245865,3.614774078982282,1.9054087810278755,-3.638648823239319,-5.083888273193739,4.087390703640863,0.6860052527232258,-0.46205547861685575,0.8526172296149201,-2.3298858183933784,0.15923807865098544,-4.779888339430307,-6.203101056645575,0.5579366677278503,-1.2229748312844348,3.6324807932584258,0.2363790288151273,-4.016445006890637,-3.237256620794013,8.932271968942345,2.446245480122924,0.695714942452026,2.460477024919184,1.095381345362389,-2.8443473955055145,2.3829958503218314,-1.6518527643062122,2.850462955631896,2.643026820821816
-2.8958042198367577,-2.9476486068896817,-1.756225458291414,1.7292733797741096,1.382732490076631,-0.18440687401471226,-0.30369451634154454,-0.09707952899582639,-1.2784190543478604,0.037799017463800016,-2.214792667246777,-2.2383802645116093,2.0469789028149674,-0.9064845255059608,0.7725158423087454,0.15955680145296525,-0.3314539541086589,0.9596796212160169,-2.6788993362466367,-0.4605381786949759,-1.5469902692917943,0.8565757695231824,-0.9217797206036257,-2.2850662164031657,0.2875578307096345,-2.0006796412124297,1.0380102629738275,-1.1334752001495751,0.4924938645536053,-1.0087626315142648,-0.7315188432300325,-0.29518187392118533,-0.6282701352942814,0.5549701978764275,1.3394537292992728,0.33787101570316563,2.4506330268047827,-1.562885717887587,-0.414433039146862,0.7618400392427092,-0.35642127809147217,-1.194559818534431,-0.6140814962549943,2.191296606291547,0.6776564482546442,0.7701673077849974,-3.7395112151449226,-1.0040213173703283,0.1618639514780825,-0.5365162256250243,0.23250602887579339,-0.9694204474021123,-0.14826940398744357,-0.02193636215461879,-1.5868000539484222,-1.6379449351853927
2.629142925881851,8.175434185152309,-1.204053720198096,-0.3857217217926279,-2.7689373860931803,-6.6531193715213695,3.8161149546411366,5.6388443847992695,4.716375880983392,-4.385911386870682,8.482369856347095,7.653987305306789,-0.9064845255059608,7.517721855204395,1.0329286626066663,-2.0182340800101244,1.4645104811220953,-3.1901338052806776,7.367760513085111,-0.8268991263505705,-4.029127662204035,-5.968581786664046,3.450167710221765,0.589600593824259,-0.3059017618831432,7.908257155796862,-3.6672899240694266,3.9423787971154183,4.21766202102185,1.3035162429476206,-4.416513709998473,-5.6437321604560875,3.910027324939796,1.1351105594880615,0.4780150603508224,1.155486768309037,-0.7115598077946391,-0.9633908357722131,-5.40579080078369,-6.072851658051926,0.3376884191848394,-2.172108434234109,3.4344618120799755,1.8412851297664012,-3.7985414292587385,-2.89911195364312,6.8285356317866786,1.8845070434945284,0.8603811230861363,2.2387432637675113,1.3386812282533074,-3.7410377068476124,2.4376533378215854,-1.7801393977618891,1.8935410854718693,1.6350854472910106
-0.8326592157540283,0.21493564692794553,-1.0457820728260272,0.726076082255438,0.10516065950459486,-1.3709257143725768,0.5967341815637311,1.0445665114352036,0.3193816198131317,-0.8299572892957716,0.6135714969569566,0.4425782947546655,0.7725158423087454,1.0329286626066663,0.5572448173918683,-0.31606753657642245,0.12948370710482407,-0.17210940860228094,0.18330565137366367,-0.37304096042163837,-1.4947142617013969,-0.7566667364373605,0.23992669165492198,-0.9439735042257734,0.07408312858243356,0.6017753457827681,-0.2280050728325585,0.23692305894796206,1.042889018342834,-0.21517965376627154,-1.1919783233434798,-1.2270951873567568,0.4646325313531528,0.47625751114337844,0.7125398534047815,0.3796510942165453,0.9970485451004737,-0.9097508379535173,-1.2363910066463666,-0.8206891787014067,-0.09971227213224901,-0.9726683383603849,0.3793164132678773,1.3702388430113948,-0.4202491226148316,-0.20360345735186755,-0.41187228849621493,-0.10074622114438683,0.24116813709666512,0.18414682895704734,0.3663365422965574,-1.1716872924812614,0.4023562238532064,-0.35410444062740654,-0.3688318539082182,-0.4424079129625195
-0.5943594677340349,-2.1101704264068073,0.40533140131948064,0.030821658454021725,0.6980657380607335,1.8287504770369587,-1.031311926993053,-1.5391205531747763,-1.235633006247756,1.198696613301751,-2.225770275266585,-1.998062502173365,0.15955680145296525,-2.0182340800101244,-0.31606753657642245,0.5455153344522098,-0.38656073285927783,0.8315738820331663,-1.9007279520292701,0.2461073834592579,1.1695885373104515,1.5965075620326288,-0.9043225813691504,-0.06254305004204472,0.0714137789975244,-2.0778878286191422,0.9588530142415911,-1.030092028933887,-1.1757173006428359,-0.3131839055608696,1.2404601419032524,1.5574588461411212,-1.0429387231256704,-0.3346581892021481,-0.18861899004429425,-0.3309196362194313,0.08873818013554016,0.33114990948010936,1.497364230955635,1.6291067531185288,-0.07690364226089656,0.64626008009068725,-0.9133895179734253,-0.5987359671792439,1.010245062843394,0.7601457326302967,-1.7072137611549805,-0.4724404289243691,-0.2424965805470669,-0.589584043170439,-0.37635642848709716,1.0657020368964985,-0.6607436687005592,0.48816514023185104,-0.44976738235462604,-0.376734470343707
0.7183571147380245,1.7497131006232904,-0.08240152215388284,-0.2096929081117499,-0.6233274328607114,-1.2171722021535276,0.7309812304827832,1.0520252866051527,0.9757097353139695,-0.8151662783830042,1.747849701432445,1.5963727003260584,-0.3314539541086589,1.4645104811220953,0.12948370710482407,-0.38656073285927783,0.29779457921346225,-0.6674295135526372,1.5786467166820954,-0.11615930914812682,-0.6224354520367147,-1.1737731838222107,0.7124772802241756,0.29181456526799243,-0.0797995634349863,1.6244017969075517,-0.7621499486609574,0.820825901354126,0.7418038483244089,0.32208401992057173,-0.7595008460034748,-1.0216272650666756,0.7742623224508338,0.16583658389546255,-0.018712615853388945,0.18705830513360466,-0.32760139662974574,-0.05334839550278615,-0.9678618794199021,-1.1854640634626024,0.09088464887898509,-0.30692084529651115,0.6850532594299772,0.16587908688187053,-0.757504189855277,-0.5984236840597748,1.5634721081988987,0.4293493089631805,0.14641838780056166,0.45755033299581005,0.22921358942903367,-0.6151666814705501,0.4632624012358855,-0.32791701114301763,0.47767658878666464,0.43379082966171106
-1.880945469138809,-4.051447294540512,-0.053330439744944363,0.663053541283846,1.486254695182437,2.5304471521406464,-1.5729413669923338,-2.219881388546262,-2.2120168226865764,1.715432812486034,-3.9532227009127654,-3.6383437642749787,0.9596796212160169,-3.1901338052806776,-0.17210940860228094,0.8315738820331663,-0.6674295135526372,1.5243675039888205,-3.6578576984749516,0.18462501514494167,1.1065047088370492,2.5733892944571632,-1.6141545227525336,-0.9072037326203104,0.2042119162068629,-3.666600729281467,1.7330280105409688,-1.8682570606434494,-1.4927048222316832,-0.8058645709977325,1.4990381990159856,2.1053792166296774,-1.7057476450718392,-0.27637534634390165,0.21176378042169403,-0.3487264218440985,1.0037231786424605,-0.08946434142612933,1.9775201055523888,2.585787896616598,-0.23697269063284426,0.48953149556865877,-1.5167473390588186,-0.06518811739206808,1.6770784373211631,1.3550501533226336,-3.7630670103558073,-1.0302160136454142,-0.28628406984097104,-1.0291233204733836,-0.45116105139378293,1.1659522010502352,-0.9911911776454022,0.6851951667306507,-1.206675305725184,-1.1214159494976126
4.959767382487647,9.825776678390385,0.5773514570892296,-1.9331013188780275,-3.6830790006617415,-5.608598858555549,3.595583425572035,4.988027813908025,5.278525849584514,-3.8446741134823244,9.414934247056255,8.717233537995739,-2.6788993362466367,7.367760513085111,0.18330565137366367,-1.9007279520292701,1.5786467166820954,-3.6578576984749516,8.875807779647127,-0.2923983875574658,-2.0703357887968643,-5.976233895202541,3.8485561355757816,2.623667618566665,-0.5317929707818249,8.718336394835504,-4.144929658547564,4.47231910249084,3.2088776185284535,2.064600100363133,-3.1606928519785327,-4.629905418922864,3.9769775098777425,0.47317959578896324,-0.822859198981564,0.6916918105843294,-2.882535837480546,0.6076224928758881,-4.3126647539907825,-5.979171695449268,0.6224017772280233,-0.7833152641538518,3.550745677879696,-0.42532988338413713,-3.9256448431851863,-3.230010099809396,9.387279163409072,2.565014297484551,0.5978629392400459,2.4406593856542593,0.9477902467203453,-2.35361711726406,2.2544928930729564,-1.526099130698784,3.1115361053013775,2.934053985908876
0.4565200850231651,-0.3316536147057655,0.6824406007600909,-0.4441919630731584,0.0011926257827972033,1.0171341834129992,-0.46488587212267296,-0.7886079128277688,-0.31331296158621397,0.6243967492833045,-0.5881687680215292,-0.46131412558478935,-0.4605381786949759,-0.8268991263505705,-0.37304096042163837,0.2461073834592579,-0.11615930914812682,0.18462501514494167,-0.2923983875574658,0.2531293149297027,1.030934661693947,0.6167907586714403,-0.2333441210891918,0.575292220710303,-0.0390491946843393,-0.5669454474664045,0.23096414986505298,-0.24307439341234405,-0.7531290878215104,0.1029545686283249,0.8510707250482084,0.9026717518032487,-0.38470686439649676,-0.3248862901204932,-0.45674426600089185,-0.2649440680771674,-0.6054597935026768,0.5916042332405401,0.9029043286294206,0.6593433206323206,0.053970618710353684,0.6598011992320391,-0.3199383890311697,-0.9002217778003782,0.3543555189013201,0.19722587457732027,0.0922527493547346,0.017501103881943553,-0.17138481771782157,-0.16902005749068033,-0.261254038959711,0.8223142916889565,-0.3102028853167941,0.2641567715128464,0.18479067845060113,0.2368722407544789
1.2963198232422204,-2.323433966922234,2.6400913961833448,-1.558665267649074,0.3836553353900249,4.600829103514688,-2.209381691080171,-3.633610657243985,-1.7831720009091232,2.8657968983895694,-3.295607270590911,-2.7220980668175083,-1.5469902692917943,-4.029127662204035,-1.4947142617013969,1.1695885373104515,-0.6224354520367147,1.1065047088370492,-2.0703357887968643,1.030934661693947,4.292052605852313,3.055255840862189,-1.3185265174728884,2.0066887334305297,-0.0990355151977474,-3.13991277096188,1.3404188034003106,-1.4224974741470258,-3.3106691816991174,0.19478160740030045,3.693160912005844,4.048370529609756,-1.9310814827654115,-1.3341762668795967,-1.721889410392026,-1.1199135157853088,-2.0995929180225597,2.277829742033547,4.015855395203932,3.2237177373785517,0.15021859399068602,2.6921293700627036,-1.6309281448424346,-3.518656678696206,1.805417106644661,1.1125344700539168,-0.6004357953693008,-0.19506962309970188,-0.7397718493804271,-0.9201952883633319,-1.1307350485119083,3.495278074197577,-1.4592758419599081,1.202268273256798,0.4103419923183674,0.6352107325501329
-2.269614210420568,-6.629606521851404,0.8214441033461628,0.42517028746064683,2.272532372367894,5.2123962356845395,-3.018762821158167,-4.43580540524006,-3.794812874237344,3.4474405432128434,-6.818792756348551,-6.169860486700296,0.8565757695231824,-5.968581786664046,-0.7566667364373605,1.5965075620326288,-1.1737731838222107,2.5733892944571632,-5.976233895202541,0.6167907586714403,3.055255840862189,4.748431373299904,-2.7748807093709438,-0.6245181741415907,0.26072972430680424,-6.352725317182077,2.9537829822800155,-3.1766829312789775,-3.277988795473458,-1.0951458167505783,3.4172655456265715,4.411975639529238,-3.1154082654717676,-0.8523307762361086,-0.28065967247061313,-0.8837588368630187,0.7319774252611003,0.6461341757486665,4.216511751116705,4.823593580846871,-0.29028767283300955,1.6217839676623504,-2.740876080010693,-1.2914272546886452,3.031279434887071,2.3314540146601597,-5.627561212164721,-1.5511859186808874,-0.6643564575954504,-1.7963563440959809,-1.0349179885221198,2.8697123601734593,-1.9250750134391343,1.396637622295691,-1.599520781089786,-1.4000356510404206
1.8796697190254448,4.263939703309212,-0.0563945290730666,-0.616213993648844,-1.5444878421088886,-2.7958708897857756,1.710483227930031,2.435685020362079,2.349663396532363,-1.884688107472239,4.203926420290301,3.8559625835588918,-0.9217797206036257,3.450167710221765,0.23992669165492198,-0.9043225813691504,0.7124772802241756,-1.6141545227525336,3.8485561355757816,-0.2333441210891918,-1.3185265174728884,-2.7748807093709438,1.7154568872525802,0.8484617568043963,-0.20572649729714063,3.9026411319887337,-1.838511621293774,1.9809626830327574,1.6742606358049503,0.8204613019620085,-1.6968852351107566,-2.3353635663971994,1.8353725511581136,0.3403642627372303,-0.14518787443804468,0.4056882011842808,-0.9438256718576584,-0.003952729523128729,-2.2026188992652806,-2.7947492566438066,0.2374508097478765,-0.6166069330652111,1.6283891205970424,0.21509437640286905,-1.8006393817963124,-1.4402720273706435,3.8949398462339953,1.0675440964650404,0.3255141033489413,1.096957943400964,0.5115993042584881,-1.3461763512474214,1.0806956337471285,-0.7552000047734748,1.2234777695282684,1.1264078010711234
3.1527020687387934,2.88280921455369,2.0781199711198006,-1.9529682249826965,-1.4155831406226307,0.6055373614894344,0.12053667419629176,-0.22370697915428978,1.180833248957306,0.21709412510774348,2.0272282496257787,2.1033422319425252,-2.2850662164031657,0.589600593824259,-0.9439735042257734,-0.06254305004204472,0.29181456526799243,-0.9072037326203104,2.623667618566665,0.575292220710303,2.0066887334305297,-0.6245181741415907,0.8484617568043963,2.5759093336752406,-0.3104216325455005,1.8166530172189768,-0.9683952775927998,1.0611564210254358,-0.8130035047095746,1.075253883043159,1.097914221550585,0.6721879655147934,0.4858169305196368,-0.7014679146394522,-1.5588314049867564,-0.4546132587031,-2.7578445639776237,1.8429244868950962,0.7943368770214475,-0.5100823303701286,0.3871931712631913,1.4937840851260353,0.4978264890549598,-2.6130247860396065,-0.5488565308708853,-0.7079416255799824,3.8675072574823623,1.0353624165537805,-0.23600094767174057,0.48017023638094636,-0.3451111735805835,1.3296721340076867,0.024750719452253288,0.13070392188975122,1.700711034006034,1.7744775251385019
-0.44070450910994785,-0.5868694386515019,-0.19726554211364913,0.233478384271334,0.24848834341055503,0.14300548232921179,-0.13515162187570423,-0.1542172659267398,-0.2840185569933871,0.11494391059533503,-0.4995786876540246,-0.4818881086859794,0.2875578307096345,-0.3059017618831432,0.07408312858243356,0.0714137789975244,-0.0797995634349863,0.2042119162068629,-0.5317929707818249,-0.0390491946843393,-0.0990355151977474,0.26072972430680424,-0.20572649729714063,-0.3104216325455005,0.04512731681594135,-0.4574353031858057,0.2264697854182167,-0.24587858472562643,-0.0423728296533642,-0.16333645241922082,0.016409706172315616,0.10366268609264052,-0.17942572435484147,0.04331062851855323,0.16154077858350843,0.014572238139711358,0.3348587774078102,-0.17820755670318145,0.08201186271366503,0.251024654453857,-0.054392003241076986,-0.09977151719453418,-0.16563675088480131,0.23719376597209849,0.18292854162535685,0.17243525507855367,-0.655337442461915,-0.1773905456892492,-7.028999349256178e-4,-0.1257569259481201,-0.0033826753099344257,-0.031666792085301064,-0.0803899961730721,0.04188749552512542,-0.25312207316077734,-0.2530868463940168
4.159358014485054,9.660600448378702,-0.23889478202613545,-1.3151749739355871,-3.4796668414220715,-6.465513581943153,3.9298916150523873,5.616929580323249,5.345121965903726,-4.348395381023611,9.567318368010776,8.76265801905472,-2.0006796412124297,7.908257155796862,0.6017753457827681,-2.0778878286191422,1.6244017969075517,-3.666600729281467,8.718336394835504,-0.5669454474664045,-3.13991277096188,-6.352725317182077,3.9026411319887337,1.8166530172189768,-0.4574353031858057,8.885057784601084,-4.179891509815935,4.503047189557136,3.895985364670518,1.8315142244829339,-3.963020626598608,-5.409827311347445,4.1979095460733395,0.8202142415428981,-0.2523130951713008,0.9577419840802653,-2.0264416750531815,-0.1059518271791826,-5.110404582356584,-6.404375838439278,0.5256968919453789,-1.4980707832530078,3.7209447040916586,0.6328626251666589,-4.11452051898379,-3.27704330193809,8.759285127376614,2.402331471205561,0.7615832895712642,2.499221271070248,1.195258042206362,-3.167655624783858,2.4856031568341326,-1.7448088340443504,2.7262561007033237,2.4987332503764774
-2.0755627066571503,-4.59164812600142,0.002517315148912482,0.70564846888278,1.67333671156284,2.9420915518112367,-1.813541313947037,-2.5716313808077524,-2.5191617992178146,1.9885427921852288,-4.50453118486984,-4.1384255257193265,1.0380102629738275,-3.6672899240694266,-0.2280050728325585,0.9588530142415911,-0.7621499486609574,1.7330280105409688,-4.144929658547564,0.23096414986505298,1.3404188034003106,2.9537829822800155,-1.838511621293774,-0.9683952775927998,0.2264697854182167,-4.179891509815935,1.9722889617030872,-2.125741155715785,-1.7498155698002131,-0.8978164504227117,1.7659291963029724,2.453264855105566,-1.9556266759769732,-0.3409985112216929,0.1965705138046893,-0.4170319736272557,1.0742492537821369,-0.04645407767909279,2.3091783743356493,2.971608329146873,-0.2616790371748185,0.6119256307286334,-1.7368924631383391,-0.1562093026697329,1.9205019580265095,1.5436075740667823,-4.227913124948093,-1.158295227045502,-0.3380755650855484,-1.1741850834730196,-0.5318230632316293,1.3880789308882118,-1.1443744037142123,0.7956785537698009,-1.3416384688735323,-1.2407573213568175
2.2547441730036057,4.954127992682938,0.014726340351586953,-0.773917272150322,-1.808458933829703,-3.1537759241853895,1.9482198990529533,2.759336110979281,2.7147418439072006,-2.133247891350829,4.853376989005909,4.460955668245865,-1.1334752001495751,3.9423787971154183,0.23692305894796206,-1.030092028933887,0.820825901354126,-1.8682570606434494,4.47231910249084,-0.24307439341234405,-1.4224974741470258,-3.1766829312789775,1.9809626830327574,1.0611564210254358,-0.24587858472562643,4.503047189557136,-2.125741155715785,2.2913595129201085,1.8721253888674836,0.9729722980550595,-1.8870410086422422,-2.6285612930896383,2.103767826702488,0.3602939710164441,-0.22415201312525584,0.44406182470020655,-1.176297053950294,0.0653026298334709,-2.4726990674485436,-3.1948330486971384,0.2840667990729996,-0.6447473407571458,1.8690061878066135,0.14605404006449488,-2.0665282839390833,-1.6632493405416287,4.5716759285478235,1.2523616772380965,0.36105347392865356,1.2647845026438076,0.568063961639299,-1.4792254384496093,1.2289176464268208,-0.8532479952511842,1.4548062740329868,1.3470101946554713
0.14286799134319988,3.573520859477351,-1.6575462268667005,0.6528718374940206,-1.0117202983366294,-4.242241921175358,2.221893069748341,3.4648486555407834,2.279661605094186,-2.714320815360226,4.1432663577278195,3.614774078982282,0.4924938645536053,4.21766202102185,1.042889018342834,-1.1757173006428359,0.7418038483244089,-1.4927048222316832,3.2088776185284535,-0.7531290878215104,-3.3106691816991174,-3.277988795473458,1.6742606358049503,-0.8130035047095746,-0.0423728296533642,3.895985364670518,-1.7498155698002131,1.8721253888674836,2.88367103483894,0.2914887888492956,-3.131075907063921,-3.670619176760348,2.112672185417651,0.994258081776504,0.9896987456340927,0.894944457123677,0.8225629394278146,-1.4077372484368906,-3.583653362346354,-3.391858522733191,0.026156630709953294,-1.9713419518358868,1.8235497615443395,2.2798940408531383,-2.0175748699896157,-1.4092547053025775,2.324685734436849,0.6561756550254125,0.6199756949250439,1.1184629849426877,0.9544200008361576,-2.832582267717999,1.4428931036947814,-1.1209970756837262,0.3608416727558352,0.17314624394856803
1.5892748739232665,2.279977391633642,0.6270150601087147,-0.8064803930117488,-0.9411384777243399,-0.7199464922040458,0.5929834097407708,0.7216640393208464,1.1298457078619863,-0.5446742358102267,1.9947567788908434,1.9054087810278755,-1.0087626315142648,1.3035162429476206,-0.21517965376627154,-0.3131839055608696,0.32208401992057173,-0.8058645709977325,2.064600100363133,0.1029545686283249,0.19478160740030045,-1.0951458167505783,0.8204613019620085,1.075253883043159,-0.16333645241922082,1.8315142244829339,-0.8978164504227117,0.9729722980550595,0.2914887888492956,0.6003465277044934,-0.2103661411496863,-0.5498932985380194,0.746900894162441,-0.10723510012157242,-0.531250225245287,-0.00929714683864197,-1.16268089132064,0.5709769615502753,-0.4687069681673429,-1.066031216697041,0.19720322883403657,0.263340289381153,0.6833969209758799,-0.7413146836288281,-0.7551375689644573,-0.6875589483315069,2.465735753619859,0.6682590903449763,0.032479626244524114,0.5054245699347503,0.058927093843926685,-0.024305754580472027,0.35867641473029394,-0.2047163536476377,0.9255282619716603,0.9168031187095894
0.13762269350131562,-3.523435771061135,1.9475088050876352,-0.8710828248054866,0.9425836789565419,4.5521504460420354,-2.3440551823190363,-3.693092157762982,-2.308048318451453,2.8969833568770653,-4.20581714358859,-3.638648823239319,-0.7315188432300325,-4.416513709998473,-1.1919783233434798,1.2404601419032524,-0.7595008460034748,1.4990381990159856,-3.1606928519785327,0.8510707250482084,3.693160912005844,3.4172655456265715,-1.6968852351107566,1.097914221550585,0.016409706172315616,-3.963020626598608,1.7659291963029724,-1.8870410086422422,-3.131075907063921,-0.2103661411496863,3.4194419246956547,3.9523056230191416,-2.1948091602792834,-1.118186941991717,-1.1920022354707072,-0.9902614194042859,-1.12471909073451,1.6611427373372327,3.8713686063238186,3.5484663602945807,0.007738623669001421,2.226452679017217,-1.8872526030349324,-2.65614920928669,2.088245842342074,1.428844805808764,-2.1094712147545542,-0.6005622356199298,-0.6787783270382276,-1.141477045697834,-1.0433127739605366,3.124359424511803,-1.5271370762683196,1.2001884131984182,-0.22650028006178816,-0.020816764832262673
-0.6753402696879048,-5.149999183141437,1.8610865847193299,-0.5576879516885004,1.550688407327911,5.491395955351132,-2.9437334319297417,-4.526866360898528,-3.183598257380597,3.5398775307847066,-5.767907515047163,-5.083888273193739,-0.29518187392118533,-5.6437321604560875,-1.2270951873567568,1.5574588461411212,-1.0216272650666756,2.1053792166296774,-4.629905418922864,0.9026717518032487,4.048370529609756,4.411975639529238,-2.3353635663971994,0.6721879655147934,0.10366268609264052,-5.409827311347445,2.453264855105566,-2.6285612930896383,-3.670619176760348,-0.5498932985380194,3.9523056230191416,4.728418089357789,-2.85643176296133,-1.200528436380642,-1.062111368572794,-1.107878594338891,-0.6566351400781933,1.568528844888845,4.595149580211949,4.544225337205828,-0.09435956307993201,2.36429979803455,-2.477663444360865,-2.5975878746363557,2.741014897565491,1.9646999793114435,-3.6581656966189384,-1.0238055274854505,-0.779705421709543,-1.5466157357557784,-1.203214817188137,3.5236562404081107,-1.903393043457008,1.4555793339758418,-0.7377891915033165,-0.5021554834598577
1.5761355151298495,4.41092852842943,-0.47232919461214257,-0.33680292664725436,-1.5250419902014953,-3.3804883000621415,1.97214876515977,2.885669163113519,2.5105017839743007,-2.241411370767485,4.508240646482319,4.087390703640863,-0.6282701352942814,3.910027324939796,0.4646325313531528,-1.0429387231256704,0.7742623224508338,-1.7057476450718392,3.9769775098777425,-0.38470686439649676,-1.9310814827654115,-3.1154082654717676,1.8353725511581136,0.4858169305196368,-0.17942572435484147,4.1979095460733395,-1.9556266759769732,2.103767826702488,2.112672185417651,0.746900894162441,-2.1948091602792834,-2.85643176296133,2.0463311124860213,0.5343954160743943,0.13552491518600054,0.5623844169663172,-0.5614503419006572,-0.365165313597817,-2.7253090101211717,-3.1609460794961044,0.2011521986682703,-1.0119114728315597,1.8024746501494375,0.7623905937577439,-1.9934169044743817,-1.5418953716425148,3.787589714769349,1.043040009190512,0.4260060202121627,1.1859867437962226,0.6643618987404774,-1.8307738471797321,1.2560625870065907,-0.9067289518173032,1.0948274534159008,0.967037415348383
-0.5237683924210446,0.5339480570114026,-0.8606917137082173,0.5425842663324819,-0.043596141713901956,-1.3568384931351478,0.6320619113135583,1.0595233997296578,0.45873125409400106,-0.8375635078371777,0.8551692110686671,0.6860052527232258,0.5549701978764275,1.1351105594880615,0.47625751114337844,-0.3346581892021481,0.16583658389546255,-0.27637534634390165,0.47317959578896324,-0.3248862901204932,-1.3341762668795967,-0.8523307762361086,0.3403642627372303,-0.7014679146394522,0.04331062851855323,0.8202142415428981,-0.3409985112216929,0.3602939710164441,0.994258081776504,-0.10723510012157242,-1.118186941991717,-1.200528436380642,0.5343954160743943,0.4184119342923512,0.5710013565673724,0.34485260289182235,0.7369180693160096,-0.7449620103297964,-1.1969328286874423,-0.9063880628186701,-0.06173489097448101,-0.8480015170046282,0.4471806245941231,1.1396874606627916,-0.4951280215204507,-0.2875696211691098,-0.010143682702272297,0.007196521449347063,0.22474537485389914,0.24285479118683856,0.34277717195883,-1.072053196738116,0.4200730942821997,-0.35325821434326937,-0.1991288224241823,-0.267543528411971
-1.6922792938725792,-0.8950999800585389,-1.447785541298341,1.1888599233280046,0.5803082715741386,-1.1344964503588593,0.35534015812904274,0.7786185760834902,-0.2121207119296998,-0.6329307406671603,-0.32031252730093496,-0.46205547861685575,1.3394537292992728,0.4780150603508224,0.7125398534047815,-0.18861899004429425,-0.018712615853388945,0.21176378042169403,-0.822859198981564,-0.45674426600089185,-1.721889410392026,-0.28065967247061313,-0.14518787443804468,-1.5588314049867564,0.16154077858350843,-0.2523130951713008,0.1965705138046893,-0.22415201312525584,0.9896987456340927,-0.531250225245287,-1.1920022354707072,-1.062111368572794,0.13552491518600054,0.5710013565673724,1.0379743424504704,0.4173940701578425,1.6598073145596506,-1.2720735609715776,-1.1125324569452502,-0.3647269251946767,-0.20596248208981807,-1.1879855175861638,0.0741915796496085,1.8570277938129076,-0.0832247807712385,0.11897125272851046,-1.6686075087138754,-0.4404682952423585,0.24616014071640985,-0.05002648778455339,0.3692744337219233,-1.2622107049881117,0.2599785824787845,-0.28371245194494005,-0.8594136712818371,-0.9350258910774331
-0.23091934825403224,0.7736558549064313,-0.6531730259732402,0.3550842670541792,-0.16735956749177627,-1.2655356105659594,0.6251369625432899,1.0103389342812878,0.5502966081057037,-0.7950580899919711,1.0103245089953181,0.8526172296149201,0.33787101570316563,1.155486768309037,0.3796510942165453,-0.3309196362194313,0.18705830513360466,-0.3487264218440985,0.6916918105843294,-0.2649440680771674,-1.1199135157853088,-0.8837588368630187,0.4056882011842808,-0.4546132587031,0.014572238139711358,0.9577419840802653,-0.4170319736272557,0.44406182470020655,0.894944457123677,-0.00929714683864197,-0.9902614194042859,-1.107878594338891,0.5623844169663172,0.34485260289182235,0.4173940701578425,0.2952049845609058,0.47304520145918094,-0.5614702040026767,-1.0934638285563034,-0.9261749432400227,-0.02595558007492891,-0.6926997388226653,0.47864934614727755,0.877396976803342,-0.5297246351852869,-0.3420500482815014,0.3315210639833394,0.09847405455298662,0.19768582280495214,0.2785503333646827,0.30269714196099623,-0.924768335966347,0.4105695935019209,-0.3319089544416632,-0.043327959583370115,-0.10341940634159194
