V1,V2,V3,V4,V5,V6,V7,V8,V9,V10,V11,V12,V13,V14,V15,V16,V17,V18,V19,V20,V21,V22,V23,V24,V25,V26,V27,V28,V29,V30,V31,V32,V33,V34,V35,V36,V37,V38,V39,V40,V41,V42,V43,V44,V45,V46,V47,V48,V49,V50,V51,V52,V53,V54,V55,V56
4.28910000407041,4.403716939091782,2.5818049673854966,-2.5531156693516084,-2.0584370809872174,0.22601789139527773,0.47420901395515846,0.18202909847236343,1.9179554409979436,-0.08602411254263406,3.32503653958374,3.3540871508104013,-3.0253328845480696,1.3888637380515758,-1.1322192031040215,-0.2492007839709166,0.4988890007005785,-1.4374401209766408,4.001784855617604,0.673435677555303,2.2538306769845096,-1.3044882879552464,1.383386188093332,3.3742923414391117,-0.4261130579858248,3.005297185428938,-1.5561933392929244,1.698820981738009,-0.6973795172074725,1.4967566467116118,1.0485291115056197,0.39651255063630514,0.9536048804159827,-0.8106873012594662,-1.9721347551241148,-0.49041360245606025,-3.6193469356723402,2.298349807430494,0.5739209328006197,-1.1655133667619213,0.5281022730713526,1.7469755045200588,0.9294047645493453,-3.2192585377621574,-1.0257158065103713,-1.155901219942271,5.562413741727263,1.493733062452139,-0.23281779402781083,0.8066777385915948,-0.33362126733872677,1.4039096535911568,0.23548879270248627,0.020092343415390162,2.3532802233792034,2.427006161066801
4.403716939091782,7.207911824662378,1.2841463602079959,-2.042895954428673,-2.852841793160764,-3.099340339540267,2.2163269434668758,2.898377215563296,3.706330376618195,-2.213863933076086,6.575104058023074,6.189908212014459,-2.641060867906833,4.695961600468234,-0.31539959312737204,-1.1710891374801724,1.0808024359562562,-2.608452115644908,6.519865777571938,0.08358708015547178,-0.34009725957878023,-3.8750128781488615,2.6966225463703704,2.738985728830529,-0.4597403312466019,6.061303981012677,-2.9289230095485252,3.1676134421864117,1.5629085255707567,1.7262283078856082,-1.4054743288624574,-2.4808402670563696,2.610343469924155,-0.03175790932003544,-1.1976305263641887,0.21094192707018425,-2.976666018244561,1.1962975323561387,-2.2349942738057478,-3.8251779299218795,0.5488014956369901,0.20249246186820197,2.3594697275173013,-1.433884019194083,-2.6078938247430528,-2.2613547968836896,7.388211007645801,2.0091410078803853,0.25308364527455723,1.684042882059617,0.41428029825214835,-0.81567010666719,1.3667562581357096,-0.8586944602338712,2.6377541365170476,2.5642830166920927
2.5818049673854966,1.2841463602079959,2.2504335092403593,-1.8313544368831032,-0.8629208548398152,1.8320762087726705,-0.5946045796245472,-1.270169931355198,0.27098235434762497,1.0301947793858361,0.39271972884411094,0.621600314036541,-2.0576064527673514,-0.8286387345204003,-1.1128299951663254,0.3154979550799611,0.01136573141976109,-0.2886541420533727,1.1822803755758193,0.7154057732437633,2.707579569446074,0.5051489967150254,0.1826592243943972,2.4002098028851018,-0.2459123926758822,0.29459595822633566,-0.2595269013938083,0.29888984423544507,-1.5789988048853631,0.8047893482460863,1.8938227704448705,1.7079908862582538,-0.25631077103317046,-0.8954493627861014,-1.6088165176222866,-0.6584084515712049,-2.5546581123531165,1.9761445103388158,1.7831202693670194,0.6362609318249437,0.31390878254909205,1.8605996598085959,-0.15588307509096283,-2.8899067249819934,0.17424718629787533,-0.1488774458710435,2.494785340314584,0.6576504151649356,-0.39046746949943395,0.05041031493828526,-0.5864381316200022,1.9942949639545624,-0.4307879027197785,0.45952242683497335,1.3045733779401147,1.4243667980596468
-2.5531156693516084,-2.042895954428673,-1.8313544368831032,1.6443674852022048,1.0660933062376545,-0.8521456646348681,0.0901620748372721,0.4755590475842597,-0.7676866753730702,-0.40661679780682985,-1.2984457301102368,-1.4051615585836599,1.900975739444019,-0.12237607874833668,0.8564381709952451,-0.04870486532980033,-0.1746140760503675,0.611676691282664,-1.862932904212225,-0.5319364935708248,-1.913251823803881,0.23043027156222493,-0.548479730145121,-2.164779264524505,0.24902857558771105,-1.1480557110397145,0.6397072541240338,-0.704846648317176,0.905784048205495,-0.8502070865462196,-1.158569508316025,-0.8578888699078826,-0.2162903424206191,0.6549913660797723,1.3522447430764661,0.44569843108519913,2.313613804147686,-1.6188067401231108,-0.9499511518024139,0.1276600099245568,-0.31279101502107537,-1.3824014532089028,-0.2505550569408523,2.3192470057311865,0.2756245585729722,0.456624663698056,-2.9498773443273105,-0.7868657578731912,0.2445422794416473,-0.2959568353283027,0.3616885251381801,-1.3219100272546356,0.10210710077641713,-0.20131690574151523,-1.3532702555701612,-1.4291645236277433
-2.0584370809872174,-2.852841793160764,-0.8629208548398152,1.0660933062376545,1.1913920745932058,0.8084252023192495,-0.7035734746191515,-0.8336325258894984,-1.3985694708164806,0.6262936588639599,-2.4658125937523945,-2.3655276234244607,1.3239148927415365,-1.5665399195767387,0.3102379363525063,0.3714908428960579,-0.3959139436808177,1.0015842142200257,-2.584155755803034,-0.1558961662794218,-0.35116753255647376,1.3239371526128794,-1.015186840709257,-1.4197300343695256,0.21061657809311665,-2.2613037943063343,1.1132178653298845,-1.2070545064608174,-0.29252886345145807,-0.7704740987210021,0.17990328160235208,0.6045432181106052,-0.9066239063402275,0.168722130489726,0.7187973057921334,0.03872486903161055,1.53350657437444,-0.782807325608775,0.5018759328308608,1.2827974330119865,-0.25526631477261563,-0.40048712612275844,-0.8328012384381706,1.029937380072582,0.9201823087984846,0.8504931879739525,-3.1311273677156977,-0.8477407412589564,-0.023710026242853375,-0.6226818214696563,-0.04818783649624719,-0.052549670590462866,-0.42264019539165004,0.23237041362994174,-1.190373408291836,-1.1847053456005825
0.22601789139527773,-3.099340339540267,1.8320762087726705,-0.8521456646348681,0.8084252023192495,4.14456735411588,-2.1199233758687908,-3.3532324238732136,-2.052842098223231,2.6320659433708062,-3.7455911341918453,-3.229092616878743,-0.7360831436808388,-3.9831640193543096,-1.1105311342096271,1.1216957970426205,-0.6784137577834787,1.3292580024822545,-2.779056606399308,0.7902211892301716,3.410883644123728,3.0761547012888233,-1.5107071214452077,1.0774511542806655,0.004251979312911129,-3.532429493857553,1.5687362827076468,-1.6750923109876703,-2.8626051982617513,-0.15583184912216447,3.133120214495541,3.6023057357438693,-1.9731720909875938,-1.0357201909025042,-1.1307627133569482,-0.9115118067106036,-1.1074573175340585,1.5648213457125364,3.5335556649370004,3.1988854878647817,0.018907935074639122,2.064669014196076,-1.6941481802593155,-2.49037225869606,1.874826985542761,1.2719227861507865,-1.7869922651207193,-0.5104493706799451,-0.6224952859761828,-1.0185036134270482,-0.9568057746293231,2.8740939476838028,-1.3829151571370135,1.0915895689454136,-0.14987290933882813,0.03842601591322368
0.47420901395515846,2.2163269434668758,-0.5946045796245472,0.0901620748372721,-0.7035734746191515,-2.1199233758687908,1.1658270590330564,1.7657398232495665,1.3302845688721732,-1.378000043938637,2.4028097484550557,2.138784718652091,-0.03508711335033381,2.2589008145846505,0.4202192065832045,-0.6167113601620013,0.4211082638058372,-0.8881459096654504,1.9946193693986252,-0.31704500669098973,-1.4596010896255838,-1.7766763726748225,0.9747476680582372,-0.09396310547289305,-0.0612501620713474,2.248040405013183,-1.0289926436488566,1.1040413346151878,1.3899327419540837,0.28740608446310845,-1.4818868773968852,-1.815326151898826,1.155675292778515,0.42579857965695683,0.31469062281576987,0.40565349924877686,0.07579710557036799,-0.4950712180642868,-1.75488868943878,-1.821139970823723,0.06278222781992228,-0.8310628191495892,1.0074914994059967,0.8488127815114502,-1.1144710801332103,-0.8196165157944346,1.6947315824988265,0.47115128610726936,0.29105815007418484,0.6400678829716767,0.45046699232717263,-1.2980374840801434,0.7503017026466534,-0.5638704356605129,0.40264536060747236,0.3148848352065372
0.18202909847236343,2.898377215563296,-1.270169931355198,0.4755590475842597,-0.8336325258894984,-3.3532324238732136,1.7657398232495665,2.744546646949868,1.8346063333892204,-2.149192505689972,3.331932578518426,2.914190873787251,0.3410142620969183,3.359738625541187,0.8070316714407061,-0.934282711668984,0.5949318853402392,-1.2042874419511798,2.6033899777469847,-0.5852021074764036,-2.5834208844940934,-2.6147586504644984,1.3471286119218608,-0.5890198639003817,-0.04027412166912537,3.131133465129627,-1.4095790805062405,1.508586592276511,2.270475130985255,0.25468319879506074,-2.4606059372865983,-2.8980283537829186,1.6870624698421568,0.7736960374758204,0.7515108316808674,0.7002012701837853,0.5926212951775298,-1.0770229350469829,-2.8264720564666383,-2.7026552887695683,0.029282516522162922,-1.5316646186604983,1.4579031414146173,1.7522021461199264,-1.6130136212212416,-1.1337041787196207,1.92891689186454,0.5431666742788224,0.4868079162665864,0.8979304716643396,0.7499096086799812,-2.2188497772632596,1.1455144512887776,-0.886681915039217,0.32325567320483073,0.17599603529412453
1.9179554409979436,3.706330376618195,0.27098235434762497,-0.7676866753730702,-1.3985694708164806,-2.052842098223231,1.3302845688721732,1.8346063333892204,1.9809128468505166,-1.4127542529569088,3.5308250615202343,3.2754989084544244,-1.0520752050592992,2.735275709978026,0.04137446189820972,-0.7032414560291026,0.5907830241305883,-1.3750606725734658,3.348538675451962,-0.09177424672126748,-0.7082479423265358,-2.2228383622326646,1.44373095743702,1.0397838695264745,-0.20503509834293493,3.267886206347843,-1.556602457555079,1.6800974160422575,1.1617370861886218,0.7918511609243172,-1.1360191705045573,-1.6900335395731176,1.481131321245847,0.1551263621725546,-0.3471354487046426,0.24271475643961976,-1.14034061716878,0.2755625443740296,-1.569403639947526,-2.220699777238193,0.24031593929956863,-0.2477304019803216,1.324160948008163,-0.2295050344603834,-1.4638816710060243,-1.2116649553427954,3.571757924365659,0.975467061250254,0.21410499999119986,0.9141229061087183,0.3400857187344341,-0.831517960695456,0.8326824098718132,-0.559576587557035,1.1957084167497138,1.1321534395340052
-0.08602411254263406,-2.213863933076086,1.0301947793858361,-0.40661679780682985,0.6262936588639599,2.6320659433708062,-1.378000043938637,-2.149192505689972,-1.4127542529569088,1.683871099884523,-2.568208587016683,-2.240259945503286,-0.30726239961222024,-2.6157853887253353,-0.6477301274669537,0.7290658241611141,-0.4596691728175976,0.9252113931711686,-1.9879362513308807,0.46793161100520303,2.0551821281654803,2.0326491006296146,-1.0380319299021863,0.5063216370384522,0.025680828448376578,-2.4150373377501384,1.084431718693507,-1.1600033479604213,-1.7890138437278877,-0.17979631130613835,1.9427449211507632,2.277080277152108,-1.310071499734659,-0.617282261370304,-0.6154868510994445,-0.5552818809007403,-0.5123312128831767,0.8749324341271241,2.2235958782604723,2.1034666484326268,-0.01620172583054495,1.2236072331158472,-1.1307478055214781,-1.4161233687090775,1.2511619242628795,0.8735395066687607,-1.4387000573297863,-0.4059150734597064,-0.3846781477907807,-0.6931644492690199,-0.5924848302953537,1.7582746165723209,-0.8949524300529403,0.6953771760262792,-0.22204119893226945,-0.1057968331989636
3.32503653958374,6.575104058023074,0.39271972884411094,-1.2984457301102368,-2.4658125937523945,-3.7455911341918453,2.4028097484550557,3.331932578518426,3.5308250615202343,-2.568208587016683,6.297823496946991,5.831833233037458,-1.7980760836942498,4.9251565233265975,0.11924219992726103,-1.2700877052547501,1.055625778382208,-2.447328939095028,5.939489150934757,-0.19365544020416903,-1.3763094320514428,-3.9952562309167527,2.574694613723124,1.7621764402304099,-0.35608337813376284,5.831674018393208,-2.7727900699790116,2.9916576670826305,2.1409193353762808,1.3831616235729927,-2.10776076115724,-3.090960739430707,2.659042629972357,0.31369752203547724,-0.5549706253235521,0.4603782374365714,-1.93585027658085,0.4122356816999957,-2.878906369130419,-3.996907487893707,0.4175153385714488,-0.5177687165508953,2.3743092673985497,-0.2935387607372605,-2.6250889640496906,-2.160682918066933,6.285823691084435,1.717268633075295,0.39857887138552944,1.6322767447096886,0.6322681694896345,-1.5681526288855834,1.506459572483532,-1.0191840753394978,2.0846393354477812,1.9665402386362223
3.3540871508104013,6.189908212014459,0.621600314036541,-1.4051615585836599,-2.3655276234244607,-3.229092616878743,2.138784718652091,2.914190873787251,3.2754989084544244,-2.240259945503286,5.831833233037458,5.4302193825633776,-1.8903985576452889,4.429113694435207,-0.019378816633361568,-1.130407375438669,0.9712422593924983,-2.2819884689362326,5.594109374986367,-0.09499252835085659,-0.9508481071492294,-3.612258990501679,2.3867028824480356,1.8971085716505902,-0.35571151162667847,5.392169641242742,-2.5776773512231577,2.7833663847364214,1.7841618861556634,1.36407993207235,-1.7172170458168166,-2.6420879999492985,2.413378160647757,0.18448135692301135,-0.6963354695274873,0.3467439791661446,-2.0745579713112656,0.6077339869301112,-2.4384911997209273,-3.5985706538987574,0.41992128563286774,-0.26023022747069263,2.1634015657161862,-0.604466471214133,-2.3916672939915853,-2.0024428232265277,6.06433168096218,1.654025434559777,0.32098261884107565,1.5055785344989345,0.512942131307771,-1.2097118560327265,1.3342019950489319,-0.8831802656509351,2.0665295577567258,1.9718596025216224
-3.0253328845480696,-2.641060867906833,-2.0576064527673514,1.900975739444019,1.3239148927415365,-0.7360831436808388,-0.03508711335033381,0.3410142620969183,-1.0520752050592992,-0.30726239961222024,-1.7980760836942498,-1.8903985576452889,2.214463078221521,-0.41360245117460975,0.9452390269761201,0.01731421080149116,-0.2534300398935222,0.8178520709840567,-2.405232780678705,-0.5801810318435111,-2.049206598003999,0.48116249578051346,-0.7548813623424562,-2.5056709819486085,0.2966513725287445,-1.6046678065624873,0.867209645455724,-0.9518058835941056,0.886457812807077,-1.0229223328040853,-1.1692944649253276,-0.7796582309149936,-0.3902487063951137,0.7104130167839694,1.5341953716587875,0.46962974035846267,2.6809432001301903,-1.8225179364341813,-0.8937064182619963,0.3670779617579161,-0.3714091190235493,-1.5077493096109842,-0.412310148093058,2.594705546847857,0.4543750860216384,0.6293013623941354,-3.633127588485551,-0.9712568908696357,0.24942223198226537,-0.4208113772002483,0.36629943714327984,-1.3809434726337206,0.028643863927695603,-0.16640115411248876,-1.6214712702441365,-1.6993371415683176
1.3888637380515758,4.695961600468234,-0.8286387345204003,-0.12237607874833668,-1.5665399195767387,-3.9831640193543096,2.2589008145846505,3.359738625541187,2.735275709978026,-2.6157853887253353,4.9251565233265975,4.429113694435207,-0.41360245117460975,4.43119501122081,0.6648336918703264,-1.1946086921127317,0.8532859839595869,-1.8445242846157994,4.230641183147627,-0.5226789941818567,-2.5015431302761555,-3.5092864252943636,2.0022952828624856,0.20958395901961313,-0.16426112022513287,4.595847749964139,-2.12421954360973,2.28221667324314,2.547949589439688,0.7150654397715343,-2.681595946283976,-3.3869746562046483,2.2948650778856057,0.7121662479482209,0.369226544357651,0.7105620184123727,-0.27214488770104645,-0.6727863063514472,-3.252801056311632,-3.577544329681243,0.17970520338440457,-1.3705916504215176,2.0118981576680564,1.235503666747932,-2.225390240088172,-1.682533442838717,3.8429124403076864,1.0620265030062568,0.5235899824114092,1.302681973525732,0.8138237103403463,-2.2937976654902603,1.4458324333183588,-1.0639107012928368,1.0309216272412058,0.8737382000221534
-1.1322192031040215,-0.31539959312737204,-1.1128299951663254,0.8564381709952451,0.3102379363525063,-1.1105311342096271,0.4202192065832045,0.8070316714407061,0.04137446189820972,-0.6477301274669537,0.11924219992726103,-0.019378816633361568,0.9452390269761201,0.6648336918703264,0.5660992897097444,-0.2227665730692257,0.04747756751608984,0.022179669864154438,-0.2961229425800854,-0.36971189761459217,-1.4320743789049306,-0.45531997354479153,0.03751786302159417,-1.1194842807265843,0.10572381052934951,0.14516217013271715,-0.008939200892998662,2.246597095357245e-4,0.9026189046637495,-0.3354381780089641,-1.0593984622999921,-1.0153244128569454,0.2627887424778335,0.46650057090762725,0.7817286799231861,0.35464635772929565,1.1885129000966594,-0.97383479709138,-1.042329159203049,-0.5213600372719458,-0.13711135495158192,-0.9627179268331102,0.19790467318738605,1.4399035989519902,-0.2197238720726133,-0.033781581858809986,-0.9394206371989751,-0.2445194461934571,0.21661988144654645,0.056832348602349814,0.32691124914415814,-1.0826271644792727,0.29263706761992525,-0.2825981368227948,-0.5516012550440776,-0.6179343009038859
-0.2492007839709166,-1.1710891374801724,0.3154979550799611,-0.04870486532980033,0.3714908428960579,1.1216957970426205,-0.6167113601620013,-0.934282711668984,-0.7032414560291026,0.7290658241611141,-1.2700877052547501,-1.130407375438669,0.01731421080149116,-1.1946086921127317,-0.2227665730692257,0.3262805767777548,-0.2227099712851365,0.4693324631012654,-1.0539230048144501,0.1678900595100459,0.7732036620376218,0.9395957352907148,-0.515108894306638,0.05110154467173885,0.03238801618091572,-1.1883073816677563,0.5439000224842171,-0.5836468279845295,-0.7358612575460012,-0.15152757949384996,0.7846401738709092,0.9608007726253116,-0.6110970788497027,-0.2256264475362554,-0.16715965426835463,-0.2149236601098464,-0.04161741138795916,0.262770657727854,0.9287386064571242,0.9631378512711495,-0.032880864010665596,0.44060146936145095,-0.5326902313998763,-0.45049163158927946,0.5892107294548428,0.4332163743407624,-0.8945238173221258,-0.24880410587261162,-0.15412885496653736,-0.3384354835030308,-0.23839953497115637,0.6872934359157199,-0.3969141861753667,0.2983883646095442,-0.2122724467409152,-0.16570394269138405
0.4988890007005785,1.0808024359562562,0.01136573141976109,-0.1746140760503675,-0.3959139436808177,-0.6784137577834787,0.4211082638058372,0.5949318853402392,0.5907830241305883,-0.4596691728175976,1.055625778382208,0.9712422593924983,-0.2534300398935222,0.8532859839595869,0.04747756751608984,-0.2227099712851365,0.17844863406706782,-0.4067806260830066,0.975768157154793,-0.05008901203062589,-0.2993830985924859,-0.68825876209642,0.4307971542737014,0.23894420837069036,-0.0544718692275119,0.9791631483360864,-0.4627218108458771,0.4989568156001904,0.401227469762988,0.21425491550599246,-0.40333112130061655,-0.5650409191059422,0.45602568109485303,0.0750914586397735,-0.054564220959883204,0.09423562718781239,-0.26446147769188694,0.02131324926520726,-0.5307197495758,-0.6916846253115252,0.06264687681534785,-0.1336758045876793,0.40537747359310594,0.021594035611261962,-0.4481553938478091,-0.3617979632143148,1.0018689728500205,0.27448645478271744,0.07708035847533166,0.27500755144887074,0.12119912621894827,-0.31412169782036214,0.2654132303032376,-0.18373547464860604,0.32082750142049576,0.29770359072781793
-1.4374401209766408,-2.608452115644908,-0.2886541420533727,0.611676691282664,1.0015842142200257,1.3292580024822545,-0.8881459096654504,-1.2042874419511798,-1.3750606725734658,0.9252113931711686,-2.447328939095028,-2.2819884689362326,0.8178520709840567,-1.8445242846157994,0.022179669864154438,0.4693324631012654,-0.4067806260830066,0.9594090802768105,-2.3576594451814783,0.030895904811987087,0.36389811935789823,1.5063750329906658,-1.0020125481171904,-0.8249963396699175,0.15188852902445676,-2.2619736889917466,1.0827537057718026,-1.1692688888501561,-0.7270087362957331,-0.5814148743659008,0.6950027272556064,1.0847112715594494,-1.0075054024831935,-0.06590482589416778,0.31183800548804674,-0.13675188746466516,0.9013118121819593,-0.2794389555970671,0.9987008320437029,1.4990344435977492,-0.18001800211192115,0.08516628536107623,-0.9040997347839618,0.289900371849753,0.999528503618205,0.8405187090454084,-2.5713644489684615,-0.7009098465081836,-0.12943720170832046,-0.6310689155020756,-0.20750412042594837,0.48146831084839825,-0.5532989642857725,0.3640215910449635,-0.8817891903987352,-0.8437995427485218
4.001784855617604,6.519865777571938,1.1822803755758193,-1.862932904212225,-2.584155755803034,-2.779056606399308,1.9946193693986252,2.6033899777469847,3.348538675451962,-1.9879362513308807,5.939489150934757,5.594109374986367,-2.405232780678705,4.230641183147627,-0.2961229425800854,-1.0539230048144501,0.975768157154793,-2.3576594451814783,5.897711219715951,0.08277774230268574,-0.27925355521959705,-3.492862301673025,2.4361720681019787,2.4971431527871326,-0.4175233961795012,5.474667957459267,-2.6466474793174655,2.8625126139241077,1.394664969774174,1.5665438139808177,-1.2493200973090615,-2.221978545960651,2.3537782502671782,-0.0378491080009799,-1.0976042140745537,0.18366290619956685,-2.713287681073039,1.1001702667123752,-1.9992928187649075,-3.446534876037196,0.4986431111837118,0.20188458862561148,2.128340407885273,-1.324028638462326,-2.352413346815162,-2.0428924177996626,6.695047465333561,1.8204210078295928,0.22445723783874516,1.5207253193634267,0.36797394341505907,-0.7158823076367354,1.2293785792692782,-0.7704457839505716,2.3945084622415096,2.3294223643632463
0.673435677555303,0.08358708015547178,0.7154057732437633,-0.5319364935708248,-0.1558961662794218,0.7902211892301716,-0.31704500669098973,-0.5852021074764036,-0.09177424672126748,0.46793161100520303,-0.19365544020416903,-0.09499252835085659,-0.5801810318435111,-0.5226789941818567,-0.36971189761459217,0.1678900595100459,-0.05008901203062589,0.030895904811987087,0.08277774230268574,0.24387523164179759,0.9549240588649547,0.3692420504043119,-0.07216576765765693,0.6939554817801701,-0.062414860143260295,-0.20190711933718625,0.056881807371110434,-0.05503459337104918,-0.625051390706768,0.1922935834972987,0.7262372811204397,0.7158181670443582,-0.21972684058746816,-0.3085695952233095,-0.4974723001374093,-0.23846972821097856,-0.7354748557030873,0.6247023858433242,0.7298134271371819,0.412235994001876,0.08095944260598194,0.6339926509333583,-0.1723764202458942,-0.9289455526231044,0.19128700299490978,0.06184211968343503,0.49366505323047366,0.12723937912568967,-0.14788437825881748,-0.06683408735025619,-0.22407710524811003,0.7318693590532341,-0.21775007752992823,0.20218947523907238,0.3199127567825293,0.3648905543698355
2.2538306769845096,-0.34009725957878023,2.707579569446074,-1.913251823803881,-0.35116753255647376,3.410883644123728,-1.4596010896255838,-2.5834208844940934,-0.7082479423265358,2.0551821281654803,-1.3763094320514428,-0.9508481071492294,-2.049206598003999,-2.5015431302761555,-1.4320743789049306,0.7732036620376218,-0.2993830985924859,0.36389811935789823,-0.27925355521959705,0.9549240588649547,3.8069800046323055,1.8199419225586777,-0.5344790044624106,2.4898662945131447,-0.20240824353579276,-1.3610641028609485,0.49739822772380793,-0.5133100865878527,-2.6178736616398237,0.5994565310783248,3.0031332626297047,3.061644303634201,-1.1108264666237997,-1.2170719265341103,-1.8541286249480091,-0.9633996779391619,-2.6323002152140558,2.3577009580413093,3.0924147063332224,1.9848473604795533,0.27059575196165725,2.489728642312264,-0.900230197896778,-3.540571668664235,0.997529600652191,0.45439497402627127,1.2657824313626178,0.3154111462880934,-0.6085214910372645,-0.4214862105085197,-0.9234077440749883,2.9682849377126623,-0.987844071625314,0.8793603810017344,1.0181606220620583,1.2039725880194652
-1.3044882879552464,-3.8750128781488615,0.5051489967150254,0.23043027156222493,1.3239371526128794,3.0761547012888233,-1.7766763726748225,-2.6147586504644984,-2.2228383622326646,2.0326491006296146,-3.9952562309167527,-3.612258990501679,0.48116249578051346,-3.5092864252943636,-0.45531997354479153,0.9395957352907148,-0.68825876209642,1.5063750329906658,-3.492862301673025,0.3692420504043119,1.8199419225586777,2.790230783900588,-1.6256945315330937,-0.3415116686467359,0.15028027357145674,-3.7229245853166346,1.7297226984017895,-1.8599871416208436,-1.9388199365911352,-0.6339698213170188,2.0237724689166376,2.60527278220527,-1.8298994016813368,-0.5091577938134698,-0.18132997432001027,-0.5250843663862756,0.40296262077316863,0.3994576656864987,2.4915104843909743,2.8356966726363493,-0.16710113556213543,0.970316175933308,-1.609198271188397,-0.7872535930581708,1.7797458836012443,1.3658987147644155,-3.2748633359143153,-0.9029307267171369,-0.3936707889906024,-1.0530163464126383,-0.613115220185812,1.7038032770811322,-1.1335364058649098,0.8238842566154058,-0.9245544903935619,-0.8063847641178322
1.383386188093332,2.6966225463703704,0.1826592243943972,-0.548479730145121,-1.015186840709257,-1.5107071214452077,0.9747476680582372,1.3471286119218608,1.44373095743702,-1.0380319299021863,2.574694613723124,2.3867028824480356,-0.7548813623424562,2.0022952828624856,0.03751786302159417,-0.515108894306638,0.4307971542737014,-1.0020125481171904,2.4361720681019787,-0.07216576765765693,-0.5344790044624106,-1.6256945315330937,1.0531059944787304,0.7436700245025653,-0.14746129989142673,2.383458642228841,-1.134346209320422,1.223849346013401,0.8576380139429864,0.572613422996597,-0.840963594103726,-1.2442133620496492,1.0828910769901412,0.11900026129476908,-0.2424451877042212,0.1810571000509853,-0.8162012270232554,0.18798490546953012,-1.157283180086277,-1.6251457247805612,0.17392741832054234,-0.19213153138711656,0.9676985391588363,-0.14922014945112724,-1.0700005356769715,-0.883508746999057,2.5910564764786486,0.7073811368909676,0.15868115366770424,0.666604911782806,0.2523901470926312,-0.6202086257455759,0.6105787460701305,-0.4113358762341781,0.8637282427768082,0.8169905149490398
3.3742923414391117,2.738985728830529,2.4002098028851018,-2.164779264524505,-1.4197300343695256,1.0774511542806655,-0.09396310547289305,-0.5890198639003817,1.0397838695264745,0.5063216370384522,1.7621764402304099,1.8971085716505902,-2.5056709819486085,0.20958395901961313,-1.1194842807265843,0.05110154467173885,0.23894420837069036,-0.8249963396699175,2.4971431527871326,0.6939554817801701,2.4898662945131447,-0.3415116686467359,0.7436700245025653,2.850511869382681,-0.32923171315207433,1.5607304212157478,-0.8648100816958633,0.9521104689076489,-1.164046450781725,1.1263546541488054,1.4951478222061956,1.0918172449844963,0.30969698431729775,-0.8539762471565492,-1.774897309453567,-0.5787478467406522,-3.047057657809036,2.1223403622817587,1.2141947582637993,-0.20710098293686371,0.41367884964993584,1.8040490786079184,0.35169580506137343,-3.0379957995449502,-0.38707959424730976,-0.6191799525300454,3.923116329905168,1.0467409216274453,-0.31605546054517286,0.40352051673413786,-0.466845570866054,1.7140019611163109,-0.1185335120784035,0.25326432144099487,1.791527614189455,1.8898049018492489
-0.4261130579858248,-0.4597403312466019,-0.2459123926758822,0.24902857558771105,0.21061657809311665,0.004251979312911129,-0.0612501620713474,-0.04027412166912537,-0.20503509834293493,0.025680828448376578,-0.35608337813376284,-0.35571151162667847,0.2966513725287445,-0.16426112022513287,0.10572381052934951,0.03238801618091572,-0.0544718692275119,0.15188852902445676,-0.4175233961795012,-0.062414860143260295,-0.20240824353579276,0.15028027357145674,-0.14746129989142673,-0.32923171315207433,0.04300086226658417,-0.3227611168013216,0.16558905582844533,-0.1808126820313092,0.05035569863467993,-0.1504074910881778,-0.0836483559367936,-0.015610163310641197,-0.1079141321733319,0.07403924990991247,0.18967096994898375,0.04264400962378737,0.3533667513914053,-0.2192319225232272,-0.03425448572576752,0.1370955623712776,-0.052103360862121945,-0.16010480814897407,-0.10364744206924452,0.3043943232945475,0.11427726418409367,0.12355150054079582,-0.5662971825728979,-0.15259436789336145,0.01904061023203188,-0.08735298243524707,0.027288430643318824,-0.12146253317234358,-0.03253892433947903,0.005211191849328415,-0.23612487728413184,-0.24190428263843547
3.005297185428938,6.061303981012677,0.29459595822633566,-1.1480557110397145,-2.2613037943063343,-3.532429493857553,2.248040405013183,3.131133465129627,3.267886206347843,-2.4150373377501384,5.831674018393208,5.392169641242742,-1.6046678065624873,4.595847749964139,0.14516217013271715,-1.1883073816677563,0.9791631483360864,-2.2619736889917466,5.474667957459267,-0.20190711933718625,-1.3610641028609485,-3.7229245853166346,2.383458642228841,1.5607304212157478,-0.3227611168013216,5.402171823515253,-2.564860453291434,2.766712577575278,2.0355338658812485,1.258492840253248,-2.0145313175240522,-2.921098684216191,2.4753228037349917,0.31885262185030866,-0.46505061744899745,0.4475931447253299,-1.7171017718959398,0.321220815942648,-2.7266895274405116,-3.7285303883377177,0.3777102167480768,-0.5381106860548575,2.208001320480061,-0.18277925874635986,-2.4412826096099414,-2.0003181681785085,5.7553561494709715,1.5730692392980556,0.3819506776143374,1.5130383129099723,0.6048946932315289,-1.516976075450039,1.4112272417086527,-0.9599636393023161,1.8938861722328186,1.7806052220930224
-1.5561933392929244,-2.9289230095485252,-0.2595269013938083,0.6397072541240338,1.1132178653298845,1.5687362827076468,-1.0289926436488566,-1.4095790805062405,-1.556602457555079,1.084431718693507,-2.7727900699790116,-2.5776773512231577,0.867209645455724,-2.12421954360973,-0.008939200892998662,0.5439000224842171,-0.4627218108458771,1.0827537057718026,-2.6466474793174655,0.056881807371110434,0.49739822772380793,1.7297226984017895,-1.134346209320422,-0.8648100816958633,0.16558905582844533,-2.564860453291434,1.2241982843574855,-1.321635669954383,-0.8761547869044104,-0.6369334383275496,0.8493890858932915,1.2870967746718134,-1.154288171076647,-0.1025582169111424,0.30562412664653166,-0.17606250873502055,0.9468303763452475,-0.25737137130437027,1.1912033687094585,1.7253180225636324,-0.19490300397249166,0.15454165898774452,-1.0335128366567163,0.24076076629876894,1.1425651981590048,0.9518402305454531,-2.8492127346245346,-0.7775465287029464,-0.1593691938479833,-0.7167190054375584,-0.2539796186043957,0.6090460960326172,-0.6428682989227983,0.4284121761600028,-0.9635875152340709,-0.916448830654739
1.698820981738009,3.1676134421864117,0.29888984423544507,-0.704846648317176,-1.2070545064608174,-1.6750923109876703,1.1040413346151878,1.508586592276511,1.6800974160422575,-1.1600033479604213,2.9916576670826305,2.7833663847364214,-0.9518058835941056,2.28221667324314,2.246597095357245e-4,-0.5836468279845295,0.4989568156001904,-1.1692688888501561,2.8625126139241077,-0.05503459337104918,-0.5133100865878527,-1.8599871416208436,1.223849346013401,0.9521104689076489,-0.1808126820313092,2.766712577575278,-1.321635669954383,1.427157926376589,0.9312565738914368,0.6932957804955746,-0.8997352122618718,-1.3730044138463309,1.241816603310884,0.10301515035087364,-0.3431545519862917,0.18438596496821255,-1.041744345113683,0.2941642279932621,-1.2687289966080657,-1.854061563181141,0.21244007619874106,-0.151255900198701,1.1124802897847357,-0.28358706701569647,-1.2297643872368589,-1.027068683519352,3.0916529565158553,0.8437015002398589,0.1685352271957929,0.7730071125086183,0.26862797612718536,-0.6394631518503573,0.6892275066829633,-0.45789552598896976,1.0497497760564316,0.9997542791209482
-0.6973795172074725,1.5629085255707567,-1.5789988048853631,0.905784048205495,-0.29252886345145807,-2.8626051982617513,1.3899327419540837,2.270475130985255,1.1617370861886218,-1.7890138437278877,2.1409193353762808,1.7841618861556634,0.886457812807077,2.547949589439688,0.9026189046637495,-0.7358612575460012,0.401227469762988,-0.7270087362957331,1.394664969774174,-0.625051390706768,-2.6178736616398237,-1.9388199365911352,0.8576380139429864,-1.164046450781725,0.05035569863467993,2.0355338658812485,-0.8761547869044104,0.9312565738914368,2.0465687363258827,-0.08261754878854362,-2.2759376143489094,-2.5142511175007294,1.228674039129979,0.8109256520522411,1.0222848524970323,0.6858233795700298,1.2157133561097495,-1.360581541993643,-2.4890012102984977,-2.0401639726231395,-0.08033145820585189,-1.6338419201334882,1.040875210767511,2.110900652828946,-1.1520448792129294,-0.7235695673553684,0.5182628309236306,0.16051256359972554,0.4553159661019066,0.5948229596164005,0.6961872310284282,-2.1428365211425175,0.915985865413157,-0.7491727405889773,-0.19459587840843637,-0.3331586123869354
1.4967566467116118,1.7262283078856082,0.8047893482460863,-0.8502070865462196,-0.7704740987210021,-0.15583184912216447,0.28740608446310845,0.25468319879506074,0.7918511609243172,-0.17979631130613835,1.3831616235729927,1.36407993207235,-1.0229223328040853,0.7150654397715343,-0.3354381780089641,-0.15152757949384996,0.21425491550599246,-0.5814148743659008,1.5665438139808177,0.1922935834972987,0.5994565310783248,-0.6339698213170188,0.572613422996597,1.1263546541488054,-0.1504074910881778,1.258492840253248,-0.6369334383275496,0.6932957804955746,-0.08261754878854362,0.5357228222915942,0.19085859366408278,-0.06527461166444033,0.44773126520925294,-0.22647601690597535,-0.6300405151020172,-0.12070210910703955,-1.2108613162098636,0.7201444441234934,0.0012693181315920276,-0.5919786248992711,0.1846349030897062,0.497335157240753,0.4233475309575515,-0.9914481168171555,-0.4674527876088972,-0.47910663875742576,2.0593298093714996,0.5548742885109457,-0.04653307355479285,0.34189909259430507,-0.06316427725659442,0.33092461550977503,0.16147109913002217,-0.05498441809981371,0.8369897450525957,0.852107844250656
1.0485291115056197,-1.4054743288624574,1.8938227704448705,-1.158569508316025,0.17990328160235208,3.133120214495541,-1.4818868773968852,-2.4606059372865983,-1.1360191705045573,1.9427449211507632,-2.10776076115724,-1.7172170458168166,-1.1692944649253276,-2.681595946283976,-1.0593984622999921,0.7846401738709092,-0.40333112130061655,0.6950027272556064,-1.2493200973090615,0.7262372811204397,3.0031332626297047,2.0237724689166376,-0.840963594103726,1.4951478222061956,-0.0836483559367936,-2.0145313175240522,0.8493890858932915,-0.8997352122618718,-2.2759376143489094,0.19085859366408278,2.549425412560449,2.765063920208248,-1.2739841501418439,-0.9378443454073621,-1.2463880114276997,-0.7799568362011889,-1.567912592703417,1.636801822561525,2.749612633984807,2.143540802235861,0.12299338600811682,1.8971074002381763,-1.071077489307107,-2.515950059548413,1.185699386349016,0.7102050909572709,-0.1896953433914904,-0.07412003729744145,-0.5115782604005903,-0.5934556999234241,-0.780790368811535,2.4285326925916273,-0.9817846972209465,0.817307257155612,0.37059810220484807,0.5264172464844616
0.39651255063630514,-2.4808402670563696,1.7079908862582538,-0.8578888699078826,0.6045432181106052,3.6023057357438693,-1.815326151898826,-2.8980283537829186,-1.6900335395731176,2.277080277152108,-3.090960739430707,-2.6420879999492985,-0.7796582309149936,-3.3869746562046483,-1.0153244128569454,0.9608007726253116,-0.5650409191059422,1.0847112715594494,-2.221978545960651,0.7158181670443582,3.061644303634201,2.60527278220527,-1.2442133620496492,1.0918172449844963,-0.015610163310641197,-2.921098684216191,1.2870967746718134,-1.3730044138463309,-2.5142511175007294,-0.06527461166444033,2.765063920208248,3.1411746086182872,-1.6654941821030034,-0.9355995515792302,-1.0716992766061157,-0.8133255245496808,-1.1294137537566398,1.4633185934767579,3.089230279713572,2.71797445901999,0.041632360862209644,1.8719011731143658,-1.4247548124921727,-2.3093441487787567,1.576648699502721,1.048322749938568,-1.288732182483126,-0.37298565768981035,-0.550541388676441,-0.8453691762416682,-0.8445109400453588,2.5562933274020314,-1.187598461178285,0.9471312141780707,-0.020520527014086805,0.14656642657755278
0.9536048804159827,2.610343469924155,-0.25631077103317046,-0.2162903424206191,-0.9066239063402275,-1.9731720909875938,1.155675292778515,1.6870624698421568,1.481131321245847,-1.310071499734659,2.659042629972357,2.413378160647757,-0.3902487063951137,2.2948650778856057,0.2627887424778335,-0.6110970788497027,0.45602568109485303,-1.0075054024831935,2.3537782502671782,-0.21972684058746816,-1.1108264666237997,-1.8298994016813368,1.0828910769901412,0.30969698431729775,-0.1079141321733319,2.4753228037349917,-1.154288171076647,1.241816603310884,1.228674039129979,0.44773126520925294,-1.2739841501418439,-1.6654941821030034,1.2027413706507848,0.30596578025032006,0.06421367896306919,0.3246759944860306,-0.35579140875529014,-0.19582282495216496,-1.5877085130993143,-1.8554814525277388,0.12169740394591176,-0.5775587810637413,1.060111127114695,0.4206141930620929,-1.172444718613786,-0.9095940088818871,2.255210431406057,0.6206476915888878,0.24704444422786181,0.6989124017943705,0.3856438975292788,-1.0588351367693447,0.735558114324711,-0.5295084762077983,0.6574199669653513,0.5834481650749263
-0.8106873012594662,-0.03175790932003544,-0.8954493627861014,0.6549913660797723,0.168722130489726,-1.0357201909025042,0.42579857965695683,0.7736960374758204,0.1551263621725546,-0.617282261370304,0.31369752203547724,0.18448135692301135,0.7104130167839694,0.7121662479482209,0.46650057090762725,-0.2256264475362554,0.0750914586397735,-0.06590482589416778,-0.0378491080009799,-0.3085695952233095,-1.2170719265341103,-0.5091577938134698,0.11900026129476908,-0.8539762471565492,0.07403924990991247,0.31885262185030866,-0.1025582169111424,0.10301515035087364,0.8109256520522411,-0.22647601690597535,-0.9378443454073621,-0.9355995515792302,0.30596578025032006,0.39184247065986944,0.6194213624023885,0.30556326834368747,0.9044183113811513,-0.7812713708753714,-0.9502789142058014,-0.5631348926304632,-0.09774477969224873,-0.8042986853978041,0.24318056867455143,1.1661773081587357,-0.2695864202776827,-0.10179428234581073,-0.5515056650421466,-0.1407015470290142,0.1906559253560675,0.10253045850931891,0.288700272379452,-0.9381555408149668,0.2907818550728425,-0.2658589434264681,-0.37889238641227363,-0.43719844340005126
-1.9721347551241148,-1.1976305263641887,-1.6088165176222866,1.3522447430764661,0.7187973057921334,-1.1307627133569482,0.31469062281576987,0.7515108316808674,-0.3471354487046426,-0.6154868510994445,-0.5549706253235521,-0.6963354695274873,1.5341953716587875,0.369226544357651,0.7817286799231861,-0.16715965426835463,-0.054564220959883204,0.31183800548804674,-1.0976042140745537,-0.4974723001374093,-1.8541286249480091,-0.18132997432001027,-0.2424451877042212,-1.774897309453567,0.18967096994898375,-0.46505061744899745,0.30562412664653166,-0.3431545519862917,1.0222848524970323,-0.6300405151020172,-1.2463880114276997,-1.0716992766061157,0.06421367896306919,0.6194213624023885,1.162219528372488,0.44528329164193503,1.8917440613835144,-1.4156748554616598,-1.1342610646237288,-0.27400083301399186,-0.24028366876310706,-1.2928545593733023,0.005734286689345656,2.056517417668174,-0.007710962937823601,0.20039469981629016,-2.0409473775096703,-0.540728930118572,0.25856091228244693,-0.10755430608499096,0.38693198212503105,-1.3413257006428536,0.2383204353840347,-0.2800795173947566,-1.0144211288267815,-1.0938708204966399
-0.49041360245606025,0.21094192707018425,-0.6584084515712049,0.44569843108519913,0.03872486903161055,-0.9115118067106036,0.40565349924877686,0.7002012701837853,0.24271475643961976,-0.5552818809007403,0.4603782374365714,0.3467439791661446,0.46962974035846267,0.7105620184123727,0.35464635772929565,-0.2149236601098464,0.09423562718781239,-0.13675188746466516,0.18366290619956685,-0.23846972821097856,-0.9633996779391619,-0.5250843663862756,0.1810571000509853,-0.5787478467406522,0.04264400962378737,0.4475931447253299,-0.17606250873502055,0.18438596496821255,0.6858233795700298,-0.12070210910703955,-0.7799568362011889,-0.8133255245496808,0.3246759944860306,0.30556326834368747,0.44528329164193503,0.24613462937032546,0.6105020996687042,-0.5720317000137918,-0.8165048219111636,-0.5656191510589075,-0.058771775304420265,-0.6230033562098425,0.26733560141890633,0.8657551288733337,-0.29603297558752145,-0.1535472362371794,-0.1900436283690545,-0.0442517945151395,0.15750226173704,0.1354040182819913,0.23927859956401792,-0.7605554148058215,0.2721966839373587,-0.23612331391397517,-0.20997566567467438,-0.25818003502686265
