V1,V2,V3,V4,V5,V6,V7,V8,V9,V10,V11,V12,V13,V14,V15,V16,V17,V18,V19,V20,V21,V22,V23,V24,V25,V26,V27,V28,V29,V30,V31,V32,V33,V34,V35,V36,V37,V38,V39,V40,V41,V42,V43,V44,V45,V46,V47,V48,V49,V50,V51,V52,V53,V54,V55,V56
18.575185121404616,2.0525484194360795,7.306099052004826,-19.68810462370216,32.68296538171782,34.40289860191338,-4.723357186911918,-40.62227047365213,-9.047289179169946,-18.890733251268674,-4.343097153817046,-14.380343551683351,13.029843591278249,-4.257623404686179,11.837246882394325,6.65936817252606,19.441072977793574,36.17666370029346,-46.01724539234855,33.5664519409718,27.732186366676736,-7.655976749794021,-6.255479188623401,1.572742135986923,11.750508790446817,-39.8444978272383,4.422910774290816,1.8378948261936183,16.460955468087388,5.699790491074047,-40.81256461722984,-16.15750710325954,-28.485013377011555,18.01217615327202,38.49647994301364,19.75533261417611,24.289207847790472,15.435093826128435,15.86400869436748,47.428937487737144,-9.694716269627822,41.8635555780938,7.907856215524038,11.306045241950153,-44.331409429646605,-56.793812234069684,-22.24747385787447,-11.45799375615965,-11.00154612319319,7.035328344294309,24.8614889479143,-0.6143293314015064,6.982489416795826,26.473323451829835,-35.51552283278245,34.281420847219174
2.0525484194360795,0.8153466948601512,0.5117260307174311,-2.593745145217889,3.199561834793322,4.488476869918587,-0.5974758028800927,-5.724924638798285,-0.4771963659203722,-2.4365553080982245,-0.5640420491240707,-2.3031700570343285,1.7444672762269933,-0.42855216095957355,1.738222917797412,0.806755158729881,2.159373396926332,4.510181111528669,-6.6086317763917695,4.711380700725006,4.0014772209482254,-0.690617712823072,-0.6382425825324141,0.5472626211296358,1.5467364303292597,-5.363596703918905,0.2925293312391645,-0.49212137461364264,2.2687725411161566,0.742925795271191,-5.1506386061675125,-2.3881376325119423,-3.9998626652505815,2.5320455867615363,5.884407072707552,3.0038997207750673,4.011404493808363,1.6066806587726532,2.324551819928147,6.480103008305831,-1.7157726595497693,5.727733227109597,0.9513893903706768,1.8768380748304279,-6.060305679436577,-7.74973961150901,-3.2795605382942923,-1.9071070017993434,-1.6894479295244071,1.0801233813417452,3.8275421456157797,-0.02417864633471519,0.7702787227785195,3.490703427021661,-4.994833217874167,4.625401516722263
7.306099052004826,0.5117260307174311,3.2969196377406145,-8.106766020975959,13.772769776111446,13.991959785981607,-1.9493495336693005,-16.260233744968627,-4.124387300796284,-7.623384571234938,-1.4978388858984204,-5.817653395615522,5.583776979820026,-1.9649186326430923,4.187142692111415,2.7035457547200674,7.950468550787314,14.453587310174834,-17.852802100138643,13.112655152867054,10.572577509762851,-3.1589401214543344,-3.1940114331269256,0.3563168219664464,4.476316414358415,-16.00775792587108,1.9917341930586439,1.1922079272769956,6.228381927447553,2.2966275068163338,-16.324168500824857,-6.455540604747081,-11.481659351371489,6.752374906649368,14.664028154709758,7.752268853408421,9.378981294009275,6.004442853106063,5.785796669336877,18.98926855106819,-3.64072437970374,16.38357184817244,3.4574163026526143,4.106024396300754,-16.925656183510828,-22.337856585890524,-8.773295919286351,-4.269257993684211,-3.961687426751304,2.981516035094207,9.36699493518346,-0.09094369419061625,2.8954405718727534,10.279301200900575,-14.144892986778961,13.433535231492549
-19.68810462370216,-2.593745145217889,-8.106766020975959,22.49918417702273,-35.905981768470596,-38.76680256534135,5.352240299567915,45.94716401599799,9.905992224874291,21.122394333016345,4.262016762582368,16.937971039241567,-15.453814342607423,5.115935971905142,-12.2562674105334,-7.3482727866992334,-21.287849912057883,-39.80141880838368,51.05425235842079,-37.20048398012952,-30.336229837690457,8.19458606690002,8.203003294923118,-1.7333001604165998,-12.530536260015806,44.774170277405915,-4.89084504055762,-1.7405708123923533,-17.670865795193084,-6.357084123062218,45.06860794027062,18.51325378506619,32.392091236611144,-19.333237421728096,-42.689587224560746,-22.3903780267299,-27.80539388467711,-16.01289132617297,-16.820534176293382,-53.28805311181764,11.050332054149342,-46.167776025104544,-9.333948382210865,-12.336426383144945,47.888008320366595,62.86443335068772,25.18531934003926,12.791976209071384,11.66000927326391,-8.494408196706754,-27.393471344766393,0.24139401072176916,-7.691618481542601,-28.79793734968189,40.03028457951789,-37.74174851838507
32.68296538171782,3.199561834793322,13.772769776111446,-35.905981768470596,59.67337708052341,62.20745988605572,-8.604761252208046,-73.01602483551412,-17.09910232487747,-33.99211771383799,-7.120551640980563,-26.20407189369637,24.376968293747783,-8.255728666339472,19.835590717182857,11.971973156274979,35.014661287899685,64.58802570807576,-81.30438876280293,59.45445331549266,48.48607314720984,-13.783855769690499,-12.945972638030849,2.2892388871788003,20.416667163029558,-71.6336755789664,8.32860577092709,4.050570340032918,28.56683406249978,10.23972902483072,-72.95980177890964,-29.11415025394362,-51.41509787064407,31.14803662216361,67.4849698102578,35.229659171946565,43.13016996874724,26.90794701830217,27.052814613600198,85.13519024997424,-16.998750300333125,74.12267305837362,14.907906865204655,19.36597139060622,-77.33427833943644,-100.85254980916419,-39.75694160729122,-19.938762709859045,-18.65712634618564,13.146141104209715,43.32723649648892,-0.6547930903522342,12.66089595029638,46.58589579554332,-63.66054169037284,60.71116051390508
34.40289860191338,4.488476869918587,13.991959785981607,-38.76680256534135,62.20745988605572,67.01066135150941,-9.237278413231769,-79.45166047118347,-17.08931960361678,-36.55567105489825,-7.600305223533876,-29.092540146299598,26.427569667863402,-8.695030305959781,21.61836996016464,12.757773475356252,36.95448522361739,69.09858730009583,-88.63852434804431,64.59696558866504,52.847674682537495,-14.245940342592142,-13.727917724355958,3.0879419281862277,21.936696718758686,-77.46419682197514,8.434151532952255,2.9795104366331366,30.900912537217366,11.018254793980955,-78.19015659331394,-31.925239822977115,-55.93955065859067,33.79904798508921,74.21837784511854,38.74704756559542,48.06626232030615,28.097792971207113,29.509162443782067,92.23069680487384,-19.152475893245587,80.23161757909118,15.957356389004556,21.55883055176954,-83.60050032665708,-109.15150075716235,-43.54875297169124,-22.232388722414356,-20.485927557586212,14.513925066678803,47.69219343723857,-0.562637643277613,13.348520006546625,50.154349616919234,-69.25256320163801,65.59301506112838
-4.723357186911918,-0.5974758028800927,-1.9493495336693005,5.352240299567915,-8.604761252208046,-9.237278413231769,1.2753376245594434,10.934407393293673,2.385265278001259,5.0353204252105375,1.0279122101590403,4.009997383371568,-3.664713566126277,1.2155216960622794,-2.9351913191874646,-1.757277949020406,-5.095360822658771,-9.506010227654299,12.159781872783181,-8.86657840608439,-7.235019456155649,1.966824125014241,1.9386384603584044,-0.40577027315105246,-3.000948099606595,10.665126871383736,-1.1753590021282103,-0.44046337592443985,-4.225387330108286,-1.5168752926431197,10.758627851926386,4.394812790403602,7.7048210031248,-4.618564107018794,-10.161721927680624,-5.321932125692275,-6.593180736859823,-3.8519650746196334,-4.0204056163183814,-12.692825005226563,2.61943974059517,-11.013491189807898,-2.217382963651341,-2.9371041261637894,11.443870934730613,14.991873458444664,5.985781264940295,3.038183511429017,2.786851128964856,-2.0097593481208396,-6.52250503201297,0.06628912625762698,-1.8424554492082674,-6.878864840573992,9.52661607915771,-9.00539423526525
-40.62227047365213,-5.724924638798285,-16.260233744968627,45.94716401599799,-73.01602483551412,-79.45166047118347,10.934407393293673,94.52271857598353,19.736635804702683,43.33419820928658,9.07526378110191,34.75464588912642,-31.28598540449114,10.174280851135144,-25.89617928934663,-15.096790165572832,-43.5831490255424,-81.85760202601968,105.64765361037973,-76.91632461881746,-63.05599331282295,16.687195899163196,16.01890969454916,-3.938315028095423,-26.097831617487078,91.98657932490744,-9.785685840749549,-2.987351108181062,-36.827338947461044,-13.071843686026702,92.65942913374619,38.036060021497185,66.51841760206732,-40.31476917929133,-88.75036149277528,-46.26614081303006,-57.60895806220182,-33.13356819345394,-35.296997698933126,-109.602031535093,23.053742716995213,-95.44308882468498,-18.81098856899781,-25.922445318189204,99.55682573355003,129.80304922090227,51.91416879305993,26.69637851439226,24.569268222667034,-17.279995817695937,-57.07111794545682,0.6668328137785713,-15.738856611700005,-59.59852473171129,82.39092166648685,-77.98278268977963
-9.047289179169946,-0.4771963659203722,-4.124387300796284,9.905992224874291,-17.09910232487747,-17.08931960361678,2.385265278001259,19.736635804702683,5.227441832211103,9.330922798184389,1.835006577666024,6.98562323741911,-6.81125702937682,2.4365939365327094,-5.077177439549851,-3.3088169679494945,-9.812219834090456,-17.732147714760806,21.678884491012642,-15.93488892006702,-12.822595712643615,3.961636640964685,3.928452590001323,-0.33480279361116494,-5.457219680012053,19.518113953571657,-2.5067673390245253,-1.6593450691150597,-7.574489313177192,-2.8000385996310238,20.011298435177775,7.826767853248701,13.945415268086087,-8.218697114245321,-17.685856106789625,-9.346785629767634,-11.231442571109223,-7.463709621043338,-7.014378395206815,-23.11326213666706,4.31727670226586,-19.944258116556163,-4.245532477881364,-4.905642866749239,20.61065578427001,27.20113602600916,10.632479663099296,5.111211508528736,4.768689141426899,-3.5856056042773017,-11.295185503002468,0.13998401485703163,-3.558885379793662,-12.567472447349012,17.19062801004768,-16.378247132437945
-18.890733251268674,-2.4365553080982245,-7.623384571234938,21.122394333016345,-33.99211771383799,-36.55567105489825,5.0353204252105375,43.33419820928658,9.330922798184389,19.96273098174501,4.211155898787638,15.807942450714624,-14.342630247056814,4.70890938610182,-11.913466445079688,-6.9691012243029045,-20.210149106441925,-37.79424238744671,48.467496829652966,-35.314765899090744,-28.93737063488586,7.814181139890536,7.35977960619646,-1.6949869126773807,-12.035472518907468,42.28036931661523,-4.6008260041505995,-1.6393473888874746,-16.94820582335267,-6.015005527234553,42.752353992749036,17.401100777558753,30.49455246893536,-18.548319941929094,-40.585194606010425,-21.13413432931887,-26.203918063320508,-15.462242191121979,-16.21764745777383,-50.33760295232784,10.445428555157312,-43.878489194036845,-8.660986597591846,-11.81241560771361,45.82542371719713,59.671670621003656,23.764220516991582,12.15565485735305,11.25582345034809,-7.860704710734078,-26.10134747871162,0.3561349353289042,-7.288779676658908,-27.473979233989038,37.7933894566597,-35.880557192460365
-4.343097153817046,-0.5640420491240707,-1.4978388858984204,4.262016762582368,-7.120551640980563,-7.600305223533876,1.0279122101590403,9.07526378110191,1.835006577666024,4.211155898787638,1.1486394996461884,3.1085016717267404,-2.661074002964739,0.7988450712899995,-3.0087779791209837,-1.4975859786038779,-4.347362009038969,-8.205070664835105,10.617962272073523,-7.720965012896966,-6.5373057279163245,1.7089203357050822,0.973141559580341,-0.482486710511668,-2.8162815659360465,8.89728866589713,-0.9040929143679778,-0.24377779948470346,-3.9449223945477123,-1.27956379430511,9.228275112593302,3.5743405177389285,6.305568192049345,-4.332088216447804,-9.0193044409585,-4.478520327332928,-5.534658757773388,-3.6783142541300804,-3.9118948522078107,-10.629822521557097,2.265821706228918,-9.646304564440674,-1.5904626296453834,-2.763136019599885,10.514458091053083,13.008948787779254,5.011636636477379,2.713235829786676,2.7438909378589336,-1.442867613339002,-5.886621618883687,0.24979351897177327,-1.548013015252437,-6.170254661380156,7.970253058622535,-7.8943135721668725
-14.380343551683351,-2.3031700570343285,-5.817653395615522,16.937971039241567,-26.20407189369637,-29.092540146299598,4.009997383371568,34.75464588912642,6.98562323741911,15.807942450714624,3.1085016717267404,13.061473553466165,-11.72766983779139,3.8082481523420166,-9.156344628526478,-5.460670081634794,-15.671440584586257,-29.60681610288509,38.54194944195395,-28.021220871539537,-22.858566558976396,5.903901896982149,6.218253864092986,-1.4971046830837083,-9.316345965189974,33.67559267886038,-3.4931957653730032,-0.8335374043717678,-13.211080896349415,-4.763120213737938,33.58472130905766,14.091602219015668,24.51416422414027,-14.474795579632612,-32.43959804250133,-17.07071817196375,-21.41445385655845,-11.583768817795729,-12.620289096250168,-40.13851162171942,8.574781278106606,-34.66111238644058,-7.015591504350152,-9.436283428235917,35.81019956422899,47.21507292284726,19.12846429933115,9.819961247091163,8.797353807093982,-6.550983872776074,-20.807082510008723,0.08181827264972256,-5.671789906929333,-21.482919670292517,30.247612229536994,-28.285876653563495
13.029843591278249,1.7444672762269933,5.583776979820026,-15.453814342607423,24.376968293747783,26.427569667863402,-3.664713566126277,-31.28598540449114,-6.81125702937682,-14.342630247056814,-2.661074002964739,-11.72766983779139,10.823439317340032,-3.641843344412483,7.888803190088772,4.963638420037113,14.363182844247007,26.81040004388763,-34.34829361775412,25.03769512929683,20.233524115053513,-5.493844886726495,-6.0821326884964515,1.083369052983238,8.263022975063983,-30.43489392415295,3.3668466657664253,1.235858911684045,11.676363977840081,4.308183059324576,-30.40934878999823,-12.672102651768931,-22.127155116401024,12.762317955671952,28.625562091499997,15.210232903142371,18.919951172567508,10.480009065654974,10.99592199370798,36.19505875622078,-7.472418932926297,31.018375885071748,6.546590009813972,8.155845443293778,-31.777295289161053,-42.3333487849312,-17.12320084830985,-8.574445170173263,-7.601192918937514,5.970815107002105,18.29210780000964,-0.0036725259798774043,5.208515251569005,19.22267051265735,-27.205552590773756,25.347642550874415
-4.257623404686179,-0.42855216095957355,-1.9649186326430923,5.115935971905142,-8.255728666339472,-8.695030305959781,1.2155216960622794,10.174280851135144,2.4365939365327094,4.70890938610182,0.7988450712899995,3.8082481523420166,-3.641843344412483,1.2794152453396253,-2.399580295204606,-1.6334502715872663,-4.77328057185046,-8.77292654157036,11.006655281989346,-8.05240719023794,-6.419476857490115,1.857272518099985,2.2001917944095615,-0.23847849124602227,-2.625978251546812,9.944798583006323,-1.1895814365251856,-0.6069937544051297,-3.693541752205644,-1.4091418906870619,9.95099774934189,4.1164794626543575,7.223051169528269,-4.022012022505711,-9.050409416968375,-4.879527382321452,-6.001908339307096,-3.4134131864887007,-3.4052086910989448,-11.793167030708993,2.3251318261410634,-9.994434539719341,-2.232597813475765,-2.501405550233926,10.110428344689842,13.677519102001634,5.5257004398813745,2.671534262493529,2.326315532006603,-1.9799995049835646,-5.750725222548689,-0.034825553907929026,-1.7368419854668709,-6.186879055769924,8.834455755680311,-8.180973881501085
11.837246882394325,1.738222917797412,4.187142692111415,-12.2562674105334,19.835590717182857,21.61836996016464,-2.9351913191874646,-25.89617928934663,-5.077177439549851,-11.913466445079688,-3.0087779791209837,-9.156344628526478,7.888803190088772,-2.399580295204606,8.1244122466943,4.190514834236386,12.098392433108021,22.942037853109728,-29.90468730195982,21.719079526446855,18.23600178432572,-4.678929231755455,-3.230142737957824,1.3653739048982012,7.71703908297386,-25.26537889043616,2.522954525123588,0.534710164309802,10.864007932285777,3.6109599402592742,-25.872690855828708,-10.307687091064825,-18.06551125472061,11.938491187407273,25.40237720231365,12.804155098713988,15.951164255762778,9.887776704011491,10.706616937031948,30.18053383013752,-6.509443119473122,27.035066397508476,4.695475277903555,7.7067118794933,-29.070926799779514,-36.55126832859354,-14.32124095105411,-7.684798533257717,-7.509807915717267,4.338790600868528,16.511768524047472,-0.5275385583445612,4.321061788783086,17.134042777198296,-22.690488490654726,22.09838391360912
6.65936817252606,0.806755158729881,2.7035457547200674,-7.3482727866992334,11.971973156274979,12.757773475356252,-1.757277949020406,-15.096790165572832,-3.3088169679494945,-6.9691012243029045,-1.4975859786038779,-5.460670081634794,4.963638420037113,-1.6334502715872663,4.190514834236386,2.4490424282963494,7.103941055789334,13.235040140878127,-16.898579251324012,12.331396098366595,10.114640351290337,-2.7530234563230445,-2.534488316074211,0.5794761003564921,4.2377915186315,-14.745963967010958,1.627341461548866,0.6248672393991445,5.9508030144467625,2.1055089293839635,-14.958917790363353,-6.032198223799561,-10.613519235836828,6.497841077713855,14.145444551029774,7.349938304885317,9.075667821768697,5.473550061991523,5.6873592341467365,17.559690459145074,-3.619152791101441,15.34430855206873,3.0058798810322993,4.120599389708611,-16.070430528760607,-20.85553833745361,-8.256220225828105,-4.220689472394071,-3.9509183728487547,2.7141555819911702,9.100208240736963,-0.14105917626506098,2.56919163110229,9.62306753164754,-13.162385151014007,12.549676246516901
19.441072977793574,2.159373396926332,7.950468550787314,-21.287849912057883,35.014661287899685,36.95448522361739,-5.095360822658771,-43.5831490255424,-9.812219834090456,-20.210149106441925,-4.347362009038969,-15.671440584586257,14.363182844247007,-4.77328057185046,12.098392433108021,7.103941055789334,20.7018964011418,38.43359368789274,-48.79894634485976,35.625788218558625,29.193987385319474,-8.097653806132257,-7.370302168655776,1.5600503341550356,12.267764247573767,-42.673323929934284,4.802849818250627,2.0531469391067096,17.202911945547196,6.093820284010048,-43.41980680964838,-17.400607937391904,-30.649213183193936,18.790671301139355,40.70957624807004,21.145263448196907,26.019668217553313,16.014733803281427,16.415669084062973,50.76990885697201,-10.329442163351905,44.37261653833302,8.731706903809219,11.807833713035173,-46.48576003076062,-60.31825798641514,-23.813743057977675,-12.102661296021175,-11.364959790847456,7.793659145652846,26.188667837853913,-0.44387513277082463,7.471376695595788,27.892390204129267,-38.023309861933,36.320402834849794
36.17666370029346,4.510181111528669,14.453587310174834,-39.80141880838368,64.58802570807576,69.09858730009583,-9.506010227654299,-81.85760202601968,-17.732147714760806,-37.79424238744671,-8.205070664835105,-29.60681610288509,26.81040004388763,-8.77292654157036,22.942037853109728,13.235040140878127,38.43359368789274,71.80428012217993,-91.93207874459857,67.00224214581382,55.06080007299219,-14.925895831479115,-13.462720076335225,3.230026907218866,23.028861202259794,-79.96929109135556,8.72634362702821,3.20730850914792,32.381447387245096,11.396733829431396,-81.15919424404711,-32.775061714526544,-57.534756801688886,35.4354120502339,77.00419186278255,39.91066609091039,49.38233122532845,29.74939768925432,31.068767097643526,95.21853347146799,-19.708789246294362,83.33792003085557,16.203973753975266,22.4961177618867,-87.42995670243118,-113.24103186188144,-44.87925046613736,-23.031903041764522,-21.570337666396924,14.645014463624275,49.591545163231906,-0.8438127080874919,13.846874537784082,52.32990220412124,-71.4403864882986,68.16938416159941
-46.01724539234855,-6.6086317763917695,-17.852802100138643,51.05425235842079,-81.30438876280293,-88.63852434804431,12.159781872783181,105.64765361037973,21.678884491012642,48.467496829652966,10.617962272073523,38.54194944195395,-34.34829361775412,11.006655281989346,-29.90468730195982,-16.898579251324012,-48.79894634485976,-91.93207874459857,119.02062132686613,-86.57127363642694,-71.37915309258051,18.733232742574696,16.80693317225742,-4.686181787086289,-29.66622886375775,102.8677989091632,-10.757252272838182,-3.0098706786112426,-41.861230955320394,-14.625969885002968,103.98402562692574,42.44776239465421,74.20791247904548,-45.89681982405183,-100.2482583227132,-51.84837423597738,-64.61427666100005,-37.734230042505125,-40.422341108244446,-122.6294937485902,25.97236276736053,-107.47763687080776,-20.5964431459405,-29.5524395613718,112.90543432805613,145.9749118336719,58.15682625342705,30.2176182882167,28.181224746443956,-18.95258550449392,-64.6361307963566,1.0675079803474106,-17.55989451027389,-67.35056249082797,92.21697886246638,-87.8261726613365
33.5664519409718,4.711380700725006,13.112655152867054,-37.20048398012952,59.45445331549266,64.59696558866504,-8.86657840608439,-76.91632461881746,-15.93488892006702,-35.314765899090744,-7.720965012896966,-28.021220871539537,25.03769512929683,-8.05240719023794,21.719079526446855,12.331396098366595,35.625788218558625,67.00224214581382,-86.57127363642694,63.00267218613768,51.911408134317824,-13.690641008987717,-12.32497018964827,3.3506496403790207,21.60570252603318,-74.92246228682426,7.897093726637566,2.330511674373404,30.46296307436246,10.661348909605247,-75.77610023583098,-30.871916732959157,-54.03045619073045,33.374973160808295,72.86164398362587,37.70645962335207,46.92509735697246,27.536845559523908,29.371436472473704,89.30631699804279,-18.84464875418049,78.24588121163471,15.034984790793409,21.447017668072508,-82.17058584277261,-106.28044648493689,-42.295538660425606,-21.929576078310657,-20.470617415561474,13.800464702975466,46.96372806089218,-0.7693814745635773,12.832774801088732,49.03633199071918,-67.12322393779866,63.94544346685251
27.732186366676736,4.0014772209482254,10.572577509762851,-30.336229837690457,48.48607314720984,52.847674682537495,-7.235019456155649,-63.05599331282295,-12.822595712643615,-28.93737063488586,-6.5373057279163245,-22.858566558976396,20.233524115053513,-6.419476857490115,18.23600178432572,10.114640351290337,29.193987385319474,55.06080007299219,-71.37915309258051,51.911408134317824,42.962397224932516,-11.215178754076161,-9.597625866133031,2.9077138474119386,17.930705540251964,-61.41348335926026,6.365623824026663,1.6946983742756225,25.284285632689674,8.744566564745684,-62.23990954724164,-25.276088898126858,-44.22705786606884,27.7252352651465,60.23790030735277,30.99370376390693,38.61543354706226,22.83081023615595,24.51454887001684,73.24871542093955,-15.574641334113505,64.48625672162181,12.116123421073816,17.867687917441245,-68.07408059168837,-87.49986131962756,-34.73215574152305,-18.168057639191147,-17.119474160176203,11.16367788947389,38.90211669855732,-0.7632637457504275,10.49650667563725,40.49744420626234,-55.073705204491546,52.695226434213744
-7.655976749794021,-0.690617712823072,-3.1589401214543344,8.19458606690002,-13.783855769690499,-14.245940342592142,1.966824125014241,16.687195899163196,3.961636640964685,7.814181139890536,1.7089203357050822,5.903901896982149,-5.493844886726495,1.857272518099985,-4.678929231755455,-2.7530234563230445,-8.097653806132257,-14.925895831479115,18.733232742574696,-13.690641008987717,-11.215178754076161,3.228766363611737,2.8154612754795076,-0.5166934001783223,-4.753790828778993,16.425602126864895,-1.9208322117111738,-0.9831368653014466,-6.64326191040218,-2.3485526620902206,16.840703889879972,6.640964151391264,11.734056847214225,-7.259994843874352,-15.528032709721286,-8.040393300930463,-9.814910502975042,-6.34729609038366,-6.328463491857657,-19.50957289085687,3.8644037002194414,-17.093012653003306,-3.366478914627222,-4.475042871602078,17.958760278661963,23.23171045115088,9.09984103458698,4.579848619348629,4.353922787040112,-2.9315246829302835,-9.99546137838215,0.21495110460230785,-2.9101011353164474,-10.807500079266227,14.5812080635312,-14.014945282709618
-6.255479188623401,-0.6382425825324141,-3.1940114331269256,8.203003294923118,-12.945972638030849,-13.727917724355958,1.9386384603584044,16.01890969454916,3.928452590001323,7.35977960619646,0.973141559580341,6.218253864092986,-6.0821326884964515,2.2001917944095615,-3.230142737957824,-2.534488316074211,-7.370302168655776,-13.462720076335225,16.80693317225742,-12.32497018964827,-9.597625866133031,2.8154612754795076,4.06332560469874,-0.26154582138233595,-3.825590295788312,15.586889437501688,-1.9238683334748559,-1.0258358616600207,-5.398400059882307,-2.199083258126152,15.328487838863982,6.54014703333692,11.452087015836623,-5.845102596082183,-13.711452262673603,-7.6382200711027215,-9.415671454838398,-4.874304932183442,-4.810711276052821,-18.460821651102385,3.597280280266326,-15.24090695968516,-3.739309612836426,-3.6464188943516365,14.936803745667305,20.972736231919182,8.649120648020492,4.033744840203827,3.2644212185601127,-3.341733403966111,-8.613739988157576,-0.25161411656648014,-2.716052648195377,-9.274025752379515,13.834829202636477,-12.460435097476656
1.572742135986923,0.5472626211296358,0.3563168219664464,-1.7333001604165998,2.2892388871788003,3.0879419281862277,-0.40577027315105246,-3.938315028095423,-0.33480279361116494,-1.6949869126773807,-0.482486710511668,-1.4971046830837083,1.083369052983238,-0.23847849124602227,1.3653739048982012,0.5794761003564921,1.5600503341550356,3.230026907218866,-4.686181787086289,3.3506496403790207,2.9077138474119386,-0.5166934001783223,-0.26154582138233595,0.403911306949384,1.175871359568584,-3.7133191273004,0.20134750073808816,-0.3294077113526858,1.7014189166837617,0.5231703904741667,-3.6643068472993425,-1.604069208934186,-2.722590875113373,1.8906503608890635,4.196379706395124,2.0722069088812005,2.7367703531265177,1.2863716157122447,1.767482202994855,4.498009341340502,-1.1882958807351427,4.106107300269024,0.5852082819007175,1.37466145361273,-4.49462114203098,-5.51882110894893,-2.251177115442316,-1.3490376605278507,-1.2889811754957512,0.6700268009550335,2.7544652086081833,-0.07701174790859537,0.5555577995772336,2.5523134961991656,-3.4493123126138014,3.3210898080189586
11.750508790446817,1.5467364303292597,4.476316414358415,-12.530536260015806,20.416667163029558,21.936696718758686,-3.000948099606595,-26.097831617487078,-5.457219680012053,-12.035472518907468,-2.8162815659360465,-9.316345965189974,8.263022975063983,-2.625978251546812,7.71703908297386,4.2377915186315,12.267764247573767,23.028861202259794,-29.66622886375775,21.60570252603318,17.930705540251964,-4.753790828778993,-3.825590295788312,1.175871359568584,7.563061658353368,-25.486179186886424,2.6944287686179043,0.8454642233586555,10.626490292204307,3.6437924940783173,-25.99492306655612,-10.396273236638262,-18.2752808236732,11.634658112427596,25.00812867814191,12.79488193696448,15.850608707826284,9.745230849160547,10.310616092969907,30.395575497250338,-6.392749423317977,26.89917678565902,4.96821560006619,7.43489591324735,-28.559563809881478,-36.46147314396055,-14.34056373763615,-7.505829217145879,-7.198290660601471,4.52658795092862,16.172433816739424,-0.390868830369312,4.4126107557432634,16.964739819424068,-22.80769039389732,21.995407683916017
-39.8444978272383,-5.363596703918905,-16.00775792587108,44.774170277405915,-71.6336755789664,-77.46419682197514,10.665126871383736,91.98657932490744,19.518113953571657,42.28036931661523,8.89728866589713,33.67559267886038,-30.43489392415295,9.944798583006323,-25.26537889043616,-14.745963967010958,-42.673323929934284,-79.96929109135556,102.8677989091632,-74.92246228682426,-61.41348335926026,16.425602126864895,15.586889437501688,-3.7133191273004,-25.486179186886424,89.6422216476383,-9.648692037807132,-3.204797994147991,-35.924550298768786,-12.746283914135018,90.4877169843038,36.97345822401071,64.73009223750668,-39.322662669420254,-86.27284874486274,-44.94093042299674,-55.83454219182241,-32.56354260671594,-34.40782596496722,-106.7652435050973,22.299756865755047,-93.03450804833676,-18.34024811145701,-25.156614093440187,97.12152693710736,126.52020298719552,50.48353918300472,25.893308475085952,23.914013069242873,-16.740676138129388,-55.484452757424684,0.7116665689082575,-15.398185425705185,-58.182838329769055,80.20657713170807,-76.04794265961306
4.422910774290816,0.2925293312391645,1.9917341930586439,-4.89084504055762,8.32860577092709,8.434151532952255,-1.1753590021282103,-9.785685840749549,-2.5067673390245253,-4.6008260041505995,-0.9040929143679778,-3.4931957653730032,3.3668466657664253,-1.1895814365251856,2.522954525123588,1.627341461548866,4.802849818250627,8.72634362702821,-10.757252272838182,7.897093726637566,6.365623824026663,-1.9208322117111738,-1.9238683334748559,0.20134750073808816,2.6944287686179043,-9.648692037807132,1.2078749304377436,0.7422490315680872,3.7496715793790343,1.382254593840671,-9.854524290169046,-3.890449595472084,-6.912371583372219,4.07183244335532,8.816061150909727,4.657854957141181,5.6304664757017315,3.6377762407499707,3.4852592889562963,11.437271629822357,-2.1782623419103575,9.868838379716392,2.0874332805464024,2.46223926357647,-10.196790563655005,-13.457432151567215,-5.284844053390293,-2.564274052474801,-2.378992742915042,1.78828817695698,5.6330061443106425,-0.06140260488946645,1.7431225548713414,6.202804836376676,-8.520390652404178,8.096726108185212
1.8378948261936183,-0.49212137461364264,1.1922079272769956,-1.7405708123923533,4.050570340032918,2.9795104366331366,-0.44046337592443985,-2.987351108181062,-1.6593450691150597,-1.6393473888874746,-0.24377779948470346,-0.8335374043717678,1.235858911684045,-0.6069937544051297,0.534710164309802,0.6248672393991445,2.0531469391067096,3.20730850914792,-3.0098706786112426,2.330511674373404,1.6946983742756225,-0.9831368653014466,-1.0258358616600207,-0.3294077113526858,0.8454642233586555,-3.204797994147991,0.7422490315680872,1.0649128378401003,1.0745593481680753,0.47985362482321714,-3.571063293345323,-1.0936490736725744,-2.1520423656312833,1.1114279174574193,2.036290651860036,1.1691703539234337,1.0739972288370165,1.5843264883504473,0.8080054348440673,3.6839249751396963,-0.26439020017527476,3.054513264301137,0.88341635617443,0.3560024045797427,-3.0260440469871996,-4.2217075341883135,-1.4508807838840008,-0.41752747244067245,-0.45465381746122796,0.513812602985702,1.2413906162007102,-0.0321031355986295,0.7526782323183446,2.023165791882195,-2.5973986965956044,2.5748797058516577
16.460955468087388,2.2687725411161566,6.228381927447553,-17.670865795193084,28.56683406249978,30.900912537217366,-4.225387330108286,-36.827338947461044,-7.574489313177192,-16.94820582335267,-3.9449223945477123,-13.211080896349415,11.676363977840081,-3.693541752205644,10.864007932285777,5.9508030144467625,17.202911945547196,32.381447387245096,-41.861230955320394,30.46296307436246,25.284285632689674,-6.64326191040218,-5.398400059882307,1.7014189166837617,10.626490292204307,-35.924550298768786,3.7496715793790343,1.0745593481680753,14.95352774449054,5.12821337644016,-36.567941612975346,-14.703643970291886,-25.794916805632184,16.3873063947125,35.32981439821484,18.087595081603684,22.467785034139276,13.624475698727988,14.527705655080055,42.852625998133625,-9.072253627109637,37.89426191463742,7.003072834558535,10.515879012671803,-40.197648151998116,-51.37181157639975,-20.267034628016493,-10.6314926241943,-10.148450110215357,6.416442398211452,22.847270524471558,-0.5308966992826464,6.182727576951464,23.872516842025465,-32.18525937342447,30.977167464441468
5.699790491074047,0.742925795271191,2.2966275068163338,-6.357084123062218,10.23972902483072,11.018254793980955,-1.5168752926431197,-13.071843686026702,-2.8000385996310238,-6.015005527234553,-1.27956379430511,-4.763120213737938,4.308183059324576,-1.4091418906870619,3.6109599402592742,2.1055089293839635,6.093820284010048,11.396733829431396,-14.625969885002968,10.661348909605247,8.744566564745684,-2.3485526620902206,-2.199083258126152,0.5231703904741667,3.6437924940783173,-12.746283914135018,1.382254593840671,0.47985362482321714,5.12821337644016,1.816073930956467,-12.889766169274676,-5.239800486863807,-9.193441941352562,5.606349450829359,12.264894236938055,6.380686496380733,7.909880774555533,4.669356787076988,4.90891737533552,15.18296099745049,-3.160105498839566,13.249386819201902,2.599994428648919,3.5786063741674523,-13.854226784398396,-18.012348380569108,-7.16343680890521,-3.673686784957985,-3.413660597527011,2.366893946354572,7.8895565153430045,-0.1096335361627364,2.2022304293735475,8.293612038502916,-11.39602623220658,10.831295293484994
-40.81256461722984,-5.1506386061675125,-16.324168500824857,45.06860794027062,-72.95980177890964,-78.19015659331394,10.758627851926386,92.65942913374619,20.011298435177775,42.752353992749036,9.228275112593302,33.58472130905766,-30.40934878999823,9.95099774934189,-25.872690855828708,-14.958917790363353,-43.41980680964838,-81.15919424404711,103.98402562692574,-75.77610023583098,-62.23990954724164,16.840703889879972,15.328487838863982,-3.6643068472993425,-25.99492306655612,90.4877169843038,-9.854524290169046,-3.571063293345323,-36.567941612975346,-12.889766169274676,91.75071579806756,37.12790522105125,65.14236398650573,-40.02059384682322,-87.10912514490337,-45.18978989123772,-55.95277431690075,-33.52555331454891,-35.073637813869325,-107.74423782788048,22.330436212924422,-94.22382369846649,-18.370914098559187,-25.435660153893416,98.7601307085363,128.05334411195534,50.811558560281036,26.068826264841604,24.352190400142682,-16.628018888584112,-56.08517885050349,0.9135432183450183,-15.645685443450882,-59.12610529882592,80.85657085775858,-77.0662491949277
-16.15750710325954,-2.3881376325119423,-6.455540604747081,18.51325378506619,-29.11415025394362,-31.925239822977115,4.394812790403602,38.036060021497185,7.826767853248701,17.401100777558753,3.5743405177389285,14.091602219015668,-12.672102651768931,4.1164794626543575,-10.307687091064825,-6.032198223799561,-17.400607937391904,-32.775061714526544,42.44776239465421,-30.871916732959157,-25.276088898126858,6.640964151391264,6.54014703333692,-1.604069208934186,-10.396273236638262,36.97345822401071,-3.890449595472084,-1.0936490736725744,-14.703643970291886,-5.239800486863807,37.12790522105125,15.364329001212447,26.790540531769803,-16.11931467698688,-35.67034926378651,-18.64228991445482,-23.28711876037946,-13.12508250095055,-14.095354232304555,-44.049251583108244,9.316011960498564,-38.260449034160786,-7.602891335084585,-10.405967523113326,39.792638928083115,52.06288623616287,20.92824716522562,10.760547411447181,9.806926653508675,-7.01693420633168,-22.925556012261943,0.2204247967272796,-6.2749418741419865,-23.846930890909462,33.15383820197387,-31.253631478570373
-28.485013377011555,-3.9998626652505815,-11.481659351371489,32.392091236611144,-51.41509787064407,-55.93955065859067,7.7048210031248,66.51841760206732,13.945415268086087,30.49455246893536,6.305568192049345,24.51416422414027,-22.127155116401024,7.223051169528269,-18.06551125472061,-10.613519235836828,-30.649213183193936,-57.534756801688886,74.20791247904548,-54.03045619073045,-44.22705786606884,11.734056847214225,11.452087015836623,-2.722590875113373,-18.2752808236732,64.73009223750668,-6.912371583372219,-2.1520423656312833,-25.794916805632184,-9.193441941352562,65.14236398650573,26.790540531769803,46.83740705130275,-28.236026069525757,-62.28661009354812,-32.53686959797902,-40.51452071375387,-23.19762711098097,-24.68055870578577,-77.10930989032198,16.189901830025445,-67.03034726038041,-13.311889330645661,-18.14580024301583,69.7835041898981,91.19666786836355,36.52399269428648,18.730034823759954,17.16639728188859,-12.219709198230783,-40.02738717329473,0.41883431705408725,-11.071332627254524,-41.82245167761628,57.967743083543375,-54.76883185168524
18.01217615327202,2.5320455867615363,6.752374906649368,-19.333237421728096,31.14803662216361,33.79904798508921,-4.618564107018794,-40.31476917929133,-8.218697114245321,-18.548319941929094,-4.332088216447804,-14.474795579632612,12.762317955671952,-4.022012022505711,11.938491187407273,6.497841077713855,18.790671301139355,35.4354120502339,-45.89681982405183,33.374973160808295,27.7252352651465,-7.259994843874352,-5.845102596082183,1.8906503608890635,11.634658112427596,-39.322662669420254,4.07183244335532,1.1114279174574193,16.3873063947125,5.606349450829359,-40.02059384682322,-16.11931467698688,-28.236026069525757,17.980262008624447,38.75370875430716,19.820044257766458,24.655559848718646,14.906010535194326,15.95241504309986,46.90459419329011,-9.960800931622051,41.501793656017746,7.643404655011719,11.551531582564477,-44.050746255514305,-56.257367304228545,-22.21938184084078,-11.680230888160194,-11.141111422285586,7.01311077410517,25.073465436958102,-0.5956387397433369,6.739404505926291,26.15552144345446,-35.25056748211925,33.92701701087276
38.49647994301364,5.884407072707552,14.664028154709758,-42.689587224560746,67.4849698102578,74.21837784511854,-10.161721927680624,-88.75036149277528,-17.685856106789625,-40.585194606010425,-9.0193044409585,-32.43959804250133,28.625562091499997,-9.050409416968375,25.40237720231365,14.145444551029774,40.70957624807004,77.00419186278255,-100.2482583227132,72.86164398362587,60.23790030735277,-15.528032709721286,-13.711452262673603,4.196379706395124,25.00812867814191,-86.27284874486274,8.816061150909727,2.036290651860036,35.32981439821484,12.264894236938055,-87.10912514490337,-35.67034926378651,-62.28661009354812,38.75370875430716,84.72617903615347,43.71189645088916,54.638330890874435,31.566375799377308,34.24796893136593,102.93313299206709,-22.06568982249271,90.40218869509191,17.093907983470697,25.13344973738224,-95.17520958225026,-122.71526208456629,-48.93626418941953,-25.629057293945365,-23.946286428915172,15.88109327484295,54.68069386795522,-0.9354544559425448,14.649734255311822,56.62137604007958,-77.47254166263247,73.83154383613238
19.75533261417611,3.0038997207750673,7.752268853408421,-22.3903780267299,35.229659171946565,38.74704756559542,-5.321932125692275,-46.26614081303006,-9.346785629767634,-21.13413432931887,-4.478520327332928,-17.07071817196375,15.210232903142371,-4.879527382321452,12.804155098713988,7.349938304885317,21.145263448196907,39.91066609091039,-51.84837423597738,37.70645962335207,30.99370376390693,-8.040393300930463,-7.6382200711027215,2.0722069088812005,12.79488193696448,-44.94093042299674,4.657854957141181,1.1691703539234337,18.087595081603684,6.380686496380733,-45.18978989123772,-18.64228991445482,-32.53686959797902,19.820044257766458,43.71189645088916,22.736486889892905,28.42029302525971,16.099716441299872,17.412646843218244,53.59030632958451,-11.42718926959844,46.74624570239591,9.102716681659018,12.84983692451907,-48.847391048971076,-63.54538809563802,-25.46839926945271,-13.206531320078652,-12.154913532673508,8.449529145742673,28.13647372027914,-0.3385126010975249,7.6314519569670285,29.167545781537928,-40.33424928826004,38.17169113002102
24.289207847790472,4.011404493808363,9.378981294009275,-27.80539388467711,43.13016996874724,48.06626232030615,-6.593180736859823,-57.60895806220182,-11.231442571109223,-26.203918063320508,-5.534658757773388,-21.41445385655845,18.919951172567508,-6.001908339307096,15.951164255762778,9.075667821768697,26.019668217553313,49.38233122532845,-64.61427666100005,46.92509735697246,38.61543354706226,-9.814910502975042,-9.415671454838398,2.7367703531265177,15.850608707826284,-55.83454219182241,5.6304664757017315,1.0739972288370165,22.467785034139276,7.909880774555533,-55.95277431690075,-23.28711876037946,-40.51452071375387,24.655559848718646,54.638330890874435,28.42029302525971,35.696387852457,19.729437862917102,21.700234759986714,66.62037302777425,-14.402475732767813,58.09045414440887,11.267207671728347,16.127521742374018,-60.66865367230152,-78.9651797468558,-31.797498855713616,-16.590144892451352,-15.179216094849997,10.576799284941528,35.18167988785075,-0.383269953476964,9.381682297248785,36.17684184538262,-50.223475978019536,47.404446588667795
