V1,V2,V3,V4,V5,V6,V7,V8,V9,V10,V11,V12,V13,V14,V15,V16,V17,V18,V19,V20,V21,V22,V23,V24,V25,V26,V27,V28,V29,V30,V31,V32,V33,V34,V35,V36,V37,V38,V39,V40,V41,V42,V43,V44,V45,V46,V47,V48,V49,V50,V51,V52,V53,V54,V55,V56
44.354308529433716,-30.133681749394295,20.495408515964872,12.090518643837976,62.86633130600379,-5.131454949440269,0.7119477291266909,27.97580006432224,-35.115429055999705,-2.5053379319269946,-15.6617526799509,38.59505974936221,-23.60224351649889,3.575855314763737,17.9414813490408,5.632502499429127,28.572934228846908,27.915249085519655,11.511430392089578,-2.7291458428545385,3.417039796039979,-22.60152941588186,23.085492316608388,-13.322359950395633,15.962772632922865,9.618996852124756,13.506455667998035,38.40789486758556,15.094992929657423,0.9085333252895553,-24.602399289162683,21.935920421871977,23.489234986818158,14.442705331419532,-23.6601110790186,-23.851754689530203,-49.61225115254684,49.83699636160619,14.121057151361919,-15.090314110642915,23.27814050796184,8.5693230578435,-8.74208061962361,-7.905241101446722,-34.98150424805856,-6.557521170676743,21.96733033661086,15.709708959433174,-6.804653138936188,-22.228345260534685,-11.927218252415651,-13.717642850638665,9.393494515739295,20.96528570978712,20.524840543636248,11.329383176830248
-30.133681749394295,20.800081456366257,-14.399422632849221,-7.756936037888051,-43.68417026334703,2.923900941795975,-0.30524776890777244,-18.68237390783304,24.495744813598225,1.9404948082819473,10.396751863830282,-26.003091718190518,15.478310754209176,-2.0903776520654773,-11.663674561716844,-3.894745394236675,-19.776007595626567,-19.227753703061968,-7.99570473812591,1.994356141938088,-1.9848218846760304,15.501601220617411,-14.909017128320727,9.350277399604911,-10.665163299767721,-6.132126667618548,-9.434494574816986,-26.64021134022253,-9.957617733325685,-0.6362412516361128,17.095327556930723,-14.752183862961514,-15.62471149952182,-9.417870156368062,16.595244592952096,16.179010397418885,33.867673302247724,-33.81105793562566,-9.119916366584961,9.861556223381237,-15.955956463770951,-5.783387330411117,5.487057803995257,5.763349221717279,23.16567343475395,4.4471821744027435,-14.84169741977448,-10.930989289604472,4.181282949075429,14.875298291408829,8.551650231217307,9.172078651732244,-6.522443821623444,-14.070674443899257,-13.709281710661099,-7.637008378639396
20.495408515964872,-14.399422632849221,10.170890571953713,4.926019567358564,30.407749435913672,-1.5529900613558933,0.012190733684732039,12.484333085960182,-17.144895888708696,-1.4955521532051503,-6.893430187148841,17.51942507185722,-10.110956749223492,1.1716687428451007,7.548161240917859,2.6874685126152715,13.748118217866727,13.263691699267708,5.529114229616531,-1.5104326637997143,1.1259261978447184,-10.623309829147725,9.619839076459064,-6.579754315622153,7.124738695912601,3.883552981130168,6.591811144406866,18.548923279225786,6.545830389335857,0.4135547175685308,-11.94940959877053,9.927472371541842,10.386765583500535,6.086466958869845,-11.680318312618315,-10.95728109701431,-23.161923900418127,22.994675906675514,5.882235901340553,-6.430353652978616,10.916014540844609,3.9457035594615513,-3.358861951376156,-4.217865241579386,-15.30077522302999,-2.995237181702205,10.022814523384397,7.634019492617223,-2.5016422739785185,-9.970048648261889,-6.152722476809329,-6.145605937701586,4.535033663410884,9.409521372786259,9.154379399641488,5.1357093231290465
12.090518643837976,-7.756936037888051,4.926019567358564,3.936891889357584,15.759995941009384,-2.186159207708052,0.42720823797385693,8.08947951767532,-8.677272155311178,-0.346405833034414,-4.612671747641376,10.827215584776708,-7.216706373937673,1.452072461513574,5.630625169950724,1.4359509222929203,7.284451877568906,7.236394908509429,2.883708425479863,-0.5630725775644844,1.410585459271324,-5.9469362279692985,7.398754941261908,-3.210700559351926,4.60487132350856,3.194284018995469,3.313734149058551,9.709127013522977,4.531010873760354,0.21114867406887006,-6.1805152190190125,6.194566633614697,6.876063546180488,4.482983267394248,-5.721869412198169,-6.531363283835661,-13.30084449765931,13.661630922183045,4.523466868544523,-4.669310527084284,6.136352031076543,2.3994543480268895,-3.0086123757160075,-1.6056417642671328,-10.374941066811228,-1.7887856816748526,6.103046824413154,3.9228309536678925,-2.4712290294208623,-6.384195479818166,-2.623518352517072,-3.95165939219632,2.3611354500302357,5.947613976140119,5.929036498271287,3.166913491894742
62.86633130600379,-43.68417026334703,30.407749435913672,15.759995941009384,92.27710772770092,-5.605696521823275,0.7694606281055708,38.54200272008014,-51.71223460951444,-4.303518243123458,-21.423747358652324,54.04353954328641,-31.730374117383178,4.002613871629983,23.765663071821756,8.257501687446279,41.496756006071614,40.43388080693185,17.050083754873274,-4.047838032653514,3.667586793643474,-32.636121565910734,30.025678575716956,-19.824373420125337,22.044413896535108,12.310414100069778,20.034233581071035,56.01847542299506,20.498235935981167,1.515821115991483,-35.86459471207025,30.588316847939943,32.20996196033827,19.376292726056835,-35.118579804514184,-33.862737348478085,-70.78181143299521,70.32023701322944,18.383091585058786,-20.09608714686488,33.63798087043289,11.827236442493493,-11.168108278378142,-12.393523777153716,-47.764580798223776,-9.398299525344516,30.92567111997944,23.028830996528885,-8.341572698605622,-30.693187819829003,-18.281165626756206,-18.89796992537922,13.781433551578509,29.342740150077915,28.328594614739664,15.9468042129756
-5.131454949440269,2.923900941795975,-1.5529900613558933,-2.186159207708052,-5.605696521823275,1.5632158413527553,-0.39689003099515197,-3.793600514196284,2.9657324328594004,-0.12020112978175232,2.2296910537258143,-4.841557564475305,3.6876956302922532,-0.9954973882117012,-2.976317238617226,-0.5360721569584502,-2.6772760257915196,-2.7786825551420087,-1.0399738677146961,0.0711194508967664,-0.9678530346734296,2.367375252412539,-3.994382320969598,1.02860947498573,-2.1542362725272155,-1.8054460317462007,-1.1215140216643855,-3.5039143715702106,-2.2572199170798513,-0.0764249482191917,2.1859043776297447,-2.7974670630809215,-3.2914050338246805,-2.349966910330739,1.8460440749771443,2.8088267571663534,5.464305723741406,-5.8433193170714395,-2.4418161796077986,2.417873920222291,-2.457557772722753,-1.049678813714601,1.7927452662241916,0.24112030484722494,5.076206668411157,0.7716430353448043,-2.6866275289711665,-1.3750062701554753,1.546339856632852,2.958395276071542,0.6120532339428112,1.8382532417482338,-0.8460100982172862,-2.7249959845275953,-2.7801315186449744,-1.4134950759373726
0.7119477291266909,-0.30524776890777244,0.012190733684732039,0.42720823797385693,0.7694606281055708,-0.39689003099515197,0.4159712904966928,0.47514635274107225,-0.2589447117966053,0.045182125430373185,-0.33147872548648405,0.7279117388693624,-0.6134299939533894,0.18203024857718397,0.4675369791659492,0.1284886896067492,0.17107725183393568,0.3948313047713184,0.3184659904997206,0.28034709577324357,0.05258753942638897,-0.45805325907016015,0.38273619089536387,-0.10575522880167001,0.3050849220364751,0.24539299490487104,0.2047780993512494,0.2725026305629492,0.3916983720026869,0.18475663181245436,-0.03892800501230605,0.3786405721185064,0.4658378325687791,0.5285348404516584,-0.13561422089723865,-0.5381523834071568,-0.6922607415327503,0.6407910218464139,0.24933122250559073,-0.3212448641618507,0.5350018195470087,-0.0596162976038324,-0.516518944562346,0.06369772800631315,-0.8529432344745662,-0.2398826870521819,0.4374557476037568,0.10751815276764337,-0.3604815570644594,-0.33438319297494373,0.00635999767592013,-0.18884619019147392,0.1256889889744757,0.5783824491878575,0.3936284732070202,0.2833992375646675
27.97580006432224,-18.68237390783304,12.484333085960182,8.08947951767532,38.54200272008014,-3.793600514196284,0.47514635274107225,18.045213731654087,-21.49374689450916,-1.3202463590867308,-10.146267624788138,24.566992863105057,-15.4749297771045,2.621870606877363,11.889999882896092,3.447648412000367,17.7041377646356,17.300354923304628,6.9784015860952975,-1.7071489379499032,2.5786002948530955,-14.02417365055757,15.533065594734929,-8.079449073745376,10.270349241347954,6.533734016280745,8.199255349378317,23.706950019740223,9.821810699210081,0.46483051759091326,-15.210335855386242,14.01483850365942,15.195386501703881,9.459450234961935,-14.39085400105288,-15.00228106727851,-31.143171233280952,31.57262840534878,9.491859185637278,-9.975906811251319,14.426555722599518,5.547438826465379,-5.899634083935997,-4.586224036684268,-22.674755530163104,-4.075234471059619,13.920494972542492,9.656100226165673,-4.724322148147853,-14.31789773628899,-7.057457704578475,-8.85398504786055,5.759616564964876,13.32082083118351,13.214025362938258,7.169018857408069
-35.115429055999705,24.495744813598225,-17.144895888708696,-8.677272155311178,-51.71223460951444,2.9657324328594004,-0.2589447117966053,-21.49374689450916,29.053140353789043,2.4553523014432117,11.916686728866127,-30.128549775693337,17.589559882013347,-2.161026898452985,-13.164179326914168,-4.6028816107175725,-23.318830504381886,-22.626116071245093,-9.486015194704587,2.3981386060206895,-2.02296583684138,18.204118205670156,-16.706621716309293,11.13870984767946,-12.280373764719121,-6.8100443029486994,-11.215379823766066,-31.466642364889033,-11.368456857830504,-0.7820604353061024,20.200479400410984,-17.064024566343722,-17.93159939327393,-10.677074440442151,19.75218341430277,18.852886551828295,39.59030314548233,-39.33710589173088,-10.222485165282563,11.164649877399235,-18.73785746771428,-6.679451895078896,6.057089209669348,7.027427552269027,26.519769822465737,5.196148930175415,-17.23521912354379,-12.939713263498886,4.527341932473493,17.13564420145477,10.32341085281432,10.556626775933427,-7.718576763596724,-16.28252488025423,-15.780859082028465,-8.86302070260182
-2.5053379319269946,1.9404948082819473,-1.4955521532051503,-0.346405833034414,-4.303518243123458,-0.12020112978175232,0.045182125430373185,-1.3202463590867308,2.4553523014432117,0.3224449625056822,0.6992612415499387,-2.018647471986717,0.9164357953789771,0.05415469696161189,-0.6148417705091468,-0.37891018405184407,-1.8664937931094212,-1.782141208972631,-0.8094706668214348,0.21901815307677666,0.07865297112950403,1.4089185917604503,-0.6785821720183157,0.9784747944716193,-0.7636139026198847,-0.22932201919452996,-0.9700531672888992,-2.5605961965244872,-0.6340462516928799,-0.09170045900866547,1.6466715167037822,-1.120105420396467,-1.0687182395193522,-0.5406872035835477,1.7203334703887676,1.348269199067026,2.9164194668807855,-2.753200027100863,-0.41820690562538265,0.5462306231529458,-1.451865608803589,-0.42542696829421434,0.1826681724414608,0.7356938840120072,1.534078151246462,0.38550550439816156,-1.1853081026536167,-1.0742674725814734,0.06414102500121119,1.0687191377147969,1.006432682381769,0.6508314241143238,-0.6407268241517169,-1.0803820966330118,-0.9771524252762083,-0.6072489736973586
-15.6617526799509,10.396751863830282,-6.893430187148841,-4.612671747641376,-21.423747358652324,2.2296910537258143,-0.33147872548648405,-10.146267624788138,11.916686728866127,0.6992612415499387,5.720654877769069,-13.792557826611704,8.760634391433976,-1.5253786975391659,-6.744607636871508,-1.9252070028527752,-9.833614578150007,-9.645794417608576,-3.8960694342201054,0.9024881376980739,-1.4885812483145096,7.841681653661448,-8.799068641655156,4.472159186935238,-5.778655484784149,-3.7191946506335447,-4.554795284271831,-13.163570602035236,-5.553731858930874,-0.2755684180809331,8.428810415339832,-7.867918154819386,-8.559047273066087,-5.378978584205436,7.960875988295942,8.417410969618084,17.401462258000926,-17.664943802875392,-5.379067728432057,5.643076092706074,-8.074016927055176,-3.091343701432406,3.401307637330535,2.4954217409300776,12.804525200046847,2.2980684840050367,-7.811986070176352,-5.356156611186126,2.7295351876756024,8.042710213960888,3.8703334273455057,4.972808180359099,-3.203344798459112,-7.505902905897619,-7.434079025255637,-4.032786541579737
38.59505974936221,-26.003091718190518,17.51942507185722,10.827215584776708,54.04353954328641,-4.841557564475305,0.7279117388693624,24.566992863105057,-30.128549775693337,-2.018647471986717,-13.792557826611704,33.73067880717795,-20.912329947942276,3.3400040328030127,15.965854574408727,4.852897538346765,24.62294035218583,24.11118798877924,9.89431706210781,-2.291587183140503,3.20319076990531,-19.563049379164376,20.619873285605795,-11.391320021223267,14.011428058088097,8.64522184444438,11.575898214812923,33.05865381418479,13.33349818895996,0.7713021482788848,-21.157728218877782,19.191313698635177,20.66671239840625,12.826885525560689,-20.24138814100618,-20.768104703458434,-43.0650162370288,43.40427336438759,12.611237379010078,-13.398543682515601,20.15395175154739,7.4882235799668315,-7.904472291611531,-6.616785194753338,-30.839493620867394,-5.704260293563045,19.170106087287486,13.498758949148526,-6.214916139671192,-19.498884760798564,-10.079182853095867,-12.038970093644162,8.07806546283078,18.352259895252857,18.02077205726689,9.894540039100855
-23.60224351649889,15.478310754209176,-10.110956749223492,-7.216706373937673,-31.730374117383178,3.6876956302922532,-0.6134299939533894,-15.4749297771045,17.589559882013347,0.9164357953789771,8.760634391433976,-20.912329947942276,13.523587881900118,-2.4935437600743073,-10.465208807214564,-2.864171021845909,-14.604959365147224,-14.38616459689684,-5.779119790856836,1.2715495599636353,-2.431539924286494,11.738351968440746,-13.696458349833382,6.568025336382317,-8.81088314251619,-5.8355753731648985,-6.718539970376483,-19.519470086701144,-8.54140183366936,-0.4101215523684366,12.475436756095728,-11.943344389655605,-13.090021991814126,-8.337152161836144,11.697750258783604,12.705474629012349,26.131020587533495,-26.642595611823104,-8.372842863491979,8.727855137293862,-12.094232600021398,-4.672518560388523,5.392720261260662,3.5341052185469923,19.642451485147305,3.4704388641805433,-11.822887760537132,-7.9224991894522745,4.369694016818979,12.247267772338192,5.574972908827173,7.575987443689303,-4.747511827384219,-11.41599761081932,-11.338703083860404,-6.113586217041229
3.575855314763737,-2.0903776520654773,1.1716687428451007,1.452072461513574,4.002613871629983,-0.9954973882117012,0.18203024857718397,2.621870606877363,-2.161026898452985,0.05415469696161189,-1.5253786975391659,3.3400040328030127,-2.4935437600743073,0.6513535282303973,2.011572355284558,0.36870660754250173,1.94393114151079,1.9603501388648945,0.7032336253137021,-0.12434087686921004,0.6599231601158106,-1.636142245732824,2.7446695038289186,-0.7534997270777546,1.4825782057977255,1.2191468453254748,0.7960274543686454,2.539962205533076,1.5275693967685047,0.01800897530923707,-1.6173618192136967,1.9362480864209228,2.2584232057184996,1.5563732022566519,-1.3614762977928287,-1.9224149414321825,-3.8364893080850044,4.103512177649113,1.6750397874568776,-1.6488028920572555,1.6842821721500048,0.7725335799797165,-1.1479641619589689,-0.22646465978353492,-3.448154690482571,-0.5098636057141802,1.8496040958787907,1.0005436822558162,-1.0037910793123035,-2.0554942920415744,-0.48875175749263033,-1.2807233295820222,0.6014770048134844,1.839779233897842,1.9118325751800342,0.9612379741172679
17.9414813490408,-11.663674561716844,7.548161240917859,5.630625169950724,23.765663071821756,-2.976317238617226,0.4675369791659492,11.889999882896092,-13.164179326914168,-0.6148417705091468,-6.744607636871508,15.965854574408727,-10.465208807214564,2.011572355284558,8.137811931690258,2.1428101188248903,11.004632599608598,10.838588239369038,4.297252613209033,-0.9660720538603901,1.9864286092209331,-8.846489846405843,10.724958712445675,-4.889734846409578,6.762383827952961,4.583384274522009,5.0039341545540035,14.675673111877225,6.587967159089178,0.27405739360287723,-9.391465116272224,9.135182583403324,10.070144318615993,6.446114463959672,-8.72212725577981,-9.640686372543781,-19.815406551243747,20.29999314044534,6.553963454853544,-6.778925232766664,9.107218928307683,3.6029925871349078,-4.217034831732463,-2.5598461694386723,-15.125114205528332,-2.618445643753848,9.005433563458984,5.942414095272174,-3.4574816724686417,-9.405819456831406,-4.089487581700941,-5.824531420261892,3.556011801368632,8.706037659745236,8.702940832132999,4.654330751810683
5.632502499429127,-3.894745394236675,2.6874685126152715,1.4359509222929203,8.257501687446279,-0.5360721569584502,0.1284886896067492,3.447648412000367,-4.6028816107175725,-0.37891018405184407,-1.9252070028527752,4.852897538346765,-2.864171021845909,0.36870660754250173,2.1428101188248903,0.7479370731709926,3.6824803379237254,3.621894600735051,1.5538118640779595,-0.314649271663581,0.3186230710008014,-2.943504442495918,2.6695355101515226,-1.7674925878610677,1.9777235225418,1.1055919545471196,1.800532383398408,4.97967731647704,1.8518911711991302,0.1636350599367672,-3.167513348884962,2.7403132561942476,2.890179079124182,1.772140144124246,-3.1221957046208244,-3.0578752669018674,-6.32948118801503,6.273456297262431,1.6369805065978853,-1.8015234554905766,3.0435972521704433,1.0272124503972955,-1.0476498142980957,-1.0911895774181146,-4.308895922860611,-0.8636738953146605,2.7818136454512197,2.0475007435205197,-0.7748294041133471,-2.739709840854788,-1.6190772740855335,-1.6838327742112793,1.2348447339027802,2.6627560230409997,2.541318685642182,1.443435004964998
28.572934228846908,-19.776007595626567,13.748118217866727,7.284451877568906,41.496756006071614,-2.6772760257915196,0.17107725183393568,17.7041377646356,-23.318830504381886,-1.8664937931094212,-9.833614578150007,24.62294035218583,-14.604959365147224,1.94393114151079,11.004632599608598,3.6824803379237254,18.837308704315017,18.24934919367039,7.542696451822393,-1.9850081162396322,1.8813481003254275,-14.671891137125682,14.128497673375495,-8.898851626102305,10.097711470807349,5.784864584159625,8.950779087885312,25.362887658930727,9.397114512658018,0.5542090604009946,-16.31590338365545,13.97899712071645,14.786937668735527,8.842112225972107,-15.808339142363053,-15.29520871823622,-32.14360088550876,32.10557627520055,8.638507599733249,-9.324434151532143,15.083137760081048,5.541630807556953,-5.091008341239952,-5.521972620040062,-21.878630810347495,-4.179016141107483,14.047224036004376,10.407815652232278,-3.889579401787109,-14.109673656591633,-8.16793223099576,-8.705141010495675,6.192773911368033,13.271222363879954,12.978291617966125,7.212360833091115
27.915249085519655,-19.227753703061968,13.263691699267708,7.236394908509429,40.43388080693185,-2.7786825551420087,0.3948313047713184,17.300354923304628,-22.626116071245093,-1.782141208972631,-9.645794417608576,24.11118798877924,-14.38616459689684,1.9603501388648945,10.838588239369038,3.621894600735051,18.24934919367039,17.807347104749496,7.450463804965192,-1.7558922733305637,1.8268241782498866,-14.393688041785394,13.785734736678878,-8.640860659574004,9.88794582878311,5.690588964258536,8.745857403011632,24.59737811142531,9.25791342125611,0.6403342257958606,-15.747602643754309,13.66720950992864,14.486489185917298,8.797719063675792,-15.318766362237058,-15.031257697499628,-31.347673448150886,31.27313885628303,8.438169680605132,-9.141950579016676,14.833010224823498,5.299994808109407,-5.176445207933499,-5.296856609034931,-21.525062270950542,-4.161479748117435,13.769496424851422,10.092441572743462,-3.9313683511732807,-13.764521023018842,-7.8791264669529,-8.481969066562131,6.040192831629916,13.100294023128399,12.708200922738339,7.103735869914002
11.511430392089578,-7.99570473812591,5.529114229616531,2.883708425479863,17.050083754873274,-1.0399738677146961,0.3184659904997206,6.9784015860952975,-9.486015194704587,-0.8094706668214348,-3.8960694342201054,9.89431706210781,-5.779119790856836,0.7032336253137021,4.297252613209033,1.5538118640779595,7.542696451822393,7.450463804965192,3.25293778058397,-0.6000434153021418,0.568665270206388,-6.073964763751305,5.274884422087357,-3.657953772495652,4.010615593693876,2.1882054421974764,3.7386599517511088,10.225049314639701,3.749367224331894,0.3799105470646844,-6.476237933901242,5.5725363956876075,5.851130232893205,3.598957995458831,-6.449067211676516,-6.282962743707996,-12.95203561050635,12.771772744364823,3.23741430321896,-3.6111653913923045,6.294381009011178,2.039970320462994,-2.125202353311676,-2.2784925555578615,-8.731912470812958,-1.792547013555531,5.688146434263068,4.2121834608692845,-1.5385924059186957,-5.5408543124619385,-3.3698743756099017,-3.3988569774373816,2.550988989305349,5.458340564353868,5.156041180980996,2.958499627228225
-2.7291458428545385,1.994356141938088,-1.5104326637997143,-0.5630725775644844,-4.047838032653514,0.0711194508967664,0.28034709577324357,-1.7071489379499032,2.3981386060206895,0.21901815307677666,0.9024881376980739,-2.291587183140503,1.2715495599636353,-0.12434087686921004,-0.9660720538603901,-0.314649271663581,-1.9850081162396322,-1.7558922733305637,-0.6000434153021418,0.4294107453425339,-0.21565992303347142,1.3117256948503513,-1.4222301235395212,0.9031744981675706,-0.945018571086058,-0.525939282400344,-0.8371875613434183,-2.6341554616948573,-0.8118186574135767,0.08210733865213313,1.7947382194943846,-1.3315170103267764,-1.3799298546084917,-0.6539372521767107,1.6479108287157664,1.3437937868906602,3.1364762699457147,-3.196014919156335,-0.8567890060608488,0.8725262641141007,-1.300805739297308,-0.6854465293251687,0.24079773808925758,0.6355301289453684,1.9240711534461095,0.2924325347344964,-1.285639043784238,-1.0806668828246504,0.22152477880438692,1.38973754536912,0.888724599347132,0.8716851315858697,-0.5961400106243328,-1.0962291323585962,-1.2162953594893748,-0.6145944984537086
3.417039796039979,-1.9848218846760304,1.1259261978447184,1.410585459271324,3.667586793643474,-0.9678530346734296,0.05258753942638897,2.5786002948530955,-2.02296583684138,0.07865297112950403,-1.4885812483145096,3.20319076990531,-2.431539924286494,0.6599231601158106,1.9864286092209331,0.3186230710008014,1.8813481003254275,1.8268241782498866,0.568665270206388,-0.21565992303347142,0.7212337338768786,-1.4851077848064358,2.821895343161764,-0.6857718088320334,1.4440071427696413,1.23224966452413,0.6973931286875961,2.4255691651704034,1.4764739907924174,-0.05846632008495227,-1.5939777958204646,1.8782821981305964,2.208136527615239,1.4682708679737648,-1.2636294734501758,-1.7782881797700107,-3.6653555871034387,3.99986949790896,1.7166143171764305,-1.6442776361776887,1.5044995293302004,0.8315444121425728,-1.0595184847517978,-0.19159868130862615,-3.333126498408113,-0.4348633064772533,1.753043938277438,0.9476174984992572,-0.9715425994958062,-2.032825769556293,-0.4300463888861929,-1.275683943176294,0.5481475039649336,1.7035889270488145,1.8609901013804877,0.892998107310098
-22.60152941588186,15.501601220617411,-10.623309829147725,-5.9469362279692985,-32.636121565910734,2.367375252412539,-0.45805325907016015,-14.02417365055757,18.204118205670156,1.4089185917604503,7.841681653661448,-19.563049379164376,11.738351968440746,-1.636142245732824,-8.846489846405843,-2.943504442495918,-14.671891137125682,-14.393688041785394,-6.073964763751305,1.3117256948503513,-1.4851077848064358,11.68230249097004,-11.182991555289073,6.953770991592069,-8.025791068376707,-4.647426249079155,-7.071435920740419,-19.78932436043789,-7.55154962145584,-0.5744178009469955,12.622755188264158,-11.078311280785115,-11.766637310826864,-7.229966358061975,12.311416353938084,12.222850208953611,25.343494209249286,-25.268541010396646,-6.849630276304494,7.437804926874611,-12.060462778285762,-4.2256062469053015,4.326207663696193,4.217027633131676,17.536972723279952,3.412968856431412,-11.17913971663565,-8.118041936166037,3.27595323100358,11.1423118430545,6.304479053149205,6.860357783937282,-4.878929941315623,-10.690338359808829,-10.31663762564483,-5.785886402931817
23.085492316608388,-14.909017128320727,9.619839076459064,7.398754941261908,30.025678575716956,-3.994382320969598,0.38273619089536387,15.533065594734929,-16.706621716309293,-0.6785821720183157,-8.799068641655156,20.619873285605795,-13.696458349833382,2.7446695038289186,10.724958712445675,2.6695355101515226,14.128497673375495,13.785734736678878,5.274884422087357,-1.4222301235395212,2.821895343161764,-11.182991555289073,14.399840677843908,-6.152449490181363,8.799071960568904,6.135635622748274,6.245916550100877,18.75949013166083,8.577968208616031,0.18620767831450616,-12.099384513722534,11.850511481469992,13.142645432169475,8.34049897157947,-11.031823810826209,-12.288112511942504,-25.463711344300407,26.299275465562783,8.785433514565746,-8.962054955082685,11.464676580827561,4.839913961649902,-5.448230468297831,-3.1546911511348985,-19.673924545112957,-3.253468096484112,11.578335787034169,7.5723344082033925,-4.572853481731735,-12.30135687118206,-5.08599743200051,-7.638663829095939,4.4870085557441435,11.122513114714465,11.328001413108732,5.944512168136388
-13.322359950395633,9.350277399604911,-6.579754315622153,-3.210700559351926,-19.824373420125337,1.02860947498573,-0.10575522880167001,-8.079449073745376,11.13870984767946,0.9784747944716193,4.472159186935238,-11.391320021223267,6.568025336382317,-0.7534997270777546,-4.889734846409578,-1.7674925878610677,-8.898851626102305,-8.640860659574004,-3.657953772495652,0.9031744981675706,-0.6857718088320334,6.953770991592069,-6.152449490181363,4.284729264870982,-4.621658520505842,-2.497660506470992,-4.315948429180759,-12.027118371053096,-4.259746725001568,-0.3225939002640265,7.711296859676963,-6.440746043019968,-6.733529278596884,-3.9925529806532665,7.589162303721451,7.165856962123626,15.04619466676962,-14.892600720861465,-3.7665644137986227,4.151237815692937,-7.163262003039547,-2.5000563012785584,2.2357563450741615,2.737212295601127,9.952568395866665,1.986235817374218,-6.52948683418891,-4.953459571234116,1.6422544721402303,6.443537641697971,4.000269327870951,3.965479715884162,-2.9591715849869176,-6.165869387441316,-5.938305086675238,-3.36069398993995
15.962772632922865,-10.665163299767721,7.124738695912601,4.60487132350856,22.044413896535108,-2.1542362725272155,0.3050849220364751,10.270349241347954,-12.280373764719121,-0.7636139026198847,-5.778655484784149,14.011428058088097,-8.81088314251619,1.4825782057977255,6.762383827952961,1.9777235225418,10.097711470807349,9.88794582878311,4.010615593693876,-0.945018571086058,1.4440071427696413,-8.025791068376707,8.799071960568904,-4.621658520505842,5.851337259207807,3.703648772291845,4.698535292367509,13.530349272714334,5.5979473885650295,0.2877049093415297,-8.668784278851696,7.9863691915499215,8.651676843726172,5.401026196436503,-8.223209169818213,-8.575654511932296,-17.76910086443102,17.99159322198402,5.379544133255112,-5.666867511480324,8.262244376964889,3.13979553071347,-3.3736727098180803,-2.6259405283792754,-12.924510894151645,-2.3432461289588606,7.945058275842758,5.5129766071558075,-2.689594539524611,-8.147356717094988,-4.0391816085500665,-5.03565250074384,3.295273356259673,7.616386945049054,7.526152463908397,4.099128199057472
9.618996852124756,-6.132126667618548,3.883552981130168,3.194284018995469,12.310414100069778,-1.8054460317462007,0.24539299490487104,6.533734016280745,-6.8100443029486994,-0.22932201919452996,-3.7191946506335447,8.64522184444438,-5.8355753731648985,1.2191468453254748,4.583384274522009,1.1055919545471196,5.784864584159625,5.690588964258536,2.1882054421974764,-0.525939282400344,1.23224966452413,-4.647426249079155,6.135635622748274,-2.497660506470992,3.703648772291845,2.6401597954757534,2.556447936494079,7.6763398631806945,3.645259093734604,0.09722591447634436,-4.9261674906645565,4.968418612153107,5.54727095137131,3.5828575880961844,-4.47593254697251,-5.1468820485554385,-10.569934452812301,10.94485830777445,3.744755206561208,-3.8145113783421287,4.775480582243588,1.9947794169435902,-2.3995648514099477,-1.221627337550212,-8.33910330377738,-1.372900730624931,4.851470782970247,3.091901888431378,-2.015168102213162,-5.1621920591321615,-2.0164439930778757,-3.2041312379457514,1.84186839992238,4.696236099448422,4.771132643130351,2.499726306254893
13.506455667998035,-9.434494574816986,6.591811144406866,3.313734149058551,20.034233581071035,-1.1215140216643855,0.2047780993512494,8.199255349378317,-11.215379823766066,-0.9700531672888992,-4.554795284271831,11.575898214812923,-6.718539970376483,0.7960274543686454,5.0039341545540035,1.800532383398408,8.950779087885312,8.745857403011632,3.7386599517511088,-0.8371875613434183,0.6973931286875961,-7.071435920740419,6.245916550100877,-4.315948429180759,4.698535292367509,2.556447936494079,4.37083148890968,12.107315480307255,4.356454304850573,0.3674708025531835,-7.730565932291859,6.5369953512185,6.849853583092997,4.121328861157095,-7.6317021408245225,-7.301786944095241,-15.227802821652629,15.06082277062917,3.8275621463307625,-4.22983547377147,7.2994586817226415,2.488278833280897,-2.3594305495506616,-2.7266608395168395,-10.164139139766517,-2.046233208051829,6.640287368673414,4.985453486201769,-1.7280774925476339,-6.528765908357198,-4.004936391055085,-4.013852089436548,2.9931080582987764,6.310049462709729,6.037022402919472,3.431990880176344
38.40789486758556,-26.64021134022253,18.548923279225786,9.709127013522977,56.01847542299506,-3.5039143715702106,0.2725026305629492,23.706950019740223,-31.466642364889033,-2.5605961965244872,-13.163570602035236,33.05865381418479,-19.519470086701144,2.539962205533076,14.675673111877225,4.97967731647704,25.362887658930727,24.59737811142531,10.225049314639701,-2.6341554616948573,2.4255691651704034,-19.78932436043789,18.75949013166083,-12.027118371053096,13.530349272714334,7.6763398631806945,12.107315480307255,34.17702214551336,12.576678712677142,0.7912658129264227,-21.961926292660298,18.751690708909244,19.79739167795549,11.836478916102585,-21.350563796749555,-20.589874468919145,-43.23281924817721,43.10416229522313,11.473250739534361,-12.435341526105056,20.356653558741872,7.389481337667065,-6.796116109944629,-7.496702931050982,-29.296013727498032,-5.646052126533329,18.87816062585692,14.034437436695308,-5.154065880274763,-18.892553841264743,-11.068961364657804,-11.64933974080566,8.360984987265814,17.844160468722098,17.390357800201496,9.700299015644845
15.094992929657423,-9.957617733325685,6.545830389335857,4.531010873760354,20.498235935981167,-2.2572199170798513,0.3916983720026869,9.821810699210081,-11.368456857830504,-0.6340462516928799,-5.553731858930874,13.33349818895996,-8.54140183366936,1.5275693967685047,6.587967159089178,1.8518911711991302,9.397114512658018,9.25791342125611,3.749367224331894,-0.8118186574135767,1.4764739907924174,-7.55154962145584,8.577968208616031,-4.259746725001568,5.5979473885650295,3.645259093734604,4.356454304850573,12.576678712677142,5.408311226523651,0.28442082277816105,-8.03284130993729,7.6048726713275645,8.301176045343585,5.270122520578454,-7.577368469389474,-8.134853263863654,-16.738238614273055,17.011773202037503,5.246040415214849,-5.496379716166484,7.7841189347191815,2.9602829565558406,-3.3807614496871294,-2.3326515612207093,-12.452068121987223,-2.233272146594899,7.549674130554862,5.112202977711634,-2.716757851189724,-7.776718173106049,-3.649812339805114,-4.807168410171122,3.0669466853521805,7.285909334584806,7.201589954996176,3.907251534614793
0.9085333252895553,-0.6362412516361128,0.4135547175685308,0.21114867406887006,1.515821115991483,-0.0764249482191917,0.18475663181245436,0.46483051759091326,-0.7820604353061024,-0.09170045900866547,-0.2755684180809331,0.7713021482788848,-0.4101215523684366,0.01800897530923707,0.27405739360287723,0.1636350599367672,0.5542090604009946,0.6403342257958606,0.3799105470646844,0.08210733865213313,-0.05846632008495227,-0.5744178009469955,0.18620767831450616,-0.3225939002640265,0.2877049093415297,0.09722591447634436,0.3674708025531835,0.7912658129264227,0.28442082277816105,0.12594703881999558,-0.43938741393478925,0.40742620751943404,0.40639688197518,0.321093865518017,-0.5376663274025257,-0.5697369815691266,-1.0156426444459634,0.9091900043179206,0.12326501722994893,-0.2067516974020455,0.6248438527609828,0.04563020156494595,-0.2287715201007807,-0.19838151313791652,-0.6609692052025727,-0.21132795836611387,0.4680802591139297,0.33422550046534905,-0.11991154280301329,-0.35613944390840413,-0.29744059496921227,-0.20660414667243365,0.23099479126133285,0.5064434077992437,0.3684418776852155,0.2695022192604812
-24.602399289162683,17.095327556930723,-11.94940959877053,-6.1805152190190125,-35.86459471207025,2.1859043776297447,-0.03892800501230605,-15.210335855386242,20.200479400410984,1.6466715167037822,8.428810415339832,-21.157728218877782,12.475436756095728,-1.6173618192136967,-9.391465116272224,-3.167513348884962,-16.31590338365545,-15.747602643754309,-6.476237933901242,1.7947382194943846,-1.5939777958204646,12.622755188264158,-12.099384513722534,7.711296859676963,-8.668784278851696,-4.9261674906645565,-7.730565932291859,-21.961926292660298,-8.03284130993729,-0.43938741393478925,14.16277231330806,-12.017401415469536,-12.683556888285183,-7.513080454482355,13.708952946398542,13.130877867186998,27.712835371054524,-27.67707183028077,-7.394864867292745,7.977390781680337,-12.96060281639868,-4.815205652513164,4.259470181189634,4.830138150172154,18.723059977911863,3.5678754804027486,-12.06795742893163,-9.01540773732667,3.2553462648631464,12.135464440607711,7.114165039575506,7.490703281490672,-5.3494339353667115,-11.357471322035279,-11.13973758054368,-6.1825206550958764
21.935920421871977,-14.752183862961514,9.927472371541842,6.194566633614697,30.588316847939943,-2.7974670630809215,0.3786405721185064,14.01483850365942,-17.064024566343722,-1.120105420396467,-7.867918154819386,19.191313698635177,-11.943344389655605,1.9362480864209228,9.135182583403324,2.7403132561942476,13.97899712071645,13.66720950992864,5.5725363956876075,-1.3315170103267764,1.8782821981305964,-11.078311280785115,11.850511481469992,-6.440746043019968,7.9863691915499215,4.968418612153107,6.5369953512185,18.751690708909244,7.6048726713275645,0.40742620751943404,-12.017401415469536,10.929474428064736,11.789362715194219,7.309498303556596,-11.455444112879768,-11.783299448708304,-24.46625005809049,24.703355312493255,7.2450864102630685,-7.669964179792639,11.404571906324461,4.294166488649856,-4.509116646549322,-3.724587523862743,-17.583122974756222,-3.2208963302153504,10.89634528582395,7.651694972062049,-3.5670955219579232,-11.125021456735672,-5.684296685835477,-6.872891672703008,4.571233429068694,10.4207991115231,10.27272055894793,5.617086161165965
23.489234986818158,-15.62471149952182,10.386765583500535,6.876063546180488,32.20996196033827,-3.2914050338246805,0.4658378325687791,15.195386501703881,-17.93159939327393,-1.0687182395193522,-8.559047273066087,20.66671239840625,-13.090021991814126,2.2584232057184996,10.070144318615993,2.890179079124182,14.786937668735527,14.486489185917298,5.851130232893205,-1.3799298546084917,2.208136527615239,-11.766637310826864,13.142645432169475,-6.733529278596884,8.651676843726172,5.54727095137131,6.849853583092997,19.79739167795549,8.301176045343585,0.40639688197518,-12.683556888285183,11.789362715194219,12.81073126309487,8.025347585571591,-11.989318019345705,-12.61635017069629,-26.116351812787492,26.497973546517255,8.032914405536944,-8.434486530310217,12.11228362354175,4.641454268045712,-5.0523899619012385,-3.779541117928558,-19.147226752162684,-3.4376173611952936,11.70772639486769,8.058589746066646,-4.050725080734496,-12.048212191369483,-5.84643176699129,-7.449517980393449,4.815190315542084,11.233094228830616,11.131779320758257,6.038191799024322
14.442705331419532,-9.417870156368062,6.086466958869845,4.482983267394248,19.376292726056835,-2.349966910330739,0.5285348404516584,9.459450234961935,-10.677074440442151,-0.5406872035835477,-5.378978584205436,12.826885525560689,-8.337152161836144,1.5563732022566519,6.446114463959672,1.772140144124246,8.842112225972107,8.797719063675792,3.598957995458831,-0.6539372521767107,1.4682708679737648,-7.229966358061975,8.34049897157947,-3.9925529806532665,5.401026196436503,3.5828575880961844,4.121328861157095,11.836478916102585,5.270122520578454,0.321093865518017,-7.513080454482355,7.309498303556596,8.025347585571591,5.199217064673581,-7.088013732172333,-7.835141262802626,-15.955923587621704,16.235804347731595,5.105466703705642,-5.3482782011220324,7.473587425318889,2.7784173896235513,-3.425466538855087,-2.107843586148499,-12.103594748961152,-2.179402877369793,7.263159134597424,4.803815071483752,-2.7501418333247547,-7.471601934970879,-3.356502396274156,-4.614480503201348,2.9032037915493634,7.0740875286786284,6.9492404451172405,3.779586283265259
-23.6601110790186,16.595244592952096,-11.680318312618315,-5.721869412198169,-35.118579804514184,1.8460440749771443,-0.13561422089723865,-14.39085400105288,19.75218341430277,1.7203334703887676,7.960875988295942,-20.24138814100618,11.697750258783604,-1.3614762977928287,-8.72212725577981,-3.1221957046208244,-15.808339142363053,-15.318766362237058,-6.449067211676516,1.6479108287157664,-1.2636294734501758,12.311416353938084,-11.031823810826209,7.589162303721451,-8.223209169818213,-4.47593254697251,-7.6317021408245225,-21.350563796749555,-7.577368469389474,-0.5376663274025257,13.708952946398542,-11.455444112879768,-11.989318019345705,-7.088013732172333,13.454885430529561,12.701591791698188,26.721073188489775,-26.48591108329985,-6.749895713251191,7.413641480966015,-12.672393424953702,-4.48121908792105,3.961880789176971,4.843978324789055,17.701486263540367,3.5006012064288172,-11.592804978332731,-8.789942607238714,2.92932895852662,11.479725745843965,7.081477534523095,7.069099798708715,-5.24066765124676,-10.927404784601249,-10.568382660058038,-5.9561445378962485
-23.851754689530203,16.179010397418885,-10.95728109701431,-6.531363283835661,-33.862737348478085,2.8088267571663534,-0.5381523834071568,-15.00228106727851,18.852886551828295,1.348269199067026,8.417410969618084,-20.768104703458434,12.705474629012349,-1.9224149414321825,-9.640686372543781,-3.0578752669018674,-15.29520871823622,-15.031257697499628,-6.282962743707996,1.3437937868906602,-1.7782881797700107,12.222850208953611,-12.288112511942504,7.165856962123626,-8.575654511932296,-5.1468820485554385,-7.301786944095241,-20.589874468919145,-8.134853263863654,-0.5697369815691266,13.130877867186998,-11.783299448708304,-12.61635017069629,-7.835141262802626,12.701591791698188,12.894139416628049,26.66036771376355,-26.71911670362137,-7.522933740597509,8.086002273746907,-12.616608758842894,-4.51007910339829,4.796847691961099,4.231070756516559,18.84190081782019,3.5852325549136634,-11.838754470340687,-8.426156729527431,3.698892492591857,11.904955344787377,6.4005493696585365,7.337324754071599,-5.063797301216137,-11.355162018474465,-11.027909941729916,-6.127947529508639
-49.61225115254684,33.867673302247724,-23.161923900418127,-13.30084449765931,-70.78181143299521,5.464305723741406,-0.6922607415327503,-31.143171233280952,39.59030314548233,2.9164194668807855,17.401462258000926,-43.0650162370288,26.131020587533495,-3.8364893080850044,-19.815406551243747,-6.32948118801503,-32.14360088550876,-31.347673448150886,-12.95203561050635,3.1364762699457147,-3.6653555871034387,25.343494209249286,-25.463711344300407,15.04619466676962,-17.76910086443102,-10.569934452812301,-15.227802821652629,-43.23281924817721,-16.738238614273055,-1.0156426444459634,27.712835371054524,-24.46625005809049,-26.116351812787492,-15.955923587621704,26.721073188489775,26.66036771376355,55.57591790418906,-55.731719595323874,-15.574238674495673,16.696590108010522,-26.0950692829764,-9.576313695588068,9.549507946220455,9.034865081095798,38.83374139063639,7.321634141902218,-24.530043347684696,-17.699938561822197,7.39312748607962,24.760607860295302,13.560511539437018,15.277469392459821,-10.573326628622011,-23.356863004024266,-22.847712625984727,-12.63791247690366
