V1,V2,V3,V4,V5,V6,V7,V8,V9,V10,V11,V12,V13,V14,V15,V16,V17,V18,V19,V20,V21,V22,V23,V24,V25,V26,V27,V28,V29,V30,V31,V32,V33,V34,V35,V36,V37,V38,V39,V40,V41,V42,V43,V44,V45,V46,V47,V48,V49,V50,V51,V52,V53,V54,V55,V56
81372772.33463535,55890006.917156205,63066339.23680762,-54396188.60222195,-31440544.360884745,38602061.526111834,-8811344.744069219,-24466115.94707822,18506257.0417846,20259501.688560463,30529734.09993432,35357106.88119362,-62183712.29347417,-7330603.67891284,-30206129.13582582,4693216.983781131,3615559.062598659,-15605153.806301994,51099354.7628009,19045153.94344516,70093342.64004904,1361866.4291782782,13095565.715368893,71485907.0851078,-7865111.32443901,26373076.36627181,-15819438.17256364,17581572.871301066,-36690612.70384638,26448689.214785285,45445291.49703295,37256196.741490334,1291540.8277033905,-23624930.761614766,-45943347.797946274,-16656068.45409676,-76276470.33337209,55592794.497303784,39976271.11856296,4957402.108125327,9942835.382700939,49518704.56809845,3159508.079439825,-80342785.94600369,-3443635.7358779362,-10863579.955515767,88259914.31113502,23449258.822780218,-9483038.812327765,6496440.77790835,-14129124.738292143,49885152.6083032,-7117212.679154613,9435172.82577068,42375341.13565915,45303395.42622247
55890006.917156205,38387446.03138424,43316432.28470621,-37361432.99775681,-21594597.13903004,26513407.88641,-6051976.636501064,-16804286.60665078,12710822.40949452,13915019.736837832,20969017.17696892,24284645.881679107,-42710209.51951164,-5034945.475651644,-20746752.494983315,3223484.8591488423,2483307.972669493,-10718230.614027562,35097039.13249553,13080957.814605417,48142853.64990593,935383.2973260768,8994547.726074768,49099321.71193924,-5402066.792924882,18114061.822983906,-10865409.610817451,12075713.160117172,-25200549.876723535,18165995.925005786,31213606.086015064,25589015.372893624,887080.7037690053,-16226528.005184673,-31555691.308720265,-11440040.46675903,-52389667.535255894,38183308.650038525,27457269.541187715,3404938.481062407,6829128.625534374,34011385.61517271,2170073.646297519,-55182571.98299517,-2365223.633204441,-7461532.201085377,60620366.30867237,16105869.921377843,-6513322.482844932,4462010.448463979,-9704436.280408211,34263076.71345907,-4888380.64003837,6480445.463371381,29105044.176447123,31116146.48994413
63066339.23680762,43316432.28470621,48878305.78112844,-42158678.14023384,-24367364.890588824,29917756.475671776,-6829056.521030092,-18961973.774403792,14342904.802907089,15701722.343373673,23661459.49900231,27402818.387562513,-48194242.5677657,-5681438.187417057,-23410656.328841455,3637383.462292102,2802167.371233144,-12094461.836757494,39603533.72870798,14760566.31411303,54324443.9884971,1055487.5942800778,10149455.968099222,55403723.06363791,-6095698.01879715,20439925.003483664,-12260539.058095422,13626247.034902971,-28436325.217761382,20498527.9311408,35221463.90425697,28874670.187156986,1000982.5060044014,-18310030.319960006,-35607473.851314366,-12908952.707406022,-59116552.55709473,43086083.83999317,30982810.50439742,3842136.188187792,7705995.057423902,38378480.82592354,2448713.0301044835,-62268068.87786486,-2668920.281330342,-8419600.209057745,68404081.24253888,18173879.814483833,-7349639.4825601615,5034937.123414782,-10950495.929496912,38662490.31541993,-5516053.63320679,7312541.244749711,32842161.248978127,35111490.727365695
-54396188.60222195,-37361432.99775681,-42158678.14023384,36362843.08912644,21017420.546707895,-25804762.128030963,5890220.473688812,16355144.584965179,-12371089.706008764,-13543101.396249626,-20408560.915328432,-23635570.077295046,41568658.37111481,4900372.414031253,20192236.927323375,-3137328.2122383807,-2416934.4523656303,10431755.662252545,-34158971.3518542,-12731332.22828375,-46856099.693283394,-910382.515054336,-8754142.93543699,-47787003.361093946,5257681.236024495,-17629912.31986077,10575000.865913562,-11752955.533619972,24526993.952403832,-17680458.2817557,-30379334.265785996,-24905076.558566295,-863370.9910964738,15792828.126963323,30712276.14611126,11134272.97120039,50989405.56654259,-37162751.8401441,-26723396.226506535,-3313931.740354485,-6646600.887975749,-33102335.2529412,-2112072.356439013,53707661.848098576,2302006.4060879867,7262101.660867629,-59000115.62811485,-15675394.900527816,6339235.532885066,-4342750.490536571,9445057.804070113,-33347299.16526309,4757724.798511412,-6307237.456458236,-28327129.59037535,-30284479.51830574
-31440544.360884745,-21594597.13903004,-24367364.890588824,21017420.546707895,12147894.230556745,-14914937.750597257,3404498.443604205,9453137.497018062,-7150386.751542748,-7827799.621572654,-11795978.258727083,-13661162.714258306,24026338.255244326,2832374.7241456895,11670944.94567124,-1813349.8206979383,-1396967.7786552464,6029468.044249671,-19743600.553311646,-7358604.042320083,-27082435.25401507,-526193.481305448,-5059821.481176836,-27620489.602319513,3038895.887275815,-10189942.50357062,6112262.562032469,-6793110.332627138,14176398.293022264,-10219157.571483862,-17559002.341652606,-14394926.769067118,-499021.2847456342,9128123.050876763,17751439.674949322,6435516.874827029,29471451.815603018,-21479761.294491768,-15445900.13269413,-1915424.65988218,-3841680.0074121226,-19132874.27223673,-1220760.3602525045,31042581.58068979,1330540.6420767359,4197434.295260953,-34101575.4962952,-9060247.479547009,3664025.354988368,-2510073.3570194766,5459164.839973743,-19274461.382240657,2749925.21030244,-3645531.247828887,-16372845.079146363,-17504177.02250824
38602061.526111834,26513407.88641,29917756.475671776,-25804762.128030963,-14914937.750597257,18312258.474437624,-4179974.1087840837,-11606370.259227157,8779099.918029308,9610813.858306643,14482862.129049579,16772897.92133155,-29499049.87554063,-3477532.9218414966,-14329349.338063344,2226393.851648285,1715169.0454956128,-7402858.011847427,24240791.94247172,9034745.259876527,33251264.254359066,646049.8870606,6212345.410988521,33911876.01133372,-3731095.3515617233,12511004.018230157,-7504511.83300348,8340443.371328397,-17405493.49996704,12546874.280799493,21558586.118489873,17673798.567935556,612687.861817025,-11207324.15941304,-21794857.799865678,-7901396.607981096,-36184449.589055486,26372415.13228966,18964163.085410282,2351719.9608330503,4716736.0517885545,23490953.730492372,1498824.4100435243,-38113450.83667889,-1633610.171392012,-5153524.380478076,41869221.43193175,11123988.246812083,-4498615.825273908,3081817.3908937145,-6702652.181291409,23664792.82096693,-3376302.4666933175,4475909.1161209,20102247.26654043,21491273.187819965
-8811344.744069219,-6051976.636501064,-6829056.521030092,5890220.473688812,3404498.443604205,-4179974.1087840837,954125.0182568992,2649281.544925848,-2003925.9661234536,-2193773.7647788096,-3305872.4483986893,-3828598.2599357944,6733482.246721405,793785.0475707401,3270831.416146025,-508198.9203307171,-391506.0991896726,1689783.743644841,-5533226.999202153,-2062279.7912051445,-7589966.330439412,-147467.95209446785,-1418036.142975043,-7740758.235905742,851663.4124735435,-2855774.181157682,1712987.2925890288,-1903797.7614617392,3972995.1730570868,-2863961.86710415,-4920984.19836945,-4034238.7088057203,-139852.78607221093,2558194.8485763064,4974915.631505251,1803580.5903581455,8259498.226811901,-6019793.480135337,-4328778.451123668,-536805.8100700203,-1076646.9096096128,-5362068.390999049,-342123.2084919597,8699813.985924605,372889.564159439,1176348.5797640723,-9557109.843696386,-2539172.441156515,1026858.5045645133,-703458.6005943681,1529953.9570523992,-5401748.915211941,770678.0954325463,-1021675.5386541488,-4588558.731348395,-4905619.218266411
-24466115.94707822,-16804286.60665078,-18961973.774403792,16355144.584965179,9453137.497018062,-11606370.259227157,2649281.544925848,7356156.297117322,-5564222.759228052,-6091365.742713538,-9179286.710988775,-10630718.951840192,18696596.693226907,2204071.5826075883,9081989.470924344,-1411095.9918143465,-1087079.6801784097,4691956.3966505295,-15363894.985476725,-5726251.418760807,-21074762.426939536,-409468.46209113166,-3937405.675372734,-21493460.614789285,2364780.3444043677,-7929516.461513062,4756384.713045684,-5286200.669308591,11031660.254743222,-7952250.824330159,-13663904.218455488,-11201712.778408008,-388323.80170766974,7103239.5288181575,13813653.445317091,5007931.786005809,22933825.478434846,-16714924.722889323,-12019549.716561466,-1490527.7324639326,-2989483.443340672,-14888645.48654359,-949960.1275882988,24156432.89613881,1035387.9242653565,3266321.105396328,-26536852.882925116,-7050420.765643362,2851237.81915069,-1953266.0195781772,4248163.130057624,-14998824.567338834,2139911.7262056908,-2836846.231441656,-12740871.265009528,-13621240.798943039
18506257.0417846,12710822.40949452,14342904.802907089,-12371089.706008764,-7150386.751542748,8779099.918029308,-2003925.9661234536,-5564222.759228052,4208798.097587699,4607531.102223543,6943245.162908841,8041113.693966039,-14142172.568490837,-1667167.4617513504,-6869649.131199925,1067357.7473082605,822271.2445289033,-3549012.3442009855,11621305.51057748,4331357.106409992,15941025.781339351,309723.48118523066,2978267.8391139056,16257730.737760216,-1788728.5155718387,5997914.483214283,-3597746.2455310295,3998501.2475336744,-8344387.087476219,6015111.033658312,10335425.74332127,8473015.598135255,293729.4015747481,-5372915.850661491,-10448697.10883247,-3788017.6200165395,-17347227.381999906,12643228.605676211,9091630.802616531,1127440.8963714011,2261255.7831169586,11261824.300673863,718553.0266526048,-18272011.716677364,-783170.890893656,-2470656.8987971335,20072570.208148103,5332963.768362139,-2156686.440313235,1477457.7277587114,-3213325.757514017,11345164.388513131,-1618637.0078523885,2145800.0372498846,9637240.55299128,10303155.139501648
20259501.688560463,13915019.736837832,15701722.343373673,-13543101.396249626,-7827799.621572654,9610813.858306643,-2193773.7647788096,-6091365.742713538,4607531.102223543,5044039.389279546,7601033.980325555,8802912.31827479,-15481973.153343346,-1825111.3354792502,-7520465.552416376,1168476.8295976056,900171.7460588121,-3885238.3703685673,12722284.600391326,4741701.053934126,17451246.12481198,339066.0984311381,3260422.9564708453,17797955.219521176,-1958189.1137247414,6566144.582718019,-3938589.275594651,4377311.197655625,-9134917.20178181,6584970.446471308,11314582.722529171,9275731.820549447,321556.6534466646,-5881934.993449137,-11438585.524231052,-4146886.800585156,-18990668.161629222,13841022.093268188,9952953.64891968,1234252.6383475927,2475482.4422937064,12328746.314014588,786627.1204409176,-20003064.47742688,-857366.7473802197,-2704721.874598275,21974204.43658944,5838198.098362189,-2361006.4746023305,1617429.292851255,-3517749.6414971948,12419981.976572162,-1771983.4753821543,2349088.272930321,10550253.019608408,11279254.948112926
30529734.09993432,20969017.17696892,23661459.49900231,-20408560.915328432,-11795978.258727083,14482862.129049579,-3305872.4483986893,-9179286.710988775,6943245.162908841,7601033.980325555,11454257.484376492,13265408.734369744,-23330312.87627091,-2750322.0516998377,-11332845.780248383,1760818.1465133182,1356498.7469411893,-5854798.697284742,19171643.240979478,7145430.187637176,26297876.734565422,510949.9713999503,4913242.773418667,26820344.613964826,-2950861.0144770625,9894747.433151182,-5935194.541345521,6596318.718311165,-13765718.417535394,9923115.990673713,17050330.70161084,13977916.32716634,484565.1053876219,-8863688.010658393,-17237193.181304343,-6249085.037467983,-28617685.2693666,20857507.53526677,14998443.748075373,1859936.3971903913,3730389.575754272,18578608.835004903,1185395.8019497213,-30143300.12883532,-1291995.9831420416,-4075837.751840346,33113677.64523302,8797778.802364457,-3557881.206964812,2437358.5803513704,-5301016.4008810595,18716093.56701981,-2670261.947978854,3539922.077384384,15898535.142239245,16997093.467191525
35357106.88119362,24284645.881679107,27402818.387562513,-23635570.077295046,-13661162.714258306,16772897.92133155,-3828598.2599357944,-10630718.951840192,8041113.693966039,8802912.31827479,13265408.734369744,15362939.965033453,-27019310.3460817,-3185204.3575554746,-13124799.61908503,2039239.3825778626,1570988.859496346,-6780561.5390138915,22203070.35381876,8275268.461515337,30456106.651218716,591741.6255521657,5690126.210222278,31061187.09203614,-3417452.439515303,11459308.379383553,-6873669.725389031,7639331.164210443,-15942358.729585854,11492162.737192595,19746335.1705868,16188109.483022032,561184.6258333432,-10265217.584789313,-19962744.624971922,-7237192.462974335,-33142724.021708947,24155504.50874645,17370003.212565683,2154030.2421641923,4320239.946705981,21516265.09390349,1372830.9585196394,-34909569.78286527,-1496286.710220096,-4720310.640732502,38349624.34776778,10188886.830364613,-4120454.6639117296,2822754.596348892,-6139215.246185193,21675489.404520266,-3092484.7435112162,4099656.0571047277,18412417.568486333,19684680.182721954
-62183712.29347417,-42710209.51951164,-48194242.5677657,41568658.37111481,24026338.255244326,-29499049.87554063,6733482.246721405,18696596.693226907,-14142172.568490837,-15481973.153343346,-23330312.87627091,-27019310.3460817,47519754.468505815,5601923.836782174,23083018.780405067,-3586477.4186324836,-2762950.2971517555,11925197.560130786,-39049274.36186205,-14553988.152740514,-53564161.80053235,-1040715.5950669587,-10007413.372884378,-54628337.06430099,6010386.669543173,-20153864.477552935,12088950.02135333,-13435544.369426487,28038353.284642424,-20211646.61781872,-34728532.29671636,-28470563.40433665,-986973.9046769487,18053777.629603043,35109139.12025308,12728289.871365186,58289204.35650617,-42483084.04583795,-30549199.295831867,-3788364.556930695,-7598148.769764835,-37841366.522751026,-2414443.03284321,61396614.068919264,2631568.771922106,8301766.363621806,-67446752.12707834,-17919532.38946275,7246779.820563017,-4964472.149183348,10797240.691009784,-38121399.5464771,5438855.280475647,-7210199.968709514,-32382527.359513994,-34620097.70091328
-7330603.67891284,-5034945.475651644,-5681438.187417057,4900372.414031253,2832374.7241456895,-3477532.9218414966,793785.0475707401,2204071.5826075883,-1667167.4617513504,-1825111.3354792502,-2750322.0516998377,-3185204.3575554746,5601923.836782174,660391.2774665736,2721170.530359002,-422796.66739545227,-325713.6438598776,1405816.4528193476,-4603370.563842169,-1715715.5753482827,-6314476.690993785,-122686.19216511975,-1179734.8394391562,-6439927.171910349,708542.3799201922,-2375862.5183317605,1425121.0090056623,-1583865.889002117,3305335.251199253,-2382674.670906471,-4094015.5064735846,-3356286.832158467,-116350.36549643907,2128291.51723107,4138884.162165177,1500489.1810322735,6871493.872586399,-5008171.4988190085,-3601329.5266644396,-446595.7175040701,-895716.4654027977,-4460975.45630462,-284629.5171469228,7237815.42141744,310225.32582525327,978663.6787297954,-7951042.546333438,-2112465.8217648687,854295.4490787106,-585242.5103007805,1272846.7018109974,-4493989.0149170635,641165.9886747395,-849984.589717239,-3817454.7801808026,-4081232.9506680705
-30206129.13582582,-20746752.494983315,-23410656.328841455,20192236.927323375,11670944.94567124,-14329349.338063344,3270831.416146025,9081989.470924344,-6869649.131199925,-7520465.552416376,-11332845.780248383,-13124799.61908503,23083018.780405067,2721170.530359002,11212721.66724161,-1742154.227469145,-1342120.287953661,5792739.644227916,-18968429.568404593,-7069691.523876477,-26019127.773599967,-505534.19074773917,-4861163.154591619,-26536056.999084145,2919583.2639539465,-9789865.991456168,5872283.598365438,-6526400.116200255,13619806.032563826,-9817934.20308435,-16869602.670867667,-13829754.718551826,-479428.67344576295,8769735.723099342,17054484.821278624,6182846.26914914,28314346.843098864,-20636425.410413913,-14839465.08576933,-1840221.612409925,-3690848.234504498,-18381681.312516868,-1172830.893843147,29823791.110889252,1278300.9387388083,4032635.0656758123,-32762683.149336595,-8704525.179611059,3520168.763653378,-2411523.219171888,5244827.836456494,-18517709.777067248,2641958.0016639186,-3502400.737068562,-15730016.424863754,-16816930.00771024
4693216.983781131,3223484.8591488423,3637383.462292102,-3137328.2122383807,-1813349.8206979383,2226393.851648285,-508198.9203307171,-1411095.9918143465,1067357.7473082605,1168476.8295976056,1760818.1465133182,2039239.3825778626,-3586477.4186324836,-422796.66739545227,-1742154.227469145,270684.0724446684,208528.88826059224,-900035.5104102336,2947180.9082909557,1098439.0299737717,4042669.2845447203,78546.27979386915,755293.2043599541,4122985.873627376,-453624.1520912314,1521080.772683764,-912394.4085962735,1014026.0719447273,-2116150.03729341,1525441.6091217252,2621080.7516783066,2148770.188983091,74490.37463493102,-1362579.884547921,-2649805.868359964,-960647.0707124718,-4399284.6914090915,3206343.2523241364,2305651.421503002,285920.24602798873,573458.2649116397,2856017.033547327,182226.4738326492,-4633811.922767633,-198613.67909845224,-626562.5888320123,5090435.9396014735,1352447.6702837863,-546939.1587354485,374685.1500127718,-814904.608850816,2877152.001876866,-410488.7338092427,544179.2187616321,2444019.624760069,2612896.684818108
3615559.062598659,2483307.972669493,2802167.371233144,-2416934.4523656303,-1396967.7786552464,1715169.0454956128,-391506.0991896726,-1087079.6801784097,822271.2445289033,900171.7460588121,1356498.7469411893,1570988.859496346,-2762950.2971517555,-325713.6438598776,-1342120.287953661,208528.88826059224,160647.12525294046,-693368.76294254,2270450.056718826,846215.5098512335,3114391.674144746,60510.63669861224,581863.0291116246,3176266.35513714,-349463.38759591413,1171809.8795815026,-702890.0036609271,781185.7082225513,-1630239.207166186,1175169.8204026285,2019227.4930834314,1655369.5000382257,57385.65134504006,-1049704.4033066032,-2041357.884703702,-740063.5401906678,-3389120.2807943844,2470102.0342253307,1776228.5915060183,220268.12043324797,441780.3713573183,2200217.4433722002,140383.14701101716,-3569794.698213364,-153007.47798417395,-482691.1357626035,3921569.394809647,1041899.249157768,-421350.86870693736,288650.67453510547,-627786.0935789387,2216499.865767782,-316232.58710097545,419223.35859375214,1882823.6395861036,2012922.9839802734
-15605153.806301994,-10718230.614027562,-12094461.836757494,10431755.662252545,6029468.044249671,-7402858.011847427,1689783.743644841,4691956.3966505295,-3549012.3442009855,-3885238.3703685673,-5854798.697284742,-6780561.5390138915,11925197.560130786,1405816.4528193476,5792739.644227916,-900035.5104102336,-693368.76294254,2992657.4943935997,-9799509.60442859,-3652358.4759482355,-13442056.036300803,-261170.01182414324,-2511384.5855990527,-13709113.288984805,1508320.8396616764,-5057661.275009169,3033751.4486227403,-3371682.2181536974,7036292.889599879,-5072161.600249896,-8715209.603158833,-7144756.880411263,-247683.62803128595,4530639.161977851,8810723.22568999,3194195.1000574003,14627817.298060609,-10661233.044549325,-7666395.124911255,-950698.8483795552,-1906774.0720737353,-9496383.039350538,-605910.5635710147,15407629.56529979,660398.8391943831,2083348.459511578,-16925926.080587264,-4496949.753177902,1818597.0022561066,-1245845.9750008604,2709593.6948082903,-9566657.666469086,1364893.7752809222,-1809417.7359428352,-8126473.673358921,-8687997.486318655
51099354.7628009,35097039.13249553,39603533.72870798,-34158971.3518542,-19743600.553311646,24240791.94247172,-5533226.999202153,-15363894.985476725,11621305.51057748,12722284.600391326,19171643.240979478,22203070.35381876,-39049274.36186205,-4603370.563842169,-18968429.568404593,2947180.9082909557,2270450.056718826,-9799509.60442859,32088673.09476921,11959714.089010393,44016255.62354223,855206.3184861419,8223574.579781049,44890740.16240632,-4939024.934762731,16561402.370340075,-9934073.029303947,11040635.12232214,-23040467.04507702,16608885.074866524,28538109.64169805,23395635.249831684,811043.8871616642,-14835660.04098841,-28850873.51103894,-10459450.026295213,-47899050.41054427,34910398.797904864,25103751.359450705,3113082.625170278,6243765.074248821,31096075.488919765,1984063.9181401064,-50452558.28510308,-2162486.600306786,-6821961.77475393,55424249.170350604,14725344.659957793,-5955028.444957503,4079546.8433896806,-8872613.356145363,31326192.399001677,-4469369.971237829,5924967.869862963,26610284.55352813,28449003.93697596
19045153.94344516,13080957.814605417,14760566.31411303,-12731332.22828375,-7358604.042320083,9034745.259876527,-2062279.7912051445,-5726251.418760807,4331357.106409992,4741701.053934126,7145430.187637176,8275268.461515337,-14553988.152740514,-1715715.5753482827,-7069691.523876477,1098439.0299737717,846215.5098512335,-3652358.4759482355,11959714.089010393,4457485.3193941265,16405223.661002053,318742.61639030545,3064993.5195205812,16731150.506539144,-1840816.0266989311,6172571.733532655,-3702511.6807271764,4114936.5564080374,-8587372.985973362,6190269.274003262,10636390.218361301,8719747.111641672,302282.58332211024,-5529373.495396644,-10752960.221525734,-3898323.211281599,-17852373.28069165,13011396.115404729,9356376.320188401,1160271.5709468073,2327102.5949807162,11589765.06613591,739477.0206254955,-18804087.373966694,-805976.396251638,-2542601.6039889017,20657077.266698465,5488258.041401911,-2219488.464726007,1520480.7290116237,-3306897.177365817,11675532.6818869,-1665771.199967662,2208285.5962910336,9917874.519192576,10603180.080986517
70093342.64004904,48142853.64990593,54324443.9884971,-46856099.693283394,-27082435.25401507,33251264.254359066,-7589966.330439412,-21074762.426939536,15941025.781339351,17451246.12481198,26297876.734565422,30456106.651218716,-53564161.80053235,-6314476.690993785,-26019127.773599967,4042669.2845447203,3114391.674144746,-13442056.036300803,44016255.62354223,16405223.661002053,60377404.720825285,1173092.4519618473,11280333.739878125,61576940.38482826,-6774895.000498727,22717391.12513861,-13626637.704271618,15144516.155567534,-31604769.458307073,22782523.39500049,39145924.48343084,32091955.897142075,1112514.5858291255,-20350178.190570686,-39574944.28915363,-14347299.914858542,-65703461.81036465,47886838.593234286,34434990.1373321,4270236.393776194,8564616.04840232,42654704.086329915,2721554.6219829256,-69206127.20894027,-2966298.1106364788,-9357732.520687174,76025829.37998207,20198857.445286956,-8168554.112273666,5595942.171544434,-12170626.115903117,42970357.56403373,-6130665.701626833,8127321.459755228,36501513.532390535,39023697.56401538
1361866.4291782782,935383.2973260768,1055487.5942800778,-910382.515054336,-526193.481305448,646049.8870606,-147467.95209446785,-409468.46209113166,309723.48118523066,339066.0984311381,510949.9713999503,591741.6255521657,-1040715.5950669587,-122686.19216511975,-505534.19074773917,78546.27979386915,60510.63669861224,-261170.01182414324,855206.3184861419,318742.61639030545,1173092.4519618473,22792.450124922416,219169.16337602964,1196398.5394793402,-131631.8174427302,441383.53197726863,-264756.4018994908,294247.88012690493,-614059.3272282167,442649.15628572577,760578.9081199218,623525.0925494692,21615.329036835687,-395390.30073497974,-768914.7304931604,-278758.3350385833,-1276573.9892321483,930409.1664540888,669048.8653274147,82967.95109749342,166404.5826875125,828752.0455929028,52877.88106555604,-1344628.4174490997,-57633.029974736186,-181814.40887775776,1477130.6618617156,392450.33029563894,-158709.4896903255,108725.47984572893,-236467.18321355482,834885.2798584863,-119114.75412910094,157908.32509237985,709200.001079415,758204.2327846633
13095565.715368893,8994547.726074768,10149455.968099222,-8754142.93543699,-5059821.481176836,6212345.410988521,-1418036.142975043,-3937405.675372734,2978267.8391139056,3260422.9564708453,4913242.773418667,5690126.210222278,-10007413.372884378,-1179734.8394391562,-4861163.154591619,755293.2043599541,581863.0291116246,-2511384.5855990527,8223574.579781049,3064993.5195205812,11280333.739878125,219169.16337602964,2107510.1544450507,11504444.29086514,-1265755.7275954331,4244299.323341131,-2545869.7035707007,2829455.4885015716,-5904731.507261117,4256467.577299498,7313648.16865829,5995752.744954006,207851.77110173256,-3802031.706226394,-7393801.697399136,-2680512.183845475,-12275403.322372919,8946715.581146803,6433502.503377403,797810.0095939855,1600131.025027603,7969195.1042542625,508469.2056808802,-12929807.07950378,-554194.9854853492,-1748308.9169528242,14203935.232051635,3773760.344746366,-1526134.1753648706,1045492.2395294433,-2273842.13826885,8028167.492964609,-1145394.6818856006,1518429.6947332139,6819591.049088954,7290812.136060741
71485907.0851078,49099321.71193924,55403723.06363791,-47787003.361093946,-27620489.602319513,33911876.01133372,-7740758.235905742,-21493460.614789285,16257730.737760216,17797955.219521176,26820344.613964826,31061187.09203614,-54628337.06430099,-6439927.171910349,-26536056.999084145,4122985.873627376,3176266.35513714,-13709113.288984805,44890740.16240632,16731150.506539144,61576940.38482826,1196398.5394793402,11504444.29086514,62800308.3389586,-6909493.480900906,23168724.44485255,-13897361.866036592,15445396.541770343,-32232670.86475468,23235150.508577347,39923648.00330383,32729536.428600274,1134617.375822353,-20754481.25976004,-40361191.157625504,-14632342.50520343,-67008811.880593,48838219.66431508,35119120.40828956,4355074.707408436,8734772.131663129,43502137.7326484,2775624.5223512184,-70581065.23638745,-3025230.60761342,-9543645.4709972,77536257.00484784,20600154.263130233,-8330841.186993075,5707118.698141124,-12412423.015831048,43824061.46729155,-6252465.54787207,8288788.322286486,37226699.21861983,39798992.539192975
-7865111.32443901,-5402066.792924882,-6095698.01879715,5257681.236024495,3038895.887275815,-3731095.3515617233,851663.4124735435,2364780.3444043677,-1788728.5155718387,-1958189.1137247414,-2950861.0144770625,-3417452.439515303,6010386.669543173,708542.3799201922,2919583.2639539465,-453624.1520912314,-349463.38759591413,1508320.8396616764,-4939024.934762731,-1840816.0266989311,-6774895.000498727,-131631.8174427302,-1265755.7275954331,-6909493.480900906,760205.4564227167,-2549097.9064684478,1529032.8731412427,-1699353.010521154,3546342.716122204,-2556406.762414461,-4392529.057847642,-3601009.6568946824,-124834.02601918178,2283475.4092499926,4440669.742387901,1609897.4968392001,7372526.631858131,-5373339.849825747,-3863919.9997981996,-479159.7452459833,-961027.4626278353,-4786245.814791275,-305382.9595483867,7765557.615941478,332845.22724669334,1050022.670905618,-8530790.306350812,-2266496.0769556747,916586.1206160152,-627915.899911994,1365655.4613185101,-4821665.987098918,687916.6334218474,-911959.4566691818,-4095802.760281833,-4378814.448608488
26373076.36627181,18114061.822983906,20439925.003483664,-17629912.31986077,-10189942.50357062,12511004.018230157,-2855774.181157682,-7929516.461513062,5997914.483214283,6566144.582718019,9894747.433151182,11459308.379383553,-20153864.477552935,-2375862.5183317605,-9789865.991456168,1521080.772683764,1171809.8795815026,-5057661.275009169,16561402.370340075,6172571.733532655,22717391.12513861,441383.53197726863,4244299.323341131,23168724.44485255,-2549097.9064684478,8547566.466978256,-5127111.09008437,5698222.435807689,-11891500.344678132,8572072.521238042,14728908.953994315,12074807.26690688,418591.0594456492,-7656886.879480301,-14890329.803498143,-5398265.076085997,-24721355.187265206,18017734.30258162,12956388.65902037,1606703.9002815664,3222492.8836812694,16049110.340154272,1024002.8740868022,-26039255.82268523,-1116089.3384253655,-3520907.8390010926,28605213.10339772,7599951.235908174,-3073471.6910434123,2105509.4383707014,-4579276.986548955,16167876.244324526,-2306702.7480802895,3057957.7233503293,13733931.567700239,14682920.00108646
-15819438.17256364,-10865409.610817451,-12260539.058095422,10575000.865913562,6112262.562032469,-7504511.83300348,1712987.2925890288,4756384.713045684,-3597746.2455310295,-3938589.275594651,-5935194.541345521,-6873669.725389031,12088950.02135333,1425121.0090056623,5872283.598365438,-912394.4085962735,-702890.0036609271,3033751.4486227403,-9934073.029303947,-3702511.6807271764,-13626637.704271618,-264756.4018994908,-2545869.7035707007,-13897361.866036592,1529032.8731412427,-5127111.09008437,3075409.8687700857,-3417981.169306917,7132912.599350071,-5141810.79712682,-8834883.644359617,-7242866.070848616,-251084.5825131332,4592852.316575382,8931709.257280821,3238056.498141723,14828681.132038927,-10807629.563452264,-7771667.582794788,-963753.6875626299,-1932956.935438554,-9626783.708037192,-614230.5592196557,15619201.56044368,669466.9387266723,2111956.179636558,-17158346.74427568,-4558700.434796174,1843569.289830986,-1262953.595037096,2746801.1001160406,-9698023.91952381,1383636.0685203264,-1834264.0302574157,-8238063.824589303,-8807298.068185082
17581572.871301066,12075713.160117172,13626247.034902971,-11752955.533619972,-6793110.332627138,8340443.371328397,-1903797.7614617392,-5286200.669308591,3998501.2475336744,4377311.197655625,6596318.718311165,7639331.164210443,-13435544.369426487,-1583865.889002117,-6526400.116200255,1014026.0719447273,781185.7082225513,-3371682.2181536974,11040635.12232214,4114936.5564080374,15144516.155567534,294247.88012690493,2829455.4885015716,15445396.541770343,-1699353.010521154,5698222.435807689,-3417981.169306917,3798712.14121193,-7927451.152215174,5714559.891378455,9819005.532013869,8049652.656088291,279052.8326556603,-5104452.622147684,-9926617.411618778,-3598745.3833372733,-16480455.291323038,12011496.823618373,8637358.29329326,1071107.275496777,2148269.6813800405,10699115.548125394,682649.6974077562,-17359031.840926316,-744038.8147504703,-2347207.9614330037,19069623.58634101,5066496.872771846,-2048925.3646713397,1403635.1110716031,-3052768.742692732,10778291.748189533,-1537760.1903360016,2038582.884305909,9155706.088257704,9788347.461353896
-36690612.70384638,-25200549.876723535,-28436325.217761382,24526993.952403832,14176398.293022264,-17405493.49996704,3972995.1730570868,11031660.254743222,-8344387.087476219,-9134917.20178181,-13765718.417535394,-15942358.729585854,28038353.284642424,3305335.251199253,13619806.032563826,-2116150.03729341,-1630239.207166186,7036292.889599879,-23040467.04507702,-8587372.985973362,-31604769.458307073,-614059.3272282167,-5904731.507261117,-32232670.86475468,3546342.716122204,-11891500.344678132,7132912.599350071,-7927451.152215174,16543630.527063195,-11925593.706167217,-20491075.257081777,-16798649.814011104,-582349.9698694667,10652373.901110241,20715646.482528605,7510145.844620489,34392713.6739483,-25066537.77564137,-18025118.950802576,-2235270.2024292834,-4483179.4659669595,-22327758.79171253,-1424607.8221206379,36226196.61002828,1552719.8106364065,4898338.880385601,-39795994.096791215,-10573164.258818485,4275859.083886808,-2929215.757254563,6370757.804818794,-22492988.002057165,3209118.888418453,-4254275.967124457,-19106848.273037467,-20427094.82300887
26448689.214785285,18165995.925005786,20498527.9311408,-17680458.2817557,-10219157.571483862,12546874.280799493,-2863961.86710415,-7952250.824330159,6015111.033658312,6584970.446471308,9923115.990673713,11492162.737192595,-20211646.61781872,-2382674.670906471,-9817934.20308435,1525441.6091217252,1175169.8204026285,-5072161.600249896,16608885.074866524,6190269.274003262,22782523.39500049,442649.15628572577,4256467.577299498,23235150.508577347,-2556406.762414461,8572072.521238042,-5141810.79712682,5714559.891378455,-11925593.706167217,8596649.288606394,14771137.345725873,12109426.339644877,419790.9460640364,-7678839.6790208975,-14933021.733227758,-5413742.081785165,-24792232.431931704,18069392.41053726,12993535.833035747,1611310.8102420906,3231731.5392029737,16095123.559303438,1026938.4593749599,-26113911.55880007,-1119288.8003175666,-3531002.3854866563,28687225.644572362,7621741.076506126,-3082283.425608039,2111546.309723158,-4592406.314146738,16214230.80747063,-2313316.329987906,3066724.812208776,13773307.921407431,14725016.83976856
45445291.49703295,31213606.086015064,35221463.90425697,-30379334.265785996,-17559002.341652606,21558586.118489873,-4920984.19836945,-13663904.218455488,10335425.74332127,11314582.722529171,17050330.70161084,19746335.1705868,-34728532.29671636,-4094015.5064735846,-16869602.670867667,2621080.7516783066,2019227.4930834314,-8715209.603158833,28538109.64169805,10636390.218361301,39145924.48343084,760578.9081199218,7313648.16865829,39923648.00330383,-4392529.057847642,14728908.953994315,-8834883.644359617,9819005.532013869,-20491075.257081777,14771137.345725873,25380412.483990103,20806944.205458354,721303.3588700795,-13194116.914471777,-25658568.27896094,-9302127.522471773,-42599094.834563464,31047617.841473866,22326058.863367427,2768623.761212058,5552902.424146414,27655343.584897242,1764530.8402883345,-44870061.892766334,-1923211.3175743152,-6067122.328057351,49291641.8947617,13096007.181410426,-5296113.832366758,3628150.3588475045,-7890872.60904937,27859998.160733752,-3974840.717730999,5269381.166169202,23665897.8810067,25301165.881194867
37256196.741490334,25589015.372893624,28874670.187156986,-24905076.558566295,-14394926.769067118,17673798.567935556,-4034238.7088057203,-11201712.778408008,8473015.598135255,9275731.820549447,13977916.32716634,16188109.483022032,-28470563.40433665,-3356286.832158467,-13829754.718551826,2148770.188983091,1655369.5000382257,-7144756.880411263,23395635.249831684,8719747.111641672,32091955.897142075,623525.0925494692,5995752.744954006,32729536.428600274,-3601009.6568946824,12074807.26690688,-7242866.070848616,8049652.656088291,-16798649.814011104,12109426.339644877,20806944.205458354,17057600.354016196,591326.7756577661,-10816579.894544067,-21034977.608612407,-7625914.495641394,-34922875.897713326,25452937.413086243,18302975.802506007,2269727.0901434985,4552287.3336201925,22671940.042911317,1446567.9376773783,-36784621.71073766,-1576654.7268660788,-4973846.520887942,40409447.68609321,10736149.399905153,-4341771.263424278,2974369.7437243275,-6468962.821663804,22839716.524662755,-3258587.4239228046,4319855.095691008,19401379.64910904,20741977.667652033
1291540.8277033905,887080.7037690053,1000982.5060044014,-863370.9910964738,-499021.2847456342,612687.861817025,-139852.78607221093,-388323.80170766974,293729.4015747481,321556.6534466646,484565.1053876219,561184.6258333432,-986973.9046769487,-116350.36549643907,-479428.67344576295,74490.37463493102,57385.65134504006,-247683.62803128595,811043.8871616642,302282.58332211024,1112514.5858291255,21615.329036835687,207851.77110173256,1134617.375822353,-124834.02601918178,418591.0594456492,-251084.5825131332,279052.8326556603,-582349.9698694667,419790.9460640364,721303.3588700795,591326.7756577661,20499.337457565314,-374972.56623359874,-729208.0684381205,-264363.5894940723,-1210652.8480522977,882363.2564926896,634499.2375320358,78683.21074809239,157811.94636812946,785956.3167899975,50147.5498459628,-1275193.0063459931,-54657.280164403164,-172425.74612139823,1400852.8837956903,372184.1817711311,-150513.90596126858,103110.75062873919,-224255.92474546758,791772.0688591207,-112963.64357513026,149754.22379304442,672577.0600372893,719051.0254286843
-23624930.761614766,-16226528.005184673,-18310030.319960006,15792828.126963323,9128123.050876763,-11207324.15941304,2558194.8485763064,7103239.5288181575,-5372915.850661491,-5881934.993449137,-8863688.010658393,-10265217.584789313,18053777.629603043,2128291.51723107,8769735.723099342,-1362579.884547921,-1049704.4033066032,4530639.161977851,-14835660.04098841,-5529373.495396644,-20350178.190570686,-395390.30073497974,-3802031.706226394,-20754481.25976004,2283475.4092499926,-7656886.879480301,4592852.316575382,-5104452.622147684,10652373.901110241,-7678839.6790208975,-13194116.914471777,-10816579.894544067,-374972.56623359874,6859018.784209368,13338717.8776784,4835751.307439987,22145323.41381366,-16140238.161275756,-11606298.600616273,-1439281.3891924792,-2886700.1628897577,-14376749.572709735,-917298.7909088093,23325895.202709574,999789.498389732,3154019.715735434,-25624472.95274446,-6808016.218178286,2753207.631250058,-1886109.9447948323,4102104.221073002,-14483140.360664638,2066338.2478561446,-2739310.036318922,-12302819.30514096,-13152920.369133677
-45943347.797946274,-31555691.308720265,-35607473.851314366,30712276.14611126,17751439.674949322,-21794857.799865678,4974915.631505251,13813653.445317091,-10448697.10883247,-11438585.524231052,-17237193.181304343,-19962744.624971922,35109139.12025308,4138884.162165177,17054484.821278624,-2649805.868359964,-2041357.884703702,8810723.22568999,-28850873.51103894,-10752960.221525734,-39574944.28915363,-768914.7304931604,-7393801.697399136,-40361191.157625504,4440669.742387901,-14890329.803498143,8931709.257280821,-9926617.411618778,20715646.482528605,-14933021.733227758,-25658568.27896094,-21034977.608612407,-729208.0684381205,13338717.8776784,25939774.00688737,9404074.047593327,43065958.64370525,-31387883.966278546,-22570742.148904607,-2798967.3734588544,-5613758.684192537,-27958431.018123962,-1783868.6247359752,45361813.97832877,1944287.948747779,6133614.677874796,-49831852.66577543,-13239533.478725262,5354156.4126450615,-3667913.7236480536,7977352.868704308,-28165329.8040009,4018403.240945037,-5327129.962226897,-23925264.497408107,-25578453.74452072
-16656068.45409676,-11440040.46675903,-12908952.707406022,11134272.97120039,6435516.874827029,-7901396.607981096,1803580.5903581455,5007931.786005809,-3788017.6200165395,-4146886.800585156,-6249085.037467983,-7237192.462974335,12728289.871365186,1500489.1810322735,6182846.26914914,-960647.0707124718,-740063.5401906678,3194195.1000574003,-10459450.026295213,-3898323.211281599,-14347299.914858542,-278758.3350385833,-2680512.183845475,-14632342.50520343,1609897.4968392001,-5398265.076085997,3238056.498141723,-3598745.3833372733,7510145.844620489,-5413742.081785165,-9302127.522471773,-7625914.495641394,-264363.5894940723,4835751.307439987,9404074.047593327,3409305.8661595155,15612914.829264471,-11379203.899764672,-8182682.567885547,-1014723.5069932755,-2035184.0670447168,-10135908.341704283,-646714.7923801992,16445242.247169381,704872.6070224921,2223649.7608962446,-18065787.823138602,-4799793.453766127,1941068.797133119,-1329746.9834138874,2892068.6619894304,-10210915.390671946,1456811.6006212698,-1931270.0934684712,-8673743.71001035,-9273082.914905662
-76276470.33337209,-52389667.535255894,-59116552.55709473,50989405.56654259,29471451.815603018,-36184449.589055486,8259498.226811901,22933825.478434846,-17347227.381999906,-18990668.161629222,-28617685.2693666,-33142724.021708947,58289204.35650617,6871493.872586399,28314346.843098864,-4399284.6914090915,-3389120.2807943844,14627817.298060609,-47899050.41054427,-17852373.28069165,-65703461.81036465,-1276573.9892321483,-12275403.322372919,-67008811.880593,7372526.631858131,-24721355.187265206,14828681.132038927,-16480455.291323038,34392713.6739483,-24792232.431931704,-42599094.834563464,-34922875.897713326,-1210652.8480522977,22145323.41381366,43065958.64370525,15612914.829264471,71499345.76501408,-52111068.654623896,-37472594.85566445,-4646925.089227125,-9320124.938292501,-46417393.872507505,-2961630.862291034,75310991.17493816,3227963.9885663046,10183204.049003193,-82732277.79271518,-21980653.849296175,8889124.894106098,-6089575.192412869,13244230.394044155,-46760891.13120181,6671468.421534535,-8844255.564563382,-39721412.40055107,-42466085.562009774
