V1,V2,V3,V4,V5,V6,V7,V8,V9,V10,V11,V12,V13,V14,V15,V16,V17,V18,V19,V20,V21,V22,V23,V24,V25,V26,V27,V28,V29,V30,V31,V32,V33,V34,V35,V36,V37,V38,V39,V40,V41,V42,V43,V44,V45,V46,V47,V48,V49,V50,V51,V52,V53,V54,V55,V56
1.0328126662873771,0.11736494918963826,-1.41069931263876,-0.3291311239022795,-0.2515499952805227,-0.4795211951403612,0.5160444392402559,-0.08889953239410538,-0.3231135352899963,-1.371243803841809,1.2374193231379202,0.6186922079573993,-1.2064247372507744,1.2710284002392624,-0.5135727319126117,0.2587999220627913,-0.07991118329173051,-0.42449214881662517,-0.12602765270015434,-1.0780045026168106,0.37949789418424545,-0.43363850090611433,1.78585006927716,0.600374696067468,1.6360619031057515,0.6409332264149287,-0.019996744521750674,-0.7266405389237485,-1.046495371779097,0.5092272170928057,1.1598125839106679,0.1664688882191648,-0.10976787931911333,-0.08935916940188313,1.0917602816110614,0.05578942937738106,-0.43990674704478705,-0.2482239681305746,-0.6988002353367069,-0.2104682435064941,0.6199532148615533,1.3605999762570442,0.4734128236912915,-1.0376268467672394,-1.4433350002259842,-0.03283407830588567,1.5941893953438186,-0.5475544418234224,-0.7260410716662177,-0.4318042776259878,0.5114727274373476,-0.6294269751476518,0.03467176326236888,0.2697497516757012,-0.8760026505294795,-0.16053929339202155
0.11736494918963826,0.2772381038381501,-0.22368447888169063,-0.0708522217016583,0.1645719353059613,-0.09859217190557726,0.3068670344242293,0.07024803398114676,-0.23173879516761503,0.3019951892705959,-0.21617781994269905,0.45834232503237754,0.077330026342375,-0.021214148445025244,0.061108783815411384,0.06328019374188071,0.37111582035560103,-0.048404607325566444,0.44651962385259136,-0.0022568061289539383,0.02291247610144843,0.05604621645751232,0.094339101481096,0.7196283613358219,0.1206001964981974,0.5732859180308109,0.14680408764133507,0.09667978449531882,-0.19750376970740754,-0.08512568320509288,-0.32451209264279585,0.4479852088885385,-0.21553043082946785,0.8775062435361809,0.2214428852840694,-0.42508934002114923,0.06015120852191324,-0.0744056634766794,-0.03993949619274743,-0.4912878491378511,0.4846406817826329,0.1192253982895303,0.012491481281306085,-0.5628767592901608,-0.28025134049832745,0.26569745334330935,0.480972174430448,0.07748734455431945,-0.21097927647278303,-0.34345639164408426,0.41926625505973397,0.15304362227222953,0.14824643610663088,-0.39356523036007446,0.2013943146597976,0.1526313295414122
-1.41069931263876,-0.22368447888169063,2.549332505320135,0.5117195454709791,0.13186678391462686,-0.7182021250941815,-1.5725896089913667,0.08843815228604836,0.501716806061544,2.5389305428048394,-1.7129537375431771,-1.1271215110398973,1.7173681817301967,-1.1296955010025247,1.66816907357136,-0.19914262149464013,-1.0595632685257883,-0.04715078932655907,0.3224610931175348,1.1834403037730534,-1.0302932572038632,0.5399948564892544,-2.810287668651437,-0.7450385327934166,-2.7124235465065474,-0.656600466752531,-0.16275323380409995,0.7836695556038433,1.4855641886355362,-1.4992667620935312,-1.5156120878046486,0.12444174736294213,1.5017049763560013,-0.6239733849002131,-1.7766219860094514,-1.0248698350856202,-0.8823133502597966,-0.14772531876568937,0.8468456786156655,-0.16147121035773332,-0.13458958779638497,-1.2789815188180222,-0.262865270529667,1.5702487987615503,2.468354951895414,-0.8377973416762265,-2.7414547295729714,0.657663165471049,1.8234988647348782,0.8376899662186543,-0.4835774112866658,0.282366647050335,0.06813405186443491,-0.3078096383376208,0.8664817937147467,0.3606916079963915
-0.3291311239022795,-0.0708522217016583,0.5117195454709791,0.11400980633949377,0.04093987883900451,0.034446834749665985,-0.26811393711548526,0.016964560006576885,0.12878405853164218,0.44836274738161924,-0.35881725662331115,-0.26313157988585073,0.3681231528131988,-0.33324391746685433,0.23759833217186782,-0.07218241958622526,-0.11907222869749541,0.07914719947281174,0.0051558840164945136,0.30491766915478735,-0.16469499050020128,0.12240965737773887,-0.5907876296072244,-0.2530296188748236,-0.5570883371649504,-0.23720757252426108,-0.02629075082517398,0.19395781022913977,0.34669870538295605,-0.21916468872620676,-0.31548402587386365,-0.06664847357043241,0.1772700248332767,-0.13148694495750862,-0.3835382276100175,-0.05738111129105089,-0.004047559468157389,0.040283366675642356,0.2087930578497316,0.07596322183883968,-0.17726021372181108,-0.37793904097351233,-0.11215667497748695,0.39107626531703743,0.5165145101404641,-0.09684526044633388,-0.5899464673067475,0.15168984701904367,0.31927407751996534,0.19065455223050978,-0.18160308578036694,0.12520137562033531,-0.015866483360603787,-0.036020220187295726,0.21789680867184577,0.045794538863254235
-0.2515499952805227,0.1645719353059613,0.13186678391462686,0.04093987883900451,0.2476609901095036,0.4613513351078628,0.27605508413119123,0.08418901679526779,-0.0677311870826251,0.4577916803706623,-0.5329956638781543,0.18475749401413205,0.41782158748317366,-0.5851238600348253,-0.058547899256921596,-0.08248410077188013,0.5911358740820105,0.2740075675773207,0.2969331562166796,0.4214183724349303,0.033511214029843625,0.19006839463293615,-0.40634477820358267,0.26753446176247914,-0.31192289824653857,0.11784590790323096,0.15598051443850153,0.35333848014476177,0.18720610526597226,-4.58138325789782e-4,-0.6052911996596045,0.149633363939683,-0.47672283047905933,0.8165606789865502,-0.1233110362793313,-0.04282003606650284,0.5844577679228077,0.16222859382917654,0.2258316319094925,-0.137977552719005,-0.0688754800239405,-0.5127727769567758,-0.24735600370062744,-0.08551436008133226,0.13876562555616465,0.4279204154536472,-0.03487183898235897,0.25107825189161737,-0.13529567070210977,-0.15854600841259558,0.057569161303401305,0.4602228832524383,0.056278967218790145,-0.364989215642864,0.503841437345026,0.11448789191967444
-0.4795211951403612,-0.09859217190557726,-0.7182021250941815,0.034446834749665985,0.4613513351078628,3.391667443157465,1.5630393368678017,0.0586143569589101,0.15288851187562225,-1.21103219637686,-0.2672467709635033,0.07797350961646421,0.2478276239567151,-1.8577635804614985,-2.0550739974248735,-0.49719390908989897,2.4332757630065767,1.6293199177365718,-0.6148076306184231,1.0758635179131069,1.0081324472016437,0.2457357744986125,0.09395598781976777,-0.9175259404379712,0.37622901264554376,-1.1573779806133648,0.33596659461100575,0.6867950914452112,0.41472127794368413,1.7016965385115312,-0.36796839971013884,-1.1886206031611815,-2.8902461519041878,1.1073277027777597,0.07271883973652449,2.4501609701364235,3.511850816529562,1.261332141366152,0.5434750808940461,1.45923448486712,-2.21252449713315,-1.9305674178065715,-1.067216614539587,0.45205017310355056,-0.3793856253671082,1.8372387385687352,0.3318538857869962,0.36115316673533976,-1.4694399904556499,-0.1535208720331427,-0.988909027695187,1.4511316576403301,-0.38374595295611486,0.04062882167306407,0.9461799487807174,-0.37024937435990457
0.5160444392402559,0.3068670344242293,-1.5725896089913667,-0.26811393711548526,0.27605508413119123,1.5630393368678017,1.5676127859445859,0.049259190608724746,-0.3625988272786586,-1.2880046435783208,0.4271641243480141,0.9254132504547016,-0.562361704640814,-0.27607349573423207,-1.4705895127703115,-0.055376263091325255,1.7529465031438234,0.623196941780694,0.02273198794403351,-0.07850742642532343,0.8593527165147358,-0.08149563895494118,1.3185538672187473,0.6039892562105972,1.4128806975093997,0.3386645302627661,0.33552456779357204,0.026679878398356106,-0.6462616745735745,1.2366470748254403,0.205122720491438,-0.11950654422976845,-1.9817517499586426,1.4994586622635184,0.985399679292613,1.0242424276330646,1.8244931285430457,0.49624296739433066,-0.18080395750758962,0.203497251249426,-0.3825913411518748,-0.11442541020005846,-0.3006162592111448,-0.9980823108244161,-1.4546926254892156,1.326467167025534,1.7336007898151953,-0.06632985726868479,-1.550361784151213,-0.7283119284603827,0.19262782449799648,0.5944587442477559,-0.0472032870235578,-0.20918296216327803,0.18918931567947528,-0.1624444577829534
-0.08889953239410538,0.07024803398114676,0.08843815228604836,0.016964560006576885,0.08418901679526779,0.0586143569589101,0.049259190608724746,0.03245231279095377,-0.03194757180384313,0.24010118794714985,-0.21272612204601504,0.06918337594388911,0.16643970067438518,-0.1724017155405004,0.058392741862136346,-0.015557801294272998,0.14670771099724741,0.05044110498277563,0.14537418978550587,0.1351300394839764,-0.027345989190221697,0.06998540583099766,-0.1778588938668998,0.14159773495486003,-0.14959646279802574,0.08974391128104216,0.05057882034654425,0.12078501290525434,0.06525684772467552,-0.06869443466175502,-0.23788281335747732,0.10622433483988761,-0.08146578398680838,0.29000237679328994,-0.058360359188468575,-0.1127765335207311,0.10393706031895567,0.018316529538262207,0.07427729930765894,-0.11176452034032809,0.05476556297713969,-0.1405683753959638,-0.06164527132978332,-0.0472731577498372,0.07828287057666819,0.10312795645372462,-0.03488800368786897,0.09091244449605355,0.005473969505243131,-0.05650119282830527,0.05931754106403488,0.13416981880714962,0.03763275171080308,-0.1515504129321528,0.17273736394972672,0.0617532924232069
-0.3231135352899963,-0.23173879516761503,0.501716806061544,0.12878405853164218,-0.0677311870826251,0.15288851187562225,-0.3625988272786586,-0.03194757180384313,0.24572007060416312,0.10750523823377849,-0.12580079472946928,-0.4846261296164048,0.22156152139460045,-0.26314948259959764,0.09392356895728243,-0.10256185093924435,-0.27941836111558366,0.11942841466006225,-0.2955813725045453,0.24294519147961366,-0.11483616468567887,0.05726846674889864,-0.48720971117605144,-0.6644908477814534,-0.4745597428669775,-0.563269284370999,-0.10732174709420707,0.09136146045134876,0.38645022161134424,-0.07175388620061446,-0.026430509240513305,-0.35946984456710346,0.2127063129022493,-0.6400052079142383,-0.41951114267751854,0.27882387074048537,0.024532154878310206,0.10125196099778562,0.18753530317322867,0.3993272017031707,-0.48278926750712514,-0.3872867104377154,-0.10952238811439914,0.65466795534651,0.5478701388123798,-0.2066137735623152,-0.7311609921210007,0.0668682305812864,0.339531000303256,0.35670989866879865,-0.42067454212779454,0.019771604533388155,-0.11430974956786327,0.2284783782148042,0.04617818329859063,-0.07203812180907422
-1.371243803841809,0.3019951892705959,2.5389305428048394,0.44836274738161924,0.4577916803706623,-1.21103219637686,-1.2880046435783208,0.24010118794714985,0.10750523823377849,3.607394778736122,-2.400645466635312,-0.3894191558328323,2.128635434322296,-1.2493958534392506,2.162853915063207,-0.0767889441536324,-0.612619120817208,-0.2391194325375309,1.3009075800018872,1.30650875006654,-1.2004864150725407,0.7237894754313615,-3.066935871716964,0.6296922305548898,-2.9161072002411674,0.4517390353637775,0.08801394120650116,1.063316192333721,1.3004362615286078,-1.996602382608234,-2.384189081796968,1.1057011392046596,1.4605079582628548,0.977814732516585,-1.6149468630742452,-2.1693767349479227,-1.0884944320047474,-0.3881695257104109,0.8701175213727914,-1.2500947818150616,0.934749053939791,-1.1369459533359285,-0.22168145303867595,0.6642073214420045,2.313994498626572,-0.5353029361422883,-2.2254275921055258,0.8965846996655847,1.7655556862786346,0.2887566137227963,0.33431698272285737,0.555127787001676,0.39665127433562575,-1.14728318937649,1.3549543261316284,0.7428715457924302
1.2374193231379202,-0.21617781994269905,-1.7129537375431771,-0.35881725662331115,-0.5329956638781543,-0.2672467709635033,0.4271641243480141,-0.21272612204601504,-0.12580079472946928,-2.400645466635312,1.9843478078397254,0.25034382910087566,-1.7569849776051698,1.6453429563307767,-0.9549230042487284,0.23518260389444307,-0.41706720469140396,-0.396166959857928,-0.8207695596730218,-1.4075218551940551,0.5745094986707118,-0.6570957908445232,2.3574171295868807,-0.20288515763438597,2.13664261852696,0.03053697661344458,-0.1979454499799528,-1.0832424862657555,-1.1541803723823971,0.9533781774695371,2.0138818374149134,-0.46208207039511945,-0.09005388154162552,-1.2120156095062915,1.2231287173716965,0.8384557490431103,-0.41541027831440885,-0.1457849507117088,-0.8729563223446174,0.48021819493397455,0.037460214147280214,1.5757940654273015,0.5561404247437991,-0.6497660939538578,-1.6559083849917586,-0.2573167418264404,1.5925928048595746,-0.8347434803561413,-0.839413594027524,-0.1509483588408316,0.07042990362473922,-0.964037801499758,-0.1804552313832273,0.9041846780159289,-1.4102502640736763,-0.45598026240394457
0.6186922079573993,0.45834232503237754,-1.1271215110398973,-0.26313157988585073,0.18475749401413205,0.07797350961646421,0.9254132504547016,0.06918337594388911,-0.4846261296164048,-0.3894191558328323,0.25034382910087566,0.9999947297056331,-0.4450081683257024,0.34174684260594484,-0.4414361242280952,0.154378084601398,0.8461414430374901,-0.059669408121681644,0.5210600595333802,-0.3881437461603658,0.35819623046722904,-0.09649473268407581,1.0335281621426604,1.245671809126326,1.037524621959478,1.0144832728055042,0.2551776397608245,-0.12019018199211558,-0.7541198169033493,0.3553145381932486,0.03653654031107867,0.5892932755397171,-0.7694232580279322,1.4174987579573317,0.8787147855348587,-0.2739867746705314,0.35135544106883604,-0.06195594290567408,-0.3301236028713301,-0.638910944651315,0.7282234543119778,0.5855806492327199,0.10662157084949561,-1.290281693355834,-1.1813798863192473,0.630740265456317,1.548825867161291,-0.10491414347359648,-0.8728113239326919,-0.7467022315940991,0.7437248532264942,0.11582767395604972,0.18628963965900638,-0.44954387411141744,-0.0021186794868063405,0.09834608006078575
-1.2064247372507744,0.077330026342375,1.7173681817301967,0.3681231528131988,0.41782158748317366,0.2478276239567151,-0.562361704640814,0.16643970067438518,0.22156152139460045,2.128635434322296,-1.7569849776051698,-0.4450081683257024,1.607623512416967,-1.5060167467061512,0.8957668934713533,-0.2422978794778781,0.18717247808934814,0.37046614662084343,0.5738134265025225,1.3048583415878543,-0.5629871281799051,0.5866948692631884,-2.253459485590867,-0.12566099315668336,-2.062519587195999,-0.27418980075694954,0.11372733033790298,0.961267434461329,1.165918587908174,-0.8783916591620449,-1.7337742291762188,0.24508859962615737,0.22339041624317313,0.7194478784535081,-1.248290724099079,-0.6259519113102142,0.3125156724348899,0.15286609350434957,0.8286143520203577,-0.24611212276207076,-0.22537069428228199,-1.5039731673086179,-0.5118650049991911,0.8596010373409493,1.6850059816994618,0.09398450660843136,-1.7166923854820222,0.7417491919630774,0.9035707661662938,0.3004533891610724,-0.24358368644033068,0.8130854725678545,0.10678185139169451,-0.6681239951523189,1.2162275548499728,0.3627627454770595
1.2710284002392624,-0.021214148445025244,-1.1296955010025247,-0.33324391746685433,-0.5851238600348253,-1.8577635804614985,-0.27607349573423207,-0.1724017155405004,-0.26314948259959764,-1.2493958534392506,1.6453429563307767,0.34174684260594484,-1.5060167467061512,2.19892198285526,0.2243968178048812,0.4493891495278942,-1.3445585488087255,-1.1090305956274875,-0.20006668891581234,-1.6461788018984178,-0.0041261386872313505,-0.6251980435762586,1.8953807666624218,0.5471597067544814,1.5937530587371556,0.7927632612415243,-0.26215149622610173,-1.162239294588645,-1.2040848121789511,-0.06777052520226608,1.6750812446181758,0.36149971052386887,1.2111100595153965,-1.164318525293437,1.0385627458563083,-0.6453953943911366,-1.9729698333229728,-0.7429303421133014,-0.9773087218888553,-0.4915631692974527,1.2632164786610365,2.2312176940976167,0.9585646202138844,-0.955121955300374,-1.2655748806650842,-0.9742727546044936,1.3141342776673666,-0.8149940006297588,-0.06411540354280244,-0.1815656086862918,0.6860262103164456,-1.40578025271792,0.09287656741788267,0.5592899973340604,-1.5086485643649845,-0.13435056028299625
-0.5135727319126117,0.061108783815411384,1.66816907357136,0.23759833217186782,-0.058547899256921596,-2.0550739974248735,-1.4705895127703115,0.058392741862136346,0.09392356895728243,2.162853915063207,-0.9549230042487284,-0.4414361242280952,0.8957668934713533,0.2243968178048812,1.9445104021581823,0.15364699273392207,-1.557148744376522,-0.8189038039767295,0.7000345169642271,0.16236693340966557,-1.04703287328461,0.21872435547313604,-1.5880467820203832,0.37721291028944687,-1.6523096225456824,0.4658672915387828,-0.17545277019881766,0.1696906093323588,0.5455514890568691,-1.6945609168016895,-0.8510185140166703,0.8589939084916159,2.102314332412858,-0.4272221732667977,-0.9275243422037647,-1.951664336437713,-2.123437817102956,-0.7159716212301751,0.20322754696680922,-1.029738015736011,1.2133582056316068,0.24565019497745366,0.3602802516412744,0.3895363022842142,1.433974979206335,-1.204393267454563,-1.4641082595024295,0.24181922361960076,1.6175237858313303,0.3715719603695784,0.40593681401863463,-0.4456730594331539,0.29510204261427114,-0.3942373272130135,0.14774506584220623,0.4565594253949883
0.2587999220627913,0.06328019374188071,-0.19914262149464013,-0.07218241958622526,-0.08248410077188013,-0.49719390908989897,-0.055376263091325255,-0.015557801294272998,-0.10256185093924435,-0.0767889441536324,0.23518260389444307,0.154378084601398,-0.2422978794778781,0.4493891495278942,0.15364699273392207,0.11284643960022189,-0.26008703338318123,-0.2746273985009656,0.09765028756370013,-0.32464179894724404,-0.04624034550107316,-0.1024163909046413,0.3272386909663315,0.29637635281642627,0.26951508938376706,0.3160270619997214,-0.027175704542491196,-0.20363308522338505,-0.26246443717073714,-0.11557062055504079,0.22096529171500323,0.21892832634718057,0.2958350035928937,-0.050967511011735744,0.21611195317828674,-0.3238270958030139,-0.48667692654307176,-0.2018804495112495,-0.1965677020317931,-0.2634895175319263,0.42650686362587253,0.4896613131087926,0.21364426730314182,-0.30495036212453075,-0.251063463345002,-0.19294556615884542,0.30619179168376676,-0.13453849083593583,0.016290477651422164,-0.09867570235932295,0.25574518558865983,-0.2694317288960859,0.0675573719655989,0.0018733974413039306,-0.25012990973173815,0.03058005379477718
-0.07991118329173051,0.37111582035560103,-1.0595632685257883,-0.11907222869749541,0.5911358740820105,2.4332757630065767,1.7529465031438234,0.14670771099724741,-0.27941836111558366,-0.612619120817208,-0.41706720469140396,0.8461414430374901,0.18717247808934814,-1.3445585488087255,-1.557148744376522,-0.26008703338318123,2.4680285561375603,1.146900873187851,0.20980258021029444,0.7196383846836684,0.8602120536185965,0.23347612837516096,0.4098839362253524,0.48008656476624684,0.655104188411968,0.06791229501955931,0.4900378530056665,0.6094973251101953,-0.09808158168375636,1.2439928966061868,-0.6739306399017194,-0.20343229937229748,-2.599158146643382,2.231198688624149,0.5200425644212836,1.2443618878648175,2.7809109504308203,0.8380508584924498,0.28614061284708625,0.341154823856517,-0.8945012220987733,-1.171276730317521,-0.7607876770057835,-0.6420761614721925,-0.8880085991516724,1.8435997669371436,1.1820558545407018,0.3448797612610316,-1.5515132828047224,-0.7048078782109829,-0.05652525611135632,1.3029241035180605,-0.06195085879749406,-0.5584498326548201,0.9600135888435501,-0.06537737646669842
-0.42449214881662517,-0.048404607325566444,-0.04715078932655907,0.07914719947281174,0.2740075675773207,1.6293199177365718,0.623196941780694,0.05044110498277563,0.11942841466006225,-0.2391194325375309,-0.396166959857928,-0.059669408121681644,0.37046614662084343,-1.1090305956274875,-0.8189038039767295,-0.2746273985009656,1.146900873187851,0.823269561579995,-0.2186377763796743,0.7126696915266986,0.37900144704754285,0.20622862252326118,-0.3238552913350245,-0.48720609542182425,-0.16271973291474376,-0.6152718267897247,0.16743940462153906,0.47036403993132264,0.3919624568866628,0.6579391620086785,-0.4337176261533484,-0.5396307279264518,-1.3025412833427241,0.5862889613440467,-0.17872556617358382,1.0663666768276296,1.6874604636555635,0.6176964736801714,0.38933642601904594,0.6681186527806875,-1.0955568603589856,-1.1502316805582482,-0.5815239068237953,0.37957472275210397,0.10895470535258131,0.8591610916951569,-0.1470246094041832,0.2839137236808082,-0.5296816191823858,-0.005044385824524788,-0.5234475601777625,0.8005006164226324,-0.16993220873711348,-0.06755319704706479,0.6269491869528151,-0.12269961699952578
-0.12602765270015434,0.44651962385259136,0.3224610931175348,0.0051558840164945136,0.2969331562166796,-0.6148076306184231,0.02273198794403351,0.14537418978550587,-0.2955813725045453,1.3009075800018872,-0.8207695596730218,0.5210600595333802,0.5738134265025225,-0.20006668891581234,0.7000345169642271,0.09765028756370013,0.20980258021029444,-0.2186377763796743,0.9326558067398815,0.22923281993684777,-0.3043690830634685,0.22516393243302565,-0.5783316770067836,1.164309510489631,-0.525817911800571,0.9420932171766225,0.19643085064595678,0.3301569553194102,0.0063131130670558535,-0.6728432402556405,-0.9561547327348525,0.9250670046974689,0.2198868174682634,1.33208128619957,-0.07557698621114871,-1.2136980171712648,-0.38120216037483456,-0.26512230333452513,0.11163483401538428,-1.0325164039447436,0.997645948378161,0.018266685561343143,0.03117872142929471,-0.6308378287235822,0.17476566814383576,0.12232795897047084,0.11741131341936614,0.28629312291307557,0.20905347078833708,-0.3853778765619994,0.6986229223554371,0.24332369203941492,0.31253930093335247,-0.7917873885266071,0.521244889378233,0.396478664163979
-1.0780045026168106,-0.0022568061289539383,1.1834403037730534,0.30491766915478735,0.4214183724349303,1.0758635179131069,-0.07850742642532343,0.1351300394839764,0.24294519147961366,1.30650875006654,-1.4075218551940551,-0.3881437461603658,1.3048583415878543,-1.6461788018984178,0.16236693340966557,-0.32464179894724404,0.7196383846836684,0.7126696915266986,0.22923281993684777,1.2922668087851519,-0.182885225734057,0.5123249186389611,-1.743382463252264,-0.429765641389463,-1.52587354237417,-0.58734401492698185,0.15489114710730328,0.9116454943242702,1.0407187177313215,-0.23621640593608798,-1.4006563420367037,-0.1740892035513138,-0.5380188019148548,0.725978292691627,-0.9833154436771662,0.197877499541587,1.1354570579881542,0.4525320747757401,0.7900360829381623,0.24860178197037489,-0.8079236859090166,-1.6820310895972195,-0.6738828280555067,0.8608453859080418,1.2525753159005188,0.5084023950745428,-1.3162607106786828,0.659832591920239,0.3552795552697579,0.2408413194054893,-0.4996627596538713,0.9846904202258812,-0.03520526915245791,-0.45689988968841644,1.162651445403457,0.16711371909117578
0.37949789418424545,0.02291247610144843,-1.0302932572038632,-0.16469499050020128,0.033511214029843625,1.0081324472016437,0.8593527165147358,-0.027345989190221697,-0.11483616468567887,-1.2004864150725407,0.5745094986707118,0.35819623046722904,-0.5629871281799051,-0.0041261386872313505,-1.04703287328461,-0.04624034550107316,0.8602120536185965,0.37900144704754285,-0.3043690830634685,-0.182885225734057,0.5821216091211677,-0.14424922973178958,1.0025359404437741,-0.02730055615994738,1.026267182596394,-0.09276603337718729,0.11255794146804815,-0.13901900277353588,-0.4099430492160542,0.913040901114526,0.496339311677337,-0.3600435681158175,-1.1359989409220759,0.3525909288461636,0.6162299449959844,0.9515227545561012,1.0721706608947725,0.3375692169710438,-0.1754849170492398,0.43786068587169996,-0.4970336016952046,0.015283493998651252,-0.14196756471165808,-0.38600369894779557,-0.9206636986757936,0.6646581881426108,0.9818928901663664,-0.16325946189272558,-0.93971578486072,-0.28666767682252114,-0.0979118088426841,0.19841616002181162,-0.12662880600439566,0.16718313409197308,-0.1246589937698066,-0.2275315421496851
-0.43363850090611433,0.05604621645751232,0.5399948564892544,0.12240965737773887,0.19006839463293615,0.2457357744986125,-0.08149563895494118,0.06998540583099766,0.05726846674889864,0.7237894754313615,-0.6570957908445232,-0.09649473268407581,0.5866948692631884,-0.6251980435762586,0.21872435547313604,-0.1024163909046413,0.23347612837516096,0.20622862252326118,0.22516393243302565,0.5123249186389611,-0.14424922973178958,0.22533612976363132,-0.7755161991746202,-0.0024928809392824815,-0.690994377384326,-0.08464867482716518,0.0747506509545868,0.38409534807851553,0.4063805909052191,-0.2333421476399882,-0.6672144106151202,0.08095969131280305,-0.09324848167479456,0.41551840612683444,-0.40793749953501346,-0.1485079797071629,0.2938378704873969,0.10812204998426453,0.313620126846667,-0.07294716009339085,-0.1313911418164989,-0.6109842059915784,-0.2320310319021545,0.2560568416455746,0.5387431115203346,0.15785450550732413,-0.5277339561712292,0.28826396551215816,0.21779451232364952,0.05594344264763498,-0.08420761434305803,0.37738284127220517,0.0362761103718386,-0.280732356938318,0.49952007216540595,0.1274567413772104
1.78585006927716,0.094339101481096,-2.810287668651437,-0.5907876296072244,-0.40634477820358267,0.09395598781976777,1.3185538672187473,-0.1778588938668998,-0.48720971117605144,-3.066935871716964,2.3574171295868807,1.0335281621426604,-2.253459485590867,1.8953807666624218,-1.5880467820203832,0.3272386909663315,0.4098839362253524,-0.3238552913350245,-0.5783316770067836,-1.743382463252264,1.0025359404437741,-0.7755161991746202,3.3924371472664063,0.6185386067290022,3.1784213653859883,0.6805835333871848,0.004985555582977872,-1.2218104597765909,-1.8014787287946143,1.4873788221985527,2.2200876785367054,-0.1862475671867239,-0.9582922098347533,-0.17149142943295143,2.019055214036444,0.9623151741811566,0.14653616710015918,-0.08454186265491433,-1.1603324917128435,0.19540618970316093,0.37062107888608,1.993806773697131,0.5911729982361325,-1.6411277477790676,-2.7545761210907918,0.36730730688217356,2.954843950703269,-0.9673158476331326,-1.7263804576970831,-0.7413068318233498,0.5383553236600308,-0.8384689587998145,-0.09760373029611392,0.6682132727533753,-1.4700582073770028,-0.46720987907481404
0.600374696067468,0.7196283613358219,-0.7450385327934166,-0.2530296188748236,0.26753446176247914,-0.9175259404379712,0.6039892562105972,0.14159773495486003,-0.6644908477814534,0.6296922305548898,-0.20288515763438597,1.245671809126326,-0.12566099315668336,0.5471597067544814,0.37721291028944687,0.29637635281642627,0.48008656476624684,-0.48720609542182425,1.164309510489631,-0.429765641389463,-0.02730055615994738,-0.0024928809392824815,0.6185386067290022,2.046042682953089,0.6016942755731645,1.7381609490851928,0.29749978130544835,-0.043567870689411536,-0.7883938717157319,-0.3776479057113213,-0.46803280124807944,1.3302205300509355,-0.06671942447909286,1.936218141371013,0.7754800384937488,-1.4355462117803939,-0.540846006304151,-0.4492988228109888,-0.34679883523478067,-1.49123695591866,1.6939710257893754,0.9222979967451115,0.3163601129919884,-1.6843349818080067,-0.9470998979800841,0.33321201479906276,1.4789855897130335,0.004755704931732801,-0.4329959457408478,-0.9103716368662851,1.3048712230452664,-0.01214102809315131,0.4339655590627671,-0.9066151731175868,0.13475637460798137,0.3981249731796768
1.6360619031057515,0.1206001964981974,-2.7124235465065474,-0.5570883371649504,-0.31192289824653857,0.37622901264554376,1.4128806975093997,-0.14959646279802574,-0.4745597428669775,-2.9161072002411674,2.13664261852696,1.037524621959478,-2.062519587195999,1.5937530587371556,-1.6523096225456824,0.26951508938376706,0.655104188411968,-0.16271973291474376,-0.525817911800571,-1.52587354237417,1.026267182596394,-0.690994377384326,3.1784213653859883,0.6016942755731645,3.0088575576701273,0.6157234764154624,0.05676432515709813,-1.0605982932293787,-1.6686026537254603,1.5233370040829886,1.9835493016127255,-0.21226079447476023,-1.1828168172343583,0.07181150549567465,1.9181671337829007,1.050490068361204,0.4600606951815572,0.022978888127229626,-1.0368593126317172,0.23856885703396669,0.2197025223706914,1.699909980917512,0.45618358900569234,-1.5710175217983653,-2.6387066812856212,0.546098466314388,2.8509805625328983,-0.8557595895461311,-1.7692921030337232,-0.7551373592678994,0.47545530030178185,-0.6270932259853382,-0.1028981251830484,0.5657331718362896,-1.2524994350205902,-0.4448891119705279
0.6409332264149287,0.5732859180308109,-0.656600466752531,-0.23720757252426108,0.11784590790323096,-1.1573779806133648,0.3386645302627661,0.08974391128104216,-0.563269284370999,0.4517390353637775,0.03053697661344458,1.0144832728055042,-0.27418980075694954,0.7927632612415243,0.4658672915387828,0.3160270619997214,0.06791229501955931,-0.6152718267897247,0.9420932171766225,-0.58734401492698185,-0.09276603337718729,-0.08464867482716518,0.6805835333871848,1.7381609490851928,0.6157234764154624,1.5376129076981686,0.18414013448692415,-0.2042483120051714,-0.7779241262994301,-0.424978487718399,-0.16881413114585772,1.1722576507919613,0.27682996380392727,1.3303905422506521,0.7164047881360376,-1.3736187032234088,-0.8802240893987627,-0.5212588436109712,-0.4144438718029842,-1.3322043379621353,1.625859021524638,1.0976040494900967,0.42521997854806215,-1.4624186249808466,-0.8541917576929343,0.03255371542419094,1.2827474621625161,-0.106987247396978,-0.24580803428067224,-0.7275488296290117,1.1722123729567668,-0.2585445980539875,0.37959641339407285,-0.6605115235671292,-0.11786483112260839,0.32648058321405293
-0.019996744521750674,0.14680408764133507,-0.16275323380409995,-0.02629075082517398,0.15598051443850153,0.33596659461100575,0.33552456779357204,0.05057882034654425,-0.10732174709420707,0.08801394120650116,-0.1979454499799528,0.2551776397608245,0.11372733033790298,-0.26215149622610173,-0.17545277019881766,-0.027175704542491196,0.4900378530056665,0.16743940462153906,0.19643085064595678,0.15489114710730328,0.11255794146804815,0.0747506509545868,0.004985555582977872,0.29749978130544835,0.05676432515709813,0.18414013448692415,0.12379540667887376,0.1574502579589097,-0.033581257365507704,0.12228873767370337,-0.26978599020532895,0.12356633523837891,-0.4436217462323709,0.6384921273468471,0.10042607549383155,0.022607876629923876,0.44081458093908255,0.10522906900433902,0.06078040362384414,-0.11734318217395565,0.01571106687141757,-0.19140421415504305,-0.12747035392468015,-0.2429536407858774,-0.15686585565873695,0.36065746685668354,0.2634756659420115,0.10390432481137647,-0.26202277978545585,-0.20293287840979488,0.11740272532390725,0.27203935751018027,0.042698093713151516,-0.23432076146140032,0.25244040452908895,0.05328446919984589
-0.7266405389237485,0.09667978449531882,0.7836695556038433,0.19395781022913977,0.35333848014476177,0.6867950914452112,0.026679878398356106,0.12078501290525434,0.09136146045134876,1.063316192333721,-1.0832424862657555,-0.12019018199211558,0.961267434461329,-1.162239294588645,0.1696906093323588,-0.20363308522338505,0.6094973251101953,0.47036403993132264,0.3301569553194102,0.9116454943242702,-0.13901900277353588,0.38409534807851553,-1.2218104597765909,-0.043567870689411536,-1.0605982932293787,-0.2042483120051714,0.1574502579589097,0.6785573347951166,0.6728235009780087,-0.22573051348623657,-1.1145951943550396,0.04955877441785139,-0.41757458155389976,0.8113038406570415,-0.6306629099001636,-0.04388642991018341,0.7832818503269137,0.27990168570912227,0.5456187314028138,-0.015294080670181042,-0.37752869436342895,-1.137877500486727,-0.463669416165875,0.4153724855921781,0.8084358714332214,0.4300011768607501,-0.7834326289827126,0.4958420249938993,0.20434692062864515,0.05555856638881231,-0.19756835914163035,0.7389751724936563,0.03236529038621391,-0.466534379909759,0.8915692167410911,0.17910935364874692
-1.046495371779097,-0.19750376970740754,1.4855641886355362,0.34669870538295605,0.18720610526597226,0.41472127794368413,-0.6462616745735745,0.06525684772467552,0.38645022161134424,1.3004362615286078,-1.1541803723823971,-0.7541198169033493,1.165918587908174,-1.2040848121789511,0.5455514890568691,-0.26246443717073714,-0.09808158168375636,0.3919624568866628,0.0063131130670558535,1.0407187177313215,-0.4099430492160542,0.4063805909052191,-1.8014787287946143,-0.7883938717157319,-1.6686026537254603,-0.7779241262994301,-0.033581257365507704,0.6728235009780087,1.086162479036554,-0.5245215536479013,-1.0417388934529686,-0.2687966291044712,0.25127195356519433,-0.20660686004001375,-1.1514062326289252,0.007910826912876937,0.32392103521318605,0.2350480443879512,0.6904494192260318,0.3183386219190323,-0.7021981393499934,-1.3333367591037013,-0.4445790053250276,1.1868452932428766,1.5258555584663507,-0.09690376563764341,-1.7347466199541315,0.5097478961692545,0.8228470839124986,0.5361574275640051,-0.6075838321521161,0.5390416044115283,-0.06898013986709364,-0.14930070040384852,0.7823081652021033,0.12295779254398073
0.5092272170928057,-0.08512568320509288,-1.4992667620935312,-0.21916468872620676,-4.58138325789782e-4,1.7016965385115312,1.2366470748254403,-0.06869443466175502,-0.07175388620061446,-1.996602382608234,0.9533781774695371,0.3553145381932486,-0.8783916591620449,-0.06777052520226608,-1.6945609168016895,-0.11557062055504079,1.2439928966061868,0.6579391620086785,-0.6728432402556405,-0.23621640593608798,0.913040901114526,-0.2333421476399882,1.4873788221985527,-0.3776479057113213,1.5233370040829886,-0.424978487718399,0.12228873767370337,-0.22573051348623657,-0.5245215536479013,1.487583695911452,0.8761159766195715,-0.7798086263071686,-1.7455685276789172,0.21038364930544268,0.8464957065202,1.7167215089980876,1.7373811109048507,0.5917892228205166,-0.22942456754911197,0.9264329127845993,-1.0420541839239184,-0.09993668108958886,-0.26146943126060246,-0.3336313686745511,-1.2960238302558296,0.9683209824790144,1.303103691192175,-0.26680642675634414,-1.3952521081082292,-0.29764595247835995,-0.36178263526321663,0.2923289493089172,-0.26906471856513803,0.4202200255543358,-0.2379314798655093,-0.42379682325124085
1.1598125839106679,-0.32451209264279585,-1.5156120878046486,-0.31548402587386365,-0.6052911996596045,-0.36796839971013884,0.205122720491438,-0.23788281335747732,-0.026430509240513305,-2.384189081796968,2.0138818374149134,0.03653654031107867,-1.7337742291762188,1.6750812446181758,-0.8510185140166703,0.22096529171500323,-0.6739306399017194,-0.4337176261533484,-0.9561547327348525,-1.4006563420367037,0.496339311677337,-0.6672144106151202,2.2200876785367054,-0.46803280124807944,1.9835493016127255,-0.16881413114585772,-0.26978599020532895,-1.1145951943550396,-1.0417388934529686,0.8761159766195715,2.0942742925962086,-0.5859854847515303,0.13927265284986415,-1.5992189093593352,1.0752329701589678,0.8803117050221985,-0.5854501499127895,-0.1648657391507691,-0.8461634606328565,0.6101101972145068,-0.07538214330147903,1.5501776805541976,0.5775821482370647,-0.3988426840362009,-1.4515428891934525,-0.44717337495200205,1.3051413144807933,-0.8525470010425593,-0.6475612246788083,0.012212435283292373,-0.07079813945562848,-1.0594290633615693,-0.22084860221415326,1.0393560773163066,-1.4864585855141763,-0.4881061209949977
0.1664688882191648,0.4479852088885385,0.12444174736294213,-0.06664847357043241,0.149633363939683,-1.1886206031611815,-0.11950654422976845,0.10622433483988761,-0.35946984456710346,1.1057011392046596,-0.46208207039511945,0.5892932755397171,0.24508859962615737,0.36149971052386887,0.8589939084916159,0.21892832634718057,-0.20343229937229748,-0.5396307279264518,0.9250670046974689,-0.1740892035513138,-0.3600435681158175,0.08095969131280305,-0.1862475671867239,1.3302205300509355,-0.21226079447476023,1.1722576507919613,0.12356633523837891,0.04955877441785139,-0.2687966291044712,-0.7798086263071686,-0.5859854847515303,1.0663278972387749,0.6303493764237598,1.0297553445390148,0.13846238993517093,-1.4829787032566635,-0.9853504693543101,-0.4894970581342481,-0.12271229897782793,-1.215865266030786,1.3835389941391236,0.5908175039858212,0.2900439778994167,-0.8565653062508618,-0.07023550616544735,-0.18110310175608257,0.3755280859760875,0.0960690910365543,0.27511870248363374,-0.4157433651461825,0.8969475577675756,-0.12975628019474367,0.3531818702917241,-0.6775998132133638,0.1541708894731015,0.38877920745963734
-0.10976787931911333,-0.21553043082946785,1.5017049763560013,0.1772700248332767,-0.47672283047905933,-2.8902461519041878,-1.9817517499586426,-0.08146578398680838,0.2127063129022493,1.4605079582628548,-0.09005388154162552,-0.7694232580279322,0.22339041624317313,1.2111100595153965,2.102314332412858,0.2958350035928937,-2.599158146643382,-1.3025412833427241,0.2198868174682634,-0.5380188019148548,-1.1359989409220759,-0.09324848167479456,-0.9582922098347533,-0.06671942447909286,-1.1828168172343583,0.27682996380392727,-0.4436217462323709,-0.41757458155389976,0.25127195356519433,-1.7455685276789172,0.13927265284986415,0.6303493764237598,2.968054742996758,-1.8169185221808501,-0.7523379124967896,-1.9361044633053504,-3.168431230303313,-1.0090521568320252,-0.16808793746939715,-0.8254433279666803,1.3611491323159068,1.1103557482751039,0.7853965509925364,0.5509362983134358,1.249333429568392,-1.961098300886596,-1.456530835973413,-0.17178096555118955,1.8966347385045836,0.6522465876166252,0.3176617810696101,-1.2316363572867153,0.20845066216853672,0.2086851351876154,-0.6932763780831094,0.2774171303361019
-0.08935916940188313,0.8775062435361809,-0.6239733849002131,-0.13148694495750862,0.8165606789865502,1.1073277027777597,1.4994586622635184,0.29000237679328994,-0.6400052079142383,0.977814732516585,-1.2120156095062915,1.4174987579573317,0.7194478784535081,-1.164318525293437,-0.4272221732667977,-0.050967511011735744,2.231198688624149,0.5862889613440467,1.33208128619957,0.725978292691627,0.3525909288461636,0.41551840612683444,-0.17149142943295143,1.936218141371013,0.07181150549567465,1.3303905422506521,0.6384921273468471,0.8113038406570415,-0.20660686004001375,0.21038364930544268,-1.5992189093593352,1.0297553445390148,-1.8169185221808501,3.4611908257450685,0.4629826998110736,-0.5328274118519296,1.686891725890066,0.30287089700070124,0.27932794191327504,-1.0614160039665812,0.6274434395893317,-0.7377151202733971,-0.5080069704807411,-1.4474713342732428,-0.6776224815245331,1.626737216322658,1.302265957082332,0.5671617602796643,-1.072071924306624,-1.1083956607257828,0.9057866180016115,1.2691190572623783,0.3506153376518544,-1.4143248310845613,1.314305316211473,0.42853948632750355
1.0917602816110614,0.2214428852840694,-1.7766219860094514,-0.3835382276100175,-0.1233110362793313,0.07271883973652449,0.985399679292613,-0.058360359188468575,-0.41951114267751854,-1.6149468630742452,1.2231287173716965,0.8787147855348587,-1.248290724099079,1.0385627458563083,-0.9275243422037647,0.21611195317828674,0.5200425644212836,-0.17872556617358382,-0.07557698621114871,-0.9833154436771662,0.6162299449959844,-0.40793749953501346,2.019055214036444,0.7754800384937488,1.9181671337829007,0.7164047881360376,0.10042607549383155,-0.6306629099001636,-1.1514062326289252,0.8464957065202,1.0752329701589678,0.13846238993517093,-0.7523379124967896,0.4629826998110736,1.3032271787477676,0.35297551362341606,0.20323583150517854,-0.06515387163902464,-0.6820401124951103,-0.15344609305850077,0.45877298153975327,1.1793762876575162,0.32423790975209027,-1.2810665118630513,-1.770948863006884,0.41719668099710944,2.0079349384612284,-0.5029682853894477,-1.16009026503591,-0.6416077296255313,0.5441942001611045,-0.35715692871187293,0.025310920110547527,0.14629647041509572,-0.7040799415521606,-0.18530443912925118
