V1,V2,V3,V4,V5,V6,V7,V8,V9,V10,V11,V12,V13,V14,V15,V16,V17,V18,V19,V20,V21,V22,V23,V24,V25,V26,V27,V28,V29,V30,V31,V32,V33,V34,V35,V36,V37,V38,V39,V40,V41,V42,V43,V44,V45,V46,V47,V48,V49,V50,V51,V52,V53,V54,V55,V56
84.21114549165587,-36.440521146569594,-204.04708022581,-29.964649934117034,-26.93507414719146,197.15885593800203,132.1357810874154,-19.029167214187275,5.499476885423931,-319.68927436154235,181.00526484311456,13.89461151004746,-155.7392761850829,38.87870013385608,-227.06920587597392,-11.653574288921769,105.03616642682876,68.96250786905124,-133.73535442377403,-65.82490090723574,119.8426390550448,-49.24164177191789,229.99683481655796,-102.92398140099533,226.1303916194185,-91.08894686855928,-2.192953874940914,-63.079474209585086,-77.72454348068457,204.84033590799677,180.93236483836606,-136.39067571870314,-188.64801549757217,-74.24288455922924,115.1468891325586,253.56851723942663,185.3951126753737,70.106456923397,-47.55997049078021,157.09334183838288,-155.79770337390343,22.783095119420235,-15.954908045795829,-14.557830612666393,-174.72248981288936,85.34374435229213,158.85150678573584,-59.59823669929498,-168.97499973239653,-13.044519036459228,-71.20908856197345,-3.9853040369577384,-47.16140637760444,102.82594972379552,-81.2701367487417,-72.97741474775059
-36.440521146569594,16.08799367988366,88.2180156920065,12.925970076924044,11.889764971086748,-85.36530746726945,-56.87593842293457,8.331733500136187,-2.6158371297160175,138.88969408442657,-78.75720860216929,-5.5425423130664795,67.65170543247557,-17.025878774816036,98.40056486994465,5.083336170106344,-44.98879185023723,-29.840286815912734,58.4276131103761,28.63037775694999,-51.88218150777863,21.435678449761134,-99.65601491620757,45.32536647470191,-97.93016286765577,40.021112169973264,1.1297889700594768,27.513493791238776,33.538305326414275,-88.81046625119353,-78.84629614559279,59.53765603983115,81.38352423487702,33.20251311122868,-49.70844041374098,-110.24480673918524,-80.0877479850829,-30.391499879773725,20.628416631928985,-68.54234168746413,67.91662524974875,-9.903379164360302,6.853035352654918,5.761137933767258,75.46504875119584,-36.60214106665377,-68.3751945487574,25.958926540887273,72.96222238572179,5.287967549078626,31.250209097845815,1.9976854445182584,20.582167892577537,-45.008761528124815,35.53254939746242,31.785402564766624
-204.04708022581,88.2180156920065,494.9044169422697,72.65771407580314,65.07881195514831,-478.78628080092244,-320.8720968067435,46.073932563043726,-13.256952844744275,775.0860553956162,-438.56084097368233,-33.92960482031195,377.39264872100944,-93.71465141248774,550.9357571109275,28.353270443557317,-255.4574175644869,-167.58613338686604,324.1113722825859,159.25806459117567,-290.77929165916163,119.26198137799602,-557.567352803323,249.37450874111852,-548.2865973181767,220.8265929799719,5.149404881686043,152.66159637576024,188.38201967055463,-496.9450187908286,-438.3022284689733,330.7055888936818,458.1747616093666,179.21499917299766,-279.23767639207216,-615.0957382635999,-450.3844578497792,-170.2441625489353,115.15134200683998,-380.94041832465064,378.0115127735434,-54.750016649917285,38.96233496226753,35.442723147398674,423.7583475678238,-207.50713191856963,-385.37520639065986,144.3229656106638,410.09373528558484,31.832679012305295,172.66955556303142,9.182521467078603,114.34772158324422,-249.0569456220488,196.63040680859154,176.9178504434466
-29.964649934117034,12.925970076924044,72.65771407580314,10.671175807687666,9.543003788351461,-70.24447401334128,-47.11216499634911,6.757797798933809,-1.925946233204675,113.73807428277348,-64.35939075241753,-5.016928665186759,55.39182169998591,-13.769045898193967,80.84867271765494,4.152807963294974,-37.508484145432384,-24.58254368013354,47.534111155596534,23.385639093599092,-42.676322353693806,17.503449880119344,-81.85023774593229,36.53922175885509,-80.4878458599346,32.358729314753994,0.7466270281509835,22.406265818055175,27.671219060290447,-72.92441682068787,-64.31344681483297,48.49738575895203,67.2484177852772,26.243994673480074,-41.005686389315784,-90.23386479823647,-66.08740014534081,-24.97350562762113,16.910207375584317,-55.86552070715584,55.43016660317435,-8.061515434166676,5.7096757234970505,5.251699383878323,62.22169399559513,-30.466211459767926,-56.604200689466396,21.181241813221686,60.20166073668907,4.6992246329177805,25.3037379103675,1.3469732976908386,16.769642859935104,-36.525968034362414,28.85386405510384,25.953849236160572
-26.93507414719146,11.889764971086748,65.07881195514831,9.543003788351461,8.82197656348304,-62.80507680554128,-41.870877509643655,6.160751292303055,-1.935010615720025,102.4936894256067,-58.18830616716525,-4.059466992561183,49.97790838316798,-12.703485902939615,72.52178965136082,3.7227766879706627,-33.028367217437534,-21.923969329102405,43.12872003130362,21.216498810894016,-38.23940136561987,15.849272355382752,-73.5764447964746,33.44910193211392,-72.2806999332708,29.506646517150195,0.8666692059524923,20.37058587519403,24.782589850799244,-65.46635104651118,-58.267716250218506,43.908399182551854,59.88075885917811,24.64836464975449,-36.68752989491176,-81.26240937279682,-58.88991170030797,-22.358309625025385,15.268132648545947,-50.54143478363287,50.026342929436176,-7.44059977042821,4.9866495491077005,4.25157799617938,55.68192264943225,-26.883490811718108,-50.43771804998499,19.198728406384042,53.761805084305514,3.8731771021245898,23.032391817966175,1.5858431394626684,15.180632506637831,-33.25679074756932,26.31656274861656,23.45460849839698
197.15885593800203,-85.36530746726945,-478.78628080092244,-70.24447401334128,-62.80507680554128,464.0582992559155,310.7469640964221,-44.54296202932737,12.888739962388687,-749.9303172913247,424.0361387188179,32.792258815637055,-364.8781211555655,90.05045281417758,-533.4107919948948,-27.578295804014502,247.75316028246291,162.56935696364525,-313.65560921647943,-153.67268878987338,281.5008998522382,-115.25824684150925,539.2013695050232,-241.502514246883,530.3117097517819,-213.95671200353405,-4.889115127048396,-147.42354804335244,-182.02300462492917,481.09315218587136,423.76491026885407,-320.21036998898273,-443.9418237630667,-173.0436166105394,270.0314890837598,595.6113764963173,436.6155611631918,165.02807518998466,-111.18194852497098,368.8765565170321,-366.27711417464667,52.33506887290537,-38.009475966072706,-34.08145576927596,-409.8760235117183,201.20914420830886,372.7251760145652,-139.4590460566756,-397.0063382221696,-30.798596918020944,-167.32114213266456,-8.444169124485885,-110.70973278169289,240.89326143784336,-189.87179266135166,-171.21278691593915
132.1357810874154,-56.87593842293457,-320.8720968067435,-47.11216499634911,-41.870877509643655,310.7469640964221,208.45698460009456,-29.75238430821039,8.391637224134831,-501.9036194671213,283.71843980965116,22.443000892836693,-244.25003144843035,60.22648714071809,-357.18976037909556,-18.41531863144196,166.3658709050638,108.85923879967244,-209.5859913939473,-102.87772997349812,188.5581146239771,-77.11609477958159,361.1747990477209,-160.99073859389054,355.2576234579408,-142.70543884972767,-3.110082336804306,-98.60014840488057,-122.08631625885197,322.1202382301533,283.42005990200914,-213.99015639945614,-297.5919923886802,-114.92379374409994,181.05987551330455,398.47080621103606,292.5405966844311,110.46774557570635,-74.4788888727498,246.54132796482455,-244.82910394739037,35.11601251795735,-25.470156095863114,-23.400959519197656,-274.77640393491487,135.07015801664926,250.107995798373,-93.29621641134011,-266.1165668008783,-20.989448188622642,-111.6331694655525,-5.4524526148254795,-73.9912642606163,160.90024098664819,-126.90795494860878,-114.50188112196825
-19.029167214187275,8.331733500136187,46.073932563043726,6.757797798933809,6.160751292303055,-44.54296202932737,-29.75238430821039,4.329899810661768,-1.3148928046695074,72.39467588192313,-41.03124737523854,-2.9932321327313973,35.26919412691601,-8.856780243507025,51.33662619660479,2.642889068454272,-23.57514535636257,-15.57206465881996,30.385267138568306,14.923472704174362,-27.07884557335997,11.16643228230469,-52.00506546129251,23.493651329264495,-51.113626837824434,20.761678484442346,0.5533240615084515,14.323136853153159,17.533710287244695,-46.32512259313346,-41.05270585435696,30.97004823722062,42.53007401059697,17.113666547534457,-25.9789678664879,-57.438665820043965,-41.82644926856876,-15.849917520255785,10.763414862092338,-35.660417834924004,35.34348044290381,-5.171733255670688,3.5832800635132385,3.12472119517909,39.430526543619536,-19.170834560826723,-35.776086879378944,13.519923302381253,38.12122628387252,2.835869302669526,16.218769917177383,0.9928697968785816,10.707515201736383,-23.391221667851575,18.48021021613451,16.550329584063782
5.499476885423931,-2.6158371297160175,-13.256952844744275,-1.925946233204675,-1.935010615720025,12.888739962388687,8.391637224134831,-1.3148928046695074,0.5339639599628135,-21.272227627818033,12.137774206432512,0.556578315722217,-10.360181153703484,2.6979087874323784,-14.916785968857017,-0.7882786393530438,6.4987275397440225,4.491855337843658,-9.140976183622957,-4.411181429049647,7.83469231917044,-3.3104793761950657,15.10958678865041,-7.299934104640697,14.816465646662353,-6.389948156418497,-0.27954868968938057,-4.282918668728007,-5.004770736323824,13.489168640306335,12.223365133911079,-9.282289879625871,-12.113222592973086,-5.652914823433653,7.427479113444467,16.9254105015494,11.980935063436808,4.610285180092283,-3.1430158201755973,10.66657287142548,-10.52963852025686,1.5303652194493842,-0.9978760356740083,-0.5516968978117853,-11.297312234629507,5.3167636745532,10.096231267646436,-4.0181387997518625,-10.904759604174854,-0.5850476638346147,-4.967800403588081,-0.4710703278395724,-3.206164283978563,7.093933283257577,-5.581475651170298,-4.915176612733317
-319.68927436154235,138.88969408442657,775.0860553956162,113.73807428277348,102.4936894256067,-749.9303172913247,-501.9036194671213,72.39467588192313,-21.272227627818033,1215.3528911891642,-687.9993840099738,-52.12321008330651,591.7976880042537,-147.38014295658752,863.2515802197822,44.4716865674933,-399.01650366723356,-262.42095627966654,508.9176541197391,249.88337650628017,-455.50955056526794,187.12831860167705,-873.7509670753734,392.31845157867235,-859.0774540140262,347.18049844586534,8.484434650676675,239.67773427074744,294.9364721741868,-778.7582674453952,-687.864223853578,519.123412757933,717.023598744469,283.176205213985,-437.1841472628834,-964.5586177124849,-705.0204167176882,-266.73290057818633,180.53575754132692,-597.9020740672918,593.1198675134065,-86.00057241150658,60.85255862176999,54.381084906361885,663.5151778048655,-324.2335969296375,-602.9040691387719,226.48716380189995,641.9989407446943,49.07998934890674,271.3832315076008,15.080836685284325,179.48803782141982,-391.2836728406304,308.8978007125524,277.57971459254725
181.00526484311456,-78.75720860216929,-438.56084097368233,-64.35939075241753,-58.18830616716525,424.0361387188179,283.71843980965116,-41.03124737523854,12.137774206432512,-687.9993840099738,389.65417151276836,29.256545027281554,-335.1160250810028,83.76083451233795,-488.3966797813222,-25.125745566848344,225.2906945713177,148.314261691787,-288.24182579861275,-141.6466512801886,257.695122575909,-106.00945053401027,494.59077470994254,-222.3227988441227,486.22229422793953,-196.65219744051845,-4.9364954249691655,-135.85480590206365,-166.93923765843343,440.63473422145785,389.65111333267345,-293.92350853287775,-405.32763693023804,-160.95838952935276,247.37493004331947,545.872431274066,398.50820794806464,150.83112846373518,-102.2774194633176,338.4993085644022,-335.66132765643556,48.951267969559076,-34.276731443496885,-30.569860606041026,-375.4251361564428,183.10946005123137,341.01497400796364,-128.32227268028552,-363.09625258929367,-27.580744233561017,-153.6894209140252,-8.862348290722084,-101.62583703243327,221.71524530036507,-175.14061220550605,-157.1628847231741
13.89461151004746,-5.5425423130664795,-33.92960482031195,-5.016928665186759,-4.059466992561183,32.792258815637055,22.443000892836693,-2.9932321327313973,0.556578315722217,-52.12321008330651,29.256545027281554,3.0302914686910225,-25.344379584392662,5.980606412913351,-37.497784354813426,-1.9023745551991948,18.27286453825185,11.532452275534272,-21.309251034816246,-10.582883317800706,19.864702884331418,-7.930503158321505,37.85311043979307,-15.878663027243016,37.31606189937886,-14.221292766922307,-0.05834960904214512,-10.04793857357681,-12.973586867649244,33.749477539155755,29.050638598079654,-21.8516150559828,-31.80854104093846,-10.537555542747667,19.23694391668253,41.328268789089456,31.14416782386465,11.607380767653348,-7.7529338369135665,25.22539769911355,-25.167863487169015,3.555800013341128,-2.798014751249698,-3.2060156946351954,-29.15121917470051,14.762512920082772,26.865160893141006,-9.570754426554963,-28.306228653440385,-2.7203528784146105,-11.180092661755168,-0.1289361102332734,-7.561367125110421,16.22035713841377,-12.809977020656186,-11.781619090795695
-155.7392761850829,67.65170543247557,377.39264872100944,55.39182169998591,49.97790838316798,-364.8781211555655,-244.25003144843035,35.26919412691601,-10.360181153703484,591.7976880042537,-335.1160250810028,-25.344379584392662,288.25158397540565,-71.97787130361849,420.20858810832016,21.610076160718542,-194.043908304527,-127.6343969915751,247.8209321487014,121.81407760763494,-221.7345508135268,91.16621271023602,-425.5207893966463,191.02134163015276,-418.34237107549404,169.0020480637624,4.178483847403692,116.80909024245354,143.67143935426088,-379.0978382807989,-335.0686664442068,252.73010501639712,348.8830961890185,138.09429988874138,-212.89558400638987,-469.5310914145608,-342.9817746522237,-129.77564495862725,87.98050458813171,-291.0713245557687,288.66122161976,-42.08239296712065,29.523368096843846,26.49330785294442,323.0872202337745,-157.69409131379885,-293.559025651948,110.34877163375774,312.49661453636963,23.862321168027982,132.0940750200615,7.510806326232176,87.38442274899963,-190.58806202529985,150.55608489081533,135.15914722685213
38.87870013385608,-17.025878774816036,-93.71465141248774,-13.769045898193967,-12.703485902939615,90.05045281417758,60.22648714071809,-8.856780243507025,2.6979087874323784,-147.38014295658752,83.76083451233795,5.980606412913351,-71.97787130361849,18.489163798610086,-104.2001656363917,-5.287809422101859,47.41790978310121,31.382244941035097,-61.90573917442695,-30.671827732495345,54.968143955085246,-22.834287324010145,105.97961264487137,-47.84787071350273,104.09122794431984,-42.18983643232073,-1.238711605611017,-29.38066895653483,-35.79681101118786,94.07008756624744,83.85232147473974,-62.9660508051172,-85.9911917817659,-35.34338196844203,52.89634996037865,116.63170594972476,84.44859601182715,32.03943052068233,-22.059508401674286,72.47576683840504,-71.65454285502754,10.961494149161513,-7.062134736986955,-6.347172645528952,-80.2360695516792,38.60004952205659,72.75134860675578,-27.66378068760073,-77.33131428102169,-5.66835958158002,-32.93220941148494,-2.3931413856820685,-21.774518935031764,47.7673629850346,-37.93913960984665,-33.69031760058331
-227.06920587597392,98.40056486994465,550.9357571109275,80.84867271765494,72.52178965136082,-533.4107919948948,-357.18976037909556,51.33662619660479,-14.916785968857017,863.2515802197822,-488.3966797813222,-37.497784354813426,420.20858810832016,-104.2001656363917,613.6071182180019,31.648206893847384,-284.3901332157994,-186.75096854310445,361.18693838102695,177.22452165268197,-323.816161571407,132.79835630879876,-620.7324994965549,278.1713393741853,-610.4063538296082,246.31542886879546,5.7969282254717225,169.97372909170633,209.58348888444218,-553.4808593899027,-488.16786993608395,368.5769413940364,510.2256344328846,199.98892855210462,-310.76536483218445,-685.3003926663315,-501.699818599146,-189.69632489070995,128.13739727682008,-424.5565578838425,421.3534350629293,-60.724476424074616,43.47540993127996,39.0738486751588,471.6602542571119,-231.01985380031155,-428.796587456585,160.70454292297163,456.57918669084205,35.24076523352201,192.58879035083132,10.199359135032458,127.4360923782865,-277.54284375216815,218.9714325514892,197.10188744274907
-11.653574288921769,5.083336170106344,28.353270443557317,4.152807963294974,3.7227766879706627,-27.578295804014502,-18.41531863144196,2.642889068454272,-0.7882786393530438,44.4716865674933,-25.125745566848344,-1.9023745551991948,21.610076160718542,-5.287809422101859,31.648206893847384,1.6516725973485946,-14.700885889884717,-9.673725207496576,18.63198705730829,9.073473177110827,-16.694997402432904,6.824840408944495,-31.92716813434419,14.39136108728587,-31.405471587527845,12.752795076268223,0.29436283203241453,8.72226318288733,10.751529418870513,-28.542979944758436,-25.116976253675407,19.034900525996736,26.345613493821386,10.299896805780795,-15.973896555627206,-35.37507780754748,-25.941644338434816,-9.812360364801064,6.567126514893099,-21.927898833473073,21.792491501166833,-3.039560521761815,2.2793094338636806,1.955754206695406,24.258422140685003,-11.938827868550918,-22.03877036965445,8.257109865400823,23.530240139143825,1.796665647386881,9.97259531145777,0.47712286836146106,6.579844770745188,-14.303353133023094,11.23912182268073,10.163092515758159
105.03616642682876,-44.98879185023723,-255.4574175644869,-37.508484145432384,-33.028367217437534,247.75316028246291,166.3658709050638,-23.57514535636257,6.4987275397440225,-399.01650366723356,225.2906945713177,18.27286453825185,-194.043908304527,47.41790978310121,-284.3901332157994,-14.700885889884717,133.1691654088505,86.88399287949599,-166.35961583246024,-81.53155085298467,150.15900240109042,-61.19645711685783,287.2320297461746,-127.55364375805902,282.6188398539338,-113.2060359341157,-2.2603585378406157,-78.1343475700696,-97.13476720089534,256.40513782806164,224.93196041320195,-169.99585142634717,-237.45909919457063,-90.30800069685401,144.1547909591953,316.9736678126143,233.4513251875067,88.05170367250142,-59.11570548472246,195.89845780442272,-194.72230878137557,27.564788605477165,-20.490537824808943,-19.00250502467143,-218.78280310953778,108.0532790942577,199.3413624727597,-74.01252854399901,-212.09511796911264,-17.031892776654306,-88.60294734682667,-3.8519430256901317,-58.77886434390064,127.56676597868133,-100.48242092300984,-90.97671459153295
68.96250786905124,-29.840286815912734,-167.58613338686604,-24.58254368013354,-21.923969329102405,162.56935696364525,108.85923879967244,-15.57206465881996,4.491855337843658,-262.42095627966654,148.314261691787,11.532452275534272,-127.6343969915751,31.382244941035097,-186.75096854310445,-9.673725207496576,86.88399287949599,56.97858842237162,-109.72569874230554,-53.69550715620223,98.5570384166872,-40.30267926836244,188.66745773466445,-84.46888057605742,185.57877077001712,-74.8644327136756,-1.6712270559543454,-51.522761037064384,-63.6806799809818,168.42072458181207,148.19994499699618,-112.05625422318064,-155.5357845829521,-60.36639313683795,94.50681905622427,208.49566265225315,152.99468058259856,57.81171582363266,-38.86848630121619,129.09557329487149,-128.23602325059676,18.198672939651228,-13.366478379326727,-11.961323038352914,-143.461125436926,70.5482856188873,130.48385833962604,-48.75973663008909,-139.0212831420315,-10.826242717965659,-58.55533356544436,-2.841584780473226,-38.74140767137913,84.2371822023611,-66.34478009726661,-59.908199408053974
-133.73535442377403,58.4276131103761,324.1113722825859,47.534111155596534,43.12872003130362,-313.65560921647943,-209.5859913939473,30.385267138568306,-9.140976183622957,508.9176541197391,-288.24182579861275,-21.309251034816246,247.8209321487014,-61.90573917442695,361.18693838102695,18.63198705730829,-166.35961583246024,-109.72569874230554,213.44243142383027,104.70389068944698,-190.53438871200225,78.4136113706103,-365.6160943205952,164.90358937967298,-359.4160544118744,145.82549511395075,3.746495994809368,100.49956269545372,123.28021060950311,-325.8832638036964,-288.31395718308033,217.6562243904573,299.5910726054184,119.60262114736418,-182.74431084165462,-403.94733247696644,-294.6715656897779,-111.59735682163728,75.58029703510341,-250.6500301977895,248.56271583489277,-36.06835581136416,25.37385265506602,22.195506036313184,277.3844555551459,-135.23450409111953,-251.80037962207172,94.92354078883439,268.3405563405457,20.152848834003695,113.94837011840715,6.630247072079956,75.25072015622966,-164.20610245688619,129.6144170858562,116.31535139572192
-65.82490090723574,28.63037775694999,159.25806459117567,23.385639093599092,21.216498810894016,-153.67268878987338,-102.87772997349812,14.923472704174362,-4.411181429049647,249.88337650628017,-141.6466512801886,-10.582883317800706,121.81407760763494,-30.671827732495345,177.22452165268197,9.073473177110827,-81.53155085298467,-53.69550715620223,104.70389068944698,51.606876902603425,-93.51472628625694,38.55785691229497,-179.70766326986976,80.7350539328162,-176.62911240066302,71.36432161732358,1.848330190394649,49.46187911706502,60.69859523867378,-159.91475605602864,-141.66731870128288,106.69684533794869,146.91043996203612,58.70289789499248,-89.86474967894227,-198.09175395083446,-144.36768072015747,-54.65838054892888,37.23081768425372,-122.86487684715442,121.73874890796108,-18.019760158252687,12.323170868072152,11.117627910254472,136.353067732763,-66.28699566591628,-123.83788145375702,46.68228059221079,131.7423590255026,9.97417549027159,55.76031186060168,3.415011160211827,36.89393218227609,-80.59646096307883,63.77911331342996,57.07736650361813
119.8426390550448,-51.88218150777863,-290.77929165916163,-42.676322353693806,-38.23940136561987,281.5008998522382,188.5581146239771,-27.07884557335997,7.83469231917044,-455.50955056526794,257.695122575909,19.864702884331418,-221.7345508135268,54.968143955085246,-323.816161571407,-16.694997402432904,150.15900240109042,98.5570384166872,-190.53438871200225,-93.51472628625694,170.8945257194174,-70.06799750197618,327.58505739691867,-146.6833439459772,322.142631839102,-129.89889391533106,-3.0318634584853177,-89.67536747600454,-110.62905954124105,292.079704421266,257.55554239734624,-194.4389241256632,-269.31351547196016,-105.38169879023023,164.0322716840153,361.592744401063,264.79399929087714,100.10381562048794,-67.62168623497894,223.97525736650798,-222.2925688722022,32.04808498129312,-22.94973568159503,-20.70912395072684,-248.95099162854123,121.97216647699867,226.36410813483786,-84.78990357447287,-240.99049330619047,-18.65527082113073,-101.57069807280861,-5.344388283485884,-67.22844296793879,146.39808149619353,-115.51249173845132,-103.99116065067415
-49.24164177191789,21.435678449761134,119.26198137799602,17.503449880119344,15.849272355382752,-115.25824684150925,-77.11609477958159,11.16643228230469,-3.3104793761950657,187.12831860167705,-106.00945053401027,-7.930503158321505,91.16621271023602,-22.834287324010145,132.79835630879876,6.824840408944495,-61.19645711685783,-40.30267926836244,78.4136113706103,38.55785691229497,-70.06799750197618,28.845397053379582,-134.5265115718754,60.49009355690694,-132.24124387473623,53.49289501400373,1.359866153763454,36.977616595845085,45.40933435965312,-119.81727015865027,-106.01732671812263,79.94397437746409,110.16509503450948,43.86073809112671,-67.27449041042861,-148.44222253483989,-108.3023147909164,-40.99850286890334,27.832775420670437,-92.06434232946017,91.27205196569923,-13.359802688868953,9.296078331310376,8.295961374791343,102.09419169339382,-49.744351926576265,-92.72432362631761,34.91898644550275,98.71558040029815,7.47906270241784,41.80242198985099,2.4576253826368224,27.64146728740618,-60.32990285577522,47.67650298686677,42.74876433169979
229.99683481655796,-99.65601491620757,-557.567352803323,-81.85023774593229,-73.5764447964746,539.2013695050232,361.1747990477209,-52.00506546129251,15.10958678865041,-873.7509670753734,494.59077470994254,37.85311043979307,-425.5207893966463,105.97961264487137,-620.7324994965549,-31.92716813434419,287.2320297461746,188.66745773466445,-365.6160943205952,-179.70766326986976,327.58505739691867,-134.5265115718754,628.4196831854332,-281.54343882894796,617.8871059654033,-249.19992749139814,-5.984840464115644,-172.2863351732693,-212.26065137436552,559.9531120810769,494.40667382342156,-372.9509185313855,-515.7935572333934,-202.93954655489378,314.5724358183626,693.289766967446,507.03277794829114,191.74933802688392,-129.86483245289705,429.566781917103,-426.1287882573546,61.95318648648643,-43.744966351636435,-39.56418866647429,-477.3804435996471,233.37140456238885,433.95513171196023,-162.81416816641766,-461.8452007191188,-35.571501611028104,-194.81676464864591,-10.729975786478178,-128.954083072855,281.0674187438286,-221.98182063202628,-199.4917601471691
-102.92398140099533,45.32536647470191,249.37450874111852,36.53922175885509,33.44910193211392,-241.502514246883,-160.99073859389054,23.493651329264495,-7.299934104640697,392.31845157867235,-222.3227988441227,-15.878663027243016,191.02134163015276,-47.84787071350273,278.1713393741853,14.39136108728587,-127.55364375805902,-84.46888057605742,164.90358937967298,80.7350539328162,-146.6833439459772,60.49009355690694,-281.54343882894796,127.80592800353095,-276.7163490510631,112.92183276076324,3.0805949707575473,77.58312054656331,94.77191855743423,-251.02761955430634,-222.51130896544245,168.110420306032,230.33893063457128,93.23574048303253,-140.5184452607953,-311.5066581204961,-226.68471331013967,-85.96741231002356,58.21723934101824,-193.5587985315339,191.88916031185437,-27.785909722797168,19.485334190907245,16.47814651326847,213.33626680610612,-103.74077496689588,-193.3977429063274,73.24195485106947,206.3715012674236,15.115618248171877,88.19811341289908,5.389075061660044,58.11542895685138,-126.95322914398785,100.15234847835156,89.75632310502824
226.1303916194185,-97.93016286765577,-548.2865973181767,-80.4878458599346,-72.2806999332708,530.3117097517819,355.2576234579408,-51.113626837824434,14.816465646662353,-859.0774540140262,486.22229422793953,37.31606189937886,-418.34237107549404,104.09122794431984,-610.4063538296082,-31.405471587527845,282.6188398539338,185.57877077001712,-359.4160544118744,-176.62911240066302,322.142631839102,-132.24124387473623,617.8871059654033,-276.7163490510631,607.5526464951687,-244.95974442369544,-5.835279131371758,-169.3337471090923,-208.71233585045445,550.623384062136,486.0133186103641,-366.6593440635604,-507.3339936935999,-199.28747193814343,309.33746074773416,681.6916465677772,498.72303975665983,188.58296336731593,-127.66109434767968,422.3302200957659,-418.9933590981139,60.82931588646479,-43.06699860432164,-38.990382718055194,-469.439550422965,229.60808053569122,426.7824863844439,-160.04282430200422,-454.21178278740325,-35.053316629594285,-191.51255593282843,-10.43725697885632,-126.77851135067539,276.26664557178134,-218.1583103738941,-196.12954152436245
-91.08894686855928,40.021112169973264,220.8265929799719,32.358729314753994,29.506646517150195,-213.95671200353405,-142.70543884972767,20.761678484442346,-6.389948156418497,347.18049844586534,-196.65219744051845,-14.221292766922307,169.0020480637624,-42.18983643232073,246.31542886879546,12.752795076268223,-113.2060359341157,-74.8644327136756,145.82549511395075,71.36432161732358,-129.89889391533106,53.49289501400373,-249.19992749139814,112.92183276076324,-244.95974442369544,99.82072983690414,2.6475074164836183,68.57051471689853,83.90821846925635,-222.25744359087017,-196.77254401119376,148.70827889537165,204.14928595840703,82.11186763153117,-124.43984636473455,-275.7182170465093,-200.90934332500137,-76.15222025195628,51.49209709102926,-171.23543206652272,169.81973872358714,-24.479624920750854,17.323944304104927,14.747061473364875,188.92692285932378,-92.04766173392461,-171.3493581443479,64.76124438128205,182.8247885899981,13.511177105939199,77.98225007185974,4.600154711558269,51.40834459899546,-112.2137578761604,88.48601671542102,79.40716563966167
-2.192953874940914,1.1297889700594768,5.149404881686043,0.7466270281509835,0.8666692059524923,-4.889115127048396,-3.110082336804306,0.5533240615084515,-0.27954868968938057,8.484434650676675,-4.9364954249691655,-0.05834960904214512,4.178483847403692,-1.238711605611017,5.7969282254717225,0.29436283203241453,-2.2603585378406157,-1.6712270559543454,3.746495994809368,1.848330190394649,-3.0318634584853177,1.359866153763454,-5.984840464115644,3.0805949707575473,-5.835279131371758,2.6475074164836183,0.18993737284912637,1.798496200205276,1.96275736017543,-5.265495634367619,-5.01620113246694,3.7552815088200986,4.514197959757967,2.6476491638188464,-2.8797321754045573,-6.689498784622765,-4.462561568311734,-1.7582436348732418,1.2851085395754405,-4.2994645157618585,4.179470200703638,-0.7311572543955326,0.3127710304988178,0.06501547431982588,4.3770361920538905,-1.8751056735209106,-3.833349588387439,1.6590568143878444,4.152926858715649,0.10271683943061428,2.041783782790386,0.36183025065241725,1.2971318528431985,-2.9602372753871875,2.373906006534734,1.981206643695808
-63.079474209585086,27.513493791238776,152.66159637576024,22.406265818055175,20.37058587519403,-147.42354804335244,-98.60014840488057,14.323136853153159,-4.282918668728007,239.67773427074744,-135.85480590206365,-10.04793857357681,116.80909024245354,-29.38066895653483,169.97372909170633,8.72226318288733,-78.1343475700696,-51.522761037064384,100.49956269545372,49.46187911706502,-89.67536747600454,36.977616595845085,-172.2863351732693,77.58312054656331,-169.3337471090923,68.57051471689853,1.798496200205276,47.43369389859451,58.1478823085273,-153.376065236146,-135.89660059328554,102.42075904420157,140.8622723805076,56.457784932864755,-86.1158907772608,-190.06803387661117,-138.46909835725015,-52.445276286061194,35.67900514693044,-117.93703306480148,116.86897371806195,-17.217738997661193,11.83691554892231,10.528530575450528,130.68180038427562,-63.53042347260381,-118.63735851483752,44.77006727825485,126.29520133822713,9.490772502579533,53.572590229174786,3.282537828934909,35.41340636390308,-77.3635529455897,61.17959496272313,54.766174369942206
-77.72454348068457,33.538305326414275,188.38201967055463,27.671219060290447,24.782589850799244,-182.02300462492917,-122.08631625885197,17.533710287244695,-5.004770736323824,294.9364721741868,-166.93923765843343,-12.973586867649244,143.67143935426088,-35.79681101118786,209.58348888444218,10.751529418870513,-97.13476720089534,-63.6806799809818,123.28021060950311,60.69859523867378,-110.62905954124105,45.40933435965312,-212.26065137436552,94.77191855743423,-208.71233585045445,83.90821846925635,1.96275736017543,58.1478823085273,71.76778622105807,-189.0507667953004,-166.83275721119904,125.75182679201316,174.25311074763084,68.1778452553565,-106.32521514237322,-233.93169405569705,-171.22465648740265,-64.71364152654806,43.87756084431009,-144.8511110159758,143.68655411280338,-20.987832159659497,14.75890106878001,13.599380417584438,161.32863489536047,-78.90667594985194,-146.74754568413002,54.95433236443242,156.04428961764182,12.154599043780884,65.60815192331422,3.571983908561111,43.48380782320139,-94.75427719757083,74.88897866065035,67.30324494979608
204.84033590799677,-88.81046625119353,-496.9450187908286,-72.92441682068787,-65.46635104651118,481.09315218587136,322.1202382301533,-46.32512259313346,13.489168640306335,-778.7582674453952,440.63473422145785,33.749477539155755,-379.0978382807989,94.07008756624744,-553.4808593899027,-28.542979944758436,256.40513782806164,168.42072458181207,-325.8832638036964,-159.91475605602864,292.079704421266,-119.81727015865027,559.9531120810769,-251.02761955430634,550.623384062136,-222.25744359087017,-5.265495634367619,-153.376065236146,-189.0507667953004,499.2565890257141,440.44965210463545,-332.5297154367678,-460.1438705454697,-180.59606863850374,280.30712966420106,618.2019510545663,452.45590188931806,171.09515263782365,-115.60741425171483,383.02722072960734,-380.1097372196155,54.82964157755163,-39.18386521040061,-35.17302817080427,-425.4322419499035,208.29750110558305,386.73314719184106,-144.9994649788446,-411.7999420105658,-31.729499461412686,-173.7706441676397,-9.277683215046249,-114.9725895776329,250.43848700977637,-197.60398568978513,-177.82030707396572
180.93236483836606,-78.84629614559279,-438.3022284689733,-64.31344681483297,-58.267716250218506,423.76491026885407,283.42005990200914,-41.05270585435696,12.223365133911079,-687.864223853578,389.65111333267345,29.050638598079654,-335.0686664442068,83.85232147473974,-488.16786993608395,-25.116976253675407,224.93196041320195,148.19994499699618,-288.31395718308033,-141.66731870128288,257.55554239734624,-106.01732671812263,494.40667382342156,-222.51130896544245,486.0133186103641,-196.77254401119376,-5.01620113246694,-135.89660059328554,-166.83275721119904,440.44965210463545,389.6994980811814,-293.961902682315,-404.95781378194295,-161.34641224043972,247.2078606745368,545.7583605737022,398.1702524906221,150.74814054281143,-102.26284000714709,338.52801030831,-335.6450055642149,48.997524185539625,-34.21141568023042,-30.34981220676221,-375.17981674435947,182.84106193916313,340.6974707699252,-128.33949941676653,-362.8213675597099,-27.419403374084574,-153.76655896747513,-9.007212158553802,-101.63787643532483,221.81659291301509,-175.23031583222703,-157.1618964618823
-136.39067571870314,59.53765603983115,330.7055888936818,48.49738575895203,43.908399182551854,-320.21036998898273,-213.99015639945614,30.97004823722062,-9.282289879625871,519.123412757933,-293.92350853287775,-21.8516150559828,252.73010501639712,-62.9660508051172,368.5769413940364,19.034900525996736,-169.99585142634717,-112.05625422318064,217.6562243904573,106.69684533794869,-194.4389241256632,79.94397437746409,-372.9509185313855,168.110420306032,-366.6593440635604,148.70827889537165,3.7552815088200986,102.42075904420157,125.75182679201316,-332.5297154367678,-293.961902682315,222.00673723939482,305.893729043907,121.68006585394537,-186.45449219806162,-412.1409976228687,-300.89617330034923,-113.92512463005635,77.0495691382665,-255.67421776441498,253.61624352751133,-36.639347332606214,25.976134559366113,22.73166351219493,283.0274878277179,-138.16884213254954,-256.97587188129245,96.76795442784922,273.88686143088285,20.65164827976469,116.21561212331575,6.592373874297871,76.75390143676302,-167.3960174628263,132.068296969686,118.63658499132222
-188.64801549757217,81.38352423487702,458.1747616093666,67.2484177852772,59.88075885917811,-443.9418237630667,-297.5919923886802,42.53007401059697,-12.113222592973086,717.023598744469,-405.32763693023804,-31.80854104093846,348.8830961890185,-85.9911917817659,510.2256344328846,26.345613493821386,-237.45909919457063,-155.5357845829521,299.5910726054184,146.91043996203612,-269.31351547196016,110.16509503450948,-515.7935572333934,230.33893063457128,-507.3339936935999,204.14928595840703,4.514197959757967,140.8622723805076,174.25311074763084,-460.1438705454697,-404.95781378194295,305.893729043907,424.9739433730682,164.5884587042105,-258.47816074622176,-569.3887920790737,-417.85565137138167,-157.83969901455202,106.34073164568386,-352.41331642817966,349.9796023596742,-50.050439304165,36.405800207693424,33.109666398620625,392.3019762034079,-192.80613963693764,-356.96065563676365,133.2833015310006,379.993207117681,29.795926417464763,159.684421292429,7.840267902648799,105.76458903512511,-230.01624337712653,181.34359292613607,163.62530647534206
-74.24288455922924,33.20251311122868,179.21499917299766,26.243994673480074,24.64836464975449,-173.0436166105394,-114.92379374409994,17.113666547534457,-5.652914823433653,283.176205213985,-160.95838952935276,-10.537555542747667,138.09429988874138,-35.34338196844203,199.98892855210462,10.299896805780795,-90.30800069685401,-60.36639313683795,119.60262114736418,58.70289789499248,-105.38169879023023,43.86073809112671,-202.93954655489378,93.23574048303253,-199.28747193814343,82.11186763153117,2.6476491638188464,56.457784932864755,68.1778452553565,-180.59606863850374,-161.34641224043972,121.68006585394537,164.5884587042105,69.44125468366677,-100.93839112999692,-224.58389081597747,-161.99287885613154,-61.65197586478987,42.158769826479286,-140.01468418570474,138.48259451085946,-20.625194756078717,13.639353610069298,10.988989053508025,153.2419158773734,-73.57765600828985,-138.48555219533534,53.1521257064046,147.89546827351052,10.177851141611375,64.04334581225066,4.790708911326894,42.06311652269471,-92.35501488489707,73.05477869393458,64.90908003462219
115.1468891325586,-49.70844041374098,-279.23767639207216,-41.005686389315784,-36.68752989491176,270.0314890837598,181.05987551330455,-25.9789678664879,7.427479113444467,-437.1841472628834,247.37493004331947,19.23694391668253,-212.89558400638987,52.89634996037865,-310.76536483218445,-15.973896555627206,144.1547909591953,94.50681905622427,-182.74431084165462,-89.86474967894227,164.0322716840153,-67.27449041042861,314.5724358183626,-140.5184452607953,309.33746074773416,-124.43984636473455,-2.8797321754045573,-86.1158907772608,-106.32521514237322,280.30712966420106,247.2078606745368,-186.45449219806162,-258.47816074622176,-100.93839112999692,157.578709017485,346.8780450361058,254.03999647231467,96.00704194899082,-64.9807405741491,214.78098872483827,-213.11735196324662,30.945121455140992,-21.960172187439696,-20.121546806025872,-239.1179223018851,117.0912123274793,217.5070339993079,-81.41017977703159,-231.37599115442407,-18.02844985758586,-97.30716168149837,-5.172516299582276,-64.4720301718622,140.42283680438783,-110.9033675816282,-99.77056815706356
253.56851723942663,-110.24480673918524,-615.0957382635999,-90.23386479823647,-81.26240937279682,595.6113764963173,398.47080621103606,-57.438665820043965,16.9254105015494,-964.5586177124849,545.872431274066,41.328268789089456,-469.5310914145608,116.63170594972476,-685.3003926663315,-35.37507780754748,316.9736678126143,208.49566265225315,-403.94733247696644,-198.09175395083446,361.592744401063,-148.44222253483989,693.289766967446,-311.5066581204961,681.6916465677772,-275.7182170465093,-6.689498784622765,-190.06803387661117,-233.93169405569705,618.2019510545663,545.7583605737022,-412.1409976228687,-569.3887920790737,-224.58389081597747,346.8780450361058,765.7824673602923,559.9827900401204,211.8580098320907,-143.1528172954826,474.6975066004409,-471.02807722197025,67.90465276925796,-48.46297857605596,-43.02175764109532,-526.5074515241516,257.54702426343687,478.3888025013549,-179.6544513019698,-509.62346902187346,-38.93678858893994,-215.5341535747923,-11.738019134665885,-142.49348331427396,310.50931698520935,-244.95747454325462,-220.32304900647452
185.3951126753737,-80.0877479850829,-450.3844578497792,-66.08740014534081,-58.88991170030797,436.6155611631918,292.5405966844311,-41.82644926856876,11.980935063436808,-705.0204167176882,398.50820794806464,31.14416782386465,-342.9817746522237,84.44859601182715,-501.699818599146,-25.941644338434816,233.4513251875067,152.99468058259856,-294.6715656897779,-144.36768072015747,264.79399929087714,-108.3023147909164,507.03277794829114,-226.68471331013967,498.72303975665983,-200.90934332500137,-4.462561568311734,-138.46909835725015,-171.22465648740265,452.45590188931806,398.1702524906221,-300.89617330034923,-417.85565137138167,-161.99287885613154,254.03999647231467,559.9827900401204,410.9324378833878,155.24876982199706,-104.50095222857013,346.6531904999077,-344.2960063296773,49.07357588700011,-35.84517956385411,-32.36761977298298,-385.595069508505,189.55522710952673,350.7935746149164,-131.02919096590188,-373.56818177527697,-29.201777257422112,-157.14607586342865,-7.67898368420165,-104.03344138115398,226.2322650935697,-178.28130245486525,-160.91440514955823
