V1,V2,V3,V4,V5,V6,V7,V8,V9,V10,V11,V12,V13,V14,V15,V16,V17,V18,V19,V20,V21,V22,V23,V24,V25,V26,V27,V28,V29,V30,V31,V32,V33,V34,V35,V36,V37,V38,V39,V40,V41,V42,V43,V44,V45,V46,V47,V48,V49,V50,V51,V52,V53,V54,V55,V56
6.056183426616151,-2.298728241582279,-14.017523768307862,-2.129974559153591,-1.9013683921347329,12.447573477998073,8.827141976272072,-1.2867962626742384,0.1733019407411143,-21.492647620561147,12.4506073510871,1.244500920375356,-10.791951533160143,3.281268341915474,-14.977968181758506,-0.5996849544231675,6.712577153264045,4.199394400721178,-8.739146484045309,-4.903183500580178,7.967373404939808,-3.445698092703408,15.927933240496573,-6.325998177752663,15.586029771260737,-5.5284000092837875,-0.16239650981558992,-4.519088612255785,-5.640879916301574,13.541291048081519,12.40533059731967,-8.733642604217978,-12.236060230875038,-4.900533269154583,8.083639916680474,16.433842580073275,11.70261735114532,4.381393202468173,-3.4919528183391653,10.046430723246116,-9.714558706400505,2.2876507309593492,-0.74452154962495,-1.5346278181031712,-12.140113969785995,5.47567771358337,11.194469867498555,-4.184768508676918,-11.33890713835853,-1.083369518828937,-4.313780970824677,-0.6474868078778041,-3.0333564675448255,6.826874512687001,-5.790456970178898,-4.818986325502309
-2.298728241582279,1.1527739341141494,5.649047104664424,0.8084371670838697,0.8190456528862092,-5.676150302508639,-3.6144057037031874,0.5649823064996673,-0.2644629301929881,9.150811499121346,-5.175595437625384,-0.1832534055681071,4.403087799895936,-1.050721306305916,6.462471529920778,0.3698735916756482,-2.8477908640048284,-2.003910208765119,3.977131325418863,1.8183634647001332,-3.383537010542834,1.4019784558677104,-6.419909683150382,3.2446255979154324,-6.30703626565141,2.85200664737604,0.11938354318117136,1.7970889388784739,2.0816882308905242,-5.839345124822265,-5.220238781712895,4.068150411799609,5.279913858644057,2.4555273688626955,-3.135247548483217,-7.383769186358772,-5.27646666048388,-2.0378607614006774,1.3027232418452244,-4.67688759773073,4.658145143661428,-0.5325579817113567,0.4831555655196107,0.1396512172269305,4.790280754187636,-2.3263980024714237,-4.251625508041866,1.6994913122437534,4.690398949121657,0.2138554532732741,2.218717886334371,0.14190631340746573,1.402915782187381,-3.0690427085059437,2.34870123449044,2.1296516756672204
-14.017523768307862,5.649047104664424,33.41106052131744,4.981999378094547,4.356629808797982,-31.253892096190082,-21.515109902933585,3.0551591852613575,-0.6214065753269624,51.65413946970262,-29.44906563950861,-2.72238234590312,25.454546966041498,-6.822549834031669,36.53366762923119,1.7107017120703623,-16.921499081448708,-10.801844838518267,21.251463453707423,11.048732146664296,-19.35830011502983,8.059613171580056,-37.685261059028086,15.85307272456353,-37.006111041891145,14.005033065667998,0.29582992708387623,10.396355688614856,13.022117071651785,-32.96624364865439,-29.352263646175118,21.534014548156417,30.31583699659999,11.5303626989937,-19.03917166803368,-40.39024667970173,-29.461793562062205,-11.058428418244922,7.9611255779045695,-24.804344137055633,24.402137460888525,-4.353468186449287,2.317111586845412,3.076807694942082,28.76204262936117,-13.748819293578144,-26.384933271388746,9.761512489507203,27.465699354541478,2.4457019669074542,10.956070190053707,0.8744827147955965,7.460018202670927,-16.401139472590025,13.331615049512505,11.681001904747259
-2.129974559153591,0.8084371670838697,4.981999378094547,0.7537748108216011,0.6545340127056443,-4.496582906875574,-3.1738327752341062,0.45140104605572995,-0.05980343667083923,7.625494608559635,-4.388169181989181,-0.45390198647400803,3.8059143078769684,-1.1053651716273933,5.353169336645435,0.22485372826971178,-2.4532693336604168,-1.5307303547677016,3.095920659007957,1.7020902497126007,-2.8464954301568604,1.2095208922562513,-5.63588258699375,2.2446872687908246,-5.523902739654681,1.973434628672629,0.04388719139437463,1.5751079933623786,1.987092419204911,-4.834387102357379,-4.366468285180369,3.110636881380266,4.41522986759199,1.6778014215121368,-2.8654447360694633,-5.870061269957489,-4.240786174482763,-1.5836907006340704,1.2196580171987184,-3.5814943890146007,3.486266818096419,-0.7555651297582618,0.29394101427339286,0.543701857843827,4.309885071153407,-1.9959737904389245,-3.979314865890436,1.4668879918511462,4.05660522552902,0.3962124093533087,1.5430703817316,0.18276361060866883,1.0797215423754924,-2.404539693944362,2.0143368273696303,1.7104659169088954
-1.9013683921347329,0.8190456528862092,4.356629808797982,0.6545340127056443,0.6738761644343919,-3.876872060027961,-2.652038630067624,0.43411772298562473,-0.12684723578107684,6.890017094781469,-4.036828949181357,-0.24107207357712168,3.4631415871063163,-1.1106596759371168,4.712374029245036,0.1952155942678603,-1.93026659944224,-1.297013489717748,2.904769531764308,1.5926198619282803,-2.4911680514879673,1.1215686091195738,-5.0270879462498765,2.2184868818027526,-4.900453339191491,1.908699167284512,0.1112712332592294,1.4905810165503508,1.7406882249668818,-4.275393438925192,-4.061647142094654,2.8846867104228076,3.722010380532509,1.8843125456408205,-2.4929548591392776,-5.282619503737343,-3.583531663081333,-1.3755800246038177,1.1142077247886766,-3.3073402626553308,3.1749631854667335,-0.7508133844170429,0.20570443146523118,0.3160498313119962,3.752463841948819,-1.5916974423099433,-3.3870761562916383,1.3673045768830665,3.4850589240716463,0.22542886725338893,1.4772605276713027,0.30403364172615616,1.0004348199633888,-2.298449651148929,1.93777354485508,1.56971710812423
12.447573477998073,-5.676150302508639,-31.253892096190082,-4.496582906875574,-3.876872060027961,31.846957630231582,20.808068199826142,-2.875131650932434,1.0020174408626068,-49.2449801638544,27.354837588519906,1.9890825731121538,-23.488072230947957,4.840665848169835,-35.6048831400955,-2.071703118397974,17.17455377529392,11.396843192331911,-20.774802875200567,-9.361732826239994,18.72857099518379,-7.3421686539697095,34.876222141715154,-16.37387776780015,34.44190780950842,-14.665551592826233,-0.19244285809558637,-9.202180787781561,-11.473304961357208,32.04315466113155,27.324452690002808,-21.504767877266797,-30.16097828145937,-10.928698074761474,17.414043506973027,39.973932920461685,30.07688910601243,11.36960662100857,-6.883888567713003,24.81168291697076,-25.04233521933102,2.310538976352108,-3.0305924755677607,-1.7507699743986318,-26.596785880260068,13.887529845685885,24.093915569173845,-8.853461460097131,-26.371374163601203,-1.9436872009015695,-11.502634925681843,0.16930923370097575,-7.418076705452078,15.744653879269512,-11.847928036394098,-11.3243243574178
8.827141976272072,-3.6144057037031874,-21.515109902933585,-3.1738327752341062,-2.652038630067624,20.808068199826142,14.146611522805488,-1.9303869412352432,0.42294433358740213,-33.25272702967515,18.70941115111436,1.7824525437684726,-16.17336304135292,3.874423529602049,-23.835345639431218,-1.2158251100379736,11.44289803432158,7.308323177924383,-13.692910129066718,-6.773258897885409,12.612037022211053,-5.0761956013339296,24.074611207915304,-10.311137550644807,23.71530570163303,-9.201736941264786,-0.09425158094554816,-6.451539897551113,-8.213136243723365,21.466965860205846,18.61574593792146,-14.020612309822763,-20.098063543440073,-7.0237143623945615,12.179004745545756,26.377463207393482,19.704352264322313,7.375971016112512,-4.942152588436474,16.174408859127407,-16.111794275199397,2.28805799365474,-1.7520943678954137,-1.87811901191497,-18.464793659121487,9.25950098570474,16.94693684106559,-6.131250001453888,-17.9140269565835,-1.6189875911531273,-7.221541582656096,-0.176477580244026,-4.850326577286348,10.453446885501814,-8.251924117561362,-7.539852213675417
-1.2867962626742384,0.5649823064996673,3.0551591852613575,0.45140104605572995,0.43411772298562473,-2.875131650932434,-1.9303869412352432,0.2946157699781817,-0.09137722321861577,4.8213327714942675,-2.766001882817777,-0.1814203068248087,2.374260983709254,-0.6561189218079271,3.3735248573643313,0.16280216844781076,-1.4851651732464495,-0.9908538468563816,2.031584101049709,1.035712214327387,-1.7799979634792975,0.7584162959852653,-3.4780536084037146,1.5695823207742718,-3.4079647831343,1.3732551551527923,0.053571671534370376,0.9860932906552141,1.1815359666983383,-3.050372948520163,-2.774708374767653,2.0516997894239317,2.7456237276067124,1.215277155123841,-1.730293288676218,-3.7823609161510388,-2.683363902639906,-1.0226802058163946,0.7378646533371181,-2.358526133936267,2.3119468253938105,-0.40656554235438175,0.2049833721073592,0.20412422495655,2.6192749751239415,-1.213722281979023,-2.3687568443467453,0.9207298924878232,2.4977226168907114,0.17250172249931386,1.0689176320331508,0.12040333970095715,0.710018746795002,-1.5801793838161597,1.2770585294874603,1.1021178615884373
0.1733019407411143,-0.2644629301929881,-0.6214065753269624,-0.05980343667083923,-0.12684723578107684,1.0020174408626068,0.42294433358740213,-0.09137722321861577,0.1460862968388608,-1.302857689313579,0.672884236731808,-0.17326421144754003,-0.5238251838661055,-0.03240252793247182,-0.9590392420810204,-0.11463758267612034,0.3823700214562944,0.3977996864037699,-0.7125923069650534,-0.11542482103393764,0.4720511963503566,-0.16587870494396936,0.7128473102709623,-0.774196048570411,0.7130480651388909,-0.6854187834725388,-0.04877786052322811,-0.1907467447306077,-0.11853639997237334,0.8660273476407199,0.716815798600355,-0.7744180336425899,-0.7736624900191598,-0.5734012053542247,0.2733770645002885,1.2609013723658256,0.8963121252597529,0.380772530586408,-0.08587334158170042,0.8880717775437336,-0.9493966820955776,-0.16072352926058184,-0.1557326860286318,0.2709836556330295,-0.4669220965782458,0.31555906763222663,0.3119685060770857,-0.19968924273804045,-0.5818905639484152,0.11257702213182462,-0.5293121724910477,0.04423751178924367,-0.2620199659785316,0.5332179865031457,-0.2779853658489761,-0.3471718518158151
-21.492647620561147,9.150811499121346,51.65413946970262,7.625494608559635,6.890017094781469,-49.2449801638544,-33.25272702967515,4.8213327714942675,-1.302857689313579,80.74454617394147,-45.912212896369496,-3.6235234581135654,39.5349140955917,-10.258801234947535,57.13088373812361,2.8317659997528533,-26.206762490767066,-17.125303270977586,33.673072956333755,16.929516589595966,-30.18313864219228,12.528462876160146,-58.338528268626455,25.723258292304656,-57.3032769162637,22.70656687075229,0.5918757706751715,16.12363016720942,19.85370771619306,-51.56349375765615,-45.888091526128655,34.22163367226172,47.274896082646194,18.848176801401785,-29.245568209761736,-63.673889375775545,-46.27551865832682,-17.48870793374482,12.190923807203234,-39.40280211285999,38.91236730879883,-6.227840069944627,3.8119002529086403,3.9332979407297803,44.30431156790596,-21.314713406819333,-40.3401303874647,15.174856872846146,42.59237628848991,3.362367055530165,17.739999813830188,1.2869491285305348,11.84082076777837,-25.971445821057145,20.767128093456318,18.390460525919494
12.4506073510871,-5.175595437625384,-29.44906563950861,-4.388169181989181,-4.036828949181357,27.354837588519906,18.70941115111436,-2.766001882817777,0.672884236731808,-45.912212896369496,26.33697042007009,2.1268597643883926,-22.69979907716267,6.335952616416351,-32.21077562241846,-1.4890555771394443,14.466214572226114,9.398855192740504,-19.0704260059768,-9.966919349326206,17.045208067731426,-7.230205141323964,33.41398079998916,-14.398748752416376,32.75473473550783,-12.633269426135127,-0.4001010475934803,-9.39333091903917,-11.507817735555657,29.105308148245985,26.331578375239513,-19.24183947631019,-26.398961294236674,-10.93907106685218,16.771027396905193,35.80531667637886,25.648059078159054,9.694545679226849,-7.125554877301332,22.136289469374315,-21.669073564895413,4.066198349271564,-1.916679182795314,-2.452118704544621,-25.331157053515895,11.79549604996138,23.102624670707087,-8.771757799143954,-24.06877592374561,-1.9408424029700098,-9.853355000601212,-1.074568718931541,-6.665632210247062,14.808916870956867,-12.102069743109798,-10.420683186411106
1.244500920375356,-0.1832534055681071,-2.72238234590312,-0.45390198647400803,-0.24107207357712168,1.9890825731121538,1.7824525437684726,-0.1814203068248087,-0.17326421144754003,-3.6235234581135654,2.1268597643883926,0.6101796015524736,-1.9372362494913462,0.7060870745752178,-2.572775904221522,-0.024957387367253704,1.3911413995444235,0.6270007474253058,-1.192758312492707,-0.9739302139391637,1.4206534831009943,-0.6028946685508216,3.0052362699144126,-0.49893230525210175,2.946264156761608,-0.4598935335290957,0.07211785718216743,-0.7947437277592163,-1.2314680710120216,2.310908097250848,2.03373113416586,-1.153442395704715,-2.247260618189508,-0.2341545627084395,1.6698986830217581,2.5085999737186144,1.9781303677812256,0.6622543055479939,-0.7115695508313091,1.3410801868647577,-1.2369516630212236,0.6461426800208828,-0.05761975543335288,-0.7858225043565233,-2.4462517541695705,1.1131344072370402,2.444263496605961,-0.7283403224035381,-2.170001975492091,-0.47889858945789965,-0.37689717522303434,-0.08401309400412357,-0.40865998442697826,0.9223507922836921,-0.95731287682418,-0.73458918326125755
-10.791951533160143,4.403087799895936,25.454546966041498,3.8059143078769684,3.4631415871063163,-23.488072230947957,-16.17336304135292,2.374260983709254,-0.5238251838661055,39.5349140955917,-22.69979907716267,-1.9372362494913462,19.590050308042194,-5.525292072005108,27.732045368990356,1.2555065319564649,-12.496314041737477,-8.052156754313666,16.34553738813545,8.640634470527699,-14.690141102552447,6.237966670731786,-28.86873190940853,12.240624237163118,-28.29642751113296,10.74158027209434,0.32310053301703634,8.110621978295374,9.99394019200518,-25.05659837437805,-22.67393176772682,16.474843270540134,22.74964289697713,9.282615529322118,-14.528152632272658,-30.740947926108458,-22.046394168685683,-8.313350130770877,6.178797619725097,-18.95554769574849,18.529534645138295,-3.5995081231922983,1.6179440748949112,2.258591185566452,21.922614911782397,-10.18565024374251,-20.045199511755165,7.5678448996900824,20.782134789587126,1.7483134356971772,8.381436846878186,0.9397545618964227,5.709564016838456,-12.696330320869654,10.434109472332235,8.951231068318384
3.281268341915474,-1.050721306305916,-6.822549834031669,-1.1053651716273933,-1.1106596759371168,4.840665848169835,3.874423529602049,-0.6561189218079271,-0.03240252793247182,-10.258801234947535,6.335952616416351,0.7060870745752178,-5.525292072005108,2.422062945124424,-6.6815671650142425,-0.08014749077096135,2.461853143276864,1.4275894437284773,-4.041956201018417,-2.920160317268942,3.603003693487969,-1.8258510477455703,8.014076055315751,-2.6331915908836225,7.730634227249499,-2.1667613698018453,-0.18607267875662878,-2.5406659005416294,-3.0643495063810846,6.09844126577467,6.32877439504674,-3.8000993176505884,-5.01877212185122,-2.7186886303507345,4.098898903571301,7.162965044824093,4.453552991730199,1.666148648865828,-1.9963046203350236,4.338886020799634,-3.859774203506374,1.9854488794576453,0.07166871639137458,-1.0982100966968982,-6.030702769674227,2.0606713850156724,5.622375427724649,-2.2412807783935,-5.1564653544163654,-0.5655699881285582,-1.6618131945041081,-0.8930720010981443,-1.333729626037795,3.3295716313471746,-3.2641759022609436,-2.238528451375818
-14.977968181758506,6.462471529920778,36.53366762923119,5.353169336645435,4.712374029245036,-35.6048831400955,-23.835345639431218,3.3735248573643313,-0.9590392420810204,57.13088373812361,-32.21077562241846,-2.572775904221522,27.732045368990356,-6.6815671650142425,40.76747114144265,2.1338366217617626,-19.130128774221394,-12.51086496262792,23.855441455408652,11.597289813360515,-21.51606460172948,8.74007068129917,-41.054841399631826,18.35020797383104,-40.40790040946112,16.298149395007492,0.31917191195466654,11.14170412596441,13.844337572189104,-36.75062515395363,-32.16440822506869,24.4058412810297,34.07700100662554,12.933504618580182,-20.589293245363102,-45.48062206741818,-33.551822241040185,-12.660712189945462,8.417727729710228,-28.12700091516559,27.99825052164871,-3.8264738848260818,2.9869065555075385,2.6390319786856318,31.267819978630463,-15.518234026045185,-28.467210218224405,10.56798224261629,30.376290778809174,2.4102721135079213,12.757698726241784,0.4880451783363859,8.436646075073075,-18.274644286179633,14.332420935358947,13.038906132762623
-0.5996849544231675,0.3698735916756482,1.7107017120703623,0.22485372826971178,0.1952155942678603,-2.071703118397974,-1.2158251100379736,0.16280216844781076,-0.11463758267612034,2.8317659997528533,-1.4890555771394443,-0.024957387367253704,1.2555065319564649,-0.08014749077096135,2.1338366217617626,0.1734225368521091,-1.0940622944402827,-0.7852729012145447,1.2675594823397802,0.39676577564360915,-1.1043920956761917,0.3819800047951487,-1.8691158118082711,1.1142230183604271,-1.868626281705774,1.0173606538650104,0.005764341771130981,0.4462674058825842,0.5379226481039635,-1.9115961592090904,-1.4986626934891714,1.3642130584061336,1.8694100014001525,0.6506426094524231,-0.9016168130053412,-2.4798241483610264,-1.9571498943629737,-0.7523363318068204,0.30885445614411783,-1.5777168724678359,1.6637315629687526,0.09089323178523312,0.27176989802276313,-0.06107383609592769,1.415121244698139,-0.8784603307966801,-1.2362390941911892,0.4561007532642278,1.5249542896775625,0.05255539634641291,0.8000644989385322,-0.1233826354406314,0.46674335170621406,-0.9292001488557915,0.5835066399223785,0.6766234825567599
6.712577153264045,-2.8477908640048284,-16.921499081448708,-2.4532693336604168,-1.93026659944224,17.17455377529392,11.44289803432158,-1.4851651732464495,0.3823700214562944,-26.206762490767066,14.466214572226114,1.3911413995444235,-12.496314041737477,2.461853143276864,-19.130128774221394,-1.0940622944402827,9.597075763231192,6.162204730370941,-10.837718663242596,-4.944621657259245,10.096864408707027,-3.8736216147846423,18.730382071159354,-8.309650059861621,18.533712515936,-7.513166532061911,0.02071595812217963,-4.813342188210828,-6.251716849451561,17.186273150540003,14.367636184890516,-11.262081188310981,-16.46304184086563,-5.162307980918935,9.476501895900496,21.235617794795647,16.346690958608853,6.106882753512794,-3.6778996359261678,13.017197537551395,-13.191066851815068,1.2025217665126873,-1.6774408213147076,-1.3048738499527428,-14.449092879502576,7.728194762433693,13.24823801914795,-4.6600687396401606,-14.34604264103437,-1.290712721855165,-5.919042696231116,0.28635054983406105,-3.8876622750965653,8.14887848692404,-6.1394075065812705,-5.973621392392899
4.199394400721178,-2.003910208765119,-10.801844838518267,-1.5307303547677016,-1.297013489717748,11.396843192331911,7.308323177924383,-0.9908538468563816,0.3977996864037699,-17.125303270977586,9.398855192740504,0.6270007474253058,-8.052156754313666,1.4275894437284773,-12.51086496262792,-0.7852729012145447,6.162204730370941,4.133927068569454,-7.2843980057472635,-3.0787430538104994,6.5634716273921,-2.5000028322124064,11.98527857605991,-5.850523534472365,11.86852570486995,-5.272968818080189,-0.04423923334871045,-3.088400705839654,-3.8612182281051104,11.244695207985927,9.391205446639386,-7.609389666594705,-10.707098074192288,-3.741261104087395,5.9623202330054745,14.11633440065481,10.780838941469769,4.080970180904528,-2.290182545830123,8.787120594281904,-8.962431261876365,0.5281860369821785,-1.1808510488436939,-0.46163684853514103,-9.149351940939267,4.971047373851177,8.253801948652212,-3.0076889843738623,-9.222325492001293,-0.6378385684239762,-4.141782642540062,0.2227921463598916,-2.6205648812959015,5.473911814962976,-3.979572980770883,-3.9620312624305867
-8.739146484045309,3.977131325418863,21.251463453707423,3.095920659007957,2.904769531764308,-20.774802875200567,-13.692910129066718,2.031584101049709,-0.7125923069650534,33.673072956333755,-19.0704260059768,-1.192758312492707,16.34553738813545,-4.041956201018417,23.855441455408652,1.2675594823397802,-10.837718663242596,-7.2843980057472635,14.273064181577727,6.867044318678613,-12.557057754271362,5.18260673093984,-24.02925570300158,11.210861422985738,-23.61549331143401,9.892781897190675,0.3067039354775611,6.645116133433195,8.015229240359796,-21.534032849132114,-19.122938919133613,14.564595717435664,19.69178639027403,8.254146300554511,-11.93038084883545,-26.84819647785776,-19.45425561985239,-7.411093576956238,4.944674512396517,-16.763161378205815,16.640291537086366,-2.2743095485260594,1.7012520742269746,1.1903873136799354,18.141114705853187,-8.8233811958593,-16.362871887165714,6.276760115203168,17.603257775958834,1.1715021729644304,7.718978705149505,0.47330227945435144,5.031752172748627,-10.993677576259845,8.60426997796829,7.73695246950089
-4.903183500580178,1.8183634647001332,11.048732146664296,1.7020902497126007,1.5926198619282803,-9.361732826239994,-6.773258897885409,1.035712214327387,-0.11542482103393764,16.929516589595966,-9.966919349326206,-0.9739302139391637,8.640634470527699,-2.920160317268942,11.597289813360515,0.39676577564360915,-4.944621657259245,-3.0787430538104994,6.867044318678613,4.083711090227485,-6.182460411121688,2.7865362128458857,-12.67497118814255,4.897378832193954,-12.355850907713213,4.220870303961572,0.1861966259852495,3.714754878439863,4.560751897829093,-10.510891566261781,-9.948557989284174,6.768343459307426,9.272277443668266,4.096149132858698,-6.4267423367390455,-12.696249010054114,-8.746675281837714,-3.284549564824462,2.871309052209706,-7.770358028506488,7.382008546900142,-2.138929416628926,0.41792001140991497,1.2911360799991962,9.60792067920004,-4.058164345355266,-8.860124681163729,3.3946276960173316,8.791053146257598,0.834334470937667,3.2791243600478435,0.7561010101771677,2.3554788836833067,-5.437185694908059,4.771536580692838,3.780527225696084
7.967373404939808,-3.383537010542834,-19.35830011502983,-2.8464954301568604,-2.4911680514879673,18.72857099518379,12.612037022211053,-1.7799979634792975,0.4720511963503566,-30.18313864219228,17.045208067731426,1.4206534831009943,-14.690141102552447,3.603003693487969,-21.51606460172948,-1.1043920956761917,10.096864408707027,6.5634716273921,-12.557057754271362,-6.182460411121688,11.365634074949172,-4.631557311255155,21.758610031260574,-9.593765875242596,21.409308069308437,-8.517414885154205,-0.16167790234757826,-5.914206380848696,-7.37508808963706,19.397479992186494,17.009935670651,-12.82802256761693,-17.97844204404762,-6.77540171383935,10.934166510229018,23.95086497878168,17.65761374819797,6.652510088655571,-4.48405812272181,14.784021139926555,-14.689878033161023,2.1115750513969624,-1.5427343225199157,-1.4884001021466637,-16.588134569171388,8.190709143464282,15.13261760872325,-5.601206980781353,-16.067892640823278,-1.3167276201776315,-6.668103520341241,-0.2900222394334094,-4.436244947681435,9.627940641528202,-7.599966589080923,-6.874283590279658
-3.445698092703408,1.4019784558677104,8.059613171580056,1.2095208922562513,1.1215686091195738,-7.3421686539697095,-5.0761956013339296,0.7584162959852653,-0.16587870494396936,12.528462876160146,-7.230205141323964,-0.6028946685508216,6.237966670731786,-1.8258510477455703,8.74007068129917,0.3819800047951487,-3.8736216147846423,-2.5000028322124064,5.18260673093984,2.7865362128458857,-4.631557311255155,1.9932121565798495,-9.170912687292615,3.8724831795201036,-8.977924533520449,3.383878087082583,0.11839745917570504,2.6057538634075104,3.187874286064303,-7.903292684778846,-7.2280914003385295,5.202407304811292,7.119234325517646,3.010961153869972,-4.610505998424401,-9.689751383877363,-6.875963853996775,-2.597283095776056,1.9833775716359976,-5.981831163865635,5.818261672083926,-1.213353924968308,0.47488563737738154,0.722474005379228,6.948292574867913,-3.163593563980602,-6.3489182337720615,2.4206960261126165,6.546752445153474,0.5425351334070302,2.6365715579516262,0.3560054916526104,1.8038562115856684,-4.04283798539482,3.356243241425189,2.8348732465102997
15.927933240496573,-6.419909683150382,-37.685261059028086,-5.63588258699375,-5.0270879462498765,34.876222141715154,24.074611207915304,-3.4780536084037146,0.7128473102709623,-58.338528268626455,33.41398079998916,3.0052362699144126,-28.86873190940853,8.014076055315751,-41.054841399631826,-1.8691158118082711,18.730382071159354,11.98527857605991,-24.02925570300158,-12.67497118814255,21.758610031260574,-9.170912687292615,42.63918112979833,-17.909255582389815,41.82296111924601,-15.759167535954255,-0.4075992895420483,-11.890362957193279,-14.779552269896401,37.07374900083682,33.335294911419304,-24.260843366931617,-33.84694397796701,-13.34993707067999,21.513397709101838,45.411901048867286,32.80610388038242,12.336274542212552,-9.09170733311546,27.92790112436339,-27.355361090096054,5.209931424240674,-2.46053882481335,-3.4734790736343393,-32.46594689642787,15.245198568484307,29.753494232279177,-11.118634773690689,-30.839890029681335,-2.6966031894971225,-12.311313081548509,-1.235652277291952,-8.408017963815798,18.618849871023397,-15.268509788370064,-13.189674418767812
-6.325998177752663,3.2446255979154324,15.85307272456353,2.2446872687908246,2.2184868818027526,-16.37387776780015,-10.311137550644807,1.5695823207742718,-0.774196048570411,25.723258292304656,-14.398748752416376,-0.49893230525210175,12.240624237163118,-2.6331915908836225,18.35020797383104,1.1142230183604271,-8.309650059861621,-5.850523534472365,11.210861422985738,4.897378832193954,-9.593765875242596,3.8724831795201036,-17.909255582389815,9.231626443673218,-17.63834750740355,8.16755381837162,0.2868974603488263,4.905639048261979,5.726972337812055,-16.557583719717385,-14.5128749447892,11.556578563707951,15.172086749792484,6.71577974909271,-8.741158631399026,-21.001561596279767,-15.270303207585426,-5.887643957619728,3.542959545598111,-13.299423774611476,13.367422893120704,-1.169347096646014,1.5186145872967776,0.2869185800065089,13.401485235049604,-6.766164072704733,-11.881331785506376,4.684642748904807,13.30123054314265,0.6024881125465597,6.366690403771096,0.17148709578329083,3.9808030030984067,-8.58427052980026,6.4076456012332095,6.00508291127596
15.586029771260737,-6.30703626565141,-37.006111041891145,-5.523902739654681,-4.900453339191491,34.44190780950842,23.71530570163303,-3.4079647831343,0.7130480651388909,-57.3032769162637,32.75473473550783,2.946264156761608,-28.29642751113296,7.730634227249499,-40.40790040946112,-1.868626281705774,18.533712515936,11.86852570486995,-23.61549331143401,-12.355850907713213,21.409308069308437,-8.977924533520449,41.82296111924601,-17.63834750740355,41.04174821567917,-15.544300894501612,-0.37843613312130114,-11.614852627560062,-14.463149152298582,36.479237227547024,32.67208799600927,-23.88259407620648,-33.39308857306824,-13.028106052744175,21.100876360029332,44.713702146027416,32.41779177844868,12.187501537206058,-8.878153543626112,27.49846249997357,-26.989310489414297,4.973444087582203,-2.4876254851182784,-3.367094605238596,-31.86294568666332,15.075664390078112,29.196583529038357,-10.88039395801497,-30.345097303592016,-2.6504701721434873,-12.148948902365365,-1.112980764738465,-8.274865340439344,18.26858108936949,-14.911347856338663,-12.963531274030931
-5.5284000092837875,2.85200664737604,14.005033065667998,1.973434628672629,1.908699167284512,-14.665551592826233,-9.201736941264786,1.3732551551527923,-0.6854187834725388,22.70656687075229,-12.633269426135127,-0.4598935335290957,10.74158027209434,-2.1667613698018453,16.298149395007492,1.0173606538650104,-7.513166532061911,-5.272968818080189,9.892781897190675,4.220870303961572,-8.517414885154205,3.383878087082583,-15.759167535954255,8.16755381837162,-15.544300894501612,7.255737242910605,0.22072005429964245,4.255915702101332,5.009428368224167,-14.692848568356863,-12.722064808324271,10.242472371698188,13.579036870586064,5.788690120609216,-7.699611016414772,-18.649257110456062,-13.709890627603073,-5.2754238384905445,3.073516544804194,-11.795202698548689,11.915252049800092,-0.878289502045246,1.4200513393548,0.23461768611861272,11.824046505487575,-6.104954168779517,-10.490034723114716,4.088160331385436,11.820502170905538,0.5532371568462966,5.663726159209368,0.030163247982711073,3.5262910166743695,-7.5390291440179285,5.552630285126777,5.305142593889195
-0.16239650981558992,0.11938354318117136,0.29582992708387623,0.04388719139437463,0.1112712332592294,-0.19244285809558637,-0.09425158094554816,0.053571671534370376,-0.04877786052322811,0.5918757706751715,-0.4001010475934803,0.07211785718216743,0.32310053301703634,-0.18607267875662878,0.31917191195466654,0.005764341771130981,0.02071595812217963,-0.04423923334871045,0.3067039354775611,0.1861966259852495,-0.16167790234757826,0.11839745917570504,-0.4075992895420483,0.2868974603488263,-0.37843613312130114,0.22072005429964245,0.05378514541364032,0.17850513850329414,0.13000877311803902,-0.30296133669310316,-0.42800604249089436,0.27843999603558156,0.1415392048008241,0.38371667809130605,-0.16692556980709136,-0.42027188178082353,-0.13079521107832975,-0.07325811877591565,0.11301056483643976,-0.3103984492181971,0.26254562768596257,-0.13138957446985397,-0.029874354871156594,-0.06122088138274998,0.24898535899676627,0.001328429848311916,-0.18093471717227963,0.14899369220188077,0.18859264491785802,-0.05466743626453077,0.16173874550272432,0.12362438388630818,0.0965192450030707,-0.27138710054192716,0.24926809063939678,0.14671398298295368
-4.519088612255785,1.7970889388784739,10.396355688614856,1.5751079933623786,1.4905810165503508,-9.202180787781561,-6.451539897551113,0.9860932906552141,-0.1907467447306077,16.12363016720942,-9.39333091903917,-0.7947437277592163,8.110621978295374,-2.5406659005416294,11.14170412596441,0.4462674058825842,-4.813342188210828,-3.088400705839654,6.645116133433195,3.714754878439863,-5.914206380848696,2.6057538634075104,-11.890362957193279,4.905639048261979,-11.614852627560062,4.255915702101332,0.17850513850329414,3.439632524802783,4.182136742366886,-10.088305200625339,-9.395253489881537,6.617176729571472,8.973563671990767,3.970307899052447,-5.982888414629557,-12.3206778841438,-8.593216852867906,-3.2477893766524617,2.624984459839314,-7.600967944713238,7.3187917041476185,-1.759173910751813,0.5157869348106356,1.0038865282924947,8.989032870962562,-3.9434311363722085,-8.224840250338149,3.170049699619214,8.363448685942469,0.7043780314709923,3.3090927733691666,0.5905021668999976,2.297366973223707,-5.222703994185987,4.432674312925246,3.6356994003456595
-5.640879916301574,2.0816882308905242,13.022117071651785,1.987092419204911,1.7406882249668818,-11.473304961357208,-8.213136243723365,1.1815359666983383,-0.11853639997237334,19.85370771619306,-11.507817735555657,-1.2314680710120216,9.99394019200518,-3.0643495063810846,13.844337572189104,0.5379226481039635,-6.251716849451561,-3.8612182281051104,8.015229240359796,4.560751897829093,-7.37508808963706,3.187874286064303,-14.779552269896401,5.726972337812055,-14.463149152298582,5.009428368224167,0.13000877311803902,4.182136742366886,5.268811426894795,-12.513467279501725,-11.448607301244126,8.00172366207678,11.338498045218294,4.407140732214847,-7.530387826559489,-15.125562287711032,-10.80843932014603,-4.030649345988047,3.251529952263857,-9.20731884384001,8.89013390963852,-2.16851677151685,0.6728416871488442,1.5259309563726955,11.296362155346984,-5.095454178301658,-10.455020385045092,3.870914861156487,10.526253180026316,1.0612478786621247,3.9124350521259568,0.594448574865608,2.7808221900871084,-6.25987506613571,5.346296843848392,4.435489470118448
13.541291048081519,-5.839345124822265,-32.96624364865439,-4.834387102357379,-4.275393438925192,32.04315466113155,21.466965860205846,-3.050372948520163,0.8660273476407199,-51.56349375765615,29.105308148245985,2.310908097250848,-25.05659837437805,6.09844126577467,-36.75062515395363,-1.9115961592090904,17.186273150540003,11.244695207985927,-21.534032849132114,-10.510891566261781,19.397479992186494,-7.903292684778846,37.07374900083682,-16.557583719717385,36.479237227547024,-14.692848568356863,-0.30296133669310316,-10.088305200625339,-12.513467279501725,33.135375278529956,29.06924962182091,-22.011562272183635,-30.673469222802105,-11.73808407822071,18.58804824019854,41.00183305907332,30.181317319912054,11.393178035224489,-7.620227876674789,25.364067638539975,-25.221906160319076,3.519250331619346,-2.661466277112022,-2.3865642636238458,-28.220687654378764,13.94683313763641,25.688520274673472,-9.558598206613961,-27.379778765207092,-2.1640777556616375,-11.49764053580818,-0.4937073773364063,-7.609771641842912,16.512147194557006,-12.981184296494654,-11.76689472893873
12.40533059731967,-5.220238781712895,-29.352263646175118,-4.366468285180369,-4.061647142094654,27.324452690002808,18.61574593792146,-2.774708374767653,0.716815798600355,-45.888091526128655,26.331578375239513,2.03373113416586,-22.67393176772682,6.32877439504674,-32.16440822506869,-1.4986626934891714,14.367636184890516,9.391205446639386,-19.122938919133613,-9.948557989284174,17.009935670651,-7.2280914003385295,33.335294911419304,-14.5128749447892,32.67208799600927,-12.722064808324271,-0.42800604249089436,-9.395253489881537,-11.448607301244126,29.06924962182091,26.347313803348012,-19.294292539972094,-26.3091227177076,-11.09036972095674,16.69759579403669,35.823337726573826,25.58977569929127,9.691478100827913,-7.104935738705735,22.19194763039283,-21.724227424716247,4.035780647363294,-1.9155761523701145,-2.3380895117491884,-25.230813805627307,11.72231624897993,22.96722988157145,-8.771042431180819,-23.984135533193868,-1.8704129719594742,-9.91719042956055,-1.102527623736775,-6.682457295870511,14.858871015894819,-12.119515063496118,-10.431568487181176
-8.733642604217978,4.068150411799609,21.534014548156417,3.110636881380266,2.8846867104228076,-21.504767877266797,-14.020612309822763,2.0516997894239317,-0.7744180336425899,34.22163367226172,-19.24183947631019,-1.153442395704715,16.474843270540134,-3.8000993176505884,24.4058412810297,1.3642130584061336,-11.262081188310981,-7.609389666594705,14.564595717435664,6.768343459307426,-12.82802256761693,5.202407304811292,-24.260843366931617,11.556578563707951,-23.88259407620648,10.242472371698188,0.27843999603558156,6.617176729571472,8.00172366207678,-22.011562272183635,-19.294292539972094,14.946674966785231,20.291937549175355,8.284162406919325,-12.025475614634571,-27.537288823837475,-20.168208377389544,-7.684706485918333,4.9036452644744495,-17.213507313849878,17.203495052559518,-1.9852243276692731,1.8820925620926003,1.055891433120743,18.33445122466992,-9.151913584561719,-16.5044971220919,6.292359979797495,17.967237224498344,1.1592089610485454,8.001099191204043,0.27732658482081657,5.158756756825264,-11.158959433972141,8.569826443451316,7.888403680591525
-12.236060230875038,5.279913858644057,30.31583699659999,4.41522986759199,3.722010380532509,-30.16097828145937,-20.098063543440073,2.7456237276067124,-0.7736624900191598,47.274896082646194,-26.398961294236674,-2.247260618189508,22.74964289697713,-5.01877212185122,34.07700100662554,1.8694100014001525,-16.46304184086563,-10.707098074192288,19.69178639027403,9.272277443668266,-17.97844204404762,7.119234325517646,-33.84694397796701,15.172086749792484,-33.39308857306824,13.579036870586064,0.1415392048008241,8.973563671990767,11.338498045218294,-30.673469222802105,-26.3091227177076,20.291937549175355,28.849103631385884,10.154859734183178,-17.02254429766886,-37.9721808321886,-28.539438879781883,-10.729718921405913,6.800262934422942,-23.41472536433532,23.503770822384986,-2.6828682383979436,2.7302275288423012,2.1905382075406497,25.906874726881505,-13.31121495406548,-23.636647215758938,8.589417682215405,25.43633035704281,2.1055573770994203,10.657550764556596,-0.007260567016698749,7.009138320134884,-14.962218705465748,11.50895127312695,10.793698653884924
-4.900533269154583,2.4555273688626955,11.5303626989937,1.6778014215121368,1.8843125456408205,-10.928698074761474,-7.0237143623945615,1.215277155123841,-0.5734012053542247,18.848176801401785,-10.93907106685218,-0.2341545627084395,9.282615529322118,-2.7186886303507345,12.933504618580182,0.6506426094524231,-5.162307980918935,-3.741261104087395,8.254146300554511,4.096149132858698,-6.77540171383935,3.010961153869972,-13.34993707067999,6.71577974909271,-13.028106052744175,5.788690120609216,0.38371667809130605,3.970307899052447,4.407140732214847,-11.73808407822071,-11.09036972095674,8.284162406919325,10.154859734183178,5.67820075602502,-6.463617469736964,-14.846903467497418,-10.01675539588531,-3.922252326522304,2.8604343462618633,-9.491310767744338,9.239758229627896,-1.6185648082257384,0.7137410243162093,0.26245529687931174,9.816740243058582,-4.269588741187506,-8.650138387577199,3.670226872327568,9.322646409643914,0.30862842507117233,4.4712127583679715,0.7441532621341886,2.862422555071155,-6.504355923721156,5.223283018550615,4.384503204267388
8.083639916680474,-3.135247548483217,-19.03917166803368,-2.8654447360694633,-2.4929548591392776,17.414043506973027,12.179004745545756,-1.730293288676218,0.2733770645002885,-29.245568209761736,16.771027396905193,1.6698986830217581,-14.528152632272658,4.098898903571301,-20.589293245363102,-0.9016168130053412,9.476501895900496,5.9623202330054745,-11.93038084883545,-6.4267423367390455,10.934166510229018,-4.610505998424401,21.513397709101838,-8.741158631399026,21.100876360029332,-7.699611016414772,-0.16692556980709136,-5.982888414629557,-7.530387826559489,18.58804824019854,16.69759579403669,-12.025475614634571,-17.02254429766886,-6.463617469736964,10.913724463828549,22.644228871612004,16.421564438812595,6.1436567414848815,-4.6147652431484625,13.848223113932987,-13.534368353205743,2.737225382490761,-1.1962479884586001,-1.9614369047705753,-16.441339268146677,7.705882481408115,15.14577769280592,-5.588717348681373,-15.55801587330859,-1.471893761478012,-6.0218126498147315,-0.6229940876012766,-4.171090855482995,9.24365574459613,-7.6583208383164605,-6.579389592351119
16.433842580073275,-7.383769186358772,-40.39024667970173,-5.870061269957489,-5.282619503737343,39.973932920461685,26.377463207393482,-3.7823609161510388,1.2609013723658256,-63.673889375775545,35.80531667637886,2.5085999737186144,-30.740947926108458,7.162965044824093,-45.48062206741818,-2.4798241483610264,21.235617794795647,14.11633440065481,-26.84819647785776,-12.696249010054114,23.95086497878168,-9.689751383877363,45.411901048867286,-21.001561596279767,44.713702146027416,-18.649257110456062,-0.42027188178082353,-12.3206778841438,-15.125562287711032,41.00183305907332,35.823337726573826,-27.537288823837475,-37.9721808321886,-14.846903467497418,22.644228871612004,51.033959445495675,37.594480088173825,14.25209186437486,-9.218390275024959,31.728969389364455,-31.684119207011545,3.883112762380046,-3.4635126714344167,-2.429473656461108,-34.46833623705282,17.23465871844266,31.206060294434966,-11.714981627883088,-33.68288756230034,-2.4270208163654114,-14.586832423728517,-0.45976696573104797,-9.510366879967457,20.548104706368143,-15.899540646133177,-14.609187463623899
11.70261735114532,-5.27646666048388,-29.461793562062205,-4.240786174482763,-3.583531663081333,30.07688910601243,19.704352264322313,-2.683363902639906,0.8963121252597529,-46.27551865832682,25.648059078159054,1.9781303677812256,-22.046394168685683,4.453552991730199,-33.551822241040185,-1.9571498943629737,16.346690958608853,10.780838941469769,-19.45425561985239,-8.746675281837714,17.65761374819797,-6.875963853996775,32.80610388038242,-15.270303207585426,32.41779177844868,-13.709890627603073,-0.13079521107832975,-8.593216852867906,-10.80843932014603,30.181317319912054,25.58977569929127,-20.168208377389544,-28.539438879781883,-10.01675539588531,16.421564438812595,37.594480088173825,28.455471687577834,10.731174437996655,-6.45255927627587,23.279740721497284,-23.535075564390407,2.104006334852582,-2.89803736437712,-1.7519685027511251,-25.08085802222348,13.203843774154386,22.77194210143536,-8.28584956436868,-24.906730476749104,-1.9129299131717015,-10.76399513268206,0.26542243445106245,-6.95716894909588,14.710301784273314,-11.043257469182658,-10.62698299272987
