V1,V2,V3,V4,V5,V6,V7,V8,V9,V10,V11,V12,V13,V14,V15,V16,V17,V18,V19,V20,V21,V22,V23,V24,V25,V26,V27,V28,V29,V30,V31,V32,V33,V34,V35,V36,V37,V38,V39,V40,V41,V42,V43,V44,V45,V46,V47,V48,V49,V50,V51,V52,V53,V54,V55,V56
0.9393814640525179,0.7280536643533772,-0.6589656137556181,-0.3107939082030178,0.2831512016579394,-1.8238368485973433,2.3432043546549326,0.8405192207764683,0.634859630527226,-0.7650404197054564,0.46615074760134745,1.0098163470585102,-1.0454593042497644,-0.6710634194704765,-1.786025692884357,-0.07494263278123164,-0.7175313472196542,-1.1285153722671608,-0.07635206678096502,0.17881759504387973,0.3677470351554,2.7487925362034438,1.3422809688785733,-0.12217541523087312,2.283196823520745,-1.0333684433010943,0.14621187438487207,-0.6181566191183404,1.4522924176699223,1.2768848813582192,-0.4297107560717954,-1.7400875856605835,-0.5619156873548775,1.3481583009790272,-1.6239250562539425,0.9190171276323099,2.1533397457373367,0.6560097117976025,0.5057256021998399,0.8804382364215957,-0.9116537805643407,1.7405596156824896,-0.32114762285938875,-0.0227368067483492,-1.6007010347221577,-0.14543520668822255,1.206847323589088,-0.6359343043530613,0.18491402394361922,0.030852317761288717,0.48236683023911747,0.5710570403535686,0.09627527694236568,0.7220054393636623,-0.39781354425599613,-1.8015198526320235
0.7280536643533772,1.1890869279109089,0.3608848467463386,-0.2296353272225735,0.5440328503034876,-3.5894380454431807,2.30270655815992,1.2260430026213238,0.7971950608794625,0.937265150423475,-0.49296325257397006,1.261017743051036,-0.42850968201499773,-1.1300845557573318,-0.982564921716816,-0.02837964578545035,-1.5615554625246948,-1.9005901423997038,0.722510908114529,0.6405530361551507,-0.2379657523713603,3.9256470515657007,0.37543514889611196,0.4817702647259295,1.6414115381729986,-0.7968616840792838,0.21206914199861676,-0.4255591890148981,2.3826735889737387,0.4440697841806438,-1.6772537555189362,-1.4572161258409224,0.3854740108673715,2.2599773334363187,-2.8332961118518014,-0.33056057386033527,1.7304020113797203,0.4424418232568513,0.9569302746854449,0.19812321049104506,-0.25083376006787717,2.1507746070391023,-0.33098622003351463,0.043545145915794274,-1.0588686081633605,-0.6936839843790803,0.6419262105351332,-0.47223303705017655,1.2571878278425495,0.10881845882490694,1.0766322782420217,0.7883557300338011,0.416155892839563,0.31535716528865093,-0.020206221261988472,-1.9286184668901676
-0.6589656137556181,0.3608848467463386,1.7417530104640964,0.23933035738625036,0.2433390780222826,-1.8892880460429953,-0.9931893219796113,0.2287428016353448,0.015084974526437882,2.714044658064662,-1.522263914153185,-0.06634241715035517,1.2638398914304227,-0.37328402052923043,1.8477718690626237,0.09651548932780521,-1.016205522044523,-0.7038587838095595,1.137806284178359,0.576886096903688,-1.0239603925456646,0.6444555821242534,-1.8990328516787358,0.853396853181386,-1.7937548161208619,0.6876098167810477,0.01926481394396728,0.4868466235145741,0.8005544656185519,-1.6906630290916431,-1.5867070586866423,1.0322039956905091,1.6360015984074732,0.6939269186396964,-1.1460344275320533,-2.1312702313306624,-1.4765343073570723,-0.5649044724450899,0.45160734509117173,-1.2817456075385854,1.2755780675508523,-0.04611795696478489,0.12246286275208594,0.15254623300434947,1.4106577032510526,-0.7870223140161894,-1.3152992135643706,0.4593508475708342,1.511137813706876,0.13703263829318268,0.644005823698147,0.05805169628334599,0.41330126717214516,-0.8143253552155212,0.6544123414988738,0.48453136556871784
-0.3107939082030178,-0.2296353272225735,0.23933035738625036,0.10353011984605953,-0.0887956373313915,0.55242617623537,-0.7689868442477954,-0.26625109268799246,-0.20146966176648726,0.28442938654053035,-0.1699131467518267,-0.3277291817886605,0.35257082473088436,0.2116555846829034,0.6011893123835779,0.02555102645551487,0.2089272690401256,0.34920013060517047,0.03877063570359298,-0.049946694027003524,-0.13431319909616293,-0.8710563336850078,-0.4587009797599234,0.04755360873357867,-0.758867155902337,0.3381482314049066,-0.04800718003357233,0.20357025496253936,-0.4520358040981908,-0.43527177700438613,0.1168273287359872,0.5704606944445118,0.20924073671028398,-0.42907843192593403,0.5010879919363792,-0.32563669114866967,-0.7158956488921622,-0.21935232037791833,-0.15553811301118392,-0.2989902999717245,0.30984287169517316,-0.556428158516093,0.10580956200597204,0.013175265279861957,0.5358883085550668,0.0306938223656542,-0.4098288869609163,0.209384902009917,-0.03342011287551179,-0.005113091455787421,-0.14676287999879065,-0.18481604151046277,-0.02531654241913184,-0.24035291057365782,0.1344370681631203,0.5831958248662518
0.2831512016579394,0.5440328503034876,0.2433390780222826,-0.0887956373313915,0.25582863631436975,-1.6573947531884838,0.9641534499528751,0.5490813632228699,0.3441248910005613,0.556869160298626,-0.30260689467349966,0.5571619096008555,-0.1165211507254156,-0.5205421005143002,-0.3358650600303524,-0.007646753631471382,-0.7187420268722723,-0.8621954326759368,0.383960517869831,0.3144249242432901,-0.15456998750096354,1.7498348532264447,0.06434582443581323,0.26856274474709363,0.6240822634978073,-0.30243375933746347,0.09807696944719817,-0.15489424352349138,1.0798999801943736,0.10746454446862368,-0.825647667553075,-0.5750002606569727,0.24053309203900788,1.047006783330191,-1.2927356155806011,-0.2589675127967768,0.6902399789902219,0.16577389996930955,0.44295137519725675,0.01219451107448185,-0.03846958329879138,0.9315655426094859,-0.14154534673661454,0.016414733481754318,-0.39397509459581787,-0.3322572827295033,0.22139927608814397,-0.17837061064514623,0.6196048855840217,0.04666500448264953,0.5100124081299727,0.35590215561401783,0.20564808873759013,0.08534379721074302,0.034265476870077444,-0.8136160262094724
-1.8238368485973433,-3.5894380454431807,-1.8892880460429953,0.55242617623537,-1.6573947531884838,11.398577551136274,-6.184490785687389,-3.668129593476402,-2.3679744809409464,-3.9334529952210686,2.0774421484944794,-3.5735358703148967,0.7046248760730893,3.412330838271432,1.9958872480214884,0.036700951256154114,5.139975122176487,5.898912806984375,-2.561149080813074,-2.0994116693908973,1.1838982111441512,-11.731863723700943,-0.22786041790260048,-1.6941677422900383,-3.9585294157911726,2.0818299410952106,-0.5943843589729764,1.058813310383185,-7.334982552161285,-0.5077805768494555,5.542731849956007,3.833702722005445,-1.9709205493946653,-6.732931513327543,8.822080215941506,1.9146529022223315,-4.285796517163855,-1.0169816172890973,-2.9874337473199444,-0.04646293625993413,0.18170459508183404,-6.289967644452899,0.8846740872545987,-0.2761665061339752,2.4030574933040887,2.4705369048480907,-1.1967668254848502,1.1954268670499058,-4.420609809128894,-0.4398279583733766,-3.388439576025851,-2.262884419752693,-1.3856416165727528,-0.6199759690188315,-0.1751597602358011,5.428171994296509
2.3432043546549326,2.30270655815992,-0.9931893219796113,-0.7689868442477954,0.9641534499528751,-6.184490785687389,6.238629810443171,2.5373709136142764,1.8070599176050721,-0.7369746100488608,0.4993359223453269,2.9025285562957577,-2.3100974556029854,-2.153978716097876,-4.160183114768219,-0.1654489632632939,-2.521110806214835,-3.585443138138977,0.41986929840309317,0.8371299720018108,0.5268092747271226,8.22711861516908,2.84412423828235,0.15817785253255512,5.602823188844473,-2.558330236805293,0.4487146948236113,-1.490881281615164,4.574812274701694,2.777215841975475,-2.1133777772281923,-4.41178354361794,-0.8066053120696707,4.333914267088931,-5.240106077570908,1.4972405693895683,5.445955335990975,1.592027117058802,1.6944510772028454,1.8165399329057759,-1.9223533343408459,4.940989405570243,-0.8712081780583545,-0.030136168009356108,-3.867077828334133,-0.7800815739636624,2.8079464037420037,-1.5636798409250836,1.2902485674702202,0.12600218127557924,1.748624935825164,1.7054074422791423,0.503795388720262,1.5975487488022824,-0.756125928116084,-4.894221921506038
0.8405192207764683,1.2260430026213238,0.2287428016353448,-0.26625109268799246,0.5490813632228699,-3.668129593476402,2.5373709136142764,1.2851791625539795,0.8582711875970312,0.7335457683645353,-0.36936874703655537,1.3367363174816533,-0.5850849413419945,-1.160216564913389,-1.220380133966906,-0.03924912686528569,-1.597667756421081,-1.9702737560446975,0.6485073456831966,0.6225225968076509,-0.16135247530841335,4.129468336216947,0.5818126926157394,0.4104411991166827,1.9220370023066815,-0.9332079677569296,0.21743837720874404,-0.5096132323786045,2.47367553697798,0.6324749593574039,-1.6242438178181942,-1.6676439824521019,0.27728587888101236,2.3091308821729384,-2.925335034447808,-0.1442117875970102,1.9708340420309043,0.5233975959887666,0.9772365292431578,0.3463012125019795,-0.39753421362476576,2.309634812290304,-0.36007875923520405,0.05003489550274251,-1.2562619145366374,-0.6851172141833335,0.7941979443279439,-0.5542725874953115,1.2128763571309964,0.11658274260369052,1.0781099598546033,0.8230378339791524,0.401271004615701,0.4305594448052476,-0.0980275775029648,-2.1119011098398897
0.634859630527226,0.7971950608794625,0.015084974526437882,-0.20146966176648726,0.3441248910005613,-2.3679744809409464,1.8070599176050721,0.8582711875970312,0.5978065339392833,0.25283760782964265,-0.10397328414157136,0.9021673714335815,-0.5215643963970544,-0.74880880082824,-0.9935024178484022,-0.03508485590923226,-1.040014794807849,-1.2988926634176794,0.32605149381034665,0.36778053733374366,-0.02643263292504558,2.7734518461590683,0.5663360824177781,0.17771903855618623,1.474033218573631,-0.721576693931469,0.13835142151063756,-0.4034565453419027,1.632729384620892,0.5791575117071545,-0.9542227200051523,-1.2511016080281878,0.07311665503799493,1.4743314054407621,-1.9162850693778068,0.09607819400549736,1.4592522737483538,0.40504588894795146,0.6282956892218781,0.3662701055543217,-0.3952065867974787,1.5986768723772276,-0.2513393298617078,0.04354588754263404,-0.9746602660944257,-0.42484074585005416,0.6396894219578108,-0.4284204328321481,0.7166136495650193,0.08477267314240954,0.6697084674856755,0.5425238971461297,0.2340340241022156,0.38743376371205407,-0.14266683471510744,-1.4987510670645483
-0.7650404197054564,0.937265150423475,2.714044658064662,0.28442938654053035,0.556869160298626,-3.9334529952210686,-0.7369746100488608,0.7335457683645353,0.25283760782964265,4.400284580831779,-2.4743306396428104,0.3322778514141874,1.7853346137426107,-0.9414152429723474,2.4632388904639995,0.13582647702439132,-1.9565535348119956,-1.6367952247122515,1.9732264554595522,1.0843718664448803,-1.6052395308114624,2.202154448664592,-2.7419042793560227,1.4882627000883484,-2.1832301783338877,0.8245597760399866,0.11205020292904286,0.6202093616567396,1.9385442421163055,-2.4001371215684104,-2.9505756434764523,1.128456242958109,2.5341677409747074,1.8406074295682504,-2.5919525480045134,-3.3257560392174303,-1.6404380396464298,-0.705368812246669,0.9833295515126217,-1.8970611155790633,1.8608837264596745,0.5840633084320936,0.06906013637626439,0.20163800652721942,1.7721102718561361,-1.3573973350450272,-1.74121203557976,0.5582450009613924,2.6357538349401133,0.20932945780448406,1.3303764888594738,0.3650096040916006,0.7612700026670683,-1.1649569181505302,1.0117096598249018,0.14017086788114755
0.46615074760134745,-0.49296325257397006,-1.522263914153185,-0.1699131467518267,-0.30260689467349966,2.0774421484944794,0.4993359223453269,-0.36936874703655537,-0.10397328414157136,-2.4743306396428104,1.3994791837999685,-0.15151688774131655,-1.0406818461777418,0.5003097836744171,-1.4377522490354535,-0.07801445407772942,1.0251851008398272,0.8463187294092013,-1.1064196541923002,-0.5975159598860672,0.8996592220292429,-1.0939080542142057,1.5768589725582727,-0.8469949343830894,1.3091497604048883,-0.5162671011076592,-0.06154923229410577,-0.37874437832523666,-1.00142938392755,1.3817109077595728,1.625249062116621,-0.7133576951550853,-1.4069544462269388,-0.9891331782970185,1.3517816996652128,1.8839954895519913,0.9879382523678811,0.4166682337089905,-0.5223632244735937,1.0986658670229323,-1.07590523241053,-0.2356786880743717,-0.04793868922860849,-0.09758447828470433,-1.0448017916703753,0.7266176297336567,1.0033716564061144,-0.3429555898621312,-1.4360368414766251,-0.10294848420540145,-0.7217299676417079,-0.18785136125115443,-0.41947966318005,0.690504025793857,-0.5898056465194603,-0.16431987087912223
1.0098163470585102,1.261017743051036,-0.06634241715035517,-0.3277291817886605,0.5571619096008555,-3.5735358703148967,2.9025285562957577,1.3367363174816533,0.9021673714335815,0.3322778514141874,-0.15151688774131655,1.461854462281602,-0.8306868980573383,-1.1909487468569584,-1.6259115158672828,-0.05876559376384354,-1.4946129366710368,-1.9730590482698878,0.5189755796374229,0.5755998999751316,0.00933615905634973,4.301927856983225,0.945740026018583,0.3247179030224902,2.3614501541193276,-1.0904257224593417,0.23910664392545256,-0.6149745416802072,2.4973085247696463,0.9682143445999811,-1.4858869177101761,-1.9387000368339407,-0.013733066538170077,2.4015672709874174,-2.9159005826421827,0.20189944458223752,2.3820863587010437,0.6595698877476777,0.9688496752559616,0.5709301393218966,-0.6309244241557425,2.4625196783260286,-0.41262125115066495,0.0018470969745015573,-1.5951522905303812,-0.5699222121914448,1.096318420655823,-0.6616045589189591,1.0169823937093603,0.08210554487017338,1.0558993779677885,0.8879066380125042,0.3632747884590776,0.5759770654742091,-0.19650143749434162,-2.329465842597513
-1.0454593042497644,-0.42850968201499773,1.2638398914304227,0.35257082473088436,-0.1165211507254156,0.7046248760730893,-2.3100974556029854,-0.5850849413419945,-0.5215643963970544,1.7853346137426107,-1.0406818461777418,-0.8306868980573383,1.3969773572827051,0.3744235920993327,2.232661957081741,0.10161060870558986,0.18812964999264914,0.6312125023676406,0.5631038005874381,0.10733606771429303,-0.7277791524784649,-1.965268501413377,-1.8992257432652844,0.48996600084065567,-2.6192616999268217,1.1546915981295462,-0.10186884605122512,0.721419523229863,-0.8509775792810872,-1.7538131555221106,-0.3425485533792953,1.8722741578345743,1.124189290764775,-0.7561735369247463,0.848678312208229,-1.6596617123352215,-2.3582140020174065,-0.7703666158776151,-0.21851088605359087,-1.276778484791367,1.293849856109552,-1.4490588819694141,0.30713930171645926,0.060543409948714315,1.8915194000923714,-0.1905907338163967,-1.5203817268958049,0.7209643273210922,0.47187859510932606,0.016012990820715414,-0.10723425899885705,-0.423800668398422,0.10149209778771222,-0.9541910592790117,0.6196450185150124,1.6814240509979554
-0.6710634194704765,-1.1300845557573318,-0.37328402052923043,0.2116555846829034,-0.5205421005143002,3.412330838271432,-2.153978716097876,-1.160216564913389,-0.74880880082824,-0.9414152429723474,0.5003097836744171,-1.1909487468569584,0.3744235920993327,1.0774165422484143,0.8898537705829941,0.025301649674651115,1.4816487820589457,1.8007724127435583,-0.708115469455811,-0.6185548760890262,0.2433225844241094,-3.711295207250115,-0.313425061006314,-0.477378154535658,-1.5086920997018298,0.7322884492875527,-0.2025858063026101,0.3871499280194238,-2.2597202461034716,-0.3850520155719896,1.6181658076222585,1.3479505619100403,-0.38827518336673944,-2.1553533498783706,2.6898935722951727,0.35545219061248945,-1.60733267109438,-0.40691726331432265,-0.9118302696984271,-0.15735550094037917,0.20925498988169203,-2.019935560120845,0.3117507192000287,-0.03950610679215631,0.9702890946044638,0.6623286902508584,-0.5818324270800876,0.43279149929802074,-1.2102225632475123,-0.10131441107265154,-1.0294663114267748,-0.7491192589780598,-0.40134816986659455,-0.2750632786039008,2.893988537978722e-5,1.8046295533091494
-1.786025692884357,-0.982564921716816,1.8477718690626237,0.6011893123835779,-0.3358650600303524,1.9958872480214884,-4.160183114768219,-1.220380133966906,-0.9935024178484022,2.4632388904639995,-1.4377522490354535,-1.6259115158672828,2.232661957081741,0.8898537705829941,3.675881887875663,0.1635988315304559,0.6545200471040398,1.451089897357008,0.6458335233130351,-0.01747208283190582,-1.0559798884003802,-4.038222217232778,-2.9962762993062864,0.5858087472160681,-4.432378211343709,1.947546340395826,-0.22317101299382416,1.1982368445947535,-1.9201889346667034,-2.7992809108360386,-0.05379687618855699,3.222332147906218,1.6503955954687943,-1.8122145330437758,2.0298955790037323,-2.4385465436964315,-4.087259627313041,-1.2983370267982444,-0.5897020061181903,-1.9822418945576261,2.030278582931086,-2.7630793116253733,0.5654115664726077,0.10830216882295851,3.17950810659876,-0.13998527192019328,-2.51509261260165,1.21435544665205,0.41161860667573485,0.01680422369388905,-0.4629047509260779,-0.8777322912179211,0.039412098458803335,-1.5135735186736037,0.9271310365561642,3.0656175169193354
-0.07494263278123164,-0.02837964578545035,0.09651548932780521,0.02555102645551487,-0.007646753631471382,0.036700951256154114,-0.1654489632632939,-0.03924912686528569,-0.03508485590923226,0.13582647702439132,-0.07801445407772942,-0.05876559376384354,0.10161060870558986,0.025301649674651115,0.1635988315304559,0.007625830901264892,0.004875565447314012,0.03871202415470122,0.043323298084566454,0.00940503918567883,-0.05580195393758875,-0.13192563234839075,-0.13998381137092614,0.036284879245475965,-0.1891303727230492,0.08167787858975387,-0.007599992053502915,0.05105426684823801,-0.05409221968757187,-0.1296455506021713,-0.030051277074390342,0.13299801454567498,0.08803786337861902,-0.051977093326638385,0.05177920597059877,-0.12488461640044102,-0.17185502536290648,-0.05634177506709669,-0.013035985565161926,-0.09347085164007032,0.09520334516630896,-0.09849024828250115,0.022436780070390575,0.006305902152330781,0.13783247848831628,-0.019179841261072705,-0.1124966506858057,0.051193689936031087,0.04160029211287449,0.0029573265070570575,-0.0047165655404765765,-0.03034591213488896,0.008835209453916044,-0.06826569547597129,0.044384036195768105,0.1174973282159371
-0.7175313472196542,-1.5615554625246948,-1.016205522044523,0.2089272690401256,-0.7187420268722723,5.139975122176487,-2.521110806214835,-1.597667756421081,-1.040014794807849,-1.9565535348119956,1.0251851008398272,-1.4946129366710368,0.18812964999264914,1.4816487820589457,0.6545200471040398,0.004875565447314012,2.381281532727846,2.63132713857048,-1.18803777076363,-0.9482654005969464,0.6276996211667117,-5.114640112808924,0.09962325050655287,-0.7670157663554257,-1.5134378196440237,0.8620678842649054,-0.24131135649473007,0.42556947224424946,-3.2533473891180473,-0.03525463392751186,2.515293913156186,1.5722415470230642,-1.0694400028734736,-2.8832533646671847,3.9374814155408657,1.0344793495845883,-1.648937211574776,-0.37168981462111206,-1.3290702925979996,0.08555210906756767,-0.037325990225657274,-2.723531379670258,0.3559793729799268,-0.17556377307422205,0.8673052753350912,1.1905760869136652,-0.3403820125268901,0.4812071058471738,-2.093799543629514,-0.23427046357587247,-1.503018780067174,-0.9490765737594096,-0.6312073776314079,-0.21904499835119548,-0.11084161883215499,2.300296427143301
-1.1285153722671608,-1.9005901423997038,-0.7038587838095595,0.34920013060517047,-0.8621954326759368,5.898912806984375,-3.585443138138977,-1.9702737560446975,-1.2988926634176794,-1.6367952247122515,0.8463187294092013,-1.9730590482698878,0.6312125023676406,1.8007724127435583,1.451089897357008,0.03871202415470122,2.63132713857048,3.105463150254162,-1.185541870871079,-1.0411348535856344,0.453855664874261,-6.319248597334386,-0.49054034086306714,-0.7628971872023925,-2.519022605892606,1.2782084949768844,-0.3216971233518534,0.6764604345813642,-3.8753430910585074,-0.6038512660495234,2.736602152781497,2.3061559561791296,-0.770733432263957,-3.5587976820045917,4.6261043142439675,0.6405437748022447,-2.635501532451818,-0.6668814951644746,-1.5536673773760372,-0.2740630920261812,0.34652789006339163,-3.464643356643783,0.5087519899862458,-0.12499603494532004,1.5899509782304662,1.2082134920588767,-0.9079497761515694,0.745837643019108,-2.1391895282472424,-0.2171703012758315,-1.7355436604464263,-1.2297736381932471,-0.68093283208967,-0.49958115404499437,0.031742316612927785,3.075435397766547
-0.07635206678096502,0.722510908114529,1.137806284178359,0.03877063570359298,0.383960517869831,-2.561149080813074,0.41986929840309317,0.6485073456831966,0.32605149381034665,1.9732264554595522,-1.1064196541923002,0.5189755796374229,0.5631038005874381,-0.708115469455811,0.6458335233130351,0.043323298084566454,-1.18803777076363,-1.185541870871079,0.9854820778248514,0.6126133827325546,-0.6809938642127832,2.0142754552966275,-0.938253004923446,0.736001460231164,-0.34545749331556297,0.09494334179644646,0.11320131835225603,0.11941236531751724,1.4468870582364568,-0.7841874035976449,-1.645294266202641,0.011054256248394087,1.0642159757677447,1.4159667614510636,-1.8280749906945382,-1.3779451529467264,-0.09527379384049058,-0.13549414711857152,0.6633160601916972,-0.6800253511702741,0.6460596135698126,0.8561572194190223,-0.07713194150622259,0.07235141564324142,0.3544615945480081,-0.7074871895540592,-0.4592201232415425,0.07924564873658475,1.3699306338538162,0.0993229041681583,0.8404486757564394,0.387797994361179,0.4192743444939097,-0.36823760872292904,0.39537634042706954,-0.514803573873038
0.17881759504387973,0.6405530361551507,0.576886096903688,-0.049946694027003524,0.3144249242432901,-2.0994116693908973,0.8371299720018108,0.6225225968076509,0.36778053733374366,1.0843718664448803,-0.5975159598860672,0.5755998999751316,0.10733606771429303,-0.6185548760890262,-0.01747208283190582,0.00940503918567883,-0.9482654005969464,-1.0411348535856344,0.6126133827325546,0.43792826660330386,-0.351012117504447,1.9690955149596698,-0.279402469282849,0.4375053915960414,0.3319553352305622,-0.19636591808320913,0.10664447192954657,-0.07544625759179216,1.2897045176027753,-0.1953225476957116,-1.1622946540678727,-0.42129241782178545,0.5550150126221115,1.230994956729631,-1.5782686654814155,-0.6624081704534214,0.45950098061179845,0.0721930775348119,0.5512959181617789,-0.21972986824946086,0.19098898579266693,0.9772481020449926,-0.12721289773817232,0.04738041892107059,-0.1578559555529584,-0.4968744073643355,-0.008103227262578241,-0.10516672379480224,0.9329823905925442,0.07582163515671139,0.6559217665810053,0.3862932618331861,0.2926399229221756,-0.05697765520677368,0.1548703465486681,-0.7728856929199072
0.3677470351554,-0.2379657523713603,-1.0239603925456646,-0.13431319909616293,-0.15456998750096354,1.1838982111441512,0.5268092747271226,-0.16135247530841335,-0.02643263292504558,-1.6052395308114624,0.8996592220292429,0.00933615905634973,-0.7277791524784649,0.2433225844241094,-1.0559798884003802,-0.05580195393758875,0.6276996211667117,0.453855664874261,-0.6809938642127832,-0.351012117504447,0.6028111184361581,-0.46499462321117446,1.099260793593909,-0.5101089326888351,1.0091253334201118,-0.38418535671092274,-0.01629257268788567,-0.27452873062062916,-0.5206634208848875,0.9765424216849766,0.9642744331484472,-0.5700441565868563,-0.9629571785515618,-0.45755721579935577,0.732389279897446,1.2517785497081202,0.8222825251084912,0.31976094975700614,-0.2850424891684479,0.7442521593120618,-0.739481303125484,-0.02210714139088552,-0.06402325570163912,-0.0889779228304591,-0.79853411202090685,0.47448726882298375,0.752005847503046,-0.2574103072361059,-0.9097964654173891,-0.08180480353238319,-0.4009106561948172,-0.051914886578604484,-0.2508381120995381,0.4686536149019925,-0.3816388680581205,-0.23927616532275572
2.7487925362034438,3.9256470515657007,0.6444555821242534,-0.8710563336850078,1.7498348532264447,-11.731863723700943,8.22711861516908,4.129468336216947,2.7734518461590683,2.202154448664592,-1.0939080542142057,4.301927856983225,-1.965268501413377,-3.711295207250115,-4.038222217232778,-0.13192563234839075,-5.114640112808924,-6.319248597334386,2.0142754552966275,1.9690955149596698,-0.46499462321117446,13.278608810988041,1.9857910930062148,1.2566786841269881,6.300385818640552,-3.0621184217493895,0.6944608127587906,-1.6783708250239335,7.935252142382191,2.1349278190276717,-5.134063885307438,-5.447630603595558,0.8166765556063293,7.37668137326023,-9.374504858393315,-0.3376912859968532,6.426825106144494,1.7181739588220764,3.1240790496664217,1.2005115116607497,-1.3618570390189646,7.457500295142936,-1.1642842976798617,0.16660591176659614,-4.125671568581913,-2.1791092470052047,2.6240931311073945,-1.81879011204765,3.835328333510161,0.3785390502795825,3.4315795366943327,2.640388512577541,1.2672563803120482,1.4481141306973035,-0.36490066189780057,-6.843266582050906
1.3422809688785733,0.37543514889611196,-1.8990328516787358,-0.4587009797599234,0.06434582443581323,-0.22786041790260048,2.84412423828235,0.5818126926157394,0.5663360824177781,-2.7419042793560227,1.5768589725582727,0.945740026018583,-1.8992257432652844,-0.313425061006314,-2.9962762993062864,-0.13998381137092614,0.09962325050655287,-0.49054034086306714,-0.938253004923446,-0.279402469282849,1.099260793593909,1.9857910930062148,2.6396811143712506,-0.7713124508407233,3.405414562904692,-1.4612855581107929,0.11133639093345707,-0.9301916651155966,0.7070539015442467,2.421441796008662,0.8224282178830388,-2.3541232469003233,-1.7222789493252455,0.6594468321852328,-0.6035802487751698,2.4384679393522593,3.0366138259163487,1.0138477760667732,0.11306382499792819,1.7685321895012078,-1.7884130969984784,1.6073473402197043,-0.3772476475025007,-0.12133963203028154,-2.4968734876346854,0.4474389014164583,2.0645823980107028,-0.9234175858230356,-0.9619835307651756,-0.06503077798073713,-0.059753682934149545,0.45942726866174094,-0.2280227763897248,1.2763906324102845,-0.8625316143735419,-1.9909183204555922
-0.12217541523087312,0.4817702647259295,0.853396853181386,0.04755360873357867,0.26856274474709363,-1.6941677422900383,0.15817785253255512,0.4104411991166827,0.17771903855618623,1.4882627000883484,-0.8469949343830894,0.3247179030224902,0.48996600084065567,-0.477378154535658,0.5858087472160681,0.036284879245475965,-0.7670157663554257,-0.7628971872023925,0.736001460231164,0.4375053915960414,-0.5101089326888351,1.2566786841269881,-0.7713124508407233,0.5710554380709568,-0.4090937819533457,0.16585446181295738,0.08120543480450154,0.14228592219388356,0.9307486886317254,-0.6521030899309885,-1.1764610494372199,0.15072296668638244,0.776699141262703,0.977436349441966,-1.1884010534209193,-1.066471364140896,-0.19768210579085194,-0.14048090748151068,0.44389193955546663,-0.570583383095926,0.5421867045482262,0.4810906244688519,-0.03958243965634856,0.02813160466476591,0.356822087310715,-0.47226879590581894,-0.39330333534515927,0.11106958910795314,0.9535593614710531,0.05039625310147324,0.5856333071567843,0.2571078186869907,0.3004990818615104,-0.33953610618209423,0.33280154138689927,-0.23364193489318955
2.283196823520745,1.6414115381729986,-1.7937548161208619,-0.758867155902337,0.6240822634978073,-3.9585294157911726,5.602823188844473,1.9220370023066815,1.474033218573631,-2.1832301783338877,1.3091497604048883,2.3614501541193276,-2.6192616999268217,-1.5086920997018298,-4.432378211343709,-0.1891303727230492,-1.5134378196440237,-2.519022605892606,-0.34545749331556297,0.3319553352305622,1.0091253334201118,6.300385818640552,3.405414562904692,-0.4090937819533457,5.579490566447542,-2.5054758801644796,0.3384660181784293,-1.509072081809527,3.259871043798926,3.2238580904059835,-0.7662605649775427,-4.201506103980923,-1.5553367414881056,3.0391770896026924,-3.607070988436019,2.456223123416542,5.234574392971495,1.6116122531993327,1.1101993043021727,2.238635214332986,-2.3114725616043335,4.054206351548901,-0.7668599425179813,-0.0773479048469284,-3.935416972383903,-0.21771899015151397,3.0056925587323833,-1.5469117764071239,0.20287690202295502,0.04969515349993966,1.0271381377288098,1.3227800972809536,0.1627575060267004,1.7990210156591744,-1.0204570876628987,-4.263276228451101
-1.0333684433010943,-0.7968616840792838,0.6876098167810477,0.3381482314049066,-0.30243375933746347,2.0818299410952106,-2.558330236805293,-0.9332079677569296,-0.721576693931469,0.8245597760399866,-0.5162671011076592,-1.0904257224593417,1.1546915981295462,0.7322884492875527,1.947546340395826,0.08167787858975387,0.8620678842649054,1.2782084949768844,0.09494334179644646,-0.19636591808320913,-0.38418535671092274,-3.0621184217493895,-1.4612855581107929,0.16585446181295738,-2.5054758801644796,1.1697911702238666,-0.14947353445323427,0.6950849521705378,-1.637050740958151,-1.3880356859331284,0.47327729273059205,1.9428228594731294,0.5602555007723358,-1.4378623382878757,1.8391577177426712,-1.000191541107662,-2.3386496075608774,-0.7155135686349224,-0.566439236051559,-0.9829293972011313,1.0099135160810149,-1.9474926588077066,0.3462587857725625,-0.011605710187278906,1.7396941530201602,0.20896720393294901,-1.2889885302429784,0.7107111200106926,-0.25516499000156867,-0.061657483990817136,-0.525979254214592,-0.6115312171396536,-0.10610542377199973,-0.8199034836949826,0.45742816988763596,2.005927824144143
0.14621187438487207,0.21206914199861676,0.01926481394396728,-0.04800718003357233,0.09807696944719817,-0.5943843589729764,0.4487146948236113,0.21743837720874404,0.13835142151063756,0.11205020292904286,-0.06154923229410577,0.23910664392545256,-0.10186884605122512,-0.2025858063026101,-0.22317101299382416,-0.007599992053502915,-0.24131135649473007,-0.3216971233518534,0.11320131835225603,0.10664447192954657,-0.01629257268788567,0.6944608127587906,0.11133639093345707,0.08120543480450154,0.3384660181784293,-0.14947353445323427,0.04234888321880771,-0.08238210274135072,0.4082866935362857,0.12101120171469833,-0.27607564524790734,-0.2787591942100363,0.018114905623789916,0.4157408873911453,-0.4794825463479187,-0.013785698765401578,0.3578460045875832,0.09485329922609775,0.16344512589913376,0.05766560328975774,-0.06996541800977828,0.3835126554145426,-0.06588798889096781,-0.0066965692918859315,-0.2290007351992284,-0.09478103774057091,0.15633031173301484,-0.091830890913976,0.18304335385960838,0.008155903362361371,0.18563927226006527,0.14946441160818294,0.06786064817303603,0.0655669747707456,-0.009735615439947219,-0.35539669814741737
-0.6181566191183404,-0.4255591890148981,0.4868466235145741,0.20357025496253936,-0.15489424352349138,1.058813310383185,-1.490881281615164,-0.5096132323786045,-0.4034565453419027,0.6202093616567396,-0.37874437832523666,-0.6149745416802072,0.721419523229863,0.3871499280194238,1.1982368445947535,0.05105426684823801,0.42556947224424946,0.6764604345813642,0.11941236531751724,-0.07544625759179216,-0.27452873062062916,-1.6783708250239335,-0.9301916651155966,0.14228592219388356,-1.509072081809527,0.6950849521705378,-0.08238210274135072,0.4186430697345582,-0.8703689814603406,-0.8757049350151237,0.17203304196065855,1.1485167779223455,0.4075982061234704,-0.7643614182931311,0.9637925752086507,-0.6835718222317689,-1.3945749713137507,-0.4331625395234344,-0.29062167574271386,-0.6249090539105612,0.6390913950689956,-1.0957449185743662,0.20042809223896788,0.0027391088725828242,1.0574025586811948,0.07246475842013798,-0.7992212627319597,0.4255388318541973,-0.055660690467807486,-0.026675106478689956,-0.2578242797207199,-0.33823293993839276,-0.035550684552120834,-0.5072436482922924,0.2954582498567431,1.1524205796686824
1.4522924176699223,2.3826735889737387,0.8005544656185519,-0.4520358040981908,1.0798999801943736,-7.334982552161285,4.574812274701694,2.47367553697798,1.632729384620892,1.9385442421163055,-1.00142938392755,2.4973085247696463,-0.8509775792810872,-2.2597202461034716,-1.9201889346667034,-0.05409221968757187,-3.2533473891180473,-3.8753430910585074,1.4468870582364568,1.2897045176027753,-0.5206634208848875,7.935252142382191,0.7070539015442467,0.9307486886317254,3.259871043798926,-1.637050740958151,0.4082866935362857,-0.8703689814603406,4.84494690500045,0.8435969860430881,-3.38264008967554,-2.9503801983612044,0.8812610538633943,4.471800971039595,-5.772820157870853,-0.707058869814366,3.4034557374098453,0.8699073981322127,1.9385466510186842,0.40150721826305213,-0.49561725735736495,4.362292781135271,-0.6506762565719408,0.14282411417018648,-2.074309822564716,-1.4747067533458371,1.2137397945503001,-0.958137959088175,2.617036950264389,0.26098394544821596,2.160633703172185,1.5552586724296749,0.8401016714121075,0.6603357222042042,-0.06285398140906712,-3.896422453901109
1.2768848813582192,0.4440697841806438,-1.6906630290916431,-0.43527177700438613,0.10746454446862368,-0.5077805768494555,2.777215841975475,0.6324749593574039,0.5791575117071545,-2.4001371215684104,1.3817109077595728,0.9682143445999811,-1.7538131555221106,-0.3850520155719896,-2.7992809108360386,-0.1296455506021713,-0.03525463392751186,-0.6038512660495234,-0.7841874035976449,-0.1953225476957116,0.9765424216849766,2.1349278190276717,2.421441796008662,-0.6521030899309885,3.2238580904059835,-1.3880356859331284,0.12101120171469833,-0.8757049350151237,0.8435969860430881,2.231941547785784,0.5962220834563368,-2.253714859772423,-1.5334804740025825,0.8010878829292817,-0.7873903585303336,2.1794594632243585,2.904404109215211,0.9574435334704984,0.18539068045655288,1.615965617644711,-1.6402436145329142,1.6356767782782171,-0.37204148053564084,-0.1100067291571625,-2.353263648843487,0.35170607029736417,1.9280148309468215,-0.8744935005319213,-0.7674796482577549,-0.052877568259797496,0.039935692662335855,0.4880272480077568,-0.17008698300583064,1.178454449202455,-0.7781458476121802,-1.966397412011825
-0.4297107560717954,-1.6772537555189362,-1.5867070586866423,0.1168273287359872,-0.825647667553075,5.542731849956007,-2.1133777772281923,-1.6242438178181942,-0.9542227200051523,-2.9505756434764523,1.625249062116621,-1.4858869177101761,-0.3425485533792953,1.6181658076222585,-0.05379687618855699,-0.030051277074390342,2.515293913156186,2.736602152781497,-1.645294266202641,-1.1622946540678727,0.9642744331484472,-5.134063885307438,0.8224282178830388,-1.1764610494372199,-0.7662605649775427,0.47327729273059205,-0.27607564524790734,0.17203304196065855,-3.38264008967554,0.5962220834563368,3.0911807952645836,1.037682713177673,-1.528723592333819,-3.2195194983003477,4.149083917174836,1.829176173553309,-1.1073258759406936,-0.15574629757235467,-1.4507004604881004,0.6363019143499651,-0.5629860840471594,-2.5326729405559067,0.3212677513895269,-0.13196954511238912,0.3343488077725913,1.3324571687902986,0.09140267332710243,0.24975485877964285,-2.4987757936678743,-0.20513904264256208,-1.7328480935302484,-1.0004135241639283,-0.7796543629814836,0.1881905929378478,-0.43240503280214104,1.9772659207745271
-1.7400875856605835,-1.4572161258409224,1.0322039956905091,0.5704606944445118,-0.5750002606569727,3.833702722005445,-4.41178354361794,-1.6676439824521019,-1.2511016080281878,1.128456242958109,-0.7133576951550853,-1.9387000368339407,1.8722741578345743,1.3479505619100403,3.222332147906218,0.13299801454567498,1.5722415470230642,2.3061559561791296,0.011054256248394087,-0.42129241782178545,-0.5700441565868563,-5.447630603595558,-2.3541232469003233,0.15072296668638244,-4.201506103980923,1.9428228594731294,-0.2787591942100363,1.1485167779223455,-2.9503801983612044,-2.253714859772423,1.037682713177673,3.268423914698943,0.8441808253963399,-2.6763122903684553,3.336718356980321,-1.5069171999831128,-3.9749998536201496,-1.198488491559503,-1.047158324957994,-1.5572494500332652,1.614009309339499,-3.3962218310052417,0.6038636578428085,-9.459453947348557e-4,2.9144530645050892,0.41574921530994696,-2.1495426814234966,1.1840212556613832,-0.5869618063032058,-0.09651133774741319,-1.0152503372463528,-1.1058047420952886,-0.23964389943499512,-1.3161622479892006,0.7023165378980711,3.454056924854989
-0.5619156873548775,0.3854740108673715,1.6360015984074732,0.20924073671028398,0.24053309203900788,-1.9709205493946653,-0.8066053120696707,0.27728587888101236,0.07311665503799493,2.5341677409747074,-1.4069544462269388,-0.013733066538170077,1.124189290764775,-0.38827518336673944,1.6503955954687943,0.08803786337861902,-1.0694400028734736,-0.770733432263957,1.0642159757677447,0.5550150126221115,-0.9629571785515618,0.8166765556063293,-1.7222789493252455,0.776699141262703,-1.5553367414881056,0.5602555007723358,0.018114905623789916,0.4075982061234704,0.8812610538633943,-1.5334804740025825,-1.528723592333819,0.8441808253963399,1.5625217818062869,0.7060547356894932,-1.2305734277085665,-1.9703397258545041,-1.2884106872261447,-0.49937191893962785,0.46679920657518165,-1.1474312190964824,1.1467942313257282,0.0981049307560886,0.10269645084962895,0.17065456362093964,1.248671628555229,-0.7959190825764566,-1.1974308860635339,0.384141845794202,1.4850414970775032,0.15364235807074583,0.6387230857791345,0.07594030186778998,0.3981513389147496,-0.7038568594043251,0.5761570431492085,0.3239622006863344
1.3481583009790272,2.2599773334363187,0.6939269186396964,-0.42907843192593403,1.047006783330191,-6.732931513327543,4.333914267088931,2.3091308821729384,1.4743314054407621,1.8406074295682504,-0.9891331782970185,2.4015672709874174,-0.7561735369247463,-2.1553533498783706,-1.8122145330437758,-0.051977093326638385,-2.8832533646671847,-3.5587976820045917,1.4159667614510636,1.230994956729631,-0.45755721579935577,7.37668137326023,0.6594468321852328,0.977436349441966,3.0391770896026924,-1.4378623382878757,0.4157408873911453,-0.7643614182931311,4.471800971039595,0.8010878829292817,-3.2195194983003477,-2.6763122903684553,0.7060547356894932,4.346104392598209,-5.315889815897138,-0.6813261420576823,3.2550549132795545,0.8241850943703661,1.8086464968023428,0.3119460366578158,-0.42240800611008433,4.008119228108276,-0.6307151749741965,0.041704555700818324,-1.973682175842852,-1.2701096017466016,1.2130868102075958,-0.8590050605992409,2.3558018124537208,0.17438046075861147,2.057226503173885,1.5126133099238825,0.7985394051246048,0.5326685430069765,0.01249811074969606,-3.5889837568820804
-1.6239250562539425,-2.8332961118518014,-1.1460344275320533,0.5010879919363792,-1.2927356155806011,8.822080215941506,-5.240106077570908,-2.925335034447808,-1.9162850693778068,-2.5919525480045134,1.3517816996652128,-2.9159005826421827,0.848678312208229,2.6898935722951727,2.0298955790037323,0.05177920597059877,3.9374814155408657,4.6261043142439675,-1.8280749906945382,-1.5782686654814155,0.732389279897446,-9.374504858393315,-0.6035802487751698,-1.1884010534209193,-3.607070988436019,1.8391577177426712,-0.4794825463479187,0.9637925752086507,-5.772820157870853,-0.7873903585303336,4.149083917174836,3.336718356980321,-1.2305734277085665,-5.315889815897138,6.901687033508952,1.0807010730179003,-3.809513030941512,-0.9516605015865963,-2.3246603324560606,-0.32027106496897867,0.4303695550379973,-5.1080891693397374,0.7468701444309457,-0.1881286572455506,2.2620856511130927,1.824793212109784,-1.2637875660563251,1.069403532301868,-3.248232182240312,-0.32420306781272584,-2.606731088325807,-1.8268382163370964,-1.0328819361082688,-0.6798714319686089,-0.0013892490974062167,4.5092668112840535
0.9190171276323099,-0.33056057386033527,-2.1312702313306624,-0.32563669114866967,-0.2589675127967768,1.9146529022223315,1.4972405693895683,-0.1442117875970102,0.09607819400549736,-3.3257560392174303,1.8839954895519913,0.20189944458223752,-1.6596617123352215,0.35545219061248945,-2.4385465436964315,-0.12488461640044102,1.0344793495845883,0.6405437748022447,-1.3779451529467264,-0.6624081704534214,1.2517785497081202,-0.3376912859968532,2.4384679393522593,-1.066471364140896,2.456223123416542,-1.000191541107662,-0.013785698765401578,-0.6835718222317689,-0.707058869814366,2.1794594632243585,1.829176173553309,-1.5069171999831128,-1.9703397258545041,-0.6813261420576823,1.0807010730179003,2.6595216926302365,2.0350771729531716,0.7602654603454386,-0.45587903008964265,1.667423062467422,-1.6569682938560504,0.33624121881262053,-0.1844291656005229,-0.14764741768369838,-1.8872355290565592,0.867076133291665,1.6997529779146148,-0.6493051951844377,-1.7215781589921664,-0.13057549487472891,-0.7035443756029093,-0.004972407861108287,-0.4786197313224712,1.0994060828955179,-0.8567395028364525,-0.8584481959088277
