V1,V2,V3,V4,V5,V6,V7,V8,V9,V10,V11,V12,V13,V14,V15,V16,V17,V18,V19,V20,V21,V22,V23,V24,V25,V26,V27,V28,V29,V30,V31,V32,V33,V34,V35,V36,V37,V38,V39,V40,V41,V42,V43,V44,V45,V46,V47,V48,V49,V50,V51,V52,V53,V54,V55,V56
1.1453826654668555,0.46845641001129035,0.6891819957601263,0.27682049335116204,-2.0598410692111337,-0.3571737839640264,0.45115361640388385,-0.31406171074426753,-1.910630121873813,-1.1463569347602482,0.23009134995080405,0.43972196789590134,1.9367119570211886,-0.9217246269098703,1.6746320343545962,0.767468869583704,0.744244720589457,2.3750960790281064,1.0328372273013284,0.22994416652069755,-2.03595326170382,-0.49753308713663813,0.4783382755918432,-0.1801037518639857,-0.10137524609791332,-0.6319707430286938,0.4362792265133571,1.4625403687083762,0.25892347099805624,1.9836549507199042,2.8934062157119866,0.0797098464383253,-1.1315856667522415,0.47595059967971987,1.3313331720409183,0.19825087091738527,0.6733296580172338,-0.20940932612181953,-0.5797818881713702,-0.44957212641073535,-1.0471123295223488,0.14797987017520509,-1.03494439266637,-0.6985389805333424,-0.34743697736090245,-1.1618646081147506,-0.5265211738698657,-0.5088937924306252,-0.8412278029375027,-1.446923138943986,0.3308866827607889,-0.4050795748112483,0.6185017730628697,2.673993758042366,-0.6395187527528763,0.09109909742173264
0.46845641001129035,0.8117286672971394,1.4914185021320494,1.970948598608581,0.8571731701144404,-0.7365209995595623,0.6272081664676625,-0.39436895890062035,-1.4853421923681367,-0.3760364931946981,-1.020514658703584,-0.005896278733930513,0.9250894403437436,1.1570595642794075,0.36947602277550434,1.0286612799017434,-0.13390089955408846,2.174376210242539,1.2877942545792764,0.6086438885177665,-1.1171807472101367,-0.772173017168478,0.027619877500012033,0.0914943217741131,0.162526132967996,0.810394346375533,-0.3125918764351532,0.005903739026385037,-0.44705721580791463,1.187481278317983,1.8455087744452265,0.9919903388055077,-1.2331629131081672,0.7144910697035755,0.9270990072033506,-0.6912653357416482,-0.6137332740829636,0.27328436813572704,0.4278242897506846,-1.198540906907775,-0.22485621176822654,0.05607020605644212,-2.3819923902468236,-0.50451147221856385,0.8421513649669563,0.9961818803213758,-0.3062954602737205,0.9582567694810409,-0.18450715385997551,-0.0864931572228895,0.28693670774229674,1.0790616471803225,0.06003001380952228,0.8496150388052289,-0.05935411143844301,-0.1287547179810673
0.6891819957601263,1.4914185021320494,2.773952384300106,3.790155101232214,2.075782237925443,-1.36661446350756,1.1349635054265332,-0.7077438230657989,-2.5226648147057276,-0.5087568781766604,-2.035710653724003,-0.09772679035963402,1.4247341286923583,2.4376130271005345,0.3923597716777858,1.8560135274557346,-0.40705253778361605,3.7756296456138956,2.309409349143158,1.1421718313626739,-1.7799275122574556,-1.4086393291426367,-0.03990866405988871,0.2137775924693448,0.33690555700169306,1.704529740206071,-0.6952836870629306,-0.27523353280088153,-0.9227373410484011,1.9273337981830125,3.032449209085684,1.9192948732208144,-2.183488519373459,1.3004187125032622,1.5473573797065214,-1.3872182791630887,-1.3291044913728662,0.5740704451056431,0.9482042498368719,-2.24966923143061,-0.23330455434658037,0.08036746075040509,-4.443291799483235,-0.8471930328716647,1.7107392496795193,2.170835842702516,-0.4941763849034692,1.9688677472492502,-0.19494883261237908,0.11495464024315091,0.494813434422314,2.1842305387320184,-0.004155008409904551,1.1329568592303512,0.00957544388244138,-0.2690181253492284
0.27682049335116204,1.970948598608581,3.790155101232214,5.6324615787913865,4.593765528543906,-1.8553240734737524,1.435303982510715,-0.8725937510804775,-2.5706857318723375,9.649528189825889e-4,-3.283667916243216,-0.45015537892096663,0.8665053505961139,4.372935684472763,-0.5402450205480489,2.326869369378766,-1.1331387846217096,4.178042248069367,2.842316374909178,1.59725449329378,-1.3444717296951174,-1.823963594657588,-0.38770149916809415,0.4512324621233853,0.5866046613825944,3.0493404138057376,-1.365637779648401,-1.420813250568322,-1.59394018698273,1.6064520573277674,2.683101051647164,2.8934739848670095,-2.5812923030002914,1.6724875370245205,1.4679093631416422,-2.265982965271471,-2.5009444076538596,1.0245770063073245,1.8519622015518706,-3.148581504192563,0.3562980830522826,0.02232773412979265,-6.118152014503703,-0.8245681249133263,2.864722395381874,4.127218733316514,-0.3996132443784682,3.371253979515193,0.27470006244425343,1.1639547678664584,0.5341038421761042,3.6312473742424713,-0.42848010930811486,-0.08480137070810963,0.4512316643792524,-0.47547122439329365
-2.0598410692111337,0.8571731701144404,2.075782237925443,4.593765528543906,8.3636485126624045,-0.9755455829136688,0.4018816329395386,-0.16450276833657343,1.506942319736085,2.3159779099366857,-3.4689709560095325,-1.3001509231437351,-3.1186670385312096,5.862386784183729,-3.8764032609778813,0.5788522218902374,-2.5396605405650265,-0.974101906762029,0.513743950879078,0.9973060455650453,2.8823715859558257,-0.6639513709298891,-1.32091740041064,0.7766210735472807,0.7415805386314077,4.065802689776522,-2.1305024565352677,-4.253812801880288,-1.9810776975929438,-2.536611330821422,-3.389647777918431,2.486034998358426,-0.07654790117673309,0.5690213883573338,-1.3454051441942323,-2.473277602971465,-3.647734484587705,1.3605870368651594,2.865540988552503,-1.971972515924753,2.4407144090631316,-0.2778771230396485,-3.507104040259,0.6567117771949741,3.3221042939526293,6.121924889324825,0.6974578216274415,4.1120846918848,1.950202961679321,3.987417902798437,-0.1792988414724017,4.14030565410636,-1.6411444234215185,-5.477943035561415,1.7040211588701737,-0.6185011494522193
-0.3571737839640264,-0.7365209995595623,-1.36661446350756,-1.8553240734737524,-0.9755455829136688,0.6738716453985231,-0.5623080426335892,0.35100505881186456,1.2662090308288891,0.2691443247658199,0.9895372762228499,0.039596927151968206,-0.7307139427851806,-1.1731622902004921,-0.22198293919845993,-0.9199886728087093,0.18522869587809124,-1.8861728538656037,-1.1464584104330742,-0.5615726018650802,0.9061315740230562,0.69667239671859,0.010726202917300793,-0.10107075862976138,-0.16254926896423455,-0.8207537547809963,0.3314946145219983,0.10772041129436816,0.4458111889335484,-0.9769498037722272,-1.5332532139096076,-0.9384720055617752,1.0863088400398186,-0.6434134397075877,-0.7793811280515556,0.6736888641586007,0.6366739144870337,-0.2762852534003648,-0.4522350319226292,1.1066890335942838,0.13291929960402615,-0.041667139176758156,2.1879336627746127,0.4264060441150125,-0.8290357220125771,-1.0388515007452364,0.25065078157604453,-0.951902484236672,0.11041737998266507,-0.029689136151095998,-0.24741125559021804,-1.0588694638523481,-0.00920829179094518,-0.6016171312998025,0.006772451291287704,0.12988722955293483
0.45115361640388385,0.6272081664676625,1.1349635054265332,1.435303982510715,0.4018816329395386,-0.5623080426335892,0.4937896281271108,-0.31354029468322464,-1.2551529726376263,-0.3853068108858046,-0.7051055900010154,0.04064556790703028,0.8578555971916179,0.7320795134378795,0.43447544324561943,0.8126203918802567,-0.019722117134243333,1.7943933073122262,1.024736543992046,0.45793621629643455,-1.0051402728716339,-0.6019869547620231,0.06848945363219373,0.046962914452385124,0.10568127934068965,0.5141370303242535,-0.17870645081290396,0.15329996690598352,-0.29278063484210565,1.0499633353938604,1.6125249315026058,0.7163490119890691,-0.9956615473949942,0.5586169132896599,0.7975312141143375,-0.4733234382475472,-0.36953011477953834,0.17368430803143445,0.24632462097731536,-0.9015740272699694,-0.2672675190763567,0.0550426247873461,-1.8060553684548928,-0.43144989940981165,0.5658640101309412,0.5928025253712564,-0.2722652672187214,0.6322419608103402,-0.21745021201503287,-0.20927735028020228,0.23852747011063988,0.7290628120627312,0.10590452156712302,0.8790915394287547,-0.10752324416297444,-0.08270222875192962
-0.31406171074426753,-0.39436895890062035,-0.7077438230657989,-0.8725937510804775,-0.16450276833657343,0.35100505881186456,-0.31354029468322464,0.20042696873616297,0.8257277477803076,0.27455328293518094,0.4150602284773395,-0.04078329981376567,-0.5880138112344683,-0.4052949078140646,-0.3238180369128261,-0.5170181042803171,-0.01615464825320754,-1.1672771919178673,-0.6540632165848598,-0.28397879462895154,0.6799609030578379,0.3803631416388048,-0.05902204709656043,-0.021480472232925166,-0.059776188290507515,-0.2849463035862892,0.09101458353555036,-0.14687975545599805,0.16608880395243444,-0.7051469876282659,-1.0769113632872835,-0.4332670789190964,0.6407576976403542,-0.35359292903868705,-0.5292669089903863,0.27683100057069576,0.19663989590222422,-0.09658808232417508,-0.12639495265121248,0.5582085931106193,0.19984898592292089,-0.0388763936778471,1.1237982033032476,0.28534049992907445,-0.32667455462685485,-0.3122750105541616,0.18342232321560864,-0.3607070083969961,0.16221001170097518,0.1798811187779348,-0.15585823421690884,-0.4228867600923106,-0.0868395294074671,-0.6284617482936282,0.08878630796146368,0.04607340741846858
-1.910630121873813,-1.4853421923681367,-2.5226648147057276,-2.5706857318723375,1.506942319736085,1.2662090308288891,-1.2551529726376263,0.8257277477803076,3.986313364553554,1.8069261615169905,0.8814776270517201,-0.5227122867320813,-3.3816784333920578,-0.20380482523739257,-2.435453998444565,-2.091654132045558,-0.7439755583016856,-5.327582820783924,-2.7054432256924548,-0.9677014975259779,3.7193239504435223,1.4755181557396744,-0.6072460962919728,0.11297161827141532,-0.06242776697863306,-0.15913274753555626,-0.1703480167901212,-1.7674343151392025,0.19577302516537373,-3.736077897317794,-5.578413454551947,-1.222080856778378,2.7620502640668474,-1.384101667171562,-2.6550814915694834,0.5461009045437464,-0.1138694678328766,-0.05802097070964595,0.21235147525220813,1.9019330879090561,1.5158265271130238,-0.24167223768439375,3.9499405091478734,1.4138030478279178,-0.5378029750105293,0.2678096714706131,0.9814469395740052,-0.4751143253954579,1.2221407483953841,1.8401718555482287,-0.7239905376792464,-0.7373143319625577,-0.8127504473734579,-4.183560943518398,0.8372075125240158,0.03662367277938099
-1.1463569347602482,-0.3760364931946981,-0.5087568781766604,9.649528189825889e-4,2.3159779099366857,0.2691443247658199,-0.3853068108858046,0.27455328293518094,1.8069261615169905,1.1612405328640971,-0.3970881668216909,-0.46790350386936824,-1.9184866949538255,1.1520845881553718,-1.723281966982024,-0.6611762951525613,-0.8104889412259161,-2.197119669264528,-0.904230830706008,-0.15314280806079233,1.9951248445901932,0.41286672121584417,-0.5038924716503485,0.20496929027822627,0.1319886627521048,0.792486591837194,-0.5101312716439959,-1.5524271761799762,-0.34189371371103455,-1.9290676871000738,-2.7968008485849545,0.06378683749011607,1.017266059642332,-0.3985835073555621,-1.2752261593234928,-0.3140014927222761,-0.8069729747156036,0.26332840239609234,0.6797796928469291,0.2981313043586953,1.0784603873213878,-0.14876572904811902,0.742725913245115,0.6664144819965967,0.49502367096330324,1.3830608777271658,0.5133411029195708,0.6838786356063582,0.8658229397005475,1.5237923655268455,-0.3084747295915758,0.591707701547516,-0.6479089304758525,-2.712808927575272,0.6703303142031823,-0.11601172174437818
0.23009134995080405,-1.020514658703584,-2.035710653724003,-3.283667916243216,-3.4689709560095325,0.9895372762228499,-0.7051055900010154,0.4150602284773395,0.8814776270517201,-0.3970881668216909,2.0498333337803287,0.422262728769113,0.15004011332330439,-2.9426350596943744,0.9034406388357941,-1.1306593216298575,0.9372852906904788,-1.6853169929235987,-1.3479491008311149,-0.8789320457954439,0.10226581465630837,0.9222972577229516,0.3981239322980419,-0.33305555415380045,-0.38707523943582434,-2.048101200334443,0.9703077475252608,1.3584513136628502,1.0458898084663386,-0.2776626693214092,-0.6087747338347417,-1.708471276905842,1.157412359077618,-0.8389189110388069,-0.4203151053829425,1.4281192349054546,1.7334267770379888,-0.6872310658667926,-1.311817882013601,1.7334861481957073,-0.5759876318130452,0.03766061093661324,3.3128649706548186,0.25306434624802476,-1.83889616063593,-2.878099041520461,0.05768521874633195,-2.1987782392124595,-0.45580710761167614,-1.198954497309421,-0.20607547174033808,-2.318901774517331,0.47103300319225117,0.9758521561162109,-0.4918583239531605,0.31669273795329816
0.43972196789590134,-0.005896278733930513,-0.09772679035963402,-0.45015537892096663,-1.3001509231437351,0.039596927151968206,0.04064556790703028,-0.04078329981376567,-0.5227122867320813,-0.46790350386936824,0.422262728769113,0.22454360082204924,0.7037686087838901,-0.8134235261574505,0.737465200674644,0.08055482849794762,0.4169951805822742,0.5514726069870781,0.1375070489494076,-0.06598307167931051,-0.6966130375027438,-0.020663667836682303,0.23401631167661024,-0.11862681138799082,-0.10007327452035887,-0.562690087121127,0.3145977197312752,0.7389788949044177,0.264985434082463,0.6489582321614932,0.9127680782022979,-0.25671850113583494,-0.20362914006871874,0.02695502117082077,0.3964545559642434,0.3074182852056113,0.5247960901081206,-0.18798406969866963,-0.4218620602992727,0.13115194750816855,-0.46296602995272473,0.058006415697659935,0.18931262079089523,-0.20269389262330675,-0.4280769181815402,-0.8866746581386874,-0.17484356341266677,-0.5447363338268041,-0.3707646907465236,-0.7069590231964179,0.08154499845589026,-0.5284360149310379,0.2952529034564237,1.0997443344406133,-0.30599861210574375,0.08459840141125394
1.9367119570211886,0.9250894403437436,1.4247341286923583,0.8665053505961139,-3.1186670385312096,-0.7307139427851806,0.8578555971916179,-0.5880138112344683,-3.3816784333920578,-1.9184866949538255,0.15004011332330439,0.7037686087838901,3.3033858776806158,-1.2295779921719965,2.7640438023145877,1.4510468898108682,1.1644579847382412,4.274061715537238,1.932178443803036,0.4991148523673921,-3.5037461709087903,-0.9632617220742049,0.7728213396692062,-0.2691172262740888,-0.1277012422592962,-0.8393205437220398,0.6324017857175549,2.3460441311111633,0.3191833570917154,3.434914452818064,5.034665357437301,0.3405934122590692,-2.078569244721845,0.9162621027630465,2.333174917967388,0.169544822834818,0.9478366015157678,-0.27720525750901853,-0.8377922503260519,-0.9779587991143538,-1.7269815708521938,0.24915512745249915,-2.1701451014262743,-1.2281673111889786,-0.3762899487688461,-1.6489633482793469,-0.9097303923776804,-0.6103184325610685,-1.388218951434088,-2.338331218056799,0.5919461186134618,-0.4180498260568015,1.0044610837748633,4.469169525752027,-1.0379385117235937,0.1183462836164518
-0.9217246269098703,1.1570595642794075,2.4376130271005345,4.372935684472763,5.862386784183729,-1.1731622902004921,0.7320795134378795,-0.4052949078140646,-0.20380482523739257,1.1520845881553718,-2.9426350596943744,-0.8134235261574505,-1.2295779921719965,4.53675414139927,-2.12801048487065,1.1506520358075378,-1.6831213701633512,1.064742394324219,1.3095005431447875,1.0881462975442286,0.9347778079159617,-1.0064890780066333,-0.8006171045272522,0.5535180800274574,0.5862654013007043,3.1526098372257856,-1.5658524551073822,-2.642190754471486,-1.5762215529136718,-0.6657535354714565,-0.6906521352788223,2.3091983479642786,-0.995139592744726,0.9030998182254028,-0.12482221972403235,-2.0701832922920884,-2.741345522253157,1.0564567879172473,2.1116690992831066,-2.148227966944545,1.345853198378026,-0.12999364629834448,-4.012652100183636,0.020782880439249137,2.7143523800222735,4.574803088468024,0.19872244312788864,3.2949527491640342,1.071687246933148,2.4144464095206297,0.10882542093272676,3.405360390055669,-0.9750042912981102,-2.7555877978223395,1.01476607772619,-0.48394979393094417
1.6746320343545962,0.36947602277550434,0.3923597716777858,-0.5402450205480489,-3.8764032609778813,-0.22198293919845993,0.43447544324561943,-0.3238180369128261,-2.435453998444565,-1.723281966982024,0.9034406388357941,0.737465200674644,2.7640438023145877,-2.12801048487065,2.608956302793001,0.7585285479356081,1.3110890544074487,2.8606358374062415,1.0700408332741387,0.07434373838239883,-2.832156202596151,-0.4381569352411008,0.7848696900041466,-0.34734259350419255,-0.2520219944857558,-1.4676305940800716,0.8876682277665041,2.439685034502052,0.6598005386821931,2.7089739914369924,3.8937863819712586,-0.3714353956666664,-1.2625664008630764,0.4314059805855517,1.7518582703813776,0.6827083014873883,1.4367217264023298,-0.4888184509176853,-1.1860037544939017,-0.14131186871194956,-1.6344650151188476,0.21851919690961927,-0.516874523490722,-0.9100565193370423,-1.008548201054559,-2.4471147059989855,-0.7235075880470926,-1.3373447188967802,-1.3111134722731395,-2.3726325122206737,0.406605545646866,-1.2254986500651757,1.0024484146076655,4.0337771302223615,-1.0378193080592808,0.21756675921139418
0.767468869583704,1.0286612799017434,1.8560135274557346,2.326869369378766,0.5788522218902374,-0.9199886728087093,0.8126203918802567,-0.5170181042803171,-2.091654132045558,-0.6611762951525613,-1.1306593216298575,0.08055482849794762,1.4510468898108682,1.1506520358075378,0.7585285479356081,1.3382023592630297,-0.006481292744306674,2.9781780996878733,1.6896185664909624,0.747287741499857,-1.6921624405481208,-0.9889252633712481,0.12685258401983326,0.06969729294482618,0.16720968076794368,0.8085501239719677,-0.27368583192424906,0.29730310312882124,-0.46387864571932164,1.7628179200941991,2.7020176682433577,1.1593074441358306,-1.6461955333536613,0.9181894030436343,1.3331005296146032,-0.7574513076486264,-0.5736890190296782,0.2733508113380324,0.3780169045540308,-1.47089473893539,-0.46718799529305016,0.09399950849927223,-2.951297661629869,-0.7203764023666777,0.9017361993495452,0.917493398867155,-0.4575818420607994,1.0034813153647355,-0.3797542906887162,-0.38713081181371134,0.3964500579623906,1.1633870913599693,0.19205994656175515,1.510463474041563,-0.1954493901336853,-0.1303603297614661
0.744244720589457,-0.13390089955408846,-0.40705253778361605,-1.1331387846217096,-2.5396605405650265,0.18522869587809124,-0.019722117134243333,-0.01615464825320754,-0.7439755583016856,-0.8104889412259161,0.9372852906904788,0.4169951805822742,1.1644579847382412,-1.6831213701633512,1.3110890544074487,-0.006481292744306674,0.793380045990356,0.6930769986950193,0.05946986309072291,-0.21426755523104415,-1.1218241407102654,0.07863229651742452,0.4295550767562777,-0.2337471997758176,-0.21003699396799969,-1.1661022849757847,0.6305286124240411,1.3689151312845511,0.5590527805897999,1.0230661032542188,1.412067075690357,-0.6262740262610128,-0.19083238176963058,-0.05812855153405586,0.594693432864716,0.6747030408584704,1.065934446251344,-0.38975266151316634,-0.8466799483863294,0.4250308942594054,-0.8241635182078096,0.0993229546913013,0.7118597181324338,-0.29923541250022123,-0.9214100693101648,-1.794905045587976,-0.27784519549214326,-1.1550281395001756,-0.659380620293771,-1.2972944040534666,0.10786262495123358,-1.1429672679640661,0.5382500436096175,1.9099868310165928,-0.5584764489649393,0.17654856665909005
2.3750960790281064,2.174376210242539,3.7756296456138956,4.178042248069367,-0.974101906762029,-1.8861728538656037,1.7943933073122262,-1.1672771919178673,-5.327582820783924,-2.197119669264528,-1.6853169929235987,0.5514726069870781,4.274061715537238,1.064742394324219,2.8606358374062415,2.9781780996878733,0.6930769986950193,7.258983104313677,3.820581582231944,1.475256647373212,-4.773709473004612,-2.135008372537207,0.6659435322710073,-0.053056804200994796,0.18554671587768656,0.762995930765164,-0.047956444955645994,1.883760875269581,-0.5357816443083082,4.84318789866113,7.284366695874724,2.02652794008069,-3.840983366920768,1.9955724955379441,3.5029745229459865,-1.087279450434086,-0.3286277502233891,0.26200468610721206,0.08783149501023009,-2.9007497205864627,-1.7767373415943493,0.29822367632470115,-5.9460543293448165,-1.873155501255924,1.1889619926002644,0.4451234397148254,-1.2681767805421489,1.2075134985123488,-1.4348485254949577,-2.020162391164738,0.9802495678897355,1.5748952030649108,0.9082816406893768,5.071463802902986,-0.9338988702727621,-0.13320153038610758
1.0328372273013284,1.2877942545792764,2.309409349143158,2.842316374909178,0.513743950879078,-1.1464584104330742,1.024736543992046,-0.6540632165848598,-2.7054432256924548,-0.904230830706008,-1.3479491008311149,0.1375070489494076,1.932178443803036,1.3095005431447875,1.0700408332741387,1.6896185664909624,0.05946986309072291,3.820581582231944,2.139583215628418,0.9252760298755405,-2.2334530993893797,-1.2422874922815974,0.1970047792390482,0.0680281331173047,0.19314588176563524,0.9218977213665929,-0.2918247611392512,0.492525712637006,-0.5382392676426264,2.313958037916937,3.533889294845596,1.4108767399658912,-2.0953191941631713,1.1546283099784829,1.7342894725356963,-0.8992118271355711,-0.6337054793507987,0.31182271382583293,0.4049480211318323,-1.8219009681092748,-0.6604438816822783,0.12686186703808677,-3.6668826472076077,-0.9355779378706334,1.0605470760954685,1.0058971793953355,-0.6015138973326585,1.168803003111112,-0.5359238974497419,-0.5999351712630963,0.509752182874154,1.3717662275408342,0.2885403265872538,2.070858473704344,-0.29430284844567106,-0.14986255015274544
0.22994416652069755,0.6086438885177665,1.1421718313626739,1.59725449329378,0.9973060455650453,-0.5615726018650802,0.45793621629643455,-0.28397879462895154,-0.9677014975259779,-0.15314280806079233,-0.8789320457954439,-0.06598307167931051,0.4991148523673921,1.0881462975442286,0.07434373838239883,0.747287741499857,-0.21426755523104415,1.475256647373212,0.9252760298755405,0.47343459349904954,-0.6445599596172674,-0.571872322242154,-0.043474272329214074,0.1009322610260475,0.14901502836912917,0.7599998053502425,-0.31996359036663835,-0.19802227353728252,-0.40684832298588525,0.7103315306857294,1.1299909711642897,0.812148469001454,-0.8665629512321382,0.5270960979717342,0.584901336119523,-0.6011240084370534,-0.6026474251113533,0.25588972872389104,0.43561298765953294,-0.9321193659510484,-0.04138078447813201,0.02619657514017274,-1.8332653713728961,-0.3218076772575547,0.7469077525371588,0.9876648832414976,-0.18121403416655912,0.8658125162907672,-0.036447305533446134,0.1289884576515513,0.19233999572792396,0.9517949827634294,-0.03594955939143744,0.33422794955079055,0.03928307596390748,-0.11936238323446381
-2.03595326170382,-1.1171807472101367,-1.7799275122574556,-1.3444717296951174,2.8823715859558257,0.9061315740230562,-1.0051402728716339,0.6799609030578379,3.7193239504435223,1.9951248445901932,0.10226581465630837,-0.6966130375027438,-3.5037461709087903,0.9347778079159617,-2.832156202596151,-1.6921624405481208,-1.1218241407102654,-4.773709473004612,-2.2334530993893797,-0.6445599596172674,3.750015412600601,1.145277930493037,-0.7733172091444386,0.24441688764596195,0.08673447586448453,0.6328043654674437,-0.55026219809994,-2.3282199498456424,-0.20649204780029567,-3.6988196714421866,-5.447638286886211,-0.5819541413387298,2.3647130375615864,-1.0844376338692647,-2.5418493906664255,0.002060818581876436,-0.7888831762277743,0.20777676378621276,0.725748909902376,1.2651007028206809,1.7680366529526808,-0.2606386218150049,2.738404710385454,1.3423065212957102,0.16573894078722667,1.3899686052270863,0.9774711541096734,0.36949681335115003,1.422134844676574,2.3404537364435876,-0.6575250359113793,0.14907522672602516,-1.010939856143782,-4.641317387629969,1.043791769398178,-0.08546456754951029
-0.49753308713663813,-0.772173017168478,-1.4086393291426367,-1.823963594657588,-0.6639513709298891,0.69667239671859,-0.6019869547620231,0.3803631416388048,1.4755181557396744,0.41286672121584417,0.9222972577229516,-0.020663667836682303,-0.9632617220742049,-1.0064890780066333,-0.4381569352411008,-0.9889252633712481,0.07863229651742452,-2.135008372537207,-1.2422874922815974,-0.571872322242154,1.145277930493037,0.737687085260413,-0.05369272680803893,-0.07323587630198777,-0.14305188415445025,-0.7056764743854069,0.2608247382933724,-0.09213330415261387,0.39462649611631034,-1.2066750876562322,-1.8640691020654159,-0.9144878024494175,1.1980345909260097,-0.6835455275795566,-0.9292111787031385,0.6222071672123497,0.522908487328474,-0.23817170216334507,-0.35801270462741114,1.1258542473792081,0.2683190784949657,-0.06020204844865576,2.2459185232819285,0.5041659710468874,-0.7517184275407465,-0.8446641352002501,0.31208937324489067,-0.8486295754473304,0.21908583825645603,0.16513772728795534,-0.2827684834855586,-0.9656134240584675,-0.09174105071063116,-0.9377464463133659,0.09237971580774111,0.1126917300994496
0.4783382755918432,0.027619877500012033,-0.03990866405988871,-0.38770149916809415,-1.32091740041064,0.010726202917300793,0.06848945363219373,-0.05902204709656043,-0.6072460962919728,-0.5038924716503485,0.3981239322980419,0.23401631167661024,0.7728213396692062,-0.8006171045272522,0.7848696900041466,0.12685258401983326,0.4295550767562777,0.6659435322710073,0.1970047792390482,-0.043474272329214074,-0.7733172091444386,-0.05369272680803893,0.24532417793358816,-0.11997675345138155,-0.0976393533537998,-0.5534730656093979,0.3152537662338752,0.77132072318201494,0.2579321668760113,0.7265514360617712,1.0291481085657674,-0.2266239594351341,-0.2638179899647829,0.05789266854167186,0.4522870505919797,0.29202774954384086,0.5220779836514774,-0.18475122687376458,-0.42236203713107695,0.08705249850498048,-0.49242732334712913,0.06291391569431504,0.09845321329171504,-0.23249024710210206,-0.4116986264963222,-0.8838124481743651,-0.19520996457234166,-0.5285607467611939,-0.3945527425022878,-0.7412513360311949,0.09706083290503302,-0.5064537282158035,0.3105842514059464,1.1828809780477814,-0.32180653599544107,0.08295069391941057
-0.1801037518639857,0.0914943217741131,0.2137775924693448,0.4512324621233853,0.7766210735472807,-0.10107075862976138,0.046962914452385124,-0.021480472232925166,0.11297161827141532,0.20496929027822627,-0.33305555415380045,-0.11862681138799082,-0.2691172262740888,0.5535180800274574,-0.34734259350419255,0.06969729294482618,-0.2337471997758176,-0.053056804200994796,0.0680281331173047,0.1009322610260475,0.24441688764596195,-0.07323587630198777,-0.11997675345138155,0.07231374526353197,0.07028204192907433,0.38402063818241733,-0.1993848281510083,-0.3877343387007317,-0.18797897207635486,-0.21173862861095077,-0.278686737340404,0.24297879382573165,-0.027251426807674145,0.06362816173817666,-0.10742073699241321,-0.23686582661348007,-0.34266660547363154,0.12853033274553413,0.2682943995278911,-0.1995166319613291,0.21882410142621983,-0.024422761689658394,-0.35893326293826494,0.051571735726458366,0.3167460250754333,0.5745424084968884,0.0585624107803483,0.39067513798813236,0.1747725558238461,0.36211563017560494,-0.011636043146369379,0.39521866755500895,-0.1486404320344288,-0.48546803564677526,0.154389827949737,-0.058515017847842674
-0.10137524609791332,0.162526132967996,0.33690555700169306,0.5866046613825944,0.7415805386314077,-0.16254926896423455,0.10568127934068965,-0.059776188290507515,-0.06242776697863306,0.1319886627521048,-0.38707523943582434,-0.10007327452035887,-0.1277012422592962,0.5862654013007043,-0.2520219944857558,0.16720968076794368,-0.21003699396799969,0.18554671587768656,0.19314588176563524,0.14901502836912917,0.08673447586448453,-0.14305188415445025,-0.0976393533537998,0.07028204192907433,0.07611039128770976,0.40748683316719475,-0.20016217187787333,-0.32433478931421617,-0.2047923172103615,-0.05186736495453965,-0.038447604806894124,0.3085246142450083,-0.1532965369449671,0.12892750390564897,0.008070395183489596,-0.2715991261819447,-0.35206286081855226,0.13664465938899298,0.2701288562419333,-0.2938986958647638,0.15960817068726665,-0.014478840689129649,-0.5527193063875475,-0.010129937023696415,0.35445988104189574,0.5867936922083169,0.016659181736815232,0.4287407441374661,0.12695189049301303,0.2943517150723922,0.020630402187845686,0.44537130736341307,-0.11821561223950487,-0.31698547037615665,0.12306352763288123,-0.06261535395736842
-0.6319707430286938,0.810394346375533,1.704529740206071,3.0493404138057376,4.065802689776522,-0.8207537547809963,0.5141370303242535,-0.2849463035862892,-0.15913274753555626,0.792486591837194,-2.048101200334443,-0.562690087121127,-0.8393205437220398,3.1526098372257856,-1.4676305940800716,0.8085501239719677,-1.1661022849757847,0.762995930765164,0.9218977213665929,0.7599998053502425,0.6328043654674437,-0.7056764743854069,-0.5534730656093979,0.38402063818241733,0.40748683316719475,2.1910830054180566,-1.0870535310657858,-1.8277265021178932,-1.095973007178895,-0.446024717027078,-0.4549271736161021,1.6096878435065878,-0.7033809453492618,0.6333551942689403,-0.07519460359315377,-1.440670441524827,-1.9040533462570137,0.734128134539606,1.465935050044752,-1.5010222812948877,0.9283217606377165,-0.08945848793387651,-2.805081539421925,0.008181654592059277,1.8882853058991804,3.1772615538128925,0.13380611473685472,2.2911873246459136,0.7391497228700293,1.6691616338361135,0.07867116188013312,2.3689318944769373,-0.6737905583620845,-1.895957255315636,0.7014635398683275,-0.33652459660740386
0.4362792265133571,-0.3125918764351532,-0.6952836870629306,-1.365637779648401,-2.1305024565352677,0.3314946145219983,-0.17870645081290396,0.09101458353555036,-0.1703480167901212,-0.5101312716439959,0.9703077475252608,0.3145977197312752,0.6324017857175549,-1.5658524551073822,0.8876682277665041,-0.27368583192424906,0.6305286124240411,-0.047956444955645994,-0.2918247611392512,-0.31996359036663835,-0.55026219809994,0.2608247382933724,0.3152537662338752,-0.1993848281510083,-0.20016217187787333,-1.0870535310657858,0.555027598402308,1.0260980889501965,0.5364611232790888,0.45770681971654226,0.5778461328329989,-0.7293378407017282,0.1789983703686089,-0.23040827687863294,0.20412790143392753,0.6871117585972081,0.9605244833457445,-0.36397801697771676,-0.7474326122924037,0.632214519231831,-0.5599248178433556,0.059867090407912146,1.156816616296906,-0.09276260024087393,-0.911696056367886,-1.6076453911266164,-0.12854991948666675,-1.117441111622863,-0.4467799170678122,-0.9512647256546592,0.005972306643149706,-1.1400134946840734,0.3883587259792192,1.2117866378558555,-0.4036824877840354,0.1661601326795046
1.4625403687083762,0.005903739026385037,-0.27523353280088153,-1.420813250568322,-4.253812801880288,0.10772041129436816,0.15329996690598352,-0.14687975545599805,-1.7674343151392025,-1.5524271761799762,1.3584513136628502,0.7389788949044177,2.3460441311111633,-2.642190754471486,2.439685034502052,0.29730310312882124,1.3689151312845511,1.883760875269581,0.492525712637006,-0.19802227353728252,-2.3282199498456424,-0.09213330415261387,0.77132072318201494,-0.3877343387007317,-0.32433478931421617,-1.8277265021178932,1.0260980889501965,2.4332936575617476,0.8586999271533449,2.173733427947971,3.062514542098221,-0.8144857993244111,-0.7091018889712367,0.11117101614076401,1.3344910781012467,0.990777908350714,1.7089419636550691,-0.610278716843486,-1.3755418320669472,0.3948682706841294,-1.5313678248152147,0.19305839000361227,0.5491929687065813,-0.6830277953987818,-1.3835690704245183,-2.888778489938166,-0.5854046849235922,-1.7638270811084045,-1.2265710374142604,-2.330303183190137,0.27763173919714684,-1.70617911681146,0.974048023524902,3.647575855468419,-1.0096285544188974,0.2747753830591221
0.25892347099805624,-0.44705721580791463,-0.9227373410484011,-1.59394018698273,-1.9810776975929438,0.4458111889335484,-0.29278063484210565,0.16608880395243444,0.19577302516537373,-0.34189371371103455,1.0458898084663386,0.264985434082463,0.3191833570917154,-1.5762215529136718,0.6598005386821931,-0.46387864571932164,0.5590527805897999,-0.5357816443083082,-0.5382392676426264,-0.40684832298588525,-0.20649204780029567,0.39462649611631034,0.2579321668760113,-0.18797897207635486,-0.2047923172103615,-1.095973007178895,0.5364611232790888,0.8586999271533449,0.5516107854140132,0.11294445824246699,0.06356072716664063,-0.837480036945249,0.43108995274354367,-0.3559291518113716,-0.040182436105143514,0.7335241606458179,0.9450302182307521,-0.367347657080197,-0.7239639740551504,0.8032159974618328,-0.41805850816284973,0.03747504216716991,1.5126325382066268,0.037243575056215866,-0.95623018483791,-1.5746845941656407,-0.03795516033803394,-1.1550977930830657,-0.33242860367859245,-0.7775947070361311,-0.06035548480609716,-1.201457761630629,0.3118436928277156,0.8220423051043103,-0.3248974523706138,0.16866883552393594
1.9836549507199042,1.187481278317983,1.9273337981830125,1.6064520573277674,-2.536611330821422,-0.9769498037722272,1.0499633353938604,-0.7051469876282659,-3.736077897317794,-1.9290676871000738,-0.2776626693214092,0.6489582321614932,3.434914452818064,-0.6657535354714565,2.7089739914369924,1.7628179200941991,1.0230661032542188,4.84318789866113,2.313958037916937,0.7103315306857294,-3.6988196714421866,-1.2066750876562322,0.7265514360617712,-0.21173862861095077,-0.05186736495453965,-0.446024717027078,0.45770681971654226,2.173733427947971,0.11294445824246699,3.6637604083633675,5.413007724246246,0.7201220426519188,-2.427042037295987,1.1396453494340246,2.5377526348921813,-0.12525168912516216,0.6267211236821832,-0.14504504084800982,-0.6007967235516679,-1.3943659879183978,-1.6901201384264406,0.25343012836793943,-2.9807310944156407,-1.342658492052742,-0.004500823251269848,-1.119508205059971,-0.9669533023194357,-0.17376175874152364,-1.360118631769086,-2.199503702381133,0.664942075735238,0.053533318548130086,0.9541517073559274,4.483060611862843,-0.9848241442777489,0.056925518846535135
2.8934062157119866,1.8455087744452265,3.032449209085684,2.683101051647164,-3.389647777918431,-1.5332532139096076,1.6125249315026058,-1.0769113632872835,-5.578413454551947,-2.7968008485849545,-0.6087747338347417,0.9127680782022979,5.034665357437301,-0.6906521352788223,3.8937863819712586,2.7020176682433577,1.412067075690357,7.284366695874724,3.533889294845596,1.1299909711642897,-5.447638286886211,-1.8640691020654159,1.0291481085657674,-0.278686737340404,-0.038447604806894124,-0.4549271736161021,0.5778461328329989,3.062514542098221,0.06356072716664063,5.413007724246246,8.01723619436432,1.2259376600463217,-3.680916212722562,1.7573079848954938,3.771440043931681,-0.3240537461269145,0.7514574822096878,-0.14606174026744434,-0.7549239786766806,-2.219783292950713,-2.4280866659629905,0.3685559860245385,-4.706083343413032,-1.998625537826038,0.17367936538002243,-1.3636132229096172,-1.4269416975825502,-0.040165529317030026,-1.9547352748074394,-3.1160706199350945,0.9974778056178571,0.30568256294235713,1.3564907717800028,6.494573655116851,-1.3993255508683569,0.052426775588813694
0.0797098464383253,0.9919903388055077,1.9192948732208144,2.8934739848670095,2.486034998358426,-0.9384720055617752,0.7163490119890691,-0.4332670789190964,-1.222080856778378,0.06378683749011607,-1.708471276905842,-0.25671850113583494,0.3405934122590692,2.3091983479642786,-0.3714353956666664,1.1593074441358306,-0.6262740262610128,2.02652794008069,1.4108767399658912,0.812148469001454,-0.5819541413387298,-0.9144878024494175,-0.2266239594351341,0.24297879382573165,0.3085246142450083,1.6096878435065878,-0.7293378407017282,-0.8144857993244111,-0.837480036945249,0.7201220426519188,1.2259376600463217,1.489898289179035,-1.2705650691581383,0.837427500608608,0.6845617091728253,-1.1811738226769888,-1.3287387746434505,0.5406524984388662,0.9884039076774335,-1.6012565392534484,0.241795447754939,0.003325919337191092,-3.102489226314143,-0.3872732053864625,1.498652736108545,2.1955967791869115,-0.1772814705454631,1.7691356171247665,0.18830505032217335,0.6809620512120311,0.25753594585533623,1.8976081338305375,-0.2554271607644606,-0.19141305791499513,0.26835982381042073,-0.2505978397359648
-1.1315856667522415,-1.2331629131081672,-2.183488519373459,-2.5812923030002914,-0.07654790117673309,1.0863088400398186,-0.9956615473949942,0.6407576976403542,2.7620502640668474,1.017266059642332,1.157412359077618,-0.20362914006871874,-2.078569244721845,-0.995139592744726,-1.2625664008630764,-1.6461955333536613,-0.19083238176963058,-3.840983366920768,-2.0953191941631713,-0.8665629512321382,2.3647130375615864,1.1980345909260097,-0.2638179899647829,-0.027251426807674145,-0.1532965369449671,-0.7033809453492618,0.1789983703686089,-0.7091018889712367,0.43108995274354367,-2.427042037295987,-3.680916212722562,-1.2705650691581383,2.07498834223825,-1.116075633892748,-1.7906467478162258,0.7635932725467899,0.4392909906124413,-0.2390236034342559,-0.25334960788375915,1.7045715237592514,0.7818017874184205,-0.14075464778717398,3.4557433037787604,0.9619552733765143,-0.8793858296404008,-0.6799094409854668,0.6331726885712604,-0.9462227772477584,0.6328748277738104,0.801722213540586,-0.5152833339384523,-1.1461752086608903,-0.3713743572971123,-2.3385934209155534,0.3806905705920943,0.11617813931072625
0.47595059967971987,0.7144910697035755,1.3004187125032622,1.6724875370245205,0.5690213883573338,-0.6434134397075877,0.5586169132896599,-0.35359292903868705,-1.384101667171562,-0.3985835073555621,-0.8389189110388069,0.02695502117082077,0.9162621027630465,0.9030998182254028,0.4314059805855517,0.9181894030436343,-0.05812855153405586,1.9955724955379441,1.1546283099784829,0.5270960979717342,-1.0844376338692647,-0.6835455275795566,0.05789266854167186,0.06362816173817666,0.12892750390564897,0.6333551942689403,-0.23040827687863294,0.11117101614076401,-0.3559291518113716,1.1396453494340246,1.7573079848954938,0.837427500608608,-1.116075633892748,0.6337148339654115,0.8740247703563956,-0.5651265778189309,-0.4655794298270826,0.21387018903977567,0.3166372348607222,-1.0374283712323862,-0.264582511707478,0.05781588429296408,-2.072175470937267,-0.4737970723163266,0.6807083476660855,0.7506502653420193,-0.29500556046275517,0.7663572156816727,-0.21578094340138895,-0.1776224401794129,0.26462433658913914,0.8753147500926736,0.09527954438980932,0.9065395224064835,-0.09629363940469224,-0.10131584306360461
1.3313331720409183,0.9270990072033506,1.5473573797065214,1.4679093631416422,-1.3454051441942323,-0.7793811280515556,0.7975312141143375,-0.5292669089903863,-2.6550814915694834,-1.2752261593234928,-0.4203151053829425,0.3964545559642434,2.333174917967388,-0.12482221972403235,1.7518582703813776,1.3331005296146032,0.594693432864716,3.5029745229459865,1.7342894725356963,0.584901336119523,-2.5418493906664255,-0.9292111787031385,0.4522870505919797,-0.10742073699241321,0.008070395183489596,-0.07519460359315377,0.20412790143392753,1.3344910781012467,-0.040182436105143514,2.5377526348921813,3.771440043931681,0.6845617091728253,-1.7906467478162258,0.8740247703563956,1.783614047792839,-0.2460585571763333,0.23411049240571136,-0.02192564646440368,-0.26353887536246645,-1.1484825020180773,-1.091610118403012,0.16937065496835416,-2.4114653976993026,-0.9469253603915788,0.20333469347625496,-0.4427781929510166,-0.6681372360230693,0.12815198096401578,-0.8793514067009442,-1.3699956197072207,0.4782015133568104,0.29717978793979005,0.5998754009785722,2.9575197636446604,-0.6186720555313501,0.003545544132033026
0.19825087091738527,-0.6912653357416482,-1.3872182791630887,-2.265982965271471,-2.473277602971465,0.6736888641586007,-0.4733234382475472,0.27683100057069576,0.5461009045437464,-0.3140014927222761,1.4281192349054546,0.3074182852056113,0.169544822834818,-2.0701832922920884,0.6827083014873883,-0.7574513076486264,0.6747030408584704,-1.087279450434086,-0.8992118271355711,-0.6011240084370534,0.002060818581876436,0.6222071672123497,0.29202774954384086,-0.23686582661348007,-0.2715991261819447,-1.440670441524827,0.6871117585972081,0.990777908350714,0.7335241606458179,-0.12525168912516216,-0.3240537461269145,-1.1811738226769888,0.7635932725467899,-0.5651265778189309,-0.2460585571763333,0.9963329313735443,1.2239765514322998,-0.4832263567826266,-0.9285358337310177,1.1860962354429918,-0.4345736221387522,0.03124367598640794,2.2605205825773975,0.15174900526949422,-1.2860934743703198,-2.03376970830473,0.022079068510650966,-1.5408144324451838,-0.3443351153664078,-0.8797041062358147,-0.13151053305358668,-1.620494919835818,0.34733590154529437,0.7667489772602913,-0.36257515344071267,0.22263620723200428
