V1,V2,V3,V4,V5,V6,V7,V8,V9,V10,V11,V12,V13,V14,V15,V16,V17,V18,V19,V20,V21,V22,V23,V24,V25,V26,V27,V28,V29,V30,V31,V32,V33,V34,V35,V36,V37,V38,V39,V40,V41,V42,V43,V44,V45,V46,V47,V48,V49,V50,V51,V52,V53,V54,V55,V56
1.2213913462614074,0.02312789214455806,-0.5903879622017137,-1.1179350514461757,-3.232258335102665,-0.06039784348503912,0.13779623000365554,0.1971805118079686,-1.1853407664828137,-1.2001109394063791,0.9136339372319299,0.5540651096004159,1.7274090726206783,-1.8469589815489864,1.7371199771304027,-0.015359808837097647,0.7819029642535408,1.4771967388726168,-0.047020470491664905,-0.17767063120815138,-1.5918686934159765,-0.3872331360376732,0.7587022406378449,-0.443441669467266,-0.48236938984502253,-1.2652126537063606,0.6228738353001823,1.734763769087871,0.3787746195424843,1.357787222332122,1.859883034304252,-0.8439426943208728,-0.39998361808971744,0.26589804375254006,0.7915147083339258,0.4593205441517227,1.143234037018719,-0.2532963923064796,-0.8284906864123406,0.02572718222962611,-0.8501273322631976,-0.0689459289040361,0.3882784800357099,-0.6038505081831883,-0.6907931101403947,-1.7403713999909498,-0.6784516552398289,-1.2470066792978731,-0.6443465975519206,-1.755121973165783,0.21624832363245694,-1.3330441391493455,0.31923949882065844,2.6603962751551644,-0.7669764886794574,0.15854976574353455
0.02312789214455806,0.37599029332875694,0.7109880529623235,1.0799047190265878,0.9604060041170898,-0.34561169876505266,0.2636700614969886,-0.14880113168461725,-0.43468760640324583,0.03598658238738336,-0.6408100247303689,-0.09930113193686198,0.11093888314398126,0.8783110582171966,-0.1551885338998584,0.42251380520945686,-0.24921027581510183,0.7361085026494428,0.5080837162034352,0.2976376149054969,-0.19628583520540738,-0.3422619135654761,-0.087891635522216,0.09106244010751337,0.11230850420179596,0.6199059263390617,-0.2767358628575531,-0.32052086643164496,-0.3252423282841571,0.24791009491098448,0.4249604212292912,0.5546009387547683,-0.46786034346747624,0.3032469667719788,0.2434780276138482,-0.44701967150707356,-0.5074745714141403,0.21457726285098538,0.37666984046887975,-0.597211609935066,0.10403161511946281,-4.0865763452175923e-4,-1.1556420248827237,-0.1283709304281328,0.5725095285908685,0.8440347196722553,-0.0729636680795444,0.6752716818066321,0.07993442530321443,0.2725531867090002,0.09605047657469253,0.7068087280999985,-0.10973703354779596,-0.0947128100547405,0.1071864603748825,-0.08920750527149242
-0.5903879622017137,0.7109880529623235,2.244869896199558,2.661444734211736,3.1520723218752695,-0.45782043013649304,0.44691172046510996,-0.8608915781121442,-0.6742953214069869,0.5579997912643511,-1.4576339995055287,-0.4000944056306998,-0.34864590903271736,2.2193521520676476,-0.7923381002636685,1.2332872872835936,-0.393834442897408,0.8536819155688095,1.7009900956827546,0.7140797978351978,-0.06669873901573736,-0.05068859586394473,-0.732033466897146,0.5823721458498324,0.7766465086767639,1.5278062428064698,-0.5538019166273793,-1.127120166597149,-0.36880055399304396,0.4397172297609323,0.8764237636798422,1.7870785698900136,-1.0020219169203233,0.2380237976049213,0.5329974231850201,-0.6212891408294421,-1.2143473922179129,0.1943792836224858,0.7395840137305622,-0.7901270149874838,0.0465522662068503,0.35717701218640135,-2.428798587016219,0.08988417365888413,0.8534919229529773,1.6513511962717784,0.481852312620573,1.6826872366019574,-0.0381330084653861,1.187375858017934,0.1005820885623325,1.9953648869995724,0.31348839913012333,-1.0317857763425875,0.5060366729084136,-0.16865061090979794
-1.1179350514461757,1.0799047190265878,2.661444734211736,4.321339570508328,5.993664942502761,-1.0010575408542333,0.6592943902843245,-0.6307118953320703,-0.14366526010960076,1.2695355397165273,-2.8267533354578895,-0.8405803809938137,-1.3605738800677112,4.434091031110294,-2.169011439029817,1.2639500551217189,-1.516664685670782,0.774157874373204,1.546920639702187,1.0739772071473026,0.975985192232647,-0.6740555605633604,-0.9849648576870615,0.6909317859945312,0.7893304845559582,3.0707382071104945,-1.4558974544679588,-2.6575335094363197,-1.349491110317203,-0.6059323560775083,-0.5744721847394726,2.462733199019898,-0.9872745379228641,0.6890780567055894,-0.06723867711648769,-1.8137608119998865,-2.6414794000835955,0.8853993944011689,1.9581772922326008,-1.8421829098979186,1.16685962731457,0.04034008775920991,-3.8327506048744127,0.1632835005962804,2.4078648362151727,4.245937340543093,0.44694439041072676,3.22455502396908,0.8974458119519578,2.5152055924376677,0.06996495342360465,3.432677177695759,-0.6667690511431206,-2.8930594608280695,1.0655795031953317,-0.4437334297900055
-3.232258335102665,0.9604060041170898,3.1520723218752695,5.993664942502761,11.605063411367528,-0.9211523860757471,0.35002953658063946,-0.6267137897046621,2.30367764622997,3.4242061722993498,-4.4100548840297025,-1.8241363724122979,-4.585930705168799,7.696146940355994,-5.395777347522979,0.9242915535796814,-3.128691880496798,-2.088532249602416,1.0536693770638796,1.274033460437273,4.105999400420275,-0.18299116896613024,-2.1689682933060555,1.3233213055041517,1.397155397328876,5.327473294570824,-2.657086183719775,-5.830953589449245,-2.2233803951796522,-3.439579938574492,-4.5489079114229645,3.6097937653522063,0.00895776782224328,0.2796367977326345,-1.7953414980352445,-2.805148583199552,-4.726389545270489,1.5046443481435947,3.564465720028544,-1.9796316159091245,2.992140908378239,-0.043211871883687865,-4.229132450026792,1.2365821258344702,3.8573281579884924,7.619890487784475,1.455127426764905,5.396401988016961,2.326681205162567,5.648620283532838,-0.34177141491130214,5.5969092364123165,-1.6373153995710543,-7.807251426254347,2.4300265125446643,-0.7438351726218954
-0.06039784348503912,-0.34561169876505266,-0.45782043013649304,-1.0010575408542333,-0.9211523860757471,0.4052350111450756,-0.2563141671338866,-0.015044988162514853,0.30865135852003805,-0.03586955808335283,0.6777354460685446,0.10571682521441751,-0.04646922109420113,-0.9251284649947489,0.23287177927926714,-0.26535885339152054,0.37513493525096003,-0.6924155359618215,-0.2544487792360627,-0.2715043423998179,0.06599223043454741,0.4846251000400851,-0.0026330540386672522,-0.00973113624848381,0.014703332494265774,-0.6453585805764175,0.355131533686702,0.383083093954899,0.446739056670677,-0.05256660418886141,-0.11965698398436668,-0.40559026216543426,0.3478715244778247,-0.3907167224909832,-0.09162201813155631,0.5829596853597587,0.5694738633939245,-0.3048013060672585,-0.48205656216746456,0.7079546707099159,-0.27859394516510655,0.12033036392233079,1.0920771633641397,0.17596732560747846,-0.7320027684895383,-1.0471729653184054,0.17117541655208168,-0.6848896999370084,-0.2423984181776832,-0.2795832341707235,-0.08503428018340597,-0.6682883860958031,0.32952709500947375,0.1899066048165139,-0.10909800626572345,0.1226023520438821
0.13779623000365554,0.2636700614969886,0.44691172046510996,0.6592943902843245,0.35002953658063946,-0.2563141671338866,0.20294758984689382,-0.0932781895208795,-0.4343103682944413,-0.09735402577541068,-0.3672499858485742,-0.01565990958145709,0.2528899821804061,0.43744566824582204,0.06484522250702328,0.30266113928647587,-0.09400606355173023,0.6769660615234251,0.36463337003961604,0.19832529036822666,-0.30282005100860765,-0.2823577365945991,0.014080663910209538,0.020471182185034416,0.033313945821749145,0.3060782321636752,-0.13614370240345366,-0.052381432687231416,-0.1880982925443737,0.3157100926043405,0.4953166793267574,0.3115474073613929,-0.3718655158596377,0.2501035966192821,0.25321843619135714,-0.27258261353381036,-0.24482093811659272,0.12047597836545608,0.1858035224347177,-0.4247082789024997,-0.012867158819636033,-0.00852216045485809,-0.7840245504594078,-0.16229548006833683,0.33480419812502127,0.42059770662417245,-0.11276570396995082,0.35004810138115827,-0.0075656676846405984,0.013477165767658951,0.08834369099713926,0.37635814121349837,-0.04186065021540231,0.1997309301573206,-0.001803213534321474,-0.05272746883718534
0.1971805118079686,-0.14880113168461725,-0.8608915781121442,-0.6307118953320703,-0.6267137897046621,-0.015044988162514853,-0.0932781895208795,0.48457180479655937,0.3520971562412922,-0.10589778137545047,0.20832464819385174,0.06882506677463744,-0.030803928650341785,-0.31362682927176827,0.018427171043455117,-0.5157561843180704,-0.17347238689074798,-0.21954238945969518,-0.7929856403539686,-0.19181933734315745,0.23789391052522782,-0.2625844764489934,0.30359307912896266,-0.2582530782605894,-0.38367331307381475,-0.1993979201717367,-0.032238791150402644,0.10014711979909152,-0.17909079988375487,-0.42433427293029746,-0.7067974780105225,-0.6012263758426861,0.3790929523127721,0.09302134597719944,-0.35907258126313174,-0.13552657441701021,0.10509179036299174,0.15948165025087138,0.05055770883371826,-0.06071544687879375,0.3065845404465562,-0.27809475407784695,0.53888093903258,-0.06898587428277565,0.15251932434119736,0.08798282631019305,-0.30806720089255185,-0.26672338356829506,0.2944146302967204,-0.20155552315381614,-0.025872742664770503,-0.4655866542290672,-0.47271239208832244,0.047283128009976944,-0.09151655240793521,-0.007604904454685727
-1.1853407664828137,-0.43468760640324583,-0.6742953214069869,-0.14366526010960076,2.30367764622997,0.30865135852003805,-0.4343103682944413,0.3520971562412922,1.9689598564294737,1.20778573288783,-0.347751513673294,-0.4770726703215795,-2.0271140295407877,1.1153726404273006,-1.7977548975015458,-0.77978645774391,-0.8533238702274454,-2.3867810040598862,-1.0718681317111103,-0.2042090321991519,2.136450079989936,0.43193871409730006,-0.49228749948452616,0.18228942331967438,0.09050777491927511,0.7708296356444463,-0.5181941345156613,-1.5981953758384937,-0.3562630315201021,-2.089564728988255,-3.0446517073717647,-0.03558914722636083,1.1409272142737277,-0.43507271904892514,-1.3943345970126575,-0.31074644273181895,-0.8007576362666279,0.28058564104653366,0.6914546085608333,0.35188443411161124,1.1574676766690015,-0.18387785901918424,0.9199797901244754,0.7075419947005912,0.49531009868461756,1.402884606414669,0.5096823676073903,0.6445638318182579,0.9337112624336352,1.562616768537815,-0.33285244310647133,0.5191071420495827,-0.7229141809842138,-2.838430942972603,0.6875562462959522,-0.11355690056959149
-1.2001109394063791,0.03598658238738336,0.5579997912643511,1.2695355397165273,3.4242061722993498,-0.03586955808335283,-0.09735402577541068,-0.10589778137545047,1.20778573288783,1.2203096990691733,-1.0594617145134566,-0.5801975659822759,-1.7645028554235982,2.059002034156564,-1.8329218894555135,-0.016466847877748242,-0.9257997802109085,-1.389593833161311,-0.039695834970846854,0.20988438141171728,1.6603412017071453,0.2321760213417212,-0.7216053985340751,0.4094751538054293,0.4196681862070868,1.4198886087375575,-0.7284804624036919,-1.8521563750259404,-0.5313266908977166,-1.457517616503641,-2.00915864563419,0.8517196474945297,0.3944392369982914,-0.1658536875454627,-0.8545960617216507,-0.6352453443430789,-1.2900600036645993,0.36590520216313605,0.9735106047929387,-0.20645220027330544,0.9948133626291606,-0.008233572981808575,-0.5620454567690449,0.5697543829934777,0.9135919811286235,2.054196556215162,0.5934890234258599,1.3968926094973673,0.7720118603164372,1.8312112185090965,-0.20478890683358644,1.4375114837164635,-0.4949809135079557,-2.7627434477390898,0.7959751328050251,-0.19030722704130668
0.9136339372319299,-0.6408100247303689,-1.4576339995055287,-2.8267533354578895,-4.4100548840297025,0.6777354460685446,-0.3672499858485742,0.20832464819385174,-0.347751513673294,-1.0594617145134566,2.001963689004208,0.6521743714609252,1.311827722313167,-3.2315019712999096,1.8349841368462518,-0.5787286659596708,1.2895752286073983,-0.08958649987077877,-0.62754239724309,-0.6644164221771285,-1.1340304255006313,0.5189441588547976,0.6636978338994749,-0.4218137650603573,-0.42895122533616664,-2.239675034703854,1.1411343026290417,2.1203186998650256,1.092052705203194,0.9357008789189701,1.1761875162687092,-1.5218549060719855,0.37344179963798957,-0.46750363241615134,0.41399419114653974,1.4048522342639067,1.9792371015078962,-0.7382524709518885,-1.5357678253475244,1.2906654164811555,-1.1429832844080536,0.11229700071327985,2.386980282460482,-0.19489905902097474,-1.864216525193676,-3.3001919890023763,-0.28472134977954583,-2.3050872919681,-0.9105013594310801,-1.9700567162095697,0.014654349070175227,-2.3645551552633464,0.7790801882240944,2.5097985921111547,-0.8367534622589825,0.3432929462144401
0.5540651096004159,-0.09930113193686198,-0.4000944056306998,-0.8405803809938137,-1.8241363724122979,0.10571682521441751,-0.01565990958145709,0.06882506677463744,-0.4770726703215795,-0.5801975659822759,0.6521743714609252,0.2964475800329737,0.8090777374830745,-1.1761095780226303,0.9047659988837158,-0.07484802419271343,0.5050385480980155,0.48311516855757736,-0.07463764954858447,-0.16674372984198127,-0.7466378014258114,-0.013121175220785975,0.3489888158136029,-0.20448900797763264,-0.20974228005774465,-0.8113035620171608,0.41588623188443374,0.9505610328359203,0.3370422897891695,0.6466838463465501,0.8753287002778564,-0.513375511977285,-0.08940818378515598,-0.005447086501208716,0.36075965500663837,0.41792536421398446,0.7304069861904365,-0.22959475243018104,-0.5569901239071312,0.24957668830828714,-0.510023845790723,0.017676228459042553,0.5271550731539647,-0.2285279394969992,-0.5791560576888428,-1.1820449982580226,-0.2530194011741447,-0.8126837244532847,-0.3991028208596262,-0.9224176591639758,0.07542517722041933,-0.8381000694519392,0.28091481246323463,1.3291917908023703,-0.39839839540605765,0.1156138953643418
1.7274090726206783,0.11093888314398126,-0.34864590903271736,-1.3605738800677112,-4.585930705168799,-0.04646922109420113,0.2528899821804061,-0.030803928650341785,-2.0271140295407877,-1.7645028554235982,1.311827722313167,0.8090777374830745,2.6588072076825235,-2.685640033901579,2.6631358204888644,0.3080995865845753,1.34504315544146,2.350217981483195,0.4501275565898272,-0.1640632985218536,-2.59159668596321,-0.3706012743680634,0.9508428367260641,-0.5011965247152982,-0.47289723235700204,-1.848957399891561,1.005243772103009,2.61568368611768,0.7382701879113158,2.3631889028762396,3.3188837151801893,-0.9112619438464334,-0.8438526193659474,0.3069886401075518,1.4497671687428253,0.8449800345935032,1.7232933716825503,-0.5204816670166039,-1.3427438266531395,0.14143096863374355,-1.5340972539492057,0.096565418205489,0.31478578070458446,-0.8575486790948068,-1.2218110015514931,-2.8082499793614573,-0.8135066455373765,-1.7791020988524198,-1.2085988549746274,-2.5673352035343537,0.3419195265163854,-1.7767563925844732,0.8399842768174451,4.051874167037388,-1.1186335874162272,0.2597639275194274
-1.8469589815489864,0.8783110582171966,2.2193521520676476,4.434091031110294,7.696146940355994,-0.9251284649947489,0.43744566824582204,-0.31362682927176827,1.1153726404273006,2.059002034156564,-3.2315019712999096,-1.1761095780226303,-2.685640033901579,5.40499322230893,-3.4219193600864357,0.748140916841105,-2.224283666950566,-0.6187955482371488,0.7891622672907377,0.9916304573498993,2.4014552439545365,-0.58309324342089075,-1.2588155997248773,0.7717956563087947,0.7813692123901282,3.7479004165583683,-1.9121445413712979,-3.8125800555865768,-1.7531876681941547,-2.034974786154199,-2.6582653958076934,2.4668344516249805,-0.28280876954332895,0.537443254359839,-1.0152252770547394,-2.221302508015508,-3.3286443994487165,1.1923941831644251,2.57110766897137,-1.8397134549599032,2.065647295674699,-0.16304399606888273,-3.478315593300352,0.5655778568336209,2.98682547436625,5.510148954691003,0.6773028973623855,3.8193014488941963,1.6352938798564307,3.59880586162401,-0.12650299763081194,3.90433146557343,-1.3230389009571777,-4.812734803162498,1.537329935261553,-0.5565319941958689
1.7371199771304027,-0.1551885338998584,-0.7923381002636685,-2.169011439029817,-5.395777347522979,0.23287177927926714,0.06484522250702328,0.018427171043455117,-1.7977548975015458,-1.8329218894555135,1.8349841368462518,0.9047659988837158,2.6631358204888644,-3.4219193600864357,2.8710499211302185,0.058949298898879704,1.6097743482428142,1.8727783963639941,0.17649915598956162,-0.38046145912190027,-2.5552311320966914,-0.07060391490155707,1.004928291212509,-0.5504873014912968,-0.5203249330759311,-2.3642722582590654,1.2650147419940079,2.9401144859026838,1.0436740394214303,2.3073123844146806,3.1946556272457776,-1.290751510988418,-0.5598630121533332,0.05474802239705632,1.3593749990146384,1.249516033212042,2.1658500794100752,-0.726369121613891,-1.6951553869870297,0.6319869277846444,-1.7134395593219705,0.14420797881437777,1.160576551358408,-0.7636349702809236,-1.737493436135399,-3.5803102305911065,-0.7418718089967721,-2.328301134085277,-1.3578196201666484,-2.833845539051868,0.28257092273260936,-2.332082229090799,1.0239776405524084,4.254154142398161,-1.225712235183895,0.3452703552906303
-0.015359808837097647,0.42251380520945686,1.2332872872835936,1.2639500551217189,0.9242915535796814,-0.26535885339152054,0.30266113928647587,-0.5157561843180704,-0.77978645774391,-0.016466847877748242,-0.5787286659596708,-0.07484802419271343,0.3080995865845753,0.748140916841105,0.058949298898879704,0.7755943714155068,0.045365265370124884,0.9329250463477793,1.080308440058395,0.3799114862369305,-0.5397011658218763,-0.08375121834039347,-0.2455221676021063,0.24456255496755872,0.3658489762135653,0.510920607088656,-0.11869442978044828,-0.140826462569592,-0.054381944152080926,0.7147049988868472,1.1551130842817803,0.8585830607564336,-0.7377591279455735,0.18919037176588333,0.5899976186538302,-0.18033892576604493,-0.3577782156323183,-0.0015352785866432528,0.15737869907386903,-0.41186979354472514,-0.28029540616859155,0.2318708892808057,-1.3249476485667377,-0.11258062876774828,0.23611158033948154,0.384909731491335,0.13582269486684545,0.6154436990998222,-0.2647127194173025,0.1877276651014132,0.12105550096032563,0.8071315680134428,0.3607067233924699,0.18491167742022196,0.07605633490567758,-0.047234357952695226
0.7819029642535408,-0.24921027581510183,-0.393834442897408,-1.516664685670782,-3.128691880496798,0.37513493525096003,-0.09400606355173023,-0.17347238689074798,-0.8533238702274454,-0.9257997802109085,1.2895752286073983,0.5050385480980155,1.34504315544146,-2.224283666950566,1.6097743482428142,0.045365265370124884,1.1229293318461664,0.6043020254515449,0.21178514854480873,-0.2951223983207886,-1.3515509861464552,0.35877712155650715,0.40778712770467407,-0.198164295785582,-0.12268207768402849,-1.551622156659289,0.879953214974937,1.7114597140258623,0.880381030566901,1.2974369679215996,1.8099843930973003,-0.7051813241488487,-0.19899869751608884,-0.24338187172691056,0.763213565363604,1.0515238724479032,1.4302577387441404,-0.6233355879229808,-1.1866664153677813,0.7865330878792041,-1.1591371002846054,0.24465182214138254,1.091256276629,-0.2644905129280893,-1.4035174173754312,-2.5234913997730772,-0.1600411873785537,-1.532578391462948,-0.9488437643959042,-1.559100829932909,0.09897403638785707,-1.445641179726963,0.8977822152650224,2.280113966161645,-0.6648187470445595,0.25226280148696717
1.4771967388726168,0.7361085026494428,0.8536819155688095,0.774157874373204,-2.088532249602416,-0.6924155359618215,0.6769660615234251,-0.21954238945969518,-2.3867810040598862,-1.389593833161311,-0.08958649987077877,0.48311516855757736,2.350217981483195,-0.6187955482371488,1.8727783963639941,0.9329250463477793,0.6043020254515449,3.2301453977646988,1.1601808918533263,0.3904200325183217,-2.4183844453692767,-0.9875792763859105,0.67115258002187,-0.29035466441737195,-0.24969725196886075,-0.41343150664403466,0.28913627476917114,1.5475800447594918,-0.026760637269289896,2.28922106521146,3.339513617369616,0.16777202989988296,-1.4649263595700568,0.8507133575918173,1.5489864044857597,-0.17369685745188554,0.48121156845338514,-0.010123543649117665,-0.37564252811101306,-1.0096429048543145,-0.9883254441711901,0.015399033199170947,-1.772149419799792,-0.9751304691408998,0.09352796668653467,-0.7064822961952844,-0.8363342854469987,-0.26063589253777947,-0.7670801271079178,-1.6263128543171026,0.4438295529104141,-0.20587661982989997,0.3893149843159476,3.1112279715106914,-0.728619614196324,0.02859072842886255
-0.047020470491664905,0.5080837162034352,1.7009900956827546,1.546920639702187,1.0536693770638796,-0.2544487792360627,0.36463337003961604,-0.7929856403539686,-1.0718681317111103,-0.039695834970846854,-0.62754239724309,-0.07463764954858447,0.4501275565898272,0.7891622672907377,0.17649915598956162,1.080308440058395,0.21178514854480873,1.1601808918533263,1.549773972103153,0.4780712270594506,-0.7963132486393242,0.05386984651140036,-0.3734130206592989,0.36771592733949376,0.5619520921000466,0.5296089441420966,-0.048942035076826554,-0.07015101638071662,0.08755366849069017,1.0666200741873566,1.712064561715489,1.1528991322583722,-0.9887851392480065,0.1462842525024661,0.8611842201492534,-0.05672815385423499,-0.3297821042500777,-0.12054641097140897,0.05974252326233318,-0.36256690674853814,-0.5300995809886775,0.39578584530525185,-1.6037197880523795,-0.11195440112923692,0.08332286562292843,0.1904470102788902,0.27502573241478484,0.6752157560782884,-0.49180229751040844,0.1781047099820796,0.15071684421169035,0.9806043166523463,0.6730051006185264,0.3508101296291151,0.07427022605021671,-0.029504867596576324
-0.17767063120815138,0.2976376149054969,0.7140797978351978,1.0739772071473026,1.274033460437273,-0.2715043423998179,0.19832529036822666,-0.19181933734315745,-0.2042090321991519,0.20988438141171728,-0.6644164221771285,-0.16674372984198127,-0.1640632985218536,0.9916304573498993,-0.38046145912190027,0.3799114862369305,-0.2951223983207886,0.3904200325183217,0.4780712270594506,0.2830824476464476,0.05766736309199855,-0.19708341279768996,-0.20269397810228482,0.15637030926710302,0.19014201531520686,0.6832821712054319,-0.3128331275198579,-0.5166086730663578,-0.2950256627085338,0.03062232478821659,0.12163638465744593,0.6108052583660333,-0.3383480709308853,0.20677234055240262,0.1027660205495105,-0.4154547975519699,-0.578440302136069,0.18762123429325955,0.42045750578610414,-0.478637822037608,0.18498738912181417,0.027435979916950005,-1.0166177833254684,-0.022965008054908052,0.5429368553373349,0.9159774767068496,0.07397765910138597,0.7333746314077083,0.138773348075487,0.4845732625680337,0.043953357430970806,0.8029957055383834,-0.09572092128038266,-0.4719556629039042,0.20355194829248038,-0.10131675441672486
-1.5918686934159765,-0.19628583520540738,-0.06669873901573736,0.975985192232647,4.105999400420275,0.06599223043454741,-0.30282005100860765,0.23789391052522782,2.136450079989936,1.6603412017071453,-1.1340304255006313,-0.7466378014258114,-2.59159668596321,2.4014552439545365,-2.5552311320966914,-0.5397011658218763,-1.3515509861464552,-2.4183844453692767,-0.7963132486393242,0.05766736309199855,2.6173780801041464,0.2784815455130089,-0.7895546681310409,0.3729019878302333,0.2930281248085373,1.6591283808503583,-0.9633370874843133,-2.463505271579213,-0.7613420009066797,-2.475953562957439,-3.528347365184571,0.5943743907429133,1.0054881783819576,-0.2830701046402792,-1.565852999852087,-0.8370464281590249,-1.584183666670142,0.5515958576166138,1.2893983310240553,-0.11473939527027004,1.5993123491226484,-0.2057580625947333,0.003583075006530287,0.8117594260970907,1.1986903400051114,2.6853504585245416,0.6668922745814316,1.5599370374938795,1.2814505488177683,2.3796064057014883,-0.3483238510594559,1.4739470132621684,-0.9952511102115373,-3.890771826740553,1.0360907447894072,-0.2468938756794352
-0.3872331360376732,-0.3422619135654761,-0.05068859586394473,-0.6740555605633604,-0.18299116896613024,0.4846251000400851,-0.2823577365945991,-0.2625844764489934,0.43193871409730006,0.2321760213417212,0.5189441588547976,-0.013121175220785975,-0.3706012743680634,-0.58309324342089075,-0.07060391490155707,-0.08375121834039347,0.35877712155650715,-0.9875792763859105,0.05386984651140036,-0.19708341279768996,0.2784815455130089,0.7451604340009705,-0.2766718925882619,0.1831091382826988,0.27241921525978813,-0.42120325931460906,0.3042927295793927,0.0688859784164268,0.5210470719659963,-0.13933755979681284,-0.19190671535952575,-0.05160472065169639,0.3178293656825908,-0.5393917767129496,-0.10471670038895693,0.6427902513613825,0.39504064401676964,-0.3732789029746831,-0.4196496176611893,0.8377136002903769,-0.2897823000905671,0.2696389634918773,0.9583040455239641,0.3448949118682742,-0.7789477755432037,-0.9155616685175872,0.4601965918080861,-0.4410625270626421,-0.2816224118086402,0.0967540719396726,-0.1291219892814392,-0.31751167233635263,0.5213030778087817,-0.30919037325542037,0.05917308759018162,0.11295112272293223
0.7587022406378449,-0.087891635522216,-0.732033466897146,-0.9849648576870615,-2.1689682933060555,-0.0026330540386672522,0.014080663910209538,0.30359307912896266,-0.49228749948452616,-0.7216053985340751,0.6636978338994749,0.3489888158136029,0.9508428367260641,-1.2588155997248773,1.004928291212509,-0.2455221676021063,0.40778712770467407,0.67115258002187,-0.3734130206592989,-0.20269397810228482,-0.7895546681310409,-0.2766718925882619,0.5505211676957543,-0.3559188258636786,-0.42582389008120197,-0.8620937496567965,0.36999802543293686,1.05293239338983,0.18715946997456367,0.5825109644462961,0.7428844583959082,-0.7605908298687688,-0.03172146392062492,0.1539398858002387,0.2863850041596379,0.2594664795713123,0.7422573902194899,-0.11181393059708669,-0.4909920128698452,0.05867399441410072,-0.37886166261609683,-0.14236398947387752,0.5492079509478404,-0.3569718456893694,-0.40001827184687244,-1.047923428386256,-0.48462943962022903,-0.881576498934919,-0.26360079671504,-1.0978871818774418,0.10064015527525949,-1.000738571694536,0.019929647864680555,1.5291849660506218,-0.4792836489105927,0.09408765206661335
-0.443441669467266,0.09106244010751337,0.5823721458498324,0.6909317859945312,1.3233213055041517,-0.00973113624848381,0.020471182185034416,-0.2582530782605894,0.18228942331967438,0.4094751538054293,-0.4218137650603573,-0.20448900797763264,-0.5011965247152982,0.7717956563087947,-0.5504873014912968,0.24456255496755872,-0.198164295785582,-0.29035466441737195,0.36771592733949376,0.15637030926710302,0.3729019878302333,0.1831091382826988,-0.3559188258636786,0.2429328911645611,0.304417259092637,0.527194393919636,-0.20437848454253538,-0.598348904596611,-0.08166586587722244,-0.22491491997803675,-0.2519346765519412,0.5431090032624086,-0.07256242079233051,-0.08820005039115815,-0.07763097325668292,-0.1330470172896894,-0.4399382575403913,0.04030323566837776,0.2703048918143195,-0.04494485067326496,0.1516181987815538,0.1280701486729936,-0.4429757070928777,0.20050878721455143,0.21114183321519703,0.583075892739945,0.3138113399355325,0.5521138852697755,0.09067958361194672,0.6395604196829525,-0.04518744217376416,0.6529397257422814,0.0716307416639603,-0.8352109153874775,0.27929684013223255,-0.05237966585732904
-0.48236938984502253,0.11230850420179596,0.7766465086767639,0.7893304845559582,1.397155397328876,0.014703332494265774,0.033313945821749145,-0.38367331307381475,0.09050777491927511,0.4196681862070868,-0.42895122533616664,-0.20974228005774465,-0.47289723235700204,0.7813692123901282,-0.5203249330759311,0.3658489762135653,-0.12268207768402849,-0.24969725196886075,0.5619520921000466,0.19014201531520686,0.2930281248085373,0.27241921525978813,-0.42582389008120197,0.304417259092637,0.3996014470847825,0.5291060959643469,-0.1691003896005288,-0.5817902119800119,-0.0062368275120051496,-0.09845510466768542,-0.04824424491003832,0.6686180919019588,-0.1590870029038913,-0.12966622780670173,0.022217143417859974,-0.060838343966619655,-0.4226545678582628,-0.02088169419041443,0.220856645951008,0.0084952326809378809,0.04534859717708739,0.20650058632915866,-0.5220558905324911,0.2199610800502493,0.12362344136117542,0.48220149463280926,0.39477828964868805,0.5698575320227643,-0.007799660933161165,0.6547997610111055,-0.040021340907100196,0.7226156888580627,0.2172281048201055,-0.802773082488614,0.2875492493426269,-0.04186172565416818
-1.2652126537063606,0.6199059263390617,1.5278062428064698,3.0707382071104945,5.327473294570824,-0.6453585805764175,0.3060782321636752,-0.1993979201717367,0.7708296356444463,1.4198886087375575,-2.239675034703854,-0.8113035620171608,-1.848957399891561,3.7479004165583683,-2.3642722582590654,0.510920607088656,-1.551622156659289,-0.41343150664403466,0.5296089441420966,0.6832821712054319,1.6591283808503583,-0.42120325931460906,-0.8620937496567965,0.527194393919636,0.5291060959643469,2.6064946133948546,-1.3264609174251993,-2.637314756455574,-1.2300959740442399,-1.4100236828136252,-1.8452801937471688,1.699496877762082,-0.2005457337418471,0.3755482032620665,-0.7028612293688713,-1.5495237504609098,-2.309875798535967,0.8407009362690956,1.7853519402900488,-1.2876060710099966,1.4379938714860196,-0.11938090443824328,-2.419623241960892,0.394018387000777,2.085854975835905,3.834453301274507,0.4479311253872421,2.652715161028578,1.138364414069261,2.488117686298162,-0.0830513563171643,2.693715927383917,-0.9339050003800629,-3.3192475139180986,1.0617153282113836,-0.3816228602198635
0.6228738353001823,-0.2767358628575531,-0.5538019166273793,-1.4558974544679588,-2.657086183719775,0.355131533686702,-0.13614370240345366,-0.032238791150402644,-0.5181941345156613,-0.7284804624036919,1.1411343026290417,0.41588623188443374,1.005243772103009,-1.9121445413712979,1.2650147419940079,-0.11869442978044828,0.879953214974937,0.28913627476917114,-0.048942035076826554,-0.3128331275198579,-0.9633370874843133,0.3042927295793927,0.36999802543293686,-0.20437848454253538,-0.1691003896005288,-1.3264609174251993,0.7242810969984432,1.3848046641547658,0.7072557911077834,0.8870833840558929,1.2050515655287783,-0.7288330386831735,-0.01345210221220955,-0.23865957151527423,0.4896101613775578,0.8730106448424628,1.20542153107035,-0.4905208520306341,-0.9751101233305686,0.7101463148410591,-0.8651898725557361,0.151098153588644,1.1294786917557433,-0.1780328669636614,-1.1607102603159811,-2.0775255217263493,-0.15741349494078452,-1.3340945240149054,-0.7027567848038957,-1.2701130675119015,0.055722268434758214,-1.3121622862008842,0.640946672013906,1.772046725813653,-0.5413083762519427,0.21409253461770608
1.734763769087871,-0.32052086643164496,-1.127120166597149,-2.6575335094363197,-5.830953589449245,0.383083093954899,-0.052381432687231416,0.10014711979909152,-1.5981953758384937,-1.8521563750259404,2.1203186998650256,0.9505610328359203,2.61568368611768,-3.8125800555865768,2.9401144859026838,-0.140826462569592,1.7114597140258623,1.5475800447594918,-0.07015101638071662,-0.5166086730663578,-2.463505271579213,0.0688859784164268,1.05293239338983,-0.598348904596611,-0.5817902119800119,-2.637314756455574,1.3848046641547658,3.083014909673154,1.1775393906771796,2.187349720477807,2.9889131624363077,-1.5504990690203524,-0.3465201202622823,-0.07554335927875797,1.2435415540352863,1.4392372122627006,2.389184506740497,-0.8124397897591911,-1.8575567446183394,0.8890665946713958,-1.7492685751324948,0.13607443576999775,1.6775955415315127,-0.7077502514166341,-1.9800179412964605,-3.9426339771416266,-0.7226716823928621,-2.6281892675960687,-1.3839441882281032,-2.9583524203395357,0.24093890325730064,-2.65559673071751,1.0558370161788924,4.299081748765953,-1.275291238316998,0.3852920120964253
0.3787746195424843,-0.3252423282841571,-0.36880055399304396,-1.349491110317203,-2.2233803951796522,0.446739056670677,-0.1880982925443737,-0.17909079988375487,-0.3562630315201021,-0.5313266908977166,1.092052705203194,0.3370422897891695,0.7382701879113158,-1.7531876681941547,1.0436740394214303,-0.054381944152080926,0.880381030566901,-0.026760637269289896,0.08755366849069017,-0.2950256627085338,-0.7613420009066797,0.5210470719659963,0.18715946997456367,-0.08166586587722244,-0.0062368275120051496,-1.2300959740442399,0.7072557911077834,1.1775393906771796,0.7859314486647863,0.7642195966722095,1.0565884849012037,-0.5496987049737002,0.03769197248851438,-0.3724378917328677,0.4286332082233613,0.951792025550608,1.1260965001948762,-0.5563892689831011,-0.9575612588084133,0.8629714982224286,-0.8610628586009619,0.24603784835197878,1.1762214795333965,-0.0447371718223062,-1.242393203160617,-2.0512740882199045,0.056741501396236585,-1.231089357352638,-0.7182037443227794,-1.0189896565665322,0.008985699727266136,-1.136152129578277,0.7677497062739984,1.3932032964082681,-0.42732610163753526,0.2114284159114328
1.357787222332122,0.24791009491098448,0.4397172297609323,-0.6059323560775083,-3.439579938574492,-0.05256660418886141,0.3157100926043405,-0.42433427293029746,-2.089564728988255,-1.457517616503641,0.9357008789189701,0.6466838463465501,2.3631889028762396,-2.034974786154199,2.3073123844146806,0.7147049988868472,1.2974369679215996,2.28922106521146,1.0666200741873566,0.03062232478821659,-2.475953562957439,-0.13933755979681284,0.5825109644462961,-0.22491491997803675,-0.09845510466768542,-1.4100236828136252,0.8870833840558929,2.187349720477807,0.7642195966722095,2.429627307485861,3.5062356589430634,-0.27448902693423005,-1.0799651011712739,0.21340026102399712,1.5773221121803567,0.8163474997340289,1.3871796845925513,-0.5652264093799443,-1.1898031439684662,0.1290535019576419,-1.5825814740528883,0.3087366865979362,-0.2436135757801141,-0.7009843409039219,-1.1490682387894233,-2.466348515162535,-0.4741211790378715,-1.2918502224378463,-1.2901393983872476,-2.0657757677223447,0.328429022801306,-1.1333775979086698,1.1061364915429077,3.5061996748193565,-0.8982795162015297,0.22945071621290053
1.859883034304252,0.4249604212292912,0.8764237636798422,-0.5744721847394726,-4.5489079114229645,-0.11965698398436668,0.4953166793267574,-0.7067974780105225,-3.0446517073717647,-2.00915864563419,1.1761875162687092,0.8753287002778564,3.3188837151801893,-2.6582653958076934,3.1946556272457776,1.1551130842817803,1.8099843930973003,3.339513617369616,1.712064561715489,0.12163638465744593,-3.528347365184571,-0.19190671535952575,0.7428844583959082,-0.2519346765519412,-0.04824424491003832,-1.8452801937471688,1.2050515655287783,2.9889131624363077,1.0565884849012037,3.5062356589430634,5.087825532301463,-0.19095705310274197,-1.6438017896349943,0.32403205254952544,2.3032101539637857,1.102622362190878,1.8454090608606883,-0.791000240085648,-1.617312315118293,0.1079826531163734,-2.252600239097012,0.4833045340063303,-0.6033439229949518,-0.9854178201603087,-1.5535916341696725,-3.342134593774515,-0.6111405112554995,-1.6592498179852893,-1.845118547928437,-2.8073155106757786,0.4760632281366764,-1.3927583189406545,1.6193128156631995,4.870195898031149,-1.221277413396908,0.30785200211822916
-0.8439426943208728,0.5546009387547683,1.7870785698900136,2.462733199019898,3.6097937653522063,-0.40559026216543426,0.3115474073613929,-0.6012263758426861,-0.03558914722636083,0.8517196474945297,-1.5218549060719855,-0.513375511977285,-0.9112619438464334,2.4668344516249805,-1.290751510988418,0.8585830607564336,-0.7051813241488487,0.16777202989988296,1.1528991322583722,0.6108052583660333,0.5943743907429133,-0.05160472065169639,-0.7605908298687688,0.5431090032624086,0.6686180919019588,1.699496877762082,-0.7288330386831735,-1.5504990690203524,-0.5496987049737002,-0.27448902693423005,-0.19095705310274197,1.5927548738089183,-0.5765914581183068,0.18038313735528444,0.03193555251586033,-0.7875514045390647,-1.428385884936769,0.3382970938115738,0.9750146076028335,-0.7575979407674851,0.48483684940513455,0.20197409713598963,-2.0526160524467083,0.240467321641664,1.08140678006246,2.121601383508051,0.5106793997783159,1.8010412013173844,0.33413571624180916,1.5573862928909334,0.0038285935084725977,2.0201191862325807,-0.0642732581863621,-1.8033550953832385,0.6677527819754968,-0.213941093724587
-0.39998361808971744,-0.46786034346747624,-1.0020219169203233,-0.9872745379228641,0.00895776782224328,0.3478715244778247,-0.3718655158596377,0.3790929523127721,1.1409272142737277,0.3944392369982914,0.37344179963798957,-0.08940818378515598,-0.8438526193659474,-0.28280876954332895,-0.5598630121533332,-0.7377591279455735,-0.19899869751608884,-1.4649263595700568,-0.9887851392480065,-0.3383480709308853,1.0054881783819576,0.3178293656825908,-0.03172146392062492,-0.07256242079233051,-0.1590870029038913,-0.2005457337418471,-0.01345210221220955,-0.3465201202622823,0.03769197248851438,-1.0799651011712739,-1.6438017896349943,-0.5765914581183068,0.8638217318642124,-0.34169249370753807,-0.7976915630058303,0.15040340237643576,0.0819690543093576,0.003918294617475934,0.014807854185773402,0.5239000762311333,0.45370998712103805,-0.15290958566836835,1.3025886350659097,0.32986061812606454,-0.16347754399242603,-0.030901384956427854,0.14937097554634207,-0.30565087225501986,0.38332395807741054,0.3349539458568424,-0.19885806323755748,-0.43162288626712736,-0.3368762506574181,-0.9822476750245801,0.15549109221451715,0.015465664513712148
0.26589804375254006,0.3032469667719788,0.2380237976049213,0.6890780567055894,0.2796367977326345,-0.3907167224909832,0.2501035966192821,0.09302134597719944,-0.43507271904892514,-0.1658536875454627,-0.46750363241615134,-0.005447086501208716,0.3069886401075518,0.537443254359839,0.05474802239705632,0.18919037176588333,-0.24338187172691056,0.8507133575918173,0.1462842525024661,0.20677234055240262,-0.2830701046402792,-0.5393917767129496,0.1539398858002387,-0.08820005039115815,-0.12966622780670173,0.3755482032620665,-0.23865957151527423,-0.07554335927875797,-0.3724378917328677,0.21340026102399712,0.32403205254952544,0.18038313735528444,-0.34169249370753807,0.4203713767226867,0.16768954138553,-0.48621175128969685,-0.33947795098014943,0.2567112272635075,0.32629461173138213,-0.6621916686159117,0.1605945005911107,-0.15445414644927635,-0.8947917748789386,-0.2723779695506553,0.5878133149852923,0.7096629673316525,-0.29276679556720847,0.4097350255080093,0.15876514553442173,-0.03717541492787825,0.10825433306429053,0.36841394867504496,-0.30649096713846136,0.23989990088632876,-0.02827531782287125,-0.09414391541048585
0.7915147083339258,0.2434780276138482,0.5329974231850201,-0.06723867711648769,-1.7953414980352445,-0.09162201813155631,0.25321843619135714,-0.35907258126313174,-1.3943345970126575,-0.8545960617216507,0.41399419114653974,0.36075965500663837,1.4497671687428253,-1.0152252770547394,1.3593749990146384,0.5899976186538302,0.763213565363604,1.5489864044857597,0.8611842201492534,0.1027660205495105,-1.565852999852087,-0.10471670038895693,0.2863850041596379,-0.07763097325668292,0.022217143417859974,-0.7028612293688713,0.4896101613775578,1.2435415540352863,0.4286332082233613,1.5773221121803567,2.3032101539637857,0.03193555251586033,-0.7976915630058303,0.16768954138553,1.052848253909765,0.43206476563550056,0.7261628440907919,-0.3254548833796525,-0.6565245261646352,-0.021337584754301496,-0.9836989291661565,0.23086186049926732,-0.4446196954895964,-0.4328111224289831,-0.6115668795490109,-1.3451753782666567,-0.25150190307746373,-0.6112697162087501,-0.8102605317501091,-1.1622172656338445,0.22012421995630205,-0.4808415175736186,0.7214380733035693,2.088768356503749,-0.5070479647286754,0.12435354132110556
0.4593205441517227,-0.44701967150707356,-0.6212891408294421,-1.8137608119998865,-2.805148583199552,0.5829596853597587,-0.27258261353381036,-0.13552657441701021,-0.31074644273181895,-0.6352453443430789,1.4048522342639067,0.41792536421398446,0.8449800345935032,-2.221302508015508,1.249516033212042,-0.18033892576604493,1.0515238724479032,-0.17369685745188554,-0.05672815385423499,-0.4154547975519699,-0.8370464281590249,0.6427902513613825,0.2594664795713123,-0.1330470172896894,-0.060838343966619655,-1.5495237504609098,0.8730106448424628,1.4392372122627006,0.951792025550608,0.8163474997340289,1.102622362190878,-0.7875514045390647,0.15040340237643576,-0.48621175128969685,0.43206476563550056,1.176618604983832,1.4091530406755677,-0.6648568380432919,-1.179991396283827,1.1049471521770806,-0.9980373266134404,0.2659833806736593,1.611706529581833,-0.025697519636475017,-1.5314321541268179,-2.526708804658087,0.042673914469566344,-1.5686656187719146,-0.829819270791014,-1.2511962680553168,-0.004987976984676051,-1.4945969483450656,0.8718746542008203,1.6533810518415033,-0.52502219239485,0.26772313865355485
