V1,V2,V3,V4,V5,V6,V7,V8,V9,V10,V11,V12,V13,V14,V15,V16,V17,V18,V19,V20,V21,V22,V23,V24,V25,V26,V27,V28,V29,V30,V31,V32,V33,V34,V35,V36,V37,V38,V39,V40,V41,V42,V43,V44,V45,V46,V47,V48,V49,V50,V51,V52,V53,V54,V55,V56
2.88476055824931,5.3597988031355115,0.4879671095269709,-1.1642094576571727,-2.0534011989062155,-2.8501965682522274,1.8606913513714758,2.5557471329769164,2.847603568713048,-1.999545056970013,5.102661379655666,4.70854321636088,-1.5820358691433059,3.871494188011596,-0.003633948734751059,-0.9563153953054874,0.8315203793394214,-2.0027335794133845,4.805946930838073,-0.08448147301525394,-0.912414770123546,-3.1772323715991027,2.0580475151432354,1.5339199670344434,-0.2917308975518015,4.6761987698365735,-2.2454407387080484,2.415136664349664,1.6053568209754994,1.1680237786145446,-1.559363563141976,-2.376314137347449,2.126553658269463,0.20953133656074258,-0.545070576489342,0.3296743866611661,-1.7606920426946713,0.4818275453889769,-2.2102653052138086,-3.1776621973288917,0.34480616449320833,-0.2550520702458977,1.8999822158596362,-0.46997188203098555,-2.0975273837234862,-1.7279992638298474,5.213329940855864,1.3925012944720678,0.2953338475058516,1.3048267626813952,0.4548736463236099,-1.0861842386339504,1.1852900980068786,-0.7320859471608853,1.7683452214987048,1.6940715972232094
5.3597988031355115,13.574667284617291,-0.8601960344104753,-1.767144239274409,-4.803009125571575,-9.609106700257541,5.981928577673789,8.430464820283316,7.5128632039316035,-6.383511953858039,13.070488347748096,12.57065593426279,-2.3956932394758077,11.198229901255644,1.1425713702674394,-3.334872272433365,2.291694258680867,-5.003194788847611,12.241486986102576,-1.1404221852077407,-5.115704619855404,-8.96536734538194,5.442218877415788,2.402331931453899,-0.7415102629799972,12.875103750830831,-6.0095247687244076,6.333676729313305,5.779211949540779,2.3282624250997013,-5.745174970473577,-7.792825719737417,5.829223719759521,1.0911588351583394,-0.1278377059678244,1.6548033402105193,-1.9947328874903572,-0.3096464925189828,-7.532516404270294,-9.294735679254797,0.8982225202443169,-2.7340136351191315,5.349184449166271,1.48408332545833,-5.901450897292485,-4.866370803024899,12.043078621450332,3.4978419180521167,1.0817183452597605,3.310423143695015,1.8043275892744786,-5.018113503874338,3.615101145425002,-2.6467833331714927,3.742264529956305,3.13955099112576
0.4879671095269709,-0.8601960344104753,0.9791323350401154,-0.44773456062494116,0.1450252293546393,1.6634419379108702,-0.906552330761575,-1.3783887800212347,-0.6171852422159442,1.0213562955120292,-0.9710097093629805,-1.0660652262330832,-0.5762506333440248,-1.3416472794396352,-0.5636992991041646,0.5536963774539087,-0.21336199026310726,0.3257307332320905,-0.7629784401922314,0.4525940835086917,1.5857541701145244,1.014801688049174,-0.43579002290437097,0.596019962158231,0.02442567398320775,-1.2443876139567573,0.5266375417457932,-0.4992975404426094,-1.149915001756489,0.12350249865330472,1.2034269928055408,1.3415276729420949,-0.6042685336283153,-0.3679229762918324,-0.580933255860453,-0.4718411530406095,-0.9209305428041625,0.7150134247440287,1.397127460774176,1.1759321583772102,-0.038157926415286515,1.0653132823223688,-0.5924500784487768,-1.2650564026032602,0.6494723550230189,0.4971112758242372,-0.23899409336163963,-0.1578177795185834,-0.23000030197590987,-0.22409971056700928,-0.39854130769564006,1.3003846383001803,-0.5184882316308218,0.45897657778230505,0.09668645166551847,0.2878531636791228
-1.1642094576571727,-1.767144239274409,-0.44773456062494116,1.3259171250047117,0.7429058257355686,0.36797415724269006,-0.9680033903371881,-0.7690847606433697,-0.6408994618219169,0.2237750368389069,-0.1664797888703333,-1.8093346065494762,0.7369616362014295,-0.19267402197755634,0.09595730364693789,0.9213142378214,-0.15471294877784209,0.16016345192209505,-1.5750455321310752,0.3249089595453366,-0.1265945795048732,0.21670045654622622,-0.34414665238675013,-1.6199538039518626,0.4648094366624859,-1.8873579002352585,0.87080750160696,-0.6047557625101077,0.16934395957152987,-0.1704325807924694,-0.7209157656305437,-0.4185087277648084,0.02815310856708728,0.772081780713409,0.7058183878311162,-0.32511229503866224,0.06901867633399222,-1.135848181038467,-0.10151785710597425,0.7504160327282673,-0.6726367092206255,0.20459047087438886,-0.4757134825116481,0.7488193428672812,0.4895891256117834,1.0122316082058238,-1.9861590939496145,-0.9888143929507404,0.21313895335086325,0.2581680768083765,0.05829298280003498,0.08279945360935899,-0.16749961161645135,0.23869748509972286,-1.0149894229520977,-0.4028599698117923
-2.0534011989062155,-4.803009125571575,0.1450252293546393,0.7429058257355686,1.7367010870029416,3.204255407224572,-2.036103731166881,-2.8371642484670647,-2.624481518911298,2.1580997701195894,-4.561735288553152,-4.411737681802838,0.9629018800144304,-3.8143151897754453,-0.3138618442569712,1.1273163362969838,-0.7865121812076652,1.7624486141767532,-4.3091655748760695,0.3454199114532646,1.6040533222619673,3.080587756386851,-1.887197445823306,-0.9759977390306588,0.27362678428619697,-4.493803375881159,2.112941671214644,-2.216721376988203,-1.8996296549540712,-0.8577027763090198,1.8601092000305681,2.594838172418924,-2.007388360950482,-0.3211397035758598,0.14527885017973693,-0.543401915286702,0.8622302530589262,-0.040891038362219384,2.5131989672402333,3.2015798632441284,-0.33531027412479686,0.8202204777188735,-1.8541496245167948,-0.3059553940603512,2.0425126453362132,1.70194370485769,-4.350511273463423,-1.2490249314919912,-0.3482090655836575,-1.137669416789458,-0.5807172819831873,1.5984141164240038,-1.2321980747799623,0.8594483922182714,-1.3949343292280019,-1.1896758318353908
-2.8501965682522274,-9.609106700257541,1.6634419379108702,0.36797415724269006,3.204255407224572,8.089911611711338,-4.675229611819298,-6.875605341840389,-5.5621604479219435,5.288392191372776,-9.881024459681964,-9.096597075893255,0.8779342669979205,-8.942760178010818,-1.3568531138934494,2.536279071546103,-1.7395874348317923,3.7036789362151756,-8.676577224234338,1.1123801364972896,5.0603678773236105,7.070610608906724,-4.066436521804616,-0.5910344939410587,0.3856448828065763,-9.450624900428918,4.357961944870114,-4.648719678594604,-5.1280427042931915,-1.4383911916026824,5.335618993211516,6.7737550248022655,-4.599931888396851,-1.345550380243152,-0.6799330601138385,-1.4738821266391957,0.4838617498235335,1.263130097062232,6.53471560444009,7.269651306026387,-0.4391540642891369,2.829406103669622,-4.091863709112534,-2.469312961122233,4.524427977220383,3.5017716014970737,-7.897250158174776,-2.2529922446231443,-1.0326632553361272,-2.588364404354485,-1.644756014442865,4.670691021842182,-2.9255989389517887,2.2040975079476914,-2.1598051260512,-1.7609864924248668
1.8606913513714758,5.981928577673789,-0.906552330761575,-0.9680033903371881,-2.036103731166881,-4.675229611819298,3.2808589798990315,4.321697005612851,3.223029625883652,-3.0028762730832614,4.8666355199452775,5.918786909867561,-0.6335785314749782,4.707202433133056,0.8214686243161734,-2.1364549974363127,0.9832588717611292,-1.8808521218418877,5.378437998484856,-0.9940839380992872,-2.950135552586292,-3.7456781638522085,2.2475284483561153,1.2159643912734377,-0.5525350848446954,6.234147018234304,-2.8474787171404743,2.7399852637939337,2.692991287491686,0.6739067862867066,-2.365851927547953,-3.2965150142182593,2.2680553625467454,0.15650781613054895,0.051306923354557374,1.1570204246962883,0.27319256634889943,-0.029272044580871633,-3.4827068199873623,-4.353835032260571,0.7510455658837552,-1.9760226815651554,2.4536939474418458,1.1696932051941609,-2.680843611057598,-2.5840214832131663,5.07720272751132,1.8424849005894979,0.3968404672411998,1.0143530099600833,0.8781188063506231,-2.7910724823114603,1.6697109803711117,-1.3908833992141831,1.6758687128792369,0.9018035016224513
2.5557471329769164,8.430464820283316,-1.3783887800212347,-0.7690847606433697,-2.8371642484670647,-6.875605341840389,4.321697005612851,6.053720991220854,4.735290381672977,-4.464052670759443,7.896730326831079,8.133553835975103,-0.8248990582217876,7.326860666365402,1.1749571857630914,-2.5588956536729546,1.4664166695876162,-2.993639532552432,7.5982434690567535,-1.1558762934363715,-4.315015838327232,-5.8089563226719925,3.3961954557231917,1.0304893069937133,-0.526966569725121,8.501353149752411,-3.904104841208055,3.985927538386461,4.195431566858393,1.1295311597536521,-4.103222386007928,-5.386348469137696,3.676999480041225,0.7694058525988121,0.3717855179494402,1.4360035505477693,-0.08380816837922618,-0.6504523880661783,-5.378757112880417,-6.273260814248343,0.672592928961622,-2.60884425485253,3.533125558468493,1.9409701818076865,-3.886610751601622,-3.314316190962499,7.027211469067939,2.241371986476925,0.7571997801764524,1.9118037077522394,1.3538828628066946,-4.0242073470639825,2.4746741175930986,-1.9435684750764226,2.0955994470311334,1.4307701821470282
2.847603568713048,7.5128632039316035,-0.6171852422159442,-0.6408994618219169,-2.624481518911298,-5.5621604479219435,3.223029625883652,4.735290381672977,4.263823109259233,-3.701689931011566,7.736622247082164,6.886313649637356,-1.2224123948601144,6.591074164979044,0.6916948404991702,-1.6703917049782058,1.3152478480550032,-2.929984820599579,6.7877621705722095,-0.5549740801622742,-3.0303019358055283,-5.254987940387331,3.1322694305426175,0.938093714570441,-0.28975137775184423,7.03486851959247,-3.287677058566325,3.574404287051118,3.466255095662548,1.3469644855070853,-3.6275041730897817,-4.745740115571656,3.4755371561773263,0.8915048542394775,0.12700896209617565,0.8585784376239988,-1.2185679045346691,-0.5309715586253971,-4.478474796630281,-5.264112370407192,0.31347751623587955,-1.5211889484365946,3.01974578771786,1.0803882718399016,-3.3440940212479457,-2.5584096949405697,6.552503750859571,1.7649805598200312,0.7083540921944511,2.063647598087151,1.083582750077453,-2.921270237591237,2.085826157868567,-1.4931152676591628,1.9108233706732431,1.7623576479726164
-1.999545056970013,-6.383511953858039,1.0213562955120292,0.2237750368389069,2.1580997701195894,5.288392191372776,-3.0028762730832614,-4.464052670759443,-3.701689931011566,3.502061219531977,-6.6920322472721745,-5.9886901454115264,0.6325748725322055,-5.940975644260076,-0.8390655519314328,1.5646217854526965,-1.141616291022592,2.518493493600233,-5.724489165869282,0.6590674892255135,3.2725905094992433,4.729722157131651,-2.696597115164585,-0.33056866507476446,0.22062579593946618,-6.193557271074377,2.877752998883992,-3.089393122812222,-3.382056055772782,-0.9996866296535665,3.5570118728831908,4.526935033599708,-3.1016290173779,-0.9485681935881847,-0.4498759540558002,-0.9364444309377434,0.4926428592991933,0.8300371755346114,4.346457153242108,4.81735111211627,-0.24035269206256424,1.7548997580127366,-2.714758379244706,-1.53666322880995,3.0003584883607366,2.2604536083859514,-5.277293925109614,-1.4313209866194392,-0.6961931481353663,-1.760225282502582,-1.0683973386821477,2.9962075103620305,-1.941404063986334,1.3784227365083594,-1.4420724366608213,-1.2488191468581185
5.102661379655666,13.070488347748096,-0.9710097093629805,-0.1664797888703333,-4.561735288553152,-9.881024459681964,4.8666355199452775,7.896730326831079,7.736622247082164,-6.6920322472721745,15.380029260541313,11.50253015911687,-2.222207732603838,12.56591228288891,1.0736878867801243,-1.9319362931290944,2.4109749111351833,-5.75004656307749,11.829866351536703,-0.3778613598581711,-5.178288250132115,-10.004397001658749,5.842950330020798,0.5569849553104699,-0.0314667817535356,11.562502683372086,-5.472187970602277,6.4200258027311445,6.541430768231421,2.7666969717683476,-7.499165223091899,-9.396172159454885,6.883804431323981,2.5011645038035644,0.6072701320443136,1.017490464663025,-3.337575614553079,-1.8486296845139925,-8.404970232513108,-9.243689781093188,-0.17967542320577662,-2.025436533727675,5.320009538174628,2.0531313809006737,-5.94000893038856,-3.771081687350652,11.320810268745367,2.408177469451291,1.556660097031703,4.489047304901344,2.0117321998251625,-4.935260822592379,3.771755533158366,-2.4521595328482952,2.929311135968906,3.5241261420549597
4.70854321636088,12.57065593426279,-1.0660652262330832,-1.8093346065494762,-4.411737681802838,-9.096597075893255,5.918786909867561,8.133553835975103,6.886313649637356,-5.9886901454115264,11.50253015911687,11.868816359804386,-1.9982836436673554,10.16078364043756,1.2236835357672702,-3.4948066093060914,2.095452001697452,-4.420911339470255,11.318118214956383,-1.3469938795185366,-5.093668298679743,-8.130824657527072,4.927249835774753,2.3828552620712644,-0.83705159090928,12.256413194802304,-5.686820157335619,5.822180143472089,5.381988654142662,1.94493004403793,-5.13833354876686,-7.056365038618026,5.180627640401953,0.7729248558456824,-0.09335206087294254,1.7879422464156292,-1.1754542452556682,-0.15314050904965518,-7.0126177632371185,-8.73382682934825,1.0678485997918443,-2.963781506578727,4.998283644455632,1.6109591776123333,-5.4961890173373265,-4.780314120137147,11.044034750403076,3.43876840798556,0.9352180710185501,2.7663289161364273,1.6994025332120524,-4.9431030241339196,3.375982193464364,-2.5641377802983594,3.5132785634890635,2.632233561762591
-1.5820358691433059,-2.3956932394758077,-0.5762506333440248,0.7369616362014295,0.9629018800144304,0.8779342669979205,-0.6335785314749782,-0.8248990582217876,-1.2224123948601144,0.6325748725322055,-2.222207732603838,-1.9982836436673554,1.0071187201326806,-1.5125788820835453,0.17851081429475646,0.31848260430321507,-0.36344716736749566,0.8783466137379958,-2.196436805398918,-0.10225264432329076,-0.10321879015539168,1.2402996717896526,-0.9104673785418612,-1.0245567415964814,0.1440061347448053,-1.9263751926718609,0.9348417365240946,-1.0470948193557208,-0.40904256871279926,-0.6353055607787518,0.37374342175868297,0.7164608402795467,-0.8535957322161143,0.03536057162401859,0.4907361494374066,0.01675074358734639,1.195363437385156,-0.4669882646603547,0.5932945998104043,1.162211248652953,-0.1633001743248413,-0.22349944201178146,-0.7383538181280327,0.6440296146709177,0.8214532823606908,0.701303768223604,-2.540318494823674,-0.6718281497619348,-0.06847142431960482,-0.6000413380353163,-0.10287350132950211,0.12078800057110674,-0.4056802983034356,0.26740994145309754,-0.9120288250761599,-0.9403185161740765
3.871494188011596,11.198229901255644,-1.3416472794396352,-0.19267402197755634,-3.8143151897754453,-8.942760178010818,4.707202433133056,7.326860666365402,6.591074164979044,-5.940975644260076,12.56591228288891,10.16078364043756,-1.5125788820835453,10.722759234538298,1.2291551994522991,-2.196469061094264,2.072858777497192,-4.687315900527318,10.158547594081325,-0.7334128144200732,-5.096499653251846,-8.489358158856232,4.934681053917194,0.5177908144723343,-0.18787682485695167,10.36812027708204,-4.840557489126836,5.484021148700326,5.819356209338857,2.0883002846783287,-6.434046576895064,-8.064406182215698,5.71575179124167,1.946595672681071,0.6691562161657619,1.209880824572026,-1.8940624009245937,-1.6266892652710239,-7.4216657729630455,-8.16370715999132,0.09565907505909894,-2.419856002661133,4.653466103294078,2.31350639227172,-5.17856557387974,-3.5706139091839755,9.465011101437092,2.2870710938811114,1.3001095297869958,3.5533886664164487,1.8320942339420963,-4.797130832949868,3.318571348744332,-2.347102850688239,2.4726976102604596,2.603528825556275
-0.003633948734751059,1.1425713702674394,-0.5636992991041646,0.09595730364693789,-0.3138618442569712,-1.3568531138934494,0.8214686243161734,1.1749571857630914,0.6916948404991702,-0.8390655519314328,1.0736878867801243,1.2236835357672702,0.17851081429475646,1.2291551994522991,0.3673276130474894,-0.5216976537866508,0.2304737866171038,-0.385407507824648,1.0410981335200145,-0.3297731802206628,-1.0889962938007935,-0.9426092825044792,0.4962453481910647,-0.11412491075025967,-0.07800308904431551,1.3457070873783517,-0.5902394071705782,0.5767065975578635,0.8691436913346411,0.034703594266664084,-0.8632713097155305,-1.034240484449233,0.5679055999829704,0.1930598832286708,0.2712542234064361,0.3478277926757579,0.44434718196289347,-0.3508194670532185,-1.0693514880186843,-1.0735913054869117,0.10448134891922756,-0.7355219190109857,0.574813900500419,0.7397049104964125,-0.6308986897487033,-0.5449661290665702,0.7452712403819689,0.30610845031529565,0.15821449996921794,0.24880305371061712,0.2984552067048697,-0.9532977996650808,0.44382269012495984,-0.4059858874986717,0.15702590069734348,-0.017184018360448982
-0.9563153953054874,-3.334872272433365,0.5536963774539087,0.9213142378214,1.1273163362969838,2.536279071546103,-2.1364549974363127,-2.5588956536729546,-1.6703917049782058,1.5646217854526965,-1.9319362931290944,-3.4948066093060914,0.31848260430321507,-2.196469061094264,-0.5216976537866508,1.6020778076951236,-0.5088209590517446,0.7756463260215297,-3.0127211741271833,0.7998738068258457,1.6800235586085,1.7388525783947042,-1.106947353123047,-1.1354693455870932,0.5034107668546589,-3.755451111881571,1.6829261219142186,-1.449565003546726,-1.295775940061709,-0.20574521465007797,0.8422765227134513,1.3707622606723602,-0.9225986411866012,0.30474963354555934,0.13331420809199462,-0.8298358170974119,-0.6525966353411791,-0.34545890193057444,1.6789761371154137,2.380928617844728,-0.7146076324640719,1.36555209818665,-1.3363237189021895,-0.6000507658007448,1.4415941134336425,1.719360397513541,-2.86262949267349,-1.309341696037028,-0.08960805422267534,-0.2118416150267891,-0.4447949773862137,1.6313598328451597,-0.8684498427041442,0.86457049747425,-1.0887517723919091,-0.31105177406674206
0.8315203793394214,2.291694258680867,-0.21336199026310726,-0.15471294877784209,-0.7865121812076652,-1.7395874348317923,0.9832588717611292,1.4664166695876162,1.3152478480550032,-1.141616291022592,2.4109749111351833,2.095452001697452,-0.36344716736749566,2.072858777497192,0.2304737866171038,-0.5088209590517446,0.41717348317688147,-0.9023028245226687,2.0954013757330485,-0.17017057446395173,-0.9472324714475668,-1.6355257999761124,0.9825108945247352,0.2644662795161216,-0.07930309679178123,2.143547305153556,-0.994240948699663,1.1018377538119686,1.0903761636870555,0.4179066442476309,-1.1623771735645703,-1.4915727111639006,1.08493959625875,0.2966240221937566,0.05610209144724019,0.24855593811713428,-0.37300995116284663,-0.21623128391293445,-1.3877465692094053,-1.6083558435743324,0.07801191914734627,-0.48056104053547544,0.923388888169628,0.38023892050361197,-1.0257532092962742,-0.77006006939808,1.9850308998676782,0.5341344746120608,0.22823252611036,0.6652676817412507,0.3473907461477716,-0.9261131817687558,0.6416791237101885,-0.4908134417203357,0.5587998562266906,0.532121867364658
-2.0027335794133845,-5.003194788847611,0.3257307332320905,0.16016345192209505,1.7624486141767532,3.7036789362151756,-1.8808521218418877,-2.993639532552432,-2.929984820599579,2.518493493600233,-5.75004656307749,-4.420911339470255,0.8783466137379958,-4.687315900527318,-0.385407507824648,0.7756463260215297,-0.9023028245226687,2.1626189734773846,-4.508869989406428,0.15942267246064135,1.9258056134212298,3.747029170073426,-2.1937916427398747,-0.3079300511610983,0.042489902228283846,-4.445687580593506,2.108192817614304,-2.4354740279999736,-2.4270839832133593,-1.042550842974765,2.7414259413170012,3.478704594261114,-2.567315309528174,-0.8822738837848543,-0.17987798806503763,-0.41004352128464217,1.2532268749551638,0.5974255321571721,3.139107291254817,3.5117880625999125,0.019485887802089014,0.7619686073345232,-2.0226262126698993,-0.6985855769409943,2.254052582590667,1.4780382924485316,-4.365807991250063,-0.959486199176466,-0.5653977090337465,-1.6469414159793478,-0.7414004302053929,1.835767307058365,-1.422682535841129,0.9089328369323847,-1.1702756087898947,-1.3473971530815316
4.805946930838073,12.241486986102576,-0.7629784401922314,-1.5750455321310752,-4.3091655748760695,-8.676577224234338,5.378437998484856,7.5982434690567535,6.7877621705722095,-5.724489165869282,11.829866351536703,11.318118214956383,-2.196436805398918,10.158547594081325,1.0410981335200145,-3.0127211741271833,2.0954013757330485,-4.508869989406428,11.102269744978623,-1.019733753166796,-4.565141905223476,-8.092893140553766,4.953651360752599,2.2174582442294803,-0.6641884163321351,11.592044646288471,-5.393841276944445,5.723893890831004,5.208906029988108,2.1251768460901506,-5.204844091214703,-7.022480509180407,5.267063261434479,0.9857062948178785,-0.13872980845275637,1.4446335969460722,-1.8453697066297556,-0.32084971050682626,-6.74354827848593,-8.333609023183431,0.7943950574406804,-2.4519412584031026,4.804576762912072,1.3583260097770171,-5.308329651403609,-4.371923302072694,10.874072725365886,3.1737275320734444,0.9805201771435964,3.0403156957033257,1.6409412216921868,-4.5336710200720365,3.243288188238518,-2.456240571461822,3.3573943841229172,2.840704833877075
-0.08448147301525394,-1.1404221852077407,0.4525940835086917,0.3249089595453366,0.3454199114532646,1.1123801364972896,-0.9940839380992872,-1.1558762934363715,-0.5549740801622742,0.6590674892255135,-0.3778613598581711,-1.3469938795185366,-0.10225264432329076,-0.7334128144200732,-0.3297731802206628,0.7998738068258457,-0.17017057446395173,0.15942267246064135,-1.019733753166796,0.47260359524457507,0.9277831263286409,0.5704220901789111,-0.33466684286545667,-0.36503639092996004,0.24492496717761678,-1.5115530175842113,0.6569235895996555,-0.48763939798255623,-0.5661170786583203,0.07333322078690963,0.3120623856928925,0.5048264645131934,-0.2384710686211499,0.18287927438193935,-0.04850128531392282,-0.4628741344622933,-0.7054110509221623,-0.0893073849715528,0.7197466532301782,0.9588691152842465,-0.36076256853433525,0.8076616934398795,-0.5145212379426692,-0.4858525271837914,0.5466171059006549,0.7518606846044512,-0.8522416399923907,-0.5396237255925419,-0.019304702710086677,0.07611413561748706,-0.2056659438878376,0.842683254880317,-0.35106523587597677,0.39309172831944755,-0.3502952145342182,0.09902011123906407
-0.912414770123546,-5.115704619855404,1.5857541701145244,-0.1265945795048732,1.6040533222619673,5.0603678773236105,-2.950135552586292,-4.315015838327232,-3.0303019358055283,3.2725905094992433,-5.178288250132115,-5.093668298679743,-0.10321879015539168,-5.096499653251846,-1.0889962938007935,1.6800235586085,-0.9472324714475668,1.9258056134212298,-4.565141905223476,0.9277831263286409,3.6668945926386907,4.01915054619414,-2.1677563654188075,0.18430859975769154,0.23150888965279198,-5.417089120955905,2.4660706962369803,-2.52266277407076,-3.2680134757530053,-0.512955254795385,3.3457752465361694,4.14141625695832,-2.546242754775466,-0.8566642831495407,-0.7820917093308493,-1.1277566201496587,-0.6479691997368427,1.081424122981935,4.1419812303197245,4.330149270592109,-0.2906667853855146,2.226864672923866,-2.3735696932020853,-2.151683332790533,2.611024038660846,2.0712195616411773,-3.8142456993640153,-1.1941800023819744,-0.6385641973204224,-1.2767182010943448,-1.0653023963901291,3.2190565634473955,-1.770932315722578,1.353465720932432,-0.9480677005063034,-0.5343806938266386
-3.1772323715991027,-8.96536734538194,1.014801688049174,0.21670045654622622,3.080587756386851,7.070610608906724,-3.7456781638522085,-5.8089563226719925,-5.254987940387331,4.729722157131651,-10.004397001658749,-8.130824657527072,1.2402996717896526,-8.489358158856232,-0.9426092825044792,1.7388525783947042,-1.6355257999761124,3.747029170073426,-8.092893140553766,0.5704220901789111,4.01915054619414,6.752821736890938,-3.910110871174128,-0.4467174373955655,0.1606873689652476,-8.288556447210931,3.883910683568394,-4.374035610571305,-4.596838999320128,-1.671057840352847,5.061616712454372,6.385520978076148,-4.544228175424148,-1.5251023877783225,-0.505195019746243,-0.9770398686658606,1.5535609986945467,1.2152025437435297,5.900764182745462,6.523732144984387,-0.09522220077293832,1.8872769079286469,-3.719155845078427,-1.7507030461857052,4.132704090754254,2.8616627564535673,-7.60843856498274,-1.8298338141281123,-1.0220384672192686,-2.7996022229969912,-1.4349761730874258,3.7642326989190864,-2.64496151171717,1.8139610765242824,-2.0197671325310513,-2.1113934151696037
2.0580475151432354,5.442218877415788,-0.43579002290437097,-0.34414665238675013,-1.887197445823306,-4.066436521804616,2.2475284483561153,3.3961954557231917,3.1322694305426175,-2.696597115164585,5.842950330020798,4.927249835774753,-0.9104673785418612,4.934681053917194,0.4962453481910647,-1.106947353123047,0.9825108945247352,-2.1937916427398747,4.953651360752599,-0.33466684286545667,-2.1677563654188075,-3.910110871174128,2.339019330797565,0.5819939140146839,-0.1543404880841772,5.013554107627554,-2.3409099116880316,2.618979235745119,2.5725249553931078,1.0348334238568382,-2.7797702745146036,-3.5685501085762987,2.618478847078228,0.7551585853175372,0.12657227404888136,0.5455274909051964,-1.0360444588512678,-0.5158155182947021,-3.292439300806494,-3.8007825553302514,0.1375487895089356,-1.0316606222675027,2.1862782556298117,0.8217736156042476,-2.430914154586973,-1.7697423138916026,4.741348108225346,1.2145545390391521,0.5532463497709839,1.6253239878144976,0.8089336609341486,-2.111739132186982,1.5199577176400156,-1.105350259214557,1.3278711523605617,1.3289957034975113
1.5339199670344434,2.402331931453899,0.596019962158231,-1.6199538039518626,-0.9759977390306588,-0.5910344939410587,1.2159643912734377,1.0304893069937133,0.938093714570441,-0.33056866507476446,0.5569849553104699,2.3828552620712644,-1.0245567415964814,0.5177908144723343,-0.11412491075025967,-1.1354693455870932,0.2644662795161216,-0.3079300511610983,2.2174582442294803,-0.36503639092996004,0.18430859975769154,-0.4467174373955655,0.5819939140146839,2.074714796370814,-0.5578631408454386,2.4668286940410704,-1.1252325849833047,0.8695516026573722,-0.124551418464372,0.30976223444219264,0.7441571262096824,0.37343756477916357,0.10390693435021066,-0.8982087012831108,-0.9053806146228387,0.3348941272843174,-0.2738606410123285,1.3317240848416017,0.06637346839844466,-1.0023467985213061,0.791829980246709,-0.21407204682114345,0.6450524250053798,-0.9163250786006768,-0.6798159543137463,-1.26846480699077,2.6810254134741145,1.2695560125771888,-0.23007634299352672,-0.15767067991052017,-0.031881705213873714,-0.1461960352081155,0.2416315176443485,-0.39843124598514856,1.287850114217254,0.6015513423361266
-0.2917308975518015,-0.7415102629799972,0.02442567398320775,0.4648094366624859,0.27362678428619697,0.3856448828065763,-0.5525350848446954,-0.526966569725121,-0.28975137775184423,0.22062579593946618,-0.0314667817535356,-0.83705159090928,0.1440061347448053,-0.18787682485695167,-0.07800308904431551,0.5034107668546589,-0.07930309679178123,0.042489902228283846,-0.6641884163321351,0.24492496717761678,0.23150888965279198,0.1606873689652476,-0.1543404880841772,-0.5578631408454386,0.20900415140233136,-0.9144630510633636,0.4056521545728622,-0.2698080516976494,-0.08571765955724808,0.00410753006612154,-0.1566341913096425,-0.029211909897698514,-0.009621851416692133,0.2942294419933006,0.17950629715783956,-0.23341928199022596,-0.2507934556986383,-0.35077792426534943,0.13686149477366574,0.4397718547999622,-0.30494495867666493,0.31221514406217843,-0.2526403693463319,0.05317362272487768,0.26123272101920764,0.4923668465104309,-0.7190667608764527,-0.42897298932142647,0.0654388896248622,0.13444525016315376,-0.03611630171795679,0.2645443202523089,-0.12844898289222187,0.1796223744234751,-0.36412346494736425,-0.04246153663756816
4.6761987698365735,12.875103750830831,-1.2443876139567573,-1.8873579002352585,-4.493803375881159,-9.450624900428918,6.234147018234304,8.501353149752411,7.03486851959247,-6.193557271074377,11.562502683372086,12.256413194802304,-1.9263751926718609,10.36812027708204,1.3457070873783517,-3.755451111881571,2.143547305153556,-4.445687580593506,11.592044646288471,-1.5115530175842113,-5.417089120955905,-8.288556447210931,5.013554107627554,2.4668286940410704,-0.9144630510633636,12.70370711888378,-5.876562934850225,5.95370641950459,5.565464051107494,1.89863341403076,-5.240573792397311,-7.210406443789886,5.236368198470396,0.7156926152136885,-0.05570444665582713,1.9442138842634227,-0.8947724049938823,-0.1479710711733381,-7.241396915786532,-9.02085568751982,1.1820334294048203,-3.249704223740403,5.148454824635342,1.806921936447413,-5.6543838322615345,-5.009661912812769,11.24300314792732,3.5979519128144153,0.9410729767608378,2.7252276932663415,1.768205005603203,-5.23149528898807,3.4823994078181206,-2.6936365678817493,3.596807995895652,2.5656619768425637
-2.2454407387080484,-6.0095247687244076,0.5266375417457932,0.87080750160696,2.112941671214644,4.357961944870114,-2.8474787171404743,-3.904104841208055,-3.287677058566325,2.877752998883992,-5.472187970602277,-5.686820157335619,0.9348417365240946,-4.840557489126836,-0.5902394071705782,1.6829261219142186,-0.994240948699663,2.108192817614304,-5.393841276944445,0.6569235895996555,2.4660706962369803,3.883910683568394,-2.3409099116880316,-1.1252325849833047,0.4056521545728622,-5.876562934850225,2.729805876268537,-2.779809296587072,-2.579393906851411,-0.9154083083049113,2.4506044721889584,3.375763128354912,-2.46952966386792,-0.36413048689067845,0.033481033018297225,-0.8766892255082906,0.5244016930428215,0.0634254846273065,3.3727306779477404,4.195471784217265,-0.5210911568331116,1.438780097816351,-2.3975253097194456,-0.7793540532642423,2.6335876257455326,2.2984979346510146,-5.2696338368571265,-1.6442104465734688,-0.444914666942595,-1.2999486014971737,-0.8113746311485113,2.3759205400831553,-1.620980834524145,1.213047754120008,-1.6832911068695513,-1.2453476872302407
2.415136664349664,6.333676729313305,-0.4992975404426094,-0.6047557625101077,-2.216721376988203,-4.648719678594604,2.7399852637939337,3.985927538386461,3.574404287051118,-3.089393122812222,6.4200258027311445,5.822180143472089,-1.0470948193557208,5.484021148700326,0.5767065975578635,-1.449565003546726,1.1018377538119686,-2.4354740279999736,5.723893890831004,-0.48763939798255623,-2.52266277407076,-4.374035610571305,2.618979235745119,0.8695516026573722,-0.2698080516976494,5.95370641950459,-2.779809296587072,3.00080240642623,2.87308931060726,1.121875754647807,-2.973278809563271,-3.917337680646141,2.8802295114808003,0.6933013561433862,0.0701938154197543,0.7367317674303262,-0.9952236234972504,-0.3814634861123497,-3.7164856893597613,-4.415576178781716,0.30217306123716564,-1.2898566673741283,2.534703051902558,0.869605415438239,-2.80446465113227,-2.1864433269738375,5.5433577164433325,1.525160243030416,0.5757552930632612,1.694397712383612,0.8992104999092966,-2.4433956464716053,1.7422841268608396,-1.2607316653585086,1.640427156067277,1.4763598051818017
1.6053568209754994,5.779211949540779,-1.149915001756489,0.16934395957152987,-1.8996296549540712,-5.1280427042931915,2.692991287491686,4.195431566858393,3.466255095662548,-3.382056055772782,6.541430768231421,5.381988654142662,-0.40904256871279926,5.819356209338857,0.8691436913346411,-1.295775940061709,1.0903761636870555,-2.4270839832133593,5.208906029988108,-0.5661170786583203,-3.2680134757530053,-4.596838999320128,2.5725249553931078,-0.124551418464372,-0.08571765955724808,5.565464051107494,-2.579393906851411,2.87308931060726,3.3906176597033206,0.9355384638826634,-3.7252163719071687,-4.583029512324873,3.0626293289442597,1.1539741211743328,0.6436211667738525,0.823310291426408,-0.44741008301641333,-1.1642863302833775,-4.302733953301068,-4.520969283819041,0.044232344723761904,-1.688535902867035,2.5337574583749376,1.759094545126683,-2.8138750838333615,-1.9400947264151547,4.62173959212624,1.1382380289958671,0.749213823933687,1.819799549078972,1.0792553614501155,-2.951730869832862,1.862029153088979,-1.3228968821170386,1.1189207210530216,1.1016544843951517
1.1680237786145446,2.3282624250997013,0.12350249865330472,-0.1704325807924694,-0.8577027763090198,-1.4383911916026824,0.6739067862867066,1.1295311597536521,1.3469644855070853,-0.9996866296535665,2.7666969717683476,1.94493004403793,-0.6353055607787518,2.0883002846783287,0.034703594266664084,-0.20574521465007797,0.4179066442476309,-1.042550842974765,2.1251768460901506,0.07333322078690963,-0.512955254795385,-1.671057840352847,1.0348334238568382,0.30976223444219264,0.00410753006612154,1.89863341403076,-0.9154083083049113,1.121875754647807,0.9355384638826634,0.5973448962220712,-1.1163452099134101,-1.444010618694718,1.1820224747084613,0.3835283507394268,-0.0695207967757297,0.04028916258443412,-0.9728069249315432,-0.14992944786972096,-1.217850590097582,-1.4546692820753682,-0.053251187707633006,-0.05702532688814999,0.8660256240045554,0.007837529526690869,-0.9728475228675377,-0.5867797963389133,2.181509829466715,0.4312982359114756,0.23845755155787898,0.8361753844819865,0.2762872324191698,-0.5673694265289217,0.5821194364147001,-0.3551517000081302,0.6099861513081332,0.7972929492505916
-1.559363563141976,-5.745174970473577,1.2034269928055408,-0.7209157656305437,1.8601092000305681,5.335618993211516,-2.365851927547953,-4.103222386007928,-3.6275041730897817,3.5570118728831908,-7.499165223091899,-5.13833354876686,0.37374342175868297,-6.434046576895064,-0.8632713097155305,0.8422765227134513,-1.1623771735645703,2.7414259413170012,-5.204844091214703,0.3120623856928925,3.3457752465361694,5.061616712454372,-2.7797702745146036,0.7441571262096824,-0.1566341913096425,-5.240573792397311,2.4506044721889584,-2.973278809563271,-3.7252163719071687,-1.1163452099134101,4.4130914996786075,5.234297291819715,-3.4982129089886365,-1.663269379164903,-0.901225960556185,-0.6113699109464944,0.9396536132220515,1.7214973783642438,4.687244159571408,4.597136948556547,0.327782550351028,1.4738336875511064,-2.5785211520832307,-1.9882226469601116,2.8893730078839917,1.6053203809818957,-4.493044661230955,-0.7955646689518743,-0.9295955154438847,-2.2787539045019862,-1.1759916049079728,2.9854773010451696,-1.9544931223740736,1.2977146207022334,-0.8668938623678354,-1.2674775121540722
-2.376314137347449,-7.792825719737417,1.3415276729420949,-0.4185087277648084,2.594838172418924,6.7737550248022655,-3.2965150142182593,-5.386348469137696,-4.745740115571656,4.526935033599708,-9.396172159454885,-7.056365038618026,0.7164608402795467,-8.064406182215698,-1.034240484449233,1.3707622606723602,-1.4915727111639006,3.478704594261114,-7.022480509180407,0.5048264645131934,4.14141625695832,6.385520978076148,-3.5685501085762987,0.37343756477916357,-0.029211909897698514,-7.210406443789886,3.375763128354912,-3.917337680646141,-4.583029512324873,-1.444010618694718,5.234297291819715,6.378885564816716,-4.348663625769669,-1.7995474677903145,-0.8812055553922887,-0.8959078854121658,1.1849016145764293,1.7226401969160743,5.827716194060916,6.018228203744473,0.164285421991735,1.9098943673068485,-3.3920535316816025,-2.1975738703282017,3.7820261097677847,2.3664774073356574,-6.30601903297029,-1.3336793715471627,-1.0811531376106545,-2.727427698071761,-1.438194116342671,3.742592075931818,-2.503089312040217,1.6700022718376988,-1.4507550202650032,-1.7238139762732871
2.126553658269463,5.829223719759521,-0.6042685336283153,0.02815310856708728,-2.007388360950482,-4.599931888396851,2.2680553625467454,3.676999480041225,3.4755371561773263,-3.1016290173779,6.883804431323981,5.180627640401953,-0.8535957322161143,5.71575179124167,0.5679055999829704,-0.9225986411866012,1.08493959625875,-2.567315309528174,5.267063261434479,-0.2384710686211499,-2.546242754775466,-4.544228175424148,2.618478847078228,0.10390693435021066,-0.009621851416692133,5.236368198470396,-2.46952966386792,2.8802295114808003,3.0626293289442597,1.1820224747084613,-3.4982129089886365,-4.348663625769669,3.1134260669598137,1.1717267147864765,0.38207951367869825,0.5255295319264943,-1.292854514883754,-0.9493749531577326,-3.9235549404277688,-4.235577837355165,-0.0830774081694768,-1.0677794566497039,2.4213392381713996,1.1292238958006182,-2.7014296012301786,-1.7171994249507732,4.950940348449803,1.0592058777441467,0.7238914583014675,2.00031927814946,0.9482496951339078,-2.3805769800203107,1.7373295443467642,-1.1396969379760837,1.2461978505809452,1.4818048507751993
0.20953133656074258,1.0911588351583394,-0.3679229762918324,0.772081780713409,-0.3211397035758598,-1.345550380243152,0.15650781613054895,0.7694058525988121,0.8915048542394775,-0.9485681935881847,2.5011645038035644,0.7729248558456824,0.03536057162401859,1.946595672681071,0.1930598832286708,0.30474963354555934,0.2966240221937566,-0.8822738837848543,0.9857062948178785,0.18287927438193935,-0.8566642831495407,-1.5251023877783225,0.7551585853175372,-0.8982087012831108,0.2942294419933006,0.7156926152136885,-0.36413048689067845,0.6933013561433862,1.1539741211743328,0.3835283507394268,-1.663269379164903,-1.7995474677903145,1.1717267147864765,0.9013611905436388,0.509820901824446,-0.060108746424482336,-0.6189420576631858,-0.9731104440675122,-1.4282009092083083,-1.0511612294013362,-0.4622569461984668,-0.1268558603247097,0.5824230513645676,0.7147070875980315,-0.6763547484512582,0.02633723429022259,0.6975562315757179,-0.2303084727026477,0.3881013730460855,0.9198651243308237,0.3502650884981774,-0.6898317611092463,0.5134529353175699,-0.2145497609327155,-0.11946373802897381,0.3877885727092655
-0.545070576489342,-0.1278377059678244,-0.580933255860453,0.7058183878311162,0.14527885017973693,-0.6799330601138385,0.051306923354557374,0.3717855179494402,0.12700896209617565,-0.4498759540558002,0.6072701320443136,-0.09335206087294254,0.4907361494374066,0.6691562161657619,0.2712542234064361,0.13331420809199462,0.05610209144724019,-0.17987798806503763,-0.13872980845275637,-0.04850128531392282,-0.7820917093308493,-0.505195019746243,0.12657227404888136,-0.9053806146228387,0.17950629715783956,-0.05570444665582713,0.033481033018297225,0.0701938154197543,0.6436211667738525,-0.0695207967757297,-0.901225960556185,-0.8812055553922887,0.38207951367869825,0.509820901824446,0.5356055647771248,0.08597451711814708,0.3239353999537464,-0.7611769563300196,-0.770415210966315,-0.35191694957380737,-0.2605868259950261,-0.3673958900181234,0.14893981573849954,0.8220409576438547,-0.17468116984736082,0.14372368912570307,-0.4959672356712581,-0.30627815501190064,0.2054590227270226,0.26316166554438364,0.2109766817166327,-0.5584449497165539,0.21402431546419784,-0.09672588105579337,-0.3861715427746309,-0.2031206969308469
0.3296743866611661,1.6548033402105193,-0.4718411530406095,-0.32511229503866224,-0.543401915286702,-1.4738821266391957,1.1570204246962883,1.4360035505477693,0.8585784376239988,-0.9364444309377434,1.017490464663025,1.7879422464156292,0.01675074358734639,1.209880824572026,0.3478277926757579,-0.8298358170974119,0.24855593811713428,-0.41004352128464217,1.4446335969460722,-0.4628741344622933,-1.1277566201496587,-0.9770398686658606,0.5455274909051964,0.3348941272843174,-0.23341928199022596,1.9442138842634227,-0.8766892255082906,0.7367317674303262,0.823310291426408,0.04028916258443412,-0.6113699109464944,-0.8959078854121658,0.5255295319264943,-0.060108746424482336,0.08597451711814708,0.5086197375964869,0.5359081556569297,0.02988383946791564,-1.080565838066011,-1.3423753077898373,0.3390852235351032,-0.8520186075612587,0.732338597588524,0.5296373328118456,-0.7864240312111374,-0.8826033796262555,1.2991790142786284,0.600155114778241,0.08439058092761166,0.09511003947931879,0.2727521651652173,-1.0008999888028358,0.508143910814036,-0.4310803935382548,0.4719275603722767,0.06167437649066192
