V1,V2,V3,V4,V5,V6,V7,V8,V9,V10,V11,V12,V13,V14,V15,V16,V17,V18,V19,V20,V21,V22,V23,V24,V25,V26,V27,V28,V29,V30,V31,V32,V33,V34,V35,V36,V37,V38,V39,V40,V41,V42,V43,V44,V45,V46,V47,V48,V49,V50,V51,V52,V53,V54,V55,V56
2.435990375742812,3.360562485866877,0.9903034388495032,-1.2368973055753036,-1.4067533758951407,-0.9875159425201718,0.8214194397708531,0.9819386212107096,1.64588329559882,-0.7618389346496487,2.9534138524368334,2.7889354138650373,-1.5661941275927835,1.8914285925216492,-0.36065775622241025,-0.41481462492894594,0.4561849220528153,-1.2052481688287515,3.0392638851799827,0.1710112473485907,0.3988383318098067,-1.5851277608551915,1.2231704369728866,1.6540054125686834,-0.21788471500627232,2.670707228205839,-1.3097383041585866,1.4118357538054158,0.3452242155763628,0.9084257145704284,-0.2258845124760269,-0.7322944079832682,1.0953987513042487,-0.17838350200053862,-0.8148085011313349,-0.060151200519319256,-1.8357244716571732,0.8901249171959859,-0.6281380334733342,-1.53359889386308,0.308658602797395,0.5012532283771762,0.9968221858253336,-1.2178462345089605,-1.108255052523126,-0.9982127266003805,3.698986653833229,0.9736444993841155,0.03133522013313178,0.7386433627231743,0.07463203867363026,0.041422233719224336,0.5075629035979112,-0.26621659659618835,1.376207286528459,1.397799244653637
3.360562485866877,7.311499911905185,0.06707392358424968,-1.4580710883828463,-2.6853325927125287,-4.511546064807588,3.0391675518805443,4.096103075636747,3.902551954432536,-3.0284706636938505,6.612269295409783,6.697477145163001,-1.7101161357402612,5.458735773940798,0.34471567637375566,-1.7633215688047068,1.1677102224738134,-2.575800180281119,6.593522634572648,-0.49642585326314315,-2.0200222387082007,-4.408982188636598,2.8085911080804777,1.933663770132461,-0.49318357808957786,6.803553997824422,-3.1953590303370376,3.3131610145007007,2.5484547027677467,1.3384843588363173,-2.3748085279383235,-3.4841904258057825,2.851189040182112,0.23861079795142232,-0.48485715293235193,0.7567553919256934,-1.485806130272477,0.41474242073791706,-3.4029290962163445,-4.645289811501827,0.6301361699881239,-1.044637217644222,2.721160922606823,0.062189559798046135,-2.9965639046732244,-2.6319048541315544,6.817657366251451,2.037230212724023,0.42674795459716114,1.6088738472671773,0.7811429603121085,-2.1438145044307517,1.7500001447281144,-1.2726432858958947,2.283531537478827,1.9002017393134367
0.9903034388495032,0.06707392358424968,1.1069652514539108,-0.6758092279995094,-0.20928377942785117,1.2241304445711536,-0.5886590189312083,-0.9521335370757046,-0.12449806386459185,0.7107925562503143,-0.13488519162146298,-0.2601531903553477,-0.8571405035389029,-0.7260226453054262,-0.5779410605873311,0.37340179684079894,-0.05957265069754183,0.0037133898073495003,0.07480317585460877,0.45896388811522615,1.4665720002185685,0.4967256157126559,-0.10711423335987194,0.8919266728321159,-0.055882943200005634,-0.4518422991218166,0.1402141663863278,-0.07238937245662866,-0.8857867413586604,0.3309712585047885,0.9596675913703682,0.9635338871691687,-0.26616163281939575,-0.3554828348132358,-0.7174703149825774,-0.4086518614058073,-1.2184023741229544,0.8402337195667459,1.068030792669773,0.6600674842571117,0.01190205352867116,1.0089555364215455,-0.28440646829640814,-1.361870307122342,0.31604289300445326,0.19973359218635078,0.6616902140573079,0.1083169597111078,-0.1844721266587335,-7.443202468785859e-4,-0.34242751713299613,1.1508321831955994,-0.3283884571562514,0.32897585283742725,0.43361159939419464,0.5886358639464779
-1.2368973055753036,-1.4580710883828463,-0.6758092279995094,1.3975394325152661,0.6698141315952006,-0.0815378247016558,-0.6977463285843956,-0.37735436169274134,-0.44122383557488537,-0.05674624105808453,0.1245748854831338,-1.4546627338563098,0.8567999038185633,0.17794394617963166,0.23500856231614062,0.7485972529502511,-0.08729027151570375,0.05897429364692667,-1.3027692316234463,0.20731347355154248,-0.5354975450499593,-0.07271202789965636,-0.21514913840114352,-1.7246769358668952,0.43849286454723113,-1.488028462688189,0.695072555579492,-0.43809874845063,0.47677082091945205,-0.1871523433177722,-1.0267891809980825,-0.7737592258085165,0.1968211564545374,0.8492225935864824,0.8270898754870011,-0.18913836379115498,0.2922985256384305,-1.2808330333799638,-0.471674634050323,0.4069711788625513,-0.6495488239623414,-0.08108411070782084,-0.29926683357521,1.0518189750666196,0.29900442935168414,0.8477010309269323,-1.8366830192734398,-0.9104760357616525,0.2701156140338235,0.32104767195465733,0.15745176011080564,-0.2539236928739563,-0.021415984287064795,0.1122613385849425,-0.9936166310722637,-0.4508085424478882
-1.4067533758951407,-2.6853325927125287,-0.20928377942785117,0.6698141315952006,1.0211612621799366,1.4392614527653471,-1.0216688460386136,-1.3361774654027512,-1.3961211211162454,0.9844572838714799,-2.3647249918666073,-2.415335055856843,0.777370390704808,-1.8557855219296435,-0.027615412277562063,0.5928271072203853,-0.40880822947559753,0.9350871184166617,-2.4201850042585287,0.11876676679741187,0.4861914683381706,1.5122948481836445,-1.007379892529907,-0.8836031259566932,0.19044454191039167,-2.4264635743952314,1.1493975839784727,-1.189589675882796,-0.7618448135730583,-0.5378728413599903,0.6732197148055041,1.0824449493601775,-0.9849661985989654,-0.008599750040698472,0.30183003169647543,-0.2110861279170829,0.7411062009589215,-0.31279476600225714,1.054293698182533,1.5885222177746212,-0.2533652932443261,0.2062674432898934,-0.9491246150843603,0.22658224021442047,1.045851428507857,0.9421165520282807,-2.616322128043748,-0.7702259772029247,-0.11647849376080173,-0.5669909563427374,-0.2278318528941974,0.5896456925244626,-0.5819718037333533,0.40546518459425845,-0.9124715077301888,-0.7893998303409677
-0.9875159425201718,-4.511546064807588,1.2241304445711536,-0.0815378247016558,1.4392614527653471,4.304610662323425,-2.4292424641984836,-3.604420779758023,-2.665457266788215,2.7818931832134224,-4.734108493442401,-4.400938661561074,0.10022512075883923,-4.519668640232879,-0.8618250140156952,1.3276129067927593,-0.8310638202994178,1.7652075533953453,-4.061638807806264,0.7170593620628808,2.951074223905163,3.5360771842132217,-1.9793493626102885,0.05615883455341048,0.13899297346052503,-4.647228544349409,2.112424521586183,-2.208566797559578,-2.742607896693815,-0.5499111345926148,2.8707522863634027,3.558799563341191,-2.285110410962495,-0.7729076611519182,-0.6146734235766002,-0.8415712969038822,-0.2136096841133568,0.9253268027461061,3.510996826799254,3.699819370617693,-0.22198505012362676,1.6913086295994346,-2.0527967740962305,-1.6637386161474863,2.275767526695694,1.7341236841302008,-3.4938792371880716,-1.008052508339679,-0.5542540297736561,-1.2125964480782039,-0.9188297702898666,2.6547746714397205,-1.5110952546454421,1.1555178706649984,-0.8393281366492874,-0.6086419731489175
0.8214194397708531,3.0391675518805443,-0.5886590189312083,-0.6977463285843956,-1.0216688460386136,-2.4292424641984836,1.9281234215663907,2.3786683226219014,1.5620631862466177,-1.5248418989463453,1.953428591699202,3.1699403685173535,-0.21682121213997904,2.1502105567984096,0.5042515204245366,-1.3897682007947447,0.4693879211734505,-0.7768982114636301,2.7193758302457036,-0.7101978154289508,-1.6617704525209613,-1.7121923952624751,1.0397508675211145,0.8330524633367654,-0.40830413078779165,3.4029570558857096,-1.5331757273862663,1.3444761904002833,1.3071143718758511,0.19398678915172082,-0.9571206608089577,-1.4474952972718451,0.9451250020487127,-0.15293472895610422,-0.014669298053667939,0.7616458550235202,0.5877223946715396,0.17127470223947008,-1.7022875324948408,-2.255860683933179,0.5837493822673484,-1.268859776765516,1.2577869712443999,0.6653651256558824,-1.3597336245158262,-1.5229091179181427,2.5467342963695505,1.1102214065278813,0.12770874477135194,0.262054675323611,0.4404547488757821,-1.562309553385449,0.8409238999746302,-0.7706348470501225,0.9262550548929719,0.2800518288725709
0.9819386212107096,4.096103075636747,-0.9521335370757046,-0.37735436169274134,-1.3361774654027512,-3.604420779758023,2.3786683226219014,3.2416694781062576,2.2856934985723925,-2.3056656315728294,3.544195356477862,4.112131580193935,-0.1709559313918645,3.5448649668739307,0.7322285982376644,-1.5072841063654212,0.7085558702268661,-1.3450199775854361,3.6771989364998436,-0.770564981163929,-2.4791675524239016,-2.802451720205727,1.602024704852468,0.463185108517409,-0.3323648932538556,4.37011145332004,-1.9840035325708358,1.9298713496798845,2.1765598717071626,0.39612799732515325,-2.0289908323486574,-2.666205316634796,1.709065308789346,0.2967218723947747,0.28528969380887037,0.8903756080295661,0.4731685650194744,-0.3516553356289832,-2.777079735896921,-3.2064492586596227,0.4457623307979404,-1.6324114382419264,1.7795186724891596,1.2472243690639404,-1.946684471751515,-1.7819187834628478,3.2750626428472542,1.1823031145802978,0.3583105637415168,0.7736346791358204,0.7149029378696143,-2.259649635495601,1.2625512477606873,-1.0445744116768527,0.9932810417298014,0.4769950441915602
1.64588329559882,3.902551954432536,-0.12449806386459185,-0.44122383557488537,-1.3961211211162454,-2.665457266788215,1.5620631862466177,2.2856934985723925,2.190279752573886,-1.7961969068879735,3.9942089830749237,3.5170470676084156,-0.7767642983590946,3.2888972143513002,0.25598166031527886,-0.7935546124087963,0.6725318987171169,-1.519775458357592,3.5247727198256498,-0.19972736026386836,-1.3180257386242242,-2.6416801967143115,1.5995098169085427,0.6251161047231397,-0.16055445671199078,3.557952391580374,-1.6780853461446836,1.8425846607863534,1.6499256079618307,0.7573193799123463,-1.7243861897178043,-2.303242140410133,1.7583497747905639,0.40811295552100246,-0.05689521239992291,0.37556171736008115,-0.8450417064679977,-0.13281343484787742,-2.1405305663042515,-2.6136058759217944,0.15503838619642954,-0.6149038050010867,1.5143738912515554,0.32808483167441577,-1.6753233096496845,-1.2845510658646722,3.5026784069517047,0.9282801737821863,0.33817339723736367,1.0744656110758486,0.49933704859506356,-1.3094289128650924,1.0251230993845923,-0.711545063901443,1.0657883341743963,1.018083120558548
-0.7618389346496487,-3.0284706636938505,0.7107925562503143,-0.05674624105808453,0.9844572838714799,2.7818931832134224,-1.5248418989463453,-2.3056656315728294,-1.7961969068879735,1.817559624666484,-3.2839130485329955,-2.892511861105196,0.1457128957014997,-3.0274292841701675,-0.5145124062106208,0.7897085448226215,-0.5588258704286424,1.2249275506802428,-2.7233337779439153,0.39626783574892926,1.8418433113171073,2.3810181900853573,-1.3351817579771246,0.036922577327131875,0.06986920003024275,-3.025557720604475,1.3879724840771677,-1.4878610430295118,-1.7947596072435872,-0.42534900414243587,1.917296067903655,2.376495013808918,-1.5612047497875061,-0.5502279330972475,-0.3724496092820653,-0.5007284015063193,0.04302177941764633,0.6010476551886903,2.2995547129284892,2.427159068122854,-0.09842114264717156,1.0048243565144277,-1.35401008402418,-1.003783005172606,1.5025073787973686,1.0977383978987387,-2.3910590027382614,-0.63981451275763,-0.37683727227484665,-0.8697280612071228,-0.5895452833947936,1.6608596436879317,-0.9933528120533658,0.7281792932639746,-0.5790287914117606,-0.49173900163687606
2.9534138524368334,6.612269295409783,-0.13488519162146298,0.1245748854831338,-2.3647249918666073,-4.734108493442401,1.953428591699202,3.544195356477862,3.9942089830749237,-3.2839130485329955,8.576559818468777,5.52281011416448,-1.4411531287359585,6.633481083835438,0.3158000264201935,-0.4270210391226882,1.2387909760215652,-3.200786976983175,6.0008093256343304,0.17979906030428597,-2.12804376506593,-5.280269662372171,3.1184423802603374,0.09854868329704272,0.20212744527834464,5.417113419563264,-2.6076426717105656,3.286783103614142,3.2346468404129007,1.6779504818041817,-3.9954297005348662,-4.934529873409988,3.771502384758992,1.5699425632681991,0.28009949241233745,0.1632035982271283,-2.6101560045406784,-1.1003262569192687,-4.199817550327781,-4.513276228854435,-0.37822636790148634,-0.41005389237206624,2.63939013802705,0.6799842870177951,-2.977349040863246,-1.551559836643229,5.898383883166398,0.9448458048715616,0.8666767627218038,2.649571820023042,0.9856562567895397,-2.097646267768162,1.8690121829745001,-1.0745487625917935,1.412475596571304,2.153632194843777
2.7889354138650373,6.697477145163001,-0.2601531903553477,-1.4546627338563098,-2.415335055856843,-4.400938661561074,3.1699403685173535,4.112131580193935,3.5170470676084156,-2.892511861105196,5.52281011416448,6.366221924121496,-1.3199387481643605,4.8671223722705506,0.5056440829191016,-2.0111204505121716,1.0469129550446983,-2.1701288797476295,6.025891370860311,-0.7576406532464827,-2.2664284178471803,-3.9161174949927875,2.4882749035952614,1.871580146171338,-0.5790852686762771,6.575046906259053,-3.0478982857763635,2.997101999919078,2.411158134690122,1.0126446743388624,-2.063375528473561,-3.1006280279427743,2.4335816054253083,0.02142931398993364,-0.3725939476547943,0.9464653944579111,-0.6791729009035732,0.4456555488193137,-3.220202008908795,-4.416071209527495,0.8010682325859904,-1.4059190182409682,2.555562590213841,0.3524270938657901,-2.800571840773418,-2.6780127693573474,6.116428469300085,2.0418216912843117,0.3398746775941684,1.1993221574038226,0.768965643837656,-2.313614728378083,1.6501656514720435,-1.2937376461263579,2.103492426076047,1.4527243774779313
-1.5661941275927835,-1.7101161357402612,-0.8571405035389029,0.8567999038185633,0.777370390704808,0.10022512075883923,-0.21682121213997904,-0.1709559313918645,-0.7767642983590946,0.1457128957014997,-1.4411531287359585,-1.3199387481643605,1.0925415314687708,-0.7236560641012236,0.37167601648496884,0.0832039258149627,-0.20209046818775847,0.6098648502813144,-1.558474844093505,-0.22158306664994404,-0.7009930707543294,0.6274441985104552,-0.5997515241733917,-1.1570425519629524,0.11287998937144182,-1.2027333220074345,0.6086838524696894,-0.6726500792924255,0.14462053710281603,-0.5659812737219199,-0.22943695581169368,0.024560968247766657,-0.4639048851130904,0.21662782153118962,0.6428501882349282,0.1816007021600047,1.3480245874247154,-0.7235460352348376,-0.04535383474349708,0.5501867247580701,-0.1798344665919937,-0.6137200783615089,-0.410588522127008,1.0862934483074747,0.46265487684054524,0.4416574599600075,-2.0989567833589478,-0.5236679694084437,0.05169718291447535,-0.3641991682156654,0.06593022394665053,-0.3959851677391786,-0.14323703972887236,0.02960550751240753,-0.8243168659155722,-0.8981368993182519
1.8914285925216492,5.458735773940798,-0.7260226453054262,0.17794394617963166,-1.8557855219296435,-4.519668640232879,2.1502105567984096,3.5448649668739307,3.2888972143513002,-3.0274292841701675,6.633481083835438,4.8671223722705506,-0.7236560641012236,5.574758839250892,0.6052439752814944,-0.8379245634884933,1.0238101589013664,-2.470337852193711,4.943556671152922,-0.268415170551994,-2.56333471884244,-4.394647876224657,2.5369564591185405,-0.06330745774014908,0.06132616975458445,4.939927926756057,-2.3122383653930902,2.7075074267861794,2.9979347976125865,1.0959958954717863,-3.4702088538472036,-4.266313023040497,3.0279323750918867,1.2097035273349963,0.49708030252373464,0.4863375951497276,-1.175021940454147,-1.085602838351499,-3.8684912003994483,-4.070838280097081,-0.10301845389845565,-1.0486083254839242,2.3235943919292112,1.2261725089934488,-2.6060311297610337,-1.5954421554167757,4.580816609850827,0.923415715064301,0.7204664208558683,1.9372307756273137,0.9642689851323446,-2.393408184918205,1.6826335989740875,-1.111619544610374,1.0591592987363043,1.3454314444306175
-0.36065775622241025,0.34471567637375566,-0.5779410605873311,0.23500856231614062,-0.027615412277562063,-0.8618250140156952,0.5042515204245366,0.7322285982376644,0.25598166031527886,-0.5145124062106208,0.3158000264201935,0.5056440829191016,0.37167601648496884,0.6052439752814944,0.3280931527621016,-0.3395692171835164,0.09096428101616465,-0.09873199858027186,0.30446859466344106,-0.2895130070817147,-0.8806758678531538,-0.4465394538265977,0.17626718386398715,-0.31924988817458877,-0.027277559473363293,0.6196055336576382,-0.25154684352486284,0.20583005414455957,0.5798903477591212,-0.12405850010942261,-0.576373981918717,-0.6357814333130976,0.24362772904839167,0.15275500542167322,0.326804943881136,0.28134843982817426,0.6309017446409755,-0.3727711364449594,-0.7031063824552254,-0.5793292434633063,0.05445292051119668,-0.6263509678529483,0.28355903437679664,0.7193860957002021,-0.3091597904818711,-0.2730278104686171,0.0034547613542955983,0.0860869972950876,0.10487880575318875,0.04408427078893243,0.21022471324791808,-0.7202855747138162,0.2553182157991414,-0.24987298954956025,-0.08473729366115995,-0.23343464982117276
-0.41481462492894594,-1.7633215688047068,0.37340179684079894,0.7485972529502511,0.5928271072203853,1.3276129067927593,-1.3897682007947447,-1.5072841063654212,-0.7935546124087963,0.7897085448226215,-0.4270210391226882,-2.0111204505121716,0.0832039258149627,-0.8379245634884933,-0.3395692171835164,1.165510127849409,-0.23231480445316896,0.20721427759223018,-1.5701042066843773,0.6193214659390823,1.0008678873607415,0.677940135088422,-0.4502215281031399,-0.8685255023057025,0.4184022114506302,-2.21646595228257,0.9805082799787038,-0.7125868212087664,-0.5802644650055745,0.04150547541360508,0.1293674762999754,0.4297103326763669,-0.2391134676822724,0.4349394196346506,0.15502625637505618,-0.6218470537616413,-0.7957208434987937,-0.44006106199724104,0.7607538871075408,1.2743494802834392,-0.5947894042412144,0.9763388088492563,-0.7017617461355556,-0.3323853849772036,0.7372578176823125,1.1296527633792386,-1.497749714062463,-0.8901395095748541,0.04236921670018471,0.17286309733462948,-0.20408658903661978,0.9562475949017558,-0.43514958898924366,0.5016893350288041,-0.6879441652305702,0.0050486866512240765
0.4561849220528153,1.1677102224738134,-0.05957265069754183,-0.08729027151570375,-0.40880822947559753,-0.8310638202994178,0.4693879211734505,0.7085558702268661,0.6725318987171169,-0.5588258704286424,1.2387909760215652,1.0469129550446983,-0.20209046818775847,1.0238101589013664,0.09096428101616465,-0.23231480445316896,0.21367444167130362,-0.4631359076351997,1.0583694224999307,-0.05052705311058826,-0.4362443836074249,-0.8241091152215382,0.48214393660030447,0.13133339540845118,-0.04708671870734044,1.0572298758802177,-0.5006832276715719,0.5671631079779139,0.5426890465655513,0.228746107562376,-0.5827419163647429,-0.7511014243725684,0.5491941675654735,0.15486666865594945,0.0036942510000872878,0.11906216509388988,-0.23372594098955363,-0.08329907675997193,-0.6794033043081606,-0.7973266829431638,0.018153303591782032,-0.2163278946738256,0.4576453839318897,0.15577415266284206,-0.5043487691936293,-0.37212113709870637,1.0183628109442404,0.2667985763320052,0.11673277685599401,0.34924272693239133,0.1567190637166525,-0.41840116893394325,0.3183221758704224,-0.2255831618535956,0.3049503674455586,0.2977757126967505
-1.2052481688287515,-2.575800180281119,0.0037133898073495003,0.05897429364692667,0.9350871184166617,1.7652075533953453,-0.7768982114636301,-1.3450199775854361,-1.519775458357592,1.2249275506802428,-3.200786976983175,-2.1701288797476295,0.6098648502813144,-2.470337852193711,-0.09873199858027186,0.20721427759223018,-0.4631359076351997,1.2062143333062145,-2.3337644584170953,-0.04674990931880346,0.7503791764772112,1.9675667183675076,-1.1881917217772688,-0.16866476313619594,-0.053006804547767974,-2.1346528061369936,1.0241321398040275,-1.2529491027648891,-1.1626804864421165,-0.6405417940010893,1.4073588827906889,1.7795080406715864,-1.398084365344374,-0.524073328323883,-0.04957549720410032,-0.06827220934232232,1.0108073931280972,0.3181226327826649,1.536973250058668,1.7186246223200925,0.08575139753600287,0.13003510069632926,-1.0113704579192146,-0.1626337041159097,1.1405572464676415,0.6422396762920611,-2.346812317210115,-0.41345419479907564,-0.30177809243745046,-0.962222785095136,-0.36048045289276803,0.7647012031922252,-0.7000022378958979,0.4040321899529454,-0.5948933090725734,-0.8399680957770427
3.0392638851799827,6.593522634572648,0.07480317585460877,-1.3027692316234463,-2.4201850042585287,-4.061638807806264,2.7193758302457036,3.6771989364998436,3.5247727198256498,-2.7233337779439153,6.0008093256343304,6.025891370860311,-1.558474844093505,4.943556671152922,0.30446859466344106,-1.5701042066843773,1.0583694224999307,-2.3337644584170953,5.956143333671861,-0.43231325669867504,-1.7975477104156248,-3.986617725395094,2.546024325543345,1.7426525650664784,-0.4356967106554342,6.116338077902598,-2.871706291590172,2.991527515705257,2.296601749999262,1.22133076901151,-2.1549499387297546,-3.150187989543313,2.584463124348029,0.22801252483502366,-0.4409001348516169,0.6623242599251092,-1.3808399719564861,0.36003389919299583,-3.0609512802573944,-4.176467667558831,0.5543398000627141,-0.9179014995353548,2.4493792319832024,0.047492000242001085,-2.6995219033929967,-2.357265386937322,6.155739287450096,1.829333091665619,0.38907336088437944,1.4741581468485387,0.705662337043578,-1.9206253901424506,1.5746288071965555,-1.1521744038265032,2.053480946779184,1.7286455416609727
0.1710112473485907,-0.49642585326314315,0.45896388811522615,0.20731347355154248,0.11876676679741187,0.7170593620628808,-0.7101978154289508,-0.770564981163929,-0.19972736026386836,0.39626783574892926,0.17979906030428597,-0.7576406532464827,-0.22158306664994404,-0.268415170551994,-0.2895130070817147,0.6193214659390823,-0.05052705311058826,-0.04674990931880346,-0.43231325669867504,0.4389941987937057,0.7256110057134045,0.18412159741556824,-0.11009467642254192,-0.21332297030122543,0.17311738648274397,-0.9153462585035742,0.37240031639012955,-0.17738457853893963,-0.30805931987663626,0.18719372164202866,0.07303440464634096,0.17632792100495415,4.2756626026393133e-4,0.20351112659080878,-0.1032170398466212,-0.3737923001950307,-0.7833128002562809,-0.05296525566874212,0.4237836044328527,0.5554482506927357,-0.3258198713330775,0.6585148419764975,-0.28406083188156883,-0.43132527429565,0.3004247320301402,0.5190745879229104,-0.28342349122477817,-0.34182018353436616,0.024477933202820733,0.22591612053397023,-0.14614231072818565,0.6457267895288219,-0.19660766747704286,0.2627625369234713,-0.13584937215773224,0.253582101366521
0.3988383318098067,-2.0200222387082007,1.4665720002185685,-0.5354975450499593,0.4861914683381706,2.951074223905163,-1.6617704525209613,-2.4791675524239016,-1.3180257386242242,1.8418433113171073,-2.12804376506593,-2.2664284178471803,-0.7009930707543294,-2.56333471884244,-0.8806758678531538,1.0008678873607415,-0.4362443836074249,0.7503791764772112,-1.7975477104156248,0.7256110057134045,2.5908030730374096,1.9705954063992546,-0.9325142421646027,0.7187488765561973,0.08357914485554957,-2.5434414813331063,1.1099011665888971,-1.0815922729790093,-1.989039195818181,0.05181102745014343,2.0553330464009547,2.3749778168004028,-1.1974662807195031,-0.5848131709746517,-0.8303334657481015,-0.7862826549524238,-1.2347379137940135,1.03845714114911,2.448780853730231,2.2348302946330953,-0.1143847828690345,1.7052762791641491,-1.1631685908294402,-1.9114383475579533,1.275876296429434,1.0051658518774547,-1.0330579629304704,-0.43356123649101497,-0.39096002949317915,-0.4998519983284211,-0.6765165373663174,2.1676260611138374,-0.9563805034209705,0.8106368969130258,-0.0802321077155202,0.24214969287010066
-1.5851277608551915,-4.408982188636598,0.4967256157126559,-0.07271202789965636,1.5122948481836445,3.5360771842132217,-1.7121923952624751,-2.802451720205727,-2.6416801967143115,2.3810181900853573,-5.280269662372171,-3.9161174949927875,0.6274441985104552,-4.394647876224657,-0.4465394538265977,0.677940135088422,-0.8241091152215382,1.9675667183675076,-3.986617725395094,0.18412159741556824,1.9705954063992546,3.4844397119153054,-2.0073433573581436,-0.02283541832888937,-0.017086398134055006,-3.960970524967297,1.8645987367019992,-2.183751896470981,-2.3563874303240984,-0.8968004197215578,2.7113339228318885,3.3540417531262436,-2.3948858273627494,-0.9277076963305324,-0.3300992004590237,-0.38976803318119974,0.985118973519575,0.7806171608538972,3.0259315612964888,3.23181588968441,0.07885307511029532,0.8116978569108491,-1.846823416943679,-0.8993284671110798,2.0645183745411053,1.2865433828015458,-3.729483751340472,-0.7745900874000546,-0.5627036598654267,-1.5411178069200895,-0.7383723078901376,1.840579424523052,-1.3303073209444505,0.8710361781948192,-0.9097326346098413,-1.1162188772460078
1.2231704369728866,2.8085911080804777,-0.10711423335987194,-0.21514913840114352,-1.007379892529907,-1.9793493626102885,1.0397508675211145,1.602024704852468,1.5995098169085427,-1.3351817579771246,3.1184423802603374,2.4882749035952614,-0.5997515241733917,2.5369564591185405,0.17626718386398715,-0.4502215281031399,0.48214393660030447,-1.1881917217772688,2.546024325543345,-0.11009467642254192,-0.9325142421646027,-2.0073433573581436,1.2390939786450081,0.3590122931493555,-0.02547328482320882,2.506840601429994,-1.1764007487345514,1.3260708944882185,1.2146314092113593,0.5910635828557038,-1.3503386366420638,-1.7663712435890933,1.3772748538859905,0.3991543528164837,0.028226769664090642,0.18935596245205558,-0.7847336271587234,-0.22191571451699255,-1.6241033024899312,-1.9040589997360273,0.06429206245223625,-0.32366199690343317,1.1130331442476082,0.22642462789377227,-1.248960249169328,-0.8569537373746603,2.5453824219885552,0.5786432374758116,0.27332639090306776,0.8666886491746731,0.39856986066301847,-0.950774736964215,0.756516709565442,-0.49979494695631177,0.6925585133447975,0.7836293298072687
1.6540054125686834,1.933663770132461,0.8919266728321159,-1.7246769358668952,-0.8836031259566932,0.05615883455341048,0.8330524633367654,0.463185108517409,0.6251161047231397,0.036922577327131875,0.09854868329704272,1.871580146171338,-1.1570425519629524,-0.06330745774014908,-0.31924988817458877,-0.8685255023057025,0.13133339540845118,-0.16866476313619594,1.7426525650664784,-0.21332297030122543,0.7187488765561973,-0.02283541832888937,0.3590122931493555,2.160278539821445,-0.5073177151132616,1.8958199484120617,-0.8863047414641747,0.6019409789459296,-0.5694977736816799,0.3031554572963754,1.205371756168851,0.8788699551532845,-0.14368201080077334,-1.0015958353116614,-1.0363299033426536,0.1766573814686129,-0.5537293214299518,1.5587474750325923,0.5403697645064393,-0.5536097708459965,0.777611023915407,0.19694328220110036,0.41029749550237904,-1.36744081942612,-0.4230233548134678,-1.0394970047443937,2.4339204353635826,1.1198804015626558,-0.3164442347906659,-0.3043834450699933,-0.17887099526555097,0.33560748753313496,0.04794719193786423,-0.14564108015767552,1.2505819046583158,0.652726724189505
-0.21788471500627232,-0.49318357808957786,-0.055882943200005634,0.43849286454723113,0.19044454191039167,0.13899297346052503,-0.40830413078779165,-0.3323648932538556,-0.16055445671199078,0.06986920003024275,0.20212744527834464,-0.5790852686762771,0.11287998937144182,0.06132616975458445,-0.027277559473363293,0.4184022114506302,-0.04708671870734044,-0.053006804547767974,-0.4356967106554342,0.17311738648274397,0.08357914485554957,-0.017086398134055006,-0.02547328482320882,-0.5073177151132616,0.21442815986507022,-0.6311652057049196,0.28734597391582384,-0.16901335500267267,0.024026205288298852,0.025959492716915493,-0.26143787155363607,-0.17599662534343075,0.10631170411683748,0.30969035865395417,0.21668273298382745,-0.19846279413121,-0.24909884935288845,-0.3885560258058496,-0.04280579253758465,0.2346777473115554,-0.25197840739736405,0.2461664715789455,-0.132851616936021,0.10907942752220519,0.12182760838548916,0.37695202422445734,-0.496664580237277,-0.36707275154364055,0.08185333884719362,0.17502969246512004,0.025449959206530436,0.10738897997590556,-0.04982263212870761,0.11220459755422427,-0.3257440661315156,-0.014349861436124253
2.670707228205839,6.803553997824422,-0.4518422991218166,-1.488028462688189,-2.4264635743952314,-4.647228544349409,3.4029570558857096,4.37011145332004,3.557952391580374,-3.025557720604475,5.417113419563264,6.575046906259053,-1.2027333220074345,4.939927926756057,0.6196055336576382,-2.21646595228257,1.0572298758802177,-2.1346528061369936,6.116338077902598,-0.9153462585035742,-2.5434414813331063,-3.960970524967297,2.506840601429994,1.8958199484120617,-0.6311652057049196,6.84209185517567,-3.151713357648985,3.0334076683918934,2.5255281343041625,0.9286826845282888,-2.103876552892351,-3.1667301737562945,2.4208475841049313,-0.03529779701960012,-0.3095510778855957,1.0791389490505459,-0.36451079319409246,0.43012387595779067,-3.372066061231906,-4.587582863241747,0.9033953244676476,-1.6527038144064516,2.6386716055930273,0.5439159564901465,-2.887971828463433,-2.8368455657995084,6.134231676099913,2.1360329323303158,0.3351202507818231,1.112520170149968,0.8234108542136468,-2.552038011840492,1.7134461401998593,-1.3832854768078011,2.115814980692351,1.3331824900856364
-1.3097383041585866,-3.1953590303370376,0.1402141663863278,0.695072555579492,1.1493975839784727,2.112424521586183,-1.5331757273862663,-1.9840035325708358,-1.6780853461446836,1.3879724840771677,-2.6076426717105656,-3.0478982857763635,0.6086838524696894,-2.3122383653930902,-0.25154684352486284,0.9805082799787038,-0.5006832276715719,1.0241321398040275,-2.871706291590172,0.37240031639012955,1.1099011665888971,1.8645987367019992,-1.1764007487345514,-0.8863047414641747,0.28734597391582384,-3.151713357648985,1.461490108762907,-1.4321255366478196,-1.163732389084359,-0.4717041627127476,0.9885284554543933,1.4843035241773685,-1.1520733571240065,-0.003961992668226881,0.17397488565087402,-0.47029080297863457,0.28032448525650705,-0.21504269261796277,1.5460800290403733,2.116972051886619,-0.3868528295247571,0.7040422907649754,-1.2217820329747575,-0.1929103212804886,1.3362659933995096,1.2895063131577966,-2.9035685832374587,-0.9830900388198577,-0.16193887152445885,-0.5603422157815272,-0.3669977197138501,1.121665063302417,-0.7913059609083627,0.622494705096946,-1.0067658441575023,-0.6772151142090634
1.4118357538054158,3.3131610145007007,-0.07238937245662866,-0.43809874845063,-1.189589675882796,-2.208566797559578,1.3444761904002833,1.9298713496798845,1.8425846607863534,-1.4878610430295118,3.286783103614142,2.997101999919078,-0.6726500792924255,2.7075074267861794,0.20583005414455957,-0.7125868212087664,0.5671631079779139,-1.2529491027648891,2.991527515705257,-0.17738457853893963,-1.0815922729790093,-2.183751896470981,1.3260708944882185,0.6019409789459296,-0.16901335500267267,3.0334076683918934,-1.4321255366478196,1.5570076993166693,1.3568803872244266,0.632322963345886,-1.3843748608703628,-1.8760699655851698,1.4400589118875657,0.2905246362539005,-0.09358184357089208,0.33538805014356454,-0.6845482180826887,-0.039884008592581954,-1.7519576802284502,-2.190749040666683,0.1589106298416111,-0.5341083389515742,1.269709736482866,0.2384164186633815,-1.399632094872262,-1.1148198616921412,2.9872321286121406,0.8265702484417985,0.2675761133891406,0.870980145633135,0.40244773907406173,-1.0800682685026088,0.8526283035689821,-0.6019487303483336,0.9421978634912623,0.8586873677036381
0.3452242155763628,2.5484547027677467,-0.8857867413586604,0.47677082091945205,-0.7618448135730583,-2.742607896693815,1.3071143718758511,2.1765598717071626,1.6499256079618307,-1.7947596072435872,3.2346468404129007,2.411158134690122,0.14462053710281603,2.9979347976125865,0.5798903477591212,-0.5802644650055745,0.5426890465655513,-1.1626804864421165,2.296601749999262,-0.30805931987663626,-1.989039195818181,-2.3563874303240984,1.2146314092113593,-0.5694977736816799,0.024026205288298852,2.5255281343041625,-1.163732389084359,1.3568803872244266,1.9426239974810156,0.36064606168217506,-2.219490608520188,-2.5881898131970966,1.576199922657659,0.7910535537842254,0.589687412475148,0.4647035607749938,0.10049068458101436,-0.9588831163152074,-2.390481982475069,-2.2565286468799384,-0.12359949031137292,-1.0749027685644494,1.2297157030411956,1.3455627257368707,-1.3639376391176856,-0.8271823748479529,1.7728598189783475,0.3812799825324699,0.4573201259449051,0.9586636990238828,0.6090200986186851,-1.7039005923691177,0.9694318822017485,-0.6953917315230156,0.2990446267810687,0.3408712742881904
0.9084257145704284,1.3384843588363173,0.3309712585047885,-0.1871523433177722,-0.5378728413599903,-0.5499111345926148,0.19398678915172082,0.39612799732515325,0.7573193799123463,-0.42534900414243587,1.6779504818041817,1.0126446743388624,-0.5659812737219199,1.0959958954717863,-0.12405850010942261,0.04150547541360508,0.228746107562376,-0.6405417940010893,1.22133076901151,0.18719372164202866,0.05181102745014343,-0.8968004197215578,0.5910635828557038,0.3031554572963754,0.025959492716915493,0.9286826845282888,-0.4717041627127476,0.632322963345886,0.36064606168217506,0.4443265551275164,-0.4933162809310421,-0.6780338096448921,0.6708980641291901,0.2037039328189466,-0.17373211698671862,-0.1042778112592192,-0.9227249494622497,0.04486489844602396,-0.4941070860900569,-0.6850465533502259,-0.075690339764408393,0.24925388100877077,0.43394137405783295,-0.30320275232069727,-0.4918259938419489,-0.24005554069396212,1.3888727408850565,0.2193801648010403,0.11504131949646375,0.5343639999217317,0.08741038543032364,-0.046011849529907216,0.2666143601924955,-0.10902003157367768,0.4177821080754669,0.6219753427555039
-0.2258845124760269,-2.3748085279383235,0.9596675913703682,-1.0267891809980825,0.6732197148055041,2.8707522863634027,-0.9571206608089577,-2.0289908323486574,-1.7243861897178043,1.917296067903655,-3.9954297005348662,-2.063375528473561,-0.22943695581169368,-3.4702088538472036,-0.576373981918717,0.1293674762999754,-0.5827419163647429,1.4073588827906889,-2.1549499387297546,0.07303440464634096,2.0553330464009547,2.7113339228318885,-1.3503386366420638,1.205371756168851,-0.26143787155363607,-2.103876552892351,0.9885284554543933,-1.3843748608703628,-2.219490608520188,-0.4933162809310421,2.8257656525603196,3.143892160340964,-1.930525217218604,-1.2665061807645612,-0.8559476005701326,-0.2661117961679005,0.3021655763177939,1.4946132483205108,2.7096918585671634,2.2575950773536695,0.47800970464185805,0.8719504758868416,-1.2276641518815414,-1.5767387759117562,1.3857311895795503,0.4715101699833494,-1.509780656285918,-0.017358891915306988,-0.6191661329866572,-1.3457526557658357,-0.6891782311082484,1.7139273092037268,-1.0302846902949245,0.642424334795762,-0.014096138927373434,-0.4465212019948818
-0.7322944079832682,-3.4841904258057825,0.9635338871691687,-0.7737592258085165,1.0824449493601775,3.558799563341191,-1.4474952972718451,-2.666205316634796,-2.303242140410133,2.376495013808918,-4.934529873409988,-3.1006280279427743,0.024560968247766657,-4.266313023040497,-0.6357814333130976,0.4297103326763669,-0.7511014243725684,1.7795080406715864,-3.150187989543313,0.17632792100495415,2.3749778168004028,3.3540417531262436,-1.7663712435890933,0.8788699551532845,-0.17599662534343075,-3.1667301737562945,1.4843035241773685,-1.8760699655851698,-2.5881898131970966,-0.6780338096448921,3.143892160340964,3.6353725798659466,-2.3376502306158966,-1.2713845389353053,-0.7784340957425395,-0.39896265425425853,0.48277408092336993,1.4035946622365876,3.216525557681688,2.968964773204896,0.35091090547675174,1.0497929865461924,-1.643788060733783,-1.5799523792763839,1.8435099574288079,0.8979483429465078,-2.5482931449320207,-0.34473333739885104,-0.6721935929395139,-1.5531837452315227,-0.8075782945693559,2.052584080092625,-1.2943292168992562,0.8365888433635045,-0.3691259438333357,-0.7157769888021981
1.0953987513042487,2.851189040182112,-0.26616163281939575,0.1968211564545374,-0.9849661985989654,-2.285110410962495,0.9451250020487127,1.709065308789346,1.7583497747905639,-1.5612047497875061,3.771502384758992,2.4335816054253083,-0.4639048851130904,3.0279323750918867,0.24362772904839167,-0.2391134676822724,0.5491941675654735,-1.398084365344374,2.584463124348029,4.2756626026393133e-4,-1.1974662807195031,-2.3948858273627494,1.3772748538859905,-0.14368201080077334,0.10631170411683748,2.4208475841049313,-1.1520733571240065,1.4400589118875657,1.576199922657659,0.6708980641291901,-1.930525217218604,-2.3376502306158966,1.6976046328789423,0.7626875987881353,0.2637193913850901,0.14024387793995666,-0.9205276236995728,-0.6500902215002836,-2.0315082512111133,-2.081549579293301,-0.1773705052306127,-0.3572829916542342,1.19837777412432,0.5537063547394133,-1.3517479926819662,-0.6988090691076737,2.4287318477681965,0.3773849926608482,0.41537826250804083,1.1616736759766801,0.49373998332301233,-1.1234511499233006,0.8740825145698796,-0.5241655015414353,0.5232635969897445,0.829094796733999
-0.17838350200053862,0.23861079795142232,-0.3554828348132358,0.8492225935864824,-0.008599750040698472,-0.7729076611519182,-0.15293472895610422,0.2967218723947747,0.40811295552100246,-0.5502279330972475,1.5699425632681991,0.02142931398993364,0.21662782153118962,1.2097035273349963,0.15275500542167322,0.4349394196346506,0.15486666865594945,-0.524073328323883,0.22801252483502366,0.20351112659080878,-0.5848131709746517,-0.9277076963305324,0.3991543528164837,-1.0015958353116614,0.30969035865395417,-0.03529779701960012,-0.003961992668226881,0.2905246362539005,0.7910535537842254,0.2037039328189466,-1.2665061807645612,-1.2713845389353053,0.7626875987881353,0.7835508568116301,0.5123715369795737,-0.1264113601632004,-0.37930087856318784,-0.9308001527245937,-0.9435854405953034,-0.4762436453752751,-0.4770962829605287,-0.03312857209283034,0.2483377296715764,0.6650210652338785,-0.30493044598238034,0.2838622036656459,-0.0743355169903597,-0.40469532433496685,0.30698055339123764,0.6661843642596733,0.242161232782512,-0.4265072377724073,0.2856666403337991,-0.08455205815582086,-0.34500142686125757,0.14321836553559186
-0.8148085011313349,-0.48485715293235193,-0.7174703149825774,0.8270898754870011,0.30183003169647543,-0.6146734235766002,-0.014669298053667939,0.28528969380887037,-0.05689521239992291,-0.3724496092820653,0.28009949241233745,-0.3725939476547943,0.6428501882349282,0.49708030252373464,0.326804943881136,0.15502625637505618,0.0036942510000872878,-0.04957549720410032,-0.4409001348516169,-0.1032170398466212,-0.8303334657481015,-0.3300992004590237,0.028226769664090642,-1.0363299033426536,0.21668273298382745,-0.3095510778855957,0.17397488565087402,-0.09358184357089208,0.589687412475148,-0.17373211698671862,-0.8559476005701326,-0.7784340957425395,0.2637193913850901,0.5123715369795737,0.6307782136861806,0.07945790473175268,0.5280093184041851,-0.870594461821263,-0.6991762792800432,-0.19082567942036807,-0.2609340034469145,-0.4149020910428968,0.04943270331846684,0.9542712528332503,-0.07307319721826035,0.2301599802509751,-0.8716803898482667,-0.39957917120765485,0.19522222019594157,0.17482098310048966,0.22402053302654582,-0.5990249399320061,0.15851807002072477,-0.09787618992794402,-0.5518650924878578,-0.3687512296288222
-0.060151200519319256,0.7567553919256934,-0.4086518614058073,-0.18913836379115498,-0.2110861279170829,-0.8415712969038822,0.7616458550235202,0.8903756080295661,0.37556171736008115,-0.5007284015063193,0.1632035982271283,0.9464653944579111,0.1816007021600047,0.4863375951497276,0.28134843982817426,-0.6218470537616413,0.11906216509388988,-0.06827220934232232,0.6623242599251092,-0.3737923001950307,-0.7862826549524238,-0.38976803318119974,0.18935596245205558,0.1766573814686129,-0.19846279413121,1.0791389490505459,-0.47029080297863457,0.33538805014356454,0.4647035607749938,-0.1042778112592192,-0.2661117961679005,-0.39896265425425853,0.14024387793995666,-0.1264113601632004,0.07945790473175268,0.3934375900079213,0.6782729159398345,0.030192734634573754,-0.5645710886952983,-0.7059436755402554,0.2561241723590291,-0.6994098548925928,0.36541119345915496,0.47127856889492714,-0.379908070608661,-0.551276341395792,0.4864880702809851,0.38415526557926166,0.02068740673851133,-0.09324179144896444,0.15290857818422182,-0.6756690688281081,0.26365858300907385,-0.2923723530763812,0.22476300198599103,-0.14822586697253887
