V1,V2,V3,V4,V5,V6,V7,V8,V9,V10,V11,V12,V13,V14,V15,V16,V17,V18,V19,V20,V21,V22,V23,V24,V25,V26,V27,V28,V29,V30,V31,V32,V33,V34,V35,V36,V37,V38,V39,V40,V41,V42,V43,V44,V45,V46,V47,V48,V49,V50,V51,V52,V53,V54,V55,V56
206133792.90740165,73691388.85998262,104303471.0376374,185182748.25638384,3694645.783270829,-389268847.13314307,-206534784.95502743,-11579761.796267044,282280688.728559,36968450.593175106,167799999.1041153,-137917593.27101853,300100477.63724756,-75383913.39422709,-139356751.95347783,20862282.985263918,-233651367.50205827,9672830.525514638,51129540.99721285,122938755.61817385,-85030490.58650604,37798177.501128435,-89534968.6119583,-31962608.008720044,635279.1977432399,-191879860.41433275,76773183.60645624,224263112.3207855,-139843315.4022088,116214771.6282695,267972031.42990237,93298012.33467874,-66649169.15273283,-163898340.6652306,168645556.77512103,224330047.09467298,119740207.1135241,-47531586.70041844,-342005566.4846304,-280493272.8086225,24664634.794996988,-128986736.55305979,-158914098.10858166,42388992.19952797,-75050496.67515719,19200443.195701912,116961048.00294918,-92374003.65382876,87413345.58928066,138049542.07732874,179502397.69281083,74933002.77592102,196228558.00333273,80346987.92687467,94062592.31061317,204202096.15410766
73691388.85998262,26344156.16348027,37287761.12770935,66201536.93189851,1320810.1556702273,-139160889.8017427,-73834740.9838891,-4139683.8649165793,100913371.8554807,13215962.424851691,59987325.601190396,-49304574.99862072,107283821.63798347,-26949221.848042294,-49819063.410285436,7458119.946707533,-83528729.41760653,3457969.4763798877,18278453.090872876,43949745.14416385,-30397805.437254064,13512583.990018364,-32008124.446821004,-11426409.140330603,227107.42670902703,-68595707.47787207,27445876.394198142,80172493.89124258,-49993006.59051458,41545967.54641797,95798126.36363442,33353386.7683428,-23826611.60725772,-58592510.21065506,60289607.03924961,80196423.0553476,42806286.02260468,-16992209.55421702,-122264597.53513296,-100274383.32840349,8817434.232513834,-46111856.2163314,-56810678.11564117,15153768.400552543,-26830027.707214028,6864024.680372151,41812756.38113232,-33023060.597938534,31249659.21277432,49351745.64887598,64170851.47219318,26788024.38593405,70150337.06700501,28723486.96886877,33626718.54685573,73000821.05672908
104303471.0376374,37287761.12770935,52777440.91274828,93702265.64537688,1869486.6283983546,-196969605.66368562,-104506372.47292556,-5859346.639522871,142833715.8715752,18705995.090438034,84906613.85917915,-69786149.43461789,151850509.36197618,-38144176.66565083,-70514362.39815664,10556292.191417558,-118227333.26725721,4894441.456545407,25871491.189383704,62206874.22881945,-43025334.139222346,19125835.986810435,-45304595.16504366,-16173044.135294475,321450.72501542146,-97090997.05378048,38847145.797181495,113476886.53090256,-70760562.91193281,58804545.8995448,135593551.33089697,47208690.94412633,-33724405.846614435,-82932378.93596318,85334464.93296763,113510755.29412197,60588412.366102576,-24050930.31143325,-173054438.00297758,-141929285.33830637,12480277.958217647,-65267145.81583213,-80410357.80631176,21448783.045131654,-37975468.17356002,9715402.80642307,59182160.83277837,-46741143.40925618,44231056.21048131,69852915.4292989,90828014.50455646,37916016.41768135,99291433.00264044,40655486.6421382,47595567.64049789,103326034.52283245
185182748.25638384,66201536.93189851,93702265.64537688,166361127.75229773,3319129.0276113586,-349704305.63574874,-185542984.1971375,-10402816.936452756,253590219.079031,33211047.952381168,150745128.00497562,-123899912.70474237,269598838.7338673,-67722036.51416391,-125192798.17968899,18741880.474332307,-209903489.1561552,8689702.481650734,45932832.210285306,110443495.50324006,-76388154.09781855,33956443.00564428,-80434805.65126628,-28713989.570537217,570710.7163257957,-172377558.26782137,68970103.92961183,201469438.27719718,-125629908.22170909,104402924.45702238,240735866.46437806,83815380.7044729,-59875075.031161785,-147240026.63524535,151504744.73043057,201529569.84988979,107570041.43814361,-42700567.13003367,-307244774.494756,-251984472.669124,22157768.49324324,-115876771.18788496,-142762373.01248187,38080656.0316352,-67422507.6312985,17248946.753315106,105073350.67465375,-82985286.41931693,78528820.3076165,124018450.50403792,161258117.13324353,67316955.59727785,176284262.4297585,72180673.51075266,84502250.27101077,183447385.4221992
3694645.783270829,1320810.1556702273,1869486.6283983546,3319129.0276113586,66221.20949188052,-6977073.125339452,-3701833.1884290176,-207550.2677042611,5059467.511193661,662605.2124026024,3007568.6565686055,-2471970.7089584116,5378861.023925134,-1351146.189141245,-2497764.948455426,373925.6118443684,-4187858.0529004536,173371.47289590313,916421.9097025442,2203496.8766488787,-1524046.7258807211,677476.8518113493,-1604782.6086388747,-572883.1447538582,11386.116623293574,-3439164.791550482,1376046.9414892893,4019587.3653832693,-2506485.999319058,2082979.0563692166,4803005.369909171,1672230.0324299668,-1194588.5012570987,-2937637.3136610375,3022724.4097012756,4020787.414026377,2146167.286088957,-851933.8315285491,-6129948.102282035,-5027430.823335971,442077.27360342693,-2311898.211862888,-2848301.8936385056,759760.6732839309,-1345170.180058918,344140.19706637843,2096355.1481090225,-1655668.8844963263,1566755.7415268566,2474335.596488479,3217317.170817169,1343064.2208692632,3517109.2764538354,1440102.5371033815,1685933.8417362268,3660023.1593342177
-389268847.13314307,-139160889.8017427,-196969605.66368562,-349704305.63574874,-6977073.125339452,735106230.261909,390026092.1955611,21867547.63087956,-533066785.70286727,-69812260.9134086,-316878233.4668234,260447459.1970129,-566718175.7321118,142357100.72022817,263165205.79628053,-39396921.05845321,441233808.5152542,-18266445.32683609,-96554461.843776,-232161000.96678603,160573967.78853834,-71379140.52786376,169080350.13096517,60359087.726231165,-1199678.4522045846,362351320.1461898,-144980637.86890507,-423504763.63175887,264084046.10533103,-219463240.1217583,-506045914.2874745,-176186588.3816992,125862163.82837853,309510232.3337281,-318475009.0561533,-423631165.7991912,-226120771.515833,89759983.79962154,645852922.8019292,529691379.4851281,-46577389.23041414,243582178.41939312,300097848.2707397,-80048564.4169718,141727467.2171175,-36258657.305885896,-220872529.7472327,174441665.10911626,-165073817.81323394,-260696634.83589706,-338977372.181388,-141505588.3248568,-370563523.768815,-151729511.13904622,-177630442.37899026,-385620977.10148984
-206534784.95502743,-73834740.9838891,-104506372.47292556,-185542984.1971375,-3701833.1884290176,390026092.1955611,206936557.4772965,11602287.962616619,-282829810.02626616,-37040365.27329418,-168126420.1872265,138185884.77973536,-300684263.6549921,75530558.01641624,139627841.91498828,-20902865.980678376,234105889.72844714,-9691647.440565638,-51229003.10369997,-123177908.50251178,85195900.28177866,-37871706.25317369,89709140.31237867,32024785.458410636,-636514.3415914571,192253123.9556803,-76922531.02136792,-224699371.5978715,140115352.10667893,-116440843.79813652,-268493317.18624127,-93479505.06004162,66778821.64841798,164217172.17419776,-168973623.47087288,-224766437.26551348,-119973137.2559789,47624049.65428824,342670870.15990525,281038917.28722024,-24712614.674959216,129237654.87774101,159223233.3986639,-42471451.87284688,75196492.6939776,-19237794.670364067,-117188572.27062917,92553699.61235748,-87583390.3225444,-138318090.06189302,-179851583.83352584,-75078770.12666154,-196610281.99194285,-80503288.26023677,-94245572.04154137,-204599330.88645115
-11579761.796267044,-4139683.8649165793,-5859346.639522871,-10402816.936452756,-207550.2677042611,21867547.63087956,11602287.962616619,650504.1381591983,-15857386.155438151,-2076737.8554555827,-9426324.449260095,7747651.983608691,-16858429.724222668,4234763.047880393,7828497.938593722,-1171958.528694064,13125587.742771905,-543380.499364502,-2872250.5504122204,-6906201.4976750985,4776668.632676443,-2123348.5540127987,5029711.89839249,1795529.9698978039,-35687.32464906849,10779033.543617677,-4312806.653657998,-12598193.58391578,7855831.134782461,-6528475.230932499,-15053583.610608902,-5241104.562051021,3744080.427330616,9207145.122691797,-9473824.555642026,-12601953.799564352,-6726519.911855457,2670132.0398037094,19212487.8884671,15756976.397752954,-1385559.2785183166,7245952.614438694,8927150.50912918,-2381241.984280287,4216033.041832335,-1078603.2651211326,-6570398.063998285,5189197.587114563,-4910527.736625415,-7755064.303857734,-10083717.867976343,-4209432.699665502,-11023325.885052513,-4513568.614827728,-5284055.522722529,-11471246.949078973
282280688.728559,100913371.8554807,142833715.8715752,253590219.079031,5059467.511193661,-533066785.70286727,-282829810.02626616,-15857386.155438151,386556645.30156684,50624788.5503027,229786191.6108552,-188865070.65192902,410959156.7709473,-103231123.79722326,-190835860.1440445,28568918.215975467,-319963398.9798393,13246025.0538192,70017059.21836214,168352971.9392791,-116441196.1247091,51761020.901245475,-122609650.84345408,-43769762.7233528,869953.5310309224,-262761278.82926825,105133598.06732313,307107073.52092576,-191502163.0455952,159145112.35882246,366962294.0084777,127762783.7936254,-91269718.8645566,-224443240.76853836,230944103.9262759,307198735.48805165,163972861.95979926,-65090001.785164244,-468344203.0046873,-384108949.04115105,33775878.85691854,-176635109.01182428,-217617792.45041758,58047707.12717419,-102774541.20309442,26293188.25227146,160167067.72682163,-126497442.67766157,119704289.6154436,189045761.70287248,245811517.76824403,102613644.26238637,268716409.4909751,110027585.63270113,128809803.04483768,279635413.8307199
36968450.593175106,13215962.424851691,18705995.090438034,33211047.952381168,662605.2124026024,-69812260.9134086,-37040365.27329418,-2076737.8554555827,50624788.5503027,6629996.573231182,30093590.6421736,-24734419.58309584,53820625.48519106,-13519503.194782576,-24992521.32769177,3741483.9947604225,-41903507.95314287,1734744.9178813768,9169675.127598101,22048084.62579425,-15249539.864922563,6778801.472283931,-16057382.111116132,-5732238.587746219,113932.32598494897,-34412121.60221035,13768657.69155434,40219799.30992147,-25079782.575115293,20842191.820211127,48058645.163891956,16732253.88642426,-11952996.572586842,-29393859.309359003,30245234.584233228,40231803.45439834,21474450.54505499,-8524410.748360725,-61335968.75431041,-50304229.74400035,4423405.425783342,-23132741.703468855,-28499975.227546155,7602127.401870374,-13459707.56378185,3443446.1562030553,20976030.489990592,-16566540.226314498,15676885.928673927,24758083.566611025,32192322.393105954,13438635.985006576,35192025.70341159,14409590.88665771,16869375.23597938,36622016.153108075
167799999.1041153,59987325.601190396,84906613.85917915,150745128.00497562,3007568.6565686055,-316878233.4668234,-168126420.1872265,-9426324.449260095,229786191.6108552,30093590.6421736,136594972.28000942,-112269665.49929559,244292112.91100803,-61365098.783555634,-113441190.82794568,16982616.310079936,-190200251.38502985,7874016.620628457,41621205.50001387,100076376.49345842,-69217744.73444241,30769016.88907219,-72884545.12849225,-26018662.204892695,517139.5026596859,-156196807.86750242,62496012.39368563,182557888.66719818,-113837270.08169271,94602822.51184995,218138452.82215065,75947791.73309647,-54254716.713271596,-133418887.89601026,137283284.8897239,182612375.48614392,97472648.32189108,-38692346.95651269,-278404297.0814034,-228331173.42314428,20077861.399636988,-104999640.87632129,-129361543.19442248,34506097.76506583,-61093686.11017955,15629820.832237931,95210316.94299915,-75195616.47856897,71157470.86869723,112377076.48268184,146121127.11535016,60998042.09112511,159736796.78606096,65405211.60466112,76570186.32794812,166227531.25576502
-137917593.27101853,-49304574.99862072,-69786149.43461789,-123899912.70474237,-2471970.7089584116,260447459.1970129,138185884.77973536,7747651.983608691,-188865070.65192902,-24734419.58309584,-112269665.49929559,92276294.70317413,-200787727.00674015,50436989.60239219,93239189.05825208,-13958292.50555593,156328731.28947067,-6471784.95876503,-34209156.59401913,-82254428.46344087,56891208.512876615,-25289563.587414693,59905011.56265405,21385169.46391655,-425044.5287785203,128380738.08445524,-51366506.55322402,-150047347.06324545,93564733.48592632,-77755623.15145558,-179291600.249063,-62422745.73156787,44592848.39981465,109659189.71428522,-112835402.113999,-150092131.6882438,-80114380.34112114,31801879.259453695,228825094.65200594,187669167.50257045,-16502325.863362618,86300941.29215795,106324390.48190403,-28361132.736424137,50213911.023699276,-12846409.385067338,-78254933.40652192,61804521.49151395,-58485501.008038886,-92364577.26406989,-120099370.20482334,-50135299.46990579,-131290314.85756016,-53757626.651078045,-62934301.648007974,-136625156.5591298
300100477.63724756,107283821.63798347,151850509.36197618,269598838.7338673,5378861.023925134,-566718175.7321118,-300684263.6549921,-16858429.724222668,410959156.7709473,53820625.48519106,244292112.91100803,-200787727.00674015,436902147.7580514,-109747888.4094639,-202882928.75663486,30372414.37331395,-340162018.41074127,14082218.745675554,74437089.64843841,178980742.55196285,-123791885.11114843,55028585.80673532,-130349741.6820847,-46532855.98340037,924872.1407185596,-279348848.40370935,111770461.79978287,326494100.026444,-203591293.87510073,169191610.2888586,390127855.4666276,135828180.81595686,-97031385.19379248,-238611872.6465215,245523121.52148327,326591548.1546132,174324125.64833418,-69198997.42894505,-497909791.9396981,-408356942.4757162,35908079.46930005,-187785713.48313034,-231355548.21685982,61712137.2130137,-109262482.70863543,27953021.84511341,170278079.40534756,-134482961.08721942,127260970.98964658,200979824.77654985,261329084.21594763,109091428.72371796,285679913.6214488,116973396.23480338,136941296.32708594,297288211.91270465
-75383913.39422709,-26949221.848042294,-38144176.66565083,-67722036.51416391,-1351146.189141245,142357100.72022817,75530558.01641624,4234763.047880393,-103231123.79722326,-13519503.194782576,-61365098.783555634,50436989.60239219,-109747888.4094639,27568184.54303648,50963294.601322,-7629416.083101271,85447195.43233137,-3537391.230718217,-18698267.803245377,-44959171.39729174,31095974.274965614,-13822937.489116102,32743278.657459877,11688847.939500567,-232323.5492088411,70171195.74016157,-28076246.125849433,-82013874.76044062,51141232.87387079,-42500184.44364755,-97998392.663552,-34119438.63810809,24373854.98932921,59938247.65946062,-61674322.97946304,-82038353.55061528,-43789449.58954403,17382482.17125807,125072738.83018908,102577459.15636566,-9019950.74668824,47170941.28069679,58115490.90228116,-15501816.202484742,27446252.769997332,-7021675.835531241,-42773100.818102896,33781525.64467612,-31967393.19503245,-50485243.63651384,-65644710.804666705,-27403284.730057,-71761531.67378102,-29383200.54937158,-34399048.20998412,-74677484.82672815
-139356751.95347783,-49819063.410285436,-70514362.39815664,-125192798.17968899,-2497764.948455426,263165205.79628053,139627841.91498828,7828497.938593722,-190835860.1440445,-24992521.32769177,-113441190.82794568,93239189.05825208,-202882928.75663486,50963294.601322,94212134.24331258,-14103947.23268355,157960008.02400872,-6539316.52489486,-34566126.810303695,-83112746.26059465,57484863.87916603,-25553458.205547847,60530117.231145345,21608320.334488273,-429481.6493699768,129720381.39954653,-51902510.31398413,-151613078.00397283,94541075.07087128,-78566997.78344804,-181162493.86170384,-63074121.6245106,45058171.43851603,110803474.0737596,-114012828.82606295,-151658328.086977,-80950368.57736361,32133729.895674396,231212864.85036516,189627477.1878609,-16674526.901997572,87201483.2926994,107433877.50819618,-28657077.80875615,50737888.229151316,-12980458.276621059,-79071517.28805222,62449444.338557005,-59095793.5805753,-93328393.38545623,-121352596.82076119,-50658456.6637555,-132660316.82667659,-54318579.3714739,-63591016.484177284,-138050827.64503348
20862282.985263918,7458119.946707533,10556292.191417558,18741880.474332307,373925.6118443684,-39396921.05845321,-20902865.980678376,-1171958.528694064,28568918.215975467,3741483.9947604225,16982616.310079936,-13958292.50555593,30372414.37331395,-7629416.083101271,-14103947.23268355,2111419.6050666687,-23647267.307758108,978962.5180872116,5174692.483325609,12442322.276442293,-8605722.306896137,3825458.567322657,-9061609.741466135,-3234854.641519954,64295.6529059323,-19419678.64404979,7770020.391034172,22697105.575095925,-14153190.87458516,11761805.288108652,27120775.864318226,9442457.185736118,-6745394.989024702,-16587738.963341592,17068192.362557936,22703879.217365667,12118605.813504541,-4810552.634782901,-34613523.36462504,-28388018.11210408,2496245.907409358,-13054422.932564123,-16083296.666233651,4290082.987120446,-7595671.816161234,1943227.7666765912,11837333.68307465,-9348939.908910593,8846885.387907613,13971646.901062697,18166986.290827475,7583780.659111607,19859798.49358569,8131715.370063891,9519838.718492396,20666780.415860087
-233651367.50205827,-83528729.41760653,-118227333.26725721,-209903489.1561552,-4187858.0529004536,441233808.5152542,234105889.72844714,13125587.742771905,-319963398.9798393,-41903507.95314287,-190200251.38502985,156328731.28947067,-340162018.41074127,85447195.43233137,157960008.02400872,-23647267.307758108,264842366.672962,-10964093.22313922,-57955015.445924304,-139350312.1445132,96381530.2324439,-42843998.22723935,101487327.6402145,36229416.99390968,-720084.6301477423,217494623.81657666,-87021924.68498063,-254200838.04099232,158511524.7862633,-131728717.95483576,-303744624.7358872,-105752714.64592595,75546417.11748594,185777746.08253583,-191158686.1538928,-254276708.57809857,-135724777.04317978,53876756.68571648,387661174.8587736,317937374.3291866,-27957209.444109596,146205660.95499957,180128138.04902247,-48047658.2650213,85069269.65752582,-21763582.989853054,-132574617.77075726,104705356.97581607,-99082481.31494573,-156478294.31995404,-203464847.35367885,-84936090.99408428,-222423845.90904054,-91072810.02212006,-106619361.08784083,-231461801.5260075
9672830.525514638,3457969.4763798877,4894441.456545407,8689702.481650734,173371.47289590313,-18266445.32683609,-9691647.440565638,-543380.499364502,13246025.0538192,1734744.9178813768,7874016.620628457,-6471784.95876503,14082218.745675554,-3537391.230718217,-6539316.52489486,978962.5180872116,-10964093.22313922,453897.98479989223,2399254.124749125,5768902.588671338,-3990056.619833114,1773679.8649667518,-4201428.828219009,-1499846.2376741434,29809.916139083878,-9003964.29561053,3602582.9600496045,10523549.26534957,-6562148.716988419,5453379.097551838,12574590.3730228,4378010.36029966,-3127512.894208832,-7690931.527612009,7913695.058925513,10526690.763418753,5618810.144552911,-2230420.0298518697,-16048615.244650844,-13162150.746785447,1157388.0645211695,-6052704.418258081,-7457045.571394316,1989104.2436447607,-3521745.6424385016,900981.7380949573,5488398.440347016,-4334651.844279285,4101871.8378001833,6477976.486902459,8423152.128157176,3516232.148898423,9208027.770647006,3770284.4486639174,4413888.002561445,9582185.98577033
51129540.99721285,18278453.090872876,25871491.189383704,45932832.210285306,916421.9097025442,-96554461.843776,-51229003.10369997,-2872250.5504122204,70017059.21836214,9169675.127598101,41621205.50001387,-34209156.59401913,74437089.64843841,-18698267.803245377,-34566126.810303695,5174692.483325609,-57955015.445924304,2399254.124749125,12682199.956090365,30493797.473802056,-21091010.372649897,9375481.050488649,-22208303.852402624,-7928022.86782251,157575.29277563386,-47593987.76963449,19042863.057074245,55626347.38471653,-34686814.17920397,28825976.970585205,66467932.26922287,23141690.98195779,-16531697.15425302,-40653435.822970785,41830937.77158107,55642949.62740394,29700427.97903546,-11789761.385786388,-84831251.39958003,-69573707.47297986,6117829.875035102,-31993941.90913725,-39417141.67815667,10514189.115088774,-18615566.94065649,4762488.273670296,29011083.62264313,-22912499.049714625,21682055.198072597,34241885.340151094,44523874.80805057,18586423.732505634,48672640.7497289,19929311.13179075,23331337.97065874,50650401.678159565
122938755.61817385,43949745.14416385,62206874.22881945,110443495.50324006,2203496.8766488787,-232161000.96678603,-123177908.50251178,-6906201.4976750985,168352971.9392791,22048084.62579425,100076376.49345842,-82254428.46344087,178980742.55196285,-44959171.39729174,-83112746.26059465,12442322.276442293,-139350312.1445132,5768902.588671338,30493797.473802056,73321008.79044238,-50712416.182746105,22542936.01543925,-53398898.972147144,-19062586.672935944,378882.03413494624,-114437671.34592688,45787736.01396285,133751131.18676384,-83402934.09992942,69310806.24850139,159819249.46021667,55643188.74433366,-39749746.001658976,-97749416.87391087,100580669.62920587,133791051.48509353,71413385.55822547,-28347967.71417977,-203973051.59658837,-167286952.2917312,14710055.307339102,-76928041.19151503,-94776800.91813919,25280910.537134282,-44760320.75501503,11451196.895870958,69755887.62658302,-55092107.67363918,52133557.29315066,82333123.02598222,107055719.01158895,44690247.03952789,117031246.72654745,47919162.89774993,56099186.219729915,121786686.5434728
-85030490.58650604,-30397805.437254064,-43025334.139222346,-76388154.09781855,-1524046.7258807211,160573967.78853834,85195900.28177866,4776668.632676443,-116441196.1247091,-15249539.864922563,-69217744.73444241,56891208.512876615,-123791885.11114843,31095974.274965614,57484863.87916603,-8605722.306896137,96381530.2324439,-3990056.619833114,-21091010.372649897,-50712416.182746105,35075201.57572944,-15591803.426766349,36933305.48596873,13184622.323474376,-262053.78048338834,79150722.71977216,-31669050.20123159,-92508861.2522807,57685571.94788224,-47938763.11824119,-110538854.34160602,-38485566.29798869,27492879.639081478,67608304.84245111,-69566538.30956604,-92536471.75889151,-49393010.429994844,19606848.995919783,141077795.5381071,115703884.38366982,-10174197.933863636,53207217.07383186,65552297.61431226,-17485521.089693874,30958439.394568115,-7920210.62274564,-48246603.10580454,38104411.17946738,-36058132.82855483,-56945637.64063655,-74045001.1402656,-30909973.01401856,-80944566.56936878,-33143249.480431296,-38800956.745763905,-84233662.74446656
37798177.501128435,13512583.990018364,19125835.986810435,33956443.00564428,677476.8518113493,-71379140.52786376,-37871706.25317369,-2123348.5540127987,51761020.901245475,6778801.472283931,30769016.88907219,-25289563.587414693,55028585.80673532,-13822937.489116102,-25553458.205547847,3825458.567322657,-42843998.22723935,1773679.8649667518,9375481.050488649,22542936.01543925,-15591803.426766349,6930946.177179691,-16417777.032785593,-5860894.042638127,116489.4394853306,-35184473.77802,14077684.05856534,41122500.10751361,-25642677.96303498,21309977.91848496,49137282.499628305,17107795.76379234,-12221271.89178744,-30053580.65734541,30924064.36456852,41134773.68163937,21956427.179304373,-8715734.237163773,-62712604.86063385,-51433267.41453265,4522685.173202364,-23651937.34529473,-29139634.069482543,7772750.993706441,-13761799.792480027,3520731.5215176647,21446820.4901551,-16938362.801161636,16028740.923255613,25313758.686543204,32914852.97759325,13740255.278376516,35981882.20075411,14733002.485582598,17247994.687364068,37443967.62485658
-89534968.6119583,-32008124.446821004,-45304595.16504366,-80434805.65126628,-1604782.6086388747,169080350.13096517,89709140.31237867,5029711.89839249,-122609650.84345408,-16057382.111116132,-72884545.12849225,59905011.56265405,-130349741.6820847,32743278.657459877,60530117.231145345,-9061609.741466135,101487327.6402145,-4201428.828219009,-22208303.852402624,-53398898.972147144,36933305.48596873,-16417777.032785593,38889842.921882905,13883075.022642698,-275936.91750623035,83343721.33996956,-33346712.871908918,-97409504.54035904,60741457.48005593,-50478312.75491702,-116394634.56123787,-40524333.50636553,28949311.162003648,71189844.97681272,-73251815.01809335,-97438576.81135581,-52009598.68947573,20645519.319509156,148551371.12959448,121833279.80089372,-10713174.913059771,56025861.18146067,69024921.55451153,-18411813.571412478,32598457.884351686,-8339781.522314236,-50802460.03103641,40122985.81704409,-37968307.816277035,-59962324.32199226,-77967524.25492294,-32547424.152301613,-85232592.57844153,-34899006.59384624,-40856432.14603834,-88695928.38638824
-31962608.008720044,-11426409.140330603,-16173044.135294475,-28713989.570537217,-572883.1447538582,60359087.726231165,32024785.458410636,1795529.9698978039,-43769762.7233528,-5732238.587746219,-26018662.204892695,21385169.46391655,-46532855.98340037,11688847.939500567,21608320.334488273,-3234854.641519954,36229416.99390968,-1499846.2376741434,-7928022.86782251,-19062586.672935944,13184622.323474376,-5860894.042638127,13883075.022642698,4956045.619560528,-98503.92479576377,29752427.192546226,-11904265.169057027,-34773696.858182654,21683766.010216493,-18019981.188277304,-41551095.6016401,-14466564.581586374,10334458.995795162,25413680.917830244,-26149773.38076192,-34784076.56242577,-18566626.616405457,7370132.686573274,53030557.409040906,43492610.66678816,-3824438.368307326,20000372.414195318,24640835.782400914,-6572735.258673059,11637149.143615348,-2977175.539771545,-18135697.518608503,14323291.020921767,-13554101.601050612,-21405628.846804377,-27833208.394955583,-11618930.669548117,-30426727.04214203,-12458411.754567744,-14585118.044470241,-31663084.35634406
635279.1977432399,227107.42670902703,321450.72501542146,570710.7163257957,11386.116623293574,-1199678.4522045846,-636514.3415914571,-35687.32464906849,869953.5310309224,113932.32598494897,517139.5026596859,-425044.5287785203,924872.1407185596,-232323.5492088411,-429481.6493699768,64295.6529059323,-720084.6301477423,29809.916139083878,157575.29277563386,378882.03413494624,-262053.78048338834,116489.4394853306,-275936.91750623035,-98503.92479576377,1958.9134929281702,-591350.8658205612,236604.71876422144,691151.1304363259,-430980.8119186795,358160.4083048794,825857.4515874423,287532.9183541952,-205404.8153140756,-505114.562524732,519744.2278401822,691356.3282535562,369025.4730407558,-146486.9360031718,-1054018.9970059714,-864444.550608853,76013.7642228329,-397520.69464605756,-489754.3328135374,130637.11976546037,-231296.0039359898,59172.06574866484,360459.74641783943,-284684.1126832556,269397.9704415653,425451.4924810222,553204.2677690919,230934.07382640304,604751.5352758225,247617.4730751996,289889.78318476654,629325.2882451261
-191879860.41433275,-68595707.47787207,-97090997.05378048,-172377558.26782137,-3439164.791550482,362351320.1461898,192253123.9556803,10779033.543617677,-262761278.82926825,-34412121.60221035,-156196807.86750242,128380738.08445524,-279348848.40370935,70171195.74016157,129720381.39954653,-19419678.64404979,217494623.81657666,-9003964.29561053,-47593987.76963449,-114437671.34592688,79150722.71977216,-35184473.77802,83343721.33996956,29752427.192546226,-591350.8658205612,178611572.48914483,-71464399.1919377,-208755556.4656756,130173299.31576665,-108178644.14417054,-249442050.7173691,-86846553.94898342,62040450.12100188,152564944.70554316,-156983895.5273375,-208817862.21440968,-111460299.57913135,44244828.24952061,318356245.1824535,261097460.62190914,-22959101.728074014,120067440.58942834,147925357.5318632,-39457838.189009875,69860834.42691569,-17872752.276803143,-108873315.98518392,85986438.90718637,-81368806.1008723,-128503562.92260838,-167089997.74249634,-69751465.19617823,-182659561.4895006,-74791078.08367807,-87558264.29714525,-190081738.10138118
76773183.60645624,27445876.394198142,38847145.797181495,68970103.92961183,1376046.9414892893,-144980637.86890507,-76922531.02136792,-4312806.653657998,105133598.06732313,13768657.69155434,62496012.39368563,-51366506.55322402,111770461.79978287,-28076246.125849433,-51902510.31398413,7770020.391034172,-87021924.68498063,3602582.9600496045,19042863.057074245,45787736.01396285,-31669050.20123159,14077684.05856534,-33346712.871908918,-11904265.169057027,236604.71876422144,-71464399.1919377,28593671.053848185,83525330.44861346,-52083727.98982088,43283431.420244575,99804431.00919233,34748234.9178843,-24823047.17694444,-61042865.630288765,62810935.79050724,83550260.75755274,44596456.74126472,-17702828.425953683,-127377737.79539014,-104467887.00579841,9186181.687313914,-48040267.36860441,-59186516.58752651,15787503.513451066,-27952067.24114455,7151080.659041508,43561377.658194065,-34404094.8440425,32556528.542152714,51415649.76222028,66854494.73989317,27908307.266808316,73084044.38897748,29924712.148825955,35032997.30206595,76053736.31615213
224263112.3207855,80172493.89124258,113476886.53090256,201469438.27719718,4019587.3653832693,-423504763.63175887,-224699371.5978715,-12598193.58391578,307107073.52092576,40219799.30992147,182557888.66719818,-150047347.06324545,326494100.026444,-82013874.76044062,-151613078.00397283,22697105.575095925,-254200838.04099232,10523549.26534957,55626347.38471653,133751131.18676384,-92508861.2522807,41122500.10751361,-97409504.54035904,-34773696.858182654,691151.1304363259,-208755556.4656756,83525330.44861346,243986892.5578403,-152142434.50345752,126435777.27752362,291539979.48688257,101503505.7487806,-72510915.75200002,-178313082.36265832,183477812.99922585,244059714.62761325,130271272.25377798,-51711955.55193409,-372084711.2259094,-305162455.8036153,26833871.610027183,-140331027.90530586,-172890479.00958544,46117073.93165229,-81651134.27881776,20889108.95581011,127247688.35570751,-100498231.61322011,95101286.43610923,150190900.5468668,195289505.06719965,81523306.80445315,213486719.47749093,87413448.79989962,102335329.77988306,222161524.48252746
-139843315.4022088,-49993006.59051458,-70760562.91193281,-125629908.22170909,-2506485.999319058,264084046.10533103,140115352.10667893,7855831.134782461,-191502163.0455952,-25079782.575115293,-113837270.08169271,93564733.48592632,-203591293.87510073,51141232.87387079,94541075.07087128,-14153190.87458516,158511524.7862633,-6562148.716988419,-34686814.17920397,-83402934.09992942,57685571.94788224,-25642677.96303498,60741457.48005593,21683766.010216493,-430980.8119186795,130173299.31576665,-52083727.98982088,-152142434.50345752,94871164.52267642,-78841313.85780808,-181795021.74306524,-63294344.687172875,45215491.76187374,111190343.93038881,-114410904.36543046,-152187842.9574036,-81233006.14405566,32245924.528582677,232020143.63739893,190289561.15935954,-16732745.805733245,87505947.10483071,107808982.22568804,-28757134.065032326,50915039.49233887,-13025779.961189602,-79347595.09664087,62667486.73516831,-59302126.0213508,-93654249.15788655,-121776298.92264706,-50835330.533749506,-133123500.03081174,-54508233.18626783,-63813044.09846636,-138532831.69450113
116214771.6282695,41545967.54641797,58804545.8995448,104402924.45702238,2082979.0563692166,-219463240.1217583,-116440843.79813652,-6528475.230932499,159145112.35882246,20842191.820211127,94602822.51184995,-77755623.15145558,169191610.2888586,-42500184.44364755,-78566997.78344804,11761805.288108652,-131728717.95483576,5453379.097551838,28825976.970585205,69310806.24850139,-47938763.11824119,21309977.91848496,-50478312.75491702,-18019981.188277304,358160.4083048794,-108178644.14417054,43283431.420244575,126435777.27752362,-78841313.85780808,65519937.509729154,151078132.5133822,52599852.851988755,-37575682.71531747,-92403132.67433083,95079532.99428783,126473513.300811,67507518.91260952,-26797510.80797369,-192816996.133039,-158137397.03365105,13905507.22959485,-72720556.06089811,-89593100.77570048,23898201.76425704,-42312209.69796126,10824886.666948013,65940675.22832729,-52078911.569989234,49282177.087735236,77830013.868473,101200437.98895596,42245968.716940776,110630365.90565291,45298281.49865671,53030910.53210187,115125713.02117264
267972031.42990237,95798126.36363442,135593551.33089697,240735866.46437806,4803005.369909171,-506045914.2874745,-268493317.18624127,-15053583.610608902,366962294.0084777,48058645.163891956,218138452.82215065,-179291600.249063,390127855.4666276,-97998392.663552,-181162493.86170384,27120775.864318226,-303744624.7358872,12574590.3730228,66467932.26922287,159819249.46021667,-110538854.34160602,49137282.499628305,-116394634.56123787,-41551095.6016401,825857.4515874423,-249442050.7173691,99804431.00919233,291539979.48688257,-181795021.74306524,151078132.5133822,348361171.8430166,121286556.31973365,-86643305.85467736,-213066332.64213347,219237669.62466785,291626993.7231845,155661166.20017865,-61790624.87666283,-444604085.0037542,-364638669.65706825,32063798.090609975,-167681568.7935125,-206586863.44237334,55105299.09376808,-97564953.99637541,24960398.796257652,152048284.72330663,-120085353.18126611,113636544.05894174,179463132.57681316,233351462.96963397,97412213.06807733,255095317.02012002,104450343.27631181,122280503.41042778,265460843.2369317
93298012.33467874,33353386.7683428,47208690.94412633,83815380.7044729,1672230.0324299668,-176186588.3816992,-93479505.06004162,-5241104.562051021,127762783.7936254,16732253.88642426,75947791.73309647,-62422745.73156787,135828180.81595686,-34119438.63810809,-63074121.6245106,9442457.185736118,-105752714.64592595,4378010.36029966,23141690.98195779,55643188.74433366,-38485566.29798869,17107795.76379234,-40524333.50636553,-14466564.581586374,287532.9183541952,-86846553.94898342,34748234.9178843,101503505.7487806,-63294344.687172875,52599852.851988755,121286556.31973365,42227521.209530436,-30166014.56520653,-74181866.04848541,76330498.9502992,101533801.20814729,54195496.70820317,-21513224.429836676,-154794801.59290057,-126953783.30158055,11163435.924519911,-58380559.49584985,-71925952.85394603,19185639.97034081,-33968531.22029201,8690293.844981287,52937624.35815292,-41809306.73386334,39564067.86324577,62482466.89485719,81244402.89629413,33915352.39826172,88814813.90378891,36365771.16575945,42573576.90875472,92423709.08258832
-66649169.15273283,-23826611.60725772,-33724405.846614435,-59875075.031161785,-1194588.5012570987,125862163.82837853,66778821.64841798,3744080.427330616,-91269718.8645566,-11952996.572586842,-54254716.713271596,44592848.39981465,-97031385.19379248,24373854.98932921,45058171.43851603,-6745394.989024702,75546417.11748594,-3127512.894208832,-16531697.15425302,-39749746.001658976,27492879.639081478,-12221271.89178744,28949311.162003648,10334458.995795162,-205404.8153140756,62040450.12100188,-24823047.17694444,-72510915.75200002,45215491.76187374,-37575682.71531747,-86643305.85467736,-30166014.56520653,21549653.237221703,52993194.72141843,-54528110.36019094,-72532557.53807053,-38715560.59490454,15368371.83909183,110580543.41176932,90691794.2080512,-7974808.052049157,41705237.52705484,51381641.38932474,-13705618.318534372,24266051.472170375,-6208072.503312077,-37816975.881870165,29867254.93231097,-28263327.43875593,-44635511.419836655,-58038449.154738694,-24228062.244827505,-63446512.73809774,-25978563.861157414,-30413226.04876395,-66024594.170904204
-163898340.6652306,-58592510.21065506,-82932378.93596318,-147240026.63524535,-2937637.3136610375,309510232.3337281,164217172.17419776,9207145.122691797,-224443240.76853836,-29393859.309359003,-133418887.89601026,109659189.71428522,-238611872.6465215,59938247.65946062,110803474.0737596,-16587738.963341592,185777746.08253583,-7690931.527612009,-40653435.822970785,-97749416.87391087,67608304.84245111,-30053580.65734541,71189844.97681272,25413680.917830244,-505114.562524732,152564944.70554316,-61042865.630288765,-178313082.36265832,111190343.93038881,-92403132.67433083,-213066332.64213347,-74181866.04848541,52993194.72141843,130316653.55508511,-134091196.53078628,-178366302.77383414,-95206229.71319523,37792678.583363496,271930885.5968095,223022054.60681677,-19611014.04095298,102558206.53256099,126353649.29824208,-33703767.83345378,59673145.82021099,-15266399.403771246,-92996502.01725973,73447180.77534309,-69502928.53571953,-109764103.04116173,-142723542.40577787,-59579725.62449442,-156022623.06283292,-63884421.2068022,-74789788.57528009,-162362435.89288795
168645556.77512103,60289607.03924961,85334464.93296763,151504744.73043057,3022724.4097012756,-318475009.0561533,-168973623.47087288,-9473824.555642026,230944103.9262759,30245234.584233228,137283284.8897239,-112835402.113999,245523121.52148327,-61674322.97946304,-114012828.82606295,17068192.362557936,-191158686.1538928,7913695.058925513,41830937.77158107,100580669.62920587,-69566538.30956604,30924064.36456852,-73251815.01809335,-26149773.38076192,519744.2278401822,-156983895.5273375,62810935.79050724,183477812.99922585,-114410904.36543046,95079532.99428783,219237669.62466785,76330498.9502992,-54528110.36019094,-134091196.53078628,137975067.28904852,183532575.5983553,97963819.98115832,-38887320.37518241,-279807199.1817709,-229481754.21276248,20179034.943614632,-105528743.27412802,-130013405.87977083,34679977.41822046,-61401542.62448853,15708582.272032706,95690089.29429378,-75574534.67985764,71516038.29533057,112943353.99124473,146857443.46089885,61305416.45707868,160541724.38457188,65734796.10895052,76956029.25362872,167065165.86970434
224330047.09467298,80196423.0553476,113510755.29412197,201529569.84988979,4020787.414026377,-423631165.7991912,-224766437.26551348,-12601953.799564352,307198735.48805165,40231803.45439834,182612375.48614392,-150092131.6882438,326591548.1546132,-82038353.55061528,-151658328.086977,22703879.217365667,-254276708.57809857,10526690.763418753,55642949.62740394,133791051.48509353,-92536471.75889151,41134773.68163937,-97438576.81135581,-34784076.56242577,691356.3282535562,-208817862.21440968,83550260.75755274,244059714.62761325,-152187842.9574036,126473513.300811,291626993.7231845,101533801.20814729,-72532557.53807053,-178366302.77383414,183532575.5983553,244132559.54844925,130310152.93833546,-51727389.38748969,-372195766.07359934,-305253537.76247686,26841880.21295864,-140372912.56766298,-172942080.35006258,46130838.881193504,-81675504.79665156,20895345.02446263,127285667.31252027,-100528228.18631873,95129670.15574731,150235727.69244346,195347792.45071504,81547638.99416277,213550438.83496478,87439540.88291493,102365872.97226813,222227832.67899734
119740207.1135241,42806286.02260468,60588412.366102576,107570041.43814361,2146167.286088957,-226120771.515833,-119973137.2559789,-6726519.911855457,163972861.95979926,21474450.54505499,97472648.32189108,-80114380.34112114,174324125.64833418,-43789449.58954403,-80950368.57736361,12118605.813504541,-135724777.04317978,5618810.144552911,29700427.97903546,71413385.55822547,-49393010.429994844,21956427.179304373,-52009598.68947573,-18566626.616405457,369025.4730407558,-111460299.57913135,44596456.74126472,130271272.25377798,-81233006.14405566,67507518.91260952,155661166.20017865,54195496.70820317,-38715560.59490454,-95206229.71319523,97963819.98115832,130310152.93833546,69555394.64722092,-27610427.25892543,-198666199.8844755,-162934577.038744,14327338.045540886,-74926571.8715124,-92310954.08537765,24623166.095868304,-43595772.53105309,11153265.126071973,67941019.87650822,-53658752.31938225,50777177.59609421,80191027.7582674,104270405.85184088,43527522.10603427,113986395.47629088,46672428.243011214,54639630.78575915,118618111.30016243
