V1,V2,V3,V4,V5,V6,V7,V8,V9,V10,V11,V12,V13,V14,V15,V16,V17,V18,V19,V20,V21,V22,V23,V24,V25,V26,V27,V28,V29,V30,V31,V32,V33,V34,V35,V36,V37,V38,V39,V40,V41,V42,V43,V44,V45,V46,V47,V48,V49,V50,V51,V52,V53,V54,V55,V56
0.42311923825492365,0.5838779566670895,0.12218844362853741,-0.03872237163396546,-0.25618864780091355,-0.2556966263331152,0.06666482363136851,0.1699645635831642,0.3365888954330089,-0.24432543585077007,0.7991007304844423,0.4377275327357623,-0.20346521720468178,0.48693419437518926,-0.06585698132597166,0.07556655896422802,0.07639417594831596,-0.32084772272600304,0.46557595635334487,0.09969181820315502,-0.0425812604374811,-0.43952181279842234,0.2330946571652347,0.0044994128914889985,0.03493278068954468,0.39308516976424435,-0.22118658151226786,0.2751095041815112,0.20032093225212758,0.1865419994438671,-0.26953438107797023,-0.3788668044852461,0.33368970921977315,0.14602642812941594,-0.018623752935804212,-0.01667023681138796,-0.40813201907179025,5.366103817509924e-4,-0.3183170152990665,-0.3650284372173625,-0.057254894291014435,0.1177925997507616,0.21821982281743035,-0.12749857179854432,-0.24090462851703737,-0.0865128150351459,0.5796009538327053,0.03513157955905676,0.06557973683136104,0.22548063125274007,0.03518202165051601,-0.01764007168593964,0.1469403317703101,0.03161043044810984,0.1726464665510405,0.28051511701542053
0.5838779566670895,2.469097805592801,-0.46215768128419465,-2.4254999106829467,-0.877560866721401,-1.362289057105766,2.803431514417154,2.3694043914518192,0.6539549481511953,-0.647925060376259,-1.9577407499942476,3.39097618468234,-0.15554615294754892,-0.41081372911153163,0.5357154629169988,-2.8307228162428486,0.13827799493292875,0.5628007789154325,2.162739293908046,-1.5662825362668036,-1.2506115520100092,0.2808148375303727,0.09585657959242698,2.7950555253793903,-1.202326736534408,3.907970419001126,-1.670493628581359,0.7019172126037951,-0.04441850194709258,-0.5597190017326129,1.581796291255812,1.0915587727173373,-0.8148940427321176,-1.926396232133388,-0.8429313027790604,1.4160580449119917,2.4767084102334738,1.989511452281961,-0.06845412042512954,-1.5553864911482578,1.8041203202240872,-1.9720561314206093,0.8477068888577157,-0.038619721106072216,-0.82165299125851,-2.4395522229378295,2.3259008625766917,2.1231083124298666,-0.5250342644255994,-1.440702839135745,0.0600360772734921,-1.3182065683515414,0.3608816935947078,-0.8152323576924346,1.5521988027545555,-0.5012247741699702
0.12218844362853741,-0.46215768128419465,0.3153777016361073,0.8767415937050029,0.1398466985130656,0.3350190245628072,-1.0326474870916702,-0.7883268195010092,0.029253385716577155,0.09958768771163727,1.4056001740471982,-0.9504200233181883,-0.1619139832717969,0.5739768928369234,-0.2614289938892603,1.1304215358522958,0.032449711599642425,-0.4641241842533781,-0.3838095296022434,0.6892410555422835,0.5240554238113869,-0.4465044902101846,0.188001312534639,-0.9733673194480446,0.4825911575392498,-1.1865716133017947,0.4793316433126123,-0.036823947613834195,0.1462598739947326,0.3915407428010541,-0.8006812388959087,-0.6773545377072007,0.572894276442143,0.8310039564322537,0.2594983296330016,-0.6011001129205173,-1.3343745191665017,-0.7597309316291078,-0.15061129164869147,0.35770464648515377,-0.7368878519681863,0.8786231278415016,-0.17110806844114693,-0.11051456471508524,0.13852578884490754,0.8692096829480476,-0.3809020415566228,-0.7495301289576373,0.24838210935968097,0.7697557811216698,0.00789084300195111,0.508528190497676,-0.04371236172126665,0.2790831100788038,-0.44921750833788104,0.4374114057629776
-0.03872237163396546,-2.4254999106829467,0.8767415937050029,5.512056618413711,0.8832546563009201,0.7274571756056197,-5.270306220057887,-3.53114739416594,0.4182197415056792,-0.1280155729268208,8.336142790854154,-4.95728400568964,-0.24979049506192413,4.0596420966837465,-0.9872033312633516,6.044313772129341,0.28958630372835914,-2.7225121004359023,-2.003788471458217,3.5312907750052767,1.6759382663005213,-3.1128322341498906,1.2466628231923877,-6.226032776986135,2.757200858042098,-6.139911126540291,2.497962794162726,-0.017395037252387245,1.685239206849736,2.0002566849156804,-5.465839417315004,-4.7982694819808405,3.577073404256518,5.035449177504716,2.0470986708862746,-3.0419485615200506,-6.600603958404073,-5.0124597093538386,-1.862901231866693,1.3285921858917908,-4.197700160011547,4.084528311561343,-0.6472096239166705,0.5433876358089402,0.43216011173637636,4.687589255779556,-2.497133337826729,-4.271094976161776,1.5874136987243854,4.450557064477079,0.35244158790456037,1.8535075002440569,0.08570455482119133,1.2523865068246687,-2.82882236581745,2.0594013936050564
-0.25618864780091355,-0.877560866721401,0.1398466985130656,0.8832546563009201,0.33239700411845147,0.44250163996328906,-0.9806766382779399,-0.8120629622479028,-0.22256040342590674,0.2336692018548595,0.7081089675423113,-1.2027896295179188,0.05700033178389337,0.1958791611451177,-0.16480907527213465,0.979769591026674,-0.028834677330813428,-0.19102439780374583,-0.7268482191188793,0.5428441976167202,0.432611010480947,-0.11069267413046653,-0.004264051019985846,-0.9726236090357935,0.42595425732827863,-1.3793041184910588,0.6032634589791075,-0.24017857918241334,0.03528742690442502,0.20213999531021024,-0.5939859004926923,-0.400957596632641,0.2952570561286329,0.6855266529118718,0.2995186863587231,-0.5174977264354469,-0.8619048757627766,-0.7486911423841219,0.032919184348416015,0.5663124395662078,-0.6442547764441443,0.6724761579096922,-0.3063116454534898,0.06561249078476676,0.2930490137039503,0.8640492149295544,-0.8345185592388641,-0.7363539775564522,0.19191564468801495,0.5396738175675627,-0.0035847119937929064,0.4274165480642307,-0.13128075723686422,0.2312903778067842,-0.5705172218488208,0.16252908113569065
-0.2556966263331152,-1.362289057105766,0.3350190245628072,0.7274571756056197,0.44250163996328906,1.0335403750107657,-1.2192009541357818,-1.2516580236998966,-0.56307955955948,0.5682851137035116,-0.005591192195362976,-1.6432715641584574,0.047524728942969205,-0.5031152330664397,-0.30883478849075896,1.0930538158106886,-0.17152929350629842,0.041182146252137564,-1.2433413175628185,0.6004189641019632,0.8042626914430734,0.38381952672174513,-0.30931424011796244,-0.8788210984256717,0.40171429499470795,-1.8454020118616843,0.794001737170871,-0.5189818147993428,-0.37185315509294503,0.10593714288121056,-0.08527020650428913,0.1415008931779623,-0.04525338135202365,0.5022062867768761,0.1808583869415756,-0.5506157495271993,-0.8426655630078099,-0.46371081064047526,0.4794620602142393,0.9639670421643888,-0.5909094403879211,0.8825443007175832,-0.5302988089455235,-0.26753611347625933,0.5534106657655951,0.9976393316087542,-1.1679774354557528,-0.8164219695726177,0.08620838009589656,0.2719909735094646,-0.1546997075846613,0.80589148665687,-0.3104037215857267,0.4613484365639368,-0.5799861230309753,0.09941416271165907
0.06666482363136851,2.803431514417154,-1.0326474870916702,-5.270306220057887,-0.9806766382779399,-1.2192009541357818,5.3731758437368455,3.839823413264021,-0.11687875600406014,-0.19262911683388803,-7.549816194289884,5.251115553220747,0.27434447061424966,-3.3994904123328964,1.0806235538205633,-6.003358189067929,-0.1791713800919053,2.452860768585523,2.3699453254488474,-3.5074012830509247,-1.996125521264739,2.61305081822908,-0.9841804863470249,5.970622002752389,-2.678094242820866,6.429380637132973,-2.6311290133225036,0.254952357981526,-1.2902036548208822,-1.8876686983490303,4.917581321791327,4.212094230520006,-3.204366069388838,-4.764310996094923,-1.8826290845822335,3.037871372879862,6.463485184537078,4.686125370609583,1.3931925990226033,-1.6859936099162292,4.069292676778737,-4.183444823625789,0.8452495978605148,-0.2609934178163763,-0.6625735156174873,-4.713643983057033,2.7327167977815496,4.232806792262202,-1.463390837567926,-4.156440613957784,-0.22350310378922741,-2.1339346798543266,0.08630767276253817,-1.3723122596687929,2.791099793368371,-1.960181727178772
0.1699645635831642,2.3694043914518192,-0.7883268195010092,-3.53114739416594,-0.8120629622479028,-1.2516580236998966,3.839823413264021,2.9353783008729533,0.21309691884667414,-0.40185840167741116,-4.530642524130878,3.9803643586081767,0.14060263911911733,-1.7888823055484957,0.8038370681376217,-4.154447599535588,-0.021645920931562847,1.4519020900066588,2.0482102282617225,-2.4081874851690532,-1.6032842881450922,1.3757817901892433,-0.4357454059709397,4.027092295060913,-1.8102083048913846,4.789558656329179,-1.9798047465144724,0.414201778322785,-0.5878736470215216,-1.1868177807520233,2.9962693508358305,2.4581892385542212,-1.9013667000876138,-3.1136756198493845,-1.2215477760416744,2.101612908131465,4.304865740032218,3.048226192169787,0.5948784292754302,-1.4979566556404513,2.741153064723261,-2.955826563665759,0.7748070025381187,-0.023079777306839896,-0.676499398622172,-3.3328030707777856,2.229332223204448,2.9522231415896183,-0.9222762440137781,-2.6330983038942097,-0.05663237968187385,-1.6863755794719604,0.20808573227024976,-1.0550982350001306,1.968333008943934,-1.226691830411576
0.3365888954330089,0.6539549481511953,0.029253385716577155,0.4182197415056792,-0.22256040342590674,-0.56307955955948,-0.11687875600406014,0.21309691884667414,0.5343016343998215,-0.42146366304119265,1.6627849948470657,0.34199047934410226,-0.1884557608096771,1.1372733312920462,-0.015801032227708744,0.35821715505507845,0.1853844277047063,-0.5862553995118047,0.6247399377912156,0.26505555568567535,-0.16313273079935267,-0.8860274088004942,0.48733132456457207,-0.4263756915481503,0.21658248663232865,0.24883431514871196,-0.14662623263114413,0.4153783219367542,0.5395107825284522,0.34975368368724524,-0.9063542602299464,-0.96826593873987,0.7260690783899816,0.5541632311004226,0.18235613033538275,-0.19528755977204307,-0.7721072329184256,-0.5128302134029832,-0.658315774158133,-0.4676528331298901,-0.34743929249818195,0.21411645740520888,0.28238102227338424,0.15700664823151295,-0.3407828171862676,0.13512409582968035,0.5496791533527288,-0.17502347511921978,0.22427858318836325,0.6569468649961694,0.15591068662052718,-0.1546318093444419,0.24028281708396196,-0.0727203610464995,-0.03186971730023936,0.403439040472804
-0.24432543585077007,-0.647925060376259,0.09958768771163727,-0.1280155729268208,0.2336692018548595,0.5682851137035116,-0.19262911683388803,-0.40185840167741116,-0.42146366304119265,0.4245100815660315,-0.9759443624029526,-0.5407125879446065,0.05098448802892412,-0.7496582505918993,-0.05752503214239063,-0.009469440595673695,-0.11628781612119551,0.3690175720091664,-0.5389058765128425,-0.02525153567326504,0.356909011124659,0.6232001092486454,-0.30786462279543875,0.19006116993524255,-0.05493794693858921,-0.5288337728733562,0.2690953656038461,-0.33951820301538616,-0.4359366696063501,-0.15383433768762186,0.5500312285069278,0.6612554209141018,-0.4510718333627628,-0.25832433137442934,-0.13119256757985973,-0.05012178180902448,0.21891818874406085,0.21490937286487227,0.5855917044547869,0.5412301634534562,0.08797619754678894,0.08624182024988027,-0.3019417494661644,-0.17644110510567787,0.33641083700686625,0.12638079982655429,-0.5097938900159183,-0.018102600792089946,-0.12304757977139953,-0.2919992951668463,-0.12127474504189074,0.27746849661783585,-0.23491544249758078,0.06620841552734616,-0.09013179289187649,-0.1957131384255759
0.7991007304844423,-1.9577407499942476,1.4056001740471982,8.336142790854154,0.7081089675423113,-0.005591192195362976,-7.549816194289884,-4.530642524130878,1.6627849948470657,-0.9759443624029526,14.869404547215135,-6.117186825095092,-0.835006375019256,7.815897200826131,-1.4717372374838342,9.09822692472584,0.7591660066660878,-4.961732845398776,-1.4718111079676282,5.454929870459901,2.1343297506183303,-6.048722713428785,2.691199347828619,-9.339131450659389,4.22914539963745,-7.959467929444094,3.1290812662366894,0.8235731635607136,3.3163797067138834,3.505766724488,-9.246843465253553,-8.47487002201496,6.383223182180286,8.017830558639718,3.107543362233525,-4.614922402270808,-10.813598508982324,-7.815025873047314,-3.8118044303215357,0.9118453387716613,-6.473649413462017,6.186727422849238,-0.3270309439991656,0.8752086192664085,-0.08360614076489206,6.733996158986227,-2.1973493621200415,-6.224651705700857,2.618220305902508,7.448248732125016,0.7567954172382189,2.380797138908092,0.5830166817203367,1.6490826969297188,-3.8838883222672247,3.7426109358714026
0.4377275327357623,3.39097618468234,-0.9504200233181883,-4.95728400568964,-1.2027896295179188,-1.6432715641584574,5.251115553220747,3.9803643586081767,0.34199047934410226,-0.5407125879446065,-6.117186825095092,5.556122245477617,0.07407547374184202,-2.4684762006791456,1.0291559741377356,-5.670344373492453,-0.03353437991861456,1.9355410673860185,2.9003658036430133,-3.2565794566992934,-2.080916036910752,1.8651122574406442,-0.5816938086313078,5.63066843112275,-2.4947187578470205,6.643217985744338,-2.7693726552876172,0.612127437982782,-0.8664728695025428,-1.5740606448291652,4.191900125132258,3.416218073773161,-2.5865201937312907,-4.302938981484175,-1.7537733705006477,2.8681925052628165,5.739497068071142,4.308671338529861,0.850330109184656,-2.0882863348715985,3.7776734074841474,-3.94596315431513,1.0900548376369439,-0.21363393768728137,-0.9544709161863438,-4.59816357545037,3.2572712089161016,4.08068589638768,-1.2806955432939726,-3.60864076913545,-0.11196593499224693,-2.203143295578587,0.28823399737707045,-1.3852638198181668,2.8003867652377252,-1.5758381913351327
-0.20346521720468178,-0.15554615294754892,-0.1619139832717969,-0.24979049506192413,0.05700033178389337,0.047524728942969205,0.27434447061424966,0.14060263911911733,-0.1884557608096771,0.05098448802892412,-0.835006375019256,0.07407547374184202,0.18905824551419345,-0.47431392645073434,0.09029211336651763,-0.3438995808352554,-0.08293547204367327,0.2815729937422164,-0.20023912108040115,-0.2507578465358436,-0.18470723045832688,0.34864844251375476,-0.22477133765862362,0.20460123418490359,-0.15727896869858277,0.16214989967210086,-0.05829631033003937,-0.13929867673438787,-0.1362063476708653,-0.2319959499279727,0.3860713555316015,0.3678616388956414,-0.3353402571380238,-0.305143471095236,-0.03381630636455307,0.2356792549651798,0.6275271066105401,0.26537117723923936,0.13517879026182378,0.017132433467707944,0.2528977388793416,-0.31786894412231276,-0.03437164585630125,0.0652530198581223,0.06189261822560972,-0.220536217982354,-0.1928047478412239,0.16694704784955383,-0.10773190960541494,-0.3943599220728676,-0.037569848871203966,-0.12064103966899457,-0.03832804845532083,-0.0039679024767191205,0.06383573810773109,-0.269298888273318
0.48693419437518926,-0.41081372911153163,0.5739768928369234,4.0596420966837465,0.1958791611451177,-0.5031152330664397,-3.3994904123328964,-1.7888823055484957,1.1372733312920462,-0.7496582505918993,7.815897200826131,-2.4684762006791456,-0.47431392645073434,4.38148639453289,-0.6085130856960158,4.249652650582,0.5023484070501646,-2.608636292663274,-0.15134981402009778,2.5797526193381226,0.769284744358842,-3.350827593488364,1.5906829416893153,-4.454707473776913,2.0341857768586804,-3.3372245240010208,1.2988544256033439,0.6773262919269217,1.916216299731058,1.8018933135173567,-4.835918709990833,-4.507395073898514,3.3710073171848367,3.972719298805212,1.5342015052763123,-2.200097408111667,-5.290539956187177,-3.9307988909077305,-2.182561734635083,0.07488152906476535,-3.1323424389205687,2.827921602147105,0.05523908793404401,0.6241800454140662,-0.2862431190799022,3.081533095524069,-0.6228655483947414,-2.8690105523540357,1.3379634640569,3.821784727885948,0.48477351466646035,0.8507961047784093,0.4352420307609584,0.582259147961924,-1.7931159096767266,1.9081360135005854
-0.06585698132597166,0.5357154629169988,-0.2614289938892603,-0.9872033312633516,-0.16480907527213465,-0.30883478849075896,1.0806235538205633,0.8038370681376217,-0.015801032227708744,-0.05752503214239063,-1.4717372374838342,1.0291559741377356,0.09029211336651763,-0.6085130856960158,0.25167634019203733,-1.2056411892221155,-0.018827331927680498,0.49023868472619986,0.48281420795012264,-0.712160713825029,-0.45195999789250707,0.49033501486082137,-0.1709001818313654,1.1461975296299853,-0.5227860976240104,1.2718124128721402,-0.5084079168490864,0.0555356405465573,-0.20708008550393417,-0.3810252774767783,0.9043499725366295,0.7819144634154115,-0.6166439566591139,-0.9179134632093432,-0.3410356862440657,0.5984294426345449,1.3265933741749736,0.8534643735742312,0.2435368645092571,-0.33788943299061014,0.7914102709736984,-0.8770923200267103,0.16819190557106398,0.039760656644099494,-0.13600558451188702,-0.9277519106460524,0.4934953218584387,0.8348728655809643,-0.2756639003483392,-0.7941460376350297,-0.019111819171111568,-0.48801257423469546,0.02458310417533976,-0.3227184379348788,0.5128962396688274,-0.41980769118996136
0.07556655896422802,-2.8307228162428486,1.1304215358522958,6.044313772129341,0.979769591026674,1.0930538158106886,-6.003358189067929,-4.154447599535588,0.35821715505507845,-0.009469440595673695,9.09822692472584,-5.670344373492453,-0.3438995808352554,4.249652650582,-1.2056411892221155,6.830644268796247,0.2605493086900728,-2.98801255154862,-2.40951892748914,4.001990149338921,2.082906701620252,-3.30003831944506,1.2759230543037925,-6.883835439654525,3.070821753401815,-7.017498660273654,2.8392406976797337,-0.10808278405056523,1.6918941758962207,2.227516728385528,-5.868648970290705,-5.133300742061908,3.880475283706228,5.547784905459302,2.2054608082734606,-3.4200288133550614,-7.46870628902942,-5.421710114770175,-1.8973055529086342,1.619629074255065,-4.667027504890077,4.7159920071932335,-0.7955403134266971,0.3709855860610504,0.5706990218260592,5.284952962648935,-2.8202978092409996,-4.800800944304985,1.7259654021348805,4.870108599402412,0.31309621954321315,2.2891133239391697,0.02886710016655034,1.5401754767774047,-3.112789844139292,2.339123611762551
0.07639417594831596,0.13827799493292875,0.032449711599642425,0.28958630372835914,-0.028834677330813428,-0.17152929350629842,-0.1791713800919053,-0.021645920931562847,0.1853844277047063,-0.11628781612119551,0.7591660066660878,-0.03353437991861456,-0.08293547204367327,0.5023484070501646,-0.018827331927680498,0.2605493086900728,0.08492518365197566,-0.24927106912036082,0.18353119342398153,0.17602038935086486,0.015470439093333873,-0.3627460602642157,0.2148846350652282,-0.26437554143992503,0.14165872852584135,-0.09205605130592671,0.03611240009067856,0.13664908507867896,0.21499349812652488,0.17486504643831227,-0.44489859776905544,-0.42673723022930155,0.32557735589613096,0.30531474130791164,0.09817304104472477,-0.1687153737131207,-0.4319049433525626,-0.32280267048749006,-0.22508168169227574,-0.0812626629375296,-0.22698072961778867,0.17365486186247936,0.059018386150648784,0.08652695526855318,-0.08681199885982906,0.17314773973672196,0.10916134901047347,-0.1520910548810103,0.11519080861813982,0.3558552907266322,0.06920349664590889,-0.013763809799590023,0.06719526061954884,-0.04012881395796276,-0.09822095556748048,0.17981518629603407
-0.32084772272600304,0.5628007789154325,-0.4641241842533781,-2.7225121004359023,-0.19102439780374583,0.041182146252137564,2.452860768585523,1.4519020900066588,-0.5862553995118047,0.3690175720091664,-4.961732845398776,1.9355410673860185,0.2815729937422164,-2.608636292663274,0.49023868472619986,-2.98801255154862,-0.24927106912036082,1.6686810399993122,0.44188353577353745,-1.7930876535280595,-0.6651553422024007,2.0405128619343427,-0.8968950756681101,3.081755335128104,-1.3879374494612646,2.5431135492754784,-0.9845619808101537,-0.303077964382925,-1.120380240654981,-1.1614677130114899,3.062495266798496,2.8347292346033255,-2.1331159959395807,-2.6467284192562888,-1.0284672131558594,1.493251553129243,3.5698324097260508,2.5501032082476653,1.3161281960238955,-0.22744197323732157,2.1219553090360694,-2.0289106085810475,0.06885956618116731,-0.2725289546910424,0.06680929729969003,-2.185842985999373,0.6512322402253853,2.0407358178085855,-0.8656783922328958,-2.4495716741613647,-0.25004459967909265,-0.7716260634381095,-0.21903981714109674,-0.5661527220203171,1.245265657696608,-1.2555003599411
0.46557595635334487,2.162739293908046,-0.3838095296022434,-2.003788471458217,-0.7268482191188793,-1.2433413175628185,2.3699453254488474,2.0482102282617225,0.6247399377912156,-0.5389058765128425,-1.4718111079676282,2.9003658036430133,-0.20023912108040115,-0.15134981402009778,0.48281420795012264,-2.40951892748914,0.18353119342398153,0.44188353577353745,2.008446329159693,-1.3101034025098606,-1.0159518013252204,0.1534344160880043,0.20084511406642333,2.438393199696839,-1.0041460620880582,3.3365472718371745,-1.3980718251728648,0.6549955186517398,0.009622018309354361,-0.41142316541198715,1.230968180863991,0.8571606832158883,-0.6207752489145912,-1.5988510697440896,-0.7406164179086918,1.1188260415217242,1.9942009303877508,1.5810828785491198,-0.03515170517482828,-1.2903516317758692,1.4896383268119544,-1.6596781399550835,0.7166025113407919,0.03027639861802998,-0.7094407760228447,-2.050883066628738,2.0488671678211974,1.8365191397810396,-0.42104682344073346,-1.086597728305121,0.09146721849743003,-1.167956807535192,0.30197557208904097,-0.8284132113113822,1.2908289494708116,-0.38875087611118486
0.09969181820315502,-1.5662825362668036,0.6892410555422835,3.5312907750052767,0.5428441976167202,0.6004189641019632,-3.5074012830509247,-2.4081874851690532,0.26505555568567535,-0.02525153567326504,5.454929870459901,-3.2565794566992934,-0.2507578465358436,2.5797526193381226,-0.712160713825029,4.001990149338921,0.17602038935086486,-1.7930876535280595,-1.3101034025098606,2.3594715644938535,1.238023950449507,-1.9954925246374853,0.8003157548243527,-3.995743719237191,1.8014288300461316,-4.051735802819043,1.6376029167191646,-0.016796433546048418,1.013925376509942,1.3422458175867777,-3.4762527652927444,-3.0504476297301872,2.321161057693013,3.2632690793769483,1.272741765432379,-2.02361592837619,-4.45120072079895,-3.1829866288470017,-1.1304092519100135,0.9153926133579849,-2.742797257485544,2.7840103607098095,-0.4419084925273531,0.2006213118996355,0.30440475991509103,3.0837058848452057,-1.5523675048253343,-2.791128913537691,1.0199744926427443,2.903632714343371,0.19287853623488133,1.3363433876960946,0.030397952781636303,0.8758237172563514,-1.7988744976292783,1.4155618582354828
-0.0425812604374811,-1.2506115520100092,0.5240554238113869,1.6759382663005213,0.432611010480947,0.8042626914430734,-1.996125521264739,-1.6032842881450922,-0.16313273079935267,0.356909011124659,2.1343297506183303,-2.080916036910752,-0.18470723045832688,0.769284744358842,-0.45195999789250707,2.082906701620252,0.015470439093333873,-0.6651553422024007,-1.0159518013252204,1.238023950449507,1.0331954330927047,-0.5532225274955048,0.20941910069378625,-1.8227360506641086,0.887368091322587,-2.498073938718885,1.0525822187971785,-0.24732396081288016,0.13841891854987795,0.6227470966818693,-1.3304862145312715,-1.0219923458360416,0.8621076942779122,1.4685530201423742,0.49240286562514757,-1.132510876742474,-2.2647599869903314,-1.4328270686500428,-0.06130040889127075,0.9242814787526762,-1.3532910632292359,1.5881956322152209,-0.4693192468848374,-0.13150047576207824,0.42224128779787745,1.6979000917847735,-1.088106102344694,-1.4316879356075425,0.4247129910184579,1.312737738206822,-0.007976063670558515,0.9760244321861565,-0.18324124024000643,0.4964127792744587,-0.9589850611509502,0.6471048430299585
-0.43952181279842234,0.2808148375303727,-0.4465044902101846,-3.1128322341498906,-0.11069267413046653,0.38381952672174513,2.61305081822908,1.3757817901892433,-0.8860274088004942,0.6232001092486454,-6.048722713428785,1.8651122574406442,0.34864844251375476,-3.350827593488364,0.49033501486082137,-3.30003831944506,-0.3627460602642157,2.0405128619343427,0.1534344160880043,-1.9954925246374853,-0.5532225274955048,2.6072352483962984,-1.196001916634991,3.491413888321334,-1.5704024192965125,2.5403475519619674,-0.9651573518694841,-0.5275320116051976,-1.4900963019028028,-1.3809854626369316,3.7242474856589465,3.507157196539856,-2.615114453215517,-3.0767824764028844,-1.2046773761912077,1.6560635681685727,4.078116967450599,2.990093040497537,1.7512945219421738,0.010274113827792643,2.409303313676539,-2.1879704005245233,-0.07449264292928551,-0.44321978451063043,0.24809916683328806,-2.361822784712702,0.4546294360303226,2.2361858728554282,-1.0320282004290995,-2.912309512997923,-0.3600878309230876,-0.6742280128402807,-0.36065039824383066,-0.5272649003664435,1.3546457200231474,-1.4880086687378364
0.2330946571652347,0.09585657959242698,0.188001312534639,1.2466628231923877,-0.004264051019985846,-0.30931424011796244,-0.9841804863470249,-0.4357454059709397,0.48733132456457207,-0.30786462279543875,2.691199347828619,-0.5816938086313078,-0.22477133765862362,1.5906829416893153,-0.1709001818313654,1.2759230543037925,0.2148846350652282,-0.8968950756681101,0.20084511406642333,0.8003157548243527,0.20941910069378625,-1.196001916634991,0.6198676352586723,-1.3065977453684507,0.6274118703772351,-0.851359487589778,0.32783873601415847,0.32407050890635536,0.6820495983068042,0.6248917882360444,-1.6137171505263768,-1.5236027398645764,1.1554454062997643,1.258373078553338,0.45235018028701585,-0.7010443167047051,-1.7375554766796835,-1.2553641822122177,-0.7584858584654195,-0.08663470129843008,-0.9765159565377161,0.8627034801861821,0.08808708980821212,0.2174449194721037,-0.17338877683655177,0.8986616065512171,0.021733131979756994,-0.8251804558632214,0.43793462731521193,1.290522441198992,0.18751313365478056,0.19149062428319846,0.17961808996027293,0.0924572587043204,-0.507124298872836,0.6628782387233684
0.0044994128914889985,2.7950555253793903,-0.9733673194480446,-6.226032776986135,-0.9726236090357935,-0.8788210984256717,5.970622002752389,4.027092295060913,-0.4263756915481503,0.19006116993524255,-9.339131450659389,5.63066843112275,0.20460123418490359,-4.454707473776913,1.1461975296299853,-6.883835439654525,-0.26437554143992503,3.081755335128104,2.438393199696839,-3.995743719237191,-1.8227360506641086,3.491413888321334,-1.3065977453684507,7.177977623861921,-3.123426224517309,6.973028735754358,-2.8031300417837484,0.06336916348664264,-1.9003188586441924,-2.2129604231788047,6.139569504637706,5.4335367168663975,-4.022868289734801,-5.709918520854405,-2.3716247896020217,3.363657081188731,7.39607719436015,5.606331558119905,2.190493835727123,-1.4401020523268846,4.7373906579845935,-4.6190707124471695,0.71262700082307,-0.5713166244746473,-0.4817752069923773,-5.30404175039427,2.898850703086401,4.898539713445646,-1.788799591335122,-4.932720652801211,-0.3665854580390554,-2.1371659288680753,-0.11975190699275456,-1.5690856882015083,3.187940252669358,-2.3104865144886064
0.03493278068954468,-1.202326736534408,0.4825911575392498,2.757200858042098,0.42595425732827863,0.40171429499470795,-2.678094242820866,-1.8102083048913846,0.21658248663232865,-0.05493794693858921,4.22914539963745,-2.4947187578470205,-0.15727896869858277,2.0341857768586804,-0.5227860976240104,3.070821753401815,0.14165872852584135,-1.3879374494612646,-1.0041460620880582,1.8014288300461316,0.887368091322587,-1.5704024192965125,0.6274118703772351,-3.123426224517309,1.3924553077918451,-3.1000910138039934,1.2546576462981818,-0.004027181298043026,0.8280591356753599,1.0242359384794173,-2.7337414350735996,-2.40538544806842,1.8087885633219374,2.536961623883403,1.0137066876156247,-1.543896320949053,-3.3843513631089626,-2.4969528612764864,-0.9249484309838943,0.672172266995991,-2.119186033029795,2.1013303690974645,-0.32525398267930145,0.21905759368090225,0.21763315413855472,2.3692001978006174,-1.2199425404953934,-2.1568275364650185,0.797064749344308,2.247041233598133,0.16565040566481334,0.9764033541366659,0.040260134301015243,0.6573251165202408,-1.4058236607686259,1.0692241155588662
0.39308516976424435,3.907970419001126,-1.1865716133017947,-6.139911126540291,-1.3793041184910588,-1.8454020118616843,6.429380637132973,4.789558656329179,0.24883431514871196,-0.5288337728733562,-7.959467929444094,6.643217985744338,0.16214989967210086,-3.3372245240010208,1.2718124128721402,-7.017498660273654,-0.09205605130592671,2.5431135492754784,3.3365472718371745,-4.051735802819043,-2.498073938718885,2.5403475519619674,-0.851359487589778,6.973028735754358,-3.1000910138039934,7.998701081640386,-3.315132580437032,0.6144446596656988,-1.2075581868383456,-2.0274947285165936,5.359602246078459,4.444185128312941,-3.3701473620974767,-5.400348295187132,-2.180227162685713,3.54698721208205,7.24253360475359,5.373185273316589,1.2344744522022535,-2.3894994523567927,4.699110722060868,-4.885593534730058,1.2349596285370903,-0.2736725059203151,-1.0531852174327276,-5.632576847114114,3.768528112290043,5.018605914859,-1.6235372246705655,-4.584549212813916,-0.17551341041191043,-2.655848187605074,0.27580814934919984,-1.6848548790072535,3.3998109637639344,-2.057065833528922
-0.22118658151226786,-1.670493628581359,0.4793316433126123,2.497962794162726,0.6032634589791075,0.794001737170871,-2.6311290133225036,-1.9798047465144724,-0.14662623263114413,0.2690953656038461,3.1290812662366894,-2.7693726552876172,-0.05829631033003937,1.2988544256033439,-0.5084079168490864,2.8392406976797337,0.03611240009067856,-0.9845619808101537,-1.3980718251728648,1.6376029167191646,1.0525822187971785,-0.9651573518694841,0.32783873601415847,-2.8031300417837484,1.2546576462981818,-3.315132580437032,1.3886908793459356,-0.28583307272080144,0.4510464707554335,0.8085399927929188,-2.135416176799637,-1.7371888387303795,1.3206293948827106,2.167848917247979,0.8719152359434116,-1.4590903104972628,-2.909829023723411,-2.1880821548427307,-0.42601657011147,1.0473902964620587,-1.904401218923588,1.9812709020590977,-0.5428054646708903,0.1232893746488055,0.47049789758091437,2.306770981789423,-1.6020531665914093,-2.0340980267580453,0.6494011542491882,1.8483546583268093,0.06800444904677412,1.0887601248073966,-0.14282293117656508,0.6569874261153397,-1.407401796468242,0.8034274583422529
0.2751095041815112,0.7019172126037951,-0.036823947613834195,-0.017395037252387245,-0.24017857918241334,-0.5189818147993428,0.254952357981526,0.414201778322785,0.4153783219367542,-0.33951820301538616,0.8235731635607136,0.612127437982782,-0.13929867673438787,0.6773262919269217,0.0555356405465573,-0.10808278405056523,0.13664908507867896,-0.303077964382925,0.6549955186517398,-0.016796433546048418,-0.24732396081288016,-0.5275320116051976,0.32407050890635536,0.06336916348664264,-0.004027181298043026,0.6144446596656988,-0.28583307272080144,0.345870223630595,0.3366360919790175,0.15701222060799847,-0.39067680900548407,-0.4838189161290868,0.363784747815777,0.1241717716111917,0.014785610071144007,0.038491048104674186,-0.19851718676621863,-0.0965106264309811,-0.41955609781854314,-0.4731350725142884,-0.00912515903967488,-0.09734407352054802,0.2758475400593651,0.10000325035120335,-0.3103517123745227,-0.19972049657576374,0.6195822286663627,0.14101303426622502,0.08076284377541004,0.2514763998453538,0.10772423005504296,-0.25583682809141184,0.19258892117229764,-0.15053564454938317,0.1591209958797679,0.19518533054216594
0.20032093225212758,-0.04441850194709258,0.1462598739947326,1.685239206849736,0.03528742690442502,-0.37185315509294503,-1.2902036548208822,-0.5878736470215216,0.5395107825284522,-0.4359366696063501,3.3163797067138834,-0.8664728695025428,-0.1362063476708653,1.916216299731058,-0.20708008550393417,1.6918941758962207,0.21499349812652488,-1.120380240654981,0.009622018309354361,1.013925376509942,0.13841891854987795,-1.4900963019028028,0.6820495983068042,-1.9003188586441924,0.8280591356753599,-1.2075581868383456,0.4510464707554335,0.3366360919790175,0.9045980576283638,0.7242205835897101,-2.092000509476334,-1.994534309403326,1.4510625553245846,1.6652944068251279,0.6911152852604758,-0.8299159232061394,-2.0798431136968043,-1.6477622251278357,-1.0702401409466953,-0.1314912648657172,-1.2707510224663343,1.0572840275563749,0.1040042525397205,0.35107969849277154,-0.20211135728093574,1.1963697523881975,-0.19603300755836095,-1.1641147821125049,0.5694888381660281,1.5676843008650472,0.22974744636091204,0.23043283555122915,0.24557217075482865,0.23506324290482153,-0.7183360968923216,0.7682679657312698
0.1865419994438671,-0.5597190017326129,0.3915407428010541,2.0002566849156804,0.20213999531021024,0.10593714288121056,-1.8876686983490303,-1.1868177807520233,0.34975368368724524,-0.15383433768762186,3.505766724488,-1.5740606448291652,-0.2319959499279727,1.8018933135173567,-0.3810252774767783,2.227516728385528,0.17486504643831227,-1.1614677130114899,-0.41142316541198715,1.3422458175867777,0.6227470966818693,-1.3809854626369316,0.6248917882360444,-2.2129604231788047,1.0242359384794173,-2.0274947285165936,0.8085399927929188,0.15701222060799847,0.7242205835897101,0.8509835643692414,-2.1598590799528727,-1.950083157524534,1.4926784893536105,1.9113090269856605,0.7138815131398166,-1.1561842532612658,-2.656983633073892,-1.862974877405524,-0.8095239638111317,0.32411096203706596,-1.5700085402409099,1.554378148875772,-0.1319862857744059,0.15389180538336794,0.03563351643198968,1.6684126975190898,-0.5783948780368205,-1.5126008007224334,0.618018664787575,1.7914550550721027,0.16228354355501862,0.6487967180769337,0.09771783699761052,0.40377988086218564,-0.9505594240716294,0.9071010592308205
-0.26953438107797023,1.581796291255812,-0.8006812388959087,-5.465839417315004,-0.5939859004926923,-0.08527020650428913,4.917581321791327,2.9962693508358305,-0.9063542602299464,0.5500312285069278,-9.246843465253553,4.191900125132258,0.3860713555316015,-4.835918709990833,0.9043499725366295,-5.868648970290705,-0.44489859776905544,3.062495266798496,1.230968180863991,-3.4762527652927444,-1.3304862145312715,3.7242474856589465,-1.6137171505263768,6.139569504637706,-2.7337414350735996,5.359602246078459,-2.135416176799637,-0.39067680900548407,-2.092000509476334,-2.1598590799528727,5.907318955163113,5.359973192708774,-3.9862671714833313,-5.155777958315401,-2.071051982071351,2.9572372786958625,6.7539549026160195,5.102921728479445,2.3790597695252504,-0.7369186066772522,4.17790194748158,-3.916388919630257,0.30722311522241574,-0.6844922247750219,-0.05347100521755912,-4.41267770613112,1.7665242608734713,4.081848146728126,-1.6753075142868012,-4.706864586112701,-0.48181827852346293,-1.5153593015542357,-0.32312777996782804,-1.0725863318920839,2.6276948081741955,-2.2611600212685965
-0.3788668044852461,1.0915587727173373,-0.6773545377072007,-4.7982694819808405,-0.400957596632641,0.1415008931779623,4.212094230520006,2.4581892385542212,-0.96826593873987,0.6612554209141018,-8.47487002201496,3.416218073773161,0.3678616388956414,-4.507395073898514,0.7819144634154115,-5.133300742061908,-0.42673723022930155,2.8347292346033255,0.8571606832158883,-3.0504476297301872,-1.0219923458360416,3.507157196539856,-1.5236027398645764,5.4335367168663975,-2.40538544806842,4.444185128312941,-1.7371888387303795,-0.4838189161290868,-1.994534309403326,-1.950083157524534,5.359973192708774,4.942765619271443,-3.664723954484693,-4.600061105037157,-1.8548537206938602,2.549446640233143,6.00030195588832,4.507802706462166,2.3245794629681606,-0.4020013417637427,3.675286082500688,-3.3983916079693604,0.1344087521238293,-0.6319321474382884,0.09936734525601726,-3.790852921179966,1.303126985288526,3.5560284171155985,-1.5084910644737157,-4.212306805132686,-0.46003925365052045,-1.2311285234498615,-0.3835042408425152,-0.9405440731299053,2.2342995708957645,-2.0696679201365265
0.33368970921977315,-0.8148940427321176,0.572894276442143,3.577073404256518,0.2952570561286329,-0.04525338135202365,-3.204366069388838,-1.9013667000876138,0.7260690783899816,-0.4510718333627628,6.383223182180286,-2.5865201937312907,-0.3353402571380238,3.3710073171848367,-0.6166439566591139,3.880475283706228,0.32557735589613096,-2.1331159959395807,-0.6207752489145912,2.321161057693013,0.8621076942779122,-2.615114453215517,1.1554454062997643,-4.022868289734801,1.8087885633219374,-3.3701473620974767,1.3206293948827106,0.363784747815777,1.4510625553245846,1.4926784893536105,-3.9862671714833313,-3.664723954484693,2.7467453103066353,3.4416037050739816,1.3501285616671308,-1.9541273347311097,-4.5954546457742,-3.357100883745755,-1.6781766908075353,0.349947335196871,-2.7671902364176053,2.6169438951664215,-0.12056573712764841,0.40526582355909724,-0.05569928554555658,2.8660990343838204,-0.9367066401627889,-2.6636558788065012,1.126023032329448,3.1843658187845176,0.3322212534994941,0.9854412193093232,0.2665426858848471,0.705885554600537,-1.662027667661205,1.5925114478873865
0.14602642812941594,-1.926396232133388,0.8310039564322537,5.035449177504716,0.6855266529118718,0.5022062867768761,-4.764310996094923,-3.1136756198493845,0.5541632311004226,-0.25832433137442934,8.017830558639718,-4.302938981484175,-0.305143471095236,3.972719298805212,-0.9179134632093432,5.547784905459302,0.30531474130791164,-2.6467284192562888,-1.5988510697440896,3.2632690793769483,1.4685530201423742,-3.0767824764028844,1.258373078553338,-5.709918520854405,2.536961623883403,-5.400348295187132,2.167848917247979,0.1241717716111917,1.6652944068251279,1.9113090269856605,-5.155777958315401,-4.600061105037157,3.4416037050739816,4.682966426095022,1.8803743653806522,-2.7759042219560386,-6.198419271206804,-4.6033172172027825,-1.8897229744034565,1.0137639764254252,-3.8645792733554116,3.760502795343112,-0.4751122326630498,0.4728293927748098,0.2662563384484135,4.233962790911932,-2.011414191266625,-3.8862592797267865,1.4884161508402909,4.179127093518328,0.34915647065763583,1.6517022679290028,0.16077350047634892,1.1488139553055798,-2.5102051653692388,2.0044486368156513
-0.018623752935804212,-0.8429313027790604,0.2594983296330016,2.0470986708862746,0.2995186863587231,0.1808583869415756,-1.8826290845822335,-1.2215477760416744,0.18235613033538275,-0.13119256757985973,3.107543362233525,-1.7537733705006477,-0.03381630636455307,1.5342015052763123,-0.3410356862440657,2.2054608082734606,0.09817304104472477,-1.0284672131558594,-0.7406164179086918,1.272741765432379,0.49240286562514757,-1.2046773761912077,0.45235018028701585,-2.3716247896020217,1.0137066876156247,-2.180227162685713,0.8719152359434116,0.014785610071144007,0.6911152852604758,0.7138815131398166,-2.071051982071351,-1.8548537206938602,1.3501285616671308,1.8803743653806522,0.806746812174759,-1.061140921486547,-2.353579873838914,-1.8609143565946644,-0.8066659779739138,0.3850342971644482,-1.536955759145189,1.4385876797142616,-0.18945597352142418,0.2567519730262581,0.11090965923074314,1.6901622118624018,-0.9150542156448713,-1.582689535256014,0.5960778314171907,1.6168126674462924,0.14265995368055476,0.6167732509525528,0.07475880673148796,0.4885543433180299,-1.036056035631346,0.7392280860453425
-0.01667023681138796,1.4160580449119917,-0.6011001129205173,-3.0419485615200506,-0.5174977264354469,-0.5506157495271993,3.037871372879862,2.101612908131465,-0.19528755977204307,-0.05012178180902448,-4.614922402270808,2.8681925052628165,0.2356792549651798,-2.200097408111667,0.5984294426345449,-3.4200288133550614,-0.1687153737131207,1.493251553129243,1.1188260415217242,-2.02361592837619,-1.132510876742474,1.6560635681685727,-0.7010443167047051,3.363657081188731,-1.543896320949053,3.54698721208205,-1.4590903104972628,0.038491048104674186,-0.8299159232061394,-1.1561842532612658,2.9572372786958625,2.549446640233143,-1.9541273347311097,-2.7759042219560386,-1.061140921486547,1.7849246588396686,3.8246265670393,2.759385970091871,0.8663607278078382,-0.8872628965601126,2.358688266336109,-2.3975890106941495,0.4290092555157101,-0.19118664691432125,-0.30867955405987196,-2.672843323118643,1.3823488793299485,2.3765739335664184,-0.8685593892907374,-2.5147747464609145,-0.1706627820192666,-1.1532662344797384,0.013416076525259925,-0.6818836159489813,1.5761351352287045,-1.194030990842844
