V1,V2,V3,V4,V5,V6,V7,V8,V9,V10,V11,V12,V13,V14,V15,V16,V17,V18,V19,V20,V21,V22,V23,V24,V25,V26,V27,V28,V29,V30,V31,V32,V33,V34,V35,V36,V37,V38,V39,V40,V41,V42,V43,V44,V45,V46,V47,V48,V49,V50,V51,V52,V53,V54,V55,V56
5.86833706415054,-4.900562143082398,-0.7392047569479677,4.0608765939001135,1.2930212919520132,-8.454719955427356,2.321491154097725,8.539472565841542,5.665686405612618,-4.556377610620072,5.02226168862463,-17.81552880677546,8.696245278807428,-0.9242248510627742,-6.889859302544935,4.715931193141674,0.6395760229224872,-3.496851043458644,1.7732755239245748,-15.240770152314516,11.151137292340964,14.084509468850532,-11.96986513030472,-9.333702128798384,-0.7801790078394052,-12.77836888865655,11.39574105101964,10.519409948252928,0.032556958948062736,-4.515652409938445,-2.0116434018693856,-6.313175006693102,-14.40013530205949,12.666752252072211,-6.029197795807417,-2.426646132442907,13.270138202607589,4.919004787562985,5.218248543257763,-9.385953283736008,-7.201273741054259,4.398677431934053,-17.267258245457775,4.441906232833371,14.229035116808864,11.625469381445996,-1.0883529139743624,0.7336933074968571,-2.403249694216542,-7.11914179552676,-25.38928027238792,6.521302979557558,-3.5809115056826806,6.1627547333118065,2.576881351456007,-3.7910411809797755
-4.900562143082398,4.403768758629323,0.6984804404175399,-3.177218490267022,-1.235117850200873,7.069560703027939,-1.979938627130355,-6.726728835248589,-4.74832630638896,3.260265290203366,-4.042087820826393,14.185644850806563,-7.110465681246283,1.0223944037665067,5.542697020253041,-3.4743592757467106,-0.8410447125446336,2.7017316765099726,-1.4606913441847822,12.192948876774734,-8.942501334404607,-11.689225310097605,9.794464056240303,7.354556031718083,0.8646884402113103,10.251526707834614,-9.162489173173238,-8.499399296521526,-0.14054032153949067,3.7262649664970433,1.4738800481443362,4.900984723349581,11.438960741228126,-10.166400339532853,4.976055649039429,2.293445203421415,-10.69992409990007,-3.722833900504414,-4.029487645778364,7.176826120729539,6.070505921162297,-3.377970093073881,14.145745671652147,-3.92983882487097,-11.353801040204381,-9.592355478323869,0.8414781911846029,-0.273729471383904,1.9081569644863825,5.551120127103725,20.09540605738298,-5.233102723737117,2.8575069407257128,-4.977608297299894,-1.9403816269447118,3.273652466496509
-0.7392047569479677,0.6984804404175399,0.22968780743529238,-0.35229499043176876,-0.3188952608766285,0.9338000999567391,-0.4555429996379176,-0.7083391321016441,-0.6367908609115065,0.22348834921044786,-0.7120148981558536,1.47147124071173,-0.7228648205400563,0.21455747259150343,0.5489426556397862,-0.4678384457509674,-0.2827621645771968,0.03972146294071601,-0.1896904217341095,1.12615445713469,-1.1752713017811003,-1.4851930048293347,1.2376863991628129,0.7078187611766396,0.2092314012907037,1.0798892945295784,-1.106003838565895,-0.949072627062494,-0.15012148978426404,0.5136870006571574,0.15827019726765057,0.5338671328718781,1.3268288600525622,-1.1365934967078666,0.6913470239855651,0.2760098824457401,-1.3715378264631433,-0.2591769396659044,-0.22972251322177592,0.6835060420962966,0.7953946028238028,-0.3603946050751929,1.7215622309059642,-0.7685275809728332,-1.2883862628634541,-1.2530310331929997,-0.09588978810680661,0.10224307268150556,0.31485413818140473,0.5103116075085462,2.304667523973423,-0.5333073283548918,0.2745200340068436,-0.6237181532416005,-0.11575218194138748,0.6175340766022956
4.0608765939001135,-3.177218490267022,-0.35229499043176876,3.2552906526503733,0.707274937475322,-6.091966243250197,1.3577704576934715,6.699980164035113,4.074931378596637,-3.9715429027955635,3.486220371784141,-13.821140822556394,6.674579394711845,-0.3082761590131498,-5.319692068944592,3.851999151368779,-0.017661135096089353,-3.1375468558932225,1.3335949258933217,-12.018917716024484,8.584484720805332,10.367586920180486,-8.823499904345642,-7.305536147244196,-0.27908626637844386,-10.027224541860539,8.676192871580595,8.003628036872282,-0.232481531478463,-3.279574811419786,-1.6449261065493554,-5.0107019146888465,-11.180795875265,9.639242405441069,-4.513519687866955,-1.5013663927208187,10.09298538062376,4.203159513894413,4.449630816083785,-7.56600397794492,-5.043819177845093,3.4801177696816685,-12.935058089463977,2.725211763819084,11.075830585912795,8.52478217761684,-1.0711984325700055,0.9438657422017112,-1.7950909003498423,-5.833523681325044,-19.87837317893917,5.048061891927892,-2.9034916512884084,4.5979934975481145,2.291496013680497,-2.4934505576974186
1.2930212919520132,-1.235117850200873,-0.3188952608766285,0.707274937475322,0.5004924285609067,-1.6728317179688645,0.6848007417585612,1.3340737365686102,1.0895780929732606,-0.44646523228252505,1.1365774687947134,-2.8320792086533553,1.419421589173928,-0.39929418535086597,-1.0330131894849186,0.7588291297388307,0.4394996902420829,-0.21287431247398442,0.3410443952137678,-2.2372847531663917,1.9739457119522736,2.6509055150283536,-2.2641409452541263,-1.3930062314366534,-0.35569629251345936,-2.0228038464328626,2.0267908393685925,1.761079707621485,0.14768462150761036,-0.9247040328834163,-0.28589501071135176,-0.9439003757616425,-2.4260682296750695,2.1144417767495507,-1.1546120105638724,-0.54938316477192,2.4494952383801984,0.5916542079093471,0.5055839066417837,-1.3287162537125237,-1.4624856858791746,0.6857447442152717,-3.081020345800714,1.2623435282818432,2.283391073269448,2.2554971718661223,0.04121456204199994,-0.14940505380935903,-0.5387853475140127,-0.9576679029713452,-4.153116215409497,1.0160187496260018,-0.5059715194706019,1.0926538101746277,0.26783092204826897,-1.0162029130716017
-8.454719955427356,7.069560703027939,0.9338000999567391,-6.091966243250197,-1.6728317179688645,12.699125772438832,-3.081919550218444,-13.19883739292967,-8.67806845205211,7.348669405634364,-7.157419356008837,27.425196390371017,-13.50541100996394,1.02317208474802,10.839285017214847,-7.227568048115534,-0.5561609082871097,6.093720129960961,-2.6995552294951914,23.9913804560818,-17.349381397799956,-21.49623425353847,17.914658029011207,14.421661236791351,0.915983382815626,20.039798229282223,-17.29551407929378,-16.18960844178151,0.03684663812903623,6.660500945884929,3.06692540174441,9.891607947228009,22.103274253624313,-19.381442385651763,9.356228132505215,3.603725091197525,-20.141928506147494,-7.840942767582916,-8.74464498860589,14.530717933678845,10.606484249983794,-6.670781425914694,26.55777619928992,-6.083973706797022,-22.30498808737334,-17.45575938579011,2.0170098110257597,-1.4166223841648768,3.4402137456419406,11.46376557127793,39.36482864384437,-10.155145702540128,5.8171927378170585,-9.397723891782118,-4.272527514569437,5.324791261692811
2.321491154097725,-1.979938627130355,-0.4555429996379176,1.3577704576934715,0.6848007417585612,-3.081919550218444,1.1637157651997732,2.8111435804776908,2.0526502644786135,-1.3000695387186678,2.1113364955982754,-5.876522321752153,2.8219842571543894,-0.5197168150249803,-2.2158870743354737,1.6544932135374204,0.5303464361800095,-0.7315091365466092,0.6252235891790046,-4.761442320982865,3.880954437304816,4.985123225002839,-4.3000870316775375,-3.0198617813745536,-0.450280290667426,-4.128492869992562,3.960898532464216,3.5534787798772007,0.19982425226148126,-1.6818792514948275,-0.6734629194899507,-2.0747169927425473,-4.884784628904616,4.308552550677534,-2.1477023613764827,-0.8934793021093397,4.6797486716244245,1.393901739882266,1.3628264164723973,-3.0061402935223307,-2.683306626941376,1.478519907313227,-5.983714933553088,2.0250392216308826,4.723112179784979,4.203323944495827,-0.08592958093180227,0.03839247740884728,-0.9522456702195463,-2.152025959248925,-8.501438027383966,2.1224898854678727,-1.0810777728457677,2.1827785558379067,0.6658430380975249,-1.6484249886580171
8.539472565841542,-6.726728835248589,-0.7083391321016441,6.699980164035113,1.3340737365686102,-13.19883739292967,2.8111435804776908,14.579420449997379,9.085372794875619,-8.766058896850101,7.338255758797588,-30.02809694594517,14.616679657853144,-0.4696421344449311,-11.902194582829496,8.255226718597203,-0.15656213023564813,-7.268954324186277,2.8690976889330564,-26.533801664123565,18.944609294000202,22.69615203182634,-18.901628853049573,-15.928391359220475,-0.47762643592146625,-22.062466512068653,18.649688775510107,17.52215643097633,-0.3214518041680598,-6.922819884769958,-3.511926947159635,-11.077505686771033,-24.184916268133353,20.998815081274458,-10.001189206140644,-3.353276714871501,21.67153947388712,9.077227188457723,10.199238816735743,-16.37819175974794,-10.813748676361792,7.416538550112553,-28.430954973186278,5.585428665567243,24.566766922110016,18.336639238552916,-2.499107118444665,2.168303427208798,-3.616526830720707,-13.024749283960936,-43.38756857405589,11.123365111638202,-6.546716008893338,10.088120616377433,5.05493913090494,-5.124378252026041
5.665686405612618,-4.74832630638896,-0.6367908609115065,4.074931378596637,1.0895780929732606,-8.67806845205211,2.0526502644786135,9.085372794875619,6.034809416246484,-5.14297821504145,4.834014637192517,-18.811033079757998,9.296996076212185,-0.572030275610201,-7.5532000883616695,5.004246512662396,0.2980900298833981,-4.367418971583575,1.8514886335824536,-16.621369898893736,12.128448123454886,14.814845419302449,-12.169225615295073,-9.898524280464786,-0.5556850301171683,-13.910005033994683,11.819626442397148,11.151489886657002,0.04130891831226471,-4.4936687028980575,-2.0968506001916087,-6.897266927079084,-15.19258348792218,13.303173475075216,-6.548571237196152,-2.436987080673426,13.797622427981187,5.401855698474312,6.2310919190514795,-9.975820992991434,-7.156272853784003,4.533561079147567,-18.36317061910008,4.027115980560132,15.568763740195713,11.903667926055515,-1.4300045463980324,1.0432136360479354,-2.2857633114555975,-8.059294973204848,-27.242386126222737,7.022053625722844,-4.115560584539013,6.4853606133570745,3.003586196701629,-3.558153934184902
-4.556377610620072,3.260265290203366,0.22348834921044786,-3.9715429027955635,-0.44646523228252505,7.348669405634364,-1.3000695387186678,-8.766058896850101,-5.14297821504145,5.7501426076373425,-4.0451206098001755,17.83268561320071,-8.55201136158206,-0.21951940320017324,7.12239161141154,-5.202272848504216,0.6413559509110431,4.750175595573523,-1.6466572292187225,15.96241546042146,-11.33494190978661,-12.93120323380292,10.71232978509001,9.553995448963054,-0.10293014196927637,13.23510345812854,-10.883997080764,-10.283329354287334,0.34397218239334565,3.843329681678837,2.2033750561255188,6.8051937201814185,14.391522802039729,-12.330428368342508,5.833280753099692,1.5438329410653375,-12.637807541280933,-5.729103949472475,-6.540740865113024,10.069719385998583,5.832366949044033,-4.482336073033125,16.5000538723645,-2.5600960371946355,-14.800495229233015,-10.34957996743105,1.6653038036900758,-1.742054299507805,2.0418095872613975,8.124891588592014,26.09951008032351,-6.62235344486824,4.046897865575088,-5.881445073191727,-3.278974603579391,2.554490358238942
5.02226168862463,-4.042087820826393,-0.7120148981558536,3.486220371784141,1.1365774687947134,-7.157419356008837,2.1113364955982754,7.338255758797588,4.834014637192517,-4.0451206098001755,4.506815857914352,-15.160187654029487,7.275258974228711,-0.6555367566026523,-5.8379916398994744,4.327972357176531,0.485954975774511,-2.8602253200011543,1.5162123648788264,-12.853131258469032,9.781689246907892,11.967187166730856,-10.189040639943372,-7.938929852188046,-0.5949902017766282,-10.903894398674668,9.781797999278151,8.952058140784436,0.10620658321059964,-3.857304721257252,-1.8000004469155908,-5.521386507030148,-12.429360080677997,10.80739062498743,-5.239259979504125,-1.8461834854726675,11.466571447295571,4.203062368572152,4.42062367266873,-8.127571707275985,-6.022059765723638,3.8213983023769456,-14.73566554338498,3.8249079266478088,12.300945268455704,9.903511065364208,-0.7772845594905735,0.7258835046858901,-2.1430426135121166,-6.144955980232415,-22.002346517536957,5.5320816467365335,-3.068797404250665,5.315890385804431,2.2130743916726345,-3.302507753103341
-17.81552880677546,14.185644850806563,1.47147124071173,-13.821140822556394,-2.8320792086533553,27.425196390371017,-5.876522321752153,-30.02809694594517,-18.811033079757998,17.83268561320071,-15.160187654029487,62.01471682541158,-30.266458587800233,1.2248185430044256,24.557389750832595,-16.77018731970389,0.104866845487713,14.880741807825068,-5.929365297980368,54.74185735210126,-38.84673625940725,-47.00382031076526,39.21316701373543,32.882210241812814,1.1509507176711609,45.430004572023655,-38.51962272027342,-36.211554774736136,0.6644922456171695,14.379232480421217,7.177561235685846,22.703840642103437,49.809171054459036,-43.401918137468996,20.565868829941873,7.188763139239169,-44.694303857901396,-18.60797575190804,-20.86140225619209,33.65409214676351,22.608616765786078,-15.267121748402499,58.75011889712526,-11.770109176299371,-50.48173021194274,-38.02492654983577,5.171119612718177,-4.281318200158303,7.451424082827979,26.665623162707863,89.17913371700186,-22.962764642763542,13.411939034779378,-20.826546487803768,-10.305199333965012,10.693615382666078
8.696245278807428,-7.110465681246283,-0.7228648205400563,6.674579394711845,1.419421589173928,-13.50541100996394,2.8219842571543894,14.616679657853144,9.296996076212185,-8.55201136158206,7.275258974228711,-30.266458587800233,14.91033185312543,-0.6886611443311539,-12.067898341985767,7.982575410928743,0.04782119744628594,-7.376682694064872,2.9114122459641396,-26.86941072482802,18.9839012371584,23.15562166310384,-19.17397080467968,-16.02029852740312,-0.6428409595458926,-22.27878298021825,18.782188708238156,17.73827216354435,-0.2898033085784995,-7.025243461082883,-3.416930739761579,-11.027944312330781,-24.253318460791466,21.199100123551414,-10.126836114090338,-3.7062626074091165,21.795840667412993,9.026832592187052,10.26038361239695,-16.264500348288873,-11.133607877773668,7.3538214006257165,-28.87177882267918,5.794617580919592,24.702218977288485,18.644193338076516,-2.6000648228863823,1.9691606707542857,-3.565077035467455,-13.038741656527604,-43.45322325698197,11.254868569236702,-6.605421769074914,10.175181951935732,5.025870216443126,-5.238272150540204
-0.9242248510627742,1.0223944037665067,0.21455747259150343,-0.3082761590131498,-0.39929418535086597,1.02317208474802,-0.5197168150249803,-0.4696421344449311,-0.572030275610201,-0.21951940320017324,-0.6555367566026523,1.2248185430044256,-0.6886611443311539,0.5753413246619384,0.3801384704443037,-0.00902867492456664,-0.5721144997127524,-0.23588315198276635,-0.1635515536252547,0.7835411109175359,-0.5302234703270629,-1.3966342114013892,1.3259942534197577,0.5683964610768761,0.42742155471129206,0.6493956236367513,-0.9499651607714091,-0.8085795992514111,-0.11079274549366468,0.5725734503773156,0.03640653306569472,0.17301905281344718,0.9132457144990573,-0.9968916465781085,0.4127063463722702,0.595904388911462,-1.0752648980521669,-0.00845418972692232,0.1843053533398242,0.33745555406435973,1.088816497799939,-0.2524869715929261,1.4341339741466619,-1.0341953788085376,-0.6342291879993281,-1.2912616579502405,-0.09980938759001634,0.3802051573799622,0.2732459433900324,0.02908450336054826,1.2643363946825175,-0.4087336609751488,0.029758969513168563,-0.5033773479560515,0.1225568000916492,0.7142663021517595
-6.889859302544935,5.542697020253041,0.5489426556397862,-5.319692068944592,-1.0330131894849186,10.839285017214847,-2.2158870743354737,-11.902194582829496,-7.5532000883616695,7.12239161141154,-5.8379916398994744,24.557389750832595,-12.067898341985767,0.3801384704443037,9.885770651150608,-6.576325223906119,0.11359442284238729,6.155131097240151,-2.3423501678480685,21.917090344752612,-15.546557427761703,-18.70880307955367,15.386070846882298,13.03523440324254,0.3942403268153866,18.167947729676477,-15.163789980504983,-14.400895021725223,0.1992035244750852,5.596001887645984,2.801877465846473,9.074944847569304,19.688339449540358,-17.195652434195917,8.259159845231025,2.8923858159003646,-17.59929805050792,-7.375968967587146,-8.547975886495623,13.284921212547824,8.858873213588266,-5.965172760351321,23.433002065855156,-4.474106953549759,-20.247599233596496,-14.969579856800879,2.1548320310826026,-1.7447664624812314,2.817685562164912,10.758400286441322,35.44598023477757,-9.170489580917522,5.4504646457567985,-8.276525617460733,-4.15035300964054,4.090137847552787
4.715931193141674,-3.4743592757467106,-0.4678384457509674,3.851999151368779,0.7588291297388307,-7.227568048115534,1.6544932135374204,8.255226718597203,5.004246512662396,-5.202272848504216,4.327972357176531,-16.77018731970389,7.982575410928743,-0.00902867492456664,-6.576325223906119,5.091161147218693,-0.27110612067724765,-3.9747539303825663,1.6116200609317077,-14.68503528015333,10.96562335854779,12.533449152803055,-10.482516476402346,-8.890594036865759,-0.11650089694416474,-12.392243537626683,10.521285195441118,9.742810364321695,-0.15154901560125464,-3.858406470708178,-2.0994895494377657,-6.396924433255249,-13.772289678358407,11.713802527963557,-5.7023576309801465,-1.4850798585446834,12.342681296168243,5.196362118895343,5.724938518690307,-9.396345146772871,-5.7796992923749375,4.2696098473071356,-15.825202140076998,3.049662846455757,13.965139383814327,10.172823643447133,-1.2347951379699298,1.4130524654925365,-2.167795831127347,-7.448050163567077,-24.82827857664531,6.174755757455512,-3.7077537101311275,5.6782629549481305,2.9246279810643263,-2.9008741949496946
0.6395760229224872,-0.8410447125446336,-0.2827621645771968,-0.017661135096089353,0.4394996902420829,-0.5561609082871097,0.5303464361800095,-0.15656213023564813,0.2980900298833981,0.6413559509110431,0.485954975774511,0.104866845487713,0.04782119744628594,-0.5721144997127524,0.11359442284238729,-0.27110612067724765,0.671855894161303,0.6334847690150041,0.06135898003105991,0.41001409976111114,-0.054715604163540536,0.5992146067203491,-0.5833864429536544,0.17008333242789195,-0.454444913575355,0.24741703871522377,0.20600357405034792,0.09645969826705354,0.24033433425469683,-0.3171308592321154,0.119641941055291,0.2553832824455233,0.05510600264133897,0.12394241099501287,-0.13791352941334428,-0.46029081952607565,0.2764315329253709,-0.46622670277836725,-0.6596770775792252,0.42545419124783335,-0.6690152616246713,-0.08813021267018903,-0.40222139926551964,0.9594013945159038,-0.27022802042481336,0.6178816298557235,0.3079926919108673,-0.5324717687720354,-0.1567165977088288,0.5084209311857372,0.4165057440394719,-0.06594292800412876,0.22153163895220832,0.14223422966364913,-0.3711019287657492,-0.6274163815733699
-3.496851043458644,2.7017316765099726,0.03972146294071601,-3.1375468558932225,-0.21287431247398442,6.093720129960961,-0.7315091365466092,-7.268954324186277,-4.367418971583575,4.750175595573523,-2.8602253200011543,14.880741807825068,-7.376682694064872,-0.23588315198276635,6.155131097240151,-3.9747539303825663,0.6334847690150041,4.480431457018957,-1.3651621137912804,13.779151424312348,-9.400471459158636,-10.8849987999729,8.705406647695275,7.984949450028619,-0.12648419218591214,11.291835986479386,-8.885764840345065,-8.637081275308361,0.3344412669837284,3.0522684864545373,1.703199460292599,5.643524354264721,11.819073543657876,-10.235219225461742,4.913392877359265,1.5147714432989243,-10.268907533588099,-4.847180322344765,-5.897332986387982,8.23276854392701,4.773802750409763,-3.5634484407501232,13.901445544064833,-1.7709462340772422,-12.501898712045206,-8.473222371283812,1.7077571172910706,-1.446045219324549,1.4474973887625153,7.002646577834068,21.62253641901883,-5.6378636956725225,3.564944200720935,-4.839068946596438,-2.865350242445832,1.8380857528054177
1.7732755239245748,-1.4606913441847822,-0.1896904217341095,1.3335949258933217,0.3410443952137678,-2.6995552294951914,0.6252235891790046,2.8690976889330564,1.8514886335824536,-1.6466572292187225,1.5162123648788264,-5.929365297980368,2.9114122459641396,-0.1635515536252547,-2.3423501678480685,1.6116200609317077,0.06135898003105991,-1.3651621137912804,0.5838108911155347,-5.211568806937719,3.795341054442777,4.606220844243298,-3.8246414063019474,-3.1186836930057202,-0.15992355073495296,-4.3688872123293905,3.7349402024801877,3.488239256946991,-0.02669131359249266,-1.4191417638446178,-0.6757199419414901,-2.1667702929549515,-4.805565074400926,4.171515351683284,-2.034311257541595,-0.7221074443521233,4.364416801521658,1.7427312534449535,1.9440188888835461,-3.1766982429253536,-2.2217694592518495,1.4507116235478026,-5.717858769862325,1.2435972289179318,4.864007729332726,3.7304645844161755,-0.44989567335435193,0.3496288693987725,-0.7463033811543083,-2.5338379221416263,-8.592787442152401,2.1961385438655676,-1.2851086727109338,2.0196027635628093,0.9657978466186163,-1.1160071190080432
-15.240770152314516,12.192948876774734,1.12615445713469,-12.018917716024484,-2.2372847531663917,23.9913804560818,-4.761442320982865,-26.533801664123565,-16.621369898893736,15.96241546042146,-12.853131258469032,54.74185735210126,-26.86941072482802,0.7835411109175359,21.917090344752612,-14.68503528015333,0.41001409976111114,13.779151424312348,-5.211568806937719,48.83003434258843,-34.44234272670443,-41.41957621888601,34.1949831923008,29.066032408098973,0.8070513399892676,40.444401402317,-33.77646223291487,-31.991083657309705,0.6366262167593965,12.445339157106833,6.275592107604531,20.16761632202647,43.876282274769814,-38.22581036331687,18.24488124011677,6.322610497960595,-39.18289024265622,-16.616819429493717,-19.04828005065366,29.71090218566606,19.601669099599956,-13.350949646954057,51.92060072216716,-9.77300404625567,-44.923393617333,-33.22277522794565,4.8841162389390265,-3.975360551153902,6.31889636977318,23.967472060288266,78.90519492204845,-20.39011915298086,12.115429648549947,-18.3188179046958,-9.342264942763977,9.007303763918959
11.151137292340964,-8.942501334404607,-1.1752713017811003,8.584484720805332,1.9739457119522736,-17.349381397799956,3.880954437304816,18.944609294000202,12.128448123454886,-11.33494190978661,9.781689246907892,-38.84673625940725,18.9839012371584,-0.5302234703270629,-15.546557427761703,10.96562335854779,-0.054715604163540536,-9.400471459158636,3.795341054442777,-34.44234272670443,25.416731473561853,29.975649247084753,-24.59803327610512,-20.495222730515586,-0.6871669882741415,-28.95721497068754,24.342021820532327,22.859793915657573,-0.10907834191693708,-9.043416123273058,-4.530149544138948,-14.574876140458832,-31.63981955589004,27.286895185417233,-13.526500434294723,-4.315543110755033,28.52750789986713,11.641792163215579,13.344109468586085,-21.091728279150928,-13.998604885847179,9.526076205961223,-37.499019035379355,7.537966231297782,32.49929142337593,24.043981482853987,-3.0338622732715552,2.7053042135317478,-4.769297178576306,-17.157357847215433,-57.05767854186529,14.475147630541342,-8.706933314842134,13.274477070468366,6.595390332454212,-6.94114575377371
14.084509468850532,-11.689225310097605,-1.4851930048293347,10.367586920180486,2.6509055150283536,-21.49623425353847,4.985123225002839,22.69615203182634,14.814845419302449,-12.93120323380292,11.967187166730856,-47.00382031076526,23.15562166310384,-1.3966342114013892,-18.70880307955367,12.533449152803055,0.5992146067203491,-10.8849987999729,4.606220844243298,-41.41957621888601,29.975649247084753,36.65343185744423,-30.33161646337627,-24.756371021956284,-1.3224248287715459,-34.60368622046728,29.507786241937335,27.726757621507907,-0.11165659464109157,-11.21427070079862,-5.287708943107832,-17.14255972859317,-37.92370960263072,33.135367946227284,-16.113185003140707,-5.9500557102118155,34.398441342603405,13.659251790934716,15.469833821472847,-25.052335335846657,-17.767515194037323,11.413623791746563,-45.46854518255872,9.893109338066381,38.57137740254989,29.58966142371412,-3.6288537900586664,2.6972017195499975,-5.7707797996642105,-20.038845046929758,-67.84512064667368,17.46841096729466,-10.18504223088679,16.062374519030772,7.556785829634752,-8.789808161308807
-11.96986513030472,9.794464056240303,1.2376863991628129,-8.823499904345642,-2.2641409452541263,17.914658029011207,-4.3000870316775375,-18.901628853049573,-12.169225615295073,10.71232978509001,-10.189040639943372,39.21316701373543,-19.17397080467968,1.3259942534197577,15.386070846882298,-10.482516476402346,-0.5833864429536544,8.705406647695275,-3.8246414063019474,34.1949831923008,-24.59803327610512,-30.33161646337627,25.470145629028405,20.67147075076191,1.1697654369316368,28.515576978971925,-24.67784407321142,-23.022823078223702,0.2031931387608567,9.462028330650542,4.472996041958798,14.15401410602293,31.591955823046725,-27.630888196339995,13.160897433734862,4.91829979699597,-28.694625104302865,-11.363725341139547,-12.484119556170116,20.979494238211988,14.971921342478536,-9.644630724922255,37.57639486337489,-8.45757237294673,-31.699901224216006,-24.734759893039364,2.907420219489332,-2.2110871414597812,4.955359689762265,16.37312228214734,56.20627216690643,-14.458848712813444,8.24911826948727,-13.34099704253097,-6.167205621860864,7.4569274879003515
-9.333702128798384,7.354556031718083,0.7078187611766396,-7.305536147244196,-1.3930062314366534,14.421661236791351,-3.0198617813745536,-15.928391359220475,-9.898524280464786,9.553995448963054,-7.938929852188046,32.882210241812814,-16.02029852740312,0.5683964610768761,13.03523440324254,-8.890594036865759,0.17008333242789195,7.984949450028619,-3.1186836930057202,29.066032408098973,-20.495222730515586,-24.756371021956284,20.67147075076191,17.47358122792687,0.5289101229358353,24.060362861689345,-20.345524663515512,-19.163702737785318,0.402677507714122,7.55357244742068,3.8237184222299834,12.054401403688567,26.35159446686334,-22.981194757731284,10.811815675312072,3.7510627187595564,-23.56435436461704,-9.923874807563136,-11.150404889262122,17.910981597474734,11.887156938825278,-8.108622219273956,31.007678422919724,-6.054622990759216,-26.73025573035416,-20.01481249943646,2.808135678382137,-2.3671809191703814,3.898345758169362,14.176056904491391,47.20946120781266,-12.177215718681765,7.114850674849069,-11.003850712828251,-5.4987191181033905,5.52507996632476
-0.7801790078394052,0.8646884402113103,0.2092314012907037,-0.27908626637844386,-0.35569629251345936,0.915983382815626,-0.450280290667426,-0.47762643592146625,-0.5556850301171683,-0.10293014196927637,-0.5949902017766282,1.1509507176711609,-0.6428409595458926,0.42742155471129206,0.3942403268153866,-0.11650089694416474,-0.454444913575355,-0.12648419218591214,-0.15992355073495296,0.8070513399892676,-0.6871669882741415,-1.3224248287715459,1.1697654369316368,0.5289101229358353,0.3393536053167893,0.7237373236861259,-0.8965188319506986,-0.7706916337716238,-0.12479197391367981,0.5017678997413969,0.05191134438151674,0.24963271919479377,0.9322177906089723,-0.9272961709382994,0.48072582701711053,0.4695431901376346,-1.0613668882932479,-0.06338262422403133,0.043567719765588216,0.3626602698455113,0.904199830011348,-0.2368892676088295,1.4079517340783807,-0.8755791362951553,-0.7729275721425999,-1.167783661959432,-0.08888914661996884,0.28914622852079086,0.25340545054551533,0.1673366813473297,1.4321358071216028,-0.4036679018936514,0.10883470346968013,-0.48841003657247023,0.042844935290144076,0.6324189366587502
-12.77836888865655,10.251526707834614,1.0798892945295784,-10.027224541860539,-2.0228038464328626,20.039798229282223,-4.128492869992562,-22.062466512068653,-13.910005033994683,13.23510345812854,-10.903894398674668,45.430004572023655,-22.27878298021825,0.6493956236367513,18.167947729676477,-12.392243537626683,0.24741703871522377,11.291835986479386,-4.3688872123293905,40.444401402317,-28.95721497068754,-34.60368622046728,28.515576978971925,24.060362861689345,0.7237373236861259,33.675599444281495,-28.18892752569268,-26.60371185535814,0.4173505911357197,10.42104202756275,5.232877060335227,16.822898860528756,36.619663650926775,-31.7733783220012,15.368833592395749,5.182973302600146,-32.822875874252354,-13.751014990068127,-15.73121112685813,24.651392062718323,16.299684012764136,-11.098937794987364,43.3357100056619,-8.34988885891686,-37.50428496651962,-27.765357460592746,3.8921590291214945,-3.2405060917835264,5.369078029311863,19.945931990500238,65.900156596166,-16.918165861033398,10.098787129552788,-15.294603515238316,-7.752960084264109,7.701952519142894
11.39574105101964,-9.162489173173238,-1.106003838565895,8.676192871580595,2.0267908393685925,-17.29551407929378,3.960898532464216,18.649688775510107,11.819626442397148,-10.883997080764,9.781797999278151,-38.51962272027342,18.782188708238156,-0.9499651607714091,-15.163789980504983,10.521285195441118,0.20600357405034792,-8.885764840345065,3.7349402024801877,-33.77646223291487,24.342021820532327,29.507786241937335,-24.67784407321142,-20.345524663515512,-0.8965188319506986,-28.18892752569268,24.142103762420287,22.55222644650167,-0.2907818988596067,-9.1227863882493,-4.461609797635678,-14.076815371236926,-31.105862248729565,27.04455564736993,-12.942436956335152,-4.529666443725719,28.106876712158087,11.410259505291032,12.635830511849647,-20.816357940246146,-14.288311563141226,9.508132176786804,-36.743915632960054,7.8089445959908375,31.37651491620942,23.969875029993432,-2.9789304967966768,2.460365914575595,-4.8088652878320906,-16.409094901931244,-55.57306560325569,14.22647863867052,-8.260127501310265,13.039716582285038,6.281064906525475,-7.026865964372295
10.519409948252928,-8.499399296521526,-0.949072627062494,8.003628036872282,1.761079707621485,-16.18960844178151,3.5534787798772007,17.52215643097633,11.151489886657002,-10.283329354287334,8.952058140784436,-36.211554774736136,17.73827216354435,-0.8085795992514111,-14.400895021725223,9.742810364321695,0.09645969826705354,-8.637081275308361,3.488239256946991,-31.991083657309705,22.859793915657573,27.726757621507907,-23.022823078223702,-19.163702737785318,-0.7706916337716238,-26.60371185535814,22.55222644650167,21.230612345899736,-0.26668840684630063,-8.454799064992045,-4.147489836844054,-13.265252923847056,-29.121627876333967,25.410383893694792,-12.167719544025463,-4.329453639771215,26.20829767845807,10.747999145062806,12.15340356697168,-19.532009329654176,-13.34273127406054,8.860388377068354,-34.581979573864096,7.083603938610665,29.61698018256332,22.379230967486976,-2.961307244897543,2.3758714554391265,-4.353883156094858,-15.568742021657355,-52.171500236214925,13.441393418464136,-7.864184672819685,12.243673939334364,5.9629884028893585,-6.388140481064826
0.032556958948062736,-0.14054032153949067,-0.15012148978426404,-0.232481531478463,0.14768462150761036,0.03684663812903623,0.19982425226148126,-0.3214518041680598,0.04130891831226471,0.34397218239334565,0.10620658321059964,0.6644922456171695,-0.2898033085784995,-0.11079274549366468,0.1992035244750852,-0.15154901560125464,0.24033433425469683,0.3344412669837284,-0.02669131359249266,0.6366262167593965,-0.10907834191693708,-0.11165659464109157,0.2031931387608567,0.402677507714122,-0.12479197391367981,0.4173505911357197,-0.2907818988596067,-0.26668840684630063,0.21533756640446472,0.04785157534605343,0.10547291031290955,0.19788282598836615,0.4339232521519711,-0.34706820711506964,-0.017398784978377956,-0.05181090547095272,-0.2656979894112863,-0.3915127118134743,-0.3314835893131162,0.4860345629397736,0.03217784034075061,-0.2048254637338972,0.2354805061987879,0.24391259412052915,-0.32563335967942353,-0.1293810655275575,0.21381173806529222,-0.20615223162578292,0.031070248824554964,0.31174965425533774,0.7400019653915377,-0.2142744905821569,0.12409651272971467,-0.07337509717090233,-0.21600536985386545,-0.1448849810504441
-4.515652409938445,3.7262649664970433,0.5136870006571574,-3.279574811419786,-0.9247040328834163,6.660500945884929,-1.6818792514948275,-6.922819884769958,-4.4936687028980575,3.843329681678837,-3.857304721257252,14.379232480421217,-7.025243461082883,0.5725734503773156,5.596001887645984,-3.858406470708178,-0.3171308592321154,3.0522684864545373,-1.4191417638446178,12.445339157106833,-9.043416123273058,-11.21427070079862,9.462028330650542,7.55357244742068,0.5017678997413969,10.42104202756275,-9.1227863882493,-8.454799064992045,0.04785157534605343,3.542637157645842,1.638809322486764,5.159102580461414,11.627387007752276,-10.157589662858129,4.856859187718452,1.8384930115502573,-10.630462521338654,-4.114555058628424,-4.438775616525739,7.657566323408087,5.592094142297913,-3.5479812892901217,13.837486882357343,-3.2837669599971675,-11.582732387326546,-9.194505466281408,0.9891417649592829,-0.731185231631463,1.883082661426262,5.920872916760116,20.6172374264939,-5.282278604518023,2.982236305414512,-4.917066915395384,-2.2106185988551466,2.87083971247341
-2.0116434018693856,1.4738800481443362,0.15827019726765057,-1.6449261065493554,-0.28589501071135176,3.06692540174441,-0.6734629194899507,-3.511926947159635,-2.0968506001916087,2.2033750561255188,-1.8000004469155908,7.177561235685846,-3.416930739761579,0.03640653306569472,2.801877465846473,-2.0994895494377657,0.119641941055291,1.703199460292599,-0.6757199419414901,6.275592107604531,-4.530149544138948,-5.287708943107832,4.472996041958798,3.8237184222299834,0.05191134438151674,5.232877060335227,-4.461609797635678,-4.147489836844054,0.10547291031290955,1.638809322486764,0.8904572331595717,2.688012807714811,5.819301068576122,-5.000858205781666,2.344858659657019,0.6711645452608616,-5.18774495292876,-2.2217556467369697,-2.423989282077075,4.016450579804282,2.497497920483578,-1.8276704887157433,6.675557922267923,-1.2694374032113767,-5.854847479579764,-4.312892293262985,0.5667814345245407,-0.6038761070917654,0.9006188099931648,3.1262827478452455,10.440094325341091,-2.6341645344629034,1.5459475598022563,-2.3985038784421002,-1.23027139456244,1.193203931125947
-6.313175006693102,4.900984723349581,0.5338671328718781,-5.0107019146888465,-0.9439003757616425,9.891607947228009,-2.0747169927425473,-11.077505686771033,-6.897266927079084,6.8051937201814185,-5.521386507030148,22.703840642103437,-11.027944312330781,0.17301905281344718,9.074944847569304,-6.396924433255249,0.2553832824455233,5.643524354264721,-2.1667702929549515,20.16761632202647,-14.574876140458832,-17.14255972859317,14.15401410602293,12.054401403688567,0.24963271919479377,16.822898860528756,-14.076815371236926,-13.265252923847056,0.19788282598836615,5.159102580461414,2.688012807714811,8.517848705394556,18.365182635229623,-15.872067281508317,7.672762615106104,2.397569797142927,-16.404295689074218,-6.9288154660533205,-7.920354575089697,12.46694821706539,7.995234574897108,-5.60965111387982,21.564541473685253,-4.049410771469756,-18.83621614070003,-13.760868454026953,1.9017770790712405,-1.7662200988547152,2.7031701290657946,10.053159378020018,33.1263244752041,-8.444754322938238,5.062108629128878,-7.65876486805126,-3.9145501067209345,3.77883397321782
-14.40013530205949,11.438960741228126,1.3268288600525622,-11.180795875265,-2.4260682296750695,22.103274253624313,-4.884784628904616,-24.184916268133353,-15.19258348792218,14.391522802039729,-12.429360080677997,49.809171054459036,-24.253318460791466,0.9132457144990573,19.688339449540358,-13.772289678358407,0.05510600264133897,11.819073543657876,-4.805565074400926,43.876282274769814,-31.63981955589004,-37.92370960263072,31.591955823046725,26.35159446686334,0.9322177906089723,36.619663650926775,-31.105862248729565,-29.121627876333967,0.4339232521519711,11.627387007752276,5.819301068576122,18.365182635229623,40.26140861961018,-34.895506543129805,16.756990912992336,5.6175088858996185,-36.234629998471156,-14.953067196061307,-16.707719174882037,27.08627705639805,18.111983743262495,-12.308184956368356,47.39692142035237,-9.637271825431217,-40.814336853886964,-30.693541629612564,3.9772502609957705,-3.4382711583800263,6.132760599384511,21.52267716114735,72.16253033733892,-18.43226797442318,10.833418321239577,-16.815875056686394,-8.313083534103383,8.79636647289691
12.666752252072211,-10.166400339532853,-1.1365934967078666,9.639242405441069,2.1144417767495507,-19.381442385651763,4.308552550677534,20.998815081274458,13.303173475075216,-12.330428368342508,10.80739062498743,-43.401918137468996,21.199100123551414,-0.9968916465781085,-17.195652434195917,11.713802527963557,0.12394241099501287,-10.235219225461742,4.171515351683284,-38.22581036331687,27.286895185417233,33.135367946227284,-27.630888196339995,-22.981194757731284,-0.9272961709382994,-31.7733783220012,27.04455564736993,25.410383893694792,-0.34706820711506964,-10.157589662858129,-5.000858205781666,-15.872067281508317,-34.895506543129805,30.454244569272202,-14.494934513677636,-5.149376401771576,31.4055481272563,12.87520671796949,14.446082272337685,-23.4562831639269,-16.01914431653155,10.666181891871194,-41.328150800750834,8.536014999324657,35.36634741228424,26.820260876118425,-3.5049111710430774,2.858072583101681,-5.261245882658805,-18.56521552902569,-62.43313286898306,16.075096688605804,-9.350542136617618,14.662070582133618,7.106448316696302,-7.6825998870258125
-6.029197795807417,4.976055649039429,0.6913470239855651,-4.513519687866955,-1.1546120105638724,9.356228132505215,-2.1477023613764827,-10.001189206140644,-6.548571237196152,5.833280753099692,-5.239259979504125,20.565868829941873,-10.126836114090338,0.4127063463722702,8.259159845231025,-5.7023576309801465,-0.13791352941334428,4.913392877359265,-2.034311257541595,18.24488124011677,-13.526500434294723,-16.113185003140707,13.160897433734862,10.811815675312072,0.48072582701711053,15.368833592395749,-12.942436956335152,-12.167719544025463,-0.017398784978377956,4.856859187718452,2.344858659657019,7.672762615106104,16.756990912992336,-14.494934513677636,7.2648281466039375,2.443692393640641,-15.190848983298581,-6.05896670682563,-6.994311052697219,11.032157841440746,7.575213500138583,-4.989846743238793,20.064916692657,-4.2038179995626095,-17.24420303297899,-12.9044681234694,1.5700676586237712,-1.2857664089430703,2.5332813697696035,9.030874001740964,30.19300003056544,-7.682510828648374,4.61310397678816,-7.077408086645812,-3.431640078293829,3.816988521284296
-2.426646132442907,2.293445203421415,0.2760098824457401,-1.5013663927208187,-0.54938316477192,3.603725091197525,-0.8934793021093397,-3.353276714871501,-2.436987080673426,1.5438329410653375,-1.8461834854726675,7.188763139239169,-3.7062626074091165,0.595904388911462,2.8923858159003646,-1.4850798585446834,-0.46029081952607565,1.5147714432989243,-0.7221074443521233,6.322610497960595,-4.315543110755033,-5.9500557102118155,4.91829979699597,3.7510627187595564,0.4695431901376346,5.182973302600146,-4.529666443725719,-4.329453639771215,-0.05181090547095272,1.8384930115502573,0.6711645452608616,2.397569797142927,5.6175088858996185,-5.149376401771576,2.443692393640641,1.3568100671494645,-5.208398264589369,-1.8412823589497462,-2.13070742167312,3.5218241488602997,3.153136793211017,-1.6302866344517775,7.1744014347081615,-1.9062837365004397,-5.665158903570732,-4.812898799504906,0.5656401986157876,-0.08380558262214588,0.8318339870039345,2.7796958062823802,9.855275719135115,-2.6912561509396897,1.4526807631785503,-2.4902952386798587,-0.9567523135219038,1.5408119791370716
13.270138202607589,-10.69992409990007,-1.3715378264631433,10.09298538062376,2.4494952383801984,-20.141928506147494,4.6797486716244245,21.67153947388712,13.797622427981187,-12.637807541280933,11.466571447295571,-44.694303857901396,21.795840667412993,-1.0752648980521669,-17.59929805050792,12.342681296168243,0.2764315329253709,-10.268907533588099,4.364416801521658,-39.18289024265622,28.52750789986713,34.398441342603405,-28.694625104302865,-23.56435436461704,-1.0613668882932479,-32.822875874252354,28.106876712158087,26.20829767845807,-0.2656979894112863,-10.630462521338654,-5.18774495292876,-16.404295689074218,-36.234629998471156,31.4055481272563,-15.190848983298581,-5.208398264589369,32.81146355732568,13.232363839101497,14.664873655544241,-24.147429752762193,-16.568264846153617,11.03352797695549,-42.81762868107982,9.175769751167628,36.598393610289314,27.92210570730275,-3.3720529456191706,2.8281911237270996,-5.647555311208768,-19.12009550481169,-64.80059307180383,16.51507967839724,-9.643105140562641,15.187580931847718,7.313729238971676,-8.278209439027428
