V1,V2,V3,V4,V5,V6,V7,V8,V9,V10,V11,V12,V13,V14,V15,V16,V17,V18,V19,V20,V21,V22,V23,V24,V25,V26,V27,V28,V29,V30,V31,V32,V33,V34,V35,V36,V37,V38,V39,V40,V41,V42,V43,V44,V45,V46,V47,V48,V49,V50,V51,V52,V53,V54,V55,V56
2.596912386799596,-3.1982797971057892,-1.1450440728669609,0.1492855143310518,1.7599078283429952,-2.2019297990929325,2.154211174200331,-0.4088108271802158,1.134795376321723,2.259599602692461,2.129217691612524,0.10942203748850067,0.1970519130020723,-2.1316908530229988,0.4496612069396888,-0.6866443238610159,2.521617747444722,2.5392453639186288,0.2736917472271292,1.5076512915421205,0.07820458654622987,2.398253081461934,-2.4638973153024857,0.5118704102987226,-1.709161945397805,0.7880034329842622,1.078676562493916,0.48310638273601536,0.8879055813978632,-1.3367411573445533,0.3361175795078204,0.818598363390633,-0.18173266164931842,0.6625884763195725,-0.6244798678419248,-1.580207946794496,1.4556613648903383,-1.6306805095120065,-2.5733537558378914,1.328483459793054,-2.5898499814905835,-0.15927644315306502,-1.699669406685347,3.8005047231057025,-0.8197993648710131,2.5666236609197473,1.2913128802267637,-1.952077491431591,-0.7880456551819868,1.8428612649038185,0.9435335811528396,-0.2071391219639023,0.8334735649431289,0.6432448960831451,-1.3539894574364255,-2.558778227953352
-3.1982797971057892,4.0029393349828775,1.4425423828186372,-0.10150024936709655,-2.2204672412955038,2.649846820667011,-2.6959694200820894,0.7016752062663438,-1.3398569993245755,-2.9966546619614514,-2.5996000662353858,-0.5002151320898173,-0.0890509724839703,2.7179363613232224,-0.7079224856064111,1.0029092383343072,-3.217544094135543,-3.3037942223735883,-0.31350751760714374,-2.2214180767129004,0.14617374955744789,-2.7887423150068225,2.9072539940780944,-0.8428750935496764,2.175835906387122,-1.265070189451171,-1.1401958354584898,-0.4073940184145566,-1.1312061227221732,1.6154518705777305,-0.47942064981019533,-1.1855894094768222,-0.07491531630651799,-0.5900287892496342,0.6709632612623385,1.9934769754671835,-1.576488446468127,2.1882904291211402,3.3895449518105,-1.903091786435395,3.1758295876751212,0.3016532964253,1.8272897784415143,-4.765445412335407,1.3463009063499352,-3.046387001569859,-1.6592082561674202,2.52038469084323,0.9476872432914807,-2.50475686421502,-1.751829256167644,0.39327183513080466,-1.1373695017829375,-0.6936380310113047,1.7852980131153686,3.187537844378646
-1.1450440728669609,1.4425423828186372,0.5432130595574853,-0.005128083141548416,-0.8260299457027206,0.9100925163261934,-1.0008789287592945,0.3362020547254048,-0.4503103554070551,-1.1494820186692671,-0.9492060884022818,-0.35659589324307067,0.06024603594173886,0.9956289512792446,-0.3338472822546693,0.3866964254638615,-1.1935604567318796,-1.2813948159312132,-0.10248984625722213,-0.9872171184274564,0.12480599753254495,-0.9129646694934458,0.9767207643981741,-0.406495888607434,0.8015071812796281,-0.5877628680947954,-0.3300088083159637,-0.05324147188578574,-0.4310867647487888,0.564990019290986,-0.1902004390242448,-0.48849505035421736,-0.14330418250458768,-0.10297294445649532,0.20945277545016303,0.7008868701531901,-0.48787469472773876,0.862902132573419,1.3203118319540816,-0.788833379796751,1.1093826276307934,0.1473437829174576,0.5286174524728435,-1.7489828697502814,0.6162334153323369,-1.0345119293207647,-0.6473676029313099,0.9421833388204828,0.3440154929097298,-0.9944239163356026,-0.849442566132161,0.2109327894938339,-0.4556686028802702,-0.2084718680516878,0.6889353934840652,1.1685796275867533
0.1492855143310518,-0.10150024936709655,-0.005128083141548416,0.1404250129015223,0.012966343864930056,-0.24091882635979048,0.038953881432191716,0.2973847007528825,0.16593499010061402,-0.20050443243563912,0.13381581719664884,-0.6022274516480353,0.28578382269510194,0.012433567238812082,-0.23598768154961577,0.18184256906003393,-0.028916354008597645,-0.1615895317939456,0.05536609851906031,-0.5368875934749051,0.3801988829441721,0.42580777347131415,-0.35742916896512517,-0.3229210509334002,0.0075845893013062925,-0.446044943828473,0.3677840837081797,0.34322426585898486,-0.017532346882658416,-0.1286440402267718,-0.07690702044267106,-0.23024168642395165,-0.4885127233853514,0.41282695145937265,-0.19291083814933954,-0.043748415781157526,0.42770235943708607,0.2005825993869648,0.22124481416756775,-0.3460182544443863,-0.18921089749159287,0.15449690987234924,-0.5464235546650185,0.0789379197201818,0.49584343394078945,0.3438375465103005,-0.05716415629570754,0.06398901844987079,-0.07170190900280692,-0.27599442024011483,-0.8845414128775378,0.2215863758560429,-0.13620791253144848,0.1948788551147963,0.11484120934611883,-0.08293193895950504
1.7599078283429952,-2.2204672412955038,-0.8260299457027206,0.012966343864930056,1.2621642013154515,-1.4062030742760803,1.5268527593691488,-0.5054935285461575,0.694578104277717,1.7610009085034728,1.4465697744295456,0.5173339721697786,-0.07258527611186265,-1.5331676731343122,0.49976944686828895,-0.6036003668603883,1.8299525588665801,1.950007578948376,0.15847253702187045,1.4818515672851658,-0.19693042780801998,1.4154895085964019,-1.5128074620869347,0.6059298320058815,-1.2311174653821668,0.8849253452712281,0.5168120892012888,0.0967093254514223,0.6534130635840776,-0.870423115119165,0.2923994899660549,0.7475688163612385,0.20900558183876602,0.17554848044018237,-0.3191147030582781,-1.0886230354290254,0.7539978356111257,-1.3134380610322345,-2.013069654080707,1.1989649793809396,-1.7154636466951148,-0.22200128048436246,-0.8282456231571311,2.679306524674066,-0.9370493111661526,1.5986374066039917,0.9797250838310664,-1.4454274968902736,-0.524250351504047,1.5183336561818421,1.2893044991808238,-0.31222708406350175,0.6952106187832439,0.3234435887755005,-1.052382637892753,-1.7879167433526653
-2.2019297990929325,2.649846820667011,0.9100925163261934,-0.24091882635979048,-1.4062030742760803,1.9892288688736013,-1.7398615360958933,0.04176911004021485,-1.071991559389615,-1.613115948577672,-1.8019716216965136,0.4957569845678823,-0.4464702802585867,1.688299219306284,-0.11666578806323732,0.3957246939309961,-1.9810534862327724,-1.8431804868522703,-0.2705085874534344,-0.6589377397520362,-0.4221793585795475,-2.331034549740302,2.299981962275669,-0.09357564390616652,1.3549282186111324,-0.1874546194134019,-1.20361631944503,-0.7217424620015529,-0.691228734061366,1.1820284230033384,-0.20154922945493414,-0.4328550386621074,0.6031972191117295,-0.9272817941349139,0.6847328627227696,1.3190987206463243,-1.554849367295559,1.107532895754763,1.8164581740740724,-0.7353590758322064,2.248495593969157,-0.012298116701192602,1.8924302149934409,-3.0903608741049253,0.16817678297948915,-2.3714843790953344,-0.9576786525725165,1.4966181370338927,0.681562020555057,-1.1943586602436367,0.08645794347340484,-0.05592823699984721,-0.5249706044043795,-0.6995545419329576,0.9657507947147778,2.1046008707323693
2.154211174200331,-2.6959694200820894,-1.0008789287592945,0.038953881432191716,1.5268527593691488,-1.7398615360958933,1.857031583668462,-0.5570018238606701,0.8687896980836806,2.087722688946116,1.7793076324809962,0.5196969534315139,-0.042420269365759856,-1.84714594650629,0.5625473318121971,-0.6895025399527155,2.204865822647954,2.332554395691806,0.20067508591602373,1.7010706506634719,-0.16622922322330677,1.7827460136154913,-1.890447853108403,0.6746421717780714,-1.4839932313787392,0.9932130615503956,0.6898102692077905,0.1769884410895501,0.7896721313528513,-1.0740709220243747,0.337027987358799,0.8587429826325536,0.1642698228687209,0.28603536194136114,-0.42019487160691926,-1.3174420630785888,0.9875682256743905,-1.5533035998820415,-2.39516234493732,1.3836493716989136,-2.1042099936424887,-0.23868372635429974,-1.0961324281301004,3.2525208647664394,-1.0416653810517797,1.9910129825624847,1.1783358460374143,-1.731790201086608,-0.6476001735557858,1.7856391397499012,1.3961451937723024,-0.33891956036493454,0.8170115010302935,0.4275855537056829,-1.2527904650994508,-2.175816590304322
-0.4088108271802158,0.7016752062663438,0.3362020547254048,0.2973847007528825,-0.5054935285461575,0.04176911004021485,-0.5570018238606701,0.8847020917543695,0.0958565702069169,-1.1923945236759081,-0.31396984220751745,-1.5799162091987162,0.6846966363235337,0.6748762889607285,-0.7577113789972798,0.6553341440556589,-0.8333696756185026,-1.2008900728554217,0.05833777761778142,-1.8543270349569996,0.95381334996756,0.3824231032366765,-0.16712109420624865,-0.9861277390972859,0.5352228646133906,-1.392388197495132,0.6085661548685729,0.7427959431221826,-0.3058584699804891,0.08023797945699036,-0.29227555921899656,-0.8396670924180887,-1.1880541378361515,0.8635174125692519,-0.3119579646384961,0.34864779051705913,0.6427412286154869,1.0005740098556937,1.36431949728668,-1.279325477919402,0.2924785713537017,0.43525515079237737,-0.90648518902155,-0.9537322029722587,1.5339928530598672,0.10451560105469958,-0.5475171083152597,0.751318799914547,0.06904428945436417,-1.27332037195588,-2.547135303213625,0.6390250849902076,-0.6091626142571078,0.3095258713175771,0.703045248586261,0.5708373424629699
1.134795376321723,-1.3398569993245755,-0.4503103554070551,0.16593499010061402,0.694578104277717,-1.071991559389615,0.8687896980836806,0.0958565702069169,0.5980500114538828,0.7121876217044417,0.9347174528967758,-0.4766217322547589,0.3329061685001339,-0.8198855554030955,-0.04129147764614235,-0.12313460261355745,0.9607245905361511,0.834231167625439,0.15470173999035505,0.10691470794294299,0.36859930571952726,1.3184398672737596,-1.2644030272491662,-0.07879962046568882,-0.6608297650442634,-0.08998973839036928,0.7321988513325589,0.49135104542805647,0.338346814213578,-0.627614981130828,0.07048704881377378,0.11787221665005236,-0.4871794786345127,0.6170361297215129,-0.4201915092838377,-0.6659436986522079,0.9298255973653777,-0.4675692156346328,-0.7953645758886895,0.22917706632035584,-1.1745870617777145,0.06262212714477275,-1.1534157724847278,1.5449596580984641,0.12509636187327003,1.2975642981608366,0.4467974299552571,-0.7091288342674373,-0.3585631509033109,0.47024186190951955,-0.39785197824005164,0.11675130009014621,0.19835382815514974,0.42253417964906165,-0.4274377835125608,-1.063511739821519
2.259599602692461,-2.9966546619614514,-1.1494820186692671,-0.20050443243563912,1.7610009085034728,-1.613115948577672,2.087722688946116,-1.1923945236759081,0.7121876217044417,2.828458089682138,1.8158166018168191,1.6781514781385456,-0.5432114005898677,-2.210090233073977,1.0829895623596204,-1.177151569647721,2.643655009756852,3.0131109318677938,0.134964790347343,2.940323131154511,-0.9301429250047437,1.3233653643108145,-1.5833364480059813,1.3624772444329387,-1.7635259569035324,1.9720852222469514,0.14385790146531163,-0.4071835364666363,0.9380993592130935,-1.0306061331206284,0.5423933577688382,1.4430058622180535,1.0880700551536961,-0.40414676473781685,-0.12200035326594692,-1.4957032549774654,0.37034798747617786,-2.177007384040898,-3.209276014875799,2.2528009189221385,-2.1478714321933534,-0.561189736211134,-0.2918265015306136,3.6670821082301055,-2.148108095988198,1.719875771710164,1.4620517939529498,-2.157863905520507,-0.6215421148633976,2.606267825957314,3.280415521201452,-0.7922399209233991,1.210610781488499,0.1402967450807865,-1.6777626175153901,-2.392587563222085
2.129217691612524,-2.5996000662353858,-0.9492060884022818,0.13381581719664884,1.4465697744295456,-1.8019716216965136,1.7793076324809962,-0.31396984220751745,0.9347174528967758,1.8158166018168191,1.7761699336230812,0.07147143244560356,0.1533225201084089,-1.7208809157837215,0.36474031868444823,-0.5071126899728815,2.0503281624503664,2.084360059021905,0.22768046937852834,1.2303905125362609,0.12568015631398877,1.9735895442459388,-2.024622849413219,0.41117118340209535,-1.3866370114181614,0.6202481564011472,0.9074362790787388,0.40545210548048266,0.73566552234076,-1.0992397915772303,0.25991814085758463,0.6393712041304375,-0.19326536656128265,0.5567399359432789,-0.5371071249268057,-1.2591306221563057,1.2341589848724979,-1.3209813976552094,-2.0966908338598595,1.055496830513562,-2.1038198556892285,-0.11470696378095857,-1.4153501013043361,3.1145833145323585,-0.6219979781328185,2.111286386145697,1.075096690924297,-1.5792764287522985,-0.6624175364634889,1.4807826603779324,0.6766481322149887,-0.16500135105484282,0.6706877386619307,0.5414394397304559,-1.0965376898653694,-2.10685218863697
0.10942203748850067,-0.5002151320898173,-0.35659589324307067,-0.6022274516480353,0.5173339721697786,0.4957569845678823,0.5196969534315139,-1.5799162091987162,-0.4766217322547589,1.6781514781385456,0.07147143244560356,2.9981994956711815,-1.374540834669565,-0.7226270746403055,1.3378694332060908,-1.039964063648486,0.9335245940797754,1.650093807610693,-0.18085604765898255,3.1703130694480572,-1.8078746755368988,-1.35441676013111,0.9605092447767352,1.75833984210809,-0.5735646235833038,2.4532178280693757,-1.434536682773254,-1.5481185186877586,0.3628944511025006,0.1914533201137888,0.46331500200739095,1.3784091811789254,2.299590274533056,-1.824538359405491,0.7429484437143372,-0.23165376370897003,-1.5845517668117408,-1.487927511067586,-1.9440164873210206,2.090759449184975,0.12739779531029613,-0.784487202822213,2.169829461610822,0.8436424182681407,-2.699316931486433,-0.8644366278369984,0.729159847233902,-0.9213880945057471,0.06008221854156062,1.9463219579093443,4.580884780128686,-1.1719589892088353,0.9446672997150769,-0.7528019356932906,-0.9890728235925649,-0.43867328442806536
0.1970519130020723,-0.0890509724839703,0.06024603594173886,0.28578382269510194,-0.07258527611186265,-0.4464702802585867,-0.042420269365759856,0.6846966363235337,0.3329061685001339,-0.5432114005898677,0.1533225201084089,-1.374540834669565,0.665693285367606,0.11797953576109249,-0.5805312924564032,0.38713988221114143,-0.18206783202367252,-0.5294420873235094,0.1093650497678429,-1.332146465390885,0.8236000684012952,0.8635334664294692,-0.6806189297099052,-0.7633738722588261,0.09432876791849613,-1.0577633147055006,0.7589132931596874,0.7640516162206689,-0.08494171140223661,-0.21523439669381403,-0.17347104700085691,-0.5475498733097194,-1.0650472423990405,0.9060553500725197,-0.3981779779784346,-0.0656764899998877,0.8572782970237177,0.5263103532879135,0.6553198765013444,-0.8243784253458593,-0.31815248854861544,0.3388527919950431,-1.1693006860324935,-0.02660372729471676,1.1582994506360622,0.6467840773322557,-0.22480765747417886,0.22857239187891604,-0.09339871138135163,-0.71698703603962,-1.9956278851007077,0.5245844397695225,-0.3564657436520624,0.4061334449387375,0.324234069798747,-0.037398930107567785
-2.1316908530229988,2.7179363613232224,0.9956289512792446,0.012433567238812082,-1.5331676731343122,1.688299219306284,-1.84714594650629,0.6748762889607285,-0.8198855554030955,-2.210090233073977,-1.7208809157837215,-0.7226270746403055,0.11797953576109249,1.9011801206460033,-0.6445493951474841,0.8155129289113467,-2.2540205002204594,-2.4015484912036422,-0.1822640915683613,-1.8842592128737041,0.35766640043964115,-1.661964770185133,1.7989296852899455,-0.7855285459614398,1.517797768113361,-1.167228333564908,-0.561586905001852,-0.06520422238651084,-0.7904692736873895,1.0433991804964216,-0.3806976523191496,-0.9740067268436833,-0.3620065412519859,-0.150772295305742,0.3341070074941966,1.359235403868854,-0.8229530859488076,1.6444807317939953,2.5018651631137487,-1.5368461713779278,2.0921065909094305,0.3036706824778234,0.9150157604234733,-3.2619411432068763,1.2622513811577043,-1.9002308140236908,-1.1869632320431864,1.7919188870161857,0.6148508321278289,-1.922252300221139,-1.7879947355473718,0.41414062083472303,-0.8820207233874491,-0.3561723557945271,1.3147569144002031,2.161675846563359
0.4496612069396888,-0.7079224856064111,-0.3338472822546693,-0.23598768154961577,0.49976944686828895,-0.11666578806323732,0.5625473318121971,-0.7577113789972798,-0.04129147764614235,1.0829895623596204,0.36474031868444823,1.3378694332060908,-0.5805312924564032,-0.6445493951474841,0.6645914901215806,-0.5554134820031824,0.796610101673806,1.1247163963781683,-0.037632726463239764,1.6369459940899964,-0.7861294647397032,-0.23580526923016742,0.04313534905717841,0.8534829789759778,-0.5140248309529137,1.206694462897295,-0.4632134241563732,-0.6110973672455164,0.2934668501763715,-0.12295718152360306,0.25249581264753984,0.7329242177508992,0.981374202011414,-0.7033530843900874,0.23481462977730322,-0.33728040336584725,-0.46995883607919964,-0.9033228959923141,-1.2590358507362895,1.1197737359869202,-0.33943789404890107,-0.365751822261463,0.7032720127029813,0.9574399552539796,-1.320825284228189,0.013053714742293498,0.5238941774422643,-0.7033618213821553,-0.10008791800920981,1.1438800359519443,2.1604957598379118,-0.5511643180983037,0.5477556705243111,-0.23411096235920256,-0.6437431073244568,-0.5892487888935459
-0.6866443238610159,1.0029092383343072,0.3866964254638615,0.18184256906003393,-0.6036003668603883,0.3957246939309961,-0.6895025399527155,0.6553341440556589,-0.12313460261355745,-1.177151569647721,-0.5071126899728815,-1.039964063648486,0.38713988221114143,0.8155129289113467,-0.5554134820031824,0.6064786800568974,-0.9669017256332856,-1.172234207123874,-0.0035710533607800684,-1.4248855094062307,0.6739910158551137,-0.146774481998446,0.29498756548466437,-0.7178954897334561,0.6405165321281181,-1.043983191559914,0.23898662291805856,0.40055959680032244,-0.3307379130693059,0.2661309567082043,-0.26229180929015705,-0.7085572416636676,-0.7825101933195742,0.45296949843635886,-0.12788390961599902,0.5337533037750894,0.2237459711116702,0.9246093993938654,1.3022482222878629,-1.0744470363378817,0.6406951003729844,0.32397532893742864,-0.31881967979686077,-1.2312243699700705,1.1708731621201407,-0.3482994459667196,-0.5353251700603783,0.8261641734568325,0.14910295564992054,-1.1490474930550256,-1.898688627987431,0.44304460300645254,-0.5389865486312837,0.10744616171781449,0.6869189545294749,0.7693148996738625
2.521617747444722,-3.217544094135543,-1.1935604567318796,-0.028916354008597645,1.8299525588665801,-1.9810534862327724,2.204865822647954,-0.8333696756185026,0.9607245905361511,2.643655009756852,2.0503281624503664,0.9335245940797754,-0.18206783202367252,-2.2540205002204594,0.796610101673806,-0.9669017256332856,2.683687351110994,2.885101206675433,0.21225923737258653,2.3139144821717985,-0.4386658182315493,1.9334319896931782,-2.099663673376074,0.9768077257389468,-1.8037708333640683,1.4343808077812668,0.6331627951237742,0.03797767676365876,0.9511496681080874,-1.2287855864218675,0.45679406700587366,1.1742491708251896,0.47231726716853767,0.13178735871817815,-0.3903609227837218,-1.5965406248285647,0.9479582769982899,-1.9802044644128887,-3.0037485571021256,1.86320774075576,-2.4587563595328477,-0.3758690066366018,-1.0349095450598915,3.879659570653032,-1.539820593311208,2.2252630002784928,1.4321349466376423,-2.1353059819405416,-0.7319492817254534,2.310544143705555,2.19406949619308,-0.5202200900013355,1.0609996515524645,0.40720382138901984,-1.5752564873995998,-2.5727799625091925
2.5392453639186288,-3.3037942223735883,-1.2813948159312132,-0.1615895317939456,1.950007578948376,-1.8431804868522703,2.332554395691806,-1.2008900728554217,0.834231167625439,3.0131109318677938,2.084360059021905,1.650093807610693,-0.5294420873235094,-2.4015484912036422,1.1247163963781683,-1.172234207123874,2.885101206675433,3.2858237406941457,0.1685037552952173,3.085119828572945,-0.8458774381547522,1.5856948619989315,-1.8589886961473787,1.3955605622126912,-1.9239599545536341,2.0191443701957206,0.29658059400816594,-0.33912068367470977,1.0360389721342427,-1.1799227288733576,0.5536589484171923,1.4858586178796502,1.0013747140927454,-0.3076437086272697,-0.21555365219099154,-1.613444115358826,0.5842684797607475,-2.3212108086234,-3.465602780488958,2.3363653756126386,-2.4011131623348487,-0.5499496824291542,-0.5001185041835872,4.067352189009902,-2.1702503949248144,2.0055632421717515,1.6183994560103057,-2.3329552245466108,-0.7298985575206701,2.761696654259195,3.243223298264359,-0.8049118858134724,1.2844497897077543,0.22820312568168524,-1.801740513721759,-2.6750322434357248
0.2736917472271292,-0.31350751760714374,-0.10248984625722213,0.05536609851906031,0.15847253702187045,-0.2705085874534344,0.20067508591602373,0.05833777761778142,0.15470173999035505,0.134964790347343,0.22768046937852834,-0.18085604765898255,0.1093650497678429,-0.1822640915683613,-0.037632726463239764,-0.0035710533607800684,0.21225923737258653,0.1685037552952173,0.04178370907595059,-0.04098023662102953,0.13137496016706948,0.34877907706471706,-0.3283535585838661,-0.05692279354697987,-0.14751699581773906,-0.07536155684678504,0.2105478953355311,0.1523971008880496,0.0740330570856766,-0.1572469210355431,0.006027754849645405,-0.00227924274605065,-0.17076540434527337,0.18920953121591055,-0.11901086326782147,-0.15383152895212868,0.26322677954182094,-0.08012877896785406,-0.1521158900778669,0.008586347473835774,-0.28662906437711955,0.03341267839769123,-0.3265776760645359,0.3576339344399519,0.08977871908861539,0.3343389879469318,0.0943273988716326,-0.15138147901208876,-0.09036638572422921,0.07143476788733504,-0.20048787901612683,0.05315277814903019,0.02770169805711819,0.11904666581788675,-0.08165607308814835,-0.25021712229612586
1.5076512915421205,-2.2214180767129004,-0.9872171184274564,-0.5368875934749051,1.4818515672851658,-0.6589377397520362,1.7010706506634719,-1.8543270349569996,0.10691470794294299,2.940323131154511,1.2303905125362609,3.1703130694480572,-1.332146465390885,-1.8842592128737041,1.6369459940899964,-1.4248855094062307,2.3139144821717985,3.085119828572945,-0.04098023662102953,4.111737262987219,-1.8248038851747048,-0.13138564143603557,-0.3238217219283111,2.099031549547113,-1.5058748384942617,2.972370200284016,-0.904686133117822,-1.3517378741038844,0.8519868397141914,-0.5195302497755463,0.6534570395166546,1.8625232735620412,2.278121342246002,-1.539095121200473,0.4365490149437269,-1.0689318382282447,-0.8535694626185787,-2.4134837190948444,-3.404019339724344,2.8690072093248147,-1.247296280561578,-0.891301465609663,1.3501325037470322,2.913761280787899,-3.239001901719283,0.4765211402518232,1.4588006111973288,-1.9941244505776572,-0.3694735764998168,3.006745237173303,5.240635532240206,-1.3312505223387847,1.4297922923055553,-0.4354256494589675,-1.7505925875334998,-1.8310694688642266
0.07820458654622987,0.14617374955744789,0.12480599753254495,0.3801988829441721,-0.19693042780801998,-0.4221793585795475,-0.16622922322330677,0.95381334996756,0.36859930571952726,-0.9301429250047437,0.12568015631398877,-1.8078746755368988,0.8236000684012952,0.35766640043964115,-0.7861294647397032,0.6739910158551137,-0.4386658182315493,-0.8458774381547522,0.13137496016706948,-1.8248038851747048,1.2114667497917921,0.9762672098167275,-0.7180054913100554,-1.0274481464894927,0.26735244109778983,-1.4779826060144965,0.956038430362549,0.9713007885174524,-0.14461830766207595,-0.19468210597209792,-0.27901278101980187,-0.8334830085763634,-1.4600268509731817,1.147681022692237,-0.5399654870438365,0.10481069735009219,1.10387260767642,0.818602053270913,1.0477035844667313,-1.2174888244081201,-0.18759331130304202,0.4777980338295072,-1.45004738655949,-0.2871500598719458,1.6698771668886923,0.6784181576019357,-0.33438536282930287,0.4691350451020153,-0.10523255657226789,-1.1193049831685733,-2.861182987041254,0.6987217966447999,-0.5483276765821474,0.5129372400860599,0.5398840183006548,0.09718127744101865
2.398253081461934,-2.7887423150068225,-0.9129646694934458,0.42580777347131415,1.4154895085964019,-2.331034549740302,1.7827460136154913,0.3824231032366765,1.3184398672737596,1.3233653643108145,1.9735895442459388,-1.35441676013111,0.8635334664294692,-1.661964770185133,-0.23580526923016742,-0.146774481998446,1.9334319896931782,1.5856948619989315,0.34877907706471706,-0.13138564143603557,0.9762672098167275,2.9474671757001665,-2.7956201654737907,-0.36831165741007793,-1.3389230562839503,-0.46538734170728835,1.7181039952109802,1.2170280172914585,0.6713790643829977,-1.3556483088781925,0.09692557253782821,0.09827292569192281,-1.293920906210445,1.5163436954416536,-0.9694660065665509,-1.3886456936060791,2.1526156522048754,-0.8209822644227843,-1.4727610043519888,0.24779012429592945,-2.5103831425320355,0.22377537891716526,-2.6871606270892197,3.183954526211071,0.561262897811927,2.8528566152075023,0.8637758421788937,-1.4017677075379862,-0.7695450864420429,0.7825831084264918,-1.3552325704447998,0.37960872704851323,0.31749485885090767,0.9793011410821005,-0.795463966797206,-2.2076433199350523
-2.4638973153024857,2.9072539940780944,0.9767207643981741,-0.35742916896512517,-1.5128074620869347,2.299981962275669,-1.890447853108403,-0.16712109420624865,-1.2644030272491662,-1.5833364480059813,-2.024622849413219,0.9605092447767352,-0.6806189297099052,1.7989296852899455,0.04313534905717841,0.29498756548466437,-2.099663673376074,-1.8589886961473787,-0.3283535585838661,-0.3238217219283111,-0.7180054913100554,-2.7956201654737907,2.7166545099577046,0.1313702307805151,1.4445094658654831,0.11415221766423285,-1.5494480422410766,-1.0167382115598076,-0.7267894058514788,1.3565677389040867,-0.1604462718789731,-0.29988970844398344,0.9919431487038989,-1.2873014085308299,0.8669910773395961,1.4433389991809367,-1.966125455901342,1.04307300170835,1.7880613219969295,-0.5392663924064299,2.5426499836752114,-0.12409450012652125,2.4118546664670415,-3.363485140855952,-0.16994756389391139,-2.7821539710846532,-0.9840800026989126,1.5555318201788606,0.780007478382896,-1.083944847478548,0.7179784451976178,-0.21758668570299153,-0.46668546921523907,-0.8874614565510623,0.9532084810866576,2.310399127919433
0.5118704102987226,-0.8428750935496764,-0.406495888607434,-0.3229210509334002,0.6059298320058815,-0.09357564390616652,0.6746421717780714,-0.9861277390972859,-0.07879962046568882,1.3624772444329387,0.41117118340209535,1.75833984210809,-0.7633738722588261,-0.7855285459614398,0.8534829789759778,-0.7178954897334561,0.9768077257389468,1.3955605622126912,-0.05692279354697987,2.099031549547113,-1.0274481464894927,-0.36831165741007793,0.1313702307805151,1.1095148239470685,-0.6276585033958856,1.5556314356689116,-0.643907273188999,-0.8138599098996112,0.36536759842696936,-0.12034069523041417,0.3264226367287829,0.9387183443149665,1.2988839711653173,-0.943803061421713,0.3185940156767688,-0.4052076120485523,-0.6630826902716092,-1.1441563465050444,-1.5707558157288275,1.4419893108882271,-0.37166685745202616,-0.4825886505651855,0.9610427516252341,1.146989356485513,-1.7018181156779657,-0.05652506658235542,0.6476572547328265,-0.871462669379663,-0.10271094619753285,1.4441834421468436,2.8112086812792154,-0.7153681022016014,0.689860426367317,-0.3244442745804929,-0.8061712509774606,-0.6985621726080699
-1.709161945397805,2.175835906387122,0.8015071812796281,0.0075845893013062925,-1.2311174653821668,1.3549282186111324,-1.4839932313787392,0.5352228646133906,-0.6608297650442634,-1.7635259569035324,-1.3866370114181614,-0.5735646235833038,0.09432876791849613,1.517797768113361,-0.5140248309529137,0.6405165321281181,-1.8037708333640683,-1.9239599545536341,-0.14751699581773906,-1.5058748384942617,0.26735244109778983,-1.3389230562839503,1.4445094658654831,-0.6276585033958856,1.213969636947129,-0.9256904858273468,-0.45717620994563624,-0.05645115634600142,-0.6366246874080843,0.837781509936067,-0.30205058078564223,-0.7721804497680212,-0.2775132812238925,-0.1254017753375628,0.2773170083563731,1.0823547512607385,-0.6722079576722403,1.3144142175516993,2.000318045814858,-1.2247870528597862,1.6732765631530075,0.24038876263744854,0.7441754247744353,-2.6158165912796267,0.9953727183738448,-1.5274336428966757,-0.9551555630665943,1.4324901231734224,0.4967011854914498,-1.5313838588110082,-1.4048512441895806,0.3296093309508546,-0.7020996269355021,-0.2900473010176515,1.0498990054157535,1.7363145247621148
0.7880034329842622,-1.265070189451171,-0.5877628680947954,-0.446044943828473,0.8849253452712281,-0.1874546194134019,0.9932130615503956,-1.392388197495132,-0.08998973839036928,1.9720852222469514,0.6202481564011472,2.4532178280693757,-1.0577633147055006,-1.167228333564908,1.206694462897295,-1.043983191559914,1.4343808077812668,2.0191443701957206,-0.07536155684678504,2.972370200284016,-1.4779826060144965,-0.46538734170728835,0.11415221766423285,1.5556314356689116,-0.9256904858273468,2.212022704737934,-0.877408765064684,-1.1265998972257127,0.5228490985180801,-0.20359135647098683,0.46710649487376976,1.3471615432099855,1.8265631421230069,-1.299408273172007,0.45408136759969797,-0.6216307266199903,-0.9087499655896264,-1.6427444899757733,-2.272825842600616,2.0498700836549153,-0.6013481432339253,-0.6768952169320644,1.3183003999085778,1.6999096128003488,-2.4322393986709248,-0.015041766218855973,0.9292433254283523,-1.2722357371073756,-0.15866137550756043,2.0851529830760485,4.000217622631154,-1.005604891220056,0.9981528953349323,-0.44274007572875723,-1.1695675134088679,-1.034805239713458
1.078676562493916,-1.1401958354584898,-0.3300088083159637,0.3677840837081797,0.5168120892012888,-1.20361631944503,0.6898102692077905,0.6085661548685729,0.7321988513325589,0.14385790146531163,0.9074362790787388,-1.434536682773254,0.7589132931596874,-0.561586905001852,-0.4632134241563732,0.23898662291805856,0.6331627951237742,0.29658059400816594,0.2105478953355311,-0.904686133117822,0.956038430362549,1.7181039952109802,-1.5494480422410766,-0.643907273188999,-0.45717620994563624,-0.877408765064684,1.1879600487241588,0.9765531743602479,0.21256453550583354,-0.6793625801502753,-0.08811139722170061,-0.33587238781570866,-1.232722501678088,1.191840650395663,-0.6524563795473921,-0.5580314270968605,1.4364176848954582,0.028633000456417368,-0.1596514523321181,-0.4632318141736477,-1.1823052831744663,0.3230905631634864,-1.8211206038028984,1.24319631551262,0.9956958175250249,1.5493559687611045,0.21268807472535362,-0.3894819460620909,-0.3819159206852663,-0.16903638123101486,-1.8908192013005722,0.4881788574806522,-0.10838734348087833,0.6572751458166043,-0.0965795742761339,-0.9063274962187804
0.48310638273601536,-0.4073940184145566,-0.05324147188578574,0.34322426585898486,0.0967093254514223,-0.7217424620015529,0.1769884410895501,0.7427959431221826,0.49135104542805647,-0.4071835364666363,0.40545210548048266,-1.5481185186877586,0.7640516162206689,-0.06520422238651084,-0.6110973672455164,0.40055959680032244,0.03797767676365876,-0.33912068367470977,0.1523971008880496,-1.3517378741038844,0.9713007885174524,1.2170280172914585,-1.0167382115598076,-0.8138599098996112,-0.05645115634600142,-1.1265998972257127,0.9765531743602479,0.9145964375190582,-0.0016652892487249943,-0.37848782672980213,-0.17124080303141284,-0.5535797620708466,-1.2437723797521885,1.0953796880802729,-0.5253710615763144,-0.210740499995795,1.13520072024145,0.43809550864876956,0.48700829584572847,-0.8156793989861261,-0.6070471670477614,0.3754365900452731,-1.4999884164271835,0.35092756935758723,1.2515987076817714,0.9900146630713509,-0.11345973808252287,0.07442916544971603,-0.19391147634101363,-0.6398535927316074,-2.2097264144423416,0.5728573085664428,-0.32478342961818724,0.5306239459673975,0.23673539463396534,-0.3041429517752344
0.8879055813978632,-1.1312061227221732,-0.4310867647487888,-0.017532346882658416,0.6534130635840776,-0.691228734061366,0.7896721313528513,-0.3058584699804891,0.338346814213578,0.9380993592130935,0.73566552234076,0.3628944511025006,-0.08494171140223661,-0.7904692736873895,0.2934668501763715,-0.3307379130693059,0.9511496681080874,1.0360389721342427,0.0740330570856766,0.8519868397141914,-0.14461830766207595,0.6713790643829977,-0.7267894058514788,0.36536759842696936,-0.6366246874080843,0.5228490985180801,0.21256453550583354,-0.0016652892487249943,0.347017044810504,-0.4304087295525997,0.1615232863983166,0.41612258329432983,0.17814724742391655,0.02797416047645431,-0.14379943770110565,-0.5510761297252442,0.3303495317269283,-0.7125802323664214,-1.0736659257299717,0.672644603752034,-0.8548540867581822,-0.1385215196649263,-0.3517166991756075,1.3769755449345062,-0.5492474003643523,0.7754999121979759,0.521237725683789,-0.7558878377522735,-0.2619879767804367,0.8228710879557852,0.7873649171152995,-0.19551211918881647,0.37761202491120877,0.1412379235221063,-0.5617083660185473,-0.915796567757846
-1.3367411573445533,1.6154518705777305,0.564990019290986,-0.1286440402267718,-0.870423115119165,1.1820284230033384,-1.0740709220243747,0.08023797945699036,-0.627614981130828,-1.0306061331206284,-1.0992397915772303,0.1914533201137888,-0.21523439669381403,1.0433991804964216,-0.12295718152360306,0.2661309567082043,-1.2287855864218675,-1.1799227288733576,-0.1572469210355431,-0.5195302497755463,-0.19468210597209792,-1.3556483088781925,1.3565677389040867,-0.12034069523041417,0.837781509936067,-0.20359135647098683,-0.6793625801502753,-0.37848782672980213,-0.4304087295525997,0.7090961639156936,-0.13511387709718928,-0.30867697033584235,0.2874214394092408,-0.49426031927640285,0.3873570662007335,0.7972645024865369,-0.889017906635343,0.7208374664624403,1.1725342008743083,-0.5142881370034901,1.351048832197431,0.0169634784403907,1.0616137942444692,-1.9002952815193075,0.1986909515477676,-1.4024168779026922,-0.6102385321571573,0.9347364143766632,0.4149944474311361,-0.79221951428001,-0.103633173221258,0.010561944125229688,-0.352835973534086,-0.39607703933567967,0.618700031892379,1.2912117064598767
0.3361175795078204,-0.47942064981019533,-0.1902004390242448,-0.07690702044267106,0.2923994899660549,-0.20154922945493414,0.337027987358799,-0.29227555921899656,0.07048704881377378,0.5423933577688382,0.25991814085758463,0.46331500200739095,-0.17347104700085691,-0.3806976523191496,0.25249581264753984,-0.26229180929015705,0.45679406700587366,0.5536589484171923,0.006027754849645405,0.6534570395166546,-0.27901278101980187,0.09692557253782821,-0.1604462718789731,0.3264226367287829,-0.30205058078564223,0.46710649487376976,-0.08811139722170061,-0.17124080303141284,0.1615232863983166,-0.13511387709718928,0.11715656522807896,0.3167013230900094,0.33484349347637143,-0.19234038152017957,0.04009174268883567,-0.2459346330174297,-0.07040864656469241,-0.42817382529116405,-0.6073190332930369,0.48793200271811954,-0.3092792753049911,-0.1432623966791693,0.11498550807708899,0.5943508326970894,-0.5162615741284681,0.18737976819741323,0.2596483370473152,-0.38644209586293343,-0.08057760500308445,0.5250113656164057,0.829708131953228,-0.19941835608609554,0.24568827053377587,-0.03651659450250947,-0.31827339026196655,-0.3769818721596791
0.818598363390633,-1.1855894094768222,-0.48849505035421736,-0.23024168642395165,0.7475688163612385,-0.4328550386621074,0.8587429826325536,-0.8396670924180887,0.11787221665005236,1.4430058622180535,0.6393712041304375,1.3784091811789254,-0.5475498733097194,-0.9740067268436833,0.7329242177508992,-0.7085572416636676,1.1742491708251896,1.4858586178796502,-0.00227924274605065,1.8625232735620412,-0.8334830085763634,0.09827292569192281,-0.29988970844398344,0.9387183443149665,-0.7721804497680212,1.3471615432099855,-0.33587238781570866,-0.5535797620708466,0.41612258329432983,-0.30867697033584235,0.3167013230900094,0.8810136316893245,1.0031819246549447,-0.6254119880865638,0.16873164356946854,-0.5980292406213117,-0.3058058069502321,-1.155711745979914,-1.6393992668098911,1.3468016334986084,-0.7259333280005965,-0.40652663473358025,0.48311676270899107,1.5012960665193742,-1.486607975543349,0.3695646240430131,0.6939746074128065,-1.0032620178359826,-0.19503132871502923,1.437029039236855,2.3947728659203564,-0.5869557243847219,0.6788972069093504,-0.1561179893514211,-0.8517789625775617,-0.9453756261911773
-0.18173266164931842,-0.07491531630651799,-0.14330418250458768,-0.4885127233853514,0.20900558183876602,0.6031972191117295,0.1642698228687209,-1.1880541378361515,-0.4871794786345127,1.0880700551536961,-0.19326536656128265,2.299590274533056,-1.0650472423990405,-0.3620065412519859,0.981374202011414,-0.7825101933195742,0.47231726716853767,1.0013747140927454,-0.17076540434527337,2.278121342246002,-1.4600268509731817,-1.293920906210445,0.9919431487038989,1.2988839711653173,-0.2775132812238925,1.8265631421230069,-1.232722501678088,-1.2437723797521885,0.17814724742391655,0.2874214394092408,0.33484349347637143,1.0031819246549447,1.8250435357216384,-1.476252075768334,0.6627906162709906,-0.051947124020122346,-1.4069385995907073,-0.9880159061816043,-1.2385425066382776,1.4948852023279988,0.34184306431975625,-0.5983961040459671,1.8608795788469967,0.25599432080016493,-2.0361358411201684,-0.93353664482806,0.4086561495469249,-0.5244905248430274,0.14418127842739942,1.3334866296765282,3.5122088627634955,-0.8803783212641825,0.6527041776429855,-0.6561071424390055,-0.6335266486792283,-0.061898372510866446
0.6625884763195725,-0.5900287892496342,-0.10297294445649532,0.41282695145937265,0.17554848044018237,-0.9272817941349139,0.28603536194136114,0.8635174125692519,0.6170361297215129,-0.40414676473781685,0.5567399359432789,-1.824538359405491,0.9060553500725197,-0.150772295305742,-0.7033530843900874,0.45296949843635886,0.13178735871817815,-0.3076437086272697,0.18920953121591055,-1.539095121200473,1.147681022692237,1.5163436954416536,-1.2873014085308299,-0.943803061421713,-0.1254017753375628,-1.299408273172007,1.191840650395663,1.0953796880802729,0.02797416047645431,-0.49426031927640285,-0.19234038152017957,-0.6254119880865638,-1.476252075768334,1.3165099703342928,-0.639500338665367,-0.30034294412136525,1.3922204456025624,0.4611821088424154,0.48154609975489454,-0.920118101713702,-0.806522101431939,0.4401974575460911,-1.8258332932999182,0.5477371327245619,1.4460926120802788,1.2579077946197192,-0.08673422932983821,0.021505824343459958,-0.2587000817289568,-0.689094128764281,-2.576388934548745,0.6678690140278165,-0.3521555608484701,0.648744354869831,0.23162322336216484,-0.4492037078657817
-0.6244798678419248,0.6709632612623385,0.20945277545016303,-0.19291083814933954,-0.3191147030582781,0.6847328627227696,-0.42019487160691926,-0.3119579646384961,-0.4201915092838377,-0.12200035326594692,-0.5371071249268057,0.7429484437143372,-0.3981779779784346,0.3341070074941966,0.23481462977730322,-0.12788390961599902,-0.3903609227837218,-0.21555365219099154,-0.11901086326782147,0.4365490149437269,-0.5399654870438365,-0.9694660065665509,0.8669910773395961,0.3185940156767688,0.2773170083563731,0.45408136759969797,-0.6524563795473921,-0.5253710615763144,-0.14379943770110565,0.3873570662007335,0.04009174268883567,0.16873164356946854,0.6627906162709906,-0.639500338665367,0.3778717507434552,0.3189993710884454,-0.8030003291454818,0.02525765421810231,0.13708283994626114,0.2107664843965837,0.6708116262444701,-0.164006443757167,1.0123880175832465,-0.7456245913662204,-0.5300153151313893,-0.876002343331783,-0.15146680749772118,0.24792869270132295,0.22283785935625688,0.05935711501068252,1.0062529164003315,-0.2514451125563814,0.04655519311034913,-0.36620393589264794,0.07830549867034459,0.5432232023874191
-1.580207946794496,1.9934769754671835,0.7008868701531901,-0.043748415781157526,-1.0886230354290254,1.3190987206463243,-1.3174420630785888,0.34864779051705913,-0.6659436986522079,-1.4957032549774654,-1.2591306221563057,-0.23165376370897003,-0.0656764899998877,1.359235403868854,-0.33728040336584725,0.5337533037750894,-1.5965406248285647,-1.613444115358826,-0.15383152895212868,-1.0689318382282447,0.10481069735009219,-1.3886456936060791,1.4433389991809367,-0.4052076120485523,1.0823547512607385,-0.6216307266199903,-0.5580314270968605,-0.210740499995795,-0.5510761297252442,0.7972645024865369,-0.2459346330174297,-0.5980292406213117,-0.051947124020122346,-0.30034294412136525,0.3189993710884454,1.0157931011528571,-0.7595710274745792,1.0820159965792406,1.6653699786433505,-0.9486934063238128,1.5892065951511503,0.1553096367874926,0.9100893568611075,-2.3487615750278756,0.6779595675590686,-1.509295517443706,-0.7987548699974815,1.254694447611904,0.4536578689559522,-1.2432669118757156,-0.9014468772343766,0.1854776475517309,-0.5627801728412932,-0.34012620579645947,0.8849297814788104,1.5631333133111205
