V1,V2,V3,V4,V5,V6,V7,V8,V9,V10,V11,V12,V13,V14,V15,V16,V17,V18,V19,V20,V21,V22,V23,V24,V25,V26,V27,V28,V29,V30,V31,V32,V33,V34,V35,V36,V37,V38,V39,V40,V41,V42,V43,V44,V45,V46,V47,V48,V49,V50,V51,V52,V53,V54,V55,V56
0.8591880880870785,-0.2549855481658914,-0.07404323874834899,-0.679320229339371,-0.6640369369049448,-0.8924281874589247,0.1412256246646168,0.11616029280150054,0.17635833298752251,0.0438338209769782,0.24604384931553347,-0.00571659345196068,-0.31773786688873845,0.05138607053445169,-0.2853749093846063,1.0606717126628142,0.10130476291201264,0.4682773780897256,-0.6585212648287285,-1.1740968489480543,-0.6093648843537751,-1.0859218870597012,-0.5060636809864144,0.14441718703813838,-0.3282035513177332,-0.11061657534744807,0.44171942468280295,-0.8319331974580763,0.87572811890718,-0.04719008750016787,-0.7225717744563278,0.9840497416289797,-0.3434850544021557,0.5682978099644779,0.5830410682106607,-0.20160640217554057,-0.26176002348210903,0.03453052338623811,-0.10290684744165207,1.9175587247668922,0.22187516812381008,-0.1736863971021215,-0.4298514996662026,0.7028964298441069,0.42336142038174673,0.9745278821214601,-0.08778228036651506,-0.31883406615311766,-0.007741071278425672,0.17636970106563352,0.4379359681794285,-0.25162574343063543,-0.8433444507795542,0.8853657737899506,0.4129876826928668,0.1261599443363123
-0.2549855481658914,0.574785766298578,-0.03067070085283161,0.36435712317100727,0.7267094500372545,0.34225048779506456,-1.7331042660482119,-0.12845247962054018,-0.22885700910361342,-1.1800492552311646,-0.07044147224266119,0.629107058416915,-0.530897455250786,0.8770912579779966,-0.015060342887476397,-0.33640877836408306,-0.13441987089356955,0.024620062810116087,-0.2874459392829788,1.1687062421286063,0.40960843108428874,0.12563396390114392,1.220750262773223,-0.23278423405058044,-0.07116328096778733,-0.4164471526811735,-0.992767599172446,-0.07665822618304259,-0.6611672608834624,0.14715556893177634,0.5052587456013528,-0.4435717615301017,-0.4196702284867353,-0.014698357838406206,0.11093803115135967,-0.6310940900169014,0.9643400972595233,0.5884987573472459,0.8454778578436474,-0.6192606610157728,0.6097001602017901,-0.2405896014764162,0.8487905083901172,-0.5628904071926011,-0.2060574759100346,0.010588638257888399,-0.6174015304104816,-0.8238524386790508,0.7034457216102088,0.43073083864674633,-0.2074569609116424,0.08309679346072196,0.8485293747379095,-0.9202998001004744,-0.12885843454998044,0.13883967162135297
-0.07404323874834899,-0.03067070085283161,0.12409304826894671,0.01466045980389201,-0.3536707901030051,0.07997831975490703,0.0891371769205106,-0.07355938202374145,0.04948754084125638,0.07301118308242456,-0.36787404862977163,-0.26614773774945594,0.24844047248873066,-0.20216394060152004,0.11286066712339743,-0.11204698286483773,0.5076267655930357,-0.11599213559978498,0.13761680991710876,-0.3429978121023205,0.27679018642020886,0.03970715700344732,-0.31103832626389266,0.12834579197563745,0.05568619801038835,0.14218502734353017,0.3070884597389409,0.10794816373996956,0.42780983060209893,-0.04189495474238111,0.005810416660909324,0.45713812524633735,-0.0605248938794297,-0.022479882477890484,-0.2865545133391344,-0.4538234558972303,0.124075706731092,-0.13789957919966156,-0.10576667000024571,0.40025909295266265,-0.06087525746166954,0.0277957052353921,-0.2188076127623689,0.025613488016803777,0.06804301131234293,0.2951239995889983,0.14960458767701143,0.33105642018688686,0.051487853346992046,0.0616074570544934,0.22984042453229567,-0.13654486164029303,-0.29878107211722843,0.25792863064030946,0.11792957778444851,-0.01095149233205477
-0.679320229339371,0.36435712317100727,0.01466045980389201,0.5974210577770033,0.7815786085604867,0.7288150439073797,-0.6462744823294032,-0.10550955749137311,-0.20795541498082137,-0.40530704004520135,-0.11184990356563193,0.2571910772268597,0.01088787207749487,0.27498570848756415,0.1757184074966201,-0.8409636225539816,-0.2335241081104957,-0.3027432559760801,0.3553678232866216,1.2812138914846232,0.4980647628123492,0.8119818958729498,0.8077203874406073,-0.20385765409444237,0.20147874245473074,-0.08042364020544994,-0.6916346468294711,0.5520271667621829,-0.9336616685227948,0.087848822518744693,0.6714185345733141,-0.9511639784194207,0.13513984444836702,-0.4099636832872906,-0.3200339389923634,0.06348448399578287,0.45136067311704253,0.18533340824860867,0.3548766540605123,-1.6650173556162429,0.0379782075222753,0.04597677096956024,0.617855511598104,-0.6832484395303003,-0.3845931668391722,-0.7695874719618131,-0.15843130850613807,-0.09802804979902696,0.2062490887431123,-0.011196240237336265,-0.4330450713064263,0.23919649912467547,0.9353442650656155,-0.9776912630961776,-0.3649007095504531,-0.045134477751364616
-0.6640369369049448,0.7267094500372545,-0.3536707901030051,0.7815786085604867,2.2002487031805757,0.7359821883227546,-1.6607503783992263,0.04376173372516087,-0.4705008309816882,-1.1264717258262074,0.9096433323822746,1.304727807797599,-0.9105513978181211,1.236432055955716,-0.13264961625311844,-0.7688133065453407,-1.7891407726248794,-0.0033224149474926695,-0.09904486336798012,2.9104785527587937,-0.07288753328503736,0.8655172428917712,2.2931616921886695,-0.6962403791654214,0.045316811944951074,-0.6611957518913053,-2.061005455640078,0.2916497168321162,-2.5615842223743766,0.2785636972652102,0.9496398513677162,-2.5862807469836286,0.17155081143418943,-0.4091544764110547,0.5050189484428517,1.1445157907831118,0.5270315768075522,0.8362384309244301,1.0362984270047069,-3.3081079417060084,0.45312730062551665,-0.11886639898193152,1.6666103964618504,-1.0737623824658025,-0.7156304834519268,-1.7339142148453621,-0.8499025535854385,-1.3836080020486519,0.3557576566738847,-0.028213995541541928,-1.2422093985630125,0.70159954147714,2.2629381966813145,-2.2206044525941415,-0.8097510410355018,0.02957593280259833
-0.8924281874589247,0.34225048779506456,0.07997831975490703,0.7288150439073797,0.7359821883227546,0.9406396898076262,-0.41855938578058616,-0.14286214110701098,-0.20630494084781992,-0.23258031542061702,-0.2903417156974891,0.08348901125789568,0.24850700816046364,0.07502892982357967,0.2894514051080635,-1.1076474702458197,-0.06995164284414054,-0.4665452270070249,0.6110903731236108,1.3113204520970374,0.6940591283945076,1.0892410526035834,0.6686985007735071,-0.1666058014711693,0.3152987108315316,0.052646848000634114,-0.567968522889299,0.8139860709663282,-0.9262446290126163,0.06588517444631858,0.7925031757650556,-0.991339899769226,0.2604515649928363,-0.5621083946114889,-0.582666889032662,0.047423984620188445,0.4311450236782737,0.050238377100329204,0.23179793954876238,-1.9423023781979065,-0.12218964068373273,0.132905749192594,0.5403024384549747,-0.7805075625628104,-0.44304292716696214,-0.9231184108632716,-0.0015941213676751028,0.2076322169328101,0.13077782893109213,-0.09432546190103959,-0.44077267118655283,0.24698131634570245,0.9379648934274339,-0.9952814375927149,-0.4145484326625473,-0.10075283642943972
0.1412256246646168,-1.7331042660482119,0.0891371769205106,-0.6462744823294032,-1.6607503783992263,-0.41855938578058616,5.817084008646451,0.3877917698299149,0.5992481368930223,4.001455824873084,0.2707819435421156,-1.9905734080458937,1.9634803485532595,-2.948295590031574,0.23694281288720748,0.26199614861564485,0.02011764357727339,-0.43910229970898396,1.5136882454874614,-2.7294798900054666,-1.048873164046093,0.5449521101160265,-3.5519060559434688,0.582548832736185,0.5105314535685225,1.4507001566354187,2.8228861940508705,0.9614216691152371,1.1891616957750315,-0.43387679165011156,-1.0859567028139276,0.30664882988139003,1.814450744551793,-0.4616769059734972,-0.7247779514243078,2.684096340677205,-3.193958644903096,-1.976568150650331,-2.767358998445487,0.09423382358028702,-2.2776035391348306,0.9755424577884874,-2.390796909221669,1.2841794351681524,0.27624218426341995,-1.147166594219288,2.1170950653803056,2.9280869504559783,-2.471066866801594,-1.700679851384859,0.15642422089026356,0.03760788208175261,-1.954762924798354,2.192844314551769,-0.01613421589669461,-0.5914924336347195
0.11616029280150054,-0.12845247962054018,-0.07355938202374145,-0.10550955749137311,0.04376173372516087,-0.14286214110701098,0.3877917698299149,0.08197934073236834,0.026360272117990295,0.2558102130428465,0.26006859740955396,0.012318688699480064,-0.027779795147055676,-0.09256450650680959,-0.07155953009327058,0.1633005264404874,-0.2980522831155894,0.07079994193219905,-0.018014898393943858,-0.07872209331207106,-0.2884548498927776,-0.061526506537302975,-0.11141027400047607,-0.02441148912101567,-0.018294052030965447,0.013961544489674335,0.05538422899431075,-0.05363066371432125,-0.10776842164513145,-0.01058210649733582,-0.134917648835484,-0.18322251398211425,0.14708058072794442,0.020972112805972724,0.16121026653899842,0.4590579326406814,-0.3297615435445654,-0.06092250511589759,-0.14812249428735494,-0.09814381145523193,-0.11597686968248223,0.04335340351955599,-0.07617154792148939,0.12980983050830544,0.010079178849747085,-0.19324520394672476,0.06068970807129119,-0.00585860440845504,-0.21464032120977272,-0.15105197011296292,-0.09634870401730315,0.06751706928891511,-0.02458443326822423,0.06998251309884727,-0.04313007481573488,-0.02923483232827343
0.17635833298752251,-0.22885700910361342,0.04948754084125638,-0.20795541498082137,-0.4705008309816882,-0.20630494084781992,0.5992481368930223,0.026360272117990295,0.1194040932960941,0.4056549764697855,-0.09274482502544056,-0.30583240920430843,0.22189088653285666,-0.34973564552776043,0.009240446338462644,0.2146483024414911,0.2646980539558632,0.013587739867552979,0.050365122025672095,-0.6791907969662078,-0.10463540810273542,-0.18137313748763065,-0.5845528090603784,0.14642947459208897,-0.004478287312727868,0.17279598612837624,0.5017037167131964,-0.05363802857703545,0.5115885880307776,-0.06878572495942041,-0.2622417077700243,0.4694854696123823,0.05539353689194437,0.07723100607497713,-0.06629173741047126,-0.019595947053413942,-0.2918190544257728,-0.2352349888265973,-0.3245886295570644,0.6393052273204114,-0.18344806786158455,0.06086562561823908,-0.4171001479421184,0.2901698093337671,0.1542309880185842,0.25906576834332673,0.24078911249541224,0.3481456801136371,-0.2012935892233938,-0.08362503208986286,0.22413615396203868,-0.11953287173369147,-0.5117728430425893,0.5235624283375608,0.14970900190395234,-0.028604634353753558
0.0438338209769782,-1.1800492552311646,0.07301118308242456,-0.40530704004520135,-1.1264717258262074,-0.23258031542061702,4.001455824873084,0.2558102130428465,0.4056549764697855,2.7563246393726364,0.15031644134379596,-1.3856810382183693,1.3846203439764764,-2.0444496257408797,0.1860692570696818,0.11305142373485169,0.03835745096740332,-0.33596149859786884,1.087976609529062,-1.8324215981512342,-0.6707330392798991,0.4397233630072302,-2.434873963477901,0.40028820886717187,0.37334046071003335,1.0135997646185047,1.9364201882126124,0.7157800358117679,0.7943888177905928,-0.29818015457949854,-0.7058633972604661,0.1819292160489336,1.2649052293974115,-0.3517934146489756,-0.5492397980545952,1.8315996383300417,-2.1767211799941646,-1.3707431458520007,-1.9056957472634548,-0.020744319261250053,-1.584130204646603,0.6830675864898077,-1.63400819980018,0.8454282788416672,0.17008115297699294,-0.8279748555143214,1.471139693591641,2.0539607812369485,-1.6977062943239414,-1.1771281909846898,0.09654452178132471,0.031955213630531554,-1.3152796276403576,1.4743068282789593,-0.027554260193118067,-0.41503093104807476
0.24604384931553347,-0.07044147224266119,-0.36787404862977163,-0.11184990356563193,0.9096433323822746,-0.2903417156974891,0.2707819435421156,0.26006859740955396,-0.09274482502544056,0.15031644134379596,1.1408106787883205,0.6204835758906002,-0.5737056586217887,0.33941991664922233,-0.3232221547517563,0.37502019429295375,-1.5329964678721741,0.31508196783613024,-0.2830550532622232,0.7724774488047643,-0.9411262813681311,-0.0814124762612827,0.6065530795451173,-0.33335367873939326,-0.12398582726799773,-0.29656384605813363,-0.6626615901855889,-0.24672657566956419,-1.1744717673405036,0.08608532991128157,-0.12512342648330846,-1.3445105925533163,0.34787980989049255,0.03212047239452862,0.8063786613315824,1.6191804801903547,-0.6739369971536373,0.23444168528564224,0.06268787949860313,-1.1819691376913986,-0.024136742463432087,0.004567117977730495,0.4358744091663706,0.048929626929715135,-0.1752209637053782,-0.9885545308504446,-0.2572883037105796,-0.7334950920419748,-0.38479932051588295,-0.3424163893729083,-0.6763667730582807,0.41391588903305626,0.713924210080773,-0.567785551904206,-0.35392214784145604,-0.021311956618855963
-0.00571659345196068,0.629107058416915,-0.26614773774945594,0.2571910772268597,1.304727807797599,0.08348901125789568,-1.9905734080458937,0.012318688699480064,-0.30583240920430843,-1.3856810382183693,0.6204835758906002,1.1472496600898916,-1.0613785541435967,1.3070526126852484,-0.2621570886037686,0.006740219144879635,-1.034565031496523,0.30713550308351106,-0.6569733954389213,1.6785517079537606,-0.15187270317481102,-0.10731380361874605,1.7821766158195702,-0.45515202996751913,-0.22704277982276022,-0.7172076546766772,-1.5413266635998142,-0.40531441301215854,-1.334491277676192,0.22429517964971413,0.4162493849341679,-1.1359825153710326,-0.39458827102648564,0.11371047560979779,0.7217829069568342,0.10494578020762864,0.7694701666827177,0.8810728299490067,1.0775393296220435,-1.0762651372835839,0.7955642164463705,-0.33420922006460996,1.230783352495733,-0.5375502076488566,-0.2757279863100305,-0.36247826406736433,-0.941153635858653,-1.5233275329650988,0.6595877874291559,0.37851481512405094,-0.5639278072637446,0.2935516502470635,1.308880090877701,-1.3060475571046755,-0.2838097052763123,0.1882024853601281
-0.31773786688873845,-0.530897455250786,0.24844047248873066,0.01088787207749487,-0.9105513978181211,0.24850700816046364,1.9634803485532595,-0.027779795147055676,0.22189088653285666,1.3846203439764764,-0.5737056586217887,-1.0613785541435967,1.1182214134559612,-1.2827096368317397,0.3393455793888196,-0.3988505755863259,0.7919579015600159,-0.45955859685163514,0.8924480648782764,-1.0892579323781764,0.28194426510347037,0.5478062440629228,-1.4910862145873092,0.35205803457314044,0.34459676632141834,0.7229867484896649,1.2694844382855786,0.7182721325044794,0.8166809377260693,-0.1923736782661446,-0.1337696601108735,0.551500405525586,0.5804605089810526,-0.3473619421537335,-0.8580887836603529,0.18856473138923657,-0.7488761377544333,-0.8632075211069558,-1.0261847166383329,0.12633230129877832,-0.8900713506029739,0.4058156485536116,-0.9930292511275066,0.2518475369851742,0.075908775009555507,-0.1718500942766823,0.9418088095175268,1.558293714528269,-0.7058748573797541,-0.49482155123715943,0.29436749163906617,-0.13542756183181273,-0.8644701506176244,0.8630589135226719,0.06651573678922444,-0.24075967735431225
0.05138607053445169,0.8770912579779966,-0.20216394060152004,0.27498570848756415,1.236432055955716,0.07502892982357967,-2.948295590031574,-0.09256450650680959,-0.34973564552776043,-2.0444496257408797,0.33941991664922233,1.3070526126852484,-1.2827096368317397,1.6966332157131545,-0.26796331810502233,0.04746421975462885,-0.6467382240776738,0.37521476208392224,-0.933171160184696,1.728071872786048,0.14382983716821746,-0.3505985474542658,2.1102246744783417,-0.4425281263281532,-0.3290868620800942,-0.8904211219146934,-1.751144446904208,-0.6322972751975817,-1.091541172298623,0.2634636472109456,0.5011258915032546,-0.6955499993084251,-0.8201869325629974,0.2726881606655927,0.7341252898381104,-0.7457391371240586,1.3946493079512914,1.1400855678244064,1.4813015319061718,-0.4901219946595915,1.1963172256821843,-0.5167326745013214,1.4297640989478233,-0.6370908704540534,-0.20651322817088366,0.21901351378713288,-1.2250557438926406,-1.8565278238072713,1.1412200853854744,0.7578314899707488,-0.352335798223991,0.14568223751323417,1.304505731924621,-1.3678957761911095,-0.12768514886622373,0.30528613382742803
-0.2853749093846063,-0.015060342887476397,0.11286066712339743,0.1757184074966201,-0.13264961625311844,0.2894514051080635,0.23694281288720748,-0.07155953009327058,0.009240446338462644,0.1860692570696818,-0.3232221547517563,-0.2621570886037686,0.3393455793888196,-0.26796331810502233,0.17025475380578392,-0.3652306288891895,0.3385699106131738,-0.2285982749218758,0.33585563994875156,-0.021952456239473443,0.3297269941678318,0.348761208944116,-0.21312283409538071,0.0750107281499776,0.14818535487978238,0.1847628174903711,0.2012558628667783,0.3433812950641356,0.10824347825951607,-0.03333203028096284,0.16275115123986827,0.06935783420490081,0.1168713814752741,-0.19154838232218271,-0.3947220563249963,-0.17207575978590475,0.045691612356274176,-0.18084410024610886,-0.14845844222117122,-0.2380619959495897,-0.18876470132631296,0.10331541683180008,-0.12598439959720142,-0.12908707797123284,-0.059121294436938185,-0.09876655257697567,0.2089653602459683,0.4321949761120537,-0.05045245715746237,-0.06554126795286536,0.0502784908320732,-0.027229368534438653,-0.05330460147692525,0.020887873678111322,-0.029863305450387664,-0.06225017298361714
1.0606717126628142,-0.33640877836408306,-0.11204698286483773,-0.8409636225539816,-0.7688133065453407,-1.1076474702458197,0.26199614861564485,0.1633005264404874,0.2146483024414911,0.11305142373485169,0.37502019429295375,0.006740219144879635,-0.3988505755863259,0.04746421975462885,-0.3652306288891895,1.3165551916434175,0.02588703888959623,0.5832058292193327,-0.7992605264674012,-1.4112543970308071,-0.8131741158645615,-1.3184154060922124,-0.6205793398448138,0.1609687257758641,-0.3987251078243094,-0.13471825120672665,0.5300973519823595,-1.0149304049519956,1.004383659712312,-0.057864557228827905,-0.8982972196501698,1.1140537382214546,-0.371717593500116,0.6884664629234616,0.7508468448037584,-0.10820033416838502,-0.39966507007733093,0.031856106713260945,-0.1548702642910457,2.255646857207688,0.24000314367002623,-0.19817710164282892,-0.525189547725753,0.8730173201050644,0.5075228257872112,1.1078202703790914,-0.0958887019315919,-0.39756972811431635,-0.06438518569353069,0.17072768080244577,0.490550265771209,-0.278668026070155,-1.003736097829084,1.0671520322909336,0.47884196618474423,0.14286547162154284
0.10130476291201264,-0.13441987089356955,0.5076267655930357,-0.2335241081104957,-1.7891407726248794,-0.06995164284414054,0.02011764357727339,-0.2980522831155894,0.2646980539558632,0.03835745096740332,-1.5329964678721741,-1.034565031496523,0.7919579015600159,-0.6467382240776738,0.3385699106131738,0.02588703888959623,2.3119476566713297,-0.24154070013729023,0.15663231794848895,-1.9207828803350586,1.000694498580505,-0.42423267893701233,-1.3707539637755877,0.6019623045730372,0.03927278214653629,0.46337434946063233,1.3763632380971422,-0.02113719330843449,2.263172131260386,-0.17809387731717577,-0.26297933998250017,2.5199020686161093,-0.5867544676832928,0.22741895746849503,-0.9210414589108313,-2.3312330887714796,0.6659052212873415,-0.4438112719742696,-0.30959538877835346,2.7624115046524387,0.018685832982393652,-0.04103411432882629,-1.0115214357965887,0.3763579231772875,0.4988079733041429,1.9050717491569726,0.4577354060720701,1.0830240556664636,0.41697184247705193,0.49718017539631293,1.2368406406480068,-0.7402380111750269,-1.6137050508041777,1.4349495941346573,0.738849565989511,0.06307281882992921
0.4682773780897256,0.024620062810116087,-0.11599213559978498,-0.3027432559760801,-0.0033224149474926695,-0.4665452270070249,-0.43910229970898396,0.07079994193219905,0.013587739867552979,-0.33596149859786884,0.31508196783613024,0.30713550308351106,-0.45955859685163514,0.37521476208392224,-0.2285982749218758,0.5832058292193327,-0.24154070013729023,0.3395673175801173,-0.5338981311572606,-0.18436115061857386,-0.38593623154147955,-0.6185320000786144,0.20222322720150313,-0.04610686267798508,-0.23910294001043486,-0.2528412175700248,-0.1749821136715684,-0.561189969095405,0.10542610041128492,0.0339804861701795,-0.2851441058735351,0.21414682882118663,-0.2832844301571148,0.3387123259377661,0.5183215330548941,-0.05354076129662414,0.04867852366080296,0.25292628778622517,0.22753756597141403,0.7381334430116092,0.3278635092998235,-0.18138375052474906,0.0956752877042358,0.24125396905326027,0.15437839124251018,0.4172754165698547,-0.2977498093360298,-0.584271545926208,0.16212687339046994,0.18884755505729114,0.07822651820841817,-0.05236889451001914,-0.10287687162793031,0.1289163118552664,0.14351260143359457,0.11726205794762852
-0.6585212648287285,-0.2874459392829788,0.13761680991710876,0.3553678232866216,-0.09904486336798012,0.6110903731236108,1.5136882454874614,-0.018014898393943858,0.050365122025672095,1.087976609529062,-0.2830550532622232,-0.6569733954389213,0.8924480648782764,-0.933171160184696,0.33585563994875156,-0.7992605264674012,0.15663231794848895,-0.5338981311572606,0.9837513668409885,0.009047541192358111,0.3104197209641173,1.0063500606776243,-0.7168520662286058,0.10446839820582432,0.4169221200557543,0.5452046826739236,0.5661314572487776,0.9534414036023926,-0.1586516974865956,-0.09930231731091439,0.2656356266980247,-0.47137153382572106,0.7313150761856853,-0.575933433482522,-0.7770584555197579,0.6791389650298296,-0.6127331327985351,-0.6265929874704126,-0.7226263426672729,-1.275250381017235,-0.8188009233194095,0.4120445252333319,-0.4162224650790518,-0.18193019272586702,-0.2211661193136119,-0.9330328279148868,0.7109267208033502,1.1944270402151542,-0.6440930947060594,-0.5713423589996648,-0.19128228051717897,0.14232323059207233,-0.015309992883620427,0.029057585207882933,-0.2698166090532349,-0.2632542965246501
-1.1740968489480543,1.1687062421286063,-0.3429978121023205,1.2812138914846232,2.9104785527587937,1.3113204520970374,-2.7294798900054666,-0.07872209331207106,-0.6791907969662078,-1.8324215981512342,0.7724774488047643,1.6785517079537606,-1.0892579323781764,1.728071872786048,-0.021952456239473443,-1.4112543970308071,-1.9207828803350586,-0.18436115061857386,0.009047541192358111,4.093855465726589,0.41721924880703926,1.3969362710308901,3.223859920274702,-0.8942794788614652,0.14100271565484868,-0.860431486246072,-2.8320032737002894,0.5972282017324044,-3.326646951354417,0.38424254582273143,1.5476393984116341,-3.2691435463280625,0.07404901536950927,-0.6584034120296818,0.32826804471608434,0.8743361650855569,1.1964006270896406,1.1664747734052459,1.5738947061941215,-4.487657499329976,0.7144116938288262,-0.18589480175954495,2.3459496570397835,-1.6988999880639752,-1.0168244203928027,-2.1461222952084253,-1.1746455727648175,-1.7358052880761639,0.7672623499864378,0.146757709901301,-1.5531230329407524,0.8596180654191291,3.11922953909845,-3.135513447110019,-1.0620652776260693,0.05855949008389344
-0.6093648843537751,0.40960843108428874,0.27679018642020886,0.4980647628123492,-0.07288753328503736,0.6940591283945076,-1.048873164046093,-0.2884548498927776,-0.10463540810273542,-0.6707330392798991,-0.9411262813681311,-0.15187270317481102,0.28194426510347037,0.14382983716821746,0.3297269941678318,-0.8131741158645615,1.000694498580505,-0.38593623154147955,0.3104197209641173,0.41721924880703926,1.0882540723303826,0.5135553916619789,0.3161558227429019,0.07895127269978193,0.17634769142807216,0.05974616625364808,-0.14658888672815645,0.44602146094156325,0.21506658403869836,0.022932255379102352,0.5880141612268761,0.39979972599615926,-0.31819576616163753,-0.23753851908035453,-0.7408649659610067,-1.379225616984846,1.0273980589895182,0.09168212684658139,0.3851965711909957,-0.14057351342988067,0.2185665658293201,-0.05112532725120251,0.2372394623829452,-0.5533158436182921,-0.12492569192774558,0.3582298609968012,-0.06902210183297543,0.2601766087979072,0.6054882142188199,0.38094295293334907,0.22855728512644172,-0.16602354485182594,0.18957848900346755,-0.3430299376401989,0.04286385931788947,0.033717906223187086
-1.0859218870597012,0.12563396390114392,0.03970715700344732,0.8119818958729498,0.8655172428917712,1.0892410526035834,0.5449521101160265,-0.061526506537302975,-0.18137313748763065,0.4397233630072302,-0.0814124762612827,-0.10731380361874605,0.5478062440629228,-0.3505985474542658,0.348761208944116,-1.3184154060922124,-0.42423267893701233,-0.6185320000786144,1.0063500606776243,1.3969362710308901,0.5135553916619789,1.5034140966203646,0.3744181935631999,-0.1883400819715808,0.4741026165018836,0.2626832138607534,-0.3850572186045876,1.1800364458594195,-1.2543562266883015,0.03013474819072483,0.8154184656710463,-1.5374510019325998,0.737957975936705,-0.8107221527665452,-0.7123503357397033,0.8903196364159662,-0.15535076985704155,-0.23343139954064931,-0.17715619405745495,-2.779846345772326,-0.569361030364716,0.34753247457211633,0.3788064008766299,-0.7804026940644623,-0.5678476163240639,-1.628542503426396,0.31632587416475344,0.6332365204704652,-0.3540847046856539,-0.5006658419845955,-0.6952210404388514,0.4189790458598872,1.034715132222603,-1.0354115861924886,-0.6213125132036331,-0.2413711442137958
-0.5060636809864144,1.220750262773223,-0.31103832626389266,0.8077203874406073,2.2931616921886695,0.6686985007735071,-3.5519060559434688,-0.11141027400047607,-0.5845528090603784,-2.434873963477901,0.6065530795451173,1.7821766158195702,-1.4910862145873092,2.1102246744783417,-0.21312283409538071,-0.6205793398448138,-1.3707539637755877,0.20222322720150313,-0.7168520662286058,3.223859920274702,0.3161558227429019,0.3744181935631999,3.1205170827776216,-0.7516237035072416,-0.18878889757486017,-1.0858250394552038,-2.660124781320842,-0.21102538462770695,-2.3715356568159334,0.38000803325337573,1.104751495492322,-2.033314302660918,-0.6062415805646981,-0.09352641550302582,0.7107399651736732,-0.19221197644907964,1.6444568995145583,1.4205757263354986,1.8766489157837782,-2.4402777719432343,1.25818961011107,-0.48683014859637425,2.1875504488424364,-1.2803361192624823,-0.6288322110264333,-0.8096148411048573,-1.489862924823525,-2.2350613541109836,1.245353936055097,0.6603682709676435,-0.9833904359004481,0.5058264738158563,2.4451976750451907,-2.5036550637700166,-0.5859889397347152,0.2652081203009534
0.14441718703813838,-0.23278423405058044,0.12834579197563745,-0.20385765409444237,-0.6962403791654214,-0.1666058014711693,0.582548832736185,-0.02441148912101567,0.14642947459208897,0.40028820886717187,-0.33335367873939326,-0.45515202996751913,0.35205803457314044,-0.4425281263281532,0.0750107281499776,0.1609687257758641,0.6019623045730372,-0.04610686267798508,0.10446839820582432,-0.8942794788614652,0.07895127269978193,-0.1883400819715808,-0.7516237035072416,0.22774886643702993,0.018457622277015084,0.24292396792878437,0.6749177144222418,-0.014115623715650444,0.7954674442387847,-0.0935249311043138,-0.26087454496547124,0.7911743281757352,-0.016592247734869482,0.08218206843068389,-0.2331640343068573,-0.3570077743285756,-0.1693867085707864,-0.29895925635587756,-0.357180069804904,0.945635203236419,-0.18783423714528424,0.06217307954841725,-0.5402679118244051,0.30512319160019147,0.20428657669938727,0.49310232498390055,0.3095446944419414,0.5168563763991691,-0.13234996408461955,-0.015272490102721529,0.38270392123675095,-0.21487544184964175,-0.7013729435508123,0.6840137624697272,0.2364942162417698,-0.024150464799379896
-0.3282035513177332,-0.07116328096778733,0.05568619801038835,0.20147874245473074,0.045316811944951074,0.3152987108315316,0.5105314535685225,-0.018294052030965447,-0.004478287312727868,0.37334046071003335,-0.12398582726799773,-0.22704277982276022,0.34459676632141834,-0.3290868620800942,0.14818535487978238,-0.3987251078243094,0.03927278214653629,-0.23910294001043486,0.4169221200557543,0.14100271565484868,0.17634769142807216,0.4741026165018836,-0.18878889757486017,0.018457622277015084,0.18401887020396765,0.2016520622115758,0.144152678264145,0.42636609919644614,-0.15913494833667458,-0.02966309225914711,0.1764938458355289,-0.2801818654976455,0.29533667810000974,-0.26394582333736205,-0.3353617220238517,0.2635413631497196,-0.18255323829902748,-0.22142827524995584,-0.23794326919513334,-0.6674945223396879,-0.3097172857116904,0.1635757649550808,-0.09481116537392112,-0.1445577255234312,-0.12547090384477327,-0.43782781552629074,0.2572311590027683,0.44952062410484656,-0.22310883959039174,-0.22003052859380323,-0.11919674459264372,0.07985662858363397,0.09378584015622035,-0.09343682595560997,-0.14257151681048116,-0.10754441142184401
-0.11061657534744807,-0.4164471526811735,0.14218502734353017,-0.08042364020544994,-0.6611957518913053,0.052646848000634114,1.4507001566354187,0.013961544489674335,0.17279598612837624,1.0135997646185047,-0.29656384605813363,-0.7172076546766772,0.7229867484896649,-0.8904211219146934,0.1847628174903711,-0.13471825120672665,0.46337434946063233,-0.2528412175700248,0.5452046826739236,-0.860431486246072,0.05974616625364808,0.2626832138607534,-1.0858250394552038,0.24292396792878437,0.2016520622115758,0.48617505045766335,0.9147140335967812,0.40121903036431383,0.6001571655660829,-0.13649508582531417,-0.18771254610496887,0.40577323975502405,0.40544726560074607,-0.18063202675862414,-0.4872401114446821,0.23532330211871047,-0.6222921156565896,-0.5992798711407779,-0.7462919226532982,0.22119549730861612,-0.6163098141784983,0.2726218702293941,-0.7304883797535395,0.2664253747549104,0.0913513301948066,-0.08747670167151861,0.6479964608210813,1.0299972864122957,-0.5393715951823621,-0.363113765036819,0.21049611327911266,-0.09506913707441282,-0.6647577051753049,0.6798916872892141,0.06852442579039741,-0.16254353087246529
0.44171942468280295,-0.992767599172446,0.3070884597389409,-0.6916346468294711,-2.061005455640078,-0.567968522889299,2.8228861940508705,0.05538422899431075,0.5017037167131964,1.9364201882126124,-0.6626615901855889,-1.5413266635998142,1.2694844382855786,-1.751144446904208,0.2012558628667783,0.5300973519823595,1.3763632380971422,-0.1749821136715684,0.5661314572487776,-2.8320032737002894,-0.14658888672815645,-0.3850572186045876,-2.660124781320842,0.6749177144222418,0.144152678264145,0.9147140335967812,2.2938371818733287,0.13728018227926986,2.1891839669480126,-0.32490971315650174,-0.9316591763982556,1.9562049823157064,0.39682870146044347,0.12135522852822765,-0.6583229243943691,-0.14313953197804385,-1.2295076529241085,-1.1800291641865817,-1.5292683790999158,2.339448555115977,-0.9876833281560145,0.37523474666805673,-1.8736336632921993,1.0845741878462363,0.5744046539774115,0.9099197978638784,1.2350113115819576,1.8955966513514222,-0.9357831676517591,-0.4562812366682098,0.9470442732596462,-0.500905338493014,-2.165915476941503,2.1915057939375395,0.5695573931817955,-0.19876782957430464
-0.8319331974580763,-0.07665822618304259,0.10794816373996956,0.5520271667621829,0.2916497168321162,0.8139860709663282,0.9614216691152371,-0.05363066371432125,-0.05363802857703545,0.7157800358117679,-0.24672657566956419,-0.40531441301215854,0.7182721325044794,-0.6322972751975817,0.3433812950641356,-1.0149304049519956,-0.02113719330843449,-0.561189969095405,0.9534414036023926,0.5972282017324044,0.44602146094156325,1.1800364458594195,-0.21102538462770695,-0.014115623715650444,0.42636609919644614,0.40121903036431383,0.13728018227926986,1.017195709669104,-0.5786795418864707,-0.04028786283901932,0.5099156484835781,-0.8462608178701586,0.6687278252391209,-0.6519275909212178,-0.7535406612400006,0.6336169901577214,-0.3216610473082509,-0.42392124680828336,-0.4323255076959067,-1.8154200558760665,-0.6543141708392756,0.35768308351946815,-0.05469126215211425,-0.4495712105382418,-0.35674749199638667,-1.1334575724229592,0.504189778379577,0.9114352505192972,-0.44723999106642337,-0.48260451140024124,-0.3685292783721015,0.23493406214512022,0.4225066555937493,-0.42556721610187864,-0.39295194038626574,-0.23540401322565255
0.87572811890718,-0.6611672608834624,0.42780983060209893,-0.9336616685227948,-2.5615842223743766,-0.9262446290126163,1.1891616957750315,-0.10776842164513145,0.5115885880307776,0.7943888177905928,-1.1744717673405036,-1.334491277676192,0.8166809377260693,-1.091541172298623,0.10824347825951607,1.004383659712312,2.263172131260386,0.10542610041128492,-0.1586516974865956,-3.326646951354417,0.21506658403869836,-1.2543562266883015,-2.3715356568159334,0.7954674442387847,-0.15913494833667458,0.6001571655660829,2.1891839669480126,-0.5786795418864707,3.110262956421845,-0.2856221715388833,-1.0758100012425165,3.2846072364100176,-0.5262570785235942,0.6307388850699926,-0.48181098384200344,-1.885600770348412,-0.18080372994410018,-0.7417080354578928,-0.8797362082245994,4.295863378760178,-0.19655084419867896,-0.015623834767892674,-1.7568082366012754,1.2023224494680067,0.8912520209244676,2.4383831141344836,0.7331743127825795,1.2651987959407307,-0.060623758621231795,0.3151581224662301,1.5746867681831056,-0.909991044980925,-2.6080043459779403,2.519910882262728,1.0541207530599441,0.061935766805851396
-0.04719008750016787,0.14715556893177634,-0.04189495474238111,0.087848822518744693,0.2785636972652102,0.06588517444631858,-0.43387679165011156,-0.01058210649733582,-0.06878572495942041,-0.29818015457949854,0.08608532991128157,0.22429517964971413,-0.1923736782661446,0.2634636472109456,-0.03333203028096284,-0.057864557228827905,-0.17809387731717577,0.0339804861701795,-0.09930231731091439,0.38424254582273143,0.022932255379102352,0.03013474819072483,0.38000803325337573,-0.0935249311043138,-0.02966309225914711,-0.13649508582531417,-0.32490971315650174,-0.04028786283901932,-0.2856221715388833,0.048124787561323504,0.12479769545105644,-0.24629295748233393,-0.07784668012817378,-0.0034405065968184517,0.10243675100506616,-0.017765344595997323,0.19168018607159512,0.1774393819560317,0.22861301074781423,-0.2799173975015809,0.15824475130901838,-0.06271777533640352,0.2672042975871335,-0.14649680050032077,-0.0719449434377943,-0.09316036737283881,-0.1872820304055479,-0.2832554244155564,0.14950242378004402,0.08130743116340088,-0.11851926969729358,0.06065995791677774,0.29339215891626885,-0.2990325816748334,-0.06795372858634137,0.03411106209480613
-0.7225717744563278,0.5052587456013528,0.005810416660909324,0.6714185345733141,0.9496398513677162,0.7925031757650556,-1.0859567028139276,-0.134917648835484,-0.2622417077700243,-0.7058633972604661,-0.12512342648330846,0.4162493849341679,-0.1337696601108735,0.5011258915032546,0.16275115123986827,-0.8982972196501698,-0.26297933998250017,-0.2851441058735351,0.2656356266980247,1.5476393984116341,0.5880141612268761,0.8154184656710463,1.104751495492322,-0.26087454496547124,0.1764938458355289,-0.18771254610496887,-0.9316591763982556,0.5099156484835781,-1.0758100012425165,0.12479769545105644,0.7840109939360688,-1.0377748865667473,0.018945018508733657,-0.3967745267822406,-0.27645841748900946,-0.10797215532530227,0.6914116297526541,0.3363153679755585,0.5679353710279634,-1.7710251985566847,0.20065328172337132,-0.019800425748187918,0.8230630929384927,-0.8085890677552519,-0.4240996458573966,-0.7393609589426081,-0.3180028820398385,-0.3141823921399388,0.3859343319128709,0.10301580914953323,-0.4734217025670674,0.2527414584721335,1.1288031409858468,-1.1885711010422002,-0.38619909465188446,-0.00919977510375506
0.9840497416289797,-0.4435717615301017,0.45713812524633735,-0.9511639784194207,-2.5862807469836286,-0.991339899769226,0.30664882988139003,-0.18322251398211425,0.4694854696123823,0.1819292160489336,-1.3445105925533163,-1.1359825153710326,0.551500405525586,-0.6955499993084251,0.06935783420490081,1.1140537382214546,2.5199020686161093,0.21414682882118663,-0.47137153382572106,-3.2691435463280625,0.39979972599615926,-1.5374510019325998,-2.033314302660918,0.7911743281757352,-0.2801818654976455,0.40577323975502405,1.9562049823157064,-0.8462608178701586,3.2846072364100176,-0.24629295748233393,-1.0377748865667473,3.6447794453007485,-0.9185403198256643,0.8062689712363084,-0.3866677987398297,-2.573937800563841,0.35410331285884983,-0.47698742335919814,-0.49403267441503707,4.84266437138865,0.19016626688567143,-0.1959284783705368,-1.5544043550922575,1.140286676502124,0.9589683211815894,2.9572154517676204,0.4410940264413876,0.8760250465377123,0.3690362359172359,0.6582376779749161,1.7417105519537621,-1.0282153146133106,-2.59299121504143,2.4548789397923563,1.1919647442937362,0.18029861822561113
-0.3434850544021557,-0.4196702284867353,-0.0605248938794297,0.13513984444836702,0.17155081143418943,0.2604515649928363,1.814450744551793,0.14708058072794442,0.05539353689194437,1.2649052293974115,0.34787980989049255,-0.39458827102648564,0.5804605089810526,-0.8201869325629974,0.1168713814752741,-0.371717593500116,-0.5867544676832928,-0.2832844301571148,0.7313150761856853,0.07404901536950927,-0.31819576616163753,0.737957975936705,-0.6062415805646981,-0.016592247734869482,0.29533667810000974,0.40544726560074607,0.39682870146044347,0.6687278252391209,-0.5262570785235942,-0.07784668012817378,0.018945018508733657,-0.9185403198256643,0.8718307121228742,-0.44412507213148705,-0.26240931062577805,1.5074766641782995,-1.078829921852814,-0.5475976757640123,-0.7763907672141043,-1.4413071421139783,-0.8342712838112522,0.39874155381669363,-0.3492014269137578,0.026752051975391992,-0.2090132528345681,-1.2375527269310904,0.6123791265622278,0.8235016952084591,-0.8941088394458384,-0.7427416264925798,-0.42990764804025483,0.29522178893729417,0.11070739677815772,-0.009077405779662292,-0.3564706117198335,-0.2601178524458514
0.5682978099644779,-0.014698357838406206,-0.022479882477890484,-0.4099636832872906,-0.4091544764110547,-0.5621083946114889,-0.4616769059734972,0.020972112805972724,0.07723100607497713,-0.3517934146489756,0.03212047239452862,0.11371047560979779,-0.3473619421537335,0.2726881606655927,-0.19154838232218271,0.6884664629234616,0.22741895746849503,0.3387123259377661,-0.575933433482522,-0.6584034120296818,-0.23753851908035453,-0.8107221527665452,-0.09352641550302582,0.08218206843068389,-0.26394582333736205,-0.18063202675862414,0.12135522852822765,-0.6519275909212178,0.6307388850699926,-0.0034405065968184517,-0.3967745267822406,0.8062689712363084,-0.44412507213148705,0.4435584889772053,0.39625412709378854,-0.5548345799480188,0.17966685487815132,0.1814424737858573,0.17639725637414294,1.468548997763305,0.36923573109360813,-0.21237028790303442,-0.13039938786645464,0.37375462414334465,0.29312498321287894,0.8977538191223464,-0.22908060457828996,-0.4196658190946191,0.26185027406426237,0.31547215080044627,0.3640099833786054,-0.2234232360141815,-0.4901961609379999,0.4831633157541218,0.3294920689062273,0.14343041617662491
0.5830410682106607,0.11093803115135967,-0.2865545133391344,-0.3200339389923634,0.5050189484428517,-0.582666889032662,-0.7247779514243078,0.16121026653899842,-0.06629173741047126,-0.5492397980545952,0.8063786613315824,0.7217829069568342,-0.8580887836603529,0.7341252898381104,-0.3947220563249963,0.7508468448037584,-0.9210414589108313,0.5183215330548941,-0.7770584555197579,0.32826804471608434,-0.7408649659610067,-0.7123503357397033,0.7107399651736732,-0.2331640343068573,-0.3353617220238517,-0.4872401114446821,-0.6583229243943691,-0.7535406612400006,-0.48181098384200344,0.10243675100506616,-0.27645841748900946,-0.3866677987398297,-0.26240931062577805,0.39625412709378854,0.9379265595221429,0.47092636787519643,-0.03166437083278505,0.49631513414661826,0.44717227849571034,0.2420429746713223,0.4814137032715237,-0.2508876107289648,0.44939979403942865,0.1856790404683417,0.06574802416668274,0.07680415826488861,-0.5621278197627376,-1.1195751343354485,0.16423080024334027,0.15902354596796442,-0.22454085362987333,0.12361819849144821,0.33557386185859217,-0.2606809657574984,-0.0046158597025157426,0.15035115210345035
