V1,V2,V3,V4,V5,V6,V7,V8,V9,V10,V11,V12,V13,V14,V15,V16,V17,V18,V19,V20,V21,V22,V23,V24,V25,V26,V27,V28,V29,V30,V31,V32,V33,V34,V35,V36,V37,V38,V39,V40,V41,V42,V43,V44,V45,V46,V47,V48,V49,V50,V51,V52,V53,V54,V55,V56
1.9055018750046138,-1.7718755549996408,0.5157144452707593,-2.0327745878055405,-4.503535029454941,-2.1125680960610866,4.030912134882687,0.122358264330865,1.0485625388767374,2.6973510130997678,-1.166714365849248,-2.51830269707041,1.5748366400505274,-2.557749590110972,-0.008985493515934879,2.290022175592919,2.964621954603945,0.3536819647002357,-0.13982152018074465,-6.351716822364181,-0.6828457237224645,-2.295014850526566,-4.9080356484451055,1.373052298848281,-0.27340669663284234,1.2654522593970752,4.32023743729062,-1.0491641469420683,5.185549616778459,-0.5808561938372091,-2.4323171204145644,5.133950185402473,-0.212872190017156,1.0945518868855377,-0.41067017452523036,-1.4560162704151571,-1.7743358336298707,-1.7269047792954257,-2.347670628257729,7.128975606872539,-1.0000654724073395,0.23397928437577986,-3.582331008468915,2.657345392989084,1.6064628616801115,3.4517949750940984,1.72811852023174,2.541216529685624,-1.1047772560125029,-0.15145049207678077,2.4370554075892077,-1.3543400027359391,-4.836754207058604,4.85929804684443,1.6840911766916316,-0.05664785632377578
-1.7718755549996408,2.500485064966378,-0.6067027483120494,2.1746984723363267,5.210289790335642,2.090322420533435,-6.600169573177118,-0.24967505343163288,-1.2880536280817783,-4.477588457978385,1.2059533333134338,3.478393898917365,-2.5806762269853154,3.933150087063711,-0.1898459707230837,-2.1593959911481844,-3.1066044449708037,-0.03216873155830415,-0.697803471937173,7.423307457024433,0.9396453671768655,1.8290993428718527,6.464826983856847,-1.644233479135031,-0.03626050826426484,-1.9662510316698931,-5.567650981512493,0.42509033590919687,-5.65742079064628,0.7819369877920025,2.7686725103004544,-5.216243406328147,-0.6403789732626972,-0.7723258923140122,0.9361895469361315,0.35622400716879354,3.0855754749737865,2.649554367819185,3.575027225806196,-6.907699434200323,2.069454040502002,-0.7084866766897173,4.623235756436705,-3.090441839154909,-1.6620622062083326,-2.8441957556931787,-2.728384619829176,-3.9888864960605663,2.1742225507782016,0.9175183668678031,-2.4847363568066094,1.3252693038727446,5.62109422285269,-5.728439954495471,-1.6278460212525463,0.3438408836303913
0.5157144452707593,-0.6067027483120494,0.1760205744915919,-0.5968596880239928,-1.4266449656515,-0.5888930513042182,1.5046035584956605,0.041957856942217125,0.33776917446494076,1.0167878546263855,-0.3877337850564422,-0.8823614489660424,0.6169298496337495,-0.9403448901628276,0.03912680508104367,0.6206861597770675,0.9331379384444983,0.04229890475549013,0.09051915853330024,-2.0011132453694653,-0.19167050216829656,-0.5870734364716406,-1.6497667182634805,0.44508067230691517,-0.029128650500499852,0.47375486491338337,1.4402916722179027,-0.20145154707854404,1.6000082999164105,-0.1980860687331383,-0.7378071990082777,1.5370520011395938,0.04494218807574405,0.26621197326510393,-0.22590954378409617,-0.3300567493565935,-0.6644207353097213,-0.6342990154189889,-0.8477676961345693,2.0580317276904228,-0.43613441518734963,0.13380475173107184,-1.190204757472804,0.819247938216369,0.4749067069093721,0.9433513677847761,0.6465713740468337,0.96286501938486,-0.4509241293972894,-0.1371345172796701,0.7325955605847148,-0.4009269300217556,-1.5246615811596258,1.5368855788543319,0.48882711533660334,-0.05605052208674445
-2.0327745878055405,2.1746984723363267,-0.5968596880239928,2.2660073352736974,5.159139924512719,2.2968911416091866,-5.256277631567152,-0.17324601490318006,-1.227240302069103,-3.5386113237497714,1.2971539040529119,3.074480912764948,-2.0605232896274166,3.253949307087764,-0.0582950420038849,-2.4516728439807545,-3.296154669759516,-0.2747205160622791,-0.13268391936647864,7.297677312244937,0.8230052612576467,2.3454248883460624,5.884559633639017,-1.5901442679817548,0.19396611520202514,-1.6206374684351004,-5.139658330563372,0.9335584368720966,-5.830114238196778,0.6991821127338469,2.763969553516119,-5.638828741781817,-0.05002878027218941,-1.0851962425504809,0.6305082021429866,1.2396951192644352,2.3735839308537865,2.195137669461442,2.9762412169647683,-7.714983429663227,1.4490451522779946,-0.4141206223946828,4.259387148923445,-3.0446638248008284,-1.7741610789886817,-3.5694348186107736,-2.2221139655955366,-3.2688331026297197,1.5625482325605224,0.4197889272635131,-2.6825751525685075,1.473218419675228,5.546984719630872,-5.5985140688920305,-1.8227917910182072,0.15926972624117564
-4.503535029454941,5.210289790335642,-1.4266449656515,5.159139924512719,12.045289594171043,5.138988373205672,-12.911731156490857,-0.41583840115406495,-2.8774958285721315,-8.71614760864938,3.0731135862154586,7.414131939559367,-5.1381995542069285,7.961757611910344,-0.25445447795898846,-5.436535220351448,-7.674514316818065,-0.45072282035958255,-0.678962425109111,17.00817453185893,1.8576171040304446,5.093337809800308,14.000792040913254,-3.7446590753504814,0.29311798819184587,-3.981282020748392,-12.196715057865482,1.8174806925391913,-13.48568645850286,1.6774493735384315,6.36893418320998,-12.921162774837288,-0.43171113884265905,-2.312383293177719,1.7370367651213983,2.512654825305141,5.822874748595724,5.36920804125012,7.234642712326669,-17.45734459069318,3.716876914618055,-1.1333552115009278,10.104511351042536,-7.047846433717383,-4.045994669532578,-7.919366817399926,-5.4662447638239335,-8.060863713616019,3.927441561667554,1.2278660007991657,-6.14990926473152,3.357742442835815,12.930889957628764,-13.06641616533416,-4.129711418261399,0.4746632065995398
-2.1125680960610866,2.090322420533435,-0.5888930513042182,2.2968911416091866,5.138988373205672,2.362654259924598,-4.8996582747218955,-0.15692562044224584,-1.2108397918865272,-3.2884362365473416,1.3051752889350268,2.9581003790932,-1.911096863215587,3.0668789643259613,-0.016985040719377162,-2.543033709397567,-3.328393017893503,-0.3476406300929035,0.028184046455285355,7.262940818660829,0.8082459737928981,2.4938120760128744,5.724427664929145,-1.5728663879587008,0.2599962749772407,-1.5226832341579961,-5.019273221462559,1.0796593839239308,-5.867728861773721,0.6766280839111666,2.7702292364668017,-5.743311279444779,0.10684548566577838,-1.1740224911385084,0.533824789239034,1.457274280522754,2.1921861916286214,2.069809731924084,2.8149017603884525,-7.931681977920577,1.2810069669020094,-0.3337216837681601,4.1596503472452,-3.0383097381361353,-1.8050372617982888,-3.7595472502869534,-2.0822122974572994,-3.0628141164185005,1.402763784631431,0.2888106299105878,-2.7303239218072903,1.5094235611047073,5.52442682916529,-5.563154976871653,-1.8737237043359034,0.10855479901846256
4.030912134882687,-6.600169573177118,1.5046035584956605,-5.256277631567152,-12.911731156490857,-4.8996582747218955,18.114575686125228,0.7211083254134415,3.2744972245876975,12.329159667058697,-2.8318925543463154,-9.113987857763766,7.061926404893696,-10.615391774682864,0.6305518700959041,4.943287266447861,7.37645275408039,-0.2456427741028405,2.4947714021949783,-18.483985880129804,-2.50157055501677,-3.8046108639721052,-16.744214364812184,4.1121137543120705,0.39339499208310963,5.330209800623058,14.319208518745928,-0.3669067885406725,13.726135567061116,-2.0212474251576027,-6.834057541086059,12.255073862866222,2.3841590892492146,1.4763022087228566,-2.7001776422294306,0.32098505815318873,-8.625616745911485,-7.147121920777533,-9.653510903540447,15.93016972704864,-5.94745922113283,2.146265342618404,-11.879994747599458,7.695013953630892,3.9534213104119855,6.0002003780145525,7.407285677123682,10.833597799254502,-6.219122791630114,-2.952282403407622,5.859556538157806,-3.071586831926249,-13.960627042812902,14.30332786332397,3.7523108914533663,-1.1070658606048467
0.122358264330865,-0.24967505343163288,0.041957856942217125,-0.17324601490318006,-0.41583840115406495,-0.15692562044224584,0.7211083254134415,0.037087188614361874,0.11242350071207687,0.49171813084058064,-0.05885389801035917,-0.32241178198411685,0.2630371107694407,-0.40132704613544357,0.022931685791405254,0.15430272846341267,0.19456790675417426,-0.01861672305176229,0.119843894849034,-0.6131314985614396,-0.11776110291827849,-0.0912648309122082,-0.5934221167598454,0.13429520551680113,0.027876236507536685,0.19842175066919218,0.49858176256650855,0.02001571049259859,0.41922299981122413,-0.07256720733741882,-0.23421193009987162,0.34648552796208804,0.13473525466079797,0.027017237468470307,-0.0935623395602537,0.12084765368425195,-0.36253895219031895,-0.26987208257979406,-0.3695749260045902,0.44512471336666426,-0.2487207349532697,0.09509228613042431,-0.41760346184889713,0.26437964066539316,0.12029946234562329,0.12163589120463131,0.28210939987235584,0.4011767917795727,-0.2663954819523466,-0.14657175648805984,0.1648655760902855,-0.08143868554058502,-0.45819256018848936,0.47784668866703967,0.10242424349821838,-0.05210403855858278
1.0485625388767374,-1.2880536280817783,0.33776917446494076,-1.227240302069103,-2.8774958285721315,-1.2108397918865272,3.2744972245876975,0.11242350071207687,0.6998911163761615,2.2153210150621074,-0.7072920507364779,-1.8181970969447385,1.2912574979933653,-1.9905506917509381,0.07125050309846236,1.2682833317363487,1.7884210678025116,0.07930431849363975,0.2375596341215399,-4.079291630139858,-0.4756425117238449,-1.1479685617655737,-3.424474020677104,0.8954250042547015,-0.042865787726216215,0.9991071226143889,2.9704223204999396,-0.37097767598519304,3.1936185442167773,-0.40609794770780117,-1.5250365523665965,3.0115070651804308,0.18656849507382647,0.5100660081232179,-0.442695460074347,-0.46746417120132916,-1.508121435726067,-1.341871934784886,-1.8167960137910915,4.053325174450257,-0.9729830821854085,0.31042739096023847,-2.45712919680002,1.6952933175778553,0.952707354802115,1.7793416868481642,1.3705148687275932,2.0230606855821045,-1.0323530961020522,-0.36735750649769877,1.4382313235047088,-0.7805476958667966,-3.095303360708022,3.137136849741553,0.9589425648911102,-0.14062626481900733
2.6973510130997678,-4.477588457978385,1.0167878546263855,-3.5386113237497714,-8.71614760864938,-3.2884362365473416,12.329159667058697,0.49171813084058064,2.2153210150621074,8.393911372144464,-1.9058162935009761,-6.1822063202480875,4.807949770608007,-7.217017515367226,0.4362092185201515,3.3094931789366497,4.963731795396749,-0.18678597362897764,1.7313167853958313,-12.48120647494279,-1.6950681181263854,-2.5224644952287267,-11.345355013217059,2.7780330677720695,0.28422162582997385,3.6260343265137114,9.696883649478266,-0.20498570366276864,9.249349075501257,-1.3688335177663755,-4.609198893981982,8.233411311472942,1.6557957675609414,0.9693145351910685,-1.8480054218054132,0.282784969406336,-5.878117155629191,-4.858879549614007,-6.563006097487543,10.681775556490102,-4.062880653968157,1.4719344226790891,-8.043424578096399,5.194618524681558,2.6584948163662623,3.9885440510867753,5.038352617790564,7.371447382663874,-4.2459805866410525,-2.0322158265929144,3.938646080747433,-2.0615656611728346,-9.425047721680887,9.660375300911099,2.5163926336678966,-0.7626222568779341
-1.166714365849248,1.2059533333134338,-0.3877337850564422,1.2971539040529119,3.0731135862154586,1.3051752889350268,-2.8318925543463154,-0.05885389801035917,-0.7072920507364779,-1.9058162935009761,0.8985792429412716,1.7990621144463799,-1.1960316495837293,1.8350896818711782,-0.06050328256829435,-1.3956994766161375,-2.1090069944066276,-0.14707294410367996,-0.04395132935914319,4.2752975488493705,0.34075348545600737,1.3998731886044216,3.3884331257717415,-0.9517408175285008,0.1216829329167066,-0.9258715131444658,-2.9855139410510594,0.5643064045857042,-3.5143124868817956,0.4064978697920074,1.5739853422804002,-3.461884733574557,0.08261685932386406,-0.6571345146523803,0.42943402030002903,1.0122607459142783,1.1917127628741704,1.2389965169762758,1.6455717992703585,-4.676123942916161,0.7582099695624582,-0.20357483670068993,2.463287263682691,-1.7377848490812708,-1.0534451991586844,-2.262467434841866,-1.2521024068195048,-1.8822269661998527,0.7761320740422704,0.1395672932097125,-1.6479232339699925,0.9140209796079368,3.2688683501706834,-3.273871348260611,-1.1135370823486384,0.06602008046168037
-2.51830269707041,3.478393898917365,-0.8823614489660424,3.074480912764948,7.414131939559367,2.9581003790932,-9.113987857763766,-0.32241178198411685,-1.8181970969447385,-6.1822063202480875,1.7990621144463799,4.90029144616995,-3.6145602354201687,5.484090260177837,-0.272976952710509,-3.059545967729518,-4.523274588751837,-0.05437033611696415,-0.931153641936474,10.518112676581152,1.2413231007204126,2.6437088736093917,9.092595856839225,-2.336542144594329,-0.02884667443173142,-2.752283805145757,-7.850661411868504,0.6503763636304808,-8.097265585952353,1.0967121921570486,3.8966310115475973,-7.51631506984491,-0.798254513425279,-1.129156064929901,1.3388872935206784,0.7450260833521465,4.212567202825242,3.695303363335426,4.971859056684838,-9.945335570398154,2.8351849922776817,-0.9598362370634895,6.506708443034109,-4.352414907176277,-2.3746698198954155,-4.183209560693773,-3.800817253030624,-5.590285575971817,2.959565479185398,1.2033000524886293,-3.5845337574459393,1.9220703486557846,7.9763918496329005,-8.109463940154347,-2.350595147811582,0.4599034704899148
1.5748366400505274,-2.5806762269853154,0.6169298496337495,-2.0605232896274166,-5.1381995542069285,-1.911096863215587,7.061926404893696,0.2630371107694407,1.2912574979933653,4.807949770608007,-1.1960316495837293,-3.6145602354201687,2.8010611795322107,-4.176958183963664,0.26734625551453356,1.9254237934263536,3.01332433265141,-0.11125802109232379,0.9830236706819206,-7.316388530234451,-0.9135020577066814,-1.5059301457293193,-6.606830130128013,1.6391344513496369,0.1565849482474968,2.104964061189944,5.662154075123974,-0.14192428875996105,5.482368572613816,-0.7991683731601186,-2.678255416504983,4.925812508144222,0.8952407098464816,0.5875795724263453,-1.1095130032413598,-0.012302277415191803,-3.320550579695832,-2.8126640533059892,-3.7803942916238285,6.3695926999716646,-2.3179266522445037,0.8346328773624172,-4.690675868925879,3.019964644407997,1.5692950059555055,2.4507100117646408,2.915184337315258,4.287269946592944,-2.3986182813558314,-1.121208339550227,2.356463477434525,-1.2404699957115193,-5.535967566866192,5.658786633933794,1.5054616037578425,-0.42750007910911564
-2.557749590110972,3.933150087063711,-0.9403448901628276,3.253949307087764,7.961757611910344,3.0668789643259613,-10.615391774682864,-0.40132704613544357,-1.9905506917509381,-7.217017515367226,1.8350896818711782,5.484090260177837,-4.176958183963664,6.289167135590116,-0.358677940845455,-3.1236149212495015,-4.685695832127718,0.07764635020754851,-1.33580659014004,11.347924530081114,1.4408248399348784,2.5264226986215905,10.100378121164967,-2.5271453328643494,-0.16438263861200908,-3.158859468320235,-8.670927988760335,0.39963546715616255,-8.55460108876106,1.220109813956417,4.191411826579993,-7.762254412819374,-1.2277339707426758,-1.0222785967233723,1.591522088249235,0.2112091442809488,4.990719245812118,4.235597035103875,5.707002362360403,-10.148921581498248,3.422748927220492,-1.2094604962073687,7.190055859818095,-4.706129606809891,-2.477837991239513,-4.0120075743240475,-4.3784233680761515,-6.42171017233462,3.5689794076756827,1.6090204744440741,-3.707459185983164,1.9618973940006397,8.586805514324226,-8.768865265970112,-2.3950084672137777,0.6085294815209549
-0.008985493515934879,-0.1898459707230837,0.03912680508104367,-0.0582950420038849,-0.25445447795898846,-0.016985040719377162,0.6305518700959041,0.022931685791405254,0.07125050309846236,0.4362092185201515,-0.06050328256829435,-0.272976952710509,0.26734625551453356,-0.358677940845455,0.05535693599063548,-0.006173392185023449,0.12311103856339727,-0.07599482398123598,0.19336803749263143,-0.35961446498423355,-0.03938988698020989,0.07125965858061885,-0.44110643427869417,0.09311695977996887,0.06942788187947004,0.1840152850893827,0.36459093484679533,0.13197048480944598,0.21781367957702463,-0.058368682828342906,-0.10978220097174383,0.138574362903994,0.17828688443049356,-0.05642085938762087,-0.14935163158209944,0.17947673779971027,-0.2984830807182438,-0.24084574756330937,-0.311496812598123,0.09399209418148574,-0.25498997995281275,0.11011512153277161,-0.30268017671438324,0.1357803739202793,0.04130508750167483,-0.05305822115866386,0.25934243953569747,0.3831377965265748,-0.24403035756545144,-0.1634743521448802,0.06717795047784653,-0.025518116127074175,-0.27092402543919364,0.28601313996416117,0.02296981863593238,-0.06367556630898133
2.290022175592919,-2.1593959911481844,0.6206861597770675,-2.4516728439807545,-5.436535220351448,-2.543033709397567,4.943287266447861,0.15430272846341267,1.2682833317363487,3.3094931789366497,-1.3956994766161375,-3.059545967729518,1.9254237934263536,-3.1236149212495015,-0.006173392185023449,2.754519328820825,3.560042529747946,0.4171464153509009,-0.14215336098213854,-7.674353981830046,-0.8382799111516596,-2.747191944382323,-5.954955952451683,1.6597240877848396,-0.31855859407551573,1.5440687073885624,5.236568828416172,-1.2428564811052272,6.245895799188112,-0.7066454838335414,-2.9402189518503308,6.171224165145573,-0.22303935605906042,1.3070214490443657,-0.5062832097556982,-1.698285664764934,-2.184590465794358,-2.1087876515775177,-2.8662670206938246,8.561664490052507,-1.2410977131438297,0.29837142013396656,-4.344948798921095,3.213202089736852,1.9335238570189095,4.1257536045131,2.113110975760776,3.1009042907388253,-1.3690611611302739,-0.2116392700018422,2.92819280199594,-1.6247267953854574,-5.842114625467312,5.87350867422686,2.02134859222737,-0.07826997561560985
2.964621954603945,-3.1066044449708037,0.9331379384444983,-3.296154669759516,-7.674514316818065,-3.328393017893503,7.37645275408039,0.19456790675417426,1.7884210678025116,4.963731795396749,-2.1090069944066276,-4.523274588751837,3.01332433265141,-4.685695832127718,0.12311103856339727,3.560042529747946,5.113442399886262,0.3895603016886651,0.1365884849218569,-10.752264183964616,-1.010062660414805,-3.5036297849560762,-8.577757710136522,2.3738394303758468,-0.299775138258795,2.3469608008518383,7.5302100253167605,-1.4080260497778345,8.731102143305852,-1.0285438888742808,-4.011216861971277,8.545321172134724,-0.09310718399588344,1.6357460623965694,-1.011180622809785,-2.239613796172952,-3.199791186815691,-3.162425090702679,-4.234711500323203,11.604672638257103,-1.998031975300366,0.5508291048421917,-6.229672385561391,4.420859091312459,2.635148580946458,5.517757153907732,3.198379909133061,4.7548311607212534,-2.0932699931777385,-0.45924599486320045,4.063124414492405,-2.243818530710567,-8.201256595559002,8.240865073165683,2.753002873597674,-0.19168525131175235
0.3536819647002357,-0.03216873155830415,0.04229890475549013,-0.2747205160622791,-0.45072282035958255,-0.3476406300929035,-0.2456427741028405,-0.01861672305176229,0.07930431849363975,-0.18678597362897764,-0.14707294410367996,-0.05437033611696415,-0.11125802109232379,0.07764635020754851,-0.07599482398123598,0.4171464153509009,0.3895603016886651,0.17507060415230485,-0.3211106173251687,-0.6197584002251754,-0.038731867735253216,-0.5301729123478102,-0.22431425160576113,0.11877504198047759,-0.15286991899728986,-0.050841283426815063,0.23761781662730766,-0.3886091177849178,0.6321874102738564,-0.023448844844595147,-0.2737120460196093,0.7615815696122167,-0.3222939863609088,0.28759794092648056,0.13332657938779463,-0.5744252421370463,0.16366077107250485,0.05053009531007062,0.05742520618115569,1.1849608470902664,0.21178881293684435,-0.12734592413394616,-0.20073566689573918,0.2723782221483089,0.23131978685910257,0.7410941474889712,-0.07716911975807812,-0.11872968369301441,0.19003269450198687,0.23563809971147323,0.3550698038916871,-0.21512011807223352,-0.48095323790627414,0.4583333825406797,0.2787961903336615,0.09146445983864333
-0.13982152018074465,-0.697803471937173,0.09051915853330024,-0.13268391936647864,-0.678962425109111,0.028184046455285355,2.4947714021949783,0.119843894849034,0.2375596341215399,1.7313167853958313,-0.04395132935914319,-0.931153641936474,0.9830236706819206,-1.33580659014004,0.19336803749263143,-0.14215336098213854,0.1365884849218569,-0.3211106173251687,0.8303674942093271,-1.0290521109727515,-0.24228046560653435,0.4748306334104999,-1.513567136145385,0.25597440830369234,0.3032384380957827,0.690358748588493,1.2121994046191482,0.6185678394549569,0.4568260958548574,-0.18579723283558003,-0.31246496709335025,0.057606777443299576,0.8326603944683587,-0.32507039892393375,-0.5164604307458538,1.0565904494568066,-1.285520911942886,-0.8962416419542112,-1.2013919525058794,-0.24277613858280453,-1.0424300064327852,0.46325158087042156,-0.9990027201774697,0.41277877488965425,0.05104922747361524,-0.6123112543441688,0.9704815199240112,1.426165620348215,-1.047080075323744,-0.7500646494742267,0.04474343402281203,0.027029088704610578,-0.751392309163315,0.8326735518261438,-0.057607454701112115,-0.2846164891343505
-6.351716822364181,7.423307457024433,-2.0011132453694653,7.297677312244937,17.00817453185893,7.262940818660829,-18.483985880129804,-0.6131314985614396,-4.079291630139858,-12.48120647494279,4.2752975488493705,10.518112676581152,-7.316388530234451,11.347924530081114,-0.35961446498423355,-7.674353981830046,-10.752264183964616,-0.6197584002251754,-1.0290521109727515,24.052592081028664,2.6982701262612743,7.137930390292933,19.871088356403455,-5.287888694415878,0.3893553968195936,-5.671783239847794,-17.291979716995286,2.51345116158957,-19.00421968826917,2.378310193870277,9.021069578240663,-18.152805889408462,-0.7142641562649958,-3.229106592183391,2.457318137871096,3.3471830686664727,8.386639499533501,7.6520955361781455,10.326670049978187,-24.530649296861608,5.351314743901573,-1.6465943990343748,14.328986296588907,-9.986264832053362,-5.702850265902033,-11.049210367262436,-7.794955504367181,-11.478668918705678,5.670891769221563,1.8293263691051997,-8.641569916677025,4.710844997390628,18.275806134753466,-18.483461048793348,-5.799443745991975,0.7012232581109566
-0.6828457237224645,0.9396453671768655,-0.19167050216829656,0.8230052612576467,1.8576171040304446,0.8082459737928981,-2.50157055501677,-0.11776110291827849,-0.4756425117238449,-1.6950681181263854,0.34075348545600737,1.2413231007204126,-0.9135020577066814,1.4408248399348784,-0.03938988698020989,-0.8382799111516596,-1.010062660414805,-0.038731867735253216,-0.24228046560653435,2.6982701262612743,0.4424429289284959,0.6816180852301177,2.362962582012241,-0.5793485128093906,-0.002898020652127984,-0.7122023428257667,-2.0206174493620668,0.17682276362088653,-2.001026847793931,0.2800557380081974,1.0428050944953178,-1.8086334902382915,-0.2775552498153981,-0.2861089755271146,0.2739554612657084,-0.024140446971428333,1.2298078652665971,0.9700845136882269,1.3383903759846703,-2.454878382082423,0.7806218932784879,-0.2675605572343951,1.6834278023166378,-1.15877139095211,-0.6034373262738774,-0.9550149655034329,-0.9969169262451256,-1.4319773058797611,0.8578262884133053,0.3815866763397905,-0.8622000529184003,0.45543527090282615,2.02961614265881,-2.0839695533811153,-0.5726726259841383,0.13392478233839758
-2.295014850526566,1.8290993428718527,-0.5870734364716406,2.3454248883460624,5.093337809800308,2.4938120760128744,-3.8046108639721052,-0.0912648309122082,-1.1479685617655737,-2.5224644952287267,1.3998731886044216,2.6437088736093917,-1.5059301457293193,2.5264226986215905,0.07125965858061885,-2.747191944382323,-3.5036297849560762,-0.5301729123478102,0.4748306334104999,7.137930390292933,0.6816180852301177,2.8929361900379473,5.240389874013512,-1.5391001022720308,0.4327467565409958,-1.23903371859126,-4.6632838368229335,1.4666865321322429,-5.988418370588926,0.6231300142039484,2.7526875843087417,-6.0946176786017805,0.5793909776823267,-1.4180037953186133,0.31770458714300115,2.170448000447911,1.576755858894691,1.7080835631362359,2.3139810925627615,-8.556596318500539,0.7841983018186272,-0.10031492190752767,3.871066517105119,-2.9801957372846286,-1.8833747047859193,-4.349549320971013,-1.6830786052282554,-2.4779903139666346,0.8898813994465411,-0.1195995471375139,-2.88341626496768,1.6223403180625107,5.453126698225297,-5.444100137029636,-2.0224737549496856,-0.04366832857494349
-4.9080356484451055,6.464826983856847,-1.6497667182634805,5.884559633639017,14.000792040913254,5.724427664929145,-16.744214364812184,-0.5934221167598454,-3.424474020677104,-11.345355013217059,3.3884331257717415,9.092595856839225,-6.606830130128013,10.100378121164967,-0.44110643427869417,-5.954955952451683,-8.577757710136522,-0.22431425160576113,-1.513567136145385,19.871088356403455,2.362962582012241,5.240389874013512,16.982382002410592,-4.390124735171262,0.05241141825137104,-5.064039166983464,-14.68546519326349,1.466072527384243,-15.382386872025265,2.0366330611638084,7.40080459219384,-14.365776419963732,-1.282865782746154,-2.2766680412163964,2.3624883129736283,1.7045019668840187,7.741243870674821,6.806861708240684,9.184945119036598,-19.155325410474127,5.119061023963875,-1.6964874468407418,12.167782798286364,-8.24709974283773,-4.5471454558817666,-8.188423124662908,-6.982566522374613,-10.270115023549577,5.384332315333872,2.093627804623913,-6.852230877837766,3.690362854493198,15.069511964622022,-15.306605423476121,-4.526446361319625,0.7972035526985264
1.373052298848281,-1.644233479135031,0.44508067230691517,-1.5901442679817548,-3.7446590753504814,-1.5728663879587008,4.1121137543120705,0.13429520551680113,0.8954250042547015,2.7780330677720695,-0.9517408175285008,-2.336542144594329,1.6391344513496369,-2.5271453328643494,0.09311695977996887,1.6597240877848396,2.3738394303758468,0.11877504198047759,0.25597440830369234,-5.287888694415878,-0.5793485128093906,-1.5391001022720308,-4.390124735171262,1.169740875226061,-0.07067989361639895,1.2619024267408545,3.819090728529254,-0.5206236639891891,4.171319949769836,-0.5305876875889298,-1.9762815918475942,3.9836820022838904,0.180383093801797,0.6925107782140973,-0.5694905807481316,-0.7116500661813361,-1.8545830032874548,-1.7038780207959003,-2.2893357229892106,5.355197481261578,-1.2031814421432845,0.3755610415226875,-3.1681021210918945,2.1884003415451465,1.2454541692418994,2.405419491039766,1.7389900186675504,2.5578423959570604,-1.2627874974567923,-0.41815827012639517,1.8935443547816826,-1.0300505676775078,-4.020006729847907,4.065875928549679,1.265903485288603,-0.1606372558999156
-0.27340669663284234,-0.03626050826426484,-0.029128650500499852,0.19396611520202514,0.29311798819184587,0.2599962749772407,0.39339499208310963,0.027876236507536685,-0.042865787726216215,0.28422162582997385,0.1216829329167066,-0.02884667443173142,0.1565849482474968,-0.16438263861200908,0.06942788187947004,-0.31855859407551573,-0.299775138258795,-0.15286991899728986,0.3032384380957827,0.3893553968195936,-0.002898020652127984,0.4327467565409958,0.05241141825137104,-0.07067989361639895,0.13856319373013878,0.08935281695975185,-0.08751670632306804,0.3382715728273925,-0.45263787853627013,9.806211100367172e-4,0.1763128030727453,-0.5798543554822665,0.3147094595722644,-0.24019502318355337,-0.13249509101541945,0.5414450200078973,-0.23340867216888914,-0.10906972865433222,-0.13877168108677806,-0.9210396643113209,-0.2447087282028593,0.13367911893146267,0.07141838947766961,-0.16934858173985703,-0.1715815799277743,-0.615237033186888,0.1353647593590348,0.1934234512279659,-0.23154823876953537,-0.2418923788940306,-0.27170055766704176,0.1696283202420961,0.30693562278348896,-0.2812697875180896,-0.21850688148163136,-0.09150850992942573
1.2654522593970752,-1.9662510316698931,0.47375486491338337,-1.6206374684351004,-3.981282020748392,-1.5226832341579961,5.330209800623058,0.19842175066919218,0.9991071226143889,3.6260343265137114,-0.9258715131444658,-2.752283805145757,2.104964061189944,-3.158859468320235,0.1840152850893827,1.5440687073885624,2.3469608008518383,-0.050841283426815063,0.690358748588493,-5.671783239847794,-0.7122023428257667,-1.23903371859126,-5.064039166983464,1.2619024267408545,0.08935281695975185,1.5930807659246036,4.346532668186559,-0.1808011357516864,4.278244104264124,-0.6067737535157252,-2.085621194032644,3.866634554245948,0.6257115822119047,0.4977826364506633,-0.8101916889395196,-0.10446941465068861,-2.5106045065614535,-2.127578756731997,-2.8696395555769754,5.047166636438152,-1.7249875276270263,0.6117989050118245,-3.5967643715581636,2.3479223189260416,1.2355775375664042,1.984264928107612,2.1995921018706706,3.239828979915086,-1.7981138340347886,-0.8154712314801572,1.8520842150044576,-0.9806944860974594,-4.2913602912385755,4.381936826214923,1.193440485992421,-0.31123770599896733
4.32023743729062,-5.567650981512493,1.4402916722179027,-5.139658330563372,-12.196715057865482,-5.019273221462559,14.319208518745928,0.49858176256650855,2.9704223204999396,9.696883649478266,-2.9855139410510594,-7.850661411868504,5.662154075123974,-8.670927988760335,0.36459093484679533,5.236568828416172,7.5302100253167605,0.23761781662730766,1.2121994046191482,-17.291979716995286,-2.0206174493620668,-4.6632838368229335,-14.68546519326349,3.819090728529254,-0.08751670632306804,4.346532668186559,12.715686373018801,-1.3709357508530475,13.445199801333118,-1.7609307056676016,-6.443173514568238,12.614571747948718,0.9985079170656238,2.043298788564602,-2.01151244433599,-1.6762568314709987,-6.591015046088233,-5.844223465140778,-7.882457451709501,16.85558822717309,-4.338226980506528,1.4207615635700566,-10.534623154848585,7.172215114690036,3.983655855256126,7.287635393410777,5.988029440166469,8.81351084875877,-4.5637119768476335,-1.721566495088716,6.014943729079301,-3.2476812409299116,-13.120123354037915,13.313721704276386,3.9843226640237877,-0.6576616906201382
-1.0491641469420683,0.42509033590919687,-0.20145154707854404,0.9335584368720966,1.8174806925391913,1.0796593839239308,-0.3669067885406725,0.02001571049259859,-0.37097767598519304,-0.20498570366276864,0.5643064045857042,0.6503763636304808,-0.14192428875996105,0.39963546715616255,0.13197048480944598,-1.2428564811052272,-1.4080260497778345,-0.3886091177849178,0.6185678394549569,2.51345116158957,0.17682276362088653,1.4666865321322429,1.466072527384243,-0.5206236639891891,0.3382715728273925,-0.1808011357516864,-1.3709357508530475,0.9364945195475749,-2.3113618614080513,0.16717846908646858,1.0127819394377449,-2.547553435236594,0.662197360944897,-0.7651063152331917,-0.13240436328032407,1.4460912718607677,0.036692367587445776,0.2737168672971895,0.3840747431605917,-3.750074013157734,-0.1900348328371639,0.19013843396137026,1.1378229620863018,-1.0611056083263282,-0.7750713260134877,-2.1453666466613632,-0.2248067005614987,-0.3371373665340277,-0.141004870854071,-0.42335744553475374,-1.199709061827039,0.7018728772779783,1.9356921722594622,-1.8920665336997846,-0.8871138626408396,-0.15963720937720255
5.185549616778459,-5.65742079064628,1.6000082999164105,-5.830114238196778,-13.48568645850286,-5.867728861773721,13.726135567061116,0.41922299981122413,3.1936185442167773,9.249349075501257,-3.5143124868817956,-8.097265585952353,5.482368572613816,-8.55460108876106,0.21781367957702463,6.245895799188112,8.731102143305852,0.6321874102738564,0.4568260958548574,-19.00421968826917,-2.001026847793931,-5.988418370588926,-15.382386872025265,4.171319949769836,-0.45263787853627013,4.278244104264124,13.445199801333118,-2.3113618614080513,15.229092151806878,-1.834451670150347,-7.131044744848076,14.733479077177245,0.15350918384581796,2.762097646794032,-1.792553281274482,-3.3317292171526476,-6.124362706986633,-5.771232333976476,-7.780854507330574,20.026078157196565,-3.8239734976954343,1.1083817232338917,-11.129924350357857,7.871855481440223,4.599146750125398,9.288704675614706,5.851678743777488,8.65298031509988,-4.059613559363482,-1.097280625690325,7.0126446591391565,-3.851868282032595,-14.462135447990402,14.580702184519236,4.741333030685334,-0.43122181963631545
-0.5808561938372091,0.7819369877920025,-0.1980860687331383,0.6991821127338469,1.6774493735384315,0.6766280839111666,-2.0212474251576027,-0.07256720733741882,-0.40609794770780117,-1.3688335177663755,0.4064978697920074,1.0967121921570486,-0.7991683731601186,1.220109813956417,-0.058368682828342906,-0.7066454838335414,-1.0285438888742808,-0.023448844844595147,-0.18579723283558003,2.378310193870277,0.2800557380081974,0.6231300142039484,2.0366330611638084,-0.5305876875889298,9.806211100367172e-4,-0.6067737535157252,-1.7609307056676016,0.16717846908646858,-1.834451670150347,0.25083422002358274,0.8874173557217594,-1.722117336244346,-0.1617194747957185,-0.27002226409856767,0.29152137559691726,0.18702771349263436,0.9242327557041385,0.8221245386864929,1.1009921219702683,-2.2836319879118516,0.6211818382270484,-0.20739813925958153,1.4662333161680892,-0.9856106261135469,-0.5408359417640554,-0.9773430200093701,-0.8452183478940516,-1.2319217187504474,0.6464521926636378,0.2544365043721357,-0.8160530123758702,0.437586785021187,1.8051445091498544,-1.8341340080630812,-0.5378862315043288,0.0955322142418541
-2.4323171204145644,2.7686725103004544,-0.7378071990082777,2.763969553516119,6.36893418320998,2.7702292364668017,-6.834057541086059,-0.23421193009987162,-1.5250365523665965,-4.609198893981982,1.5739853422804002,3.8966310115475973,-2.678255416504983,4.191411826579993,-0.10978220097174383,-2.9402189518503308,-4.011216861971277,-0.2737120460196093,-0.31246496709335025,9.021069578240663,1.0428050944953178,2.7526875843087417,7.40080459219384,-1.9762815918475942,0.1763128030727453,-2.085621194032644,-6.443173514568238,1.0127819394377449,-7.131044744848076,0.8874173557217594,3.407522471816517,-6.837472637236833,-0.21996593342109189,-1.2536385370518355,0.8612208334064245,1.2853860843186364,3.106957835179007,2.8263108542956186,3.822131462047335,-9.287362400437852,1.951372090357841,-0.5891210613704979,5.347096972054035,-3.7612701294701694,-2.153586936333298,-4.206390181718688,-2.8742657959156066,-4.213803175411829,2.084598188656466,0.6485043255649731,-3.2499329517002753,1.773277038496524,6.85231123210487,-6.930736426481812,-2.191951542393569,0.2433954073667147
5.133950185402473,-5.216243406328147,1.5370520011395938,-5.638828741781817,-12.921162774837288,-5.743311279444779,12.255073862866222,0.34648552796208804,3.0115070651804308,8.233411311472942,-3.461884733574557,-7.51631506984491,4.925812508144222,-7.762254412819374,0.138574362903994,6.171224165145573,8.545321172134724,0.7615815696122167,0.057606777443299576,-18.152805889408462,-1.8086334902382915,-6.0946176786017805,-14.365776419963732,3.9836820022838904,-0.5798543554822665,3.866634554245948,12.614571747948718,-2.547553435236594,14.733479077177245,-1.722117336244346,-6.837472637236833,14.464544391094917,-0.25506804708011876,2.862020602686195,-1.5447169464976733,-3.8073119794607746,-5.349311556336341,-5.238971116032529,-7.044687924700041,19.776001950657612,-3.251787897687456,0.866740615538264,-10.453060547298046,7.511632890275589,4.483901842106479,9.434003563385277,5.285597301483746,7.812500347357489,-3.458160136267996,-0.7036296102974514,6.868291573862683,-3.7960681860757304,-13.836278762673707,13.909061960753016,4.681630133235209,-0.28249062742423403
-0.212872190017156,-0.6403789732626972,0.04494218807574405,-0.05002878027218941,-0.43171113884265905,0.10684548566577838,2.3841590892492146,0.13473525466079797,0.18656849507382647,1.6557957675609414,0.08261685932386406,-0.798254513425279,0.8952407098464816,-1.2277339707426758,0.17828688443049356,-0.22303935605906042,-0.09310718399588344,-0.3222939863609088,0.8326603944683587,-0.7142641562649958,-0.2775552498153981,0.5793909776823267,-1.282865782746154,0.180383093801797,0.3147094595722644,0.6257115822119047,0.9985079170656238,0.662197360944897,0.15350918384581796,-0.1617194747957185,-0.21996593342109189,-0.25506804708011876,0.8828319321631588,-0.3771123577995032,-0.45731137001356403,1.2553959235836694,-1.2707933646814995,-0.8227732731005563,-1.1132349816330143,-0.6435935005569977,-1.0209616633525225,0.46289684115725827,-0.8338164622431818,0.30493755404574974,-0.03237142337883907,-0.8406595427974515,0.8978137935109362,1.2884462162562753,-1.041373795275143,-0.7800021465918497,-0.10931700836857108,0.11710577767046795,-0.5036963127273815,0.5954061251668415,-0.15839883992048437,-0.2879556648539021
1.0945518868855377,-0.7723258923140122,0.26621197326510393,-1.0851962425504809,-2.312383293177719,-1.1740224911385084,1.4763022087228566,0.027017237468470307,0.5100660081232179,0.9693145351910685,-0.6571345146523803,-1.129156064929901,0.5875795724263453,-1.0222785967233723,-0.05642085938762087,1.3070214490443657,1.6357460623965694,0.28759794092648056,-0.32507039892393375,-3.229106592183391,-0.2861089755271146,-1.4180037953186133,-2.2766680412163964,0.6925107782140973,-0.24019502318355337,0.4977826364506633,2.043298788564602,-0.7651063152331917,2.762097646794032,-0.27002226409856767,-1.2536385370518355,2.862020602686195,-0.3771123577995032,0.7068762846766905,-0.08839213947712664,-1.1582965424129925,-0.5780781163972408,-0.692138359736653,-0.938076079180758,4.055532330490879,-0.23862559097252872,-0.010422228318917199,-1.6965133391573282,1.3487055837468507,0.87954774328208285,2.1241097092408707,0.6713070545760913,0.9902588567410979,-0.28629363730252144,0.1507564134772483,1.3520711897560804,-0.7674083123036167,-2.471800488133632,2.4568402835593957,0.958935546387408,0.055566661185627454
-0.41067017452523036,0.9361895469361315,-0.22590954378409617,0.6305082021429866,1.7370367651213983,0.533824789239034,-2.7001776422294306,-0.0935623395602537,-0.442695460074347,-1.8480054218054132,0.42943402030002903,1.3388872935206784,-1.1095130032413598,1.591522088249235,-0.14935163158209944,-0.5062832097556982,-1.011180622809785,0.13332657938779463,-0.5164604307458538,2.457318137871096,0.2739554612657084,0.31770458714300115,2.3624883129736283,-0.5694905807481316,-0.13249509101541945,-0.8101916889395196,-2.01151244433599,-0.13240436328032407,-1.792553281274482,0.29152137559691726,0.8612208334064245,-1.5447169464976733,-0.45731137001356403,-0.08839213947712664,0.5080413284375683,-0.17883227250487252,1.2595608220418864,1.0711075549663795,1.4188817315543731,-1.8780258119602675,0.9477815307750452,-0.3643082492254233,1.663345420361293,-0.9892582483742359,-0.48294112713430015,-0.623983005595664,-1.1225398900293762,-1.6635364679126508,0.9477264508993312,0.5007414754815002,-0.7416408458124178,0.37978620297952276,1.8609607150366088,-1.9094895267423517,-0.4469400560765062,0.1958954330331495
-1.4560162704151571,0.35622400716879354,-0.3300567493565935,1.2396951192644352,2.512654825305141,1.457274280522754,0.32098505815318873,0.12084765368425195,-0.46746417120132916,0.282784969406336,1.0122607459142783,0.7450260833521465,-0.012302277415191803,0.2112091442809488,0.17947673779971027,-1.698285664764934,-2.239613796172952,-0.5744252421370463,1.0565904494568066,3.3471830686664727,-0.024140446971428333,2.170448000447911,1.7045019668840187,-0.7116500661813361,0.5414450200078973,-0.10446941465068861,-1.6762568314709987,1.4460912718607677,-3.3317292171526476,0.18702771349263436,1.2853860843186364,-3.8073119794607746,1.2553959235836694,-1.1582965424129925,-0.17883227250487252,2.692120466254485,-0.4789355864626184,0.15102768196004837,0.18163411454893594,-5.5483869440091835,-0.594112017278305,0.4102613770324223,1.3616312102489805,-1.3416612426702452,-1.1031043679506953,-3.3812786228311533,-0.06321885622812336,-0.18942431276176752,-0.5969988817756389,-0.8925452089814184,-1.8023937569873327,1.0762557113686033,2.613884131061896,-2.4969743233583905,-1.3301488429778354,-0.31275876154020693
