V1,V2,V3,V4,V5,V6,V7,V8,V9,V10,V11,V12,V13,V14,V15,V16,V17,V18,V19,V20,V21,V22,V23,V24,V25,V26,V27,V28,V29,V30,V31,V32,V33,V34,V35,V36,V37,V38,V39,V40,V41,V42,V43,V44,V45,V46,V47,V48,V49,V50,V51,V52,V53,V54,V55,V56
1.043569035838033,-0.6855008969321568,0.235858482340977,-1.0166096354034913,-2.111848480529635,-1.1146510104285203,1.2546878653165816,0.02418903049532775,0.4670837847074183,0.8187436391382402,-0.5863220174140225,-0.9916674531853493,0.4831308949619759,-0.8765957794594252,-0.07341874842896061,1.2450750834653759,1.4892604345212177,0.29548857370598375,-0.3559704611579193,-2.957971001425219,-0.28030500785090945,-1.3575522677199023,-2.0419947875766438,0.6255640062734099,-0.2473530380823338,0.42456525018958674,1.8372623040361868,-0.7592664238501248,2.5431922235578384,-0.23708974960289794,-1.1622173920130496,2.646919739615518,-0.39252632428522766,0.6806463429077716,-0.03240883041916433,-1.11136932812103,-0.49566194067326047,-0.5937037786183103,-0.8172332146869098,3.792447985225786,-0.16692277901925098,-0.03576281747877357,-1.5237341471479033,1.246084631830716,0.819782127329157,2.000075626656358,0.5684443415021196,0.8380620213804373,-0.2240687056005481,0.17343454066589306,1.252227017167954,-0.7137863585239188,-2.2620802472923627,2.2470273548773494,0.8961590687332696,0.06660834442810375
-0.6855008969321568,1.2242472581563,-0.2643574321258125,0.9243418917940163,2.2961542361566014,0.8467902176160527,-3.414863756756791,-0.14316876153099603,-0.5878729489338081,-2.3263245371155423,0.476712871515971,1.6720823267075344,-1.3215165534846505,1.980584842706134,-0.12755948462891387,-0.8465146415303302,-1.2692982433103583,0.07179010371797655,-0.5149071925971924,3.3002698631081104,0.4734377273399708,0.6118842240443241,3.0525520553329355,-0.7381889787058179,-0.10066595057975969,-0.9901400893096952,-2.5995322164912893,-2.0711485623262408e-4,-2.4039720561761673,0.37392558942128956,1.2221283164894892,-2.113140461340252,-0.5101234846132381,-0.222699448692465,0.5132820629257274,-0.20394584825728243,1.6370196344202579,1.3329657901389886,1.797244384904915,-2.7151283512240045,1.144601483123941,-0.42270186847023944,2.16394697572847,-1.377831164478757,-0.6860886823871041,-0.9615845181062896,-1.3868414103903477,-2.013499217338891,1.1934568864073272,0.5969958037523737,-1.0071018432086392,0.5202249549752485,2.488962430536953,-2.559729059054688,-0.6367183634123961,0.2212015297419525
0.235858482340977,-0.2643574321258125,0.0846538965599492,-0.2700044532129616,-0.6559274412903642,-0.26667833032100274,0.6393187818403743,0.01316684112123231,0.15184594531954942,0.4316381440683253,-0.1943541838099806,-0.39688641607270414,0.27305344557149996,-0.41142158443192706,0.01903559562033896,0.28234606576360144,0.4490550621110641,0.020864671407548843,0.029826882878620474,-0.911121437555468,-0.06928219135836207,-0.27772384234747666,-0.7379032368553883,0.2045333672965211,-0.01718682742217252,0.2088328717375699,0.6483402904942327,-0.10078785027408631,0.7438671765003506,-0.08883390502504569,-0.3310025993519515,0.7252593885714184,-4.727983504397095e-4,0.1282594296128166,-0.10593757591685005,-0.19608529364353677,-0.27026361143575184,-0.27774317740405663,-0.3672150704249825,0.9678743182895179,-0.1799406678485969,0.0525431966440737,-0.5342618873841405,0.36769662691799976,0.21989445733569268,0.46011669785738823,0.28234392346936993,0.4258593177645851,-0.1812051707709994,-0.04349730737656581,0.3457747521446314,-0.19086447010942295,-0.6967303572838155,0.6986074894956351,0.2309514317205115,-0.020106736616547827
-1.0166096354034913,0.9243418917940163,-0.2700044532129616,1.0781585248057017,2.371065419689402,1.1253023893036063,-2.086595694545043,-0.06351070117751341,-0.5522817179278938,-1.395139815133961,0.6124642090947627,1.3127493284909715,-0.8110803554802102,1.3260603650176934,0.012059169948078695,-1.2214048335971321,-1.562325410389154,-0.1961876193876538,0.09271894601056122,3.346220979344452,0.3628596273589462,1.2282595203691136,2.570709179095232,-0.7200352976193977,0.1527196825534573,-0.6567705257942201,-2.2647114609478503,0.572284473141811,-2.7389987140244876,0.301917252161519,1.284003341631739,-2.7150952785327562,0.1296176510208633,-0.5881711786954458,0.20133015249887512,0.7906467926258434,0.9205443069874014,0.8955779275586191,1.2216088629377329,-3.7837192770431036,0.507901127292384,-0.11400240027586032,1.8761731332743377,-1.4024720653027067,-0.8517684766972862,-1.8391695588248962,-0.8941019208991194,-1.3167828882071173,0.56726443514341,0.0665872785719944,-1.290056805041497,0.7183634016019522,2.5476765954186265,-2.558584150547823,-0.8940542733920874,0.025196290301648543
-2.111848480529635,2.2961542361566014,-0.6559274412903642,2.371065419689402,5.500005195172262,2.3859058817136223,-5.550536302668638,-0.1655731472457486,-1.297077408837155,-3.7392073885160872,1.4484664982222948,3.295550630302975,-2.227468385141313,3.4713471515743053,-0.09228168682032195,-2.5426599856075325,-3.580392997569297,-0.2590158377284666,-0.17436419975548642,7.740648608296986,0.7969867865850129,2.450045318364304,6.252363547584307,-1.703602799109649,0.18718844785528213,-1.7342818185667623,-5.468920002122378,0.9485789047992551,-6.214644759834745,0.7492669625001446,2.9019251860415203,-6.02888240051296,-0.043948639284480416,-1.131744266209902,0.7355829257340651,1.394591067518919,2.4601405309677493,2.3418486116068946,3.1497114788130176,-8.186044805488804,1.5415688597012112,-0.44421275762202556,4.529699318891284,-3.200896623722711,-1.8753392157963964,-3.8143874596075023,-2.3743901173569886,-3.5098380698791427,1.6291281512813682,0.42851598759798815,-2.8667577436152016,1.5752858055391492,5.893770285834441,-5.938722399336049,-1.9381639694187764,0.1689153912180893
-1.1146510104285203,0.8467902176160527,-0.26667833032100274,1.1253023893036063,2.3859058817136223,1.2096264294374826,-1.7339639640884532,-0.04583691306184375,-0.5428614663661215,-1.1469836068372432,0.6340582316105969,1.209132530279801,-0.6653970908565935,1.1463044799665674,0.054775817271130046,-1.333884333178135,-1.6243379829772688,-0.2753628410456417,0.264323062650896,3.358213840182455,0.34827901295846847,1.402864856687708,2.4377097364687526,-0.7129739518476534,0.22487367100298936,-0.5624705269608811,-2.1700661180762952,0.734765276336579,-2.821298358787762,0.28236120337337445,1.3079560332868205,-2.8691914708157404,0.3000980741739379,-0.6905593671132263,0.1043891786228384,1.0398741655398072,0.7371336720848906,0.7752075381026927,1.0666884057907293,-4.071367801068747,0.33573829247205456,-0.029814622264855,1.7973185077988778,-1.414730260310008,-0.8969229066510012,-2.0709428821158107,-0.7582376172632543,-1.1181605519073632,0.4031733380443839,-0.07358225566359348,-1.361411524483138,0.7684790382392302,2.561447796224043,-2.558258150365538,-0.9620385830615905,-0.02885457875961834
1.2546878653165816,-3.414863756756791,0.6393187818403743,-2.086595694545043,-5.550536302668638,-1.7339639640884532,10.23400961832531,0.46222581811252783,1.5136705566881201,7.010962351577597,-0.973208608066132,-4.596766328983078,3.9425625260436874,-5.764191943658631,0.4874380912049488,1.5909002773455547,2.703360825326977,-0.5375298762708514,2.1030084130949076,-8.078317345701258,-1.3423816712229266,-0.6636107251569274,-8.19259016678024,1.8268694836834913,0.5838386347944243,2.9067526201064973,6.870447808489474,0.77010534072496,5.480110106246318,-0.9985298945269624,-2.926414722194057,4.353642185143085,2.1297827996650844,0.047884028737346124,-1.6656124478610068,1.850898750729471,-5.059514388509527,-3.875570652511049,-5.2372662411743445,5.22994407240823,-3.6878012858804796,1.4607153084388433,-5.70772262741771,3.3735825006728986,1.4729914333218457,1.1468311785003489,4.078681054139084,5.931022508753959,-3.820062172154712,-2.206386535659191,2.0988896448666305,-1.0179104330540167,-6.052197564661572,6.309959053491431,1.2224780995888118,-0.8208914790981863
0.02418903049532775,-0.14316876153099603,0.01316684112123231,-0.06351070117751341,-0.1655731472457486,-0.04583691306184375,0.46222581811252783,0.02840820475977021,0.052651940728658704,0.31736397636304436,0.003311850680465949,-0.17246978124527515,0.16178528354752694,-0.2416310009091262,0.019753403692289694,0.03596173938904282,0.03580835825162151,-0.031515836099718426,0.1120848179243172,-0.2588821284693468,-0.07701874208100035,0.0212428813224181,-0.3065293545801897,0.056990638789326184,0.03689639892701958,0.11909143989890629,0.24831221636719697,0.0640403890453246,0.1373373828329735,-0.03842643119239827,-0.09976198109760083,0.0744544993301181,0.13064254219880006,-0.024676567226367248,-0.06246474155181408,0.17775031020952137,-0.24506771942570255,-0.16222166260859588,-0.22350939483464036,0.07327683584640274,-0.17662743573414572,0.07423588113624423,-0.21007744360642525,0.11641320518629038,0.03468252221355328,-0.04918997991909142,0.17304428728789248,0.24103216508434436,-0.18873627932550574,-0.12477143498832996,0.035472826378935854,-0.010528119434762053,-0.1890478271864139,0.2059840204515838,0.014626067570367171,-0.04410909675828679
0.4670837847074183,-0.5878729489338081,0.15184594531954942,-0.5522817179278938,-1.297077408837155,-0.5428614663661215,1.5136705566881201,0.052651940728658704,0.3193173859040376,1.025343979583409,-0.31411253226778757,-0.8284728379830212,0.5953881162717364,-0.9147904253841175,0.03399221871461519,0.564642949317727,0.7971837981551936,0.0294730868065575,0.12376560895113337,-1.8419628356599198,-0.22053087740399605,-0.5017153023476033,-1.5605014847995549,0.4029297091699155,-0.014391810403621448,0.46119839330134643,1.3509361689403836,-0.15385312436947457,1.435101821489244,-0.1824977445039184,-0.687184470342603,1.340409581455793,0.10054972224258318,0.22004548417914013,-0.20518640286119674,-0.18668817116745312,-0.7056318949892574,-0.616492964904993,-0.838338194138831,1.8023569899139549,-0.4558114859185414,0.14782718557620866,-1.1146810925563018,0.766317807845441,0.4266920547260815,0.7774306069924534,0.6301342168743375,0.9340522897122614,-0.48546265085465395,-0.18085666782627083,0.6427123334080461,-0.3482173807429395,-1.3960829725066985,1.416680568384196,0.42699302189118105,-0.0691440743875983
0.8187436391382402,-2.3263245371155423,0.4316381440683253,-1.395139815133961,-3.7392073885160872,-1.1469836068372432,7.010962351577597,0.31736397636304436,1.025343979583409,4.8051622707127635,-0.6478647130088362,-3.1306472464085373,2.702352563141926,-3.9417977024409097,0.3401274843327402,1.0411745738298195,1.8020385928121012,-0.38567250643221035,1.4703806092585092,-5.446612454828288,-0.9128056797070772,-0.39519390507496993,-5.567618820512769,1.2331217259409217,0.41449067994436395,1.9899564531434228,4.6636314007158175,0.567177499160039,3.6725671525422525,-0.6777967408629249,-1.9673780804025516,2.8874502874413794,1.4881976169697793,0.0013323495905760558,-1.1501776680868492,1.3241951451724083,-3.4728385785462303,-2.650109109397443,-3.5816248809718094,3.4410978444795406,-2.5395853811936298,1.0105307962730443,-3.8726856241465355,2.2733702655150836,0.9806629386438114,0.7013982055749398,2.791333306848,4.06176855617173,-2.6287172494540165,-1.5317166898585346,1.3943746960286498,-0.6718768261535949,-4.078410536454576,4.256792382124591,0.8044619119654548,-0.5705152161546196
-0.5863220174140225,0.476712871515971,-0.1943541838099806,0.6124642090947627,1.4484664982222948,0.6340582316105969,-0.973208608066132,0.003311850680465949,-0.31411253226778757,-0.6478647130088362,0.4917488195362334,0.7646473003030595,-0.4562073195152434,0.7019994595471107,-0.013826607469886645,-0.6934865661022792,-1.0927602429614334,-0.10993964282967202,0.1011518873800491,1.9771349464033348,0.08213339480528337,0.7647131363827778,1.4518666976752592,-0.44365449616981467,0.1036607378121105,-0.35755347850127084,-1.3055060988348968,0.3680415887820314,-1.7155429541903666,0.17431850480099478,0.7187653606117556,-1.763919533516441,0.19463627270664696,-0.3762104475113666,0.16633089939540058,0.7520623017030058,0.34305869919496557,0.47519849423883104,0.616894132373934,-2.4041300182878196,0.20128907676445115,-0.024025598380138735,1.0721165025097912,-0.7867885070590651,-0.5197918423689729,-1.2651787358873117,-0.470627477979954,-0.7294616204052536,0.1916145239693787,-0.07128407062553858,-0.83842542069663,0.4754275890170851,1.5236145124695855,-1.505577331870399,-0.5759561140889272,-0.015199425454222313
-0.9916674531853493,1.6720823267075344,-0.39688641607270414,1.3127493284909715,3.295550630302975,1.209132530279801,-4.596766328983078,-0.17246978124527515,-0.8284728379830212,-3.1306472464085373,0.7646473003030595,2.340409292393799,-1.8246836150733339,2.714435735369811,-0.18045524890420733,-1.2148690791670362,-1.924707526082328,0.08599575600370975,-0.6611064347964813,4.693415020711006,0.5872706212174316,0.9361410481022336,4.2636113616723454,-1.0548351438373706,-0.1149645049695124,-1.3670126130982172,-3.650862342092446,0.06117790723793825,-3.5026934051717857,0.5188848551013149,1.7148961421921396,-3.136983216672746,-0.6059499982777528,-0.3597664187937329,0.7314712820748527,-0.03912656517051003,2.1599482025108916,1.8278635284686078,2.4521350594805673,-4.03693675574622,1.518998869510475,-0.5512995026303473,3.0272826464422136,-1.9353995262641166,-0.9987140619366973,-1.5339248552781346,-1.8971058985002935,-2.785516756468501,1.5670190185754118,0.7442623581843674,-1.4989862550111472,0.7863123943410734,3.551177192674607,-3.6325378209475794,-0.9534744064712418,0.28395654694360006
0.4831308949619759,-1.3215165534846505,0.27305344557149996,-0.8110803554802102,-2.227468385141313,-0.6653970908565935,3.9425625260436874,0.16178528354752694,0.5953881162717364,2.702352563141926,-0.4562073195152434,-1.8246836150733339,1.5623119885510801,-2.2549159790873254,0.2079707000688325,0.6072656628768136,1.1613293324925573,-0.22233670231278532,0.8217766567872588,-3.20438070877029,-0.4609846804216944,-0.2713789440313822,-3.223541712765418,0.7350450045936395,0.2288230449299941,1.1436821160993556,2.714958860431213,0.3009860383365602,2.222348389634455,-0.3944616408680317,-1.1373124931210972,1.8032191942000422,0.7919697335219833,0.026566243341387435,-0.6937485211188598,0.5943599690771406,-1.9114632436847496,-1.516390823298873,-2.0322276666855514,2.1467338177159467,-1.4212614359273568,0.5616145266154595,-2.249324343333117,1.3146368884118103,0.5901716466873648,0.5355056898057556,1.595800316599829,2.341787685373394,-1.4491043503097647,-0.8246802400463329,0.8699239962895732,-0.4286909497711255,-2.4101859791830287,2.4999281720385707,0.5065950625310687,-0.31281283061326653
-0.8765957794594252,1.980584842706134,-0.41142158443192706,1.3260603650176934,3.4713471515743053,1.1463044799665674,-5.764191943658631,-0.2416310009091262,-0.9147904253841175,-3.9417977024409097,0.7019994595471107,2.714435735369811,-2.2549159790873254,3.3067733167087514,-0.26576295820390555,-1.0929705211856469,-1.840126404234428,0.24527455837481726,-1.0747261429866497,4.999881773535605,0.7332350395062333,0.6322840335864341,4.865487195884909,-1.1318534017393247,-0.2713889000350724,-1.667849940377063,-4.11358570843874,-0.27342926792099204,-3.5319311331543606,0.5939402467691243,1.8108926209703373,-2.9592699468737282,-1.0518743822174514,-0.16368713331078294,0.9471610215558738,-0.6942253534284596,2.792830227043496,2.224393956108958,2.9930450070862613,-3.6550473282506046,2.0228257121520516,-0.7807459265960337,3.4142651271720896,-2.071292742054115,-0.9697786902961825,-1.078696991276569,-2.3305044619402415,-3.404349676814778,2.0852613838414613,1.1368910533888346,-1.4208670244718575,0.7144312310549166,3.7626708260866564,-3.8913988777772968,-0.8594459575723229,0.42699456433633787
-0.07341874842896061,-0.12755948462891387,0.01903559562033896,0.012059169948078695,-0.09228168682032195,0.054775817271130046,0.4874380912049488,0.019753403692289694,0.03399221871461519,0.3401274843327402,-0.013826607469886645,-0.18045524890420733,0.2079707000688325,-0.26576295820390555,0.05387503847412649,-0.08346224525799294,0.011841546464180753,-0.08585656374876041,0.1949667333508454,-0.13321677571802684,-0.020279376641211624,0.1494713293193897,-0.2646225302690774,0.043516530562945056,0.07742505610521866,0.1369516861388205,0.20872133801056325,0.16596362705427206,0.030503344839854705,-0.037551639442787964,-0.025869997701067807,-0.04654164318953353,0.18584400783957086,-0.09384370201515771,-0.1299485667047138,0.2370262295562957,-0.23795965786033776,-0.17798931126111536,-0.22736830920806972,-0.15904542518516696,-0.21856763438103838,0.10109179159654226,-0.17427432572287213,0.043094710819210146,-0.01569500965109417,-0.1768761838084649,0.1961618666068258,0.28802924033352123,-0.20566824061353423,-0.1584473097117603,-0.021069021838316066,0.02369309131464242,-0.0979223644680184,0.11285474069907338,-0.03725232898053699,-0.060842996175273355
1.2450750834653759,-0.8465146415303302,0.28234606576360144,-1.2214048335971321,-2.5426599856075325,-1.333884333178135,1.5909002773455547,0.03596173938904282,0.564642949317727,1.0411745738298195,-0.6934865661022792,-1.2148690791670362,0.6072656628768136,-1.0929705211856469,-0.08346224525799294,1.4881894054091258,1.7744495920588577,0.34506003665513413,-0.4003835839054919,-3.568258772218602,-0.351107779736945,-1.6098415564193487,-2.490010483238242,0.7554310537042511,-0.2852337879516854,0.5286657415219779,2.23450405683768,-0.8891151399988473,3.047891647195205,-0.29126146174219825,-1.402707941791618,3.1598289318066572,-0.4371517303542572,0.8047755472257164,-0.05067252858377239,-1.2772509068475266,-0.6403764592236181,-0.7401314798101107,-1.0172969675226697,4.519842783706055,-0.23615016989426474,-0.026328803516558058,-1.8560731355746334,1.5054228009771882,0.9811715661460223,2.3656384249988855,0.7128172354363413,1.044211445812472,-0.306299105274672,0.17882102805909242,1.493476336329201,-0.8488829829313832,-2.7270394993155094,2.7131738773898664,1.0668427246213275,0.06940585098549375
1.4892604345212177,-1.2692982433103583,0.4490550621110641,-1.562325410389154,-3.580392997569297,-1.6243379829772688,2.703360825326977,0.03580835825162151,0.7971837981551936,1.8020385928121012,-1.0927602429614334,-1.924707526082328,1.1613293324925573,-1.840126404234428,0.011841546464180753,1.7744495920588577,2.5595696380449775,0.2867868447799162,-0.21482195854431219,-4.955687634915135,-0.3473808156979965,-1.8863511519754657,-3.7026395088466586,1.094811889411493,-0.24800070802755125,0.9214136461696268,3.301015549954938,-0.898286659448406,4.1954498836598475,-0.44437025817039216,-1.8482205079862664,4.261128348725097,-0.3681882238339049,0.9186356175972578,-0.3623968419936131,-1.5833626984903848,-1.0616715098238783,-1.2442424598493866,-1.648122842133516,5.859664722006642,-0.6031084581931268,0.10309246357889112,-2.72627068747039,2.0175733045367843,1.2860961561718984,2.993831791198705,1.2368443940494458,1.8653314411879631,-0.6240825430465767,0.06744785285984758,2.021270166399146,-1.137269883052771,-3.8003370942204966,3.781086924771061,1.3945261715036312,0.010055381651476696
0.29548857370598375,0.07179010371797655,0.020864671407548843,-0.1961876193876538,-0.2590158377284666,-0.2753628410456417,-0.5375298762708514,-0.031515836099718426,0.0294730868065575,-0.38567250643221035,-0.10993964282967202,0.08599575600370975,-0.22233670231278532,0.24527455837481726,-0.08585656374876041,0.34506003665513413,0.2867868447799162,0.18085923366236523,-0.36526558854484337,-0.3424686430907657,0.004118937792114003,-0.47947686159933744,0.03352350714261611,0.05752844705287395,-0.16147275051458979,-0.1348036812171702,0.01855634614245072,-0.3888667021852002,0.4319233732963801,0.007651742472994621,-0.17038052196783207,0.5878405063428089,-0.3674376201425272,0.2693200845808742,0.17492894568781753,-0.5969172702904693,0.3058633942693306,0.16337511455331213,0.21073489774181828,0.9602096699509772,0.3097102619526364,-0.16364149246562926,-0.01862252745303224,0.1556158742007297,0.17378104788612583,0.6641792918258989,-0.194529951953329,-0.28901707337101146,0.2934651530594649,0.2881556974528846,0.27194528261061524,-0.17231560492283257,-0.2723161989644299,0.2432350325410454,0.22616485630328761,0.11089741150566092
-0.3559704611579193,-0.5149071925971924,0.029826882878620474,0.09271894601056122,-0.17436419975548642,0.264323062650896,2.1030084130949076,0.1120848179243172,0.12376560895113337,1.4703806092585092,0.1011518873800491,-0.6611064347964813,0.8217766567872588,-1.0747261429866497,0.1949667333508454,-0.4003835839054919,-0.21482195854431219,-0.36526558854484337,0.8634332605566561,-0.32556416875222377,-0.18261205584459758,0.7457213194236547,-0.9877339999060079,0.10239091760288542,0.3400776576175414,0.560678305970472,0.7447710855592958,0.7495831317953242,-0.13337512150607078,-0.12316273638236369,-0.04601592363057778,-0.5394716015783652,0.8815452050605068,-0.4567737006789749,-0.4725726000573979,1.2669713244473937,-1.1251388292526556,-0.7197806291275513,-0.9646858379928408,-1.070890775341726,-0.9551229634432413,0.4482089601619778,-0.612203003624298,0.1226348667795151,-0.1316804284172255,-1.0309105815372956,0.7953577309510305,1.1649706729571776,-0.9528120769007948,-0.7557633441008751,-0.23838828474942061,0.1860317327710471,-0.2132632090116552,0.295782723205046,-0.2540460395721484,-0.2856618135562039
-2.957971001425219,3.3002698631081104,-0.911121437555468,3.346220979344452,7.740648608296986,3.358213840182455,-8.078317345701258,-0.2588821284693468,-1.8419628356599198,-5.446612454828288,1.9771349464033348,4.693415020711006,-3.20438070877029,4.999881773535605,-0.13321677571802684,-3.568258772218602,-4.955687634915135,-0.3424686430907657,-0.32556416875222377,10.929625582328704,1.1938020610300164,3.3838808344393887,8.907503262914913,-2.3985058655102574,0.23455240300946228,-2.4963195683748847,-7.7718401377370325,1.272702555300076,-8.70638892537465,1.0649715501029444,4.108783326992745,-8.387082448817146,-0.1738492058234631,-1.5511614519565309,1.0472628265206743,1.7554054903095722,3.6328550068443253,3.37241301818932,4.550846787628957,-11.387634011647371,2.2803649815410005,-0.6755072007952375,6.439659254852148,-4.5372257711592265,-2.626928902914453,-5.2254332821796545,-3.4248984328839125,-5.047857540740423,2.424327026885483,0.7044000211772976,-3.9901253819125717,2.1851154307637937,8.311263317975188,-8.390953505369875,-2.693038692697481,0.27169189316742837
-0.28030500785090945,0.4734377273399708,-0.06928219135836207,0.3628596273589462,0.7969867865850129,0.34827901295846847,-1.3423816712229266,-0.07701874208100035,-0.22053087740399605,-0.9128056797070772,0.08213339480528337,0.5872706212174316,-0.4609846804216944,0.7332350395062333,-0.020279376641211624,-0.351107779736945,-0.3473808156979965,0.004118937792114003,-0.18261205584459758,1.1938020610300164,0.26467319963142416,0.2298376756896959,1.1217522234094353,-0.25012136419077496,-0.02926070349644783,-0.35985932014916483,-0.9413872964551847,0.014440280195586309,-0.816521247548052,0.13142712826132785,0.474540421079736,-0.677838300217792,-0.23174058856198385,-0.08131068191212114,0.12806952668763616,-0.2229534781043475,0.6996293515408393,0.49294282089827507,0.6924184324952977,-0.9202455587521625,0.44650318128016003,-0.16514695602109825,0.7878453070919722,-0.530726229504439,-0.2460464670302025,-0.26625850047026467,-0.5111410879915005,-0.7202677793954624,0.5004264378500544,0.2654549611937962,-0.3244533397895304,0.16258839593131771,0.8874941519070702,-0.9276572085847773,-0.2106048090543206,0.09031821922589837
-1.3575522677199023,0.6118842240443241,-0.27772384234747666,1.2282595203691136,2.450045318364304,1.402864856687708,-0.6636107251569274,0.0212428813224181,-0.5017153023476033,-0.39519390507496993,0.7647131363827778,0.9361410481022336,-0.2713789440313822,0.6322840335864341,0.1494713293193897,-1.6098415564193487,-1.8863511519754657,-0.47947686159933744,0.7457213194236547,3.3838808344393887,0.2298376756896959,1.8875942940205255,2.0430141024943236,-0.7112954870338224,0.41633250823121404,-0.2907797111910974,-1.8976827143735655,1.1752047759005217,-3.0806183413352666,0.2398401518756121,1.3501067789157066,-3.3740636563745796,0.8109260908459112,-0.9792998037064721,-0.11646615569933276,1.8394279566164944,0.12293254534654628,0.431609649391203,0.5895283269772951,-4.918943721527097,-0.17073180203645305,0.21398084226405278,1.5786492319120184,-1.4192109222538922,-1.0211508589363163,-2.789058984056211,-0.37471114788302856,-0.5561947908344521,-0.11795105990124694,-0.5067022562042173,-1.5863310682635203,0.9232459997676256,2.6066162711748495,-2.552904312613983,-1.1634291488010304,-0.1901102159329721
-2.0419947875766438,3.0525520553329355,-0.7379032368553883,2.570709179095232,6.252363547584307,2.4377097364687526,-8.19259016678024,-0.3065293545801897,-1.5605014847995549,-5.567618820512769,1.4518666976752592,4.2636113616723454,-3.223541712765418,4.865487195884909,-0.2646225302690774,-2.490010483238242,-3.7026395088466586,0.03352350714261611,-0.9877339999060079,8.907503262914913,1.1217522234094353,2.0430141024943236,7.876384374376319,-1.977739453277356,-0.1019852856625877,-2.446481096551092,-6.7692933955528565,0.3728241234431908,-6.74733395293199,0.9461950319541785,3.2931532246111677,-6.145148874633865,-0.8979423653184564,-0.8383495540761011,1.213681021506384,0.2699022055905427,3.8492022331012734,3.2772653440000523,4.422028024110654,-8.06891790403133,2.61994621240891,-0.9171253206212643,5.607918081097285,-3.6955107744424103,-1.96188979969109,-3.2323313743038717,-3.3828739150844185,-4.970703911133221,2.7397086418451044,1.210012039610565,-2.9378626785902635,1.560408870408215,6.741517681212113,-6.878353037727245,-1.9056817794100622,0.4590935046617647
0.6255640062734099,-0.7381889787058179,0.2045333672965211,-0.7200352976193977,-1.703602799109649,-0.7129739518476534,1.8268694836834913,0.056990638789326184,0.4029297091699155,1.2331217259409217,-0.44365449616981467,-1.0548351438373706,0.7350450045936395,-1.1318534017393247,0.043516530562945056,0.7554310537042511,1.094811889411493,0.05752844705287395,0.10239091760288542,-2.3985058655102574,-0.25012136419077496,-0.7112954870338224,-1.977739453277356,0.5337246555355537,-0.036136204610517544,0.5633246255182317,1.7238010547549525,-0.24608316048091677,1.9017407898825538,-0.24193298247573958,-0.8956229851633533,1.8308338752984965,0.06400628871458187,0.32203523363908076,-0.2590317794590842,-0.3549878981255881,-0.8114277054862097,-0.7631024656460846,-1.0197621873524831,2.4576410114031475,-0.5295392213091881,0.16281989727102125,-1.4323308479268235,0.9892284553874394,0.567502315524013,1.1195896331731574,0.7784912765060183,1.1431564104360254,-0.5507200477336012,-0.17266585215265037,0.8678315634744985,-0.47278027847121323,-1.8258087068496331,1.8439538918014864,0.5808245598549003,-0.0663768004723224
-0.2473530380823338,-0.10066595057975969,-0.01718682742217252,0.1527196825534573,0.18718844785528213,0.22487367100298936,0.5838386347944243,0.03689639892701958,-0.014391810403621448,0.41449067994436395,0.1036607378121105,-0.1149645049695124,0.2288230449299941,-0.2713889000350724,0.07742505610521866,-0.2852337879516854,-0.24800070802755125,-0.16147275051458979,0.3400776576175414,0.23455240300946228,-0.02926070349644783,0.41633250823121404,-0.1019852856625877,-0.036136204610517544,0.14874047237506555,0.14327113566497277,0.04224339064641093,0.34958999488212217,-0.3467202452929504,-0.017966895792609638,0.11977211993909616,-0.49433767824696995,0.35296351965231004,-0.23676551126656553,-0.16184801963200315,0.5738754020064323,-0.3274435713136783,-0.18116909713907267,-0.23621450456119258,-0.8160680643052441,-0.31221541800912833,0.16026686621433997,-0.03668323532377976,-0.10423103931744468,-0.14231199279350074,-0.5893321391273608,0.2111615059122276,0.30291010338703495,-0.30209252923402374,-0.2820879645089738,-0.23074444734717864,0.14956345039121194,0.19092192234531924,-0.16040562484867052,-0.19408954882481755,-0.10675303632047572
0.42456525018958674,-0.9901400893096952,0.2088328717375699,-0.6567705257942201,-1.7342818185667623,-0.5624705269608811,2.9067526201064973,0.11909143989890629,0.46119839330134643,1.9899564531434228,-0.35755347850127084,-1.3670126130982172,1.1436821160993556,-1.667849940377063,0.1369516861388205,0.5286657415219779,0.9214136461696268,-0.1348036812171702,0.560678305970472,-2.4963195683748847,-0.35985932014916483,-0.2907797111910974,-2.446481096551092,0.5633246255182317,0.14327113566497277,0.8480273735610079,2.0674995236300995,0.15624733483435577,1.7649885894466701,-0.29329237071951825,-0.8948278774112078,1.4615940217227952,0.5393053099785725,0.06804961338374328,-0.4871710212285476,0.3513461081424987,-1.4140469243719989,-1.122187783862609,-1.5136116348799884,1.7964206911699372,-1.0258647515069108,0.3979426659765088,-1.7082464345424908,1.0303977042984074,0.48125463955353204,0.5144743568064714,1.1758697012278159,1.7316987638429033,-1.0579539459087617,-0.5809271342517872,0.7073968033352289,-0.3561874546065653,-1.877933110102085,1.942123887254226,0.424764762448339,-0.22129653132862181
1.8372623040361868,-2.5995322164912893,0.6483402904942327,-2.2647114609478503,-5.468920002122378,-2.1700661180762952,6.870447808489474,0.24831221636719697,1.3509361689403836,4.6636314007158175,-1.3055060988348968,-3.650862342092446,2.714958860431213,-4.11358570843874,0.20872133801056325,2.23450405683768,3.301015549954938,0.01855634614245072,0.7447710855592958,-7.7718401377370325,-0.9413872964551847,-1.8976827143735655,-6.7692933955528565,1.7238010547549525,0.04224339064641093,2.0674995236300995,5.835278964409594,-0.4317027639954133,5.951777678036682,-0.812927050872519,-2.877354605937102,5.485868405722727,0.6534633370649066,0.800854917834068,-1.008066963603632,-0.44652320880339474,-3.1989492758180056,-2.771567357002844,-3.7362737216185287,7.246355373579051,-2.1570172330504063,0.7386780276570752,-4.833189754441354,3.2201872248475927,1.7414927194316492,2.998771204760692,2.853588686465545,4.198935770116461,-2.256430906585091,-0.9452525117273016,2.6202353070638713,-1.401195501528244,-5.888962391141327,5.994563329720863,1.7127301114048736,-0.36074352019845013
-0.7592664238501248,-2.0711485623262408e-4,-0.10078785027408631,0.572284473141811,0.9485789047992551,0.734765276336579,0.77010534072496,0.0640403890453246,-0.15385312436947457,0.567177499160039,0.3680415887820314,0.06117790723793825,0.3009860383365602,-0.27342926792099204,0.16596362705427206,-0.8891151399988473,-0.898286659448406,-0.3888667021852002,0.7495831317953242,1.272702555300076,0.014440280195586309,1.1752047759005217,0.3728241234431908,-0.24608316048091677,0.34958999488212217,0.15624733483435577,-0.4317027639954133,0.8781278643426036,-1.3735489180460474,0.03562757390144359,0.5504917329852093,-1.6920221981020365,0.78501618853719,-0.6447259326280834,-0.2943073534277408,1.4121606849352488,-0.49993483662553717,-0.17956227052068224,-0.22896407856138004,-2.620994244613353,-0.5515895865147584,0.3159450566943237,0.3585250794095454,-0.5437795615024564,-0.5007970401886425,-1.6927271582147752,0.24269656604180573,0.3467840232985529,-0.5214607620581247,-0.590467425158318,-0.7913335436229358,0.48507542296754375,0.9972638608146107,-0.9339659356732819,-0.6210522201445443,-0.22203563303703727
2.5431922235578384,-2.4039720561761673,0.7438671765003506,-2.7389987140244876,-6.214644759834745,-2.821298358787762,5.480110106246318,0.1373373828329735,1.435101821489244,3.6725671525422525,-1.7155429541903666,-3.5026934051717857,2.222348389634455,-3.5319311331543606,0.030503344839854705,3.047891647195205,4.1954498836598475,0.4319233732963801,-0.13337512150607078,-8.70638892537465,-0.816521247548052,-3.0806183413352666,-6.74733395293199,1.9017407898825538,-0.3467202452929504,1.7649885894466701,5.951777678036682,-1.3735489180460474,7.164664710474728,-0.799396823848647,-3.2801977424190625,7.102694723230969,-0.3084284871196649,1.4681551409572675,-0.6644405285329003,-2.1380885518048003,-2.351732427613721,-2.385393580799926,-3.2126541296758044,9.773839614817744,-1.3751395174539396,0.3275454456819212,-4.920140223705897,3.5973727703042613,2.1950332110877686,4.769424077998141,2.391559199093098,3.5613388278898506,-1.4746300280065765,-0.18318539960373612,3.377500903319596,-1.8805288730596421,-6.6439096207474435,6.6588762776595845,2.3181563630977,-0.08248288271028527
-0.23708974960289794,0.37392558942128956,-0.08883390502504569,0.301917252161519,0.7492669625001446,0.28236120337337445,-0.9985298945269624,-0.03842643119239827,-0.1824977445039184,-0.6777967408629249,0.17431850480099478,0.5188848551013149,-0.3944616408680317,0.5939402467691243,-0.037551639442787964,-0.29126146174219825,-0.44437025817039216,0.007651742472994621,-0.12316273638236369,1.0649715501029444,0.13142712826132785,0.2398401518756121,0.9461950319541785,-0.24193298247573958,-0.017966895792609638,-0.29329237071951825,-0.812927050872519,0.03562757390144359,-0.799396823848647,0.12076792730902688,0.39553840704386,-0.737316585703421,-0.11641784163085946,-0.09759777599432203,0.15441326446010667,0.01340742900942127,0.458109394190497,0.39993810673787183,0.5306753946357816,-0.9546911731847554,0.32256190111517596,-0.11442899045944861,0.68123974406016,-0.440350800934825,-0.23090862341806412,-0.3832289340542949,-0.4148060767819536,-0.5972985138563702,0.3300045822939898,0.14906255768348092,-0.3466986509844424,0.1820355983329401,0.8076167217935195,-0.8246906887033989,-0.22357541804735154,0.0551351460628499
-1.1622173920130496,1.2221283164894892,-0.3310025993519515,1.284003341631739,2.9019251860415203,1.3079560332868205,-2.926414722194057,-0.09976198109760083,-0.687184470342603,-1.9673780804025516,0.7187653606117556,1.7148961421921396,-1.1373124931210972,1.8108926209703373,-0.025869997701067807,-1.402707941791618,-1.8482205079862664,-0.17038052196783207,-0.04601592363057778,4.108783326992745,0.474540421079736,1.3501067789157066,3.2931532246111677,-0.8956229851633533,0.11977211993909616,-0.8948278774112078,-2.877354605937102,0.5504917329852093,-3.2801977424190625,0.39553840704386,1.5677795570593094,-3.189149168554663,-0.011794531835521094,-0.6269429440974778,0.3346177469913412,0.7018072466627402,1.3185480020503035,1.221325759378192,1.6549732252097378,-4.37599651569785,0.7969740942225221,-0.2232774144598817,2.391861856475958,-1.720026700188101,-1.002812133578988,-2.0346690850398836,-1.2351407696496803,-1.8029988396708794,0.8626346564995343,0.22200420462152745,-1.512169730529692,0.8300663849859812,3.1230148132092497,-3.1524984437671715,-1.0314110170448685,0.08052614908944844
2.646919739615518,-2.113140461340252,0.7252593885714184,-2.7150952785327562,-6.02888240051296,-2.8691914708157404,4.353642185143085,0.0744544993301181,1.340409581455793,2.8874502874413794,-1.763919533516441,-3.136983216672746,1.8032191942000422,-2.9592699468737282,-0.04654164318953353,3.1598289318066572,4.261128348725097,0.5878405063428089,-0.5394716015783652,-8.387082448817146,-0.677838300217792,-3.3740636563745796,-6.145148874633865,1.8308338752984965,-0.49433767824696995,1.4615940217227952,5.485868405722727,-1.6920221981020365,7.102694723230969,-0.737316585703421,-3.189149168554663,7.2640516008414275,-0.7315393114279269,1.6567684380468786,-0.45679711077963175,-2.7329272776384945,-1.7254928589800316,-2.001342793920134,-2.6756513434670275,10.115536710630286,-0.8909446036030345,0.10761802363149187,-4.546538371881648,3.4581830148505333,2.2128137777166597,5.201105149272888,1.9744575889627936,2.939196275367229,-0.967393170936809,0.1958315583533916,3.436689342208074,-1.9374476066220079,-6.4238199929267985,6.394758262050683,2.398200345951179,0.060873661661800395
-0.39252632428522766,-0.5101234846132381,-4.727983504397095e-4,0.1296176510208633,-0.043948639284480416,0.3000980741739379,2.1297827996650844,0.13064254219880006,0.10054972224258318,1.4881976169697793,0.19463627270664696,-0.6059499982777528,0.7919697335219833,-1.0518743822174514,0.18584400783957086,-0.4371517303542572,-0.3681882238339049,-0.3674376201425272,0.8815452050605068,-0.1738492058234631,-0.23174058856198385,0.8109260908459112,-0.8979423653184564,0.06400628871458187,0.35296351965231004,0.5393053099785725,0.6534633370649066,0.78501618853719,-0.3084284871196649,-0.11641784163085946,-0.011794531835521094,-0.7315393114279269,0.9424629505417993,-0.4919408515746882,-0.4381863824536299,1.4469756576532526,-1.1706563474399954,-0.7037890206032296,-0.9521888591852868,-1.3157004320661463,-0.9768256556539204,0.4625883771655637,-0.5481490464024521,0.08032176216887037,-0.17836998161191325,-1.1910863234384963,0.7819891594285656,1.115820386821563,-0.9900666172398878,-0.8024241602276442,-0.33496642545528,0.2450989465535797,-0.08996196295490695,0.18421098115420914,-0.31765647542196046,-0.29599951120320395
0.6806463429077716,-0.222699448692465,0.1282594296128166,-0.5881711786954458,-1.131744266209902,-0.6905593671132263,0.047884028737346124,-0.024676567226367248,0.22004548417914013,0.0013323495905760558,-0.3762104475113666,-0.3597664187937329,0.026566243341387435,-0.16368713331078294,-0.09384370201515771,0.8047755472257164,0.9186356175972578,0.2693200845808742,-0.4567737006789749,-1.5511614519565309,-0.08131068191212114,-0.9792998037064721,-0.8383495540761011,0.32203523363908076,-0.23676551126656553,0.06804961338374328,0.800854917834068,-0.6447259326280834,1.4681551409572675,-0.09759777599432203,-0.6269429440974778,1.6567684380468786,-0.4919408515746882,0.5175389141145861,0.11074158204434564,-1.0287519550124542,0.08575645655924287,-0.11373977989623604,-0.15635868354936078,2.447977669592921,0.19985861642694167,-0.15633192662836645,-0.6666180556142013,0.6507952529191404,0.49711844991940324,1.4425743381526321,0.07780091555595657,0.11878932939156446,0.17597309601406916,0.33336965949597946,0.7771812616195167,-0.45838031559852194,-1.2000918301009784,1.1640100600597159,0.5793787351090705,0.12408857005575376
-0.03240883041916433,0.5132820629257274,-0.10593757591685005,0.20133015249887512,0.7355829257340651,0.1043891786228384,-1.6656124478610068,-0.06246474155181408,-0.20518640286119674,-1.1501776680868492,0.16633089939540058,0.7314712820748527,-0.6937485211188598,0.9471610215558738,-0.1299485667047138,-0.05067252858377239,-0.3623968419936131,0.17492894568781753,-0.4725726000573979,1.0472628265206743,0.12806952668763616,-0.11646615569933276,1.213681021506384,-0.2590317794590842,-0.16184801963200315,-0.4871710212285476,-1.008066963603632,-0.2943073534277408,-0.6644405285329003,0.15441326446010667,0.3346177469913412,-0.45679711077963175,-0.4381863824536299,0.11074158204434564,0.36747220094716976,-0.4182593668653352,0.7982515993150103,0.6364269970864128,0.8339289165460673,-0.40540066309993544,0.6555081853513863,-0.27779140964991744,0.833211435007848,-0.40681025590038544,-0.14391808634192055,0.05528776642604481,-0.6810319547274016,-1.0093552550615656,0.6395306262632997,0.4131869525792411,-0.22347761475447062,0.09557171842912447,0.7877568873410965,-0.8272586451570024,-0.0979898049692753,0.161120232622312
-1.11136932812103,-0.20394584825728243,-0.19608529364353677,0.7906467926258434,1.394591067518919,1.0398741655398072,1.850898750729471,0.17775031020952137,-0.18668817116745312,1.3241951451724083,0.7520623017030058,-0.03912656517051003,0.5943599690771406,-0.6942253534284596,0.2370262295562957,-1.2772509068475266,-1.5833626984903848,-0.5969172702904693,1.2669713244473937,1.7554054903095722,-0.2229534781043475,1.8394279566164944,0.2699022055905427,-0.3549878981255881,0.5738754020064323,0.3513461081424987,-0.44652320880339474,1.4121606849352488,-2.1380885518048003,0.01340742900942127,0.7018072466627402,-2.7329272776384945,1.4469756576532526,-1.0287519550124542,-0.4182593668653352,2.685712571228776,-1.1980198797459407,-0.458571515323336,-0.6378379260965733,-4.157455199099804,-1.0953147368592537,0.5902169330382698,0.34264176590298884,-0.6843528020965982,-0.7611255474373759,-2.844019994134961,0.5683709152640587,0.7390186306122083,-1.1157947519959521,-1.1337987400801568,-1.288605853715851,0.8056416852107864,1.4094016054204568,-1.265985129082707,-1.0014765767931648,-0.4043229976315279
