V1,V2,V3,V4,V5,V6,V7,V8,V9,V10,V11,V12,V13,V14,V15,V16,V17,V18,V19,V20,V21,V22,V23,V24,V25,V26,V27,V28,V29,V30,V31,V32,V33,V34,V35,V36,V37,V38,V39,V40,V41,V42,V43,V44,V45,V46,V47,V48,V49,V50,V51,V52,V53,V54,V55,V56
6.470507814107393,16.782411695196767,-2.6055775447118776,-1.3470634579598573,-5.913033077199472,-13.830450258741891,7.5731651686100205,10.985604471017885,9.25108451922012,-9.015445723011078,17.719595369397442,15.873925032780301,-2.8905223352393925,15.869099679386954,1.9496162762683813,-3.7247353145568334,2.523807936929667,-6.98610388897809,15.12273946398106,-2.266104116276411,-7.503137961216823,-12.112888811490878,7.873117907916342,2.292711993077807,0.15474247769416793,16.575501986948343,-7.44539307779325,7.470854302046547,7.455838056499727,2.710377912980847,-7.85022254551193,-10.556349429594205,8.201031998270464,2.043296833653194,1.2438826523542181,1.6801638571678081,-2.8058073636640586,-1.8859737328813075,-10.954663502786762,-12.53576894069684,1.5768492553907971,-2.871474394563372,7.299271998593768,2.327283172967719,-8.327985842346015,-6.129268119353189,15.072121677695025,3.5618995805601004,1.4823075409980906,4.205322995365162,3.0962498895274044,-7.631743851251176,4.921510177565561,-3.3943953694979587,3.4812363987723693,3.5893378156029074
16.782411695196767,47.785664254687354,-5.727689167652865,-3.3450186360544873,-16.465166734737416,-37.3485812587188,21.595065955319,31.651325390707736,27.21810107745968,-24.69058911542148,49.13021684419644,44.45330524425532,-6.574193622347585,42.93836523576592,5.303812518793213,-11.364131546011272,8.340298446652898,-18.621303213220788,43.08699464689184,-4.492688975546777,-21.547821607470073,-34.06399043804232,20.144353108157535,4.954446478657583,-1.729357605298101,45.77748945392455,-21.241344379605763,22.735223755671168,23.163460377512102,7.95765534009302,-24.134588173009334,-31.34009927907534,22.413195425865975,5.981650343005595,1.9226600430923286,6.139742050533215,-5.7895513568994525,-4.447928182717955,-30.11446736912388,-34.63208558961445,2.306716379114009,-11.148379799369044,19.74386714269845,8.710042037653663,-21.89155089328949,-16.815521718667785,40.92125859294092,11.152379360358909,4.679511677340927,12.841387139137797,7.4641974107897395,-20.44251908054539,13.78155193843183,-9.954314244132668,11.531636830446137,10.246934683052036
-2.6055775447118776,-5.727689167652865,1.3167557737000233,0.5822098753306681,2.101342080177736,5.242071674381275,-2.579593964130419,-3.661081532575238,-2.938834242726014,3.3107962096138834,-6.3829294128790846,-5.604201011802026,1.4167029369106166,-6.002797060857485,-0.7363999955660882,1.0932265329112425,-0.5814265916218649,2.6978206442600556,-5.182129533241874,1.2726702082578194,2.5000372350385156,4.23870260894315,-3.278714273623589,-1.2100232967250486,-0.5988684920006695,-6.016327494465542,2.5223410979452847,-2.183763692457549,-2.0533278266747246,-0.8701243206047217,2.231653633753649,3.269251407225709,-3.033530105995516,-0.6488517180158032,-0.8224114740332281,-0.21607001627839312,1.5170664291535767,0.8894752810177058,3.9876254718135864,4.527344262424886,-1.090236137286449,0.2330374446979156,-2.7460709097078952,-0.2804875346653374,3.2968665328878006,2.253160304415865,-5.65254199985578,-0.9750529451338984,-0.38972125987612266,-1.2315554118213095,-1.4048181596307163,2.940193874691216,-1.7308285081807633,1.1189980287962513,-0.7732925244961019,-1.2154372700325822
-1.3470634579598573,-3.3450186360544873,0.5822098753306681,0.2864178043787713,1.1901870593026842,2.8338912631417075,-1.5088874580003158,-2.176975421321788,-1.8119508146658694,1.8305177231400436,-3.5811887853303053,-3.1912720338002973,0.6400937392603189,-3.2504133972847113,-0.39953818818203257,0.7170378398302467,-0.4625649599913979,1.4381083642101875,-3.018934677552571,0.5253391235402197,1.4857188551623552,2.4295229471496,-1.657288586638034,-0.5216320571808872,-0.11101404937444602,-3.356652735875754,1.4807548207383618,-1.435465203214547,-1.4136667455897902,-0.5324947059842265,1.4990226334898775,2.05443896413723,-1.6689574851421665,-0.3997034440887591,-0.30577249575922183,-0.2814504238856448,0.6417438300109362,0.4128157992447393,2.2186623962940684,2.534061065467394,-0.3955085306554908,0.4627184690440026,-1.4918864999292514,-0.3890541213365662,1.7264307580376255,1.2454104775408206,-3.079192897040066,-0.6754391366909613,-0.27834905894857775,-0.8091553518593365,-0.6687120459119749,1.5710822698510594,-0.9880236716531139,0.6727512241981459,-0.6325281215972071,-0.7138424268984805
-5.913033077199472,-16.465166734737416,2.101342080177736,1.1901870593026842,5.70519932363758,13.019424931080769,-7.437425760123468,-10.875771211937872,-9.310947325684937,8.586469142164425,-17.028209601896652,-15.373973795263355,2.3861442378553384,-14.957843472049383,-1.8431170494476197,3.8533701179792907,-2.7822779630949044,6.5149988970136885,-14.834067482000318,1.6946537283286274,7.415905808515547,11.770435308097628,-7.106540614311442,-1.8152005250433578,0.4310412710233851,-15.88022721177139,7.318816338100134,-7.721797550449942,-7.83604455745649,-2.7216493213432473,8.180185897355459,10.705178142563655,-7.794558182916624,-2.0512902229672423,-0.7889424163127833,-2.0184386380293162,2.1597812913589416,1.5976352439443688,10.466259999216046,12.02020867461984,-0.9596605423257948,3.615193983233836,-6.884451901987752,-2.8390921848564044,7.682710273916082,5.841985884085731,-14.249042508343175,-3.7609857907061386,-1.5777923898556208,-4.35349112553781,-2.671714878811038,7.137391179263239,-4.768824429368713,3.395811492699992,-3.8530411127901245,-3.5297087498866504
-13.830450258741891,-37.3485812587188,5.242071674381275,2.8338912631417075,13.019424931080769,30.124365113093113,-16.868948363756076,-24.579544143150226,-20.88168877829373,19.718389864126355,-38.99984987121818,-35.078343169393186,5.9070029159975554,-34.608160376566,-4.271414363188979,8.561560084238957,-6.015924866374716,15.116484953985863,-33.709906111033106,4.404803911935372,16.73462661634422,26.811727298508696,-16.801661662229545,-4.633899678730655,0.37365453981964875,-36.42216013269403,16.569509688337757,-17.113776814095893,-17.224940730329752,-6.1205253599110145,18.06154536682449,23.899028185571254,-17.938174259435133,-4.589259030262646,-2.2165930879179907,-4.160843816222385,5.526256837105411,3.9148654804017045,23.98572917504653,27.516285774271136,-2.791300111384893,7.375454970981039,-15.88892538819569,-5.886053536241756,17.924792478578137,13.431505987900678,-32.89341886275236,-8.28383945720345,-3.449458780876921,-9.66992385333863,-6.456307525251097,16.577026607185065,-10.864033165005804,7.705052356741022,-8.270980656370181,-7.992086305651639
7.5731651686100205,21.595065955319,-2.579593964130419,-1.5088874580003158,-7.437425760123468,-16.868948363756076,9.759711233267394,14.306447579337547,12.305298259504282,-11.151002368359364,22.195879217861933,20.084964023014706,-2.9639565098919367,19.395427345153454,2.396773170909606,-5.141516697175714,3.7767949843827995,-8.407533966210764,19.475708868080698,-2.0206304048024766,-9.73673331577603,-15.391393162684139,9.094071085512908,2.2349603840291237,-0.7931992189003916,20.680211471571706,-9.598349025759331,10.282570292187705,10.477675490769252,3.5982584164662312,-10.916502939549533,-14.168437888368542,10.123605630113191,2.703047069509439,0.8588215170919709,2.779655605464782,-2.605388191990996,-2.007063111622901,-13.600254785595467,-15.642487577873847,1.0310725932327909,-5.054251850551438,8.91600385972802,3.9488873353002183,-9.882801520977289,-7.595912247339523,18.483138830716648,5.047289034594133,2.117110979488854,5.809934951813729,3.3670199067937516,-9.232970195423151,6.225836121125714,-4.504752148143338,5.2190004440424484,4.630489766435479
10.985604471017885,31.651325390707736,-3.661081532575238,-2.176975421321788,-10.875771211937872,-24.579544143150226,14.306447579337547,20.99422548587832,18.097279759943248,-16.27595382530584,32.43808582887204,29.385431651095256,-4.225576283904535,28.266083419713688,3.4943836493245324,-7.5879013842652325,5.615904722436729,-12.23361322976875,28.543737692038135,-2.822361348831852,-14.285539916390167,-22.52895432373954,13.165987836400772,3.1608318534837156,-1.3159453942315968,30.209897539572733,-14.071944875508333,15.174046544334692,15.49408557824453,5.290208905073601,-16.125892587330334,-20.858204209701782,14.771768963260659,3.974201833908993,1.1454202154630821,4.171770495023937,-3.662488495763322,-2.874926906778999,-19.85996419147827,-22.85384702621177,1.3565975687304803,-7.617853778452685,12.995245200924057,5.933823308995926,-14.35666625305546,-11.088002935254716,26.94850636549193,7.467507079484087,3.1355079355696933,8.575082503960427,4.838481627900278,-13.44016861522342,9.109493761745195,-6.619077131206233,7.764656119386166,6.7890092469603225
9.25108451922012,27.21810107745968,-2.938834242726014,-1.8119508146658694,-9.310947325684937,-20.88168877829373,12.305298259504282,18.097279759943248,15.669755852883174,-13.880743493721804,27.7303857990071,25.178039099106496,-3.423721314298368,24.02076474411363,2.97072015024331,-6.613240049875634,4.9672642764102175,-10.365987545882497,24.53741371449593,-2.1826867808349233,-12.313431481140654,-19.32196040682725,11.033143058726145,2.510633378737307,-1.3993416907260858,25.80258201118269,-12.109580514864694,13.228274030148071,13.564463673611497,4.576531216134248,-14.086712389335485,-18.099501128502986,12.587657831601213,3.4408441195816293,0.7892720338557863,3.761558070202,-2.8756180214204106,-2.3526703295815934,-16.95476164086038,-19.529531619265004,0.8961061250034511,-6.9171436438939695,11.04964984579418,5.355309743887052,-12.122683324556675,-9.455961686840586,22.925098257681324,6.54045244660286,2.753244723360138,7.474862017775206,3.9906557467320587,-11.393946363469176,7.808011683797322,-5.713585932361677,6.879981887109727,5.842612249161828
-9.015445723011078,-24.69058911542148,3.3107962096138834,1.8305177231400436,8.586469142164425,19.718389864126355,-11.151002368359364,-16.27595382530584,-13.880743493721804,12.96340341405357,-25.66019392843232,-23.12397758186179,3.738834032297378,-22.649394744563956,-2.790368050726088,5.7118326698518596,-4.067589372444192,9.886816824996641,-22.25233402217662,2.7277355647023733,11.098011547621962,17.68965118780749,-10.877682872628245,-2.8816018282330607,0.44237900237657,-23.947635959203126,10.968087003400841,-11.442609368796301,-11.567145411518286,-4.060756466913633,12.09952056748772,15.928554360063224,-11.776091866973799,-3.05795232147564,-1.331752055860096,-2.893346172820878,3.4477130541565875,2.4875322545081375,15.787912352452443,18.118180312636664,-1.6453046968434386,5.142162911673939,-10.41893471471772,-4.065419896122679,11.690568106451924,8.820690421893634,-21.557326117197903,-5.549906850969454,-2.322604169617645,-6.452191948842771,-4.136419842279089,10.828290644808007,-7.170304721652544,5.07735633330639,-5.622946095031382,-5.289462976532443
17.719595369397442,49.13021684419644,-6.3829294128790846,-3.5811887853303053,-17.028209601896652,-38.99984987121818,22.195879217861933,32.43808582887204,27.7303857990071,-25.66019392843232,50.899979722282154,45.92034661073786,-7.252532966178939,44.818467840304585,5.532313746029165,-11.473625369000839,8.247539892545616,-19.5101481335023,44.31428186473398,-5.1948291579999575,-22.088679096063757,-35.144416817734694,21.38933845737006,5.578119057749602,-1.146108089936657,47.48055401323396,-21.820112011554386,22.950692652797166,23.248224762075672,8.116179578552083,-24.29544028180034,-31.839555312634587,23.31580706740479,6.096262964804302,2.44038131711532,5.904350589674371,-6.597903579434982,-4.85295434631275,-31.257233253566724,-35.900739423867066,3.0095920629369206,-10.597325272144118,20.596625965508814,8.357052171577466,-23.03482413540634,-17.474962216716992,42.65897462015851,11.183211547797676,4.6769744445958485,12.962150245308163,8.074417392517853,-21.402196042569265,14.230915795059182,-10.177626922138273,11.378506380389041,10.525121544311803
15.873925032780301,44.45330524425532,-5.604201011802026,-3.1912720338002973,-15.373973795263355,-35.078343169393186,20.084964023014706,29.385431651095256,25.178039099106496,-23.12397758186179,45.92034661073786,41.47433381988327,-6.389849879198801,40.316979791819755,4.97717929154131,-10.452539902356742,7.574374207262627,-17.527462235928926,40.087246668502466,-4.5004407937040325,-20.010382641762057,-31.75699567529213,19.116230025442952,4.875749150478773,-1.2555539614645224,42.81687955013474,-19.75051631143921,20.912376479020672,21.231793146703783,7.365496158758629,-22.16177542776194,-28.942193296097532,21.002399206209645,5.535406620292029,2.0489016282547254,5.485444171958678,-5.745855841959136,-4.292492608448619,-28.182287606166884,-32.38368627167512,2.502118984662836,-9.887475788664954,18.53398416334216,7.767063706909294,-20.660128098867144,-15.746883671605396,38.39449314855453,10.214819034525263,4.278257211025821,11.8096336774719,7.166399051341042,-19.230445183667396,12.855796475430491,-9.224313216217235,10.461421339642333,9.527043784175437
-2.8905223352393925,-6.574193622347585,1.4167029369106166,0.6400937392603189,2.3861442378553384,5.9070029159975554,-2.9639565098919367,-4.225576283904535,-3.423721314298368,3.738834032297378,-7.252532966178939,-6.389849879198801,1.5388438037226222,-6.773110875140425,-0.8353568928351942,1.3036747253885028,-0.737469980144943,3.0218346639054214,-5.9625248542580955,1.3529353417430496,2.873072613979723,4.839926348196166,-3.6440933346197446,-1.314771677623944,-0.5648080833611784,-6.8263527640982264,2.8936005321076452,-2.590158505126171,-2.463854579439098,-1.0148956440062071,2.6625498841108883,3.819744285621921,-3.428169970235496,-0.750544412281344,-0.8480098281085614,-0.31696744839602414,1.6198381443000347,0.975301972589906,4.505651846759171,5.127917912261333,-1.1293190074066475,0.43580998093295825,-3.0900016714410867,-0.44453142103898735,3.679498776011254,2.5506904354411426,-6.378400148111042,-1.1826385355230367,-0.47289904208302896,-1.4693943246422636,-1.5397746162453916,3.307364331335747,-1.9701703265452484,1.3163480910249135,-0.9755977336595351,-1.3952545380353412
15.869099679386954,42.93836523576592,-6.002797060857485,-3.2504133972847113,-14.957843472049383,-34.608160376566,19.395427345153454,28.266083419713688,24.02076474411363,-22.649394744563956,44.818467840304585,40.316979791819755,-6.773110875140425,39.764908866573656,4.911127844565061,-9.859956938198703,6.938008504240443,-17.357456222900627,38.76831129501501,-5.038262806334856,-19.23518001217001,-30.817143567661518,19.29217817711148,5.319047845830485,-0.4612638723837595,41.853572055202946,-19.046181343515418,19.69748169998536,19.829014515485575,7.042630837753776,-20.791167082016337,-27.48957799736561,20.608507178873136,5.2751065354030136,2.5202712077278475,4.795871658830933,-6.323987059543349,-4.4936870427926925,-27.54952608578605,-31.610582266211207,3.178431198170704,-8.523150741002018,18.248625522177623,6.802260241481757,-20.579197400646635,-15.432928610906426,37.79036962748895,9.544716765154229,3.9720917452204727,11.13658066683706,7.40649951161441,-19.0445308965827,12.483297772273161,-8.877868938446722,9.529106773270524,9.187305138464332
1.9496162762683813,5.303812518793213,-0.7363999955660882,-0.39953818818203257,-1.8431170494476197,-4.271414363188979,2.396773170909606,3.4943836493245324,2.97072015024331,-2.790368050726088,5.532313746029165,4.97717929154131,-0.8353568928351942,4.911127844565061,0.6085914444820508,-1.2245703172210092,0.8642166659498565,-2.137764725799671,4.797649468394152,-0.6177113439205582,-2.371941746642772,-3.8043603355258164,2.381641330164769,0.6618037255229697,-0.06425680676085595,5.165747885620643,-2.35012100548824,2.438665413117609,2.4543241847726853,0.8724936684251117,-2.574423912619696,-3.3963902798524024,2.5419716489929463,0.649797133962429,0.30282267113287215,0.5917672135545355,-0.7756703100937544,-0.5563677953320526,-3.3922406286135414,-3.8952099255126273,0.38614132898272435,-1.0630750610116624,2.2484463645491912,0.8505630748622162,-2.5346776767336943,-1.9045018387795831,4.663351962808871,1.1867290237740984,0.4919503285513071,1.3831687353060318,0.9128440015989939,-2.3517510586846413,1.5388891027907807,-1.1082142992199897,1.1801383853524863,1.1340150591881362
-3.7247353145568334,-11.364131546011272,1.0932265329112425,0.7170378398302467,3.8533701179792907,8.561560084238957,-5.141516697175714,-7.5879013842652325,-6.613240049875634,5.7118326698518596,-11.473625369000839,-10.452539902356742,1.3036747253885028,-9.859956938198703,-1.2245703172210092,2.827331752927363,-2.17053114025774,4.224058146050347,-10.259487724948686,0.7580592546711569,5.149208403159928,8.032310614988774,-4.434430950986552,-0.9371434917753408,0.7569989636393217,-10.66113237027935,5.055608798969386,-5.640522767446645,-5.8153273050075365,-1.9324164157956139,6.023772731861531,7.654119323919523,-5.180260680646099,-1.4463533858140014,-0.19634344519632546,-1.6711633348274944,1.0282080685867174,0.9150704183506707,6.983189371454856,8.06127123813517,-0.20156340855334534,3.1250987170323303,-4.527637349217097,-2.406521026157334,4.914820542503892,3.8978517556513097,-9.415916934162565,-2.817350614158714,-1.1857430751276867,-3.1965060475476754,-1.5621040614125064,4.659848556377594,-3.238333001294987,2.423547787154709,-2.998141968204803,-2.4402719039983802
2.523807936929667,8.340298446652898,-0.5814265916218649,-0.4625649599913979,-2.7822779630949044,-6.015924866374716,3.7767949843827995,5.615904722436729,4.9672642764102175,-4.067589372444192,8.247539892545616,7.574374207262627,-0.737469980144943,6.938008504240443,0.8642166659498565,-2.17053114025774,1.7406723419086823,-2.9361104446947626,7.5259410874618435,-0.2993679524611427,-3.8067666044723736,-5.840173434302705,2.953146343055326,0.4745257538470006,-0.8383692236026229,7.638863803839286,-3.7179368113695395,4.329756557630156,4.521187565607487,1.4480981829124728,-4.6529530424524905,-5.787392916453155,3.6799905260788153,1.0847229339529445,-0.06443630388376637,1.4073653559548818,-0.4664147798244147,-0.5478451729667564,-4.990402647866844,-5.7826142994739955,-0.13728330883526788,-2.680655719361132,3.1891374008911733,2.034983843216148,-3.37066381636351,-2.7774314116920498,6.6488166057102696,2.1958298545335153,0.9302159651688895,2.455219504729914,0.9682173519079464,-3.249123614711502,2.348307107892723,-1.8077465891011313,2.4133103133053435,1.7951737912527952
-6.98610388897809,-18.621303213220788,2.6978206442600556,1.4381083642101875,6.5149988970136885,15.116484953985863,-8.407533966210764,-12.23361322976875,-10.365987545882497,9.886816824996641,-19.5101481335023,-17.527462235928926,3.0218346639054214,-17.357456222900627,-2.137764725799671,4.224058146050347,-2.9361104446947626,7.603869307246614,-16.79202274903017,2.291783461137356,8.341532308037381,13.390496320941294,-8.48169787366154,-2.3739521234903713,0.07704508883124057,-18.22977566360401,8.26324696792253,-8.45787324745374,-8.492957476248353,-3.0367302421168603,8.914975889383314,11.856439569437176,-8.991609777494496,-2.2835212916499543,-1.1914186676409222,-2.0143112416071456,2.8630740189934056,1.9914713997660298,12.024131874329195,13.781609361004723,-1.5002655662852058,3.527137855696004,-7.977637268345125,-2.82457693651908,9.030505991476183,6.728228012699136,-16.497167111690814,-4.072516374037762,-1.697089029141268,-4.770343124722612,-3.283145695969905,8.324139370140033,-5.431834021921431,3.810491797286665,-4.0458754509403585,-3.9847632553976
15.12273946398106,43.08699464689184,-5.182129533241874,-3.018934677552571,-14.834067482000318,-33.709906111033106,19.475708868080698,28.543737692038135,24.53741371449593,-22.25233402217662,44.31428186473398,40.087246668502466,-5.9625248542580955,38.76831129501501,4.797649468394152,-10.259487724948686,7.5259410874618435,-16.79202274903017,38.89184760098497,-4.077306329887056,-19.40556585832804,-30.714529874448363,18.213110612479436,4.528619913601665,-1.540321428928196,41.29196609110097,-19.139928120270504,20.49018635989202,20.861944468415782,7.181460308258018,-21.74723704176035,-28.230884239564954,20.215316350470783,5.38099368462093,1.7333573133426403,5.499720614077593,-5.248518664082769,-4.039398640018138,-27.12923955920295,-31.208604416608953,2.103079438165399,-10.027624937599047,17.801373866767957,7.851169602774644,-19.749337949638594,-15.169259006005191,36.92502747915405,10.0675467183227,4.214290774978761,11.593098408262092,6.753983430975042,-18.461013218916626,12.417653226051373,-9.023234843664182,10.372508286909186,9.234868329799436
-2.266104116276411,-4.492688975546777,1.2726702082578194,0.5253391235402197,1.6946537283286274,4.404803911935372,-2.0206304048024766,-2.822361348831852,-2.1826867808349233,2.7277355647023733,-5.1948291579999575,-4.5004407937040325,1.3529353417430496,-5.038262806334856,-0.6177113439205582,0.7580592546711569,-0.2993679524611427,2.291783461137356,-4.077306329887056,1.2784779780485314,1.926481672368779,3.3833941202532563,-2.9042271714126207,-1.1898800114927468,-0.7760194978618522,-4.920658957841416,1.967734091817415,-1.5076958378064234,-1.3348904615493147,-0.651882133060839,1.499457679161596,2.3769271190440207,-2.5109762315142197,-0.48151608435825044,-0.8679632675658016,0.03144782480728073,1.5039431224552133,0.8359729668991367,3.266743826489137,3.690269276752257,-1.1648949492814729,-0.2361543235336006,-2.2967273156295014,0.06786146752415635,2.8408661308006953,1.8578364856388399,-4.71919507822307,-0.6302799899047571,-0.24050456914861515,-0.8522032938363108,-1.2973937481986215,2.49478052017977,-1.3861061744509324,0.8565830677106457,-0.37366411239734293,-0.947912547400044
-7.503137961216823,-21.547821607470073,2.5000372350385156,1.4857188551623552,7.415905808515547,16.73462661634422,-9.73673331577603,-14.285539916390167,-12.313431481140654,11.098011547621962,-22.088679096063757,-20.010382641762057,2.873072613979723,-19.23518001217001,-2.371941746642772,5.149208403159928,-3.8067666044723736,8.341532308037381,-19.40556585832804,1.926481672368779,9.738292638946394,15.342173753817784,-8.957092564666942,-2.130422876982337,0.8838014567995457,-20.572341412296048,9.58766295517505,-10.320077133871091,-10.541840980141924,-3.5948582270716107,10.967527983112522,14.20326536066334,-10.063080677347322,-2.7116974406028023,-0.7979555902816983,-2.848061605581277,2.4999094570163045,1.949173866785372,13.547714922108938,15.581958292037815,-0.9331209236640449,5.168672205103152,-8.859272443419608,-4.018047527803083,9.787529238319085,7.551099140972176,-18.350943037446452,-5.06508423858566,-2.132745254801915,-5.819034751924135,-3.2939532605915547,9.146088506652372,-6.209783914945305,4.472685196959403,-5.284094950345827,-4.624432756590975
-12.112888811490878,-34.06399043804232,4.23870260894315,2.4295229471496,11.770435308097628,26.811727298508696,-15.391393162684139,-22.52895432373954,-19.32196040682725,17.68965118780749,-35.144416817734694,-31.75699567529213,4.839926348196166,-30.817143567661518,-3.8043603355258164,8.032310614988774,-5.840173434302705,13.390496320941294,-30.714529874448363,3.3833941202532563,15.342173753817784,24.321445373265128,-14.570719485549805,-3.6793224736173076,1.0332009089995913,-32.76316502684804,15.13732310028864,-16.072440165360476,-16.333786916490602,-5.651013002111207,17.040511744398064,22.22187615713491,-16.06338530835223,-4.248313837226264,-1.5186262551201284,-4.2505838467321055,4.329905851773193,3.256741238097811,21.564196400178144,24.783499883347787,-1.8453657268334678,7.673850872379184,-14.169436297868618,-6.018277130318813,15.772553225260271,12.045594054631202,-29.35473407643386,-7.858265831617645,-3.293525196206521,-9.075513175973,-5.445893192659586,14.69190945464689,-9.844851524809892,7.072301252760476,-8.07074162691008,-7.301806726983766
7.873117907916342,20.144353108157535,-3.278714273623589,-1.657288586638034,-7.106540614311442,-16.801661662229545,9.094071085512908,13.165987836400772,11.033143058726145,-10.877682872628245,21.38933845737006,19.116230025442952,-3.6440933346197446,19.29217817711148,2.381641330164769,-4.434430950986552,2.953146343055326,-8.48169787366154,18.213110612479436,-2.9042271714126207,-8.957092564666942,-14.570719485549805,9.69259342669057,2.960723196949452,0.3741893188796954,20.02417823168358,-8.914445383397467,8.84536996274686,8.770918679367112,3.2451506864968915,-9.27010745727688,-12.534876533419862,9.921977937917118,2.421653979376962,1.6118265234307685,1.861971103391025,-3.5725213546620638,-2.3753124750938253,-13.19188597272056,-15.097596773914155,2.0884916502359143,-3.190794274373473,8.836322555839626,2.636513664639285,-10.145973873600575,-7.414839819365278,18.279841531791313,4.218907610062463,1.7377714345096844,5.005723609545966,3.8519361839083692,-9.298623828431326,5.911158373852422,-4.125378953610824,4.021213223841824,4.299574391379845
2.292711993077807,4.954446478657583,-1.2100232967250486,-0.5216320571808872,-1.8152005250433578,-4.633899678730655,2.2349603840291237,3.1608318534837156,2.510633378737307,-2.8816018282330607,5.578119057749602,4.875749150478773,-1.314771677623944,5.319047845830485,0.6618037255229697,-0.9371434917753408,0.4745257538470006,-2.3739521234903713,4.528619913601665,-1.1898800114927468,-2.130422876982337,-3.6793224736173076,2.960723196949452,1.1635281198165104,0.6050558755771803,5.264723620743027,-2.1661080993428734,1.8339760156688882,1.690675519474273,0.752476708613125,-1.8604213874465843,-2.757954016896029,2.6590913699180283,0.5421947212276861,0.7600301662360629,0.10490275052925394,-1.4106482429922929,-0.8298263147567846,-3.454586501983697,-3.9277005244761227,1.0352171937170636,-0.08400430157198469,2.4055096063461003,0.1769048763660764,-2.918508303816197,-1.9763296326693895,4.980766429426209,0.8261714669261094,0.3174860279072612,1.0553281443508569,1.2828275477763076,-2.6144541532499725,1.494242538040501,-1.0130897148563827,0.5914409563447849,1.045454938575271
0.15474247769416793,-1.729357605298101,-0.5988684920006695,-0.11101404937444602,0.4310412710233851,0.37365453981964875,-0.7931992189003916,-1.3159453942315968,-1.3993416907260858,0.44237900237657,-1.146108089936657,-1.2555539614645224,-0.5648080833611784,-0.4612638723837595,-0.06425680676085595,0.7569989636393217,-0.8383692236026229,0.07704508883124057,-1.540321428928196,-0.7760194978618522,0.8838014567995457,1.0332009089995913,0.3741893188796954,0.6050558755771803,1.0940934209169149,-0.9796455765917285,0.7979720652385783,-1.5157182536875444,-1.7629188650999472,-0.3957951315542452,1.7195413228822616,1.7562396449047832,-0.3668896072360808,-0.3026948159001053,0.6890861509630798,-0.8852811173227316,-0.8429284218809637,-0.29320186642647805,0.6032499785722453,0.769529176506232,0.9573992768183948,1.8152190244302606,-0.22803011190040998,-1.2935241688344443,-0.0692304472209793,0.3046481507744798,-0.5251585136664778,-0.8681686576443878,-0.38828502711080526,-0.8602466730109465,0.3816052473045157,0.11443221768368496,-0.3968176902192515,0.45941698683409576,-1.1955121018790251,-0.3868231796888153
16.575501986948343,45.77748945392455,-6.016327494465542,-3.356652735875754,-15.88022721177139,-36.42216013269403,20.680211471571706,30.209897539572733,25.80258201118269,-23.947635959203126,47.48055401323396,42.81687955013474,-6.8263527640982264,41.853572055202946,5.165747885620643,-10.66113237027935,7.638863803839286,-18.22977566360401,41.29196609110097,-4.920658957841416,-20.572341412296048,-32.76316502684804,20.02417823168358,5.264723620743027,-0.9796455765917285,44.298337327252234,-20.328527578871146,21.325226512152213,21.582596924290897,7.553122224631687,-22.56509418325507,-29.61349728561604,21.762696917056754,5.672830077758391,2.338705026917673,5.444616506328519,-6.237723413139167,-4.560706246257414,-29.165705690992034,-33.4921134371873,2.89327855206294,-9.75336857394651,19.232666184689805,7.703106850264778,-21.5365748666774,-16.308447838759207,39.829660230037135,10.3803739668153,4.339075395119351,12.043826059124216,7.579204350660445,-19.99523683637465,13.268459462172066,-9.474771991422406,10.535404140713611,9.805487522076385
-7.44539307779325,-21.241344379605763,2.5223410979452847,1.4807548207383618,7.318816338100134,16.569509688337757,-9.598349025759331,-14.071944875508333,-12.109580514864694,10.968087003400841,-21.820112011554386,-19.75051631143921,2.8936005321076452,-19.046181343515418,-2.35012100548824,5.055608798969386,-3.7179368113695395,8.26324696792253,-19.139928120270504,1.967734091817415,9.58766295517505,15.13732310028864,-8.914445383397467,-2.1661080993428734,0.7979720652385783,-20.328527578871146,9.44653237889661,-10.124787765825857,-10.324724267491016,-3.5378802999816368,10.751731657072078,13.953528632498731,-9.951016859293517,-2.6646138446057557,-0.837369431867327,-2.755176251208772,2.541046026890683,1.9581886113763465,13.382326881722985,15.388757083565338,-0.9946537065034836,4.995203471471566,-8.765608685087356,-3.8948274095532414,9.708293040097265,7.46562793520229,-18.15998285540793,-4.964500927764678,-2.0866283787287223,-5.712926082939675,-3.2959588687953603,9.064151431323976,-6.12636333638122,4.412880991320207,-5.151279553695188,-4.556602171138689
7.470854302046547,22.735223755671168,-2.183763692457549,-1.435465203214547,-7.721797550449942,-17.113776814095893,10.282570292187705,15.174046544334692,13.228274030148071,-11.442609368796301,22.950692652797166,20.912376479020672,-2.590158505126171,19.69748169998536,2.438665413117609,-5.640522767446645,4.329756557630156,-8.45787324745374,20.49018635989202,-1.5076958378064234,-10.320077133871091,-16.072440165360476,8.84536996274686,1.8339760156688882,-1.5157182536875444,21.325226512152213,-10.124787765825857,11.282594043637745,11.64119608938408,3.859122940333738,-12.051129810579532,-15.327437842741737,10.36503760838941,2.90298360450799,0.40399049663316416,3.3646826396741703,-2.0482166081837025,-1.8127217127386333,-13.998239545685136,-16.149952668288094,0.398564476630658,-6.252607599531229,9.066034172491781,4.802439197780675,-9.83630316838801,-7.796376075685518,18.828026502088978,5.61969671788788,2.373384026864849,6.37700707534143,3.1143855718919737,-9.307268118388295,6.4876044666528845,-4.806521260317327,6.008365409902571,4.885644602203581
7.455838056499727,23.163460377512102,-2.0533278266747246,-1.4136667455897902,-7.83604455745649,-17.224940730329752,10.477675490769252,15.49408557824453,13.564463673611497,-11.567145411518286,23.248224762075672,21.231793146703783,-2.463854579439098,19.829014515485575,2.4543241847726853,-5.8153273050075365,4.521187565607487,-8.492957476248353,20.861944468415782,-1.3348904615493147,-10.541840980141924,-16.333786916490602,8.770918679367112,1.690675519474273,-1.7629188650999472,21.582596924290897,-10.324724267491016,11.64119608938408,12.058164670366,3.9526270809841084,-12.457148506078054,-15.751990486169067,10.466652150749175,2.978634141885333,0.2542967695197816,3.5745683366676837,-1.861514325622196,-1.7455419255436018,-14.166939082531494,-16.358287858927532,0.18444283528881364,-6.669281957130998,9.13616513689414,5.096426385695783,-9.840331764766027,-7.8784185392883685,18.977628940355864,5.819006480620446,2.464759581759021,6.575612978586474,3.032002933221487,-9.345805977071802,6.5908304048687905,-4.905845078469947,6.2891865797583595,4.982097597998591
2.710377912980847,7.95765534009302,-0.8701243206047217,-0.5324947059842265,-2.7216493213432473,-6.1205253599110145,3.5982584164662312,5.290208905073601,4.576531216134248,-4.060756466913633,8.116179578552083,7.365496158758629,-1.0148956440062071,7.042630837753776,0.8724936684251117,-1.9324164157956139,1.4480981829124728,-3.0367302421168603,7.181460308258018,-0.651882133060839,-3.5948582270716107,-5.651013002111207,3.2451506864968915,0.752476708613125,-0.3957951315542452,7.553122224631687,-3.5378802999816368,3.859122940333738,3.9526270809841084,1.338094704656689,-4.107785579444726,-5.280781987932891,3.6855526544377386,1.0029379618703915,0.238033734095901,1.0869104163690047,-0.8559029784116453,-0.69733826235726315,-4.957415198782455,-5.711220838978792,0.2761496554608667,-2.0043565748971695,3.2350422875418565,1.5558373797199783,-3.5544127745665075,-2.7688105480554683,6.716625730420297,1.9098100113169203,0.8019389337399684,2.184131419190566,1.1772324777656942,-3.3423090251050365,2.282224127640895,-1.6779663538287035,1.999485506212165,1.707229625632924
-7.85022254551193,-24.134588173009334,2.231653633753649,1.4990226334898775,8.180185897355459,18.06154536682449,-10.916502939549533,-16.125892587330334,-14.086712389335485,12.09952056748772,-24.29544028180034,-22.16177542776194,2.6625498841108883,-20.791167082016337,-2.574423912619696,6.023772731861531,-4.6529530424524905,8.914975889383314,-21.74723704176035,1.499457679161596,10.967527983112522,17.040511744398064,-9.27010745727688,-1.8604213874465843,1.7195413228822616,-22.56509418325507,10.751731657072078,-12.051129810579532,-12.457148506078054,-4.107785579444726,12.883482795530856,16.33832891208544,-10.95552208303146,-3.091458670487646,-0.34828726785215225,-3.6440604715586913,2.061056980766916,1.874589726462193,14.809385204182442,17.093528624521557,-0.3113574601119828,6.788664295141555,-9.572436639489935,-5.202072145023197,10.34970259426695,8.243602838544934,-19.883981319616467,-6.0143373478994295,-2.542981205829489,-6.810794899996136,-3.235645672682593,9.812258089521112,-6.876540167878354,5.110471263309379,-6.462123371731199,-5.188284688383243
-10.556349429594205,-31.34009927907534,3.269251407225709,2.05443896413723,10.705178142563655,23.899028185571254,-14.168437888368542,-20.858204209701782,-18.099501128502986,15.928554360063224,-31.839555312634587,-28.942193296097532,3.819744285621921,-27.48957799736561,-3.3963902798524024,7.654119323919523,-5.787392916453155,11.856439569437176,-28.230884239564954,2.3769271190440207,14.20326536066334,22.22187615713491,-12.534876533419862,-2.757954016896029,1.7562396449047832,-29.61349728561604,13.953528632498731,-15.327437842741737,-15.751990486169067,-5.280781987932891,16.33832891208544,20.935782680329297,-14.432606463969558,-3.9793246731004066,-0.8090436513620339,-4.436062559620959,3.158905043022121,2.635248426888968,19.47004613072617,22.432236500636662,-0.8835815855305412,8.162428059500645,-12.659536411693157,-6.29631109601781,13.840169924495921,10.844527589670017,-26.257843208374986,-7.586440383675536,-3.2014900742148336,-8.652004488314397,-4.497748838432799,13.023350514793378,-8.981307860862506,6.568877980966513,-8.03655530946787,-6.731717076954948
8.201031998270464,22.413195425865975,-3.033530105995516,-1.6689574851421665,-7.794558182916624,-17.938174259435133,10.123605630113191,14.771768963260659,12.587657831601213,-11.776091866973799,23.31580706740479,21.002399206209645,-3.428169970235496,20.608507178873136,2.5419716489929463,-5.180260680646099,3.6799905260788153,-8.991609777494496,20.215316350470783,-2.5109762315142197,-10.063080677347322,-16.06338530835223,9.921977937917118,2.6590913699180283,-0.3668896072360808,21.762696917056754,-9.951016859293517,10.36503760838941,10.466652150749175,3.6855526544377386,-10.95552208303146,-14.432606463969558,10.704036582307726,2.7690639005457234,1.2292986448506749,2.5954846114878944,-3.1682916442161977,-2.280737851207135,-14.33610914913182,-16.453511142554913,1.5299938609008374,-4.620909079745833,9.47064675021309,3.663156258260762,-10.639238645768629,-8.017881971901819,19.604636599817663,5.029699611673447,2.1006281207089015,5.851568944679916,3.7810299842205866,-9.856694031025489,6.508518142174586,-4.6235575303781875,5.0741976652568965,4.7995216479136085
2.043296833653194,5.981650343005595,-0.6488517180158032,-0.3997034440887591,-2.0512902229672423,-4.589259030262646,2.703047069509439,3.974201833908993,3.4408441195816293,-3.05795232147564,6.096262964804302,5.535406620292029,-0.750544412281344,5.2751065354030136,0.649797133962429,-1.4463533858140014,1.0847229339529445,-2.2835212916499543,5.38099368462093,-0.48151608435825044,-2.7116974406028023,-4.248313837226264,2.421653979376962,0.5421947212276861,-0.3026948159001053,5.672830077758391,-2.6646138446057557,2.90298360450799,2.978634141885333,1.0029379618703915,-3.091458670487646,-3.9793246731004066,2.7690639005457234,0.7588600578262195,0.18102668190610932,0.8303636869853745,-0.6343968852165119,-0.5133939215977806,-3.737725369869829,-4.301867128422951,0.2006802428018409,-1.513140557363613,2.433476613572265,1.1679403138892281,-2.6697670816366452,-2.079090238868569,5.039879487871898,1.429467167201528,0.6043476107115237,1.6347627402573306,0.8767611609470848,-2.502136553712128,1.7194342426809408,-1.2412136618221705,1.5114292899887805,1.285128769272526
1.2438826523542181,1.9226600430923286,-0.8224114740332281,-0.30577249575922183,-0.7889424163127833,-2.2165930879179907,0.8588215170919709,1.1454202154630821,0.7892720338557863,-1.331752055860096,2.44038131711532,2.0489016282547254,-0.8480098281085614,2.5202712077278475,0.30282267113287215,-0.19634344519632546,-0.06443630388376637,-1.1914186676409222,1.7333573133426403,-0.8679632675658016,-0.7979555902816983,-1.5186262551201284,1.6118265234307685,0.7600301662360629,0.6890861509630798,2.338705026917673,-0.837369431867327,0.40399049663316416,0.2542967695197816,0.238033734095901,-0.34828726785215225,-0.8090436513620339,1.2292986448506749,0.18102668190610932,0.6402668968890569,-0.23233326186796804,-1.0039500949711284,-0.5059351232799346,-1.5809748787073366,-1.7586165010287869,0.8569832150068865,0.5902793137345015,1.155693015701437,-0.37447101253920184,-1.5163317087043073,-0.89954695245101,2.346024091176837,0.10001509440453074,0.027623804391051103,0.21828941237706936,0.7756176546276832,-1.2765797140912822,0.6331591878537175,-0.31046045472196127,-0.10460108565849062,0.4019815767535653
1.6801638571678081,6.139742050533215,-0.21607001627839312,-0.2814504238856448,-2.0184386380293162,-4.160843816222385,2.779655605464782,4.171770495023937,3.761558070202,-2.893346172820878,5.904350589674371,5.485444171958678,-0.31696744839602414,4.795871658830933,0.5917672135545355,-1.6711633348274944,1.4073653559548818,-2.0143112416071456,5.499720614077593,0.03144782480728073,-2.848061605581277,-4.2505838467321055,1.861971103391025,0.10490275052925394,-0.8852811173227316,5.444616506328519,-2.755176251208772,3.3646826396741703,3.5745683366676837,1.0869104163690047,-3.6440604715586913,-4.436062559620959,2.5954846114878944,0.8303636869853745,-0.23233326186796804,1.2292313903457777,-0.062130580171775786,-0.2675538977817402,-3.575842818243943,-4.154563090082704,-0.37508048479458095,-2.3390818937252,2.2299557284534686,1.7388734690776766,-2.262182819811198,-1.964259710973464,4.637581475608359,1.7196555316096227,0.7426072490942418,1.8914921135002816,0.5332169940524248,-2.214559604753823,1.71144061148382,-1.313723839836826,1.9882754960220854,1.329320602688984
-2.8058073636640586,-5.7895513568994525,1.5170664291535767,0.6417438300109362,2.1597812913589416,5.526256837105411,-2.605388191990996,-3.662488495763322,-2.8756180214204106,3.4477130541565875,-6.597903579434982,-5.745855841959136,1.6198381443000347,-6.323987059543349,-0.7756703100937544,1.0282080685867174,-0.4664147798244147,2.8630740189934056,-5.248518664082769,1.5039431224552133,2.4999094570163045,4.329905851773193,-3.5725213546620638,-1.4106482429922929,-0.8429284218809637,-6.237723413139167,2.541046026890683,-2.0482166081837025,-1.861514325622196,-0.8559029784116453,2.061056980766916,3.158905043022121,-3.1682916442161977,-0.6343968852165119,-1.0039500949711284,-0.062130580171775786,1.77717594770614,1.0066944674126792,4.137907637653985,4.683698527113912,-1.342351570590953,-0.08941833470402603,-2.8863061935276972,-0.06045859094807575,3.530092093863311,2.3477255967604926,-5.9351950510161915,-0.8815620430463371,-0.3433453148828484,-1.1569349184851467,-1.5718280651753058,3.1184942013431196,-1.7714345597681127,1.1155130546719993,-0.6008007634325259,-1.224266674380395
