V1,V2,V3,V4,V5,V6,V7,V8,V9,V10,V11,V12,V13,V14,V15,V16,V17,V18,V19,V20,V21,V22,V23,V24,V25,V26,V27,V28,V29,V30,V31,V32,V33,V34,V35,V36,V37,V38,V39,V40,V41,V42,V43,V44,V45,V46,V47,V48,V49,V50,V51,V52,V53,V54,V55,V56
26.627903139484612,6.475908826676944,-24.66175999366736,-8.306137806556846,-7.485086153650949,-34.067679589189396,2.0941641526058974,-1.8189200879605716,-9.268984317975608,-16.579448133721964,25.764771785012154,16.682908131522154,-26.385557792112017,38.69867122979954,4.147959054233196,9.371680060908325,-15.498541661374654,-20.840036613996716,6.4237937277069985,-29.205001740785427,1.598341686657865,-10.199510778220302,36.586626777446334,25.747660212468155,31.483367076195478,26.698180370681033,-1.8552135965923047,-18.405585950975823,-26.245438879705667,-2.0099650041285466,23.83211138648066,15.94701500377694,16.38798215627292,-2.2680312952816766,22.985106156146493,-19.93260312112084,-34.18811341269014,-13.757364685613842,-18.04950066924459,-18.985618584181527,32.499153233056454,42.875707183045215,17.399890165622267,-30.23459490358272,-29.218723099392246,-11.525082466309263,35.565939428523016,-12.671189404297516,-6.3215698857631555,-10.575902667130354,20.783430964979402,-21.02377609563922,4.691348578257335,2.0125194823231434,-22.024029587213636,1.357853714159825
6.475908826676944,2.401588015235318,-4.991333222416051,-2.1912555082557312,-2.024226400851697,-7.617861108050337,0.6891002889228323,-0.11938214050578291,-1.512202970096787,-3.7559688058566065,6.418802015931842,4.424833590184006,-6.209340638159794,8.912538589364322,0.783680832955869,1.8791376626461493,-3.192765985303155,-4.837866005160665,2.341031511778713,-6.249521521820384,0.5365959317549502,-2.6434895256125275,8.282472351718937,6.141139890760108,6.719773990294396,6.550893808683009,-0.7747648228959004,-3.5499846599531657,-5.601181097193485,-0.1463545361471237,5.116157310709018,3.2835802642382528,3.8420258416501065,-0.5761968960466566,4.671053431412951,-4.353891169913275,-7.961293786693,-2.687712861675216,-4.001411997970263,-4.4992074291955735,7.114684877589416,9.424522660846169,4.029085864136439,-6.915255585705328,-6.615313189446929,-2.785675188301058,8.809582013825331,-2.4097348740969977,-1.364935439509926,-2.0455454075657804,4.5059456890567775,-4.5046737987628065,1.138852625366438,0.3084280415895078,-4.334140615802575,0.7203594418994879
-24.66175999366736,-4.991333222416051,26.35922509688369,7.002626712660574,6.658437278061823,35.163162829712924,-2.2713283925352035,1.3003838140467738,9.856176474293337,17.046084461873114,-25.02943111958967,-15.772971862760123,25.058256764598557,-39.084945945664046,-4.942270523314786,-9.28860989112437,15.660302541424688,20.49741961131395,-5.200093644623182,29.869502545841012,-0.01481548745213535,10.179081985368573,-36.5187794127674,-24.27691839000402,-31.876632162653276,-26.08242931544566,1.3731724971556372,19.01255260709045,25.596507767487484,2.6730863074243447,-22.930222873559067,-15.275091139982475,-16.38089415954671,1.752893363185175,-24.208593762297653,19.739254732101156,32.528824924729996,15.26201235365294,18.9494560274896,19.03353016282558,-32.46059637802082,-41.949714103538525,-17.337070108173545,28.419675119918598,29.22944302693876,11.281982092674308,-33.51537767523194,13.297800696115884,6.144836173260793,10.773613206008203,-21.273492587290587,22.37321850770649,-4.819804582425228,-1.6682073209684634,23.273693428396935,-0.2048918271767665
-8.306137806556846,-2.1912555082557312,7.002626712660574,2.747196176722387,2.3684596489359024,9.917418400980306,-0.5726292369581601,0.673204963785862,2.66864299182222,4.798293758675728,-7.788377604008154,-5.119778761793708,8.168694212084779,-11.46000569100714,-1.083888567896103,-2.79798623991215,4.579406983359279,6.256125563495668,-2.18027645799371,8.584444759783112,-0.8579071430988703,3.0044856559016617,-10.946923191294271,-8.04838738872565,-9.312657469777987,-8.052221954945704,0.6161515560473269,5.3856807918216525,8.001302764655502,0.4601927308481573,-7.325973402535438,-4.955713827860781,-4.862545137497336,0.8072744701775392,-6.581561208581376,6.024715333459411,10.549331932941502,3.811006434374559,5.12113098666293,5.5825723182333435,-9.70992789445453,-12.994626594715319,-5.17062761249811,9.389009732542505,8.68537709524669,3.475635180170639,-11.009610733740057,3.633600844344539,1.9302815661168655,3.1019397252411944,-6.106401062964595,5.9929563386395115,-1.3440857900148446,-0.6173826832334098,6.336537103602659,-0.6279504776393996
-7.485086153650949,-2.024226400851697,6.658437278061823,2.3684596489359024,2.1665916731111037,9.36538654009161,-0.6302575940518158,0.43192325587760994,2.4121638293126644,4.603142030180934,-7.256743405811154,-4.771521481561248,7.312132188609292,-10.683870865818564,-1.0926463373371265,-2.5464320294508735,4.21546513183159,5.793249406903958,-1.9472244503159526,7.958827571801492,-0.45073763417384866,2.9074710930900722,-10.061747996562232,-7.121755093589954,-8.585371492575197,-7.494690934009,0.6176590212105394,4.926107181667126,7.142623349191014,0.4880497831383825,-6.501401568064852,-4.292014705215241,-4.5607086872337685,0.6259546109328992,-6.229594940546884,5.428939926039923,9.47382038746006,3.6685870527511035,5.006357342421792,5.327294207321504,-8.901622143593551,-11.756867991165992,-4.838555210000049,8.372656500164021,8.072084258508378,3.2241659304280805,-9.991435698625882,3.4060776086459805,1.725191368007935,2.8559641603596417,-5.672655973161603,5.722852503444504,-1.3291141615762432,-0.5766342801106523,5.901767428265386,-0.4815784149967899
-34.067679589189396,-7.617861108050337,35.163162829712924,9.917418400980306,9.36538654009161,47.5588780907413,-3.20136306818293,1.6498506783368578,12.914625485527846,23.05556553450107,-34.50288478667307,-21.985903383516963,34.43620952030416,-53.18360864318412,-6.507858102180017,-12.447423840712018,21.021853513189125,27.963778142650483,-7.892599741873054,40.25338224696458,-0.41843367803134685,14.041227312689418,-49.667627165445836,-33.487361805089066,-42.98094366136665,-35.86108772205711,2.150707635616676,25.33101295076706,34.66840320428682,3.314390930116854,-31.112570046104057,-20.673064468712095,-22.33676673659098,2.519836163623406,-32.32906145850808,26.782987310019653,44.61238624007401,20.252456235565273,25.49422252850241,25.936638389716663,-43.954134064794694,-56.95426500829242,-23.604761209444693,38.91877379639868,39.6987569037452,15.480640399172483,-46.35970010472851,17.639855271421318,8.334902576553933,14.34632803286374,-28.712722284656994,30.04195807041657,-6.560102304641406,-2.149839681199837,31.017385613522723,-0.721011611248983
2.0941641526058974,0.6891002889228323,-2.2713283925352035,-0.5726292369581601,-0.6302575940518158,-3.20136306818293,0.3382247550767698,0.1166872510821492,-0.6548535988548967,-1.575929834096661,2.3787462153503847,1.57753184672109,-2.104392631855906,3.5541626311131527,0.47341617231570626,0.6811148066470614,-1.241121447810358,-1.808281203281081,0.7085699135581376,-2.5345273923930196,-0.1647034467724775,-1.0625337036326232,3.1812880193872517,2.0453629154603914,2.6457584250731223,2.4534619876456163,-0.23320826290169394,-1.4450123763437994,-1.9652924415088804,-0.18240726276455932,1.7275581674885832,1.0613918824243425,1.5033213949758046,-0.10312961507609929,2.044061682047228,-1.6094929560978364,-2.701922451122921,-1.3450960626056685,-1.7700996199647534,-1.790504953719134,2.715238707379344,3.387386885551786,1.5607983053972425,-2.2499615993702027,-2.5674491937167465,-1.0434370899080756,3.006724774351172,-1.0331520262202039,-0.47711413789509505,-0.8046554566801672,1.835392196919442,-2.0365746950502346,0.48620367626271305,0.033244133795820884,-1.8955245440466006,0.051387144586673573
-1.8189200879605716,-0.11938214050578291,1.3003838140467738,0.673204963785862,0.43192325587760994,1.6498506783368578,0.1166872510821492,0.5201113722787417,0.8024446751967197,0.7629753460097022,-1.2482856343864313,-0.7349300948644193,1.7936016672029491,-1.9746616346248387,-0.09708428477117806,-0.7470890733854163,1.0734577591917942,1.201891530711906,-0.10128793718365246,1.7380725860369775,-0.5221094444466517,0.3103470077362093,-2.1361126124620076,-1.767811578891646,-1.993327690820359,-1.3232457935624087,-0.02832611239369245,1.3417751570109688,2.010671303828085,0.1287018245737334,-1.9037050632972234,-1.427950078100297,-0.8266512364716189,0.26752749508877316,-1.3076229237317951,1.3566330136545317,2.3578184220880094,0.626499057903046,0.7542772002387708,0.8761543264805826,-2.0697536017802634,-3.0013019578843716,-0.9311820798291038,2.2891472869739458,1.6569810587192595,0.5979810789982767,-2.1318075652018864,0.8631835048405644,0.47779929472800353,0.8014110434972586,-1.1875399484563793,0.9499757760406052,-0.14979304663205328,-0.3133779107511207,1.3641285674272923,-0.1384016313614052
-9.268984317975608,-1.512202970096787,9.856176474293337,2.66864299182222,2.4121638293126644,12.914625485527846,-0.6548535988548967,0.8024446751967197,3.955247849408851,6.222680239065859,-9.051004143369108,-5.601284827018924,9.456009539292245,-14.362526251261237,-1.7831811875058554,-3.633654301988284,6.005501722984341,7.606318700837589,-1.5941753978461035,11.229185594782253,-0.2431616342177028,3.5471257097548907,-13.616162890160997,-9.160981625758792,-12.061244212315904,-9.475503682780733,0.3545802400278981,7.378272863490789,9.912416134247149,1.064576126842966,-8.92777368997996,-6.075380977661498,-5.9970968045877955,0.7284800429628341,-9.106677113092845,7.513305012770856,12.309778159733417,5.663478443273307,6.888103524888368,6.906427892454445,-12.258976426338625,-16.007245860968755,-6.390761701218515,10.909510901887566,10.864732733824262,4.124613949646386,-12.379843063093169,5.123154839650714,2.3728953926134237,4.2003997437388705,-7.954634898912868,8.217907117408561,-1.7020894405606435,-0.7695330721050523,8.85523532482877,-0.030797985758009235
-16.579448133721964,-3.7559688058566065,17.046084461873114,4.798293758675728,4.603142030180934,23.05556553450107,-1.575929834096661,0.7629753460097022,6.222680239065859,11.272262278339849,-16.77453096004188,-10.71851983390082,16.607751127356455,-25.729811298794022,-3.127467671876632,-6.068009786849837,10.216265400080472,13.5991525872207,-3.75188328040455,19.477210400439073,-0.07875079690477564,6.870294757803938,-23.99097369572348,-16.057497022330434,-20.81346939204053,-17.427320097968632,1.1124337125009791,12.242923098312,16.71749465024027,1.6245160445478068,-15.017364105367186,-9.89633110243316,-10.862173728842949,1.169014662119745,-15.716578887188328,12.878937104267724,21.56614039722389,9.765402528758925,12.513152986909802,12.706662264957915,-21.27396446329953,-27.55348028840275,-11.495886694233976,18.860105263079618,19.278848346295035,7.517483307841736,-22.465699076273875,8.594037108379897,4.022357492978938,6.995616078046018,-13.884032394843237,14.54255159523561,-3.236124833724836,-1.178477575117862,14.977745234166687,-0.36811152270877195
25.764771785012154,6.418802015931842,-25.02943111958967,-7.788377604008154,-7.256743405811154,-34.50288478667307,2.3787462153503847,-1.2482856343864313,-9.051004143369108,-16.77453096004188,25.771543876527215,16.661758835998302,-25.742089821283304,38.94130087408477,4.465007998276355,9.062404260254194,-15.240154518959345,-20.663885993726666,6.509251690882823,-29.162955262993858,0.8480384273642954,-10.445997833715944,36.43404779489471,25.107401270625832,31.233057156017768,26.68731701468654,-1.8712630553697638,-18.13776720820917,-25.47159276353442,-2.1043666387107587,22.96488852631649,15.215831538121087,16.44062759147166,-2.0207630471575966,23.12540541459537,-19.626902517425602,-33.30632349311829,-14.220771477127837,-18.402640152872593,-19.09682523544883,32.138012437128424,41.92855479350999,17.368763932503555,-29.11669310471343,-29.11016074406327,-11.494379150188458,34.92091259177773,-12.566468423500098,-6.135819973418482,-10.319096389125193,20.822376650761953,-21.513394659600024,4.807656284992506,1.6347228259650808,-22.09855300989736,1.048950236158142
16.682908131522154,4.424833590184006,-15.772971862760123,-5.119778761793708,-4.771521481561248,-21.985903383516963,1.57753184672109,-0.7349300948644193,-5.601284827018924,-10.71851983390082,16.661758835998302,10.8742712335257,-16.562575847930898,24.906887594839617,2.776115609733186,5.733381318280485,-9.656716551002873,-13.260654182588171,4.437788824885662,-18.516936086679966,0.6362241369471814,-6.7738600847799475,23.280653072032194,16.17475383145806,19.83704558781434,17.23194956496747,-1.3227888957586018,-11.401228762274814,-16.209865774897295,-1.2398108284259117,14.640931828727139,9.655176585434074,10.547501200424245,-1.3266356403204524,14.595969608272304,-12.495641408577782,-21.407377197080955,-8.902342084324077,-11.72512153372486,-12.280162155048668,20.481392101002495,26.758086475601477,11.138388188038258,-18.709733538837558,-18.61479560165882,-7.410777914066986,22.612725031725333,-7.888804516201096,-3.911238334631143,-6.506207544875454,13.232442096804617,-13.626528248991749,3.096458762174946,1.040420317440935,-13.890999078738911,0.8298901835487634
-26.385557792112017,-6.209340638159794,25.058256764598557,8.168694212084779,7.312132188609292,34.43620952030416,-2.104392631855906,1.7936016672029491,9.456009539292245,16.607751127356455,-25.742089821283304,-16.562575847930898,26.461325557358254,-39.06657467742641,-4.3348101746568215,-9.356026407315762,15.56712290140617,20.84561036782694,-6.401391244229959,29.523665781827553,-1.5448943743249228,10.170753560830438,-36.91641629660201,-25.932709979993724,-31.750407499209693,-26.704666249826893,1.6950895674306363,18.646129871114265,26.416169092339615,2.0918698480882023,-23.914733006743063,-16.109002038681247,-16.43536267014552,2.2785137174996066,-23.23232626002791,20.168724730192697,34.218809526238175,14.143222140948806,18.065764816230196,18.910471442191817,-32.724072519526736,-43.05246407357933,-17.414334435944387,30.132104191076184,29.33895943281533,11.538414017908197,-35.47845247586499,12.768213031902699,6.354998441817818,10.597401018281632,-21.028430301581054,21.384364592326946,-4.65791456292732,-1.7624347220364363,22.41966398398818,-1.1662671950098187
38.69867122979954,8.912538589364322,-39.084945945664046,-11.46000569100714,-10.683870865818564,-53.18360864318412,3.5541626311131527,-1.9746616346248387,-14.362526251261237,-25.729811298794022,38.94130087408477,24.906887594839617,-39.06657467742641,59.72058905471339,7.1438103121584104,13.962169197303275,-23.539399997953726,-31.4726807952165,9.261790453808992,-45.07654744199376,0.9272142759371366,-15.760736712027427,55.88324252753144,38.102459901166824,48.18978232837826,40.43264487910967,-2.497813348710245,-28.305356491251427,-39.13379884402735,-3.538970898085086,35.18025213348697,23.44148436306459,25.084392960340704,-2.9870044078061926,35.97868904555602,-30.201258345220836,-50.55636913588036,-22.429160904208597,-28.32417475650761,-29.04631683984344,49.39713030164834,64.21694955122472,26.502185669556642,-44.13880044448017,-44.57527985636025,-17.44904009860437,52.60487920640654,-19.614718089422666,-9.411423955333202,-16.015473989055316,32.16202621798204,-33.44947379488095,7.306522007076023,2.3795441981451266,-34.56657131180073,1.0846614368694023
4.147959054233196,0.783680832955869,-4.942270523314786,-1.083888567896103,-1.0926463373371265,-6.507858102180017,0.47341617231570626,-0.09708428477117806,-1.7831811875058554,-3.127467671876632,4.465007998276355,2.776115609733186,-4.3348101746568215,7.1438103121584104,1.0114847881151499,1.6038847476143874,-2.7835242417030974,-3.6373511172481736,0.8947457928334243,-5.438723700707628,-0.21924442548865714,-1.872253476970281,6.5815331964501835,4.205422420874363,5.739087848475754,4.6633128768859775,-0.20648017944727803,-3.428593686452946,-4.450418027728475,-0.540150224227935,3.930067458923312,2.6008653809119493,2.9616018281754988,-0.24751600037963076,4.469146414453697,-3.5154459486271064,-5.610165787515435,-2.9538351098482143,-3.5171735490114453,-3.4358667293573997,5.799179907995136,7.345389605872751,3.111171915548512,-4.801489273854825,-5.2531480481100505,-2.015050558069567,5.800775028136819,-2.411835902071338,-1.0666368385081082,-1.9007875999910777,3.8894903871733697,-4.22861493781302,0.8899801395104148,0.17644157975075422,-4.310472967094401,-0.10100081742178706
9.371680060908325,1.8791376626461493,-9.28860989112437,-2.79798623991215,-2.5464320294508735,-12.447423840712018,0.6811148066470614,-0.7470890733854163,-3.633654301988284,-6.068009786849837,9.062404260254194,5.733381318280485,-9.356026407315762,13.962169197303275,1.6038847476143874,3.5130456881502488,-5.773347701007089,-7.498719572970927,1.8454647140150655,-10.764236626822502,0.3721304548040944,-3.5734836121660427,13.224936273176834,9.047949276062134,11.602902922379954,9.434004073015535,-0.5155595486141614,-6.9600288935264,-9.592588487397245,-0.9052591086819041,8.684579236689908,5.8382324082400725,5.895050186988647,-0.7453073523268289,8.646796072304927,-7.24574267638978,-12.183999499967353,-5.237039062795421,-6.684748145944508,-6.8437358715058645,11.868500734895342,15.593387094547627,6.282473500500611,-10.825893618557869,-10.602133391314682,-4.08932676193195,12.442940810073999,-4.844580915218386,-2.3031789159717717,-4.00959797558033,7.633350307508529,-7.795654665095358,1.6941585403222168,0.825772200687771,-8.314667350502562,0.2565001123384805
-15.498541661374654,-3.192765985303155,15.660302541424688,4.579406983359279,4.21546513183159,21.021853513189125,-1.241121447810358,1.0734577591917942,6.005501722984341,10.216265400080472,-15.240154518959345,-9.656716551002873,15.56712290140617,-23.539399997953726,-2.7835242417030974,-5.773347701007089,9.587200019232844,12.533003453167927,-3.2167550522481108,18.05015339455959,-0.4562737726715294,6.074811919120559,-22.18815920600753,-15.091537113154715,-19.38327008018943,-15.86960819170198,0.8781138421381705,11.57336048255798,15.885184411338924,1.520591226150396,-14.334375187616992,-9.609197309833606,-9.909890355797,1.2057152594145546,-14.50376004000549,12.095158977154906,20.230584395427506,8.907936957299762,11.271171175612087,11.499143423343039,-19.82014478777586,-25.899297863614787,-10.531150444296642,17.86004155268151,17.76088911774498,6.8719425815939434,-20.768342117804565,8.051503779780939,3.8154589217321107,6.622954657364548,-12.824515244093785,13.22224162911793,-2.866955842747775,-1.2210260326502995,13.949263085145615,-0.36401702444944684
-20.840036613996716,-4.837866005160665,20.49741961131395,6.256125563495668,5.793249406903958,27.963778142650483,-1.808281203281081,1.201891530711906,7.606318700837589,13.5991525872207,-20.663885993726666,-13.260654182588171,20.84561036782694,-31.4726807952165,-3.6373511172481736,-7.498719572970927,12.533003453167927,16.741581780003788,-4.880461466513124,23.80152066641015,-0.6867112296339752,8.312472006698444,-29.549076739595797,-20.279827311749422,-25.528757246616827,-21.445560337027196,1.384159972536533,14.995541592141652,20.884701147419747,1.8277328293235164,-18.845411106044324,-12.548092450852682,-13.278092881516278,1.6354980481000374,-18.96836908176821,16.000143971940677,27.02226026069208,11.635411233111665,14.947768873930185,15.420137572707173,-26.208353402129028,-34.23626214841115,-14.06548883945608,23.73426085824337,23.631399627340567,9.257081119892128,-28.09079266658638,10.406077981236644,5.025312935422739,8.560342577078238,-16.957159437510036,17.484027207240658,-3.8642460009715354,-1.4694126153797888,18.17029342409645,-0.7233787064239956
6.4237937277069985,2.341031511778713,-5.200093644623182,-2.18027645799371,-1.9472244503159526,-7.892599741873054,0.7085699135581376,-0.10128793718365246,-1.5941753978461035,-3.75188328040455,6.509251690882823,4.437788824885662,-6.401391244229959,9.261790453808992,0.8947457928334243,1.8454647140150655,-3.2167550522481108,-4.880461466513124,2.4955698946014824,-6.478183744344425,0.6132268452247103,-2.6515154652624853,8.610630008639726,6.457479761743926,6.912638924595104,6.6530050769876254,-0.6884464136851802,-3.6800671383176753,-5.779535440237102,-0.14839753231045427,5.232274895339731,3.455911822589542,3.90301647136584,-0.6288593620876196,4.77336049358241,-4.5826077787268895,-8.13161763418017,-2.9161424874169257,-3.946433359965031,-4.443785579938456,7.313368547314171,9.63494700094283,4.057468796776255,-6.950693428937647,-6.733167454554473,-2.8340759642339926,8.946503381170858,-2.414360430736366,-1.403399153338285,-2.017403868029315,4.691306822414477,-4.736973355869963,1.1052614946613224,0.07351758363179171,-4.567265080257969,0.6563457006439581
-29.205001740785427,-6.249521521820384,29.869502545841012,8.584444759783112,7.958827571801492,40.25338224696458,-2.5345273923930196,1.7380725860369775,11.229185594782253,19.477210400439073,-29.162955262993858,-18.516936086679966,29.523665781827553,-45.07654744199376,-5.438723700707628,-10.764236626822502,18.05015339455959,23.80152066641015,-6.478183744344425,34.332523088361484,-0.6854419498424028,11.722498660072127,-42.31109352542707,-28.727227331126226,-36.74922029852787,-30.346028024896064,1.7105017627164143,21.81150112512128,29.920693034797903,2.845017168642122,-26.91653421693339,-18.01541662504208,-18.9181576199815,2.2529418322343977,-27.531692583754413,22.972931658475456,38.27327001040519,17.13135607375276,21.481988034798693,21.901622825524807,-37.5885020871973,-48.913709761442625,-20.036631414405008,33.556752023028885,33.77800085089798,13.123490938292623,-39.50462189898593,15.137248697823908,7.188414409009484,12.378403108411007,-24.447568820423953,25.387452987746865,-5.48682493589755,-1.9842183944774787,26.509581141885647,-0.6417782217086546
1.598341686657865,0.5365959317549502,-0.01481548745213535,-0.8579071430988703,-0.45073763417384866,-0.41843367803134685,-0.1647034467724775,-0.5221094444466517,-0.2431616342177028,-0.07875079690477564,0.8480384273642954,0.6362241369471814,-1.5448943743249228,0.9272142759371366,-0.21924442548865714,0.3721304548040944,-0.4562737726715294,-0.6867112296339752,0.6132268452247103,-0.6854419498424028,1.0475932731091002,-0.07484443636358312,1.235275977437322,1.708692437020983,0.9030040533699818,0.8486591814825647,-0.07206804487800667,-0.5100133781097442,-1.4056574407477793,0.21091922363212948,1.4160979161528744,1.1662890083393267,0.37691077743334106,-0.407080582290087,0.14147340870824524,-0.9131322545239452,-1.9282131410412338,0.1861071582704958,0.1722641124751301,-0.24470153034664305,1.1223473813322236,1.9744646191226627,0.42678668698349975,-1.8825428710474772,-0.796262989697224,-0.3794673848054732,1.8843911993274376,-0.14723372746317967,-0.33855536698943434,-0.28282723628351275,0.46732794817313705,0.006200368985036439,-0.05064580999707497,0.11125147862916654,-0.3019403518366041,0.48661519844197976
-10.199510778220302,-2.6434895256125275,10.179081985368573,3.0044856559016617,2.9074710930900722,14.041227312689418,-1.0625337036326232,0.3103470077362093,3.5471257097548907,6.870294757803938,-10.445997833715944,-6.7738600847799475,10.170753560830438,-15.760736712027427,-1.872253476970281,-3.5734836121660427,6.074811919120559,8.312472006698444,-2.6515154652624853,11.722498660072127,-0.07484443636358312,4.328990770643471,-14.614167531456351,-9.876178544146613,-12.501915898746477,-10.807746474728875,0.80886402359393506,7.198351826731312,9.999784342042693,0.8723195172774417,-8.976723487332944,-5.857431233047385,-6.669509954844863,0.7230641343929751,-9.369600620355172,7.773544503357953,13.165176339928973,5.825284088146727,7.596826689647223,7.810334649581603,-12.838415947769683,-16.60721185952542,-7.028645846206993,11.429280149317526,11.73090465619235,4.643560370724995,-13.933830079848065,5.041300278686867,2.411521641562202,4.0969080952578425,-8.386887831322897,8.799134824891219,-2.003318407765901,-0.612106033863781,8.881188596492144,-0.3609641114452633
36.586626777446334,8.282472351718937,-36.5187794127674,-10.946923191294271,-10.061747996562232,-49.667627165445836,3.1812880193872517,-2.1361126124620076,-13.616162890160997,-23.99097369572348,36.43404779489471,23.280653072032194,-36.91641629660201,55.88324252753144,6.5815331964501835,13.224936273176834,-22.18815920600753,-29.549076739595797,8.610630008639726,-42.31109352542707,1.235275977437322,-14.614167531456351,52.48362542294896,36.04397489161152,45.317426414570626,37.84649055786662,-2.2779180545738114,-26.708395170576956,-37.07942330581186,-3.2910387515928794,33.39920888425495,22.366749153715645,23.46511176811946,-2.9245505002971983,33.682700521646254,-28.497633122692086,-47.78011642707297,-20.876481362252648,-26.335470921664275,-27.10500647907689,46.489255256905,60.647670831175176,24.824898910142153,-41.854500426045,-41.81339560276698,-16.34957714702113,49.53463829882243,-18.4463340439279,-8.914575992031763,-15.130583140307188,30.158766061617477,-31.167788833844078,6.768329041889634,2.3466202323436596,-32.44077715256105,1.112500141884466
25.747660212468155,6.141139890760108,-24.27691839000402,-8.04838738872565,-7.121755093589954,-33.487361805089066,2.0453629154603914,-1.767811578891646,-9.160981625758792,-16.057497022330434,25.107401270625832,16.17475383145806,-25.932709979993724,38.102459901166824,4.205422420874363,9.047949276062134,-15.091537113154715,-20.279827311749422,6.457479761743926,-28.727227331126226,1.708692437020983,-9.876178544146613,36.04397489161152,25.529470558207542,30.882138552036604,26.04425744501901,-1.6362210252962899,-18.10525451394355,-25.802706935678152,-1.9609797066986965,23.35938918284856,15.807236940134654,15.983946825494202,-2.301476437943811,22.473951909694215,-19.73836280747437,-33.46772193046411,-13.72513414093326,-17.3899658236703,-18.29843715705306,31.879413169651833,41.9836190613848,16.91640858345723,-29.42230617395896,-28.536249600906707,-11.254215978392244,34.718961549502716,-12.313020478711968,-6.207157415264654,-10.232439626751171,20.4755523498056,-20.772386775983648,4.481806529792847,1.5675351201414527,-21.775531560320417,1.202727039482095
31.483367076195478,6.719773990294396,-31.876632162653276,-9.312657469777987,-8.585371492575197,-42.98094366136665,2.6457584250731223,-1.993327690820359,-12.061244212315904,-20.81346939204053,31.233057156017768,19.83704558781434,-31.750407499209693,48.18978232837826,5.739087848475754,11.602902922379954,-19.38327008018943,-25.528757246616827,6.912638924595104,-36.74922029852787,0.9030040533699818,-12.501915898746477,45.317426414570626,30.882138552036604,39.39221687030799,32.4919969491215,-1.8378811640860038,-23.40090561682918,-32.19893978389854,-3.019932720967361,29.006844059317363,19.438445497169784,20.245688073918807,-2.4620346064315037,29.4374619641927,-24.65191969896419,-41.18122190457382,-18.21773107138245,-22.9287142393462,-23.43475712594772,40.312918259338396,52.580091542523455,21.46215766890426,-36.18990792686299,-36.18670319505862,-14.055263549290446,42.44800542558088,-16.231819130186768,-7.735449414618307,-13.310401798826959,26.153303779500956,-27.049813865782664,5.852891942409761,2.2317166795179406,-28.34575327889707,0.7700016039970133
26.698180370681033,6.550893808683009,-26.08242931544566,-8.052221954945704,-7.494690934009,-35.86108772205711,2.4534619876456163,-1.3232457935624087,-9.475503682780733,-17.427320097968632,26.68731701468654,17.23194956496747,-26.704666249826893,40.43264487910967,4.6633128768859775,9.434004073015535,-15.86960819170198,-21.445560337027196,6.6530050769876254,-30.346028024896064,0.8486591814825647,-10.807746474728875,37.84649055786662,26.04425744501901,32.4919969491215,27.666643989563568,-1.9016282002476717,-18.917999078649537,-26.498055715144016,-2.228931917425374,23.889658740549155,15.846752534793222,17.058364565504597,-2.0949937762315574,24.0903570454765,-20.402772543764804,-34.5537423604317,-14.826970018581378,-19.129126949488516,-19.815144733309694,33.4185484458254,43.57740183022335,18.032096903835416,-30.22646806136542,-30.239904101473247,-11.923774216005109,36.17646119380915,-13.106278663284069,-6.382530861877251,-10.766701578654219,21.656784772648617,-22.38963434974134,4.985525217607115,1.7102377839174996,-23.037685148831585,1.0308192400019578
-1.8552135965923047,-0.7747648228959004,1.3731724971556372,0.6161515560473269,0.6176590212105394,2.150707635616676,-0.23320826290169394,-0.02832611239369245,0.3545802400278981,1.1124337125009791,-1.8712630553697638,-1.3227888957586018,1.6950895674306363,-2.497813348710245,-0.20648017944727803,-0.5155595486141614,0.8781138421381705,1.384159972536533,-0.6884464136851802,1.7105017627164143,-0.07206804487800667,0.80886402359393506,-2.2779180545738114,-1.6362210252962899,-1.8378811640860038,-1.9016282002476717,0.28093039336631465,0.923876710308805,1.475904955782332,0.03142880691274961,-1.353543880001898,-0.808629081952688,-1.1085368718330755,0.131390322612247,-1.3015885536250054,1.1466068516246268,2.1897442625489414,0.7131071807129344,1.2107322126309719,1.3526383262697002,-1.952409926883031,-2.5644049785514125,-1.1655596083762683,1.9051832669122197,1.873389116063303,0.8024571696255691,-2.5049785276550356,0.6611628991042677,0.3629917840805383,0.5619769810049989,-1.2353110821825266,1.254944905138955,-0.358886909071755,-0.13223685313164865,1.1424581250285988,-0.23082703646664376
-18.405585950975823,-3.5499846599531657,19.01255260709045,5.3856807918216525,4.926107181667126,25.33101295076706,-1.4450123763437994,1.3417751570109688,7.378272863490789,12.242923098312,-18.13776720820917,-11.401228762274814,18.646129871114265,-28.305356491251427,-3.428593686452946,-6.9600288935264,11.57336048255798,14.995541592141652,-3.6800671383176753,21.81150112512128,-0.5100133781097442,7.198351826731312,-26.708395170576956,-18.10525451394355,-23.40090561682918,-18.917999078649537,0.923876710308805,14.074825470003933,19.17253989316876,1.907743100172864,-17.271394894810086,-11.648562871254972,-11.862864086795181,1.4421929524605521,-17.563021044496537,14.615107614094983,24.222034293558593,10.888443912174663,13.51425764109264,13.70454256012615,-23.879963687402707,-31.162411958879733,-12.603613906602831,21.363357544786897,21.322496341159358,8.20449977002309,-24.716612954941336,9.767894389213652,4.5992328858898,8.010473897909892,-15.49205942941477,16.01402214397995,-3.4042407446643472,-1.399796261984476,16.98018902323776,-0.29226508887602526
-26.245438879705667,-5.601181097193485,25.596507767487484,8.001302764655502,7.142623349191014,34.66840320428682,-1.9652924415088804,2.010671303828085,9.912416134247149,16.71749465024027,-25.47159276353442,-16.209865774897295,26.416169092339615,-39.13379884402735,-4.450418027728475,-9.592588487397245,15.885184411338924,20.884701147419747,-5.779535440237102,29.920693034797903,-1.4056574407477793,9.999784342042693,-37.07942330581186,-25.802706935678152,-32.19893978389854,-26.498055715144016,1.475904955782332,19.17253989316876,26.78208307610621,2.325434941963423,-24.23570081199459,-16.400278732745146,-16.434537192105772,2.235802331033757,-23.738749577795797,20.355731081288663,34.23582707370255,14.487436310036683,18.25994723967187,18.906324531431224,-33.06174799537929,-43.47503606741659,-17.45790544804684,30.26114255048416,29.502187412201316,11.478560772614175,-35.136140704950776,13.173921088546116,6.433294507873822,10.919710347562463,-21.26400560676628,21.655507040409926,-4.642956489145002,-1.9298854383749877,22.973649736507696,-0.8927842847813368
-2.0099650041285466,-0.1463545361471237,2.6730863074243447,0.4601927308481573,0.4880497831383825,3.314390930116854,-0.18240726276455932,0.1287018245737334,1.064576126842966,1.6245160445478068,-2.1043666387107587,-1.2398108284259117,2.0918698480882023,-3.538970898085086,-0.540150224227935,-0.9052591086819041,1.520591226150396,1.8277328293235164,-0.14839753231045427,2.845017168642122,0.21091922363212948,0.8723195172774417,-3.2910387515928794,-1.9609797066986965,-3.019932720967361,-2.228931917425374,0.03142880691274961,1.907743100172864,2.325434941963423,0.3737397439594466,-2.057398227372613,-1.3675396911536084,-1.4736045274630536,0.08617006883868754,-2.440600668119399,1.7808135411075243,2.75667150478253,1.589074516812289,1.873341597302755,1.7406649708767306,-2.9983720311600446,-3.7902917659716366,-1.5733995406852377,2.424584048782642,2.6763784271362256,0.9740615246911793,-2.7143995936403402,1.3804311556348179,0.5544204643446677,1.0920260392018886,-2.0104990535655287,2.198333162206805,-0.4521949601989436,-0.2058031995145165,2.347565955819212,0.16171955245531447
23.83211138648066,5.116157310709018,-22.930222873559067,-7.325973402535438,-6.501401568064852,-31.112570046104057,1.7275581674885832,-1.9037050632972234,-8.92777368997996,-15.017364105367186,22.96488852631649,14.640931828727139,-23.914733006743063,35.18025213348697,3.930067458923312,8.684579236689908,-14.334375187616992,-18.845411106044324,5.232274895339731,-26.91653421693339,1.4160979161528744,-8.976723487332944,33.39920888425495,23.35938918284856,29.006844059317363,23.889658740549155,-1.353543880001898,-17.271394894810086,-24.23570081199459,-2.057398227372613,21.96905582666053,14.880090057913627,14.79308737994334,-2.0624530466751043,21.311133284758213,-18.365076106034728,-31.002021310374534,-12.915341315285922,-16.37355449773019,-17.020296299673376,29.81608849887637,39.30217704699663,15.731153545306565,-27.4691385457941,-26.581127175157008,-10.351148500582351,31.80335607670681,-11.85489070705896,-5.823042044796594,-9.864619032238805,19.117264704743103,-19.37674858432117,4.165485365312837,1.8169602373417222,-20.619001320474254,0.8924628982538253
15.94701500377694,3.2835802642382528,-15.275091139982475,-4.955713827860781,-4.292014705215241,-20.673064468712095,1.0613918824243425,-1.427950078100297,-6.075380977661498,-9.89633110243316,15.215831538121087,9.655176585434074,-16.109002038681247,23.44148436306459,2.6008653809119493,5.8382324082400725,-9.609197309833606,-12.548092450852682,3.455911822589542,-18.01541662504208,1.1662890083393267,-5.857431233047385,22.366749153715645,15.807236940134654,19.438445497169784,15.846752534793222,-0.808629081952688,-11.648562871254972,-16.400278732745146,-1.3675396911536084,14.880090057913627,10.185000769772973,9.812590438952782,-1.4573748885641065,14.193412713969334,-12.400623546309433,-20.85655563183079,-8.610991548185487,-10.730842888675333,-11.196790883823745,19.992053083894458,26.443139336040737,10.440402492573424,-18.510773231419517,-17.71163193050628,-6.879402880762028,21.255828655421297,-7.927390743697583,-3.93630348888182,-6.61876717321055,12.785719560054437,-12.871743487295934,2.702288021852694,1.1766689881356545,-13.841238866091778,0.5971264304639822
16.38798215627292,3.8420258416501065,-16.38089415954671,-4.862545137497336,-4.5607086872337685,-22.33676673659098,1.5033213949758046,-0.8266512364716189,-5.9970968045877955,-10.862173728842949,16.44062759147166,10.547501200424245,-16.43536267014552,25.084392960340704,2.9616018281754988,5.895050186988647,-9.909890355797,-13.278092881516278,3.90301647136584,-18.9181576199815,0.37691077743334106,-6.669509954844863,23.46511176811946,15.983946825494202,20.245688073918807,17.058364565504597,-1.1085368718330755,-11.862864086795181,-16.434537192105772,-1.4736045274630536,14.79308737994334,9.812590438952782,10.573904609693857,-1.2448874436215907,15.115963194905683,-12.653679206033406,-21.295577194791022,-9.352822143777315,-11.971103497450242,-12.294143436463877,20.762422617787266,27.01625415938633,11.18210887032139,-18.629278312014964,-18.772052843175544,-7.357235832313085,22.202644408274637,-8.251935019032361,-3.9548342644612973,-6.751079435888333,13.493242709029811,-14.012406760013462,3.1012959386500873,1.08831855349663,-14.46280452111809,0.5095395931398599
-2.2680312952816766,-0.5761968960466566,1.752893363185175,0.8072744701775392,0.6259546109328992,2.519836163623406,-0.10312961507609929,0.26752749508877316,0.7284800429628341,1.169014662119745,-2.0207630471575966,-1.3266356403204524,2.2785137174996066,-2.9870044078061926,-0.24751600037963076,-0.7453073523268289,1.2057152594145546,1.6354980481000374,-0.6288593620876196,2.2529418322343977,-0.407080582290087,0.7230641343929751,-2.9245505002971983,-2.301476437943811,-2.4620346064315037,-2.0949937762315574,0.131390322612247,1.4421929524605521,2.235802331033757,0.08617006883868754,-2.0624530466751043,-1.4573748885641065,-1.2448874436215907,0.2786529225557927,-1.6521702802815503,1.6678135841353334,2.9175163628210834,0.9414040178222158,1.1940507686503667,1.3711865375017809,-2.594734159628409,-3.5450332221615075,-1.3257243456924954,2.614226843134892,2.2607450701501794,0.9100488302773397,-2.993706710164378,0.9217068375013343,0.5381605305724948,0.8111584400599368,-1.5993828515236754,1.4957384607495419,-0.30468941056416216,-0.13270128425507147,1.6517029699976216,-0.21128639063097668
22.985106156146493,4.671053431412951,-24.208593762297653,-6.581561208581376,-6.229594940546884,-32.32906145850808,2.044061682047228,-1.3076229237317951,-9.106677113092845,-15.716578887188328,23.12540541459537,14.595969608272304,-23.23232626002791,35.97868904555602,4.469146414453697,8.646796072304927,-14.50376004000549,-18.96836908176821,4.77336049358241,-27.531692583754413,0.14147340870824524,-9.369600620355172,33.682700521646254,22.473951909694215,29.4374619641927,24.0903570454765,-1.3015885536250054,-17.563021044496537,-23.738749577795797,-2.440600668119399,21.311133284758213,14.193412713969334,15.115963194905683,-1.6521702802815503,22.298396970902356,-18.229818285554895,-30.18978752384677,-13.93727836414848,-17.457724807255293,-17.59005491882143,29.999486438135072,38.878948017030545,16.021973374414827,-26.46862784513843,-26.99801739401305,-10.421847632609051,31.080137040776936,-12.29375201865093,-5.700174313185974,-9.999949360344807,19.591850022234567,-20.505820255022233,4.444073935453774,1.6770177443359826,-21.405635393745797,0.2813546381008618
-19.93260312112084,-4.353891169913275,19.739254732101156,6.024715333459411,5.428939926039923,26.782987310019653,-1.6094929560978364,1.3566330136545317,7.513305012770856,12.878937104267724,-19.626902517425602,-12.495641408577782,20.168724730192697,-30.201258345220836,-3.5154459486271064,-7.24574267638978,12.095158977154906,16.000143971940677,-4.5826077787268895,22.972931658475456,-0.9131322545239452,7.773544503357953,-28.497633122692086,-19.73836280747437,-24.65191969896419,-20.402772543764804,1.1466068516246268,14.615107614094983,20.355731081288663,1.7808135411075243,-18.365076106034728,-12.400623546309433,-12.653679206033406,1.6678135841353334,-18.229818285554895,15.583054117022801,26.09808281730659,11.263263969285914,14.083523607764405,14.540389970804464,-25.299842706940854,-33.1323307571114,-13.402741505265642,22.932744135669427,22.638860124954178,8.827858681409856,-26.892953596190274,10.038490406942506,4.889740579003145,8.267777943087687,-16.357158373588124,16.78632913682023,-3.5921341975979684,-1.3017728319284414,17.64908897451121,-0.6236370473091476
-34.18811341269014,-7.961293786693,32.528824924729996,10.549331932941502,9.47382038746006,44.61238624007401,-2.701922451122921,2.3578184220880094,12.309778159733417,21.56614039722389,-33.30632349311829,-21.407377197080955,34.218809526238175,-50.55636913588036,-5.610165787515435,-12.183999499967353,20.230584395427506,27.02226026069208,-8.13161763418017,38.27327001040519,-1.9282131410412338,13.165176339928973,-47.78011642707297,-33.46772193046411,-41.18122190457382,-34.5537423604317,2.1897442625489414,24.222034293558593,34.23582707370255,2.75667150478253,-31.002021310374534,-20.85655563183079,-21.295577194791022,2.9175163628210834,-30.18978752384677,26.09808281730659,44.295526021402445,18.336116641009216,23.49717579662006,24.547706710500176,-42.4145431407572,-55.807839451698015,-22.580848839342877,39.055744706069014,38.03214994428805,14.931711569520257,-45.87792488768887,16.63094402277745,8.235460712347049,13.803481500376897,-27.24685732644883,27.70946110103425,-6.054197290944951,-2.3940369214139907,29.093934758837666,-1.478533624310823
