V1,V2,V3,V4,V5,V6,V7,V8,V9,V10,V11,V12,V13,V14,V15,V16,V17,V18,V19,V20,V21,V22,V23,V24,V25,V26,V27,V28,V29,V30,V31,V32,V33,V34,V35,V36,V37,V38,V39,V40,V41,V42,V43,V44,V45,V46,V47,V48,V49,V50,V51,V52,V53,V54,V55,V56
1.0220327141773202,2.3708088924154502,-0.15828728725842786,-0.008795566738905343,-0.9943513983092286,-1.9645227759505517,1.2558811689427503,1.6843715187986208,1.1710625960830239,-1.2339950629166498,2.843140677441707,2.4994298730800235,-0.5023465903282293,2.382079675275929,-0.2927094370969679,-0.31684566988149504,0.4261795964959042,-1.198045769167441,2.4075232298084948,-0.22956589755720266,-1.2638042024413507,-1.726163991154809,0.5455402411440925,0.61609972937502,0.3413767994194157,2.029808937886428,-1.4126369435727297,1.180339008370798,0.7967610737289423,0.7717024949080636,-0.9322533238738686,-1.6464601472820104,1.0375650577088866,0.24805233179736047,-0.11157442364590955,-0.13438148155843987,0.1012288175156491,-0.42247809019740684,-1.6411160418100927,-1.3968724453446502,0.2854977737810061,-0.3978405941118746,0.723521234686667,0.2503200866216673,-1.0021350223716403,-1.4226146797776906,2.2479133817223946,1.0518367330222378,0.5978333391538384,0.6268887439788137,0.4250075528295698,-1.1352546763176703,0.475169872527412,-1.342728894574672,0.8181555545043366,0.41215458398827265
2.3708088924154502,7.283979777269485,-0.960371295975164,-0.6413477852604349,-2.3497053837798885,-5.566633714606271,3.1299505581250098,4.729068061308599,4.318027147836717,-3.7432169626333143,7.114618150772032,6.507878691305268,-0.8240329471239974,6.291894646370547,1.2924133314641515,-1.9584033831771919,1.2753410207352815,-2.580914472485004,6.329213553585458,-0.6518623177332763,-3.1169744280893723,-5.15498868107218,3.4367657900470565,0.4065343081176568,-0.6681347086960843,7.170305826860759,-2.923985247624339,3.4392623559087174,3.866762441119322,0.8849763312450432,-3.935654685525138,-4.714880898702175,3.4691162992835913,0.9572639070632641,0.45340072589278546,1.3408613534368472,-1.1933396765442412,-0.4872020703159887,-4.448134590629907,-5.547931323054549,0.17159456160673134,-1.8758842945954386,3.2206872806891167,1.514700344622738,-3.3861567874215646,-2.0379246220654363,6.019012951984416,1.2750265894078696,0.39852539159474837,1.9770895306560747,1.0707831510002899,-2.9913551014336806,2.2811848729650475,-0.7735537042984428,1.5643467070692914,1.6470468805716305
-0.15828728725842786,-0.960371295975164,0.23112736738437759,0.2140252632132379,0.16440043930206807,0.6434587693976435,-0.2610356291166554,-0.5294882277134193,-0.7160501249786613,0.48697318699525605,-0.6055881444670324,-0.6170253548858504,-0.035251842995096226,-0.6238259414693563,-0.6271329043260463,0.4604281672732107,-0.15704869023964602,0.11593603344583098,-0.612315723984402,0.08164580932350846,0.251074066056093,0.6502995075485779,-0.8272253636128587,0.25013770552198766,0.43766561542108856,-1.1445930544675471,0.09083494208654769,-0.40944132696424007,-0.7982334127672164,0.1932410212984557,0.7355868509396969,0.5457472716325087,-0.5191829565853376,-0.16625396284128877,-0.23104207578229613,-0.5368682485798223,0.4778527809006904,-0.10119382687526766,0.46672844239846495,0.9964972399200355,0.11654283164023316,0.3729571781247778,-0.635799300255947,-0.3475727527232575,0.5167030917724402,-0.21431343959652066,-0.6159304112922244,0.24238522170608387,0.24819083480860846,-0.26826562477020777,-0.09700266843456538,0.2956120827506825,-0.47241419630660614,-0.596200079003888,-0.003167257362129835,-0.29625230499014515
-0.008795566738905343,-0.6413477852604349,0.2140252632132379,0.22053592387469356,0.0208633925580042,0.3702597661320941,-0.0823081610415029,-0.2972021523204764,-0.5690496449517639,0.31914364183958305,-0.19979806379427262,-0.2642065559259526,-0.11439250300299962,-0.28671365895935014,-0.6952903093713689,0.43168381260185895,-0.10051913036538761,-0.06138656962000461,-0.27396678061302565,0.047655937426139446,0.07099068337680081,0.41549165778529423,-0.7744161658618376,0.3548075545727013,0.509031202575002,-0.8821661815979585,-0.11801145375259701,-0.24981101499633285,-0.7121183792361027,0.3166026576010657,0.6263744717150699,0.3210861077585287,-0.38217176592392077,-0.135665795240673,-0.2547419543682171,-0.5799833603783199,0.5089684556460728,-0.17012818734889934,0.23675951091855513,0.8240674747318532,0.16692927873279884,0.33152534444878373,-0.5505180845829791,-0.32605090521532176,0.38378984585030196,-0.43757202716155713,-0.29929429000154445,0.40886383734002685,0.34726616243764213,-0.1854838404146561,-0.0349963474596933,0.13452182689836292,-0.4191512909863326,-0.8214452086258694,0.117556452583626,-0.24596207942352646
-0.9943513983092286,-2.3497053837798885,0.16440043930206807,0.0208633925580042,0.9701424010622541,1.9342945358961317,-1.2294868813151327,-1.6606048377373477,-1.1770321065332032,1.2205843024639036,-2.781922651754921,-2.4515320624684334,0.48036093426575244,-2.3361236895754773,0.2444528948417958,0.33582158278814594,-0.42337046246511834,1.1624498254511857,-2.3637740997242136,0.22356945783228127,1.236786011664383,1.707082603681603,-0.5743422381946963,-0.5771518887525439,-0.29916045743656466,-2.0292868834757605,1.3704079646713379,-1.1680441005298299,-0.8222777049208028,-0.7340072013721101,0.9490670001392868,1.626485901150449,-1.0328753253972853,-0.25018174206600724,0.09622401514428221,0.09442884613250703,-0.07200279505548668,0.400415355050504,1.6124867149924034,1.4092451763433065,-0.26497612451383906,0.4123750712675898,-0.7364996330578678,-0.26683146849001116,0.9970141717479074,1.3600908609911202,-2.2063702509306413,-1.0029128409710495,-0.5630143381062067,-0.6236663768879793,-0.4143486175026481,1.1129124477227974,-0.4878346219519692,1.260939424481453,-0.7932904194238131,-0.41649014539890655
-1.9645227759505517,-5.566633714606271,0.6434587693976435,0.3702597661320941,1.9342945358961317,4.349309065619913,-2.5349281027042094,-3.7012198648351338,-3.1576193368356096,2.8712564764178548,-5.756878344718541,-5.204213035892722,0.7732944175386576,-5.013407551829544,-0.5585114578837995,1.3027873209884429,-0.9799662663948917,2.189718914877988,-5.046851754189831,0.5115169541850143,2.5318412778666293,3.969290599097495,-2.2847979442559536,-0.6048756413876195,0.17093529607441127,-5.298656057919681,2.5120643718758893,-2.6631288217455795,-2.6742110383227464,-0.9674649426627459,2.7953186181677316,3.6687446080505266,-2.5973324630993773,-0.6929662947784092,-0.19247878768264812,-0.6786680701776538,0.6200630790671791,0.5329692342774625,3.51698950839722,3.9947090966145686,-0.2725429106897665,1.3014614147977126,-2.267015647382426,-1.0088495194190603,2.530020906523561,2.015795796035216,-4.77674438667742,-1.3569532864145892,-0.5859564498485006,-1.5000618875866214,-0.8664653396998908,2.3855716075492324,-1.5825073234532492,1.2487442928563595,-1.3792409359834525,-1.18391703934385
1.2558811689427503,3.1299505581250098,-0.2610356291166554,-0.0823081610415029,-1.2294868813151327,-2.5349281027042094,1.5730776470789578,2.172521117296895,1.631941343602804,-1.6214325983334592,3.5616512138941525,3.161479904045555,-0.5759702341345518,3.020738098836359,-0.13082023585169938,-0.535045240773382,0.5611302967582278,-1.4505774158840967,3.0541543836238123,-0.29300166648859666,-1.5793253093000617,-2.2607066860863676,0.9215323034582724,0.6369704439025855,0.24581040470074883,2.7860484090050144,-1.6995745157534479,1.5394081164885476,1.2214805634402168,0.8457973347853293,-1.359559146996302,-2.1360432736361505,1.4007687850411237,0.3505321568227295,-0.05764542378084731,0.02994655335396214,-0.0376076769658015,-0.46145028656217657,-2.094867884326382,-1.9885461069235162,0.2901594171196777,-0.6076226420016041,1.0695631860846087,0.42197510739120664,-1.3552164435425358,-1.6044476179985825,2.860100023019933,1.162339530067156,0.6222256422315807,0.8355169979942952,0.5310599264316908,-1.43841836375372,0.7227018497534149,-1.3822716751212947,0.9723987985568163,0.5885712096146093
1.6843715187986208,4.729068061308599,-0.5294882277134193,-0.2972021523204764,-1.6606048377373477,-3.7012198648351338,2.172521117296895,3.156933131547938,2.666285720880923,-2.4377926197542554,4.928999412303748,4.44949968415736,-0.6708163854005773,4.279188543911433,0.41675038087814237,-1.0832402311345952,0.8366109824034486,-1.885255546450662,4.315101170084154,-0.43031329666343976,-2.1714289730208507,-3.374720356172123,1.8886409665089359,0.5477723055021595,-0.10678474835703224,4.473082262006489,-2.1710767255869134,2.271444109941357,2.2405159490576407,0.8611536228059344,-2.351950324512215,-3.129396747550179,2.196555356383289,0.5841463211961281,0.13828367917385237,0.5349700350379798,-0.4813588984219379,-0.4711079933709349,-3.000345273992767,-3.358124563244726,0.2436327242788354,-1.0971199759703163,1.8970760609603832,0.8435328469474054,-2.1362028668903768,-1.7712977043799436,4.075354372693835,1.2064061435355216,0.5364770018384611,1.275388611251751,0.7382880605007546,-2.035778667363122,1.322450987077235,-1.148525802446134,1.201059925884401,0.9959852681572974
1.1710625960830239,4.318027147836717,-0.7160501249786613,-0.5690496449517639,-1.1770321065332032,-3.1576193368356096,1.631941343602804,2.666285720880923,2.7798809164889975,-2.205192486765013,3.7216708858746697,3.4993298344381674,-0.26912769209512155,3.4166227484761693,1.4384561170031258,-1.4622761404279472,0.7445370720898513,-1.1937616154618187,3.4243046302942335,-0.3715774851397827,-1.612824108865201,-3.0107772656267917,2.579024688934391,-0.21385732689444464,-0.9208854002744061,4.538229410283814,-1.2990825702328261,1.9801985270827804,2.7258366797792664,0.06863181247246408,-2.6601991452459104,-2.6886597022542635,2.1435989694390973,0.6272593114521654,0.5143835701915017,1.3317804273153455,-1.1706072206846518,-0.04073706351190892,-2.4558120361171465,-3.6752025012770155,-0.11289855434159617,-1.310001010058402,2.2161929817170662,1.1247443351866497,-2.103110525663605,-0.49312111805856673,3.297576160118643,0.1547919144318894,-0.2052350649027435,1.1868384680892268,0.5637229267194579,-1.621920659011554,1.6044556458443542,0.5700151375827828,0.6349578512181024,1.0931941707015203
-1.2339950629166498,-3.7432169626333143,0.48697318699525605,0.31914364183958305,1.2205843024639036,2.8712564764178548,-1.6214325983334592,-2.4377926197542554,-2.205192486765013,1.9257126134348577,-3.6865648543033243,-3.366123753019975,0.4379861733830599,-3.254045322537813,-0.6252808877694699,0.9879008938384736,-0.6546361173550997,1.3474170797926968,-3.2713416447262524,0.33807421983198144,1.6154530316526212,2.652303088584223,-1.7370815858188071,-0.23686134738654124,0.31030960980508543,-3.66970267754042,1.5279272147889447,-1.7691342251167057,-1.9597424582479848,-0.4809767440895673,2.0014718855432587,2.4278193748027,-1.778818240809779,-0.48835705289026526,-0.2207019712763101,-0.6564277019642071,0.5887542519124479,0.265779538042374,2.297917715098797,2.830014878719737,-0.10315875422321008,0.9490885472135387,-1.6385221488200057,-0.7627547420995282,1.736717574522284,1.0896087538462569,-3.1111125933581354,-0.6888982285333529,-0.22997168459018935,-1.0140293799578832,-0.5559079781338961,1.547480604735523,-1.1579743817845647,0.4567346355110684,-0.8191045806937292,-0.8395941647626237
2.843140677441707,7.114618150772032,-0.6055881444670324,-0.19979806379427262,-2.781922651754921,-5.756878344718541,3.5616512138941525,4.928999412303748,3.7216708858746697,-3.6865648543033243,8.067394612470352,7.165221399184802,-1.2985918796161897,6.850913329581236,-0.2549263972731877,-1.2335819952557086,1.2726437455616155,-3.2786211582260036,6.921780957600007,-0.6686546453039615,-3.5748526877347246,-5.136726012901749,2.132743148775075,1.4223383873832407,0.5299535111331832,6.353445248064641,-3.836037254810037,3.4928362085036593,2.8000366918175366,1.8936446712940582,-3.1075381358767142,-4.846381569410776,3.1912360177071255,0.8002386763866378,-0.11271551051418478,0.09910876021490433,-0.11855968257869558,-1.0350895982712267,-4.7524481820222775,-4.5462009200396745,0.6501378584927269,-1.3880142584784956,2.4522883383520995,0.9694655001162127,-3.0898394299747927,-3.603492804056504,6.488007190677969,2.60264084871758,1.385933808727074,1.8985389887674124,1.2051727629349882,-3.2624862821825875,1.6589356338588126,-3.0771578739128924,2.1890929890150037,1.3451559133188713
2.4994298730800235,6.507878691305268,-0.6170253548858504,-0.2642065559259526,-2.4515320624684334,-5.204213035892722,3.161479904045555,4.44949968415736,3.4993298344381674,-3.366123753019975,7.165221399184802,6.399374864006462,-1.092960947368103,6.131116956161257,0.056789186590897565,-1.258432753767697,1.1592451347757198,-2.8538159505798046,6.189993752467481,-0.6049714364820623,-3.16868945217454,-4.679112780802336,2.184186165833474,1.1045271571902404,0.25807338087640846,5.935521435233087,-3.321578098555964,3.1698305035753696,2.7485307789089144,1.5354302109870734,-2.98381532439554,-4.387347076862718,2.956517698739926,0.7578077803278512,0.0026803938142544214,0.32252072989550556,-0.30796913327576364,-0.8395938703028023,-4.268961001963552,-4.325099963727518,0.501844568742173,-1.3554042205541232,2.3754684165478213,0.9848325504230027,-2.8674359568397083,-2.9876593484100997,5.817720118993223,2.1214624798316324,1.077323962129074,1.743040411975102,1.0715419894013305,-2.91873820135149,1.6262331005413009,-2.3708880219643085,1.8764943142431343,1.280841828147632
-0.5023465903282293,-0.8240329471239974,-0.035251842995096226,-0.11439250300299962,0.48036093426575244,0.7732944175386576,-0.5759702341345518,-0.6708163854005773,-0.26912769209512155,0.4379861733830599,-1.2985918796161897,-1.092960947368103,0.3129466146569918,-1.025441998617597,0.5207661708577335,-0.07813636192510434,-0.1546620801519219,0.6269598699627322,-1.0417606794179513,0.09061256622596299,0.5853745269160896,0.6283942881650048,0.14620985616077906,-0.49968093703072763,-0.4476197795014563,-0.5271919658754521,0.761703744883995,-0.44579734270641747,-0.004940656463643756,-0.5526084037970977,0.11867494847912478,0.6374442490032505,-0.30697478457462707,-0.04865117394872432,0.19099846471205512,0.38295225566453656,-0.3223520468661737,0.30253186055882686,0.6837012696916384,0.24493493991007892,-0.23477138776926804,0.012609345436065835,-0.06063964289377277,0.055828120765003535,0.28984317738931326,0.9409506684589427,-0.9517050371701016,-0.7400580157301581,-0.48283076732821867,-0.20831342768199174,-0.19318789216798257,0.4901755222395991,-0.007893019384681996,1.1087685163397194,-0.46543898765217745,-0.07032668037749343
2.382079675275929,6.291894646370547,-0.6238259414693563,-0.28671365895935014,-2.3361236895754773,-5.013407551829544,3.020738098836359,4.279188543911433,3.4166227484761693,-3.254045322537813,6.850913329581236,6.131116956161257,-1.025441998617597,5.882886980090502,0.1634203627728679,-1.2636142589985893,1.1166743724807189,-2.707844237343684,5.932650779008026,-0.5869352785156278,-3.0251597511969033,-4.51748288411214,2.203952538689363,0.999122780346596,0.17013576586634,5.787772498577133,-3.141447324323251,3.0521044277778744,2.7225108991058513,1.4110004657638395,-2.933401101350891,-4.221681957060762,2.874381887744289,0.7417310723118573,0.04527676535778878,0.3945210714782052,-0.37690507915234905,-0.7743551800938856,-4.100107743149068,-4.245366355947541,0.4556014780250089,-1.3357142050623252,2.3479338584418183,0.9842586316628119,-2.7915083572861272,-2.775322720771733,5.585766358075246,1.9528411932376841,0.9698073790428304,1.6860453020605466,1.0277429224410857,-2.8007255798636796,1.6130153816160135,-2.127541143193802,1.7636273477189854,1.2569171460984374
-0.2927094370969679,1.2924133314641515,-0.6271329043260463,-0.6952903093713689,0.2444528948417958,-0.5585114578837995,-0.13082023585169938,0.41675038087814237,1.4384561170031258,-0.6252808877694699,-0.2549263972731877,0.056789186590897565,0.5207661708577335,0.1634203627728679,2.2938345749461173,-1.2695883821113703,0.18674807370399682,0.5693703573121961,0.11724874928844621,-0.07748728992251769,0.1689249837253295,-0.7776178123068451,2.2810692117973654,-1.3177694838183704,-1.7212177751512874,2.160306744067912,0.8143998992388352,0.4247863715963518,2.0095666718840888,-1.243427947980769,-1.6955860239343756,-0.50514086406375025,0.8862705021908315,0.3526504515286243,0.8402732248421453,1.8806165653000102,-1.6417023140638618,0.6714301293389846,-0.2372434713262189,-2.1739663146090202,-0.620071152560529,-0.9292851078781706,1.5173763180083137,0.9571846955764066,-0.9015300085039348,1.8305280229442897,0.2450660045609006,-1.6222866413311234,-1.2860908916190306,0.3930796880634946,-0.022939890714343422,-0.0710338142964873,1.1794720866130615,3.020617599032837,-0.6260641473804471,0.6506272818174654
-0.31684566988149504,-1.9584033831771919,0.4604281672732107,0.43168381260185895,0.33582158278814594,1.3027873209884429,-0.535045240773382,-1.0832402311345952,-1.4622761404279472,0.9879008938384736,-1.2335819952557086,-1.258432753767697,-0.07813636192510434,-1.2636142589985893,-1.2695883821113703,0.9394055987708075,-0.32654934789083057,0.2335436443992741,-1.252582007135847,0.15612068299872944,0.5156155891783725,1.3242846657423246,-1.6683079130913034,0.513140201794347,0.8979888537852536,-2.3230564429609966,0.19054508642198836,-0.8434492522615653,-1.6329665136011284,0.38741699072939834,1.5056219790291436,1.1209173621715784,-1.0526371593551784,-0.33916517115226424,-0.45953076358978656,-1.0957616097618763,0.9573120439741055,-0.2085111523937797,0.9480283611333392,2.021817390882183,0.24683249775338648,0.7740626345264774,-1.2873433801437135,-0.7171334950646516,1.0427572261268363,-0.43207792686353313,-1.248541858456323,0.4818213572013056,0.4985056754739003,-0.5514836642277304,-0.19134717051228406,0.5975600509363993,-0.9591344690865984,-1.20226529329366,-0.01862159624936573,-0.6029479826416813
0.4261795964959042,1.2753410207352815,-0.15704869023964602,-0.10051913036538761,-0.42337046246511834,-0.9799662663948917,0.5611302967582278,0.8366109824034486,0.7445370720898513,-0.6546361173550997,1.2726437455616155,1.1592451347757198,-0.1546620801519219,1.1166743724807189,0.18674807370399682,-0.32654934789083057,0.22578765956280278,-0.4695433245851113,1.1275275273244645,-0.11207955973750458,-0.5596405959679968,-0.9045574255688438,0.566831204701494,0.09555087519934356,-0.0896421013933706,1.2365274470621646,-0.5373025863611682,0.6078255813294754,0.6546263531896233,0.18195668737890147,-0.6727117476469201,-0.8336003283038373,0.6008959062694663,0.16431818396431017,0.06254376762832663,0.20538150992073592,-0.17862395405478695,-0.09848555983423665,-0.7876067682297652,-0.9471088552088935,0.03928197412650392,-0.3214022944633996,0.5443780726135625,0.2552041983794412,-0.5845110957004926,-0.39757956564009056,1.0666724560856005,0.2599346708066137,0.09622809386484608,0.3467170010643931,0.1896391697049216,-0.5307225868419175,0.38429881302831936,-0.19612697465368747,0.29335611356302493,0.2815822002480683
-1.198045769167441,-2.580914472485004,0.11593603344583098,-0.06138656962000461,1.1624498254511857,2.189718914877988,-1.4505774158840967,-1.885255546450662,-1.1937616154618187,1.3474170797926968,-3.2786211582260036,-2.8538159505798046,0.6269598699627322,-2.707844237343684,0.5693703573121961,0.2335436443992741,-0.4695433245851113,1.4281591050687126,-2.7433026362398163,0.25346705990049284,1.4635265445497823,1.8955462189481134,-0.3898057484614631,-0.8387924525339672,-0.5649653590950888,-2.101061174574522,1.6996687883954926,-1.3083586794952569,-0.70782156384581,-1.0103321744207279,0.8949094850184142,1.8333422835844122,-1.096097070490089,-0.24789392990684983,0.2147349961775644,0.34510301366632673,-0.28514206584909974,0.5515991730348211,1.8527971060301502,1.3754476150787174,-0.38851646386597843,0.3624960030692032,-0.6721137340654498,-0.19033016601007852,1.0533364009173243,1.8145175601829038,-2.545900477850616,-1.3702392430752273,-0.8158504384344695,-0.6779807683989951,-0.4878288909525379,1.2911077313386434,-0.42302020384481537,1.8457057063457236,-1.0012464670933314,-0.4051202120081316
2.4075232298084948,6.329213553585458,-0.612315723984402,-0.27396678061302565,-2.3637740997242136,-5.046851754189831,3.0541543836238123,4.315101170084154,3.4243046302942335,-3.2713416447262524,6.921780957600007,6.189993752467481,-1.0417606794179513,5.932650779008026,0.11724874928844621,-1.252582007135847,1.1275275273244645,-2.7433026362398163,5.9905346111695765,-0.5855904329031941,-3.0597926127130823,-4.546086652874882,2.1728723563299086,1.0317995683924444,0.20087466432297155,5.79801962301167,-3.1901600519103077,3.0786053395471935,2.7144617642277247,1.4515527273575424,-2.9334838456510464,-4.25781919864635,2.882602332064345,0.7424623862644194,0.02373699556646478,0.3638465961216812,-0.3406666703229987,-0.7932668038020566,-4.1336471378894535,-4.240694277504681,0.4666157997241033,-1.3388024303763282,2.3375701950025536,0.9805972430110159,-2.7960138180709504,-2.8392130664487345,5.631647624797437,2.008918172365387,1.0073714772196403,1.6975981556823485,1.0346954639781363,-2.823896396967335,1.6044779720656708,-2.2119770935157823,1.7991092482703364,1.2564114786057419
-0.22956589755720266,-0.6518623177332763,0.08164580932350846,0.047655937426139446,0.22356945783228127,0.5115169541850143,-0.29300166648859666,-0.43031329666343976,-0.3715774851397827,0.33807421983198144,-0.6686546453039615,-0.6049714364820623,0.09061256622596299,-0.5869352785156278,-0.07748728992251769,0.15612068299872944,-0.11207955973750458,0.25346705990049284,-0.5855904329031941,0.0640722416704585,0.29196402185455367,0.4649708993340817,-0.28201240257736837,-0.06685624934085739,0.024123661839313415,-0.6285684434114032,0.2866092691954949,-0.3076183152219551,-0.3161998581732324,-0.10503211818649057,0.3289516189851613,0.42486059163070305,-0.30771155635140224,-0.08173799314913753,-0.030253572992231182,-0.08546566457880767,0.08543193862787116,0.06036368618776941,0.41097917323645367,0.47658357098955795,-0.03314900885505723,0.1491767412446558,-0.2729604981671799,-0.11746490852850558,0.3019290929788458,0.22530788997573692,-0.5592502450687067,-0.1465325970995383,-0.06006914948954736,-0.17410138380913998,-0.10333706827681374,0.2797569399124297,-0.1900668853469697,0.12835691094760132,-0.15285797214839772,-0.14053586153301825
-1.2638042024413507,-3.1169744280893723,0.251074066056093,0.07099068337680081,1.236786011664383,2.5318412778666293,-1.5793253093000617,-2.1714289730208507,-1.612824108865201,1.6154530316526212,-3.5748526877347246,-3.16868945217454,0.5853745269160896,-3.0251597511969033,0.1689249837253295,0.5156155891783725,-0.5596405959679968,1.4635265445497823,-3.0597926127130823,0.29196402185455367,1.5865800597921182,2.2538660994016717,-0.8857354600041445,-0.6593046879712121,-0.27416793015380453,-2.757603404454426,1.717522815732168,-1.536790374874909,-1.1923208485396024,-0.8683446822833398,1.3357929380890874,2.13389581825174,-1.389748049346846,-0.34585679141942427,0.07174524887665021,2.0227593785291463e-4,0.010156958376699523,0.4732763406963039,2.0966429213361946,1.958218675097529,-0.30052535067878144,0.5946971662487371,-1.0473870846653013,-0.40777194063922445,1.3436531871501272,1.6384878149337225,-2.8629825920341787,-1.191968659348577,-0.6450613274069562,-0.831239273017719,-0.5324058981021329,1.4405945918538476,-0.7053490957880807,1.4349321517279818,-0.9856747033012779,-0.5794822716544469
-1.726163991154809,-5.15498868107218,0.6502995075485779,0.41549165778529423,1.707082603681603,3.969290599097495,-2.2607066860863676,-3.374720356172123,-3.0107772656267917,2.652303088584223,-5.136726012901749,-4.679112780802336,0.6283942881650048,-4.51748288411214,-0.7776178123068451,1.3242846657423246,-0.9045574255688438,1.8955462189481134,-4.546086652874882,0.4649708993340817,2.2538660994016717,3.6576428363035816,-2.3224595970518345,-0.38089091061182334,0.3651256276116935,-5.016326765307452,2.1579322894570754,-2.4455303485909647,-2.6475776488451395,-0.7192324938636524,2.718102655690177,3.358157969728183,-2.4377031779535874,-0.6652599759634577,-0.2713270192394556,-0.839046961123336,0.7507203755859887,0.395709191427997,3.1853602691877496,3.8479390445098196,-0.16588001480493614,1.286320725980783,-2.2170697819678336,-1.0251039326953066,2.377488104234734,1.5883003083749412,-4.315526332877168,-1.0246109981990343,-0.3719605886000514,-1.3959239044831768,-0.7727244061157497,2.148330143133573,-1.5630963996609324,0.7571316899558422,-1.1662429101548109,-1.1417986310995851
0.5455402411440925,3.4367657900470565,-0.8272253636128587,-0.7744161658618376,-0.5743422381946963,-2.2847979442559536,0.9215323034582724,1.8886409665089359,2.579024688934391,-1.7370815858188071,2.132743148775075,2.184186165833474,0.14620985616077906,2.203952538689363,2.2810692117973654,-1.6683079130913034,0.566831204701494,-0.3898057484614631,2.1728723563299086,-0.28201240257736837,-0.8857354600041445,-2.3224595970518345,2.980249698183923,-0.9280663840798012,-1.6062156861283825,4.10551854853146,-0.300610395700823,1.4687976286105318,2.8900489286756073,-0.7161477152008875,-2.659108380217621,-1.9528050538578923,1.8583635801886007,0.599010747678105,0.8328927988612722,1.9579227144816704,-1.7260903091402224,0.3806660811676624,-1.6545994586749126,-3.582720146587307,-0.43951196678669535,-1.3597407250569693,2.287647889219495,1.2662860682865134,-1.8458014766826987,0.8104666281493178,2.179537189277309,-0.8965919370108143,-0.9110456548566764,0.9649741705260808,0.33667433147378234,-1.0430301806556483,1.7036690719892875,2.1903966155999797,0.0024895476913083044,1.0669946808967103
0.61609972937502,0.4065343081176568,0.25013770552198766,0.3548075545727013,-0.5771518887525439,-0.6048756413876195,0.6369704439025855,0.5477723055021595,-0.21385732689444464,-0.23686134738654124,1.4223383873832407,1.1045271571902404,-0.49968093703072763,0.999122780346596,-1.3177694838183704,0.513140201794347,0.09555087519934356,-0.8387924525339672,1.0317995683924444,-0.06685624934085739,-0.6593046879712121,-0.38089091061182334,-0.9280663840798012,0.9639168129857142,1.0473776936131687,-0.19471180067360777,-1.060914302405913,0.3135816847515412,-0.6804522352377331,0.9924917443180025,0.4563023824764513,-0.4829909125503728,0.01332091885154185,-0.07040638647802883,-0.4832200910044546,-1.0355622060965084,0.8913827206216471,-0.5403691932949284,-0.621707831270758,0.4900146563471438,0.4529670084343611,0.30395834693038687,-0.4553523460303794,-0.3836851434378717,0.00954227964317574,-1.592012525012708,0.8951790855275683,1.3146508783768394,0.9351750709199557,0.08040909378547138,0.20662269662669644,-0.48004144954839095,-0.39433659090051654,-2.1711338004516305,0.6920475402740982,-0.1496683541772809
0.3413767994194157,-0.6681347086960843,0.43766561542108856,0.509031202575002,-0.29916045743656466,0.17093529607441127,0.24581040470074883,-0.10678474835703224,-0.9208854002744061,0.31030960980508543,0.5299535111331832,0.25807338087640846,-0.4476197795014563,0.17013576586634,-1.7212177751512874,0.8979888537852536,-0.0896421013933706,-0.5649653590950888,0.20087466432297155,0.024123661839313415,-0.27416793015380453,0.3651256276116935,-1.6062156861283825,1.0473776936131687,1.3126781943853865,-1.343142664612287,-0.7670916814492166,-0.17583371268275613,-1.388534758752519,1.0059045503277515,1.1409550490528197,0.17903449204421892,-0.5256571508356405,-0.23035781439813577,-0.626941146006086,-1.403194424928904,1.21342028362169,-0.5469475113153173,-0.023765205786409983,1.4298378434386345,0.4961675620581398,0.6443049873824274,-1.0270535917382322,-0.6798004279510849,0.5386866222560368,-1.517659510312827,0.09316064865169232,1.3159069207029646,1.0158978339810483,-0.21663964688738013,0.07136742058654871,-0.08675872774661773,-0.8103500127054724,-2.381329691970806,0.5533610091309406,-0.42956908319632137
2.029808937886428,7.170305826860759,-1.1445930544675471,-0.8821661815979585,-2.0292868834757605,-5.298656057919681,2.7860484090050144,4.473082262006489,4.538229410283814,-3.66970267754042,6.353445248064641,5.935521435233087,-0.5271919658754521,5.787772498577133,2.160306744067912,-2.3230564429609966,1.2365274470621646,-2.101061174574522,5.79801962301167,-0.6285684434114032,-2.757603404454426,-5.016326765307452,4.10551854853146,-0.19471180067360777,-1.343142664612287,7.4426065327436755,-2.3050666047668136,3.3034147882489555,4.372206431779201,0.26865152024117117,-4.3000339546416795,-4.49664585239786,3.5329430993848616,1.0206322142277697,0.7757022311169912,2.023921748317026,-1.7931915561132248,-0.15532091953179544,-4.143158244209726,-5.974555764915352,-0.10711396213216794,-2.0980934381136955,3.5788483978101064,1.7835950399691547,-3.4656435883888097,-1.064700436658763,5.574617049480411,0.4587046008281965,-0.1918118273378248,1.9629838229383687,0.964798496703557,-2.7491959352566693,2.5790477022469944,0.5966530638036446,1.1487026849544244,1.7753733719107125
-1.4126369435727297,-2.923985247624339,0.09083494208654769,-0.11801145375259701,1.3704079646713379,2.5120643718758893,-1.6995745157534479,-2.1710767255869134,-1.2990825702328261,1.5279272147889447,-3.836037254810037,-3.321578098555964,0.761703744883995,-3.141447324323251,0.8143998992388352,0.19054508642198836,-0.5373025863611682,1.6996687883954926,-3.1901600519103077,0.2866092691954949,1.717522815732168,2.1579322894570754,-0.300610395700823,-1.060914302405913,-0.7670916814492166,-2.3050666047668136,2.034752473440748,-1.5001603059404325,-0.697289471225085,-1.2595933074317727,0.9356154492593736,2.1065768867625603,-1.2179035627146406,-0.26622157351267045,0.3084068132225068,0.5227318331582624,-0.44414108490390847,0.6851277573274309,2.14230547974842,1.4590792884894153,-0.48928857970885903,0.3674493279577329,-0.6821775003979091,-0.16317414112576242,1.1653748269346975,2.233818820151765,-2.9478722551869176,-1.7054032372951375,-1.0361251612978077,-0.7661970337076576,-0.5675369859358175,1.4978890464298813,-0.4154838581297182,2.349736445350285,-1.2112953805081017,-0.42971398480963935
1.180339008370798,3.4392623559087174,-0.40944132696424007,-0.24981101499633285,-1.1680441005298299,-2.6631288217455795,1.5394081164885476,2.271444109941357,1.9801985270827804,-1.7691342251167057,3.4928362085036593,3.1698305035753696,-0.44579734270641747,3.0521044277778744,0.4247863715963518,-0.8434492522615653,0.6078255813294754,-1.3083586794952569,3.0786053395471935,-0.3076183152219551,-1.536790374874909,-2.4455303485909647,1.4687976286105318,0.3135816847515412,-0.17583371268275613,3.3034147882489555,-1.5001603059404325,1.6432068469371126,1.7107239553602112,0.5437822452755365,-1.772203597825337,-2.258283617626417,1.6120338259364946,0.43592015800679546,0.14304469511565926,0.4884107655085214,-0.43128095681582784,-0.29626434833848975,-2.147784501350756,-2.511035511798088,0.1353099485804509,-0.8377379896415692,1.4340475750417476,0.6573269048459862,-1.5685591593674182,-1.157505834675855,2.9120595894434316,0.7695052802612617,0.3105937400313833,0.9313108242340032,0.5221917415063283,-1.4512611685742365,1.0072666549223146,-0.648724264786086,0.8225720502202349,0.7456156806498359
0.7967610737289423,3.866762441119322,-0.7982334127672164,-0.7121183792361027,-0.8222777049208028,-2.6742110383227464,1.2214805634402168,2.2405159490576407,2.7258366797792664,-1.9597424582479848,2.8000366918175366,2.7485307789089144,-0.004940656463643756,2.7225108991058513,2.0095666718840888,-1.6329665136011284,0.6546263531896233,-0.70782156384581,2.7144617642277247,-0.3161998581732324,-1.1923208485396024,-2.6475776488451395,2.8900489286756073,-0.6804522352377331,-1.388534758752519,4.372206431779201,-0.697289471225085,1.7107239553602112,2.9069401908653596,-0.4279397188916815,-2.7337930693078696,-2.2939968172150427,2.0127800477022575,0.6259931382263786,0.7238701577125728,1.769391337363059,-1.544683760349365,0.2301414157595272,-2.0047154536033442,-3.705630750330757,-0.33210145421815457,-1.3864303499235358,2.3137823157902564,1.2511808188772067,-1.9856171251379207,0.3259841439846623,2.661915990162279,-0.5063277990908089,-0.6574838358652979,1.0788106598776674,0.42810754846925064,-1.2894989486180028,1.7074070569457123,1.6146124639789412,0.25528044121319843,1.1043307066712023
0.7717024949080636,0.8849763312450432,0.1932410212984557,0.3166026576010657,-0.7340072013721101,-0.9674649426627459,0.8457973347853293,0.8611536228059344,0.06863181247246408,-0.4809767440895673,1.8936446712940582,1.5354302109870734,-0.5526084037970977,1.4110004657638395,-1.243427947980769,0.38741699072939834,0.18195668737890147,-1.0103321744207279,1.4515527273575424,-0.10503211818649057,-0.8683446822833398,-0.7192324938636524,-0.7161477152008875,0.9924917443180025,1.0059045503277515,0.26865152024117117,-1.2595933074317727,0.5437822452755365,-0.4279397188916815,1.0576333957722912,0.19822824105781298,-0.7976572687978098,0.2377502143279553,-0.007764651689204742,-0.46056350809153396,-0.9515491594487958,0.8251574324328008,-0.5734129800079172,-0.9146040192383202,0.13319215744392787,0.46202985334627444,0.1764952635337438,-0.25052996940161365,-0.2827324451574449,-0.2072505732238345,-1.734661131211639,1.2894635481203414,1.4091141707618642,0.96887217406892,0.21173870984879228,0.2745414149982069,-0.6753517126413882,-0.2484841679787588,-2.2365892601702217,0.803092001885256,-0.04304265262054057
-0.9322533238738686,-3.935654685525138,0.7355868509396969,0.6263744717150699,0.9490670001392868,2.7953186181677316,-1.359559146996302,-2.351950324512215,-2.6601991452459104,2.0014718855432587,-3.1075381358767142,-2.98381532439554,0.11867494847912478,-2.933401101350891,-1.6955860239343756,1.5056219790291436,-0.6727117476469201,0.8949094850184142,-2.9334838456510464,0.3289516189851613,1.3357929380890874,2.718102655690177,-2.659108380217621,0.4563023824764513,1.1409550490528197,-4.3000339546416795,0.9356154492593736,-1.772203597825337,-2.7337930693078696,0.19822824105781298,2.6129431034605997,2.390592011517198,-2.0030397502956268,-0.6060708348676437,-0.6084214388621633,-1.5219525834720085,1.3305460312431823,-0.10538700601119763,2.1341854686732757,3.570228938446574,0.227072064690822,1.3091354344478003,-2.194951963201215,-1.1562359511414757,1.970563067601967,0.03996522777936818,-2.8494746063089234,0.20225258043089864,0.43936706241543855,-1.090707850799187,-0.4723031154948526,1.3908857056083157,-1.6065412823457212,-1.107982724242134,-0.412432080514793,-1.0632292478128271
-1.6464601472820104,-4.714880898702175,0.5457472716325087,0.3210861077585287,1.626485901150449,3.6687446080505266,-2.1360432736361505,-3.129396747550179,-2.6886597022542635,2.4278193748027,-4.846381569410776,-4.387347076862718,0.6374442490032505,-4.221681957060762,-0.50514086406375025,1.1209173621715784,-0.8336003283038373,1.8333422835844122,-4.25781919864635,0.42486059163070305,2.13389581825174,3.358157969728183,-1.9528050538578923,-0.4829909125503728,0.17903449204421892,-4.49664585239786,2.1065768867625603,-2.258283617626417,-2.2939968172150427,-0.7976572687978098,2.390592011517198,3.107319887640149,-2.2006790108134755,-0.5907143950377297,-0.16923315726257607,-0.6069767409095036,0.5395428738002621,0.4352820631441435,2.9663497376099026,3.398992185967471,-0.21180035655852608,1.123455497957349,-1.9315185297803805,-0.8734108509831187,2.1407696225812227,1.6695231847073329,-4.024670050881287,-1.1231036467630644,-0.4762369956398061,-1.2742232465575358,-0.7250039014816637,2.0078509020170237,-1.3521379171686374,1.0070520462052033,-1.1601132994624812,-1.0087203498803994
1.0375650577088866,3.4691162992835913,-0.5191829565853376,-0.38217176592392077,-1.0328753253972853,-2.5973324630993773,1.4007687850411237,2.196555356383289,2.1435989694390973,-1.778818240809779,3.1912360177071255,2.956517698739926,-0.30697478457462707,2.874381887744289,0.8862705021908315,-1.0526371593551784,0.6008959062694663,-1.096097070490089,2.882602332064345,-0.30771155635140224,-1.389748049346846,-2.4377031779535874,1.8583635801886007,0.01332091885154185,-0.5256571508356405,3.5329430993848616,-1.2179035627146406,1.6120338259364946,2.0127800477022575,0.2377502143279553,-2.0030397502956268,-2.2006790108134755,1.6887814421608611,0.4796879868302053,0.31735319650078964,0.8522462387127189,-0.758190014656607,-0.13383588823721299,-2.0474543238063916,-2.7993642085858585,-9.904486219731693e-4,-0.968147045541955,1.6590218577126994,0.8092090255079514,-1.654207211601178,-0.6841605238720763,2.7611371698445843,0.36392806230820995,0.011545049959622208,0.9461685992205321,0.48364294677720493,-1.3659524850075824,1.188213315191604,0.04559412873527964,0.6248033159345139,0.8313471741706979
0.24805233179736047,0.9572639070632641,-0.16625396284128877,-0.135665795240673,-0.25018174206600724,-0.6929662947784092,0.3505321568227295,0.5841463211961281,0.6272593114521654,-0.48835705289026526,0.8002386763866378,0.7578077803278512,-0.04865117394872432,0.7417310723118573,0.3526504515286243,-0.33916517115226424,0.16431818396431017,-0.24789392990684983,0.7424623862644194,-0.08173799314913753,-0.34585679141942427,-0.6652599759634577,0.599010747678105,-0.07040638647802883,-0.23035781439813577,1.0206322142277697,-0.26622157351267045,0.43592015800679546,0.6259931382263786,-0.007764651689204742,-0.6060708348676437,-0.5907143950377297,0.4796879868302053,0.14211911719424744,0.12658911253678082,0.32224452825196115,-0.2829063510843553,0.0034391528048757967,-0.5355970338950469,-0.83440032420188,-0.0356761738185969,-0.3001446314873441,0.5068702626224347,0.2605409708512801,-0.47122587828901075,-0.07342140070258274,0.7175324833833091,0.003921428276115511,-0.06771167780727591,0.26369361827157634,0.12145621030286555,-0.35199370069657887,0.36844286854739816,0.17832079128552142,0.12598272797303128,0.24823249172349088
-0.11157442364590955,0.45340072589278546,-0.23104207578229613,-0.2547419543682171,0.09622401514428221,-0.19247878768264812,-0.05764542378084731,0.13828367917385237,0.5143835701915017,-0.2207019712763101,-0.11271551051418478,0.0026803938142544214,0.19099846471205512,0.04527676535778878,0.8402732248421453,-0.45953076358978656,0.06254376762832663,0.2147349961775644,0.02373699556646478,-0.030253572992231182,0.07174524887665021,-0.2713270192394556,0.8328927988612722,-0.4832200910044546,-0.626941146006086,0.7757022311169912,0.3084068132225068,0.14304469511565926,0.7238701577125728,-0.46056350809153396,-0.6084214388621633,-0.16923315726257607,0.31735319650078964,0.12658911253678082,0.3109216787223,0.6852496035826684,-0.6044250274877152,0.2467619526813097,-0.07611674198500243,-0.7851171756941786,-0.22444096473986455,-0.33047126222059187,0.5504809334571291,0.3434676393663239,-0.3249260523737288,0.6782764376557008,0.07572472626665105,-0.6026455313107593,-0.4751432175211078,0.1368422887050877,-0.009131235573814367,-0.01950348308382514,0.42747830316712854,1.1142504961228827,-0.23807566135124222,0.23431075351910016
-0.13438148155843987,1.3408613534368472,-0.5368682485798223,-0.5799833603783199,0.09442884613250703,-0.6786680701776538,0.02994655335396214,0.5349700350379798,1.3317804273153455,-0.6564277019642071,0.09910876021490433,0.32252072989550556,0.38295225566453656,0.3945210714782052,1.8806165653000102,-1.0957616097618763,0.20538150992073592,0.34510301366632673,0.3638465961216812,-0.08546566457880767,2.0227593785291463e-4,-0.839046961123336,1.9579227144816704,-1.0355622060965084,-1.403194424928904,2.023921748317026,0.5227318331582624,0.4884107655085214,1.769391337363059,-0.9515491594487958,-1.5219525834720085,-0.6069767409095036,0.8522462387127189,0.32224452825196115,0.6852496035826684,1.5576484915746578,-1.3533477543212635,0.5158393338816486,-0.3777751988915426,-1.966525344551198,-0.4907575643024487,-0.8261358537961836,1.343914087708326,0.8308183162786803,-0.8590993053133533,1.3711786158986263,0.44871761719372244,-1.235055361309073,-1.0057498055198213,0.3990034637047068,0.024660071838020964,-0.18178492073447397,1.0363359562160936,2.3716245477323907,-0.4278656434494862,0.5886096121870017
