V1,V2,V3,V4,V5,V6,V7,V8,V9,V10,V11,V12,V13,V14,V15,V16,V17,V18,V19,V20,V21,V22,V23,V24,V25,V26,V27,V28,V29,V30,V31,V32,V33,V34,V35,V36,V37,V38,V39,V40,V41,V42,V43,V44,V45,V46,V47,V48,V49,V50,V51,V52,V53,V54,V55,V56
13.73931040251612,9.755276658271493,10.453584451927963,-9.099251687737528,-5.3983096839838485,6.0840172882730705,-1.2782677403749838,-3.7977977425848026,3.3290639421853534,3.1414573459157733,5.559368515448009,6.303580370514898,-10.438187225129658,-0.8142556201989399,-4.990187211187821,0.6941389930280345,0.6685066211439686,-2.786750462945491,8.905955629398669,3.126281586835812,11.490162715209935,-0.09226793380996746,2.380609099980023,11.961790018978165,-1.3088216845288079,4.820200732729524,-2.8318889248946983,3.1291063547774733,-5.916802863747014,4.4823674769113495,7.364064085251882,5.926348032755291,0.43186800746347553,-3.8783624041507543,-7.627214796203234,-2.7298140861689433,-12.794024503705877,9.221345694169075,6.374362646339434,0.49810081886408963,1.6894194468003534,8.18143789121462,0.716424088887728,-13.335047014679054,-0.788473641106047,-1.9647700720428842,15.102612163084476,3.996787675385558,-1.5398022326190717,1.1956858464372786,-2.279822040973172,8.127302052113198,-1.0567935157360444,1.4948148435263031,7.159348704283271,7.651399837944381
9.755276658271493,7.693000729454166,7.056394384076447,-6.416444875359637,-4.045960788668721,3.43119460926294,-0.34794605450469757,-1.9091204811213456,2.8233999553622007,1.6777703985649677,4.626882526342655,5.300657476438112,-7.28711775073447,0.2083662619479792,-3.3017921690064767,0.12888196337573163,0.6277594402319985,-2.222844179010435,7.015039101788668,1.999555829818499,7.432486684693083,-0.6772092483619074,2.0027639274251237,8.429088981336402,-0.9973998341675612,4.327954964366036,-2.41197427845307,2.608632793127304,-3.6256454726772915,3.20023608498429,4.6716943836264955,3.534211877209664,0.6677555921718481,-2.6410529029012886,-5.2491047463820015,-1.6909514963428416,-8.763537748491396,6.340900822568533,3.825784214553378,-0.36059510248461474,1.2744434893019596,5.30225689718131,0.888852719254671,-8.980184911529268,-0.9732784720813598,-1.7688674244929854,11.220495225938448,3.0557259151798983,-0.9923224228497776,0.9992006197403741,-1.4295980775908184,5.144011025352996,-0.45668777758986373,0.7957732929677742,5.20586130706864,5.417463012558529
10.453584451927963,7.056394384076447,8.188729347495073,-6.973103428282122,-4.003185352377073,5.126296478903864,-1.2476099066980995,-3.285978144806096,2.31725160491777,2.70109586828603,3.8500474668385567,4.387225472801637,-8.006498729197533,-1.0655246906881124,-3.930559928195435,0.6846275884082491,0.4519795682116471,-1.9716642926840913,6.454652251780246,2.5182020885557574,9.138239580495997,0.26006477542474526,1.6228414647637908,9.16257943388094,-1.0052781503332946,3.2074766937371173,-1.9594550971647455,2.212493771557372,-4.786512810466608,3.41140187709386,5.89230582871906,4.864896676857211,0.11894448646097165,-3.0307609115542555,-5.939688608614207,-2.1857011673256936,-9.877104817653192,7.166616551169983,5.253078096459413,0.7661465261979182,1.228504650183209,6.4456384737241335,0.3344823803959181,-10.392169072684352,-0.3604306019009388,-1.3100158335419108,11.246194528991348,2.969446908485006,-1.2242242692613743,0.841226055572264,-1.8567254257724184,6.535706409542781,-0.963533552618858,1.2590358525088663,5.430964046621015,5.840424430312151
-9.099251687737528,-6.416444875359637,-6.973103428282122,6.310928972063041,3.571020161831261,-4.1990028376656285,0.7105237271930209,2.514871348998345,-2.088307888538794,-2.2175558617430435,-3.1192342897944045,-4.237197406173115,6.930877174678255,0.9176627298888864,3.3115037114128087,-0.23682267520106212,-0.4018248576847824,1.6526911231758041,-5.8555928154723995,-1.9531052051746236,-7.696867591093428,-0.22977549175937387,-1.443094374894738,-8.25113362540013,0.9968141104428412,-3.292533461197583,1.909839368683998,-1.9956040136810902,4.125926955003563,-2.8708671299690622,-5.266883024637234,-4.311365965295586,-0.0261013320077047,2.844992337136517,5.201932441902911,1.7126419467630303,8.219018417567474,-6.405702274517731,-4.481201024860821,-0.4308737971415817,-1.302383405384846,-5.322170938604266,-0.4171674239921094,8.963588784254782,0.44462664758445014,1.4485574052626384,-10.017855864342716,-2.818660099052006,1.1196513773708396,-0.5466065404968666,1.573857865303702,-5.436871821868086,0.7722026042476313,-0.9792145418534692,-4.8626095565726315,-4.973131757578638
-5.3983096839838485,-4.045960788668721,-4.003185352377073,3.571020161831261,2.181476005755693,-2.144715686026474,0.3396240234927931,1.269871789324685,-1.4325340618593398,-1.080259326948585,-2.3559975135202156,-2.7110644775477013,4.063622844890277,0.11258748711400408,1.8928053025942484,-0.16409910701809372,-0.3025261755815729,1.158021843723326,-3.6876918514072337,-1.1615078598411537,-4.3085082250847835,0.19945715217086196,-1.0168807128554482,-4.68728759272683,0.5368378490392082,-2.1524210149741605,1.2276856803681533,-1.3345865957619492,2.168397790633459,-1.761067804195534,-2.7489188158785254,-2.1495096512701024,-0.2631952744032825,1.4998918102442784,2.9515894052623874,0.9973285451769346,4.925162301020502,-3.574734148244669,-2.3111494313262995,0.005437379987583851,-0.6914607150622819,-3.067814578644439,-0.38804361668061527,5.1057454569623335,0.42494833715488295,0.8823633803247586,-6.071875256610819,-1.6348563168976247,0.5797135040820216,-0.5012803964148099,0.8445911805867354,-3.0175769870261098,0.3335408137460944,-0.5161197150253845,-2.850653677745614,-2.997600341040019
6.0840172882730705,3.43119460926294,5.126296478903864,-4.1990028376656285,-2.144715686026474,3.8405672932881507,-1.169528784970981,-2.600948234379219,0.91741212197524,2.1123384863286545,1.4488207657904055,1.853905491175076,-4.770270117964931,-1.4566018405097578,-2.507725085074712,0.6350618928537504,0.12498714071970321,-0.8606247929077584,3.1454552701416794,1.63694678643185,5.991173294657184,0.7885987879992953,0.6088000768712555,5.498509591523422,-0.5890190454006855,1.102845499080151,-0.8048868434069583,0.9382297331276496,-3.3490230337807176,1.9425671774845696,4.041701673055928,3.546851629139313,-0.3424065467232327,-1.9589937799053867,-3.6738701257481985,-1.4464441010306215,-5.935370447998874,4.470219155463003,3.771833609124589,1.1129622401489587,0.6960036550421084,4.144604618395398,-0.16465652991075658,-6.51567181497105,0.191973334903611,-0.4828644257815821,6.1139083547621205,1.6081287916781084,-0.8325646108248145,0.2821149080431817,-1.2811994903401234,4.388323803033949,-0.844709860769676,0.9612939964277754,3.1154209801122854,3.387687684117125
-1.2782677403749838,-0.34794605450469757,-1.2476099066980995,0.7105237271930209,0.3396240234927931,-1.169528784970981,0.6397477417553961,0.9673068278211553,-0.033299537640950394,-0.6503511288717706,-0.334709253094883,0.09341917210541335,1.0604747121834595,0.46352837277534625,0.6527867211373622,-0.47922660930026517,0.021227940353823253,0.1820787657799759,-0.33229713655463605,-0.5492279024404567,-1.5946140286784294,-0.2907264901978013,-0.053829406188492135,-0.9687959678630073,0.0030351436993207178,0.32255696956812696,-0.06926347302992177,-0.0502362568536748,0.8652563488882072,-0.47135964997662255,-0.8734529435277956,-0.8371711119587641,0.0857436578121358,0.2819059297962443,0.7661921178210195,0.5039520807629326,1.5985391940585227,-0.8455302106172496,-0.996250126095269,-0.5517561171125817,0.026314587513715407,-1.2052167228680968,0.20141476494375152,1.537073418938813,-0.21215077957993714,-0.20154290636921476,-1.012611880352625,-0.10937549087274338,0.15886016400478017,-0.1565428604499845,0.3286888997941819,-1.2242600211120878,0.2865370649415403,-0.3443011036565782,-0.5112391637337707,-0.7895345652152502
-3.7977977425848026,-1.9091204811213456,-3.285978144806096,2.514871348998345,1.269871789324685,-2.600948234379219,0.9673068278211553,1.8778272864595573,-0.46817691011684026,-1.4363115695843238,-0.924702472397342,-0.8652154869632664,3.015958152806895,0.9916130005040883,1.636521133221699,-0.6087297007593019,-0.041931008097107224,0.54281248250678,-1.7585656661815645,-1.131633590320392,-3.936871584655391,-0.5666256464101256,-0.3469979111135405,-3.322388482801571,0.28118935779727483,-0.35846707180861154,0.3558934316764187,-0.48555610293197576,2.196733265069068,-1.2460477716661036,-2.5446624879638846,-2.2749469709974295,0.21779337260732004,1.1438232458395288,2.275626056044643,1.0301686087375044,3.9212237467501154,-2.722674680099277,-2.468348893416998,-0.881207318954192,-0.3426644157932617,-2.8013522532563537,0.19838021083478266,4.172546681388213,-0.21384671699501143,0.1210269551118065,-3.65347714210027,-0.8575884691308602,0.5120566384480911,-0.22829186529355963,0.8261963889034523,-2.908916963918661,0.5915953099953603,-0.6862680888772853,-1.84361927843188,-2.1558743618250564
3.3290639421853534,2.8233999553622007,2.31725160491777,-2.088307888538794,-1.4325340618593398,0.91741212197524,-0.033299537640950394,-0.46817691011684026,1.113896586574553,0.4042144196080952,1.92069441037969,1.9811346846184683,-2.4518258725828606,0.37183863909356263,-1.0711167214364594,0.029356966699117637,0.2683870410083359,-0.8754943393625972,2.5751951682384098,0.677759512327723,2.3441106029585557,-0.4678866762098472,0.794418095573217,2.755194050267308,-0.32182653155699653,1.652622254618912,-0.9064903117932825,1.0125402838405775,-1.0310890152652463,1.1316923943278838,1.333285216299049,0.920704865880081,0.39442026238942385,-0.7857499265023323,-1.7129043743050778,-0.5480860476809674,-2.9982000622479563,2.0244945197488247,1.0649639353023206,-0.3179054250619035,0.3852305082219212,1.71624572169694,0.40715547038470473,-2.905782278854035,-0.44781635572984757,-0.641124816246937,3.9405159953506352,1.0434060549628852,-0.28138446014231044,0.4611604611708623,-0.428177847506017,1.5993009439677355,-0.0652782694316641,0.21106473862180425,1.7741100953963045,1.8798575442471879
3.1414573459157733,1.6777703985649677,2.70109586828603,-2.2175558617430435,-1.080259326948585,2.1123384863286545,-0.6503511288717706,-1.4363115695843238,0.4042144196080952,1.1814318964543742,0.588674329517356,0.8701385729839984,-2.4884314036456634,-0.8940436727327533,-1.3236374639198492,0.3351505419732881,0.044061173212333125,-0.3864527317678138,1.5477557464596798,0.8538613874566819,3.2012291544808993,0.5227209768145551,0.26477422952180835,2.9085083911629317,-0.31548234190359437,0.47861048399995093,-0.3713134412021051,0.42932791235167467,-1.831120595053855,0.990253404216231,2.211759891219512,1.9728352520954167,-0.25766664763977887,-1.0685771977002458,-1.9444972297356369,-0.768505196634697,-3.072549193190865,2.375042500663946,2.077769768576709,0.6801849177643389,0.3782751166592861,2.188903208914952,-0.1404495660536235,-3.442941389367727,0.1605119852693749,-0.22716621217825106,3.1075685212557143,0.835094951420946,-0.4570830478987507,0.09746833194715059,-0.6917540148189546,2.3477696033676936,-0.48418986106485135,0.5164535998937806,1.6120460341719103,1.7393741849526856
5.559368515448009,4.626882526342655,3.8500474668385567,-3.1192342897944045,-2.3559975135202156,1.4488207657904055,-0.334709253094883,-0.924702472397342,1.92069441037969,0.588674329517356,3.8290402329278477,3.0775926450957507,-4.102148434093994,0.9969731096260718,-1.816752961466634,0.4104125434693994,0.4668131272593628,-1.6773980937235236,4.230126605482441,1.3071993036067235,3.9288467969038203,-1.0544704536351721,1.46523168115775,4.191607528438019,-0.3366670880158259,2.4717485597907864,-1.3917152700866395,1.7081285429756126,-1.566449150670262,2.01111022353616,1.824970771634312,1.1611944089246842,0.9407047489000346,-0.9701038582977823,-2.67734546683022,-1.097379009310848,-5.408322250107655,3.010139127618022,1.5571605508285882,-0.5381916019217869,0.40528085867675173,3.1018202516567848,0.6921170953787755,-4.772851530771482,-0.7872284238423696,-0.8131400676442538,6.4759521585581235,1.4698254484134932,-0.35988439827797786,1.060146426348138,-0.6517371584418535,2.69543332808247,-0.06654985379722253,0.409072787891703,2.762378708132702,3.2596294056720168
6.303580370514898,5.300657476438112,4.387225472801637,-4.237197406173115,-2.7110644775477013,1.853905491175076,0.09341917210541335,-0.8652154869632664,1.9811346846184683,0.8701385729839984,3.0775926450957507,3.8351107752306666,-4.655998722076764,0.35783561458559554,-2.0182825921044834,-0.1719441545707143,0.4496476408237833,-1.4776877875569434,4.8236571387854825,1.1251753992913491,4.486141479460099,-0.6064420159118667,1.3942691346480955,5.545030637085865,-0.7138090162742216,3.2653448242406276,-1.7585498756874574,1.8209623012461709,-2.165874190734282,2.0283943967832534,2.9243460179604903,2.129269552755437,0.4990345262694206,-1.763866298634351,-3.355464044624628,-0.941102843794814,-5.4085745377033145,4.110978469483197,2.234030518905421,-0.5362300827947202,0.9470408042826017,3.1616944156838063,0.7359524537015424,-5.631741400733967,-0.8023707677203147,-1.3806470447674077,7.485866860777356,2.1335853121942177,-0.6367198929823256,0.6045008203676334,-0.851722468919946,3.0385630186247314,-0.18373346421532388,0.3924767706700437,3.4540540775256607,3.44695808776127
-10.438187225129658,-7.28711775073447,-8.006498729197533,6.930877174678255,4.063622844890277,-4.770270117964931,1.0604747121834595,3.015958152806895,-2.4518258725828606,-2.4884314036456634,-4.102148434093994,-4.655998722076764,7.963594284652839,0.7468098376944569,3.829489363517268,-0.5777208749739705,-0.48579402742397604,2.071408063163338,-6.666974710926613,-2.4061336309486694,-8.864415141329218,-0.03921318874245515,-1.7655801792401986,-9.127345587847081,0.9849013616077615,-3.5178441523175827,2.0828097099371536,-2.312396476843563,4.602066936946521,-3.4046550104207003,-5.700638587106377,-4.632203832031031,-0.2622406704303079,2.976915531629667,5.832458772180185,2.122808742377057,9.777823277957939,-7.043928467036755,-4.97782053349009,-0.5076326753392171,-1.2789399097525291,-6.3033929816165015,-0.47761314328770166,10.21801650008036,0.5284210920596859,1.4356905050381834,-11.402923691404697,-3.011558825782245,1.1903170847523856,-0.8844809033855633,1.7612880696854918,-6.277417698054145,0.8570986270303651,-1.16488434811051,-5.420064891835827,-5.8154721934487545
-0.8142556201989399,0.2083662619479792,-1.0655246906881124,0.9176627298888864,0.11258748711400408,-1.4566018405097578,0.46352837277534625,0.9916130005040883,0.37183863909356263,-0.8940436727327533,0.9969731096260718,0.35783561458559554,0.7468098376944569,1.2885767842171791,0.5493200354074274,-0.1315217274458494,0.14574320714200803,-0.30709858623967345,0.193790347268672,-0.29178802094093825,-1.4932481302838374,-0.9320697969645749,0.34965500803848754,-1.137341291840882,0.19023781088758518,0.49089781537414645,-0.17610829738322223,0.25981117183160657,1.1328759182795185,-0.14055605532835513,-1.4182778721607843,-1.4431905111013226,0.6384110098365164,0.6608197061188801,0.8135104378801983,0.2724589623706599,0.7590575015881784,-1.120303158168209,-1.3730166593070172,-0.8488112841542442,-0.21539986154250534,-0.8387403818008539,0.4034208293743742,1.4110171238153102,-0.4654585129328822,-0.08154093116819598,-0.41951446478858795,-0.23664139189664266,0.3015287343688746,0.35382170565621623,0.4148520949074562,-1.182133311740245,0.4338455483158983,-0.34354032191016026,-0.4756952039198215,-0.36796050293282484
-4.990187211187821,-3.3017921690064767,-3.930559928195435,3.3115037114128087,1.8928053025942484,-2.507725085074712,0.6527867211373622,1.636521133221699,-1.0711167214364594,-1.3236374639198492,-1.816752961466634,-2.0182825921044834,3.829489363517268,0.5493200354074274,1.8954391826666632,-0.3756145886383917,-0.2016421272499659,0.935024468253131,-3.0180388484938825,-1.2247135748649356,-4.413769940286268,-0.15662713555142907,-0.7578306779468076,-4.352845835202447,0.4608116212794847,-1.4471122770484803,0.8983182798886253,-1.0237191855389585,2.321904065215097,-1.6307519405622548,-2.8359219984973625,-2.3540005223269724,-0.04461451874222701,1.436319861494592,2.8329275521595463,1.0708053156918573,4.758426213272575,-3.415664730627688,-2.5440599741991616,-0.41643953403669165,-0.5710876243392864,-3.129871468259202,-0.133140859226831,4.994630098654372,0.14511434935257203,0.5837429428466503,-5.322267189502357,-1.3824696730712915,0.5867515453442868,-0.4011242372751804,0.8959259790770693,-3.166338036400472,0.4788905518764412,-0.6284106427342896,-2.569161571935872,-2.793108048179673
0.6941389930280345,0.12888196337573163,0.6846275884082491,-0.23682267520106212,-0.16409910701809372,0.6350618928537504,-0.47922660930026517,-0.6087297007593019,0.029356966699117637,0.3351505419732881,0.4104125434693994,-0.1719441545707143,-0.5777208749739705,-0.1315217274458494,-0.3756145886383917,0.4197814788997512,-0.008578520951086938,-0.17760761880381898,0.12512349063969108,0.38126721669520935,0.8920376945587135,0.06648138489742884,0.06816140031234064,0.3532279993103663,0.07828776556653776,-0.3240287879502847,0.0984710527277224,0.024299117165404803,-0.4206536835385556,0.30424862257345586,0.3256209829193939,0.3186895577593838,0.05532379048628402,-0.015912978532566315,-0.3481519269355043,-0.35034414807280123,-1.0367534268106815,0.31907107556330416,0.4712691724788749,0.31803515643821456,-0.11793586825243964,0.7614239679381123,-0.11715932759992993,-0.8160163163939254,0.11492345181969638,0.22742562008860695,0.4869609020943591,-0.059013001196846604,-0.043766383398111536,0.19726952292969616,-0.16259746997098068,0.6992071120721536,-0.14680864205769362,0.22382561731770265,0.196520630672205,0.47884870839570387
0.6685066211439686,0.6277594402319985,0.4519795682116471,-0.4018248576847824,-0.3025261755815729,0.12498714071970321,0.021227940353823253,-0.041931008097107224,0.2683870410083359,0.044061173212333125,0.4668131272593628,0.4496476408237833,-0.48579402742397604,0.14574320714200803,-0.2016421272499659,-0.008578520951086938,0.07402183674645907,-0.20027367461113788,0.5773551889498946,0.13863758556893482,0.4267924801795615,-0.1516389258512569,0.18476280333193057,0.5348415741215106,-0.07065070242705587,0.38321138135932514,-0.20711405018754867,0.24290355913897418,-0.15200669901619204,0.24010380657512137,0.2025229296861036,0.11536134403702789,0.11645291940111738,-0.135422805130317,-0.33696542272081664,-0.09909165313692264,-0.5984981243592714,0.3810533898524351,0.16330900722543248,-0.10981826450508399,0.0626686857639908,0.3104460436031826,0.10569249736620778,-0.5411694591377336,-0.11471194118085624,-0.14273356812405902,0.8268272872408663,0.2222373532800225,-0.0424822461849173,0.12595877089645788,-0.0750971388354309,0.2851029279029814,0.008146941386860115,0.019267055572425633,0.36700203831901684,0.3877694704313962
-2.786750462945491,-2.222844179010435,-1.9716642926840913,1.6526911231758041,1.158021843723326,-0.8606247929077584,0.1820787657799759,0.54281248250678,-0.8754943393625972,-0.3864527317678138,-1.6773980937235236,-1.4776877875569434,2.071408063163338,-0.30709858623967345,0.935024468253131,-0.17760761880381898,-0.20027367461113788,0.7598853618392976,-2.027848000500265,-0.6345120603539678,-2.06144988665456,0.37853187197432137,-0.6640035437050281,-2.202317561543717,0.19475127618362717,-1.1798779164334703,0.6673991794844499,-0.7869003506601204,0.9092757297251258,-0.9719878019726951,-1.0930682639056981,-0.7684117607829867,-0.35758635335024036,0.5802748767164759,1.3947049857292602,0.5455368833470764,2.6634292081821425,-1.6164283533902137,-0.9210303591766376,0.17295830083495994,-0.2576031968238501,-1.5809452880183086,-0.2947255597405849,2.4832915645760156,0.3346138676992664,0.41609217431525247,-3.1974759525364704,-0.7603158791546775,0.22190161908062037,-0.43470513806321937,0.36149734145998863,-1.4246733136825491,0.0828910962946273,-0.23409464257896492,-1.4020966552545795,-1.6025079592312128
8.905955629398669,7.015039101788668,6.454652251780246,-5.8555928154723995,-3.6876918514072337,3.1454552701416794,-0.33229713655463605,-1.7585656661815645,2.5751951682384098,1.5477557464596798,4.230126605482441,4.8236571387854825,-6.666974710926613,0.193790347268672,-3.0180388484938825,0.12512349063969108,0.5773551889498946,-2.027848000500265,6.410649771097886,1.8333227516747255,6.811945979841793,-0.6126972216645761,1.8357497865165895,7.709325409751428,-0.907477169503986,3.9332040715728405,-2.1905988264621556,2.379663964644,-3.320737585489866,2.929717475680978,4.268426540400623,3.237583860541801,0.6087063341631767,-2.411490695239778,-4.801579762656379,-1.5604195250289523,-8.024115922398643,5.784095968401072,3.515079658737564,-0.3077120322057612,1.1579410055228003,4.856746965337048,0.8019244702510102,-8.206641179143459,-0.8800244809597328,-1.6044769822512792,10.244738185885597,2.7901361189948948,-0.9062101643307938,0.9245122606231202,-1.3054580573385537,4.707550366020915,-0.42515506726499025,0.7166319093687654,4.748467193873233,4.952242572631886
3.126281586835812,1.999555829818499,2.5182020885557574,-1.9531052051746236,-1.1615078598411537,1.63694678643185,-0.5492279024404567,-1.131633590320392,0.677759512327723,0.8538613874566819,1.3071993036067235,1.1251753992913491,-2.4061336309486694,-0.29178802094093825,-1.2247135748649356,0.38126721669520935,0.13863758556893482,-0.6345120603539678,1.8333227516747255,0.8750396717275389,2.8361670409279314,0.047114673113345114,0.4787514102412793,2.583861923345104,-0.24142232954092252,0.7304651861995078,-0.4960149695920916,0.6446104210400034,-1.422948853539925,1.0743149013185413,1.659132442995448,1.3788190924284933,0.09338879535182967,-0.7887077686886523,-1.7531420215611264,-0.7409217386039675,-3.1397329207893767,2.0462584497984584,1.5866252843346922,0.32214112844205334,0.24196306480598567,2.05532051305366,0.049399407830553,-3.127781026074094,-0.054697737750464756,-0.24244153689986492,3.2611024649381086,0.7726558070505692,-0.33151761673485863,0.358794428101084,-0.5719328139477933,2.064126959448046,-0.30971552544137415,0.4297047522582528,1.5605775556415862,1.8063801098611865
11.490162715209935,7.432486684693083,9.138239580495997,-7.696867591093428,-4.3085082250847835,5.991173294657184,-1.5946140286784294,-3.936871584655391,2.3441106029585557,3.2012291544808993,3.9288467969038203,4.486141479460099,-8.864415141329218,-1.4932481302838374,-4.413769940286268,0.8920376945587135,0.4267924801795615,-2.06144988665456,6.811945979841793,2.8361670409279314,10.35086127739901,0.5521236999534634,1.6688389916098922,10.131446617725,-1.06816193630096,3.1643577562064875,-1.9851236795033114,2.2572354213497428,-5.522425209592634,3.735732842328048,6.736137548754721,5.656235130557211,-0.02650655174156102,-3.394317791738382,-6.594460237639955,-2.5135960679034444,-10.987786484796626,7.963314675860283,6.074974634225182,1.1418695712418285,1.3439636778477755,7.306113711459768,0.21176358156249003,-11.636558754895178,-0.23182884938875709,-1.2967169694094658,12.16600203075409,3.1787882706217125,-1.3953333389513312,0.8483798139819008,-2.109533506249406,7.429817714123376,-1.1848481115205165,1.4830486246117596,5.908485477343792,6.41663506118855
-0.09226793380996746,-0.6772092483619074,0.26006477542474526,-0.22977549175937387,0.19945715217086196,0.7885987879992953,-0.2907264901978013,-0.5666256464101256,-0.4678866762098472,0.5227209768145551,-1.0544704536351721,-0.6064420159118667,-0.03921318874245515,-0.9320697969645749,-0.15662713555142907,0.06648138489742884,-0.1516389258512569,0.37853187197432137,-0.6126972216645761,0.047114673113345114,0.5521236999534634,0.7228557101054299,-0.37627922708737566,0.2644558722778435,-0.0643781112722239,-0.6259993156174499,0.2889724924626264,-0.37432507912201907,-0.5752961406783464,-0.1278360704487944,0.716138537861417,0.8121038158999686,-0.5104470395605877,-0.30801001530698224,-0.21823862023072851,-0.0797274270342931,0.07393514826157273,0.3676273470823767,0.7239793654623354,0.628972220459934,0.09036961846013375,0.23366385678497306,-0.34555961718574363,-0.3944478636345862,0.3916619041704136,0.16348473043234107,-0.46080612017857414,-0.03101795116707327,-0.15430651384152808,-0.33670518625073304,-0.18947097918392863,0.47282213168668985,-0.28015614040098386,0.1782006720196858,-0.023340608080430522,-0.12094419300799605
2.380609099980023,2.0027639274251237,1.6228414647637908,-1.443094374894738,-1.0168807128554482,0.6088000768712555,-0.053829406188492135,-0.3469979111135405,0.794418095573217,0.26477422952180835,1.46523168115775,1.3942691346480955,-1.7655801792401986,0.34965500803848754,-0.7578306779468076,0.06816140031234064,0.18476280333193057,-0.6640035437050281,1.8357497865165895,0.4787514102412793,1.6688389916098922,-0.37627922708737566,0.6159361014658407,1.9334543791001788,-0.17997455207772323,1.1625209978787387,-0.6295532418092309,0.7097760646334812,-0.7314979383115225,0.8191214876120031,0.912096221982751,0.6188817570532585,0.3290577727436823,-0.5184824775379927,-1.1782817052935648,-0.4304692916320989,-2.206049322694078,1.3766431938375479,0.7180551033450795,-0.2392926621625293,0.2694134354074418,1.2785565392318659,0.3037211575637177,-2.071986360752241,-0.3459057180505443,-0.4337704013577146,2.8168065282535792,0.7020667501318594,-0.19061957954026898,0.3605003712637916,-0.277580906126773,1.117441675487723,-0.038152893892136455,0.1484279791029784,1.2170493020804831,1.3506076331809571
11.961790018978165,8.429088981336402,9.16257943388094,-8.25113362540013,-4.68728759272683,5.498509591523422,-0.9687959678630073,-3.322388482801571,2.755194050267308,2.9085083911629317,4.191607528438019,5.545030637085865,-9.127345587847081,-1.137341291840882,-4.352845835202447,0.3532279993103663,0.5348415741215106,-2.202317561543717,7.709325409751428,2.583861923345104,10.131446617725,0.2644558722778435,1.9334543791001788,10.818128902989237,-1.2795691980765023,4.298459643008485,-2.4917409788383647,2.6259961306106447,-5.410837206002963,3.7946503537044767,6.8750171978860415,5.62699994373674,0.0742706501260941,-3.700102618129914,-6.818459751502281,-2.2883427516017347,-10.870640013902044,8.364658897896941,5.872414999669453,0.5718374316520006,1.687474449872574,7.035785740033413,0.5497122700038224,-11.775385712686491,-0.5930008760988139,-1.8736224120031983,13.170805994852664,3.6767079119467003,-1.4589471699854424,0.7645456945227406,-2.0535065893599045,7.142806315109214,-1.0126904585760637,1.276399080830316,6.361044538993367,6.555012496471515
-1.3088216845288079,-0.9973998341675612,-1.0052781503332946,0.9968141104428412,0.5368378490392082,-0.5890190454006855,0.0030351436993207178,0.28118935779727483,-0.32182653155699653,-0.31548234190359437,-0.3366670880158259,-0.7138090162742216,0.9849013616077615,0.19023781088758518,0.4608116212794847,0.07828776556653776,-0.07065070242705587,0.19475127618362717,-0.907477169503986,-0.24142232954092252,-1.06816193630096,-0.0643781112722239,-0.17997455207772323,-1.2795691980765023,0.21071787400406283,-0.590752895913495,0.3303062500567831,-0.31819319031118237,0.5880044675873137,-0.3902019984492148,-0.81406243443440085,-0.6657950442043604,0.04779265758598381,0.48600537578071,0.7986766736089768,0.18129836302151603,1.0628553366330777,-1.0108371018651543,-0.667625114427907,-0.02844507180508052,-0.23543092315016706,-0.6658222414427191,-0.07349830105822518,1.2758950138779772,0.0678232280078587,0.2894126089202927,-1.4942595721623564,-0.49325836716073396,0.17942285431201824,-0.025101017585915857,0.24094395783128325,-0.7536848286284502,0.10601073013064587,-0.11082240769487132,-0.7708892246401392,-0.6919384330428099
4.820200732729524,4.327954964366036,3.2074766937371173,-3.292533461197583,-2.1524210149741605,1.102845499080151,0.32255696956812696,-0.35846707180861154,1.652622254618912,0.47861048399995093,2.4717485597907864,3.2653448242406276,-3.5178441523175827,0.49089781537414645,-1.4471122770484803,-0.3240287879502847,0.38321138135932514,-1.1798779164334703,3.9332040715728405,0.7304651861995078,3.1643577562064875,-0.6259993156174499,1.1625209978787387,4.298459643008485,-0.590752895913495,2.8757709654914922,-1.5058049825344764,1.508907559229724,-1.4959654595136282,1.526599863553335,2.1287178284635444,1.4721308199146073,0.4585478829016039,-1.374520018129235,-2.523350430879395,-0.6049181005943968,-3.949187571276193,3.1291217460950245,1.4926004102859136,-0.6669480086022174,0.8130577792129771,2.2100446916518557,0.700558550202407,-4.156021189021277,-0.7635792212972181,-1.2400440740074068,5.918759703298193,1.7488853249245488,-0.4756246904464046,0.44843899180823993,-0.5852305494714694,2.082513744392071,-0.04348820950993898,0.1984655407315042,2.7038559722064006,2.5989298036009605
-2.8318889248946983,-2.41197427845307,-1.9594550971647455,1.909839368683998,1.2276856803681533,-0.8048868434069583,-0.06926347302992177,0.3558934316764187,-0.9064903117932825,-0.3713134412021051,-1.3917152700866395,-1.7585498756874574,2.0828097099371536,-0.17610829738322223,0.8983182798886253,0.0984710527277224,-0.20711405018754867,0.6673991794844499,-2.1905988264621556,-0.4960149695920916,-1.9851236795033114,0.2889724924626264,-0.6295532418092309,-2.4917409788383647,0.3303062500567831,-1.5058049825344764,0.80913076612587,-0.8334593177197666,0.9520113187241241,-0.9084314892389206,-1.300117387688943,-0.9368810191876729,-0.23035247985908336,0.7948528630043621,1.5056754041857647,0.4053440455507955,2.4046677647885892,-1.8504409580933765,-0.9803031522448543,0.26905146908502897,-0.4310126583620019,-1.3923806472813651,-0.34445026065764706,2.512312044337514,0.37360787151698427,0.6394614355933027,-3.3806199005615594,-0.9721822204919668,0.2841643706166431,-0.26931026537452796,0.37952936920586017,-1.3436828822535443,0.07168580658175204,-0.16931562298748892,-1.5636531749301186,-1.5453534959215063
3.1291063547774733,2.608632793127304,2.212493771557372,-1.9956040136810902,-1.3345865957619492,0.9382297331276496,-0.0502362568536748,-0.48555610293197576,1.0125402838405775,0.42932791235167467,1.7081285429756126,1.8209623012461709,-2.312396476843563,0.25981117183160657,-1.0237191855389585,0.024299117165404803,0.24290355913897418,-0.7869003506601204,2.379663964644,0.6446104210400034,2.2572354213497428,-0.37432507912201907,0.7097760646334812,2.6259961306106447,-0.31819319031118237,1.508907559229724,-0.8334593177197666,0.9270288691925358,-1.019534212070551,1.055166319740423,1.3216739328119207,0.9412091669062094,0.32144562945789784,-0.7735563178123674,-1.6418884991363878,-0.5169897357639118,-2.809286770923852,1.9503742286708514,1.0725342158171574,-0.2443879608996638,0.3705094130033124,1.6270463776278414,0.35237187874958514,-2.7711496493262864,-0.3844620283911899,-0.5947053904150602,3.6763154405058542,0.9896370499924507,-0.27950248597999716,0.40320698795576554,-0.4243420677764678,1.551136371199069,-0.0865200787890342,0.21219744563352902,1.6796471762342402,1.761090495128437
-5.916802863747014,-3.6256454726772915,-4.786512810466608,4.125926955003563,2.168397790633459,-3.3490230337807176,0.8652563488882072,2.196733265069068,-1.0310890152652463,-1.831120595053855,-1.566449150670262,-2.165874190734282,4.602066936946521,1.1328759182795185,2.321904065215097,-0.4206536835385556,-0.15200669901619204,0.9092757297251258,-3.320737585489866,-1.422948853539925,-5.522425209592634,-0.5752961406783464,-0.7314979383115225,-5.410837206002963,0.5880044675873137,-1.4959654595136282,0.9520113187241241,-1.019534212070551,3.0931268717128093,-1.8574448350806358,-3.8137729868109562,-3.277069088122596,0.2293012877469148,1.9227891017177405,3.4922553558310363,1.3011082177697093,5.588681189079714,-4.295317527677279,-3.4056303174003166,-0.7871362714408712,-0.794721681573276,-3.8340344097971566,-0.0036380016612595693,6.1751082504894645,0.0016648339374594019,0.6722681033067079,-6.164918021376107,-1.6709338501965834,0.7982049539803079,-0.25689362308780517,1.149735043194826,-3.972817303386188,0.7100073447252989,-0.8197113653074231,-3.0625829106117877,-3.2461606806142207
4.4823674769113495,3.20023608498429,3.41140187709386,-2.8708671299690622,-1.761067804195534,1.9425671774845696,-0.47135964997662255,-1.2460477716661036,1.1316923943278838,0.990253404216231,2.01111022353616,2.0283943967832534,-3.4046550104207003,-0.14055605532835513,-1.6307519405622548,0.30424862257345586,0.24010380657512137,-0.9719878019726951,2.929717475680978,1.0743149013185413,3.735732842328048,-0.1278360704487944,0.8191214876120031,3.7946503537044767,-0.3902019984492148,1.526599863553335,-0.9084314892389206,1.055166319740423,-1.8574448350806358,1.5038916574937278,2.2637644735037017,1.8010155888446604,0.22776789670378345,-1.1704075433874472,-2.451338438011538,-0.9275500323527331,-4.271169276458415,2.910273839686248,2.007412470497332,0.14192364443079078,0.4761806379889573,2.7015138018809273,0.24538870181180242,-4.305807831477379,-0.27325723730033524,-0.5833885455791858,4.922471149600977,1.2512387787008954,-0.46639473255190966,0.48640761557275297,-0.7282177183434444,2.6468646991576854,-0.32485048598626154,0.48525018404956427,2.302172213745595,2.53632330282245
7.364064085251882,4.6716943836264955,5.89230582871906,-5.266883024637234,-2.7489188158785254,4.041701673055928,-0.8734529435277956,-2.5446624879638846,1.333285216299049,2.211759891219512,1.824970771634312,2.9243460179604903,-5.700638587106377,-1.4182778721607843,-2.8359219984973625,0.3256209829193939,0.2025229296861036,-1.0930682639056981,4.268426540400623,1.659132442995448,6.736137548754721,0.716138537861417,0.912096221982751,6.8750171978860415,-0.81406243443440085,2.1287178284635444,-1.300117387688943,1.3216739328119207,-3.8137729868109562,2.2637644735037017,4.80884398258133,4.108620167837966,-0.33042728500130847,-2.5036136861553038,-4.378599352275094,-1.5066206156703332,-6.744220528912179,5.448947396462536,4.194962902050558,0.8545977960763773,1.0991532553195773,4.598813827636136,0.06827590550056348,-7.634032163474178,-0.0627073011979522,-1.0006885746223853,7.794554156407533,2.2149170979335593,-1.0192882690331508,0.22733650294662672,-1.41937038261195,4.8220953286118675,-0.8477331182961589,0.9586225931822396,3.902665640937103,3.987200266890083
5.926348032755291,3.534211877209664,4.864896676857211,-4.311365965295586,-2.1495096512701024,3.546851629139313,-0.8371711119587641,-2.2749469709974295,0.920704865880081,1.9728352520954167,1.1611944089246842,2.129269552755437,-4.632203832031031,-1.4431905111013226,-2.3540005223269724,0.3186895577593838,0.11536134403702789,-0.7684117607829867,3.237583860541801,1.3788190924284933,5.656235130557211,0.8121038158999686,0.6188817570532585,5.62699994373674,-0.6657950442043604,1.4721308199146073,-0.9368810191876729,0.9412091669062094,-3.277069088122596,1.8010155888446604,4.108620167837966,3.5809752046979932,-0.423720834215278,-2.1056857831111766,-3.6103846824561168,-1.2674599679718992,-5.47287408299993,4.507065595030161,3.639721162927488,0.9202251111527989,0.8971651891017255,3.8264706351731403,-0.06919553212934126,-6.31103651265207,0.08794194437951139,-0.7268985209289012,6.137604588999236,1.7606072803475927,-0.8694348689225863,0.0960793163520866,-1.2112175306206332,4.07573704636763,-0.7839200317874365,0.8385515060654968,3.134039103269466,3.1973646384173726
0.43186800746347553,0.6677555921718481,0.11894448646097165,-0.0261013320077047,-0.2631952744032825,-0.3424065467232327,0.0857436578121358,0.21779337260732004,0.39442026238942385,-0.25766664763977887,0.9407047489000346,0.4990345262694206,-0.2622406704303079,0.6384110098365164,-0.04461451874222701,0.05532379048628402,0.11645291940111738,-0.35758635335024036,0.6087063341631767,0.09338879535182967,-0.02650655174156102,-0.5104470395605877,0.3290577727436823,0.0742706501260941,0.04779265758598381,0.4585478829016039,-0.23035247985908336,0.32144562945789784,0.2293012877469148,0.22776789670378345,-0.33042728500130847,-0.423720834215278,0.3897262007599881,0.1591522148770865,-0.03285502661588709,-0.06446168247100066,-0.4814875109998021,-0.057105567795078985,-0.3235038482411304,-0.37866669920022533,-0.06103297165142654,0.12895354090847497,0.23688983552805176,-0.10141937729176101,-0.27348963631380857,-0.09980033341858645,0.6758627293501059,0.06961515875259776,0.0775120818329604,0.3043212370377376,0.06946252144071043,-0.06720392108696328,0.15432719517688098,-0.058198239460485246,0.16627224619491254,0.30960261543917494
-3.8783624041507543,-2.6410529029012886,-3.0307609115542555,2.844992337136517,1.4998918102442784,-1.9589937799053867,0.2819059297962443,1.1438232458395288,-0.7857499265023323,-1.0685771977002458,-0.9701038582977823,-1.763866298634351,2.976915531629667,0.6608197061188801,1.436319861494592,-0.015912978532566315,-0.135422805130317,0.5802748767164759,-2.411490695239778,-0.7887077686886523,-3.394317791738382,-0.30801001530698224,-0.5184824775379927,-3.700102618129914,0.48600537578071,-1.374520018129235,0.7948528630043621,-0.7735563178123674,1.9227891017177405,-1.1704075433874472,-2.5036136861553038,-2.1056857831111766,0.1591522148770865,1.3699621380193856,2.311688594385572,0.7041231146053569,3.3996739775105747,-2.9058458103707805,-2.11238084526574,-0.30307641248430267,-0.6471391434473953,-2.265859096382413,-0.11286590939660056,3.935913645723152,0.11151853589589591,0.6616918307782438,-4.234297097196429,-1.272513789943739,0.539750657260157,-0.0895714212759843,0.7206112675246381,-2.401901260203974,0.394662219423877,-0.43407714357833094,-2.1238802717556036,-2.0708965955889793
-7.627214796203234,-5.2491047463820015,-5.939688608614207,5.201932441902911,2.9515894052623874,-3.6738701257481985,0.7661921178210195,2.275626056044643,-1.7129043743050778,-1.9444972297356369,-2.67734546683022,-3.355464044624628,5.832458772180185,0.8135104378801983,2.8329275521595463,-0.3481519269355043,-0.33696542272081664,1.3947049857292602,-4.801579762656379,-1.7531420215611264,-6.594460237639955,-0.21823862023072851,-1.1782817052935648,-6.818459751502281,0.7986766736089768,-2.523350430879395,1.5056754041857647,-1.6418884991363878,3.4922553558310363,-2.451338438011538,-4.378599352275094,-3.6103846824561168,-0.03285502661588709,2.311688594385572,4.372885418239922,1.5181992253501628,7.051656720276506,-5.322564449792501,-3.836597664392436,-0.4927882203327582,-0.9861825395626318,-4.5850330728932756,-0.27821129488230767,7.563288382767802,0.2941356521612717,1.0761895194229454,-8.291192296201189,-2.274174979497257,0.9200767966811998,-0.5346611341443477,1.351778679383618,-4.694191831149773,0.688878282149962,-0.870216788340887,-4.032356378728936,-4.219557659362062
-2.7298140861689433,-1.6909514963428416,-2.1857011673256936,1.7126419467630303,0.9973285451769346,-1.4464441010306215,0.5039520807629326,1.0301686087375044,-0.5480860476809674,-0.768505196634697,-1.097379009310848,-0.941102843794814,2.122808742377057,0.2724589623706599,1.0708053156918573,-0.35034414807280123,-0.09909165313692264,0.5455368833470764,-1.5604195250289523,-0.7409217386039675,-2.5135960679034444,-0.0797274270342931,-0.4304692916320989,-2.2883427516017347,0.18129836302151603,-0.6049181005943968,0.4053440455507955,-0.5169897357639118,1.3011082177697093,-0.9275500323527331,-1.5066206156703332,-1.2674599679718992,-0.06446168247100066,0.7041231146053569,1.5181992253501628,0.6778643121309335,2.767120325899407,-1.7801889758538174,-1.4188315147709365,-0.3159194652474224,-0.24072598029485487,-1.8486535595109872,-0.03070678184001735,2.770488170153954,0.04408787170538853,0.2023040065299577,-2.8316220280109694,-0.655179412125619,0.30277235683778314,-0.2894464060096467,0.48875010186307855,-1.808322983042939,0.2872612644856237,-0.3797740019997095,-1.3277116270775506,-1.564860783951477
