V1,V2,V3,V4,V5,V6,V7,V8,V9,V10,V11,V12,V13,V14,V15,V16,V17,V18,V19,V20,V21,V22,V23,V24,V25,V26,V27,V28,V29,V30,V31,V32,V33,V34,V35,V36,V37,V38,V39,V40,V41,V42,V43,V44,V45,V46,V47,V48,V49,V50,V51,V52,V53,V54,V55,V56
29.30168211668199,3.568254377265332,11.507696007125494,-31.64027420070774,51.73396670300445,55.12797211506127,-7.5661670883497445,-65.30044527180641,-14.158234276628582,-30.218088837743466,-6.7930937062952195,-23.395463364026096,21.09806871803075,-6.858497510055826,18.75775063606343,10.6078598785417,30.84850477460251,57.64115692749597,-73.75575877735591,53.752638136474275,44.342615476814146,-12.041454444981062,-10.262401884051192,2.6380134850513786,18.648479512171235,-63.878970986307365,6.95746371855993,2.5831546788206095,26.193760735930802,9.117991707406148,-65.09195842273526,-26.077209796861357,-45.82937472875042,28.681271253822295,61.83145796679583,31.848915351500978,39.352218271219265,24.218562711658176,25.238844300106287,76.07164637323386,-15.734811676001437,66.91838709906683,12.750495847536028,18.162575262509204,-70.60224647129803,-90.84145689049876,-35.821648414368205,-18.484567320302318,-17.532512304706085,11.483922487988462,39.89569694172164,-0.8446437385882042,11.090335560991349,42.167537172650924,-57.05015243410046,54.75999424641227
3.568254377265332,1.0013261752020588,1.1056302820785298,-4.231663270450576,5.8830734186228515,7.342136402332437,-0.9813752086595622,-9.110469109727429,-1.2095729219503781,-4.001606378996464,-0.9144822995795236,-3.5154869735320404,2.8380823571157348,-0.7845853676728146,2.70702630867788,1.3580310952584567,3.753400368124546,7.495565830440103,-10.421700921061223,7.50110286080204,6.293255117663615,-1.3171422021224926,-1.1795775951536465,0.6835830136300753,2.5114333393706194,-8.673833445467444,0.6553552429069389,-0.36145622083315454,3.6251262000436566,1.2196907914131179,-8.515666523843361,-3.739508272915422,-6.375337633693967,4.019082405810433,9.08649706940456,4.650322984120301,6.05082040806945,2.854656926307369,3.6257335407511437,10.422383012710899,-2.5256611150085635,9.18737722778467,1.607770521483432,2.817696706108118,-9.71550073858055,-12.456717565721952,-5.133261683439941,-2.86495036807785,-2.5983344641647865,1.67885963114327,5.893028688519635,-0.06468470282600346,1.3459251016311327,5.677150857430167,-7.950337594732574,7.462315176011755
11.507696007125494,1.1056302820785298,4.9676768921447465,-12.801537211108275,21.250971638761605,22.14347651798822,-3.0911861712034203,-25.95707297323167,-6.134287967977155,-12.067544901166412,-2.4593326165145415,-9.365943294670933,8.753718592418664,-2.984536812199376,6.901435654072588,4.255746474945274,12.442824716590508,22.87266761937939,-28.750660665335108,21.02241352529716,17.104653464769434,-4.859352492362195,-4.757563726347109,0.781236366436847,7.192399615506313,-25.442609007469688,2.981718756286647,1.4889310562248148,10.051569134558003,3.6298187061543667,-25.866030310769517,-10.34276870224133,-18.296376925455345,10.924622505859878,23.830293644780408,12.520461035939382,15.296507486184698,9.457233034926343,9.474165302285725,30.24157786392751,-6.035917977894794,26.243465030597164,5.3739811956869215,6.799935075806955,-27.240395593584257,-35.70464381983134,-14.10272609516661,-7.024571279801476,-6.5245024085493455,4.728613834809114,15.269323459624689,-0.18042791052533305,4.515508020055826,16.422487718345945,-22.600478895189138,21.469897292171588
-31.64027420070774,-4.231663270450576,-12.801537211108275,35.739281372941804,-57.10915948579074,-61.74729192115897,8.521131183724622,73.271173899780365,15.623415367521982,33.68564195568486,6.999993554063052,26.88515669227003,-24.370297818246726,7.994935851629158,-19.95438231173372,-11.731561825508996,-33.983289820933095,-63.63680948086074,81.8063305245389,-59.56682836743249,-48.76605427546054,13.078678297308429,12.602282420507162,-2.897649957475244,-20.20232970379681,71.40938544181485,-7.715090907075422,-2.6247609291971927,-28.481794951665485,-10.139899410639371,72.03411230624208,29.481403112802123,51.5922040545692,-31.17457842987376,-68.53145806954676,-35.777192409447686,-44.44042346638127,-25.827090704027487,-27.242205406848587,-85.02644250267726,17.72883409973963,-73.97314414001039,-14.702837671616287,-19.92705576889269,77.06227144896734,100.62127087639446,40.21016894856159,20.559971472944948,18.907038665625414,-13.393055896617865,-44.04692566787837,0.5186992768239365,-12.2587943656066,-46.218692870342174,63.880782853792034,-60.46075265748635
51.73396670300445,5.8830734186228515,21.250971638761605,-57.10915948579074,93.536161057865,99.00039882178291,-13.639784747909804,-116.83512260058465,-26.181893682628278,-54.096784620543225,-11.477628914165754,-42.196005004528324,38.68363699836747,-12.866819148734534,32.12770053101781,18.996250546622875,55.277083125409604,102.70035968099458,-130.52516673206614,95.30569704440089,77.97558096587834,-21.569633649264237,-20.067597741209177,4.184930453941642,32.681182003403705,-114.30007300367507,12.837979536787918,5.376054367921978,45.86358839855201,16.32062771589303,-116.05593889745013,-46.7049756462122,-82.2042735812045,50.09545253939442,108.91611136800982,56.695505269955646,69.8578490077272,42.50831943674147,43.69554828911591,135.99306916730418,-27.715115426136457,118.61059508394409,23.49028769068474,31.54594233008264,-124.0049192680455,-161.31767286850234,-63.83492104746111,-32.40816955380179,-30.268376008730286,21.046644964015524,70.01770976993517,-1.0579501634838329,19.972316577830348,74.45721430810853,-101.88258666975162,97.07822628729518
55.12797211506127,7.342136402332437,22.14347651798822,-61.74729192115897,99.00039882178291,106.90310360687748,-14.735338740631454,-126.89750748030946,-27.001723671901605,-58.35795598088849,-12.347469092952847,-46.37286708943259,41.90929062996424,-13.691570533492067,34.97164023804911,20.37057737708912,58.98292249130551,110.4575754510733,-142.00840023351336,103.4241591052158,84.83470073815197,-22.709484363760915,-21.380928784205533,5.117920285361018,35.25387013556791,-123.69915042057941,13.334252217105114,4.497638263877018,49.66577076731184,17.588890834924882,-124.97927987578312,-50.96335725895971,-89.27722124444553,54.34441806956341,119.0848347888037,61.994925427422245,76.95787571424503,45.110109931370616,47.58966173017733,147.33212531993235,-30.755187119384047,128.49474046679927,25.276181076817515,34.740612437733894,-134.23367676631887,-174.69165980314546,-69.62830997046387,-35.719553579698086,-33.06786410197065,23.030097301700692,76.60198543740789,-1.0333890676249082,21.2815234968952,80.38222278934455,-110.656337802211,105.02499325351862
-7.5661670883497445,-0.9813752086595622,-3.0911861712034203,8.521131183724622,-13.639784747909804,-14.735338740631454,2.0825934088187914,17.44014432983352,3.7574984469640755,8.030089510700286,1.6789592936537774,6.391493556762545,-5.799814396779324,1.9035652396645864,-4.76725143712814,-2.793225213605853,-8.143497455798816,-15.178570588707379,19.51922784655087,-14.157277840132512,-11.645199557126958,3.105454056427804,2.9539382111720385,-0.6845323589347223,-4.830513566923252,17.008821518962623,-1.8359778899011268,-0.6702043954164345,-6.79394852040663,-2.392533458603769,17.216939007284964,7.007324416038597,12.281573679323298,-7.414188304397909,-16.314932134282493,-8.538795022425898,-10.55732274678701,-6.210981762723725,-6.523068424171601,-20.253544979153638,4.246353013151705,-17.672954461504588,-3.5317291452240025,-4.739247690723107,18.38149900406541,23.972499542484044,9.577640246999723,4.882880323708318,4.498828876784919,-3.166201072581343,-10.48666125550515,0.142056857385191,-2.9279956591045586,-11.000768069801461,15.212122966560724,-14.407654812308168
-65.30044527180641,-9.110469109727429,-25.95707297323167,73.271173899780365,-116.83512260058465,-126.89750748030946,17.44014432983352,150.96523797916203,31.539803853777077,69.27202892056395,14.730942108659406,55.289486071552325,-49.68655854973176,16.11527449592781,-41.791035902545126,-24.165003912358817,-69.79011030070511,-131.07939939199426,169.11199090541345,-123.13600343332064,-101.10040595818263,26.78054450223807,25.1396612058357,-6.348284819366862,-41.95058749700491,146.99144602408242,-15.630999124130735,-4.797290048499373,-59.16617489896027,-20.908575010443307,148.31228841417288,60.67387131122084,106.17112384298117,-64.77998624392627,-142.1226683883452,-73.89797846942417,-91.95959847053282,-53.3802737976015,-56.79947550326524,-175.1554737310799,36.825074259221594,-152.8461352995636,-29.869902714503013,-41.607275641183314,159.82389788411868,207.79437566111594,82.92102921485562,42.738607554208215,39.553188444370164,-27.411689238594132,-91.46268951158805,1.2240489083550812,-25.187019886273713,-95.58864942236185,131.63883251877732,-124.90928234554097
-14.158234276628582,-1.2095729219503781,-6.134287967977155,15.623415367521982,-26.181893682628278,-27.001723671901605,3.7574984469640755,31.539803853777077,7.661194494547103,14.742921435443305,3.001724932157887,11.308533766720126,-10.674961185173377,3.679898300980332,-8.379720507336598,-5.19353598099692,-15.262120662814178,-27.979467874523525,34.94606868077674,-25.574395381380896,-20.76632138593205,6.042120253177136,5.841503875140681,-0.8501344825761405,-8.75204993654763,31.006278891947822,-3.710813362912249,-2.0073130181990084,-12.221948015409671,-4.427643219519302,31.614634559859386,12.571692850158483,22.24244383736318,-13.306817506657245,-28.846794049350397,-15.142242946360073,-18.445895603602157,-11.651638200010463,-11.496547703545492,-36.807645039644065,7.22180831782267,-31.927085531763083,-6.57029528962309,-8.185222908434685,33.155982480416576,43.46955789293746,17.12778731283784,8.472695755269868,7.886639528986262,-5.716208597936831,-18.4842284054141,0.24760237949449723,-5.520690590743668,-20.05408061370132,27.488727861136137,-26.160164758568477
-30.218088837743466,-4.001606378996464,-12.067544901166412,33.68564195568486,-54.096784620543225,-58.35795598088849,8.030089510700286,69.27202892056395,14.742921435443305,31.882135831634606,6.8043044133469115,25.256336231199448,-22.808155876623246,7.441322910560564,-19.212088935973267,-11.129172787968947,-32.242343129675945,-60.40310654500931,77.6416536309668,-56.547453765337835,-46.41886576071876,12.446512553426354,11.550548639268303,-2.804036669867367,-19.310094065876857,67.55733416304578,-7.279647855761633,-2.461628102045386,-27.203555259466228,-9.610603738875167,68.3226568020623,27.814768814616492,48.72033605595265,-29.784875750110114,-65.11405709651922,-33.83804448748383,-42.00382891495896,-24.753263362987628,-26.09659620373015,-80.45901627473665,16.781733087893073,-70.25152589161408,-13.74985767881516,-19.019054335880675,73.50009019806423,95.4998544283207,38.02414319303659,19.532493712193638,18.133831384912856,-12.519185592381325,-41.90750215880936,0.611894490027872,-11.621104411395587,-44.00343780751503,60.430027199628995,-57.43677987844436
-6.7930937062952195,-0.9144822995795236,-2.4593326165145415,6.999993554063052,-11.477628914165754,-12.347469092952847,1.6789592936537774,14.730942108659406,3.001724932157887,6.8043044133469115,1.707566263764826,5.177845759340488,-4.511435846235176,1.3948394594458087,-4.590476801488191,-2.4019800233426243,-6.956721848269795,-13.116333147764834,16.96923029906467,-12.343817079657954,-10.339984903874011,2.7095038027013083,1.895210871014252,-0.7284053731703503,-4.394635809662474,14.4021446787138,-1.4833567870761921,-0.40985294743454337,-6.1721706084883765,-2.0627647282039177,14.784186143086403,5.847467019908246,10.280642111571675,-6.772461737325707,-14.365451883346585,-7.251242411508839,-8.989689403738588,-5.682827656500957,-6.055973724244369,-17.191503674189672,3.652095023994402,-15.382900015727278,-2.7004539197046666,-4.334276714035681,16.526079677176742,20.8052116978397,8.121578132291921,4.323619031632959,4.238864715816143,-2.465142736057915,-9.33014687305758,0.29996489619174116,-2.4888602045054906,-9.760712213883933,12.903698562420061,-12.582258128079747
-23.395463364026096,-3.5154869735320404,-9.365943294670933,26.88515669227003,-42.196005004528324,-46.37286708943259,6.391493556762545,55.289486071552325,11.308533766720126,25.256336231199448,5.177845759340488,20.51774961146506,-18.41664056051723,5.970272309873016,-14.95629726915685,-8.763679298583106,-25.23866785560268,-47.548993080711966,61.65646299661412,-44.842010006657404,-36.72043277530833,9.589046745193075,9.515825936178388,-2.365996153495856,-15.09914552792286,53.70040730232311,-5.627150342619949,-1.5219976268545832,-21.35353711773703,-7.610827920727551,53.87689590590088,22.322776623841698,38.93981710323059,-23.388161203913647,-51.86021762913895,-27.124351597478096,-33.892799304116004,-18.994573404759933,-20.465328831110888,-64.00062056459328,13.583271699194272,-55.57915148610646,-11.04615662846549,-15.141320672843618,57.77632940157749,75.61734373864344,30.410470097253278,15.651043047569903,14.254279214309692,-10.223128921427431,-33.32343059367359,0.296690757555072,-9.116549003673216,-34.59671999094968,48.17044416057713,-45.37988410449301
21.09806871803075,2.8380823571157348,8.753718592418664,-24.370297818246726,38.68363699836747,41.90929062996424,-5.799814396779324,-49.68655854973176,-10.674961185173377,-22.808155876623246,-4.511435846235176,-18.41664056051723,16.822705877486214,-5.580128946186315,13.082263124258414,7.918816551677298,22.926690454606746,42.879469329037164,-55.064984484184556,40.10668218973637,32.65284637229262,-8.792029118138,-9.03744301144603,1.8636561609276456,13.43776936626568,-48.37755172835431,5.274033341100062,1.8442889226279398,18.965960139957556,6.857087208914374,-48.58647552322946,-20.054624935181856,-35.05555000325219,20.745922663782007,46.02979036593578,24.22208757700837,30.111615748659307,17.10980399261838,18.023270765876607,57.57430682455172,-11.964747521701055,49.75635239787692,10.16088724991673,13.26792603035916,-51.44680695799721,-67.77538043075624,-27.239204237171254,-13.803243678214681,-12.486759723205312,9.26357574625573,29.509264400965275,-0.1953959342381212,8.288845767286105,30.967568979996123,-43.268404367717686,40.6591494433534
-6.858497510055826,-0.7845853676728146,-2.984536812199376,7.994935851629158,-12.866819148734534,-13.691570533492067,1.9035652396645864,16.11527449592781,3.679898300980332,7.441322910560564,1.3948394594458087,5.970272309873016,-5.580128946186315,1.9053123200311712,-4.074862087356695,-2.58639963010686,-7.53382758833541,-13.957504447644276,17.6949537876864,-12.91728862730476,-10.427676117679702,2.920933374565446,3.1557864819677794,-0.4912729546953811,-4.294308451857595,15.73704852236557,-1.8038988080007339,-0.7994392597482879,-6.044990996619423,-2.2319828522397858,15.815606360500666,6.5019885590689235,11.39767438910383,-6.598798122481431,-14.670334534446724,-7.789489931619796,-9.61886204518996,-5.54886551037579,-5.67233340171319,-18.694534906360023,3.776207564687855,-16.040752437597583,-3.3991630375707342,-4.152235044693817,16.45627550065746,21.888908108202394,8.793233414613146,4.361128533723109,3.9027895566944366,-3.0444741067720646,-9.37284208972181,0.026184960753458855,-2.7294523359692615,-9.977074347148527,14.021012175632313,-13.122352798550263
18.75775063606343,2.70702630867788,6.901435654072588,-19.95438231173372,32.12770053101781,34.97164023804911,-4.76725143712814,-41.791035902545126,-8.379720507336598,-19.212088935973267,-4.590476801488191,-14.95629726915685,13.082263124258414,-4.074862087356695,12.586017749070708,6.736656932205474,19.455983287513078,36.777733070383974,-47.77193021440979,34.72381985470516,28.938036645846267,-7.508866753474048,-5.808576438886884,2.0486047793083837,12.165544205767821,-40.74880799436558,4.159771518815668,1.0247174672694925,17.138227578371733,5.813827064666668,-41.52138729411965,-16.69294065290193,-29.235735791122178,18.814291909790356,40.43054484723455,20.591100408213528,25.644101760802794,15.557951011735353,16.74878305398218,48.63256852006922,-10.396015928857631,43.18022102607074,7.814332082436644,12.122050563587543,-46.00446316046372,-58.48970854536713,-23.06103288887449,-12.207441776673745,-11.718858445013055,7.200777623155595,26.19427988348717,-0.6782127365194828,6.971271014398963,27.249394807791106,-36.560318397212065,35.2949708751133
10.6078598785417,1.3580310952584567,4.255746474945274,-11.731561825508996,18.996250546622875,20.37057737708912,-2.793225213605853,-24.165003912358817,-5.19353598099692,-11.129172787968947,-2.4019800233426243,-8.763679298583106,7.918816551677298,-2.58639963010686,6.736656932205474,3.906857919970861,11.300683960649232,21.126883572723543,-27.076396173941745,19.756131193780575,16.216146526365467,-4.36830788415851,-4.011313298073897,0.9710692668922769,6.780743012623776,-23.575151575732697,2.5649451357274344,0.9023250697557579,9.535502767872035,3.3684729635043826,-23.87635699518919,-9.666924793176873,-16.98305299340889,10.42295125366878,22.718052024932966,11.787437502984977,14.599549694270118,8.706258947069202,9.130675336085163,28.085659682039815,-5.83073577432675,24.550860761192535,4.776234165575225,6.642055604271653,-25.73865950766728,-33.37453817736131,-13.232309653475236,-6.798967794457402,-6.358387848839956,4.348874791535839,14.622477495838385,-0.2236335414721669,4.087295490518615,15.396616844375036,-21.068972068792842,20.079826456344936
30.84850477460251,3.753400368124546,12.442824716590508,-33.983289820933095,55.277083125409604,58.98292249130551,-8.143497455798816,-69.79011030070511,-15.262120662814178,-32.242343129675945,-6.956721848269795,-25.23866785560268,22.926690454606746,-7.53382758833541,19.455983287513078,11.300683960649232,32.847443426135015,61.2410403824353,-78.27167464539323,57.04943218806499,46.851997560027,-12.746733379463661,-11.602633117681021,2.690468317314034,19.608699291875972,-68.19893008870065,7.4954724374333725,2.8693896748122856,27.5489299169328,9.713984390268394,-69.2363790031833,-27.922665028984554,-49.0670176714629,30.11426547604578,65.4896175647235,34.000685181474886,42.00055651641724,25.375693209699236,26.390419207186962,81.19425339852641,-16.758856376906024,71.01525644990092,13.889714418728639,19.087896913456472,-74.40694402538155,-96.48615809528418,-38.225689597296395,-19.556006193709447,-18.302044732840802,12.507209243739991,42.15289617363237,-0.6962279406045331,11.844031640591025,44.55512482859851,-60.89092193594964,58.07503123602267
57.64115692749597,7.495565830440103,22.87266761937939,-63.63680948086074,102.70035968099458,110.4575754510733,-15.178570588707379,-131.07939939199426,-27.979467874523525,-60.40310654500931,-13.116333147764834,-47.548993080711966,42.879469329037164,-13.957504447644276,36.777733070383974,21.126883572723543,61.2410403824353,114.67923984065939,-147.27320129315387,107.28925396597661,88.21800212142873,-23.704218742020785,-21.43251236269935,5.341567262881734,36.82194913984404,-127.92529683834096,13.803870004713364,4.743702151422722,51.83045148875688,18.222521336416452,-129.64635363463194,-52.539430841818195,-92.12191877087402,56.746831007564936,123.54905599568565,64.01896435962578,79.3803588855998,47.344055464578666,49.797511098112125,152.3689003827851,-31.73572082271165,133.3585830679459,25.855880897462757,36.17302410557624,-139.91437330841208,-181.20797234279368,-71.9379421857364,-37.03436844314388,-34.617963623701094,23.496958802083903,79.58231766690889,-1.3187623180898478,22.06326509001215,83.67929681194113,-114.39201910060734,109.05788987498005
-73.75575877735591,-10.421700921061223,-28.750660665335108,81.8063305245389,-130.52516673206614,-142.00840023351336,19.51922784655087,169.11199090541345,34.94606868077674,77.6416536309668,16.96923029906467,61.65646299661412,-55.064984484184556,17.6949537876864,-47.77193021440979,-27.076396173941745,-78.27167464539323,-147.27320129315387,190.43498111825141,-138.5111604797128,-114.17376963069688,30.066922459895697,27.036042617947842,-7.3939323509017605,-47.47561404423029,164.7253496158037,-17.312297419580556,-5.051274854014363,-66.9599510777024,-23.41076024556378,166.59509357880032,67.92590058214643,118.80477743325282,-73.38734300301275,-160.26466971213497,-82.94427658103375,-103.26144223372019,-60.505661062980245,-64.61562616089867,-196.34024909183938,41.489124922593334,-172.04401694318517,-33.06892583413476,-47.180796331495664,180.63884508471892,233.65191160517827,93.05506412202223,48.260800950686395,45.00627129420935,-30.33800968399669,-103.31090222076446,1.7051213165382801,-28.16392354651187,-107.79627796223531,147.6109024541565,-140.5798994959009
53.752638136474275,7.50110286080204,21.02241352529716,-59.56682836743249,95.30569704440089,103.4241591052158,-14.157277840132512,-123.13600343332064,-25.574395381380896,-56.547453765337835,-12.343817079657954,-44.842010006657404,40.10668218973637,-12.91728862730476,34.72381985470516,19.756131193780575,57.04943218806499,107.28925396597661,-138.5111604797128,100.86593717888242,83.04043446846522,-21.962245198802957,-19.8239470774898,5.3270596421910374,34.57204403122394,-119.9579924185231,12.683968186893326,3.7824452198316405,48.74587781663442,17.092663683491896,-121.3028810148699,-49.417453823894775,-86.50056488266011,53.414261717524866,116.56572069306104,60.31784820553188,75.06834158896098,44.07467164482574,46.95394716436814,142.97684124806182,-30.103376151522525,125.20825764718461,24.069492011092382,34.29347388926359,-131.4965147770082,-170.13184301141956,-67.68314288375119,-35.07400758291705,-32.74145618875918,22.111241761224083,75.12527543134675,-1.2137919556804497,20.562093360561505,78.50952050045943,-107.4476218563602,102.36227163519806
44.342615476814146,6.293255117663615,17.104653464769434,-48.76605427546054,77.97558096587834,84.83470073815197,-11.645199557126958,-101.10040595818263,-20.76632138593205,-46.41886576071876,-10.339984903874011,-36.72043277530833,32.65284637229262,-10.427676117679702,28.938036645846267,16.216146526365467,46.851997560027,88.21800212142873,-114.17376963069688,83.04043446846522,68.6074772564236,-17.998635124461124,-15.737554850956888,4.53563077407678,28.60343437323147,-98.48616270543016,10.292240159573396,2.9082576760578207,40.32471110371987,14.011190863294832,-99.75320733543712,-40.545935007880985,-70.96054103964899,44.194476909089516,96.21189335748794,49.63683151017408,61.787496195365094,36.46375449176658,39.00816279776897,117.42972045484537,-24.880744224125504,103.18043369805838,19.59178426044302,28.435604756598522,-108.66090812048732,-140.0452684956803,-55.64757400494772,-28.983646931605715,-27.20337925850516,17.994758298369906,62.081654688836366,-1.1393089924440867,16.85394642864404,64.72934137149335,-88.27453519926368,84.308002519571
-12.041454444981062,-1.3171422021224926,-4.859352492362195,13.078678297308429,-21.569633649264237,-22.709484363760915,3.105454056427804,26.78054450223807,6.042120253177136,12.446512553426354,2.7095038027013083,9.589046745193075,-8.792029118138,2.920933374565446,-7.508866753474048,-4.36830788415851,-12.746733379463661,-23.704218742020785,30.066922459895697,-21.962245198802957,-17.998635124461124,5.033761599548183,4.4685634724733445,-0.9516058450152207,-7.5692038435557825,26.25613931445162,-2.960337364515971,-1.2752780308108251,-10.62286197990287,-3.7564288304260134,26.753055769882312,10.703349088674717,18.827034954857943,-11.634746946934644,-25.07373053015412,-12.974135964165614,-15.980163386539537,-9.925307780380079,-10.152734956038042,-31.221875661565537,6.319159940352636,-27.319692443910416,-5.332194039434541,-7.2814793473876716,28.701275970032853,37.158512597317475,14.650521207660132,7.458703728507719,7.028740755840581,-4.756082256677399,-16.146832475434376,0.3052596687692728,-4.5863601682940605,-17.237601483700544,23.38892899098049,-22.39223967757418
-10.262401884051192,-1.1795775951536465,-4.757563726347109,12.602282420507162,-20.067597741209177,-21.380928784205533,2.9539382111720385,25.1396612058357,5.841503875140681,11.550548639268303,1.895210871014252,9.515825936178388,-9.03744301144603,3.1557864819677794,-5.808576438886884,-4.011313298073897,-11.602633117681021,-21.43251236269935,27.036042617947842,-19.8239470774898,-15.737554850956888,4.4685634724733445,5.552653819442577,-0.6485181255994814,-6.397390278927699,24.475912541822762,-2.8825096532554295,-1.3168938704971056,-9.024047586291394,-3.485698794009166,24.30799259959952,10.18785495911557,17.852857639833488,-9.822452110194186,-22.33727762510533,-12.080232008039394,-14.950595580170239,-8.150297484140792,-8.279104571415013,-29.055948426674764,5.793222662650722,-24.503556791585986,-5.497600456332748,-6.186632014469999,24.707540774896792,33.59736101202893,13.641697910840733,6.625448961771635,5.703359491843326,-4.980472797393827,-14.173035835354733,-0.16519178867248036,-4.252884628309655,-15.118493508950637,21.78537507198843,-20.059390441020376
2.6380134850513786,0.6835830136300753,0.781236366436847,-2.897649957475244,4.184930453941642,5.117920285361018,-0.6845323589347223,-6.348284819366862,-0.8501344825761405,-2.804036669867367,-0.7284053731703503,-2.365996153495856,1.8636561609276456,-0.4912729546953811,2.0486047793083837,0.9710692668922769,2.690468317314034,5.341567262881734,-7.3939323509017605,5.3270596421910374,4.53563077407678,-0.9516058450152207,-0.6485181255994814,0.504796193269298,1.8604752066412193,-6.0635415037585885,0.4558301556253749,-0.2418733211533221,2.662349787305056,0.8597201336618102,-6.0497523680944285,-2.563804308170475,-4.413761886327749,2.9386928193970094,6.473516358675424,3.249757977687142,4.192643745270097,2.164305797127669,2.689644047023341,7.300467782593231,-1.7728711840157938,6.565709977229684,1.056069718330079,2.0442254441828545,-7.083124969540751,-8.858236817947292,-3.569177742651214,-2.029999352676711,-1.9328499141264626,1.0993932062809588,4.2215619613423305,-0.10252109631543746,0.9654997151092413,4.095271281450462,-5.549857882535179,5.33144883306765
18.648479512171235,2.5114333393706194,7.192399615506313,-20.20232970379681,32.681182003403705,35.25387013556791,-4.830513566923252,-41.95058749700491,-8.75204993654763,-19.310094065876857,-4.394635809662474,-15.09914552792286,13.43776936626568,-4.294308451857595,12.165544205767821,6.780743012623776,19.608699291875972,36.82194913984404,-47.47561404423029,34.57204403122394,28.60343437323147,-7.5692038435557825,-6.397390278927699,1.8604752066412193,12.004809800719883,-40.922887787920814,4.327398222929915,1.3342440744355755,16.886938356423187,5.841472920930825,-41.596208120399055,-16.755950861414487,-29.413748900588665,18.487055287785463,39.99468944432222,20.563344974655,25.51354249124953,15.399482563796958,16.335814123142764,48.797250662106386,-10.272562072518463,43.00367273353613,8.077718499356134,11.839931620257264,-45.45021157638085,-58.33970470284256,-23.049367000599553,-12.013317707186292,-11.398884207742519,7.381940238995681,25.826403789100834,-0.5386363979255817,7.061690279517746,27.047103007193016,-36.63475378838821,35.15442638847744
-63.878970986307365,-8.673833445467444,-25.442609007469688,71.40938544181485,-114.30007300367507,-123.69915042057941,17.008821518962623,146.99144602408242,31.006278891947822,67.55733416304578,14.4021446787138,53.70040730232311,-48.37755172835431,15.73704852236557,-40.74880799436558,-23.575151575732697,-68.19893008870065,-127.92529683834096,164.7253496158037,-119.9579924185231,-98.48616270543016,26.25613931445162,24.475912541822762,-6.0635415037585885,-40.922887787920814,143.24591483518714,-15.33711913825023,-4.956972832896638,-57.68263432139959,-20.37780701547505,144.71634469014492,59.04706643160859,103.37681375404502,-63.15859054922763,-138.28795805065133,-71.87444259374166,-89.3266464048485,-52.27844448595056,-55.359025972323614,-170.645072611296,35.727665057361314,-148.96666222373415,-29.123899435815133,-40.44068051336999,155.82997847039258,202.51130895420434,80.71281456948034,41.53264667693378,38.50780238738883,-26.61757855742462,-89.00211959562343,1.254020491765611,-24.594636789684294,-93.24644617731695,128.20580406435778,-121.76966752671532
6.95746371855993,0.6553552429069389,2.981718756286647,-7.715090907075422,12.837979536787918,13.334252217105114,-1.8359778899011268,-15.630999124130735,-3.710813362912249,-7.279647855761633,-1.4833567870761921,-5.627150342619949,5.274033341100062,-1.8038988080007339,4.159771518815668,2.5649451357274344,7.4954724374333725,13.803870004713364,-17.312297419580556,12.683968186893326,10.292240159573396,-2.960337364515971,-2.8825096532554295,0.4558301556253749,4.327398222929915,-15.33711913825023,1.8097183741069185,0.909940621044927,6.055253026738653,2.198029849388328,-15.588527471616187,-6.237427007532549,-11.01871169018141,6.600712078811088,14.342621245589797,7.516761755718659,9.199047679414818,5.706698531524056,5.698031297292407,18.21840885118977,-3.602673459240032,15.791004724630955,3.225033040343904,4.088404512613862,-16.416690906196294,-21.51948979991463,-8.49401577580658,-4.22951581273469,-3.9293314542317055,2.846389271715005,9.1930259511253265,-0.11128259870387698,2.7174968761262437,9.920855582622606,-13.616723305064781,12.944997357765216
2.5831546788206095,-0.36145622083315454,1.4889310562248148,-2.6247609291971927,5.376054367921978,4.497638263877018,-0.6702043954164345,-4.797290048499373,-2.0073130181990084,-2.461628102045386,-0.40985294743454337,-1.5219976268545832,1.8442889226279398,-0.7994392597482879,1.0247174672694925,0.9023250697557579,2.8693896748122856,4.743702151422722,-5.051274854014363,3.7824452198316405,2.9082576760578207,-1.2752780308108251,-1.3168938704971056,-0.2418733211533221,1.3342440744355755,-4.956972832896638,0.909940621044927,1.098093619149583,1.7667073156311155,0.7154199501466969,-5.332348551376086,-1.8321875326538357,-3.429775450970569,1.8663269412231076,3.748351431128514,2.0767953894181628,2.206528781296631,2.1952541575241202,1.4887780474877823,5.774028121098451,-0.7357923205484193,4.882919023152207,1.256906203988872,0.8573263201943367,-4.902653786046796,-6.683034434409559,-2.460597551190491,-0.9381922121728064,-0.9173862993426121,0.8475378522454283,2.3422426054994547,-0.044273852474694605,1.0406813055929731,3.1365481172689647,-4.1790151397956485,4.049676394990277
26.193760735930802,3.6251262000436566,10.051569134558003,-28.481794951665485,45.86358839855201,49.66577076731184,-6.79394852040663,-59.16617489896027,-12.221948015409671,-27.203555259466228,-6.1721706084883765,-21.35353711773703,18.965960139957556,-6.044990996619423,17.138227578371733,9.535502767872035,27.5489299169328,51.83045148875688,-66.9599510777024,48.74587781663442,40.32471110371987,-10.62286197990287,-9.024047586291394,2.662349787305056,16.886938356423187,-57.68263432139959,6.055253026738653,1.7667073156311155,23.779748399592766,8.229764373422741,-58.5581610815816,-23.66752687103759,-41.4900920700819,26.054769096863446,56.44981039790096,29.026818596007317,36.080282970994595,21.599476782230845,23.019682625376042,68.78638325205601,-14.528853223326857,60.58700046909039,11.378574759682623,16.7236291915813,-64.01139740910462,-82.21214836808747,-32.53932226265249,-16.984378374630356,-16.07140905365123,10.438123944801486,36.453938590722125,-0.7412693143797006,9.915523395011993,38.09439175098744,-51.67212846284734,49.528840915802476
9.117991707406148,1.2196907914131179,3.6298187061543667,-10.139899410639371,16.32062771589303,17.588890834924882,-2.392533458603769,-20.908575010443307,-4.427643219519302,-9.610603738875167,-2.0627647282039177,-7.610827920727551,6.857087208914374,-2.2319828522397858,5.813827064666668,3.3684729635043826,9.713984390268394,18.222521336416452,-23.41076024556378,17.092663683491896,14.011190863294832,-3.7564288304260134,-3.485698794009166,0.8597201336618102,5.841472920930825,-20.37780701547505,2.198029849388328,0.7154199501466969,8.229764373422741,2.9170290271953063,-20.586917984643872,-8.380890764852255,-14.696018424045324,9.009943321002597,19.673743885131888,10.203641994573283,12.68052529547646,7.459474161847878,7.8788323126692035,24.279533094892265,-5.056097990140661,21.193787261244886,4.116490069081762,5.759408460950158,-22.21741142902629,-28.83834483991658,-11.45897654320938,-5.9034982163185745,-5.499950539425174,3.781827411696055,12.663098888273797,-0.17880581129346265,3.515127662636606,13.296451609890772,-18.22747819005681,17.344423632915007
-65.09195842273526,-8.515666523843361,-25.866030310769517,72.03411230624208,-116.05593889745013,-124.97927987578312,17.216939007284964,148.31228841417288,31.614634559859386,68.3226568020623,14.784186143086403,53.87689590590088,-48.58647552322946,15.815606360500666,-41.52138729411965,-23.87635699518919,-69.2363790031833,-129.64635363463194,166.59509357880032,-121.3028810148699,-99.75320733543712,26.753055769882312,24.30799259959952,-6.0497523680944285,-41.596208120399055,144.71634469014492,-15.588527471616187,-5.332348551376086,-58.5581610815816,-20.586917984643872,146.6176865332888,59.47580150906519,104.25278955201178,-64.10353291618183,-139.7371247744253,-72.47038614528874,-89.86782236669575,-53.45068012669513,-56.27318330806814,-172.3689355161648,35.955696433782094,-150.820373028447,-29.31398202703585,-40.894937390282706,158.10779523233728,204.90289667470373,81.41892345894544,41.89618493808915,39.09546641057882,-26.624178798260022,-89.99579785148227,1.4625280022126628,-24.935105589041413,-94.5594344337257,129.4284205432182,-123.29910778520123
-26.077209796861357,-3.739508272915422,-10.34276870224133,29.481403112802123,-46.7049756462122,-50.96335725895971,7.007324416038597,60.67387131122084,12.571692850158483,27.814768814616492,5.847467019908246,22.322776623841698,-20.054624935181856,6.5019885590689235,-16.69294065290193,-9.666924793176873,-27.922665028984554,-52.539430841818195,67.92590058214643,-49.417453823894775,-40.545935007880985,10.703349088674717,10.18785495911557,-2.563804308170475,-16.755950861414487,59.04706643160859,-6.237427007532549,-1.8321875326538357,-23.66752687103759,-8.380890764852255,59.47580150906519,24.451619718367358,42.69631404990997,-25.94445805251353,-57.081324078693235,-29.72252035077442,-37.06120630671874,-21.267008151451908,-22.731335582397904,-70.34862797452918,14.834444829119377,-61.296605003575436,-12.04197797997195,-16.69529774371901,63.98172992471396,83.3591826453804,33.374000965393826,17.196506165722752,15.816915948651296,-11.07292059109505,-36.72538626071026,0.4524809126994226,-10.06079383029617,-38.29881129102014,52.91556863871428,-50.08805412149885
-45.82937472875042,-6.375337633693967,-18.296376925455345,51.5922040545692,-82.2042735812045,-89.27722124444553,12.281573679323298,106.17112384298117,22.24244383736318,48.72033605595265,10.280642111571675,38.93981710323059,-35.05555000325219,11.39767438910383,-29.235735791122178,-16.98305299340889,-49.0670176714629,-92.12191877087402,118.80477743325282,-86.50056488266011,-70.96054103964899,18.827034954857943,17.852857639833488,-4.413761886327749,-29.413748900588665,103.37681375404502,-11.01871169018141,-3.429775450970569,-41.4900920700819,-14.696018424045324,104.25278955201178,42.69631404990997,74.69566714966699,-45.42555978799638,-99.78404547528388,-51.951310857053706,-64.64576888866678,-37.43127839125443,-39.79299181821089,-123.16558137681977,25.866773049956407,-107.36647207713098,-21.085575889247416,-29.164131152183504,112.12889798306774,145.99278287925205,58.311306008160024,30.000161528339174,27.69232732167212,-19.333969076541536,-64.19053471183246,0.8140376638429782,-17.708108583922016,-67.10982276330674,92.56942078242474,-87.74011638460345
28.681271253822295,4.019082405810433,10.924622505859878,-31.17457842987376,50.09545253939442,54.34441806956341,-7.414188304397909,-64.77998624392627,-13.306817506657245,-29.784875750110114,-6.772461737325707,-23.388161203913647,20.745922663782007,-6.598798122481431,18.814291909790356,10.42295125366878,30.11426547604578,56.746831007564936,-73.38734300301275,53.414261717524866,44.194476909089516,-11.634746946934644,-9.822452110194186,2.9386928193970094,18.487055287785463,-63.15859054922763,6.600712078811088,1.8663269412231076,26.054769096863446,9.009943321002597,-64.10353291618183,-25.94445805251353,-45.42555978799638,28.58288782947435,61.88710371043188,31.789287163605568,39.56532473457682,23.639614967113786,25.250355288341964,75.30871514153338,-15.921625835143757,66.34460795330749,12.425606486404527,18.350759721346733,-70.13784015640806,-90.04220040243948,-35.66362515219707,-18.642387123572735,-17.63060172683779,11.417876504826298,39.97984669179045,-0.8271981895655798,10.822809280090132,41.74852144367631,-56.597154496700256,54.252433950227456
61.83145796679583,9.08649706940456,23.830293644780408,-68.53145806954676,108.91611136800982,119.0848347888037,-16.314932134282493,-142.1226683883452,-28.846794049350397,-65.11405709651922,-14.365451883346585,-51.86021762913895,46.02979036593578,-14.670334534446724,40.43054484723455,22.718052024932966,65.4896175647235,123.54905599568565,-160.26466971213497,116.56572069306104,96.21189335748794,-25.07373053015412,-22.33727762510533,6.473516358675424,39.99468944432222,-138.28795805065133,14.342621245589797,3.748351431128514,56.44981039790096,19.673743885131888,-139.7371247744253,-57.081324078693235,-99.78404547528388,61.88710371043188,135.19386486581666,69.84097757185151,87.12298777880295,50.710257066201656,54.579592754945274,164.92095569167697,-35.08789553894166,144.6809651053109,27.554412406077155,39.96298063498756,-152.15768657557302,-196.4618112524686,-78.26075301181615,-40.79934434062583,-38.11139206035626,25.461946298109424,87.2009409630393,-1.4629712416006435,23.58080238123137,90.65305851141588,-124.0443961651707,118.20412715668124
31.848915351500978,4.650322984120301,12.520461035939382,-35.777192409447686,56.695505269955646,61.994925427422245,-8.538795022425898,-73.89797846942417,-15.142242946360073,-33.83804448748383,-7.251242411508839,-27.124351597478096,24.22208757700837,-7.789489931619796,20.591100408213528,11.787437502984977,34.000685181474886,64.01896435962578,-82.94427658103375,60.31784820553188,49.63683151017408,-12.974135964165614,-12.080232008039394,3.249757977687142,20.563344974655,-71.87444259374166,7.516761755718659,2.0767953894181628,29.026818596007317,10.203641994573283,-72.47038614528874,-29.72252035077442,-51.951310857053706,31.789287163605568,69.84097757185151,36.278694839901135,45.230392802546724,26.039637325497694,27.95767389943093,85.68910844753853,-18.186581095500827,74.8804656134375,14.537390790295092,20.525074632014114,-78.36207205619145,-101.73214886604701,-40.654672679934585,-21.055001887576758,-19.485679503436156,13.399558227678302,44.9732976269968,-0.6203836357845643,12.259484737288254,46.78075556465956,-64.44871453494832,61.149088911333195
39.352218271219265,6.05082040806945,15.296507486184698,-44.44042346638127,69.8578490077272,76.95787571424503,-10.55732274678701,-91.95959847053282,-18.445895603602157,-42.00382891495896,-8.989689403738588,-33.892799304116004,30.111615748659307,-9.61886204518996,25.644101760802794,14.599549694270118,42.00055651641724,79.3803588855998,-103.26144223372019,75.06834158896098,61.787496195365094,-15.980163386539537,-14.950595580170239,4.192643745270097,25.51354249124953,-89.3266464048485,9.199047679414818,2.206528781296631,36.080282970994595,12.68052529547646,-89.86782236669575,-37.06120630671874,-64.64576888866678,39.56532473457682,87.12298777880295,45.230392802546724,56.580182034776556,32.09807955958843,34.80673052179868,106.52992395381483,-22.7722157933576,93.05482734626206,17.998835608294208,25.67166004391325,-97.392719901685,-126.46403765516376,-50.668529455112356,-26.34871675705302,-24.306072428632476,16.72894266400811,56.117091044094316,-0.734800978075078,15.138965989877448,58.11017667666516,-80.20216224533254,75.9900320912532
