V1,V2,V3,V4,V5,V6,V7,V8,V9,V10,V11,V12,V13,V14,V15,V16,V17,V18,V19,V20,V21,V22,V23,V24,V25,V26,V27,V28,V29,V30,V31,V32,V33,V34,V35,V36,V37,V38,V39,V40,V41,V42,V43,V44,V45,V46,V47,V48,V49,V50,V51,V52,V53,V54,V55,V56
3.337076385263508,-1.8135591736902794,1.4939122266605658,0.15401565954690274,4.906901420042314,0.7266859842349747,-0.10033705724374438,0.5082810669897512,-2.460598449586542,-0.7333449036598058,-1.1122489682380543,1.9696363728697497,-1.0776748545713797,0.09545971426115599,1.4877155821298387,0.5518373530897406,2.3731099789718675,2.8469692775672257,-0.6974219901973784,0.8563630584975795,1.066298928641726,-1.6443965499494058,1.2605095336657275,-0.7813545554252092,1.354789004839589,-0.6155070245087816,0.9739325702912895,2.4478922413302926,1.4463912390894373,0.2285555097896352,-2.7833492764889605,0.8724633173076892,0.5977880641807103,1.4569243152239064,-0.2934381275877687,-0.8841003033777345,-2.3494796337752777,3.5838985578783222,1.3731339941917284,0.503980171020225,1.1539760851237322,1.8158013703879166,-0.3059822953368737,-0.14447556617388563,-3.5424246605499286,-2.1448161600126756,0.6870734899697634,0.6260476522269317,-0.7634380082585898,-1.1758202813036314,0.02175586910825633,-0.8783405652695094,0.7948069684371373,2.1202744324361444,0.19487116408755537,1.7557867309204942
-1.8135591736902794,1.3604795125138465,-0.9373197693809414,-0.5054810986338807,-2.753352421963445,0.25042713971911074,-0.027082636749362142,-1.2927561638333271,1.5910333701823125,0.07733319235984909,0.59812541752087,-1.6624049925563908,0.9460149054282803,-0.09924606969069266,-0.6043029868006591,-0.22913894864827988,-1.2067786325456065,-1.0950545564400318,-0.7304152647869055,0.2760737001867002,0.04737745623367375,0.9688270323415678,-0.8367332810361865,0.6378927918462042,-0.5928200357198786,-0.49139367724621175,-0.6152805683604774,-1.7393925093401539,-0.5135253775481936,-0.026163826514492124,0.9481062283424085,-0.9710010691454222,-1.0506427964885727,-0.46354277013086076,1.279000957861607,1.1015762318806472,2.2509123792458565,-2.0432606193112224,-0.4294163276364373,0.7590447390640109,-1.0725133645163334,-0.17184527675653483,0.32008125947881055,0.4655027589992373,1.181868142448367,0.04389857776841848,-1.015887116123048,-0.7706217565934396,0.15473144642752149,0.9258294886362726,0.7065853197407661,0.5479270790119884,-0.40191705488358564,-0.753729633269564,-0.9750808594153084,-0.3293067628693359
1.4939122266605658,-0.9373197693809414,0.8205628474800234,-0.020159110125833348,2.510427947664118,0.4324738352703019,-0.0695498385577341,0.2055209940230405,-1.3082174204489723,-0.3688455081667044,-0.42814598648918184,0.8710189819746291,-0.35715002530966466,-0.04965744832012511,0.4960765254461477,0.27116784424103557,1.1585339832840573,1.3165768328584735,-0.14917996502608633,0.30095839602841484,0.32166984203337234,-0.7895306715711546,0.33129971275160225,-0.45139446694037644,0.5496917260105322,-0.32765527805448896,0.5263369068374835,1.281067525191793,0.5477588317851204,0.11411887532882783,-1.2953388654383113,0.3946621608470513,0.22728139993547927,0.5181784114018996,-0.3694202350210368,-0.4456244601010551,-1.1802318810720909,1.5896165864181948,0.44155053195638405,0.26357499664142037,0.6051749858625152,0.7286700457014794,-0.03334457142296415,-0.2048178336477872,-1.3653914378456053,-0.8811581385463008,0.3476012306974329,0.39037135405150697,-0.20309884328757538,-0.47540837206993525,-0.17830385656944306,-0.347664030953222,0.40491082127921757,0.8762325855672997,0.09175247324148282,0.7252630929883045
0.15401565954690274,-0.5054810986338807,-0.020159110125833348,1.0227320196720886,-0.30455787866915984,-1.426425726500854,0.20538669772303117,1.9804107719237933,-0.1207219919837953,0.6727340272058195,-0.20715541510528074,1.2382112734373036,-1.0338178846108181,0.3145874045727956,0.08080802002094647,-0.15002724155474637,-0.2556256204125432,-0.8196024297429731,1.7011644405476696,-1.1623383244470349,-0.7669951706286775,-0.08239481510057656,0.8807672588495168,-0.19447578037223126,-0.05648102975448586,1.6534649719101073,0.0033394041607751816,0.4567819731242103,-0.1993782965996978,-0.19446232186393575,1.0554760058932324,0.9889690743074555,1.4893162048672368,-0.2439375334785195,-1.5661785837670243,-1.0900234103523323,-1.6566628843101803,0.38532946120303635,-0.13044631907546947,-2.002540882117541,0.6816779220825131,-1.2412540568400874,-0.5509196766301779,-0.40333099558105706,0.7002130919150878,1.8169042048101929,1.1689887714041107,0.5908207117727606,0.11938779946390828,-0.7095154057631445,-0.91771012372847,-0.2727799805350971,-0.11368122415580177,-0.4866369005870931,1.6452678078455942,-0.9494355578918139
4.906901420042314,-2.753352421963445,2.510427947664118,-0.30455787866915984,7.990637417668209,1.787657121373913,-0.26837253522622884,0.01412359170158094,-4.004976842122988,-1.4067221213969938,-1.4471842429697344,2.468103817628232,-0.9962838578250934,-0.14552526284201586,1.8613174346821229,0.9166948191528604,3.798123835232227,4.603035390978225,-1.3351553991780105,1.5284049822688872,1.5619029624560392,-2.5187199215679343,1.121983788588771,-1.2864159174294312,1.9232043700295243,-1.6004190407129917,1.6166153658291669,3.8274729124027145,2.029452738671386,0.429718595140106,-4.606531400709262,0.950409956834767,0.2846859549501807,1.9996640670590133,-0.3325208242223111,-1.0235398044888773,-3.1471233474705653,5.162906352963328,1.759931231894527,1.5290409356505092,1.6427044570786906,2.9773628660335048,-0.062473190939744454,-0.33836074729514454,-5.093157986383391,-3.680471403469218,0.6794260586863249,0.9285532459062312,-0.9124756329504128,-1.4010039100810596,0.0020333091077786047,-1.12427884399351,1.3111268891707226,3.1873001503073475,-0.28633404334737506,2.8308127759072894
0.7266859842349747,0.25042713971911074,0.4324738352703019,-1.426425726500854,1.787657121373913,2.274468070491274,-0.3241582124282062,-2.7570028332578906,-0.47951489001922065,-1.1818801197200208,-0.03363356692805226,-1.246614302994713,1.170167145685574,-0.40820362534855814,0.34862425019918,0.3784321020966673,1.0357512263496234,2.002929049802541,-2.7213318418353447,1.9699957515161797,1.468057494278636,-0.33001581043674605,-0.8766748485764875,0.09045857611926837,0.4929085237191934,-2.584129353502768,0.254172707941336,-0.01431582422305952,0.7371244211281828,0.35093884131307795,-2.3265446705912955,-1.1905418801673342,-2.0021784172814807,0.8039510495607973,2.2716425357680943,1.3600858336645036,1.7832758639389092,0.46443841482102305,0.6257049594852219,3.0740110887820467,-0.6938403516953059,2.365461032303097,0.6917854456986375,0.5875155174965724,-2.103320207602644,-3.3014382038056564,-1.5172346392004967,-0.710726837851628,-0.43334639451381035,0.6937208348850861,1.396130178614332,0.14130259681846977,0.39160867384119175,1.3346652304718143,-2.3524281138090544,1.9103901971417412
-0.10033705724374438,-0.027082636749362142,-0.0695498385577341,0.20538669772303117,-0.26837253522622884,-0.3241582124282062,0.046834485109070456,0.38590358370982064,0.08000238225690366,0.16754007233701274,-5.399897876340737e-4,0.17534311538764935,-0.1723983243557197,0.0634088307719187,-0.036531468485454854,-0.053914605763806654,-0.14993372477213351,-0.2813657438607392,0.3687134346218822,-0.26875821588795806,-0.1937160743681191,0.049437935175719885,0.13841168904773593,-0.005742471861560374,-0.06398722305695295,0.363855674621398,-0.04115979027635203,-0.009816010297904488,-0.0951785409312364,-0.04950080655326954,0.3271182260917391,0.16655037667507638,0.2821601207165828,-0.10263753831736265,-0.30056065320687503,-0.18641337466358154,-0.2409140358930843,-0.06254937423879074,-0.07501887365214341,-0.43091694177684897,0.09094871755184361,-0.32323034193844713,-0.10378732662208731,-0.07225149209290273,0.27662238066054257,0.45403014819516613,0.20954723033814546,0.09196142277485832,0.0504195970226727,-0.10048482972112971,-0.18191863888093907,-0.022914469631554364,-0.057226040159830266,-0.18058813224742465,0.3280339159660265,-0.26160372652293384
0.5082810669897512,-1.2927561638333271,0.2055209940230405,1.9804107719237933,0.01412359170158094,-2.7570028332578906,0.38590358370982064,4.078078924627129,-0.640067186966072,1.279671265528258,-0.39486483424653535,2.634065604896266,-2.01049940912105,0.5276407608454674,0.03464988969835524,-0.2614675980924252,-0.28316427768808294,-1.4642110233387287,3.633647173441449,-2.44528215584012,-1.7134522417706861,-0.3437311489715762,1.5918377870097318,-0.5807916010965184,-0.13146908636449556,3.2881507282673,0.1698934773371196,1.3086940565422445,-0.46961388536136084,-0.37925269673272716,1.9380437715631278,2.060895358939801,3.04050911251235,-0.5814702737644906,-3.5369731907446815,-2.357602884606402,-3.685793820068628,0.97250688627622,-0.4082877261138714,-4.044108185373023,1.583347431845315,-2.5668725332994007,-1.0107967571054568,-1.0210605978570233,1.5397263149547802,3.722323921191702,2.467820930045534,1.3803192667338393,0.3913387517836377,-1.4640633744795701,-2.117969791973014,-0.5605091697959335,-0.14856470983331282,-0.9656928216607831,3.3844666515409725,-1.931387630934463
-2.460598449586542,1.5910333701823125,-1.3082174204489723,-0.1207219919837953,-4.004976842122988,-0.47951489001922065,0.08000238225690366,-0.640067186966072,2.1303037106502245,0.5011933112235821,0.7324594973092604,-1.6043631083801082,0.7409576217453435,0.029417733105242316,-0.8346319273653554,-0.41027368106368634,-1.8358554902144768,-2.0221028270617945,0.013244297035145186,-0.3211879710246983,-0.4208289028592382,1.3021662355662476,-0.6949581211397451,0.7612191941564468,-0.8825985092569093,0.2842373252125225,-0.8482801724762696,-2.1414689854512754,-0.8635786603821588,-0.15207128891058974,1.9537802396062716,-0.7802026057707085,-0.5977818226911993,-0.8222918751192918,0.8202190079589392,0.889622263959771,2.1577297436027374,-2.6497536068257417,-0.7148849695419791,-0.12113627341845228,-1.0851524682432292,-1.0012609769964451,0.14249025558780298,0.3868277363235709,2.127532171779686,1.163521433467642,-0.7287497864117991,-0.7127851693519732,0.31772957451753264,0.8885610536420739,0.4120166681546463,0.6156533697270239,-0.6283596960636145,-1.3642804815445506,-0.3916744787411302,-1.042544250126788
-0.7333449036598058,0.07733319235984909,-0.3688455081667044,0.6727340272058195,-1.4067221213969938,-1.1818801197200208,0.16754007233701274,1.279671265528258,0.5011933112235821,0.6567047158197659,0.14605860535854723,0.381805700178734,-0.44105262218488356,0.18339016151093301,-0.34771038083940037,-0.24374636667841285,-0.7667821230291284,-1.2957143700970044,1.4135162098883065,-1.0589324327676215,-0.8428671952984078,0.34628574285737124,0.2694865012923853,0.04056241201801461,-0.3944854062710649,1.3238685088248205,-0.22887733393074047,-0.2616084358698222,-0.526370119507565,-0.19506636885483178,1.445918342502274,0.4822428414440135,0.9029155138470293,-0.5643804486487956,-1.0828559139936411,-0.5623000473590593,-0.6073301850728934,-0.6340974783676921,-0.4696583829340098,-1.5483259834265757,0.2098499509405219,-1.359125999037926,-0.29663040054076817,-0.275681053086117,1.4344420931682709,1.8513326277027056,0.6637592774368857,0.2808384038136594,0.30328024772643053,-0.20003863444941697,-0.6912992221229333,0.034644665264271166,-0.2756878879756996,-0.8944902630796163,1.1225153334301987,-1.1310115020354499
-1.1122489682380543,0.59812541752087,-0.42814598648918184,-0.20715541510528074,-1.4471842429697344,-0.03363356692805226,-5.399897876340737e-4,-0.39486483424653535,0.7324594973092604,0.14605860535854723,0.42013144853331447,-0.7908391020529462,0.5274170986381063,-0.1085308833961919,-0.5723434378517903,-0.1572425310749788,-0.7116507270749298,-0.8240740243279507,0.10534565352961624,-0.1885529551911153,-0.33355993163578596,0.5225885052649271,-0.6129886809138044,0.23164064696602457,-0.4680510012207585,-0.006400003484446578,-0.28187482207808684,-0.7737368311541459,-0.5001105515520975,-0.049927529760764706,0.7726260205490642,-0.400274699264001,-0.380045659583258,-0.508713406241669,0.16546129140859062,0.3884449386721518,0.9021245032079893,-1.2269020778650412,-0.5122891583333132,0.07237645579825458,-0.4145499525900828,-0.4981663374957331,0.20889095929972773,0.029122917657469962,1.1873432622694413,0.5394799333793343,-0.343144145865643,-0.22466898577775324,0.3014492731086851,0.4864300998183361,0.013109609003641894,0.3369956002726629,-0.23166314652936942,-0.6727931839352651,-0.24765816531587995,-0.4984427899010544
1.9696363728697497,-1.6624049925563908,0.8710189819746291,1.2382112734373036,2.468103817628232,-1.246614302994713,0.17534311538764935,2.634065604896266,-1.6043631083801082,0.381805700178734,-0.7908391020529462,2.526792714926391,-1.7196664302122366,0.35926722253064014,0.7703248230643333,0.12630068451351317,1.0251415948702032,0.571207959142298,1.772398829979773,-0.9955730436592302,-0.46154320851628394,-1.0215287910310347,1.5655486938717558,-0.7269443737444133,0.6076661843733628,1.6131468790941685,0.5866538219412064,1.9876319537977047,0.45640332813813017,-0.1056265658817985,-0.26163603699907845,1.6449155863547553,2.075702131374604,0.3931101499812943,-2.205769732389572,-1.8173268980070065,-3.3289248990473004,2.365840825652063,0.4541140558405529,-2.1073248017373323,1.4998028837609814,-0.5832644227260982,-0.7471126970701053,-0.6639087485397344,-0.8870389093673507,1.093136407231034,1.788237068517253,1.11854719186227,-0.16015840786952348,-1.4445651216068258,-1.2216669553751092,-0.7672239726615725,0.3147600000089431,0.5001919870811106,2.075244213313064,-0.24475160222366316
-1.0776748545713797,0.9460149054282803,-0.35715002530966466,-1.0338178846108181,-0.9962838578250934,1.170167145685574,-0.1723983243557197,-2.01049940912105,0.7409576217453435,-0.44105262218488356,0.5274170986381063,-1.7196664302122366,1.3132491624804108,-0.35111964623410236,-0.5428929419576205,-0.00786457710273207,-0.3961759582955982,-0.01194077464224383,-1.359953331652984,0.8290479800033443,0.37662245740297634,0.5196502741129327,-1.2498803775730283,0.3699991991535124,-0.3452397062778769,-1.3997760903623206,-0.24929271251777063,-1.059167189970481,-0.24870031099024675,0.12157914308086903,-0.23053722726660916,-1.1762068722730072,-1.580380561626512,-0.2171615854620773,1.483924362882649,1.2570107343731816,2.178598517401073,-1.369483718642173,-0.3128969150766359,1.753259265809599,-0.9367476284082705,0.6330029255225862,0.6356613703360361,0.37703427433096953,0.4006916447341704,-1.084280649746005,-1.2826935883313573,-0.6989412131569015,0.14436406425565135,1.0108926525668813,0.8014641089044129,0.5148133584134997,-0.10342578121851057,-0.15616548172090108,-1.6023012085639348,0.38351486958117914
0.09545971426115599,-0.09924606969069266,-0.04965744832012511,0.3145874045727956,-0.14552526284201586,-0.40820362534855814,0.0634088307719187,0.5276407608454674,0.029417733105242316,0.18339016151093301,-0.1085308833961919,0.35926722253064014,-0.35111964623410236,0.13077444311817837,0.13171960372509844,-0.038045318667948594,-0.07092615313528185,-0.18520779191105036,0.35039974756675424,-0.24289910559380862,-0.1007487660356562,-0.019021960982865432,0.3641599609147569,-0.010192293549824967,0.04158571932735316,0.44334902994197195,-0.02671910673337684,0.06632424062228028,0.02694301189808938,-0.0504218744692074,0.25183502531684265,0.27308183693250754,0.4143281452521156,0.027839519874595074,-0.28791867414168293,-0.2693355493234084,-0.40457456603165515,0.16805700302481624,0.07664685402364961,-0.5246807288137552,0.14917103371980706,-0.24346992517884813,-0.20086156155601662,-0.03411546359368242,0.004113674251149491,0.38917690546386235,0.2977110845736731,0.10910245788463857,-0.055168972818224096,-0.22726800615015502,-0.14210169075336332,-0.1062282273529882,-0.03554572503375384,-0.05409183040815449,0.4274140574583733,-0.18336239525230072
1.4877155821298387,-0.6043029868006591,0.4960765254461477,0.08080802002094647,1.8613174346821229,0.34862425019918,-0.036531468485454854,0.03464988969835524,-0.8346319273653554,-0.34771038083940037,-0.5723434378517903,0.7703248230643333,-0.5428929419576205,0.13171960372509844,0.8827710798347987,0.24248313310560898,0.9825056736090415,1.3183657553024017,-0.6985586871279915,0.6223515677715552,0.7680156840975222,-0.656687716084822,0.7700503886118221,-0.19522831606684632,0.7021097242525616,-0.38871459732438796,0.32580172468531077,0.8162926435390822,0.8123438330157667,0.1134485084990423,-1.3035467800673803,0.2929405098621383,0.15862058588105293,0.8543487318826959,0.34932052181092976,-0.21147878524599764,-0.7184848029060116,1.5960681996679529,0.8576794434451476,0.4030417190303619,0.32807383641732724,1.0726325082740031,-0.21522790190610547,0.16435849986239345,-1.9737408201278042,-1.2769257595428978,0.14175531398461216,0.07930080747082628,-0.54460200887795,-0.5160188216448133,0.3522551578061033,-0.4209851407521778,0.31964576790523713,1.101784266505664,-0.09294025597500845,0.977781276816193
0.5518373530897406,-0.22913894864827988,0.27116784424103557,-0.15002724155474637,0.9166948191528604,0.3784321020966673,-0.053914605763806654,-0.2614675980924252,-0.41027368106368634,-0.24374636667841285,-0.1572425310749788,0.12630068451351317,-0.00786457710273207,-0.038045318667948594,0.24248313310560898,0.12574721667427363,0.46111853511464823,0.6375695354607852,-0.4117494490049667,0.352195123342505,0.3183761869812503,-0.2686207816037297,0.06052619537198681,-0.10077251888153352,0.24906157308458693,-0.39590042609035897,0.17093358611765636,0.34750324358013235,0.2885792581381208,0.07563562072382293,-0.6668510541251172,-0.0164019523313321,-0.15758649215129236,0.29288713656570564,0.2217342648917999,0.038387776175164076,-0.12153394510588082,0.5553243742169611,0.25926588118197613,0.4408788596801297,0.08048605733594925,0.5351890834580614,0.043073081016090885,0.04574058863166468,-0.7407716461578265,-0.6929849015273387,-0.08027829320785755,0.00802054510927569,-0.1551097900414916,-0.07815167453377174,0.161936581853154,-0.1023962833825158,0.1634050629332634,0.4514426500625787,-0.25215679569526556,0.4716561870456426
2.3731099789718675,-1.2067786325456065,1.1585339832840573,-0.2556256204125432,3.798123835232227,1.0357512263496234,-0.14993372477213351,-0.28316427768808294,-1.8358554902144768,-0.7667821230291284,-0.7116507270749298,1.0251415948702032,-0.3961759582955982,-0.07092615313528185,0.9825056736090415,0.46111853511464823,1.848244640659524,2.3503902361401248,-0.98629867895317,0.9641166190420357,0.9574217660487431,-1.188527124929933,0.5308702770580521,-0.5463633572295211,0.9802689889678519,-1.0042290299443037,0.7449660095416121,1.707981783556462,1.0745232598181913,0.2347927733170078,-2.3831850046463097,0.3172877579869503,-0.06557587248545405,1.0798152543081099,0.19438770004607528,-0.3091186655110963,-1.2246180535744695,2.4717582855849694,0.96625713253424,1.031955208343212,0.6538033997136048,1.6868694687656438,-5.903779806886166e-4,-0.03257346839095937,-2.7088197152756317,-2.114423095650559,0.13923884860358107,0.310396530091468,-0.5360164452246496,-0.6018659518113606,0.2335534556984214,-0.5293503512782125,0.6370536319807046,1.6660533517580067,-0.3887323239519559,1.557571265846652
2.8469692775672257,-1.0950545564400318,1.3165768328584735,-0.8196024297429731,4.603035390978225,2.002929049802541,-0.2813657438607392,-1.4642110233387287,-2.0221028270617945,-1.2957143700970044,-0.8240740243279507,0.571207959142298,-0.01194077464224383,-0.18520779191105036,1.3183657553024017,0.6375695354607852,2.3503902361401248,3.3379709604107153,-2.3304132725569393,1.9294380016723132,1.7594339157745489,-1.373865772313004,0.35675925147156345,-0.474083143131542,1.298212251458912,-2.1400396364171415,0.8414495598631814,1.6896458782017472,1.5333518690042176,0.392533926542583,-3.506080345449256,-0.1718783981333739,-0.8965080327380235,1.5915566749685701,1.3446541042700408,0.28517677833430133,-0.45766701167027607,2.850863913473997,1.4215453805851797,2.388776517763795,0.34050528659658835,2.8721437051128302,0.22192716466891702,0.31437516331330567,-3.948313343760318,-3.7250950176595423,-0.52689669649021,-0.0488751443610195,-0.8553445834743469,-0.3829903848461366,0.9776473126988948,-0.5374807566012267,0.8137497909116947,2.4019002293458893,-1.4229229077113632,2.5231714569542945
-0.6974219901973784,-0.7304152647869055,-0.14917996502608633,1.7011644405476696,-1.3351553991780105,-2.7213318418353447,0.3687134346218822,3.633647173441449,0.013244297035145186,1.4135162098883065,0.10534565352961624,1.772398829979773,-1.359953331652984,0.35039974756675424,-0.6985586871279915,-0.4117494490049667,-0.98629867895317,-2.3304132725569393,3.8642455116392265,-2.7042758707919705,-2.178466911172534,0.19047153945237563,0.7709589938739626,-0.3953876636943224,-0.6710318069452987,3.24884601145425,-0.07351833590847266,0.5947816888080113,-1.073785538877776,-0.42347169826231573,2.7451005307902925,1.6369098755817113,2.6026540970419467,-1.2238261170166878,-3.516319867067947,-1.9688322202563668,-2.797922565285335,-0.3655709649902019,-1.079063893180776,-3.938939175848462,1.191968443795359,-3.1594390107743107,-0.7173893554665094,-1.0811871499675678,2.967084076430073,4.3567924649931875,2.1291567823132937,1.212645772415945,0.8067310844653053,-0.9020520986504225,-2.2304124655790325,-0.16296513348936947,-0.3609136336373564,-1.7449716369200843,3.1227246340902712,-2.5111359428995277
0.8563630584975795,0.2760737001867002,0.30095839602841484,-1.1623383244470349,1.5284049822688872,1.9699957515161797,-0.26875821588795806,-2.44528215584012,-0.3211879710246983,-1.0589324327676215,-0.1885529551911153,-0.9955730436592302,0.8290479800033443,-0.24289910559380862,0.6223515677715552,0.352195123342505,0.9641166190420357,1.9294380016723132,-2.7042758707919705,1.9433182126796933,1.5942270736892936,-0.32246006246491354,-0.42448821588398244,0.16936849115779026,0.6098076859503503,-2.3092645560511653,0.175968310635006,-0.10272665804487889,0.8894643850369638,0.32029195366391494,-2.207362638089976,-1.0207365958227796,-1.727194385852014,0.9839924632174643,2.3473524558367154,1.2466163130123997,1.634902665393122,0.6551465497723783,0.8701069158213784,2.7717298985395447,-0.6761745234489506,2.3667556904584335,0.4730611518742701,0.7065702246646153,-2.4107927337990165,-3.2274219268409228,-1.374940163097196,-0.7440466359577883,-0.6222434713210336,0.49575905581716323,1.5057127851492536,0.021280691387673255,0.35002506582271775,1.4268004758917052,-2.121260118008279,1.916030485220755
1.066298928641726,0.04737745623367375,0.32166984203337234,-0.7669951706286775,1.5619029624560392,1.468057494278636,-0.1937160743681191,-1.7134522417706861,-0.4208289028592382,-0.8428671952984078,-0.33355993163578596,-0.46154320851628394,0.37662245740297634,-0.1007487660356562,0.7680156840975222,0.3183761869812503,0.9574217660487431,1.7594339157745489,-2.178466911172534,1.5942270736892936,1.4156597618040934,-0.4128520690418924,0.011767259810475312,0.09280158208209612,0.6694353325456754,-1.736755745566181,0.1973406886786749,0.121328260581582,0.9146047939572677,0.25889638345910826,-1.9485704832328412,-0.6298049226984265,-1.159874754601477,1.0027710629603614,1.8452160319286213,0.8330798695290026,0.9737072697497428,0.9629422985515627,0.9363854966061379,2.074662319250735,-0.4057515520052406,2.0352235016977547,0.23414978785813398,0.5963783072167786,-2.390058994292989,-2.7055694444004303,-0.9389623777449938,-0.5360548836627401,-0.6548122378617349,0.1752320448640987,1.2339842362319249,-0.1288955008181878,0.3336140278236945,1.3732759087901492,-1.5296833576127824,1.6782967509879867
-1.6443965499494058,0.9688270323415678,-0.7895306715711546,-0.08239481510057656,-2.5187199215679343,-0.33001581043674605,0.049437935175719885,-0.3437311489715762,1.3021662355662476,0.34628574285737124,0.5225885052649271,-1.0215287910310347,0.5196502741129327,-0.019021960982865432,-0.656687716084822,-0.2686207816037297,-1.188527124929933,-1.373865772313004,0.19047153945237563,-0.32246006246491354,-0.4128520690418924,0.8387413517634138,-0.5601697136965117,0.4414199144203428,-0.6288254624548092,0.2428464476326273,-0.515991031330891,-1.3055643366439296,-0.6485936870106934,-0.10481189577150772,1.335551204752995,-0.47177541372242704,-0.3506510493170716,-0.6435081707240189,0.33177881595160535,0.5133743819521172,1.2899100740190363,-1.7685169211720284,-0.5887760256039678,-0.1590616655057741,-0.6422144096341279,-0.7840034648126089,0.12925911099379092,0.15683161258587622,1.5935181138570005,0.9186927635073101,-0.4070176374306611,-0.3839363347032855,0.3010979600979242,0.5912253887093216,0.11964563557305888,0.42666042741979726,-0.3984329150153776,-0.983469736121216,-0.1779121244273097,-0.783334277777632
1.2605095336657275,-0.8367332810361865,0.33129971275160225,0.8807672588495168,1.121983788588771,-0.8766748485764875,0.13841168904773593,1.5918377870097318,-0.6949581211397451,0.2694865012923853,-0.6129886809138044,1.5655486938717558,-1.2498803775730283,0.3641599609147569,0.7700503886118221,0.06052619537198681,0.5308702770580521,0.35675925147156345,0.7709589938739626,-0.42448821588398244,0.011767259810475312,-0.5601697136965117,1.3263809267987514,-0.28560199976495476,0.49980830476987653,1.0129467531098544,0.23453725084181634,0.9505383900372643,0.48018509859134834,-0.06975810467770119,-0.15919080096909263,0.9981681617738308,1.3014578777065342,0.4872388188295584,-0.9233211244428581,-1.0122496321051766,-1.829292438312503,1.5272721411744763,0.5853132359132117,-1.2768178557892704,0.7728921249511037,-0.1436028614851183,-0.6162525750605807,-0.16763562046760386,-0.9953314973176702,0.4412639069002336,1.018081981501343,0.5047041221667238,-0.34563008409663803,-0.9637934857880042,-0.41842655270399864,-0.5466875054962985,0.14248849659113744,0.47430358470668754,1.22187140412839,0.011019944070034086
-0.7813545554252092,0.6378927918462042,-0.45139446694037644,-0.19447578037223126,-1.2864159174294312,0.09045857611926837,-0.005742471861560374,-0.5807916010965184,0.7612191941564468,0.04056241201801461,0.23164064696602457,-0.7269443737444133,0.3699991991535124,-0.010192293549824967,-0.19522831606684632,-0.10077251888153352,-0.5463633572295211,-0.474083143131542,-0.3953876636943224,0.16936849115779026,0.09280158208209612,0.4414199144203428,-0.28560199976495476,0.31821526499284675,-0.2257611621343295,-0.21538146203322858,-0.2967918585437202,-0.8238555766043717,-0.1742789612603089,-0.01038883284499543,0.4114870139705726,-0.4268387441611907,-0.45887682937024904,-0.14546053009471654,0.665859556393033,0.510868878804572,1.0379698819077976,-0.8761752183159468,-0.11600648681665855,0.34551558560815426,-0.5067255628611316,-0.01748669859047528,0.10444000237551171,0.26199456011917377,0.4045125824739294,-0.04419057488720867,-0.4634103219442295,-0.38002956170030705,0.007270453899548149,0.3904123195973373,0.3889516133029832,0.22433767465211846,-0.18300121901546504,-0.2892943200497754,-0.4431957721347655,-0.10157175711553801
1.354789004839589,-0.5928200357198786,0.5496917260105322,-0.05648102975448586,1.9232043700295243,0.4929085237191934,-0.06398722305695295,-0.13146908636449556,-0.8825985092569093,-0.3944854062710649,-0.4680510012207585,0.6076661843733628,-0.3452397062778769,0.04158571932735316,0.7021097242525616,0.24906157308458693,0.9802689889678519,1.298212251458912,-0.6710318069452987,0.6098076859503503,0.6694353325456754,-0.6288254624548092,0.49980830476987653,-0.2257611621343295,0.6154240499357366,-0.5133401161175263,0.35375306006362445,0.8272082375599888,0.7014185477356755,0.12625028170507135,-1.3066689025810123,0.19745878705941064,0.008769106873010473,0.7220349259059753,0.29553571118584615,-0.14178881593353648,-0.6126263902998278,1.4280597760194012,0.6930397928916748,0.5447493014590046,0.3031528020620804,1.0286010831987595,-0.09363032487113339,0.09700510676320441,-1.7333578896062989,-1.262867735028698,0.06662490389279396,0.09490293705172285,-0.42587748046461404,-0.3894166268814207,0.27925045850485436,-0.3383292817846339,0.33247077079745724,1.0045821374796495,-0.20671565683225035,0.9333154337335813
-0.6155070245087816,-0.49139367724621175,-0.32765527805448896,1.6534649719101073,-1.6004190407129917,-2.584129353502768,0.363855674621398,3.2881507282673,0.2842373252125225,1.3238685088248205,-0.006400003484446578,1.6131468790941685,-1.3997760903623206,0.44334902994197195,-0.38871459732438796,-0.39590042609035897,-1.0042290299443037,-2.1400396364171415,3.24884601145425,-2.3092645560511653,-1.736755745566181,0.2428464476326273,1.0129467531098544,-0.21538146203322858,-0.5133401161175263,2.9856796972475266,-0.18451816173556815,0.2885691479220377,-0.8168576739157123,-0.3928744256913753,2.5236950181642706,1.4732294718205843,2.3920983609128976,-0.9113583368795168,-2.8281279794743632,-1.698856813104274,-2.3452461135049045,-0.29487528314036476,-0.7264386141865309,-3.5810886588219533,0.9498068801196747,-2.7083326505786762,-0.7886025820278103,-0.776064274180289,2.3405416364536484,3.7888802899142275,1.8642367110839453,0.9413703105402799,0.5268307839525322,-0.8813631188562111,-1.7440372133799689,-0.20894796821093328,-0.3815205686967826,-1.460136649816108,2.7989963519289187,-2.1622027871959455
0.9739325702912895,-0.6152805683604774,0.5263369068374835,0.0033394041607751816,1.6166153658291669,0.254172707941336,-0.04115979027635203,0.1698934773371196,-0.8482801724762696,-0.22887733393074047,-0.28187482207808684,0.5866538219412064,-0.24929271251777063,-0.02671910673337684,0.32580172468531077,0.17093358611765636,0.7449660095416121,0.8414495598631814,-0.07351833590847266,0.175968310635006,0.1973406886786749,-0.515991031330891,0.23453725084181634,-0.2967918585437202,0.35375306006362445,-0.18451816173556815,0.3399576178397783,0.8377494451720723,0.35124000046056264,0.06941076101100259,-0.8242311172601038,0.2697800525921097,0.17400117608961715,0.33517575381551257,-0.2648021613195638,-0.30887114071260485,-0.7923265726159594,1.0393867835476298,0.28696109167711786,0.1346539143888882,0.40496469411090685,0.45074288463376333,-0.03149280369633926,-0.1395086995515903,-0.8741587768185063,-0.539982572547083,0.2422401673005398,0.2613744773012558,-0.12945037644531596,-0.32268469749165485,-0.12897922237041975,-0.23251875297380342,0.25705663951757535,0.5627563105335024,0.08649001830565939,0.45486794688040527
2.4478922413302926,-1.7393925093401539,1.281067525191793,0.4567819731242103,3.8274729124027145,-0.01431582422305952,-0.009816010297904488,1.3086940565422445,-2.1414689854512754,-0.2616084358698222,-0.7737368311541459,1.9876319537977047,-1.059167189970481,0.06632424062228028,0.8162926435390822,0.34750324358013235,1.707981783556462,1.6896458782017472,0.5947816888080113,-0.10272665804487889,0.121328260581582,-1.3055643366439296,0.9505383900372643,-0.8238555766043717,0.8272082375599888,0.2885691479220377,0.8377494451720723,2.2671763779090774,0.7540238615042331,0.08060817669770362,-1.5433258511579524,1.097917216725265,1.0924981598880266,0.6980008419584974,-1.374995044956377,-1.2517601745275202,-2.6895093044329093,2.7089290965335797,0.6263401750731636,-0.573217949089955,1.3057142889922706,0.5290196838760214,-0.3140216947129128,-0.5371761627676768,-1.7916828068069035,-0.4881837709396467,1.115753959752867,0.9122319420712485,-0.24569021460433457,-1.1044837628728683,-0.7447294592523827,-0.6888591195954047,0.574376154049895,1.1494574438515393,0.9503287401582884,0.675619348866631
1.4463912390894373,-0.5135253775481936,0.5477588317851204,-0.1993782965996978,2.029452738671386,0.7371244211281828,-0.0951785409312364,-0.46961388536136084,-0.8635786603821588,-0.526370119507565,-0.5001105515520975,0.45640332813813017,-0.24870031099024675,0.02694301189808938,0.8123438330157667,0.2885792581381208,1.0745232598181913,1.5333518690042176,-1.073785538877776,0.8894643850369638,0.9146047939572677,-0.6485936870106934,0.48018509859134834,-0.1742789612603089,0.7014185477356755,-0.8168576739157123,0.35124000046056264,0.7540238615042331,0.834402791237112,0.16641161649405045,-1.5791500058292656,0.04879372599518919,-0.22657003568299547,0.8748121012246522,0.6734143330477572,0.04860656747005651,-0.3403864642509897,1.4930880856770532,0.8391476844596606,0.9165082576539539,0.18133164929347056,1.3597785588081521,-0.04781281274879773,0.22586991189020034,-2.0858295914284284,-1.7094029344845199,-0.13725226000838933,-0.03633268375451563,-0.5355873559272364,-0.32202561344963915,0.527336830213439,-0.33779400633889195,0.36458569359345544,1.200367705012672,-0.5026542420830977,1.197390513608609
0.2285555097896352,-0.026163826514492124,0.11411887532882783,-0.19446232186393575,0.429718595140106,0.35093884131307795,-0.04950080655326954,-0.37925269673272716,-0.15207128891058974,-0.19506636885483178,-0.049927529760764706,-0.1056265658817985,0.12157914308086903,-0.0504218744692074,0.1134485084990423,0.07563562072382293,0.2347927733170078,0.392533926542583,-0.42347169826231573,0.32029195366391494,0.25889638345910826,-0.10481189577150772,-0.06975810467770119,-0.01038883284499543,0.12625028170507135,-0.3928744256913753,0.06941076101100259,0.08060817669770362,0.16641161649405045,0.0594430314108005,-0.4360321250427607,-0.1370635961161953,-0.26494278441157404,0.17564638832828391,0.32830841037349495,0.16645502624785527,0.17483570062914514,0.20117984145429035,0.14918954446826257,0.46168750616626575,-0.06201622513113268,0.41433597717906495,0.08304297424479463,0.08666144522729048,-0.4478630185966035,-0.5613006652234498,-0.1930072115225781,-0.08359138955383906,-0.0987647633211758,0.054668122426812585,0.2106582604482004,-0.013442606402835164,0.08616910237766144,0.27418157735070114,-0.331452108740433,0.34427621520325885
-2.7833492764889605,0.9481062283424085,-1.2953388654383113,1.0554760058932324,-4.606531400709262,-2.3265446705912955,0.3271182260917391,1.9380437715631278,1.9537802396062716,1.445918342502274,0.7726260205490642,-0.26163603699907845,-0.23053722726660916,0.25183502531684265,-1.3035467800673803,-0.6668510541251172,-2.3831850046463097,-3.506080345449256,2.7451005307902925,-2.207362638089976,-1.9485704832328412,1.335551204752995,-0.15919080096909263,0.4114870139705726,-1.3066689025810123,2.5236950181642706,-0.8242311172601038,-1.5433258511579524,-1.5791500058292656,-0.4360321250427607,3.730073027502537,0.4143005746150566,1.2521037396950123,-1.650709896752857,-1.7430418002857813,-0.5568308046212144,0.03206334880115841,-2.7317255556179356,-1.4582421453728802,-2.858148525970393,-0.16018918671825408,-3.161560737624216,-0.34545331278113783,-0.42527159956087257,4.108315461302204,4.148420688161872,0.8142148467313511,0.20508194822692613,0.8913065543343702,0.20935908246233995,-1.214102273604966,0.4696617704603467,-0.8301610363154508,-2.5076310201111647,1.816522514178501,-2.741095498468357
0.8724633173076892,-0.9710010691454222,0.3946621608470513,0.9889690743074555,0.950409956834767,-1.1905418801673342,0.16655037667507638,2.060895358939801,-0.7802026057707085,0.4822428414440135,-0.400274699264001,1.6449155863547553,-1.1762068722730072,0.27308183693250754,0.2929405098621383,-0.0164019523313321,0.3172877579869503,-0.1718783981333739,1.6369098755817113,-1.0207365958227796,-0.6298049226984265,-0.47177541372242704,0.9981681617738308,-0.4268387441611907,0.19745878705941064,1.4732294718205843,0.2697800525921097,1.097917216725265,0.04879372599518919,-0.1370635961161953,0.4143005746150566,1.168400754045692,1.58017721874819,-0.012104037763246119,-1.767894658044745,-1.303960227597402,-2.2294502640838423,1.1449328686765297,0.05686527371195377,-1.854286119202709,0.9817479050064037,-0.8947613183843967,-0.5457228885856802,-0.5209681762608096,0.07360502550226351,1.3912459463215232,1.330051758559613,0.789793839038478,0.04355383164280826,-0.9253773266122363,-1.0243412878122573,-0.43198143759573504,0.08698469491787873,-0.07112308411328458,1.6751732315794834,-0.6021750177704642
0.5977880641807103,-1.0506427964885727,0.22728139993547927,1.4893162048672368,0.2846859549501807,-2.0021784172814807,0.2821601207165828,3.04050911251235,-0.5977818226911993,0.9029155138470293,-0.380045659583258,2.075702131374604,-1.580380561626512,0.4143281452521156,0.15862058588105293,-0.15758649215129236,-0.06557587248545405,-0.8965080327380235,2.6026540970419467,-1.727194385852014,-1.159874754601477,-0.3506510493170716,1.3014578777065342,-0.45887682937024904,0.008769106873010473,2.3920983609128976,0.17400117608961715,1.0924981598880266,-0.22657003568299547,-0.26494278441157404,1.2521037396950123,1.58017721874819,2.287762656716076,-0.3055493517002211,-2.578046749019765,-1.7851390736922004,-2.8496491402777098,0.9602636003784052,-0.17496653423497235,-2.9510154238210125,1.2253646354022714,-1.7499684022839035,-0.7865195102553001,-0.7331563208691181,0.8492582757159544,2.5802767516082383,1.8600604841930692,1.0386357376000106,0.20748445977623983,-1.1664073754984803,-1.5225197488401765,-0.47924125975898296,-0.061733359065330555,-0.5558613381138596,2.5071479330048905,-1.2922397087241608
1.4569243152239064,-0.46354277013086076,0.5181784114018996,-0.2439375334785195,1.9996640670590133,0.8039510495607973,-0.10263753831736265,-0.5814702737644906,-0.8222918751192918,-0.5643804486487956,-0.508713406241669,0.3931101499812943,-0.2171615854620773,0.027839519874595074,0.8543487318826959,0.29288713656570564,1.0798152543081099,1.5915566749685701,-1.2238261170166878,0.9839924632174643,1.0027710629603614,-0.6435081707240189,0.4872388188295584,-0.14546053009471654,0.7220349259059753,-0.9113583368795168,0.33517575381551257,0.6980008419584974,0.8748121012246522,0.17564638832828391,-1.650709896752857,-0.012104037763246119,-0.3055493517002211,0.9297241918137374,0.8211363103014983,0.12057458136265245,-0.22126182673500827,1.4931301494833285,0.8944439510549842,1.0323656838943176,0.12726346428232435,1.4631092400476593,-0.0379894614777641,0.28016408437014867,-2.195139810090866,-1.849085170295957,-0.21800007790950093,-0.09519817618459743,-0.576235943731896,-0.2976993890622375,0.6268744026744787,-0.33790348601592,0.36118660038604194,1.260128405890922,-0.6054916778974471,1.2789052127619325
-0.2934381275877687,1.279000957861607,-0.3694202350210368,-1.5661785837670243,-0.3325208242223111,2.2716425357680943,-0.30056065320687503,-3.5369731907446815,0.8202190079589392,-1.0828559139936411,0.16546129140859062,-2.205769732389572,1.483924362882649,-0.28791867414168293,0.34932052181092976,0.2217342648917999,0.19438770004607528,1.3446541042700408,-3.516319867067947,2.3473524558367154,1.8452160319286213,0.33177881595160535,-0.9233211244428581,0.665859556393033,0.29553571118584615,-2.8281279794743632,-0.2648021613195638,-1.374995044956377,0.6734143330477572,0.32830841037349495,-1.7430418002857813,-1.767894658044745,-2.578046749019765,0.8211363103014983,3.5396601861138977,2.131243884918206,3.3654960016328337,-0.660344722461209,0.739359560936379,3.524243827161109,-1.5067508444669222,2.509964951848313,0.6835144395864851,1.1532244317344993,-1.9396638485986804,-3.53346670483106,-2.2021837510450477,-1.383262357507903,-0.6421583936867722,1.1454955446466295,2.208653200696447,0.37493946620187,0.0924713852645055,1.079962790138206,-2.975544101830059,1.8980914794104542
-0.8841003033777345,1.1015762318806472,-0.4456244601010551,-1.0900234103523323,-1.0235398044888773,1.3600858336645036,-0.18641337466358154,-2.357602884606402,0.889622263959771,-0.5623000473590593,0.3884449386721518,-1.8173268980070065,1.2570107343731816,-0.2693355493234084,-0.21147878524599764,0.038387776175164076,-0.3091186655110963,0.28517677833430133,-1.9688322202563668,1.2466163130123997,0.8330798695290026,0.5133743819521172,-1.0122496321051766,0.510868878804572,-0.14178881593353648,-1.698856813104274,-0.30887114071260485,-1.2517601745275202,0.04860656747005651,0.16645502624785527,-0.5568308046212144,-1.303960227597402,-1.7851390736922004,0.12057458136265245,2.131243884918206,1.4968693502858683,2.532980337798275,-1.1798191873233634,0.0573347870886957,2.1492307746489625,-1.1307879028741834,1.1445979014213052,0.5716831447099838,0.658719269843232,-0.3231800963278527,-1.7272474823268547,-1.5138548944465886,-0.9298779850963813,-0.14470599327168115,1.0061633928182814,1.2600211513202078,0.45172216473145543,-0.07816432076109928,0.18858922178387771,-1.9226775433528724,0.788952046250684
