V1,V2,V3,V4,V5,V6,V7,V8,V9,V10,V11,V12,V13,V14,V15,V16,V17,V18,V19,V20,V21,V22,V23,V24,V25,V26,V27,V28,V29,V30,V31,V32,V33,V34,V35,V36,V37,V38,V39,V40,V41,V42,V43,V44,V45,V46,V47,V48,V49,V50,V51,V52,V53,V54,V55,V56
3.353260732108477,3.332760568466532,-0.31937659015628145,-9.317243027869372,-4.314064160537474,-0.9507205227336415,7.502238804115958,0.5994325080818009,4.338827971597463,-2.397479612513211,7.876380271146859,-1.4818203961942071,-3.3966736143411786,-0.26820411223243035,-5.313614408654873,-0.09551822899128742,2.1367629847707406,3.9250446895540287,-1.9608634049017721,1.696156908884601,-2.288904607828304,-0.10731482868098918,-0.6992299573951299,-4.25353922603147,1.2214891500162066,5.852713572077351,-3.128283042579409,2.7901538190806154,6.732176653975866,1.8121624280435908,-1.4385839996342733,-3.519129059082363,4.193301762350873,5.407246629719793,2.7297048906170467,-1.6780146979183919,-7.853928339695033,-7.382099578037842,-0.435548347821357,-2.449209189760602,-4.635854094827444,0.8857488077729607,-2.14516811586319,1.7817999413318009,2.2714108729656797,-1.4513710518383371,2.580140792904298,2.573746355669958,4.041455514661723,2.5795984784451313,5.43908146458703,1.7425878677677997,2.611161676945183,5.021175551143306,-6.108622203435624,2.6039229257030234
3.332760568466532,9.257184815930536,0.6764923949008167,-16.51326345496954,-9.563637568303923,0.3672339887828006,11.024176109628439,1.9320196413168196,6.707252425755631,-7.00230422713388,11.846874286653891,-3.608926016266427,-5.833761639863932,1.8632596748493264,-10.267225618009661,0.8271512319524152,1.005385795357103,3.963026236866346,-3.7018746028749665,0.594727691796181,-3.612279879096789,-2.1941669591093214,0.9375094940582783,-8.572032652110174,4.042038952315245,8.895473122342567,-6.211316769046194,4.919104153971065,10.962144059049413,4.494324488311816,-3.0270286054934803,-7.467440291209933,6.954393994061847,9.468107931289353,5.2532478471551105,-1.3276810858006503,-14.931507626369413,-11.046947076959073,2.3538396931513503,-6.285072056755392,-5.680664206137211,1.9624048549083928,-2.73915771611882,-0.8707089222252238,5.634677634597823,-4.8867729183071384,3.0863679799971804,6.787271725095392,7.939685978488857,2.1769008442707114,7.3781740438448775,3.6385136680387107,3.531740706874094,8.492291993692048,-9.207659189628949,7.300079983805111
-0.31937659015628145,0.6764923949008167,0.1965927203747872,-0.32522483675120434,-0.4712038622551497,0.30992867814478237,-0.11803686343857149,0.16631817288751236,-0.012832638888688378,-0.5439910308723823,-0.07829399080385005,-0.21601363050830166,-0.08741834381680894,0.3816322418151925,-0.32754228540954033,0.16326175263569567,-0.39048490628826743,-0.3634735859127736,-0.10632607560505547,-0.34396358462516363,-0.005592786909932942,-0.3387912315191579,0.3395300428803749,-0.32123767809888765,0.3564799275130459,-0.0427300038600555,-0.22070333364581235,0.09304799134508164,0.07289540166932142,0.277688951938719,-0.13002737641045692,-0.3285439405488276,0.06652973226555621,0.16945898859637737,0.16471603157312253,0.2166777201700181,-0.4432976482521081,0.08282336621311698,0.5073993105977148,-0.4105533876171272,0.2621146954865765,0.09655055357410765,0.10281204023836206,-0.6113598341468529,0.34829147082626566,-0.4376176181209981,-0.15846790408408382,0.4619610168080857,0.2709569614553823,-0.3103813775731327,-0.18827999553538682,0.15279207211168022,-0.0921149930586243,0.10723644021649228,0.057433695772628135,0.5398097023071579
-9.317243027869372,-16.51326345496954,-0.32522483675120434,34.73757602390972,18.423841264061807,1.0407511198512476,-25.1983544121531,-3.2958591352455433,-14.97767664181521,12.297567946484477,-26.787982895964983,6.723568642884755,12.436587601450354,-1.8532799163536267,20.847519697603015,-0.8595922342155002,-4.572724702221908,-10.98159836434863,7.587135538511187,-3.381725334845578,7.991525364297926,2.845055921520287,-0.04884377901620446,17.11925041307457,-6.844320122035131,-20.018117732972026,12.47693365880316,-10.370866017531586,-23.916781570105,-8.321106875872536,5.945916627870992,14.621525540202855,-15.051312776727153,-20.019178872444872,-10.683878587196359,4.2475579520248985,30.51624684073544,25.03800086279249,-2.1897583983390274,11.50351159010407,14.190315258911049,-3.7812942813337465,6.701185416721058,-1.7279283230864497,-10.431570018387008,8.234929531943296,-7.8059512616356175,-12.311243673135486,-16.015636094220145,-6.695503424189555,-17.519196411801865,-7.168021441589581,-8.397909051846352,-18.224054346641697,20.799748968248355,-12.984152421814544
-4.314064160537474,-9.563637568303923,-0.4712038622551497,18.423841264061807,10.232513810817531,0.05861592983338758,-12.818228816235768,-1.9570968323408882,-7.70751743003581,7.184167285459224,-13.69969171474898,3.8022278927023754,6.551235428157852,-1.5451446699578015,11.261223094494627,-0.6954545525877405,-1.7565137843448715,-5.104685031915243,4.0784744175300744,-1.2138494210428619,4.131640759842897,1.990705352471281,-0.5492163960813857,9.327994299362345,-4.081316321214201,-10.261852939372844,6.777757411581098,-5.494171223060466,-12.451713398017699,-4.721621284388762,3.2683120953934925,8.05063755929753,-7.867992699824861,-10.589884457291536,-5.76627096002212,1.8569999386814968,16.428190738228054,12.789845837267578,-1.9128450444996887,6.568553604374224,6.9165679083989895,-2.0998675913978517,3.2986175908852333,0.05207051929283942,-5.919422192242035,4.923987858323304,-3.7826942262900394,-7.064621353978096,-8.681013280493314,-2.9753320690645526,-8.747966718031641,-3.9339576434881964,-4.190504920933957,-9.567706864987642,10.642420977737826,-7.531938698680921
-0.9507205227336415,0.3672339887828006,0.30992867814478237,1.0407511198512476,0.05861592983338758,0.5591674105867335,-1.3395565001814285,0.12498863211378225,-0.7015357369769828,-0.3398805124706245,-1.3461220257202724,-0.051369051282583116,0.42053074618001446,0.5461390101127748,0.4059864066170589,0.23060495502598036,-0.8526532217951736,-1.099154550284348,0.16902234712921918,-0.7217167169517201,0.35376699821323077,-0.43033072634146624,0.5585651748085868,0.24704765160552247,0.277884928163607,-0.9798708084389589,0.20222378312937228,-0.317400193352981,-0.9659900429667274,0.08066894224366677,0.055325843622880795,0.12152453888821302,-0.573801877639672,-0.6294573698856253,-0.21324815004025305,0.5508146891944354,0.65398817650163,1.2741124588537296,0.738577401314673,-0.155557765933798,1.0774971693257702,-0.012292747422665765,0.4742014093426951,-1.0882396126945386,0.10141463636639506,-0.3487292382115023,-0.6163079098689971,0.2037749199944342,-0.2799636925347285,-0.816774669439885,-1.1067581470244614,-0.07323923710973931,-0.5336053521284211,-0.6506864719188254,1.039660795862597,0.3017874476369109
7.502238804115958,11.024176109628439,-0.11803686343857149,-25.1983544121531,-12.818228816235768,-1.3395565001814285,18.92597513618753,2.1430622168171083,11.144593336345924,-8.13627975834953,20.033614443702042,-4.5973024126630735,-9.074465887620587,0.6781714909628789,-14.8805648616616,0.33969284352507717,4.109411469890558,8.818688978373123,-5.439103923394203,3.140002589199009,-5.9235847982330005,-1.4929248249315383,-0.5846504181661001,-12.123805697319007,4.430083023994438,14.941861598941033,-8.860676432812154,7.530345032633703,17.625221937452864,5.670705914199236,-4.177134533047255,-10.255850398122043,11.054133875401154,14.554608061456115,7.631697424902724,-3.5501192418095497,-21.84803547531799,-18.742512587830966,0.6980132132175402,-7.790707223355802,-11.015843457192616,2.631093591227406,-5.163738786057925,2.401040703510271,7.108639329247863,-5.314247961970436,6.085821789300889,8.296446854594748,11.396308186567088,5.53911329906846,13.352555485610804,5.042932246604947,6.404015467778537,13.335493434843617,-15.549124496662412,8.653723463418558
0.5994325080818009,1.9320196413168196,0.16631817288751236,-3.2958591352455433,-1.9570968323408882,0.12498863211378225,2.1430622168171083,0.4075178397241144,1.313937389572637,-1.466927688243797,2.311285356636148,-0.74505193515939,-1.1596561794435123,0.4307913918346207,-2.0706243931424804,0.19018793415691645,0.1305989695749407,0.7155742767984955,-0.7445599776053532,0.057961075496862774,-0.7097778760428917,-0.48840605607878446,0.24194293586046414,-1.7369057650442246,0.8540270753389128,1.7382185304858189,-1.2565055091629007,0.9811392276905122,2.1634940051289826,0.9293231049034403,-0.6161818387954315,-1.5214050551428997,1.3759865537221578,1.8868159940731537,1.0589459252843882,-0.22352219447954622,-3.0056394964790556,-2.153546076090605,0.5485352552900342,-1.3034010100804907,-1.06992634817252,0.40156158374996703,-0.5199315416233763,-0.2752603353630247,1.1651422629501926,-1.0336404595449198,0.5785628338083959,1.4107241273921742,1.6042390490872993,0.3741574567611982,1.4156300844681629,0.7400593311001348,0.6772864215792632,1.684714949103411,-1.796962937808503,1.5246457364334285
4.338827971597463,6.707252425755631,-0.012832638888688378,-14.97767664181521,-7.70751743003581,-0.7015357369769828,11.144593336345924,1.313937389572637,6.578913840083979,-4.963157031704462,11.81032644760121,-2.777932411070164,-5.385189054113445,0.5109967040721307,-8.884079254137795,0.2478843230825127,2.3142571700901895,5.103638855661112,-3.2434076328114805,1.7551318021022273,-3.5004199303294032,-0.9798402863060378,-0.2470781109806382,-7.253958962825457,2.7198092926112127,8.813141549295855,-5.297479571517967,4.474773045631195,10.431545337251874,3.429790873960808,-2.5048780418165304,-6.152753203605479,6.548447397616571,8.645809976768632,4.555375468380482,-2.034201546083401,-13.03295712438079,-11.046418203634522,0.5591076643422079,-4.720430281321307,-6.430732511942097,1.582010427797735,-3.0202468299953606,1.2412856275819115,4.299547614435114,-3.2655257675022926,3.5487735828605866,5.034024205007494,6.809707226212037,3.1818997862529144,7.83229101157038,3.022853644938099,3.7559175769933444,7.907724661011223,-9.167572775791108,5.267577714692408
-2.397479612513211,-7.00230422713388,-0.5439910308723823,12.297567946484477,7.184167285459224,-0.3398805124706245,-8.13627975834953,-1.466927688243797,-4.963157031704462,5.303752482678827,-8.75411349949901,2.7193907921567253,4.338425071407608,-1.4632490399362228,7.673582660569063,-0.6482259208593035,-0.6587208458453674,-2.854448847338576,2.7641480283207995,-0.3648791322316217,2.675716210918989,1.6988516023004743,-0.7685992800932983,6.417098685210178,-3.070874631071424,-6.576731454418023,4.647199086592609,-3.6624584541575462,-8.132234238467499,-3.3884581408269225,2.269699261836227,5.600874210877743,-5.163546016167772,-7.047248450271803,-3.9255753875913784,0.9354698204600154,11.152354345728249,8.160863116018188,-1.8540566557746958,4.743451435666929,4.14840173931386,-1.4741206151749893,2.0054882496988125,0.7787675006221267,-4.248249734467209,3.714103834729481,-2.250350037962799,-5.126550728848952,-5.937887290197501,-1.5436680540000316,-5.421413871960134,-2.7274292929165953,-2.594653963262918,-6.311117196599249,6.804645755409417,-5.523304309785404
7.876380271146859,11.846874286653891,-0.07829399080385005,-26.787982895964983,-13.69969171474898,-1.3461220257202724,20.033614443702042,2.311285356636148,11.81032644760121,-8.75411349949901,21.21719105648839,-4.924640420910785,-9.639848447915062,0.8097695572507622,-15.851570494083454,0.3989645708346429,4.263010259507525,9.26132642631106,-5.790832989131513,3.2465071826720635,-6.280395021276944,-1.6632114744603261,-0.5388646787948498,-12.927874249563354,4.780843507222872,15.828350702757573,-9.444977459567427,8.004405246058305,18.70027936846573,6.077150379877923,-4.458775672338316,-10.949562625986232,11.733342289954596,15.468397076357585,8.128910464628364,-3.7115534038106426,-23.264732192845212,-19.84753084979236,0.8607591328143753,-8.35601986422519,-11.614474895653725,2.811983858704722,-5.449126688405249,2.399507924832909,7.618189467635785,-5.7373932202087286,6.413289902970523,8.904353816381429,12.14474400490523,5.797588004672487,14.109001040323834,5.381953007752172,6.766382319674763,14.161304099685225,-16.468551357484074,9.301614129954103
-1.4818203961942071,-3.608926016266427,-0.21601363050830166,6.723568642884755,3.8022278927023754,-0.051369051282583116,-4.5973024126630735,-0.74505193515939,-2.777932411070164,2.7193907921567253,-4.924640420910785,1.4224183077062111,2.3841935193288304,-0.6467963272980085,4.1397801476221,-0.2891262538252642,-0.5423974016270903,-1.75676505766347,1.4964251482179054,-0.3574849409344809,1.4920379688479393,0.7975342421754871,-0.2776062847470937,3.4407804516265816,-1.5559824581151944,-3.692561700505445,2.4971108589421784,-2.004113457093185,-4.509735778167382,-1.7685738146808572,1.2096579290740461,2.981609312470642,-2.8544025872185776,-3.8605670014622357,-2.1190583838708426,0.6193216127895703,6.031148954590018,4.595300852343786,-0.8088929705410637,2.466050126836436,2.4342234899263224,-0.7802404886436595,1.1661118322970687,0.16183536446109692,-2.2172701239393477,1.879010098564228,-1.327747830251367,-2.657063926177221,-3.1955795225972934,-1.0008998930891637,-3.112283056004014,-1.4551547792315387,-1.4904148232540118,-3.47719785797821,3.826433583001609,-2.8438910391950465
-3.3966736143411786,-5.833761639863932,-0.08741834381680894,12.436587601450354,6.551235428157852,0.42053074618001446,-9.074465887620587,-1.1596561794435123,-5.385189054113445,4.338425071407608,-9.639848447915062,2.3841935193288304,4.456844075889444,-0.6088895310733736,7.443889899164862,-0.28447849315481843,-1.7020646037090645,-4.001487484537404,2.7110193851669546,-1.2670233075675108,2.8714653644460033,0.9717769180338411,0.03334433509915765,6.104826388612324,-2.406535607770023,-7.201298995104905,4.451361129634574,-3.7135399656834758,-8.585221638559812,-2.949131658060784,2.1175845376548006,5.206000860090669,-5.399756373267928,-7.169872842230095,-3.815297875578424,1.5591369424773551,10.901662781586552,9.011550464748073,-0.7109693867052036,4.073030997011028,5.139566755113575,-1.3445942679924603,2.423949795049186,-0.7127069345465706,-3.6970913611120424,2.8941837241004515,-2.829363442837172,-4.355638386576264,-5.715702398451956,-2.4530242513148823,-6.3249600098041,-2.5534183305357967,-3.032177743585654,-6.533995183255996,7.4844399090334495,-4.585822245262272
-0.26820411223243035,1.8632596748493264,0.3816322418151925,-1.8532799163536267,-1.5451446699578015,0.5461390101127748,0.6781714909628789,0.4307913918346207,0.5109967040721307,-1.4632490399362228,0.8097695572507622,-0.6467963272980085,-0.6088895310733736,0.7844974208713441,-1.3613530437489758,0.3379923447809551,-0.5715598358974502,-0.2917334594084055,-0.47120559765053927,-0.5265546560637842,-0.29606155358808933,-0.7393013141284742,0.640783941210333,-1.2162770973129717,0.9154862856429499,0.6348198419422841,-0.8611899706985248,0.5456770410554889,0.9917400444398631,0.8199567711080337,-0.4571745668240191,-1.1407851563065696,0.6629977612117572,1.034225051549291,0.6917490779102407,0.256050575525531,-1.9246811451513974,-0.738718100216521,1.0332286187864106,-1.1837313584940647,-0.013683494595933899,0.3168251904800637,-0.045926961682733074,-1.0889181816489375,1.028246594004274,-1.1178839770261808,-0.019351916890982493,1.309347178320377,1.0822100181268266,-0.3449480768097378,0.27159004590846647,0.5436858060106511,0.126683033334876,0.8529738318026748,-0.6350731782400207,1.4799109770570424
-5.313614408654873,-10.267225618009661,-0.32754228540954033,20.847519697603015,11.261223094494627,0.4059864066170589,-14.8805648616616,-2.0706243931424804,-8.884079254137795,7.673582660569063,-15.851570494083454,4.1397801476221,7.443889899164862,-1.3613530437489758,12.602014111977558,-0.6220241060346705,-2.4479726086612246,-6.271653342938857,4.577503173310862,-1.7726424180671354,4.748717639147662,1.9209133418241997,-0.2611940244142661,10.384077976484809,-4.307535468956548,-11.856347784040732,7.5589939539901545,-6.2212369361964734,-14.25021540779609,-5.130481069986011,3.619253756803816,8.906073745078537,-8.982073253504518,-12.002087227519107,-6.456096541805349,2.373768960914695,18.4218915009211,14.80943759636859,-1.647141619883899,7.11086568240184,8.246114903295936,-2.3111356521490123,3.9084564234536883,-0.6078527125585013,-6.431831808084087,5.188684185312912,-4.526339155333188,-7.625605003614111,-9.69443178567679,-3.763132861347041,-10.273099900197133,-4.360434888343295,-4.923185128574516,-10.89369643851697,12.310378863079983,-8.078376261762696
-0.09551822899128742,0.8271512319524152,0.16326175263569567,-0.8595922342155002,-0.6954545525877405,0.23060495502598036,0.33969284352507717,0.19018793415691645,0.2478843230825127,-0.6482259208593035,0.3989645708346429,-0.2891262538252642,-0.28447849315481843,0.3379923447809551,-0.6220241060346705,0.14574400081949052,-0.23432524203870814,-0.10219164651378539,-0.21604847709007308,-0.2175469720294087,-0.14223609693572414,-0.32073228458316855,0.27312616339693346,-0.5527036988022982,0.40385367698848856,0.31079084162452236,-0.39205994974527025,0.25338554760021953,0.47071921714341014,0.3661231104306693,-0.2067666975349921,-0.5155089947712385,0.312797152823141,0.4809735056045132,0.31625449364645053,0.10054698443670199,-0.8815163127130221,-0.3651671627749221,0.444649531741522,-0.5275291771062127,-0.034402000606581246,0.1426071489186983,-0.03306175398701693,-0.4604895660306004,0.45912221050730595,-0.4928919047446594,0.007470900771432129,0.5826782266674789,0.493357550409642,-0.13349547290327873,0.15099350528043354,0.24608803085905648,0.0708860825689356,0.40013047062237034,-0.3124737529332593,0.6567068919807135
2.1367629847707406,1.005385795357103,-0.39048490628826743,-4.572724702221908,-1.7565137843448715,-0.8526532217951736,4.109411469890558,0.1305989695749407,2.3142571700901895,-0.6587208458453674,4.263010259507525,-0.5423974016270903,-1.7020646037090645,-0.5715598358974502,-2.4479726086612246,-0.23432524203870814,1.571960430243037,2.489456665333097,-0.9197325408373278,1.2860706795832797,-1.206953329521257,0.3243113232390028,-0.7526560841551315,-1.8931673943449914,0.24636036040881978,3.1503395913809844,-1.4098362730913532,1.3742417897302477,3.486406577147313,0.6481024271374115,-0.6162272721706286,-1.495668897880431,2.1478248277148206,2.6754701842489497,1.2615627363637238,-1.1332373227105865,-3.6642357590421573,-4.006110493497005,-0.8017687410982314,-0.8362785101575704,-2.7521800476459832,0.360861117707043,-1.2527371718655185,1.632329660225243,0.8120898346601186,-0.2769175062761935,1.5459191542267676,0.8444482528248214,1.837325720806445,1.7165580549151713,3.0948589295050226,0.7517525931001525,1.487704486443853,2.5408428560108853,-3.3025293074835247,0.7728514693951503
3.9250446895540287,3.963026236866346,-0.3634735859127736,-10.98159836434863,-5.104685031915243,-1.099154550284348,8.818688978373123,0.7155742767984955,5.103638855661112,-2.854448847338576,9.26132642631106,-1.75676505766347,-4.001487484537404,-0.2917334594084055,-6.271653342938857,-0.10219164651378539,2.489456665333097,4.59497556431366,-2.313497290265711,1.9740047638432872,-2.693140315513635,-0.14737732620677998,-0.8014394320097474,-5.024130576052346,1.459255949592384,6.88279088368181,-3.694047589820649,3.288295341576685,7.924652315533942,2.1492424852079566,-1.7005393572658583,-4.160585601949932,4.937381393446159,6.371951973267981,3.2216486787126453,-1.960597428020205,-9.267438093200731,-8.67954474827776,-0.48076493642172285,-2.9069851587800275,-5.4375319790547225,1.0480642093626071,-2.5172850432045255,2.05808814238728,2.6939326590488175,-1.7347614640535254,3.025537969499476,3.0567030676318487,4.771487402876391,3.0154284266458293,6.3870958783283625,2.0596053400115197,3.0661710834908193,5.913875253532862,-7.182942051099524,3.097057668069187
-1.9608634049017721,-3.7018746028749665,-0.10632607560505547,7.587135538511187,4.0784744175300744,0.16902234712921918,-5.439103923394203,-0.7445599776053532,-3.2434076328114805,2.7641480283207995,-5.790832989131513,1.4964251482179054,2.7110193851669546,-0.47120559765053927,4.577503173310862,-0.21604847709007308,-0.9197325408373278,-2.313497290265711,1.663564196138169,-0.6701189039855117,1.7328298315144037,0.6783168747011515,-0.07249603963391826,3.768415670825143,-1.548206085847162,-4.3302491774968965,2.7440670922114916,-2.264392272789477,-5.196194986831864,-1.8538674075985293,1.3122235506593967,3.2284767075455254,-3.2738366710488824,-4.369170053223286,-2.3452923338008187,0.8809599766153253,6.693878747836713,5.41077595955774,-0.5670559643983686,2.5677396971845905,3.027326741533929,-0.8370337764130732,1.4334372772292772,-0.2629724595520009,-2.3240900279762946,1.8643540664217944,-1.6626987790759955,-2.7521538260237133,-3.52008810828339,-1.3943570287021616,-3.7621780486587606,-1.581211955219375,-1.803078318366368,-3.9688111813558353,4.496951076039071,-2.9121727342422665
1.696156908884601,0.594727691796181,-0.34396358462516363,-3.381725334845578,-1.2138494210428619,-0.7217167169517201,3.140002589199009,0.057961075496862774,1.7551318021022273,-0.3648791322316217,3.2465071826720635,-0.3574849409344809,-1.2670233075675108,-0.5265546560637842,-1.7726424180671354,-0.2175469720294087,1.2860706795832797,1.9740047638432872,-0.6701189039855117,1.0582001342764586,-0.9123305569836413,0.32884165916150515,-0.6532953828876104,-1.3541860997507384,0.09882638306046664,2.395428830141371,-1.013013854876552,1.0174650409369304,2.621405683945658,0.4223380187237847,-0.4345258326465524,-1.051468618395972,1.6096169801118239,1.9837478684884156,0.9145359651243073,-0.9111933099356366,-2.664926890267441,-3.053138831168234,-0.7317640766542007,-0.5321158986868806,-2.1479663048853306,0.24943784785092502,-0.9736539660419632,1.3860976386305144,0.5291180943470969,-0.1020032906944921,1.2092912809893455,0.5256568480610262,1.324278334393107,1.375834780873686,2.389226353199767,0.5315240984708974,1.1489011475553914,1.8971334437359268,-2.5142588599057616,0.45230816362091836
-2.288904607828304,-3.612279879096789,-0.005592786909932942,7.991525364297926,4.131640759842897,0.35376699821323077,-5.9235847982330005,-0.7097778760428917,-3.5004199303294032,2.675716210918989,-6.280395021276944,1.4920379688479393,2.8714653644460033,-0.29606155358808933,4.748717639147662,-0.14223609693572414,-1.206953329521257,-2.693140315513635,1.7328298315144037,-0.9123305569836413,1.8632464191720943,0.5428669775025389,0.11004211185266265,3.8807825108449308,-1.4699805063096132,-4.687568784052758,2.8332113867933906,-2.387306669684522,-5.556169491984142,-1.842849217775191,1.3412847503045555,3.295193172099697,-3.4892219686206976,-4.611919971791634,-2.43473119673615,1.068892376581409,6.9640220960880095,5.8735644978689905,-0.3296143057503117,2.538108531960275,3.4058100403108806,-0.8480313507440506,1.6008469542578985,-0.6219684950972623,-2.3101820547594043,1.7655315152872983,-1.87861169432724,-2.7082483638225074,-3.6411810542924425,-1.6737641019093696,-4.156372579215059,-1.6183858364010608,-1.993042945924068,-4.215190335267958,4.875260176865255,-2.837463894005624
-0.10731482868098918,-2.1941669591093214,-0.3387912315191579,2.845055921520287,1.990705352471281,-0.43033072634146624,-1.4929248249315383,-0.48840605607878446,-0.9798402863060378,1.6988516023004743,-1.6632114744603261,0.7975342421754871,0.9717769180338411,-0.7393013141284742,1.9209133418241997,-0.32073228458316855,0.3243113232390028,-0.14737732620677998,0.6783168747011515,0.32884165916150515,0.5428669775025389,0.7364602095757325,-0.5508605243007586,1.6616914632195616,-1.03214595272073,-1.2683307882822323,1.1894339908596598,-0.8428621100382981,-1.7152513400954206,-1.0037225033765729,0.6069081331988696,1.5066223648385861,-1.1127551622310354,-1.6106237465309452,-0.9793583844326108,-0.06571509813532174,2.7534937902385517,1.539004441288147,-0.9646153903674253,1.430598305316191,0.5251980766714508,-0.4083145514241269,0.2818364766187685,0.8705760932644888,-1.2585754141717373,1.2559009867960003,-0.26587242735037014,-1.5674669249112865,-1.5068737215105046,0.053313419890331414,-0.8666541874404501,-0.7252612823347357,-0.4124310469074559,-1.390350669160126,1.2968323843674456,-1.7379726858921938
-0.6992299573951299,0.9375094940582783,0.3395300428803749,-0.04884377901620446,-0.5492163960813857,0.5585651748085868,-0.5846504181661001,0.24194293586046414,-0.2470781109806382,-0.7685992800932983,-0.5388646787948498,-0.2776062847470937,0.03334433509915765,0.640783941210333,-0.2611940244142661,0.27312616339693346,-0.7526560841551315,-0.8014394320097474,-0.07249603963391826,-0.6532953828876104,0.11004211185266265,-0.5508605243007586,0.594086990924581,-0.3060588703863845,0.5218765710897322,-0.3750416786213932,-0.19954862422538017,0.007494343309332485,-0.2309395701118279,0.3616972246992874,-0.13863245937073182,-0.3563131819650056,-0.10914940066983526,-0.0033235617470361487,0.12835427455195292,0.443289333933369,-0.3189975666379454,0.520557730075558,0.8560655775743058,-0.5467395484431129,0.6719862508676514,0.11244246983419542,0.280600784495731,-1.0969414187177524,0.4537403671276057,-0.6431680420879174,-0.39467380992732354,0.6246874386779052,0.23452027690610588,-0.6441547943047602,-0.5925555661203227,0.16018629135637774,-0.2873072011764481,-0.08541529688973681,0.41251904329816985,0.7509774674099059
-4.25353922603147,-8.572032652110174,-0.32123767809888765,17.11925041307457,9.327994299362345,0.24704765160552247,-12.123805697319007,-1.7369057650442246,-7.253958962825457,6.417098685210178,-12.927874249563354,3.4407804516265816,6.104826388612324,-1.2162770973129717,10.384077976484809,-0.5527036988022982,-1.8931673943449914,-5.024130576052346,3.768415670825143,-1.3541860997507384,3.8807825108449308,1.6616914632195616,-0.3060588703863845,8.570512375893735,-3.6161660961554993,-9.6738606071512,6.235239040664356,-5.107570026471592,-11.660991932891367,-4.266925902735613,2.9920881170227056,7.365115692531577,-7.355674996139665,-9.850842653359642,-5.318992351364826,1.8799969637216551,15.169973202116351,12.075312818224324,-1.4840707540822533,5.920985325851907,6.664750663138088,-1.9143379504169993,3.1647782133757096,-0.32966828553948296,-5.349283190686122,4.358131795926615,-3.6543347220119164,-6.355512650345403,-7.993408934531075,-2.989398105109205,-8.340762737827257,-3.603777376701604,-3.9966346166444846,-8.928402854736852,10.040749663830205,-6.746634999732236
1.2214891500162066,4.042038952315245,0.3564799275130459,-6.844320122035131,-4.081316321214201,0.277884928163607,4.430083023994438,0.8540270753389128,2.7198092926112127,-3.070874631071424,4.780843507222872,-1.5559824581151944,-2.406535607770023,0.9154862856429499,-4.307535468956548,0.40385367698848856,0.24636036040881978,1.459255949592384,-1.548206085847162,0.09882638306046664,-1.4699805063096132,-1.03214595272073,0.5218765710897322,-3.6161660961554993,1.7902750038963393,3.596463628810769,-2.6152733722113,2.0372503240833457,4.484152634196217,1.9413240429481426,-1.2838589483660534,-3.1704069598696254,2.853172407051374,3.91722215079099,2.202767661139885,-0.4494707185710713,-6.250680017681723,-4.453954850652123,1.167024456348644,-2.724063439599628,-2.1992103398294645,0.8374060261660146,-1.0702255666057077,-0.6075958904884344,2.433959852498712,-2.1671754244571826,1.188188107799294,2.9494495503817113,3.3383694016487437,0.7556016525383157,2.9195587943733363,1.5417551155477887,1.3966908124405137,3.4949167208270135,-3.717199454011379,3.190123791121658
5.852713572077351,8.895473122342567,-0.0427300038600555,-20.018117732972026,-10.261852939372844,-0.9798708084389589,14.941861598941033,1.7382185304858189,8.813141549295855,-6.576731454418023,15.828350702757573,-3.692561700505445,-7.201298995104905,0.6348198419422841,-11.856347784040732,0.31079084162452236,3.1503395913809844,6.88279088368181,-4.3302491774968965,2.395428830141371,-4.687568784052758,-1.2683307882822323,-0.3750416786213932,-9.6738606071512,3.596463628810769,11.809445442288698,-7.0665099491098475,5.981200697733394,13.962030150375888,4.557617331333751,-3.338014965740119,-8.19800999614087,8.762026129849037,11.55775664559154,6.079844234496509,-2.7526639704000697,-17.398111123556316,-14.80579773888731,0.6829184046170088,-6.268972731866657,-8.647065111875527,2.1063233961008443,-4.058527245693481,1.741948124101006,5.7133499582725324,-4.316826951266446,4.773645972905071,6.682305852242623,9.085386238204748,4.302008684285157,10.514652435781578,4.0288095403718795,5.042462142907365,10.577289210000076,-12.286059687367903,6.985002857865028
-3.128283042579409,-6.211316769046194,-0.22070333364581235,12.47693365880316,6.777757411581098,0.20222378312937228,-8.860676432812154,-1.2565055091629007,-5.297479571517967,4.647199086592609,-9.444977459567427,2.4971108589421784,4.451361129634574,-0.8611899706985248,7.5589939539901545,-0.39205994974527025,-1.4098362730913532,-3.694047589820649,2.7440670922114916,-1.013013854876552,2.8332113867933906,1.1894339908596598,-0.19954862422538017,6.235239040664356,-2.6152733722113,-7.0665099491098475,4.537191991394211,-3.722804215337317,-8.509293082608933,-3.095986226358877,2.1755511041552857,5.35458758274836,-5.366156881288936,-7.18078446570425,-3.872127068125147,1.3879728748103888,11.045323119267996,8.822787470365128,-1.0478609781081865,4.294357880102081,4.884826276276564,-1.3909762517707909,2.3180497367106065,-0.2837899025484383,-3.881309076774352,3.1513123956708537,-2.6794275504239535,-4.6080115153339785,-5.817402020078074,-2.2046195847404526,-6.103386490667838,-2.6205800637420618,-2.9246869061093266,-6.5116366939558095,7.335434832969903,-4.888109314324344
2.7901538190806154,4.919104153971065,0.09304799134508164,-10.370866017531586,-5.494171223060466,-0.317400193352981,7.530345032633703,0.9811392276905122,4.474773045631195,-3.6624584541575462,8.004405246058305,-2.004113457093185,-3.7135399656834758,0.5456770410554889,-6.2212369361964734,0.25338554760021953,1.3742417897302477,3.288295341576685,-2.264392272789477,1.0174650409369304,-2.387306669684522,-0.8428621100382981,0.007494343309332485,-5.107570026471592,2.0372503240833457,5.981200697733394,-3.722804215337317,3.09629864403407,7.143491184225014,2.4800787317546877,-1.773594604541465,-4.361234894327637,4.495110970939638,5.977083930786213,3.18831064488041,-1.2734658855508152,-9.10729962497507,-7.481701968498236,0.64356678654403765,-3.4280283520753128,-4.244764125869676,1.1276226943997258,-2.0040960372307786,0.5289952491533995,3.109095514301191,-2.450991566856198,2.335299038671136,3.6682591486376315,4.778920756255582,2.0067371146038804,5.237705039762224,2.138215085189361,2.5107569072443123,5.442097700797741,-6.2150197350218885,3.8676580020968436
6.732176653975866,10.962144059049413,0.07289540166932142,-23.916781570105,-12.451713398017699,-0.9659900429667274,17.625221937452864,2.1634940051289826,10.431545337251874,-8.132234238467499,18.70027936846573,-4.509735778167382,-8.585221638559812,0.9917400444398631,-14.25021540779609,0.47071921714341014,3.486406577147313,7.924652315533942,-5.196194986831864,2.621405683945658,-5.556169491984142,-1.7152513400954206,-0.2309395701118279,-11.660991932891367,4.484152634196217,13.962030150375888,-8.509293082608933,7.143491184225014,16.58452001417794,5.573184205269775,-4.035738406946345,-9.91736355843742,10.420855780409973,13.797205649243802,7.305365346260579,-3.124536585637369,-20.887436383955695,-17.486168707663264,1.127728111856432,-7.683844734201697,-10.078203733228356,2.5557037370765214,-4.742937107383573,1.6793326046181425,6.986567414763481,-5.388435143477716,5.555060554344604,8.20575585123755,10.932323582635252,4.90094326286719,12.336840304759695,4.868320203852656,5.915174723763834,12.596697817065293,-14.51736923735051,8.61322347064689
1.8121624280435908,4.494324488311816,0.277688951938719,-8.321106875872536,-4.721621284388762,0.08066894224366677,5.670705914199236,0.9293231049034403,3.429790873960808,-3.3884581408269225,6.077150379877923,-1.7685738146808572,-2.949131658060784,0.8199567711080337,-5.130481069986011,0.3661231104306693,0.6481024271374115,2.1492424852079566,-1.8538674075985293,0.4223380187237847,-1.842849217775191,-1.0037225033765729,0.3616972246992874,-4.266925902735613,1.9413240429481426,4.557617331333751,-3.095986226358877,2.4800787317546877,5.573184205269775,2.1994755069155607,-1.5010514451573413,-3.7002956966677125,3.5286379511609423,4.77688630516043,2.62601062995453,-0.7527610349658446,-7.472592891139486,-5.670192759810021,1.0271252947549077,-3.068185260754047,-2.991480144408213,0.9688976686776508,-1.4343295800509932,-0.23384588629580508,2.7575009668927573,-2.3447462990705694,1.6308427411696134,3.306929058463088,3.9613288619137297,1.218766653695162,3.832930529978175,1.8054847256831053,1.8354112183320948,4.299999978637269,-4.722118652165627,3.5419732518350244
-1.4385839996342733,-3.0270286054934803,-0.13002737641045692,5.945916627870992,3.2683120953934925,0.055325843622880795,-4.177134533047255,-0.6161818387954315,-2.5048780418165304,2.269699261836227,-4.458775672338316,1.2096579290740461,2.1175845376548006,-0.4571745668240191,3.619253756803816,-0.2067666975349921,-0.6162272721706286,-1.7005393572658583,1.3122235506593967,-0.4345258326465524,1.3412847503045555,0.6069081331988696,-0.13863245937073182,2.9920881170227056,-1.2838589483660534,-3.338014965740119,2.1755511041552857,-1.773594604541465,-4.035738406946345,-1.5010514451573413,1.0463137830384976,2.5763517418728954,-2.5477070851960146,-3.419717655062683,-1.8535803015876147,0.6285154078511853,5.283914554716923,4.163791288093552,-0.5618757411643159,2.0853732888424803,2.277165694890461,-0.6707248003087098,1.0834183244388147,-0.05466863694075609,-1.8818293954061631,1.548056328471296,-1.2471577130638987,-2.240475403001645,-2.7878365179125733,-1.0027174752707675,-2.863351838408493,-1.2598468576279125,-1.3718452164355674,-3.095000282502122,3.4633463925674968,-2.3831425858767568
-3.519129059082363,-7.467440291209933,-0.3285439405488276,14.621525540202855,8.05063755929753,0.12152453888821302,-10.255850398122043,-1.5214050551428997,-6.152753203605479,5.600874210877743,-10.949562625986232,2.981609312470642,5.206000860090669,-1.1407851563065696,8.906073745078537,-0.5155089947712385,-1.495668897880431,-4.160585601949932,3.2284767075455254,-1.051468618395972,3.295193172099697,1.5066223648385861,-0.3563131819650056,7.365115692531577,-3.1704069598696254,-8.19800999614087,5.35458758274836,-4.361234894327637,-9.91736355843742,-3.7002956966677125,2.5763517418728954,6.344178904071706,-6.261649642710833,-8.408560374461056,-4.56105043750752,1.5339217947849795,13.000762499174748,10.22470929099567,-1.4038285513013857,5.141875243870114,5.581798952720566,-1.652149076280384,2.656693525143198,-0.10591755962343233,-4.638967015138361,3.8231854744898066,-3.0563494229244106,-5.525276955446454,-6.861030748943751,-2.4488164304353077,-7.025221319175223,-3.1019639405981185,-3.365728583930079,-7.607993865004623,8.50520558073492,-5.879360775848451
4.193301762350873,6.954393994061847,0.06652973226555621,-15.051312776727153,-7.867992699824861,-0.573801877639672,11.054133875401154,1.3759865537221578,6.548447397616571,-5.163546016167772,11.733342289954596,-2.8544025872185776,-5.399756373267928,0.6629977612117572,-8.982073253504518,0.312797152823141,2.1478248277148206,4.937381393446159,-3.2738366710488824,1.6096169801118239,-3.4892219686206976,-1.1127551622310354,-0.10914940066983526,-7.355674996139665,2.853172407051374,8.762026129849037,-5.366156881288936,4.495110970939638,10.420855780409973,3.5286379511609423,-2.5477070851960146,-6.261649642710833,6.550116372317542,8.680942525132854,4.604317253845253,-1.9389664679097656,-13.161703254037327,-10.970543164000384,0.7616632587938643,-4.867918698051959,-6.300265771610852,1.6148816339763676,-2.9671584789772236,0.9898672726497727,4.42353441348408,-3.4295252128174942,3.4712006728505918,5.201047068479025,6.892845937540638,3.0444490297212203,7.726225154885925,3.0728759405238186,3.704317416383786,7.920591571586207,-9.109161820696213,5.46511041329679
5.407246629719793,9.468107931289353,0.16945898859637737,-20.019178872444872,-10.589884457291536,-0.6294573698856253,14.554608061456115,1.8868159940731537,8.645809976768632,-7.047248450271803,15.468397076357585,-3.8605670014622357,-7.169872842230095,1.034225051549291,-12.002087227519107,0.4809735056045132,2.6754701842489497,6.371951973267981,-4.369170053223286,1.9837478684884156,-4.611919971791634,-1.6106237465309452,-0.0033235617470361487,-9.850842653359642,3.91722215079099,11.55775664559154,-7.18078446570425,5.977083930786213,13.797205649243802,4.77688630516043,-3.419717655062683,-8.408560374461056,8.680942525132854,11.538677149899295,6.151091201097609,-2.4716619105777413,-17.57181166814752,-14.458786181092947,1.2167520172346713,-6.601332561621357,-8.214508772224024,2.1734743212004557,-3.8772475373941195,1.0540548595455905,5.9884258966893045,-4.71230474173768,4.520042701192394,7.062756759749284,9.218537968581217,3.8932336770164264,10.128973607432197,4.1229612207524085,4.855542759875109,10.508361399783556,-12.010256698363476,7.443909380415975
2.7297048906170467,5.2532478471551105,0.16471603157312253,-10.683878587196359,-5.76627096002212,-0.21324815004025305,7.631697424902724,1.0589459252843882,4.555375468380482,-3.9255753875913784,8.128910464628364,-2.1190583838708426,-3.815297875578424,0.6917490779102407,-6.456096541805349,0.31625449364645053,1.2615627363637238,3.2216486787126453,-2.3452923338008187,0.9145359651243073,-2.43473119673615,-0.9793583844326108,0.12835427455195292,-5.318992351364826,2.202767661139885,6.079844234496509,-3.872127068125147,3.18831064488041,7.305365346260579,2.62601062995453,-1.8535803015876147,-4.56105043750752,4.604317253845253,6.151091201097609,3.3075549102845807,-1.2206647193685451,-9.438243462963511,-7.594648592577088,0.8362175404073613,-3.639240795121789,-4.232358627649571,1.183411766749756,-2.005684355261044,0.3216985994124287,3.2921010475329404,-2.653231226875579,2.3234030505479124,3.9023213365079714,4.9662112829548875,1.934576046269224,5.270448932047956,2.233234214410265,2.5257915303562597,5.583800342866532,-6.3128854015027285,4.133193820215862
-1.6780146979183919,-1.3276810858006503,0.2166777201700181,4.2475579520248985,1.8569999386814968,0.5508146891944354,-3.5501192418095497,-0.22352219447954622,-2.034201546083401,0.9354698204600154,-3.7115534038106426,0.6193216127895703,1.5591369424773551,0.256050575525531,2.373768960914695,0.10054698443670199,-1.1332373227105865,-1.960597428020205,0.8809599766153253,-0.9111933099356366,1.068892376581409,-0.06571509813532174,0.443289333933369,1.8799969637216551,-0.4494707185710713,-2.7526639704000697,1.3879728748103888,-1.2734658855508152,-3.124536585637369,-0.7527610349658446,0.6285154078511853,1.5339217947849795,-1.9389664679097656,-2.4716619105777413,-1.2206647193685451,0.8591544211734369,3.5225841156100306,3.4818665746842403,0.3773703894342352,1.005326793892596,2.258451153875902,-0.3813396732731591,1.0387404477911164,-1.0427507802989153,-0.9434517677705234,0.5292534044586134,-1.261274102551483,-1.0459988961827875,-1.7979827637662316,-1.3129988288059904,-2.6089577459754674,-0.7629468151335417,-1.2530834944701676,-2.3123379334474556,2.877415479826342,-1.0334798142974884
-7.853928339695033,-14.931507626369413,-0.4432976482521081,30.51624684073544,16.428190738228054,0.65398817650163,-21.84803547531799,-3.0056394964790556,-13.03295712438079,11.152354345728249,-23.264732192845212,6.031148954590018,10.901662781586552,-1.9246811451513974,18.4218915009211,-0.8815163127130221,-3.6642357590421573,-9.267438093200731,6.693878747836713,-2.664926890267441,6.9640220960880095,2.7534937902385517,-0.3189975666379454,15.169973202116351,-6.250680017681723,-17.398111123556316,11.045323119267996,-9.10729962497507,-20.887436383955695,-7.472592891139486,5.283914554716923,13.000762499174748,-13.161703254037327,-17.57181166814752,-9.438243462963511,3.5225841156100306,26.936218019818558,21.73706130372525,-2.3201087033659493,10.352195024661563,12.144300898920116,-3.371579311841134,5.752057552934066,-1.006983373424409,-9.36799347232294,7.527767333925378,-6.668829027624192,-11.097471963577298,-14.167941289479048,-5.578096039351513,-15.103396937640698,-6.366727276753624,-7.238367290273576,-15.957848278097265,18.066829707859725,-11.746865523861342
