V1,V2,V3,V4,V5,V6,V7,V8,V9,V10,V11,V12,V13,V14,V15,V16,V17,V18,V19,V20,V21,V22,V23,V24,V25,V26,V27,V28,V29,V30,V31,V32,V33,V34,V35,V36,V37,V38,V39,V40,V41,V42,V43,V44,V45,V46,V47,V48,V49,V50,V51,V52,V53,V54,V55,V56
23.706497888004634,39.63661720989255,0.4298460104403185,-85.4820407095804,-44.76552546092401,-3.172963753924691,62.68521898967719,7.851717706171336,37.14942683675633,-29.44071192250911,66.54969962631822,-16.25230491258791,-30.658838991619703,3.8632204926277702,-51.04806224393261,1.8179893899868245,12.082177520661924,27.916016885145254,-18.60297952050819,9.040821042051547,-19.798426082724887,-6.403315559384971,-0.5293399518845744,-41.818455790506555,16.282658871051037,49.70095064563329,-30.504016986744055,25.527767895979157,59.14272684831359,20.094280709609865,-14.48887922151789,-35.61336558278143,37.18018878231198,49.29678286557224,26.166477840337073,-10.943377514006391,-74.79210547408377,-62.220685190026046,4.45677072214213,-27.727962064273814,-35.67528522676177,9.187922923439686,-16.806713017722725,5.453098923526158,25.18974186659034,-19.574132281304802,19.65233308624869,29.631671165321922,39.17948113034494,17.190334223353524,43.78542475443255,17.47470277207945,20.992411082578368,44.96691405988729,-51.66594211015299,31.150804228442396
39.63661720989255,73.49641417312058,1.9264412085157105,-151.73918402512112,-81.25888223905984,-3.7107390814922363,109.1453143265891,14.750909939501271,65.02476446759016,-54.838439303155475,116.15407788108207,-29.769611767355798,-54.249059369982334,9.047420474822255,-91.41113987177803,4.160432132225632,18.84203596986812,46.750743348248264,-33.234052846273386,13.790263765829248,-34.72739132089991,-13.243395597260337,1.0994153162080063,-75.20017325186964,30.66120412415345,86.8408206747048,-54.772678644414825,45.29091181337433,104.07748865758394,36.870034529856724,-26.16696286900293,-64.36992462115958,65.55205289308914,87.39988927623199,46.83783820707562,-17.883837279655094,-133.7115552743831,-108.5408655118605,10.83767810590604,-51.04060509175286,-60.9532736517164,16.6770911565835,-28.839125705196142,5.907821182172401,46.221656695590994,-36.913607514923896,33.492524647730725,54.68348964309882,70.27504618746877,28.27203974083006,75.605890635875,31.534914354433855,36.23717543293782,79.4398711728581,-90.19745846903733,57.80987706967916
0.4298460104403185,1.9264412085157105,0.20974712322900502,-3.0234924046312304,-1.8835863245736568,0.20906986419022852,1.8614085619112106,0.41392902231379314,1.160100680940997,-1.4723471931768217,2.0231000392147807,-0.7286908525574435,-1.0551758857634983,0.5027624782511918,-1.9385954056978116,0.2203035476942086,-0.008109399299507438,0.5187727131456399,-0.6934704091919285,-0.057736325913227755,-0.6307017493708669,-0.5401939686662822,0.32202643364164485,-1.6408562437964755,0.8697914126224682,1.5265854793227334,-1.1832988739165025,0.8988111940241129,1.9400391875104817,0.9115421445388778,-0.5871700065361024,-1.4522457888334357,1.2402523326938781,1.725463350121159,0.9904937796970827,-0.12932145859760302,-2.8037320077220587,-1.8818989785394264,0.6470364833039401,-1.285106839906286,-0.8648789457246332,0.38643037926426355,-0.4280277100460924,-0.43781438118099647,1.1428163351615928,-1.0546558744238217,0.4624091359496158,1.396500584393812,1.5074116844732668,0.23306138265765772,1.1946000569138797,0.7041805636407896,0.5709216257085109,1.5267746666137947,-1.5739366963407737,1.5221496942651875
-85.4820407095804,-151.73918402512112,-3.0234924046312304,318.9918355662474,169.24142589654122,9.496067978650478,-231.3262542094612,-30.29197842915299,-137.50886394472852,113.00912441827924,-245.92868955884074,61.77109896167105,114.19789402885941,-17.088008499064397,191.46601102048535,-7.92303631953707,-41.90841445596509,-100.75399886033247,69.67881869005912,-30.982439252621486,73.37254466860502,26.185218401911303,-0.5128062995963615,157.23479831229517,-62.90646595698851,-183.7804426551878,114.59402998337299,-95.23340299202808,-219.59610188248743,-76.45022009886915,54.614554885088396,134.30434751273089,-138.20018997671332,-183.83007533476538,-98.12091810812217,38.95606580438035,280.25742892683974,229.86105574858783,-20.201528549287918,105.69335668874426,130.23276007956176,-34.73491830915165,61.504352602115716,-15.747477761841948,-95.83952552642724,75.68916558746054,-71.63735328917063,-113.11902217309319,-147.09311194386765,-61.412911594275755,-160.80977750197533,-65.83933711324431,-77.08468016647997,-167.3375956283319,190.95337703954883,-119.31210797703771
-44.76552546092401,-81.25888223905984,-1.8835863245736568,169.24142589654122,90.22251319880613,4.576575669173636,-122.21927195776918,-16.26711211776516,-72.73439864921518,60.576304589049784,-130.00253909114144,32.99372610975919,60.54582408888232,-9.592031218504026,101.77358535366704,-4.427670765693316,-21.60896305011774,-52.781891101674226,37.01914243158065,-15.895424397775614,38.82795776512815,14.343269616542518,-0.7615867290135685,83.6534306128261,-33.797265197033,-97.1725709248646,60.94793035888331,-50.52026583094548,-116.28878943835579,-40.849222000790995,29.08311342152945,71.53198493701001,-73.21478357576176,-97.50516758124755,-52.151493593054326,20.297913173130926,148.9183310988895,121.49495948511684,-11.421000420541402,56.51297780975038,68.52482372914427,-18.516931980490316,32.39210553189128,-7.448753551123589,-51.209568478932354,40.67747175524303,-37.672975957926454,-60.515972518958115,-78.21512120862877,-32.044012379295346,-84.80909654627658,-35.05480576825494,-40.650844885850525,-88.68960167107376,100.94632530882059,-63.90504684020524
-3.172963753924691,-3.7107390814922363,0.20906986419022852,9.496067978650478,4.576575669173636,0.7766449806642932,-7.433300726450189,-0.6923726661259654,-4.330062728559714,2.7015170466078104,-7.82955458067775,1.6023476028180383,3.444468053755565,0.05418298808638479,5.495233821849423,0.003960904320692573,-1.917056863401965,-3.7198246330810347,2.019717212501529,-1.502708951686333,2.29116078320352,0.2972047913151964,0.5086067450630753,4.432054967351654,-1.4208606164780155,-5.826593838375206,3.2508637411761083,-2.8413151245336263,-6.770582528422422,-1.9671253120128689,1.510973640442911,3.702003126166788,-4.229072602957494,-5.500304078917606,-2.8210566957243564,1.555928549873442,8.099530569773236,7.332917529458186,0.15100270751565995,2.6784378085471987,4.487203139469962,-0.9395411954233761,2.0867774015829843,-1.4384448597860102,-2.465835627740719,1.6961532340922523,-2.490323887231505,-2.83174943196551,-4.1918265310254466,-2.4046613073614695,-5.331521434104586,-1.827605902773017,-2.558538585500604,-5.07941451693628,6.074202980711377,-2.9055384164130236
62.68521898967719,109.1453143265891,1.8614085619112106,-231.3262542094612,-122.21927195776918,-7.433300726450189,168.35877986832523,21.734917413511795,99.9808316805483,-81.21824624498961,178.90540162445245,-44.533247702030394,-82.8640244299506,11.768633287113236,-138.62074509171498,5.4801879527351,31.132264043321438,73.86246326531399,-50.469137343044345,23.110419611438918,-53.32640028576899,-18.45510060917633,-0.20789170161125323,-113.74830786324806,45.11826149788352,133.6675778433704,-82.92368472280295,69.06860633808688,159.50538149064369,55.09817734169506,-39.47845359738482,-97.0670715651776,100.34746482631157,133.34102480039505,71.04494743021287,-28.688797589518018,-202.96756991128495,-167.2331884447953,13.8165085959572,-76.128549349994,-95.117982919818715,25.08443433593698,-44.88522888148416,12.49352457031157,69.07236940642946,-54.27157073923406,52.345886655866344,81.43849402172387,106.46186820726271,45.17368266977853,117.21872597165697,47.598946523679594,56.1922758918073,121.4582368253167,-138.90733325908818,85.80703806032054
7.851717706171336,14.750909939501271,0.41392902231379314,-30.29197842915299,-16.26711211776516,-0.6923726661259654,21.734917413511795,2.966179257904805,12.95705797111375,-11.01217560889982,23.13831403951275,-5.966113631024372,-10.824522806578774,1.8612267366536115,-18.268548209653765,0.8538048084737079,3.696312462371548,9.262483029530658,-6.640150118165815,2.6962908643023864,-6.9227805207778275,-2.690622143988754,0.2700384585015646,-15.036099478568525,6.165046962806407,17.30123263618005,-10.94960439460718,9.040088705048323,20.753376086470535,7.390914173564875,-5.234313802732251,-12.87878352899762,13.074401697662521,17.443913282874703,9.35935381254388,-3.531547266806486,-26.71621881524042,-21.6203016396035,2.2376153418379325,-10.234978721765819,-12.108233019836838,3.338499019319445,-5.731521789069897,1.084256963439981,9.264530373872798,-7.423303051691847,6.651562644643795,10.968794501659312,14.047387346458121,5.587494378567232,15.039927037636133,6.307892018931679,7.2084039162312505,15.849061000381571,-17.96717536807827,11.604022235033897
37.14942683675633,65.02476446759016,1.160100680940997,-137.50886394472852,-72.73439864921518,-4.330062728559714,99.9808316805483,12.95705797111375,59.39034955057221,-48.39810431912389,106.25674852755218,-26.514637439610922,-49.24991665256104,7.096678801089562,-82.43800070309365,3.3007892099669807,18.385880327577063,43.77733909843032,-30.010364043033096,13.633521708844414,-31.679650992157228,-11.057127570382297,-0.029189846386070115,-67.6611433943704,26.901074894588433,79.39323166406665,-49.32195107817841,41.05628262378799,94.77459334677735,32.80760769209496,-23.488458794826922,-57.753659142154845,59.62996920066869,79.25847927135885,42.25011622052854,-16.98250958915197,-120.69548447389585,-99.32161903930961,8.347755860732281,-45.33763797517845,-56.43235091793815,14.928074431432867,-26.63592786633162,7.252860411989895,41.12902360451753,-32.36114198392948,31.051927691992955,48.50624080170684,63.318450429171676,26.74955741928374,69.58158144848937,28.31858251813307,33.355387946919585,72.18174920850598,-82.50233537374463,51.12272313735937
-29.44071192250911,-54.838439303155475,-1.4723471931768217,113.00912441827924,60.576304589049784,2.7015170466078104,-81.21824624498961,-11.01217560889982,-48.39810431912389,40.924751884259045,-86.4428787518983,22.20093234776948,40.39686023911329,-6.808889552250223,68.1049821722663,-3.1287062088661384,-13.948639587977517,-34.72754200763505,24.758204614406704,-10.197488202682509,25.850021326775604,9.923770901896612,-0.8846834654081293,56.037288526088005,-22.892004512989846,-64.63076348831882,40.812609710701594,-33.730084630645,-77.48337215386512,-27.498077908918557,19.50255745445897,47.97734448440655,-48.80603825150129,-65.08833375488645,-34.89552640361912,13.2693142407544,99.61349743711959,80.77516956504293,-8.166034476284773,38.07176015213936,45.318869407691224,-12.432285475848502,21.446075941940727,-4.278119209533077,-34.47269918037932,27.561765422684637,-24.898888039927353,-40.7933379984124,-52.36151066571657,-20.983406978485426,-56.23976380445693,-23.502594147656687,-26.95483818070585,-59.151270751705376,67.12647262765967,-43.135606447568236
66.54969962631822,116.15407788108207,2.0231000392147807,-245.92868955884074,-130.00253909114144,-7.82955458067775,178.90540162445245,23.13831403951275,106.25674852755218,-86.4428787518983,190.1237016521369,-47.37931924318928,-88.08770629010878,12.594642557721905,-147.4013343318833,5.861405521469376,32.99879079608844,78.41861904963508,-53.66317084500836,24.483603390823554,-56.6771425054488,-19.691103980287128,-0.14402227403066772,-120.9650717670057,48.03299658492693,142.0527427623231,-88.18170279961282,73.42719280225947,169.5391599862249,58.62196841382914,-41.98712755758956,-103.23787925489223,106.66459461096775,141.75348823144643,75.54399896572446,-30.441347727579796,-215.81547271586155,-177.7174056834773,14.799983059727738,-81.00318507055484,-101.03199892530314,26.68182694593211,-47.680485633018286,13.13882034916812,73.4893802034118,-57.779539265357954,55.59758132297428,86.65830308883066,113.20982472807866,47.940092606381334,124.53767367446117,50.622930710050746,59.70049133588739,129.110753617663,-147.61776756648203,91.31909496555777
-16.25230491258791,-29.769611767355798,-0.7286908525574435,61.77109896167105,32.99372610975919,1.6023476028180383,-44.533247702030394,-5.966113631024372,-26.514637439610922,22.20093234776948,-47.37931924318928,12.074903417128251,22.092352567942253,-3.578519447941785,37.17432106691589,-1.6491031634210047,-7.794773751971285,-19.165517105152194,13.519049454964696,-5.721682886883517,14.156973317010184,5.301581106331645,-0.3501727464652943,30.566785863869935,-12.397846134685128,-35.417834694459124,22.26738929889149,-18.438465279502022,-42.41190820700777,-14.95199618998685,10.630842811094025,26.14913893855113,-26.706702512563293,-35.58441595932842,-19.048475917941676,7.353895848888204,54.38697660402956,44.27667619153998,-4.272167400575493,20.691031206723405,24.926691715257597,-6.771475166480085,11.787513808351845,-2.5851523916281676,-18.744254909283104,14.923544205446484,-13.700886846578788,-22.161408717809902,-28.573355020912096,-11.616271005926542,-30.879321274537734,-12.812845547832522,-14.800733939858661,-32.35716030694593,36.79056704912642,-23.413595919730437
-30.658838991619703,-54.249059369982334,-1.0551758857634983,114.19789402885941,60.54582408888232,3.444468053755565,-82.8640244299506,-10.824522806578774,-49.24991665256104,40.39686023911329,-88.08770629010878,22.092352567942253,40.88737528239366,-6.066347707354672,68.52559655592158,-2.814863633492962,-15.063507902399532,-36.13494238193655,24.9395815109206,-11.144191785457073,26.27626692124427,9.330783013093502,-0.13669470189329894,56.26745702376266,-22.47937830356729,-65.82514923597674,41.01010863094737,-34.094551412521376,-78.6367080685934,-27.34060999377576,19.542036416756286,48.05404184759534,-49.4861840064438,-65.8140999645837,-35.11857755058382,13.981961139243456,100.30967201699909,82.33385610988388,-7.163353331835303,37.79548016900057,46.67852240171286,-12.426417100669171,22.042178813898428,-5.725829565509066,-34.27568703753988,27.046190513022896,-25.678013387673587,-40.447734340822045,-52.64187056936577,-22.03802077111043,-57.61887043272337,-23.558643810486924,-27.619874211935343,-59.91521731643234,68.3969242406446,-42.654523239881016
3.8632204926277702,9.047420474822255,0.5027624782511918,-17.088008499064397,-9.592031218504026,0.05418298808638479,11.768633287113236,1.8612267366536115,7.096678801089562,-6.808889552250223,12.594642557721905,-3.578519447941785,-6.066347707354672,1.5568057641337212,-10.48966292855673,0.6977268688294063,1.4820423070672024,4.576240070757158,-3.794754098607282,0.9982980517221124,-3.8085855202869734,-1.9523478576768678,0.6245037711618958,-8.706296194146205,3.8846797155840767,9.439656888756634,-6.321590384026622,5.0944103860538315,11.49757981258915,4.447124023269051,-3.0565660004206734,-7.5319806230509085,7.27223793967153,9.81591380256562,5.370123567530187,-1.6352842882143699,-15.290540520273368,-11.754792044762379,1.9394977689502775,-6.195126069169703,-6.2809564299708045,1.9683776149233272,-3.003212670813511,-0.26138477040820124,5.5753082985708025,-4.689374535707526,3.429818200198619,6.6701119799368165,8.09268020200333,2.6329238123985133,7.99405935468494,3.6778024744521107,3.828699778520326,8.85246930837114,-9.785126748458161,7.12785024719171
-51.04806224393261,-91.41113987177803,-1.9385954056978116,191.46601102048535,101.77358535366704,5.495233821849423,-138.62074509171498,-18.268548209653765,-82.43800070309365,68.1049821722663,-147.4013343318833,37.17432106691589,68.52559655592158,-10.48966292855673,115.00685248462175,-4.854900179943877,-24.877138310636347,-60.176481819151626,41.84534926340825,-18.356031566918954,43.99551578967442,15.916678372772552,-0.5247619186816076,94.47883723454768,-37.94494146323853,-110.16187907997069,68.8483752556284,-57.15866138492463,-131.70990099830172,-46.01493174584044,32.82847901163154,80.73510345789971,-82.9032696145184,-110.32745612000822,-58.935787648131914,23.218221394284626,168.31761050863332,137.76476482552098,-12.436899735649558,63.63327323996931,77.9159333238597,-20.887794547253996,36.81039719111309,-9.05052351159534,-57.68539703375117,45.66099194210529,-42.85017964961464,-68.11837539189021,-88.36599340581387,-36.622722336815556,-96.2962266661749,-39.57307881829139,-46.1587078871664,-100.39921021610928,114.4531909398122,-71.88136346635861
1.8179893899868245,4.160432132225632,0.2203035476942086,-7.92303631953707,-4.427670765693316,0.003960904320692573,5.4801879527351,0.8538048084737079,3.3007892099669807,-3.1287062088661384,5.861405521469376,-1.6491031634210047,-2.814863633492962,0.6977268688294063,-4.854900179943877,0.3133163783063158,0.7157623977837888,2.152702774560297,-1.7570843984614801,0.4877085466291637,-1.7703015313241635,-0.8846643293840444,0.26730219119099463,-4.026261270160533,1.7818601418774431,4.392043693855912,-2.9242950290942376,2.3625600976416408,5.341216306048481,2.048670633158677,-1.4124640398316006,-3.4797375930070635,3.3769114336328383,4.5526770355828665,2.485840823180152,-0.7751322015089624,-7.079351720506773,-5.471205937056928,0.8669680112650867,-2.8524261201432575,-2.9384720473093355,0.9086164992419284,-1.4035870699689765,-0.07956166372882442,2.5686386061997317,-2.1505061092761206,1.6055021416522568,3.06976278906157,3.7442851579504577,1.2454888556099868,3.729881824858548,1.6997075956074288,1.7865090977419504,4.108767371865066,-4.553927913996926,3.277180746233395
12.082177520661924,18.84203596986812,-0.008109399299507438,-41.90841445596509,-21.60896305011774,-1.917056863401965,31.132264043321438,3.696312462371548,18.385880327577063,-13.948639587977517,32.99879079608844,-7.794773751971285,-15.063507902399532,1.4820423070672024,-24.877138310636347,0.7157623977837888,6.413436827245389,14.213425230109356,-9.080408751276774,4.857135705685927,-9.784689171456096,-2.7862560896814776,-0.6430144832625235,-20.31983114834076,7.6520715658946,24.62660418988496,-14.83735038444857,12.519746023006224,29.165991774422245,9.625527039206474,-7.01916158886444,-17.24304165016429,18.31199599608946,24.188393825335694,12.755159413225847,-5.655093588126811,-36.48927514512093,-30.86304628061742,1.6344445100756508,-13.25141306663935,-17.936804768869273,4.435316513781094,-8.42679920095435,3.3830804316157153,12.06603649810739,-9.188691263825547,9.896638671442656,14.135133913712714,19.07129435578937,8.8495923839047,21.864614547042176,8.470221190931923,10.484843729142318,22.11714813841257,-25.61481177119598,14.799014098709495
27.916016885145254,46.750743348248264,0.5187727131456399,-100.75399886033247,-52.781891101674226,-3.7198246330810347,73.86246326531399,9.262483029530658,43.77733909843032,-34.72754200763505,78.41861904963508,-19.165517105152194,-36.13494238193655,4.576240070757158,-60.176481819151626,2.152702774560297,14.213425230109356,32.87426467525506,-21.928604679423888,10.632451696809278,-23.330803331362596,-7.567088749273805,-0.6022375910226011,-49.30004037122114,19.210074227530107,58.565984854680636,-35.96050240424463,30.08873762643153,69.70010976308826,23.696625730767625,-17.082491061838155,-41.98827471000847,43.81834899438811,58.10340737698818,30.845846570309384,-12.882287820392103,-88.16447615142413,-73.31691623620232,5.283324196418025,-32.70079878293142,-42.02443420249175,10.833247751887852,-19.79935556955583,6.388282928483052,29.70617262911562,-23.093971331596272,23.148638031333963,34.94737719102475,46.18683973370833,20.238177650961852,51.586014940572085,20.602347779942534,24.732146386390436,52.99667189664661,-60.881249509066265,36.742197669812796
-18.60297952050819,-33.234052846273386,-0.6934704091919285,69.67881869005912,37.01914243158065,2.019717212501529,-50.469137343044345,-6.640150118165815,-30.010364043033096,24.758204614406704,-53.66317084500836,13.519049454964696,24.9395815109206,-3.794754098607282,41.84534926340825,-1.7570843984614801,-9.080408751276774,-21.928604679423888,15.226336472587127,-6.703577910727354,16.01542798416033,5.77291407613869,-0.1696835922879475,34.37281701417122,-13.79079411294977,-40.10468894262824,25.048898629644018,-20.801366559375044,-47.94135672766003,-16.733514213857003,11.942216938195202,29.369274062866644,-30.174845964967634,-40.151485472994,-21.443838512009517,8.465637734798529,61.24460421044617,50.155476636361634,-4.495878867254069,23.138705841375344,28.379872349563197,-7.597730193463515,13.406267868226264,-3.332665097838165,-20.977245511780076,16.594543965976833,-15.608663471599211,-24.768196356214606,-32.15083612580582,-13.35103056633189,-35.066262423986906,-14.396087707877992,-16.80885057478478,-36.54146571879963,41.66753702564457,-26.133258388174617
9.040821042051547,13.790263765829248,-0.057736325913227755,-30.982439252621486,-15.895424397775614,-1.502708951686333,23.110419611438918,2.6962908643023864,13.633521708844414,-10.197488202682509,24.483603390823554,-5.721682886883517,-11.144191785457073,0.9982980517221124,-18.356031566918954,0.4877085466291637,4.857135705685927,10.632451696809278,-6.703577910727354,3.6912040729969435,-7.252126328221344,-1.9764803608739705,-0.5658838689228164,-14.979306236387073,5.578963783458379,18.267718405994486,-10.941400888721715,9.256925294898167,21.6026226228497,7.062609171927468,-5.169426781919266,-12.69645075508498,13.557841335602454,17.88720348270115,9.412584022168058,-4.249265731493694,-26.934118033727582,-22.901496439747316,1.0781253868540872,-9.715706245643059,-13.366094738130533,3.2626424308902573,-6.274192772046789,2.6688394337600223,8.853414702534126,-6.696799136263163,7.378301621590175,10.357320395183743,14.066869249779183,6.6421326127804186,16.258457018740902,6.239114118007297,7.796947455228939,16.367924313337674,-19.004309576607866,10.82895094786371
-19.798426082724887,-34.72739132089991,-0.6307017493708669,73.37254466860502,38.82795776512815,2.29116078320352,-53.32640028576899,-6.9227805207778275,-31.679650992157228,25.850021326775604,-56.6771425054488,14.156973317010184,26.27626692124427,-3.8085855202869734,43.99551578967442,-1.7703015313241635,-9.784689171456096,-23.330803331362596,16.01542798416033,-7.252126328221344,16.900254646798302,5.918288117980541,-0.004061215584542504,36.11196971065462,-14.371440027022473,-42.348994700293666,26.323199945161637,-21.905844341934117,-50.56007917264192,-17.517924642018098,12.53679976803555,30.827414949392136,-31.812495806630597,-42.28885789175177,-22.547037892938985,9.046357246820248,64.40996409670998,52.977420078897346,-4.483939904944203,24.209523992155507,30.087273458670154,-7.969041314066495,14.201852805676307,-3.831886940747581,-21.960142251766733,17.288722604336545,-16.55528970435312,-25.90284010610193,-33.792895754076,-14.250597576423667,-37.10626349850218,-15.114998867435865,-17.78770927901301,-38.511105498226435,44.005671163903195,-27.303587397306945
-6.403315559384971,-13.243395597260337,-0.5401939686662822,26.185218401911303,14.343269616542518,0.2972047913151964,-18.45510060917633,-2.690622143988754,-11.057127570382297,9.923770901896612,-19.691103980287128,5.301581106331645,9.330783013093502,-1.9523478576768678,15.916678372772552,-0.8846643293840444,-2.7862560896814776,-7.567088749273805,5.77291407613869,-1.9764803608739705,5.918288117980541,2.6206082638578065,-0.5539689313648943,13.150088390211565,-5.605057981218883,-14.73886941244975,9.563656170689743,-7.811674305672091,-17.798591653195647,-6.576935425723544,4.5956304352686566,11.3140588691709,-11.232499665422555,-15.063460316004177,-8.152395886275853,2.810814171540903,23.243655688232128,18.390025797995193,-2.3927699137868865,9.13310073475145,10.094650239334268,-2.943571454381309,4.7991995133777365,-0.34594145269535465,-8.245634898045322,6.757218262769236,-5.531008635237422,-9.808825967157727,-12.25710922620206,-4.478373251392665,-12.668961321814832,-5.534035596509152,-6.070029482265182,-13.640715397277022,15.294781248513637,-10.425041047089518
-0.5293399518845744,1.0994153162080063,0.32202643364164485,-0.5128062995963615,-0.7615867290135685,0.5086067450630753,-0.20789170161125323,0.2700384585015646,-0.029189846386070115,-0.8846834654081293,-0.14402227403066772,-0.3501727464652943,-0.13669470189329894,0.6245037711618958,-0.5247619186816076,0.26730219119099463,-0.6430144832625235,-0.6022375910226011,-0.1696835922879475,-0.5658838689228164,-0.004061215584542504,-0.5539689313648943,0.5570606338366274,-0.517002326362433,0.5804418569677732,-0.08164916472386002,-0.35481684763444593,0.14706674910351272,0.10622538500624217,0.4501327332389813,-0.21017529774148216,-0.5303773389426504,0.10070176234141298,0.26688413881608003,0.26432811800718486,0.35778615767913347,-0.7093198621418297,0.15045016298274352,0.8301604451248841,-0.6663651182346354,0.4377349065040625,0.15607373180525938,0.17197307683747243,-1.0029456273163702,0.5653298771960804,-0.7127880737185773,-0.2646129341824648,0.7501919158030834,0.43485296277407115,-0.5126332707895253,-0.3187654438244371,0.24660435785702184,-0.15597632650290932,0.1652017308821935,0.10557157091942425,0.8771921319059408
-41.818455790506555,-75.20017325186964,-1.6408562437964755,157.23479831229517,83.6534306128261,4.432054967351654,-113.74830786324806,-15.036099478568525,-67.6611433943704,56.037288526088005,-120.9650717670057,30.566785863869935,56.26745702376266,-8.706296194146205,94.47883723454768,-4.026261270160533,-20.31983114834076,-49.30004037122114,34.37281701417122,-14.979306236387073,36.11196971065462,13.150088390211565,-0.517002326362433,77.62845414914804,-31.23489652932819,-90.40855657427046,56.5658393291004,-46.93900641785495,-108.12458112345124,-37.83847443152362,26.978425083403053,66.34959030255085,-68.0629870221185,-90.59869222524051,-48.41574373536828,19.002288690990806,138.265182714209,113.0543486628189,-10.336122508852023,52.333195851419525,63.886141375427705,-17.1688348184982,30.187810989835278,-7.27406464532015,-47.435825973418424,37.588765994370874,-35.13050281424423,-56.02753134409925,-72.59810398423447,-29.98094918617852,-78.99101658917348,-32.51991459368364,-37.86304096189489,-82.43339951045456,93.92756925169837,-59.135661825873484
16.282658871051037,30.66120412415345,0.8697914126224682,-62.90646595698851,-33.797265197033,-1.4208606164780155,45.11826149788352,6.165046962806407,26.901074894588433,-22.892004512989846,48.03299658492693,-12.397846134685128,-22.47937830356729,3.8846797155840767,-37.94494146323853,1.7818601418774431,7.6520715658946,19.210074227530107,-13.79079411294977,5.578963783458379,-14.371440027022473,-5.605057981218883,0.5804418569677732,-31.23489652932819,12.818686861665523,35.9169743307804,-22.745284183006593,18.774790191242168,43.09190434412732,15.358620553907953,-10.875389533033506,-26.75628967302286,27.14856800761774,36.22675548807171,19.441364676676727,-7.319823601368026,-55.49070074521488,-44.88114489539055,4.6719327244418825,-21.271205112708557,-25.124238617742346,6.9362913952827725,-11.895002787268798,2.218584479999261,19.254244650245827,-15.435785611531985,13.799867187317172,22.797548453523756,29.178397399455598,11.583609765440572,31.214427904503886,13.104938398273745,14.96008742211153,32.91007482950706,-37.30049536229341,24.11993416401563
49.70095064563329,86.8408206747048,1.5265854793227334,-183.7804426551878,-97.1725709248646,-5.826593838375206,133.6675778433704,17.30123263618005,79.39323166406665,-64.63076348831882,142.0527427623231,-35.417834694459124,-65.82514923597674,9.439656888756634,-110.16187907997069,4.392043693855912,24.62660418988496,58.565984854680636,-40.10468894262824,18.267718405994486,-42.348994700293666,-14.73886941244975,-0.08164916472386002,-90.40855657427046,35.9169743307804,106.13730361285788,-65.90545742891591,54.87134299936567,126.68382826025898,43.82289694915755,-31.382411477325896,-77.16349044914209,79.70399300535955,105.93003790789587,56.458445672985036,-22.728988623105298,-161.28923113722132,-132.7825208476468,11.096954090679153,-60.556125902424576,-75.47026417387175,19.943774592223527,-35.618707867511176,9.770685951489938,54.93722399712255,-43.20571930830443,41.529874862985,64.78550339999013,84.60997887232318,35.79679079024511,93.03910915299191,37.83669125767897,44.60062106587464,96.47855611091694,-110.29443721610157,68.27389002310251
-30.504016986744055,-54.772678644414825,-1.1832988739165025,114.59402998337299,60.94793035888331,3.2508637411761083,-82.92368472280295,-10.94960439460718,-49.32195107817841,40.812609710701594,-88.18170279961282,22.26738929889149,41.01010863094737,-6.321590384026622,68.8483752556284,-2.9242950290942376,-14.83735038444857,-35.96050240424463,25.048898629644018,-10.941400888721715,26.323199945161637,9.563656170689743,-0.35481684763444593,56.5658393291004,-22.745284183006593,-65.90545742891591,41.21894216705412,-34.209815203969605,-78.81191488704646,-27.564026457406634,19.65729402800346,48.34370459354241,-49.60972571843611,-66.03031500729654,-35.281609502083896,13.865669994458932,100.75862223474257,82.41553247399847,-7.5014362133114565,38.12123062594074,46.58635579965954,-12.508825564955343,22.011886692840275,-5.342084782623181,-34.55538422410511,27.371629121102842,-25.618407474728976,-40.81085443907535,-52.902239146441694,-21.874571582662703,-57.592166887139356,-23.69522822134015,-27.605956017513524,-60.08225518888648,68.47156781553512,-43.0714444267464
25.527767895979157,45.29091181337433,0.8988111940241129,-95.23340299202808,-50.52026583094548,-2.8413151245336263,69.06860633808688,9.040088705048323,41.05628262378799,-33.730084630645,73.42719280225947,-18.438465279502022,-34.094551412521376,5.0944103860538315,-57.15866138492463,2.3625600976416408,12.519746023006224,30.08873762643153,-20.801366559375044,9.256925294898167,-21.905844341934117,-7.811674305672091,0.14706674910351272,-46.93900641785495,18.774790191242168,54.87134299936567,-34.209815203969605,28.43224046005284,65.56310654908229,22.819684318668585,-16.304037781749994,-40.09256602758452,41.26094301888298,54.88282593960551,29.292906632964108,-11.635016754756277,-83.66693311731667,-68.63001862671936,6.021181295316453,-31.548403533519384,-38.88834399521686,10.368755470927494,-18.36561458728455,4.713890747788588,28.60808383107647,-22.589847705453007,21.391174932793955,33.764473766339925,43.911608343295725,18.341899330723162,48.01597905531491,19.65471864214837,23.01651140762334,49.959123265801765,-57.013972269956206,35.611729336380975
59.14272684831359,104.07748865758394,1.9400391875104817,-219.59610188248743,-116.28878943835579,-6.770582528422422,159.50538149064369,20.753376086470535,94.77459334677735,-77.48337215386512,169.5391599862249,-42.41190820700777,-78.6367080685934,11.49757981258915,-131.70990099830172,5.341216306048481,29.165991774422245,69.70010976308826,-47.94135672766003,21.6026226228497,-50.56007917264192,-17.798591653195647,0.10622538500624217,-108.12458112345124,43.09190434412732,126.68382826025898,-78.81191488704646,65.56310654908229,151.28266683840778,52.482721203647095,-37.54344971618995,-92.3166135572855,95.19285600773489,126.56409748675298,67.50066203914051,-27.004656153961903,-192.81673116659434,-158.4694033194253,13.551004736052636,-72.53906748278449,-89.94174268943704,23.867133136880426,-42.461526157828054,11.299079957991125,65.79430778111707,-51.84209234778661,49.48426485302859,77.61898067158978,101.1716151692363,42.54949136119578,110.95985756590042,45.26215588033985,53.19014863223821,115.24268461259182,-131.63868797221818,81.82980747034361
20.094280709609865,36.870034529856724,0.9115421445388778,-76.45022009886915,-40.849222000790995,-1.9671253120128689,55.09817734169506,7.390914173564875,32.80760769209496,-27.498077908918557,58.62196841382914,-14.95199618998685,-27.34060999377576,4.447124023269051,-46.01493174584044,2.048670633158677,9.625527039206474,23.696625730767625,-16.733514213857003,7.062609171927468,-17.517924642018098,-6.576935425723544,0.4501327332389813,-37.83847443152362,15.358620553907953,43.82289694915755,-27.564026457406634,22.819684318668585,52.482721203647095,18.51521771685908,-13.160642822105029,-32.37258142293453,33.04932334338134,44.03940698532973,23.578105428807216,-9.088687795746027,-67.31904366788079,-54.78262510566255,5.311850216791219,-25.62310074787654,-30.830345359797807,8.383683333139636,-14.580199123646327,3.1679904352957893,23.210922954064277,-18.487866182884314,16.945260056969037,27.445078353367087,35.36947023930615,14.358049908688676,38.19973838132546,15.861800544814447,18.309419448401727,40.043227382178415,-45.52046766400454,28.99850241122941
-14.48887922151789,-26.16696286900293,-0.5871700065361024,54.614554885088396,29.08311342152945,1.510973640442911,-39.47845359738482,-5.234313802732251,-23.488458794826922,19.50255745445897,-41.98712755758956,10.630842811094025,19.542036416756286,-3.0565660004206734,32.82847901163154,-1.4124640398316006,-7.01916158886444,-17.082491061838155,11.942216938195202,-5.169426781919266,12.53679976803555,4.5956304352686566,-0.21017529774148216,26.978425083403053,-10.875389533033506,-31.382411477325896,19.65729402800346,-16.304037781749994,-37.54344971618995,-13.160642822105029,9.3777754297271,23.063473708155417,-23.634942113116804,-31.467865256141554,-16.82307804475686,6.577380346097561,48.03997155120021,39.24042455328745,-3.633396808952299,18.204694152637856,22.155402997326558,-5.968954781024852,10.47112247222553,-2.4707991812788173,-16.49924261512478,13.088550127572319,-12.18152301980677,-19.491829916043844,-25.22734232224813,-10.380481334366102,-27.40571411739205,-11.303467980331291,-13.136225550865431,-28.62714047647647,32.60319798794912,-20.57764889108352
-35.61336558278143,-64.36992462115958,-1.4522457888334357,134.30434751273089,71.53198493701001,3.702003126166788,-97.0670715651776,-12.87878352899762,-57.753659142154845,47.97734448440655,-103.23787925489223,26.14913893855113,48.05404184759534,-7.5319806230509085,80.73510345789971,-3.4797375930070635,-17.24304165016429,-41.98827471000847,29.369274062866644,-12.69645075508498,30.827414949392136,11.3140588691709,-0.5303773389426504,66.34959030255085,-26.75628967302286,-77.16349044914209,48.34370459354241,-40.09256602758452,-92.3166135572855,-32.37258142293453,23.063473708155417,56.7236331303713,-58.11748388581243,-77.3814252219447,-41.37194202914194,16.163925791705335,118.14242772813243,96.4839255485459,-8.956240882364405,44.780433108749115,54.465872007483014,-14.681013170733612,25.742002046664364,-6.048973259315988,-40.583603195215,32.20136706731124,-29.946604189080112,-47.94747785386408,-62.04240215151888,-25.51097926803143,-67.3790681750376,-27.79978875099964,-32.29656969566948,-70.3950758031317,80.16355894702144,-50.621058777125576
37.18018878231198,65.55205289308914,1.2402523326938781,-138.20018997671332,-73.21478357576176,-4.229072602957494,100.34746482631157,13.074401697662521,59.62996920066869,-48.80603825150129,106.66459461096775,-26.706702512563293,-49.4861840064438,7.27223793967153,-82.9032696145184,3.3769114336328383,18.31199599608946,43.81834899438811,-30.174845964967634,13.557841335602454,-31.812495806630597,-11.232499665422555,0.10070176234141298,-68.0629870221185,27.14856800761774,79.70399300535955,-49.60972571843611,41.26094301888298,95.19285600773489,33.04932334338134,-23.634942113116804,-58.11748388581243,59.90107184777542,79.64984657198153,42.48718019226978,-16.969466541738594,-121.36265547582741,-99.69915956581745,8.576761607196715,-45.681841044517896,-56.56429844371631,15.026603367983107,-26.7061239734312,7.048249232300844,41.431884146727896,-32.662200233235644,31.119208543335084,48.883206193426716,63.68321730365326,26.740767440390172,69.79608498040207,28.493740844782725,33.4575213363163,72.52027387008324,-82.82004353787366,51.54039371303996
49.29678286557224,87.39988927623199,1.725463350121159,-183.83007533476538,-97.50516758124755,-5.500304078917606,133.34102480039505,17.443913282874703,79.25847927135885,-65.08833375488645,141.75348823144643,-35.58441595932842,-65.8140999645837,9.81591380256562,-110.32745612000822,4.5526770355828665,24.188393825335694,58.10340737698818,-40.151485472994,17.88720348270115,-42.28885789175177,-15.063460316004177,0.26688413881608003,-90.59869222524051,36.22675548807171,105.93003790789587,-66.03031500729654,54.88282593960551,126.56409748675298,44.03940698532973,-31.467865256141554,-77.3814252219447,79.64984657198153,105.94140222943179,56.5408152650136,-22.471912440401294,-161.49516528601663,-132.49288842226076,11.598983980577936,-60.883311686635224,-75.0857279762014,20.011916924524925,-35.459157597447245,9.129808598058894,55.209856575308166,-43.58757368261385,41.30315147390947,65.15886090782016,84.75702035474443,35.42384342552742,92.70297723567697,37.93524886216951,44.43738522923336,96.43967581168654,-110.0665285827808,68.72130337248933
26.166477840337073,46.83783820707562,0.9904937796970827,-98.12091810812217,-52.151493593054326,-2.8210566957243564,71.04494743021287,9.35935381254388,42.25011622052854,-34.89552640361912,75.54399896572446,-19.048475917941676,-35.11857755058382,5.370123567530187,-58.935787648131914,2.485840823180152,12.755159413225847,30.845846570309384,-21.443838512009517,9.412584022168058,-22.547037892938985,-8.152395886275853,0.26432811800718486,-48.41574373536828,19.441364676676727,56.458445672985036,-35.281609502083896,29.292906632964108,67.50066203914051,23.578105428807216,-16.82307804475686,-41.37194202914194,42.48718019226978,56.5408152650136,30.202552537930394,-11.90244802512273,-86.25614510978592,-70.60532100292757,6.365846382540955,-32.60575487322943,-39.93597346569448,10.703491023979302,-18.86731189403457,4.6479298785644865,29.558858133740546,-23.394750541666124,21.962726467202483,34.90360632319597,45.28330291040207,18.773851426525525,49.3545695792033,20.27914312967588,23.657564121645848,51.45280132325876,-58.658648932232005,36.83070752768893
-10.943377514006391,-17.883837279655094,-0.12932145859760302,38.95606580438035,20.297913173130926,1.555928549873442,-28.688797589518018,-3.531547266806486,-16.98250958915197,13.2693142407544,-30.441347727579796,7.353895848888204,13.981961139243456,-1.6352842882143699,23.218221394284626,-0.7751322015089624,-5.655093588126811,-12.882287820392103,8.465637734798529,-4.249265731493694,9.046357246820248,2.810814171540903,0.35778615767913347,19.002288690990806,-7.319823601368026,-22.728988623105298,13.865669994458932,-11.635016754756277,-27.004656153961903,-9.088687795746027,6.577380346097561,16.163925791705335,-16.969466541738594,-22.471912440401294,-11.90244802512273,5.075322880841551,34.030282260834596,28.46444079458931,-1.8635739415553116,12.5321125734299,16.393855166983244,-4.166114806146088,7.716169635228471,-2.700907659125684,-11.393384718294861,8.796413308309727,-9.035602404963816,-13.384602164511225,-17.813343974384825,-7.962317978242458,-20.075152889272566,-7.934172413312901,-9.625409169123353,-20.514222547230332,23.63210007448343,-14.052283140004104
-74.79210547408377,-133.7115552743831,-2.8037320077220587,280.25742892683974,148.9183310988895,8.099530569773236,-202.96756991128495,-26.71621881524042,-120.69548447389585,99.61349743711959,-215.81547271586155,54.38697660402956,100.30967201699909,-15.290540520273368,168.31761050863332,-7.079351720506773,-36.48927514512093,-88.16447615142413,61.24460421044617,-26.934118033727582,64.40996409670998,23.243655688232128,-0.7093198621418297,138.265182714209,-55.49070074521488,-161.28923113722132,100.75862223474257,-83.66693311731667,-192.81673116659434,-67.31904366788079,48.03997155120021,118.14242772813243,-121.36265547582741,-161.49516528601663,-86.25614510978592,34.030282260834596,246.34698178895496,201.70789775018378,-18.119077894906212,93.09006112887248,114.11824761867645,-30.563737533222216,53.910386322155524,-13.357473185622563,-84.39335555020483,66.77327132594856,-62.76194577583306,-99.64747778516089,-129.3241705406329,-53.671583394331904,-141.01478550960056,-57.91020536973537,-67.5943350772201,-146.96997882996763,167.57498766240818,-105.14285002019459
