V1,V2,V3,V4,V5,V6,V7,V8,V9,V10,V11,V12,V13,V14,V15,V16,V17,V18,V19,V20,V21,V22,V23,V24,V25,V26,V27,V28,V29,V30,V31,V32,V33,V34,V35,V36,V37,V38,V39,V40,V41,V42,V43,V44,V45,V46,V47,V48,V49,V50,V51,V52,V53,V54,V55,V56
19.527402686318737,34.660175485983935,0.7019372215220858,-72.94207527731244,-38.60986680929294,-2.142285680699578,52.86086324420632,6.9301654194892,31.40775662310286,-25.790993742678225,56.16509750465548,-14.134345219086441,-26.115977589214797,3.9043775939765295,-43.770105471631865,1.7724012724297205,9.582580880523428,23.026158810900135,-15.919073770543946,7.158864649521594,-16.74519765618569,-5.976712496599017,0.1610232210122336,-35.94006130461274,14.376116616181376,41.970889766222854,-26.129803359710433,21.771302783792137,50.13479994921876,17.429368034557605,-12.474006126138653,-30.636673943941567,31.51304294133236,41.995667289352824,22.45766674679797,-8.88612188970073,-64.00412808380143,-52.499047694148324,4.606278938531449,-24.099227183929848,-29.756284128753656,7.936155688213057,-14.077610164912654,3.5822618773586097,21.913572293870363,-17.304317064942747,16.386104814473534,25.844977211103227,33.62316071121727,14.044071572549054,36.74105020742577,15.051231591448627,17.605263492284873,38.18298002270556,-43.6114095440459,27.225143309830397
34.660175485983935,61.571796665337075,1.1851292490975638,-129.0958726606252,-68.85341169960648,-3.9491348929991332,93.75061184116394,12.24882853912567,55.787675174240384,-45.94693725763848,99.79968541718983,-24.96387704762508,-46.20672090134443,6.939292088620392,-77.53391138815742,3.37136411127067,16.94949662774502,40.81545555584689,-28.25499834441875,12.237859911064536,-29.815127652400818,-10.649388961436896,0.04442468659522617,-63.69185921384261,25.500071224321292,74.58037746777764,-46.670287477859894,38.56149308900267,89.18161705715771,31.15032709976237,-22.1632656647884,-54.65312931897461,56.275728792067945,74.55335435805536,39.62715041357093,-15.840945777818542,-113.7418677471334,-93.26192555795471,8.239014513575876,-43.05686899787732,-52.78516585486255,14.085383781474896,-24.832869598506882,6.431437775679668,38.80221702189752,-30.653591018370786,28.967548251225754,45.87423537160653,59.57687509825309,24.83853988499644,65.18533191618803,26.662443892347618,31.275405509654764,68.04203136194396,-77.48190144445337,48.52163172346176
0.7019372215220858,1.1851292490975638,0.10183412183976875,-3.0919950101565314,-0.9884417072657854,0.10688630211436237,1.99574390538175,0.31469699174343263,1.0800559628331876,-0.7187656105147117,1.8847749800924427,-0.664190137024122,-1.124783091981722,0.13009715834931473,-1.771241876706346,-0.21739728246722975,0.4175721406331523,0.8960807561549332,-0.5740987834266558,0.8415964051339122,-0.48672794991124874,-0.16495841910448994,0.30811839550519055,-1.4195989514494574,0.5395520428920351,1.405720482730886,-0.5778923024362758,0.8857623114135644,1.5616856466987885,0.3610866662264503,-0.4212513324237793,-0.7610399718580698,0.7082998923900252,1.4959166835463196,1.1012621580144568,-0.23390621577107643,-2.133643240504661,-1.7913321577994226,0.08866831722467157,-0.5167846261192569,-1.1088824340371373,0.2870521263691242,-0.6989006856737193,0.035761598444536045,0.9062010046628934,-0.7000475714286418,0.7352224540480199,0.9308604720918896,1.3393289953411407,0.6157464990917983,1.357568822728505,0.6081671462539702,0.5998644878609553,1.0388420955668487,-1.4776209445661637,0.7342166319074795
-72.94207527731244,-129.0958726606252,-3.0919950101565314,275.3809566867449,141.7349187162876,6.856780087567474,-198.05438159695814,-26.29586067669573,-117.01459744742948,95.05091908095184,-208.97437847934253,53.761323599330964,98.71618242331482,-14.52793506881609,164.72143128272873,-4.891825571388931,-36.24584669121989,-86.44297912301967,59.47393129344129,-30.381375724028626,61.81531314851079,22.016797909331526,-2.4816507135905694,135.03733694522936,-53.84429186040793,-156.1347708400539,95.35468968610031,-81.96161459373374,-185.7808756371675,-63.454592246107346,46.43007893157345,112.33124814150965,-115.06595808742415,-156.78080449475257,-85.70585095724597,32.64809123970813,238.028425734515,195.5060404192156,-16.725370083302508,87.85160240719098,111.38549625928715,-29.658115409468117,53.7834993307642,-12.806609563921738,-82.60003573661244,65.12231113816097,-62.12556024910617,-96.55516156200613,-126.39938370675101,-53.14425860718865,-137.44871980290054,-56.63562958604356,-65.55523575916455,-140.55553412527235,162.3423046905685,-100.17043765052809
-38.60986680929294,-68.85341169960648,-0.9884417072657854,141.7349187162876,78.47561698288145,5.216016382683933,-104.00552135837204,-13.352878416060745,-62.36345680010991,52.09890002780931,-111.75514963626603,27.125002365978233,50.64079759136049,-7.767534994468065,85.50163833132481,-4.979103040224793,-18.56042246120014,-45.15584074297423,31.468637583399378,-11.034127182526607,33.7446447334392,12.082648005603797,1.2901033358661698,70.39253027635951,-28.302955653514623,-83.53856938187151,53.594343024867605,-42.50367307280816,-100.40658530400114,-35.877347114131496,24.805202770309425,62.381410498177274,-64.57949605373169,-83.11517140900573,-42.85243410488506,18.04036086646389,127.4599618971663,104.31725732032963,-9.522658420833471,49.507367691903994,58.63762297403378,-15.679920979650012,26.80915939006163,-7.571105363802845,-42.69060211352989,33.80310332104208,-31.611056699923473,-51.091327430070756,-65.7977371281696,-27.18346586217579,-72.47652891760765,-29.408248222605753,-34.988045324367796,-77.27233494254273,86.71441288733307,-55.14236724084384
-2.142285680699578,-3.9491348929991332,0.10688630211436237,6.856780087567474,5.216016382683933,0.6860326549655165,-5.562899070871529,-0.5992120062083985,-3.566124209715007,3.335882676014754,-6.484461247316744,1.172327486526059,2.4064660334017027,-0.44965747321502625,4.3217881717461015,-0.8720579909726448,-0.8739703508276937,-2.3551623889198234,1.7428090419652777,0.6488360111471653,2.1289978731619152,0.7770930968279527,0.7222307751832516,3.634236799532053,-1.5203889765846001,-4.8578769626561,3.753015544038355,-2.1382925951234846,-6.087000724604252,-2.5621733800736175,1.4330252699948136,4.190182123066814,-4.500606474175605,-4.643149660407917,-1.7499595504589045,1.1913267878851237,7.438027364586543,5.995354120426937,-0.6953518677909772,3.4968769907869226,3.173642744133001,-0.8650190286633302,1.0728988829604764,-0.6181743257936053,-2.110138714562148,1.7083631708919034,-1.4353438403616485,-2.829671361721689,-3.373845468849091,-1.2720705573331281,-3.9528022669758482,-1.4892036263742907,-2.0132822044176897,-5.004533353929247,5.006662248417255,-3.5887696646476814
52.86086324420632,93.75061184116394,1.99574390538175,-198.05438159695814,-104.00552135837204,-5.562899070871529,143.21974184384067,18.84466667674174,84.95853181701952,-69.55356225956092,151.87288001570667,-38.45926080293662,-70.93727521914263,10.559367251224483,-118.73734879182163,4.4461429247362485,26.032203508180487,62.42219855821246,-43.095189544130754,20.129530188626074,-45.17494656653212,-16.116192715907477,0.8230668598115538,-97.45162316789292,38.946853797925144,113.48357496616954,-70.27056932811746,59.06591018215267,135.40996672295483,46.84219443899258,-33.734301758192814,-82.50204875656763,84.76033471590954,113.66431945660129,61.165627103277906,-23.94002793159629,-173.04222249756077,-141.99271843257682,12.370193377833937,-64.79232594084887,-80.59713931031999,21.486725494816827,-38.354749788189366,9.579402496469141,59.47556513778033,-46.942920678818126,44.547848467113504,69.96685010410914,91.1826503651314,38.15717959166412,99.49692556175222,40.82848504609784,47.614791062959576,102.93639544005626,-117.94069970537466,73.38433382737102
6.9301654194892,12.24882853912567,0.31469699174343263,-26.29586067669573,-13.352878416060745,-0.5992120062083985,18.84466667674174,2.5170692826703656,11.103580848968395,-8.97276986694259,19.81793723817779,-5.151236097664976,-9.432361168697776,1.3782971492292617,-15.70530566830307,0.38758123070197237,3.463949916408359,8.232982380652285,-5.650972488566847,3.0525294221025057,-5.8383722166440455,-2.0779398064083825,0.3213062376898155,-12.865244808142025,5.122487860323467,14.80497399323685,-8.957140017083425,7.815865011750087,17.583463034658646,5.953769941298788,-4.404089921122344,-10.577272398059208,10.811485172211263,14.891402824528287,8.2248305189299291,-3.0761386422646013,-22.566379598818855,-18.547657687304252,1.5670687839643542,-8.248595280347757,-10.592658784159328,2.8186210594834713,-5.1643587194704965,1.190859524240259,7.882252962414214,-6.209232114069706,5.94481504382409,9.174599000831416,12.045140845917418,5.0799245433718125,13.06675717778987,5.399476873877822,6.218821341494215,13.260132370405557,-15.398305949367204,9.447423389993164
31.40775662310286,55.787675174240384,1.0800559628331876,-117.01459744742948,-62.36345680010991,-3.566124209715007,84.95853181701952,11.103580848968395,50.54882231655809,-41.618532247020404,90.42271860929918,-22.63285717451853,-41.88243935771985,6.2858389861573025,-70.27220158428567,3.0320559772858786,15.364910526091531,36.98929525545296,-25.603563026127922,11.130008833475504,-27.011543501254128,-9.6458251348882,0.06126351712911383,-57.72415812095288,23.107828934794266,67.57423559255302,-42.26500556447285,34.95036872410728,80.79447462881906,28.207883993187817,-20.080681581803667,-49.49854420137855,50.96540502359091,67.5561158258522,35.93035971636044,-14.350435278965936,-103.05698230570964,-84.50310490193108,7.460203868499264,-38.99015091876127,-47.835867729396696,12.763149986092081,-22.516264843350193,5.821358772966579,35.1675887362825,-27.7820292688909,26.258321323387413,41.56823396050649,53.995951368767166,22.51646741835178,59.07393200995917,24.165392251346866,28.338338222319887,61.632319226659796,-70.20451272933961,43.9509836885849
-25.790993742678225,-45.94693725763848,-0.7187656105147117,95.05091908095184,52.09890002780931,3.335882676014754,-69.55356225956092,-8.97276986694259,-41.618532247020404,34.63781242780903,-74.54877739971238,18.241421718389333,33.97975122837986,-5.183785868397443,57.2698100989674,-3.1094221758696308,-12.455307250303578,-30.221507529734343,21.021588493395672,-7.842629667139989,22.440425081949275,8.031856076701093,0.619246373894295,47.12101097069755,-18.925463810096108,-55.71948235821077,35.509365666434384,-28.47297891360889,-66.87955728293629,-23.752773278459465,16.549596080168236,41.40071808074772,-42.7945395444947,-55.50741217893282,-28.856124046960133,11.976147071951335,85.00238088637171,69.60523347288242,-6.298137354411377,32.79251637694435,39.1964822500047,-10.47663181523285,18.062505043982206,-4.984661408307307,-28.615512996712447,22.64223586579821,-21.236919729832227,-34.13137184963819,-44.05313176007114,-18.244814339967615,-48.432976920687054,-19.696491466075283,-23.34432973624962,-51.35081588227087,57.85090279638896,-36.63582401421167
56.16509750465548,99.79968541718983,1.8847749800924427,-208.97437847934253,-111.75514963626603,-6.484461247316744,151.87288001570667,19.81793723817779,90.42271860929918,-74.54877739971238,161.78063557869032,-40.380036451817894,-74.7892238694938,11.24870298886694,-125.54683849590555,5.592189714183431,27.432610651246275,66.1079964187648,-45.78426410425434,19.562604793249807,-48.36627018679555,-17.2789375637386,-0.06770859889810167,-103.1490157343705,41.31002261325214,120.89994096642211,-75.79185322103436,62.438665626047026,144.6233340163824,50.598579385791375,-35.926353672923426,-88.71765733687995,91.38610849095332,120.8146626942733,64.07754449242499,-25.708843045992236,-184.38700260302187,-151.16891966919073,13.38516903125311,-69.93078307044057,-85.51720274187123,22.823440291253114,-40.151483622329586,10.465674458370533,62.82129213281934,-49.63537304245916,46.87308364459931,74.33443523347515,96.47965167754802,40.19872685230728,105.61171346647947,43.17351379077907,50.69503082265964,110.41085449308142,-125.59574094625906,78.73741863793697
-14.134345219086441,-24.96387704762508,-0.664190137024122,53.761323599330964,27.125002365978233,1.172327486526059,-38.45926080293662,-5.151236097664976,-22.63285717451853,18.241421718389333,-40.380036451817894,10.550219351519104,19.28690759732791,-2.8064995891454685,32.08696991350167,-0.709150048358292,-7.085664487564183,-16.808687037691765,11.526110592350868,-6.383945639905633,11.880102468402793,4.223898122668357,-0.7378874366315077,26.275287330489633,-10.453043988293393,-30.167407867144828,18.170064023064768,-15.969743689014011,-35.795241989452066,-12.070225454939866,8.973939519122997,21.47778170864992,-21.935917610405937,-30.368483405028616,-16.85743789765834,6.253529486104689,45.981697991293316,37.80265505688117,-3.175514076468978,16.726347340789758,21.616967703532087,-5.748530696321632,10.585834179899738,-2.402602458664124,-16.106603769314074,12.685354145658106,-12.162758494045429,-18.711520118082134,-24.604006180262726,-10.392259986647662,-26.665177358689096,-11.031572289406132,-12.674893556181146,-26.9524511017727,31.381253196125773,-19.202609884596416
-26.115977589214797,-46.20672090134443,-1.124783091981722,98.71618242331482,50.64079759136049,2.4064660334017027,-70.93727521914263,-9.432361168697776,-41.88243935771985,33.97975122837986,-74.7892238694938,19.28690759732791,35.39468453681669,-5.201274929516097,59.025432653183174,-1.68474997414299,-12.995353966498064,-30.969873502872645,21.293812229880317,-11.03248254722599,22.095960789408988,7.870311516053944,-0.9672813753200307,48.37932322682148,-19.28488701653452,-55.874455347064895,34.04525032710425,-29.37077336856079,-66.45496917708272,-22.64976731841541,16.617842958582422,40.13246915999939,-41.08456206712122,-56.12834071924188,-30.758933006064517,11.662470963362914,85.17501552632417,69.97271322010171,-5.967223596593146,31.364660111743916,39.887116526659966,-10.619998223586657,19.306420203086464,-4.562491084271911,-29.607281431660244,23.336036934764497,-22.28416592118087,-34.57167476860451,-45.2866604684464,-19.054752916345276,-49.213719754189725,-20.293763850991617,-23.461925014720155,-50.23795720353254,58.10006777955077,-35.798829256800886
3.9043775939765295,6.939292088620392,0.13009715834931473,-14.52793506881609,-7.767534994468065,-0.44965747321502625,10.559367251224483,1.3782971492292617,6.2858389861573025,-5.183785868397443,11.24870298886694,-2.8064995891454685,-5.201274929516097,0.7836936944082334,-8.727424862105481,0.391907492862346,1.9064251522821292,4.597114626746693,-3.1827005312691723,1.3630246378787738,-3.3584371798859394,-1.2016267959017302,-0.003546352210967286,-7.170211669853338,2.8726376633844146,8.404216379365137,-5.267502287048628,4.340308878668145,10.054291604495834,3.5169423311306973,-2.4983514499306962,-6.168303046959711,6.350360926820474,8.398312418299277,4.4536111164189185,-1.784224305292893,-12.815848559642198,-10.50852779570257,0.9300834839087238,-4.861808544904958,-5.943183747075979,1.5872608962241108,-2.791659486017639,0.727706605603021,4.369474232978962,-3.4509440461092544,3.260614288398596,5.168624268151609,6.706090515581232,2.7936855986865536,7.3376285730188116,3.0009389180293953,3.5237590072316465,7.675353087327401,-8.730530638260475,5.472218754085717
-43.770105471631865,-77.53391138815742,-1.771241876706346,164.72143128272873,85.50163833132481,4.3217881717461015,-118.73734879182163,-15.70530566830307,-70.27220158428567,57.2698100989674,-125.54683849590555,32.08696991350167,59.025432653183174,-8.727424862105481,98.6239279133568,-3.246162317556452,-21.668454745466352,-51.7926912911247,35.68688589634411,-17.57119094335269,37.22838774144964,13.26748243969016,-1.149210132161402,80.89022303278348,-32.28424107911626,-93.80811298277449,57.62702445649447,-49.067811274702386,-111.75090874564533,-38.37604962459099,27.89080278885769,67.78741718437065,-69.52744206564043,-94.09600425281914,-51.10179387475299,19.691050362820235,143.02549393390646,117.42549477344978,-10.124057935473687,53.10906793196512,66.79747581604282,-17.79425393602692,32.05704777235326,-7.78789843833581,-49.43041476352174,38.990750332670586,-37.11263319914055,-57.93719099766203,-75.70407267696349,-31.76679106929436,-82.44369254793662,-33.91102544587751,-39.37531156323402,-84.71780136963442,97.51875036737776,-60.38634763331994
1.7724012724297205,3.37136411127067,-0.21739728246722975,-4.891825571388931,-4.979103040224793,-0.8720579909726448,4.4461429247362485,0.38758123070197237,3.0320559772858786,-3.1094221758696308,5.592189714183431,-0.709150048358292,-1.68474997414299,0.391907492862346,-3.246162317556452,1.1946725011088424,0.6003193464254684,1.8370437185615467,-1.438825436947844,-1.5051796717544397,-1.9474601333815569,-0.7268503933859577,-1.0991888626161144,-2.7938652217077573,1.221541030927503,4.19039457599412,-3.7051666049977485,1.5971098725358266,5.437807395289132,2.561319588975346,-1.2322929775712423,-4.035189123386186,4.426903348315832,3.864094200181301,0.957037951621922,-1.1234534586057399,-6.429339385545056,-5.119781561643428,0.7029348740501856,-3.47622297356024,-2.5578195700902113,0.7138062961766874,-0.5672108741293601,0.6664656809159545,1.5523551345430362,-1.2844087669034652,0.9474267154552762,2.3401515813985276,2.5726173185239296,0.8664743997464762,3.2026773279456986,1.1198894244560604,1.720096030857227,4.696495407664784,-4.29177134048744,3.3745104370842194
9.582580880523428,16.94949662774502,0.4175721406331523,-36.24584669121989,-18.56042246120014,-0.8739703508276937,26.032203508180487,3.463949916408359,15.364910526091531,-12.455307250303578,27.432610651246275,-7.085664487564183,-12.995353966498064,1.9064251522821292,-21.668454745466352,0.6003193464254684,4.772797885888348,11.366050518790944,-7.813270971275901,4.077329619527024,-8.104298818841942,-2.884632224403275,0.3703189664296594,-17.758523722296452,7.076452020955019,20.49618014012748,-12.473283175732636,10.782497231497354,24.370168431090878,8.296602061627075,-6.095221322538998,-14.706119257121184,15.053730217697163,20.59411969607383,11.302692717455212,-4.2770047903855435,-31.245012756137893,-25.669427088020104,2.1855458445910925,-11.488908645315668,-14.638951727454172,3.8962434181523133,-7.094040431343232,1.6690153238364813,10.867979906359704,-8.56624336860315,8.182745599206351,12.684133988211792,16.62433364565121,6.998309800520459,18.062917786586958,7.450085257303254,8.60720578705015,18.41523172793202,-21.313607181977044,13.123028418185449
23.026158810900135,40.81545555584689,0.8960807561549332,-86.44297912301967,-45.15584074297423,-2.3551623889198234,62.42219855821246,8.232982380652285,36.98929525545296,-30.221507529734343,66.1079964187648,-16.808687037691765,-30.969873502872645,4.597114626746693,-51.7926912911247,1.8370437185615467,11.366050518790944,27.217689019397415,-18.772362675451998,8.98563239764792,-19.63164815097798,-7.001848211704702,0.4698119687667925,-42.49495752483627,16.973710608604964,49.3945344038299,-30.475461041393885,25.7659695818926,58.89600897669805,20.30609743345958,-14.685196359184626,-35.81334701559693,36.762951894568225,49.505646356879204,26.74959531330927,-10.393963491626433,-75.31178356393637,-61.81566962781282,5.359089112813186,-28.095121037375062,-35.12036559583696,9.360643339288266,-16.778151200825203,4.13973377906317,25.952376292557794,-20.476340834312285,19.460625363146736,30.478205345501873,39.764896935833406,16.6610888785143,43.349369602595644,17.808514721178984,20.72825992547372,44.7160287836619,-51.34063802428641,31.87405291310899
-15.919073770543946,-28.25499834441875,-0.5740987834266558,59.47393129344129,31.468637583399378,1.7428090419652777,-43.095189544130754,-5.650972488566847,-25.603563026127922,21.021588493395672,-45.78426410425434,11.526110592350868,21.293812229880317,-3.1827005312691723,35.68688589634411,-1.438825436947844,-7.813270971275901,-18.772362675451998,12.977832301149315,-5.8467675042936555,13.649695213411684,4.871573307211754,-0.13727504616329778,29.302247681991844,-11.720374371285525,-34.21390885919115,21.295078304197354,-17.750766680304096,-40.866553474142954,-14.204004175361664,10.168560899781374,24.969249002041085,-25.682535311354588,-34.23603391983648,-18.31426978849355,7.24298450957192,52.17553254451687,42.79686265637137,-3.754131664753815,19.639710366165353,24.259123405684814,-6.469762355227692,11.480124264892593,-2.9180176094078343,-17.866719859530722,14.10877770993817,-13.360759778431296,-21.069745274831718,-27.413565617775802,-11.45125947355138,-29.95383037655232,-12.271724850889292,-14.351686864696987,-31.12138322361676,35.5515791931181,-22.190601654560883
7.158864649521594,12.237859911064536,0.8415964051339122,-30.381375724028626,-11.034127182526607,0.6488360111471653,20.129530188626074,3.0525294221025057,11.130008833475504,-7.842629667139989,19.562604793249807,-6.383945639905633,-11.03248254722599,1.3630246378787738,-17.57119094335269,-1.5051796717544397,4.077329619527024,8.98563239764792,-5.8467675042936555,7.187464590055976,-5.208862847229345,-1.8041349725497484,2.411973613707787,-14.155529809286454,5.449911819352615,14.579418494965156,-6.758329807465023,8.77621045483615,16.51132628126874,4.320801427659401,-4.367262793956539,-8.592867307151238,8.232306616671304,15.279693366356703,10.502189348390042,-2.5686774621197843,-22.136454639762725,-18.494624223994336,1.0830126088270018,-6.120127338348621,-11.196856895299046,2.927032329739891,-6.660510456850057,0.5982521299244594,8.967618758537427,-6.946925589704759,7.159954555938006,9.491470457821526,13.325968560136092,6.00314855538999,13.715576245515107,6.032294959155579,6.193308490646495,11.40239762105629,-15.279998327070713,8.063803091400086
-16.74519765618569,-29.815127652400818,-0.48672794991124874,61.81531314851079,33.7446447334392,2.1289978731619152,-45.17494656653212,-5.8383722166440455,-27.011543501254128,22.440425081949275,-48.36627018679555,11.880102468402793,22.095960789408988,-3.3584371798859394,37.22838774144964,-1.9474601333815569,-8.104298818841942,-19.63164815097798,13.649695213411684,-5.208862847229345,14.557525879825631,5.2030760660181725,0.3393841908399766,30.624278022934707,-12.290486699684752,-36.15614760747565,22.981259955652206,-18.510307434997056,-43.369379315435204,-15.366361720342692,10.73674647023803,26.803830328393108,-27.701313486530513,-36.03818426440101,-18.80287433656838,7.766611127372413,55.16153332743733,45.173022108568794,-4.074591449346678,21.21441796305347,25.46318716184227,-6.800669453579538,11.768033187276261,-3.214664008240312,-18.59817862254021,14.717344360239558,-13.813309580970108,-22.15818511384545,-28.63454929711207,-11.872326666182158,-31.467906133522302,-12.804534148699245,-15.150951935807766,-33.268558613752575,37.54323536018459,-23.738812987843616
-5.976712496599017,-10.649388961436896,-0.16495841910448994,22.016797909331526,12.082648005603797,0.7770930968279527,-16.116192715907477,-2.0779398064083825,-9.6458251348882,8.031856076701093,-17.2789375637386,4.223898122668357,7.870311516053944,-1.2016267959017302,13.26748243969016,-0.7268503933859577,-2.884632224403275,-7.001848211704702,4.871573307211754,-1.8041349725497484,5.2030760660181725,1.8625535691888724,0.15018099706206767,10.917163952659765,-4.3854162225982165,-12.914807315383566,8.237212641033663,-6.596097351328402,-15.504156292270258,-5.510573291229173,3.8358589825684817,9.601984004967852,-9.926877610436579,-12.863744913714502,-6.680660301923818,2.7772883058392113,19.702548901261576,16.1325280272642,-1.4614769664583187,7.607364807873923,9.082511520038093,-2.4278483129704567,4.181449847148851,-1.156986295525794,-6.628807084786895,5.245553694475003,-4.918065667251227,-7.909758170010446,-10.206135183355816,-4.225492112143515,-11.2231468047873,-4.563057906255731,-5.410560257010217,-11.907627483757553,13.408453105646304,-8.495768940416614
0.1610232210122336,0.04442468659522617,0.30811839550519055,-2.4816507135905694,1.2901033358661698,0.7222307751832516,0.8230668598115538,0.3213062376898155,0.06126351712911383,0.619246373894295,-0.06770859889810167,-0.7378874366315077,-0.9672813753200307,-0.003546352210967286,-1.149210132161402,-1.0991888626161144,0.3703189664296594,0.4698119687667925,-0.13727504616329778,2.411973613707787,0.3393841908399766,0.15018099706206767,1.2154504271649489,-0.8032547421528015,0.21137948361882164,-0.06966877466962791,1.2389933474950612,0.5903356507619368,-0.5501927775508837,-0.9231206058920134,0.0034649253476864996,1.10883536656451,-1.45181527247822,0.28750859507796406,1.3573895020204951,0.2807126101616187,0.15458596872584515,-0.04588603207279433,-0.2736831813159285,1.2017455152470211,-0.39524205834115617,0.07440362149872337,-0.8899075264334696,-0.3402575307659808,0.6622000446660546,-0.45451876771103,0.7289154714627114,0.22202828747014491,0.7945667053017764,0.5571811789758511,0.43283932540899034,0.3902733727663707,0.01096879456175955,-1.0239614708482205,0.004880885665590512,-0.7630091073411011
-35.94006130461274,-63.69185921384261,-1.4195989514494574,135.03733694522936,70.39253027635951,3.634236799532053,-97.45162316789292,-12.865244808142025,-57.72415812095288,47.12101097069755,-103.1490157343705,26.275287330489633,48.37932322682148,-7.170211669853338,80.89022303278348,-2.7938652217077573,-17.758523722296452,-42.49495752483627,29.302247681991844,-14.155529809286454,30.624278022934707,10.917163952659765,-0.8032547421528015,66.36141988688574,-26.498210460032528,-77.074991879102555,47.48650358533005,-40.242707550704274,-91.87126368747383,-31.634433699871245,22.913676431438688,55.818339629542535,-57.28790042049149,-77.27017371986331,-41.824927419419325,16.209745749344744,117.51907408710584,96.46414704552463,-8.349165834309746,43.770366293705635,54.83097936611,-14.609978629568086,26.232894372532826,-6.437306819767089,-40.532039686867456,31.979761173715143,-30.40469410054858,-47.57183731635849,-62.10185047135536,-26.033081498223023,-67.68087606993556,-27.8140433666106,-32.34705163522944,-69.71751459207557,80.11592386254245,-49.69833035853205
14.376116616181376,25.500071224321292,0.5395520428920351,-53.84429186040793,-28.302955653514623,-1.5203889765846001,38.946853797925144,5.122487860323467,23.107828934794266,-18.925463810096108,41.31002261325214,-10.453043988293393,-19.28488701653452,2.8726376633844146,-32.28424107911626,1.221541030927503,7.076452020955019,16.973710608604964,-11.720374371285525,5.449911819352615,-12.290486699684752,-4.3854162225982165,0.21137948361882164,-26.498210460032528,10.59154553276066,30.86788777475748,-19.126454658367106,16.05954191743188,36.83709607205114,12.750808428083477,-9.17588242814703,-22.452404945986697,23.069614397208095,30.91339692623142,16.622488654463258,-6.514023243298607,-47.06859632901072,-38.621068456093916,3.3677913091985383,-17.636365635265886,-21.917615900806027,5.843697840149941,-10.422978850035237,2.608841053630025,16.170739696968802,-12.763861605295771,12.109409572138683,19.028885709461026,24.793056163626712,10.37245235338818,27.057584031576923,11.101145614756124,12.950866665002883,28.009316769661968,-32.079501078577906,19.968531196592554
41.970889766222854,74.58037746777764,1.405720482730886,-156.1347708400539,-83.53856938187151,-4.8578769626561,113.48357496616954,14.80497399323685,67.57423559255302,-55.71948235821077,120.89994096642211,-30.167407867144828,-55.874455347064895,8.404216379365137,-93.80811298277449,4.19039457599412,20.49618014012748,49.3945344038299,-34.21390885919115,14.579418494965156,-36.15614760747565,-12.914807315383566,-0.06966877466962791,-77.074991879102555,30.86788777475748,90.35292264902104,-56.66129829619412,46.65378776348416,108.08767635022829,37.828007826238945,-26.84746225085025,-66.31580440867586,68.32004754141778,90.28420298443847,47.86848418842883,-19.221287089456666,-137.8028492866765,-112.97176121396708,10.008217077937006,-52.27812643595066,-63.905657560418554,17.054515929791688,-29.992424913162374,7.825259693864351,46.93498022994716,-37.08687326093775,35.01528223569699,55.547410397359826,72.09164951746172,30.034286796056648,78.9261244595877,32.259633699787656,37.88595856966344,82.52771532325477,-93.86144074520328,58.85610740827259
-26.129803359710433,-46.670287477859894,-0.5778923024362758,95.35468968610031,53.594343024867605,3.753015544038355,-70.27056932811746,-8.957140017083425,-42.26500556447285,35.509365666434384,-75.79185322103436,18.170064023064768,34.04525032710425,-5.267502287048628,57.62702445649447,-3.7051666049977485,-12.473283175732636,-30.475461041393885,21.295078304197354,-6.758329807465023,22.981259955652206,8.237212641033663,1.2389933474950612,47.48650358533005,-19.126454658367106,-56.66129829619412,36.70914045583845,-28.641232557170827,-68.24203361721065,-24.6020549403482,16.81930219103689,42.62779588664311,-44.221068082970746,-56.26719638421761,-28.647858796405323,12.315891450629648,86.46621426002,70.71492750950807,-6.53856241317556,33.92686830534008,39.63881334831559,-10.608896218105585,17.910303850119003,-5.2352601843948,-28.746328534956806,22.78279853067157,-21.214224487730462,-34.574114179606596,-44.373792479823344,-18.263848349675147,-49.01065190447121,-19.8222997478125,-23.71914754589166,-52.698670284300945,58.79515845395472,-37.61609471120765
21.771302783792137,38.56149308900267,0.8857623114135644,-81.96161459373374,-42.50367307280816,-2.1382925951234846,59.06591018215267,7.815865011750087,34.95036872410728,-28.47297891360889,62.438665626047026,-15.969743689014011,-29.37077336856079,4.340308878668145,-49.067811274702386,1.5971098725358266,10.782497231497354,25.7659695818926,-17.750766680304096,8.77621045483615,-18.510307434997056,-6.596097351328402,0.5903356507619368,-40.242707550704274,16.05954191743188,46.65378776348416,-28.641232557170827,24.412738717594735,55.56996627485031,19.071734894594535,-13.871174613249348,-33.696279400705464,34.55662136027424,46.802503891386124,25.436297182869925,-9.789092792736229,-71.13050150995934,-58.401526268888986,5.030867771196739,-26.394687867239618,-33.22757690360276,8.850953361233909,-15.957169753753488,3.868004516626871,24.593976783976345,-19.398787809006855,18.46890284882132,28.8180046453407,37.66331613095412,15.807752565835292,41.00988595217998,16.871505427534085,19.5832575981187,42.11790706337628,-48.500266283519196,30.020943510576316
50.13479994921876,89.18161705715771,1.5616856466987885,-185.7808756371675,-100.40658530400114,-6.087000724604252,135.40996672295483,17.583463034658646,80.79447462881906,-66.87955728293629,144.6233340163824,-35.795241989452066,-66.45496917708272,10.054291604495834,-111.75090874564533,5.437807395289132,24.370168431090878,58.89600897669805,-40.866553474142954,16.51132628126874,-43.369379315435204,-15.504156292270258,-0.5501927775508837,-91.87126368747383,36.83709607205114,108.08767635022829,-68.24203361721065,55.56996627485031,129.48409336189266,45.59675277028072,-32.111430983156424,-79.74073726195866,82.2665916361079,107.86796600657806,56.72682140687342,-23.093737916931847,-164.86820449193513,-135.09521125440904,12.074595513139004,-62.98709260925765,-76.27680006041058,20.3689856747186,-35.52851193999347,9.490202740850796,55.88100789320477,-44.180898420589706,41.599400847926795,66.34966218456559,85.91412750896797,35.70550379203882,94.22428935251443,38.431595256006055,45.306642569233205,99.09644340183182,-112.25877436541671,70.68365048686759
17.429368034557605,31.15032709976237,0.3610866662264503,-63.454592246107346,-35.877347114131496,-2.5621733800736175,46.84219443899258,5.953769941298788,28.207883993187817,-23.752773278459465,50.598579385791375,-12.070225454939866,-22.64976731841541,3.5169423311306973,-38.37604962459099,2.561319588975346,8.296602061627075,20.30609743345958,-14.204004175361664,4.320801427659401,-15.366361720342692,-5.510573291229173,-0.9231206058920134,-31.634433699871245,12.750808428083477,37.828007826238945,-24.6020549403482,19.071734894594535,45.59675277028072,16.495489328657765,-11.227748526868742,-28.543163045959492,29.632966182111154,37.536632128812514,19.0151553517995,-8.242563153324143,-57.7297071677603,-47.19995377024712,4.3862714867936985,-22.742361473817688,-26.42789488798257,7.0759369388934426,-11.885021430875257,3.521619622157416,19.136897211137814,-15.172096258458804,14.103672108599632,23.061666875317478,29.55718900264148,12.147056154323918,32.68015780595367,13.200758692879694,15.83203416070152,35.258661306928744,-39.247230236311196,25.169727607510122
-12.474006126138653,-22.1632656647884,-0.4212513324237793,46.43007893157345,24.805202770309425,1.4330252699948136,-33.734301758192814,-4.404089921122344,-20.080681581803667,16.549596080168236,-35.926353672923426,8.973939519122997,16.617842958582422,-2.4983514499306962,27.89080278885769,-1.2322929775712423,-6.095221322538998,-14.685196359184626,10.168560899781374,-4.367262793956539,10.73674647023803,3.8358589825684817,0.0034649253476864996,22.913676431438688,-9.17588242814703,-26.84746225085025,16.81930219103689,-13.871174613249348,-32.111430983156424,-11.227748526868742,7.978304869940849,19.691402942644864,-20.280071481173028,-26.831874130822236,-14.242132427441542,5.705915202711336,40.94490703668713,33.57036930681879,-2.969868751842354,15.518459788958836,18.994062351535597,-5.06922348469051,8.924771088675849,-2.320907273054735,-13.957358748538002,11.026867936615298,-10.416271691741997,-16.50975513919842,-21.432428433279274,-8.931892831663582,-23.45630110109322,-9.591095388645444,-11.25783095017404,-24.509363834799693,27.89083152830967,-17.477873806172884
-30.636673943941567,-54.65312931897461,-0.7610399718580698,112.33124814150965,62.381410498177274,4.190182123066814,-82.50204875656763,-10.577272398059208,-49.49854420137855,41.40071808074772,-88.71765733687995,21.47778170864992,40.13246915999939,-6.168303046959711,67.78741718437065,-4.035189123386186,-14.706119257121184,-35.81334701559693,24.969249002041085,-8.592867307151238,26.803830328393108,9.601984004967852,1.10883536656451,55.818339629542535,-22.452404945986697,-66.31580440867586,42.62779588664311,-33.696279400705464,-79.74073726195866,-28.543163045959492,19.691402942644864,49.59703749455576,-51.36095803330593,-65.95417413609675,-33.917604270503716,14.335515676901744,101.18242761153914,82.8015654735496,-7.577107318107709,39.38357353430834,46.51500242698818,-12.442084771471862,21.21831649371988,-6.034901441188175,-33.84338004823677,26.80026440809146,-25.04416743440264,-40.5409006601019,-52.17096727419849,-21.537265610235416,-57.493384013296776,-23.31531132542378,-27.771560301165056,-61.40981931981329,68.83195333490424,-43.82237595474301
31.51304294133236,56.275728792067945,0.7082998923900252,-115.06595808742415,-64.57949605373169,-4.500606474175605,84.76033471590954,10.811485172211263,50.96540502359091,-42.7945395444947,91.38610849095332,-21.935917610405937,-41.08456206712122,6.350360926820474,-69.52744206564043,4.426903348315832,15.053730217697163,36.762951894568225,-25.682535311354588,8.232306616671304,-27.701313486530513,-9.926877610436579,-1.45181527247822,-57.28790042049149,23.069614397208095,68.32004754141778,-44.221068082970746,34.55662136027424,82.2665916361079,29.632966182111154,-20.280071481173028,-51.36095803330593,53.27221284983805,67.85743925126172,34.592081756502914,-14.84250293898565,-104.25703558632631,-85.26993948516889,7.8748461773145815,-40.86640784169779,-47.811555629316565,12.794439513806775,-21.627371611664174,6.300534067728334,34.6842564146847,-27.487308048358265,25.604478817451245,41.69665719698408,53.53459124677248,22.042727983698537,59.115037868842336,23.91575947695557,28.601218776846007,63.50804836946696,-70.89542278471356,45.331521372688215
41.995667289352824,74.55335435805536,1.4959166835463196,-156.78080449475257,-83.11517140900573,-4.643149660407917,113.66431945660129,14.891402824528287,67.5561158258522,-55.50741217893282,120.8146626942733,-30.368483405028616,-56.12834071924188,8.398312418299277,-94.09600425281914,3.864094200181301,20.59411969607383,49.505646356879204,-34.23603391983648,15.279693366356703,-36.03818426440101,-12.863744913714502,0.28750859507796406,-77.27017371986331,30.91339692623142,90.28420298443847,-56.26719638421761,46.802503891386124,107.86796600657806,37.536632128812514,-26.831874130822236,-65.95417413609675,67.85743925126172,90.32061148902383,48.24229032068074,-19.12928324107752,-137.68451573156125,-112.9248680672074,9.922724960517609,-51.896869453736876,-63.988088192397285,17.067112687126517,-30.237844837244875,7.720739970111383,47.10400244181119,-37.200708082060046,35.21015052188103,55.58282128099809,72.28706901298325,30.182156382562404,79.01234661904657,32.35728833933031,37.8690021235833,82.18257766499559,-93.80992370732606,58.600918844457766
22.45766674679797,39.62715041357093,1.1012621580144568,-85.70585095724597,-42.85243410488506,-1.7499595504589045,61.165627103277906,8.2248305189299291,35.93035971636044,-28.856124046960133,64.07754449242499,-16.85743789765834,-30.758933006064517,4.4536111164189185,-51.10179387475299,0.957037951621922,11.302692717455212,26.74959531330927,-18.31426978849355,10.502189348390042,-18.80287433656838,-6.680660301923818,1.3573895020204951,-41.824927419419325,16.622488654463258,47.86848418842883,-28.647858796405323,25.436297182869925,56.72682140687342,19.0151553517995,-14.242132427441542,-33.917604270503716,34.592081756502914,48.24229032068074,26.96272346273768,-9.881987202408697,-72.95427776775506,-60.00424692154972,4.997705144642428,-26.362221927401276,-34.36926521111761,9.134979081315342,-16.937462597583796,3.7613082238068736,25.66454021517732,-20.20264870548268,19.41564069862296,29.731243206818608,39.17107945068249,16.5792492330338,42.38697592904198,17.568140461358567,20.118224582741057,42.619601372088255,-49.80493239672961,30.35947091971865
-8.88612188970073,-15.840945777818542,-0.23390621577107643,32.64809123970813,18.04036086646389,1.1913267878851237,-23.94002793159629,-3.0761386422646013,-14.350435278965936,11.976147071951335,-25.708843045992236,6.253529486104689,11.662470963362914,-1.784224305292893,19.691050362820235,-1.1234534586057399,-4.2770047903855435,-10.393963491626433,7.24298450957192,-2.5686774621197843,7.766611127372413,2.7772883058392113,0.2807126101616187,16.209745749344744,-6.514023243298607,-19.221287089456666,12.315891450629648,-9.789092792736229,-23.093737916931847,-8.242563153324143,5.705915202711336,14.335515676901744,-14.84250293898565,-19.12928324107752,-9.881987202408697,4.152256082920356,29.32976224283103,24.003813641221925,-2.188162397619619,11.372883931882473,13.501035210068899,-3.6077943231023926,6.1809177583080475,-1.7362548059715561,-9.828505136422466,7.784087764313128,-7.280171672912326,-11.75726480935339,-15.15327498629315,-6.264321260283401,-16.690539111407148,-6.773210898618417,-8.051366241528788,-17.764800210379068,19.953214116579478,-12.67948064548616
-64.00412808380143,-113.7418677471334,-2.133643240504661,238.028425734515,127.4599618971663,7.438027364586543,-173.04222249756077,-22.566379598818855,-103.05698230570964,85.00238088637171,-184.38700260302187,45.981697991293316,85.17501552632417,-12.815848559642198,143.02549393390646,-6.429339385545056,-31.245012756137893,-75.31178356393637,52.17553254451687,-22.136454639762725,55.16153332743733,19.702548901261576,0.15458596872584515,117.51907408710584,-47.06859632901072,-137.8028492866765,86.46621426002,-71.13050150995934,-164.86820449193513,-57.7297071677603,40.94490703668713,101.18242761153914,-104.25703558632631,-137.68451573156125,-72.95427776775506,29.32976224283103,210.17686198189628,172.29472706973036,-15.276018997436683,79.77766742099465,97.45086022423838,-26.006643397667773,45.706781152175985,-11.946345910397476,-71.55329691792599,56.54468809535071,-53.37095905696845,-84.70744790950394,-109.91980446813095,-45.785009225186464,-120.36126055340695,-49.185656428475575,-57.780880417161484,-125.90537980939095,143.15141808799817,-89.7957380360578
