V1,V2,V3,V4,V5,V6,V7,V8,V9,V10,V11,V12,V13,V14,V15,V16,V17,V18,V19,V20,V21,V22,V23,V24,V25,V26,V27,V28,V29,V30,V31,V32,V33,V34,V35,V36,V37,V38,V39,V40,V41,V42,V43,V44,V45,V46,V47,V48,V49,V50,V51,V52,V53,V54,V55,V56
11554.050098756014,13036.995025923876,-11245.188506711822,-6499.555916453284,7979.554598614719,-1820.9942578209786,-5057.210955068631,3825.7534593360847,4187.909724557916,6310.84437905841,7309.635727523434,-12854.655933145745,-1515.4014099808658,-6244.120419566336,969.7040695255339,747.4419240623292,-3225.8282069679717,10563.66881607318,3936.752568953752,14489.471062279492,281.5314373499202,2707.1562379183933,14778.039483344817,-1626.0748881847394,5452.542753264669,-3270.4952755743666,3634.606035964908,-7584.668116694478,5467.392735409836,9394.687015012476,7701.748178154525,266.87827252084514,-4884.055322637379,-9497.547819745008,-3442.903557155568,-15767.47717273758,11492.470503027864,8263.850524733909,1024.4964040556654,2055.684722817802,10236.174388122647,653.2968902770125,-16608.46682056688,-712.031269866821,-2246.1404932879796,18245.530069858254,4847.794479421039,-1960.4169470915328,1342.720816857979,-2920.754533816296,10312.023254579146,-1471.1948474630308,1950.2948976978373,8760.103710089605,9365.051792247428,5364.822410936874
13036.995025923876,14711.112496721822,-12688.481521459938,-7333.895316574896,9004.503038732544,-2055.536650314199,-5707.178120173202,4316.832177922803,4725.817539874143,7121.683771761588,8247.344523618027,-14505.190270911084,-1709.8760162437468,-7046.020526369572,1094.9398057748917,843.3813174962673,-3640.1788771725223,11919.526982786463,4442.652156468525,16350.28301304375,317.60661167913224,3054.734664169801,16674.862445485138,-1834.5678009618432,6151.660239849007,-3690.0112639196755,4101.127069774956,-8558.54223042129,6169.567860220717,10600.581254924839,8690.387113434543,301.3599355319216,-5510.692824125438,-10716.852668591535,-3885.34370957947,-17792.70597419166,12967.627613724388,9324.974037901044,1156.4463099340155,2319.1687584044466,11551.029655324233,736.9627086689154,-18741.024747833264,-803.2417547148365,-2533.926310104218,20587.7099408168,5469.725935369109,-2212.000200512952,1515.5077190721483,-3295.80849887458,11636.457707179732,-1660.1929453076725,2200.925902976148,9884.533324827866,10567.68339081178,6053.971141270582
-11245.188506711822,-12688.481521459938,10945.145730020775,6325.824604011189,-7766.413978017317,1771.9270632775845,4921.8748850835,-3723.2986810586717,-4076.127139617767,-6141.0605326460545,-7114.4917991021575,12511.00665155605,1475.5421387605954,6077.156313624465,-943.2544348494642,-727.3857052722195,3139.2318823154765,-10281.266302118654,-3831.206316581441,-14102.147115794296,-274.5108922075303,-2634.559886390839,-14383.62953794294,1582.8737983667488,-5307.14510945428,3183.2038215751168,-3537.327792885409,7382.241186882303,-5321.013388270296,-9144.2602884229509,-7496.545155596041,-259.26489563526263,4754.043417919472,9243.903641040084,3350.616434146841,15345.353195886857,-11185.810366725233,-8043.327039676936,-997.1814132556594,-2001.139279070175,-9962.240662762468,-635.7844272080374,16164.649840449783,692.9167233462078,2186.468463624787,-17757.86156899403,-4718.576561211664,1908.200038628763,-1306.3182563781268,2842.76437770334,-10036.332018055058,1431.9590193529998,-1898.1001286251642,-8526.169066427212,-9114.47469316191,-5221.310143714145
-6499.555916453284,-7333.895316574896,6325.824604011189,3656.2489612805048,-4488.901938827489,1024.4921598881037,2844.992275715845,-2152.122843528407,-2355.910503993102,-3550.177304820295,-4111.85799571135,7231.29642661256,852.4761884131466,3512.6079807210103,-545.6003123734266,-420.45849545476995,1814.683384910453,-5942.435925944774,-2214.6484293868393,-8151.00649863804,-158.37471166147645,-1522.8841294084764,-8313.192757204379,914.6967304426228,-3067.144738111379,1839.7333174134021,-2044.5921180121206,4266.711540815153,-3075.662016497372,-5284.875765897506,-4332.54047575282,-150.1542497488026,2747.4333404257495,5342.755920404894,1936.83379252846,8869.977362354535,-6464.946886692961,-4648.786936613045,-576.3877026626782,-1156.3498706865994,-5758.365953309966,-367.4733275967553,9342.985363274256,400.51338043957355,1263.464955693321,-10263.810996119286,-2727.0193266428237,1102.8016725549055,-755.3846055617875,1643.056208473924,-5801.011281367923,827.6274976918972,-1097.1573918805627,-4927.881287951595,-5268.262573298225,-3017.988388017422
7979.554598614719,9004.503038732544,-7766.413978017317,-4488.901938827489,5511.707570924622,-1258.2769098673907,-3493.437162128747,2642.1574950176728,2892.718880527722,4358.900346561452,5047.878410445325,-8878.402753767194,-1046.770040210006,-4312.804024368032,670.2693098654538,516.1934951216585,-2228.0302438010094,7295.589130552456,2719.323860561542,10007.890790488796,194.54050039669264,1869.6766728680655,10206.416459926784,-1122.897947446081,3765.126684169416,-2258.503081549824,2510.148796307789,-5238.662360115326,3776.28438944326,6488.554114337266,5319.388631377697,184.36792024694574,-3373.0222293741863,-6559.643855269985,-2378.202985058701,-10890.669254095941,7937.314959133124,5707.817955528955,708.0017563884588,1419.5047893442481,7070.288763240993,450.9945547357757,-11471.166808810956,-491.5559503702857,-1550.8880023878753,12601.275244318205,3347.8833683972807,-1353.9529542032105,927.5817461941078,-2017.3518155214215,7122.620063913001,-1016.2420084106768,1347.202862860503,6050.134187150905,6468.30110874467,3705.615671150267
-1820.9942578209786,-2055.536650314199,1771.9270632775845,1024.4921598881037,-1258.2769098673907,288.0648797897487,798.0103133499316,-603.1337188272961,-660.3128145035926,-996.1964035412295,-1151.4139107076687,2026.640331329661,238.36800393166325,984.6104206816595,-153.94753693643315,-117.85495251350407,508.9733916743585,-1664.9399034420921,-621.2687490948018,-2284.7154940557193,-43.970905270875114,-426.9427328398482,-2328.773543684783,255.8872165944852,-858.4264796067813,515.1186576864509,-572.9372079384934,1195.5636235247875,-862.2813759341255,-1480.287952649582,-1213.5200334676786,-42.61083084575944,769.1730665283092,1497.0095029863198,543.3336675051736,2486.9506634178356,-1811.0252986117714,-1302.6341049702776,-161.8634499526023,-323.37056334885244,-1614.5322182307823,-102.82093290955349,2618.3670663638927,112.10617276742565,353.2684570014927,-2875.958987121454,-763.5203013190816,308.816150714498,-212.40361979638195,460.44278575410846,-1626.1395604021209,231.97646655434787,-307.7267521640962,-1380.5648378355381,-1476.7757655691141,-846.168676042284
-5057.210955068631,-5707.178120173202,4921.8748850835,2844.992275715845,-3493.437162128747,798.0103133499316,2214.511906652008,-1674.6264658268942,-1833.4239249733846,-2763.4271786279664,-3198.871215045168,5627.192032108595,663.1002560217429,2733.5688993677986,-425.3915626583213,-327.18039990893317,1412.3766317618847,-4623.753900276125,-1723.8468581734016,-6343.218652911784,-123.03948907706241,-1185.1126387001598,-6468.291734164423,711.4366048469133,-2385.747998671559,1431.200805557529,-1590.9191280943562,3320.154065373514,-2393.603422070601,-4111.992727012711,-3371.034524914528,-117.17124641750553,2137.3775102467903,4157.339730188502,1507.6059993848498,6903.169572431443,-5030.240874001774,-3617.4898694187186,-448.88446341315506,-899.3006439193347,-4481.5768147933195,-285.7681035478801,7270.436485542497,311.49522318137963,982.5128117171621,-7986.480201988763,-2121.49518851799,857.9969624243198,-588.3062939819071,1278.5780434939518,-4514.533747325973,644.1012642080503,-853.9898995730429,-3834.3250709240856,-4099.8202782768685,-2348.8249779954076
3825.7534593360847,4316.832177922803,-3723.2986810586717,-2152.122843528407,2642.1574950176728,-603.1337188272961,-1674.6264658268942,1266.842125899531,1386.6563086149752,2090.0349523652344,2420.243366836364,-4256.445035832535,-501.56065440752025,-2067.579183979057,321.2976544364574,247.51600701799393,-1068.266144166157,3497.828043137919,1303.6653990148911,4797.776400139835,93.05095659420061,896.4672956264769,4893.06684559485,-538.3274027904042,1805.2797331325469,-1082.8645931678766,1203.5254315089392,-2511.3292877990125,1810.4483627961274,3110.5194382792783,2549.9665733244897,88.53963653420725,-1617.0084923860488,-3144.745723365926,-1140.1164553198364,-5221.177947180481,3805.1855257035436,2736.2065759285583,339.22842433990087,680.5182058557045,3389.532330407954,216.32393436432477,-5499.350518320894,-235.78226968373232,-743.5891849142582,6041.4163161902525,1605.0566643074458,-649.0627789162618,444.7906428349214,-967.0966448482004,3414.5524393882197,-487.11646606344306,645.8135734856202,2900.5539662164597,3101.0456113240425,1776.4502218687478
4187.909724557916,4725.817539874143,-4076.127139617767,-2355.910503993102,2892.718880527722,-660.3128145035926,-1833.4239249733846,1386.6563086149752,1518.202741839929,2287.5126400234303,2649.3220528818215,-4659.638604790608,-549.4690632965186,-2263.4734646298343,351.6889328947499,270.9015007109364,-1169.279919603267,3828.940724493405,1427.1268336752464,5252.422751871845,102.17320973895113,981.227711142368,5356.721966011786,-589.3722748112336,1976.1147181697502,-1185.3539405112529,1317.3835846207414,-2749.4468416862437,1981.867126708745,3405.4882719638645,2791.8694177410057,96.69055749723323,-1770.3474507291587,-3442.727815135962,-1248.1068386893585,-5715.635249429136,4165.818542154791,2995.6805914719116,371.58335102752585,745.0636502813549,3710.63835642428,236.69257496579561,-6020.419191290233,-257.97432542202625,-814.0161836879065,6613.530278242128,1757.1272047446948,-710.6222101010659,486.74313119978,-1058.7762832095013,3738.1434666754544,-533.3648881083933,707.0391630285479,3175.3240916934055,3394.714205583779,1944.7941663639422
6310.84437905841,7121.683771761588,-6141.0605326460545,-3550.177304820295,4358.900346561452,-996.1964035412295,-2763.4271786279664,2090.0349523652344,2287.5126400234303,3449.9334895217953,3991.5787660302603,-7021.944044428821,-826.4298971933583,-3411.1166029092446,531.445062520665,408.3997310243323,-1762.979912034903,5769.9558298789925,2151.470421602763,7915.276901589283,152.74431029794852,1479.2246599133512,8070.670705367229,-887.4313471756965,2976.800188243996,-1785.8454507183758,1985.4735802915377,-4142.540375315701,2987.175948214228,5130.144132062072,4205.545035224025,146.92265206438069,-2666.406266132098,-5187.413104814754,-1881.560515512242,-8614.94553791164,6276.254558003253,4513.459771042124,559.8954769976675,1121.6882647478185,5592.673322469842,356.74514280833984,-9072.171450005791,-388.90008040863887,-1225.6313745742002,9966.015725176652,2646.880110454675,-1070.389638177346,734.8183086505042,-1595.3275771001622,5633.404539439498,-803.5631377915959,1065.6842571266593,4784.401707698233,5116.295802503505,2931.0526946352547
7309.635727523434,8247.344523618027,-7114.4917991021575,-4111.85799571135,5047.878410445325,-1151.4139107076687,-3198.871215045168,2420.243366836364,2649.3220528818215,3991.5787660302603,4624.798341455718,-8132.080848042531,-959.0179937505146,-3950.037029109177,612.8105624692618,472.8309101166642,-2040.4693542622592,6683.052944643793,2490.090957614484,9166.102899527912,178.3686551853942,1712.5046243760642,9349.518175662482,-1028.9704487346007,3450.090676088151,-2069.2682816157626,2299.3578386642403,-4798.340978017286,3458.5816640350613,5943.779977920039,4872.715344860501,168.49866948723061,-3090.251062476728,-6008.531498298767,-2177.7229725760894,-9974.129304059355,7270.859388331243,5228.009119871574,647.9202367791918,1300.9026319683562,6475.158633522107,413.386068783077,-10506.871114381534,-450.5275608983801,-1421.4586612199157,11542.789564439585,3067.2642839746604,-1240.3537203644366,848.9895420707261,-1847.7460280138873,6523.35422254878,-930.6906337655989,1233.6458718321533,5542.114921077401,5924.310839163707,3393.6679399000686
-12854.655933145745,-14505.190270911084,12511.00665155605,7231.29642661256,-8878.402753767194,2026.640331329661,5627.192032108595,-4256.445035832535,-4659.638604790608,-7021.944044428821,-8132.080848042531,14302.199805125425,1685.9430923595032,6947.38240079803,-1079.4941306944877,-831.5817520331776,3589.217697016022,-11752.810996833596,-4380.394471935237,-16121.393209488477,-313.1619180684727,-3012.002820169146,-16441.619743097723,1808.9326538357877,-6065.75373995557,3638.444031094763,-4043.7584747464234,8438.766982636733,-6083.198353244394,-10452.29047492049,-8568.807747753264,-297.1147766797332,5433.6492124799215,10566.892731260676,3830.9094413334797,17543.589513904975,-12786.221354851197,-9194.449732950032,-1140.1801405946192,-2286.802758136941,-11389.290552232374,-726.6966736267889,18478.744550947045,792.0503784685151,2498.5774722567335,-20299.69765061652,-5393.263707208909,2181.0681110923015,-1494.2339161973334,3249.6698120898554,-11473.52982990894,1636.9384955761172,-2170.0855086862525,-9746.257014040591,-10419.76347488164,-5969.192627387793
-1515.4014099808658,-1709.8760162437468,1475.5421387605954,852.4761884131466,-1046.770040210006,238.36800393166325,663.1002560217429,-501.56065440752025,-549.4690632965186,-826.4298971933583,-959.0179937505146,1685.9430923595032,199.52571219514098,818.9019594878098,-126.55358262407422,-97.95159650358252,422.655014153167,-1385.4847478544384,-515.9693261621773,-1900.3902537313825,-37.515317840129484,-354.7863568109151,-1938.9831182367461,213.59319743669238,-715.5682705640983,429.10994595307375,-476.5731440269539,995.1513659664105,-716.820318279613,-1233.000787323058,-1010.9275569861412,-34.43340004087692,641.2187623895794,1245.957890673331,451.2535397025317,2067.249747285965,-1507.9739889511882,-1084.309282214115,-134.45007378995533,-270.09279291477577,-1342.1662343520304,-85.62835410937682,2178.487000205936,93.29108965195793,295.0378650222516,-2393.1062863586385,-636.2668360693306,257.34502987876726,-175.5096930172655,383.18102159860183,-1352.451387473006,193.06427919584357,-255.71846479519724,-1149.2379981808142,-1228.0152950388635,-703.5083115018759
-6244.120419566336,-7046.020526369572,6077.156313624465,3512.6079807210103,-4312.804024368032,984.6104206816595,2733.5688993677986,-2067.579183979057,-2263.4734646298343,-3411.1166029092446,-3950.037029109177,6947.38240079803,818.9019594878098,3374.768475864514,-524.5380486208584,-403.94923295287583,1743.5343181883422,-5708.908441049522,-2127.905040822766,-7831.137155492761,-152.07670997127684,-1463.107842571128,-7986.456277950338,878.630558471855,-2946.271640255879,1767.3107349322815,-1964.2607444214173,4099.163586538818,-2954.997427875767,-5077.147821469339,-4162.260833312867,-144.39103309504307,2639.3024193216434,5132.887041891604,1860.9718996051936,8522.071471509773,-6210.8663826084985,-4466.248357675166,-553.9207614064372,-1110.7146995712083,-5532.534098437358,-352.95782392796167,8976.16328132874,384.7081723199066,1213.557906625473,-9860.600571318839,-2619.6927581015693,1059.4322918138885,-725.9352283128801,1578.5482588742223,-5573.414294380993,795.165288054031,-1054.1744824651803,-4734.225951178696,-5061.510518920625,-2899.6356386968628
969.7040695255339,1094.9398057748917,-943.2544348494642,-545.6003123734266,670.2693098654538,-153.94753693643315,-425.3915626583213,321.2976544364574,351.6889328947499,531.445062520665,612.8105624692618,-1079.4941306944877,-126.55358262407422,-524.5380486208584,82.59245526602686,62.80504677430679,-271.3717324774772,886.623178550208,331.25647309629016,1217.0879294234694,23.10572485314742,227.5358053106031,1239.7843341780992,-136.02109498274194,456.6386587500915,-274.12998933302185,305.1705287321927,-636.6342785121145,459.48322428008976,787.9151778094805,645.8896999757874,23.05253402052113,-409.19133432176903,-797.1603756224685,-289.6997051155772,-1325.2972078656007,964.1269250325976,693.6412340915957,86.33614472958291,171.82959109796508,860.3638650702411,54.708217838189846,-1394.5909208642913,-59.67707203649598,-187.7062152732219,1531.6131052131282,406.2607936465102,-164.33188528998966,113.57383744518486,-245.21113719438742,866.3219036891627,-123.5478650485349,164.02817598209992,735.0650674677032,786.7928139758327,450.88898227518166
747.4419240623292,843.3813174962673,-727.3857052722195,-420.45849545476995,516.1934951216585,-117.85495251350407,-327.18039990893317,247.51600701799393,270.9015007109364,408.3997310243323,472.8309101166642,-831.5817520331776,-97.95159650358252,-403.94923295287583,62.80504677430679,48.36964051158349,-208.72869090875483,683.3766342567577,254.72166896107805,937.34360396951,18.146836805276937,175.15669571005077,955.920970630887,-105.1571735151032,352.6768129406145,-211.55013323174478,235.14494115524445,-490.615951499519,353.7248303218633,607.6514131275438,498.14261903443446,17.323641079979865,-315.87159172653367,-614.3743681330075,-222.75946961401849,-1020.0973135902991,743.3861768967665,534.5494529504359,66.26907014396237,132.92423802261183,662.228666075628,42.26428844009993,-1074.4005699505926,-46.071143019547904,-145.24608271596423,1180.3116551268372,313.558758562575,-126.79790688777422,86.93073963292132,-188.93615511051595,667.1086184310317,-95.16128168686203,126.17349381736148,566.671594951565,605.8685293960738,347.0710689150875
-3225.8282069679717,-3640.1788771725223,3139.2318823154765,1814.683384910453,-2228.0302438010094,508.9733916743585,1412.3766317618847,-1068.266144166157,-1169.279919603267,-1762.979912034903,-2040.4693542622592,3589.217697016022,422.655014153167,1743.5343181883422,-271.3717324774772,-208.72869090875483,900.994452373943,-2949.3404716277814,-1099.5502959625974,-4045.7984663723423,-78.25294219224816,-756.0230706668032,-4125.576029739797,453.73339305321895,-1521.8250511163421,912.9246685512035,-1014.8439203280079,2117.5428831795343,-1526.7790811597795,-2622.531482488489,-2149.9012580136077,-74.9106500990742,1363.165319483521,2651.6195360119796,961.6145697366823,4403.1754255953365,-3208.3177941764466,-2307.14952295801,-286.1572608492082,-573.5429529808624,-2858.489625628179,-182.36139272472167,4637.233304137583,198.78545850348888,626.6818423934772,-5094.163222672985,-1353.1307847504838,547.2037551997515,-375.3768511691444,815.467034089971,-2879.4190531418226,410.7543670311213,-544.6700242239907,-2445.645707065509,-2615.064131613179,-1498.115315452958
10563.66881607318,11919.526982786463,-10281.266302118654,-5942.435925944774,7295.589130552456,-1664.9399034420921,-4623.753900276125,3497.828043137919,3828.940724493405,5769.9558298789925,6683.052944643793,-11752.810996833596,-1385.4847478544384,-5708.908441049522,886.623178550208,683.3766342567577,-2949.3404716277814,9658.182964921245,3599.334994962501,13247.508783707375,257.3834029256846,2475.1171878544274,13511.2919589164,-1486.677876336394,4985.13364204489,-2990.146100041975,3323.0624747541256,-6934.534198817325,4998.763848344136,8589.382622914098,7041.559367939406,244.02335873470557,-4465.382626315482,-8683.445994028314,-3147.812405078352,-14415.99850567814,10507.353991265318,7555.499727023452,936.6905378250383,1879.4527494708718,9358.801275727992,597.2926783149367,-15184.85908187038,-650.9957616600296,-2053.578409550432,16681.584081030564,4432.235920263883,-1792.368661157322,1227.654550879954,-2670.398424787223,9428.135648630534,-1345.0897739058553,1783.1321517185195,8009.207742354627,8562.332792921909,4904.985394111627
3936.752568953752,4442.652156468525,-3831.206316581441,-2214.6484293868393,2719.323860561542,-621.2687490948018,-1723.8468581734016,1303.6653990148911,1427.1268336752464,2151.470421602763,2490.090957614484,-4380.394471935237,-515.9693261621773,-2127.905040822766,331.25647309629016,254.72166896107805,-1099.5502959625974,3599.334994962501,1341.9783343494084,4937.738038789949,95.61111380937687,922.6051126407541,5034.967271694502,-553.7459884345637,1857.1024077661623,-1114.0839476588671,1238.4847314540186,-2584.398800242747,1863.3257995656509,3200.6924643884054,2623.907934326011,91.35461635329168,-1663.654327254251,-3236.1470547577765,-1173.6216726082641,-5373.809014585744,3915.5573620796727,2815.840358358277,349.3689251448622,699.9364635250095,3488.6586925239044,222.48275782235012,-5659.485883045366,-242.5198391802728,-764.7409010395501,6216.958497751002,1651.362207443049,-667.8378005249043,458.10252374365774,-995.2592078775153,3514.247429399914,-501.3492654904448,664.7753284326891,2984.7204454874095,3191.503481787228,1828.410141819307
14489.471062279492,16350.28301304375,-14102.147115794296,-8151.00649863804,10007.890790488796,-2284.7154940557193,-6343.218652911784,4797.776400139835,5252.422751871845,7915.276901589283,9166.102899527912,-16121.393209488477,-1900.3902537313825,-7831.137155492761,1217.0879294234694,937.34360396951,-4045.7984663723423,13247.508783707375,4937.738038789949,18172.1502335048,352.99582220488384,3395.0953527010943,18532.689714964796,-2038.9125214776398,6836.887654213397,-4101.068476416212,4558.037456143396,-9512.173852445152,6857.022657909209,11781.66352027275,9658.660683808008,334.9663583027762,-6124.612842890908,-11910.908028925202,-4318.336095147424,-19775.34004618255,14412.419345214725,10364.00328526746,1285.3902248169943,2577.495077607817,12838.186025868998,819.0290096589682,-20829.21195835406,-892.697277687624,-2816.1356937179767,22881.5256288596,6079.065841961125,-2458.4482283467114,1684.431216673631,-3663.037418327362,12933.095780874026,-1845.2002749396113,2446.2019753671952,10985.810566786908,11745.183945370509,6728.584269909186
281.5314373499202,317.60661167913224,-274.5108922075303,-158.37471166147645,194.54050039669264,-43.970905270875114,-123.03948907706241,93.05095659420061,102.17320973895113,152.74431029794852,178.3686551853942,-313.1619180684727,-37.515317840129484,-152.07670997127684,23.10572485314742,18.146836805276937,-78.25294219224816,257.3834029256846,95.61111380937687,352.99582220488384,7.318704093196218,65.7477011927461,360.65296765811865,-39.87696082941756,133.22368457019766,-79.8263295416653,88.45654243358626,-185.0781687985068,132.99168557359377,229.54559894122954,188.26619148405527,6.0552479713286,-119.51171665666389,-231.6231991382213,-83.62959257919817,-383.5358563555747,280.5248368436006,201.67967549308844,25.0012956925144,50.47517647730664,249.07926340564725,15.884468142848952,-404.77633141373406,-17.286036360343594,-55.093662196610495,444.6151545216427,118.47688984161863,-47.940592699366356,32.23256349055144,-71.23719901409922,251.186626838636,-35.92044259826594,47.448132062488405,213.66560007681713,227.9458435406136,130.595528327007
2707.1562379183933,3054.734664169801,-2634.559886390839,-1522.8841294084764,1869.6766728680655,-426.9427328398482,-1185.1126387001598,896.4672956264769,981.227711142368,1479.2246599133512,1712.5046243760642,-3012.002820169146,-354.7863568109151,-1463.107842571128,227.5358053106031,175.15669571005077,-756.0230706668032,2475.1171878544274,922.6051126407541,3395.0953527010943,65.7477011927461,634.4163924478381,3462.3086133789416,-380.84720044001773,1277.3071285433903,-766.1976412804124,851.648046485263,-1777.0472093990334,1281.1858973336718,2200.9403309994664,1804.294625672593,62.762254936423744,-1144.095279674753,-2225.249204754992,-806.8727227280908,-3694.859677788431,2692.514144181224,1936.1577907897504,240.07608570013093,481.4443116772013,2398.661091179972,153.0665275824944,-3891.496683989429,-166.84606195224475,-526.0557107014187,4275.031336118792,1135.6602714912794,-459.2530721578792,314.87388739499005,-684.3284648757888,2416.283925850669,-344.69272110930433,457.0314678369993,2052.432691986315,2194.453408101306,1257.124232006885
14778.039483344817,16674.862445485138,-14383.62953794294,-8313.192757204379,10206.416459926784,-2328.773543684783,-6468.291734164423,4893.06684559485,5356.721966011786,8070.670705367229,9349.518175662482,-16441.619743097723,-1938.9831182367461,-7986.456277950338,1239.7843341780992,955.920970630887,-4125.576029739797,13511.2919589164,5034.967271694502,18532.689714964796,360.65296765811865,3462.3086133789416,18902.369193769744,-2080.078374610309,6974.319475405904,-4183.200349939223,4648.656288957896,-9701.479617189601,6992.787444501498,12016.955642147428,9851.597349532876,340.82990052267604,-6247.468856324194,-12148.008360612837,-4403.379360944168,-20166.63025931928,14699.918297533057,10570.248122390563,1310.5016658376949,2629.7158604552164,13092.219956901536,835.5141458671628,-21243.109418663866,-910.6049307723191,-2873.252317263257,23336.810257118585,6200.887337423347,-2507.655737671326,1716.8628299252828,-3735.8649111159407,13189.515007559787,-1881.8352473364564,2494.4654030698894,11204.76185055229,11978.047999165716,6861.755360236591
-1626.0748881847394,-1834.5678009618432,1582.8737983667488,914.6967304426228,-1122.897947446081,255.8872165944852,711.4366048469133,-538.3274027904042,-589.3722748112336,-887.4313471756965,-1028.9704487346007,1808.9326538357877,213.59319743669238,878.630558471855,-136.02109498274194,-105.1571735151032,453.73339305321895,-1486.677876336394,-553.7459884345637,-2038.9125214776398,-39.87696082941756,-380.84720044001773,-2080.078374610309,229.03783801214976,-767.7163559868787,460.4062847026224,-511.46467034043343,1067.483146416389,-769.2410262395734,-1322.4783668737216,-1084.196952001624,-37.273351774312175,687.6827988423415,1336.6931266578138,484.27647989812147,2218.3696678913457,-1617.6443766627046,-1163.0891789037958,-144.10447092407793,-289.5847455734808,-1440.1774294761317,-91.9631064662462,2337.253487772254,100.20833470390946,316.41699306204055,-2567.732036990253,-682.5118331919289,275.9961283345865,-188.61773457526704,411.05775987748314,-1451.0348648222498,207.05041087308447,-274.3689494478919,-1232.962747024012,-1317.729657182147,-754.8272170823274
5452.542753264669,6151.660239849007,-5307.14510945428,-3067.144738111379,3765.126684169416,-858.4264796067813,-2385.747998671559,1805.2797331325469,1976.1147181697502,2976.800188243996,3450.090676088151,-6065.75373995557,-715.5682705640983,-2946.271640255879,456.6386587500915,352.6768129406145,-1521.8250511163421,4985.13364204489,1857.1024077661623,6836.887654213397,133.22368457019766,1277.3071285433903,6974.319475405904,-767.7163559868787,2573.9602656831594,-1543.6919624515317,1715.1354742471337,-3579.1987375041826,2579.6380413829497,4433.863129195672,3634.890999720065,125.4552113144738,-2305.3951396804887,-4481.939536893936,-1624.1438919072525,-7439.279269645709,5423.731022357167,3899.6895731150294,483.1374965414053,970.664718735645,4829.54004241905,308.4248919567358,-7837.157272230261,-336.11689807647645,-1060.643560609272,8610.07130981741,2288.2167686879084,-925.2966327629963,632.9569878438776,-1378.2559689435109,4865.634250350281,-694.1929029189961,920.0757005681054,4134.113961172811,4418.836856731265,2531.1950643124583
-3270.4952755743666,-3690.0112639196755,3183.2038215751168,1839.7333174134021,-2258.503081549824,515.1186576864509,1431.200805557529,-1082.8645931678766,-1185.3539405112529,-1785.8454507183758,-2069.2682816157626,3638.444031094763,429.10994595307375,1767.3107349322815,-274.12998933302185,-211.55013323174478,912.9246685512035,-2990.146100041975,-1114.0839476588671,-4101.068476416212,-79.8263295416653,-766.1976412804124,-4183.200349939223,460.4062847026224,-1543.6919624515317,925.8547166436229,-1028.7798372192856,2146.876774917748,-1547.4182588179096,-2659.40131700372,-2180.178028369077,-75.36517946686584,1382.6813668082796,2688.348586223817,974.3270089742222,4462.559794066725,-3253.160324681454,-2339.1209704202315,-289.8764131162354,-582.0819628022473,-2897.0709253240293,-184.9650344760633,4700.971868378299,201.5792625959595,636.0306948178833,-5164.485060150568,-1372.3895199630306,554.9679961333977,-379.8202864337765,826.7198312450847,-2918.652040523247,416.40727647259587,-551.9454702028563,-2479.67162891763,-2650.6321325450604,-1518.3726032016932
3634.606035964908,4101.127069774956,-3537.327792885409,-2044.5921180121206,2510.148796307789,-572.9372079384934,-1590.9191280943562,1203.5254315089392,1317.3835846207414,1985.4735802915377,2299.3578386642403,-4043.7584747464234,-476.5731440269539,-1964.2607444214173,305.1705287321927,235.14494115524445,-1014.8439203280079,3323.0624747541256,1238.4847314540186,4558.037456143396,88.45654243358626,851.648046485263,4648.656288957896,-511.46467034043343,1715.1354742471337,-1028.7798372192856,1143.3819648752267,-2385.877801695213,1719.9588373348915,2955.175679650246,2422.628876149594,84.05679427198099,-1536.275847732191,-2987.6419347476813,-1083.1114977872135,-4960.203517518624,3615.121924505206,2599.5261924987585,322.27659829670915,646.5667283819016,3220.118870576492,205.51356030266948,-5224.578737524528,-223.99682737143647,-706.4853376752353,5739.563659009201,1524.9089125063033,-616.6552500260016,422.5031943310636,-918.7823275059554,3243.9271058479358,-462.78419692404276,613.5313481784441,2755.6577208468857,2946.0672197995286,1687.6678990341863
-7584.668116694478,-8558.54223042129,7382.241186882303,4266.711540815153,-5238.662360115326,1195.5636235247875,3320.154065373514,-2511.3292877990125,-2749.4468416862437,-4142.540375315701,-4798.340978017286,8438.766982636733,995.1513659664105,4099.163586538818,-636.6342785121145,-490.615951499519,2117.5428831795343,-6934.534198817325,-2584.398800242747,-9512.173852445152,-185.0781687985068,-1777.0472093990334,-9701.479617189601,1067.483146416389,-3579.1987375041826,2146.876774917748,-2385.877801695213,4979.353816224865,-3589.158477308385,-6167.623308907653,-5056.290084513766,-175.02184969549816,3206.3540299187,6234.961940561298,2260.221395659694,10350.939404674527,-7544.624760581672,-5425.264878062019,-672.7936707793115,-1349.529923179635,-6719.893134568587,-428.74331564971334,10903.178089563859,467.2865078916779,1474.4568662033362,-11977.537761304955,-3182.4202935571907,1287.0166058434804,-881.3471505390322,1917.4648727396002,-6769.754282059243,965.9057126282866,-1280.390313308758,-5750.755102778859,-6147.873340181307,-3521.969318915874
5467.392735409836,6169.567860220717,-5321.013388270296,-3075.662016497372,3776.28438944326,-862.2813759341255,-2393.603422070601,1810.4483627961274,1981.867126708745,2987.175948214228,3458.5816640350613,-6083.198353244394,-716.820318279613,-2954.997427875767,459.48322428008976,353.7248303218633,-1526.7790811597795,4998.763848344136,1863.3257995656509,6857.022657909209,132.99168557359377,1281.1858973336718,6992.787444501498,-769.2410262395734,2579.6380413829497,-1547.4182588179096,1719.9588373348915,-3589.158477308385,2587.5010654523485,4445.353841813232,3644.2831407655995,126.59438462209584,-2310.8050281880305,-4494.317639909239,-1629.577192698415,-7462.23032429366,5438.09535949564,3910.562298175562,485.00493837964865,972.4058103677118,4844.452083373968,309.06337361399693,-7859.559520614568,-336.8751598957815,-1062.463750060495,8633.994640341232,2293.690140162694,-927.5824975220086,635.8129523784256,-1382.1632850848648,4880.1523481674485,-696.2260359211858,923.0704389821865,4145.242274745113,4431.985280114187,2538.988631764764
9394.687015012476,10600.581254924839,-9144.2602884229509,-5284.875765897506,6488.554114337266,-1480.287952649582,-4111.992727012711,3110.5194382792783,3405.4882719638645,5130.144132062072,5943.779977920039,-10452.29047492049,-1233.000787323058,-5077.147821469339,787.9151778094805,607.6514131275438,-2622.531482488489,8589.382622914098,3200.6924643884054,11781.66352027275,229.54559894122954,2200.9403309994664,12016.955642147428,-1322.4783668737216,4433.863129195672,-2659.40131700372,2955.175679650246,-6167.623308907653,4445.353841813232,7639.811595892777,6263.232859071502,216.42808501064547,-3971.9302097721397,-7722.878340789782,-2799.21112747413,-12820.072557175148,9345.33520137939,6719.951260436435,833.1798143614856,1671.9645721761344,8322.88221705773,531.1172196521028,-13504.799471932482,-578.8335027297211,-1826.7599368296262,14835.72696053016,3942.210184571263,-1594.2653827385993,1091.1941074990527,-2375.0209129352897,8384.866463390721,-1196.381280101684,1585.769125711528,7123.218697428883,7614.59089519102,4362.133536169147
7701.748178154525,8690.387113434543,-7496.545155596041,-4332.54047575282,5319.388631377697,-1213.5200334676786,-3371.034524914528,2549.9665733244897,2791.8694177410057,4205.545035224025,4872.715344860501,-8568.807747753264,-1010.9275569861412,-4162.260833312867,645.8896999757874,498.14261903443446,-2149.9012580136077,7041.559367939406,2623.907934326011,9658.660683808008,188.26619148405527,1804.294625672593,9851.597349532876,-1084.196952001624,3634.890999720065,-2180.178028369077,2422.628876149594,-5056.290084513766,3644.2831407655995,6263.232859071502,5134.716783003027,177.35338126538514,-3256.2578767020473,-6331.263474934049,-2294.779299994485,-10509.854220254274,7661.395510841882,5509.10237738073,683.0816709975542,1370.7230995411612,6823.097077927108,435.3881284678388,-11071.297605685588,-474.5019759641063,-1497.6052990539729,12162.342305248108,3231.864253311589,-1307.0100082789106,894.4973986663106,-1947.0634483619433,6873.952812601307,-980.81918683624815,1300.0187349715563,5839.6507771009265,6242.428704677779,3576.089617810581
266.87827252084514,301.3599355319216,-259.26489563526263,-150.1542497488026,184.36792024694574,-42.61083084575944,-117.17124641750553,88.53963653420725,96.69055749723323,146.92265206438069,168.49866948723061,-297.1147766797332,-34.43340004087692,-144.39103309504307,23.05253402052113,17.323641079979865,-74.9106500990742,244.02335873470557,91.35461635329168,334.9663583027762,6.0552479713286,62.762254936423744,340.82990052267604,-37.273351774312175,125.4552113144738,-75.36517946686584,84.05679427198099,-175.02184969549816,126.59438462209584,216.42808501064547,177.35338126538514,6.640203517017147,-112.29392975118468,-219.24834638913163,-79.88715225654379,-365.14110032273766,265.0096704658503,190.6733097851485,23.720393921721282,47.04528203820812,236.9817005110964,15.086316464447139,-383.72659149791144,-16.471891714975833,-51.437493856196056,421.48705479577967,111.58363674134121,-45.11023943475026,31.566460678087605,-67.4355616806553,238.44827000652984,-33.94778125147529,45.1840523721716,202.15574598506353,216.68219049279466,124.15691162785122
-4884.055322637379,-5510.692824125438,4754.043417919472,2747.4333404257495,-3373.0222293741863,769.1730665283092,2137.3775102467903,-1617.0084923860488,-1770.3474507291587,-2666.406266132098,-3090.251062476728,5433.6492124799215,641.2187623895794,2639.3024193216434,-409.19133432176903,-315.87159172653367,1363.165319483521,-4465.382626315482,-1663.654327254251,-6124.612842890908,-119.51171665666389,-1144.095279674753,-6247.468856324194,687.6827988423415,-2305.3951396804887,1382.6813668082796,-1536.275847732191,3206.3540299187,-2310.8050281880305,-3971.9302097721397,-3256.2578767020473,-112.29392975118468,2065.1605586955266,4014.9048858068923,1454.9728615540198,6664.130690464165,-4858.536220910968,-3493.4943451465247,-433.0224747431745,-869.4546439729636,-4326.399877618275,-276.1608317633447,7020.543176699221,300.94785848535196,949.9754351028458,-7712.595684216802,-2049.663329980447,828.8828817711063,-566.9795537118762,1234.684509033146,-4358.763807286188,621.9405597303387,-824.2801232860783,-3703.225883387124,-3958.3428979770697,-2267.5351425884537
-9497.547819745008,-10716.852668591535,9243.903641040084,5342.755920404894,-6559.643855269985,1497.0095029863198,4157.339730188502,-3144.745723365926,-3442.727815135962,-5187.413104814754,-6008.531498298767,10566.892731260676,1245.957890673331,5132.887041891604,-797.1603756224685,-614.3743681330075,2651.6195360119796,-8683.445994028314,-3236.1470547577765,-11910.908028925202,-231.6231991382213,-2225.249204754992,-12148.008360612837,1336.6931266578138,-4481.939536893936,2688.348586223817,-2987.6419347476813,6234.961940561298,-4494.317639909239,-7722.878340789782,-6331.263474934049,-219.24834638913163,4014.9048858068923,7807.307226747942,2830.191775695295,12961.301510345176,-9447.21967823776,-6793.316158670203,-842.3505542109377,-1689.8381093571525,-8414.49379243516,-536.9266111540267,13652.725058026404,585.1916683187482,1846.3298495797403,-14998.186342309087,-3985.000322950477,1611.5532995968272,-1103.6746901567528,2400.997640287026,-8476.910248481667,1209.4432344093511,-1603.252594829628,-7201.034123775593,-7698.303843769653,-4410.110433362565
-3442.903557155568,-3885.34370957947,3350.616434146841,1936.83379252846,-2378.202985058701,543.3336675051736,1507.6059993848498,-1140.1164553198364,-1248.1068386893585,-1881.560515512242,-2177.7229725760894,3830.9094413334797,451.2535397025317,1860.9718996051936,-289.6997051155772,-222.75946961401849,961.6145697366823,-3147.812405078352,-1173.6216726082641,-4318.336095147424,-83.62959257919817,-806.8727227280908,-4403.379360944168,484.27647989812147,-1624.1438919072525,974.3270089742222,-1083.1114977872135,2260.221395659694,-1629.577192698415,-2799.21112747413,-2294.779299994485,-79.88715225654379,1454.9728615540198,2830.191775695295,1026.4015679289373,4699.698475170543,-3424.38298769332,-2462.6191599613494,-305.54735265149793,-612.1510344095491,-3051.0387991907187,-194.57475523252026,4949.553080172086,212.09878884338056,668.817292219495,-5437.083915099216,-1444.2086868241715,584.0679845980126,-400.6231394876312,870.4074723130041,-3073.4044369395533,438.4624961666195,-581.3860331986689,-2610.3008154435665,-2791.1440347585253,-1599.0510689979994
-15767.47717273758,-17792.70597419166,15345.353195886857,8869.977362354535,-10890.669254095941,2486.9506634178356,6903.169572431443,-5221.177947180481,-5715.635249429136,-8614.94553791164,-9974.129304059355,17543.589513904975,2067.249747285965,8522.071471509773,-1325.2972078656007,-1020.0973135902991,4403.1754255953365,-14415.99850567814,-5373.809014585744,-19775.34004618255,-383.5358563555747,-3694.859677788431,-20166.63025931928,2218.3696678913457,-7439.279269645709,4462.559794066725,-4960.203517518624,10350.939404674527,-7462.23032429366,-12820.072557175148,-10509.854220254274,-365.14110032273766,6664.130690464165,12961.301510345176,4699.698475170543,21520.80197370085,-15683.033073600434,-11277.849494872236,-1398.8317414174105,-2804.2622332274696,-13971.255168769512,-891.2682121776331,22666.520405447827,971.4734673215654,3063.942490735513,-24899.790280784928,-6614.735787624169,2675.061828635572,-1833.7286039458277,3986.083592993578,-14074.155004774939,2007.9030796181921,-2662.138579177806,-11954.533464507567,-12781.614334009157,-7322.370983892221
11492.470503027864,12967.627613724388,-11185.810366725233,-6464.946886692961,7937.314959133124,-1811.0252986117714,-5030.240874001774,3805.1855257035436,4165.818542154791,6276.254558003253,7270.859388331243,-12786.221354851197,-1507.9739889511882,-6210.8663826084985,964.1269250325976,743.3861768967665,-3208.3177941764466,10507.353991265318,3915.5573620796727,14412.419345214725,280.5248368436006,2692.514144181224,14699.918297533057,-1617.6443766627046,5423.731022357167,-3253.160324681454,3615.121924505206,-7544.624760581672,5438.09535949564,9345.33520137939,7661.395510841882,265.0096704658503,-4858.536220910968,-9447.21967823776,-3424.38298769332,-15683.033073600434,11431.792279100107,8220.26159316571,1019.179075022854,2045.0785633046592,10181.470095916737,649.7387637658768,-16520.236216826972,-708.1260828994732,-2234.4647636473655,18148.412430330132,4822.287227198919,-1950.1524738852963,1335.127182338724,-2905.302826155364,10257.168051543818,-1463.4731590434262,1939.8874482425656,8713.668195517525,9315.003861551235,5336.217027947932
