V1,V2,V3,V4,V5,V6,V7,V8,V9,V10,V11,V12,V13,V14,V15,V16,V17,V18,V19,V20,V21,V22,V23,V24,V25,V26,V27,V28,V29,V30,V31,V32,V33,V34,V35,V36,V37,V38,V39,V40,V41,V42,V43,V44,V45,V46,V47,V48,V49,V50,V51,V52,V53,V54,V55,V56
1968.89748129717,2221.3928211582124,-1916.5582280471058,-1107.5482916787932,1359.6723188772623,-309.9090132631449,-861.4933147454409,651.8298104465601,713.6424992363051,1074.64331492718,1245.8645258008714,-2190.3574967410505,-258.58135057216924,-1063.903846214111,164.78048825781258,127.32902795868979,-549.4369284238743,1800.1134013430938,670.5398380795099,2468.846020433494,48.25148749959442,461.1697107013056,2518.5961140490676,-277.28766113517895,929.5129529565048,-557.4478165701872,619.2977501324555,-1292.5553184696923,931.4591216836955,1601.2684995283303,1312.755171733128,45.17315688129946,-832.6204455506662,-1618.5062019805207,-586.4301442000498,-2686.2017169159753,1958.6647357211095,1408.307387215355,174.50840089651794,350.6022957236866,1743.9024101105647,111.34645583990245,-2830.070644388298,-121.33507674804606,-383.07650942312694,3109.113533492509,826.3622924582751,-334.17540073122785,228.43659659515652,-497.7211479749895,1757.009353882494,-250.7088529231484,332.23731050299625,1492.8926901048546,1595.5979349608501,914.0113577058797
2221.3928211582124,2506.7584831123168,-2161.897066472344,-1249.6480836084347,1534.3573424734263,-350.42876088431615,-972.5996646131453,735.5951768777226,805.2554278903124,1213.8034102066101,1405.1669941271584,-2471.6503116979015,-291.2124703626502,-1200.6532227449582,186.77424760967332,143.72129054319524,-620.3713366220027,2030.9942180451683,757.1330819238553,2786.0918327095287,54.00939336804456,520.5639243075691,2841.140713571831,-312.5128623499732,1048.0285838546727,-628.6880078786219,698.8238287509693,-1458.2896523414415,1051.3445880311533,1806.1205412584661,1480.649156108697,51.4752454572487,-938.8345090485768,-1826.0497227746685,-662.1521895109481,-3032.04717159183,2209.475198863618,1588.8795717469081,197.09137282181658,395.0384860145406,1968.397843709655,125.55741819218693,-3193.3962093604255,-136.86108311855338,-431.61748349657177,3508.0087246377725,931.8846089223713,-376.86383653198214,258.3880165066232,-561.5824798776904,1982.8769435501943,-282.8851829640923,375.07115928842654,1684.202505855632,1800.7730276386374,1031.6400727403384
-1916.5582280471058,-2161.897066472344,1866.0327213009011,1078.0484362600394,-1323.2407944665047,300.95026099273787,838.0187045586173,-634.3430906391538,-694.5880554590195,-1044.8250372263997,-1213.1843064320421,2131.765159305819,252.20387433113012,1035.335943219317,-159.59802680299626,-123.88594635835494,534.392221844247,-1752.2366057958739,-652.1622043536685,-2402.635550546165,-47.375277207587246,-448.6739831313326,-2452.0670922577438,270.23100308862524,-905.4408031762911,542.8613450297291,-602.7376904872317,1258.224372618251,-906.2974949500648,-1559.1729483172053,-1278.2875943757504,-43.49782333767252,811.0112263935415,1575.5014537444722,570.3629004926825,2613.5372158092296,-1906.9476254448325,-1370.908711089557,-169.68186154627475,-341.7671825692137,-1696.7597634317865,-108.44478356021436,2754.4845791685575,118.14073969058428,373.4310414729585,-3026.3024910166887,-804.819227924978,325.4465012133965,-221.7508197317912,484.4632664429125,-1709.8067883418082,244.02033404269204,-323.1958522562685,-1453.3432776083087,-1552.6730096834647,-889.3313673262111
-1107.5482916787932,-1249.6480836084347,1078.0484362600394,623.0293823569299,-764.8879591241798,174.43305424103585,484.6925230731261,-366.6920700319199,-401.4520406605688,-604.688784184576,-700.7647631753555,1232.1767322448156,145.38754367806305,598.5108559063709,-92.80623340125615,-71.63390691145636,309.1332661218055,-1012.6082404904749,-377.27376792420694,-1388.8648836896484,-27.08626251577795,-259.45150807175503,-1416.7077113187845,155.93662900583928,-522.7808872006544,313.54429777772464,-348.38299072769166,727.0876006115275,-524.0237046772138,-900.6835053367972,-738.3933660030639,-25.478287122528638,468.2928051800295,910.4432872073769,329.94835810449746,1511.2282467395864,-1101.7427244067344,-792.2001970835174,-98.19143823064532,-197.15137858074885,-981.0972046832792,-62.62523092561212,1592.0294315346118,68.24931830053322,215.41070341444654,-1748.9681944645565,-464.7877776140917,187.95869312584145,-128.58694617072905,279.98366974685996,-988.4293917424885,141.03214202995883,-186.92081206505446,-839.7666863915618,-897.6323583388086,-514.2061220204363
1359.6723188772623,1534.3573424734263,-1323.2407944665047,-764.8879591241798,939.1645200712693,-214.5195271546198,-595.3326939340154,450.2486206882625,492.88657890524405,742.9916741958274,860.0580668622886,-1512.8662354088844,-178.22924901325314,-734.9088819674265,114.35238786968296,87.97085306771126,-379.7334113275817,1243.1329493068429,463.4474349691339,1705.3386754484266,33.04351200288,318.63588274207865,1738.9937848702018,-191.27092064160706,641.4531534122566,-384.79834215151874,427.73967721513645,-892.5925258183453,643.5236102934945,1105.4763922222012,906.2638593031702,31.52380416308105,-574.6243610680623,-1117.6912598634237,-405.30950971474095,-1855.9076422275223,1352.367073198607,972.5237079359205,120.64508290535991,241.77846945084514,1204.8497122965707,76.84919130127449,-1954.6331661154784,-83.76780124254005,-264.1655195232411,2147.193166501172,570.3725465614863,-230.6663409216398,158.17779940508964,-343.735495749843,1213.7016046277022,-173.15100250650707,229.58263216703685,1030.8638180509765,1102.2389673400105,631.4634534631958
-309.9090132631449,-350.42876088431615,300.95026099273787,174.43305424103585,-214.5195271546198,50.02506079361108,136.59860826839105,-102.87494699342899,-112.47747033511195,-171.30819924230138,-195.34625885569815,345.402603666789,39.849615755666555,167.95848580730004,-27.320354565684,-20.14257675994898,87.24049893751308,-283.38691170190424,-106.50325146757659,-389.61458008669723,-6.899881693786408,-72.99576409653785,-395.7119515702843,43.10574669301014,-145.20668254635913,87.34393635673742,-97.64725347905303,203.40691396842428,-147.30687982369736,-251.23918967036795,-205.89612048147333,-7.927058010480374,130.15382010448752,254.72659483960905,93.13276476186067,424.99103507231973,-307.6990585040218,-221.6131157595684,-27.794267264289704,-54.34683143301728,-275.8559415668173,-17.42142801242808,446.0805367054928,19.04355356105099,59.36468833053952,-489.66313661958236,-129.3428189780503,52.33356272199206,-37.01166267602661,78.3919881133235,-277.42270178626814,39.503660163065256,-52.65817343005354,-234.75385587576162,-252.03309983717972,-144.53059368711217
-861.4933147454409,-972.5996646131453,838.0187045586173,484.6925230731261,-595.3326939340154,136.59860826839105,377.7506284256547,-285.43115324763636,-312.3749485258981,-471.94100575261695,-544.5252584075081,958.9029830372443,112.46053114149004,465.9125980962999,-73.20802588919344,-55.79418462518948,241.0150830780697,-787.6800144722583,-294.16723056981357,-1081.0613755702298,-20.558163333685467,-202.1107919743371,-1101.4402015777882,120.89637585429632,-405.82691867371045,243.592699912323,-271.110378515231,565.5249874962011,-408.11734520349904,-699.9950137123859,-573.8097619312277,-20.42009136478531,363.5903208244209,708.1563103843787,257.2571861602166,1177.0985309872322,-856.5361226353998,-616.1632099025501,-76.61766843501265,-152.7317686599336,-764.1417450748029,-48.63331309963771,1238.8016452957124,53.04652635972512,166.86465408954518,-1360.6221872372184,-360.9937282932174,146.00454589819685,-100.79692504318308,217.81942598086516,-769.4794007877274,109.73018615596634,-145.66229396211253,-653.0335591354202,-698.8645948379936,-400.45841189200394
651.8298104465601,735.5951768777226,-634.3430906391538,-366.6920700319199,450.2486206882625,-102.87494699342899,-285.43115324763636,215.85990359397076,236.29269346135598,356.2562632135064,412.2938489544847,-725.2865732071795,-85.41574640698977,-352.32994550962957,54.859112159957284,42.17699312660818,-182.06785248600048,595.9633556743997,222.20599627965,817.568603175851,15.820292682206636,152.76682948069543,833.654686427131,-91.68080148692309,307.4837582221004,-184.46287678958168,205.06536371884883,-427.90649363673236,308.52608757668014,529.9417837745916,434.4397480006445,15.137666308674484,-275.4480857058359,-535.8205127583382,-194.3292518800022,-889.7867986286207,648.3069592325725,466.2255794197811,57.84404113769618,115.88294495656908,577.6454907304403,36.8382821891837,-937.0698484117806,-40.15835689076436,-126.61290268204259,1029.374908081224,273.4173575901268,-110.57283644385369,75.86078674930616,-164.78838596680998,581.874377108675,-83.00808152280959,110.07182583036212,494.1909885574163,528.4402526805245,302.7417374738271
713.6424992363051,805.2554278903124,-694.5880554590195,-401.4520406605688,492.88657890524405,-112.47747033511195,-312.3749485258981,236.29269346135598,258.6848196631305,389.7666712530642,451.48325482726557,-793.9896400277551,-93.62648759021214,-385.6804644923757,59.89034030272665,46.16301871278184,-199.2369408480389,652.47037187254,243.15634335503228,894.9758482281741,17.40828230223968,167.20226683130045,912.8020717062675,-100.44133242802926,336.7781372940428,-202.00362536984534,224.48879554445088,-468.49403455651844,337.6972345062372,580.2999803244884,475.73452490756773,16.468874576807004,-301.68447593861174,-586.6386701662954,-212.65484596793763,-973.8946756694728,709.8651372648643,510.44799742277553,63.292395059907804,126.98003414098017,632.2541236756997,40.345547524861566,-1025.8580746293069,-43.97141860290668,-138.73903952015257,1126.9576549062695,299.4356313985006,-121.09373953088419,82.92325600796177,-180.4095978113256,636.9466454074453,-90.87740636105701,120.46578163689148,541.0844521474377,578.4425032193257,331.3706346274573
1074.64331492718,1213.8034102066101,-1044.8250372263997,-604.688784184576,742.9916741958274,-171.30819924230138,-471.94100575261695,356.2562632135064,389.7666712530642,590.2983197250667,678.6967779060312,-1196.6159208923634,-139.65265167004634,-581.5506717475781,92.33748633265081,69.67343690076962,-301.20518219793286,982.6000274987616,367.65269265808786,1349.2718760633918,25.12877203976255,252.41725515940777,1373.420229033512,-150.41033336629238,505.4290188393526,-303.56896655431916,338.3130365053956,-705.4075431684068,509.601651769763,872.5877037583416,715.2330893492086,26.076018871213847,-452.88216735836016,-883.34063247771,-321.51392027749915,-1469.9298957691265,1068.012272140112,768.5634225039688,95.80975033409615,189.90269076221534,954.2005953022332,60.59123794516064,-1545.752441125344,-66.13319225539475,-207.46506677322424,1697.4692767485742,449.77317814615947,-181.9313320651269,126.5135235257435,-271.7461277170052,960.4923849649705,-136.9077491276018,181.96708259075072,814.43358015977185,872.4229035400484,500.02333612507846
1245.8645258008714,1405.1669941271584,-1213.1843064320421,-700.7647631753555,860.0580668622886,-195.34625885569815,-544.5252584075081,412.2938489544847,451.48325482726557,678.6967779060312,788.8085664064141,-1385.6125092278523,-164.13971983523663,-672.9076801815888,103.42843063720241,80.5095253430516,-347.2093060181122,1139.0365031900476,423.7188702267806,1561.604590756334,30.954912981524913,291.5687804338716,1594.1373123766548,-175.78847679397813,588.838611668185,-352.98091251384943,391.77311092254746,-817.9206238664045,588.9815402255765,1013.7275742682887,831.1211218225662,28.08897862755227,-527.4067398417538,-1024.1647737378441,-370.57514631087537,-1698.4350900444524,1239.7528030630199,891.1741483943441,110.22559533082924,222.35932486571127,1102.6687800078753,70.51954992581705,-1790.4153549022108,-76.81116843091459,-242.964532800736,1967.191081743306,523.342400910549,-211.61820658104799,143.90740191013276,-314.9146727924169,1111.2637485652156,-158.61576315784257,210.0102029881623,944.8023736754748,1009.1158755115548,577.9587077108964
-2190.3574967410505,-2471.6503116979015,2131.765159305819,1232.1767322448156,-1512.8662354088844,345.402603666789,958.9029830372443,-725.2865732071795,-793.9896400277551,-1196.6159208923634,-1385.6125092278523,2437.05269130706,287.2344025936504,1183.8253463016677,-184.02047256028706,-141.70182212400044,611.6228256076694,-2002.6111029281988,-746.4500976728777,-2747.0583115912136,-53.32561763389074,-513.2486074676053,-2801.5202379008338,308.20148438106577,-1033.5021838608282,619.9449602846817,-689.04104066729235,1437.920394721608,-1036.5823712850224,-1780.9703699495312,-1460.041110364507,-50.6693670642726,925.8143314476838,1800.540634910769,652.813468563546,2989.4541929541556,-2178.6705539190298,-1566.6853080352955,-194.3048012157919,-389.6113253419836,-1940.750296668843,-123.81710094632433,3148.713590557645,134.95400858937901,425.6901339579101,-3458.9689459236542,-918.9396931757794,371.62818290510506,-254.6684912102941,553.730162119001,-1955.078856475497,278.9305825984181,-369.7928328054667,-1660.6950590212066,-1775.519779695008,-1017.1578264399019
-258.58135057216924,-291.2124703626502,252.20387433113012,145.38754367806305,-178.22924901325314,39.849615755666555,112.46053114149004,-85.41574640698977,-93.62648759021214,-139.65265167004634,-164.13971983523663,287.2344025936504,34.54946482106429,139.38629249164168,-20.693193288982542,-16.652616254422714,71.63784094577741,-236.3822328806029,-87.40593911698656,-323.5517553411319,-6.81594690876205,-60.28699154090148,-331.27317206502755,36.787342172625245,-122.82937330236433,73.48430861501252,-81.21740785377554,169.78996740316,-121.8564787330765,-210.8559644847289,-172.91789777730017,-5.369984148795526,109.97292047933007,212.58733521719697,76.45104852631853,351.29639608420257,-257.653634130019,-185.00140496728824,-22.69862430202933,-46.623452305497615,-228.0999244271027,-14.695196293359116,371.2609445217279,15.970960359674974,50.95213217929375,-408.13915548259695,-109.0286215759809,44.07284223041433,-29.277077559145074,65.33441575646653,-230.16283823734193,32.900396843311384,-43.385884175089345,-196.22610403586668,-208.95074369058756,-119.58785236066753
-1063.903846214111,-1200.6532227449582,1035.335943219317,598.5108559063709,-734.9088819674265,167.95848580730004,465.9125980962999,-352.32994550962957,-385.6804644923757,-581.5506717475781,-672.9076801815888,1183.8253463016677,139.38629249164168,575.0854944431198,-89.59264352828478,-68.84324071290266,297.19402666076076,-972.7191752314044,-362.71393271588835,-1334.4601163951427,-25.796532784379643,-249.3576024268732,-1360.6500200648184,149.61865584007276,-501.8269687418989,301.06036499865047,-334.70820272261864,698.4222653896775,-503.5960298811586,-864.9339171804462,-709.0615658917051,-24.735527626140104,449.5503416767168,874.5569684436682,317.2115541148651,1452.374124554745,-1058.1358755791775,-760.9647267391754,-94.42725169138116,-189.1139865870267,-942.8723828858583,-60.123804981964,1529.493156220557,65.54194603321373,206.62365414045007,-1680.1384165812258,-446.2387430953994,180.46688542291724,-123.85789213856503,268.9665821732557,-949.7568170424264,135.48831579269324,-179.6715574073936,-806.600808975086,-862.5428672791261,-494.15610238269113
164.78048825781258,186.77424760967332,-159.59802680299626,-92.80623340125615,114.35238786968296,-27.320354565684,-73.20802588919344,54.859112159957284,59.89034030272665,92.33748633265081,103.42843063720241,-184.02047256028706,-20.693193288982542,-89.59264352828478,15.329020384440115,10.768429662436086,-46.82609099743651,150.70441365882766,57.184145112450636,207.7463463933583,3.2646395792045513,39.04843063227547,209.98297003835435,-22.606015738369113,76.56893435516939,-46.209437769166215,52.01736896041337,-108.1259989816164,78.72581657749572,133.11750839305094,109.0488464303326,4.689109867555749,-68.67936756993463,-135.4214359172796,-49.99892347102397,-227.23211386810664,163.25676739376146,117.79823579678201,14.967025769815033,28.409908991699584,147.46326582224378,9.202748502449644,-237.54249044609216,-10.094077920273635,-31.023844177973686,260.51960013882285,68.34932780355629,-27.67133870329255,20.29183103208325,-41.709784090570736,148.00810565605047,-21.02814996250003,28.209113161076274,124.68550370559699,134.51888301167588,77.23196452199991
127.32902795868979,143.72129054319524,-123.88594635835494,-71.63390691145636,87.97085306771126,-20.14257675994898,-55.79418462518948,42.17699312660818,46.16301871278184,69.67343690076962,80.5095253430516,-141.70182212400044,-16.652616254422714,-68.84324071290266,10.768429662436086,8.24288041739438,-35.59414360676091,116.41801816528627,43.442532869293345,159.74269704744057,3.064051824751337,29.85701246248845,162.81946943195663,-17.888727493525632,60.022594021730676,-36.01818466493065,40.064258093699415,-83.58564509685057,60.294026722373694,103.48856688134626,84.83558235614068,2.988079267069346,-53.771744346401036,-104.66631969128073,-37.99172273977651,-173.89407724821476,126.61778360586933,91.07056997256787,11.311324366631995,22.604508044615283,112.88935669934872,7.191864473901003,-183.07134261945365,-7.842665127734499,-24.69691718907394,201.08943499701692,53.382156443974765,-21.58911672608798,14.858577335539442,-32.19178785917443,113.69670352332508,-16.2161494700015,21.515159867664394,96.52700664176577,103.259410241641,59.16269841634955
-549.4369284238743,-620.3713366220027,534.392221844247,309.1332661218055,-379.7334113275817,87.24049893751308,241.0150830780697,-182.06785248600048,-199.2369408480389,-301.20518219793286,-347.2093060181122,611.6228256076694,71.63784094577741,297.19402666076076,-46.82609099743651,-35.59414360676091,153.7879378241135,-502.36514286180386,-187.70543800445154,-689.5676620746908,-13.041091793514763,-128.94137473729992,-702.3946691347072,77.05074449757585,-258.71768077550325,155.31761111265146,-172.9237123381872,360.6695541628011,-260.35386849811795,-446.35538085498956,-365.88478231940593,-13.105036898169088,231.79766911358007,451.6378781970452,164.15240817280713,750.9335779774436,-546.213786337791,-392.9633526272853,-48.89511701257114,-97.32514865001747,-487.48076796243583,-31.007530841181442,790.1316382920419,33.8270903408042,106.33010222149387,-867.7939707705119,-230.1594985971024,93.09085303753774,-64.3901298390483,138.92322438904162,-490.8354131262957,69.9861541665877,-92.93449992000784,-416.4629644588487,-445.80256878991503,-255.4653843832871
1800.1134013430938,2030.9942180451683,-1752.2366057958739,-1012.6082404904749,1243.1329493068429,-283.38691170190424,-787.6800144722583,595.9633556743997,652.47037187254,982.6000274987616,1139.0365031900476,-2002.6111029281988,-236.3822328806029,-972.7191752314044,150.70441365882766,116.41801816528627,-502.36514286180386,1645.8020439631046,613.0952281956645,2257.2416677458955,44.090918290903275,421.6506909441386,2302.6638746550934,-253.498556361375,849.7902886701735,-509.6469762776432,566.2156242888426,-1181.7488458331597,851.6354296725748,1463.9704720720895,1200.1910824090194,41.3312588330328,-761.2097550337473,-1479.7582068241106,-536.1889446704446,-2456.0077975364093,1790.7347837750171,1287.5786188787704,159.55939037286882,320.5137898592657,1594.4579527107614,101.79575119742502,-2587.485893711481,-110.93229335730618,-350.2000925862023,2842.5939731729777,755.4968326637559,-305.5173538058717,208.89151997209117,-455.0562896101716,1606.423211262691,-229.21687412059063,303.7693420834812,1364.9065231360405,1458.848158857134,835.6811716622947
670.5398380795099,757.1330819238553,-652.1622043536685,-377.27376792420694,463.4474349691339,-106.50325146757659,-294.16723056981357,222.20599627965,243.15634335503228,367.65269265808786,423.7188702267806,-746.4500976728777,-87.40593911698656,-362.71393271588835,57.184145112450636,43.442532869293345,-187.70543800445154,613.0952281956645,229.10596637053334,841.5872100352351,15.898677455447523,157.3721583537145,857.194385855674,-94.02020818485244,315.7122461777199,-189.54128546212115,211.04333068539745,-440.16585607604895,317.75846474869616,544.7182463770853,446.5119717915923,16.015128394875312,-282.86473201426463,-551.1850406998918,-200.35658484122203,-916.5097472933044,666.5911577313277,479.57834622641,59.681496137346194,118.7530542935742,594.9668214041307,37.83763286764996,-964.3060314751056,-41.281274689593054,-129.73961261852315,1059.0749604978616,280.8711167233959,-113.60188026028091,78.610104053266,-169.54598846657964,599.0481861256156,-85.41287891143767,113.42860466934106,508.2518158256135,544.0881270302563,311.7916011189668
2468.846020433494,2786.0918327095287,-2402.635550546165,-1388.8648836896484,1705.3386754484266,-389.61458008669723,-1081.0613755702298,817.568603175851,894.9758482281741,1349.2718760633918,1561.604590756334,-2747.0583115912136,-323.5517553411319,-1334.4601163951427,207.7463463933583,159.74269704744057,-689.5676620746908,2257.2416677458955,841.5872100352351,3096.571369150395,59.94218329428863,578.601030277226,3157.5446865878926,-347.2598877319989,1164.6422320388167,-698.6722927700737,776.6887811926755,-1620.7322891005504,1168.5423501714627,2007.218629054376,1645.5006685281958,57.3061809504928,-1043.309714664528,-2029.460447468788,-736.0119028605777,-3370.0634171218376,2455.530682520731,1765.8669132922369,219.08682473928377,438.9457318528684,2187.830479258654,139.53254619651582,-3549.2008562227015,-152.09954400290636,-479.58848953212396,3898.819766424392,1035.6043886488224,-418.8139477435719,287.2980042445507,-624.145910875976,2203.8630923159885,-314.40363747414824,416.89616375019364,1871.7871676788147,2001.4762314445072,1146.640377696691
48.25148749959442,54.00939336804456,-47.375277207587246,-27.08626251577795,33.04351200288,-6.899881693786408,-20.558163333685467,15.820292682206636,17.40828230223968,25.12877203976255,30.954912981524913,-53.32561763389074,-6.81594690876205,-25.796532784379643,3.2646395792045513,3.064051824751337,-13.041091793514763,44.090918290903275,15.898677455447523,59.94218329428863,1.5739333883351925,11.073769774277734,62.129969511042596,-7.09840483168616,23.394128811177666,-13.88494112968983,15.082901234847622,-31.704210792392953,22.44038823042088,39.69580004316225,32.58566730369613,0.6491796919046319,-20.910940415066037,-39.683615012218745,-13.90997802434217,-64.616547014605,48.338527555547046,34.549510964378655,4.095842367755116,9.06076951234834,41.97963286519354,2.785649116458636,-69.01352245748708,-3.0034330042621944,-9.907984532232797,76.03881702658413,20.660226619865934,-8.338912319095371,5.007044307418641,-12.171254705734311,42.579144820475136,-6.121377247503433,7.939816803395619,36.717067459308524,38.61143299374318,22.030225911498032
461.1697107013056,520.5639243075691,-448.6739831313326,-259.45150807175503,318.63588274207865,-72.99576409653785,-202.1107919743371,152.76682948069543,167.20226683130045,252.41725515940777,291.5687804338716,-513.2486074676053,-60.28699154090148,-249.3576024268732,39.04843063227547,29.85701246248845,-128.94137473729992,421.6506909441386,157.3721583537145,578.601030277226,11.073769774277734,108.15188649126712,589.687321302189,-64.77157908599207,217.3577756642432,-130.4390181120308,145.1117617006261,-302.73629832579957,218.3997242989509,374.7966128553392,307.24154132575944,10.848522521584435,-194.72656004670677,-379.08772057400074,-137.6283509129555,-629.8931617556905,458.57563962101415,329.8439602884288,40.98045638602558,81.84600438766823,408.91440005606455,26.046376502254756,-663.0817524030823,-28.402569167912414,-89.42186874989056,728.3309686617952,193.31818451529222,-78.18554632127498,53.851404543979115,-116.59570539240029,411.8216597565375,-58.73593360023872,77.93754829638432,349.60028666254084,374.0208867158433,214.30270147701086
2518.5961140490676,2841.140713571831,-2452.0670922577438,-1416.7077113187845,1738.9937848702018,-395.7119515702843,-1101.4402015777882,833.654686427131,912.8020717062675,1373.420229033512,1594.1373123766548,-2801.5202379008338,-331.27317206502755,-1360.6500200648184,209.98297003835435,162.81946943195663,-702.3946691347072,2302.6638746550934,857.194385855674,3157.5446865878926,62.129969511042596,589.687321302189,3222.1895958668224,-355.0184332214998,1189.6623839289914,-713.3142707193215,792.1021937800864,-1653.455309836563,1191.1130027791835,2048.800873784227,1679.6961301440306,57.30930369176295,-1065.6065869526526,-2070.399386986036,-749.677501406196,-3434.906494547238,2505.8582948236754,1801.533310260936,223.0427054421396,448.9740870316531,2229.998780528965,142.49216253534016,-3619.847199310978,-155.24142376728142,-490.5677973191245,3976.989434757715,1057.499699399897,-427.62953834028514,291.6001030129091,-636.6534891022386,2247.054052112095,-320.6814055290931,424.78540698648993,1909.831450302086,2040.5648437283903,1168.812544146958
-277.28766113517895,-312.5128623499732,270.23100308862524,155.93662900583928,-191.27092064160706,43.10574669301014,120.89637585429632,-91.68080148692309,-100.44133242802926,-150.41033336629238,-175.78847679397813,308.20148438106577,36.787342172625245,149.61865584007276,-22.606015738369113,-17.888727493525632,77.05074449757585,-253.498556361375,-94.02020818485244,-347.2598877319989,-7.09840483168616,-64.77157908599207,-355.0184332214998,39.286646784994176,-131.38444576141785,78.68142109257802,-87.1454864613196,182.05579600981042,-130.88073910148378,-225.86348729037695,-185.20013826697436,-6.007278268510271,117.65309278145237,227.95451770887277,82.23068215612726,377.36543872735325,-276.10725141326384,-198.36424171729885,-24.435386343985204,-49.739790418684805,-245.01151460001117,-15.725715959743347,398.3024178297184,17.111767153538345,54.353451736533735,-437.74698700089687,-116.69690117919804,47.17864642166185,-31.71307119412673,70.07525685728443,-247.07322382649158,35.29007074061247,-46.63291451148167,-210.35114069524175,-224.3323678410701,-128.43639639812764
929.5129529565048,1048.0285838546727,-905.4408031762911,-522.7808872006544,641.4531534122566,-145.20668254635913,-405.82691867371045,307.4837582221004,336.7781372940428,505.4290188393526,588.838611668185,-1033.5021838608282,-122.82937330236433,-501.8269687418989,76.56893435516939,60.022594021730676,-258.71768077550325,849.7902886701735,315.7122461777199,1164.6422320388167,23.394128811177666,217.3577756642432,1189.6623839289914,-131.38444576141785,439.79505657806385,-263.52344564056335,292.2202131191317,-610.2524510355083,439.1270827556486,756.6674857190545,620.399484996501,20.603624193002492,-393.87724844637637,-764.1205175366999,-276.1208504858125,-1266.2255971414515,925.2124897553985,664.910482825278,82.09676917841952,166.2610743891768,822.0886303977743,52.659350120313455,-1335.5221863766242,-57.33049354995894,-181.67496403246932,1467.5581277662711,390.7683937458243,-157.99945646862267,106.91119584777242,-234.9293917683328,828.71530673735,-118.3227350467549,156.5273974570105,704.9961133289452,752.4984217481352,430.91676402795053
-557.4478165701872,-628.6880078786219,542.8613450297291,313.54429777772464,-384.79834215151874,87.34393635673742,243.592699912323,-184.46287678958168,-202.00362536984534,-303.56896655431916,-352.98091251384943,619.9449602846817,73.48430861501252,301.06036499865047,-46.209437769166215,-36.01818466493065,155.31761111265146,-509.6469762776432,-189.54128546212115,-698.6722927700737,-13.88494112968983,-130.4390181120308,-713.3142707193215,78.68142109257802,-263.52344564056335,157.95718854971656,-175.28628454984297,365.97134592108233,-263.49892145275527,-453.62057452024817,-371.9117017694176,-12.527920213163142,236.026494196975,458.2522869016806,165.76883655396014,759.8382112333192,-554.7425936070889,-398.748670710275,-49.3028969874587,-99.53309961941132,-493.30968065320957,-31.558038413899848,801.0703510596145,34.37107810892764,108.75720711897822,-880.1831237002583,-234.1997436773423,94.69909370039422,-64.33750033938709,140.90264221411994,-497.17992042197784,70.9685175988514,-93.94872172003637,-422.7525450863558,-451.4739608265309,-258.56817530795644
619.2977501324555,698.8238287509693,-602.7376904872317,-348.38299072769166,427.73967721513645,-97.64725347905303,-271.110378515231,205.06536371884883,224.48879554445088,338.3130365053956,391.77311092254746,-689.04104066729235,-81.21740785377554,-334.70820272261864,52.01736896041337,40.064258093699415,-172.9237123381872,566.2156242888426,211.04333068539745,776.6887811926755,15.082901234847622,145.1117617006261,792.1021937800864,-87.1454864613196,292.2202131191317,-175.28628454984297,194.81780968034852,-406.5538940994257,293.075743218507,503.5537391493971,412.8132641748244,14.320383848088667,-261.76911655450425,-509.08088595245175,-184.56827134536996,-845.2147116011037,615.9964163839496,442.9613389683751,54.93310386773748,110.16309998895498,548.7131659897773,35.00792939608646,-890.2552942527304,-38.157927263556616,-120.36466604235244,977.9791652525106,259.8259697848335,-105.07467513627249,71.9954671789191,-156.56023986630004,552.7684347649248,-78.86261027920796,104.55107215739977,469.54383568711927,501.9999815575373,287.5827280639332
-1292.5553184696923,-1458.2896523414415,1258.224372618251,727.0876006115275,-892.5925258183453,203.40691396842428,565.5249874962011,-427.90649363673236,-468.49403455651844,-705.4075431684068,-817.9206238664045,1437.920394721608,169.78996740316,698.4222653896775,-108.1259989816164,-83.58564509685057,360.6695541628011,-1181.7488458331597,-440.16585607604895,-1620.7322891005504,-31.704210792392953,-302.73629832579957,-1653.455309836563,182.05579600981042,-610.2524510355083,365.97134592108233,-406.5538940994257,848.5506917809615,-611.4657835089653,-1051.2454296820931,-861.8378641088857,-29.62389585132398,546.6396624071131,1062.5316728646505,384.954232751937,1763.3788596295822,-1285.8632364864554,-924.5412405805914,-114.55291191326853,-230.19773712740545,-1144.801557983067,-73.10061628631719,1857.8858470267617,79.65569980056715,251.51931033752902,-2041.0840041322617,-542.5233359913989,219.39260825632158,-149.92614411112626,326.7466285977149,-1153.424952812665,164.58696667531765,-218.0970908498625,-980.0743456083538,-1047.4579630858389,-600.0140883176969
931.4591216836955,1051.3445880311533,-906.2974949500648,-524.0237046772138,643.5236102934945,-147.30687982369736,-408.11734520349904,308.52608757668014,337.6972345062372,509.601651769763,588.9815402255765,-1036.5823712850224,-121.8564787330765,-503.5960298811586,78.72581657749572,60.294026722373694,-260.35386849811795,851.6354296725748,317.75846474869616,1168.5423501714627,22.44038823042088,218.3997242989509,1191.1130027791835,-130.88073910148378,439.1270827556486,-263.49892145275527,293.075743218507,-611.4657835089653,441.0471209722734,757.0908119860462,620.6372290270946,21.826059178271027,-393.3983111323534,-765.6768258927663,-277.8932443313099,-1272.019225112624,926.2837686142808,666.2194633132951,82.73881594623893,165.39706580119258,825.7762027299042,52.61752882496824,-1339.214724506906,-57.371740976783165,-180.70777444698888,1471.036650518306,390.53560753208654,-157.9450883612792,108.65778706779912,-235.4930080811223,831.7004902432551,-118.62954521482024,157.37929594082865,706.1392471983331,755.347876013906,432.77565142905644
1601.2684995283303,1806.1205412584661,-1559.1729483172053,-900.6835053367972,1105.4763922222012,-251.23918967036795,-699.9950137123859,529.9417837745916,580.2999803244884,872.5877037583416,1013.7275742682887,-1780.9703699495312,-210.8559644847289,-864.9339171804462,133.11750839305094,103.48856688134626,-446.35538085498956,1463.9704720720895,544.7182463770853,2007.218629054376,39.69580004316225,374.7966128553392,2048.800873784227,-225.86348729037695,756.6674857190545,-453.62057452024817,503.5537391493971,-1051.2454296820931,757.0908119860462,1302.8096552806903,1068.121827012029,36.20724399450415,-677.7425750705744,-1316.3248282332363,-476.3985750844544,-2183.233532895869,1593.339555421466,1145.394028450142,141.71651059858448,285.6827623592121,1417.4064195365597,90.62240946484873,-2301.2495814286526,-98.71349970708874,-312.1529044292729,2528.4061681284534,672.5384857602676,-271.95259678892904,185.09861174907712,-404.75722049456056,1428.3885033160914,-203.871811528255,269.9687477375309,1214.2943524208013,1297.1014454987119,742.9221084525976
1312.755171733128,1480.649156108697,-1278.2875943757504,-738.3933660030639,906.2638593031702,-205.89612048147333,-573.8097619312277,434.4397480006445,475.73452490756773,715.2330893492086,831.1211218225662,-1460.041110364507,-172.91789777730017,-709.0615658917051,109.0488464303326,84.83558235614068,-365.88478231940593,1200.1910824090194,446.5119717915923,1645.5006685281958,32.58566730369613,307.24154132575944,1679.6961301440306,-185.20013826697436,620.399484996501,-371.9117017694176,412.8132641748244,-861.8378641088857,620.6372290270946,1068.121827012029,875.716363973628,29.632715888209564,-555.6846144800688,-1079.154610926956,-390.511474216129,-1789.7295104024658,1306.2930528954673,939.0231873787384,116.16373303410253,234.26205807780437,1161.9370171568537,74.3015608864116,-1886.5776370907865,-80.93011083527156,-255.96880449312425,2072.8267150052757,551.4056908927201,-222.96995525375024,151.68388547705112,-331.8257360953504,1170.9708560299907,-167.13733959696796,221.3044551570412,995.5192059446974,1063.338169545277,609.0242924454145
45.17315688129946,51.4752454572487,-43.49782333767252,-25.478287122528638,31.52380416308105,-7.927058010480374,-20.42009136478531,15.137666308674484,16.468874576807004,26.076018871213847,28.08897862755227,-50.6693670642726,-5.369984148795526,-24.735527626140104,4.689109867555749,2.988079267069346,-13.105036898169088,41.3312588330328,16.015128394875312,57.3061809504928,0.6491796919046319,10.848522521584435,57.30930369176295,-6.007278268510271,20.603624193002492,-12.527920213163142,14.320383848088667,-29.62389585132398,21.826059178271027,36.20724399450415,29.632715888209564,1.5747347302122559,-18.507977001146187,-37.112314456236675,-13.997919248017334,-63.05986474606493,44.541417602971464,32.27088702591577,4.215926398636779,7.491024107405908,40.90503748472091,2.4856746626616624,-65.33660197443041,-2.7490029451946727,-8.174784359744207,71.51681757112459,18.48081706786899,-7.49081376170522,5.934705885482219,-11.451377829954614,40.87896977574237,-5.777741984522414,7.860598022908477,34.099462036705525,37.187668903313465,21.40457899240632
-832.6204455506662,-938.8345090485768,811.0112263935415,468.2928051800295,-574.6243610680623,130.15382010448752,363.5903208244209,-275.4480857058359,-301.68447593861174,-452.88216735836016,-527.4067398417538,925.8143314476838,109.97292047933007,449.5503416767168,-68.67936756993463,-53.771744346401036,231.79766911358007,-761.2097550337473,-282.86473201426463,-1043.309714664528,-20.910940415066037,-194.72656004670677,-1065.6065869526526,117.65309278145237,-393.87724844637637,236.026494196975,-261.76911655450425,546.6396624071131,-393.3983111323534,-677.7425750705744,-555.6846144800688,-18.507977001146187,352.7624096181452,684.4687936341039,247.39298516547248,1134.3788332857764,-828.7323225358105,-595.599138735005,-73.56310613603056,-148.87678524265658,-736.4846302564299,-47.163476576178866,1196.3512108311993,51.34931004264975,162.6775966400666,-1314.6002145432499,-349.9865832401065,141.51337328107886,-95.83620308676566,210.44425258397246,-742.3884827064221,105.99339654175766,-140.23580764531098,-631.4928886546647,-674.1166474095086,-386.0435789342933
-1618.5062019805207,-1826.0497227746685,1575.5014537444722,910.4432872073769,-1117.6912598634237,254.72659483960905,708.1563103843787,-535.8205127583382,-586.6386701662954,-883.34063247771,-1024.1647737378441,1800.540634910769,212.58733521719697,874.5569684436682,-135.4214359172796,-104.66631969128073,451.6378781970452,-1479.7582068241106,-551.1850406998918,-2029.460447468788,-39.683615012218745,-379.08772057400074,-2070.399386986036,227.95451770887277,-764.1205175366999,458.2522869016806,-509.08088595245175,1062.5316728646505,-765.6768258927663,-1316.3248282332363,-1079.154610926956,-37.112314456236675,684.4687936341039,1330.474426918412,482.04714575035666,2208.1043073251335,-1610.1121900718633,-1157.684939835774,-143.4460273994625,-288.2295879415671,-1433.519827898387,-91.53284347382395,2326.4100282113936,99.74228480614234,314.92643198808344,-2555.800241609198,-679.3189719110449,274.7118591790822,-187.75640184173793,409.14476946234697,-1444.3073060729473,206.09190289014109,-273.102980328346,-1227.2197096677696,-1311.6192075244505,-751.3358849194886
-586.4301442000498,-662.1521895109481,570.3629004926825,329.94835810449746,-405.30950971474095,93.13276476186067,257.2571861602166,-194.3292518800022,-212.65484596793763,-321.51392027749915,-370.57514631087537,652.813468563546,76.45104852631853,317.2115541148651,-49.99892347102397,-37.99172273977651,164.15240817280713,-536.1889446704446,-200.35658484122203,-736.0119028605777,-13.90997802434217,-137.6283509129555,-749.677501406196,82.23068215612726,-276.1208504858125,165.76883655396014,-184.56827134536996,384.954232751937,-277.8932443313099,-476.3985750844544,-390.511474216129,-13.997919248017334,247.39298516547248,482.04714575035666,175.21667044461194,801.5249030771755,-582.9835115699512,-419.4220420736466,-52.19327372038757,-103.86732616515508,-520.3222692195596,-33.09391777569856,843.3412155422725,36.103095291534586,113.47709821440108,-926.2270647741217,-245.64560484362005,99.35563655760713,-68.74032859807468,148.27786167649413,-523.8961093912718,74.69994178211016,-99.19734577015791,-444.5003279347142,-475.8309601669951,-272.67617070134634
-2686.2017169159753,-3032.04717159183,2613.5372158092296,1511.2282467395864,-1855.9076422275223,424.99103507231973,1177.0985309872322,-889.7867986286207,-973.8946756694728,-1469.9298957691265,-1698.4350900444524,2989.4541929541556,351.29639608420257,1452.374124554745,-227.23211386810664,-173.89407724821476,750.9335779774436,-2456.0077975364093,-916.5097472933044,-3370.0634171218376,-64.616547014605,-629.8931617556905,-3434.906494547238,377.36543872735325,-1266.2255971414515,759.8382112333192,-845.2147116011037,1763.3788596295822,-1272.019225112624,-2183.233532895869,-1789.7295104024658,-63.05986474606493,1134.3788332857764,2208.1043073251335,801.5249030771755,3668.642798786247,-2671.19168376887,-1921.2793155385766,-238.65439259254654,-476.86276378506574,-2381.6221540479946,-151.72638290628498,3862.203504738562,165.4443955014996,521.0030749018716,-4242.310746838539,-1126.14804191789,455.4541667474025,-313.5046215978743,679.137292491286,-2398.6360643114285,342.117462369173,-453.91264799593034,-2036.3772234503213,-2178.4472653576736,-1248.1612932689566
1958.6647357211095,2209.475198863618,-1906.9476254448325,-1101.7427244067344,1352.367073198607,-307.6990585040218,-856.5361226353998,648.3069592325725,709.8651372648643,1068.012272140112,1239.7528030630199,-2178.6705539190298,-257.653634130019,-1058.1358755791775,163.25676739376146,126.61778360586933,-546.213786337791,1790.7347837750171,666.5911577313277,2455.530682520731,48.338527555547046,458.57563962101415,2505.8582948236754,-276.10725141326384,925.2124897553985,-554.7425936070889,615.9964163839496,-1285.8632364864554,926.2837686142808,1593.339555421466,1306.2930528954673,44.541417602971464,-828.7323225358105,-1610.1121900718633,-582.9835115699512,-2671.19168376887,1948.7795791869478,1401.0202546865062,173.44736580915298,349.1878003724518,1734.1829830539932,110.81832416433515,-2815.0670117521945,-120.72910090128087,-381.5380052550269,3092.821612320969,822.4196197572136,-332.569099584216,226.7392271227279,-495.11151641436373,1747.4625261600925,-249.38824713421423,330.3363805765906,1485.246793232938,1586.880146716623,908.9433934077039
