V1,V2,V3,V4,V5,V6,V7,V8,V9,V10,V11,V12,V13,V14,V15,V16,V17,V18,V19,V20,V21,V22,V23,V24,V25,V26,V27,V28,V29,V30,V31,V32,V33,V34,V35,V36,V37,V38,V39,V40,V41,V42,V43,V44,V45,V46,V47,V48,V49,V50,V51,V52,V53,V54,V55,V56
12.116247988123234,33.02304257265312,-4.505611352334804,-2.4698166895042504,-11.4906098198222,-26.474479633792033,14.915396206486244,21.756753454861904,18.52775480327483,-17.36901506197854,34.38154744414968,30.960110836898547,-5.089422122567338,30.41562573259691,3.75181525207983,-7.6182632708313776,5.398983124192851,-13.27418326497457,29.789028404758607,-3.742605097047861,-14.819362761221914,-23.675750705360254,14.671026149805861,3.9577846130355927,-0.4939638086785576,32.09526598084545,-14.659159216564838,15.24043729881191,15.37835621339186,5.426160539863804,-16.102792222350722,-21.23452025570452,15.790750781716675,4.074796190872314,1.8439284269938092,3.791920844039052,-4.717025430326326,-3.3820934475592175,-21.141066123211246,-24.261425976436843,2.301728827590445,-6.744054366340926,13.974806620215334,5.353460683098137,-15.71389941046687,-11.827146795738892,28.92938373849781,7.3914014213860515,3.084892038201692,8.605392945050474,5.601126915297312,-14.551664899158798,9.59300929093127,-6.811681793834747,7.44034516487,7.070713003345808
33.02304257265312,94.37759318510778,-11.1768207198432,-6.568305397845531,-32.494341894677454,-73.59756694531313,42.65163448525832,62.53864150716891,53.824747475204624,-48.692215840230645,96.92687851075243,87.7373545646172,-12.846855331049811,84.61555631975183,10.451230458318964,-22.498481332117212,16.5589136660279,-36.679464397908,85.08695470816357,-8.714683723775606,-42.57808632458723,-67.24414691202598,39.595957612609055,9.64604527759256,-3.587712540374105,90.29766027108197,-41.9591235451698,45.01750924385239,45.90347595068234,15.733110169383378,-47.80680947435557,-62.003622069404294,44.192596214497506,11.830071899678217,3.6729739751129697,12.241036181834627,-11.257609372748062,-8.70484417942759,-59.40102264086935,-68.32294991450975,4.38139114971309,-22.253257829789174,38.915033378594735,17.362402290792296,-43.09331868748693,-33.15991066158104,80.6591750909853,22.100054090122615,9.278770796507564,25.423993633513764,14.630878435558209,-40.26643422870651,27.203621097353736,-19.667347336715427,22.907247780657652,20.24152508943368
-4.505611352334804,-11.1768207198432,1.9558207649543053,0.9591634859246864,3.976129615932546,9.483721817983557,-5.042504198426378,-7.273713831296398,-6.050075076284108,6.118877891118973,-11.974142009514257,-10.667121365837234,2.151220838120719,-10.87935369182759,-1.3389290608259128,2.395114403080094,-1.5419121044456687,4.810728485002224,-10.094391419404312,1.7681055853399805,4.96008540704452,8.119865994013207,-5.555546524239991,-1.759620827548703,-0.3831510519259552,-11.224410622071616,4.9453524658191625,-4.788791804801711,-4.71190224588228,-1.7792368428298753,4.999478588066901,6.855019078241798,-5.581585319519318,-1.332904233280479,-1.028585987815845,-0.9287112765070632,2.1577119997901772,1.3885669403960976,7.413995919535349,8.468616322625529,-1.3344361590517246,1.5301061183202485,-4.9890788692052315,-1.2916503060425952,5.777972006285535,4.165245623445686,-10.30127010000624,-2.2547196812395685,-0.9273963444139397,-2.7026855999931203,-2.244207241962758,5.260260256977218,-3.300887359804908,2.2551734840703963,-2.102270662154657,-2.38406071837722
-2.4698166895042504,-6.568305397845531,0.9591634859246864,0.5096557272966188,2.298365532242549,5.342312123698736,-2.9656570949633236,-4.313858249265017,-3.6526390422625012,3.4897762765751925,-6.888013370871151,-6.185624233940681,1.0756482154005915,-6.135425858952081,-0.756202792857392,1.4882115095476114,-1.031845717697322,2.686988424480311,-5.926847425425495,0.8180269065043243,2.9388749761382784,4.724587946539258,-3.004815314511458,-0.8493629072682348,0.017329372597887006,-6.436810134403013,2.9132960737552263,-2.976943839578905,-2.9858965438358784,-1.07093672640361,3.136167697493376,4.174328049559727,-3.175533283864121,-0.8035098429165958,-0.42599265168138334,-0.7019108715548312,1.0211561146177548,0.7082384882600622,4.242609270915496,4.863197415489803,-0.5395536815798362,1.230367389748277,-2.817620564311265,-0.9877782975659041,3.192976735773338,2.3762505779003695,-5.829312206576022,-1.4338883605613288,-0.5963379899711441,-1.680702400336435,-1.1652013617514418,2.94323090869492,-1.9158830251503218,1.347336181559906,-1.4188640046260268,-1.405221259576144
-11.4906098198222,-32.494341894677454,3.976129615932546,2.298365532242549,11.21381286701898,25.495135264956772,-14.68318320321822,-21.50511071655279,-18.466190557836676,16.836090247610823,-33.47239924864272,-30.264128709772933,4.550994167962296,-29.307119758014263,-3.6187871356965533,7.691626451824712,-5.616297001901346,12.723406610121168,-29.29917733908685,3.1495924062614176,14.642748362998262,23.183833226595873,-13.80850287887382,-3.4464408992622895,1.0715001227037788,-31.197112760231292,14.441752842643902,-15.38961881860292,-15.657654389777536,-5.399959532947906,16.325547691614414,21.24884890844611,-15.286037693533135,-4.059223719478122,-1.38478599416897,-4.108952880490721,4.043318493416026,3.0694132837549457,20.52852843713834,23.600044904062297,-1.6738371360417708,7.437636841829408,-13.475565829731206,-5.8226924105608875,14.973751584932643,11.465264356712016,-27.923006567470832,-7.535635777042498,-3.15990121029139,-8.691029637846192,-5.141042697038595,13.963228650921803,-9.38224361836821,6.756445644508675,-7.763332982723465,-6.966630438898668
-26.474479633792033,-73.59756694531313,9.483721817983557,5.342312123698736,25.495135264956772,58.32540706521242,-33.25017584440546,-48.60792696447701,-41.579859484729916,38.399205000757675,-76.18725802386591,-68.75541529759836,10.78319504372986,-67.02775790872452,-8.27301612133065,17.21768226513892,-12.403949857645737,29.170471278715,-66.37419351123026,7.689862198216232,33.103281912877605,52.62826067977837,-31.929938587307046,-8.2719120475702,1.8163717892578455,-71.06058679669283,32.69175991997168,-34.446693600191885,-34.91675342027466,-12.167002354665541,36.476519216641826,47.759130874343526,-34.88495082662762,-9.142621786222616,-3.585218186689625,-8.913074896045474,9.780347245405292,7.222623339995838,46.7828273633633,53.737938726740545,-4.4072476175288395,16.011110017196792,-30.808871429841524,-12.61097658311949,34.424351100104325,26.14811334447231,-63.809471226681566,-16.79377877176639,-7.027525605937817,-19.451827801102247,-12.030722890949862,31.99769248550996,-21.31018960258392,15.24715812790502,-17.12198813891116,-15.76888146192023
14.915396206486244,42.65163448525832,-5.042504198426378,-2.9656570949633236,-14.68318320321822,-33.25017584440546,19.27560653989242,28.264888429454032,24.329359689847454,-22.000503141339124,43.79688911825494,39.64693210048065,-5.796801391650828,38.22812156046818,4.721897043388562,-10.171472471451505,7.48928273706994,-16.569871558249233,38.452706489448744,-3.928177289405705,-19.243630026531427,-30.38730658360874,17.88233504562281,4.350407307301207,-1.6326651682665223,40.80048303589923,-18.962760970645984,20.35218328390184,20.75532459694912,7.111303501423878,-21.614656504354397,-28.028119252631445,19.966981385468085,5.347378425914798,1.6517838507753295,5.539416048716311,-5.0757994212431505,-3.929163179368194,-26.839806641455308,-30.871768294010298,1.9686208492695858,-10.072516881190044,17.581442957076987,7.857551141296573,-19.465609100574355,-14.98250594733281,36.441297097349434,9.992610832168264,4.19576830744497,11.494094543493217,6.604993116045818,-18.190822434994303,12.292986375053067,-8.889288797078526,10.360804123405535,9.14771767518121
21.756753454861904,62.53864150716891,-7.273713831296398,-4.313858249265017,-21.50511071655279,-48.60792696447701,28.264888429454032,41.469190328160806,35.73495237525304,-32.19175536353921,64.12382495304315,58.080419530863125,-8.379835288339663,55.88959890813324,6.904419791806087,-14.965303665226916,11.060932438022746,-24.20713785680933,56.378506371338844,-5.619957055877016,-28.23217083044586,-44.52627202814737,26.055673220905152,6.261389588186764,-2.54744282563727,59.723581262888395,-27.808983816156854,29.94481691496831,30.57062163109351,10.44297475443055,-31.81884376812322,-41.189575075384134,29.210846589868716,7.853698886264384,2.3092891230315864,8.22130898904964,-7.285619033259392,-5.69339572487411,-39.28241757754065,-45.1946417654485,2.731534628857927,-14.979172043211967,25.70682445861207,11.666770039079113,-28.413641325025655,-21.92309575742453,53.290193071238036,14.720680647627615,6.184731377406488,16.9119834054407,9.587541629441644,-26.579362081435377,18.00979041540258,-13.048172176724622,15.307632184611503,13.415383228945334
18.52775480327483,53.824747475204624,-6.050075076284108,-3.6526390422625012,-18.466190557836676,-41.579859484729916,24.329359689847454,35.73495237525304,30.86346613646603,-27.58911189947119,55.02442295062264,49.895768847106176,-7.003082134192368,47.81680650630997,5.90869150637661,-12.969532277409701,9.658968133574659,-20.6790834549995,48.517019773404925,-4.5923197621216705,-24.325580451273947,-38.27013141781444,22.137346107978722,5.183997879389191,-2.4609455651171652,51.2255497496335,-23.94205295853486,25.952627468569236,26.551539752630646,9.015821504356134,-27.60516763786405,-35.612324457058136,25.025061804817767,6.781961971444244,1.7902290387500184,7.248811933404048,-5.996673124790698,-4.781164263172273,-33.68280255937205,-38.77194810721838,2.0800005647394957,-13.25911385557009,21.998489141130825,10.29499583252288,-24.230448086254253,-18.789256166866913,45.616156491588136,12.79001030214053,5.37990965775071,14.657904920763123,8.08167308954108,-22.712433248090935,15.474004805553907,-11.254625213439132,13.377615104599258,11.550537689223175
-17.36901506197854,-48.692215840230645,6.118877891118973,3.4897762765751925,16.836090247610823,38.399205000757675,-22.000503141339124,-32.19175536353921,-27.58911189947119,25.318241463881638,-50.283616059915104,-45.42054385158661,6.979037313061537,-44.13429875172846,-5.44855878860615,11.457561964665405,-8.309659050910213,19.18426226458311,-43.908834808201505,4.906427815165121,21.92154370574847,34.78045754385919,-20.91159137763447,-5.3206431442884865,1.400649872763094,-46.88310397197519,21.634750350015103,-22.923537794673777,-23.27936311177475,-8.0703549251439,24.29601114781399,31.717693178284897,-22.994264605382092,-6.065570394972473,-2.225893731725951,-6.0251917236403,6.267596384419607,4.6905073363915095,30.858261209355277,35.46021706344784,-2.7150314037931103,10.865171569010602,-20.289519321454232,-8.531779995291155,22.609123549958444,17.2409723376449,-42.03192292568757,-11.200020015367624,-4.691650454928189,-12.945236979410241,-7.833625257864077,21.048749544268908,-14.079357020581817,10.105770864768527,-11.478210137463646,-10.435882731536527
34.38154744414968,96.92687851075243,-11.974142009514257,-6.888013370871151,-33.47239924864272,-76.18725802386591,43.79688911825494,64.12382495304315,55.02442295062264,-50.283616059915104,99.93334427830368,90.32414165585155,-13.687793799102781,87.57412659013441,10.812784918736149,-22.895015473432778,16.67760568013415,-38.036260413211004,87.39926583588176,-9.527064828062745,-43.6633853739056,-69.18298323718096,41.34466526071242,10.390727977257498,-3.0511544879238,93.15276952531381,-43.07387743535336,45.808178577030716,46.57537582633144,16.092295947007663,-48.57883301473061,-63.295739955229884,45.659063384562884,12.096146666638289,4.237423225110217,12.163194664501962,-12.20830667301365,-9.220211590822402,-61.30270384876212,-70.46416766470597,5.13915022322173,-21.987649165143953,40.26443785097845,17.231745124178925,-44.786127346308135,-34.2423531853293,83.42528922021499,22.412835112776502,9.394940269081966,25.869091447468765,15.42703854364736,-41.73931349970035,28.000497968915727,-20.140543253523926,23.047425884851886,20.7781287554933
30.960110836898547,87.7373545646172,-10.667121365837234,-6.185624233940681,-30.264128709772933,-68.75541529759836,39.64693210048065,58.080419530863125,49.895768847106176,-45.42054385158661,90.32414165585155,81.68542390625248,-12.218800264065953,79.03799354562406,9.76016483160347,-20.797593826404874,15.21035570377385,-34.30317427005215,79.10819611063505,-8.423759252308537,-39.546195956859044,-62.58136896106899,37.189340182995466,9.237720402365765,-2.9815217998750905,84.17681766671929,-38.99655373177002,41.61263434770124,42.35658308875156,14.589412867134689,-44.15320655274353,-57.427451279666116,41.23561135262481,10.967871583798784,3.6743730897013385,11.151658108485199,-10.826637322043387,-8.24889719710838,-55.38764111048985,-63.68101790746411,4.43020677133325,-20.2035520786608,36.34360399903667,15.805955401632875,-40.356660999093094,-30.931127531556015,75.3121621384627,20.38643200661097,8.550842936671984,23.500260669035402,13.825397494968986,-37.64850171388936,25.3242875171511,-18.25117330287292,21.02826211042498,18.81169279613524
-5.089422122567338,-12.846855331049811,2.151220838120719,1.0756482154005915,4.550994167962296,10.78319504372986,-5.796801391650828,-8.379835288339663,-7.003082134192368,6.979037313061537,-13.687793799102781,-12.218800264065953,2.37783241071598,-12.373914308906512,-1.5231496142746683,2.7936078111404083,-1.835804142500045,5.458629190911932,-11.599994518887533,1.920305017101664,5.712434745857646,9.308860988251036,-6.254083548915063,-1.9297711006095772,-0.3177374719971294,-12.820672702294004,5.68776359192203,-5.586509950454141,-5.524984879998569,-2.058058620019712,5.84596713833525,7.952321460185427,-6.362455396724693,-1.5419884813786544,-1.091579200021795,-1.1461949670838827,2.3559554552563506,1.5409728376558092,8.463241694862713,9.676138196354925,-1.4101948208320727,1.9255810925950778,-5.676553188118986,-1.599427698051,6.538679043167203,4.751355619359704,-11.72737647582797,-2.646754247839316,-1.091779967403768,-3.153161689994769,-2.5016285376120764,5.9706763763560735,-3.7817712335100806,2.603080824952599,-2.5094027501545852,-2.7427129892732274
30.41562573259691,84.61555631975183,-10.87935369182759,-6.135425858952081,-29.307119758014263,-67.02775790872452,38.22812156046818,55.88959890813324,47.81680650630997,-44.13429875172846,87.57412659013441,79.03799354562406,-12.373914308906512,77.02956317740505,9.507577379247278,-19.805376769798155,14.27670235092908,-33.51980360865233,76.3101304625112,-8.813187225478808,-38.061794850121714,-60.50096275240733,36.67727606447067,9.487192434097333,-2.1188366215889998,81.67862653876722,-37.586771832315634,39.624024363372904,40.17112021070605,13.991709846049378,-41.96200724205202,-54.92710915403289,40.0941963118667,10.513785070185598,4.0993462253514625,10.267004615301941,-11.213635316568798,-8.290157464715456,-53.77188607111478,-61.768402920026865,5.036259135684366,-18.449585865536385,35.40669471055288,14.527457963550441,-39.552316779444574,-30.053608857960775,73.33397942605713,19.32163807876635,8.086008804423953,22.37549088209616,13.81238693441483,-36.76909234965335,24.49737107870107,-17.532463563925123,19.70841983010245,18.13019282395987
3.75181525207983,10.451230458318964,-1.3389290608259128,-0.756202792857392,-3.6187871356965533,-8.27301612133065,4.721897043388562,6.904419791806087,5.90869150637661,-5.44855878860615,10.812784918736149,9.76016483160347,-1.5231496142746683,9.507577379247278,1.1736296907914907,-2.448455946566608,1.766744336019632,-4.13646482921499,9.425246971723315,-1.082752622394994,-4.7021382458008105,-7.4716164024163225,4.5232808106576305,1.1666624987028762,-0.26814264040154157,10.084324821482136,-4.64272191279377,4.898495601383804,4.967697560021323,1.7287920865446718,-5.1884327436523074,-6.788416856594508,4.949506121844342,1.2992447268358855,0.5017403299063955,1.272359658812833,-1.3782351882128894,-1.021290404764155,-6.6388070701840265,-7.626411697402603,0.6155118590987344,-2.28781707987562,4.370257104968321,1.8007458198043733,-4.8799586861562405,-3.7101753632199945,9.051681286657072,2.3893609538540814,1.0001551940801443,2.7661821026447457,1.7020142418900819,-4.5378173919590985,3.0252167546054696,-2.1661681521930887,2.439056256674763,2.2393356385567227
-7.6182632708313776,-22.498481332117212,2.395114403080094,1.4882115095476114,7.691626451824712,17.21768226513892,-10.171472471451505,-14.965303665226916,-12.969532277409701,11.457561964665405,-22.895015473432778,-20.797593826404874,2.7936078111404083,-19.805376769798155,-2.448455946566608,5.478332263840832,-4.126247754305111,8.544814598395133,-20.2760960484303,1.763632636348106,10.185693856071701,15.96370617552163,-9.069715836420158,-2.035864392507225,1.1999070053918752,-21.29961450608097,10.012715972635823,-10.963075399281845,-11.252112264510751,-3.7863192207909515,11.679375407405274,14.98939448485984,-10.386667235704888,-2.8493481418912427,-0.6226334851317571,-3.1404526300737112,2.3316236204843928,1.9228707365979265,13.999067376159473,16.12663683484043,-0.6965519140350891,5.776687729446708,-9.114672302887927,-4.465560799071087,9.985298530696697,7.803350721105103,-18.908447390657297,-5.422965872184484,-2.2851596254924207,-6.19227827408592,-3.2697504978789076,9.389698785384653,-6.4513284163860005,4.7201164002034695,-5.721099982068888,-4.830742289398217
5.398983124192851,16.5589136660279,-1.5419121044456687,-1.031845717697322,-5.616297001901346,-12.403949857645737,7.48928273706994,11.060932438022746,9.658968133574659,-8.309659050910213,16.67760568013415,15.21035570377385,-1.835804142500045,14.27670235092908,1.766744336019632,-4.126247754305111,3.1834623961402575,-6.1257686998439125,14.917000058818681,-1.0407422498755898,-7.525633277851568,-11.69471722306116,6.3724571630502265,1.282466972885419,-1.165625791822408,15.491031621930617,-7.377684502938464,8.258517026183139,8.53491500897612,2.8160663005096356,-8.827663467327264,-11.202918022658114,7.522978642657173,2.120987069064084,0.25081177323807663,2.4935570587055476,-1.4276843599639992,-1.2902960087184068,-10.170850652979805,-11.737379520956793,0.22751336449539133,-4.638190684449641,6.575417572250808,3.5541179823106437,-7.113390309762284,-5.660003927744475,13.654677577975546,4.118033457896306,1.7418531647239335,4.665291232903693,2.2277455968156485,-6.739080858426907,4.720521088195242,-3.499910681120997,4.424146621429954,3.559942515164252
-13.27418326497457,-36.679464397908,4.810728485002224,2.686988424480311,12.723406610121168,29.170471278715,-16.569871558249233,-24.20713785680933,-20.6790834549995,19.18426226458311,-38.036260413211004,-34.30317427005215,5.458629190911932,-33.51980360865233,-4.13646482921499,8.544814598395133,-6.1257686998439125,14.600376014020405,-33.08187708585159,3.930817665819527,16.4865119375798,26.2495310186481,-16.02905067671034,-4.205434704969131,0.7971710226117241,-35.485963604095154,16.28966216280828,-17.094885328243258,-17.30457103187553,-6.052621711915353,18.090195498123297,23.736520723314364,-17.432356351859,-4.547234242783764,-1.865980623209715,-4.372281591592766,4.984949086948911,3.647164364830899,23.365958130999534,26.83211482196673,-2.305618220537251,7.8314384347648485,-15.4052960771448,-6.182337079977583,17.24650462267883,13.063492747600149,-31.90168744049487,-8.321215021634972,-3.4793612535432503,-9.653107801216931,-6.064179397854884,16.012392200695217,-10.631038379226721,7.588865090101214,-8.451692282734811,-7.8572843509773
29.789028404758607,85.08695470816357,-10.094391419404312,-5.926847425425495,-29.29917733908685,-66.37419351123026,38.452706489448744,56.378506371338844,48.517019773404925,-43.908834808201505,87.39926583588176,79.10819611063505,-11.599994518887533,76.3101304625112,9.425246971723315,-20.2760960484303,14.917000058818681,-33.08187708585159,76.71140096065747,-7.877575771634439,-38.384299734071824,-60.628959199051344,35.722543957661046,8.713925061297587,-3.2117209313669153,81.42363332666409,-37.82794683991906,40.5706145176488,41.36421645965958,14.18195845102062,-43.08193620207794,-55.88611843846035,39.85204512116814,10.663574700817215,3.328148860763022,11.021298590375226,-10.172697422706795,-7.858010994763808,-53.564206705311314,-61.60780205533058,3.973111453033612,-20.031396308045686,35.09493062280489,15.631615272472153,-38.87020323383894,-29.902334896949426,72.74015515214963,19.91426680915533,8.360512572788299,22.912522300086106,13.205034214317049,-36.31642056698524,24.527896505911563,-17.72917668151402,20.635001272681933,18.2485665563719
-3.742605097047861,-8.714683723775606,1.7681055853399805,0.8180269065043243,3.1495924062614176,7.689862198216232,-3.928177289405705,-5.619957055877016,-4.5923197621216705,4.906427815165121,-9.527064828062745,-8.423759252308537,1.920305017101664,-8.813187225478808,-1.082752622394994,1.763632636348106,-1.0407422498755898,3.930817665819527,-7.877575771634439,1.6620362332358711,3.83514302891491,6.391135110007895,-4.665418333061358,-1.6102081090600027,-0.610015530918067,-8.956106961692415,3.8467472693627625,-3.524818527868568,-3.3944869334029395,-1.3550390204347622,3.64260489940598,5.1565234658449555,-4.485941212048232,-1.0128591105614324,-1.0303995883586152,-0.5232763126818666,2.000468683748397,1.2201098378484974,5.926452999553803,6.748173003206202,-1.3547238548911336,0.7668373154375251,-4.036508337172772,-0.7120187451295787,4.764898192041774,3.339412369263131,-8.320845420119783,-1.6184284930298558,-0.6569531311914395,-1.9885250933909593,-1.9467621730285494,4.290439985585804,-2.6041279028908155,1.7297578275577714,-1.4041139689394575,-1.8540433715910851
-14.819362761221914,-42.57808632458723,4.96008540704452,2.9388749761382784,14.642748362998262,33.103281912877605,-19.243630026531427,-28.23217083044586,-24.325580451273947,21.92154370574847,-43.6633853739056,-39.546195956859044,5.712434745857646,-38.061794850121714,-4.7021382458008105,10.185693856071701,-7.525633277851568,16.4865119375798,-38.384299734071824,3.83514302891491,19.220821346124236,30.316850343691016,-17.749835745376426,-4.269923884920757,1.7247008276031532,-40.66799718417773,18.932915284637257,-20.38086371052163,-20.80506993605059,-7.108775871251921,21.65569243098616,28.03763272463156,-19.891866849956926,-5.346382295482532,-1.579581936737279,-5.591221949225167,4.969698758878843,3.880835093961365,26.749536315247735,30.774555390253187,-1.8693931715061345,10.185416452715312,-17.50658835150208,-7.934461081526695,19.352986387612003,14.928758435862093,-36.29018607336417,-10.01787556520392,-4.208780433734897,-11.510531578722462,-6.533701242705154,18.102266352685792,-12.262654119535881,8.88280355087416,-10.414426072552473,-9.13323057936728
-23.675750705360254,-67.24414691202598,8.119865994013207,4.724587946539258,23.183833226595873,52.62826067977837,-30.38730658360874,-44.52627202814737,-38.27013141781444,34.78045754385919,-69.18298323718096,-62.58136896106899,9.308860988251036,-60.50096275240733,-7.4716164024163225,15.96370617552163,-11.69471722306116,26.2495310186481,-60.628959199051344,6.391135110007895,30.316850343691016,47.95027262018571,-28.426229718156527,-7.025153383469754,2.3566016101184175,-64.46839025749608,29.890086832718413,-31.94102631312412,-32.52750099320064,-11.189066800137086,33.89901380476818,44.05731292603557,-31.57331951127942,-8.412196281808315,-2.763779372049095,-8.59310701168563,8.224585516518404,6.290737108971423,42.41721050245562,48.773530240781696,-3.323221163021199,15.582564184505715,-27.821065776967735,-12.182082065653091,30.87075854975166,23.685355250222425,-57.6547209193981,-15.65672469917677,-6.568813308049116,-18.038505287242987,-10.550953798047548,28.81153716434057,-19.402252552677282,13.994788796187699,-16.170522181772068,-14.418794619021492
14.671026149805861,39.595957612609055,-5.555546524239991,-3.004815314511458,-13.80850287887382,-31.929938587307046,17.88233504562281,26.055673220905152,22.137346107978722,-20.91159137763447,41.34466526071242,37.189340182995466,-6.254083548915063,36.67727606447067,4.5232808106576305,-9.069715836420158,6.3724571630502265,-16.02905067671034,35.722543957661046,-4.665418333061358,-17.749835745376426,-28.426229718156527,17.800387557351673,4.894096045155114,-0.3971547328809431,38.611856793488876,-17.57125953926456,18.142990783830154,18.26486335332863,6.485784429872667,-19.148573177199683,-25.343795462981582,19.017946619201396,4.869627443400787,2.354610629447847,4.421063537550024,-5.854463005203702,-4.14206346799444,-25.44111858974824,-29.181863431554508,2.9567165384464857,-7.819997754749307,16.84836622195775,6.235091581573963,-19.004623493122185,-14.238805375604155,34.86805402764232,8.77498927497546,3.657622900735479,10.24386670018235,6.839640647096242,-17.56726613265178,11.521707546129644,-8.14977625822758,8.773655148760435,8.474671037492257
3.9577846130355927,9.64604527759256,-1.759620827548703,-0.8493629072682348,-3.4464408992622895,-8.2719120475702,4.350407307301207,6.261389588186764,5.183997879389191,-5.3206431442884865,10.390727977257498,9.237720402365765,-1.9297711006095772,9.487192434097333,1.1666624987028762,-2.035864392507225,1.282466972885419,-4.205434704969131,8.713925061297587,-1.6102081090600027,-4.269923884920757,-7.025153383469754,4.894096045155114,1.5905241002414237,0.4234757771711129,9.747739229424136,-4.265180891209472,4.0704309993303776,3.982385617001325,1.5261452041179489,-4.237580145333877,-5.859014207694324,4.856778170376488,1.142082684452398,0.9552551081264464,0.7412879182347608,-1.9579700859779978,-1.2386318530952334,-6.441100953360919,-7.351481109947212,1.2455267816681668,-1.1925908416829523,4.349228647770074,1.0255621601676779,-5.063847416330792,-3.622032742840392,8.977098180851954,1.9043912831229042,0.7804560388860909,2.296976452437453,1.9953130776616819,-4.595270977616595,2.857574956567582,-1.9375001958885134,1.7445741766860559,2.056515879862365
-0.4939638086785576,-3.587712540374105,-0.3831510519259552,0.017329372597887006,1.0715001227037788,1.8163717892578455,-1.6326651682665223,-2.54744282563727,-2.4609455651171652,1.400649872763094,-3.0511544879238,-2.9815217998750905,-0.3177374719971294,-2.1188366215889998,-0.26814264040154157,1.1999070053918752,-1.165625791822408,0.7971710226117241,-3.2117209313669153,-0.610015530918067,1.7247008276031532,2.3566016101184175,-0.3971547328809431,0.4234757771711129,1.1699179440835363,-2.753939798173211,1.62548185019478,-2.405304509175496,-2.6720365060905213,-0.7053574531546425,2.664953846003924,2.981737532243984,-1.2350335709931926,-0.5370860293572601,0.6192501660663481,-1.1319216547859638,-0.6273347883811822,-0.12607076328232375,1.7735507285803984,2.11497114279342,0.8767270953521099,2.26030248304952,-0.9927963687893359,-1.6387605470463311,0.7754913264248158,0.9559065029478612,-2.1076809888253885,-1.3037360077624156,-0.5721789329752622,-1.3607764765190864,0.09791803378209533,0.902488045257814,-0.932961658108746,0.8424425883539864,-1.6515363205565994,-0.7858971144885459
32.09526598084545,90.29766027108197,-11.224410622071616,-6.436810134403013,-31.197112760231292,-71.06058679669283,40.80048303589923,59.723581262888395,51.2255497496335,-46.88310397197519,93.15276952531381,84.17681766671929,-12.820672702294004,81.67862653876722,10.084324821482136,-21.29961450608097,15.491031621930617,-35.485963604095154,81.42363332666409,-8.956106961692415,-40.66799718417773,-64.46839025749608,38.611856793488876,9.747739229424136,-2.753939798173211,86.83981812566127,-40.125277064125505,42.615727480434515,43.31049889651017,14.982487372651056,-45.18373788297842,-58.91319029892921,42.57437341524286,11.261363467616832,4.012622749699979,11.274208932191103,-11.463716250973093,-8.62875980976376,-57.151485142138775,-65.68616120615407,4.877030100807912,-20.36268157808369,37.55227176780421,15.969372972317677,-41.796925527570245,-31.926479136610368,77.8016005187448,20.840216129960254,8.733586789115217,24.066026179529043,14.427956135063235,-38.9384203416804,26.09410166377961,-18.75493368435916,21.404237298190914,19.35561638689785
-14.659159216564838,-41.9591235451698,4.9453524658191625,2.9132960737552263,14.441752842643902,32.69175991997168,-18.962760970645984,-27.808983816156854,-23.94205295853486,21.634750350015103,-43.07387743535336,-38.99655373177002,5.68776359192203,-37.586771832315634,-4.64272191279377,10.012715972635823,-7.377684502938464,16.28966216280828,-37.82794683991906,3.8467472693627625,18.932915284637257,29.890086832718413,-17.57125953926456,-4.265180891209472,1.62548185019478,-40.125277064125505,18.655418045295868,-20.03467878347612,-20.43548550013322,-6.99789026708486,21.279354881462805,27.58452058968122,-19.634410630218355,-5.26210833967453,-1.6106601864977734,-5.461867458161728,4.9738517622260225,3.856670500587365,26.394773831518187,30.36139072557664,-1.9171841451949234,9.935236616204374,-17.286840426990384,-7.748021977202163,19.133380943138757,14.733528343678882,-35.83181680966291,-9.839055543917759,-4.131704961579659,-11.31481589538046,-6.485470745980635,17.8835377688868,-12.09144099382782,8.746674412380958,-10.207243862425887,-8.99958530890809
15.24043729881191,45.01750924385239,-4.788791804801711,-2.976943839578905,-15.38961881860292,-34.446693600191885,20.35218328390184,29.94481691496831,25.952627468569236,-22.923537794673777,45.808178577030716,41.61263434770124,-5.586509950454141,39.624024363372904,4.898495601383804,-10.963075399281845,8.258517026183139,-17.094885328243258,40.5706145176488,-3.524818527868568,-20.38086371052163,-31.94102631312412,18.142990783830154,4.0704309993303776,-2.405304509175496,42.615727480434515,-20.03467878347612,21.939076275557923,22.5182427698891,7.576600207573706,-23.372794183919066,-29.994910342843472,20.780863377481186,5.701579990633886,1.2424818380799192,6.286527834140154,-4.661107577299162,-3.845386106478171,-28.008649469677362,-32.26582690616354,1.3893417943942998,-11.564461005441155,18.23555003021563,8.939083725654351,-19.975997898683154,-15.612511923349333,37.83021946224813,10.852878079293532,4.573292462985231,12.391857119310687,6.539650364662924,-18.7850983266917,12.908052755937764,-9.44488403860264,11.450815217292625,9.666062122478174
15.37835621339186,45.90347595068234,-4.71190224588228,-2.9858965438358784,-15.657654389777536,-34.91675342027466,20.75532459694912,30.57062163109351,26.551539752630646,-23.27936311177475,46.57537582633144,42.35658308875156,-5.524984879998569,40.17112021070605,4.967697560021323,-11.252112264510751,8.53491500897612,-17.30457103187553,41.36421645965958,-3.3944869334029395,-20.80506993605059,-32.52750099320064,18.26486335332863,3.982385617001325,-2.6720365060905213,43.31049889651017,-20.43548550013322,22.5182427698891,23.15861502829113,7.748383633151776,-24.013178437942287,-30.718298552646797,21.095528498432902,5.832523340905659,1.10610614457449,6.551915351041592,-4.528376174465424,-3.8244077873021576,-28.457449824455963,-32.79871192680634,1.1951418237114666,-12.092712201072564,18.491257275138192,9.323347532730205,-20.186113005276795,-15.855146456637318,38.37098852214095,11.164835726835559,4.709978460048862,12.719499262910933,6.529618227426378,-19.021863266329383,13.140749558905336,-9.651017038596041,11.84175661962347,9.859582927488779
5.426160539863804,15.733110169383378,-1.7792368428298753,-1.07093672640361,-5.399959532947906,-12.167002354665541,7.111303501423878,10.44297475443055,9.015821504356134,-8.0703549251439,16.092295947007663,14.589412867134689,-2.058058620019712,13.991709846049378,1.7287920865446718,-3.7863192207909515,2.8160663005096356,-6.052621711915353,14.18195845102062,-1.3550390204347622,-7.108775871251921,-11.189066800137086,6.485784429872667,1.5261452041179489,-0.7053574531546425,14.982487372651056,-6.99789026708486,7.576600207573706,7.748383633151776,2.633933614177839,-8.057415088379088,-10.400945369241162,7.320857849210003,1.981132086178944,0.5334562354536324,2.1097650043058036,-1.7672912279797552,-1.4035972817382658,-9.851960106415943,-11.339567037576671,0.6221343056886618,-3.856377235304926,6.436757830990716,2.9957939331279158,-7.094253847665118,-5.496252928947925,13.346790477975729,3.73229761420412,1.5695554738942552,4.279183781936408,2.3710998083382573,-6.647242175947467,4.524408261288589,-3.288423950345124,3.8998033826354632,3.3761044816429515
-16.102792222350722,-47.80680947435557,4.999478588066901,3.136167697493376,16.325547691614414,36.476519216641826,-21.614656504354397,-31.81884376812322,-27.60516763786405,24.29601114781399,-48.57883301473061,-44.15320655274353,5.84596713833525,-41.96200724205202,-5.1884327436523074,11.679375407405274,-8.827663467327264,18.090195498123297,-43.08193620207794,3.64260489940598,21.65569243098616,33.89901380476818,-19.148573177199683,-4.237580145333877,2.664953846003924,-45.18373788297842,21.279354881462805,-23.372794183919066,-24.013178437942287,-8.057415088379088,24.91224182857615,31.92080314266917,-22.0209895523063,-6.064419103757232,-1.2385511364257806,-6.747577535763352,4.8364432180761785,4.035142544237615,29.692718621689934,34.21370750886931,-1.3636752270239032,12.432863173060978,-19.31347767223411,-9.598370831556696,21.121507853894528,16.547311985564928,-40.071285717040865,-11.574891268043523,-4.880254922295694,-13.2019358838037,-6.874975778930759,19.882280935860962,-13.697169687315066,10.04038839492646,-12.243700785974257,-10.266501989975442
-21.23452025570452,-62.003622069404294,6.855019078241798,4.174328049559727,21.24884890844611,47.759130874343526,-28.028119252631445,-41.189575075384134,-35.612324457058136,31.717693178284897,-63.295739955229884,-57.427451279666116,7.952321460185427,-54.92710915403289,-6.788416856594508,14.98939448485984,-11.202918022658114,23.736520723314364,-55.88611843846035,5.1565234658449555,28.03763272463156,44.05731292603557,-25.343795462981582,-5.859014207694324,2.981737532243984,-58.91319029892921,27.58452058968122,-29.994910342843472,-30.718298552646797,-10.400945369241162,31.92080314266917,41.11300215922772,-28.764643935194606,-7.825118733742652,-1.954721500797533,-8.44517919825393,6.7574768395008,5.44312445314393,38.73265064264956,44.595242631462504,-2.2477535565993816,15.475284578045406,-25.27222643039751,-11.999028409400845,27.789899520183297,21.601116182595632,-52.41122643340337,-14.799320551155105,-6.228689700562406,-16.941318511268292,-9.216902653893538,26.074865393916202,-17.811109086153557,12.978414735119108,-15.521162811218433,-13.30780787666078
15.790750781716675,44.192596214497506,-5.581585319519318,-3.175533283864121,-15.286037693533135,-34.88495082662762,19.966981385468085,29.210846589868716,25.025061804817767,-22.994264605382092,45.659063384562884,41.23561135262481,-6.362455396724693,40.0941963118667,4.949506121844342,-10.386667235704888,7.522978642657173,-17.432356351859,39.85204512116814,-4.485941212048232,-19.891866849956926,-31.57331951127942,19.017946619201396,4.856778170376488,-1.2350335709931926,42.57437341524286,-19.634410630218355,20.780863377481186,21.095528498432902,7.320857849210003,-22.0209895523063,-28.764643935194606,20.88490644254024,5.501929339640546,2.0466741086025757,5.445011797229589,-5.725517000723458,-4.272934586525743,-28.023476056325197,-32.20015215245669,2.5006893471132967,-9.81146149210912,18.43157310744481,7.708893504577112,-20.549992159206525,-15.658394406787885,38.18143223539982,10.148818497469579,4.250380395154772,11.735148168713385,7.1325831428372055,-19.12549026979846,12.78178524576832,-9.168537480916973,10.390234900502467,9.471004597784335
4.074796190872314,11.830071899678217,-1.332904233280479,-0.8035098429165958,-4.059223719478122,-9.142621786222616,5.347378425914798,7.853698886264384,6.781961971444244,-6.065570394972473,12.096146666638289,10.967871583798784,-1.5419884813786544,10.513785070185598,1.2992447268358855,-2.8493481418912427,2.120987069064084,-4.547234242783764,10.663574700817215,-1.0128591105614324,-5.346382295482532,-8.412196281808315,4.869627443400787,1.142082684452398,-0.5370860293572601,11.261363467616832,-5.26210833967453,5.701579990633886,5.832523340905659,1.981132086178944,-6.064419103757232,-7.825118733742652,5.501929339640546,1.4903696414268808,0.3963941212358785,1.5908368449615022,-1.3216590649967968,-1.0526998160982204,-7.405097376490625,-8.52353757653625,0.46095952185435707,-2.9092100441385527,4.836860406350164,2.2594085841537868,-5.328803782759904,-4.130808131123897,10.02930637452721,2.809371285526873,1.1816842047422111,3.2202234595321664,1.7787236238283437,-4.994455968800262,3.4014510314258137,-2.473354988368743,2.9373040892562723,2.5385187357854213
1.8439284269938092,3.6729739751129697,-1.028585987815845,-0.42599265168138334,-1.38478599416897,-3.585218186689625,1.6517838507753295,2.3092891230315864,1.7902290387500184,-2.225893731725951,4.237423225110217,3.6743730897013385,-1.091579200021795,4.0993462253514625,0.5017403299063955,-0.6226334851317571,0.25081177323807663,-1.865980623209715,3.328148860763022,-1.0303995883586152,-1.579581936737279,-2.763779372049095,2.354610629447847,0.9552551081264464,0.6192501660663481,4.012622749699979,-1.6106601864977734,1.2424818380799192,1.10610614457449,0.5334562354536324,-1.2385511364257806,-1.954721500797533,2.0466741086025757,0.3963941212358785,0.7003593795324078,-0.012918332697596895,-1.212615557317426,-0.6745881735355991,-2.6678825324932207,-3.0133067372750664,0.9364879022045575,0.17211655043923188,1.8718129775067467,-0.042483020376816054,-2.310606061166462,-1.5142362735251913,3.8426741483721543,0.5196390730269612,0.20005291214995768,0.6999835133025589,1.049770697773692,-2.0286864871430725,1.1330973466277372,-0.6959061524439988,0.31813140492056535,0.7755390322504633
3.791920844039052,12.241036181834627,-0.9287112765070632,-0.7019108715548312,-4.108952880490721,-8.913074896045474,5.539416048716311,8.22130898904964,7.248811933404048,-6.0251917236403,12.163194664501962,11.151658108485199,-1.1461949670838827,10.267004615301941,1.272359658812833,-3.1404526300737112,2.4935570587055476,-4.372281591592766,11.021298590375226,-0.5232763126818666,-5.591221949225167,-8.59310701168563,4.421063537550024,0.7412879182347608,-1.1319216547859638,11.274208932191103,-5.461867458161728,6.286527834140154,6.551915351041592,2.1097650043058036,-6.747577535763352,-8.44517919825393,5.445011797229589,1.5908368449615022,-0.012918332697596895,2.017697737486667,-0.7793041573140361,-0.834481575224461,-7.392180157983112,-8.550747358970247,-0.10463419189314843,-3.798719237448722,4.733642768741268,2.883481446180266,-5.032983618060378,-4.104467534683715,9.843369755832724,3.1654272886382206,1.3450673583953505,3.5518996588647163,1.4758534881542764,-4.817702014291423,3.4632025826130395,-2.6121150853204846,3.474599165994043,2.635878143467177
-4.717025430326326,-11.257609372748062,2.1577119997901772,1.0211561146177548,4.043318493416026,9.780347245405292,-5.0757994212431505,-7.285619033259392,-5.996673124790698,6.267596384419607,-12.20830667301365,-10.826637322043387,2.3559554552563506,-11.213635316568798,-1.3782351882128894,2.3316236204843928,-1.4276843599639992,4.984949086948911,-10.172697422706795,2.000468683748397,4.969698758878843,8.224585516518404,-5.854463005203702,-1.9579700859779978,-0.6273347883811822,-11.463716250973093,4.9738517622260225,-4.661107577299162,-4.528376174465424,-1.7672912279797552,4.8364432180761785,6.7574768395008,-5.725517000723458,-1.3216590649967968,-1.212615557317426,-0.7793041573140361,2.42094668042381,1.5044646758797446,7.579669951570483,8.64183596747652,-1.587972491676557,1.2097300939255067,-5.138527038026607,-1.0709169257395468,6.020980370575266,4.266406222843521,-10.600319534627966,-2.162843421911445,-0.8825947053727347,-2.6299579076337394,-2.4129251254202924,5.443959285857716,-3.3480349858715734,2.2490038797139933,-1.9354728548404554,-2.3979593932816594
