V1,V2,V3,V4,V5,V6,V7,V8,V9,V10,V11,V12,V13,V14,V15,V16,V17,V18,V19,V20,V21,V22,V23,V24,V25,V26,V27,V28,V29,V30,V31,V32,V33,V34,V35,V36,V37,V38,V39,V40,V41,V42,V43,V44,V45,V46,V47,V48,V49,V50,V51,V52,V53,V54,V55,V56
6.293039555063024,0.38180752760139075,2.658950711924878,0.10988635505178825,-5.299723419250543,-2.144433786405888,-4.230792708850424,-1.6136426796460954,0.8379979750141606,3.408954160833458,0.5273191440856871,-1.6910734463552812,0.1707266518274638,0.7344329746345385,1.3708968008084195,-0.9852345660175365,0.992412563957603,-2.6349531628999188,-1.8645811048883816,2.00515159945792,-4.363527600450568,-0.17751982669157737,-0.18309502700768004,-3.8770662339958095,2.3785967930412593,-2.1382930561854345,-3.1097879041120966,-0.639948950391236,-0.6134918072788305,0.8436137238952299,-2.1310734855006768,-1.242046111974512,-2.4580757302498877,-3.6716149366959967,1.1803222423167365,2.3751928634503003,-1.386799710595208,-2.554318328062133,0.06331835033160091,1.519032610855213,0.8592036849285934,-2.472049056257733,2.554879009050572,-2.683336457785107,0.3584224667726375,-1.4925466507456613,2.4576821818807844,1.9796459945298628,-3.099888509768303,-0.9729750789908603,2.0073611934733315,-1.9722210578806834,0.33547184809477765,-2.212413218846911,-3.902202501023075,2.443572680650942
0.38180752760139075,0.03394491722138851,0.1779311345650531,0.00944598191612024,-0.30079546649799316,-0.12931282268192038,-0.29038237045818394,-0.09376515600041009,0.008052642286378248,0.2262988244321323,-7.273023054250635e-4,-0.11842826719329133,0.0012790848778588592,0.04035450502407707,0.11530786475013337,-0.055907103133034576,0.07222810243236623,-0.16661789725698917,-0.09584380393827145,0.15485867915712168,-0.29608674359800297,-0.04768743241803766,-0.013468885505807625,-0.23690259469131345,0.19363181288245732,-0.1382541876430884,-0.19943550872300825,-0.02810677645416458,-0.05476846375619312,0.08217983272401973,-0.15136950558127046,-0.08838731057221644,-0.16270873497826935,-0.22427899670442758,0.06052821421595209,0.13629016536367025,-0.08399619235793132,-0.14743324031912952,-0.004528605690850814,0.12460454858154006,0.0789991132244004,-0.1824454265542382,0.12438491990361453,-0.14010231394099518,0.029085784546256977,-0.11357281448590412,0.18473911991101571,0.1571790582497279,-0.21692129106151595,-0.04597932364309068,0.14207303412490124,-0.14762796776709075,0.01949804710878184,-0.14425600182731615,-0.25434617346215826,0.14617650409925914
2.658950711924878,0.1779311345650531,1.1545776305580961,0.07709679492978125,-2.259429703635163,-0.8558075568201133,-1.7730958566742259,-0.732662187695701,0.44821603355803175,1.4288800102218262,0.20091282108318465,-0.7343274317101378,0.05298709368936003,0.32769033340236015,0.6005017725102386,-0.4003498730669809,0.44278525849135164,-1.0850959660659083,-0.8266899813831134,0.9219591866783907,-1.7860953869863063,-0.0015458637390195046,-0.13657419023818093,-1.7055634325419649,0.9653530144731104,-0.9108150878020751,-1.324132791715615,-0.2696592392171593,-0.24710609071125753,0.3371904952929486,-0.9032210714385747,-0.4559117738124261,-0.9479769878905109,-1.5488510975004288,0.47031720911169544,1.0673494386575697,-0.5528339403396917,-1.1363733524603985,0.024592693478365263,0.6186826341398926,0.3426684050514016,-1.070001945114098,1.127648886923433,-1.1876412660634592,0.05019639074010841,-0.6381991476098936,1.038312430913637,0.8265922563259824,-1.3158415423080563,-0.41049298924894495,0.8240056441435071,-0.8319151130731266,0.15969094437551684,-0.9085125541709067,-1.6532662608125062,1.1171182388103147
0.10988635505178825,0.00944598191612024,0.07709679492978125,0.12888012220865297,-0.33674488148926845,0.19748737419753698,0.23527978118611284,-0.3010918900387012,0.7697039826751413,-0.13396070530661222,0.13734817279542075,-0.011630827947226778,-0.0240068017163048,0.12590859043305788,-0.10281625908756031,0.03150660472406179,0.04418903213821509,0.13714239409348825,-0.3415019472151113,0.15636341327860528,0.4224957612622824,0.6112106120707641,-0.2698644396468764,-0.3784302576250837,-0.4991884152888603,-0.011848894735997352,-0.026502264730148314,-0.08399166026722135,0.1721732063826342,-0.29798504727369934,0.10650812776296952,0.40067388015515226,0.48736575559954193,-0.04137536207199545,-0.03643804673370647,0.4023834286194541,0.13325252123136958,-0.3716966485694411,0.050311692674434284,-0.3151206885770785,-0.2736374483382531,0.0657598022456692,0.49291661205129145,-0.46617682113194,-0.530593744633295,0.10154626291752124,-0.2111398372040036,-0.2763364863714094,0.12217652208084469,-0.10688483983602597,-0.2248989296061912,0.1713151830084774,0.09784395710190745,0.15842660910946268,0.03556598216344388,0.46257742894724113
-5.299723419250543,-0.30079546649799316,-2.259429703635163,-0.33674488148926845,4.996455733989616,1.3434561839009052,2.8698184177379624,1.9085475784137738,-2.3025334042237606,-2.4409870168436614,-0.7770813890287178,1.3502202272162929,-0.11254611921223241,-0.852296106757116,-0.825746053522615,0.7428558209235608,-0.8596248662637099,1.8405501207913788,2.223071057827411,-1.8476985610396843,2.612657570078389,-1.1547897822363067,0.6756385663911528,3.8753011303583986,-0.8141818039835126,1.7296499630452284,2.5377934672999154,0.7089939441289942,0.11237422997772624,-0.016810744913807345,1.4568509323318113,0.17934520402430457,0.9887469925190729,3.0434119961418107,-0.9082253272882448,-2.7327967186925384,0.8569732342799892,2.8161405527386343,-0.1709599251173409,-0.5248942184788201,-0.08757745825895087,1.7875122864948354,-3.1123459441285735,3.143970658028854,0.7773258701742057,0.9486662606490632,-1.4807984790005801,-0.9623524619259619,2.1918039580667297,1.0288571088841,-1.1272554340274719,1.1860766292908225,-0.4664424378979602,1.449263885457263,3.03842562151666,-2.8930181779832864
-2.144433786405888,-0.12931282268192038,-0.8558075568201133,0.19748737419753698,1.3434561839009052,1.1674687066834228,2.029906113556387,0.040614627965170715,1.1362417235394286,-1.5292939152387623,0.07190661978092835,0.6162662209308638,-0.10458402453853835,-0.0382779295219084,-0.7153646041626875,0.42475662743400133,-0.2928619802581392,1.2413178289517632,0.054091406662022806,-0.47123168647660924,2.427289548356607,1.2176978725318197,-0.4327153202604332,0.7441662952364544,-1.8359780581947907,0.7793454079423853,1.1154868942720426,0.0781795886429552,0.556348346425841,-0.8814873123987159,1.0024900969091282,1.2139873387478113,1.8294270107357298,1.2939626243593387,-0.5040435674996332,-0.13497977244880138,0.7653642023118749,0.25897570952416543,0.07337451621678366,-1.166061510942119,-0.8401972086618972,1.0581485799566317,-0.02460200142315067,0.12551427895804446,-1.123549956315718,0.7553753892307854,-1.324217796939902,-1.2678376343811837,1.3958920655764488,0.1592663198938731,-1.1759277420020726,1.0661970459254217,0.057176562986159765,1.1242866812707044,1.5298929848195029,-0.051058562348484736
-4.230792708850424,-0.29038237045818394,-1.7730958566742259,0.23527978118611284,2.8698184177379624,2.029906113556387,3.7503514947197725,0.38220916197393073,1.498573165441316,-2.852504899228709,0.09161575803066037,1.2413189766815043,-0.14854673028753348,-0.19317974699216284,-1.3627474273526754,0.7703553067368785,-0.6452559652934573,2.2578973201905255,0.4102236941945144,-1.1677421460210853,4.306930257748336,1.8054814425486343,-0.5391464213964822,1.8303483917450385,-3.1466802975806285,1.5341240618789724,2.2016639765264032,0.20660800536031257,0.9390520024568874,-1.4715511160771109,1.8777459237153333,1.9474344856222259,3.0385418895356593,2.5315428453671096,-0.8949547247112848,-0.658809732276642,1.3281643297393637,0.8654364638338213,0.11280889161330193,-2.003906354312999,-1.406068548037101,2.058645322137419,-0.47338179468939956,0.6625312330302889,-1.620108181591667,1.4113936060161607,-2.4266002698619826,-2.2534228375360383,2.636859447899087,0.37833796800359093,-2.0801713342671073,1.9492758048158374,0.0091391706764750065,2.0214858729967813,2.9506870974591113,-0.5777400492917875
-1.6136426796460954,-0.09376515600041009,-0.732662187695701,-0.3010918900387012,1.9085475784137738,0.040614627965170715,0.38220916197393073,1.0101023261039679,-1.894280162248759,-0.4358150453973009,-0.44426967394894507,0.37967392893092144,0.006167994158019984,-0.4377412248443626,-0.046378632005437494,0.15055928637106275,-0.30156673022075997,0.27170329001670634,1.164869633994039,-0.746135517390669,0.006782976630477351,-1.3226497826262416,0.6236474055444011,1.6669592104314035,0.6102073735437821,0.4850122612488373,0.7270611693753845,0.33233798377692203,-0.2562779186773659,0.4916410194077061,0.2136329862801265,-0.6105601476014173,-0.5335980513172206,0.890695625279992,-0.18917576034453798,-1.3998458343573656,0.013949177918937659,1.3721492934893225,-0.13094546699544185,0.38264337495661843,0.4314193096402608,0.3668223390079784,-1.6569771277089451,1.6195524337333187,1.0803617894098907,0.08396188719487079,-0.04522747757772768,0.20216912090452746,0.3849261639362525,0.45680835791008834,0.06876661590601112,0.03263476892409113,-0.2865253968703584,0.13022055137591684,0.7588101696089261,-1.5399091520865542
0.8379979750141606,0.008052642286378248,0.44821603355803175,0.7697039826751413,-2.3025334042237606,1.1362417235394286,1.498573165441316,-1.894280162248759,4.931651443539675,-0.8279685092169717,1.0290806229219762,-0.028295686905122824,-0.0905938270182806,0.8073736122745325,-0.763365740004304,0.14304612988983617,0.22920456368921352,0.7982573656071252,-2.218431760697234,0.8194376038731382,2.619594963207821,3.9086750679020312,-1.6301435485779785,-2.3925303085991243,-3.237665113144696,-0.08324483855706485,-0.18645181590426882,-0.586768349687235,1.125556295869767,-1.9569072878923912,0.7108021079334523,2.4701373975371976,2.9665429754677173,-0.3427008281040345,-0.1282475209820225,2.5501278737016437,0.7702744412362857,-2.3673184240743446,0.35349090542880673,-2.050628348651285,-1.7855359620369327,0.5116081489881091,3.2302719125882637,-3.027591174310526,-3.251355276003398,0.703377050368146,-1.411412845585116,-1.828524355888177,0.8168961116194957,-0.7469742577485132,-1.4231706907528558,1.1412733774602704,0.6078698446121055,0.956516245068871,0.20752019544943304,2.885175802372065
3.408954160833458,0.2262988244321323,1.4288800102218262,-0.13396070530661222,-2.4409870168436614,-1.5292939152387623,-2.852504899228709,-0.4358150453973009,-0.8279685092169717,2.19395207085784,0.011772222713165446,-0.9791993820331071,0.11483579190750692,0.2107248817683649,1.0130238235871958,-0.6017351331762424,0.5219459077347289,-1.7302787258749572,-0.4860146162881258,0.9688199097684251,-3.2171898983016662,-1.1438001834900837,0.3149159276769209,-1.6153003114416589,2.2478255939865845,-1.2172540895591906,-1.7521030335382166,-0.2084533328543701,-0.6587264338638275,1.0172758157423656,-1.4292160829032658,-1.3657671196379362,-2.1953963789653486,-2.0280461828540153,0.7045544511456824,0.7018482334671712,-0.9985158499186605,-0.8526590234379596,-0.06157742120707692,1.431845562417805,0.9787477476036897,-1.5821861507343074,0.6113349800297625,-0.7440051925572261,1.0545648342785356,-1.0600731467309505,1.8096291226923542,1.643230081090521,-2.0202674135628267,-0.35683821777469393,1.5409924707321823,-1.4537500722890089,0.03519868742341624,-1.5305023676572744,-2.315804746024148,0.6588119634061554
0.5273191440856871,-7.273023054250635e-4,0.20091282108318465,0.13734817279542075,-0.7770813890287178,0.07190661978092835,0.09161575803066037,-0.44426967394894507,1.0290806229219762,0.011772222713165446,0.29133313987760634,-0.06980618210303281,0.015233611120886672,0.19784029786478666,-0.12866047866707817,-0.042683758705806527,0.07244545819132131,-2.3484745480681536e-4,-0.5477697333783297,0.1892293154383632,0.2778663125848391,0.7721955133022216,-0.29612417036889593,-0.6555376092862596,-0.5491982316753256,-0.12338294466073821,-0.19489809596140137,-0.1679816118498636,0.20469052880689592,-0.37039821104769916,0.050112885807303366,0.39610869217749867,0.41282728756401327,-0.27801442934667175,0.07388074342754272,0.6154903362422408,0.05369172170033287,-0.593015783840554,0.0862828132175523,-0.34992237120734865,-0.32934154934657006,0.01830272774946225,0.8006011342877046,-0.7537717923927213,-0.5752389581890065,0.08931719541480816,-0.18701477538306152,-0.29336096587202387,0.026674141487610346,-0.22200503878606004,-0.18033499247927848,0.15011740273337623,0.1304884087590263,0.06101103308258445,-0.1564253502832899,0.6659765921054732
-1.6910734463552812,-0.11842826719329133,-0.7343274317101378,-0.011630827947226778,1.3502202272162929,0.6162662209308638,1.2413189766815043,0.37967392893092144,-0.028295686905122824,-0.9791993820331071,-0.06980618210303281,0.48191110388476893,-0.03672319207372472,-0.17128023304845982,-0.43840436172936204,0.2674190036073152,-0.2798542665262344,0.7503649507533044,0.42132575314741644,-0.5680845767365109,1.3073863545767173,0.21052228955106114,0.006031689948935419,0.990404350467955,-0.8080049157719009,0.5917252265780732,0.8564280765014924,0.14287132120127552,0.22341036264157643,-0.3280322455043238,0.6312481276580271,0.4272110322528804,0.7738241508476006,0.9927803178304067,-0.3106922350260117,-0.563377698911017,0.39995482839793306,0.6177814761493594,0.004308528363417482,-0.5168051213377814,-0.32156212995524397,0.7324683233704764,-0.562112205028835,0.6137233678342017,-0.2012052784282351,0.4583480236525688,-0.758435630897822,-0.6423814814403054,0.9074017768833669,0.2262609080808738,-0.6158142215135008,0.608420696703283,-0.07268593587502617,0.6438883143998362,1.0935614306785528,-0.580356466498663
0.1707266518274638,0.0012790848778588592,0.05298709368936003,-0.0240068017163048,-0.11254611921223241,-0.10458402453853835,-0.14854673028753348,0.006167994158019984,-0.0905938270182806,0.11483579190750692,0.015233611120886672,-0.03672319207372472,0.01712477948086666,0.0011883728623676888,0.03667148034932354,-0.039293528459979896,0.012254851746048212,-0.10184111125279463,-0.003909989871491497,0.004373736396392582,-0.1907603151866623,-0.0954851622827514,0.048865351309840155,-0.043174843725910864,0.13101002100514733,-0.05629404247002799,-0.08136973243493395,-0.011692450548060573,-0.03839664745426715,0.05938514550528568,-0.06834595919235675,-0.10577427531256138,-0.15933876736617267,-0.10286967762860898,0.051843775098656675,2.4364026257918216e-4,-0.06845367676819315,-0.01149727006213521,-0.0012381313802363695,0.08219385688778622,0.05843455745159889,-0.06259872053922533,0.006058241557535107,-0.008918047288893637,0.108613734493561,-0.04711505463166628,0.08808822163528027,0.08499761899977586,-0.09564473074626413,-0.019126550302666166,0.08902230079099714,-0.07143665295793393,-0.00813760222772236,-0.09058417766657399,-0.11210079991325933,-0.014021229366209186
0.7344329746345385,0.04035450502407707,0.32769033340236015,0.12590859043305788,-0.852296106757116,-0.0382779295219084,-0.19317974699216284,-0.4377412248443626,0.8073736122745325,0.2107248817683649,0.19784029786478666,-0.17128023304845982,0.0011883728623676888,0.19060839281001732,0.02537447359913522,-0.07334247610457147,0.13264381209420245,-0.13765820371447068,-0.5077730572110359,0.3230529966653598,-0.038684847582331025,0.5578790276554618,-0.2610957344774527,-0.7324554950532897,-0.2421640841503807,-0.2211991626617066,-0.3311048586998097,-0.14723683113404043,0.10475877903254162,-0.20368031132140438,-0.1049649128303208,0.24515152650218147,0.20119447505378849,-0.4069853533098035,0.09304966770534015,0.60849369243854,-0.01952491312746391,-0.5986507730162158,0.05710689884099697,-0.15192915937803939,-0.17750517707542857,-0.1697603938674553,0.7226838175212013,-0.7065343837839938,-0.44829807236773606,-0.04442584197128937,0.034862988576487244,-0.07324209311756828,-0.1843282466421598,-0.20296757699552703,-0.013488027797153714,-0.026636855117011197,0.12288211309387298,-0.07375135080883191,-0.35064031639989623,0.6662345352811679
1.3708968008084195,0.11530786475013337,0.6005017725102386,-0.10281625908756031,-0.825746053522615,-0.7153646041626875,-1.3627474273526754,-0.046378632005437494,-0.763365740004304,1.0130238235871958,-0.12866047866707817,-0.43840436172936204,0.03667148034932354,0.02537447359913522,0.5399903334690697,-0.25406197233762046,0.22714537068523522,-0.7915886910861247,-0.0190662831968705,0.4149117399986226,-1.5851608780503275,-0.8160466287430512,0.23718181918100587,-0.517453437067639,1.257099042350969,-0.5211783838436316,-0.7428184101159886,-0.02692314495399047,-0.38618312891288986,0.6192603567482432,-0.689607259334027,-0.7644815758068153,-1.1462333150820514,-0.8293032357742738,0.28146261397952493,0.10625478018339637,-0.469920586614006,-0.18239686046724432,-0.06594334917678463,0.801980052806565,0.5838371471951834,-0.7606078314756498,-0.022622451412025978,-0.06206178053563502,0.6757534545287592,-0.5362397965407811,0.9234197022467993,0.8842378906689868,-0.9577737643027675,-0.07295870298214124,0.7806847100039722,-0.7403409676457714,-0.027849454091850464,-0.7255814433654221,-1.0178418492450598,0.07642310727194218
-0.9852345660175365,-0.055907103133034576,-0.4003498730669809,0.03150660472406179,0.7428558209235608,0.42475662743400133,0.7703553067368785,0.15055928637106275,0.14304612988983617,-0.6017351331762424,-0.042683758705806527,0.2674190036073152,-0.039293528459979896,-0.07334247610457147,-0.25406197233762046,0.1736742655816586,-0.14204547209720506,0.48000045108675143,0.17970319473219565,-0.25939397951214893,0.8634826229794821,0.2502946109048184,-0.07275770264976318,0.48913715411931813,-0.5638536266994773,0.34215314283630743,0.4945237303464309,0.075455902169269215,0.16058637699539674,-0.2421511619406659,0.38219860121890464,0.35068860882546565,0.5817361147678864,0.5830057223903186,-0.2092863383895845,-0.23748926776425855,0.2766768292122563,0.27823821170551116,0.0065063112203104225,-0.3584516771024597,-0.23654818995002766,0.4197104673377534,-0.23856281532205975,0.2675659599145265,-0.25710979787050586,0.27590301557238145,-0.4714546353237272,-0.41776088241684495,0.5444013351519811,0.12178589468300062,-0.40725463263666206,0.379243016228665,-0.017965311931747947,0.4182173880498092,0.6455466329811014,-0.22441135163946407
0.992412563957603,0.07222810243236623,0.44278525849135164,0.04418903213821509,-0.8596248662637099,-0.2928619802581392,-0.6452559652934573,-0.30156673022075997,0.22920456368921352,0.5219459077347289,0.07244545819132131,-0.2798542665262344,0.012254851746048212,0.13264381209420245,0.22714537068523522,-0.14204547209720506,0.1746449901732878,-0.3880996950703018,-0.33359165191886403,0.3743432974085632,-0.6272305874989856,0.048267574658861064,-0.08183526137842792,-0.6715891262251299,0.3258713667361844,-0.34166846795541445,-0.4969470792363754,-0.10335507331016584,-0.08090868558598131,0.10723962429766999,-0.3324280460847734,-0.13010795522159327,-0.3019574431406239,-0.5764468952650225,0.16329264549121356,0.43434501372265916,-0.1888298852763699,-0.4565496247150868,0.01039727687641193,0.20981153129411692,0.11001236653998571,-0.40388141578712966,0.4546741612086812,-0.47787834329139384,-0.03695216573050571,-0.23571897352992802,0.3778616637964993,0.29304778520824903,-0.48638932058689516,-0.15627594073870058,0.28890044611100435,-0.30187679867816086,0.06942971378797443,-0.32258866379231393,-0.6143920262422018,0.46219675212238387
-2.6349531628999188,-0.16661789725698917,-1.0850959660659083,0.13714239409348825,1.8405501207913788,1.2413178289517632,2.2578973201905255,0.27170329001670634,0.7982573656071252,-1.7302787258749572,-2.3484745480681536e-4,0.7503649507533044,-0.10184111125279463,-0.13765820371447068,-0.7915886910861247,0.48000045108675143,-0.3880996950703018,1.3783879625573694,0.31099325117418697,-0.6952472830986601,2.589143695166711,1.0111030748671086,-0.3116724071757316,1.1700056261115437,-1.8374068789218676,0.9411097665224808,1.3534443417394773,0.15045111008753115,0.542418608345858,-0.8423376922679556,1.125022051795319,1.1518097162866805,1.8196901140028052,1.5721118296841028,-0.5668000316875828,-0.45797995003003095,0.8111889364082036,0.5827648353326087,0.05399751147693974,-1.1689880997220274,-0.8093584977775721,1.227227220001805,-0.38241324722671366,0.48662317157822904,-0.9438592998214665,0.835045001285429,-1.4368388677130597,-1.3215356271246699,1.5851525623830498,0.2627297027655619,-1.2417861139974056,1.1553467893797618,-0.004814889127740704,1.224974123474384,1.8035626534157208,-0.4060546673997757
-1.8645811048883816,-0.09584380393827145,-0.8266899813831134,-0.3415019472151113,2.223071057827411,0.054091406662022806,0.4102236941945144,1.164869633994039,-2.218431760697234,-0.4860146162881258,-0.5477697333783297,0.42132575314741644,-0.003909989871491497,-0.5077730572110359,-0.0190662831968705,0.17970319473219565,-0.33359165191886403,0.31099325117418697,1.358341930459951,-0.8209452189080817,-0.015148735756044246,-1.5553520957000067,0.7108450150915827,1.9165004045100476,0.7482433409479342,0.5510475945265035,0.8280632952898792,0.3943429734844225,-0.31157674216912085,0.5959420721063079,0.22518822411411832,-0.7096585530993941,-0.6183982646398773,1.0279285005154934,-0.2331661264559846,-1.6171883631956918,0.020357384658265545,1.5856868323538043,-0.15963079940573496,0.4708773420528444,0.522425169096837,0.3892669339573197,-1.9385878372809153,1.8869844543887804,1.2429258191555237,0.07391816279765781,-0.017463526822241227,0.2683229821915895,0.41603927830316206,0.5408323268876544,0.0958411531850124,0.010951948724577311,-0.3295930743306246,0.14377586274642823,0.8594196544622129,-1.7711205846589981
2.00515159945792,0.15485867915712168,0.9219591866783907,0.15636341327860528,-1.8476985610396843,-0.47123168647660924,-1.1677421460210853,-0.746135517390669,0.8194376038731382,0.9688199097684251,0.1892293154383632,-0.5680845767365109,0.004373736396392582,0.3230529966653598,0.4149117399986226,-0.25939397951214893,0.3743432974085632,-0.6952472830986601,-0.8209452189080817,0.8419900010312042,-1.0343249728758388,0.3870639164224127,-0.3032041430345863,-1.5177758137922648,0.41536780468836154,-0.6827645087741991,-0.996579360211807,-0.23834696035700867,-0.08214488984283265,0.07774402737512696,-0.6135826758232987,-0.05560569920823619,-0.348271964035929,-1.1538597325398614,0.29364966087907834,1.0568995941762804,-0.3008132582615212,-1.0845361267753106,0.040254104828846164,0.271244700893417,0.09238709706533264,-0.7828951414503932,1.1273008897154915,-1.164935649905156,-0.34440614380742807,-0.42723242751265905,0.6576009263861452,0.45871166073356945,-0.9124297835166348,-0.3532046020525205,0.4653123570520774,-0.5243949994948034,0.1865843815375005,-0.5574183316846135,-1.2009397796711987,1.147816958228557
-4.363527600450568,-0.29608674359800297,-1.7860953869863063,0.4224957612622824,2.612657570078389,2.427289548356607,4.306930257748336,0.006782976630477351,2.619594963207821,-3.2171898983016662,0.2778663125848391,1.3073863545767173,-0.1907603151866623,-0.038684847582331025,-1.5851608780503275,0.8634826229794821,-0.6272305874989856,2.589143695166711,-0.015148735756044246,-1.0343249728758388,5.151808734924635,2.7346508068714637,-0.9346384142568631,1.4477219816507265,-4.014402648097813,1.6183013058137679,2.3098248891639437,0.10889404162071553,1.228944026188768,-1.9624618913658536,2.1418329367495463,2.60831703138941,3.8871895800440073,2.6429680971653506,-1.0042010090007207,-0.16702917329839836,1.5932640845941044,0.4280082645254431,0.18673771026095015,-2.5526937629910997,-1.8600594104113752,2.279448478532051,0.14886359413611697,0.08785445850030792,-2.4329594813157334,1.6382132528400446,-2.86425065496285,-2.7671004935414985,2.9709784823648246,0.26261041282631076,-2.515949612585653,2.304138859758852,0.14021821829824432,2.364471410853897,3.1917808038434634,-4.955028582408858e-4
-0.17751982669157737,-0.04768743241803766,-0.0015458637390195046,0.6112106120707641,-1.1547897822363067,1.2176978725318197,1.8054814425486343,-1.3226497826262416,3.9086750679020312,-1.1438001834900837,0.7721955133022216,0.21052228955106114,-0.0954851622827514,0.5578790276554618,-0.8160466287430512,0.2502946109048184,0.048267574658861064,1.0111030748671086,-1.5553520957000067,0.3870639164224127,2.7346508068714637,3.214318119863227,-1.301590569221759,-1.4183722603147886,-2.970917222068316,0.22633588758322618,0.27566729708724735,-0.39217818141774136,1.003601181319992,-1.7148091249699888,0.8740484257599782,2.1834115144442703,2.7536108520836,0.22313635590339603,-0.26307571289959136,1.7532884710612229,0.8165657293593214,-1.5798592291018223,0.28066309164010594,-1.883657038482518,-1.5769149325992036,0.7605122691844528,2.287126173443744,-2.103124555382699,-2.6976383536335335,0.780837760016313,-1.4922321489877042,-1.7663363704844413,1.0943511913162085,-0.478088567618888,-1.436488616806388,1.2038440086202251,0.44910381299221114,1.0832749236631025,0.7052057261831067,2.015894454140677
-0.18309502700768004,-0.013468885505807625,-0.13657419023818093,-0.2698644396468764,0.6756385663911528,-0.4327153202604332,-0.5391464213964822,0.6236474055444011,-1.6301435485779785,0.3149159276769209,-0.29612417036889593,0.006031689948935419,0.048865351309840155,-0.2610957344774527,0.23718181918100587,-0.07275770264976318,-0.08183526137842792,-0.3116724071757316,0.7108450150915827,-0.3032041430345863,-0.9346384142568631,-1.301590569221759,0.5668523120238762,0.7671024103333731,1.0864700442884494,0.0058780538195578064,0.02866529052670565,0.17572507453860173,-0.37344912711451644,0.6445944893379201,-0.24818056715523726,-0.8583965867285136,-1.0508328101962134,0.05846588512439973,0.0825407244461992,-0.83249281594511515,-0.2915387304974869,0.7663813236769085,-0.10831612882838315,0.6864379022306627,0.5919044600026415,-0.1682350374472438,-1.0291248162137323,0.9691976302730981,1.1237004706900477,-0.2331492435629099,0.4754127250557757,0.6097961989045119,-0.29083856186138757,0.22184156045904693,0.49636788176339786,-0.3855702761674085,-0.20401553856713592,-0.3541003928573639,-0.11094566127217954,-0.9567966482692083
-3.8770662339958095,-0.23690259469131345,-1.7055634325419649,-0.3784302576250837,3.8753011303583986,0.7441662952364544,1.8303483917450385,1.6669592104314035,-2.3925303085991243,-1.6153003114416589,-0.6555376092862596,0.990404350467955,-0.043174843725910864,-0.7324554950532897,-0.517453437067639,0.48913715411931813,-0.6715891262251299,1.1700056261115437,1.9165004045100476,-1.5177758137922648,1.4477219816507265,-1.4183722603147886,0.7671024103333731,3.151688004198807,-0.11271612035843623,1.2505748882637255,1.8423156070644215,0.5783373139268841,-0.0799740844157256,0.26378026396962545,0.9491463909700597,-0.27914299129933184,0.20455076211867104,2.2053469808312176,-0.5923886436173604,-2.354177158467236,0.4674412588871413,2.3812842928674764,-0.16391647721247987,-0.0805262282253645,0.19310229362408965,1.239768993385052,-2.690585832509376,2.6947547299289085,1.1022671220432112,0.5949349112735183,-0.8725616810927352,-0.43778089174262896,1.462583229555651,0.8266919299112849,-0.5881811739563471,0.6960030725359746,-0.433142551341688,0.8738559783384415,2.1408604473278467,-2.5386056103052717
2.3785967930412593,0.19363181288245732,0.9653530144731104,-0.4991884152888603,-0.8141818039835126,-1.8359780581947907,-3.1466802975806285,0.6102073735437821,-3.237665113144696,2.2478255939865845,-0.5491982316753256,-0.8080049157719009,0.13101002100514733,-0.2421640841503807,1.257099042350969,-0.5638536266994773,0.3258713667361844,-1.8374068789218676,0.7482433409479342,0.41536780468836154,-4.014402648097813,-2.970917222068316,1.0864700442884494,-0.11271612035843623,3.550955104392392,-0.9685585134813444,-1.3586353563854026,0.13854429346923122,-1.1338308984832979,1.8666627014493817,-1.561512154303462,-2.3954407600005334,-3.331345982341691,-1.496131012373205,0.6330085496542113,-0.7291220859961424,-1.2136849541250543,0.5116187915451719,-0.23953019649686705,2.257058157680904,1.7434519957102583,-1.5971005004744878,-1.1743681103006474,0.9535826873921573,2.53099262489807,-1.2549176708868732,2.2459821199181773,2.3227321822448523,-2.1092459945762294,0.10076756589178941,2.0141094154936825,-1.8070940817350998,-0.2813573221019767,-1.757295340171958,-2.029972483230055,-0.9291350760649694
-2.1382930561854345,-0.1382541876430884,-0.9108150878020751,-0.011848894735997352,1.7296499630452284,0.7793454079423853,1.5341240618789724,0.4850122612488373,-0.08324483855706485,-1.2172540895591906,-0.12338294466073821,0.5917252265780732,-0.05629404247002799,-0.2211991626617066,-0.5211783838436316,0.34215314283630743,-0.34166846795541445,0.9411097665224808,0.5510475945265035,-0.6827645087741991,1.6183013058137679,0.22633588758322618,0.0058780538195578064,1.2505748882637255,-0.9685585134813444,0.7394822755341741,1.0720618211937358,0.19249401194738097,0.26335983066801794,-0.3815006593974628,0.7742486335984925,0.5256012294758762,0.9628084013758788,1.253906087194355,-0.40399540563913555,-0.7213887554260732,0.5055804844565622,0.7899188011439991,-0.003683752243646173,-0.6185487457216168,-0.378139574265829,0.8913083809264246,-0.7438831590388916,0.8005623954860387,-0.24559941249740605,0.5545172549424334,-0.9210631602760078,-0.7721450757763394,1.1163922730670146,0.2997309675440278,-0.75604030195501,0.7388049572893384,-0.09316931778057788,0.8035150022499609,1.3634216566287478,-0.7364515666475167
-3.1097879041120966,-0.19943550872300825,-1.324132791715615,-0.026502264730148314,2.5377934672999154,1.1154868942720426,2.2016639765264032,0.7270611693753845,-0.18645181590426882,-1.7521030335382166,-0.19489809596140137,0.8564280765014924,-0.08136973243493395,-0.3311048586998097,-0.7428184101159886,0.4945237303464309,-0.4969470792363754,1.3534443417394773,0.8280632952898792,-0.996579360211807,2.3098248891639437,0.27566729708724735,0.02866529052670565,1.8423156070644215,-1.3586353563854026,1.0720618211937358,1.5552024878335307,0.28740352482920845,0.36593897282502746,-0.5255096016698231,1.1111807184660114,0.7297140820373862,1.357148973314376,1.8215984144819422,-0.5850198654039908,-1.0782235524802704,0.7232061354765061,1.1752510901498878,-0.010577124726765199,-0.8677778292978688,-0.5232032045726451,1.282328432242673,-1.1215192782241739,1.2003671907987632,-0.3146564664970778,0.7926866846477413,-1.313939638942844,-1.0927192639107257,1.6051130407566683,0.44501684231792443,-1.0760472675795878,1.0538415149868772,-0.14272657416961984,1.1517484535314249,1.971858641847301,-1.1036481367278754
-0.639948950391236,-0.02810677645416458,-0.2696592392171593,-0.08399166026722135,0.7089939441289942,0.0781795886429552,0.20660800536031257,0.33233798377692203,-0.586768349687235,-0.2084533328543701,-0.1679816118498636,0.14287132120127552,-0.011692450548060573,-0.14723683113404043,-0.02692314495399047,0.075455902169269215,-0.10335507331016584,0.15045111008753115,0.3943429734844225,-0.23834696035700867,0.10889404162071553,-0.39217818141774136,0.17572507453860173,0.5783373139268841,0.13854429346923122,0.19249401194738097,0.28740352482920845,0.12108629454824149,-0.06735570869887508,0.13704782829860757,0.10523052657740614,-0.14163035762615683,-0.08332158069491698,0.35806017229105086,-0.09844499719745042,-0.46671673916512174,0.046871351950227645,0.46438943674118355,-0.04555294594475173,0.08737398053335367,0.11620523547400871,0.1488392129283655,-0.5634131325086413,0.5500048575177011,0.29357148284488355,0.04883219802458085,-0.05694857247343241,0.02749497759801359,0.17649560011203352,0.16765975833786317,-0.02498661742291566,0.04509393524557711,-0.09024172331861177,0.09554241176391498,0.314388970797889,-0.5023033006824749
-0.6134918072788305,-0.05476846375619312,-0.24710609071125753,0.1721732063826342,0.11237422997772624,0.556348346425841,0.9390520024568874,-0.2562779186773659,1.125556295869767,-0.6587264338638275,0.20469052880689592,0.22341036264157643,-0.03839664745426715,0.10475877903254162,-0.38618312891288986,0.16058637699539674,-0.08090868558598131,0.542418608345858,-0.31157674216912085,-0.08214488984283265,1.228944026188768,1.003601181319992,-0.37344912711451644,-0.0799740844157256,-1.1338308984832979,0.26335983066801794,0.36593897282502746,-0.06735570869887508,0.3666999083554314,-0.6088318705244391,0.46556072868848114,0.7743875044324825,1.0543457118686907,0.3947334312616808,-0.17758498705259118,0.32008953463425477,0.36870444472105146,-0.2518931505499889,0.08372411467786545,-0.7205694759341918,-0.5662411214024159,0.46799501360211915,0.47804818049939785,-0.40657918984225117,-0.8468759160643594,0.3813072414136335,-0.6883648534424437,-0.7291294448819027,0.6220163527958011,-0.0647611216372688,-0.6225505486406906,0.5540868974406331,0.10562906136378059,0.5283339286026704,0.5698485120360289,0.3893780357995087
0.8436137238952299,0.08217983272401973,0.3371904952929486,-0.29798504727369934,-0.016810744913807345,-0.8814873123987159,-1.4715511160771109,0.4916410194077061,-1.9569072878923912,1.0172758157423656,-0.37039821104769916,-0.3280322455043238,0.05938514550528568,-0.20368031132140438,0.6192603567482432,-0.2421511619406659,0.10723962429766999,-0.8423376922679556,0.5959420721063079,0.07774402737512696,-1.9624618913658536,-1.7148091249699888,0.6445944893379201,0.26378026396962545,1.8666627014493817,-0.3815006593974628,-0.5255096016698231,0.13704782829860757,-0.6088318705244391,1.0169737113750095,-0.7287189020693516,-1.2854812448260675,-1.7245910961980504,-0.5553511339072479,0.2639936095122864,-0.6260820363261177,-0.5854255892352453,0.5151987214378211,-0.14604868908524357,1.1861308989173371,0.9433514607558612,-0.7227025198766279,-0.9044874131913779,0.7856964544096907,1.4378375967465125,-0.605513950068838,1.1006820100615402,1.1860574081971407,-0.9653385410967315,0.14401894385906638,1.0010705003002252,-0.8858376878269639,-0.19172311438727727,-0.8325863365349035,-0.8486652140453244,-0.7465272577037357
-2.1310734855006768,-0.15136950558127046,-0.9032210714385747,0.10650812776296952,1.4568509323318113,1.0024900969091282,1.8777459237153333,0.2136329862801265,0.7108021079334523,-1.4292160829032658,0.050112885807303366,0.6312481276580271,-0.06834595919235675,-0.1049649128303208,-0.689607259334027,0.38219860121890464,-0.3324280460847734,1.125022051795319,0.22518822411411832,-0.6135826758232987,2.1418329367495463,0.8740484257599782,-0.24818056715523726,0.9491463909700597,-1.561512154303462,0.7742486335984925,1.1111807184660114,0.10523052657740614,0.46556072868848114,-0.7287189020693516,0.9437613520725634,0.9512150548072835,1.4921114277071348,1.2737996004606205,-0.44127281520772765,-0.3587032091322441,0.6556883116173858,0.46001503797168936,0.05651812338718663,-0.9951072483870848,-0.695713999793792,1.042462104235734,-0.2625388738713088,0.3589973756883154,-0.774158493934461,0.7107040532231138,-1.2167308943726611,-1.125634811464545,1.3263142437048459,0.19246408273856067,-1.0353208255417157,0.9773136521821335,-0.0026664081413211417,1.005977961881579,1.4856791123214257,-0.32561222616112745
-1.242046111974512,-0.08838731057221644,-0.4559117738124261,0.40067388015515226,0.17934520402430457,1.2139873387478113,1.9474344856222259,-0.6105601476014173,2.4701373975371976,-1.3657671196379362,0.39610869217749867,0.4272110322528804,-0.10577427531256138,0.24515152650218147,-0.7644815758068153,0.35068860882546565,-0.13010795522159327,1.1518097162866805,-0.7096585530993941,-0.05560569920823619,2.60831703138941,2.1834115144442703,-0.8583965867285136,-0.27914299129933184,-2.3954407600005334,0.5256012294758762,0.7297140820373862,-0.14163035762615683,0.7743875044324825,-1.2854812448260675,0.9512150548072835,1.6966213492820497,2.3018199592397584,0.8044553972347047,-0.4024581566884291,0.7646623222888859,0.8044710641776357,-0.6147261684426611,0.17086519985887733,-1.5193852046004614,-1.1986958124453342,0.9227260234958568,1.0711931333764964,-0.931631059137875,-1.8965789032119882,0.7728448806664922,-1.4157948136886092,-1.5162741058469789,1.2663740432945405,-0.13813643163366776,-1.3151635727910176,1.1413806243402673,0.24583484498437758,1.1219632357384608,1.156580527398473,0.9380966204948716
-2.4580757302498877,-0.16270873497826935,-0.9479769878905109,0.48736575559954193,0.9887469925190729,1.8294270107357298,3.0385418895356593,-0.5335980513172206,2.9665429754677173,-2.1953963789653486,0.41282728756401327,0.7738241508476006,-0.15933876736617267,0.20119447505378849,-1.1462333150820514,0.5817361147678864,-0.3019574431406239,1.8196901140028052,-0.6183982646398773,-0.348271964035929,3.8871895800440073,2.7536108520836,-1.0508328101962134,0.20455076211867104,-3.331345982341691,0.9628084013758788,1.357148973314376,-0.08332158069491698,1.0543457118686907,-1.7245910961980504,1.4921114277071348,2.3018199592397584,3.2346588426483533,1.533757570815981,-0.6765548879830007,0.616895252604897,1.2072539375198188,-0.403346168723015,0.20306616373504266,-2.114196983044097,-1.6189712537843763,1.5025005543282752,0.9695886354482371,-0.7782239436167109,-2.42757650921636,1.1768523981195886,-2.117770109117556,-2.175095040252048,2.024163473453721,-0.03050181225222727,-1.9313183615545928,1.7063602454445386,0.260067366299839,1.7208170897537425,2.004314353417219,0.8259534832535878
-3.6716149366959967,-0.22427899670442758,-1.5488510975004288,-0.04137536207199545,3.0434119961418107,1.2939626243593387,2.5315428453671096,0.890695625279992,-0.3427008281040345,-2.0280461828540153,-0.27801442934667175,0.9927803178304067,-0.10286967762860898,-0.4069853533098035,-0.8293032357742738,0.5830057223903186,-0.5764468952650225,1.5721118296841028,1.0279285005154934,-1.1538597325398614,2.6429680971653506,0.22313635590339603,0.05846588512439973,2.2053469808312176,-1.496131012373205,1.253906087194355,1.8215984144819422,0.35806017229105086,0.3947334312616808,-0.5553511339072479,1.2737996004606205,0.8044553972347047,1.533757570815981,2.14667653073613,-0.6969037563363887,-1.318212010835076,0.8379105919252167,1.4289747630241516,-0.026387706321086998,-0.9549897840371122,-0.5593297929292743,1.4683273703233775,-1.4027327575365358,1.4844438044378303,-0.30882663196832216,0.8984598484042705,-1.4872237206603622,-1.2188818777445474,1.846357874369629,0.5486940378366933,-1.2224976106337528,1.1935646100648876,-0.17875659560072507,1.3288319715235934,2.2989355525485626,-1.3483374775175674
1.1803222423167365,0.06052821421595209,0.47031720911169544,-0.03643804673370647,-0.9082253272882448,-0.5040435674996332,-0.8949547247112848,-0.18917576034453798,-0.1282475209820225,0.7045544511456824,0.07388074342754272,-0.3106922350260117,0.051843775098656675,0.09304966770534015,0.28146261397952493,-0.2092863383895845,0.16329264549121356,-0.5668000316875828,-0.2331661264559846,0.29364966087907834,-1.0042010090007207,-0.26307571289959136,0.0825407244461992,-0.5923886436173604,0.6330085496542113,-0.40399540563913555,-0.5850198654039908,-0.09844499719745042,-0.17758498705259118,0.2639936095122864,-0.44127281520772765,-0.4024581566884291,-0.6765548879830007,-0.6969037563363887,0.2563500130631878,0.2975739513211649,-0.3279139338004575,-0.34540496810020216,-0.001648538211382477,0.401800410099488,0.2601738761360989,-0.4807041775862383,0.3148196448107981,-0.3441429322570068,0.29117312771421655,-0.31378623422484264,0.5371892451512714,0.4709027669161294,-0.6306419194147538,-0.15605400975200656,0.4698492685215748,-0.43280802130176493,0.024090209827412896,-0.49025092528341174,-0.7605059041105512,0.27996578986210996
