V1,V2,V3,V4,V5,V6,V7,V8,V9,V10,V11,V12,V13,V14,V15,V16,V17,V18,V19,V20,V21,V22,V23,V24,V25,V26,V27,V28,V29,V30,V31,V32,V33,V34,V35,V36,V37,V38,V39,V40,V41,V42,V43,V44,V45,V46,V47,V48,V49,V50,V51,V52,V53,V54,V55,V56
3.7708723168542977,0.22696799567338294,1.626224655437223,0.23645647135587297,-3.5173611111192544,-0.9669475625748946,-2.0988002267213286,-1.3389602717909077,1.5476938388776478,1.7703984869147176,0.5066100864295591,-0.9807766731950124,0.07045986606445503,0.5955188138836915,0.633179363740689,-0.5263549065753254,0.6249116142200006,-1.3271613820844315,-1.5448741578485925,1.3487364225676604,-1.9225323000695558,0.7452791022250356,-0.4699521461754862,-2.7434135027295956,0.6669504000365464,-1.242377342588012,-1.8202522907496055,-0.48774313975370487,-0.11063159965614014,0.06565985423702542,-1.070736612320395,-0.16508616799479878,-0.7471574846356421,-2.168490106403651,0.6356312431659304,1.9164549062328213,-0.6176513648562674,-1.9778319854413036,0.10897037848964185,0.430408058996429,0.10980587083547708,-1.3168460341501467,2.1543111611831973,-2.1879074899476687,-0.5166500241059188,-0.7094580936243081,1.1099531044489075,0.7456757075744171,-1.6035945175543267,-0.7115567401821655,0.8399664952021296,-0.8883968550422107,0.32614872226363656,-1.0534947627137075,-2.188546379027699,2.0343621591199357
0.22696799567338294,0.016051444990075228,0.09761006553122335,-0.004082475138748312,-0.16968465046555792,-0.09324628947919959,-0.1814327004054428,-0.03857463726498837,-0.03126552754364523,0.14064447378484263,0.0027499966311676483,-0.06586861136976412,0.005915006939060266,0.01778906206624172,0.06543651934499425,-0.03798085049985842,0.036689969161089846,-0.10911868683523122,-0.0421714791799026,0.07163912806889995,-0.19870144117743943,-0.0568782853009988,0.011112273069653195,-0.11897207304629849,0.134076075632922,-0.08080432447153248,-0.11650490751802751,-0.015631413138352142,-0.03866621993472874,0.058917240608572556,-0.09175889517134023,-0.07668038465661907,-0.12805783718395525,-0.13431843531966428,0.04395246091583163,0.059176611523442765,-0.06075912969915287,-0.06801049235564055,-0.0030054957556206225,0.08559039085783973,0.05687361403527458,-0.1040539003445452,0.05446390374974071,-0.06289834045087385,0.05134475769882806,-0.06784767849016317,0.11417321035303969,0.10116988348524894,-0.13047551785248332,-0.025964653053150738,0.094852822487548,-0.09163216160870434,0.005603019356076852,-0.09556183058922257,-0.15188103135467873,0.058935039108206286
1.626224655437223,0.09761006553122335,0.706997667215076,0.13104870809992925,-1.5750315495152174,-0.36287581926449014,-0.8308427882516491,-0.6407774870081373,0.8453141449890782,0.7171796196524052,0.2508315028438746,-0.4175501648513469,0.024911761374882983,0.28328402995251034,0.24098785749354937,-0.2160842051224947,0.27463716034649754,-0.5295213256756093,-0.7390615480009786,0.6068741181203892,-0.7113988322969733,0.46636676511043185,-0.26399735666129176,-1.2547374498839776,0.1586197770791312,-0.529151679726564,-0.777623352907164,-0.22803855745690182,-0.004018721046960247,-0.046509709331009945,-0.426734900823962,0.02739255584429353,-0.19869811160818251,-0.9297862080924629,0.26193956398921436,0.9104473078489037,-0.23003966184461888,-0.9290828554580991,0.05905057827929178,0.10399484095323035,-0.021593863157185433,-0.5400160802479573,1.0351530624264138,-1.0422891628000586,-0.3473360925234238,-0.2745786428226063,0.41698481378914726,0.24668692877443268,-0.6484189656428359,-0.32875176452279364,0.3005695550309727,-0.33329509240740973,0.16194313245702377,-0.40797194832330674,-0.9184352424337097,0.9744537276450463
0.23645647135587297,-0.004082475138748312,0.13104870809992925,0.2842898377563397,-0.7978254548417121,0.44781999615933243,0.6159919824749229,-0.6860775214487076,1.8336428884489149,-0.3532086444112183,0.3840213041502842,0.013124790851290528,-0.03367811484696741,0.29245512380281424,-0.30819182317321775,0.0640409497783544,0.07037369036194403,0.3298132660686826,-0.8069304632885341,0.2731242664772937,1.0333386707510896,1.464399849679814,-0.6033351251574696,-0.8431529652667973,-1.2439964470902918,-0.0032882010988274824,-0.029450673895273845,-0.2129584447664013,0.4299389806873656,-0.7451051860127416,0.29486874792439194,0.9364113214464653,1.135546971992617,-0.08314343778558075,-0.058990214512538226,0.9217155644422846,0.3029428231219351,-0.8515048743420262,0.1325996748566843,-0.7883444294569771,-0.6807356330151013,0.22732533311480904,1.177925874673028,-1.099208810128778,-1.2150045976940593,0.2846567581573343,-0.5626815501668715,-0.7122167668081189,0.34756575074734347,-0.2693421597223831,-0.5577272036267581,0.45435941322306345,0.22216425699600356,0.38457134917264485,0.12774042042652348,1.0442733735323149
-3.5173611111192544,-0.16968465046555792,-1.5750315495152174,-0.7978254548417121,4.524353527126193,-0.1885041722716161,0.3456801014934356,2.5415140063289132,-5.179492058926356,-0.6507115222464722,-1.2364369431185906,0.7506689294851868,0.013659353895440441,-1.1037500898704702,0.16362935478847382,0.2837883254395215,-0.6468059486636137,0.3502621292845874,2.9683738469929883,-1.654015590846988,-0.6897925253643539,-3.745325096333867,1.6687094828585398,3.99802748584607,2.1484003421535878,0.9966838298950403,1.5135618840624052,0.8488927660635326,-0.838357589934105,1.5536460963009762,0.21662959501254397,-1.8800842168621401,-1.8427430935546143,1.9090184338764868,-0.3836262422452494,-3.508879695965724,-0.1567128521408214,3.4072166097753827,-0.3735486667143975,1.3555989726070616,1.379244899305044,0.5553386037596412,-4.254066010742947,4.110018266101676,3.0204289334221763,-0.05011807316570308,0.32988578595305595,0.94184935992307806,0.5272651491663823,1.1490084968703271,0.5309963672616789,-0.2725464722716226,-0.7371251406028574,0.013579279239384276,1.4685364341832794,-3.864380251661275
-0.9669475625748946,-0.09324628947919959,-0.36287581926449014,0.44781999615933243,-0.1885041722716161,1.2077163863506302,1.9504732596237704,-0.7933438314543513,2.8829863222091396,-1.330996765311454,0.5364137710393643,0.39326029068217216,-0.08950859568585715,0.3289862176234554,-0.8200490797975841,0.31798349123618674,-0.1017398825224318,1.1202686094578997,-0.9446530047572602,0.008467289784014474,2.6724971491814085,2.4861916749682362,-0.9626461455210095,-0.5630414814873819,-2.600059661702443,0.45967436158880415,0.6268919700167496,-0.21971541955854218,0.853774728970988,-1.432267446024412,0.9588753461293816,1.8299075312986177,2.4240378853065043,0.6557781489534112,-0.34924830487938563,1.0218410150137784,0.8032896513703556,-0.866329848748105,0.20984618567775198,-1.650662258810261,-1.3270227013597735,0.9240580924819177,1.4171905943475613,-1.2556469504347092,-2.1000237954283176,0.8042785191890527,-1.4794810077876652,-1.6254239102204902,1.2582753606043273,-0.24215056975533417,-1.3685687737988819,1.1918892440570648,0.29719202540023204,1.1210410239616244,1.062232602160641,1.208612310208155
-2.0988002267213286,-0.1814327004054428,-0.8308427882516491,0.6159919824749229,0.3456801014934356,1.9504732596237704,3.2586616113576605,-0.9292701406312154,3.9801160377823717,-2.282820503588671,0.709536227495993,0.7592691182398339,-0.14155187141307315,0.37899908905399066,-1.331856642939431,0.5610686758433168,-0.2659882970937909,1.8888401778872714,-1.119856724239531,-0.23975198048999277,4.288142798115998,3.5385635477003126,-1.3318560885724,-0.3371425299844123,-3.963081874774332,0.9022172151110743,1.2527724045639972,-0.23937284619476265,1.2822294987023812,-2.130362845448638,1.6103634857916254,2.727446961944354,3.706247200721657,1.354379396503886,-0.6239540394910401,1.163361753921104,1.2930040447169067,-0.9233102295891764,0.29202643089676783,-2.517611986420317,-1.9822456582615742,1.606647039669302,1.7103881546098867,-1.4640468052635647,-3.00102018621256,1.318310374854799,-2.388545523059345,-2.5382451399375867,2.1488935640755145,-0.23352577143198489,-2.1712473804438917,1.922503955063355,0.37919821382783797,1.8423790465337444,1.9611114736985622,1.4155368952657794
-1.3389602717909077,-0.03857463726498837,-0.6407774870081373,-0.6860775214487076,2.5415140063289132,-0.7933438314543513,-0.9292701406312154,1.8219585036499408,-4.436256618065232,0.411091180012013,-0.9706443988826348,0.17971475444164306,0.059206102118110775,-0.7821974412574934,0.5558843603053282,-0.029681244700800698,-0.29052790783514254,-0.45284117427813586,2.137563778482075,-0.8970680441851995,-1.9002223927523905,-3.4375537227627717,1.4496349010374057,2.4742472692619524,2.6426023488443504,0.2735555376687501,0.45605257495985346,0.5820228114864274,-0.9391671501488712,1.6546819860074635,-0.4313400107782498,-2.0592664912564,-2.3794828600980393,0.6517618980294204,-0.005709180363612004,-2.4732215551892938,-0.54452463388301,2.3294362624530898,-0.320712864971294,1.6731204426920576,1.5008100452372792,-0.22846833031377764,-3.0993198646238094,2.9297567247828966,2.828046671090852,-0.48626391483580794,1.0228700150151677,1.4356950250028415,-0.4352735707590477,0.7562698643617586,1.0684767055514577,-0.8277035149221543,-0.5668799246253545,-0.6342908526600671,0.18290331045435754,-2.7719087341792275
1.5476938388776478,-0.03126552754364523,0.8453141449890782,1.8336428884489149,-5.179492058926356,2.8829863222091396,3.9801160377823717,-4.436256618065232,11.863326178929713,-2.2792367878356052,2.499351617528267,0.08867162588601496,-0.21137432453054533,1.8925513340176914,-2.0019876156913687,0.40778877258977964,0.45116717082141194,2.123851494129384,-5.224148079647038,1.7502979526645497,6.673384102882581,9.472253818425784,-3.8937794358960827,-5.454022940365055,-8.049432588158211,-0.02394160889377022,-0.19505451910830998,-1.3831508659579352,2.783174710006541,-4.82405534170407,1.9088270055094982,6.047365396409303,7.329115130233094,-0.5485026084632364,-0.3708254061544524,5.96192675016311,1.9505706083664671,-5.509275654520164,0.8610156932659683,-5.101720708896747,-4.405829271031543,1.477615911985442,7.629099608406256,-7.116817756686405,-7.845376024690158,1.8457437373711423,-3.6436089420370155,-4.611704784359831,2.2493631733164783,-1.7489605330416151,-3.6051879849921122,2.9423643193252502,1.4357677939712512,2.480154043584796,0.8216711254882353,6.74958452595627
1.7703984869147176,0.14064447378484263,0.7171796196524052,-0.3532086444112183,-0.6507115222464722,-1.330996765311454,-2.282820503588671,0.411091180012013,-2.2792367878356052,1.6365413350628857,-0.3774064921665179,-0.5929206503117656,0.09669072481074863,-0.1614913310876181,0.9047713726758926,-0.41365310727717153,0.24231472905539228,-1.3372276039398714,0.5036118220573613,0.3156286366779442,-2.900576066236458,-2.104314405236095,0.7688681070900707,-0.13062318278977825,2.5427588798046044,-0.713949891894598,-1.0031330854520326,0.08813388345315243,-0.8096930024357611,1.330506220058703,-1.1323459448106108,-1.713856552504575,-2.3937992990617105,-1.1095717695795568,0.46644398741840526,-0.4848584823411224,-0.8794030183848611,0.32821962266859156,-0.16775143183226227,1.616145573982269,1.243976307142753,-1.1603818600760225,-0.7946997689879973,0.637655585463282,1.7993570189398127,-0.9062554971755179,1.6201059822219748,1.6680242054331849,-1.5326207176073614,0.05659633564184031,1.4521352137255412,-1.3035402914821164,-0.19508032411854553,-1.2743172402604848,-1.4887321965018212,-0.6268268814293709
0.5066100864295591,0.0027499966311676483,0.2508315028438746,0.3840213041502842,-1.2364369431185906,0.5364137710393643,0.709536227495993,-0.9706443988826348,2.499351617528267,-0.3774064921665179,0.5411650528935573,-0.02831832723588234,-0.037286603565878415,0.4158794581902101,-0.3818642258365161,0.05516915529607242,0.12078881724127245,0.3655178307361798,-1.1442229335914174,0.4168027894431389,1.2653102452127232,1.9712223838926055,-0.8146606528347508,-1.2476737000327776,-1.6129796326117072,-0.06622258555000517,-0.12992935494379285,-0.3083685522472806,0.5639357962970255,-0.9840095439876091,0.3383814063260877,1.2234386971122615,1.4543791263048147,-0.22159172382724754,-0.040457466106352515,1.3109335999546403,0.3648745938205867,-1.2220172204294835,0.18242938110567178,-1.022183314560054,-0.8958231733768938,0.24058535151265373,1.6670279733039162,-1.5628307021463872,-1.6222461009029459,0.3441857338455809,-0.6919839687270262,-0.9076081773181449,0.3819761324031325,-0.3946209882858792,-0.6944538955252991,0.5590442094827145,0.3085753938539778,0.4525969837930067,0.05949930200601046,1.4756804492427942
-0.9807766731950124,-0.06586861136976412,-0.4175501648513469,0.013124790851290528,0.7506689294851868,0.39326029068217216,0.7592691182398339,0.17971475444164306,0.08867162588601496,-0.5929206503117656,-0.02831832723588234,0.2787477630007109,-0.027394002131654088,-0.08312107694680859,-0.2662522642566667,0.16334787666672845,-0.1555196278376551,0.4614907858742112,0.20138035201705906,-0.3037124944042863,0.8269809250986612,0.20704327150030738,-0.03750281395668682,0.5269350969187738,-0.5396630621612346,0.3451275171265703,0.4984810945717627,0.07417591177571498,0.1534238372713589,-0.23077924222977708,0.38301636905705105,0.3089481367707187,0.5262491193307658,0.5788786458916789,-0.1913554030395665,-0.27372536047089985,0.2558864896324404,0.31034036763692263,0.008113879125615876,-0.3443331977805106,-0.22426205050430986,0.43412836576426744,-0.2648261184150713,0.2974030927135971,-0.19650918125758501,0.2800952243483309,-0.47045968494674206,-0.4114982551729978,0.5465961989587026,0.12052057614779133,-0.39212690679186946,0.3778912626181577,-0.02837654839759114,0.4010773808564474,0.6460896189099689,-0.27337497972832403
0.07045986606445503,0.005915006939060266,0.024911761374882983,-0.03367811484696741,0.013659353895440441,-0.08950859568585715,-0.14155187141307315,0.059206102118110775,-0.21137432453054533,0.09669072481074863,-0.037286603565878415,-0.027394002131654088,0.007453744018338182,-0.02436390938919053,0.05819561890801117,-0.023785127419630188,0.00637050423991934,-0.0822284668205926,0.06951949537038819,-0.0040966610756203985,-0.19531944809443966,-0.18220529861878898,0.07198261906177728,0.04321351883637373,0.1890169740929581,-0.03303822281403775,-0.04509961248685618,0.015572992764865104,-0.061956922273176,0.10392456390362002,-0.0689974681095493,-0.13498997619899436,-0.17887887880051104,-0.047844805981341394,0.02660774277728996,-0.07611914876069142,-0.059542145675309334,0.06458061500695705,-0.014916039327902286,0.11989850158834915,0.09649068742091947,-0.06542253998954962,-0.10371752374876386,0.09240797655183154,0.15584067775003993,-0.05753467712308229,0.10664873196439253,0.1174463936224157,-0.09051682544170334,0.0172407953134923,0.09967092341299556,-0.08587139815775087,-0.022142823680905574,-0.08219698002688028,-0.0765942585111772,-0.09062195206584522
0.5955188138836915,0.01778906206624172,0.28328402995251034,0.29245512380281424,-1.1037500898704702,0.3289862176234554,0.37899908905399066,-0.7821974412574934,1.8925513340176914,-0.1614913310876181,0.4158794581902101,-0.08312107694680859,-0.02436390938919053,0.3360229390241285,-0.2316467402714327,0.008569732415408815,0.12748224264798408,0.18218005797469555,-0.9178068547468069,0.3894587388302418,0.7916942021216917,1.4632307886524465,-0.6177814036763318,-1.0689727683990127,-1.116101519853391,-0.12497267638366713,-0.20655661282884563,-0.25052777952389255,0.3975908979836902,-0.701478963214954,0.1753315184182648,0.8717763121272832,1.0031515590474358,-0.29231595371528607,0.007425307356117058,1.0625827717049163,0.22616311855558754,-1.002095482549997,0.13691677345016146,-0.7066091154516909,-0.6358565722558271,0.08776552101574102,1.3302275440161961,-1.2584376267861037,-1.202522254105357,0.2013156939397169,-0.42605780717954556,-0.60373968833232206,0.1731945674680846,-0.3261145549860423,-0.447010642983735,0.3447958544327948,0.24268247159198506,0.26120711864727847,-0.09341445148196277,1.1899218079449765
0.633179363740689,0.06543651934499425,0.24098785749354937,-0.30819182317321775,0.16362935478847382,-0.8200490797975841,-1.331856642939431,0.5558843603053282,-2.0019876156913687,0.9047713726758926,-0.3818642258365161,-0.2662522642566667,0.05819561890801117,-0.2316467402714327,0.5680362198335968,-0.21267919639173127,0.0688715962344295,-0.7596372338199013,0.6657748653542246,-0.006591288649626673,-1.8266188958542413,-1.7224770364421993,0.6629314500250976,0.407685099838254,1.7930342753137518,-0.30824342645420627,-0.41919314106496686,0.15762425935485663,-0.5898912458966411,0.991336390161626,-0.6557005825086503,-1.25754863564505,-1.6603170662617708,-0.43312560941409156,0.23067304522386495,-0.7182696047561679,-0.5458918311715217,0.6119705983748145,-0.14724070432924702,1.138613475804276,0.91780984025634,-0.6331077714186917,-0.9984856587347699,0.8856093134459103,1.4463842995224208,-0.5527525305535107,1.0169651769857087,1.1200093683023273,-0.8590213873710708,0.17598220198329764,0.9376568282924499,-0.8186133026132987,-0.20651773125374503,-0.7637128026656933,-0.7161752330187859,-0.8457883632930563
-0.5263549065753254,-0.03798085049985842,-0.2160842051224947,0.0640409497783544,0.2837883254395215,0.31798349123618674,0.5610686758433168,-0.029681244700800698,0.40778877258977964,-0.41365310727717153,0.05516915529607242,0.16334787666672845,-0.023785127419630188,0.008569732415408815,-0.21267919639173127,0.10850168852130408,-0.07566395226167245,0.33371617884983695,-0.03941049296237773,-0.11951795175150311,0.682785714468945,0.40514737185479455,-0.14099691223165917,0.14138098026057316,-0.5544923383135362,0.20002843367087983,0.2842486383189982,0.0027311742339776344,0.17219347001708404,-0.27794897317271705,0.27914534814221836,0.3634117126811532,0.529453391211431,0.3216539959521263,-0.12461285759516282,0.020742200424904766,0.20918071923352802,0.014467790436073888,0.02982725554186257,-0.3526165612909589,-0.26204356391029293,0.29446131400136094,0.07375226346352573,-0.04018790676208668,-0.35328404969910604,0.21686649129062788,-0.381501608985564,-0.3762236956801946,0.3843238572295335,0.018813307098533346,-0.33638236730330096,0.30682166913563025,0.02704904540588633,0.30894395348324966,0.4003809632910347,0.0458748525799539
0.6249116142200006,0.036689969161089846,0.27463716034649754,0.07037369036194403,-0.6468059486636137,-0.1017398825224318,-0.2659882970937909,-0.29052790783514254,0.45116717082141194,0.24231472905539228,0.12078881724127245,-0.1555196278376551,0.00637050423991934,0.12748224264798408,0.0688715962344295,-0.07566395226167245,0.10859933982332412,-0.17324602039725046,-0.33541525052385723,0.2486831039717943,-0.18951351317141926,0.28196063039679325,-0.14405090063909276,-0.5316861957994119,-0.0314889326666287,-0.1983619777042243,-0.29328502924951305,-0.10065114584928998,0.02989225678689205,-0.07160124043610748,-0.13828799949487391,0.07982180596461058,0.010411125931689056,-0.35352907206676676,0.09263560784438087,0.4087102959788005,-0.06313759038186957,-0.4104386372139597,0.031603183750475244,-0.018594886644734958,-0.057572046840835014,-0.18620980946555568,0.47322115462457365,-0.47036127086299095,-0.2205016303411012,-0.0822570939879864,0.11542632476857784,0.040542529537895014,-0.21751737959207193,-0.14216024181874354,0.07125010928371031,-0.091682791688299,0.07714541485089418,-0.12408137318264893,-0.33410995880233746,0.44198998142046925
-1.3271613820844315,-0.10911868683523122,-0.5295213256756093,0.3298132660686826,0.3502621292845874,1.1202686094578997,1.8888401778872714,-0.45284117427813586,2.123851494129384,-1.3372276039398714,0.3655178307361798,0.4614907858742112,-0.0822284668205926,0.18218005797469555,-0.7596372338199013,0.33371617884983695,-0.17324602039725046,1.101440066407568,-0.5471891088269208,-0.1890475690064017,2.4501351512046115,1.9161722623495474,-0.714720464556598,-0.06366657638742862,-2.2123049719025243,0.5525330600494472,0.7715497725128716,-0.10929402217206592,0.7109812319523008,-1.1756251058301503,0.9345370165154343,1.5118003927528576,2.0782451819658636,0.844358887186645,-0.37429420192314605,0.5559009994035566,0.7414972651488648,-0.4206829965301579,0.1554853067544863,-1.4055772978868477,-1.0961478797849307,0.9422992518220679,0.8446673552488765,-0.7080033985332509,-1.6330633478151477,0.7570958829617875,-1.3642329049438267,-1.430639344168704,1.2548354595650086,-0.09557810188704555,-1.2342386074947722,1.098144353834497,0.19476833256749682,1.0630241317075413,1.1786797920689018,0.6903735103703761
-1.5448741578485925,-0.0421714791799026,-0.7390615480009786,-0.8069304632885341,2.9683738469929883,-0.9446530047572602,-1.119856724239531,2.137563778482075,-5.224148079647038,0.5036118220573613,-1.1442229335914174,0.20138035201705906,0.06951949537038819,-0.9178068547468069,0.6657748653542246,-0.03941049296237773,-0.33541525052385723,-0.5471891088269208,2.5097482679381895,-1.0421553181219572,-2.262936737699733,-4.053009195549757,1.7054936655726378,2.893657597050399,3.129563877154276,0.3101611034947074,0.5197901402290988,0.6832902578202071,-1.1109901483606826,1.9563860486665328,-0.521241536350914,-2.4324418736282767,-2.8155445841670472,0.7486742592489207,-0.0023462381850542237,-2.900984953626047,-0.6480652091254254,2.730729141127668,-0.378282009626769,1.9816500329769862,1.774909226853756,-0.28540240747851114,-3.6401833370305763,3.438943729367664,3.332433113756075,-0.5827751487172022,1.221227071237166,1.7048894837765263,-0.5316530589210245,0.887296158363552,1.270434525355394,-0.987789715428073,-0.6658041383411505,-0.75928895723303,0.19370389906684837,-3.251733581769865
1.3487364225676604,0.07163912806889995,0.6068741181203892,0.2731242664772937,-1.654015590846988,0.008467289784014474,-0.23975198048999277,-0.8970680441851995,1.7502979526645497,0.3156286366779442,0.4168027894431389,-0.3037124944042863,-0.0040966610756203985,0.3894587388302418,-0.006591288649626673,-0.11951795175150311,0.2486831039717943,-0.1890475690064017,-1.0421553181219572,0.6237305674483629,0.1066244676854297,1.24316740860651,-0.5684450360771429,-1.4493359435508535,-0.6424718686588174,-0.39483435146974016,-0.5951109185782001,-0.2982190486441025,0.25947705638080826,-0.48921597112068155,-0.1374354183037823,0.596542537982907,0.552247356752303,-0.7392028304648847,0.15533061669313222,1.2414306132700927,0.017111662346676965,-1.2118577038374316,0.12405214322378015,-0.4043608025491272,-0.43184048417996873,-0.264837005955618,1.4878671823913245,-1.445969453944728,-1.0063323589936088,-0.0314217021850653,-0.03290717241408031,-0.25088597974968335,-0.27000573726680394,-0.4072484329470256,-0.11855566310420018,0.02910807266520017,0.25685603874925467,-0.06581791360162452,-0.6035588690308833,1.3656259057292153
-1.9225323000695558,-0.19870144117743943,-0.7113988322969733,1.0333386707510896,-0.6897925253643539,2.6724971491814085,4.288142798115998,-1.9002223927523905,6.673384102882581,-2.900576066236458,1.2653102452127232,0.8269809250986612,-0.19531944809443966,0.7916942021216917,-1.8266188958542413,0.682785714468945,-0.18951351317141926,2.4501351512046115,-2.262936737699733,0.1066244676854297,5.940005171918857,5.7121554130244725,-2.219649153334359,-1.4772243946705619,-5.872222514141426,0.9565418797294434,1.29510096836125,-0.5377561595029451,1.9365331354961848,-3.2578615880891904,2.1070084169439656,4.148093569974643,5.455392160869081,1.3325378355442175,-0.7435960127510779,2.4622187343420996,1.7795316944785355,-2.1133972108985697,0.48712660213518155,-3.727862485859284,-3.0143358139973446,2.01334816277697,3.3845378937494695,-3.0175958652483974,-4.809228571040784,1.7824020000155698,-3.290793410404186,-3.649128084789893,2.750464535888614,-0.6056777310389768,-3.053655508886134,2.651296667435879,0.6988913454061708,2.472769956474093,2.259252535415404,2.89314989779202
0.7452791022250356,-0.0568782853009988,0.46636676511043185,1.464399849679814,-3.745325096333867,2.4861916749682362,3.5385635477003126,-3.4375537227627717,9.472253818425784,-2.104314405236095,1.9712223838926055,0.20704327150030738,-0.18220529861878898,1.4632307886524465,-1.7224770364421993,0.40514737185479455,0.28196063039679325,1.9161722623495474,-4.053009195549757,1.24316740860651,5.7121554130244725,7.631050466232134,-3.113888827498838,-4.075593088945862,-6.663704393020305,0.15150902530572938,0.09139801809654793,-1.0621280617052848,2.2874478828421485,-3.9477411154628177,1.7056575405756256,4.959622474075487,6.085808948392542,-0.14964310289115543,-0.38959759739739797,4.603716784905913,1.6771889747717954,-4.22571557526902,0.6879774892106885,-4.2245281389284735,-3.6125185454141615,1.387666431227087,5.9325553582210215,-5.509661179611356,-6.333600093626794,1.6044652710977065,-3.1277529548414456,-3.8677431111601566,2.0571013832721214,-1.3303963519221296,-3.05852647032981,2.524321249102946,1.127177873233704,2.169761873825031,0.9715728744766933,5.230616461368289
-0.4699521461754862,0.011112273069653195,-0.26399735666129176,-0.6033351251574696,1.6687094828585398,-0.9626461455210095,-1.3318560885724,1.4496349010374057,-3.8937794358960827,0.7688681070900707,-0.8146606528347508,-0.03750281395668682,0.07198261906177728,-0.6177814036763318,0.6629314500250976,-0.14099691223165917,-0.14405090063909276,-0.714720464556598,1.7054936655726378,-0.5684450360771429,-2.219649153334359,-3.113888827498838,1.28099747855036,1.7713012053622128,2.657521424123038,-0.004300585471564077,0.046255433680272955,0.44973387793731273,-0.9174830622944747,1.5887954511771738,-0.6385266458210961,-1.996635423178683,-2.426139580482989,0.15772002581882957,0.131116467220858,-1.9465495544217633,-0.6508447004413462,1.7964565616586703,-0.28181645017282386,1.6842325578693869,1.4518178480848385,-0.49719553621553675,-2.4908958948013193,2.3226097633765215,2.5838083802274285,-0.6136115788334107,1.2096630784084352,1.5251421657716462,-0.7557207903346612,0.5677146182607565,1.196442900763099,-0.9768985550221587,-0.4704114613612972,-0.8288730621277207,-0.29242956625617916,-2.2062466212411196
-2.7434135027295956,-0.11897207304629849,-1.2547374498839776,-0.8431529652667973,3.99802748584607,-0.5630414814873819,-0.3371425299844123,2.4742472692619524,-5.454022940365055,-0.13062318278977825,-1.2476737000327776,0.5269350969187738,0.04321351883637373,-1.0689727683990127,0.407685099838254,0.14138098026057316,-0.5316861957994119,-0.06366657638742862,2.893657597050399,-1.4493359435508535,-1.4772243946705619,-4.075593088945862,1.7713012053622128,3.6676954225301306,2.7203057929420345,0.7175312281145235,1.1127215443377068,0.8096542257650116,-1.0086572738101467,1.820153139436213,-0.12387487159883669,-2.2389951584250745,-2.402503781530697,1.4459247751784454,-0.21680312719280206,-3.391353495348325,-0.40176453128355316,3.2514977495896638,-0.39297223028858563,1.7195431112904007,1.6344155953806758,0.18446949422956252,-4.166639968769082,3.9893638633026343,3.322195296196481,-0.30487673202206506,0.7693387999039367,1.3499797342483926,0.048928509020378416,1.0781624094906612,0.9103918355402525,-0.6256254969440055,-0.7397869147075103,-0.3566381316321321,0.9313277119400684,-3.763770790864704
0.6669504000365464,0.134076075632922,0.1586197770791312,-1.2439964470902918,2.1484003421535878,-2.600059661702443,-3.963081874774332,2.6426023488443504,-8.049432588158211,2.5427588798046044,-1.6129796326117072,-0.5396630621612346,0.1890169740929581,-1.116101519853391,1.7930342753137518,-0.5544923383135362,-0.0314889326666287,-2.2123049719025243,3.129563877154276,-0.6424718686588174,-5.872222514141426,-6.663704393020305,2.657521424123038,2.7203057929420345,6.290942729487429,-0.5812250415178529,-0.732826557796224,0.7915906927653358,-2.11746854944993,3.6098181654458954,-1.9322773861216063,-4.560635108288959,-5.789869414753374,-0.636822310593038,0.5782819599890802,-3.4955230664629755,-1.7416978125588563,3.130668978216187,-0.5866658394424629,3.991090778651745,3.3207285339602977,-1.7329826454861146,-4.619857425718992,4.2229928701406845,5.563571045739849,-1.7119392744832889,3.2384865735558734,3.7804090204358864,-2.441934464827365,0.9555407099075041,3.0773151031158252,-2.6110149939653136,-0.9066701035769582,-2.345340604609235,-1.6637456877624461,-4.021402985784638
-1.242377342588012,-0.08080432447153248,-0.529151679726564,-0.0032882010988274824,0.9966838298950403,0.45967436158880415,0.9022172151110743,0.2735555376687501,-0.02394160889377022,-0.713949891894598,-0.06622258555000517,0.3451275171265703,-0.03303822281403775,-0.12497267638366713,-0.30824342645420627,0.20002843367087983,-0.1983619777042243,0.5525330600494472,0.3101611034947074,-0.39483435146974016,0.9565418797294434,0.15150902530572938,-0.004300585471564077,0.7175312281145235,-0.5812250415178529,0.43085157487533865,0.6242764643979293,0.10915141307463841,0.15930257051971305,-0.232474274116013,0.4552184161565278,0.3184879275968207,0.5757069865261535,0.7292890948675097,-0.23581636973752604,-0.40811353775486453,0.2983758773883025,0.44894269330969055,-2.610573821672494e-4,-0.37112637836897494,-0.22960902834354663,0.5227490740489366,-0.41741614802670346,0.4516104129847018,-0.15887241790718096,0.3271229250085006,-0.5444856669452278,-0.45969764738688057,0.6553224254579949,0.1708130698980012,-0.4479563415636575,0.4367506577823073,-0.05138609925758382,0.47318329503199397,0.7961194066389232,-0.4154142583485068
-1.8202522907496055,-0.11650490751802751,-0.777623352907164,-0.029450673895273845,1.5135618840624052,0.6268919700167496,1.2527724045639972,0.45605257495985346,-0.19505451910830998,-1.0031330854520326,-0.12992935494379285,0.4984810945717627,-0.04509961248685618,-0.20655661282884563,-0.41919314106496686,0.2842486383189982,-0.29328502924951305,0.7715497725128716,0.5197901402290988,-0.5951109185782001,1.29510096836125,0.09139801809654793,0.046255433680272955,1.1127215443377068,-0.732826557796224,0.6242764643979293,0.9067182066092391,0.17685276041258843,0.19302636696083458,-0.27137546665487833,0.6333550651432884,0.3796249521901572,0.7348678861880087,1.0636495257063439,-0.3366272882417151,-0.671543479118067,0.4058536150625377,0.7245766429489301,-0.012073265206014747,-0.468431178296373,-0.27292074999732036,0.736877732341046,-0.7077004164208306,0.7502380234885527,-0.12425870702558073,0.4486646253506423,-0.7391510641191174,-0.6032603656886706,0.9185265449239339,0.271083502652683,-0.5999676742893634,0.59260788561876665,-0.09379744524410484,0.6518125815627687,1.1417859135732622,-0.692663309751384
-0.48774313975370487,-0.015631413138352142,-0.22803855745690182,-0.2129584447664013,0.8488927660635326,-0.21971541955854218,-0.23937284619476265,0.5820228114864274,-1.3831508659579352,0.08813388345315243,-0.3083685522472806,0.07417591177571498,0.015572992764865104,-0.25052777952389255,0.15762425935485663,0.0027311742339776344,-0.10065114584928998,-0.10929402217206592,0.6832902578202071,-0.2982190486441025,-0.5377561595029451,-1.0621280617052848,0.44973387793731273,0.8096542257650116,0.7915906927653358,0.10915141307463841,0.17685276041258843,0.18812347733204823,-0.28410396432177926,0.5032739947654313,-0.10970758986463611,-0.6222619852273091,-0.7069024014788751,0.24452212887834027,-0.01639461129141269,-0.7924073909631657,-0.15180373932455318,0.7501096186098406,-0.10042330169846442,0.5011159916032558,0.4552057291400805,-0.04377368295345923,-0.9894847740907795,0.9380424458051819,0.8697106402658279,-0.13429161752954252,0.2894195114181533,0.42274710639462953,-0.0999477315087631,0.2459143145052328,0.30787244460904434,-0.23445131242305375,-0.17912225714576469,-0.1704612001492488,0.10116631644095615,-0.8849761482009386
-0.11063159965614014,-0.03866621993472874,-0.004018721046960247,0.4299389806873656,-0.838357589934105,0.853774728970988,1.2822294987023812,-0.9391671501488712,2.783174710006541,-0.8096930024357611,0.5639357962970255,0.1534238372713589,-0.061956922273176,0.3975908979836902,-0.5898912458966411,0.17219347001708404,0.02989225678689205,0.7109812319523008,-1.1109901483606826,0.25947705638080826,1.9365331354961848,2.2874478828421485,-0.9174830622944747,-1.0086572738101467,-2.11746854944993,0.15930257051971305,0.19302636696083458,-0.28410396432177926,0.7162580347952684,-1.2247933744285882,0.6238407675422141,1.544701185590877,1.9445240976417373,0.14966868306813372,-0.17692309441486317,1.2467806738143834,0.5728208474702496,-1.12470218501097,0.2027815269705285,-1.343146344343146,-1.1251243488329805,0.548626582695519,1.6362824373461051,-1.5023882443468464,-1.9064278705888276,0.5601077394387302,-1.0665114644599156,-1.2619358327566905,0.780655613539474,-0.3466294215825315,-1.0200500432234578,0.8601517928620824,0.31814352325963763,0.7645636068900357,0.4982041157888189,1.4290034283227833
0.06565985423702542,0.058917240608572556,-0.046509709331009945,-0.7451051860127416,1.5536460963009762,-1.432267446024412,-2.130362845448638,1.6546819860074635,-4.82405534170407,1.330506220058703,-0.9840095439876091,-0.23077924222977708,0.10392456390362002,-0.701478963214954,0.991336390161626,-0.27794897317271705,-0.07160124043610748,-1.1756251058301503,1.9563860486665328,-0.48921597112068155,-3.2578615880891904,-3.9477411154628177,1.5887954511771738,1.820153139436213,3.6098181654458954,-0.232474274116013,-0.27137546665487833,0.5032739947654313,-1.2247933744285882,2.0985728957751704,-1.034735703004529,-2.643730553153805,-3.3101801793435626,-0.18539339273054858,0.2822801910724453,-2.2012415640719007,-0.9620218038180134,1.9938804708364648,-0.35137146539100994,2.2895367051095623,1.9262573133706944,-0.8977448660757597,-2.877287539301316,2.6487375741442833,3.286435360737322,-0.9372997735208806,1.7928455139091957,2.1398508481285186,-1.2862361932226403,0.6180556243020113,1.721691910584708,-1.4459896281352964,-0.5562862510805878,-1.276676720791183,-0.7824080302884934,-2.517674982941673
-1.070736612320395,-0.09175889517134023,-0.426734900823962,0.29486874792439194,0.21662959501254397,0.9588753461293816,1.6103634857916254,-0.4313400107782498,1.9088270055094982,-1.1323459448106108,0.3383814063260877,0.38301636905705105,-0.0689974681095493,0.1753315184182648,-0.6557005825086503,0.27914534814221836,-0.13828799949487391,0.9345370165154343,-0.521241536350914,-0.1374354183037823,2.1070084169439656,1.7056575405756256,-0.6385266458210961,-0.12387487159883669,-1.9322773861216063,0.4552184161565278,0.6333550651432884,-0.10970758986463611,0.6238407675422141,-1.034735703004529,0.7968125780754276,1.3245132306394058,1.8071852268502486,0.6871793124190652,-0.3109521237901186,0.536717187462917,0.6352776387960754,-0.41955180763075056,0.14044382062809593,-1.2276670806489094,-0.9632428289364611,0.7990888015039933,0.799517801190897,-0.6792088774839621,-1.447023396489,0.6502495675132169,-1.1749503167018178,-1.2425374701142073,1.0656428496890946,-0.10356597743582499,-1.0652929104489797,0.9458330454822995,0.17917071116301783,0.9081147983175831,0.9825505632601187,0.6567532981406196
-0.16508616799479878,-0.07668038465661907,0.02739255584429353,0.9364113214464653,-1.8800842168621401,1.8299075312986177,2.727446961944354,-2.0592664912564,6.047365396409303,-1.713856552504575,1.2234386971122615,0.3089481367707187,-0.13498997619899436,0.8717763121272832,-1.25754863564505,0.3634117126811532,0.07982180596461058,1.5118003927528576,-2.4324418736282767,0.596542537982907,4.148093569974643,4.959622474075487,-1.996635423178683,-2.2389951584250745,-4.560635108288959,0.3184879275968207,0.3796249521901572,-0.6222619852273091,1.544701185590877,-2.643730553153805,1.3245132306394058,3.338766749729464,4.19291055622659,0.2809639726040453,-0.37309867776368155,2.7359466624478697,1.22829905472986,-2.4728386927461665,0.4392660018307759,-2.892467568387647,-2.4280830498653048,1.1543144332558677,3.578775141718848,-3.291389234123061,-4.1369057131709095,1.1933815478595589,-2.279266417528312,-2.709207989354836,1.652011511996931,-0.7616812329495782,-2.187425300435309,1.838414191665388,0.6951546247891194,1.632578304520014,1.0313746050569674,3.1343378131585977
-0.7471574846356421,-0.12805783718395525,-0.19869811160818251,1.135546971992617,-1.8427430935546143,2.4240378853065043,3.706247200721657,-2.3794828600980393,7.329115130233094,-2.3937992990617105,1.4543791263048147,0.5262491193307658,-0.17887887880051104,1.0031515590474358,-1.6603170662617708,0.529453391211431,0.010411125931689056,2.0782451819658636,-2.8155445841670472,0.552247356752303,5.455392160869081,6.085808948392542,-2.426139580482989,-2.402503781530697,-5.789869414753374,0.5757069865261535,0.7348678861880087,-0.7069024014788751,1.9445240976417373,-3.3101801793435626,1.8071852268502486,4.19291055622659,5.343130560583642,0.6619089756956965,-0.5574883992057805,3.1416021575604556,1.622556578115112,-2.8042396579040028,0.5327469832322617,-3.673111877029518,-3.0472520420787528,1.6296751909014882,4.159410468187768,-3.7958769612671963,-5.091998335852046,1.5915885055625487,-3.0047075291386642,-3.489414505792457,2.2924192150987923,-0.8487393610850453,-2.8518118213296266,2.422682521244514,0.8213459146318344,2.1896513773157524,1.601620303340302,3.6222933388769682
-2.168490106403651,-0.13431843531966428,-0.9297862080924629,-0.08314343778558075,1.9090184338764868,0.6557781489534112,1.354379396503886,0.6517618980294204,-0.5485026084632364,-1.1095717695795568,-0.22159172382724754,0.5788786458916789,-0.047844805981341394,-0.29231595371528607,-0.43312560941409156,0.3216539959521263,-0.35352907206676676,0.844358887186645,0.7486742592489207,-0.7392028304648847,1.3325378355442175,-0.14964310289115543,0.15772002581882957,1.4459247751784454,-0.636822310593038,0.7292890948675097,1.0636495257063439,0.24452212887834027,0.14966868306813372,-0.18539339273054858,0.6871793124190652,0.2809639726040453,0.6619089756956965,1.2574394224272314,-0.3846555324283203,-0.9446573809419736,0.4222278492162231,0.9944996149099151,-0.03784050999964473,-0.4081415725817112,-0.1986527762626194,0.8186875850345142,-1.033623313042448,1.0689439014145405,0.06491505358832947,0.47297689219464967,-0.7630866071472202,-0.5784363977528479,1.0106567841813587,0.3648025054211586,-0.6031371874485432,0.6114681373912861,-0.1479781136505259,0.6944788375718064,1.3108397967842225,-0.9899332262374271
0.6356312431659304,0.04395246091583163,0.26193956398921436,-0.058990214512538226,-0.3836262422452494,-0.34924830487938563,-0.6239540394910401,-0.005709180363612004,-0.3708254061544524,0.46644398741840526,-0.040457466106352515,-0.1913554030395665,0.02660774277728996,0.007425307356117058,0.23067304522386495,-0.12461285759516282,0.09263560784438087,-0.37429420192314605,-0.0023462381850542237,0.15533061669313222,-0.7435960127510779,-0.38959759739739797,0.131116467220858,-0.21680312719280206,0.5782819599890802,-0.23581636973752604,-0.3366272882417151,-0.01639461129141269,-0.17692309441486317,0.2822801910724453,-0.3109521237901186,-0.37309867776368155,-0.5574883992057805,-0.3846555324283203,0.14452476092776875,0.030407389837535246,-0.22918246636376724,-0.06780690556846895,-0.02691098342329807,0.3678386565801757,0.2674558201785286,-0.3323674488429844,-0.015568571664638788,-0.018956662397530768,0.345057196434509,-0.23797321774168598,0.415028592237609,0.40001027339219875,-0.4315843959464902,-0.03904386274630754,0.3632406055651298,-0.33390233356362453,-0.018820732492074783,-0.3414605080255706,-0.464351142808027,0.007705024736579589
1.9164549062328213,0.059176611523442765,0.9104473078489037,0.9217155644422846,-3.508879695965724,1.0218410150137784,1.163361753921104,-2.4732215551892938,5.96192675016311,-0.4848584823411224,1.3109335999546403,-0.27372536047089985,-0.07611914876069142,1.0625827717049163,-0.7182696047561679,0.020742200424904766,0.4087102959788005,0.5559009994035566,-2.900984953626047,1.2414306132700927,2.4622187343420996,4.603716784905913,-1.9465495544217633,-3.391353495348325,-3.4955230664629755,-0.40811353775486453,-0.671543479118067,-0.7924073909631657,1.2467806738143834,-2.2012415640719007,0.536717187462917,2.7359466624478697,3.1416021575604556,-0.9446573809419736,0.030407389837535246,3.360839645710302,0.7029985536515062,-3.171590732474776,0.4310218869321188,-2.21287063996059,-1.9947297295699036,0.2581214210208975,4.203314110220504,-3.97859082113224,-3.783511642502564,0.6226864581538838,-1.3231273524164948,-1.8856946591750376,0.5231813590234238,-1.0323769584318994,-1.3931004718420843,1.0710043576916781,0.7662931278276803,0.80725153994643,-0.3208153486073421,3.762542560651923
