V1,V2,V3,V4,V5,V6,V7,V8,V9,V10,V11,V12,V13,V14,V15,V16,V17,V18,V19,V20,V21,V22,V23,V24,V25,V26,V27,V28,V29,V30,V31,V32,V33,V34,V35,V36,V37,V38,V39,V40,V41,V42,V43,V44,V45,V46,V47,V48,V49,V50,V51,V52,V53,V54,V55,V56
9901.992351004661,5478.669162468294,-3137.0265754522056,12241.214633616888,-1433.0090279221358,5696.691322301161,3408.733848139407,753.6414321202585,14429.212275103555,-4464.769393374621,6794.182153091773,1836.328070915767,-4327.7016734268855,-668.8126974333945,-1956.3600214767198,4549.0089520225465,-466.21435390839974,-5530.284394414042,3127.2010188211148,2641.1364185006896,-1795.2519089588764,-7355.39908512482,-8971.064886119333,7682.762312907543,-5264.590776079528,-194.82799667247627,-4023.648424525038,-12963.947540791032,3244.509025428213,1741.3434174314023,-1299.249688399576,3665.884174071446,309.45323061870323,-4739.904184792047,13665.542910458089,-3548.2319617060753,-12627.172815308064,17587.36927775631,-7502.961465616552,-4402.185754301405,9017.510976348403,-328.66521276516517,-11163.02336275816,-1568.952380627703,-1331.159323336558,-128.25479707261115,11594.470693611764,-5855.08950277308,1695.6919491691801,8523.129680469514,473.67712351414946,-1638.026893431719,15779.898998186292,-2786.3911000302996,8542.292917803128,-2923.837189528929
5478.669162468294,3031.742069953848,-1735.8620187536662,6772.819526048666,-792.9469259113425,3151.7084348601966,1885.3988106795214,417.1213006394631,7982.625887455683,-2471.132538518952,3758.9306366346805,1016.566392245903,-2393.708218708795,-370.0543446865054,-1082.5343395947868,2516.843824818146,-257.8699180657978,-3059.919541808325,1729.8619209986596,1461.1073912713118,-993.6167367741173,-4069.74049812663,-4963.146145522167,4250.364113985137,-2912.4132321388283,-107.70109224884969,-2225.6580614943864,-7171.623464504475,1795.6793412891325,963.2644881490088,-718.5381656226409,2028.766969151914,171.14035124460668,-2622.1073292799074,7560.260368828194,-1962.6514699597785,-6986.582393389095,9729.785711956101,-4150.499364099462,-2434.867551939238,4989.042673846681,-181.52556772625147,-6175.4412869135485,-868.4303547744228,-736.3018784445999,-71.0156602236245,6414.52583622318,-3239.779418580888,937.8272798307837,4716.185677797742,262.10819907738033,-905.8873563579625,8730.3901448525,-1541.1954110616475,4726.068715368838,-1617.3552834997504
-3137.0265754522056,-1735.8620187536662,993.9093636570805,-3878.030683824145,454.0349491892993,-1804.6567894308666,-1079.647759680693,-238.82195134426934,-4570.877174520016,1414.8062245119177,-2152.347168842706,-581.9887914482293,1370.7034971936669,211.87534872392192,619.8349419442907,-1441.1004374511379,147.67929643772032,1752.0514629317747,-990.54093265814,-836.6561470967132,568.8825885904263,2330.2688848142207,2841.8946788158764,-2433.7588133595955,1667.6542818832725,61.661688899628004,1274.471217238467,4106.572416583882,-1028.0933274702707,-551.5775765059153,411.4478185912796,-1161.5724282384458,-98.0041444361499,1501.4112656022162,-4329.003798307751,1123.8805643909275,4000.4113903314465,-5571.2761684781935,2376.6443637015655,1394.29949299667,-2856.6873635970974,103.99438062621752,3536.1027619799384,497.1896042930165,421.6306900302671,40.6561246145687,-3672.9439746445673,1854.996143132558,-537.0323386918614,-2700.364213304113,-150.06666747337093,518.780433742034,-4998.998803561899,882.5232466100745,-2706.1365645207643,926.1482636290744
12241.214633616888,6772.819526048666,-3878.030683824145,15133.33648134807,-1771.4110066196486,7042.5049950492485,4214.281138204973,931.6850129337934,17838.522730327553,-5519.2695521473715,8399.407865237446,2269.929331792859,-5350.567671275683,-826.8720022107049,-2418.378757984873,5623.869050056551,-576.2476764251716,-6836.897668959452,3866.2215188397663,3265.075579626984,-2219.1715279609084,-9093.104251356073,-11090.691229220149,9498.119108857427,-6508.6654571516065,-241.12675685217317,-4974.467675532379,-16027.084358378688,4010.8314261881515,2152.8581366847957,-1606.6490997922917,4531.713048513431,382.62635248095194,-5860.204451011399,16894.369740659808,-4386.61332350106,-15610.268285817423,21743.201655943303,-9275.831843665721,-5442.524542628873,11148.067733952166,-406.4299953581916,-13800.90099583084,-1939.5583571451507,-1645.7198654801552,-158.6162608479165,14334.12690424372,-7238.473492612843,2096.5700175047427,10536.471826943924,585.6461817124908,-2024.979925385686,19507.870433699572,-3445.052893292082,10560.3534156442,-3614.6078115658224
-1433.0090279221358,-792.9469259113425,454.0349491892993,-1771.4110066196486,207.44757686101428,-824.352141679681,-493.1361127508088,-109.10270183167917,-2087.867507732972,646.3093566122509,-983.1601269646178,-265.8839456064618,626.0287488586562,96.75540960968388,283.16994800871936,-658.2203213619584,67.49894981398583,800.2989934839558,-452.4151951336039,-382.20533913140156,259.8879151014028,1064.4548825788393,1298.1150230635924,-1111.6638668569274,761.6931400614428,28.092138596831283,582.1332172818298,1875.812513942835,-469.6398329296929,-251.92950927017796,187.83268606229387,-530.6300023504514,-44.75684251760433,685.6963460306922,-1977.3798725640352,513.3783325032149,1827.3710906890722,-2544.7234916320326,1085.589184510046,636.8607944134778,-1304.867559978583,47.49827924780692,1615.1448621464797,227.10561980774602,192.58911349236476,18.56571403066878,-1677.6790335411313,847.2890703012047,-245.24959602827502,-1233.5442913063537,-68.525589777068,237.00724694720904,-2283.5435616254995,403.0414270769398,-1236.1618135401889,423.07787860008614
5696.691322301161,3151.7084348601966,-1804.6567894308666,7042.5049950492485,-824.352141679681,3277.777302463164,1961.513702997877,433.2522549677408,8301.749461244865,-2568.0893330053914,3908.81703703039,1056.110030598809,-2490.224698872039,-384.8482370592575,-1125.6480455833362,2617.231988123791,-268.3430922097906,-3181.4025165331986,1799.4287923819466,1519.5951927985407,-1032.8427502746752,-4231.41650644016,-5161.370310815609,4420.001274697146,-3028.999736823358,-111.96575292852488,-2315.1924434900557,-7458.864498262495,1866.3459741872985,1001.9209729852336,-747.4055684732781,2108.829045906962,178.00901963696182,-2727.0559062573534,7862.432841889537,-2041.7408773344775,-7264.413878697375,10118.646829526959,-4317.038649252668,-2533.0702642912006,5187.998167149556,-189.18086950270438,-6422.447409910604,-902.3831068791519,-765.953747283979,-73.51933240366614,6670.392291388307,-3368.2577448643865,975.7373630809858,4903.258212424383,272.4703775660429,-942.7875228405998,9078.617612944838,-1603.2404165359276,4914.865285718749,-1682.399236949729
3408.733848139407,1885.3988106795214,-1079.647759680693,4214.281138204973,-493.1361127508088,1961.513702997877,1174.4385693403929,259.14143505872306,4968.68382207156,-1535.7550097534045,2339.228701321331,631.3112663954549,-1491.0517251953322,-230.2936102648206,-673.359210314959,1566.2462235328187,-160.58116350836085,-1903.6890312808607,1077.2069553878086,909.4803672608373,-617.6145803239481,-2531.9259304738894,-3088.9973294052834,2645.4237325331655,-1813.0472317955873,-67.24226516585227,-1386.0393747718515,-4464.598617748683,1116.1753441067183,599.779053605187,-447.80773574218586,1261.3080426940885,106.63545253716573,-1632.4796228618354,4705.593275494532,-1222.3012575448163,-4346.7599562532105,6056.308354127085,-2584.140611597301,-1516.6818969136073,3104.7303297961494,-113.57240657359453,-3844.3114928708674,-539.6143709336955,-458.5710560446507,-44.00251733335081,3992.2454273028034,-2015.3566691123733,584.3648960001772,2933.496317819482,163.04683133596168,-564.5146253159178,5432.9025111363935,-960.0123212739807,2941.1840769412606,-1007.0825963805438
753.6414321202585,417.1213006394631,-238.82195134426934,931.6850129337934,-109.10270183167917,433.2522549677408,259.14143505872306,57.60922590640083,1097.9006067870412,-340.1749762379363,517.0768538591045,139.99293504737858,-329.0979741148298,-50.851803532185166,-148.77010772388556,346.1333413890869,-35.374892964918665,-421.0920735802072,237.79762904157536,200.92178548469,-136.58935157602713,-559.9853473306646,-682.64497467163,584.7556709240597,-400.5577655190279,-14.957242562560197,-306.01027183071193,-986.3112162007973,247.0994184490131,132.4683480859418,-98.99825333761069,279.1178312953018,23.57941838405788,-360.71292667427394,1039.7426897899984,-269.7644121225513,-961.1363784900919,1338.3378984071655,-570.7065787849851,-334.758113455334,686.2418237655427,-24.961850021474177,-849.5174259188732,-119.59241837310252,-101.23145094759553,-9.975526744237454,882.5393832268488,-445.82028312545907,128.95323325244155,648.7946664477804,36.0901174023789,-124.35309890203551,1200.7896983181054,-211.9710304129598,649.8409745363623,-222.3194855590454
14429.212275103555,7982.625887455683,-4570.877174520016,17838.522730327553,-2087.867507732972,8301.749461244865,4968.68382207156,1097.9006067870412,21028.645766573336,-6504.314185408913,9901.114235046225,2674.669076055203,-6308.339339375807,-974.6928625805436,-2850.4974809377045,6629.297552585797,-679.3815316718867,-8058.789095853035,4558.0114888119515,3849.0287018977474,-2615.3213360768805,-10718.233915378643,-13073.867112630442,11196.559662418844,-7672.8201366430885,-284.39115725229266,-5864.6616929443535,-18893.886318876328,4726.819748487654,2538.0281608308596,-1894.4045645318329,5340.904615892688,451.145305112551,-6908.474695598132,19915.473415554596,-5171.664494987565,-18400.28766417868,25631.67161521376,-10935.263580711198,-6416.780087414282,13141.172939707183,-479.6117670721844,-16269.354287894012,-2285.627573135459,-1940.2576659572537,-186.81798745466594,16897.205340716726,-8531.918289528889,2472.0126877406396,12419.053298170345,690.2846624740882,-2387.6874511494652,22995.552268175376,-4061.7159450143768,12448.496914090605,-4261.359804988963
-4464.769393374621,-2471.132538518952,1414.8062245119177,-5519.2695521473715,646.3093566122509,-2568.0893330053914,-1535.7550097534045,-340.1749762379363,-6504.314185408913,2014.7368036446787,-3063.059921757178,-829.0589360586755,1949.8471829555208,301.5366255853413,882.2456631137679,-2050.900055270598,210.0551475205286,2493.7562594217006,-1409.2502975521297,-1190.4933097610697,809.9853788302403,3316.735235988401,4044.1516507634587,-3463.3656368637157,2372.956170424307,87.70198130900059,1813.1186679079412,5843.1395931231955,-1463.910748729371,-784.7790018074616,585.242615517567,-1653.7892221755142,-139.40016240921196,2136.3709397656676,-6160.250164115741,1598.817535233292,5693.7312630000915,-7927.897391531844,3381.489266315527,1983.3735819001965,-4065.4389423893736,147.6288099597053,5031.617066187869,708.0966113079194,599.8075191800572,58.0134185551885,-5226.895982341475,2640.4543665071565,-763.8426006112098,-3843.7939131670705,-213.63048300584705,737.7342683083293,-7114.187787449672,1255.4365499631615,-3851.03806277843,1317.6050080967425
6794.182153091773,3758.9306366346805,-2152.347168842706,8399.407865237446,-983.1601269646178,3908.81703703039,2339.228701321331,517.0768538591045,9901.114235046225,-3063.059921757178,4661.952954363434,1259.6876949810962,-2969.937185641712,-458.9224477118183,-1342.2188436223973,3121.396352532398,-319.8597289235685,-3794.6298084086266,2145.962564090629,1812.2707506564277,-1231.5818014197823,-5046.878137871906,-6155.7513203547915,5271.835620542633,-3612.5988625951754,-133.8617397958075,-2761.142233925833,-8895.827985636604,2225.930656781041,1194.9521833724175,-891.838276448989,2515.053950607737,212.39621284205455,-3252.6854092457634,9377.021603714154,-2434.8556272765877,-8664.053943974839,12068.370136400694,-5148.575887038263,-3021.003431359888,6187.530599269341,-225.68999786597038,-7660.155257456217,-1076.3879408529965,-913.4851839695442,-88.03160428001274,7955.989628973786,-4017.452271638023,1163.768238855777,5847.862816384247,325.0360693070088,-1124.0497363240888,10827.508845174354,-1912.2440228711205,5861.342697941502,-2006.3231608835333
1836.328070915767,1016.566392245903,-581.9887914482293,2269.929331792859,-265.8839456064618,1056.110030598809,631.3112663954549,139.99293504737858,2674.669076055203,-829.0589360586755,1259.6876949810962,341.27210639883657,-801.525965655527,-124.00313358418303,-362.9201586731013,843.4264799746608,-86.37945548622551,-1025.673787064661,579.3881531123673,489.55281674139997,-333.28628458597456,-1364.1900684029333,-1663.0773374272546,1424.2126621828083,-975.728667578634,-35.98772820176025,-745.4143379487182,-2402.6244165358708,602.3483155896901,322.66230359740166,-240.4811381071192,680.4211653734274,57.28973145557026,-878.3857450474792,2533.236655075277,-657.3139596582112,-2341.82028642721,3259.999552585705,-1390.358647937945,-815.3248712034099,1671.9137879590364,-60.56989257951669,-2068.931200581752,-291.39326946743734,-246.58849957832933,-23.888882810901638,2149.447575101606,-1086.0618063334675,313.94111669359734,1581.1146384490899,87.86430430797252,-303.23245753422367,2925.7769406082193,-516.0614486493757,1583.7499571963779,-541.7394455223582
-4327.7016734268855,-2393.708218708795,1370.7034971936669,-5350.567671275683,626.0287488586562,-2490.224698872039,-1491.0517251953322,-329.0979741148298,-6308.339339375807,1949.8471829555208,-2969.937185641712,-801.525965655527,1893.138814672764,292.3979683701972,854.7842216120712,-1988.5704454405527,203.7777636477074,2417.052316507477,-1367.6525173225612,-1154.6209554176623,784.024294029182,3214.6278570594336,3921.860006690247,-3358.794781607954,2301.9662586074337,85.54963796708059,1759.7312150863563,5668.294801294816,-1417.1082605360616,-761.5172719553132,568.7827905385835,-1601.3206854221585,-135.41872198960337,2072.837629969804,-5974.289403958093,1551.7698832464378,5518.6943257751955,-7689.420091747234,3280.8377865059333,1925.6042984230878,-3941.8423639991825,144.21286653643688,4880.993176819152,685.1579267242714,582.2029644870004,55.968346588191366,-5068.8287818379285,2558.8683684781286,-741.9941569228307,-3724.3284427852263,-207.0559084478423,716.5561366787653,-6897.546629141468,1218.9671808986195,-3734.0088765931555,1278.503043813543
-668.8126974333945,-370.0543446865054,211.87534872392192,-826.8720022107049,96.75540960968388,-384.8482370592575,-230.2936102648206,-50.851803532185166,-974.6928625805436,301.5366255853413,-458.9224477118183,-124.00313358418303,292.3979683701972,45.20972842224897,132.15699230204527,-307.33156713215163,31.479040287406736,373.53288815736147,-211.29183456057163,-178.38286441400496,121.27772468276393,496.7956624601933,605.9902640553172,-518.9478733745278,355.66058782204055,13.179729460114226,271.8145554164853,875.6839917495544,-219.15064527143034,-117.64106271300273,87.79277124097187,-247.6058459775716,-20.897557812333776,320.2431899546029,-923.1335317613908,239.69390771993267,852.8980558321073,-1188.071581904025,506.84439409713633,297.38576241791617,-609.1317759460428,22.190725032086892,754.0582617862573,105.96947159092345,89.92323578139873,8.622315812759918,-783.1700730933926,395.5102140429076,-114.57878214434213,-575.6866995695998,-32.006965399203224,110.65580749011812,-1065.8555589628115,188.2611628333559,-577.0337647816872,197.49585768269895
-1956.3600214767198,-1082.5343395947868,619.8349419442907,-2418.378757984873,283.16994800871936,-1125.6480455833362,-673.359210314959,-148.77010772388556,-2850.4974809377045,882.2456631137679,-1342.2188436223973,-362.9201586731013,854.7842216120712,132.15699230204527,386.7049772224895,-898.7156831626767,92.20012708123437,1092.4701750957756,-617.7716622824806,-521.8084975574134,354.89814474373463,1453.1124817859436,1772.2638810075705,-1517.5940130630777,1039.9498570038777,38.26874575786624,794.8160561870842,2560.9566911814454,-641.1565091465544,-343.9674898710723,256.3245364901632,-724.4359779700084,-61.06549299061691,936.153979650646,-2699.7318308033905,700.9931398583207,2494.729461250563,-3474.1718155687745,1482.1999795378565,869.5334379940603,-1781.4745774581459,64.81830982901062,2204.969145309205,309.99115745631866,262.95222929955673,25.182006454556035,-2290.2695978812208,1156.680587420325,-334.8561181101752,-1684.0570175327991,-93.54383958415391,323.7075284317697,-3117.601637004212,550.2623169002886,-1687.8237312852484,577.6650007362028
4549.0089520225465,2516.843824818146,-1441.1004374511379,5623.869050056551,-658.2203213619584,2617.231988123791,1566.2462235328187,346.1333413890869,6629.297552585797,-2050.900055270598,3121.396352532398,843.4264799746608,-1988.5704454405527,-307.33156713215163,-898.7156831626767,2090.044360124583,-214.12716940295795,-2540.6863371209897,1436.8915228420478,1213.3571690073113,-824.6851066438072,-3379.0880994379104,-4121.587220009382,3529.7257451031787,-2418.860079336106,-89.6517267780788,-1848.712911956352,-5956.107877484547,1490.432004640616,800.0885173252253,-597.1625374975562,1684.0008405704518,142.1961919796715,-2177.9258441477573,6278.44685837765,-1630.232266869442,-5801.013629749615,8080.467060491415,-3447.2168774300653,-2022.67868308281,4142.905959640611,-151.05130428910786,-5128.828833314266,-720.7281802180818,-611.612202798358,-58.880839053380306,5326.89031103253,-2689.9564543656497,779.2294148994605,3915.4825138808483,217.65220172201114,-752.5841501901373,7249.498382483385,-1280.3805391287603,3924.4951286692976,-1343.301545527888
-466.21435390839974,-257.8699180657978,147.67929643772032,-576.2476764251716,67.49894981398583,-268.3430922097906,-160.58116350836085,-35.374892964918665,-679.3815316718867,210.0551475205286,-319.8597289235685,-86.37945548622551,203.7777636477074,31.479040287406736,92.20012708123437,-214.12716940295795,22.04989760136123,260.24052914613685,-147.26785398511902,-124.42024359152752,84.55369734881879,346.2174390189314,422.37687180923893,-361.62816097184543,247.83683157397058,9.029384076808482,189.50656854836194,610.4791884976111,-152.67879734457918,-81.98690470531021,60.984837118338945,-172.55889430395555,-14.5432696252073,223.02327602412493,-643.4424195607456,167.19454255673875,594.4434204151305,-827.8961788680635,353.3603710417273,207.35221030002592,-424.51814766877175,15.502130261022192,525.4671242168897,73.7647020951521,62.704135150515725,5.9297716185457405,-545.7201179479958,275.48943923602025,-79.81617078186623,-401.2339172496949,-22.25481105415745,77.3067514136123,-743.0474570023006,131.13315684975868,-402.3326784875035,137.7756661641222
-5530.284394414042,-3059.919541808325,1752.0514629317747,-6836.897668959452,800.2989934839558,-3181.4025165331986,-1903.6890312808607,-421.0920735802072,-8058.789095853035,2493.7562594217006,-3794.6298084086266,-1025.673787064661,2417.052316507477,373.53288815736147,1092.4701750957756,-2540.6863371209897,260.24052914613685,3088.8913520936667,-1746.5142538262362,-1475.0003721731835,1002.5528466166786,4108.162690365958,5010.400753107359,-4291.036043661831,2940.364914787861,109.04270299577955,2247.1676746738854,7240.350959693816,-1812.1321160358136,-972.5598039017195,725.9487465302119,-2047.413006014671,-172.88211573271607,2647.4884071346273,-7632.223975793456,1981.534338612274,7052.4124054025915,-9822.906898984278,4190.329975302033,2458.5713606418885,-5036.382924593737,183.56103890624811,6234.843045841034,876.3924396515422,743.4296926700142,71.815535431053,-6475.87780242092,3270.332454776393,-947.1062222113112,-4760.220529143251,-264.6159724276967,914.5880714316052,-8813.014051572349,1556.3267498978048,-4770.67933267839,1632.825429010006
3127.2010188211148,1729.8619209986596,-990.54093265814,3866.2215188397663,-452.4151951336039,1799.4287923819466,1077.2069553878086,237.79762904157536,4558.0114888119515,-1409.2502975521297,2145.962564090629,579.3881531123673,-1367.6525173225612,-211.29183456057163,-617.7716622824806,1436.8915228420478,-147.26785398511902,-1746.5142538262362,988.1175927890434,834.2711937626766,-566.708677182062,-2322.8703117735236,-2833.7350390962624,2426.814650318078,-1663.1955173488707,-61.69320412664141,-1271.3530545558338,-4095.4219618915827,1024.205233579226,550.1827212284398,-410.74734853653473,1157.3136065682008,97.8006588359707,-1497.5654736856493,4316.71903033168,-1121.1378130514831,-3987.816902898113,5555.787610487319,-2370.4273091652353,-1391.118339202424,2848.2413352088092,-104.07153441017219,-3526.509288561969,-495.19572996531195,-420.6191007906721,-40.39546659036869,3662.3722823348717,-1849.0435874587583,535.9825308053901,2691.369764480974,149.60686760492752,-517.6994173977749,4984.0102710646925,-880.5756277416375,2698.1530365085237,-923.7393238277248
2641.1364185006896,1461.1073912713118,-836.6561470967132,3265.075579626984,-382.20533913140156,1519.5951927985407,909.4803672608373,200.92178548469,3849.0287018977474,-1190.4933097610697,1812.2707506564277,489.55281674139997,-1154.6209554176623,-178.38286441400496,-521.8084975574134,1213.3571690073113,-124.42024359152752,-1475.0003721731835,834.2711937626766,704.5710751653678,-478.73343252670435,-1961.8178496909861,-2393.001789088758,2049.3333699653817,-1404.3599258983338,-51.94806755576178,-1073.4692760559194,-3458.3475075271535,865.1622720602162,464.5409166530652,-346.6046279489383,977.594165271055,82.5613179083898,-1264.3727718932685,3645.276406021952,-946.673741028963,-3367.94709803027,4691.412667469602,-2001.597718299683,-1174.534271329323,2405.299723122027,-87.79819194753128,-2977.810064646497,-418.3079849103436,-355.15081821434046,-34.14871141965785,3092.7189522569706,-1561.5566987061475,452.4278960736314,2273.1719987331053,126.31338582119024,-437.1408336585244,4209.15070974854,-743.3756687373444,2278.630807051789,-780.060471660553
-1795.2519089588764,-993.6167367741173,568.8825885904263,-2219.1715279609084,259.8879151014028,-1032.8427502746752,-617.6145803239481,-136.58935157602713,-2615.3213360768805,809.9853788302403,-1231.5818014197823,-333.28628458597456,784.024294029182,121.27772468276393,354.89814474373463,-824.6851066438072,84.55369734881879,1002.5528466166786,-566.708677182062,-478.73343252670435,325.84704234619124,1333.4680458455657,1626.0915990445294,-1392.4128599700218,954.0860118825751,35.08180893177786,729.0759113653949,2349.478028209138,-588.6111782470659,-315.5366962606506,235.09108440579917,-665.0119906780183,-56.00702941420906,858.8549060666072,-2477.0433522844946,642.9838768381284,2289.3368163075556,-3187.5525082723375,1359.7305173578159,797.5255467843996,-1634.6588573868496,59.315017882323154,2022.9453213921727,284.6370769713736,241.18863541076078,23.144113205415184,-2101.390228742154,1061.5419599664522,-307.0998522523019,-1545.6060489917527,-85.85596959470595,296.8430161772852,-2860.638743257634,504.72464626784824,-1548.6766774734479,529.9180359995879
-7355.39908512482,-4069.74049812663,2330.2688848142207,-9093.104251356073,1064.4548825788393,-4231.41650644016,-2531.9259304738894,-559.9853473306646,-10718.233915378643,3316.735235988401,-5046.878137871906,-1364.1900684029333,3214.6278570594336,496.7956624601933,1453.1124817859436,-3379.0880994379104,346.2174390189314,4108.162690365958,-2322.8703117735236,-1961.8178496909861,1333.4680458455657,5463.888609887664,6663.873970906634,-5707.018200533361,3910.666159491087,144.87497530478848,2988.752137060882,9629.739202672501,-2410.1789270005843,-1293.501002329493,965.2781938870561,-2723.1298055100197,-229.894388940888,3521.0155181373234,-10150.938564874754,2635.53769024223,9379.801684160188,-13064.330367178154,5573.212924494379,3269.9130456179605,-6698.399046540204,244.12871800458242,8292.21352950366,1165.5700983977197,988.7772252428919,95.41950077794556,-8612.8068745516,4349.469079722406,-1259.5895362417652,-6331.1787965289695,-351.90379576915007,1216.5296149369458,-11721.507817448788,2069.8094146507055,-6345.194806887948,2171.733649101909
-8971.064886119333,-4963.146145522167,2841.8946788158764,-11090.691229220149,1298.1150230635924,-5161.370310815609,-3088.9973294052834,-682.64497467163,-13073.867112630442,4044.1516507634587,-6155.7513203547915,-1663.0773374272546,3921.860006690247,605.9902640553172,1772.2638810075705,-4121.587220009382,422.37687180923893,5010.400753107359,-2833.7350390962624,-2393.001789088758,1626.0915990445294,6663.873970906634,8128.281892082956,-6961.113930221559,4770.299870784003,176.78383950098646,3646.070290503077,11746.558502502516,-2938.942287530674,-1577.912263182977,1177.7031445240805,-3320.719061885264,-280.46745937038634,4295.072386963253,-12381.818182891242,3215.2300496974804,11440.022639812903,-15935.627705714043,6798.554034976712,3989.2779066684852,-8170.170048378464,298.1104652663394,10114.869637604193,1421.1323837792838,1206.25843349726,116.16979310198177,-10505.332839985458,5304.594958365577,-1536.8122551473311,-7721.388254708796,-429.1751403344675,1484.3803216436122,-14296.88056880669,2525.1442152113273,-7739.509883883126,2649.3063243480524
7682.762312907543,4250.364113985137,-2433.7588133595955,9498.119108857427,-1111.6638668569274,4420.001274697146,2645.4237325331655,584.7556709240597,11196.559662418844,-3463.3656368637157,5271.835620542633,1424.2126621828083,-3358.794781607954,-518.9478733745278,-1517.5940130630777,3529.7257451031787,-361.62816097184543,-4291.036043661831,2426.814650318078,2049.3333699653817,-1392.4128599700218,-5707.018200533361,-6961.113930221559,5961.692821987181,-4085.37939623493,-151.59653789006205,-3122.535895955209,-10059.871570170972,2516.831273302347,1351.359271770015,-1008.8856631001252,2843.7484836318417,240.25064158889512,-3678.5200112484404,10603.804757336344,-2753.4725109173705,-9797.221845723578,13647.597389153803,-5822.306212534126,-3416.4962107540946,6996.9751435047065,-255.37379477237116,-8662.698959799303,-1217.0818095338404,-1033.0514511884332,-99.64525524247314,8997.08268859966,-4542.963435455128,1316.224277512643,6612.47869781006,367.58524311547615,-1271.0861055155995,12243.764560033118,-2162.692583789931,6627.930227131378,-2268.8048248532527
-5264.590776079528,-2912.4132321388283,1667.6542818832725,-6508.6654571516065,761.6931400614428,-3028.999736823358,-1813.0472317955873,-400.5577655190279,-7672.8201366430885,2372.956170424307,-3612.5988625951754,-975.728667578634,2301.9662586074337,355.66058782204055,1039.9498570038777,-2418.860079336106,247.83683157397058,2940.364914787861,-1663.1955173488707,-1404.3599258983338,954.0860118825751,3910.666159491087,4770.299870784003,-4085.37939623493,2799.7316373183094,103.90704989577883,2139.9570763746856,6893.944884268068,-1724.4972730184684,-926.1149121180813,691.4342747886567,-1948.5275836031342,-164.63756621783682,2520.937423311773,-7266.631397113354,1887.0524658604736,6713.501622933843,-9352.507762031992,3990.0850267093692,2341.4689082079244,-4794.807161411068,175.08094930906236,5936.437773062783,833.8765852958976,707.9838241335865,68.17591547340365,-6165.415091388985,3113.011818167763,-902.1134527830535,-4531.049305999967,-251.8898286801101,871.1925787591288,-8390.199410196885,1482.1925667519545,-4541.979728940865,1554.8332428052418
-194.82799667247627,-107.70109224884969,61.661688899628004,-241.12675685217317,28.092138596831283,-111.96575292852488,-67.24226516585227,-14.957242562560197,-284.39115725229266,87.70198130900059,-133.8617397958075,-35.98772820176025,85.54963796708059,13.179729460114226,38.26874575786624,-89.6517267780788,9.029384076808482,109.04270299577955,-61.69320412664141,-51.94806755576178,35.08180893177786,144.87497530478848,176.78383950098646,-151.59653789006205,103.90704989577883,4.165253039451647,79.37787599872057,255.54980959568934,-63.70737078221,-34.38152635462822,26.09995680000628,-71.94559311288076,-6.179688039407201,93.79386796673586,-269.2473838147743,69.86763227993325,248.55073922503013,-347.00068448406705,147.89621903874234,86.91075534374832,-177.66832147534572,6.594717936381148,220.39999944957378,30.88306538746411,26.256936607600018,2.6981633677455275,-228.8047449322659,115.44381223057513,-33.6215416017475,-167.5662970183076,-9.397726317618307,32.104218661474334,-310.57516705616996,55.20842491353412,-167.98091949161383,57.51266134970812
-4023.648424525038,-2225.6580614943864,1274.471217238467,-4974.467675532379,582.1332172818298,-2315.1924434900557,-1386.0393747718515,-306.01027183071193,-5864.6616929443535,1813.1186679079412,-2761.142233925833,-745.4143379487182,1759.7312150863563,271.8145554164853,794.8160561870842,-1848.712911956352,189.50656854836194,2247.1676746738854,-1271.3530545558338,-1073.4692760559194,729.0759113653949,2988.752137060882,3646.070290503077,-3122.535895955209,2139.9570763746856,79.37787599872057,1635.8498216268988,5269.565114458173,-1317.7038715429496,-707.9041677492263,528.5169200138891,-1488.985272809239,-125.857429433015,1926.8269432471122,-5554.140893812759,1442.5744940463203,5130.932620484365,-7148.427500940099,3049.9926750485574,1789.9842839384703,-3664.696096186316,133.97316373024213,4537.514333166526,637.0941184842726,541.2166041100959,52.02277447233979,-4712.295272682774,2379.0129198629747,-689.6414393954084,-3462.7979403641075,-192.4738662923,666.1484777670748,-6412.7767512209675,1133.0212210314291,-3471.5801505741274,1188.590491646256
-12963.947540791032,-7171.623464504475,4106.572416583882,-16027.084358378688,1875.812513942835,-7458.864498262495,-4464.598617748683,-986.3112162007973,-18893.886318876328,5843.1395931231955,-8895.827985636604,-2402.6244165358708,5668.294801294816,875.6839917495544,2560.9566911814454,-5956.107877484547,610.4791884976111,7240.350959693816,-4095.4219618915827,-3458.3475075271535,2349.478028209138,9629.739202672501,11746.558502502516,-10059.871570170972,6893.944884268068,255.54980959568934,5269.565114458173,16976.177889416933,-4246.377817164192,-2280.4400387992696,1702.2367533136912,-4798.159935837572,-405.392698657954,6207.188780515272,-17893.611193763056,4646.9284773258005,16531.660808806082,-23029.582587472894,9825.424275162952,5765.803271977152,-11806.86354963983,431.17344292294257,14617.915576022233,2053.2321361441,1743.3958227372245,167.81070945471146,-15181.718700393381,7665.281703533923,-2221.2562879624884,-11157.565765381289,-620.14832750566,2145.576614228308,-20660.756496013986,3649.5976807723237,-11184.591485644407,3828.9400237395075
3244.509025428213,1795.6793412891325,-1028.0933274702707,4010.8314261881515,-469.6398329296929,1866.3459741872985,1116.1753441067183,247.0994184490131,4726.819748487654,-1463.910748729371,2225.930656781041,602.3483155896901,-1417.1082605360616,-219.15064527143034,-641.1565091465544,1490.432004640616,-152.67879734457918,-1812.1321160358136,1024.205233579226,865.1622720602162,-588.6111782470659,-2410.1789270005843,-2938.942287530674,2516.831273302347,-1724.4972730184684,-63.70737078221,-1317.7038715429496,-4246.377817164192,1063.7255486407396,570.3332382569075,-425.2967788201172,1201.7283259757735,101.29838308170729,-1552.5556201926727,4476.79541461855,-1161.9841607532605,-4137.558475144985,5761.343698974535,-2457.482148316128,-1441.463239743108,2954.383384570168,-107.3154806879189,-3656.5560677363683,-514.4876410691621,-435.91888036743524,-42.077063292159814,3798.368630765765,-1918.734186151552,555.1530528883667,2793.1977631104546,155.2339416151128,-536.23805322208,5169.928841846264,-912.401764205095,2798.6502943313085,-957.5896977150489
1741.3434174314023,963.2644881490088,-551.5775765059153,2152.8581366847957,-251.92950927017796,1001.9209729852336,599.779053605187,132.4683480859418,2538.0281608308596,-784.7790018074616,1194.9521833724175,322.66230359740166,-761.5172719553132,-117.64106271300273,-343.9674898710723,800.0885173252253,-81.98690470531021,-972.5598039017195,550.1827212284398,464.5409166530652,-315.5366962606506,-1293.501002329493,-1577.912263182977,1351.359271770015,-926.1149121180813,-34.38152635462822,-707.9041677492263,-2280.4400387992696,570.3332382569075,306.35499997796467,-228.74596970611242,644.4419361919777,54.46618074423341,-833.9000770446306,2403.6544215501253,-624.2473511722661,-2220.579832641009,3093.64130364429,-1319.894028690037,-774.588477968303,1585.9917892151107,-57.9533324079828,-1963.6957101816124,-275.7703483492565,-234.20595437555468,-22.54000792283376,2039.382190907066,-1029.6474091603368,298.4409275425825,1498.6563340674038,83.31307654794325,-288.21800892564403,2775.2500424868954,-490.32522854213187,1502.3722070779693,-514.3358871677481
-1299.249688399576,-718.5381656226409,411.4478185912796,-1606.6490997922917,187.83268606229387,-747.4055684732781,-447.80773574218586,-98.99825333761069,-1894.4045645318329,585.242615517567,-891.838276448989,-240.4811381071192,568.7827905385835,87.79277124097187,256.3245364901632,-597.1625374975562,60.984837118338945,725.9487465302119,-410.74734853653473,-346.6046279489383,235.09108440579917,965.2781938870561,1177.7031445240805,-1008.8856631001252,691.4342747886567,26.09995680000628,528.5169200138891,1702.2367533136912,-425.2967788201172,-228.74596970611242,171.43195330654922,-480.53806912748473,-40.774655224081826,622.9173613159558,-1793.9589168439563,465.88086412723106,1656.935781689183,-2309.6025300755396,985.2232910988259,578.4079077201241,-1183.6867987627545,43.43894491955541,1466.256628261969,205.73586674545868,174.85037151707965,17.05410004157387,-1522.5653787449194,768.5225501830445,-223.05027212274322,-1117.9764440046638,-62.257645333449865,214.93003194124478,-2070.84510272219,366.40186581744297,-1120.842354999554,383.7889761130439
3665.884174071446,2028.766969151914,-1161.5724282384458,4531.713048513431,-530.6300023504514,2108.829045906962,1261.3080426940885,279.1178312953018,5340.904615892688,-1653.7892221755142,2515.053950607737,680.4211653734274,-1601.3206854221585,-247.6058459775716,-724.4359779700084,1684.0008405704518,-172.55889430395555,-2047.413006014671,1157.3136065682008,977.594165271055,-665.0119906780183,-2723.1298055100197,-3320.719061885264,2843.7484836318417,-1948.5275836031342,-71.94559311288076,-1488.985272809239,-4798.159935837572,1201.7283259757735,644.4419361919777,-480.53806912748473,1357.6871345863403,114.46400195619564,-1754.2195722040387,5058.375703791374,-1313.0568863486296,-4674.862553816404,6509.7653091079555,-2776.8453508278913,-1628.8745457019,3338.1162422187053,-121.32646499950302,-4131.599522102933,-581.1915975047583,-492.5873578401802,-47.49070651678563,4291.7199651867395,-2167.805121113308,627.3251727232802,3155.8605721166296,175.36954555747118,-606.0442128528131,5841.497500483828,-1030.9821664068227,3162.232565394072,-1082.0856853719727
309.45323061870323,171.14035124460668,-98.0041444361499,382.62635248095194,-44.75684251760433,178.00901963696182,106.63545253716573,23.57941838405788,451.145305112551,-139.40016240921196,212.39621284205455,57.28973145557026,-135.41872198960337,-20.897557812333776,-61.06549299061691,142.1961919796715,-14.5432696252073,-172.88211573271607,97.8006588359707,82.5613179083898,-56.00702941420906,-229.894388940888,-280.46745937038634,240.25064158889512,-164.63756621783682,-6.179688039407201,-125.857429433015,-405.392698657954,101.29838308170729,54.46618074423341,-40.774655224081826,114.46400195619564,9.7055844698556335,-148.29214506145485,427.22333169154956,-110.95575222422804,-394.62918718838733,549.9750489269524,-234.62453356619076,-137.73479228640167,281.89196572849767,-10.341017601237636,-349.1513546570204,-48.99565289673584,-41.63884229961124,-4.0561738833526695,362.57286009392084,-183.0067187515191,53.09339809422548,266.2830540136267,14.81638717252864,-51.205795072430284,493.22034713443077,-87.22253253166554,266.9566496947555,-91.41568005212612
-4739.904184792047,-2622.1073292799074,1501.4112656022162,-5860.204451011399,685.6963460306922,-2727.0559062573534,-1632.4796228618354,-360.71292667427394,-6908.474695598132,2136.3709397656676,-3252.6854092457634,-878.3857450474792,2072.837629969804,320.2431899546029,936.153979650646,-2177.9258441477573,223.02327602412493,2647.4884071346273,-1497.5654736856493,-1264.3727718932685,858.8549060666072,3521.0155181373234,4295.072386963253,-3678.5200112484404,2520.937423311773,93.79386796673586,1926.8269432471122,6207.188780515272,-1552.5556201926727,-833.9000770446306,622.9173613159558,-1754.2195722040387,-148.29214506145485,2270.092191516042,-6542.695712396163,1699.0102070300445,6044.495521754286,-8421.117722081772,3592.60549433424,2108.308072629868,-4317.1319658695675,157.70443591535127,5345.330775417299,750.7914711463492,637.4658413259817,61.493804849958245,-5551.424728541912,2802.9540525699485,-812.3946159719075,-4079.403712623916,-226.84736632072773,784.2702755510686,-7554.068004898193,1334.7550888825522,-4089.254353124387,1399.8563472682656
13665.542910458089,7560.260368828194,-4329.003798307751,16894.369740659808,-1977.3798725640352,7862.432841889537,4705.593275494532,1039.7426897899984,19915.473415554596,-6160.250164115741,9377.021603714154,2533.236655075277,-5974.289403958093,-923.1335317613908,-2699.7318308033905,6278.44685837765,-643.4424195607456,-7632.223975793456,4316.71903033168,3645.276406021952,-2477.0433522844946,-10150.938564874754,-12381.818182891242,10603.804757336344,-7266.631397113354,-269.2473838147743,-5554.140893812759,-17893.611193763056,4476.79541461855,2403.6544215501253,-1793.9589168439563,5058.375703791374,427.22333169154956,-6542.695712396163,18861.300442009968,-4897.865291957732,-17426.45505997304,24274.76611824483,-10356.345481995584,-6076.974114467316,12445.606274820795,-454.1269880908951,-15407.964344260328,-2164.7206605320994,-1837.5216593802475,-176.85755725283246,16002.659572438686,-8080.3743407962365,2341.0755515961487,11761.888417587666,653.7467451667941,-2261.2864113909914,21778.41634095323,-3846.5978416490516,11789.678624211014,-4035.763764976061
-3548.2319617060753,-1962.6514699597785,1123.8805643909275,-4386.61332350106,513.3783325032149,-2041.7408773344775,-1222.3012575448163,-269.7644121225513,-5171.664494987565,1598.817535233292,-2434.8556272765877,-657.3139596582112,1551.7698832464378,239.69390771993267,700.9931398583207,-1630.232266869442,167.19454255673875,1981.534338612274,-1121.1378130514831,-946.673741028963,642.9838768381284,2635.53769024223,3215.2300496974804,-2753.4725109173705,1887.0524658604736,69.86763227993325,1442.5744940463203,4646.9284773258005,-1161.9841607532605,-624.2473511722661,465.88086412723106,-1313.0568863486296,-110.95575222422804,1699.0102070300445,-4897.865291957732,1272.20140087055,4524.625068836138,-6303.577286436287,2689.646414816096,1578.4981226160248,-3231.6310852863444,118.14009388960756,4001.2045712964327,561.7542229764776,477.27806966046853,45.780234087439204,-4155.310225394861,2097.7812206181507,-608.11025928463,-3053.6318649567656,-169.69474167507758,587.5660962480308,-5655.108946317688,999.0626892068059,-3061.495858023259,1048.2189137163696
-12627.172815308064,-6986.582393389095,4000.4113903314465,-15610.268285817423,1827.3710906890722,-7264.413878697375,-4346.7599562532105,-961.1363784900919,-18400.28766417868,5693.7312630000915,-8664.053943974839,-2341.82028642721,5518.6943257751955,852.8980558321073,2494.729461250563,-5801.013629749615,594.4434204151305,7052.4124054025915,-3987.816902898113,-3367.94709803027,2289.3368163075556,9379.801684160188,11440.022639812903,-9797.221845723578,6713.501622933843,248.55073922503013,5130.932620484365,16531.660808806082,-4137.558475144985,-2220.579832641009,1656.935781689183,-4674.862553816404,-394.62918718838733,6044.495521754286,-17426.45505997304,4524.625068836138,16102.438751956151,-22427.74632622262,9567.769334017303,5613.613405526626,-11499.29699474714,419.0715384452179,14235.28164763195,2000.8604538529626,1697.478921426944,163.62639980771513,-14785.545346018329,7466.667849768585,-2162.3661881894313,-10868.900000998696,-604.0816288222858,2088.6663965122666,-20122.672526348833,3553.2613391781347,-10893.152340232544,3728.4031883078414
