V1,V2,V3,V4,V5,V6,V7,V8,V9,V10,V11,V12,V13,V14,V15,V16,V17,V18,V19,V20,V21,V22,V23,V24,V25,V26,V27,V28,V29,V30,V31,V32,V33,V34,V35,V36,V37,V38,V39,V40,V41,V42,V43,V44,V45,V46,V47,V48,V49,V50,V51,V52,V53,V54,V55,V56
331.0412045462262,182.67586444543673,-104.84959355702884,408.6015178188248,-48.30268396895783,189.3682511903273,113.58359085596149,25.977885953684023,481.8353095114544,-149.11530156369435,227.08445107312144,61.42721045763975,-144.0694781654746,-21.83125473924609,-64.93442851423247,151.03510796309902,-15.728870333241673,-184.9844756932847,103.85106457070168,88.53782116566276,-59.26727896460215,-246.21268277807764,-299.5866942207848,256.99527627970434,-175.46555938710054,-6.486657636804082,-134.36989486294044,-433.6344174149103,107.97334374983427,58.07521381219399,-43.37724251945108,122.11750031378875,10.493949865130851,-157.70327558526566,455.82314226367873,-118.5199480258853,-421.89601813415027,586.8416419336335,-250.5283793049376,-147.18212386466982,300.8688974398045,-11.435017471579497,-373.2251404847193,-52.27887952508219,-44.51157421791369,-4.964988930891565,387.84540913437525,-195.20103999826915,56.4067422019063,284.3981656302463,15.674479565473458,-54.65255465552629,527.4487149902408,-92.80774413715542,284.8271110078962,-97.77972340516939
182.67586444543673,101.69002360262097,-57.95166679943753,226.43176617349818,-26.06600760001353,106.13744836504726,63.08737659127619,13.143564578569917,266.48426001598534,-82.75046739078861,125.32867106265735,33.99833439635785,-80.22663267028581,-12.872294639541806,-36.60782272917272,84.94723701171006,-8.444838192196702,-101.9307022917236,58.28069575693756,48.42836199595958,-33.97843856530329,-135.39557244251378,-165.69845312838115,141.44376638826023,-97.53186993545407,-3.5743379145851866,-74.20820971863546,-238.5835775574846,60.50712818360588,32.205481097382275,-23.906099534082692,68.2115558296613,5.5323211332062385,-88.06055465680083,252.93378991499299,-65.41337834613508,-233.22643265002802,325.2401315660243,-138.4944081283499,-80.96555777035375,166.88260168652607,-5.517948261455206,-205.61134469510662,-29.21230553794532,-24.48736849211886,-1.6858317526328142,213.47843864289507,-108.61071023895073,31.44932058484446,157.91012139190255,8.903918237367016,-30.22529159226068,291.08498067507907,-51.59801363893704,158.28273173345644,-53.808975612410094
-104.84959355702884,-57.95166679943753,33.22436764876044,-129.48728113113575,15.253916792837352,-60.10697571290325,-35.98174143110963,-8.133180391623979,-152.61762402866214,47.30311023424577,-71.9144272045977,-19.488145896143024,45.65567506797097,6.983417336883053,20.637416723794132,-47.96578882041597,4.960232782687711,58.577916187583234,-32.955977660205384,-27.998207747389586,18.89314113224197,77.94476991307057,94.89756135124566,-81.34446548954959,55.61270590463325,2.0469673072679773,42.53731088757875,137.23084353917844,-34.2981970509073,-18.397677312912236,13.717587688954834,-38.76781167812858,-3.2980890515685366,50.01227076749517,-144.4538276187239,37.51621652005939,133.6634602280796,-185.930051553904,79.33354018737154,46.558852278177575,-95.35176664607414,3.541296330220234,118.13550144669044,16.602602933027413,14.082254554349266,1.4852707281755682,-122.76559805868487,61.90673389339015,-17.874158118863644,-90.17634130715312,-4.986132919411294,17.29940657316382,-167.03921962235546,29.402914712892606,-90.29352126046446,30.941713419762795
408.6015178188248,226.43176617349818,-129.48728113113575,505.51135410952395,-58.89944485882505,235.70633803559826,140.81034634809657,30.63855841950731,595.6430943422434,-184.4369893023075,280.3669356630256,75.82501069792465,-178.8599930135614,-27.923765466936636,-81.02808888327591,188.3462275705506,-19.138615672987676,-228.15683033500804,129.42091421954584,108.81056683117369,-74.58070849525217,-303.3405070307642,-370.3343940082554,316.8838451044847,-217.5191510404904,-8.04683577254531,-166.0495267163167,-534.659326176613,134.25663802281235,71.91701898934478,-53.611278645325484,151.60139953979697,12.6689101765018,-196.00538028108787,564.4469330350917,-146.40811911722398,-521.2245143796042,726.2930215445484,-309.69188009581615,-181.54358755476122,372.44237631583286,-13.246826935580522,-460.50459930878765,-64.89492693883645,-54.89683554058063,-4.885589723542414,478.2363266984615,-241.97417964755425,70.09792835367527,352.0922645191221,19.64968676910694,-67.6029441345407,651.1523893743663,-115.13112266134203,352.918916561612,-120.58184113654005
-48.30268396895783,-26.06600760001353,15.253916792837352,-58.89944485882505,7.489616413691367,-26.414105962518672,-16.19477957812104,-4.6716685723956966,-69.74553337538084,21.521798496654682,-33.08851230424526,-8.95923228197601,20.387592748858797,2.583957900453641,8.928781343792421,-20.85522527173799,2.461244585801157,27.09987640024308,-14.391925747522118,-13.20721402008105,7.765506694024718,36.272260528646534,43.37345943851054,-37.704292183249386,25.025971231543263,0.927888106097436,19.48555218232844,63.62803270522487,-15.147528550414512,-8.330400156912802,6.294711432742952,-17.279677711573044,-1.70730477012979,22.186032113882813,-65.38794779017857,17.217869867226625,61.26552508721925,-84.43441625981168,36.26894814698201,21.55255052321505,-43.23746867417262,2.203483230811793,54.56955354763866,7.403852629466464,6.521729769160352,1.4934003885512341,-56.89633969192836,27.848356070701577,-7.940883455318108,-40.8426025058282,-2.1023845618494814,7.8799790934129845,-76.88234368567747,13.190375741040526,-40.7192890177223,14.33070783069971
189.3682511903273,106.13744836504726,-60.10697571290325,235.70633803559826,-26.414105962518672,111.72952751522824,66.01680865587554,12.390591313141076,277.14119600904706,-85.95752273481162,130.00941847259,35.156188211799495,-84.14043943078002,-14.158324884439672,-38.689411903950365,89.66958679391175,-8.554904351916386,-105.48586354663709,61.51044778420409,49.85090330672999,-36.381171072652975,-139.85692902851767,-172.2939960079882,146.3925114740243,-101.94360481474196,-3.72225258234591,-77.18492418848717,-247.02924072877823,63.45911091659918,33.60894707308434,-24.848247413479893,71.36784222304254,5.503226045802744,-92.4468091018612,263.8361267933311,-68.01189589106544,-242.14306339592187,338.9133819318472,-144.08880673159524,-83.95840848481059,173.9259877830281,-5.043471367260324,-213.1107801613805,-30.520707838957463,-25.38317385721299,-0.6785556042378983,220.93915973740224,-113.39000452647115,33.0468980269832,164.51492681110045,9.46967926976602,-31.550079304157588,301.9360769500456,-54.027723298079046,165.2863884406679,-55.76653284491794
113.58359085596149,63.08737659127619,-35.98174143110963,140.81034634809657,-16.19477957812104,66.01680865587554,39.390713850840214,8.160508540526479,165.94038911572184,-51.21657357592153,77.99016807422754,20.985448759809508,-50.08629989060538,-7.986516134485059,-22.713864697322165,52.812513419943144,-5.2732366001100806,-63.368025774458154,36.32756643664616,30.175027739509147,-21.01037864390801,-84.17732325947831,-103.14869258545441,88.080236927110235,-60.753284089340056,-2.256915045560672,-46.30336144107754,-148.69435465892994,37.45829926977591,20.079138965915412,-14.967083065849277,42.264584626472875,3.4682452397254484,-54.8645729697564,157.45174258710492,-40.82155082227855,-144.98252168603833,202.52889851700152,-86.33366238412056,-50.57554961192222,103.82232504496412,-3.5358431600949665,-128.12587998571905,-18.063534089474516,-15.286678422572026,-1.058456853637119,132.91853373136266,-67.46127709107807,19.658231494128163,98.04862674546715,5.525902156335656,-18.901675829705574,181.11737783999413,-32.21682407695549,98.47203024392444,-33.56120271124777
25.977885953684023,13.143564578569917,-8.133180391623979,30.63855841950731,-4.6716685723956966,12.390591313141076,8.160508540526479,3.8312220853180294,36.721797037771246,-11.220801836637987,17.744140353571286,4.804763237482364,-10.059421083328125,-0.502097654303668,-3.9724340257158124,9.481110885390114,-1.5537617195604305,-14.760060667954347,6.626549979145542,7.525540557505031,-2.849842491761251,-20.038118438482297,-22.847364626710345,20.622232724914724,-12.635087830800508,-0.5048641418340308,-10.316070716811357,-34.78156863424545,7.241388539780988,4.278060071642858,-3.385987333177467,8.483004694677712,1.187234497839438,-10.762244853073387,33.536417651693654,-9.14735276753246,-32.52661510017243,43.73187452587035,-19.101343895024513,-11.726037055776134,22.295449780901304,-1.9860251088556364,-29.581248737645844,-3.655671998268909,-3.5516621831291184,-1.9595124193268607,31.114734098269206,-14.067502685915343,3.8646104024633607,20.98897561172826,0.8658789869180304,-4.0801876684809155,41.236731750222134,-6.608253103817883,20.643125294118434,-7.795013196600428
481.8353095114544,266.48426001598534,-152.61762402866214,595.6430943422434,-69.74553337538084,277.14119600904706,165.94038911572184,36.721797037771246,702.2462677959512,-217.11709056495687,330.64531790966896,89.27152020518481,-210.67224304396802,-32.502361356929384,-95.13268217314666,221.2920011611528,-22.701707859876162,-269.1160601282975,152.18043088115755,128.56731134167887,-87.23748073122846,-357.9387083508838,-436.5899770215416,373.9444853110833,-256.21425869757053,-9.510183394413756,-195.87767646144832,-631.0502399295747,157.7551604099351,84.75928417326018,-63.29396476124657,178.2693397349945,15.086309537040302,-230.67690961483345,665.0165263981937,-172.73334182205565,-614.4144953196695,855.9344980688429,-365.2059392556991,-214.34853104474382,438.79792975391877,-16.082783746371,-543.3790830054555,-76.28204985334823,-64.81043737917716,-6.296910522166887,564.3303911911092,-284.84835027324067,82.56024498982617,414.6261522838738,23.036541934861862,-79.75257552720055,767.9218488344974,-135.65131195976468,415.64878633010386,-142.33169884939267
-149.11530156369435,-82.75046739078861,47.30311023424577,-184.4369893023075,21.521798496654682,-85.95752273481162,-51.21657357592153,-11.220801836637987,-217.11709056495687,67.52733464881373,-102.25376221327127,-27.819688073647164,65.05565056729127,10.18711060225066,29.599767152958155,-68.70100882027734,6.969246655821248,83.27564147202814,-47.11890351179223,-39.6582661634038,27.30156577388104,110.71995394973158,135.02131240608415,-115.52002057580724,79.25532299976926,2.9011413325167235,60.43758027269085,194.79412893016413,-49.13317115619123,-26.187873333572792,19.462333818126112,-55.450332834586476,-4.601497019403868,71.39442252049211,-205.77514968787162,53.28480967924029,190.23665060709928,-264.72003529347666,112.79660937549343,66.03038296876888,-135.84012443563884,4.750708450997428,167.7866994863503,23.771102504217094,19.976202477314484,1.7973925342900183,-174.3592694739274,88.35140273772654,-25.471281102925023,-128.60242577416798,-7.174378732694802,24.564976469615072,-237.50676499813574,41.87367853671945,-128.71425982056698,43.907772219925896
227.08445107312144,125.32867106265735,-71.9144272045977,280.3669356630256,-33.08851230424526,130.00941847259,77.99016807422754,17.744140353571286,330.64531790966896,-102.25376221327127,155.79766007868182,42.0993317245744,-98.941978433507,-15.026038417388948,-44.57292913895006,103.7147391375532,-10.774271572463377,-126.8906417307344,71.33162767491979,60.721626685424674,-40.69989593501704,-168.8677281954362,-205.5738323292801,176.31765460541607,-120.450963600873,-4.471020642046839,-92.2270432350622,-297.5211193956356,74.08049957347848,39.86673249497459,-29.800476364367125,83.77832511424792,7.192357784609948,-108.29645130833576,312.83369051242266,-81.34180621233355,-289.43117264540115,402.762043517321,-171.93783434189285,-101.01660746111926,206.46750675358186,-7.823859739145022,-256.10000167827536,-35.86072576829882,-30.5467322277865,-3.3462934778753657,266.0876226902124,-133.95226486954704,38.75083250967256,195.11265057719734,10.769295399037127,-37.51693664760202,361.85198812669637,-63.7375756590788,195.4658936415353,-67.09001696300103
61.42721045763975,33.99833439635785,-19.488145896143024,75.82501069792465,-8.95923228197601,35.156188211799495,20.985448759809508,4.804763237482364,89.27152020518481,-27.819688073647164,42.0993317245744,11.492546067024168,-26.625032625944808,-4.076952639997827,-12.092726052565748,28.05954897111752,-2.900777658246474,-34.32840660198904,19.23489077816433,16.382717236883074,-11.091682584331053,-45.68274777016207,-55.52505349192053,47.5999893158971,-32.50624584343018,-1.182746867569671,-24.837072482145295,-80.24159664571035,20.150999387086223,10.746601561378066,-7.986509869237519,22.764144752621235,1.9252561194380176,-29.216294768631407,84.49804898729491,-21.90317907259538,-78.31318534539876,108.73821662529947,-46.35958464426348,-27.166169923881867,55.809566839310065,-2.0438684966465646,-69.07918978012266,-9.767582099869351,-8.221454024554,-0.895004094171131,71.8476120592539,-36.28010989090795,10.410543243982232,52.87239093479453,2.9195297478318514,-10.077616970946412,97.796163815653,-17.147795783597477,52.839721862972006,-18.078592021624768
-144.0694781654746,-80.22663267028581,45.65567506797097,-178.8599930135614,20.387592748858797,-84.14043943078002,-50.08629989060538,-10.059421083328125,-210.67224304396802,65.05565056729127,-98.941978433507,-26.625032625944808,63.747244018807194,10.336497322725418,28.988272183843616,-67.39611360191319,6.623226841626347,80.35153707800431,-46.33659414653108,-38.16998413587934,26.946394541361457,106.66130549148235,130.95246481520545,-111.66164071078136,77.26188187450065,2.8825979067986767,58.76894184144795,188.4778400046171,-47.725169646751354,-25.518442136124914,19.013954566859553,-53.79430260874421,-4.341532252782801,69.88718946639284,-200.09528730883676,51.79394413571255,184.00339175986008,-257.3144078931437,109.5976577694274,64.11912751267735,-131.92014899969746,4.301099631448514,162.49129019995604,22.996831941793424,19.378655833001815,1.089635296069242,-168.50882166514444,85.80068435787065,-25.03680350307779,-124.59152070067098,-7.076426493926162,23.991612968362574,-229.7500306176189,40.99081047787879,-125.17755452068822,42.53796117112992
-21.83125473924609,-12.872294639541806,6.983417336883053,-27.923765466936636,2.583957900453641,-14.158324884439672,-7.986516134485059,-0.502097654303668,-32.502361356929384,10.18711060225066,-15.026038417388948,-4.076952639997827,10.336497322725418,2.2659528919836913,5.042699376819144,-11.578636352073918,0.8109870214025493,12.044778771717695,-7.8780601171369975,-5.436675464394457,5.1383625773638295,15.757530524721595,20.201618051569795,-16.63874166857912,12.34067892652777,0.4398915126415977,9.002836574348873,28.057085292177565,-7.974739540274937,-4.0171989986872045,2.8812237182451255,-8.813564840858644,-0.4447657567953386,11.503643739302028,-31.568227729687358,7.90181713467385,28.226524724572325,-40.2753967530382,16.881910345314985,9.566640475267857,-20.737026640548645,0.005156343286399816,24.407116983274083,3.765742765558585,2.8898359646521268,-0.7334186161544082,-25.11907139271872,13.742814303156484,-4.098144144846723,-19.671472964634866,-1.2858896082574283,3.725542584222976,-34.87467654073267,6.576488174899066,-19.93265803847826,6.350284653930978
-64.93442851423247,-36.60782272917272,20.637416723794132,-81.02808888327591,8.928781343792421,-38.689411903950365,-22.713864697322165,-3.9724340257158124,-95.13268217314666,29.599767152958155,-44.57292913895006,-12.092726052565748,28.988272183843616,5.042699376819144,13.455671182079307,-31.106165873093005,2.8853035089803227,36.127699418077995,-21.30133643566124,-16.993755830999387,12.781913617526575,47.843597853685985,59.14744444793907,-50.086871932919834,35.09681720608392,1.258493929381045,26.462325928282073,84.50600894304021,-21.98517978662528,-11.552277069934272,8.484081907061231,-24.675711940924153,-1.82266475355153,31.90610031386273,-90.76188304274638,23.313552754878597,83.12242537658969,-116.47491744908544,49.44047557278012,28.7062334521129,-59.82017653168192,1.5378267343839875,72.94877669251686,10.553050992766712,8.68062334964438,-0.01552201017096323,-75.59647669107494,39.07793382300567,-11.388194677243213,-56.64678147411591,-3.3021065976413455,10.833583015840341,-103.52907847529835,18.58929679884072,-56.93033100565605,19.083861894378014
151.03510796309902,84.94723701171006,-47.96578882041597,188.3462275705506,-20.85522527173799,89.66958679391175,52.812513419943144,9.481110885390114,221.2920011611528,-68.70100882027734,103.7147391375532,28.05954897111752,-67.39611360191319,-11.578636352073918,-31.106165873093005,72.083479656714,-6.730909200197415,-84.10027633349532,49.410690974998396,39.61164441253109,-29.43409807196735,-111.39620104547484,-137.5733586894825,116.66877184718531,-81.5803164177444,-2.9948679075965687,-61.60218634707809,-196.82708563510744,50.918459472056576,26.871294746492527,-19.85385880790889,57.18753434612591,4.308009523060544,-74.1371492955036,210.94673106680006,-54.25625593544232,-193.27788378251148,270.87964893987544,-115.03398887409668,-66.90507006217352,139.03572643478148,-3.7618067118680947,-169.9216648331606,-24.46689660845122,-20.22575558412464,-0.1916606093053871,176.08697740017797,-90.7639027326258,26.492221645779473,131.53486270024965,7.646750528174223,-25.17881494887703,240.83627805614748,-43.25834078574342,132.20460740057553,-44.4278213375557
-15.728870333241673,-8.444838192196702,4.960232782687711,-19.138615672987676,2.461244585801157,-8.554904351916386,-5.2732366001100806,-1.5537617195604305,-22.701707859876162,6.969246655821248,-10.774271572463377,-2.900777658246474,6.623226841626347,0.8109870214025493,2.8853035089803227,-6.730909200197415,0.8182326578866277,8.818303052562353,-4.658480966522952,-4.323672509722269,2.4820917975162056,11.819341430644332,14.114736237709776,-12.288307622242831,8.12583038018018,0.2924244872704729,6.354572410218574,20.766209372486927,-4.8867867446742395,-2.7091236601278093,2.0407225790614167,-5.588683255411038,-0.5642055676223551,7.181121398729251,-21.253159150704633,5.6227575692079625,19.927723931691627,-27.444751781671737,11.818331693797482,7.043284037038107,-14.048018255992428,0.7515307587068295,17.783779586026437,2.3857038677465705,2.1310442883546035,0.5150757274415896,-18.53925406547345,9.019402125697706,-2.5771062721024904,-13.255854298626176,-0.6715165672885252,2.582764287690994,-25.046374141980163,4.282880760987973,-13.233710906073751,4.685233184765916
-184.9844756932847,-101.9307022917236,58.577916187583234,-228.15683033500804,27.09987640024308,-105.48586354663709,-63.368025774458154,-14.760060667954347,-269.1160601282975,83.27564147202814,-126.8906417307344,-34.32840660198904,80.35153707800431,12.044778771717695,36.127699418077995,-84.10027633349532,8.818303052562353,103.41780863236166,-57.83606560522502,-49.542138340152334,32.878253691663566,137.6878086423835,167.32905921911737,-143.68479750742154,97.91397690704576,3.644487699392018,75.05444297195264,242.4103719373326,-60.18179251973716,-32.41897373061098,24.264760879318267,-68.09725277379218,-5.914978659679538,87.94114123798957,-254.4295508975929,66.19751446278337,235.68877348061062,-327.6612106345445,139.91889212822772,82.26554470106713,-167.96472981752777,6.530240128915044,208.6211303066323,29.165983337336847,24.87913476677471,2.990200526732183,-216.84502284873292,108.93908932710929,-31.454820268268634,-158.75172140506277,-8.718050138342045,30.49269987552368,-294.7102620767545,51.7868591588402,-158.92564310885552,54.643230081816924
103.85106457070168,58.28069575693756,-32.955977660205384,129.42091421954584,-14.391925747522118,61.51044778420409,36.32756643664616,6.626549979145542,152.18043088115755,-47.11890351179223,71.33162767491979,19.23489077816433,-46.33659414653108,-7.8780601171369975,-21.30133643566124,49.410690974998396,-4.658480966522952,-57.83606560522502,33.91126677433323,27.297893092705415,-20.082522824726098,-76.63600970022091,-94.59683230082209,80.2966753040648,-56.06168035229831,-2.068799388818363,-42.40329771909104,-135.51425964857907,34.871848071993384,18.478686470259422,-13.68424733268752,39.19739694899872,2.9951201575185173,-50.911438049520456,144.971647850573,-37.35350188306135,-132.84681350692193,186.21536905514915,-79.1438686290661,-46.10140867111501,95.53727812521853,-2.694466519497499,-116.9563414726586,-16.75645750771611,-13.933656280719577,-0.23310921296393214,121.1828016256369,-62.30023429378245,18.217689667825013,90.30772122293531,5.230064778190196,-17.342649920620072,165.63631655695295,-29.749318446940997,90.81771189831075,-30.596276120342
88.53782116566276,48.42836199595958,-27.998207747389586,108.81056683117369,-13.20721402008105,49.85090330672999,30.175027739509147,7.525540557505031,128.56731134167887,-39.6582661634038,60.721626685424674,16.382717236883074,-38.16998413587934,-5.436675464394457,-16.993755830999387,39.61164441253109,-4.323672509722269,-49.542138340152334,27.297893092705415,23.888552660036584,-15.236268560098177,-66.07609958766076,-79.93462294224686,68.90631819475891,-46.57833801484599,-1.7308715726811028,-35.90381685042871,-116.30979737043577,28.430428328721057,15.452806379772946,-11.605526980644962,32.263288443983875,2.9306355320093673,-41.66292454745729,121.22151716663656,-31.691347809731024,-112.63330910203756,156.2474246031346,-66.87809718706112,-39.48085972823944,80.0463176652698,-3.4411581513180387,-99.97122679372104,-13.80515074321747,-11.939829778335143,-1.8376292906629799,103.98108936277687,-51.7671306639555,14.923653233113377,75.59237711850675,4.066860797615599,-14.58650522231448,141.05206370338573,-24.6265688378378,75.63953204400255,-26.22349297623973
-59.26727896460215,-33.97843856530329,18.89314113224197,-74.58070849525217,7.765506694024718,-36.381171072652975,-21.01037864390801,-2.849842491761251,-87.23748073122846,27.30156577388104,-40.69989593501704,-11.091682584331053,26.946394541361457,5.1383625773638295,12.781913617526575,-29.43409807196735,2.4820917975162056,32.878253691663566,-20.082522824726098,-15.236268560098177,12.485911413860169,43.36186437119452,54.24197264376049,-45.48429422705221,32.50186858770091,1.148564055238011,24.204183531345628,76.69833791596939,-20.655988960163274,-10.651275009418283,7.732608975463821,-23.047309856333683,-1.4977200579906926,29.805046959299844,-83.76608239486772,21.297327248922784,76.13569758541115,-107.24988920219651,45.30322160044026,26.054144639270394,-55.161482064163664,0.8961595993247122,66.38161316104188,9.861340387377075,7.878760194866232,-0.6987636911441437,-68.66017575768883,36.2447234892968,-10.612510090115057,-52.32575173717392,-3.178838221807139,9.939236204472145,-94.52078908562723,17.227892485424114,-52.687031057962514,17.329635611701686
-246.21268277807764,-135.39557244251378,77.94476991307057,-303.3405070307642,36.272260528646534,-139.85692902851767,-84.17732325947831,-20.038118438482297,-357.9387083508838,110.71995394973158,-168.8677281954362,-45.68274777016207,106.66130549148235,15.757530524721595,47.843597853685985,-111.39620104547484,11.819341430644332,137.6878086423835,-76.63600970022091,-66.07609958766076,43.36186437119452,183.41180832054152,222.5590669438557,-191.33023997098567,130.05847298283084,4.832594497190663,99.84688496718577,322.81577907530954,-79.81940100616211,-43.08425480038225,32.26831696614672,-90.38886186812408,-7.951144076303134,116.66463272141894,-338.1365959469912,88.08358045964327,313.5604737341623,-435.5623655187023,186.10835613217145,109.53633228177088,-223.2553449799754,8.936793561380172,277.71646941713925,38.71015774326601,33.12833649206138,4.321758659618499,-288.74549206553354,144.69609696256728,-41.73351864602497,-210.99576481463376,-11.51645414889517,40.55577132687673,-392.22744762408064,68.7649183652629,-211.15658429309644,72.76688790025015
-299.5866942207848,-165.69845312838115,94.89756135124566,-370.3343940082554,43.37345943851054,-172.2939960079882,-103.14869258545441,-22.847364626710345,-436.5899770215416,135.02131240608415,-205.5738323292801,-55.52505349192053,130.95246481520545,20.201618051569795,59.14744444793907,-137.5733586894825,14.114736237709776,167.32905921911737,-94.59683230082209,-79.93462294224686,54.24197264376049,222.5590669438557,271.4343563865804,-232.49067647949946,159.2814349338204,5.908513913018949,121.76681784591032,392.32422366576697,-98.09745176843329,-52.69098677963113,39.340324143862915,-110.85139358978137,-9.379228151991795,143.39946818512377,-413.44127281908186,107.37891519284342,382.018930265126,-532.130747822048,227.0386724489472,133.24540655913935,-272.8100986724402,9.994664762617525,337.81849821848726,47.438477545674765,40.289345972043975,3.9258054689220545,-350.8607503129076,177.10698830238698,-51.315234375306744,-257.8057157519817,-14.321724853293272,49.57183935443025,-477.4469533078631,84.32041641410304,-258.4144088431482,88.48414162531748
256.99527627970434,141.44376638826023,-81.34446548954959,316.8838451044847,-37.704292183249386,146.3925114740243,88.080236927110235,20.622232724914724,373.9444853110833,-115.52002057580724,176.31765460541607,47.5999893158971,-111.66164071078136,-16.63874166857912,-50.086871932919834,116.66877184718531,-12.288307622242831,-143.68479750742154,80.2966753040648,68.90631819475891,-45.48429422705221,-191.33023997098567,-232.49067647949946,199.72578083278367,-136.01369645072083,-5.080099957128827,-104.35088587724488,-337.03229512750477,83.42694873601732,45.05102959558034,-33.765249886015845,94.4429407880757,8.258925510352915,-122.12325018133188,353.4244784015877,-92.04499239675613,-327.37691482938345,455.22274259115125,-194.47733314831316,-114.43873070919638,233.29109672131767,-9.20968223408173,-290.0143466308463,-40.42855298999333,-34.60405596653033,-4.267836992519744,301.4081627275648,-151.2151833525108,43.71992276543756,220.37782243942527,12.079446277357489,-42.414574295418156,409.499837016285,-71.97596451280727,220.7075811597874,-75.98572843697178
-175.46555938710054,-97.53186993545407,55.61270590463325,-217.5191510404904,25.025971231543263,-101.94360481474196,-60.753284089340056,-12.635087830800508,-256.21425869757053,79.25532299976926,-120.450963600873,-32.50624584343018,77.26188187450065,12.34067892652777,35.09681720608392,-81.5803164177444,8.12583038018018,97.91397690704576,-56.06168035229831,-46.57833801484599,32.50186858770091,130.05847298283084,159.2814349338204,-136.01369645072083,93.79494957272868,3.4851070149977676,71.4395472546221,229.52155671300153,-57.95145803004754,-30.98968656465268,23.08937189806296,-65.36405486005431,-5.348229108047391,84.70692504143871,-243.1248416770779,62.97067493888585,223.993229626116,-312.7214342383308,133.24357253307505,78.00327973027093,-160.35448651005134,5.412532378772093,197.8029481902236,27.96484346400107,23.581365414874888,1.6509807531420904,-205.2664685253323,104.26457553924924,-30.3148755770004,-151.53405653533812,-8.54500745380152,29.122600646283292,-279.7175640256628,49.70324226896655,-152.06786444538858,51.78056787499869
-6.486657636804082,-3.5743379145851866,2.0469673072679773,-8.04683577254531,0.927888106097436,-3.72225258234591,-2.256915045560672,-0.5048641418340308,-9.510183394413756,2.9011413325167235,-4.471020642046839,-1.182746867569671,2.8825979067986767,0.4398915126415977,1.258493929381045,-2.9948679075965687,0.2924244872704729,3.644487699392018,-2.068799388818363,-1.7308715726811028,1.148564055238011,4.832594497190663,5.908513913018949,-5.080099957128827,3.4851070149977676,0.16105163348579152,2.663031299811546,8.55274954759382,-2.106511367673993,-1.1547025224352379,0.9070382000924613,-2.3780467295559227,-0.212495690565688,3.161813371159033,-8.996391527348337,2.336002190881414,8.280715830301368,-11.627217862830348,4.95080363779428,2.9220057892812377,-5.933651884040194,0.2316497966033768,7.397735842325374,1.0250080453937702,0.8809097303573933,0.10058601090660046,-7.667981896713836,3.8564022407824603,-1.1402655055613413,-5.565384497981321,-0.3175197079513124,1.0656419221058144,-10.351838041732798,1.868281286816074,-5.589966380981462,1.9181319436498583
-134.36989486294044,-74.20820971863546,42.53731088757875,-166.0495267163167,19.48555218232844,-77.18492418848717,-46.30336144107754,-10.316070716811357,-195.87767646144832,60.43758027269085,-92.2270432350622,-24.837072482145295,58.76894184144795,9.002836574348873,26.462325928282073,-61.60218634707809,6.354572410218574,75.05444297195264,-42.40329771909104,-35.90381685042871,24.204183531345628,99.84688496718577,121.76681784591032,-104.35088587724488,71.4395472546221,2.663031299811546,54.67462123469059,176.14476852795502,-43.87669717433183,-23.644290185753782,17.685831146375083,-49.6097456427451,-4.233715773849314,64.29524909242173,-185.4206171333364,48.219566385324534,171.30342333501414,-238.69974895885562,101.90237075727532,59.87006849632347,-122.32962292956735,4.573008096335746,151.64803233671418,21.214785136562007,18.099118243698793,1.829527925721037,-157.47114968472243,79.35160251119154,-23.03616971293048,-115.51658653529836,-6.403458010217183,22.273053612547297,-214.1919555213714,37.84749626172273,-115.85710666255136,39.737171170645226
-433.6344174149103,-238.5835775574846,137.23084353917844,-534.659326176613,63.62803270522487,-247.02924072877823,-148.69435465892994,-34.78156863424545,-631.0502399295747,194.79412893016413,-297.5211193956356,-80.24159664571035,188.4778400046171,28.057085292177565,84.50600894304021,-196.82708563510744,20.766209372486927,242.4103719373326,-135.51425964857907,-116.30979737043577,76.69833791596939,322.81577907530954,392.32422366576697,-337.03229512750477,229.52155671300153,8.55274954759382,176.14476852795502,568.8374971095963,-140.6808720927341,-76.03275788054857,56.97040515103536,-159.28480136431685,-13.943175148665947,206.05700102589466,-596.3976902293048,155.39162185521235,552.357022583913,-768.1648001467235,328.2436165302411,193.19999899060642,-393.63822755995506,15.59168470551485,489.42699134620824,68.15291615451909,58.417104524115,7.193229772962528,-508.6045761865287,255.0729228949679,-73.79853462893077,-371.7777695506778,-20.364914695368228,71.64590100015928,-691.0232196371257,121.47836588886084,-372.4423730609155,128.27720320544023
107.97334374983427,60.50712818360588,-34.2981970509073,134.25663802281235,-15.147528550414512,63.45911091659918,37.45829926977591,7.241388539780988,157.7551604099351,-49.13317115619123,74.08049957347848,20.150999387086223,-47.725169646751354,-7.974739540274937,-21.98517978662528,50.918459472056576,-4.8867867446742395,-60.18179251973716,34.871848071993384,28.430428328721057,-20.655988960163274,-79.81940100616211,-98.09745176843329,83.42694873601732,-57.95145803004754,-2.106511367673993,-43.87669717433183,-140.6808720927341,36.18456217619626,19.101450339957587,-14.107191921736122,40.69302911162209,3.153226240850397,-52.49844725440598,150.10643493233212,-38.65857041387529,-138.03730218300242,192.83678324859906,-81.95283724241796,-47.727237700266095,99.01257397929304,-2.9032959001426497,-121.35583359325136,-17.43388350978622,-14.43605473334174,-0.5283624168898223,125.9239100826184,-64.59542430815989,18.72341524107472,93.77542094996556,5.375712995719701,-17.888146480735294,172.05332273391102,-30.65732836136228,94.0430507249837,-31.732278998113447
58.07521381219399,32.205481097382275,-18.397677312912236,71.91701898934478,-8.330400156912802,33.60894707308434,20.079138965915412,4.278060071642858,84.75928417326018,-26.187873333572792,39.86673249497459,10.746601561378066,-25.518442136124914,-4.0171989986872045,-11.552277069934272,26.871294746492527,-2.7091236601278093,-32.41897373061098,18.478686470259422,15.452806379772946,-10.651275009418283,-43.08425480038225,-52.69098677963113,45.05102959558034,-30.98968656465268,-1.1547025224352379,-23.644290185753782,-76.03275788054857,19.101450339957587,10.245486749890228,-7.647064411314735,21.56344354819417,1.7917937340620036,-27.95493644047386,80.3602698751328,-20.844909606763306,-74.10231130949506,103.39753322154151,-44.08641694285772,-25.843906104924557,53.00589765492303,-1.858309560526213,-65.50332591147077,-9.22363744954769,-7.812586888141756,-0.6319876009873726,67.98724263430421,-34.43488324765843,10.010071677382797,50.07206678826973,2.8073061751837343,-9.636446849436034,92.58147362570934,-16.422952001432094,50.24281896086477,-17.152974722027565
-43.37724251945108,-23.906099534082692,13.717587688954834,-53.611278645325484,6.294711432742952,-24.848247413479893,-14.967083065849277,-3.385987333177467,-63.29396476124657,19.462333818126112,-29.800476364367125,-7.986509869237519,19.013954566859553,2.8812237182451255,8.484081907061231,-19.85385880790889,2.0407225790614167,24.264760879318267,-13.68424733268752,-11.605526980644962,7.732608975463821,32.26831696614672,39.340324143862915,-33.765249886015845,23.08937189806296,0.9070382000924613,17.685831146375083,56.97040515103536,-14.107191921736122,-7.647064411314735,5.789157264141669,-15.954886175953888,-1.3891236007544878,20.800949425547387,-59.87241447447329,15.581586300284444,55.2988587332538,-77.15861837486193,32.937375159499524,19.388756947384987,-39.498891883621006,1.525441303026144,49.085582037966205,6.832862802937373,5.857568007533739,0.6493333932611777,-50.95496671864563,25.616083972167957,-7.466961575247872,-37.23363159466663,-2.0689120763357605,7.176991598496337,-69.1646542914957,12.265301783708901,-37.35510447698581,12.836395207964346
122.11750031378875,68.2115558296613,-38.76781167812858,151.60139953979697,-17.279677711573044,71.36784222304254,42.264584626472875,8.483004694677712,178.2693397349945,-55.450332834586476,83.77832511424792,22.764144752621235,-53.79430260874421,-8.813564840858644,-24.675711940924153,57.18753434612591,-5.588683255411038,-68.09725277379218,39.19739694899872,32.263288443983875,-23.047309856333683,-90.38886186812408,-110.85139358978137,94.4429407880757,-65.36405486005431,-2.3780467295559227,-49.6097456427451,-159.28480136431685,40.69302911162209,21.56344354819417,-15.954886175953888,45.818591044124844,3.629450519684543,-59.11053022994792,169.4196989658998,-43.72282942186177,-156.01376528444467,217.73725727636247,-92.62755395858194,-54.04257835899288,111.76696609382704,-3.4806146193138146,-137.33061296293704,-19.624372664802724,-16.346123044300814,-0.8561183241939389,142.54588197069586,-72.82834181147368,21.093632249440205,105.81707226794349,6.014898598263329,-20.220308622327387,194.58659066763286,-34.57381870574674,106.09039780096904,-35.92905157521263
10.493949865130851,5.5323211332062385,-3.2980890515685366,12.6689101765018,-1.70730477012979,5.503226045802744,3.4682452397254484,1.187234497839438,15.086309537040302,-4.601497019403868,7.192357784609948,1.9252561194380176,-4.341532252782801,-0.4447657567953386,-1.82266475355153,4.308009523060544,-0.5642055676223551,-5.914978659679538,2.9951201575185173,2.9306355320093673,-1.4977200579906926,-7.951144076303134,-9.379228151991795,8.258925510352915,-5.348229108047391,-0.212495690565688,-4.233715773849314,-13.943175148665947,3.153226240850397,1.7917937340620036,-1.3891236007544878,3.629450519684543,0.4106467348093843,-4.690528345189194,14.021274435844788,-3.7431842835532527,-13.253831700328535,18.17719971569904,-7.856212416960871,-4.730755287027095,9.280230379358954,-0.5964421808653058,-11.930819645251898,-1.5556392312281468,-1.4304648940162987,-0.47894960613957693,12.46060257807939,-5.9292142766945934,1.6887071494977814,8.729227766010165,0.4227857827678476,-1.7007685776845647,16.70413339724655,-2.824611402528847,8.687622949320861,-3.135723367750418
-157.70327558526566,-88.06055465680083,50.01227076749517,-196.00538028108787,22.186032113882813,-92.4468091018612,-54.8645729697564,-10.762244853073387,-230.67690961483345,71.39442252049211,-108.29645130833576,-29.216294768631407,69.88718946639284,11.503643739302028,31.90610031386273,-74.1371492955036,7.181121398729251,87.94114123798957,-50.911438049520456,-41.66292454745729,29.805046959299844,116.66463272141894,143.39946818512377,-122.12325018133188,84.70692504143871,3.161813371159033,64.29524909242173,206.05700102589466,-52.49844725440598,-27.95493644047386,20.800949425547387,-59.11053022994792,-4.690528345189194,76.71972978794592,-219.2920859213586,56.64495567617404,201.5259532942874,-281.9192497979638,119.95685700537025,70.06166271308695,-144.58514095637477,4.502537355282067,177.7339366953318,25.291542816538406,21.177062582250567,0.9682928622504805,-184.30909208687166,94.158247298867,-27.453759286353094,-136.63885773258988,-7.81069032763479,26.227975925192354,-251.4557414896576,44.92738405947534,-137.24018816017676,46.490618576343834
455.82314226367873,252.93378991499299,-144.4538276187239,564.4469330350917,-65.38794779017857,263.8361267933311,157.45174258710492,33.536417651693654,665.0165263981937,-205.77514968787162,312.83369051242266,84.49804898729491,-200.09528730883676,-31.568227729687358,-90.76188304274638,210.94673106680006,-21.253159150704633,-254.4295508975929,144.971647850573,121.22151716663656,-83.76608239486772,-338.1365959469912,-413.44127281908186,353.4244784015877,-243.1248416770779,-8.996391527348337,-185.4206171333364,-596.3976902293048,150.10643493233212,80.3602698751328,-59.87241447447329,169.4196989658998,14.021274435844788,-219.2920859213586,630.5811584679951,-163.47598039284398,-581.6459016254787,811.2304993930268,-345.8166417185816,-202.60582281277522,415.9844998665056,-14.457415393411084,-513.7902003492047,-72.48961203129295,-61.25820050508597,-4.899438107877348,533.373096201668,-270.3342483355393,78.46043601574681,393.1687024629651,22.042016920238055,-75.55918322857454,726.5391696056362,-128.75590587323978,394.3456564973033,-134.5400024608119
-118.5199480258853,-65.41337834613508,37.51621652005939,-146.40811911722398,17.217869867226625,-68.01189589106544,-40.82155082227855,-9.14735276753246,-172.73334182205565,53.28480967924029,-81.34180621233355,-21.90317907259538,51.79394413571255,7.90181713467385,23.313552754878597,-54.25625593544232,5.6227575692079625,66.19751446278337,-37.35350188306135,-31.691347809731024,21.297327248922784,88.08358045964327,107.37891519284342,-92.04499239675613,62.97067493888585,2.336002190881414,48.219566385324534,155.39162185521235,-38.65857041387529,-20.844909606763306,15.581586300284444,-43.72282942186177,-3.7431842835532527,56.64495567617404,-163.47598039284398,42.53441762855974,151.07232620148997,-210.44895908411655,89.86747392803298,52.81534705332937,-107.8526034118059,4.067970695847172,133.75307135896307,18.691490803072845,15.967039809431421,1.6544460756607597,-138.89837697781908,69.93767380898996,-20.296882780620123,-101.84692654765279,-5.632779471697498,19.65224107427451,-188.92578629958143,33.35393477578654,-102.14662657482087,35.06119796893831
-421.89601813415027,-233.22643265002802,133.6634602280796,-521.2245143796042,61.26552508721925,-242.14306339592187,-144.98252168603833,-32.52661510017243,-614.4144953196695,190.23665060709928,-289.43117264540115,-78.31318534539876,184.00339175986008,28.226524724572325,83.12242537658969,-193.27788378251148,19.927723931691627,235.68877348061062,-132.84681350692193,-112.63330910203756,76.13569758541115,313.5604737341623,382.018930265126,-327.37691482938345,223.993229626116,8.280715830301368,171.30342333501414,552.357022583913,-138.03730218300242,-74.10231130949506,55.2988587332538,-156.01376528444467,-13.253831700328535,201.5259532942874,-581.6459016254787,151.07232620148997,537.8898318177442,-748.6616399534186,319.44259007318163,187.48971568334318,-383.87861739474374,14.20143924137944,475.5494634036782,66.7945436474589,56.700324786661724,5.818380583333111,-494.0696435111452,249.2141711112758,-72.06730508940852,-362.90862602727725,-20.102902172278394,69.6922445518225,-672.2390685257677,118.49710554767731,-363.5449544498972,124.55396160112466
