V1,V2,V3,V4,V5,V6,V7,V8,V9,V10,V11,V12,V13,V14,V15,V16,V17,V18,V19,V20,V21,V22,V23,V24,V25,V26,V27,V28,V29,V30,V31,V32,V33,V34,V35,V36,V37,V38,V39,V40,V41,V42,V43,V44,V45,V46,V47,V48,V49,V50,V51,V52,V53,V54,V55,V56
111.70234303608854,61.29691255058333,-35.359900702762566,137.42173659794426,-16.57607109816708,63.13287200793835,38.06163227717196,9.319154750860093,162.19396947488664,-50.209469225592436,76.58581681510536,20.75142504698132,-48.18345153461871,-6.99396448280292,-21.576623364722487,50.226835795584485,-5.406070297215839,-62.490129344824915,34.55173429191321,30.043805406621257,-19.466604454173726,-83.29815534721286,-100.8566955088306,86.82481597815006,-58.82918951553192,-2.1733754507940137,-45.237109504187146,-146.48319422385558,36.08238227247707,19.497587403157,-14.600624441989572,40.89453428859113,3.6465593761674295,-52.682181195984256,153.07608358907086,-39.91824296411889,-142.1821561277103,197.22420779425278,-84.31863603672956,-49.67162760504435,101.09866734251777,-4.17470906949078,-125.9611175461462,-17.51830571897868,-15.025769404956717,-2.1551137839940973,131.03236279350537,-65.4846578315475,18.8355619583488,95.57861671395409,5.176033658057978,-18.361943227579268,177.90441184624368,-31.07508324045208,95.57289621490229,-33.014510063199175
61.29691255058333,34.54594817374744,-19.49635829076685,76.40629336937208,-8.482494432576914,36.35901315987598,21.32940137047158,3.8678402784616934,89.64737654439173,-28.013545646236775,42.05035918453008,11.47795378829639,-27.214839084959994,-4.696538551052238,-12.646996412422158,29.231001638341446,-2.726366056706471,-34.13294759498122,19.983256435932446,16.04676904567927,-12.001110178027071,-45.216501136788544,-55.75111512805558,47.26603756857589,-33.02662899504526,-1.18630479283364,-24.901595490777503,-79.67926968779815,20.748654742218648,10.868765127859144,-7.984192899185308,23.286969080476812,1.733356294741428,-29.99498150351029,85.4766837378035,-21.93302116156717,-78.45035698452678,109.71561735315908,-46.54872224087803,-27.015541121592257,56.3744952323445,-1.4745101281917734,-68.78463420189429,-9.981121466013937,-8.17294689797727,-0.08196765178724401,71.34824416692284,-36.85635019354292,10.680642189444297,53.45052701527837,3.103390774112366,-10.159818671400744,97.6666257744715,-17.463189054236373,53.60991554832068,-17.97433184629566
-35.359900702762566,-19.49635829076685,11.207777862529795,-43.57842584786566,5.199477586217232,-20.122133671383867,-12.06272308099598,-2.8495234043076554,-51.361448771966536,15.962377750512454,-24.2364209174714,-6.596677939078635,15.28754702411574,2.2858776062495463,6.90307063898747,-16.035289219577923,1.6896076008450085,19.76876974043577,-11.00830954942573,-9.466719568931543,6.285805469284971,26.328437594027136,31.942657994017132,-27.434535833328322,18.66723505056047,0.6813410509256982,14.304438507261105,46.265606396926,-11.520759599528807,-6.178178839787169,4.603789071157361,-13.034046349888026,-1.1284983529964563,16.7480765386061,-48.551528733630505,12.61914625486365,45.046770097752166,-62.5096751596379,26.68433006232947,15.672729989167845,-32.06742938707336,1.2409861034578993,39.8062163658798,5.588157134950411,4.74240723052359,0.5905117283370548,-41.40673394874617,20.81213487806547,-5.975887755808049,-30.355574942692005,-1.6607992091582544,5.806184658127461,-56.3030218064024,9.851196275195987,-30.342064467383103,10.426153322560745
137.42173659794426,76.40629336937208,-43.57842584786566,170.27402482234828,-19.648730567576166,79.72637033053832,47.46058680202186,9.974389517288435,200.47459062024095,-62.171707799809425,94.29327553662243,25.538786293040843,-60.34003497620776,-9.619702027782495,-27.470840224662254,63.785646863985356,-6.372830008549062,-76.69078749576859,43.789353667941796,36.474322619922276,-25.443289863167642,-101.8887768887526,-124.6471706878552,106.46033815877666,-73.34190537833095,-2.6988617563309942,-55.85223154671778,-179.60031121599891,45.41822580915397,24.22682072797546,-18.010261453193248,51.22382912057518,4.186945898468062,-66.19468208713835,190.20898154263122,-49.235728377337914,-175.413989018179,244.63000658094685,-104.21049067173443,-60.972464235797794,125.49099760098325,-4.229936957200138,-154.7599648923566,-21.930500282401216,-18.438552396469653,-1.3494312103762216,160.67393228296083,-81.62823218864426,23.656266206274594,118.69309055112096,6.678285239534813,-22.75137354554994,218.99716954627368,-38.8158538959621,118.9991218992959,-40.508792417210294
-16.57607109816708,-8.482494432576914,5.199477586217232,-19.648730567576166,2.917174839240579,-8.101863090196137,-5.25833901266968,-2.3009220834762814,-23.49586954201586,7.2024907476047595,-11.320673867655254,-3.072619495048591,6.498699531704056,0.4129778923440554,2.63057102795314,-6.226780602607075,0.9726538504920282,9.38985938578491,-4.3391746483259395,-4.758162313535245,1.96746363267212,12.724122321704586,14.618452921833741,-13.105810941309324,8.13639478023764,0.3088155002442793,6.59166095629347,22.116230243701253,-4.720804594312576,-2.7463732363492874,2.1400998768379327,-5.505177920784023,-0.7258196066850936,6.9697574361493055,-21.556360237087468,5.846469963428355,20.795223593118706,-28.04454233039475,12.220326029068518,7.456677766099113,-14.317952566950645,1.177982322449419,18.821687034388297,2.3664609366073166,2.2590564545672365,1.1220092153254815,-19.773601962848524,9.062685627991113,-2.4988051199478343,-13.500781706919911,-0.5773716132536585,2.624947813562513,-26.320612698455044,4.253051695703929,-13.30779516478354,4.965357476416033
63.13287200793835,36.35901315987598,-20.122133671383867,79.72637033053832,-8.101863090196137,39.20386656651011,22.581686347461112,2.7131927819380315,93.2345089073649,-29.083522336532084,43.39960740601945,11.759087501586947,-29.0202370627697,-5.689110634785105,-13.79133043334977,31.79111664186311,-2.5853829592006234,-34.987906299886696,21.70824880074051,16.145020098337028,-13.57521620218885,-46.06576616892139,-57.95577346643553,48.43697215293595,-34.882842791646134,-1.254279607855312,-25.890015206412286,-81.70627789047315,22.165621619901817,11.421631082791421,-8.304174448935195,24.69116519914053,1.5437248105716574,-32.10897127374657,89.71715395335006,-22.766824114753263,-81.20223923203187,114.82050345199532,-48.44818845414064,-27.815299666278865,59.031243414544925,-0.7987859211759071,-70.79392160072068,-10.55331848842871,-8.405921169812563,1.0165583348433724,73.11354057720507,-38.82630744468919,11.455666852354794,55.92727894793755,3.4533181342773887,-10.654232779021171,100.76130057961933,-18.54022877444388,56.44712569232916,-18.47122200357
38.06163227717196,21.32940137047158,-12.06272308099598,47.46058680202186,-5.25833901266968,22.581686347461112,13.378168282361973,2.403027473228502,55.872123707354504,-17.198508851663895,26.166324626276808,6.999099003637306,-17.067395602963412,-2.8976312868185112,-7.803838694116857,18.139413647363735,-1.7088858414020507,-21.19302352830626,12.478508821918705,10.01736636387753,-7.344050937371112,-28.07661971456092,-34.719812889175415,29.47002092520242,-20.599557195451943,-0.772593576603582,-15.597790491896081,-49.7726418306944,12.742866828177858,6.794599943774918,-5.053896983827326,14.331120341036359,1.1030596438363214,-18.72045840846539,53.22337080885471,-13.740149972948123,-48.68682117518206,68.384326028583,-29.086753258565206,-16.971328908743935,35.05275875985734,-1.008200488645572,-42.95848422668768,-6.115230918340823,-5.126052371117461,-0.07026509238286759,44.469961279970256,-22.829177399683875,6.71977543837599,33.070502157518625,1.9189790588806381,-6.3921974892649525,60.74974777540037,-10.958682905948885,33.3236328474601,-11.245214157131846
9.319154750860093,3.8678402784616934,-2.8495234043076554,9.974389517288435,-2.3009220834762814,2.7131927819380315,2.403027473228502,2.6296419199515504,12.40292720517203,-3.672803223196395,6.308296503381223,1.7060609025740896,-2.7283779504376833,0.6757048863516887,-0.6409092168487198,1.7227212607246998,-0.7917904230193274,-5.453917179306168,1.3038313756094593,3.1132708658428863,0.24442982166697708,-7.684698794978369,-7.726389427625283,7.70809473735117,-3.7266301656511183,-0.16420792553722055,-3.5435793879180824,-13.01451458099612,1.722020276727883,1.3365960482709969,-1.183802739639223,2.264401487166561,0.6800786157343434,-2.7066318786190835,10.454506507714406,-3.183971836204119,-11.25090543256683,14.031873284126226,-6.4646576706374725,-4.336344488822647,7.064712425742749,-1.4822021513658623,-10.804425430609133,-0.9869959583319241,-1.3175163386471473,-1.800938385734151,11.621973572747935,-4.146709305749985,0.9866173796445844,6.588142028636505,0.04913100151442815,-1.3329344403298684,14.691141063160117,-1.8876155884709866,6.211715928173702,-2.8924628681247375
162.19396947488664,89.64737654439173,-51.361448771966536,200.47459062024095,-23.49586954201586,93.2345089073649,55.872123707354504,12.40292720517203,236.4109026491,-73.02855052138098,111.31202124963615,30.020144248203174,-70.92626614805305,-10.908520724223301,-31.985863787064712,74.4332776342826,-7.652844890101372,-90.59437521361978,51.20761460229666,43.303687317710505,-29.29898039095403,-120.5047510479761,-146.9719443057809,125.914643270836,-86.24119314920648,-3.2095694902804386,-65.96195723400507,-212.50862452151802,53.041864247478536,28.535573631313035,-21.32785738048059,59.95317586285183,5.092959015569051,-77.63464612294534,223.8385469634259,-58.16954645643974,-206.80289210128493,288.1284562848281,-122.9640837546361,-72.20306423280707,147.68757427037602,-5.460402536554801,-182.97497087397716,-25.6483540545395,-21.82952848824654,-2.1604594881408112,190.01773863539023,-95.84279667096638,27.798604389068462,139.5119334396192,7.744206284417892,-26.860688511886256,258.5163699648302,-45.67373580845365,139.88312215620405,-47.933713291430145
-50.209469225592436,-28.013545646236775,15.962377750512454,-62.171707799809425,7.2024907476047595,-29.083522336532084,-17.198508851663895,-3.672803223196395,-73.02855052138098,22.896785247319016,-34.396440337083696,-9.454491141411683,21.862031283759173,3.512293978341476,10.066060967403468,-23.27577913423344,2.318848415353214,28.02517563707457,-15.905756725903597,-13.284975311047628,9.370236213776973,37.238749094616246,45.432348297323315,-38.78755857007632,26.68847175378381,0.9505147227989756,20.271892733305435,65.34599955703781,-16.70956396733498,-8.802721437928659,6.485920376398793,-18.82135435995856,-1.5098437900223152,24.065186360827685,-69.31579032737233,17.869973483262665,64.10569221859723,-89.09044039356392,37.889201788293676,22.090620895870686,-45.781743830282686,1.4743462562624208,56.3090565458635,8.08450207383875,6.688468288386965,0.5002525558386681,-58.5539892314776,29.856985249722523,-8.548670906704146,-43.45901436840097,-2.441461033516169,8.228962799157404,-79.91082505251136,14.058891548619762,-43.416221861946795,14.721500768686816
76.58581681510536,42.05035918453008,-24.2364209174714,94.29327553662243,-11.320673867655254,43.39960740601945,26.166324626276808,6.308296503381223,111.31202124963615,-34.396440337083696,52.52868978583117,14.194779262338713,-33.140398066385686,-4.846945149512165,-14.830510974856296,34.545535395531246,-3.6939883133513036,-42.835883255518176,23.77955205335807,20.58506536936069,-13.400300667176865,-57.079920549728385,-69.20919264753262,59.543512659799866,-40.41421408609834,-1.5033276916247122,-31.062569879012845,-100.47732069808403,24.75932970960253,13.39384899761068,-10.041846967700351,28.05490811413666,2.4910793091732497,-36.2252399147045,105.09745262487078,-27.406895312902797,-97.50519585017416,135.4050357244635,-57.88570045385772,-34.10046990072339,69.39141504629971,-2.836528612595307,-86.41936888788295,-12.011271917585766,-10.312878821858488,-1.411813034302655,89.85741512327053,-44.944695355936176,12.965166823863491,65.56120189447839,3.564633025239251,-12.618353276628927,122.0099584489163,-21.370458057543843,65.6138525910836,-22.650677283796284
20.75142504698132,11.47795378829639,-6.596677939078635,25.538786293040843,-3.072619495048591,11.759087501586947,6.999099003637306,1.7060609025740896,30.020144248203174,-9.454491141411683,14.194779262338713,3.933843803560152,-8.865262361056134,-1.3273053052063812,-4.053774632822327,9.370109195794553,-0.9901668140816309,-11.60669869795235,6.396844997045464,5.540794312380152,-3.7066234161812694,-15.46533792366066,-18.6836243479996,16.050067213843025,-10.888619541332755,-0.38200847967533713,-8.32422410772069,-27.0211121183272,6.806247891163305,3.5981419975299365,-2.6538363338252644,7.690822739874911,0.6560489159586737,-9.751135021368322,28.378094480104107,-7.343888245565238,-26.437814060110554,36.513627244402926,-15.56025637328815,-9.105287060420366,18.77038447789499,-0.7041507240324746,-23.24525109036473,-3.3110636152640813,-2.759373410882027,-0.36709726003524595,24.23144735251158,-12.217228768267264,3.4532601492175634,17.846669088376224,0.9715515133829512,-3.3626574957450424,32.98802354704012,-5.711839932531255,17.75681030169881,-6.079770704417902
-48.18345153461871,-27.214839084959994,15.28754702411574,-60.34003497620776,6.498699531704056,-29.0202370627697,-17.067395602963412,-2.7283779504376833,-70.92626614805305,21.862031283759173,-33.140398066385686,-8.865262361056134,21.829259622378526,3.883591606023008,10.074274422760533,-23.38632179778657,2.1027706575786587,26.7915386713675,-16.0673107259367,-12.576497678329758,9.613607737126147,35.420556745429316,44.07263065979079,-37.23241728131217,26.28265129529281,0.9854935685424112,19.78564975569675,62.87504355182213,-16.352101172068902,-8.652054781041626,6.409983087316538,-18.337466561777095,-1.3331233639017268,23.99338307360389,-67.7750513463183,17.417617134914686,61.74062044243314,-86.9926926147522,36.919835159225165,21.45252110001142,-44.61070435150075,1.0833074339138493,54.33912326239678,7.824231807702977,6.478409494399748,-0.1851084007093153,-56.185813843332376,29.12967571487535,-8.608771246864634,-42.10119405429934,-2.4959571944798373,8.122240690921544,-76.93018073468188,13.996784627523573,-42.483681765534115,14.209975079868888
-6.99396448280292,-4.696538551052238,2.2858776062495463,-9.619702027782495,0.4129778923440554,-5.689110634785105,-2.8976312868185112,0.6757048863516887,-10.908520724223301,3.512293978341476,-4.846945149512165,-1.3273053052063812,3.883591606023008,1.2967691286227143,2.1422622040704344,-4.8265309407335675,0.1036546765464485,3.7514650628276827,-3.2326347618370854,-1.4629438646348596,2.4981915357689704,4.716770808523728,6.776033490155715,-5.113085044260454,4.481853637213607,0.1476031384340491,2.978398453080909,8.60799187476088,-3.1480434056088313,-1.4150137299728691,0.9336337178513282,-3.351744289483513,0.029108516676692463,4.443841700870811,-11.150346473205822,2.58795110738644,9.321782652515516,-13.98191343356524,5.652476002132731,2.9633724698702815,-7.2600193042994325,-0.5177785114527481,7.669459240816641,1.4277908429959187,0.8930650867509099,-0.9683450207569269,-7.725440537954651,5.003887674177854,-1.5714739026612485,-6.937458526690031,-0.5860560778714704,1.2758244390114133,-11.232824137847844,2.4181991927230446,-7.17863801433315,1.964884230361576
-21.576623364722487,-12.646996412422158,6.90307063898747,-27.470840224662254,2.63057102795314,-13.79133043334977,-7.803838694116857,-0.6409092168487198,-31.985863787064712,10.066060967403468,-14.830510974856296,-4.053774632822327,10.074274422760533,2.1422622040704344,4.905096582021669,-11.246119155216224,0.828688516116556,11.919027870311893,-7.644389054457943,-5.412197285490765,4.9540315004171465,15.62940325617084,19.88722757158229,-16.450956444444717,12.079535205426792,0.42015894772078294,8.850531144412642,27.729278601069467,-7.807523521978919,-3.936550834087535,2.816397474154547,-8.646556693628092,-0.4627440253119536,11.206956535177735,-30.981259897211356,7.7748730724904345,27.851353248251826,-39.54639681896319,16.600891715670752,9.428606088761724,-20.372445372242577,0.07596086442735699,24.08549113960486,3.6988328166534754,2.8505933221807194,-0.6028565690516552,-24.8370255600193,13.483176470153191,-3.982566745058028,-19.35588543529848,-1.2403346738004226,3.6534435181926295,-34.43479535816948,6.414855906334472,-19.55539033832236,6.27204261108143
50.226835795584485,29.231001638341446,-16.035289219577923,63.785646863985356,-6.226780602607075,31.79111664186311,18.139413647363735,1.7227212607246998,74.4332776342826,-23.27577913423344,34.545535395531246,9.370109195794553,-23.38632179778657,-4.8265309407335675,-11.246119155216224,25.88106292824004,-1.9712618020902777,-27.78395902266733,17.641257756562222,12.695314179445413,-11.247770169512311,-36.47778486792106,-46.26720415080027,38.42328144236702,-28.029792889931336,-1.0059917017970819,-20.643652198619712,-64.79753939529381,17.950018772821817,9.1536215165445185,-6.617823756301053,19.923657356003556,1.138703437436232,-25.947659268677477,71.91914368554141,-18.136733389246963,-64.75187930370325,91.91869346851071,-38.66735408036849,-22.07125910194788,47.28906326201782,-0.3608311089646209,-56.24514102161826,-8.516573575329906,-6.6688783632869875,1.1904835114018493,58.00284990992278,-31.211814193800244,9.249689085307551,44.83123054378271,2.8405184782485837,-8.512497221319922,80.19089426185904,-14.914724769730178,45.319428153751254,-14.65416355315489
-5.406070297215839,-2.726366056706471,1.6896076008450085,-6.372830008549062,0.9726538504920282,-2.5853829592006234,-1.7088858414020507,-0.7917904230193274,-7.652844890101372,2.318848415353214,-3.6939883133513036,-0.9901668140816309,2.1027706575786587,0.1036546765464485,0.828688516116556,-1.9712618020902777,0.32827659735959974,3.065271774852695,-1.3843423066496627,-1.5713670000882236,0.590012197051306,4.165356374885652,4.7594267500828,-4.292783455603374,2.6326575398440437,0.10049542261861592,2.156087449882739,7.256376625132778,-1.4971226117170235,-0.8925280214334884,0.7011228084354927,-1.7578512948186322,-0.24705039071917045,2.2385263477459048,-6.988324062187353,1.9152656110142081,6.764350749692074,-9.10677495438487,3.988338031324853,2.4532478013275485,-4.640349915119294,0.4184287747045624,6.1624191977494975,0.7523518571313543,0.7428012009038759,0.4032718978418439,-6.474792646257885,2.9172015858800866,-0.8077329981473464,-4.360245217601931,-0.17788795646805694,0.8612748599038546,-8.590277165152125,1.3784902445922855,-4.3043012743483855,1.631160252022495
-62.490129344824915,-34.13294759498122,19.76876974043577,-76.69078749576859,9.38985938578491,-34.987906299886696,-21.19302352830626,-5.453917179306168,-90.59437521361978,28.02517563707457,-42.835883255518176,-11.60669869795235,26.7915386713675,3.7514650628276827,11.919027870311893,-27.78395902266733,3.065271774852695,34.99405690745477,-19.127144495819945,-16.88388850438639,10.64882370858662,46.69688083230677,56.335995425637165,-48.63660480216431,32.761894037935726,1.218319495842184,25.27745915957256,82.04997785381134,-20.021466159458164,-10.871033455378795,8.170327793949546,-22.730537848743335,-2.0892469510043647,29.261339709123128,-85.3402020904719,22.310404293835074,79.46536182620082,-110.03170216364285,47.09699527987635,27.812482014671467,-56.38470175800091,2.481011051733813,70.51130559717811,9.74170681058631,8.413868546249189,1.4167232059810948,-73.3997169851985,36.470510454556006,-10.46403143616407,-53.29276914281543,-2.847928435826178,10.242390242382285,-99.50523327622717,17.29723671426633,-53.237487692021595,18.484798483273064
34.55173429191321,19.983256435932446,-11.00830954942573,43.789353667941796,-4.3391746483259395,21.70824880074051,12.478508821918705,1.3038313756094593,51.20761460229666,-15.905756725903597,23.77955205335807,6.396844997045464,-16.0673107259367,-3.2326347618370854,-7.644389054457943,17.641257756562222,-1.3843423066496627,-19.127144495819945,12.060534588389505,8.79212986338567,-7.577752296342418,-25.140563691438217,-31.821422533537252,26.505867687924976,-19.240467755770705,-0.7035690766404425,-14.236541013481439,-44.73590026838289,12.213272885659443,6.295309677692137,-4.584697425434313,13.584515797969887,0.8170835707981703,-17.776240435281903,49.38039460106851,-12.512537140207419,-44.494624066768786,63.17110247026736,-26.631377066169232,-15.268307254441103,32.4602584137335,-0.3553088822490835,-38.80148253385253,-5.797366198659054,-4.610774384480398,0.7084485493579793,40.00617618749246,-21.365108421243516,6.357778677450201,30.706699707473284,1.9263499192242077,-5.874680041357498,55.19371483091266,-10.256995667500249,31.0765945748949,-10.121066630718541
30.043805406621257,16.04676904567927,-9.466719568931543,36.474322619922276,-4.758162313535245,16.145020098337028,10.01736636387753,3.1132708658428863,43.303687317710505,-13.284975311047628,20.58506536936069,5.540794312380152,-12.576497678329758,-1.4629438646348596,-5.412197285490765,12.695314179445413,-1.5713670000882236,-16.88388850438639,8.79212986338567,8.29390424926332,-4.5966974435327765,-22.643905631680425,-26.9252686210735,23.532724048497677,-15.456511624198336,-0.585307174955327,-12.125141603778063,-39.732483770779886,9.246415431714773,5.159895676189642,-3.9360569097509535,10.590603288395881,1.110271144625329,-13.635736953157586,40.44726490837955,-10.719854186662335,-38.03345803628647,52.310195334971404,-22.537182052714545,-13.471784647587222,26.752696819985637,-1.5179857341526226,-34.03384468682454,-4.534316583175021,-4.075190067978674,-1.114931814987304,35.50689369521106,-17.163986246103757,4.894886950104532,25.2224224611714,1.2637792685172897,-4.896538768028942,47.82677298774719,-8.1534675726847,25.137737040339406,-8.947279469788965
-19.466604454173726,-12.001110178027071,6.285805469284971,-25.443289863167642,1.96746363267212,-13.57521620218885,-7.344050937371112,0.24442982166697708,-29.29898039095403,9.370236213776973,-13.400300667176865,-3.7066234161812694,9.613607737126147,2.4981915357689704,4.9540315004171465,-11.247770169512311,0.590012197051306,10.64882370858662,-7.577752296342418,-4.5966974435327765,5.332325895678567,13.774562085730876,18.218205493373002,-14.601249452755352,11.396316056734857,0.3778732972337519,8.046970120289135,24.576423664119332,-7.6589529021700065,-3.6668880079915036,2.5308227977382227,-8.349516507949179,-0.2430348107604353,10.835229662388933,-28.937601567670615,7.042175918181289,25.407959926244217,-36.68273367443641,15.1755876661361,8.362322227392681,-18.976095253760292,-0.46340600562019163,21.527582269205404,3.573590063195302,2.5279058686076135,-1.2689400828638806,-22.054165704545294,12.768657272863365,-3.8276578268177652,-18.115569979215113,-1.292085978328756,3.358059698914085,-31.102890789297657,6.068069756954337,-18.41424693148757,5.571556796469511
-83.29815534721286,-45.216501136788544,26.328437594027136,-101.8887768887526,12.724122321704586,-46.06576616892139,-28.07661971456092,-7.684698794978369,-120.5047510479761,37.238749094616246,-57.079920549728385,-15.46533792366066,35.420556745429316,4.716770808523728,15.62940325617084,-36.47778486792106,4.165356374885652,46.69688083230677,-25.140563691438217,-22.643905631680425,13.774562085730876,62.40998962762037,74.93902092064802,-64.93302051391808,43.4036646215427,1.6161793212771667,33.64287925332919,109.54993428446264,-26.39716533076713,-14.425343836493466,10.877043923949586,-30.040716950033147,-2.8685504880594785,38.620061615206744,-113.23449813117873,29.7090081491947,105.78636465671556,-146.1175713555515,62.65231845716595,37.11742111717379,-74.84907834204635,3.5628601706192184,94.05163605958464,12.876563598746696,11.230369751090567,2.250779671075851,-97.99025719574998,48.313692254539134,-13.815232093977297,-70.72472362293848,-3.708893819527471,13.61184804335878,-132.60567569416398,22.89538266306391,-70.57081125162676,24.672800579283933
-100.8566955088306,-55.75111512805558,31.942657994017132,-124.6471706878552,14.618452921833741,-57.95577346643553,-34.719812889175415,-7.726389427625283,-146.9719443057809,45.432348297323315,-69.20919264753262,-18.6836243479996,44.07263065979079,6.776033490155715,19.88722757158229,-46.26720415080027,4.7594267500828,56.335995425637165,-31.821422533537252,-26.9252686210735,18.218205493373002,74.93902092064802,91.3731420605488,-78.28541923556698,53.606694964826545,1.991041768521094,40.998005996078795,132.1120249208842,-32.99107224856234,-17.736271891748327,13.249466956948488,-37.288147497852336,-3.166313252778208,48.25046218426235,-139.15268466323994,36.155055751821074,128.59444368183273,-179.1148738217357,76.43504081256117,44.87438384997189,-91.81963701073036,3.3923640481980293,113.74956687068152,15.955711012631236,13.568235099187334,1.35320889378968,-118.14232310497147,59.5948686325414,-17.270305632835615,-86.75670089892269,-4.8136781203322245,16.690549844303558,-160.73812721360505,28.38108565612982,-86.965420193838,29.79671695706134
86.82481597815006,47.26603756857589,-27.434535833328322,106.46033815877666,-13.105810941309324,48.43697215293595,29.47002092520242,7.70809473735117,125.914643270836,-38.78755857007632,59.543512659799866,16.050067213843025,-37.23241728131217,-5.113085044260454,-16.450956444444717,38.42328144236702,-4.292783455603374,-48.63660480216431,26.505867687924976,23.532724048497677,-14.601249452755352,-64.93302051391808,-78.28541923556698,67.67920076962083,-45.490964513445725,-1.71187922498662,-35.184036948018885,-114.2308003501355,27.645370523993346,15.110893601207124,-11.404464831439988,31.426345012408042,2.944569155772264,-40.59288906176322,118.49686160285542,-31.059603869531305,-110.35210404747639,152.8592090692075,-65.50472096137247,-38.77157845313139,78.27310284462592,-3.5810662242643856,-98.13404684975897,-13.453417205869307,-11.724911044847548,-2.092917022252597,102.12805831258446,-50.54671264857237,14.548922133576768,73.8784151686978,3.925227802678838,-14.266432333905895,138.30501428125262,-24.05034445617884,73.86661300261882,-25.742172063976795
-58.82918951553192,-33.02662899504526,18.66723505056047,-73.34190537833095,8.13639478023764,-34.882842791646134,-20.599557195451943,-3.7266301656511183,-86.24119314920648,26.68847175378381,-40.41421408609834,-10.888619541332755,26.28265129529281,4.481853637213607,12.079535205426792,-28.029792889931336,2.6326575398440437,32.761894037935726,-19.240467755770705,-15.456511624198336,11.396316056734857,43.4036646215427,53.606694964826545,-45.490964513445725,31.785678832063628,1.1784549755306963,24.033717314048218,76.77445180111302,-19.765637198060915,-10.47641105045136,7.763860313407537,-22.2133859757938,-1.6931663362964644,28.878837446095584,-82.1718722540479,21.169223982961796,75.26435791207211,-105.55014681179354,44.855236037831595,26.12621905060771,-54.146545686572225,1.5151736155811955,66.27091648584346,9.495624928015761,7.895643325709327,0.10984829087629219,-68.65414009970797,35.31281529258426,-10.33689396279591,-51.170539855730794,-2.969392585108755,9.829648731259978,-93.83788427242611,16.874097892044727,-51.47433114132089,17.333558051615764
-2.1733754507940137,-1.18630479283364,0.6813410509256982,-2.6988617563309942,0.3088155002442793,-1.254279607855312,-0.772593576603582,-0.16420792553722055,-3.2095694902804386,0.9505147227989756,-1.5033276916247122,-0.38200847967533713,0.9854935685424112,0.1476031384340491,0.42015894772078294,-1.0059917017970819,0.10049542261861592,1.218319495842184,-0.7035690766404425,-0.585307174955327,0.3778732972337519,1.6161793212771667,1.991041768521094,-1.71187922498662,1.1784549755306963,0.05536451827831794,0.907342995397596,2.895778801861971,-0.6925461013280358,-0.39198137753345363,0.3108590315608047,-0.7851964060083121,-0.07284252435867453,1.0697276799638267,-3.033813512014839,0.7972500176574249,2.771660334540303,-3.9235916580349595,1.6797984561801196,0.9998645772379762,-1.9946094267807535,0.08531786435785223,2.501259340190868,0.33427432063945395,0.3006484394343287,0.03103703709464028,-2.5819154154209905,1.2858256521891671,-0.39164655065513493,-1.8543746006255604,-0.10550937374819425,0.3688035144639209,-3.480642589254208,0.6380181251020028,-1.8818128695232375,0.6528169195274116
-45.237109504187146,-24.901595490777503,14.304438507261105,-55.85223154671778,6.59166095629347,-25.890015206412286,-15.597790491896081,-3.5435793879180824,-65.96195723400507,20.271892733305435,-31.062569879012845,-8.32422410772069,19.78564975569675,2.978398453080909,8.850531144412642,-20.643652198619712,2.156087449882739,25.27745915957256,-14.236541013481439,-12.125141603778063,8.046970120289135,33.64287925332919,40.998005996078795,-35.184036948018885,24.033717314048218,0.907342995397596,18.43705652765754,59.41622985780289,-14.683053163620329,-7.962570795359609,5.981983454600137,-16.621610053986224,-1.447328521579355,21.611199330079227,-62.37976789235813,16.262422100445253,57.64131170898737,-80.34605643285693,34.33764412270116,20.219526786834873,-41.146451779093766,1.6087705977424152,51.13770232711004,7.101230537930842,6.110325596541354,0.6830346681505802,-53.09006941234042,26.650228418366375,-7.759085483216282,-38.80376689286737,-2.1394622640692567,7.513949064090458,-72.1342165297167,12.749148418108872,-38.94783077922814,13.406727204203726
-146.48319422385558,-79.67926968779815,46.265606396926,-179.60031121599891,22.116230243701253,-81.70627789047315,-49.7726418306944,-13.01451458099612,-212.50862452151802,65.34599955703781,-100.47732069808403,-27.0211121183272,62.87504355182213,8.60799187476088,27.729278601069467,-64.79753939529381,7.256376625132778,82.04997785381134,-44.73590026838289,-39.732483770779886,24.576423664119332,109.54993428446264,132.1120249208842,-114.2308003501355,76.77445180111302,2.895778801861971,59.41622985780289,192.85341118312655,-46.568419574400295,-25.510027796204938,19.271193651573135,-52.95567528611519,-4.98069563940844,68.50305341306019,-199.9607885564305,52.45593560701446,186.15672682162617,-257.9690724574005,110.58893158284249,65.49835161368881,-132.06168487027892,6.090022361110675,165.66147911803012,22.654521575394412,19.804119528106913,3.5467949206756755,-172.3666555290678,85.23503380621307,-24.575991734884347,-124.57873333027646,-6.6135683180552,24.110957601725882,-233.38211880224412,40.614601216195524,-124.62809447248002,43.47151789121704
36.08238227247707,20.748654742218648,-11.520759599528807,45.41822580915397,-4.720804594312576,22.165621619901817,12.742866828177858,1.722020276727883,53.041864247478536,-16.70956396733498,24.75932970960253,6.806247891163305,-16.352101172068902,-3.1480434056088313,-7.807523521978919,17.950018772821817,-1.4971226117170235,-20.021466159458164,12.213272885659443,9.246415431714773,-7.6589529021700065,-26.39716533076713,-32.99107224856234,27.645370523993346,-19.765637198060915,-0.6925461013280358,-14.683053163620329,-46.568419574400295,12.645942164891494,6.470037001192813,-4.679728366402464,14.093627153184942,0.8991036594488807,-18.132404799738516,50.961842490170646,-12.914756285813525,-46.37180506917959,65.22694007438857,-27.511859246163823,-15.780848159409247,33.579968264043885,-0.4980718623134018,-40.32167640797599,-6.044923957370205,-4.775113308176905,0.4432461276607516,41.73914524990195,-22.109336451812943,6.433987227512244,31.917562088497025,1.9443656650408014,-6.0119627167075915,57.50214886846107,-10.453770023340583,32.073215585435584,-10.511055542657353
19.497587403157,10.868765127859144,-6.178178839787169,24.22682072797546,-2.7463732363492874,11.421631082791421,6.794599943774918,1.3365960482709969,28.535573631313035,-8.802721437928659,13.39384899761068,3.5981419975299365,-8.652054781041626,-1.4150137299728691,-3.936550834087535,9.1536215165445185,-0.8925280214334884,-10.871033455378795,6.295309677692137,5.159895676189642,-3.6668880079915036,-14.425343836493466,-17.736271891748327,15.110893601207124,-10.47641105045136,-0.39198137753345363,-7.962570795359609,-25.510027796204938,6.470037001192813,3.4595446326040156,-2.5778353429627785,7.28993126792762,0.5836339660568297,-9.485250385009845,27.117578422968414,-7.016911992992476,-24.909152610033836,34.86751214536542,-14.848240971931615,-8.683660819863555,17.87383792016382,-0.5710254825854848,-21.99769659089455,-3.1150250130827652,-2.624046259336436,-0.12650960463869662,22.803365742496602,-11.62711699482599,3.4001006274739685,16.87467618977553,0.9625056498115477,-3.2531577877703524,31.09974862721671,-5.562013310134947,16.966117356844553,-5.758569919488472
-14.600624441989572,-7.984192899185308,4.603789071157361,-18.010261453193248,2.1400998768379327,-8.304174448935195,-5.053896983827326,-1.183802739639223,-21.32785738048059,6.485920376398793,-10.041846967700351,-2.6538363338252644,6.409983087316538,0.9336337178513282,2.816397474154547,-6.617823756301053,0.7011228084354927,8.170327793949546,-4.584697425434313,-3.9360569097509535,2.5308227977382227,10.877043923949586,13.249466956948488,-11.404464831439988,7.763860313407537,0.3108590315608047,5.981983454600137,19.271193651573135,-4.679728366402464,-2.5778353429627785,1.9682771406432293,-5.309258958547923,-0.4831744374147918,6.979886084927994,-20.13216151045006,5.273465835352944,18.590021743663392,-25.971654929390308,11.11930218579064,6.581184755575504,-13.272062930613501,0.5648801123437063,16.588238555555883,2.2655644249786198,1.986357345958191,0.26156655455739586,-17.20576352887775,8.571691526315425,-2.5201005795103,-12.468284817046937,-0.683879154228954,2.4354022962869335,-23.304550350926597,4.138405303055067,-12.54114328060568,4.347636565335716
40.89453428859113,23.286969080476812,-13.034046349888026,51.22382912057518,-5.505177920784023,24.69116519914053,14.331120341036359,2.264401487166561,59.95317586285183,-18.82135435995856,28.05490811413666,7.690822739874911,-18.337466561777095,-3.351744289483513,-8.646556693628092,19.923657356003556,-1.7578512948186322,-22.730537848743335,13.584515797969887,10.590603288395881,-8.349516507949179,-30.040716950033147,-37.288147497852336,31.426345012408042,-22.2133859757938,-0.7851964060083121,-16.621610053986224,-52.95567528611519,14.093627153184942,7.28993126792762,-5.309258958547923,15.760581478507504,1.086168333463237,-20.27565398802461,57.38640011519888,-14.630524671102068,-52.44800038749118,73.54900036767573,-31.110620990987716,-17.946125448419576,37.83225388548575,-0.7696563001132533,-45.78198341149935,-6.758014565860159,-5.430133652809278,0.22620477425510302,47.44332043255587,-24.824695927682168,7.204779008372277,35.922615926701745,2.137101783088648,-6.793906383627378,65.16087306619832,-11.743709168700212,36.05854348297695,-11.94947817658189
3.6465593761674295,1.733356294741428,-1.1284983529964563,4.186945898468062,-0.7258196066850936,1.5437248105716574,1.1030596438363214,0.6800786157343434,5.092959015569051,-1.5098437900223152,2.4910793091732497,0.6560489159586737,-1.3331233639017268,0.029108516676692463,-0.4627440253119536,1.138703437436232,-0.24705039071917045,-2.0892469510043647,0.8170835707981703,1.110271144625329,-0.2430348107604353,-2.8685504880594785,-3.166313252778208,2.944569155772264,-1.6931663362964644,-0.07284252435867453,-1.447328521579355,-4.98069563940844,0.8991036594488807,0.5836339660568297,-0.4831744374147918,1.086168333463237,0.1988051031212978,-1.3907996991875091,4.546952360294012,-1.2884783393683015,-4.514789923106473,5.982044361391958,-2.6602899643501563,-1.6855027825968583,3.0294071313122464,-0.37777703733649504,-4.204583596231652,-0.46561114037142004,-0.5099306871021194,-0.4017878710135432,4.439844157915435,-1.8646586428164746,0.5079141910306777,2.8245019943547187,0.09063583078117533,-0.5690962715999957,5.790308763548778,-0.8868968420417802,2.767009818471309,-1.116183705479221
-52.682181195984256,-29.99498150351029,16.7480765386061,-66.19468208713835,6.9697574361493055,-32.10897127374657,-18.72045840846539,-2.7066318786190835,-77.63464612294534,24.065186360827685,-36.2252399147045,-9.751135021368322,23.99338307360389,4.443841700870811,11.206956535177735,-25.947659268677477,2.2385263477459048,29.261339709123128,-17.776240435281903,-13.635736953157586,10.835229662388933,38.620061615206744,48.25046218426235,-40.59288906176322,28.878837446095584,1.0697276799638267,21.611199330079227,68.50305341306019,-18.132404799738516,-9.485250385009845,6.979886084927994,-20.27565398802461,-1.3907996991875091,26.453914083948472,-74.39172811710365,19.01323868639964,67.6101768309213,-95.38060292289897,40.376257728069184,23.34471721745145,-48.96445061433712,0.9754592138226317,59.27146217477656,8.662683385155995,7.052185034988199,-0.45146210795512415,-61.26560789822713,32.076108036028906,-9.465841949205572,-46.29033408082824,-2.791327803328173,8.871338259611148,-84.09082506942482,15.364924473756286,-46.69766397417991,15.47832780355262
153.07608358907086,85.4766837378035,-48.551528733630505,190.20898154263122,-21.556360237087468,89.71715395335006,53.22337080885471,10.454506507714406,223.8385469634259,-69.31579032737233,105.09745262487078,28.378094480104107,-67.7750513463183,-11.150346473205822,-30.981259897211356,71.91914368554141,-6.988324062187353,-85.3402020904719,49.38039460106851,40.44726490837955,-28.937601567670615,-113.23449813117873,-139.15268466323994,118.49686160285542,-82.1718722540479,-3.033813512014839,-62.37976789235813,-199.9607885564305,50.961842490170646,27.117578422968414,-20.13216151045006,57.38640011519888,4.546952360294012,-74.39172811710365,212.78839176400334,-54.97130582168243,-195.59647909579374,273.51288600488357,-116.39643002465296,-67.97094000395906,140.30073270880553,-4.366966239560984,-172.43599977968213,-24.545786414075963,-20.54788999229825,-0.9399454341097098,178.8343084216378,-91.35810646961586,26.61212445581562,132.63162331049662,7.56954202143579,-25.465718482125716,244.06241301067698,-43.55779017796807,133.20153399675095,-45.12654702947528
-39.91824296411889,-21.93302116156717,12.61914625486365,-49.235728377337914,5.846469963428355,-22.766824114753263,-13.740149972948123,-3.183971836204119,-58.16954645643974,17.869973483262665,-27.406895312902797,-7.343888245565238,17.417617134914686,2.58795110738644,7.7748730724904345,-18.136733389246963,1.9152656110142081,22.310404293835074,-12.512537140207419,-10.719854186662335,7.042175918181289,29.7090081491947,36.155055751821074,-31.059603869531305,21.169223982961796,0.7972500176574249,16.262422100445253,52.45593560701446,-12.914756285813525,-7.016911992992476,5.273465835352944,-14.630524671102068,-1.2884783393683015,19.01323868639964,-54.97130582168243,14.34762001242836,50.84314481972397,-70.81748373700476,30.283174014180158,17.84893925780011,-36.26362398876322,1.4558863152294188,45.13101804644176,6.249569492628762,5.39424930034924,0.6522698237111836,-46.86573547004106,23.471615142719813,-6.827300989157277,-34.19646108518906,-1.8748683489758584,6.627128932625417,-63.64908354187179,11.225973429869795,-34.31467380850558,11.836436817459086
-142.1821561277103,-78.45035698452678,45.046770097752166,-175.413989018179,20.795223593118706,-81.20223923203187,-48.68682117518206,-11.25090543256683,-206.80289210128493,64.10569221859723,-97.50519585017416,-26.437814060110554,61.74062044243314,9.321782652515516,27.851353248251826,-64.75187930370325,6.764350749692074,79.46536182620082,-44.494624066768786,-38.03345803628647,25.407959926244217,105.78636465671556,128.59444368183273,-110.35210404747639,75.26435791207211,2.771660334540303,57.64131170898737,186.15672682162617,-46.37180506917959,-24.909152610033836,18.590021743663392,-52.44800038749118,-4.514789923106473,67.6101768309213,-195.59647909579374,50.84314481972397,181.18605035574006,-251.81901087249653,107.49352157505905,63.138792800768535,-129.13497975593194,4.927793109218451,160.21022828393603,22.466938253811715,19.098528926195538,2.206584727473713,-166.54469154298152,83.7998022505493,-24.16007250399497,-122.13171570817853,-6.717169733278449,23.4249198441614,-226.4854512844183,39.77703561974803,-122.2282510534284,41.965538452750664
