V1,V2,V3,V4,V5,V6,V7,V8,V9,V10,V11,V12,V13,V14,V15,V16,V17,V18,V19,V20,V21,V22,V23,V24,V25,V26,V27,V28,V29,V30,V31,V32,V33,V34,V35,V36,V37,V38,V39,V40,V41,V42,V43,V44,V45,V46,V47,V48,V49,V50,V51,V52,V53,V54,V55,V56
1186.793912890212,3402.417731068561,-397.94447620565296,-235.42919671328863,-1171.044603376022,-2646.738527312833,1537.5495489381676,2255.333438093238,1942.8373691674167,-1753.411447417476,3490.360461128266,3160.9468342590335,-457.4724884158624,3042.6137563977454,375.50202965618934,-812.4523279082011,599.6173131017073,-1319.0727371749756,3065.7567935348407,-308.12086376882,-1536.4833047125353,-2423.166580930295,1419.6371788631318,341.139706211187,-135.60668266819235,3251.0966258709764,-1513.3309572566077,1627.018502879876,1660.7703139719943,567.5259967459698,-1728.5912857193716,-2239.7249168074945,1590.584665779006,427.44248678269605,128.37236968259248,446.2794666995511,-399.0931968929259,-310.274324145883,-2139.8274491267002,-2461.2484159399833,151.47203131909833,-810.7901065126365,1400.3712287151354,631.2890061571819,-1548.549082435452,-1193.5454089125749,2901.6525085309268,798.7579392640386,335.88546900786395,918.1230606960164,523.0480605751021,-1447.1998069661938,980.5242397326999,-707.7019244177037,830.9803474437822,729.9852441191841
3402.417731068561,9763.141315797893,-1141.8685649646636,-675.2931024522217,-3358.455438653781,-7596.136010812119,4412.456775032392,6472.588515678712,5575.4663681420925,-5028.997023452432,10015.599945440848,9069.918697975902,-1314.6770888888188,8733.915927076127,1078.944814303293,-2333.6732772571545,1722.6263794043828,-3783.7121731452394,8801.859307860366,-884.7952292607733,-4406.440293979443,-6952.696367238044,4076.5163728584953,983.9823858854705,-389.5632445263479,9329.015684872498,-4341.055623837638,4669.352315076627,4765.138196392796,1629.4994885397898,-4960.667155971862,-6425.227282833033,4563.692011987729,1225.3116165318909,366.3856532723354,1278.0775787079858,-1145.7622551484455,-892.4962932967453,-6136.129369051845,-7059.135318594511,434.66130973467745,-2327.3109560424814,4016.9531921606917,1813.6899692294057,-4442.5072657589235,-3424.8976376255187,8326.941145648403,2294.5662739309155,963.7836039989405,2637.203907619674,1501.945918953354,-4154.4056772350195,2812.3053643925805,-2036.5090883220894,2383.5441371721936,2094.1881992921008
-397.94447620565296,-1141.8685649646636,133.55236688301264,78.98220238358529,392.7993877477979,888.4207036831584,-516.0679343064885,-757.01288780786615,-652.0871454355982,588.1831325974437,-1171.3966209324751,-1060.7936860072798,153.76026997283134,-1021.4905309302787,-126.18823992930149,272.9340596748119,-201.46865975323234,442.53644537393427,-1029.4304129926065,103.48491042360449,515.3688472032464,813.1690301218714,-476.7752313684632,-115.07589832350982,45.558381545067846,-1091.097209688225,507.7203492968415,-546.1098444800936,-557.3154913590248,-190.5788239178167,580.182847034075,751.4778172376732,-533.7586429987082,-143.31171092939312,-42.85689428314168,-149.48258210075974,134.00731757166352,104.38055475253782,717.6722024095334,825.6231382829052,-50.83956485255492,272.1895517033811,-469.8159635554868,-212.11656250784074,519.5870213260464,400.5669737899882,-973.8958275816896,-268.3597640964405,-112.72046667761227,-308.43277303358155,-175.66230140569922,485.88593472201296,-328.92125261437207,238.172677390674,-278.7717536894287,-244.93038071432102
-235.42919671328863,-675.2931024522217,78.98220238358529,46.717863579670784,232.35207258289472,525.3624879442103,-305.1854062426106,-447.66416368955953,-385.62310024159933,347.91643011562326,-692.7514480304174,-627.3561374607574,90.87559939763887,-604.0076223103669,-74.58491881111959,161.34276745088616,-119.08917899129725,261.7513333506787,-608.658980352385,61.1807893843875,304.857177433854,480.9176077279837,-281.8758876366437,-67.90561339846116,26.931093421907377,-645.2652094682478,300.30385261171006,-322.94591411740026,-329.6058274212266,-112.67741365680136,343.10305323578183,444.46678739443746,-315.6741105300247,-84.79012246571715,-25.401420247842687,-88.47605289107814,79.233566664920545,61.6657284038942,424.5426874023648,488.3640492043585,-30.064461345471102,160.94950559016635,-277.88630494597953,-125.38019166515416,307.3085429139353,236.8908511402906,-575.9325356333644,-158.63248817807698,-66.66285598653062,-182.32667222530895,-103.85259582895709,287.29946246497656,-194.55828264287126,140.68531466642625,-164.8913818977395,-144.8634242952349
-1171.044603376022,-3358.455438653781,392.7993877477979,232.35207258289472,1155.666779060045,2612.726574606844,-1517.7520237767442,-2226.3246411539403,-1917.8079069632092,1730.4352618555004,-3445.275619381351,-3120.06062343865,451.8290530121986,-3003.735986302759,-370.8472824955424,802.2752191035454,-592.1476439817102,1301.848731661551,-3026.7882995924324,304.22739217861476,1516.2981889597215,2391.788058590253,-1401.6870953379832,-337.42031985846927,133.91565283268847,-3209.1016370459797,1493.5877725041028,-1606.0863548105217,-1639.2599169406308,-560.3279986555577,1706.329388861618,2210.570398365535,-1569.972559284323,-421.7549513334229,-126.4448512943499,-440.1733574805794,394.01393495709567,306.55871999478126,2111.6297346424717,2428.992368185101,-149.51595756403188,800.4193753045149,-1382.0917767156675,-623.4340577892499,1528.4026141499612,1178.1307753416093,-2864.258318687544,-788.7837422365719,-331.5413064580006,-906.6220973018989,-516.4337880600549,1428.7315019061207,-967.6807213793186,699.340330623218,-820.1178831198516,-720.4868903284456
-2646.738527312833,-7596.136010812119,888.4207036831584,525.3624879442103,2612.726574606844,5910.348214299581,-3433.15521021305,-5036.1022362271515,-4338.037972303371,3912.391581101702,-7792.581337742418,-7056.725487586641,1023.1917759009388,-6795.877647452241,-839.6972609829527,1816.0751352909515,-1340.599160035497,2943.6758107693536,-6848.984446142502,688.5156363419286,3428.001137525113,5409.40853751219,-3172.173914654011,-766.4034345532555,303.1632358213461,-7258.381479748574,3377.2965446879084,-3633.0602117722447,-3707.408255895686,-1267.9813517488903,3859.684699052626,4998.835387125909,-3550.673939107174,-953.1444505691529,-284.7510160048843,-993.993802443843,891.5473937669893,694.7526078108649,4773.522106393592,5491.771166125404,-338.1927030850905,1810.8653395208858,-3125.1377445605717,-1411.4814963998385,3456.2999451367004,2664.7242615355262,-6478.834748556265,-1785.6771254574742,-749.8594924309089,-2052.286834936821,-1168.7557470309932,3232.579510920121,-2187.8886498222273,1585.419392051908,-1854.3453641143897,-1629.29129957431
1537.5495489381676,4412.456775032392,-516.0679343064885,-305.1854062426106,-1517.7520237767442,-3433.15521021305,1994.242352551499,2925.3455207979473,2519.864426215919,-2272.7236095079847,4526.561414628288,4099.137272629779,-594.2838047115537,3947.482768489226,487.71346779384123,-1054.8396914196228,778.6596498409738,-1709.9754051984605,3978.2760108434063,-399.92202337750314,-1991.3527103661154,-3142.246258529233,1842.5505983232947,445.0020398476995,-176.08821018489184,4216.260429571828,-1961.863041147553,2110.35274135747,2153.584973675445,736.5093413867618,-2242.007622124477,-2903.794336565088,2062.538426899123,553.71169132818,165.47482263699413,577.483181844142,-517.861909297402,-403.48785089140654,-2772.994574897291,-3190.187807973434,196.44663390578003,-1051.8720517956197,1815.387360570207,819.8242460305953,-2007.7359506995108,-1547.8877132253135,3763.4070546687362,1037.1764388167267,435.58014061097595,1192.037148780264,678.8655640836735,-1877.684014904145,1270.9487259763514,-920.7311706815422,1077.1901773696552,946.4405879467065
2255.333438093238,6472.588515678712,-757.01288780786615,-447.66416368955953,-2226.3246411539403,-5036.1022362271515,2925.3455207979473,4291.186202367057,3696.3814487716745,-3333.7693683334633,6639.971212276055,6012.972078845091,-871.7999426506361,5790.609790967234,715.4604767537336,-1547.398558600426,1142.2619755440826,-2508.308573359624,5835.82392764531,-586.6579297178727,-2921.0282354921405,-4609.314447895053,2702.8974761249165,652.9085395230568,-258.31453909770073,6184.789618264843,-2877.7974393195523,3095.6757412121965,3159.0598663819146,1080.4067438432853,-3288.7901627874453,-4259.501521426692,3025.5035024904764,812.1988013458638,242.68036222049415,847.0375310546702,-759.66069239193655,-591.9323673399439,-4067.5692809193893,-4679.564366982089,288.1659051499505,-1543.0033426196164,2662.933675823124,1202.6537903026506,-2945.1000028523163,-2270.581836713622,5520.524355703948,1521.4930490175125,638.9481665527134,1748.6622970674853,995.8520963830581,-2754.401554872755,1864.3083361216188,-1350.7694844884418,1580.0948313175436,1388.3127387351094
1942.8373691674167,5575.4663681420925,-652.0871454355982,-385.62310024159933,-1917.8079069632092,-4338.037972303371,2519.864426215919,3696.3814487716745,3184.0354222194815,-2871.774173860647,5719.645776184259,5179.562781581036,-750.8973413137699,4987.904191179192,616.2463129295496,-1332.8467154733519,983.8723629873673,-2160.6911763473586,5026.803667097664,-505.3216164191667,-2516.244974185002,-3970.463947708897,2328.169445837919,562.2453754723789,-222.4979735493343,5327.551387599811,-2478.9702250552587,2666.5854878118303,2721.2162213108904,930.627150770611,-2832.934183993806,-3669.172390167498,2606.1718859950965,699.6639420204959,209.10924920835373,729.7200977913951,-654.3479961603128,-509.81732734247544,-3503.925121312803,-4031.0722335105465,248.2235456299565,-1329.1154078867696,2293.884911059701,1035.8906713329507,-2536.931809035692,-1955.8691899538903,4755.336847171428,1310.5251389739906,550.3898071671391,1506.2059209941372,857.7892694969069,-2372.574866247666,1605.9523884532844,-1163.3585931478485,1361.1205110162855,1195.9055309748674
-1753.411447417476,-5028.997023452432,588.1831325974437,347.91643011562326,1730.4352618555004,3912.391581101702,-2272.7236095079847,-3333.7693683334633,-2871.774173860647,2591.079060376073,-5159.007960038758,-4672.008083222869,676.658276446087,-4497.9709560292995,-555.3725875205139,1201.4362012405259,-886.7746982196113,1949.351200923439,-4532.552712051424,455.58244936607264,2270.4230056070996,3581.474983025268,-2099.02795916878,-505.47115439542796,200.5445668066281,-4805.356978679378,2236.460089121091,-2405.002767219998,-2454.6327743003467,-839.0843814639893,2555.1019884327065,3310.0709102159735,-2350.8802437870268,-631.4905633732608,-189.258541057772,-659.0161123013089,590.0270224999845,459.1363810875123,3161.8147714521515,3637.0670455978475,-223.88900714966456,1198.589595865688,-2069.5063783424084,-933.6304726836019,2288.609650587406,1764.151642610117,-4289.011023883139,-1181.241654596719,-496.45296390815173,-1357.699551764271,-773.3604781037332,2139.473988348186,-1448.964896935664,1047.44288641118,-1228.016035852524,-1078.8466382921804
3490.360461128266,10015.599945440848,-1171.3966209324751,-692.7514480304174,-3445.275619381351,-7792.581337742418,4526.561414628288,6639.971212276055,5719.645776184259,-5159.007960038758,10274.590048374,9304.447526306634,-1348.6995206053814,8959.805393190123,1106.8636251375247,-2394.048583313973,1767.1956841058595,-3881.5363544168554,9029.523883064563,-907.6849581061058,-4520.350874090848,-7132.4749874427835,4181.969108250611,1009.4957435323896,-399.6401435899622,9570.25040265605,-4453.289053057225,4790.101879134913,4888.348817262206,1671.6490017978367,-5088.945818498101,-6591.349915039662,4681.696355649831,1256.9792128688052,375.8358958452803,1311.0923746328103,-1175.3995110017484,-915.6048258302275,-6294.747939173085,-7241.630295967336,445.9036199916095,-2387.4986153249542,4120.807265599435,1860.6162950833252,-4557.371878227735,-3513.4610434011615,8542.274131521057,2353.9323500611727,988.7048053644568,2705.432613026778,1540.8000658954654,-4261.855471132638,2885.01072028314,-2089.245945383164,2445.1646938379604,2148.334597448441
3160.9468342590335,9069.918697975902,-1060.7936860072798,-627.3561374607574,-3120.06062343865,-7056.725487586641,4099.137272629779,6012.972078845091,5179.562781581036,-4672.008083222869,9304.447526306634,8425.931936183304,-1221.258327134056,8113.653065960108,1002.2817939051106,-2167.883827306314,1600.2372276737087,-3515.104245206283,8176.712378852082,-821.9484792852262,-4093.6572581478704,-6459.046859431148,3786.95947691271,913.9247197420672,-361.8849880427358,8666.617069483882,-4032.8768088473958,4337.782110900118,4426.80935121978,1513.759860150752,-4608.421336391369,-5969.070841150308,4239.669329361953,1138.3567826002263,340.4447771832719,1187.421287029073,-1064.3887133152075,-829.0436373188813,-5700.590123858161,-6558.033108155089,403.79881896214545,-2162.031189695265,3731.7868158327747,1684.825623522901,-4127.109859177698,-3181.7146521219793,7735.667507101872,2131.5468668334092,895.3514039824584,2449.849599572247,1395.260562383109,-3859.3630501124962,2612.667410083174,-1891.6914156826135,2214.336626479129,1945.509195855633
-457.4724884158624,-1314.6770888888188,153.76026997283134,90.87559939763887,451.8290530121986,1023.1917759009388,-594.2838047115537,-871.7999426506361,-750.8973413137699,676.658276446087,-1348.6995206053814,-1221.258327134056,177.48197678882661,-1176.8182510734857,-145.61726978646178,314.7786293986598,-232.42426673671784,509.2066117380211,-1186.3083847863652,119.29623783315856,592.8034225256974,936.116423275019,-549.5948830138241,-133.65437055991532,52.5530103073661,-1256.2431160354506,584.2375292410344,-628.908552673496,-641.5676546601348,-219.64851091315398,668.1057205169762,864.839592130612,-614.4359015406784,-164.72152525080168,-48.89269687762168,-171.5312105684063,154.42078899359996,120.67374385629293,825.3605171152478,949.8078960472259,-58.53865873284002,313.5562910074544,-540.6049726272151,-244.72413621813124,597.9909314080571,461.2006811570905,-1121.4517122191824,-309.5551082891938,-129.77205151421842,-355.7203761315633,-202.49244642555726,559.8096687116788,-378.407069477206,275.5361011972339,-320.747097263904,-281.8869481112861
3042.6137563977454,8733.915927076127,-1021.4905309302787,-604.0076223103669,-3003.735986302759,-6795.877647452241,3947.482768489226,5790.609790967234,4987.904191179192,-4497.9709560292995,8959.805393190123,8113.653065960108,-1176.8182510734857,7814.388481755384,965.7402120767225,-2088.5297358257326,1541.7782251468097,-3384.347869190124,7875.72940799267,-791.7672228661146,-3941.0079458257865,-6219.5588960715795,3647.853606552566,882.1378070583801,-348.6526590560549,8345.591482370466,-3882.9043898828413,4177.354314290319,4262.647260310998,1458.0872906799946,-4437.9033825594,-5747.287603331006,4082.4281283131813,1095.6873974273287,327.0370802136836,1142.4122940131658,-1025.1961639024823,-799.2157378405823,-5487.771077432411,-6313.731795608988,388.8526856639714,-2082.242797436914,3592.9839594661303,1623.3068596481316,-3973.8129493696388,-3063.8681638675275,7449.396005037862,2053.614169615363,862.1695217078828,2360.1773655485126,1344.0131219813616,-3717.0849761557433,2515.3611949520287,-1823.955417438117,2131.9232452591727,1873.2414164152092
375.50202965618934,1078.944814303293,-126.18823992930149,-74.58491881111959,-370.8472824955424,-839.6972609829527,487.71346779384123,715.4604767537336,616.2463129295496,-555.3725875205139,1106.8636251375247,1002.2817939051106,-145.61726978646178,965.7402120767225,119.47810534513273,-258.2911296709149,190.70954750588538,-417.9261126680733,973.501579341568,-97.89055578570066,-486.55680729221706,-768.2723494449214,450.98921075159313,109.58888150859848,-43.12333317578333,1030.9846755496137,-479.5058816201057,516.1292048715825,526.5383333744404,180.24495705745602,-548.2995761470852,-709.7985867570328,504.26995259487074,135.20888931500093,40.1630137351752,140.82480609275,-126.71821205536692,-98.9931407132104,-677.4448313647114,-779.5640894310765,48.03983934559479,-257.3213952853209,443.6950745443219,200.80217569157483,-490.7842246882016,-378.50187879167885,920.3504002955032,254.00059695266705,106.50414646632231,291.8862444823058,166.16233217169028,-459.3966427869438,310.5807248051713,-226.01839624104215,263.25435140655657,231.35230338970692
-812.4523279082011,-2333.6732772571545,272.9340596748119,161.34276745088616,802.2752191035454,1816.0751352909515,-1054.8396914196228,-1547.398558600426,-1332.8467154733519,1201.4362012405259,-2394.048583313973,-2167.883827306314,314.7786293986598,-2088.5297358257326,-258.2911296709149,558.4539341176464,-412.30793438656366,904.0577594874696,-2105.1844901527484,211.6680184179994,1052.60340522348,1661.7572517735266,-975.1916563969971,-236.57672670857482,93.23589144978678,-2229.927672411122,1037.2579437974227,-1116.2910525059347,-1138.8977364634763,-389.7679127085515,1185.8826753126943,1535.381872272038,-1090.7340604998512,-292.55392453877363,-87.04421132198085,-304.81974393598585,274.02635036713366,213.9201207076613,1465.6208198440713,1686.4342394357984,-103.9021054448122,556.5023469942954,-959.7969964713519,-434.1246159937259,1061.6156111272585,818.6640597803245,-1990.5785432773496,-549.1568661942056,-230.36406371239045,-631.0911306935277,-359.29995513210065,993.4845903723855,-671.8768116438929,488.34568487913856,-569.4841729848641,-500.44143804772625
599.6173131017073,1722.6263794043828,-201.46865975323234,-119.08917899129725,-592.1476439817102,-1340.599160035497,778.6596498409738,1142.2619755440826,983.8723629873673,-886.7746982196113,1767.1956841058595,1600.2372276737087,-232.42426673671784,1541.7782251468097,190.70954750588538,-412.30793438656366,304.4194507051671,-667.2957167133627,1554.123094354939,-156.2668330200568,-776.9088184835407,-1226.6276899695984,719.9449776257974,174.80058755833974,-68.83861378605073,1646.0494719359197,-765.6172974710952,824.0239367765631,840.6784797792491,287.7440808697823,-875.3922532059818,-1133.3070928076052,805.1227724884814,215.91243898009037,64.1853525256031,224.92172067835108,-202.294751771881,-157.9791148801016,-1081.7272812388665,-1244.7467369257681,76.69610222247366,-410.8142354289305,708.4398698129611,320.5282847704902,-783.6086510425959,-604.3076148028501,1469.390515391711,405.45202846695935,170.04439034086374,465.93528729966505,265.2553224623286,-733.408440746043,495.90940526041504,-360.670453984222,420.34010018374585,369.3890264064623
-1319.0727371749756,-3783.7121731452394,442.53644537393427,261.7513333506787,1301.848731661551,2943.6758107693536,-1709.9754051984605,-2508.308573359624,-2160.6911763473586,1949.351200923439,-3881.5363544168554,-3515.104245206283,509.2066117380211,-3384.347869190124,-417.9261126680733,904.0577594874696,-667.2957167133627,1466.5827376138616,-3410.444957871246,342.80556590642817,1708.0911940139333,2694.600438110441,-1579.417048711018,-380.57136490813895,150.90722009605773,-3615.4550485343107,1682.5926272221498,-1809.50788533786,-1846.7923672915408,-631.361481480926,1922.430941537586,2490.3440030686506,-1768.730422537416,-475.0564374219045,-142.2928080486756,-495.6990614294454,443.95510172196913,345.55814537121313,2378.6742684358405,2736.280265353167,-168.4516578452713,901.8321276423032,-1556.9823909662234,-702.5583239084856,1721.8507373749162,1327.3138695346352,-3227.001511998353,-888.873349074831,-373.5190881013805,-1021.6433983528988,-581.9171535972071,1609.7848030670957,-1090.1047219325817,788.3740039982147,-923.8843334528838,-811.6767735066835
3065.7567935348407,8801.859307860366,-1029.4304129926065,-608.658980352385,-3026.7882995924324,-6848.984446142502,3978.2760108434063,5835.82392764531,5026.803667097664,-4532.552712051424,9029.523883064563,8176.712378852082,-1186.3083847863652,7875.72940799267,973.501579341568,-2105.1844901527484,1554.123094354939,-3410.444957871246,7937.815309720555,-798.0354179211931,-3971.2441493383667,-6267.85326362087,3676.72803909005,889.8743000591005,-351.4438476840705,8410.525286604206,-3912.8680570985975,4209.969178705144,4295.740550390584,1469.6031704429552,-4472.51702122722,-5791.722409897388,4114.107856079194,1103.9996165446144,329.2404809610547,1150.8708020497443,-1033.2669481106166,-805.8061496600069,-5529.766525148524,-6362.2722086862395,391.87809445623964,-2098.5782365734713,3620.695971324252,1636.3204021120648,-4004.5504861768873,-3087.7108294016975,7507.470655429317,2070.0295700064776,868.8724537518883,2379.000111796552,1354.652987395917,-3746.2925992667415,2534.709295717344,-1839.1385508266158,2148.3503708986573,1887.731920211118
-308.12086376882,-884.7952292607733,103.48491042360449,61.1807893843875,304.22739217861476,688.5156363419286,-399.92202337750314,-586.6579297178727,-505.3216164191667,455.58244936607264,-907.6849581061058,-821.9484792852262,119.29623783315856,-791.7672228661146,-97.89055578570066,211.6680184179994,-156.2668330200568,342.80556590642817,-798.0354179211931,80.23847973707915,399.153463772758,630.0582325785012,-369.66174441964563,-89.5600827080298,35.3339062907597,-845.4620020934849,393.30756073585513,-423.21207076038337,-431.81301320987546,-147.74950807901118,449.6027069496032,582.1709671300102,-413.5580662340616,-110.95352647246405,-33.05821214227362,-115.63552774377906,103.8836433640406,81.0482853508492,555.790576770252,639.4915787721501,-39.39690834333654,210.96720352361905,-363.94009635672325,-164.53075207953495,402.53436603165204,310.39034801840876,-754.6965490497438,-208.13781353715433,-87.34056633255925,-239.198525534485,-136.1982131043502,376.6284525892717,-254.77187044482025,184.9947399706783,-215.9381245624896,-189.75111287249186
-1536.4833047125353,-4406.440293979443,515.3688472032464,304.857177433854,1516.2981889597215,3428.001137525113,-1991.3527103661154,-2921.0282354921405,-2516.244974185002,2270.4230056070996,-4520.350874090848,-4093.6572581478704,592.8034225256974,-3941.0079458257865,-486.55680729221706,1052.60340522348,-776.9088184835407,1708.0911940139333,-3971.2441493383667,399.153463772758,1989.4674527576026,3138.133647515937,-1839.0521077717822,-442.6724526892169,175.70120742665992,-4210.479429077041,1959.6622847369827,-2107.2520061005985,-2150.7841037204353,-735.1680263920487,2238.775103307721,2900.3768398193947,-2059.8750046707587,-553.3693601158096,-165.91496905712944,-577.5461541007669,516.9577382312484,402.2023394572742,2770.5798910443787,3186.968319523309,-196.1701737314343,1050.1816230669651,-1813.3735977212727,-817.9579332982943,2005.337394262926,1545.7581937753425,-3758.025816550564,-1034.900580554475,-434.99738153497185,-1189.5093113658213,-677.5756418398919,1874.544818635172,-1269.6489938137115,917.5232618192454,-1076.038346810466,-945.3143124782166
-2423.166580930295,-6952.696367238044,813.1690301218714,480.9176077279837,2391.788058590253,5409.40853751219,-3142.246258529233,-4609.314447895053,-3970.463947708897,3581.474983025268,-7132.4749874427835,-6459.046859431148,936.116423275019,-6219.5588960715795,-768.2723494449214,1661.7572517735266,-1226.6276899695984,2694.600438110441,-6267.85326362087,630.0582325785012,3138.133647515937,4951.304259924992,-2902.8696022941135,-700.4327612785579,277.39625757213554,-6643.535487452927,3091.509948180875,-3325.179545959062,-3393.455884826131,-1160.3683008038088,3532.646098751956,4575.737601123305,-3250.001574779628,-872.6622459923688,-261.0320436773517,-910.3124646799157,815.9070464302548,635.4526106098192,4370.001909872376,5027.268225312713,-309.5376934293511,1657.3187896704458,-2860.7030965390463,-1291.4655947107597,3163.734007845793,2438.9942431278214,-5929.881975910986,-1633.8969080251647,-686.3475912201227,-1877.8938967848185,-1069.5282250788212,2958.4075858555275,-2002.8216852217533,1449.9360154881033,-1697.4644740983936,-1491.3769670026136
1419.6371788631318,4076.5163728584953,-476.7752313684632,-281.8758876366437,-1401.6870953379832,-3172.173914654011,1842.5505983232947,2702.8974761249165,2328.169445837919,-2099.02795916878,4181.969108250611,3786.95947691271,-549.5948830138241,3647.853606552566,450.98921075159313,-975.1916563969971,719.9449776257974,-1579.417048711018,3676.72803909005,-369.66174441964563,-1839.0521077717822,-2902.8696022941135,1703.091437263957,412.55674766320726,-162.8001027274585,3895.283541816238,-1812.1018396204036,1949.8671287970146,1989.5047069061843,680.7165408169982,-2071.4528490461526,-2682.260936197884,1905.3847519255166,511.2098197665267,152.3275868123666,532.8096815588068,-478.6018796948235,-373.3819993273196,-2560.7429910864957,-2946.3687871686443,181.50143897435137,-971.9972571437041,1676.789625837071,758.0262949730128,-1854.599637189997,-1430.0563202810106,3477.0935044964376,958.9248992947312,402.4082565935822,1102.0321318504984,627.4875521631565,-1735.2098245004504,1173.8277471655142,-852.2535568396434,994.9132572789666,874.2492758415779
341.139706211187,983.9823858854705,-115.07589832350982,-67.90561339846116,-337.42031985846927,-766.4034345532555,445.0020398476995,652.9085395230568,562.2453754723789,-505.47115439542796,1009.4957435323896,913.9247197420672,-133.65437055991532,882.1378070583801,109.58888150859848,-236.57672670857482,174.80058755833974,-380.57136490813895,889.8743000591005,-89.5600827080298,-442.6724526892169,-700.4327612785579,412.55674766320726,102.14684009193233,-39.513604700638936,940.2817460224932,-436.69455290086523,470.98938077868456,480.01771924896116,164.81309828039159,-500.25954269789764,-646.6301719470268,459.69605215462985,122.77827440129988,35.78096597198541,127.34506722115144,-115.81851377017195,-91.22188188779892,-616.0787800578354,-709.5106964640806,43.82499794924863,-234.99988885434647,404.05168006492227,184.08408077658294,-447.1571493793045,-345.21248016658143,839.6684751959227,232.74389365353383,97.1167803732957,267.35081382358993,152.00716926228594,-419.7029381026911,282.69422035975066,-208.61992132196235,239.67870232257692,210.78289675736167
-135.60668266819235,-389.5632445263479,45.558381545067846,26.931093421907377,133.91565283268847,303.1632358213461,-176.08821018489184,-258.31453909770073,-222.4979735493343,200.5445668066281,-399.6401435899622,-361.8849880427358,52.5530103073661,-348.6526590560549,-43.12333317578333,93.23589144978678,-68.83861378605073,150.90722009605773,-351.4438476840705,35.3339062907597,175.70120742665992,277.39625757213554,-162.8001027274585,-39.513604700638936,15.569623273403991,-372.24291036657723,173.1442802822143,-186.34955207176057,-190.11898413662507,-65.0696208283592,197.9663156717271,256.2978608789694,-182.07405907540132,-48.830869396832185,-14.518457116692817,-50.874348658119885,45.74270684747493,35.71875697323456,244.63722931622618,281.5012306178496,-17.341057907059028,92.90619763970302,-160.21199835050382,-72.48292320665674,177.20919859915915,136.65991400284216,-332.29020311782784,-91.68520682116099,-38.45559969333829,-105.36298057872246,-59.981341291183675,165.849694191342,-112.15089814776401,81.54799971237503,-95.06301149556907,-83.5371513292199
3251.0966258709764,9329.015684872498,-1091.097209688225,-645.2652094682478,-3209.1016370459797,-7258.381479748574,4216.260429571828,6184.789618264843,5327.551387599811,-4805.356978679378,9570.25040265605,8666.617069483882,-1256.2431160354506,8345.591482370466,1030.9846755496137,-2229.927672411122,1646.0494719359197,-3615.4550485343107,8410.525286604206,-845.4620020934849,-4210.479429077041,-6643.535487452927,3895.283541816238,940.2817460224932,-372.24291036657723,8914.198498191998,-4148.014102454257,4461.7293186974875,4553.247872718339,1557.0513371465468,-4740.092873723053,-6139.508294245531,4360.761408695294,1170.8162401765594,350.07489355417704,1221.2185224846053,-1094.824418149875,-852.8331262853237,-5863.240166536753,-6745.211445616182,415.336332587155,-2223.828541679797,3838.32538767065,1733.062290774095,-4244.959483946291,-3272.6085763858628,7956.686454433202,2192.5617581330353,920.9267097177692,2519.963224091758,1435.1716290249026,-3969.6962117528687,2687.240096085818,-1946.0121281854206,2277.5462058818694,2001.0620848561948
-1513.3309572566077,-4341.055623837638,507.7203492968415,300.30385261171006,1493.5877725041028,3377.2965446879084,-1961.863041147553,-2877.7974393195523,-2478.9702250552587,2236.460089121091,-4453.289053057225,-4032.8768088473958,584.2375292410344,-3882.9043898828413,-479.5058816201057,1037.2579437974227,-765.6172974710952,1682.5926272221498,-3912.8680570985975,393.30756073585513,1959.6622847369827,3091.509948180875,-1812.1018396204036,-436.69455290086523,173.1442802822143,-4148.014102454257,1930.421619768717,-2076.059724111086,-2118.823574109503,-724.3745929417703,2205.6158113899214,2857.154253100003,-2029.2589199223235,-545.0171167591141,-163.22465229376255,-568.6842968800809,509.35518474080226,396.4863074988706,2729.0000187897963,3139.290897740666,-193.2623733467737,1034.6859485448206,-1786.3082227353152,-806.0770469910588,1975.4651745478795,1522.8281870816006,-3702.3482351127273,-1019.8397411644854,-428.53868743495053,-1172.1678803620496,-667.646099089509,1846.9282325159122,-1250.6605791800766,904.5780135143985,-1059.9627315704024,-931.2306760791995
1627.018502879876,4669.352315076627,-546.1098444800936,-322.94591411740026,-1606.0863548105217,-3633.0602117722447,2110.35274135747,3095.6757412121965,2666.5854878118303,-2405.002767219998,4790.101879134913,4337.782110900118,-628.908552673496,4177.354314290319,516.1292048715825,-1116.2910525059347,824.0239367765631,-1809.50788533786,4209.969178705144,-423.21207076038337,-2107.2520061005985,-3325.179545959062,1949.8671287970146,470.98938077868456,-186.34955207176057,4461.7293186974875,-2076.059724111086,2233.2336172078635,2278.961063701297,779.4070641411428,-2372.5443791347507,-3072.828546511054,2182.6108973776672,585.9272171786724,175.07792945624433,611.0690307382392,-548.0170719180348,-427.01347285170465,-2934.3782373827,-3375.870841027107,207.88204018272188,-1113.12977063536,1921.0543412884215,867.5930882115218,-2124.609854586891,-1638.0060262596298,3982.5248861523105,1097.6016999050833,460.94103216722533,1261.483635242212,718.4076201329658,-1987.0280961859035,1344.9258354449712,-974.4279231130107,1139.8927371708269,1001.5378961398771
1660.7703139719943,4765.138196392796,-557.3154913590248,-329.6058274212266,-1639.2599169406308,-3707.408255895686,2153.584973675445,3159.0598663819146,2721.2162213108904,-2454.6327743003467,4888.348817262206,4426.80935121978,-641.5676546601348,4262.647260310998,526.5383333744404,-1138.8977364634763,840.6784797792491,-1846.7923672915408,4295.740550390584,-431.81301320987546,-2150.7841037204353,-3393.455884826131,1989.5047069061843,480.01771924896116,-190.11898413662507,4553.247872718339,-2118.823574109503,2278.961063701297,2325.764232903614,795.270151414377,-2421.154837546869,-3136.065593493517,2227.4404228551048,598.1012302809327,178.91121525668908,623.9141829915045,-559.1874087980575,-435.5017986019711,-2995.0708963297325,-3445.534451267265,212.1423108943739,-1135.8692341251474,1960.6346566943564,885.1156411134699,-2168.317022870056,-1671.6011836663022,4064.128080583017,1119.8027565857558,470.399676938628,1287.0279788452588,733.0078984431608,-2027.5778135169717,1372.6718550465246,-993.7006596117586,1163.392085060941,1022.1406945604034
567.5259967459698,1629.4994885397898,-190.5788239178167,-112.67741365680136,-560.3279986555577,-1267.9813517488903,736.5093413867618,1080.4067438432853,930.627150770611,-839.0843814639893,1671.6490017978367,1513.759860150752,-219.64851091315398,1458.0872906799946,180.24495705745602,-389.7679127085515,287.7440808697823,-631.361481480926,1469.6031704429552,-147.74950807901118,-735.1680263920487,-1160.3683008038088,680.7165408169982,164.81309828039159,-65.0696208283592,1557.0513371465468,-724.3745929417703,779.4070641411428,795.270151414377,272.08366028438365,-828.0091278602686,-1072.2066918453936,761.6434487912262,204.36747773363646,60.925985102934455,213.02871318880946,-191.2971765752326,-149.20978767351667,-1023.6781725830244,-1177.8103387116007,72.54889301022212,-388.5238810317141,670.2844067100517,302.96501722116335,-741.353592629218,-571.6323276284697,1389.8776250041583,383.2620040639848,160.8554152974265,440.4646337829639,250.80382382687063,-693.5788115778903,469.2370015059793,-340.5610920375784,397.71457976127886,349.4722860943278
-1728.5912857193716,-4960.667155971862,580.182847034075,343.10305323578183,1706.329388861618,3859.684699052626,-2242.007622124477,-3288.7901627874453,-2832.934183993806,2555.1019884327065,-5088.945818498101,-4608.421336391369,668.1057205169762,-4437.9033825594,-548.2995761470852,1185.8826753126943,-875.3922532059818,1922.430941537586,-4472.51702122722,449.6027069496032,2238.775103307721,3532.646098751956,-2071.4528490461526,-500.25954269789764,197.9663156717271,-4740.092873723053,2205.6158113899214,-2372.5443791347507,-2421.154837546869,-828.0091278602686,2520.5581791696814,3264.5770400046777,-2318.792634230389,-622.5128922605508,-186.04202748891552,-649.2460075780568,582.1957844895156,453.60453358527053,3117.536020518291,3586.5582274842764,-220.8501990114787,1182.558071532563,-2040.9401627470602,-921.6711820490299,2257.1830482983414,1740.1984756794939,-4230.971570645306,-1166.0243393639882,-489.69801981820575,-1340.1240933889085,-763.2008245323686,2110.9592561693366,-1428.8598405697737,1035.0929831650803,-1211.0292427940853,-1064.0303001796492
-2239.7249168074945,-6425.227282833033,751.4778172376732,444.46678739443746,2210.570398365535,4998.835387125909,-2903.794336565088,-4259.501521426692,-3669.172390167498,3310.0709102159735,-6591.349915039662,-5969.070841150308,864.839592130612,-5747.287603331006,-709.7985867570328,1535.381872272038,-1133.3070928076052,2490.3440030686506,-5791.722409897388,582.1709671300102,2900.3768398193947,4575.737601123305,-2682.260936197884,-646.6301719470268,256.2978608789694,-6139.508294245531,2857.154253100003,-3072.828546511054,-3136.065593493517,-1072.2066918453936,3264.5770400046777,4228.808159436987,-3003.4954698591396,-806.6171446245975,-241.48161126901942,-841.5786664192374,753.9296580119458,586.9597013526469,4038.9920918347275,4646.304345071541,-286.0482282665087,1531.4904332484466,-2643.851793974128,-1193.202931527027,2923.843772462464,2253.951109123544,-5479.91023316896,-1509.611418010555,-634.2820061808782,-1735.0803558434484,-988.245354227571,2733.7432147046343,-1851.042066441098,1339.1865319560654,-1568.8091557363628,-1378.2951758631373
1590.584665779006,4563.692011987729,-533.7586429987082,-315.6741105300247,-1569.972559284323,-3550.673939107174,2062.538426899123,3025.5035024904764,2606.1718859950965,-2350.8802437870268,4681.696355649831,4239.669329361953,-614.4359015406784,4082.4281283131813,504.26995259487074,-1090.7340604998512,805.1227724884814,-1768.730422537416,4114.107856079194,-413.5580662340616,-2059.8750046707587,-3250.001574779628,1905.3847519255166,459.69605215462985,-182.07405907540132,4360.761408695294,-2029.2589199223235,2182.6108973776672,2227.4404228551048,761.6434487912262,-2318.792634230389,-3003.4954698591396,2133.2801052640816,572.8235540503849,171.36422485084563,597.5515703991705,-535.548740244493,-417.0793071484955,-2868.482981165243,-3299.8985834233185,203.1787758712807,-1087.8390956147587,1877.7594722740635,847.6786983107841,-2076.6619811123223,-1600.9352344789552,3892.316989716184,1072.444419731723,450.5128748937452,1232.600217605138,702.0165233273099,-1941.8537783166992,1314.6511719743767,-951.6544447671133,1114.212157884734,978.9331078567201
427.44248678269605,1225.3116165318909,-143.31171092939312,-84.79012246571715,-421.7549513334229,-953.1444505691529,553.71169132818,812.1988013458638,699.6639420204959,-631.4905633732608,1256.9792128688052,1138.3567826002263,-164.72152525080168,1095.6873974273287,135.20888931500093,-292.55392453877363,215.91243898009037,-475.0564374219045,1103.9996165446144,-110.95352647246405,-553.3693601158096,-872.6622459923688,511.2098197665267,122.77827440129988,-48.830869396832185,1170.8162401765594,-545.0171167591141,585.9272171786724,598.1012302809327,204.36747773363646,-622.5128922605508,-806.6171446245975,572.8235540503849,153.95435422162618,46.25761275948401,160.7548748172129,-143.71635317746387,-111.70585559204996,-770.6723195146399,-886.4157469830465,54.54769588289104,-291.9792157297138,504.33640644507665,227.3140860218556,-557.6919393689504,-429.83026454309754,1044.958596544471,287.6201084986254,120.96245237130188,330.6033451379488,188.3469752816641,-521.1542793175655,353.13334576882556,-254.7797251747172,299.2749500532608,262.89506467796787
128.37236968259248,366.3856532723354,-42.85689428314168,-25.401420247842687,-126.4448512943499,-284.7510160048843,165.47482263699413,242.68036222049415,209.10924920835373,-189.258541057772,375.8358958452803,340.4447771832719,-48.89269687762168,327.0370802136836,40.1630137351752,-87.04421132198085,64.1853525256031,-142.2928080486756,329.2404809610547,-33.05821214227362,-165.91496905712944,-261.0320436773517,152.3275868123666,35.78096597198541,-14.518457116692817,350.07489355417704,-163.22465229376255,175.07792945624433,178.91121525668908,60.925985102934455,-186.04202748891552,-241.48161126901942,171.36422485084563,46.25761275948401,14.195082425538029,48.52735129414887,-42.868751442889604,-33.00451375013668,-231.18456096604967,-265.66547785645463,16.308997582035172,-87.16315512924153,151.05500862895582,67.5616646300688,-166.94422071116406,-128.51593035193613,312.3250946011771,85.53393934404701,36.17505522332426,98.3650479956672,56.12325021483932,-155.52043607563934,105.8273505450804,-75.12409056798185,89.65710657999064,78.69869002889614
446.2794666995511,1278.0775787079858,-149.48258210075974,-88.47605289107814,-440.1733574805794,-993.993802443843,577.483181844142,847.0375310546702,729.7200977913951,-659.0161123013089,1311.0923746328103,1187.421287029073,-171.5312105684063,1142.4122940131658,140.82480609275,-304.81974393598585,224.92172067835108,-495.6990614294454,1150.8708020497443,-115.63552774377906,-577.5461541007669,-910.3124646799157,532.8096815588068,127.34506722115144,-50.874348658119885,1221.2185224846053,-568.6842968800809,611.0690307382392,623.9141829915045,213.02871318880946,-649.2460075780568,-841.5786664192374,597.5515703991705,160.7548748172129,48.52735129414887,168.0354068561353,-149.81946224125895,-116.20899811193868,-804.4316365322675,-925.0603556501047,56.89136060429672,-304.44962231840003,526.2447397145261,236.7928642007021,-581.8481512713358,-448.3313293708171,1089.8524524293348,299.6464917043545,126.17725924553632,344.4655128131199,196.30610825591162,-543.3532927670731,368.52249681703063,-264.9362759860576,312.29708549964596,274.28636697273583
-399.0931968929259,-1145.7622551484455,134.00731757166352,79.233566664920545,394.01393495709567,891.5473937669893,-517.861909297402,-759.66069239193655,-654.3479961603128,590.0270224999845,-1175.3995110017484,-1064.3887133152075,154.42078899359996,-1025.1961639024823,-126.71821205536692,274.02635036713366,-202.294751771881,443.95510172196913,-1033.2669481106166,103.8836433640406,516.9577382312484,815.9070464302548,-478.6018796948235,-115.81851377017195,45.74270684747493,-1094.824418149875,509.35518474080226,-548.0170719180348,-559.1874087980575,-191.2971765752326,582.1957844895156,753.9296580119458,-535.548740244493,-143.71635317746387,-42.868751442889604,-149.81946224125895,134.50517237440943,104.88619168106578,719.8429085973436,828.2097234364518,-51.01550258988821,273.16870740365664,-471.3244399149428,-212.99104982171056,521.2907096094693,401.9368765059501,-977.2682700899137,-269.449193155548,-113.10252029785319,-309.66756781553164,-176.33599622234726,487.6606192190275,-329.95525012822407,239.38090690432637,-279.6574898978689,-245.73251549006923
