V1,V2,V3,V4,V5,V6,V7,V8,V9,V10,V11,V12,V13,V14,V15,V16,V17,V18,V19,V20,V21,V22,V23,V24,V25,V26,V27,V28,V29,V30,V31,V32,V33,V34,V35,V36,V37,V38,V39,V40,V41,V42,V43,V44,V45,V46,V47,V48,V49,V50,V51,V52,V53,V54,V55,V56
1.2540747651632078,0.3229969951153101,0.3752627360382631,-0.04555086487432383,-0.41054942894132346,-0.34291850629864085,0.029149743150688218,0.40600244978204775,0.5409842150117731,-0.5910023093985188,0.49698188632991525,-0.2392906281252266,1.2176757974004435,-0.4365595923219301,-0.727508546377011,0.14980837660750465,-0.720351486495652,0.38771680507113904,-0.38204609295979974,0.5912376126870301,-0.4855820223924183,0.030371503819738917,-0.49444217843620325,-0.7807119936009685,0.5502785727799515,-0.01771626347179206,0.1503160829768745,0.5131524252039712,0.08013230403691993,-0.0625533595263831,0.6297024715480949,-0.5295479450698427,0.24725508788854,-0.6408632209546533,1.5133407743751734,1.0256116377112587,0.26767370432548854,0.8099139680558605,-1.238412535099218,-1.1092314565234311,-0.16616168207974955,-0.024885981241561113,-0.13243222948733618,-0.4049073792813837,-0.7861909857069107,-0.3166838374763375,0.6902116441242051,-0.07802774217042167,0.27913686931155235,-0.5626226489413179,-0.16873134767074502,0.5639383869117525,0.9171072565258821,1.139249784777749,0.03009879975468514,0.7532518770569167
0.3229969951153101,0.8058523156306792,-0.02666932599135,-0.2119634680952022,-0.22456282239990372,-0.7820611489215219,0.47184845933948366,0.6737757446363436,0.5438500424279515,-0.27807126830899914,0.40520673535245044,0.705360133075652,0.1184336885051518,0.44261894662841716,0.031588202564035474,-0.5027845569108349,0.0060457865884517405,-0.002696240874899171,0.8398670998249521,-0.1205241288033445,-0.3494092475797944,-0.26685685748730786,0.23937688212375952,0.4539479193982391,-0.09275289443626912,0.8053181181746405,-0.27674542421555304,0.4850200083850045,0.17460414944396052,0.09415674630240153,0.08439579571542431,-0.1653776214584057,0.12220845077265365,-0.35058927166679343,0.11447046281063507,0.3282712096840405,0.28243284195859325,0.15607714639966427,-0.4256002259750678,-0.6172984607167762,0.20325210858075646,-0.42366646699576765,0.14724990705283708,0.16116908609067981,-0.39490695707558965,-0.46917527744019694,0.8146011317604376,0.4104237089829202,0.06094683948957008,0.06752792390080704,0.17567571542271065,-0.3285664090507179,0.31768479340404815,-0.26885135009430283,0.27342695780241566,0.1961785493967315
0.3752627360382631,-0.02666932599135,0.2557203393762182,0.06539530065695541,0.003435537900279256,-0.12961552495743325,-0.05570741242582955,0.18410953748326336,0.247860460919648,-0.048507822824983414,0.25993984438257434,-0.4055174800022329,0.5201758625612372,-0.008533047338259157,-0.3184371940689209,-0.008080237845383089,-0.21995513956572332,0.4034283702926337,0.05203332171970263,0.35954349128007235,0.07727263218235136,0.1344743234114628,-0.04063598389780511,-0.08163346566111251,0.3603647380169663,-0.23440281207049385,0.34769191832279606,0.2637223569865169,-0.017205901582187405,0.04602753752461157,0.2823137915738553,-0.15807923810134414,0.10712245854340628,-0.43463712852051695,0.7494012467790101,0.2639129466266286,-0.014919654587187161,0.22796292182296193,-0.2121423009162008,-0.1446545992945903,-0.19028701186247435,0.0480037027433222,-0.27633724874637594,-0.06046202955046555,-0.29221493239016494,-0.06812311790639035,0.3008310037537626,0.12204961974858747,0.1657728795081982,-0.07761210421349571,-0.05510860247636716,0.27231833097540936,0.35809321099509756,0.16187904966748298,-0.19108740679649938,0.38458203710342853
-0.04555086487432383,-0.2119634680952022,0.06539530065695541,1.165548898854812,0.18535148476912797,-0.6863122938153748,-1.2637429875844743,-0.8655349579789184,0.40699248241455716,0.2560701195716576,1.0870899943649868,-0.5874584304630764,0.01935609872720423,0.2688935489825573,-0.06130011128802507,0.899364147273652,-0.2856664905676864,-0.8665489480383518,-0.2663260187644425,0.30600151363424155,-0.014165462178906116,-0.41177492683214223,-0.039949538956278216,-0.7578853082431765,-0.14833266702714132,-1.1471018282822196,0.11853519021424419,0.17842951969425258,-0.21059873868974924,0.5199057422784628,-0.3415872219180201,-0.049795256303519685,0.07879418237644484,0.8294764567429365,-0.3836559336981189,-0.22867010036361532,-0.5540452259842444,-1.1436808744355498,-0.7484345517251382,-0.2454412300957095,-0.23003175922593155,0.16571835222063028,-0.19490652908694978,0.25968980639816247,0.34930205372863377,0.8347463738676361,-0.5431685930420872,-1.0120073450810074,0.19995888305652826,1.0932298532617135,0.6107468849578499,0.11325383280704186,-0.023178182730841417,0.12330516297697654,0.1182499043080557,0.2595470772157698
-0.41054942894132346,-0.22456282239990372,0.003435537900279256,0.18535148476912797,0.2629298288757684,-0.029270456366464512,-0.19449746882469307,-0.16956663977850384,-0.04617947905132766,0.353297415652929,-0.04569274146467154,-0.24818742909201572,-0.2340782598880796,0.19853364237599627,0.1462459034474328,-0.043615668912791804,0.165246864662278,0.03970791869394331,0.235216690344944,-0.03584493179397206,0.32210955254432655,0.1004774555467365,0.21095050742019017,0.3559485625020864,-0.07476816901799002,-0.3000558096345992,0.202570095669232,-0.04518858939530363,-0.13564537254958986,0.12414016971372036,-0.06733228982882007,0.2559131483335506,-0.10863114040266547,0.03813806392749264,-0.31682630596101186,-0.3465827904977523,-0.13887900993202001,-0.37078935860355516,0.44595781216647845,0.4619223105567858,-0.03621432714715748,0.015419583897707376,-0.19515069055462986,0.2127651448853406,0.2581289334205707,0.1882186712342583,-0.20242216949576974,0.050659070635857124,-0.012055672304139044,0.35561373220707543,0.14290937515851512,-0.0929343566165105,-0.22627510661117756,-0.5112523584140726,-0.12044217854723295,-0.0961574227742153
-0.34291850629864085,-0.7820611489215219,-0.12961552495743325,-0.6863122938153748,-0.029270456366464512,1.928233682989335,0.5237263619532256,-0.18210169840628282,-1.2184908522535047,-0.17741315415870917,-0.9534399968536492,-0.21462282623142773,-0.4573145227367305,-0.46087878413773015,0.07137425593725516,0.2325908531519661,0.44281392247349094,0.3939619119950383,-1.039276954919487,-0.0642079731331497,0.3760169802118686,0.2708610533700294,-0.16819682435943448,-0.4717190185937834,0.37886571585741,0.10672969834487926,0.07820655675559639,-0.9398033327993067,0.34179841128221033,-0.6023829655347527,-0.4958823144835664,-0.3434933937585509,0.1720240794539017,0.2958182693210969,0.1834086848466693,-0.45518146737119264,-0.3532964614061686,0.6692157507105482,1.0725606432161117,0.9922616134297942,-0.28098676199425277,0.7284128963252829,0.3188405389892991,-0.5288841611026731,0.146693863837041,0.017027463165247565,-0.6567509544672154,0.13268601625491014,-0.24426857293375367,-1.0223306380785668,-0.9417300641495547,0.31327622207352374,-0.46297385500951815,0.48693488846533817,-0.5626763433470683,-0.5202765520283035
0.029149743150688218,0.47184845933948366,-0.05570741242582955,-1.2637429875844743,-0.19449746882469307,0.5237263619532256,1.5312402588925902,1.2091306918624714,-0.2555819870139211,-0.321029388713588,-0.7929701014024458,0.7777722970060275,-0.11157146813806844,0.1891062018288748,0.12161913870091311,-1.136264957706566,0.47856971750539395,0.9880908068429206,0.7923096455120457,-0.30375942846188686,0.07748348396654088,0.27349773697462776,0.3449770373582664,1.0703039770912992,0.2439764513819446,1.4680377363293007,-0.08803235042869055,-0.010643758756312618,0.3926710021899571,-0.4664843892387873,0.1595262637575212,-0.15122551255387645,0.09855765385102003,-0.9665940034952587,0.4916305769147149,0.13577904630681167,0.44879122217894435,1.1351653182264214,0.8756729303175727,0.2892622957476551,0.17418565421971474,-0.20997985456390653,0.21906811549301902,-0.1330286697766201,-0.5104463765994969,-0.9987381837664228,0.9062823522293402,1.3318565943747558,-0.1578989065189848,-0.9897153032636193,-0.6221673727693011,-0.27043927802063833,0.0816680883240327,-0.4769895450063763,-0.2077466931121655,-0.18262356473542207
0.40600244978204775,0.6737757446363436,0.18410953748326336,-0.8655349579789184,-0.16956663977850384,-0.18210169840628282,1.2091306918624714,1.3278641025151803,0.3322066845680216,-0.3140567839907666,-0.06229612976470705,0.46891949541612565,0.3762716335928017,0.46918854762146867,-0.14204678451806937,-1.0733495682807568,0.20425417856118439,1.0641012531102927,1.147183403183651,0.0532583518660811,0.048633446471945264,0.17895617191367805,0.42255527667697584,1.019814632871474,0.44350696170410997,1.1483516702921253,0.180271948202292,0.4864387347322623,0.3306791448866518,-0.18490845804099387,0.35539851479054596,-0.29357600858627153,0.22568741094431324,-1.2324402883215786,1.0029037065557727,0.38310642663995503,0.3720616930852382,0.9496962034933454,0.33190835144968833,-0.1068438436585957,0.024713913955694982,-0.30875697786801864,-0.07866967014353786,0.012753277778054435,-0.7624349759216545,-0.9441306103113111,1.2927375450703342,1.280227027508854,0.07777563438384523,-0.5931783515819418,-0.3484374227102484,-0.1481375606016385,0.4854267881373294,-0.504429358465269,-0.2279891398552633,0.30949134561313973
0.5409842150117731,0.5438500424279515,0.247860460919648,0.40699248241455716,-0.04617947905132766,-1.2184908522535047,-0.2555819870139211,0.3322066845680216,0.9154927474652264,-0.042934620966762156,0.8848727708652823,-0.059452912136395863,0.6258592466123795,0.37374099044432213,-0.27483185563710477,-0.13895824882115312,-0.3798516946754826,0.0300196515483877,0.6985255296258338,0.30850508740208404,-0.21759377336144217,-0.1644745543814114,0.11308438657782796,0.15661520757826702,0.08479168929700176,-0.09443165967876682,0.1538442620428324,0.7663509530425618,-0.10358981623686134,0.37528438085687693,0.38017070851650275,-0.0730577477965369,0.08217649629329722,-0.4496148008285436,0.5053614528159736,0.4664348294545381,0.138100161405534,-0.18694448557061724,-0.8484913228312592,-0.758904402885364,-0.004821648932064392,-0.36525229406738907,-0.3054366164879455,0.24771223142437787,-0.3810383868241784,-0.1073668687945754,0.70394851069091,0.04078923373897903,0.2750970754621738,0.5119173391422575,0.46602019828643837,-0.008537138087772251,0.5708824498199694,-0.12903769505121024,0.1819378036996823,0.6100396050206777
-0.5910023093985188,-0.27807126830899914,-0.048507822824983414,0.2560701195716576,0.353297415652929,-0.17741315415870917,-0.321029388713588,-0.3140567839907666,-0.042934620966762156,0.5418922472657974,-0.275161159960457,-0.2303897293567515,-0.3232751316791991,0.07259265894821577,0.24619156188981792,-0.10381582603204803,0.1386837896555152,-0.055742254185624805,0.25887876259595005,-0.17298412780458747,0.3320946565557718,0.196556622153816,0.17448261861283362,0.5479749048453015,-0.2958030430458311,-0.39554382490046797,0.15168161986760748,-0.07278572904052875,-0.3216078374547302,0.16963063936519499,0.08097365216170589,0.5835940143807881,-0.32235861968943896,0.05853265185564816,-0.6679305895671577,-0.38271111131500835,0.01453809351445777,-0.5298159451285058,0.5204264296629183,0.5136013483120534,0.11315114672872509,-0.1258626603469198,-0.2520616355712759,0.30457288933479343,0.4465352905572325,0.2470797578091999,-0.3588939675004956,-0.012004206398450401,-0.06498411095677616,0.49202925823746424,0.30700394615042387,-0.18512949741885812,-0.3495212898751654,-0.6725414836146425,0.014359884367978987,-0.21385026569929838
0.49698188632991525,0.40520673535245044,0.25993984438257434,1.0870899943649868,-0.04569274146467154,-0.9534399968536492,-0.7929701014024458,-0.06229612976470705,0.8848727708652823,-0.275161159960457,2.370500990770469,-0.4131820975096209,0.2566876054410431,1.3095648950141316,-0.2841044081862747,0.7793927600593986,-0.08926187736671806,-0.5861297612284012,0.5403996847771927,0.728917779133331,-0.03230634055952962,-0.9274495233256058,0.479534884163087,-0.8356577175681575,0.49198856790856393,-0.6049176030418414,0.3039618738884111,0.6854287973970571,0.43212131548799665,0.6339348648913687,-0.8850267526473096,-1.1232385136292375,0.8530856315142066,0.5848126464594102,0.6577675552168203,-0.16636896861111583,-1.0723929502288665,-0.9486300283844901,-1.0698772532402276,-0.5536049128047845,-0.6705992417085672,0.3531092467582916,-0.10593513839415941,0.30392596797472293,-0.37525648365623376,0.527559122643775,0.44480186439650593,-0.5355244070172474,0.4686252252185486,1.1554277270221687,0.3965840476420576,0.1147344690500835,0.48908677872114836,0.015323156574277139,-0.2418999804600923,0.8166585592482927
-0.2392906281252266,0.705360133075652,-0.4055174800022329,-0.5874584304630764,-0.24818742909201572,-0.21462282623142773,0.7777722970060275,0.46891949541612565,-0.059452912136395863,-0.2303897293567515,-0.4131820975096209,1.285464682012531,-0.6205612319756636,0.19105938609210998,0.47715383966178565,-0.6035813735177735,0.3539291571260867,-0.35127960770410044,0.5643897667245277,-0.6948441734035848,-0.41315789735429564,-0.263578023184516,0.1921433486446448,0.6228850144265284,-0.5598890126501888,1.2602079505978132,-0.7653056859121602,-0.06685229459960297,0.19472839991885454,-0.15513064787550837,-0.1949182141385858,0.13556755348954658,-0.10760230969280302,0.12145744202026046,-0.8700066123839878,-0.0113500426885891,0.4354233479635814,0.1486317911308425,0.13008406733106273,-0.24910518741894896,0.5130514051142279,-0.4491611678509312,0.5703063991896352,0.10673349793369435,0.01782072692995045,-0.4967336214435629,0.3211973224501422,0.382784532276623,-0.2518595808439161,-0.18582822279341568,0.040291838590233865,-0.6487039779919849,-0.24823051386599548,-0.3900520117820511,0.48056804166899714,-0.47429617233973037
1.2176757974004435,0.1184336885051518,0.5201758625612372,0.01935609872720423,-0.2340782598880796,-0.4573145227367305,-0.11157146813806844,0.3762716335928017,0.6258592466123795,-0.3232751316791991,0.2566876054410431,-0.6205612319756636,1.4646821409413198,-0.6199775296769477,-0.8312615413052586,0.009928616771372304,-0.8548132068189884,0.7222232008461104,-0.31360325975187087,0.6940705455713887,-0.28849424488147973,0.3559786006650509,-0.5378362278541505,-0.49429680978360724,0.5988992204395401,-0.34658395347903387,0.44358433485826926,0.6098054633023677,-0.1768880619296891,-0.014173015285518871,1.046138586464926,-0.19123755331056302,0.03751020753149613,-1.023904756902814,1.6735664297095612,1.1025263080071812,0.43266120038158007,0.8391953265602043,-1.0747157248224897,-0.9520804957432558,-0.15332479246274353,-0.11765307172329836,-0.4662553362267101,-0.3435709187220817,-0.7402322640661806,-0.3052543143218114,0.6790673355535162,0.0388907270806345,0.31950957710629285,-0.517783923679876,-0.08141741902262699,0.679243420509305,0.9774167723983567,0.9704199126054256,-0.04579812121757109,0.8540504795454322
-0.4365595923219301,0.44261894662841716,-0.008533047338259157,0.2688935489825573,0.19853364237599627,-0.46087878413773015,0.1891062018288748,0.46918854762146867,0.37374099044432213,0.07259265894821577,1.3095648950141316,0.19105938609210998,-0.6199775296769477,1.6631445197744488,0.3137807193185168,-0.2203707593523081,0.7029429600502153,-0.06780238115166745,1.4390706938659903,0.08509892323026054,0.4353517355144779,-0.6115819996920115,1.057817799501888,0.6646528169354058,0.21722248094257998,0.3160842460381626,0.2216558871669962,0.3593111505899681,0.501254306916091,0.3870419640138382,-1.0128873588932696,-0.6254455947477431,0.6034217475942882,0.20671507915475282,-0.12021578736170288,-0.772914208334231,-0.8257589142813603,-0.7607309176842693,0.5019387695059943,0.49590386486960336,-0.3701856130139101,0.12677757725252092,0.0017705985398975845,0.5586269584146245,-0.11201389256205675,0.05509561622611751,0.5690110884156335,0.5002032545902853,0.1596679943744044,0.9237566817345987,0.17089437845256877,-0.475893871989443,-0.11140866502688307,-1.2616228769374842,-0.38680086140818715,0.16004304580835219
-0.727508546377011,0.031588202564035474,-0.3184371940689209,-0.06130011128802507,0.1462459034474328,0.07137425593725516,0.12161913870091311,-0.14204678451806937,-0.27483185563710477,0.24619156188981792,-0.2841044081862747,0.47715383966178565,-0.8312615413052586,0.3137807193185168,0.5212722715898628,-0.1760172007309766,0.4654415286381712,-0.3926981651811047,0.33782270873236064,-0.49491220005742115,0.12038761752026307,-0.14328553129274035,0.3129885390144874,0.5137288380224119,-0.4663015997068309,0.30696701177656216,-0.3105944809306723,-0.28082102953598453,0.013089310084611441,0.024395754161823588,-0.43664978729996556,0.2937988636629059,-0.14315598617774286,0.45813184245432914,-1.0857183110907453,-0.5618300286556709,-0.06489288562095201,-0.4703244773678979,0.6181483425846706,0.47932130481227475,0.21859707438144987,-0.09971794338581758,0.24053287489277164,0.2589000549265348,0.4416105137774315,0.08506305561166838,-0.3102763629097483,0.06624528379198585,-0.20682785135980788,0.32132502413416986,0.1420480696394918,-0.48201576131861434,-0.5581097700377353,-0.6890527493488801,0.13865376976594265,-0.5190761533252667
0.14980837660750465,-0.5027845569108349,-0.008080237845383089,0.899364147273652,-0.043615668912791804,0.2325908531519661,-1.136264957706566,-1.0733495682807568,-0.13895824882115312,-0.10381582603204803,0.7793927600593986,-0.6035813735177735,0.009928616771372304,-0.2203707593523081,-0.1760172007309766,1.308473117167192,-0.3159721249734844,-0.9391374695095547,-1.2182664130984207,0.3496367558575696,-0.1582415668496392,-0.42864735902192325,-0.41467278234143073,-1.576285135032242,0.040521482777464195,-1.1090757507616693,-0.04161320181604133,-0.2789540326778478,0.0054025493324961465,0.1838440156698005,-0.5698227112781398,-0.421921083739381,0.23596484385271174,1.1766051756669489,-0.13505317662288377,-0.16418371160091372,-0.6866065419835008,-0.6918650820177855,-0.8090001144000711,-0.24050436192992528,-0.36031477385907507,0.5652275400878929,0.12635781328474574,-0.19133541197758674,0.3054545996103227,0.8807017827283943,-0.9062652071848298,-1.2931862530672245,0.10790142844557767,0.4321554395585148,0.1250199167923236,0.4110076218028652,-0.08119881694208761,0.9741214132200836,0.006896205110025653,0.09861436859451263
-0.720351486495652,0.0060457865884517405,-0.21995513956572332,-0.2856664905676864,0.165246864662278,0.44281392247349094,0.47856971750539395,0.20425417856118439,-0.3798516946754826,0.1386837896555152,-0.08926187736671806,0.3539291571260867,-0.8548132068189884,0.7029429600502153,0.4654415286381712,-0.3159721249734844,0.7243254102404134,0.03252881108455391,0.6054037680905989,-0.3195386756390136,0.3912678466776448,-0.153662915880421,0.5969435593130523,0.6514108816133105,-0.06439969628780934,0.48766332788720945,-0.04788632336826778,-0.2773533717454627,0.30085100215102034,-0.05567512234480232,-0.6990855503896809,-0.10747868274944952,0.1634127844957563,0.2429413774035597,-0.5813726722199809,-0.7400208463169392,-0.36051051989020616,-0.2425575459772011,1.0236695660921558,0.8294033691582331,-0.05400748597560697,0.1371174651187558,0.2079463211194206,0.22630946791712356,0.21176483948846353,-0.05783654728321381,-0.030688830131651083,0.4762822874081854,-0.1496672174380527,0.14946534891027038,-0.17111215328549997,-0.4172994364338653,-0.49674124887174653,-0.8822936481869676,-0.2563854313325249,-0.41308650984509404
0.38771680507113904,-0.002696240874899171,0.4034283702926337,-0.8665489480383518,0.03970791869394331,0.3939619119950383,0.9880908068429206,1.0641012531102927,0.0300196515483877,-0.055742254185624805,-0.5861297612284012,-0.35127960770410044,0.7222232008461104,-0.06780238115166745,-0.3926981651811047,-0.9391374695095547,0.03252881108455391,1.6113165205845514,0.5911258809560674,0.3276264650548907,0.42281229659852887,0.7080571763144637,0.1667320401893337,0.900229216672892,0.7466140455336854,0.47034047635379855,0.683281297411998,0.2825125748258088,0.08220514408686737,-0.3136472882250097,0.7642802361974644,-0.05365992317840428,0.04949163138712767,-1.5675640451043023,1.482066289015183,0.40558822858203175,0.38110132437245453,1.2154442245968622,0.7154516968570177,0.35747174096272455,-0.15971838223773566,-0.061318828589949935,-0.4670053106145404,-0.1763366726463707,-0.6724929399523338,-0.7913190164191203,0.938506612063287,1.2700056868111662,0.10130825704645513,-0.8985824348610871,-0.57737474202767,0.2940162173015811,0.4915950153235502,-0.2741879897246109,-0.5693783221233569,0.3745279679973847
-0.38204609295979974,0.8398670998249521,0.05203332171970263,-0.2663260187644425,0.235216690344944,-1.039276954919487,0.7923096455120457,1.147183403183651,0.6985255296258338,0.25887876259595005,0.5403996847771927,0.5643897667245277,-0.31360325975187087,1.4390706938659903,0.33782270873236064,-1.2182664130984207,0.6054037680905989,0.5911258809560674,2.2273631592005727,-0.1810514398890705,0.38200279774077917,-0.12083757423522917,1.107440184453594,1.851909683908861,0.00684834624333518,0.9378561950435081,0.22298682311122786,0.7180372790709804,0.19558107339669284,0.3169898361972773,-0.09266151658223273,0.0596575573539301,0.14841966013550872,-0.8586249002283427,-0.06271577164441929,-0.32318037636691505,0.04563659221963738,-0.2386899405385319,0.7384494040389111,0.3316532551681068,0.09125337679052406,-0.5466591903818064,-0.24707718661545588,0.71023860352577906,-0.3020499136356794,-0.5981147297590251,1.2182266015327137,1.2954124422853737,0.09806572397307614,0.6481487946499452,0.3144539880377225,-0.7219074662615521,0.08488381401417286,-1.8229448944157989,-0.1400093572870775,0.17525655088145262
0.5912376126870301,-0.1205241288033445,0.35954349128007235,0.30600151363424155,-0.03584493179397206,-0.0642079731331497,-0.30375942846188686,0.0532583518660811,0.30850508740208404,-0.17298412780458747,0.728917779133331,-0.6948441734035848,0.6940705455713887,0.08509892323026054,-0.49491220005742115,0.3496367558575696,-0.3195386756390136,0.3276264650548907,-0.1810514398890705,0.6359844440867798,0.08375475462840648,-0.013662345979003185,-0.08426002615579442,-0.5730139801149582,0.6027850270057564,-0.5416175298520715,0.48682610003412974,0.3066452261172919,0.09363174802804036,0.11007500709557132,0.09475101096559779,-0.5074521522729655,0.33746924510256726,-0.26160150856156966,1.1101784969921629,0.2750206419692682,-0.32101986745161465,0.1482445670946117,-0.49452907933377077,-0.24524146146249967,-0.4381230058792938,0.2869214383568688,-0.30635655380910126,-0.14059628853568532,-0.39800423290381487,0.11909550875283521,0.2618409009604178,-0.12092876284054412,0.28092218970525157,0.001266486469099188,-0.10727231141644844,0.48403396129849435,0.500730053907895,0.470887403905704,-0.3377034837091193,0.5969217212893603
-0.4855820223924183,-0.3494092475797944,0.07727263218235136,-0.014165462178906116,0.32210955254432655,0.3760169802118686,0.07748348396654088,0.048633446471945264,-0.21759377336144217,0.3320946565557718,-0.03230634055952962,-0.41315789735429564,-0.28849424488147973,0.4353517355144779,0.12038761752026307,-0.1582415668496392,0.3912678466776448,0.42281229659852887,0.38200279774077917,0.08375475462840648,0.601843450071725,0.16819649008279833,0.41841212068887773,0.5020311415700377,0.23460696567327352,-0.21896345850106985,0.44702436150323827,-0.11390349690492627,0.051583186250167105,0.03324321068033667,-0.24764692999833018,0.01666844642077756,0.08231524992524232,-0.13931431457502655,0.035260042466743906,-0.5372011005921484,-0.3637382872140031,-0.1830863474070496,0.8974589952195724,0.8615689283959904,-0.24833776839687438,0.22721963105219306,-0.24980002650696048,0.1772112884914547,0.13951900964959038,0.10038447185820835,-0.07505185496327978,0.38302283730520226,0.00862821048693046,0.1864906239671464,-0.1325840543357828,-0.023977227275996243,-0.24013478920477518,-0.6912364749581171,-0.4656268074091213,-0.06749608680104899
0.030371503819738917,-0.26685685748730786,0.1344743234114628,-0.41177492683214223,0.1004774555467365,0.2708610533700294,0.27349773697462776,0.17895617191367805,-0.1644745543814114,0.196556622153816,-0.9274495233256058,-0.263578023184516,0.3559786006650509,-0.6115819996920115,-0.14328553129274035,-0.42864735902192325,-0.153662915880421,0.7080571763144637,-0.12083757423522917,-0.013662345979003185,0.16819649008279833,0.6317658515185612,-0.22542458258372344,0.46078087878520835,0.07928622765167122,-0.018299854323641142,0.25197890183874017,-0.057085646662179475,-0.2923781864179868,-0.22010755662257986,0.7472084854105076,0.5013103817999645,-0.3669610213210319,-0.746305011858008,0.33393229631271537,0.2800218345402937,0.5130629827438088,0.5915675293054697,0.40987960757997427,0.22197179758578256,0.15184918404330244,-0.1578061731046181,-0.29543309148921365,-0.13878543195653872,-0.040345949351246586,-0.2886868562107708,0.04828343007844424,0.40626766821729204,-0.06463234067507743,-0.5341895896045553,-0.18205265947477878,0.18258475055524437,0.0718521944228397,-5.269228191003399e-7,-0.08054410167958338,-0.03141517058747099
-0.49444217843620325,0.23937688212375952,-0.04063598389780511,-0.039949538956278216,0.21095050742019017,-0.16819682435943448,0.3449770373582664,0.42255527667697584,0.11308438657782796,0.17448261861283362,0.479534884163087,0.1921433486446448,-0.5378362278541505,1.057817799501888,0.3129885390144874,-0.41467278234143073,0.5969435593130523,0.1667320401893337,1.107440184453594,-0.08426002615579442,0.41841212068887773,-0.22542458258372344,0.7752558580316614,0.83023433264328,0.0832071267443115,0.3661821078381212,0.17406398573258214,0.15575564585873322,0.2770051762791572,0.17623586224726992,-0.561773153033195,-0.19857304497010703,0.26799827157556466,-0.05479783358343178,-0.21516063513643516,-0.5978341930810145,-0.40543892149598126,-0.39070618419629516,0.7289287342392997,0.5911206759758316,-0.15055299768048327,0.005733876827646013,-0.03612646386131946,0.40712022827188327,-0.003917032010654955,-0.09116128797537489,0.38356217674492005,0.593812758825133,0.028599265673670247,0.4948716132075186,0.053322128987632104,-0.4076660971525194,-0.1984001640615688,-1.1072911221328923,-0.2912807424101773,-0.04280932828593887
-0.7807119936009685,0.4539479193982391,-0.08163346566111251,-0.7578853082431765,0.3559485625020864,-0.4717190185937834,1.0703039770912992,1.019814632871474,0.15661520757826702,0.5479749048453015,-0.8356577175681575,0.6228850144265284,-0.49429680978360724,0.6646528169354058,0.5137288380224119,-1.576285135032242,0.6514108816133105,0.900229216672892,1.851909683908861,-0.5730139801149582,0.5020311415700377,0.46078087878520835,0.83023433264328,2.3225845428201906,-0.29527988638373415,1.0503931397117428,0.13605471252896234,0.28205629985240255,-0.13564484154707648,3.227571357696837e-4,0.41552754369018463,0.8032293314845268,-0.39473368780139473,-1.1273365865123122,-0.5327748014595413,-0.3261323375569255,0.5968987710449857,0.15476741191114207,1.436764198438262,0.7861572547187623,0.44417534055422836,-0.7062535621711303,-0.27284190667586244,0.5767417579317249,0.03149011524741948,-0.7655043857793382,0.8002529659548837,1.5085569128982879,-0.16697205678595523,0.11069412976491981,0.1436283126334917,-0.7557750796814859,-0.2685946639324245,-1.8948229926272335,-0.03960061897155384,-0.3124158964020978
0.5502785727799515,-0.09275289443626912,0.3603647380169663,-0.14833266702714132,-0.07476816901799002,0.37886571585741,0.2439764513819446,0.44350696170410997,0.08479168929700176,-0.2958030430458311,0.49198856790856393,-0.5598890126501888,0.5988992204395401,0.21722248094257998,-0.4663015997068309,0.040521482777464195,-0.06439969628780934,0.7466140455336854,0.00684834624333518,0.6027850270057564,0.23460696567327352,0.07928622765167122,0.0832071267443115,-0.29527988638373415,0.8229929837057705,-0.10757910142656638,0.5565335167662684,0.2067709263158648,0.3153055329354392,-0.09016784151725643,-0.004413695240606026,-0.6989552862093091,0.4730532118422604,-0.5370461359045621,1.3938358882442858,0.19382348420470977,-0.34110325413462816,0.5601377918042498,-0.022737154103109967,0.05247522416218007,-0.507424399091559,0.3816870700378598,-0.23091180640908177,-0.23034993057268835,-0.5744013309624723,-0.17060494696253023,0.504754449700738,0.3585931387181579,0.2323960163881267,-0.3937494103549982,-0.4529636122252493,0.46097233406902,0.4836215972899698,0.32098114976740977,-0.5725538874055448,0.5248805530737656
-0.01771626347179206,0.8053181181746405,-0.23440281207049385,-1.1471018282822196,-0.3000558096345992,0.10672969834487926,1.4680377363293007,1.1483516702921253,-0.09443165967876682,-0.39554382490046797,-0.6049176030418414,1.2602079505978132,-0.34658395347903387,0.3160842460381626,0.30696701177656216,-1.1090757507616693,0.48766332788720945,0.47034047635379855,0.9378561950435081,-0.5416175298520715,-0.21896345850106985,-0.018299854323641142,0.3661821078381212,1.0503931397117428,-0.10757910142656638,1.7230490494292137,-0.4783594995982932,0.05214871347867763,0.40571151328521254,-0.3637943728107445,-0.0016020360603980017,-0.10551227451131012,0.062223741309705,-0.6238171082897945,-0.048274872306618595,0.14403004749990878,0.5313807767893792,0.8483657712503051,0.5384524740965206,-0.05617013937806824,0.3813342753156058,-0.413951659275331,0.45730171961261445,-0.01458398229405342,-0.4150702155509365,-0.9778634060817935,0.9086723838081696,1.1254036028640255,-0.20730246320177176,-0.7299608287842573,-0.36842910775877874,-0.5422435829593825,0.0032560246156190767,-0.5273428734250091,0.13557176185258368,-0.30007947075806396
0.1503160829768745,-0.27674542421555304,0.34769191832279606,0.11853519021424419,0.202570095669232,0.07820655675559639,-0.08803235042869055,0.180271948202292,0.1538442620428324,0.15168161986760748,0.3039618738884111,-0.7653056859121602,0.44358433485826926,0.2216558871669962,-0.3105944809306723,-0.04161320181604133,-0.04788632336826778,0.683281297411998,0.22298682311122786,0.48682610003412974,0.44702436150323827,0.25197890183874017,0.17406398573258214,0.13605471252896234,0.5565335167662684,-0.4783594995982932,0.6785409203876575,0.22641785918047974,-0.006086730744612013,0.0849622231443255,0.17526988809931485,-0.17155130609260758,0.16983705842043506,-0.5426980472104903,0.8833752668410486,-0.016899513834950877,-0.2565733971288234,0.11923609386702955,0.2523728434335731,0.3384931517062768,-0.38252890310243065,0.21288452921734144,-0.47884954398130414,0.028349146612912997,-0.23357871755767656,0.028619289530347425,0.25129222557124065,0.3037916751629972,0.20340239612209188,0.045998263726261,-0.1291179801906147,0.32789148541659713,0.26886304803906275,-0.17946053006553805,-0.4975804465740494,0.41288919573906635
0.5131524252039712,0.4850200083850045,0.2637223569865169,0.17842951969425258,-0.04518858939530363,-0.9398033327993067,-0.010643758756312618,0.4864387347322623,0.7663509530425618,-0.07278572904052875,0.6854287973970571,-0.06685229459960297,0.6098054633023677,0.3593111505899681,-0.28082102953598453,-0.2789540326778478,-0.2773533717454627,0.2825125748258088,0.7180372790709804,0.3066452261172919,-0.11390349690492627,-0.057085646662179475,0.15575564585873322,0.28205629985240255,0.2067709263158648,0.05214871347867763,0.22641785918047974,0.6870831810229323,-0.030963961059548982,0.2586507061150795,0.3861546001785402,-0.12186602479609877,0.11452141950543605,-0.6147851274005367,0.6702693470657052,0.4343661323714123,0.14700652235111047,0.04547240286150811,-0.5785376117563632,-0.5696436025862879,-0.04320292858196891,-0.30226918141869574,-0.3031115016641626,0.1810670497196729,-0.44743518298457313,-0.23466878711692282,0.7726047955578381,0.26714805171832184,0.246489355980336,0.27872924207239436,0.2764438951065112,0.021817889325117273,0.5548645964076723,-0.17151886818819653,0.04586397010363924,0.5681336788537688
0.08013230403691993,0.17460414944396052,-0.017205901582187405,-0.21059873868974924,-0.13564537254958986,0.34179841128221033,0.3926710021899571,0.3306791448866518,-0.10358981623686134,-0.3216078374547302,0.43212131548799665,0.19472839991885454,-0.1768880619296891,0.501254306916091,0.013089310084611441,0.0054025493324961465,0.30085100215102034,0.08220514408686737,0.19558107339669284,0.09363174802804036,0.051583186250167105,-0.2923781864179868,0.2770051762791572,-0.13564484154707648,0.3153055329354392,0.40571151328521254,-0.006086730744612013,-0.030963961059548982,0.45365581923315923,-0.08452920109644611,-0.5487435537991296,-0.6377799131691543,0.4462652807595041,0.11463782190883501,0.3416080909891672,-0.18294388171088252,-0.3888607906727758,0.15780208173769344,0.1428128334655506,0.11447495598464026,-0.2512882221292813,0.265727462319126,0.22958762527387253,-0.06967948259518959,-0.26013187886095546,-0.12935062001422795,0.28450826563780013,0.24060927240347632,0.03580008907278997,-0.15309494522812364,-0.31320182008886793,-0.029894132262310448,0.04304576266234742,-0.012527289748507255,-0.26589940130361256,0.05144527664993007
-0.0625533595263831,0.09415674630240153,0.04602753752461157,0.5199057422784628,0.12414016971372036,-0.6023829655347527,-0.4664843892387873,-0.18490845804099387,0.37528438085687693,0.16963063936519499,0.6339348648913687,-0.15513064787550837,-0.014173015285518871,0.3870419640138382,0.024395754161823588,0.1838440156698005,-0.05567512234480232,-0.3136472882250097,0.3169898361972773,0.11007500709557132,0.03324321068033667,-0.22010755662257986,0.17623586224726992,3.227571357696837e-4,-0.09016784151725643,-0.3637943728107445,0.0849622231443255,0.2586507061150795,-0.08452920109644611,0.3231563638112066,-0.1347591291282144,0.011560805588282094,0.04749592302279478,0.20827926064348637,-0.1945756308028946,-0.12648087051851903,-0.21600369052331156,-0.5930224438363327,-0.27941340092774325,-0.11750227224392007,-0.068799347714136,-0.06402350550511637,-0.14893747976529817,0.26781004930972535,0.09723733977006614,0.2723125842452634,9.376825490895284e-4,-0.24523133570113836,0.12085224974055914,0.6609519438390797,0.38552876628532734,-0.08942202041325678,0.0328592150771431,-0.2791806562450386,0.06601747658360353,0.17765110556853211
0.6297024715480949,0.08439579571542431,0.2823137915738553,-0.3415872219180201,-0.06733228982882007,-0.4958823144835664,0.1595262637575212,0.35539851479054596,0.38017070851650275,0.08097365216170589,-0.8850267526473096,-0.1949182141385858,1.046138586464926,-1.0128873588932696,-0.43664978729996556,-0.5698227112781398,-0.6990855503896809,0.7642802361974644,-0.09266151658223273,0.09475101096559779,-0.24764692999833018,0.7472084854105076,-0.561773153033195,0.41552754369018463,-0.004413695240606026,-0.0016020360603980017,0.17526988809931485,0.3861546001785402,-0.5487435537991296,-0.1347591291282144,1.476342209118107,0.7216847992774994,-0.5721224562541629,-1.2248898393453618,0.7093271156450216,0.9991489798800743,1.06079678707908,0.8541697478918079,-0.43338784000077235,-0.6222173250235193,0.38182218669656365,-0.5685707589604426,-0.4546149054725734,-0.18325320979300364,-0.32029037010295724,-0.509634490037436,0.44421780598059935,0.32918353976422043,0.04566435824082085,-0.6075696429131479,0.08613103460773805,0.2928211090393722,0.5509284673716788,0.38747629482228935,0.2843526888566275,0.3174978639933047
-0.5295479450698427,-0.1653776214584057,-0.15807923810134414,-0.049795256303519685,0.2559131483335506,-0.3434933937585509,-0.15122551255387645,-0.29357600858627153,-0.0730577477965369,0.5835940143807881,-1.1232385136292375,0.13556755348954658,-0.19123755331056302,-0.6254455947477431,0.2937988636629059,-0.421921083739381,-0.10747868274944952,-0.05365992317840428,0.0596575573539301,-0.5074521522729655,0.01666844642077756,0.5013103817999645,-0.19857304497010703,0.8032293314845268,-0.6989552862093091,-0.10551227451131012,-0.17155130609260758,-0.12186602479609877,-0.6377799131691543,0.011560805588282094,0.7216847992774994,1.1807221124073204,-0.7948311029220687,-0.21795549409157455,-1.0108576623667334,0.028661241724844643,0.7337125694633434,-0.18476776909682566,0.37332854719418973,0.17898286994588736,0.5790678280426338,-0.5411977831415888,-0.19366029613068433,0.20973107981584696,0.5344016142665228,-0.017254364480437805,-0.402959616100443,0.015669244153013,-0.2201142388492835,0.13126166014311566,0.4055877472841108,-0.2771737190666698,-0.3604597458451525,-0.4823339598515723,0.4437767179207503,-0.42690659587158686
0.24725508788854,0.12220845077265365,0.10712245854340628,0.07879418237644484,-0.10863114040266547,0.1720240794539017,0.09855765385102003,0.22568741094431324,0.08217649629329722,-0.32235861968943896,0.8530856315142066,-0.10760230969280302,0.03751020753149613,0.6034217475942882,-0.14315598617774286,0.23596484385271174,0.1634127844957563,0.04949163138712767,0.14841966013550872,0.33746924510256726,0.08231524992524232,-0.3669610213210319,0.26799827157556466,-0.39473368780139473,0.4730532118422604,0.062223741309705,0.16983705842043506,0.11452141950543605,0.4462652807595041,0.04749592302279478,-0.5721224562541629,-0.7948311029220687,0.5627908471830197,0.15105424798893344,0.6158365797341921,-0.14043823650838258,-0.5757373665824116,0.001682941620877469,-0.12440020811366824,3.26047575187898e-4,-0.4203802678617496,0.3647593760750884,0.09268396855182638,-0.050409134630440146,-0.3297776897673312,0.03538932247680185,0.30224330764039947,0.06017772029717464,0.15938614632112347,0.05163821734113338,-0.2299665017907181,0.12157582993157219,0.19757194701151204,0.11002681554351705,-0.3494797665387954,0.28566452667003506
-0.6408632209546533,-0.35058927166679343,-0.43463712852051695,0.8294764567429365,0.03813806392749264,0.2958182693210969,-0.9665940034952587,-1.2324402883215786,-0.4496148008285436,0.05853265185564816,0.5848126464594102,0.12145744202026046,-1.023904756902814,0.20671507915475282,0.45813184245432914,1.1766051756669489,0.2429413774035597,-1.5675640451043023,-0.8586249002283427,-0.26160150856156966,-0.13931431457502655,-0.746305011858008,-0.05479783358343178,-1.1273365865123122,-0.5370461359045621,-0.6238171082897945,-0.5426980472104903,-0.6147851274005367,0.11463782190883501,0.20827926064348637,-1.2248898393453618,-0.21795549409157455,0.15105424798893344,1.8714330200491942,-1.4595562389735637,-0.8081387264882932,-0.8097106130195074,-1.2617643917798063,-0.2409499382374777,0.17945310394286648,-0.09839295229895925,0.46416362652801607,0.5446721717879487,0.0858976088249829,0.7880895880496821,0.9773900510067529,-1.2470290903240102,-1.298142934653089,-0.1398773032021366,0.8066693899128373,0.2850149690054586,-0.1949875161240199,-0.7265916979153093,0.2773790961039693,0.23398723038146912,-0.523063546094717
1.5133407743751734,0.11447046281063507,0.7494012467790101,-0.3836559336981189,-0.31682630596101186,0.1834086848466693,0.4916305769147149,1.0029037065557727,0.5053614528159736,-0.6679305895671577,0.6577675552168203,-0.8700066123839878,1.6735664297095612,-0.12021578736170288,-1.0857183110907453,-0.13505317662288377,-0.5813726722199809,1.482066289015183,-0.06271577164441929,1.1101784969921629,0.035260042466743906,0.33393229631271537,-0.21516063513643516,-0.5327748014595413,1.3938358882442858,-0.048274872306618595,0.8833752668410486,0.6702693470657052,0.3416080909891672,-0.1945756308028946,0.7093271156450216,-1.0108576623667334,0.6158365797341921,-1.4595562389735637,2.8407303479276322,1.0275815917945876,-0.01927397138628809,1.426039834165523,-0.6806515637798857,-0.6119059638990995,-0.6524671501763987,0.314308728684893,-0.5053919413446705,-0.5319082878436169,-1.2860818608765359,-0.5966358696948102,1.2393171936131213,0.6571833692993362,0.46169093517074056,-0.9864248919466926,-0.6843680518521589,0.9347287131016015,1.2616534761158007,0.9897363180004494,-0.6993352961494124,1.1667304487881762
1.0256116377112587,0.3282712096840405,0.2639129466266286,-0.22867010036361532,-0.3465827904977523,-0.45518146737119264,0.13577904630681167,0.38310642663995503,0.4664348294545381,-0.38271111131500835,-0.16636896861111583,-0.0113500426885891,1.1025263080071812,-0.772914208334231,-0.5618300286556709,-0.16418371160091372,-0.7400208463169392,0.40558822858203175,-0.32318037636691505,0.2750206419692682,-0.5372011005921484,0.2800218345402937,-0.5978341930810145,-0.3261323375569255,0.19382348420470977,0.14403004749990878,-0.016899513834950877,0.4343661323714123,-0.18294388171088252,-0.12648087051851903,0.9991489798800743,0.028661241724844643,-0.14043823650838258,-0.8081387264882932,1.0275815917945876,1.0917200242004532,0.7123248847032609,0.8664876812219526,-1.0287130646946911,-1.0632666402858875,0.171855677011069,-0.3301318108274611,-0.14864267404459341,-0.34226544740423354,-0.580223585167071,-0.4472248918372569,0.5785900553462147,0.03360694739787108,0.13837017740953927,-0.6440427565177399,-0.038839838815397314,0.38669829554477514,0.7480930129751645,0.9249476108123718,0.27923320886939823,0.4991299609081321
0.26767370432548854,0.28243284195859325,-0.014919654587187161,-0.5540452259842444,-0.13887900993202001,-0.3532964614061686,0.44879122217894435,0.3720616930852382,0.138100161405534,0.01453809351445777,-1.0723929502288665,0.4354233479635814,0.43266120038158007,-0.8257589142813603,-0.06489288562095201,-0.6866065419835008,-0.36051051989020616,0.38110132437245453,0.04563659221963738,-0.32101986745161465,-0.3637382872140031,0.5130629827438088,-0.40543892149598126,0.5968987710449857,-0.34110325413462816,0.5313807767893792,-0.2565733971288234,0.14700652235111047,-0.3888607906727758,-0.21600369052331156,1.06079678707908,0.7337125694633434,-0.5757373665824116,-0.8097106130195074,-0.01927397138628809,0.7123248847032609,1.0544266395730681,0.7106747611203986,-0.17221802430797387,-0.49922653980267423,0.5774436436792213,-0.6326299485679582,-0.06510083951842785,-0.11473975433984468,-0.12600368335997666,-0.5748840952297651,0.3224383924614927,0.368969349047365,-0.1330638551336334,-0.5945706483669237,0.07201942762207363,-0.07774711216645822,0.20334650121506895,0.13920838246223752,0.4663884184220606,-0.08735589501505062
0.8099139680558605,0.15607714639966427,0.22796292182296193,-1.1436808744355498,-0.37078935860355516,0.6692157507105482,1.1351653182264214,0.9496962034933454,-0.18694448557061724,-0.5298159451285058,-0.9486300283844901,0.1486317911308425,0.8391953265602043,-0.7607309176842693,-0.4703244773678979,-0.6918650820177855,-0.2425575459772011,1.2154442245968622,-0.2386899405385319,0.1482445670946117,-0.1830863474070496,0.5915675293054697,-0.39070618419629516,0.15476741191114207,0.5601377918042498,0.8483657712503051,0.11923609386702955,0.04547240286150811,0.15780208173769344,-0.5930224438363327,0.8541697478918079,-0.18476776909682566,0.001682941620877469,-1.2617643917798063,1.426039834165523,0.8664876812219526,0.7106747611203986,1.6868296732702266,0.06128761872311206,-0.3071522132586284,0.06973164854003915,-0.0848727733380249,-0.00411486722045173,-0.5820675242452641,-0.7675849210822175,-0.9275667540022765,0.7788897826490508,0.8728074512215607,-0.023546436663115834,-1.5177094712435313,-0.76988385311141,0.3956685668527186,0.57359272411851,0.7144323160170324,-0.18775859034568879,0.2138656164054169
-1.238412535099218,-0.4256002259750678,-0.2121423009162008,-0.7484345517251382,0.44595781216647845,1.0725606432161117,0.8756729303175727,0.33190835144968833,-0.8484913228312592,0.5204264296629183,-1.0698772532402276,0.13008406733106273,-1.0747157248224897,0.5019387695059943,0.6181483425846706,-0.8090001144000711,1.0236695660921558,0.7154516968570177,0.7384494040389111,-0.49452907933377077,0.8974589952195724,0.40987960757997427,0.7289287342392997,1.436764198438262,-0.022737154103109967,0.5384524740965206,0.2523728434335731,-0.5785376117563632,0.1428128334655506,-0.27941340092774325,-0.43338784000077235,0.37332854719418973,-0.12440020811366824,-0.2409499382374777,-0.6806515637798857,-1.0287130646946911,-0.17221802430797387,0.06128761872311206,2.145451513474093,1.7067090703898486,0.009066144899154019,0.14836048846865185,-0.016373608887823885,0.24221699572824662,0.4147469977573029,-0.23427404246503006,-0.18630279368523847,1.0586537636766333,-0.304920725194133,-0.19510654636055455,-0.43691266478797075,-0.44358535022677015,-0.8107996130873304,-1.439127766742723,-0.551414859228054,-0.7256011667213772
-1.1092314565234311,-0.6172984607167762,-0.1446545992945903,-0.2454412300957095,0.4619223105567858,0.9922616134297942,0.2892622957476551,-0.1068438436585957,-0.758904402885364,0.5136013483120534,-0.5536049128047845,-0.24910518741894896,-0.9520804957432558,0.49590386486960336,0.47932130481227475,-0.24050436192992528,0.8294033691582331,0.35747174096272455,0.3316532551681068,-0.24524146146249967,0.8615689283959904,0.22197179758578256,0.5911206759758316,0.7861572547187623,0.05247522416218007,-0.05617013937806824,0.3384931517062768,-0.5696436025862879,0.11447495598464026,-0.11750227224392007,-0.6222173250235193,0.17898286994588736,3.26047575187898e-4,0.17945310394286648,-0.6119059638990995,-1.0632666402858875,-0.49922653980267423,-0.3071522132586284,1.7067090703898486,1.5512518298941258,-0.19402182062382425,0.3697991881897423,-0.06912399295957547,0.21551876661263905,0.49776228737957856,0.17167569585604822,-0.4870031388175829,0.505768471796531,-0.19516299329881318,0.11917473434574014,-0.30494763729122654,-0.23501707752974685,-0.7547331542071579,-1.0768784921256518,-0.5758120564862698,-0.5561891968551188
-0.16616168207974955,0.20325210858075646,-0.19028701186247435,-0.23003175922593155,-0.03621432714715748,-0.28098676199425277,0.17418565421971474,0.024713913955694982,-0.004821648932064392,0.11315114672872509,-0.6705992417085672,0.5130514051142279,-0.15332479246274353,-0.3701856130139101,0.21859707438144987,-0.36031477385907507,-0.05400748597560697,-0.15971838223773566,0.09125337679052406,-0.4381230058792938,-0.24833776839687438,0.15184918404330244,-0.15055299768048327,0.44417534055422836,-0.507424399091559,0.3813342753156058,-0.38252890310243065,-0.04320292858196891,-0.2512882221292813,-0.068799347714136,0.38182218669656365,0.5790678280426338,-0.4203802678617496,-0.09839295229895925,-0.6524671501763987,0.171855677011069,0.5774436436792213,0.06973164854003915,0.009066144899154019,-0.19402182062382425,0.4704375812976836,-0.43359195081316365,0.11817609560953517,0.0635828771470623,0.18763878936778708,-0.20890420123940906,-0.044929728817948746,0.06685250793082596,-0.1734211996959635,-0.09600640842480403,0.1990430182233275,-0.2842936060700973,-0.1541620566919468,-0.14824993423636718,0.4357593440077281,-0.3015193362831423
-0.024885981241561113,-0.42366646699576765,0.0480037027433222,0.16571835222063028,0.015419583897707376,0.7284128963252829,-0.20997985456390653,-0.30875697786801864,-0.36525229406738907,-0.1258626603469198,0.3531092467582916,-0.4491611678509312,-0.11765307172329836,0.12677757725252092,-0.09971794338581758,0.5652275400878929,0.1371174651187558,-0.061318828589949935,-0.5466591903818064,0.2869214383568688,0.22721963105219306,-0.1578061731046181,0.005733876827646013,-0.7062535621711303,0.3816870700378598,-0.413951659275331,0.21288452921734144,-0.30226918141869574,0.265727462319126,-0.06402350550511637,-0.5685707589604426,-0.5411977831415888,0.3647593760750884,0.46416362652801607,0.314308728684893,-0.3301318108274611,-0.6326299485679582,-0.0848727733380249,0.14836048846865185,0.3697991881897423,-0.43359195081316365,0.5823148526968395,0.072357473564242,-0.1880094777645433,0.027267218485096483,0.34185717596812815,-0.3647783388596755,-0.2891246523108076,0.05136193888624336,-0.062423731848581354,-0.3260823455630687,0.2934206329738862,-0.09787484904858335,0.35872895296627255,-0.4060940599500019,0.026510028612566797
-0.13243222948733618,0.14724990705283708,-0.27633724874637594,-0.19490652908694978,-0.19515069055462986,0.3188405389892991,0.21906811549301902,-0.07866967014353786,-0.3054366164879455,-0.2520616355712759,-0.10593513839415941,0.5703063991896352,-0.4662553362267101,0.0017705985398975845,0.24053287489277164,0.12635781328474574,0.2079463211194206,-0.4670053106145404,-0.24707718661545588,-0.30635655380910126,-0.24980002650696048,-0.29543309148921365,-0.03612646386131946,-0.27284190667586244,-0.23091180640908177,0.45730171961261445,-0.47884954398130414,-0.3031115016641626,0.22958762527387253,-0.14893747976529817,-0.4546149054725734,-0.19366029613068433,0.09268396855182638,0.5446721717879487,-0.5053919413446705,-0.14864267404459341,-0.06510083951842785,-0.00411486722045173,-0.016373608887823885,-0.06912399295957547,0.11817609560953517,0.072357473564242,0.47891678800323023,-0.10730403505495241,0.10841978385875149,-0.015385343053339589,-0.19735684242855717,-0.16962829017292982,-0.1559437024481836,-0.16950550600265246,-0.13111375517438933,-0.20078981535940535,-0.2492186958152735,0.2005702869024474,0.17831248441557415,-0.33943829494793654
-0.4049073792813837,0.16116908609067981,-0.06046202955046555,0.25968980639816247,0.2127651448853406,-0.5288841611026731,-0.1330286697766201,0.012753277778054435,0.24771223142437787,0.30457288933479343,0.30392596797472293,0.10673349793369435,-0.3435709187220817,0.5586269584146245,0.2589000549265348,-0.19133541197758674,0.22630946791712356,-0.1763366726463707,0.71023860352577906,-0.14059628853568532,0.1772112884914547,-0.13878543195653872,0.40712022827188327,0.5767417579317249,-0.23034993057268835,-0.01458398229405342,0.028349146612912997,0.1810670497196729,-0.06967948259518959,0.26781004930972535,-0.18325320979300364,0.20973107981584696,-0.050409134630440146,0.0858976088249829,-0.5319082878436169,-0.34226544740423354,-0.11473975433984468,-0.5820675242452641,0.24221699572824662,0.21551876661263905,0.0635828771470623,-0.1880094777645433,-0.10730403505495241,0.39724243931292597,0.1985243142016747,0.1037172244959381,0.07212774511556512,0.1184552347314308,0.014275843797059233,0.6462220931660196,0.36046648693218747,-0.34236193639936446,-0.1798965720392721,-0.786473387831158,0.05436901978413889,-0.0522029042891275
-0.7861909857069107,-0.39490695707558965,-0.29221493239016494,0.34930205372863377,0.2581289334205707,0.146693863837041,-0.5104463765994969,-0.7624349759216545,-0.3810383868241784,0.4465352905572325,-0.37525648365623376,0.01782072692995045,-0.7402322640661806,-0.11201389256205675,0.4416105137774315,0.3054545996103227,0.21176483948846353,-0.6724929399523338,-0.3020499136356794,-0.39800423290381487,0.13951900964959038,-0.040345949351246586,-0.003917032010654955,0.03149011524741948,-0.5744013309624723,-0.4150702155509365,-0.23357871755767656,-0.44743518298457313,-0.26013187886095546,0.09723733977006614,-0.32029037010295724,0.5344016142665228,-0.3297776897673312,0.7880895880496821,-1.2860818608765359,-0.580223585167071,-0.12600368335997666,-0.7675849210822175,0.4147469977573029,0.49776228737957856,0.18763878936778708,0.027267218485096483,0.10841978385875149,0.1985243142016747,0.7399165812442506,0.5053633175087018,-0.8895152947591672,-0.5078931710510051,-0.2017089650088632,0.4973790210218121,0.28997110582501423,-0.25851223788206096,-0.6615885792330505,-0.3384902877844468,0.19939661005299122,-0.5462793643160069
-0.3166838374763375,-0.46917527744019694,-0.06812311790639035,0.8347463738676361,0.1882186712342583,0.017027463165247565,-0.9987381837664228,-0.9441306103113111,-0.1073668687945754,0.2470797578091999,0.527559122643775,-0.4967336214435629,-0.3052543143218114,0.05509561622611751,0.08506305561166838,0.8807017827283943,-0.05783654728321381,-0.7913190164191203,-0.5981147297590251,0.11909550875283521,0.10038447185820835,-0.2886868562107708,-0.09116128797537489,-0.7655043857793382,-0.17060494696253023,-0.9778634060817935,0.028619289530347425,-0.23466878711692282,-0.12935062001422795,0.2723125842452634,-0.509634490037436,-0.017254364480437805,0.03538932247680185,0.9773900510067529,-0.5966358696948102,-0.4472248918372569,-0.5748840952297651,-0.9275667540022765,-0.23427404246503006,0.17167569585604822,-0.20890420123940906,0.34185717596812815,-0.015385343053339589,0.1037172244959381,0.5053633175087018,0.8036188066563579,-0.846392673799018,-0.9271486679690323,0.039034976160809046,0.7151154195078939,0.30326882558816987,0.10759775875375974,-0.3129718801575467,0.1792923968183711,0.007642667812008785,-0.0789463212756587
0.6902116441242051,0.8146011317604376,0.3008310037537626,-0.5431685930420872,-0.20242216949576974,-0.6567509544672154,0.9062823522293402,1.2927375450703342,0.70394851069091,-0.3588939675004956,0.44480186439650593,0.3211973224501422,0.6790673355535162,0.5690110884156335,-0.3102763629097483,-0.9062652071848298,-0.030688830131651083,0.938506612063287,1.2182266015327137,0.2618409009604178,-0.07505185496327978,0.04828343007844424,0.38356217674492005,0.8002529659548837,0.504754449700738,0.9086723838081696,0.25129222557124065,0.7726047955578381,0.28450826563780013,9.376825490895284e-4,0.44421780598059935,-0.402959616100443,0.30224330764039947,-1.2470290903240102,1.2393171936131213,0.5785900553462147,0.3224383924614927,0.7788897826490508,-0.18630279368523847,-0.4870031388175829,-0.044929728817948746,-0.3647783388596755,-0.19735684242855717,0.07212774511556512,-0.8895152947591672,-0.846392673799018,1.448271627475152,1.0778666384201523,0.2194699628895394,-0.3232112957444852,-0.13819934009609694,-0.06076526876160818,0.7357522134110642,-0.36331569315184914,-0.155030160342073,0.6036427912577839
-0.07802774217042167,0.4104237089829202,0.12204961974858747,-1.0120073450810074,0.050659070635857124,0.13268601625491014,1.3318565943747558,1.280227027508854,0.04078923373897903,-0.012004206398450401,-0.5355244070172474,0.382784532276623,0.0388907270806345,0.5002032545902853,0.06624528379198585,-1.2931862530672245,0.4762822874081854,1.2700056868111662,1.2954124422853737,-0.12092876284054412,0.38302283730520226,0.40626766821729204,0.593812758825133,1.5085569128982879,0.3585931387181579,1.1254036028640255,0.3037916751629972,0.26714805171832184,0.24060927240347632,-0.24523133570113836,0.32918353976422043,0.015669244153013,0.06017772029717464,-1.298142934653089,0.6571833692993362,0.03360694739787108,0.368969349047365,0.8728074512215607,1.0586537636766333,0.505768471796531,0.06685250793082596,-0.2891246523108076,-0.16962829017292982,0.1184552347314308,-0.5078931710510051,-0.9271486679690323,1.0778666384201523,1.5283715591664537,-0.03340672589506252,-0.5798320723924937,-0.4083963517217865,-0.26790794000372,0.1666018586052197,-0.9939623887658275,-0.37327755431358484,0.04052797250212804
0.27913686931155235,0.06094683948957008,0.1657728795081982,0.19995888305652826,-0.012055672304139044,-0.24426857293375367,-0.1578989065189848,0.07777563438384523,0.2750970754621738,-0.06498411095677616,0.4686252252185486,-0.2518595808439161,0.31950957710629285,0.1596679943744044,-0.20682785135980788,0.10790142844557767,-0.1496672174380527,0.10130825704645513,0.09806572397307614,0.28092218970525157,0.00862821048693046,-0.06463234067507743,0.028599265673670247,-0.16697205678595523,0.2323960163881267,-0.20730246320177176,0.20340239612209188,0.246489355980336,0.03580008907278997,0.12085224974055914,0.04566435824082085,-0.2201142388492835,0.15938614632112347,-0.1398773032021366,0.46169093517074056,0.13837017740953927,-0.1330638551336334,-0.023546436663115834,-0.304920725194133,-0.19516299329881318,-0.1734211996959635,0.05136193888624336,-0.1559437024481836,0.014275843797059233,-0.2017089650088632,0.039034976160809046,0.2194699628895394,-0.03340672589506252,0.15201322944701934,0.13311348213076846,0.05109239186338054,0.1519619830474964,0.26339994844520953,0.1017799305052463,-0.10237176822043564,0.3176668453641288
-0.5626226489413179,0.06752792390080704,-0.07761210421349571,1.0932298532617135,0.35561373220707543,-1.0223306380785668,-0.9897153032636193,-0.5931783515819418,0.5119173391422575,0.49202925823746424,1.1554277270221687,-0.18582822279341568,-0.517783923679876,0.9237566817345987,0.32132502413416986,0.4321554395585148,0.14946534891027038,-0.8985824348610871,0.6481487946499452,0.001266486469099188,0.1864906239671464,-0.5341895896045553,0.4948716132075186,0.11069412976491981,-0.3937494103549982,-0.7299608287842573,0.045998263726261,0.27872924207239436,-0.15309494522812364,0.6609519438390797,-0.6075696429131479,0.13126166014311566,0.05163821734113338,0.8066693899128373,-0.9864248919466926,-0.6440427565177399,-0.5945706483669237,-1.5177094712435313,-0.19510654636055455,0.11917473434574014,-0.09600640842480403,-0.062423731848581354,-0.16950550600265246,0.6462220931660196,0.4973790210218121,0.7151154195078939,-0.3232112957444852,-0.5798320723924937,0.13311348213076846,1.5252734115700195,0.8159098706681918,-0.37345063982584736,-0.28992456631861435,-0.8522394037016928,0.14298073093326494,0.057517450014070264
-0.16873134767074502,0.17567571542271065,-0.05510860247636716,0.6107468849578499,0.14290937515851512,-0.9417300641495547,-0.6221673727693011,-0.3484374227102484,0.46602019828643837,0.30700394615042387,0.3965840476420576,0.040291838590233865,-0.08141741902262699,0.17089437845256877,0.1420480696394918,0.1250199167923236,-0.17111215328549997,-0.57737474202767,0.3144539880377225,-0.10727231141644844,-0.1325840543357828,-0.18205265947477878,0.053322128987632104,0.1436283126334917,-0.4529636122252493,-0.36842910775877874,-0.1291179801906147,0.2764438951065112,-0.31320182008886793,0.38552876628532734,0.08613103460773805,0.4055877472841108,-0.2299665017907181,0.2850149690054586,-0.6843680518521589,-0.038839838815397314,0.07201942762207363,-0.76988385311141,-0.43691266478797075,-0.30494763729122654,0.1990430182233275,-0.3260823455630687,-0.13111375517438933,0.36046648693218747,0.28997110582501423,0.30326882558816987,-0.13819934009609694,-0.4083963517217865,0.05109239186338054,0.8159098706681918,0.6483699849025832,-0.24058110905175464,-0.060659206732945906,-0.34266839705587177,0.3805320866604287,0.04342899899111561
0.5639383869117525,-0.3285664090507179,0.27231833097540936,0.11325383280704186,-0.0929343566165105,0.31327622207352374,-0.27043927802063833,-0.1481375606016385,-0.008537138087772251,-0.18512949741885812,0.1147344690500835,-0.6487039779919849,0.679243420509305,-0.475893871989443,-0.48201576131861434,0.4110076218028652,-0.4172994364338653,0.2940162173015811,-0.7219074662615521,0.48403396129849435,-0.023977227275996243,0.18258475055524437,-0.4076660971525194,-0.7557750796814859,0.46097233406902,-0.5422435829593825,0.32789148541659713,0.021817889325117273,-0.029894132262310448,-0.08942202041325678,0.2928211090393722,-0.2771737190666698,0.12157582993157219,-0.1949875161240199,0.9347287131016015,0.38669829554477514,-0.07774711216645822,0.3956685668527186,-0.44358535022677015,-0.23501707752974685,-0.2842936060700973,0.2934206329738862,-0.20078981535940535,-0.34236193639936446,-0.25851223788206096,0.10759775875375974,-0.06076526876160818,-0.26790794000372,0.1519619830474964,-0.37345063982584736,-0.24058110905175464,0.5719886644208124,0.37508232894525945,0.8309444540147117,-0.21972234621895828,0.3709515000973874
0.9171072565258821,0.31768479340404815,0.35809321099509756,-0.023178182730841417,-0.22627510661117756,-0.46297385500951815,0.0816680883240327,0.4854267881373294,0.5708824498199694,-0.3495212898751654,0.48908677872114836,-0.24823051386599548,0.9774167723983567,-0.11140866502688307,-0.5581097700377353,-0.08119881694208761,-0.49674124887174653,0.4915950153235502,0.08488381401417286,0.500730053907895,-0.24013478920477518,0.0718521944228397,-0.1984001640615688,-0.2685946639324245,0.4836215972899698,0.0032560246156190767,0.26886304803906275,0.5548645964076723,0.04304576266234742,0.0328592150771431,0.5509284673716788,-0.3604597458451525,0.19757194701151204,-0.7265916979153093,1.2616534761158007,0.7480930129751645,0.20334650121506895,0.57359272411851,-0.8107996130873304,-0.7547331542071579,-0.1541620566919468,-0.09787484904858335,-0.2492186958152735,-0.1798965720392721,-0.6615885792330505,-0.3129718801575467,0.7357522134110642,0.1666018586052197,0.26339994844520953,-0.28992456631861435,-0.060659206732945906,0.37508232894525945,0.7588392580151604,0.5492858029982208,-0.055242044833515094,0.6745934765220464
1.139249784777749,-0.26885135009430283,0.16187904966748298,0.12330516297697654,-0.5112523584140726,0.48693488846533817,-0.4769895450063763,-0.504429358465269,-0.12903769505121024,-0.6725414836146425,0.015323156574277139,-0.3900520117820511,0.9704199126054256,-1.2616228769374842,-0.6890527493488801,0.9741214132200836,-0.8822936481869676,-0.2741879897246109,-1.8229448944157989,0.470887403905704,-0.6912364749581171,-5.269228191003399e-7,-1.1072911221328923,-1.8948229926272335,0.32098114976740977,-0.5273428734250091,-0.17946053006553805,-0.17151886818819653,-0.012527289748507255,-0.2791806562450386,0.38747629482228935,-0.4823339598515723,0.11002681554351705,0.2773790961039693,0.9897363180004494,0.9249476108123718,0.13920838246223752,0.7144323160170324,-1.439127766742723,-1.0768784921256518,-0.14824993423636718,0.35872895296627255,0.2005702869024474,-0.786473387831158,-0.3384902877844468,0.1792923968183711,-0.36331569315184914,-0.9939623887658275,0.1017799305052463,-0.8522394037016928,-0.34266839705587177,0.8309444540147117,0.5492858029982208,2.1019981913823367,0.18007055057994245,0.34953339809117
0.03009879975468514,0.27342695780241566,-0.19108740679649938,0.1182499043080557,-0.12044217854723295,-0.5626763433470683,-0.2077466931121655,-0.2279891398552633,0.1819378036996823,0.014359884367978987,-0.2418999804600923,0.48056804166899714,-0.04579812121757109,-0.38680086140818715,0.13865376976594265,0.006896205110025653,-0.2563854313325249,-0.5693783221233569,-0.1400093572870775,-0.3377034837091193,-0.4656268074091213,-0.08054410167958338,-0.2912807424101773,-0.03960061897155384,-0.5725538874055448,0.13557176185258368,-0.4975804465740494,0.04586397010363924,-0.26589940130361256,0.06601747658360353,0.2843526888566275,0.4437767179207503,-0.3494797665387954,0.23398723038146912,-0.6993352961494124,0.27923320886939823,0.4663884184220606,-0.18775859034568879,-0.551414859228054,-0.5758120564862698,0.4357593440077281,-0.4060940599500019,0.17831248441557415,0.05436901978413889,0.19939661005299122,0.007642667812008785,-0.155030160342073,-0.37327755431358484,-0.10237176822043564,0.14298073093326494,0.3805320866604287,-0.21972234621895828,-0.055242044833515094,0.18007055057994245,0.5921474702893983,-0.17431028562402995
0.7532518770569167,0.1961785493967315,0.38458203710342853,0.2595470772157698,-0.0961574227742153,-0.5202765520283035,-0.18262356473542207,0.30949134561313973,0.6100396050206777,-0.21385026569929838,0.8166585592482927,-0.47429617233973037,0.8540504795454322,0.16004304580835219,-0.5190761533252667,0.09861436859451263,-0.41308650984509404,0.3745279679973847,0.17525655088145262,0.5969217212893603,-0.06749608680104899,-0.03141517058747099,-0.04280932828593887,-0.3124158964020978,0.5248805530737656,-0.30007947075806396,0.41288919573906635,0.5681336788537688,0.05144527664993007,0.17765110556853211,0.3174978639933047,-0.42690659587158686,0.28566452667003506,-0.523063546094717,1.1667304487881762,0.4991299609081321,-0.08735589501505062,0.2138656164054169,-0.7256011667213772,-0.5561891968551188,-0.3015193362831423,0.026510028612566797,-0.33943829494793654,-0.0522029042891275,-0.5462793643160069,-0.0789463212756587,0.6036427912577839,0.04052797250212804,0.3176668453641288,0.057517450014070264,0.04342899899111561,0.3709515000973874,0.6745934765220464,0.34953339809117,-0.17431028562402995,0.7164546607906179
