V1,V2,V3,V4,V5,V6,V7,V8,V9,V10,V11,V12,V13,V14,V15,V16,V17,V18,V19,V20,V21,V22,V23,V24,V25,V26,V27,V28,V29,V30,V31,V32,V33,V34,V35,V36,V37,V38,V39,V40,V41,V42,V43,V44,V45,V46,V47,V48,V49,V50,V51,V52,V53,V54,V55,V56
0.9129065723254638,0.32584335219484517,0.5499722780235305,0.3548029898166551,-0.6226649928665723,-0.49789033183036613,0.43073239406331165,0.31711598018213266,-0.22539379504082746,-0.027885574524745674,1.4156398562894288,0.9571250832699751,-0.5247818782495406,0.7452154352850764,-1.657952015253355,0.6760652890587978,-0.06259711286986075,-0.8469254313767985,1.008314563872763,0.07786994496430903,-0.43996978934992137,-0.17213920374164796,-1.1867044239716156,1.2003797582344804,1.1483528364956452,-0.5475163887212489,-1.0451685293603021,0.35823275156598045,-1.0789130846543276,1.1772086652468643,0.9298331549485517,-0.1811147459433443,-0.1654661217772678,-0.2628000446460314,-0.5897306182178222,-1.1118424027202474,0.8773514031598586,-0.42602787480639287,-0.5589730817252193,0.6380529804524738,0.5231498799610389,0.48436682861347186,-0.7051230661855644,-0.6942743590489351,0.1095076069651419,-1.671975104968087,1.0206839742805778,1.3952444026678281,1.0234938140535021,0.0828313650346118,0.22289896923538635,-0.2074802113457639,-0.4467266771426837,-2.252581339179205,0.8637502805635379,-0.001661836803187651
0.32584335219484517,1.8167468117061856,-0.3499100053092582,-0.5634293899055003,-0.21746022715586844,-1.037693695959629,0.2707010930408977,0.8027742741391605,1.4872156084274488,-0.8005861084271115,0.8524652114028476,0.9122588737553442,0.13297031957841735,0.876494071760887,1.4311922156467114,-0.9861743598927604,0.2397138082388781,-0.02414299819520251,0.9920244021277556,-0.06973562279369645,-0.17850919882532212,-1.1089589219257667,1.7922027893780685,-0.5873568974964847,-1.1137591649899834,2.2068018736562838,0.08718339432611862,0.7664471076249818,1.581548873292892,-0.5445690353670134,-1.3660445630610434,-0.8124229954154799,0.9563312625321325,0.2541969617080218,0.49175770763260607,1.2850001133387279,-1.2449226464760925,0.4312305031428007,-0.6919386181506021,-2.0291909944208535,-0.3193731703825821,-0.7151390719508361,1.282101989325121,0.6099694909457973,-0.9838406577657209,0.7971560774894503,1.1091718981713516,-0.7596991678491536,-0.7076128587848198,0.5237664515929741,0.12880501599030672,-0.31544592770897023,1.0070347945220641,1.7068339497180718,-0.06782815901318505,0.7186410644375467
0.5499722780235305,-0.3499100053092582,0.5356976407553375,0.36071484870511483,-0.3531070033634394,0.07296810194029735,0.17692376377127753,-0.09267632099209419,-0.6297615925266774,0.2801490696083595,0.647414215462372,0.3397647762598559,-0.45215052671356776,0.17968240594366067,-1.5731815078144797,0.7661896094305585,-0.11138175727419597,-0.5467786149205212,0.3725613212548929,0.09105424074044904,-0.14142388347327145,0.26842396674193075,-1.3459056490443102,1.053713018048099,1.103041458762842,-1.0697896402484401,-0.7117892884317835,-0.01232523922069726,-1.2649129959663103,0.9668912304185993,1.1026712548504543,0.2017871133005008,-0.4294823790428709,-0.28081489942450993,-0.5975983650589666,-1.1716375486592323,0.9016825782663387,-0.3654887806853029,-0.06955570838185826,1.1110860594396492,0.45322532926349174,0.6031041941508659,-0.8847880533856004,-0.7299493992967317,0.40295900053147643,-1.3513868062910213,0.3697717984701112,1.1810866340314445,0.8841350017639205,-0.11252018643050306,0.08553027879894758,0.02192974131578087,-0.6389338427693391,-2.023815140641714,0.6169528271654466,-0.19990376755086553
0.3548029898166551,-0.5634293899055003,0.36071484870511483,0.6995887368625106,-0.3140074503636776,-0.2216853478206756,0.26663877239795764,0.06371027720386198,-0.7413765907269736,0.19963380605347425,0.7643408073548975,0.3188018544620341,-0.23065928625474683,0.3271003051888874,-1.7595008774025527,0.8766265483157746,-0.16618008080338922,-0.621683849377378,0.3135024815296742,0.031840495705070485,-0.543416204667097,0.2512293823478053,-1.6449037670354205,0.9471441684339725,1.3549265652073899,-1.3366451561455999,-0.814416509278036,-0.014110912739071634,-1.3236913768953924,1.0739766532824206,1.10589436878749,0.022503829469676922,-0.4848307295828327,-0.24187483992433853,-0.48097911809772637,-1.2851171772607857,1.4330006667702113,-0.7070236006565113,-0.37544455990417414,1.1990335719766654,0.5066751387007767,0.4565173040551905,-1.058881304502393,-0.4864534785935508,0.4434073673040019,-1.603805030399515,0.1453642199154933,1.321137021578475,1.1261795656234812,-0.11661665813754454,0.20847532451437384,-0.2312457096721811,-0.6774587550771098,-2.481303872026081,0.5857503456796581,-0.3940685052115357
-0.6226649928665723,-0.21746022715586844,-0.3531070033634394,-0.3140074503636776,0.5319354793966814,0.3594138138908043,-0.5184961487388471,-0.3562493461815805,0.34103632761729835,0.08970310890050166,-1.2020016649592005,-0.9167123221802687,0.531953606980273,-0.7609266732045702,1.3902563567633037,-0.5854673904615958,-0.055813234268629185,0.7640611201586307,-0.8564830978340984,0.01899173320468689,0.4782531334312257,0.20283854932842954,1.0360463200115422,-1.0090294603614858,-1.052268520093105,0.40990535620281543,0.9771860708220999,-0.2139962798825058,0.8420895860488831,-0.9834387073920824,-0.6322105466462563,0.28663187105489235,0.10361375172312146,0.12389078498328618,0.5470448217022175,1.0875278498828733,-0.848666473645446,0.4529805440168948,0.4270367335100834,-0.6788239094167786,-0.45068223846455613,-0.41674396539504827,0.5567010543987678,0.5218157910976776,-0.12313349084841478,1.5249984630173403,-0.775650227410471,-1.2875139000662839,-0.906611401085384,-0.01469771473709259,-0.1468181872584523,0.3154882885671533,0.4770159078165291,2.111831101649134,-0.6863096041773434,0.15598607888201993
-0.49789033183036613,-1.037693695959629,0.07296810194029735,-0.2216853478206756,0.3594138138908043,1.2687354056863995,-0.33993193587084375,-0.7472565088103293,-0.7890104747551443,0.5274009632456123,-1.3036214990664852,-0.8728043565762518,-0.17374636484466968,-0.9500369498686206,0.13031704376167227,0.17056107795719003,0.035827921684757624,0.4492528780245347,-1.0060510015391138,0.007548928590257548,0.6955046038974444,0.7178876329695957,-0.211860545563891,-0.09452387141497975,-0.09036596909545393,-0.711409277003789,0.4677405331261109,-0.7036492621830799,-0.3240624644991818,-0.35726356639368384,0.2615638832063655,0.6695379556154156,-0.40092957929662965,0.009521707745283877,-0.19956314244004159,-0.24230472614784684,-0.20128822401476051,0.2772355357800714,1.0679069058601391,0.9301852079470507,-0.10597754616535912,0.39398408893429165,-0.1991946457315886,-0.29426558181202944,0.5163828020689176,0.4994570284372798,-0.9459053113368183,-0.2712213220954707,-0.3016770555157858,-0.4063806633550846,-0.36843472157706597,0.47799877822590064,-0.4350659628856472,0.4052814000246265,-0.3536477754688159,-0.3286704757880868
0.43073239406331165,0.2707010930408977,0.17692376377127753,0.26663877239795764,-0.5184961487388471,-0.33993193587084375,0.6857290319728263,0.49519876520002465,-0.384951865408493,-0.21495809928670392,1.1939570557247448,1.0510113641969596,-0.5974373747924852,0.9334623261849074,-1.181629714849453,0.4884008536190747,0.20040055456590355,-0.7712463020621897,0.8880361579681924,-0.12226813084226178,-0.5773190281511489,-0.3367647199933626,-0.8713463596668768,0.9056266989129904,0.99709327552739,-0.15888301036733685,-1.015656231908651,0.15384544448741438,-0.5926352060392015,0.8690334350059132,0.3128971713078589,-0.4792082211512886,0.014670289441432224,0.01465426467875567,-0.5379225644799406,-1.1009066361781386,0.8233259364559292,-0.5014214239672613,-0.388066420507747,0.6556266655484103,0.40856350962937715,0.3473862143732075,-0.3829301414973612,-0.3678283918554005,0.08060732582672532,-1.4991821495808924,0.7096582197070254,1.280249935622885,0.844081590719293,-0.008371587762033887,0.09890131154486187,-0.4822344093766224,-0.49138735286770224,-2.101970745498671,0.5861006690699098,-0.2729886476682878
0.31711598018213266,0.8027742741391605,-0.09267632099209419,0.06371027720386198,-0.3562493461815805,-0.7472565088103293,0.49519876520002465,0.6467438487480885,0.3699643969175585,-0.4594203104767277,1.0558365542435253,0.9186006312717413,-0.16639255474514295,0.9088985217002212,-0.16225067995952283,-0.08305540621658539,0.16239835129432698,-0.45890478326615053,0.8709988660653232,-0.10336021548277317,-0.5392956060005912,-0.6277058844403639,0.11831859045369901,0.22757283214677337,0.1959139229536951,0.673726847458054,-0.5518439994977765,0.41319863990221273,0.26579958898486583,0.3134696510463007,-0.340849712814972,-0.6392625508441119,0.3608377748083981,0.10440322106906205,-0.04255258771986222,-0.11368030734446681,0.16033542018063968,-0.23302123284489853,-0.6313722806236746,-0.4416968068235019,0.11976943561924738,-0.15948753141710664,0.21848669348929722,0.132674971943475,-0.33946067844135364,-0.5965715404814064,0.764645915326335,0.44482871000088314,0.279160096713103,0.21880617349769185,0.1694950435118066,-0.4741586350717649,0.13602635585789183,-0.6375920908512016,0.29409586559522005,0.08771006174002303
-0.22539379504082746,1.4872156084274488,-0.6297615925266774,-0.7413765907269736,0.34103632761729835,-0.7890104747551443,-0.384951865408493,0.3699643969175585,1.8596793083181826,-0.6310403381384844,-0.3528029402653041,-0.16433701715554605,0.8230170471644024,-0.01067979894400295,2.658695372307409,-1.4891042503994139,0.04043060313419709,0.758414961506979,0.05922249180456766,0.0187512977425309,0.27226821377845706,-0.7959086439148174,2.6526416429803117,-1.5937852938082768,-2.094343454524342,2.348653434378221,1.1120937170172132,0.6016167478255233,2.2423556546527337,-1.4442831388909645,-1.7634581078710538,-0.41205078244383686,0.952095074143481,0.2783987195343915,1.1004686269254909,2.408946888388834,-1.9442111929731345,0.83477299971257235,-0.3860980436698282,-2.7080578153749824,-0.7401150417443415,-1.1490460424970401,1.6667542504189392,1.1133553969556484,-1.0709538623050234,2.2953579049805946,0.2881139318603227,-2.061228199233007,-1.5282426974417562,0.5338689483072423,0.06037078109146394,0.07005647554147447,1.5153874873971052,3.769283823648986,-0.7121349614942551,0.9244809368690559
-0.027885574524745674,-0.8005861084271115,0.2801490696083595,0.19963380605347425,0.08970310890050166,0.5274009632456123,-0.21495809928670392,-0.4594203104767277,-0.6310403381384844,0.4489179970994067,-0.40851240054795757,-0.4687886055087893,-0.09392654508154277,-0.49523820452426365,-0.6991961150437376,0.45859958755262875,-0.15177102492527805,0.03492678497458605,-0.4300290453360114,0.08876114118213241,0.22899446691105685,0.5703981259972308,-0.8105358372547451,0.362929692383082,0.47411217220065843,-1.0549397207145417,0.004216930689898675,-0.31900009720602557,-0.8218895027356419,0.2807784057122233,0.763282792306152,0.5037756009344465,-0.47740522675906105,-0.1918534900305633,-0.26569504677091393,-0.5668355124945198,0.45327505342865526,-0.10461777617649652,0.38589498943274747,0.9304674059919308,0.15313926763971641,0.3896792753854873,-0.627593594803787,-0.3965209856575041,0.4623058188015668,-0.32018381138439356,-0.41782415806082224,0.3309773198536044,0.29571620300192947,-0.2166306857867862,-0.06175496356232948,0.2695662778189228,-0.4504218039691067,-0.7046079878270056,0.08102668834056957,-0.23235795122737166
1.4156398562894288,0.8524652114028476,0.647414215462372,0.7643408073548975,-1.2020016649592005,-1.3036214990664852,1.1939570557247448,1.0558365542435253,-0.3528029402653041,-0.40851240054795757,2.969440822752599,2.1984886470573723,-0.9644311803685017,1.956496660117851,-2.8406266825257758,1.0969855684341785,0.09795762685680062,-1.7195544823541022,2.148301911736571,-0.05225293979420588,-1.294936037857395,-0.7145206330966105,-1.997702479619313,2.053771776152619,2.1643372267831937,-0.5412751880416621,-2.1555081091334896,0.7300878230300415,-1.5436235115667145,2.128008716616991,1.1411775744375838,-0.8780414390387288,-0.04121382566732008,-0.248573734413887,-0.9958128232802517,-2.085497130980426,1.841956534543613,-1.0734714321892425,-1.3333072944517321,0.975202934246772,0.949433090864329,0.6382835350236475,-1.0481549702255897,-0.8716228360097268,0.031573405018975,-3.2837504478457196,1.9244865171173295,2.707693241541079,1.9652120801099902,0.21295487591834375,0.4698156536771148,-0.8743425878143899,-0.772725260019108,-4.459251422804454,1.5101237385054507,-0.19733100283115967
0.9571250832699751,0.9122588737553442,0.3397647762598559,0.3188018544620341,-0.9167123221802687,-0.8728043565762518,1.0510113641969596,0.9186006312717413,-0.16433701715554605,-0.4687886055087893,2.1984886470573723,1.856549466400603,-0.8782229339619736,1.6270349578655456,-1.6988454465140965,0.5972520874035672,0.2707628108238427,-1.2572193521169854,1.708106807899683,-0.13062867073395526,-0.9078074638797464,-0.7492209525098482,-1.0512900285111804,1.4022316366288992,1.357010776943636,0.15084159091617166,-1.596714497247445,0.5231520335009662,-0.7318335676618105,1.3625930107574276,0.3968096282254408,-0.8461592280265201,0.19341884114601238,-0.024907557301640355,-0.7447371143676318,-1.4189850563820412,1.013287894059666,-0.6578651400649277,-0.8637651957644858,0.5126906419976718,0.6118804186528041,0.41954938160700445,-0.4120974011906479,-0.5540695775796405,-0.11157882022547222,-2.240920964047354,1.529791478983972,1.879940311524233,1.2305414632872111,0.15906551275273279,0.24233683846621576,-0.7356820840447105,-0.5020303211846142,-2.9575376438712584,1.0218783165047514,-0.1401068625370016
-0.5247818782495406,0.13297031957841735,-0.45215052671356776,-0.23065928625474683,0.531953606980273,-0.17374636484466968,-0.5974373747924852,-0.16639255474514295,0.8230170471644024,-0.09392654508154277,-0.9644311803685017,-0.8782229339619736,0.8717362508112586,-0.6388124670773414,1.64973368790233,-0.7820811548163726,-0.1803707846134853,0.790421735547626,-0.7170640303950221,0.06365718805720452,0.2728688945741088,-0.008108487425576093,1.3320768118515223,-1.293847442978225,-1.2847784144231376,0.7103004275262279,1.0752429020616574,0.0708277113125875,1.145335986450509,-1.0725598073687292,-0.8085890423129319,0.11956605806904896,0.26143382587008784,0.1068911738265031,0.8488418894652818,1.5602692522374153,-0.9238430232231124,0.4443471948232598,-0.026514308706058656,-1.3298526407978537,-0.5207283832191283,-0.7301945162655595,0.726311500865351,0.7935029075954375,-0.3834858811666616,1.7387588281424862,-0.6019907574370906,-1.5708652227947797,-0.9916463156736335,0.16895186629789596,0.01787954260415575,0.2376951073736152,0.8457772662494575,2.56203879302154,-0.7013643842851883,0.38514845462464964
0.7452154352850764,0.876494071760887,0.17968240594366067,0.3271003051888874,-0.7609266732045702,-0.9500369498686206,0.9334623261849074,0.9088985217002212,-0.01067979894400295,-0.49523820452426365,1.956496660117851,1.6270349578655456,-0.6388124670773414,1.5090306135280418,-1.311725659863538,0.4170872971935417,0.23790220969071366,-1.0650614434630261,1.5202330052208741,-0.13952290506753035,-0.9074030872779526,-0.745587055462036,-0.771133374080352,1.0779849233825949,1.091073928070302,0.26909282828349895,-1.343365669060137,0.5196464987063629,-0.45601774516609755,1.1115153380443759,0.17878994470643367,-0.8477043903044017,0.24267037264939048,0.015935227332554418,-0.5275566652475688,-1.0844983997425148,0.8935551894161442,-0.630460155085969,-0.886651973978887,0.2468073977288802,0.49105229298771347,0.21219626360207036,-0.2700801231309117,-0.29416760340171205,-0.18152022701348378,-1.8593701871017574,1.309310772545406,1.5336929729506479,1.029184874517393,0.19877892052195797,0.26432118031286933,-0.7421519344046076,-0.323826025164255,-2.4504356898514557,0.82349256209704,-0.10918074681055022
-1.657952015253355,1.4311922156467114,-1.5731815078144797,-1.7595008774025527,1.3902563567633037,0.13031704376167227,-1.181629714849453,-0.16225067995952283,2.658695372307409,-0.6991961150437376,-2.8406266825257758,-1.6988454465140965,1.64973368790233,-1.311725659863538,6.105858763607343,-2.9947316794265086,0.23517803330483622,2.3437821843880835,-1.5508846501683458,-0.090160158481939,1.3236210684656626,-0.7031632082259935,5.393474726682815,-3.8478782288908255,-4.601896414733942,4.003559902225614,3.101502853271716,0.10604300684173491,4.581403556056676,-3.7857830480892636,-3.7404392900751575,-0.12617099781411914,1.4960239773729531,0.7874953911408495,2.198759690317471,4.797052952119184,-4.194242463534835,1.9666769569373548,0.6957696228270052,-4.3736919876156595,-1.7988468372049957,-2.0653164490573332,3.354549573228919,2.3100071553398944,-1.5100982442035167,5.693051891438923,-1.1755943189532565,-4.87643052394065,-3.7191756875908726,0.48050093215436684,-0.4167114055980673,0.5800651351137652,2.5727283104853504,8.59610276056431,-2.270380937485221,1.2238815972095083
0.6760652890587978,-0.9861743598927604,0.7661896094305585,0.8766265483157746,-0.5854673904615958,0.17056107795719003,0.4884008536190747,-0.08305540621658539,-1.4891042503994139,0.45859958755262875,1.0969855684341785,0.5972520874035672,-0.7820811548163726,0.4170872971935417,-2.9947316794265086,1.5288004067588659,-0.1389276086670271,-1.04648528195771,0.4940654020647858,0.04789227662327591,-0.55197508456343,0.5215248616704873,-2.74878366139277,1.826525439917983,2.26744962827407,-2.1935454939049968,-1.4106932054670909,-0.208387805316,-2.3391190979262433,1.7862382089020177,1.9163894906202006,0.20377961465274094,-0.8446138922493369,-0.38810380829606866,-1.0857192430776368,-2.397799407340122,2.098259679135601,-0.9492321247967823,-0.1618889746847806,2.3516234813856416,0.863038573111102,1.0717798820786444,-1.7284636615973266,-1.160165197739785,0.8643459001830396,-2.6960078436010737,0.31030956820364386,2.324812440430143,1.7892280671429934,-0.32845251127202335,0.14650769802276056,-0.19737037100520585,-1.351535935729154,-4.156760337897017,1.0251634117392536,-0.6930610589827001
-0.06259711286986075,0.2397138082388781,-0.11138175727419597,-0.16618008080338922,-0.055813234268629185,0.035827921684757624,0.20040055456590355,0.16239835129432698,0.04043060313419709,-0.15177102492527805,0.09795762685680062,0.2707628108238427,-0.1803707846134853,0.23790220969071366,0.23517803330483622,-0.1389276086670271,0.1849092099624389,-0.048170496438156504,0.1756375604818157,-0.09190947247394855,-0.016645032247078802,-0.2074155226539401,0.2762541995731727,-0.01690840335063561,-0.11087391790714819,0.4294673438684059,-0.08338587434584896,-0.003928301896438666,0.28872979192017867,-0.09976070019576021,-0.34867819611303547,-0.20520188409943338,0.18193678583072936,0.1330714630033455,-0.050426897351216464,-4.773896273578229e-4,-0.19850288351053916,0.04967500554446049,0.07112480366626234,-0.10196333183879132,-0.040117313486695824,-0.023876141246533426,0.2581586472488971,0.06414440587338002,-0.09836863474181995,0.024454340543175298,0.1304701508958024,0.014202233650824925,-0.10649817755110186,0.005516314352100248,-0.07220098842629098,-0.12964714388648518,0.010198689032726195,0.07563579957331275,-0.03849170592664893,-0.03127373723474296
-0.8469254313767985,-0.02414299819520251,-0.5467786149205212,-0.621683849377378,0.7640611201586307,0.4492528780245347,-0.7712463020621897,-0.45890478326615053,0.758414961506979,0.03492678497458605,-1.7195544823541022,-1.2572193521169854,0.790421735547626,-1.0650614434630261,2.3437821843880835,-1.04648528195771,-0.048170496438156504,1.1677793321840846,-1.1504516633153274,0.03502228071880076,0.7753484458143368,0.15237346469674623,1.8805432427671167,-1.6003909169863637,-1.804715185951796,0.9865802445907291,1.5138440704041856,-0.2098582720337843,1.5115383069065689,-1.5888686545518775,-1.146623676039373,0.354517501554144,0.3042085006375425,0.21408993651740374,0.882819846826068,1.8646915899546275,-1.5689424888796024,0.8204448107226949,0.5957076055150005,-1.3493167077838173,-0.738992062512185,-0.7057401433146651,1.060968947590879,0.8255454428060759,-0.3390942864173274,2.477169378735117,-0.9691335234871798,-2.0948347054613947,-1.5224080465741285,0.052476155421158716,-0.22658329617574618,0.4894347170920108,0.8817138697272733,3.5494467164187613,-1.039462070417618,0.3847267896798457
1.008314563872763,0.9920244021277556,0.3725613212548929,0.3135024815296742,-0.8564830978340984,-1.0060510015391138,0.8880361579681924,0.8709988660653232,0.05922249180456766,-0.4300290453360114,2.148301911736571,1.708106807899683,-0.7170640303950221,1.5202330052208741,-1.5508846501683458,0.4940654020647858,0.1756375604818157,-1.1504516633153274,1.6955122978286543,-0.06463428482323774,-0.8242778929270631,-0.7242040887618895,-0.8848237074075846,1.311691478245507,1.180107501754958,0.1856011045322849,-1.4271224338460924,0.6279699770681202,-0.6714453434622796,1.2910947420071623,0.429062980889894,-0.7479284162410134,0.19638549043631187,-0.09962718684912443,-0.6229833412599023,-1.1638131260849396,0.870191069116193,-0.5835737700205912,-0.9264973680918522,0.2692450194214633,0.5606157188599813,0.3157758953384599,-0.3856874807033166,-0.4895055739761439,-0.18071433173607676,-2.0116322414387153,1.5623585605015695,1.6734331436791698,1.123439164336475,0.2510296421116736,0.3036993783261263,-0.6417465342626125,-0.3367085828684378,-2.6189860188860705,0.9910230511572423,0.01727933124936901
0.07786994496430903,-0.06973562279369645,0.09105424074044904,0.031840495705070485,0.01899173320468689,0.007548928590257548,-0.12226813084226178,-0.10336021548277317,0.0187512977425309,0.08876114118213241,-0.05225293979420588,-0.13062867073395526,0.06365718805720452,-0.13952290506753035,-0.090160158481939,0.04789227662327591,-0.09190947247394855,0.03502228071880076,-0.06463428482323774,0.06153259881524333,0.07266187344303904,0.10277624967421317,-0.08480339528660374,0.029282255827219366,0.010463157451821503,-0.16891279436455314,0.06043394926374885,0.017927628952507123,-0.13714386308243207,0.03881507391956412,0.1827029735162768,0.1341707290717305,-0.08071980823700763,-0.08116494094532613,0.012202814614098594,0.031234971770217976,0.009820232333824156,0.0314461731192699,-0.001870364061814314,0.01697375604715487,0.012275972034845985,0.029221856969525593,-0.1034133840372794,-0.07062916020542101,0.034897826653104425,0.030201928158982858,-0.01179020030854546,-0.03307688308808249,0.015696088875639985,0.00848236431626685,0.025117508098180284,0.10899270035855375,0.013272804613994306,0.042361501568890826,0.031249240731025245,0.061868725801511974
-0.43996978934992137,-0.17850919882532212,-0.14142388347327145,-0.543416204667097,0.4782531334312257,0.6955046038974444,-0.5773190281511489,-0.5392956060005912,0.27226821377845706,0.22899446691105685,-1.294936037857395,-0.9078074638797464,0.2728688945741088,-0.9074030872779526,1.3236210684656626,-0.55197508456343,-0.016645032247078802,0.7753484458143368,-0.8242778929270631,0.07266187344303904,0.8193724772410358,0.303120559978086,1.06423208507312,-0.7767997606632023,-1.0940629736276786,0.4190512867187751,0.9850545634340285,-0.2704249440478433,0.6885560265094042,-0.95499998459034,-0.46934354465460054,0.497213045093158,0.058833404574842256,0.059272292484771893,0.35040557946549344,0.9792927606453045,-1.1451784452449438,0.6805108166619452,0.741668427315394,-0.5092493034666177,-0.4350154015498976,-0.18733666278055516,0.5539570440553084,0.21178418735387516,-0.057000353996825515,1.5587608541921734,-0.6199566857939339,-1.238517531365136,-0.9894737263964554,-0.057805743379948336,-0.25943931176652263,0.5407514598714739,0.3766171197091903,2.1914228632521078,-0.603159930512639,0.24531770944336173
-0.17213920374164796,-1.1089589219257667,0.26842396674193075,0.2512293823478053,0.20283854932842954,0.7178876329695957,-0.3367647199933626,-0.6277058844403639,-0.7959086439148174,0.5703981259972308,-0.7145206330966105,-0.7492209525098482,-0.008108487425576093,-0.745587055462036,-0.7031632082259935,0.5215248616704873,-0.2074155226539401,0.15237346469674623,-0.7242040887618895,0.10277624967421317,0.303120559978086,0.7625833503853795,-0.9315636011915446,0.27017571879195557,0.4835246190224978,-1.3283184834359143,0.13869874618322875,-0.46248618266977126,-0.9234527842571577,0.2093144053983066,0.8684444257991459,0.6561783936526705,-0.6031259216373366,-0.20707965560289635,-0.23721171855155798,-0.5774427296995983,0.5301973782762892,-0.1078701133087417,0.5230531921394941,1.109823372122878,0.13141658465764003,0.4205023457413718,-0.7341742936993723,-0.39584568598237674,0.5843480592777075,-0.20716861861895045,-0.7130397466440981,0.23690792574922553,0.26894596261778436,-0.2999697664662492,-0.09738619422889153,0.358603853682237,-0.5170176000029427,-0.6257794112788769,-0.01514666133209401,-0.317260279949056
-1.1867044239716156,1.7922027893780685,-1.3459056490443102,-1.6449037670354205,1.0360463200115422,-0.211860545563891,-0.8713463596668768,0.11831859045369901,2.6526416429803117,-0.8105358372547451,-1.997702479619313,-1.0512900285111804,1.3320768118515223,-0.771133374080352,5.393474726682815,-2.74878366139277,0.2762541995731727,1.8805432427671167,-0.8848237074075846,-0.08480339528660374,1.06423208507312,-0.9315636011915446,4.967610579588938,-3.2478450119324256,-4.095339217035439,3.9826754610831445,2.530032693332554,0.3502964407517156,4.201421229732556,-3.2223950831246775,-3.4465913563993675,-0.341205652823317,1.5248233190229445,0.7027939475901422,1.9053859864372407,4.28651629184028,-3.854936116551675,1.7655736491654066,0.3712907946917698,-4.194602078261751,-1.5536950737888782,-1.8741807535253472,3.1350656032057276,2.0202280403349797,-1.5451721381966317,4.860504880460031,-0.526343306105826,-4.173794136987688,-3.2481432462024924,0.5704410470488904,-0.30243193201527496,0.3951815969056247,2.404583632767284,7.509779387270648,-1.8329948247094288,1.2551385723971682
1.2003797582344804,-0.5873568974964847,1.053713018048099,0.9471441684339725,-1.0090294603614858,-0.09452387141497975,0.9056266989129904,0.22757283214677337,-1.5937852938082768,0.362929692383082,2.053771776152619,1.4022316366288992,-1.293847442978225,1.0779849233825949,-3.8478782288908255,1.826525439917983,-0.01690840335063561,-1.6003909169863637,1.311691478245507,0.029282255827219366,-0.7767997606632023,0.27017571879195557,-3.2478450119324256,2.639977314706332,2.8900457273900573,-2.203868397718295,-2.113971082965494,0.01838169627655843,-2.8160748706639316,2.4612175768517117,2.2498931700372724,-0.02560167573513842,-0.8176454314936572,-0.4729450169974904,-1.5323697357128956,-3.1239867320204286,2.452369042334397,-1.1690123813226996,-0.3892290974595076,2.7148582855151933,1.162110632372082,1.3747747230345457,-1.9854036545305298,-1.5627968986188294,0.8712488777336661,-3.718961490177342,1.0815540184113928,3.2359511777508407,2.3381712314913417,-0.2493132763380392,0.23035496603289832,-0.4131237863012437,-1.641735390724831,-5.547428549736675,1.5406749941769364,-0.7053302574713894
1.1483528364956452,-1.1137591649899834,1.103041458762842,1.3549265652073899,-1.052268520093105,-0.09036596909545393,0.99709327552739,0.1959139229536951,-2.094343454524342,0.47411217220065843,2.1643372267831937,1.357010776943636,-1.2847784144231376,1.091073928070302,-4.601896414733942,2.26744962827407,-0.11087391790714819,-1.804715185951796,1.180107501754958,0.010463157451821503,-1.0940629736276786,0.4835246190224978,-4.095339217035439,2.8900457273900573,3.5317802614783664,-2.986879602913019,-2.4059771821277325,-0.12798503051953097,-3.4045866714205086,2.8534792515657896,2.71550406983893,-0.007494781734715251,-1.1016689183586916,-0.5286013797441136,-1.6781965933393177,-3.7098885511205473,3.257460986749369,-1.5622402732309726,-0.5235847099244126,3.3764056277312084,1.3640581245624082,1.5470384133575088,-2.508169976872439,-1.680873012840376,1.1527474013796573,-4.377575014065042,0.8289906919370099,3.7520216283125034,2.843614080962204,-0.39192712267300345,0.29854086849107464,-0.5457462358203542,-1.9976513714588704,-6.6357087957344385,1.6840273870382656,-1.0266923387558007
-0.5475163887212489,2.2068018736562838,-1.0697896402484401,-1.3366451561455999,0.40990535620281543,-0.711409277003789,-0.15888301036733685,0.673726847458054,2.348653434378221,-1.0549397207145417,-0.5412751880416621,0.15084159091617166,0.7103004275262279,0.26909282828349895,4.003559902225614,-2.1935454939049968,0.4294673438684059,0.9865802445907291,0.1856011045322849,-0.16891279436455314,0.4190512867187751,-1.3283184834359143,3.9826754610831445,-2.203868397718295,-2.986879602913019,3.8076459353733183,1.380905104016345,0.6251219076141782,3.488507963402559,-2.189845201760666,-2.9963289316764308,-0.8528657965252281,1.5436068184399843,0.659100252776058,1.329482481001283,3.1286195656591045,-2.9612523543820877,1.239623301593902,-0.1813225229740637,-3.5907863889290126,-1.079370414046921,-1.493851057559597,2.6831966983775435,1.556912623230497,-1.505349682412549,3.166737982324354,0.4091983269600263,-2.7526274373455677,-2.2803381675198904,0.6107869810648465,-0.1445032851078583,-0.09200927661354762,1.9288655228316554,5.206827555266982,-1.0997160292106993,1.0618790568518421
-1.0451685293603021,0.08718339432611862,-0.7117892884317835,-0.814416509278036,0.9771860708220999,0.4677405331261109,-1.015656231908651,-0.5518439994977765,1.1120937170172132,0.004216930689898675,-2.1555081091334896,-1.596714497247445,1.0752429020616574,-1.343365669060137,3.101502853271716,-1.4106932054670909,-0.08338587434584896,1.5138440704041856,-1.4271224338460924,0.06043394926374885,0.9850545634340285,0.13869874618322875,2.530032693332554,-2.113971082965494,-2.4059771821277325,1.380905104016345,1.9790785336353132,-0.19447076815509204,2.030910986148191,-2.0751308280242013,-1.5255629308198495,0.4273372170564908,0.4406405853574629,0.26801965262131544,1.1973743487039532,2.5267347320171,-2.0931078513851555,1.0855113714623745,0.6827417674760311,-1.910339358704168,-0.9732595220059089,-0.9736028466671018,1.4281942037912787,1.1084709106229282,-0.5085063776453407,3.26235442160755,-1.1724419479520576,-2.775286129970211,-2.0036876770817647,0.11798511704410253,-0.2611820983549236,0.6303157058251826,1.2312105033937726,4.718119567314501,-1.3366083873166297,0.572766133489282
0.35823275156598045,0.7664471076249818,-0.01232523922069726,-0.014110912739071634,-0.2139962798825058,-0.7036492621830799,0.15384544448741438,0.41319863990221273,0.6016167478255233,-0.31900009720602557,0.7300878230300415,0.5231520335009662,0.0708277113125875,0.5196464987063629,0.10604300684173491,-0.208387805316,-0.003928301896438666,-0.2098582720337843,0.6279699770681202,0.017927628952507123,-0.2704249440478433,-0.46248618266977126,0.3502964407517156,0.01838169627655843,-0.12798503051953097,0.6251219076141782,-0.19447076815509204,0.454125059626589,0.31706550477750173,0.11294123948648022,-0.23690195742185186,-0.3600815777908393,0.3033550356390464,-0.007738679561126943,0.13339416765935286,0.2985040618292958,-0.1480334757454113,-0.012289305143689982,-0.5606554817216638,-0.7182323499806166,0.011647693232272686,-0.24157139104095807,0.2544920431833368,0.1458099314177516,-0.37487931125520607,-0.10836272466796001,0.6599024306345711,0.018916305670317674,0.0295468720536819,0.2717012151035864,0.1844668993797605,-0.19715275151593767,0.3472176358461282,0.08763087229826905,0.1916478367163592,0.30882111642666393
-1.0789130846543276,1.581548873292892,-1.2649129959663103,-1.3236913768953924,0.8420895860488831,-0.3240624644991818,-0.5926352060392015,0.26579958898486583,2.2423556546527337,-0.8218895027356419,-1.5436235115667145,-0.7318335676618105,1.145335986450509,-0.45601774516609755,4.581403556056676,-2.3391190979262433,0.28872979192017867,1.5115383069065689,-0.6714453434622796,-0.13714386308243207,0.6885560265094042,-0.9234527842571577,4.201421229732556,-2.8160748706639316,-3.4045866714205086,3.488507963402559,2.030910986148191,0.31706550477750173,3.6783284616651457,-2.71755775031138,-3.085369039665975,-0.49323899086461065,1.3703340328699551,0.6789643846300123,1.6501313854043733,3.5959092593698934,-3.1243787071668616,1.3755664495477948,0.16282482395821085,-3.6080880194289264,-1.306069367324045,-1.6661876989121644,2.715445053245475,1.8377993625096525,-1.360576251742142,3.995994378690342,-0.44111697558035146,-3.4637635510702705,-2.684615270168692,0.4857484342969099,-0.23094600185798678,0.1579746358705149,2.0432882375338703,6.205634053528557,-1.5618321168865879,0.9808371049043176
1.1772086652468643,-0.5445690353670134,0.9668912304185993,1.0739766532824206,-0.9834387073920824,-0.35726356639368384,0.8690334350059132,0.3134696510463007,-1.4442831388909645,0.2807784057122233,2.128008716616991,1.3625930107574276,-1.0725598073687292,1.1115153380443759,-3.7857830480892636,1.7862382089020177,-0.09976070019576021,-1.5888686545518775,1.2910947420071623,0.03881507391956412,-0.95499998459034,0.2093144053983066,-3.2223950831246775,2.4612175768517117,2.8534792515657896,-2.189845201760666,-2.0751308280242013,0.11294123948648022,-2.71755775031138,2.433136376458509,2.1959022658844147,-0.11668859677443756,-0.7851333431213818,-0.470817773998873,-1.3635599317758216,-2.9427248123016168,2.5639116270903264,-1.2501638819934668,-0.6441993548746778,2.479471333075446,1.1407644574911107,1.2118377425116171,-1.9707345797384,-1.3925839118261443,0.7885965571811756,-3.6666631014985445,1.0461719205226072,3.123497347493728,2.3552158412178947,-0.19313447242960838,0.321945594307179,-0.48665496380894857,-1.5007357278654365,-5.434125105552666,1.5115286668872132,-0.6673764605007211
0.9298331549485517,-1.3660445630610434,1.1026712548504543,1.10589436878749,-0.6322105466462563,0.2615638832063655,0.3128971713078589,-0.340849712814972,-1.7634581078710538,0.763282792306152,1.1411775744375838,0.3968096282254408,-0.8085890423129319,0.17878994470643367,-3.7404392900751575,1.9163894906202006,-0.34867819611303547,-1.146623676039373,0.429062980889894,0.1827029735162768,-0.46934354465460054,0.8684444257991459,-3.4465913563993675,2.2498931700372724,2.71550406983893,-2.9963289316764308,-1.5255629308198495,-0.23690195742185186,-3.085369039665975,2.1959022658844147,2.6711348992892723,0.5570607488612123,-1.193568105192269,-0.6364952707753595,-1.2804114257440133,-2.807791103021958,2.5121668274619577,-1.065334368845445,-0.13798354385198808,2.8866549964128847,1.0482870150499792,1.346484164914301,-2.2892499935834714,-1.5265513774342314,1.1277550364385314,-3.1245042851130425,0.3039556289019012,2.6961494434796007,2.1507320808028387,-0.37815433459810144,0.21802662337005632,0.003217029623176424,-1.6034116655811894,-4.8677876727108504,1.2648393691057378,-0.7128979351059991
-0.1811147459433443,-0.8124229954154799,0.2017871133005008,0.022503829469676922,0.28663187105489235,0.6695379556154156,-0.4792082211512886,-0.6392625508441119,-0.41205078244383686,0.5037756009344465,-0.8780414390387288,-0.8461592280265201,0.11956605806904896,-0.8477043903044017,-0.12617099781411914,0.20377961465274094,-0.20520188409943338,0.354517501554144,-0.7479284162410134,0.1341707290717305,0.497213045093158,0.6561783936526705,-0.341205652823317,-0.02560167573513842,-0.007494781734715251,-0.8528657965252281,0.4273372170564908,-0.3600815777908393,-0.49323899086461065,-0.11668859677443756,0.5570607488612123,0.6723932953207968,-0.43023202843797714,-0.17941901182508696,-0.04269950329159603,-0.059026797324709925,0.004069655534450471,0.1557699763647484,0.5584272824045023,0.5755952740428364,-0.03484676239317668,0.23641288759046405,-0.38601347659488494,-0.24453671579544722,0.384231190637113,0.3512184807576931,-0.6435261653637616,-0.23616347795411777,-0.10914135830321267,-0.198592285290709,-0.11879689332571071,0.4721709885490033,-0.21052198391539792,0.2738459877234654,-0.16363027209808773,-0.08158186567610602
-0.1654661217772678,0.9563312625321325,-0.4294823790428709,-0.4848307295828327,0.10361375172312146,-0.40092957929662965,0.014670289441432224,0.3608377748083981,0.952095074143481,-0.47740522675906105,-0.04121382566732008,0.19341884114601238,0.26143382587008784,0.24267037264939048,1.4960239773729531,-0.8446138922493369,0.18193678583072936,0.3042085006375425,0.19638549043631187,-0.08071980823700763,0.058833404574842256,-0.6031259216373366,1.5248233190229445,-0.8176454314936572,-1.1016689183586916,1.5436068184399843,0.4406405853574629,0.3033550356390464,1.3703340328699551,-0.7851333431213818,-1.193568105192269,-0.43023202843797714,0.6417956509276914,0.26845974202377515,0.5107298186285361,1.179211092392168,-1.0835513633696614,0.4252591071779248,-0.18478141910140947,-1.4419014767031888,-0.39226151138531545,-0.6027051552622965,1.0506548220358314,0.6249062492620446,-0.6267078833118943,1.1108670552257773,0.26252959107356666,-0.9829381256359581,-0.8186004680854305,0.26602533873854406,-0.02307128180280402,-0.1152981895695424,0.7598766483407658,1.8810943205722064,-0.37595436959841416,0.4137308187353622
-0.2628000446460314,0.2541969617080218,-0.28081489942450993,-0.24187483992433853,0.12389078498328618,0.009521707745283877,0.01465426467875567,0.10440322106906205,0.2783987195343915,-0.1918534900305633,-0.248573734413887,-0.024907557301640355,0.1068911738265031,0.015935227332554418,0.7874953911408495,-0.38810380829606866,0.1330714630033455,0.21408993651740374,-0.09962718684912443,-0.08116494094532613,0.059272292484771893,-0.20707965560289635,0.7027939475901422,-0.4729450169974904,-0.5286013797441136,0.659100252776058,0.26801965262131544,-0.007738679561126943,0.6789643846300123,-0.470817773998873,-0.6364952707753595,-0.17941901182508696,0.26845974202377515,0.1877260778177641,0.23281495036485855,0.5058641634931603,-0.48865448464470024,0.19316317906816372,0.07099020338888536,-0.522306706226062,-0.21556153776368617,-0.2612091289661868,0.5066022274749534,0.33172698350394036,-0.21633279302705272,0.5998538858943346,-0.1075586670491235,-0.5105122285992879,-0.4365150055309838,0.038573962991584936,-0.0805188248423359,-0.059005081289870406,0.2764369383562737,0.9281201947020227,-0.2849065680802631,0.0691613199315733
-0.5897306182178222,0.49175770763260607,-0.5975983650589666,-0.48097911809772637,0.5470448217022175,-0.19956314244004159,-0.5379225644799406,-0.04255258771986222,1.1004686269254909,-0.26569504677091393,-0.9958128232802517,-0.7447371143676318,0.8488418894652818,-0.5275566652475688,2.198759690317471,-1.0857192430776368,-0.050426897351216464,0.882819846826068,-0.6229833412599023,0.012202814614098594,0.35040557946549344,-0.23721171855155798,1.9053859864372407,-1.5323697357128956,-1.6781965933393177,1.329482481001283,1.1973743487039532,0.13339416765935286,1.6501313854043733,-1.3635599317758216,-1.2804114257440133,-0.04269950329159603,0.5107298186285361,0.23281495036485855,0.9592038187551162,1.9086005242002795,-1.3807211918365638,0.636005989990266,0.014789133527023027,-1.7683680849608074,-0.6596097192086781,-0.8840725251434756,1.1443485207931747,0.9608384550991316,-0.5910515371024182,2.115783307719616,-0.48280385328623915,-1.8772751198174151,-1.3075171285225313,0.23324570118742577,-0.04354115781201496,0.20000175880906057,1.0607746490884193,3.206007835211361,-0.8330905905730719,0.5042225502561795
-1.1118424027202474,1.2850001133387279,-1.1716375486592323,-1.2851171772607857,1.0875278498828733,-0.24230472614784684,-1.1009066361781386,-0.11368030734446681,2.408946888388834,-0.5668355124945198,-2.085497130980426,-1.4189850563820412,1.5602692522374153,-1.0844983997425148,4.797052952119184,-2.397799407340122,-4.773896273578229e-4,1.8646915899546275,-1.1638131260849396,0.031234971770217976,0.9792927606453045,-0.5774427296995983,4.28651629184028,-3.1239867320204286,-3.7098885511205473,3.1286195656591045,2.5267347320171,0.2985040618292958,3.5959092593698934,-2.9427248123016168,-2.807791103021958,-0.059026797324709925,1.179211092392168,0.5058641634931603,1.9086005242002795,4.063391864022983,-3.3055402667246025,1.5647641708078908,0.23730358062653584,-3.808497130940104,-1.4240675219543013,-1.7669977838753776,2.60225717116867,1.8754434662256567,-1.3093313190621203,4.580485936412565,-0.7826675518515125,-3.9966185004497143,-2.921703488800884,0.5059455800162007,-0.18804664401690596,0.5257853770948598,2.2540998434797253,7.008146695847648,-1.7228802293947676,1.1802518020507358
