V1,V2,V3,V4,V5,V6,V7,V8,V9,V10,V11,V12,V13,V14,V15,V16,V17,V18,V19,V20,V21,V22,V23,V24,V25,V26,V27,V28,V29,V30,V31,V32,V33,V34,V35,V36,V37,V38,V39,V40,V41,V42,V43,V44,V45,V46,V47,V48,V49,V50,V51,V52,V53,V54,V55,V56
4.3404372259219635,2.4256536591454902,3.4105624896149322,-2.2302728532644713,-1.854841698770541,1.792843298535076,-0.14235806390679226,-1.1187432286727326,0.3213470681513275,1.119722606661317,2.17832465344089,2.1378690525687873,-3.3878200874638487,-0.015360128361230312,-2.856548951521328,0.9012161372655977,0.12278543083996271,-1.3083378425312862,2.8721587211626565,0.940993121669637,3.070922124202206,0.19634186630757702,-0.5800426136682858,4.347903288779407,0.6701268303958386,0.39978313213447225,-1.491746076602721,0.8539591845281314,-2.807594048280701,2.156934150859338,3.04160415420368,1.808140384986567,-0.26029231623105303,-1.3237444703760737,-2.7210195911149366,-1.8927370870476152,-2.738740865837063,2.236054308005996,1.7408579588312625,1.20078209598547,0.8965203524700703,2.8574185526854845,-0.5999361161034595,-4.409732823858097,0.15561175432831556,-1.8424742525474525,4.585209262407655,2.2583151099387058,0.39723067751016655,0.22114960342176476,-0.5760323822611344,2.26523381820856,-0.9148965129852258,-1.516769855962818,2.5831106216297512,1.9291979629334337
2.4256536591454902,2.168980197047027,1.8173925206304424,-2.1629900287643693,-0.7768892220760215,1.2883873761270903,-0.5582991076608715,-0.8612068555363834,1.1821346932916572,0.5473201980571792,0.4686602694984992,0.8284638942549155,-1.7276487745348708,-0.5241121551087273,0.1930739476341174,-0.4384344731878328,0.14209804006884147,-0.051900622439960374,1.4060097809230956,0.6361322708717372,2.6163240675880335,-0.0871468744043,1.509896508193149,1.6270761877198578,-1.1872017308350955,1.664462852502432,0.10049295460272181,0.6331562557095505,-0.33290567523380665,0.1410249501241597,0.8101718776770522,1.24145858121568,0.33395530825325737,-0.6544672953276633,-1.0857804988254276,0.42593534434411756,-3.394034010633158,2.26088611685979,1.4503743192894931,-0.7374526814364176,-0.023837701735868747,1.2397533797597882,0.7606132394823438,-2.2368390350692793,-0.4246006260917522,0.780929143699552,2.740301604081748,-0.2018493411204226,-1.0566164922616914,0.3268628055389878,-0.5410215667779009,1.8054478369091722,0.29632108377193633,2.054011632806267,0.9785582709879371,1.7900290887595662
3.4105624896149322,1.8173925206304424,2.6971313022586374,-1.6679015141498685,-1.4861434037280588,1.4044294578141214,-0.05953317827399417,-0.8620034650313991,0.1365789621771177,0.8947500502725788,1.7799275742537974,1.7195126039417026,-2.6946238633191366,0.0342534607578027,-2.4342341780126535,0.8086978013326832,0.09640640575178203,-1.0977708680464608,2.2759027502748843,0.7291942557067768,2.3335493893418,0.18013017604817902,-0.6504477742807961,3.509286715137381,0.6883731081571364,0.16263142525772084,-1.2718517993186655,0.6475013575751261,-2.3389337584979133,1.8059564099787717,2.483676447268247,1.402326909801266,-0.2575100250268447,-1.0479324171771724,-2.1974829321364564,-1.6528094002040936,-1.9662245105246108,1.6610126279703419,1.339831227087243,1.1085708545151234,0.7577767382141849,2.292560470309927,-0.5859154790753637,-3.5005663883471203,0.18367852715461516,-1.6374541673627174,3.5834485203069737,1.9342355386806205,0.4427046530632907,0.14752110728267495,-0.43976078360661086,1.7321015856488011,-0.8138372859071701,-1.497884690914687,2.0812711658813345,1.438717369198569
-2.2302728532644713,-2.1629900287643693,-1.6679015141498685,2.2356951118641124,0.6620310914881089,-1.3324040995160213,0.6084385357324084,0.8697221732342207,-1.2663130853637135,-0.5028601614137349,-0.23153469207083813,-0.6895426925445465,1.61246904942928,0.6119619090630063,-0.5745890531885309,0.6057027549521953,-0.17300732233210078,-0.10422492899540216,-1.2411493041701605,-0.6040319255749432,-2.656158408738396,0.10968679370681042,-1.7996898242577073,-1.3506234859301223,1.438690515955492,-1.8597077390662344,-0.29371064780801404,-0.5837273103755126,0.043744231707312224,0.11300881296756989,-0.5473088060695304,-1.2134678838938848,-0.41000906435531664,0.5756743112313343,0.9436075450544996,-0.6807938535389321,3.576663152786066,-2.333855825611896,-1.514534713475908,0.9337369459862174,0.13759693483449212,-1.104419461037896,-0.9522291960814367,2.0506433297143594,0.4840888974439877,-1.1197322838449977,-2.560159163308822,0.4934787059351339,1.2713987329343526,-0.32396111609501815,0.5780158338762318,-1.8016030132162562,-0.4159971379209257,-2.528688396735745,-0.7968780404732599,-1.7912764100427259
-1.854841698770541,-0.7768892220760215,-1.4861434037280588,0.6620310914881089,0.8865166941274047,-0.6862934445332992,-0.11497068610341567,0.3930515468367258,0.20516062121775996,-0.49885326948913117,-1.1866642835104715,-1.0574136008714992,1.5263928806361258,-0.17925903493659515,1.8136182127518647,-0.6968653750336918,-0.043049910030960294,0.7926286467952607,-1.3062258921154817,-0.3595510826150479,-1.0168522402393725,-0.13980485682322386,0.8512615453010876,-2.1358814725783284,-0.8075151759820486,0.28793390098925753,0.9608432427852986,-0.30789421750630497,1.603418597065332,-1.2760381602588318,-1.5811222635376525,-0.686019860579134,0.26277422081184293,0.5860742945612991,1.3214898784921152,1.317370943551013,0.5610969601660541,-0.6238540060556572,-0.5992651812239477,-0.9920844093273253,-0.5585480532352718,-1.3489214811965133,0.6097161808766844,1.9677987105508266,-0.23653698014817368,1.39932034095155,-1.9110871035345396,-1.465022303956297,-0.5932889780340664,-0.022786203896304244,0.18228929012359454,-0.7832688545946299,0.6692887510380038,1.6252542689521456,-1.2613255887877723,-0.5816790436082422
1.792843298535076,1.2883873761270903,1.4044294578141214,-1.3324040995160213,-0.6862934445332992,0.9894938516674103,-0.2025949291855444,-0.5822487074399493,0.42408103687474197,0.4571844849577914,0.5814246135084321,0.7812644629363252,-1.4511100297621138,-0.20871136274740468,-0.5296734180471956,0.03863591566559684,0.13055748525407956,-0.297125076526073,1.1133893842045601,0.4181726660315926,1.677879970366475,0.024388444723447908,0.43598399297114543,1.5633792988660375,-0.2916359998701809,0.717863689977785,-0.2966603350896875,0.3559468237687382,-0.7225288948824052,0.49564749712387973,0.9208911441311107,0.8544189570005837,0.06651727701853982,-0.4987181607997812,-1.044094729365503,-0.3161419984153946,-1.8808026809010132,1.3435344863861707,1.0210992837292756,0.08207705783130208,0.1797499160712055,1.123569689560498,0.17264083820665332,-1.8131663565912157,-0.08909469784061,-0.11127632733200173,1.9683474311661975,0.43934027756028354,-0.32594188400059193,0.12937581770054732,-0.37546683200024406,1.163338341304801,-0.14791038668321166,0.41123906855735104,0.9032659849464107,1.0320680878706734
-0.14235806390679226,-0.5582991076608715,-0.05953317827399417,0.6084385357324084,-0.11497068610341567,-0.2025949291855444,0.3347957946676187,0.19564995970285387,-0.6481557907637427,-6.409961863650776e-4,0.40387679366089935,0.20207307423239487,-0.0414081376618655,0.3488525453298987,-1.003894695944375,0.5477574241483352,-0.01767060331180595,-0.39186488388895,0.0547434941803739,-0.11194723872390382,-0.6468433909008118,0.09474851158225396,-1.0965217128656242,0.3753968162503801,0.9445110983228704,-0.8574122559984457,-0.5533408477532957,-0.13585418392339,-0.6542226777432344,0.5854012382137731,0.417978887603193,-0.22194616967627237,-0.27001437008155554,0.007805639966138508,-0.20816259233120263,-0.8845784063392532,1.2152448206642723,-0.6868092905070551,-0.3211032614224404,0.8509237768344527,0.2963819755920969,0.14641875401692114,-0.631701390708092,-0.012371482175380845,0.3096433798948195,-1.0759073567709274,-0.23711152291195875,0.8553150872111233,0.7708958365123564,-0.1417057134631877,0.13499168150419527,-0.4182934622448132,-0.4883940572084469,-1.7634768523825417,0.2070676246107822,-0.5149045652726806
-1.1187432286727326,-0.8612068555363834,-0.8620034650313991,0.8697221732342207,0.3930515468367258,-0.5822487074399493,0.19564995970285387,0.38187912278425223,-0.3801325470388173,-0.2793633097877699,-0.3042437833674692,-0.420662394472995,0.8314680349201968,0.18713481423854958,0.18284065218763762,0.05541765290544223,-0.05420136228915023,0.11793793990577817,-0.6623583049510547,-0.2802901732123049,-1.0950835414986022,-0.006495988809550301,-0.41566323613212147,-0.8782681227053561,0.31495039793155655,-0.5355644967781694,0.08526443990690169,-0.25621089715670853,0.35311185225091885,-0.22173481085529614,-0.5214319336404903,-0.5584077014045875,-0.07207815864671947,0.31864337212030713,0.575716068010698,0.03366997587633083,1.2973596647147474,-0.9029833061631789,-0.6241886728078833,0.10726023868432497,-0.06707846293136152,-0.6399011964812752,-0.179917084537596,1.082331428247392,0.10755352408647147,-0.0971744420140442,-1.2270650760904311,-0.12407016521614539,0.3017625899291071,-0.11273170158587208,0.22542136303088586,-0.7690325417413436,-0.0051833620061303405,-0.5200963485289911,-0.5193860339397964,-0.7176924979140822
0.3213470681513275,1.1821346932916572,0.1365789621771177,-1.2663130853637135,0.20516062121775996,0.42408103687474197,-0.6481557907637427,-0.3801325470388173,1.3168421790115439,-0.011072140026069821,-0.7753294693213769,-0.3483791285461793,0.03072691973395389,-0.6691524487235702,2.02479280344012,-1.1129716957446838,0.059892315190115765,0.7687188186389865,-0.058325944251665277,0.22252919036079225,1.3245908763357686,-0.21903569330209616,2.2381961697310047,-0.7196892245055707,-1.9100234270436562,1.788879003616552,1.0872764000339388,0.28398395461669196,1.3308427708395196,-1.1707783416728674,-0.8600078455676401,0.4334349390111983,0.566600655965869,-0.010377712706980518,0.38907104465278547,1.7661256034096342,-2.4964374193051446,1.4096955501761868,0.6658362439013833,-1.7209117606251743,-0.593540391234188,-0.2737532164850437,1.3011949735706545,-0.00634359972500871,-0.6372521402358539,2.150714601702618,0.5400831869608822,-1.6993381579734523,-1.5611692182588688,0.2890257747317553,-0.28534091950455304,0.8449049593125302,0.978797951918796,3.5472159953955913,-0.39616618664076503,1.0521074082036959
1.119722606661317,0.5473201980571792,0.8947500502725788,-0.5028601614137349,-0.49885326948913117,0.4571844849577914,-6.409961863650776e-4,-0.2793633097877699,-0.011072140026069821,0.30452958208260617,0.6125298876572418,0.574610309569879,-0.894273332168345,0.02686056904197248,-0.8928070089642984,0.31600695271730933,0.026331186142108727,-0.39120233327547266,0.7500633837274631,0.23615252797083686,0.7287374120958394,0.07702807576213008,-0.31101163106329843,1.195004473172251,0.3048870523178798,-0.029150273985354632,-0.46092699691049105,0.20070167686355844,-0.8374228915569084,0.6465177938472318,0.8680848501294983,0.45744399116603146,-0.11409711613079333,-0.35093297745561347,-0.7464737841906619,-0.6198438948030992,-0.5529673122327278,0.49792094241384854,0.424540061856904,0.4436530066403239,0.27502220249272946,0.7752122382071954,-0.2525478766448893,-1.1664035123614893,0.09136898475505216,-0.6261029393774595,1.162215742887411,0.7081139176868926,0.20881994271140344,0.03570430475659009,-0.13583780847417062,0.5486497406290709,-0.31164435756010667,-0.6363420624434118,0.7067087132232033,0.4361943385158202
2.17832465344089,0.4686602694984992,1.7799275742537974,-0.23153469207083813,-1.1866642835104715,0.5814246135084321,0.40387679366089935,-0.3042437833674692,-0.7753294693213769,0.6125298876572418,1.846830577633634,1.4516594948162507,-1.8476961464488149,0.5222769171364209,-3.1368151031522498,1.3435022378797126,-0.005389127942856225,-1.3188958042024006,1.6582402187546357,0.36062780560751134,0.6463974004675973,0.2584234747722379,-2.0327116383272408,2.9391238455425532,1.830773833481431,-1.1475589825462547,-1.6560222046152755,0.2976766123098234,-2.566503838848282,2.1036014960149805,2.351376643487177,0.6535948629214415,-0.571533004352401,-0.7380801449017604,-1.7683953586560055,-2.3581197814054304,0.4206488399512669,0.13878241424322468,0.3789305461820562,1.9165978470701905,0.9522989935973104,1.7546680709127978,-1.3356604820015752,-2.4064655057071094,0.5488817621457763,-2.6686099013289866,2.1487102889255385,2.5373036982060895,1.4296969494016136,-0.07225900815614537,-0.06797737568775687,0.5941526210096477,-1.2163322204111509,-3.546718860469667,1.7433752997755607,0.2889738505528481
2.1378690525687873,0.8284638942549155,1.7195126039417026,-0.6895426925445465,-1.0574136008714992,0.7812644629363252,0.20207307423239487,-0.420662394472995,-0.3483791285461793,0.574610309569879,1.4516594948162507,1.2842498780649851,-1.8066567137459328,0.2778705039419686,-2.265212535586049,0.8950494399164388,0.061526529651512576,-0.991580666121343,1.5417422892456831,0.3948170882702744,1.0867880423854548,0.167849726270557,-1.154316534128958,2.5559562251562356,1.0893302276256203,-0.44797339601385394,-1.217023168236833,0.3320863127000504,-1.961611790867024,1.5768642759815918,1.892073683592815,0.754790615488996,-0.33982188245576367,-0.6734193680158266,-1.5838223004746228,-1.6860969985031364,-0.47500415699334064,0.6235701818259084,0.6606944904531539,1.2967500686955675,0.6979055927290734,1.6026745494107804,-0.7968580483672905,-2.300714576800716,0.32265976303530913,-1.8061724288056524,2.199353251680967,1.850959679954022,0.8088464564355357,3.760047875849809e-4,-0.19936832320666095,0.8410714785408141,-0.8642778401897347,-2.17796730025466,1.5029024884172826,0.5914161490821379
-3.3878200874638487,-1.7276487745348708,-2.6946238633191366,1.61246904942928,1.5263928806361258,-1.4511100297621138,-0.0414081376618655,0.8314680349201968,0.03072691973395389,-0.894273332168345,-1.8476961464488149,-1.8066567137459328,2.7916916592692274,-0.11876579277752301,2.6161664408062886,-0.912681748366786,-0.13793126463404942,1.1860980572940572,-2.30608049133084,-0.6912994687301908,-2.2570564796057284,-0.1883705980515989,0.834647589328901,-3.625158677668764,-0.8691589911666985,-0.05164387289457781,1.402777439419382,-0.588479010211051,2.45720812095211,-1.9108128904002568,-2.536382892848505,-1.3588106502803727,0.293437192143849,1.0270307010811912,2.2897586113272363,1.8747842792035985,1.794239477196292,-1.562954466991226,-1.3573095433008768,-1.3234129069014289,-0.817979585169718,-2.371515903480924,0.6737271767376,3.5517568342408454,-0.25174463657751195,1.8565299127037065,-3.5651635996297792,-2.1281888568480647,-0.5705893351123434,-0.09782043721287123,0.45189520622267704,-1.658347115339521,0.9468102264162148,1.8496889350386319,-2.1237216841799698,-1.3242276840594436
-0.015360128361230312,-0.5241121551087273,0.0342534607578027,0.6119619090630063,-0.17925903493659515,-0.20871136274740468,0.3488525453298987,0.18713481423854958,-0.6691524487235702,0.02686056904197248,0.5222769171364209,0.2778705039419686,-0.11876579277752301,0.3837477135502399,-1.1774567774664244,0.6193601651801544,-0.03207516748383119,-0.46569100888379616,0.15119776908779411,-0.08906931082476012,-0.6284857099309336,0.10348363659059934,-1.2070238406174345,0.5269624906448931,1.0453943879090348,-0.9234568051383987,-0.6405427570591239,-0.1039296874898017,-0.7943882632895127,0.7049822102002038,0.5532937252416604,-0.1901181138387242,-0.299699747457633,-0.038710285716644394,-0.28674393779240004,-0.9958942846342453,1.2499107419889968,-0.6895513918785658,-0.3330691991430006,0.9282972345040361,0.3503587857805366,0.2281167099759371,-0.709111022009682,-0.1312896149644113,0.32896824274684955,-1.2213725798148511,-0.11271220865094804,0.98547714909551,0.8550241410391672,-0.1354947669776579,0.14656151481454044,-0.39170108887884114,-0.5379716745429143,-1.9524672874756415,0.3038216661547993,-0.48888666975352774
-2.856548951521328,0.1930739476341174,-2.4342341780126535,-0.5745890531885309,1.8136182127518647,-0.5296734180471956,-1.003894695944375,0.18284065218763762,2.02479280344012,-0.8928070089642984,-3.1368151031522498,-2.265212535586049,2.6161664408062886,-1.1774567774664244,5.875068708697734,-2.691677216748114,0.06572173895178103,2.394479234026873,-2.3648709497433895,-0.3649860419016055,0.007861148460292374,-0.5430558172405716,4.470696219376528,-4.660674356580933,-3.9336824118771077,2.9214828937870636,3.0921319681628483,-0.2208398054073264,4.588497199800947,-3.8025318047646715,-3.9603063905398472,-0.6431806204811197,1.2256185210315107,1.0495753175347078,2.7711560096509635,4.5709177588586,-2.362999469404358,0.7934614056585623,-0.07006013217404221,-3.93100982358485,-1.763267383086159,-2.6735918075711487,2.827009080095266,3.403338748084516,-1.236408381775272,5.278400749936591,-2.641167305023403,-4.776406382287757,-3.1237986170154044,0.3055427509687184,-0.10771533350022576,-0.264567881343964,2.4086985983737828,7.505283214379074,-2.746095011698624,0.3265029149577549
0.9012161372655977,-0.4384344731878328,0.8086978013326832,0.6057027549521953,-0.6968653750336918,0.03863591566559684,0.5477574241483352,0.05541765290544223,-1.1129716957446838,0.31600695271730933,1.3435022378797126,0.8950494399164388,-0.912681748366786,0.6193601651801544,-2.691677216748114,1.2906181097255904,-0.04942623214934458,-1.077197717863311,0.8441565953289946,0.06065636969286841,-0.4230640445709051,0.25983620717019923,-2.2675208636969413,1.8512578452164283,1.9746246316848137,-1.5893049612236527,-1.4185182174121715,-0.006011883635331983,-2.0246796670229013,1.6987769499443677,1.6610563034877714,0.09089409362303522,-0.6081858269622084,-0.3678523038868228,-1.083379427877626,-2.144246480833318,1.6148708872339255,-0.7231042392681645,-0.19632354773713712,1.9049113351216538,0.8031443684317685,1.0151959157231898,-1.40122407507707,-1.183743273565053,0.6296789030706258,-2.5182637982485847,0.7541240145803765,2.1982968192877617,1.5843689685393259,-0.1935857413298615,0.133402651159331,-0.1719858763328103,-1.1425708831865078,-3.7333450908143346,1.0849966688440609,-0.4394348424174462
0.12278543083996271,0.14209804006884147,0.09640640575178203,-0.17300732233210078,-0.043049910030960294,0.13055748525407956,-0.01767060331180595,-0.05420136228915023,0.059892315190115765,0.026331186142108727,-0.005389127942856225,0.061526529651512576,-0.13793126463404942,-0.03207516748383119,0.06572173895178103,-0.04942623214934458,0.039377929105891225,0.009197527419972184,0.07731062141223982,0.026517502252888476,0.18697007298867407,-0.015463027585145589,0.1407072879603902,0.08600517324731995,-0.10534408734323493,0.15601603838256903,0.014974366257078068,0.01608887573667995,0.024029381127843145,-0.027010475698217157,-0.00342211864957408,0.0669674348333527,0.03906391879222506,-0.017776398416921725,-0.07808985022670221,0.029996031722438626,-0.25898814021835753,0.16431071373983142,0.13858224754443246,-0.04110329223806679,-0.01593193174553287,0.08218056514214518,0.08878153032620845,-0.13543053430921131,-0.02767002083905252,0.08190369167777983,0.15746256087365756,-0.030327448617867774,-0.10087628928972676,0.00821232994240139,-0.05938821744135958,0.11134475016162085,0.011400908640250434,0.1744459237967934,0.03966522619014766,0.09927231014955805
-1.3083378425312862,-0.051900622439960374,-1.0977708680464608,-0.10422492899540216,0.7926286467952607,-0.297125076526073,-0.39186488388895,0.11793793990577817,0.7687188186389865,-0.39120233327547266,-1.3188958042024006,-0.991580666121343,1.1860980572940572,-0.46569100888379616,2.394479234026873,-1.077197717863311,0.009197527419972184,0.9906050090919736,-1.0581367825336756,-0.18001981626854988,-0.14575071337389348,-0.2095847750040796,1.7403285076914556,-2.0094857610185803,-1.5474382980804928,1.0871475709465357,1.2705697763094888,-0.12260885807567484,1.8939667891273868,-1.5663311994900098,-1.6584917170734563,-0.3262109300559718,0.47664451562364146,0.4612973310921849,1.2048603180377078,1.8596464200391591,-0.7688059288027607,0.1957094735024063,-0.11792962907842806,-1.5743269943687332,-0.7230593701547973,-1.1725738697090407,1.1067217446622093,1.5261911120660274,-0.4807478351551907,2.1263922843525065,-1.2461833011712624,-1.9543009216841287,-1.2193054901810996,0.10953925399396065,-0.00878817201244545,-0.20474305938738158,0.9761302383968334,2.968040986916864,-1.181492401442671,0.036796447175710886
2.8721587211626565,1.4060097809230956,2.2759027502748843,-1.2411493041701605,-1.3062258921154817,1.1133893842045601,0.0547434941803739,-0.6623583049510547,-0.058325944251665277,0.7500633837274631,1.6582402187546357,1.5417422892456831,-2.30608049133084,0.15119776908779411,-2.3648709497433895,0.8441565953289946,0.07731062141223982,-1.0581367825336756,1.9733756646454799,0.5861612126772411,1.7861650688342334,0.16579244478854968,-0.8652453222925607,3.0996597544807036,0.86285752240064,-0.09322303343015385,-1.2532624662802805,0.5234874335063839,-2.1745220719219485,1.7133709646438662,2.2295295434369153,1.11620984447039,-0.28831098990608883,-0.8889779699881526,-1.927601115234042,-1.661126152094672,-1.3202279635719807,1.2095983556045076,1.0281429593202083,1.1730937080903194,0.7343260981406853,1.9892585136755947,-0.6759550757031217,-2.9798307235418204,0.2351500922830969,-1.7164957722039844,3.001735954515584,1.9001874326154797,0.6053862425881196,0.09105199846237287,-0.3285233056797835,1.342662241098449,-0.8270069783925407,-1.7946864075161382,1.8375289332532898,1.0808403194635674
0.940993121669637,0.6361322708717372,0.7291942557067768,-0.6040319255749432,-0.3595510826150479,0.4181726660315926,-0.11194723872390382,-0.2802901732123049,0.22252919036079225,0.23615252797083686,0.36062780560751134,0.3948170882702744,-0.6912994687301908,-0.08906931082476012,-0.3649860419016055,0.06065636969286841,0.026517502252888476,-0.18001981626854988,0.5861612126772411,0.22626840973302909,0.7912769711977526,0.021042817542112086,0.13066154757523435,0.8182816062214738,-0.08191625348076462,0.2775431460251949,-0.1804479918595708,0.2139247796682957,-0.43525784787564015,0.31562301271173154,0.5414382552781736,0.43091199683444714,0.006038453815054,-0.2809266647465641,-0.5181214699771491,-0.18442520260600317,-0.8514344801410132,0.6271405567931252,0.4346553243178213,0.049738042270039744,0.11669676413866512,0.5585321318539771,0.01797776702428607,-0.9159027042845463,-0.038770679593812855,-0.13235871432087087,1.0115504961862298,0.27087422599454236,-0.09522755607500105,0.08165966328099868,-0.15014858858273122,0.573490371293608,-0.0745943626416619,0.09608464610615187,0.49340097715041276,0.5258780597148794
3.070922124202206,2.6163240675880335,2.3335493893418,-2.656158408738396,-1.0168522402393725,1.677879970366475,-0.6468433909008118,-1.0950835414986022,1.3245908763357686,0.7287374120958394,0.6463974004675973,1.0867880423854548,-2.2570564796057284,-0.6284857099309336,0.007861148460292374,-0.4230640445709051,0.18697007298867407,-0.14575071337389348,1.7861650688342334,0.7912769711977526,3.2501912144611698,-0.05922698100424137,1.6697891489002865,2.192489600518101,-1.301924900031637,1.9102867050109047,0.009740436421631249,0.7485760282871468,-0.6033975256923374,0.310349255631591,1.1548970162746608,1.5742984250417955,0.34844997323479054,-0.8389208257032191,-1.4677661100203512,0.3132238517888507,-4.092305110093234,2.761971852228979,1.8480592025383538,-0.6928970221323049,0.03769693409941224,1.6576722011261258,0.8200623829838801,-2.905719238590744,-0.44688811469694045,0.7610382791761598,3.437134029991479,-0.05602812950980162,-1.1873857397135523,0.3664441039467289,-0.6855442325919016,2.246327074191212,0.2371430252590416,2.227637531400037,1.2984782655343698,2.1645439623026754
0.19634186630757702,-0.0871468744043,0.18013017604817902,0.10968679370681042,-0.13980485682322386,0.024388444723447908,0.09474851158225396,-0.006495988809550301,-0.21903569330209616,0.07702807576213008,0.2584234747722379,0.167849726270557,-0.1883705980515989,0.10348363659059934,-0.5430558172405716,0.25983620717019923,-0.015463027585145589,-0.2095847750040796,0.16579244478854968,0.021042817542112086,-0.05922698100424137,0.06418520770469197,-0.452891841468081,0.38117637890645834,0.3874708618965932,-0.32602239969152,-0.2752578704287331,-2.570946697235498e-4,-0.418892673756325,0.3412328207417235,0.35208476311776044,0.03985106421137666,-0.12878679553673797,-0.08362365226104095,-0.2238141102092522,-0.42514746953112426,0.3032641110264025,-0.1271170000877063,-0.023503119782959197,0.38437998689716435,0.16014797425638969,0.21403607547157344,-0.2853568848421029,-0.25623320223833607,0.13000527163941186,-0.49325010604041636,0.15915498242306703,0.4345038112945758,0.30999186936084183,-0.03839871122483498,0.022809545998166526,-0.012238445735185299,-0.22864359303578058,-0.7290916424569781,0.22309462605476474,-0.0748874292146571
-0.5800426136682858,1.509896508193149,-0.6504477742807961,-1.7996898242577073,0.8512615453010876,0.43598399297114543,-1.0965217128656242,-0.41566323613212147,2.2381961697310047,-0.31101163106329843,-2.0327116383272408,-1.154316534128958,0.834647589328901,-1.2070238406174345,4.470696219376528,-2.2675208636969413,0.1407072879603902,1.7403285076914556,-0.8652453222925607,0.13066154757523435,1.6697891489002865,-0.452891841468081,4.265111722959752,-2.41538775913896,-3.661365249682775,3.214234814768378,2.3532856353771985,0.22994988417481954,3.1811842026190376,-2.7270649344391242,-2.415950829186715,0.3153704461044451,1.1169605532900386,0.36327706912149493,1.359545319311563,3.646079503567143,-3.9032447464378426,2.0215526584421113,0.8775383034075038,-3.366635398916675,-1.318947258609799,-1.185906720451595,2.5742623605619244,1.0959737081770373,-1.1806521644575374,4.402098273150669,-0.22299295489144333,-3.6624770869700374,-2.9835923926437355,0.4285444199828768,-0.4260202502049469,0.9501020941915206,1.9646711944230053,6.85539362307953,-1.415512030893273,1.371696714280128
4.347903288779407,1.6270761877198578,3.509286715137381,-1.3506234859301223,-2.1358814725783284,1.5633792988660375,0.3753968162503801,-0.8782681227053561,-0.7196892245055707,1.195004473172251,2.9391238455425532,2.5559562251562356,-3.625158677668764,0.5269624906448931,-4.660674356580933,1.8512578452164283,0.08600517324731995,-2.0094857610185803,3.0996597544807036,0.8182816062214738,2.192489600518101,0.38117637890645834,-2.41538775913896,5.195825153907199,2.2485775037568145,-1.0094030313767086,-2.4621141048190744,0.677753871421165,-4.047762530642983,3.231882252283011,3.915544192545883,1.5661662342787577,-0.7298155912886176,-1.3944189072059137,-3.2041659911439035,-3.433111773226755,-0.8988715339975101,1.2392211265302204,1.3134746312265693,2.660605116992423,1.4291355814535514,3.2536290016629876,-1.680959450055958,-4.6755234103147645,0.6774747405928006,-3.6894333247342668,4.434996327276986,3.7681613719148377,1.6781733163968042,0.0017751696883575912,-0.38353372893604293,1.7219065376342955,-1.7604295978155526,-4.4682840754876185,3.06162956999854,1.199460606304967
0.6701268303958386,-1.1872017308350955,0.6883731081571364,1.438690515955492,-0.8075151759820486,-0.2916359998701809,0.9445110983228704,0.31495039793155655,-1.9100234270436562,0.3048870523178798,1.830773833481431,1.0893302276256203,-0.8691589911666985,1.0453943879090348,-3.9336824118771077,1.9746246316848137,-0.10534408734323493,-1.5474382980804928,0.86285752240064,-0.08191625348076462,-1.301924900031637,0.3874708618965932,-3.661365249682775,2.2485775037568145,3.161762475175348,-2.7149380679185846,-2.0807275553588225,-0.16954886706213443,-2.8287203791261475,2.4169419189232593,2.17783108758008,-0.20316167512862626,-0.9580799958556317,-0.35709602124263906,-1.279167444873421,-3.206750789220836,3.2170090681111723,-1.6374455638205037,-0.6708673682908602,2.9337210849669555,1.1671383086654576,1.1392569027966926,-2.2148324249438103,-1.121345734761517,1.0133210564583963,-3.8451962552540286,0.38321653490015894,3.229653066043383,2.5645887018065903,-0.362382948468282,0.336131531224212,-0.7282274878979149,-1.7238073692895262,-5.930570064748614,1.312206040963835,-1.1012932149287096
0.39978313213447225,1.664462852502432,0.16263142525772084,-1.8597077390662344,0.28793390098925753,0.717863689977785,-0.8574122559984457,-0.5355644967781694,1.788879003616552,-0.029150273985354632,-1.1475589825462547,-0.44797339601385394,-0.05164387289457781,-0.9234568051383987,2.9214828937870636,-1.5893049612236527,0.15601603838256903,1.0871475709465357,-0.09322303343015385,0.2775431460251949,1.9102867050109047,-0.32602239969152,3.214234814768378,-1.0094030313767086,-2.7149380679185846,2.6082274095537517,1.5206235391576355,0.33680236930015117,1.9340102529828056,-1.6989885453737668,-1.3032790424770981,0.5879386156810661,0.8286518440084709,0.034538738595558546,0.502017427272375,2.4421268888699874,-3.591414321915579,2.0198769607385323,1.0488822282786177,-2.3655561261702687,-0.8490486080388805,-0.34678106980212137,1.9013500660014284,-0.025695557799576992,-0.886903697957459,3.050298433351901,0.7405500967171663,-2.387625201264118,-2.247061697939202,0.36950167565110126,-0.45901645132804186,1.1775478833457493,1.3333363116207344,5.019675441276361,-0.5910423833338734,1.436370671767766
-1.491746076602721,0.10049295460272181,-1.2718517993186655,-0.29371064780801404,0.9608432427852986,-0.2966603350896875,-0.5533408477532957,0.08526443990690169,1.0872764000339388,-0.46092699691049105,-1.6560222046152755,-1.217023168236833,1.402777439419382,-0.6405427570591239,3.0921319681628483,-1.4185182174121715,0.014974366257078068,1.2705697763094888,-1.2532624662802805,-0.1804479918595708,0.009740436421631249,-0.2752578704287331,2.3532856353771985,-2.4621141048190744,-2.0807275553588225,1.5206235391576355,1.6453185481888235,-0.1037052653382745,2.4065745921877513,-2.0016400542240866,-2.0634154863057477,-0.3214301974278098,0.6372721217364228,0.538728361016714,1.4736973380129392,2.4316003525440637,-1.2459425695882498,0.42232392656437495,-0.05179066517344265,-2.0910081520164603,-0.9304732680289096,-1.4165601821869342,1.4779062741289053,1.7935595273553855,-0.6541566397362508,2.7964776463096532,-1.3904222661174417,-2.5338762688154612,-1.6473772457488558,0.16957199340436133,-0.0464746929964097,-0.12406588934244771,1.284725569178538,3.978920069245544,-1.4440324179447033,0.18997408487648873
0.8539591845281314,0.6331562557095505,0.6475013575751261,-0.5837273103755126,-0.30789421750630497,0.3559468237687382,-0.13585418392339,-0.25621089715670853,0.28398395461669196,0.20070167686355844,0.2976766123098234,0.3320863127000504,-0.588479010211051,-0.1039296874898017,-0.2208398054073264,-0.006011883635331983,0.01608887573667995,-0.12260885807567484,0.5234874335063839,0.2139247796682957,0.7485760282871468,-2.570946697235498e-4,0.22994988417481954,0.677753871421165,-0.16954886706213443,0.33680236930015117,-0.1037052653382745,0.21919237085925639,-0.31322554602212055,0.22391056820967303,0.4365447247545008,0.39506192823363784,0.03707208314073577,-0.25290606583649405,-0.42297861398595726,-0.05730249536747955,-0.8670965367621388,0.6161278354524975,0.38736584603899504,-0.06912532575740166,0.07378451577550367,0.4643446579995701,0.07960170527223541,-0.795926885606845,-0.07672951079186337,-0.009144693347273577,0.928816104173311,0.14761184849464587,-0.15735759632467713,0.09675030532813249,-0.134084210169913,0.5422688489504192,-8.827439034949497e-4,0.2671597329508511,0.4185111914309722,0.5267034602821272
-2.807594048280701,-0.33290567523380665,-2.3389337584979133,0.043744231707312224,1.603418597065332,-0.7225288948824052,-0.6542226777432344,0.35311185225091885,1.3308427708395196,-0.8374228915569084,-2.566503838848282,-1.961611790867024,2.45720812095211,-0.7943882632895127,4.588497199800947,-2.0246796670229013,0.024029381127843145,1.8939667891273868,-2.1745220719219485,-0.43525784787564015,-0.6033975256923374,-0.418892673756325,3.1811842026190376,-4.047762530642983,-2.8287203791261475,1.9340102529828056,2.4065745921877513,-0.31322554602212055,3.702926259195549,-3.027601559703309,-3.3188941517280193,-0.8046985687965684,0.8960810787804846,0.9812659453553916,2.4328780680914264,3.5058604805526805,-1.0813317364979003,0.10372311136872454,-0.39629919042540696,-2.9369233846988303,-1.385136279471032,-2.39767414723551,2.0595796346117323,3.20188665594107,-0.8819838428859492,3.9751598785992655,-2.702281352551149,-3.713261559913503,-2.2172901252921307,0.16925156348785508,0.04011747189372609,-0.6309019074197144,1.8331475607145427,5.438102284189358,-2.3858029632351996,-0.1533063201029609
2.156934150859338,0.1410249501241597,1.8059564099787717,0.11300881296756989,-1.2760381602588318,0.49564749712387973,0.5854012382137731,-0.22173481085529614,-1.1707783416728674,0.6465177938472318,2.1036014960149805,1.5768642759815918,-1.9108128904002568,0.7049822102002038,-3.8025318047646715,1.6987769499443677,-0.027010475698217157,-1.5663311994900098,1.7133709646438662,0.31562301271173154,0.310349255631591,0.3412328207417235,-2.7270649344391242,3.231882252283011,2.4169419189232593,-1.6989885453737668,-2.0016400542240866,0.22391056820967303,-3.027601559703309,2.494317043420096,2.677533972237692,0.5682675750420026,-0.7566352338868202,-0.7637755190947458,-1.9344412537857139,-2.9220402339228513,1.1272672288101304,-0.24292689492291902,0.21688781434859486,2.4654107708863164,1.145441745222482,1.8893727643402134,-1.7484430290964352,-2.486359073866227,0.7515119777118043,-3.342694640168757,2.0555887133810704,3.0851794359825178,1.9066335435824682,-0.15729127047401467,0.006445180052092328,0.39075314382391513,-1.5297787868815875,-4.637151093435606,1.9081554841102164,0.007007087905973376
3.04160415420368,0.8101718776770522,2.483676447268247,-0.5473088060695304,-1.5811222635376525,0.9208911441311107,0.417978887603193,-0.5214319336404903,-0.8600078455676401,0.8680848501294983,2.351376643487177,1.892073683592815,-2.536382892848505,0.5532937252416604,-3.9603063905398472,1.6610563034877714,-0.00342211864957408,-1.6584917170734563,2.2295295434369153,0.5414382552781736,1.1548970162746608,0.35208476311776044,-2.415950829186715,3.915544192545883,2.17783108758008,-1.3032790424770981,-2.0634154863057477,0.4365447247545008,-3.3188941517280193,2.677533972237692,3.108162412293536,1.011932130605891,-0.7081345702045535,-1.024482810155881,-2.370402987394145,-2.937280195554923,0.13185637426369134,0.45283683916415257,0.6777291174471737,2.3676384945298534,1.2020527303274537,2.381008496420726,-1.6242483995281474,-3.3274323866798676,0.6645395930353716,-3.2701102760469065,3.015890345521622,3.177838838259947,1.6813871724342593,-0.06167011733344144,-0.15493153939187654,0.9935338926519468,-1.514681378945421,-4.234336152166309,2.3185567297224465,0.577150912120396
1.808140384986567,1.24145858121568,1.402326909801266,-1.2134678838938848,-0.686019860579134,0.8544189570005837,-0.22194616967627237,-0.5584077014045875,0.4334349390111983,0.45744399116603146,0.6535948629214415,0.754790615488996,-1.3588106502803727,-0.1901181138387242,-0.6431806204811197,0.09089409362303522,0.0669674348333527,-0.3262109300559718,1.11620984447039,0.43091199683444714,1.5742984250417955,0.03985106421137666,0.3153704461044451,1.5661662342787577,-0.20316167512862626,0.5879386156810661,-0.3214301974278098,0.39506192823363784,-0.8046985687965684,0.5682675750420026,1.011932130605891,0.8460557344079049,0.02726424317969985,-0.5320261295321029,-1.0017221358786765,-0.3321753591569719,-1.7195779146488026,1.2506005575088663,0.8887821166546944,0.08061698857481177,0.21145046056624922,1.0892430114339646,0.0771681829454764,-1.777918528613272,-0.0829746795375662,-0.19920543298302656,1.9517545523584703,0.4826662019267995,-0.2325520190900764,0.14976711273995857,-0.3107870317391276,1.1261898239940404,-0.13730112729484564,0.2727427831250115,0.930065996947774,1.0240911078335337
-0.26029231623105303,0.33395530825325737,-0.2575100250268447,-0.41000906435531664,0.26277422081184293,0.06651727701853982,-0.27001437008155554,-0.07207815864671947,0.566600655965869,-0.11409711613079333,-0.571533004352401,-0.33982188245576367,0.293437192143849,-0.299699747457633,1.2256185210315107,-0.6081858269622084,0.03906391879222506,0.47664451562364146,-0.28831098990608883,0.006038453815054,0.34844997323479054,-0.12878679553673797,1.1169605532900386,-0.7298155912886176,-0.9580799958556317,0.8286518440084709,0.6372721217364228,0.03707208314073577,0.8960810787804846,-0.7566352338868202,-0.7081345702045535,0.02726424317969985,0.2994972017775132,0.1314921556323177,0.4160846464094408,0.9818541501865978,-0.937220919376975,0.46245874627372635,0.18192641327400152,-0.8971552708538824,-0.36157235314471553,-0.3767454369849273,0.6839781428681667,0.3946077646690989,-0.31041434965027875,1.1746700366479101,-0.16832441851199154,-0.9950736343288057,-0.777814809974626,0.10416452543818812,-0.09669161537379006,0.18085262203104116,0.5270841571800552,1.7971094529268477,-0.42954504905151597,0.3013305102143952
-1.3237444703760737,-0.6544672953276633,-1.0479324171771724,0.5756743112313343,0.5860742945612991,-0.4987181607997812,0.007805639966138508,0.31864337212030713,-0.010377712706980518,-0.35093297745561347,-0.7380801449017604,-0.6734193680158266,1.0270307010811912,-0.038710285716644394,1.0495753175347078,-0.3678523038868228,-0.017776398416921725,0.4612973310921849,-0.8889779699881526,-0.2809266647465641,-0.8389208257032191,-0.08362365226104095,0.36327706912149493,-1.3944189072059137,-0.35709602124263906,0.034538738595558546,0.538728361016714,-0.25290606583649405,0.9812659453553916,-0.7637755190947458,-1.024482810155881,-0.5320261295321029,0.1314921556323177,0.4181683192051148,0.8593201597130593,0.7090379264354951,0.6388923135261818,-0.5757598227802392,-0.46577047182064774,-0.4917959712587362,-0.3242460928452782,-0.8949687572552019,0.29962828579576434,1.3567851753298983,-0.09591466960509135,0.7346997773537884,-1.3739397510393132,-0.8234687582846411,-0.2506582490104521,-0.052852958611552744,0.1447157664134936,-0.6385405876449824,0.34828471307739467,0.7413479529757641,-0.8325657266391454,-0.5235321059857838
-2.7210195911149366,-1.0857804988254276,-2.1974829321364564,0.9436075450544996,1.3214898784921152,-1.044094729365503,-0.20816259233120263,0.575716068010698,0.38907104465278547,-0.7464737841906619,-1.7683953586560055,-1.5838223004746228,2.2897586113272363,-0.28674393779240004,2.7711560096509635,-1.083379427877626,-0.07808985022670221,1.2048603180377078,-1.927601115234042,-0.5181214699771491,-1.4677661100203512,-0.2238141102092522,1.359545319311563,-3.2041659911439035,-1.279167444873421,0.502017427272375,1.4736973380129392,-0.42297861398595726,2.4328780680914264,-1.9344412537857139,-2.370402987394145,-1.0017221358786765,0.4160846464094408,0.8593201597130593,1.9949501186376632,2.050018654142349,0.734809368910808,-0.8734066231562434,-0.8981579616340136,-1.578786758137235,-0.8508231466549718,-2.0269506374513706,0.9547212749642184,2.9281383511565062,-0.39155264458898925,2.166277345526232,-2.7953116969854945,-2.2533674476599033,-0.9395905257740393,-0.008042167615428303,0.2758933571731813,-1.1292645233036436,1.0549650259446346,2.568039177660981,-1.8817725349822783,-0.8014816033362376
-1.8927370870476152,0.42593534434411756,-1.6528094002040936,-0.6807938535389321,1.317370943551013,-0.3161419984153946,-0.8845784063392532,0.03366997587633083,1.7661256034096342,-0.6198438948030992,-2.3581197814054304,-1.6860969985031364,1.8747842792035985,-0.9958942846342453,4.5709177588586,-2.144246480833318,0.029996031722438626,1.8596464200391591,-1.661126152094672,-0.18442520260600317,0.3132238517888507,-0.42514746953112426,3.646079503567143,-3.433111773226755,-3.206750789220836,2.4421268888699874,2.4316003525440637,-0.05730249536747955,3.5058604805526805,-2.9220402339228513,-2.937280195554923,-0.3321753591569719,0.9818541501865978,0.7090379264354951,2.050018654142349,3.6460132435265713,-2.2326895008479064,0.8870158793239487,0.06824556480429754,-3.1930772776098717,-1.371889917914114,-1.9507297204331697,2.2647581159705705,2.3816006788159974,-1.02443167118068,4.206446835086713,-1.7027157435525064,-3.7560175221583014,-2.5451543270142882,0.300491314647974,-0.1213380122060659,0.029290546546828226,1.9420718946449667,6.104257381008314,-2.0006340090091186,0.5066521307939429
