V1,V2,V3,V4,V5,V6,V7,V8,V9,V10,V11,V12,V13,V14,V15,V16,V17,V18,V19,V20,V21,V22,V23,V24,V25,V26,V27,V28,V29,V30,V31,V32,V33,V34,V35,V36,V37,V38,V39,V40,V41,V42,V43,V44,V45,V46,V47,V48,V49,V50,V51,V52,V53,V54,V55,V56
666.0763267241642,377.8612955716614,189.41844081827318,-462.8356561102198,194.86437326092963,216.83679568876838,-490.01152003923187,-433.6223107687338,129.1084515616517,251.92244641538846,-970.0097946940042,868.1819162319011,682.2976859376029,-109.19913136672189,494.5001912232631,-64.8318078266847,-531.347928258093,-228.3782803677889,403.713748784972,240.4905765388811,590.766879108849,211.12757977274552,-191.88358337839682,98.30063289161994,-608.3936324454828,702.9824042616534,-194.11219544198653,-290.8991171463691,269.6005618343571,556.7596964770754,-653.8278852591012,-292.46713648663103,87.29487737337475,232.73427721134695,-645.0977047165406,494.57318484683,-707.18367043018,-411.1477001849842,-407.75515005219046,-409.4775200416291,-206.56699112336617,561.8839689628243,-249.15517989294008,-527.8091531273884,736.0598844746103,-103.73865487724565,393.10778011551866,111.27259156206094,167.11368336784577,1064.3282157243473,402.19717012090166,230.2685540976467,1198.5788714872474,707.3661110932802,-283.65865215683704,271.700693646403
377.8612955716614,215.84019376286707,107.12528765874681,-263.1533982187462,110.90237268082421,124.50624432351772,-279.39952209673555,-246.18360882347397,75.63907957305142,143.32825709909878,-553.6772906246737,492.9776286255897,388.5138512137348,-61.734486967704854,281.4906743376377,-36.94206008019681,-301.98874813202605,-129.41036721782078,229.99730967216368,137.77400670593133,337.2149647563325,120.01294227882165,-108.95257381570848,55.40629075279354,-346.7659109101465,399.38942871492566,-111.86632380133732,-167.00692502652058,153.82321428464243,316.2277264939279,-373.62424018416766,-166.3816677496925,48.94912067307021,132.99074197855646,-368.11195080763,282.94679940576424,-401.5213672760274,-235.17141885399326,-233.52465950055637,-233.33085413861372,-118.23603287557161,318.765034274269,-141.0621524651685,-300.87008347628716,419.23402806891477,-58.73745088195929,224.65528604215075,64.1182627626975,93.49666416823256,605.999235913163,228.39369375486137,130.583261909499,681.55266601181,402.587140038361,-161.97304100006008,156.05454425149634
189.41844081827318,107.12528765874681,53.94072072376057,-131.48946085239547,55.33577434946336,61.32998543744644,-139.03254240862168,-123.27042246276764,36.18070449251968,71.54912347014586,-275.0927838694083,246.78993179231307,193.70765210851695,-31.101681868085358,140.41066791930442,-18.400441798142165,-150.9799989421795,-64.97898097182724,114.59077968730293,68.09019470677855,167.53857449434335,59.986274110535135,-54.54595986668528,28.034890919261976,-172.65142547310808,199.7818757138746,-54.81143646658139,-82.28323678419716,76.4723740543553,158.2460833396917,-185.32964291121544,-83.06748423845856,24.952663380313098,65.97001347171293,-182.9722462038209,140.1154441121181,-201.03265487687554,-116.49140324563218,-115.46445832987173,-116.21562897009153,-58.50867677546488,159.78568828871053,-70.91764703624703,-149.775073859232,208.94722266148943,-29.526336707310808,111.42410100819362,31.42174113046205,47.815206099661545,302.17915328828644,114.3254087284567,65.49424317062362,340.4929244824209,200.86974212620473,-80.43125940149137,76.83749874607935
-462.8356561102198,-263.1533982187462,-131.48946085239547,321.84475401811824,-135.54718214154585,-151.26827488277175,341.05823553517763,301.387095222516,-90.6669343616515,-175.21794726665513,675.381117988338,-603.4569436270862,-474.68465108282,75.79424234994674,-343.9961225909566,45.11468936395458,369.4391307736427,158.63432773914988,-280.91515986582795,-167.64458056437311,-411.3317594295873,-146.80201109056253,133.37291735702004,-68.1630038541572,423.4016291973235,-488.71588853922043,135.5778803571566,202.9250724681534,-187.68736243722518,-387.0266931604116,455.40356445771897,203.41218768488605,-60.430611790388106,-162.1025203179056,449.1144688458227,-344.6099312763334,491.5352146005082,286.46167936087426,284.2148029440006,284.9456845627994,143.95567913889082,-390.4402586470049,173.01786533859294,367.33403919467156,-512.1302800394918,72.03966196297974,-273.81401173230057,-77.71530823976879,-115.60255090364697,-740.4485992734424,-279.5656128826282,-159.9878796959308,-833.493984258329,-492.0450517604094,197.52531303805762,-189.560544069097
194.86437326092963,110.90237268082421,55.33577434946336,-135.54718214154585,57.094775316067015,63.79735163227332,-143.69762482720392,-126.90505623377118,38.34880383587217,73.8009778278809,-284.6001953663884,254.10322376584193,199.95948036958578,-31.895406876316255,144.9009039158497,-19.006305227938213,-155.58340423280845,-66.77772989473593,118.34323703824909,70.68099243659879,173.33265692420918,61.824683189734714,-56.16032289213172,28.671908798034135,-178.38140295643132,205.8040238817412,-57.2096712611271,-85.5815950597359,79.08534911194612,162.9751092706823,-191.93423575457123,-85.67539945554736,25.40055190707636,68.3194086901208,-189.24536937594902,145.26311859498594,-206.97250550358405,-120.74858679530578,-119.82307783870947,-120.04474162475972,-60.68581507682641,164.3850893272356,-72.82363275146842,-154.76217030721278,215.74117270425714,-30.322047211734038,115.40277189469951,32.79289650504987,48.57542531237163,311.9079950991367,117.7204161631453,67.35509356480944,351.0377758573831,207.257815234247,-83.2400736051231,79.95037614518705
216.83679568876838,124.50624432351772,61.32998543744644,-151.26827488277175,63.79735163227332,72.100485117629,-160.95285786430946,-141.35706176481906,44.450437651366585,82.42973909592068,-319.2099627432365,283.0986875980376,223.58212618429235,-35.33353234958398,161.95413681687975,-21.270568168663697,-173.54046456152832,-74.19814797628278,132.40882715976818,79.64844958121601,194.41718316445542,68.97496662672792,-62.56556728458936,31.638484031864834,-199.70255478555634,229.44860859564554,-64.95663458642677,-96.70124748582721,88.65577996477155,181.6344525039615,-215.58736653646113,-95.68217095622822,27.8398724141075,76.73635541850872,-212.18000580229923,163.40658933356485,-230.56246278284786,-135.7950348672421,-134.97134342397246,-134.34953399544716,-68.30872519473199,182.92925519254888,-80.82575841846285,-173.28601906041922,241.30732332522945,-33.65725788547472,129.6372623769801,37.22769647712388,53.084125789866306,348.7185128078459,131.16450922525718,74.91515896580526,391.8107916181603,231.59367954688204,-93.40845258305657,90.38965329197944
-490.01152003923187,-279.39952209673555,-139.03254240862168,341.05823553517763,-143.69762482720392,-160.95285786430946,361.8451711307312,319.1865868126472,-97.27621415425729,-185.7279031856522,716.8587139510777,-639.1380331926314,-503.33416270226724,80.13000198462532,-364.7109784882903,47.85126431207489,391.4306856606774,167.8694632450299,-297.9314359273076,-178.20966811544224,-436.5976138062326,-155.55112335954175,141.25678594194198,-71.9727533817043,449.1355254787275,-517.7287052082933,144.47594171657875,215.90309160816494,-199.17997454452365,-409.9558948428101,483.5974532697142,215.6060699600167,-63.67150606798577,-172.1364422671742,476.638865465486,-366.11968572603126,520.5786383840526,304.31671928863244,302.0871405490996,302.23264994368174,152.9723661518403,-413.37148994561596,183.02521384263224,389.6785541996895,-543.0970647974408,76.2089421608091,-290.7748727171476,-82.81164612875355,-121.68969548942538,-785.1111435000447,-296.10381949114765,-169.35657672347693,-883.2946220202983,-521.6346475872311,209.68909045856176,-201.7210571934491
-433.6223107687338,-246.18360882347397,-123.27042246276764,301.387095222516,-126.90505623377118,-141.35706176481906,319.1865868126472,282.3174813478512,-84.36174380289488,-164.05762787211432,631.9267075883489,-565.2553057618126,-444.3707570540077,71.06206223107814,-322.04948488065935,42.22738780199864,345.9853035527118,148.65729934840252,-262.947985239852,-156.73628286048705,-384.86469412195845,-137.47742041147342,124.93090751478981,-63.94812479760906,396.2817160680682,-457.7253290580688,126.59567408368255,189.63525751435145,-175.62693068342654,-362.50565108697543,426.00012034219327,190.45961124913924,-56.755475513535124,-151.6370395482785,420.24414725363636,-322.28052887619424,460.4277242695053,267.9116760342415,265.73917373413155,266.7084494915509,134.61369115586405,-365.79355373890144,162.1657643450047,343.79672815444,-479.3991425847332,67.5201689461106,-256.1307418834158,-72.56849897528868,-108.6232893962962,-693.1750518416155,-261.8642036742679,-149.90106435342986,-780.4949853676075,-460.67142651119985,184.80141210231264,-177.12910781560225
129.1084515616517,75.63907957305142,36.18070449251968,-90.6669343616515,38.34880383587217,44.450437651366585,-97.27621415425729,-84.36174380289488,28.90274116606107,49.50117447965975,-193.51557243386344,169.03256832008137,134.5991341870599,-20.821269309876012,97.40966786760612,-12.830920971985819,-103.89614450280403,-44.02917718302577,79.82732745544956,48.79141727526289,117.86992949665454,41.31440658264231,-37.352274033844296,18.472912560222134,-120.5610479277843,137.2188142867967,-40.45273405395274,-59.591912822775335,53.682106598164786,108.5357236952117,-131.1209855938249,-57.4454218483813,15.994229635850413,46.66799836647873,-128.52279983641512,99.71286080516856,-137.62666905374581,-82.81611696031672,-82.60829756682675,-81.047820029803745,-41.74145761344939,108.93099047965431,-47.8382823788976,-104.64856053366347,145.37775987580412,-19.92518608204689,78.86312088519136,23.17630475376585,30.27984989379063,209.88169505266495,78.33093584323679,44.558174941866554,234.92316929571734,139.2188954191481,-56.68934416034982,55.77158410891408
251.92244641538846,143.32825709909878,71.54912347014586,-175.21794726665513,73.8009778278809,82.42973909592068,-185.7279031856522,-164.05762787211432,49.50117447965975,95.39775769798891,-367.82526251485683,328.4919271830355,258.4632793720642,-41.24153189188154,187.29854572700341,-24.566284668602712,-201.1214953762347,-86.33585827631654,152.96385658762316,91.33400385523265,224.01932171839417,79.91993933635439,-72.60124397551347,37.07855856273139,-230.56073301985307,266.04626102061616,-73.90539776962383,-110.57736935317384,102.21401578911575,210.6833654334044,-248.0481006001274,-110.74710904844204,32.85652221123225,88.293426399202,-244.5894988303133,187.7218575126824,-267.56509125769657,-156.04314663034307,-154.8376476290833,-155.16182146649774,-78.42162312020727,212.51820621737028,-94.1563468458742,-200.03190504889994,278.85893803538414,-39.20424495485442,149.14142124147742,42.36320108743985,62.840482110836106,403.1672708730993,152.18254775134642,87.0787769233951,453.77376016696405,267.9031674934104,-107.57992103634783,103.2990417156803
-970.0097946940042,-553.6772906246737,-275.0927838694083,675.381117988338,-284.6001953663884,-319.2099627432365,716.8587139510777,631.9267075883489,-193.51557243386344,-367.82526251485683,1420.416369918931,-1265.399104302041,-996.9586040787559,158.5380209646921,-722.3515286514194,94.78956551833174,775.0836824241129,332.25036478296664,-590.160467111691,-353.31132640970173,-865.0970949707711,-308.0194563324859,279.66577167540515,-142.33194748866546,889.738852524477,-1025.1122501152502,286.693034540629,428.1804824342519,-394.63902922735,-811.6856069211392,958.3890254991779,426.9917197769888,-125.81480147397691,-341.1371290233781,944.3915281124595,-725.7019087171074,1030.6543847429998,603.180446153554,598.8770940978463,598.700640690777,303.23634073199503,-818.3004452747058,362.1986342780736,771.9686063380348,-1075.7595764450443,150.8155953044389,-576.2619811261474,-164.32537245875628,-240.37462843526865,-1555.0567846797123,-586.2477819842472,-335.233859687899,-1749.1766622938785,-1033.1267346537848,415.51183759377153,-400.0819016956348
868.1819162319011,492.9776286255897,246.78993179231307,-603.4569436270862,254.10322376584193,283.0986875980376,-639.1380331926314,-565.2553057618126,169.03256832008137,328.4919271830355,-1265.399104302041,1131.7570493189598,889.7788549755375,-142.26655196962093,644.8460616752443,-84.55476932468932,-692.7479287834007,-297.6282184317944,526.515739219961,313.88240874388777,770.6711321760966,275.26463557551995,-250.13706667335796,128.01536905093732,-793.5062373548016,916.4713238689526,-253.55747938115977,-379.78512865834625,351.6800786373778,725.8151091372999,-853.0644429271501,-381.3557303381013,113.60334808052593,303.6526754091392,-841.5104516404092,645.3835703292452,-921.8687326972413,-536.5046243884691,-532.1695981429341,-534.0482959000179,-269.574141023664,732.3783882456313,-324.6672382494249,-688.4132775363183,959.9230622865817,-135.18017976905577,512.9025307896278,145.34636506998788,217.41234711885062,1387.9654195383953,524.3065458457286,300.1237735543341,1562.7621149617548,922.4076216844009,-370.0580681947734,354.74272747207965
682.2976859376029,388.5138512137348,193.70765210851695,-474.68465108282,199.95948036958578,223.58212618429235,-503.33416270226724,-444.3707570540077,134.5991341870599,258.4632793720642,-996.9586040787559,889.7788549755375,700.3344883501801,-111.64972135376826,507.48628606940923,-66.57074039373605,-544.8344261075902,-233.79583548096178,414.4981094327054,247.66444401737346,607.187316554942,216.50573726079955,-196.65258725283724,100.34270956573498,-624.8043160711821,720.6815187462993,-200.55057993624516,-299.92367419544763,277.0283689646579,570.6920608681032,-672.4061140923336,-300.0470763293343,88.86011947641902,239.34401126237154,-662.9148299522633,508.94670155918743,-724.7391400063849,-423.0500176504809,-419.8470677089513,-420.4648292437648,-212.62779980996345,575.5792016538865,-254.94662873316602,-542.0802718157843,755.6223619476195,-106.15415594161658,404.2946251691461,114.9555646397108,169.90509552940276,1092.4142202728751,412.21687739137707,235.8305765385077,1229.3405827982451,725.8684897689865,-291.59951446720106,280.1979625943659
-109.19913136672189,-61.734486967704854,-31.101681868085358,75.79424234994674,-31.895406876316255,-35.33353234958398,80.13000198462532,71.06206223107814,-20.821269309876012,-41.24153189188154,158.5380209646921,-142.26655196962093,-111.64972135376826,17.933397649619923,-80.93142295981193,10.605304670287163,87.03082305470484,37.46242816614654,-66.04627580203717,-39.23318542277122,-96.55362904473552,-34.57821499994445,31.444012896889777,-16.167434470053387,99.50813787565347,-115.16441742612355,31.57177538945971,47.40564899443349,-44.072594402272465,-91.22251145256082,106.8005137407404,47.88107480083156,-14.39396971056988,-38.01674235036551,105.44981497837182,-80.73970862524219,115.8894558268726,67.12723168043975,66.53108136043646,66.98206017061992,33.71402194059207,-92.11579573457328,40.88808876973744,86.32274529713922,-120.43180483882243,17.02344168526488,-64.2103977834891,-18.099228646286573,-27.58547130471618,-174.1714122839763,-65.90470570920763,-37.757884470957094,-196.26834214833522,-115.78084258244462,46.35201622753617,-44.26714061418051
494.5001912232631,281.4906743376377,140.41066791930442,-343.9961225909566,144.9009039158497,161.95413681687975,-364.7109784882903,-322.04948488065935,97.40966786760612,187.29854572700341,-722.3515286514194,644.8460616752443,507.48628606940923,-80.93142295981193,367.74740160063885,-48.237888789679694,-394.8397215433351,-169.4540172160888,300.3528148903371,179.41678541213315,439.94015802643935,156.89978542439945,-142.5196269311149,72.74555596071227,-452.73465763071414,522.2842418877227,-145.24691546217147,-217.25435699841765,200.72605624669316,413.5905618708513,-487.17023327934544,-217.4334384675172,64.43591804793083,173.40931119734398,-480.3248856385949,368.721678575349,-525.2397926036759,-306.4942200275494,-304.1561705288794,-304.67341505537667,-154.04098427612684,417.1544615064752,-184.79125207558488,-392.79065257063417,547.5436008604504,-76.94293104531688,292.9177281814303,83.25603652271744,123.21717773867738,791.6039993730191,298.74354276897,170.9227587214045,890.8784819377403,526.0010856033933,-211.27657043159508,202.96153507799986
-64.8318078266847,-36.94206008019681,-18.400441798142165,45.11468936395458,-19.006305227938213,-21.270568168663697,47.85126431207489,42.22738780199864,-12.830920971985819,-24.566284668602712,94.78956551833174,-84.55476932468932,-66.57074039373605,10.605304670287163,-48.237888789679694,6.328415524795067,51.77976871890798,22.21266986349576,-39.40237561294938,-23.556221207936773,-57.73080360074082,-20.576413332651587,18.68763680187605,-9.528330081147423,59.39706542446981,-68.48929778225488,19.086476083244232,28.53284267886712,-26.338433998277893,-54.23373373821475,63.938632081895044,28.51854349950176,-8.433551532240365,-22.75897208027835,63.027206026996204,-48.40107727071931,68.87048721729036,40.23157465984219,39.93200251603749,39.97043355060165,20.22210718193002,-54.69163600664638,24.22009492606363,51.53340545056655,-71.82801107787037,10.084728569490483,-38.444521247012815,-10.940197721937498,-16.12182612371793,-103.83911035772132,-39.1727644635118,-22.407836875941467,-116.83948784219271,-68.99447684178215,27.72594296026488,-26.657610309630716
-531.347928258093,-301.98874813202605,-150.9799989421795,369.4391307736427,-155.58340423280845,-173.54046456152832,391.4306856606774,345.9853035527118,-103.89614450280403,-201.1214953762347,775.0836824241129,-692.7479287834007,-544.8344261075902,87.03082305470484,-394.8397215433351,51.77976871890798,424.0817180428747,182.12818703338087,-322.42047212928304,-192.352773639138,-472.0538343265035,-168.51324492308603,153.10805324029252,-78.28200800117331,485.94623186305967,-561.0119238858675,155.50708943311813,232.80476848837702,-215.39970438712905,-444.28670157096894,522.5980638551962,233.48514829114544,-69.42173631291351,-186.02091362284432,515.4232051227328,-395.43071650368177,564.2685634429486,328.71123156579523,326.109509042771,327.0423146571715,165.1805901741741,-448.2350477825439,198.65173737007464,421.5933135565638,-587.8053918474466,82.71267397937724,-314.21374553853354,-89.13969220863608,-132.81937336617213,-849.8776613165961,-320.93060996105896,-183.67421228473847,-956.7451120839962,-564.7766577249962,226.67996926142604,-217.4668413864867
-228.3782803677889,-129.41036721782078,-64.97898097182724,158.63432773914988,-66.77772989473593,-74.19814797628278,167.8694632450299,148.65729934840252,-44.02917718302577,-86.33585827631654,332.25036478296664,-297.6282184317944,-233.79583548096178,37.46242816614654,-169.4540172160888,22.21266986349576,182.12818703338087,78.31908339641838,-138.32485555868632,-82.32340529795884,-202.35009492089148,-72.36556420075655,65.78149844374978,-33.74012309153547,208.43839696762703,-240.97342326769925,66.3816212383635,99.54376356703581,-92.35057673604297,-190.85876923604005,223.90900626995298,100.23205465232753,-29.98791401732083,-79.7022351802823,220.97131661235684,-169.3383233693663,242.4389679864268,140.77862924549714,139.58770280998502,140.29483909292964,70.72116249252704,-192.65258815262052,85.45630172676053,180.82654599656337,-252.2073705440196,35.58028290792355,-134.62147419521952,-38.053286155985205,-57.42831344998826,-364.70744286646953,-137.87885811633157,-78.95707956909888,-410.7983613012355,-242.4057266614599,97.15346844631459,-92.96715077206416
403.713748784972,229.99730967216368,114.59077968730293,-280.91515986582795,118.34323703824909,132.40882715976818,-297.9314359273076,-262.947985239852,79.82732745544956,152.96385658762316,-590.160467111691,526.515739219961,414.4981094327054,-66.04627580203717,300.3528148903371,-39.40237561294938,-322.42047212928304,-138.32485555868632,245.33283536683064,146.64644003507232,359.4319222906779,128.12444043785433,-116.36654771973289,59.34489589724743,-369.821128336048,426.47125155493177,-118.80043240497673,-177.61730516534146,163.985111641123,337.7065697416083,-398.0703708043643,-177.57309110486554,52.53388876197315,141.6935095083581,-392.41136786139026,301.32616654089753,-428.85256805504144,-250.46692125169685,-248.59324924422705,-248.86811562958084,-125.8926041359216,340.56955058849326,-150.82932802800767,-320.85927345697263,447.22895148644056,-62.80243766608273,239.34738112583585,68.09579961378617,100.43132433794186,646.5494811591008,243.92546878816268,139.5367510853885,727.5217661122367,429.59520825070206,-172.6202920485854,165.94101875864587
240.4905765388811,137.77400670593133,68.09019470677855,-167.64458056437311,70.68099243659879,79.64844958121601,-178.20966811544224,-156.73628286048705,48.79141727526289,91.33400385523265,-353.31132640970173,313.88240874388777,247.66444401737346,-39.23318542277122,179.41678541213315,-23.556221207936773,-192.352773639138,-82.32340529795884,146.64644003507232,88.05191788752606,215.18507903816507,76.44812361689681,-69.36964572840117,35.16579642215177,-221.14208235782561,254.35264945715144,-71.67204963523739,-106.83005732034606,98.14020464783536,201.36726276520804,-238.53047010633364,-106.02082286832047,30.99829531895427,84.90344034658143,-234.86976891991273,180.7280045049648,-255.64139508480184,-150.1992011260086,-149.22680442897186,-148.78541213977672,-75.53730508318255,202.88181807834377,-89.70253082058593,-191.88241512890087,267.27627036435746,-37.35271533042303,143.4296498853826,41.07804660948548,59.15168115265032,386.2901026330995,145.42397410637003,83.09715462736895,434.21135204978754,256.58114963916063,-103.37431785812358,99.84276976676465
590.766879108849,337.2149647563325,167.53857449434335,-411.3317594295873,173.33265692420918,194.41718316445542,-436.5976138062326,-384.86469412195845,117.86992949665454,224.01932171839417,-865.0970949707711,770.6711321760966,607.187316554942,-96.55362904473552,439.94015802643935,-57.73080360074082,-472.0538343265035,-202.35009492089148,359.4319222906779,215.18507903816507,526.883143770334,187.59480224070114,-170.32602809597887,86.68283636381108,-541.8884228840768,624.3292807416126,-174.6145483456036,-260.78613500693996,240.35257638380844,494.3446108709218,-583.7037553051541,-260.05411035545455,76.62206000666163,207.7683697200297,-575.1759702870439,441.98816640442647,-627.7032083114045,-367.3665553574123,-364.74727719569626,-364.63337130062564,-184.68631275455832,498.37110399953025,-220.58883353569243,-470.161215794453,655.1807788886898,-91.85077690963169,350.97066970672284,100.08467055155049,146.38886961930953,947.0906960290025,357.04490672018386,204.16788651425819,1065.3128201075542,629.214191839877,-253.0654765469509,243.67310695224117
211.12757977274552,120.01294227882165,59.986274110535135,-146.80201109056253,61.824683189734714,68.97496662672792,-155.55112335954175,-137.47742041147342,41.31440658264231,79.91993933635439,-308.0194563324859,275.26463557551995,216.50573726079955,-34.57821499994445,156.89978542439945,-20.576413332651587,-168.51324492308603,-72.36556420075655,128.12444043785433,76.44812361689681,187.59480224070114,66.96116207027376,-60.83755933605915,31.099965778111628,-193.1087998767177,222.92204963003996,-61.812907222773795,-92.52996391513086,85.59924451193731,176.53921063508358,-207.6874361094037,-92.77994107698255,27.576790241535164,73.92721564285227,-204.8286949640162,157.1536405277126,-224.2128166504272,-130.63665273382628,-129.6066058444589,-129.96181638800562,-65.64730651521049,178.10343945430816,-78.92922430426717,-167.5365724938548,233.58282650455496,-32.86393421521238,124.87254668433576,35.43235271848277,52.75753781842709,337.72305911431357,127.52263968635688,72.98092731293274,380.1775880429671,224.42746029051867,-90.08382104190672,86.43436154942174
-191.88358337839682,-108.95257381570848,-54.54595986668528,133.37291735702004,-56.16032289213172,-62.56556728458936,141.25678594194198,124.93090751478981,-37.352274033844296,-72.60124397551347,279.66577167540515,-250.13706667335796,-196.65258725283724,31.444012896889777,-142.5196269311149,18.68763680187605,153.10805324029252,65.78149844374978,-116.36654771973289,-69.36964572840117,-170.32602809597887,-60.83755933605915,55.28453295346241,-28.294791584663226,175.374282218427,-202.55477051793596,56.03566385822633,83.93348435962059,-77.72500436996513,-160.41694619788746,188.53430648516786,84.28497216424485,-25.109945853924113,-67.10976281018235,185.9824689914877,-142.63419760698847,203.74836366143606,118.57149376035177,117.61256441140881,118.03113857389916,59.5775750265285,-161.86852506629145,71.75802785506527,152.14728139926646,-212.15511562357776,29.877569518241184,-113.35577622513607,-32.121244865280715,-48.055703236053354,-306.7584185573711,-115.88039095245962,-66.33285454034255,-345.3935148134968,-203.86464004492294,81.78637224776537,-78.39890546012398
98.30063289161994,55.40629075279354,28.034890919261976,-68.1630038541572,28.671908798034135,31.638484031864834,-71.9727533817043,-63.94812479760906,18.472912560222134,37.07855856273139,-142.33194748866546,128.01536905093732,100.34270956573498,-16.167434470053387,72.74555596071227,-9.528330081147423,-78.28200800117331,-33.74012309153547,59.34489589724743,35.16579642215177,86.68283636381108,31.099965778111628,-28.294791584663226,14.59462417804524,-89.3929081489287,103.60398134945171,-28.223621679273474,-42.45086366906647,39.57459284536611,82.07508008673626,-95.8352389468736,-43.04943761904853,13.021936997850968,34.114011185092735,-94.68282563475555,72.41300732598884,-104.2848495868533,-60.20992940525305,-59.64180593318737,-60.17994503280533,-30.230278265568195,82.92092255996639,-36.83914800159026,-77.5438788286968,108.2234723449919,-15.337460077693581,57.615847901439864,16.180813470860826,24.97947116220754,156.53881248920194,59.301277876413295,33.994777045300495,176.49889631883838,104.07830802603371,-41.60707666271327,39.632323436196735
-608.3936324454828,-346.7659109101465,-172.65142547310808,423.4016291973235,-178.38140295643132,-199.70255478555634,449.1355254787275,396.2817160680682,-120.5610479277843,-230.56073301985307,889.738852524477,-793.5062373548016,-624.8043160711821,99.50813787565347,-452.73465763071414,59.39706542446981,485.94623186305967,208.43839696762703,-369.821128336048,-221.14208235782561,-541.8884228840768,-193.1087998767177,175.374282218427,-89.3929081489287,557.4960442089218,-642.753610860594,179.22240260291804,267.88445034823513,-247.22068148848174,-508.96312204286716,600.1854687599514,267.6525861697881,-79.1055801480432,-213.63607962670537,591.5960875587831,-454.35633968118174,646.3148682153652,377.66282131347145,374.86971176286187,375.15581887520676,189.8344640886978,-513.2370722357362,227.26779816725232,483.6909211890255,-674.1535531238927,94.63016988086437,-360.87503176811225,-102.72838695542198,-151.2066978257483,-974.5869155287228,-367.6189860344461,-210.27580372070221,-1096.545389473933,-647.53938648722,260.2526158521281,-250.2819802500598
702.9824042616534,399.38942871492566,199.7818757138746,-488.71588853922043,205.8040238817412,229.44860859564554,-517.7287052082933,-457.7253290580688,137.2188142867967,266.04626102061616,-1025.1122501152502,916.4713238689526,720.6815187462993,-115.16441742612355,522.2842418877227,-68.48929778225488,-561.0119238858675,-240.97342326769925,426.47125155493177,254.35264945715144,624.3292807416126,222.92204963003996,-202.55477051793596,103.60398134945171,-642.753610860594,742.1696784348712,-205.56529695608853,-307.8082665331986,284.89015470788263,587.7610342184545,-691.137520154709,-308.8585676425751,91.90298954347509,246.01358451956068,-681.7004531786474,522.9259402079531,-746.5032440137412,-434.69922244451897,-431.22949957916984,-432.57979230037483,-218.43244710287604,593.0215114185135,-262.8477248816498,-557.6317520770074,777.5109276658292,-109.4415281529643,415.5468968561348,117.83481640860988,175.85175445285984,1124.1835799779824,424.57387729462397,243.00874884410155,1265.6310436828296,747.0800183753598,-299.796941085958,287.5218769598185
-194.11219544198653,-111.86632380133732,-54.81143646658139,135.5778803571566,-57.2096712611271,-64.95663458642677,144.47594171657875,126.59567408368255,-40.45273405395274,-73.90539776962383,286.693034540629,-253.55747938115977,-200.55057993624516,31.57177538945971,-145.24691546217147,19.086476083244232,155.50708943311813,66.3816212383635,-118.80043240497673,-71.67204963523739,-174.6145483456036,-61.812907222773795,56.03566385822633,-28.223621679273474,179.22240260291804,-205.56529695608853,58.6309822781783,87.11317311486178,-79.60732007772285,-162.70415444801637,193.7413632635369,85.78342236255516,-24.764382330970015,-68.95957066621216,190.53666009162333,-146.93733510967334,206.49319779829375,122.09568346898816,121.43490181861029,120.55546582234365,61.44002382598064,-163.7613598785714,72.27747649359728,155.52462969097883,-216.47913524937155,30.098740054928623,-116.50561791857396,-33.60020879950653,-47.16088540858374,-312.7825667061398,-117.48164404964318,-67.05115188846501,-351.19160380953844,-207.6816935275283,83.91006789087841,-81.44620777374641
-290.8991171463691,-167.00692502652058,-82.28323678419716,202.9250724681534,-85.5815950597359,-96.70124748582721,215.90309160816494,189.63525751435145,-59.591912822775335,-110.57736935317384,428.1804824342519,-379.78512865834625,-299.92367419544763,47.40564899443349,-217.25435699841765,28.53284267886712,232.80476848837702,99.54376356703581,-177.61730516534146,-106.83005732034606,-260.78613500693996,-92.52996391513086,83.93348435962059,-42.45086366906647,267.88445034823513,-307.8082665331986,87.11317311486178,129.6965381747607,-118.9217202046266,-243.66643720967187,289.17694701587476,128.3552126439268,-37.35873048076136,-102.92996724790478,284.61494031659004,-219.1789449766852,309.30703875342857,182.14367248649305,181.03397785413014,180.21991908668736,91.62209850324206,-245.4100222995915,108.43735469638757,232.4485627304218,-323.6992059497684,45.15509188102949,-173.88776897433215,-49.92610270430997,-71.2378184938926,-467.7885395135649,-175.96076849238108,-100.50370614850948,-525.6093631985602,-310.6739799025103,125.29474334310002,-121.22996016301687
269.6005618343571,153.82321428464243,76.4723740543553,-187.68736243722518,79.08534911194612,88.65577996477155,-199.17997454452365,-175.62693068342654,53.682106598164786,102.21401578911575,-394.63902922735,351.6800786373778,277.0283689646579,-44.072594402272465,200.72605624669316,-26.338433998277893,-215.39970438712905,-92.35057673604297,163.985111641123,98.14020464783536,240.35257638380844,85.59924451193731,-77.72500436996513,39.57459284536611,-247.22068148848174,284.89015470788263,-79.60732007772285,-118.9217202046266,109.64663112907849,225.5802838910835,-266.25432551421,-118.65632122471288,34.99299024822448,94.77292929360205,-262.38796343139506,201.59653409973424,-286.4412905913443,-167.56274248649402,-166.3548271129095,-166.35595744465502,-84.23516873382204,227.43457998409528,-100.68007016892925,-214.49571693709296,298.92049491016405,-41.921870560993874,160.09321586902232,45.629259347549,66.86478664014264,432.11113733195253,162.929492068031,93.1755464690702,486.09009973485746,287.0871792601354,-115.44034644594964,111.11480629571092
556.7596964770754,316.2277264939279,158.2460833396917,-387.0266931604116,162.9751092706823,181.6344525039615,-409.9558948428101,-362.50565108697543,108.5357236952117,210.6833654334044,-811.6856069211392,725.8151091372999,570.6920608681032,-91.22251145256082,413.5905618708513,-54.23373373821475,-444.28670157096894,-190.85876923604005,337.7065697416083,201.36726276520804,494.3446108709218,176.53921063508358,-160.41694619788746,82.07508008673626,-508.96312204286716,587.7610342184545,-162.70415444801637,-243.66643720967187,225.5802838910835,465.4824086150446,-547.2189748268509,-244.5875785160189,72.82056539923217,194.78523222869487,-539.7777266131912,414.0156091956292,-591.20805268292,-344.1667707220364,-341.402504665639,-342.54077199146786,-172.93598110278646,469.67037493689253,-208.19107334615873,-441.55738376263156,615.6876953156153,-86.6838175144462,329.01484409811434,93.26620931210351,139.35096415596334,890.2193143980696,336.2475899225832,192.46488223798764,1002.2809548892066,591.6083044874111,-237.37593421804095,227.60343140158707
-653.8278852591012,-373.62424018416766,-185.32964291121544,455.40356445771897,-191.93423575457123,-215.58736653646113,483.5974532697142,426.00012034219327,-131.1209855938249,-248.0481006001274,958.3890254991779,-853.0644429271501,-672.4061140923336,106.8005137407404,-487.17023327934544,63.938632081895044,522.5980638551962,223.90900626995298,-398.0703708043643,-238.53047010633364,-583.7037553051541,-207.6874361094037,188.53430648516786,-95.8352389468736,600.1854687599514,-691.137520154709,193.7413632635369,289.17694701587476,-266.25432551421,-547.2189748268509,646.768585328019,287.9436453297588,-84.64148208469949,-230.21539832058392,637.1733576691204,-489.8322131524517,694.8017605418796,407.1188951807344,404.29768920151696,403.8451231317293,204.69393506581363,-551.5726689891095,244.05688580120147,520.7522340259579,-725.5842010030198,101.62394608144713,-388.89462224406907,-111.04562169626472,-161.6505900232331,-1048.8054098648508,-395.22128043609035,-225.94827224567217,-1179.4769854613123,-696.7424890544881,280.3732325852274,-270.21937912432827
-292.46713648663103,-166.3816677496925,-83.06748423845856,203.41218768488605,-85.67539945554736,-95.68217095622822,215.6060699600167,190.45961124913924,-57.4454218483813,-110.74710904844204,426.9917197769888,-381.3557303381013,-300.0470763293343,47.88107480083156,-217.4334384675172,28.51854349950176,233.48514829114544,100.23205465232753,-177.57309110486554,-106.02082286832047,-260.05411035545455,-92.77994107698255,84.28497216424485,-43.04943761904853,267.6525861697881,-308.8585676425751,85.78342236255516,128.3552126439268,-118.65632122471288,-244.5875785160189,287.9436453297588,128.56656368747247,-38.14977463151963,-102.494297101877,283.933744263036,-217.9115971746686,310.62415311425167,181.13891163357022,179.7369259213594,180.12407814986975,91.0331302451164,-246.72102614214873,109.31244787548323,232.21170683872026,-323.7231197532864,45.51473787863909,-173.1289042212274,-49.17181839279203,-72.96642027193667,-468.032464791197,-176.6729248051597,-101.09379387037455,-526.7894461705044,-311.0077229334305,124.88391663281955,-119.90630404683894
87.29487737337475,48.94912067307021,24.952663380313098,-60.430611790388106,25.40055190707636,27.8398724141075,-63.67150606798577,-56.755475513535124,15.994229635850413,32.85652221123225,-125.81480147397691,113.60334808052593,88.86011947641902,-14.39396971056988,64.43591804793083,-8.433551532240365,-69.42173631291351,-29.98791401732083,52.53388876197315,30.99829531895427,76.62206000666163,27.576790241535164,-25.109945853924113,13.021936997850968,-79.1055801480432,91.90298954347509,-24.764382330970015,-37.35873048076136,34.99299024822448,72.82056539923217,-84.64148208469949,-38.14977463151963,11.662211812171439,30.129982590364474,-83.71362269646319,63.89855931366539,-92.5508260436687,-53.138226015599656,-52.586157843339556,-53.26465756206834,-26.66563690843665,73.63517045849126,-32.7630176927063,-68.61437506590227,95.82059741258587,-13.639549400418522,50.88310341897487,14.198961125315044,22.406518848813118,138.6341174170831,52.62252320178394,30.196661319741093,156.4630243193699,92.202650733278,-36.76798134605847,34.866132307654915
232.73427721134695,132.99074197855646,65.97001347171293,-162.1025203179056,68.3194086901208,76.73635541850872,-172.1364422671742,-151.6370395482785,46.66799836647873,88.293426399202,-341.1371290233781,303.6526754091392,239.34401126237154,-38.01674235036551,173.40931119734398,-22.75897208027835,-186.02091362284432,-79.7022351802823,141.6935095083581,84.90344034658143,207.7683697200297,73.92721564285227,-67.10976281018235,34.114011185092735,-213.63607962670537,246.01358451956068,-68.95957066621216,-102.92996724790478,94.77292929360205,194.78523222869487,-230.21539832058392,-102.494297101877,30.129982590364474,81.94456783335644,-226.80123460246023,174.35361740732304,-247.31841877941048,-144.91227340322814,-143.90732325611904,-143.74892888147272,-72.85969524171409,196.3358445739223,-86.87430765102509,-185.36183774958087,258.2726344259551,-36.17406163130901,138.4258199426092,39.52522369868114,57.54344549383818,373.3242013835983,140.681047622649,80.42785623890222,419.83892932300137,248.00701917834343,-99.79840702878056,96.18195171778524
-645.0977047165406,-368.11195080763,-182.9722462038209,449.1144688458227,-189.24536937594902,-212.18000580229923,476.638865465486,420.24414725363636,-128.52279983641512,-244.5894988303133,944.3915281124595,-841.5104516404092,-662.9148299522633,105.44981497837182,-480.3248856385949,63.027206026996204,515.4232051227328,220.97131661235684,-392.41136786139026,-234.86976891991273,-575.1759702870439,-204.8286949640162,185.9824689914877,-94.68282563475555,591.5960875587831,-681.7004531786474,190.53666009162333,284.61494031659004,-262.38796343139506,-539.7777266131912,637.1733576691204,283.933744263036,-83.71362269646319,-226.80123460246023,627.9050077298616,-482.4505993446623,685.4043089072089,401.00104247497904,398.118872408512,398.08631998597946,201.5888300049548,-544.203715866883,240.89793666305997,513.2871608200181,-715.3048842552572,100.30714240905529,-383.11943950571225,-109.21156305849135,-159.95365752901805,-1034.0189858451376,-389.8630475786758,-222.9481163697334,-1163.1607119473053,-686.9788381829417,276.2569035359387,-265.9324441231759
494.57318484683,282.94679940576424,140.1154441121181,-344.6099312763334,145.26311859498594,163.40658933356485,-366.11968572603126,-322.28052887619424,99.71286080516856,187.7218575126824,-725.7019087171074,645.3835703292452,508.94670155918743,-80.73970862524219,368.721678575349,-48.40107727071931,-395.43071650368177,-169.3383233693663,301.32616654089753,180.7280045049648,441.98816640442647,157.1536405277126,-142.63419760698847,72.41300732598884,-454.35633968118174,522.9259402079531,-146.93733510967334,-219.1789449766852,201.59653409973424,414.0156091956292,-489.8322131524517,-217.9115971746686,63.89855931366539,174.35361740732304,-482.4505993446623,371.0478016895918,-525.6421166770228,-308.38224254052835,-306.30951709506354,-305.7084787583438,-155.06852458987828,417.2270920134749,-184.54895795617776,-394.2308814995373,549.2209399545361,-76.84608768543939,294.5345611409079,84.21747244132949,121.98841577934286,793.8334834442894,299.0068372747265,170.90318161271455,892.5432703106449,527.3227855083206,-212.31503358415864,204.82559549363216
-707.18367043018,-401.5213672760274,-201.03265487687554,491.5352146005082,-206.97250550358405,-230.56246278284786,520.5786383840526,460.4277242695053,-137.62666905374581,-267.56509125769657,1030.6543847429998,-921.8687326972413,-724.7391400063849,115.8894558268726,-525.2397926036759,68.87048721729036,564.2685634429486,242.4389679864268,-428.85256805504144,-255.64139508480184,-627.7032083114045,-224.2128166504272,203.74836366143606,-104.2848495868533,646.3148682153652,-746.5032440137412,206.49319779829375,309.30703875342857,-286.4412905913443,-591.20805268292,694.8017605418796,310.62415311425167,-92.5508260436687,-247.31841877941048,685.4043089072089,-525.6421166770228,750.9060902493927,436.9650347731446,433.42691476030757,434.9867194817267,219.5569522747772,-596.5636408678278,264.4671817648001,560.7155022571133,-781.8700905716235,110.11496091498509,-417.74701258198655,-118.36801916268475,-177.1274127900472,-1130.5217061126689,-427.07174027771066,-244.469032560024,-1272.9186385574951,-751.320755235398,301.40703597312415,-288.9098183966625
