V1,V2,V3,V4,V5,V6,V7,V8,V9,V10,V11,V12,V13,V14,V15,V16,V17,V18,V19,V20,V21,V22,V23,V24,V25,V26,V27,V28,V29,V30,V31,V32,V33,V34,V35,V36,V37,V38,V39,V40,V41,V42,V43,V44,V45,V46,V47,V48,V49,V50,V51,V52,V53,V54,V55,V56
20966508.31776661,-5325205.651193803,56959619.4546751,40655974.13180308,5610184.238519572,15966947.5754686,-45082158.76532952,72182548.56516036,78251305.59735377,-10746822.314649602,-93094988.52988169,-19432937.058895588,-42775469.553313136,-9309471.227462433,-33904378.87028046,30375610.965833135,-9804449.01769736,26194014.852247935,14938900.625036914,43192991.541318476,81144470.44648403,-104689552.35284282,76206118.19368926,62739487.945262,-16622378.414180504,-15047136.946889384,3982036.1912940666,26118638.704077054,-90716751.22983332,9620186.4143857155,2956811.642783841,36814129.43117342,12909729.116222525,-91768934.65590978,-37361698.57758221,-65411331.36594493,40325290.2619029,88031119.57004419,45593972.77315037,56695337.30035749,33349448.241133083,35452930.537309006,108110028.66950725,-22739597.570182145,94658063.01813108,18260282.44258038,25865942.543223057,-99335951.82554515,-128594213.1454308,-51165998.07932689,-26469553.879001636,-24691029.349839404,16721431.020869749,56723690.45353097,-913873.3660263342,15560867.855248475
-5325205.651193803,1352529.5025131085,-14466964.396112487,-10326061.702820595,-1424910.819917853,-4055386.7506720377,11450251.480473166,-18333380.88267342,-19874761.976155087,2729546.466867019,23644854.635456398,4935700.1451317575,10864384.597356388,2364478.533136882,8611249.010845888,-7714990.124700773,2490196.174652412,-6652922.113163252,-3794276.7884683707,-10970429.172444899,-20609586.998426,26589715.223086394,-19355312.375032634,-15934972.874178806,4221857.299929096,3821766.8054922023,-1011383.20031509,-6633777.297908859,23040814.71165173,-2443395.6987140705,-750990.0563126251,-9350285.87981061,-3278895.1234222716,23308054.514096756,9489360.911443347,16613584.366091529,-10242072.731072977,-22358701.410955008,-11580245.86500156,-14399840.463566946,-8470303.852044484,-9004560.118831808,-27458469.23421886,5775546.62835629,-24041854.042786088,-4637862.368898254,-6569595.473638016,25229974.267821424,32661171.948020402,12995464.008273348,6722905.183648552,6271183.656264817,-4247014.877669763,-14407042.353713986,232110.78713942066,-3952247.4318090677
56959619.4546751,-14466964.396112487,154741958.0087124,110449915.3698358,15241169.217383917,43377342.17900831,-122474508.26644297,196098030.16611338,212584995.3699949,-29195850.935882203,-252910767.55440328,-52793377.34693552,-116207939.94950502,-25291002.32382453,-92107886.23818651,82521296.66319448,-26635706.77180088,71161173.68684787,40584450.675493784,117342218.01789626,220444849.25927183,-284409669.7515272,207028843.59394822,170444109.0014353,-45157948.94609452,-40878492.03734856,10817984.262178563,70956397.43582724,-246449819.0664776,26135119.218098786,8032760.126933674,100012793.45112269,35071810.05994497,-249308278.47896114,-101500371.93115897,-177702693.33135447,109551549.39601293,239153777.8331625,123864955.71955328,154023984.66001004,90600305.89474896,96314831.1838413,293702061.924071,-61776567.536271624,257157164.44177645,49607634.79855617,70269895.57133849,-269865568.4017272,-349351359.4217696,-139002452.76554227,-71909728.86583947,-67078014.329294406,45427041.65739515,154101015.69704115,-2482711.9670536253,42274142.63762374
40655974.13180308,-10326061.702820595,110449915.3698358,78835656.46795216,10878665.22736111,30961375.279813033,-87418430.00733025,139968572.27253228,151736446.3902723,-20839075.505355123,-180519707.3067962,-37682242.86754319,-82945552.33479834,-18051917.684120625,-65743696.36691658,58901091.848421626,-19011725.23647397,50792595.573583804,28967897.570171766,83755163.86432993,157346562.16924462,-203002627.37296394,147770641.0138782,121657614.97501847,-32232316.14645729,-29177774.50072243,7721535.442549079,50646432.47815003,-175908086.46479884,18654421.398465753,5733530.4268217655,71385969.13237987,25033149.194019366,-177948364.01236972,-72447755.56108567,-126838562.7062966,78194431.4448965,170700403.38169128,88410888.00586163,109937448.81442761,64667632.8568055,68746480.76063342,209635242.81743202,-44094159.83752093,183550650.96989208,35408361.026064835,50156428.73539524,-192621508.17944255,-249355951.25434518,-99215554.54168805,-51326890.51537971,-47878164.921182774,32424385.611527916,109992431.67099054,-1772080.7638973866,30173945.757864334
5610184.238519572,-1424910.819917853,15241169.217383917,10878665.22736111,1501167.1720453282,4272413.216791942,-12063015.053561762,19314499.943584353,20938368.136452306,-2875620.449819202,-24910219.102435123,-5199835.6525939675,-11445796.764686223,-2491014.8095214213,-9072084.11991112,8127861.39302805,-2623460.396704969,7008956.932477883,3997329.6376812374,11557515.654358506,21712519.252504505,-28012674.82031914,20391120.073904146,16787740.85038147,-4447792.68271924,-4026289.5615139618,1065508.8174841444,6988786.866341441,-24273853.361196183,2574154.690236479,791180.3397691192,9850670.85668436,3454367.482626136,-24555393.66920651,-9997188.437953116,-17502668.01898524,10790182.042239858,23555237.485166635,12199967.592389457,15170453.404076757,8923595.373085482,9486443.79031334,28927920.05701146,-6084626.667977323,25328463.757217884,4886060.051435147,6921169.268364067,-26580167.689719684,-34409047.252375364,-13690921.447776545,-7082684.999304213,-6606787.989366113,4474295.576153197,15178042.050133223,-244530.9978383218,4163752.908063588
15966947.5754686,-4055386.7506720377,43377342.17900831,30961375.279813033,4272413.216791942,12159558.643170673,-34332114.21487671,54970297.790130295,59591931.725486405,-8184196.225491268,-70896072.40636732,-14799065.4674158,-32575467.641057245,-7089586.506070025,-25819728.86726753,23132411.1929542,-7466534.800135896,19947936.23041093,11376653.771204337,32893428.576364066,61795210.93593574,-79725860.14899561,58034428.5587099,47778978.304986134,-12658699.332710193,-11459078.792139528,3032503.3980976427,19890532.790252168,-69084935.87026791,7326209.40426685,2251747.7963321214,28035636.393628407,9831347.852716995,-69886220.02333376,-28452635.063146666,-49813707.95329868,30709545.201728497,67039706.60992277,34721886.07849911,43176079.71701789,25397122.643823892,26999021.998818256,82330707.81966314,-17317237.682043653,72086424.27426666,13906037.23621358,19698091.560147382,-75648851.02092716,-97930346.3883947,-38965236.6067163,-20157771.476103663,-18803341.93246495,12734130.884864435,43197673.96770289,-695954.2143255731,11850308.260104306
-45082158.76532952,11450251.480473166,-122474508.26644297,-87418430.00733025,-12063015.053561762,-34332114.21487671,96935604.46371374,-155206835.9646633,-168255869.45732245,23107807.534093216,200172740.27857134,41784678.405969374,91975766.81688328,20017215.015139755,72901158.42026944,-65313605.29812364,21081515.923931245,-56322343.11619244,-32121608.412910204,-92873520.7642776,-174476752.41254792,225103357.79654497,-163858309.99137756,-134902379.00792757,35741421.208624326,32354335.647823814,-8562171.728123639,-56160268.03839405,195059056.39154392,-20685313.35990911,-6357734.501578812,-79157700.81422876,-27758486.83594633,197321458.18923602,80335083.16829085,140647372.7659391,-86707394.87129888,-189284416.14761645,-98036109.17262386,-121906249.62460762,-71707945.5630884,-76230853.16208628,-232458061.15334243,48894655.735181466,-203533660.6293293,-39263239.86841062,-55616918.99465609,213592053.74570453,276503131.00150096,110017071.19797234,56914806.480555534,53090622.29565355,-35954402.07462802,-121967217.13985705,1965006.9834621863,-33458959.261080608
72182548.56516036,-18333380.88267342,196098030.16611338,139968572.27253228,19314499.943584353,54970297.790130295,-155206835.9646633,248506857.35773233,269400100.32007486,-36998685.700215295,-320503270.15309817,-66902845.18766346,-147265476.79729444,-32050232.899085212,-116724484.09271513,104575798.68371144,-33754320.89275785,90179589.11031772,51430982.62881746,148702899.36595246,279360567.10178846,-360420515.1535062,262359020.95708674,215996713.52041727,-57226786.68112145,-51803607.70817009,13709181.431433102,89920083.97227107,-312315579.15837145,33119946.450908065,10179582.725758495,126742043.38917671,44445043.42926482,-315937984.6025452,-128627189.45575398,-225195214.25728065,138830111.04300553,303069611.3700193,156968893.54685658,195188172.77392775,114813989.50613047,122055770.36991279,372196375.75670105,-78286867.3266138,325884551.50985664,62865687.62148299,89050107.68992107,-341989382.93055505,-442718409.69453984,-176152012.06797758,-91128201.69238602,-85005169.86331502,57567795.614633635,195285792.38768315,-3146236.0106683983,53572257.513464816
78251305.59735377,-19874761.976155087,212584995.3699949,151736446.3902723,20938368.136452306,59591931.725486405,-168255869.45732245,269400100.32007486,292049945.35360694,-40109354.07836344,-347449620.0936441,-72527709.95782657,-159646838.99150214,-34744859.90093271,-126538108.57275656,113368021.08157271,-36592219.24758709,97761448.27715713,55755048.30918269,161205113.31012595,302847838.9046575,-390722912.2719391,284416886.37732303,234156662.04227898,-62038135.115179084,-56159002.37359416,14861782.063133765,97480125.49422501,-338573548.1643179,35904509.97043642,11035432.045545163,137397895.34130695,48181765.304222815,-342500508.1444648,-139441535.32737157,-244128528.00520286,150502268.70495638,328550224.15329385,170166071.66367376,211598641.498201,124466989.26548406,132317623.2286955,403488829.93749326,-84868845.17343654,353283333.446467,68151127.46554206,96537006.2718251,-370742180.0787537,-479940012.27674043,-190962013.23367798,-98789815.64330037,-92151989.75537625,62407814.8112062,211704467.96105123,-3410756.684417507,58076351.62076457
-10746822.314649602,2729546.466867019,-29195850.935882203,-20839075.505355123,-2875620.449819202,-8184196.225491268,23107807.534093216,-36998685.700215295,-40109354.07836344,5508511.724385568,47717796.59618659,9960760.217627123,21925467.60493191,4771765.791310016,17378403.942003015,-15569659.410591282,5025477.243743142,-13426295.10761041,-7657248.814482421,-22139476.26437237,-41592308.99678044,53660833.92852375,-39061050.36367077,-32158447.223168526,8520151.356403384,7712725.826622806,-2041077.97188137,-13387658.445939222,46498780.46252901,-4931028.572804086,-1515577.1295947006,-18869857.85300949,-6617154.782934162,47038097.8560779,19150525.788735826,33527956.090726256,-20669577.24092966,-45122204.872981295,-23370150.689037815,-29060387.96751682,-17093961.32997151,-18172147.216007084,-55414070.33738934,11655658.38279232,-48518982.83568545,-9359692.988681974,-13258132.171689512,50916734.62090856,65913669.87072724,26226209.164029066,13567528.17946517,12655905.928216493,-8570921.39687583,-29074922.927771326,468423.1498981446,-7976049.412205127
-93094988.52988169,23644854.635456398,-252910767.55440328,-180519707.3067962,-24910219.102435123,-70896072.40636732,200172740.27857134,-320503270.15309817,-347449620.0936441,47717796.59618659,413358195.86365664,86285670.13340256,189930641.80920553,41335698.139124826,150541434.68969044,-134873080.78013265,43533487.65560571,-116306058.75776836,-66331361.07632191,-191784508.92154032,-360295792.9614607,464840105.5613364,-338368627.34184366,-278574417.2171814,73806302.17934236,66811941.99727902,-17680950.327710934,-115971371.05496192,402798399.8932925,-42715325.005482845,-13128770.490774464,-163461241.20612594,-57321483.388106026,407470274.4586025,165892544.2873337,290437870.9636583,-179051415.4855113,-390873726.97059053,-202445293.67404652,-251737309.82611218,-148077439.52238175,-157417279.79481778,-480027621.5704938,100967825.70792791,-420298520.6450184,-81078883.07384087,-114849349.0603591,441069179.1178875,570981017.2757529,227186068.67074215,117529499.64023784,109632527.96716619,-74246107.17752616,-251863210.9749195,4057751.3397366256,-69092997.95315331
-19432937.058895588,4935700.1451317575,-52793377.34693552,-37682242.86754319,-5199835.6525939675,-14799065.4674158,41784678.405969374,-66902845.18766346,-72527709.95782657,9960760.217627123,86285670.13340256,18011538.27234528,39646710.46001747,8628541.584002133,31424485.186350394,-28153824.524480063,9087314.931265624,-24278086.61531806,-13846213.565940201,-40033692.69797693,-75209259.24134982,97032163.5546524,-70632115.36257091,-58150486.26749877,15406555.776457725,13946531.99588733,-3690775.941254855,-24208223.143130697,84081385.75634249,-8916529.391418325,-2740539.9326630724,-34121405.618124835,-11965463.642590351,85056607.69200952,34628923.396773875,60626900.54528751,-37375746.89331139,-81592192.20266385,-42259057.67654451,-52548426.03513601,-30910143.53319992,-32859770.254126813,-100202452.88851883,21076336.98500338,-87734415.15938419,-16924656.989654977,-23974009.20769645,92070146.3748578,119188346.56967337,47423523.79374735,24533471.523661036,22885033.74651844,-15498362.424353264,-52574706.507893294,847028.0878738719,-14422686.683761688
-42775469.553313136,10864384.597356388,-116207939.94950502,-82945552.33479834,-11445796.764686223,-32575467.641057245,91975766.81688328,-147265476.79729444,-159646838.99150214,21925467.60493191,189930641.80920553,39646710.46001747,87269707.1427067,18993008.377845123,69171076.30954055,-61971750.05006322,20002853.053834114,-53440538.029159784,-30478065.04649288,-88121525.67290078,-165549423.91939703,213585651.55247635,-155474286.47181833,-127999924.47845823,33912665.775840975,30698883.320619125,-8124078.043240792,-53286755.06206385,185078605.86095047,-19626922.061188906,-6032433.44404726,-75107494.5740826,-26338188.616663672,187225248.0323598,76224634.52514748,133450967.68252102,-82270898.7026026,-179599433.54801437,-93019964.14625844,-115668757.27004102,-68038914.93524767,-72330403.22426488,-220564041.4628615,46392896.35746124,-193119595.97403187,-37254285.63706826,-52771206.177001044,202663339.22998717,262355487.70506808,104387904.40038575,54002687.06706842,50374170.89757596,-34114748.24796767,-115726606.57735436,1864463.6168990207,-31746987.42511202
-9309471.227462433,2364478.533136882,-25291002.32382453,-18051917.684120625,-2491014.8095214213,-7089586.506070025,20017215.015139755,-32050232.899085212,-34744859.90093271,4771765.791310016,41335698.139124826,8628541.584002133,18993008.377845123,4133557.6958543877,15054099.29873385,-13487268.489375625,4353336.016713382,-11630571.818309152,-6633116.68686962,-19178394.450678952,-36029473.628455885,46483873.93825779,-33836763.30780714,-27857360.02289017,7380608.651462425,6681174.474059957,-1768089.9726561373,-11597103.052392205,40279721.59635676,-4271519.901400377,-1312873.2887596902,-16346076.153789336,-5732131.6155399205,40746907.554629356,16589205.732989991,29043701.844761595,-17905088.998738453,-39087257.94149482,-20244469.87939689,-25173656.933619615,-14807700.393396104,-15741681.835669054,-48002621.00854834,10096752.799838034,-42029728.53235967,-8107864.552592404,-11484901.042392792,44106788.40286941,57097933.80727336,22718540.071617853,11752915.523547193,10963220.488900255,-7424588.888949871,-25186247.189864993,405773.7696099259,-6909279.398648214
-33904378.87028046,8611249.010845888,-92107886.23818651,-65743696.36691658,-9072084.11991112,-25819728.86726753,72901158.42026944,-116724484.09271513,-126538108.57275656,17378403.942003015,150541434.68969044,31424485.186350394,69171076.30954055,15054099.29873385,54825872.1871805,-49119594.86964959,15854515.025673239,-42357648.23228975,-24157300.917707033,-69846238.26497756,-131216572.70564595,169290695.21550563,-123230890.57631877,-101454363.2927403,26879609.114429086,24332323.912527587,-6439247.5597546855,-42235757.6910889,146695649.37291834,-15556547.150381254,-4781383.4471510695,-59531152.56568638,-20875982.486482777,148397104.89063245,60416611.821388975,105774929.09460525,-65208957.491845354,-142352788.23290613,-73728802.8957349,-91680523.29578744,-53928506.474426545,-57329994.859562546,-174821855.37830484,36771597.59580511,-153069040.08793843,-29528219.266089335,-41827126.792608805,160633532.27425802,207946285.4022916,82739176.38032684,42803214.63373702,39927206.29190453,-27039781.94389333,-91726375.79215978,1477797.1129669608,-25163064.51211814
30375610.965833135,-7714990.124700773,82521296.66319448,58901091.848421626,8127861.39302805,23132411.1929542,-65313605.29812364,104575798.68371144,113368021.08157271,-15569659.410591282,-134873080.78013265,-28153824.524480063,-61971750.05006322,-13487268.489375625,-49119594.86964959,44007226.9607556,-14204376.931300597,37949063.74702092,21643008.775789425,62576641.19801576,117559550.49808611,-151670918.1240907,110405018.35650283,90894992.13946179,-24081979.080611672,-21799815.471861266,5769050.535290126,37839859.629692905,-131427564.86292243,13937421.608509144,4283736.9569213,53335149.62338409,18703209.967504982,-132951932.948479,-54128450.28018641,-94765873.45235527,58422008.5619951,127536708.6717407,66055108.41589998,82138413.63755724,48315627.05469432,51363088.40384679,156626395.12633115,-32944409.441463295,137137613.01216596,26454921.893615074,37473759.12127165,-143914792.70809558,-186303234.19711125,-74127682.16778614,-38348255.607131936,-35771582.35021444,24225481.19874154,82179493.70087063,-1323988.076992821,22544092.582644053
-9804449.01769736,2490196.174652412,-26635706.77180088,-19011725.23647397,-2623460.396704969,-7466534.800135896,21081515.923931245,-33754320.89275785,-36592219.24758709,5025477.243743142,43533487.65560571,9087314.931265624,20002853.053834114,4353336.016713382,15854515.025673239,-14204376.931300597,4584799.80135085,-12248961.06434732,-6985794.793090798,-20198095.924014404,-37945135.07774976,48955388.258376434,-35635839.81491278,-29338516.013482235,7773030.396696747,7036407.695331208,-1862098.1207804868,-12213712.740330368,42421365.57052474,-4498633.535608082,-1382677.8721415442,-17215185.366067052,-6036905.015303163,42913391.40838025,17471241.963737283,30587934.747686762,-18857089.808057,-41165499.5436971,-21320853.864589002,-26512122.23030212,-15595015.209520532,-16578655.858162278,-50554885.98984059,10633589.873581277,-44264419.125369124,-8538953.947899787,-12095544.958466647,46451914.84809663,60133790.04225667,23926468.58053194,12377809.684957756,11546127.03465454,-7819348.96433179,-26525381.992094968,427348.38337361166,-7276640.795282951
26194014.852247935,-6652922.113163252,71161173.68684787,50792595.573583804,7008956.932477883,19947936.23041093,-56322343.11619244,90179589.11031772,97761448.27715713,-13426295.10761041,-116306058.75776836,-24278086.61531806,-53440538.029159784,-11630571.818309152,-42357648.23228975,37949063.74702092,-12248961.06434732,32724885.198545743,18663569.21431123,53962157.80975767,101375960.17468917,-130791456.63941829,95206341.19940397,78382122.63252676,-20766783.90135738,-18798788.94309831,4974866.608686337,32630714.151864715,-113334862.4725189,12018755.31369576,3694025.5184852644,45992877.41055347,16128471.845649961,-114649381.21396367,-46676969.938545674,-81720126.91877049,50379464.4904167,109979633.31151125,56961769.337636806,70830999.57174185,41664356.63003278,44292296.039584056,135064748.0027045,-28409185.542810563,118258848.73226877,22813060.322044913,32315011.680126447,-124103062.47139111,-160656186.624152,-63923048.903962284,-33069123.069959868,-30847161.60286704,20890530.692531746,70866424.9782314,-1141723.4876780685,19440606.691700816
14938900.625036914,-3794276.7884683707,40584450.675493784,28967897.570171766,3997329.6376812374,11376653.771204337,-32121608.412910204,51430982.62881746,55755048.30918269,-7657248.814482421,-66331361.07632191,-13846213.565940201,-30478065.04649288,-6633116.68686962,-24157300.917707033,21643008.775789425,-6985794.793090798,18663569.21431123,10644156.99904223,30775553.83804182,57816467.112056814,-74592634.53829461,54297826.460333966,44702683.03821107,-11843656.792235473,-10721275.136767503,2837252.663274802,18609861.824461408,-64636836.33429948,6854504.454221201,2106766.786586122,26230535.122198034,9198347.037621085,-65386529.14204611,-26620684.94583609,-46606404.72848781,28732281.760068726,62723291.006406456,32486284.28933933,40396146.65922836,23761904.689392954,25260664.097571474,77029766.65831351,-16202250.879737059,67445071.0389555,13010683.69480137,18429811.218562733,-70778127.43682435,-91625007.63892281,-36456422.67189535,-18859894.036086872,-17592670.881765164,11914231.718105804,40416350.40111022,-651144.6748821676,11087314.922359148
43192991.541318476,-10970429.172444899,117342218.01789626,83755163.86432993,11557515.654358506,32893428.576364066,-92873520.7642776,148702899.36595246,161205113.31012595,-22139476.26437237,-191784508.92154032,-40033692.69797693,-88121525.67290078,-19178394.450678952,-69846238.26497756,62576641.19801576,-20198095.924014404,53962157.80975767,30775553.83804182,88981658.92787965,167165311.18675688,-215670409.6586206,156991833.46411884,129249300.29854372,-34243678.69764247,-30998528.042197812,8203374.7324576955,53806874.13506274,-186885113.59242666,19818495.878973756,6091314.228176202,75840600.47644702,26595268.89721652,-189052709.0616666,-76968644.61207518,-134753550.05508742,83073924.87100004,181352459.9309653,93927909.57426532,116797772.37334949,68703026.53317903,73036402.44252037,222716914.18791097,-46845726.58443232,195004589.858788,37617915.484720185,53286293.5953392,-204641486.8443626,-264916276.81412172,-105406809.6823406,-54529793.931544036,-50865861.35235184,34447734.11654045,116856185.7059213,-1882662.801872074,32056862.44047857
81144470.44648403,-20609586.998426,220444849.25927183,157346562.16924462,21712519.252504505,61795210.93593574,-174476752.41254792,279360567.10178846,302847838.9046575,-41592308.99678044,-360295792.9614607,-75209259.24134982,-165549423.91939703,-36029473.628455885,-131216572.70564595,117559550.49808611,-37945135.07774976,101375960.17468917,57816467.112056814,167165311.18675688,314044962.1716263,-405169018.00227934,294932564.7522346,242814082.29005823,-64331857.41441183,-58235355.14705423,15411264.318870489,101084235.34860547,-351091547.72634906,37231998.5521098,11443443.258956628,142477875.80404475,49963179.30889753,-355163697.2528422,-144597074.69100636,-253154635.15644544,156066754.05346102,340697634.8061654,176457581.6352392,219422027.4653449,129068877.47973762,137209772.37190574,418406926.3763027,-88006680.11273247,366345194.45092773,70670863.57084988,100106245.26447628,-384449543.9228698,-497684719.8528422,-198022406.33692828,-102442348.93389203,-95559102.75372048,64715204.110909976,219531768.07180098,-3536860.3905077977,60223594.08928101
-104689552.35284282,26589715.223086394,-284409669.7515272,-203002627.37296394,-28012674.82031914,-79725860.14899561,225103357.79654497,-360420515.1535062,-390722912.2719391,53660833.92852375,464840105.5613364,97032163.5546524,213585651.55247635,46483873.93825779,169290695.21550563,-151670918.1240907,48955388.258376434,-130791456.63941829,-74592634.53829461,-215670409.6586206,-405169018.00227934,522733856.3305835,-380510922.5708245,-313269611.437308,82998545.95089519,75133069.93414067,-19883033.17814642,-130415085.24268892,452965134.4369769,-48035327.27213382,-14763899.819116088,-183819605.69912001,-64460616.90133955,458218870.24159294,186553716.70125332,326610605.26280004,-201351466.27919376,-439555296.74897265,-227658947.20196784,-283090063.0614331,-166519820.68929875,-177022895.91691583,-539812909.469483,113542915.81468727,-472644816.749508,-91176894.27096316,-129153320.67673711,496002367.3821118,642094142.8360491,255481074.84583503,132167271.63731825,123286767.8708659,-83493126.91417114,-283231644.3326382,4563126.363771634,-77698221.18178658
76206118.19368926,-19355312.375032634,207028843.59394822,147770641.0138782,20391120.073904146,58034428.5587099,-163858309.99137756,262359020.95708674,284416886.37732303,-39061050.36367077,-338368627.34184366,-70632115.36257091,-155474286.47181833,-33836763.30780714,-123230890.57631877,110405018.35650283,-35635839.81491278,95206341.19940397,54297826.460333966,156991833.46411884,294932564.7522346,-380510922.5708245,276983326.1248334,228036710.25039536,-60416697.6396873,-54691222.64195175,14473352.4778534,94932371.0619616,-329724541.66844285,34966104.560187,10747008.470399888,133806844.41090503,46922479.88336931,-333548866.0004975,-135797071.52408826,-237747950.07084593,146568720.0049482,319963188.7480757,165718586.9767627,206068269.22644767,121213902.28215945,128859351.03740641,392943188.3597165,-82650700.89656095,344049869.90892696,66369919.92580056,94013901.26791374,-361052409.7017999,-467396231.6854639,-185971002.83707088,-96207830.99783695,-89743492.17914724,60776715.2682194,206171329.88265374,-3321612.576040226,56558459.77559893
62739487.945262,-15934972.874178806,170444109.0014353,121657614.97501847,16787740.85038147,47778978.304986134,-134902379.00792757,215996713.52041727,234156662.04227898,-32158447.223168526,-278574417.2171814,-58150486.26749877,-127999924.47845823,-27857360.02289017,-101454363.2927403,90894992.13946179,-29338516.013482235,78382122.63252676,44702683.03821107,129249300.29854372,242814082.29005823,-313269611.437308,228036710.25039536,187739609.48376516,-49740269.079651274,-45026559.94441172,11915720.535526082,78156566.08435938,-271457855.48261833,28787131.296266176,8847870.558401035,110161406.252967,38630658.01113912,-274606370.39912415,-111799933.83547038,-195734744.4348657,120668089.68609881,263421463.4734282,136433921.59358877,169653281.04869768,99793802.83118361,106088200.6505351,323504931.08568275,-68045228.67122187,283251708.8381964,54641477.97303244,77400401.21649575,-297249675.7985455,-384801136.99882567,-153107467.580537,-79206635.80314301,-73884630.01072228,50036666.04537154,169738130.58014205,-2734638.698761614,46563831.58450218
-16622378.414180504,4221857.299929096,-45157948.94609452,-32232316.14645729,-4447792.68271924,-12658699.332710193,35741421.208624326,-57226786.68112145,-62038135.115179084,8520151.356403384,73806302.17934236,15406555.776457725,33912665.775840975,7380608.651462425,26879609.114429086,-24081979.080611672,7773030.396696747,-20766783.90135738,-11843656.792235473,-34243678.69764247,-64331857.41441183,82998545.95089519,-60416697.6396873,-49740269.079651274,13178329.384150319,11929465.179231726,-3156985.4501465918,-20707024.02575747,71920819.83303833,-7626944.684626469,-2344180.398406723,-29186477.956518635,-10234917.279296378,72754995.99950135,29620594.093207117,51858522.781650156,-31970148.68271971,-69791635.5660541,-36147193.04946696,-44948424.840640225,-26439655.14599558,-28107311.364466783,-85710320.5851127,18028097.022378836,-75045517.05161586,-14476869.521193344,-20506683.12838038,78754178.79385756,101950312.39975448,40564729.85705519,20985232.707057267,19575204.726686336,-13256857.247797916,-44970905.64783639,724522.4802930861,-12336754.318348397
-15047136.946889384,3821766.8054922023,-40878492.03734856,-29177774.50072243,-4026289.5615139618,-11459078.792139528,32354335.647823814,-51803607.70817009,-56159002.37359416,7712725.826622806,66811941.99727902,13946531.99588733,30698883.320619125,6681174.474059957,24332323.912527587,-21799815.471861266,7036407.695331208,-18798788.94309831,-10721275.136767503,-30998528.042197812,-58235355.14705423,75133069.93414067,-54691222.64195175,-45026559.94441172,11929465.179231726,10798953.016753161,-2857808.165138618,-18744693.01445071,65105140.4603284,-6904166.696966691,-2122030.0380710117,-26420579.022048846,-9264989.749149356,65860265.682535164,26813555.631198026,46944074.80586744,-28940451.214835737,-63177730.37648203,-32721652.47060714,-40688823.49611564,-23934063.67171961,-25443680.841172874,-77587859.87341118,16319639.334696207,-67933721.2423983,-13104947.689524317,-18563338.778715096,71290925.37123276,92288845.92447083,36720555.35394197,18996536.313691664,17720133.08894788,-12000552.252198545,-40709172.51729619,655863.3799770249,-11167644.821894078
3982036.1912940666,-1011383.20031509,10817984.262178563,7721535.442549079,1065508.8174841444,3032503.3980976427,-8562171.728123639,13709181.431433102,14861782.063133765,-2041077.97188137,-17680950.327710934,-3690775.941254855,-8124078.043240792,-1768089.9726561373,-6439247.5597546855,5769050.535290126,-1862098.1207804868,4974866.608686337,2837252.663274802,8203374.7324576955,15411264.318870489,-19883033.17814642,14473352.4778534,11915720.535526082,-3156985.4501465918,-2857808.165138618,756284.2327722759,4960550.228399348,-17229266.217402138,1827101.6385012993,561569.4669486133,6991878.324468119,2451865.132161442,-17429099.97013917,-7095874.61369038,-12423166.614925085,7658731.176410769,16719201.8909567,8659378.718024625,10767791.066770913,6333852.258755797,6733354.642615946,20532662.424287688,-4318789.145575974,17977814.991820566,3468061.981221266,4912556.240502778,-18866258.10825629,-24423095.431167692,-9717638.449619634,-5027197.851761715,-4689412.470105193,3175796.960560115,10773177.25459386,-173565.0596855218,2955377.8656769083
26118638.704077054,-6633777.297908859,70956397.43582724,50646432.47815003,6988786.866341441,19890532.790252168,-56160268.03839405,89920083.97227107,97480125.49422501,-13387658.445939222,-115971371.05496192,-24208223.143130697,-53286755.06206385,-11597103.052392205,-42235757.6910889,37839859.629692905,-12213712.740330368,32630714.151864715,18609861.824461408,53806874.13506274,101084235.34860547,-130415085.24268892,94932371.0619616,78156566.08435938,-20707024.02575747,-18744693.01445071,4960550.228399348,32536814.4267381,-113008724.99157862,11984169.759430094,3683395.0783060226,45860525.96776026,16082059.39221002,-114319461.45483056,-46542649.970781855,-81484965.01126511,50234490.01027713,109663150.52258772,56797853.540489614,70627173.31198724,41544461.53280413,44164838.10236055,134676079.82527152,-28327434.327016454,117918541.75167996,22747412.16817237,32222020.928193815,-123745937.46803714,-160193875.5102869,-63739101.14146678,-32973961.5112825,-30758394.723107334,20830415.185733758,70662496.14921282,-1138438.6168749752,19384663.841332603
-90716751.22983332,23040814.71165173,-246449819.0664776,-175908086.46479884,-24273853.361196183,-69084935.87026791,195059056.39154392,-312315579.15837145,-338573548.1643179,46498780.46252901,402798399.8932925,84081385.75634249,185078605.86095047,40279721.59635676,146695649.37291834,-131427564.86292243,42421365.57052474,-113334862.4725189,-64636836.33429948,-186885113.59242666,-351091547.72634906,452965134.4369769,-329724541.66844285,-271457855.48261833,71920819.83303833,65105140.4603284,-17229266.217402138,-113008724.99157862,392508368.3263582,-41624104.15982159,-12793378.059208315,-159285401.90310046,-55857128.10518943,397060893.74468505,161654594.07469952,283018241.3283044,-174477304.0318509,-380888327.1105277,-197273553.97822237,-245306338.839445,-144294600.50943685,-153395841.60101932,-467764664.8667865,98388465.7960682,-409561424.7442938,-79007612.87448992,-111915366.82537872,429801468.3361356,556394532.7595192,221382292.37828508,114527048.94035384,106831816.46350363,-72349389.65715481,-245429023.34918424,3954090.888210195,-67327923.74824592
9620186.4143857155,-2443395.6987140705,26135119.218098786,18654421.398465753,2574154.690236479,7326209.40426685,-20685313.35990911,33119946.450908065,35904509.97043642,-4931028.572804086,-42715325.005482845,-8916529.391418325,-19626922.061188906,-4271519.901400377,-15556547.150381254,13937421.608509144,-4498633.535608082,12018755.31369576,6854504.454221201,19818495.878973756,37231998.5521098,-48035327.27213382,34966104.560187,28787131.296266176,-7626944.684626469,-6904166.696966691,1827101.6385012993,11984169.759430094,-41624104.15982159,4414086.973631501,1356691.6782077125,16891645.233279634,5923447.816152325,-42106883.352881424,-17142889.5862206,-30013068.845848978,18502691.947302483,40391840.26216549,20920152.56495341,26013857.180502415,15301924.719832541,16267078.417841762,49604764.484133944,-10433743.939653441,43432519.599888794,8378473.743495558,11868223.280790338,-45578903.390365094,-59003644.03772099,-23476797.82992881,-12145182.449776137,-11329130.967307914,7672393.1967867045,26026867.137671933,-419317.4353836074,7139884.890226329
2956811.642783841,-750990.0563126251,8032760.126933674,5733530.4268217655,791180.3397691192,2251747.7963321214,-6357734.501578812,10179582.725758495,11035432.045545163,-1515577.1295947006,-13128770.490774464,-2740539.9326630724,-6032433.44404726,-1312873.2887596902,-4781383.4471510695,4283736.9569213,-1382677.8721415442,3694025.5184852644,2106766.786586122,6091314.228176202,11443443.258956628,-14763899.819116088,10747008.470399888,8847870.558401035,-2344180.398406723,-2122030.0380710117,561569.4669486133,3683395.0783060226,-12793378.059208315,1356691.6782077125,416986.43552487664,5191732.571102705,1820602.0470516717,-12941762.149245631,-5268953.728134972,-9224668.361840183,5686895.890199384,12414636.101389112,6429914.325364125,7995489.787620685,4703123.485495518,4999769.010515963,15246273.970688222,-3206863.3557593063,13349203.672262091,2575166.426188537,3647757.7532546823,-14008906.08105253,-18135066.779185373,-7215711.975068456,-3732883.4369761455,-3482065.1100745853,2358148.6671921397,7999489.214626933,-128878.60285307709,2194479.209831189
36814129.43117342,-9350285.87981061,100012793.45112269,71385969.13237987,9850670.85668436,28035636.393628407,-79157700.81422876,126742043.38917671,137397895.34130695,-18869857.85300949,-163461241.20612594,-34121405.618124835,-75107494.5740826,-16346076.153789336,-59531152.56568638,53335149.62338409,-17215185.366067052,45992877.41055347,26230535.122198034,75840600.47644702,142477875.80404475,-183819605.69912001,133806844.41090503,110161406.252967,-29186477.956518635,-26420579.022048846,6991878.324468119,45860525.96776026,-159285401.90310046,16891645.233279634,5191732.571102705,64640250.75187323,22667606.508526187,-161132880.21012568,-65601702.1273404,-114852772.8015959,70805337.74302998,154569826.56543285,80056375.5692496,99548753.2458604,58556772.92166498,62250184.7011108,189825462.5560014,-39927419.31819805,166205771.42813742,32062397.834914036,45416825.47154032,-174419465.42082903,-225792706.11741248,-89840039.70010644,-46476683.33378031,-43353849.48999412,29360397.209505115,99598540.86844946,-1604625.0420726598,27322615.65961398
12909729.116222525,-3278895.1234222716,35071810.05994497,25033149.194019366,3454367.482626136,9831347.852716995,-27758486.83594633,44445043.42926482,48181765.304222815,-6617154.782934162,-57321483.388106026,-11965463.642590351,-26338188.616663672,-5732131.6155399205,-20875982.486482777,18703209.967504982,-6036905.015303163,16128471.845649961,9198347.037621085,26595268.89721652,49963179.30889753,-64460616.90133955,46922479.88336931,38630658.01113912,-10234917.279296378,-9264989.749149356,2451865.132161442,16082059.39221002,-55857128.10518943,5923447.816152325,1820602.0470516717,22667606.508526187,7948923.494195445,-56504988.85292953,-23004761.725882757,-40275794.481992505,24829537.541444015,54203502.50366084,28073628.72987144,34909083.715178356,20534293.205908854,21829474.47086558,66566709.9459293,-14001477.18766109,58283916.53109007,11243425.237778299,15926464.987732247,-61164239.69237794,-79179459.66996107,-31504497.80818636,-16298129.551039405,-15203034.596686436,10295905.620393462,34926543.554977655,-562698.4356275569,9581309.858345762
-91768934.65590978,23308054.514096756,-249308278.47896114,-177948364.01236972,-24555393.66920651,-69886220.02333376,197321458.18923602,-315937984.6025452,-342500508.1444648,47038097.8560779,407470274.4586025,85056607.69200952,187225248.0323598,40746907.554629356,148397104.89063245,-132951932.948479,42913391.40838025,-114649381.21396367,-65386529.14204611,-189052709.0616666,-355163697.2528422,458218870.24159294,-333548866.0004975,-274606370.39912415,72754995.99950135,65860265.682535164,-17429099.97013917,-114319461.45483056,397060893.74468505,-42106883.352881424,-12941762.149245631,-161132880.21012568,-56504988.85292953,401666222.414955,163529551.62757963,286300840.1929803,-176500986.2808742,-385306076.35228026,-199561639.81766677,-248151535.36956745,-145968207.88730595,-155175009.36763403,-473190053.98295814,99529629.1459468,-414311740.75932133,-79923985.7572056,-113213422.58543552,434786538.7764321,562847899.4411557,223950004.63757375,115855395.41845237,108070910.33758433,-73188537.23443991,-248275642.0030693,3999953.3901416087,-68108830.02178401
-37361698.57758221,9489360.911443347,-101500371.93115897,-72447755.56108567,-9997188.437953116,-28452635.063146666,80335083.16829085,-128627189.45575398,-139441535.32737157,19150525.788735826,165892544.2873337,34628923.396773875,76224634.52514748,16589205.732989991,60416611.821388975,-54128450.28018641,17471241.963737283,-46676969.938545674,-26620684.94583609,-76968644.61207518,-144597074.69100636,186553716.70125332,-135797071.52408826,-111799933.83547038,29620594.093207117,26813555.631198026,-7095874.61369038,-46542649.970781855,161654594.07469952,-17142889.5862206,-5268953.728134972,-65601702.1273404,-23004761.725882757,163529551.62757963,66577454.024878435,116561079.25185771,-71858487.8914321,-156868879.75191805,-81247124.59294496,-101029429.62506524,-59427739.43580511,-63176086.49067177,-192648903.99909508,40521295.07097565,-168677896.35247505,-32539290.092245188,-46092350.00763225,177013759.78051257,229151120.09669164,91176309.8040561,47167971.9472688,43998689.55299717,-29797100.277956642,-101079957.67907399,1628492.144413467,-27729009.054943107
-65411331.36594493,16613584.366091529,-177702693.33135447,-126838562.7062966,-17502668.01898524,-49813707.95329868,140647372.7659391,-225195214.25728065,-244128528.00520286,33527956.090726256,290437870.9636583,60626900.54528751,133450967.68252102,29043701.844761595,105774929.09460525,-94765873.45235527,30587934.747686762,-81720126.91877049,-46606404.72848781,-134753550.05508742,-253154635.15644544,326610605.26280004,-237747950.07084593,-195734744.4348657,51858522.781650156,46944074.80586744,-12423166.614925085,-81484965.01126511,283018241.3283044,-30013068.845848978,-9224668.361840183,-114852772.8015959,-40275794.481992505,286300840.1929803,116561079.25185771,204070362.7883797,-125806897.01595113,-274639608.7472097,-142244137.55250147,-176878186.83756134,-104043651.81764081,-110606104.31232682,-337281809.4947473,70943023.49595787,-295314351.25602704,-56968456.17058633,-80696598.26653105,309908439.4914694,401188394.16684735,159627748.27963537,82579753.11979143,77031103.30915529,-52167542.56515267,-176966649.30403432,2851097.3186452626,-48546813.159632005
40325290.2619029,-10242072.731072977,109551549.39601293,78194431.4448965,10790182.042239858,30709545.201728497,-86707394.87129888,138830111.04300553,150502268.70495638,-20669577.24092966,-179051415.4855113,-37375746.89331139,-82270898.7026026,-17905088.998738453,-65208957.491845354,58422008.5619951,-18857089.808057,50379464.4904167,28732281.760068726,83073924.87100004,156066754.05346102,-201351466.27919376,146568720.0049482,120668089.68609881,-31970148.68271971,-28940451.214835737,7658731.176410769,50234490.01027713,-174477304.0318509,18502691.947302483,5686895.890199384,70805337.74302998,24829537.541444015,-176500986.2808742,-71858487.8914321,-125806897.01595113,77558422.10935213,169311978.97066244,87691780.99321055,109043251.17884827,64141646.07565465,68187318.2743502,207930133.90031558,-43735511.23280938,182057706.27202618,35120360.4628306,49748471.4636317,-191054784.22516143,-247327766.18142983,-98408565.59768756,-50909413.58362646,-47488738.403747655,32160655.587389868,109097787.25906841,-1757666.7814437244,29928519.919176534
