V1,V2,V3,V4,V5,V6,V7,V8,V9,V10,V11,V12,V13,V14,V15,V16,V17,V18,V19,V20,V21,V22,V23,V24,V25,V26,V27,V28,V29,V30,V31,V32,V33,V34,V35,V36,V37,V38,V39,V40,V41,V42,V43,V44,V45,V46,V47,V48,V49,V50,V51,V52,V53,V54,V55,V56
1976.4530022959705,1124.0504665290207,561.4314919334128,-1374.4916813159757,578.9010663843914,646.2699708667482,-1456.7127893163315,-1287.0541526153127,387.67040480233993,748.3163666430569,-2884.7759843620775,2577.040821126527,2027.3435236427388,-323.6206213088772,1469.1649027533406,-192.6852802136739,-1577.7322198589768,-677.3879875281385,1199.7941784252187,716.1702798136095,1756.9369685702954,626.9372496541687,-569.5665767708922,291.0062273807648,-1808.3891801269447,2087.087229571162,-579.3176989237178,-866.9621998599025,801.6633108317504,1652.800417805298,-1945.2678502044012,-868.7261389028395,257.9404097552362,692.4231907248379,-1918.29202725285,1472.0750131499133,-2099.079298343246,-1223.6673364168955,-1214.1377687474965,-1217.0182715909502,-614.9461811390606,1667.3021466649598,-738.7843248924097,-1568.9250775362457,2187.2943250754893,-307.6087812259635,1169.6085881137249,332.0700776344715,493.391431806033,3162.3971090626737,1193.8783017886703,683.1863840617804,3559.606994126242,2101.447811372731,-843.7066774388625,809.8737750306534
1124.0504665290207,640.7116724931432,318.970917937879,-782.2732055757652,329.5786245012932,369.00230135851075,-829.8407653244537,-732.1661898865486,222.80290263259957,425.98797810020926,-1643.928277713249,1466.0639179807813,1154.3991389541384,-183.84222815665026,836.4814954618445,-109.74089869409137,-897.8378682189602,-385.1042992368325,683.2908837405178,408.60459093611047,1001.2183389514289,356.7859733484375,-324.01381086181243,165.15584668153062,-1030.0427695158883,1187.5461689540386,-331.16336094456483,-494.98114801655584,456.77922153269145,940.3543721451556,-1108.9432847454232,-494.51332924448576,146.13604122129908,394.7241373407478,-1093.0607056372667,839.5029187103011,-1194.1176430643955,-697.8008611198948,-692.6481487183697,-693.1509672425759,-350.75499996160636,948.2349400500252,-419.8893630116774,-893.6770917345757,1245.5758284949588,-174.83574118021446,666.7828015190256,189.81747215643603,279.33535768738494,1800.6676917750533,679.2032872177805,388.49935086293635,2025.9811609085316,1196.402053696458,-480.8565004642445,462.44825348348655
561.4314919334128,318.970917937879,159.62484465833222,-390.3183343446465,164.37494028605136,183.22367514659763,-413.4804452119891,-365.51069478483026,109.58120952669147,212.44356158262084,-818.70225303937,731.9564050729339,575.558198893161,-91.96405447208306,417.12217018674784,-54.71533773791233,-448.0016980044045,-192.43075527948375,340.61388700772824,203.1441747564449,498.6467228355754,178.03502892018255,-161.8362345639897,82.72993979812203,-513.3697557994578,592.7351245381325,-164.20506090607023,-245.8337846024883,227.5021921240124,469.3944521002302,-551.9660609460432,-246.67753622262447,73.43000818634026,196.5234694742736,-544.454938267003,417.6644573329737,-596.2220659909605,-347.16029110673003,-344.3872675345008,-345.46307584252236,-174.42220983334266,473.6655524952614,-209.92057724324272,-445.41031841324565,621.0119436981036,-87.40839230848395,331.8429235506512,94.13859513042992,140.4175022651618,897.8204024636772,339.1149042157537,194.06843904482747,1010.8144439810964,596.6377590587309,-239.47016196696038,229.69601364475307
-1374.4916813159757,-782.2732055757652,-390.3183343446465,956.1074953882772,-402.7271501850588,-450.01115733418294,1013.5992104368288,895.1360763629051,-270.51533518992983,-520.5687113966004,2007.4931781228754,-1792.347406595639,-1410.4509633550965,224.9752092936658,-1022.0838453883781,134.06734849786662,1097.4246216308748,471.0200862892108,-834.7540293348497,-498.56775013434117,-1222.6410747097218,-436.0916165147475,396.1330009521561,-202.23175466349872,1258.2468747757023,-1451.664849123355,403.55211330391796,603.6732210792338,-557.8425230356537,-1149.563270209214,1353.8549736325044,604.3274794608811,-179.1618370475232,-481.9120421116702,1334.8888367889917,-1024.6564340606187,1459.9019765724588,851.7376136842709,845.2025066144295,846.7559000210599,428.0667939237269,-1159.5098081416015,513.6630890615587,1091.6489358685315,-1521.7733704895222,213.87795902582394,-814.0176983516158,-231.32134404789872,-342.6169905287715,-2200.0945720621585,-830.355887140195,-475.0959350577798,-2476.092865805299,-1461.9276214439024,587.1580331273058,-563.9615582480687
578.9010663843914,329.5786245012932,164.37494028605136,-402.7271501850588,169.6455117441945,189.63774735603457,-427.0026512730762,-377.0168597071433,114.10406052344801,219.2728365764054,-845.7414577079929,754.9247493928041,594.1447563101378,-94.73660485499549,430.54244799360185,-56.47789480413151,-462.241474239146,-198.3679330816528,351.6482919032335,210.08071811875274,515.0946493452884,183.68744329088602,-166.85659526625705,85.15008419047162,-530.0603780279157,611.4456747623107,-170.09224714414907,-254.39420215584173,235.00855620884815,484.19076002849306,-570.3988501660638,-254.5593805454311,75.42130714964897,203.04122721092676,-562.3721342986407,431.72814810454656,-614.9011327861236,-358.861293530324,-356.1323191513793,-356.7029729231578,-180.35923493143406,488.36197412162034,-216.32128892095272,-459.88165272435,641.0539717766032,-90.07301633735158,342.9542601048359,97.49968925102489,144.20647111675618,926.7783830129458,349.7445514790419,200.09239222652093,1042.9817290096796,615.8147962571605,-247.372815760509,237.66845732218428
646.2699708667482,369.00230135851075,183.22367514659763,-450.01115733418294,189.63774735603457,212.80049817004343,-477.71617189784797,-421.0571969839261,129.1189118367958,245.1074318738604,-946.6090203102899,843.096761383686,664.3362624784193,-105.6134636041444,481.3387766850318,-63.15771655709073,-516.4636523632997,-221.35967446737442,393.26292156667307,235.4938528992697,576.5162918845335,205.23532197576125,-186.30695777265734,94.8089477652878,-592.8957939218493,683.0239620148712,-191.12965778087715,-285.4266660195938,263.0061878131175,540.8219493835243,-638.7352661950107,-284.51283566460376,83.76534068329222,227.33495000829248,-629.3552588637991,483.6643124188249,-686.6862995957944,-402.01858617125237,-399.17641040819433,-398.96973360786336,-202.1213434236802,545.169440443721,-241.2944811873599,-514.4064054290799,716.8256545267568,-100.47171656787332,384.0742222743932,109.5441627501446,160.0597001050639,1036.2260011689311,390.59120335090086,223.34949460555043,1165.501305852394,688.4243383337716,-276.8978571254887,266.67089409167824
-1456.7127893163315,-829.8407653244537,-413.4804452119891,1013.5992104368288,-427.0026512730762,-477.71617189784797,1074.9703047179921,948.7896909218475,-287.950241031578,-551.9239810164953,2129.3401359709064,-1899.7977700115596,-1495.573521772732,238.32170379601067,-1083.722310631181,142.1670663883184,1163.36951715512,499.12148262223303,-885.1932345106669,-529.0918720772648,-1296.8526765228075,-462.30222668797694,419.87198573666575,-214.14813872860475,1334.353906455182,-1538.80712500752,428.59672167096096,640.8190436996562,-591.6741574547556,-1218.5281765864984,1436.2507537538902,640.7150596501074,-189.57477239238304,-511.2307134601307,1415.8515692188769,-1087.1780633031894,1547.4039951654106,903.6864597561703,896.9130212200413,897.9488135033355,454.21981624005366,-1228.8657611592828,544.2433129136028,1157.689749519567,-1613.6600399523943,226.61392691981126,-863.5717573992238,-245.67015881109543,-362.43511925765927,-2332.850970350737,-880.1408828414717,-503.4902833954179,-2625.039821444283,-1550.0538815635782,622.8209351965044,-598.6839390361447
-1287.0541526153127,-732.1661898865486,-365.51069478483026,895.1360763629051,-377.0168597071433,-421.0571969839261,948.7896909218475,838.1826487091837,-252.7609106365692,-487.3772196709056,1878.9921374484418,-1678.200401687542,-1320.391500945226,210.71997663558022,-956.8362889394552,125.4865621960106,1027.516999736607,441.1055342954133,-781.4148387220749,-466.5350166736585,-1144.3577283249922,-408.29154775017645,370.86259720619074,-189.46232833483487,1177.796883127907,-1359.1739239417316,377.4522271933427,564.811112205884,-522.168924088687,-1076.356666387519,1267.103396977489,565.7648210875236,-167.8722867947063,-450.9959463171084,1249.4518159330185,-958.8936694788403,1366.9282195672904,797.1084877081021,790.9327012912506,792.6591963539457,400.6079496366397,-1085.7035093073212,481.05356097719255,1021.8202821491309,-1424.5317545310265,200.29626539255705,-761.8751010714999,-216.35164549465463,-321.1416879920099,-2059.6220845094686,-777.4552707313658,-444.88856749093054,-2318.18392924874,-1368.6311105144982,549.5297597929004,-527.5879920300943
387.67040480233993,222.80290263259957,109.58120952669147,-270.51533518992983,114.10406052344801,129.1189118367958,-287.950241031578,-252.7609106365692,79.80950867930817,147.43453019466682,-571.1578451910115,506.18915157327353,399.9267654536856,-63.14369592609285,289.677670267219,-38.04417148166799,-310.3502315484978,-132.64125695646044,236.85526002032324,142.58244574553606,347.8617675093964,123.34536009236568,-111.85527271093373,56.521143493490435,-357.249380981849,410.294260884168,-116.36617296080703,-173.16299362539345,158.63044518967217,324.78861310281434,-385.8094705825794,-171.1231599559729,49.68472081199808,137.30969266449173,-379.62781220866657,292.460910920168,-412.24881986216707,-243.04042733862786,-241.6165579036288,-240.34246474971795,-122.27316841928072,327.03223509923794,-144.46859261505725,-309.9890210864334,431.6301368062836,-60.15707645586341,232.01034362336435,66.6834995239216,94.7315246452259,623.7576843156352,234.5222508416252,133.93076921845724,700.7111631946094,414.2313007721771,-167.13033754425095,161.84647925550152
748.3163666430569,425.98797810020926,212.44356158262084,-520.5687113966004,219.2728365764054,245.1074318738604,-551.9239810164953,-487.3772196709056,147.43453019466682,283.45980248268825,-1093.158107038967,975.8273158029986,767.9916489288374,-122.47657666945865,556.5147332011423,-72.9923627972252,-597.5322545797156,-256.4413833731932,454.51884750332914,271.5167309476659,665.7594198420145,237.43602530193672,-215.63722796868063,110.08419636221933,-685.1117307724606,790.3659779274979,-219.80181513904154,-328.7816978096829,303.7756959998864,625.8918663048859,-737.2571292945311,-329.04013821214625,97.48732340523027,262.40421230080256,-726.8822810790806,557.9901122045134,-794.821046574978,-463.8419721593328,-460.30199462406625,-461.07455545724684,-233.13592751448866,631.2450708347349,-279.63850662186053,-594.3883145944297,828.5775431479099,-116.43202214758247,443.301707672471,125.985166191275,186.4612883247289,1197.942656344556,452.0683955611102,258.66001793168095,1348.1526047657323,796.009686365253,-319.71407048889637,307.1240920036011
-2884.7759843620775,-1643.928277713249,-818.70225303937,2007.4931781228754,-845.7414577079929,-946.6090203102899,2129.3401359709064,1878.9921374484418,-571.1578451910115,-1093.158107038967,4218.109626628064,-3762.410388882446,-2962.293721600206,471.8770127073636,-2146.501664128113,281.601926452954,2304.0719072122693,988.3734918024558,-1753.3480720470852,-1048.2924765862847,-2568.9955816690185,-915.6029908380116,831.5214496702213,-423.94357782381803,2643.089999686461,-3047.5763443954165,849.4360675345858,1269.7941182608533,-1172.0506091816972,-2413.238934818152,2845.2976571816935,1269.0111905351368,-375.2010960985063,-1012.7752820685981,2804.6837393394776,-2153.8909104349123,3064.505713854438,1790.3437378344381,1777.035479178777,1778.637436754127,899.9147299052219,-2433.5661317652066,1077.6776522051896,2293.169194637161,-3196.2279376048336,448.7249549025793,-1710.7999081044466,-486.8885962339584,-717.2419381116068,-4620.672961912741,-1743.0578273665817,-997.0626506547776,-5199.072272705252,-3070.125668116111,1233.797363770284,-1186.3300598917303
2577.040821126527,1466.0639179807813,731.9564050729339,-1792.347406595639,754.9247493928041,843.096761383686,-1899.7977700115596,-1678.200401687542,506.18915157327353,975.8273158029986,-3762.410388882446,3360.280856717625,2643.8360512131735,-421.893326645084,1915.8965281246587,-251.2929162045442,-2057.3179424752375,-883.1759571558605,1564.6763469400225,934.2021105775063,2291.4591391659183,817.5212715727365,-742.6879516503922,379.3203845858847,-2358.4117795393504,2721.477082771774,-755.8915797189281,-1131.0035752330625,1045.5258017236908,2155.152458089522,-2537.1986964756957,-1132.8542035527912,336.1576376722043,903.136122601719,-2501.8679561631902,1920.1273140109113,-2737.0409292735935,-1596.0924773499692,-1583.7430532735214,-1587.1454189514134,-802.1254183317839,2173.9688456458684,-963.1920183640965,-2046.1331202683994,2852.47564408535,-401.0487138976321,1525.5069669280672,433.2870108156912,642.9190042694435,4124.028797519311,1556.7438612210924,890.7725433087429,4641.762846866853,2740.4125979605374,-1100.4176006328278,1056.5725468994249
2027.3435236427388,1154.3991389541384,575.558198893161,-1410.4509633550965,594.1447563101378,664.3362624784193,-1495.573521772732,-1320.391500945226,399.9267654536856,767.9916489288374,-2962.293721600206,2643.8360512131735,2080.934601157107,-331.75526912531564,1507.9122645557204,-197.80088806140475,-1618.9004130853648,-694.6942898872718,1231.608659541673,735.8881056520917,1804.1470796768958,643.3141671125721,-584.3047834274313,298.15600223943005,-1856.4936229187178,2141.3906029871305,-595.8874000047333,-891.1637148683998,823.1484424990707,1695.7272284964345,-1997.9411141641554,-891.5413978014715,264.0304199780044,711.1587681979144,-1969.7360410075105,1512.2386176096797,-2153.4415115163342,-1257.0228277561541,-1247.501935667952,-1249.345025641231,-631.794654870829,1710.2344834257958,-757.5354435984214,-1610.6877206128959,2245.1953912007075,-315.4194634051824,1201.2975848548333,341.56044335738846,504.86190550558956,3245.9312249192676,1224.831202583303,700.7373224710625,3652.7816268066604,2156.805765815601,-866.4284040733596,832.5393465822906
-323.6206213088772,-183.84222815665026,-91.96405447208306,224.9752092936658,-94.73660485499549,-105.6134636041444,238.32170379601067,210.71997663558022,-63.14369592609285,-122.47657666945865,471.8770127073636,-421.893326645084,-331.75526912531564,53.02158732910241,-240.4236952261446,31.525532926372126,258.26317783691496,110.93799829004183,-196.3141977892573,-117.07632426222129,-287.3853028849692,-102.62004284305962,93.23574176772561,-47.698851575123,295.8718260977559,-341.6520099733585,94.60904645741057,141.67804810326552,-131.1441057603642,-270.5763396286697,318.1401824235575,142.17899455954307,-42.310096272712144,-113.235976591588,313.7961333787493,-240.70131607259526,343.6473057319567,200.0952288008267,198.496144610117,199.13073023751082,100.5499067195579,-272.9921996211809,121.00638009206942,256.68463202101015,-357.90430223386943,50.38096523042245,-191.28631291969828,-54.22973365725064,-80.97307386937196,-517.4983021355033,-195.4468257457713,-111.87169272058685,-582.6162135565214,-343.9094399248971,137.99413950382467,-132.33135532937382
1469.1649027533406,836.4814954618445,417.12217018674784,-1022.0838453883781,430.54244799360185,481.3387766850318,-1083.722310631181,-956.8362889394552,289.677670267219,556.5147332011423,-2146.501664128113,1915.8965281246587,1507.9122645557204,-240.4236952261446,1092.6921546602703,-143.33362885016064,-1173.1394273337298,-503.43372219648114,892.4615768260745,533.201320776538,1307.3023525905915,466.1782037308462,-423.4359343788788,216.0876174846679,-1345.2626813255026,1551.780480161887,-431.7281556479427,-645.6892260707873,596.4602772539682,1228.8264412570684,-1447.695365349307,-646.0496639276745,191.37278187576905,515.3087199842524,-1427.296316795092,1095.7452850352818,-1560.5301724837539,-910.8200657086774,-903.9025773003677,-905.3064213984192,-457.778540436573,1239.3693727676211,-548.9846683905437,-1167.1471841084228,1626.9461528620711,-228.58601547844225,870.4504397759196,247.46721571578405,365.9308227899159,2352.1152033480607,887.5951866541379,507.8093676224178,2646.9919981294015,1562.9038970775111,-627.8254863217091,603.2171119296835
-192.6852802136739,-109.74089869409137,-54.71533773791233,134.06734849786662,-56.47789480413151,-63.15771655709073,142.1670663883184,125.4865621960106,-38.04417148166799,-72.9923627972252,281.601926452954,-251.2929162045442,-197.80088806140475,31.525532926372126,-143.33362885016064,18.806895392323693,153.86395954340483,66.01872706394754,-117.07504893574784,-69.9636082659553,-171.51254941903716,-61.14719334272847,55.55102819854457,-28.328309695999884,176.48234697992405,-203.53658297482733,56.669573459160674,84.72975708246739,-78.24298992383422,-161.17029937209884,189.93213765298165,84.74568267852487,-25.093205674622162,-67.61740706170933,187.25044830237707,-143.77405080209434,204.68296964343696,119.50197044408498,118.59821226705571,118.75495661830523,60.05926607457614,-162.55989988739015,71.99348499277075,153.12291611439966,-213.43186449477216,29.977475791506755,-114.19342804177371,-32.486256184500036,-47.95780362423776,-308.53863364799633,-116.42358640407927,-66.59833452936125,-347.2040451147683,-205.00877006428126,82.37508623683439,-79.17403817513755
-1577.7322198589768,-897.8378682189602,-448.0016980044045,1097.4246216308748,-462.241474239146,-516.4636523632997,1163.36951715512,1027.516999736607,-310.3502315484978,-597.5322545797156,2304.0719072122693,-2057.3179424752375,-1618.9004130853648,258.26317783691496,-1173.1394273337298,153.86395954340483,1259.6907386561759,540.6948000599542,-958.1021983598475,-572.1837588638567,-1403.2483192970092,-500.55245442660066,454.65244687721105,-232.17587434025194,1444.146260229808,-1666.266448385499,463.07171291959196,692.7895659967504,-640.2811696226511,-1319.5270562436517,1553.8422668220062,693.6398411553596,-205.669303287422,-553.0605558879096,1532.092592118287,-1175.9610294277736,1675.7224609136488,977.5382494574103,970.02535505495,971.8953329116559,491.30030060882024,-1330.9161191028086,589.640320156219,1252.908139513955,-1746.6180021709033,245.51057443257653,-934.2859477219254,-265.427573835007,-393.3910768667173,-2525.247119281816,-953.0941709918625,-545.3553920888061,-2842.0838467386584,-1678.0043118327949,673.8685920637827,-647.1556352148847
-677.3879875281385,-385.1042992368325,-192.43075527948375,471.0200862892108,-198.3679330816528,-221.35967446737442,499.12148262223303,441.1055342954133,-132.64125695646044,-256.4413833731932,988.3734918024558,-883.1759571558605,-694.6942898872718,110.93799829004183,-503.43372219648114,66.01872706394754,540.6948000599542,232.18204655570634,-411.1064858760522,-245.32138088250514,-601.9463113275999,-214.8452007442142,195.17842763848358,-99.7736949492039,619.6210946240063,-715.2475479314086,198.3747546727152,296.94300749418255,-274.67646217740867,-566.4316269444947,666.4432411210195,297.6908027609533,-88.44848513773545,-237.20831918267422,657.2443303925056,-504.2878805668107,719.3743737493797,419.20655059035175,415.91412381592806,417.01353811125267,210.6684231392317,-571.4156843729845,253.2318539083039,537.5616092257654,-749.4743225819656,105.43593116694655,-400.7143527667964,-113.70638782541344,-169.230338488816,-1083.636040502323,-409.1449348779705,-234.1559637977102,-1219.82283776427,-720.1073873322873,289.0519544404133,-277.3647740950451
1199.7941784252187,683.2908837405178,340.61388700772824,-834.7540293348497,351.6482919032335,393.26292156667307,-885.1932345106669,-781.4148387220749,236.85526002032324,454.51884750332914,-1753.3480720470852,1564.6763469400225,1231.608659541673,-196.3141977892573,892.4615768260745,-117.07504893574784,-958.1021983598475,-411.1064858760522,728.9500695175258,435.60424749693533,1067.8649455776856,380.733349762201,-345.8243619940157,176.42353312376798,-1098.8138652049447,1267.3321835407194,-352.78726397765735,-527.5452117008836,487.20162142114987,1003.5631461974965,-1182.5875000229908,-527.6535323540969,156.2216743184285,420.9507425631289,-1165.860919409175,895.1321500157025,-1274.454604689708,-744.0472570388375,-738.4375732814303,-739.4409364607533,-373.9646151603747,1012.1420387666848,-448.2935339352179,-953.3360906613916,1328.8562676681272,-186.66123566782417,711.0452026062961,202.2187280446756,298.6760356983458,1921.1212388897068,724.8884775899901,414.69302329773694,2161.862918427963,1276.4986907931523,-512.844725266571,492.861487003976
716.1702798136095,408.60459093611047,203.1441747564449,-498.56775013434117,210.08071811875274,235.4938528992697,-529.0918720772648,-466.5350166736585,142.58244574553606,271.5167309476659,-1048.2924765862847,934.2021105775063,735.8881056520917,-117.07632426222129,533.201320776538,-69.9636082659553,-572.1837588638567,-245.32138088250514,435.60424749693533,260.6907911295578,638.4576718695588,227.38556616017217,-206.46991274600228,105.129883701767,-656.7064655881294,756.7788984888128,-211.454893145333,-315.8903103226349,291.2586037363907,599.2293661855426,-707.2593213866222,-315.19530071727445,92.96159698976783,251.74850841087894,-696.9902045889063,535.5029946934857,-760.9034017628727,-445.0953646535768,-441.8878944919715,-441.90039709790784,-223.75227519663392,604.1605757761768,-267.4494153545119,-569.7768294851896,794.0411647506781,-111.36274257192574,425.2572354874388,121.20174800142888,177.63166766031392,1147.8463135991317,432.8063699004968,247.51096698915708,1291.2400659340262,762.6089098665485,-306.64653959411015,295.15075512446015
1756.9369685702954,1001.2183389514289,498.6467228355754,-1222.6410747097218,515.0946493452884,576.5162918845335,-1296.8526765228075,-1144.3577283249922,347.8617675093964,665.7594198420145,-2568.9955816690185,2291.4591391659183,1804.1470796768958,-287.3853028849692,1307.3023525905915,-171.51254941903716,-1403.2483192970092,-601.9463113275999,1067.8649455776856,638.4576718695588,1564.6335140415915,557.6372424409782,-506.4565825502153,258.1925673439417,-1609.7626018682183,1856.0913376896544,-517.3560876144434,-773.3622125699987,713.815963959898,1469.7464724423896,-1732.8986017385548,-772.8796477427281,228.5232176185504,616.8393638577593,-1708.1689688570311,1311.8193257259788,-1866.4133973852227,-1090.384403987675,-1082.2837110957498,-1083.253920825762,-548.0717164871804,1482.1547186343314,-656.3440209275486,-1396.6545187525567,1946.649672291392,-273.29135654460526,1041.931584214364,296.54830262542055,436.8136119163294,2814.1682811541623,1061.6017045704089,607.2429744126495,3166.4437197822804,1869.8187648947408,-751.4455229670913,722.5530726949338
626.9372496541687,356.7859733484375,178.03502892018255,-436.0916165147475,183.68744329088602,205.23532197576125,-462.30222668797694,-408.29154775017645,123.34536009236568,237.43602530193672,-915.6029908380116,817.5212715727365,643.3141671125721,-102.62004284305962,466.1782037308462,-61.14719334272847,-500.55245442660066,-214.8452007442142,380.733349762201,227.38556616017217,557.6372424409782,198.90957940261998,-180.68028877523548,92.24954695662281,-573.884596620393,662.1265793638779,-184.03616125228393,-275.31473444526023,254.42980468970757,524.3353878438987,-617.4785076081289,-275.6386320748967,81.72926838119083,219.7934604668251,-608.8352291312445,467.3260053116534,-665.8866964121347,-388.4622692654799,-385.47676356334296,-386.2063092820365,-195.23287916238428,528.8778264907708,-234.29654492199091,-497.89751626779986,694.0834717783943,-97.55708604806797,371.26057156278677,105.49293091133943,156.30010604200362,1003.4749802063482,378.7398571615784,216.7018396437384,1129.370700516446,666.7957455463004,-267.7955943124969,257.19906004605065
-569.5665767708922,-324.01381086181243,-161.8362345639897,396.1330009521561,-166.85659526625705,-186.30695777265734,419.87198573666575,370.86259720619074,-111.85527271093373,-215.63722796868063,831.5214496702213,-742.6879516503922,-584.3047834274313,93.23574176772561,-423.4359343788788,55.55102819854457,454.65244687721105,195.17842763848358,-345.8243619940157,-206.46991274600228,-506.4565825502153,-180.68028877523548,164.2070351630187,-83.83044590740452,521.2669362438287,-601.4874517148811,167.07889601957535,249.96255812913512,-231.05005427525097,-476.30255119936686,560.7319542107667,250.3802088668655,-74.32869394080937,-199.63852816303677,552.9454381872985,-424.38526776976113,604.9561685219335,352.7299583941673,350.0057765520364,350.76324506184335,177.24491390436495,-480.5256485735905,212.88384625159756,452.2682371361311,-630.4761431316095,88.64257751396714,-337.1215654622372,-95.78064750407283,-142.08232344405562,-911.4552507204568,-344.0901466655728,-196.8650534700847,-1025.9133806625912,-605.6483306393812,243.23222624729934,-233.5628590067677
291.0062273807648,165.15584668153062,82.72993979812203,-202.23175466349872,85.15008419047162,94.8089477652878,-214.14813872860475,-189.46232833483487,56.521143493490435,110.08419636221933,-423.94357782381803,379.3203845858847,298.15600223943005,-47.698851575123,216.0876174846679,-28.328309695999884,-232.17587434025194,-99.7736949492039,176.42353312376798,105.129883701767,258.1925673439417,92.24954695662281,-83.83044590740452,42.935472820445646,-265.8722382934769,307.1555641712874,-84.88298511620579,-127.18498878647443,117.83081056494227,243.264552783309,-285.7762714536993,-127.79456733359723,38.10704181873813,101.71642532364571,-281.9322403885108,216.17753736930248,-308.9773206806629,-179.71389537174386,-178.24931982456076,-178.94783784343926,-90.29622592821858,245.4757774738288,-108.84351924711655,-230.65258527044483,321.6465216658742,-45.31863283169905,171.82695992432053,48.654926867336,72.95341944687124,465.10008890410353,175.7235869756942,100.60160370506519,523.7243234001656,309.103129598191,-123.9708629709007,118.78170774747389
-1808.3891801269447,-1030.0427695158883,-513.3697557994578,1258.2468747757023,-530.0603780279157,-592.8957939218493,1334.353906455182,1177.796883127907,-357.249380981849,-685.1117307724606,2643.089999686461,-2358.4117795393504,-1856.4936229187178,295.8718260977559,-1345.2626813255026,176.48234697992405,1444.146260229808,619.6210946240063,-1098.8138652049447,-656.7064655881294,-1609.7626018682183,-573.884596620393,521.2669362438287,-265.8722382934769,1656.36696255545,-1910.2472519817402,531.9279561363008,795.3507045206652,-734.4223052425003,-1512.6568542443483,1782.739020245463,795.3582618049829,-235.41227826611296,-634.5874452394967,1757.4709372718235,-1349.4449708439229,1920.9635984899764,1121.6642594873047,1113.2398609738675,1114.6285295679766,563.7645275781686,-1525.5626154123133,675.6610802773869,1437.0814011856512,-2003.105920486048,281.3315462015585,-1071.8914931938473,-304.9030952868157,-450.0391540859202,-2895.8409911246126,-1092.61776896772,-625.039104955337,-3258.640279062716,-1924.1371363570388,773.1011662321575,-743.0807421744856
2087.087229571162,1187.5461689540386,592.7351245381325,-1451.664849123355,611.4456747623107,683.0239620148712,-1538.80712500752,-1359.1739239417316,410.294260884168,790.3659779274979,-3047.5763443954165,2721.477082771774,2141.3906029871305,-341.6520099733585,1551.780480161887,-203.53658297482733,-1666.266448385499,-715.2475479314086,1267.3321835407194,756.7788984888128,1856.0913376896544,662.1265793638779,-601.4874517148811,307.1555641712874,-1910.2472519817402,2204.14880267617,-612.4231455260461,-916.2549368666072,846.8776800216809,1745.4675846061928,-2055.20561679152,-917.5366273266632,272.15750831290046,731.5581146261526,-2026.5125468629064,1555.3997165407452,-2216.7098988392236,-1292.9195480115816,-1282.9539066169807,-1285.5436353104549,-649.7780184297383,1760.6393689814536,-780.0277676412197,-1657.3101845187803,2310.382756437547,-324.78573713369894,1235.7141804903708,351.04650830361305,520.5021819962705,3340.2736181048317,1260.7985310531299,721.4130729528326,3759.4849808303998,2219.586527487818,-891.3497776593774,855.9545906767794
-579.3176989237178,-331.16336094456483,-164.20506090607023,403.55211330391796,-170.09224714414907,-191.12965778087715,428.59672167096096,377.4522271933427,-116.36617296080703,-219.80181513904154,849.4360675345858,-755.8915797189281,-595.8874000047333,94.60904645741057,-431.7281556479427,56.669573459160674,463.07171291959196,198.3747546727152,-352.78726397765735,-211.454893145333,-517.3560876144434,-184.03616125228393,167.07889601957535,-84.88298511620579,531.9279561363008,-612.4231455260461,171.8101584288501,256.3804398121516,-235.97390701260048,-484.88214373919084,573.271686625865,255.16803971643418,-74.9603593999729,-204.06851058331534,564.7330089699063,-434.2061234666639,615.6596716170093,360.8695242000445,358.39425527664815,357.90001934010877,181.4393437687355,-488.73145600818157,216.22324042179207,461.5391232518654,-643.0443310249731,90.0351538269257,-344.6974726623435,-98.47734077839365,-143.11805202343925,-929.455714949436,-350.2090889124963,-200.19264496485715,-1045.1990598892348,-617.43839742561,248.51568872542893,-239.5964304337618
-866.9621998599025,-494.98114801655584,-245.8337846024883,603.6732210792338,-254.39420215584173,-285.4266660195938,640.8190436996562,564.811112205884,-173.16299362539345,-328.7816978096829,1269.7941182608533,-1131.0035752330625,-891.1637148683998,141.67804810326552,-645.6892260707873,84.72975708246739,692.7895659967504,296.94300749418255,-527.5452117008836,-315.8903103226349,-773.3622125699987,-275.31473444526023,249.96255812913512,-127.18498878647443,795.3507045206652,-916.2549368666072,256.3804398121516,382.8627441484412,-352.7893426819722,-725.4867343724842,856.8002667256359,381.6656136469256,-112.39946333157816,-304.9718469123498,844.2341484640285,-648.7999715213666,921.1912042375458,539.2528944235326,535.4411743653625,535.1845848403941,271.1060814085884,-731.3645004250661,323.699213748195,690.0739033487523,-961.6084460391767,134.78395131759126,-515.182697538049,-146.94698288019876,-214.73129190690477,-1390.0392148530966,-523.9841662275333,-299.61404337482884,-1563.4849909832926,-923.4773048991063,371.450395938833,-357.73326918275524
801.6633108317504,456.77922153269145,227.5021921240124,-557.8425230356537,235.00855620884815,263.0061878131175,-591.6741574547556,-522.168924088687,158.63044518967217,303.7756959998864,-1172.0506091816972,1045.5258017236908,823.1484424990707,-131.1441057603642,596.4602772539682,-78.24298992383422,-640.2811696226511,-274.67646217740867,487.20162142114987,291.2586037363907,713.815963959898,254.42980468970757,-231.05005427525097,117.83081056494227,-734.4223052425003,846.8776800216809,-235.97390701260048,-352.7893426819722,325.6790611126973,670.6154297352023,-790.5852482787192,-352.62843264066095,104.27813934217365,281.3898923005279,-779.3111335366584,598.4473635833524,-851.5851894118391,-497.4502549789763,-493.74464555326443,-494.2366601705133,-250.0471372926052,676.2553768562666,-299.49306186591116,-637.1804229059178,888.1268534450791,-124.70115954329601,475.3673496053003,135.25307762882375,199.377585749641,1283.9705378842777,484.36576408963236,277.08245742287284,1444.7204123979313,853.1216708201223,-342.8089670448934,329.574945492258
1652.800417805298,940.3543721451556,469.3944521002302,-1149.563270209214,484.19076002849306,540.8219493835243,-1218.5281765864984,-1076.356666387519,324.78861310281434,625.8918663048859,-2413.238934818152,2155.152458089522,1695.7272284964345,-270.5763396286697,1228.8264412570684,-161.17029937209884,-1319.5270562436517,-566.4316269444947,1003.5631461974965,599.2293661855426,1469.7464724423896,524.3353878438987,-476.30255119936686,243.264552783309,-1512.6568542443483,1745.4675846061928,-484.88214373919084,-725.4867343724842,670.6154297352023,1382.249835267972,-1627.4048955049666,-726.5851517620489,215.54857627203202,579.2658155420968,-1604.7038511911196,1231.6066921042911,-1755.4223221555576,-1023.7804519221104,-1015.87499990576,-1017.9911660754962,-514.521202561711,1394.2639958650286,-617.7336924099011,-1312.3548165196294,1829.5222202097727,-257.20722411089633,978.5026726841047,277.93474604910045,412.2754395986688,2645.097801651587,998.4254309998674,571.3046209432753,2977.1035977764623,1757.6608276075583,-705.8036336644179,677.7184766929523
-1945.2678502044012,-1108.9432847454232,-551.9660609460432,1353.8549736325044,-570.3988501660638,-638.7352661950107,1436.2507537538902,1267.103396977489,-385.8094705825794,-737.2571292945311,2845.2976571816935,-2537.1986964756957,-1997.9411141641554,318.1401824235575,-1447.695365349307,189.93213765298165,1553.8422668220062,666.4432411210195,-1182.5875000229908,-707.2593213866222,-1732.8986017385548,-617.4785076081289,560.7319542107667,-285.7762714536993,1782.739020245463,-2055.20561679152,573.271686625865,856.8002667256359,-790.5852482787192,-1627.4048955049666,1919.4000094713513,855.8494954304217,-252.84551995565786,-683.19665591184,1891.846712382318,-1453.069129013749,2066.5531934318456,1207.7951750216118,1198.9056954257553,1199.661805928768,607.1244956117788,-1641.0036010742263,726.6233814817269,1546.7269004766392,-2155.7397442560155,302.5517253720714,-1154.0878759456657,-328.5890950433423,-483.2960218057602,-3116.432697536559,-1175.4410556282305,-672.3260146180427,-3506.2850573546693,-2070.6121871820114,832.2582737319982,-800.4898455830595
-868.7261389028395,-494.51332924448576,-246.67753622262447,604.3274794608811,-254.5593805454311,-284.51283566460376,640.7150596501074,565.7648210875236,-171.1231599559729,-329.04013821214625,1269.0111905351368,-1132.8542035527912,-891.5413978014715,142.17899455954307,-646.0496639276745,84.74568267852487,693.6398411553596,297.6908027609533,-527.6535323540969,-315.19530071727445,-772.8796477427281,-275.6386320748967,250.3802088668655,-127.79456733359723,795.3582618049829,-917.5366273266632,255.16803971643418,381.6656136469256,-352.62843264066095,-726.5851517620489,855.8494954304217,381.98485528875585,-113.20355895378236,-304.6459117151477,843.8254762842191,-647.7656942079208,922.7314539299679,538.4418151441633,534.3326974935408,535.2417438284186,270.6151397314957,-732.8533099282174,324.6360271035971,690.0524079661798,-961.9182851073805,135.1702895099438,-514.587584266274,-146.26459784505727,-216.4648736467016,-1390.6707597887203,-524.8288683182957,-300.2725047250069,-1565.0752178401463,-924.0667012951454,371.16842240648094,-356.56469407364574
257.9404097552362,146.13604122129908,73.43000818634026,-179.1618370475232,75.42130714964897,83.76534068329222,-189.57477239238304,-167.8722867947063,49.68472081199808,97.48732340523027,-375.2010960985063,336.1576376722043,264.0304199780044,-42.310096272712144,191.37278187576905,-25.093205674622162,-205.669303287422,-88.44848513773545,156.2216743184285,92.96159698976783,228.5232176185504,81.72926838119083,-74.32869394080937,38.10704181873813,-235.41227826611296,272.15750831290046,-74.9603593999729,-112.39946333157816,104.27813934217365,215.54857627203202,-252.84551995565786,-113.20355895378236,33.896296717980114,90.02644215668485,-249.5463147219101,191.23489913700502,-273.8317945197649,-158.96146427972323,-157.61381377474615,-158.43053801108817,-79.84348574990288,217.61713352320703,-96.52187666105881,-204.24028785842142,284.85471852580633,-40.188930299331744,152.00326008488486,42.977165676706825,64.87240620598624,411.8789862335773,155.7386881098911,89.17247661604856,463.95847052360955,273.7547293861103,-109.72923109422364,105.00322367511738
692.4231907248379,394.7241373407478,196.5234694742736,-481.9120421116702,203.04122721092676,227.33495000829248,-511.2307134601307,-450.9959463171084,137.30969266449173,262.40421230080256,-1012.7752820685981,903.136122601719,711.1587681979144,-113.235976591588,515.3087199842524,-67.61740706170933,-553.0605558879096,-237.20831918267422,420.9507425631289,251.74850841087894,616.8393638577593,219.7934604668251,-199.63852816303677,101.71642532364571,-634.5874452394967,731.5581146261526,-204.06851058331534,-304.9718469123498,281.3898923005279,579.2658155420968,-683.19665591184,-304.6459117151477,90.02644215668485,243.2126718242083,-673.4110119003649,517.2330894831155,-735.6148944049501,-429.90196497788764,-426.73262390113996,-427.0073012752588,-216.0831325711619,584.1566012412071,-258.64341419052937,-550.5947876231609,767.3717114742208,-107.69815866716817,410.7682351523686,116.97818965960131,172.02092254248933,1109.2899715637502,418.4225329313461,239.31049826681485,1248.080265972485,737.0245707033347,-296.26644546059674,284.9721183240237
-1918.29202725285,-1093.0607056372667,-544.454938267003,1334.8888367889917,-562.3721342986407,-629.3552588637991,1415.8515692188769,1249.4518159330185,-379.62781220866657,-726.8822810790806,2804.6837393394776,-2501.8679561631902,-1969.7360410075105,313.7961333787493,-1427.296316795092,187.25044830237707,1532.092592118287,657.2443303925056,-1165.860919409175,-696.9902045889063,-1708.1689688570311,-608.8352291312445,552.9454381872985,-281.9322403885108,1757.4709372718235,-2026.5125468629064,564.7330089699063,844.2341484640285,-779.3111335366584,-1604.7038511911196,1891.846712382318,843.8254762842191,-249.5463147219101,-673.4110119003649,1864.8910054195312,-1432.1150942568183,2037.7900511224852,1190.392789481158,1181.5157516063182,1182.6649723746993,598.3373828166318,-1618.264655215528,716.6421896039283,1524.802840228992,-2125.295798532301,298.39973867909873,-1137.5046365943376,-323.70576405628236,-477.0313014383699,-3072.4570211521886,-1159.0756223615588,-663.0201046714227,-3457.1245985287883,-2041.4509271556656,820.377951330248,-788.7558023066211
1472.0750131499133,839.5029187103011,417.6644573329737,-1024.6564340606187,431.72814810454656,483.6643124188249,-1087.1780633031894,-958.8936694788403,292.460910920168,557.9901122045134,-2153.8909104349123,1920.1273140109113,1512.2386176096797,-240.70131607259526,1095.7452850352818,-143.77405080209434,-1175.9610294277736,-504.2878805668107,895.1321500157025,535.5029946934857,1311.8193257259788,467.3260053116534,-424.38526776976113,216.17753736930248,-1349.4449708439229,1555.3997165407452,-434.2061234666639,-648.7999715213666,598.4473635833524,1231.6066921042911,-1453.069129013749,-647.7656942079208,191.23489913700502,517.2330894831155,-1432.1150942568183,1100.1248007917509,-1563.9453063781039,-914.4010087098429,-907.7284504420687,-908.0527103486912,-459.6497103136994,1241.853167629329,-549.8100699083982,-1170.8170627484028,1631.7319879041654,-228.9330524652112,873.6858727465432,248.8840390496844,365.44461604983553,2358.8175466755356,889.575582980194,508.76766734812367,2653.723590963047,1567.1995580055407,-630.0525160907362,606.2076223909272
-2099.079298343246,-1194.1176430643955,-596.2220659909605,1459.9019765724588,-614.9011327861236,-686.6862995957944,1547.4039951654106,1366.9282195672904,-412.24881986216707,-794.821046574978,3064.505713854438,-2737.0409292735935,-2153.4415115163342,343.6473057319567,-1560.5301724837539,204.68296964343696,1675.7224609136488,719.3743737493797,-1274.454604689708,-760.9034017628727,-1866.4133973852227,-665.8866964121347,604.9561685219335,-308.9773206806629,1920.9635984899764,-2216.7098988392236,615.6596716170093,921.1912042375458,-851.5851894118391,-1755.4223221555576,2066.5531934318456,922.7314539299679,-273.8317945197649,-735.6148944049501,2037.7900511224852,-1563.9453063781039,2229.403318146191,1300.006842485129,1289.9490045393834,1292.7488397469585,653.3183306202368,-1770.772473283104,784.5595862654154,1666.612017340339,-2323.3945434006987,326.6704819388154,-1242.5258162821438,-352.904383091099,-523.7045380515563,-3359.0900503727717,-1268.0148119611688,-725.5592271233015,-3780.823659017022,-2232.1095853615507,896.3016142594383,-860.5735450198551
