V1,V2,V3,V4,V5,V6,V7,V8,V9,V10,V11,V12,V13,V14,V15,V16,V17,V18,V19,V20,V21,V22,V23,V24,V25,V26,V27,V28,V29,V30,V31,V32,V33,V34,V35,V36,V37,V38,V39,V40,V41,V42,V43,V44,V45,V46,V47,V48,V49,V50,V51,V52,V53,V54,V55,V56
5.805612863816866,-0.5729762494402225,9.294760913495786,5.792579830502415,-1.496732094684946,1.242566670112922,-8.42379060163006,9.602225635534273,11.240373785657672,0.07936038906226327,-13.054826834959655,-3.542615410866444,-6.001109038913232,-1.02666221462323,-4.128281938535802,3.862421883738242,-0.939624831532529,2.4794660413332426,1.38491863206019,7.041098720561163,9.394460934473612,-15.151310320369582,10.807410521561911,7.247283749606899,-1.0920686726493092,-3.114316746549438,-0.851772498415712,3.453058122276142,-13.22680598933828,1.8634967490404177,-0.6011854490834948,4.543230657321794,0.5729425193466341,-14.689841223945297,-4.772899507975536,-8.325869690176651,5.06189366902763,11.448344790101727,6.480593030520962,8.861449156867767,5.229152321187456,3.857570811402184,16.347226859606508,-4.298341429082126,13.753613942879184,1.8621734210370608,4.885752327063713,-13.092201574336336,-19.73441896317358,-7.664584960860024,-2.7647802762194926,-4.479215253273496,2.5000758232054627,6.997448852216809,-1.9311215366335994,3.194696615146877
-0.5729762494402225,0.20394540998826916,-1.9763006582087836,-1.4651606181991115,-0.350953298407094,-0.6423096921227611,1.495043955571555,-2.6455187341929163,-2.8141067210037525,0.49164959530744673,3.3685109197011314,0.6501827773566061,1.547598267455099,0.3549160389131462,1.2673549968023634,-1.1248344990209715,0.3829632227808994,-1.025142864747109,-0.5865464145164518,-1.49911321481527,-3.0646860575300554,3.7575536757451706,-2.7495752122810573,-2.3706211202474043,0.6817325035037534,0.4793897528125757,-0.23545700470143316,-0.9586466077890087,3.249704980993423,-0.3147593107474805,-0.1728083947542571,-1.372192435866408,-0.5472981155744313,3.20253970487249,1.3820994152800445,2.4216880961088827,-1.4975354729198564,-3.2433622940208813,-1.6441233808819347,-1.9924131094974347,-1.1709023534783187,-1.354998507707136,-3.834908731380908,0.7509075889075381,-3.3939931509514016,-0.7059812266989889,-0.8543755300192444,3.6486169230153394,4.54275202764796,1.8196514721413317,1.0191295236291498,0.8275289491314801,-0.5949846526404302,-2.114474722495943,-0.08375625135861038,-0.4974380719792974
9.294760913495786,-1.9763006582087836,22.48902067918141,15.693028227728313,1.1864366834178741,5.722955307591767,-18.254588398088377,27.571250839124534,30.243588261121662,-3.4614686845191214,-35.84507151062461,-7.831008663571852,-16.47129496997498,-3.4656054668454974,-12.787453113118266,11.526386325117835,-3.5894787393040337,9.576648657852559,5.449292862019335,17.050555526737462,30.397443149735086,-40.51006895179813,29.393787924603693,23.495800756285526,-5.871954079155724,-6.221933772909003,0.9319151361695835,9.967285644874751,-35.14490500763033,3.9235000401379594,0.7053235106171102,13.91076333875716,4.443085511722256,-36.1109757527926,-14.186789170644024,-24.82471738900505,15.273902073042462,33.51306789635687,17.592446489723656,22.218295436290095,13.076392377366721,13.175671089300641,42.13250312244482,-9.228722246467544,36.65141964971802,6.733050640823856,10.496018022463119,-37.89082675262566,-50.23914618545597,-19.909568147694568,-9.787927017658923,-9.940535156300582,6.504562751982252,21.432682908617767,-1.1206847493682794,6.423295239843767
5.792579830502415,-1.4651606181991115,15.693028227728313,11.195515028563259,1.529415368078992,4.389892902609128,-12.427843052333852,19.87245244009039,21.54883005311284,-2.9485207757966614,-25.63433947448824,-5.356500445634425,-11.77853489524906,-2.5615475314715606,-9.331582293609108,8.361455012897062,-2.696788807174849,7.204656362327315,4.108743862796085,11.90011586585018,22.330310106293357,-28.830152529209773,20.98468883645235,17.265295765217832,-4.568736768322231,-4.150098764505353,1.0869782953702445,7.190532815415215,-24.982881826869573,2.6524504851591453,0.8073330996505766,10.132848506823438,3.546443614876346,-25.281472123666077,-10.284655603558628,-18.00574936427603,11.09984771347083,24.23392845321921,12.555196627243216,15.617586192376214,9.18672097393182,9.754699053232713,29.776830510656747,-6.2689797904121995,26.06797444454267,5.0233864268072494,7.130844218627317,-27.34718569768592,-35.42075839796814,-14.092204823961398,-7.282190133903812,-6.805694643682428,4.60540585260636,15.612806044622614,-0.26379058075573697,4.291614261570524
-1.496732094684946,-0.350953298407094,1.1864366834178741,1.529415368078992,2.0729716162115825,1.437824570730005,-0.07360985203285471,3.2686043164191854,2.8696664396088134,-1.710305693847135,-3.671700013879165,-0.10350503579348866,-1.68492993345014,-0.5932674003046308,-1.8449772176306432,1.5201136056698716,-0.7396572147937187,2.001142271933218,1.1649357006939451,0.9055259016441013,4.80966596058624,-3.747403726044346,2.9075311595591686,3.732007872442016,-1.660250489237591,0.2208939929023591,1.3005975398507132,1.2000907308210687,-3.1679947573071496,-0.037751874195062464,0.9403707355171067,1.9541347505408908,1.5126031933067399,-2.1427366287273335,-1.8517552700372344,-3.266570301429949,2.071298257428174,4.198864752064977,1.7277792338507536,1.4973420342288652,0.8672658061133705,2.301674267350978,3.30147853776309,0.0028916925984197174,3.344433964521853,1.28661206671565,-4.145798363906557e-4,-4.597238972289118,-3.692025596893793,-1.6210486707305336,-1.8119754239750518,-0.14930911389656337,0.5336372232875433,3.013243222839919,1.426022719433595,-0.20739432711030953
1.242566670112922,-0.6423096921227611,5.722955307591767,4.389892902609128,1.437824570730005,2.09817153362136,-4.142839346997203,8.04124158987648,8.416226667228942,-1.7440416028638064,-10.127873103633267,-1.8178707461788512,-4.652614360157627,-1.113823075717872,-3.915397395304648,3.448520075458622,-1.2243666526542172,3.2822639502611857,1.882500526688191,4.342378372397293,9.546929882368323,-11.21872956438463,8.246696779761697,7.387444297163401,-2.2573218911456117,-1.2730691349734888,0.9442352732044076,2.9174187529307836,-9.685964004170325,0.8601600762965884,0.6897920436409727,4.229446975848442,1.8528752351735602,-9.323720196901922,-4.233615189725828,-7.423030166590397,4.6019022241189464,9.90180125787662,4.928713529751835,5.837799067099069,3.4278876307568393,4.260660656731794,11.331284726622497,-2.0717781108232978,10.124123340054712,2.2396711507303677,2.357900374576683,-11.110438973002868,-13.37326631874651,-5.388995180240805,-3.2228488675517797,-2.317697085221671,1.7628917574840064,6.5178090078038275,0.5539463993536256,1.3259364739220783
-8.42379060163006,1.495043955571555,-18.254588398088377,-12.427843052333852,-0.07360985203285471,-4.142839346997203,15.21095679486289,-21.577318333714064,-23.985356447427296,2.1338299651605994,28.30804759332779,6.493503557267154,13.008933047580967,2.631485498476001,9.861926727620459,-8.952597340048815,2.6701601573984637,-7.11164862860171,-4.035048826945424,-13.837470151770669,-23.255536851187777,32.17006828624281,-23.258977168685316,-17.969087776167246,4.168855131355691,5.293363903780859,-0.2027856730425361,-7.79225262914419,27.94622217324287,-3.293027222982333,-0.17294184579368813,-10.751655158144246,-3.0409983934681915,29.206536740963344,11.027445795670426,19.284721059881104,-11.838110759299662,-26.127475526202215,-13.926194996350022,-17.890967819065434,-10.535765903514397,-9.98405644383391,-33.72217117469183,7.707738665598606,-29.12617924653044,-5.053220650569199,-8.764900110350908,29.606880995682996,40.31885028417593,15.908330988531091,7.371768332390431,8.23480235768791,-5.195553293369444,-16.56427442266127,1.5667318779840158,-5.455538585308039
9.602225635534273,-2.6455187341929163,27.571250839124534,19.87245244009039,3.2686043164191854,8.04124158987648,-21.577318333714064,35.43889001040669,38.22794903348563,-5.62221504995234,-45.55234967149814,-9.321324543057031,-20.92987594225323,-4.619140213638056,-16.73331646340628,14.954158978748817,-4.897203920238115,13.09067313413633,7.47252356850877,20.909178467907985,40.15979030333827,-51.117814048720334,37.260725632766224,31.05459687302503,-8.417523258840559,-7.132499429397929,2.271735579832417,12.828171409606844,-44.27277139828801,4.589320787901489,1.6796764074355874,18.155503494719415,6.600540568835259,-44.486040231284456,-18.38838643832157,-32.200586233267046,19.867524489502866,43.28003859645059,22.28968654853433,27.532775480553767,16.19156840838704,17.60288245045656,52.62728631854574,-10.872360366253025,46.207231029231984,9.095075530999681,12.367955399886142,-48.79818475819922,-62.53242357132405,-24.92383601005658,-13.168946947866855,-11.848485659267288,8.146389140550715,27.97488294120691,-0.03383699395623019,7.3819616673328925
11.240373785657672,-2.8141067210037525,30.243588261121662,21.54883005311284,2.8696664396088134,8.416226667228942,-23.985356447427296,38.22794903348563,41.47956248028575,-5.6232497014045295,-49.33354485949838,-10.335027980109599,-22.667994785994928,-4.920723990768358,-17.938511716006754,16.078883459255565,-5.1759470983189555,13.826900033104632,7.884401115070435,22.933659013278234,42.910847329178814,-55.499108876636825,40.38914891138942,33.17717824863226,-8.752588613572899,-8.019323255720803,2.046380796339251,13.831487416573735,-48.09612477876856,5.121273784147391,1.520930409175841,19.480779700527133,6.7852236551726355,-48.71322809318761,-19.777868965909622,-34.624910551567304,21.34262800802238,46.609505343629536,24.165407406623594,30.085608502736747,17.697772171688325,18.73705608715787,57.344120699048695,-12.100530236672427,50.1835608407184,9.645010951300534,13.764006659149354,-52.60289079291097,-68.22253012276909,-27.136391562093664,-13.984077113116303,-13.130448557967751,8.868160073091664,30.01611166383554,-0.5658665897396806,8.291940427609289
0.07936038906226327,0.49164959530744673,-3.4614686845191214,-2.9485207757966614,-1.710305693847135,-1.7440416028638064,2.1338299651605994,-5.62221504995234,-5.6232497014045295,1.693678768668031,6.870325455798759,0.9700462016662962,3.1552855972537404,0.8453100053288254,2.85757940048573,-2.4671694590771023,0.9706522374781446,-2.6107682603082054,-1.505522196536883,-2.6289513056906775,-7.114972323517009,7.458862846041419,-5.55529162126555,-5.510453690263251,1.9300238230542732,0.5403760333421302,-1.0944052551131256,-2.046513231680544,6.4078598659722825,-0.4179186731843614,-0.7948755809272491,-3.0683932258714965,-1.6551802801792665,5.738730602003507,3.0220144783128924,5.308035423183467,-3.3125901431646323,-7.005470364926244,-3.3154659409200353,-3.6669100190253023,-2.1475040744532965,-3.2488147046092886,-7.3046827594120085,1.0482948517636124,-6.713420781695694,-1.7441126239591107,-1.1944316804729393,7.806509766314731,8.524227841662595,3.498115815664743,2.4910695053916054,1.2449771964089211,-1.145917075445076,-4.729421232486649,-0.9560715921076219,-0.5735551442929434
-13.054826834959655,3.3685109197011314,-35.84507151062461,-25.63433947448824,-3.671700013879165,-10.127873103633267,28.30804759332779,-45.55234967149814,-49.33354485949838,6.870325455798759,58.710343319425036,12.207535064986407,26.97618955892681,5.8873345021190975,21.418438813413793,-19.179620622620483,6.208648264869241,-16.589116099705784,-9.462767206107362,-27.18206149597553,-51.289894072421845,65.99491413527846,-48.05230184359149,-39.65740753018352,10.555407392103383,9.430702620181712,-2.593800583548671,-16.48398257578128,57.1809251677694,-6.03686173034226,-1.9241633963673834,-23.253068206408777,-8.213937578647156,57.76749638996917,23.589445253658074,41.30120930606023,-25.465842839759524,-55.569274506512976,-28.748748071773296,-35.701592387928734,-20.99948973496516,-22.423584860151273,-68.11011844594361,14.275789284850854,-59.668028003738335,-11.55672361318959,-16.23869824250578,62.69523806495747,80.99834617851737,32.23918204983804,16.74844822825647,15.51188927889574,-10.53628496128213,-35.82879561542017,0.47081639373350964,-9.754198935343142
-3.542615410866444,0.6501827773566061,-7.831008663571852,-5.356500445634425,-0.10350503579348866,-1.8178707461788512,6.493503557267154,-9.321324543057031,-10.335027980109599,0.9700462016662962,12.207535064986407,2.774560495508751,5.6098763814000225,1.1435615626749218,4.27252628582914,-3.873191751754018,1.1651562618213458,-3.104336276871081,-1.7623829891141258,-5.936330442482545,-10.091062555351847,13.858200855201773,-10.026378345269995,-7.797707178349817,1.8367079244919735,2.2511451898193156,-0.1317664326221501,-3.366910261967288,12.035616149623726,-1.403914506310982,-0.10650329262739454,-4.655994731042289,-1.3502848315884266,12.5377715180246,4.770121816276493,8.342937994706825,-5.1236906303845,-11.295357258073402,-6.002788091791965,-7.686654165130595,-4.526069667006777,-4.340525447532958,-14.505018510229746,3.28900854856572,-12.545273245289048,-2.2010972258117785,-3.7402152523719523,12.793972168042625,17.333589643138545,6.844909463812453,3.2087578493547873,3.5192146938380846,-2.235647673882528,-7.173236626126354,0.6189745039385873,-2.3208191829817566
-6.001109038913232,1.547598267455099,-16.47129496997498,-11.77853489524906,-1.68492993345014,-4.652614360157627,13.008933047580967,-20.92987594225323,-22.667994785994928,3.1552855972537404,26.97618955892681,5.6098763814000225,12.395004148891775,2.7048472041555884,9.840743112774957,-8.812267050329943,2.8523375944425022,-7.621237108041637,-4.347280504302164,-12.49051798276685,-23.56478630803935,30.323740392682428,-22.079153091963107,-18.22030570838336,4.84883031311941,4.334154279061214,-1.1904759673956047,-7.573852910766518,26.27392732595406,-2.7742954242859583,-0.8831611585494632,-10.683723885551105,-3.772974727276429,26.54467772595848,10.838425489192845,18.9762584525171,-11.700472745606476,-25.532093153082837,-13.209537119524647,-16.404997859965793,-9.649349488711742,-10.302129659040066,-31.29630443539081,6.560470184154,-27.416675420529952,-5.309420976606197,-7.462525950236809,28.806381052219255,37.21866116969193,14.813696793308749,7.694678144513292,7.1283456250296355,-4.841350698520929,-16.461694204688534,0.2180203794000028,-4.482801967256808
-1.02666221462323,0.3549160389131462,-3.4656054668454974,-2.5615475314715606,-0.5932674003046308,-1.113823075717872,2.631485498476001,-4.619140213638056,-4.920723990768358,0.8453100053288254,5.8873345021190975,1.1435615626749218,2.7048472041555884,0.6178506776452134,2.2095115673332852,-1.962437485984278,0.6654922648804881,-1.7811845007553606,-1.018886193095564,-2.628751949314024,-5.338842586180786,6.571431078960274,-4.806651221381505,-4.129607381594108,1.180589314227944,0.8467018078190676,-0.3991001306413694,-1.6736340361722257,5.684143152391525,-0.5546537841143582,-0.29307924455369916,-2.392802681509304,-0.9456440744119909,5.613296909709083,2.4114642910062436,4.225060205492376,-2.6121032578701837,-5.660709813169898,-2.874291554314652,-3.490275814940634,-2.0513180973252885,-2.358393768513769,-6.71293781890069,1.3221762023530619,-5.936095618187849,-1.2277303144627179,-1.5043253239097802,6.369511806543543,7.954608386274516,3.184618173643628,1.7728474263787661,1.4552744176331682,-1.041254995840095,-3.687156090005915,-0.13050446738401766,-0.8783193123527522
-4.128281938535802,1.2673549968023634,-12.787453113118266,-9.331582293609108,-1.8449772176306432,-3.915397395304648,9.861926727620459,-16.73331646340628,-17.938511716006754,2.85757940048573,21.418438813413793,4.27252628582914,9.840743112774957,2.2095115673332852,7.952391329858073,-7.084946255022056,2.3613645623903996,-6.31622450651586,-3.6093309083997904,-9.698588736769159,-19.150656291951275,23.971794852787312,-17.503450581641285,-14.810921433345825,4.125030342149064,3.218159428017941,-1.258427143328317,-6.060007949965404,20.74858575488798,-2.0884582892133396,-0.9268353789673707,-8.620162609221849,-3.270493253994137,20.671369141851525,8.709034808435819,15.254782376070688,-9.42159748089265,-20.470956148081346,-10.468751351708082,-12.822827124236552,-7.538627961619732,-8.427082241335118,-24.584897063960177,4.962411415680676,-21.66164982029853,-4.370694261907473,-5.645527098298337,23.05765291703128,29.17278991723314,11.652988267872914,6.319745308177705,5.433897837488369,-3.809441016481648,-13.282743407295152,-0.22735871359020515,-3.3343299414797367
3.862421883738242,-1.1248344990209715,11.526386325117835,8.361455012897062,1.5201136056698716,3.448520075458622,-8.952597340048815,14.954158978748817,16.078883459255565,-2.4671694590771023,-19.179620622620483,-3.873191751754018,-8.812267050329943,-1.962437485984278,-7.084946255022056,6.321411277419361,-2.0893729375432977,5.586990634710596,3.1910102460437937,8.741711362428486,17.034153097891036,-21.493284962133966,15.680848095251738,13.173118110406412,-3.622226238575518,-2.9398305527590205,1.0453606391651138,5.4144527862777725,-18.60900896688811,1.8998982126694173,0.7712281020376472,7.683316528233504,2.857098778877413,-18.615915341507755,-7.771737671028359,-13.61127821862614,8.402499138395052,18.279354583899774,9.379501327285414,11.535154454644909,6.782575694015195,7.481814016736585,22.083709874328925,-4.507847796034059,19.42513602550884,3.873454564303493,5.128173090295675,-20.599055979641143,-26.221795642542826,-10.463229302712136,-5.604404349052296,-4.924687135246166,3.4202222746180855,11.839004164397847,0.0993591320033764,3.044340124681541
-0.939624831532529,0.3829632227808994,-3.5894787393040337,-2.696788807174849,-0.7396572147937187,-1.2243666526542172,2.6701601573984637,-4.897203920238115,-5.1759470983189555,0.9706522374781446,6.208648264869241,1.1651562618213458,2.8523375944425022,0.6654922648804881,2.3613645623903996,-2.0893729375432977,0.7235453459742562,-1.9379995214995405,-1.109942873298137,-2.723086808684907,-5.7293071321335995,6.9065860364319525,-5.062946414018395,-4.432417255714068,1.3068801205398686,0.8427716065427591,-0.491290881405131,-1.775440878019924,5.969129010565532,-0.5592393390365151,-0.359793840887916,-2.5543141295729255,-1.0590371872255666,5.828735069612718,2.566360940058032,4.497933989892854,-2.784270935733054,-6.014410016303021,-3.0268236096886447,-3.6352800078683742,-2.1356864041433288,-2.5427310849855127,-7.020053608102886,1.338938419516719,-6.2361248389753,-1.3296112568444256,-1.52358929027198,6.7589722304840505,8.303793978632683,3.333984494204504,1.9168911570853469,1.4839330739706722,-1.0903342604526345,-3.936171917125263,-0.2276476882019916,-0.8756983570606302
2.4794660413332426,-1.025142864747109,9.576648657852559,7.204656362327315,2.001142271933218,3.2822639502611857,-7.11164862860171,13.09067313413633,13.826900033104632,-2.6107682603082054,-16.589116099705784,-3.104336276871081,-7.621237108041637,-1.7811845007553606,-6.31622450651586,5.586990634710596,-1.9379995214995405,5.191190397950346,2.9734159361460484,7.265217308233629,15.329921954449096,-18.448845958036458,13.52655838375107,11.85999823862258,-3.5053701189087727,-2.2409148009031696,1.3280291622520501,4.74614451153711,-15.943640355668864,1.4886593280248004,0.9723900818601845,6.831698434721005,2.8431331084568,-15.55421511927385,-6.862224667510816,-12.027402159320413,7.445842700087769,16.079868770038065,8.08653687648899,9.703334654798171,5.700412437460818,6.806128310502694,18.74423723604624,-3.565496396035182,16.657317784671264,3.560231034639782,4.057251992284588,-18.068655280329722,-22.168715142094054,-8.902874225516499,-5.132108418826162,-3.953921604545747,2.911616919342845,10.527606800207206,0.6278614641864815,2.3288023435924323
1.38491863206019,-0.5865464145164518,5.449292862019335,4.108743862796085,1.1649357006939451,1.882500526688191,-4.035048826945424,7.47252356850877,7.884401115070435,-1.505522196536883,-9.462767206107362,-1.7623829891141258,-4.347280504302164,-1.018886193095564,-3.6093309083997904,3.1910102460437937,-1.109942873298137,2.9734159361460484,1.7033857810209951,4.13412340142485,8.76487210341092,-10.51876355427085,7.714580797943935,6.7811039835342175,-2.012253560388939,-1.2679528358227565,0.7720126491449001,2.7094486062793006,-9.089385125134235,0.8438796827951768,0.5651001730179201,3.9032967072770126,1.6344847470423403,-8.853743313172583,-3.919139878983171,-6.869367688051822,4.2533471143230015,9.181485044554496,4.61183200912919,5.525625331980024,3.245957934849996,3.8937907514072387,10.6799070519924,-2.0224398533390944,9.496746936071629,2.037998978367525,2.30141744355574,-10.315327794208342,-12.628014495562274,-5.07335373484119,-2.9371818267763836,-2.2449579736554792,1.6592516652456097,6.014984896134218,0.3766555153136234,1.3180000550508557
7.041098720561163,-1.49911321481527,17.050555526737462,11.90011586585018,0.9055259016441013,4.342378372397293,-13.837470151770669,20.909178467907985,22.933659013278234,-2.6289513056906775,-27.18206149597553,-5.936330442482545,-12.49051798276685,-2.628751949314024,-9.698588736769159,8.741711362428486,-2.723086808684907,7.265217308233629,4.13412340142485,12.927279090585435,23.05607549780671,-30.718425187285952,22.289610729794305,17.82131006289114,-4.455985753101016,-4.715659120840266,0.7102887230553129,7.558934303629686,-26.649820945955426,2.9739588575781637,0.5374533744072769,10.550400555943787,3.3724412342399974,-27.37905591075671,-10.759326584476167,-18.8272590595427,11.584029866225219,25.415941897014402,13.340495496678821,16.846270011560325,9.91468989420592,9.994227298333657,31.946923114551183,-6.995500528514248,27.792308310809116,5.107594236902248,7.956137031525519,-28.735537840308044,-38.093045554977095,-15.096589625140716,-7.424804669069833,-7.5355197551298625,4.93214887937022,16.255289962626595,-0.8452381392416773,4.868334422666509
9.394460934473612,-3.0646860575300554,30.397443149735086,22.330310106293357,4.80966596058624,9.546929882368323,-23.255536851187777,40.15979030333827,42.910847329178814,-7.114972323517009,-51.289894072421845,-10.091062555351847,-23.56478630803935,-5.338842586180786,-19.150656291951275,17.034153097891036,-5.7293071321335995,15.329921954449096,8.76487210341092,23.05607549780671,46.199635501945984,-57.32362234390216,41.894088029370344,35.73305803280791,-10.090498599240231,-7.534191238300374,3.255326273432936,14.547604125967986,-49.599142138210254,4.912930800891175,2.393651615596116,20.748556873647132,8.043914411699134,-49.18865232770337,-20.935159032518715,-36.675246498267725,22.663213469021898,49.174705769752094,25.054207023297124,30.55010184542378,17.957709451599765,20.37104029213353,58.668968617729746,-11.69302567850505,51.79005996665584,10.586108131529613,13.303305214588061,-55.3589238973107,-69.56715889509358,-27.821010588450907,-15.296052746668972,-12.837985432234525,9.095703276721888,31.971769628535377,0.8536235404670655,7.810950259714646
-15.151310320369582,3.7575536757451706,-40.51006895179813,-28.830152529209773,-3.747403726044346,-11.21872956438463,32.17006828624281,-51.117814048720334,-55.499108876636825,7.458862846041419,65.99491413527846,13.858200855201773,30.323740392682428,6.571431078960274,23.971794852787312,-21.493284962133966,6.9065860364319525,-18.448845958036458,-10.51876355427085,-30.718425187285952,-57.32362234390216,74.26160991032538,-54.03457842573903,-44.31997977928672,11.658984311931375,10.767892265122779,-2.681037701762891,-18.494389681821172,64.35982152217758,-6.871475550886296,-1.9939179509592917,-26.035208192265657,-9.027243327738251,65.2380121937285,26.43875472368404,46.284838690122285,-28.52690931052792,-62.314995733065636,-32.3302458377321,-40.28286846958525,-23.696946718655827,-25.020496058785472,-76.75841562331128,16.231657632152917,-67.151208747148,-12.874442611734608,-18.462904426278048,70.3348663716707,91.33138747640696,36.32073891863166,18.668983466141643,17.605694309159787,-11.869409738035847,-40.11510449377205,0.8291691772856764,-11.132914058088875
10.807410521561911,-2.7495752122810573,29.393787924603693,20.98468883645235,2.9075311595591686,8.246696779761697,-23.258977168685316,37.260725632766224,40.38914891138942,-5.55529162126555,-48.05230184359149,-10.026378345269995,-22.079153091963107,-4.806651221381505,-17.503450581641285,15.680848095251738,-5.062946414018395,13.52655838375107,7.714580797943935,22.289610729794305,41.894088029370344,-54.03457842573903,39.33424878262509,32.391861649591874,-8.586254606641209,-7.76162402626038,2.0626439300492363,13.48258562815748,-46.82213872047161,4.962947713374219,1.5314296342277993,19.00532412576554,6.669910150698227,-47.358466274351926,-19.287172714264052,-33.76734801764433,20.817524377569637,45.44312823184632,23.533529938028302,29.259414761089907,17.210947574843587,18.305268986521252,55.79641873648044,-11.731654867649237,48.85663609507235,9.428900077336554,13.344595249614057,-51.27797663223196,-66.36697235125153,-26.407537403626243,-13.667511932061458,-12.739391727356178,8.630205361589486,29.2836656411739,-0.4624273843551232,8.0267506119459
7.247283749606899,-2.3706211202474043,23.495800756285526,17.265295765217832,3.732007872442016,7.387444297163401,-17.969087776167246,31.05459687302503,33.17717824863226,-5.510453690263251,-39.65740753018352,-7.797707178349817,-18.22030570838336,-4.129607381594108,-14.810921433345825,13.173118110406412,-4.432417255714068,11.85999823862258,6.7811039835342175,17.82131006289114,35.73305803280791,-44.31997977928672,32.391861649591874,27.63778626400351,-7.809130226545199,-5.81965437967354,2.5251544901503413,11.249433620751214,-38.34720105822726,3.7957172365345864,1.8566324149838482,16.046380223676156,6.226700212066676,-38.022223606324175,-16.189779582523165,-28.362228156109722,17.52664339399141,38.0271106472021,19.37144177813923,23.616121771740065,13.881736160710204,15.757337266902187,45.35607255739981,-9.034662891380865,40.04137063526883,8.189219581716566,10.278873695901943,-42.80841776817781,-53.77959830247123,-21.50841575222257,-11.832387983481684,-9.920482182546992,7.031913600120535,24.726129381982254,0.6704202264947144,6.0335966982013405
-1.0920686726493092,0.6817325035037534,-5.871954079155724,-4.568736768322231,-1.660250489237591,-2.2573218911456117,4.168855131355691,-8.417523258840559,-8.752588613572899,1.9300238230542732,10.555407392103383,1.8367079244919735,4.84883031311941,1.180589314227944,4.125030342149064,-3.622226238575518,1.3068801205398686,-3.5053701189087727,-2.012253560388939,-4.455985753101016,-10.090498599240231,11.658984311931375,-8.586254606641209,-7.809130226545199,2.4403597108529334,1.2556829185813,-1.0839734790093476,-3.0554182967272676,10.05904194283369,-0.8600339279072514,-0.7908582827878133,-4.451847628155505,-2.0187334186654797,9.58833465893353,4.445363596317264,7.796362521492387,-4.838163628585992,-10.383279322369942,-5.1306180461237965,-6.019711062060404,-3.5334580984187207,-4.519422502958112,-11.725560420361541,2.0806501324048816,-10.517531081065467,-2.3836876208783795,-2.368297469552313,11.638789973034141,13.817289024768954,5.5818135286978565,3.425975673341624,2.3435214130546593,-1.8263168687674425,-6.860729716347951,-0.7050291697746672,-1.3101913725500258
-3.114316746549438,0.4793897528125757,-6.221933772909003,-4.150098764505353,0.2208939929023591,-1.2730691349734888,5.293363903780859,-7.132499429397929,-8.019323255720803,0.5403760333421302,9.430702620181712,2.2511451898193156,4.334154279061214,0.8467018078190676,3.218159428017941,-2.9398305527590205,0.8427716065427591,-2.2409148009031696,-1.2679528358227565,-4.715659120840266,-7.534191238300374,10.767892265122779,-7.76162402626038,-5.81965437967354,1.2556829185813,1.87139264348551,0.08400327015954091,-2.5734289373156547,9.364489314925606,-1.1523482896528658,0.051561824377546764,-3.515311315529538,-0.8801039338813295,9.925740906607492,3.623620978697252,6.3336053501450875,-3.8800846495714616,-8.607916289317874,-4.64879007024079,-6.0582076478146245,-3.569326871075917,-3.20641244037519,-11.36194926130226,2.687048436666215,-9.75480462120189,-1.6083875893317319,-3.0552510563879296,9.773359493013546,13.614918770842515,5.352402031008544,2.354084210901488,2.8526660036365485,-1.747557135957466,-5.415462778234489,0.7157257986008434,-1.9263166463227888
-0.851772498415712,-0.23545700470143316,0.9319151361695835,1.0869782953702445,1.3005975398507132,0.9442352732044076,-0.2027856730425361,2.271735579832417,2.046380796339251,-1.0944052551131256,-2.593800583548671,-0.1317664326221501,-1.1904759673956047,-0.3991001306413694,-1.258427143328317,1.0453606391651138,-0.491290881405131,1.3280291622520501,0.7720126491449001,0.7102887230553129,3.255326273432936,-2.681037701762891,2.0626439300492363,2.5251544901503413,-1.0839734790093476,0.08400327015954091,0.817616955061474,0.8327447409778316,-2.274230637742527,0.010236737805972883,0.591432434775603,1.3360351153497487,0.9797787833999784,-1.6443287012309247,-1.2746787682053637,-2.246852991104727,1.4206888922189214,2.901901199386827,1.226789431293546,1.123121495296847,0.6522999648770421,1.546052806676884,2.417406238356853,-0.07755439026262731,2.3970155453217035,0.8587930496300631,0.08999337405137083,-3.187526330106843,-2.7302223909339243,-1.1802752373310565,-1.2120921542292233,-0.1784178814524954,0.3881120696505519,2.0599935605433943,0.8780428125365756,-0.07386848315202829
3.453058122276142,-0.9586466077890087,9.967285644874751,7.190532815415215,1.2000907308210687,2.9174187529307836,-7.79225262914419,12.828171409606844,13.831487416573735,-2.046513231680544,-16.48398257578128,-3.366910261967288,-7.573852910766518,-1.6736340361722257,-6.060007949965404,5.4144527862777725,-1.775440878019924,4.74614451153711,2.7094486062793006,7.558934303629686,14.547604125967986,-18.494389681821172,13.48258562815748,11.249433620751214,-3.0554182967272676,-2.5734289373156547,0.8327447409778316,4.643703840957124,-16.017116726545826,1.6568388532085845,0.615511885367322,6.5746010189918955,2.3978972344891525,-16.084334767553,-6.657716916734513,-11.65880350869869,7.193929333753667,15.668488577671752,8.065288543029506,9.956361957334826,5.855044257477419,6.378369728939433,19.035199289071258,-3.9259715625837983,16.717333619294674,3.2965128431380872,4.466053194849805,-17.664891227921657,-22.61566556494225,-9.01545797891438,-4.772602214838265,-4.27990329793804,2.9467507525569183,10.130486244783816,0.0014026811601781167,2.6636384658880075
-13.22680598933828,3.249704980993423,-35.14490500763033,-24.982881826869573,-3.1679947573071496,-9.685964004170325,27.94622217324287,-44.27277139828801,-48.09612477876856,6.4078598659722825,57.1809251677694,12.035616149623726,26.27392732595406,5.684143152391525,20.74858575488798,-18.60900896688811,5.969129010565532,-15.943640355668864,-9.089385125134235,-26.649820945955426,-49.599142138210254,64.35982152217758,-46.82213872047161,-38.34720105822726,10.05904194283369,9.364489314925606,-2.274230637742527,-16.017116726545826,55.781679111393316,-5.971532277531578,-1.6925095419289489,-22.536657585076746,-7.778836607810671,56.58804922664495,22.891592253739002,40.07397110349879,-24.69648671944873,-53.96149948624601,-28.01536439389846,-34.9343529227252,-20.551183752985686,-21.640365099749037,-66.54792071626322,14.102177827906292,-58.199366270937226,-11.130847339795649,-16.040578988422368,60.91229585516279,79.19237921601888,31.486820474861176,16.142903018146516,15.289497589686917,-10.289548271114171,-34.72443252647024,0.7807443805346899,-9.681048619923196
1.8634967490404177,-0.3147593107474805,3.9235000401379594,2.6524504851591453,-0.037751874195062464,0.8601600762965884,-3.293027222982333,4.589320787901489,5.121273784147391,-0.4179186731843614,-6.03686173034226,-1.403914506310982,-2.7742954242859583,-0.5546537841143582,-2.0884582892133396,1.8998982126694173,-0.5592393390365151,1.4886593280248004,0.8438796827951768,2.9739588575781637,4.912930800891175,-6.871475550886296,4.962947713374219,3.7957172365345864,-0.8600339279072514,-1.1523482896528658,0.010236737805972883,1.6568388532085845,-5.971532277531578,0.7142997113694105,0.013103177693593412,2.2783600007538367,0.6195468706594471,-6.271093990133342,-2.340752590138103,-4.092760624249583,2.5106685491925584,5.550859972740747,2.9718789377532877,3.83668057448239,2.259748530734918,2.103083529741914,7.219236560979209,-1.669693079745811,6.222559284666222,1.0612799861890065,1.8986268134212434,-6.2942350299749545,-8.638065171398528,-3.4040056426946,-1.5499054297025334,-1.7799209040858164,1.1116160686647318,3.5100308525560537,-0.3763177013098074,1.1871282054318928
-0.6011854490834948,-0.1728083947542571,0.7053235106171102,0.8073330996505766,0.9403707355171067,0.6897920436409727,-0.17294184579368813,1.6796764074355874,1.520930409175841,-0.7948755809272491,-1.9241633963673834,-0.10650329262739454,-0.8831611585494632,-0.29307924455369916,-0.9268353789673707,0.7712281020376472,-0.359793840887916,0.9723900818601845,0.5651001730179201,0.5374533744072769,2.393651615596116,-1.9939179509592917,1.5314296342277993,1.8566324149838482,-0.7908582827878133,0.051561824377546764,0.591432434775603,0.615511885367322,-1.6925095419289489,0.013103177693593412,0.4278647806978629,0.984481437438795,0.7135794576743351,-1.2393159852625273,-0.9406025875467603,-1.6577177780361034,1.0475618152568695,2.143122899366757,0.9110017871879534,0.8429229576249881,0.48981371832557363,1.1349806029419869,1.8060182559334443,-0.06941444270223175,1.7833180465168794,0.629599703950694,0.08023772313321902,-2.355635852407535,-2.043586814778927,-0.8808077723723877,-0.8890260008052973,-0.1432446082386655,0.2895759624607472,1.5179200161392985,0.6320518360117423,-0.043954218448230664
4.543230657321794,-1.372192435866408,13.91076333875716,10.132848506823438,1.9541347505408908,4.229446975848442,-10.751655158144246,18.155503494719415,19.480779700527133,-3.0683932258714965,-23.253068206408777,-4.655994731042289,-10.683723885551105,-2.392802681509304,-8.620162609221849,7.683316528233504,-2.5543141295729255,6.831698434721005,3.9032967072770126,10.550400555943787,20.748556873647132,-26.035208192265657,19.00532412576554,16.046380223676156,-4.451847628155505,-3.515311315529538,1.3360351153497487,6.5746010189918955,-22.536657585076746,2.2783600007538367,0.984481437438795,9.345280790105289,3.524146026379966,-22.480984544406166,-9.445037890131728,-16.54332779107403,10.215926501104011,22.205240873003024,11.367328313719142,13.940685700861417,8.196187268996951,9.125071233032168,26.716157974558477,-5.411223846182228,23.52737745237631,4.73012182291996,6.1560421584234195,-25.01475873283977,-31.708050239647886,-12.661620853545847,-6.840800838764668,-5.921110274696642,4.13906676353255,14.4000132188931,0.20824136065369278,3.641611082345827
0.5729425193466341,-0.5472981155744313,4.443085511722256,3.546443614876346,1.5126031933067399,1.8528752351735602,-3.0409983934681915,6.600540568835259,6.7852236551726355,-1.6551802801792665,-8.213937578647156,-1.3502848315884266,-3.772974727276429,-0.9456440744119909,-3.270493253994137,2.857098778877413,-1.0590371872255666,2.8431331084568,1.6344847470423403,3.3724412342399974,8.043914411699134,-9.027243327738251,6.669910150698227,6.226700212066676,-2.0187334186654797,-0.8801039338813295,0.9797787833999784,2.3978972344891525,-7.778836607810671,0.6195468706594471,0.7135794576743351,3.524146026379966,1.6904897825180594,-7.285434978271871,-3.504327948183071,-6.148748954574127,3.8222267269090047,8.166604370445109,3.9841145387489547,4.59635409845621,2.6962558473436284,3.624539174800814,9.009842100053373,-1.5118966932198326,8.13812203482982,1.9224143204846793,1.7213390207389618,-9.137950421899575,-10.587839465689324,-4.296319466492005,-2.7575153203245493,-1.725420865225777,1.4061941280798518,5.431306915741209,0.7228479365904708,0.9217152282212338
-14.689841223945297,3.20253970487249,-36.1109757527926,-25.281472123666077,-2.1427366287273335,-9.323720196901922,29.206536740963344,-44.486040231284456,-48.71322809318761,5.738730602003507,57.76749638996917,12.5377715180246,26.54467772595848,5.613296909709083,20.671369141851525,-18.615915341507755,5.828735069612718,-15.55421511927385,-8.853743313172583,-27.37905591075671,-49.18865232770337,65.2380121937285,-47.358466274351926,-38.022223606324175,9.58833465893353,9.925740906607492,-1.6443287012309247,-16.084334767553,56.58804922664495,-6.271093990133342,-1.2393159852625273,-22.480984544406166,-7.285434978271871,58.012058695496485,22.910379365565877,40.09277657632379,-24.675147089087815,-54.099823689337015,-28.34300171289845,-35.71470994483372,-21.017941594632706,-21.34630405327495,-67.78034702011726,14.76080770018042,-59.01854581915932,-10.921471154841138,-16.788113801783208,61.14905175252852,80.79292263250822,32.03657254961352,15.86978815778439,15.917330042728755,-10.466996798458242,-34.637340887518405,1.6239350757810846,-10.24941024992652
-4.772899507975536,1.3820994152800445,-14.186789170644024,-10.284655603558628,-1.8517552700372344,-4.233615189725828,11.027445795670426,-18.38838643832157,-19.777868965909622,3.0220144783128924,23.589445253658074,4.770121816276493,10.838425489192845,2.4114642910062436,8.709034808435819,-7.771737671028359,2.566360940058032,-6.862224667510816,-3.919139878983171,-10.759326584476167,-20.935159032518715,26.43875472368404,-19.287172714264052,-16.189779582523165,4.445363596317264,3.623620978697252,-1.2746787682053637,-6.657716916734513,22.891592253739002,-2.340752590138103,-0.9406025875467603,-9.445037890131728,-3.504327948183071,22.910379365565877,9.554985239722765,16.73419014802518,-10.32978239086262,-22.47517438073353,-11.53673877502198,-14.194472887523176,-8.346364938058793,-9.19333413185847,-27.17053580588653,5.552984441197577,-23.895162664492126,-4.758583367891076,-6.317102246443273,25.328685356156377,32.26408717968842,12.872790333436575,6.885572253626988,6.064938561179619,-4.20782243325075,-14.553568780413025,-0.10809699560889433,-3.752224888665035
-8.325869690176651,2.4216880961088827,-24.82471738900505,-18.00574936427603,-3.266570301429949,-7.423030166590397,19.284721059881104,-32.200586233267046,-34.624910551567304,5.308035423183467,41.30120930606023,8.342937994706825,18.9762584525171,4.225060205492376,15.254782376070688,-13.61127821862614,4.497933989892854,-12.027402159320413,-6.869367688051822,-18.8272590595427,-36.675246498267725,46.284838690122285,-33.76734801764433,-28.362228156109722,7.796362521492387,6.3336053501450875,-2.246852991104727,-11.65880350869869,40.07397110349879,-4.092760624249583,-1.6577177780361034,-16.54332779107403,-6.148748954574127,40.09277657632379,16.73419014802518,29.307862606565372,-18.09208726265359,-39.35990495940853,-20.19798713721676,-24.842413788769957,-14.607184862060087,-16.10793483214096,-47.55839561850043,9.710473351556368,-41.8313338045489,-8.338971039135487,-11.046721347199203,44.35530259467952,56.47084831725928,22.532880312545277,12.06563825063558,10.60781373852125,-7.36553760288034,-25.491135492937175,-0.2085680517166509,-6.558680183527723
5.06189366902763,-1.4975354729198564,15.273902073042462,11.09984771347083,2.071298257428174,4.6019022241189464,-11.838110759299662,19.867524489502866,21.34262800802238,-3.3125901431646323,-25.465842839759524,-5.1236906303845,-11.700472745606476,-2.6121032578701837,-9.42159748089265,8.402499138395052,-2.784270935733054,7.445842700087769,4.2533471143230015,11.584029866225219,22.663213469021898,-28.52690931052792,20.817524377569637,17.52664339399141,-4.838163628585992,-3.8800846495714616,1.4206888922189214,7.193929333753667,-24.69648671944873,2.5106685491925584,1.0475618152568695,10.215926501104011,3.8222267269090047,-24.675147089087815,-10.32978239086262,-18.09208726265359,11.170215319338476,24.29129901687043,12.451667271315062,15.294734115789376,8.992786451436094,9.959855667231778,29.294237176007634,-5.959585631889014,25.780704134340414,5.159199612367137,6.779770130575048,-27.369936527735216,-34.776665924826986,-13.881255009852067,-7.4632428043891474,-6.51519803672927,4.537618537246312,15.741495489088765,0.17374020957895583,4.018654389883321
