V1,V2,V3,V4,V5,V6,V7,V8,V9,V10,V11,V12,V13,V14,V15,V16,V17,V18,V19,V20,V21,V22,V23,V24,V25,V26,V27,V28,V29,V30,V31,V32,V33,V34,V35,V36,V37,V38,V39,V40,V41,V42,V43,V44,V45,V46,V47,V48,V49,V50,V51,V52,V53,V54,V55,V56
98.78216067856201,54.854993109174956,28.34244607952862,-68.13432724058121,28.607182219575822,30.96870836085855,-71.51973246714843,-64.14225882432227,17.257107017819443,37.014548601660735,-141.10573364864416,128.36389507729956,100.00406073654999,-16.362797618085363,72.54962472668011,-9.473437978066658,-78.34143551157747,-33.99001380608461,59.09109355704587,34.5923153237157,85.93625273169445,31.1022441393831,-28.38881860159372,14.876551642167883,-88.92003148505155,103.76256809068633,-27.39359370126104,-41.577341694108725,39.27836634535209,82.25233337255206,-94.78901221866998,-42.98628965137537,13.402431680266584,33.734120468299444,-93.91084523277411,71.42941108126907,-104.60984615081549,-59.38899450951154,-58.71128249608327,-59.896001752061544,-29.772014883820653,83.30573642176608,-37.187874787643054,-77.10912069575522,107.8034402886584,-15.473145076197866,56.991385511508334,15.695680409307345,25.825406786397643,156.06692937795074,59.454770623958744,34.17577029528957,176.46605390961977,103.84058064123695,-41.20122770231195,38.74800332926453
54.854993109174956,31.909680786783678,15.418434795759302,-38.41217663434956,16.231863414239633,18.655260340254763,-41.09728646895236,-35.80512283875914,11.920596280270633,20.96196880123885,-81.67136161339886,71.7330562491177,56.94681259714347,-8.877710120759161,41.23057297658497,-5.420510239164643,-44.04971321138154,-18.73457114326205,33.76085104236845,20.518140543818483,49.74369512448844,17.50449801470457,-15.860229224378672,7.911255260938807,-50.96255443481311,58.200004587004564,-16.917609605256406,-25.01829799711722,22.670075842020058,46.048481607004014,-55.27817921874579,-24.325686882084906,6.882843347075795,19.670217325578726,-54.25030668090606,41.9847781349091,-58.423701062522554,-34.86521813987622,-34.75500165099111,-34.27256096786292,-17.559060357654865,46.2701878602276,-20.37970706206053,-44.230392448884764,61.49528220918183,-8.483775330355604,33.259856396168,9.685217167863584,13.065561949634755,88.82382013315804,33.23834266691924,18.936066256373167,99.56556482194026,58.934597813916206,-23.91241252563501,23.38827477959769
28.34244607952862,15.418434795759302,8.227597114919186,-19.445546372994272,8.134243918019399,8.550781361517915,-20.21982657638825,-18.360004356575853,4.4128779922065675,10.537401946456812,-39.771447543395126,36.747695998763426,28.38982845769153,-4.7415179398510015,20.619639040865813,-2.6932882547633366,-22.358648674114914,-9.782202332353313,16.74617942075192,9.628650925848437,24.21948629362606,8.87627017562367,-8.130270691358978,4.337818738686579,-25.1685720438827,29.658901149293886,-7.484781871594811,-11.483427098057046,11.075154694374907,23.524250842061036,-26.6054892404527,-12.243256578442981,3.9749401998007103,9.482777059856408,-26.505185321559498,19.991947777820066,-29.945647263796783,-16.64966271176693,-16.361300188192708,-16.960315558661065,-8.32373085723985,23.915662739659886,-10.7283862884525,-21.826470645519564,30.591047537276836,-4.46600774145293,15.989719525196731,4.2986470215141805,7.689590456330961,44.30175538784808,17.018565132719058,9.825809587160025,50.29618890789352,29.52438525959324,-11.615759330304895,10.717774498948684
-68.13432724058121,-38.41217663434956,-19.445546372994272,47.29234889178086,-19.88338791181741,-21.930244994424225,49.91546451212177,44.33922666195381,-12.788600319356858,-25.72233603014571,98.7196699363804,-88.75793853291654,-69.5896350201291,11.207279631230769,-50.44871755897728,6.61824442380212,54.27788381894186,23.38204347562878,-41.14376626890463,-24.38165159191469,-60.11549842459964,-21.57905040297456,19.59953740142598,-10.099367636430445,61.97689420898362,-71.83790534435111,19.570342882621198,29.41334889389229,-27.43599024479607,-56.90505678265369,66.45701103447996,29.85953966852253,-9.025139044464675,-23.668632178319335,65.69079593019573,-50.22886760012821,72.28031312409946,41.79761995287379,41.347229966152625,41.72163530801174,20.986360615024736,-57.493743112099054,25.518204891916845,53.770550663857904,-75.04997898762929,10.633230825420899,-39.9338309428518,-11.237257571899796,-17.30781399898911,-108.52883318458522,-41.116077988733196,-23.57531694655315,-122.35176481315348,-72.17602775903647,28.874782850367605,-27.49617400296622
28.607182219575822,16.231863414239633,8.134243918019399,-19.88338791181741,8.37441536949609,9.319254045879095,-21.05643498300606,-18.627666127119102,5.5500038755087,10.818705741896782,-41.67684269634934,37.2928194315183,29.312837169168088,-4.689276379503248,21.241194218408967,-2.785998421018143,-22.82420685344991,-9.803699095594919,17.34586675168317,10.33694698272666,25.386268812501168,9.073423245373524,-8.241021430313978,4.219593321948291,-26.14006010559003,30.19568808576295,-8.341706947775593,-12.501036146723411,11.582606668609976,23.91445707416132,-28.095001101913223,-12.564547187432092,3.7481473801971683,10.001958470726915,-27.718295567230335,21.25187096090372,-30.372713413312628,-17.668000753210393,-17.521000715525297,-17.589865151555813,-8.877375879924342,24.13635514618785,-10.693632381508875,-22.675392019885876,31.621148736364503,-4.454686513290112,16.88174682839238,4.785109186034711,7.17413073042271,45.71973190329458,17.278139106187208,9.887687774653081,51.47827218635608,30.387823686438097,-12.186851850359723,11.680080798198123
30.96870836085855,18.655260340254763,8.550781361517915,-21.930244994424225,9.319254045879095,11.18683690235374,-23.81682709090319,-20.30006232929754,7.776934488929953,12.007641717320794,-47.57192222030644,40.69302914698887,32.774184443108986,-4.919902051878859,23.687337055788667,-3.126868838658874,-25.11079261334283,-10.510916377150679,19.483019308355505,12.170560872447796,28.982095570921906,9.98446692685968,-8.995169712323989,4.314669778237545,-29.478264135481112,33.10680679072358,-10.30678389008892,-14.991393052046199,13.183090035616374,26.160286688342104,-32.3845356660928,-13.931514882246248,3.6345795592704824,11.515746053599202,-31.547552084448032,24.72739096569155,-33.12877161400017,-20.507760944117294,-20.583337959399223,-19.798709640259506,-10.365673402977702,26.120750328578765,-11.381251498537056,-25.591287654832772,35.43230295301966,-4.738105173237938,19.491277162312084,5.894078139211515,6.81239055181024,51.101381401282694,18.8617605153073,10.664869700995508,56.898133417428866,33.83203684510303,-13.945089513764218,14.032269495576074
-71.51973246714843,-41.09728646895236,-20.21982657638825,49.91546451212177,-21.05643498300606,-23.81682709090319,53.13052473256318,46.637025029782414,-14.707853737899633,-27.197757031666647,105.37388246491793,-93.39244825754893,-73.7868325656541,11.649953046323015,-53.44160484463158,7.02145669160519,57.257967414473406,24.464220113643886,-43.69933184717938,-26.305567067506008,-64.18179347305232,-22.76509553354987,20.633058132028776,-10.424779530925061,65.91027333465408,-75.69749051135976,21.461001636956087,31.937896770832143,-29.263283076160654,-59.92123455788333,71.177399526681,31.573660335569603,-9.169594280485649,-25.33613119578511,70.04436570901025,-53.95510828995464,76.05103261268162,44.84421946752874,44.56870885241817,44.336841580476005,22.56113752778414,-60.34163879477411,26.642268333535892,57.18907509310192,-79.63277995586724,11.098646688475002,-42.785597887040844,-12.305705829068403,-17.48220606716786,-115.07132101172277,-43.27212437864935,-24.707664210498248,-129.26122997921732,-76.42426449775844,30.835565054116728,-29.861214328190897
-64.14225882432227,-35.80512283875914,-18.360004356575853,44.33922666195381,-18.627666127119102,-20.30006232929754,46.637025029782414,41.690926676867534,-11.493849993925599,-24.098113399081647,92.0820977822174,-83.42265742552843,-65.14009597377843,10.600578775018944,-47.24034088185239,6.1772297681713315,50.95592317037141,22.048505078898554,-38.49742853045425,-22.635277263664435,-56.07830491314451,-20.241159950463377,18.430999932017386,-9.608050302398231,57.949185547281964,-67.46357209323588,18.003143099039747,27.23866168824672,-25.62084392307809,-53.46795904258198,61.90634870687771,27.98095542406202,-8.627469983560712,-22.03180905187639,61.27904283155476,-46.69256250560296,67.96230359138222,38.83832917141169,38.4041813292626,39.0273852656057,19.484155551102972,-54.10058952164448,24.097983473964476,50.25364912374758,-70.22055832141596,10.033169126970073,-37.20707002986916,-10.324240299667354,-16.60872108547999,-101.62739962261855,-38.63995806900381,-22.19092185899748,-114.78352454370518,-67.6110852429828,26.896401728723692,-25.407067181133094
17.257107017819443,11.920596280270633,4.4128779922065675,-12.788600319356858,5.5500038755087,7.776934488929953,-14.707853737899633,-11.493849993925599,6.825377916427063,7.102701735857042,-29.960587893413543,23.128600337865375,19.72592072057736,-2.519823794328626,14.17324100162658,-1.8992606703432902,-14.55122655673676,-5.71175843726675,11.85036869935262,8.162904417379947,18.26267697604125,5.790493728083804,-5.125314845295498,2.0470100157143514,-18.091350901373055,19.03556989709477,-7.544319840766207,-10.40961310113455,8.249938360832521,14.956132609820349,-20.81876679153612,-8.22717518526593,1.4341848425557748,7.390415083928224,-19.746848364784494,16.20486189369125,-18.81531703709103,-13.365572219796999,-13.743217209938797,-12.095952856418261,-6.833863671244278,14.549221020737304,-6.069108441317384,-15.736933335874326,21.43976152489369,-2.5217538480003916,12.570624124607088,4.291731405233579,2.450229363910108,30.738374032802213,10.73458316740078,5.885426957101173,33.356396951202896,20.165477179919886,-8.831772116975271,9.77981368757624
37.014548601660735,20.96196880123885,10.537401946456812,-25.72233603014571,10.818705741896782,12.007641717320794,-27.197757031666647,-24.098113399081647,7.102701735857042,14.003240374557226,-53.83444217083782,48.2398536141341,37.890452555018484,-6.07547829470745,27.465586978159667,-3.602545992755381,-29.52161066532373,-12.699331132390451,22.40731680049468,13.325755452056955,32.77754287890407,11.732556482950692,-10.650352789908082,5.466699769512479,-33.76263937535731,39.05973143816262,-10.73997905958106,-16.10357616511179,14.960330811997151,30.93654993259227,-36.268340881956675,-16.246892120198954,4.864483330918422,12.911737158873969,-35.81235720064095,27.430158370997056,-39.28724971031877,-22.82097094148389,-22.599605077781142,-22.731015231224223,-11.464492644632623,31.226250584251463,-13.852626210442072,-29.29518505321438,40.867936203660115,-5.769731276350971,21.806798552910127,6.161322848499642,9.32136148903294,59.09653125178388,22.34467343396977,12.805820539016121,66.5711364661861,39.287324247988266,-15.747582122715599,15.047460383860898
-141.10573364864416,-81.67136161339886,-39.771447543395126,98.7196699363804,-41.67684269634934,-47.57192222030644,105.37388246491793,92.0820977822174,-29.960587893413543,-53.83444217083782,209.2398550965413,-184.4421245115664,-146.14911064729557,22.90164142666217,-105.82510219556006,13.92012322241417,113.18647992345801,48.21826903921746,-86.5935651033253,-52.42023994133882,-127.43827892659877,-45.00268841458443,40.74777996344899,-20.42371174532702,130.67288049735893,-149.58556860939953,43.03400938783205,63.78433686321372,-58.08014334342144,-118.37440472221441,141.4900846021564,62.47948911651107,-17.86553344321384,-50.36532500169327,139.04645529044578,-107.39074207978521,150.18340715998588,89.24471298969192,88.79846131998745,87.88466687398322,44.929277658593,-119.05418714833192,52.465079611700844,113.40548260795882,-157.77604831332476,21.854018184793567,-85.07865143689868,-24.669241583693523,-33.973783885754564,-227.90507773759003,-85.46090511221219,-48.73797331686254,-255.67605535602422,-151.29705918851533,61.26248938368152,-59.66880375955792
128.36389507729956,71.7330562491177,36.747695998763426,-88.75793853291654,37.2928194315183,40.69302914698887,-93.39244825754893,-83.42265742552843,23.128600337865375,48.2398536141341,-184.4421245115664,166.97374940204335,130.4225140052858,-21.201004766146802,94.58789442156669,-12.373907138616193,-101.98751588969611,-44.1179482248381,77.09115045810579,45.36164450800696,112.33047327014977,40.50628792497037,-36.913283230017086,19.20919975240009,-116.05956959356921,135.03990633392317,-36.12963192262847,-54.61234245604739,51.31137304192883,107.01608600440649,-124.0124382552041,-56.01967039597309,17.2431906809879,44.14477113640181,-122.73632764747545,93.56639207079044,-136.03889684527445,-77.81321578520568,-76.96602442203296,-78.15286395824798,-39.03398686289956,108.27549292321913,-48.2233266642329,-100.65793855757053,140.62426399338491,-20.07300277824427,74.5506477986802,20.714154548690157,33.162085806617306,203.4877722821504,77.34245389427811,44.40853041604868,229.80791973119446,135.36303354661172,-53.88812817347952,50.956917393466576
100.00406073654999,56.94681259714347,28.38982845769153,-69.5896350201291,29.312837169168088,32.774184443108986,-73.7868325656541,-65.14009597377843,19.72592072057736,37.890452555018484,-146.14911064729557,130.4225140052858,102.66485826149326,-16.3651589855027,74.39012655721709,-9.760536972915602,-79.8639395800257,-34.264640282040894,60.757808552318814,36.30693292133995,89.00871651690856,31.7449461172159,-28.814782175536656,14.701223430341011,-91.58377958035226,105.63744773313537,-29.396377941445227,-43.96080577881106,40.60794186238203,83.65153870255764,-98.5734150393051,-43.98501706979106,13.023005644924982,35.08913871061338,-97.18588382981905,74.61120073976502,-106.22162463561853,-62.02763013229453,-61.54247241084213,-61.63171266614676,-31.177946239329295,84.36803117290788,-37.35838137095757,-79.45909370896428,110.76275157866628,-15.55905362734831,59.25544741726697,16.856712888600697,24.902147698423985,160.1280172434025,60.4225900170207,34.566962808754695,180.1849300349388,106.40431018702229,-42.748473285342996,41.07671397757294
-16.362797618085363,-8.877710120759161,-4.7415179398510015,11.207279631230769,-4.689276379503248,-4.919902051878859,11.649953046323015,10.600578775018944,-2.519823794328626,-6.07547829470745,22.90164142666217,-21.201004766146802,-16.3651589855027,2.7416875474328575,-11.883525375053962,1.5475558213464768,12.901254910586658,5.650795696852117,-9.652183325268833,-5.541000693899226,-13.94615899493368,-5.1187931041840145,4.686581010701347,-2.513348776181264,14.502727617691168,-17.106710983059084,4.291739593085945,6.606806530168882,-6.383981973901813,-13.573754048219714,15.321837052791961,7.057129483268681,-2.2996215993229296,-5.452585603545379,15.257328674195861,-11.499522688036858,17.27962084143576,9.572163751107471,9.416742490151535,9.777184376849105,4.787996742096416,-13.797963988285801,6.198105477163974,12.570288315035413,-17.624083320283724,2.577886431823523,-9.209934299248282,-2.4606630829921095,-4.462310346833197,-25.541748954888284,-9.816653140244977,-5.669295579848655,-29.005423024315046,-17.021715497607346,6.6775648357412045,-6.14980095298726
72.54962472668011,41.23057297658497,20.619639040865813,-50.44871755897728,21.241194218408967,23.687337055788667,-53.44160484463158,-47.24034088185239,14.17324100162658,27.465586978159667,-105.82510219556006,94.58789442156669,74.39012655721709,-11.883525375053962,53.91360296299535,-7.071547902730471,-57.90430985944816,-24.87035910241333,44.01835075765974,26.256637379128613,64.44681779164797,23.010089892631573,-20.902490748988384,10.687515762526939,-66.34229293852525,76.60310353015333,-21.22730397682173,-31.774928348063995,29.40675166640554,60.66335818786804,-71.34620324794031,-31.880598264891784,9.480887154249027,25.398746517344183,-70.37769324311637,53.987600979881556,-77.04338616938513,-44.885731947975195,-44.51656441513237,-44.651066470193335,-22.554008075852874,61.20351428001103,-27.125797445843613,-57.56103277515678,80.25755557316411,-11.295952980009634,42.89852205502327,12.170312443800183,18.138101038244812,116.03760430444922,43.81926102669525,25.083083465616426,130.63286402514842,77.11381740318438,-30.954976574886555,29.686575372835833
-9.473437978066658,-5.420510239164643,-2.6932882547633366,6.61824442380212,-2.785998421018143,-3.126868838658874,7.02145669160519,6.1772297681713315,-1.8992606703432902,-3.602545992755381,13.92012322241417,-12.373907138616193,-9.760536972915602,1.5475558213464768,-7.071547902730471,0.9332057903364944,7.5799204988896145,3.241911514970885,-5.774696908563693,-3.461329985150407,-8.476844878482698,-3.016541792249536,2.7303636755361502,-1.3812803933622342,8.709024848283851,-10.0269726454791,2.815790040678814,4.189872512265174,-3.8619133387017333,-7.936727619292892,9.386959257885074,4.181829847552242,-1.225143316809083,-3.347032520192648,9.261717009910805,-7.11751636042238,10.068840951286111,5.929003464836368,5.866913857567582,5.8575451648521435,2.9807075211401477,-8.000388198316625,3.5301193273759215,7.559646817167049,-10.533476406185372,1.4726516309767128,-5.639037384269309,-1.6201127163714082,-2.335883013762114,-15.210859402361516,-5.732903965867836,-3.279494306010415,-17.101891042730276,-10.112685057143823,4.079953048594087,-3.93255099271849
-78.34143551157747,-44.04971321138154,-22.358648674114914,54.27788381894186,-22.82420685344991,-25.11079261334283,57.257967414473406,50.95592317037141,-14.55122655673676,-29.52161066532373,113.18647992345801,-101.98751588969611,-79.8639395800257,12.901254910586658,-57.90430985944816,7.5799204988896145,62.35323538055284,26.901279671439355,-47.224689351981375,-27.928186646910888,-68.93094954199381,-24.766430787715088,22.53670379884547,-11.659758768770613,71.12262672364565,-82.52471682240535,22.363888369679685,33.688948752528184,-31.479039375600486,-65.38518148864242,76.17989745889801,34.27319630001943,-10.41480280627615,-27.111637059947434,75.29926246868908,-57.533251212784144,83.08276007321729,47.8459211898011,47.37558273893578,47.88779953660489,24.018766504028495,-66.07707513438916,29.379060484140293,61.687350770920446,-86.12148576827613,12.230665785776985,-45.80173512428292,-12.8200144018774,-20.004181868979884,-124.59336854583816,-47.24083200421416,-27.096513017202906,-140.5428125773463,-82.85303415910695,33.077578713823954,-31.440167459183257
-33.99001380608461,-18.73457114326205,-9.782202332353313,23.38204347562878,-9.803699095594919,-10.510916377150679,24.464220113643886,22.048505078898554,-5.71175843726675,-12.699331132390451,48.21826903921746,-44.1179482248381,-34.264640282040894,5.650795696852117,-24.87035910241333,3.241911514970885,26.901279671439355,11.715678654086481,-20.234058384513688,-11.76866073232293,-29.360196381760783,-10.672222646686702,9.758481350084365,-5.155676585421488,30.432373502449167,-35.64408678918079,9.25802399953019,14.115193385825899,-13.42999064100058,-28.263994302206743,32.348367092801055,14.74293572619664,-4.665126596498462,-11.509750424895623,32.09851163420714,-24.34423996805689,35.96324471307981,20.243610202752624,19.98805382906363,20.509962147983455,10.13982157977752,-28.65701633179088,12.831355500576944,26.388973928753856,-36.92759281722333,5.335605100573484,-19.460848890244648,-5.300549954872553,-9.01109631333255,-53.48665378398739,-20.43046851511833,-11.766089321194789,-60.570317223785146,-35.60054562547396,14.073049494518202,-13.140293124775912
59.09109355704587,33.76085104236845,16.74617942075192,-41.14376626890463,17.34586675168317,19.483019308355505,-43.69933184717938,-38.49742853045425,11.85036869935262,22.40731680049468,-86.5935651033253,77.09115045810579,60.757808552318814,-9.652183325268833,44.01835075765974,-5.774696908563693,-47.224689351981375,-20.234058384513688,35.97483259870732,21.55638965533737,52.745291054619635,18.765423842780816,-17.043877967254808,8.666453133686396,-54.240153146814315,62.4541322613193,-17.504672367792388,-26.13664889013452,24.060645139167363,49.450677310661334,-58.44234503341845,-26.01742891185514,7.651406479001889,20.79961569047414,-57.565225010649485,44.256056486119085,-62.79402118085636,-36.772343501743926,-36.53492673116341,-36.49371045879526,-18.48853244855538,49.846521013298315,-22.05797046656989,-47.05657170284533,65.56396959704763,-9.18325260223823,35.13988563376694,10.029619017691482,14.613777173314526,94.77585603394776,35.71731821837652,20.414801592813273,106.58701010673508,62.957674338914536,-25.32641457041866,24.41490271054875
34.5923153237157,20.518140543818483,9.628650925848437,-24.38165159191469,10.33694698272666,12.170560872447796,-26.305567067506008,-22.635277263664435,8.162904417379947,13.325755452056955,-52.42023994133882,45.36164450800696,36.30693292133995,-5.541000693899226,26.256637379128613,-3.461329985150407,-27.928186646910888,-11.76866073232293,21.55638965533737,13.308867892650202,31.93488991104283,11.111337217168263,-10.025845590641442,4.8911310535369665,-32.581316023892214,36.85830466641272,-11.137173567118142,-16.316356320918704,14.534347260273352,29.14014335764968,-35.60069368771403,-15.46684755299227,4.1875763370523895,12.667071329778326,-34.79220184490134,27.120098759027858,-36.9318287076195,-22.503350520163405,-22.513882864589206,-21.89154892070205,-11.357098416995655,29.185397818575737,-12.766862311595995,-28.28295770056083,39.23041383439052,-5.318190310066198,21.407846824515563,6.377564584121256,7.890239263232311,56.61179866333374,21.02556375358888,11.922486098584763,63.20983426631193,37.51705177882339,-15.35912514611067,15.269802793960025
85.93625273169445,49.74369512448844,24.21948629362606,-60.11549842459964,25.386268812501168,28.982095570921906,-64.18179347305232,-56.07830491314451,18.26267697604125,32.77754287890407,-127.43827892659877,112.33047327014977,89.00871651690856,-13.94615899493368,64.44681779164797,-8.476844878482698,-68.93094954199381,-29.360196381760783,52.745291054619635,31.93488991104283,77.6252521952766,27.405407670476492,-24.8240858170999,12.439547992763039,-79.59701726095771,91.09815365111693,-26.2178821764983,-38.86188946301028,35.37610723696295,72.09118270504783,-86.18082090989583,-38.05087423684442,10.87881101679507,30.676392886478478,-84.68130390504939,65.41012466180672,-91.46821318417308,-54.34813265092558,-54.09368213021202,-53.52694797231903,-27.36125957853469,72.50691488033866,-31.948505303246282,-69.07338497230467,96.09338037352178,-13.306629139098908,51.81749018704936,15.027278761727478,20.68475922613985,138.80307340136477,52.05021947370035,29.676548318838087,155.71367665246603,92.14336132174462,-37.307334790665294,36.35263294423902
31.1022441393831,17.50449801470457,8.87627017562367,-21.57905040297456,9.073423245373524,9.98446692685968,-22.76509553354987,-20.241159950463377,5.790493728083804,11.732556482950692,-45.00268841458443,40.50628792497037,31.7449461172159,-5.1187931041840145,23.010089892631573,-3.016541792249536,-24.766430787715088,-10.672222646686702,18.765423842780816,11.111337217168263,27.405407670476492,9.857494342515094,-8.939202971480038,4.615476486250688,-28.259520354143312,32.780053126461134,-8.896979142760213,-13.393324354602099,12.507203555890227,25.96672695998316,-30.298638919242364,-13.621973377242677,4.1327414490030945,10.792053122431199,-29.951898538642215,22.88818164212639,-32.98435950978114,-19.042540373350235,-18.830760032937615,-19.024360940847867,-9.56077862165316,26.248890785328044,-11.645763146118911,-24.517365880104066,34.22792727317441,-4.857494961375905,18.186350726328747,5.11431678695916,7.927820032047507,49.505831932451514,18.767001307530165,10.756900214977035,55.811671745563864,32.92363903031536,-13.159648806174461,12.515267729670093
-28.38881860159372,-15.860229224378672,-8.130270691358978,19.59953740142598,-8.241021430313978,-8.995169712323989,20.633058132028776,18.430999932017386,-5.125314845295498,-10.650352789908082,40.74777996344899,-36.913283230017086,-28.814782175536656,4.686581010701347,-20.902490748988384,2.7303636755361502,22.53670379884547,9.758481350084365,-17.043877967254808,-10.025845590641442,-24.8240858170999,-8.939202971480038,8.183233810095132,-4.257856276044677,25.66234860263574,-29.849002896953092,7.99136408628973,12.084234377366922,-11.340907334890389,-23.654923541795707,27.400604201048594,12.376676587862015,-3.8176080609172174,-9.752398054643571,27.1037372520077,-20.671878839785023,30.09358235098259,17.166274268929083,17.015593489414044,17.276634878105956,8.606995396840583,-23.93933849062252,10.67851724986876,22.25535321180422,-31.08395028897842,4.43799612332454,-16.488586801114124,-4.570091606045958,-7.333122625707266,-44.98306916640777,-17.09998114103444,-9.81398701356538,-50.821403376092746,-29.91051295857985,11.90097261234609,-11.262237422404741
14.876551642167883,7.911255260938807,4.337818738686579,-10.099367636430445,4.219593321948291,4.314669778237545,-10.424779530925061,-9.608050302398231,2.0470100157143514,5.466699769512479,-20.42371174532702,19.20919975240009,14.701223430341011,-2.513348776181264,10.687515762526939,-1.3812803933622342,-11.659758768770613,-5.155676585421488,8.666453133686396,4.8911310535369665,12.439547992763039,4.615476486250688,-4.257856276044677,2.3333054869124092,-13.001904030663605,15.475047612008716,-3.7129090440882275,-5.803439237644831,5.707093818118925,12.290137425853901,-13.624821348018077,-6.353597208620947,2.1515902203271735,4.842736460690545,-13.60795693849757,10.18146760535664,-15.67526407209803,-8.46134045401771,-8.322314705923713,-8.77357918049864,-4.221520775520132,12.532181411559682,-5.674607245473601,-11.261480562985994,15.824433227855256,-2.355700220775247,8.19921307326092,2.120095578378805,4.197309242394093,22.972167608957836,8.89315959787915,5.151967751864588,26.192516367542066,15.315571394530956,-5.940266543655443,5.3725534742866
-88.92003148505155,-50.96255443481311,-25.1685720438827,61.97689420898362,-26.14006010559003,-29.478264135481112,65.91027333465408,57.949185547281964,-18.091350901373055,-33.76263937535731,130.67288049735893,-116.05956959356921,-91.58377958035226,14.502727617691168,-66.34229293852525,8.709024848283851,71.12262672364565,30.432373502449167,-54.240153146814315,-32.581316023892214,-79.59701726095771,-28.259520354143312,25.66234860263574,-13.001904030663605,81.80057234870245,-94.04516911173488,26.53196806400623,39.542938676220245,-36.30163991828795,-74.45565039246326,88.2322232247032,39.20272035404588,-11.45203239181711,-31.40177319344133,86.8544771636717,-66.8531273748865,94.53141821665594,55.54409882464728,55.21804388397223,55.028244690958076,27.935585648473108,-75.01045268467348,33.16426830124175,70.96994099259531,-98.84321670339216,13.804731356961042,-53.0601158704156,-15.199135390168781,-21.849051081497944,-142.85439549983965,-53.772509747280125,-30.716905722038362,-160.5686543677908,-94.87981516399,38.225413781107136,-36.950330674522775
103.76256809068633,58.200004587004564,29.658901149293886,-71.83790534435111,30.19568808576295,33.10680679072358,-75.69749051135976,-67.46357209323588,19.03556989709477,39.05973143816262,-149.58556860939953,135.03990633392317,105.63744773313537,-17.106710983059084,76.60310353015333,-10.0269726454791,-82.52471682240535,-35.64408678918079,62.4541322613193,36.85830466641272,91.09815365111693,32.780053126461134,-29.849002896953092,15.475047612008716,-94.04516911173488,109.2482887460436,-29.45506485541824,-44.42495085234315,41.603196869639675,86.56273728511536,-100.63374284074638,-45.351440538389525,13.85579266326029,35.82363363063183,-99.52977238555218,75.9770046277989,-110.01437944807712,-63.18539630060844,-62.52884529710475,-63.323671975054516,-31.70711532581765,87.52618253341359,-38.94190679152749,-81.57346009497081,113.9150048630538,-16.212155667699577,60.500437374240036,16.888318202483745,26.618562679875396,164.80895814506266,62.552029029795165,35.89459252796937,185.99855167910982,109.61026736494462,-43.71772087358934,41.464003796677275
-27.39359370126104,-16.917609605256406,-7.484781871594811,19.570342882621198,-8.341706947775593,-10.30678389008892,21.461001636956087,18.003143099039747,-7.544319840766207,-10.73997905958106,43.03400938783205,-36.12963192262847,-29.396377941445227,4.291739593085945,-21.22730397682173,2.815790040678814,22.363888369679685,9.25802399953019,-17.504672367792388,-11.137173567118142,-26.2178821764983,-8.896979142760213,7.99136408628973,-3.7129090440882275,26.53196806400623,-29.45506485541824,9.610061792478994,13.808551236234523,-11.90378682355386,-23.247373676966244,29.398669647154385,12.456972252973689,-3.058476096821203,-10.46051574017444,28.514260776812137,-22.542964244614357,29.404402358440077,18.68670011176134,18.820632310919336,17.802074194265096,9.463145827237113,-23.114713336582206,9.992996974334591,23.050420042424083,-31.819477947124145,4.160750839273794,-17.704287076108844,-5.4952027547516655,-5.656985992359739,-45.821191145055224,-16.75117978624154,-9.425304060803093,-50.78925816555447,-30.29199589306691,12.640925081112064,-12.956220720719966
-41.577341694108725,-25.01829799711722,-11.483427098057046,29.41334889389229,-12.501036146723411,-14.991393052046199,31.937896770832143,27.23866168824672,-10.40961310113455,-16.10357616511179,63.78433686321372,-54.61234245604739,-43.96080577881106,6.606806530168882,-31.774928348063995,4.189872512265174,33.688948752528184,14.115193385825899,-26.13664889013452,-16.316356320918704,-38.86188946301028,-13.393324354602099,12.084234377366922,-5.803439237644831,39.542938676220245,-44.42495085234315,13.808551236234523,20.101444146751106,-17.679315003940815,-35.10462355939632,43.42482931087918,18.6878873506533,-4.893265655857476,-15.441014983956126,42.294161753881966,-33.1486240520605,44.47501079360359,27.47060369702332,27.592618674002,26.55849220877904,13.882169079885603,-35.06498114669324,15.29227698860625,34.330381423253534,-47.53209234970697,6.36291773036207,-26.139579061508805,-7.890621194930793,-9.167515010678574,-68.56240055207705,-25.315555262535508,-14.311250734940282,-76.35832051559936,-45.38231759250066,18.692910988050695,-18.80110542008611
39.27836634535209,22.670075842020058,11.075154694374907,-27.43599024479607,11.582606668609976,13.183090035616374,-29.263283076160654,-25.62084392307809,8.249938360832521,14.960330811997151,-58.08014334342144,51.31137304192883,40.60794186238203,-6.383981973901813,29.40675166640554,-3.8619133387017333,-31.479039375600486,-13.42999064100058,24.060645139167363,14.534347260273352,35.37610723696295,12.507203555890227,-11.340907334890389,5.707093818118925,-36.30163991828795,41.603196869639675,-11.90378682355386,-17.679315003940815,16.130928106749334,32.929815048753106,-39.262956428796024,-17.36424757308608,4.994606029122896,13.968469195473661,-38.59044620550201,29.78001197461661,-41.79078072083654,-24.738314370267123,-24.627278395692677,-24.418859001365195,-12.45230151550618,33.12902788837495,-14.621503659333264,-31.49702872575538,43.832873080525175,-6.085894309075474,23.617996464318555,6.816098148208926,9.513682913209603,63.33814576722478,23.77313907289132,13.563730374764761,71.09684195049209,42.048520398612546,-16.99297962159712,16.51886783378888
82.25233337255206,46.048481607004014,23.524250842061036,-56.90505678265369,23.91445707416132,26.160286688342104,-59.92123455788333,-53.46795904258198,14.956132609820349,30.93654993259227,-118.37440472221441,107.01608600440649,83.65153870255764,-13.573754048219714,60.66335818786804,-7.936727619292892,-65.38518148864242,-28.263994302206743,49.450677310661334,29.14014335764968,72.09118270504783,25.96672695998316,-23.654923541795707,12.290137425853901,-74.45565039246326,86.56273728511536,-23.247373676966244,-35.10462355939632,32.929815048753106,68.59558791419613,-79.61387251806772,-35.920776251888825,11.014244745122484,28.336377044461262,-78.76387089815282,60.08477804246494,-87.18776981656991,-49.96868888636151,-49.44232575667297,-50.137479339593604,-25.071941090057315,69.37590296191553,-30.886600305762272,-64.57546377633065,90.19737928632215,-12.85581267980937,47.86699062719047,13.32589451042977,21.17724546960611,130.5129402297563,49.56884890685806,28.454674547554102,147.3450861281422,86.81003954744949,-34.586659403016014,32.75397017441495
-94.78901221866998,-55.27817921874579,-26.6054892404527,66.45701103447996,-28.095001101913223,-32.3845356660928,71.177399526681,61.90634870687771,-20.81876679153612,-36.268340881956675,141.4900846021564,-124.0124382552041,-98.5734150393051,15.321837052791961,-71.34620324794031,9.386959257885074,76.17989745889801,32.348367092801055,-58.44234503341845,-35.60069368771403,-86.18082090989583,-30.298638919242364,27.400604201048594,-13.624821348018077,88.2322232247032,-100.63374284074638,29.398669647154385,43.42482931087918,-39.262956428796024,-79.61387251806772,95.81862700821767,42.09213451239203,-11.841054420809076,-34.100210953178056,93.98585339514293,-72.80250240607292,100.98068233616178,60.45928957504734,60.27392568308822,59.32603880911819,30.462527480802013,-79.97097557149874,35.16538338380466,76.57969942064746,-106.44175358636764,14.64796721240379,-57.61242614331908,-16.845143133381015,-22.45614203900664,-153.7195295523739,-57.468214936416175,-32.712219371440796,-172.19062177002363,-101.98489027316135,41.430303785044536,-40.61383888326499
-42.98628965137537,-24.325686882084906,-12.243256578442981,29.85953966852253,-12.564547187432092,-13.931514882246248,31.573660335569603,27.98095542406202,-8.22717518526593,-16.246892120198954,62.47948911651107,-56.01967039597309,-43.98501706979106,7.057129483268681,-31.880598264891784,4.181829847552242,34.27319630001943,14.74293572619664,-26.01742891185514,-15.46684755299227,-38.05087423684442,-13.621973377242677,12.376676587862015,-6.353597208620947,39.20272035404588,-45.351440538389525,12.456972252973689,18.6878873506533,-17.36424757308608,-35.920776251888825,42.09213451239203,18.862326835104945,-5.65780427293719,-14.986876465919087,41.561381550127265,-31.83049781737068,45.624855127531866,26.472733509412446,26.226103990712108,26.385941460690553,13.29745943734701,-36.26819647421639,16.086009098474694,34.0106592087693,-47.44516630062405,6.6995350364238675,-25.300330243603213,-7.146268305043816,-10.838056972281235,-68.60358994066257,-25.951380756220892,-14.866256865932277,-77.28959811155887,-45.60813711711524,18.272530961878562,-17.463790301246544
13.402431680266584,6.882843347075795,3.9749401998007103,-9.025139044464675,3.7481473801971683,3.6345795592704824,-9.169594280485649,-8.627469983560712,1.4341848425557748,4.864483330918422,-17.86553344321384,17.2431906809879,13.023005644924982,-2.2996215993229296,9.480887154249027,-1.225143316809083,-10.41480280627615,-4.665126596498462,7.651406479001889,4.1875763370523895,10.87881101679507,4.1327414490030945,-3.8176080609172174,2.1515902203271735,-11.45203239181711,13.85579266326029,-3.058476096821203,-4.893265655857476,4.994606029122896,11.014244745122484,-11.841054420809076,-5.65780427293719,2.0381582733261014,4.220081365509137,-11.934636142864656,8.79879721619443,-14.066173293003686,-7.330437757687446,-7.130214271226779,-7.733828000076053,-3.64149186140492,11.304450190244586,-5.1499844733057065,-9.921263680069215,14.001641194902055,-2.142915333697504,7.105197627056017,1.7582789171029714,3.9956042578923103,20.342458999591635,7.983323983918022,4.653068088382702,23.336743516083157,13.597503550245358,-5.196161280366685,4.537808956314596
33.734120468299444,19.670217325578726,9.482777059856408,-23.668632178319335,10.001958470726915,11.515746053599202,-25.33613119578511,-22.03180905187639,7.390415083928224,12.911737158873969,-50.36532500169327,44.14477113640181,35.08913871061338,-5.452585603545379,25.398746517344183,-3.347032520192648,-27.111637059947434,-11.509750424895623,20.79961569047414,12.667071329778326,30.676392886478478,10.792053122431199,-9.752398054643571,4.842736460690545,-31.40177319344133,35.82363363063183,-10.46051574017444,-15.441014983956126,13.968469195473661,28.336377044461262,-34.100210953178056,-14.986876465919087,4.220081365509137,12.146270987773832,-33.46710823722615,25.917066554095193,-35.938418941529456,-21.53297904369162,-21.441070507829437,-21.110517228309188,-10.846277466922434,28.47404493355233,-12.510033304623374,-27.262054758500614,37.89454603910398,-5.216000389923605,20.49146687885799,6.002777312078119,7.992630771308536,54.70856510777608,20.459527879064144,11.64636995841964,61.282513460906664,36.30216380853797,-14.759226414273117,14.461502728105794
-93.91084523277411,-54.25030668090606,-26.505185321559498,65.69079593019573,-27.718295567230335,-31.547552084448032,70.04436570901025,61.27904283155476,-19.746848364784494,-35.81235720064095,139.04645529044578,-122.73632764747545,-97.18588382981905,15.257328674195861,-70.37769324311637,9.261717009910805,75.29926246868908,32.09851163420714,-57.565225010649485,-34.79220184490134,-84.68130390504939,-29.951898538642215,27.1037372520077,-13.60795693849757,86.8544771636717,-99.52977238555218,28.514260776812137,42.294161753881966,-38.59044620550201,-78.76387089815282,93.98585339514293,41.561381550127265,-11.934636142864656,-33.46710823722615,92.42562190411223,-71.32090296093669,99.92549140269496,59.29492707441562,58.934857571266996,58.41746402339328,29.844028076589932,-79.25015721389704,34.926649342307286,75.38334527388469,-104.90757419309863,14.556857322860631,-56.49367142317929,-16.360823803868396,-22.70414074515197,-151.53355608369077,-56.87039761716996,-32.44822684531901,-170.05147619370624,-100.62009709171873,40.720615795830724,-39.58587119819562
71.42941108126907,41.9847781349091,19.991947777820066,-50.22886760012821,21.25187096090372,24.72739096569155,-53.95510828995464,-46.69256250560296,16.20486189369125,27.430158370997056,-107.39074207978521,93.56639207079044,74.61120073976502,-11.499522688036858,53.987600979881556,-7.11751636042238,-57.533251212784144,-24.34423996805689,44.256056486119085,27.120098759027858,65.41012466180672,22.88818164212639,-20.671878839785023,10.18146760535664,-66.8531273748865,75.9770046277989,-22.542964244614357,-33.1486240520605,29.78001197461661,60.08477804246494,-72.80250240607292,-31.83049781737068,8.79879721619443,25.917066554095193,-71.32090296093669,55.39687440691655,-76.173325437309515,-46.01013182377059,-45.905006128732964,-44.93602526758484,-23.197119378399027,60.27545840332043,-26.436234654148677,-58.03818319357647,80.59606956306607,-11.01467805570613,43.778769758129584,12.920822715347956,16.63087726179394,116.32957327432678,43.362262259828576,24.64938968291895,130.12259983436195,77.15098994541863,-31.47109659203595,31.039839617089175
-104.60984615081549,-58.423701062522554,-29.945647263796783,72.28031312409946,-30.372713413312628,-33.12877161400017,76.05103261268162,67.96230359138222,-18.81531703709103,-39.28724971031877,150.18340715998588,-136.03889684527445,-106.22162463561853,17.27962084143576,-77.04338616938513,10.068840951286111,83.08276007321729,35.96324471307981,-62.79402118085636,-36.9318287076195,-91.46821318417308,-32.98435950978114,30.09358235098259,-15.67526407209803,94.53141821665594,-110.01437944807712,29.404402358440077,44.47501079360359,-41.79078072083654,-87.18776981656991,100.98068233616178,45.624855127531866,-14.066173293003686,-35.938418941529456,99.92549140269496,-76.173325437309515,110.86158566653462,63.317363508722906,62.668941812513516,63.660560851917104,31.758151089112395,-88.22253465688186,39.3238611413214,81.98447211705819,-114.53761284173758,16.36029515447454,-60.726075651610344,-16.842806664134375,-27.053921670098497,-165.76534952981288,-63.01321790663345,-36.18150355640522,-187.24085909317427,-110.2530123140364,43.867675320651195,-41.46587113058936
