V1,V2,V3,V4,V5,V6,V7,V8,V9,V10,V11,V12,V13,V14,V15,V16,V17,V18,V19,V20,V21,V22,V23,V24,V25,V26,V27,V28,V29,V30,V31,V32,V33,V34,V35,V36,V37,V38,V39,V40,V41,V42,V43,V44,V45,V46,V47,V48,V49,V50,V51,V52,V53,V54,V55,V56
9.219123733684047,3.579502127280815,2.990144705737947,-5.7492178118376085,2.299424664409776,1.3346424396028562,-5.201494440834408,-5.787589220238629,-0.8829557693028701,3.0253629048754793,-9.641747839309579,11.50039617157362,7.827545897816629,-1.7491569153064082,5.770921089683898,-0.7152455417800299,-6.732625073886984,-3.3251500574490285,4.503941518139037,1.8299986713362235,5.863339530322349,2.6531252594535752,-2.5466345732918674,1.7608607587775418,-6.607016967457354,9.07097538774446,-0.739711962979335,-1.818741699897411,2.7506404819197563,7.281353967117986,-6.0285087880335055,-3.5277821772936835,1.8463096917643491,2.149550268389129,-6.531449266998702,4.195482815416296,-9.409180734803902,-3.54064377801856,-3.184174062820284,-4.512588554594901,-1.6870079240175595,7.764116593179277,-3.76301771180852,-5.693063061004653,8.325368110716623,-1.5618455850010278,3.6054194648649642,0.43276628598641953,3.7678319745428825,12.266921512587349,5.311012966841941,3.2392440574422787,14.800613621288099,8.339356211108587,-2.750723851923963,1.6209996577507235
3.579502127280815,2.844301084322052,0.8362897490776001,-2.8109255876831223,1.243215049499763,1.9868824539558156,-3.4124937473647305,-2.4358015964762307,2.0101088155010918,1.581243465111979,-7.0780729687193675,4.919907249942965,4.46318057140066,-0.4695951811688566,3.186568288134629,-0.43811705817976615,-3.161937860788046,-1.1463948433411724,2.7038330472413112,2.0311338024952765,4.315115199817768,1.2671577429911431,-1.0850902630428785,0.3310328345019785,-4.163527830506795,4.102638615231902,-2.002962993910713,-2.651600209423899,1.9323578761328342,3.2013529635775377,-5.002822513914725,-1.8280757905543499,0.15455658285789478,1.7789626610716591,-4.648386433527766,3.963999980372182,-3.9872200094789263,-3.269227411695349,-3.4037208151451495,-2.769864417630021,-1.6877433559467943,3.0258427746940475,-1.184013818740873,-3.6311686559241814,4.873562515977738,-0.49541790991710405,3.017452611921653,1.1438198419479186,0.18085271552562432,6.934486134593282,2.2874570637682727,1.2117568424720546,7.32302932659853,4.516673936168845,-2.1037570414329116,2.5147835540200005
2.990144705737947,0.8362897490776001,1.0424241682520672,-1.7356295094173217,0.6675543428494367,0.10493834331560485,-1.3760875098830567,-1.8350335553209507,-0.8117729250385944,0.8905513903197385,-2.382869187189952,3.628618970544393,2.220911449632937,-0.6141091021348011,1.6606559543645711,-0.196217608468249,-2.0614032082524085,-1.1108125817493486,1.2475696079598182,0.2986421316810432,1.4466145861086102,0.8075809244614779,-0.8044845618084757,0.6498317276484156,-1.7861034436947028,2.8125545907133596,0.14312030532043882,-0.15544824298861826,0.6991605308257598,2.278150076623514,-1.360874017892175,-1.0419137940897634,0.7243693304155417,0.48636789269074593,-1.6469253871114498,0.8394818504777459,-2.9772563081881587,-0.7255832169014832,-0.5488394692468542,-1.2364056110420316,-0.31665689715227563,2.515734627487657,-1.2823911110081405,-1.5293425267020349,2.333953159431661,-0.5313750381708364,0.8082964448830621,-0.07746046766846673,1.5082734821417692,3.493842959554347,1.6722831536584597,1.0609687890398367,4.448617720783999,2.4193699668047053,-0.6610631668957887,0.10485197983171393
-5.7492178118376085,-2.8109255876831223,-1.7356295094173217,3.8158707985950073,-1.5734287793961115,-1.4165962000920167,3.798078921854623,3.684399024250362,-0.38536372423845877,-2.048606632330269,7.339822398161694,-7.352942716914914,-5.4482200557414995,1.0074772519539845,-3.975337590915576,0.5099598280794734,4.416656454690249,2.016060204844087,-3.188774137377261,-1.666656386808218,-4.467737878401103,-1.7489776752826554,1.6263547699833032,-0.9576668509996108,4.756238609076937,-5.8880000803420565,1.1439525192138773,1.908105155153519,-2.05927925776646,-4.689790758928745,4.818833598749014,2.382508289396367,-0.9276868970256691,-1.7163526562327511,4.91395010233701,-3.545627458930899,6.000582045060298,2.9621508049426297,2.848067593473863,3.2191198984315905,1.4631642519949393,-4.8464622212747095,2.236371234107374,4.115708960225432,-5.8450140745755075,0.9298175143011036,-2.8919840331456586,-0.6582190550373183,-1.839608597284887,-8.514036420410333,-3.4017798866759654,-2.0018632957212614,-9.85720997595435,-5.709588726849774,2.127671936686557,-1.7611575049993888
2.299424664409776,1.243215049499763,0.6675543428494367,-1.5734287793961115,0.6579894334944887,0.6867590724926823,-1.6330226220267186,-1.4890375297325442,0.3466425292182455,0.8525306226886885,-3.208284863339285,2.9779959304328893,2.2954796233445807,-0.38578662807875835,1.6672789222424769,-0.21705174322379445,-1.8112709518692958,-0.7944605589615452,1.3535173991452705,0.774655538136833,1.9536524091585892,0.7189119100660236,-0.6583583498364527,0.35421214923207284,-2.0330222132668267,2.4023906155486228,-0.5978648128888194,-0.9223575840246144,0.8943284895219463,1.9062855228566673,-2.145090488088864,-0.9903477948453484,0.32503002529249914,0.7636987941083249,-2.1380852715664043,1.6090507481622616,-2.4272614975552,-1.3395992854090675,-1.3164052216171334,-1.3707408004889812,-0.6696232683426213,1.939272036998741,-0.8717468253389167,-1.7622696810678118,2.4719198601834913,-0.3628087567213122,1.2889151245560033,0.34306991803823367,0.6308885336505746,3.5828391745433805,1.3789951485713867,0.7968407261579057,4.0713101047106734,2.388128706521416,-0.9356316666701129,0.85859935188857
1.3346424396028562,1.9868824539558156,0.10493834331560485,-1.4165962000920167,0.6867590724926823,1.6763087894308748,-2.1595855596654747,-1.0283901365008612,2.248181597909013,0.8484911736028886,-4.7629080936480435,2.123991392916558,2.5711209175087704,-0.04163548311074754,1.7905397703070758,-0.26550247819433037,-1.5278775384948067,-0.3352620787371457,1.6164969950317998,1.5985171453218465,2.9073743854620253,0.6234677187494888,-0.4659164534312441,-0.10118800858480408,-2.5704099684075645,1.8994721231821428,-1.839621989984068,-2.2278547061547456,1.271053371961332,1.4319803358121237,-3.561016931314287,-0.9735413723249241,-0.30051862941583213,1.264785713129992,-3.078586328270533,2.9652549656186626,-1.6993321650924185,-2.4255287954917994,-2.649628889496381,-1.6810096254103029,-1.2870534143110104,1.1353864325562484,-0.26495190718710293,-2.2588061357170814,2.862362469040539,-0.11398835103879215,2.1553163519415177,1.047978052434642,-0.7491323570986782,3.9687416963167146,0.9964348546496623,0.4224825527803465,3.734407376221951,2.4985381098073667,-1.4439962363252765,2.138534837857355
-5.201494440834408,-3.4124937473647305,-1.3760875098830567,3.798078921854623,-1.6330226220267186,-2.1595855596654747,4.268848864915447,3.4461754570356025,-1.7551461815822735,-2.0963341493015175,8.633538670063965,-6.924126160436846,-5.780260068641975,0.7862232907507399,-4.16189755342304,0.5572017255321793,4.323333659375252,1.737461146535027,-3.4559066169716197,-2.297314558929806,-5.260608047883365,-1.7240511392837004,1.5289968903000375,-0.6556945095468742,5.258440031601511,-5.674041676691042,2.060496919346673,2.889285581662409,-2.3797608993989714,-4.466628665346777,5.951018868301797,2.4294310764814027,-0.5031951064307633,-2.117278828835907,5.708315420130235,-4.603473399298534,5.628484191597094,3.812153442653542,3.872281492179923,3.520760916069871,1.9409714221512147,-4.391455275840169,1.857651250283869,4.572748478158518,-6.268973799062776,0.7748798729663111,-3.583234894507486,-1.1787431597054052,-0.8980349962660565,-9.000903110451846,-3.212397025323287,-1.7835813124603097,-9.860240115987427,-5.9299022904139465,2.5439218578464287,-2.720307493682066
-5.787589220238629,-2.4358015964762307,-1.8350335553209507,3.684399024250362,-1.4890375297325442,-1.0283901365008612,3.4461754570356025,3.6578758782127703,0.24914493934351548,-1.9520187818207781,6.4855561942700986,-7.278765657705701,-5.098786883383728,1.070909900610642,-3.745599619719349,0.46984570744603715,4.29772834616747,2.0686595481644274,-2.95141839392677,-1.3201824450230883,-3.945414854467036,-1.6964101925863198,1.6111785226500182,-1.0596618180160104,4.355121370030699,-5.769948333791402,0.6869214892315596,1.3941131202032075,-1.8389378436232773,-4.619669593424221,4.129990479417068,2.274168710033231,-1.0861395649957235,-1.4719918196092994,4.3744521285649345,-2.9367917983263223,5.950193264446716,2.468602625053391,2.2801233109460814,2.9649465541086695,1.193097648787545,-4.875676833400561,2.326330297123239,3.7583107603061996,-5.4394321964263135,0.9660988257100285,-2.473165656607038,-0.3983020722010909,-2.1990822667834937,-7.982671872390514,-3.36342474996624,-2.0275729929814075,-9.495985816226591,-5.401236592857474,1.861238975180399,-1.2622470947504614
-0.8829557693028701,2.0101088155010918,-0.8117729250385944,-0.38536372423845877,0.3466425292182455,2.248181597909013,-1.7551461815822735,0.24914493934351548,3.8911918474320593,0.36793278576953964,-4.47079441735515,-0.3660050337789192,1.5539444418608463,0.5064880176779875,0.9773811274999306,-0.1909472169809248,-0.2413814209294104,0.5524981315145283,1.1137366895578567,1.9612142884851846,2.7363009785363466,0.12930894669437193,0.08807739482838414,-0.7391525591908154,-1.9528148244389456,0.07042047117808217,-2.7048392778517507,-2.9732174921795966,1.1349177655044285,-0.09203154319704793,-3.729411295616872,-0.4035966616543659,-1.0864946858311342,1.3218196442301895,-2.7916064705521295,3.3756648071830764,0.36094648972251847,-2.725474282268016,-3.2014525793512076,-1.2143126520128593,-1.5090754592394477,-0.7254208702724525,0.8085915357093624,-1.7531437454366583,1.8574258634681675,0.3292370661585846,2.2715913462661756,1.5370654535869668,-2.4349115412491353,2.3382818673410846,-0.14413439738656475,-0.3846719307763492,1.1326177258916166,1.269939516219602,-1.4119039389339971,2.8948493244188853
3.0253629048754793,1.581243465111979,0.8905513903197385,-2.048606632330269,0.8525306226886885,0.8484911736028886,-2.0963341493015175,-1.9520187818207781,0.36793278576953964,1.1065931813315384,-4.096381518648918,3.901174749248513,2.966905762612219,-0.5154647149417422,2.158294946157204,-0.27961290291963115,-2.3625633242899875,-1.0507784150674244,1.7450011161089682,0.9696851154679397,2.4940515571316944,0.936950039666898,-0.8625833131850057,0.47918056150382726,-2.61498651390967,3.1391283487879087,-0.7223997619337684,-1.1406088664557579,1.1442962869792477,2.4941304486121707,-2.7225946621586483,-1.285903817759268,0.44870875899088514,0.9694448431442924,-2.7340533551601047,2.0296710276113075,-3.1810844638804174,-1.6916963197957822,-1.6508265654443222,-1.7654065768877,-0.842434907049106,2.5510872563037883,-1.157431206116019,-2.2655005972490274,3.1909537478232,-0.48148550402008133,1.6354196140211155,0.4148310923701585,0.8780644689637985,4.632685055617658,1.8058824786172687,1.0502171272390586,5.297752677016228,3.0942520175666712,-1.192311756748795,1.0590638121036846
-9.641747839309579,-7.0780729687193675,-2.382869187189952,7.339822398161694,-3.208284863339285,-4.7629080936480435,8.633538670063965,6.4855561942700986,-4.47079441735515,-4.096381518648918,17.728893784287962,-13.070192515823758,-11.451428092213428,1.3490295804322874,-8.204138830072422,1.1159000272815065,8.297355024259485,3.145880897434098,-6.900134509072808,-4.94162305446032,-10.806039815598833,-3.3183703493589802,2.8840363240427047,-1.0328738445404355,10.574244201221852,-10.81811040276047,4.7072000251333534,6.362210830532916,-4.858463707337247,-8.473220765952814,12.40850437785241,4.740549728457056,-0.641833657566387,-4.413302281737886,11.67420749541857,-9.741458902704464,10.606041153140266,8.046694129710955,8.299274356215834,7.052882363208562,4.13231499575604,-8.146059557343518,3.3001786639497577,9.211461154522638,-12.469671844885436,1.3788624390197424,-7.479172782753126,-2.6898207880841616,-1.0013209926687183,-17.80815771012092,-6.071224190551425,-3.282436337664408,-19.093173190387763,-11.653663876932436,5.251455077687756,-6.018015323511375
11.50039617157362,4.919907249942965,3.628618970544393,-7.352942716914914,2.9779959304328893,2.123991392916558,-6.924126160436846,-7.278765657705701,-0.3660050337789192,3.901174749248513,-13.070192515823758,14.488427092610781,10.209774741029412,-2.116514674833964,7.494697219221577,-0.9424397359083769,-8.569934076419527,-4.102718109388317,5.91703838463728,2.6956696177066792,7.951611824277065,3.38380767706898,-3.2068591720004758,2.086267013708722,-8.74162669783,11.497187201189295,-1.459112102724746,-2.876871936167603,3.70151481706841,9.200183832608843,-8.352553591323703,-4.544113081331721,2.127406907470108,2.9767304368574026,-8.808204766670073,5.963717001800295,-11.84186042377559,-5.009228133032341,-4.649666917395412,-5.947420142324505,-2.427435677247825,9.688949654679105,-4.607503932774372,-7.546029654860415,10.898623327422053,-1.913600737476101,5.00323647722144,0.844946078111424,4.299417136808848,15.981294083970516,6.695718722997929,4.026482663994136,18.95584420867754,10.802822592334055,-3.7552560956114345,2.611594849038635
7.827545897816629,4.46318057140066,2.220911449632937,-5.4482200557414995,2.2954796233445807,2.5711209175087704,-5.780260068641975,-5.098786883383728,1.5539444418608463,2.966905762612219,-11.451428092213428,10.209774741029412,8.040501899973497,-1.2800360326771478,5.825996372730236,-0.7644070004181003,-6.2527994310359905,-2.681562924971041,4.7592540941858905,2.846830898522567,6.974407198900732,2.4848755522427206,-2.256420585473638,1.1496440097716427,-7.174673007146912,8.270312074456065,-2.3079260192501057,-3.4489381414078735,3.1817771650836546,6.548742038829973,-7.725277891402665,-3.444202329573569,1.017106693163937,2.749810701331763,-7.614048067119847,5.8486179986336815,-8.315823528782381,-4.861317625797859,-4.825680889107105,-4.827969259353392,-2.4437086058950706,6.6033232494943,-2.9236270761964627,-6.22489686184882,8.675646604242205,-1.2173429936178581,4.644924226955777,1.322894350845767,1.9438962535960451,12.541645123069667,4.730047443556349,2.7053204132566884,14.109937650494189,8.332796874652143,-3.349637011520792,3.2224214609410815
-1.7491569153064082,-0.4695951811688566,-0.6141091021348011,1.0074772519539845,-0.38578662807875835,-0.04163548311074754,0.7862232907507399,1.070909900610642,0.5064880176779875,-0.5154647149417422,1.3490295804322874,-2.116514674833964,-1.2800360326771478,0.36207813926426013,-0.9586651887719714,0.11261040006901195,1.198458193927729,0.6517315276867799,-0.7169476275184806,-0.1569654266992351,-0.8188086231426214,-0.46923354704179565,0.46929191721594954,-0.3848650124066027,1.02335180350361,-1.6373982565912943,-0.10681247260467353,0.06480998916847519,-0.3973724446275554,-1.3276044910231422,0.7603278007212636,0.6033334634074917,-0.4313120958065106,-0.27180079500598564,0.9349277903360795,-0.4596747294948992,1.737115919842625,0.39888434954796836,0.2919269414468939,0.7095773807839771,0.171344933178428,-1.4714806905782674,0.7538747102588511,0.8755207176628625,-1.3432069175072545,0.3122970577946623,-0.451070671559837,0.0584621768262501,-0.8995806676064613,-2.0146007585020884,-0.9752017912315268,-0.6212139702914343,-2.581060117407541,-1.3980563247903666,0.37269188236177087,-0.03596945784928499
5.770921089683898,3.186568288134629,1.6606559543645711,-3.975337590915576,1.6672789222424769,1.7905397703070758,-4.16189755342304,-3.745599619719349,0.9773811274999306,2.158294946157204,-8.204138830072422,7.494697219221577,5.825996372730236,-0.9586651887719714,4.2276594337272835,-0.5520905216968174,-4.570778873047356,-1.9873824846423769,3.4404737015158506,2.0043406629496903,4.996088424584352,1.8149863114572173,-1.6567170156657567,0.8728540801916035,-5.1752099045896856,6.055881560675728,-1.5788454359468076,-2.403577721131502,2.2839536518714882,4.801353364869702,-5.50499227590629,-2.506439546168419,0.7900625806011095,1.9597564044998825,-5.4624465076651285,4.1448770028146456,-6.107046697612701,-3.4485812074246565,-3.402720627685407,-3.4866574662949383,-1.7277333819915601,4.867516275380654,-2.1753459540416813,-4.487702153448393,6.278796112516811,-0.9054900818528802,3.308852266656723,0.9055305848956297,1.52479103351949,9.091079136078244,3.471134648067063,1.997856469764976,10.290010692492267,6.051926774281685,-2.3955482616720896,2.240879608541429
-0.7152455417800299,-0.43811705817976615,-0.196217608468249,0.5099598280794734,-0.21705174322379445,-0.26550247819433037,0.5572017255321793,0.46984570744603715,-0.1909472169809248,-0.27961290291963115,1.1159000272815065,-0.9424397359083769,-0.7644070004181003,0.11261040006901195,-0.5520905216968174,0.07321592636875028,0.582785556088242,0.24202238579901672,-0.45477049350226645,-0.2876164886716153,-0.6797749893373861,-0.23200425476397082,0.20817596655964232,-0.09767868673973272,0.6888907927261013,-0.7678391336673861,0.2466244067227318,0.3556160180902863,-0.3087399128209084,-0.6062190801033045,0.7613447273526928,0.32429605391388394,-0.08122973400554646,-0.27095071484916095,0.7398062277239229,-0.5830858336976158,0.7668192746181093,0.48375534103962825,0.48608433780341653,0.46236430840008635,0.2448521936748888,-0.603641593559696,0.26137339444828317,0.5984226093030499,-0.8269697356715996,0.10892187002136702,-0.45813289540192054,-0.14122057314242742,-0.1509240825412436,-1.1912408568323323,-0.4369170024032656,-0.24627906180664225,-1.3221668687271046,-0.788096259715788,0.32769722168636367,-0.3337421528694061
-6.732625073886984,-3.161937860788046,-2.0614032082524085,4.416656454690249,-1.8112709518692958,-1.5278775384948067,4.323333659375252,4.29772834616747,-0.2413814209294104,-2.3625633242899875,8.297355024259485,-8.569934076419527,-6.2527994310359905,1.198458193927729,-4.570778873047356,0.582785556088242,5.123189969586048,2.3738104435591247,-3.648955948759047,-1.8338550031733318,-5.0498559054069,-2.026880257450087,1.896029642086432,-1.1530880799342003,5.427052404977586,-6.843221428187043,1.1864577376928995,2.0609327952717313,-2.334348621221308,-5.458496144941635,5.405303429507687,2.748976693155384,-1.1365313434869062,-1.925532262096199,5.565649832143177,-3.9434699762221714,6.99718536323987,3.299426008501524,3.1417469428833527,3.6788577803205347,1.621055613921537,-5.674337701574992,2.6436850917371784,4.692733821572812,-6.698113092637279,1.0988056844828327,-3.242235945776885,-0.6836326017936863,-2.2686910368395594,-9.776388152066895,-3.9634928361069264,-2.3483122799508584,-11.402508786317064,-6.571874130046677,2.3990223892361375,-1.893999297818288
-3.3251500574490285,-1.1463948433411724,-1.1108125817493486,2.016060204844087,-0.7944605589615452,-0.3352620787371457,1.737461146535027,2.0686595481644274,0.5524981315145283,-1.0507784150674244,3.145880897434098,-4.102718109388317,-2.681562924971041,0.6517315276867799,-1.9873824846423769,0.24202238579901672,2.3738104435591247,1.2137475502674917,-1.5294430785488056,-0.5286368694658982,-1.9119605843362883,-0.9332982107150918,0.9089548992902492,-0.6701860214584472,2.224006391387795,-3.213961953248858,0.09615162083729079,0.462443872013059,-0.9061120349056245,-2.5890120870990474,1.9094995206618828,1.2268027464918583,-0.721855039399755,-0.6813431254786819,2.1456160258391006,-1.2809495644437872,3.3605042901009075,1.088593845706073,0.9328629884186859,1.52636557975217,0.5057363181536578,-2.7992119863414304,1.3848680450392388,1.9120558909663223,-2.839553769717577,0.5743700601684569,-1.1395792926536836,-0.059010363138964114,-1.486491734707704,-4.208411647368984,-1.8931325125252527,-1.1729338883189797,-5.181543549593293,-2.8806247706968042,0.8891268455206306,-0.3970977394932077
4.503941518139037,2.7038330472413112,1.2475696079598182,-3.188774137377261,1.3535173991452705,1.6164969950317998,-3.4559066169716197,-2.95141839392677,1.1137366895578567,1.7450011161089682,-6.900134509072808,5.91703838463728,4.7592540941858905,-0.7169476275184806,3.4404737015158506,-0.45477049350226645,-3.648955948759047,-1.5294430785488056,2.827589474821432,1.7612919552789639,4.203236875006518,1.4518745647308948,-1.3073612019198158,0.6286543480433231,-4.277390951544795,4.8128582748207736,-1.4880618877205323,-2.16608268095383,1.9114334325408897,3.803010594909429,-4.6934381581247155,-2.0244873082144186,0.5327564784699058,1.6703113438824981,-4.578106015007771,3.583067909688937,-4.81605355784347,-2.9738471567439664,-2.978917581275089,-2.872943123315981,-1.5023813264453554,3.800544341070815,-1.6563944032247795,-3.714287064470737,5.14498103042785,-0.6901156455468591,2.8235692396554812,0.8522189053917735,0.9988667624247186,7.418992216435074,2.742671436452489,1.5523088996235703,8.265860688456252,4.913903859102072,-2.023961041301504,2.0300642897553183
1.8299986713362235,2.0311338024952765,0.2986421316810432,-1.666656386808218,0.774655538136833,1.5985171453218465,-2.297314558929806,-1.3201824450230883,1.9612142884851846,0.9696851154679397,-4.94162305446032,2.6956696177066792,2.846830898522567,-0.1569654266992351,2.0043406629496903,-0.2876164886716153,-1.8338550031733318,-0.5286368694658982,1.7612919552789639,1.5624546396788375,3.0149553088760674,0.7419515462799637,-0.5929141607501099,0.029283732060023923,-2.7627618983071085,2.327758082766304,-1.7047159887064247,-2.127561115287988,1.3308712517032868,1.785129366937053,-3.614053704643282,-1.1164757022364502,-0.14405967449828572,1.2841972086307376,-3.2145610481233846,2.9530674390763756,-2.17089752851379,-2.4229660285363135,-2.600110372536406,-1.8198873600249765,-1.2726223218886061,1.5514507468902508,-0.49530478412392753,-2.4201260303493957,3.142695604549439,-0.20918971698207617,2.1843630769739124,0.9719253479850549,-0.4161580925108672,4.40685996089444,1.2588807819989296,0.6011922558965467,4.369173976230564,2.816501506463156,-1.486369558758883,2.0337492749126715
5.863339530322349,4.315115199817768,1.4466145861086102,-4.467737878401103,1.9536524091585892,2.9073743854620253,-5.260608047883365,-3.945414854467036,2.7363009785363466,2.4940515571316944,-10.806039815598833,7.951611824277065,6.974407198900732,-0.8188086231426214,4.996088424584352,-0.6797749893373861,-5.0498559054069,-1.9119605843362883,4.203236875006518,3.0149553088760674,6.586545585146012,2.019737304140682,-1.754567626919156,0.6255115029373429,-6.442319725782961,6.5829942180140755,-2.8752874363040664,-3.8835005171031183,2.9609636532024393,5.155501024634939,-7.565666951470415,-2.8862095680311555,0.38612832473899494,2.6908267857944796,-7.114970153877699,5.941306555165028,-6.4522189836046735,-4.907369677903009,-5.063089425035846,-4.296558013734095,-2.52059066787154,4.953859981818336,-2.004806983939378,-5.612212740192506,7.595217844489386,-0.8376802542883383,4.560208596879304,1.6429809718999702,0.599402178092452,10.845616482606108,3.693716511579215,1.995729532960468,11.622594226072493,7.096305082986939,-3.201157015064329,3.6736977281028484
2.6531252594535752,1.2671577429911431,0.8075809244614779,-1.7489776752826554,0.7189119100660236,0.6234677187494888,-1.7240511392837004,-1.6964101925863198,0.12930894669437193,0.936950039666898,-3.3183703493589802,3.38380767706898,2.4848755522427206,-0.46923354704179565,1.8149863114572173,-0.23200425476397082,-2.026880257450087,-0.9332982107150918,1.4518745647308948,0.7419515462799637,2.019737304140682,0.8023064340314294,-0.7485051496005743,0.44921879249938673,-2.161928506197288,2.70516844450797,-0.49248908734615543,-0.8404743114045597,0.9324815943518732,2.1564810649215422,-2.168964185846118,-1.0900041441740163,0.4397145632389513,0.7726129835766447,-2.2241131702869708,1.5880731265761165,-2.7622040789316133,-1.3278425548221549,-1.269607220275999,-1.4645401112893657,-0.6538987522749082,2.236317881919352,-1.037669063810428,-1.8699770003660332,2.663464993754592,-0.4313879534332941,1.301106359890963,0.2836484114160177,0.8753964849829476,3.884259092928598,1.5652136382523891,0.9246962947216417,4.516251202434386,2.608451840637963,-0.9604714464182582,0.7738466211377926
-2.5466345732918674,-1.0850902630428785,-0.8044845618084757,1.6263547699833032,-0.6583583498364527,-0.4659164534312441,1.5289968903000375,1.6111785226500182,0.08807739482838414,-0.8625833131850057,2.8840363240427047,-3.2068591720004758,-2.256420585473638,0.46929191721594954,-1.6567170156657567,0.20817596655964232,1.896029642086432,0.9089548992902492,-1.3073612019198158,-0.5929141607501099,-1.754567626919156,-0.7485051496005743,0.7098927629211402,-0.4631019145674952,1.9308739381686029,-2.544126983402228,0.3179377289118966,0.6312151385068988,-0.8170387536439306,-2.0361117533753785,1.8414367768254325,1.0047949950341126,-0.47277489902460446,-0.6562540204656578,1.9439592573109936,-1.313456218379789,2.6212623409028084,1.1033819729683434,1.0230705180025785,1.3139013668734152,0.5343167952751501,-2.1454169103473677,1.0211787997943882,1.666643622000012,-2.4083416590878333,0.4240896322644954,-1.103064832891605,-0.18411476695407236,-0.9559048253139824,-3.532256770668414,-1.4819790253687894,-0.8917437722154729,-4.192815428214882,-2.3882087496920503,0.8283799029261865,-0.572570806489862
1.7608607587775418,0.3310328345019785,0.6498317276484156,-0.9576668509996108,0.35421214923207284,-0.10118800858480408,-0.6556945095468742,-1.0596618180160104,-0.7391525591908154,0.47918056150382726,-1.0328738445404355,2.086267013708722,1.1496440097716427,-0.3848650124066027,0.8728540801916035,-0.09767868673973272,-1.1530880799342003,-0.6701860214584472,0.6286543480433231,0.029283732060023923,0.6255115029373429,0.44921879249938673,-0.4631019145674952,0.42191390584907684,-0.8743362324403203,1.591745190139458,0.2747678411130853,0.12433685991529528,0.31576237258693957,1.299966906895921,-0.5058024334573179,-0.5625875238856642,0.4889798425997203,0.18152193797597918,-0.735170904556634,0.235016782654454,-1.7161964474450504,-0.2167622848626292,-0.08258726759555193,-0.6150872844065217,-0.07169389489362112,1.4801677580854842,-0.7859561111298673,-0.7427899644145486,1.1921157992756968,-0.3252669599353746,0.2963780389060314,-0.1539833275874496,1.0305185248128468,1.816333725546249,0.9597419515869564,0.6298237547246801,2.4446658347843133,1.282645686144157,-0.27420968793370065,-0.1476301868373071
-6.607016967457354,-4.163527830506795,-1.7861034436947028,4.756238609076937,-2.0330222132668267,-2.5704099684075645,5.258440031601511,4.355121370030699,-1.9528148244389456,-2.61498651390967,10.574244201221852,-8.74162669783,-7.174673007146912,1.02335180350361,-5.1752099045896856,0.6888907927261013,5.427052404977586,2.224006391387795,-4.277390951544795,-2.7627618983071085,-6.442319725782961,-2.161928506197288,1.9308739381686029,-0.8743362324403203,6.491434335385099,-7.138882328628519,2.4155482548986313,3.4412859990280604,-2.921170042975831,-5.629547414101497,7.245989079807872,3.0319988767545714,-0.7052920092265362,-2.5782856841497637,7.002214833991005,-5.572799971154675,7.110154851712662,4.61934083527805,4.663806168166541,4.35245721526592,2.3439848376785717,-5.576708252817317,2.3922847058715253,5.641332095362668,-7.769936698999233,0.9972544281477166,-4.361406663642548,-1.382439216122089,-1.2914724639444344,-11.177684275250376,-4.053883628410397,-2.2709263029474385,-12.339287924504386,-7.38183170702516,3.1094336629728705,-3.2336492189900925
9.07097538774446,4.102638615231902,2.8125545907133596,-5.8880000803420565,2.4023906155486228,1.8994721231821428,-5.674041676691042,-5.769948333791402,0.07042047117808217,3.1391283487879087,-10.81811040276047,11.497187201189295,8.270312074456065,-1.6373982565912943,6.055881560675728,-0.7678391336673861,-6.843221428187043,-3.213961953248858,4.8128582748207736,2.327758082766304,6.5829942180140755,2.70516844450797,-2.544126983402228,1.591745190139458,-7.138882328628519,9.157120013340611,-1.4127578182439855,-2.566041775155448,3.051500599660097,7.313803266035738,-6.994373586416746,-3.654123525214285,1.5921627189142233,2.4920496473517613,-7.269969910454405,5.06027621089739,-9.391275488287533,-4.240256321295702,-3.99822043673806,-4.846381182155192,-2.0722598649383164,7.643911840018189,-3.5919106966821457,-6.16877861238998,8.846803163136205,-1.4924584654404311,4.193198996538168,0.8154089501613846,3.1954651544683133,12.936748453362883,5.315670511646831,3.16891920972015,15.192132337120382,8.715935433880652,-3.1201201264421248,2.347660596334992
-0.739711962979335,-2.002962993910713,0.14312030532043882,1.1439525192138773,-0.5978648128888194,-1.839621989984068,2.060496919346673,0.6869214892315596,-2.7048392778517507,-0.7223997619337684,4.7072000251333534,-1.459112102724746,-2.3079260192501057,-0.10681247260467353,-1.5788454359468076,0.2466244067227318,1.1864577376928995,0.09615162083729079,-1.4880618877205323,-1.7047159887064247,-2.8752874363040664,-0.49248908734615543,0.3179377289118966,0.2747678411130853,2.4155482548986313,-1.4127578182439855,2.083371819379532,2.44091596975633,-1.2403785619183039,-1.0256918141974818,3.624199866381249,0.823788870677215,0.5151778136100399,-1.2864967341314806,3.0159771986874175,-3.0912171730101172,1.148883400032962,2.51893636873093,2.81233263719889,1.5627111610143143,1.353669645070194,-0.6362735688766437,-0.024897983242264075,2.1328193111027796,-2.6039437392597167,-0.005676919152349085,-2.197524733262161,-1.1858072998804965,1.2100718206419356,-3.5460524829793068,-0.6919741143267393,-0.20569110902694535,-3.0471591751823928,-2.17764942704482,1.4424709016378718,-2.354223746743693
-1.818741699897411,-2.651600209423899,-0.15544824298861826,1.908105155153519,-0.9223575840246144,-2.2278547061547456,2.889285581662409,1.3941131202032075,-2.9732174921795966,-1.1406088664557579,6.362210830532916,-2.876871936167603,-3.4489381414078735,0.06480998916847519,-2.403577721131502,0.3556160180902863,2.0609327952717313,0.462443872013059,-2.16608268095383,-2.127561115287988,-3.8835005171031183,-0.8404743114045597,0.6312151385068988,0.12433685991529528,3.4412859990280604,-2.566041775155448,2.44091596975633,2.9611831769737935,-1.6988471938120584,-1.9369578142124741,4.750330772613099,1.3090290389576138,0.3878852356370181,-1.6872186586658595,4.113919348180579,-3.9510198551035605,2.3028764506954,3.23234844051119,3.527368871937448,2.2516053361121973,1.714151942000294,-1.5467560273657348,0.3717343013478126,3.0234931036689114,-3.837462905496902,0.15957235021108246,-2.874924299211774,-1.3905430864676847,0.9715400163695856,-5.324777182782938,-1.3491686767727638,-0.5774526621874753,-5.028303660156355,-3.3555904145491904,1.927856607409349,-2.841701458371585
2.7506404819197563,1.9323578761328342,0.6991605308257598,-2.05927925776646,0.8943284895219463,1.271053371961332,-2.3797608993989714,-1.8389378436232773,1.1349177655044285,1.1442962869792477,-4.858463707337247,3.70151481706841,3.1817771650836546,-0.3973724446275554,2.2839536518714882,-0.3087399128209084,-2.334348621221308,-0.9061120349056245,1.9114334325408897,1.3308712517032868,2.9609636532024393,0.9324815943518732,-0.8170387536439306,0.31576237258693957,-2.921170042975831,3.051500599660097,-1.2403785619183039,-1.6988471938120584,1.334400996736402,2.394892982470312,-3.380869324540542,-1.3249852255683316,0.2166952275894411,1.202588641757942,-3.2041607000518435,2.6395257192948574,-3.0057909143563726,-2.182303989141796,-2.2381681334676644,-1.9512612950234005,-1.1171323334503862,2.323235554353641,-0.9580587467085632,-2.54296963453179,3.459296071802838,-0.3999930085255092,2.0370527516446253,0.7090333394158604,0.36226295493420974,4.950607534065728,1.718543073246311,0.9391445122243286,5.352773265296784,3.2481525340345256,-1.436214443322185,1.6041722582223839
7.281353967117986,3.2013529635775377,2.278150076623514,-4.689790758928745,1.9062855228566673,1.4319803358121237,-4.466628665346777,-4.619669593424221,-0.09203154319704793,2.4941304486121707,-8.473220765952814,9.200183832608843,6.548742038829973,-1.3276044910231422,4.801353364869702,-0.6062190801033045,-5.458496144941635,-2.5890120870990474,3.803010594909429,1.785129366937053,5.155501024634939,2.1564810649215422,-2.0361117533753785,1.299966906895921,-5.629547414101497,7.313803266035738,-1.0256918141974818,-1.9369578142124741,2.394892982470312,5.847219695794117,-5.446363550910809,-2.904263790509415,1.313554510330192,1.940744965277516,-5.70223565048752,3.9144873370121944,-7.517377573424586,-3.284023253618031,-3.072566804148613,-3.825972725297124,-1.5982150534238773,6.1351160977709425,-2.900756912985907,-4.862032389688739,6.997775519108217,-1.2049911114353693,3.26379851710115,0.5928994998730323,2.646004235724487,10.247312711966547,4.252697656105289,2.546607007602584,12.095301480638385,6.915609809439243,-2.439101520692483,1.7654350907984853
-6.0285087880335055,-5.002822513914725,-1.360874017892175,4.818833598749014,-2.145090488088864,-3.561016931314287,5.951018868301797,4.129990479417068,-3.729411295616872,-2.7225946621586483,12.40850437785241,-8.352553591323703,-7.725277891402665,0.7603278007212636,-5.50499227590629,0.7613447273526928,5.405303429507687,1.9094995206618828,-4.6934381581247155,-3.614053704643282,-7.565666951470415,-2.168964185846118,1.8414367768254325,-0.5058024334573179,7.245989079807872,-6.994373586416746,3.624199866381249,4.750330772613099,-3.380869324540542,-5.446363550910809,8.815310396267023,3.145963064141278,-0.1781381971463267,-3.1342854978908887,8.137684806488274,-7.017744082352052,6.763949383476222,5.783004363678248,6.049492034275021,4.8138020949119165,2.993636787738372,-5.097805654324958,1.9534005483304715,6.323417124165684,-8.448028403485592,0.8180184366214924,-5.318370034282639,-2.0691113499217235,-0.11723336283536948,-11.996596780989503,-3.885481056618822,-2.0339825967636567,-12.563591442137103,-7.794005200465493,3.694428793196543,-4.511146120063235
-3.5277821772936835,-1.8280757905543499,-1.0419137940897634,2.382508289396367,-0.9903477948453484,-0.9735413723249241,2.4294310764814027,2.274168710033231,-0.4035966616543659,-1.285903817759268,4.740549728457056,-4.544113081331721,-3.444202329573569,0.6033334634074917,-2.506439546168419,0.32429605391388394,2.748976693155384,1.2268027464918583,-2.0244873082144186,-1.1164757022364502,-2.8862095680311555,-1.0900041441740163,1.0047949950341126,-0.5625875238856642,3.0319988767545714,-3.654123525214285,0.823788870677215,1.3090290389576138,-1.3249852255683316,-2.904263790509415,3.145963064141278,1.494480256329372,-0.5293114840589308,-1.1202180036642335,3.1651933224165223,-2.3414535703211685,3.705738736257459,1.9520694947407713,1.9015484460712606,2.0475667045917283,0.9711410006456137,-2.9746257983731303,1.3525932477660145,2.626342093638332,-3.703084442618249,0.5626333246924502,-1.8894473307731572,-0.47315967872405695,-1.0377737064316972,-5.3785150370480315,-2.1033587045544224,-1.2250737430236265,-6.16041161797711,-3.5942556168680397,1.379050120865858,-1.214553396116002
1.8463096917643491,0.15455658285789478,0.7243693304155417,-0.9276868970256691,0.32503002529249914,-0.30051862941583213,-0.5031951064307633,-1.0861395649957235,-1.0864946858311342,0.44870875899088514,-0.641833657566387,2.127406907470108,1.017106693163937,-0.4313120958065106,0.7900625806011095,-0.08122973400554646,-1.1365313434869062,-0.721855039399755,0.5327564784699058,-0.14405967449828572,0.38612832473899494,0.4397145632389513,-0.47277489902460446,0.4889798425997203,-0.7052920092265362,1.5921627189142233,0.5151778136100399,0.3878852356370181,0.2166952275894411,1.313554510330192,-0.1781381971463267,-0.5293114840589308,0.5871555717343488,0.06540824235538731,-0.4913972765718497,-0.0624930788924166,-1.755274901882052,0.023327103944699265,0.20024690399532938,-0.5102589822683891,0.06139934401602304,1.550565824171057,-0.8607271972324907,-0.590892347185404,1.0328799663756156,-0.35570999740418974,0.096686061083416,-0.290566862145337,1.2502373612141096,1.6171442179482494,0.9765139647349222,0.6664870694224517,2.3546728266039403,1.1757489622321853,-0.15048311471545406,-0.4042670712663898
2.149550268389129,1.7789626610716591,0.48636789269074593,-1.7163526562327511,0.7636987941083249,1.264785713129992,-2.117278828835907,-1.4719918196092994,1.3218196442301895,0.9694448431442924,-4.413302281737886,2.9767304368574026,2.749810701331763,-0.27180079500598564,1.9597564044998825,-0.27095071484916095,-1.925532262096199,-0.6813431254786819,1.6703113438824981,1.2841972086307376,2.6908267857944796,0.7726129835766447,-0.6562540204656578,0.18152193797597918,-2.5782856841497637,2.4920496473517613,-1.2864967341314806,-1.6872186586658595,1.202588641757942,1.940744965277516,-3.1342854978908887,-1.1202180036642335,0.06540824235538731,1.1144355902605751,-2.8946113356565877,2.49446386808374,-2.4106574751504435,-2.0557492836218443,-2.1497307540991626,-1.7130118038483877,-1.0639867732125712,1.817689464413893,-0.6974276632722506,-2.2499483628950085,3.0067981343142836,-0.2920721032045003,1.8908839369934718,0.7345286276887841,0.04609506139127715,4.27028598717697,1.3846875783272266,0.7254301850061117,4.474461226803603,2.7748088328911624,-1.3138969986086306,1.6022012262793828
-6.531449266998702,-4.648386433527766,-1.6469253871114498,4.91395010233701,-2.1380852715664043,-3.078586328270533,5.708315420130235,4.3744521285649345,-2.7916064705521295,-2.7340533551601047,11.67420749541857,-8.808204766670073,-7.614048067119847,0.9349277903360795,-5.4624465076651285,0.7398062277239229,5.565649832143177,2.1456160258391006,-4.578106015007771,-3.2145610481233846,-7.114970153877699,-2.2241131702869708,1.9439592573109936,-0.735170904556634,7.002214833991005,-7.269969910454405,3.0159771986874175,4.113919348180579,-3.2041607000518435,-5.70223565048752,8.137684806488274,3.1651933224165223,-0.4913972765718497,-2.8946113356565877,7.695761578871435,-6.363957368647825,7.15104373197971,5.260370743529506,5.4037964625059605,4.675251702670157,2.695363212908618,-5.517166444319611,2.2634405498196486,6.096947327149468,-8.281970278608863,0.9452794072820578,-4.903584365807247,-1.7239424085494386,-0.8073637542232319,-11.844893741485413,-4.0900773750795665,-2.2282357883210997,-12.775298823653355,-7.765672580666385,3.453252648826825,-3.8868970469252666
4.195482815416296,3.963999980372182,0.8394818504777459,-3.545627458930899,1.6090507481622616,2.9652549656186626,-4.603473399298534,-2.9367917983263223,3.3756648071830764,2.0296710276113075,-9.741458902704464,5.963717001800295,5.8486179986336815,-0.4596747294948992,4.1448770028146456,-0.5830858336976158,-3.9434699762221714,-1.2809495644437872,3.583067909688937,2.9530674390763756,5.941306555165028,1.5880731265761165,-1.313456218379789,0.235016782654454,-5.572799971154675,5.06027621089739,-3.0912171730101172,-3.9510198551035605,2.6395257192948574,3.9144873370121944,-7.017744082352052,-2.3414535703211685,-0.0624930788924166,2.49446386808374,-6.363957368647825,5.6583267338639764,-4.818052543651207,-4.653007364895463,-4.928835255389475,-3.687647523179461,-2.4259383986134777,3.5515376567314587,-1.2675897778988434,-4.871917010753123,6.423615008381889,-0.5324722651500118,4.237737878100886,1.7635861620611248,-0.34357377139388656,9.06909132887299,2.7788048566583283,1.4003528471496163,9.266343850277005,5.848295272816799,-2.9146425581452156,3.76475706390859
-9.409180734803902,-3.9872200094789263,-2.9772563081881587,6.000582045060298,-2.4272614975552,-1.6993321650924185,5.628484191597094,5.950193264446716,0.36094648972251847,-3.1810844638804174,10.606041153140266,-11.84186042377559,-8.315823528782381,1.737115919842625,-6.107046697612701,0.7668192746181093,6.99718536323987,3.3605042901009075,-4.81605355784347,-2.17089752851379,-6.4522189836046735,-2.7622040789316133,2.6212623409028084,-1.7161964474450504,7.110154851712662,-9.391275488287533,1.148883400032962,2.3028764506954,-3.0057909143563726,-7.517377573424586,6.763949383476222,3.705738736257459,-1.755274901882052,-2.4106574751504435,7.15104373197971,-4.818052543651207,9.679832702736805,4.048564084110255,3.7474264299911377,4.839284467692371,1.9588799768456329,-7.926752813908698,3.7770174359571427,6.136613446549518,-8.873763470976579,1.5685481827583596,-4.051160018134972,-0.6656975788522639,-3.5511604956520317,-13.018367771333335,-5.472227575414571,-3.295483399847728,-15.4676771314128,-8.804849718129953,3.045208439366482,-2.087272508378261
