V1,V2,V3,V4,V5,V6,V7,V8,V9,V10,V11,V12,V13,V14,V15,V16,V17,V18,V19,V20,V21,V22,V23,V24,V25,V26,V27,V28,V29,V30,V31,V32,V33,V34,V35,V36,V37,V38,V39,V40,V41,V42,V43,V44,V45,V46,V47,V48,V49,V50,V51,V52,V53,V54,V55,V56
161.2980424383718,-20.09836416003266,3.7780126676881305,-14.840972858865355,-93.00478323528252,95.28448952237196,-37.41819518424627,-68.41236370780001,-41.97482981634097,-117.0570358850267,-27.86070797557932,-1.2583064423730839,108.55888887159573,-196.11946121588446,-82.6532610428216,134.28060715210148,-114.72899675741321,-64.35786437350576,-277.7160442490274,38.46126929526234,-121.65268684445044,-12.19259788235384,-167.79299238338217,-277.9560919890273,24.387758844023647,-24.869426948312633,-67.53159594788958,-46.30742383153097,10.117942420428363,-57.37990518552901,40.67326749187478,-71.94945114421974,13.981382285139494,63.34284508036117,104.93379783436318,133.5521042547895,31.715758102180967,122.73636684395422,-205.0836880960515,-166.1925217478318,-2.0032542871070707,48.56672092499703,65.92066587601738,-127.83677343407084,-44.850352388590146,10.32295634085452,-56.1249682208999,-143.41088291688976,-0.8282193712793808,-151.70308872707773,-62.93145875294468,104.3947146603506,63.1369277952666,320.1602683916841,47.11640175482331,23.068166004873476
-20.09836416003266,4.372037794751426,1.257801523659789,0.5232921505328814,12.0260956969497,-12.141709475729806,4.947656376785282,8.80948661051522,6.352715863127815,16.827237929042855,4.733181751159116,1.1753281260058486,-16.832981846044927,27.028330834563704,10.624102566335917,-18.51469558158463,16.03440638420982,8.495542663997687,40.01089177132895,-4.802770966538573,18.874072727017044,1.7307053676207456,23.671472476626764,40.619415688304166,-3.608997883010629,4.200212830448234,8.930135516674422,6.928109304180376,-2.4414772834743155,8.715929207346042,-4.364277743845343,11.043549594325414,-1.9044265241847558,-9.463784453104077,-15.870315162681802,-19.0164940347856,-6.560381451316449,-15.472703773827687,29.608319437330497,23.21770655455109,0.5592800926997,-5.344923739111806,-9.064312407564062,15.48153370179715,6.130269980994559,-1.7410299816205064,10.289670967925323,20.578034165409733,-0.15290107500339387,21.25040976266086,8.339889207281747,-13.087431946857079,-8.968381182254694,-44.19302758778144,-5.34480417594316,-1.9225928869577213
3.7780126676881305,1.257801523659789,1.6897475325308173,-1.5757339559138108,-1.7731289397145196,1.984079545665835,-0.6129811848160883,-1.3394728800564986,0.05565660365051132,-0.6652378463305264,0.5145493840242149,0.9126906394249403,-0.5190891688604189,-2.1954012365972546,-1.635138867214767,1.494574628024512,-1.0773152738898408,-1.0659105089024787,-1.4991519961900681,0.8915130234227934,0.5925066467510269,-0.0887847457687439,-1.3712001938408171,-0.9677443944796478,0.04320876877001181,0.4362902918511149,-1.1039315529540887,-0.012795723508258638,-0.8573149403131993,0.10629609604175169,1.6053521367072707,0.24054395615727436,0.17656247201345485,0.02849979112782039,-0.13095651623116486,0.9281326223661294,-1.6730003671637272,2.7092292940982343,-1.0482020518920914,-1.5677456183498546,0.23984330318218122,1.7925886283697532,0.7560317551451036,-3.409322438294407,-0.5482323619964818,-0.17891830429560934,1.737290181019158,-0.8510417778764278,-0.2567501333119777,-1.3795924779670052,-1.0127771433132446,2.372489220741674,0.45856006823405976,3.5174652012726337,1.5906812800730816,1.4216941749245635
-14.840972858865355,0.5232921505328814,-1.5757339559138108,2.3074693529444072,8.24651446435229,-8.57692466941484,3.2406847268614065,6.092806389997995,3.065223130898716,9.177743219252099,1.6681105444312256,-0.6070036975404398,-7.640032744128424,16.205261501487193,7.374129541516496,-11.0890187141421,9.321307820758117,5.5829483533516475,21.71302558230617,-3.531608348535954,8.553343293739454,0.971009294539788,13.475770671126513,21.323350222677696,-1.8389133972921774,1.5066578666728039,5.847116773027496,3.4385452136816257,-0.09171044319749509,4.16711137827093,-4.242830001844656,5.14307646107835,-1.1707427299712607,-4.7120691944639495,-7.6693353665007225,-10.600685346296508,-1.0651907443460662,-11.165878381737196,15.989379794117273,13.508200837914758,-0.03563378566845044,-4.970949176591004,-5.46099658646127,12.080481291478922,3.7414837335123425,-0.6270723571599219,2.8231275335458053,11.271485602211017,0.2582324479295277,12.29086289747323,5.436488763290414,-9.54944975742149,-5.026699134331926,-26.403919122067173,-4.708780782595467,-2.7985255120863877
-93.00478323528252,12.0260956969497,-1.7731289397145196,8.24651446435229,53.72934217330849,-55.00379395285129,21.64201104450538,39.513140026576266,24.46559616936829,68.0209169174936,16.359778285136755,0.9638661010904882,-63.37014555007575,113.68966973002829,47.73413316214254,-77.84415831732312,66.56037593082071,37.22065498224416,161.39832404565325,-22.179188938208636,71.01633545866748,7.080179555450444,97.39732149478101,161.67276434490475,-14.195654918440978,14.597471027134672,39.059833312376846,26.972149465254837,-6.111049177625397,33.452383949766414,-23.28701976670301,41.973669749131396,-8.09995013743935,-36.891898982432465,-61.160212985780745,-77.5631962461279,-18.898779115922938,-70.81189669407567,119.20215562724566,96.4154137298966,1.227651317437332,-27.837841074108866,-38.20946424066006,73.60583519911853,25.987976998678654,-6.0586636835090415,33.13404063408617,83.32568889653402,0.4174676561100176,88.02236959767359,36.403103814093164,-60.21251738594106,-36.663124170895244,-185.61262842935432,-27.044154680981137,-13.0781058113535
95.28448952237196,-12.141709475729806,1.984079545665835,-8.57692466941484,-55.00379395285129,56.32751296123522,-22.145706280820256,-40.45532861924412,-24.957663944411216,-69.47088554588859,-16.640341597473892,-0.8903402956296064,64.6040417326639,-116.22764088941445,-48.87314832869105,79.58051445908346,-68.02425325389004,-38.08651801704371,-164.83351958373015,22.722103321022736,-72.39716087703769,-7.232210990034337,-99.51839782608808,-165.057461284489,14.488571356401946,-14.850228641647742,-39.96691335419952,-27.522090138957438,6.145850733072993,-34.121224236530246,23.926850509626853,-42.80059387239598,8.282117134370646,37.64415035579105,62.389117704884775,79.2347452011872,19.109846472900113,72.53081239713862,-121.7313490833297,-98.53528651397548,-1.227847141116754,28.589114955676553,39.063332323495565,-75.45405102798428,-26.572006582670397,6.163730617643504,-33.62867669475955,-85.10684067963959,-0.45264079662162493,-89.95365222506547,-37.24761417996778,61.681737000967495,37.4549821675247,189.7475367324729,27.757751664104553,13.49053855640859
-37.41819518424627,4.947656376785282,-0.6129811848160883,3.2406847268614065,21.64201104450538,-22.145706280820256,8.72406168704187,15.914245977310427,9.908815938310624,27.496666942012183,6.65600601728335,0.44760624491853007,-25.68784376259779,45.891732851005536,19.223751049704106,-31.42266748451516,26.880282762996625,15.002340808772693,65.24990742250291,-8.923968949948856,28.787539780517992,2.860376708943672,39.34659170043858,65.39342794635925,-5.7444782753131385,5.937619799447447,15.744530782289836,10.91927684544709,-2.5269571171944,13.549975458863155,-9.328445973762243,17.007556061566522,-3.2679620729243144,-14.933877866386625,-24.76891196837967,-31.3438292380808,-7.7552063712222985,-28.500086739526736,48.19359698898416,38.93600766994236,0.5119476573038404,-11.159021914008676,-15.421892293419663,29.587800454020115,10.486879723746103,-2.4642338598335445,13.522914360133163,33.68184398309288,0.15313766011137994,35.55049715748389,14.675057196118512,-24.230077289201965,-14.814423614415492,-74.9272210193074,-10.84987937185424,-5.206221999297401
-68.41236370780001,8.80948661051522,-1.3394728800564986,6.092806389997995,39.513140026576266,-40.45532861924412,15.914245977310427,29.060200011957807,17.97438809275934,49.98899988751515,12.009591744271702,0.6894317916858402,-46.547137528758114,83.57672681049407,35.105967942242316,-57.22499234267447,48.92565093509642,27.368783759495845,118.61333635537171,-16.314537793846842,52.1625596675639,5.202944394187328,71.58828828277255,118.80254374366007,-10.43057129614465,10.716435438278339,28.72079263272467,19.81733822274935,-4.470673711028583,24.57545146577517,-17.144407292306152,30.832219595435507,-5.954352799204872,-27.105062425980424,-44.931708947109804,-57.00587384600528,-13.84886802968981,-52.08452306011925,87.60017750669998,70.86984207695536,0.8968121629141298,-20.491660404172308,-28.0885226164515,54.1525161601057,19.104807268702356,-4.447839188576703,24.306998618894667,61.23833909327027,0.31239059425988697,64.70049789455865,26.767589696256994,-44.290209819883835,-26.94611582031692,-136.44660783816943,-19.90361353921885,-9.63908779826554
-41.97482981634097,6.352715863127815,0.05565660365051132,3.065223130898716,24.46559616936829,-24.957663944411216,9.908815938310624,17.97438809275934,11.59778897868444,31.808986909556477,8.008488292463511,0.9396074883652346,-30.237354731304375,52.59369285840631,21.70442148896703,-36.015489458583,30.901047803956995,17.034178025828204,75.51963229712544,-10.015059205428258,33.890880272832874,3.2999506882316205,45.32603691438034,75.92979791906791,-6.689135816494938,7.1337569809710795,17.8835990460098,12.746618645258483,-3.3425840760706165,15.873300002157297,-10.16154242241259,19.97253891771379,-3.7359104752436396,-17.427947236564687,-28.986906037847376,-36.18201564073676,-9.82107577737602,-32.047622500739216,55.8056356398079,44.75664202485504,0.707414062432126,-12.213908408291918,-17.665655265529224,32.99828185911215,11.997031786371439,-2.9596675754297985,16.586509842564354,38.94778062492011,0.06162305509059594,40.88880469880015,16.676276462366378,-27.214564041689634,-17.092048788401776,-85.8999028917818,-11.94500239628482,-5.431053542431839
-117.0570358850267,16.827237929042855,-0.6652378463305264,9.177743219252099,68.0209169174936,-69.47088554588859,27.496666942012183,49.98899988751515,31.808986909556477,87.6434034451862,21.732434917341322,2.1348655023176994,-82.75377593353436,145.43746049738954,60.373091818885065,-99.59044416642948,85.34871797931663,47.27830888286451,208.03497961671377,-27.92417087665663,92.74918822939398,9.103691687078395,125.08890031674557,208.90571089071256,-18.383379381082623,19.369269539059232,49.62864675564212,34.99607367757439,-8.761940151226563,43.522378998817786,-28.67088385261312,54.712509249370626,-10.342318139720893,-47.85614911922043,-79.50955745274986,-99.77424027510727,-26.14961270243242,-89.28676808920375,153.70313684633567,123.62405554006598,1.8256719261195187,-34.39629388141289,-48.861788461612164,92.23525293040012,33.20014964776741,-8.03709574712618,44.68852978372511,107.3283219634432,0.2932432575472711,112.91256926258804,46.268649824796945,-75.85541574961093,-47.142771292498665,-237.50948991705368,-33.5616123675898,-15.598045721328461
-27.86070797557932,4.733181751159116,0.5145493840242149,1.6681105444312256,16.359778285136755,-16.640341597473892,6.65600601728335,12.009591744271702,8.008488292463511,21.732434917341322,5.66473591487143,0.9055370179830375,-20.983749161128298,35.62555471471983,14.4962547831149,-24.398098858808726,20.99117031142597,11.437909942477846,51.62065455374318,-6.650411879439973,23.52169509958559,2.248464093801712,30.849154567155065,52.05243639174771,-4.59750533722096,5.039819402180357,12.012503056598655,8.780804173353642,-2.5447077334185653,10.968789978256641,-6.550491496546581,13.830836871739193,-2.524355282752351,-12.001899502829133,-20.01248756818672,-24.672214154827834,-7.239618488079755,-21.321243305827938,38.16108833719871,30.40042632105819,0.5551386400738009,-7.91182877160905,-11.96040302884306,21.77910827003591,8.112548764455134,-2.0903034506468265,11.920579006067173,26.600204707677328,-0.029822914568662453,27.78885881744306,11.206695532612049,-18.08585499345091,-11.649067240623697,-58.20448179459986,-7.78303173771391,-3.3417629893748204
-1.2583064423730839,1.1753281260058486,0.9126906394249403,-0.6070036975404398,0.9638661010904882,-0.8903402956296064,0.44760624491853007,0.6894317916858402,0.9396074883652346,2.1348655023176994,0.9055370179830375,0.5654321767346717,-2.6491838104471896,2.9429220331635926,0.8221739331100206,-2.019571123113835,1.8429703293954045,0.7615795166853166,5.114148266430006,-0.30575969657337077,2.9743218211565736,0.21007150393919563,2.8158542636387254,5.431056313137256,-0.5010979478813752,0.7948197070900669,0.8076468561881257,0.9927389349497268,-0.7223324145130843,1.3014633752930045,0.06605200993217858,1.693958592686762,-0.19733699431431806,-1.3504984307279984,-2.342299935311595,-2.336726143792918,-1.6693572777296164,-1.0553636939309385,3.8096480574433977,2.664213673927334,0.18444612844330935,0.00617388069452435,-0.9776467690301022,0.7535915959007851,0.6450198081707871,-0.32857864948527427,2.235049330731534,2.595378976366314,-0.13309152794895263,2.4633870548331505,0.7627316615453911,-0.8579943331317141,-1.0927648475315916,-4.841803567321264,-0.08073395047161568,0.33892856686268874
108.55888887159573,-16.832981846044927,-0.5190891688604189,-7.640032744128424,-63.37014555007575,64.6040417326639,-25.68784376259779,-46.547137528758114,-30.237354731304375,-82.75377593353436,-20.983749161128298,-2.6491838104471896,78.91876313926876,-136.58170019092353,-56.203792567150614,93.53197007161982,-80.29520789902668,-44.15903397072362,-196.48496860654603,25.903706610305814,-88.45773702997508,-8.581814541653335,-117.8239803259831,-197.67282808451634,17.423499986764682,-18.686839343168174,-46.364464645196215,-33.21642599333752,8.901873047418214,-41.39199825916549,26.12684798722052,-52.10643651033673,9.698182280885828,45.41435661460489,75.57427511849737,94.09190005841907,25.965486251747937,82.92248459389138,-145.20894118008383,-116.29843037228319,-1.8966420704669746,31.4347139357824,45.87337840612691,-85.24503235018022,-31.145942971785676,7.752446612919212,-43.61046860140584,-101.31644705864065,-0.10363397809370943,-106.25811886287967,-43.237137991694546,70.40058994620196,44.44406363754366,223.09248053311254,30.779362179642867,13.840144608456752
-196.11946121588446,27.028330834563704,-2.1954012365972546,16.205261501487193,113.68966973002829,-116.22764088941445,45.891732851005536,83.57672681049407,52.59369285840631,145.43746049738954,35.62555471471983,2.9429220331635926,-136.58170019092353,242.05286711356885,100.94776474389894,-165.74281815329556,141.90921489445805,78.91245986419267,345.17064934636625,-46.778710419299024,153.07052222852198,15.11825591639445,207.8509423457541,346.26541509057404,-30.44371200419915,31.766199000927152,82.82564634721163,57.91093308448515,-13.940464540127408,71.94007608759769,-48.477407277325106,90.36568250601253,-17.22495141610535,-79.1970835734258,-131.46513040297233,-165.6792389282264,-42.18159953626579,-149.481664112334,254.98233543017795,205.55226955685413,2.8653453734593373,-58.07092351284716,-81.33158693106101,154.8136582217932,55.28442614762015,-13.182360568366917,72.81446602628615,178.12843252929605,0.6516877224815258,187.7101070938268,77.20866860877844,-127.04181870574729,-78.2950145028241,-395.2426659723735,-56.558142488518875,-26.727691755667067
-82.6532610428216,10.624102566335917,-1.635138867214767,7.374129541516496,47.73413316214254,-48.87314832869105,19.223751049704106,35.105967942242316,21.70442148896703,60.373091818885065,14.4962547831149,0.8221739331100206,-56.203792567150614,100.94776474389894,42.41028646280381,-69.11917419411542,59.092740831331994,33.06148303129444,143.24993586492536,-19.710366501717864,62.984592847596176,6.284510142967002,86.46254339836517,143.47353422090947,-12.596159034386712,12.935547334006893,34.694588506270904,23.930727204369976,-5.390121316297933,29.67554415946109,-20.719626626064716,37.23038798192604,-7.19260545496762,-32.73191442462862,-54.257252937225516,-68.84894908828565,-16.70595888197533,-62.92451536008302,105.79567844688282,85.59800409803981,1.0804182233226927,-24.76389492460506,-33.92739557758515,65.42904125025413,23.076706744635775,-5.368940031951963,29.333672797082947,73.95886287273439,0.37984398705838546,78.14520618015017,32.33447115706455,-53.50844693245033,-32.54462343388519,-164.80678330957397,-24.052079138977067,-11.655054488278608
134.28060715210148,-18.51469558158463,1.494574628024512,-11.0890187141421,-77.84415831732312,79.58051445908346,-31.42266748451516,-57.22499234267447,-36.015489458583,-99.59044416642948,-24.398098858808726,-2.019571123113835,93.53197007161982,-165.74281815329556,-69.11917419411542,113.49063915991086,-97.17189298938139,-54.03286810759178,-236.36011626866213,32.02878274052508,-104.82394954105587,-10.352652179980643,-142.32628253821335,-237.1129213610711,20.84720940196538,-21.75489028430934,-56.712396025623555,-39.65635375728422,9.550913119492536,-49.26408678034897,33.188136644395286,-61.882776530861406,11.794721276003402,54.233026954461245,90.02627999316911,113.45020664644797,28.894013750237708,102.34899225836394,-174.60339591502176,-140.75169252573232,-1.9633723986941722,39.756804977957714,55.691070609471694,-105.99660113706784,-37.85541568095236,9.027870482116528,-49.87098794503639,-121.97547959325541,-0.44489140299264684,-128.53412956344536,-52.86615857635554,86.98407202691529,53.61314962780248,270.6386380691583,38.72214212720096,18.29550523040912
-114.72899675741321,16.03440638420982,-1.0773152738898408,9.321307820758117,66.56037593082071,-68.02425325389004,26.880282762996625,48.92565093509642,30.901047803956995,85.34871797931663,20.99117031142597,1.8429703293954045,-80.29520789902668,141.90921489445805,59.092740831331994,-97.17189298938139,83.22412775075702,46.22059161248661,202.5695402888827,-27.36647044176199,89.99044537091787,8.869825625065198,121.92223552983988,203.27970359554013,-17.877631841148638,18.714328297235728,48.51450179657418,34.01591184508736,-8.296718902456613,42.271921277377686,-28.274471772135275,53.11259400885942,-10.096201633778795,-46.5179822611348,-77.2409798115597,-97.20584928056024,-24.98817447114891,-87.46734694711436,149.64890214143998,120.54774830808978,1.7132530539630098,-33.886435308303454,-47.68055507018882,90.51146044197114,32.40619636657101,-7.765836677685286,42.990131955506925,104.52821642561189,0.3505197669444929,110.09022535758751,45.22620899635843,-74.3280163952828,-45.93414225415136,-231.7293364695374,-33.02336772726939,-15.52174431786915
-64.35786437350576,8.495542663997687,-1.0659105089024787,5.5829483533516475,37.22065498224416,-38.08651801704371,15.002340808772693,27.368783759495845,17.034178025828204,47.27830888286451,11.437909942477846,0.7615795166853166,-44.15903397072362,78.91245986419267,33.06148303129444,-54.03286810759178,46.22059161248661,25.800562255788055,112.18831927641438,-15.34856462745031,49.48840267918709,4.919283742563286,67.65466438140254,112.43237554378017,-9.876261710310427,10.203516294618925,27.07690607923753,18.772009941659082,-4.3388895603680435,23.294341646837992,-16.04851117467437,29.23889769315496,-5.620292474712561,-25.674970111207152,-42.582249637565496,-53.89376352931702,-13.320604502723512,-49.01732331789868,82.86376673412572,66.95185647661401,0.8783485700941261,-19.197415281410784,-26.519653850970773,50.89227087680768,18.033853498621255,-4.234750180788362,23.235017104809152,57.912230820693395,0.2649925123812092,61.12862711206461,25.236721583347986,-41.67332725977903,-25.472950995828263,-128.841339247285,-18.665169528604526,-8.961229605844238
-277.7160442490274,40.01089177132895,-1.4991519961900681,21.71302558230617,161.39832404565325,-164.83351958373015,65.24990742250291,118.61333635537171,75.51963229712544,208.03497961671377,51.62065455374318,5.114148266430006,-196.48496860654603,345.17064934636625,143.24993586492536,-236.36011626866213,202.5695402888827,112.18831927641438,493.81216839044583,-66.25059615597986,220.21631514076887,21.60631882067978,296.90054767346265,495.90249093137413,-43.64073158747203,46.00651818992253,117.76612907965877,83.08236509884267,-20.840629440558377,103.32891033244276,-67.99043301977238,129.8988157383789,-24.54332313235461,-113.61021586455654,-188.76416291224152,-236.82244337077955,-62.159914733842335,-211.8406635381341,364.84419517254054,293.4105849978308,4.345736091674915,-81.57309588471905,-115.96223697842271,218.80737040292271,78.79082421846154,-19.089749144315295,106.17685762529902,254.76069482159855,0.6842051799849385,267.99278978703245,109.79532234286332,-179.97115566032167,-111.89572956141149,-563.6875920639101,-79.59987291547328,-36.9619617740125
38.46126929526234,-4.802770966538573,0.8915130234227934,-3.531608348535954,-22.179188938208636,22.722103321022736,-8.923968949948856,-16.314537793846842,-10.015059205428258,-27.92417087665663,-6.650411879439973,-0.30575969657337077,25.903706610305814,-46.778710419299024,-19.710366501717864,32.02878274052508,-27.36647044176199,-15.34856462745031,-66.25059615597986,9.171122720347249,-29.028007114386313,-2.9083096630666248,-40.025131941117856,-66.3108059369105,5.818335083815823,-5.936260448290795,-16.105537759903484,-11.0483348437902,2.41891381579932,-13.690704357319843,9.694785662049028,-17.167402089721296,3.334627824749153,15.112526070849293,25.03650053259248,31.858208400952517,7.576758842578262,29.2673440191221,-48.9238365879483,-39.641883796856234,-0.4793625027264292,11.576898882559835,15.723236455781157,-30.48015135680238,-10.69736048886634,2.4640371876270595,-13.400992181885801,-34.21090634223351,-0.1961197316948052,-36.18622402966979,-15.00867263940141,24.893325482409743,15.060843806737202,76.36522900924743,11.23195046197873,5.495372374795626
-121.65268684445044,18.874072727017044,0.5925066467510269,8.553343293739454,71.01633545866748,-72.39716087703769,28.787539780517992,52.1625596675639,33.890880272832874,92.74918822939398,23.52169509958559,2.9743218211565736,-88.45773702997508,153.07052222852198,62.984592847596176,-104.82394954105587,89.99044537091787,49.48840267918709,220.21631514076887,-29.028007114386313,99.1502117094839,9.618737063235468,132.05182340856948,221.55163954870034,-19.528494001724734,20.946809160789858,51.96012126287739,37.22955471043256,-9.983240449271653,46.393968246630294,-29.273317232434028,58.404500195598715,-10.869262340676725,-50.90172373623126,-84.70682401364698,-105.45536901715947,-29.113331407170776,-92.92499655324558,162.74854047228604,130.34155911534913,2.1272872324400054,-35.221563022469574,-51.41185594503549,95.523713894904,34.90623012179856,-8.690041691154288,48.89022431394964,113.55307399364422,0.11447047911703631,119.0885074293995,48.455041994933126,-78.89193576482243,-49.81161118266645,-250.02668094900486,-34.48865298821709,-15.503695245888702
-12.19259788235384,1.7307053676207456,-0.0887847457687439,0.971009294539788,7.080179555450444,-7.232210990034337,2.860376708943672,5.202944394187328,3.2999506882316205,9.103691687078395,2.248464093801712,0.21007150393919563,-8.581814541653335,15.11825591639445,6.284510142967002,-10.352652179980643,8.869825625065198,4.919283742563286,21.60631882067978,-2.9083096630666248,9.618737063235468,0.9463898895562807,12.99723551169138,21.691098025517647,-1.9082649481984335,2.0041962748626823,5.163690442765162,3.631580197090996,-0.8996291518121928,4.515280005469803,-2.9938424874028695,5.67566973224958,-1.0757620918219137,-4.966852909543874,-8.249835403814178,-10.365377682783855,-2.694011097255771,-9.297742839336328,15.963828831487598,12.848460936099553,0.1866114241082213,-3.5904342187953704,-5.079994600261042,9.611874853893179,3.452256576185227,-0.8316846904473205,4.6165841943221455,11.148119542317758,0.033366356028322885,11.733819807989137,4.81343512247443,-7.899635325794127,-4.898003815661538,-24.689395241023618,-3.5018374715393232,-1.6356056986240517
-167.79299238338217,23.671472476626764,-1.3712001938408171,13.475770671126513,97.39732149478101,-99.51839782608808,39.34659170043858,71.58828828277255,45.32603691438034,125.08890031674557,30.849154567155065,2.8158542636387254,-117.8239803259831,207.8509423457541,86.46254339836517,-142.32628253821335,121.92223552983988,67.65466438140254,296.90054767346265,-40.025131941117856,132.05182340856948,12.99723551169138,178.6400660109054,298.0075560638745,-26.213749514714635,27.500284970283104,71.01416986729737,49.88577357905986,-12.273682097580027,62.00856839215611,-41.26867535555385,77.92375577736871,-14.78502719588204,-68.21906139410005,-113.29669472029906,-142.4459972934091,-36.854056780425054,-127.943608241045,219.34328753396335,176.5997301027721,2.5422792811623265,-49.47590644034771,-69.83411221931438,132.32157231434172,47.45862348994013,-11.411449725136594,63.263573801700254,153.194481472251,0.48236222689328634,161.2863396724501,66.20299922364836,-108.71533577884767,-67.30963288014392,-339.41633940236767,-48.23498937620672,-22.588245736029016
-277.9560919890273,40.619415688304166,-0.9677443944796478,21.323350222677696,161.67276434490475,-165.057461284489,65.39342794635925,118.80254374366007,75.92979791906791,208.90571089071256,52.05243639174771,5.431056313137256,-197.67282808451634,346.26541509057404,143.47353422090947,-237.1129213610711,203.27970359554013,112.43237554378017,495.90249093137413,-66.3108059369105,221.55163954870034,21.691098025517647,298.0075560638745,498.17399491200257,-43.85398572065846,46.38418716900876,118.02713287821369,83.51013180700062,-21.223053878528194,103.90031903738878,-67.83155409739172,130.6520949163564,-24.61514632075646,-114.19239568786809,-189.78818312414595,-237.7587248514609,-63.01699531610925,-212.07850351665945,366.4087855644987,294.4378173211778,4.4448254488525585,-81.42541386991125,-116.32481665323525,218.8580129282372,79.026326283425007,-19.245826640315308,107.28278191821268,255.81456071331905,0.6057575834128724,268.9468446032403,110.0433616937085,-180.15028216162264,-112.33193726154762,-565.4982398895033,-79.50680077828348,-36.70091539364391
24.387758844023647,-3.608997883010629,0.04320876877001181,-1.8389133972921774,-14.195654918440978,14.488571356401946,-5.7444782753131385,-10.43057129614465,-6.689135816494938,-18.383379381082623,-4.59750533722096,-0.5010979478813752,17.423499986764682,-30.44371200419915,-12.596159034386712,20.84720940196538,-17.877631841148638,-9.876261710310427,-43.64073158747203,5.818335083815823,-19.528494001724734,-1.9082649481984335,-26.213749514714635,-43.85398572065846,3.8614881064462754,-4.096308904694422,-10.368087265960547,-7.355088032931732,1.8905846051000792,-9.153959553676867,5.934539858189336,-11.513500955537447,2.163635428293656,10.05709728998982,16.719375874077993,20.918165126869525,5.59201769191138,18.61201261829323,-32.246367789921166,-25.894397649611026,-0.3974583581582517,7.127187770293243,10.226806552893128,-19.191725658261714,-6.946805937378754,1.6995949266216166,-9.492479704761077,-22.510415972241322,-0.046971211452306955,-23.65393188481601,-9.667187245015924,15.80823668835467,9.882527536575505,49.72033460643445,6.963202753407692,3.197160691150497
-24.869426948312633,4.200212830448234,0.4362902918511149,1.5066578666728039,14.597471027134672,-14.850228641647742,5.937619799447447,10.716435438278339,7.1337569809710795,19.369269539059232,5.039819402180357,0.7948197070900669,-18.686839343168174,31.766199000927152,12.935547334006893,-21.75489028430934,18.714328297235728,10.203516294618925,46.00651818992253,-5.936260448290795,20.946809160789858,2.0041962748626823,27.500284970283104,46.38418716900876,-4.096308904694422,4.48412501349986,10.715893693764208,7.822674198989821,-2.255747757602884,9.770294326576751,-5.856600648863733,12.318185928397336,-2.251137237485378,-10.69240024056047,-17.826646387175213,-21.991663511275902,-6.427628151165888,-19.02971347853216,34.00993156732626,27.103043405614336,0.49141767765135014,-7.071799007410576,-10.664932054119724,19.446767475901282,7.2343061740859795,-1.859849334082802,10.596913050274052,23.708246803234594,-0.02320573700860452,24.774086777191908,9.996868395485304,-16.143042837539706,-10.383691106477043,-51.898156649742425,-6.9543943158085595,-2.9956293258808273
-67.53159594788958,8.930135516674422,-1.1039315529540887,5.847116773027496,39.059833312376846,-39.96691335419952,15.744530782289836,28.72079263272467,17.8835990460098,49.62864675564212,12.012503056598655,0.8076468561881257,-46.364464645196215,82.82564634721163,34.694588506270904,-56.712396025623555,48.51450179657418,27.07690607923753,117.76612907965877,-16.105537759903484,51.96012126287739,5.163690442765162,71.01416986729737,118.02713287821369,-10.368087265960547,10.715893693764208,28.416523282437204,19.707433751036323,-4.562812945165746,24.45622775539954,-16.833971640668103,30.698285817489626,-5.898840674283847,-26.95431111025221,-44.705636707660105,-56.5714363302511,-13.999418682577012,-51.436041178905064,86.98419737731129,70.27463150906007,0.9242644995483204,-20.138150432193072,-27.83460538248524,53.398173367335836,18.927747976356216,-4.447384250546929,24.40848685437855,60.790848143651665,0.27590085978111856,64.16281951993614,26.485414682813605,-43.72902807510761,-26.738388950011995,-135.23110241648268,-19.581204506250643,-9.395147756140775
-46.30742383153097,6.928109304180376,-0.012795723508258638,3.4385452136816257,26.972149465254837,-27.522090138957438,10.91927684544709,19.81733822274935,12.746618645258483,34.99607367757439,8.780804173353642,0.9927389349497268,-33.21642599333752,57.91093308448515,23.930727204369976,-39.65635375728422,34.01591184508736,18.772009941659082,83.08236509884267,-11.0483348437902,37.22955471043256,3.631580197090996,49.88577357905986,83.51013180700062,-7.355088032931732,7.822674198989821,19.707433751036323,14.01251462110678,-3.636969842850579,17.4444433721889,-11.240541605094474,21.944915867337414,-4.114617196478159,-19.159388469666272,-31.85886915169052,-39.81467648814713,-10.72277915952106,-35.34779712808755,61.39179602670307,49.268678387684375,0.7671308176234661,-13.504908958710093,-19.452611312022338,36.42347518503315,13.212140227653308,-3.245587280751708,18.156898518093534,42.85156787513824,0.07896575736388163,45.0084285746445,18.37614653171434,-30.02012285662907,-18.80900865937304,-94.58166516944716,-13.200557656379004,-6.0325267124128334
10.117942420428363,-2.4414772834743155,-0.8573149403131993,-0.09171044319749509,-6.111049177625397,6.145850733072993,-2.5269571171944,-4.470673711028583,-3.3425840760706165,-8.761940151226563,-2.5447077334185653,-0.7223324145130843,8.901873047418214,-13.940464540127408,-5.390121316297933,9.550913119492536,-8.296718902456613,-4.3388895603680435,-20.840629440558377,2.41891381579932,-9.983240449271653,-0.8996291518121928,-12.273682097580027,-21.223053878528194,1.8905846051000792,-2.255747757602884,-4.562812945165746,-3.636969842850579,1.3827104211081955,-4.590274430071137,2.1050612493361034,-5.829514989696863,0.9803661156892762,4.967780414519578,8.351302343940425,9.880817685374367,3.640304424509189,7.812012631472287,-15.430925813304789,-12.013899077889404,-0.3216025858865,2.598716264579826,4.673706002066552,-7.735120698684889,-3.1567924229691053,0.9348619055588671,-5.60570954863248,-10.709540764960309,0.11029241206931492,-11.001204249276256,-4.262637088256802,6.597870663901011,4.6577563880607125,22.80348917795846,2.6227326308626746,0.8447995035840997
-57.37990518552901,8.715929207346042,0.10629609604175169,4.16711137827093,33.452383949766414,-34.121224236530246,13.549975458863155,24.57545146577517,15.873300002157297,43.522378998817786,10.968789978256641,1.3014633752930045,-41.39199825916549,71.94007608759769,29.67554415946109,-49.26408678034897,42.271921277377686,23.294341646837992,103.32891033244276,-13.690704357319843,46.393968246630294,4.515280005469803,62.00856839215611,103.90031903738878,-9.153959553676867,9.770294326576751,24.45622775539954,17.4444433721889,-4.590274430071137,21.725976593959036,-13.878174975002903,27.33921364632992,-5.110188400641518,-23.851495040935767,-39.673864978761,-49.502344945780216,-13.470782432809655,-43.81218196147774,76.3574956439498,61.22666900147052,0.9723969150419427,-16.683922395194568,-24.164108332936518,45.10073926590737,16.40975139984654,-4.053517132777881,22.730544862657954,53.288665285155936,0.07969844989163143,55.93573103635714,22.805049352156903,-37.203384440272224,-23.38426353907393,-117.50001118165055,-16.31985373785661,-7.407837993794555
40.67326749187478,-4.364277743845343,1.6053521367072707,-4.242830001844656,-23.28701976670301,23.926850509626853,-9.328445973762243,-17.144407292306152,-10.16154242241259,-28.67088385261312,-6.550491496546581,0.06605200993217858,26.12684798722052,-48.477407277325106,-20.719626626064716,33.188136644395286,-28.274471772135275,-16.04851117467437,-67.99043301977238,9.694785662049028,-29.273317232434028,-2.9938424874028695,-41.26867535555385,-67.83155409739172,5.934539858189336,-5.856600648863733,-16.833971640668103,-11.240541605094474,2.1050612493361034,-13.878174975002903,10.522665081617479,-17.357733377728433,3.4637730976364893,15.379628213436911,25.40540416231855,32.780283700491864,7.013050506152383,30.882234046371423,-50.1837125198062,-40.95970249129999,-0.3883065789549475,12.513882798690634,16.301366655224477,-32.40507147067422,-11.104616165477276,2.431851528839595,-12.909454874231486,-35.141027726789815,-0.3056466282026333,-37.36829965725391,-15.681152057901599,26.29521106689923,15.50483082200756,79.11025297506471,12.079394975499653,6.176015345801237
-71.94945114421974,11.043549594325414,0.24054395615727436,5.14307646107835,41.973669749131396,-42.80059387239598,17.007556061566522,30.832219595435507,19.97253891771379,54.712509249370626,13.830836871739193,1.693958592686762,-52.10643651033673,90.36568250601253,37.23038798192604,-61.882776530861406,53.11259400885942,29.23889769315496,129.8988157383789,-17.167402089721296,58.404500195598715,5.67566973224958,77.92375577736871,130.6520949163564,-11.513500955537447,12.318185928397336,30.698285817489626,21.944915867337414,-5.829514989696863,27.33921364632992,-17.357733377728433,34.410387365536636,-6.4182987288826,-30.00505482886979,-49.92059132412966,-62.2186819364286,-17.052622107032345,-54.94739250577141,95.99714581435387,76.92888635614705,1.2384342552595606,-20.876011111823114,-30.352711769361413,56.52417557796489,20.61039750895094,-5.110507773521716,28.70527307369007,66.986593273324,0.08394883942399778,70.28336232347776,28.626111978807405,-46.65400315223208,-29.39026716762729,-147.6002793590342,-20.43125407126076,-9.23000133774667
13.981382285139494,-1.9044265241847558,0.17656247201345485,-1.1707427299712607,-8.09995013743935,8.282117134370646,-3.2679620729243144,-5.954352799204872,-3.7359104752436396,-10.342318139720893,-2.524355282752351,-0.19733699431431806,9.698182280885828,-17.22495141610535,-7.19260545496762,11.794721276003402,-10.096201633778795,-5.620292474712561,-24.54332313235461,3.334627824749153,-10.869262340676725,-1.0757620918219137,-14.78502719588204,-24.61514632075646,2.163635428293656,-2.251137237485378,-5.898840674283847,-4.114617196478159,0.9803661156892762,-5.110188400641518,3.4637730976364893,-6.4182987288826,1.2263609677354517,5.627665312964172,9.339488812472899,11.783526653026543,2.9766305449359254,10.654249423030251,-18.130625344014152,-14.624855103891118,-0.20063259062805913,4.147893066013124,5.7884091144236365,-11.041599268654847,-3.9351553907323082,0.934234926455819,-5.151931974646071,-12.66690178535626,-0.049376889094666164,-13.354149479380236,-5.498224407814814,9.055482598394942,5.568933064613083,28.126240296869998,4.038256666324655,1.9166125791577817
63.34284508036117,-9.463784453104077,0.02849979112782039,-4.7120691944639495,-36.891898982432465,37.64415035579105,-14.933877866386625,-27.105062425980424,-17.427947236564687,-47.85614911922043,-12.001899502829133,-1.3504984307279984,45.41435661460489,-79.1970835734258,-32.73191442462862,54.233026954461245,-46.5179822611348,-25.674970111207152,-113.61021586455654,15.112526070849293,-50.90172373623126,-4.966852909543874,-68.21906139410005,-114.19239568786809,10.05709728998982,-10.69240024056047,-26.95431111025221,-19.159388469666272,4.967780414519578,-23.851495040935767,15.379628213436911,-30.00505482886979,5.627665312964172,26.197565872665713,43.56084549980532,54.446138865109276,14.65048473596013,48.3499316395717,-83.95051063734314,-67.3776864542552,-1.0473018168107415,18.47726502934266,26.603562970070136,-49.82525587249104,-18.06943847807526,4.436279920285609,-24.814262133402543,-58.597717351343995,-0.10956591986564404,-61.550306731742005,-25.13281845777474,41.06268931829385,25.72146726176832,129.34753490384938,18.060255197163684,8.258032190581336
104.93379783436318,-15.870315162681802,-0.13095651623116486,-7.6693353665007225,-61.160212985780745,62.389117704884775,-24.76891196837967,-44.931708947109804,-28.986906037847376,-79.50955745274986,-20.01248756818672,-2.342299935311595,75.57427511849737,-131.46513040297233,-54.257252937225516,90.02627999316911,-77.2409798115597,-42.582249637565496,-188.76416291224152,25.03650053259248,-84.70682401364698,-8.249835403814178,-113.29669472029906,-189.78818312414595,16.719375874077993,-17.826646387175213,-44.705636707660105,-31.85886915169052,8.351302343940425,-39.673864978761,25.40540416231855,-49.92059132412966,9.339488812472899,43.56084549980532,72.45106312066538,90.44037451301136,24.538897653473423,80.1150352159521,-139.49034998798982,-111.87656570480736,-1.7668850328358356,30.536631702858905,44.15911133957147,-82.49446642178806,-29.98965794696537,7.396048730957786,-41.44717829917487,-97.35224797107799,-0.15511607277977926,-102.20631567143602,-41.68643913530675,68.03271740693768,42.72370632249921,214.72050288832298,29.864390777698716,13.58213831751906
133.5521042547895,-19.0164940347856,0.9281326223661294,-10.600685346296508,-77.5631962461279,79.2347452011872,-31.3438292380808,-57.00587384600528,-36.18201564073676,-99.77424027510727,-24.672214154827834,-2.336726143792918,94.09190005841907,-165.6792389282264,-68.84894908828565,113.45020664644797,-97.20584928056024,-53.89376352931702,-236.82244337077955,31.858208400952517,-105.45536901715947,-10.365377682783855,-142.4459972934091,-237.7587248514609,20.918165126869525,-21.991663511275902,-56.5714363302511,-39.81467648814713,9.880817685374367,-49.502344945780216,32.780283700491864,-62.2186819364286,11.783526653026543,54.446138865109276,90.44037451301136,113.60168611739213,29.579480526265307,101.851308153949,-174.96553307500224,-140.79881589687218,-2.0526822797243645,39.31259770402467,55.66378073742843,-105.27664743205644,-37.82530673353173,9.125422710202036,-50.66408022899603,-122.18793920110562,-0.3596839686932595,-128.59442179605279,-52.74004274222479,86.53724830606173,53.67806696285,270.5581625059038,38.34229616745988,17.889019110824094
31.715758102180967,-6.560381451316449,-1.6730003671637272,-1.0651907443460662,-18.898779115922938,19.109846472900113,-7.7552063712222985,-13.84886802968981,-9.82107577737602,-26.14961270243242,-7.239618488079755,-1.6693572777296164,25.965486251747937,-42.18159953626579,-16.70595888197533,28.894013750237708,-24.98817447114891,-13.320604502723512,-62.159914733842335,7.576758842578262,-29.113331407170776,-2.694011097255771,-36.854056780425054,-63.01699531610925,5.59201769191138,-6.427628151165888,-13.999418682577012,-10.72277915952106,3.640304424509189,-13.470782432809655,7.013050506152383,-17.052622107032345,2.9766305449359254,14.65048473596013,24.538897653473423,29.579480526265307,9.881277564896761,24.383414858290962,-45.991163926188534,-36.18572563542887,-0.8265801311524306,8.561461009045946,14.150648761724767,-24.510315149915957,-9.576500907569567,2.6647097217284537,-15.64078555668487,-31.982888840487266,0.1952092696677457,-33.108975817161266,-13.070141387814573,20.636947697280174,13.953782122458374,68.96015005557331,8.529439016561973,3.2059825198843837
