V1,V2,V3,V4,V5,V6,V7,V8,V9,V10,V11,V12,V13,V14,V15,V16,V17,V18,V19,V20,V21,V22,V23,V24,V25,V26,V27,V28,V29,V30,V31,V32,V33,V34,V35,V36,V37,V38,V39,V40,V41,V42,V43,V44,V45,V46,V47,V48,V49,V50,V51,V52,V53,V54,V55,V56
0.9292813986294625,0.46729433476339466,0.036026801984064945,0.30751583581891007,0.07595432366416781,-0.8518365598581745,0.18206091870613608,0.8264513656090029,0.38898985885847914,-0.04781668839490226,0.3444039544712461,-0.3320803647079816,0.4143378383252733,-0.08130670566287874,-0.5008301110153698,0.025256725857052926,-0.5317107182390348,0.3772866181604985,0.148103698110068,0.13022333313776982,-0.11400194344613435,0.21468241014526632,0.13839673087211307,-0.11001843282392856,0.8109322996373793,-0.15563528726254172,0.49680518870841467,0.316905844658715,0.2094713672509091,0.16792086749165233,0.15975870958347785,-0.29085900149620947,0.12908951106267352,-0.5715590840997619,0.6172129171645324,0.4839125032460035,0.38145452712898253,0.5778915079967731,-0.4922415151135882,-0.22258818284177187,0.14009645123610381,-0.10053133858499204,-0.04380801179104878,0.026752126170954477,-0.5484600323660203,-0.7535127326474177,0.9513580299491508,-0.004874124218483654,0.18008962705025744,0.1594922139323135,0.19744822694843306,0.03546949504575059,0.38200950773731934,0.2347960332692536,-0.21701080896223135,0.2907636298932694
0.46729433476339466,0.7997103181204646,-0.05427684690907243,-0.15699482624078281,-0.12158789415766581,-1.0549276053518983,0.6791792472963404,0.7163585109679887,0.496372153000285,-0.1850458786314548,0.26851356085287764,0.6943804553926527,0.004314792100482679,0.12364130169612862,-0.18231602619305098,-0.3244749078577521,-0.2479722375193722,-0.2592463272089862,0.6017691363077574,-0.05830413879372851,-0.3344951114746653,0.2792490505161045,0.2414892375826756,0.2771745291522965,0.24514478945356255,0.48627016116656696,-0.18540977154118177,0.2737999951168766,0.4495514534646764,0.15868443061010645,-0.12936141243383312,-0.3694839914572675,0.11279384247748286,0.014969126925036175,-0.2526316908992809,0.3132929204256561,0.5209936747461413,0.26880371218305843,-0.3036786627166289,-0.4545693011391604,0.14479613069594136,-0.04914378852830957,0.13345980468611982,0.0986548106198033,-0.49581120634723336,-0.5200190423113382,0.7775656137120632,0.1622435894204237,0.1665037367892906,0.05334034898448583,0.2655690683909264,-0.16044028940133584,0.2859187528316157,-0.02963259188609399,0.19435441541472914,-0.1274396608257151
0.036026801984064945,-0.05427684690907243,0.5242863665494838,-0.35645891884286135,-0.14218137827729135,-0.13778585315691977,0.20942428259165857,-0.09112664218430709,0.48585384248399743,-0.13767759095754184,0.32817421485826626,0.020811277062906138,0.667946675597861,0.10815497796881568,-0.28786679780575125,-0.29511859749884606,-0.08383749894731919,0.18755479476565182,0.39252185791071287,0.6572938246413792,0.0912192343198165,0.43502070495685113,-0.07718032379323915,0.18831505352931383,0.03913763817498648,-0.07073111705098435,0.053389806571781565,0.3897857340142641,0.08537426028017367,0.04884000444830527,0.33362073614550974,-0.294414226282648,0.1440502643499705,-0.1828381004816294,0.6338179797190748,0.22429676446934962,-0.04542440814612954,-0.01715477935382755,-0.03674940666683012,-0.3585743395492401,-0.5371955848049705,0.29178662425658464,-0.5362391367020158,-0.09235619776398211,-0.3740396224605253,0.43152362251705567,0.05436725823884207,0.37773656999635563,0.32335074889912685,-0.32749376526128604,-0.12743983275202167,0.5144771260270892,0.5652928548157422,0.05930432323830507,-0.020871247403738972,0.3411570743463004
0.30751583581891007,-0.15699482624078281,-0.35645891884286135,1.457459554563268,0.30619236899559765,-0.4140375402536174,-1.3976467632827083,-0.4272732017710271,-0.06671515489579556,0.30064185044576736,0.716399711495964,-0.939250835525881,-0.27153075331616505,0.059752753020211796,0.009415015222751726,1.1110511471741957,-0.332525124102665,-0.49042454778379974,-0.7190345618447266,-0.23219938769015475,-0.06823276866993438,-0.8368069374912055,-0.019771218708957646,-0.9838009771994018,0.15792965357582237,-1.0491653725334378,0.36540527887878044,-0.0809828140569991,-0.3448623183188311,0.37376232247228913,-0.3722297959661334,0.2001162143765115,-0.011945784249026866,0.4161185979865147,-0.27160910020569773,-0.1782746310637102,-0.44013227759424195,-0.6526735768336104,-0.8232545178640993,0.07493146827767626,0.3174431379534289,-0.23258370583306198,0.2648424307952796,0.2417504792529137,0.4805529471879657,0.06360373187221055,-0.2266960043656082,-1.1779595186483405,-0.10657315501293135,1.18483314585197,0.5623738522362189,-0.287666479427124,-0.371024864586004,0.23097042548886837,-0.062361412656936,0.21527562164751896
0.07595432366416781,-0.12158789415766581,-0.14218137827729135,0.30619236899559765,0.18188783050988547,-0.09125574141175259,-0.16641884289214115,-0.03967347978684329,-0.180220500134706,0.19327981209200723,-0.14812696092697883,-0.28332041051966655,-0.19436855168391798,-0.2409345228958159,-0.0680766556013459,0.2880690545215832,-0.16708703255533625,-0.11200316769317849,-0.33888942810829226,-0.11582068228956643,0.06467784019517347,0.15927442462513303,-3.0023210151233797e-4,-0.21079638987451743,0.22210487811357754,-0.39385016883298196,0.18744179198788957,-0.22161633268463654,0.008947264167234773,0.06012135090131425,-0.14077221764329104,0.07193257656282796,-0.08649353364684949,0.18029583780735498,-0.2942084473428596,-0.09116786759765448,0.08282673527199377,0.003758315649518112,0.06058095685784258,0.279452102888298,0.11833130720921739,0.10140851962010486,0.06335161119108876,0.017600406077299503,0.12462179682627504,-0.10341113271389395,-0.10078055619048754,-0.3326170367497167,-0.03407754067350952,0.2031989444193475,0.12856416818451943,-0.02028203253359744,-0.20168635792703896,0.10664649622958648,-0.10485469272109832,-0.19596518540190594
-0.8518365598581745,-1.0549276053518983,-0.13778585315691977,-0.4140375402536174,-0.09125574141175259,2.766601944049722,-0.5480429155625303,-0.5355200393872412,-1.2504597828189563,-0.15600640174300826,-0.6353416027644648,-0.6905470869937558,-0.255542972818563,0.3497529477132718,0.7152526897216563,0.013072221418874094,1.1093349262568615,1.1509876830337453,-0.6378528158839999,-0.33025997985036853,0.5076014255462821,-1.3498987843951247,-0.1836931488968931,-0.09760739438953114,-0.5405013330160499,0.5117008456644375,0.07989945616131951,-0.4686386404801755,-0.6774016105151835,-0.7030237015794786,0.11650440802382477,0.5205414175201577,0.06353719628154587,-0.7233979451001805,1.088600841116704,-0.580363599856728,-1.1471739982753453,0.1390908302324368,0.7933399951465333,0.8554292248380562,-0.015642420735888906,-0.3885909780396982,0.3062312491871493,-0.2582182396776863,0.7207241657674046,0.2343296219908456,-0.7899811068206964,0.5454538158489661,-0.6164987118312322,-0.6371407830285486,-1.0556422798692604,-0.21691718464684379,-0.6058959585873231,-0.2736351470494567,-0.45377917223408676,0.39099782730933197
0.18206091870613608,0.6791792472963404,0.20942428259165857,-1.3976467632827083,-0.16641884289214115,-0.5480429155625303,2.1345617431629558,1.114004858113059,0.2246115899335325,-0.26175627990143635,-0.62776520784693,1.2521254944091837,-0.0416816932076117,-0.2003863174683954,-0.3706895122334764,-1.053064180461585,-0.05049559208714908,0.1103632835434603,0.8764001029521985,0.20932821508419733,-0.009820621929531132,1.6092349454234443,0.359642232931441,0.9660990574964466,0.6233639514643301,0.9577992063354921,-0.2129197613149418,-0.06557266409744737,1.0775803645537734,-0.17471253031590786,-0.18998971508214985,-0.7904805036758525,0.16852589721189673,0.01915548025527325,-0.32352412994347446,0.21316724590163183,0.952977029143752,0.9982380629207973,0.9413795438290418,0.09051194472240635,-0.28962095920879904,0.7045071533540791,-0.11994157564138767,-0.19973826577616013,-0.9306256270731413,-0.6167250681146171,0.8132867244317326,1.012794712267908,0.3199109693040837,-1.0431010602282529,-0.3062914063784184,0.2911615249227761,0.4084526405061373,-0.09702743027338234,-0.09031038868536312,-0.7244489515649365
0.8264513656090029,0.7163585109679887,-0.09112664218430709,-0.4272732017710271,-0.03967347978684329,-0.5355200393872412,1.114004858113059,1.3650061657095456,0.12268347834454643,-0.2241673591388088,-0.20644720835048852,0.29744403312027895,0.1137175973774013,-0.07964606119885699,-0.3746392612876373,-0.5019032352748151,-0.24873781662742855,0.6122454560367119,0.4348081718494904,-0.1256122955495016,-0.12142580723042556,0.46990680054028805,0.3115274623895139,0.37664777826728346,0.8810859146985693,0.6535625145174395,0.28291548321779264,0.11902125524858431,0.5503498743446075,-0.10182982537020865,0.02450308732343173,-0.43728999576901,0.16913152367498424,-0.723315786555178,0.4709416516015458,0.44162051396813873,0.6664197911910255,1.1241256071772572,0.08661459572085053,0.0033757944569948427,0.24327627829418597,-0.05814037995712685,0.19763309000716808,-0.07697009730787509,-0.7482233792587707,-1.2165806751939234,1.252608074074226,0.5689204195878718,0.0703961654118457,-0.4059368501419903,-0.12885762835091896,-0.12706742539508378,0.2875796256536454,0.05444798652255773,-0.26329558502529044,-0.07292483175125342
0.38898985885847914,0.496372153000285,0.48585384248399743,-0.06671515489579556,-0.180220500134706,-1.2504597828189563,0.2246115899335325,0.12268347834454643,1.0314336292073782,-0.15866963062666592,0.7737783732334125,0.3712521573121645,0.7341980229401619,0.16731578762294866,-0.42721043690942184,-0.27698349064376093,-0.4355329852891659,-0.30671535499210234,0.7234927114413404,0.646397707679764,-0.23886448146478692,0.5068870836226211,0.0038131388909941003,0.18504753107000851,0.05095487107545732,-0.079636576205132,-0.1006051123969543,0.688355510668106,0.2242280022002867,0.3406989527075844,0.29506755415000757,-0.41186047407409043,0.13845015312978323,0.025371368448980903,0.2569927211319604,0.48078464910661134,0.29011489517942235,-0.19132503975957801,-0.6201148673547632,-0.8914334618625184,-0.3885355122371263,0.16669179111708562,-0.5082567881143999,0.07846359370401003,-0.5803872103771606,0.29207672966065906,0.4400179906762632,0.12679911751660675,0.482380976752431,0.08345085118890067,0.3470133505233335,0.39461900026793606,0.776022448584613,0.09832006014755187,0.2776344326129835,0.34097920156372497
-0.04781668839490226,-0.1850458786314548,-0.13767759095754184,0.30064185044576736,0.19327981209200723,-0.15600640174300826,-0.26175627990143635,-0.2241673591388088,-0.15866963062666592,0.27971620403571085,-0.32477707697506625,-0.22851698911587504,-0.18086190660242965,-0.3974114615403305,-0.017481053165815028,0.25281408288460416,-0.21235805112484313,-0.22209571689254015,-0.3853729803937441,-0.16067316665354492,0.02734157318673434,0.2539641444675264,-0.1081243558668688,-0.135630478718771,0.007078335228110967,-0.45790229068717186,0.08626892412194537,-0.23362488520579172,-0.13531138276849364,0.07008949277896678,0.017817704925151116,0.29102843684611024,-0.24431162599612888,0.2328427972571296,-0.5105000958926351,-0.06450142325759528,0.20210780524572192,-0.1068266441680814,0.05053079746021178,0.21619190694486093,0.18476949222700567,0.029804505169491572,0.001328772004204181,0.034107169320242846,0.24544004662084828,0.021365232079594284,-0.28188051190500674,-0.39709450391524925,-0.055700319262497515,0.21244740671981097,0.2167153984596124,-0.014983732678925532,-0.23693506833813202,0.09328716994665794,0.04128229310550375,-0.2638155877955811
0.3444039544712461,0.26851356085287764,0.32817421485826626,0.716399711495964,-0.14812696092697883,-0.6353416027644648,-0.62776520784693,-0.20644720835048852,0.7737783732334125,-0.32477707697506625,1.9351233964327486,-0.23764601972024316,0.37118229532609925,1.0331831303603694,-0.23845549839850153,0.5763402776957437,-0.046558524362655854,-0.49624129220285146,0.4232248275865241,0.7251118282785862,-0.06934082712932943,-0.736413063641829,0.26881472572848525,-0.7090145475317509,0.2520492717249209,-0.4233386276333297,0.1212733479116976,0.6104548269794017,0.32166849823541205,0.46321339472851847,-0.6082702150334113,-0.9465760012472962,0.7071918101586707,0.497770693948464,0.6664759499835634,-0.06842111035691269,-0.9134054971541291,-0.7955866367651141,-0.9255940343467572,-0.6241804011502763,-0.6694119125084772,0.33562556996871656,-0.16423058726148396,0.16811320146385403,-0.3354410310253002,0.6289591353190566,0.2327818541390087,-0.3710713259731896,0.41707271165789134,0.7510857056820609,0.22886244563804162,0.2287828382111516,0.5160897566674233,0.1172148349185432,-0.11792034358091892,0.7360038300185601
-0.3320803647079816,0.6943804553926527,0.020811277062906138,-0.939250835525881,-0.28332041051966655,-0.6905470869937558,1.2521254944091837,0.29744403312027895,0.3712521573121645,-0.22851698911587504,-0.23764601972024316,1.5764499268848404,-0.32399183699670214,0.1041760582253868,0.14783053514266278,-0.7833648067436491,0.16033681430154145,-0.6935061164975888,0.87615025879175,-0.08704652785513387,-0.31739304199337975,0.6999534322173401,0.20181780060731064,0.7908425359391007,-0.4158614294736927,0.9885478006673973,-0.8224002142567413,0.05278176699652506,0.5960295488129329,-0.005338443026369303,-0.24594459354291212,-0.3193592257303701,-0.0049145215488551955,0.585163183280383,-1.0477428051741058,0.020996231629203308,0.608599224827983,-0.00217222655939289,0.36068506970199277,-0.3987304788278781,-0.065524291660852,0.23302151236805332,0.07873694432128103,0.03746321411038282,-0.32866907651878413,0.025633040001644947,0.18475348707932582,0.5066396012366735,0.14927044034529668,-0.4210990605060577,0.08254332436108365,-0.08823581560150558,0.14811449416453987,-0.2932870102629512,0.5026245662007526,-0.6446583050839917
0.4143378383252733,0.004314792100482679,0.667946675597861,-0.27153075331616505,-0.19436855168391798,-0.255542972818563,-0.0416816932076117,0.1137175973774013,0.7341980229401619,-0.18086190660242965,0.37118229532609925,-0.32399183699670214,1.2497721993246953,0.02386743052402682,-0.436331312535601,-0.45007046323536165,-0.2859462828768293,0.7373296788076927,0.462109875371844,0.7447735444315945,0.008740305979132609,0.22737432971275495,-0.24650479793390936,0.25810665891661744,0.05732297581224082,-0.053288658221472246,0.2668200260514409,0.7603244274922295,-0.28363185883127306,0.03025351838321498,0.9833761356165666,-0.016162664816117576,0.04241978851133796,-0.9819714661413962,1.426276426371328,0.6614121993651543,0.08286239709885466,0.2557363774416616,-0.4816609410451611,-0.7183812285741586,-0.38862273537221564,-0.16331270632411332,-0.7099666515825094,-0.10306664834527833,-0.513752874484433,0.18678310160011097,0.4143496446093154,0.5541258587166858,0.32035936605062193,-0.3832097877749635,-0.11353866217848589,0.5429064108758259,0.8715136384047695,0.13494747302207222,0.007814203108493716,0.8573129040789623
-0.08130670566287874,0.12364130169612862,0.10815497796881568,0.059752753020211796,-0.2409345228958159,0.3497529477132718,-0.2003863174683954,-0.07964606119885699,0.16731578762294866,-0.3974114615403305,1.0331831303603694,0.1041760582253868,0.02386743052402682,0.9213407106096041,0.16759456202516254,0.1293410957677122,0.4411544956445867,-0.055383430606966814,0.36526732661393924,0.24875759227145605,-0.008603867711587122,-0.9224156721966016,0.22234200883003138,-0.26595797331447185,-0.1100319803595798,0.3460960980970739,-0.13699819577660408,0.2828862429440261,0.1666183119563642,0.036942238588936846,-0.46405997543229277,-0.5601363308129078,0.5293965668521304,0.13812566073049576,0.599625240643584,-0.2131246369498923,-0.836051229903211,-0.3892280916199827,-0.29475186725405883,-0.25895701790355824,-0.38087983131825587,0.043135581284731724,0.13060360674298369,0.044994340449620536,-0.1018045103763687,0.3371322578968161,0.09051747535543507,0.14314202676218513,0.05980028799324423,0.1645809687452237,-0.2131327279783721,-0.06150420350849502,0.16136331370547327,-0.12967164385896032,-0.10048728033947943,0.4808507871492694
-0.5008301110153698,-0.18231602619305098,-0.28786679780575125,0.009415015222751726,-0.0680766556013459,0.7152526897216563,-0.3706895122334764,-0.3746392612876373,-0.42721043690942184,-0.017481053165815028,-0.23845549839850153,0.14783053514266278,-0.436331312535601,0.16759456202516254,0.5296977006109073,0.05715277946006189,0.4535330042408643,-0.09145688285923373,-0.19044629211480296,-0.46292894372397453,-0.051511775317688926,-0.7790267145913151,-0.07429080466533707,-0.010510233922911984,-0.6434276453894175,0.3584561290357006,-0.3485389566103568,-0.21144074536027407,-0.35126898933432793,-0.1755272377955904,-0.08251462852917195,0.4268346225072222,-0.12236493236595361,0.09323287723024748,-0.3037096453541273,-0.2899173867895776,-0.3281024261193064,-0.2971524794852371,0.08106800424808391,0.11998938526703078,0.2804286944652621,-0.39543942954287775,0.3555836800378761,0.04604393768562715,0.5195335444259925,0.1404514777561844,-0.4479816752590618,-0.057680495683838116,-0.34620568819845815,0.06869989333576443,-0.11433928570413643,-0.4030191647375567,-0.4430476039811483,-0.2218790864459412,0.18386595685044713,-0.05933542242170832
0.025256725857052926,-0.3244749078577521,-0.29511859749884606,1.1110511471741957,0.2880690545215832,0.013072221418874094,-1.053064180461585,-0.5019032352748151,-0.27698349064376093,0.25281408288460416,0.5763402776957437,-0.7833648067436491,-0.45007046323536165,0.1293410957677122,0.05715277946006189,1.0233601475563578,-0.09722489657447286,-0.500489326388094,-0.7013144391641646,-0.12843250346899468,0.10694169381729067,-0.6019452613081482,0.06205342622219408,-0.8993359791342772,0.20708354187354716,-0.9394038598968523,0.3081050793237984,-0.28554512224447404,-0.10350264651957332,0.25994070615044534,-0.6367781000318214,-0.03750960907350044,0.10773870437581035,0.6638742387818701,-0.36710299569005905,-0.4240074798381881,-0.5873781397338819,-0.6274718622790945,-0.33158957811740053,0.37382327523497516,0.059336239947542994,0.13213422248499948,0.24385094527399878,0.1483592949122671,0.4607084428534226,0.24712668370463384,-0.43308463454488055,-0.9835576262590917,-0.08086026855056679,0.9011632308149663,0.307163934094166,-0.14960874000389485,-0.4459695689829773,0.17280968953660097,-0.2083029756091935,-1.365699598559273e-4
-0.5317107182390348,-0.2479722375193722,-0.08383749894731919,-0.332525124102665,-0.16708703255533625,1.1093349262568615,-0.05049559208714908,-0.24873781662742855,-0.4355329852891659,-0.21235805112484313,-0.046558524362655854,0.16033681430154145,-0.2859462828768293,0.4411544956445867,0.4535330042408643,-0.09722489657447286,0.6632212616715247,0.1955188554726326,0.005878393028652323,-0.16742654554134861,0.1130228413607484,-0.7360950634606239,0.03403002154586935,0.04693595548786527,-0.4433681874801208,0.5529682408525377,-0.26549059261380126,-0.1531832016154824,-0.11809166440136261,-0.279110789534945,-0.20394796154068007,0.03235739388825339,0.15073025181715613,-0.019423200597672673,0.2183136995294287,-0.35804286570682486,-0.5964314692738324,-0.1401356071669836,0.33335430442936514,0.2093034646428197,-0.08113742608996165,-0.12232059851679768,0.2465260827327419,-0.06357302542482969,0.28124201283315126,0.23362610012593665,-0.3443469664174643,0.31542423004302766,-0.2446401858181139,-0.2545619790803344,-0.4480264645766114,-0.19506941522564464,-0.25749473831118125,-0.24560494678235636,-0.05349453437692779,0.08759412923886947
0.3772866181604985,-0.2592463272089862,0.18755479476565182,-0.49042454778379974,-0.11200316769317849,1.1509876830337453,0.1103632835434603,0.6122454560367119,-0.30671535499210234,-0.22209571689254015,-0.49624129220285146,-0.6935061164975888,0.7373296788076927,-0.055383430606966814,-0.09145688285923373,-0.500489326388094,0.1955188554726326,1.6767473737372665,-0.04562708247656354,0.040238902811970505,0.22035699064899486,-0.41970452055245283,-0.17199728875962764,0.28276153167442375,0.2804906525608472,0.516388927747084,0.5223606411160457,0.22883351753179482,-0.46244001797610124,-0.4767092553060131,0.9156749600022557,0.31875014425684467,0.0024209995915361873,-1.719059306852208,1.8662616908769358,0.4390563704178013,-0.08693246558987457,1.0464397523124216,0.12493738614096866,0.11763259245540188,0.12466493140213362,-0.5836310112348977,-0.11242724812896907,-0.2558227185878832,-0.23978666224337217,-0.6776104931917616,0.5743956200126474,0.8937856583123323,-0.21758558951323706,-0.7893751825612538,-0.7029104850005712,0.05333033381359953,0.27368595351756386,0.012617487736893267,-0.4266212551404757,0.7587791270632462
0.148103698110068,0.6017691363077574,0.39252185791071287,-0.7190345618447266,-0.33888942810829226,-0.6378528158839999,0.8764001029521985,0.4348081718494904,0.7234927114413404,-0.3853729803937441,0.4232248275865241,0.87615025879175,0.462109875371844,0.36526732661393924,-0.19044629211480296,-0.7013144391641646,0.005878393028652323,-0.04562708247656354,0.9680888348761618,0.44162851476692816,-0.2057541307077772,0.4059817238629481,0.14586655172889754,0.549164085199568,-0.04608118558005767,0.711337461945641,-0.34105203192399364,0.5323294671945407,0.4338488397581979,0.05319517266955617,0.13556325766313576,-0.539362392223441,0.24836828908225075,-0.11916575815443721,0.30520792310641237,0.3411213848377117,0.2570235044937421,0.15114274066093925,-0.11731425849192322,-0.6920552002130685,-0.3732113173338045,0.15412943053464753,-0.2657828369584009,-0.019940221572201357,-0.6557312147704041,0.05338148845715129,0.5655997168669923,0.6770482022837007,0.33427674161520643,-0.41846774329380093,-0.05681228396978314,0.22567802416283234,0.6584177212065135,-0.1169298134730165,0.21846772490667465,0.1592579019937764
0.13022333313776982,-0.05830413879372851,0.6572938246413792,-0.23219938769015475,-0.11582068228956643,-0.33025997985036853,0.20932821508419733,-0.1256122955495016,0.646397707679764,-0.16067316665354492,0.7251118282785862,-0.08704652785513387,0.7447735444315945,0.24875759227145605,-0.46292894372397453,-0.12843250346899468,-0.16742654554134861,0.040238902811970505,0.44162851476692816,0.9420591980687728,0.16593852051982527,0.5894159558129146,0.015389145841718143,0.005466469747824674,0.2945640720943416,-0.33883989472237847,0.18027869990418638,0.4465178954053748,0.3109928313305267,0.17638239159029656,0.09888303467807905,-0.6526594189615721,0.3364908294283945,0.06346555374586589,0.7170099529803682,0.16352441475766444,-0.20188903508323597,-0.14662370204309447,-0.07833656548885284,-0.357076869954274,-0.8184937454930346,0.6182786776006252,-0.662873129753091,-0.09103665403928005,-0.528457637897004,0.6134193871901104,0.07729897712583325,0.27250041196393443,0.5016488640088738,-0.21304200498428924,-0.09239164707926237,0.7138176170634853,0.7044974609198975,0.14598429328345314,-0.15299796857617814,0.38830202672428316
-0.11400194344613435,-0.3344951114746653,0.0912192343198165,-0.06823276866993438,0.06467784019517347,0.5076014255462821,-0.009820621929531132,-0.12142580723042556,-0.23886448146478692,0.02734157318673434,-0.06934082712932943,-0.31739304199337975,0.008740305979132609,-0.008603867711587122,-0.051511775317688926,0.10694169381729067,0.1130228413607484,0.22035699064899486,-0.2057541307077772,0.16593852051982527,0.24643170634041542,0.10455572541201943,0.0017235939600495646,-0.11791070707759345,0.1965808047415789,-0.20640270897485763,0.20835471174105685,-0.16143586871597024,0.05132884509578011,-0.0908497385994858,-0.10166052502218806,-0.12653327194510813,0.0963656965247859,0.00690915238118676,0.2591536537712153,-0.17168561134927188,-0.24548685132832193,0.06385768754712368,0.3250802600383302,0.3455799552578988,-0.23121881906305342,0.2736558292073994,-0.0969558904135666,-0.10238801482364106,0.02552468724123132,0.14693640549027906,-0.1968364492775499,0.05821084510630154,0.012940521508487296,-0.16565983576670884,-0.24142712936873673,0.19607828788357282,-0.050023965740641975,0.05068332866574117,-0.2723648537543053,0.008195795872824645
0.21468241014526632,0.2792490505161045,0.43502070495685113,-0.8368069374912055,0.15927442462513303,-1.3498987843951247,1.6092349454234443,0.46990680054028805,0.5068870836226211,0.2539641444675264,-0.736413063641829,0.6999534322173401,0.22737432971275495,-0.9224156721966016,-0.7790267145913151,-0.6019452613081482,-0.7360950634606239,-0.41970452055245283,0.4059817238629481,0.5894159558129146,0.10455572541201943,2.6121352766117005,0.07889902962807022,0.6856010619419787,0.7656071485567191,-0.3585052672523754,0.07435337560139137,-0.1388813702713764,0.9269411707432161,0.1720832959326081,0.05235409587030462,-0.5550012914986988,-0.17597788234992934,0.5576752350838452,-0.9328196881105606,0.2889340338573746,1.318734891201563,0.5698330793226742,0.8218728804159317,0.12720081663215754,-0.4644163482379122,1.146898291789149,-0.6768416567796015,-0.15838040788464428,-0.7849307047305353,-0.056704378426596,0.2573504875749009,0.28639934387275184,0.60395772683111,-0.6553335415482425,0.21457979115570963,0.8016935469843333,0.48856542046095247,0.23112192906888815,-0.00635653257071319,-0.9487693863935769
0.13839673087211307,0.2414892375826756,-0.07718032379323915,-0.019771218708957646,-3.0023210151233797e-4,-0.1836931488968931,0.359642232931441,0.3115274623895139,0.0038131388909941003,-0.1081243558668688,0.26881472572848525,0.20181780060731064,-0.24650479793390936,0.22234200883003138,-0.07429080466533707,0.06205342622219408,0.03403002154586935,-0.17199728875962764,0.14586655172889754,0.015389145841718143,0.0017235939600495646,0.07889902962807022,0.25578138174624493,-0.07998470764564697,0.35163133618573994,0.12017246196152558,0.022193755010937462,-0.07567074430859337,0.4391549394176678,0.05479103274504145,-0.4919812614680096,-0.47102421599478955,0.2522165584877959,0.28441034487964445,-0.14264666286141278,-0.12769840462598603,-0.05034355738973503,0.08448021334288425,0.10411911114128737,0.1230308971316559,-0.1044939318637974,0.2805101624234494,0.16474440836927368,0.012363027384745196,-0.21307788531959349,-0.18199173916676734,0.26288798981269373,0.0012457790455440987,0.08095895666028535,0.05666088929840114,-0.018523035709847598,-0.04141261700393177,-0.011370925095467386,3.410401835440887e-4,-0.15131978519739311,-0.16852127628416394
-0.11001843282392856,0.2771745291522965,0.18831505352931383,-0.9838009771994018,-0.21079638987451743,-0.09760739438953114,0.9660990574964466,0.37664777826728346,0.18504753107000851,-0.135630478718771,-0.7090145475317509,0.7908425359391007,0.25810665891661744,-0.26595797331447185,-0.010510233922911984,-0.8993359791342772,0.04693595548786527,0.28276153167442375,0.549164085199568,0.005466469747824674,-0.11791070707759345,0.6856010619419787,-0.07998470764564697,0.8408995505727797,-0.2579071763124379,0.7878297264168,-0.3483382668441278,0.14170198652231314,0.08757594262177747,-0.22107363171639377,0.541760596471773,0.14332626684533203,-0.20647451800555766,-0.43096262447658984,-0.019605550166175188,0.3345787668703721,0.6631572933679696,0.5141429428093642,0.37997183369148446,-0.2670249416367345,0.035530178323280856,-0.09895520409030875,-0.18363623594531686,-0.11540072954690292,-0.3174808897342303,-0.21258990167597205,0.26705796552111793,0.7755943775197947,0.04189036110594223,-0.7724072339460826,-0.1907700182467916,0.09303978376723425,0.28482404972944914,-0.16222056653964761,0.2631465818852737,-0.19429596594841195
0.8109322996373793,0.24514478945356255,0.03913763817498648,0.15792965357582237,0.22210487811357754,-0.5405013330160499,0.6233639514643301,0.8810859146985693,0.05095487107545732,0.007078335228110967,0.2520492717249209,-0.4158614294736927,0.05732297581224082,-0.1100319803595798,-0.6434276453894175,0.20708354187354716,-0.4433681874801208,0.2804906525608472,-0.04608118558005767,0.2945640720943416,0.1965808047415789,0.7656071485567191,0.35163133618573994,-0.2579071763124379,1.352741581722647,-0.4121033607616873,0.709585268736,-0.09750690918080715,0.7376089854319443,0.1287524490117551,-0.45918674327836506,-0.8115253065816105,0.35695305210028627,-0.06194521551104512,0.3709787503245389,0.1032512676075804,0.24104255163706415,0.7021891539577092,0.17693335623738432,0.4227966718332781,-0.20851623011726017,0.6281038276061599,-0.037016972312389804,-0.0868398973546761,-0.6541814888776306,-0.6930416646793643,0.798682955156605,-0.030898215257941758,0.28495788943203976,-0.006990894416586537,-0.026402116607610625,0.27416063740071894,0.21571341993126114,0.3089050665770415,-0.6254828488164613,-0.1310597808716988
-0.15563528726254172,0.48627016116656696,-0.07073111705098435,-1.0491653725334378,-0.39385016883298196,0.5117008456644375,0.9577992063354921,0.6535625145174395,-0.079636576205132,-0.45790229068717186,-0.4233386276333297,0.9885478006673973,-0.053288658221472246,0.3460960980970739,0.3584561290357006,-0.9394038598968523,0.5529682408525377,0.516388927747084,0.711337461945641,-0.33883989472237847,-0.20640270897485763,-0.3585052672523754,0.12017246196152558,0.7878297264168,-0.4121033607616873,1.528491371731692,-0.521841043415095,0.15621110368852148,0.09249331966987129,-0.4003087250249166,0.22514634028372163,0.023039270301754622,0.06248803836670976,-0.66389469348666,0.3418013433839357,0.16880696530371755,0.1856310259073977,0.584551820739827,0.2911561991663517,-0.261254470030151,0.21369804323522057,-0.4790389970543849,0.31227747808259004,-0.0849312682426067,-0.24653758441632034,-0.5174575386528346,0.5262792904715323,1.0192250566640202,-0.21561909579228702,-0.7619265618323577,-0.4688713955356045,-0.3693872894407272,0.09559032661806632,-0.3775123875319001,0.19739944683261357,0.02921900763448824
0.49680518870841467,-0.18540977154118177,0.053389806571781565,0.36540527887878044,0.18744179198788957,0.07989945616131951,-0.2129197613149418,0.28291548321779264,-0.1006051123969543,0.08626892412194537,0.1212733479116976,-0.8224002142567413,0.2668200260514409,-0.13699819577660408,-0.3485389566103568,0.3081050793237984,-0.26549059261380126,0.5223606411160457,-0.34105203192399364,0.18027869990418638,0.20835471174105685,0.07435337560139137,0.022193755010937462,-0.3483382668441278,0.709585268736,-0.521841043415095,0.6415664654964089,-0.010790625941374905,0.006259370279130177,0.023141773433089437,0.05987238256700292,-0.14353891526419996,0.11235189517438379,-0.42146462703145265,0.7077692512887483,0.11513535466818822,-0.084887662372178,0.37778523079869086,-0.07580150095114475,0.2889164498986316,-0.04842561376787787,0.10482025585024024,-0.10163678791827081,-0.07184210329456889,-0.1726201238146774,-0.33188235156239493,0.3006326430934511,-0.12149730697376923,0.057540067584848954,0.07517873592189857,-0.07752421374758578,0.1785352431011266,0.09086100318400386,0.24707703703627876,-0.4508010426458382,0.2649614132686297
0.316905844658715,0.2737999951168766,0.3897857340142641,-0.0809828140569991,-0.22161633268463654,-0.4686386404801755,-0.06557266409744737,0.11902125524858431,0.688355510668106,-0.23362488520579172,0.6104548269794017,0.05278176699652506,0.7603244274922295,0.2828862429440261,-0.21144074536027407,-0.28554512224447404,-0.1531832016154824,0.22883351753179482,0.5323294671945407,0.4465178954053748,-0.16143586871597024,-0.1388813702713764,-0.07567074430859337,0.14170198652231314,-0.09750690918080715,0.15621110368852148,-0.010790625941374905,0.6542405956079249,-0.11979216475716052,0.11828691282132825,0.497280329784848,-0.12965986341730024,0.12609966745965973,-0.4986325188468199,0.8226008690024581,0.45051416888725393,-0.015870901191746698,-0.026385663191486424,-0.6018326831691834,-0.7486132650426269,-0.22143527538428365,-0.21695120441622023,-0.3491284179343838,0.024316062910989606,-0.37901959838821153,0.13895201978285693,0.4076001637874815,0.30688365152037866,0.23370335990319333,-0.048138810295222406,0.05989044004294127,0.2086134414861615,0.6257911259371002,0.02498369455887904,0.15677634999582427,0.6333490376705633
0.2094713672509091,0.4495514534646764,0.08537426028017367,-0.3448623183188311,0.008947264167234773,-0.6774016105151835,1.0775803645537734,0.5503498743446075,0.2242280022002867,-0.13531138276849364,0.32166849823541205,0.5960295488129329,-0.28363185883127306,0.1666183119563642,-0.35126898933432793,-0.10350264651957332,-0.11809166440136261,-0.46244001797610124,0.4338488397581979,0.3109928313305267,0.05132884509578011,0.9269411707432161,0.4391549394176678,0.08757594262177747,0.7376089854319443,0.09249331966987129,0.006259370279130177,-0.11979216475716052,1.0214760526868145,0.15344093254611918,-0.8076430865566958,-1.0079357541801452,0.40551817934666423,0.7113725671961217,-0.4832853311938637,-0.15130593866326497,0.22981125968625282,0.20757590919603225,0.42990973356799683,0.1832962351360277,-0.4344363597221789,0.8814806525587829,-0.004124947952113662,-0.033803612775336916,-0.6013500321188322,-0.1479319702195568,0.43101543813431825,0.12854946209444845,0.36242986752934203,-0.134098018970231,0.007383482560660485,0.24770494873004503,0.18924487733180237,0.05396276612870989,-0.23103961461400158,-0.5254165514703094
0.16792086749165233,0.15868443061010645,0.04884000444830527,0.37376232247228913,0.06012135090131425,-0.7030237015794786,-0.17471253031590786,-0.10182982537020865,0.3406989527075844,0.07008949277896678,0.46321339472851847,-0.005338443026369303,0.03025351838321498,0.036942238588936846,-0.1755272377955904,0.25994070615044534,-0.279110789534945,-0.4767092553060131,0.05319517266955617,0.17638239159029656,-0.0908497385994858,0.1720832959326081,0.05479103274504145,-0.22107363171639377,0.1287524490117551,-0.4003087250249166,0.023141773433089437,0.11828691282132825,0.15344093254611918,0.2747765749489653,-0.19936855281606733,-0.21321253648976868,0.06326906516446003,0.4208122889662454,-0.3054910792972592,0.02462472943245682,0.04066162206536829,-0.3181111008668595,-0.32629834953384607,-0.20611079856664077,-0.10747357689327205,0.19651319533253675,-0.09617322052886697,0.10482681251403286,-0.08489342066195701,0.17967161679330562,0.02413376927733506,-0.3747309966896354,0.1929716534545935,0.39797421808535793,0.3394724687097955,0.09565885955034312,0.11860117516530483,0.10870852096363917,0.0813085495769885,-0.026362621367823455
0.15975870958347785,-0.12936141243383312,0.33362073614550974,-0.3722297959661334,-0.14077221764329104,0.11650440802382477,-0.18998971508214985,0.02450308732343173,0.29506755415000757,0.017817704925151116,-0.6082702150334113,-0.24594459354291212,0.9833761356165666,-0.46405997543229277,-0.08251462852917195,-0.6367781000318214,-0.20394796154068007,0.9156749600022557,0.13556325766313576,0.09888303467807905,-0.10166052502218806,0.05235409587030462,-0.4919812614680096,0.541760596471773,-0.45918674327836506,0.22514634028372163,0.05987238256700292,0.497280329784848,-0.8076430865566958,-0.19936855281606733,1.442949302330435,0.8514933289691675,-0.4667064270660443,-1.325959752013217,0.9864381529619124,0.715379076789954,0.46678690381586335,0.44062025961865736,-0.3289863610317092,-0.5687136581460577,0.24761161134419923,-0.7723196490869251,-0.46064022870675514,-0.09617831914614669,-0.05288916952961173,-0.12703787306547634,0.16932015822057428,0.5546808296787257,-0.07069800540354514,-0.5142756724524957,-0.0939745847670435,0.1503875809587694,0.4483086779169743,0.007791421611634049,0.27763317056010833,0.6128001569796139
-0.29085900149620947,-0.3694839914572675,-0.294414226282648,0.2001162143765115,0.07193257656282796,0.5205414175201577,-0.7904805036758525,-0.43728999576901,-0.41186047407409043,0.29102843684611024,-0.9465760012472962,-0.3193592257303701,-0.016162664816117576,-0.5601363308129078,0.4268346225072222,-0.03750960907350044,0.03235739388825339,0.31875014425684467,-0.539362392223441,-0.6526594189615721,-0.12653327194510813,-0.5550012914986988,-0.47102421599478955,0.14332626684533203,-0.8115253065816105,0.023039270301754622,-0.14353891526419996,-0.12965986341730024,-1.0079357541801452,-0.21321253648976868,0.8514933289691675,1.284710134326108,-0.6750400287326547,-0.6112633498352786,-0.16295435525867294,0.15613401672536126,0.2381067673178863,-0.025732003158336552,-0.17706484971287853,-0.015189266145714182,0.748002375945844,-0.9498589125572301,0.14327624036718978,0.04062679908720094,0.7116427830331533,-0.11902211761325503,-0.47238186567914997,-0.17005483531586113,-0.47743863518944807,0.04302696372982665,0.10012693857762926,-0.40736696665817923,-0.42279603688030953,-0.09234491415650573,0.37358863267003084,0.08163841063777408
0.12908951106267352,0.11279384247748286,0.1440502643499705,-0.011945784249026866,-0.08649353364684949,0.06353719628154587,0.16852589721189673,0.16913152367498424,0.13845015312978323,-0.24431162599612888,0.7071918101586707,-0.0049145215488551955,0.04241978851133796,0.5293965668521304,-0.12236493236595361,0.10773870437581035,0.15073025181715613,0.0024209995915361873,0.24836828908225075,0.3364908294283945,0.0963656965247859,-0.17597788234992934,0.2522165584877959,-0.20647451800555766,0.35695305210028627,0.06248803836670976,0.11235189517438379,0.12609966745965973,0.40551817934666423,0.06326906516446003,-0.4667064270660443,-0.6750400287326547,0.459706351227137,0.16766993778812175,0.43759384478675606,-0.13750644828859435,-0.4450402860508497,-0.052254132943493535,-0.019143188718675534,-0.0020188830653843815,-0.4124101782121644,0.3595032171396503,-0.0016757668206449708,-0.021275481835422404,-0.2986934182391586,0.10521797058977356,0.23311950344915847,0.12086125041568446,0.1768826577443048,0.026970131890149997,-0.17191271962315238,0.14028233493368977,0.19997414345343842,0.014959344874933342,-0.26766262629145726,0.20036388602127223
-0.5715590840997619,0.014969126925036175,-0.1828381004816294,0.4161185979865147,0.18029583780735498,-0.7233979451001805,0.01915548025527325,-0.723315786555178,0.025371368448980903,0.2328427972571296,0.497770693948464,0.585163183280383,-0.9819714661413962,0.13812566073049576,0.09323287723024748,0.6638742387818701,-0.019423200597672673,-1.719059306852208,-0.11916575815443721,0.06346555374586589,0.00690915238118676,0.5576752350838452,0.28441034487964445,-0.43096262447658984,-0.06194521551104512,-0.66389469348666,-0.42146462703145265,-0.4986325188468199,0.7113725671961217,0.4208122889662454,-1.325959752013217,-0.6112633498352786,0.16766993778812175,2.0529773523868413,-1.9432883789046298,-0.7584801363496797,-0.18635797981739183,-1.0809659027882759,0.29889430882312296,0.30801512926273117,-0.38180634675919267,1.0074547529086753,0.13482359264702154,0.18163857227175798,0.2726887029941617,0.8462462488229663,-0.8054972107034915,-0.9127934510938908,0.24030252241349592,0.6975468156595612,0.4971789992658348,0.07885268573279601,-0.4256739040993929,7.748994427039283e-4,0.1636847581396241,-0.9494872767148596
0.6172129171645324,-0.2526316908992809,0.6338179797190748,-0.27160910020569773,-0.2942084473428596,1.088600841116704,-0.32352412994347446,0.4709416516015458,0.2569927211319604,-0.5105000958926351,0.6664759499835634,-1.0477428051741058,1.426276426371328,0.599625240643584,-0.3037096453541273,-0.36710299569005905,0.2183136995294287,1.8662616908769358,0.30520792310641237,0.7170099529803682,0.2591536537712153,-0.9328196881105606,-0.14264666286141278,-0.019605550166175188,0.3709787503245389,0.3418013433839357,0.7077692512887483,0.8226008690024581,-0.4832853311938637,-0.3054910792972592,0.9864381529619124,-0.16295435525867294,0.43759384478675606,-1.9432883789046298,2.9933526775055572,0.5871494344240453,-0.7386890780847238,0.724425588938274,-0.4751055012848677,-0.4099955431476004,-0.4268335277361407,-0.5079571512038367,-0.4551774108557445,-0.24245150116703987,-0.5465324520510607,-0.20808056704981234,0.7679118981414093,1.0036742305411739,0.06566056627445581,-0.6241871021318255,-0.7798634364928346,0.3793134690025539,0.8436745868435948,0.09205042921891204,-0.5577276437982833,1.5842827420801096
