V1,V2,V3,V4,V5,V6,V7,V8,V9,V10,V11,V12,V13,V14,V15,V16,V17,V18,V19,V20,V21,V22,V23,V24,V25,V26,V27,V28,V29,V30,V31,V32,V33,V34,V35,V36,V37,V38,V39,V40,V41,V42,V43,V44,V45,V46,V47,V48,V49,V50,V51,V52,V53,V54,V55,V56
2.482343586374572,0.404996063851301,-2.1925423519723486,-0.5191773193709748,-0.7848060576314001,-3.1955694928413925,0.343031680547974,-0.09194327123423204,-1.1235322099632485,-1.486210857202455,2.6214298937054874,1.6782099476640682,-2.5085931149148433,3.7165899060281977,-0.16903033904917994,1.1303857165125772,-1.4256324023879763,-2.123903685189763,0.7104602615240844,-2.6951634317786892,-0.08590416976226775,-0.8882440181958258,2.818901682173721,2.6521548122631833,3.3390553525658335,2.047802201945936,-0.46709597033724304,-1.7066286072349972,-2.780075645399686,0.15732101892426956,2.457342962096016,1.3982221354239306,1.3651389709322799,-0.2461014577329788,1.9373989450969438,-2.281263391671389,-2.6164203952525713,-1.5342406187594309,-1.7716675177343018,-1.3168714976820568,3.134564814497395,4.048767498275831,1.270794422327397,-2.8704434289910963,-2.526849146429187,-1.6117365245598396,3.2718000201834827,-0.6922185550774533,-0.19811193900823068,-1.0115427193769613,1.961748942771669,-2.067874108006055,0.18465305123473047,-0.7004917264660516,-1.8446655674905912,-0.059459823527694036
0.404996063851301,0.337089718854067,-0.6423113379300149,-0.3071871967137227,-0.05316376119591791,-0.753046270168736,-0.022914025979525056,0.016485805843420905,0.10547856290642406,-0.43766916284219126,0.3582617973670778,0.2586252466602394,-0.37139333860730894,0.7344833043633862,0.6222908294532306,-0.09746121600254401,-0.2759389406832042,-0.24131698667710114,0.070892734804505,-0.5929568846361744,0.08950674664509087,-0.32768747242467133,1.2239247120064451,0.17285893958662604,0.22109167414550415,0.9522749568654892,0.19574890084343802,-0.3058690611081683,-0.07386365568840411,-0.352566301756394,0.09892290025032471,0.23898365668118668,0.49427049638606974,0.03408977092562804,0.660088732544803,0.042335789825377994,-1.0315283993925728,-0.12237510707275542,-0.37075642681858073,-0.828631624858796,0.4891242437622123,0.6324795537406533,0.6663713038371811,-0.3630542492751686,-0.7512172648352122,0.234625782194031,0.6678434670037413,-0.6560405268699885,-0.43298720695824006,-0.1381251637367502,0.3969178194118922,-0.4121794713484438,0.3486697257431643,0.7622740967658865,-0.6136797802438534,0.15029568716300928
-2.1925423519723486,-0.6423113379300149,2.482154680981168,0.8546840799373973,0.5112945833675329,3.1654059394195144,-0.07848485063113125,0.1664187643270047,0.6314293645639534,1.595547434594468,-2.0546341698641437,-1.3105023364652222,2.193843868741776,-3.432504188135452,-0.9774517011837138,-0.5805911440336866,1.4148743050544401,1.6703497592940926,-0.3800637447010056,2.712919263601491,-0.1998251527589891,0.986629682950073,-3.8428891990506995,-1.937526289998924,-2.4803237069641892,-2.767675228071682,-0.14985844337694115,1.706065178393635,1.964252475939274,0.5633930663717451,-1.8120081603335734,-1.4327421025577765,-1.6306932785780903,0.11887670156863048,-2.371461989961138,1.3725831817083818,3.437624323922103,1.1536868142843266,1.6307057794884632,2.141395801387338,-2.811642935810025,-3.694706458522224,-1.8894579524317614,2.471257082089047,2.813226182968809,0.5133900890419087,-3.045834215781801,1.6458585859460457,0.9133727249681012,0.9317101494740417,-1.8946919766643333,1.9311505219202703,-0.6743833948369381,-0.9619108425280355,2.2900840468562094,-0.18524332711592406
-0.5191773193709748,-0.3071871967137227,0.8546840799373973,0.39823791364176525,0.03466695598222863,0.9241419538138237,0.08630965103729196,0.0712755029304099,-0.04007297046589518,0.5223597858454552,-0.3675566954004365,-0.23589662180623322,0.5053550919842986,-0.8925477377402189,-0.7907577976235506,0.0752150373900458,0.40630071018410435,0.2951996975463396,0.020200112259389866,0.8024216599415012,-0.17699530244559344,0.3425018704036884,-1.5794998321888583,-0.25435780943574243,-0.3476734482700967,-1.1397911689960143,-0.3078846068662655,0.4913308198818971,0.20879893185866596,0.4785708471261454,-0.2388186826783243,-0.4240791003257321,-0.6004871932388967,-0.0229966830608112,-0.8845208321693478,4.6387125459303034e-4,1.3674227306774096,0.17167110946707928,0.42448950570117105,0.9990734631535164,-0.6810395438558511,-0.9212760005029109,-0.8303031306986934,0.5445341092700559,0.9552086136618536,-0.3266974954868191,-0.804367041405662,0.8962933105996921,0.5795468784306161,0.23327925929573,-0.5269048490110009,0.5111129044479611,-0.4165450597682636,-1.007838729530057,0.8614288296651745,-0.16484392466132192
-0.7848060576314001,-0.05316376119591791,0.5112945833675329,0.03466695598222863,0.3120250463332526,0.904597493558812,-0.18953628727578437,-0.011733284397105434,0.4591385430643692,0.3833542486161009,-0.9265817760563092,-0.599994994631982,0.7960804512775669,-1.1332327674252345,0.4189463459347134,-0.48624196541430637,0.3926409625059551,0.7403622950669383,-0.3208341285081878,0.7379820297010311,0.12565123539228357,0.2260764703567362,-0.44960966793094853,-0.9655874658084613,-1.1990846146611949,-0.3469752408845979,0.338677098808314,0.4608854759919875,1.0225688688374517,-0.2819559935177663,-0.8776341622045136,-0.3610622267576649,-0.2980730753980255,0.10691111461323023,-0.39233524956299304,0.922419636671324,0.4543474751550378,0.5484852323191568,0.545889462698331,0.10708547522494762,-0.9693666202248276,-1.225814220206738,-0.15567110350846872,0.9171435666156856,0.6108797576614963,0.8092832122571302,-0.9909850924321476,-0.12545519566687377,-0.18100737325242586,0.2994000678404084,-0.5649741787702766,0.6221633543189999,0.1036175055147386,0.7399305938723679,0.35769020474784163,0.09219454859704634
-3.1955694928413925,-0.753046270168736,3.1654059394195144,0.9241419538138237,0.904597493558812,4.351998787331125,-0.3169661712435718,0.1391909793702486,1.1761816179567188,2.111533788670678,-3.239429867773336,-2.0845019054647618,3.2042000605278105,-4.900131802551052,-0.5173418595370806,-1.165009627600088,1.9167731522487979,2.605805992519147,-0.7952891888482595,3.6697695997736957,-0.045328493184182514,1.3038014541641234,-4.504331000003398,-3.1386897353913366,-3.969639746874973,-3.2897115677305346,0.25704786361276,2.2890061800901993,3.2168848585109036,0.24402052011647396,-2.8885319641597333,-1.8844756198552115,-2.045940290199313,0.2450540993699058,-2.908845707589089,2.4987527737051,4.0835871001380735,1.838602195861293,2.342507940075533,2.3546768499934916,-4.042953768703943,-5.2478426572528685,-2.143395028251945,3.623948211394146,3.6336432841667965,1.4929390895210286,-4.332598630785743,1.5427743933736533,0.7257933447576748,1.3060288453610118,-2.623907718677351,2.7365171771678436,-0.5813947217482528,-0.11410614149412865,2.776201928781691,-0.08839242022182732
0.343031680547974,-0.022914025979525056,-0.07848485063113125,0.08630965103729196,-0.18953628727578437,-0.3169661712435718,0.1517070445848745,0.04604370070466512,-0.27243107546583933,-0.10385401854251242,0.4903239947545627,0.3258156931043052,-0.3474073875830963,0.46753571284168055,-0.46762907588940633,0.30819730855118416,-0.12113700581776038,-0.3787409227728648,0.22622352951872393,-0.22937469117302509,-0.13788847748737817,-0.06371923685471843,-0.14908388742910494,0.5180001332067294,0.6297085793152957,-0.07481966442859987,-0.3026623496543521,-0.13031298600237348,-0.5478192728434976,0.30704889857070156,0.45120155853892757,0.08305503539228691,0.029355321313751764,-0.06740574016858866,-0.004083923624613414,-0.5547853860872912,0.09676192933862643,-0.2877754672033146,-0.23248843047491388,0.18828868351960742,0.4015078218999971,0.48262814674414245,-0.1216300060253093,-0.40062210195762343,-0.12108664893224824,-0.590145634615946,0.4043627683857709,0.32892027822410047,0.271630563098563,-0.10942159019918893,0.20206379007173803,-0.2489778108883377,-0.1687035672638909,-0.7309769767692522,0.02695956274477316,-0.09483328656391016
-0.09194327123423204,0.016485805843420905,0.1664187643270047,0.0712755029304099,-0.011733284397105434,0.1391909793702486,0.04604370070466512,0.06376314883866967,0.047514030292705435,0.06969889336742871,-0.015106625077888909,0.010790011148609547,0.10589820239717865,-0.130091383887477,-0.1312346875907206,-0.01622016832873581,0.10057645045284627,0.0452858596657227,0.0644179209718475,0.1642288065192829,-0.06484495282839524,0.01653255586532081,-0.2796776212164304,-0.06507587286472043,-0.09943086138491714,-0.1525370191712524,-0.08381619145062841,0.14145816309703577,0.10272936962750918,0.09651899565790908,-0.10629325842171294,-0.13985985873764106,-0.08601912698375423,0.00789827666112084,-0.17513101595507577,0.03339552255702135,0.2623738827537889,0.03952743537703879,0.04657210533185155,0.13744628808292764,-0.15053055952880445,-0.22422086138195443,-0.130351325017442,0.1408195275328188,0.1622773487413288,-0.06833670407413683,-0.11291370077425081,0.18503901080427554,0.11306341378186348,0.07248014447744026,-0.10268539320536972,0.08042955467066563,-0.05457699262236924,-0.18867626039828253,0.19133060844272093,-0.012645270983871002
-1.1235322099632485,0.10547856290642406,0.6314293645639534,-0.04007297046589518,0.4591385430643692,1.1761816179567188,-0.27243107546583933,0.047514030292705435,0.8297242024958015,0.44647778583552505,-1.3043797950516338,-0.8121801545687932,1.1715974892535337,-1.542075629496673,0.8728563659919811,-0.8404688726658078,0.573313033605894,1.0956354908446728,-0.4163312464115536,1.0164798398510517,0.18823123907504616,0.2049007179965793,-0.3329860075738492,-1.5081613412390478,-1.8863501588743101,-0.1957245455017829,0.5659202389822653,0.7034928366665845,1.6845234911601792,-0.5455796694514293,-1.4436722727010316,-0.5777076326550132,-0.29584688755950306,0.19529690235986946,-0.44042670223181707,1.5226323909608204,0.4249614912877341,0.8464225919543482,0.719468695645211,-0.13601683928388547,-1.426948630901797,-1.8278075792010953,-0.019412199017102987,1.4004901986436553,0.7297899833245081,1.3503248931597465,-1.33444999601244,-0.3739166234471871,-0.41152896465245764,0.47095596379503124,-0.7870129220251483,0.8501204720338091,0.2971821881106312,1.4054125196469571,0.42398200522056756,0.2137050235964276
-1.486210857202455,-0.43766916284219126,1.595547434594468,0.5223597858454552,0.3833542486161009,2.111533788670678,-0.10385401854251242,0.06969889336742871,0.44647778583552505,1.0549743054210718,-1.4601926494414743,-0.9446480027668447,1.4802902650246215,-2.322264606761326,-0.5070854228762588,-0.43530766584560254,0.9195313615294709,1.1658173457169607,-0.3297584096211476,1.778119342009177,-0.07583195237520617,0.666644453829324,-2.411813957985351,-1.3590282681547976,-1.7252942378947236,-1.7690476597463627,-0.0035884551326224676,1.0951510688609392,1.3617873571292003,0.2745375493220909,-1.240695026241376,-0.9037711517084251,-1.0570168374536073,0.0873929792303664,-1.502075716786905,1.001918605956461,2.1571639365905586,0.8052511046453735,1.1132783503718284,1.3358200071322208,-1.8816196422327958,-2.450567642240785,-1.181398581646884,1.657422611161154,1.8281345836451146,0.4842410267477394,-2.060222039639876,0.9520867322142796,0.5074364016460481,0.6072370585562903,-1.2555256719536698,1.3001887518484665,-0.3957733576630236,-0.4202792826958767,1.434560533368863,-0.10164795369099154
2.6214298937054874,0.3582617973670778,-2.0546341698641437,-0.3675566954004365,-0.9265817760563092,-3.239429867773336,0.4903239947545627,-0.015106625077888909,-1.3043797950516338,-1.4601926494414743,2.9291255152352833,1.8947918949155298,-2.645226163215231,3.8803886584900273,-0.6832767088003942,1.358683317712793,-1.4105325372156754,-2.3422864398123004,0.9142159796315779,-2.6763524699467367,-0.24438436285601,-0.883461544542682,2.361770055519082,2.9679301973031107,3.7072936292816667,1.7683107640101612,-0.7737192705943143,-1.6658855926979597,-3.1035639663381085,0.4953756807873137,2.7038544115895466,1.3318963647819537,1.2656445348585634,-0.2945414003006961,1.7301690820190547,-2.672924420688235,-2.2337454626413202,-1.7040623429719821,-1.8651804717703502,-0.9793303280708477,3.2653310263604376,4.17005266381911,1.0074239256568662,-3.022865669989394,-2.4099590841654948,-2.1246775953822903,3.4091810099606747,-0.2384880192291918,0.1352811553213659,-1.0244672177190364,1.9901086957192309,-2.1446760143127714,-0.02120223401613183,-1.4669161882435038,-1.614839739683064,-0.15688343977992725
1.6782099476640682,0.2586252466602394,-1.3105023364652222,-0.23589662180623322,-0.599994994631982,-2.0845019054647618,0.3258156931043052,0.010790011148609547,-0.8121801545687932,-0.9446480027668447,1.8947918949155298,1.2338661750742956,-1.6867703045717584,2.495816282188658,-0.43132903511261345,0.8569411233093274,-0.8917986317500803,-1.5018655442888602,0.6092836007448795,-1.705185216199811,-0.16935929040567702,-0.5838569250188086,1.515047869407626,1.891032738662126,2.3570198436509755,1.1541312793412317,-0.505887422313514,-1.044940814383565,-1.959204220110713,0.320301812363587,1.7043220994099995,0.8269583655178543,0.8194176661239598,-0.18350546274617469,1.1016576830979443,-1.69627338061362,-1.4243977178772929,-1.086781676947878,-1.2057672429605237,-0.6451087053180669,2.0784407762136117,2.6452257077822194,0.6534120463909721,-1.9171347973085207,-1.5469204496134796,-1.3623740617053233,2.194799135259911,-0.1443848445966488,0.08915176113924636,-0.6433515538428154,1.2706248613223996,-1.3773064824449663,-0.004669783974848938,-0.9396547115584367,-1.0196324217701913,-0.09321577098523838
-2.5085931149148433,-0.37139333860730894,2.193843868741776,0.5053550919842986,0.7960804512775669,3.2042000605278105,-0.3474073875830963,0.10589820239717865,1.1715974892535337,1.4802902650246215,-2.645226163215231,-1.6867703045717584,2.54171505662053,-3.7390889087726333,0.22942713039320434,-1.172905670121029,1.4426407754886075,2.1541670351765845,-0.7097427717058882,2.714683775513565,0.08916827821781195,0.8728238984699932,-2.7818676406831746,-2.7069365837623516,-3.410250973464819,-2.005517707128631,0.48996671048059726,1.7331654056844852,2.855840204198924,-0.18971791871198943,-2.5225461020398545,-1.4250093607759968,-1.3517557058049403,0.2575925145402722,-1.9314915382642357,2.348311103480862,2.5952364119341054,1.5634813860359154,1.7775339446202152,1.2692078454590614,-3.1756452822390884,-4.106251628686971,-1.240738782163527,2.9188822097528693,2.5225412505023517,1.6702108082891396,-3.288764540268287,0.6572915099609078,0.16724370122064336,1.0308269202007752,-1.9776451493487055,2.0811802515173996,-0.15490215521711287,0.7825393223300469,1.8445717310740746,0.07739432472699623
3.7165899060281977,0.7344833043633862,-3.432504188135452,-0.8925477377402189,-1.1332327674252345,-4.900131802551052,0.46753571284168055,-0.130091383887477,-1.542075629496673,-2.322264606761326,3.8803886584900273,2.495816282188658,-3.7390889087726333,5.6260298188557165,0.08163690961974569,1.5516296689883278,-2.161779246697077,-3.1243130335202522,1.0300400523557494,-4.1182799693672925,-0.06934599227758576,-1.4169192968156679,4.615750660126636,3.8398197589303935,4.838270713775232,3.377395124922028,-0.5536472447934008,-2.5786609754810965,-3.977129884281592,0.03785471732110268,3.53383744828915,2.1100977409336137,2.1809201924805928,-0.33209801520183974,3.081818499963267,-3.206757140418578,-4.233601021137493,-2.2324498361661536,-2.689953079257313,-2.2824429682683665,4.686679314328453,6.057746121507678,2.1372863646870175,-4.250770913260918,-3.9574136098834636,-2.153894979338881,4.962884677219009,-1.3218622825505,-0.5056797160484879,-1.505887424509954,2.978512696176918,-3.1330237597649546,0.4379913163524837,-0.5935532024915026,-2.930255041188071,-0.00907195734950416
-0.16903033904917994,0.6222908294532306,-0.9774517011837138,-0.7907577976235506,0.4189463459347134,-0.5173418595370806,-0.46762907588940633,-0.1312346875907206,0.8728563659919811,-0.5070854228762588,-0.6832767088003942,-0.43132903511261345,0.22942713039320434,0.08163690961974569,2.3699837656989637,-0.9722810192447926,-0.20524605722724498,0.5681947315186524,-0.5168255415399455,-0.4927507747328734,0.5548159174945286,-0.39606791450269846,2.6319699007873787,-1.041635750846028,-1.2358567937289204,1.9007751381081845,1.1824822802477688,-0.2554834858187674,1.2664368459105506,-1.4672340455156188,-0.965901101679327,0.2664287037181696,0.8098990038412718,0.23175640680936488,1.2314261817524168,1.5222122380144922,-2.157239230792076,0.5320753280661844,-0.03939444632125075,-1.983111561038597,-0.14725685488388635,-0.07631823594158489,1.527411582201262,0.3641949359059362,-1.046698454469036,2.001042018043065,0.12608268884511345,-2.0910200181284586,-1.5193065604111744,0.013614901890178402,0.19705008249093908,-0.08563384163217455,1.0696232012921456,3.338429006434969,-1.2228421471753776,0.5133116104177933
1.1303857165125772,-0.09746121600254401,-0.5805911440336866,0.0752150373900458,-0.48624196541430637,-1.165009627600088,0.30819730855118416,-0.01622016832873581,-0.8404688726658078,-0.43530766584560254,1.358683317712793,0.8569411233093274,-1.172905670121029,1.5516296689883278,-0.9722810192447926,0.868080865649856,-0.5497160218217908,-1.1235504066104618,0.46918435938642666,-0.9832437214836586,-0.22924347577109255,-0.20936635750508506,0.21704175308128376,1.5432190748491255,1.9208675208791868,0.13658368094688145,-0.6322525571271596,-0.6647440330671802,-1.7065855698231143,0.6157133558040735,1.4535110510746774,0.53340192536069575,0.27019429586686794,-0.199423626462094,0.3768050398909198,-1.5722033562239572,-0.31975798143799017,-0.8648422589814303,-0.7316215692499948,0.2035083246385326,1.417768947909325,1.7997717054240494,-0.03947498667167875,-1.3936581032364337,-0.6867942787332472,-1.4428841475162397,1.342935005611958,0.47883329722676854,0.48335609376554634,-0.4557721083375275,0.7732621177023262,-0.8509396902308068,-0.3345183207545958,-1.556638227332749,-0.3506315991429382,-0.22792728445838936
-1.4256324023879763,-0.2759389406832042,1.4148743050544401,0.40630071018410435,0.3926409625059551,1.9167731522487979,-0.12113700581776038,0.10057645045284627,0.573313033605894,0.9195313615294709,-1.4105325372156754,-0.8917986317500803,1.4426407754886075,-2.161779246697077,-0.20524605722724498,-0.5497160218217908,0.8748715071629022,1.1604778321485345,-0.31144521172456796,1.6489319270537648,-0.04178189605418927,0.5438924076412163,-1.9870333322109826,-1.4225985658838396,-1.8082764662108215,-1.4132604405682343,0.10115465340997636,1.0603656348910355,1.494579928958041,0.10639488786789031,-1.3445228947595937,-0.8879522414462021,-0.889849762657201,0.12029697071420598,-1.301188175248035,1.151402753262296,1.81888215415627,0.8307106825080719,1.0216537898777072,1.0034626775881474,-1.826301839293892,-2.386877997085559,-0.9304876151813493,1.652430143931822,1.606056842827376,0.6729616200232795,-1.9072663616020324,0.691642234880385,0.3196858214160379,0.6063338564822828,-1.1752239132630757,1.211232802394372,-0.23592675217646114,-0.03264340062590234,1.2578300183421653,-0.02258292766086371
-2.123903685189763,-0.24131698667710114,1.6703497592940926,0.2951996975463396,0.7403622950669383,2.605805992519147,-0.3787409227728648,0.0452858596657227,1.0956354908446728,1.1658173457169607,-2.3422864398123004,-1.5018655442888602,2.1541670351765845,-3.1243130335202522,0.5681947315186524,-1.1235504066104618,1.1604778321485345,1.894735008261896,-0.7025309510815686,2.1803923795759714,0.17807132285443317,0.6851250934940184,-1.9029355390065223,-2.4210063613911434,-3.0322965848812125,-1.3927075778729292,0.6119548529285102,1.3840539213769285,2.5617107441074407,-0.39908295421185624,-2.2356709457273554,-1.1202575821880412,-1.0087214205583623,0.24729975019692035,-1.4088303308931038,2.1925989332473086,1.8143273924933627,1.3882329958590678,1.4918157123495401,0.7597980052531594,-2.6649866033206306,-3.4179403056880653,-0.7992337248909744,2.4789090787816668,1.943492195097526,1.7216270187742861,-2.7414590889904233,0.2024942326990862,-0.1084947217347336,0.8502785924589691,-1.6173170245844721,1.7301685571166898,0.033819532388321014,1.194125437695302,1.3287598259615654,0.13987228905079607
0.7104602615240844,0.070892734804505,-0.3800637447010056,0.020200112259389866,-0.3208341285081878,-0.7952891888482595,0.22622352951872393,0.0644179209718475,-0.4163312464115536,-0.3297584096211476,0.9142159796315779,0.6092836007448795,-0.7097427717058882,1.0300400523557494,-0.5168255415399455,0.46918435938642666,-0.31144521172456796,-0.7025309510815686,0.37323273642373545,-0.6067812652155066,-0.17727260293237893,-0.21562141869125018,0.2329981297581367,0.9094367194904844,1.1141014509989575,0.23205568330738288,-0.40347638594711654,-0.3460639191998591,-0.9338198366913414,0.3554492086709518,0.7869986021340953,0.2471787748115138,0.23219818989885002,-0.09942635841937704,0.25475223909528444,-0.8897644107145292,-0.2494487525436832,-0.5147953464863337,-0.5096603210121129,-0.004172679514046029,0.8469397868092013,1.0432828682749786,0.056237097325427754,-0.8013265932807931,-0.48399100289152375,-0.8584795571120076,0.9017788623795655,0.2686766815065498,0.2675792813801294,-0.24000989491470967,0.4827671543921216,-0.5582054352699436,-0.14349762805556204,-0.8816998186795362,-0.20632701895929215,-0.10018524181304968
-2.6951634317786892,-0.5929568846361744,2.712919263601491,0.8024216599415012,0.7379820297010311,3.6697695997736957,-0.22937469117302509,0.1642288065192829,1.0164798398510517,1.778119342009177,-2.6763524699467367,-1.705185216199811,2.714683775513565,-4.1182799693672925,-0.4927507747328734,-0.9832437214836586,1.6489319270537648,2.1803923795759714,-0.6067812652155066,3.1320647816415743,-0.08133186448405384,1.0747971003898031,-3.8753877032051745,-2.6407683964046673,-3.352636098951907,-2.7882193578780403,0.1609538282306565,1.9865230440207269,2.7394134707611917,0.25515577555979546,-2.468541710365022,-1.6537601235310446,-1.7328656247760308,0.2109519668198412,-2.5058293966823926,2.0985465304676167,3.5243798923684158,1.5468062311175745,1.955905510359745,2.0087731347691222,-3.4368694520911625,-4.482941731578532,-1.8373715636385775,3.0893107839578224,3.0918250821605033,1.1991224318112035,-3.6386861726477284,1.3812453320987763,0.6624230043311712,1.1292836965104849,-2.229872437399333,2.305623271106848,-0.5034684539442573,-0.19391066397475648,2.4106576323303095,-0.07438635183262668
-0.08590416976226775,0.08950674664509087,-0.1998251527589891,-0.17699530244559344,0.12565123539228357,-0.045328493184182514,-0.13788847748737817,-0.06484495282839524,0.18823123907504616,-0.07583195237520617,-0.24438436285601,-0.16935929040567702,0.08916827821781195,-0.06934599227758576,0.5548159174945286,-0.22924347577109255,-0.04178189605418927,0.17807132285443317,-0.17727260293237893,-0.08133186448405384,0.15554421827905332,-0.045947693025614564,0.5670749423771336,-0.28047243094637847,-0.3265143533602876,0.3749418977567611,0.30742288521745553,-0.06639417514965967,0.30387432829594335,-0.35646692084955234,-0.22836411766243597,0.0818918371418786,0.15108631810250986,0.05077168852615923,0.2667336363808397,0.3774302830707746,-0.47322625267782537,0.14737450623982368,0.04359170101080106,-0.4147562024352094,-0.07203020177620117,-0.05059814420368123,0.3242515231408388,0.10809612748946505,-0.194609384409055,0.5082326897256597,-0.051709293406281824,-0.4976441010225871,-0.36118655623550117,2.624968944874956e-4,0.016467813899990812,0.02529836158441923,0.23493953957140515,0.8058789609633211,-0.28058554685671266,0.11038136860566265
-0.8882440181958258,-0.32768747242467133,0.986629682950073,0.3425018704036884,0.2260764703567362,1.3038014541641234,-0.06371923685471843,0.01653255586532081,0.2049007179965793,0.666644453829324,-0.883461544542682,-0.5838569250188086,0.8728238984699932,-1.4169192968156679,-0.39606791450269846,-0.20936635750508506,0.5438924076412163,0.6851250934940184,-0.21562141869125018,1.0747971003898031,-0.045947693025614564,0.44151240840176825,-1.5465877372130628,-0.7683332465420255,-0.9712021951119453,-1.1623955100476335,-0.027659323376544417,0.6361645506802979,0.7349004083111866,0.21134266229605983,-0.6739349450864576,-0.5153130682138849,-0.6773620820618351,0.037148351034574985,-0.9375462245665988,0.528218979322299,1.3642314172689207,0.45994880571389984,0.6882297717779541,0.8988736643135229,-1.109331862859228,-1.4359075569928788,-0.7760229419330092,0.9580407327568408,1.1420386131804223,0.22520049518770716,-1.2617584432478512,0.6330592427893451,0.3541669486360728,0.34654544967252815,-0.7571385960413136,0.7914602527910058,-0.2881717881964313,-0.36765847710527244,0.8846428570593065,-0.08949438157131416
2.818901682173721,1.2239247120064451,-3.8428891990506995,-1.5794998321888583,-0.44960966793094853,-4.504331000003398,-0.14908388742910494,-0.2796776212164304,-0.3329860075738492,-2.411813957985351,2.361770055519082,1.515047869407626,-2.7818676406831746,4.615750660126636,2.6319699007873787,0.21704175308128376,-1.9870333322109826,-1.9029355390065223,0.2329981297581367,-3.8753877032051745,0.5670749423771336,-1.5465877372130628,6.584469351717551,1.9842312133802307,2.5912746833128883,4.759708826087864,0.8542538479974581,-2.394560947114516,-1.8800104615631978,-1.5688578907754203,1.8469081156833236,2.034416747612034,2.627767611341427,-0.024339753477558748,3.8373352630016755,-0.9597437719442347,-5.773404051133885,-1.2318139063330802,-2.1977191602432042,-3.970719322254937,3.645012556535425,4.849155245709585,3.3733478146815714,-3.0665945440108087,-4.328241652167078,0.43789516664385536,4.127297341709953,-3.3532519767112494,-2.0635915542679184,-1.221320994203077,2.6257911118616817,-2.61746537475892,1.502335772133257,3.149318351673348,-3.718357488774924,0.5392272680703517
2.6521548122631833,0.17285893958662604,-1.937526289998924,-0.25435780943574243,-0.9655874658084613,-3.1386897353913366,0.5180001332067294,-0.06507587286472043,-1.5081613412390478,-1.3590282681547976,2.9679301973031107,1.891032738662126,-2.7069365837623516,3.8398197589303935,-1.041635750846028,1.5432190748491255,-1.4225985658838396,-2.4210063613911434,0.9094367194904844,-2.6407683964046673,-0.28047243094637847,-0.7683332465420255,1.9842312133802307,3.1534839682437354,3.9469047983729166,1.4292805400392028,-0.9080630393127305,-1.7060951704899097,-3.383863989350817,0.6941610426347283,2.937120956028762,1.3836515919988543,1.1233136126894292,-0.34511370220821547,1.5799721441913808,-2.9456509088678673,-1.9523289796705676,-1.7977904663651696,-1.8251990744867645,-0.6397423106058769,3.3347828655562344,4.27333771728236,0.7649818098088423,-3.1428422836562193,-2.25398477379046,-2.4066874055773044,3.358935601434459,0.029723208458437737,0.3426081219271308,-1.0709143301356803,1.9787388522371236,-2.1236141393596153,-0.20280674213615554,-1.942390671181976,-1.4930091797522207,-0.25428331865678433
3.3390553525658335,0.22109167414550415,-2.4803237069641892,-0.3476734482700967,-1.1990846146611949,-3.969639746874973,0.6297085793152957,-0.09943086138491714,-1.8863501588743101,-1.7252942378947236,3.7072936292816667,2.3570198436509755,-3.410250973464819,4.838270713775232,-1.2358567937289204,1.9208675208791868,-1.8082764662108215,-3.0322965848812125,1.1141014509989575,-3.352636098951907,-0.3265143533602876,-0.9712021951119453,2.5912746833128883,3.9469047983729166,4.945477599742007,1.854251850764251,-1.0978685537380302,-2.1740332370925386,-4.241417607874087,0.822921658628431,3.6877127786643626,1.7703596894041471,1.4388758604770941,-0.43044053703435114,2.03883685451241,-3.6719276170786626,-2.5401310645974915,-2.2516233034197524,-2.295948180728582,-0.8637918334321706,4.208252149589299,5.402179055102576,1.012112853173654,-3.9625168455713746,-2.876214700823323,-2.9649738597912383,4.232909339877072,-0.03977427979622902,0.3781410136714756,-1.358002952420613,2.5045091209529975,-2.678537058539469,-0.22450361622913514,-2.3343390494513327,-1.9340032527474817,-0.30754027834762104
2.047802201945936,0.9522749568654892,-2.767675228071682,-1.1397911689960143,-0.3469752408845979,-3.2897115677305346,-0.07481966442859987,-0.1525370191712524,-0.1957245455017829,-1.7690476597463627,1.7683107640101612,1.1541312793412317,-2.005517707128631,3.377395124922028,1.9007751381081845,0.13658368094688145,-1.4132604405682343,-1.3927075778729292,0.23205568330738288,-2.7882193578780403,0.3749418977567611,-1.1623955100476335,4.759708826087864,1.4292805400392028,1.854251850764251,3.488342187480729,0.5825976993122505,-1.683742296180061,-1.311136948029744,-1.1161209903515112,1.286452944967909,1.4122208038899882,1.9210576283157312,-0.0078987450700157991,2.758342270921741,-0.6764202347496195,-4.154999984476132,-0.8896063654861723,-1.622877822866425,-2.905393725766629,2.6184256732253584,3.4619275516880017,2.4532174563125193,-2.1862041504424403,-3.14072449525536,0.29213318340000155,3.0239487779671035,-2.392620457755075,-1.4761780513220137,-0.8566122073761321,1.895677458756495,-1.9093305315641087,1.1008854319340173,2.2504162951099165,-2.652402981764315,0.4034714524920217
-0.46709597033724304,0.19574890084343802,-0.14985844337694115,-0.3078846068662655,0.338677098808314,0.25704786361276,-0.3026623496543521,-0.08381619145062841,0.5659202389822653,-0.0035884551326224676,-0.7737192705943143,-0.505887422313514,0.48996671048059726,-0.5536472447934008,1.1824822802477688,-0.6322525571271596,0.10115465340997636,0.6119548529285102,-0.40347638594711654,0.1609538282306565,0.30742288521745553,-0.027659323376544417,0.8542538479974581,-0.9080630393127305,-1.0978685537380302,0.5825976993122505,0.6714261622684111,0.10299791052782707,1.007967729261023,-0.7515607690194115,-0.8118029437371944,-0.04310217423864952,0.1724492066922751,0.14384520758717856,0.3161440894604337,1.0775557567749252,-0.6661545149134804,0.49235702546825494,0.27374398186625404,-0.7425798660594207,-0.5376531267765408,-0.6238453364492016,0.5412777661689321,0.5936189113946491,-0.11761151818419242,1.237577046417335,-0.46403824489871287,-0.9355269581729796,-0.7211999048277535,0.142704524168288,-0.20083582072302691,0.284716005501708,0.4832645087436229,1.752135182786327,-0.3396563788131696,0.250002168517426
-1.7066286072349972,-0.3058690611081683,1.706065178393635,0.4913308198818971,0.4608854759919875,2.2890061800901993,-0.13031298600237348,0.14145816309703577,0.7034928366665845,1.0951510688609392,-1.6658855926979597,-1.044940814383565,1.7331654056844852,-2.5786609754810965,-0.2554834858187674,-0.6647440330671802,1.0603656348910355,1.3840539213769285,-0.3460639191998591,1.9865230440207269,-0.06639417514965967,0.6361645506802979,-2.394560947114516,-1.7060951704899097,-2.1740332370925386,-1.683742296180061,0.10299791052782707,1.2930540565349902,1.8091827404229133,0.1402308242774012,-1.6304217877402436,-1.0906907054680852,-1.0622624614810419,0.1475457489647336,-1.5726625767214164,1.3838672650731998,2.198550237741655,0.995658937580606,1.2125808928132706,1.197254205045821,-2.1985120182124467,-2.8826822738521902,-1.116353582524478,1.9947838353375826,1.9267444865466472,0.790802347327215,-2.2734431338072545,0.8504372572202521,0.39546067746179386,0.7385171590929149,-1.4124428581453985,1.447244746962601,-0.2809080794924768,-0.06164257104417052,1.5287218537013805,-0.023337079286338113
-2.780075645399686,-0.07386365568840411,1.964252475939274,0.20879893185866596,1.0225688688374517,3.2168848585109036,-0.5478192728434976,0.10272936962750918,1.6845234911601792,1.3617873571292003,-3.1035639663381085,-1.959204220110713,2.855840204198924,-3.977129884281592,1.2664368459105506,-1.7065855698231143,1.494579928958041,2.5617107441074407,-0.9338198366913414,2.7394134707611917,0.30387432829594335,0.7349004083111866,-1.8800104615631978,-3.383863989350817,-4.241417607874087,-1.311136948029744,1.007967729261023,1.8091827404229133,3.68021100955605,-0.8205603053216365,-3.19068624498461,-1.4808199249442546,-1.0960019937220602,0.3873353167949476,-1.5756708049283192,3.2133043122057257,1.8986724619896458,1.922666313963529,1.8771589579105197,0.4897166727533053,-3.516833493875637,-4.518177012869464,-0.6731965548536931,3.344777176005181,2.2704752655618843,2.6475751413494364,-3.4706979060368908,-0.1597400810247747,-0.45860765172212975,1.1456223394310778,-2.058885840366207,2.2012878624316476,0.30579533827644073,2.260189856663751,1.503122311315935,0.3169133522649012
0.15732101892426956,-0.352566301756394,0.5633930663717451,0.4785708471261454,-0.2819559935177663,0.24402052011647396,0.30704889857070156,0.09651899565790908,-0.5455796694514293,0.2745375493220909,0.4953756807873137,0.320301812363587,-0.18971791871198943,0.03785471732110268,-1.4672340455156188,0.6157133558040735,0.10639488786789031,-0.39908295421185624,0.3554492086709518,0.25515577555979546,-0.35646692084955234,0.21134266229605983,-1.5688578907754203,0.6941610426347283,0.822921658628431,-1.1161209903515112,-0.7515607690194115,0.1402308242774012,-0.8205603053216365,0.9152799705156591,0.6283172217731129,-0.1570340731264858,-0.46533721593515526,-0.14460423172257575,-0.7271356752645739,-0.9791959093516424,1.2862164948371129,-0.3587681856978945,-0.022901479696672663,1.1859141699647333,0.14759999975193946,0.11260540087041283,-0.9125849420134196,-0.27135700369764787,0.5917389308112861,-1.2760706577444407,0.0014309237147392948,1.2881629923010947,0.9395037308805863,-0.0193893955767203,-0.08344031407543985,0.005671412837849701,-0.6515157122113111,-2.0842352428202044,0.7306405982719669,-0.3133302465266374
2.457342962096016,0.09892290025032471,-1.8120081603335734,-0.2388186826783243,-0.8776341622045136,-2.8885319641597333,0.45120155853892757,-0.10629325842171294,-1.4436722727010316,-1.240695026241376,2.7038544115895466,1.7043220994099995,-2.5225461020398545,3.53383744828915,-0.965901101679327,1.4535110510746774,-1.3445228947595937,-2.2356709457273554,0.7869986021340953,-2.468541710365022,-0.22836411766243597,-0.6739349450864576,1.8469081156833236,2.937120956028762,3.6877127786643626,1.286452944967909,-0.8118029437371944,-1.6304217877402436,-3.19068624498461,0.6283172217731129,2.7760312012880712,1.340824183421253,1.0253919566306746,-0.3297896940689851,1.4844828499074303,-2.7548779856026657,-1.833938434926143,-1.672587844410338,-1.6661150302036316,-0.5637690569704695,3.1166998730783884,4.014475505323763,0.6987512538886842,-2.951045795292603,-2.0859368842583845,-2.2148950916666648,3.086926732633518,-0.0023221898721561152,0.30355126490968376,-1.0201990239561511,1.8427388646882215,-1.959314905974928,-0.20177193473580252,-1.780763233095348,-1.4219481617307883,-0.2488288865352745
1.3982221354239306,0.23898365668118668,-1.4327421025577765,-0.4240791003257321,-0.3610622267576649,-1.8844756198552115,0.08305503539228691,-0.13985985873764106,-0.5777076326550132,-0.9037711517084251,1.3318963647819537,0.8269583655178543,-1.4250093607759968,2.1100977409336137,0.2664287037181696,0.53340192536069575,-0.8879522414462021,-1.1202575821880412,0.2471787748115138,-1.6537601235310446,0.0818918371418786,-0.5153130682138849,2.034416747612034,1.3836515919988543,1.7703596894041471,1.4122208038899882,-0.04310217423864952,-1.0906907054680852,-1.4808199249442546,-0.1570340731264858,1.340824183421253,0.9287577780965168,0.8853911343749709,-0.12013780414515546,1.3308988972518334,-1.1119560779043207,-1.8693599966411547,-0.8083847767690698,-0.9861415883724726,-1.0184102907146475,1.814871591279866,2.3912710487132616,0.9494393265781239,-1.6476981162010476,-1.6071415857976519,-0.5950879322800015,1.8597768363446356,-0.7622316027478835,-0.36756761881047484,-0.6189306641737886,1.1694430847355692,-1.187503607606191,0.2502992202381271,0.13917269631212045,-1.3026209929649584,0.025601417956705185
1.3651389709322799,0.49427049638606974,-1.6306932785780903,-0.6004871932388967,-0.2980730753980255,-2.045940290199313,0.029355321313751764,-0.08601912698375423,-0.29584688755950306,-1.0570168374536073,1.2656445348585634,0.8194176661239598,-1.3517557058049403,2.1809201924805928,0.8098990038412718,0.27019429586686794,-0.889849762657201,-1.0087214205583623,0.23219818989885002,-1.7328656247760308,0.15108631810250986,-0.6773620820618351,2.627767611341427,1.1233136126894292,1.4388758604770941,1.9210576283157312,0.1724492066922751,-1.0622624614810419,-1.0960019937220602,-0.46533721593515526,1.0253919566306746,0.8853911343749709,1.1020077262856096,-0.049322090308322485,1.579519962401102,-0.7219170458585386,-2.323274080834328,-0.6775433083680467,-1.0448870505351013,-1.5282467565301614,1.7391241494301088,2.282343400789184,1.320246791434797,-1.4994230603845078,-1.8569486492199163,-0.16817867722420862,1.942234050579488,-1.187787931643063,-0.6903531181254358,-0.5670089212627576,1.2018858126394858,-1.2269641473013817,0.5208665412717124,0.8670316841885398,-1.5160894738125166,0.16712444039375668
-0.2461014577329788,0.03408977092562804,0.11887670156863048,-0.0229966830608112,0.10691111461323023,0.2450540993699058,-0.06740574016858866,0.00789827666112084,0.19529690235986946,0.0873929792303664,-0.2945414003006961,-0.18350546274617469,0.2575925145402722,-0.33209801520183974,0.23175640680936488,-0.199423626462094,0.12029697071420598,0.24729975019692035,-0.09942635841937704,0.2109519668198412,0.05077168852615923,0.037148351034574985,-0.024339753477558748,-0.34511370220821547,-0.43044053703435114,-0.0078987450700157991,0.14384520758717856,0.1475457489647336,0.3873353167949476,-0.14460423172257575,-0.3297896940689851,-0.12013780414515546,-0.049322090308322485,0.04644495957656442,-0.07295759295921182,0.3569513073391186,0.05283692531023518,0.1927356726561486,0.1549200087342849,-0.06535475899188456,-0.31133966913341443,-0.39676550457165977,0.023476490172515616,0.30954670932212136,0.1388998893868626,0.3283562991410752,-0.28638017371830166,-0.11877407396962383,-0.11655025256605613,0.10212104579058051,-0.16667295591933182,0.1823436463590682,0.08366603866710597,0.36450565942152086,0.06955517044413027,0.055528291183397104
1.9373989450969438,0.660088732544803,-2.371461989961138,-0.8845208321693478,-0.39233524956299304,-2.908845707589089,-0.004083923624613414,-0.17513101595507577,-0.44042670223181707,-1.502075716786905,1.7301690820190547,1.1016576830979443,-1.9314915382642357,3.081818499963267,1.2314261817524168,0.3768050398909198,-1.301188175248035,-1.4088303308931038,0.25475223909528444,-2.5058293966823926,0.2667336363808397,-0.9375462245665988,3.8373352630016755,1.5799721441913808,2.03883685451241,2.758342270921741,0.3161440894604337,-1.5726625767214164,-1.5756708049283192,-0.7271356752645739,1.4844828499074303,1.3308988972518334,1.579519962401102,-0.07295759295921182,2.3110943599272264,-1.0033692419119153,-3.4054331853329876,-0.9537321734645999,-1.462293561916889,-2.2112989114174115,2.4986532085871365,3.3037901425693494,1.9198494091160767,-2.1629967330087427,-2.6755762043893316,-0.15651295148597277,2.7421584096267404,-1.7921091319781224,-1.0481455722983115,-0.8359381807290256,1.7271228478350156,-1.7405423129570465,0.7626882844580728,1.3659355190791065,-2.2394644942573776,0.24120516268522718
-2.281263391671389,0.042335789825377994,1.3725831817083818,4.6387125459303034e-4,0.922419636671324,2.4987527737051,-0.5547853860872912,0.03339552255702135,1.5226323909608204,1.001918605956461,-2.672924420688235,-1.69627338061362,2.348311103480862,-3.206757140418578,1.5222122380144922,-1.5722033562239572,1.151402753262296,2.1925989332473086,-0.8897644107145292,2.0985465304676167,0.3774302830707746,0.528218979322299,-0.9597437719442347,-2.9456509088678673,-3.6719276170786626,-0.6764202347496195,1.0775557567749252,1.3838672650731998,3.2133043122057257,-0.9791959093516424,-2.7548779856026657,-1.1119560779043207,-0.7219170458585386,0.3569513073391186,-1.0033692419119153,2.9042686967668034,1.0669886947601408,1.661950271504094,1.519908498237754,-0.008668201966566355,-2.858991165767831,-3.6394607024759997,-0.2265769262676934,2.759934886470197,1.6145295392189738,2.5675879966704076,-2.7889555690526193,-0.5840620759072032,-0.6973433577387128,0.9149383634322131,-1.6170899892711903,1.764018445974739,0.46588614896301256,2.5384810520706416,0.937979994109603,0.3578972581655799
