V1,V2,V3,V4,V5,V6,V7,V8,V9,V10,V11,V12,V13,V14,V15,V16,V17,V18,V19,V20,V21,V22,V23,V24,V25,V26,V27,V28,V29,V30,V31,V32,V33,V34,V35,V36,V37,V38,V39,V40,V41,V42,V43,V44,V45,V46,V47,V48,V49,V50,V51,V52,V53,V54,V55,V56
7.339360084208406,-0.5293264733027521,1.4124076867838782,-1.0185307099691077,-6.286450651090275,-4.241233793960991,-4.137289429217673,-0.310792988316173,-0.5959494197386486,3.622979618191747,2.603925906252539,-0.7020524747482331,1.1934734691470104,0.4266377087054154,-0.35684425630696387,-1.8377485909589664,-0.10164726589431905,-3.7763969915951647,-1.5170601199871623,-1.4617407496859742,-5.856249796708017,-1.293614634714235,1.8905111718681111,-2.1709810318977647,2.240996514612212,-1.91720839949762,-2.866466252249327,-1.1771486647179288,-0.4599694695453978,0.4558508241097937,-1.551241609380157,-3.2922791583278013,-5.430538455107534,-4.3074310514782645,2.7673708991472465,0.9001679629344895,-2.7480958889622475,-1.324133336536107,0.46512484560844536,1.3211664350542844,0.6660555160080731,-0.7810993643905589,2.5120391689858916,-2.1663275937708875,3.57911115529584,-0.6094966626621723,1.5103973863213738,1.2323905723801611,-2.3107891294966376,-1.6558177325079668,2.3934470971073987,-1.2852684023358267,-0.18724640197244322,-3.088475826049451,-3.731391377731519,0.055405488312531406
-0.5293264733027521,0.42922339265517956,0.5664396568999355,0.48936008380356966,0.5830921327689108,0.921898512620621,-0.13251887807546014,-0.5120428544171555,0.4059237041357656,-0.0502776437997836,-1.0336422953170126,-0.46680290484842546,-0.47644622261246217,0.10175687403587548,0.8575134036004509,0.39216161836466157,0.50410900890864,0.48980139859794913,-0.04477488036633113,1.5907766295550552,0.5526835952525395,0.310926550658412,-0.8873609165495008,-0.6780305531039968,0.24598344052685137,-0.1027207092384409,-0.10896481301175513,0.2842498840741918,-0.13498364685234132,0.2912301088902874,-0.31526965113006206,0.8281535313426032,1.2333941922760256,0.3127641695974682,-0.7385669662884498,0.5582793127087478,0.596753019861002,-0.45326585304846834,-0.2085395065074912,0.2079551860425061,0.1901700457895955,-0.8281192552686006,-0.1532277031698521,-0.08140053456167158,-1.3378253359927887,-0.4567153593715237,0.5272047784222833,0.45521442212329694,-0.4210741518739292,0.36108161402530997,-0.10069241053527231,-0.3891126485281819,0.21330538965465537,0.3568090492932946,-0.09769567087758778,0.9700635087735419
1.4124076867838782,0.5664396568999355,1.4139910119878354,0.5149758131658788,-0.9885206244217148,0.23695795505475384,-1.5321047153367513,-0.9736459804215478,0.5068220057768371,1.057528171162541,-0.9442283788654112,-1.0193737766683866,-0.4375127906690283,0.3087770136301583,1.3526274129842233,0.09010923869411412,0.8294765644474549,-0.3548326179751524,-0.5559609764938414,2.2573666514795505,-0.9034561060072759,0.12398876667455273,-0.9201054222115791,-1.8446399233747197,1.1269784131250573,-0.7807681985244411,-1.0911151197750304,0.11403921131503716,-0.37559875433959533,0.6411108003445493,-1.0282850362322946,0.3766389889096936,0.39432665939707795,-0.8252992505463265,-0.388649168042241,1.2388733871670492,0.15253888791068484,-1.1931952540192765,-0.20947397139224483,0.7719255167967276,0.5348000526145571,-1.661669209763983,0.5319168595384524,-0.8237082670333111,-1.1573034997178375,-0.9727344925118835,1.3774067805247583,1.16651553531534,-1.4488396718766041,0.09420153388562376,0.5830983126928063,-1.0704135182037398,0.3055764058362486,-0.36491799255672985,-1.3447872207859644,1.6760188752978287
-1.0185307099691077,0.48936008380356966,0.5149758131658788,0.5846579109426929,1.0084340059947667,1.2455610817707532,0.11831457506887626,-0.527409629946428,0.47462367643142134,-0.2798857935195424,-1.2599139814416132,-0.4527253030343204,-0.5809984758442226,0.08262311074417736,0.9331248907880553,0.5315256623548792,0.5426425091445836,0.7567631113944312,0.04412790970145835,1.7834856567532669,0.9552230731286954,0.4157955379136498,-1.0631584855181115,-0.5887634534603271,0.11824897141477894,0.009966693162428826,0.062269128187961535,0.3748000511652011,-0.11356677120011718,0.2789719695542795,-0.23786837302806746,1.0884280882824247,1.652982743173377,0.6001876219099352,-0.9577009144561212,0.5406877361208761,0.8064729366860827,-0.4024225579982269,-0.2502685635830692,0.13646718337579675,0.158635155008106,-0.8313652784597472,-0.3153731118570927,0.04461281505116579,-1.64916979152717,-0.44688149232625723,0.4649315274205442,0.40518015039866273,-0.3029871056744383,0.4860906971566478,-0.25770129141037607,-0.33242364670469204,0.2391966184701289,0.572731422723272,0.12854088713267392,1.0315229373455013
-6.286450651090275,0.5830921327689108,-0.9885206244217148,1.0084340059947667,5.431417021282355,3.8335248237160044,3.3959825410377986,0.09311416518158214,0.6191546665373056,-3.0302077544468813,-2.5129978217287476,0.42937566241718206,-1.1513603347841073,-0.32321596402617936,0.583593383079286,1.6594877353366846,0.25147392439292166,3.303934787043686,1.2530579380454898,1.7429834383857146,5.0516065866690045,1.170704664862168,-1.8643376932603322,1.587438118664142,-1.775868347760963,1.5618099240341252,2.350064322689963,1.0755482247533867,0.3353496671662438,-0.27806468715197136,1.18474437503692,3.0094032040848893,4.922519042524834,3.6898299722501218,-2.5483047485302923,-0.5698586302951552,2.483645601747555,0.9571743327030848,-0.45722315560778276,-1.0257158357822564,-0.4869883311131881,0.37389726827095765,-2.149346538005344,1.7832060724980632,-3.415549781179416,0.3539575227083544,-1.0787070294812846,-0.8702385681807411,1.7815405165541864,1.4998488834618817,-2.0221811449577594,0.9378287278159815,0.22524812214477646,2.6868240308245865,3.072768839730319,0.2692105401793102
-4.241233793960991,0.921898512620621,0.23695795505475384,1.2455610817707532,3.8335248237160044,3.4246721974653473,1.7165904728320527,-0.6662571698361534,0.9271138753196166,-1.7640627049182895,-2.83523439671291,-0.409097968187637,-1.3049800268131535,-0.036137701927284,1.514567869653226,1.471651149843328,0.8416512309189659,2.5274719163252617,0.6292864045359944,3.186185988195324,3.596744511669558,1.0993238987256337,-2.2793623731877766,-0.06464078707027805,-0.6608525602589501,0.728669685172089,1.1595793764551383,0.9931981344778322,0.0035962501815800726,0.24253835685485967,0.22568490377525996,2.8391713420693327,4.471807696494406,2.492805406056864,-2.4490229795524274,0.4667440310259071,2.2181561222280792,-0.10400006716372953,-0.5437138319181632,-0.2907980048778276,-0.013889926952951383,-0.9402118234651263,-1.401081383983117,0.8714174795427162,-3.7768398637203062,-0.43457774629828694,0.1255052156797364,0.14034643065836414,0.41213379373225156,1.336206019591494,-1.273611849861121,-0.013208965205811564,0.42427240136731825,1.9988050011387017,1.5799991050955686,1.508440296687726
-4.137289429217673,-0.13251887807546014,-1.5321047153367513,0.11831457506887626,3.3959825410377986,1.7165904728320527,2.8132405506152516,0.7588131339631726,-0.04911873335413206,-2.2786991999876602,-0.5331544201419487,0.9663617931469318,-0.24309269279031015,-0.3843195730728057,-0.7180221000424205,0.7508050462949823,-0.48965238280955786,1.892787013774372,1.0190061426711674,-0.8105643097794397,3.1674761300036822,0.5015260124476694,-0.24330623051583275,2.137461624977679,-1.723177291267143,1.3468485657157168,1.9643336268482328,0.44243366980802135,0.4482271025867438,-0.6203378328832866,1.3480421252678703,1.2132445395501854,2.1440938076415024,2.426281915440303,-0.9671368938349494,-1.1871130658791074,1.1130120523927691,1.3447417013431795,-0.06836836385362893,-1.085702265786639,-0.6436887483753565,1.4171982500829108,-1.438004551352681,1.4747940036534635,-0.8383030333617724,0.8978807420213114,-1.5575184122073487,-1.300491666794142,1.9538276619791564,0.6653015363850117,-1.4336237761448265,1.2595760428833698,-0.11282291428585854,1.5971597610862316,2.5097326676330973,-1.0964153142575561
-0.310792988316173,-0.5120428544171555,-0.9736459804215478,-0.527409629946428,0.09311416518158214,-0.6662571698361534,0.7588131339631726,0.7482089875488539,-0.4836356344396937,-0.43850076813978833,1.0434893779561545,0.7365574490937049,0.48340645231560864,-0.20110626368025378,-1.119448043335604,-0.27780897380462416,-0.6750574071368588,-0.14036453025396073,0.2802206530250344,-1.9700711174975405,0.06139027561031323,-0.2531040071767621,0.9508350958090127,1.237809449887461,-0.6427242200729456,0.4100962879975476,0.5523490115585562,-0.221347796454964,0.24616658741989095,-0.45690269922461657,0.6469846402649057,-0.6750534983144911,-0.9294017381648121,0.17913833529630835,0.6203622608294211,-0.8959438570686303,-0.4309841337461059,0.8115953054495145,0.21861395774146286,-0.4645351292812586,-0.3488232605019105,1.2399250036709462,-0.15220423222083582,0.4236425060237988,1.3331119574140784,0.7078607744134198,-0.928983054037027,-0.7904571124750078,0.8980497606522834,-0.25860878258166337,-0.1952179651781523,0.7093639547110812,-0.266689216844354,-0.05578540211813963,0.6575282261672959,-1.3406639198238077
-0.5959494197386486,0.4059237041357656,0.5068220057768371,0.47462367643142134,0.6191546665373056,0.9271138753196166,-0.04911873335413206,-0.4836356344396937,0.421111237272353,-0.10762224587692287,-0.9900949368468592,-0.42221027163581887,-0.46037661245741546,0.09370339413057892,0.7946566464744175,0.39241817289611425,0.4704426528108801,0.5171093160084903,-0.03459003723004306,1.502571109062954,0.6202006900030045,0.33622788474513315,-0.8630021182636605,-0.6128637955372273,0.1704413739598508,-0.06670254326397665,-0.05882655565142442,0.27706887706293964,-0.1099493677805532,0.2487874458279246,-0.26349473264542583,0.8355123095532335,1.2471814409938893,0.35279567222592223,-0.7274897598175502,0.5223074360561897,0.6004237177505376,-0.41720947413667225,-0.1977802795761042,0.15778527212213653,0.1531709279424977,-0.7519724986755804,-0.15668624406098672,-0.06455722508624896,-1.3179360289189266,-0.408947196760083,0.45545442047859436,0.3899227830869591,-0.34925638413034876,0.3543804433706515,-0.14000312895528663,-0.33284788821937344,0.20496216501631348,0.38455300897278877,-0.032393233483526254,0.9192343592710696
3.622979618191747,-0.0502776437997836,1.057528171162541,-0.2798857935195424,-3.0302077544468813,-1.7640627049182895,-2.2786991999876602,-0.43850076813978833,-0.10762224587692287,1.9047133849687967,0.8273030035122078,-0.6260457325173923,0.3787888613951394,0.280733828566193,0.27432934722858365,-0.7676627471774405,0.21760632969077615,-1.7490755830955294,-0.8282798351657108,0.07859133981289945,-2.8266835098881407,-0.5287038147817864,0.5311901181341454,-1.518284397342689,1.3329038108944022,-1.0767852056263099,-1.5857217184835943,-0.4725926641320296,-0.320072210650811,0.4038087379052728,-0.9980602269391875,-1.3115944878746177,-2.232970339196832,-2.125451595675857,1.0758895130647599,0.7762470866765258,-1.1434017987550564,-0.9457754556501181,0.13454942828392508,0.8200557517266952,0.46091501677802027,-0.8642717223877119,1.249582911637793,-1.1924589283176774,1.1906896866744654,-0.5726636924337791,1.0920529536760493,0.9058457250595636,-1.4600719464897085,-0.6858367973515106,1.2235236748346905,-0.8970329714189238,0.014266635558948108,-1.4546632801491932,-2.0412040550818262,0.5478746707480708
2.603925906252539,-1.0336422953170126,-0.9442283788654112,-1.2599139814416132,-2.5129978217287476,-2.83523439671291,-0.5331544201419487,1.0434893779561545,-0.9900949368468592,0.8273030035122078,2.7545586081521005,0.8703269640402,1.267605670953367,-0.13433843424879627,-1.9268799498343891,-1.2131785700694901,-1.1104047163732855,-1.808612006816143,-0.20734073773018494,-3.7305158905638947,-2.3553925841155126,-0.9244902979482159,2.2929699397003462,1.032436458958396,-0.09119986519577121,-0.15870209170782087,-0.3338739649183616,-0.849472718558367,0.2020994339919475,-0.5419942066176504,0.37481146540678983,-2.4422270399917054,-3.7429301101595382,-1.5325910220870014,2.1472038472213404,-1.0255962623735726,-1.8357648145042953,0.7144533296330339,0.5439651149496725,-0.1900985306916601,-0.28140305524015735,1.6369421857216486,0.83460653358409,-0.2581188449299,3.600732136407653,0.8678371880595521,-0.842299958604076,-0.7423259218819471,0.4529654316736824,-1.1109622330694666,0.6913768240897177,0.5879382593568786,-0.497836380674727,-1.3840733481078025,-0.5295379501702563,-2.0837427249686455
-0.7020524747482331,-0.46680290484842546,-1.0193737766683866,-0.4527253030343204,0.42937566241718206,-0.409097968187637,0.9663617931469318,0.7365574490937049,-0.42221027163581887,-0.6260457325173923,0.8703269640402,0.7518591015509443,0.4023450511043474,-0.21601663154016534,-1.066659296280221,-0.1676752269261734,-0.6475840279781915,0.07376351315995149,0.3487156667859774,-1.825451526506693,0.3884247577972115,-0.16338610864222125,0.8125491535364793,1.3116030575495927,-0.7544580825991083,0.5023123590768142,0.6919697525682806,-0.1512842984433269,0.26675782239619705,-0.4728963375939447,0.713790471109074,-0.46613038014412145,-0.5936067244705037,0.4092762104920406,0.44839256363515767,-0.9102402003710466,-0.2642878940180741,0.8523459511495535,0.187130159903487,-0.5280969984652067,-0.3793067500473009,1.2451878663477798,-0.2766534100637362,0.5210952960666977,1.0855684875519875,0.7209751134054946,-0.9865724890154107,-0.838267941882266,0.9989777795862904,-0.1615044758665034,-0.32447821019214795,0.76076134274812,-0.24634216159310215,0.11830632867317499,0.8424394323657075,-1.2936142010645941
1.1934734691470104,-0.47644622261246217,-0.4375127906690283,-0.5809984758442226,-1.1513603347841073,-1.3049800268131535,-0.24309269279031015,0.48340645231560864,-0.46037661245741546,0.3787888613951394,1.267605670953367,0.4023450511043474,0.583806685153669,-0.0630924374776952,-0.8881626430034433,-0.5580842011199552,-0.5124835687715433,-0.831433846701216,-0.09230091441721053,-1.7206511555814379,-1.0831593015190253,-0.42854921242770516,1.057536478794066,0.48059894437149525,-0.041655353362264,-0.07122817747003996,-0.15101704448039788,-0.3903127635689153,0.09278758337549961,-0.24893646627079946,0.1739322592226661,-1.125694152131412,-1.7241566592239856,-0.7025796176173271,0.9881386332887876,-0.47628999178510445,-0.8449786674202284,0.3329892360682481,0.2502491535101573,-0.08735015591513351,-0.12904121411024527,0.7557300938036677,0.3799070030357682,-0.1144043867118178,1.6606458338413017,0.4004941939216795,-0.38903068099755006,-0.3422705753197417,0.21067498483225636,-0.5103601025711216,0.31780160990173517,0.27165326647461235,-0.23004261431271478,-0.6363570990046803,-0.24075964004258926,-0.9639971881005327
0.4266377087054154,0.10175687403587548,0.3087770136301583,0.08262311074417736,-0.32321596402617936,-0.036137701927284,-0.3843195730728057,-0.20110626368025378,0.09370339413057892,0.280733828566193,-0.13433843424879627,-0.21601663154016534,-0.0630924374776952,0.07051034958844662,0.2602061519764261,-0.018509959937462888,0.16261623824511573,-0.14454124460596088,-0.1426270253345554,0.4192042487131419,-0.2927231081730288,0.002908041631777643,-0.1464804671746137,-0.41121268262824023,0.2645481488758949,-0.19292750407448955,-0.2734060005644519,-0.0013943968173675918,-0.08241953181917276,0.13410214738939344,-0.2338926495153847,0.011781285321271219,-0.026688841278928864,-0.24951663389182208,-0.022171892777888776,0.2660622896275544,-0.023577689722092697,-0.26524452337953214,-0.031909693539633084,0.17712672040831992,0.11738533203002348,-0.34432999099842904,0.15867743536391782,-0.20943077479049008,-0.16161410390737307,-0.20417748474564765,0.30155156149998336,0.2537989291736518,-0.3322280683272317,-0.015003627180508752,0.16165745737773937,-0.23651274286043641,0.057471466467642195,-0.13270683986656703,-0.3404633329620308,0.33626368285924463
-0.35684425630696387,0.8575134036004509,1.3526274129842233,0.9331248907880553,0.583593383079286,1.514567869653226,-0.7180221000424205,-1.119448043335604,0.7946566464744175,0.27432934722858365,-1.9268799498343891,-1.066659296280221,-0.8881626430034433,0.2602061519764261,1.7876932604251081,0.6411840915144753,1.0614171141774413,0.6445952781079984,-0.25162112730430175,3.229560898619746,0.5577564631766074,0.5206612672071615,-1.687168175131417,-1.6671338494396384,0.7626052189148951,-0.41961576095396597,-0.5323894217776954,0.48188852610859395,-0.3368601554075467,0.6698710248469703,-0.834373577931838,1.4130301619595786,2.050047056837566,0.21371747281922987,-1.2805404739120585,1.2788200063928883,0.9800642496973209,-1.1001559629348532,-0.39525885486527546,0.583655426627029,0.4767302648970489,-1.8442651567468644,-0.06645798428871133,-0.3966379363834053,-2.466139250024181,-1.0364234952705291,1.2818281158705342,1.1000419682614342,-1.1392975554044984,0.595300973914804,0.038807526091645825,-0.9640951770836148,0.4333300298556679,0.43367704444448374,-0.5996920657749025,2.0657123655704295
-1.8377485909589664,0.39216161836466157,0.09010923869411412,0.5315256623548792,1.6594877353366846,1.471651149843328,0.7508050462949823,-0.27780897380462416,0.39241817289611425,-0.7676627471774405,-1.2131785700694901,-0.1676752269261734,-0.5580842011199552,-0.018509959937462888,0.6411840915144753,0.632668909182336,0.35533725324854615,1.0904963948866337,0.2765860894595948,1.3524837534056555,1.5543823012361653,0.4702207196826278,-0.9727582760975284,-0.011401316380694144,-0.2921357441529186,0.32014500583269617,0.5082458980947517,0.4268850072456263,0.004079705157694425,0.10009946278849681,0.10527324527470629,1.2177929647958277,1.9201788338744161,1.0800299099394395,-1.0509313690603297,0.18940836164706326,0.9531770847227078,-0.033731208245671426,-0.2324959734846132,-0.13051159012456293,-0.009491333528437224,-0.3912708561631498,-0.6091228516893393,0.38342987216042046,-1.614586059699034,-0.1793967550904023,0.04337238038233721,0.05171068555733623,0.18894773424482667,0.5747802075455432,-0.5523305000571045,0.002570166452001311,0.17980437081173037,0.8629306370628211,0.6911137430397714,0.6340397169999581
-0.10164726589431905,0.50410900890864,0.8294765644474549,0.5426425091445836,0.25147392439292166,0.8416512309189659,-0.48965238280955786,-0.6750574071368588,0.4704426528108801,0.21760632969077615,-1.1104047163732855,-0.6475840279781915,-0.5124835687715433,0.16261623824511573,1.0614171141774413,0.35533725324854615,0.6325381615343022,0.32880350343255804,-0.1753217361260379,1.9073685741686444,0.24740141741546015,0.2952944561850594,-0.9806416093561291,-1.0306479357332898,0.4859738343808046,-0.27955915367447565,-0.3613131111563171,0.2694454384699707,-0.20698035652727365,0.4049582278838682,-0.5209374645005082,0.7966396516079993,1.1453087154146626,0.0623643934586423,-0.7231137080718453,0.779761470069693,0.5446056035286495,-0.6792781038778821,-0.2286754952454558,0.36642237887290935,0.29295843900778323,-1.1126013406863884,0.001373005218801706,-0.27250765076461453,-1.4219722709959366,-0.6274085486991029,0.7868330714437588,0.6736736838814527,-0.7143707983733325,0.3297980457966593,0.05784016186865852,-0.5939682029323093,0.25655001532958566,0.21337543192093542,-0.4141509695087757,1.2372676140250238
-3.7763969915951647,0.48980139859794913,-0.3548326179751524,0.7567631113944312,3.303934787043686,2.5274719163252617,1.892787013774372,-0.14036453025396073,0.5171093160084903,-1.7490755830955294,-1.808612006816143,0.07376351315995149,-0.831433846701216,-0.14454124460596088,0.6445952781079984,1.0904963948866337,0.32880350343255804,2.066105744487932,0.6913127535952072,1.5793277513510675,3.0914674959880606,0.7936765079610945,-1.3933510791042083,0.6494708280288204,-0.9326852817733542,0.8527897021133968,1.2997132844908286,0.7156858392481141,0.14528654442790934,-0.05795725872430047,0.5623494501328121,2.0272830830981867,3.2683076599475274,2.2177789572149593,-1.7242358095027044,-0.11254234553491557,1.637401373546347,0.372462627928116,-0.3360503820794577,-0.5151312655253727,-0.21359621270671797,-0.08856712325198636,-1.2718535535289852,0.97772079921989,-2.448046444847935,0.036720694438802354,-0.42641055619291113,-0.33519071416465296,0.8642623839459761,0.9853074730445679,-1.1945265543125487,0.39581972576922575,0.2084867353359099,1.6659461853538586,1.7172105260194064,0.5178659639694505
-1.5170601199871623,-0.04477488036633113,-0.5559609764938414,0.04412790970145835,1.2530579380454898,0.6292864045359944,1.0190061426711674,0.2802206530250344,-0.03459003723004306,-0.8282798351657108,-0.20734073773018494,0.3487156667859774,-0.09230091441721053,-0.1426270253345554,-0.25162112730430175,0.2765860894595948,-0.1753217361260379,0.6913127535952072,0.3803736801459124,-0.2856800933457434,1.1494105628078806,0.1696402792865079,-0.08955761938990295,0.7837659715070642,-0.6133407041381255,0.49078331792211183,0.7163981146881078,0.16616311090170519,0.157791729369014,-0.21587912233839143,0.4862057779473346,0.43945718052431887,0.7803921124597596,0.889081733265849,-0.3584662313852795,-0.43873931419065887,0.40787460889802546,0.4963754058086888,-0.028126607822975203,-0.38595265885150054,-0.22594090226992233,0.5079438388873432,-0.5389950977084959,0.5496233820075126,-0.3037777757842133,0.32083956163993405,-0.5579880912196352,-0.463136395864351,0.7058659676239087,0.24875984188605518,-0.5180128816115186,0.4515638566648961,-0.04184164742771741,0.5817122088756482,0.9138439058143165,-0.40356716932122716
-1.4617407496859742,1.5907766295550552,2.2573666514795505,1.7834856567532669,1.7429834383857146,3.186185988195324,-0.8105643097794397,-1.9700711174975405,1.502571109062954,0.07859133981289945,-3.7305158905638947,-1.825451526506693,-1.7206511555814379,0.4192042487131419,3.229560898619746,1.3524837534056555,1.9073685741686444,1.5793277513510675,-0.2856800933457434,5.933865576743909,1.6648616334740873,1.088580901933944,-3.231005851057652,-2.739916469432676,1.0981160288010297,-0.533355903782431,-0.6280410309384122,0.9911435257019879,-0.5458275568439115,1.1380875510034947,-1.312494504045269,2.902385571243365,4.2824919303553894,0.8660438456614477,-2.5987946505902855,2.1903828383596107,2.0622814157199234,-1.822971621694074,-0.7569789495569013,0.8862843598443307,0.7701142334718766,-3.203129326580781,-0.39102194185525185,-0.4741224610217297,-4.817650167981003,-1.7794452051526366,2.113669874078894,1.8190376738805623,-1.7709458516300336,1.247063788147791,-0.2053104161451495,-1.5726515619728547,0.7968511449049493,1.1257153916963967,-0.6493814348926307,3.691725591746943
-5.856249796708017,0.5526835952525395,-0.9034561060072759,0.9552230731286954,5.0516065866690045,3.596744511669558,3.1674761300036822,0.06139027561031323,0.6202006900030045,-2.8266835098881407,-2.3553925841155126,0.3884247577972115,-1.0831593015190253,-0.2927231081730288,0.5577564631766074,1.5543823012361653,0.24740141741546015,3.0914674959880606,1.1494105628078806,1.6648616334740873,4.731965168667881,1.1240490932248357,-1.7670080197819948,1.4445274654370592,-1.6694400980347917,1.4503286246827487,2.182955975130559,1.0033702857964222,0.3167836999159666,-0.2656515117269011,1.100047097670227,2.8370310232753857,4.630203464554661,3.4384190556260013,-2.389451938435886,-0.49933773424756056,2.3304694435804874,0.863485589932139,-0.4278624410085344,-0.9639692066002176,-0.4612267031034767,0.3321347217664526,-1.980977832083661,1.6362035153300492,-3.2323618386752395,0.3236120496139452,-1.001331471210793,-0.8119496600846869,1.6536543476826466,1.398866412008136,-1.8940302789880972,0.8715729151941906,0.21885003450053378,2.515227243675033,2.8584745782247025,0.29342616463608673
-1.293614634714235,0.310926550658412,0.12398876667455273,0.4157955379136498,1.170704664862168,1.0993238987256337,0.5015260124476694,-0.2531040071767621,0.33622788474513315,-0.5287038147817864,-0.9244902979482159,-0.16338610864222125,-0.42854921242770516,0.002908041631777643,0.5206612672071615,0.4702207196826278,0.2952944561850594,0.7936765079610945,0.1696402792865079,1.088580901933944,1.1240490932248357,0.3729000298868982,-0.761318159233683,-0.09365558351553788,-0.18923819399345504,0.20485636515067882,0.3307029485034425,0.31554432555149453,-0.005368041775012351,0.08780547858388767,0.04139254071702847,0.9252591114171655,1.4459652811646866,0.7612682525228343,-0.7897932389433409,0.2020003636796124,0.7121791799004297,-0.0845563807564838,-0.1774128446018122,-0.07744278639429661,0.003908934221781411,-0.35007849558150644,-0.40982722446861736,0.23337427901507501,-1.2522577485778519,-0.1661202168731413,0.0777784748127116,0.07337397451638412,0.08720683523182873,0.42278820035795756,-0.3919410860053697,-0.033484415489790705,0.14771309018100898,0.6265834314369182,0.4576709725220119,0.5483492377060553
1.8905111718681111,-0.8873609165495008,-0.9201054222115791,-1.0631584855181115,-1.8643376932603322,-2.2793623731877766,-0.24330623051583275,0.9508350958090127,-0.8630021182636605,0.5311901181341454,2.2929699397003462,0.8125491535364793,1.057536478794066,-0.1464804671746137,-1.687168175131417,-0.9727582760975284,-0.9806416093561291,-1.3933510791042083,-0.08955761938990295,-3.231005851057652,-1.7670080197819948,-0.761318159233683,1.9336309805318128,1.0487066568904335,-0.19657359653754414,-0.031462892483964035,-0.13254980836050811,-0.6848463589614265,0.20142095699689752,-0.4998192553806236,0.4183390227558025,-1.9894317928309795,-3.0240733773687185,-1.1139499875182086,1.7488365337821858,-0.9708996495148198,-1.4758627255960928,0.7181851504973652,0.45505340248925696,-0.23637473660318511,-0.281110642884795,1.495502960151964,0.5859800095035733,-0.0947109776978106,3.0042584058745825,0.8023837127806104,-0.8283781369317771,-0.7222920124490908,0.5305378664033752,-0.8891140124286444,0.48269173234364404,0.590792973821615,-0.433452590168797,-1.0562619963044406,-0.2584468694091577,-1.86326310421498
-2.1709810318977647,-0.6780305531039968,-1.8446399233747197,-0.5887634534603271,1.587438118664142,-0.06464078707027805,2.137461624977679,1.237809449887461,-0.6128637955372273,-1.518284397342689,1.032436458958396,1.3116030575495927,0.48059894437149525,-0.41121268262824023,-1.6671338494396384,-0.011401316380694144,-1.0306479357332898,0.6494708280288204,0.7837659715070642,-2.739916469432676,1.4445274654370592,-0.09365558351553788,1.0487066568904335,2.429339231976778,-1.5223448313775816,1.0809320027928035,1.5211117719780864,-0.07583964551588501,0.4914009166778249,-0.8204963744177877,1.3676774809099344,-0.2949537406851001,-0.2002660711885407,1.2692055615153979,0.33277444502911285,-1.6032352613308551,-0.04072844081447338,1.5691337790282487,0.23492863344614193,-1.0313649127246614,-0.6998177386401914,2.116497389525132,-0.811349656564812,1.1560480909879967,1.2558832256251458,1.2463343469467951,-1.7994808328800105,-1.5197206006496102,1.9344326975515245,-0.024215567838939297,-0.8564654821548664,1.4044585949341164,-0.3727919213761808,0.6236580406156014,1.8845669967284433,-2.103275071339012
2.240996514612212,0.24598344052685137,1.1269784131250573,0.11824897141477894,-1.775868347760963,-0.6608525602589501,-1.723177291267143,-0.6427242200729456,0.1704413739598508,1.3329038108944022,-0.09119986519577121,-0.7544580825991083,-0.041655353362264,0.2645481488758949,0.7626052189148951,-0.2921357441529186,0.4859738343808046,-0.9326852817733542,-0.6133407041381255,1.0981160288010297,-1.6694400980347917,-0.18923819399345504,-0.19657359653754414,-1.5223448313775816,1.1278456716858174,-0.8375330468307922,-1.2053455935146922,-0.14907933185421862,-0.32206271892637867,0.48786440981881335,-0.9239442638651468,-0.4039325140914655,-0.7988258443879276,-1.3138160488033177,0.28501672575879644,0.9121776056387276,-0.4289911024350602,-0.9651877422015825,-0.042120553880175854,0.7313198862598913,0.46165978935244056,-1.1643749907227352,0.7807289874188086,-0.8947937101148211,-0.014356760151938507,-0.7124953309854551,1.133159839474034,0.9542707040775567,-1.3244095640879978,-0.25053926891480827,0.8147543807091486,-0.9018569809136341,0.147970253070585,-0.8100422057947056,-1.5253454231519068,1.0180115455667649
-1.91720839949762,-0.1027207092384409,-0.7807681985244411,0.009966693162428826,1.5618099240341252,0.728669685172089,1.3468485657157168,0.4100962879975476,-0.06670254326397665,-1.0767852056263099,-0.15870209170782087,0.5023123590768142,-0.07122817747003996,-0.19292750407448955,-0.41961576095396597,0.32014500583269617,-0.27955915367447565,0.8527897021133968,0.49078331792211183,-0.533355903782431,1.4503286246827487,0.20485636515067882,-0.031462892483964035,1.0809320027928035,-0.8375330468307922,0.6493832492431371,0.9433954272642767,0.1845146506737102,0.22410244010760252,-0.31935947518551566,0.668712710172215,0.49669848716012255,0.9007422133638083,1.1239409394468118,-0.3908322815144391,-0.6185943878580209,0.47251128017002586,0.683527762511838,-0.01356999996604988,-0.5325894025040766,-0.3212893237399892,0.7493058376477557,-0.6726527697217027,0.7116272255056317,-0.2704672459413685,0.46799260287695943,-0.7870304830054222,-0.6577831251713184,0.9661459735980267,0.2834499774146634,-0.6699978926289011,0.6330278143832688,-0.07406345792754088,0.7244978497681175,1.2009632164134558,-0.6140514370183447
-2.866466252249327,-0.10896481301175513,-1.0911151197750304,0.062269128187961535,2.350064322689963,1.1595793764551383,1.9643336268482328,0.5523490115585562,-0.05882655565142442,-1.5857217184835943,-0.3338739649183616,0.6919697525682806,-0.15101704448039788,-0.2734060005644519,-0.5323894217776954,0.5082458980947517,-0.3613131111563171,1.2997132844908286,0.7163981146881078,-0.6280410309384122,2.182955975130559,0.3307029485034425,-0.13254980836050811,1.5211117719780864,-1.2053455935146922,0.9433954272642767,1.3744551114740873,0.2986670145263916,0.31575170909355066,-0.44029209640777084,0.9509760069387687,0.8097400040371394,1.4424044868297143,1.6806571263104289,-0.6458006476691871,-0.854013678161983,0.7518314192473936,0.9595673931288892,-0.040288291872227856,-0.7614588608256079,-0.45299461166302046,1.0193190240742465,-1.0028135219240253,1.037140115327027,-0.5272106238273101,0.6424961475121673,-1.1039565247895828,-0.9211788109694122,1.3773317878028917,0.4514265195158596,-0.9933488461369648,0.8913442140726108,-0.08799941252500346,1.0983783711928894,1.7536683868181833,-0.8072291853906847
-1.1771486647179288,0.2842498840741918,0.11403921131503716,0.3748000511652011,1.0755482247533867,0.9931981344778322,0.44243366980802135,-0.221347796454964,0.27706887706293964,-0.4725926641320296,-0.849472718558367,-0.1512842984433269,-0.3903127635689153,-0.0013943968173675918,0.48188852610859395,0.4268850072456263,0.2694454384699707,0.7156858392481141,0.16616311090170519,0.9911435257019879,1.0033702857964222,0.31554432555149453,-0.6848463589614265,-0.07583964551588501,-0.14907933185421862,0.1845146506737102,0.2986670145263916,0.2907779437173097,-0.012816926257574614,0.09359449457187899,0.030355484348684993,0.8272144769313337,1.2976377402711425,0.6918287036341736,-0.718370189798278,0.17164833074423633,0.6432153743845387,-0.06585875127903755,-0.16404808106782787,-0.05569450713338993,0.015973010700374293,-0.3261478134366181,-0.39076342480409737,0.22827162421956,-1.1219763798379876,-0.1580988488474287,0.08326171199317398,0.08119387419312929,0.0701553392538957,0.38920117612496496,-0.345988562946281,-0.040462616922469705,0.1314626066509588,0.5627778657958729,0.41097617132493414,0.4857370659841233
-0.4599694695453978,-0.13498364685234132,-0.37559875433959533,-0.11356677120011718,0.3353496671662438,0.0035962501815800726,0.4482271025867438,0.24616658741989095,-0.1099493677805532,-0.320072210650811,0.2020994339919475,0.26675782239619705,0.09278758337549961,-0.08241953181917276,-0.3368601554075467,0.004079705157694425,-0.20698035652727365,0.14528654442790934,0.157791729369014,-0.5458275568439115,0.3167836999159666,-0.005368041775012351,0.20142095699689752,0.4914009166778249,-0.32206271892637867,0.22410244010760252,0.31575170909355066,-0.012816926257574614,0.10328401916049568,-0.17161290077565977,0.2826110089623194,-0.04280792022074285,-0.015507596255939168,0.26931303582822214,0.05771425588473425,-0.32024626053713284,0.0026442364164114608,0.3151958066964404,0.04668863983857461,-0.21720611435857243,-0.14756014386238098,0.43062664659392746,-0.1642264437375811,0.2330879631187252,0.23380941006843076,0.25502602098458943,-0.3712233628840624,-0.31487671117938143,0.3996602713536604,-0.001213443825983913,-0.18396815900718044,0.2901750489841991,-0.07312684499126444,0.13819596817949048,0.3928268107415946,-0.41752082025903
0.4558508241097937,0.2912301088902874,0.6411108003445493,0.2789719695542795,-0.27806468715197136,0.24253835685485967,-0.6203378328832866,-0.45690269922461657,0.2487874458279246,0.4038087379052728,-0.5419942066176504,-0.4728963375939447,-0.24893646627079946,0.13410214738939344,0.6698710248469703,0.10009946278849681,0.4049582278838682,-0.05795725872430047,-0.21587912233839143,1.1380875510034947,-0.2656515117269011,0.08780547858388767,-0.4998192553806236,-0.8204963744177877,0.48786440981881335,-0.31935947518551566,-0.44029209640777084,0.09359449457187899,-0.17161290077565977,0.30322153194827356,-0.4533031840830573,0.2767636879976174,0.3498921795882113,-0.26624445485342907,-0.27377033952122276,0.5653181747038818,0.15655993967294404,-0.5306204416237041,-0.11715533419759473,0.3402460761168725,0.2445891563561176,-0.7838625737432898,0.1702470973824714,-0.3231813654787739,-0.662012569915115,-0.4554394839760452,0.6262096249062584,0.5337793662810085,-0.6342465726034564,0.09927596684388934,0.21346873446219908,-0.4833326599168552,0.15216151622597482,-0.08462365425860856,-0.5378977404547636,0.8025208992527904
-1.551241609380157,-0.31526965113006206,-1.0282850362322946,-0.23786837302806746,1.18474437503692,0.22568490377525996,1.3480421252678703,0.6469846402649057,-0.26349473264542583,-0.9980602269391875,0.37481146540678983,0.713790471109074,0.1739322592226661,-0.2338926495153847,-0.834373577931838,0.10527324527470629,-0.5209374645005082,0.5623494501328121,0.4862057779473346,-1.312494504045269,1.100047097670227,0.04139254071702847,0.4183390227558025,1.3676774809099344,-0.9239442638651468,0.668712710172215,0.9509760069387687,0.030355484348684993,0.2826110089623194,-0.4533031840830573,0.7958139099377062,0.054498843071851176,0.23322670551883035,0.9083267765659492,0.0033319687585263665,-0.86767809286664,0.14692345435528853,0.8762882516758775,0.09330933149192722,-0.6136699030592554,-0.40367239451377185,1.1322665459723098,-0.5573025597444297,0.7135697290976413,0.4179709798132514,0.6769357967211492,-1.0165024371667941,-0.8577282504410533,1.1320735777500432,0.08515061246925135,-0.5868653656054846,0.7998850423459603,-0.17782764776884818,0.5081607522315174,1.1903247645112602,-1.0718536046129106
-3.2922791583278013,0.8281535313426032,0.3766389889096936,1.0884280882824247,3.0094032040848893,2.8391713420693327,1.2132445395501854,-0.6750534983144911,0.8355123095532335,-1.3115944878746177,-2.4422270399917054,-0.46613038014412145,-1.125694152131412,0.011781285321271219,1.4130301619595786,1.2177929647958277,0.7966396516079993,2.0272830830981867,0.43945718052431887,2.902385571243365,2.8370310232753857,0.9252591114171655,-1.9894317928309795,-0.2949537406851001,-0.4039325140914655,0.49669848716012255,0.8097400040371394,0.8272144769313337,-0.04280792022074285,0.2767636879976174,0.054498843071851176,2.3802326718673745,3.72141643602847,1.9360025200144995,-2.056966358388343,0.5470396967814675,1.8388826198736166,-0.2435345968143434,-0.4716514755086246,-0.1436819526319572,0.05336640740684582,-0.9826034723304062,-1.0727691803824806,0.6017360229665905,-3.250491315530035,-0.47942651480208526,0.27655891687939066,0.2607428063570226,0.15353277506813554,1.1053886934729946,-0.9718960303520695,-0.14572675750300448,0.3882088437822307,1.5931290571092553,1.1225423666392391,1.457477465335743
-5.430538455107534,1.2333941922760256,0.39432665939707795,1.652982743173377,4.922519042524834,4.471807696494406,2.1440938076415024,-0.9294017381648121,1.2471814409938893,-2.232970339196832,-3.7429301101595382,-0.5936067244705037,-1.7241566592239856,-0.026688841278928864,2.050047056837566,1.9201788338744161,1.1453087154146626,3.2683076599475274,0.7803921124597596,4.2824919303553894,4.630203464554661,1.4459652811646866,-3.0240733773687185,-0.2002660711885407,-0.7988258443879276,0.9007422133638083,1.4424044868297143,1.2976377402711425,-0.015507596255939168,0.3498921795882113,0.23322670551883035,3.72141643602847,5.847419097471931,3.192439567356429,-3.2095625639942322,0.6872330767565497,2.8964022019055844,-0.21220248418694052,-0.7191565726860627,-0.33624446384159057,0.010277967603293029,-1.3220212968209668,-1.7836790040856285,1.077520706088634,-4.989882869072848,-0.6223710697165628,0.24313621810636257,0.24885304977454287,0.4506907521658554,1.7423114653140626,-1.6247856229161928,-0.07915643714507364,0.5716291058769137,2.58030758210141,1.9748992469046478,2.069392104625297
-4.3074310514782645,0.3127641695974682,-0.8252992505463265,0.6001876219099352,3.6898299722501218,2.492805406056864,2.426281915440303,0.17913833529630835,0.35279567222592223,-2.125451595675857,-1.5325910220870014,0.4092762104920406,-0.7025796176173271,-0.24951663389182208,0.21371747281922987,1.0800299099394395,0.0623643934586423,2.2177789572149593,0.889081733265849,0.8660438456614477,3.4384190556260013,0.7612682525228343,-1.1139499875182086,1.2692055615153979,-1.3138160488033177,1.1239409394468118,1.6806571263104289,0.6918287036341736,0.26931303582822214,-0.26624445485342907,0.9083267765659492,1.9360025200144995,3.192439567356429,2.5280521599809216,-1.6271334663479429,-0.5244359438157189,1.6152108236949163,0.7737075430228312,-0.2738488422616367,-0.7742472888534364,-0.39003937577754083,0.4538270265880006,-1.4735075351448657,1.269526140185065,-2.107134929906139,0.35520347621361437,-0.8833910908022007,-0.720806772834391,1.3532850816078135,0.9729599146618336,-1.404688642795817,0.7520240433789366,0.1110998463352327,1.8136135952363537,2.188111697181763,-0.0266792534809487
2.7673708991472465,-0.7385669662884498,-0.388649168042241,-0.9577009144561212,-2.5483047485302923,-2.4490229795524274,-0.9671368938349494,0.6203622608294211,-0.7274897598175502,1.0758895130647599,2.1472038472213404,0.44839256363515767,0.9881386332887876,-0.022171892777888776,-1.2805404739120585,-1.0509313690603297,-0.7231137080718453,-1.7242358095027044,-0.3584662313852795,-2.5987946505902855,-2.389451938435886,-0.7897932389433409,1.7488365337821858,0.33277444502911285,0.28501672575879644,-0.3908322815144391,-0.6458006476691871,-0.718370189798278,0.05771425588473425,-0.27377033952122276,0.0033319687585263665,-2.056966358388343,-3.2095625639942322,-1.6271334663479429,1.78651574268398,-0.5207423144654568,-1.5860441268826118,0.2581746796726389,0.41640292703338283,0.08136260465309443,-0.07619877841926243,0.9241305897953792,0.907159217902852,-0.487886395969057,2.839460195247703,0.45981787006186686,-0.306405117756079,-0.28418097308471657,-0.061843022380360047,-0.9571131046294343,0.8042127023085954,0.1787474130143265,-0.34629348921794856,-1.3499775685231992,-0.9017403040773694,-1.3230453687021297
0.9001679629344895,0.5582793127087478,1.2388733871670492,0.5406877361208761,-0.5698586302951552,0.4667440310259071,-1.1871130658791074,-0.8959438570686303,0.5223074360561897,0.7762470866765258,-1.0255962623735726,-0.9102402003710466,-0.47628999178510445,0.2660622896275544,1.2788200063928883,0.18940836164706326,0.779761470069693,-0.11254234553491557,-0.43873931419065887,2.1903828383596107,-0.49933773424756056,0.2020003636796124,-0.9708996495148198,-1.6032352613308551,0.9121776056387276,-0.6185943878580209,-0.854013678161983,0.17164833074423633,-0.32024626053713284,0.5653181747038818,-0.86767809286664,0.5470396967814675,0.6872330767565497,-0.5244359438157189,-0.5207423144654568,1.1116299246701207,0.30160547989782355,-1.0442507422546319,-0.22069633553391357,0.6375435481440125,0.4547618014096165,-1.502727625660012,0.3627498824575481,-0.6538453197174209,-1.2936476820573815,-0.8697008296636763,1.193205671353359,1.0111563240055501,-1.2159933668165475,0.17997643835778457,0.40230130390788826,-0.9207579220568842,0.29749605449951366,-0.16072085656836274,-1.039825628631445,1.5684478959387402
