V1,V2,V3,V4,V5,V6,V7,V8,V9,V10,V11,V12,V13,V14,V15,V16,V17,V18,V19,V20,V21,V22,V23,V24,V25,V26,V27,V28,V29,V30,V31,V32,V33,V34,V35,V36,V37,V38,V39,V40,V41,V42,V43,V44,V45,V46,V47,V48,V49,V50,V51,V52,V53,V54,V55,V56
7.406000015175295,-0.5341519355280965,1.4250501107935163,-1.028479460456262,-6.342185818651015,-4.281043995634387,-4.176556600563757,-0.31210456117867197,-0.6055238868732801,3.656934079985758,2.6268754697561425,-0.708519161779406,1.204464104941513,0.4298830055698054,-0.35939429069427287,-1.8547058195674628,-0.10272612336835799,-3.811696105014305,-1.529133615233308,-1.475701059126369,-5.912170241014096,-1.30874553369024,1.909153368734191,-2.1889684896385884,2.2643141805455835,-1.934751300641952,-2.8926423449567706,-1.1874384361640795,-0.4651524680026269,0.4617042530086579,-1.5661138972600717,-3.324504280379308,-5.482772579082988,-4.346666888112832,2.7928153152135136,0.9063439796328953,-2.773916430655614,-1.3343448098439592,0.46908380677186007,1.335034849383113,0.673688106783467,-0.7887791196954259,2.532374998118431,-2.183684896316526,3.6145778844011147,-0.6157267105891484,1.5255057317292193,1.2452864341878145,-2.33273578236815,-1.6703609618148443,2.416609851467156,-1.2980632791062545,-0.18945442593074477,-3.117602459320392,-3.7658377854291945,0.05358208631328241
-0.5341519355280965,0.4331482398254104,0.571627503016404,0.4938551961132509,0.5883703694987283,0.9303605269949755,-0.133687762239699,-0.516772383950963,0.40976243833220105,-0.05076308092363344,-1.0430679435043906,-0.4710703576750827,-0.48080543536333215,0.10270700992214687,0.8653338272939793,0.3957525198467089,0.5087234043615528,0.49430399453239043,-0.045240009145830463,1.6053420629508437,0.5578102942554986,0.3138713082955881,-0.8955174207225979,-0.6842880785516037,0.24814596553893192,-0.10365958524986063,-0.10996269168004508,0.2868346248149701,-0.1361883045171582,0.29384114159869723,-0.31813196030486135,0.8357919576169246,1.2447528754309303,0.3156192983562722,-0.7453257105746981,0.56344765932287,0.6022318299185216,-0.45746885429517553,-0.21043682526264068,0.20980138113457278,0.19186163786888522,-0.8356757194394313,-0.15454840040278328,-0.08222036946188574,-1.3501435788523986,-0.46087176781552686,0.5319868230300989,0.4593275707418506,-0.4249002088445604,0.3643650856418532,-0.10165225933182415,-0.39263880761904596,0.21527145625516214,0.360099354050294,-0.09857933133917891,0.9790059381421718
1.4250501107935163,0.571627503016404,1.4267765043522596,0.5193252946634022,-0.9965759826321403,0.23855439080380214,-1.546905328387257,-0.9816949641867452,0.5091506528912799,1.067663992212906,-0.9533522962611465,-1.0287223515053954,-0.44147391799746616,0.31124055330014927,1.3653919340121945,0.09084946865417257,0.8369817903237733,-0.3585037618757938,-0.5600336739332692,2.277683762087045,-0.9130386746078449,0.12327641108233613,-0.9277623582270509,-1.8604695946212708,1.1388676729553313,-0.7879162731541411,-1.1010694620729087,0.11534954017696972,-0.3795773202527526,0.6479225528266246,-1.0380697623025261,0.37889959815821556,0.39649032870611767,-0.8327557368494585,-0.39212275397203766,1.2490557209332707,0.15354431105019212,-1.2030500310217216,-0.2115630606123486,0.7799924200131552,0.54055526357031225,-1.677167883460741,0.5353108787640888,-0.8298674652303178,-1.1663587862653755,-0.9819984839540693,1.3907216084872904,1.1780912115165787,-1.4625409059888208,0.09540084887836574,0.5891423385023303,-1.0807885160675503,0.30809164108155324,-0.3687510595815907,-1.3572641699592725,1.6900468017552155
-1.028479460456262,0.4938551961132509,0.5193252946634022,0.589164842555816,1.019975839707713,1.255598899158198,0.11750764794437517,-0.5302101722291069,0.47351321579692357,-0.28135721430705896,-1.2725786535050607,-0.4569269441940428,-0.5862116308181817,0.0825132489302374,0.9425998532934395,0.5361870705783047,0.5474085645095356,0.7626743671948499,0.04691179213310026,1.7990137449481338,0.9608335756018374,0.41523554699754134,-1.071092174162948,-0.5916824970403775,0.12306335223984054,0.010043929364744743,0.0628892702521801,0.37885617661564,-0.11589530415495315,0.2837515392605117,-0.24094977707154788,1.0955837123371786,1.6646991379789138,0.6058831261645783,-0.9662771350817586,0.5429158140624193,0.8129361211497534,-0.4035958675043849,-0.25294909536721855,0.14007848005282908,0.16212382913412293,-0.8396780338475143,-0.3217407984097817,0.04826412266106908,-1.6606363466370622,-0.45183584986854014,0.4708940514479073,0.4110336428501555,-0.3068332375244079,0.4913287242258375,-0.25837371011725513,-0.33684067102204046,0.24072842140696862,0.5768020531006561,0.12929022993392478,1.037877831937868
-6.342185818651015,0.5883703694987283,-0.9965759826321403,1.019975839707713,5.4746902728799185,3.872309126600692,3.432234448600073,0.08839176474521165,0.6398406092514886,-3.060922888151678,-2.532823561603102,0.43347214861959543,-1.1621627191628532,-0.3237929271940088,0.5863392655481621,1.6752127412075462,0.2543119844266461,3.3369303150098344,1.257951586002308,1.7610733815190691,5.106414842596008,1.1934350923897086,-1.8863182534838867,1.5951644297918615,-1.802401534809652,1.5761332790798603,2.371413257800233,1.083650006275161,0.34196958602427235,-0.28675598220977716,1.198073717239239,3.0446361248391076,4.976911215407533,3.7229998274870706,-2.572114501095957,-0.5675851189123781,2.5088762809006657,0.9590223042478907,-0.4603161110348724,-1.0416182304110249,-0.4970612871188476,0.3792757998893865,-2.159404688657087,1.7905727298989627,-3.456747581098744,0.35958718819771734,-1.093281031803153,-0.884116484433487,1.8007927923720706,1.5113774251654473,-2.045315057757888,0.9502042823527018,0.2291171656533434,2.714613876372522,3.102042335483036,0.28015365412805016
-4.281043995634387,0.9303605269949755,0.23855439080380214,1.255598899158198,3.872309126600692,3.453821363219946,1.7292670891637747,-0.6691044232932433,0.9268432254166511,-1.7784439354387456,-2.8630026092307705,-0.41293824393160417,-1.3167559978152505,-0.03785100926467712,1.5299259978168305,1.484789934459877,0.8490357987612834,2.5489664805675143,0.638866576867935,3.2140732207566978,3.6246226836091795,1.1023746247887096,-2.297335237073287,-0.06127873397438013,-0.6609004733761716,0.7353088651997549,1.170267705858035,1.0032914263333224,0.0015608274498389984,0.24833940929190504,0.2262968853463282,2.860644570314143,4.50724081330808,2.5159376177605033,-2.471123406521458,0.46665449623013716,2.236973421869612,-0.10093131228313981,-0.5493231255652772,-0.28965587723865044,-0.010743528549396369,-0.9499520137534961,-1.4194819900089344,0.88459384779745,-3.8055778958812128,-0.4399458882004184,0.12939312873677838,0.14507676663656793,0.41418036962567956,1.3497005995567664,-1.2825567367612591,-0.015543628519681149,0.4270980328531834,2.0152086942648655,1.5937657069530007,1.5172972982384523
-4.176556600563757,-0.133687762239699,-1.546905328387257,0.11750764794437517,3.432234448600073,1.7292670891637747,2.8347649612503836,0.7702746168195094,-0.061759514346054485,-2.2970942658681692,-0.5405984739762029,0.9750608066501826,-0.24509744927904004,-0.38975630218355195,-0.7224908303163275,0.7572264292830826,-0.4945632561982431,1.9078409764745532,1.0336590516216824,-0.8197159170703293,3.189457158150465,0.4963541759236496,-0.24152889826292162,2.1625145816682494,-1.7305781772463802,1.359129686944324,1.9824164672379616,0.44788902244022266,0.44944568899421494,-0.6210131511791109,1.358348655443224,1.2180816696523267,2.1560878940789876,2.4489405139060563,-0.9755661114823208,-1.204040072021719,1.1211423252754826,1.3626379416764312,-0.06988746715791654,-1.090327531523102,-0.6450120940567747,1.4285653788939152,-1.4589385458307402,1.4955382519860456,-0.8378865918298173,0.9041484781661167,-1.5679479242702843,-1.307582357900637,1.9692980520519048,0.6731643271242769,-1.442969528494191,1.2680071317987438,-0.1153253711558241,1.6091507730871064,2.5317343130621786,-1.1133199781715704
-0.31210456117867197,-0.516772383950963,-0.9816949641867452,-0.5302101722291069,0.08839176474521165,-0.6691044232932433,0.7702746168195094,0.7501960916624568,-0.4749709535424785,-0.4451293400175617,1.0557832298930587,0.7434413822884322,0.48759019685325367,-0.20087550441901064,-1.1319410922032096,-0.27987152606395777,-0.6807629696920082,-0.13922589216339645,0.2770620644174748,-1.986215938203596,0.06945247985065388,-0.24494378787896254,0.955234601907726,1.243214979829821,-0.6575697311741847,0.4138828136244752,0.5572751949294584,-0.2248832455031892,0.251512173342862,-0.46643947972714817,0.6550737058501306,-0.6745088844429066,-0.9297321778135316,0.18027546795109506,0.625593670846502,-0.8976179087915465,-0.43273075829141094,0.8130033734706233,0.22156435602838798,-0.4744680643031017,-0.35690936233378256,1.2529718005706747,-0.145236853685977,0.41972766280654505,1.3366251643852964,0.7164190170299918,-0.9415787566945658,-0.8028421306157453,0.9088396632243474,-0.26288039506034055,-0.20104575237303515,0.7191619658375178,-0.267551354363032,-0.05349070959526247,0.6645625788528299,-1.3455374330177674
-0.6055238868732801,0.40976243833220105,0.5091506528912799,0.47351321579692357,0.6398406092514886,0.9268432254166511,-0.061759514346054485,-0.4749709535424785,0.38968492378259106,-0.10154933625761145,-1.0065637910900247,-0.4264705313760823,-0.46394734842043517,0.08897961528912152,0.8080048162355522,0.394718236710752,0.4734831624680258,0.5153088650877367,-0.0194858943596318,1.5112665589518413,0.6056536910639151,0.31106787840867145,-0.8593148656636925,-0.6025258383899122,0.1961718820981591,-0.06740962674839984,-0.059028012504247086,0.2836758304401098,-0.11929624104879609,0.26550479494750456,-0.2717605836629829,0.8250447681807408,1.2365684546536675,0.3573718990246638,-0.7329526006254634,0.5095105393926544,0.5999995579197658,-0.40481338733873307,-0.20215111468362656,0.17454969913408036,0.16776861583983058,-0.7634517911146727,-0.18065236289566833,-0.04415255285615801,-1.30659647226878,-0.41830644166966935,0.4706727064336659,0.4073875911077596,-0.3593980275697918,0.36276002297891685,-0.13038664100989797,-0.3448154400441187,0.20258688422178364,0.3805097714146097,-0.035442585073890066,0.9077287817385983
3.656934079985758,-0.05076308092363344,1.067663992212906,-0.28135721430705896,-3.060922888151678,-1.7784439354387456,-2.2970942658681692,-0.4451293400175617,-0.10154933625761145,1.920722381105115,0.8363492434864129,-0.631691267848398,0.38212378925213836,0.28442046116689756,0.2756198217828692,-0.7744249780224143,0.21985009511873652,-1.7637642821043265,-0.8389370745253368,0.08032151983278184,-2.848488012240233,-0.5278907899759817,0.5337317086404667,-1.5353600693829788,1.3402595189702429,-1.0866140025573336,-1.6002892574246608,-0.47772861060317723,-0.32132959212306145,0.40461540345602526,-1.0060148472643442,-1.319966480451944,-2.248988050017319,-2.145157237624528,1.0854922437383907,0.7868624330103415,-1.1526767391726938,-0.9576694106050603,0.13628865648088648,0.8244939660436487,0.46249117420569563,-0.8712559271930217,1.265519779840077,-1.2075632737947473,1.196898417578598,-0.5767771674548944,1.0998260025240734,0.9113487735712672,-1.4720327940927989,-0.6931355669478217,1.2325324359553054,-0.903452895131136,0.015246319478333872,-1.4664548896721186,-2.0593194148706573,0.5568698708175747
2.6268754697561425,-1.0430679435043906,-0.9533522962611465,-1.2725786535050607,-2.532823561603102,-2.8630026092307705,-0.5405984739762029,1.0557832298930587,-1.0065637910900247,0.8363492434864129,2.7781941007690096,0.8782024597107649,1.279333811437216,-0.13674355621331644,-1.9432209558861524,-1.2245442620596592,-1.1208262550410184,-1.8265246199510834,-0.20599862892479226,-3.7656945869472738,-2.3811832008158063,-0.9388787100107563,2.316372520368246,1.0452309634359658,-0.08695581405645718,-0.16017255437881472,-0.33685804051523976,-0.8563859953691906,0.20219320644369346,-0.543919053881607,0.3770068633223932,-2.4683671874819297,-3.7817845669202663,-1.5463249520568194,2.167087913895002,-1.0386701825443663,-1.8537938125344409,0.7243965045241689,0.5484059233710177,-0.18862157197267812,-0.2812041874264981,1.650946144798629,0.837500907949692,-0.25606756052052315,3.6385780727425643,0.8745932699224155,-0.8476763821454838,-0.7461926779729379,0.4556454852847452,-1.120043456192874,0.6999903348174391,0.5914415635905981,-0.5032811198080266,-1.3983183035315858,-0.5349601066439893,-2.1069855289612986
-0.708519161779406,-0.4710703576750827,-1.0287223515053954,-0.4569269441940428,0.43347214861959543,-0.41293824393160417,0.9750608066501826,0.7434413822884322,-0.4264705313760823,-0.631691267848398,0.8782024597107649,0.758730357881557,0.4060318402739616,-0.21805551040308768,-1.0763449362822615,-0.16922322142612392,-0.6535205844976311,0.07436416614673312,0.35207894945276513,-1.842202567749779,0.3917480632204191,-0.16519971502369638,0.8201109094409137,1.3237782082476057,-0.7610842748906862,0.5069050008108277,0.6983015173760758,-0.15262177383243639,0.26910285438322523,-0.47705783620976,0.7202517258225836,-0.47059803418204127,-0.5992842164740562,0.4130341666652313,0.452506419466617,-0.9187632818959898,-0.26677157032986254,0.8603242441364991,0.18881281674039482,-0.5327534360591022,-0.38262629403877024,1.2565231442129368,-0.2794385146097318,0.5260982015629527,1.0957607416469022,0.7275049094379047,-0.9954694006717931,-0.8457766034040941,1.0080346765538342,-0.1629234004024269,-0.3273222286048771,0.7676176958471116,-0.24864296180748124,0.1193027976771965,0.8501123306873049,-1.3056697427882096
1.204464104941513,-0.48080543536333215,-0.44147391799746616,-0.5862116308181817,-1.1621627191628532,-1.3167559978152505,-0.24509744927904004,0.48759019685325367,-0.46394734842043517,0.38212378925213836,1.279333811437216,0.4060318402739616,0.5891346714227793,-0.0635698920661325,-0.8963941238605938,-0.5631646761273564,-0.5171481201568732,-0.8389191987942681,-0.09342572810175169,-1.7362962427356394,-1.0926987998775253,-0.431956395771171,1.0669976224476025,0.4847060030183028,-0.042475404819854366,-0.07187723563565497,-0.15240486967230868,-0.39395640983212016,0.09378675156398587,-0.2514763961199772,0.17562838269790582,-1.1356604364383893,-1.7395239310544142,-0.7090301063264784,0.9971526025620343,-0.48032773961645175,-0.8525977830645317,0.33574158213216876,0.2525862213381201,-0.08842879637951076,-0.13046110058400975,0.7627253110054052,0.38378870867902354,-0.11583153442297904,1.6754088088691579,0.40425891003828096,-0.3927872420440457,-0.34565229723221835,0.21272661383254493,-0.5151211575149146,0.3205106764236125,0.27430022666701825,-0.2320688196730949,-0.6420389768219594,-0.24291188254004703,-0.9724529059668235
0.4298830055698054,0.10270700992214687,0.31124055330014927,0.0825132489302374,-0.3237929271940088,-0.03785100926467712,-0.38975630218355195,-0.20087550441901064,0.08897961528912152,0.28442046116689756,-0.13674355621331644,-0.21805551040308768,-0.0635698920661325,0.07027633055537422,0.2635452882709333,-0.01888271711837678,0.16390563068930533,-0.1468954219562695,-0.14148890664737754,0.4222425853200687,-0.29859740407672664,-0.0015323073094244217,-0.14598785296883324,-0.4124535073697986,0.2707937429401585,-0.19470857390204985,-0.27585140595037577,-7.617903951711629e-4,-0.08449143280530687,0.13761721895539722,-0.2369564624846302,0.009024443362590505,-0.030418724024459273,-0.25158263327242847,-0.0221839517275949,0.26571687254657567,-0.024731512675414485,-0.265108062896731,-0.032611990100886556,0.1811755374157338,0.12054799996767523,-0.3482085574942625,0.1565662787748988,-0.2080237791308966,-0.15939241710035662,-0.20693448808992626,0.30605419281075313,0.25831801176156316,-0.3363631149069044,-0.014326262337113267,0.16485895330312664,-0.24008965680424973,0.05732351652117236,-0.13511783461235954,-0.3440114279185047,0.33619098264208785
-0.35939429069427287,0.8653338272939793,1.3653919340121945,0.9425998532934395,0.5863392655481621,1.5299259978168305,-0.7224908303163275,-1.1319410922032096,0.8080048162355522,0.2756198217828692,-1.9432209558861524,-1.0763449362822615,-0.8963941238605938,0.2635452882709333,1.8029949751074037,0.6472696260110247,1.0713401331628545,0.6516152814479769,-0.25658217961861995,3.2599632273876447,0.5663417015226455,0.5302899759548818,-1.7045935967432955,-1.685126530898588,0.7654110762176651,-0.423435567327884,-0.5373171437474851,0.4855926655494545,-0.3385037211372041,0.6735050338093511,-0.8409953998539919,1.429073761342194,2.0725918262385723,0.21543783507618847,-1.292457650153405,1.2935431907945927,0.9900480714075574,-1.1130098980355854,-0.39842869667482816,0.5863487011111567,0.4788141989804827,-1.860336641602436,-0.06318296669896768,-0.4038848379418757,-2.492723855437145,-1.044932419732531,1.2916473233709365,1.1077063850173634,-1.1485201933954743,0.5998581924429327,0.03728446862709787,-0.9713721742101258,0.43802614495718506,0.43894707147004436,-0.6047022695284681,2.088034392348419
-1.8547058195674628,0.3957525198467089,0.09084946865417257,0.5361870705783047,1.6752127412075462,1.484789934459877,0.7572264292830826,-0.27987152606395777,0.394718236710752,-0.7744249780224143,-1.2245442620596592,-0.16922322142612392,-0.5631646761273564,-0.01888271711837678,0.6472696260110247,0.6384076333606784,0.358540897795913,1.100230537085366,0.27967902011442675,1.3646681853876146,1.5678586958054659,0.4734895052667912,-0.9812311510261152,-0.010923447059051376,-0.2939241616109469,0.32306905986727574,0.512906253171962,0.43093774871996954,0.0038124498710254942,0.10154278199399526,0.10602219836222672,1.228268237325226,1.936934354935282,1.089956306735793,-1.0604984478381474,0.19049871892368184,0.9616776040376771,-0.033447736321982856,-0.23471621252343217,-0.13114498220862097,-0.009095941292615511,-0.39501729287448184,-0.6155161526114722,0.3877033271608836,-1.6284970758263737,-0.18124267943946204,0.04417243690531767,0.05269121789717677,0.1904220860304025,0.5802244341181763,-0.5569835918715285,0.0022674969102906496,0.18129333765655234,0.8705458603312208,0.6973335052996089,0.6391108700881045
-0.10272612336835799,0.5087234043615528,0.8369817903237733,0.5474085645095356,0.2543119844266461,0.8490357987612834,-0.4945632561982431,-0.6807629696920082,0.4734831624680258,0.21985009511873652,-1.1208262550410184,-0.6535205844976311,-0.5171481201568732,0.16390563068930533,1.0713401331628545,0.358540897795913,0.6382784656503497,0.3315771554079379,-0.17637214653034097,1.9246323595058068,0.24894132165143973,0.29698495158448024,-0.989195270413371,-1.0395041084832604,0.49128370497627055,-0.28211984076883767,-0.3646045148709796,0.2720556618114438,-0.20917087553519617,0.40917996748537,-0.5259101633025971,0.8032773105394513,1.1549938700865352,0.06298405626952937,-0.7296828891782067,0.7862645613479274,0.5493733228612717,-0.6849114413004657,-0.23086076873156655,0.37032370698955136,0.29611022513904733,-1.1229414249852157,5.807676522241779e-4,-0.2742484153393007,-1.4341399976920293,-0.6333475689640723,0.7944223004302116,0.6803312239244573,-0.7211511515244942,0.33299860313868107,0.058758516696139906,-0.5997202799526363,0.25874359582405804,0.21505569981039774,-0.4180363950624014,1.2478712764214865
-3.811696105014305,0.49430399453239043,-0.3585037618757938,0.7626743671948499,3.3369303150098344,2.5489664805675143,1.9078409764745532,-0.13922589216339645,0.5153088650877367,-1.7637642821043265,-1.8265246199510834,0.07436416614673312,-0.8389191987942681,-0.1468954219562695,0.6516152814479769,1.100230537085366,0.3315771554079379,2.0837918564224673,0.700489385711858,1.5928372512605806,3.115996901429407,0.7957087104412309,-1.4039500176528763,0.6583606929420001,-0.936740429757255,0.8605702991793949,1.3116616904553668,0.7229848255725012,0.1450714992854751,-0.05581362631806899,0.5664084509658643,2.042470975049776,3.2941206221765436,2.238310734724176,-1.7397833388828408,-0.11682396096918735,1.6512802596178757,0.3788689977835747,-0.3395985241638987,-0.5170055754253308,-0.21310674275268557,-0.09022916319746424,-1.287654948200478,0.9905481248286233,-2.466104369654076,0.03601629790825127,-0.4282647941211735,-0.3356835978045162,0.8708804584976122,0.9952694742047602,-1.2034337329439233,0.39778750405456925,0.20960660695389158,1.679781804150632,1.7324049949794393,0.5189166887688577
-1.529133615233308,-0.045240009145830463,-0.5600336739332692,0.04691179213310026,1.257951586002308,0.638866576867935,1.0336590516216824,0.2770620644174748,-0.0194858943596318,-0.8389370745253368,-0.20599862892479226,0.35207894945276513,-0.09342572810175169,-0.14148890664737754,-0.25658217961861995,0.27967902011442675,-0.17637214653034097,0.700489385711858,0.37711385396085734,-0.28608494099340726,1.1687608245183037,0.1835334014182003,-0.09543794059257736,0.783962933650731,-0.6295138717876705,0.4953129298168005,0.7228037292160021,0.16590296639293506,0.16288197068333737,-0.22416328829715207,0.49321316311086266,0.4513915748400228,0.7971515685909154,0.8966240321513091,-0.3622627687332261,-0.4350687911105145,0.4141883471606506,0.4938265548249094,-0.027267746144144057,-0.39617561558592657,-0.23377466544390887,0.5145996508604582,-0.5340726892521304,0.5454730233949912,-0.3167816324082968,0.32622937474266905,-0.5679251691425409,-0.47344779466024506,0.7153598013123696,0.24878972610143527,-0.5275138468928033,0.4595923741173496,-0.04036761698849118,0.5903355097490834,0.9234051869251614,-0.39855225022436575
-1.475701059126369,1.6053420629508437,2.277683762087045,1.7990137449481338,1.7610733815190691,3.2140732207566978,-0.8197159170703293,-1.986215938203596,1.5112665589518413,0.08032151983278184,-3.7656945869472738,-1.842202567749779,-1.7362962427356394,0.4222425853200687,3.2599632273876447,1.3646681853876146,1.9246323595058068,1.5928372512605806,-0.28608494099340726,5.987411253671757,1.6771958403628764,1.094497429050366,-3.258896989320196,-2.7626944954440757,1.1116172642047006,-0.5382483365703489,-0.6337351384897452,1.0007908305235933,-0.5520111793549077,1.1505638849605093,-1.3253337319119705,2.926337989938325,4.318504247098779,0.8741585439674047,-2.6223886632168036,2.207901511626567,2.0802931941367886,-1.8373258203655354,-0.7642717143500133,0.8965845711531093,0.7790455122013157,-3.2330813751347858,-0.39781894908834853,-0.47545480710843563,-4.858362552569016,-1.7965225677261756,2.134577666698392,1.8376602169564513,-1.7881332148456384,1.2592043587117208,-0.20562994944840338,-1.588311464561858,0.8035296350845311,1.1349277515992073,-0.6557130934850116,3.722640062041104
-5.912170241014096,0.5578102942554986,-0.9130386746078449,0.9608335756018374,5.106414842596008,3.6246226836091795,3.189457158150465,0.06945247985065388,0.6056536910639151,-2.848488012240233,-2.3811832008158063,0.3917480632204191,-1.0926987998775253,-0.29859740407672664,0.5663417015226455,1.5678586958054659,0.24894132165143973,3.115996901429407,1.1687608245183037,1.6771958403628764,4.763651259961359,1.1181460399505552,-1.776530629501442,1.4668742835821151,-1.670852686008619,1.4635358401908318,2.203112464870388,1.0148808743131807,0.31490034071303424,-0.25980239287627077,1.1067510901177835,2.8525971787762177,4.659926365687,3.470637755243013,-2.410620716062151,-0.5139757052174871,2.3483907593032036,0.880672839297567,-0.43324519006391515,-0.9640019098975473,-0.4578805499205194,0.3325337801259547,-2.012007798578441,1.6631998929467706,-3.248515201218543,0.32335054661404516,-1.0041547359694585,-0.8114091364449486,1.6647957090057373,1.4146047406514028,-1.905106032435874,0.8744283102609796,0.21841542254567828,2.533895697631831,2.88303771324719,0.28469789233834913
-1.30874553369024,0.3138713082955881,0.12327641108233613,0.41523554699754134,1.1934350923897086,1.1023746247887096,0.4963541759236496,-0.24494378787896254,0.31106787840867145,-0.5278907899759817,-0.9388787100107563,-0.16519971502369638,-0.431956395771171,-0.0015323073094244217,0.5302899759548818,0.4734895052667912,0.29698495158448024,0.7957087104412309,0.1835334014182003,1.094497429050366,1.1181460399505552,0.35371205025892943,-0.75901268338267,-0.08175195174399873,-0.1716226850658907,0.20665219024148568,0.3339964192033095,0.321689908692545,-0.012093413327464874,0.10016714920406089,0.03708384749052493,0.9192273342088951,1.4415660331982108,0.7693102793066315,-0.7960636300453466,0.18978238225702773,0.713958079258849,-0.07235433151404719,-0.18108548707905678,-0.06588865826643037,0.014506934520205149,-0.35696351497300616,-0.43161012397876725,0.2523121292218475,-1.244987347043631,-0.17213691006040444,0.08733663615631058,0.08516929161917854,0.0824434522490786,0.4307673538996895,-0.38680388869777416,-0.040932622219777955,0.14566275041405705,0.6262629165397121,0.4596527927579472,0.5374268393885339
1.909153368734191,-0.8955174207225979,-0.9277623582270509,-1.071092174162948,-1.8863182534838867,-2.297335237073287,-0.24152889826292162,0.955234601907726,-0.8593148656636925,0.5337317086404667,2.316372520368246,0.8201109094409137,1.0669976224476025,-0.14598785296883324,-1.7045935967432955,-0.9812311510261152,-0.989195270413371,-1.4039500176528763,-0.09543794059257736,-3.258896989320196,-1.776530629501442,-0.75901268338267,1.9475132659863121,1.053063883133667,-0.2063051671818712,-0.03171888318488924,-0.1338722772851304,-0.6924461564097607,0.20600105142586753,-0.5091302145713248,0.4240871114345759,-2.001681298434151,-3.044501468398959,-1.1245799431605408,1.7644392588414595,-0.9740101183991978,-1.4874181841266108,0.7194314903799197,0.46005537396113905,-0.24356500115540886,-0.2880130106396566,1.510689913481617,0.5987353051700757,-0.10246841565923571,3.0240540868160934,0.8115659499330646,-0.8395820743916995,-0.7334596190886402,0.537670354641287,-0.8989315535064153,0.48352912598356396,0.5991246512185995,-0.4360217296047261,-1.0634401736587942,-0.25990659593649235,-1.8737665644254056
-2.1889684896385884,-0.6842880785516037,-1.8604695946212708,-0.5916824970403775,1.5951644297918615,-0.06127873397438013,2.1625145816682494,1.243214979829821,-0.6025258383899122,-1.5353600693829788,1.0452309634359658,1.3237782082476057,0.4847060030183028,-0.4124535073697986,-1.685126530898588,-0.010923447059051376,-1.0395041084832604,0.6583606929420001,0.783962933650731,-2.7626944954440757,1.4668742835821151,-0.08175195174399873,1.053063883133667,2.4443520938047643,-1.5471918601638694,1.0908618118401276,1.5348693072926007,-0.07837452873015581,0.4996636251366168,-0.8345288847285759,1.3828305335488214,-0.2894675978433511,-0.19214537978044266,1.2802010764832115,0.3352784411154814,-1.6099559085794004,-0.03842633522290378,1.5761586242405636,0.23823793404766982,-1.0477238752098301,-0.7121824180836831,2.13793364944055,-0.8085875860739361,1.157131504645805,1.256797397071903,1.2602721017314904,-1.8209301564095872,-1.539899311424059,1.9552615881191626,-0.026760292736955127,-0.8692219719865898,1.4213365154625257,-0.3742798667038856,0.6327787460179287,1.9030449985086353,-2.113512122217926
2.2643141805455835,0.24814596553893192,1.1388676729553313,0.12306335223984054,-1.802401534809652,-0.6609004733761716,-1.7305781772463802,-0.6575697311741847,0.1961718820981591,1.3402595189702429,-0.08695581405645718,-0.7610842748906862,-0.042475404819854366,0.2707937429401585,0.7654110762176651,-0.2939241616109469,0.49128370497627055,-0.936740429757255,-0.6295138717876705,1.1116172642047006,-1.670852686008619,-0.1716226850658907,-0.2063051671818712,-1.5471918601638694,1.121598950715551,-0.845126614258349,-1.2165980465733104,-0.15323294920143393,-0.31929167402083236,0.48243270465372357,-0.9283801655298564,-0.3952187553420978,-0.7910457987307353,-1.3267544561986777,0.28680927923388305,0.9325615438407685,-0.42886279797114396,-0.9851238731187506,-0.04075334637164384,0.7275128206129969,0.45684012849385364,-1.1718705661932618,0.80330982098544,-0.9173616976030818,-0.030516676964336163,-0.7151612271235306,1.135946839434442,0.9534736395231604,-1.3317593965152252,-0.25635049592885795,0.814738471461926,-0.903991461004825,0.15223451489011805,-0.8122708804254483,-1.5374077038004301,1.040966126035977
-1.934751300641952,-0.10365958524986063,-0.7879162731541411,0.010043929364744743,1.5761332790798603,0.7353088651997549,1.359129686944324,0.4138828136244752,-0.06740962674839984,-1.0866140025573336,-0.16017255437881472,0.5069050008108277,-0.07187723563565497,-0.19470857390204985,-0.423435567327884,0.32306905986727574,-0.28211984076883767,0.8605702991793949,0.4953129298168005,-0.5382483365703489,1.4635358401908318,0.20665219024148568,-0.03171888318488924,1.0908618118401276,-0.845126614258349,0.6553220764930184,0.9520231331796114,0.18621289929259485,0.22612841923855959,-0.3222416698343318,0.6748114341050069,0.501190940590387,0.9089198115654781,1.134222307594061,-0.3944040169731996,-0.6243003086612761,0.4768169784958209,0.6898240924135474,-0.01369935658157391,-0.5374195770330296,-0.32419171393098356,0.7561461230832143,-0.6788670213466654,0.718192517158483,-0.27287599435985277,0.47225722266055664,-0.7941962078055463,-0.6637600762021998,0.9749614742162671,0.2860557003263772,-0.676094800411511,0.6387931054371279,-0.07475202951307584,0.731103079552876,1.2119381161661924,-0.6197224825481227
-2.8926423449567706,-0.10996269168004508,-1.1010694620729087,0.0628892702521801,2.371413257800233,1.170267705858035,1.9824164672379616,0.5572751949294584,-0.059028012504247086,-1.6002892574246608,-0.33685804051523976,0.6983015173760758,-0.15240486967230868,-0.27585140595037577,-0.5373171437474851,0.512906253171962,-0.3646045148709796,1.3116616904553668,0.7228037292160021,-0.6337351384897452,2.203112464870388,0.3339964192033095,-0.1338722772851304,1.5348693072926007,-1.2165980465733104,0.9520231331796114,1.3870219880301475,0.30135988863861596,0.31871940498815315,-0.44445466338136264,0.9597291945343384,0.8173178396910583,1.45580423627524,1.6960148134828774,-0.6517168363541168,-0.8616553970144479,0.7587623173826397,0.9681869845799418,-0.040634430905863404,-0.7685663953461719,-0.4572625167497729,1.0286839510342671,-1.011768325592724,1.0464248812261743,-0.532255460996612,0.6484250342713563,-1.1141591462205447,-0.929735849162775,1.3899947091606264,0.4555064809553448,-1.0025372537413377,0.89957971835741,-0.0887641495436498,1.1084945638493664,1.769732357697047,-0.814420472211942
-1.1874384361640795,0.2868346248149701,0.11534954017696972,0.37885617661564,1.083650006275161,1.0032914263333224,0.44788902244022266,-0.2248832455031892,0.2836758304401098,-0.47772861060317723,-0.8563859953691906,-0.15262177383243639,-0.39395640983212016,-7.617903951711629e-4,0.4855926655494545,0.43093774871996954,0.2720556618114438,0.7229848255725012,0.16590296639293506,1.0007908305235933,1.0148808743131807,0.321689908692545,-0.6924461564097607,-0.07837452873015581,-0.15323294920143393,0.18621289929259485,0.30135988863861596,0.2929670751459759,-0.011970682877027088,0.09278392130732843,0.031309635542853695,0.8368701729367983,1.312046259674652,0.6980001927093075,-0.7250764810671333,0.1752474603229675,0.6497799157940523,-0.06833343495110983,-0.16525377424857762,-0.05797155234068247,0.014595727688928882,-0.3285994228569673,-0.3917346553526844,0.2279352981187433,-1.1349379466768315,-0.15889604616542188,0.08274602712386166,0.08033144313499077,0.07159966456735237,0.39216751203619005,-0.35041095858388455,-0.03980289810819688,0.13315518843744437,0.5687969887244906,0.4150526712015733,0.4924787271835865
-0.4651524680026269,-0.1361883045171582,-0.3795773202527526,-0.11589530415495315,0.34196958602427235,0.0015608274498389984,0.44944568899421494,0.251512173342862,-0.11929624104879609,-0.32132959212306145,0.20219320644369346,0.26910285438322523,0.09378675156398587,-0.08449143280530687,-0.3385037211372041,0.0038124498710254942,-0.20917087553519617,0.1450714992854751,0.16288197068333737,-0.5520111793549077,0.31490034071303424,-0.012093413327464874,0.20600105142586753,0.4996636251366168,-0.31929167402083236,0.22612841923855959,0.31871940498815315,-0.011970682877027088,0.10225670257336246,-0.169766026990693,0.2838113230412069,-0.04748111314022849,-0.0208566162288146,0.2720958856004256,0.05852429137612379,-0.32732966257531704,0.0012689390176963773,0.32191064893037624,0.04650799309145827,-0.2155678678853921,-0.1457886293579908,0.43347591461235274,-0.17105548252522848,0.24018418719010617,0.24147839222641063,0.25602922600233896,-0.37200592227720314,-0.31447005729041044,0.4016731620722005,-8.898962937512258e-6,-0.18307421801211263,0.29071788189111497,-0.07480086340264287,0.1376717023835539,0.3957685732257425,-0.42604652287144323
0.4617042530086579,0.29384114159869723,0.6479225528266246,0.2837515392605117,-0.28675598220977716,0.24833940929190504,-0.6210131511791109,-0.46643947972714817,0.26550479494750456,0.40461540345602526,-0.543919053881607,-0.47705783620976,-0.2514763961199772,0.13761721895539722,0.6735050338093511,0.10154278199399526,0.40917996748537,-0.05581362631806899,-0.22416328829715207,1.1505638849605093,-0.25980239287627077,0.10016714920406089,-0.5091302145713248,-0.8345288847285759,0.48243270465372357,-0.3222416698343318,-0.44445466338136264,0.09278392130732843,-0.169766026990693,0.30008607155758044,-0.4550496148027754,0.2867081003294232,0.36210344836623415,-0.2692296013234541,-0.2767587073527062,0.5776838501116922,0.16041074078210737,-0.5421122367940264,-0.11718301180035484,0.33709042563303326,0.24142473982699392,-0.7891483722056576,0.18103126387838311,-0.33473107173616196,-0.6776440154537393,-0.457304791451124,0.6274076348829096,0.5329700344623572,-0.6372001628388119,0.0980817458926358,0.21095917853826285,-0.4841018329690156,0.15529153876297117,-0.08230401397172347,-0.5416887422120916,0.818013864058747
-1.5661138972600717,-0.31813196030486135,-1.0380697623025261,-0.24094977707154788,1.198073717239239,0.2262968853463282,1.358348655443224,0.6550737058501306,-0.2717605836629829,-1.0060148472643442,0.3770068633223932,0.7202517258225836,0.17562838269790582,-0.2369564624846302,-0.8409953998539919,0.10602219836222672,-0.5259101633025971,0.5664084509658643,0.49321316311086266,-1.3253337319119705,1.1067510901177835,0.03708384749052493,0.4240871114345759,1.3828305335488214,-0.9283801655298564,0.6748114341050069,0.9597291945343384,0.031309635542853695,0.2838113230412069,-0.4550496148027754,0.8021200855754191,0.05199120380235838,0.23170339493682005,0.9168584069693101,0.0035609443727765426,-0.8785296998501043,0.14728418582903952,0.8869921310558367,0.09373531270347793,-0.6167364622634895,-0.405172653469701,1.141856481432183,-0.5661387785880979,0.7235809549951748,0.4256761767680964,0.6821932029809981,-1.0239648915209627,-0.8632651486409463,1.1412739340180098,0.08678301098479757,-0.5904235998257731,0.8057177249135004,-0.18015983121916623,0.5115523384269489,1.200753639802722,-1.0849603512208545
-3.324504280379308,0.8357919576169246,0.37889959815821556,1.0955837123371786,3.0446361248391076,2.860644570314143,1.2180816696523267,-0.6745088844429066,0.8250447681807408,-1.319966480451944,-2.4683671874819297,-0.47059803418204127,-1.1356604364383893,0.009024443362590505,1.429073761342194,1.228268237325226,0.8032773105394513,2.042470975049776,0.4513915748400228,2.926337989938325,2.8525971787762177,0.9192273342088951,-2.001681298434151,-0.2894675978433511,-0.3952187553420978,0.501190940590387,0.8173178396910583,0.8368701729367983,-0.04748111314022849,0.2867081003294232,0.05199120380235838,2.392704699043163,3.74414642360555,1.9544002292502978,-2.075166420042875,0.5430217584862378,1.8526629141319853,-0.23744021323209272,-0.4772799787160399,-0.13713114843063476,0.06062861337527348,-0.9939519272936279,-1.0941462014557375,0.6180159278163521,-3.2682096440421273,-0.48669540072038175,0.2847617152043808,0.27026179707243897,0.1513705306095887,1.1181352943596978,-0.9751905656848096,-0.15164008343571822,0.3895775952808791,1.6038175811073492,1.1313948281649073,1.4605850737687076
-5.482772579082988,1.2447528754309303,0.39649032870611767,1.6646991379789138,4.976911215407533,4.50724081330808,2.1560878940789876,-0.9297321778135316,1.2365684546536675,-2.248988050017319,-3.7817845669202663,-0.5992842164740562,-1.7395239310544142,-0.030418724024459273,2.0725918262385723,1.936934354935282,1.1549938700865352,3.2941206221765436,0.7971515685909154,4.318504247098779,4.659926365687,1.4415660331982108,-3.044501468398959,-0.19214537978044266,-0.7910457987307353,0.9089198115654781,1.45580423627524,1.312046259674652,-0.0208566162288146,0.36210344836623415,0.23170339493682005,3.74414642360555,5.887152588117694,3.222475503375226,-3.2381728433020935,0.6825483900473992,2.9191995415104337,-0.20402305194455053,-0.7273290587618468,-0.3297598773204578,0.018607891123017625,-1.3369828234330658,-1.8140564737331204,1.1004781429086472,-5.020914580261654,-0.6315694868397206,0.25226090657432443,0.25980431091267375,0.4504744222659942,1.7614512146388737,-1.632842574127026,-0.08544852917348178,0.5742050362873489,2.599186866918998,1.9912407119941942,2.07588719813036
-4.346666888112832,0.3156192983562722,-0.8327557368494585,0.6058831261645783,3.7229998274870706,2.5159376177605033,2.4489405139060563,0.18027546795109506,0.3573718990246638,-2.145157237624528,-1.5463249520568194,0.4130341666652313,-0.7090301063264784,-0.25158263327242847,0.21543783507618847,1.089956306735793,0.06298405626952937,2.238310734724176,0.8966240321513091,0.8741585439674047,3.470637755243013,0.7693102793066315,-1.1245799431605408,1.2802010764832115,-1.3267544561986777,1.134222307594061,1.6960148134828774,0.6980001927093075,0.2720958856004256,-0.2692296013234541,0.9168584069693101,1.9544002292502978,3.222475503375226,2.5511208563063716,-1.6420577538376315,-0.528558622460363,1.6302068629775972,0.780161364772791,-0.2762580976892268,-0.78191109349935,-0.39411042473644803,0.45815249500289035,-1.48611916628746,1.2803331082622726,-2.1273002892999915,0.35866636672255603,-0.8918947216475654,-0.7279307783611181,1.365928032195167,0.9816619393441349,-1.4179518888234248,0.7592414470040524,0.11227775579404588,1.8304875642415575,2.2082278930485173,-0.02616007219222564
2.7928153152135136,-0.7453257105746981,-0.39212275397203766,-0.9662771350817586,-2.572114501095957,-2.471123406521458,-0.9755661114823208,0.625593670846502,-0.7329526006254634,1.0854922437383907,2.167087913895002,0.452506419466617,0.9971526025620343,-0.0221839517275949,-1.292457650153405,-1.0604984478381474,-0.7296828891782067,-1.7397833388828408,-0.3622627687332261,-2.6223886632168036,-2.410620716062151,-0.7960636300453466,1.7644392588414595,0.3352784411154814,0.28680927923388305,-0.3944040169731996,-0.6517168363541168,-0.7250764810671333,0.05852429137612379,-0.2767587073527062,0.0035609443727765426,-2.075166420042875,-3.2381728433020935,-1.6420577538376315,1.802814783844258,-0.5249107850464396,-1.6003504811382951,0.25998731200563896,0.42029421131510253,0.08159298958623445,-0.07733989426424247,0.9327360676070231,0.916216785360033,-0.4930558019820667,2.864637433931401,0.4642119605960475,-0.3095822686388344,-0.28724908006595123,-0.06217281476917964,-0.96603825679908,0.8111992193927833,0.18068166961158383,-0.34931775095023554,-1.362068967927176,-0.9098932550114146,-1.334471603974211
0.9063439796328953,0.56344765932287,1.2490557209332707,0.5429158140624193,-0.5675851189123781,0.46665449623013716,-1.204040072021719,-0.8976179087915465,0.5095105393926544,0.7868624330103415,-1.0386701825443663,-0.9187632818959898,-0.48032773961645175,0.26571687254657567,1.2935431907945927,0.19049871892368184,0.7862645613479274,-0.11682396096918735,-0.4350687911105145,2.207901511626567,-0.5139757052174871,0.18978238225702773,-0.9740101183991978,-1.6099559085794004,0.9325615438407685,-0.6243003086612761,-0.8616553970144479,0.1752474603229675,-0.32732966257531704,0.5776838501116922,-0.8785296998501043,0.5430217584862378,0.6825483900473992,-0.528558622460363,-0.5249107850464396,1.1130421462603637,0.3014161851388838,-1.0457255833350723,-0.2239928179162248,0.6510081751658402,0.4654951923652739,-1.5187633862498726,0.35484319176904006,-0.6493657291960759,-1.2938256567145299,-0.8804538684496909,1.209622342492663,1.027326871459751,-1.230573787284059,0.18418279747943234,0.4114083447845695,-0.9336244232845615,0.2980992328925193,-0.16595717081470251,-1.0507059451364436,1.5728730009024774
