V1,V2,V3,V4,V5,V6,V7,V8,V9,V10,V11,V12,V13,V14,V15,V16,V17,V18,V19,V20,V21,V22,V23,V24,V25,V26,V27,V28,V29,V30,V31,V32,V33,V34,V35,V36,V37,V38,V39,V40,V41,V42,V43,V44,V45,V46,V47,V48,V49,V50,V51,V52,V53,V54,V55,V56
26.20348371017062,9.772705218633082,13.12318722917766,23.363299125367433,0.3075616968918485,-49.538878345895064,-25.883683352555952,-1.1561251136535415,35.92660465487448,4.432057006014976,21.67401384781702,-16.994059405616415,37.85127873119057,-9.10971792488513,-17.554684094681726,2.525045645032015,-29.43700391576661,1.0426679209446177,6.876743751572944,15.489690997554623,-10.951324407212446,4.44570075597134,-11.118282542897445,-3.991408044559446,0.06179711121883527,-23.799175601004908,9.49345984036429,28.55392188868396,-17.44141027479783,14.759394397878221,33.619458919970356,11.482346805465466,-8.203880595608238,-20.648231921642882,21.323437273751708,28.40163310123332,15.073231584756655,-6.047268131691585,-43.49861534430473,-35.77112552088649,3.136641323318107,-16.406032944674998,-19.88620654035743,5.441240150966296,-9.692200150900922,2.263363998683809,15.171156871670005,-11.561430515858937,11.089166092406229,17.565680551895912,22.748870207489492,9.269832731801099,24.924113155681454,10.05422195857582,11.996512509740626,25.89741747811836
9.772705218633082,4.656176531733476,4.555487524131604,8.271807427542258,-0.2899515071650617,-18.614273143182544,-8.727846737520755,0.35738276969666,13.50738036407639,0.9856155668555464,8.940867759667931,-4.995295812488356,13.375041074386845,-2.216726882323479,-6.147211032550252,0.62482757878562,-10.318421495736146,-0.07779028570368708,3.5064054318325817,5.432107708099233,-4.4397141397060045,0.7614436419201847,-3.4893345902512327,-1.309763793606416,-0.024294287725653035,-7.397227272252009,2.876946018241754,10.763806732304769,-5.6677912783098074,5.470397225161998,11.428052336736998,3.339796514190786,-2.389423703105108,-7.235692155492526,7.666614497572945,10.305576769121679,5.252149005013287,-2.268115014311265,-16.281104194559887,-13.628482472398854,1.1730846265751402,-6.142152324276354,-6.630871261165002,2.1611503695291905,-3.9938683949821887,0.40133159227461307,6.415069272331485,-3.8599284539230645,4.079060028888468,6.593606625399638,8.311394389118435,2.819242600490894,9.245066373833987,3.3518561131924978,4.572485439213274,9.50750526474837
13.12318722917766,4.555487524131604,6.68588262144333,11.84874578635731,0.2896133988074954,-24.763588894418998,-13.273152304946034,-0.8432137879329964,17.956394337077693,2.4432643886916607,10.567453928098603,-8.960813406387706,19.2051574632234,-4.957935507722411,-8.925679965463697,1.3707665158482332,-14.96381583094039,0.6785357284121465,3.1284975421685837,7.87306682470457,-5.365568416861881,2.5268951603196985,-5.7884743253633735,-2.058888491708382,0.04679816055527046,-12.414524946747216,4.976865676412265,14.26197741921234,-9.015432293808129,7.4032210036027895,17.20930046243236,6.0663938719934904,-4.333210286028123,-10.496863720206356,10.775009494414544,14.320189381746934,7.672737085793285,-3.0243132220014344,-21.76544560509912,-17.818533575894588,1.5698046950722786,-8.2085909187134245,-10.222653194477244,2.680910640994064,-4.727001617151849,1.2818886138967394,7.3443854368303825,-5.941603111452679,5.57266506364954,8.78301145308919,11.45098995959281,4.856258694826146,12.499379182711632,5.16865408645427,5.975134990039313,13.020521571019211
23.363299125367433,8.271807427542258,11.84874578635731,21.023810201702954,0.45092440708474707,-44.10889983709827,-23.48233590385934,-1.3751483168258776,31.985206648350495,4.24307888464508,18.950359118130148,-15.738393274539167,34.07250043401902,-8.637923224020758,-15.826549165583739,2.389735192658069,-26.53464590018418,1.1334230882696792,5.720179887784568,13.961351839004358,-9.609143392903713,4.355345301734218,-10.200191806042438,-3.6368750837394797,0.0757649230801483,-21.865318500561493,8.75427268068341,25.408983046942435,-15.916454023752316,13.174552342481288,30.460358494095235,10.649379741245236,-7.6073329096687345,-18.613294620542405,19.13710700397282,25.448482116798743,13.600783785723225,-5.386238177231362,-38.75844994079653,-31.768383310335093,2.795243083529688,-14.617552459139883,-18.073868772267648,4.793908490066208,-8.476115902280464,2.2113902789460744,13.1962413082917,-10.505643865576072,9.911977652250204,15.643227702584769,20.358631369743723,8.543662562690855,22.24465044545608,9.13819910126103,10.653280727490863,23.156369852917834
0.3075616968918485,-0.2899515071650617,0.2896133988074954,0.45092440708474707,0.1655125723924665,-0.5260384232851161,-0.674134898058549,-0.32907179129273323,0.37831933607678614,0.3190251316337877,-0.08866606880241888,-0.7366826212856685,0.7410560730165605,-0.5793525895049714,-0.3660380450486175,0.1564281281757905,-0.6096767216336682,0.1989457008261229,-0.2960511432920789,0.31978030586138095,0.013639753569292219,0.41090846231903877,-0.39347786577113125,-0.11840491953536271,0.019664028856794344,-0.8709961075183317,0.376966054616275,0.28934246297222255,-0.539621933589376,0.18691261963832667,0.8389020496786495,0.511904511738191,-0.36445530236134044,-0.42846502713192025,0.3647318677829219,0.44816335869087515,0.3247469408713374,-0.06587537785758867,-0.4873164019010086,-0.30484349456138243,0.03551357679178443,-0.1831834617914034,-0.5478004614186271,0.011127535617326,0.03792445806761845,0.20372794755930806,-0.12477153109215801,-0.3165282050915754,0.15284361393634072,0.1892094146288449,0.33619072066992384,0.3640590555221453,0.31274827957979096,0.27721256538212213,0.10146697331087626,0.36440612213081314
-49.538878345895064,-18.614273143182544,-24.763588894418998,-44.10889983709827,-0.5260384232851161,93.6745029241308,48.807525999434944,2.077702200744156,-67.9357348322129,-8.287629120110529,-41.09313968187202,31.944146079685403,-71.45799150976444,17.06061820692448,33.13314731612702,-4.730311790218955,55.561581836529314,-1.9072917390777715,-13.129785007809907,-29.23674374502462,20.752660637471653,-8.282003557960179,20.929615859785862,7.521436304164272,-0.11032983249847818,44.790885835880346,-17.85692065166087,-53.99818144060522,32.85913239082387,-27.898613358405854,-63.40701836539505,-21.578811438360525,15.417998695107336,38.97271232903629,-40.273746186882995,-53.65526825307466,-28.446015438502062,11.434389666350539,82.24407633913813,67.66633467337047,-5.930421744607756,31.01956902620663,37.48815977756487,-10.304968234020073,18.37546019238134,-4.218339961237799,-28.78542402973954,21.795507522560097,-20.956823043184333,-33.21453178463937,-42.984104313018946,-17.437663339833787,-47.11326381146876,-18.953460184527103,-22.69342941737316,-48.93956916854001
-25.883683352555952,-8.727846737520755,-13.273152304946034,-23.48233590385934,-0.674134898058549,48.807525999434944,26.41485547669933,1.863674098465212,-35.38894727308905,-4.9887052872501805,-20.624787877451062,18.01545210437233,-38.068165860880846,10.079142790882198,17.706386277407017,-2.784242253755168,29.681973696790777,-1.457003677679574,-5.9310291536492095,-15.616237203160278,10.492459664260707,-5.211975920741113,11.584116886256803,4.106364881758198,-0.10435496127017159,24.862032757184085,-9.98497127885221,-28.100663601781633,17.994585778785872,-14.610538189722748,-34.22540276451401,-12.204842587879606,8.717130176133818,20.821921685504854,-21.324978434442425,-28.3175890553259,-15.227393749616217,5.961792424307874,42.914568531722544,35.07148094586786,-3.09538607163538,16.184349747168756,20.362617157470414,-5.254202384428416,9.226949946843757,-2.640967380360743,-14.293294994824778,11.833940065340208,-11.005723671796792,-17.312494022543035,-22.629468168546587,-9.740554612246804,-24.666142238762642,-10.295661305008148,-11.760117988374613,-25.719596964451185
-1.1561251136535415,0.35738276969666,-0.8432137879329964,-1.3751483168258776,-0.32907179129273323,2.077702200744156,1.863674098465212,0.6658333525793982,-1.5006080551710963,-0.7158575359423494,-0.2877484431984423,1.7966763051429608,-2.248372395827605,1.3225573037544374,1.0863107750306282,-0.358486248272712,1.8135649602135433,-0.4098444664770405,0.43080422629222465,-0.9522861782593544,0.2061126869987523,-0.8952059505828495,1.003015474238175,0.3155488289480402,-0.039635981102934495,2.203012300864881,-0.9363176134565526,-1.1705611087923347,1.4221675470699051,-0.677851269737662,-2.3491333970313595,-1.241532462086403,0.8845394221209311,1.2736929488018482,-1.1638424824541413,-1.4768267954421515,-0.9531194469462974,0.2568641611072178,1.8739036256950499,1.3541184603178367,-0.13585117856285545,0.705568765376927,1.4900514717668671,-0.13730002642492814,0.13203901733504111,-0.4451013759596569,-0.0792156800285046,0.8624826490239071,-0.5334697387546153,-0.7419520474689045,-1.138508850473973,-0.9064138622747847,-1.1390462318594115,-0.7538429774533999,-0.45263186049027937,-1.2603931828943074
35.92660465487448,13.50738036407639,17.956394337077693,31.985206648350495,0.37831933607678614,-67.9357348322129,-35.38894727308905,-1.5006080551710963,49.26922675929226,6.005113509349545,29.80831089509618,-23.156013528658196,51.81696644740263,-12.36344562140492,-24.025703171416787,3.4280326169914064,-40.289207793688725,1.379549081484216,9.529368291061266,21.20037463030734,-15.053034830802881,5.999244164024406,-15.173421100946467,-5.45329913471736,0.0796491991553843,-32.471666613404516,12.944996921529912,39.161475304753104,-23.82354871669845,20.232380066288954,45.97535580521172,15.6419962030288,-11.176195560212237,-28.260157817510766,29.205099922861983,38.90964926903731,20.626736985145467,-8.292549804253703,-59.645533895484455,-49.07525173491073,4.300883158597374,-22.496205497353344,-27.18101378742391,7.474405869867813,-13.329236166136802,3.0557558671869836,20.881716094772848,-15.803002616150149,15.19786437030655,24.08818611438239,31.171588404257573,12.64114448984596,34.16709958202277,13.742317317426062,16.458505180722117,35.49078391365195
4.432057006014976,0.9856155668555464,2.4432643886916607,4.24307888464508,0.3190251316337877,-8.287629120110529,-4.9887052872501805,-0.7158575359423494,6.005113509349545,1.189989405316635,3.1001710638928763,-3.7603315575775484,6.891616427633919,-2.319928495532017,-3.2330389336445116,0.6361846958156844,-5.414630332305673,0.484262431285328,0.5417954128805893,2.8474688082744763,-1.6178390123124298,1.3435466048820737,-2.3142532518153556,-0.7931082668440563,0.04167162079341673,-5.001121991879958,2.043637667346673,4.754075975388082,-3.50234814328976,2.5189468617181436,6.419103297568527,2.5640823042260417,-1.8298365393481215,-3.799361793154595,3.79538800068541,4.99316688576919,2.793265772399832,-1.0144229116486339,-7.319025054164011,-5.860662066639423,0.5283933722221422,-2.7594495904448304,-3.8820292382116,0.833358978920779,-1.3891762383927058,0.6749880468163462,2.066609308495428,-2.253710108111686,1.9130452369481616,2.9430826247115838,3.961836529154059,1.9888565133609095,4.248989994326157,1.9631151934643274,1.9642172882392077,4.479968103724209
21.67401384781702,8.940867759667931,10.567453928098603,18.950359118130148,-0.08866606880241888,-41.09313968187202,-20.624787877451062,-0.2877484431984423,29.80831089509618,3.1001710638928763,18.654431628629364,-12.918174821266117,30.67953715332056,-6.5339838100205485,-14.181213656457583,1.819909665371151,-23.78884851597523,0.46681230676514934,6.486393441953803,12.519826334786067,-9.35957609647481,2.917102708295417,-8.63916455975982,-3.149840565452483,0.010987387049564456,-18.43162312246355,7.289783940661941,23.715222741780618,-13.71688604139852,12.179146442992785,26.866643009787023,8.69841335897939,-6.217556815487071,-16.68467678309603,17.39500848058965,23.24894094668807,12.1544760232963,-5.01276642721974,-36.028807084709086,-29.831530267079934,2.597207423564951,-13.590004009214743,-15.782554751917884,4.612430867964267,-8.338246547571195,1.4967286071767936,13.190415485561672,-9.17978804227587,9.124248992822622,14.565270772476461,18.669971647009252,7.126599877084981,20.572981422840844,7.978934362546651,10.006185693956182,21.29278923382648
-16.994059405616415,-4.995295812488356,-8.960813406387706,-15.738393274539167,-0.7366826212856685,31.944146079685403,18.01545210437233,1.7966763051429608,-23.156013528658196,-3.7603315575775484,-12.918174821266117,12.803920562085453,-25.532898016074487,7.475617882733264,11.91582400247707,-2.058307377060341,19.967658856010512,-1.29573646915816,-3.2096908506712065,-10.503522230869368,6.63061848145207,-4.073532224627539,8.083269710733571,2.826029361403933,-0.10292047093664301,17.397960592251923,-7.037997745525282,-18.366421082065482,12.422748361999773,-9.617464002604835,-23.277868579578026,-8.69815877151766,6.2103645757978185,14.00877768125254,-14.208904214893527,-18.80057873900218,-10.266131751115045,3.9049708929192497,28.13354511918257,22.817429901796213,-2.029920708021759,10.608872359395376,13.940222311313116,-3.353878044317987,5.782483394448781,-2.055735535462634,-8.834259424880118,8.098082133718242,-7.267061677512909,-11.335783317069774,-14.98313708917729,-6.858848383180614,-16.231370067814087,-7.048839892676291,-7.649701301790366,-16.996100000837927
37.85127873119057,13.375041074386845,19.2051574632234,34.07250043401902,0.7410560730165605,-71.45799150976444,-38.068165860880846,-2.248372395827605,51.81696644740263,6.891616427633919,30.67953715332056,-25.532898016074487,55.22070091711669,-14.025101763227307,-25.651239148469735,3.8798779962746304,-43.006376331003864,1.848391224996985,9.242917546183898,22.62797871763282,-15.558714791770388,7.079446723367057,-16.54257374424995,-5.896804216424806,0.12397192042945383,-35.46276436846204,14.200176494778384,41.16255725160748,-25.808248188737977,21.34520043451725,49.378172257195125,17.277715656761387,-12.34216591271217,-30.167791086169427,31.011778007779835,41.236964555534016,22.04445014996399,-8.726006978396944,-62.791718418311405,-51.46104172695098,4.528540055801175,-23.681538584103688,-29.302182820158347,7.7632714913027945,-13.722454302045989,3.594204582074876,21.359802734503244,-17.032105065010708,16.06004021760595,25.34276020090396,32.9878571299426,13.858296312021574,36.04025064815411,14.81528031411217,17.257011455044253,37.51995401231154
-9.10971792488513,-2.216726882323479,-4.957935507722411,-8.637923224020758,-0.5793525895049714,17.06061820692448,10.079142790882198,1.3225573037544374,-12.36344562140492,-2.319928495532017,-6.5339838100205485,7.475617882733264,-14.025101763227307,4.545553351763238,6.569788064960169,-1.2478113619286295,11.004678033525678,-0.907294706244108,-1.2913239525386087,-5.787632461367353,3.392381065019822,-2.5923186580321658,4.632665639009357,1.5964237638581245,-0.07674723638757208,10.000288068901082,-4.075260309498205,-9.793189438613762,7.040800952413579,-5.171051032735802,-12.984348421530063,-5.092331036325022,3.6345962985128657,7.721476387875729,-7.747116268763683,-10.208898158715032,-5.671605917052314,2.0874567673220077,15.054590221429246,12.100316698150682,-1.086661275689221,5.676230849759239,7.830872898514563,-1.7377728023037105,2.9269059269316138,-1.3038194902661855,-4.39061161901316,4.547013221789199,-3.9213755270379207,-6.057251924452101,-8.110568817774075,-3.9675124970506515,-8.723892846730193,-3.9599270032904523,-4.0558253629162095,-9.179665990725248
-17.554684094681726,-6.147211032550252,-8.925679965463697,-15.826549165583739,-0.3660380450486175,33.13314731612702,17.706386277407017,1.0863107750306282,-24.025703171416787,-3.2330389336445116,-14.181213656457583,11.91582400247707,-25.651239148469735,6.569788064960169,11.918643306571175,-1.816915277644255,19.981975593591986,-0.8830289920193982,-4.234657975583886,-10.513455906858601,7.196188768595142,-3.3328315043250436,7.708412961359011,2.7447075107134595,-0.060124754431147544,16.52862332359946,-6.622422952671117,-19.0840564113213,12.015600355097659,-9.90138522234512,-22.96197693632209,-8.065123431361288,5.761088764900216,14.016927319278295,-14.398461166976825,-19.14075895453587,-10.244203311379284,4.046241331874399,29.11835792749461,23.850729734603007,-2.100058113670889,10.981735298190914,13.633182012104426,-3.59317057471892,6.343273517782999,-1.691386048508938,-9.864455707666146,7.924124386222127,-7.451452111138271,-11.751130586178009,-15.308665670107393,-6.462445963818424,-16.717545838883257,-6.893021840536472,-7.998025906083373,-17.409356260414782
2.525045645032015,0.62482757878562,1.3707665158482332,2.389735192658069,0.1564281281757905,-4.730311790218955,-2.784242253755168,-0.358486248272712,3.4280326169914064,0.6361846958156844,1.819909665371151,-2.058307377060341,3.8798779962746304,-1.2478113619286295,-1.816915277644255,0.34261424842856364,-3.0435098941817467,0.24669059687190859,0.3676067348276997,1.600681767186099,-0.943956709597873,0.7093306357389386,-1.2773361148094347,-0.44066157758577684,0.02078648391135184,-2.7567013056239404,1.122767837114843,2.7156677381685137,-1.9429795594500148,1.4329686495405287,3.587611969065779,1.4018153372082198,-1.0005564122469846,-2.1354713917881845,2.144418495321272,2.8267699201980276,1.5682681861429537,-0.5787355874338984,-4.17345149827484,-3.3569382191480766,0.3012359548575385,-1.573587351357447,-2.1624998306982097,0.4830329037233605,-0.8151796014097709,0.3568450776203888,1.2247735587222293,-1.2557044173156326,1.0863504143099305,1.6793941521373847,2.246323505696611,1.0931661837163666,2.417583276483726,1.0935302736848358,1.1252102643350295,2.5428819696711003
-29.43700391576661,-10.318421495736146,-14.96381583094039,-26.53464590018418,-0.6096767216336682,55.561581836529314,29.681973696790777,1.8135649602135433,-40.289207793688725,-5.414630332305673,-23.78884851597523,19.967658856010512,-43.006376331003864,11.004678033525678,19.981975593591986,-3.0435098941817467,33.50055560893037,-1.475964049282289,-7.110607994480242,-17.626242792328274,12.070745337748823,-5.579604942779111,12.91936703308319,4.600697552828962,-0.10031607933837423,27.701349073348073,-11.098209076723595,-32.00275261139846,20.140117975307785,-16.60301689206723,-38.49302583584043,-13.514607247282887,9.653772915189348,23.499885719952356,-24.141492418828182,-32.09371037901278,-17.17446313436402,6.7851785070708655,48.82843664985147,39.997641781498444,-3.521584195941414,18.415239737785452,22.853129495793688,-6.026643730778057,10.640725333192918,-2.8317194769180616,-16.549161871815958,13.283152357074682,-12.4945934601827,-19.70561186192179,-25.668964385051485,-10.830209864716823,-28.032726096679312,-11.554668888136549,-13.412701278518222,-29.19178302246538
1.0426679209446177,-0.07779028570368708,0.6785357284121465,1.1334230882696792,0.1989457008261229,-1.9072917390777715,-1.457003677679574,-0.4098444664770405,1.379549081484216,0.484262431285328,0.46681230676514934,-1.29573646915816,1.848391224996985,-0.907294706244108,-0.8830289920193982,0.24669059687190859,-1.475964049282289,0.25680364441956915,-0.16086100949611926,0.7754608453620266,-0.2717991625341226,0.5905871571415512,-0.7456734326719133,-0.24134401953439957,0.024303925844258376,-1.6293014448117435,0.6839761369512292,1.0833659090515908,-1.0802309293502144,0.6030675432515834,1.8501272549252872,0.891805027856925,-0.6356941029983808,-1.0362396830710037,0.9804704317542721,1.262528172008183,0.7702592702778656,-0.23474014836899906,-1.7040526652635,-1.2907303550247977,0.12330519260673042,-0.6419954946087133,-1.1538502937724016,0.15569392408605723,-0.2107409883976977,0.2943687569992276,0.25443963580405643,-0.6685750888217576,0.46740788068184147,0.6793918782379031,0.9849778996990963,0.6632201804205943,1.0150561094991826,0.583664375811961,0.4319842317078913,1.1001825028651173
6.876743751572944,3.5064054318325817,3.1284975421685837,5.720179887784568,-0.2960511432920789,-13.129785007809907,-5.9310291536492095,0.43080422629222465,9.529368291061266,0.5417954128805893,6.486393441953803,-3.2096908506712065,9.242917546183898,-1.2913239525386087,-4.234657975583886,0.3676067348276997,-7.110607994480242,-0.16086100949611926,2.6814971555800433,3.7439855180356907,-3.2049028786476916,0.3319121018773884,-2.3058701030111006,-0.8809660399528678,-0.027865340817944406,-4.868909982796677,1.873490855154237,7.600190537269133,-3.7978920560227922,3.84156883204841,7.789028538856945,2.1357599780325747,-1.5289394200841666,-4.985747764687511,5.3297023516072,7.186453821922978,3.611746453070101,-1.5989041968469115,-11.469713204049667,-9.655313156261201,0.8262072177466363,-4.327372524340465,-4.487244305919442,1.5507096180966293,-2.8965705013071497,0.18170711413548027,4.686207893261869,-2.613330842172627,2.857417070166518,4.6493578436296445,5.809150260213352,1.8387309987757625,6.493981230452082,2.268106289865394,3.2398773806785366,6.65578388421686
15.489690997554623,5.432107708099233,7.87306682470457,13.961351839004358,0.31978030586138095,-29.23674374502462,-15.616237203160278,-0.9522861782593544,21.20037463030734,2.8474688082744763,12.519826334786067,-10.503522230869368,22.62797871763282,-5.787632461367353,-10.513455906858601,1.600681767186099,-17.626242792328274,0.7754608453620266,3.7439855180356907,9.274014921692293,-6.352506623181325,2.933693757000671,-6.796471319135727,-2.420421998848691,0.05266508307103228,-14.572627489200471,5.838164937960665,16.840074565294394,-10.59555723448044,8.736386004372273,20.25212334221345,7.108958787544497,-5.078088454182496,-12.364407135916377,12.702475232483012,16.88691349425296,9.03622611492208,-3.5703796760302913,-25.69357121973426,-21.047409560797544,1.8530590287883166,-9.690121197571594,-12.023269054737082,3.1715432669771935,-5.600092870219709,1.4889172902897616,8.710062115631153,-6.988416604124644,6.574485493003743,10.369160620907918,13.506516391679568,5.697209744117954,14.750634597082083,6.079029673101081,7.057986508357705,15.360271975716786
-10.951324407212446,-4.4397141397060045,-5.365568416861881,-9.609143392903713,0.013639753569292219,20.752660637471653,10.492459664260707,0.2061126869987523,-15.053034830802881,-1.6178390123124298,-9.35957609647481,6.63061848145207,-15.558714791770388,3.392381065019822,7.196188768595142,-0.943956709597873,12.070745337748823,-0.2717991625341226,-3.2049028786476916,-6.352506623181325,4.7017969138978915,-1.5429806524364982,4.41577277976155,1.6053015815616976,-0.009186870606924899,9.426896495607645,-3.73444786826132,-11.973885590387862,6.995246131668166,-6.1564360951050645,-13.660532951931,-4.467675673902148,3.1931758812971136,8.466158007223964,-8.811277430569863,-11.769182344196532,-6.169790251927297,2.531844094752327,18.199964072089898,15.050984049051538,-1.312058887633305,6.864878876167873,8.035029921297218,-2.320394545291156,4.18390291280798,-0.7903518317858647,-6.6064896689938095,4.673112819966404,-4.6146242555775885,-7.356196080316122,-9.446778843085378,-3.6500162721149554,-10.398894663753332,-4.0621882016618756,-5.048303029679064,-10.770339748625064
4.44570075597134,0.7614436419201847,2.5268951603196985,4.355345301734218,0.41090846231903877,-8.282003557960179,-5.211975920741113,-0.8952059505828495,5.999244164024406,1.3435466048820737,2.917102708295417,-4.073532224627539,7.079446723367057,-2.5923186580321658,-3.3328315043250436,0.7093306357389386,-5.579604942779111,0.5905871571415512,0.3319121018773884,2.933693757000671,-1.5429806524364982,1.5490922580720365,-2.469014823571204,-0.8357315388253012,0.05244689102638005,-5.348712945728427,2.1990171765396545,4.742982457687454,-3.7011688811003767,2.5343888564286456,6.6883257108168035,2.783711849655908,-1.9860437653393128,-3.9155516291199417,3.8713341354066904,5.073004679231467,2.8848721547043543,-1.0146746116122853,-7.328498856351454,-5.814108693641733,0.52927868814242085,-2.762672552154099,-4.070494959101139,0.8063114992812049,-1.3082946605549224,0.7765411143785568,1.9029420998204267,-2.3621774801862263,1.9316591430544108,2.9426123289964146,4.012864844696115,2.138294216149527,4.273405931134719,2.058549233767726,1.948167960548496,4.527683262675601
-11.118282542897445,-3.4893345902512327,-5.7884743253633735,-10.200191806042438,-0.39347786577113125,20.929615859785862,11.584116886256803,1.003015474238175,-15.173421100946467,-2.3142532518153556,-8.63916455975982,8.083269710733571,-16.54257374424995,4.632665639009357,7.708412961359011,-1.2773361148094347,12.91936703308319,-0.7456734326719133,-2.3058701030111006,-6.796471319135727,4.41577277976155,-2.469014823571204,5.144712403969715,1.8097998790999792,-0.05697236122557237,11.059138608131626,-4.45943773905821,-12.041189188979605,7.94446693729852,-6.284697572323512,-14.98658278860687,-5.484600766421399,3.9165179219449953,9.063450819434985,-9.23354861326606,-12.237431912927068,-6.6357607161935945,2.557602880699724,18.41894858836215,14.991076180664399,-1.3287861252416175,6.945935730930675,8.948484956433132,-2.223086845856868,3.866065512724473,-1.248116140994539,-5.945297723411757,5.199292257763065,-4.742051060917172,-7.425659557022476,-9.764841549832303,-4.347850329633458,-10.608260091122537,-4.524648113259542,-5.026290238165665,-11.08659100708153
-3.991408044559446,-1.309763793606416,-2.058888491708382,-3.6368750837394797,-0.11840491953536271,7.521436304164272,4.106364881758198,0.3155488289480402,-5.45329913471736,-0.7931082668440563,-3.149840565452483,2.826029361403933,-5.896804216424806,1.5964237638581245,2.7447075107134595,-0.44066157758577684,4.600697552828962,-0.24134401953439957,-0.8809660399528678,-2.420421998848691,1.6053015815616976,-0.8357315388253012,1.8097998790999792,0.6396132963680964,-0.017788397692915948,3.8866712348779857,-1.563437294566091,-4.329186220194979,2.8047571086522884,-2.25425101299845,-5.3174042949489735,-1.9157102086810651,1.368168618714701,3.227467122490957,-3.298646557932474,-4.376980477374713,-2.3613463964529093,0.9188836651107479,6.6155881522122515,5.397944719706629,-0.4772051302101925,2.4948775254096,3.1680876859538567,-0.8055193292119779,1.409312374867013,-0.4230661642595811,-2.1770789649222095,1.8409993519823777,-1.6991631916302261,-2.668166793901281,-3.495760435354071,-1.5248291411061505,-3.8054562678447588,-1.6018593875437728,-1.8099611662713966,-3.971495073494871
0.06179711121883527,-0.024294287725653035,0.04679816055527046,0.0757649230801483,0.019664028856794344,-0.11032983249847818,-0.10435496127017159,-0.039635981102934495,0.0796491991553843,0.04167162079341673,0.010987387049564456,-0.10292047093664301,0.12397192042945383,-0.07674723638757208,-0.060124754431147544,0.02078648391135184,-0.10031607933837423,0.024303925844258376,-0.027865340817944406,0.05266508307103228,-0.009186870606924899,0.05244689102638005,-0.05697236122557237,-0.017788397692915948,0.002372067774615807,-0.12534181330761254,0.053451006654776444,0.061974148141610855,-0.08031256403046841,0.03641520424473875,0.13126564635107846,0.0711894987122648,-0.05072620699360741,-0.07046789162529445,0.06367921730262507,0.08041880194990123,0.05284786391082132,-0.013660225221005736,-0.09986137409345637,-0.07089273726874337,0.0072369869306432195,-0.03759018595300093,-0.0836747659615992,0.006661270248866079,-0.005119658709532596,0.026066668684701408,3.565356181462537e-4,-0.0484208711689656,0.028796215902187804,0.03943796666362034,0.06173564403832303,0.05172071471891219,0.06113725820745012,0.04233887800555048,0.02368399668935565,0.06813797905636187
-23.799175601004908,-7.397227272252009,-12.414524946747216,-21.865318500561493,-0.8709961075183317,44.790885835880346,24.862032757184085,2.203012300864881,-32.471666613404516,-5.001121991879958,-18.43162312246355,17.397960592251923,-35.46276436846204,10.000288068901082,16.52862332359946,-2.7567013056239404,27.701349073348073,-1.6293014448117435,-4.868909982796677,-14.572627489200471,9.426896495607645,-5.348712945728427,11.059138608131626,3.8866712348779857,-0.12534181330761254,23.777614431768612,-9.59276086619703,-25.76654686356846,17.064941562166783,-13.455120286999776,-32.15832874431837,-11.806961802837892,8.431107075494221,19.433758340595563,-19.785143318350524,-26.215165084803996,-14.230399907272657,5.473744965101351,39.42243604652206,32.06860901503574,-2.8440738222714215,14.866407971450837,19.210435591451645,-4.749249069205207,8.24857286760805,-2.703109164468741,-12.672422366766302,11.16142020630159,-10.15457227035579,-15.89193213690696,-20.91433867607211,-9.352077549090613,-22.711021034762258,-9.713481403309927,-10.751997569778247,-23.742048710733233
9.49345984036429,2.876946018241754,4.976865676412265,8.75427268068341,0.376966054616275,-17.85692065166087,-9.98497127885221,-0.9363176134565526,12.944996921529912,2.043637667346673,7.289783940661941,-7.037997745525282,14.200176494778384,-4.075260309498205,-6.622422952671117,1.122767837114843,-11.098209076723595,0.6839761369512292,1.873490855154237,5.838164937960665,-3.73444786826132,2.1990171765396545,-4.45943773905821,-1.563437294566091,0.053451006654776444,-9.59276086619703,3.8749667271763286,10.269888710313417,-6.8682601224420585,5.369722661981151,12.90894207413983,4.778561289692287,-3.4120620293881965,-7.78604160317557,7.913139794799059,10.47813033210147,5.703446284224527,-2.1825394550645165,-15.721319122935826,-12.77115172347698,1.1342609216340345,-5.928480217218052,-7.720353588300961,1.8848513206443513,-3.2626804270347676,1.1105756786706995,4.999781642564782,-4.48525357746398,4.054784129847715,6.336177055799175,8.355319273511137,3.777083281839776,9.063081808824949,3.9037285625693494,4.281783732908168,9.481695143432615
28.55392188868396,10.763806732304769,14.26197741921234,25.408983046942435,0.28934246297222255,-53.99818144060522,-28.100663601781633,-1.1705611087923347,39.161475304753104,4.754075975388082,23.715222741780618,-18.366421082065482,41.16255725160748,-9.793189438613762,-19.0840564113213,2.7156677381685137,-32.00275261139846,1.0833659090515908,7.600190537269133,16.840074565294394,-11.973885590387862,4.742982457687454,-12.041189188979605,-4.329186220194979,0.061974148141610855,-25.76654686356846,10.269888710313417,31.1281589522627,-18.911137503660274,16.079429445595455,36.50939563501242,12.405608404314254,-8.863885408198666,-22.4477099286853,23.203754353382287,30.916757052346895,16.383462102591796,-6.591151947005103,-47.40699761465124,-39.01232801608716,3.4183705175612498,-17.880302011901517,-21.581038073023493,5.944239241752948,-10.604497993443017,2.416258144730596,16.61768295781152,-12.547321129032735,12.077446674432807,19.14611535004126,24.769863490942853,10.029111622110424,27.154080596911164,10.911033637561665,13.083728325734198,28.20330713578328
-17.44141027479783,-5.6677912783098074,-9.015432293808129,-15.916454023752316,-0.539621933589376,32.85913239082387,17.994585778785872,1.4221675470699051,-23.82354871669845,-3.50234814328976,-13.71688604139852,12.422748361999773,-25.808248188737977,7.040800952413579,12.015600355097659,-1.9429795594500148,20.140117975307785,-1.0802309293502144,-3.7978920560227922,-10.59555723448044,6.995246131668166,-3.7011688811003767,7.94446693729852,2.8047571086522884,-0.08031256403046841,17.064941562166783,-6.8682601224420585,-18.911137503660274,12.302019886942427,-9.852352697609037,-23.296641627709562,-8.422927919048135,6.015332336451511,14.128730801048563,-14.429928228434099,-19.142005008063915,-10.338745364315407,4.014587914307442,28.905208310446525,23.571842798499652,-2.0850957848155307,10.900681141412644,13.886868950605681,-3.5126730429753388,6.137496789250222,-1.8729981299506846,-9.471692535795974,8.069502969732019,-7.428028537026132,-11.65686841766722,-15.28506549892246,-6.698141419788155,-16.63163230398653,-7.021552061495292,-7.903667014146827,-17.3627028378294
14.759394397878221,5.470397225161998,7.4032210036027895,13.174552342481288,0.18691261963832667,-27.898613358405854,-14.610538189722748,-0.677851269737662,20.232380066288954,2.5189468617181436,12.179146442992785,-9.617464002604835,21.34520043451725,-5.171051032735802,-9.90138522234512,1.4329686495405287,-16.60301689206723,0.6030675432515834,3.84156883204841,8.736386004372273,-6.1564360951050645,2.5343888564286456,-6.284697572323512,-2.25425101299845,0.03641520424473875,-13.455120286999776,5.369722661981151,16.079429445595455,-9.852352697609037,8.314548266795496,18.974054965825378,6.499406451110236,-4.643581566352839,-11.646060028279923,12.020324927065584,16.00722853396039,8.502651638329175,-3.4057547639326966,-24.49909687383386,-20.138746903011313,1.7666314289405456,-9.24007977926992,-11.227675100069398,3.0603811521309563,-5.446427796778818,1.2898318395416801,8.51973972114857,-6.527375653899544,6.248001647188122,9.892623238108072,12.819384810773773,5.242893702236225,14.040477488888408,5.6765991311953545,6.75383765859602,14.592099259396054
33.619458919970356,11.428052336736998,17.20930046243236,30.460358494095235,0.8389020496786495,-63.40701836539505,-34.22540276451401,-2.3491333970313595,45.97535580521172,6.419103297568527,26.866643009787023,-23.277868579578026,49.378172257195125,-12.984348421530063,-22.96197693632209,3.587611969065779,-38.49302583584043,1.8501272549252872,7.789028538856945,20.25212334221345,-13.660532951931,6.6883257108168035,-14.98658278860687,-5.3174042949489735,0.13126564635107846,-32.15832874431837,12.90894207413983,36.50939563501242,-23.296641627709562,18.974054965825378,44.35351410667868,15.766948016125125,-11.26160407439463,-27.002709610564033,27.672362895459443,36.75476187268041,19.744851389674263,-7.744725435318395,-55.7455752873936,-45.579242645235134,4.020777744194151,-21.023437324473726,-26.37704587782344,6.836464330194654,-12.018981085658062,3.3901036113637293,18.633757314010758,-15.32971639396446,14.289811812068354,22.490466771170553,29.376971918667333,12.593808523812822,32.033445343917656,13.336603458806591,15.283738723702953,33.3926186907147
11.482346805465466,3.339796514190786,6.0663938719934904,10.649379741245236,0.511904511738191,-21.578811438360525,-12.204842587879606,-1.241532462086403,15.6419962030288,2.5640823042260417,8.69841335897939,-8.69815877151766,17.277715656761387,-5.092331036325022,-8.065123431361288,1.4018153372082198,-13.514607247282887,0.891805027856925,2.1357599780325747,7.108958787544497,-4.467675673902148,2.783711849655908,-5.484600766421399,-1.9157102086810651,0.0711894987122648,-11.806961802837892,4.778561289692287,12.405608404314254,-8.422927919048135,6.499406451110236,15.766948016125125,5.910036705278564,-4.219580210641032,-9.481552738674653,9.610507762208115,12.71298427337337,6.949416318881682,-2.6380211779794815,-19.006914563169005,-15.4069677474976,1.3714435104299298,-7.167260500492167,-9.446445485754111,2.2615003245591465,-3.8937790859239305,1.4044776541460546,5.94255678158263,-5.487421321313034,4.91211111164372,7.657748040490702,10.129680437182294,4.656617084678032,10.96879093828576,4.776590298715532,5.165225072783092,11.489011981508702
-8.203880595608238,-2.389423703105108,-4.333210286028123,-7.6073329096687345,-0.36445530236134044,15.417998695107336,8.717130176133818,0.8845394221209311,-11.176195560212237,-1.8298365393481215,-6.217556815487071,6.2103645757978185,-12.34216591271217,3.6345962985128657,5.761088764900216,-1.0005564122469846,9.653772915189348,-0.6356941029983808,-1.5289394200841666,-5.078088454182496,3.1931758812971136,-1.9860437653393128,3.9165179219449953,1.368168618714701,-0.05072620699360741,8.431107075494221,-3.4120620293881965,-8.863885408198666,6.015332336451511,-4.643581566352839,-11.26160407439463,-4.219580210641032,3.012673297070227,6.772878516570629,-6.865586094402228,-9.082240477245682,-4.96403565090026,1.8848425030673532,13.580195705934756,11.00883300682161,-0.9798662190642707,5.120917811824675,6.746771798578154,-1.6162089804522541,2.783232991931178,-1.0020638962484227,-4.2482388677966565,3.919203583009693,-3.5094011867010177,-5.4714208850098975,-7.23687195974699,-3.325017316361636,-7.836788140450026,-3.4115055088169224,-3.6907437389423303,-8.208152818593682
-20.648231921642882,-7.235692155492526,-10.496863720206356,-18.613294620542405,-0.42846502713192025,38.97271232903629,20.821921685504854,1.2736929488018482,-28.260157817510766,-3.799361793154595,-16.68467678309603,14.00877768125254,-30.167791086169427,7.721476387875729,14.016927319278295,-2.1354713917881845,23.499885719952356,-1.0362396830710037,-4.985747764687511,-12.364407135916377,8.466158007223964,-3.9155516291199417,9.063450819434985,3.227467122490957,-0.07046789162529445,19.433758340595563,-7.78604160317557,-22.4477099286853,14.128730801048563,-11.646060028279923,-27.002709610564033,-9.481552738674653,6.772878516570629,16.484649528597384,-16.934337069682677,-22.512329964153945,-12.047569195375742,4.759353274309009,34.249998964421664,28.055276416757316,-2.47016112219347,12.917098578524504,16.03163456987778,-4.227050046954899,7.463049056556244,-1.9871703036942088,-11.606688312954924,9.318218780653984,-8.764290056844747,-13.82217654331857,-18.005529938612206,-7.5980049614659135,-19.66331597873774,-8.105687434176012,-9.407975930127693,-20.47652426232324
21.323437273751708,7.666614497572945,10.775009494414544,19.13710700397282,0.3647318677829219,-40.273746186882995,-21.324978434442425,-1.1638424824541413,29.205099922861983,3.79538800068541,17.39500848058965,-14.208904214893527,31.011778007779835,-7.747116268763683,-14.398461166976825,2.144418495321272,-24.141492418828182,0.9804704317542721,5.3297023516072,12.702475232483012,-8.811277430569863,3.8713341354066904,-9.23354861326606,-3.298646557932474,0.06367921730262507,-19.785143318350524,7.913139794799059,23.203754353382287,-14.429928228434099,12.020324927065584,27.672362895459443,9.610507762208115,-6.865586094402228,-16.934337069682677,17.433139382293486,23.193366603315337,12.370545694014249,-4.917436455704783,-35.38114939589686,-29.0279240288671,2.5515609810568773,-13.34399722463256,-16.40490945485732,4.390600669088855,-7.779932557618566,1.967080622141109,12.131653859647471,-9.536097195741728,9.03999152763241,14.282314029216028,18.5610988898932,7.72389167972945,20.296612202553824,8.294299891115548,9.734511151102302,21.117092729924114
28.40163310123332,10.305576769121679,14.320189381746934,25.448482116798743,0.44816335869087515,-53.65526825307466,-28.3175890553259,-1.4768267954421515,38.90964926903731,4.99316688576919,23.24894094668807,-18.80057873900218,41.236964555534016,-10.208898158715032,-19.14075895453587,2.8267699201980276,-32.09371037901278,1.262528172008183,7.186453821922978,16.88691349425296,-11.769182344196532,5.073004679231467,-12.237431912927068,-4.376980477374713,0.08041880194990123,-26.215165084803996,10.47813033210147,30.916757052346895,-19.142005008063915,16.00722853396039,36.75476187268041,12.71298427337337,-9.082240477245682,-22.512329964153945,23.193366603315337,30.865589593546105,16.44251574899248,-6.550936815953621,-47.131126499767774,-38.690314841138736,3.3988369351980396,-17.775641982179973,-21.777338611643824,5.860295937813307,-10.397704056709557,2.578857477169879,16.229094586551604,-12.659513723307796,12.035488368760504,19.027191340418522,24.70626693752508,10.228452718632886,27.029259922643725,11.010536982522996,12.974971329093595,28.112740377019566
15.073231584756655,5.252149005013287,7.672737085793285,13.600783785723225,0.3247469408713374,-28.446015438502062,-15.227393749616217,-0.9531194469462974,20.626736985145467,2.793265772399832,12.1544760232963,-10.266131751115045,22.04445014996399,-5.671605917052314,-10.244203311379284,1.5682681861429537,-17.17446313436402,0.7702592702778656,3.611746453070101,9.03622611492208,-6.169790251927297,2.8848721547043543,-6.6357607161935945,-2.3613463964529093,0.05284786391082132,-14.230399907272657,5.703446284224527,16.383462102591796,-10.338745364315407,8.502651638329175,19.744851389674263,6.949416318881682,-4.96403565090026,-12.047569195375742,12.370545694014249,16.44251574899248,8.805669571318301,-3.4739532429241,-25.000815319259072,-20.471872408789185,1.803119376358633,-9.428800345887137,-11.726348619570903,3.0818517863133565,-5.43682527638119,1.463734386287668,8.450512071966008,-6.815677038245711,6.399612392229888,10.088947696207784,13.149165831081927,5.5654192493036065,14.355731750272282,5.928930684416055,6.864921151630878,14.952347934976192
