V1,V2,V3,V4,V5,V6,V7,V8,V9,V10,V11,V12,V13,V14,V15,V16,V17,V18,V19,V20,V21,V22,V23,V24,V25,V26,V27,V28,V29,V30,V31,V32,V33,V34,V35,V36,V37,V38,V39,V40,V41,V42,V43,V44,V45,V46,V47,V48,V49,V50,V51,V52,V53,V54,V55,V56
16.922007153271373,12.615776926638402,5.607805805218361,28.774522420356192,-5.7066148135580885,28.19522790317415,-22.120410486581093,9.929932838209147,-28.227909708438986,4.458243597576948,-2.1842417446093823,-17.033601195743994,-20.71329747622876,-11.951671272619263,-7.269297825886249,-18.942098406793384,-11.10367107306832,1.3012751290229458,-1.330416997181664,-4.204873141066584,-13.853536434388769,13.307069256338151,6.351981664010004,-11.633498996774659,0.8244301714989888,-1.0834129650570288,2.3059699643774687,10.492442668728998,20.453361992045437,-2.1095888207993005,18.339305481655927,-16.170424156212015,-8.122395117644729,-0.9612839630580787,-8.593258251414614,-0.501331898342512,-7.502844379188708,25.643831943289733,-13.19673180985195,26.006392339317447,14.683938679922122,7.429361382531068,27.8959109426915,0.24094260906915568,-20.02741524700641,-6.784804733761119,-19.493782193352033,-27.538970799747776,-2.613645315544316,0.5403373975031027,10.37414826007415,30.33369066426458,2.1593168475121,4.425683725373713,-2.5029455294607237,0.7354405931693941
12.615776926638402,9.438521482553279,4.2318860594638386,21.485299615695762,-4.104381072337993,20.917905476195827,-16.485394839898447,7.429744749456552,-20.997712688184546,3.1497571410369027,-1.6863672503649345,-12.704612988734114,-15.366083593104056,-8.748378298753101,-5.358558077191878,-13.983380758591624,-8.153669893215968,0.9842083299012223,-0.7672074236898925,-3.0048098782030666,-10.24079299160993,9.739050769973298,4.650628157513865,-8.62052841714051,0.611520181061024,-0.7979872103000963,1.7405228723662733,7.78772210165311,15.240732278849901,-1.5852182511846713,13.76386396207824,-11.789058196124994,-5.966732336606967,-0.8313425828998774,-6.31935656628195,-0.26673631894168287,-5.607965358665547,19.028495158009566,-9.790354634712513,19.317958342799944,10.813221911712352,5.465934827193398,20.723671964021335,-0.007352831101592291,-14.92849015924239,-4.998197405946867,-14.455191186340844,-20.48799840719255,-1.8991252770107794,0.3595394644652337,7.646902307952181,22.555306892604854,1.6566414749841132,3.312307716272495,-1.7098724764845392,0.5196207404615615
5.607805805218361,4.2318860594638386,2.0176185028420166,9.614879493021956,-1.3565944904390048,9.093269237340587,-7.285607060689615,3.3601234173062142,-9.161517905721178,0.955061922663457,-0.8663507553576524,-5.678975460055644,-6.61055196485224,-3.483923437782698,-2.1282380209088188,-5.87063579728222,-3.269348942694773,0.43739807000830755,0.2389153813629959,-0.9794042275895755,-4.284264863964852,3.8668089861716717,1.8235179405841215,-3.690660917724081,0.27283498377560755,-0.3170347122696902,0.8819483575363294,3.3225168698680694,6.659369144216892,-0.7611056817309775,6.290904065720528,-4.557165711864215,-2.3701376829950185,-0.6707776279624166,-2.557159987098352,0.1455084969783306,-2.550845528768805,8.1264210719132,-4.182416296006834,8.394290119820512,4.400632749758011,2.2578011752062346,8.96518518860545,-0.5435509571868496,-6.584008074218221,-2.0058018315612616,-6.1012177660886096,-8.93541787340139,-0.6527598034053851,0.07168027319551167,3.205571039437099,9.813382713889812,0.9120368537278828,1.4756065197998562,-0.4199630138988577,0.17763127044455956
28.774522420356192,21.485299615695762,9.614879493021956,48.973945791114275,-9.446115362159297,47.80614248872427,-37.59391077553203,16.917839406401523,-47.908614919585276,7.314573568477512,-3.7914910188801487,-28.978959340988105,-35.096984326953546,-20.07851335024148,-12.233585849818958,-32.00172864771127,-18.6789162711381,2.2233253423320902,-1.9182762317132653,-6.94569170611906,-23.411201760248048,22.352705386890168,10.664020426270138,-19.696398719764332,1.4002770094209749,-1.8228550145903375,3.9730017321764213,17.76982391111375,34.73551585859644,-3.615512006873761,31.300279614320868,-27.092157061235334,-13.656518851257172,-1.8121095208865527,-14.47097449799059,-0.6933820848943885,-12.785562868196001,43.43206055590857,-22.34848073625101,44.11153975758883,24.74156382072065,12.524378547370112,47.30446463942358,0.10539468921330587,-34.03604844434186,-11.42213276047408,-32.9830703097733,-46.74119544469055,-4.345438551709854,0.8620764169902316,17.51665855721466,51.46757829009408,3.7621089816003033,7.534369742547919,-4.041241115443588,1.2139324070300908
-5.7066148135580885,-4.104381072337993,-1.3565944904390048,-9.446115362159297,3.7530279468620513,-10.325182558674726,7.621341156935558,-3.122286712739657,10.187694553770012,-3.2559981264241253,0.27202185508702775,5.621044436093085,7.845529696171615,5.624701732728024,3.4348710128276143,7.746583375956942,5.135956940651526,-0.4321976487156145,2.730543167705787,2.816308259016539,5.7183894757615406,-6.306377679498091,-3.096526998730755,4.479463355081404,-0.27549792547019575,0.5118765902143535,-0.36092708542190677,-4.079664819119976,-7.335797153501587,0.4933707610139601,-5.496524684839473,8.140074728202586,3.8411726992366972,-0.8593359833735971,3.8855022838691995,1.2088997327452795,2.305145027295303,-9.9384777937656,5.109781106345665,-9.524813447060875,-6.540826931837417,-3.184817558255887,-10.368229779274621,-2.1967664163480922,6.947926780652772,3.1288578302173233,7.831346894897407,9.954089552391078,1.6242140139857664,-0.531156011497867,-4.265634301144057,-11.05740862888739,-0.04392483788583158,-1.4750205972893076,2.1893286109401826,-0.4610047771982698
28.19522790317415,20.917905476195827,9.093269237340587,47.80614248872427,-10.325182558674726,47.406184574281944,-36.91779753052087,16.434326805947773,-47.31882251504362,8.264833478835024,-3.3975021927487545,-28.333486962955615,-34.90577174805198,-20.68051804040616,-12.517797573018788,-32.214528447693866,-19.13984237559844,2.139926718174447,-3.3008134212051314,-7.655351675836822,-23.549840099007184,23.039554311551896,11.019814585626653,-19.647284277468138,1.3782407800563943,-1.866851822825694,3.6776428274310677,17.70902797645197,34.225090986164986,-3.426198414807984,30.191454318421624,-28.220407125405984,-14.023579029239748,-1.0426584161921382,-14.768381974851813,-1.3365901662089639,-12.409316295019062,43.27708891849929,-22.274520268694626,43.681702831750464,25.1838619479501,12.714571380726447,46.89773135432065,1.3675431009926842,-33.43174976267874,-11.666856278743571,-33.00111741415322,-46.16283645809397,-4.66769784354746,1.0798682555030907,17.671281426971543,50.89760580421742,3.3081973464697754,7.3469513622072675,-4.847506884970085,1.339742758710886
-22.120410486581093,-16.485394839898447,-7.285607060689615,-37.59391077553203,7.621341156935558,-36.91779753052087,28.93425778922574,-12.966374359970523,36.96274888069452,-5.973566376236431,2.8209284942431876,22.254143979790005,27.15057906403034,15.754795046037517,9.596713847662837,24.872526708673156,14.634215834090448,-1.7039626989037864,1.928319381185098,5.613512910916243,18.199121981256702,-17.54435218112554,-8.384374679509198,15.256488081134464,-1.0762914841420845,1.4300599730387265,-2.9720324629721477,-13.767829395935468,-26.78417486022624,2.7356213525544453,-23.925803203544856,21.358858049412632,10.716301355019453,1.1574032898550393,11.316708682026794,0.7398227195676497,9.787908505265348,-33.64233796459071,17.3132342299078,-34.05872111352592,-19.33507859174607,-9.768206692856714,-36.55087122190081,-0.4963086255505456,26.20199050999191,8.948046624472033,25.60429601646069,36.06137507729919,3.4873780645912493,-0.7314304919820486,-13.621435132415023,-39.72917428576773,-2.759715817411251,-5.7880262099694715,3.3739124784031307,-0.9763240890218662
9.929932838209147,7.429744749456552,3.3601234173062142,16.917839406401523,-3.122286712739657,16.434326805947773,-12.966374359970523,5.865724000708665,-16.487009175860603,2.391366776488939,-1.3461124645380411,-10.009121557932476,-12.045831262007185,-6.807454652788774,-4.152140456163296,-10.938299478107695,-6.339656899109251,0.7660802058240503,-0.48547893308372614,-2.2855243920522383,-7.993990956069698,7.570744099475551,3.6042017238491177,-6.761182588131438,0.48286202760494285,-0.6187005541203652,1.3984576099523254,6.096095365678266,11.955743264726511,-1.261273346236819,10.863247679564973,-9.137068111076982,-4.631988727573716,-0.7161161164691334,-4.915033991841015,-0.15716723450850653,-4.432502650337083,14.89631316136169,-7.668798166482999,15.162062896177886,8.421273158301451,4.274901544164978,16.248923703841776,-0.12847072248738967,-11.732420985388996,-3.884042887824823,-11.29741574126891,-16.080961741808995,-1.4481064003823605,0.26637156188931077,5.98632592741506,17.702644178910717,1.3494116425408142,2.604087628068352,-1.2821283907317416,0.4011151206762392
-28.227909708438986,-20.997712688184546,-9.161517905721178,-47.908614919585276,10.187694553770012,-47.31882251504362,36.96274888069452,-16.487009175860603,47.33610599740419,-8.066931128213698,3.4812378130636623,28.36769720245746,34.864752201567754,20.508915522118482,12.493450689790604,32.08470767502797,19.02702795674121,-2.172625039362516,3.0394973409850143,7.51842261944542,23.489641382448152,-22.850233019156597,-10.941490653120526,19.60854862895969,-1.3730322101166421,1.8617292202602305,-3.688462950416305,-17.70478535252741,-34.28887909884327,3.436531645195376,-30.35491812675997,27.938470993763126,13.953145525199703,1.1769910473616698,14.69188736292764,1.2082912007314142,12.433016250979177,-43.25570782357666,22.258785807340505,-43.6541132462694,-25.07470911202931,-12.636753307035454,-46.88591210290672,-1.1694351587357534,33.484776164316514,11.62977496196797,32.988838013252916,46.18601746798906,4.6367717201861005,-1.0229425772797944,-17.57716641640294,-50.906746810959284,-3.3491356657652136,-7.380830096554179,4.649000501463631,-1.3004100163663517
4.458243597576948,3.1497571410369027,0.955061922663457,7.314573568477512,-3.2559981264241253,8.264833478835024,-5.973566376236431,2.391366776488939,-8.066931128213698,2.900208652585915,-0.10089941372006259,-4.375985263829199,-6.289608993165178,-4.7236256707325355,-2.829150033192854,-6.332540547311324,-4.273867691706133,0.314773270638433,-2.5928236186725773,-2.4687060709816975,-4.652281329761336,5.296019943433872,2.5965079784703438,-3.6114156076722304,0.21965176528578695,-0.42264046940925115,0.22632773238749404,3.270243878018023,5.765998044119291,-0.35399381554302184,4.122949845810921,-6.901253162869258,-3.1944059548494033,0.9071000681497129,-3.2180102385718667,-1.1601384952716818,-1.7687030658712986,7.970245848683261,-4.102153715242895,7.5860590529199765,5.398307109418297,2.636503416009497,8.260450994925748,2.108877531129001,-5.441854190562251,-2.5820720108625883,-6.306387689741123,-7.877271757757712,-1.3845771122971304,0.49698323409517287,3.505504357315202,8.773469978773507,-0.07295765252029077,1.1328749647790202,-2.0137508913906585,0.41429908341560323
-2.1842417446093823,-1.6863672503649345,-0.8663507553576524,-3.7914910188801487,0.27202185508702775,-3.3975021927487545,2.8209284942431876,-1.3461124645380411,3.4812378130636623,-0.10089941372006259,0.41902840498920696,2.2257718688769783,2.4497817153480628,1.107653834202723,0.7073326058622372,2.0739797415601484,1.0699580995598892,-0.18307947864372978,-0.44394011678087436,0.17320340285713526,1.5214639676037678,-1.2246498652338587,-0.5714076572296921,1.3529544708605037,-0.10387054065092391,0.10477907947792872,-0.3912626633000688,-1.2257936585654663,-2.5560351139076647,0.3226196227288511,-2.575017957169017,1.361017285786488,0.7699108529618516,0.44158341970687287,0.8526685402614806,-0.2201116714829945,1.0213708338729464,-2.997520231775155,1.5412033243409116,-3.1573157183741944,-1.4878302750019368,-0.7693405554418378,-3.3622344678954303,0.5187377710402754,2.549041306964252,0.6703286398198631,2.220424294434635,3.3963989705428403,0.15955000555407933,0.03259682711164188,-1.1205120378580227,-3.713146414780998,-0.4436726734512729,-0.5865617263957779,-0.061955073643058085,-0.03009713616545396
-17.033601195743994,-12.704612988734114,-5.678975460055644,-28.978959340988105,5.621044436093085,-28.333486962955615,22.254143979790005,-10.009121557932476,28.36769720245746,-4.375985263829199,2.2257718688769783,17.155375443692144,20.793244441279427,11.929897609422275,7.2468681290265105,18.98137334356043,11.085348154091085,-1.3074945762037642,1.1934080121865305,4.141480367023514,13.874530900482094,-13.27926418625474,-6.330939756331898,11.67430875986661,-0.8307238582624514,1.0801857286560126,-2.351649903765233,-10.523057330778443,-20.55273201745698,2.139159629946322,-18.499212515170434,16.105881840381322,8.101431062686364,1.043428904827444,8.584358398342687,0.4393191017341017,7.568507117071081,-25.722690682154102,13.238421218471833,-26.12903562305323,-14.674504531802542,-7.4364004536132,-28.013925349022188,-0.10291142882145299,20.144020236378243,6.77115185357344,19.53250517466806,27.672946792839713,2.578643486300838,-0.5236002887295736,-10.396026713058548,-30.47614888491337,-2.2219374934646927,-4.4536949142971975,2.4386814213028485,-0.7283092778368352
-20.71329747622876,-15.366083593104056,-6.61055196485224,-35.096984326953546,7.845529696171615,-34.90577174805198,27.15057906403034,-12.045831262007185,34.864752201567754,-6.289608993165178,2.4497817153480628,20.793244441279427,25.760419632530024,15.387813942633118,9.355431591754279,23.832543834843698,14.24884168319912,-1.5862637935024075,2.712088257727383,5.808955232617362,17.450247630508567,-17.152974543135056,-8.226030870792556,14.50335813768888,-1.008824016675206,1.3944551356761452,-2.629787659867588,-13.095192662507866,-25.23465158359064,2.48101588922062,-22.114974225290517,21.069943952475487,10.460257826767835,0.6150126953320947,10.984726474413938,1.1087910406104242,9.078996110741107,-31.99214607681954,16.46216936878015,-32.19054559136117,-18.72230951188,-9.418015855233335,-34.596609942000214,-1.294033723564883,24.6025326956873,8.698117103375273,24.446189249571336,34.01959522919044,3.5457525689826803,-0.8296261631580653,-13.065754152548406,-37.51701635470709,-2.3237948891834725,-5.406008100762062,3.7090909265942975,-1.0034014781867664
-11.951671272619263,-8.748378298753101,-3.483923437782698,-20.07851335024148,5.624701732728024,-20.68051804040616,15.754795046037517,-6.807454652788774,20.508915522118482,-4.7236256707325355,1.107653834202723,11.929897609422275,15.387813942633118,9.879317392782959,5.962285840549766,14.604067869124528,9.070788297813404,-0.8913888074284737,2.9858076143614056,4.210310438914912,10.696582147809913,-11.03265390437911,-5.3270957819640445,8.714754172104303,-0.5850540589889786,0.8895908338309256,-1.283762772843552,-7.8690430005342025,-14.784347336977898,1.307158269628744,-12.301960714863409,13.83133994929632,6.6956879148818755,-0.3798194844293688,6.937871854104964,1.29314818860229,5.110692594565234,-19.213544117156427,9.888727421359437,-19.03762048681867,-11.763058981958425,-5.868020071768379,-20.530171581408045,-2.033266769225873,14.293720953560936,5.513305208758398,14.82874934685792,20.013737647946527,2.477347159741395,-0.706898702221025,-8.033709874270269,-22.133775919712484,-0.9431163768103599,-3.0937637353729626,3.0078657101872173,-0.7219531888532114
-7.269297825886249,-5.358558077191878,-2.1282380209088188,-12.233585849818958,3.4348710128276143,-12.517797573018788,9.596713847662837,-4.152140456163296,12.493450689790604,-2.829150033192854,0.7073326058622372,7.2468681290265105,9.355431591754279,5.962285840549766,3.670595660889823,8.842385372841875,5.508530391862277,-0.5682093647719958,1.763212970737771,2.5435402735063293,6.512245830269593,-6.663752207872864,-3.235553145699604,5.290447620905062,-0.34962586514490285,0.5463960403715156,-0.7539608140471626,-4.807793000554575,-9.048746738886486,0.78359444872509465,-7.541578284258087,8.347784197601047,4.083653410066898,-0.2070382577790648,4.2164423620421445,0.754041401879364,3.0984181672456295,-11.72579584803536,6.029800317764038,-11.569532628423897,-7.159110198181849,-3.541002714740319,-12.505169901708207,-1.2284375106243521,8.720821419889909,3.375575861045836,9.07478761598924,12.1998879799292,1.5335184612805266,-0.40580719516957864,-4.8460304141327395,-13.484364737659185,-0.5509686929177029,-1.902732270334591,1.7551504064507948,-0.4198260882838954
-18.942098406793384,-13.983380758591624,-5.87063579728222,-32.00172864771127,7.746583375956942,-32.214528447693866,24.872526708673156,-10.938299478107695,32.08470767502797,-6.332540547311324,2.0739797415601484,18.98137334356043,23.832543834843698,14.604067869124528,8.842385372841875,22.248205408250563,13.476383424232838,-1.4334507132237808,3.233559799478695,5.7649176096495225,16.285692114782893,-16.289073425217534,-7.8274711692572785,13.445901414851056,-0.9252674944619098,1.3186825667814897,-2.2877563175233084,-12.135069304000135,-23.183569699948126,2.2059993631352177,-19.972734774570718,20.1564267396201,9.909052144904706,0.17354065022614953,10.360028828369472,1.361967525954458,8.237366776246576,-29.643511412057922,15.255465472965211,-29.682398956681798,-17.622849519661163,-8.844582097420849,-31.932179227107117,-1.8583936879640541,22.545002813280114,8.208740384802256,22.723601372549812,31.30667868424519,3.4632147366398622,-0.8827254420335658,-12.214744185879093,-34.55917905216155,-1.9211028922810571,-4.926415093699453,3.8600444204609743,-0.9960204485955715
-11.10367107306832,-8.153669893215968,-3.269348942694773,-18.6789162711381,5.135956940651526,-19.13984237559844,14.634215834090448,-6.339656899109251,19.02702795674121,-4.273867691706133,1.0699580995598892,11.085348154091085,14.24884168319912,9.070788297813404,5.508530391862277,13.476383424232838,8.349720917259383,-0.8420677367372742,2.627784313094309,3.830547751630207,9.887189738369855,-10.131625531980708,-4.897421789455505,8.060397847751892,-0.5406724492299636,0.821270545939857,-1.2022450480537545,-7.291976786912224,-13.74043176681931,1.2209303453320235,-11.493005161843024,12.677606950455857,6.167467357406599,-0.2784932541270144,6.393020591674069,1.1308721763346272,4.753975657668637,-17.800804091178115,9.158274777782795,-17.64294873562247,-10.846107897379126,-5.400471601306101,-19.03280332127332,-1.7743917919276773,13.282395169357414,5.087500094294,13.735781582096141,18.572016702486227,2.274637665949761,-0.6272189739287952,-7.402974636587852,-20.529798415425663,-0.9008048951494558,-2.8851233634918634,2.688405919966615,-0.6501457903292845
1.3012751290229458,0.9842083299012223,0.43739807000830755,2.2233253423320902,-0.4321976487156145,2.139926718174447,-1.7039626989037864,0.7660802058240503,-2.172625039362516,0.314773270638433,-0.18307947864372978,-1.3074945762037642,-1.5862637935024075,-0.8913888074284737,-0.5682093647719958,-1.4334507132237808,-0.8420677367372742,0.11082925354478679,-0.06867605983276825,-0.3095746998992029,-1.0630145246901024,0.9956559368903769,0.48188723238997394,-0.8850782899792574,0.06118849520510399,-0.08417061376888142,0.17077117198486555,0.8100608231022787,1.5912591813756212,-0.16005527198218572,1.4342147910893508,-1.204520071655464,-0.621053694741864,-0.09014882848073048,-0.654378269886993,-0.020671509786137843,-0.5735078896262785,1.9771698201719605,-1.0145655708963066,1.992692226286342,1.1196297647449502,0.5547930644337823,2.14703387353583,0.0035751868489892493,-1.5491850026035108,-0.523023145915998,-1.5091214978188057,-2.123287129017422,-0.20514735910328696,0.031725558860613616,0.7774567619384514,2.3344672925755634,0.16212947867055968,0.34769004902174616,-0.15903161263263058,0.04832348810439078
-1.330416997181664,-0.7672074236898925,0.2389153813629959,-1.9182762317132653,2.730543167705787,-3.3008134212051314,1.928319381185098,-0.48547893308372614,3.0394973409850143,-2.5928236186725773,-0.44394011678087436,1.1934080121865305,2.712088257727383,2.9858076143614056,1.763212970737771,3.233559799478695,2.627784313094309,-0.06867605983276825,3.0199217978513317,2.102335561731818,2.3965294697331245,-3.3741889796926614,-1.7016925390694266,1.6228218451027627,-0.06766404896767854,0.26394471117762386,0.31580258126643834,-1.4835030675234615,-2.1034380263833166,-0.09679153529156463,-0.5210592360597108,4.706467228320826,2.0111110669892387,-1.4331465163921568,1.9183968880031264,1.3759904697076097,0.31720017148324847,-3.5977894175033707,1.8506272997803754,-3.0010901539571924,-3.144612046645795,-1.4642034330487304,-3.38154841013339,-2.6821776994064943,1.7919391723177496,1.5673911624082895,3.0573319408619906,2.976326200367026,1.1120423869375264,-0.5037303293615567,-1.8175806825006648,-3.4028309448693106,0.6672068535145376,-0.3057195443787822,1.957068106582015,-0.3438160845926091
-4.204873141066584,-3.0048098782030666,-0.9794042275895755,-6.94569170611906,2.816308259016539,-7.655351675836822,5.613512910916243,-2.2855243920522383,7.51842261944542,-2.4687060709816975,0.17320340285713526,4.141480367023514,5.808955232617362,4.210310438914912,2.5435402735063293,5.7649176096495225,3.830547751630207,-0.3095746998992029,2.102335561731818,2.12646127687427,4.245740384406028,-4.721273966977839,-2.3139726349467766,3.3189576623332497,-0.20535660997298516,0.3795037615665371,-0.26443923590834184,-3.0131825640165664,-5.397911478417719,0.3621121264711358,-4.004167235645658,6.106903195177584,2.8591804725408676,-0.678453342441031,2.8962176996636306,0.9355180289620543,1.6938924952109107,-7.3463193225091,3.7773507163815196,-7.046120236962249,-4.865473718951417,-2.375899476556037,-7.663874697633603,-1.688344638897559,5.115078471105252,2.3210424891791313,5.785259055036635,7.345031503374421,1.2081618799912146,-0.41244264872985337,-3.1812221011236237,-8.163544044137755,-0.01953581166760823,-1.0777687298297198,1.6849621632221345,-0.35374574159847233
-13.853536434388769,-10.24079299160993,-4.284264863964852,-23.411201760248048,5.7183894757615406,-23.549840099007184,18.199121981256702,-7.993990956069698,23.489641382448152,-4.652281329761336,1.5214639676037678,13.874530900482094,17.450247630508567,10.696582147809913,6.512245830269593,16.285692114782893,9.887189738369855,-1.0630145246901024,2.3965294697331245,4.245740384406028,11.944129006395533,-11.93740788595387,-5.748568432821563,9.838661678109654,-0.6736859378080802,0.9705227639973397,-1.6511744441464653,-8.897407922060577,-16.995550977711602,1.6037195983367447,-14.615647569012514,14.78014336336793,7.27914499652726,0.10932594339041617,7.602736664908523,1.0069445056932862,6.011417166477866,-21.730074046883498,11.177837946599418,-21.724424628958097,-12.929057402824542,-6.468064509970695,-23.389641628323886,-1.4108196643240354,16.506566474078735,6.03283627453844,16.673966885337173,22.927057064202007,2.5627093709918465,-0.6443030174521412,-8.931624219440682,-25.305318783026664,-1.3759074408881593,-3.6120508226680688,2.8237483297727923,-0.7245822037119559
13.307069256338151,9.739050769973298,3.8668089861716717,22.352705386890168,-6.306377679498091,23.039554311551896,-17.54435218112554,7.570744099475551,-22.850233019156597,5.296019943433872,-1.2246498652338587,-13.27926418625474,-17.152974543135056,-11.03265390437911,-6.663752207872864,-16.289073425217534,-10.131625531980708,0.9956559368903769,-3.3741889796926614,-4.721273966977839,-11.93740788595387,12.32406731612584,5.954724298557514,-9.71233231142618,0.6509695397841385,-0.9941226352607786,1.4188172830998274,8.774191839173476,16.476097821956916,-1.4504844787010207,13.682689201899446,-15.460184215782846,-7.480768407721107,0.44865114601604106,-7.749337732648141,-1.4623376078663979,-5.682533170397163,21.42406924266324,-11.024233950661282,21.214784631667143,13.133234618878785,6.5446623043077325,22.884023326674587,2.3145969130453676,-15.921201992309777,-6.157797464763516,-16.54083415246888,-22.301234172033336,-2.776206152660472,0.7948530527008865,8.958929547315433,24.663656492620312,1.0319838334459281,3.445112570937195,-3.3776447994994316,0.807619394087604
6.351981664010004,4.650628157513865,1.8235179405841215,10.664020426270138,-3.096526998730755,11.019814585626653,-8.384374679509198,3.6042017238491177,-10.941490653120526,2.5965079784703438,-0.5714076572296921,-6.330939756331898,-8.226030870792556,-5.3270957819640445,-3.235553145699604,-7.8274711692572785,-4.897421789455505,0.48188723238997394,-1.7016925390694266,-2.3139726349467766,-5.748568432821563,5.954724298557514,2.885393826502043,-4.657417063327885,0.3091763107213814,-0.4823625956886877,0.6525196945247125,4.2172287658808525,7.898399433355294,-0.6802502636514193,6.512869492547525,-7.487291490231729,-3.62309992068709,0.26206237512932795,-3.743948185251809,-0.7377656506291821,-2.699033339709991,10.29379764286871,-5.294629555046598,10.159208417771959,6.34150441438098,3.1468358227978217,10.97225416561396,1.1997865779352366,-7.615066216737791,-2.981791187635033,-7.964357949952284,-10.682053339746174,-1.3645688874151838,0.3901898959921556,4.30122565585,11.815138079261601,0.45597343629049425,1.6483950998994084,-1.656927604222082,0.3906851336636547
-11.633498996774659,-8.62052841714051,-3.690660917724081,-19.696398719764332,4.479463355081404,-19.647284277468138,15.256488081134464,-6.761182588131438,19.60854862895969,-3.6114156076722304,1.3529544708605037,11.67430875986661,14.50335813768888,8.714754172104303,5.290447620905062,13.445901414851056,8.060397847751892,-0.8850782899792574,1.6228218451027627,3.3189576623332497,9.838661678109654,-9.71233231142618,-4.657417063327885,8.17430646595523,-0.5671734151597091,0.7887922290641205,-1.4618627049274968,-7.37663299276512,-14.182589443176267,1.3845795228581164,-12.389189184159315,11.948415957607033,5.919856441410419,0.29393518091275533,6.207889119003643,0.6683107712681405,5.09375219505237,-18.01818574127745,9.274397140254813,-18.10961629792015,-10.581775983011132,-5.324834777556039,-19.465294068931208,-0.8114159511388523,13.821939188603865,4.9198643630897205,13.779010029301624,19.130664757701858,2.0204008917572227,-0.48099809566612073,-7.376101711359771,-21.10414004080845,-1.2803208168132767,-3.033796869767261,2.1433093060569015,-0.5743596044518542
0.8244301714989888,0.611520181061024,0.27283498377560755,1.4002770094209749,-0.27549792547019575,1.3782407800563943,-1.0762914841420845,0.48286202760494285,-1.3730322101166421,0.21965176528578695,-0.10387054065092391,-0.8307238582624514,-1.008824016675206,-0.5850540589889786,-0.34962586514490285,-0.9252674944619098,-0.5406724492299636,0.06118849520510399,-0.06766404896767854,-0.20535660997298516,-0.6736859378080802,0.6509695397841385,0.3091763107213814,-0.5671734151597091,0.0407034308811487,-0.052217946364757614,0.1150023515249796,0.5089150286126025,0.9913231349681632,-0.10395292251581104,0.8888716259018588,-0.7914050516828455,-0.39392913098893245,-0.045674733388891914,-0.4182795729100662,-0.02643563320025822,-0.366514389263695,1.244969994023486,-0.6410732208811705,1.2672846374503866,0.7138147941458824,0.36379602919686055,1.356839974794967,0.01091039456085014,-0.9732184635868233,-0.32798152906941563,-0.9439697919846328,-1.3388996641574566,-0.12445185722360125,0.028146600056672272,0.5082936682405772,1.4753176708160431,0.1076064499463284,0.21381244339987507,-0.1273389154899552,0.037328418035124
-1.0834129650570288,-0.7979872103000963,-0.3170347122696902,-1.8228550145903375,0.5118765902143535,-1.866851822825694,1.4300599730387265,-0.6187005541203652,1.8617292202602305,-0.42264046940925115,0.10477907947792872,1.0801857286560126,1.3944551356761452,0.8895908338309256,0.5463960403715156,1.3186825667814897,0.821270545939857,-0.08417061376888142,0.26394471117762386,0.3795037615665371,0.9705227639973397,-0.9941226352607786,-0.4823625956886877,0.7887922290641205,-0.052217946364757614,0.08136357262856866,-0.1128226453591364,-0.7162761146770108,-1.3476450715921322,0.11696791156041238,-1.1229492344880017,1.2454872341368504,0.6085531410416078,-0.03137173437110364,0.6285789152265839,0.11302142396442239,0.4619656034761826,-1.7470579994415343,0.8984892368139055,-1.724497853725574,-1.0671111566185745,-0.528361922942933,-1.8634979503587394,-0.18338092979866877,1.2992095086195328,0.5028222514120656,1.351697913077422,1.8178841292891534,0.22815712439637806,-0.060885268939481776,-0.7230679628468099,-2.0094261757099297,-0.08240637724029358,-0.2832148644908985,0.2629305535773736,-0.06292737502816419
2.3059699643774687,1.7405228723662733,0.8819483575363294,3.9730017321764213,-0.36092708542190677,3.6776428274310677,-2.9720324629721477,1.3984576099523254,-3.688462950416305,0.22632773238749404,-0.3912626633000688,-2.351649903765233,-2.629787659867588,-1.283762772843552,-0.7539608140471626,-2.2877563175233084,-1.2022450480537545,0.17077117198486555,0.31580258126643834,-0.26443923590834184,-1.6511744441464653,1.4188172830998274,0.6525196945247125,-1.4618627049274968,0.1150023515249796,-0.1128226453591364,0.4178932393693626,1.3002001338465197,2.670192297687216,-0.34103972021001466,2.63381411035077,-1.6196474412653625,-0.8542972363302478,-0.3903479222822066,-0.9506480526577104,0.15547258380194748,-1.0755060288399043,3.1897920610664,-1.6431902251710153,3.3771145414762973,1.6407704581609892,0.8670844272579601,3.579602034169298,-0.4407739974252767,-2.6758424429867462,-0.726738677017082,-2.3532471318885437,-3.593909951182334,-0.179041846328461,0.003237752886270446,1.253582412766061,3.939181995119729,0.45528440832747713,0.5998056774364208,-0.06283938626496831,0.05859239966036304
10.492442668728998,7.78772210165311,3.3225168698680694,17.76982391111375,-4.079664819119976,17.70902797645197,-13.767829395935468,6.096095365678266,-17.70478535252741,3.270243878018023,-1.2257936585654663,-10.523057330778443,-13.095192662507866,-7.8690430005342025,-4.807793000554575,-12.135069304000135,-7.291976786912224,0.8100608231022787,-1.4835030675234615,-3.0131825640165664,-8.897407922060577,8.774191839173476,4.2172287658808525,-7.37663299276512,0.5089150286126025,-0.7162761146770108,1.3002001338465197,6.671323821996016,12.823990191340537,-1.2405682538607243,11.184761497923185,-10.799915411672547,-5.363722297047464,-0.25357449938093896,-5.616961909316109,-0.608525478689827,-4.584628148749405,16.2905211259504,-8.38174323952159,16.343943186489465,9.574255694577056,4.80149913373749,17.58262330782616,0.768495198897213,-12.48117626219911,-4.460931879246781,-12.47228549727098,-17.278177830563546,-1.8463301832715242,0.4308834497713901,6.649181321237478,19.05801049477612,1.1322255789033606,2.744410580219203,-1.928041659255743,0.5139225439661812
20.453361992045437,15.240732278849901,6.659369144216892,34.73551585859644,-7.335797153501587,34.225090986164986,-26.78417486022624,11.955743264726511,-34.28887909884327,5.765998044119291,-2.5560351139076647,-20.55273201745698,-25.23465158359064,-14.784347336977898,-9.048746738886486,-23.183569699948126,-13.74043176681931,1.5912591813756212,-2.1034380263833166,-5.397911478417719,-16.995550977711602,16.476097821956916,7.898399433355294,-14.182589443176267,0.9913231349681632,-1.3476450715921322,2.670192297687216,12.823990191340537,24.866381372986595,-2.490723120550695,22.047770016730222,-20.12733492613223,-10.083302378726499,-0.9024637152733379,-10.615996701285548,-0.8257996236271886,-9.00770075717654,31.326066573006347,-16.11529697834224,31.603823800982894,18.122944505820016,9.116877476964914,33.95662017097165,0.7814028516456839,-24.272479628134224,-8.413036211206142,-23.895875795288003,-33.462065430214324,-3.3521663208276298,0.7177209898375234,12.688514737173893,36.87341128479536,2.432971827907448,5.360420341582075,-3.286783886251501,0.9246526492553174
-2.1095888207993005,-1.5852182511846713,-0.7611056817309775,-3.615512006873761,0.4933707610139601,-3.426198414807984,2.7356213525544453,-1.261273346236819,3.436531645195376,-0.35399381554302184,0.3226196227288511,2.139159629946322,2.48101588922062,1.307158269628744,0.78359444872509465,2.2059993631352177,1.2209303453320235,-0.16005527198218572,-0.09679153529156463,0.3621121264711358,1.6037195983367447,-1.4504844787010207,-0.6802502636514193,1.3845795228581164,-0.10395292251581104,0.11696791156041238,-0.34103972021001466,-1.2405682538607243,-2.490723120550695,0.29084559192349463,-2.358619513948611,1.707662517832123,0.8803791565086765,0.256777859246381,0.9559084070764738,-0.055959013581893716,0.9624806661320108,-3.038279199307298,1.5639180095380392,-3.1545237469663503,-1.6415491818747843,-0.8483985735479264,-3.362363610684301,0.21829290813282734,2.4698239880212514,0.7425051754809759,2.2726710928252754,3.3508828621262947,0.2336745694910534,-0.029828094905373748,-1.2076410631852692,-3.6801836742720835,-0.35275273126894424,-0.5506734005129053,0.16386458901717388,-0.06917318821006332
18.339305481655927,13.76386396207824,6.290904065720528,31.300279614320868,-5.496524684839473,30.191454318421624,-23.925803203544856,10.863247679564973,-30.35491812675997,4.122949845810921,-2.575017957169017,-18.499212515170434,-22.114974225290517,-12.301960714863409,-7.541578284258087,-19.972734774570718,-11.493005161843024,1.4342147910893508,-0.5210592360597108,-4.004167235645658,-14.615647569012514,13.682689201899446,6.512869492547525,-12.389189184159315,0.8888716259018588,-1.1229492344880017,2.63381411035077,11.184761497923185,22.047770016730222,-2.358619513948611,20.194009478433124,-16.436184038640636,-8.39144234364832,-1.5161045575093,-8.930028528878747,-0.11570701640951737,-8.21039626277776,27.33403801365821,-14.06551147889447,27.88563057897307,15.31079545718448,7.769471237333457,29.878540061353817,-0.5583453452551478,-21.654177671500726,-7.052933674232908,-20.697341278127855,-29.613788993623736,-2.5731649893085176,0.42904986924416594,10.914625878822235,32.57803923518524,2.582481383946065,4.822287216700351,-2.128779857974179,0.6981939247080171
-16.170424156212015,-11.789058196124994,-4.557165711864215,-27.092157061235334,8.140074728202586,-28.220407125405984,21.358858049412632,-9.137068111076982,27.938470993763126,-6.901253162869258,1.361017285786488,16.105881840381322,21.069943952475487,13.83133994929632,8.347784197601047,20.1564267396201,12.677606950455857,-1.204520071655464,4.706467228320826,6.106903195177584,14.78014336336793,-15.460184215782846,-7.487291490231729,11.948415957607033,-0.7914050516828455,1.2454872341368504,-1.6196474412653625,-10.799915411672547,-20.12733492613223,1.707662517832123,-16.436184038640636,19.50179830585205,9.376997463004864,-0.8589958965626333,9.67660398452018,2.0548061124600894,6.847332209797508,-26.365135982770887,13.565807170987853,-25.9793772204707,-16.374133505008455,-8.13442017954624,-28.057493458399463,-3.368748242061733,19.393631329646087,7.698726262025386,20.419350037390725,27.270336604284662,3.563366464708636,-1.061690296807734,-11.093744899090197,-30.18354387660018,-1.078369749617193,-4.178248613277992,4.469711280779326,-1.0403610192469068
-8.122395117644729,-5.966732336606967,-2.3701376829950185,-13.656518851257172,3.8411726992366972,-14.023579029239748,10.716301355019453,-4.631988727573716,13.953145525199703,-3.1944059548494033,0.7699108529618516,8.101431062686364,10.460257826767835,6.6956879148818755,4.083653410066898,9.909052144904706,6.167467357406599,-0.621053694741864,2.0111110669892387,2.8591804725408676,7.27914499652726,-7.480768407721107,-3.62309992068709,5.919856441410419,-0.39392913098893245,0.6085531410416078,-0.8542972363302478,-5.363722297047464,-10.083302378726499,0.8803791565086765,-8.39144234364832,9.376997463004864,4.563306634690675,-0.2507372359233133,4.718738623513527,0.8656064521926425,3.466038229512703,-13.088335210573208,6.733125496055152,-12.936625319312839,-8.006012179010394,-3.975285872600407,-13.96859337241687,-1.3890310721497625,9.730982959767275,3.764788352433822,10.117615055945851,13.621202996518916,1.7035858306578695,-0.46813544506737587,-5.440428506001225,-15.059940323986305,-0.6236081231814754,-2.114814759845854,2.00799964424794,-0.4804988762606097
-0.9612839630580787,-0.8313425828998774,-0.6707776279624166,-1.8121095208865527,-0.8593359833735971,-1.0426584161921382,1.1574032898550393,-0.7161161164691334,1.1769910473616698,0.9071000681497129,0.44158341970687287,1.043428904827444,0.6150126953320947,-0.3798194844293688,-0.2070382577790648,0.17354065022614953,-0.2784932541270144,-0.09014882848073048,-1.4331465163921568,-0.678453342441031,0.10932594339041617,0.44865114601604106,0.26206237512932795,0.29393518091275533,-0.045674733388891914,-0.03137173437110364,-0.3903479222822066,-0.25357449938093896,-0.9024637152733379,0.256777859246381,-1.5161045575093,-0.8589958965626333,-0.2507372359233133,0.8357691963248209,-0.1554727099908386,-0.662927336957829,0.5677619295048398,-0.634732459334236,0.3269424795869915,-0.9818922947781153,0.19780051190744047,0.03321687297732278,-0.9679760548923559,1.3664193653023606,1.0232584041188426,-0.1518879926986913,0.31393545275903184,1.1428285880004894,-0.3230718049414892,0.2072739520971337,-0.07179812068616281,-1.1942934777544487,-0.557268029010551,-0.27219299659635615,-0.7667784635798665,0.10554227414602471
-8.593258251414614,-6.31935656628195,-2.557159987098352,-14.47097449799059,3.8855022838691995,-14.768381974851813,11.316708682026794,-4.915033991841015,14.69188736292764,-3.2180102385718667,0.8526685402614806,8.584358398342687,10.984726474413938,6.937871854104964,4.2164423620421445,10.360028828369472,6.393020591674069,-0.654378269886993,1.9183968880031264,2.8962176996636306,7.602736664908523,-7.749337732648141,-3.743948185251809,6.207889119003643,-0.4182795729100662,0.6285789152265839,-0.9506480526577104,-5.616961909316109,-10.615996701285548,0.9559084070764738,-8.930028528878747,9.67660398452018,4.718738623513527,-0.1554727099908386,4.900437137780357,0.8223341761439378,3.6882799785601366,-13.713717881271121,7.053937466596716,-13.616944514600206,-8.315001074666542,-4.142364555134105,-14.684692425380247,-1.2697010278000485,10.270736925947562,3.8955500372668705,10.569115198218825,14.342185442229098,1.724009390503964,-0.46764914662678947,-5.6885975769868455,-15.847831622524442,-0.728873736046015,-2.2343702461701436,2.011637567486846,-0.4917179661174778
-0.501331898342512,-0.26673631894168287,0.1455084969783306,-0.6933820848943885,1.2088997327452795,-1.3365901662089639,0.7398227195676497,-0.15716723450850653,1.2082912007314142,-1.1601384952716818,-0.2201116714829945,0.4393191017341017,1.1087910406104242,1.29314818860229,0.754041401879364,1.361967525954458,1.1308721763346272,-0.020671509786137843,1.3759904697076097,0.9355180289620543,1.0069445056932862,-1.4623376078663979,-0.7377656506291821,0.6683107712681405,-0.02643563320025822,0.11302142396442239,0.15547258380194748,-0.608525478689827,-0.8257996236271886,-0.055959013581893716,-0.11570701640951737,2.0548061124600894,0.8656064521926425,-0.662927336957829,0.8223341761439378,0.6288004766897494,0.0986601912320163,-1.476793808238026,0.7599783279747754,-1.2085375186285046,-1.342436037997242,-0.6244237659205939,-1.3671292057174445,-1.2240628941042657,0.689865384424954,0.6699547955151872,1.2664714445559953,1.1828987682493526,0.48797952464558336,-0.22970532701573626,-0.768958276321189,-1.3604721828904316,0.3152777352156675,-0.10934985448158703,0.8867785826482403,-0.15455396191745657
-7.502844379188708,-5.607965358665547,-2.550845528768805,-12.785562868196001,2.305145027295303,-12.409316295019062,9.787908505265348,-4.432502650337083,12.433016250979177,-1.7687030658712986,1.0213708338729464,7.568507117071081,9.078996110741107,5.110692594565234,3.0984181672456295,8.237366776246576,4.753975657668637,-0.5735078896262785,0.31720017148324847,1.6938924952109107,6.011417166477866,-5.682533170397163,-2.699033339709991,5.09375219505237,-0.366514389263695,0.4619656034761826,-1.0755060288399043,-4.584628148749405,-9.00770075717654,0.9624806661320108,-8.21039626277776,6.847332209797508,3.466038229512703,0.5677619295048398,3.6882799785601366,0.0986601912320163,3.3567368304077725,-11.208776798351362,5.770848881771452,-11.438643068845739,-6.316971537543947,-3.216571979029224,-12.247406765162074,0.15213654434598164,8.852893029662205,2.9045622425411226,8.485425993289311,12.1252381853238,1.0661048243689226,-0.19870337075442085,-4.511443377228351,-13.34651501674665,-1.0440808021725556,-1.9624064044493217,0.9521362671525878,-0.3021746956223589
