V1,V2,V3,V4,V5,V6,V7,V8,V9,V10,V11,V12,V13,V14,V15,V16,V17,V18,V19,V20,V21,V22,V23,V24,V25,V26,V27,V28,V29,V30,V31,V32,V33,V34,V35,V36,V37,V38,V39,V40,V41,V42,V43,V44,V45,V46,V47,V48,V49,V50,V51,V52,V53,V54,V55,V56
1.7043836123907934,-0.16513017435189606,-2.5117068160359675,-2.0773577763180007,-4.14035478125413,-0.3280694443104598,0.056288290708911774,1.4474637351878015,-0.37923336899578125,-1.3815642872879015,0.9903419772053383,0.6433205733756697,1.5760606485873634,-1.994597078080877,1.5472098718780667,-1.1944078791411543,0.05918546735987802,1.238160516263801,-1.957006384589508,-0.5055309804920121,-0.9306585817165316,-1.34689036693123,1.5137075856870874,-1.0906754844575386,-1.4625693697627913,-1.3360269508651708,0.30257676982309784,1.670373808252843,-0.3756701936015883,0.19225883999326404,-0.015537348087039845,-2.1201616396996656,0.40848967291544497,0.7378390602951443,-0.16037497939263964,-0.2741056159803487,1.0108546461074726,0.34963491559725657,-0.33479662038794095,-0.5769419456646192,0.17743416724684158,-0.8716690262797653,1.1163553909097783,-0.8817665073102022,0.21739631181997413,-0.773039968652676,-1.5267416802741147,-1.48212249396988,0.3285446482194303,-2.0233840771509133,0.19373351478383846,-2.04575000851517,-1.1480772169680864,2.506573090752141,-0.8901123143133309,0.046306681219530625
-0.16513017435189606,0.06443080309269515,0.14014245985283275,0.3577531001673025,0.6773715596168254,-0.056574346044976256,0.03710155840721593,0.013118458718340373,0.17265161173928883,0.20396596344147844,-0.2762399369990764,-0.10056233429661274,-0.2741734110955985,0.48438148224892635,-0.33033323703995987,0.01668163108997123,-0.23027725213968472,-0.11875557856969134,-0.014001678720550774,0.061039393871680614,0.2591727166892071,-0.06604705040884415,-0.09481987346325078,0.04859742091386889,0.04304564834750145,0.3326657546721179,-0.1622623050713232,-0.3542163760210063,-0.17857868561698126,-0.26134276224811187,-0.34201660740189643,0.17243984123226772,0.024288338604053456,0.04029905386619303,-0.16340899756985833,-0.21069166583840918,-0.30009074583744105,0.12171423017785914,0.26306994828080416,-0.1714841121309476,0.23603925118098043,-0.042433660433052474,-0.24975547506549908,0.05044025484402933,0.316987068402213,0.5314613785236588,0.0537697181426348,0.3154648205595891,0.2008239270190433,0.32631638276735797,-0.009373867212978232,0.32989702363494594,-0.18540833215925043,-0.47926688772776893,0.1489950296930481,-0.05114528017657741
-2.5117068160359675,0.14014245985283275,4.367516519567752,2.7173675853780264,5.256287341335856,1.0211761591353306,-0.10597073500782248,-2.749819138593768,0.19106091351715268,1.9020007564054746,-0.8339654075932227,-0.7592993481099811,-1.9003306421018304,2.045107024347356,-1.6347648116237448,2.19302448677384,0.6727776028334596,-1.9022819379861902,3.637087243535112,0.630840335393031,0.6846994533755287,2.71181388350218,-2.4400467498668457,1.8134801401509746,2.5694911982954887,1.3041710990854711,0.21369391000900478,-1.7701171883484,1.3042575229758375,0.48286421114608474,1.291530209365547,3.3140456039354445,-0.8534458245751018,-1.58326792036939,0.6854971521362888,1.2884336601928514,-0.7804909775144346,-1.0922587188427886,-0.14298605415068455,1.5863934748657154,-1.0959729782261405,1.737157447695057,-1.1691371751504847,1.3896754337231723,-1.2290028857623596,-0.36864914137729615,2.7076496715917506,1.475998492007705,-1.1725156296481478,2.522224070608797,-0.2254653939305222,2.6974022230437913,2.6072448356240727,-2.9621590855939806,1.1850733415064114,0.11148927590396865
-2.0773577763180007,0.3577531001673025,2.7173675853780264,3.037931859537214,5.945432867018578,0.10788435840788262,0.06789100833499796,-1.2611702872008763,0.9056153145665877,1.9111448905196462,-1.7950711891499866,-0.90979470817486785,-2.318230297368507,3.378993459998674,-2.4755534451593824,1.1296700967685611,-0.8053029382977525,-1.5054009627632003,1.7178636166996033,0.6561718502998268,1.6888068653347792,0.999088275336376,-1.674814435988538,1.1424380588169993,1.4586784830845219,2.2907496425318787,-0.8061100962820322,-2.6644708645939525,-0.2442656452375622,-1.0269424227157053,-1.1060957287290691,2.4739165263291913,-0.28768069481105435,-0.5327132226821796,-0.3870928859586997,-0.441555574893996,-1.8919441663770225,0.0826476879608505,1.1584408206359604,-0.037993627056386516,0.6105502824282347,0.6474399710693128,-1.8208967717281512,0.9611371797872149,0.8344789865664471,2.4316389787399153,1.5509963243107492,2.3687444336788177,0.35791538159709785,2.891564978627197,-0.20714236130241062,2.9200831551858313,0.43175703967478807,-3.8261486397955515,1.2882760986029198,-0.209064772773947
-4.14035478125413,0.6773715596168254,5.256287341335856,5.945432867018578,11.783031422437045,0.09975007648301565,0.06966308249401386,-2.4716731175891167,1.7520944246042636,3.7519377107207754,-3.5719055147600836,-1.840911768144104,-4.619534033309866,6.666795696301922,-4.9404124775465785,2.205170865112254,-1.5908682248406192,-2.966383460613787,3.400258772923426,1.3430999899958875,3.415780625861176,1.972655216781006,-3.323189701494592,2.273125190184044,2.871299188641103,4.53902007567536,-1.704780736694552,-5.318368879761556,-0.4846704682316148,-2.005671610674698,-2.2409731735131406,4.889893469771569,-0.556705766943694,-1.0095380599910755,-0.6823105849222104,-0.9058470614226288,-3.769359046013185,0.18052218186813224,2.219908970642921,-0.04258475426547314,1.1901874888978679,1.2858552326877541,-3.613650102844161,1.9326902588826964,1.5204301755634633,4.796776306989471,3.025805067295137,4.772495980447632,0.6488462481606,5.763696396163928,-0.460815349259505,5.743102555753656,0.9234596146704405,-7.5765395651515695,2.5195943471716227,-0.4246679428410303
-0.3280694443104598,-0.056574346044976256,1.0211761591353306,0.10788435840788262,0.09975007648301565,0.5272076642711805,-0.02563346096188092,-0.7736364764958414,-0.195692363431531,0.16816726584742037,0.33080801467556986,0.03610972490231229,0.030811713982013145,-0.3487550905194964,0.22520441636251673,0.5696354740528472,0.6017361581410496,-0.3319865393545053,0.9645341649536238,-0.011415461475418593,-0.37296489387858994,0.8550920722906857,-0.4578958491529233,0.3718537850687144,0.6149246013107609,-0.2905749324953736,0.4977038555549035,0.24439092290624495,0.6827001535093632,0.5588539556061843,1.0091493423126423,0.5474684458249401,-0.2666016048595142,-0.5589667302799496,0.36411437893515736,0.7800201169234647,0.3898454726954863,-0.5385244010118582,-0.4401275480526541,0.7134575047350235,-0.6994226096638566,0.5301111202154946,0.2029001473455182,0.24300959709252365,-0.7599538566481309,-1.075984175910855,0.6739680965646716,-0.3143929864131539,-0.6035502119608526,0.01192853216074433,0.016830599158184523,0.12945986937447926,0.9435414613633026,0.09717362732534346,0.07536333342787528,0.13958889842247668
0.056288290708911774,0.03710155840721593,-0.10597073500782248,0.06789100833499796,0.06966308249401386,-0.02563346096188092,0.05283598535335819,0.1425715639738878,0.10869453356143219,0.024408219997985255,-0.08792145065487011,0.006003288588536226,-0.03510309127717599,0.1527733254003742,-0.07140342039196293,-0.09777792921664015,-0.1583825629378567,0.019549053894390885,-0.2064613258367982,-0.025395239160657068,0.07228989374141967,-0.1718139534092817,0.08238938462696178,-0.07619077283600613,-0.10618376421771351,0.1008087002968566,-0.04345283979923936,-0.07304906547028979,-0.16061630825712372,-0.1833020231766739,-0.23474003218440043,-0.08570078268529682,0.0584825265589982,0.0797396370707907,-0.16787498137174806,-0.16083989276950286,-0.10283764950813548,0.11267220115725558,0.17962648821888097,-0.1838922577762397,0.19297347969101136,-0.11664601707475362,-0.05337568985279059,-0.05844195196151068,0.29119886850442195,0.30366122284058056,-0.09180469124170328,0.044029980409503094,0.19786337266935067,0.020947290968428373,0.029684073592360305,0.04416850714939944,-0.26925260476585655,-0.10055711182883814,0.03119616874867888,-0.027126425933644126
1.4474637351878015,0.013118458718340373,-2.749819138593768,-1.2611702872008763,-2.4716731175891167,-0.7736364764958414,0.1425715639738878,1.9080864325512317,0.1755288809968414,-0.9539948713849422,0.11481795974243374,0.35807353856837854,0.8413936009263884,-0.58883273110143175,0.5689290790165842,-1.4780574510933786,-0.850575753078321,1.0908625985588885,-2.527813367810985,-0.34074203461496555,-0.03806261316966891,-1.9680675491989588,1.5161474830613133,-1.1653529762152377,-1.6895504373194863,-0.33880601413847017,-0.40094761798607303,0.6242230540178594,-1.1942958682345854,-0.7840803021994771,-1.4662162617381083,-1.9883242739721894,0.6317837250916869,1.143539142103451,-0.7657068420006038,-1.2312154608680268,0.03646719135946094,0.9510836218656581,0.5521636319584201,-1.3773393942383714,1.1553698794832983,-1.2652812214641858,0.3957859373165395,-0.8709844812191565,1.3960843655761384,1.1478106950448816,-1.7589718102436949,-0.49973335289445425,1.1550368539444231,-1.1865351980502354,0.14572933810452318,-1.2945867308569523,-2.114784527007916,1.2197778963291075,-0.5565466474680747,-0.16040142373976649
-0.37923336899578125,0.17265161173928883,0.19106091351715268,0.9056153145665877,1.7520944246042636,-0.195692363431531,0.10869453356143219,0.1755288809968414,0.5356988427234385,0.5265310632659844,-0.7636486044648914,-0.2606665529518181,-0.7415950895006073,1.326762802406765,-0.9107684808594724,-0.07139532370133685,-0.7162158390282517,-0.30430558562169163,-0.23855890820870268,0.13760162120044309,0.7553143395013805,-0.3114601538369166,-0.1664020396431704,0.05600809370722224,0.004119707739322759,0.9143121970249732,-0.4803889994252177,-0.9685592476525351,-0.5861249532115314,-0.8257341220998609,-1.1112431890315593,0.3385005393937676,0.13478550117843868,0.17921112881123838,-0.5426929011761951,-0.6744336275395718,-0.8443594980619585,0.4085992057738512,0.788291224715308,-0.5669910617020057,0.7612009401354064,-0.21053506445937453,-0.6444039811634,0.09131632753951739,0.9972277134716633,1.5846147077409187,0.04011461947590579,0.8465501858095126,0.6620540362943051,0.8513552857126356,-0.018886921236906176,0.8377294352932347,-0.68278330297903,-1.3029706270102785,0.390947835167155,-0.1546303224630785
-1.3815642872879015,0.20396596344147844,1.9020007564054746,1.9111448905196462,3.7519377107207754,0.16816726584742037,0.024408219997985255,-0.9539948713849422,0.5265310632659844,1.2331102918240053,-1.0532192153497777,-0.5692908011620565,-1.4572897479205105,2.0368110211516006,-1.5127925601452794,0.8233966187785798,-0.373825672098618,-1.02472784243821,1.2817960672814175,0.41337298861391963,0.9952121796820922,0.8154118975869745,-1.151984256884776,0.7991840984302673,1.0458926161034439,1.3719079469990916,-0.41313204770403433,-1.6261928501882432,-0.003347660896436101,-0.524566283406223,-0.49142333207884137,1.6661536163633073,-0.230950091025383,-0.4520783098566571,-0.1554018813690589,-0.10960519372183282,-1.1039124026865959,-0.06364563066154844,0.618626555528815,0.14132131352897115,0.2296857337568538,0.5218319824532331,-1.0896427764935954,0.6628828806897574,0.3351814176660902,1.2858557826098223,1.1144770103777986,1.427025685376337,0.0854736448873101,1.8240808126642152,-0.13536833717558192,1.8505692966335066,0.4859343169416134,-2.384856164864078,0.8206544500981536,-0.10199958865418485
0.9903419772053383,-0.2762399369990764,-0.8339654075932227,-1.7950711891499866,-3.5719055147600836,0.33080801467556986,-0.08792145065487011,0.11481795974243374,-0.7636486044648914,-1.0532192153497777,1.3775090499213896,0.5748957292147799,1.4544855968248778,-2.3892886390025754,1.7104774168704553,-0.20716051181855621,1.020441353482375,0.6703881874259373,-0.2106416909217861,-0.388594881079973,-1.3450888203478808,0.11516122409660005,0.6337808429094846,-0.3765731420155616,-0.3730669760414198,-1.6575529084194431,0.8764964867773729,1.8383047222762177,0.7388515022554092,1.144792248097644,1.5549963716450403,-1.0463722390305774,-0.06048310347763646,-0.12813394096270037,0.6040071412147128,0.9285484506858104,1.4901603201272187,-0.5081850466659029,-1.12783618211401,0.6461387574185266,-0.9956771150603909,0.06295037701252734,1.27280768721178,-0.37397370843955724,-1.22830210974933,-2.4347814285168234,-0.39675558825024426,-1.6881336678796774,-0.7750671479548115,-1.758766779710269,0.12192804132120097,-1.698222811710326,0.5854177640876099,2.456131474981546,-0.7454170177592712,0.24408713123601755
0.6433205733756697,-0.10056233429661274,-0.7592993481099811,-0.90979470817486785,-1.840911768144104,0.03610972490231229,0.006003288588536226,0.35807353856837854,-0.2606665529518181,-0.5692908011620565,0.5748957292147799,0.3001028936157121,0.726812850758617,-1.0458042028965469,0.7869409741041512,-0.3224163969700962,0.2636909693395626,0.4414360826344699,-0.508299676064763,-0.22529053544583816,-0.5606849778070582,-0.280002562999657,0.5078146331784622,-0.3480724303646157,-0.42646746301906596,-0.71947188732018,0.3135886791085787,0.8488697728107029,0.09593708658801123,0.31516922085486415,0.3857090983388104,-0.7485453256960686,0.08002502940225979,0.12592577343712363,0.0872400539886748,0.174442438693325,0.6075592143942882,-0.04884475406847676,-0.336999987772432,0.02022561920196664,-0.19798417459534057,-0.18754445396876962,0.5799073239569877,-0.3020317162191071,-0.22033031888478513,-0.7750937193347874,-0.43865430581363796,-0.781194730145795,-0.09856271751323774,-0.9097666965273082,0.08676689872572159,-0.8839688522806041,-0.13962363507371228,1.1811635061475803,-0.3810692611256118,0.07372331820350997
1.5760606485873634,-0.2741734110955985,-1.9003306421018304,-2.318230297368507,-4.619534033309866,0.030811713982013145,-0.03510309127717599,0.8413936009263884,-0.7415950895006073,-1.4572897479205105,1.4544855968248778,0.726812850758617,1.8300811064303928,-2.6818044962973273,1.9843209098565355,-0.7670792651070969,0.7300107290336159,1.1316774886497165,-1.164296971184518,-0.5208997490669655,-1.4104929913731639,-0.6375315879206972,1.2306182608337595,-0.8299808523946943,-1.0269998875031636,-1.8323448017249886,0.7412023955876617,2.133177611810108,0.30472921130352226,0.8999047662629246,1.065351445732999,-1.8265824809698972,0.16531023338609352,0.3134065929062085,0.3498558132702559,0.4816230474076919,1.545037206623606,-0.15941089815619622,-0.9568064114604028,0.13399302779715966,-0.5936857645608083,-0.41478050981617165,1.4391548575489426,-0.7203804342913177,-0.7401507772276906,-2.070248449451978,-1.085161281582128,-1.9171640164275539,-0.36873288115291347,-2.2658587382252398,0.1803792159266576,-2.2379819413041737,-0.19250631729883252,3.010244621930294,-0.9847696466265916,0.18900493441823984
-1.994597078080877,0.48438148224892635,2.045107024347356,3.378993459998674,6.666795696301922,-0.3487550905194964,0.1527733254003742,-0.58883273110143175,1.326762802406765,2.0368110211516006,-2.3892886390025754,-1.0458042028965469,-2.6818044962973273,4.258191474728775,-3.0600258333841253,0.6597572594072892,-1.5993981954251724,-1.410162870544166,0.8554188834150317,0.710663886732258,2.3109297767682593,0.2038324930684503,-1.3967276888552065,0.8776506574661704,0.9905961633071767,2.929309515303219,-1.3759782410651946,-3.2865211362607156,-1.037059821888338,-1.8554748262410048,-2.394337603601853,2.2033615257594366,-0.014925286791611958,-0.038251958581193186,-0.950220767777184,-1.3390367608893827,-2.570150400146096,0.6789521546332182,1.880313610593815,-0.8503537492776975,1.5078729048779835,0.14022881265833081,-2.2544029097343237,0.8106997649045935,1.9136966981745271,3.98962132543677,1.0660177454336748,2.9693970531604115,1.1477907789959099,3.2639432577783416,-0.21558324189767145,3.210366595465813,-0.6314273780766143,-4.5078390140638485,1.4203408154787414,-0.38375100403416645
1.5472098718780667,-0.33033323703995987,-1.6347648116237448,-2.4755534451593824,-4.9404124775465785,0.22520441636251673,-0.07140342039196293,0.5689290790165842,-0.9107684808594724,-1.5127925601452794,1.7104774168704553,0.7869409741041512,1.9843209098565355,-3.0600258333841253,2.232937880463282,-0.5803758032057268,1.0609038478236978,1.087279396636264,-0.8193677611395499,-0.5493186304597042,-1.6697315805876098,-0.30889864317853827,1.1212436993060708,-0.725019056358746,-0.8386994367672032,-2.106930746053699,0.9832738346993489,2.3996068528315484,0.6347825457914268,1.2393035990483074,1.5939721157191369,-1.7269318649506942,0.058691626037338115,0.10666404681137416,0.5772928360242606,0.8574015711100922,1.8343788119707856,-0.40748776680487014,-1.2584529565556735,0.47386903664569974,-0.9646027463150452,-0.2078118694326608,1.634598564634623,-0.6599245036414718,-1.1885669684393092,-2.725104224930422,-0.8873829795004609,-2.1790810261405964,-0.6935767174312646,-2.4294777069437528,0.18460524856123456,-2.3708749714725945,0.24295260162016274,3.300213721072032,-1.04233208772051,0.26263640970947916
-1.1944078791411543,0.01668163108997123,2.19302448677384,1.1296700967685611,2.205170865112254,0.5696354740528472,-0.09777792921664015,-1.4780574510933786,-0.07139532370133685,0.8233966187785798,-0.20716051181855621,-0.3224163969700962,-0.7670792651070969,0.6597572594072892,-0.5803758032057268,1.1572026955555643,0.566197224473274,-0.891047584543629,1.9634133498259763,0.2944053132074248,0.13813433966540253,1.5010103398747519,-1.2186963975328784,0.9273196805274386,1.3312268233424804,0.40330057148431186,0.23750397275114482,-0.6344240113882567,0.8538042106936061,0.5064682669547073,1.000664615635884,1.6197150298765075,-0.48372209756235146,-0.8681813225018197,0.5353429987289359,0.8668104398670174,-0.15537447626979914,-0.6876672824648599,-0.3239639648447047,0.9991673542055483,-0.8026837302559675,0.9668815387018072,-0.4176764192828084,0.6986990323949469,-0.9603935472047421,-0.671494157526319,1.3867652401830883,0.5264179983606689,-0.8193164759154898,1.0597486198976247,-0.11948369687537587,1.1436962505455566,1.5723096362010691,-1.144637659554512,0.4924322336665764,0.10264122925273093
0.05918546735987802,-0.23027725213968472,0.6727776028334596,-0.8053029382977525,-1.5908682248406192,0.6017361581410496,-0.1583825629378567,-0.850575753078321,-0.7162158390282517,-0.373825672098618,1.020441353482375,0.2636909693395626,0.7300107290336159,-1.5993981954251724,1.0609038478236978,0.566197224473274,1.23062431260817,0.009078749970247388,1.097036527711357,-0.11911034159811876,-1.0289976254483144,1.0612155844022548,-0.25334476397408773,0.2849966520570123,0.5389300265715881,-1.137335044397501,0.8534176942918738,1.130793017664362,1.1745927509884608,1.313501913284454,1.9544864702285885,0.1628679786561942,-0.3657198863230623,-0.6487635031794299,0.8938770081327218,1.330883784976185,1.1494149138163292,-0.8669255106818378,-1.1896220934884747,1.1984720681422159,-1.3700498130160832,0.6798971487580495,0.7918240056072092,0.14314952866446767,-1.7053770733152114,-2.4969346082082446,0.541650299581138,-1.0533569114469497,-1.2091192487816977,-0.7906274941030734,0.008690476420215261,-0.7075305287137484,1.5377182340107372,1.3445177013367575,-0.324969941824315,0.2683140519563234
1.238160516263801,-0.11875557856969134,-1.9022819379861902,-1.5054009627632003,-2.966383460613787,-0.3319865393545053,0.019549053894390885,1.0908625985588885,-0.30430558562169163,-1.02472784243821,0.6703881874259373,0.4414360826344699,1.1316774886497165,-1.410162870544166,1.087279396636264,-0.891047584543629,0.009078749970247388,0.9487025645426278,-1.442796469322694,-0.3325255660988871,-0.6304118060497248,-1.0306592053324624,1.1114287316148472,-0.7985429653160628,-1.0922202350724064,-0.9315029180584213,0.13225437603096188,1.1675097433841903,-0.3152358468090743,0.13868944993785598,-0.06441654666506968,-1.5451391877022416,0.29658929946597773,0.5946337553768521,-0.08048600889485058,-0.26616305816338487,0.6851867836075186,0.2937083218472379,-0.24632697018941646,-0.4564831865191515,0.15384782435612307,-0.6537500607161993,0.7524263230812055,-0.640893315343689,0.14642239335512186,-0.4905805528094825,-1.1625092575308817,-0.9943654426176904,0.23772034079587173,-1.4389986985201166,0.11791818567975004,-1.481972481125692,-0.8437625925770976,1.8104577840790512,-0.6607949443467689,0.018419417580991436
-1.957006384589508,-0.014001678720550774,3.637087243535112,1.7178636166996033,3.400258772923426,0.9645341649536238,-0.2064613258367982,-2.527813367810985,-0.23855890820870268,1.2817960672814175,-0.2106416909217861,-0.508299676064763,-1.164296971184518,0.8554188834150317,-0.8193677611395499,1.9634133498259763,1.097036527711357,-1.442796469322694,3.370218884670979,0.4865949260966284,0.11049494757391178,2.597904161360445,-2.0330569639791816,1.5624813396227533,2.2472414413287183,0.5088499588008162,0.45915886012104973,-0.9013709326241873,1.5570280955467881,1.0261052128082413,1.893004886940108,2.674869539838676,-0.8418640653096608,-1.488696598906163,1.0383922255513505,1.5859413825958428,-0.10884120492290322,-1.2367952138509468,-0.7230519360528136,1.8093559384244229,-1.511171444387686,1.6783594100818109,-0.5883360721202735,1.174053931177872,-1.8586079033633687,-1.4457877563993058,2.32476588271943,0.7557583391825661,-1.5334098141151553,1.6423595835129603,-0.21453652409942145,1.7636115287247112,2.814614145807058,-1.6863534236940607,0.7483044511567258,0.19987332036119262
-0.5055309804920121,0.061039393871680614,0.630840335393031,0.6561718502998268,1.3430999899958875,-0.011415461475418593,-0.025395239160657068,-0.34074203461496555,0.13760162120044309,0.41337298861391963,-0.388594881079973,-0.22529053544583816,-0.5208997490669655,0.710663886732258,-0.5493186304597042,0.2944053132074248,-0.11911034159811876,-0.3325255660988871,0.4865949260966284,0.18092097196662876,0.37567351110268077,0.2918895745317159,-0.41974721523163294,0.2975619393927746,0.3725744418122567,0.49014971932447604,-0.20863678785195625,-0.5958438825615456,0.006439461171987366,-0.14174389164860246,-0.16289959855736225,0.6055121995453082,-0.09369111594732936,-0.13325163282109717,0.017275960433712146,-0.05150117693186554,-0.4039086574341478,-0.019212917281174573,0.16770933427284443,0.07029654161853423,0.05234915615129612,0.19792569025498336,-0.4146656307659038,0.2514173305721817,0.029459874493120295,0.4328150011629797,0.37426201879442017,0.5611577530307807,-0.02224555553702722,0.6670894659710409,-0.07611306965169544,0.6440391172602958,0.23470993859679884,-0.8294827594729645,0.27047251097829,-0.04156761149363019
-0.9306585817165316,0.2591727166892071,0.6846994533755287,1.6888068653347792,3.415780625861176,-0.37296489387858994,0.07228989374141967,-0.03806261316966891,0.7553143395013805,0.9952121796820922,-1.3450888203478808,-0.5606849778070582,-1.4104929913731639,2.3109297767682593,-1.6697315805876098,0.13813433966540253,-1.0289976254483144,-0.6304118060497248,0.11049494757391178,0.37567351110268077,1.3420584817308663,-0.17764376609300425,-0.5710026905554303,0.33099868912921765,0.30246660741387216,1.61010617029122,-0.8969195770107371,-1.7918117088328174,-0.7637335371166158,-1.1515591167402697,-1.599987166380849,0.9493523662544667,0.09208519572767927,0.17127592881107126,-0.6056781367744721,-0.9566150162225123,-1.4622213193670648,0.5337438572180259,1.1059640709148726,-0.6665808536302806,1.0140867003895806,-0.10512032719524887,-1.2217870716649717,0.34672967349626893,1.2178043760196269,2.418174116435269,0.3197624959308655,1.651804240550921,0.7878954335510105,1.6937803527657291,-0.1280744737147513,1.60545094085925,-0.6323219802702832,-2.3730035701621235,0.7052152369233957,-0.24669503093605527
-1.34689036693123,-0.06604705040884415,2.71181388350218,0.999088275336376,1.972655216781006,0.8550920722906857,-0.1718139534092817,-1.9680675491989588,-0.3114601538369166,0.8154118975869745,0.11516122409660005,-0.280002562999657,-0.6375315879206972,0.2038324930684503,-0.30889864317853827,1.5010103398747519,1.0612155844022548,-1.0306592053324624,2.597904161360445,0.2918895745317159,-0.17764376609300425,2.075316020663363,-1.4756085733047903,1.1530839914539808,1.697846575137938,0.07050669697038717,0.5576783115364469,-0.34412572792477086,1.3728127737811144,1.0107938359183803,1.7825710115669078,1.8936718695351524,-0.6642778327352441,-1.2131524717237328,0.9061928095024662,1.441406822986105,0.2141329984179489,-1.077884316560768,-0.7755445292956407,1.5537642450898674,-1.3753279861107193,1.3312373019993677,-0.19041602839766283,0.8500289955757272,-1.6800451844149094,-1.6150904816911829,1.7651663138470686,0.24019370251251754,-1.34161164404801,0.9442575089485153,-0.13712774431981356,1.0562088440375572,2.3122752450401554,-0.8598316527488286,0.45182168418178953,0.20814300992555734
1.5137075856870874,-0.09481987346325078,-2.4400467498668457,-1.674814435988538,-3.323189701494592,-0.4578958491529233,0.08238938462696178,1.5161474830613133,-0.1664020396431704,-1.151984256884776,0.6337808429094846,0.5078146331784622,1.2306182608337595,-1.3967276888552065,1.1212436993060708,-1.2186963975328784,-0.25334476397408773,1.1114287316148472,-2.0330569639791816,-0.41974721523163294,-0.5710026905554303,-1.4756085733047903,1.42278837314194,-1.050061844773554,-1.4509071950661527,-0.9168828629944935,0.04655960421865007,1.214168086793931,-0.630619240760329,-0.15208360557966552,-0.5080605457132302,-1.947392824607257,0.4602663954090346,0.8299601128046474,-0.357698986324686,-0.5817793284036961,0.6192499862800609,0.5323596693408523,-0.012805528008573486,-0.8133108499754796,0.4991582040980681,-0.9525720839495947,0.8056102322457751,-0.8245808788491928,0.6052740943676085,-0.07425362273885959,-1.5123765040322996,-1.0600327022530758,0.5900451145181892,-1.6167645862854536,0.16598224828793057,-1.6669053441772683,-1.4075038595204494,1.916939594621528,-0.7224901154800579,-0.02651526214340935
-1.0906754844575386,0.04859742091386889,1.8134801401509746,1.1424380588169993,2.273125190184044,0.3718537850687144,-0.07619077283600613,-1.1653529762152377,0.05600809370722224,0.7991840984302673,-0.3765731420155616,-0.3480724303646157,-0.8299808523946943,0.8776506574661704,-0.725019056358746,0.9273196805274386,0.2849966520570123,-0.7985429653160628,1.5624813396227533,0.2975619393927746,0.33099868912921765,1.1530839914539808,-1.050061844773554,0.7836722532639389,1.09265441967563,0.5702868440794154,0.028966310850647995,-0.7872471380628056,0.5523305615902699,0.2222945037963862,0.5282502396585325,1.4223381040482412,-0.36398537093916505,-0.6495137743335961,0.3397457508449271,0.5274857442365612,-0.3551790274655472,-0.45501719236334526,-0.09357309995798492,0.687590185959828,-0.4758354894659004,0.74528845124362,-0.5211208822749025,0.6092820711715964,-0.5864687575646549,-0.15256942229750667,1.1346617063745055,0.6863981420863793,-0.5310068000259387,1.1060278350737633,-0.12234820495935342,1.1456098370412686,1.149611732005246,-1.2735039344297634,0.49324001867405753,0.04043236897602975
-1.4625693697627913,0.04304564834750145,2.5694911982954887,1.4586784830845219,2.871299188641103,0.6149246013107609,-0.10618376421771351,-1.6895504373194863,0.004119707739322759,1.0458926161034439,-0.3730669760414198,-0.42646746301906596,-1.0269998875031636,0.9905961633071767,-0.8386994367672032,1.3312268233424804,0.5389300265715881,-1.0922202350724064,2.2472414413287183,0.3725744418122567,0.30246660741387216,1.697846575137938,-1.4509071950661527,1.09265441967563,1.550575076446104,0.6256817720794304,0.1791190706515611,-0.9116441751506886,0.8963354540691517,0.4522584283227201,0.9671336488139117,1.9441455963789813,-0.5374284095437803,-0.9762517000224243,0.5431217038239474,0.892183261082669,-0.3278852553370884,-0.7301988107106101,-0.25512379243380956,1.0753175177567749,-0.808818361958831,1.0923025946791665,-0.5948322277021291,0.835714421558099,-0.9711336625774678,-0.5169976569250674,1.6179191679039622,0.7694197158118733,-0.8513962857738973,1.3871943232273736,-0.150641893183425,1.4694379821931152,1.7276110111635257,-1.5586962688456725,0.636423327118613,0.09190415998717118
-1.3360269508651708,0.3326657546721179,1.3041710990854711,2.2907496425318787,4.53902007567536,-0.2905749324953736,0.1008087002968566,-0.33880601413847017,0.9143121970249732,1.3719079469990916,-1.6575529084194431,-0.71947188732018,-1.8323448017249886,2.929309515303219,-2.106930746053699,0.40330057148431186,-1.137335044397501,-0.9315029180584213,0.5088499588008162,0.49014971932447604,1.61010617029122,0.07050669697038717,-0.9168828629944935,0.5702868440794154,0.6256817720794304,2.0209629252897843,-0.9875633029296063,-2.2636174791208554,-0.7611213732574463,-1.3048041476409855,-1.7140733802640489,1.4594517113270185,0.010551072421923696,0.02279641541260256,-0.6674243716851463,-0.9777402511992292,-1.785549445354917,0.5069722441976474,1.3099366897358118,-0.6339484234649658,1.0807869588440864,0.05444952695141406,-1.556225073237223,0.5358049309004429,1.3528218609405793,2.803611925303524,0.6692933951111473,2.057712460520031,0.8239979168938973,2.2276252305625954,-0.15269976006119557,2.176000377827803,-0.49797540397568524,-3.079787359402679,0.9593725173079882,-0.2737012251402554
0.30257676982309784,-0.1622623050713232,0.21369391000900478,-0.8061100962820322,-1.704780736694552,0.4977038555549035,-0.04345283979923936,-0.40094761798607303,-0.4803889994252177,-0.41313204770403433,0.8764964867773729,0.3135886791085787,0.7412023955876617,-1.3759782410651946,0.9832738346993489,0.23750397275114482,0.8534176942918738,0.13225437603096188,0.45915886012104973,-0.20863678785195625,-0.8969195770107371,0.5576783115364469,0.04655960421865007,0.028966310850647995,0.1791190706515611,-0.9875633029296063,0.7480146514541676,1.058512950563622,0.7631437771419486,0.8835126295388847,1.3666411931884908,-0.19435267044336774,-0.18798509797267063,-0.4003753406002741,0.4902580569322847,0.9206885724154379,0.9676276707024868,-0.568925383144634,-0.7957212013299192,0.7278899089393349,-0.894604712533424,0.33962899151257553,0.74857512285325,-0.04909249186835569,-1.018613944424366,-1.8243247758024923,0.2087074540363664,-1.0350376798953216,-0.720334485212262,-0.8686176318836482,0.0816063586941748,-0.7526421657369297,0.8234171275058226,1.2668640134316154,-0.31600509714505953,0.20434498176552
1.670373808252843,-0.3542163760210063,-1.7701171883484,-2.6644708645939525,-5.318368879761556,0.24439092290624495,-0.07304906547028979,0.6242230540178594,-0.9685592476525351,-1.6261928501882432,1.8383047222762177,0.8488697728107029,2.133177611810108,-3.2865211362607156,2.3996068528315484,-0.6344240113882567,1.130793017664362,1.1675097433841903,-0.9013709326241873,-0.5958438825615456,-1.7918117088328174,-0.34412572792477086,1.214168086793931,-0.7872471380628056,-0.9116441751506886,-2.2636174791208554,1.058512950563622,2.579906081649507,0.672418695673028,1.3176091482939223,1.695660321717301,-1.8688580862509783,0.07026352877849358,0.11858168198799139,0.6052458800793147,0.9133063706857673,1.9698065519658525,-0.43117869829838973,-1.3413070993914566,0.49835720094873626,-1.0233042136228527,-0.2330286447722889,1.7621291719982144,-0.7147530859500126,-1.2572924004896113,-2.9138791171053047,-0.961392067387242,-2.3475104045637063,-0.730318896874345,-2.6158270433647215,0.20143251699997766,-2.552116042008726,0.23954871374179804,3.5451979988975273,-1.119638593431592,0.28129825582340334
-0.3756701936015883,-0.17857868561698126,1.3042575229758375,-0.2442656452375622,-0.4846704682316148,0.6827001535093632,-0.16061630825712372,-1.1942958682345854,-0.5861249532115314,-0.003347660896436101,0.7388515022554092,0.09593708658801123,0.30472921130352226,-1.037059821888338,0.6347825457914268,0.8538042106936061,1.1745927509884608,-0.3152358468090743,1.5570280955467881,0.006439461171987366,-0.7637335371166158,1.3728127737811144,-0.630619240760329,0.5523305615902699,0.8963354540691517,-0.7611213732574463,0.7631437771419486,0.672418695673028,1.232939385373353,1.2139358989367284,1.8953704870601953,0.6972763655187909,-0.45624969257437775,-0.8236274806553411,0.8914839884883818,1.3628317729697077,0.8579498852739725,-0.9304521513216446,-1.0560555761516361,1.305000999542415,-1.366833732922626,0.8792682713371486,0.48811076708567963,0.36101289513782253,-1.6891429477789217,-2.217093644234242,0.9203902641647198,-0.6535235812911947,-1.2444760095710665,-0.2525904315892926,-0.03512141127485946,-0.1594913473717823,1.7706326549336808,0.657650312023143,-0.08259530458300686,0.24936779162565492
0.19225883999326404,-0.26134276224811187,0.48286421114608474,-1.0269424227157053,-2.005671610674698,0.5588539556061843,-0.1833020231766739,-0.7840803021994771,-0.8257341220998609,-0.524566283406223,1.144792248097644,0.31516922085486415,0.8999047662629246,-1.8554748262410048,1.2393035990483074,0.5064682669547073,1.313501913284454,0.13868944993785598,1.0261052128082413,-0.14174389164860246,-1.1515591167402697,1.0107938359183803,-0.15208360557966552,0.2222945037963862,0.4522584283227201,-1.3048041476409855,0.8835126295388847,1.3176091482939223,1.2139358989367284,1.4372742485312855,2.0779322825385615,0.013191000418710215,-0.36553007499971424,-0.6047765267596373,0.9831625910750001,1.372877975023477,1.2859665947721965,-0.8842733303073431,-1.3171008087421958,1.2285185058472456,-1.45335207802886,0.6563106629161306,0.8997829311943615,0.08871324783948624,-1.840900674804331,-2.7127839449832143,0.4330735919846771,-1.192967127423605,-1.2866041270799926,-0.9864846693557616,0.007136049117283121,-0.9180218185913146,1.573311641546833,1.6380951068849716,-0.42962847675769844,0.28316499042556703
-0.015537348087039845,-0.34201660740189643,1.291530209365547,-1.1060957287290691,-2.2409731735131406,1.0091493423126423,-0.23474003218440043,-1.4662162617381083,-1.1112431890315593,-0.49142333207884137,1.5549963716450403,0.3857090983388104,1.065351445732999,-2.394337603601853,1.5939721157191369,1.000664615635884,1.9544864702285885,-0.06441654666506968,1.893004886940108,-0.16289959855736225,-1.599987166380849,1.7825710115669078,-0.5080605457132302,0.5282502396585325,0.9671336488139117,-1.7140733802640489,1.3666411931884908,1.695660321717301,1.8953704870601953,2.0779322825385615,3.139218525995607,0.4167094950618116,-0.62191942577304,-1.0939830500284,1.417133500481386,2.1443048111053113,1.7628759598384285,-1.4088022219210514,-1.8486056227353571,1.9339904381665938,-2.1911010947297074,1.143703121608899,1.171626229174069,0.2790463023120915,-2.690637704476268,-3.912663742890947,0.9811922503376448,-1.5911312167217204,-1.933721674169812,-1.128167953363196,0.01589926976012221,-0.9662167014863597,2.511761731520919,1.9703601241140405,-0.44667549346774643,0.4264229650625435
-2.1201616396996656,0.17243984123226772,3.3140456039354445,2.4739165263291913,4.889893469771569,0.5474684458249401,-0.08570078268529682,-1.9883242739721894,0.3385005393937676,1.6661536163633073,-1.0463722390305774,-0.7485453256960686,-1.8265824809698972,2.2033615257594366,-1.7269318649506942,1.6197150298765075,0.1628679786561942,-1.5451391877022416,2.674869539838676,0.6055121995453082,0.9493523662544667,1.8936718695351524,-1.947392824607257,1.4223381040482412,1.9441455963789813,1.4594517113270185,-0.19435267044336774,-1.8688580862509783,0.6972763655187909,0.013191000418710215,0.4167094950618116,2.6987171445690614,-0.5917231268777859,-1.0574331746323,0.36212740497666174,0.6050093912492125,-1.0441564127160896,-0.6089013037538525,0.2061785301588957,0.9444485948813426,-0.4855249452655802,1.2252452004410095,-1.2568910618239213,1.126273640258724,-0.57346911593877,0.49441876802817797,2.0286578218591145,1.6441612421051184,-0.635693819459123,2.3783143638199102,-0.23015921079982699,2.443011046631749,1.7256506339544806,-2.88136702721601,1.0600691522641297,-0.004593845226902045
0.40848967291544497,0.024288338604053456,-0.8534458245751018,-0.28768069481105435,-0.556705766943694,-0.2666016048595142,0.0584825265589982,0.6317837250916869,0.13478550117843868,-0.230950091025383,-0.06048310347763646,0.08002502940225979,0.16531023338609352,-0.014925286791611958,0.058691626037338115,-0.48372209756235146,-0.3657198863230623,0.29658929946597773,-0.8418640653096608,-0.09369111594732936,0.09208519572767927,-0.6642778327352441,0.4602663954090346,-0.36398537093916505,-0.5374284095437803,0.010551072421923696,-0.18798509797267063,0.07026352877849358,-0.45624969257437775,-0.36553007499971424,-0.62191942577304,-0.5917231268777859,0.22419839898995167,0.3836691651306815,-0.3219673812632761,-0.47804809951874283,-0.09786326498167792,0.3555965238056198,0.2805828947410033,-0.5093371151462726,0.4706166222986584,-0.4310445433581978,0.050651950084824274,-0.2633680071708757,0.5764128968585802,0.5726790894556371,-0.5520387615587918,-0.05204203051915517,0.45798051471591067,-0.26438660483570137,0.043665192674999354,-0.30409198714462726,-0.7657795875913962,0.2105189174277051,-0.12399463533018328,-0.07087664741390481
0.7378390602951443,0.04029905386619303,-1.58326792036939,-0.5327132226821796,-1.0095380599910755,-0.5589667302799496,0.0797396370707907,1.143539142103451,0.17921112881123838,-0.4520783098566571,-0.12813394096270037,0.12592577343712363,0.3134065929062085,-0.038251958581193186,0.10666404681137416,-0.8681813225018197,-0.6487635031794299,0.5946337553768521,-1.488696598906163,-0.13325163282109717,0.17127592881107126,-1.2131524717237328,0.8299601128046474,-0.6495137743335961,-0.9762517000224243,0.02279641541260256,-0.4003753406002741,0.11858168198799139,-0.8236274806553411,-0.6047765267596373,-1.0939830500284,-1.0574331746323,0.3836691651306815,0.7305655946132752,-0.5039257153583476,-0.8842461143099308,-0.18887542903708027,0.6504025805085315,0.4597483402502096,-0.916303549317725,0.8210556071249083,-0.7709375438763876,0.04701595040376644,-0.470457185012114,0.9655088422224681,1.0177846158453774,-1.0294219111588987,-0.04041243619124196,0.7770988212562066,-0.4711388587485409,0.056037089335236545,-0.5622401903250278,-1.329833858899522,0.4193088985025622,-0.2495337890252606,-0.1342193253911298
-0.16037497939263964,-0.16340899756985833,0.6854971521362888,-0.3870928859586997,-0.6823105849222104,0.36411437893515736,-0.16787498137174806,-0.7657068420006038,-0.5426929011761951,-0.1554018813690589,0.6040071412147128,0.0872400539886748,0.3498558132702559,-0.950220767777184,0.5772928360242606,0.5353429987289359,0.8938770081327218,-0.08048600889485058,1.0383922255513505,0.017275960433712146,-0.6056781367744721,0.9061928095024662,-0.357698986324686,0.3397457508449271,0.5431217038239474,-0.6674243716851463,0.4902580569322847,0.6052458800793147,0.8914839884883818,0.9831625910750001,1.417133500481386,0.36212740497666174,-0.3219673812632761,-0.5039257153583476,0.7601868263069113,0.9637138287035962,0.697983396844684,-0.6528280028840233,-0.8898140551929938,0.9477680007593325,-1.0410944431937796,0.5974015201143912,0.4081496732830533,0.21914290324297128,-1.3712993460265681,-1.7385966561133128,0.5195501254631598,-0.5184284634067697,-0.9753406295094416,-0.3228314585865777,-0.05437290444794035,-0.30716027694166603,1.3113832480441117,0.7202211676128263,-0.16766732128324857,0.1794714797381355
-0.2741056159803487,-0.21069166583840918,1.2884336601928514,-0.441555574893996,-0.9058470614226288,0.7800201169234647,-0.16083989276950286,-1.2312154608680268,-0.6744336275395718,-0.10960519372183282,0.9285484506858104,0.174442438693325,0.4816230474076919,-1.3390367608893827,0.8574015711100922,0.8668104398670174,1.330883784976185,-0.26616305816338487,1.5859413825958428,-0.05150117693186554,-0.9566150162225123,1.441406822986105,-0.5817793284036961,0.5274857442365612,0.892183261082669,-0.9777402511992292,0.9206885724154379,0.9133063706857673,1.3628317729697077,1.372877975023477,2.1443048111053113,0.6050093912492125,-0.47804809951874283,-0.8842461143099308,0.9637138287035962,1.528292159699786,1.0643484287762286,-1.02726059104922,-1.2013850114970257,1.421119641586863,-1.5216738516255157,0.9174577101946516,0.6602620585015853,0.3267498523219421,-1.8545266498781532,-2.5687286497611574,0.9245390557608504,-0.8924900547711113,-1.3588861224723243,-0.46754592657631416,-0.009878765600107814,-0.3476850117780336,1.8815579820037955,0.9509954904170821,-0.15930506981240328,0.28928166557482704
