V1,V2,V3,V4,V5,V6,V7,V8,V9,V10,V11,V12,V13,V14,V15,V16,V17,V18,V19,V20,V21,V22,V23,V24,V25,V26,V27,V28,V29,V30,V31,V32,V33,V34,V35,V36,V37,V38,V39,V40,V41,V42,V43,V44,V45,V46,V47,V48,V49,V50,V51,V52,V53,V54,V55,V56
6.252187048414403,-46.2379944631843,58.71305966308197,21.835679777845844,0.3141811798923565,-33.48745277377687,36.14171669807087,-40.428866988153224,15.172776998226515,-17.38069614891285,-48.2113863297164,-37.7293074013388,-16.992066087258706,3.4855875950572055,41.20227913884054,-14.745052387589682,17.41996784269407,-49.014730224473716,-53.029995586209374,-3.875006687943623,-42.56454168827766,8.14136789792958,-35.10763065784653,38.50151604693985,-17.80300335218058,32.945236797910745,-26.408921423932004,-11.704986768370617,-0.6210261860652564,-17.289917450879052,22.548642240774562,-8.22994868368425,-21.463186556875833,-8.49714186108966,-2.4301603840454424,6.9753703519790085,28.969790453920496,-17.47271613329225,36.11991354827727,55.18469795826114,-33.83521989557719,44.94750792764223,6.6972726787029355,18.651127979625024,-71.02348117203184,28.367414563199887,-40.704785735289214,-26.321587571244976,38.95338628729568,13.562333927771636,-42.38740834207743,-40.05199109696986,9.591300474306776,-19.546821321654622,-7.425381890329355,28.82926712985713
-46.2379944631843,342.21561430746516,-435.13191336803635,-161.893515217235,-2.870958040832253,248.1423298199571,-267.8134536839877,299.42352489066946,-112.67172830088741,129.16937292451166,357.4513313130662,279.1813205109141,126.48190517228123,-25.764485299657206,-305.14229105472833,109.00409066765314,-129.38133869989198,363.25775628076445,392.4815272173406,28.71904603029095,315.2276485469926,-59.77717043059403,260.50087399805483,-284.79542463396626,132.29411851480063,-244.12289500503852,195.40298937575008,86.32788002720673,4.571918315714894,128.47550745768706,-166.83045184337755,61.22108028622313,158.98986171131034,63.32442400944929,17.71900770299875,-52.177667610263924,-214.87142721062804,129.16592747981431,-267.9267799759622,-408.3944739539725,251.3300566741593,-332.78223140106786,-50.06057821515284,-138.6369862626201,526.0710906497416,-209.66211883825943,301.39639065788305,194.93786385480354,-288.77470375895,-100.1613483036348,313.741512383848,296.84302227359603,-71.0345064708907,144.49204467177904,55.03914955251987,-213.55735580432216
58.71305966308197,-435.13191336803635,554.8929057143021,206.61546679876972,5.03502318533899,-316.35389196333523,341.3981306005583,-381.2259700570282,144.27444327567247,-165.6350232558794,-456.22567565546467,-354.78659798747896,-162.76227851519545,32.64939064129119,388.53670964801324,-138.30926320516264,165.72421767300466,-463.2051037408459,-499.03706090533205,-36.6372866279636,-401.35928865125805,74.72077260732999,-333.01541674425397,361.70664804624744,-169.66762933737905,311.20205354436393,-248.2851999257913,-108.99004382897786,-5.72772289805471,-164.67509640370645,212.0027439323761,-78.68326356807837,-202.55983328925313,-81.65169358587247,-21.780536725630363,67.83744658034524,274.442941018802,-163.89549352251007,342.2271549370312,519.2064124096211,-322.02795070000303,423.44056807752224,64.97558791624623,177.8622301807043,-670.033827352189,265.847118965397,-383.61627688489875,-248.20008134151377,368.4819569055395,126.81886474445214,-398.9966201394989,-378.5160566802113,90.46565771791992,-183.2426827115006,-70.16990538214704,272.01077445582024
21.835679777845844,-161.893515217235,206.61546679876972,76.95147318042234,2.019079079622636,-117.78566693154188,127.10822439361877,-141.8910833531711,53.781646955707615,-61.77069244353217,-169.9169866862316,-131.98224038143306,-60.755641243363904,12.137168056283233,144.61272134487774,-51.42638768942384,61.783291231687606,-172.4737710917371,-185.66889519467833,-13.642897659623486,-149.38387393919123,27.66818741319122,-124.08373078702967,134.53158680568944,-63.27380621751227,115.86546793384295,-92.35991229470365,-40.468990157545406,-2.122973653977178,-61.40584677532031,78.86279569413334,-29.360659090907365,-75.40315932128539,-30.497223748631505,-8.028240018235197,25.392142045314987,102.23506889918954,-60.9398925839412,127.48974811480508,193.1651340857568,-120.06436360017278,157.575427768531,24.31069416895806,66.3384263131248,-249.40556335600124,98.8321228342853,-142.76524772114075,-92.37912222364793,137.22818187203663,47.126585327434626,-148.45630619004817,-140.9410976096399,33.67230107676134,-68.12731110368536,-26.12796485555631,101.25355348859759
0.3141811798923565,-2.870958040832253,5.03502318533899,2.019079079622636,1.2476797299188864,-2.7921286868203516,2.997499162471633,-2.9608782578429627,1.8184812656903877,-2.3004351781565515,-4.478362400240138,-2.1837447340064187,-2.7368689077245554,0.12763934793303205,3.0254858918099874,-0.6470732747125323,2.1362928411534265,-4.187500916622557,-3.285422919456152,-0.34030087648804497,-3.112161868342019,-0.6108851874580921,-3.727739245111708,2.0246707936790562,-2.3582332136912387,2.730553018364379,-1.4987717430052616,-0.040499849560445195,0.02914762945475562,-2.2335000720927907,1.28352459893412,-1.2373072467621802,-1.6706888874859196,-1.5234340011902094,0.48925581398781703,1.7253114359921047,2.869487362708704,-0.7664897699175893,3.6077730777747385,3.354487546085852,-4.229685865729819,3.058288724994554,1.5643209606192818,2.538629315870481,-5.383010609409858,1.1055946165524206,-2.85338372164211,-1.926579047437924,3.5386218286441653,0.36175503703703094,-2.691447658634419,-3.429945020421711,0.7154070073661685,-0.7977285917420254,-0.6345480397897627,2.2080857653147272
-33.48745277377687,248.1423298199571,-316.35389196333523,-117.78566693154188,-2.7921286868203516,180.3644488630159,-194.64225808797642,217.37205870112894,-82.22098672571904,94.3798008015089,260.0805216010385,202.33249485059315,92.71425719147584,-18.623657606604937,-221.5421760378444,78.89188283971002,-94.44187641449956,264.08072283683265,284.58584983224983,20.887507880561532,228.85408078595165,-42.68002713489533,189.8127737903335,-206.29342594282505,96.67962113386031,-177.42720758728208,141.59725528826073,62.197558667372874,3.2697022020221125,93.8352353097408,-120.90677241961234,44.82601781400587,115.49390208103735,46.500446269088016,12.459262525255252,-38.6059793780792,-156.43983983131068,93.48678916982773,-195.0752754602915,-296.09288704121894,183.5113847432533,-241.4580624137522,-36.98249648120761,-101.343193356288,382.04012397900556,-151.64645116666503,218.74549450154964,141.52252582364105,-210.0655686903084,-72.3522432503715,227.5319753703478,215.79659068106756,-51.58294543911384,104.52323741064455,40.00367860806017,-155.09249826613075
36.14171669807087,-267.8134536839877,341.3981306005583,127.10822439361877,2.997499162471633,-194.64225808797642,210.05613727553876,-234.59911775355647,88.72055170726757,-101.83962329900052,-280.66358014145686,-218.37930828282092,-100.0283916640692,20.104383049369797,239.09299290799268,-85.14595107529088,101.90714184159827,-284.99143709059086,-307.1463472973933,-22.539577193381426,-246.9854058382925,46.08704899590205,-204.82687289249722,222.65282618641893,-104.31433442316288,191.47597216398012,-152.82803226037075,-67.13821036500482,-3.532901395871448,-101.25600728266232,130.49100068748453,-48.363247069456165,-124.6385086310818,-50.1700131578255,-13.464116718506695,41.638006808049944,168.81955037349923,-100.8965218492159,210.5166464291854,319.56349505953375,-198.0123996242502,260.5952406859305,39.89004453315297,109.35018332724681,-412.3031403853196,163.67730079920884,-236.0758416061567,-152.73616311483306,226.6914450750635,78.09285416790902,-245.56745507495654,-232.88711467948684,55.66772072724916,-112.81840372414081,-43.17544507929359,167.3816786393569
-40.428866988153224,299.42352489066946,-381.2259700570282,-141.8910833531711,-2.9608782578429627,217.37205870112894,-234.59911775355647,262.14732415382406,-98.901833022798,113.46281055512034,313.2939754809026,244.21417997432468,111.27817869163182,-22.51095940300949,-267.15578915867826,95.27487064376218,-113.58699388650624,318.2510147072195,343.40139234005943,25.16402003521842,275.9809410024982,-51.89600956860322,228.49018367880277,-249.04987743681514,116.20696590149736,-213.8456869022886,170.91830902029164,75.28242760832386,3.9760376418952355,112.83385605088061,-145.92627431365707,53.83000417797512,139.23127528328808,55.76940799067281,15.271130669641153,-46.123273677720675,-188.3928530499202,112.89703060370994,-234.92214310121219,-357.3001890609149,220.67724321551628,-291.2674076969024,-44.21889781615059,-121.804232942705,460.64276912235874,-183.2055169285547,263.8265295687519,170.66855474239284,-253.07212222515872,-87.4608642951351,274.5315457632566,260.06850283011784,-62.19533202305259,126.27275293680758,48.22082064181962,-187.00610262527425
15.172776998226515,-112.67172830088741,144.27444327567247,53.781646955707615,1.8184812656903877,-82.22098672571904,88.72055170726757,-98.901833022798,37.730186307803095,-43.403940761302366,-118.76543574827232,-91.79692282868628,-42.858421727584904,8.414735565441811,100.8058431270811,-35.70337285700657,43.35942319707961,-120.42597927554151,-129.21614312665565,-9.53051879223759,-104.12602081137133,18.87453721362484,-86.8866545382746,93.50581870287023,-44.46669361409709,80.8737759831011,-64.22825084506603,-27.933260475608698,-1.4530625033068747,-43.12852796984831,54.84807359312598,-20.682551240782193,-52.5960207950083,-21.562094472069422,-5.366031528682529,18.114291496935863,71.51659974474104,-42.30913978275572,89.19037602723972,134.41309151960107,-84.28852500913446,109.75688805097867,17.311320126829713,46.638879903785806,-173.90997752840846,68.5625781133319,-99.47283064900246,-64.39139873233377,95.89062753543224,32.63742095088164,-103.34036165270415,-98.40960470418557,23.477070535791704,-47.27145910080949,-18.240614349530837,70.60790825621525
-17.38069614891285,129.16937292451166,-165.6350232558794,-61.77069244353217,-2.3004351781565515,94.3798008015089,-101.83962329900052,113.46281055512034,-43.403940761302366,49.97174513604482,136.4078319773053,105.21399114622868,49.42198263800349,-9.63334327882746,-115.64504179138491,40.88136937899084,-49.88845303272151,138.25521654319186,148.13477553451395,10.941592644563354,119.45283363271614,-21.446843008944768,99.87390745910606,-107.13246420986746,51.19009770269323,-92.83123776215491,73.61089656755749,31.903341092728265,1.6551438664371907,49.6453983808847,-62.85691360457204,23.83506509724975,60.352822823676775,24.89257945434614,6.044193770777111,-20.98743860658058,-82.17276520639543,48.44419413042342,-102.48720698163953,-154.08014278847253,96.9944676685628,-125.87438066452353,-20.04343021958653,-53.70615486339742,199.5407811907731,-78.48647862180319,114.09188390289556,73.87060970214802,-110.12105994577853,-37.33135885155575,118.4819690798757,112.98245927930432,-26.933860189452474,54.12220098576768,20.943409386856338,-81.0216581405186
-48.2113863297164,357.4513313130662,-456.22567565546467,-169.9169866862316,-4.478362400240138,260.0805216010385,-280.66358014145686,313.2939754809026,-118.76543574827232,136.4078319773053,375.1989979350332,291.4028567021697,134.1795080136031,-26.79468440861011,-319.30673927481325,113.54475535979864,-136.43588909925685,380.83508641798153,409.94598058631465,30.125640005604446,329.8402711508978,-61.066953957168025,274.0010839029809,-297.0320025004507,139.73250786684758,-255.8395796621187,203.91981587017884,89.34130130185918,4.68525161995872,135.60134102038768,-174.1240667051426,64.84152942509428,166.49524163916539,67.35387597023978,17.710440841016833,-56.091462793838645,-225.7500397829771,134.5502321953014,-281.5143456906476,-426.49763005150254,265.1392047455587,-347.9219005463785,-53.69942924145688,-146.49785470687954,550.6928325245085,-218.20468946693808,315.2255495651204,203.9728519188486,-303.01666925430357,-104.0455203530414,327.7838742145276,311.207002581934,-74.3501304738166,150.41242516493358,57.69031418161929,-223.56693101685778
-37.7293074013388,279.1813205109141,-354.78659798747896,-131.98224038143306,-2.1837447340064187,202.33249485059315,-218.37930828282092,244.21417997432468,-91.79692282868628,105.21399114622868,291.4028567021697,227.7844862973951,102.95308589340138,-21.033983287987034,-248.87040909167106,88.95647893110905,-105.40499764413461,296.1904437225196,320.18946644302616,23.413122491152812,257.099291437825,-48.920141872718595,212.30465310530502,-232.3851383211582,107.75021268227563,-199.0598842430654,159.4338768198183,70.51641241890688,3.7415213363680233,104.6581606623773,-136.11360074405567,49.84363149457638,129.65396147160595,51.52827861246727,14.547357036999717,-42.38781677634029,-175.1472777913158,105.40863739655842,-218.39478254426345,-333.17690876927173,204.74198245629754,-271.4503749778893,-40.682106596858304,-112.9136758025697,429.03613669170403,-171.1285320898426,245.83219265489083,158.99229071335202,-235.4262565073932,-81.77290038321816,255.94350349673337,242.04007086394424,-57.931594609235,117.93527704665352,44.881819055276125,-174.16858719639276
-16.992066087258706,126.48190517228123,-162.76227851519545,-60.755641243363904,-2.7368689077245554,92.71425719147584,-100.0283916640692,111.27817869163182,-42.858421727584904,49.42198263800349,134.1795080136031,102.95308589340138,49.07867549562702,-9.39242784216111,-113.43200646935621,39.93130667672907,-49.27945083984922,135.84404546621178,145.04973882778805,10.757547091085552,117.159425843584,-20.546127731754886,98.42650506496301,-104.75844128093925,50.640382559079974,-91.18240934938926,72.01647848794907,30.967253477564505,1.5895247764128053,49.0746065891266,-61.506935396339756,23.636092966838717,59.24131468528347,24.772820684249755,5.651712397768098,-21.078683742052903,-80.89718647528919,47.32045935236276,-100.90087599480547,-150.85030708948491,95.84541933064438,-123.36183547188395,-20.093323244557112,-53.14660971120828,195.78781446044906,-76.59412940500759,111.8563310672251,72.45099804498302,-108.29119114497948,-36.36721494528086,116.04159863581742,111.01008489214269,-26.42554245280412,52.826005764127395,20.57157950932671,-79.4991398825295
3.4855875950572055,-25.764485299657206,32.64939064129119,12.137168056283233,0.12763934793303205,-18.623657606604937,20.104383049369797,-22.51095940300949,8.414735565441811,-9.63334327882746,-26.79468440861011,-21.033983287987034,-9.39242784216111,1.9483557932221702,22.936056793517523,-8.223432340210811,9.65944705186893,-27.260451296876663,-29.549444727608968,-2.153209272220299,-23.696011250011527,4.586728483577038,-19.492602489710993,21.4681580746372,-9.861113807915032,18.324900820662208,-14.724436139470216,-6.549545437588474,-0.3509311153869646,-9.587065236306348,12.567098335703612,-4.552504350303773,-11.941170755166567,-4.693508188744249,-1.3859320151606374,3.8277262618500583,16.09508042949703,-9.743570742870801,20.069927856901863,30.75038496425589,-18.756508921049832,25.03461992065767,3.680413297857105,10.332603599651703,-39.53024066444575,15.832481792395434,-22.663878667229362,-14.654424139197719,21.652372697122495,7.574714949983621,-23.61593416518629,-22.277894148141993,5.337413151056288,-10.910905406606824,-4.133058450670854,16.048637065049554
41.20227913884054,-305.14229105472833,388.53670964801324,144.61272134487774,3.0254858918099874,-221.5421760378444,239.09299290799268,-267.15578915867826,100.8058431270811,-115.64504179138491,-319.30673927481325,-248.87040909167106,-113.43200646935621,22.936056793517523,272.26841307318307,-97.09757055389336,115.773589762862,-324.3482989223431,-349.9598605879206,-25.648648192036273,-281.26071035813607,52.86836938663341,-232.8806313235866,253.8032680270866,-118.45157484325141,217.94436507925215,-174.1762797891407,-76.71437807782168,-4.047782590862335,-115.00019931201572,148.7154095359698,-54.8714573576816,-141.90126523735174,-56.84564545204275,-15.547261362802246,47.02738708076061,192.00777397721237,-115.05861876162358,239.42431484468543,364.1272723774359,-224.92980018449308,296.8328956550299,45.08245573729599,124.1506727352613,-469.4593568422822,186.69953202452245,-268.8753416139951,-173.9319068436275,257.92860157873463,89.12970924859604,-279.776407114071,-265.047053663446,63.387742810625184,-128.67682494603412,-49.139374967135296,190.57981873835598
-14.745052387589682,109.00409066765314,-138.30926320516264,-51.42638768942384,-0.6470732747125323,78.89188283971002,-85.14595107529088,95.27487064376218,-35.70337285700657,40.88136937899084,113.54475535979864,88.95647893110905,39.93130667672907,-8.223432340210811,-97.09757055389336,34.781948094903406,-40.987494739925296,115.4638127597866,125.01656360277086,9.127905023301874,100.3086282918782,-19.277116561633346,82.64799624051709,-90.79372022201694,41.87585177641848,-77.61570106413045,62.26791530686103,27.646209311365844,1.4690332123320406,40.67222138885038,-53.166738339951664,19.346987744630557,50.57362341486886,19.9559864602048,5.776756474928214,-16.346851012811612,-68.21405211313221,41.216367457351076,-85.04747641552395,-130.1013717843334,79.60466647527096,-105.94148874512304,-15.701751800209198,-43.8647302067559,167.36138151097478,-66.92499389426115,95.93555057208238,62.02977999252714,-91.74695312321138,-32.009370330346854,99.92194514897213,94.34933693068314,-22.60233383895249,46.11209994318251,17.49147209764222,-67.9313187740124
17.41996784269407,-129.38133869989198,165.72421767300466,61.783291231687606,2.1362928411534265,-94.44187641449956,101.90714184159827,-113.58699388650624,43.35942319707961,-49.88845303272151,-136.43588909925685,-105.40499764413461,-49.27945083984922,9.65944705186893,115.773589762862,-40.987494739925296,49.83046444027937,-138.32977248199748,-148.37902638551847,-10.947525836165887,-119.58638787049321,21.630580688869582,-99.83199021658865,107.35865404860564,-51.10937400017331,92.89388188319384,-73.74833502515226,-32.04904652394189,-1.6660717714930706,-49.56984616687278,62.97745945590979,-23.7778309276776,-60.40900670624816,-24.798626240350952,-6.1373351395941595,20.850550638761447,82.1642753449961,-48.57075120399734,102.47076504907275,154.34406293714315,-96.87097746738463,126.0446462088217,19.923063551692305,53.609120152413844,-199.7389775505689,78.70496149697796,-114.23734455363693,-73.95225037851974,110.15456907534792,37.458801087799046,-118.66840206204742,-113.0407504119749,26.963264440934225,-54.266000246640246,-20.952727362682495,81.0958764928805
-49.014730224473716,363.25775628076445,-463.2051037408459,-172.4737710917371,-4.187500916622557,264.08072283683265,-284.99143709059086,318.2510147072195,-120.42597927554151,138.25521654319186,380.83508641798153,296.1904437225196,135.84404546621178,-27.260451296876663,-324.3482989223431,115.4638127597866,-138.32977248199748,386.67145012463544,416.6074379000817,30.582212337478293,335.053753193782,-62.40070092225277,277.97775755457525,-301.9661004498087,141.614743901685,-259.78289765997295,207.27958120875013,90.99708222439689,4.785024453133548,137.45697906654996,-176.984196365474,65.6714395309596,169.0912079823433,68.14874790012456,18.1988549284789,-56.60559080239911,-229.09062521835705,136.82269919973092,-285.67694938527603,-433.44356482926753,268.7925174239783,-353.4936328244503,-54.22053148685206,-148.458111656457,559.3382351696283,-221.9440527649061,320.24192629709574,207.19794100571394,-307.591876427235,-105.87627304713484,333.08968725304004,315.9779328065316,-75.5186762592347,152.98365788646763,58.57960199966556,-227.07569142513861
-53.029995586209374,392.4815272173406,-499.03706090533205,-185.66889519467833,-3.285422919456152,284.58584983224983,-307.1463472973933,343.40139234005943,-129.21614312665565,148.13477553451395,409.94598058631465,320.18946644302616,145.04973882778805,-29.549444727608968,-349.9598605879206,125.01656360277086,-148.37902638551847,416.6074379000817,450.1307828703633,32.936864589329616,361.5265305480336,-68.56429419992197,298.7547615331942,-326.6295477004456,151.7183002853926,-279.9764016572905,224.1053933418938,99.0121148943843,5.243986215236207,147.33960715949786,-191.33582979882246,70.2089948651354,182.34070856180776,72.61975158029111,20.32566516439624,-59.833781535286555,-246.4259368695821,148.1401481311433,-307.2726690593322,-468.3813031195434,288.2332534269803,-381.6609509590868,-57.40659803963233,-158.992083819043,603.3362837525714,-240.4620024514865,345.6645363773387,223.5692677880146,-331.18410441401744,-114.8761820672617,359.82462709848267,340.4387750122457,-81.46757356932243,165.71809116051622,63.12257740217133,-244.9228126338935
-3.875006687943623,28.71904603029095,-36.6372866279636,-13.642897659623486,-0.34030087648804497,20.887507880561532,-22.539577193381426,25.16402003521842,-9.53051879223759,10.941592644563354,30.125640005604446,23.413122491152812,10.757547091085552,-2.153209272220299,-25.648648192036273,9.127905023301874,-10.947525836165887,30.582212337478293,32.936864589329616,2.42002800632604,26.494401679491606,-4.921546671982938,21.993501714811273,-23.87065093450291,11.210631193038898,-20.546627229201718,16.384780416409765,7.188608992731053,0.37672815721797315,10.877235412996482,-13.992390019787013,5.200097314030031,13.37319227204359,5.396657833075621,1.430771513285498,-4.489278982343098,-18.12256920516912,10.81718405751144,-22.597780569614006,-34.26815815870806,21.273651613429386,-27.949386081543977,-4.298695764718786,-11.75068792869846,44.23191487923642,-17.541745673889825,25.32303608512183,16.383677200616347,-24.331188388677543,-8.367207002768405,26.33469259581631,24.98988617425985,-5.972574255702282,12.090043917258237,4.631644034825475,-17.95517707911282
-42.56454168827766,315.2276485469926,-401.35928865125805,-149.38387393919123,-3.112161868342019,228.85408078595165,-246.9854058382925,275.9809410024982,-104.12602081137133,119.45283363271614,329.8402711508978,257.099291437825,117.159425843584,-23.696011250011527,-281.26071035813607,100.3086282918782,-119.58638787049321,335.053753193782,361.5265305480336,26.494401679491606,290.5506358814554,-54.63010207623123,240.55759855308324,-262.1957068777976,122.34948924297495,-225.13819869802273,179.93577800570762,79.25760837595537,4.18296167514376,118.78771944518253,-153.63123209594474,56.67545243151175,146.5859376367761,58.71282868434711,16.07028923040714,-48.5647944534328,-198.34050661083012,118.86321162376407,-247.3215759109969,-376.16234063761226,232.33630873315067,-306.6405468449872,-46.55785062484638,-128.23695758020807,484.9628162098585,-192.8773717745027,277.756943890509,179.67714132006316,-266.4381932114,-92.08053828450319,289.02258843310534,273.79591624479406,-65.48068059386414,132.93533201119993,50.76229256588172,-196.87470026263486
8.14136789792958,-59.77717043059403,74.72077260732999,27.66818741319122,-0.6108851874580921,-42.68002713489533,46.08704899590205,-51.89600956860322,18.87453721362484,-21.446843008944768,-61.066953957168025,-48.920141872718595,-20.546127731754886,4.586728483577038,52.86836938663341,-19.277116561633346,21.630580688869582,-62.40070092225277,-68.56429419992197,-4.921546671982938,-54.63010207623123,11.468719358625739,-44.079003896655315,50.079817692249506,-21.950666752272976,42.00860848116956,-34.26762324656925,-15.702975417958392,-0.8651306876747573,-21.38601231752337,29.24311370576858,-10.024208809704447,-27.453979410918702,-10.15306232700016,-3.690480288896947,7.923554940006684,36.54988416654409,-22.84047073439813,45.55541280081001,71.39765761696788,-41.94057106981124,57.8861031693178,7.68835317616276,22.951040514757217,-90.99415483180304,37.218160510915766,-52.34098772737669,-33.78395322660816,49.40634161149553,17.928813152479933,-54.74788379076175,-50.99019931780884,12.294359545174888,-25.622984287711024,-9.461813800594836,36.92580454910663
-35.10763065784653,260.50087399805483,-333.01541674425397,-124.08373078702967,-3.727739245111708,189.8127737903335,-204.82687289249722,228.49018367880277,-86.8866545382746,99.87390745910606,274.0010839029809,212.30465310530502,98.42650506496301,-19.492602489710993,-232.8806313235866,82.64799624051709,-99.83199021658865,277.97775755457525,298.7547615331942,21.993501714811273,240.55759855308324,-44.079003896655315,200.27396499557437,-216.33039554939128,102.31116570503603,-186.71043577776007,148.55671547479153,64.84984329847133,3.3878165722545397,99.26183989695984,-126.85357418280546,47.53161910585457,121.46705044779343,49.463259720726604,12.662128093078476,-41.3701216193937,-164.92772326508526,97.93814785709314,-205.67767812035794,-310.7935233211447,194.0370656624757,-253.65736841652645,-39.571840682798594,-107.28838239601828,401.7011454532191,-158.7736633505971,229.853168570747,148.76085856906465,-221.25765697901988,-75.64439745106165,238.902891454421,227.15709142524008,-54.230642328011804,109.45792509313951,42.10781587474364,-163.0875402629594
38.50151604693985,-284.79542463396626,361.70664804624744,134.53158680568944,2.0246707936790562,-206.29342594282505,222.65282618641893,-249.04987743681514,93.50581870287023,-107.13246420986746,-297.0320025004507,-232.3851383211582,-104.75844128093925,21.4681580746372,253.8032680270866,-90.79372022201694,107.35865404860564,-301.9661004498087,-326.6295477004456,-23.87065093450291,-262.1957068777976,50.079817692249506,-216.33039554939128,237.11880563009854,-109.72307140808043,202.95745678834388,-162.65864803434226,-72.04682993941103,-3.8254203191945493,-106.57407133255035,138.872540618763,-50.73231413050745,-132.21179545546119,-52.40305919675478,-14.937168511291114,43.03764948460087,178.49914570058212,-107.58733024209923,222.5655272143479,339.8910871415102,-208.5249408098661,276.86541676614974,41.318665361929675,114.96403120294814,-437.51143858424734,174.67789041497744,-250.72765675947312,-162.14227804149724,239.98730773301128,83.49765103001428,-261.08106569028246,-246.7553954306953,59.079791755142246,-120.3716732307227,-45.753066825818074,177.6000904846328
-17.80300335218058,132.29411851480063,-169.66762933737905,-63.27380621751227,-2.3582332136912387,96.67962113386031,-104.31433442316288,116.20696590149736,-44.46669361409709,51.19009770269323,139.73250786684758,107.75021268227563,50.640382559079974,-9.861113807915032,-118.45157484325141,41.87585177641848,-51.10937400017331,141.614743901685,151.7183002853926,11.210631193038898,122.34948924297495,-21.950666752272976,102.31116570503603,-109.72307140808043,52.45030243446568,-95.08972169617547,75.38452634040407,32.6723634917253,1.6910685406542034,50.85282066856461,-64.380889883734,24.42256228442559,61.82339084143415,25.501412454899835,6.176198451057197,-21.514194039079907,-84.17314754486878,49.62476926259449,-104.97587043678935,-157.81125007347256,99.37152462222284,-128.92072762939821,-20.543034765963718,-55.01996986743202,204.3829942598252,-80.3833903071505,116.86131456820937,75.65993841692129,-112.80501540330113,-38.23533618573142,121.34932600199039,115.72317210129388,-27.590106203033347,55.42505461056721,21.44626278842622,-82.98040832522867
32.945236797910745,-244.12289500503852,311.20205354436393,115.86546793384295,2.730553018364379,-177.42720758728208,191.47597216398012,-213.8456869022886,80.8737759831011,-92.83123776215491,-255.8395796621187,-199.0598842430654,-91.18240934938926,18.324900820662208,217.94436507925215,-77.61570106413045,92.89388188319384,-259.78289765997295,-279.9764016572905,-20.546627229201718,-225.13819869802273,42.00860848116956,-186.71043577776007,202.95745678834388,-95.08972169617547,174.5399682374045,-139.30768814355176,-61.199823640676634,-3.2194175430865837,-92.2983419917407,118.94883383719514,-44.08646794548473,-113.61494264644307,-45.731862256465575,-12.270882997213747,37.95699376509483,153.8870710892282,-91.97384875127135,191.8943621436519,291.29617582715224,-180.49998046845909,237.54303064600967,36.36298306641049,99.67826447932553,-375.8331827520994,149.19927745331526,-215.1944928201902,-139.22533039474078,206.64125875537877,71.1859226745092,-223.84499122452723,-212.2862451363623,50.744280678201385,-102.83776089625174,-39.354953127110186,152.574442266977
-26.408921423932004,195.40298937575008,-248.2851999257913,-92.35991229470365,-1.4987717430052616,141.59725528826073,-152.82803226037075,170.91830902029164,-64.22825084506603,73.61089656755749,203.91981587017884,159.4338768198183,72.01647848794907,-14.724436139470216,-174.1762797891407,62.26791530686103,-73.74833502515226,207.27958120875013,224.1053933418938,16.384780416409765,179.93577800570762,-34.26762324656925,148.55671547479153,-162.65864803434226,75.38452634040407,-139.30768814355176,111.59397545355087,49.3720920395024,2.620599534975697,73.22349599914136,-95.27045801595705,34.868269237623046,90.7377271115526,36.04108358937946,10.198283767528496,-29.635603806099674,-122.5615205766524,73.78415963213561,-152.82434983529353,-233.19662239577832,143.24879600207717,-189.98552211259704,-28.445551938601923,-78.9958764922117,300.2642095394707,-119.79118468498149,172.0530934876873,111.27380691430531,-164.75003243483548,-57.245392533370286,179.13701265222394,169.38427269341835,-40.54400307351389,82.5548386465778,31.409562316007435,-121.89311311374944
-11.704986768370617,86.32788002720673,-108.99004382897786,-40.468990157545406,-0.040499849560445195,62.197558667372874,-67.13821036500482,75.28242760832386,-27.933260475608698,31.903341092728265,89.34130130185918,70.51641241890688,30.967253477564505,-6.549545437588474,-76.71437807782168,27.646209311365844,-32.04904652394189,90.99708222439689,99.0121148943843,7.188608992731053,79.25760837595537,-15.702975417958392,64.84984329847133,-72.04682993941103,32.6723634917253,-61.199823640676634,49.3720920395024,22.15950973149111,1.1916663586490326,31.763053317109062,-42.14932839476805,15.037900480856095,39.917420522793485,15.419137511438674,4.828131625193859,-12.440514372868542,-53.606064036979625,32.75960706689393,-66.82660015169765,-103.06177517919025,62.21169933968504,-83.79916984612827,-11.987005254452562,-34.202314443852636,132.16370988900863,-53.25492177015673,75.84793010130474,49.012338647085656,-72.22060588587578,-25.53402383572463,79.11159025344928,74.35617622035033,-17.851906556780065,36.682226473210925,13.788281931301208,-53.63969455976886
-0.6210261860652564,4.571918315714894,-5.72772289805471,-2.122973653977178,0.02914762945475562,3.2697022020221125,-3.532901395871448,3.9760376418952355,-1.4530625033068747,1.6551438664371907,4.68525161995872,3.7415213363680233,1.5895247764128053,-0.3509311153869646,-4.047782590862335,1.4690332123320406,-1.6660717714930706,4.785024453133548,5.243986215236207,0.37672815721797315,4.18296167514376,-0.8651306876747573,3.3878165722545397,-3.8254203191945493,1.6910685406542034,-3.2194175430865837,2.620599534975697,1.1916663586490326,0.06654949164234605,1.6510400720260727,-2.234052245195932,0.7740890746640999,2.1017485374583327,0.7891615838039626,0.2769119812597071,-0.6194803884132621,-2.8073451648211907,1.73997273370435,-3.5014736588677664,-5.4585267092024035,3.230006297270582,-4.430854511912181,-0.6004480487501604,-1.7712589825350957,6.9690777897299645,-2.8374872816316303,4.005175495265657,2.5873991627965536,-3.7894701835852462,-1.3638467627968223,4.187682662100572,3.911539776907528,-0.9407882374026089,1.9554433625207552,0.7273443508179618,-2.830137141419668
-17.289917450879052,128.47550745768706,-164.67509640370645,-61.40584677532031,-2.2335000720927907,93.8352353097408,-101.25600728266232,112.83385605088061,-43.12852796984831,49.6453983808847,135.60134102038768,104.6581606623773,49.0746065891266,-9.587065236306348,-115.00019931201572,40.67222138885038,-49.56984616687278,137.45697906654996,147.33960715949786,10.877235412996482,118.78771944518253,-21.38601231752337,99.26183989695984,-106.57407133255035,50.85282066856461,-92.2983419917407,73.22349599914136,31.763053317109062,1.6510400720260727,49.32582598617962,-62.523619647498705,23.671091538488703,60.01033388259536,24.712507329200005,6.044638505139937,-20.81126154056886,-81.6794456850946,48.19569673697145,-101.87314103561309,-153.25432283687724,96.36890612198214,-125.186017733863,-19.879710373514857,-53.351480098228826,198.42014090732843,-78.09455460046729,113.46131537349387,73.45986936141752,-109.47354147313267,-37.15152332860886,117.84221247447714,112.33140026942584,-26.78249520609975,53.85192499613534,20.824608290259686,-80.56714225925059
22.548642240774562,-166.83045184337755,212.0027439323761,78.86279569413334,1.28352459893412,-120.90677241961234,130.49100068748453,-145.92627431365707,54.84807359312598,-62.85691360457204,-174.1240667051426,-136.11360074405567,-61.506935396339756,12.567098335703612,148.7154095359698,-53.166738339951664,62.97745945590979,-176.984196365474,-191.33582979882246,-13.992390019787013,-153.63123209594474,29.24311370576858,-126.85357418280546,138.872540618763,-64.380889883734,118.94883383719514,-95.27045801595705,-42.14932839476805,-2.234052245195932,-62.523619647498705,81.34209451182195,-29.779519399053076,-77.47869068092629,-30.7780418875619,-8.694701529723362,25.31945844960174,104.65195125870002,-63.001331602048424,130.48761406934696,199.1006418469058,-122.33034810002707,162.20664291497525,24.29976290919935,67.45876151750652,-256.3721267009033,102.27229352658675,-146.90282801510097,-95.00530482113386,140.67740404361916,48.87465153463133,-152.94396970308696,-144.62387319786222,34.61938192698222,-70.4776478378442,-26.81404777237009,104.06930103582233
-8.22994868368425,61.22108028622313,-78.68326356807837,-29.360659090907365,-1.2373072467621802,44.82601781400587,-48.363247069456165,53.83000417797512,-20.682551240782193,23.83506509724975,64.84152942509428,49.84363149457638,23.636092966838717,-4.552504350303773,-54.8714573576816,19.346987744630557,-23.7778309276776,65.6714395309596,70.2089948651354,5.200097314030031,56.67545243151175,-10.024208809704447,47.53161910585457,-50.73231413050745,24.42256228442559,-44.08646794548473,34.868269237623046,15.037900480856095,0.7740890746640999,23.671091538488703,-29.779519399053076,11.38913251265133,28.650505114426885,11.920055627810454,2.781116640909551,-10.110955883599237,-39.08063309071526,22.927237320132672,-48.742141969293094,-73.02117551468443,46.240946517180504,-59.69187698151735,-9.644300790967467,-25.626560833042156,94.69823708638,-37.12052250458454,54.11880646485558,35.04773746749833,-52.3366908298743,-17.63695745797655,56.163461980993986,53.66529228727973,-12.782277614276675,25.598828325707554,9.944932556273958,-38.450378391451096
-21.463186556875833,158.98986171131034,-202.55983328925313,-75.40315932128539,-1.6706888874859196,115.49390208103735,-124.6385086310818,139.23127528328808,-52.5960207950083,60.352822823676775,166.49524163916539,129.65396147160595,59.24131468528347,-11.941170755166567,-141.90126523735174,50.57362341486886,-60.40900670624816,169.0912079823433,182.34070856180776,13.37319227204359,146.5859376367761,-27.453979410918702,121.46705044779343,-132.21179545546119,61.82339084143415,-113.61494264644307,90.7377271115526,39.917420522793485,2.1017485374583327,60.01033388259536,-77.47869068092629,28.650505114426885,73.96667552467817,29.697560393392486,8.044792812654805,-24.610647787195393,-100.130623827286,59.92953143085125,-124.85679574545273,-189.719722140829,117.37349859216049,-154.68129131173234,-23.584205323096207,-64.79908754059552,244.68651747125855,-97.22626121147744,140.1229750236687,90.64806753103562,-134.4849598961865,-46.40386563702708,145.77852121920864,138.17413954552995,-33.03861932715167,67.01051841420453,25.614506420677007,-99.33026095418862
-8.49714186108966,63.32442400944929,-81.65169358587247,-30.497223748631505,-1.5234340011902094,46.500446269088016,-50.1700131578255,55.76940799067281,-21.562094472069422,24.89257945434614,67.35387597023978,51.52827861246727,24.772820684249755,-4.693508188744249,-56.84564545204275,19.9559864602048,-24.798626240350952,68.14874790012456,72.61975158029111,5.396657833075621,58.71282868434711,-10.15306232700016,49.463259720726604,-52.40305919675478,25.501412454899835,-45.731862256465575,36.04108358937946,15.419137511438674,0.7891615838039626,24.712507329200005,-30.7780418875619,11.920055627810454,29.697560393392486,12.524793964475876,2.7554534048694252,-10.70711460593432,-40.63078002338068,23.647894370945828,-50.684226480795424,-75.51398938552359,48.2397158255493,-61.79534043983395,-10.197579412356129,-26.77521173179688,98.13852871805983,-38.26614907084655,56.038799391602545,36.308924429536276,-54.34893491124055,-18.146883655904922,58.10430816854904,55.69339208269679,-13.24326480447561,26.39839620232428,10.32281187639577,-39.85479055059961
-2.4301603840454424,17.71900770299875,-21.780536725630363,-8.028240018235197,0.48925581398781703,12.459262525255252,-13.464116718506695,15.271130669641153,-5.366031528682529,6.044193770777111,17.710440841016833,14.547357036999717,5.651712397768098,-1.3859320151606374,-15.547261362802246,5.776756474928214,-6.1373351395941595,18.1988549284789,20.32566516439624,1.430771513285498,16.07028923040714,-3.690480288896947,12.662128093078476,-14.937168511291114,6.176198451057197,-12.270882997213747,10.198283767528496,4.828131625193859,0.2769119812597071,6.044638505139937,-8.694701529723362,2.781116640909551,8.044792812654805,2.7554534048694252,1.2653779246656534,-2.01052788500333,-10.556200477061484,6.843089135689063,-13.155004794462304,-21.178279231626227,11.875294576431,-17.09068050887519,-1.9800533133399858,-6.446380894630922,26.716612898191563,-11.197357783317983,15.425676614097544,9.939173446404656,-14.349058995458936,-5.433394830583431,16.212271904972138,14.872886164468962,-3.610631711578121,7.704038721422292,2.764541059164476,-10.841427143870167
6.9753703519790085,-52.177667610263924,67.83744658034524,25.392142045314987,1.7253114359921047,-38.6059793780792,41.638006808049944,-46.123273677720675,18.114291496935863,-20.98743860658058,-56.091462793838645,-42.38781677634029,-21.078683742052903,3.8277262618500583,47.02738708076061,-16.346851012811612,20.850550638761447,-56.60559080239911,-59.833781535286555,-4.489278982343098,-48.5647944534328,7.923554940006684,-41.3701216193937,43.03764948460087,-21.514194039079907,37.95699376509483,-29.635603806099674,-12.440514372868542,-0.6194803884132621,-20.81126154056886,25.31945844960174,-10.110955883599237,-24.610647787195393,-10.70711460593432,-2.01052788500333,9.3362061699482215,33.901142634878745,-19.373257053354568,42.293183658748355,62.198466692848534,-40.59413730221238,51.02106014380867,8.857021101205621,22.604774945634176,-81.25195149722069,31.278364166067938,-46.30944177909647,-30.031760976167273,45.23125107567565,14.770780040302133,-47.90064929132151,-46.25764943683234,10.962917158609352,-21.585967225086446,-8.56744297855392,32.998149005079334
28.969790453920496,-214.87142721062804,274.442941018802,102.23506889918954,2.869487362708704,-156.43983983131068,168.81955037349923,-188.3928530499202,71.51659974474104,-82.17276520639543,-225.7500397829771,-175.1472777913158,-80.89718647528919,16.09508042949703,192.00777397721237,-68.21405211313221,82.1642753449961,-229.09062521835705,-246.4259368695821,-18.12256920516912,-198.34050661083012,36.54988416654409,-164.92772326508526,178.49914570058212,-84.17314754486878,153.8870710892282,-122.5615205766524,-53.606064036979625,-2.8073451648211907,-81.6794456850946,104.65195125870002,-39.08063309071526,-100.130623827286,-40.63078002338068,-10.556200477061484,33.901142634878745,135.85576821288169,-80.83293848187974,169.42000546850272,256.3654748306629,-159.68301953688012,209.18155408206033,32.44333992559593,88.26004212788543,-331.17100475239,131.07268502677022,-189.53397980762358,-122.65424589558629,182.3078397410148,62.47423029375072,-197.0461579330712,-187.20808968657647,44.709790776889875,-90.35712098687688,-34.70470312309366,134.45180023555974
