V1,V2,V3,V4,V5,V6,V7,V8,V9,V10,V11,V12,V13,V14,V15,V16,V17,V18,V19,V20,V21,V22,V23,V24,V25,V26,V27,V28,V29,V30,V31,V32,V33,V34,V35,V36,V37,V38,V39,V40,V41,V42,V43,V44,V45,V46,V47,V48,V49,V50,V51,V52,V53,V54,V55,V56
6.189902789777193,-45.7801733802789,58.12631413771121,21.617495566225877,0.31054947434047653,-33.152336658743714,35.78160815536957,-40.02869134998568,15.02000294616726,-17.20640295395641,-47.72885743555299,-37.35743867679736,-16.819003469513337,3.452110975298266,40.79246851484272,-14.598039361851853,17.244644654434804,-48.52625640531265,-52.504977651596626,-3.835834078035304,-42.141564078580046,8.06392714164092,-34.755546837145474,38.12067245905853,-17.62223207896047,32.61642960529039,-26.148797613156976,-11.589705592571505,-0.615786093844251,-17.117368581958694,22.324770539036848,-8.146150357855909,-21.248505005645388,-8.411521209530058,-2.409042268434311,6.902300062444698,28.680202664707654,-17.29810884870831,35.76020812844492,54.63751233642997,-33.49370758730815,44.50218097038794,6.627783529903475,18.46328776047183,-70.31695199883795,28.08700012475013,-40.299789536849026,-26.06041999181921,38.56354502199278,13.427873321666262,-41.967423825756114,-39.65379853982643,9.495407356227267,-19.35459762269946,-7.3526306401180905,28.543797808283518
-45.7801733802789,338.81547796225834,-430.79550574736555,-160.27793523614994,-2.825199021393481,245.67117639927415,-265.14457599560114,296.4418205000232,-111.54289120902905,127.87106437883021,353.8850384489013,276.4074822742954,125.20709047944288,-25.508404081973083,-302.1061581237905,107.92635275670118,-128.0842694287216,359.6360645312966,388.58201344465044,28.433352127050103,312.0908302184509,-59.19531721118564,257.89599345387256,-281.97066929568035,130.96741308049926,-241.69086350276731,193.46175950097847,85.4793542583055,4.5262822678287025,127.1839042881957,-165.1754123167954,60.605285954662925,157.40814418087737,62.68269170500231,17.548381846801604,-51.64572001704405,-212.7245465469461,127.88939582413909,-265.2475765707999,-404.3388886587214,248.81049967410482,-329.472299084644,-49.55065087620269,-137.2435947608141,520.834394717538,-207.5879559749864,298.39967750634895,192.9974806740762,-285.89472483464033,-99.17341418536664,310.6237922131494,293.8820906939172,-70.32822586411609,143.06072582319584,54.48874412439055,-211.42939771027375
58.12631413771121,-430.79550574736555,549.362666879143,204.55771181958332,4.9950448874152,-313.1991248142956,337.99734713189076,-377.4313099871488,142.8385943544769,-163.9903353930961,-451.680207036348,-351.25358365990866,-161.14408811422834,32.325732536728005,384.6644747513843,-136.92590092719607,164.0755309715424,-458.59184483467806,-494.0638636803651,-36.27114265203612,-397.36006721931926,73.97349489125087,-329.70014514393654,358.09949943862205,-167.97741515687972,308.1007001296393,-245.81288809000588,-107.8989756760455,-5.672252646614267,-163.04150466520173,209.88740198098483,-77.90023053343577,-200.5389948996884,-80.84361944700055,-21.564749871982063,67.16361353363793,271.7111487824024,-162.25524652200858,338.82428207971975,514.0295387635557,-318.8226024926259,419.22247759214457,64.33096738759126,176.09480354814013,-663.3574157502557,263.19277209680365,-379.79147781463445,-245.7279672238682,364.81002005416303,125.55009340691994,-395.02016602084274,-374.74869326790446,89.56294705122059,-181.41588140260282,-69.4741357234179,269.30382684957715
21.617495566225877,-160.27793523614994,204.55771181958332,76.18530352946499,2.0029801417094832,-116.61217675000937,125.84224077694428,-140.4766509899292,53.24789876900642,-61.15778477189647,-168.22590183959386,-130.66447151182945,-60.15450804848493,12.015733855326033,143.17100680318651,-50.9124373783613,61.17023079960689,-170.75611917057495,-183.81612517973312,-13.507144786762314,-147.89442044799625,27.38867355493439,-122.8501766895515,133.18812310812953,-62.64630766765268,114.7113988116649,-91.43763421693386,-40.06291658619328,-2.1017666985213386,-60.79689465987217,78.07552667824623,-29.069806183014563,-74.65172732191068,-30.195953120881054,-7.946178496769787,25.142695982788346,101.21798090942417,-60.33086534275299,126.22173615019585,191.23718672148226,-118.87262652420219,156.00380512485174,24.071477161836903,65.6805755213221,-246.9193729420652,97.84382146863368,-141.34145401523358,-91.4580663721426,135.86219994799686,46.65466348811559,-146.9748941050979,-139.5375703296604,33.336681442241456,-67.44615116629389,-25.867857786370614,100.24400371431759
0.31054947434047653,-2.825199021393481,4.9950448874152,2.0029801417094832,1.2408590818250773,-2.772369854189381,2.9680174044639354,-2.916841901929233,1.810392035699326,-2.2856597773899257,-4.446836242314669,-2.138507625372663,-2.7328698120085897,0.1193618762692739,2.991027898274636,-0.6398732962746357,2.1261988171956396,-4.147124806900022,-3.2327394723507425,-0.34008807459101903,-3.0745917640995155,-0.6273245959458464,-3.7050458756721665,1.9874076506282112,-2.3550226425850656,2.7066141455476034,-1.4665024435703662,-0.030833336498968182,0.034062732117366164,-2.21483452266502,1.2653340143538916,-1.2359600391932242,-1.658321108963293,-1.5153947341726222,0.5023868902667503,1.7298688857677655,2.8472464228378334,-0.760133608696147,3.5727103313806947,3.304492222910647,-4.214543538187421,3.013304941130963,1.5658666574013835,2.5265434171623053,-5.32282444434599,1.08003218327388,-2.8210484650816245,-1.9012131852084557,3.5135971117451463,0.3528359378607964,-2.6505754890210396,-3.39181548662138,0.7099320271508862,-0.7744907955308679,-0.6218363312941223,2.1764530547945133
-33.152336658743714,245.67117639927415,-313.1991248142956,-116.61217675000937,-2.772369854189381,178.5638539175479,-192.7035035784367,215.21118388635733,-81.40198858404788,93.44307157166891,257.4875988833906,200.3209296064186,91.7905328629012,-18.440341638404846,-219.33439381848478,78.10142215975192,-93.50170886038823,261.45088482954765,281.7519017536089,20.678087357878148,226.57432211133758,-42.25520521316904,187.92200369839736,-204.23735547754526,95.71405630132146,-175.65838321689327,140.18974078986986,61.57456699862854,3.239201591233433,92.90600142623443,-119.70018512005404,44.378765497354216,114.34036725104751,46.040874646145795,12.338404397171,-38.22035539926393,-154.8824680976151,92.54899947447589,-193.13734094454486,-293.1414871612171,181.6821908256084,-239.05475381473627,-36.61416664602551,-100.33573844597312,378.23376615068395,-150.13253189224423,216.56414517018263,140.11384898312048,-207.97075343666614,-71.62750689814047,225.26568392405895,213.65031732575397,-51.06763772193154,103.4827693642515,39.6087788111009,-153.55095336746567
35.78160815536957,-265.14457599560114,337.99734713189076,125.84224077694428,2.9680174044639354,-192.7035035784367,207.9633423122258,-232.26128195606785,87.83691794466165,-100.82568715865385,-277.86794243420127,-216.20291553126734,-99.03290500177813,19.903886868972005,236.71076223689664,-84.29742932614627,100.89222425099332,-282.15225391231775,-304.08542055108177,-22.315008626822667,-244.52458283500465,45.626880640869054,-202.78691886861887,220.43365014568403,-103.27584754691362,189.56839310947666,-151.3048839955959,-66.4688640140561,-3.4974243283117494,-100.24741735558557,129.19057730123615,-47.8819305780391,-123.39688658138915,-49.67063933521034,-13.329250871272746,41.22414562031637,167.13810226472,-99.89106543964402,208.41954096575947,316.379056206712,-196.04094083542572,257.998407329573,39.49350157983521,108.26149524176157,-408.1953928581975,162.0458625133458,-233.72369914611448,-151.21432426493402,224.43337266107255,77.31457468014128,-243.12040336990407,-230.56683706458273,55.1131122234621,-111.69380820985111,-42.745073366374335,165.7140845630473
-40.02869134998568,296.4418205000232,-377.4313099871488,-140.4766509899292,-2.916841901929233,215.21118388635733,-232.26128195606785,259.5302761582574,-97.91470496800187,112.32480602900299,310.1736152694639,241.77801176029644,110.1655613630753,-22.284097285904515,-264.496080626219,94.33352936054773,-112.45236328996526,315.0783184883032,339.9816356190832,24.91509213598149,273.2321284294926,-51.38231085095041,226.21083410959503,-246.5732844286911,115.0498107244622,-211.71674552076124,169.21306448152305,74.53966867224757,3.9339280394387295,111.69972877192865,-144.47696000922593,53.29287884945379,137.8483932521131,55.20625763925238,15.116590765222925,-45.661657621909605,-186.51275884324545,111.78306818024822,-232.57217842164627,-353.74604659677135,218.47552201817788,-288.36439144876294,-43.77507273653908,-120.58464751001503,456.0549511608766,-181.38819688011108,261.20229747030334,168.9671457044208,-250.55252880943996,-86.59703687619012,271.79801438378877,257.47211940567394,-61.577843700811506,125.01595881577015,47.735396845729895,-185.1383538293167
15.02000294616726,-111.54289120902905,142.8385943544769,53.24789876900642,1.810392035699326,-81.40198858404788,87.83691794466165,-97.91470496800187,37.35815651631078,-42.97890335047621,-117.58589968546737,-90.87699325056487,-42.44130781129737,8.330228992964464,99.79900522732923,-35.34276868149874,42.9324379376898,-119.22781654991697,-127.9213738377998,-9.435255950220457,-103.08630506999164,18.677277285418942,-86.02739090536689,92.56570183091334,-44.02972904209615,80.06804319955546,-63.58436314021006,-27.647865965229915,-1.4381503607592818,-42.705525670549086,54.29712260641558,-20.480561101030432,-52.07101128571023,-21.35398032172545,-5.308076039671362,17.942102797058986,70.80826632286067,-41.881534302019716,88.30755882161401,133.06557774406664,-83.45951738125156,108.65937231101637,17.14645137515324,46.182144969927684,-172.17479803465392,67.87017882202073,-98.47818922421824,-63.74864466200422,94.9375946104396,32.306399978409,-102.3055205765027,-97.43094704795618,23.24237960116811,-46.79498110325363,-18.05961076937414,69.90463528513716
-17.20640295395641,127.87106437883021,-163.9903353930961,-61.15778477189647,-2.2856597773899257,93.44307157166891,-100.82568715865385,112.32480602900299,-42.97890335047621,49.48104622159536,135.0571130548189,104.15124962810408,48.945805066709035,-9.533523516319297,-114.48961300807366,40.47144957565418,-49.399890676828164,136.87934128287193,146.645826495733,10.83429741953183,118.25816402817453,-21.217690705337226,98.88909365203054,-106.05307767398676,50.693200174925046,-91.9082184566131,72.866846945562,31.577295848209744,1.63624328349359,49.156351094965885,-62.22604638394002,23.60485944819708,59.75310067729748,24.651378471583897,5.973062709490578,-20.792995322028883,-81.35894793531516,47.95945043770852,-101.46956405917379,-152.5327219540128,96.04638829908302,-124.61140228909274,-19.855591232977076,-53.18129448952642,197.54785896068643,-77.69289389368194,112.95141636685013,73.13090647079756,-109.03015405173781,-36.95364261806817,117.2919381205362,111.85597603742498,-26.666048647783743,53.572730572264994,20.73220477332413,-80.20906356245742
-47.72885743555299,353.8850384489013,-451.680207036348,-168.22590183959386,-4.446836242314669,257.4875988833906,-277.86794243420127,310.1736152694639,-117.58589968546737,135.0571130548189,371.4633979084707,288.49689294448996,132.85148780424615,-26.528234344250375,-316.12304738277123,112.4069345793409,-135.08158042711037,377.0429719391237,405.85591880454933,29.82470148727754,326.55216201248555,-60.45053791219284,271.2771474306013,-294.06487009720644,138.34465857107693,-253.2902072984617,201.88621827436046,88.443167480634,4.639304048538645,134.25928917431386,-172.38433409504904,64.19882504821878,164.83409470339222,66.69069556770553,17.531683020721,-55.5395042627418,-223.50518542256523,133.20117247913973,-278.71767964715394,-422.24025333696295,262.5067589672928,-344.4532399817864,-53.17122641558419,-145.04648147835746,545.2039455054146,-216.02091551223512,312.08077768761683,201.94023367075627,-299.9988659607882,-103.00165519285162,324.51378095879807,308.1100132666554,-73.60801982963484,148.90936830588743,57.11810437782317,-221.34137900179755
-37.35743867679736,276.4074822742954,-351.25358365990866,-130.66447151182945,-2.138507625372663,200.3209296064186,-216.20291553126734,241.77801176029644,-90.87699325056487,104.15124962810408,288.49689294448996,225.51744441369468,101.9138588535982,-20.82264761099537,-246.3953086015217,88.08246026624346,-104.34723968297824,293.2361014072576,317.0083020971289,23.1819494509756,254.5408289886013,-48.44502910779244,210.1804697485817,-230.08287644996594,106.67133362232761,-197.07822783978935,157.8471460083279,69.82768811437406,3.702397421947747,103.59960002395019,-134.76628741974952,49.34224907248065,128.36719400126856,51.00122049844053,14.404679052655533,-41.955328150769184,-173.39514880603963,104.3746984537576,-216.2044126475716,-329.8710248406932,202.6885354575457,-268.7489121220773,-40.266153818024755,-111.7751832752533,424.7655748124895,-169.44030249221913,243.3905531543403,157.40848743707463,-233.08009106184454,-80.97100078960332,253.40028391884303,239.62194506178153,-57.35726438744046,116.76691027390649,44.429316347497355,-172.42871238305221
-16.819003469513337,125.20709047944288,-161.14408811422834,-60.15450804848493,-2.7328698120085897,91.7905328629012,-99.03290500177813,110.1655613630753,-42.44130781129737,48.945805066709035,132.85148780424615,101.9138588535982,48.61256538628694,-9.296970155102358,-112.29620363845395,39.52262456417155,-48.800836599227196,134.4944188567267,143.58768616610308,10.650372464335438,115.98638347190446,-20.320053951398172,97.46074022520125,-103.69575490178042,50.15042555398438,-90.27443149063124,71.28912900592294,30.642245691748172,1.5729960946142483,48.60147331951641,-60.88416089232941,23.410009848407213,58.64884069354771,24.541303165601754,5.5849115131061975,-20.887896986361483,-80.1002980567635,46.835803768497826,-99.90877497067339,-149.32773973784253,94.91518410371316,-122.12345576878401,-19.910426248333433,-52.63512114547409,193.83053793186022,-75.80970560374415,110.73353419954432,71.7259947709792,-107.21787586608961,-35.991082710704724,114.87292124928486,109.90822732366014,-26.16070203249896,52.28660448672226,20.368350756513042,-78.7060653350759
3.452110975298266,-25.508404081973083,32.325732536728005,12.015733855326033,0.1193618762692739,-18.440341638404846,19.903886868972005,-22.284097285904515,8.330228992964464,-9.533523516319297,-26.528234344250375,-20.82264761099537,-9.296970155102358,1.927609537298605,22.70847825755318,-8.145397294518885,9.561939570844558,-26.98786953672806,-29.255748289443275,-2.1327582352388363,-23.460173973269267,4.542588932664722,-19.297008624743444,21.256621954580794,-9.763301515680496,18.143173157501863,-14.57640006357553,-6.487774596448299,-0.34627812982088063,-9.486785890477776,12.444149057361656,-4.506764166671877,-11.824277244202614,-4.643069788963883,-1.3709050724750977,3.7886291908679937,15.93308237643776,-9.651894971110762,19.86533781247134,30.446611865466817,-18.568114902176973,24.784584848625176,3.6421297149771643,10.226676191879228,-39.13692611519701,15.678587492055271,-22.44009401038273,-14.507820048313196,21.43753606788936,7.502826829525943,-23.381299475283193,-22.053322079309005,5.285331590075235,-10.802701050770441,-4.0894514488069715,15.886180338070792
40.79246851484272,-302.1061581237905,384.6644747513843,143.17100680318651,2.991027898274636,-219.33439381848478,236.71076223689664,-264.496080626219,99.79900522732923,-114.48961300807366,-316.12304738277123,-246.3953086015217,-112.29620363845395,22.70847825755318,269.5571952913119,-96.13206001108824,114.61714063787835,-321.1162041283813,-346.4778101608347,-25.392776518487985,-278.46016129287773,52.34709254450578,-230.55684729419744,251.27923812479588,-117.26733326132745,215.7726831048018,-172.44415038022115,-75.95360998635331,-4.007989215442528,-113.85156531797286,147.23589013207527,-54.32230739079637,-140.48758576892155,-56.276201115250835,-15.39561110255716,46.55386799327984,190.0928912128788,-113.91434633863821,237.03678350922988,360.50429680992124,-222.68258782626728,293.87843113435343,44.62903550475864,122.90974373517872,-464.7840307250704,184.84424607368354,-266.19835695005065,-172.20016209646803,255.35716902387318,88.24450311068935,-276.992390555848,-262.4061389672376,62.756335368790744,-127.39835602098537,-48.65006171791234,188.68223150500214
-14.598039361851853,107.92635275670118,-136.92590092719607,-50.9124373783613,-0.6398732962746357,78.10142215975192,-84.29742932614627,94.33352936054773,-35.34276868149874,40.47144957565418,112.4069345793409,88.08246026624346,39.52262456417155,-8.145397294518885,-96.13206001108824,34.43450752686641,-40.57386978547063,114.31312962190744,123.78057767778482,9.035045907176551,99.31253483248071,-19.09563511714218,81.817967024206,-89.89670449289724,41.44848595971848,-76.84051039392072,61.65662371601551,27.37431682497868,1.4571866648943665,40.26655553800831,-52.63893892593261,19.14902957401092,50.06700180023996,19.754811535166514,5.728438003442477,-16.173610151823933,-67.53194525546087,40.8033486491416,-84.20116359216009,-128.81257956455485,78.79886892002193,-104.89332106901293,-15.537507512576052,-43.422220742928836,165.69726344834638,-66.26419289077288,94.9811287865924,61.41506945568083,-90.82757487032552,-31.692058163622175,98.93323191610193,93.412087743615,-22.375969320240277,45.66006270980537,17.3210511168006,-67.2603611898816
17.244644654434804,-128.0842694287216,164.0755309715424,61.17023079960689,2.1261988171956396,-93.50170886038823,100.89222425099332,-112.45236328996526,42.9324379376898,-49.399890676828164,-135.08158042711037,-104.34723968297824,-48.800836599227196,9.561939570844558,114.61714063787835,-40.57386978547063,49.34028630276982,-136.95346384261467,-146.89132500399847,-10.83843894134852,-118.39194822874126,21.403485133785722,-98.84532282438319,106.27868804508556,-50.60824997083598,91.96868589653408,-73.00795739618985,-31.72142575427312,-1.6486436481354805,-49.08346532976696,62.34482319253089,-23.54612787006014,-59.806401918964745,-24.55927690586355,-6.070014195829024,20.65334533810092,81.35058732782029,-48.080493316749326,101.45611675173414,152.79609506002237,-95.91940999310256,124.78347482746344,19.733993794422858,53.08449071663367,-197.74572555840535,77.90976000543604,-113.09504935701456,-73.2136628265444,109.06038485273085,37.07889101412987,-117.47937823937319,-111.91616161221096,26.693932113167925,-53.718249383358014,-20.744285985295527,80.28727771561803
-48.52625640531265,359.6360645312966,-458.59184483467806,-170.75611917057495,-4.147124806900022,261.45088482954765,-282.15225391231775,315.0783184883032,-119.22781654991697,136.87934128287193,377.0429719391237,293.2361014072576,134.4944188567267,-26.98786953672806,-321.1162041283813,114.31312962190744,-136.95346384261467,382.8194616095626,412.45380348591743,30.2779359983761,331.7147065702479,-61.775437245816455,275.2106891145937,-298.95492045821163,140.2070017271785,-257.19522771022895,205.2119252742065,90.08884625911159,4.736630797089889,136.08842606575837,-175.21998691528157,65.01889310206153,167.4071596093219,67.47115523947626,18.014827026127758,-56.045085126670614,-226.809380955595,135.45942767947435,-282.831298138077,-429.12261168533104,266.11892533349635,-349.9697055015845,-53.68310519445125,-146.98131952240576,553.7647122397603,-219.73040076538828,317.05073676398865,205.13279182143702,-304.5289893565531,-104.82041635395336,329.76902267238046,312.8295225647456,-74.76649548333002,151.45715277950487,57.99516301795405,-224.8120948335154
-52.504977651596626,388.58201344465044,-494.0638636803651,-183.81612517973312,-3.2327394723507425,281.7519017536089,-304.08542055108177,339.9816356190832,-127.9213738377998,146.645826495733,405.85591880454933,317.0083020971289,143.58768616610308,-29.255748289443275,-346.4778101608347,123.78057767778482,-146.89132500399847,412.45380348591743,445.6584980174621,32.60913630347688,357.9290675091576,-67.89699343902224,295.7672797978411,-323.38984131698606,150.19671053151905,-277.1871411030065,221.87907732555536,98.03905840761927,5.19155411981504,145.85812278147915,-189.43770281001565,69.5027736114715,180.5267466210713,71.88371091642458,20.12992068664983,-59.22371529424177,-243.9638015911557,146.6761593114821,-304.1998695100579,-463.73016165380386,285.34369490935893,-377.86484862095494,-56.82181280510894,-157.39403567486832,597.3306012874697,-238.08325591247495,342.2277554090866,221.34392174200752,-327.88115802983725,-113.74328288085233,356.2490555873057,337.04289149160263,-80.65755650012893,164.07658930357462,62.491242431264425,-242.48245181400324
-3.835834078035304,28.433352127050103,-36.27114265203612,-13.507144786762314,-0.34008807459101903,20.678087357878148,-22.315008626822667,24.91509213598149,-9.435255950220457,10.83429741953183,29.82470148727754,23.1819494509756,10.650372464335438,-2.1327582352388363,-25.392776518487985,9.035045907176551,-10.83843894134852,30.2779359983761,32.60913630347688,2.3950476693039917,26.23067867847506,-4.872690088232252,21.77440986034789,-23.632184208784786,11.097777144121373,-20.341266684336613,16.22298570202147,7.115687759072151,0.3736907557834121,10.77096570527696,-13.852013879553176,5.147992505669845,13.238833933296833,5.344427794918748,1.4178041579682537,-4.444141667887936,-17.942718822381163,10.706544472296356,-22.374873870255627,-33.9262906027458,21.06141734493852,-27.671820657407146,-4.256004838941938,-11.63459068110489,43.791432724692214,-17.365648273841355,25.069926157340152,16.2210672193339,-24.08791331381608,-8.282419815993284,26.072660934119664,24.7423271977742,-5.912409466055837,11.970092583900986,4.586901948230385,-17.778241034761923
-42.141564078580046,312.0908302184509,-397.36006721931926,-147.89442044799625,-3.0745917640995155,226.57432211133758,-244.52458283500465,273.2321284294926,-103.08630506999164,118.25816402817453,326.55216201248555,254.5408289886013,115.98638347190446,-23.460173973269267,-278.46016129287773,99.31253483248071,-118.39194822874126,331.7147065702479,357.9290675091576,26.23067867847506,287.6573799728778,-54.09127500439177,238.157219363903,-259.58863420350076,121.12715236163203,-222.895310702037,178.14528639972713,78.47246468593433,4.141370747274595,117.59987825857294,-152.10347608787825,56.108456883444816,145.12640362525477,58.12364913017264,15.912579941435496,-48.07614493026134,-196.36200024241865,117.68308958582652,-244.85377008191807,-372.4199027173715,230.01537375246662,-303.5878240590002,-46.08951862172418,-126.9545413944523,480.13290114541223,-190.961566680001,274.9920682869113,177.88774094396086,-263.78257124298887,-91.1669757086108,286.14627969361095,271.0668624598483,-64.82889025735456,131.61418135408198,50.25584518560052,-194.91300004839226
8.06392714164092,-59.19531721118564,73.97349489125087,27.38867355493439,-0.6273245959458464,-42.25520521316904,45.626880640869054,-51.38231085095041,18.677277285418942,-21.217690705337226,-60.45053791219284,-48.44502910779244,-20.320053951398172,4.542588932664722,52.34709254450578,-19.09563511714218,21.403485133785722,-61.775437245816455,-67.89699343902224,-4.872690088232252,-54.09127500439177,11.374425677619126,-43.62598963272429,49.59879266890829,-21.718595004901186,41.58980773562916,-33.93518841035133,-15.562275198830932,-0.8569678423956689,-21.157673453113958,28.9613340292215,-9.915628623973587,-27.18283644300332,-10.037267296226286,-3.663253851948242,7.8267263391570205,36.177143185319494,-22.62590103540541,45.08876830749128,70.70490381441032,-41.49975715809201,57.31797229504245,7.595575956993119,22.705352858985734,-90.09391353201961,36.86763816374271,-51.82760627318104,-33.450252979586175,48.90911355342527,17.763471255564117,-54.21418885244137,-50.478046001049826,12.173483542515935,-25.379881555816382,-9.365616830560654,36.5585673155027
-34.755546837145474,257.89599345387256,-329.70014514393654,-122.8501766895515,-3.7050458756721665,187.92200369839736,-202.78691886861887,226.21083410959503,-86.02739090536689,98.88909365203054,271.2771474306013,210.1804697485817,97.46074022520125,-19.297008624743444,-230.55684729419744,81.817967024206,-98.84532282438319,275.2106891145937,295.7672797978411,21.77440986034789,238.157219363903,-43.62598963272429,198.28824863599652,-214.16289761508492,101.30148375632396,-184.8506721453411,147.0700156177482,64.19335262733404,3.353464078850641,98.28271013142943,-125.58346358559903,47.06417855712515,120.25573609070067,48.980072498785,12.52887925030131,-40.97050021193075,-163.29040938437225,96.95436980995433,-203.6366342889069,-307.6846225792009,192.11999108625898,-251.1240228887588,-39.188767879926516,-106.23097561352422,397.6948230071662,-157.17828056722,227.55793314565173,147.27663939902337,-219.0571236934947,-74.88217699954345,236.51459288380383,224.89635289886476,-53.68945187622816,108.35891863431456,41.68911381102083,-161.4617876643288
38.12067245905853,-281.97066929568035,358.09949943862205,133.18812310812953,1.9874076506282112,-204.23735547754526,220.43365014568403,-246.5732844286911,92.56570183091334,-106.05307767398676,-294.06487009720644,-230.08287644996594,-103.69575490178042,21.256621954580794,251.27923812479588,-89.89670449289724,106.27868804508556,-298.95492045821163,-323.38984131698606,-23.632184208784786,-259.58863420350076,49.59879266890829,-214.16289761508492,234.77172838799854,-108.61691734088693,200.93456877488143,-161.04753346776744,-71.34183895475131,-3.7883354742510624,-105.50064284497869,137.49654967712928,-50.218903642814404,-130.89562645919878,-51.86943134840461,-14.798073246735967,42.59258849287238,176.7138646045466,-106.52426438276174,220.33892634492133,336.52091493963235,-206.4268121975071,274.1155491612738,40.89282038609506,113.80449615415058,-433.15852174397844,172.95439059871566,-248.23617093270252,-160.53007034740475,237.59110463826718,82.6762641820492,-258.49078509301137,-244.29469473268506,58.491992354398704,-119.18372407863957,-45.296839730209875,175.8332555016897
-17.62223207896047,130.96741308049926,-167.97741515687972,-62.64630766765268,-2.3550226425850656,95.71405630132146,-103.27584754691362,115.0498107244622,-44.02972904209615,50.693200174925046,138.34465857107693,106.67133362232761,50.15042555398438,-9.763301515680496,-117.26733326132745,41.44848595971848,-50.60824997083598,140.2070017271785,150.19671053151905,11.097777144121373,121.12715236163203,-21.718595004901186,101.30148375632396,-108.61691734088693,51.93522059431787,-94.14167176217346,74.62957224218256,32.33408370788197,1.675057872313309,50.35993448105056,-63.73153990030174,24.184805624869682,61.20400477842828,25.25970388800076,6.110219301546207,-21.311421385973574,-83.34136340639765,49.117245192074826,-103.94223475986142,-156.22549787538983,98.39669742519206,-127.63187182264906,-20.349609815421708,-54.48492683045435,202.3426435403866,-79.5667096754251,115.69029819206408,74.90509359578076,-111.6832637396372,-37.84302412409525,120.1328035829012,114.57532754725113,-27.313172793930033,54.86519292078727,21.236144754587475,-82.15602213127842
32.61642960529039,-241.69086350276731,308.1007001296393,114.7113988116649,2.7066141455476034,-175.65838321689327,189.56839310947666,-211.71674552076124,80.06804319955546,-91.9082184566131,-253.2902072984617,-197.07822783978935,-90.27443149063124,18.143173157501863,215.7726831048018,-76.84051039392072,91.96868589653408,-257.19522771022895,-277.1871411030065,-20.341266684336613,-222.895310702037,41.58980773562916,-184.8506721453411,200.93456877488143,-94.14167176217346,172.8005509363543,-137.92090846543812,-60.58862719420245,-3.187963475156142,-91.38099031548502,117.76274657075953,-43.64721189641587,-112.4819459739265,-45.27791850221802,-12.149599610648181,37.578856903697925,152.35470735892412,-91.05478250454513,189.9848424705207,288.3932355874182,-178.70194672266368,235.17707926231475,36.00118733841592,98.68642890808152,-372.0888993169186,147.71126526087667,-213.0497035161072,-137.8387483202899,204.5819031985679,70.4751430100416,-221.61493597172947,-210.17266524942303,50.238132059181716,-101.81335020857158,-38.964171191181464,151.05605350084187
-26.148797613156976,193.46175950097847,-245.81288809000588,-91.43763421693386,-1.4665024435703662,140.18974078986986,-151.3048839955959,169.21306448152305,-63.58436314021006,72.866846945562,201.88621827436046,157.8471460083279,71.28912900592294,-14.57640006357553,-172.44415038022115,61.65662371601551,-73.00795739618985,205.2119252742065,221.87907732555536,16.22298570202147,178.14528639972713,-33.93518841035133,147.0700156177482,-161.04753346776744,74.62957224218256,-137.92090846543812,110.48332124613395,48.890386846517615,2.593092722641397,72.48224328992968,-94.3277302669303,34.51735048957506,89.8374660646758,35.67191557377127,10.098209348916106,-29.332935806683825,-121.33523802463436,73.0610353338655,-151.29100960824942,-230.88329129754422,141.81170199730974,-188.09482525539184,-28.15436014181737,-78.19889361634999,297.27557671508197,-118.60998599794411,170.34450831499916,110.16534220331583,-163.10823226104372,-56.684550914828655,177.3571987372822,167.69170087830503,-40.14215876573799,81.737221057776,31.092612935717682,-120.67526464429656
-11.589705592571505,85.4793542583055,-107.8989756760455,-40.06291658619328,-0.030833336498968182,61.57456699862854,-66.4688640140561,74.53966867224757,-27.647865965229915,31.577295848209744,88.443167480634,69.82768811437406,30.642245691748172,-6.487774596448299,-75.95360998635331,27.37431682497868,-31.72142575427312,90.08884625911159,98.03905840761927,7.115687759072151,78.47246468593433,-15.562275198830932,64.19335262733404,-71.34183895475131,32.33408370788197,-60.58862719420245,48.890386846517615,21.94750798264411,1.1821665487896713,31.440421836792932,-41.73463821913604,14.880723689500089,39.518620761213626,15.258005328668338,4.790664926801429,-12.301796692839774,-53.06666400796199,32.436635377526876,-66.15656356753597,-102.04776546880792,61.573331311740276,-82.9731480288759,-11.855310281153004,-33.85072076741736,130.8517443320319,-52.73677478839208,75.09642047581247,48.52757014114351,-71.49518409411132,-25.285955773118367,78.33303699875783,73.61583169434246,-17.673834819954667,36.32703691830107,13.65306991178268,-53.10963403028716
-0.615786093844251,4.5262822678287025,-5.672252646614267,-2.1017666985213386,0.034062732117366164,3.239201591233433,-3.4974243283117494,3.9339280394387295,-1.4381503607592818,1.63624328349359,4.639304048538645,3.702397421947747,1.5729960946142483,-0.34627812982088063,-4.007989215442528,1.4571866648943665,-1.6486436481354805,4.736630797089889,5.19155411981504,0.3736907557834121,4.141370747274595,-0.8569678423956689,3.353464078850641,-3.7883354742510624,1.675057872313309,-3.187963475156142,2.593092722641397,1.1821665487896713,0.06473245259417845,1.6309622359261737,-2.21321026528756,0.7664679432140888,2.08247614383533,0.7787885227697232,0.2726839227295851,-0.6132632703695972,-2.778468653986161,1.7265587893877106,-3.463132963100653,-5.405613381058366,3.197589208452027,-4.385759689362476,-0.5938889644544509,-1.7518596248631109,6.900035133145017,-2.8116041591683167,3.966690560072067,2.5610439169385644,-3.7526403463475497,-1.3528696385091632,4.146086217183666,3.870436878437257,-0.9322302529132855,1.9359025371477903,0.7180272012124975,-2.800077011227855
-17.117368581958694,127.1839042881957,-163.04150466520173,-60.79689465987217,-2.21483452266502,92.90600142623443,-100.24741735558557,111.69972877192865,-42.705525670549086,49.156351094965885,134.25928917431386,103.59960002395019,48.60147331951641,-9.486785890477776,-113.85156531797286,40.26655553800831,-49.08346532976696,136.08842606575837,145.85812278147915,10.77096570527696,117.59987825857294,-21.157673453113958,98.28271013142943,-105.50064284497869,50.35993448105056,-91.38099031548502,72.48224328992968,31.440421836792932,1.6309622359261737,48.836649346484734,-61.8970465727329,23.442734363288714,59.415437360321576,24.471082070952935,5.9721360496944875,-20.618693080832294,-80.87005551560739,47.71645595865683,-100.85869764071091,-151.7163363382805,95.42717846830465,-123.92893623161109,-19.69331340966237,-52.828901644602496,196.43901718279966,-77.30671042437484,112.32835024223533,72.7238411109442,-108.38985353663809,-36.77792418247965,116.65869377245839,111.20950778595804,-26.516792151875237,53.30506751687707,20.612706914142017,-79.75805124927929
22.324770539036848,-165.1754123167954,209.88740198098483,78.07552667824623,1.2653340143538916,-119.70018512005404,129.19057730123615,-144.47696000922593,54.29712260641558,-62.22604638394002,-172.38433409504904,-134.76628741974952,-60.88416089232941,12.444149057361656,147.23589013207527,-52.63893892593261,62.34482319253089,-175.21998691528157,-189.43770281001565,-13.852013879553176,-152.10347608787825,28.9613340292215,-125.58346358559903,137.49654967712928,-63.73153990030174,117.76274657075953,-94.3277302669303,-41.73463821913604,-2.21321026528756,-61.8970465727329,80.53471179006203,-29.47837408689861,-76.70600052393937,-30.46702064165874,-8.614655107407758,25.05820941373022,103.60626988269112,-62.37533502213909,129.1852396515154,197.12480470389167,-121.10037641266861,160.5960618962002,24.050319971191144,66.78026624707749,-253.82103117597927,101.26076307253877,-145.441744219239,-94.06105074010577,139.27217884466683,48.391495313565635,-151.42616424370513,-143.18341284928465,34.27424335484633,-69.78181041662238,-26.54831532295307,103.03558098498254
-8.146150357855909,60.605285954662925,-77.90023053343577,-29.069806183014563,-1.2359600391932242,44.378765497354216,-47.8819305780391,53.29287884945379,-20.480561101030432,23.60485944819708,64.19882504821878,49.34224907248065,23.410009848407213,-4.506764166671877,-54.32230739079637,19.14902957401092,-23.54612787006014,65.01889310206153,69.5027736114715,5.147992505669845,56.108456883444816,-9.915628623973587,47.06417855712515,-50.218903642814404,24.184805624869682,-43.64721189641587,34.51735048957506,14.880723689500089,0.7664679432140888,23.442734363288714,-29.47837408689861,11.27937592517881,28.36367478314799,11.808216138095661,2.749633106715598,-10.01794877401966,-38.69523113992994,22.69226963044554,-48.262882451906954,-72.28537479372264,45.7902296441803,-59.09372655919773,-9.55532018828892,-25.379014922918984,93.75199224211612,-36.741386177166525,53.575812512484696,34.697474366131374,-51.8172239469648,-17.45491320807099,55.598840904336136,53.13294060356197,-12.654038062608823,25.338593341439605,9.847179633447483,-38.06749229913957
-21.248505005645388,157.40814418087737,-200.5389948996884,-74.65172732191068,-1.658321108963293,114.34036725104751,-123.39688658138915,137.8483932521131,-52.07101128571023,59.75310067729748,164.83409470339222,128.36719400126856,58.64884069354771,-11.824277244202614,-140.48758576892155,50.06700180023996,-59.806401918964745,167.4071596093219,180.5267466210713,13.238833933296833,145.12640362525477,-27.18283644300332,120.25573609070067,-130.89562645919878,61.20400477842828,-112.4819459739265,89.8374660646758,39.518620761213626,2.08247614383533,59.415437360321576,-76.70600052393937,28.36367478314799,73.22751954417258,29.403293302373683,7.968406689001367,-24.3627585448405,-99.13323982769637,59.3283315659731,-123.61620165465104,-187.8302463724947,116.20103510205085,-153.14300106724585,-23.347765442981547,-64.15365761334543,242.2494234306447,-96.25709282377996,138.7261265686648,89.74637940090126,-133.14287870928348,-45.939713118998135,144.32790229862508,136.80014408274957,-32.70841707004463,66.34489147923203,25.36213696376573,-98.34403543975722
-8.411521209530058,62.68269170500231,-80.84361944700055,-30.195953120881054,-1.5153947341726222,46.040874646145795,-49.67063933521034,55.20625763925238,-21.35398032172545,24.651378471583897,66.69069556770553,51.00122049844053,24.541303165601754,-4.643069788963883,-56.276201115250835,19.754811535166514,-24.55927690586355,67.47115523947626,71.88371091642458,5.344427794918748,58.12364913017264,-10.037267296226286,48.980072498785,-51.86943134840461,25.25970388800076,-45.27791850221802,35.67191557377127,15.258005328668338,0.7787885227697232,24.471082070952935,-30.46702064165874,11.808216138095661,29.403293302373683,12.40626165062423,2.717533514011278,-10.614318664926845,-40.23063648724284,23.410462625558807,-50.182193161067794,-74.75012564281806,47.776457760109444,-61.17111031658415,-10.107263614070703,-26.51804653206754,97.15634965485147,-37.87403809096383,55.47704781231086,35.9436531496571,-53.813367263570804,-17.960926024756674,57.51639598507293,55.13747468097883,-13.111830937058402,26.12571177585685,10.217317928008828,-39.45282445660754
-2.409042268434311,17.548381846801604,-21.564749871982063,-7.946178496769787,0.5023868902667503,12.338404397171,-13.329250871272746,15.116590765222925,-5.308076039671362,5.973062709490578,17.531683020721,14.404679052655533,5.5849115131061975,-1.3709050724750977,-15.39561110255716,5.728438003442477,-6.070014195829024,18.014827026127758,20.12992068664983,1.4178041579682537,15.912579941435496,-3.663253851948242,12.52887925030131,-14.798073246735967,6.110219301546207,-12.149599610648181,10.098209348916106,4.790664926801429,0.2726839227295851,5.9721360496944875,-8.614655107407758,2.749633106715598,7.968406689001367,2.717533514011278,1.25460163807136,-1.982551185096764,-10.445671536632872,6.787029592188613,-13.012817194435767,-20.977783197555162,11.746411840409824,-16.922712797581244,-1.9521431695814042,-6.371773110293964,26.45359277494256,-11.09855560477482,15.277747418991689,9.840426095852386,-14.20543665528545,-5.389169488439806,16.056031510502258,14.719530747228772,-3.576720712841903,7.632545886844136,2.732906236650574,-10.730317957701326
6.902300062444698,-51.64572001704405,67.16361353363793,25.142695982788346,1.7298688857677655,-38.22035539926393,41.22414562031637,-45.661657621909605,17.942102797058986,-20.792995322028883,-55.5395042627418,-41.955328150769184,-20.887896986361483,3.7886291908679937,46.55386799327984,-16.173610151823933,20.65334533810092,-56.045085126670614,-59.22371529424177,-4.444141667887936,-48.07614493026134,7.8267263391570205,-40.97050021193075,42.59258849287238,-21.311421385973574,37.578856903697925,-29.332935806683825,-12.301796692839774,-0.6132632703695972,-20.618693080832294,25.05820941373022,-10.01794877401966,-24.3627585448405,-10.614318664926845,-1.982551185096764,9.25908613296966,33.57138138632956,-19.167330834892866,41.884385665721,61.561829764093964,-40.21020870635489,50.505472384341296,8.78338061812373,22.395325962810706,-80.43680467478617,30.947923827054858,-45.84043803663869,-29.730230649581873,44.78474005369174,14.610957535837104,-47.41299353215961,-45.80122067858972,10.851974791425759,-21.360129884660683,-8.484509686502106,32.66958123866072
28.680202664707654,-212.7245465469461,271.7111487824024,101.21798090942417,2.8472464228378334,-154.8824680976151,167.13810226472,-186.51275884324545,70.80826632286067,-81.35894793531516,-223.50518542256523,-173.39514880603963,-80.1002980567635,15.93308237643776,190.0928912128788,-67.53194525546087,81.35058732782029,-226.809380955595,-243.9638015911557,-17.942718822381163,-196.36200024241865,36.177143185319494,-163.29040938437225,176.7138646045466,-83.34136340639765,152.35470735892412,-121.33523802463436,-53.06666400796199,-2.778468653986161,-80.87005551560739,103.60626988269112,-38.69523113992994,-99.13323982769637,-40.23063648724284,-10.445671536632872,33.57138138632956,134.5052644750496,-80.02499563654888,167.7352955700906,253.804092060809,-158.10217769768875,207.09304636378485,32.126810604662126,87.386965066929,-327.8688556792642,129.75961842959367,-187.64313284327727,-121.43047059272624,180.49457911313607,61.84768621543315,-195.077781164436,-185.34332905863346,44.264337280005286,-89.4513378272687,-34.35834436207125,133.1101242650511
