V1,V2,V3,V4,V5,V6,V7,V8,V9,V10,V11,V12,V13,V14,V15,V16,V17,V18,V19,V20,V21,V22,V23,V24,V25,V26,V27,V28,V29,V30,V31,V32,V33,V34,V35,V36,V37,V38,V39,V40,V41,V42,V43,V44,V45,V46,V47,V48,V49,V50,V51,V52,V53,V54,V55,V56
30.466055697134124,8.804956519033997,8.790429948467683,38.724548424252376,19.37082144588422,-5.081518941155867,48.094976832774364,23.35337986510527,-4.5504482728024165,27.43061526583435,16.00935787402876,9.597872165752687,15.362443245499536,4.7127448426041525,8.113224062491225,10.441090671429652,4.595612677260712,-5.110430003556432,-17.60868006337244,-11.418777490341892,-20.99870076956529,-19.583671988640674,2.3038881262217275,4.168411476376085,-6.425148692363091,3.492099060868101,-2.2997175656103668,42.939724608860125,13.858063241675408,-1.427077334721911,-22.54798297358968,3.291493394943237,-3.4697860994846614,3.1400460978738614,-19.79230501939625,-42.630863855517624,11.838086083987653,9.14997045627411,-5.149699668101377,31.722983151184373,-11.030438365082933,13.822689140037113,-4.651942948861085,14.295622703693223,-10.03754293965037,55.01281300474279,10.342032354984397,17.572050012172905,-35.58327252469639,29.785835219659873,-13.001498212002108,19.003463374070986,11.451056141770088,-34.11446922159537,-8.390238380993656,13.84844131983507
8.804956519033997,2.55813925164144,2.57151540901588,11.10819321954327,5.648088844781211,-1.399788164217789,13.826791157761198,6.947949105779741,-1.3553183190164269,7.968910277678174,4.6288472731817745,2.770044876989128,4.471277279976186,1.3284494350474927,2.352319940003992,3.025101879493809,1.36532752018598,-1.5634623674924553,-5.059702821562319,-3.1865465067265455,-5.909829847370504,-5.725349160107437,0.5759419115672609,1.0689025402086398,-1.8564071463421892,1.0075256548292317,-0.6877190283184245,12.457179918336372,3.924204511231992,-0.3795054990859025,-6.4144274884483234,1.0754645470566344,-1.0102632565533727,0.900128500785636,-5.621158534557561,-12.28708763972011,3.3303048181854336,2.6589974679819623,-1.574259359837469,9.094540696122614,-3.162091882482773,4.121374241780299,-1.4620755581298237,3.999518440101301,-2.869552794623323,15.837367330247117,2.9106093150969903,5.117334005758667,-10.312925350075668,8.547162406065874,-3.707599051842023,5.516541858365394,3.352309775697564,-9.844066545169973,-2.3123165859463004,3.999313556353835
8.790429948467683,2.57151540901588,2.6088201462096263,10.977997917663238,5.706008456370255,-1.3060085826885606,13.706581004128939,7.2039230710092435,-1.4060657364307956,8.012815577999838,4.62505568404402,2.7610170841447554,4.506856613485761,1.2804610103570402,2.3586103780172056,3.029970522558492,1.4125678669259782,-1.6777670365739286,-5.014214739355035,-3.0283715529014055,-5.688093347231207,-5.8045987890626725,0.45472652262734553,0.8848752641579272,-1.8528885926243792,1.0033249979318344,-0.7168819748815874,12.501269303343136,3.8092438274753824,-0.33494685811439556,-6.267956267787327,1.2407919800049834,-1.0186486999439266,0.8900410611474879,-5.480142885264452,-12.224259926817046,3.2025678852462898,2.673977234013522,-1.6877365956666532,8.980972320103508,-3.1232613888662595,4.285372719026908,-1.6189125750822961,3.8165639023690447,-2.8229817684508416,15.730584769539938,2.80203307849787,5.162314056097633,-10.33593584641318,8.452077612405898,-3.634748657414689,5.540000321060594,3.404396128435049,-9.808472608603918,-2.1586951020154057,3.990031804705229
38.724548424252376,11.10819321954327,10.977997917663238,49.752272025830244,24.30821017451968,-6.8934543060222335,61.59099163460441,28.423325146070827,-5.531060286181406,34.59760095173563,20.332713603573698,12.220795540416187,19.326022272170537,6.206600756082456,10.265806484794881,13.224998549919034,5.608241761373474,-5.945652434218968,-22.559046136469544,-15.23176228958257,-27.694904684423037,-24.477883799570698,3.4962515811801413,6.1596506204684145,-8.16940958804666,4.450023643707837,-2.776550162390833,54.27595492565966,18.127620768777017,-2.022942834532835,-29.301989436042554,3.400100262551941,-4.361055251493035,4.033260044358494,-25.781208891318155,-54.39212464607465,15.622688767917952,11.537002440398243,-5.9989622035450045,40.7879650481775,-14.184441395107475,16.764438082996342,-5.164682326315898,19.001569555975582,-12.957835368398749,70.3127171230376,13.64088031193844,22.08550501048262,-45.04021066219156,38.24429540612638,-16.84246255290976,24.00023203277296,14.284345684110779,-43.45536621181607,-11.373224945801493,17.618430264409263
19.37082144588422,5.648088844781211,5.706008456370255,24.30821017451968,12.505530670410925,-2.973951325145571,30.305183832107016,15.598444546990182,-3.0422854577681298,17.599056367571965,10.188946287939723,6.0892200054921135,9.887841305643832,2.8688581355698886,5.187363078073068,6.666634401895157,3.061444134922192,-3.576830828320136,-11.089493131706988,-6.830516458744002,-12.755779845936623,-12.700806856428002,1.126939964475994,2.139153240668701,-4.08377654897585,2.213291256424289,-1.5470120217340506,27.482137402490867,8.506918683718622,-0.784232627284052,-13.953760239065861,2.5626806669276587,-2.2337864364827027,1.9712227115114858,-12.213800163601022,-26.984200294142628,7.183539087411001,5.871750853407556,-3.599486361895914,19.89317403774446,-6.919318487286648,9.267054582580178,-3.403997059169546,8.593008767946184,-6.264843091434984,34.75091098912376,6.284411814590794,11.321668219540163,-22.735580149930385,18.710288118595436,-8.079406125985463,12.174025480262308,7.442677594298791,-21.635398655565357,-4.913231441258024,8.796899463822411
-5.081518941155867,-1.399788164217789,-1.3060085826885606,-6.8934543060222335,-2.973951325145571,1.2039709371090175,-8.39863812163827,-2.8632413426942165,0.5512509410165808,-4.35689998476946,-2.6578125877197705,-1.6189331486081713,-2.398443160067357,-0.9624594203898805,-1.3148338797612553,-1.7032043974133795,-0.5750660645561022,0.4023554480339974,3.0842562483809877,2.4926467412359083,4.32582748798691,2.927104323212038,-0.84982917946902925,-1.4006451958606045,1.0739695053154792,-0.5915918250529935,0.26338889080867617,-6.914496482598233,-2.7316115349886907,0.4092600381721845,4.2878620818326,0.0933402675726451,0.5387067329748002,-0.559328899868349,3.8130651412638663,7.280657999046779,-2.4461679743383917,-1.4498497468603784,0.41168494429832414,-5.6729685173923805,1.9743081355758103,-1.6468773123446547,0.16387176531991404,-3.0661836236375613,1.8375119325919687,-9.494502030126968,-2.1313195875689903,-2.7272168018076397,5.781552316936571,-5.283815825424371,2.4279741433171242,-3.0430267375446514,-1.6880546152047062,5.767524134473817,1.980992277391162,-2.323868713074212
48.094976832774364,13.826791157761198,13.706581004128939,61.59099163460441,30.305183832107016,-8.39863812163827,76.32530994022166,35.7730882050112,-6.96425455603017,43.073427358367184,25.259967760638776,15.171435586259967,24.077710653906315,7.625613737991863,12.766349430618419,16.441753337223492,7.051199890089338,-7.590549804988748,-27.95520718987803,-18.651499244087553,-34.020989104501595,-30.554058108651976,4.130587941250946,7.3270468409209295,-10.145424433421638,5.522645840710918,-3.504774755178703,67.52455969718932,22.32150818280851,-2.4334112280803493,-36.154615755143155,4.512483165004813,-5.436472757463726,4.9952505518844275,-31.787205574953454,-67.47907405278877,19.188626868419046,14.364753803686762,-7.65570456623586,50.48371909928391,-17.55310746261701,21.12379652542113,-6.694595714462854,23.29212041340322,-16.017704493471303,87.18121614351708,16.754553095778274,27.524067769132035,-56.011695675318514,47.35558164991199,-20.798756977642416,29.865926485927734,17.841309948417557,-53.93657093639521,-13.861704406739273,21.87583609797174
23.35337986510527,6.947949105779741,7.2039230710092435,28.423325146070827,15.598444546990182,-2.8632413426942165,35.7730882050112,20.903089575396702,-4.0877436853549645,21.665749926539128,12.31183212689589,7.306406638211665,12.255335355441204,3.098123737802474,6.3315531439657144,8.114209082797588,4.078354111807355,-5.227934164731415,-13.076565738572354,-7.0406059866534365,-13.709016557674875,-16.001946013944508,0.41427624699512144,1.1460523931088729,-4.919271966635835,2.6493394553705594,-2.1084120038401615,33.63830108908874,9.402471508367062,-0.5979079977055605,-15.755718362330207,4.393432839417891,-2.7751211376871043,2.307599203239331,-13.688068863969354,-32.19260808624531,7.702762032599476,7.234004970203833,-5.249553262830748,23.20851008763149,-8.069839513459574,12.512684931559676,-5.3497478824978,8.978298706761358,-7.221336199988309,41.252681958927724,6.753258064578493,14.065979004193212,-27.72467820312846,21.91852663103502,-9.213965244105472,14.933938409154589,9.423374937553003,-25.929066143741203,-4.745458626417915,10.579812067233608
-4.5504482728024165,-1.3553183190164269,-1.4060657364307956,-5.531060286181406,-3.0422854577681298,0.5512509410165808,-6.96425455603017,-4.0877436853549645,0.800967639420297,-4.223368557385601,-2.3978842060299494,-1.422783801773065,-2.3894519668064684,-0.601575651065202,-1.2340268893093962,-1.5818458072324688,-0.7978419711748842,1.0246140931081689,2.543498830487235,1.3639628381464715,2.656888102158858,3.1218216136458543,-0.07323564063249706,-0.21235886399022963,0.9582192768790423,-0.516393071394334,0.4138264881366937,-6.556928344362886,-1.8254322221529813,0.11338600955151963,3.06087174159392,-0.864699921524926,0.5416211009395602,-0.4477540012119158,2.658045950841835,6.267292323751613,-1.4939945236902967,-1.411196173470748,1.02891219201979,-4.516017545043314,1.5686320413402839,-2.4471511920098754,1.0500261404432911,-1.738537057131984,1.4040348539168777,-8.030197752546933,-1.307600750497602,-2.7424271564198217,5.40362185148803,-4.264697685766639,1.7908653288980376,-2.9121120179039424,-1.8392746989809858,5.049773997153587,0.9144641156563516,-2.059567205495485
27.43061526583435,7.968910277678174,8.012815577999838,34.59760095173563,17.599056367571965,-4.35689998476946,43.073427358367184,21.665749926539128,-4.223368557385601,24.838183355247033,14.425097617909834,8.632743691637298,13.934840083606437,4.131585491956066,7.328115889171994,9.423464329846068,4.254333220887497,-4.88099402284798,-15.77040199206458,-9.918532770380285,-18.40127728263597,-17.842476392187375,1.7882393612111855,3.317119437759251,-5.7841818826521925,3.1380768844315994,-2.144265366405827,38.81792675509295,12.217738519589684,-1.179246287601118,-19.98006934387521,3.358849474684179,-3.1498908935198875,2.8090370665030826,-17.507270676603497,-38.28506947626976,10.367809425977399,8.285721386537748,-4.914619631655817,28.327463993798947,-9.849174655079224,12.855196840249244,-4.569382732649767,12.454319640408652,-8.936631909198864,49.33949483143429,9.062587390081196,15.950285517727625,-32.136290763543784,26.626233312194685,-11.546167149027394,17.188151724185325,10.446859960181184,-30.670842616655467,-7.198817733111833,12.462983532562019
16.00935787402876,4.6288472731817745,4.62505568404402,20.332713603573698,10.188946287939723,-2.6578125877197705,25.259967760638776,12.31183212689589,-2.3978842060299494,14.425097617909834,8.414641035992855,5.043836146104961,8.079874234838254,2.468653395402315,4.264742443002599,5.487640668957754,2.4215041009401856,-2.703426992746475,-9.250717929191678,-5.977935069613342,-11.005039655091377,-10.30435286697829,1.1936572139946502,2.1636772659887984,-3.3765226737686254,1.8344234495923033,-1.2123964450175941,22.57512123728737,7.266312750519492,-0.7436418839567118,-11.83042398452321,1.7538752416767531,-1.8251002109524013,1.6504932772473802,-10.382642035829338,-22.398675658005956,6.202906821151547,4.81095277689567,-2.7239056613688803,16.6558631951783,-5.792113739475134,7.2898808125586525,-2.4693130468791615,7.487867574107275,-5.268579854050164,28.898897081773615,5.420587726940627,9.24313759726845,-18.7057159910438,15.641509436616618,-6.822518033888389,9.990623391898406,6.025706208228188,-17.925186598305938,-4.388656744336946,7.278222107345474
9.597872165752687,2.770044876989128,2.7610170841447554,12.220795540416187,6.0892200054921135,-1.6189331486081713,15.171435586259967,7.306406638211665,-1.422783801773065,8.632743691637298,5.043836146104961,3.025362995307433,4.832026391489256,1.492473593687588,2.5537596329346557,3.287042189592979,1.4376532150658938,-1.5881229869932978,-5.556998959615447,-3.6270894868374577,-6.657038541825112,-6.1524775473670434,0.7493955924560488,1.347992493687246,-2.024439589424062,1.1004864127636995,-0.7186474015164239,13.516347251393636,4.386508325378769,-0.4579672556719626,-7.130967046238829,1.0041081497057813,-1.091667024486436,0.9922171323402793,-6.261579413060585,-13.440653948028269,3.7531113209477915,2.879035240470221,-1.60066484779719,10.013084634166436,-3.4814648053353845,4.3228945418447164,-1.435889307607942,4.5390415238390736,-3.1701221610801107,17.347826315498736,3.2784508647461865,5.526632405392583,-11.203580847898502,9.40014857856757,-4.108750066490461,5.980502805998888,3.5962484854810643,-10.75203108066703,-2.6732510453972953,4.364195343056344
15.362443245499536,4.471277279976186,4.506856613485761,19.326022272170537,9.887841305643832,-2.398443160067357,24.077710653906315,12.255335355441204,-2.3894519668064684,13.934840083606437,8.079874234838254,4.832026391489256,7.823564991678533,2.2939221295262713,4.10913837157185,5.282417542158679,2.4057663456779945,-2.7865413539545405,-8.813421165007293,-5.484224701534487,-10.20879938790501,-10.033726238122954,0.9463639691530945,1.7751170035151054,-3.23910324914564,1.7563220682772398,-1.2141256000226135,21.768496673356704,6.79337156628644,-0.6407478312089483,-11.126756576988745,1.958636275552212,-1.7679429704044058,1.5683686343274938,-9.744385803914042,-21.420856398369033,5.750407201598685,4.648744474481376,-2.80492257842603,15.819681482288663,-5.501535379930596,7.27651737959736,-2.631304693939534,6.893148440963436,-4.986282084438654,27.59566899408603,5.028792597124639,8.956688882745967,-18.014999462988346,14.874564604809862,-6.436283030895839,9.640860368424073,5.877300203543943,-17.167745165084433,-3.9626608562406753,6.978393845829795
4.7127448426041525,1.3284494350474927,1.2804610103570402,6.206600756082456,2.8688581355698886,-0.9624594203898805,7.625613737991863,3.098123737802474,-0.601575651065202,4.131585491956066,2.468653395402315,1.492473593687588,2.2939221295262713,0.818163803971748,1.2361696094991232,1.5965807257422098,0.6164907905512291,-0.5656881392261294,-2.793443922604479,-2.058592205055676,-3.656233305694785,-2.860335483276332,0.5872775679188734,0.9959392910418129,-0.9947224646303221,0.5449639355697214,-0.2962143006019206,6.517269410771077,2.352791626139976,-0.3058985005898452,-3.747987393183255,0.19032058150635636,-0.5162448615781969,0.5014505335330497,-3.314719609541752,-6.675654628413203,2.0656233349554043,1.3772829994169433,-0.5731516778799183,5.096644262655208,-1.7728035890483336,1.8089840508780148,-0.4135734563256378,2.5484445974092003,-1.6339412905206714,8.66603538045129,1.8009838558681321,2.615192919841313,-5.4261265480315775,4.763029891509341,-2.1401171852630263,2.8766818527545603,1.6611191624027102,-5.314018658133024,-1.5853018255377433,2.1476406626451983
8.113224062491225,2.352319940003992,2.3586103780172056,10.265806484794881,5.187363078073068,-1.3148338797612553,12.766349430618419,6.3315531439657144,-1.2340268893093962,7.328115889171994,4.264742443002599,2.5537596329346557,4.10913837157185,1.2361696094991232,2.165095664672692,2.7848134426490803,1.244949540929509,-1.4100376887839827,-4.6728350826429486,-2.9759267977817085,-5.502817341861645,-5.252989663274518,0.56276011427395,1.0335684972368522,-1.7108142342855799,0.9288727528573155,-0.6248013443595164,11.461882409913237,3.644952969153971,-0.3617490622156425,-5.94691205908125,0.94767669937086,-0.9278544358602454,0.8322107573019332,-5.215145089071299,-11.334423887393653,3.1008616741283364,2.4445444767937445,-1.4201032631667405,8.406416632604046,-2.923856656280481,3.7525776446385737,-1.30581874462448,3.7319959499451256,-2.655673808606534,14.616364284417683,2.7108926149478743,4.701800035036673,-9.492312237325569,7.897830886754142,-3.4344424164292238,5.074300451166084,3.0738932831486925,-9.076469471284287,-2.170989478794425,3.6867557115315615
10.441090671429652,3.025101879493809,3.029970522558492,13.224998549919034,6.666634401895157,-1.7032043974133795,16.441753337223492,8.114209082797588,-1.5818458072324688,9.423464329846068,5.487640668957754,3.287042189592979,5.282417542158679,1.5965807257422098,2.7848134426490803,3.582563334367945,1.5958204186200942,-1.7996196883118045,-6.0180175606755775,-3.849732960901487,-7.107910974124225,-6.748326031070533,0.7393786004346147,1.352950175046302,-2.2016784070376936,1.1958104087387993,-0.8008102761273301,14.742173181231298,4.704302024770885,-0.4708209447322304,-7.670307522566822,1.1976873097294094,-1.1931100018835157,1.0718746361919351,-6.727817925276056,-14.591246009887817,4.0062077293326706,3.1437937660604085,-1.8127431287291613,10.830759263061216,-3.7661788839485446,4.807597305997842,-1.659881343009383,4.8253179921878955,-3.4226175758084616,18.819254684343154,3.5009218943027443,6.043766543241309,-12.210809368195829,10.173796970668645,-4.428020106310721,6.526259402946735,3.948404105468727,-11.682845971533395,-2.8125728442283906,4.744387566349038
4.595612677260712,1.36532752018598,1.4125678669259782,5.608241761373474,3.061444134922192,-0.5750660645561022,7.051199890089338,4.078354111807355,-0.7978419711748842,4.254333220887497,2.4215041009401856,1.4376532150658938,2.4057663456779945,0.6164907905512291,1.244949540929509,1.5958204186200942,0.7967270735090569,-1.0132310167854386,-2.576042296025892,-1.4046368000245228,-2.7246064716499308,-3.1378159918154656,0.09669436360427006,0.24940665048858204,-0.9679556880675695,0.5217469293263408,-0.41072660094551283,6.610194941191418,1.8644950395542923,-0.12352486397126396,-3.1168698335689253,0.843944064541906,-0.5442282338936633,0.4541584588484348,-2.7099591906266727,-6.338919734316713,1.5313364630051267,1.4207263500595084,-1.0175442065384466,4.579652641924506,-1.5927644753817303,2.439327911868172,-1.0315496154105055,1.788179989299161,-1.4267050074680625,8.127715260582857,1.342460783628476,2.7602958233857033,-5.4495241132295344,4.323025694355086,-1.8219459249903622,2.934499921645872,1.8471576677182027,-5.104210948012036,-0.9522712615160391,2.0817493003795193
-5.110430003556432,-1.5634623674924553,-1.6777670365739286,-5.945652434218968,-3.576830828320136,0.4023554480339974,-7.590549804988748,-5.227934164731415,1.0246140931081689,-4.88099402284798,-2.703426992746475,-1.5881229869932978,-2.7865413539545405,-0.5656881392261294,-1.4100376887839827,-1.7996196883118045,-1.0132310167854386,1.429612939175877,2.770887081188054,1.167832225733062,2.4809780754783,3.7175809263121455,0.2033643028477585,0.1952005711711552,1.0753177067291757,-0.5736756262278275,0.5363131383925215,-7.519074677778304,-1.7920033294080844,0.02300165673593139,3.1157662438194773,-1.3686527030927127,0.6324191678972718,-0.4839143128301731,2.6729865833979027,6.9401561229724145,-1.3870473130988608,-1.6308673859937788,1.4324691308717743,-4.837645485451917,1.68247401627084,-3.155840765514124,1.559528751437662,-1.534219165191295,1.4774618586460695,-8.828824666733494,-1.222818814424845,-3.208406447749072,6.165131174355746,-4.598144441488633,1.8527192770527272,-3.347824282233399,-2.2026939991376526,5.62650188797663,0.672052145205398,-2.30803548783689
-17.60868006337244,-5.059702821562319,-5.014214739355035,-22.559046136469544,-11.089493131706988,3.0842562483809877,-27.95520718987803,-13.076565738572354,2.543498830487235,-15.77040199206458,-9.250717929191678,-5.556998959615447,-8.813421165007293,-2.793443922604479,-4.6728350826429486,-6.0180175606755775,-2.576042296025892,2.770887081188054,10.244386265418932,6.841999363129249,12.47662142934241,11.179623796549434,-1.523638543940414,-2.6976345483306723,3.7150610598952367,-2.0217670568686543,1.280041071161315,-24.720023528894803,-8.18147348238204,0.8947618364948082,13.252031472546024,-1.637046463078959,1.9904631131682353,-1.8329756314651429,11.651810067004996,24.71522946072529,-7.036036988570199,-5.257818882996153,2.794782809770517,-18.49237174500846,6.430297409410314,-7.722162616036168,2.440350893781209,-8.54608115182956,5.868052100232586,-31.930106146274834,-6.144793741782316,-10.075585380111898,20.506882526102263,-17.34750996991503,7.620792139771914,-10.931734611823277,-6.527031045434932,19.751870957038243,5.09092875090378,-8.012184965313189
-11.418777490341892,-3.1865465067265455,-3.0283715529014055,-15.23176228958257,-6.830516458744002,2.4926467412359083,-18.651499244087553,-7.0406059866534365,1.3639628381464715,-9.918532770380285,-5.977935069613342,-3.6270894868374577,-5.484224701534487,-2.058592205055676,-2.9759267977817085,-3.849732960901487,-1.4046368000245228,1.167832225733062,6.841999363129249,5.25860569797246,9.231798830475013,6.773385836564882,-1.63500762018057,-2.730583218796398,2.4115505439956713,-1.3246512874109928,0.6662126057174874,-15.682036484231256,-5.889595656785564,0.8170753475373016,9.324126392125306,-0.16393638332750632,1.2359378635326344,-1.234451913815471,8.264723416683651,16.255852453057383,-5.2201015272788265,-3.3047866480790926,1.1875767366613006,-12.522204682866281,4.351991522441622,-4.0880331873563165,0.7256978362217786,-6.489682917620653,4.030933721808045,-21.14064647523155,-4.544263385995083,-6.246140817133039,13.082056578962144,-11.685112920415646,5.30140017449061,-6.913525804890891,-3.922916720073816,12.912569349087681,4.107131579186227,-5.210360776523081
-20.99870076956529,-5.909829847370504,-5.688093347231207,-27.694904684423037,-12.755779845936623,4.32582748798691,-34.020989104501595,-13.709016557674875,2.656888102158858,-18.40127728263597,-11.005039655091377,-6.657038541825112,-10.20879938790501,-3.656233305694785,-5.502817341861645,-7.107910974124225,-2.7246064716499308,2.4809780754783,12.47662142934241,9.231798830475013,16.37651618272234,12.711883167941814,-2.6646106702703927,-4.504171542507343,4.433699554611044,-2.428275747764771,1.308260847789084,-29.023078953299564,-10.52315726155111,1.3791053413708212,16.75984574193888,-0.7814386012076822,2.299543579830243,-2.246062638255271,14.824961827856526,29.77525339411432,-9.250677812070036,-6.13073588766613,2.5146108207346054,-22.74788091048685,7.91209410449498,-8.003584849031832,1.7896774471074381,-11.43050580757813,7.295478829844003,-38.652495216318634,-8.066193493313898,-11.639655044836505,24.170628738616784,-21.25940068289176,9.56072130660665,-12.805562513513534,-7.3790447447680245,23.69182995016353,7.1274419825900495,-9.57636986629104
-19.583671988640674,-5.725349160107437,-5.8045987890626725,-24.477883799570698,-12.700806856428002,2.927104323212038,-30.554058108651976,-16.001946013944508,3.1218216136458543,-17.842476392187375,-10.30435286697829,-6.1524775473670434,-10.033726238122954,-2.860335483276332,-5.252989663274518,-6.748326031070533,-3.1378159918154656,3.7175809263121455,11.179623796549434,6.773385836564882,12.711883167941814,12.916900314287451,-1.0350619371274663,-2.0043100664444204,4.128267367445965,-2.2354390478668384,1.5906622833747732,-27.840404503707454,-8.506111522131375,0.7545370102371819,13.989507016063282,-2.7351428102683464,2.2673820846603854,-1.9856433588941076,12.23375104944564,27.243958443237933,-7.1565792603048815,-5.953323118703596,3.739830484032335,-20.02624947309289,6.965643722012525,-9.517316267150582,3.5795317377104534,-8.534965045796664,6.297150365278557,-35.06245077812801,-6.262944490356056,-11.492502655902008,23.020477428280277,-18.845661359656443,8.110100398785312,-12.336142528932818,-7.5742974966249355,21.856420156399576,4.837394855043831,-8.891145693438833
2.3038881262217275,0.5759419115672609,0.45472652262734553,3.4962515811801413,1.126939964475994,-0.84982917946902925,4.130587941250946,0.41427624699512144,-0.07323564063249706,1.7882393612111855,1.1936572139946502,0.7493955924560488,0.9463639691530945,0.5872775679188734,0.56276011427395,0.7393786004346147,0.09669436360427006,0.2033643028477585,-1.523638543940414,-1.63500762018057,-2.6646106702703927,-1.0350619371274663,0.7836626232811006,1.238340481384491,-0.48872207419969266,0.27629658295731885,-0.017927338181035472,2.9224498621477086,1.5977135159489706,-0.3314599618391215,-2.39489370374702,-0.5940162545371318,-0.21069002567704695,0.2834813793782222,-2.1660880888125416,-3.444840094190098,1.5132443867816179,0.5927556829638809,0.19659115835460067,2.898589642403711,-1.0081937051762684,0.18258258504658945,0.45083093057668366,1.9742518272595115,-0.972136595025113,4.574839900185441,1.3119072596316763,1.0612570225387308,-2.4898112921611135,2.665010851574754,-1.3221955579530669,1.2716332878379342,0.5749751386747496,-2.6804043784129625,-1.3952651867546666,1.0643068979091075
4.168411476376085,1.0689025402086398,0.8848752641579272,6.1596506204684145,2.139153240668701,-1.4006451958606045,7.3270468409209295,1.1460523931088729,-0.21235886399022963,3.317119437759251,2.1636772659887984,1.347992493687246,1.7751170035151054,0.9959392910418129,1.0335684972368522,1.352950175046302,0.24940665048858204,0.1952005711711552,-2.6976345483306723,-2.730583218796398,-4.504171542507343,-2.0043100664444204,1.238340481384491,1.9697893171821301,-0.8832274811797652,0.49637726039845004,-0.07778426552363132,5.381705174234059,2.7295284221376104,-0.5343432240309565,-4.12884297351144,-0.8256280872372931,-0.3955542152305272,0.49802125976590617,-3.7215955422492906,-6.165776853273472,2.555944825832336,1.1011144321793471,0.18413953286695134,5.097375935814248,-1.7736925296375814,0.5826111968746741,0.5805980477906871,3.3076501547837176,-1.696670807828108,8.154775171594187,2.2183061349050224,1.997770231713013,-4.562374136230054,4.699731256441663,-2.2928960844692403,2.34922705093172,1.1261155665511118,-4.819137761216727,-2.2997524805101426,1.9200115156310382
-6.425148692363091,-1.8564071463421892,-1.8528885926243792,-8.16940958804666,-4.08377654897585,1.0739695053154792,-10.145424433421638,-4.919271966635835,0.9582192768790423,-5.7841818826521925,-3.3765226737686254,-2.024439589424062,-3.23910324914564,-0.9947224646303221,-1.7108142342855799,-2.2016784070376936,-0.9679556880675695,1.0753177067291757,3.7150610598952367,2.4115505439956713,4.433699554611044,4.128267367445965,-0.48872207419969266,-0.8832274811797652,1.3551075385908027,-0.7364673246114026,0.48415788777287727,-9.05466275745778,-2.9250786481177506,0.3020189882854753,4.758687640495475,-0.6904252306490279,0.7315646688270548,-0.6627710698910861,4.177395009959883,8.99229702744901,-2.499360317283839,-1.9292115060264667,1.0836032301829241,-6.692553782724628,2.327260856478304,-2.91154401251095,0.9778139109397588,-3.0191517741860405,2.1178806582398044,-11.604361932700533,-2.1837664354633826,-3.704987741501208,7.503732461022722,-6.283841632036425,2.7435386500087424,-4.006967704476941,-2.4136806531672392,7.195342074020862,1.7732003677313921,-2.920981316631307
3.492099060868101,1.0075256548292317,1.0033249979318344,4.450023643707837,2.213291256424289,-0.5915918250529935,5.522645840710918,2.6493394553705594,-0.516393071394334,3.1380768844315994,1.8344234495923033,1.1004864127636995,1.7563220682772398,0.5449639355697214,0.9288727528573155,1.1958104087387993,0.5217469293263408,-0.5736756262278275,-2.0217670568686543,-1.3246512874109928,-2.428275747764771,-2.2354390478668384,0.27629658295731885,0.49637726039845004,-0.7364673246114026,0.40058455845250424,-0.260704616715962,4.915035888181512,1.5994857195668715,-0.16797589269492066,-2.5981998868471465,0.3600104990586299,-0.39673710639987547,0.36057184442471957,-2.2818828619697213,-4.890316060826987,1.3694487106935993,1.0468969791383549,-0.57828146614787,3.646174464967383,-1.267473209260823,1.566776087522843,-0.5166600920155071,1.6565321826841166,-1.154705785153075,6.313422668741643,1.19567395868513,2.0084499080488274,-4.07440445750223,3.422172933277391,-1.496990204314071,2.174948326948479,1.306618144527991,-3.9120342076925616,-0.9767878662682771,1.58732715989786
-2.2997175656103668,-0.6877190283184245,-0.7168819748815874,-2.776550162390833,-1.5470120217340506,0.26338889080867617,-3.504774755178703,-2.1084120038401615,0.4138264881366937,-2.144265366405827,-1.2123964450175941,-0.7186474015164239,-1.2141256000226135,-0.2962143006019206,-0.6248013443595164,-0.8008102761273301,-0.41072660094551283,0.5363131383925215,1.280041071161315,0.6662126057174874,1.308260847789084,1.5906622833747732,-0.017927338181035472,-0.07778426552363132,0.48415788777287727,-0.260704616715962,0.2149989655567041,-3.3241753703492454,-0.9048644522247923,0.04977544177618691,1.5256578230612825,-0.46195687134517477,0.2760758244007488,-0.2250705189829157,1.3221260426397907,3.1602844337245175,-0.7359682245531215,-0.7169096896052677,0.538484873526676,-2.2665218025323375,0.7858707519680946,-1.264246451033482,0.5555718772636712,-0.851534375012998,0.7022893586052675,-4.044053976900666,-0.642804870822593,-1.3943153198529314,2.737785354195277,-2.1421739057822693,0.8939274607193378,-1.4771860988112382,-0.938342711408004,2.548828722679757,0.43828338969987785,-1.039861794393678
42.939724608860125,12.457179918336372,12.501269303343136,54.27595492565966,27.482137402490867,-6.914496482598233,67.52455969718932,33.63830108908874,-6.556928344362886,38.81792675509295,22.57512123728737,13.516347251393636,21.768496673356704,6.517269410771077,11.461882409913237,14.742173181231298,6.610194941191418,-7.519074677778304,-24.720023528894803,-15.682036484231256,-29.023078953299564,-27.840404503707454,2.9224498621477086,5.381705174234059,-9.05466275745778,4.915035888181512,-3.3241753703492454,60.69621037723663,19.238207604639943,-1.8920475839433433,-31.413804286906313,5.088750622400413,-4.9186592638885225,4.403498687187768,-27.54017458163937,-59.971379462881615,16.3550037162621,12.949330369862945,-7.572368484732777,44.44493448759731,-15.4542820461128,19.944860151656425,-6.987318781895516,19.673938368846986,-14.033431730138046,77.31816677049116,14.294645342856159,24.911563509858208,-50.261679490229625,41.762555204332344,-18.14377831450599,26.87230519361155,16.294729954842477,-48.030174049954724,-11.421320318195885,19.511224674736578
13.858063241675408,3.924204511231992,3.8092438274753824,18.127620768777017,8.506918683718622,-2.7316115349886907,22.32150818280851,9.402471508367062,-1.8254322221529813,12.217738519589684,7.266312750519492,4.386508325378769,6.79337156628644,2.352791626139976,3.644952969153971,4.704302024770885,1.8644950395542923,-1.7920033294080844,-8.18147348238204,-5.889595656785564,-10.52315726155111,-8.506111522131375,1.5977135159489706,2.7295284221376104,-2.9250786481177506,1.5994857195668715,-0.9048644522247923,19.238207604639943,6.7999767653171075,-0.8511354932198407,-10.878006007265796,0.7375364141554149,-1.531066953668825,1.4691070935908892,-9.606599820404794,-19.58993321912372,5.942272641264253,4.07215853486882,-1.8132357207390448,14.880627280334881,-5.175133455779201,5.508243609675582,-1.3913723017741628,7.307542767244539,-4.758388838023759,25.397800566745268,5.182880661682836,7.751024894407608,-16.00340530980363,13.920580859445312,-6.2201499550404575,8.494661086316347,4.94637108918742,-15.607953069946065,-4.502442002087824,6.314407030504145
-1.427077334721911,-0.3795054990859025,-0.33494685811439556,-2.022942834532835,-0.784232627284052,0.4092600381721845,-2.4334112280803493,-0.5979079977055605,0.11338600955151963,-1.179246287601118,-0.7436418839567118,-0.4579672556719626,-0.6407478312089483,-0.3058985005898452,-0.3617490622156425,-0.4708209447322304,-0.12352486397126396,0.02300165673593139,0.8947618364948082,0.8170753475373016,1.3791053413708212,0.7545370102371819,-0.3314599618391215,-0.5343432240309565,0.3020189882854753,-0.16797589269492066,0.04977544177618691,-1.8920475839433433,-0.8511354932198407,0.1492417729495338,1.308919939622734,0.15392008294847617,0.14300912204286878,-0.1637784520929803,1.1728007012582589,2.078069575289813,-0.7809995051195254,-0.39175768779076353,0.026146892580353204,-1.669338668311026,0.5816086670018392,-0.33064476212439586,-0.07634946333751702,-0.9965805920946957,0.5487972668757437,-2.7299415849805952,-0.6798614145536354,-0.7249677306467835,1.5925636205186198,-1.5466905242366775,0.733758110880319,-0.8292611936591511,-0.4298865927874404,1.634932896435622,0.6720923337013175,-0.6552843663049137
-22.54798297358968,-6.4144274884483234,-6.267956267787327,-29.301989436042554,-13.953760239065861,4.2878620818326,-36.154615755143155,-15.755718362330207,3.06087174159392,-19.98006934387521,-11.83042398452321,-7.130967046238829,-11.126756576988745,-3.747987393183255,-5.94691205908125,-7.670307522566822,-3.1168698335689253,3.1157662438194773,13.252031472546024,9.324126392125306,16.75984574193888,13.989507016063282,-2.39489370374702,-4.12884297351144,4.758687640495475,-2.5981998868471465,1.5256578230612825,-31.413804286906313,-10.878006007265796,1.308919939622734,17.469472044033235,-1.4818302244248143,2.5100802233283614,-2.3773941338970594,15.406387958240112,31.80346764228731,-9.460634561965945,-6.65998223112024,3.1491558978433902,-24.043646864384712,8.360433163962202,-9.255592004938169,2.536096756713583,-11.59207364155873,7.6696640019407205,-41.185407288324946,-8.253713274072721,-12.703586845692124,26.109221321262986,-22.512181140031668,10.005814392068578,-13.877409544869462,-8.145662650344875,25.36305840996163,7.071363740525668,-10.269479459433882
3.291493394943237,1.0754645470566344,1.2407919800049834,3.400100262551941,2.5626806669276587,0.0933402675726451,4.512483165004813,4.393432839417891,-0.864699921524926,3.358849474684179,1.7538752416767531,1.0041081497057813,1.958636275552212,0.19032058150635636,0.94767669937086,1.1976873097294094,0.843944064541906,-1.3686527030927127,-1.637046463078959,-0.16393638332750632,-0.7814386012076822,-2.7351428102683464,-0.5940162545371318,-0.8256280872372931,-0.6904252306490279,0.3600104990586299,-0.46195687134517477,5.088750622400413,0.7375364141554149,0.15392008294847617,-1.4818302244248143,1.5248568652286634,-0.44503001736368664,0.2759993911538202,-1.2134326662533113,-4.301980209569919,0.4232832205020552,1.1244715325055425,-1.3673615090435793,2.7364971156417277,-0.9543074527925404,2.6867393618886632,-1.614401343443838,0.3075961541320618,-0.7909837132789689,5.37371895206042,0.38793986746237535,2.269563388774657,-4.122071850148344,2.6483810243376267,-0.9368386774319207,2.281360960466632,1.640372007208222,-3.5474205317388123,0.14520273902873612,1.474348478947533
-3.4697860994846614,-1.0102632565533727,-1.0186486999439266,-4.361055251493035,-2.2337864364827027,0.5387067329748002,-5.436472757463726,-2.7751211376871043,0.5416211009395602,-3.1498908935198875,-1.8251002109524013,-1.091667024486436,-1.7679429704044058,-0.5162448615781969,-0.9278544358602454,-1.1931100018835157,-0.5442282338936633,0.6324191678972718,1.9904631131682353,1.2359378635326344,2.299543579830243,2.2673820846603854,-0.21069002567704695,-0.3955542152305272,0.7315646688270548,-0.39673710639987547,0.2760758244007488,-4.9186592638885225,-1.531066953668825,0.14300912204286878,2.5100802233283614,-0.44503001736368664,0.4003998852896445,-0.3543270463311852,2.197287671474508,4.836975136001474,-1.2959882284896593,-1.0511526574244237,0.6366819536192414,-3.570384275123374,1.2401362703756846,-1.6484468280608204,0.5981850691998224,-1.5534256413520524,1.124456082731679,-6.229384425767953,-1.1315783111358844,-2.024350240102105,4.070639919765708,-3.3573343002182705,1.4514152457609726,-2.1786379457192835,-1.328585437017374,3.876992163676273,0.891184159027304,-1.5756044734422514
3.1400460978738614,0.900128500785636,0.8900410611474879,4.033260044358494,1.9712227115114858,-0.559328899868349,4.9952505518844275,2.307599203239331,-0.4477540012119158,2.8090370665030826,1.6504932772473802,0.9922171323402793,1.5683686343274938,0.5014505335330497,0.8322107573019332,1.0718746361919351,0.4541584588484348,-0.4839143128301731,-1.8329756314651429,-1.234451913815471,-2.246062638255271,-1.9856433588941076,0.2834813793782222,0.49802125976590617,-0.6627710698910861,0.36057184442471957,-0.2250705189829157,4.403498687187768,1.4691070935908892,-0.1637784520929803,-2.3773941338970594,0.2759993911538202,-0.3543270463311852,0.3291371342316781,-2.0913271729928202,-4.413963584031336,1.2662474663667571,0.9358017496334174,-0.4882271879532067,3.3072231720785443,-1.1503483409958284,1.3621900808264038,-0.42150434758768074,1.5418966954598146,-1.050422055197979,5.70345299003925,1.1064209684640638,1.7930016376942857,-3.654423343027517,3.102270456787626,-1.3653809254704117,1.9462588880114264,1.1584652244375184,-3.5252932234388696,-0.9232729265676248,1.430260671974957
-19.79230501939625,-5.621158534557561,-5.480142885264452,-25.781208891318155,-12.213800163601022,3.8130651412638663,-31.787205574953454,-13.688068863969354,2.658045950841835,-17.507270676603497,-10.382642035829338,-6.261579413060585,-9.744385803914042,-3.314719609541752,-5.215145089071299,-6.727817925276056,-2.7099591906266727,2.6729865833979027,11.651810067004996,8.264723416683651,14.824961827856526,12.23375104944564,-2.1660880888125416,-3.7215955422492906,4.177395009959883,-2.2818828619697213,1.3221260426397907,-27.54017458163937,-9.606599820404794,1.1728007012582589,15.406387958240112,-1.2134326662533113,2.197287671474508,-2.0913271729928202,13.593791746217263,27.9396537515587,-8.369028325273703,-5.835160738002719,2.7026059936902813,-21.157674847744236,7.35798109058799,-8.033405104743904,2.1419659304496452,-10.26823504218244,6.755143200024804,-36.196240557743906,-7.301587306546867,-11.122835947873414,22.896605353966574,-19.804186349117163,8.81892229569076,-12.163836103849832,-7.119863224042016,22.273817439246013,6.286839238372627,-9.016415232884198
-42.630863855517624,-12.28708763972011,-12.224259926817046,-54.39212464607465,-26.984200294142628,7.280657999046779,-67.47907405278877,-32.19260808624531,6.267292323751613,-38.28506947626976,-22.398675658005956,-13.440653948028269,-21.420856398369033,-6.675654628413203,-11.334423887393653,-14.591246009887817,-6.338919734316713,6.9401561229724145,24.71522946072529,16.255852453057383,29.77525339411432,27.243958443237933,-3.444840094190098,-6.165776853273472,8.99229702744901,-4.890316060826987,3.1602844337245175,-59.971379462881615,-19.58993321912372,2.078069575289813,31.80346764228731,-4.301980209569919,4.836975136001474,-4.413963584031336,27.9396537515587,59.73940891600287,-16.787862351460557,-12.7674063217891,6.99634812389412,-44.57081779323647,15.499691928528069,-19.0334612566561,6.223264485722717,-20.328791979662554,14.122851073405306,-77.13417076020285,-14.665724882529426,-24.495164379503453,49.721762281227036,-41.830939472706206,18.315818760939784,-26.53135775614346,-15.918461035936858,47.77550913040711,12.018233896411509,-19.387529964464058
11.838086083987653,3.3303048181854336,3.2025678852462898,15.622688767917952,7.183539087411001,-2.4461679743383917,19.188626868419046,7.702762032599476,-1.4939945236902967,10.367809425977399,6.202906821151547,3.7531113209477915,5.750407201598685,2.0656233349554043,3.1008616741283364,4.0062077293326706,1.5313364630051267,-1.3870473130988608,-7.036036988570199,-5.2201015272788265,-9.250677812070036,-7.1565792603048815,1.5132443867816179,2.555944825832336,-2.499360317283839,1.3694487106935993,-0.7359682245531215,16.3550037162621,5.942272641264253,-0.7809995051195254,-9.460634561965945,0.4232832205020552,-1.2959882284896593,1.2662474663667571,-8.369028325273703,-16.787862351460557,5.226948210089451,3.4550310373143898,-1.406231109340089,12.833139023868704,-4.461724763954428,4.495535707208119,-0.992674798719168,6.4606998355901055,-4.116093811724626,21.795319255745557,4.554967858033427,6.555862677370676,-13.622187396324437,11.991663188256672,-5.395537733163339,7.216439329635446,4.154196855668844,-13.357201831479173,-4.031304251894502,5.397566815685672
