V1,V2,V3,V4,V5,V6,V7,V8,V9,V10,V11,V12,V13,V14,V15,V16,V17,V18,V19,V20,V21,V22,V23,V24,V25,V26,V27,V28,V29,V30,V31,V32,V33,V34,V35,V36,V37,V38,V39,V40,V41,V42,V43,V44,V45,V46,V47,V48,V49,V50,V51,V52,V53,V54,V55,V56
247066.83583674446,71406.57567016917,71298.66252252385,314005.10995766695,157111.97251633258,-41186.234780020866,390005.80572190747,189476.6575783626,-36912.176526402174,222483.37539612135,129839.3159162155,77839.07889424718,124602.33433861894,38197.401628237814,65797.79067239547,84673.61580982975,37280.47103736012,-41486.068088230655,-142805.90723345208,-92551.71375592619,-170233.7841460135,-158847.4526598545,18649.037438204214,33746.084350180565,-52106.908108710435,28317.073573948026,-18655.5599821304,348253.39749405807,112349.04840278336,-11560.456696747331,-182821.96240252233,26745.665793774526,-28143.115012301816,25472.141510449495,-160474.30800323517,-345724.4200655742,95963.36362014082,74207.93874243154,-41803.94306355333,257231.43897363558,-89447.16143703533,112158.26937494725,-37785.39048503745,115884.47978588971,-81388.35323022079,446121.2395349698,83845.16499203314,142528.36858178515,-288586.83587096026,241533.87070161192,-105417.26827223483,154119.49160429725,92881.50129620596,-276657.02460819186,-68003.93303622065,112313.85579428222
71406.57567016917,20637.744401657004,20606.57263778882,90752.81039573524,45408.116921126355,-11903.465819335273,112718.3325862037,54762.21292985455,-10668.294050424458,64301.57226938231,37525.80341234229,22496.8325921416,36012.25359474848,11039.674933899783,19016.70319933233,24472.14209991923,10774.73454269102,-11990.272660262375,-41273.34218693368,-26748.93176454531,-49200.345944250854,-45909.71591235688,5389.8068596892435,9753.069187008543,-15059.794486649182,8184.120820801049,-5391.800785878432,100651.28273409225,32470.734127529537,-3341.139525950765,-52838.60153703254,7730.078045464914,-8133.852905174833,7361.881496416308,-46379.74692967875,-99920.28706221987,27734.97908292981,21447.38799220894,-12082.143485492703,74344.25029463318,-25851.747059788708,32415.796167595527,-10920.743154195798,33492.48608001551,-23522.607124698345,128936.67143928517,24232.622976595758,41193.193974295085,-83406.60010689299,69807.39468443627,-30467.360032587476,44543.21403402854,26844.396665981298,-79958.6360623084,-19654.201155373386,32460.638356193194
71298.66252252385,20606.57263778882,20575.471000313297,90615.55210062793,45339.558531245704,-11885.388232148602,112547.89314317625,54679.71154601949,-10652.222937943752,64204.45158720242,37469.096145914664,22462.829957691483,35957.87140894314,11022.947009313013,18987.973933174635,24435.168089937928,10758.498956483278,-11972.265058382694,-41210.93190695388,-26708.36018085629,-49125.787103619325,-45840.420162549155,5381.545435410483,9738.153882020064,-15037.034909930797,8171.750171738272,-5383.681936146838,100499.23581703498,32421.557972546198,-3336.047705662474,-52758.61805484489,7718.556857127993,-8121.570467718513,7350.747457484985,-46309.52827785325,-99769.24120243713,27692.94673488638,21414.994470547466,-12063.996294460005,74231.8024224651,-25812.645783940246,32366.97259019663,-10904.392636493827,33441.70050414831,-23487.018075441854,128741.73762824497,24195.900868161083,41130.99217693624,-83280.59055039009,69701.8199883996,-30421.25172298219,44475.92961479169,26803.883604550556,-79837.77979274675,-19624.354066844815,32411.57939741229
314005.10995766695,90752.81039573524,90615.55210062793,399079.6060610855,199678.30601005873,-52345.3165878554,495671.242345459,240810.7013109739,-46912.61682879957,282760.9482630602,165016.9058003952,98928.1849739322,158360.88092519643,48546.50276991321,83624.462267095,107614.35001494916,47380.71260320165,-52725.43398504243,-181496.74683330895,-117627.61412288823,-216356.50672298195,-201883.88563056118,23702.2039082273,42889.804606533755,-66224.33143564043,35989.081607642736,-23709.804377258002,442606.04069602006,142788.47867891772,-14692.75409624999,-232354.87432792637,33991.16086833734,-35767.93398240422,32373.396572109898,-203952.5108009202,-439392.373738959,121963.45095982138,94313.14294344756,-53129.43476505303,326924.0774580413,-113681.4035255149,142544.7392141577,-48021.933427030235,147282.078674805,-103439.24224784883,566990.064230337,106561.96788837132,181143.60143269278,-366774.01843472314,306973.4593660966,-133978.4688656297,195875.22103941996,118045.79633236385,-351612.31337054225,-86429.04843093343,142743.27138781597
157111.97251633258,45408.116921126355,45339.558531245704,199678.30601005873,99909.06551647726,-26190.440382477012,248007.8561548342,120490.59550296105,-23472.921650139597,141479.28791688994,82565.97205363457,49498.54219213387,79235.83536637358,24289.939572557876,41841.4207095471,53844.72325813765,23707.113200950727,-26381.671326204036,-90811.43023122358,-58854.03509638356,-108252.58477747045,-101012.7305429039,11858.761103117818,21458.93801995233,-33135.239499725416,18007.069276273072,-11863.317371956706,221457.57090672164,71443.45347625576,-7351.27673064013,-116257.72456872539,17008.25536797379,-17896.48173615532,16197.934846427408,-102046.66569569304,-219849.08093370148,61023.615711146995,47189.53330569914,-26583.80871567866,163575.46597808614,-56880.143991082856,71322.8913274266,-24028.492163412127,73691.48190485201,-51755.45551555792,283692.19735681213,53317.595136888194,90635.1862841157,-183515.01357172243,153593.2914733433,-67035.58643710952,98006.02768904791,59064.31881891867,-175928.58061270945,-43243.89261908222,71421.3599222097
-41186.234780020866,-11903.465819335273,-11885.388232148602,-52345.3165878554,-26190.440382477012,6866.12104399587,-65014.636160611735,-31584.9105810743,6153.088744850305,-37087.941115057096,-21644.30290998937,-12975.852446780715,-20771.14795685501,-6367.707343625669,-10968.506050244683,-14115.121144927292,-6214.499076252711,6915.325232450302,23805.997404406324,15429.010984225604,28378.898911719734,26479.666631509674,-3109.2582628138794,-5626.179433805906,8686.264431908541,-4720.4872566594395,3109.780855245984,-58053.87418400301,-18729.079722265506,1927.3022714903232,30477.072187893373,-4457.903134024502,4691.440676653557,-4246.259598442921,26751.6860831053,57632.694097314285,-15997.62307839047,-12370.44792863849,6968.317965389544,-42881.05040058861,14911.040978601144,-18696.235011559147,6298.26268273204,-19318.69105239781,13567.659588939996,-74369.06593363523,-13977.445976983097,-23759.393270115324,48107.50261370171,-40264.1892964816,17573.391266140898,-25691.717689784487,-15483.204671766365,46119.016533378,11336.869483016555,-18722.82042701503
390005.80572190747,112718.3325862037,112547.89314317625,495671.242345459,248007.8561548342,-65014.636160611735,615641.6060172323,299096.1351590109,-58267.27369745479,351199.51422872255,204957.02502608878,122872.40843422216,196690.0658623729,60296.449599004736,103864.6506531539,133660.96665393526,58848.65835525321,-65487.112185428494,-225425.5192325258,-146097.53003739196,-268722.31359563785,-250747.30306270547,29438.796830317315,53270.39076150304,-82253.03547462466,44699.74865192113,-29448.495550343483,549732.9647390961,177348.31565742823,-18248.86102562625,-288593.00132071855,42218.54534817603,-44425.09734589002,40208.92488668804,-253316.2356993328,-545741.289001655,151482.84880619042,117140.39925885595,-65988.89469958043,406051.46629476827,-141196.39214405528,177046.0595395749,-59645.26450589513,182929.41630261097,-128475.24144240895,704222.2108264053,132353.67338068754,224987.0539831535,-455546.78425618284,381272.10003456107,-166406.03300301434,243284.2286838095,146617.28482345832,-436715.29102164466,-107347.7759519833,177292.34639347682
189476.6575783626,54762.21292985455,54679.71154601949,240810.7013109739,120490.59550296105,-31584.9105810743,299096.1351590109,145313.39064694452,-28308.69186403648,170624.10904884886,99574.38850759572,59695.087529181685,95558.54812526319,29293.261034014075,50460.727344385734,64936.68022307142,28591.095718726898,-31817.115440130456,-109518.0799409189,-70976.66933197682,-130550.74295170548,-121821.77491006987,14300.725066076528,25878.04430905634,-39961.01437207762,21716.46347779691,-14307.366090656928,267077.7807751621,86159.80794511556,-8865.286794969054,-140205.50258527914,20513.175226129213,-21583.19192364669,19534.602745977685,-123067.02980369543,-265137.12939559395,73593.40743454342,56910.611732697245,-32060.88703411939,197270.86707103552,-68597.05415071253,86016.52708201064,-28979.505926136746,88870.41305560249,-62416.63421807655,342131.48127367214,64300.0965521224,109306.21647510421,-221318.96378726047,185232.51995785348,-80844.2466300283,118195.27944451915,71231.8604898623,-212169.29168248206,-52150.891671084886,86133.96188460597
-36912.176526402174,-10668.294050424458,-10652.222937943752,-46912.61682879957,-23472.921650139597,6153.088744850305,-58267.27369745479,-28308.69186403648,5514.854135726287,-33239.49136993434,-19398.20650849256,-11629.271604749805,-18615.87811034159,-5706.653180372061,-9830.31563962866,-12650.393736774116,-5569.868774152608,6198.336882208682,21335.346339581574,13827.042636770275,25432.734973465587,23732.25138103974,-2785.934522893587,-5041.322571750148,7784.8533194230795,-4230.610493621064,2787.2376520760567,-52029.74813241287,-16784.889934630934,1727.0544373087127,27313.59511556549,-3996.2051966977933,4204.648472645509,-3805.558459224508,23974.8286169379,51651.68062383333,-14336.813834446546,-11086.826405374773,6245.826349353901,-38430.570107607986,13363.472079529512,-16756.99279701802,5645.540742194122,-17312.942378309486,12159.457193059747,-66651.04092932715,-12526.372437406208,-21294.07839231672,43115.4165618544,-36085.365695315035,15749.36123718888,-23025.767161783424,-13876.767883270446,41332.954230421696,10159.569071934275,-16779.86013523067
222483.37539612135,64301.57226938231,64204.45158720242,282760.9482630602,141479.28791688994,-37087.941115057096,351199.51422872255,170624.10904884886,-33239.49136993434,200346.13246078798,116920.1497405497,70093.98279688637,112204.34440144818,34396.60607286361,59250.85089160484,76248.50725933713,33571.131170232235,-37358.421719300415,-128596.45494044322,-83342.35042373768,-153294.81918312135,-143042.1351383239,16793.157442463704,30387.885674972484,-46922.20422965593,25499.483458664752,-16799.379179166815,313601.89632350614,101169.92637808452,-10410.074906115407,-164630.63446042492,24084.822374034226,-25342.863608513755,22937.61174656453,-144506.6087366265,-311324.3076475787,86414.60681733038,66824.20090304961,-37644.66598681252,231636.36030847923,-80546.97758574648,100998.77498121302,-34026.06360403716,104353.42264151404,-73290.01279177882,401731.4285914607,75502.22501044998,128346.73999629392,-259872.17609263986,217500.76022449543,-94927.9632796337,138784.48399668047,83639.8078350975,-249129.2584422409,-61237.11073187172,101138.47937227572
129839.3159162155,37525.80341234229,37469.096145914664,165016.9058003952,82565.97205363457,-21644.30290998937,204957.02502608878,99574.38850759572,-19398.20650849256,116920.1497405497,68233.55371883,40906.22940560856,65481.404648364754,20073.608015520105,34578.2568183175,44497.93772734088,19591.75356842645,-21801.901809660154,-75047.79087844175,-48638.03640765939,-89461.74707783062,-83478.0100544102,9800.481988372143,17734.31909333193,-27383.381059184903,14881.27426809604,-9803.930659107858,183015.19565393357,59041.9986488321,-6075.280294401522,-96077.13553949095,14055.487782664095,-14789.85690572183,13386.196688937978,-84332.92873889836,-181686.1450456362,50430.94160482508,38997.984579518044,-21968.95228352699,135181.03522156188,-47006.54038372972,58941.77998817227,-19857.11674881137,60899.93990906731,-42771.44942593373,234446.98186962339,44062.55230842361,74901.95042590844,-151659.03887878676,126931.60420831511,-55399.194487348,80993.34909440482,48811.37766008578,-145389.63978850786,-35737.613169216565,59023.51972948462
77839.07889424718,22496.8325921416,22462.829957691483,98928.1849739322,49498.54219213387,-12975.852446780715,122872.40843422216,59695.087529181685,-11629.271604749805,70093.98279688637,40906.22940560856,24523.41462631649,39256.2968045731,12034.203533856275,20729.771132417583,26676.65116429728,11745.304611707908,-13070.277338070855,-44991.397161161905,-29158.697275363502,-53632.6563558844,-50045.30607827239,5875.45225839477,10631.82926985899,-16416.423336281692,8921.37147948881,-5877.479151636006,109718.16893961179,35395.893407307,-3642.16150929423,-57598.58209491714,8426.26412629158,-8866.563120444302,8025.069461236406,-50557.89198212714,-108921.42784689454,30233.541309565393,23379.409393928283,-13170.424842849157,81041.48302115101,-28180.578087079233,35335.73679165175,-11904.361164008511,36509.75341674283,-25641.629931989406,140551.7259455299,26415.666887939384,44903.94087624718,-90920.06081705289,76095.91843540093,-33212.00958912619,48555.75914287791,29262.559129020712,-87161.55230260303,-21424.85210036803,35384.78676805519
124602.33433861894,36012.25359474848,35957.87140894314,158360.88092519643,79235.83536637358,-20771.14795685501,196690.0658623729,95558.54812526319,-18615.87811034159,112204.34440144818,65481.404648364754,39256.2968045731,62840.32405594192,19263.879692663162,33183.582008302015,42703.159058532794,18801.612244717737,-20922.722527574333,-72020.7284992768,-46676.011047673026,-85853.02872346216,-80111.12096315404,9404.994305800354,17018.726560433694,-26278.889909940055,14281.044207673553,-9408.544833283282,175633.50308380718,56660.406187087254,-5830.167544048194,-92201.71182633817,13488.834402994236,-14193.334317206649,12846.259111197856,-80931.20607759344,-174357.8871195934,48396.64889989762,37425.05833543438,-21083.0339397964,129728.44170047298,-45110.508326466756,56564.674656145464,-19056.446099726327,58443.30072533792,-41046.22463370458,224990.5899311508,42285.152061545974,71880.91494877556,-145542.03690247194,121811.7734477971,-53164.59844871248,77726.5888672614,46842.69512117202,-139525.41478882753,-34295.92116464826,56642.84044124841
38197.401628237814,11039.674933899783,11022.947009313013,48546.50276991321,24289.939572557876,-6367.707343625669,60296.449599004736,29293.261034014075,-5706.653180372061,34396.60607286361,20073.608015520105,12034.203533856275,19263.879692663162,5905.537891217703,10172.55129820886,13090.820529561654,5763.600170716211,-6413.6751838068685,-22078.364599786826,-14309.103394413367,-26319.13632503397,-24558.21110087879,2883.430212893722,5217.602261451182,-8055.912161279227,4377.923708740742,-2884.157942618455,53841.08002937925,17369.759801819844,-1787.3693341395879,-28265.17070356372,4134.664945061706,-4351.005313882054,3938.098836555333,-24810.137489554592,-53450.291007871885,14836.500215091928,11472.771778668792,-6462.821162171727,39769.06825982303,-13828.909555423086,17339.745612938623,-5841.459118296941,17916.475133902808,-12583.003868318103,68972.06388963589,12962.951595713937,22035.28819190538,-44616.46515961275,37342.13666013045,-16298.00480232732,23827.35463689518,14359.699996852856,-42772.18523465041,-10513.92577408599,17364.12281972096
65797.79067239547,19016.70319933233,18987.973933174635,83624.462267095,41841.4207095471,-10968.506050244683,103864.6506531539,50460.727344385734,-9830.31563962866,59250.85089160484,34578.2568183175,20729.771132417583,33183.582008302015,10172.55129820886,17522.992372193134,22549.921856249537,9928.39685788552,-11048.44086988665,-38031.44766236397,-24647.9173965494,-45335.85256240201,-42303.6150966054,4966.483669862222,8987.039998091139,-13876.890325390146,7541.28177726853,-4968.2818085370845,92745.39228049738,29920.277548236787,-3078.71392972463,-48688.31357848522,7122.859957823499,-7494.958942726811,6783.629011571141,-42736.78285440143,-92071.84222488853,25556.505953392814,19762.751000421096,-11133.095654248935,68504.74463468237,-23821.174610492395,29869.5832797103,-10062.909285970312,30861.791008967037,-21674.983696935233,118809.08150075054,22329.246231094807,37957.57155056865,-76855.23694799916,64324.24199598331,-28074.252222400723,41044.46181467127,24735.830424374028,-73678.1162010305,-18110.457883534702,29910.94805227164
84673.61580982975,24472.14209991923,24435.168089937928,107614.35001494916,53844.72325813765,-14115.121144927292,133660.96665393526,64936.68022307142,-12650.393736774116,76248.50725933713,44497.93772734088,26676.65116429728,42703.159058532794,13090.820529561654,22549.921856249537,29018.958264384008,12776.612353372135,-14217.962102732208,-48941.77201502456,-31718.838965234845,-58341.65861402548,-54439.507601598205,6391.2645946000985,11565.230667057089,-17857.84095986439,9704.696963062353,-6393.560525767102,119351.83699429379,38503.70847293952,-3961.92915704009,-62655.852071223475,9166.21890212519,-9645.083719281998,8729.692135267693,-54996.96780571528,-118485.0742223863,32888.07613478972,25432.213155553196,-14326.902460182579,88157.14257797113,-30654.908225566836,38438.437216125894,-12949.699614711915,39715.32814147768,-27893.02726793248,152892.5976478007,28734.989482912206,48846.69162585695,-98903.17615313052,82777.35064643918,-36128.09715492828,52819.140252275225,31831.94626381193,-94814.62195468026,-23305.93665233671,38491.689507773095
37280.47103736012,10774.73454269102,10758.498956483278,47380.71260320165,23707.113200950727,-6214.499076252711,58848.65835525321,28591.095718726898,-5569.868774152608,33571.131170232235,19591.75356842645,11745.304611707908,18801.612244717737,5763.600170716211,9928.39685788552,12776.612353372135,5625.433604748149,-6260.16027450365,-21548.22902207147,-13965.030450673017,-25686.531959393866,-23969.026588713878,2813.753557303428,5091.656408472294,-7862.527567455187,4272.822109248628,-2815.041315762568,52548.868113208446,16952.38272944681,-1744.29464925675,-27586.144057818277,4036.047983641771,-4246.598564173753,3843.5307217099294,-24214.064206189036,-52167.048679481886,14479.882829886858,11197.44230233608,-6308.12363883177,38814.03272655379,-13496.814502278872,16924.156141802607,-5701.841166224285,17485.715942921623,-12280.787291254464,67316.07381322158,12651.375575487285,21506.532692052642,-43545.597263127456,36445.42596909089,-15906.514437662412,23255.502658039863,14015.214217091718,-41745.36148153158,-10260.964939498566,16947.283905821474
-41486.068088230655,-11990.272660262375,-11972.265058382694,-52725.43398504243,-26381.671326204036,6915.325232450302,-65487.112185428494,-31817.115440130456,6198.336882208682,-37358.421719300415,-21801.901809660154,-13070.277338070855,-20922.722527574333,-6413.6751838068685,-11048.44086988665,-14217.962102732208,-6260.16027450365,6966.658607157068,23978.98440990034,15540.039738261661,28583.690052203772,26673.18465449662,-3130.871545372756,-5665.588480369616,8749.495360107989,-4754.831516357112,3132.681911498211,-58477.049125421385,-18864.50368785624,1940.957618379838,30697.787907614405,-4491.769232776117,4725.68163920786,-4277.096438208807,26945.31474701615,58051.888211848804,-16113.048281873651,-12460.670884129144,7020.030804844965,-43192.38386834537,15019.299927586542,-18833.79120521724,6345.461166084151,-19457.833455296073,13666.073507507333,-74909.77352686522,-14078.31194159341,-23932.81028702268,48458.061272384926,-40556.61903133374,17700.755549134734,-25879.02950968323,-15596.409333838084,46454.592511076575,11418.126186003432,-18859.093634828383
-142805.90723345208,-41273.34218693368,-41210.93190695388,-181496.74683330895,-90811.43023122358,23805.997404406324,-225425.5192325258,-109518.0799409189,21335.346339581574,-128596.45494044322,-75047.79087844175,-44991.397161161905,-72020.7284992768,-22078.364599786826,-38031.44766236397,-48941.77201502456,-21548.22902207147,23978.98440990034,82542.61128780323,53495.600626954314,98396.33198444896,91814.51438773163,-10779.423882902724,-19505.689325373383,30118.06304130016,-16367.41830138222,10782.962441774376,-201292.16546226418,-64938.496055135576,6682.071293364315,105672.24717661353,-15458.87942060535,16266.85018563143,-14723.044061414386,92755.18138005842,199830.56882108032,-55467.50597208946,-42892.54178489029,24162.718872623227,-148681.2511534367,51700.974628844284,-64827.79964450152,21839.90994557436,-66982.09749595521,47042.95302801665,-257860.50738014735,-48463.09918766264,-82382.05343060246,166804.62173592488,-139607.94993570377,60931.82798036316,-89081.81219309127,-53685.89991177243,159909.22031208518,39306.85463216743,-64917.994865907014
-92551.71375592619,-26748.93176454531,-26708.36018085629,-117627.61412288823,-58854.03509638356,15429.010984225604,-146097.53003739196,-70976.66933197682,13827.042636770275,-83342.35042373768,-48638.03640765939,-29158.697275363502,-46676.011047673026,-14309.103394413367,-24647.9173965494,-31718.838965234845,-13965.030450673017,15540.039738261661,53495.600626954314,34670.993602926304,63771.21823088566,59504.01702353978,-6986.709570588729,-12642.476258561057,19519.351603572122,-10607.645597765193,6988.218812848563,-130455.99698879785,-42086.8420830953,4330.842301166174,68486.30148203393,-10017.947997093666,10542.401904761273,-9541.968168664605,60114.802228245266,129509.30257390317,-35948.81643738093,-27798.316085198483,15659.121020577379,-96360.00382648504,33507.291151357706,-42013.64906673934,14153.4981669427,-43411.64004211043,30488.494384860907,-167118.38203429096,-31409.20675385273,-53391.073787786634,108104.93907400317,-90479.55713182545,39489.926164804456,-57733.25714394569,-34793.23417742761,103636.3772285289,25475.332749436115,-42073.0066853209
-170233.7841460135,-49200.345944250854,-49125.787103619325,-216356.50672298195,-108252.58477747045,28378.898911719734,-268722.31359563785,-130550.74295170548,25432.734973465587,-153294.81918312135,-89461.74707783062,-53632.6563558844,-85853.02872346216,-26319.13632503397,-45335.85256240201,-58341.65861402548,-25686.531959393866,28583.690052203772,98396.33198444896,63771.21823088566,117296.17482920704,109448.17954962667,-12850.582794427886,-23253.27308834134,35902.66290740972,-19511.027097132534,12853.771513183063,-239952.70961531965,-77411.58479721704,7965.757771067546,125969.01007343798,-18426.841023411485,19391.056445235638,-17550.871137752518,110571.0139532388,238211.12589411417,-66121.64954461328,-51130.52201635757,28802.71836717038,-177238.2422093339,61631.10622869561,-77277.72508617071,26033.48956892848,-79848.1481274281,56078.49878328802,-307386.7899235024,-57771.829618521784,-98204.3203999095,198841.51580880582,-166422.16809810948,72635.09621255344,-106191.00065323124,-63996.638529394906,190622.16225434074,46857.30922438476,-77386.42781996014
-158847.4526598545,-45909.71591235688,-45840.420162549155,-201883.88563056118,-101012.7305429039,26479.666631509674,-250747.30306270547,-121821.77491006987,23732.25138103974,-143042.1351383239,-83478.0100544102,-50045.30607827239,-80111.12096315404,-24558.21110087879,-42303.6150966054,-54439.507601598205,-23969.026588713878,26673.18465449662,91814.51438773163,59504.01702353978,109448.17954962667,102128.60475637329,-11989.653802987676,-21695.823511450602,33501.25542935233,-18205.975738223933,11994.386925772547,-223903.87531156035,-72232.53653457196,7432.442946711285,117541.80928510794,-17196.270357896025,18094.17732575038,-16376.852130418214,103173.77644190962,222277.52767079126,-61697.58854556173,-47710.811708472,26877.55424553522,-165382.26010673086,57508.42107603072,-72110.87672551046,24294.047295334083,-74505.34043415436,52327.11803754355,-286825.83160972816,-53906.46101503569,-91636.399415533,185542.17885341332,-155289.83575342438,67776.01452501617,-99088.64292504522,-59716.79944920413,177871.89517612485,43721.44487518294,-72210.28739320487
18649.037438204214,5389.8068596892435,5381.545435410483,23702.2039082273,11858.761103117818,-3109.2582628138794,29438.796830317315,14300.725066076528,-2785.934522893587,16793.157442463704,9800.481988372143,5875.45225839477,9404.994305800354,2883.430212893722,4966.483669862222,6391.2645946000985,2813.753557303428,-3130.871545372756,-10779.423882902724,-6986.709570588729,-12850.582794427886,-11989.653802987676,1408.2498885059647,2548.1046204594845,-3933.1233157614947,2137.4341440081553,-1408.0036449855797,26286.462255593433,8480.833589982478,-872.8193668790448,-13800.386736814395,2017.9968702538147,-2124.2413249536694,1922.7255326355032,-12113.527286285122,-26096.09683208054,7244.079002751902,5601.249247780812,-3154.8689464676804,19416.761539421652,-6751.796601791604,8465.069390412955,-2851.3324294287318,8748.024490772525,-6143.541223743792,33674.412134328784,6329.291239690013,10758.032091303956,-21782.844953972624,18231.797195814677,-7957.407265092037,11633.049419136996,7010.577715928661,-20882.653272760763,-5133.789504935227,8477.662594265717
33746.084350180565,9753.069187008543,9738.153882020064,42889.804606533755,21458.93801995233,-5626.179433805906,53270.39076150304,25878.04430905634,-5041.322571750148,30387.885674972484,17734.31909333193,10631.82926985899,17018.726560433694,5217.602261451182,8987.039998091139,11565.230667057089,5091.656408472294,-5665.588480369616,-19505.689325373383,-12642.476258561057,-23253.27308834134,-21695.823511450602,2548.1046204594845,4610.622701028425,-7117.123144194543,3867.7582529825445,-2547.8759544532772,47566.36316247682,15346.208701773665,-1579.3337755154678,-24972.086088758,3651.8746877460176,-3843.903468552555,3479.2258742298804,-21919.660826545893,-47221.73558624994,13108.238730603,10135.684168156822,-5709.011536843596,35135.1663151446,-12217.562358520347,15318.083022751603,-5159.812974027667,15829.602562337079,-11116.891961490419,60934.90687882359,11452.92332149183,19467.11044031788,-39416.87537148161,32990.956608649525,-14399.110205305225,21050.455955380017,12685.967602313876,-37787.861623982884,-9289.555705849325,15340.621570024989
-52106.908108710435,-15059.794486649182,-15037.034909930797,-66224.33143564043,-33135.239499725416,8686.264431908541,-82253.03547462466,-39961.01437207762,7784.8533194230795,-46922.20422965593,-27383.381059184903,-16416.423336281692,-26278.889909940055,-8055.912161279227,-13876.890325390146,-17857.84095986439,-7862.527567455187,8749.495360107989,30118.06304130016,19519.351603572122,35902.66290740972,33501.25542935233,-3933.1233157614947,-7117.123144194543,10989.455028554064,-5972.129574613432,3934.4955297245806,-73447.36255536544,-23694.649697869907,2438.1252919512967,38557.53410338316,-5640.71287490193,5935.441085209192,-5372.127788876701,33844.367364941674,72913.9984387454,-20238.875041621024,-15650.607730008727,8816.535857503955,-54250.64616208589,18864.592753370107,-23654.40803211188,7969.013934951936,-24440.281006980407,17164.97345781989,-94087.89673418565,-17683.121636371794,-30059.52752664865,60863.56145278919,-50939.99616661701,22232.722014218416,-32504.11970164237,-19588.90004186187,58347.54084041031,14342.173890628126,-23687.225350787558
28317.073573948026,8184.120820801049,8171.750171738272,35989.081607642736,18007.069276273072,-4720.4872566594395,44699.74865192113,21716.46347779691,-4230.610493621064,25499.483458664752,14881.27426809604,8921.37147948881,14281.044207673553,4377.923708740742,7541.28177726853,9704.696963062353,4272.822109248628,-4754.831516357112,-16367.41830138222,-10607.645597765193,-19511.027097132534,-18205.975738223933,2137.4341440081553,3867.7582529825445,-5972.129574613432,3245.50529010048,-2138.1669607300864,39914.36344786194,12876.67322624985,-1324.9830323677395,-20953.788626465714,3065.3846766218053,-3225.5661322751957,2919.4395535175404,-18392.45628169557,-39624.52020637698,10998.66197676932,8505.193300790723,-4791.264212462488,29482.079028724038,-10251.811551936504,12854.779860222672,-4330.681485930148,13281.886338201122,-9328.168182120055,51131.305562641195,9609.756780607473,16335.599876798015,-33075.80171735414,27682.931689500634,-12082.196905942455,17664.09554333634,10645.422675840808,-31708.495975425634,-7794.150108402254,12872.629157874277
-18655.5599821304,-5391.800785878432,-5383.681936146838,-23709.804377258002,-11863.317371956706,3109.780855245984,-29448.495550343483,-14307.366090656928,2787.2376520760567,-16799.379179166815,-9803.930659107858,-5877.479151636006,-9408.544833283282,-2884.157942618455,-4968.2818085370845,-6393.560525767102,-2815.041315762568,3132.681911498211,10782.962441774376,6988.218812848563,12853.771513183063,11994.386925772547,-1408.0036449855797,-2547.8759544532772,3934.4955297245806,-2138.1669607300864,1408.6860736988353,-26296.050298315902,-8483.132792636836,872.8531180722282,13804.377849799073,-2019.7231958759203,2125.0477592108705,-1923.342794591573,12116.952516176487,26104.956515851398,-7245.863608802866,-5603.329145017251,3156.6832035154434,-19422.946743781573,6753.945758726824,-8469.07681475288,2853.302914005039,-8750.002390588821,6145.431016815273,-33685.686306102805,-6330.8613703362,-10762.119436366267,21790.708221009252,-18237.673700295607,7959.778890130792,-11637.318935142455,-7013.382153868834,20889.83526501545,5134.66296066114,-8480.606837097626
348253.39749405807,100651.28273409225,100499.23581703498,442606.04069602006,221457.57090672164,-58053.87418400301,549732.9647390961,267077.7807751621,-52029.74813241287,313601.89632350614,183015.19565393357,109718.16893961179,175633.50308380718,53841.08002937925,92745.39228049738,119351.83699429379,52548.868113208446,-58477.049125421385,-201292.16546226418,-130455.99698879785,-239952.70961531965,-223903.87531156035,26286.462255593433,47566.36316247682,-73447.36255536544,39914.36344786194,-26296.050298315902,490881.22294426686,158361.47172291923,-16294.942384137685,-257696.59322408112,37699.824763510696,-39669.1932523863,35904.269402143815,-226196.43663180352,-487316.21878006554,135264.97204242463,104599.95302746943,-58925.10824170507,362580.6702783082,-126080.27987024526,158093.28850592562,-53260.86414297991,163344.66766111503,-114720.95515663654,628830.5930831741,118183.79484514621,200901.19659342483,-406778.07523027016,340454.18698631873,-148590.88040438978,217239.42616049503,130921.397722366,-389962.237753129,-95854.64568487446,158312.14176769956
112349.04840278336,32470.734127529537,32421.557972546198,142788.47867891772,71443.45347625576,-18729.079722265506,177348.31565742823,86159.80794511556,-16784.889934630934,101169.92637808452,59041.9986488321,35395.893407307,56660.406187087254,17369.759801819844,29920.277548236787,38503.70847293952,16952.38272944681,-18864.50368785624,-64938.496055135576,-42086.8420830953,-77411.58479721704,-72232.53653457196,8480.833589982478,15346.208701773665,-23694.649697869907,12876.67322624985,-8483.132792636836,158361.47172291923,51089.11929025446,-5257.097584100392,-83135.48714299979,12161.360517211426,-12797.51261655569,11583.021911302605,-72973.28956509208,-157211.94128320552,43638.093007056865,33744.59327986477,-19009.05469445974,116971.64779018091,-40674.58503631492,51001.1346853638,-17181.503875000304,52697.088916036104,-37010.02573648701,202865.69714546285,38127.491081835775,64811.89105573709,-131229.32018323263,109833.39434167561,-47936.83756337977,70082.82814021628,42235.88189609412,-125804.72350621445,-30924.185858720673,51072.65148883912
-11560.456696747331,-3341.139525950765,-3336.047705662474,-14692.75409624999,-7351.27673064013,1927.3022714903232,-18248.86102562625,-8865.286794969054,1727.0544373087127,-10410.074906115407,-6075.280294401522,-3642.16150929423,-5830.167544048194,-1787.3693341395879,-3078.71392972463,-3961.92915704009,-1744.29464925675,1940.957618379838,6682.071293364315,4330.842301166174,7965.757771067546,7432.442946711285,-872.8193668790448,-1579.3337755154678,2438.1252919512967,-1324.9830323677395,872.8531180722282,-16294.942384137685,-5257.097584100392,541.0024780987036,8554.6313175809,-1251.1532562275409,1316.8204604180771,-1191.8781815104257,7508.9595382256,16176.802881794087,-4490.42206840145,-3472.2139968277515,1955.8325497795458,-12036.243708513874,4185.36704883844,-5247.670100221194,1767.7246032963787,-5422.644335437807,3808.3024541710924,-20874.5201730736,-3923.371113450251,-6668.922565464696,13503.139483812765,-11301.71093062222,4932.679356027547,-7211.316726130386,-4345.897471548091,12945.041104475442,3182.228341080524,-5255.262114926091
-182821.96240252233,-52838.60153703254,-52758.61805484489,-232354.87432792637,-116257.72456872539,30477.072187893373,-288593.00132071855,-140205.50258527914,27313.59511556549,-164630.63446042492,-96077.13553949095,-57598.58209491714,-92201.71182633817,-28265.17070356372,-48688.31357848522,-62655.852071223475,-27586.144057818277,30697.787907614405,105672.24717661353,68486.30148203393,125969.01007343798,117541.80928510794,-13800.386736814395,-24972.086088758,38557.53410338316,-20953.788626465714,13804.377849799073,-257696.59322408112,-83135.48714299979,8554.6313175809,135283.45740073686,-19790.06214493531,20824.99443361222,-18848.66164149483,118746.84923423071,255825.82200105058,-71010.65171839854,-54911.514687591654,30933.009850969855,-190344.00548481112,66188.37599162887,-82992.7745832184,27959.1665525393,-85751.97293119263,60225.14477039154,-330116.63426569727,-62043.45668360087,-105466.37611906581,213545.28274487978,-178728.18602305482,78005.95019649738,-114043.56712383192,-68729.17554996647,204717.9138265294,50321.67696390723,-83108.86414735131
26745.665793774526,7730.078045464914,7718.556857127993,33991.16086833734,17008.25536797379,-4457.903134024502,42218.54534817603,20513.175226129213,-3996.2051966977933,24084.822374034226,14055.487782664095,8426.26412629158,13488.834402994236,4134.664945061706,7122.859957823499,9166.21890212519,4036.047983641771,-4491.769232776117,-15458.87942060535,-10017.947997093666,-18426.841023411485,-17196.270357896025,2017.9968702538147,3651.8746877460176,-5640.71287490193,3065.3846766218053,-2019.7231958759203,37699.824763510696,12161.360517211426,-1251.1532562275409,-19790.06214493531,2896.417282138704,-3046.638838077577,2757.3696357024805,-17370.894088623467,-37425.329187361014,10387.473693321821,8033.346020427089,-4526.174926735439,27845.345685990465,-9682.670526933172,12142.594246731627,-4091.4453479721315,12543.62339258622,-8810.229447065689,48293.302753668046,9075.764601573304,15429.4472169695,-31240.589780484584,26146.157872504107,-11411.25770116919,16684.080266631987,10055.06685235777,-29948.752408654418,-7360.599341579992,12158.263172352174
-28143.115012301816,-8133.852905174833,-8121.570467718513,-35767.93398240422,-17896.48173615532,4691.440676653557,-44425.09734589002,-21583.19192364669,4204.648472645509,-25342.863608513755,-14789.85690572183,-8866.563120444302,-14193.334317206649,-4351.005313882054,-7494.958942726811,-9645.083719281998,-4246.598564173753,4725.68163920786,16266.85018563143,10542.401904761273,19391.056445235638,18094.17732575038,-2124.2413249536694,-3843.903468552555,5935.441085209192,-3225.5661322751957,2125.0477592108705,-39669.1932523863,-12797.51261655569,1316.8204604180771,20824.99443361222,-3046.638838077577,3205.7561703562615,-2901.500254580944,18279.398883624883,39381.07501816119,-10931.03165593768,-8452.954104781607,4761.890156274574,-29300.91264921891,10188.814224554168,-12775.898013697813,4304.158948720484,-13200.201853547993,9270.841173501705,-50817.15138898489,-9550.667538005642,-16235.27377333553,32872.62990802997,-27512.82685561456,12007.93843373531,-17555.597686204612,-10580.054873640964,31513.692956338975,7746.191392255929,-12793.547807147286
25472.141510449495,7361.881496416308,7350.747457484985,32373.396572109898,16197.934846427408,-4246.259598442921,40208.92488668804,19534.602745977685,-3805.558459224508,22937.61174656453,13386.196688937978,8025.069461236406,12846.259111197856,3938.098836555333,6783.629011571141,8729.692135267693,3843.5307217099294,-4277.096438208807,-14723.044061414386,-9541.968168664605,-17550.871137752518,-16376.852130418214,1922.7255326355032,3479.2258742298804,-5372.127788876701,2919.4395535175404,-1923.342794591573,35904.269402143815,11583.021911302605,-1191.8781815104257,-18848.66164149483,2757.3696357024805,-2901.500254580944,2626.1353334514347,-16544.657660321278,-35643.57600460154,9893.692339440215,7650.696331500331,-4309.869001679295,26520.129435326373,-9221.852688395178,11563.252477862403,-3895.5484092435318,11947.543231801767,-8391.006607841164,45994.31932788239,8644.322592407734,14694.397114611393,-29752.764096594576,24901.73286338008,-10868.353044763706,15889.42743492071,9575.893187147223,-28522.843905290396,-7011.136712440128,11579.35617480879
-160474.30800323517,-46379.74692967875,-46309.52827785325,-203952.5108009202,-102046.66569569304,26751.6860831053,-253316.2356993328,-123067.02980369543,23974.8286169379,-144506.6087366265,-84332.92873889836,-50557.89198212714,-80931.20607759344,-24810.137489554592,-42736.78285440143,-54996.96780571528,-24214.064206189036,26945.31474701615,92755.18138005842,60114.802228245266,110571.0139532388,103173.77644190962,-12113.527286285122,-21919.660826545893,33844.367364941674,-18392.45628169557,12116.952516176487,-226196.43663180352,-72973.28956509208,7508.9595382256,118746.84923423071,-17370.894088623467,18279.398883624883,-16544.657660321278,104231.62869903172,224554.39890740614,-62330.56744672227,-48199.27175742091,27151.784160179726,-167076.9280008916,58097.70883144092,-72847.87808869945,24541.43340160596,-75269.97785963926,52863.410346494675,-289764.12634894846,-54459.489215020316,-92574.42890994367,187442.07351153545,-156880.9855788244,68470.75173655365,-100103.17792258292,-60327.88048465403,179693.76874216305,44170.570731102394,-72949.86680480781
-345724.4200655742,-99920.28706221987,-99769.24120243713,-439392.373738959,-219849.08093370148,57632.694097314285,-545741.289001655,-265137.12939559395,51651.68062383333,-311324.3076475787,-181686.1450456362,-108921.42784689454,-174357.8871195934,-53450.291007871885,-92071.84222488853,-118485.0742223863,-52167.048679481886,58051.888211848804,199830.56882108032,129509.30257390317,238211.12589411417,222277.52767079126,-26096.09683208054,-47221.73558624994,72913.9984387454,-39624.52020637698,26104.956515851398,-487316.21878006554,-157211.94128320552,16176.802881794087,255825.82200105058,-37425.329187361014,39381.07501816119,-35643.57600460154,224554.39890740614,483777.57276620093,-134283.22398929004,-103840.27410749174,58496.69675819934,-359948.0794489728,125164.8495649259,-156944.49061348784,52873.39981976248,-162159.24412315985,113888.04796807482,-624264.4527029924,-117326.01379932628,-199442.04445465858,403823.9248413144,-337982.2013920498,147512.12178201208,-215661.7151935758,-129970.41116538682,387130.4619342432,95159.21399947564,-157162.51161854816
95963.36362014082,27734.97908292981,27692.94673488638,121963.45095982138,61023.615711146995,-15997.62307839047,151482.84880619042,73593.40743454342,-14336.813834446546,86414.60681733038,50430.94160482508,30233.541309565393,48396.64889989762,14836.500215091928,25556.505953392814,32888.07613478972,14479.882829886858,-16113.048281873651,-55467.50597208946,-35948.81643738093,-66121.64954461328,-61697.58854556173,7244.079002751902,13108.238730603,-20238.875041621024,10998.66197676932,-7245.863608802866,135264.97204242463,43638.093007056865,-4490.42206840145,-71010.65171839854,10387.473693321821,-10931.03165593768,9893.692339440215,-62330.56744672227,-134283.22398929004,37273.78699913846,28823.04854319618,-16236.518001337015,99911.89153800983,-34742.39063515478,43562.60883517964,-14675.457460664677,45011.62696456337,-31612.30298816908,173278.5971914367,32566.864164981384,55359.258095753146,-112089.97158494925,93814.70471687888,-40945.510116680874,59861.47334074168,36075.869488092525,-107456.60254608774,-26414.188316131418,43623.901521635365
