V1,V2,V3,V4,V5,V6,V7,V8,V9,V10,V11,V12,V13,V14,V15,V16,V17,V18,V19,V20,V21,V22,V23,V24,V25,V26,V27,V28,V29,V30,V31,V32,V33,V34,V35,V36,V37,V38,V39,V40,V41,V42,V43,V44,V45,V46,V47,V48,V49,V50,V51,V52,V53,V54,V55,V56
1370.5098862574546,296.54038911122984,-1376.5726325214478,-407.682580407585,-374.7035504109076,-1860.3285261199585,114.5823597497684,-87.3433700195471,-520.5118593832796,-900.8393160695483,1356.6664636067126,863.278140272674,-1380.50135630463,2088.484395477788,246.57675452881372,502.6748770727899,-839.2928033598042,-1107.6596739079844,304.5257622783902,-1590.9787375429255,43.857937590437544,-542.3821136302901,1965.0116322465522,1343.6755309862542,1706.0876347233789,1410.9651247162546,-81.33270924892363,-1011.9970208960325,-1397.2763687167233,-128.66741089035082,1259.6119115295282,844.2959330369915,877.7934912043804,-108.35437686253587,1272.000971805925,-1069.2143674481872,-1790.0468649022407,-785.2842820127552,-991.0970742576046,-1015.7981056550478,1747.4873430985904,2281.5037134188824,930.5980815567247,-1573.7448608030784,-1568.6565348890047,-610.2471301650842,1846.8083586746245,-701.1494675497607,-335.76710966543095,-575.8828033638254,1132.3039012800455,-1168.8334202526437,253.3737700353486,97.00304768057815,-1224.6806403738155,36.970334723508486
296.54038911122984,64.53210635070447,-296.89008936379145,-88.48582807139137,-81.08768388610153,-401.64171594876814,24.745430413341037,-18.988480906361147,-112.2614357061644,-194.31863325821573,293.32832511780924,186.78730200193831,-298.81530512947637,451.2848670752795,53.09810579953269,108.4880961131553,-181.12633360580577,-239.32614253628728,66.48438402355363,-343.56674346804186,10.160647849258588,-117.13905366604622,424.76441491176956,291.1338727179706,368.47326481494565,305.04800215544446,-17.617303389622744,-218.41820466982088,-302.14760938132673,-27.51805349736198,272.40531861988103,182.76351764349673,189.58751415031915,-23.613209751729876,274.3200228810938,-231.24004584434417,-387.29499920065774,-169.3175487471661,-213.57166056230875,-219.23561519480057,377.57931995634635,493.1868923881227,200.97982187871912,-340.48815846678417,-338.8603361416933,-131.89800972845651,399.72820213163175,-151.12647920108267,-72.62717268001433,-124.21305587998572,244.56463650356275,-252.1881311919599,54.61703167256214,20.687663835278272,-264.25530420287373,8.324464187067452
-1376.5726325214478,-296.89008936379145,1387.45992488605,408.6899974708157,375.93199351171694,1873.866246919328,-115.7330635210092,86.98375984144165,524.3474966611205,906.9754257254166,-1364.6830092796888,-867.8932819253205,1387.977437150749,-2102.886566749166,-249.30641885849238,-505.4239247831354,844.4998338999395,1114.2257216003366,-305.8245400770739,1602.0306342250085,-42.43022234262909,545.921975341484,-1977.944836523925,-1351.1649096561882,-1717.3967278620469,-1419.4846322606072,81.18619534198783,1018.9777404236308,1405.3442892664002,130.11259762125042,-1266.3456865251421,-848.9234823935557,-883.4039084253023,108.4868634904232,-1281.373972374462,1076.0873407560277,1799.5223996278924,792.408978202705,998.151479141417,1022.1031865753548,-1758.608954747922,-2294.7726730937693,-936.3768854784929,1581.2867591109148,1578.6819011745076,613.9056861747576,-1856.4371872543802,705.9962540439162,337.7010970662302,579.4126594142753,-1140.3102926226409,1178.2248950630099,-255.0588566942829,-96.40233501327235,1234.0493261929491,-35.80449713198029
-407.682580407585,-88.48582807139137,408.6899974708157,121.48155327448099,111.48698243405856,552.6484294449057,-34.024349085231954,26.06525517019892,154.54176320462807,267.5039521984607,-403.36621928003035,-256.7662945443826,410.6977338876985,-620.7083906297662,-73.13547181114154,-149.32629701514549,249.31220907372858,329.21909727064866,-90.9886983996819,472.69563443258954,-13.546765842375777,161.1631363504623,-584.1299849501579,-399.9226538390653,-506.93691866782586,-419.48042212015383,24.224655265318543,300.5958687950879,415.4652635525738,38.03405715322158,-374.5738091621063,-251.17838930119277,-260.8470507598904,32.37590194673101,-377.6526116172917,317.9251497462554,532.4374783869318,233.09157219271705,294.1487391356363,301.73383279882347,-519.3657929121492,-678.2722312206251,-276.5238410363094,468.0965836144628,466.1556435514094,181.41600865159364,-549.4063441038077,208.1251610632066,99.84314994646753,171.00491279063826,-336.4404226393848,347.09300710047853,-75.21256621017099,-28.684036231277634,363.7009996382589,-11.25498082616395
-374.7035504109076,-81.08768388610153,375.93199351171694,111.48698243405856,102.51665696497172,508.09239737166416,-31.22843446777858,23.97058396092379,142.19325136509718,246.17004871557938,-370.67312520035046,-235.88489329370398,377.1666250438189,-570.3852939011296,-67.24726178778269,-137.4544620503405,229.41641049355468,302.69942302334806,-83.03066869507687,434.5807488401521,-11.996275245028043,148.18660042668762,-536.6963704086527,-366.9460024284405,-466.08719396154885,-385.47558859759033,22.31707331438316,276.4863498302986,381.77813780740655,35.161785441988506,-344.2520402832611,-230.65080715586322,-239.85205943999617,29.635505709029385,-347.49649025360446,292.0149606484855,489.16952656469607,214.32821048326332,270.8676036126051,277.63480138760434,-477.41204756076917,-623.4321261051814,-254.3030673123896,430.1752434161784,428.5744644764126,166.75101363167542,-504.62411976164856,191.63652821625814,91.7266524960737,157.43181804473463,-309.24401520267827,319.14839900167004,-69.25850621321881,-26.815786609214868,334.46781923441193,-10.201006927821867
-1860.3285261199585,-401.64171594876814,1873.866246919328,552.6484294449057,508.09239737166416,2531.5600665055795,-156.23916660391737,117.65482609109677,708.1372442236806,1224.9918561413626,-1844.1382187474885,-1172.830368436253,1876.0245777436405,-2841.4183578860416,-336.7243252395412,-682.6796602343979,1140.872076938159,1505.4590774384837,-414.0817701417774,2164.334988069942,-58.16722613576566,737.5508288541562,-2672.6865057308387,-1826.5485062967357,-2320.139545018127,-1918.0288401928747,109.76133071595267,1376.4796385196385,1899.0393556417764,175.47659342703074,-1711.3307269190566,-1147.3777455608838,-1193.635669998953,147.08340483445824,-1730.5439204468485,1454.2332651733923,2432.147790951755,1070.2783214799363,1347.8369113336378,1380.5517486386473,-2376.0536769136834,-3100.7860538548575,-1265.0426390823404,2136.877924121266,2132.7774645251843,829.63887923808,-2508.9909272959444,953.3958793702827,456.26047678954,782.4387799062943,-1540.544666140183,1591.6024563698077,-344.41119493910674,-129.86791815488232,1666.9937453812913,-48.7578711726344
114.5823597497684,24.745430413341037,-115.7330635210092,-34.024349085231954,-31.22843446777858,-156.23916660391737,9.733773111657248,-7.179999987060805,-43.71143191142055,-75.53044342907253,113.726434712887,72.3637224529102,-115.71320677228942,175.39012356413303,20.828161205094144,42.03417685350331,-70.24329313064159,-92.7995136039746,25.672706764819907,-133.55940650650604,3.5880925322834694,-45.4891198940955,164.98642948254337,112.81377980845016,143.16180103573225,118.35362808913752,-6.6916103877565165,-84.89842617659,-117.13547803607352,-10.80466477899398,105.46123176320953,70.80554461895288,73.55682196201946,-8.968001717648804,106.79393337969513,-89.77305807682023,-149.90185140510968,-66.15843358596261,-83.08696799587133,-85.11094024664078,146.59141961450283,191.1929116961105,77.98894993277932,-131.71155581222015,-131.59229481280474,-51.11550852086112,154.77014105413147,-58.75605375412734,-28.18697908756972,-48.23513767423715,95.12534220284073,-98.27776484725071,21.230507349709434,7.778992626825152,-102.8916345532887,2.944750974629199
-87.3433700195471,-18.988480906361147,86.98375984144165,26.06525517019892,23.97058396092379,117.65482609109677,-7.179999987060805,5.703823016701996,32.95564728142077,57.1339784852657,-86.07345289325966,-54.841530349532434,87.62249415062855,-132.1299870465078,-15.426468729068356,-32.01558897350995,53.30656667099448,70.32974335417188,-19.20672071562265,100.71621167001629,-2.925556174571994,34.3822186936269,-124.40814482443578,-85.13982901288544,-108.11530352007304,-89.4929089528591,5.289736712302812,64.1175114036844,88.68451735241099,8.11318601021445,-80.05425192054987,-53.57577775446388,-55.66006265843399,6.908637110166605,-80.53857280174982,67.68844899219943,113.72079003993339,49.42345400453398,62.867924702649525,64.5266869658206,-110.78310551120657,-144.8388464587711,-59.06023428053174,100.17841747626406,99.46915137903727,38.71464595678974,-117.32270541544783,44.49440264517861,21.310822541491834,36.62384979094092,-71.6356331002447,73.77598646424646,-16.09424680682761,-6.522980616729601,77.4038001629386,-2.543893702142787
-520.5118593832796,-112.2614357061644,524.3474966611205,154.54176320462807,142.19325136509718,708.1372442236806,-43.71143191142055,32.95564728142077,198.20142901980893,342.87555506808644,-515.812542014132,-328.0769890399657,524.5896900662749,-794.6560313460911,-94.12916818799775,-191.14306877988247,319.26927699583587,421.2044002243649,-115.43273735561235,605.4617783377505,-16.019403133443273,206.34731357493206,-747.4815438206668,-510.56072435632956,-649.131669956769,-536.5308859711934,30.7530520412274,385.1547437496518,531.205970412579,49.19231920843642,-478.7123076473805,-320.850918410365,-333.90120480329654,40.967865403627904,-484.35224711123846,406.6384635598954,680.2083914314833,299.34712584699287,377.3847757840412,386.4479365400576,-664.7056032045188,-867.4360188092053,-353.97224411765814,597.8649642859326,596.7319032986494,232.03266854585064,-701.7279679443451,266.9284750946104,127.65605493709245,219.11462141612793,-430.93765273100456,445.19026901812,-96.44625979313648,-36.69278970087115,466.3433547738226,-13.600143992749398
-900.8393160695483,-194.31863325821573,906.9754257254166,267.5039521984607,246.17004871557938,1224.9918561413626,-75.53044342907253,57.1339784852657,342.87555506808644,593.2466468369756,-892.4578911388319,-567.6438414009413,907.6436407188124,-1374.6570881827104,-162.73381952031494,-330.8097544091247,552.4969119081456,728.8165531422871,-199.58339158926222,1047.4247357298057,-27.770191043486967,357.0074453302295,-1293.0799382567088,-883.2128387833379,-1123.0259972567555,-928.249945054463,53.31091638274131,666.3524389281757,919.0910568319438,85.1044355105115,-828.3713931942634,-555.1080368412765,-577.7372177985633,70.95945017302734,-837.9174713302738,703.4453840968296,1177.0102551991024,517.6702355676708,652.9720169816732,668.6845702440224,-1149.999530558115,-1500.892628282993,-612.467224582025,1034.6039265948866,1032.4031877394225,401.4915516065156,-1214.1616138778377,461.87160306407736,220.8421842996642,379.16105419969506,-745.4490527837664,770.034671764137,-166.88619136319937,-63.78562085014989,806.6911894044392,-23.649948088737503
1356.6664636067126,293.32832511780924,-1364.6830092796888,-403.36621928003035,-370.67312520035046,-1844.1382187474885,113.726434712887,-86.07345289325966,-515.812542014132,-892.4578911388319,1344.1166752106967,855.0440319702859,-1367.6771684739517,2070.2309564869047,244.93361126823837,497.6025703734461,-831.345754753056,-1097.2169665626777,302.1526222887473,-1576.8334493011325,43.14471071017266,-537.424185134023,1947.5557193304094,1331.629053954725,1690.5510723698153,1397.9233634310835,-80.2145943240758,-1002.821800283004,-1384.2160412741043,-127.58375305939212,1247.5691719139097,836.4647506881931,869.7815969547769,-107.39316188343535,1260.528975762618,-1059.765595657881,-1773.122285787684,-779.1242669418003,-981.7980045247305,-1006.0351807287686,1731.4871550248718,2260.086370845338,921.8847267280311,-1558.1533221706572,-1554.1789931872856,-604.6472559879971,1829.2670070950471,-694.5322345866427,-332.5890846026254,-570.1802649495554,1122.343936107236,-1159.076005969189,250.92441305224585,94.96619207694401,-1214.1438087798272,36.09131900218372
863.278140272674,186.78730200193831,-867.8932819253205,-256.7662945443826,-235.88489329370398,-1172.830368436253,72.3637224529102,-54.841530349532434,-328.0769890399657,-567.6438414009413,855.0440319702859,544.0506632664487,-870.1259935587567,1316.7364945705951,155.64418491717282,316.57142904861956,-528.746158042595,-697.9726244098193,192.31834803003986,-1002.9156804198535,27.659763253087853,-341.8390758977103,1238.8288800564558,847.2483812954002,1075.3456729789034,889.3232604157363,-51.07289669448882,-637.8184497497393,-880.6167795309436,-81.06096774816237,793.6860219577309,532.1924823650721,553.1895170744353,-68.25665244894398,801.716025825368,-674.1203901110446,-1128.0321816299647,-495.3604176514153,-624.4348510843976,-639.9846778361658,1101.4231256931812,1437.7711440931378,586.4124667492456,-991.4767039273466,-988.6602366725651,-384.5794022041902,1163.9091074226485,-441.73520127675584,-211.63898597598,-362.74822881932704,713.8733896121232,-737.040639046039,159.61371401707635,60.489399792569024,-772.1145210250303,23.120550897789467
-1380.50135630463,-298.81530512947637,1387.977437150749,410.6977338876985,377.1666250438189,1876.0245777436405,-115.71320677228942,87.62249415062855,524.5896900662749,907.6436407188124,-1367.6771684739517,-870.1259935587567,1391.973134676578,-2106.395720443476,-249.10421704048437,-506.0714733503277,845.5631961544392,1116.2609104545895,-308.14235013284826,1604.131372277176,-44.52908061169327,546.7230184828073,-1981.6927144024173,-1355.6241547201423,-1719.8115886707687,-1422.4020894419366,81.60456386291654,1020.0410560828675,1408.4954986543362,129.53806041333146,-1269.4461040366034,-851.3342037289063,-884.8479165658971,109.47617372146996,-1281.962885409538,1078.462843947518,1804.418920978178,792.46567598148,998.277966268779,1023.2254485287417,-1761.6089042909252,-2299.5561208627037,-937.8048302529345,1585.5390686949165,1581.1190834556128,615.212548098088,-1861.6811363917275,706.2216007245638,338.4333708547,579.8210317339593,-1141.8311156430734,1179.0157771225445,-255.14261267116237,-96.19529781899148,1235.0046718644617,-36.97747850944345
2088.484395477788,451.2848670752795,-2102.886566749166,-620.7083906297662,-570.3852939011296,-2841.4183578860416,175.39012356413303,-132.1299870465078,-794.6560313460911,-1374.6570881827104,2070.2309564869047,1316.7364945705951,-2106.395720443476,3189.6259037643767,377.8573044726046,766.0937676036376,-1280.3356619752176,-1689.8165245029802,465.6365574669572,-2429.2894602705933,66.01925338115043,-827.8361839521739,3000.355204783008,2051.2320201348102,2604.168487782443,2153.1581501306973,-123.20221039092912,-1544.826165631076,-2131.8866124726637,-196.6658552805907,1921.1542568727057,1288.2872013452586,1339.7648986299591,-165.33366283039337,1941.9581517820604,-1632.657760049436,-2730.5779087351093,-1201.1232456838397,-1512.2549179373605,-1549.3110476065212,2667.1012016833215,3480.7836261383372,1419.8665918043987,-2398.963817936745,-2393.9190787525845,-931.3100930204839,2817.0069991749797,-1069.7324321564597,-512.2208687594004,-877.9726251618904,1729.2033502069369,-1786.2906566709448,386.4336083980395,145.303628081428,-1870.878258623595,55.03132289870491
246.57675452881372,53.09810579953269,-249.30641885849238,-73.13547181114154,-67.24726178778269,-336.7243252395412,20.828161205094144,-15.426468729068356,-94.12916818799775,-162.73381952031494,244.93361126823837,155.64418491717282,-249.10421704048437,377.8573044726046,45.013694558381985,90.52188609189167,-151.50436092770303,-199.89138359079135,55.09464037761153,-287.74424018676564,7.514691646894111,-97.9995716996268,355.277491631032,242.6666348155085,308.29557443264645,254.74414973187945,-14.428130007712026,-182.94391755775032,-252.1593119291581,-23.38962638912038,227.1298029092396,152.35067358625483,158.61357759408546,-19.546685392704354,230.04362642856776,-193.31762363816125,-322.85615675488083,-142.65943192407175,-179.04689187790308,-183.25224410908464,315.6720254508865,411.7199585901329,168.00441891601128,-283.3526804724823,-283.30950909252994,-110.22226549653965,332.9849113751292,-126.63090216884963,-60.55747308014411,-103.79668530678292,204.844377826063,-211.89022924577054,45.71856708023202,16.82376622469345,-221.79621729552133,6.215065005985894
502.6748770727899,108.4880961131553,-505.4239247831354,-149.32629701514549,-137.4544620503405,-682.6796602343979,42.03417685350331,-32.01558897350995,-191.14306877988247,-330.8097544091247,497.6025703734461,316.57142904861956,-506.0714733503277,766.0937676036376,90.52188609189167,184.60544276633726,-308.141386642136,-406.4395514114497,111.08880240477437,-583.8217847988951,15.558708547515764,-199.03947821448622,720.71752367486215,492.2734985380374,626.0839362387892,517.5480599922062,-29.85482546068392,-371.4864053830923,-512.4932232516602,-47.42986590552927,462.00772130819047,309.5008759303673,322.1039619389918,-39.554930900218075,467.1144653252142,-392.05416887345376,-656.3808276719502,-288.2648291368882,-364.1513938370827,-372.97702824539607,641.1462445473478,836.9566924415107,341.53740298154423,-577.2039439382294,-575.6247577101768,-223.849576847099,677.1040747883085,-257.5912875832263,-123.15081003573098,-211.5471742588132,415.4592534977215,-428.9967253155289,93.09314403008179,35.98612645217887,-449.5278379673923,13.36029093211112
-839.2928033598042,-181.12633360580577,844.4998338999395,249.31220907372858,229.41641049355468,1140.872076938159,-70.24329313064159,53.30656667099448,319.26927699583587,552.4969119081456,-831.345754753056,-528.746158042595,845.5631961544392,-1280.3356619752176,-151.50436092770303,-308.141386642136,514.686734343779,678.8932850331089,-185.98162689891217,975.5144446732309,-26.046856881162345,332.51998062765335,-1204.3640902670938,-822.7394983365284,-1045.9215685009544,-864.5921471798642,49.734339251429184,620.6059636072156,856.1248887026927,79.21558570768514,-771.7254559477442,-517.100082311831,-538.1921149027855,66.29152983084927,-780.2593480063258,655.2199969691238,1096.5702210883103,481.98331422229495,608.0687955463029,622.7744885348037,-1071.111687498212,-1398.0945105511112,-570.4802321030488,963.8169915464082,961.5347037251845,374.04983512429453,-1131.053845445851,430.1371881762593,205.6590083063705,353.0922436787674,-694.219526247323,717.0830129668632,-155.40924199699322,-59.51586016993233,751.247583492854,-22.160915596684767
-1107.6596739079844,-239.32614253628728,1114.2257216003366,329.21909727064866,302.69942302334806,1505.4590774384837,-92.7995136039746,70.32974335417188,421.2044002243649,728.8165531422871,-1097.2169665626777,-697.9726244098193,1116.2609104545895,-1689.8165245029802,-199.89138359079135,-406.4395514114497,678.8932850331089,895.8263718647742,-246.13191492757068,1287.2844562188454,-34.89130958911825,438.7687687864559,-1589.6677882613171,-1086.54148246925,-1380.1970641627593,-1141.1533838104358,65.5630666114921,818.8000515461541,1129.9672131273223,104.30191099952631,-1018.4765440400511,-682.6906177813064,-710.1025705014708,87.53415355398616,-1029.3344952338048,864.9353513785634,1447.3582670069436,635.9833349253691,801.9303923508103,821.5852591534773,-1413.5406688937128,-1845.0862568261362,-752.7139986184162,1272.0974930701277,1268.8737653515534,493.5921656022611,-1493.1243794625404,567.2808779514305,271.5012574894962,465.73829040857566,-916.1940068719208,946.1904264902162,-204.96475243116976,-78.01902084294399,991.222582311187,-29.411224731018862
304.5257622783902,66.48438402355363,-305.8245400770739,-90.9886983996819,-83.03066869507687,-414.0817701417774,25.672706764819907,-19.20672071562265,-115.43273735561235,-199.58339158926222,302.1526222887473,192.31834803003986,-308.14235013284826,465.6365574669572,55.09464037761153,111.08880240477437,-185.98162689891217,-246.13191492757068,69.69751122255946,-353.9946323321329,10.948596860944546,-120.57056454178864,438.17628564722867,301.0152905671763,379.3419932065311,314.218981123281,-17.807518401679193,-224.72433971249487,-311.14908572927976,-28.09927523080626,280.269618408697,188.49814500518303,195.15764642882996,-24.571111014324774,282.0563396500813,-238.72534166526808,-398.8767458423504,-174.99183007778456,-219.02403180459027,-224.99943222107083,388.81969562615444,507.5849307435788,206.6518917096635,-349.94350103537056,-348.7409030109072,-135.85377504021366,411.79304938734623,-154.9858574766238,-74.77986318588064,-127.21845493343422,252.15745972545201,-260.2350838447355,55.95910955882502,19.80164864584851,-272.3872791374707,8.413233825011757
-1590.9787375429255,-343.56674346804186,1602.0306342250085,472.69563443258954,434.5807488401521,2164.334988069942,-133.55940650650604,100.71621167001629,605.4617783377505,1047.4247357298057,-1576.8334493011325,-1002.9156804198535,1604.131372277176,-2429.2894602705933,-287.74424018676564,-583.8217847988951,975.5144446732309,1287.2844562188454,-353.9946323321329,1850.463108758265,-49.84870895773282,630.623779849799,-2285.119765036854,-1561.7522569016298,-1983.7756753495385,-1640.0286833196242,93.93659941780076,1176.8974763769402,1623.8225345703786,149.9959157819158,-1463.3697163941101,-981.0936212669721,-1020.5682698643184,125.73243697226026,-1479.6136632673874,1243.3456796873247,2079.7034876726107,914.852891654938,1152.4719883921848,1180.5253516408122,-2031.6089473956863,-2651.409715539736,-1081.6918995607964,1827.425176979699,1823.631386858452,709.3573839842379,-2145.473601222819,815.2123662652589,390.1608533566053,669.1166520353139,-1317.1213555896697,1360.6161688068132,-294.51063372556365,-111.29674631805067,1425.1447057409548,-41.83879429094653
43.857937590437544,10.160647849258588,-42.43022234262909,-13.546765842375777,-11.996275245028043,-58.16722613576566,3.5880925322834694,-2.925556174571994,-16.019403133443273,-27.770191043486967,43.14471071017266,27.659763253087853,-44.52908061169327,66.01925338115043,7.514691646894111,15.558708547515764,-26.046856881162345,-34.89130958911825,10.948596860944546,-49.84870895773282,2.64801459315358,-17.005321832213554,62.3715612382719,43.919010375297084,53.49103880473756,44.80871161596133,-2.613625779134778,-31.463250624345797,-44.479520280694295,-3.5355178141362225,40.13642244350694,27.24584888651455,27.563621855136144,-3.8477174879545624,39.122728962904354,-34.166527692034144,-57.405178844969086,-24.20020770834336,-30.128572748730356,-31.494239000270923,55.09897898396786,72.31552347925215,29.148378151506034,-50.32822284102901,-49.284722309816814,-19.345295138090894,59.457048411877196,-21.382269484372753,-10.705717402566622,-17.67786049324486,35.5652267861662,-36.289503863700624,7.7238053524753285,2.421767218225616,-38.01837554493169,1.7435618424037769
-542.3821136302901,-117.13905366604622,545.921975341484,161.1631363504623,148.18660042668762,737.5508288541562,-45.4891198940955,34.3822186936269,206.34731357493206,357.0074453302295,-537.424185134023,-341.8390758977103,546.7230184828073,-827.8361839521739,-97.9995716996268,-199.03947821448622,332.51998062765335,438.7687687864559,-120.57056454178864,630.623779849799,-17.005321832213554,214.9288121316926,-778.7328061725251,-532.2085941740272,-676.0962672492427,-558.9553814371883,32.06299085661952,401.1047595387861,553.4508955899254,51.120316239588526,-498.8017208641864,-334.37309998032674,-347.83377687358114,42.852968672712784,-504.2686631133547,423.70381047141325,708.8565276774561,311.68022277152915,392.8282442366507,402.406241178707,-692.4055564073676,-903.7068687102108,-368.687781672663,622.9470594445927,621.5373076388513,241.76746766140653,-731.2660371600249,277.8757442927269,132.97896369716486,228.10301648725329,-448.8460866951169,463.6174058055341,-100.39360171262041,-38.08869668887374,485.6430649206477,-14.316185010484707
1965.0116322465522,424.76441491176956,-1977.944836523925,-584.1299849501579,-536.6963704086527,-2672.6865057308387,164.98642948254337,-124.40814482443578,-747.4815438206668,-1293.0799382567088,1947.5557193304094,1238.8288800564558,-1981.6927144024173,3000.355204783008,355.277491631032,720.71752367486215,-1204.3640902670938,-1589.6677882613171,438.17628564722867,-2285.119765036854,62.3715612382719,-778.7328061725251,2822.4364131506904,1929.8396956251734,2449.720695942564,2025.59551241408,-115.96461009399438,-1453.13695462936,-2005.6141830696135,-184.8939775150525,1807.3912740495487,1212.0357627755752,1260.2651898735342,-155.52637642784157,1826.6525766248078,-1535.8625368845921,-2568.8947212609364,-1129.6170814471989,-1422.4637061300937,-1457.475469142468,2508.9779634521674,3274.5593553358585,1335.6814624308581,-2257.0982108497874,-2252.004050434381,-876.0762455953227,2650.3337540091215,-1006.2280399922789,-481.91940805092804,-825.9506764037077,1626.5967163502016,-1680.09099372195,363.51154598358517,136.7891071661881,-1759.7129453422876,51.96625206368045
1343.6755309862542,291.1338727179706,-1351.1649096561882,-399.9226538390653,-366.9460024284405,-1826.5485062967357,112.81377980845016,-85.13982901288544,-510.56072435632956,-883.2128387833379,1331.629053954725,847.2483812954002,-1355.6241547201423,2051.2320201348102,242.6666348155085,492.2734985380374,-822.7394983365284,-1086.54148246925,301.0152905671763,-1561.7522569016298,43.919010375297084,-532.2085941740272,1929.8396956251734,1320.8615566332608,1674.2452067990873,1384.9556430325554,-79.24937384617388,-992.8481275108596,-1371.3691910956984,-125.84475774468285,1235.8036941639375,829.1520920479562,861.3187462494362,-106.71490071060484,1247.6424036730446,-1050.3881438749304,-1756.88880978587,-771.7381305852605,-971.1305756302813,-995.6529506087112,1715.0485908100577,2238.666797646802,912.779128524532,-1543.4409429745294,-1539.2018121083343,-598.9301443740328,1812.87849241808,-687.0218092766578,-329.55383464930577,-564.0354009924196,1111.8165552824696,-1147.990423151998,248.18829824103298,92.6310537622825,-1202.3420978759405,36.04338224570771
1706.0876347233789,368.47326481494565,-1717.3967278620469,-506.93691866782586,-466.08719396154885,-2320.139545018127,143.16180103573225,-108.11530352007304,-649.131669956769,-1123.0259972567555,1690.5510723698153,1075.3456729789034,-1719.8115886707687,2604.168487782443,308.29557443264645,626.0839362387892,-1045.9215685009544,-1380.1970641627593,379.3419932065311,-1983.7756753495385,53.49103880473756,-676.0962672492427,2449.720695942564,1674.2452067990873,2126.828133152106,1758.3366761265975,-100.81544629886262,-1261.7474968791048,-1740.990059112653,-160.7960478032316,1569.0168638234234,1051.8556746423071,1094.122050231939,-134.71187863275983,1586.3171319705586,-1332.874351445265,-2229.7604506780385,-980.5179903457921,-1235.702203817818,-1265.8397700716234,2178.1167037784458,2842.7447788204418,1159.7558786058803,-1959.5694873472714,-1955.2007580361105,-760.477890833978,2300.3567766203014,-874.0896479167794,-418.3484301310648,-717.5470596252184,1411.9919759056284,-1458.439779605052,315.8065069332876,119.69729036667293,-1527.710403688946,45.00315194961037
1410.9651247162546,305.04800215544446,-1419.4846322606072,-419.48042212015383,-385.47558859759033,-1918.0288401928747,118.35362808913752,-89.4929089528591,-536.5308859711934,-928.249945054463,1397.9233634310835,889.3232604157363,-1422.4020894419366,2153.1581501306973,254.74414973187945,517.5480599922062,-864.5921471798642,-1141.1533838104358,314.218981123281,-1640.0286833196242,44.80871161596133,-558.9553814371883,2025.59551241408,1384.9556430325554,1758.3366761265975,1453.9568369028466,-83.39551127857789,-1043.0136059334639,-1439.6647158368137,-132.7070614672093,1297.4818502426124,869.9660294730197,904.5628633240082,-111.55332196588337,1311.1327618488313,-1102.2080998149652,-1844.0259467224892,-810.3860292869297,-1021.2008071969764,-1046.3969910832798,1800.8796360757847,2350.5920243215187,958.8151967218889,-1620.573051309294,-1616.5046634050882,-628.8048332238974,1902.5360255988226,-722.3901946558678,-345.958806920674,-593.0902333208984,1167.361293630894,-1205.5336238693606,261.0017971832032,98.74641140898413,-1262.809312748285,37.497985275334685
-81.33270924892363,-17.617303389622744,81.18619534198783,24.224655265318543,22.31707331438316,109.76133071595267,-6.6916103877565165,5.289736712302812,30.7530520412274,53.31091638274131,-80.2145943240758,-51.07289669448882,81.60456386291654,-123.20221039092912,-14.428130007712026,-29.85482546068392,49.734339251429184,65.5630666114921,-17.807518401679193,93.93659941780076,-2.613625779134778,32.06299085661952,-115.96461009399438,-79.24937384617388,-100.81544629886262,-83.39551127857789,4.9188383451995445,59.8166381727636,82.63312372383564,7.611956850019968,-74.5885435778239,-49.89019087146616,-51.91293144189205,6.426695967463532,-75.16251110498065,63.079693750190316,105.93663097640454,46.15694796422847,58.691481894939066,60.17878440509818,-103.2779004002168,-134.98501008824044,-55.071955528783235,93.2893593546705,92.73547483449403,36.09435933838078,-109.24861094475686,41.533706904574196,19.84605265491544,34.16019158703567,-66.8035378300403,68.86209546681697,-15.019304084761561,-6.099928918096141,72.23700054367147,-2.3065279277789084
-1011.9970208960325,-218.41820466982088,1018.9777404236308,300.5958687950879,276.4863498302986,1376.4796385196385,-84.89842617659,64.1175114036844,385.1547437496518,666.3524389281757,-1002.821800283004,-637.8184497497393,1020.0410560828675,-1544.826165631076,-182.94391755775032,-371.4864053830923,620.6059636072156,818.8000515461541,-224.72433971249487,1176.8974763769402,-31.463250624345797,401.1047595387861,-1453.13695462936,-992.8481275108596,-1261.7474968791048,-1043.0136059334639,59.8166381727636,748.6075019314156,1032.7168788455842,95.50782916224479,-930.7297668396727,-623.8502525181425,-649.1248136534915,79.87624317710468,-941.2401508871294,790.5956244682181,1322.6033999743343,581.7696504039867,733.2995577867562,751.0466010895339,-1292.1173578050425,-1686.3434638663277,-688.0556851020642,1162.3314601166176,1159.9038484128105,451.14545887972173,-1364.368499417782,518.700570747272,248.13018123521104,425.76417275925024,-837.6401380414611,865.302721746946,-187.40103399547496,-71.19235896018972,906.4078193848349,-26.58537698770152
-1397.2763687167233,-302.14760938132673,1405.3442892664002,415.4652635525738,381.77813780740655,1899.0393556417764,-117.13547803607352,88.68451735241099,531.205970412579,919.0910568319438,-1384.2160412741043,-880.6167795309436,1408.4954986543362,-2131.8866124726637,-252.1593119291581,-512.4932232516602,856.1248887026927,1129.9672131273223,-311.14908572927976,1623.8225345703786,-44.479520280694295,553.4508955899254,-2005.6141830696135,-1371.3691910956984,-1740.990059112653,-1439.6647158368137,82.63312372383564,1032.7168788455842,1425.5489959687511,131.36543059521694,-1284.8191540284213,-861.4459660149537,-895.6835543047085,110.53068370679922,-1298.1300014759088,1091.348556803816,1826.0371276581009,802.254112624186,1011.1053976136268,1036.1081855496784,-1783.1499877310212,-2327.555418887865,-949.396707075767,1604.7902494717705,1600.5794007039456,622.6520963384497,-1883.9422362765897,715.2625817379296,342.55142371442884,587.2556032630451,-1155.8012650380913,1193.5345531343025,-258.42754832474105,-97.89050033360657,1250.2749341717506,-37.22929445267073
-128.66741089035082,-27.51805349736198,130.11259762125042,38.03405715322158,35.161785441988506,175.47659342703074,-10.80466477899398,8.11318601021445,49.19231920843642,85.1044355105115,-127.58375305939212,-81.06096774816237,129.53806041333146,-196.6658552805907,-23.38962638912038,-47.42986590552927,79.21558570768514,104.30191099952631,-28.09927523080626,149.9959157819158,-3.5355178141362225,51.120316239588526,-184.8939775150525,-125.84475774468285,-160.7960478032316,-132.7070614672093,7.611956850019968,95.50782916224479,131.36543059521694,12.36143644866875,-118.39397573020757,-79.21315451433124,-82.7266001853919,10.033375081707778,-120.23035054194393,100.50897483357369,168.1044000825284,74.28168635148916,93.81442341709327,95.85398338805618,-164.5547278993366,-214.6372000769803,-87.70731818100202,147.77789582123233,147.77916981309085,57.429405676795916,-173.3005803562488,66.33743343243133,31.547862813112975,54.40384865246266,-106.71422291674506,110.39977492028034,-23.9666390164889,-9.33789349200872,115.65146075295002,-3.1791293064647164
1259.6119115295282,272.40531861988103,-1266.3456865251421,-374.5738091621063,-344.2520402832611,-1711.3307269190566,105.46123176320953,-80.05425192054987,-478.7123076473805,-828.3713931942634,1247.5691719139097,793.6860219577309,-1269.4461040366034,1921.1542568727057,227.1298029092396,462.00772130819047,-771.7254559477442,-1018.4765440400511,280.269618408697,-1463.3697163941101,40.13642244350694,-498.8017208641864,1807.3912740495487,1235.8036941639375,1569.0168638234234,1297.4818502426124,-74.5885435778239,-930.7297668396727,-1284.8191540284213,-118.39397573020757,1158.0989621026697,776.3706073071719,807.2933040736178,-99.70532222130734,1169.8712495345512,-983.479689984477,-1645.8990199398281,-722.7784517949816,-911.3251562725025,-933.8884374814887,1607.0432621638367,2097.847413244989,855.7056672206455,-1446.5598064449266,-1442.5082536854316,-561.2199264892812,1697.9901478152428,-644.6963173800502,-308.7020368950917,-529.3401869086854,1041.530429680417,-1075.4639417585213,232.93457824387548,88.56304728540263,-1126.6662923868564,33.67966081747742
844.2959330369915,182.76351764349673,-848.9234823935557,-251.17838930119277,-230.65080715586322,-1147.3777455608838,70.80554461895288,-53.57577775446388,-320.850918410365,-555.1080368412765,836.4647506881931,532.1924823650721,-851.3342037289063,1288.2872013452586,152.35067358625483,309.5008759303673,-517.100082311831,-682.6906177813064,188.49814500518303,-981.0936212669721,27.24584888651455,-334.37309998032674,1212.0357627755752,829.1520920479562,1051.8556746423071,869.9660294730197,-49.89019087146616,-623.8502525181425,-861.4459660149537,-79.21315451433124,776.3706073071719,520.6940601232546,541.1394839753116,-66.90522225603777,784.0649231452304,-659.6037330568291,-1103.5496431794825,-484.6899746569435,-610.5359473017163,-625.8063833098738,1077.4133225005912,1406.398251494344,573.550844476901,-969.7240142039133,-967.03469329279,-376.2369980653459,1138.634622527265,-431.9117111376714,-207.01034898319875,-354.6263896145921,698.3713538248699,-721.0905429301333,156.0455798508029,58.78101780597424,-755.3290293120356,22.61060705398333
877.7934912043804,189.58751415031915,-883.4039084253023,-260.8470507598904,-239.85205943999617,-1193.635669998953,73.55682196201946,-55.66006265843399,-333.90120480329654,-577.7372177985633,869.7815969547769,553.1895170744353,-884.8479165658971,1339.7648986299591,158.61357759408546,322.1039619389918,-538.1921149027855,-710.1025705014708,195.15764642882996,-1020.5682698643184,27.563621855136144,-347.83377687358114,1260.2651898735342,861.3187462494362,1094.122050231939,904.5628633240082,-51.91293144189205,-649.1248136534915,-895.6835543047085,-82.7266001853919,807.2933040736178,541.1394839753116,562.982347120619,-69.47820240316697,816.007523160208,-685.722613770589,-1147.292318410103,-504.3904621087588,-635.6819501136757,-651.1846505049807,1120.5426300246293,1462.5517524496768,596.6725212003893,-1008.1338622549083,-1005.818102476056,-391.327338818453,1183.4491489076033,-449.67709559404943,-215.16450502957974,-369.0900051858362,726.3560117096458,-750.302766484887,162.45097909932812,61.65012296827233,-785.9426142119511,23.19050859828792
-108.35437686253587,-23.613209751729876,108.4868634904232,32.37590194673101,29.635505709029385,147.08340483445824,-8.968001717648804,6.908637110166605,40.967865403627904,70.95945017302734,-107.39316188343535,-68.25665244894398,109.47617372146996,-165.33366283039337,-19.546685392704354,-39.554930900218075,66.29152983084927,87.53415355398616,-24.571111014324774,125.73243697226026,-3.8477174879545624,42.852968672712784,-155.52637642784157,-106.71490071060484,-134.71187863275983,-111.55332196588337,6.426695967463532,79.87624317710468,110.53068370679922,10.033375081707778,-99.70532222130734,-66.90522225603777,-69.47820240316697,8.926735619546395,-100.15636715187779,84.7344859003253,141.88509459600954,62.049300145791776,77.89569205607063,79.97656776428153,-138.1039433031365,-180.42680855418274,-73.48462601943851,124.37557809040702,123.83629327077749,48.38006770266163,-146.2241122177682,55.14474639381225,26.477706488217898,45.20396574762311,-89.46450792631546,92.39737564177706,-19.89382253970154,-7.323323270707853,96.74960433579007,-3.0365176006177137
1272.000971805925,274.3200228810938,-1281.373972374462,-377.6526116172917,-347.49649025360446,-1730.5439204468485,106.79393337969513,-80.53857280174982,-484.35224711123846,-837.9174713302738,1260.528975762618,801.716025825368,-1281.962885409538,1941.9581517820604,230.04362642856776,467.1144653252142,-780.2593480063258,-1029.3344952338048,282.0563396500813,-1479.6136632673874,39.122728962904354,-504.2686631133547,1826.6525766248078,1247.6424036730446,1586.3171319705586,1311.1327618488313,-75.16251110498065,-941.2401508871294,-1298.1300014759088,-120.23035054194393,1169.8712495345512,784.0649231452304,816.007523160208,-100.15636715187779,1183.6430878697104,-993.7200000083931,-1662.2847714608984,-731.5429840873229,-922.2565890358496,-944.3856582806949,1624.37732559165,2119.811591518513,865.0337801661684,-1461.0123245552036,-1458.257068544111,-567.0564805377189,1714.8172714202922,-652.3256501796393,-311.93862674596033,-535.4551260621057,1053.0985436783394,-1087.959819960618,235.69256728556343,89.69759539778237,-1139.6522928225456,33.22658582094908
-1069.2143674481872,-231.24004584434417,1076.0873407560277,317.9251497462554,292.0149606484855,1454.2332651733923,-89.77305807682023,67.68844899219943,406.6384635598954,703.4453840968296,-1059.765595657881,-674.1203901110446,1078.462843947518,-1632.657760049436,-193.31762363816125,-392.05416887345376,655.2199969691238,864.9353513785634,-238.72534166526808,1243.3456796873247,-34.166527692034144,423.70381047141325,-1535.8625368845921,-1050.3881438749304,-1332.874351445265,-1102.2080998149652,63.079693750190316,790.5956244682181,1091.348556803816,100.50897483357369,-983.479689984477,-659.6037330568291,-685.722613770589,84.7344859003253,-993.7200000083931,835.8107908536754,1397.9411881059677,614.6197148202677,773.7367553008008,792.8822358343255,-1365.1739988852776,-1781.7768351884897,-726.7126509747918,1228.1581159929854,1225.2995310175802,476.71806994265097,-1442.276903955289,547.3413982525125,262.22712931945097,449.27091298522697,-885.060440616464,914.1378200666728,-197.72542377112129,-74.20579158865286,957.4308665049222,-28.34601552472096
-1790.0468649022407,-387.29499920065774,1799.5223996278924,532.4374783869318,489.16952656469607,2432.147790951755,-149.90185140510968,113.72079003993339,680.2083914314833,1177.0102551991024,-1773.122285787684,-1128.0321816299647,1804.418920978178,-2730.5779087351093,-322.85615675488083,-656.3808276719502,1096.5702210883103,1447.3582670069436,-398.8767458423504,2079.7034876726107,-57.405178844969086,708.8565276774561,-2568.8947212609364,-1756.88880978587,-2229.7604506780385,-1844.0259467224892,105.93663097640454,1322.6033999743343,1826.0371276581009,168.1044000825284,-1645.8990199398281,-1103.5496431794825,-1147.292318410103,141.88509459600954,-1662.2847714608984,1397.9411881059677,2339.342904277205,1027.250819696851,1294.7083520814474,1326.916692949112,-2283.8915524296676,-2981.425862277198,-1216.000156839869,2055.7706911440655,2049.961867553044,797.6420005018794,-2413.410264851626,915.9293806409455,438.7250159793584,752.0053959655785,-1480.2429902778517,1528.464274646273,-330.91500232131887,-125.37439510134345,1601.1552279974226,-47.93562563179448
