V1,V2,V3,V4,V5,V6,V7,V8,V9,V10,V11,V12,V13,V14,V15,V16,V17,V18,V19,V20,V21,V22,V23,V24,V25,V26,V27,V28,V29,V30,V31,V32,V33,V34,V35,V36,V37,V38,V39,V40,V41,V42,V43,V44,V45,V46,V47,V48,V49,V50,V51,V52,V53,V54,V55,V56
2.229955360525459,0.26275965651349087,-2.6929299142342935,1.8374019857060935,-1.2504484356665826,-0.7374582359582662,-3.809933973489055,0.28923540652836977,-0.037430586882514064,-1.6994797707734668,2.1327513338349564,0.15339807097644734,0.9457196231116192,-2.3363419474076745,1.4280038734922529,-0.21593406455757716,-1.0891547158160708,-0.3334182748392335,-1.7378363562378425,-1.7049657242735445,-0.7135900548118944,0.17334618431732735,-0.19742845183995722,1.3839578355780475,-1.3973423815984045,0.8095866610210117,-0.9651098094176626,-0.5861732829851594,-0.8123345459424434,-2.335605120567785,-0.9236594673726328,-0.06645604306356097,1.4952974748198187,-1.3291328919751624,-1.4325907175006056,-0.8767098296786289,1.4463780279287437,1.444619049405421,3.0180971556795515,-3.015764814145077,-0.8571066175803429,0.9014789583707672,-1.4004775411040815,-0.5075847358749181,0.5243348935524665,0.48742804196411565,2.1259012980106182,0.3934317493139854,-1.3289747634535491,-0.948315369188942,0.40547736475780694,1.3450980199267695,0.7215797250885418,0.8300445720938859,-0.5809930521510239,-1.2698113193485931
0.26275965651349087,0.053868028609943885,-0.26503088247214646,0.06927559703087058,-0.06170446252994473,0.03300151186390913,-0.5802163584092739,0.382368814642459,-0.07407222185364813,-0.12803787677869707,0.25643926088644514,0.011850954224076076,0.1670379179953109,-0.3366134414466133,0.18178037149139772,-0.013113831853238632,-0.06451317752652667,-0.19164643806180112,-0.15595430290247417,-0.0023306429139542204,0.19414458575299273,-0.09374557519130908,-0.180699825285899,-0.0746834833698366,-0.1644762138862024,0.0925279475813018,-0.1544559249763469,0.012916866661865561,-0.23869209045850498,-0.21872619899185788,0.06934330958194385,0.20941517768744589,0.16371021046418838,-0.1691018832785268,0.0038117207588680858,-0.045424786146622084,0.011260279393195287,0.19631404936239313,0.20612313758858108,-0.48727242880695965,-0.05605622209691928,0.32909154220022063,-0.37298928813707566,-0.29093282422681815,0.11753062436357667,-0.051368230995693306,0.11453110556507351,0.11514097130789787,-0.20805019440261208,-0.21980535797794612,0.1360655794740558,0.20118517584636036,0.16003257352731706,0.12543905483537807,0.12771177055064636,-0.15514007787876985
-2.6929299142342935,-0.26503088247214646,3.3713536608328343,-2.554911051934818,1.705522251822464,1.1642208658784226,4.301292554729211,0.44564679370457394,-0.11379431207498472,2.217142369022178,-2.563828366574477,-0.19945214412961373,-1.0151600141276167,2.6814515853359127,-1.6936311917243265,0.28890755399989865,1.4609525269137984,0.054896635790189184,2.2100614464331008,2.51215718983479,1.49677109967955,-0.46992023386402726,-0.1209152351809096,-2.213948272731862,1.6878529628143482,-0.98421361077716,1.0725078530148677,0.8949988603374937,0.6546659206825862,2.949429723288997,1.522103723773944,0.5760955290972524,-1.83423717612101,1.5765800995701926,2.123999443981445,1.1908331755100021,-2.1099568213122053,-1.684992798677539,-3.985932289159699,3.3407929536928695,1.1376227922793836,-0.5799649375210026,1.2165717784924137,0.08545164422362203,-0.5059574838437174,-0.8369575393190244,-2.877605364543932,-0.31812581038494475,1.4874510440980506,0.8985562104352928,-0.2881535242702387,-1.5269266199527112,-0.7001938961548433,-0.9393044803243559,1.1493578279166101,1.5208550356311894
1.8374019857060935,0.06927559703087058,-2.554911051934818,2.460245242530502,-1.5807517989563682,-1.3782645913930067,-2.2954302074228,-2.000253182249718,0.416900200839337,-1.8644609222835522,1.7243154322514473,0.16639976726117958,0.42186366977684553,-1.5309468239711819,1.0897501028911554,-0.25717156835183747,-1.3076435334003687,0.7045435525460813,-1.7456853819174034,-2.6811028260938397,-2.376246817188377,0.8766515222694192,0.849227781567732,2.6684871485227952,-1.1524851794353788,0.6854975849478249,-0.5333946813125238,-1.0099441918677325,0.2496075223799297,-2.2874865243578455,-1.9062885537172303,-1.4510760643239904,1.3123055983391256,-1.014893554587613,-2.2898716714301015,-1.0943899148032354,2.2148004263375634,1.022610714574696,3.4477236524929222,-1.6369856947311616,-0.995059086962347,-0.6896725470450502,0.18274711296963422,1.0672822820105299,0.07372437363700837,1.1009383582011851,2.6255794571290036,-0.11791526884085617,-0.7643086152717316,-0.0868124315252271,-0.23335743996137784,0.8339284387304399,0.11245426287444835,0.506316103648944,-1.73958130057775,-1.0108254864973119
-1.2504484356665826,-0.06170446252994473,1.705522251822464,-1.5807517989563682,1.0213556894739715,0.8617783886419522,1.6456012887628646,1.1399165253893293,-0.23944777541240456,1.222965935839034,-1.1767496230578598,-0.1092878614535605,-0.3224392989985782,1.0808613930833102,-0.7502224778921801,0.1671821058606168,0.8493556469923101,-0.38264411422284955,1.1570031696852663,1.6984273400712222,1.440327551914031,-0.5240436809787514,-0.4778822779290954,-1.6649342395750186,0.7842153564032905,-0.46469472382615923,0.3888931494469315,0.6352118419672732,-0.07900175860791323,1.5208562212509238,1.1840839490213997,0.8494588651548494,-0.8851586334146667,0.6986250872594212,1.4486681321189743,0.7080033897545452,-1.4061249616680835,-0.712523474894463,-2.2513363708158494,1.1978984269208206,0.6486286778133996,0.32770998811938923,0.007809295881070075,-0.5794469776744826,-0.08560448018708859,-0.6800947755064244,-1.700427831722482,0.036531826292970054,0.5528551197075064,0.1277621972294145,0.10269932497285697,-0.5946643766342999,-0.12420337460031693,-0.3621374692881662,1.059196000600102,0.6914255409834363
-0.7374582359582662,0.03300151186390913,1.1642208658784226,-1.3782645913930067,0.8617783886419522,0.8714511154465948,0.5727924627887866,1.7273596221560197,-0.35224608654460504,0.9400150032993743,-0.6784431199354523,-0.08330846633914178,-0.021721648483967338,0.4516888897876053,-0.40150223575475885,0.13594858096883758,0.6942573719182887,-0.6872166383357022,0.8302356946019593,1.6031916388051153,1.6922932798709045,-0.6549230415974732,-0.7587646461954721,-1.702156855320994,0.4630257112710278,-0.28274126687046575,0.1059499217793856,0.62298656208713,-0.4797089756565948,1.0680380322828327,1.2380898922875927,1.1590882261031534,-0.5598430583127748,0.3741876359330137,1.3772762060457875,0.5928864292046803,-1.3114491053034507,-0.3411723168216085,-1.78064026704283,0.30683528114709285,0.518666102643201,0.8684174253815181,-0.6254053224048376,-1.0418867921546082,0.11839300918978088,-0.7306920286184144,-1.4147307686781736,0.2299110236536431,0.17017441536025757,-0.25201529443963355,0.3280219494772412,-0.22138344769854645,0.15397533947464526,-0.12986056372701602,1.2189388674485955,0.39106204503043007
-3.809933973489055,-0.5802163584092739,4.301292554729211,-2.2954302074228,1.6456012887628646,0.5727924627887866,7.261804370819316,-2.490318449251508,0.4632058930363304,2.4897158123084155,-3.6732795350750798,-0.22641132524931368,-1.9344593199010351,4.343132518662236,-2.517245419886034,0.29826109661512035,1.4950516217017062,1.4428742756447381,2.689344023942751,1.7749133343373626,-0.37543208953166896,0.3581872633694061,1.2396318391762629,-1.001857317753455,2.3863899908507875,-1.3667668708271639,1.8823815112193443,0.5315983337504547,2.207321092641887,3.666719816752777,0.5568874038263295,-1.1315665295201032,-2.4832067688911192,2.3424281297119927,1.4582945804259906,1.1661535821974376,-1.5589221771949036,-2.6177092946535603,-4.2996325161404565,5.90858319611691,1.2068318846731927,-2.81753332731748,3.5846870018234926,2.1918651494746046,-1.2153456603948911,-0.20919782175921306,-2.85287886386843,-1.0664019180256787,2.5654902573398592,2.239569280603408,-1.1987731279284481,-2.5428030357713225,-1.6627302455727178,-1.5765284025277246,-0.13168130611299872,2.201117596405719
0.28923540652836977,0.382368814642459,0.44564679370457394,-2.000253182249718,1.1399165253893293,1.7273596221560197,-2.490318449251508,5.33313587823338,-1.0640435481031145,0.8775774869159277,0.3546791342383623,-0.07474117864397424,0.9680785757649704,-1.2353594926298188,0.390727755629282,0.15946740047061053,0.8291574446467178,-2.3598256027386646,0.516859870215245,2.798040806432537,4.137829182844535,-1.7134596574888243,-2.4193856551458905,-3.435537557820701,-0.17857792317732896,0.06141446947255502,-0.7445482765149711,1.1705569065730324,-2.27923376462493,0.5558609895761675,2.5893730807100557,3.294545416726411,0.004141581013620527,-0.3622680699615153,2.4387727691051273,0.7663295536370494,-2.232520088305691,0.5840953613249906,-1.881718006495343,-2.3969584440751333,0.5721032545612931,3.5055834127311734,-3.3437528973430264,-3.580002545909827,0.9156318693279564,-1.5910957909593229,-1.7916133819256388,1.0968457697222729,-0.9547288487263864,-1.7660803140891574,1.3949799567426933,0.8235531083713968,1.2340623806057924,0.5278203284917057,2.9073727089752834,-0.2485682145278431
-0.037430586882514064,-0.07407222185364813,-0.11379431207498472,0.416900200839337,-0.23944777541240456,-0.35224608654460504,0.4632058930363304,-1.0640435481031145,0.21247900611673937,-0.19108854332576602,-0.051410297259756044,0.016353837467253045,-0.18496740327303235,0.22569278123969921,-0.065073909750392,-0.033872732998497565,-0.17581519885774843,0.4689406586359049,-0.11929181974013811,-0.5752549670442382,-0.8341506865771613,0.34430015229225414,0.48209861692203476,0.6998225166594331,0.02292204622373882,-0.004870230266124995,0.14008106491584915,-0.23949332589079717,0.44843588104859994,-0.1325664831624413,-0.5263642667943546,-0.6595578270557549,0.012864178205386803,0.06028700594798614,-0.5009026255987236,-0.16130343448592974,0.45977582460909056,-0.10359761107127757,0.4040036934638531,0.4518051382501835,-0.1222763303430366,-0.6929043492904556,0.6559668727706637,0.7113961031110261,-0.1783361617328051,0.322702052035193,0.3778117239111146,-0.2157798907082737,0.17878776940908986,0.3445537761409261,-0.2753000258546377,-0.15240339727755828,-0.24021996353433892,-0.09796976896738763,-0.5868301227902358,0.038088807343207534
-1.6994797707734668,-0.12803787677869707,2.217142369022178,-1.8644609222835522,1.222965935839034,0.9400150032993743,2.4897158123084155,0.8775774869159277,-0.19108854332576602,1.5228607966375838,-1.6092158408343114,-0.13652919786929163,-0.5454555568850824,1.5872477195913246,-1.0456906756937858,0.20343789597272094,1.0312704455096866,-0.22622300779738963,1.4783322893889155,1.9253830899776134,1.4209758837780742,-0.4920445512052457,-0.3458692868461867,-1.8042858346014625,1.065486229120345,-0.6260357959419515,0.6071019075095052,0.7052011882943144,0.16835545979606273,1.958062658332067,1.265661215078027,0.7355338939315386,-1.1789416028894577,0.9735816804743839,1.6359857401146694,0.8506230296608779,-1.6040990605603311,-1.0187068262672216,-2.771460361827883,1.8824682333424956,0.7948845651237767,0.015583508374062922,0.4116842738007884,-0.34179908660235403,-0.2238544620432994,-0.7144861098912605,-2.0488289693520296,-0.08299759877137879,0.8506145486786839,0.3820438755736377,-0.030685749040864452,-0.8905342322485337,-0.31345782367633046,-0.5454714339164056,1.0612298687876933,0.950351353473413
2.1327513338349564,0.25643926088644514,-2.563828366574477,1.7243154322514473,-1.1767496230578598,-0.6784431199354523,-3.6732795350750798,0.3546791342383623,-0.051410297259756044,-1.6092158408343114,2.0409348688809335,0.14531657531281997,0.9169560461740911,-2.248241981299895,1.3687860054588954,-0.20375831655239135,-1.0273752956736752,-0.3530283062590822,-1.6511437341098052,-1.5861466085223102,-0.620133415418996,0.14020413591917105,-0.22410408361995235,1.2703492021049547,-1.3363927651103762,0.7736542248435502,-0.9321693578778188,-0.5422486177673012,-0.8089652250696648,-2.221138030754984,-0.8434667884551582,-0.014874207117195235,1.427319818590796,-1.2739943716714628,-1.3314604780534862,-0.825523071814714,1.3476603779480827,1.387495166633322,2.8530337910619603,-2.91387053535036,-0.8096745019657741,0.9121283770582398,-1.3860364120452615,-0.5372539585934354,0.5139721190714456,0.4417981608350269,2.0027625035192123,0.3916962226375922,-1.282575616350486,-0.9311953808872645,0.4075878886388942,1.296031861010175,0.7069352734989977,0.8000555786315873,-0.5117054178632171,-1.2156961952404193
0.15339807097644734,0.011850954224076076,-0.19945214412961373,0.16639976726117958,-0.1092878614535605,-0.08330846633914178,-0.22641132524931368,-0.07474117864397424,0.016353837467253045,-0.13652919786929163,0.14531657531281997,0.012243478628377704,0.0499474854442721,-0.1440548657055056,0.09455938761915303,-0.018204397831949427,-0.09226508489519598,0.018463649380832746,-0.1328102872342791,-0.1712397406657501,-0.1246885527483659,0.04294734377601051,0.029197961028087346,0.1598062627394951,-0.09617044014175007,0.05647030061275998,-0.055320970546436296,-0.06260035532753007,-0.017031226613470448,-0.17601323284027473,-0.11195376801024051,-0.06360209112657578,0.10625313004809422,-0.08803750509284931,-0.14545132602151634,-0.07603582495761124,0.14274578594827775,0.09228520519402439,0.24823794851020542,-0.17160821996436723,-0.07117088408116759,0.0014540890713962177,-0.03982878738207943,0.02788476124442824,0.020921057834009164,0.06309422690963909,0.1831857066660502,0.008374376933143786,-0.07743844726415701,-0.035871035882731384,0.003902979710949642,0.08092916249212072,0.02925603309090806,0.049589914777452865,-0.09327049055877007,-0.08585120950099304
0.9457196231116192,0.1670379179953109,-1.0151600141276167,0.42186366977684553,-0.3224392989985782,-0.021721648483967338,-1.9344593199010351,0.9680785757649704,-0.18496740327303235,-0.5454555568850824,0.9169560461740911,0.0499474854442721,0.5360432030250452,-1.1396781493551162,0.6384219017695074,-0.06164792449379533,-0.30698563539617885,-0.511230233130035,-0.6185146948368889,-0.24107798995617222,0.37272374525346685,-0.20361729820229255,-0.46588151893373253,0.009813576797447718,-0.5921848702316446,0.33638477483990886,-0.5081797536521422,-0.049584824891775334,-0.6915549395721442,-0.8534232148400355,0.04078171519534899,0.49914681400514144,0.6038513691246116,-0.5939947761555128,-0.18855923050175258,-0.23131728138698238,0.2270479299790096,0.6759943195440965,0.9170694563049819,-1.5991939007227804,-0.25441659279277085,0.9232944864806341,-1.0987509642754534,-0.7762814913557217,0.35768739583295284,-0.05738469108018501,0.5715499512616526,0.33381190595166244,-0.688513843745758,-0.6644865365211581,0.3862663596651282,0.6740763953777202,0.4880898098817755,0.41909624630908027,0.22977718096478286,-0.5519134623885747
-2.3363419474076745,-0.3366134414466133,2.6814515853359127,-1.5309468239711819,1.0808613930833102,0.4516888897876053,4.343132518662236,-1.2353594926298188,0.22569278123969921,1.5872477195913246,-2.248241981299895,-0.1440548657055056,-1.1396781493551162,2.6119454104023685,-1.5323121161906486,0.19322976576821335,0.9702668269624604,0.757172477652582,1.6900648272986958,1.2547611555089033,0.0028497179560706964,0.1240069065537358,0.6282860890656707,-0.8135339004894404,1.4635377131028573,-0.8405356868832117,1.120196795042229,0.3946695322988882,1.2338120581979368,2.295835269067863,0.4907589404673455,-0.5119152080108892,-1.5332187528563814,1.4259714525860534,1.0388628067586472,0.7635991046664319,-1.0893050480483695,-1.583384046868113,-2.761877777304108,3.5127736914075784,0.777702975882575,-1.5410797717772085,2.0239985727778955,1.150490308603669,-0.698578929454555,-0.2194298519972092,-1.8633540516769962,-0.5963236717536173,1.5301155749050044,1.2828314132764158,-0.6611571606930541,-1.5235456068756525,-0.9567913516024921,-0.9436159556112991,0.08358383404743615,1.3451568303884307
1.4280038734922529,0.18178037149139772,-1.6936311917243265,1.0897501028911554,-0.7502224778921801,-0.40150223575475885,-2.517245419886034,0.390727755629282,-0.065073909750392,-1.0456906756937858,1.3687860054588954,0.09455938761915303,0.6384219017695074,-1.5323121161906486,0.9224308380343025,-0.13100300918115426,-0.6598058993583109,-0.30341252060279333,-1.0840586625424746,-0.9746479384346188,-0.2927938828704081,0.043638867275527245,-0.21932412067966825,0.7459592913637474,-0.894717358522774,0.5167459976963608,-0.6420666338755777,-0.32699297752215817,-0.6045595618797708,-1.4623313834353822,-0.4863508506610667,0.08563050449576634,0.9501827702162361,-0.858509718526571,-0.8155395669881845,-0.5272694054089023,0.8323033189013014,0.94049119157948,1.8444927183301694,-2.009055103177341,-0.5223521062731628,0.7087879305772782,-1.0195413734077141,-0.4614192899121733,0.36866411322832987,0.2479361688481281,1.281141897588491,0.29252858559045497,-0.8814010764617912,-0.6710394595701332,0.3117514415362934,0.8865542463462487,0.5063390676726731,0.5478437147598578,-0.2563005438078759,-0.8164079473757477
-0.21593406455757716,-0.013113831853238632,0.28890755399989865,-0.25717156835183747,0.1671821058606168,0.13594858096883758,0.29826109661512035,0.15946740047061053,-0.033872732998497565,0.20343789597272094,-0.20375831655239135,-0.018204397831949427,-0.06164792449379533,0.19322976576821335,-0.13100300918115426,0.02754660401781655,0.13982140412645186,-0.049725322641340046,0.19455814525653345,0.27198232233603287,0.21886298442363494,-0.07824139217391957,-0.06562666684531768,-0.26199265982866865,0.13540364075144218,-0.07993828141542104,0.07152797294334098,0.10089264513337995,0.0017019568912086261,0.25656761055495586,0.18535101387583364,0.12337346251841995,-0.15151417540403256,0.1219825290181242,0.23163792866138952,0.1160499350437211,-0.2257345718826563,-0.12584261038466993,-0.37272732555278537,0.22101751157064548,0.10718568746289166,0.03267169211927223,0.02366841682869821,-0.07525702786212005,-0.020765648837842758,-0.10576525604964612,-0.27904635525722304,-0.001073474499579504,0.1009922352353321,0.03366044219173243,0.008259319714664327,-0.10727141668928365,-0.029498197541687237,-0.06550157920442351,0.1618538441481463,0.11999100291630388
-1.0891547158160708,-0.06451317752652667,1.4609525269137984,-1.3076435334003687,0.8493556469923101,0.6942573719182887,1.4950516217017062,0.8291574446467178,-0.17581519885774843,1.0312704455096866,-1.0273752956736752,-0.09226508489519598,-0.30698563539617885,0.9702668269624604,-0.6598058993583109,0.13982140412645186,0.7097960869359567,-0.26166650661703206,0.9848144843183954,1.3860064846789306,1.1237523385486228,-0.4027784537009435,-0.3422332938975642,-1.338411606510141,0.6829780905138131,-0.40340659940460266,0.3578791297090439,0.5147364544917582,-0.001602694546370705,1.2981317745362755,0.9475919268735093,0.6377655672625809,-0.7651150083550268,0.6143805822501518,1.1806629412053566,0.5894710045604191,-1.149928706179705,-0.6328812878722513,-1.8906603960343844,1.105395619110917,0.5438383976556375,0.1806732329032776,0.1045636012176084,-0.3960586949914426,-0.10076811075926857,-0.5412243361645135,-1.4171763024139892,-5.13446457362302e-4,0.505730825144663,0.16208077607134916,0.0479501840154602,-0.5380269933797832,-0.14344202158946348,-0.32841572434889266,0.8303557205046915,0.604832372665852
-0.3334182748392335,-0.19164643806180112,0.054896635790189184,0.7045435525460813,-0.38264411422284955,-0.6872166383357022,1.4428742756447381,-2.3598256027386646,0.4689406586359049,-0.22622300779738963,-0.3530283062590822,0.018463649380832746,-0.511230233130035,0.757172477652582,-0.30341252060279333,-0.049725322641340046,-0.26166650661703206,1.063244392281433,-0.06486772898244601,-1.0658244385792142,-1.7438957897573821,0.7334735238210554,1.07668215899708,1.374481266165662,0.20776246590381675,-0.10197799472437735,0.41524545123343015,-0.4576782030534443,1.072422385965787,-0.026468774714232892,-1.047030701593365,-1.4350396703494237,-0.14054299771636494,0.2817896796724134,-0.933932517181109,-0.25389262960560166,0.8424277139470707,-0.3895430971070911,0.5431470329690055,1.3283519912204325,-0.17074669438495552,-1.6171621676216197,1.5926653760692513,1.6131720603123048,-0.44919189694877404,0.6508051702427452,0.586507076544918,-0.5163192738524157,0.5409481653954651,0.8605584644003696,-0.6478562481432611,-0.4850609639853793,-0.6067900034464756,-0.30790619892629983,-1.2179323436402543,0.22654771691465334
-1.7378363562378425,-0.15595430290247417,2.2100614464331008,-1.7456853819174034,1.1570031696852663,0.8302356946019593,2.689344023942751,0.516859870215245,-0.11929181974013811,1.4783322893889155,-1.6511437341098052,-0.1328102872342791,-0.6185146948368889,1.6900648272986958,-1.0840586625424746,0.19455814525653345,0.9848144843183954,-0.06486772898244601,1.458361196277806,1.7518905988631215,1.1490665336745904,-0.3784111736970317,-0.18166719515186158,-1.5852438574366055,1.0893423977515604,-0.6370328078070813,0.6653095796827195,0.6315421023959495,0.3283616668208014,1.9405450906304764,1.0995550668418295,0.5147810504411725,-1.1919111699868985,1.0091986706094334,1.4843160160323474,0.806584538161331,-1.466401741927953,-1.0702056234735386,-2.670668668119706,2.069084360208807,0.763727167873743,-0.22756145286611823,0.6481932218507467,-0.09699802392729114,-0.2898139376109377,-0.611738466668288,-1.9465177171981543,-0.1600194181717597,0.9260297604573874,0.5087322436696662,-0.1278374800354761,-0.9572743389942389,-0.40248254746498485,-0.587973720929012,0.8708532130411569,0.9778268390314209
-1.7049657242735445,-0.0023306429139542204,2.51215718983479,-2.6811028260938397,1.6984273400712222,1.6031916388051153,1.7749133343373626,2.798040806432537,-0.5752549670442382,1.9253830899776134,-1.5861466085223102,-0.1712397406657501,-0.24107798995617222,1.2547611555089033,-0.9746479384346188,0.27198232233603287,1.3860064846789306,-1.0658244385792142,1.7518905988631215,3.0248936335553784,2.95745415848344,-1.1222462690963395,-1.2138117131514798,-3.1191762130552916,1.0698903076170743,-0.6438421238567734,0.3847780141069146,1.1588868001638435,-0.618294949416972,2.275368730915893,2.250783566782658,1.9340381768161579,-1.2514787015618256,0.9079680951107612,2.5916720892920027,1.1720467458026553,-2.485642580643733,-0.8783358460046093,-3.603561869153756,1.1622119880305857,1.0448751671688585,1.2427217793967058,-0.7320362680231989,-1.6154393551740613,0.08236117211308118,-1.3158478657792148,-2.804064704230894,0.29544156715704406,0.5700569801014496,-0.2117088031190825,0.45531572040649815,-0.6583636534177775,0.09851324858813887,-0.39508537892525447,2.1447506136239944,0.9230492096473455
-0.7135900548118944,0.19414458575299273,1.49677109967955,-2.376246817188377,1.440327551914031,1.6922932798709045,-0.37543208953166896,4.137829182844535,-0.8341506865771613,1.4209758837780742,-0.620133415418996,-0.1246885527483659,0.37272374525346685,0.0028497179560706964,-0.2927938828704081,0.21886298442363494,1.1237523385486228,-1.7438957897573821,1.1490665336745904,2.95745415848344,3.6077761214402133,-1.4422224799911518,-1.8490825377382365,-3.330731785465833,0.4492802358651851,-0.29389307924216207,-0.185943482892593,1.1834069591169905,-1.476638787456775,1.433446803032874,2.4597870119611684,2.6599860573994842,-0.6301233041611515,0.2736454665513989,2.555071925419483,0.9835674913339241,-2.396148333934839,-0.145361418564907,-2.7817167746401306,-0.6372745362663642,0.8201063752165982,2.4185402068621786,-2.0778788148599108,-2.6448495054115844,0.509332197286106,-1.4775226902565417,-2.331788697541924,0.709546848243086,-0.19970639092775927,-1.0091046032912145,0.9426074119731684,0.0880871204938763,0.6801530709793966,0.0700270511513942,2.5686607547434184,0.3393445829780732
0.17334618431732735,-0.09374557519130908,-0.46992023386402726,0.8766515222694192,-0.5240436809787514,-0.6549230415974732,0.3581872633694061,-1.7134596574888243,0.34430015229225414,-0.4920445512052457,0.14020413591917105,0.04294734377601051,-0.20361729820229255,0.1240069065537358,0.043638867275527245,-0.07824139217391957,-0.4027784537009435,0.7334735238210554,-0.3784111736970317,-1.1222462690963395,-1.4422224799911518,0.5825301547762772,0.7693509850923331,1.29262011016505,-0.10949599212169565,0.0772234206507556,0.12801068683706393,-0.4542064917467081,0.6494636229227128,-0.4630797443793579,-0.9598887331048552,-1.0879678034706868,0.17845694157943515,-0.04107858776879755,-0.9717215450098147,-0.3566357932321978,0.9057683676421642,-0.017750431360582908,0.9797774095197831,0.42308469764970746,-0.2906096298785055,-1.040750147316478,0.9276946465508162,1.112512400750894,-0.23709782021895903,0.5801877846435746,0.8429508821743251,-0.312242616814127,0.153153433283516,0.4648959949957512,-0.40852466947389954,-0.10821418196206015,-0.3177623255130741,-0.07320772133699309,-1.0229245572409165,-0.07121661690178673
-0.19742845183995722,-0.180699825285899,-0.1209152351809096,0.849227781567732,-0.4778822779290954,-0.7587646461954721,1.2396318391762629,-2.4193856551458905,0.48209861692203476,-0.3458692868461867,-0.22410408361995235,0.029197961028087346,-0.46588151893373253,0.6282860890656707,-0.21932412067966825,-0.06562666684531768,-0.3422332938975642,1.07668215899708,-0.18166719515186158,-1.2138117131514798,-1.8490825377382365,0.7693509850923331,1.0995384395203291,1.511578820747278,0.12250924834015287,-0.051971270576716765,0.3654190156208536,-0.5115974157360271,1.0545738685015122,-0.18142084813503323,-1.1428522467789688,-1.487245243375106,-0.04658795948001837,0.203502815120326,-1.0595572455823903,-0.3201862812475165,0.9659125958607722,-0.3072289295587473,0.7603382190977579,1.1736811365474038,-0.23297640158167332,-1.6115863262239312,1.5533563592454966,1.6334467539668975,-0.4295727386138878,0.7046463796875789,0.7462887935299181,-0.507572198288321,0.47130805633067413,0.8266796190057096,-0.6426979755093697,-0.4124948554757301,-0.5794112777790398,-0.26341236745309454,-1.296844871492974,0.15033317700104676
1.3839578355780475,-0.0746834833698366,-2.213948272731862,2.6684871485227952,-1.6649342395750186,-1.702156855320994,-1.001857317753455,-3.435537557820701,0.6998225166594331,-1.8042858346014625,1.2703492021049547,0.1598062627394951,0.009813576797447718,-0.8135339004894404,0.7459592913637474,-0.26199265982866865,-1.338411606510141,1.374481266165662,-1.5852438574366055,-3.1191762130552916,-3.330731785465833,1.29262011016505,1.511578820747278,3.3267146687611686,-0.8690389290144452,0.5322050771782505,-0.1761568364987984,-1.2147708723004165,0.9798353882404367,-2.0357839601883243,-2.422655461050427,-2.2961420751814012,1.0575835848327364,-0.695271504386294,-2.6807640754945234,-1.144864034013878,2.549743619706168,0.625740250509814,3.424875845994455,-0.5023932085111892,-0.9983740344758973,-1.7537820736739023,1.2894370910062243,2.0839197208729154,-0.2532146608853128,1.4318242515228625,2.7306530979463925,-0.4697517199816207,-0.2907174304714683,0.5330997095728985,-0.6647299967701994,0.3916982621443978,-0.3307116257984174,0.22832219268848958,-2.396730463428228,-0.7308197778870131
-1.3973423815984045,-0.1644762138862024,1.6878529628143482,-1.1524851794353788,0.7842153564032905,0.4630257112710278,2.3863899908507875,-0.17857792317732896,0.02292204622373882,1.065486229120345,-1.3363927651103762,-0.09617044014175007,-0.5921848702316446,1.4635377131028573,-0.894717358522774,0.13540364075144218,0.6829780905138131,0.20776246590381675,1.0893423977515604,1.0698903076170743,0.4492802358651851,-0.10949599212169565,0.12250924834015287,-0.8690389290144452,0.8756089096624954,-0.5073278896014033,0.6044489202159419,0.36793700084832165,0.5079343893512561,1.4639770168035686,0.5801494813389453,0.04330449606725944,-0.9370839213778024,0.8327703453565298,0.8990151494357814,0.5498096548737739,-0.9075517511391117,-0.9050326533492404,-1.892353994926987,1.8887400655541349,0.5374268601622815,-0.563183362398957,0.8759815509945099,0.31629682162259093,-0.32813416259877976,-0.3062660364528041,-1.333179596989545,-0.2460074623050128,0.8323732623835077,0.5934101479908672,-0.25340636200764893,-0.8425434984585529,-0.4515850862368755,-0.5199140114938383,0.36556420967499065,0.7956514094876408
0.8095866610210117,0.0925279475813018,-0.98421361077716,0.6854975849478249,-0.46469472382615923,-0.28274126687046575,-1.3667668708271639,0.06141446947255502,-0.004870230266124995,-0.6260357959419515,0.7736542248435502,0.05647030061275998,0.33638477483990886,-0.8405356868832117,0.5167459976963608,-0.07993828141542104,-0.40340659940460266,-0.10197799472437735,-0.6370328078070813,-0.6438421238567734,-0.29389307924216207,0.0772234206507556,-0.051971270576716765,0.5322050771782505,-0.5073278896014033,0.29427986066059497,-0.34528516114499813,-0.2230722322489126,-0.27702366859675676,-0.8550123138076124,-0.3576365620369275,-0.051317912174578005,0.5444312054167968,-0.48097954127880244,-0.5417081290658708,-0.32553436673304087,0.5450305105492583,0.5212040950201674,1.1144344016883396,-1.0783639133153287,-0.3167976136204552,0.29938760775884826,-0.4824142910596309,-0.155350969388837,0.18338266134484485,0.19057903575735843,0.7888278059027786,0.13422674719416267,-0.47604488081506807,-0.33076099352874194,0.13615856136746848,0.48299548420540345,0.2525818723427466,0.2978896108521485,-0.2354832487193991,-0.460315373686307
-0.9651098094176626,-0.1544559249763469,1.0725078530148677,-0.5333946813125238,0.3888931494469315,0.1059499217793856,1.8823815112193443,-0.7445482765149711,0.14008106491584915,0.6071019075095052,-0.9321693578778188,-0.055320970546436296,-0.5081797536521422,1.120196795042229,-0.6420666338755777,0.07152797294334098,0.3578791297090439,0.41524545123343015,0.6653095796827195,0.3847780141069146,-0.185943482892593,0.12801068683706393,0.3654190156208536,-0.1761568364987984,0.6044489202159419,-0.34528516114499813,0.4901337268109863,0.10789273126941469,0.6058260913825756,0.9103902020264709,0.08289185924237975,-0.35757228407402997,-0.624955370958757,0.5974472096600215,0.3130473970041869,0.27650547174106266,-0.3429283531332554,-0.6716215608991845,-1.0403441777848235,1.5397987352963887,0.2910351802001856,-0.7864871893489248,0.9759531081796559,0.6306917637742131,-0.326065585191585,-0.017468729464758165,-0.678280965061976,-0.29259193359431557,0.6666746465260281,0.6025970673374174,-0.33249186091201655,-0.6580659386956104,-0.44568283822224375,-0.40837910149653994,-0.09740645063522682,0.5593749576775671
-0.5861732829851594,0.012916866661865561,0.8949988603374937,-1.0099441918677325,0.6352118419672732,0.62298656208713,0.5315983337504547,1.1705569065730324,-0.23949332589079717,0.7052011882943144,-0.5422486177673012,-0.06260035532753007,-0.049584824891775334,0.3946695322988882,-0.32699297752215817,0.10089264513337995,0.5147364544917582,-0.4576782030534443,0.6315421023959495,1.1588868001638435,1.1834069591169905,-0.4542064917467081,-0.5115974157360271,-1.2147708723004165,0.36793700084832165,-0.2230722322489126,0.10789273126941469,0.44752914397982607,-0.2981950046610115,0.8161057056815316,0.8805346793239021,0.7950321425875181,-0.4377387873970597,0.30468405630439543,0.9944016273477265,0.43761639730499524,-0.949894992356665,-0.2863491696684072,-1.3284519047004468,0.3205694600488523,0.3861441407013572,0.5607224534155658,-0.3762236378756937,-0.6938075325091321,0.06170169464195841,-0.5175523597238908,-1.0454749703653041,0.1427657671066764,0.16517272389063176,-0.13750278875287134,0.20941225626073362,-0.2007819132909896,0.07878929815311093,-0.1192828008261637,0.8548547759098075,0.3140442623090428
-0.8123345459424434,-0.23869209045850498,0.6546659206825862,0.2496075223799297,-0.07900175860791323,-0.4797089756565948,2.207321092641887,-2.27923376462493,0.44843588104859994,0.16835545979606273,-0.8089652250696648,-0.017031226613470448,-0.6915549395721442,1.2338120581979368,-0.6045595618797708,0.0017019568912086261,-0.001602694546370705,1.072422385965787,0.3283616668208014,-0.618294949416972,-1.476638787456775,0.6494636229227128,1.0545738685015122,0.9798353882404367,0.5079343893512561,-0.27702366859675676,0.6058260913825756,-0.2981950046610115,1.1883006898571502,0.49828075625693197,-0.7756525947617606,-1.3317516867965804,-0.4667955654249081,0.5621240594874319,-0.5555333039748406,-0.041890200957413935,0.46657749144604965,-0.6891055657849291,-0.16629340028557052,1.9219791676933724,0.03174298399486349,-1.719448706963907,1.8082246026694038,1.627481692292962,-0.5389584513846732,0.5015412532066055,0.07422579355884319,-0.5726314434575928,0.8052820108458096,1.0199447642810915,-0.6987631820980772,-0.7564488901150859,-0.7310260427345977,-0.47484806404331253,-1.0127750002921196,0.49699855529931575
-2.335605120567785,-0.21872619899185788,2.949429723288997,-2.2874865243578455,1.5208562212509238,1.0680380322828327,3.666719816752777,0.5558609895761675,-0.1325664831624413,1.958062658332067,-2.221138030754984,-0.17601323284027473,-0.8534232148400355,2.295835269067863,-1.4623313834353822,0.25656761055495586,1.2981317745362755,-0.026468774714232892,1.9405450906304764,2.275368730915893,1.433446803032874,-0.4630797443793579,-0.18142084813503323,-2.0357839601883243,1.4639770168035686,-0.8550123138076124,0.9103902020264709,0.8161057056815316,0.49828075625693197,2.585533303976947,1.4067717691702302,0.6052843998215248,-1.5969219582026146,1.361311800041338,1.926096832148933,1.0609642025048363,-1.9073790146920873,-1.448724502621809,-3.529732374505756,2.8333603278135993,1.0085219092847955,-0.3946445854049556,0.9540249500925396,-0.03826541542706222,-0.4117160821763132,-0.7788046322820739,-2.561887267521971,-0.2424698178572879,1.2650625287595465,0.7267832266468817,-0.20699059333503533,-1.3035617884970057,-0.5708143946436747,-0.8012319612388145,1.09223336330565,1.3163708502756613
-0.9236594673726328,0.06934330958194385,1.522103723773944,-1.9062885537172303,1.1840839490213997,1.2380898922875927,0.5568874038263295,2.5893730807100557,-0.5263642667943546,1.265661215078027,-0.8434667884551582,-0.11195376801024051,0.04078171519534899,0.4907589404673455,-0.4863508506610667,0.18535101387583364,0.9475919268735093,-1.047030701593365,1.0995550668418295,2.250783566782658,2.4597870119611684,-0.9598887331048552,-1.1428522467789688,-2.422655461050427,0.5801494813389453,-0.3576365620369275,0.08289185924237975,0.8805346793239021,-0.7756525947617606,1.4067717691702302,1.7685665807606172,1.7173860463700517,-0.7164623200338882,0.4533969751611997,1.936093567174422,0.8133572647524733,-1.837202809633575,-0.39541091417545926,-2.4130431078785883,0.2230027761487497,0.70457290285576,1.360199008080705,-1.0376093713136547,-1.5875610423938127,0.21645155801446747,-1.0482242631289345,-1.9381924404254158,0.3720653317456499,0.15022518984242234,-0.44778243516636096,0.518798537625208,-0.22508132007586074,0.28456868229935367,-0.1288601850490486,1.7665793320661303,0.48305686451342295
-0.06645604306356097,0.20941517768744589,0.5760955290972524,-1.4510760643239904,0.8494588651548494,1.1590882261031534,-1.1315665295201032,3.294545416726411,-0.6595578270557549,0.7355338939315386,-0.014874207117195235,-0.06360209112657578,0.49914681400514144,-0.5119152080108892,0.08563050449576634,0.12337346251841995,0.6377655672625809,-1.4350396703494237,0.5147810504411725,1.9340381768161579,2.6599860573994842,-1.0879678034706868,-1.487245243375106,-2.2961420751814012,0.04330449606725944,-0.051317912174578005,-0.35757228407402997,0.7950321425875181,-1.3317516867965804,0.6052843998215248,1.7173860463700517,2.0623432697835633,-0.16295389751604714,-0.07882420623506785,1.6797897734119902,0.5750576197600072,-1.5526651425796751,0.20440493642384644,-1.507848585419771,-1.1612516096187375,0.45173801685506676,2.0868234667749928,-1.9306392490174928,-2.1768489331949006,0.5130825222390483,-1.0464134151564037,-1.3528746916172645,0.6406071364749718,-0.44839150196878386,-0.9966163603224087,0.8252360146734083,0.36478517890224205,0.6898688276830994,0.23733987091065922,1.8778045599538986,-0.0144706204370341
1.4952974748198187,0.16371021046418838,-1.83423717612101,1.3123055983391256,-0.8851586334146667,-0.5598430583127748,-2.4832067688911192,0.004141581013620527,0.012864178205386803,-1.1789416028894577,1.427319818590796,0.10625313004809422,0.6038513691246116,-1.5332187528563814,0.9501827702162361,-0.15151417540403256,-0.7651150083550268,-0.14054299771636494,-1.1919111699868985,-1.2514787015618256,-0.6301233041611515,0.17845694157943515,-0.04658795948001837,1.0575835848327364,-0.9370839213778024,0.5444312054167968,-0.624955370958757,-0.4377387873970597,-0.4667955654249081,-1.5969219582026146,-0.7164623200338882,-0.16295389751604714,1.009475437929771,-0.8844452097193455,-1.0546946301268585,-0.6194205390209608,1.056611320946927,0.9544706230333361,2.1052613902930952,-1.9503306045337472,-0.5992229836460923,0.4830309580323088,-0.825754754596264,-0.2144066227409689,0.3212125634005422,0.386138946554433,1.499621856057871,0.2263318450806979,-0.8631034353291908,-0.5770021661858613,0.2237792958495296,0.8786914581716699,0.4429789847261657,0.5415275047506056,-0.4964920374899907,-0.8484664862769035
-1.3291328919751624,-0.1691018832785268,1.5765800995701926,-1.014893554587613,0.6986250872594212,0.3741876359330137,2.3424281297119927,-0.3622680699615153,0.06028700594798614,0.9735816804743839,-1.2739943716714628,-0.08803750509284931,-0.5939947761555128,1.4259714525860534,-0.858509718526571,0.1219825290181242,0.6143805822501518,0.2817896796724134,1.0091986706094334,0.9079680951107612,0.2736454665513989,-0.04107858776879755,0.203502815120326,-0.695271504386294,0.8327703453565298,-0.48097954127880244,0.5974472096600215,0.30468405630439543,0.5621240594874319,1.361311800041338,0.4533969751611997,-0.07882420623506785,-0.8844452097193455,0.799018478547145,0.7597711282477393,0.4909965327629978,-0.7753198912491374,-0.8752688362965187,-1.717389091392344,1.8694209294084387,0.4863674195873673,-0.658813233814789,0.9481111673175896,0.4285383667219388,-0.3429136744244693,-0.23120922895084567,-1.1929884153868948,-0.2719969097517307,0.8201675094134171,0.6241420906501289,-0.28981003846585407,-0.824999288016002,-0.47097860418042314,-0.5098009472747811,0.23934737943149323,0.7598598739350444
-1.4325907175006056,0.0038117207588680858,2.123999443981445,-2.2898716714301015,1.4486681321189743,1.3772762060457875,1.4582945804259906,2.4387727691051273,-0.5009026255987236,1.6359857401146694,-1.3314604780534862,-0.14545132602151634,-0.18855923050175258,1.0388628067586472,-0.8155395669881845,0.23163792866138952,1.1806629412053566,-0.933932517181109,1.4843160160323474,2.5916720892920027,2.555071925419483,-0.9717215450098147,-1.0595572455823903,-2.6807640754945234,0.8990151494357814,-0.5417081290658708,0.3130473970041869,0.9944016273477265,-0.5555333039748406,1.926096832148933,1.936093567174422,1.6797897734119902,-1.0546946301268585,0.7597711282477393,2.2211226161429454,0.9993868398901788,-2.128644485253745,-0.7314459394678418,-3.065537246085083,0.9433149781511652,0.8892715949481772,1.1003304304714834,-0.6674757553494938,-1.4155840219234184,0.08324574154549996,-1.1330421427846167,-2.390353052735205,0.26556899159843533,0.4660272002946912,-0.20510749130649092,0.40481583137480587,-0.5424343320042743,0.10166888133704349,-0.3250085310396109,1.8515318035406143,0.7741990196527813
-0.8767098296786289,-0.045424786146622084,1.1908331755100021,-1.0943899148032354,0.7080033897545452,0.5928864292046803,1.1661535821974376,0.7663295536370494,-0.16130343448592974,0.8506230296608779,-0.825523071814714,-0.07603582495761124,-0.23131728138698238,0.7635991046664319,-0.5272694054089023,0.1160499350437211,0.5894710045604191,-0.25389262960560166,0.806584538161331,1.1720467458026553,0.9835674913339241,-0.3566357932321978,-0.3201862812475165,-1.144864034013878,0.5498096548737739,-0.32553436673304087,0.27650547174106266,0.43761639730499524,-0.041890200957413935,1.0609642025048363,0.8133572647524733,0.5750576197600072,-0.6194205390209608,0.4909965327629978,0.9993868398901788,0.490927887258465,-0.9708288017576044,-0.5020253934530718,-1.5643328101543623,0.852321697927175,0.45052119403430363,0.20872006877957208,0.025111140988645836,-0.384437600849228,-0.06528224072651254,-0.46655264089238496,-1.1793599702424704,0.019118788562333833,0.39247398961417335,0.09977929706551626,0.0636682603835981,-0.42095959029437624,-0.09416306982292291,-0.25650959057847705,0.724097582948653,0.48529054041815645
