V1,V2,V3,V4,V5,V6,V7,V8,V9,V10,V11,V12,V13,V14,V15,V16,V17,V18,V19,V20,V21,V22,V23,V24,V25,V26,V27,V28,V29,V30,V31,V32,V33,V34,V35,V36,V37,V38,V39,V40,V41,V42,V43,V44,V45,V46,V47,V48,V49,V50,V51,V52,V53,V54,V55,V56
1.0602167431046667,0.11297472644794189,-1.3091328711540278,0.9613768465221393,-0.642063520631338,-0.42262611055865434,-1.7283975659952373,-0.07302860693383513,0.024893944751687574,-0.8535482194966856,1.0106381284969632,0.07636919812064964,0.4142100294865765,-1.0755227594435512,0.6689416931751594,-0.11076745060782073,-0.5576224050286068,-0.06864225642202004,-0.8545702147586568,-0.9287684516785497,-0.5056769357141293,0.14900014514397156,0.0017553151260383314,0.8001768864940142,-0.6651883327682712,0.3863930979824275,-0.43426436895543324,-0.32719480027563463,-0.29934421815602524,-1.141025061358191,-0.545425168529654,-0.15936510255407693,0.7159409135548259,-0.6248625743586714,-0.7837083685439883,-0.4520158896099503,0.7820731301057051,0.6698725888306742,1.5258599141749363,-1.3552898669831719,-0.43116126551708034,0.29677860220027985,-0.5402459805212724,-0.1000229199080079,0.2158911190140472,0.29436027816136606,1.090347084052786,0.14365689634084144,-0.6036001495010609,-0.3862603923191384,0.13995923896511564,0.6146385876495121,0.30130052869169816,0.37801325250616347,-0.39268939343124154,-0.6002458246304809
0.11297472644794189,0.2770804257684253,0.4624467839842371,-1.5794876780907403,0.9168372376927856,1.3236676009812272,-1.6746778248943102,3.9654257302872624,-0.7908983041375167,0.729148263984605,0.1657400989925049,-0.06350736587742069,0.6748677136372967,-0.8176403000385988,0.22188564146824485,0.1275777490663845,0.6662938603582869,-1.749777109912198,0.4681737229942693,2.1699733967239134,3.1236114528135364,-1.291358163893806,-1.7949368649257684,-2.6300721418034008,-0.07031102416914554,0.007969918466264913,-0.5110439785323314,0.9025093571075428,-1.6620357354737019,0.5297734803162157,1.9773465864324453,2.468324021363528,-0.07110462780176877,-0.20999624376634038,1.8891222493446462,0.6117171378824475,-1.7360112785603254,0.3666948608504668,-1.541850406106335,-1.651717829614873,0.47361024458704654,2.5797846903489834,-2.4302688235210015,-2.6441475302498167,0.6595509762969746,-1.216048646134638,-1.4400109869238102,0.7963874488360163,-0.6569195748945263,-1.2753407319154761,1.023162406635602,0.5543187309742827,0.8948109762628046,0.3556742647864185,2.2002291153506124,-0.12660496032673088
-1.3091328711540278,0.4624467839842371,2.9861583855464615,-5.025559411514838,3.0352953518179433,3.646349817641206,-1.2755089925114755,9.162647941823204,-1.8437375578249842,2.929814654615596,-1.1149188725302144,-0.2573356255047878,0.9318756992368129,-0.27420520145357313,-0.4789725294789982,0.4561536606121616,2.3477209607393767,-3.8901841281206453,2.3301386783805977,6.324520190351121,7.876865026613586,-3.164759817423063,-4.1019488241749515,-7.185627188715354,0.8239097292409177,-0.5524933491253795,-0.5249807302121623,2.5426074091580655,-3.3534204923332225,2.890108292628574,5.318826727355356,5.865647818170627,-1.2162360598262119,0.44493030367534875,5.469026754327229,2.0652722012949116,-5.116888544412413,-0.15077787331454034,-5.776991387588324,-1.7662239549037704,1.7127154371793518,5.4470591492275915,-4.750570114578626,-5.8925669394483124,1.1864045414062794,-3.2064109103273166,-4.895324134437079,1.6092657756830526,-0.6029382081414874,-2.3399699929452993,2.128486495417231,0.35565075135591395,1.591733899557011,0.2532758203463058,5.600810139828143,0.597883879579336
0.9613768465221393,-1.5794876780907403,-5.025559411514838,11.679481046907467,-6.869564805886529,-9.184521180964007,8.068929205050052,-25.632553464424518,5.136011058519604,-6.074509122691243,0.5396636306721777,0.5262219140802734,-3.7054799235871836,3.526281831670812,-0.38514260517303883,-1.0053805363849242,-5.190391096761773,11.122337591668717,-4.358714018156083,-15.418724973903103,-20.882527643131027,8.516529784783515,11.558226761901482,18.178750736301197,-0.6158599918356759,0.5608897624252182,2.5964351003858015,-6.315248852339992,10.223521297131308,-5.181649014048744,-13.574352415721568,-16.092472809501285,1.566156538756843,0.3501838324309332,-13.382115473400809,-4.658520344522214,12.393529062732068,-1.3075928272613482,12.35798856099877,8.455004333240312,-3.690542041795167,-16.091438373319857,14.77623691086151,16.87469994824106,-3.8964854078952618,8.254437699116117,10.970142304240477,-4.918312831962661,3.230433699395884,7.582423473826322,-6.354035089972095,-2.5765685490795707,-5.233643689972871,-1.6857046349582616,-14.756695409150641,-0.13942222123513145
-0.642063520631338,0.9168372376927856,3.0352953518179433,-6.869564805886529,4.06050209471964,5.374039398598157,-4.540319936799029,14.90600641151843,-2.985226978528964,3.5906048267819357,-0.3940661534710891,-0.3131839684440099,2.114274979190116,-1.9725610974860852,0.16412740611573914,0.590538387600959,3.056140120869592,-6.4689108758727984,2.605514371612261,9.043337774874614,12.18587195092208,-4.972066712723527,-6.717178181514657,-10.636305424233328,0.4073194324408141,-0.3573783517071648,-1.4753688475797684,3.7009681861723696,-5.91769217165389,3.1158605082037276,7.9393254843556615,9.381274069157833,-0.9766920343616009,-0.15644923232119903,7.8475595681531995,2.742685274049605,-7.273007256460983,0.7027994699195194,-7.301304213579227,-4.813372156000919,2.1931357925616997,9.342263261235901,-8.547534635063984,-9.795135933566453,2.249286306683363,-4.833997622175245,-6.472869805149919,2.8405161814012536,-1.8418456202536144,-4.380218680307893,3.684817611696778,1.4532189263262836,3.032910149606135,0.9505508980758869,8.617397920902826,0.1287255936100623
-0.42262611055865434,1.3236676009812272,3.646349817641206,-9.184521180964007,5.374039398598157,7.336112252047362,-7.1609887910067895,20.850740751537383,-4.174721736260319,4.658167582626344,-0.0958774136821706,-0.40242137967983943,3.1596215887165005,-3.2363656764946613,0.5420661771074736,0.7815251595459638,4.0383147847610275,-9.08026060184788,3.258686035134091,12.240515085395423,16.834173862568253,-6.88395887281521,-9.41286660103915,-14.532222904041562,0.27590719664945546,-0.32532934838663347,-2.262150708433397,5.0314274898400075,-8.428192827894385,3.830168954457642,10.868973088134622,13.04975908758465,-1.0307198700142086,-0.49728818836999333,10.63124208735158,3.640463867759807,-9.826641863443992,1.2932760667737802,-9.546267517824305,-7.345813991160613,2.8570802126823076,13.204320923363976,-12.217548175849116,-13.777933796271363,3.246561852063508,-6.620687433499524,-8.562194458896197,4.055421842823905,-2.834420976853001,-6.3061128364924475,5.222079642386517,2.30676162480672,4.362711921614021,1.5012940441501121,11.883403505606243,-0.09053910652482677
-1.7283975659952373,-1.6746778248943102,-1.2755089925114755,8.068929205050052,-4.540319936799029,-7.1609887910067895,11.43452381412919,-22.69114987978877,4.524699430102463,-3.347711825423232,-1.9851025447412756,0.2814741254800945,-4.326057962340643,5.760039435710048,-1.9850630828451687,-0.6302744087463886,-3.2771237755635556,10.078885479825475,-1.798010489788198,-11.48099621769047,-17.38832200598762,7.221987208194026,10.310330738906305,14.258957731881802,1.0692194417156042,-0.4434325422362093,3.375625784922497,-4.8306842133275945,9.85394760233119,-1.820774524302301,-10.772917199635149,-13.949937560778363,-0.36256275419019784,1.8340446829742527,-10.018455163178245,-3.0548142643220393,9.140102929638788,-2.8069592391259643,7.306736543984337,10.842951156200664,-2.222250476260089,-15.06515641839495,14.500479150505479,15.30801360713441,-4.001445079042185,6.6297213677494184,7.114067012062483,-4.748218581251382,4.339288665340843,7.703379774810096,-6.007518018457094,-3.793114431887194,-5.385321411298723,-2.4256275795488778,-12.196660335149334,1.3405193792956045
-0.07302860693383513,3.9654257302872624,9.162647941823204,-25.632553464424518,14.90600641151843,20.850740751537383,-22.69114987978877,60.49290786431638,-12.101560476705355,12.605507828748683,0.8225996051232509,-1.085372554731491,9.632804748313433,-10.570413162833596,2.3061262234184157,2.150737000752749,11.126055380804843,-26.4499214040807,8.53406593650887,34.544832218335095,48.350593575013285,-19.83218729567094,-27.34363362191438,-41.34293724320287,0.07816821422988228,-0.5238721153858401,-7.044581264510738,14.258545297354726,-24.81104008102871,9.87856613851641,30.978642893762206,37.73111161032984,-2.2106031626718345,-2.124456871273726,30.028000612980193,10.08373497250764,-27.692283054961322,4.488459299138533,-26.071366357535997,-22.814172304906794,7.824921140083898,38.6779408574453,-36.08080765964041,-40.13699042877187,9.66609520968175,-18.90793143470087,-23.682044044945215,11.940486058060984,-8.887110483595809,-18.739153270644096,15.321986737609011,7.3692447362150615,12.996508904795995,4.77292033061157,34.090888218142645,-0.9169918642513257
0.024893944751687574,-0.7908983041375167,-1.8437375578249842,5.136011058519604,-2.985226978528964,-4.174721736260319,4.524699430102463,-12.101560476705355,2.42138662901399,-2.5310901905482583,-0.15491636478449117,0.21764337670537023,-1.9240908478423278,2.1028720540988797,-0.45601451393185405,-0.43172780254386156,-2.2318298477273517,5.2888561604098046,-1.7146505546587714,-6.9180418550133185,-9.675670494849388,3.967035054624904,5.4700642110159174,8.276892171179968,-0.022564861538180457,0.10837737564553931,1.4049448762556864,-2.8547254807754774,4.960526761681311,-1.9848199204382284,-6.201244815912367,-7.546856611827071,0.44749084412499074,0.4185921514820039,-6.013181812419096,-2.0216428022010797,5.545894616062878,-0.8921392165760729,5.230414377215632,4.549749259657829,-1.5671640361190633,-7.7322608977024805,7.212197456702155,8.028973879724992,-1.931291138643972,3.7830862001638392,4.746179611357312,-2.388341114150817,1.7700327430547782,3.7443181345975933,-3.0632554844948396,-1.4675557196679887,-2.594528590982328,-0.9510441754539791,-6.821875184214558,0.17770297096320944
-0.8535482194966856,0.729148263984605,2.929814654615596,-6.074509122691243,3.5906048267819357,4.658167582626344,-3.347711825423232,12.605507828748683,-2.5310901905482583,3.29369963128762,-0.6280106716259684,-0.28483062338526144,1.6744072776026901,-1.3382415843343065,-0.04675043827351918,0.5350960245086445,2.7513631457300733,-5.427356854815981,2.443435630986376,7.895908267190568,10.42520401973369,-4.226330549597219,-5.674107564111074,-9.205042841080012,0.5437818908347953,-0.41367838554709585,-1.1177419501882144,3.214062962586791,-4.910672030786648,2.9437568256942526,6.854006827653457,7.944816915282683,-1.0192809332852497,0.05449811035078,6.844563668784621,2.4494977628295027,-6.358652776048415,0.4038327797013379,-6.6156555432400515,-3.6579105920255484,1.956552405137627,7.781900853607827,-7.056603440936812,-8.249719109118843,1.8336302506145519,-4.148022743424485,-5.768951603497418,2.3670362150362196,-1.3600070967900495,-3.5799984277827352,3.0663194574014314,1.0405431966208842,2.449917092343634,0.6909294385266865,7.3773047953105735,0.28415191896859926
1.0106381284969632,0.1657400989925049,-1.1149188725302144,0.5396636306721777,-0.3940661534710891,-0.0958774136821706,-1.9851025447412756,0.8225996051232509,-0.15491636478449117,-0.6280106716259684,0.9766155321814289,0.05696207961111915,0.5378814171200271,-1.1817107068599553,0.6728916749631743,-0.0737852988628013,-0.3676452699318962,-0.454991765813423,-0.6899455840242318,-0.37728853735488677,0.2301151860730191,-0.14963014499002178,-0.4017831198187416,0.15420556610720104,-0.6333918681182427,0.36106375891087167,-0.5182979202188788,-0.10222062189537813,-0.6517513093608291,-0.9441644214297799,-0.0639523689599741,0.40342247590333846,0.65132717834754,-0.6274707639734419,-0.30545146216637226,-0.2825408589251287,0.33836149167719853,0.7057840626572448,1.0713354768376089,-1.6294489121972986,-0.2970493268973553,0.8528587020548805,-1.0476990409339286,-0.6879456540660167,0.34850460341243966,0.0029253749912028465,0.691912803085561,0.3137454786058674,-0.706235773014947,-0.6447875108973308,0.359399065358141,0.6949465355959021,0.47816782648401895,0.4310991297801304,0.12749876943688684,-0.5863543838473809
0.07636919812064964,-0.06350736587742069,-0.2573356255047878,0.5262219140802734,-0.3131839684440099,-0.40242137967983943,0.2814741254800945,-1.085372554731491,0.21764337670537023,-0.28483062338526144,0.05696207961111915,0.024908070910622193,-0.14201608623992668,0.11326256650043652,0.006852415056429975,-0.04600877054517038,-0.2377104706361404,0.46826521754476785,-0.2133305972828307,-0.6833065727965147,-0.8998404765791946,0.36558151746597745,0.48822549247970776,0.7954686716170387,-0.04822546343797717,0.03680468612972033,0.09505866736282624,-0.27816548808859415,0.42168448439171036,-0.2584963001116557,-0.5923199947450516,-0.6863442372168317,0.09109561885292564,-0.0061272609750377014,-0.5923336339384797,-0.21199153062786277,0.5505322428990951,-0.032283613426396636,0.5733793355719631,0.31187398627588486,-0.17154440391663567,-0.6707142957714554,0.606076021023912,0.7090475454310192,-0.15742886199034034,0.3596345796861532,0.501033889758474,-0.2023776119844164,0.11700736459757981,0.30753428232725905,-0.2638919437210514,-0.08841381164296497,-0.21205591417641986,-0.058493547004323035,-0.6373353773528191,-0.026176454668011488
0.4142100294865765,0.6748677136372967,0.9318756992368129,-3.7054799235871836,2.114274979190116,3.1596215887165005,-4.326057962340643,9.632804748313433,-1.9240908478423278,1.6744072776026901,0.5378814171200271,-0.14201608623992668,1.7086861875254866,-2.116690087056242,0.6407829603276674,0.3003612774823053,1.5555828494112045,-4.24768807131076,1.0173975115161185,5.140689454084368,7.515940756941844,-3.102825849873272,-4.367637337957319,-6.278854918273685,-0.25322347762646286,0.07205156918797742,-1.299552055151069,2.1438240250378167,-4.084062385622665,1.1121937079908102,4.725988653755364,5.955236054922361,-0.06030608542583155,-0.5893310586681768,4.477774325895448,1.4294546254110885,-4.105236521164421,0.988427552089161,-3.552420012739347,-4.185875152497371,1.0694364846485729,6.291035883769764,-5.979720710379114,-6.454255564111005,1.6300085352390519,-2.895329219020559,-3.339288231993876,1.9686081162876579,-1.6560882066337852,-3.146770572542754,2.502376183375859,1.4220316358992955,2.189550446461877,0.9140280763131216,5.28301752137973,-0.3878680826307773
-1.0755227594435512,-0.8176403000385988,-0.27420520145357313,3.526281831670812,-1.9725610974860852,-3.2363656764946613,5.760039435710048,-10.570413162833596,2.1028720540988797,-1.3382415843343065,-1.1817107068599553,0.11326256650043652,-2.116690087056242,2.9678762246616475,-1.0888400443769042,-0.26345427684535067,-1.383049458277254,4.729559860667037,-0.6269314471481017,-5.129486983201077,-7.993123009844095,3.341990240195069,4.809147124080318,6.457120603623095,0.6705703222849536,-0.3039540640951275,1.6855552126496929,-2.1754430009256294,4.67257258676517,-0.5743037265415462,-4.894533440620108,-6.483433999829886,-0.3408019697450495,1.0162953950863576,-4.483282550700099,-1.3100784264457968,4.074052299422604,-1.4751219185555002,3.020471571612591,5.408520094851911,-0.941511528745038,-7.11698764566255,6.904238369629148,7.162659282888458,-1.9232467049334636,3.031588430685491,3.0534517758644313,-2.24504304937498,2.189345545913753,3.695636584981128,-2.8411114907387978,-1.9296627563959214,-2.6036362683259933,-1.2281387849985823,-5.600416212239596,0.7772681824222843
0.6689416931751594,0.22188564146824485,-0.4789725294789982,-0.38514260517303883,0.16412740611573914,0.5420661771074736,-1.9850630828451687,2.3061262234184157,-0.45601451393185405,-0.04675043827351918,0.6728916749631743,0.006852415056429975,0.6407829603276674,-1.0888400443769042,0.51729138155905,0.01478900704751839,0.08182780735609906,-1.0674764675168744,-0.21204789395431967,0.7509823274033546,1.5561290111535535,-0.6717950829127108,-1.0631305856596516,-1.0975183579638408,-0.41694620359217444,0.2249769146664865,-0.5490338321420853,0.3449739782699669,-1.1554217938396767,-0.3461798548709567,0.8561237794403969,1.3589504365927219,0.37289507184874005,-0.47754597437783114,0.6675108587314063,0.10613452898620403,-0.5775913056109179,0.6014404947399681,-0.04814872333770707,-1.7434293316775613,0.023864239777418503,1.6861429140000928,-1.745152374506477,-1.6274642720670895,0.5120641025396009,-0.5422599977816315,-0.22471666245165675,0.5591009066890313,-0.722174284468012,-0.9719828181344298,0.68338060228989,0.67410992488383,0.6889497416962199,0.4249617871669785,1.0724993399120402,-0.4162848210823755
-0.11076745060782073,0.1275777490663845,0.4561536606121616,-1.0053805363849242,0.590538387600959,0.7815251595459638,-0.6302744087463886,2.150737000752749,-0.43172780254386156,0.5350960245086445,-0.0737852988628013,-0.04600877054517038,0.3003612774823053,-0.26345427684535067,0.01478900704751839,0.08798096888015271,0.4519860959245693,-0.9284931487683926,0.388693997268282,1.3173216638834613,1.763364270948768,-0.716078083770184,-0.9693039045609861,-1.5453083853909189,0.07117573105596335,-0.05780165734333123,-0.20525585714976796,0.5377932907123919,-0.848847259187159,0.4638076784324434,1.1521849700577638,1.350475404372198,-0.14951295598165118,-0.01115640628938591,1.1425805019900048,0.40354066690396817,-1.059613219549583,0.09154930277736571,-1.0798138886997954,-0.6691354525506569,0.3186559987718774,1.3379588867317371,-1.2231447112143985,-1.4130290682291125,0.32022426470456133,-0.6976318094527049,-0.9484145426288599,0.4097323084401498,-0.2511888959483027,-0.6239967388854839,0.5281795250050224,0.19769860613799511,0.4271035962510025,0.13047731100446988,1.246359041712477,0.02865255508497344
-0.5576224050286068,0.6662938603582869,2.3477209607393767,-5.190391096761773,3.056140120869592,4.0383147847610275,-3.2771237755635556,11.126055380804843,-2.2318298477273517,2.7513631457300733,-0.3676452699318962,-0.2377104706361404,1.5555828494112045,-1.383049458277254,0.08182780735609906,0.4519860959245693,2.3273418999360587,-4.810089882989019,2.0013819954938734,6.806379913334831,9.119972811816917,-3.7084702835171584,-5.0137022247331915,-7.986950453076409,0.3567793142785789,-0.29402789640785104,-1.068330377464908,2.7801522678257795,-4.3949010886505,2.3916180551445243,5.956518196524402,6.993191183581246,-0.7692570792831261,-0.06800076856662819,5.90413889170458,2.0806926456238113,-5.475069993510765,0.48051270356605513,-5.562989576350838,-3.4845572410164167,1.6508632881010923,6.933492071914786,-6.336258637465901,-7.308083372574441,1.6605974432968682,-3.612678643596308,-4.897163463055656,2.117476457744695,-1.3152944171178826,-3.23569805076325,2.7359802007528446,1.034031212149829,2.2227567072624836,0.6807414961507461,6.447652554243529,0.1398385266911133
-0.06864225642202004,-1.749777109912198,-3.8901841281206453,11.122337591668717,-6.4689108758727984,-9.08026060184788,10.078885479825475,-26.4499214040807,5.2888561604098046,-5.427356854815981,-0.454991765813423,0.46826521754476785,-4.24768807131076,4.729559860667037,-1.0674764675168744,-0.9284931487683926,-4.810089882989019,11.580095417735773,-3.6543124488220218,-15.024959512190375,-21.10286996287324,8.665678979058393,11.957566981685247,18.009489823382804,0.030743047662869467,0.19309539845975962,3.1222653520039327,-6.20766122761324,10.87850032518642,-4.221152205209303,-13.500510182292462,-16.495698241370203,0.9052668107831049,0.9896384826734376,-13.062945199437976,-4.3667778767052745,12.041717680545954,-2.023611169797793,11.25629294393364,10.109505372376175,-3.3901836262635525,-16.951427222941142,15.831655303623144,17.559591851547506,-4.24874584599178,8.249478974513476,10.260524586960942,-5.231285683334681,3.9512539891703278,8.234098293033663,-6.715797983037953,-3.28361462366605,-5.721648240002847,-2.123519023420121,-14.877897969346458,0.4576368248892264
-0.8545702147586568,0.4681737229942693,2.3301386783805977,-4.358714018156083,2.605514371612261,3.258686035134091,-1.798010489788198,8.53406593650887,-1.7146505546587714,2.443435630986376,-0.6899455840242318,-0.2133305972828307,1.0173975115161185,-0.6269314471481017,-0.21204789395431967,0.388693997268282,2.0013819954938734,-3.6543124488220218,1.8778902537207778,5.582388591894021,7.179698401968345,-2.9006832889909573,-3.8320253974243155,-6.432036558374637,0.539726922628838,-0.3814558155441936,-0.641250093511404,2.2598103157848204,-3.2373870300488248,2.297585204780467,4.776827925741575,5.4183322860331495,-0.8832861608806084,0.19931502661987266,4.833823421498859,1.772581929373172,-4.505336043126324,0.0938324234181658,-4.867398873032247,-2.118877173992703,1.4444412656855978,5.186854146473031,-4.625343357804895,-5.5419785512110655,1.1828239701268985,-2.8879091183909287,-4.189984668210251,1.5561940890379424,-0.7683258074756626,-2.3189649978934996,2.03609759497005,0.544287260384288,1.5858197821941957,0.3678158074802232,5.092187955419346,0.34973245427220523
-0.9287684516785497,2.1699733967239134,6.324520190351121,-15.418724973903103,9.043337774874614,12.240515085395423,-11.48099621769047,34.544832218335095,-6.9180418550133185,7.895908267190568,-0.37728853735488677,-0.6833065727965147,5.140689454084368,-5.129486983201077,0.7509823274033546,1.3173216638834613,6.806379913334831,-15.024959512190375,5.582388591894021,20.473289117237044,27.988977461894304,-11.435108501347242,-15.587635070693299,-24.240199101186498,0.5996131891676583,-0.6224834328236816,-3.6524354457039676,8.4040573215014,-13.89200271327504,6.593577570118501,18.118680184930607,21.649379751256497,-1.864601677942479,-0.6892135203321476,17.77683859127496,6.125986879498397,-16.444134745988727,1.9955809536694387,-16.13746940700314,-11.873659135559636,4.828805299928484,21.806042354710847,-20.11590975591001,-22.79284747130431,5.330106581874366,-11.031408104850295,-14.417713126668845,6.6825504778400475,-4.5670662032640745,-10.36049402113691,8.618289419969756,3.688479923179991,7.164093237659924,2.404647787327813,19.7664756837529,-0.02016666854030477
-0.5056769357141293,3.1236114528135364,7.876865026613586,-20.882527643131027,12.18587195092208,16.834173862568253,-17.38832200598762,48.350593575013285,-9.675670494849388,10.42520401973369,0.2301151860730191,-0.8998404765791946,7.515940756941844,-7.993123009844095,1.5561290111535535,1.763364270948768,9.119972811816917,-21.10286996287324,7.179698401968345,27.988977461894304,38.8378624387421,-15.90909288183098,-21.841044429153502,-33.364142528455965,0.3416399305538,-0.5819948698357068,-5.443821894680992,11.529459022098953,-19.691053210744776,8.379320375500656,24.97776848980553,30.21281915224299,-2.0729568402802796,-1.4342733781323977,24.31961579179122,8.244876337586934,-22.4533538132692,3.300192866266392,-21.46767131304503,-17.653825790764515,6.439303762800695,30.77533009529596,-28.59247211659185,-32.01472029041139,7.630477353769387,-15.233619722381537,-19.381741913082877,9.473389955737064,-6.849817499735649,-14.806698632949365,12.180761856605498,5.628849155701546,10.261276882323259,3.653116617673801,27.400684985534735,-0.47890994253824687
0.14900014514397156,-1.291358163893806,-3.164759817423063,8.516529784783515,-4.972066712723527,-6.88395887281521,7.221987208194026,-19.83218729567094,3.967035054624904,-4.226330549597219,-0.14963014499002178,0.36558151746597745,-3.102825849873272,3.341990240195069,-0.6717950829127108,-0.716078083770184,-3.7084702835171584,8.665678979058393,-2.9006832889909573,-11.435108501347242,-15.90909288183098,6.523294847306012,8.959500705332015,13.646750667123285,-0.10208807477416228,0.21794858633340566,2.2573818863424076,-4.714047049134291,8.094058598551802,-3.381625459994203,-10.22001023807404,-12.393102195785271,0.8158437125496745,0.6238072118077487,-9.937477642095589,-3.35721511966395,9.172036907475801,-1.3885804281814462,8.722093268564103,7.319679762693307,-2.624749627356712,-12.647767894988945,11.760302378267763,13.13675386476191,-3.142943597120094,6.239551047317306,7.89637649808649,-3.8909591903966407,2.848958426992389,6.097239576358154,-5.006025788091371,-2.3449530305799926,-4.233252768035044,-1.5197148888448977,-11.223785541324808,0.22929840908706403
0.0017553151260383314,-1.7949368649257684,-4.1019488241749515,11.558226761901482,-6.717178181514657,-9.41286660103915,10.310330738906305,-27.34363362191438,5.4700642110159174,-5.674107564111074,-0.4017831198187416,0.48822549247970776,-4.367637337957319,4.809147124080318,-1.0631305856596516,-0.9693039045609861,-5.0137022247331915,11.957566981685247,-3.8320253974243155,-15.587635070693299,-21.841044429153502,8.959500705332015,12.360851748625526,18.664678028201415,-0.01609379358627007,0.2252961460077168,3.197284312582556,-6.435383409706622,11.224868999844881,-4.43014919225062,-13.987070799777067,-17.04982320118562,0.9769070670860789,0.9785356543198397,-13.550144895539821,-4.5451234435975,12.494302049413266,-2.04935836830083,11.740841339495924,10.352474957032177,-3.5227566769763214,-17.491617052959047,16.32617738535047,18.147661346073036,-4.375765588132079,8.537038404441303,10.671993141929473,-5.4028490590279405,4.033759097976619,8.482048018016778,-6.930143262221713,-3.3489125594356683,-5.882132686753003,-2.1687003740879143,-15.398110296866127,0.43229459397525594
0.8001768864940142,-2.6300721418034008,-7.185627188715354,18.178750736301197,-10.636305424233328,-14.532222904041562,14.258957731881802,-41.34293724320287,8.276892171179968,-9.205042841080012,0.15420556610720104,0.7954686716170387,-6.278854918273685,6.457120603623095,-1.0975183579638408,-1.5453083853909189,-7.986950453076409,18.009489823382804,-6.432036558374637,-24.240199101186498,-33.364142528455965,13.646750667123285,18.664678028201415,28.788853399787424,-0.52285222355202,0.6314801730771721,4.501216915924825,-9.966006496407909,16.722894794621574,-7.556651958921022,-21.533909847213508,-25.873496892566006,2.0200152214418656,1.0087336564784737,-21.054217489757377,-7.202502064604524,19.458852800496878,-2.5875822374967683,18.874707352240378,14.615458880192264,-5.6523967627053935,-26.195823045211903,24.24590752856027,27.323151320902582,-6.445618066260345,13.120006716739237,16.941065603611758,-8.045499041507096,5.643967073114161,12.518860501557613,-10.360389218976668,-4.5967302501028025,-8.664157514608451,-2.990513441667909,-23.551383249792874,0.20086990347784575
-0.6651883327682712,-0.07031102416914554,0.8239097292409177,-0.6158599918356759,0.4073194324408141,0.27590719664945546,1.0692194417156042,0.07816821422988228,-0.022564861538180457,0.5437818908347953,-0.6333918681182427,-0.04822546343797717,-0.25322347762646286,0.6705703222849536,-0.41694620359217444,0.07117573105596335,0.3567793142785789,0.030743047662869467,0.539726922628838,0.5996131891676583,0.3416399305538,-0.10208807477416228,-0.01609379358627007,-0.52285222355202,0.4179577485269065,-0.2424847882010216,0.26870611767639363,0.21202926930172222,0.17416502417592283,0.7182028528550375,0.3575757555732449,0.11724075311189344,-0.44826317614959016,0.3912820842979958,0.5062953254534799,0.28914051117389744,-0.5039697194476964,-0.4168831784107503,-0.9716748752278347,0.8390634992481075,0.27180280846231114,-0.16788755335954497,0.31973508415888036,0.039981863384760806,-0.13052056183864197,-0.19219500764890457,-0.6945911211352952,-0.08224868059822785,0.376270052024978,0.23289434258016473,-0.08006251742781513,-0.3824266574387141,-0.18500848569850356,-0.23466700144873323,0.26284904362745054,0.37596945347758953
0.3863930979824275,0.007969918466264913,-0.5524933491253795,0.5608897624252182,-0.3573783517071648,-0.32532934838663347,-0.4434325422362093,-0.5238721153858401,0.10837737564553931,-0.41367838554709585,0.36106375891087167,0.03680468612972033,0.07205156918797742,-0.3039540640951275,0.2249769146664865,-0.05780165734333123,-0.29402789640785104,0.19309539845975962,-0.3814558155441936,-0.6224834328236816,-0.5819948698357068,0.21794858633340566,0.2252961460077168,0.6314801730771721,-0.2424847882010216,0.1449799101695545,-0.10009871340435131,-0.2365783519694649,0.09491294838759338,-0.49742431598580705,-0.4535471545640198,-0.36918393657310417,0.27941328282120564,-0.20977259631699122,-0.5325306589256062,-0.24731848952578864,0.512751759663893,0.20719438372810345,0.7694012743028709,-0.3052684055163447,-0.22221966872392898,-0.21079866531815736,0.10006032760275957,0.29310728851121065,-9.896475210111487e-4,0.26345037109893926,0.5921806711844889,-0.04536728751564166,-0.1457656926321255,0.01370185501339067,-0.07518663744661036,0.16280973112200894,0.0017768217769661458,0.09829212393865124,-0.423752383430797,-0.21092043309454353
-0.43426436895543324,-0.5110439785323314,-0.5249807302121623,2.5964351003858015,-1.4753688475797684,-2.262150708433397,3.375625784922497,-7.044581264510738,1.4049448762556864,-1.1177419501882144,-0.5182979202188788,0.09505866736282624,-1.299552055151069,1.6855552126496929,-0.5490338321420853,-0.20525585714976796,-1.068330377464908,3.1222653520039327,-0.641250093511404,-3.6524354457039676,-5.443821894680992,2.2573818863424076,3.197284312582556,4.501216915924825,0.26870611767639363,-0.10009871340435131,1.005289246052622,-1.5310265580199873,3.0268356448447067,-0.6789539374919898,-3.3954317127756233,-4.346505222326655,-0.040371152625405554,0.5094668582250355,-3.18473969629662,-0.9905702305798242,2.9122461544731966,-0.8046873847589945,2.4119284817877342,3.2343745677024476,-0.7352420770901348,-4.647729838724431,4.4455524118187215,4.736022897707566,-1.2206997839242115,2.0886018587133046,2.3144979705343736,-1.4564538666611493,1.2916211132849345,2.3530312259180852,-1.8504934606938042,-1.1186301864302954,-1.6460155421544216,-0.7161100464694382,-3.8232495396062744,0.35793936053574255
-0.32719480027563463,0.9025093571075428,2.5426074091580655,-6.315248852339992,3.7009681861723696,5.0314274898400075,-4.8306842133275945,14.258545297354726,-2.8547254807754774,3.214062962586791,-0.10222062189537813,-0.27816548808859415,2.1438240250378167,-2.1754430009256294,0.3449739782699669,0.5377932907123919,2.7801522678257795,-6.20766122761324,2.2598103157848204,8.4040573215014,11.529459022098953,-4.714047049134291,-6.435383409706622,-9.966006496407909,0.21202926930172222,-0.2365783519694649,-1.5310265580199873,3.4527320134118544,-5.751292919355085,2.662855731836361,7.45211715411559,8.930990630648557,-0.7326470835511136,-0.31786755889072754,7.298439606854581,2.5051658487133945,-6.74831646695226,0.8590793296494438,-6.581479595663282,-4.9745503487811025,1.9718925569700596,9.019669821783186,-8.333902308800376,-9.415215508990586,2.212177525884578,-4.539889423858044,-5.895561937249298,2.766048767005001,-1.91853207167552,-4.298232065048679,3.565809464145908,1.5557645471513428,2.9749456104249514,1.0128850973858123,8.140763852548012,-0.04013422944679376
-0.29934421815602524,-1.6620357354737019,-3.3534204923332225,10.223521297131308,-5.91769217165389,-8.428192827894385,9.85394760233119,-24.81104008102871,4.960526761681311,-4.910672030786648,-0.6517513093608291,0.42168448439171036,-4.084062385622665,4.67257258676517,-1.1554217938396767,-0.848847259187159,-4.3949010886505,10.87850032518642,-3.2373870300488248,-13.89200271327504,-19.691053210744776,8.094058598551802,11.224868999844881,16.722894794621574,0.17416502417592283,0.09491294838759338,3.0268356448447067,-5.751292919355085,10.278707168755695,-3.699156403666112,-12.54730034483522,-15.438190935324384,0.6838414364632084,1.0659884405331823,-12.08286260146155,-3.9993005740213206,11.12447406452161,-2.0512897128647745,10.22920785616882,9.78610954596605,-3.0766144731864746,-15.968903690513399,14.979749829853642,16.509022838237403,-4.0350626276864094,7.66911505234129,9.382032920194044,-4.947381499877626,3.8344154044427117,7.812470951022199,-6.333224283818168,-3.2156952738139903,-5.427154516366158,-2.076771560435193,-13.872041797694145,0.5629662045647078
-1.141025061358191,0.5297734803162157,2.890108292628574,-5.181649014048744,3.1158605082037276,3.830168954457642,-1.820774524302301,9.87856613851641,-1.9848199204382284,2.9437568256942526,-0.9441644214297799,-0.2584963001116557,1.1121937079908102,-0.5743037265415462,-0.3461798548709567,0.4638076784324434,2.3916180551445243,-4.221152205209303,2.297585204780467,6.593577570118501,8.379320375500656,-3.381625459994203,-4.43014919225062,-7.556651958921022,0.7182028528550375,-0.49742431598580705,-0.6789539374919898,2.662855731836361,-3.699156403666112,2.830116137863762,5.6057080235150005,6.29710011570551,-1.1308874459609088,0.31936748043763563,5.70677140970214,2.1143309996170854,-5.3268546114250075,0.008955084327936418,-5.846879389908381,-2.257672864171609,1.741119672833751,5.962042001447786,-5.27073028298748,-6.3898784703362885,1.337328621701282,-3.3896132813683373,-5.008589149390583,1.7742121863562679,-0.8084828590989824,-2.6275293029700317,2.335545997393015,0.5430448778123158,1.799137391372262,0.37099944752658287,5.950062924052994,0.49130533420675826
-0.545425168529654,1.9773465864324453,5.318826727355356,-13.574352415721568,7.9393254843556615,10.868973088134622,-10.772917199635149,30.978642893762206,-6.201244815912367,6.854006827653457,-0.0639523689599741,-0.5923199947450516,4.725988653755364,-4.894533440620108,0.8561237794403969,1.1521849700577638,5.956518196524402,-13.500510182292462,4.776827925741575,18.118680184930607,24.97776848980553,-10.22001023807404,-13.987070799777067,-21.533909847213508,0.3575757555732449,-0.4535471545640198,-3.3954317127756233,7.45211715411559,-12.54730034483522,5.6057080235150005,16.11005470181279,19.382550399626226,-1.4779734017418713,-0.7880565240017152,15.738486399987307,5.374369857769318,-14.543023541334716,1.9730225266512857,-14.066481837253024,-11.022516233277463,4.21494936487648,19.647225525205915,-18.197540476406072,-20.480576297587852,4.8414788622590645,-9.818059230410705,-12.640670082892962,6.036071510974329,-4.261351533516751,-9.40160856778959,7.771400869728289,3.476514843851828,6.509445215266711,2.26044839738376,17.629977298123865,-0.18118787701805472
-0.15936510255407693,2.468324021363528,5.865647818170627,-16.092472809501285,9.381274069157833,13.04975908758465,-13.949937560778363,37.73111161032984,-7.546856611827071,7.944816915282683,0.40342247590333846,-0.6863442372168317,5.955236054922361,-6.483433999829886,1.3589504365927219,1.350475404372198,6.993191183581246,-16.495698241370203,5.4183322860331495,21.649379751256497,30.21281915224299,-12.393102195785271,-17.04982320118562,-25.873496892566006,0.11724075311189344,-0.36918393657310417,-4.346505222326655,8.930990630648557,-15.438190935324384,6.29710011570551,19.382550399626226,23.560475465677058,-1.4655837604944686,-1.2596714459866578,18.816606715601363,6.335916788636417,-17.360128265989886,2.7222977968177657,-16.419663980245055,-14.086250088121979,4.940012404292739,24.099310560453073,-22.44240166749333,-25.012229983478342,6.005787258830444,-11.835250452319205,-14.895564174089921,7.423331878717163,-5.488660119051507,-11.64711433987754,9.541944637227507,4.533191451301141,8.086624190372362,2.936119469218019,21.30973246876511,-0.5068185238801747
0.7159409135548259,-0.07110462780176877,-1.2162360598262119,1.566156538756843,-0.9766920343616009,-1.0307198700142086,-0.36256275419019784,-2.2106031626718345,0.44749084412499074,-1.0192809332852497,0.65132717834754,0.09109561885292564,-0.06030608542583155,-0.3408019697450495,0.37289507184874005,-0.14951295598165118,-0.7692570792831261,0.9052668107831049,-0.8832861608806084,-1.864601677942479,-2.0729568402802796,0.8158437125496745,0.9769070670860789,2.0200152214418656,-0.44826317614959016,0.27941328282120564,-0.040371152625405554,-0.7326470835511136,0.6838414364632084,-1.1308874459609088,-1.4779734017418713,-1.4655837604944686,0.5679439040153054,-0.3431213491195855,-1.6052484212803622,-0.6638467698085169,1.5208665326266264,0.29372895933344423,1.9566036810651106,-0.09321639300702354,-0.5797391592824453,-1.1906388741218383,0.9260524741671657,1.3622838680292189,-0.20098245923303903,0.8826912740748986,1.5872098452915215,-0.32478262064783525,-0.08039288336807508,0.4117365292704589,-0.4548741279637289,0.1475716212304844,-0.2718935616245355,0.08356602457203685,-1.488400319941641,-0.3714990492937383
-0.6248625743586714,-0.20999624376634038,0.44493030367534875,0.3501838324309332,-0.15644923232119903,-0.49728818836999333,1.8340446829742527,-2.124456871273726,0.4185921514820039,0.05449811035078,-0.6274707639734419,-0.0061272609750377014,-0.5893310586681768,1.0162953950863576,-0.47754597437783114,-0.01115640628938591,-0.06800076856662819,0.9896384826734376,0.19931502661987266,-0.6892135203321476,-1.4342733781323977,0.6238072118077487,0.9785356543198397,1.0087336564784737,0.3912820842979958,-0.20977259631699122,0.5094668582250355,-0.31786755889072754,1.0659884405331823,0.31936748043763563,-0.7880565240017152,-1.2596714459866578,-0.3431213491195855,0.44621169041571856,-0.6131418776286327,-0.09370475551978683,0.5304461539112552,-0.5566445014941939,0.03086363610099341,1.6202930911434903,-0.02713809354229566,-1.5632048939286358,1.6127087895977292,1.496580530167898,-0.47430809778296934,0.505053125257259,0.20472006269306592,-0.5118968179186202,0.6772546217148083,0.9004879789330859,-0.6321757889953583,-0.6283426966747648,-0.6459903940144717,-0.3947978903765137,-0.9903544347441385,0.3880308747784356
-0.7837083685439883,1.8891222493446462,5.469026754327229,-13.382115473400809,7.8475595681531995,10.63124208735158,-10.018455163178245,30.028000612980193,-6.013181812419096,6.844563668784621,-0.30545146216637226,-0.5923336339384797,4.477774325895448,-4.483282550700099,0.6675108587314063,1.1425805019900048,5.90413889170458,-13.062945199437976,4.833823421498859,17.77683859127496,24.31961579179122,-9.937477642095589,-13.550144895539821,-21.054217489757377,0.5062953254534799,-0.5325306589256062,-3.18473969629662,7.298439606854581,-12.08286260146155,5.70677140970214,15.738486399987307,18.816606715601363,-1.6052484212803622,-0.6131418776286327,15.43605007837339,5.315169755097253,-14.277582704664423,1.7495397410299633,-13.994080184945995,-10.35212032289061,4.18850205190083,18.96288646212426,-17.49872332970917,-19.815714365265745,4.6382912663847335,-9.583396110013997,-12.509249243388282,5.8120661200377155,-3.9839820851022245,-9.015037840448578,7.495028946745301,3.2202190593838855,6.234912354564013,2.0987951092019297,17.174408341176544,-0.03090955974897016
-0.4520158896099503,0.6117171378824475,2.0652722012949116,-4.658520344522214,2.742685274049605,3.640463867759807,-3.0548142643220393,10.08373497250764,-2.0216428022010797,2.4494977628295027,-0.2825408589251287,-0.21199153062786277,1.4294546254110885,-1.3100784264457968,0.10613452898620403,0.40354066690396817,2.0806926456238113,-4.3667778767052745,1.772581929373172,6.125986879498397,8.244876337586934,-3.35721511966395,-4.5451234435975,-7.202502064604524,0.28914051117389744,-0.24731848952578864,-0.9905702305798242,2.5051658487133945,-3.9993005740213206,2.1143309996170854,5.374369857769318,6.335916788636417,-0.6638467698085169,-0.09370475551978683,5.315169755097253,1.863421780425304,-4.926299627430572,0.4682895985859863,-4.966049904725608,-3.228951551531733,1.4785248947788905,6.3041684110751826,-5.772167860633124,-6.629309753663759,1.516786408065488,-3.263754794829036,-4.3875545144755375,1.925224866717928,-1.2258839852490264,-2.9538757674926477,2.4881972419392913,0.9694867958135671,2.0340922571232247,0.636366926652863,5.828072314633716,0.09661013906568768
