V1,V2,V3,V4,V5,V6,V7,V8,V9,V10,V11,V12,V13,V14,V15,V16,V17,V18,V19,V20,V21,V22,V23,V24,V25,V26,V27,V28,V29,V30,V31,V32,V33,V34,V35,V36,V37,V38,V39,V40,V41,V42,V43,V44,V45,V46,V47,V48,V49,V50,V51,V52,V53,V54,V55,V56
2.823519259635306,1.4569078109339364,1.3077664075735311,-0.8558016617151378,-0.8968175109259927,-0.59449327325007,-0.5589671343473311,-0.593444641843406,0.7508820223198079,0.2898075965618248,1.649920348125299,0.8610472244487976,-1.2610479484879786,0.4004171628326341,-1.2344214629553798,0.4652128555507478,-0.7147571563168,-0.8061792741638957,1.4559564506624947,0.20776032963043675,1.3389227403888952,-0.024846040753305727,0.438954416190891,2.173197683849167,0.6008664532351603,0.4128864148791768,-0.37760132838894117,0.5778414857155759,-1.8184618760472626,1.0165015913083142,2.215075637743117,1.3195500927957515,0.08302195730787133,-0.9750818495991399,-0.3774554396431318,-0.46310962483055845,-1.8067686774495073,0.8015147779815287,-0.21130547884234777,-0.611324082333003,0.9253787542306244,1.6585237382081752,-0.16140154479225252,-2.3395098967072623,-0.6649039379565017,-0.6952154837101192,2.9101133370378207,0.360210757205324,0.06915112695359728,0.2510647875610272,0.4608190380509766,0.8942816210247044,0.22464208291040857,-0.027126781852866905,0.9034184409426521,1.431004170707351
1.4569078109339364,1.013220440298283,0.9069260846800987,-0.8068320035730464,-0.44831475820138383,0.16949382409470873,-0.35660317683129766,-0.41026560869442225,0.6030043264686495,0.2572608060013145,0.5702094779678478,0.41448547820369047,-0.7440403003204663,-0.10074047765005278,-0.2912725164786311,-0.010478436351642688,-0.18276426200032939,-0.20168433307608272,0.7842050704374227,0.28682503417546484,1.0931734065793137,-0.011873365106947044,0.5090144780744025,1.0062138143104258,-0.21660017722376435,0.527842009529937,-0.0450423377507101,0.3913106424253509,-0.5773763192394722,0.32563640992970744,0.848648808872538,0.715437577431766,0.09058275955643563,-0.47598311953098316,-0.39317626498701813,0.06935974096804066,-1.407904936520647,0.8678595527468035,0.31338621670496125,-0.4169130352449793,0.21211562823939667,0.7313852511651636,0.13329554377419914,-1.2247901375065167,-0.28822289355100467,0.06731123748236777,1.5422396748179208,0.018240343827970833,-0.27046756335051203,0.195438493988771,-0.016951996063852295,0.7916943359541678,0.18260882250767016,0.6153736321602657,0.5508738148402652,0.9330097807234504
1.3077664075735311,0.9069260846800987,1.7366956780051968,-0.5320676355942157,-0.49914980263903824,0.8190960625738294,-0.3614757614255954,-0.4016958256627044,0.6809357144024926,0.7133278886051863,0.43988991968697005,0.28180461197418405,-0.3982692680703921,-0.8051443980327037,-1.0621796189454424,0.09068894323963712,0.05770903658343612,-0.02884550279333457,0.9401907798924328,0.9807909911483862,1.0528444581331668,0.26748619382009703,-0.754635928189165,0.9812166037336288,-0.45424250296762264,-0.3886880709110652,-0.3205656873440221,0.8797000460624792,-0.5774994954830281,0.8216449069131118,0.877247745245067,0.4917756654221168,-0.40031943815081267,-0.6016163100278361,-1.128130295782764,0.0650993342083547,-0.4320888524395708,1.074692559403978,0.5940116453206997,0.3032887997407447,-0.26425102897206404,0.09934121760429303,-0.5790549553495591,-0.9743554027399184,0.42371213577780464,-0.25628543947856347,1.1577987864564385,0.7706482050702119,0.22068384829450874,0.43025939843321076,-0.3844806786233777,1.298887144906943,-0.10887314124144593,-0.19698043206822,1.3506303271358424,0.9541134002190604
-0.8558016617151378,-0.8068320035730464,-0.5320676355942157,1.3400863099026747,0.4371112723800294,-1.2074403394629543,-0.2163017455154266,0.37337961728042407,0.1808871229734175,-0.11374831061023738,-0.08078598288291274,-0.7876139376766421,1.579154818716275,-0.14958162823187662,-0.19853185586110844,0.09633663482082468,-0.45592638329871377,0.220135299741404,-0.6053524200339859,0.1092805402361267,-1.323684876898854,0.14055129038377967,-0.8750020151115355,-1.052120050602515,0.23063897964910438,-1.1440645179298967,0.21653969250505253,0.2737904585154968,0.145959711282373,0.06512886281761807,-0.05967005695601394,-0.4585138918030225,-0.31882071032491177,-0.0029401071700314568,0.7894953131887023,0.5225135789104222,1.8143199569170292,-0.9848882984982308,-1.2465923364205338,-0.2913288336075797,-0.16003888631812094,-1.1075048699804906,-0.6463783812158292,1.322891777794222,0.13383669575887105,-0.07581879233315256,-1.2071782034356315,-0.18815405093506465,0.5697852350041955,0.20568222439168296,0.49422420406956485,-0.5386364577073451,0.3289452169240715,-0.49847922909692155,-0.20747798553774519,-0.35505633016887334
-0.8968175109259927,-0.44831475820138383,-0.49914980263903824,0.4371112723800294,0.3748343711566337,-0.18635702755871564,-0.003978566326991781,0.20762240647537156,0.021054662724475735,-0.12656719579603404,-0.5156460415325347,-0.4776764682002659,0.7574412093756194,-0.18919496957946016,0.5224831173735272,-0.2228854680845934,0.037241557820807174,0.34573472840270775,-0.5494463386530476,-0.025633593349802614,-0.5541160274302283,0.008829653984485418,-0.03648288384713648,-0.9244011406312955,-0.29592153998693993,-0.17977821314888842,0.2992598005557378,-0.05201822050024332,0.6458656303439416,-0.39358356585324406,-0.6630683951957875,-0.3937046627484893,-0.02317302417452577,0.24260715553751214,0.4046256431513024,0.476456891308479,0.6284675630570379,-0.3258392109543902,-0.2454043234286544,-0.17370000266530394,-0.3213653950237352,-0.7316493759393979,0.03928297348628105,0.9464270041910158,0.09265031457911237,0.42052791586881283,-0.9841492749576304,-0.38216822750241386,-0.06026491170148842,0.021269517822972386,0.014839873319066757,-0.29937732414293944,0.1711565652293737,0.3230097943801449,-0.36792477307009497,-0.3303072677786549
-0.59449327325007,0.16949382409470873,0.8190960625738294,-1.2074403394629543,-0.18635702755871564,2.868229284619456,0.7259437621925818,-0.1787166974058146,-0.7619073683660144,0.44428217857249724,-0.9812534392526674,0.5866756545336724,-1.3435082483977745,-0.6626805579548789,0.19301541771943917,-0.2693256728188811,1.3918940999929792,0.2785506342018632,0.19381070279298504,0.3652845845603448,1.1053781538683827,0.08356194543814109,-0.2927276606001807,0.3090656236881491,-0.8439172310009556,0.5148104127704726,-0.44463013750461866,-0.3285088543797291,0.8216651997291883,-0.17372790066660884,-1.2076063834369828,-0.35668504238233084,-0.07180145706921964,0.49184059921803874,-1.7449001637730823,-0.6475495921916903,-0.5857752356428753,1.148884814754223,2.3121380940597054,1.6566962537061294,-0.7566331827564895,0.09234343865969778,0.3275975108401657,-0.3592942355754018,0.9463457915606645,0.09409805862719829,-0.3439851133794672,0.9189742489417331,-0.3495890879261603,-0.2669661675314844,-1.4025062452427381,0.7246168491715621,-1.004786970135145,-0.23392276335962794,0.5703302025315291,-0.3878800331431009
-0.5589671343473311,-0.35660317683129766,-0.3614757614255954,-0.2163017455154266,-0.003978566326991781,0.7259437621925818,0.549785487341927,0.09718876967573602,-0.8156804714972531,-0.13052438233735184,-0.28705894448312247,0.32960250031391947,-0.636555438374205,0.3098331224772179,0.12588333203797802,0.08645513153843377,0.48972100906298205,-0.1196545138798359,-0.1599480773933125,-0.3653959360164217,-0.04373828332608684,-0.0769019554264859,-0.01606841083590031,0.10234740202903397,0.26915465833627533,0.2339197264178061,-0.2785240464198068,-0.5810591750197486,0.17045453050840279,-0.1626114308789878,-0.5246169341349061,-0.2814603242417271,0.10740354603162972,0.39370492163173515,-0.3322158225171428,-0.7096373514958683,0.05905788744558707,-0.14111834973495715,0.6144272848475382,0.7882514680674375,0.04621146367674651,0.31970005062272,0.22977602254562232,-0.038448041200859984,0.2019763414667465,-0.289827968236972,-0.379107219645804,0.35246118413371125,-0.01623844433566606,-0.36416670809774526,-0.322099290536904,-0.35499759734419317,-0.5340054266101091,-0.5902077358057999,-0.24874330254900132,-0.6292277390810511
-0.593444641843406,-0.41026560869442225,-0.4016958256627044,0.37337961728042407,0.20762240647537156,-0.1787166974058146,0.09718876967573602,0.17314502734662118,-0.17828676049685974,-0.11909337062661134,-0.22777926737901233,-0.22276293531287605,0.3971208093974877,0.03261180597289103,0.15913136520597135,-0.015461248741057027,0.020331121865339676,0.10368611287396386,-0.34518035883472264,-0.11360333480708941,-0.48283443912091156,0.0025355227328534707,-0.17012281544297683,-0.47291620684335767,0.06527623382148501,-0.2219397077632974,0.06831465372081426,-0.12937642790455792,0.2520834092104262,-0.15540625060492516,-0.33420982305766705,-0.28339829394957955,-0.0318911384466864,0.1772798694806005,0.24494708810985122,0.05859808759155736,0.583197138685234,-0.3779102738745588,-0.21692908907487427,0.0652298227692796,-0.08814159509643603,-0.3472243406343934,-0.05232318308315328,0.5525435660737813,0.07896095863135347,0.026830882953514466,-0.6424462329784356,-0.0854279925531299,0.09732585707603968,-0.05513847374932623,0.055066742938028525,-0.33383231540716446,-0.007024522990654613,-0.16273295210224317,-0.25448374463434625,-0.3487844113981576
0.7508820223198079,0.6030043264686495,0.6809357144024926,0.1808871229734175,0.021054662724475735,-0.7619073683660144,-0.8156804714972531,-0.17828676049685974,1.2699832569422551,0.27324915658728893,0.24906273915322538,-0.5128858697968258,0.9232892363648282,-0.6550848588401289,-0.07244232027799392,-0.23739220661114005,-0.5887416456285378,0.29767863063480765,0.23789692331675996,0.6667359196131851,0.22428760552102642,0.13613228862788634,0.035317025341881254,-0.234364352338875,-0.6589855257431619,-0.27924076603297415,0.45137093105225373,0.914360553130455,-0.05343290116047391,0.1717453336234295,0.5909774275792341,0.3824025580260633,-0.17718155778263414,-0.5515623610309307,0.3287440778834418,1.170324155795574,-0.19099274235920324,0.41802653062739875,-0.6639188087774158,-1.1101367394535173,-0.24366684751157794,-0.5975329119737992,-0.2919498646683939,0.10364965185893937,-0.19361791827628608,0.5947612850517873,0.48842977618054384,-0.5239640800205807,-0.07487430254732512,0.5718751943915239,0.3082928275517432,0.6943443544790782,0.7711538578616862,1.068102241133975,0.4542080367921564,0.9767492311414597
0.2898075965618248,0.2572608060013145,0.7133278886051863,-0.11374831061023738,-0.12656719579603404,0.44428217857249724,-0.13052438233735184,-0.11909337062661134,0.27324915658728893,0.3281132284388881,0.016513820647292034,0.001904583363123021,0.021989428278177913,-0.4759116363290461,-0.397509864506139,-0.01090515042894682,0.09777032286809068,0.09810384705893023,0.27855882734782395,0.4878032309440552,0.3245143803613319,0.14702995833445703,-0.47532606533039085,0.1879600288846918,-0.30695437136785353,-0.2968928694897361,-0.10471597852362495,0.397416709775934,-0.061661001438301055,0.2974881487834219,0.17363191500163974,0.07221976045476615,-0.2296174387546178,-0.19089631716222696,-0.49953625871396884,0.1222188000013069,0.07208456131452244,0.4180845109280344,0.27960891227386636,0.2121260261226824,-0.26104244352574485,-0.20538439738691452,-0.30370515589475194,-0.15456838024097921,0.30499205000228585,-0.04100181639735192,0.18636335783812943,0.3385285465316617,0.1250375430847816,0.20217939871220236,-0.23468908996292295,0.5406077541644471,-0.06505100527381052,-0.10635705813077669,0.5760805232276156,0.30496828162657247
1.649920348125299,0.5702094779678478,0.43988991968697005,-0.08078598288291274,-0.5156460415325347,-0.9812534392526674,-0.28705894448312247,-0.22777926737901233,0.24906273915322538,0.016513820647292034,1.275726045345113,0.49929592027909925,-0.5786953860648365,0.5979645323528159,-1.0228762258117614,0.5229060617182277,-0.6717863629291214,-0.6948116116196049,0.7831812363947203,-0.10865762793917584,0.31455527550368106,-0.03190427902732675,0.042456738975624325,1.3426881629976581,0.9176319830662094,-0.05952978933604161,-0.33026205879764264,0.23177619962435067,-1.4375201836562077,0.7642606549252715,1.6156865111832248,0.7476368327676038,0.025918755063580698,-0.6026070375520988,0.09928222976610009,-0.5387977798595699,-0.5771040252566123,-0.05757934708066023,-0.6649748922649894,-0.3622203035669999,0.8506658588749151,1.0957641578138584,-0.2906178023322356,-1.3139155945971852,-0.512936557319822,-0.8098106821384897,1.6576154532411334,0.29324480137130166,0.33782355583708257,0.08051531661255128,0.6010126912694954,0.12545258411970128,0.1244353247737587,-0.5913282791224063,0.36837661555902473,0.6430246277287798
0.8610472244487976,0.41448547820369047,0.28180461197418405,-0.7876139376766421,-0.4776764682002659,0.5866756545336724,0.32960250031391947,-0.22276293531287605,-0.5128858697968258,0.001904583363123021,0.49929592027909925,0.843017776935617,-1.4457728513199333,0.5490209465723982,-0.41298253541397356,0.2978164336644496,0.21251641368225668,-0.537196272972616,0.5889107729984236,-0.31262715325633256,0.7387470856702766,-0.11513909391286635,0.3242113803048743,1.257300791145452,0.5470684810586243,0.5916125811281837,-0.4854017478537687,-0.37308606174297204,-0.7042534131011395,0.2935314536832879,0.5144506041529086,0.39215796669269026,0.20014359210759203,-0.05082513040471426,-0.5913764823058708,-1.0157025897516778,-1.025881067863349,0.33744559860543794,0.6677882342771578,0.5404848611880954,0.5194824195035216,1.2615552602392321,0.25339827135094345,-1.3062016010185105,-0.14121719890230516,-0.6147275851282519,1.1346187997653077,0.5374462569980452,-0.060606538464076466,-0.28843992642021693,-0.1597257359444788,0.10157057607970943,-0.4763715414430641,-0.548756646901822,0.17165726740041076,0.06531659586967234
-1.2610479484879786,-0.7440403003204663,-0.3982692680703921,1.579154818716275,0.7574412093756194,-1.3435082483977745,-0.636555438374205,0.3971208093974877,0.9232892363648282,0.021989428278177913,-0.5786953860648365,-1.4457728513199333,2.5985987764270786,-0.8694331903740392,0.33463990742334176,-0.3419758900598089,-0.5537202271942322,0.7917570959625917,-0.909487572760339,0.5773007559761065,-1.4257448661814551,0.2391906717806509,-0.8398531722715594,-1.9909817029972074,-0.6686218311187275,-1.3146475448576422,0.7343179542537182,0.7583620144420326,0.8769289509339067,-0.25279111515276675,-0.5137066054946448,-0.6066398370143243,-0.43895192056238724,-0.052770116031009597,1.0717000661295455,1.6419242386312574,2.041696846046935,-0.7535135175371092,-1.457517734223642,-0.9324448791983171,-0.7499909613493606,-2.122624644300054,-0.6844164471025853,2.1594309177679416,0.22797555020049975,0.7756100349423826,-1.8025503046347098,-0.7696708746323925,0.3437877731761714,0.5503892556162181,0.45006584165319724,-0.20638009330730533,0.8345103679008288,0.5679660552100182,-0.1658375890698655,-0.05350397003140888
0.4004171628326341,-0.10074047765005278,-0.8051443980327037,-0.14958162823187662,-0.18919496957946016,-0.6626805579548789,0.3098331224772179,0.03261180597289103,-0.6550848588401289,-0.4759116363290461,0.5979645323528159,0.5490209465723982,-0.8694331903740392,1.1570984050288096,-0.005210913158537795,0.36221232667020126,-0.22549961632725182,-0.6285060744537703,0.08141186864760984,-0.9054225788035395,-0.12444963519712442,-0.265900634933476,0.7271815815309979,0.7172565166375703,1.067186041709088,0.591728713182367,-0.22873649075872501,-0.7139315808142852,-0.7034785460567864,-0.024268191168863067,0.4688065705108309,0.2510866719949594,0.40441989490169394,0.09655666104699047,0.4573358823134255,-0.9074245239691603,-0.59259151528249,-0.5546555002542305,-0.3131139459974121,-0.050009505043448164,0.8898668357836819,1.2035913158206613,0.40975883489643267,-0.7377107671536139,-0.6125573708278947,-0.5746489054025296,0.6704189721576693,-0.0630065191858913,-0.028127179638259964,-0.4283033033596644,0.44628776421969724,-0.763179633962821,-0.15455955725770607,-0.47344733654783516,-0.6423314657446364,-0.3087392919219243
-1.2344214629553798,-0.2912725164786311,-1.0621796189454424,-0.19853185586110844,0.5224831173735272,0.19301541771943917,0.12588333203797802,0.15913136520597135,-0.07244232027799392,-0.397509864506139,-1.0228762258117614,-0.41298253541397356,0.33463990742334176,-0.005210913158537795,1.6939792833478913,-0.6368783627483675,0.30301964876923193,0.5360705412980964,-0.8196705044781165,-0.4407915046898334,-0.16939584555422885,-0.21705686785729483,1.209841881683348,-1.2465316406638987,-0.7672633533236913,0.9212837227525118,0.6536940215401127,-0.5213991819261162,1.3352723127676231,-1.1636191280194577,-1.4302608083380381,-0.39904226433607093,0.4239946107258204,0.5814918398387121,0.6487587536940168,0.7160139204921631,-0.49253581438425437,-0.03162453059754355,0.27030454894233014,-0.5535298796463581,-0.3826818302816885,-0.49907974427832175,0.9230949307494609,0.968946607941599,-0.24336832929001548,1.1875067701799045,-1.053960388201644,-1.0917129010479978,-0.8224534290466243,-0.19889120298902888,-0.1693472082161858,-0.4542606729885479,0.2991853999151578,1.5562378392293486,-1.0203816743856915,-0.4258655905873386
0.4652128555507478,-0.010478436351642688,0.09068894323963712,0.09633663482082468,-0.2228854680845934,-0.2693256728188811,0.08645513153843377,-0.015461248741057027,-0.23739220661114005,-0.01090515042894682,0.5229060617182277,0.2978164336644496,-0.3419758900598089,0.36221232667020126,-0.6368783627483675,0.3599987819081996,-0.15827106032353563,-0.3825597335763818,0.274710412284729,-0.12991029224589434,-0.06440016872686795,0.005023994430343371,-0.30084073971017483,0.6184520933807071,0.6425917937013075,-0.22368662160323594,-0.3268547879305742,-0.05551192082856445,-0.6787938395297939,0.41670815554786816,0.61458620013568,0.16339406269520823,-0.05076014985255284,-0.14898816600211998,-0.09270341925335622,-0.5732584801397109,0.13730709272426958,-0.22953907697818543,-0.21052993997804206,0.2562975973511235,0.397572456633341,0.4990800940423788,-0.2451776377354787,-0.4958038958013001,-0.05756544974124806,-0.6484681680307779,0.47201271320858645,0.415618697674194,0.336091630996824,-0.07493678213185502,0.19260694034420175,-0.12486650697481394,-0.1915360513161453,-0.8164530301769223,0.15565894557579524,-0.01948417128844504
-0.7147571563168,-0.18276426200032939,0.05770903658343612,-0.45592638329871377,0.037241557820807174,1.3918940999929792,0.48972100906298205,0.020331121865339676,-0.5887416456285378,0.09777032286809068,-0.6717863629291214,0.21251641368225668,-0.5537202271942322,-0.22549961632725182,0.30301964876923193,-0.15827106032353563,0.7621037583868876,0.18396923083696856,-0.1447098705178564,0.013350497404457123,0.28538151185868316,0.007339495294337364,-0.11544914758323892,-0.12255056773148411,-0.35929278772960854,0.25965982518447467,-0.18230919558674405,-0.35782930416064124,0.6086565224543841,-0.2609033722510972,-0.8959397894328616,-0.36322937338976086,0.007628294981171968,0.4179283823902045,-0.7127485779944425,-0.36108211280223984,-0.05466395741207777,0.3380871048066185,1.1069684384720733,0.8975538916248436,-0.39836389334818056,-0.07078043296604968,0.24253674519399684,0.12432631447630081,0.48470406239626856,0.08288292915904726,-0.5710067996221962,0.3733887718579197,-0.18363421358507262,-0.2320389920994065,-0.6925831957078422,0.08858675391035666,-0.5452311341858992,-0.17632260599245328,0.030182904908946744,-0.4762468143780188
-0.8061792741638957,-0.20168433307608272,-0.02884550279333457,0.220135299741404,0.34573472840270775,0.2785506342018632,-0.1196545138798359,0.10368611287396386,0.29767863063480765,0.09810384705893023,-0.6948116116196049,-0.537196272972616,0.7917570959625917,-0.6285060744537703,0.5360705412980964,-0.3825597335763818,0.18396923083696856,0.543160666861258,-0.42538939273787807,0.33496373748199093,-0.21002240917689222,0.08982986404771798,-0.14163516513721017,-0.9630657632084482,-0.7705399126315319,-0.18827585038705882,0.3527106358999785,0.2154464474022643,0.8562653364174371,-0.3707798613917304,-0.773521600911116,-0.3641667893921952,-0.12386482866134607,0.1685352266792871,0.07032715797742682,0.757633676676825,0.46264865467573446,0.11634656779923898,0.09979044086578402,-0.14214596411151456,-0.6299117335398038,-0.9731042966464539,-0.0074630187376636785,0.9325510723281845,0.28906661964618635,0.6660513973268144,-0.9371024592074932,-0.3283648221584418,-0.16214389245355487,0.1722949862349359,-0.24029728203472644,0.14751307120171778,0.19504732716107456,0.6395697132677508,-0.04098000976099415,-0.07981446792380277
1.4559564506624947,0.7842050704374227,0.9401907798924328,-0.6053524200339859,-0.5494463386530476,0.19381070279298504,-0.1599480773933125,-0.34518035883472264,0.23789692331675996,0.27855882734782395,0.7831812363947203,0.5889107729984236,-0.909487572760339,0.08141186864760984,-0.8196705044781165,0.274710412284729,-0.1447098705178564,-0.42538939273787807,0.8674019327842122,0.22919935509993236,0.876467575984067,0.03419786364577459,-0.015736711837597287,1.3038890256960929,0.25972209611782077,0.15898268197023602,-0.3621736581866278,0.2978791635711187,-0.9409378130678371,0.6377908290605311,1.0784075385057894,0.6400434436479071,-0.0339829055735494,-0.4735785604216692,-0.5923130228802393,-0.4521056063273207,-0.9155771411221151,0.5999993668813567,0.270700163776259,0.08139853600167767,0.3758415886518102,0.9044512907825032,-0.15576061880628675,-1.3528217573150751,-0.12051919062690925,-0.5011032551139015,1.5173305829495727,0.5029603212616994,0.09323779365698766,0.1025673134720837,-1.6299366169570108e-4,0.6311933895534014,-0.11590776566243195,-0.2885440461295112,0.6926287438937079,0.6907439254463928
0.20776032963043675,0.28682503417546484,0.9807909911483862,0.1092805402361267,-0.025633593349802614,0.3652845845603448,-0.3653959360164217,-0.11360333480708941,0.6667359196131851,0.4878032309440552,-0.10865762793917584,-0.31262715325633256,0.5773007559761065,-0.9054225788035395,-0.4407915046898334,-0.12991029224589434,0.013350497404457123,0.33496373748199093,0.22919935509993236,0.8496214574201879,0.24196894141207737,0.25706165650664975,-0.7734519733347337,-0.15385760558938366,-0.6644665818689128,-0.6361585469999119,0.047177388823511135,0.7653234460730048,0.12758680424628824,0.345376953457714,0.14099685017814775,0.013692313399265717,-0.40499445772267895,-0.30605187201203365,-0.48542292088354344,0.6023561940963292,0.4130894083883068,0.5191360600880961,0.11672925629102465,0.02429835510607437,-0.5539532719601229,-0.7451845198491202,-0.5389485180884926,0.20536700080819506,0.45676002592072584,0.18918376484197563,-0.05025511415185663,0.25993715197514006,0.1915698334972633,0.4305231790599449,-0.24941819925806086,0.7942445098769757,0.1313935226292127,0.11890099460162774,0.8016824071436682,0.5008249903298282
1.3389227403888952,1.0931734065793137,1.0528444581331668,-1.323684876898854,-0.5541160274302283,1.1053781538683827,-0.04373828332608684,-0.48283443912091156,0.22428760552102642,0.3245143803613319,0.31455527550368106,0.7387470856702766,-1.4257448661814551,-0.12444963519712442,-0.16939584555422885,-0.06440016872686795,0.28538151185868316,-0.21002240917689222,0.876467575984067,0.24196894141207737,1.5191874407774346,-0.041783953457620704,0.6145030506336219,1.2574043442819682,-0.3593716561528044,0.8918646172490788,-0.2282611438966219,0.13179121332511276,-0.38852403960553533,0.22756169417206493,0.48279349240674096,0.6524766253928541,0.16345961962447694,-0.27776851682330567,-0.9360199602486675,-0.3111558013176831,-1.8236873407380203,1.2211953581749524,1.1235559782908655,0.13702597443827946,0.10275004839318064,1.0133641965841997,0.3747841140785253,-1.5197158237919017,-0.08417369764914061,0.040487955197306504,1.5791487018725958,0.2999801103264313,-0.4489446752432055,0.01677599062420075,-0.45072215473688887,0.929463118264386,-0.19389357810400978,0.529130180905236,0.6217931776292948,0.7599516089277697
-0.024846040753305727,-0.011873365106947044,0.26748619382009703,0.14055129038377967,0.008829653984485418,0.08356194543814109,-0.0769019554264859,0.0025355227328534707,0.13613228862788634,0.14702995833445703,-0.03190427902732675,-0.11513909391286635,0.2391906717806509,-0.265900634933476,-0.21705686785729483,0.005023994430343371,0.007339495294337364,0.08982986404771798,0.03419786364577459,0.25706165650664975,-0.041783953457620704,0.09520144723043496,-0.3810797835719337,-0.07958170281473105,-0.12612196985123686,-0.3198921544282604,-0.026220767604739754,0.22319649819946663,0.01666235640955211,0.14717622980687803,0.039219376644282475,-0.053657800145334084,-0.16406425810025962,-0.0765175486113887,-0.14993620174624558,0.12538661411613425,0.326170185064977,0.06026302517279148,-0.015883635069029362,0.09811567170424577,-0.16953348344172403,-0.27997002246681424,-0.2438696880921842,0.14033218305288034,0.19243268334327532,-0.032000705486678986,-0.12590432642442487,0.15448824322367657,0.14685738912436552,0.12180646297099963,-0.0651504724415604,0.18188434983060067,-0.003954066326072955,-0.1445261130798325,0.2515397298671473,0.07138243454989698
0.438954416190891,0.5090144780744025,-0.754635928189165,-0.8750020151115355,-0.03648288384713648,-0.2927276606001807,-0.01606841083590031,-0.17012281544297683,0.035317025341881254,-0.47532606533039085,0.042456738975624325,0.3242113803048743,-0.8398531722715594,0.7271815815309979,1.209841881683348,-0.30084073971017483,-0.11544914758323892,-0.14163516513721017,-0.015736711837597287,-0.7734519733347337,0.6145030506336219,-0.3810797835719337,1.9723786627743667,0.22101839437485724,-0.07832444351670646,1.6040668206969277,0.39755082098209443,-0.5906608872999991,0.1591341307368686,-0.7438072891362837,-0.15444061440011272,0.4347827528746873,0.7177588980174644,0.14793267281015623,0.637147052810614,0.0996115364776607,-1.9578493756406339,0.2551486134808379,0.15829428071280036,-0.9454816775571769,0.4845030594859145,0.9792170698275654,1.1668171021992453,-0.6528207253286223,-0.9119774768854003,0.6901066449372381,0.8340446031090649,-1.0202958517250758,-0.934935772502652,-0.2846478126614293,0.21520067467526405,-0.29102584118512936,0.35920345744047916,1.547749991472605,-0.8899087785526675,0.21598429360642127
2.173197683849167,1.0062138143104258,0.9812166037336288,-1.052120050602515,-0.9244011406312955,0.3090656236881491,0.10234740202903397,-0.47291620684335767,-0.234364352338875,0.1879600288846918,1.3426881629976581,1.257300791145452,-1.9909817029972074,0.7172565166375703,-1.2465316406638987,0.6184520933807071,-0.12255056773148411,-0.9630657632084482,1.3038890256960929,-0.15385760558938366,1.2574043442819682,-0.07958170281473105,0.22101839437485724,2.3402808582942987,0.9603711156455251,0.5404774662817907,-0.7741338307016234,-0.05694903893482556,-1.6813701447667715,0.9267422450184064,1.6535468286228177,0.9661663428922468,0.14092295710986888,-0.5358257921148426,-0.863760896456649,-1.3611766025456558,-1.5770131470124449,0.622381756830395,0.5187965709468109,0.44057517800337725,0.9592958876943717,1.9969708103376702,-0.008890630644167294,-2.3863892819782073,-0.33955944290681267,-1.1474948593279746,2.4412135846315395,0.9134323123156344,0.15216817354115778,-0.15919383063204956,0.05687363054141408,0.513687584536744,-0.4636431564629698,-0.921096833765695,0.7185969223863483,0.6759298503400869
0.6008664532351603,-0.21660017722376435,-0.45424250296762264,0.23063897964910438,-0.29592153998693993,-0.8439172310009556,0.26915465833627533,0.06527623382148501,-0.6589855257431619,-0.30695437136785353,0.9176319830662094,0.5470684810586243,-0.6686218311187275,1.067186041709088,-0.7672633533236913,0.6425917937013075,-0.35929278772960854,-0.7705399126315319,0.25972209611782077,-0.6644665818689128,-0.3593716561528044,-0.12612196985123686,-0.07832444351670646,0.9603711156455251,1.4004091297389631,-0.09580446260503067,-0.48828127795666104,-0.45440971142786774,-1.1537559740129624,0.47187993899046404,0.9421362028502851,0.24392790607664638,0.12448470331459288,-0.09856780203719523,0.2607993574223771,-1.1314135713141176,0.11738435736378938,-0.745244866476143,-0.5897683419515174,0.26267056840224257,0.9417913085453996,1.099420436164429,-0.14427216691292036,-0.7830229070483931,-0.3818223674753595,-1.1046590746445724,0.7145276149218298,0.43443302702243763,0.46444523596279913,-0.31507847605170985,0.53881665760726,-0.681309349836665,-0.2843306587319419,-1.3252976253079065,-0.22895441244032985,-0.286380617954351
0.4128864148791768,0.527842009529937,-0.3886880709110652,-1.1440645179298967,-0.17977821314888842,0.5148104127704726,0.2339197264178061,-0.2219397077632974,-0.27924076603297415,-0.2968928694897361,-0.05952978933604161,0.5916125811281837,-1.3146475448576422,0.591728713182367,0.9212837227525118,-0.22368662160323594,0.25965982518447467,-0.18827585038705882,0.15898268197023602,-0.6361585469999119,0.8918646172490788,-0.3198921544282604,1.6040668206969277,0.5404774662817907,-0.09580446260503067,1.5446311619586772,0.10452698146660662,-0.6529406011899896,0.13659544187159156,-0.5716366257038438,-0.2699036760607956,0.3585985643193019,0.6145481847887336,0.22274792602249557,0.005601987200816824,-0.31823252600169255,-1.934558866956159,0.513234332771939,0.7794031115279276,-0.2659403389763438,0.3599324733425946,1.1163248637079937,1.0747714851186128,-0.9073760856401588,-0.5668453315493546,0.41896269181422735,0.8533740834717872,-0.4942039020336322,-0.8388662042512237,-0.3656247460833902,-0.1625326676019618,-0.07676155748561048,-0.048314501609459076,1.0464533476008058,-0.5697524405800611,0.08562787329754527
-0.37760132838894117,-0.0450423377507101,-0.3205656873440221,0.21653969250505253,0.2992598005557378,-0.44463013750461866,-0.2785240464198068,0.06831465372081426,0.45137093105225373,-0.10471597852362495,-0.33026205879764264,-0.4854017478537687,0.7343179542537182,-0.22873649075872501,0.6536940215401127,-0.3268547879305742,-0.18230919558674405,0.3527106358999785,-0.3621736581866278,0.047177388823511135,-0.2282611438966219,-0.026220767604739754,0.39755082098209443,-0.7741338307016234,-0.48828127795666104,0.10452698146660662,0.47502840498581916,0.14260208988585651,0.5430850120484407,-0.4171406458341606,-0.37583441832392944,-0.0973887453270582,0.0720500763418136,0.042668319668011025,0.555959219345962,0.7984350135695868,0.020057276181914368,-0.05399821005544783,-0.3685249622167985,-0.7035567520975147,-0.24667256957420344,-0.5848049599219461,0.18202670237238813,0.6552217026164888,-0.17559242462419203,0.6888353292581607,-0.451532939040898,-0.6938263853334158,-0.2754808475648625,0.14983341265590364,0.14931562563373516,-0.05798439608256378,0.4677596535019645,0.9506889433798902,-0.32359043179128105,0.11026401399761897
0.5778414857155759,0.3913106424253509,0.8797000460624792,0.2737904585154968,-0.05201822050024332,-0.3285088543797291,-0.5810591750197486,-0.12937642790455792,0.914360553130455,0.397416709775934,0.23177619962435067,-0.37308606174297204,0.7583620144420326,-0.7139315808142852,-0.5213991819261162,-0.05551192082856445,-0.35782930416064124,0.2154464474022643,0.2978791635711187,0.7653234460730048,0.13179121332511276,0.22319649819946663,-0.5906608872999991,-0.05694903893482556,-0.45440971142786774,-0.6529406011899896,0.14260208988585651,0.8716069306297541,-0.17774324080361734,0.4283185542243024,0.5702115172464229,0.21445583839520635,-0.3554986822990032,-0.4888196636527172,-0.1000568764982343,0.7371396213382809,0.318151582735772,0.3484020366206321,-0.40667555847514825,-0.4437689277137056,-0.3059180506954644,-0.6131170581822244,-0.5765910409443438,0.08557790778018803,0.1589775617330526,0.16031446832089982,0.2838098912246109,0.03160374034280329,0.2299069624940501,0.5059757640412406,0.1041283860417279,0.7039847379248833,0.39718929656112706,0.2573093195431407,0.7143820527507551,0.7190508601631834
-1.8184618760472626,-0.5773763192394722,-0.5774994954830281,0.145959711282373,0.6458656303439416,0.8216651997291883,0.17045453050840279,0.2520834092104262,-0.05343290116047391,-0.061661001438301055,-1.4375201836562077,-0.7042534131011395,0.8769289509339067,-0.7034785460567864,1.3352723127676231,-0.6787938395297939,0.6086565224543841,0.8562653364174371,-0.9409378130678371,0.12758680424628824,-0.38852403960553533,0.01666235640955211,0.1591341307368686,-1.6813701447667715,-1.1537559740129624,0.13659544187159156,0.5430850120484407,-0.17774324080361734,1.695620334542915,-0.9634415992508477,-1.8028004645406643,-0.7888855383686916,0.01468057358651542,0.6292793367199668,0.13136554606482317,0.8918142144345129,0.5472185329293886,0.05786357051699082,0.537301445185558,0.05608504218746018,-0.9673313771816398,-1.3440985281208693,0.392849285214453,1.5917834524914702,0.4358197238841853,1.1318593335443006,-1.8505871235802998,-0.6054373885198244,-0.4805094990395045,-0.019403227473709577,-0.5526547813156261,-0.14051191978190655,0.07692472453691644,1.0396426784571826,-0.5144169164905724,-0.5924206767563661
1.0165015913083142,0.32563640992970744,0.8216449069131118,0.06512886281761807,-0.39358356585324406,-0.17372790066660884,-0.1626114308789878,-0.15540625060492516,0.1717453336234295,0.2974881487834219,0.7642606549252715,0.2935314536832879,-0.25279111515276675,-0.024268191168863067,-1.1636191280194577,0.41670815554786816,-0.2609033722510972,-0.3707798613917304,0.6377908290605311,0.345376953457714,0.22756169417206493,0.14717622980687803,-0.7438072891362837,0.9267422450184064,0.47187993899046404,-0.5716366257038438,-0.4171406458341606,0.4283185542243024,-0.9634415992508477,0.8182055763861059,1.0814520014706182,0.36272478361730925,-0.2778573723110786,-0.4658418109910613,-0.4407770695183491,-0.4163342971800105,0.1730049470434507,0.11801532887062144,-0.19881879432243466,0.26005850907833117,0.2778154188228231,0.38841313304622704,-0.6143237831715472,-0.7704563904645044,0.11130228759021142,-0.760985173611441,0.8928509554603057,0.6969395113396751,0.518726767537698,0.1786300029838245,0.13960654405258646,0.40637898832601405,-0.13743623422857934,-0.9241301179243577,0.7492425428625012,0.42731588910683455
2.215075637743117,0.848648808872538,0.877247745245067,-0.05967005695601394,-0.6630683951957875,-1.2076063834369828,-0.5246169341349061,-0.33420982305766705,0.5909774275792341,0.17363191500163974,1.6156865111832248,0.5144506041529086,-0.5137066054946448,0.4688065705108309,-1.4302608083380381,0.61458620013568,-0.8959397894328616,-0.773521600911116,1.0784075385057894,0.14099685017814775,0.48279349240674096,0.039219376644282475,-0.15444061440011272,1.6535468286228177,0.9421362028502851,-0.2699036760607956,-0.37583441832392944,0.5702115172464229,-1.8028004645406643,1.0814520014706182,2.1420327927591223,0.9848114856921528,-0.09020105434765563,-0.891857296685214,0.01839087287805086,-0.43863899347252966,-0.6365993460048552,0.0977097394386926,-0.8648339591061308,-0.5355482786422714,0.9165789511645069,1.1512294622097268,-0.538904645654626,-1.6121072379150503,-0.5437521905448527,-0.9386712077721343,2.1355231282304232,0.4070860890797123,0.47800068907016463,0.2613170766529348,0.7211393955586655,0.4262618944620408,0.2502384922754736,-0.6451959175221476,0.7210183442849808,1.0269709882082994
1.3195500927957515,0.715437577431766,0.4917756654221168,-0.4585138918030225,-0.3937046627484893,-0.35668504238233084,-0.2814603242417271,-0.28339829394957955,0.3824025580260633,0.07221976045476615,0.7476368327676038,0.39215796669269026,-0.6066398370143243,0.2510866719949594,-0.39904226433607093,0.16339406269520823,-0.36322937338976086,-0.3641667893921952,0.6400434436479071,0.013692313399265717,0.6524766253928541,-0.053657800145334084,0.4347827528746873,0.9661663428922468,0.24392790607664638,0.3585985643193019,-0.0973887453270582,0.21445583839520635,-0.7888855383686916,0.36272478361730925,0.9848114856921528,0.6463806701197573,0.11826767593239164,-0.43245395538631975,-0.05526902234416492,-0.14562960874419878,-1.0248886388339284,0.37948990191455545,-0.12431927922937021,-0.4377770485534549,0.46559387924768364,0.8238789769594012,0.05665638560087519,-1.0944172445721383,-0.4192890365234934,-0.20365602449119882,1.393604862902852,0.006234615964981503,-0.08022643169980691,0.09687462457740932,0.2555309889732217,0.3684033471917771,0.17880134737126266,0.2111237743610903,0.29472128362516237,0.687727224000803
0.08302195730787133,0.09058275955643563,-0.40031943815081267,-0.31882071032491177,-0.02317302417452577,-0.07180145706921964,0.10740354603162972,-0.0318911384466864,-0.17718155778263414,-0.2296174387546178,0.025918755063580698,0.20014359210759203,-0.43895192056238724,0.40441989490169394,0.4239946107258204,-0.05076014985255284,0.007628294981171968,-0.12386482866134607,-0.0339829055735494,-0.40499445772267895,0.16345961962447694,-0.16406425810025962,0.7177588980174644,0.14092295710986888,0.12448470331459288,0.6145481847887336,0.0720500763418136,-0.3554986822990032,0.01468057358651542,-0.2778573723110786,-0.09020105434765563,0.11826767593239164,0.2926839191463229,0.12136553560113644,0.2222159190902447,-0.15695401604793877,-0.6752483153116985,-0.008799947006745606,0.09624742065725313,-0.20527561615508536,0.2546674460957897,0.47754634424057113,0.4579106688897485,-0.273507136046523,-0.3332747236833464,0.12975808075554138,0.26447402955985,-0.29854979917948277,-0.3101727367136851,-0.19141729642767333,0.0747361627683197,-0.23882814326941748,0.028189948765110287,0.3738334874743466,-0.40620834736386285,-0.0630977581322711
-0.9750818495991399,-0.47598311953098316,-0.6016163100278361,-0.0029401071700314568,0.24260715553751214,0.49184059921803874,0.39370492163173515,0.1772798694806005,-0.5515623610309307,-0.19089631716222696,-0.6026070375520988,-0.05082513040471426,-0.052770116031009597,0.09655666104699047,0.5814918398387121,-0.14898816600211998,0.4179283823902045,0.1685352266792871,-0.4735785604216692,-0.30605187201203365,-0.27776851682330567,-0.0765175486113887,0.14793267281015623,-0.5358257921148426,-0.09856780203719523,0.22274792602249557,0.042668319668011025,-0.4888196636527172,0.6292793367199668,-0.4658418109910613,-0.891857296685214,-0.43245395538631975,0.12136553560113644,0.46753374356585575,0.020668585743482775,-0.1525046362282066,0.23544776710034052,-0.21481859186735366,0.38933894569297345,0.39317616603124805,-0.19463244955369816,-0.1993719477667458,0.31541125248853963,0.5441329986292451,0.1618859964509949,0.1856523139795164,-0.8641844318905759,-0.08609060319463135,-0.1716153837630977,-0.264051483839199,-0.2653069228074207,-0.4168214105357941,-0.2502694649142965,-0.007057378789365908,-0.4687140864806079,-0.634357171570825
-0.3774554396431318,-0.39317626498701813,-1.128130295782764,0.7894953131887023,0.4046256431513024,-1.7449001637730823,-0.3322158225171428,0.24494708810985122,0.3287440778834418,-0.49953625871396884,0.09928222976610009,-0.5913764823058708,1.0717000661295455,0.4573358823134255,0.6487587536940168,-0.09270341925335622,-0.7127485779944425,0.07032715797742682,-0.5923130228802393,-0.48542292088354344,-0.9360199602486675,-0.14993620174624558,0.637147052810614,-0.863760896456649,0.2607993574223771,0.005601987200816824,0.555959219345962,-0.1000568764982343,0.13136554606482317,-0.4407770695183491,0.01839087287805086,-0.05526902234416492,0.2222159190902447,0.020668585743482775,1.4358798019887196,0.6717918855943451,0.3610642209557464,-0.8803482211275471,-1.3796467813519087,-1.2006498703868356,0.2976796161686333,-0.3532653947803032,0.18032345237438874,0.8106982560414006,-0.662892173692884,0.42158825231215524,-0.4622439930223494,-1.0412925265407527,-0.0914564940828339,0.03822612652815189,0.8141397409180205,-0.7906655450999233,0.7186785137382663,0.6984606794920704,-0.894735093345707,-0.0972668114570689
