V1,V2,V3,V4,V5,V6,V7,V8,V9,V10,V11,V12,V13,V14,V15,V16,V17,V18,V19,V20,V21,V22,V23,V24,V25,V26,V27,V28,V29,V30,V31,V32,V33,V34,V35,V36,V37,V38,V39,V40,V41,V42,V43,V44,V45,V46,V47,V48,V49,V50,V51,V52,V53,V54,V55,V56
20.01601191672611,-9.095762301888726,-9.565382646431505,-10.99874944047801,-19.584470741803468,-23.542474809841856,-2.217143300261721,9.723137981495716,-8.828944584346143,5.663783199139569,23.99679490449901,8.51038179455388,10.812832242389707,-1.5521311631232506,-17.69465288897258,-9.831305077499858,-10.383054519972154,-14.579226854762148,-1.2083562285055356,-33.57799653304484,-18.515729025592588,-7.797207486518483,20.257718139470718,10.650578515239456,-2.0747635353692826,-0.38340584467124816,-1.4862825333094702,-6.934857370808124,1.9606090955039384,-5.449176718849807,4.15475456061214,-20.86320876048427,-31.73343913047744,-11.62977166126313,18.25253874605178,-9.911010961282315,-15.485136146028102,7.166266275634501,4.534554033467952,-2.349930311475785,-2.7593614724525306,15.349462078123189,6.420946658323411,-1.1851325231447594,31.022425634789297,8.335879223122493,-8.351201976601455,-7.108974633496629,5.4316495558031885,-9.072618935202994,5.199639294667814,6.31235532616525,-4.497597568670135,-10.842411781533258,-2.9587296523938353,-19.541613172402403
-9.095762301888726,4.604305625326531,4.0290412781396725,5.205671509126398,9.397163515315974,11.634850397631586,2.5001715647814637,-4.565205196260273,4.150057803425615,-2.6302058722476933,-10.691209624741472,-3.4656537304035235,-5.561258389572615,0.5005241128162955,7.559863788540014,5.562324644442223,4.081499173462447,6.79047739811532,0.09310635362875558,15.191469878287766,8.560546920447043,3.7226516591962806,-8.796615026885272,-4.997572645098824,0.7215967950160083,0.30498912886482304,0.817340260924366,3.9003696249924427,-1.2202157804969507,1.75750632428885,-2.260231754737647,9.077929575460269,13.942430899732445,5.767689152937883,-8.37408898320652,4.617490781365138,6.798227710106834,-3.7101399381758324,-2.716519751740034,1.3131415558382755,1.8193995268067154,-7.402226104159505,-2.4876572517713997,0.4863424725940518,-14.823666084296988,-3.717368493461915,4.495924820920164,4.364940335841401,-2.341803671553212,4.842815534595762,-1.993837629653809,-2.1999090612064944,2.0552201459596073,5.722807634282038,1.0154478622289695,7.967790280937322
-9.565382646431505,4.0290412781396725,4.829077372998546,5.1099602459878835,9.028752499082241,10.5598328861785,-0.09352805573617831,-4.468633762985453,4.147310941951315,-2.6674819018846154,-11.593579584900771,-4.353933474546983,-4.658374594626235,0.9205989589246012,8.832449760266941,3.871044796764562,5.465089022129514,6.845525189628141,0.9181010895241765,16.07617156501839,8.71790101876974,3.5598499455423935,-10.022183284876894,-4.969179799710026,1.168382006252372,0.0724310989128173,0.604148791120669,2.737103698681457,-0.6256722823590651,3.17449831583083,-1.704099130897994,10.247154455218482,15.534982786207033,5.18076157639168,-8.657069598755452,4.623846799590939,7.52298647406982,-3.0631361466146245,-1.652133042189129,0.9291737696418833,0.9304961581564466,-7.0260844211647075,-3.376730313659113,0.5978368263172891,-14.2500733071,-4.052967821757787,3.5327984822032605,2.5447672095367793,-2.670610130726502,3.734403535064403,-2.7246382033670735,-3.5481803450259224,2.1675382419028306,4.586811624510457,1.615676447552242,10.028222792092215
-10.99874944047801,5.205671509126398,5.1099602459878835,6.13749330969088,10.97883614439429,13.36167205185356,1.9019794292805121,-5.42515911361087,4.909694253368727,-3.1368751301558304,-13.098897006203268,-4.498690234910697,-6.2417780860343575,0.7552518544486732,9.503830777928803,5.901618608841092,5.412480853574285,8.086641192845619,0.4564671527602527,18.429519252467745,10.24627958465221,4.373939502266452,-10.941304530071301,-5.927424078431367,1.0379134121591762,0.2718133136942473,0.8801491695308643,4.154419603092611,-1.2405791337575027,2.662179092541602,-2.453474991320919,11.28884013552256,17.22126346987006,6.612818466399894,-10.06889620972138,5.505476677071286,8.413657765679272,-4.1502869626844765,-2.794743004309168,1.4051973036386494,1.7659570367763209,-8.628738004808822,-3.335273362725967,0.6279999656801927,-17.386697243561024,-4.54633300775478,4.8947814020283085,4.423179037840588,-2.9329716630028795,5.325576672237868,-2.697349410492423,-3.159936524755822,2.47184086248871,6.3193329997069805,1.4848308822624547,10.326148979736006
-19.584470741803468,9.397163515315974,9.028752499082241,10.97883614439429,19.690166867835874,24.01373829353581,3.7237547695847493,-9.652051735122477,8.786233805301467,-5.601586597098071,-23.247789337814602,-7.9030844924403265,-11.251130154884692,1.3087342129658193,16.811060993047242,10.761597163138099,9.496788382302514,14.43705196581472,0.7065741562977621,32.775460270740176,18.264696885964256,7.808981392293541,-19.397220682702255,-10.58229777173683,1.8005958403672344,0.5099632091549157,1.6035037777665193,7.56483076188817,-2.2505048475003475,4.586021737498657,-4.452632295819889,19.98519053203788,30.54840501431833,11.880849710909482,-17.93959563462351,9.808485660559922,14.890043208430702,-7.479723795063542,-5.11761296856638,2.553480508483889,3.2972926795090034,-15.464560762378337,-5.83115456676301,1.1051653958995749,-31.10288539840953,-8.083993229535158,8.914663193210323,8.140075629202922,-5.177246174388952,9.61761427948056,-4.694773289494494,-5.481952960145858,4.416777574049685,11.439872970568402,2.54369257671354,18.164069059289968
-23.542474809841856,11.634850397631586,10.5598328861785,13.36167205185356,24.01373829353581,29.644924012633844,5.789189212723559,-11.853432900785364,10.631119477341793,-6.774210097278376,-27.83744856314443,-9.19408108890003,-14.116978877388958,1.358415325542213,19.7852448608895,13.873820022610078,10.840439534903922,17.493377612860684,0.46432452576581285,39.39894524347733,22.1205437135782,9.600361615354176,-22.922556419170846,-12.870028796755857,1.960956844197289,0.7421609217224782,2.0426740960947423,9.753710291276827,-3.098097294773811,4.85464104005401,-5.67421007340438,23.738778670415737,36.312675103066454,14.715006242136202,-21.649959258061923,11.943841808875366,17.80309995267181,-9.419971527332299,-6.746995750454876,3.2956646578096853,4.378038897482678,-18.941089073762562,-6.669828963573825,1.2933726487022894,-38.070752633059605,-9.6345564796681,11.193756300564958,10.74963875136238,-6.158797636217238,12.278855895064334,-5.398329071479053,-5.9778794937317015,5.274924548135671,14.420940189184524,2.8564597067541126,21.071391781149195
-2.217143300261721,2.5001715647814637,-0.09352805573617831,1.9019794292805121,3.7237547695847493,5.789189212723559,5.485770707968112,-1.8314227842932629,1.3454276275389312,-0.8082889833339051,-2.0587862596104602,0.3779320262012591,-3.5091996545495467,-0.6198706982950168,0.2615667194672448,4.872503447355665,-1.122169294765234,2.1770369783394488,-1.4291370849932026,3.581434657005908,2.632249821630923,1.5988825500555761,-0.725460243864002,-1.7402860369668254,-0.5665572715833606,0.533745217391911,0.6469920999942567,3.3957873521790334,-1.5808257511971002,-1.9734628064207542,-1.7497069474595068,1.0275830901088874,1.8451111814682657,2.998848806784434,-2.3230900479496728,1.5942231887911391,1.1035323729812905,-2.4353722194291065,-2.83803869762139,1.1398633726055991,2.1186422207929536,-3.1363560260088983,0.7157404588472608,-0.024269054755558104,-6.053433287057493,-0.626753976095147,3.0934453468798275,4.692819215368422,-0.24565753923711417,3.6994462937136396,0.5573586835857425,1.6998277605880927,0.44388512655427453,3.9265626569965346,-0.6428503423812312,-0.972976081074548
9.723137981495716,-4.565205196260273,-4.468633762985453,-5.42515911361087,-9.652051735122477,-11.853432900785364,-1.8314227842932629,4.946132827327317,-4.293038644953097,2.7678640190167307,11.645309723864758,3.9879369838124665,5.607230220963141,-0.6077630956107787,-8.352822502169262,-5.297814736085514,-4.703224627161847,-7.157456608607468,-0.3762215926842194,-16.34867581620455,-9.110168652231165,-3.9442973215926407,9.590553046922462,5.265676583727056,-0.8867964910110673,-0.2701045746416968,-0.7817985154298259,-3.749555908339544,1.244624456119866,-2.2523623616799027,2.2008036530516466,-10.014165395940093,-15.185359057992061,-5.903844648486018,8.924500448261636,-4.936526558761327,-7.539816347135987,3.745894389491074,2.556943274972773,-1.2793822878569814,-1.5264063832880475,7.642866823878511,2.9496760213734623,-0.5629102035218684,15.488795464659992,3.9889447469316917,-4.243507283731174,-3.9872072746357383,2.631900705590674,-4.874325658530585,2.4350830524081926,2.700205324397494,-2.1360130071380543,-5.63177639531875,-1.3771676436814135,-9.077859274209422
-8.828944584346143,4.150057803425615,4.147310941951315,4.909694253368727,8.786233805301467,10.631119477341793,1.3454276275389312,-4.293038644953097,3.9489454865177014,-2.5155030521286474,-10.511941137102124,-3.6435001555264828,-4.923803561899355,0.6452570151798386,7.6882208644232195,4.614282102306772,4.429076582836,6.474915554966794,0.41422686435989536,14.78303976162893,8.196908471588975,3.472161472618692,-8.848682024385637,-4.737991475269559,0.8609972021886599,0.19633435380083644,0.692476548435727,3.2427456764324942,-0.916262676494603,2.233444055963731,-1.9256903006444681,9.088292598977828,13.882599283963225,5.246232081348611,-8.0685806642997,4.388237301273752,6.741611922209446,-3.267794705004031,-2.156428327169285,1.092582278647906,1.3784295821842707,-6.884474133273889,-2.7126513442226776,0.503894023699329,-13.856490836276505,-3.665817291763174,3.8951903640899723,3.423893516132463,-2.3521946345914815,4.155190170994189,-2.181758875367843,-2.626551318713249,2.0005050914148663,4.988278775944394,1.1991720721006243,8.389710492759042
5.663783199139569,-2.6302058722476933,-2.6674819018846154,-3.1368751301558304,-5.601586597098071,-6.774210097278376,-0.8082889833339051,2.7678640190167307,-2.5155030521286474,1.6100602591679334,6.762840161519157,2.358807320299044,3.137134474687973,-0.41460302011225747,-4.947531506630486,-2.91376758482886,-2.8605442537238495,-4.145181617088318,-0.28678841210204475,-9.491000567952705,-5.257255833599079,-2.228127548317919,5.682218338369318,3.0318320163570722,-0.5591929834495116,-0.12447467645969204,-0.43819588391097036,-2.05222141799032,0.5936879503373225,-1.4545692977665725,1.2196642070543773,-5.85425915968919,-8.921113278857444,-3.3489849873483797,5.173664096604525,-2.817358439725079,-4.3520625182133585,2.0819696346798566,1.3618086760162234,-0.6936217428088339,-0.8486155189469167,4.393557264030458,1.7643657740324925,-0.328940354256904,8.864640380790322,2.3493586513743163,-2.4468560798393852,-2.147412926629675,1.5204510621154443,-2.653236214179057,1.4268832679980987,1.7046315152318128,-1.2740533256823698,-3.1640572634238593,-0.7979027390283978,-5.418437479086582
23.99679490449901,-10.691209624741472,-11.593579584900771,-13.098897006203268,-23.247789337814602,-27.83744856314443,-2.0587862596104602,11.645309723864758,-10.511941137102124,6.762840161519157,28.88908036490618,10.383918052298627,12.715280695682189,-1.9306109346198304,-21.410993707164494,-11.341696187001443,-12.699595176283397,-17.411236170630037,-1.6362313250001554,-40.31335063416434,-22.15293687572511,-9.2969401213862,24.44127786216029,12.714227043400856,-2.575687218438229,-0.4108981760942523,-1.7196330689029307,-8.0167067160198755,2.2582397924704525,-6.812950320584317,4.832996960240229,-25.201565510361707,-38.24397431847729,-13.752838750748568,21.85949280529911,-11.859251588390398,-18.70387964536241,8.4240763333834,5.182217937272416,-2.7254928411003987,-3.0538093612469357,18.22832123178345,7.8842281568977794,-1.4448731260368062,36.92370504471016,10.017366927761175,-9.68544317104731,-8.061392994425205,6.583329527833291,-10.621840286579994,6.409303201119669,7.829168952036317,-5.372410919431584,-12.670188430202385,-3.708537066867024,-23.81204621464482
8.51038179455388,-3.4656537304035235,-4.353933474546983,-4.498690234910697,-7.9030844924403265,-9.19408108890003,0.3779320262012591,3.9879369838124665,-3.6435001555264828,2.358807320299044,10.383918052298627,3.9688914509788416,4.024272686283487,-0.8473524488466975,-7.952958503701458,-3.219162141078786,-4.982396933568788,-6.055209744504432,-0.9127984443133415,-14.33563505884468,-7.738859270792896,-3.149831475327684,8.984752878095167,4.392764235125649,-1.080732373064877,-0.04357796210998132,-0.5062656884411776,-2.2879149504694247,0.5272418007399421,-2.957543160623088,1.4408398628948447,-9.219170956213464,-13.918460711325636,-4.516957844749391,7.691239240242107,-4.108874774843794,-6.778876687305825,2.645259704369009,1.3467727120850512,-0.7822430763447022,-0.6881939637656007,6.158314050311194,3.103079703584204,-0.546597366527533,12.548671373530317,3.612675331348776,-2.9573417894652634,-2.029110159828544,2.4169366554177523,-3.20941470754256,2.523748059988585,3.280650033499452,-1.9107349973794143,-3.9130170372300004,-1.532579875832836,-9.1144643525847
10.812832242389707,-5.561258389572615,-4.658374594626235,-6.2417780860343575,-11.251130154884692,-14.116978877388958,-3.5091996545495467,5.607230220963141,-4.923803561899355,3.137134474687973,12.715280695682189,4.024272686283487,6.866874168870382,-0.4835699114291804,-8.812031976918075,-6.978114561215438,-4.604968139305022,-8.123414414561791,0.03479196939041039,-18.093441024385193,-10.265152512942768,-4.546169756694945,10.269704673117012,6.00550032365039,-0.7696359145185673,-0.425258767586467,-1.0130327086195339,-4.907282977475354,1.6792722525244432,-1.8031958799973486,2.8142913902228868,-10.71713731850286,-16.409958640980637,-7.039046504986976,9.997668434081826,-5.583793252868892,-8.115357090163219,4.602688404197241,3.4844860479649875,-1.6608837768584865,-2.278299229968036,8.925280017741684,2.845321470249665,-0.5729588439880051,17.924653066438907,4.37048112694979,-5.447946136221923,-5.561263311222052,2.7871277662666962,-6.105645446286191,2.321264566411533,2.348714033135812,-2.3989734175120048,-7.055566632116484,-1.183215843667131,-9.181073508011748
-1.5521311631232506,0.5005241128162955,0.9205989589246012,0.7552518544486732,1.3087342129658193,1.358415325542213,-0.6198706982950168,-0.6077630956107787,0.6452570151798386,-0.41460302011225747,-1.9306109346198304,-0.8473524488466975,-0.4835699114291804,0.24984761902506195,1.629354315328055,0.19801050379220247,1.153211395572111,1.0479211287143961,0.3248571361929452,2.6104660035544063,1.3395558507755616,0.48001742790405794,-1.811185780028281,-0.7398408947186824,0.2828900127933623,-0.048716849707362245,0.044724212848148086,0.14030807617307303,0.08214993139597195,0.8188402101959641,-0.12878568456952338,1.7944811181619116,2.712146010843644,0.6410665653528885,-1.3665769201951266,0.6803277833192705,1.2630507376893632,-0.3008606645532062,0.006246077582610805,0.046009248277916984,-0.03791513730290624,-0.9805996375494155,-0.7021293586240394,0.11150816411992676,-2.0005632724731877,-0.6970329187102418,0.35755159179233015,-0.029887549012858877,-0.4625438797899811,0.2735107128510508,-0.5534036209600802,-0.8584520602061928,0.3694886965699899,0.43765839487457453,0.35219439618374493,1.9807841511795228
-17.69465288897258,7.559863788540014,8.832449760266941,9.503830777928803,16.811060993047242,19.7852448608895,0.2615667194672448,-8.352822502169262,7.6882208644232195,-4.947531506630486,-21.410993707164494,-7.952958503701458,-8.812031976918075,1.629354315328055,16.196092442242353,7.467519334474378,9.916887718586317,12.707450090858107,1.5733877740161655,29.734707611584312,16.180632185482672,6.655662485450655,-18.40363487817994,-9.237645464959304,2.093718338766616,0.17868506615007784,1.156398226629519,5.280702359683768,-1.2917106365498796,5.653131529000494,-3.257298589560846,18.861369316239742,28.597649942160476,9.7271303625236,-16.040476969997464,8.603359290371248,13.888315067527069,-5.80602817226972,-3.253069562744069,1.7937983680550604,1.8539155078763474,-13.108457379243314,-6.1377868571854455,1.0968225051510025,-26.581940454423503,-7.467486031019668,6.684336727557841,5.022705782977131,-4.919200682235198,7.148516618327376,-4.962722514244301,-6.359246750449427,3.9948037465123782,8.703353460625193,2.9276254577624177,18.295297062091315
-9.831305077499858,5.562324644442223,3.871044796764562,5.901618608841092,10.761597163138099,13.873820022610078,4.872503447355665,-5.297814736085514,4.614282102306772,-2.91376758482886,-11.341696187001443,-3.219162141078786,-6.978114561215438,0.19801050379220247,7.467519334474378,7.568701719287363,3.4633181954418375,7.569037657551611,-0.539255093923861,16.38758855849739,9.508156277456253,4.350769023879287,-8.863325350096035,-5.637652383614636,0.4470790171271511,0.5388856759009475,1.0790521109978335,5.30489048443457,-1.9284383207727298,0.8215999054106871,-2.974713961476953,9.308868583210684,14.381759762916662,6.94623881665123,-9.182320808628194,5.218190780125762,7.142712937542362,-4.702264100215829,-3.911645406908359,1.7886896073567364,2.6825529812686186,-8.585529544178137,-2.1149498323765243,0.4668570563352459,-17.12387729286584,-3.8860698983139415,5.698492257999814,6.322199574450343,-2.4037981616692585,6.386812551597527,-1.7189729768622164,-1.3738728511119058,2.1797909686641312,7.300988183296409,0.7332229696921839,7.32803778745362
-10.383054519972154,4.081499173462447,5.465089022129514,5.412480853574285,9.496788382302514,10.840439534903922,-1.122169294765234,-4.703224627161847,4.429076582836,-2.8605442537238495,-12.699595176283397,-4.982396933568788,-4.604968139305022,1.153211395572111,9.916887718586317,3.4633181954418375,6.37430846734897,7.320724128543542,1.301592719281829,17.474066277203452,9.349391504965332,3.7205346771239167,-11.17320150692769,-5.2828667076852724,1.4226637011231955,-0.016297766714745518,0.5624404953236328,2.4583348162586907,-0.4130133156620335,3.9473901540245606,-1.5976149610132548,11.372343898636405,17.186644554614908,5.29016551488838,-9.337064188129538,4.921377241967102,8.284913598816592,-3.0037352954770373,-1.3376177283002884,0.8364772499587813,0.6557584772756239,-7.344484689260711,-3.9438727668388007,0.6796379121925311,-14.955691776784132,-4.456260281651814,3.410302457984936,1.999332567632514,-2.9671420876038366,3.5280058935814633,-3.17898675728488,-4.318276965549113,2.3627279360046414,4.4471679747302515,1.9439610291398126,11.49521295808215
-14.579226854762148,6.79047739811532,6.845525189628141,8.086641192845619,14.43705196581472,17.493377612860684,2.1770369783394488,-7.157456608607468,6.474915554966794,-4.145181617088318,-17.411236170630037,-6.055209744504432,-8.123414414561791,1.0479211287143961,12.707450090858107,7.569037657551611,7.320724128543542,10.680583445031269,0.7107504455581237,24.44216298613363,13.547691437170743,5.756211860751679,-14.59600009530151,-7.819130539188425,1.42628215956486,0.3308066007459229,1.1343813910266498,5.333467334873274,-1.5685784966862952,3.6941030224396356,-3.165593511147387,15.05622401692516,22.936283631053467,8.654030791851369,-13.327303417867606,7.270805246803342,11.207781168821581,-5.39565128411769,-3.5527917996354526,1.805581462780668,2.2093238196044243,-11.337226872136748,-4.520821179885871,0.8449029998740997,-22.877150217018634,-6.041807602559218,6.324461216511631,5.599696643070623,-3.9162843907480616,6.892993089200146,-3.6613047928580067,-4.342274158349556,3.2731650683073483,8.192253746246827,2.045263765429358,13.896978320090103
-1.2083562285055356,0.09310635362875558,0.9181010895241765,0.4564671527602527,0.7065741562977621,0.46432452576581285,-1.4291370849932026,-0.3762215926842194,0.41422686435989536,-0.28678841210204475,-1.6362313250001554,-0.9127984443133415,0.03479196939041039,0.3248571361929452,1.5733877740161655,-0.539255093923861,1.301592719281829,0.7107504455581237,0.5422599577855346,2.0724944204681828,0.9477080017183782,0.25690835789142386,-1.6692092156809641,-0.47469252428158815,0.36190825369961216,-0.12105334996228344,-0.05482800628177768,-0.36534219801566115,0.2749790379746104,1.0942878155246087,0.13518075554416986,1.6492923702544886,2.412467530020522,0.1927993950840082,-1.0126528317036052,0.45516094079731856,1.1310439808687622,0.05508103469876441,0.4209636236248203,-0.11911556892049027,-0.3850501047629752,-0.4933176068510844,-0.8193579687375752,0.12067879213765074,-1.0943017072939576,-0.5881925430013372,-0.16171926055359606,-0.7408429439868257,-0.4393079467756701,-0.2454427721606112,-0.6620058785875592,-1.093076409988714,0.2812682457440384,-0.16325625406733563,0.48022966574759335,2.117907379285101
-33.57799653304484,15.191469878287766,16.07617156501839,18.429519252467745,32.775460270740176,39.39894524347733,3.581434657005908,-16.34867581620455,14.78303976162893,-9.491000567952705,-40.31335063416434,-14.33563505884468,-18.093441024385193,2.6104660035544063,29.734707611584312,16.38758855849739,17.474066277203452,24.44216298613363,2.0724944204681828,56.37172922981737,31.063237710638628,13.087458869103866,-34.0142918937212,-17.864942568339348,3.500599749269078,0.6341882512620665,2.473853572575344,11.568807855905924,-3.3001841075096565,9.199028009581362,-6.938162192992528,35.06716857614953,53.290109047525625,19.46945098801445,-30.62345438504385,16.642068283137032,26.045314853847948,-11.997859191005162,-7.55670287223148,3.926825593742881,4.549125568777255,-25.710739862799457,-10.82404911508813,1.994549601123412,-52.003751704661084,-13.98690507499022,13.9001857338679,11.816723771801856,-9.146387231532653,15.189361209641964,-8.785073824052592,-10.644637913583159,7.529238568778555,18.10710093935175,5.022850176729377,32.888244642550085
-18.515729025592588,8.560546920447043,8.71790101876974,10.24627958465221,18.264696885964256,22.1205437135782,2.632249821630923,-9.110168652231165,8.196908471588975,-5.257255833599079,-22.15293687572511,-7.738859270792896,-10.265152512942768,1.3395558507755616,16.180632185482672,9.508156277456253,9.349391504965332,13.547691437170743,0.9477080017183782,31.063237710638628,17.203012470038555,7.31016518202508,-18.5634689780973,-9.918875508315667,1.827857473597096,0.4123292613106336,1.4255233730686654,6.7069130686975535,-1.991304740472527,4.748018433513249,-3.9849805052293066,19.176426790023033,29.174836715787222,10.94995048071827,-16.922558512438894,9.238245110568814,14.286567779786889,-6.820273060372599,-4.458507625678737,2.2736279731546247,2.7320083336431615,-14.352972355852222,-5.79012263818476,1.0806532118861836,-29.00111774778463,-7.673008216115535,7.930271633253699,7.000843371503219,-4.99734978014316,8.713130474476536,-4.705001265266384,-5.567037779594668,4.143600106126558,10.32473158063464,2.651759449200265,17.74106427940203
-7.797207486518483,3.7226516591962806,3.5598499455423935,4.373939502266452,7.808981392293541,9.600361615354176,1.5988825500555761,-3.9442973215926407,3.472161472618692,-2.228127548317919,-9.2969401213862,-3.149831475327684,-4.546169756694945,0.48001742790405794,6.655662485450655,4.350769023879287,3.7205346771239167,5.756211860751679,0.25690835789142386,13.087458869103866,7.31016518202508,3.164886962101191,-7.666086985385315,-4.233962570602266,0.6922452300802568,0.22363939204955205,0.6422324303632574,3.070744712451366,-0.9966287936084945,1.7504168280768204,-1.7974496098162327,7.977078460235426,12.134557124631064,4.773837937187438,-7.159500544792266,3.9539110316514035,5.993432356113529,-3.0356878841346373,-2.1016909755037,1.0426626879106573,1.295326850899882,-6.172192792376727,-2.3156001874277057,0.4428000554463271,-12.472566895402306,-3.197629054819485,3.5015378606335816,3.303912152065677,-2.085257310537053,3.9465701999538205,-1.8991180248702801,-2.1130068582069197,1.7269515650898948,4.594205415628162,1.0517200342723882,7.190636230511006
20.257718139470718,-8.796615026885272,-10.022183284876894,-10.941304530071301,-19.397220682702255,-22.922556419170846,-0.725460243864002,9.590553046922462,-8.848682024385637,5.682218338369318,24.44127786216029,8.984752878095167,10.269704673117012,-1.811185780028281,-18.40363487817994,-8.863325350096035,-11.17320150692769,-14.59600009530151,-1.6692092156809641,-34.0142918937212,-18.5634689780973,-7.666086985385315,20.956708168412504,10.619096383387843,-2.3328317360676993,-0.2404096823919041,-1.3658883127408172,-6.257938841182415,1.5602246891123661,-6.2691768199009745,3.8343766570911533,-21.47143560744644,-32.60319725187235,-11.272553925426736,18.384393321579374,-9.8759248059602,-15.819235546116895,6.772958015311118,3.908390337219364,-2.120719943206687,-2.2913277590654118,15.129887193432184,6.8988971088632365,-1.2389033368485114,30.634061897766184,8.530161433008361,-7.865636329438043,-6.0750701113305245,5.5891167609523436,-8.378703456319181,5.5685722877963215,7.091444445125807,-4.58171052558765,-10.194082618426398,-3.249212536485439,-20.681283192035377
10.650578515239456,-4.997572645098824,-4.969179799710026,-5.927424078431367,-10.58229777173683,-12.870028796755857,-1.7402860369668254,5.265676583727056,-4.737991475269559,3.0318320163570722,12.714227043400856,4.392764235125649,6.00550032365039,-0.7398408947186824,-9.237645464959304,-5.637652383614636,-5.2828667076852724,-7.819130539188425,-0.47469252428158815,-17.864942568339348,-9.918875508315667,-4.233962570602266,10.619096383387843,5.733686850439903,-1.019137490597012,-0.2560235145499657,-0.8401830025214863,-3.973171070509977,1.1967469186907413,-2.6226192472274312,2.350857392522121,-10.972225788414374,-16.713083276247225,-6.3724495165383095,9.748889065683759,-5.334579316656454,-8.183694370848807,3.9953214459359927,2.6656559193918596,-1.3464629784206625,-1.658466182882481,8.325291435088696,3.2646797172631232,-0.6124163993402162,16.798360540589535,4.404954599923691,-4.670891061610261,-4.202609342151419,2.8579002009873804,-5.123297147095839,2.6500997773222226,3.1020703741690263,-2.386045333829155,-6.061039220663327,-1.4738207904867529,-10.070444795796163
-2.0747635353692826,0.7215967950160083,1.168382006252372,1.0379134121591762,1.8005958403672344,1.960956844197289,-0.5665572715833606,-0.8867964910110673,0.8609972021886599,-0.5591929834495116,-2.575687218438229,-1.080732373064877,-0.7696359145185673,0.2828900127933623,2.093718338766616,0.4470790171271511,1.4226637011231955,1.42628215956486,0.36190825369961216,3.500599749269078,1.827857473597096,0.6922452300802568,-2.3328317360676993,-1.019137490597012,0.3386702948690456,-0.03606940923743749,0.08078302422051946,0.3208690230137079,0.008708469802044639,0.9586403874392027,-0.2367013214226684,2.353220344696221,3.5420953385856055,0.9455331657761945,-1.8462976544499554,0.9492352014024543,1.6916894430328995,-0.49230896242604155,-0.11523975850084471,0.11114528140547891,0.017124555132436194,-1.3766669422155002,-0.8809723324689014,0.14650215396996125,-2.816851481411318,-0.9116091848463077,0.5467742507497115,0.14844421326386045,-0.6159628024068964,0.5276721718424432,-0.7054142179689096,-1.0210464963699644,0.47711032007364773,0.7120251248020693,0.44777960063442285,2.4998917494512414
-0.38340584467124816,0.30498912886482304,0.0724310989128173,0.2718133136942473,0.5099632091549157,0.7421609217224782,0.533745217391911,-0.2701045746416968,0.19633435380083644,-0.12447467645969204,-0.4108981760942523,-0.04357796210998132,-0.425258767586467,-0.048716849707362245,0.17868506615007784,0.5388856759009475,-0.016297766714745518,0.3308066007459229,-0.12105334996228344,0.6341882512620665,0.4123292613106336,0.22363939204955205,-0.2404096823919041,-0.2560235145499657,-0.03606940923743749,0.05567573444842152,0.07308511280118611,0.37876586217789204,-0.17653431509933493,-0.14034836082647276,-0.1993409956824495,0.28610031291990584,0.4508476603537423,0.38388828306313244,-0.37840141968456714,0.24131568509214157,0.25154810103071995,-0.29305302121458027,-0.3073460620638455,0.12832129108796153,0.213047059975788,-0.4240904304002235,0.005841378254186592,0.00981644737996558,-0.8419409870561407,-0.128981055231893,0.34657197879784957,0.49707948736359636,-0.07515014783317059,0.43524756203458315,-0.002478134506971314,0.10685732658708293,0.075514931657199455,0.45917033892452647,-0.02388417597361498,0.0830468389000524
-1.4862825333094702,0.817340260924366,0.604148791120669,0.8801491695308643,1.6035037777665193,2.0426740960947423,0.6469920999942567,-0.7817985154298259,0.692476548435727,-0.43819588391097036,-1.7196330689029307,-0.5062656884411776,-1.0130327086195339,0.044724212848148086,1.156398226629519,1.0790521109978335,0.5624404953236328,1.1343813910266498,-0.05482800628177768,2.473853572575344,1.4255233730686654,0.6422324303632574,-1.3658883127408172,-0.8401830025214863,0.08078302422051946,0.07308511280118611,0.15594725605626977,0.7559930401565176,-0.26320384471664277,0.1690479476634042,-0.42671044763383204,1.4253427316037677,2.2006596946393047,1.0201709865105972,-1.3810182023940392,0.7767423531327085,1.0848464447385737,-0.6799107823628177,-0.549754425923817,0.2540471832161662,0.3770127650187826,-1.2719111991378615,-0.34291539033586194,0.07328977277443331,-2.5391292790727977,-0.592377425694016,0.8282338661766154,0.8881414455659268,-0.3662718498135777,0.9148574987472499,-0.2764369020346125,-0.2491448193582257,0.3317959967802341,1.0575863897150848,0.12482322461600173,1.1582692708556273
-6.934857370808124,3.9003696249924427,2.737103698681457,4.154419603092611,7.56483076188817,9.753710291276827,3.3957873521790334,-3.749555908339544,3.2427456764324942,-2.05222141799032,-8.0167067160198755,-2.2879149504694247,-4.907282977475354,0.14030807617307303,5.280702359683768,5.30489048443457,2.4583348162586907,5.333467334873274,-0.36534219801566115,11.568807855905924,6.7069130686975535,3.070744712451366,-6.257938841182415,-3.973171070509977,0.3208690230137079,0.37876586217789204,0.7559930401565176,3.7216659780976222,-1.3653800505478948,0.5959230668271613,-2.0876187079344066,6.586247506794885,10.158347711554685,4.887635485754945,-6.476571066926125,3.684580148976781,5.060272121302218,-3.307838094863067,-2.7436939128386753,1.2568079662618066,1.8656798902700638,-6.040770117651997,-1.5095639092648683,0.3326320307254039,-12.063890541825424,-2.740448342379762,3.981684335091048,4.423882173168295,-1.705565358034934,4.496943436290799,-1.2332760934782405,-0.9845368682645937,1.5309332983436539,5.123762680048444,0.5381000873327585,5.198726363618
1.9606090955039384,-1.2202157804969507,-0.6256722823590651,-1.2405791337575027,-2.2505048475003475,-3.098097294773811,-1.5808257511971002,1.244624456119866,-0.916262676494603,0.5936879503373225,2.2582397924704525,0.5272418007399421,1.6792722525244432,0.08214993139597195,-1.2917106365498796,-1.9284383207727298,-0.4130133156620335,-1.5685784966862952,0.2749790379746104,-3.3001841075096565,-1.991304740472527,-0.9966287936084945,1.5602246891123661,1.1967469186907413,0.008708469802044639,-0.17653431509933493,-0.26320384471664277,-1.3653800505478948,0.6299697782814246,0.15675482216513054,0.7394578242407094,-1.7624774392622709,-2.6802407862055544,-1.591346024852555,1.8781634784693118,-1.14113342652391,-1.4471311612979996,1.1520412368730957,1.0674785951387424,-0.4693306132085404,-0.6783545759675574,1.8593716075341329,0.2895711827544728,-0.08565400788785621,3.7532279357409353,0.7235357730857397,-1.2744710047362298,-1.6890661774145859,0.4773949896690823,-1.657998473921631,0.27572161355654634,-0.024368470555382493,-0.3908770243294807,-1.7470734536656662,-0.10596713707305333,-1.126411453128893
-5.449176718849807,1.75750632428885,3.17449831583083,2.662179092541602,4.586021737498657,4.85464104005401,-1.9734628064207542,-2.2523623616799027,2.233444055963731,-1.4545692977665725,-6.812950320584317,-2.957543160623088,-1.8031958799973486,0.8188402101959641,5.653131529000494,0.8215999054106871,3.9473901540245606,3.6941030224396356,1.0942878155246087,9.199028009581362,4.748018433513249,1.7504168280768204,-6.2691768199009745,-2.6226192472274312,0.9586403874392027,-0.14034836082647276,0.1690479476634042,0.5959230668271613,0.15675482216513054,2.7561737057491906,-0.49849899833291833,6.29769752395167,9.458819457708069,2.323344629402173,-4.8186254023818895,2.4440524158609973,4.494372804765739,-1.1384893229229527,-0.0826324130228272,0.2055690687993016,-0.1235927210503351,-3.4784148442463603,-2.442126837275336,0.3969665995030467,-7.151201065281009,-2.4197593727021793,1.2353241598698992,0.022423688344569457,-1.6451776737616424,1.1287605324961876,-1.9570098061739334,-2.9031689839095582,1.2601201769867363,1.6177170362163398,1.2650704226405598,6.855897138839697
4.15475456061214,-2.260231754737647,-1.704099130897994,-2.453474991320919,-4.452632295819889,-5.67421007340438,-1.7497069474595068,2.2008036530516466,-1.9256903006444681,1.2196642070543773,4.832996960240229,1.4408398628948447,2.8142913902228868,-0.12878568456952338,-3.257298589560846,-2.974713961476953,-1.5976149610132548,-3.165593511147387,0.13518075554416986,-6.938162192992528,-3.9849805052293066,-1.7974496098162327,3.8343766570911533,2.350857392522121,-0.2367013214226684,-0.1993409956824495,-0.42671044763383204,-2.0876187079344066,0.7394578242407094,-0.49849899833291833,1.181994381131669,-4.013115599776663,-6.177228134130376,-2.8351558736182576,3.8640139857517832,-2.1791425555371493,-3.0601019270605776,1.892215804964896,1.516649539004505,-0.7054376136663477,-1.0239510047042348,3.5439142125342777,0.9799977502709678,-0.2068167740403959,7.085453061099685,1.6598922358907293,-2.27582616907599,-2.441274313754938,1.039972113409956,-2.5445884133309784,0.7963446531416969,0.7219651027371778,-0.9225328019614463,-2.9236919672435584,-0.370048498067124,-3.2843726386649257
-20.86320876048427,9.077929575460269,10.247154455218482,11.28884013552256,19.98519053203788,23.738778670415737,1.0275830901088874,-10.014165395940093,9.088292598977828,-5.85425915968919,-25.201565510361707,-9.219170956213464,-10.71713731850286,1.7944811181619116,18.861369316239742,9.308868583210684,11.372343898636405,15.05622401692516,1.6492923702544886,35.06716857614953,19.176426790023033,7.977078460235426,-21.47143560744644,-10.972225788414374,2.353220344696221,0.28610031291990584,1.4253427316037677,6.586247506794885,-1.7624774392622709,6.29769752395167,-4.013115599776663,22.097966042997456,33.49411141076979,11.70755391475441,-18.960365233382824,10.238476710900176,16.349693956352212,-7.08481774893312,-4.164373707260661,2.239693052234364,2.390219016026448,-15.637267212829975,-7.060879193473525,1.277412365141155,-31.720658112990854,-8.751830191272104,8.104378596633488,6.437682055110661,-5.773782752764677,8.840492452490967,-5.737866193455054,-7.155701719394421,4.679217969407721,10.619179485376568,3.365569254591416,21.160019592875194
-31.73343913047744,13.942430899732445,15.534982786207033,17.22126346987006,30.54840501431833,36.312675103066454,1.8451111814682657,-15.185359057992061,13.882599283963225,-8.921113278857444,-38.24397431847729,-13.918460711325636,-16.409958640980637,2.712146010843644,28.597649942160476,14.381759762916662,17.186644554614908,22.936283631053467,2.412467530020522,53.290109047525625,29.174836715787222,12.134557124631064,-32.60319725187235,-16.713083276247225,3.5420953385856055,0.4508476603537423,2.2006596946393047,10.158347711554685,-2.6802407862055544,9.458819457708069,-6.177228134130376,33.49411141076979,50.84943862230957,17.893584379159766,-28.845594936317024,15.56242568153356,24.754244624299634,-10.844548977943523,-6.446864883598992,3.4460486029528807,3.792327034867721,-23.880350924750548,-10.634384129517622,1.926218866466582,-48.359755862404434,-13.310772169610976,12.543207986563088,10.026313659033347,-8.729618032051606,13.531265150049817,-8.609836105874505,-10.771710847767723,7.14670224931682,16.321128249316175,5.003802810047203,31.98964942933894
-11.62977166126313,5.767689152937883,5.18076157639168,6.612818466399894,11.880849710909482,14.715006242136202,2.998848806784434,-5.903844648486018,5.246232081348611,-3.3489849873483797,-13.752838750748568,-4.516957844749391,-7.039046504986976,0.6410665653528885,9.7271303625236,6.94623881665123,5.29016551488838,8.654030791851369,0.1927993950840082,19.46945098801445,10.94995048071827,4.773837937187438,-11.272553925426736,-6.3724495165383095,0.9455331657761945,0.38388828306313244,1.0201709865105972,4.887635485754945,-1.591346024852555,2.323344629402173,-2.8351558736182576,11.70755391475441,17.893584379159766,7.316333255311187,-10.704869516569458,5.924343618004582,8.805005082702007,-4.702008077487212,-3.3987841439794337,1.6536959018382893,2.1902861252687735,-9.386584184712804,-3.2675362227757665,0.6385827951247661,-18.88272330635135,-4.745613348428972,5.552009218610445,5.404304929844377,-3.04320335500961,6.156998074435763,-2.6559125112425086,-2.8831842397564817,2.5926992277478997,7.187682921909308,1.4074805739725047,10.332586629285123
18.25253874605178,-8.37408898320652,-8.657069598755452,-10.06889620972138,-17.93959563462351,-21.649959258061923,-2.3230900479496728,8.924500448261636,-8.0685806642997,5.173664096604525,21.85949280529911,7.691239240242107,9.997668434081826,-1.3665769201951266,-16.040476969997464,-9.182320808628194,-9.337064188129538,-13.327303417867606,-1.0126528317036052,-30.62345438504385,-16.922558512438894,-7.159500544792266,18.384393321579374,9.748889065683759,-1.8462976544499554,-0.37840141968456714,-1.3810182023940392,-6.476571066926125,1.8781634784693118,-4.8186254023818895,3.8640139857517832,-18.960365233382824,-28.845594936317024,-10.704869516569458,16.665496755123993,-9.074278194999152,-14.098805514895128,6.635041007553456,4.272570845291964,-2.195818796609874,-2.613166913481202,14.080933624959883,5.776481213174551,-1.0719713777847597,28.449175136706412,7.583808048766361,-7.7284256924194485,-6.706945745406284,4.93950706662927,-8.438669943333224,4.684080644668513,5.616660351762152,-4.094408765307293,-10.041976553632894,-2.64994005472547,-17.64637538495417
-9.911010961282315,4.617490781365138,4.623846799590939,5.505476677071286,9.808485660559922,11.943841808875366,1.5942231887911391,-4.936526558761327,4.388237301273752,-2.817358439725079,-11.859251588390398,-4.108874774843794,-5.583793252868892,0.6803277833192705,8.603359290371248,5.218190780125762,4.921377241967102,7.270805246803342,0.45516094079731856,16.642068283137032,9.238245110568814,3.9539110316514035,-9.8759248059602,-5.334579316656454,0.9492352014024543,0.24131568509214157,0.7767423531327085,3.684580148976781,-1.14113342652391,2.4440524158609973,-2.1791425555371493,10.238476710900176,15.56242568153356,5.924343618004582,-9.074278194999152,4.978446714599801,7.655825963759594,-3.718397643404106,-2.47492128589706,1.2520227714274281,1.5065356026241075,-7.730372173276892,-3.0584392798409166,0.5747883834956836,-15.63118061113242,-4.093044324483517,4.2887871161650475,3.8795205123352265,-2.6760348747795293,4.782174019073862,-2.498153325987642,-2.8901284364884634,2.2051882303475088,5.616206305435074,1.4060184018836712,9.397658809822916
-15.485136146028102,6.798227710106834,7.52298647406982,8.413657765679272,14.890043208430702,17.80309995267181,1.1035323729812905,-7.539816347135987,6.741611922209446,-4.3520625182133585,-18.70387964536241,-6.778876687305825,-8.115357090163219,1.2630507376893632,13.888315067527069,7.142712937542362,8.284913598816592,11.207781168821581,1.1310439808687622,26.045314853847948,14.286567779786889,5.993432356113529,-15.819235546116895,-8.183694370848807,1.6916894430328995,0.25154810103071995,1.0848464447385737,5.060272121302218,-1.4471311612979996,4.494372804765739,-3.0601019270605776,16.349693956352212,24.754244624299634,8.805005082702007,-14.098805514895128,7.655825963759594,12.149541162964914,-5.378232921211629,-3.2518065187138636,1.725441723172012,1.8526541021057772,-11.687427482876132,-5.167823379360188,0.9444811336233523,-23.732576331571522,-6.466379208820363,6.089522466610761,5.016642893461376,-4.284783211150398,6.77790517975901,-4.222691321988123,-5.143640857112722,3.447428165275923,8.043795813306007,2.4773077690188225,15.51785352626753
