V1,V2,V3,V4,V5,V6,V7,V8,V9,V10,V11,V12,V13,V14,V15,V16,V17,V18,V19,V20,V21,V22,V23,V24,V25,V26,V27,V28,V29,V30,V31,V32,V33,V34,V35,V36,V37,V38,V39,V40,V41,V42,V43,V44,V45,V46,V47,V48,V49,V50,V51,V52,V53,V54,V55,V56
2.1336533469009966,1.293858785264501,2.433000307696574,1.8946724293174309,0.7606506036649786,4.477332938315482,-0.5672636723338177,4.465238445989126,-3.515035501457105,1.5787469957111342,-4.125505233863117,0.9869353553048669,-0.39685592908354633,-2.728946686451801,-3.60232442520655,-1.7303493363318152,-1.4882701290115097,-3.1278306542001024,-1.9456018948241087,-0.16546015380665088,-0.4745297539174159,-0.749584818490562,-1.8619558434413692,2.23456656258191,0.9489207559241019,-1.8017516306630497,0.1524404665072485,-0.027907408565041245,0.2345845218533683,1.3840207428622608,3.14150082705438,-0.6444516054025421,2.335974986284988,-2.6402158769721846,-1.1538809273180775,-0.1494307010006194,-1.6005887674350177,-0.19494051236796442,-1.304142417301978,4.1097962350814425,-1.9682193744693528,4.131104995075683,2.5590064868691114,1.166282949383907,4.50237839636276,0.2662241225833322,-3.0389938148859765,-0.8502437687649281,-3.017233456170794,-4.186131480254585,-0.2994938627744839,0.3736810817266743,1.5998178621800139,4.877221383360325,0.1898938774330719,0.21513882880722593
1.293858785264501,1.2110856816417335,1.4833043419085272,1.444765758505946,0.9415117013594373,3.663188879111602,0.511752827095111,2.8536131055041603,-2.175285730674434,0.9747042802565125,-2.7142743759062973,0.8553186465992727,-0.6954140881944936,-1.9033687961205903,-2.560871974206059,-0.4387023179810895,-1.2907854501696672,-1.8853358874807402,-1.5527052844847293,0.025101478690291373,-0.13343691987807962,-0.362510476230461,-1.1249769615084735,1.3265897531434427,0.513042002391829,-1.117952706758066,0.19621067481480456,0.458727125796015,-0.010058473498476961,0.535913700803818,1.8350061052355646,-0.5649158984765505,1.4476277812285894,-1.397487945822777,-0.9105652397168497,0.007702658989054746,-1.149093952593938,-0.42717630530965667,-1.2668840060800268,2.8704661800072455,-0.9270540440127678,2.3848304779802723,1.9189362044752665,0.7444316202145456,2.3861622360285852,0.16148324213387072,-1.5038200699979565,0.15532842701113553,-1.9341621612196649,-2.324664404318165,0.015501613965013714,0.5938058267298044,1.1068821438291723,3.7650875661686443,-0.0801620431893538,-0.2910674921294416
2.433000307696574,1.4833043419085272,3.9925987874292774,2.6327220355716636,0.993347307275478,5.598673066198118,-2.599903479031746,6.186729914289337,-4.721282717207674,2.0881259110488894,-6.45319048889682,0.6815504451296408,0.0193980652566244,-3.4150035445833913,-3.8988191285006697,-3.478755168223651,-0.9688136015553451,-4.130010358382978,-2.0839847909094353,0.640332561245207,-0.406258698581968,-1.1137282206711763,-3.6058336626344825,3.0075578298136842,1.6391013969294335,-2.6422860908609467,0.07588957822092655,-0.8070534726213265,0.7831311074691122,2.962184450938176,4.66884906832658,0.07682731522911798,4.5867563158439415,-3.951907747195946,-1.9246931030619157,-0.15141681520141562,-1.619232059192945,0.15191428500576062,-1.0600102999483139,5.381306061864061,-3.261998698139754,5.798958847350633,2.854318086328898,1.6818457755332468,6.359738082917038,0.049001351658173584,-4.707643356860322,-2.3846005322993524,-4.394391487231872,-6.50539295078698,-0.9282072957053665,-0.5078254364502583,2.3368036039185642,5.994148689949892,0.6612884936661869,1.8934887421945885
1.8946724293174309,1.444765758505946,2.6327220355716636,2.0811593954531347,1.051617694978501,4.862337039876103,-0.615671901531272,4.45471216011113,-3.4479739532505573,1.52928469995757,-4.529826764899191,0.8804912350839244,-0.5211808052006726,-2.7403307826773355,-3.4017691155354375,-1.6676976611599499,-1.338157406582909,-2.988283438529414,-1.949328719240127,0.2898120451655153,-0.23875866112183708,-0.6792268779510621,-2.207882019752537,2.1385134730332314,1.007751251761218,-1.8408608450286965,0.17224483035614427,0.03467162181789885,0.25284696255481154,1.526305754189959,3.158511488148599,-0.3639278156459952,2.8440806399364353,-2.5536783837805,-1.4245115330192126,-0.033898646694065504,-1.4333158006223237,-0.26915504456334727,-1.3567385255544506,4.207614156557317,-1.9697535541963014,4.00797871826728,2.5112674209622314,1.2035502112244363,4.199510985560634,0.14608946991484997,-2.973592021864771,-0.8113631099127988,-3.146198706251463,-4.195264009947097,-0.37387578809391253,0.25520180603579223,1.7051835447705197,5.094958461805268,0.22590852763258795,0.5246069984119657
0.7606506036649786,0.9415117013594373,0.993347307275478,1.051617694978501,0.8237814068678536,2.7024723875007397,0.5657326230929793,1.865761959866236,-1.3649160803113909,0.6085951616687726,-1.8704340068839984,0.5981761741727534,-0.6030649045561851,-1.276584240173265,-1.6840383499015723,-0.07699657134352425,-0.8933442788394906,-1.1546549955977534,-1.0970388383139733,0.15720915912218947,0.015150631420345756,-0.19362399250259094,-0.8007732344851022,0.8096548954504662,0.3216976978688529,-0.7272570893623482,0.16130967614755315,0.44704337668522776,-0.0328274236728459,0.28806609128557253,1.1444709742020884,-0.3498082390627884,1.0496542774612145,-0.8052061499956877,-0.703974495565703,0.05433454401517144,-0.7554966537793506,-0.3755325891716895,-0.9532477243281812,1.9526056765482533,-0.49591595320159554,1.4405999361048178,1.3191000687354786,0.4895149681192185,1.3409312848562527,0.069833992773929765,-0.8149203199177494,0.3109375400895892,-1.2817383757788963,-1.4234321570984805,0.06126208546453907,0.4521556298503263,0.7740668715215488,2.6821736649871224,-0.11273456967012402,-0.2384687832445968
4.477332938315482,3.663188879111602,5.598673066198118,4.862337039876103,2.7024723875007397,11.842050783791706,0.1003662574581795,10.021489182224238,-7.837640341848804,3.4830616679320863,-9.975384409408688,2.4601846401275167,-1.7739390707979006,-6.496074876921998,-8.39097250044534,-2.786878148554578,-3.7922798951780736,-6.772550383801907,-4.914040242383837,0.3607632330980981,-0.525404855094086,-1.390150394066215,-4.451205972520269,4.79596232790513,2.0555936203787297,-4.062207237331877,0.52129481660082,0.7862357727896696,0.20501736157302852,2.695121432563482,6.8676647555269446,-1.3668173732074569,5.763983460601383,-5.4159446509107765,-3.196589114715823,-0.005021366667782626,-3.5729849064872172,-1.042144603462825,-3.7432954761970576,9.838397367206065,-3.9929564070323265,8.847105571424642,6.188262941942357,2.694926734232838,9.058782368303666,0.48138264389649293,-6.222711733870171,-0.7653436971924273,-7.0273975752230236,-8.862503800370272,-0.4814455677817291,1.3279738654858801,3.841979079080718,12.334595828163625,0.2098855448380886,0.13632948788870924
-0.5672636723338177,0.511752827095111,-2.599903479031746,-0.615671901531272,0.5657326230929793,0.1003662574581795,5.214089957680319,-2.761655077446883,1.9164120476515183,-0.8316402422934195,3.321509720445763,0.9709579656788165,-1.707832356124384,0.6072468024575642,-0.22875157074604244,4.224160177027914,-1.6693898708105679,1.7544803381749676,-0.5179808920647319,-0.930077826091002,0.3047124814058895,0.8828975627254524,2.9332926745760552,-1.4031052481891901,-1.2972770863561232,1.3827549856364436,0.33954603338487005,2.328535431904978,-1.3667476038672615,-3.304912218025289,-2.730831421469448,-1.438770201071753,-3.6258401360691095,2.6782152447814465,0.7886230013224457,0.291576697488984,-0.16519018113714937,-1.2757861274085203,-1.433299900773635,-1.3374641129682485,2.6582796607034247,-3.084051443683616,0.20593573589511385,-0.7769419092598437,-3.9868021072072484,0.3645325494092971,3.3971998704939503,3.965318865399123,2.032889266056212,4.4777006781908755,1.36722009477121,2.2559185465496476,-0.9943888835219501,-0.20451692008713843,-1.0960300643314191,-3.607476150827952
4.465238445989126,2.8536131055041603,6.186729914289337,4.45471216011113,1.865761959866236,10.021489182224238,-2.761655077446883,10.43860968200973,-7.953544904162746,3.5550809760863977,-10.16463139431831,1.7553247244123589,-0.4792383466805564,-5.998657919599427,-7.4228098033945695,-4.823525696146069,-2.5276742643072647,-7.037787527254517,-4.034948389859121,0.3690140249987992,-0.8706968575444961,-1.8231855985179595,-5.240981017993999,5.085554349916644,2.474559462150851,-4.308696800117718,0.25874847116214844,-0.6591682587648969,1.0012534927518282,4.0886898653664,7.521801427782189,-0.7127281737272678,6.595519414477355,-6.329819458881872,-2.983955066755331,-0.3179838080905051,-3.2883306143519673,-0.11133599193023976,-2.424233442561262,9.27927026322205,-4.908311388953818,9.569275818586494,5.398901331444622,2.750359053958119,10.477942973503456,0.3147305838680594,-7.290820320783569,-2.885040194768747,-7.144403586532339,-10.324554446043724,-1.0494261218650915,0.0026675488909745308,3.8639638171566157,10.76591975414634,0.6869125175544476,1.8067215522815157
-3.515035501457105,-2.175285730674434,-4.721282717207674,-3.4479739532505573,-1.3649160803113909,-7.837640341848804,1.9164120476515183,-7.953544904162746,6.277086828115032,-2.7859805481106568,7.929249715907163,-1.3869744085281839,0.47644376646330305,4.754254135392357,5.888843533411843,3.6455280797844147,2.1098262278167224,5.498724496387658,3.194970677634508,-0.2798330763607043,0.6576653129174747,1.3218117009269872,3.9370990474327936,-3.9385940092081575,-1.8805924535261203,3.314130273301256,-0.20760550049727186,0.4119504031597866,-0.6038788615590617,-3.0252262661188785,-5.815803579786813,0.5741971779468105,-5.007476016607518,4.854324641373267,2.313452947331749,0.17150613687657895,2.4817164867047885,0.19236704046999134,2.0123872229574866,-7.26875169978581,3.856465007075291,-7.447444115714337,-4.215892682566736,-2.1516357647548956,-8.043169636947063,-0.2991831419848437,5.778181586865152,2.116070605441065,5.5796777327118985,7.825785155179405,0.8526097339952831,-0.15475482074671335,-2.938518416090414,-8.437535481608153,-0.5976494566505384,-1.2721473737325553
1.5787469957111342,0.9747042802565125,2.0881259110488894,1.52928469995757,0.6085951616687726,3.4830616679320863,-0.8316402422934195,3.5550809760863977,-2.7859805481106568,1.2402921031575116,-3.4934188515035913,0.6341533079267561,-0.21120797523548004,-2.1129751681426003,-2.6390980989610155,-1.607465195201963,-0.9540610846611891,-2.451158485882657,-1.429097369339057,0.0903263475789192,-0.3070792020066256,-0.5994983877912703,-1.7288206420531702,1.7587621656427437,0.8309515919563617,-1.4728780498882457,0.09434126390668549,-0.17687478486068123,0.27450928885617093,1.3318699494810973,2.5812614185786766,-0.2851298885037226,2.190937692941879,-2.1622056569673513,-1.0134382757245057,-0.09002558117947253,-1.130890071168675,-0.08123287012181477,-0.8972240309046613,3.2314751934226944,-1.69700260872577,3.313090666925153,1.8921689006810558,0.9522887920745459,3.594958881945644,0.13891219927162554,-2.5471412697727818,-0.9273851152483602,-2.4705282013497847,-3.484428004009882,-0.3606335855244994,0.08085499954402713,1.30764346015545,3.7570436035499286,0.24807465733277606,0.5315387816186393
-4.125505233863117,-2.7142743759062973,-6.45319048889682,-4.529826764899191,-1.8704340068839984,-9.975384409408688,3.321509720445763,-10.16463139431831,7.929249715907163,-3.4934188515035913,10.7592069112578,-1.3863895699730306,0.43329801621099057,5.935766682046906,6.928914663341606,5.127954719350262,2.1180820220544296,6.863698577746614,3.8066729169604634,-1.0414190187020402,0.568901270499467,1.692325617768104,5.692529047927417,-4.9556396984175795,-2.5866836929817705,4.332783073333064,-0.2139661262362957,0.8386970044076278,-0.9565119949236847,-4.431720041744169,-7.603648858591866,0.106815138415521,-7.330778441951363,6.313931359454258,3.2785868800113973,0.12682049577084653,2.775115036120156,0.08718935389095096,2.2612614354558227,-9.233057542946232,5.196401988243747,-9.510627082635802,-5.063240947805763,-2.805908216621555,-10.186027690223,-0.17406936165919262,7.614159748856803,3.26399325584532,7.349518086427186,10.340155087904721,1.391681389372628,0.3401428699383672,-3.872336025302653,-10.583766171503846,-0.9875299606490796,-2.5510226190595517
0.9869353553048669,0.8553186465992727,0.6815504451296408,0.8804912350839244,0.5981761741727534,2.4601846401275167,0.9709579656788165,1.7553247244123589,-1.3869744085281839,0.6341533079267561,-1.3863895699730306,0.7767528869087205,-0.6287836881131798,-1.2977228217018155,-1.9689322943055323,0.12186579775278153,-1.1888777829965902,-1.2322107729109155,-1.174201742600165,-0.31028821285382613,-0.17900040779021498,-0.19826610104228803,-0.31463304911631457,0.8473430232466361,0.19668022549569716,-0.6326913977460842,0.16931690559096807,0.5578115850066756,-0.16688573519695982,-0.05058737846300781,1.0104133459620848,-0.7055482522081069,0.38973320593745203,-0.7522137118345813,-0.43471479201335533,-0.019517449178861127,-0.9295788834012189,-0.4124227438552492,-1.0454679091185217,1.870834479427713,-0.3714511257094961,1.4362268393428725,1.4288739957484398,0.43156954667923514,1.426242883448955,0.21584603623824383,-0.7374745106033753,0.5329267759276103,-1.1035195754305243,-1.1739528982976817,0.20022929371721077,0.7362597516206842,0.6353744986717571,2.582128443379974,-0.19783939605554796,-0.7628774581683678
-0.39685592908354633,-0.6954140881944936,0.0193980652566244,-0.5211808052006726,-0.6030649045561851,-1.7739390707979006,-1.707832356124384,-0.4792383466805564,0.47644376646330305,-0.21120797523548004,0.43329801621099057,-0.6287836881131798,0.8438206227650502,0.7309941986948993,1.2188641058408407,-0.9964772555632794,1.0547939301668825,0.35312559523835507,0.8585507877714511,0.13924101863119345,-0.08885895968735037,-0.1168377322072403,-0.2722820359837632,-0.19848034877129425,0.12475678600200929,0.12597015369494796,-0.18652410521024892,-0.8879770554143704,0.4475559292069011,0.6774376762188037,-0.08110830642730764,0.584071315456292,0.26231860279521557,-0.12783042119804972,0.25622791684630003,-0.13001624811269347,0.48990713200142894,0.5835016953536829,1.011355083457819,-0.9779877364204048,-0.28493718699110543,-0.22243288692257035,-0.9252955516525949,-0.13634742172561956,0.09618605990101978,-0.16849800954092078,-0.21020528730797475,-1.183663558158719,0.3734929837292576,-0.23286310772776508,-0.3407043611521305,-0.9058507578569591,-0.22769893489508633,-1.7147615331864057,0.29721426000000806,1.0849587861938956
-2.728946686451801,-1.9033687961205903,-3.4150035445833913,-2.7403307826773355,-1.276584240173265,-6.496074876921998,0.6072468024575642,-5.998657919599427,4.754254135392357,-2.1129751681426003,5.935766682046906,-1.2977228217018155,0.7309941986948993,3.774456270110478,4.825474089675387,2.179016749439153,2.0101317610166283,4.142444100599741,2.709018210907823,-0.1334301195147075,0.4362526189531991,0.9153066556594464,2.727586358629869,-2.9476108191258,-1.3050088905229484,2.460600233641818,-0.23719285287271755,-0.10960884764221271,-0.2409674558073238,-1.8841280516724899,-4.248898322028812,0.6904717462612597,-3.5057653690609336,3.4626543419938822,1.7928102939868598,0.07415356747002831,2.0343770773785703,0.39919525794109645,1.9166560736450753,-5.713981866839971,2.6507512961634943,-5.494552709666846,-3.4876511580892835,-1.618255715882055,-5.791033769727279,-0.2922433635416345,4.070207016264184,0.990575145799026,4.212457510874239,5.57422155635792,0.4527098366574912,-0.5232914990825586,-2.239007706767671,-6.903450813430944,-0.2855678767469702,-0.42004862358311496
-3.60232442520655,-2.560871974206059,-3.8988191285006697,-3.4017691155354375,-1.6840383499015723,-8.39097250044534,-0.22875157074604244,-7.4228098033945695,5.888843533411843,-2.6390980989610155,6.928914663341606,-1.9689322943055323,1.2188641058408407,4.825474089675387,6.49385281404016,2.070454554512636,3.0346063784735815,5.176803010175203,3.668502075372844,0.25965596628311227,0.6473398772067218,1.0985783839546097,2.8610785541257586,-3.661779863046364,-1.4394790490679894,2.9576640955891023,-0.37189391289412316,-0.5613842422367565,-0.08930103849525525,-1.781570388806976,-5.051372652085535,1.3577524118034765,-3.6512815405282217,4.089982904055089,2.0637254271647385,0.1267795085555048,2.8439406791415944,0.7166286492167495,2.7599847678601335,-7.205117293295087,2.93363366542111,-6.684792569741512,-4.6744492445455315,-1.9531417688981176,-7.025188508780489,-0.5065101367939439,4.666027897833802,0.5471088784101482,5.06677739731299,6.50608418852631,0.25841596649536325,-1.1710129837300263,-2.7217586738296924,-8.947078049484809,-0.1047707679321999,0.3160652512802207
-1.7303493363318152,-0.4387023179810895,-3.478755168223651,-1.6676976611599499,-0.07699657134352425,-2.786878148554578,4.224160177027914,-4.823525696146069,3.6455280797844147,-1.607465195201963,5.127954719350262,0.12186579775278153,-0.9964772555632794,2.179016749439153,2.070454554512636,4.220650719269361,-0.31662012067141077,3.255764682857533,0.8396707495760379,-0.6576018747462395,0.4907207509910607,1.0957314244327332,3.3912513777478877,-2.427668039675721,-1.566767051387216,2.160516809413176,0.15540478163586424,1.7361615434773887,-1.1450620768217434,-3.3335404819088295,-4.006509616846168,-0.7118467955780224,-4.229251935131363,3.6270293356624492,1.3489431916413104,0.27670885268704865,0.8389602218359806,-0.7986428192401132,-0.2250190122149146,-3.5924409818309586,3.232894731734072,-4.874927313821213,-1.4349822520042466,-1.3205593172881622,-5.7325457472060535,0.11514699476237686,4.459170152698455,3.4689319105920395,3.4263998806766978,5.9324052655570485,1.2290753137056396,1.4446729589565777,-1.7470303398608416,-3.2425501846018303,-0.9582898443694616,-2.8586520889015175
-1.4882701290115097,-1.2907854501696672,-0.9688136015553451,-1.338157406582909,-0.8933442788394906,-3.7922798951780736,-1.6693898708105679,-2.5276742643072647,2.1098262278167224,-0.9540610846611891,2.1180820220544296,-1.1888777829965902,1.0547939301668825,2.0101317610166283,3.0346063784735815,-0.31662012067141077,1.8933774991018328,1.8374482721069132,1.8166066773211746,0.4347766808736213,0.22124173862246588,0.2358035294295034,0.3797681840430989,-1.2501275553232978,-0.2575829078747051,0.9220679138567969,-0.2673214243729832,-0.9460430739852675,0.3836115860871243,0.19860948557619978,-1.4725785970185854,1.0665431491471944,-0.5207677552917063,1.0618595981755634,0.6748799739923327,-0.023630428570298744,1.342568064689905,0.7020345913387542,1.6775444630467815,-2.859889574303371,0.5439096963633594,-2.1244284860240845,-2.183112386894395,-0.6508115840759185,-2.0194062483174737,-0.3535699032167831,1.1218810592985295,-0.9304104049698496,1.6834144466685887,1.6000928866125441,-0.29011968231629665,-1.2210478197045795,-0.9211576346309832,-3.9722652889500503,0.27393043085426416,1.2501179799255
-3.1278306542001024,-1.8853358874807402,-4.130010358382978,-2.988283438529414,-1.1546549955977534,-6.772550383801907,1.7544803381749676,-7.037787527254517,5.498724496387658,-2.451158485882657,6.863698577746614,-1.2322107729109155,0.35312559523835507,4.142444100599741,5.176803010175203,3.255764682857533,1.8374482721069132,4.852910964888434,2.783119275592171,-0.14440961007373992,0.6380927373398902,1.208256399023435,3.423057750372092,-3.4865568769343245,-1.6527882536955443,2.9131941549282905,-0.1747105193584175,0.41262861093064784,-0.5820554550193234,-2.676738559797853,-5.115499078299286,0.5589822935156654,-4.3214321479669735,4.307052988265573,1.9710041164593661,0.20167015536316701,2.238565193734238,0.1153120967676036,1.7103086616551557,-6.341670315611996,3.3774196025225707,-6.568539512941183,-3.7044237720548545,-1.8768775211862738,-7.169616418725633,-0.27290703244828485,5.059709847014766,1.9152630407101165,4.863666679170573,6.937392865143784,0.7231552512457651,-0.11061117741581093,-2.576386561041075,-7.332331170831664,-0.49929385949685,-1.094113799151071
-1.9456018948241087,-1.5527052844847293,-2.0839847909094353,-1.949328719240127,-1.0970388383139733,-4.914040242383837,-0.5179808920647319,-4.034948389859121,3.194970677634508,-1.429097369339057,3.8066729169604634,-1.174201742600165,0.8585507877714511,2.709018210907823,3.668502075372844,0.8396707495760379,1.8166066773211746,2.783119275592171,2.138439763406926,0.09763638196567026,0.2858732459004183,0.5414946663567525,1.5142289692705408,-1.9553591740679979,-0.7409089927437397,1.595526335580314,-0.24484676788600995,-0.5157014034350568,0.03468372816371207,-0.807086834989432,-2.680253141173992,0.8142783438007618,-1.9507411799307208,2.103975103573975,1.1924180613420876,0.020140050922588082,1.6025652632172116,0.528505634311651,1.7009877505244326,-4.037582580917147,1.4652806306425104,-3.5431906545767866,-2.6724165510115636,-1.06622270564891,-3.621983201594644,-0.2803315626805542,2.3731632224416455,-0.009279749835771343,2.7655834440955895,3.382527555233434,0.05500374087940687,-0.806533516833144,-1.5123714240733563,-5.157732855511302,0.02285323496278879,0.3732811371208236
-0.16546015380665088,0.025101478690291373,0.640332561245207,0.2898120451655153,0.15720915912218947,0.3607632330980981,-0.930077826091002,0.3690140249987992,-0.2798330763607043,0.0903263475789192,-1.0414190187020402,-0.31028821285382613,0.13924101863119345,-0.1334301195147075,0.25965596628311227,-0.6576018747462395,0.4347766808736213,-0.14440961007373992,0.09763638196567026,0.6854778959755317,0.2268578204038791,-0.03857285073066857,-0.8390096250552039,0.12462906864713116,0.275335781168557,-0.26279699648750166,-0.04209584195793502,-0.3231898032404172,0.18074378113213027,0.6912949707329237,0.4767219336158601,0.5900327439063829,1.160415112981304,-0.34924801592322335,-0.4324732370284955,0.10834669085757226,0.28490533624001996,0.11824237236830551,0.17538109962254023,0.33249854405063506,-0.49921404577979295,0.39692470920587397,-0.11490935251529703,0.1769143359460459,0.31265161215543125,-0.17750503171240092,-0.5866273309307269,-0.647335798610835,-0.5088186625647128,-0.7029269750412769,-0.3615567984800047,-0.49325660873318605,0.24937980489347167,0.24204462483515232,0.280430630969892,0.9647780698969064
-0.4745297539174159,-0.13343691987807962,-0.406258698581968,-0.23875866112183708,0.015150631420345756,-0.525404855094086,0.3047124814058895,-0.8706968575444961,0.6576653129174747,-0.3070792020066256,0.568901270499467,-0.17900040779021498,-0.08885895968735037,0.4362526189531991,0.6473398772067218,0.4907207509910607,0.22124173862246588,0.6380927373398902,0.2858732459004183,0.2268578204038791,0.22106183431792467,0.20369209466072521,0.2796883677299669,-0.4597269463286092,-0.1844050420171173,0.3316148331804981,-0.0015201974188315112,0.1456901966589289,-0.13598639618575364,-0.3101517369304305,-0.6084013736311354,0.19676572731612083,-0.2844391270400557,0.5758824658725359,0.0783462971057074,0.10654826544570456,0.36778832544534007,-0.06818460843921104,0.10868103913594,-0.6495684525387051,0.40384453553373606,-0.8378599690647281,-0.42030367316301154,-0.19789430566406482,-1.0442739548113098,-0.07386950427014616,0.6171953490377512,0.3170225272557225,0.47769509303741786,0.8859243743673076,0.04401355456485231,-0.004097876979183365,-0.26073703772599854,-0.6742670484789991,-0.031478527403686354,-0.03752313253342598
-0.749584818490562,-0.362510476230461,-1.1137282206711763,-0.6792268779510621,-0.19362399250259094,-1.390150394066215,0.8828975627254524,-1.8231855985179595,1.3218117009269872,-0.5994983877912703,1.692325617768104,-0.19826610104228803,-0.1168377322072403,0.9153066556594464,1.0985783839546097,1.0957314244327332,0.2358035294295034,1.208256399023435,0.5414946663567525,-0.03857285073066857,0.20369209466072521,0.38806894708913736,0.9741880373720562,-0.8969013268550953,-0.47030776208616437,0.7539383897417754,-0.005560617073296712,0.32320189398505855,-0.29530257403067106,-0.8847044886934714,-1.3431345570090043,0.04167135265389499,-1.1980260672129015,1.1977045557354307,0.4542602705010201,0.11863488361237441,0.5279614862016156,-0.13450264385490893,0.19807475590937557,-1.4559504693243406,0.9308103021521476,-1.696899658370333,-0.7977919372809958,-0.4588190282530801,-1.9747878214581747,-0.029501843168453355,1.3408468574386339,0.7951757736756462,1.1998093253591395,1.949121310706944,0.24237589753311586,0.19760319015624456,-0.6505774196429442,-1.5573332252555183,-0.1660613731503012,-0.5294907187103297
-1.8619558434413692,-1.1249769615084735,-3.6058336626344825,-2.207882019752537,-0.8007732344851022,-4.451205972520269,2.9332926745760552,-5.240981017993999,3.9370990474327936,-1.7288206420531702,5.692529047927417,-0.31463304911631457,-0.2722820359837632,2.727586358629869,2.8610785541257586,3.3912513777478877,0.3797681840430989,3.423057750372092,1.5142289692705408,-0.8390096250552039,0.2796883677299669,0.9741880373720562,3.452317914713209,-2.508207677525812,-1.5165916775667894,2.2900491798127787,-0.007536071519618158,1.008286784162508,-0.8780903941396015,-2.922655469537323,-4.073506186027185,-0.4202598859268339,-4.379454360873214,3.4590020365227994,1.727016436737507,0.11639340693239497,1.163143788938773,-0.30233278138302805,0.5863898083632832,-4.400647836177169,2.9678814382475642,-4.935684932035722,-2.125189762744595,-1.4459855941860957,-5.449580596934115,0.08431684241490117,4.170331830453031,2.497217863134597,3.764772090005988,5.795416782259035,0.9717660792008392,0.8403014381676523,-2.019610863215507,-4.7285978541582,-0.704641239690725,-2.2184099537937447
2.23456656258191,1.3265897531434427,3.0075578298136842,2.1385134730332314,0.8096548954504662,4.79596232790513,-1.4031052481891901,5.085554349916644,-3.9385940092081575,1.7587621656427437,-4.9556396984175795,0.8473430232466361,-0.19848034877129425,-2.9476108191258,-3.661779863046364,-2.427668039675721,-1.2501275553232978,-3.4865568769343245,-1.9553591740679979,0.12462906864713116,-0.4597269463286092,-0.8969013268550953,-2.508207677525812,2.5172647318231767,1.2085019647762343,-2.106860806149856,0.11469655664146869,-0.3610399845018252,0.45795054214970077,1.9978281336671455,3.7036537273343515,-0.35858206943213733,3.166150806472027,-3.1389571066579314,-1.41901087955337,-0.16338216641335013,-1.5904815216007282,-0.03239709177712676,-1.1613934827809516,4.532628318405619,-2.4593934517419664,4.744144413244284,2.629776350077252,1.348797952075673,5.21024591958202,0.18194721814873765,-3.667252411507821,-1.4802500284361464,-3.5088380050502113,-5.060458855045422,-0.5460009230077931,0.006090368466741176,1.8599048435117054,5.20388061513115,0.37629006000056764,0.8789765364395054
0.9489207559241019,0.513042002391829,1.6391013969294335,1.007751251761218,0.3216976978688529,2.0555936203787297,-1.2972770863561232,2.474559462150851,-1.8805924535261203,0.8309515919563617,-2.5866836929817705,0.19668022549569716,0.12475678600200929,-1.3050088905229484,-1.4394790490679894,-1.566767051387216,-0.2575829078747051,-1.6527882536955443,-0.7409089927437397,0.275335781168557,-0.1844050420171173,-0.47030776208616437,-1.5165916775667894,1.2085019647762343,0.6903275558631409,-1.0679218999057645,0.0054825836801732164,-0.45338368333441803,0.38389567878466735,1.3066473457203889,1.9079660882395584,0.10641427920082618,1.9138977655250893,-1.639670349073529,-0.751929061069767,-0.07845197221976642,-0.6015505129931256,0.1389101927266575,-0.3001931957155053,2.0768846895057953,-1.3815117305169649,2.3544016646332753,1.044769250895315,0.6733563943439344,2.6274837601859238,-0.001406311807216147,-1.9669945417052044,-1.1376760933573657,-1.7504695017390783,-2.702658128472759,-0.42669502721807323,-0.3284398605383081,0.9272996127390689,2.227160881049452,0.3126429029180922,0.9207948965300171
-1.8017516306630497,-1.117952706758066,-2.6422860908609467,-1.8408608450286965,-0.7272570893623482,-4.062207237331877,1.3827549856364436,-4.308696800117718,3.314130273301256,-1.4728780498882457,4.332783073333064,-0.6326913977460842,0.12597015369494796,2.460600233641818,2.9576640955891023,2.160516809413176,0.9220679138567969,2.9131941549282905,1.595526335580314,-0.26279699648750166,0.3316148331804981,0.7539383897417754,2.2900491798127787,-2.106860806149856,-1.0679218999057645,1.8065661908508142,-0.08630923489325826,0.377147430059334,-0.44528526345110375,-1.823820302960247,-3.174064593848718,0.16344013283060066,-2.9012079016273415,2.673653932407234,1.2763030879758928,0.11336918622204645,1.264959882142805,-0.0017000654698702382,0.9165134129165481,-3.821437611544138,2.139266120694379,-4.007250210639965,-2.1461570314581495,-1.1563807979689575,-4.378516362188365,-0.10105757609944142,3.1467556271234076,1.3683251326390575,3.00907226180061,4.363522787733863,0.5241111986556899,0.11908249382748126,-1.60561608127051,-4.363366135749413,-0.3633338161947498,-0.9565746624276582
0.1524404665072485,0.19621067481480456,0.07588957822092655,0.17224483035614427,0.16130967614755315,0.52129481660082,0.33954603338487005,0.25874847116214844,-0.20760550049727186,0.09434126390668549,-0.2139661262362957,0.16931690559096807,-0.18652410521024892,-0.23719285287271755,-0.37189391289412316,0.15540478163586424,-0.2673214243729832,-0.1747105193584175,-0.24484676788600995,-0.04209584195793502,-0.0015201974188315112,-0.005560617073296712,-0.007536071519618158,0.11469655664146869,0.0054825836801732164,-0.08630923489325826,0.04504298048540281,0.18459143089910623,-0.07345925189928683,-0.09427693741724098,0.11805963058516485,-0.15164983156715076,0.018946792272105516,-0.05934892174995656,-0.08876984760809152,0.016521608427937564,-0.1681493020292217,-0.1255895330624051,-0.25199908715559255,0.33604372824277023,0.00538453236258872,0.1773837979505826,0.2807980163508603,0.06493958463942723,0.1303296693234402,0.04152306938428428,-0.038366395025803836,0.2246521062185585,-0.169522976782053,-0.09644431569293788,0.07112424919314768,0.19930550886450754,0.10454099452298513,0.5199995983751627,-0.06646271681100693,-0.22500399077685806
-0.027907408565041245,0.458727125796015,-0.8070534726213265,0.03467162181789885,0.44704337668522776,0.7862357727896696,2.328535431904978,-0.6591682587648969,0.4119504031597866,-0.17687478486068123,0.8386970044076278,0.5578115850066756,-0.8879770554143704,-0.10960884764221271,-0.5613842422367565,1.7361615434773887,-0.9460430739852675,0.41262861093064784,-0.5157014034350568,-0.3231898032404172,0.1456901966589289,0.32320189398505855,1.008286784162508,-0.3610399845018252,-0.45338368333441803,0.377147430059334,0.18459143089910623,1.0972784067412318,-0.6066799850893427,-1.3018540816479287,-0.8197387453558922,-0.6761377705902598,-1.2116317549111455,0.8926653903413279,0.1251801433437429,0.1473259111661098,-0.2482824614855848,-0.6398104954947944,-0.865063388407401,-0.009773550099671128,0.9532990715989805,-0.8807484768620876,0.4463815975259234,-0.18582324494865646,-1.2998792393283718,0.1754097024953479,1.1604270300490152,1.728368946067525,0.47419283138604085,1.4896657246624996,0.5667650193663675,1.068944295014734,-0.20832494530895976,0.6566993475492012,-0.46745282435938434,-1.5572412780416083
0.2345845218533683,-0.010058473498476961,0.7831311074691122,0.25284696255481154,-0.0328274236728459,0.20501736157302852,-1.3667476038672615,1.0012534927518282,-0.6038788615590617,0.27450928885617093,-0.9565119949236847,-0.16688573519695982,0.4475559292069011,-0.2409674558073238,-0.08930103849525525,-1.1450620768217434,0.3836115860871243,-0.5820554550193234,0.03468372816371207,0.18074378113213027,-0.13598639618575364,-0.29530257403067106,-0.8780903941396015,0.45795054214970077,0.38389567878466735,-0.44528526345110375,-0.07345925189928683,-0.6066799850893427,0.46289073588600327,0.9345009902011835,0.8341662780433571,0.28292643708390336,1.0291575524021537,-0.8019454886696856,-0.2376104444755846,-0.11956122082194343,-0.1275902997561393,0.3363566923481498,0.32613043744840164,0.5046621016511872,-0.7021379887272478,0.9463120196921604,0.07945987301633092,0.24192194794817393,1.245969149510661,-0.10338929177663066,-0.888268730009249,-1.0215719432841328,-0.6000006828169622,-1.4033887693215035,-0.2948381802903966,-0.5854510580487868,0.36295589590930516,0.2821382463063049,0.21455672003411663,0.9089246618946326
1.3840207428622608,0.535913700803818,2.962184450938176,1.526305754189959,0.28806609128557253,2.695121432563482,-3.304912218025289,4.0886898653664,-3.0252262661188785,1.3318699494810973,-4.431720041744169,-0.05058737846300781,0.6774376762188037,-1.8841280516724899,-1.781570388806976,-3.3335404819088295,0.19860948557619978,-2.676738559797853,-0.807086834989432,0.6912949707329237,-0.3101517369304305,-0.8847044886934714,-2.922655469537323,1.9978281336671455,1.3066473457203889,-1.823820302960247,-0.09427693741724098,-1.3018540816479287,0.9345009902011835,2.740881488732233,3.3288353515609646,0.6072657224061083,3.668295941319101,-2.9544144035548343,-1.2521974646837897,-0.18602720618534538,-0.7258690160377982,0.5708371987313944,0.04837855030742785,3.1279363298635103,-2.6096867616460706,4.001507899822708,1.297794416289144,1.1191107802793183,4.623885620399255,-0.13011436902502638,-3.586167871698581,-2.6987460407815536,-2.9180850730921635,-4.913131299819083,-0.9773855791302779,-1.1405714967664586,1.5318892033903428,2.992451508411956,0.7393090043908255,2.343688372505495
3.14150082705438,1.8350061052355646,4.66884906832658,3.158511488148599,1.1444709742020884,6.8676647555269446,-2.730831421469448,7.521801427782189,-5.815803579786813,2.5812614185786766,-7.603648858591866,1.0104133459620848,-0.08110830642730764,-4.248898322028812,-5.051372652085535,-4.006509616846168,-1.4725785970185854,-5.115499078299286,-2.680253141173992,0.4767219336158601,-0.6084013736311354,-1.3431345570090043,-4.073506186027185,3.7036537273343515,1.9079660882395584,-3.174064593848718,0.11805963058516485,-0.8197387453558922,0.8341662780433571,3.3288353515609646,5.612512004387291,-0.19107033695677494,5.156722188362949,-4.761262769344148,-2.2064084989276744,-0.21383509548851073,-2.138969124414444,0.09519041546360947,-1.4590955114945827,6.606839790823637,-3.8628337267675104,7.079478076174189,3.6396717762012827,2.0284950431831374,7.781659030361356,0.1641634190560895,-5.656195422212017,-2.6321244854580517,-5.27453468956061,-7.746773463538435,-1.0031256601734346,-0.3471822197317631,2.7882399177764774,7.425403792577182,0.7164255824961836,1.8669225272269008
-0.6444516054025421,-0.5649158984765505,0.07682731522911798,-0.3639278156459952,-0.3498082390627884,-1.3668173732074569,-1.438770201071753,-0.7127281737272678,0.5741971779468105,-0.2851298885037226,0.106815138415521,-0.7055482522081069,0.584071315456292,0.6904717462612597,1.3577524118034765,-0.7118467955780224,1.0665431491471944,0.5589822935156654,0.8142783438007618,0.5900327439063829,0.19676572731612083,0.04167135265389499,-0.4202598859268339,-0.35858206943213733,0.10641427920082618,0.16344013283060066,-0.15164983156715076,-0.6761377705902598,0.28292643708390336,0.6072657224061083,-0.19107033695677494,0.8304756424194881,0.5821338167137643,0.09619100046807275,0.004600348239421579,0.04526106609587532,0.7327404292293795,0.40649250012942445,0.8381349196605361,-0.8981437287934186,-0.2170429106314984,-0.46261294037991446,-0.958074767556793,-0.12319782273440105,-0.4325645774064803,-0.24261637266955202,-0.09411157836223047,-0.9423462060451554,0.2834023138787348,0.060549583603613864,-0.4065226866942221,-0.8582998461236242,-0.20443517305567455,-1.4725674453360669,0.34709523093904326,1.205596275010806
2.335974986284988,1.4476277812285894,4.5867563158439415,2.8440806399364353,1.0496542774612145,5.763983460601383,-3.6258401360691095,6.595519414477355,-5.007476016607518,2.190937692941879,-7.330778441951363,0.38973320593745203,0.26231860279521557,-3.5057653690609336,-3.6512815405282217,-4.229251935131363,-0.5207677552917063,-4.3214321479669735,-1.9507411799307208,1.160415112981304,-0.2844391270400557,-1.1980260672129015,-4.379454360873214,3.166150806472027,1.9138977655250893,-2.9012079016273415,0.018946792272105516,-1.2116317549111455,1.0291575524021537,3.668295941319101,5.156722188362949,0.5821338167137643,5.609350576872729,-4.354076028781071,-2.2518339771383213,-0.1026749456017491,-1.4098802585213415,0.3335161509697926,-0.8088510138018248,5.640876803634027,-3.77040831795963,6.243106668819968,2.719201138352521,1.844182290872923,6.819549049783759,-0.10559649390777043,-5.31029688544913,-3.1101375678554097,-4.834018866271603,-7.275723472656659,-1.2620958206114672,-1.0234463691738376,2.5617789905427113,6.09502106105784,0.9222477066931524,2.814624772836103
-2.6402158769721846,-1.397487945822777,-3.951907747195946,-2.5536783837805,-0.8052061499956877,-5.4159446509107765,2.6782152447814465,-6.329819458881872,4.854324641373267,-2.1622056569673513,6.313931359454258,-0.7522137118345813,-0.12783042119804972,3.4626543419938822,4.089982904055089,3.6270293356624492,1.0618595981755634,4.307052988265573,2.103975103573975,-0.34924801592322335,0.5758824658725359,1.1977045557354307,3.4590020365227994,-3.1389571066579314,-1.639670349073529,2.673653932407234,-0.05934892174995656,0.8926653903413279,-0.8019454886696856,-2.9544144035548343,-4.761262769344148,0.09619100046807275,-4.354076028781071,4.109261183749348,1.7784294056480143,0.24258722873881272,1.7586279389495671,-0.2282697556656519,1.0159517084614265,-5.411203576665526,3.33833100544029,-6.008862107857368,-2.931808797101552,-1.6892549792692764,-6.719576783420128,-0.1267466204926608,4.8580397487046465,2.5031531239050473,4.400116647497542,6.660512824009856,0.9065103015818344,0.46756899507083555,-2.3146910710900044,-5.937010565876815,-0.6565715091471119,-1.7571776515741055
-1.1538809273180775,-0.9105652397168497,-1.9246931030619157,-1.4245115330192126,-0.703974495565703,-3.196589114715823,0.7886230013224457,-2.983955066755331,2.313452947331749,-1.0134382757245057,3.2785868800113973,-0.43471479201335533,0.25622791684630003,1.7928102939868598,2.0637254271647385,1.3489431916413104,0.6748799739923327,1.9710041164593661,1.1924180613420876,-0.4324732370284955,0.0783462971057074,0.4542602705010201,1.727016436737507,-1.41901087955337,-0.751929061069767,1.2763030879758928,-0.08876984760809152,0.1251801433437429,-0.2376104444755846,-1.2521974646837897,-2.2064084989276744,0.004600348239421579,-2.2518339771383213,1.7784294056480143,1.0613667103880027,-0.01341845812499339,0.8028232196828727,0.11162251964454141,0.7780203023509342,-2.799580752885496,1.4645189749793353,-2.7246308049379193,-1.5458969913221379,-0.835504118141564,-2.82844009124008,-0.02807818160139007,2.1453741473361805,0.7987199165121055,2.1998379175536233,2.962456496589102,0.3855691429315626,0.03988571170981066,-1.1775804684042357,-3.309936537166259,-0.2607717245047441,-0.7182543658490208
-0.1494307010006194,0.007702658989054746,-0.15141681520141562,-0.033898646694065504,0.05433454401517144,-0.005021366667782626,0.291576697488984,-0.3179838080905051,0.17150613687657895,-0.09002558117947253,0.12682049577084653,-0.019517449178861127,-0.13001624811269347,0.07415356747002831,0.1267795085555048,0.27670885268704865,-0.023630428570298744,0.20167015536316701,0.020140050922588082,0.10834669085757226,0.10654826544570456,0.11863488361237441,0.11639340693239497,-0.16338216641335013,-0.07845197221976642,0.11336918622204645,0.016521608427937564,0.1473259111661098,-0.11956122082194343,-0.18602720618534538,-0.21383509548851073,0.04526106609587532,-0.1026749456017491,0.24258722873881272,-0.01341845812499339,0.08223028569308803,0.1261684046264738,-0.10757308111766509,-0.07823485105534937,-0.1348450060367182,0.14903933443204856,-0.2885681093172106,-0.08542863586892546,-0.050601376459293246,-0.43466945358126635,-0.01162222294873637,0.20651524093079482,0.24154041725971234,0.1284457791807683,0.38278514904592137,0.025081956287352578,0.09594151548095191,-0.08283161231218837,-0.07441399903473866,-0.012320869313375473,-0.09928072033941678
