V1,V2,V3,V4,V5,V6,V7,V8,V9,V10,V11,V12,V13,V14,V15,V16,V17,V18,V19,V20,V21,V22,V23,V24,V25,V26,V27,V28,V29,V30,V31,V32,V33,V34,V35,V36,V37,V38,V39,V40,V41,V42,V43,V44,V45,V46,V47,V48,V49,V50,V51,V52,V53,V54,V55,V56
43.87678170270123,-31.19129617045934,48.8233801863481,152.31986007100096,13.807548966171721,-54.72416916404772,-31.821811640439016,53.12578787707505,-47.09379490019938,127.20481483840713,-6.94079347975402,23.279068299483175,76.05363969023809,-8.488483120098058,95.84110573667333,-24.494052903572847,249.3951857190216,0.7188167746366051,-43.58836207787667,-2.020501961915718,-13.201336920179122,-117.90093766620369,-49.429852822842626,57.0312340441156,-13.877815426659316,121.11591043452398,141.37118707926365,70.28911198352074,-28.985367714701372,-99.69202362274797,60.41811048416039,-48.3365269940718,42.55181731658286,-25.105124984101902,-32.33928104893802,76.94870308924969,45.08951727260044,19.212082695573443,-63.89403922307557,-111.56247950355738,39.52525332848146,93.29732721189134,-0.4432405010354095,-53.499779815133344,-58.340591264561134,101.50884365610952,0.10272692511014395,55.4717643568212,35.575704152981594,184.5114604276615,10.395064100996075,-24.64339865282671,16.429082754224133,-20.81501299307997,-26.16297760436376,-24.8228092861998
-31.19129617045934,22.193318131410106,-34.628583831561784,-108.03524862082571,-9.71744831326094,39.000330410977384,22.618425498042445,-37.849929347792,33.40623672311385,-90.25999273207819,4.885040492696839,-16.526779586882366,-54.02970996668373,5.927567091330153,-68.08502887645044,17.54171707150997,-176.9198198487109,-0.447961518808406,31.030074694153722,1.3720434461238447,9.224192958490839,83.7597114515129,35.07539986942976,-40.55783223783581,9.791567620733742,-85.92033796095905,-100.29431432258956,-49.72329259174612,20.645702103454084,70.74097165173214,-42.84577033063391,34.36390904668045,-30.2241790591305,17.72107963925968,23.039202929816852,-54.58837631505794,-31.95648299987582,-13.568159310944875,45.33385481675787,79.19629115728804,-27.995486642386084,-66.10079067885111,0.42286133481105276,37.934000259095086,41.40536412390161,-71.8836239121319,-0.2164480495380881,-39.414145099011705,-25.209504998488274,-130.852067256427,-7.350819787518661,17.469566864418493,-11.739810755983946,14.737363414352345,18.655993195459796,17.635794933273548
48.8233801863481,-34.628583831561784,54.71527267550102,170.77388975921488,15.838901044941506,-60.742658793344624,-35.534977622639836,58.97086408543886,-52.73730062907941,142.26049551089392,-7.8973588280065705,26.068691812766044,84.81784767310944,-9.902307647174448,107.09350188267852,-26.698892384747282,279.44259155768174,0.8948762486421371,-48.386599427930506,-2.5997803614943606,-15.263203470622514,-131.6499031670387,-55.33868317320721,63.618055452186006,-15.84278937182957,135.42429594459372,158.34415954531372,79.35898062666021,-32.07883666881286,-111.55039787424127,67.43467389398788,-53.847535925983706,47.5433080613962,-28.71494595582121,-35.84145662059629,86.314667278413,50.57930184125407,22.041453023205364,-71.44701069388782,-124.67572566889334,44.49909475874268,104.83137010686346,-0.27679650961771096,-60.09634439699586,-65.24020804449107,114.05405426102735,-0.20023598551681118,61.658762120168824,40.02281281586463,206.78791681781567,11.7999828111192,-27.42475864706841,17.904428998695987,-23.5514185794218,-29.112042570016143,-27.553389126201623
152.31986007100096,-108.03524862082571,170.77388975921488,533.0845261081173,49.49839909362833,-189.75014595873245,-110.97746776860633,184.17183267276175,-164.57787032017137,443.87082522969826,-24.61583595980094,81.40837414084005,264.6645128467304,-30.923955285424775,334.3766138454146,-83.25514199783905,872.2640987839648,2.6320006632341135,-151.0175740950666,-8.20699639782285,-47.54934020836024,-410.9680686045635,-172.73028881443364,198.69865585671081,-49.53325709763502,422.43580498369533,494.2270483991908,247.75807092428565,-100.06727447229218,-348.12403576364613,210.16713713167644,-168.0662120636788,148.42142042443598,-89.8671456947535,-111.87478878061978,269.5283392907085,157.81732567998645,69.07685911972962,-222.90168850503565,-389.05611347123016,138.93942170317797,327.18190595371067,-1.0818998785552005,-187.66535433215313,-203.58868974186095,355.81966283742787,-0.3611396953042491,192.215084205335,124.97959258071529,645.3628372240174,36.8927984489864,-85.36371380404405,55.72161368636824,-73.62992080085091,-91.05631138170571,-85.85020727922735
13.807548966171721,-9.71744831326094,15.838901044941506,49.49839909362833,4.926809834126384,-17.015507798323167,-10.160903743963248,16.52475515283002,-15.230372842169468,40.912131266408224,-2.401536054145281,7.524322942493578,24.16500506795587,-3.234868072241684,30.69438445958643,-7.021570914862611,80.83965095801209,0.3560216542193129,-13.568702293328249,-1.0639820901981263,-4.870093022272664,-37.649752188752096,-15.96516392916234,18.12504702340662,-4.855156771130726,38.92877533287883,45.753310971419914,23.52531419988908,-8.906424880314345,-32.13100343096737,19.283428593987693,-15.281880105551842,13.624054064124703,-8.844641709401674,-9.994550248955823,25.052441365653497,14.691257370982658,6.844110484942082,-20.53990502952381,-35.76445883771267,13.071296325310382,30.60846053702302,0.1451485692314371,-17.522518705498864,-18.75464810907087,33.30859405878068,-0.3772936016828439,17.384876007294196,11.727088910783467,59.87404722009965,3.553868897608259,-7.773728098166219,4.713578443943986,-7.021443702855229,-8.214998743625534,-7.735771718749982
-54.72416916404772,39.000330410977384,-60.742658793344624,-189.75014595873245,-17.015507798323167,69.50471893759035,40.040225879648204,-67.28140507737102,58.5400493120988,-157.98497557832061,8.348359744026165,-29.180069862515634,-94.8392111565312,10.169464576524778,-120.15389715290597,31.04449593182776,-310.71247190326574,-0.08244636163963415,54.76849778499392,2.516495975834086,15.47071951285232,147.568606263768,61.61135523992581,-71.9129776035914,17.292269743930163,-149.99450182646666,-176.04672298423094,-87.039582277189,36.30594983147972,124.06135707798502,-74.16007222457661,60.52675782370562,-53.253444027076164,31.603997036312546,40.75330001811744,-96.19992145362545,-55.830599485925866,-24.524422082371647,79.26946103334322,138.8949220435693,-49.15537009345421,-115.69446428610429,1.769384920668507,66.81390505107967,72.59943419666425,-125.24097280101373,-1.660958194884087,-68.61538419930643,-44.35109028471301,-229.32251194342132,-13.029587553562171,29.872647534856053,-20.346763105936176,26.16377802046883,33.64745794017816,30.55486080540487
-31.821811640439016,22.618425498042445,-35.534977622639836,-110.97746776860633,-10.160903743963248,40.040225879648204,23.253940393407078,-38.80696437599968,34.24105453815362,-92.35677935963642,5.009524410277566,-17.007322588693746,-55.239042719472565,6.223961392751712,-69.92026407957063,17.677351528317217,-181.6393536479782,-0.29132888752582614,31.695547423054663,1.624072099660068,9.501510646597682,85.8904306756827,35.98911487733081,-41.69617764908874,10.24154189450784,-87.780116502646507,-102.90857443718923,-51.28821446695478,20.994397088981174,72.4907745948768,-43.51077268395225,35.164934913163016,-31.010254610974734,18.660251790623818,23.529443814153367,-56.19801737119573,-32.749935027071366,-14.424239748744844,46.35725633872392,81.0714903531638,-28.853905738279764,-67.90207163666952,0.6313216304278979,39.08739590928605,42.40323304286187,-73.66307561325577,-0.4458728581922075,-40.009325853829445,-25.99326528024496,-134.21852479441867,-7.666727095791782,17.584436612473468,-11.695527167472342,15.341515035693646,19.315681538717953,17.83611880863968
53.12578787707505,-37.849929347792,58.97086408543886,184.17183267276175,16.52475515283002,-67.28140507737102,-38.80696437599968,65.15969531090965,-56.84294071516683,153.43772454447958,-8.144373812202572,28.29489468654316,92.06107005955315,-9.913863837069021,116.51933610225583,-30.089503079541398,301.5823979371863,0.2059166275717958,-53.11023919430847,-2.4236326963601655,-15.14665616155267,-143.14871202305332,-59.798998093903315,69.67749744576636,-16.76715110972588,145.7479783095515,170.89038310027507,84.53342787559284,-35.23046400395888,-120.44731859304225,72.17503871113372,-58.716655874204235,51.65769037717589,-30.58958158654869,-39.5035699481055,93.31423666401237,54.24234107204092,23.679772566107292,-77.0021744074606,-134.84776591627553,47.7130928239313,112.36540919735536,-1.533810686082612,-64.81622618594355,-70.48717344298937,121.74032082378264,1.383118431938995,66.70701877687029,43.034132829417494,222.67057827258444,12.625390176233111,-29.139137193449532,19.797058480250843,-25.3447889170786,-32.50082968436632,-29.73152767458442
-47.09379490019938,33.40623672311385,-52.73730062907941,-164.57787032017137,-15.230372842169468,58.5400493120988,34.24105453815362,-56.84294071516683,50.838541528992465,-137.16934871677248,7.613138765106483,-25.11662220117894,-81.79051434309653,9.518072768880247,-103.20985689020453,25.794584435576606,-269.32269791711013,-0.8966075342745017,46.664407702693374,2.4643052456713916,14.70661764395742,126.90064076033323,53.33876638637041,-61.30142961362852,15.232830479076396,-130.60487302515534,-152.62171752546692,-76.44045154843235,30.955447105081426,107.53729818518715,-65.0867073356798,51.91898337528613,-45.824890385896836,27.584843571359922,34.56630546040736,-83.15864880154952,-48.759679406633076,-21.14713573004683,68.89599423845947,120.2064135136616,-42.86636268597225,-101.02886084233775,0.22625377425421547,57.892488079476635,62.898212335573504,-109.95284314849324,0.23928012678529484,-59.514433957213626,-38.55199540776234,-199.32422579131565,-11.34949226220245,26.500781599257593,-17.324870346002346,22.657522140664167,28.02435422360745,26.608196878142202
127.20481483840713,-90.25999273207819,142.26049551089392,443.87082522969826,40.912131266408224,-157.98497557832061,-92.35677935963642,153.43772454447958,-137.16934871677248,370.22955264277226,-20.521858667784393,67.72518029223994,220.8216773567089,-25.529971689602917,278.42271817922784,-69.89443986646343,726.4569012878607,2.5128986530391995,-126.03782567744304,-6.462327615022325,-39.58189121081289,-342.4259191622897,-143.89377147867862,165.35586933880597,-40.92652779939,352.6019056404732,411.72119336162274,205.94923675014638,-83.68280330569287,-290.1744665648408,175.9027012426005,-140.16157539646653,123.63773180599279,-74.02608918457912,-93.37249303155521,224.19669446502394,131.55115719940338,56.65377819213023,-185.97528449188792,-324.4360982261263,115.52437423391538,272.4440275725229,-0.5162299291100494,-156.0447523873698,-169.74455250375095,296.6239465155633,-0.7427093679705126,160.8917944711472,103.89448534673942,537.7190405060201,30.51564486122586,-71.73176841074573,47.03018702948328,-60.948524194808826,-75.51733292669577,-71.980303319250993
-6.94079347975402,4.885040492696839,-7.8973588280065705,-24.61583595980094,-2.401536054145281,8.348359744026165,5.009524410277566,-8.144373812202572,7.613138765106483,-20.521858667784393,1.2246402211891956,-3.714253105748473,-12.10457367157879,1.5962586792520133,-15.201940286009972,3.568640012056698,-40.235218101245536,-0.313110574313812,6.770753435090687,0.45055310037363466,2.501346054997088,18.7150324328439,7.95159127871356,-8.922138732095933,2.3469783878448536,-19.6160459040651,-22.80215300794285,-11.669740561400266,4.489367651430168,16.055391843633746,-9.87442926314605,7.6206394637395425,-6.76650423735787,4.20118280051584,4.97794912855883,-12.382432936913727,-7.3651387660613326,-3.1714340147924993,10.321690852492317,17.89652795859636,-6.472815717424494,-15.26967885385521,-0.2554418344284365,8.65470740779714,9.381389227907677,-16.740488210109735,0.40945366508671854,-8.865268710439999,-5.793315461791612,-29.896281863105283,-1.717666871380774,4.073549822333609,-2.488313461406649,3.396187393227723,3.9334902288801423,3.983155114369088
23.279068299483175,-16.526779586882366,26.068691812766044,81.40837414084005,7.524322942493578,-29.180069862515634,-17.007322588693746,28.29489468654316,-25.11662220117894,67.72518029223994,-3.714253105748473,12.458281106005847,40.44176777507543,-4.656058433306158,51.1794539029154,-12.807293187852824,133.2136814444786,0.2848916517499173,-23.13994642687792,-1.2452890944849286,-7.112584400352068,-62.87073642822516,-26.384801838148153,30.473914565165725,-7.558175658532802,64.39472687864192,75.46895831703347,37.74866032124509,-15.319373527883906,-53.149754207970645,31.946043621168535,-25.7180593270951,22.70427271537623,-13.756893777783315,-17.160530557777186,41.20754824696535,24.052027193407895,10.620528779558592,-33.9981908074654,-59.41144521971472,21.201630922497824,49.884283503636524,-0.342523923139092,-28.67967241106255,-31.08347596919912,54.16068862944212,0.16905548864156855,29.297264878317108,19.087316019783568,98.48155799407552,5.641837354189456,-12.924071508521068,8.5046949488622,-11.272121644394781,-14.059816176461835,-13.064935043558549
76.05363969023809,-54.02970996668373,84.81784767310944,264.6645128467304,24.16500506795587,-94.8392111565312,-55.239042719472565,92.06107005955315,-81.79051434309653,220.8216773567089,-12.10457367157879,40.44176777507543,131.9231950353732,-14.925938605233384,166.38327262559622,-42.19715874375932,433.25470833015197,1.2551830126296977,-75.51417023927809,-3.6809707004110686,-23.1266272329661,-204.62071563505827,-85.84829286451999,98.97248983387118,-24.258075309857947,210.2174785955597,245.55878482379953,122.38832603877472,-50.16038925982047,-173.10265291400935,104.772443885089,-83.82684272162105,73.86464288913538,-43.92669575732487,-56.0021593882171,133.74133523845381,78.34309752438463,33.66592955064054,-110.90822322750662,-193.63718339958874,68.76771247907702,162.20148949741798,-0.7166260894193593,-93.02547429801086,-101.2806233390605,176.4449442491319,0.0916563965224689,96.0903321498162,61.88616104450067,320.5342507223345,18.139945247298876,-42.67561053201935,28.2785444077789,-36.28775656847632,-45.39810021659491,-42.97249043542873
-8.488483120098058,5.927567091330153,-9.902307647174448,-30.923955285424775,-3.234868072241684,10.169464576524778,6.223961392751712,-9.913863837069021,9.518072768880247,-25.529971689602917,1.5962586792520133,-4.656058433306158,-14.925938605233384,2.228759009683231,-18.909636822427107,4.026823964523229,-50.4412832734548,-0.4071559596008505,8.224048982782465,0.7783481376591425,3.3848060984018224,23.207768178792,9.94048462921531,-11.049202014749557,3.1287157450827965,-24.364657349617282,-28.543971649313924,-14.984659987577736,5.384703786060592,20.02360654708634,-12.154326811764593,9.370810368711386,-8.409385794155076,5.655873465682311,6.014129838658643,-15.601100166688452,-9.251925282331523,-4.333757946652269,12.830309615642035,22.22262258751556,-8.244821636274404,-19.30146126735385,-0.3967676031718575,10.954319078133697,11.674425384285657,-21.123694689548415,0.6341531597099972,-10.772739201495543,-7.366648845845485,-37.48044585235279,-2.254436799903383,4.944375208377372,-2.7926790180701997,4.415023956381776,4.85680283409872,4.808857940386677
95.84110573667333,-68.08502887645044,107.09350188267852,334.3766138454146,30.69438445958643,-120.15389715290597,-69.92026407957063,116.51933610225583,-103.20985689020453,278.42271817922784,-15.201940286009972,51.1794539029154,166.38327262559622,-18.909636822427107,210.3916494622604,-53.045380602695076,547.2634956597587,1.163171866839291,-95.31601800873113,-4.907856834573122,-28.985555789453887,-258.52529242349664,-108.42019791366016,125.31697868364105,-30.8686016072131,264.7731388256531,310.08057065097233,154.73661671062544,-63.169958138251474,-218.4507710134204,131.46822474777068,-105.8294904628701,93.34238894926509,-56.13375229233286,-70.71493095935378,169.20870999006905,98.79456098230675,43.2771408322697,-139.77974716867445,-244.2807582673883,86.97375583231818,204.78305481415393,-1.471169044554644,-117.71780720930653,-127.78112791016481,222.37824399400424,0.7989650667170131,120.69470590698805,78.31243077218622,404.5824108416079,23.078445565156052,-53.2596486513662,35.25811260459861,-46.15241161557444,-57.82344899415321,-53.855990040259385
-24.494052903572847,17.54171707150997,-26.698892384747282,-83.25514199783905,-7.021570914862611,31.04449593182776,17.677351528317217,-30.089503079541398,25.794584435576606,-69.89443986646343,3.568640012056698,-12.807293187852824,-42.19715874375932,4.026823964523229,-53.045380602695076,14.537739663240053,-136.54761753159872,-0.08365302999467365,24.583072112748997,0.654348589074413,6.366286800967944,65.32427096955443,27.132817748617036,-31.8084214562501,7.204830723624666,-66.48477360789218,-77.46374770921882,-37.551662509599105,16.451482186560963,54.75522064370458,-33.173695436891066,26.956827956865897,-23.53549084145669,13.034526347230788,18.34426430248252,-42.08014323387041,-24.529654336735845,-9.963927821237982,35.10021376017407,61.50064773797424,-21.335344780828557,-50.560734152513064,0.8221859821294274,29.1264460556687,32.09647380481077,-54.867825369889424,-0.8378283579306331,-30.923778512696753,-19.268473830436193,-100.83141172454916,-5.504684531465307,13.551647282557017,-9.644770941728948,11.142956563176785,14.84305344818406,13.85420395305546
249.3951857190216,-176.9198198487109,279.44259155768174,872.2640987839648,80.83965095801209,-310.71247190326574,-181.6393536479782,301.5823979371863,-269.32269791711013,726.4569012878607,-40.235218101245536,133.2136814444786,433.25470833015197,-50.4412832734548,547.2634956597587,-136.54761753159872,1427.3223617135275,4.289878101318633,-247.3030702047503,-13.28173346542165,-77.62649938761383,-672.6661259162777,-282.66550869982046,325.2403825436544,-80.92440743272446,691.3990360798807,808.752949113603,405.16700662081587,-163.91433862984132,-569.7210063411596,344.0514833383384,-275.14290338864714,242.92107975978294,-146.78699861758903,-183.22603779174418,440.9895559962375,258.2273756877424,112.79075134269388,-364.8163864340274,-636.7757688020927,227.26165229711972,535.2672818393912,-1.8335726478665424,-307.01392067447813,-333.1999482073299,582.1376621585404,-0.49441655720142164,314.7615565287232,204.4377819823659,1056.029166060718,60.29997753891408,-139.7896333341093,91.40469646928918,-120.3768122775247,-149.0596504285333,-140.60492681469648
0.7188167746366051,-0.447961518808406,0.8948762486421371,2.6320006632341135,0.3560216542193129,-0.08244636163963415,-0.29132888752582614,0.2059166275717958,-0.8966075342745017,2.5128986530391995,-0.313110574313812,0.2848916517499173,1.2551830126296977,-0.4071559596008505,1.163171866839291,-0.08365302999467365,4.289878101318633,0.5413786906683983,-0.45183343747842725,-0.032328006170202234,-0.8591268672082164,-1.5888875897959396,-0.8320962190801791,0.4232487221421656,-0.23459336364247207,2.671861070604628,2.4860462249847983,1.5498455913006932,-0.3755745599818211,-1.8082417564909163,1.7665401877685314,-0.6347763260298901,0.5769575055924321,-0.21403814000087604,-0.25806281764664835,1.106252835757903,0.9997555005691307,-0.057656752585804716,-1.317823318861204,-1.9849020671110162,0.7351849246845161,1.9549618553231254,0.7835303729369429,-0.8143897580689421,-1.0600398873684258,2.5416450840776474,-0.99432500226427,1.2809641839225265,0.5919005265059198,3.5341540643732983,0.12616290035702662,-0.9661261363778639,0.3662547966432141,-0.20546553963025552,0.23361499572908273,-0.6709725009696093
-43.58836207787667,31.030074694153722,-48.386599427930506,-151.0175740950666,-13.568702293328249,54.76849778499392,31.695547423054663,-53.11023919430847,46.664407702693374,-126.03782567744304,6.770753435090687,-23.13994642687792,-75.51417023927809,8.224048982782465,-95.31601800873113,24.583072112748997,-247.3030702047503,-0.45183343747842725,43.44447848918554,1.9423288249986994,12.71115600188453,117.19935600936795,49.03222042968853,-56.86322197298313,13.708918012749717,-119.8807418591439,-140.17123694261412,-69.43043080061443,28.87304803394574,98.8409119328741,-59.62411378581656,48.07991672664875,-42.29154257960047,24.886503854786437,32.27889302089902,-76.38593863767132,-44.59708638605739,-19.134647836410274,63.28392469820636,110.65704324836399,-39.128823583211215,-92.29847057895195,0.8457610383024974,53.07187894046999,57.84908836709784,-100.23130628827674,-0.6204901562843869,-54.94761517752825,-35.2566547687243,-182.78859888172005,-10.30386707716225,24.22106278904646,-16.346191148653624,20.668440641757986,26.296972739024657,24.550161595159903
-2.020501961915718,1.3720434461238447,-2.5997803614943606,-8.20699639782285,-1.0639820901981263,2.516495975834086,1.624072099660068,-2.4236326963601655,2.4643052456713916,-6.462327615022325,0.45055310037363466,-1.2452890944849286,-3.6809707004110686,0.7783481376591425,-4.907856834573122,0.654348589074413,-13.28173346542165,-0.032328006170202234,1.9423288249986994,0.42669715637713,1.0417785438925675,5.921745417589269,2.5913883652008396,-2.8631857524889575,1.0177640105736514,-6.079782550246921,-7.462970746998378,-4.255401017802264,1.186422832138823,5.14830625770599,-2.843486066781483,2.311321577242779,-2.164454310845801,1.9296052943679767,1.3995085049361038,-4.225521441772341,-2.417204326052821,-1.5781645467197747,3.2275240878618408,5.6188706945658575,-2.2964196666384544,-5.186974784322159,-0.04915495364744837,3.0104905970463736,2.9745586639586357,-5.568519579211135,0.12271203404561115,-2.427150644416694,-2.0507360220552626,-9.808371515598507,-0.7073499492997178,1.041190232005235,-0.38229977878244037,1.3516218885346474,1.318019216341272,1.0332604263716905
-13.201336920179122,9.224192958490839,-15.263203470622514,-47.54934020836024,-4.870093022272664,15.47071951285232,9.501510646597682,-15.14665616155267,14.70661764395742,-39.58189121081289,2.501346054997088,-7.112584400352068,-23.1266272329661,3.3848060984018224,-28.985555789453887,6.366286800967944,-77.62649938761383,-0.8591268672082164,12.71115600188453,1.0417785438925675,5.318865898851444,35.69840935988533,15.309940625459037,-16.84657698330222,4.677762783852298,-37.93131247287151,-43.98324685316324,-22.9597851933122,8.406904487497025,30.933985468150645,-19.202322756453203,14.463512508394146,-12.923719042686754,8.32167682079046,9.282758604838115,-23.852962462945268,-14.327801863402021,-6.2313372978430674,19.925252500336995,34.38471062685227,-12.619347346991015,-29.74986749564938,-0.9186977298458702,16.733805126441258,18.05518675116581,-32.77464082597184,1.3460620074132899,-16.97655905819645,-11.252347801586033,-57.84558354321666,-3.3719199712856995,7.976262438720872,-4.5734119967894635,6.61016735007096,7.214179802303565,7.6467371459725175
-117.90093766620369,83.7597114515129,-131.6499031670387,-410.9680686045635,-37.649752188752096,147.568606263768,85.8904306756827,-143.14871202305332,126.90064076033323,-342.4259191622897,18.7150324328439,-62.87073642822516,-204.62071563505827,23.207768178792,-258.52529242349664,65.32427096955443,-672.6661259162777,-1.5888875897959396,117.19935600936795,5.921745417589269,35.69840935988533,317.75772961357615,133.27288632264182,-153.92706105737287,37.84468719856266,-325.7470220100435,-381.172780374331,-190.11840818372198,77.73163781325374,268.59085372920794,-161.93848640178697,130.1119841497876,-114.72033749634889,68.7275329713119,86.94158055961789,-207.87348890065198,-121.49392045067474,-52.88726629074819,171.934939002701,300.3871851746834,-106.85376826853066,-251.73677135911635,1.5983724496337643,144.60518464007325,157.1239532933904,-273.5153362695058,-0.7303713398992648,-148.63002951996353,-96.19755026807414,-497.4036125719649,-28.29811389386635,65.71837422556015,-43.532004991608254,56.59887781248573,70.8963000733639,66.36880801034438
-49.429852822842626,35.07539986942976,-55.33868317320721,-172.73028881443364,-15.96516392916234,61.61135523992581,35.98911487733081,-59.798998093903315,53.33876638637041,-143.89377147867862,7.95159127871356,-26.384801838148153,-85.84829286451999,9.94048462921531,-108.42019791366016,27.132817748617036,-282.66550869982046,-0.8320962190801791,49.03222042968853,2.5913883652008396,15.309940625459037,133.27288632264182,55.98443721628671,-64.45073810841457,15.992272510038468,-136.94899904694014,-160.1708154603733,-80.16456849402397,32.50931946615528,112.84343118793372,-68.15632421166364,54.52791876110333,-48.125606529868904,29.004619526722596,36.33560233502168,-87.32502181721645,-51.12943776622382,-22.28248988079756,72.26176342342058,126.14358662533138,-44.98137092238202,-105.96507558843028,0.3992213256860481,60.78465948669517,66.00082683800917,-115.23873443794494,0.047989788561492934,-62.38823781733391,-40.468265549961295,-209.1247690742113,-11.924768383424297,27.698296600503088,-18.15902464889769,23.814842819218757,29.552342226451387,27.872150841868148
57.0312340441156,-40.55783223783581,63.618055452186006,198.69865585671081,18.12504702340662,-71.9129776035914,-41.69617764908874,69.67749744576636,-61.30142961362852,165.35586933880597,-8.922138732095933,30.473914565165725,98.97248983387118,-11.049202014749557,125.31697868364105,-31.8084214562501,325.2403825436544,0.4232487221421656,-56.86322197298313,-2.8631857524889575,-16.84657698330222,-153.92706105737287,-64.45073810841457,74.78982666372178,-18.299536930986097,157.11977703990394,184.26553285023073,91.69917375686391,-37.66601071166881,-129.8060796096974,77.82633987474598,-63.03996273031742,55.569953733762986,-33.36945293443321,-42.233197177597134,100.6498926200303,58.59716902646925,25.821813905197924,-82.99035909951041,-145.19867466258998,51.62775877296031,121.4876211266452,-1.289188331951205,-69.98619247859314,-75.93471654418391,131.7275304234211,1.003442704877277,71.65355273710925,46.524698335983686,240.26438399038045,13.71595903704241,-31.423180404389733,20.99606809281844,-27.4643670795079,-34.725283240820325,-31.932272037494343
-13.877815426659316,9.791567620733742,-15.84278937182957,-49.53325709763502,-4.855156771130726,17.292269743930163,10.24154189450784,-16.76715110972588,15.232830479076396,-40.92652779939,2.3469783878448536,-7.558175658532802,-24.258075309857947,3.1287157450827965,-30.8686016072131,7.204830723624666,-80.92440743272446,-0.23459336364247207,13.708918012749717,1.0177640105736514,4.677762783852298,37.84468719856266,15.992272510038468,-18.299536930986097,4.819371101336181,-38.88867961204489,-45.79857237156537,-23.394071442767668,8.99791044251044,32.16716942114902,-19.191123830731687,15.382973875221616,-13.6895449994725,8.815477197091003,10.122637757037012,-25.1099716712718,-14.65227883724943,-6.857997071780816,20.536997736038554,35.835075463077914,-13.043433492842475,-30.5265675651786,0.04911443287694944,17.541229948229642,18.781079213219204,-33.13459196743775,0.12742336842984067,-17.406420528532625,-11.720597887518295,-59.855937020277985,-3.5467261953633353,7.696827197382829,-4.773064386651734,7.027702595065081,8.393475572468866,7.730626591594321
121.11591043452398,-85.92033796095905,135.42429594459372,422.43580498369533,38.92877533287883,-149.99450182646666,-87.780116502646507,145.7479783095515,-130.60487302515534,352.6019056404732,-19.6160459040651,64.39472687864192,210.2174785955597,-24.364657349617282,264.7731388256531,-66.48477360789218,691.3990360798807,2.671861070604628,-119.8807418591439,-6.079782550246921,-37.93131247287151,-325.7470220100435,-136.94899904694014,157.11977703990394,-38.88867961204489,335.97666300090634,391.8950214875646,196.07870697007425,-79.6572150806993,-276.25527452681774,167.87871584458233,-133.35103764978336,117.61153175894218,-70.20995486750299,-88.77941515652493,213.23490524770432,125.31740215387896,53.594377524807804,-177.1538193782484,-308.88412013238576,109.93683532371699,259.43336427267207,-0.08998509833003021,-148.4233281501696,-161.61150063363482,282.6933884668962,-1.204204179770649,153.41430305476104,98.83614879531447,511.9633223282392,28.98180091445696,-68.6149809317253,44.91183016475029,-57.87390369880134,-71.52887279245984,-68.698070149353
141.37118707926365,-100.29431432258956,158.34415954531372,494.2270483991908,45.753310971419914,-176.04672298423094,-102.90857443718923,170.89038310027507,-152.62171752546692,411.72119336162274,-22.80215300794285,75.46895831703347,245.55878482379953,-28.543971649313924,310.08057065097233,-77.46374770921882,808.752949113603,2.4860462249847983,-140.17123694261412,-7.462970746998378,-43.98324685316324,-381.172780374331,-160.1708154603733,184.26553285023073,-45.79857237156537,391.8950214875646,458.2760687795709,229.5112950000744,-92.93494022384246,-322.85780975146196,195.09502830646957,-155.93352748055014,137.6486044942884,-83.0344335030132,-103.85270019209888,249.82736740121246,146.33725874123678,63.76133044540602,-206.76987954102597,-360.8813878053286,128.73971419541115,303.2875379933366,-0.9722313478885068,-173.91855548250678,-188.83030765208434,329.90185904851205,-0.3569759779672238,178.48766604604853,115.80640975541151,598.4102646142645,34.13181607016589,-79.31657152214986,51.89702631601774,-68.14497108858693,-84.40533940440706,-79.75143928270987
70.28911198352074,-49.72329259174612,79.35898062666021,247.75807092428565,23.52531419988908,-87.039582277189,-51.28821446695478,84.53342787559284,-76.44045154843235,205.94923675014638,-11.669740561400266,37.74866032124509,122.38832603877472,-14.984659987577736,154.73661671062544,-37.551662509599105,405.16700662081587,1.5498455913006932,-69.43043080061443,-4.255401017802264,-22.9597851933122,-190.11840818372198,-80.16456849402397,91.69917375686391,-23.394071442767668,196.07870697007425,229.5112950000744,116.01372050405524,-45.90533305537395,-161.53877483550258,97.56256479188413,-77.57563776027077,68.70176788268078,-42.431211301579474,-51.32683707112584,125.23594522933713,73.4706072854148,32.613654302748714,-103.43248164042211,-180.30901653012822,64.83939173476361,152.50259696508311,0.10074425264405071,-87.32833556947757,-94.4183009618576,166.00967410525203,-0.9782925447601206,88.7566294496574,58.25797837766696,299.9748790814944,17.317641808762662,-39.61739456657215,25.24907770874828,-34.44320238474422,-41.75704582380515,-39.62981208369741
-28.985367714701372,20.645702103454084,-32.07883666881286,-100.06727447229218,-8.906424880314345,36.30594983147972,20.994397088981174,-35.23046400395888,30.955447105081426,-83.68280330569287,4.489367651430168,-15.319373527883906,-50.16038925982047,5.384703786060592,-63.169958138251474,16.451482186560963,-163.91433862984132,-0.3755745599818211,28.87304803394574,1.186422832138823,8.406904487497025,77.73163781325374,32.50931946615528,-37.66601071166881,8.99791044251044,-79.6572150806993,-92.93494022384246,-45.90533305537395,19.23266518755817,65.57633923237313,-39.739328581821816,31.923038646330745,-28.041473504580516,16.277524414525875,21.454634212545898,-50.558456160482564,-29.585711667395476,-12.45311253623846,42.03100570517605,73.45526130444408,-25.882257391229622,-61.15638740676323,0.4725259485016193,35.11071646921506,38.39249797712455,-66.49440941481548,-0.3119403389086198,-36.63174397244586,-23.316330675909526,-121.20987043375469,-6.773608781554958,16.215503603560666,-11.001471688498109,13.601129510671964,17.35766782702248,16.39730480130472
-99.69202362274797,70.74097165173214,-111.55039787424127,-348.12403576364613,-32.13100343096737,124.06135707798502,72.4907745948768,-120.44731859304225,107.53729818518715,-290.1744665648408,16.055391843633746,-53.149754207970645,-173.10265291400935,20.02360654708634,-218.4507710134204,54.75522064370458,-569.7210063411596,-1.8082417564909163,98.8409119328741,5.14830625770599,30.933985468150645,268.59085372920794,112.84343118793372,-129.8060796096974,32.16716942114902,-276.25527452681774,-322.85780975146196,-161.53877483550258,65.57633923237313,227.49967940915917,-137.63643644381582,109.91552289956105,-96.98424440395254,58.26862860570749,73.23735355691733,-175.92332449579314,-103.10422878718786,-44.686930666991685,145.74015423186108,254.337338945115,-90.63042101848035,-213.6110148385425,0.6275092964541304,122.44990996496486,133.0713106417965,-232.4245580612716,0.3112461305756907,-125.94797852831903,-81.52384980802177,-421.58993103499876,-23.986110615268114,56.02275097721579,-36.73502278037776,47.90565705633708,59.41347823150554,56.30407588076299
60.41811048416039,-42.84577033063391,67.43467389398788,210.16713713167644,19.283428593987693,-74.16007222457661,-43.51077268395225,72.17503871113372,-65.0867073356798,175.9027012426005,-9.87442926314605,31.946043621168535,104.772443885089,-12.154326811764593,131.46822474777068,-33.173695436891066,344.0514833383384,1.7665401877685314,-59.62411378581656,-2.843486066781483,-19.202322756453203,-161.93848640178697,-68.15632421166364,77.82633987474598,-19.191123830731687,167.87871584458233,195.09502830646957,97.56256479188413,-39.739328581821816,-137.63643644381582,84.34629066430243,-66.34468316233877,58.455720162190936,-34.42494833398642,-44.11563788823409,105.85909692375964,62.53475395129854,26.038353278114084,-88.43275539433749,-153.94164607374807,54.64373979759686,129.2621749458611,0.5626879487260393,-73.68014100021642,-80.5415177851418,141.23330205731898,-1.3434303420767635,76.90650760422726,49.07802670019501,255.0668136972766,14.291972784190248,-34.74132034044698,22.69521571867604,-28.536863133372837,-35.0760313780591,-34.54806540037729
-48.3365269940718,34.36390904668045,-53.847535925983706,-168.0662120636788,-15.281880105551842,60.52675782370562,35.164934913163016,-58.716655874204235,51.91898337528613,-140.16157539646653,7.6206394637395425,-25.7180593270951,-83.82684272162105,9.370810368711386,-105.8294904628701,26.956827956865897,-275.14290338864714,-0.6347763260298901,48.07991672664875,2.311321577242779,14.463512508394146,130.1119841497876,54.52791876110333,-63.03996273031742,15.382973875221616,-133.35103764978336,-155.93352748055014,-77.57563776027077,31.923038646330745,109.91552289956105,-66.34468316233877,53.31794296019801,-46.96484026851368,27.912886100711347,35.683924221896916,-84.98991229182735,-49.682242709806644,-21.452300962631835,70.38093443648629,122.97836947891632,-43.63838561275159,-102.88143724393633,0.7048119008976359,59.09570028185856,64.31314562099129,-111.79450315325248,-0.3757046797246345,-60.96727062009207,-39.29437706315933,-203.44920075823296,-11.523125311218102,26.957678554791304,-17.974615635575546,23.071265146128614,29.047368836551655,27.239504833240716
42.55181731658286,-30.2241790591305,47.5433080613962,148.42142042443598,13.624054064124703,-53.253444027076164,-31.010254610974734,51.65769037717589,-45.824890385896836,123.63773180599279,-6.76650423735787,22.70427271537623,73.86464288913538,-8.409385794155076,93.34238894926509,-23.53549084145669,242.92107975978294,0.5769575055924321,-42.29154257960047,-2.164454310845801,-12.923719042686754,-114.72033749634889,-48.125606529868904,55.569953733762986,-13.6895449994725,117.61153175894218,137.6486044942884,68.70176788268078,-28.041473504580516,-96.98424440395254,58.455720162190936,-46.96484026851368,41.41982045746307,-24.866369086882724,-31.36907140590013,75.07858472703035,43.87814803792744,19.141716200874004,-62.078425115950125,-108.45358119708646,38.60423262552424,90.9302979972841,-0.5658586260883273,-52.23390525064327,-56.73206924372382,98.79376322830598,0.2464785046388709,53.63442417217965,34.75254177159467,179.6292502085716,10.231483564737715,-23.714676477852905,15.68131491058813,-20.45836258273801,-25.592071945867456,-23.9460933046667
-25.105124984101902,17.72107963925968,-28.71494595582121,-89.8671456947535,-8.844641709401674,31.603997036312546,18.660251790623818,-30.58958158654869,27.584843571359922,-74.02608918457912,4.20118280051584,-13.756893777783315,-43.92669575732487,5.655873465682311,-56.13375229233286,13.034526347230788,-146.78699861758903,-0.21403814000087604,24.886503854786437,1.9296052943679767,8.32167682079046,68.7275329713119,29.004619526722596,-33.36945293443321,8.815477197091003,-70.20995486750299,-83.0344335030132,-42.431211301579474,16.277524414525875,58.26862860570749,-34.42494833398642,27.912886100711347,-24.866369086882724,16.229931131241703,18.396090446586676,-45.66567906452245,-26.492602928724764,-12.737170953906704,37.119463409076786,64.89088235753066,-23.6867770906456,-55.28899287333788,0.384245386358256,31.9013941943958,34.00990383314544,-59.82842879856996,-0.13102244132134291,-31.307099300129494,-21.308073911425456,-108.42371798536004,-6.493993256933445,13.675757239490881,-8.497120608332462,12.870831530911982,15.476572878667362,13.850902522861073
-32.33928104893802,23.039202929816852,-35.84145662059629,-111.87478878061978,-9.994550248955823,40.75330001811744,23.529443814153367,-39.5035699481055,34.56630546040736,-93.37249303155521,4.97794912855883,-17.160530557777186,-56.0021593882171,6.014129838658643,-70.71493095935378,18.34426430248252,-183.22603779174418,-0.25806281764664835,32.27889302089902,1.3995085049361038,9.282758604838115,86.94158055961789,36.33560233502168,-42.233197177597134,10.122637757037012,-88.77941515652493,-103.85270019209888,-51.32683707112584,21.454634212545898,73.23735355691733,-44.11563788823409,35.683924221896916,-31.36907140590013,18.396090446586676,23.999350684023675,-56.6099566532869,-33.00702766005951,-14.164197001384531,46.87674063068674,82.01612946894572,-28.958372241157583,-68.30506587792762,0.7515414218506473,39.31610260812284,42.86848947777368,-74.12424473037171,-0.6215726884820797,-40.72859110118244,-26.10494641221954,-135.3769665050945,-7.622576935638045,17.899850596110298,-12.160212054279887,15.305109413331907,19.592842044548586,18.1895256177403
76.94870308924969,-54.58837631505794,86.314667278413,269.5283392907085,25.052441365653497,-96.19992145362545,-56.19801737119573,93.31423666401237,-83.15864880154952,224.19669446502394,-12.382432936913727,41.20754824696535,133.74133523845381,-15.601100166688452,169.20870999006905,-42.08014323387041,440.9895559962375,1.106252835757903,-76.38593863767132,-4.225521441772341,-23.852962462945268,-207.87348890065198,-87.32502181721645,100.6498926200303,-25.1099716712718,213.23490524770432,249.82736740121246,125.23594522933713,-50.558456160482564,-175.92332449579314,105.85909692375964,-84.98991229182735,75.07858472703035,-45.66567906452245,-56.6099566532869,136.3868546912099,79.6967879404295,35.21768450379416,-112.558585869848,-196.59077625253926,70.26531140866373,165.31690542262402,-0.863307876630104,-94.96045055776347,-102.87302966808548,179.5943358431318,0.2070633200974032,96.91583892197667,63.23107747596695,326.1192144661262,18.710322137302274,-42.86466433055304,28.019597912409825,-37.34667617572862,-46.30564761378482,-43.232213660416996
45.08951727260044,-31.95648299987582,50.57930184125407,157.81732567998645,14.691257370982658,-55.830599485925866,-32.749935027071366,54.24234107204092,-48.759679406633076,131.55115719940338,-7.3651387660613326,24.052027193407895,78.34309752438463,-9.251925282331523,98.79456098230675,-24.529654336735845,258.2273756877424,0.9997555005691307,-44.59708638605739,-2.417204326052821,-14.327801863402021,-121.49392045067474,-51.12943776622382,58.59716902646925,-14.65227883724943,125.31740215387896,146.33725874123678,73.4706072854148,-29.585711667395476,-103.10422878718786,62.53475395129854,-49.682242709806644,43.87814803792744,-26.492602928724764,-33.00702766005951,79.6967879404295,46.81346499236648,20.268186140272682,-66.08579833390742,-115.21618054591373,41.148188095243505,96.99784385612924,0.006662291062277848,-55.50708453136539,-60.29920974710208,105.66337881374184,-0.5172479938450458,57.058823134690336,36.98536091776979,191.20566722541955,10.894417498043493,-25.506858285908876,16.54842958678622,-21.725352701217705,-26.674473714828725,-25.52727563126805
