V1,V2,V3,V4,V5,V6,V7,V8,V9,V10,V11,V12,V13,V14,V15,V16,V17,V18,V19,V20,V21,V22,V23,V24,V25,V26,V27,V28,V29,V30,V31,V32,V33,V34,V35,V36,V37,V38,V39,V40,V41,V42,V43,V44,V45,V46,V47,V48,V49,V50,V51,V52,V53,V54,V55,V56
3.193501811209887,-3.327298289324753,-0.5544758046976497,4.273736200455338,-2.726727627953869,2.2935925598648277,1.7465492007521806,5.9480441566474,-0.49174095378084226,0.07192804621456278,2.756489379195032,-3.150030552778949,-0.48333573471113855,-1.603166479113163,3.3828309315442993,-1.8328201910815132,0.02977873624619838,1.6983187861134033,0.3319776305321267,2.6033407272166658,2.662586655430518,1.1502494822374134,-0.04302863601074488,0.3043744490642021,-2.235811198330932,2.2275006348496187,-1.212632098591017,1.8017641180267499,0.7588059495057397,0.9776630897271205,3.534917453507659,1.2153328720698555,-0.17938364100458368,-2.191748417171066,2.086420222305497,2.2552869030064606,1.2374146615173869,-2.422958095574248,-2.5338060418676376,-4.5786573140944755,4.9190132075035145,1.2445483142801244,-1.2228776866697468,2.1965286664253165,0.630424611284608,-0.7653500543651259,-0.5452132191070113,-2.8825615739097974,-0.5887974390171531,2.338805504828783,1.6386728549980434,-0.34059036164118783,-2.113107431011788,-0.8057618377723897,-1.4225461089110207,0.4716577858936263
-3.327298289324753,4.30347578964018,0.04780993616465533,-4.56462808376884,3.5411142451857684,-1.3449496929886164,0.32195117067145324,-6.808820119276581,0.5694028964218132,-0.07721072020165053,-2.6212174469707126,4.209063800783565,-0.3680021234610032,1.389346865344426,-4.768386917785142,3.5870757657926657,-1.1639985467365925,-1.8506630062558316,-1.1010845536701162,-3.330164212588079,-2.925551877182635,-1.0583910496872733,0.9016419512514393,-0.44218948444720785,2.1420431506329662,-2.305342047438926,1.554578057988716,-0.9311472312467851,-1.4200708606496155,-2.2633445609593297,-4.430844806689971,-2.1568218154994963,-0.8365055886235243,3.0415303573098695,-2.2886985002059994,-2.4119260104485436,-1.8449204276222146,2.0600112789610727,1.834078857887472,5.5410590856022885,-4.754741337906544,-1.8033980529589135,2.1021808891988494,-2.5202699967513134,-1.4620797211217849,1.0767518265361835,1.4389294442155651,4.856891261449179,0.8300140770563822,-1.5889882011101129,-1.278400235432306,1.5074830555252088,2.3164435140586015,2.058322683491792,1.1299341845894788,-2.11331681807896
-0.5544758046976497,0.04780993616465533,0.546620070258118,-0.6752148036080277,0.02430374014867819,-1.0825076588841414,-1.8965459842316008,-0.5714794189300437,-0.027737266467683763,0.023107562679812184,-0.7984012898887993,-0.0616016596610549,0.7128876149581703,0.44300545948685344,0.19022251060559378,-0.9126059649228644,0.7857708656406591,-0.32830676644646806,0.4422177491537396,-0.03684987984805116,-0.39687425218262984,-0.33324389167216983,-0.6611991503801931,0.08271933122349356,0.57788565611893306,-0.47037611181181876,0.019783457725251453,-1.0248887399490465,0.3201775363138288,0.7537859405302406,-0.04894116421455635,0.40838329674864454,0.8370084333310192,-0.19751677161453968,-0.3380175177065998,-0.37955106325829335,0.13788469761062555,0.7863173470693192,1.0303899486022094,0.39362791261794006,-1.236545830314777,0.22600554664171182,-0.31501365191457403,-0.2169226633852471,0.5636351080306126,-0.05496595627958535,-0.598153646851113,-0.8239431796343705,-0.11680240549226997,-1.1489515453764105,-0.6269489328177738,-0.7663946548330878,0.35062725862173405,-0.6208018913650406,0.5276925113774225,1.0988079340657668
4.273736200455338,-4.56462808376884,-0.6752148036080277,5.734458466529319,-3.7424463015107863,2.9305828533862273,2.0593668276769352,8.039189094270052,-0.6630145685776517,0.0953692229543924,3.6610016514727293,-4.338715843675851,-0.5330272811497756,-2.1074351756397838,4.693700755839252,-2.6711057514731027,0.18871299513633194,2.2866054627163446,0.5444530836363023,3.565676309791416,3.584535093288763,1.5221768893935639,-0.16769705859723014,0.42208152995802584,-2.9695225721587932,2.981481483962456,-1.6615057838840754,2.2887203584798796,1.09774869298669,1.4700070416204167,4.8274038937246475,1.7435254004569434,-0.10878652854894602,-3.031012014028305,2.8092164939941666,3.0274189226053716,1.7302196930578289,-3.1829642932574225,-3.2859768579038953,-6.233445471088357,6.5385827647455965,1.7290228659795737,-1.7470966894582003,2.969876956752021,0.9456035458023897,-1.0611888177092716,-0.8410989267036459,-4.100096639614128,-0.8140511895676766,3.023805296333538,2.138113517318442,-0.6065142159058726,-2.845200242059716,-1.2416025145340146,-1.858674843712133,0.8426122755700127
-2.726727627953869,3.5411142451857684,0.02430374014867819,-3.7424463015107863,2.914293718240803,-1.0830641470276092,0.3125963204651909,-5.594078645997565,0.47147037886088444,-0.06502618270426422,-2.1357057725184716,3.4663733360937163,-0.3204468343263395,1.1344009162526583,-3.928612438381853,2.9769479334223754,-0.9770891304273085,-1.5137657851099626,-0.9164269024270568,-2.740912866834787,-2.3985741091674204,-0.86269657126442,0.7599715341523986,-0.3673531725028672,1.748622430305077,-1.8852656714666056,1.2793131600735521,-0.7411264127946421,-1.1772624853907503,-1.8830286774351332,-3.6485362854077263,-1.785631384862378,-0.7110477387658567,2.5105053997100537,-1.8751401394554246,-1.976279703624123,-1.5215252332437923,1.6766041365243012,1.4851410073209292,4.549834697748563,-3.8827265063880922,-1.4926887102212036,1.7371487072602065,-2.0702446825626892,-1.2202192732650978,0.8877593514871843,1.2012855302692913,4.019695635275646,0.6880302201409292,-1.2772568067839773,-1.036717314505795,1.2600232467069459,1.8974779898013308,1.707227600878804,0.9170285724772497,-1.7674926330267962
2.2935925598648277,-1.3449496929886164,-1.0825076588841414,2.9305828533862273,-1.0830641470276092,2.9561384685568433,3.975180025866285,3.49373319923515,-0.26671469096551503,0.042074093581336444,2.3246333081363337,-1.1006723689458235,-1.450560665606256,-1.4995976204667982,0.87861410680215,0.8113375789702266,-1.4076823504817135,1.1351457863740833,-0.7087306706368869,1.093718171796109,1.729264728673327,1.009836996449597,1.063769847854234,0.051316504910653475,-1.85383053090294,1.6337272338295308,-0.5061588764485815,2.497596064744736,-0.2514716601227902,-0.8786483189991795,1.5870818660110022,-0.2499995556744593,-1.4377707838430425,-0.6084120007944621,1.3646552746067224,1.5475674808394244,0.19479048158585188,-2.3342091754750136,-2.8418012260341095,-2.3434632403369666,4.024513978887114,0.2372442137325366,0.15617098920616226,1.2847568611683557,-0.5848450653645986,-0.1987543105864491,0.7236688221340217,0.27372472975510587,-0.13632167534190934,2.7789699951153555,1.7264288896525384,1.2133678197874433,-1.3854664403405,0.940806521788907,-1.472824204875665,-1.7166007254581777
1.7465492007521806,0.32195117067145324,-1.8965459842316008,2.0593668276769352,0.3125963204651909,3.975180025866285,6.92627926871735,1.5349718760897773,0.036101354360142016,-0.03701917410580306,2.4818632723290013,0.6942948701782978,-2.654197886755575,-1.5685156433217602,-1.3125568251751107,3.639113719889556,-3.0352328293070836,0.8962588965043154,-1.7959736250104668,-0.20679615676696197,1.1315765040785717,1.0801332979713751,2.4298298013662856,-0.2700407950587651,-1.849141833983294,1.4103190024929462,0.09516461204822123,3.6401161899835195,-1.3062002933615873,-2.930530901316376,-0.16919130140072103,-1.7291705013262906,-3.043309286186261,0.9438120326437345,0.9472511205332993,1.1308042694461293,-0.7471920284769927,-2.6615592545678495,-3.6138346279302027,-0.7107702569448344,3.9437006451914294,-0.866573878045401,1.4566990586376023,0.5716456898731291,-2.0531613157529613,0.3190019426830156,2.2226488434539156,3.4786985521684275,0.4013657230795403,3.874442673248367,2.1402539876598805,2.961276051973913,-0.9783967103663243,2.6558178620649113,-1.7985469060226766,-4.210455044488325
5.9480441566474,-6.808820119276581,-0.5714794189300437,8.039189094270052,-5.594078645997565,3.49373319923515,1.5349718760897773,11.573158438112682,-1.0072026880569023,0.15764075470698022,4.84705978530835,-6.558466065006648,-0.21357910980626185,-2.7891666762669454,7.203249756551117,-4.748347072650164,0.9308700684948359,3.167858069741518,1.1842087912846586,5.315779533126552,5.050221773822744,2.0111362138372892,-0.7876144183073056,0.6946421815678221,-3.9815575695785483,4.089935534913745,-2.4754895070178433,2.5916167028405592,1.9077276748500005,2.8178650568274763,7.189311655040804,2.950228100859578,0.5155448602237191,-4.699404523457609,3.93875079492104,4.228386150952292,2.7114080606689486,-4.127331344737843,-4.078701268699484,-9.035325249106801,8.795866250011175,2.7664796175997464,-2.884780890389224,4.271906297621099,1.867871546149993,-1.6367205512994294,-1.7430545518622413,-6.820696526241842,-1.3077101939207127,3.603749206720171,2.692982435072869,-1.5384040273171742,-3.983296837300199,-2.384391951969232,-2.3549800545004573,2.162876704006335
-0.49174095378084226,0.5694028964218132,-0.027737266467683763,-0.6630145685776517,0.47147037886088444,-0.26671469096551503,0.036101354360142016,-1.0072026880569023,0.13126419059059372,-0.03414590788994008,-0.299370826189154,0.5626553337778435,-0.03667994135336885,0.236610214039463,-0.5989440851101302,0.509674554585406,-0.1311254617072274,-0.21012810179301938,-0.11711283741846676,-0.459056387038462,-0.3998683028371051,-0.1375099826479607,0.1496382482736433,-0.09319576556595979,0.2838732011841788,-0.2924280655470491,0.21086571567041631,-0.13717719256971533,-0.1955370852553837,-0.32617173078341444,-0.6565128330197428,-0.28504245496819874,-0.14799402213374407,0.4549459673094744,-0.2965797468320023,-0.33319270846763893,-0.22899473938680898,0.29347779142614855,0.2814787358901834,0.6994810430133693,-0.6329478190377305,-0.3074913021526571,0.24676709605472966,-0.36591611176484923,-0.2614111278833662,0.14425150058994654,0.23814049101762944,0.6712837181625476,0.1603447079088622,-0.16416217319352613,-0.17558746284880253,0.1951727968043748,0.2953568858546089,0.1997332956484259,0.15635422704295096,-0.28625817506791057
0.07192804621456278,-0.07721072020165053,0.023107562679812184,0.0953692229543924,-0.06502618270426422,0.042074093581336444,-0.03701917410580306,0.15764075470698022,-0.03414590788994008,0.011793235952603752,0.013491660374648896,-0.07984918433888111,0.014402611944407154,-0.03930058347407152,0.07656197952734455,-0.09599670828257241,0.02560993286925523,0.013218262777252087,0.01595853674013965,0.06744014694775549,0.05131128240430593,0.012187163239492878,-0.040820976220508697,0.02396829896610068,-0.02872108441778863,0.02816007291837298,-0.030004984266464106,0.0044075819576151545,0.0346662104880775,0.06566252829331115,0.10880211502053105,0.04628434221174645,0.04569204060962743,-0.0806064506514004,0.032872332802887726,0.04283437251896095,0.02962954806779619,-0.03203783224935509,-0.03104271956006892,-0.07943761791437051,0.0657577608045253,0.06547934581415621,-0.03067264737575487,0.0553757435971486,0.06493891536439764,-0.021257814605680905,-0.056704234209735555,-0.1147804773832786,-0.03821844987235023,-0.010924781321949047,0.014672728059113186,-0.03925283806969247,-0.031109907870551876,-0.018146931823869485,-0.013925172726753173,0.060738583107470046
2.756489379195032,-2.6212174469707126,-0.7984012898887993,3.6610016514727293,-2.1357057725184716,2.3246333081363337,2.4818632723290013,4.84705978530835,-0.299370826189154,0.013491660374648896,2.6802655373837356,-2.4110503494481326,-0.7864249099516711,-1.4493531832153665,2.5613305754327396,-0.8428888883916946,-0.4168770693952087,1.5605964073640282,0.02990893856521343,2.02835564491667,2.295579523119768,1.0977141587306125,0.39647539799321574,0.1461763227966127,-2.085600492104262,2.030862586952783,-0.9504758261137404,1.9971192365914305,0.3915656005888717,0.2810848897373181,2.699096825357076,0.704385509788644,-0.68283567211163,-1.5271088681569835,1.8345129978855492,1.9663770712816404,0.9003655189295118,-2.3308740470682445,-2.5409530287917343,-3.8426826079860636,4.564372742055926,0.7523699089183014,-0.8032427043223872,1.8016579420344583,0.07397868173632026,-0.5615369290879522,-0.011392317438792012,-1.7213317225966334,-0.3284467681595476,2.5617545196561102,1.6422911495973054,0.18554915569700525,-1.8686994106355828,-0.3458485240245344,-1.4143047561839686,-0.2943964626825911
-3.150030552778949,4.209063800783565,-0.0616016596610549,-4.338715843675851,3.4663733360937163,-1.1006723689458235,0.6942948701782978,-6.558466065006648,0.5626553337778435,-0.07984918433888111,-2.4110503494481326,4.138245157053564,-0.5032710436262187,1.2725236256725385,-4.712923328547411,3.697839597874865,-1.2983231134237103,-1.7492880545822773,-1.1681803301637699,-3.2567870170495103,-2.788396139018896,-0.9710470389444182,1.0152706759304715,-0.4493266298082018,1.984439579310579,-2.166224175935963,1.519873728694874,-0.7079422145347513,-1.4558324003582477,-2.3686692751464786,-4.332370241037944,-2.1958110592994164,-0.9863807675405865,3.0199847525298504,-2.1762091724640933,-2.2883327876922546,-1.8363449722483263,1.8620342197452115,1.5915005707387213,5.353847069333724,-4.414074015230503,-1.8116473487945874,2.124195452232124,-2.4266558019300124,-1.544472083645839,1.0664554435423144,1.5290491142838367,4.925036173041987,0.8360076673630615,-1.329178081177136,-1.1279221762680294,1.6308153762432662,2.2009822146955385,2.1430184208828162,1.002188954387623,-2.290848468945822
-0.48333573471113855,-0.3680021234610032,0.7128876149581703,-0.5330272811497756,-0.3204468343263395,-1.450560665606256,-2.654197886755575,-0.21357910980626185,-0.03667994135336885,0.014402611944407154,-0.7864249099516711,-0.5032710436262187,1.0326963304591652,0.5264000859871868,0.7768125246227542,-1.5829792586858136,1.2249088192782163,-0.22941539443581427,0.7508792716292583,0.2655140577375167,-0.2657207482363712,-0.3500484806934801,-0.9705672547512213,0.1220219349538559,0.581270532465733,-0.4027955677722927,-0.12401306806407232,-1.3339458084150189,0.576599253788993,1.2393349276139614,0.3051648659712744,0.7808781385040825,1.1990152509318757,-0.523579768659211,-0.22867866166446574,-0.294935117234166,0.39206550451717065,0.8984723625456911,1.276663885515857,-0.051525140552491425,-1.2295432137557767,0.42076918824739196,-0.6794300543369141,-0.07919632129614101,0.8528183791152865,-0.18247816977597628,-0.9194328203442476,-1.5954863571143465,-0.1913938133462698,-1.3752876264108214,-0.7423003150570291,-1.2131940201768734,0.23811005196216747,-1.1401010127428635,0.6208602876326333,1.7210771289852076
-1.603166479113163,1.389346865344426,0.44300545948685344,-2.1074351756397838,1.1344009162526583,-1.4995976204667982,-1.5685156433217602,-2.7891666762669454,0.236610214039463,-0.03930058347407152,-1.4493531832153665,1.2725236256725385,0.5264000859871868,0.9006963500338688,-1.2793695965548104,0.37631320091983467,0.35699594398604656,-0.8154864158143527,0.08443588519783306,-1.1022332340063135,-1.2822712719483316,-0.6192764192955836,-0.25151914698548533,-0.11732594957185448,1.1771225184309146,-1.1148810240084746,0.511727965512405,-1.209130769434258,-0.17572292393651076,-0.08848128141681422,-1.5340030647935574,-0.31747207875716627,0.4154473193993444,0.8571078720142615,-1.0032178735072286,-1.1081427129577115,-0.43470159696554844,1.3640375799928035,1.5333356342051199,2.0297459163791256,-2.576631325880863,-0.4686524769571664,0.33617647822763874,-1.0269192937116367,-0.06496341678687978,0.2916808032733681,-0.0023764026255307965,0.8420848729362612,0.23234233991645736,-1.4349517732692265,-0.9584658646905059,-0.20500210976539915,1.0157163846081463,-0.006056518318937939,0.8257287347169706,0.2900733411672151
3.3828309315442993,-4.768386917785142,0.19022251060559378,4.693700755839252,-3.928612438381853,0.87861410680215,-1.3125568251751107,7.203249756551117,-0.5989440851101302,0.07656197952734455,2.5613305754327396,-4.712923328547411,0.7768125246227542,-1.2793695965548104,5.433165315399841,-4.420135768739143,1.7091939438125403,1.9271513884934477,1.4723240941896536,3.673833829708826,3.0481832514401375,1.0142121194950986,-1.3081046595084709,0.5033606880148356,-2.0959834222731892,2.343036841940694,-1.7167294272313047,0.5121723183453879,1.7347926231291253,2.873946545824806,4.848074536867427,2.606300406433345,1.3173502051267056,-3.439725973085246,2.3851226662284457,2.483782943396922,2.1366645758492693,-1.8824977366973377,-1.493162038514198,-6.003146195192549,4.673125481005317,2.0608694813811286,-2.526006670303622,2.669627683111935,1.8504046460778072,-1.2249822220374793,-1.8596221317018613,-5.795437304724938,-0.9383865367369638,1.2353558446043922,1.104471124820406,-2.065694166170669,-2.4139991265718823,-2.6662037347811522,-0.9884080608005631,2.8969874910609374
-1.8328201910815132,3.5870757657926657,-0.9126059649228644,-2.6711057514731027,2.9769479334223754,0.8113375789702266,3.639113719889556,-4.748347072650164,0.509674554585406,-0.09599670828257241,-0.8428888883916946,3.697839597874865,-1.5829792586858136,0.37631320091983467,-4.420135768739143,4.662220447879425,-2.3962382617032594,-1.0128549466271233,-1.7362070176406776,-2.7676911728995637,-1.7869021507624345,-0.3135633711922702,1.9275014252660492,-0.5081695166857222,0.8031671724795374,-1.1389702600487528,1.2889905199519374,1.02840167121102,-1.7756852468857507,-3.255063829010687,-3.6619186091999407,-2.5642160047089098,-2.180352881672121,2.9213698424918726,-1.3564926992976851,-1.3788253258534353,-1.8253507195660972,0.35450494119039916,-0.27898283321142947,4.0453391347329655,-1.863413849481406,-1.908064078955377,2.3662046507097787,-1.7511728072076516,-2.2156688709450054,1.015326935638266,2.2662827108594237,5.591373608555125,0.8922896029405546,0.6597852395049006,0.023372617326500728,2.6465290808952937,1.3600272902065123,2.8894353661028958,0.02568468292315401,-3.7476698909802084
0.02977873624619838,-1.1639985467365925,0.7857708656406591,0.18871299513633194,-0.9770891304273085,-1.4076823504817135,-3.0352328293070836,0.9308700684948359,-0.1311254617072274,0.02560993286925523,-0.4168770693952087,-1.2983231134237103,1.2249088192782163,0.35699594398604656,1.7091939438125403,-2.3962382617032594,1.5813264750143174,0.07145142351127609,1.0394535805935148,0.8760326796076345,0.21033292251594593,-0.20759779690958963,-1.2412157839059077,0.20825091166105308,0.2783851878809942,-0.047444917957848255,-0.4095978393156769,-1.3364868761309783,0.8934942639748045,1.781046670947091,1.1039095315447724,1.252625395569828,1.4849904389866797,-1.1094689185766415,0.14393569625250177,0.08768816684982605,0.7644351042553957,0.6520403661982519,1.1188038307986923,-1.030582117647255,-0.5502916801697063,0.7752653006807774,-1.1344831512312175,0.3455603860779125,1.200598817643257,-0.3923667374494912,-1.2746927431916522,-2.6329802385890657,-0.35111244192781454,-1.257956167225142,-0.6108011597826881,-1.625005590269597,-0.1390202563157739,-1.6506270729693908,0.5005290352732494,2.2987395957214076
1.6983187861134033,-1.8506630062558316,-0.32830676644646806,2.2866054627163446,-1.5137657851099626,1.1351457863740833,0.8962588965043154,3.167858069741518,-0.21012810179301938,0.013218262777252087,1.5605964073640282,-1.7492880545822773,-0.22941539443581427,-0.8154864158143527,1.9271513884934477,-1.0128549466271233,0.07145142351127609,0.9737781650411127,0.23384228029185264,1.4266988726650445,1.4531932596072448,0.6312571357352499,-0.01280214247272059,0.13233740149839487,-1.2233080738664561,1.2376604549223722,-0.6684051981859764,0.9498672877189158,0.42519888066209693,0.540679291842093,1.884992070552997,0.6917546996345666,-0.11273488249877116,-1.1666290196600253,1.1565614014312964,1.225598875232583,0.7113506483214228,-1.296322441333578,-1.3285170023343726,-2.5737492587818362,2.689384028999301,0.6214169093769736,-0.7284838103251939,1.1775061942154452,0.2927841533245445,-0.42601754616752696,-0.26996733700200765,-1.601453504424542,-0.2736029746870103,1.313798338467537,0.8821778286900892,-0.22228196256763663,-1.1766178994724146,-0.5549794574177471,-0.7649660265531891,0.2946423875405687
0.3319776305321267,-1.1010845536701162,0.4422177491537396,0.5444530836363023,-0.9164269024270568,-0.7087306706368869,-1.7959736250104668,1.1842087912846586,-0.11711283741846676,0.01595853674013965,0.02990893856521343,-1.1681803301637699,0.7508792716292583,0.08443588519783306,1.4723240941896536,-1.7362070176406776,1.0394535805935148,0.23384228029185264,0.7201573114435882,0.8326695802772421,0.4077018115958357,-0.015271584031487668,-0.8014997426354352,0.15512961422555038,-0.0498838113108041,0.20368032544614986,-0.39001979294442446,-0.6878370040503132,0.6570257457649498,1.2504893708496896,1.0595757448129202,0.9405296031828251,0.9347034951211493,-0.9303783081564858,0.31142293180861114,0.285388344979526,0.6302867859455757,0.18077344888279995,0.4790114886800576,-1.1551027883364116,0.14923324836217292,0.6095152926178036,-0.8750181398957064,0.44079906431221205,0.8230083836750318,-0.33372879506007963,-0.8692670935326234,-2.000887083093164,-0.2720730618912026,-0.5608236172433608,-0.2301017703507027,-1.093670443377208,-0.3126479702062416,-1.181649430305677,0.18085495800687598,1.5417441870375026
2.6033407272166658,-3.330164212588079,-0.03684987984805116,3.565676309791416,-2.740912866834787,1.093718171796109,-0.20679615676696197,5.315779533126552,-0.459056387038462,0.06744014694775549,2.02835564491667,-3.2567870170495103,0.2655140577375167,-1.1022332340063135,3.673833829708826,-2.7676911728995637,0.8760326796076345,1.4266988726650445,0.8326695802772421,2.583302335239412,2.2759638899327355,0.8249269867063965,-0.6939349633683477,0.35222144732753813,-1.6694359123328402,1.7890184595748864,-1.2048070714076047,0.7467621625624496,1.0944124257794925,1.7441511564979235,3.4527926928462813,1.6597775970484263,0.6422320113281338,-2.366749460466108,1.7755233893489906,1.8786840969387062,1.4191392638973943,-1.617376355142447,-1.4538844748522348,-4.283313811720136,3.7056778722341175,1.4139346474884644,-1.6088274111403185,1.9653696610825424,1.142454333896614,-0.8324205741829729,-1.1168804710612783,-3.749707074499512,-0.6569535891370835,1.2377003867825405,1.0044070929381765,-1.1485366481111157,-1.7955781892546518,-1.554320714969645,-0.8876020414783958,1.6139318099383273
2.662586655430518,-2.925551877182635,-0.39687425218262984,3.584535093288763,-2.3985741091674204,1.729264728673327,1.1315765040785717,5.050221773822744,-0.3998683028371051,0.05131128240430593,2.295579523119768,-2.788396139018896,-0.2657207482363712,-1.2822712719483316,3.0481832514401375,-1.7869021507624345,0.21033292251594593,1.4531932596072448,0.4077018115958357,2.2759638899327355,2.2554280782619207,0.9455700364046834,-0.1574340516227131,0.2614463311303372,-1.8490392590879827,1.8739725830535838,-1.0620169039394025,1.3610052214589616,0.7323959859013256,1.004442670028674,3.0583369030548098,1.1597219626590256,-0.006259876833121522,-1.9384985632136849,1.7732089281575387,1.8988401748432566,1.1320206263235617,-1.9550694033346676,-1.988000814341346,-3.979881831778798,4.07349051972254,1.0971580396246037,-1.168616019809183,1.868579728505167,0.6280228267724193,-0.6857455951876533,-0.5746356850097484,-2.6987603333357093,-0.5083687374341997,1.8512472918743736,1.3074242867341368,-0.46715387480404086,-1.7975582929654348,-0.8952900253363834,-1.1376227158639711,0.6459494270662453
1.1502494822374134,-1.0583910496872733,-0.33324389167216983,1.5221768893935639,-0.86269657126442,1.009836996449597,1.0801332979713751,2.0111362138372892,-0.1375099826479607,0.012187163239492878,1.0977141587306125,-0.9710470389444182,-0.3500484806934801,-0.6192764192955836,1.0142121194950986,-0.3135633711922702,-0.20759779690958963,0.6312571357352499,-0.015271584031487668,0.8249269867063965,0.9455700364046834,0.4552712393050476,0.17714416007953374,0.06667447294190654,-0.8644039897071822,0.8337382396238717,-0.38554694345505947,0.8514222998205008,0.14714614847026292,0.09096187481720193,1.1124217352629588,0.2670330312390339,-0.29752765061885766,-0.6242560553787353,0.7512202873710193,0.812602410506335,0.35235830212738706,-0.9783903329213252,-1.0788205353883187,-1.5540343382090327,1.8915218358842665,0.31611143469808356,-0.3007275783993357,0.7454579187631882,0.028553933420188193,-0.22463709838739462,0.00457734098293623,-0.6691716007370668,-0.14382669765069464,1.064764497550191,0.6896758433557197,0.10759073811181438,-0.7639406245253815,-0.09057988142206437,-0.5938504642780155,-0.16157639339040697
-0.04302863601074488,0.9016419512514393,-0.6611991503801931,-0.16769705859723014,0.7599715341523986,1.063769847854234,2.4298298013662856,-0.7876144183073056,0.1496382482736433,-0.040820976220508697,0.39647539799321574,1.0152706759304715,-0.9705672547512213,-0.25151914698548533,-1.3081046595084709,1.9275014252660492,-1.2412157839059077,-0.01280214247272059,-0.8014997426354352,-0.6939349633683477,-0.1574340516227131,0.17714416007953374,1.0164316068704164,-0.19407115608339445,-0.23979218698964894,0.06692952496786124,0.32147547465277193,1.0685356352527184,-0.7133465136248837,-1.436329390862676,-0.9136004977235177,-0.989157839311206,-1.218818094663038,0.9133623982917045,-0.09245710547227276,-0.06401633134606857,-0.5865682661179372,-0.5214637501829831,-0.8790419047515924,0.7555653083869325,0.47547244250918486,-0.6687628940656225,0.8676383004171226,-0.28632790821331094,-1.0122437867469407,0.30837890712697247,1.0543311499906807,2.1022510531369587,0.31961473608709473,1.062871628041368,0.49489783306162427,1.289845863941527,0.08403023609616024,1.2466379152197695,-0.40481713283753973,-1.8358363782371008
0.3043744490642021,-0.44218948444720785,0.08271933122349356,0.42208152995802584,-0.3673531725028672,0.051316504910653475,-0.2700407950587651,0.6946421815678221,-0.09319576556595979,0.02396829896610068,0.1461763227966127,-0.4493266298082018,0.1220219349538559,-0.11732594957185448,0.5033606880148356,-0.5081695166857222,0.20825091166105308,0.13233740149839487,0.15512961422555038,0.35222144732753813,0.2614463311303372,0.06667447294190654,-0.19407115608339445,0.0753849486783168,-0.1502210417466184,0.17373986536306477,-0.16222924523436852,-0.025128447711391375,0.1925745912648899,0.3456570936945361,0.49348963892771597,0.27616022485632113,0.2133398426147599,-0.3703454079033227,0.19220734496846695,0.21081701772868214,0.2014079112452064,-0.12639899225580065,-0.08170587361283863,-0.5090215991176502,0.34083271214157657,0.25387468698359184,-0.24176129138569236,0.25268259571843404,0.26056389980655875,-0.12007535757359399,-0.25152301765446883,-0.6257484204524217,-0.12870731458521623,-0.00495567212132721,0.05730263026457992,-0.25168718653194444,-0.19084483065197008,-0.25349742556711824,-0.054627969250080316,0.36279596933729275
-2.235811198330932,2.1420431506329662,0.57788565611893306,-2.9695225721587932,1.748622430305077,-1.85383053090294,-1.849141833983294,-3.9815575695785483,0.2838732011841788,-0.02872108441778863,-2.085600492104262,1.984439579310579,0.581270532465733,1.1771225184309146,-2.0959834222731892,0.8031671724795374,0.2783851878809942,-1.2233080738664561,-0.0498838113108041,-1.6694359123328402,-1.8490392590879827,-0.8644039897071822,-0.23979218698964894,-0.1502210417466184,1.6512156362513914,-1.6086251438636192,0.7798078281451186,-1.5432130381972204,-0.3572705836317392,-0.3219694096173687,-2.2508892940309635,-0.617095585595502,0.4524214240054628,1.3040296676997623,-1.4649933346546316,-1.5819327847440077,-0.7413340333901047,1.8446030391567727,2.004020563959759,3.0865391711343872,-3.618327854163166,-0.6828505179999239,0.6688284101727201,-1.4749527795765929,-0.1600791351816598,0.4664801736465008,0.0992192671461714,1.5097460904639488,0.31306825313124265,-1.954740821589546,-1.2871303765808106,-0.078878460751734,1.4886017534109586,0.29798080795422843,1.1105011595879646,0.12810721127511837
2.2275006348496187,-2.305342047438926,-0.47037611181181876,2.981481483962456,-1.8852656714666056,1.6337272338295308,1.4103190024929462,4.089935534913745,-0.2924280655470491,0.02816007291837298,2.030862586952783,-2.166224175935963,-0.4027955677722927,-1.1148810240084746,2.343036841940694,-1.1389702600487528,-0.047444917957848255,1.2376604549223722,0.20368032544614986,1.7890184595748864,1.8739725830535838,0.8337382396238717,0.06692952496786124,0.17373986536306477,-1.6086251438636192,1.6014643100221797,-0.8363246491514381,1.3468783362011862,0.4833446127016738,0.571885378120085,2.3931238948866858,0.7955796155695893,-0.24552840597808667,-1.4516691114221039,1.4843638400421306,1.5895113219158317,0.852279968952395,-1.7446148218151194,-1.833791668108053,-3.235111278973551,3.533058292276133,0.7807561732103114,-0.8357457366612104,1.5164194007812417,0.3198970616875329,-0.5216232574843417,-0.27328803272564195,-1.879440599317945,-0.3540162978234843,1.7795022768286743,1.1964655479863469,-0.1547450633823316,-1.5080849140769037,-0.5466232912613216,-1.0358391005423309,0.20018429474458554
-1.212632098591017,1.554578057988716,0.019783457725251453,-1.6615057838840754,1.2793131600735521,-0.5061588764485815,0.09516461204822123,-2.4754895070178433,0.21086571567041631,-0.030004984266464106,-0.9504758261137404,1.519873728694874,-0.12401306806407232,0.511727965512405,-1.7167294272313047,1.2889905199519374,-0.4095978393156769,-0.6684051981859764,-0.39001979294442446,-1.2048070714076047,-1.0620169039394025,-0.38554694345505947,0.32147547465277193,-0.16222924523436852,0.7798078281451186,-0.8363246491514381,0.5621125056061202,-0.3486926448018336,-0.5101176703558943,-0.8118520757049964,-1.6075499404043034,-0.7744299831844359,-0.2967490602895987,1.1014270038313023,-0.8295166856161168,-0.8764771713167857,-0.6632489767289338,0.7544600762530898,0.6772780804770994,2.0018836765516745,-1.7307392144847178,-0.6556298679440548,0.75262721196172655,-0.9156711784281606,-0.5286415775772395,0.3884184755210729,0.5179054718511197,1.7478657239673854,0.30348191286028536,-0.5816353770441329,-0.46905321412376544,0.5356891335522851,0.8391867734315818,0.7294045162036183,0.41440981434478663,-0.7519645116623604
1.8017641180267499,-0.9311472312467851,-1.0248887399490465,2.2887203584798796,-0.7411264127946421,2.497596064744736,3.6401161899835195,2.5916167028405592,-0.13717719256971533,0.0044075819576151545,1.9971192365914305,-0.7079422145347513,-1.3339458084150189,-1.209130769434258,0.5121723183453879,1.02840167121102,-1.3364868761309783,0.9498672877189158,-0.6878370040503132,0.7467621625624496,1.3610052214589616,0.8514222998205008,1.0685356352527184,-0.025128447711391375,-1.5432130381972204,1.3468783362011862,-0.3486926448018336,2.1973680402979205,-0.3360542429564073,-0.988868968564797,1.0590845991088167,-0.3757753710679088,-1.413554652129772,-0.28310604383752225,1.0949907948744049,1.2290376097066247,0.06904746838669264,-1.9625080596641549,-2.41956169417714,-1.7972320780777675,3.3395934127151454,0.01000664020618844,0.24923278452526618,0.9598518707422097,-0.7152871915228057,-0.10519213091110462,0.8160954619344574,0.6176060214965226,-0.006790322149055901,2.4807787258409886,1.4791644344360937,1.2051301208152971,-1.1179275578488315,0.9125045184974769,-1.257552598681292,-1.7188304825092806
0.7588059495057397,-1.4200708606496155,0.3201775363138288,1.09774869298669,-1.1772624853907503,-0.2514716601227902,-1.3062002933615873,1.9077276748500005,-0.1955370852553837,0.0346662104880775,0.3915656005888717,-1.4558324003582477,0.576599253788993,-0.17572292393651076,1.7347926231291253,-1.7756852468857507,0.8934942639748045,0.42519888066209693,0.6570257457649498,1.0944124257794925,0.7323959859013256,0.14714614847026292,-0.7133465136248837,0.1925745912648899,-0.3572705836317392,0.4833446127016738,-0.5101176703558943,-0.3360542429564073,0.67860373785542,1.2315001636322669,1.4448743621713271,0.984457158578162,0.8005274624839013,-1.1365021292805464,0.5596422178235776,0.5699486070352169,0.7124130981846858,-0.19312787762324637,0.04138221702854244,-1.6273797340445324,0.8214796940618835,0.7331894286164555,-0.9148809247970002,0.7044606222928698,0.8313191833878568,-0.39708174010252817,-0.8503189951096143,-2.1492400722805765,-0.34082491015582517,-0.17771757797484275,0.03381644598950499,-0.9924091624310841,-0.5622468435791936,-1.1031582712475607,-0.046276034340461285,1.4035084098328103
0.9776630897271205,-2.2633445609593297,0.7537859405302406,1.4700070416204167,-1.8830286774351332,-0.8786483189991795,-2.930530901316376,2.8178650568274763,-0.32617173078341444,0.06566252829331115,0.2810848897373181,-2.3686692751464786,1.2393349276139614,-0.08848128141681422,2.873946545824806,-3.255063829010687,1.781046670947091,0.540679291842093,1.2504893708496896,1.7441511564979235,1.004442670028674,0.09096187481720193,-1.436329390862676,0.3456570936945361,-0.3219694096173687,0.571885378120085,-0.8118520757049964,-0.988868968564797,1.2315001636322669,2.310340564678392,2.302150216074132,1.762147012067974,1.653405897460869,-1.9140654349066892,0.7524372737436824,0.7506754639376001,1.2063856149339982,0.033404878497895404,0.5175050884219304,-2.445852934609637,0.7806048343957049,1.277627364369868,-1.6096341387861621,1.0380154890548232,1.5831416356770225,-0.6627429926185205,-1.6289494465282335,-3.8172500878065785,-0.598908425596661,-0.7879355939104087,-0.21983764828406693,-1.93153119868522,-0.7511586091175922,-2.0465715352019824,0.15638813926632503,2.738078201908147
3.534917453507659,-4.430844806689971,-0.04894116421455635,4.8274038937246475,-3.6485362854077263,1.5870818660110022,-0.16919130140072103,7.189311655040804,-0.6565128330197428,0.10880211502053105,2.699096825357076,-4.332370241037944,0.3051648659712744,-1.5340030647935574,4.848074536867427,-3.6619186091999407,1.1039095315447724,1.884992070552997,1.0595757448129202,3.4527926928462813,3.0583369030548098,1.1124217352629588,-0.9136004977235177,0.49348963892771597,-2.2508892940309635,2.3931238948866858,-1.6075499404043034,1.0590845991088167,1.4448743621713271,2.302150216074132,4.653703660050699,2.18523111502554,0.8414835747657041,-3.1814133274050773,2.3735821644127184,2.530222057002244,1.866976488371477,-2.2100739484449328,-2.020788675783021,-5.687962691847732,4.996303219489381,1.9268047559368946,-2.0960184151493952,2.6525290919967017,1.5471698820698936,-1.105529412249287,-1.494153397164752,-4.967010502024362,-0.9103719113624867,1.6674129212676227,1.3742429324464094,-1.4831131978701073,-2.396756288072824,-1.9723169618558978,-1.214022196104344,2.0936899005058867
1.2153328720698555,-2.1568218154994963,0.40838329674864454,1.7435254004569434,-1.785631384862378,-0.2499995556744593,-1.7291705013262906,2.950228100859578,-0.28504245496819874,0.04628434221174645,0.704385509788644,-2.1958110592994164,0.7808781385040825,-0.31747207875716627,2.606300406433345,-2.5642160047089098,1.252625395569828,0.6917546996345666,0.9405296031828251,1.6597775970484263,1.1597219626590256,0.2670330312390339,-0.989157839311206,0.27616022485632113,-0.617095585595502,0.7955796155695893,-0.7744299831844359,-0.3757753710679088,0.984457158578162,1.762147012067974,2.18523111502554,1.437108117939168,1.0971280549354976,-1.688150929482539,0.8928439253483839,0.9112275072564526,1.062714264902385,-0.3932386646213665,-0.06788891774525066,-2.5207503443057497,1.406385417846219,1.0714516443559077,-1.3481131091592746,1.0910869289021565,1.1757259202824897,-0.5938511067707907,-1.2026000013763378,-3.142476189976217,-0.49409962191942264,-0.11172329577561271,0.13292142750158348,-1.402518269249637,-0.8991029442882648,-1.5984332526388996,-0.1386699551310966,1.979850110998359
-0.17938364100458368,-0.8365055886235243,0.8370084333310192,-0.10878652854894602,-0.7110477387658567,-1.4377707838430425,-3.043309286186261,0.5155448602237191,-0.14799402213374407,0.04569204060962743,-0.68283567211163,-0.9863807675405865,1.1990152509318757,0.4154473193993444,1.3173502051267056,-2.180352881672121,1.4849904389866797,-0.11273488249877116,0.9347034951211493,0.6422320113281338,-0.006259876833121522,-0.29752765061885766,-1.218818094663038,0.2133398426147599,0.4524214240054628,-0.24552840597808667,-0.2967490602895987,-1.413554652129772,0.8005274624839013,1.653405897460869,0.8414835747657041,1.0971280549354976,1.4786219518158024,-0.9387046919774699,-0.04337773707382087,-0.08823368044773727,0.611255956993867,0.8024324216927889,1.2380796840940709,-0.5661755460510152,-0.9326350887316114,0.7164329327767139,-0.948136059130343,0.1843695857993056,1.17370840851063,-0.3137121849924785,-1.2287559728072672,-2.3121202529858667,-0.3443443201320027,-1.4514229011920894,-0.7139718124427544,-1.522003057374618,0.05586416767381127,-1.430099711797155,0.5899320706711589,2.1683041305551214
-2.191748417171066,3.0415303573098695,-0.19751677161453968,-3.031012014028305,2.5105053997100537,-0.6084120007944621,0.9438120326437345,-4.699404523457609,0.4549459673094744,-0.0806064506514004,-1.5271088681569835,3.0199847525298504,-0.523579768659211,0.8571078720142615,-3.439725973085246,2.9213698424918726,-1.1094689185766415,-1.1666290196600253,-0.9303783081564858,-2.366749460466108,-1.9384985632136849,-0.6242560553787353,0.9133623982917045,-0.3703454079033227,1.3040296676997623,-1.4516691114221039,1.1014270038313023,-0.28310604383752225,-1.1365021292805464,-1.9140654349066892,-3.1814133274050773,-1.688150929482539,-0.9387046919774699,2.274594790180208,-1.4945455911271819,-1.5807773921173611,-1.3533093874684397,1.1811024305741051,0.9405549331698391,3.766372148419779,-2.9141140295748977,-1.4167000119179596,1.5918680910086167,-1.732535041474192,-1.3014794836168626,0.7876577509142906,1.2837820856071214,3.7860302033892954,0.6702353900966936,-0.6612033850256741,-0.6756181061178754,1.3595059489078596,1.5060253276219546,1.6475048067641536,0.6080136900609007,-1.9240848163333801
2.086420222305497,-2.2886985002059994,-0.3380175177065998,2.8092164939941666,-1.8751401394554246,1.3646552746067224,0.9472511205332993,3.93875079492104,-0.2965797468320023,0.032872332802887726,1.8345129978855492,-2.1762091724640933,-0.22867866166446574,-1.0032178735072286,2.3851226662284457,-1.3564926992976851,0.14393569625250177,1.1565614014312964,0.31142293180861114,1.7755233893489906,1.7732089281575387,0.7512202873710193,-0.09245710547227276,0.19220734496846695,-1.4649933346546316,1.4843638400421306,-0.8295166856161168,1.0949907948744049,0.5596422178235776,0.7524372737436824,2.3735821644127184,0.8928439253483839,-0.04337773707382087,-1.4945455911271819,1.3993873530161414,1.4935345436746923,0.8843579274929819,-1.549455469195057,-1.5786478093834238,-3.1337667247020113,3.225420128913726,0.8314461444781985,-0.9113705171237586,1.459387814940115,0.45347275232599904,-0.5337438655852921,-0.4160398473756216,-2.074060835771582,-0.37979901360698615,1.4986745204855443,1.041638843867536,-0.3403396168743404,-1.4201677600172176,-0.6984341230512353,-0.9054101230708128,0.46588401675988056
2.2552869030064606,-2.4119260104485436,-0.37955106325829335,3.0274189226053716,-1.976279703624123,1.5475674808394244,1.1308042694461293,4.228386150952292,-0.33319270846763893,0.04283437251896095,1.9663770712816404,-2.2883327876922546,-0.294935117234166,-1.1081427129577115,2.483782943396922,-1.3788253258534353,0.08768816684982605,1.225598875232583,0.285388344979526,1.8786840969387062,1.8988401748432566,0.812602410506335,-0.06401633134606857,0.21081701772868214,-1.5819327847440077,1.5895113219158317,-0.8764771713167857,1.2290376097066247,0.5699486070352169,0.7506754639376001,2.530222057002244,0.9112275072564526,-0.08823368044773727,-1.5807773921173611,1.4935345436746923,1.6038386648529628,0.9149403225793684,-1.6936549799783074,-1.748626020420815,-3.3113601781271056,3.481572122383866,0.8876906728944538,-0.9244195895988574,1.5642090293121351,0.4661699913406516,-0.5586391044237513,-0.41607708139335864,-2.1374963517000802,-0.4123907850727342,1.6377653792244695,1.1422514870660745,-0.3033718361863529,-1.5142647373673508,-0.6622125748015071,-0.9921851182606243,0.41698192831069647
