V1,V2,V3,V4,V5,V6,V7,V8,V9,V10,V11,V12,V13,V14,V15,V16,V17,V18,V19,V20,V21,V22,V23,V24,V25,V26,V27,V28,V29,V30,V31,V32,V33,V34,V35,V36,V37,V38,V39,V40,V41,V42,V43,V44,V45,V46,V47,V48,V49,V50,V51,V52,V53,V54,V55,V56
1.3163205458180534,0.6982997113271296,0.4297430404358879,-0.8800028660306224,0.36086027748918437,0.4176462571020226,-0.9280421204842467,-0.8042936214687049,0.22103139180990672,0.5307292007816521,-1.864461871444194,1.6779681776004338,1.3424810660816655,-0.19115870350720007,0.9429439306738953,-0.1766934130833218,-0.9486377601933723,-0.379992916868852,0.7667296559714861,0.4976263701173841,1.1338067002941195,0.3894864456637954,-0.43199995563720656,0.16115193013483026,-1.1696372819049394,1.4545793111380076,-0.36375355314679364,-0.5752552135544228,0.4680909758733136,1.0180749799439284,-1.1426944520038176,-0.5842866553696925,0.1988632349307696,0.5548049606267237,-1.2592480752345148,0.9503823567687214,-1.363307903771918,-0.8567956054019787,-0.8134462558150872,-0.826255685387055,-0.3793514691335222,1.141455196037602,-0.42361491373190974,-1.041875954961581,1.4300540754443456,-0.14111958622565457,0.6594927249049861,0.32103517861029485,0.2929914497734208,2.0975952161103306,0.7796610286168644,0.35985106940061073,2.380431685623199,1.3787049134943872,-0.5269020401913586,0.5182901746332226
0.6982997113271296,0.4979516841297863,-0.4325935974068515,-0.4822572115926839,0.14493063752802082,0.5109829287423441,-0.6060728463316545,-0.9136033051382199,0.3296940672882066,0.5480477277628991,-1.2072652544813822,0.7718694497722398,0.8684176828270896,-0.2193833501296787,0.5658788854213129,0.09796779859232588,-1.0527926061729982,-0.4583820592988679,0.36195884709955395,0.2302485859925374,0.4812049111824408,0.25640103300690503,0.3970581829766001,0.20284376747596589,-0.4096906696312729,0.6812885492277173,-0.04062382613685921,-0.3400228318218026,0.5677065749619983,0.8073203541520304,-0.9573851990503858,-0.2453226949561446,-0.2297771126463074,-0.16204925813851043,-0.6408993648461824,0.37718638824526646,-0.5082742592322921,-0.5998664208812529,-0.620703784530124,-0.5836048752181935,-0.5264507689630766,0.12748281684228588,-0.300531376939531,-0.1122623891776175,0.3925622667801324,-0.11134806886236429,0.8316896310370616,-0.15723598617420356,0.3442835223409404,1.2380488164155263,0.17485498166118998,0.3882371948341348,1.1138348035711718,0.9330940365218947,-0.05264967254397553,-0.18250725404869866
0.4297430404358879,-0.4325935974068515,6.54231654594738,-0.5341889340388907,0.982098367302102,-2.726929459438347,0.3860589256407382,4.233009845511737,-1.7010660167188694,-3.106118589979684,0.960975241503786,2.3266450204873586,-1.158186476615189,0.8471730681216252,0.0526001738664688,-1.404367352734679,4.335471623345624,1.727868472130713,1.211959530894261,0.24284612242653966,2.0735360941510788,6.735506272587313e-4,-6.225798281547855,-0.816024023312305,-3.1476327537302873,0.6343845160135464,-2.0466968891028126,0.20319800836726057,-2.388768203039409,-1.4778552773167235,1.3861605463775433,-0.783483869492639,3.3237861694112345,3.8437632553726266,-0.9106483151708248,2.1177623475309284,-3.2254844562844003,1.89176088469782,1.8135160248361182,1.4946993404271118,3.033227671447987,5.198140690742985,-0.1883898997507036,-5.17527289766228,4.787278257626026,-0.4143124235055331,-3.460147520685295,2.313608179027992,-1.4621335750395266,-0.43721859114598843,3.0532374070779333,-0.7802795182887985,2.2709277338681613,-1.467716715854502,-3.0435820189733853,5.395213689686452
-0.8800028660306224,-0.4822572115926839,-0.5341889340388907,0.867661555533964,-0.25163437963153684,-0.3151525810924576,0.5399636152583822,0.4853423223383254,-0.12232765365139589,-0.10553728099611684,1.2365997201579273,-1.2017290690709295,-0.7815715432938312,0.07802771917782918,-0.45496153125214195,0.17570944905627542,0.8219034219788064,0.10312717477886432,-0.6448229077275005,-0.3894727915302637,-0.8407441605921546,-0.4672192034095608,0.5116735208168925,0.07504420688210064,0.8920981187955849,-0.9631300683263648,0.5422285559618714,0.49601296425454444,-0.2282104686119618,-0.7450968244960325,0.6617325378858459,0.3649214631951357,-0.2162567904891067,-0.6942337377725627,0.8501195034835898,-0.5870631527432224,1.1170348569421813,0.6459077180227537,0.42255436228809234,0.369475306354141,0.1925309252987067,-0.9057003684649827,0.19163658896267372,0.8390224604650304,-1.2657569518418137,0.17556866175932961,-0.15995900753032033,-0.34953214333565286,-0.05693296304182743,-1.1819305010331826,-0.6345596564424879,-0.14027227821290403,-1.7690913755386453,-0.9529872826983343,0.37662454705351295,-0.5782248046452986
0.36086027748918437,0.14493063752802082,0.982098367302102,-0.25163437963153684,0.25923875012808606,-0.30510612904393186,-0.21149875453420472,0.3877420719690816,-0.16407450616320715,-0.330043364890081,-0.34074684722272314,0.7562592513218798,0.15887140666686056,0.04413272844831251,0.29362619295117326,-0.18227716845393094,0.3850873979409195,0.0737104924635338,0.36837913974813397,0.11311574455312329,0.5847957401918665,0.07607810447188575,-0.9427178766067905,-0.018216043792692094,-0.760157538507096,0.36371828030237124,-0.3497132645727901,-0.06934453801720593,-0.1661198904237901,0.07646346509749394,-0.22760176685528888,-0.2482129130757265,0.5028672428947568,0.537524899058479,-0.4366281092615654,0.5816241286508054,-0.7882596270903808,0.15642719801042104,0.06776649858336573,0.01663997008365928,0.33391930921002316,0.9925353871682778,-0.2094890692299067,-0.998246452580437,1.012658539206818,-0.13388203636090004,-0.19875463443525535,0.28975435257208865,-0.08727759149345754,0.4726037981262435,0.6339508290597662,0.08194373798944306,0.832281521742048,0.1021341918012832,-0.6086973755605781,0.9114709187756241
0.4176462571020226,0.5109829287423441,-2.726929459438347,-0.3151525810924576,-0.30510612904393186,1.7048528081402217,-0.4774889695001728,-2.4849272625698764,0.8534897282062028,1.6946885324028163,-1.325386105611854,-0.337195018793029,1.1089148762714094,-0.49026001791352275,0.1659026581268242,0.5622937590973278,-2.578354193736112,-0.7276537844677339,-0.11048191650945821,0.18697562266509135,-0.5706398102704049,0.3809758963202659,2.6065369545096586,0.19902302248479367,0.9349093118199501,0.5783722565313025,0.6491809909802916,-0.38594261536979496,1.2722980273667803,1.1373579311529973,-0.820651022859502,0.14880838877059555,-1.4624960327442722,-1.2212785781842517,-0.08687467324887559,-0.6905075058862256,0.8562866005605294,-1.5142676102027106,-1.2391092041671907,-1.0295532055345655,-1.5711039119911476,-1.7786210765476362,0.19016161138401563,1.9453671389185607,-1.4708409729419938,0.3092182414657383,1.466049874911549,-0.6917122096953661,0.7082932894654117,1.1219148943061505,-1.0618705532175863,0.2610814263889205,0.1925132699138298,1.405960873709686,1.3888189056449234,-2.2891052860649914
-0.9280421204842467,-0.6060728463316545,0.3860589256407382,0.5399636152583822,-0.21149875453420472,-0.4774889695001728,0.8172136917696243,0.9798355077151137,-0.3655306404582717,-0.6686023857258291,1.5153334071058664,-1.0714870025675354,-1.1334910352359442,0.24729037101150095,-0.8339082371669642,-0.055786911293596426,1.1069135912452082,0.6061106809264364,-0.44170521575809196,-0.2918940627974549,-0.7206012444225698,-0.21660804244457474,-0.34127915784826446,-0.3335040690349483,0.6133728791623981,-0.8898567367726021,0.019248592823887665,0.41349629535094723,-0.6536440666204586,-0.9589331070871758,1.2474854995268223,0.37838906588607385,0.18222235241452617,0.1762780992269819,0.8890508857923471,-0.6033197479461397,0.7194351747230374,0.6658762428731992,0.7688407440033768,0.7693542715002728,0.5893314154506568,-0.3007489351412991,0.47298683279311,0.30579585003835374,-0.5837099660802594,0.17316787965955632,-1.0969331218844405,0.16445740078834997,-0.43688645441550694,-1.6473466777093382,-0.30782406047370064,-0.5327141948611007,-1.467654761711425,-1.1325449456966434,0.22410990050489932,0.09477669299045603
-0.8042936214687049,-0.9136033051382199,4.233009845511737,0.4853423223383254,0.3877420719690816,-2.4849272625698764,0.9798355077151137,3.828702723279665,-1.38296032007837,-2.647171094940276,2.296207261815978,0.24692115171794926,-1.9184786495320438,0.7882126634505233,-0.592051576565429,-0.8777765306809093,4.013520959067094,1.3963414161286671,0.12360099460222744,-0.28196517913938357,0.6074796215190754,-0.4911485824955562,-4.026479558086626,-0.5417619986404123,-1.2420616842799699,-0.8908922240758215,-1.0464343787980468,0.6349252070713983,-2.090620221902796,-1.9315520454785746,1.763564775899974,-0.11120950217995795,2.218498781297415,2.096235492584777,0.36385944898941874,0.7945475735901314,-1.1257366546888923,2.2160222507468004,1.9885253502569937,1.7165253589417961,2.4777775251662013,2.6635100893862904,0.03081447258056903,-2.815330037663074,2.121878314769414,-0.2894857634103926,-2.739753557309772,1.2558441245210012,-1.2294432465608733,-2.05126882273958,1.508389853322985,-0.708588009666897,-0.4830558984594173,-2.2745323961207045,-1.8674820580679545,3.4044224949424877
0.22103139180990672,0.3296940672882066,-1.7010660167188694,-0.12232765365139589,-0.16407450616320715,0.8534897282062028,-0.3655306404582717,-1.38296032007837,0.5498544359251276,0.9406743356260328,-0.7703728588607797,-0.17795473500327383,0.6560459961720819,-0.28721268531279076,0.24096274262762954,0.3601000920004917,-1.5119407123701802,-0.6120011386643313,-0.10989340619232611,0.05416497536589342,-0.23957228981934456,0.1262224737781746,1.6097150393246744,0.2799096194234056,0.533672735244946,0.1471074031996841,0.4265336118105547,-0.2238315176838671,0.8068327213618216,0.7237601295649211,-0.7711219710464596,0.06904261236722636,-0.8684049380581796,-0.9459949996631462,-0.0868193045372951,-0.32056175559728145,0.49148791182399437,-0.709541989389587,-0.6904813247997396,-0.5958603297255368,-0.9421062605275128,-1.1483059941562332,-0.10611821207199452,1.1379161701624496,-0.904205023247907,0.017665555166758915,1.1867759557278603,-0.6084477324243563,0.48569140806322986,0.6387457844148164,-0.6189367117593405,0.363939564306112,-0.0028668567875007726,0.7678409774451417,0.667210366963213,-1.311905499502597
0.5307292007816521,0.5480477277628991,-3.106118589979684,-0.10553728099611684,-0.330043364890081,1.6946885324028163,-0.6686023857258291,-2.647171094940276,0.9406743356260328,2.0589987343640193,-1.504158680579636,-0.32624412754240656,1.3883194805843524,-0.5465355400935235,0.46453216309237294,0.5913311006635077,-2.5797131244414793,-0.991846175832768,-0.24502089920880452,0.1773207526297653,-0.5523174588598478,0.16638061202968543,2.9510037206244872,0.46023988731954873,1.0385513199858414,0.6674778318369194,0.9695957584680021,-0.36778875809261624,1.4338952569010104,1.1964611027888306,-1.0956737252159499,0.06817801935223047,-1.5973185351093004,-1.5859991311644934,-0.20195936454771482,-0.6010861828427911,1.0145465358028396,-1.5594914985679234,-1.4627766625965322,-1.3266404760997526,-1.7545274760149383,-1.987357119621297,0.010434287497298187,2.128330180862386,-1.7796988102440336,0.32511215162972434,1.9632814361382476,-0.8596491772616203,0.9046686433470859,1.507698158137886,-1.1879505579708245,0.4412338472024874,0.16831587813988785,1.527961793155806,1.3895548800215516,-2.6064936233524736
-1.864461871444194,-1.2072652544813822,0.960975241503786,1.2365997201579273,-0.34074684722272314,-1.325386105611854,1.5153334071058664,2.296207261815978,-0.7703728588607797,-1.504158680579636,3.0923348287433443,-1.9988317108196971,-2.288346357176118,0.5243524891930232,-1.4126191777508712,-0.1347417910195607,2.5644870894580034,1.0282110739088983,-0.9126028814357637,-0.6661313047722467,-1.2212956141516473,-0.6380227866911247,-0.8840468353330456,-0.4403874535136129,1.046370902626338,-1.9815359476360188,0.08848934435892086,0.8979459448725939,-1.3434965029319956,-1.9625205016121348,2.1730401096414065,0.6738711978612055,0.5262067552121455,0.1668209545893801,1.6783633840747245,-0.9441853765009811,1.3064538269243373,1.7075189559967725,1.6503664541491874,1.572594698116913,1.3184932527658955,-0.46009149403729943,0.6250251963329346,0.3348066901572107,-1.039892323412946,0.14866936028601924,-1.887855864126793,0.1592953485127725,-0.8190825534611905,-3.262284946874669,-0.46023352838373427,-0.8022368099808689,-3.0189744799277385,-2.4429442008596287,0.07701524008481557,0.483351333864197
1.6779681776004338,0.7718694497722398,2.3266450204873586,-1.2017290690709295,0.7562592513218798,-0.337195018793029,-1.0714870025675354,0.24692115171794926,-0.17795473500327383,-0.32624412754240656,-1.9988317108196971,2.7263103111508467,1.268421095710831,-0.01348597533754174,1.2332894432722499,-0.5470244278312336,0.04869924072305892,-0.0927792823018841,1.2874838427024915,0.6131707307018864,2.023640277385231,0.4515374452673958,-2.247440626017659,0.05180782058487459,-2.361827225445844,1.7759986621923267,-1.0259175432408727,-0.60980824217089,-0.04159922788792264,0.8847777695255064,-1.2290365513490433,-0.9239914634820263,1.173908504228874,1.5791691049530234,-1.793351003275954,1.8215295840772585,-2.5985621054682393,-0.3440882509632405,-0.4235197090925583,-0.5303433355799814,0.3993648505187306,2.812479807257802,-0.7117508764554932,-2.761741010561847,3.1079775715202653,-0.4060219216850449,0.024799681672987784,0.8676632909027027,-0.008060674667069383,2.381633048439245,1.8401879287360106,0.38582942534718584,3.429340377453282,1.2063601310471892,-1.609037992634803,2.230995462851977
1.3424810660816655,0.8684176828270896,-1.158186476615189,-0.7815715432938312,0.15887140666686056,1.1089148762714094,-1.1334910352359442,-1.9184786495320438,0.6560459961720819,1.3883194805843524,-2.288346357176118,1.268421095710831,1.7831808032400276,-0.4258629709600303,1.0637175346653798,0.1559795396292816,-2.0493429279272064,-0.8664096752656282,0.5226129524803873,0.47595452033219254,0.7309433226918534,0.38469022917961865,1.0768434169678636,0.412335725823006,-0.5041456033509002,1.449885401009016,0.15926511128003884,-0.6545279460152044,1.1098426001015558,1.463170671999318,-1.6140915006937948,-0.4606297836505155,-0.6016231442867629,-0.38694491354513816,-1.1675107815766317,0.5465775920819432,-0.6746336794408775,-1.3877429748619952,-1.3582527211296154,-1.3089383151041167,-1.16504454525753,-0.028761948920310677,-0.43790044394324884,0.132883347667261,0.35203658050067715,-0.03719587589446177,1.6196055740406141,-0.23332228181055356,0.7051574931222717,2.459635653950413,0.09699710188670053,0.6070513979991721,2.029297896694019,1.8656176416415187,0.157703670567386,-0.7799595785712498
-0.19115870350720007,-0.2193833501296787,0.8471730681216252,0.07802771917782918,0.04413272844831251,-0.49026001791352275,0.24729037101150095,0.7882126634505233,-0.28721268531279076,-0.5465355400935235,0.5243524891930232,-0.01348597533754174,-0.4258629709600303,0.1820681842601533,-0.18779931722236645,-0.20347435848751488,0.7870377664598068,0.33060882435727684,-4.004087822590748e-4,-0.04464874029848758,0.08433419412239006,-0.08444145904742832,-0.8034284423916623,-0.15054778070752903,-0.19175478390149753,-0.19090545304236992,-0.23267719257175457,0.10575934075902624,-0.45913101491670616,-0.42058791680982155,0.45624937921337294,-0.0029989439259208548,0.43808966695662943,0.4853879187938076,0.11112028124106382,0.09067206154189805,-0.1902740576032263,0.4047002191082215,0.4218723333595769,0.3753750514496677,0.49711984349141025,0.4913619063296282,0.06100197061110117,-0.5129536842436253,0.3941694913437174,-0.04782168057606706,-0.6326630152601906,0.2990559526327335,-0.28546020925539745,-0.5086138918603135,0.26745753441019654,-0.20631669310770634,-0.1270409927949143,-0.4729388985239313,-0.32600037305113216,0.650607855471157
0.9429439306738953,0.5658788854213129,0.0526001738664688,-0.45496153125214195,0.29362619295117326,0.1659026581268242,-0.8339082371669642,-0.592051576565429,0.24096274262762954,0.46453216309237294,-1.4126191777508712,1.2332894432722499,1.0637175346653798,-0.18779931722236645,0.9463161612237302,-0.03427044694335843,-0.6503429904940342,-0.5749812931939591,0.47271563616211026,0.26750299343084105,0.8937547429230596,0.10345774960341325,-0.0848426696732755,0.3865053043859142,-0.8372572880632696,0.8625309972781023,-0.06827239436625777,-0.3491132492574381,0.49146051444582256,0.8155319514067911,-1.2595572735734741,-0.4570947453935369,0.07248208118871446,-0.04546344357775499,-0.9682319520151177,0.8274296429670671,-0.9149491923131423,-0.4013850904633846,-0.6304057636800373,-0.693221874531899,-0.3510522392229539,0.6513905792898058,-0.5985620056107258,-0.6950282843447726,0.8588871291068951,-0.24071121071707138,1.0095360966723863,-0.08770162504408925,0.3818303948102742,1.660774818744106,0.525581841309533,0.5741773332714343,1.5338622335914271,0.9578750269164243,-0.5313602258568815,0.2959370144929934
-0.1766934130833218,0.09796779859232588,-1.404367352734679,0.17570944905627542,-0.18227716845393094,0.5622937590973278,-0.055786911293596426,-0.8777765306809093,0.3601000920004917,0.5913311006635077,-0.1347417910195607,-0.5470244278312336,0.1559795396292816,-0.20347435848751488,-0.03427044694335843,0.37301390446049776,-0.8586735604594826,-0.38572112636819683,-0.2558554676597269,-0.11459534503539806,-0.49446384424665096,-0.003577280088564721,1.3378914807787048,0.18275014660689598,0.6723806844457623,-0.2623356244712271,0.4510770545065616,0.03589480545755609,0.5291968734852426,0.29300875640884627,-0.3412997840817284,0.20817260408916216,-0.7135951959097883,-0.9350053108633912,0.26444703964508065,-0.4462582095619073,0.7290574648099195,-0.26655245710402137,-0.32439425731714483,-0.25019654771385547,-0.6019615176338666,-1.1270543300406213,0.018030929837810124,1.1037352059344354,-1.0547782552903062,0.07920134371856218,0.7523462015057367,-0.5902943770800582,0.3265090161384481,0.012061166899919583,-0.652133826400581,0.2193435071799327,-0.641604220239017,0.21507830617581378,0.6335028479426661,-1.1142383701558036
-0.9486377601933723,-1.0527926061729982,4.335471623345624,0.8219034219788064,0.3850873979409195,-2.578354193736112,1.1069135912452082,4.013520959067094,-1.5119407123701802,-2.5797131244414793,2.5644870894580034,0.04869924072305892,-2.0493429279272064,0.7870377664598068,-0.6503429904940342,-0.8586735604594826,4.561211166857295,1.5256126539366925,0.0014686456259899957,-0.3645819731764887,0.3842903464235044,-0.6630974219479334,-4.117376060146994,-0.5532443170984985,-1.136608172114622,-0.895499058510719,-0.8257611418850418,0.863569496554872,-2.216365562900562,-2.2474544328851653,2.0919927096499076,-0.07616085988160606,2.2795211502492005,2.038250326797837,0.5311636805289873,0.7715040780853283,-0.8857035827834077,2.381163713049064,2.037356455794107,1.7143779968107606,2.6438697473460078,2.730647262705056,0.16161874339923674,-2.8018512050111073,1.8950198408888448,-0.06303641756628671,-2.9800099793845662,1.3314467675558246,-1.2444598397916866,-2.092382607130506,1.4489347177685574,-0.8480696518151564,-0.7929697910559322,-2.526619068719266,-1.8072288824592486,3.357660708740693
-0.379992916868852,-0.4583820592988679,1.727868472130713,0.10312717477886432,0.0737104924635338,-0.7276537844677339,0.6061106809264364,1.3963414161286671,-0.6120011386643313,-0.991846175832768,1.0282110739088983,-0.0927792823018841,-0.8664096752656282,0.33060882435727684,-0.5749812931939591,-0.38572112636819683,1.5256126539366925,0.8776933644466896,0.05772513140247917,-0.04255615495478586,-0.011835488760371528,-0.0314423411064664,-1.6173045718467682,-0.5081244271520016,-0.33186283038791425,-0.1635700283410426,-0.48858421701842264,0.24214653477347511,-0.941509703272832,-0.8919675501896268,1.255751344377557,0.045711910671859826,0.8338207248453151,1.1690039438417805,0.3085892075334813,0.04599335400788419,-0.3086808075177089,0.5880263711944468,0.7771048816250931,0.7336986736323847,0.9907151141566028,1.0531790265997218,0.4141635394058874,-0.9513749478641684,0.767096602550065,0.1413077465865329,-1.647155199994474,0.7952078225126743,-0.62963630764245615,-0.9865271199316321,0.4899741522897447,-0.6613676826684861,-0.17718856660547935,-0.8716999680046256,-0.40668812513030383,1.1938938783623845
0.7667296559714861,0.36195884709955395,1.211959530894261,-0.6448229077275005,0.36837913974813397,-0.11048191650945821,-0.44170521575809196,0.12360099460222744,-0.10989340619232611,-0.24502089920880452,-0.9126028814357637,1.2874838427024915,0.5226129524803873,-4.004087822590748e-4,0.47271563616211026,-0.2558554676597269,0.0014686456259899957,0.05772513140247917,0.6662107145964118,0.29935167326256373,0.9294432498874479,0.30524222877678847,-1.16095352398933,-0.08125879115527662,-1.1487087071854976,0.8483821573173759,-0.5860919690730654,-0.2896320871555198,-0.059599171326828855,0.4068915402715669,-0.4709412554752077,-0.4061828849944175,0.5857246470978931,0.8753781498699622,-0.8080138129645528,0.823365026817298,-1.273946777065904,-0.1816790939032037,-0.14850746048904281,-0.16857179017180343,0.23815314069069327,1.4065107785901754,-0.24683998436485508,-1.354115192745956,1.5670404754518579,-0.16514685925433503,-0.17894983842702858,0.47980219527323636,-0.0643027642133979,1.0332248452102883,0.9059899113590476,0.10284211626279174,1.6507574872642834,0.5546559756127228,-0.7280522214697559,1.1356083460857977
0.4976263701173841,0.2302485859925374,0.24284612242653966,-0.3894727915302637,0.11311574455312329,0.18697562266509135,-0.2918940627974549,-0.28196517913938357,0.05416497536589342,0.1773207526297653,-0.6661313047722467,0.6131707307018864,0.47595452033219254,-0.04464874029848758,0.26750299343084105,-0.11459534503539806,-0.3645819731764887,-0.04255615495478586,0.29935167326256373,0.22329498387567429,0.40539855317610857,0.19345115339434688,-0.2343749489974533,-0.024201466768727455,-0.4266773664691885,0.6082121688754107,-0.19782101065776855,-0.24985167164471161,0.11279883800581252,0.3466449236795662,-0.27206154247937436,-0.21199967835280248,0.099573894632453,0.36860188989583476,-0.4567755740381939,0.301963065183976,-0.5277856879292098,-0.40435203921949264,-0.29058246039154045,-0.2818665787094088,-0.12132785815009271,0.4715084512127783,-0.06353819950652505,-0.3994220096640557,0.5831934612575408,-0.013488299636370223,0.07384799808565744,0.23779678361962706,0.04764157888808336,0.7267668109194861,0.2962889482549921,0.023450459030306126,0.9545195792694624,0.5294405098930064,-0.1489207055548154,0.20995587497420234
1.1338067002941195,0.4812049111824408,2.0735360941510788,-0.8407441605921546,0.5847957401918665,-0.5706398102704049,-0.7206012444225698,0.6074796215190754,-0.23957228981934456,-0.5523174588598478,-1.2212956141516473,2.023640277385231,0.7309433226918534,0.08433419412239006,0.8937547429230596,-0.49446384424665096,0.3842903464235044,-0.011835488760371528,0.9294432498874479,0.40539855317610857,1.6045189518402354,0.2482095496278968,-2.004704335301375,0.05226196781658679,-1.8486143972535611,1.102411888706471,-0.8661151445714491,-0.414228242911861,-0.22061744921407594,0.4956369445471188,-0.855142881661931,-0.694725363173816,1.0721553748270394,1.2869167954182927,-1.296589190656331,1.4294867431551213,-2.029867283329913,0.030382948074933126,-0.08221342068572297,-0.1947269768747069,0.5162224931782656,2.2473165547558485,-0.6210392010112906,-2.288822812046084,2.4780391569046047,-0.43309317997412394,-0.1020781813691091,0.6731720872206621,-0.11225289039728038,1.477602180371113,1.4930543527102618,0.3061164695315881,2.416053993546323,0.6387207020515099,-1.4334067424055303,1.9893752545837877
0.3894864456637954,0.25640103300690503,6.735506272587313e-4,-0.4672192034095608,0.07607810447188575,0.3809758963202659,-0.21660804244457474,-0.4911485824955562,0.1262224737781746,0.16638061202968543,-0.6380227866911247,0.4515374452673958,0.38469022917961865,-0.08444145904742832,0.10345774960341325,-0.003577280088564721,-0.6630974219479334,-0.0314423411064664,0.30524222877678847,0.19345115339434688,0.2482095496278968,0.3267224819086024,0.008107445226877275,-0.10936868975780367,-0.2819584810512897,0.48059938642646677,-0.23876743089288335,-0.2514303476210794,0.2058797921266278,0.42850569174598263,-0.26258138957173743,-0.10409080764614237,-0.0552842003953826,0.2676778245197171,-0.3250745145071362,0.12434546155568395,-0.3991030088881956,-0.4691368048206871,-0.2736679170607736,-0.20013659833904343,-0.21981012901755162,0.23648910641182164,0.031940740267628366,-0.1586646844193466,0.4374058162994876,-0.006589786458764168,0.05480548703432498,0.13295049179217217,0.05034973337133553,0.5405485513409091,0.167671585433215,0.008775667371426757,0.7834204588809869,0.5470597748414469,0.04324933761679173,0.03682075805315535
-0.43199995563720656,0.3970581829766001,-6.225798281547855,0.5116735208168925,-0.9427178766067905,2.6065369545096586,-0.34127915784826446,-4.026479558086626,1.6097150393246744,2.9510037206244872,-0.8840468353330456,-2.247440626017659,1.0768434169678636,-0.8034284423916623,-0.0848426696732755,1.3378914807787048,-4.117376060146994,-1.6173045718467682,-1.16095352398933,-0.2343749489974533,-2.004704335301375,0.008107445226877275,5.928374151654021,0.7532502605546867,3.0196195120558014,-0.6113708344157244,1.9466738153271137,-0.18324232697903944,2.2601710283752725,1.3854593603287004,-1.269752039267848,0.759336548526731,-3.167881904681568,-3.6430333733968507,0.8924066252144749,-2.043363320997178,3.0961085269773045,-1.8077629772785966,-1.7135080467374528,-1.4057358736630319,-2.880625285857572,-4.958939753616435,0.21233799175878337,4.9469345735187735,-4.5761189605130665,0.4127260328181547,3.2447148649903705,-2.187108070368587,1.378283568014121,0.37669103604773624,-2.920963898387237,0.7142814237824331,-2.1933823382927082,1.3802000621483141,2.9229454562003303,-5.14785203827013
0.16115193013483026,0.20284376747596589,-0.816024023312305,0.07504420688210064,-0.018216043792692094,0.19902302248479367,-0.3335040690349483,-0.5417619986404123,0.2799096194234056,0.46023988731954873,-0.4403874535136129,0.05180782058487459,0.412335725823006,-0.15054778070752903,0.3865053043859142,0.18275014660689598,-0.5532443170984985,-0.5081244271520016,-0.08125879115527662,-0.024201466768727455,0.05226196781658679,-0.10936868975780367,0.7532502605546867,0.3587607719442458,0.13932883152244271,-0.010114066721015221,0.3175971643051642,-0.0654977407084679,0.4425113523381577,0.3794447390865292,-0.7104724218244236,-0.04978253751366278,-0.360570315555416,-0.6909569558041421,-0.1639566431491077,0.06263499490645297,0.16404413017739441,-0.12705671583184341,-0.3453492899404352,-0.3659683174135629,-0.43283115437571457,-0.5037160900132568,-0.3231371445146973,0.40501065715499285,-0.4088802682748962,-0.12031530988039693,0.9422338514441498,-0.4657687096324822,0.3413823623604441,0.49281461459875736,-0.21684591138287296,0.41962826632893063,-0.013000452148506952,0.32846577375412744,0.07676577622559594,-0.5256673610155689
-1.1696372819049394,-0.4096906696312729,-3.1476327537302873,0.8920981187955849,-0.760157538507096,0.9349093118199501,0.6133728791623981,-1.2420616842799699,0.533672735244946,1.0385513199858414,1.046370902626338,-2.361827225445844,-0.5041456033509002,-0.19175478390149753,-0.8372572880632696,0.6723806844457623,-1.136608172114622,-0.33186283038791425,-1.1487087071854976,-0.4266773664691885,-1.8486143972535611,-0.2819584810512897,3.0196195120558014,0.13932883152244271,2.350064302156851,-1.2356159982135408,1.1787898830710237,0.31637150945777837,0.6026299376335882,-0.21879846929411512,0.5357454719091642,0.7886309837360769,-1.5987472002655843,-1.9090367861349733,1.3829981660174024,-1.744942760866026,2.5052099913887727,-0.3375325658515401,-0.2084687523827416,-0.05946683896486809,-1.0362849253882147,-3.1249425637988804,0.5633281500236259,3.1147292769061745,-3.2263384330241247,0.4056261981094928,0.7848254249015416,-1.0688378078145837,0.3527840534333053,-1.413645128649939,-1.9776390277576488,-0.1217225195025055,-2.7370908914910674,-0.37618039629228994,1.8531091114312446,-2.8450807565640956
1.4545793111380076,0.6812885492277173,0.6343845160135464,-0.9631300683263648,0.36371828030237124,0.5783722565313025,-0.8898567367726021,-0.8908922240758215,0.1471074031996841,0.6674778318369194,-1.9815359476360188,1.7759986621923267,1.449885401009016,-0.19090545304236992,0.8625309972781023,-0.2623356244712271,-0.895499058510719,-0.1635700283410426,0.8483821573173759,0.6082121688754107,1.102411888706471,0.48059938642646677,-0.6113708344157244,-0.010114066721015221,-1.2356159982135408,1.839917656882132,-0.40224580009459665,-0.6051398698218174,0.38676468961051713,0.9612976074260491,-0.8120344522403883,-0.6269465559348725,0.26034163769401486,0.9051390213843789,-1.318123024919464,0.938105526361376,-1.4354132753871929,-1.1315335250798615,-0.9270252533889036,-0.9285656405997823,-0.3526000399984163,1.395199130757072,-0.1830402167469962,-1.1432323773680386,1.5698044731642649,0.08176166821567529,0.27991042069331395,0.64159654893398,0.22290339207823656,2.313286867603105,0.8374036205029827,0.0980772507686688,2.7040381731813636,1.525860238358484,-0.40398332584794727,0.5227469365529633
-0.36375355314679364,-0.04062382613685921,-2.0466968891028126,0.5422285559618714,-0.3497132645727901,0.6491809909802916,0.019248592823887665,-1.0464343787980468,0.4265336118105547,0.9695957584680021,0.08848934435892086,-1.0259175432408727,0.15926511128003884,-0.23267719257175457,-0.06827239436625777,0.4510770545065616,-0.8257611418850418,-0.48858421701842264,-0.5860919690730654,-0.19782101065776855,-0.8661151445714491,-0.23876743089288335,1.9466738153271137,0.3175971643051642,1.1787898830710237,-0.40224580009459665,0.8771797770552973,0.15052740145576815,0.6139873913650017,0.13454211456625612,-0.1836633662731663,0.3021669511431142,-1.0067283061082168,-1.3772482648006708,0.4971183779515448,-0.7304120205419333,1.3184293429036305,-0.3262570976067205,-0.4468962888243905,-0.40859342976351926,-0.8000240773595205,-1.7310848105221068,0.0964532876151371,1.7266948860416433,-1.832998851491265,0.24058070294143444,0.9890884453626273,-0.7595935563435687,0.4449396995674102,-0.09082881436729436,-1.0767833373750595,0.18605855769404492,-1.2032136059793153,0.1181574109690634,0.972009425917763,-1.7690518123802832
-0.5752552135544228,-0.3400228318218026,0.20319800836726057,0.49601296425454444,-0.06934453801720593,-0.38594261536979496,0.41349629535094723,0.6349252070713983,-0.2238315176838671,-0.36778875809261624,0.8979459448725939,-0.60980824217089,-0.6545279460152044,0.10575934075902624,-0.3491132492574381,0.03589480545755609,0.863569496554872,0.24214653477347511,-0.2896320871555198,-0.24985167164471161,-0.414228242911861,-0.2514303476210794,-0.18324232697903944,-0.0654977407084679,0.31637150945777837,-0.6051398698218174,0.15052740145576815,0.36641075956734664,-0.33601294002407583,-0.5994855801768191,0.5660121588925572,0.20327502344572332,0.12375867192062442,-0.13373933012441702,0.5165148314722537,-0.23112661956977543,0.46703949507359516,0.5887001312655983,0.4533344729826167,0.4128307176926692,0.3885239175336008,-0.153891643583499,0.14987644804721242,0.12290757522281788,-0.41227843823401034,0.09522314522844792,-0.45572771099829307,-0.048990990536623515,-0.1694182619225053,-0.8606880353746839,-0.15774153976045124,-0.16800333576833354,-1.004570912203645,-0.7592328062781941,0.02258690195796952,0.08956596142018099
0.4680909758733136,0.5677065749619983,-2.388768203039409,-0.2282104686119618,-0.1661198904237901,1.2722980273667803,-0.6536440666204586,-2.090620221902796,0.8068327213618216,1.4338952569010104,-1.3434965029319956,-0.04159922788792264,1.1098426001015558,-0.45913101491670616,0.49146051444582256,0.5291968734852426,-2.216365562900562,-0.941509703272832,-0.059599171326828855,0.11279883800581252,-0.22061744921407594,0.2058797921266278,2.2601710283752725,0.4425113523381577,0.6026299376335882,0.38676468961051713,0.6139873913650017,-0.33601294002407583,1.235969225447378,1.15050804969951,-1.2759310554774856,0.02639344375079614,-1.220504983934054,-1.3579432671459328,-0.27405275487540864,-0.3077841493413389,0.5582561587151311,-1.0754593754834962,-1.098002402323988,-0.971397382126074,-1.3833091393133647,-1.4821512383614475,-0.21609378323707693,1.4854856044681037,-1.141239559390534,0.03536726323927668,1.8072153733922949,-0.8685079903588783,0.7611715511700883,1.2233565352143076,-0.7831258637700544,0.5959576250130466,0.24626220427888473,1.2482094621380762,0.8785482580544343,-1.8111255001838213
1.0180749799439284,0.8073203541520304,-1.4778552773167235,-0.7450968244960325,0.07646346509749394,1.1373579311529973,-0.9589331070871758,-1.9315520454785746,0.7237601295649211,1.1964611027888306,-1.9625205016121348,0.8847777695255064,1.463170671999318,-0.42058791680982155,0.8155319514067911,0.29300875640884627,-2.2474544328851653,-0.8919675501896268,0.4068915402715669,0.3466449236795662,0.4956369445471188,0.42850569174598263,1.3854593603287004,0.3794447390865292,-0.21879846929411512,0.9612976074260491,0.13454211456625612,-0.5994855801768191,1.15050804969951,1.4441125203088843,-1.6031188539252328,-0.27304597168241884,-0.774229684865621,-0.656363680530124,-0.8692978887389681,0.2670624441970218,-0.39528197617859395,-1.214619946715156,-1.1657385645522773,-1.0541419598405661,-1.207030977018506,-0.4846463946278086,-0.41285274219213697,0.4989534792122027,0.028543381264991938,-0.1465842618378264,1.6696923868986566,-0.4961938021110593,0.6778268923269432,1.8772024737324127,-0.12263766745840599,0.6618286944503371,1.4566650738100997,1.6400498170812197,0.32023493279877746,-0.9549890404534845
-1.1426944520038176,-0.9573851990503858,1.3861605463775433,0.6617325378858459,-0.22760176685528888,-0.820651022859502,1.2474854995268223,1.763564775899974,-0.7711219710464596,-1.0956737252159499,2.1730401096414065,-1.2290365513490433,-1.6140915006937948,0.45624937921337294,-1.2595572735734741,-0.3412997840817284,2.0919927096499076,1.255751344377557,-0.4709412554752077,-0.27206154247937436,-0.855142881661931,-0.26258138957173743,-1.269752039267848,-0.7104724218244236,0.5357454719091642,-0.8120344522403883,-0.1836633662731663,0.5660121588925572,-1.2759310554774856,-1.6031188539252328,2.2956050451323016,0.40936895720162636,0.648525709540305,0.993951580503928,1.1214265929079643,-0.6859843877690132,0.6691401125020986,0.8399808327714964,1.1518245335752793,1.1212042922157053,1.1581370489561666,0.3026927161342228,0.9000026485748477,-0.14310242700652387,-0.2699168935516764,0.43434034234665,-2.279815356337437,0.8097483878613395,-0.8446709914562263,-2.195700620801615,-0.10746147799173315,-1.120874242492256,-1.560246697770364,-1.620068347361944,0.1512838848708203,0.6340313165275254
-0.5842866553696925,-0.2453226949561446,-0.783483869492639,0.3649214631951357,-0.2482129130757265,0.14880838877059555,0.37838906588607385,-0.11120950217995795,0.06904261236722636,0.06817801935223047,0.6738711978612055,-0.9239914634820263,-0.4606297836505155,-0.0029989439259208548,-0.4570947453935369,0.20817260408916216,-0.07616085988160606,0.045711910671859826,-0.4061828849944175,-0.21199967835280248,-0.694725363173816,-0.10409080764614237,0.759336548526731,-0.04978253751366278,0.7886309837360769,-0.6269465559348725,0.3021669511431142,0.20327502344572332,0.02639344375079614,-0.27304597168241884,0.40936895720162636,0.33305340251490007,-0.40598725684037684,-0.5249067335855088,0.625773499944168,-0.6341115606622112,0.8620546833313135,0.11861859164714302,0.16330824023305157,0.21816955382214392,-0.13375986929923375,-0.9525371021667272,0.2574237221268237,0.9348774809991053,-1.0212421942989374,0.1276864048924087,-0.038858830531331816,-0.30696840737417136,-0.007746787639752393,-0.8492495866224505,-0.6155060620014384,-0.13126788712465876,-1.1646208969046346,-0.4065436553804146,0.5599545584892227,-0.7338960847432748
0.1988632349307696,-0.2297771126463074,3.3237861694112345,-0.2162567904891067,0.5028672428947568,-1.4624960327442722,0.18222235241452617,2.218498781297415,-0.8684049380581796,-1.5973185351093004,0.5262067552121455,1.173908504228874,-0.6016231442867629,0.43808966695662943,0.07248208118871446,-0.7135951959097883,2.2795211502492005,0.8338207248453151,0.5857246470978931,0.099573894632453,1.0721553748270394,-0.0552842003953826,-3.167881904681568,-0.360570315555416,-1.5987472002655843,0.26034163769401486,-1.0067283061082168,0.12375867192062442,-1.220504983934054,-0.774229684865621,0.648525709540305,-0.40598725684037684,1.7058349935429922,1.889058392414518,-0.463959580149606,1.1090476619753267,-1.6278640653265084,1.042769626375488,0.9461265107873625,0.7649665554055725,1.5618390751705278,2.628191832673386,-0.15890607137927196,-2.645760140374368,2.409016814801501,-0.24723258850240587,-1.6829733473243083,1.128271324952487,-0.7278150902101974,-0.23537674433154748,1.5551170869469992,-0.34498816315215247,1.0928535796338363,-0.7968861054570614,-1.6036615064540973,2.7624590646357343
0.5548049606267237,-0.16204925813851043,3.8437632553726266,-0.6942337377725627,0.537524899058479,-1.2212785781842517,0.1762780992269819,2.096235492584777,-0.9459949996631462,-1.5859991311644934,0.1668209545893801,1.5791691049530234,-0.38694491354513816,0.4853879187938076,-0.04546344357775499,-0.9350053108633912,2.038250326797837,1.1690039438417805,0.8753781498699622,0.36860188989583476,1.2869167954182927,0.2676778245197171,-3.6430333733968507,-0.6909569558041421,-1.9090367861349733,0.9051390213843789,-1.3772482648006708,-0.13373933012441702,-1.3579432671459328,-0.656363680530124,0.993951580503928,-0.5249067335855088,1.889058392414518,2.708621551317006,-0.7252227849654163,1.1651106061716443,-2.0880052535432494,0.5151458725229784,0.8125055557687182,0.6891575757995738,1.5892281602047196,3.184040244562441,0.13425041968856077,-3.020661506201309,3.03829747014932,-0.10456869375124236,-2.278605649784443,1.6986899489522946,-0.9115335473318428,0.08150033743149758,1.8184968220994697,-0.7096112007900132,1.9815088715611315,-0.4033209304224731,-1.5615755612835618,3.0312934283404105
-1.2592480752345148,-0.6408993648461824,-0.9106483151708248,0.8501195034835898,-0.4366281092615654,-0.08687467324887559,0.8890508857923471,0.36385944898941874,-0.0868193045372951,-0.20195936454771482,1.6783633840747245,-1.793351003275954,-1.1675107815766317,0.11112028124106382,-0.9682319520151177,0.26444703964508065,0.5311636805289873,0.3085892075334813,-0.8080138129645528,-0.4567755740381939,-1.296589190656331,-0.3250745145071362,0.8924066252144749,-0.1639566431491077,1.3829981660174024,-1.318123024919464,0.4971183779515448,0.5165148314722537,-0.27405275487540864,-0.8692978887389681,1.1214265929079643,0.625773499944168,-0.463959580149606,-0.7252227849654163,1.2867387619409838,-1.1248431467050641,1.5659478664751674,0.552118216912879,0.5880585466766323,0.6406079578416464,0.1119518192774718,-1.4664353983779124,0.5282515660894087,1.4283076174937486,-1.7412554975511074,0.2570281049793091,-0.4971091839241751,-0.3871903773798704,-0.18950820704642193,-1.9259390392677345,-1.000849382067317,-0.3902998474934045,-2.3694042450886745,-1.1451094354628109,0.8382891286637149,-0.9723605750557544
0.9503823567687214,0.37718638824526646,2.1177623475309284,-0.5870631527432224,0.5816241286508054,-0.6905075058862256,-0.6033197479461397,0.7945475735901314,-0.32056175559728145,-0.6010861828427911,-0.9441853765009811,1.8215295840772585,0.5465775920819432,0.09067206154189805,0.8274296429670671,-0.4462582095619073,0.7715040780853283,0.04599335400788419,0.823365026817298,0.301963065183976,1.4294867431551213,0.12434546155568395,-2.043363320997178,0.06263499490645297,-1.744942760866026,0.938105526361376,-0.7304120205419333,-0.23112661956977543,-0.3077841493413389,0.2670624441970218,-0.6859843877690132,-0.6341115606622112,1.1090476619753267,1.1651106061716443,-1.1248431467050641,1.3953256132064795,-1.8340216344681142,0.2609637973239565,0.0331843416404282,-0.11093375542522807,0.6562207442426207,2.2241456132426864,-0.5777999010794839,-2.25423613034199,2.2895130166362274,-0.344182403962251,-0.22260414006455817,0.6345197221781235,-0.1271000683587899,1.3052079046557112,1.4365156408460045,0.26618782928423207,2.054564052769516,0.3735301141502374,-1.4230600851297643,1.985229391377241
