V1,V2,V3,V4,V5,V6,V7,V8,V9,V10,V11,V12,V13,V14,V15,V16,V17,V18,V19,V20,V21,V22,V23,V24,V25,V26,V27,V28,V29,V30,V31,V32,V33,V34,V35,V36,V37,V38,V39,V40,V41,V42,V43,V44,V45,V46,V47,V48,V49,V50,V51,V52,V53,V54,V55,V56
4.647746345939286,2.5320950154306723,1.281614659796989,-3.3233230133190057,1.2375503267677666,1.8104563944646022,-3.210880895779017,-3.2095169883913344,0.8622055975568051,1.9131838309258131,-6.676818793303073,5.85701751795467,4.7243745005267765,-0.7368825611690667,3.122174954378589,-0.5225692820893435,-3.85419377861974,-1.2869895415614685,2.7917203904959775,1.7843183655717252,3.857132533879054,1.6173821586383716,-1.2861134150464046,0.4121860025558291,-4.024802192462558,5.173623989502618,-1.3916008741132195,-2.0989961161864743,1.7782787551536656,3.778363909701282,-3.9684634092746713,-1.9640844956012518,0.5255638847559491,1.9802795569874898,-4.346817660433609,3.1317257716561113,-4.778273773764203,-3.252683101729932,-2.922409152900178,-2.8782768168262662,-1.4894114411196155,3.8526028086221995,-1.3299595857084283,-3.4334512204304826,4.992458577277391,-0.45090505094610484,2.222223591284417,1.1054423962017208,1.0410033137461194,7.316300836259541,2.6479084793069236,1.1912459498847905,8.454463443244522,5.037207835759018,-1.5770857107007783,1.6150224324831761
2.5320950154306723,1.513837861141794,0.731182785184148,-1.6827300842682007,0.8163224127889985,0.6540110074127573,-1.9922957824116279,-1.533106929096585,0.5454352106785342,0.8564580534785331,-3.746827740883805,3.417680753354203,2.611395461746627,-0.431292230245743,2.08293291799751,-0.19301411750147687,-1.9272951621728387,-1.0647404953880575,1.554977200145528,0.8534818644824445,2.4114722156163984,0.7037564781766742,-0.7644223296928289,0.5508782910326704,-2.4572211195057583,2.4956944172750894,-0.724634970670052,-1.0820005006402151,1.0987995033798916,2.1818853459768848,-2.8711235680694607,-1.1531331688217892,0.3765786891104415,0.6515258695504488,-2.536844823054821,2.084005302986254,-2.789457884008897,-1.3076921260819594,-1.5189045084460888,-1.5494401451410555,-0.7506401642461368,2.167501590639043,-1.210649901452977,-2.162887158638506,2.8830100340318827,-0.5623523267387245,1.8420246398267361,0.20978704648552846,0.7078724496970601,4.125303832000547,1.6229772804202378,1.1334283430767464,4.505411435459,2.6207588239733015,-1.3214686225763117,1.2104405348705758
1.281614659796989,0.731182785184148,0.4406326503452934,-0.8771816787945935,0.40387134646725736,0.32875585472028607,-0.9661378338886647,-0.7559051739403736,0.22354366616662044,0.42250531788118767,-1.8524899558920422,1.7230482082385818,1.2973235907445817,-0.20604972532715926,1.0017812796873378,-0.1266921881435717,-0.9476118100515745,-0.47326716628093574,0.7871113669185918,0.4390364663437224,1.1918112159772938,0.38062191902032044,-0.44059633987728963,0.22794658888693625,-1.2303077347872968,1.306508688967037,-0.37916078410928594,-0.5333524921739625,0.5058751890580219,1.07007928262035,-1.3302049785430243,-0.5809159147004643,0.2192092803355093,0.42139353896059095,-1.2658884459840447,1.0154169426245907,-1.4150220067857444,-0.6963956833827608,-0.7387225925883719,-0.7608725499276644,-0.3528939110739387,1.1442656620677285,-0.5506475319606887,-1.102947110119355,1.4800766577395987,-0.2514378774295016,0.7990111630208273,0.17671754084962715,0.3330580984406507,2.04519972396053,0.8301109302169821,0.5061829855981893,2.298925045250323,1.3192730528383572,-0.64168446674255,0.6176548424557012
-3.3233230133190057,-1.6827300842682007,-0.8771816787945935,2.5798953406241503,-0.7320339694393466,-1.7482655104899874,2.043417379182303,2.598427466418867,-0.5487315238084426,-1.6238560685076604,4.75511192642994,-3.9415533739664195,-3.38614908627167,0.49775271318381353,-1.7930545581246649,0.4846614680799036,2.9986446124392385,0.46308316451084724,-1.9896834107802965,-1.4460804591927925,-2.4250194846602127,-1.4102070317539463,0.8279079387035368,0.13259955170904814,2.5970458039481934,-4.134476084014217,1.0671450377095968,1.5890835578606433,-1.1409227080718578,-2.5753416850083326,2.035044723930882,1.320901222120006,-0.2502290047258749,-1.966935607048891,2.9793428010259633,-1.8414348546354815,3.190033844200955,2.977525784539078,2.2246497425778857,2.104940190226666,1.1818761216633418,-2.69460848656071,0.3250813866103941,2.135766278521522,-3.4260980058412374,-0.0793647916173747,-0.8251703693755301,-1.3009626564546346,-0.5525560093715518,-5.129702590261826,-1.6881558426570784,-0.2637323632196347,-6.204853876435398,-3.8075185295560217,0.5921596053149906,-0.7962845767523626
1.2375503267677666,0.8163224127889985,0.40387134646725736,-0.7320339694393466,0.49953961977490785,0.05256213704654306,-1.134366896521131,-0.5803069919446937,0.28400418665457117,0.2745000362251552,-1.8732669124979724,1.836095210313944,1.2882006001755584,-0.23103694100964275,1.2847935759051294,-0.0347700828983904,-0.8020689584210777,-0.7778991119785927,0.7750499845807737,0.317838346473524,1.3877645081669783,0.2156498616824018,-0.43206286516427883,0.5041372472115195,-1.3797554425129124,0.9846179009124341,-0.3149123698452352,-0.45952078592604845,0.6123276425257583,1.1475919239106491,-1.8794723026465125,-0.623289163164723,0.264821983283255,0.014674619031025758,-1.3473939948297529,1.2710220000506651,-1.4994542201380532,-0.28759049947276216,-0.6580614581914649,-0.7280844880846481,-0.30798043646242323,1.1225971834278687,-0.9424116953920952,-1.2648755934378224,1.5223846510124694,-0.5069667523959195,1.3244043770553757,-0.18106316238559766,0.4572985051127427,2.0884745267499003,0.9289029064521895,0.9018305734749164,2.1159572830700997,1.176985000874371,-0.979399161667287,0.823200996251955
1.8104563944646022,0.6540110074127573,0.32875585472028607,-1.7482655104899874,0.05256213704654306,1.984962661661765,-0.5168286045265407,-2.085631743420928,0.22462884376494208,1.4175965665068575,-2.464417447616789,1.555855460424,1.79673326181722,-0.2214086344018619,-0.024357635332117402,-0.44946097162778803,-2.1508349900729273,0.7194397805020899,1.0657231856375926,1.1449846834738904,0.525513057059838,1.2799052025412776,-0.24877924038359242,-0.9697577227321378,-0.7839070401951713,3.1474085017615243,-0.7312515156662989,-1.0864029371546975,0.362190222937097,1.1144587396897934,0.6563555584073758,-0.4897632474278207,-0.16218854939422095,2.1909161643852504,-1.2186148968777388,0.08154259831800068,-1.245159068627853,-2.920593083326482,-1.5261775936023803,-1.2486684498874945,-0.8502845380193579,1.2827918023459817,1.1491995572521638,-0.4202396266400302,1.4764411883499455,0.9365798637045372,-1.1655705368910894,1.7555549826628523,-0.10192069410016875,2.5613973758534985,0.43867182895268836,-1.1474376840633058,3.70805528308267,2.466539380061115,0.9256258271901475,-0.4032668570223089
-3.210880895779017,-1.9922957824116279,-0.9661378338886647,2.043417379182303,-1.134366896521131,-0.5168286045265407,2.7084415668619792,1.7475714716156538,-0.7054958792287814,-0.9369742296270348,4.794892500323184,-4.50969452735332,-3.3356280950533144,0.5588799112273405,-2.943673805987698,0.19874602984289982,2.300135686960024,1.639603204216806,-1.9707103367578278,-0.9779240495202318,-3.2992771909561553,-0.7420903990233586,1.0171616938539818,-0.9646227254797626,3.2948275753150433,-2.903391034956549,0.8695349810325035,1.3055005779943287,-1.4680269433358917,-2.8551879011249146,4.164439042248065,1.5358482610539903,-0.5638170067396013,-0.498747931101961,3.3497037907272262,-2.9146159593930734,3.6761519627063923,1.29215576843204,1.8316092319849375,1.937351892757443,0.9027706323883434,-2.7962428357048004,1.9256604666087658,2.9554341286963877,-3.7681462449899668,0.9826379055226496,-2.8164381676857597,0.03957910349119779,-1.0180278029153556,-5.296901335379169,-2.197032959465928,-1.8221432462673337,-5.61329286859393,-3.215631201004215,2.0503282039584962,-1.7759444338242663
-3.2095169883913344,-1.533106929096585,-0.7559051739403736,2.598427466418867,-0.5803069919446937,-2.085631743420928,1.7475714716156538,2.788583625474992,-0.5066479970908285,-1.77350119609548,4.532395375923818,-3.578975150009692,-3.2437969636529553,0.47785433021975365,-1.3574305042123611,0.509142296423429,3.10370367621872,0.10718347544950131,-1.9130678109214512,-1.5122381819147044,-2.018134331004677,-1.5495875619437574,0.6944149238751656,0.44705241320812894,2.2609225258920485,-4.310360347015605,1.06324318325996,1.5990211389736952,-1.0264692777867597,-2.3926701741871996,1.3210532050481385,1.1779157848941237,-0.11547820652446034,-2.2636049895600885,2.6976816395871706,-1.418176882188045,2.888257660018882,3.327241179174245,2.264063008799398,2.072165073455673,1.2181434367123962,-2.5134676870883546,-0.16480590292307695,1.7589469904943045,-3.130827778272368,-0.41151506999550097,-0.22137519067033468,-1.6052798167232443,-0.4096556804522165,-4.871409901395553,-1.4406151681755799,0.207168419339899,-6.0921100084152835,-3.8162595218717867,0.0849111873728105,-0.42379153953503745
0.8622055975568051,0.5454352106785342,0.22354366616662044,-0.5487315238084426,0.28400418665457117,0.22462884376494208,-0.7054958792287814,-0.5066479970908285,0.2440472713653679,0.28195765614613777,-1.3079957336096668,1.1680785495596255,0.899738451616855,-0.14460048114523663,0.7418036212366407,-0.05538434522168652,-0.653341308397976,-0.39517177194844477,0.5366627358889074,0.30063433421792934,0.8589909920644108,0.21489567017706773,-0.2584638080426527,0.21793736534133532,-0.8654605707352764,0.8198871529505766,-0.2653840501038417,-0.4058791452310021,0.3989226517338312,0.7526530662234138,-1.061707384565651,-0.3956384192712587,0.11831929318821553,0.18725313844981803,-0.8792474545694398,0.7528376446099733,-0.9632871794883072,-0.41669050919131173,-0.5490333435832725,-0.5434524502528262,-0.2602618198570646,0.7179782948208387,-0.45461365267934584,-0.7577284777753259,0.9905896725269445,-0.2136041753975344,0.7152413283900289,0.04370775277744143,0.2346202242144835,1.4369013273394144,0.5544596475729414,0.41699946812656047,1.5428490178576637,0.8900628054246249,-0.4786974903877157,0.44169982142793784
1.9131838309258131,0.8564580534785331,0.42250531788118767,-1.6238560685076604,0.2745000362251552,1.4175965665068575,-0.9369742296270348,-1.77350119609548,0.28195765614613777,1.161060032564242,-2.6806018287241677,2.0226350516505645,1.934980251547292,-0.2659688795760521,0.6319424345904792,-0.35644409989972226,-1.9496610944235864,0.11506334736413676,1.1255425570788382,0.9734477042782749,1.069802040319208,1.013452448693508,-0.37067342710198886,-0.42999897423055805,-1.221901331513858,2.73625030305741,-0.6610488113351866,-1.002164838137327,0.5544678235972054,1.3706027419714315,-0.46042258235268846,-0.668159310091213,0.015389654981642168,1.570509548703115,-1.5508297314606436,0.6757797066590532,-1.625213204719983,-2.2440068587629862,-1.4056354955226464,-1.256677356664359,-0.7755355624068427,1.4543862286960751,0.34270524670668234,-0.9066076989068556,1.7933725934870923,0.39953295570404285,-0.16186732421267291,1.162099126768526,0.164146079425012,2.8512946496661122,0.7659340371572192,-0.36264925891555155,3.692343718221989,2.3537742847536807,0.16854355012041836,0.09596145789876664
-6.676818793303073,-3.746827740883805,-1.8524899558920422,4.75511192642994,-1.8732669124979724,-2.464417447616789,4.794892500323184,4.532395375923818,-1.3079957336096668,-2.6806018287241677,9.771882353193929,-8.56707727751395,-6.868143162061739,1.0793420283254493,-4.726613054445777,0.7048968337792034,5.480827150475031,2.0381278764267825,-4.059969024646766,-2.527073274432683,-5.763153762850798,-2.260703597854537,1.8604727299591937,-0.7448677412646176,5.96522814934433,-7.29580035156046,2.0116975477235592,3.0008640904245674,-2.654586974679277,-5.521558426266136,6.159253404939767,2.8881116209428206,-0.7856855474711756,-2.640577433414605,6.422135581297769,-4.771173905924638,6.963176252814075,4.51297572224203,4.207858610542375,4.152819086785333,2.1572599357667777,-5.586532932190968,2.146275626151737,5.125580351989769,-7.313674211727963,0.8106476299598472,-3.555521494514602,-1.405953777225989,-1.5510562604197111,-10.655374082769518,-3.9138517835464133,-1.9822260961075855,-12.12702905802899,-7.228627998478707,2.551102626750452,-2.5429806898311664
5.85701751795467,3.417680753354203,1.7230482082385818,-3.9415533739664195,1.836095210313944,1.555855460424,-4.50969452735332,-3.578975150009692,1.1680785495596255,2.0226350516505645,-8.56707727751395,7.83811299799435,6.006895287558479,-0.979620972527069,4.688369326227414,-0.4986212791332195,-4.484600968389714,-2.3415514807840387,3.562292209969563,1.9902863265955215,5.464902048454296,1.6784515355340424,-1.7693076246398705,1.1738074294197185,-5.57545401950465,5.869340246505773,-1.6601413937929574,-2.4830651812894273,2.4615985492879138,4.9923671596692305,-6.356901018530791,-2.6462956485822047,0.873061060995422,1.657285623877893,-5.800418145271633,4.668050248001025,-6.395361736973322,-3.1504159364149333,-3.4782408973157968,-3.562783305456939,-1.7338571586473503,5.011826894807831,-2.6506538192536926,-4.905216081962085,6.610644112762476,-1.216060067179408,4.011487307888957,0.6137555683247853,1.6071409395243568,9.441787159089808,3.7062398162020016,2.467890023964,10.429228109205216,6.076778686059314,-2.921066438681549,2.6853721866547478
4.7243745005267765,2.611395461746627,1.2973235907445817,-3.38614908627167,1.2882006001755584,1.79673326181722,-3.3356280950533144,-3.2437969636529553,0.899738451616855,1.934980251547292,-6.868143162061739,6.006895287558479,4.845968523048678,-0.7539272461236043,3.2632887885883726,-0.5235463031980239,-3.9135815617595817,-1.3726251052553342,2.8519631555951195,1.807469926631187,4.006052751255346,1.627414203781156,-1.2962101025447834,0.46783649260441756,-4.149223298127052,5.2207823877806385,-1.4187508225942713,-2.1329689406289987,1.8440089973987852,3.8778635373554957,-4.1981660641932175,-2.025444099744222,0.5384256730916391,1.9506403429606332,-4.498837781705814,3.28118405897334,-4.882627673441941,-3.2809310694646183,-2.9812497674377507,-2.9389919831477336,-1.537644725219669,3.925668265591694,-1.4254215109183366,-3.5502349406105482,5.123565732053473,-0.5156548640321146,2.3877562518758855,1.0700632059964474,1.074451162858049,7.492092721820123,2.724756860582738,1.3038717400613409,8.5900911217896,5.13288962640728,-1.705051008142722,1.7133208905709345
-0.7368825611690667,-0.431292230245743,-0.20604972532715926,0.49775271318381353,-0.23103694100964275,-0.2214086344018619,0.5588799112273405,0.47785433021975365,-0.14460048114523663,-0.2659688795760521,1.0793420283254493,-0.979620972527069,-0.7539272461236043,0.13163137734155797,-0.5743195440904276,0.051587143483519594,0.5782708771832891,0.28507238571830584,-0.4531315741614484,-0.24850125748690793,-0.6651162291013704,-0.22444546193685733,0.21017501272787273,-0.13493370988986683,0.6929974598198387,-0.7511527495664966,0.20369950431062606,0.3034528817798518,-0.3162995797913117,-0.6311294343424868,0.7798669670257674,0.3253276634785008,-0.10028767982357563,-0.2071165217853348,0.7166106810521249,-0.5716539479073434,0.7954707470131409,0.4077627043328145,0.4421901842397325,0.4497943414107482,0.22151878454605867,-0.6289392145654559,0.3142343195213102,0.6015408482082972,-0.8207082331201766,0.13454430129247646,-0.48320140317393595,-0.0791101271266451,-0.2065961024093243,-1.1922459974080284,-0.4592995827477676,-0.29843092997366155,-1.3109814208621604,-0.7711491008611573,0.3415894082528344,-0.3179423690263365
3.122174954378589,2.08293291799751,1.0017812796873378,-1.7930545581246649,1.2847935759051294,-0.024357635332117402,-2.943673805987698,-1.3574305042123611,0.7418036212366407,0.6319424345904792,-4.726613054445777,4.688369326227414,3.2632887885883726,-0.5743195440904276,3.3835021005511683,-0.08319471759358774,-1.96928575705392,-2.1096038006678195,1.928747156155357,0.7625663348027132,3.616092408461637,0.4499111202238708,-1.0889054501816662,1.4132160778240368,-3.534714803251459,2.3473459645038433,-0.7667809722426776,-1.1588847481990385,1.5738209689394078,2.92983483940313,-4.982366055362799,-1.6065993714042424,0.6966111248548884,-0.11886597723536067,-3.454382674936104,3.3139935079436373,-3.831969215770932,-0.5613182718624127,-1.625391691434841,-1.8337540471950187,-0.766886478787933,2.806377976162135,-2.5728616814075767,-3.2564670076593556,3.8578679845702353,-1.4193838269282304,3.599352547189879,-0.5998830528308277,1.2042665067008986,5.279801311807812,2.3829465691624097,2.450128335855509,5.28470502541041,2.91740874580061,-2.6355397900281665,2.1575203612953247
-0.5225692820893435,-0.19301411750147687,-0.1266921881435717,0.4846614680799036,-0.0347700828983904,-0.44946097162778803,0.19874602984289982,0.509142296423429,-0.05538434522168652,-0.35644409989972226,0.7048968337792034,-0.4986212791332195,-0.5235463031980239,0.051587143483519594,-0.08319471759358774,0.14261367492283977,0.5633653877330561,-0.1288334674527923,-0.2929679169261927,-0.3053823833855265,-0.2367580608320529,-0.3141367818169854,0.10281021002760758,0.19972852298032287,0.27144351122322186,-0.8294573906310446,0.2005823396281124,0.30371188944983746,-0.10269780132177049,-0.3340854038810033,-0.05488041897578926,0.17115356064769255,0.007263989226062492,-0.5640035383247144,0.3996716943612139,-0.09992937384968009,0.4030579324570133,0.741659062378238,0.39956040427288514,0.34665812854879174,0.22683923390411645,-0.3850916796768245,-0.21406500039832857,0.1888232884109144,-0.4645196307495783,-0.17758887659936534,0.20554962043539327,-0.4362675749016333,0.0053902811534645165,-0.7342235909788858,-0.16896368987886687,0.22621883749717064,-1.0432834810692766,-0.6736993881277779,-0.14163409784090386,0.03705653806061418
-3.85419377861974,-1.9272951621728387,-0.9476118100515745,2.9986446124392385,-0.8020689584210777,-2.1508349900729273,2.300135686960024,3.10370367621872,-0.653341308397976,-1.9496610944235864,5.480827150475031,-4.484600968389714,-3.9135815617595817,0.5782708771832891,-1.96928575705392,0.5633653877330561,3.5528365304408176,0.4580469936287075,-2.292710456431561,-1.7080256597462138,-2.7040018320155412,-1.6728564103553611,0.9019029420224528,0.22712948242378075,2.9208459833695897,-4.867680659969169,1.2356875882837428,1.8746863181691162,-1.3138583631247456,-2.962698960836431,2.1831598153471035,1.4940004530520539,-0.23613179315502478,-2.3519573675764285,3.378458041228521,-2.0128201176249214,3.631826847706423,3.564407940784607,2.6243573146475283,2.460641954535328,1.3977079113221367,-3.05941771227075,0.25566259768939675,2.356476297766897,-3.883509428153638,-0.18456763023668768,-0.829438506272816,-1.584347896943423,-0.6142670439620802,-5.921113133067358,-1.8818424625229249,-0.17889251008381823,-7.211361578889359,-4.449666149672286,0.5240741268436931,-0.7890367352626484
-1.2869895415614685,-1.0647404953880575,-0.47326716628093574,0.46308316451084724,-0.7778991119785927,0.7194397805020899,1.639603204216806,0.10718347544950131,-0.39517177194844477,0.11506334736413676,2.0381278764267825,-2.3415514807840387,-1.3726251052553342,0.28507238571830584,-2.1096038006678195,-0.1288334674527923,0.4580469936287075,1.5867675972196875,-0.8114285615364124,-0.053201092076022694,-2.0406529240642612,0.18978338577392104,0.566770626022994,-1.241402708998122,1.904878044318594,-0.3086791607975186,0.201344210057538,0.3275228111910277,-0.8627241344044152,-1.4251242235499677,3.3448452265051896,0.8118353026943784,-0.47832229415020844,0.9004220660149523,1.6839152117789085,-2.0184367238469973,1.9257852341956636,-0.7290235912252033,0.4653902849924407,0.6929316045334797,0.16943682993045947,-1.2595287667723012,2.0268748598554667,1.8516332152285784,-1.8387164511167786,1.2192737322159073,-2.6842282696934388,1.0337404875883547,-0.7984426960024207,-2.360347906429203,-1.311271001526656,-1.9467294919183993,-1.933737513626494,-0.9167262336257805,1.9538825379890952,-1.4625507288045716
2.7917203904959775,1.554977200145528,0.7871113669185918,-1.9896834107802965,0.7750499845807737,1.0657231856375926,-1.9707103367578278,-1.9130678109214512,0.5366627358889074,1.1255425570788382,-4.059969024646766,3.562292209969563,2.8519631555951195,-0.4531315741614484,1.928747156155357,-0.2929679169261927,-2.292710456431561,-0.8114285615364124,1.7023098060387578,1.0617833557822973,2.3676242284789257,0.964193414723026,-0.7912729616193251,0.27655529077227187,-2.477297494424322,3.0794884825997126,-0.8464449373877008,-1.2516774411723897,1.0955517785064885,2.2919021172906486,-2.4943248546562753,-1.192685266781654,0.32723064843013205,1.1428168101926364,-2.649822731277691,1.9549058790637046,-2.903155170984068,-1.9064637079508013,-1.7589690845614039,-1.7297779845488748,-0.8886655604245299,2.346324259764682,-0.8500768823358863,-2.1252331446021295,3.0479658676558796,-0.3006291558973232,1.408840876616384,0.6213087866586475,0.6369054300167717,4.43984845297749,1.6268098159024997,0.7778830705065982,5.080784098600561,3.021185766683715,-1.0155217484695132,1.03972948123558
1.7843183655717252,0.8534818644824445,0.4390364663437224,-1.4460804591927925,0.317838346473524,1.1449846834738904,-0.9779240495202318,-1.5122381819147044,0.30063433421792934,0.9734477042782749,-2.527073274432683,1.9902863265955215,1.807469926631187,-0.24850125748690793,0.7625663348027132,-0.3053823833855265,-1.7080256597462138,-0.053201092076022694,1.0617833557822973,0.8588521587879985,1.1540244764587262,0.8482427170328183,-0.4127081234035754,-0.24704891109805255,-1.270836414407989,2.3938303218750323,-0.6161392212524175,-0.9221407730179227,0.5569687055660878,1.3176284939751683,-0.7437273363661775,-0.6635794530246119,0.07410601633436763,1.2905970183998745,-1.5193263841669356,0.8091470997402099,-1.6173063948504118,-1.8581312661960279,-1.2688980549148465,-1.1550143513341387,-0.674199691823153,1.4000610426498816,0.08594475577172964,-1.001772815164725,1.762768535276035,0.21737921364581392,0.13316167829178877,0.9164124015780929,0.2024448875655138,2.706663734017668,0.8061193497879978,-0.12414753932734399,3.4064234586530904,2.1199062550293997,-0.07051784267339088,0.267811418749093
3.857132533879054,2.4114722156163984,1.1918112159772938,-2.4250194846602127,1.3877645081669783,0.525513057059838,-3.2992771909561553,-2.018134331004677,0.8589909920644108,1.069802040319208,-5.763153762850798,5.464902048454296,4.006052751255346,-0.6651162291013704,3.616092408461637,-0.2367580608320529,-2.7040018320155412,-2.0406529240642612,2.3676242284789257,1.1540244764587262,4.041052794752737,0.841929991608859,-1.2621759640190122,1.2305707781326203,-4.016640768087968,3.413477711111259,-1.046528366478941,-1.5660061620124612,1.771541527182475,3.441800424176683,-5.138927393284666,-1.86669514369571,0.7117904420795804,0.5304959620347808,-4.060101625213732,3.5825502217974052,-4.465290804091348,-1.444166692518019,-2.174601613154218,-2.3162585368668327,-1.058280484655535,3.381288209240535,-2.4226119286782324,-3.6260226671423554,4.571484613540085,-1.2574487288447131,3.5089581515773354,-0.11693388792314637,1.2408802720534662,6.3744227127827555,2.6832023908797193,2.284135237568593,6.727112469323666,3.824054066309872,-2.574755174232884,2.220788080111645
1.6173821586383716,0.7037564781766742,0.38062191902032044,-1.4102070317539463,0.2156498616824018,1.2799052025412776,-0.7420903990233586,-1.5495875619437574,0.21489567017706773,1.013452448693508,-2.260703597854537,1.6784515355340424,1.627414203781156,-0.22444546193685733,0.4499111202238708,-0.3141367818169854,-1.6728564103553611,0.18978338577392104,0.964193414723026,0.8482427170328183,0.841929991608859,0.9116621361311887,-0.32389519514597626,-0.4498090550666769,-1.0008218276979346,2.3964616390249294,-0.5779967131309587,-0.8483626071412405,0.44143344734064066,1.1327776849167157,-0.23732635667934204,-0.5483677202686146,0.003561310298880505,1.434730288591266,-1.2840387332728933,0.5082872502946488,-1.3474285032183584,-1.9989399062186344,-1.2024049715859888,-1.0607956502377338,-0.6589836184263288,1.2511246957022377,0.40750227551415713,-0.7336546825110382,1.512921126531524,0.417549854315999,-0.3003193546897126,1.0775830658532626,0.10375597189250182,2.3960670326369837,0.6275355738771918,-0.4146417685852085,3.1558144330825515,2.018970816834269,0.23262390003025687,0.04043275556810326
-1.2861134150464046,-0.7644223296928289,-0.44059633987728963,0.8279079387035368,-0.43206286516427883,-0.24877924038359242,1.0171616938539818,0.6944149238751656,-0.2584638080426527,-0.37067342710198886,1.8604727299591937,-1.7693076246398705,-1.2962101025447834,0.21017501272787273,-1.0889054501816662,0.10281021002760758,0.9019029420224528,0.566770626022994,-0.7912729616193251,-0.4127081234035754,-1.2621759640190122,-0.32389519514597626,0.4623700511941989,-0.31700174674399123,1.2914206090721674,-1.2193467881803295,0.3738355006612797,0.5346222400267752,-0.5365724135730688,-1.0953831945680852,1.4977594915595973,0.5953020248364256,-0.24009446403772317,-0.3117662506107253,1.287028054332536,-1.0974725958807874,1.4659090014174987,0.5624274323378865,0.7261780354006626,0.7584461860949538,0.3281739490779129,-1.1497201280174745,0.6805969421618328,1.1678528423747914,-1.5083707388219776,0.33054641867431844,-0.9658519854509138,-0.07528309802544056,-0.3657696555523255,-2.0752172500551356,-0.8680569899714626,-0.6193945514879445,-2.2801672030401816,-1.2794869071788333,0.7429199015395015,-0.690121700904839
0.4121860025558291,0.5508782910326704,0.22794658888693625,0.13259955170904814,0.5041372472115195,-0.9697577227321378,-0.9646227254797626,0.44705241320812894,0.21793736534133532,-0.42999897423055805,-0.7448677412646176,1.1738074294197185,0.46783649260441756,-0.13493370988986683,1.4132160778240368,0.19972852298032287,0.22712948242378075,-1.241402708998122,0.27655529077227187,-0.24704891109805255,1.2305707781326203,-0.4498090550666769,-0.31700174674399123,1.074127393423627,-1.0768604325221005,-0.5784423321765582,0.04554077555813023,0.04295577302722376,0.4883019251271589,0.6746125624741273,-2.3978858233877864,-0.4179181678885206,0.35729449647617145,-1.1495703657103777,-0.8143320886657114,1.324645898530398,-0.9788719316069291,1.2194769251519078,0.06310034389282335,-0.1552442350775813,0.10038905047294186,0.5164099271749332,-1.64388846390528,-1.1289013329477904,0.8561000583924583,-1.0470096247174783,2.090640646286863,-1.1298017901906412,0.5581555885743513,0.9417171013946083,0.7635822216929639,1.5837450913306284,0.3740391588903034,-0.0025032238867514008,-1.529026800431273,1.0727287423053289
-4.024802192462558,-2.4572211195057583,-1.2303077347872968,2.5970458039481934,-1.3797554425129124,-0.7839070401951713,3.2948275753150433,2.2609225258920485,-0.8654605707352764,-1.221901331513858,5.96522814934433,-5.57545401950465,-4.149223298127052,0.6929974598198387,-3.534714803251459,0.27144351122322186,2.9208459833695897,1.904878044318594,-2.477297494424322,-1.270836414407989,-4.016640768087968,-1.0008218276979346,1.2914206090721674,-1.0768604325221005,4.05815650224056,-3.762082462905806,1.1212142744741584,1.6600946314101845,-1.7895895161887339,-3.5239452947057117,4.947485806323634,1.8872050300545296,-0.6852140526599532,-0.7960499956626395,4.12060722087094,-3.523516336332776,4.5590448994744985,1.7662219905172771,2.324136895419412,2.4269626528669086,1.1271871367697297,-3.5121063105756445,2.227566588108455,3.626890626848724,-4.688053635104314,1.1000691780439704,-3.2713331969617365,-0.10286871097215897,-1.2138315779513487,-6.5963590961610725,-2.7030617419018346,-2.0919125723761343,-7.088571870882704,-4.0627762635260645,2.396514527359793,-2.134931711977217
5.173623989502618,2.4956944172750894,1.306508688967037,-4.134476084014217,0.9846179009124341,3.1474085017615243,-2.903391034956549,-4.310360347015605,0.8198871529505766,2.73625030305741,-7.29580035156046,5.869340246505773,5.2207823877806385,-0.7511527495664966,2.3473459645038433,-0.8294573906310446,-4.867680659969169,-0.3086791607975186,3.0794884825997126,2.3938303218750323,3.413477711111259,2.3964616390249294,-1.2193467881803295,-0.5784423321765582,-3.762082462905806,6.7992167569841575,-1.7180407216073004,-2.5665926748582906,1.653728904844855,3.872086611273395,-2.385379384500324,-1.9468016060631164,0.2704933103720144,3.5283758769791014,-4.423757933246449,2.4473321891831605,-4.760967842861078,-5.142132882954488,-3.5805783546897567,-3.3086062323887293,-1.9009465697699937,4.11082651179245,0.04585837452254436,-2.9979194871988457,5.147054736695035,0.5025324668153028,0.5893484152427105,2.4587937840035266,0.6932467019549422,7.859044783850072,2.4185861722656385,-0.1464055913552676,9.7879335520128965,6.065547838877876,-0.3730421049102647,0.8697148836714385
-1.3916008741132195,-0.724634970670052,-0.37916078410928594,1.0671450377095968,-0.3149123698452352,-0.7312515156662989,0.8695349810325035,1.06324318325996,-0.2653840501038417,-0.6610488113351866,2.0116975477235592,-1.6601413937929574,-1.4187508225942713,0.20369950431062606,-0.7667809722426776,0.2005823396281124,1.2356875882837428,0.201344210057538,-0.8464449373877008,-0.6161392212524175,-1.046528366478941,-0.5779967131309587,0.3738355006612797,0.04554077555813023,1.1212142744741584,-1.7180407216073004,0.4727577640886878,0.6919734835740796,-0.4844390781835259,-1.0763857610010483,0.8964542822521693,0.5563440031470538,-0.11041634266155467,-0.8234255180625638,1.2600609717996332,-0.808338299417097,1.356790898745574,1.2255817436682397,0.9493027392089408,0.8858094404729522,0.48491352003598404,-1.1385268617676474,0.15662035704019808,0.9310181769982451,-1.4627217369084469,-0.023470597652281183,-0.3806271878001568,-0.5423273795635851,-0.21605899374489368,-2.169107968704239,-0.7200048808472375,-0.12028042004757007,-2.6160126097444265,-1.587900501079341,0.27442255782017,-0.37755631486518343
-2.0989961161864743,-1.0820005006402151,-0.5333524921739625,1.5890835578606433,-0.45952078592604845,-1.0864029371546975,1.3055005779943287,1.5990211389736952,-0.4058791452310021,-1.002164838137327,3.0008640904245674,-2.4830651812894273,-2.1329689406289987,0.3034528817798518,-1.1588847481990385,0.30371188944983746,1.8746863181691162,0.3275228111910277,-1.2516774411723897,-0.9221407730179227,-1.5660061620124612,-0.8483626071412405,0.5346222400267752,0.04295577302722376,1.6600946314101845,-2.5665926748582906,0.6919734835740796,1.0504188970964503,-0.7319009821558055,-1.6237100310984336,1.352870086416254,0.8340953723792021,-0.15588070644573584,-1.2091027646222066,1.8782439980230319,-1.1928816007470187,2.0319485760368887,1.826931216091844,1.427052739725029,1.3391673509821558,0.7362629389274976,-1.6735493000029305,0.26073842583081064,1.36576920960296,-2.161732595735317,-0.019100377198402893,-0.6122634234069633,-0.7919722839787503,-0.3395665801574693,-3.2496911673862634,-1.0641752196858898,-0.19298263142768216,-3.922985917889724,-2.3838466989103386,0.4007807443137461,-0.5286957839203126
1.7782787551536656,1.0987995033798916,0.5058751890580219,-1.1409227080718578,0.6123276425257583,0.362190222937097,-1.4680269433358917,-1.0264692777867597,0.3989226517338312,0.5544678235972054,-2.654586974679277,2.4615985492879138,1.8440089973987852,-0.3162995797913117,1.5738209689394078,-0.10269780132177049,-1.3138583631247456,-0.8627241344044152,1.0955517785064885,0.5569687055660878,1.771541527182475,0.44143344734064066,-0.5365724135730688,0.4883019251271589,-1.7895895161887339,1.653728904844855,-0.4844390781835259,-0.7319009821558055,0.8148352340297071,1.5737317076134203,-2.2218181116648426,-0.8309811153744412,0.2841636870832231,0.313645698681665,-1.821459427403231,1.560756313568458,-2.0046534084295695,-0.7779218923334935,-1.0407872192242935,-1.0831801710352205,-0.514176402459093,1.529210070709329,-0.996172185006091,-1.585572412299951,2.053386042162093,-0.48854475828316407,1.4853428409085083,0.01836729023227103,0.5506916284605379,2.9330134349313477,1.1848350199911355,0.9445030696998118,3.1218959981381245,1.8041407271090406,-1.0530840380077062,0.9245997768907844
3.778363909701282,2.1818853459768848,1.07007928262035,-2.5753416850083326,1.1475919239106491,1.1144587396897934,-2.8551879011249146,-2.3926701741871996,0.7526530662234138,1.3706027419714315,-5.521558426266136,4.9923671596692305,3.8778635373554957,-0.6311294343424868,2.92983483940313,-0.3340854038810033,-2.962698960836431,-1.4251242235499677,2.2919021172906486,1.3176284939751683,3.441800424176683,1.1327776849167157,-1.0953831945680852,0.6746125624741273,-3.5239452947057117,3.872086611273395,-1.0763857610010483,-1.6237100310984336,1.5737317076134203,3.2007797973950796,-3.938625663993358,-1.682921525054238,0.5207557685737496,1.1610839503418,-3.701721269780552,2.9151393963857375,-4.066030633796862,-2.1672891267450245,-2.2823446161002927,-2.3156873432424177,-1.1523639077728096,3.1950168145442266,-1.5820301749564791,-3.072128403925585,4.208605181951099,-0.6971944043449064,2.447863911628887,0.4872278548602347,1.0051412498927481,6.073245010510003,2.332853417266947,1.4721827212373093,6.752587893181305,3.9664438790235685,-1.7526898081106075,1.6292944093169133
-3.9684634092746713,-2.8711235680694607,-1.3302049785430243,2.035044723930882,-1.8794723026465125,0.6563555584073758,4.164439042248065,1.3210532050481385,-1.061707384565651,-0.46042258235268846,6.159253404939767,-6.356901018530791,-4.1981660641932175,0.7798669670257674,-4.982366055362799,-0.05488041897578926,2.1831598153471035,3.3448452265051896,-2.4943248546562753,-0.7437273363661775,-5.138927393284666,-0.23732635667934204,1.4977594915595973,-2.3978858233877864,4.947485806323634,-2.385379384500324,0.8964542822521693,1.352870086416254,-2.2218181116648426,-3.938625663993358,7.586333683010225,2.1876801499891987,-1.0543243547328958,0.9338164500238612,4.669759384727479,-4.866412607549336,5.202545070530372,-0.15134238640069395,1.9115425534272792,2.2876143204531925,0.8533852581899516,-3.678067406418992,4.160467814083992,4.646634765628146,-5.172608257169963,2.3853596786969975,-5.71187228904998,1.4829530925717007,-1.795416379235456,-6.931122173387783,-3.346830546852687,-3.989935455104449,-6.517060867358549,-3.4663748041805724,4.175458048659239,-3.315499736615081
-1.9640844956012518,-1.1531331688217892,-0.5809159147004643,1.320901222120006,-0.623289163164723,-0.4897632474278207,1.5358482610539903,1.1779157848941237,-0.3956384192712587,-0.668159310091213,2.8881116209428206,-2.6462956485822047,-2.025444099744222,0.3253276634785008,-1.6065993714042424,0.17115356064769255,1.4940004530520539,0.8118353026943784,-1.192685266781654,-0.6635794530246119,-1.86669514369571,-0.5483677202686146,0.5953020248364256,-0.4179181678885206,1.8872050300545296,-1.9468016060631164,0.5563440031470538,0.8340953723792021,-0.8309811153744412,-1.682921525054238,2.1876801499891987,0.8994300869585541,-0.30012046292728145,-0.53402687388742065,1.9716741620966411,-1.5979266806590564,2.156151668250839,1.0372852127180234,1.16232335855734,1.1959881545207143,0.5849012925719944,-1.6820414612287293,0.9241688228609428,1.667173317673156,-2.2322083385389986,0.43698433192908526,-1.3955284385966513,-0.18513138385878827,-0.5446523272684363,-3.1747772641328202,-1.255290426626919,-0.8634688179524026,-3.4924100861147376,-2.0346369689609753,1.022680092815394,-0.9277042322703039
0.5255638847559491,0.3765786891104415,0.2192092803355093,-0.2502290047258749,0.264821983283255,-0.16218854939422095,-0.5638170067396013,-0.11547820652446034,0.11831929318821553,0.015389654981642168,-0.7856855474711756,0.873061060995422,0.5384256730916391,-0.10028767982357563,0.6966111248548884,0.007263989226062492,-0.23613179315502478,-0.47832229415020844,0.32723064843013205,0.07410601633436763,0.7117904420795804,0.003561310298880505,-0.24009446403772317,0.35729449647617145,-0.6852140526599532,0.2704933103720144,-0.11041634266155467,-0.15588070644573584,0.2841636870832231,0.5207557685737496,-1.0543243547328958,-0.30012046292728145,0.1751335538599871,-0.15995744122084893,-0.6233606276707058,0.6775120327030618,-0.7236667110548591,0.10474300709848156,-0.21171587067452804,-0.2813743646434562,-0.07888813376021522,0.5187396780206199,-0.6146240657840611,-0.663422145486799,0.7124940469814595,-0.36087535061815895,0.799443520426842,-0.23803414753760269,0.2556416837217702,0.9037496606507998,0.4771672394807131,0.5813645510560803,0.844848109534341,0.42055523822226754,-0.617535803184369,0.49054172590246387
1.9802795569874898,0.6515258695504488,0.42139353896059095,-1.966935607048891,0.014674619031025758,2.1909161643852504,-0.498747931101961,-2.2636049895600885,0.18725313844981803,1.570509548703115,-2.640577433414605,1.657285623877893,1.9506403429606332,-0.2071165217853348,-0.11886597723536067,-0.5640035383247144,-2.3519573675764285,0.9004220660149523,1.1428168101926364,1.2905970183998745,0.5304959620347808,1.434730288591266,-0.3117662506107253,-1.1495703657103777,-0.7960499956626395,3.5283758769791014,-0.8234255180625638,-1.2091027646222066,0.313645698681665,1.1610839503418,0.9338164500238612,-0.53402687388742065,-0.15995744122084893,2.5710493879250875,-1.3177345557930717,0.0027230878057557147,-1.3332343288038815,-3.3218288193153374,-1.6540173939004095,-1.3520795784517885,-0.9275440508383228,1.4198485875440687,1.3805904314731787,-0.42285050452696343,1.6121665509111738,1.0823345669258406,-1.4769432424770441,2.0646448932555286,-0.17128676329404563,2.726831034218567,0.45527696787688937,-1.3924762535596644,4.093536021504844,2.7155822920019164,1.084625315968843,-0.48031918561190934
-4.346817660433609,-2.536844823054821,-1.2658884459840447,2.9793428010259633,-1.3473939948297529,-1.2186148968777388,3.3497037907272262,2.6976816395871706,-0.8792474545694398,-1.5508297314606436,6.422135581297769,-5.800418145271633,-4.498837781705814,0.7166106810521249,-3.454382674936104,0.3996716943612139,3.378458041228521,1.6839152117789085,-2.649822731277691,-1.5193263841669356,-4.060101625213732,-1.2840387332728933,1.287028054332536,-0.8143320886657114,4.12060722087094,-4.423757933246449,1.2600609717996332,1.8782439980230319,-1.821459427403231,-3.701721269780552,4.669759384727479,1.9716741620966411,-0.6233606276707058,-1.3177345557930717,4.348171442054873,-3.4572041556797735,4.715777948838038,2.4748111356119127,2.6268548728780967,2.6688340032985804,1.3355594629618612,-3.707391623331285,1.8850962842845547,3.6187098558881496,-4.915662765523091,0.8619550804290904,-2.913710111253626,-0.5387253640160935,-1.1521570304089679,-7.026678312363307,-2.728203856993191,-1.767675032550839,-7.779993277736684,-4.568630280073585,2.1339070162006353,-1.9746472673075783
3.1317257716561113,2.084005302986254,1.0154169426245907,-1.8414348546354815,1.2710220000506651,0.08154259831800068,-2.9146159593930734,-1.418176882188045,0.7528376446099733,0.6757797066590532,-4.771173905924638,4.668050248001025,3.28118405897334,-0.5716539479073434,3.3139935079436373,-0.09992937384968009,-2.0128201176249214,-2.0184367238469973,1.9549058790637046,0.8091470997402099,3.5825502217974052,0.5082872502946488,-1.0974725958807874,1.324645898530398,-3.523516336332776,2.4473321891831605,-0.808338299417097,-1.1928816007470187,1.560756313568458,2.9151393963857375,-4.866412607549336,-1.5979266806590564,0.6775120327030618,0.0027230878057557147,-3.4572041556797735,3.2791198526180394,-3.815132113143219,-0.6949337276749188,-1.674780440906912,-1.8525091775082172,-0.7880872799966703,2.826580692102264,-2.4537748500160546,-3.2390408494274228,3.8761300995626184,-1.3384069441986113,3.462884220847848,-0.4905224601623933,1.1552138043378817,5.303719236415987,2.3650536303775316,2.340535013615736,5.354320239599722,2.972595028598955,-2.554159882160131,2.133815133221427
