V1,V2,V3,V4,V5,V6,V7,V8,V9,V10,V11,V12,V13,V14,V15,V16,V17,V18,V19,V20,V21,V22,V23,V24,V25,V26,V27,V28,V29,V30
1.3950342059096055,4.434018787884868,-6.5618521575064515,1.5253660579688983,-0.75509052621285,-5.509492567563409,4.905530294268238,-6.534984647894654,-3.567940799901766,-4.928654970252157,-13.529713237246424,-8.002953401633114,-4.109985221310515,-7.251925569634509,-10.496630985029206,-6.999078579885203,-8.856422027614569,6.3608936793740645,-11.966462448796282,9.747360046798946,-8.298858914681512,11.721291765444596,2.2877131275897957,-5.565249195661722,-2.309058555323589,-1.8619319681506648,1.0678551228713378,0.40323427777445114,-3.78282638076527,8.883850142200872
4.434018787884868,129.43202928386134,-187.89699131260505,44.547670790147414,-17.084499075716142,-189.96375776123782,137.41071572404303,-192.49875828402088,-118.6848761583667,-172.99276837473076,-415.40143665735235,-229.84267247530926,-139.28067354662656,-213.93459912837312,-306.83943944107574,-206.88188576865437,-274.48992156282054,194.81126092761235,-343.31574966464973,280.02019552540344,-267.00165783615216,336.49674427754616,57.275719641932255,-159.38129214472323,-99.13217871706523,-62.08490894174501,29.48613566636244,7.120346779119273,-109.60181512877352,251.17519235558234
-6.5618521575064515,-187.89699131260505,273.5641725781499,-65.42949817148842,24.902120614462476,275.7929413738684,-199.7586019897355,279.7822258652196,172.10165454373833,251.35057693448712,604.1090581950834,334.7485409610914,202.4654628520712,311.10567302306924,445.94605528552097,300.599532346075,398.91678633184716,-283.7369159910175,499.31890556401584,-407.0681795529287,388.39924046755266,-489.50979176435493,-83.33690080907783,231.57386843891078,143.3484821627602,90.04338061829704,-43.10970043217814,-10.24759521591764,159.1937008974604,-365.1267156643998
1.5253660579688983,44.547670790147414,-65.42949817148842,16.23940762896255,-6.110528300744309,-65.57605747214089,47.244469322395915,-66.63103545994326,-40.44967938065733,-59.862241401710804,-144.03267907654876,-80.05388571952548,-48.21568919248802,-74.03675624473901,-106.06726279849293,-71.37243792040714,-94.69793279874021,68.30691971892062,-118.88665076952199,96.64553432461805,-92.56348943442308,116.57379014291216,19.88846553485521,-54.903771337925576,-33.420984156645645,-21.21571235419974,10.542959654698505,2.3581133313002387,-37.82723627164866,86.73706248311994
-0.75509052621285,-17.084499075716142,24.902120614462476,-6.110528300744309,2.6212157617623126,25.067031982292015,-17.406285299263914,25.539093385951666,15.123188865306583,22.76920869317806,54.5324044067619,30.092164834174756,18.028784506643834,27.991843648506837,40.3969207257031,27.06985007296277,35.52843556506142,-26.245817629317372,44.99499392875903,-36.377801766839205,34.624314338268256,-43.86646233368742,-7.804650829709604,20.77237158459754,12.473915700958992,8.022887641115426,-4.12030547909989,-1.0901020400784094,14.46467137779623,-32.80962569337866
-5.509492567563409,-189.96375776123782,275.7929413738684,-65.57605747214089,25.067031982292015,279.8420770050039,-201.29454210031832,282.6308748762328,174.58433650248472,254.9131261681017,610.4346762590853,337.3775355001456,204.940179538277,314.0816924383032,450.34689757827584,303.7041174767614,403.2588674473981,-286.4108564311023,503.70572131480634,-410.75621662311886,392.63132631091526,-493.6269420579931,-83.98657020349744,233.80759089026637,146.29714263515692,91.33831466038895,-43.339833037827844,-10.342250699931306,160.83829142123162,-368.3604444648124
4.905530294268238,137.41071572404303,-199.7586019897355,47.244469322395915,-17.406285299263914,-201.29454210031832,148.34184197967068,-204.27873540308943,-127.10018715458206,-183.457105095772,-442.41157961826457,-245.48852632441393,-148.84029442770313,-228.1339890180531,-326.41861542173024,-220.54345216433333,-293.4714911735591,205.95028875902676,-366.15461660986244,299.42803636462605,-285.4540827105459,359.72497711964974,60.29536231851375,-170.12350623732883,-105.98686515027512,-66.29111821314294,30.8911617582661,7.054239964645505,-116.4364380158584,268.17238533780295
-6.534984647894654,-192.49875828402088,279.7822258652196,-66.63103545994326,25.539093385951666,282.6308748762328,-204.27873540308943,286.5223103354064,176.30016699120952,257.46146775999597,618.2614116858188,342.16817816816416,207.28175549014213,318.3628817870017,456.58491287516654,307.78816230875526,408.30046879182794,-290.3402842343973,510.88176563847367,-416.5178156540517,397.3684099622102,-500.739485565622,-85.24001508991626,237.04397398589649,147.15709068570098,92.30270799162733,-44.03878473987542,-10.582252622281956,163.02562129172478,-373.66646533795404
-3.567940799901766,-118.6848761583667,172.10165454373833,-40.44967938065733,15.123188865306583,174.58433650248472,-127.10018715458206,176.30016699120952,110.08637475433694,159.04873825178078,381.6137388276065,211.16193586465218,128.36094491954285,196.62755064190708,281.421942045986,190.1325930759735,253.02565400358398,-177.67303381806332,315.22694984608256,-257.67352661452986,246.092963484346,-309.3260735340136,-52.25396176956822,146.61804504946883,92.28308134682042,57.40040013763765,-26.63224281031264,-6.292330623073632,100.48426686523221,-230.8154268219789
-4.928654970252157,-172.99276837473076,251.35057693448712,-59.862241401710804,22.76920869317806,254.9131261681017,-183.457105095772,257.46146775999597,159.04873825178078,232.3609882296044,556.239826021147,307.54874497056676,186.77051509366052,286.2360472741836,410.28410098211157,276.68483853348965,367.5031368693685,-260.9690703095316,458.9962876696256,-374.2892214792565,357.9014564027094,-449.8643461431946,-76.47964579912188,213.01034303488163,133.2706425386631,83.19875095807089,-39.52497117864396,-9.405516110134524,146.45215303728514,-335.6183173170931
-13.529713237246424,-415.40143665735235,604.1090581950834,-144.03267907654876,54.5324044067619,610.4346762590853,-442.41157961826457,618.2614116858188,381.6137388276065,556.239826021147,1336.039807514714,739.790070360313,448.4239857301842,687.8554405004597,985.792943663802,664.870842015376,883.0618172687061,-626.3604961720102,1103.754936935815,-900.3906633401652,859.7081971765163,-1082.428675887071,-183.59403838414403,512.1701727072277,318.661187704259,199.5787996821941,-94.77464769749272,-22.325976775260518,351.92418738024764,-807.3170429146425
-8.002953401633114,-229.84267247530926,334.7485409610914,-80.05388571952548,30.092164834174756,337.3775355001456,-245.48852632441393,342.16817816816416,211.16193586465218,307.54874497056676,739.790070360313,410.2624252117969,248.22360661669208,381.0360919826617,545.8025566217641,368.13430954508345,489.075245813374,-346.683506975142,611.5878126233742,-498.9629980896266,476.2064074586431,-599.9502780666312,-101.72695146549243,283.7115953684353,175.8559394541461,110.35395323808191,-52.54539108764229,-12.257225679467247,194.79695242730386,-447.3245873092396
-4.109985221310515,-139.28067354662656,202.4654628520712,-48.21568919248802,18.028784506643834,204.940179538277,-148.84029442770313,207.28175549014213,128.36094491954285,186.77051509366052,448.4239857301842,248.22360661669208,150.89746661954035,230.84173449731153,330.67424327508314,223.18808704132485,296.71006669780456,-209.86430782694572,370.2933940721548,-302.2731329306842,288.95568637392716,-363.306639763847,-61.254551760539755,171.861872750142,107.45569730699708,67.11085812953371,-31.662756183489446,-7.2826747555235105,117.97730790987875,-270.90952231575886
-7.251925569634509,-213.93459912837312,311.10567302306924,-74.03675624473901,27.991843648506837,314.0816924383032,-228.1339890180531,318.3628817870017,196.62755064190708,286.2360472741836,687.8554405004597,381.0360919826617,230.84173449731153,354.3716803102463,507.7134339318853,342.49278757283673,454.83920466785185,-322.2093592640466,568.5413999461805,-463.92011093623717,442.6982663849171,-557.6225252439351,-94.57064236648937,263.9102756998319,164.07460951781516,102.80055253646931,-48.75229807279188,-11.556319182134462,181.19308605360953,-415.95360206738985
-10.496630985029206,-306.83943944107574,445.94605528552097,-106.06726279849293,40.3969207257031,450.34689757827584,-326.41861542173024,456.58491287516654,281.421942045986,410.28410098211157,985.792943663802,545.8025566217641,330.67424327508314,507.7134339318853,727.9548631241976,490.83763799491766,651.4749903130929,-462.32185529871066,814.8159284358494,-664.5989032035199,633.9452818134685,-798.8821273965085,-135.6891340316968,378.14325582408964,234.90060264544908,147.22901772611456,-70.01220819858455,-16.71591457314604,259.91073407742954,-596.0490211691067
-6.999078579885203,-206.88188576865437,300.599532346075,-71.37243792040714,27.06985007296277,303.7041174767614,-220.54345216433333,307.78816230875526,190.1325930759735,276.68483853348965,664.870842015376,368.13430954508345,223.18808704132485,342.49278757283673,490.83763799491766,331.1568349817417,439.68161835636715,-311.35868143399506,549.5222717473317,-448.45663915058475,427.84104386267165,-538.9273494697042,-91.36723864743695,255.12065295520443,158.79104338887657,99.44555388796101,-47.05706607424091,-11.159767657480183,175.17406859128073,-402.1086182053649
-8.856422027614569,-274.48992156282054,398.91678633184716,-94.69793279874021,35.52843556506142,403.2588674473981,-293.4714911735591,408.30046879182794,253.02565400358398,367.5031368693685,883.0618172687061,489.075245813374,296.71006669780456,454.83920466785185,651.4749903130929,439.68161835636715,584.5112897829589,-412.8308452879616,729.7409279829135,-595.8234129565715,568.8348324768818,-716.0051744878425,-120.98862061889157,338.8629310989733,211.4759970375704,132.18750431965702,-62.22762178845441,-14.572530327255485,232.52677292248796,-533.9834944347128
6.3608936793740645,194.81126092761235,-283.7369159910175,68.30691971892062,-26.245817629317372,-286.4108564311023,205.95028875902676,-290.3402842343973,-177.67303381806332,-260.9690703095316,-626.3604961720102,-346.683506975142,-209.86430782694572,-322.2093592640466,-462.32185529871066,-311.35868143399506,-412.8308452879616,295.401353055083,-517.1849136743986,421.11299988412634,-402.25608209879186,506.72670792507864,86.4445514935684,-239.60534238930512,-148.12898452123463,-93.136463131931,45.03805220914068,10.694984482463745,-165.09073912130526,377.9172481673611
-11.966462448796282,-343.31574966464973,499.31890556401584,-118.88665076952199,44.99499392875903,503.70572131480634,-366.15461660986244,510.88176563847367,315.22694984608256,458.9962876696256,1103.754936935815,611.5878126233742,370.2933940721548,568.5413999461805,814.8159284358494,549.5222717473317,729.7409279829135,-517.1849136743986,912.5701996288473,-744.5393772330356,710.1638674439247,-895.0266009102313,-151.79810403398474,423.4855607612666,262.8404146087072,164.809481582381,-78.27790606583561,-18.508752198515026,290.8939546614269,-667.5896542348822
9.747360046798946,280.02019552540344,-407.0681795529287,96.64553432461805,-36.377801766839205,-410.75621662311886,299.42803636462605,-416.5178156540517,-257.67352661452986,-374.2892214792565,-900.3906633401652,-498.9629980896266,-302.2731329306842,-463.92011093623717,-664.5989032035199,-448.45663915058475,-595.8234129565715,421.11299988412634,-744.5393772330356,607.858876609681,-579.7084636740531,730.488609250128,123.57862896821527,-345.67850296381954,-214.96602067095438,-134.63181260073142,63.55423146372595,14.947288362991197,-237.208939595633,544.8548696271854
-8.298858914681512,-267.00165783615216,388.39924046755266,-92.56348943442308,34.624314338268256,392.63132631091526,-285.4540827105459,397.3684099622102,246.092963484346,357.9014564027094,859.7081971765163,476.2064074586431,288.95568637392716,442.6982663849171,633.9452818134685,427.84104386267165,568.8348324768818,-402.25608209879186,710.1638674439247,-579.7084636740531,553.9445301545867,-696.8286711144467,-117.69024004161108,329.63263792495405,205.66465386348807,128.59337934774936,-60.716277047635195,-14.069455725933377,226.20772341696357,-519.5159458163829
11.721291765444596,336.49674427754616,-489.50979176435493,116.57379014291216,-43.86646233368742,-493.6269420579931,359.72497711964974,-500.739485565622,-309.3260735340136,-449.8643461431946,-1082.428675887071,-599.9502780666312,-363.306639763847,-557.6225252439351,-798.8821273965085,-538.9273494697042,-716.0051744878425,506.72670792507864,-895.0266009102313,730.488609250128,-696.8286711144467,878.1892095055811,148.54372763841786,-415.3897428334256,-257.877267805369,-161.66736766218435,76.5677485157006,17.961533541033404,-285.1582204797107,654.8493673156486
2.2877131275897957,57.275719641932255,-83.33690080907783,19.88846553485521,-7.804650829709604,-83.98657020349744,60.29536231851375,-85.24001508991626,-52.25396176956822,-76.47964579912188,-183.59403838414403,-101.72695146549243,-61.254551760539755,-94.57064236648937,-135.6891340316968,-91.36723864743695,-120.98862061889157,86.4445514935684,-151.79810403398474,123.57862896821527,-117.69024004161108,148.54372763841786,25.757533429124564,-70.42793053219637,-43.37814693127958,-27.344420237800996,13.244003664552855,3.32785219584293,-48.51244192332829,110.97775782750627
-5.565249195661722,-159.38129214472323,231.57386843891078,-54.903771337925576,20.77237158459754,233.80759089026637,-170.12350623732883,237.04397398589649,146.61804504946883,213.01034303488163,512.1701727072277,283.7115953684353,171.861872750142,263.9102756998319,378.14325582408964,255.12065295520443,338.8629310989733,-239.60534238930512,423.4855607612666,-345.67850296381954,329.63263792495405,-415.3897428334256,-70.42793053219637,196.67360600940836,122.35010960075664,76.61506176969988,-36.175801954217654,-8.622434954569867,135.01154625253574,-309.9047165400511
-2.309058555323589,-99.13217871706523,143.3484821627602,-33.420984156645645,12.473915700958992,146.29714263515692,-105.98686515027512,147.15709068570098,92.28308134682042,133.2706425386631,318.661187704259,175.8559394541461,107.45569730699708,164.07460951781516,234.90060264544908,158.79104338887657,211.4759970375704,-148.12898452123463,262.8404146087072,-214.96602067095438,205.66465386348807,-257.877267805369,-43.37814693127958,122.35010960075664,77.92588715503607,48.1407848407312,-22.064603387814596,-5.217609131895536,83.8476114535685,-192.4729642690282
-1.8619319681506648,-62.08490894174501,90.04338061829704,-21.21571235419974,8.022887641115426,91.33831466038895,-66.29111821314294,92.30270799162733,57.40040013763765,83.19875095807089,199.5787996821941,110.35395323808191,67.11085812953371,102.80055253646931,147.22901772611456,99.44555388796101,132.18750431965702,-93.136463131931,164.809481582381,-134.63181260073142,128.59337934774936,-161.66736766218435,-27.344420237800996,76.61506176969988,48.1407848407312,30.019691020519407,-13.992154826625967,-3.320171993702411,52.52708378784878,-120.6536184201622
1.0678551228713378,29.48613566636244,-43.10970043217814,10.542959654698505,-4.12030547909989,-43.339833037827844,30.8911617582661,-44.03878473987542,-26.63224281031264,-39.52497117864396,-94.77464769749272,-52.54539108764229,-31.662756183489446,-48.75229807279188,-70.01220819858455,-47.05706607424091,-62.22762178845441,45.03805220914068,-78.27790606583561,63.55423146372595,-60.716277047635195,76.5677485157006,13.244003664552855,-36.175801954217654,-22.064603387814596,-13.992154826625967,7.004708097882115,1.683022640055791,-24.989732704012972,57.131284654645114
0.40323427777445114,7.120346779119273,-10.24759521591764,2.3581133313002387,-1.0901020400784094,-10.342250699931306,7.054239964645505,-10.582252622281956,-6.292330623073632,-9.405516110134524,-22.325976775260518,-12.257225679467247,-7.2826747555235105,-11.556319182134462,-16.71591457314604,-11.159767657480183,-14.572530327255485,10.694984482463745,-18.508752198515026,14.947288362991197,-14.069455725933377,17.961533541033404,3.32785219584293,-8.622434954569867,-5.217609131895536,-3.320171993702411,1.683022640055791,0.5999009396670159,-6.007371307473717,13.52149794378195
-3.78282638076527,-109.60181512877352,159.1937008974604,-37.82723627164866,14.46467137779623,160.83829142123162,-116.4364380158584,163.02562129172478,100.48426686523221,146.45215303728514,351.92418738024764,194.79695242730386,117.97730790987875,181.19308605360953,259.91073407742954,175.17406859128073,232.52677292248796,-165.09073912130526,290.8939546614269,-237.208939595633,226.20772341696357,-285.1582204797107,-48.51244192332829,135.01154625253574,83.8476114535685,52.52708378784878,-24.989732704012972,-6.007371307473717,92.92853878227679,-212.7683460631929
8.883850142200872,251.17519235558234,-365.1267156643998,86.73706248311994,-32.80962569337866,-368.3604444648124,268.17238533780295,-373.66646533795404,-230.8154268219789,-335.6183173170931,-807.3170429146425,-447.3245873092396,-270.90952231575886,-415.95360206738985,-596.0490211691067,-402.1086182053649,-533.9834944347128,377.9172481673611,-667.5896542348822,544.8548696271854,-519.5159458163829,654.8493673156486,110.97775782750627,-309.9047165400511,-192.4729642690282,-120.6536184201622,57.131284654645114,13.52149794378195,-212.7683460631929,488.5411736503693
