V1,V2,V3,V4,V5,V6,V7,V8,V9,V10,V11,V12,V13,V14,V15,V16,V17,V18,V19,V20,V21,V22,V23,V24,V25,V26,V27,V28,V29,V30
0.6322170544292682,-0.0947413735920128,0.3363081812275589,-0.18719322966810986,0.5335686465160854,-0.11612950110546649,0.17053311626458706,1.6570192297764264,-0.04540924847718343,-0.6813029654639392,-0.6634103945200962,-0.02711158128179063,0.4956452623334521,-0.16230415858374644,0.7474598187143199,0.3280915533233119,0.25935700579036053,0.020487011924531198,0.5878720028435889,-0.015174700826702288,-0.33407452958622635,0.503910383318825,-0.5322117556818667,0.24505974409733763,-0.11422829013795266,-0.49824780354071835,-0.8843398186532566,-0.011228163041775707,-0.11292439654916199,-1.0216844794066566
-0.0947413735920128,3.377954234953631,-0.18391054134491838,-0.30362220137950724,-1.6109056734575418,0.9082453374891684,0.02553720461257338,-0.5309957300301749,-0.7046888678629708,1.4454854722940955,2.0415099827141203,-0.43259591024189564,0.8401489757387385,-0.24127158445309832,2.169613742470749,0.630792699857788,-0.4271483608603868,0.11585533952669062,-0.6368083794514366,-1.3354788330777996,-0.377431399767582,-0.9641772703698065,0.012996593684978372,0.8058666105862948,2.025319997677885,1.1438249342914868,0.6900040426052307,-1.7233057944358723,0.7569658311679647,0.7683033455076622
0.3363081812275589,-0.18391054134491838,0.19680112510099845,-0.04452463154477688,0.3121918651235947,-0.12672695692786723,0.13421790358416602,0.8089346011546872,-0.02952538108915744,-0.3773041409593804,-0.4570296166923608,-0.021702735645696556,0.1784529706174426,-0.08635999491672154,0.18418124401752584,0.2187032887976478,0.20785602909405673,0.00661160714398143,0.3943392021610663,0.05950157307485982,-0.1670591477277847,0.23575599120021137,-0.3514924114955445,0.0330516088921379,-0.1962367891627789,-0.3340328957903184,-0.465605633895879,0.10313877704721464,-0.06842279286916984,-0.5507889179711872
-0.18719322966810986,-0.30362220137950724,-0.04452463154477688,0.2466342103329048,-0.06496654869259284,-0.1733169998283218,0.2403511420648641,-0.6581862816568641,-0.07959476412033256,0.09864401256706176,-0.16291615267132492,-0.04142207255325741,-0.3738487420645867,0.0509915324286094,-0.9532679250825186,0.15779617606648522,0.21314710587513327,0.015210619624018186,0.10113993997930887,0.34107961388914304,0.1400207746990791,-0.3875017233417713,-0.06855464739481379,-0.4820051928731566,-0.4520963332604007,-0.2050307661273427,0.21180506455359813,0.3052006480755833,-0.11518941787831952,0.267690089666182
0.5335686465160854,-1.6109056734575418,0.3121918651235947,-0.06496654869259284,1.3603891897482931,-0.48290599735836615,0.3774957610760999,1.9585046452312824,0.23997901441839356,-1.5406663926729895,-1.5763549294361292,0.21183435934718442,0.19472446645562458,0.042638013562146866,-0.3445294216573661,0.003701795526531506,0.43736036792152977,0.04365497521769804,0.6481604314786826,0.9633404940991991,-0.02013395112977817,0.7435919101285966,-0.22653732117606437,-0.3063809053546554,-1.1320294818743053,-1.2500491928538684,-1.2886404733468761,0.6624145706792356,-0.8630185818331951,-1.2671382665992323
-0.11612950110546649,0.9082453374891684,-0.12672695692786723,-0.1733169998283218,-0.48290599735836615,0.3509007729889429,-0.28696094896439706,-0.2758088670228493,-0.04266708019689694,0.5012667755434468,0.7869092121859972,-0.04074405560622379,0.23697485721434167,-0.028935385794182682,0.8663943661932857,-0.14395952818199634,-0.35768466157857004,-0.008734464601030816,-0.41864719950611184,-0.5621765184860087,-0.05993297434274526,-0.05434095974829181,0.24268445154660603,0.4566480290721879,0.798868920730909,0.6151709086264493,0.34203332733865666,-0.5461352840643304,0.33121380849777154,0.3452572116166465
0.17053311626458706,0.02553720461257338,0.13421790358416602,0.2403511420648641,0.3774957610760999,-0.28696094896439706,1.3021264062421039,0.7671015869991721,-0.5367139265076116,-0.7681154797180977,-0.8337361987641249,-0.18408877997151557,0.1658910444461476,0.003237972425186631,-0.9522978588157298,1.0045166983020255,0.7933626072829483,0.2472077438288698,0.5330216047926487,1.2146052894462294,0.03383851422293538,-0.8922343171903356,-0.372923085633906,-1.0152019482307444,-0.9756056899394343,-1.4120157574858636,-0.7727956035796109,0.09048255121834455,-1.0443644014094968,-0.4391272049125469
1.6570192297764264,-0.5309957300301749,0.8089346011546872,-0.6581862816568641,1.9585046452312824,-0.2758088670228493,0.7671015869991721,5.285474578950382,-0.06052685449185479,-2.5825835577075043,-2.059707080425855,0.08279739267708945,1.6600386383981993,-0.28066405142852874,2.157930578928284,0.7013020547199706,0.6557536851787458,0.17776272780101002,1.2835296221107337,0.6587928625114379,-0.7098310712603076,1.4030507143293456,-0.8998159280483538,0.500557717235217,-0.5420545544917165,-1.9079397329236634,-2.9121873637307396,-0.17058277053709872,-1.1315807463452405,-2.978696167419445
-0.04540924847718343,-0.7046888678629708,-0.02952538108915744,-0.07959476412033256,0.23997901441839356,-0.04266708019689694,-0.5367139265076116,-0.06052685449185479,0.3886086014943835,-0.07044652543869484,-0.08176821063565079,0.18999125318790588,-0.16919761067156402,0.06515734724781788,0.06222199097203182,-0.5952359926493023,-0.27422445512713917,-0.11358958373745488,-0.14640909046658204,-0.18578740369074104,0.07333790897147305,0.6160803058329634,0.23068871790776405,0.28810593205046164,0.010537904429732192,0.31013413481886104,0.10454978618889602,0.2685062211823295,0.19319524610218997,-0.018529658055881585
-0.6813029654639392,1.4454854722940955,-0.3773041409593804,0.09864401256706176,-1.5406663926729895,0.5012667755434468,-0.7681154797180977,-2.5825835577075043,-0.07044652543869484,1.8956701836134646,1.8079525623233557,-0.16497821209804314,-0.45158175649739585,-0.024697472353805382,0.23749315626875372,-0.3066826994480989,-0.6310657636970343,-0.13570364578510968,-0.7827867869518133,-1.2833886748524368,0.06537556758155111,-0.5790210875040387,0.3100491022073992,0.4658934525554803,1.28233181756646,1.6995217521948651,1.694619848408779,-0.5338936143717695,1.2327386835686511,1.5591913061477845
-0.6634103945200962,2.0415099827141203,-0.4570296166923608,-0.16291615267132492,-1.5763549294361292,0.7869092121859972,-0.8337361987641249,-2.059707080425855,-0.08176821063565079,1.8079525623233557,2.191601122824906,-0.127481798069036,0.008182404692653342,-0.00880676766696843,1.1959309347445415,-0.4512683297977767,-0.8992763121053221,-0.081859565371683,-1.1514156353118201,-1.4238383994069943,0.03598030402651628,-0.4852664524440464,0.657616723262907,0.8293920011774434,1.8150237930501218,1.841693301706765,1.5359324245371546,-1.057393548623889,1.0920364010579644,1.5169026192801918
-0.02711158128179063,-0.43259591024189564,-0.021702735645696556,-0.04142207255325741,0.21183435934718442,-0.04074405560622379,-0.18408877997151557,0.08279739267708945,0.18999125318790588,-0.16497821209804314,-0.127481798069036,0.11215079417061977,-0.05898220562827209,0.05572621006872812,-0.0320748770287691,-0.2906237716851532,-0.10702725223545119,-0.03492955433786875,-0.08351329365676832,0.056847718978971576,0.07019563279858716,0.28453024323563564,0.16806105345470965,0.06979202793084956,-0.08922178538132614,0.02342711047309281,-0.039332622404143903,0.14728452740322834,-0.050026017358843246,-0.05216473900785641
0.4956452623334521,0.8401489757387385,0.1784529706174426,-0.3738487420645867,0.19472446645562458,0.23697485721434167,0.1658910444461476,1.6600386383981993,-0.16919761067156402,-0.45158175649739585,0.008182404692653342,-0.05898220562827209,0.8623030947589324,-0.14232067112525681,1.5503595119246936,0.28218631039540787,-0.018614344378860885,0.0893266917690345,0.10871340386145681,-0.21853347098132503,-0.32572944392654346,0.2772214659227127,-0.15385917121461076,0.5144710973736855,0.5345673469778602,-0.2109072521070467,-0.7611687386622441,-0.6408487167548831,-0.16654925909826465,-0.7423013129886552
-0.16230415858374644,-0.24127158445309832,-0.08635999491672154,0.0509915324286094,0.042638013562146866,-0.028935385794182682,0.003237972425186631,-0.28066405142852874,0.06515734724781788,-0.024697472353805382,-0.00880676766696843,0.05572621006872812,-0.14232067112525681,0.07942098051904045,-0.32843230077482866,-0.1461242979900884,-0.03852356427361633,0.004441984272364888,-0.14487701821981636,0.19355448770613468,0.13664707651528452,-0.06344921452909635,0.2040368503903794,-0.14546109290117223,-0.1456264973455359,-0.03250308436637736,0.1079976686537356,0.1029399364701288,-0.1370743397071176,0.17983128427463402
0.7474598187143199,2.169613742470749,0.18418124401752584,-0.9532679250825186,-0.3445294216573661,0.8663943661932857,-0.9522978588157298,2.157930578928284,0.06222199097203182,0.23749315626875372,1.1959309347445415,-0.0320748770287691,1.5503595119246936,-0.32843230077482866,4.141295088567966,-0.29144096218181514,-0.8526147688721214,-0.06210517100380958,-0.37605884642489834,-1.8789358204987159,-0.729791622787193,1.1831368216886835,-6.464465293072679e-4,2.0759170303985837,2.299385202869076,1.212081381721936,-0.4932988853778029,-1.5606471586155242,0.9154065585115473,-0.7981421899618684
0.3280915533233119,0.630792699857788,0.2187032887976478,0.15779617606648522,0.003701795526531506,-0.14395952818199634,1.0045166983020255,0.7013020547199706,-0.5952359926493023,-0.3066826994480989,-0.4512683297977767,-0.2906237716851532,0.28218631039540787,-0.1461242979900884,-0.29144096218181514,1.1009335422811577,0.6816140823902235,0.17894873272093517,0.632340685624823,0.5140083900182173,-0.20113306718960297,-0.7660450807249038,-0.6732833404996934,-0.5802301714864172,-0.4285550898898542,-0.9034370334440452,-0.575245327189296,-0.14266255100273173,-0.44672344990858603,-0.447995190549326
0.25935700579036053,-0.4271483608603868,0.20785602909405673,0.21314710587513327,0.43736036792152977,-0.35768466157857004,0.7933626072829483,0.6557536851787458,-0.27422445512713917,-0.6310657636970343,-0.8992763121053221,-0.10702725223545119,-0.018614344378860885,-0.03852356427361633,-0.8526147688721214,0.6816140823902235,0.6471503323177361,0.1128982557470951,0.6450764065881092,0.7908342721494426,-0.03958342789006227,-0.36067983873035586,-0.5041761298969858,-0.6951003535766432,-0.8975470267381208,-1.0271383840332438,-0.623065759229686,0.35683984815060765,-0.578462691174016,-0.5303556846768668
0.020487011924531198,0.11585533952669062,0.00661160714398143,0.015210619624018186,0.04365497521769804,-0.008734464601030816,0.2472077438288698,0.17776272780101002,-0.11358958373745488,-0.13570364578510968,-0.081859565371683,-0.03492955433786875,0.0893266917690345,0.004441984272364888,-0.06210517100380958,0.17894873272093517,0.1128982557470951,0.05694812635007352,0.038124223452331074,0.21208727378220651,0.007402999435334084,-0.18594302322202344,-0.01584271717001931,-0.1531677170409498,-0.10367701666983309,-0.24092765093367233,-0.14786946188605826,-0.0659206107084233,-0.21736385472411365,-0.06203456618904948
0.5878720028435889,-0.6368083794514366,0.3943392021610663,0.10113993997930887,0.6481604314786826,-0.41864719950611184,0.5330216047926487,1.2835296221107337,-0.14640909046658204,-0.7827867869518133,-1.1514156353118201,-0.08351329365676832,0.10871340386145681,-0.14487701821981636,-0.37605884642489834,0.632340685624823,0.6450764065881092,0.038124223452331074,0.946883720598763,0.45405078093891665,-0.24722249402832205,0.17360411160198475,-0.8178726162160241,-0.3454983768957938,-0.8170099527269553,-0.9465972739680452,-0.8826394276668379,0.4600890319809977,-0.2934640559382265,-1.0044914660497917
-0.015174700826702288,-1.3354788330777996,0.05950157307485982,0.34107961388914304,0.9633404940991991,-0.5621765184860087,1.2146052894462294,0.6587928625114379,-0.18578740369074104,-1.2833886748524368,-1.4238383994069943,0.056847718978971576,-0.21853347098132503,0.19355448770613468,-1.8789358204987159,0.5140083900182173,0.7908342721494426,0.21208727378220651,0.45405078093891665,1.8456549362181365,0.3407807301140992,-0.5820919104591383,-0.009643582023751231,-1.356814746827074,-1.7017578312315629,-1.7457655608187126,-0.8670290550571953,0.7014017477156167,-1.4680093047606615,-0.45548698717466246
-0.33407452958622635,-0.377431399767582,-0.1670591477277847,0.1400207746990791,-0.02013395112977817,-0.05993297434274526,0.03383851422293538,-0.7098310712603076,0.07333790897147305,0.06537556758155111,0.03598030402651628,0.07019563279858716,-0.32572944392654346,0.13664707651528452,-0.729791622787193,-0.20113306718960297,-0.03958342789006227,0.007402999435334084,-0.24722249402832205,0.3407807301140992,0.25752955169028324,-0.23246448422424776,0.3301353577238927,-0.32795727646964423,-0.27566674672841496,-0.026880450677903588,0.29243303729453496,0.19985177827577685,-0.20104187724311529,0.42045374934379454
0.503910383318825,-0.9641772703698065,0.23575599120021137,-0.3875017233417713,0.7435919101285966,-0.05434095974829181,-0.8922343171903356,1.4030507143293456,0.6160803058329634,-0.5790210875040387,-0.4852664524440464,0.28453024323563564,0.2772214659227127,-0.06344921452909635,1.1831368216886835,-0.7660450807249038,-0.36067983873035586,-0.18594302322202344,0.17360411160198475,-0.5820919104591383,-0.23246448422424776,1.5548958196746046,-0.04705931007344248,0.930382129936539,0.2242605619879592,0.30719616858262566,-0.5434355205538296,0.2504226487311897,0.3824246844783116,-0.9038451995017269
-0.5322117556818667,0.012996593684978372,-0.3514924114955445,-0.06855464739481379,-0.22653732117606437,0.24268445154660603,-0.372923085633906,-0.8998159280483538,0.23068871790776405,0.3100491022073992,0.657616723262907,0.16806105345470965,-0.15385917121461076,0.2040368503903794,-6.464465293072679e-4,-0.6732833404996934,-0.5041761298969858,-0.01584271717001931,-0.8178726162160241,-0.009643582023751231,0.3301353577238927,-0.04705931007344248,0.851866390977755,0.11414333162474806,0.3507322769546457,0.5171333111432501,0.5642217036529971,-0.18702302961929174,-0.0679785398085578,0.7449765789167584
0.24505974409733763,0.8058666105862948,0.0330516088921379,-0.4820051928731566,-0.3063809053546554,0.4566480290721879,-1.0152019482307444,0.500557717235217,0.28810593205046164,0.4658934525554803,0.8293920011774434,0.06979202793084956,0.5144710973736855,-0.14546109290117223,2.0759170303985837,-0.5802301714864172,-0.6951003535766432,-0.1531677170409498,-0.3454983768957938,-1.356814746827074,-0.32795727646964423,0.930382129936539,0.11414333162474806,1.3154889795317655,1.3539643652895095,1.156577370439504,0.16727726540352486,-0.6199616348684157,0.9076708167059825,-0.14340060593783446
-0.11422829013795266,2.025319997677885,-0.1962367891627789,-0.4520963332604007,-1.1320294818743053,0.798868920730909,-0.9756056899394343,-0.5420545544917165,0.010537904429732192,1.28233181756646,1.8150237930501218,-0.08922178538132614,0.5345673469778602,-0.1456264973455359,2.299385202869076,-0.4285550898898542,-0.8975470267381208,-0.10367701666983309,-0.8170099527269553,-1.7017578312315629,-0.27566674672841496,0.2242605619879592,0.3507322769546457,1.3539643652895095,2.0153055499083745,1.6955719887840495,0.8273286277613789,-1.1884799070857133,1.1501430220792692,0.6425791444624006
-0.49824780354071835,1.1438249342914868,-0.3340328957903184,-0.2050307661273427,-1.2500491928538684,0.6151709086264493,-1.4120157574858636,-1.9079397329236634,0.31013413481886104,1.6995217521948651,1.841693301706765,0.02342711047309281,-0.2109072521070467,-0.03250308436637736,1.212081381721936,-0.9034370334440452,-1.0271383840332438,-0.24092765093367233,-0.9465972739680452,-1.7457655608187126,-0.026880450677903588,0.30719616858262566,0.5171333111432501,1.156577370439504,1.6955719887840495,2.1042211950470806,1.520072879545023,-0.5956797623391502,1.4886039147006949,1.2225170669134753
-0.8843398186532566,0.6900040426052307,-0.465605633895879,0.21180506455359813,-1.2886404733468761,0.34203332733865666,-0.7727956035796109,-2.9121873637307396,0.10454978618889602,1.694619848408779,1.5359324245371546,-0.039332622404143903,-0.7611687386622441,0.1079976686537356,-0.4932988853778029,-0.575245327189296,-0.623065759229686,-0.14786946188605826,-0.8826394276668379,-0.8670290550571953,0.29243303729453496,-0.5434355205538296,0.5642217036529971,0.16727726540352486,0.8273286277613789,1.520072879545023,1.7629801625346646,-0.16682899339897994,0.9724035706473565,1.7054813730141496
-0.011228163041775707,-1.7233057944358723,0.10313877704721464,0.3052006480755833,0.6624145706792356,-0.5461352840643304,0.09048255121834455,-0.17058277053709872,0.2685062211823295,-0.5338936143717695,-1.057393548623889,0.14728452740322834,-0.6408487167548831,0.1029399364701288,-1.5606471586155242,-0.14266255100273173,0.35683984815060765,-0.0659206107084233,0.4600890319809977,0.7014017477156167,0.19985177827577685,0.2504226487311897,-0.18702302961929174,-0.6199616348684157,-1.1884799070857133,-0.5956797623391502,-0.16682899339897994,1.0173845031775972,-0.281195917242547,-0.2362969780229721
-0.11292439654916199,0.7569658311679647,-0.06842279286916984,-0.11518941787831952,-0.8630185818331951,0.33121380849777154,-1.0443644014094968,-1.1315807463452405,0.19319524610218997,1.2327386835686511,1.0920364010579644,-0.050026017358843246,-0.16654925909826465,-0.1370743397071176,0.9154065585115473,-0.44672344990858603,-0.578462691174016,-0.21736385472411365,-0.2934640559382265,-1.4680093047606615,-0.20104187724311529,0.3824246844783116,-0.0679785398085578,0.9076708167059825,1.1501430220792692,1.4886039147006949,0.9724035706473565,-0.281195917242547,1.3310637747964353,0.5833584840309188
-1.0216844794066566,0.7683033455076622,-0.5507889179711872,0.267690089666182,-1.2671382665992323,0.3452572116166465,-0.4391272049125469,-2.978696167419445,-0.018529658055881585,1.5591913061477845,1.5169026192801918,-0.05216473900785641,-0.7423013129886552,0.17983128427463402,-0.7981421899618684,-0.447995190549326,-0.5303556846768668,-0.06203456618904948,-1.0044914660497917,-0.45548698717466246,0.42045374934379454,-0.9038451995017269,0.7449765789167584,-0.14340060593783446,0.6425791444624006,1.2225170669134753,1.7054813730141496,-0.2362969780229721,0.5833584840309188,1.8376279321794078
