V1,V2,V3,V4,V5,V6,V7,V8,V9,V10,V11,V12,V13,V14,V15,V16,V17,V18,V19,V20,V21,V22,V23,V24,V25,V26,V27,V28,V29,V30
5.464982719817289,1.2391318601322303,5.009276939824824,3.793077891086415,-6.189305094526339,-3.7382782058251527,-3.048353240851313,-7.503421712483537,-2.1650639087272063,10.068099279146555,-2.552189659653033,-3.8386735812224204,-5.856713883235081,-4.407546073739398,-4.930842275596559,8.170835541145552,5.375496458017656,-2.3943087901065283,13.209064930597636,-11.98389510593314,-5.996388343103139,0.909395247952822,-17.277010243830002,1.4249084498170574,-0.5912968607026252,5.406584961570462,4.666065827001571,6.202227271760934,15.678024153987021,-2.806688862419915
1.2391318601322303,1.526466566232513,0.8897588472071385,0.13849102097779017,-1.184924777102157,-0.13858469279655597,-0.8628118595638404,-0.009629379974655664,-0.39218416807411843,1.6907800264721753,0.2587523899079005,-0.6706936165211392,-0.054472419187897005,-0.8118861919183193,1.4516683893091336,1.2333592126841868,0.4503159857277688,-0.3938817734051342,1.7973373127919832,-2.7696073904201266,-1.3194209940282147,0.607780296832002,-2.696791608693698,1.2690079703348203,1.1480490102240444,1.4612676462043426,0.46507267230635096,0.05303391237747117,2.852225649400564,-0.8121413106918208
5.009276939824824,0.8897588472071385,4.689649492142923,3.73183688524394,-5.69124450357302,-3.669060525424574,-2.755943399669128,-7.245245288797734,-2.0258393754102624,9.337688136828472,-2.564558479899322,-3.613027294926371,-5.68358175571472,-3.9719351029326058,-5.053638558439438,7.646602421271478,5.151812909592261,-2.2640401172631086,12.265120115061578,-10.892344388748555,-5.495509163924846,0.694527533736648,-16.111854501252488,1.1019902296807325,-0.8134881372401582,4.989411178292044,4.449784581538901,5.976938311466182,14.508854328185391,-2.4863858982170974
3.793077891086415,0.13849102097779017,3.73183688524394,3.30683793594833,-4.365387236600993,-3.238460446962679,-2.0060878200204164,-6.264189975297303,-1.609232001143375,7.312914692178847,-2.392983706378548,-2.9051478701521307,-4.9477416401254075,-2.928154724155466,-4.9718257748755,6.109060020731757,4.341735500990445,-1.8392597183680655,9.681454893684666,-8.100672484634861,-4.165414202642115,0.2625785307483607,-12.776649696598195,0.4017974267565777,-1.1949064009973207,3.798279141293417,3.709126213772177,5.1448212971277885,11.28720971629753,-1.7281546531641427
-6.189305094526339,-1.184924777102157,-5.69124450357302,-4.365387236600993,7.067070167886336,4.303639579438973,3.422395437967952,8.784034009394139,2.455757117611115,-11.509582993185962,3.011951909893771,4.346019219338722,6.818957748557513,5.082287873135768,6.0323622747896835,-9.34482608798552,-6.186062701909107,2.7154365845289083,-15.216345606911707,13.607628944575405,6.805726567282727,-0.99866958262573,19.758580548023808,-1.4615962896064327,0.8879673157605275,-6.034955874066165,-5.357616501231383,-7.250784988954181,-17.886791077219854,3.1706219256087285
-3.7382782058251527,-0.13858469279655597,-3.669060525424574,-3.238460446962679,4.303639579438973,3.173926205261382,1.9791413462604028,6.162435805101484,1.5832093963968106,-7.208009166008311,2.3445912133487603,2.8568240831551797,4.865164360395111,2.901989668412195,4.886543070447359,-6.013762291652924,-4.2651564746454165,1.80632546433879,-9.550773940986925,7.996668237884561,4.105349547892493,-0.26618332906077524,12.586164668104463,-0.39852804790274377,1.171178865090472,-3.7326889964808796,-3.645893222513191,-5.063280099647165,-11.120182064295635,1.7139986332919468
-3.048353240851313,-0.8628118595638404,-2.755943399669128,-2.0060878200204164,3.422395437967952,1.9791413462604028,1.7256062208902514,3.946845840027202,1.1932610461203963,-5.53560355087807,1.3007874560105108,2.1113125322060844,3.087009502562786,2.441299386387572,2.3896060911422095,-4.46914507260509,-2.885963558521344,1.3117727477560717,-7.2086877352670085,6.698548615452049,3.338773853185943,-0.565416963415253,9.467502909672845,-0.9251785574948416,0.15034473219576516,-3.043357879333851,-2.5163405525811284,-3.27019276906833,-8.646285724119569,1.5964250749599933
-7.503421712483537,-0.009629379974655664,-7.245245288797734,-6.264189975297303,8.784034009394139,6.162435805101484,3.946845840027202,12.629073486027405,3.118687055219656,-14.621414418059594,4.687261693484839,5.570624127313131,9.809263780328958,6.238974669120247,10.289449309878771,-12.083323009178347,-8.47376119224821,3.514993054336842,-19.715070104046145,16.33007885662737,8.28495237977774,-0.6712821547962214,25.39749191338433,-0.6647985784722491,2.568515300183156,-7.151249593902485,-7.247329824743716,-10.372105381738018,-22.48681530777429,3.5758851009321386
-2.1650639087272063,-0.39218416807411843,-2.0258393754102624,-1.609232001143375,2.455757117611115,1.5832093963968106,1.1932610461203963,3.118687055219656,0.8763392595010101,-4.03264737441356,1.1015324988716764,1.5640397027141506,2.451029616614962,1.7134324056171406,2.164053165621662,-3.3013876527694452,-2.222435561729639,0.9785586267266063,-5.291129786430362,4.706535410593102,2.37356138197858,-0.29885337373749693,6.958548793397406,-0.48000138622265764,0.3426823692424391,-2.161122594623554,-1.9207747192860247,-2.5744634279725775,-6.263850816559011,1.0771917579066206
10.068099279146555,1.6907800264721753,9.337688136828472,7.312914692178847,-11.509582993185962,-7.208009166008311,-5.53560355087807,-14.621414418059594,-4.03264737441356,18.831375194147594,-5.089561892412784,-7.159020568088578,-11.385443619851952,-8.225749197263562,-10.299650406814507,15.341914808598217,10.256958886058072,-4.47552665306173,24.91663562470077,-22.065899230929745,-11.067110168427012,1.4931056916786747,-32.40475767619796,2.1776122392472903,-1.6954312040102633,9.836736199101708,8.86923798437341,12.065405031114047,29.216898287325066,-5.096370177822079
-2.552189659653033,0.2587523899079005,-2.564558479899322,-2.392983706378548,3.011951909893771,2.3445912133487603,1.3007874560105108,4.687261693484839,1.1015324988716764,-5.089561892412784,1.8316647304726958,1.9871204562084144,3.6648428866038847,2.059843196199085,4.0716425106188705,-4.274401504230752,-3.1153273012409257,1.2654671161589828,-6.882388517971426,5.464109807571447,2.819399979261126,-0.08894956801148822,8.926823097553159,-0.01237424615633528,1.1626587258723735,-2.458508140865038,-2.643703211240672,-3.83757831996319,-7.798777547696794,1.1264949628434098
-3.8386735812224204,-0.6706936165211392,-3.613027294926371,-2.9051478701521307,4.346019219338722,2.8568240831551797,2.1113125322060844,5.570624127313131,1.5640397027141506,-7.159020568088578,1.9871204562084144,2.8011597188880883,4.395834078458632,3.0027850044481283,3.8910920281946226,-5.877264397571478,-3.9796969892379574,1.7531273309139617,-9.373247949931223,8.313792980283289,4.204638691128816,-0.4957807761942729,12.37614319593104,-0.823260439103148,0.6377864831699818,-3.8573256530791844,-3.4383989935823216,-4.598755446503663,-11.114510318924868,1.8898726215345385
-5.856713883235081,-0.054472419187897005,-5.68358175571472,-4.9477416401254075,6.818957748557513,4.865164360395111,3.087009502562786,9.809263780328958,2.451029616614962,-11.385443619851952,3.6648428866038847,4.395834078458632,7.664917103510006,4.775783628570968,7.937954003978649,-9.434557005448314,-6.640165273332018,2.7716743605517333,-15.272959014801438,12.681096235787413,6.4537525724683364,-0.4796867912843105,19.811620103565936,-0.5336097210024552,1.96622126722191,-5.661472273171342,-5.681044324006905,-8.06098033409814,-17.513472893363623,2.7636755890998326
-4.407546073739398,-0.8118861919183193,-3.9719351029326058,-2.928154724155466,5.082287873135768,2.901989668412195,2.441299386387572,6.238974669120247,1.7134324056171406,-8.225749197263562,2.059843196199085,3.0027850044481283,4.775783628570968,3.8106164270433482,4.313378610620829,-6.609046985758221,-4.2964304687733765,1.8664920057651722,-11.007344084301705,9.834223591163106,4.862594667228585,-0.8066183093236673,14.041433333564576,-1.0469985208333108,0.6324533588629767,-4.150617231957829,-3.73132280196701,-5.154398948574688,-12.756867562807344,2.346052946852896
-4.930842275596559,1.4516683893091336,-5.053638558439438,-4.9718257748755,6.0323622747896835,4.886543070447359,2.3896060911422095,10.289449309878771,2.164053165621662,-10.299650406814507,4.0716425106188705,3.8910920281946226,7.937954003978649,4.313378610620829,9.784121693777813,-8.668795224742011,-6.475073868679569,2.48625457505704,-14.356029340384643,10.664983556734215,5.49409145607894,0.02583616991159314,18.116714911782662,0.6670472917820643,3.1935227145114857,-4.424563536336634,-5.459727857955042,-8.404284110455611,-15.606670907205721,2.1348233413764945
8.170835541145552,1.2333592126841868,7.646602421271478,6.109060020731757,-9.34482608798552,-6.013762291652924,-4.46914507260509,-12.083323009178347,-3.3013876527694452,15.341914808598217,-4.274401504230752,-5.877264397571478,-9.434557005448314,-6.609046985758221,-8.668795224742011,12.548847869041884,8.47034111094335,-3.6820304109059308,20.289039565974072,-17.8337276028866,-8.97923570607323,1.1179494205272922,-26.462376120607797,1.647940530776399,-1.5344903903266311,8.02272911237665,7.310435994486865,9.963329789091366,23.789538725771305,-4.072480483592169
5.375496458017656,0.4503159857277688,5.151812909592261,4.341735500990445,-6.186062701909107,-4.2651564746454165,-2.885963558521344,-8.47376119224821,-2.222435561729639,10.256958886058072,-3.1153273012409257,-3.9796969892379574,-6.640165273332018,-4.2964304687733765,-6.475073868679569,8.47034111094335,5.868695046280771,-2.5058229241382213,13.615505486221954,-11.634866817350748,-5.910236564958963,0.5590911385598131,-17.79766347709617,0.7926866831823599,-1.3997201036588258,5.290420431190014,5.0374715950822715,6.971928189295087,15.854109101624898,-2.5760920932354545
-2.3943087901065283,-0.3938817734051342,-2.2640401172631086,-1.8392597183680655,2.7154365845289083,1.80632546433879,1.3117727477560717,3.514993054336842,0.9785586267266063,-4.47552665306173,1.2654671161589828,1.7531273309139617,2.7716743605517333,1.8664920057651722,2.48625457505704,-3.6820304109059308,-2.5058229241382213,1.1000776985693075,-5.863765147189836,5.176525725768493,2.6240168828209622,-0.29891592269975403,7.744733116724254,-0.4954846073809039,0.42655121585345096,-2.4072382144000506,-2.161553832801452,-2.898691207641473,-6.9498289764215935,1.167290546296299
13.209064930597636,1.7973373127919832,12.265120115061578,9.681454893684666,-15.216345606911707,-9.550773940986925,-7.2086877352670085,-19.715070104046145,-5.291129786430362,24.91663562470077,-6.882388517971426,-9.373247949931223,-15.272959014801438,-11.007344084301705,-14.356029340384643,20.289039565974072,13.615505486221954,-5.863765147189836,33.2129032528653,-29.05009746018845,-14.548878979776106,1.9169458343665218,-42.873145223512914,2.5671410568712743,-2.6350681462031798,12.707375493999102,11.75545713280869,16.25430470268331,38.57867968637399,-6.695688134438493
-11.98389510593314,-2.7696073904201266,-10.892344388748555,-8.100672484634861,13.607628944575405,7.996668237884561,6.698548615452049,16.33007885662737,4.706535410593102,-22.065899230929745,5.464109807571447,8.313792980283289,12.681096235787413,9.834223591163106,10.664983556734215,-17.8337276028866,-11.634866817350748,5.176525725768493,-29.05009746018845,26.418767678410195,13.163271323361373,-2.114606925179457,37.77537961436067,-3.1954085069309555,1.2134486325347453,-11.730184371205585,-10.112925356070175,-13.503516516993308,-34.35477746936458,6.246906260634935
-5.996388343103139,-1.3194209940282147,-5.495509163924846,-4.165414202642115,6.805726567282727,4.105349547892493,3.338773853185943,8.28495237977774,2.37356138197858,-11.067110168427012,2.819399979261126,4.204638691128816,6.4537525724683364,4.862594667228585,5.49409145607894,-8.97923570607323,-5.910236564958963,2.6240168828209622,-14.548878979776106,13.163271323361373,6.583903295928973,-0.9995514624383067,18.98788230925574,-1.5383492921277833,0.688367623577334,-5.907407020919157,-5.128045457366307,-6.845521472106965,-17.228707573527167,3.081019521611967
0.909395247952822,0.607780296832002,0.694527533736648,0.2625785307483607,-0.99866958262573,-0.26618332906077524,-0.565416963415253,-0.6712821547962214,-0.29885337373749693,1.4931056916786747,-0.08894956801148822,-0.4957807761942729,-0.4796867912843105,-0.8066183093236673,0.02583616991159314,1.1179494205272922,0.5590911385598131,-0.29891592269975403,1.9169458343665218,-2.114606925179457,-0.9995514624383067,0.3657246097228505,-2.432997724302117,0.5700250390870856,0.33357784346571945,0.8702326435819988,0.5138285765308608,0.5681620220141479,2.3934410883641397,-0.5821009202354854
-17.277010243830002,-2.696791608693698,-16.111854501252488,-12.776649696598195,19.758580548023808,12.586164668104463,9.467502909672845,25.39749191338433,6.958548793397406,-32.40475767619796,8.926823097553159,12.37614319593104,19.811620103565936,14.041433333564576,18.116714911782662,-26.462376120607797,-17.79766347709617,7.744733116724254,-42.873145223512914,37.77537961436067,18.98788230925574,-2.432997724302117,55.8435892382731,-3.561796646815973,3.136401401470805,-16.922275384493425,-15.373070748209551,-20.949747011324355,-50.24706985194985,8.66773502625642
1.4249084498170574,1.2690079703348203,1.1019902296807325,0.4017974267565777,-1.4615962896064327,-0.39852804790274377,-0.9251785574948416,-0.6647985784722491,-0.48000138622265764,2.1776122392472903,-0.01237424615633528,-0.823260439103148,-0.5336097210024552,-1.0469985208333108,0.6670472917820643,1.647940530776399,0.7926866831823599,-0.4954846073809039,2.5671410568712743,-3.1954085069309555,-1.5383492921277833,0.5700250390870856,-3.561796646815973,1.099920028440312,0.8239102813220864,1.5556597283391589,0.744688068832621,0.582027619267224,3.560145937257188,-0.8807994340578329
-0.5912968607026252,1.1480490102240444,-0.8134881372401582,-1.1949064009973207,0.8879673157605275,1.171178865090472,0.15034473219576516,2.568515300183156,0.3426823692424391,-1.6954312040102633,1.1626587258723735,0.6377864831699818,1.96622126722191,0.6324533588629767,3.1935227145114857,-1.5344903903266311,-1.3997201036588258,0.42655121585345096,-2.6350681462031798,1.2134486325347453,0.688367623577334,0.33357784346571945,3.136401401470805,0.8239102813220864,1.3918477613916675,-0.36950741738781673,-1.1350312278240642,-2.0740008275151838,-2.4222558474909057,0.10169050194947443
5.406584961570462,1.4612676462043426,4.989411178292044,3.798279141293417,-6.034955874066165,-3.7326889964808796,-3.043357879333851,-7.151249593902485,-2.161122594623554,9.836736199101708,-2.458508140865038,-3.8573256530791844,-5.661472273171342,-4.150617231957829,-4.424563536336634,8.02272911237665,5.290420431190014,-2.4072382144000506,12.707375493999102,-11.730184371205585,-5.907407020919157,0.8702326435819988,-16.922275384493425,1.5556597283391589,-0.36950741738781673,5.529315564993644,4.5968055544708335,5.918350293071987,15.36962044937031,-2.7299222687600833
4.666065827001571,0.46507267230635096,4.449784581538901,3.709126213772177,-5.357616501231383,-3.645893222513191,-2.5163405525811284,-7.247329824743716,-1.9207747192860247,8.86923798437341,-2.643703211240672,-3.4383989935823216,-5.681044324006905,-3.73132280196701,-5.459727857955042,7.310435994486865,5.0374715950822715,-2.161553832801452,11.75545713280869,-10.112925356070175,-5.128045457366307,0.5138285765308608,-15.373070748209551,0.744688068832621,-1.1350312278240642,4.5968055544708335,4.330766338415394,5.967012663741245,13.716562071091865,-2.2548046006129145
6.202227271760934,0.05303391237747117,5.976938311466182,5.1448212971277885,-7.250784988954181,-5.063280099647165,-3.27019276906833,-10.372105381738018,-2.5744634279725775,12.065405031114047,-3.83757831996319,-4.598755446503663,-8.06098033409814,-5.154398948574688,-8.404284110455611,9.963329789091366,6.971928189295087,-2.898691207641473,16.25430470268331,-13.503516516993308,-6.845521472106965,0.5681620220141479,-20.949747011324355,0.582027619267224,-2.0740008275151838,5.918350293071987,5.967012663741245,8.521996266895936,18.557894709211215,-2.9674393392922016
15.678024153987021,2.852225649400564,14.508854328185391,11.28720971629753,-17.886791077219854,-11.120182064295635,-8.646285724119569,-22.48681530777429,-6.263850816559011,29.216898287325066,-7.798777547696794,-11.114510318924868,-17.513472893363623,-12.756867562807344,-15.606670907205721,23.789538725771305,15.854109101624898,-6.9498289764215935,38.57867968637399,-34.35477746936458,-17.228707573527167,2.3934410883641397,-50.24706985194985,3.560145937257188,-2.4222558474909057,15.36962044937031,13.716562071091865,18.557894709211215,45.38210652463828,-7.94998584943794
-2.806688862419915,-0.8121413106918208,-2.4863858982170974,-1.7281546531641427,3.1706219256087285,1.7139986332919468,1.5964250749599933,3.5758851009321386,1.0771917579066206,-5.096370177822079,1.1264949628434098,1.8898726215345385,2.7636755890998326,2.346052946852896,2.1348233413764945,-4.072480483592169,-2.5760920932354545,1.167290546296299,-6.695688134438493,6.246906260634935,3.081019521611967,-0.5821009202354854,8.66773502625642,-0.8807994340578329,0.10169050194947443,-2.7299222687600833,-2.2548046006129145,-2.9674393392922016,-7.94998584943794,1.5238170951339953
