V1,V2,V3,V4,V5,V6,V7,V8,V9,V10,V11,V12,V13,V14,V15,V16,V17,V18,V19,V20,V21,V22,V23,V24,V25,V26,V27,V28,V29,V30
0.9064314479810165,0.29970801782490303,0.433674892627013,-0.3871957694376991,0.7199012887954644,-0.009174410296348821,0.3491988514527676,2.668550633313411,-0.1491992747197583,-1.0422812973081397,-0.7462882549717871,-0.049962673291097826,0.9881310824184376,-0.2232280302509714,1.5285631075387336,0.5066610889448573,0.2891840615504815,0.08974583172701339,0.6551421725081711,-0.001655504475913645,-0.48934584258675773,0.626927219495147,-0.589831912170977,0.4523407023582867,0.08492199846265834,-0.7418205233650813,-1.3863704346017889,-0.3454481678641839,-0.3312023210359501,-1.4732238791220151
0.29970801782490303,3.662600539232171,-0.09863454735606329,-0.9997395106611032,-1.6049436218870028,1.3861035808169944,-1.599281231381179,0.4446637473034166,-0.026442065686126632,1.729361265804684,2.7811373917696205,-0.1773388432279507,1.4345229762780431,-0.38467414920615917,4.865467565041842,-0.5194560299934644,-1.437570170719389,-0.15492015329314077,-1.0579627288400977,-3.0651641315815006,-0.7636853669167045,0.8031345321138207,0.2646678253713415,2.6667215944033495,3.5978091633471707,2.641999667508828,0.7420366097497745,-2.230291492774723,1.9262260879400626,0.32979004382435245
0.433674892627013,-0.09863454735606329,0.22401103381861304,-0.12580626829963598,0.46955010661722796,-0.09894140293116048,0.2841879615454998,1.3063987141712534,-0.07323237372100062,-0.6396601524556947,-0.56301021080261,-0.013109351681174495,0.3974096637713156,-0.085606098849851,0.43449508392359754,0.28959079615355576,0.24280185225612147,0.05555922060797157,0.400236615094744,0.2078892580373045,-0.19327008957472475,0.25897039326353866,-0.31358087873811463,0.04487360262934052,-0.20242168192853677,-0.5515609324534668,-0.7449349558392756,-0.021392695678752356,-0.2970587978983042,-0.7604841638794816
-0.3871957694376991,-0.9997395106611032,-0.12580626829963598,0.3797267176511517,0.14373121065999364,-0.3367905402185161,0.27369965010389125,-1.032718350781695,0.05683893593810391,-0.06323599033838201,-0.42381865491110565,0.06012015324348626,-0.6934707232636642,0.17156181701269485,-1.7231577533093894,-0.045886127105351955,0.2535775574264525,0.007380191993276519,0.03324763446131121,0.7532332376469653,0.35633562307006733,-0.4161282109148904,0.13841091203018568,-0.8119427982522123,-0.9123480000703624,-0.3927457236309847,0.2975485375979306,0.6659096907678586,-0.3586731409099852,0.429086805197403
0.7199012887954644,-1.6049436218870028,0.46955010661722796,0.14373121065999364,1.5259860285142346,-0.7260376960430117,1.1662489965337082,2.346749200756925,-0.13067532487509595,-1.9017512606716778,-2.160151087779915,0.04335694524800658,0.21200493772642912,-0.016477270630681943,-1.042553919747548,0.7586100809514169,1.0239635415092307,0.16721377780725202,1.1801406378328916,1.5853690032112566,-0.07725736875001811,0.18874571316050584,-0.7067606435810533,-0.9440519280448854,-1.7801636072820586,-2.0849580687443576,-1.7230693076331087,0.8202385623876479,-1.3177347535033264,-1.592668866740994
-0.009174410296348821,1.3861035808169944,-0.09894140293116048,-0.3367905402185161,-0.7260376960430117,0.542363003140905,-0.6748663427544874,-0.19778937485428233,0.01159134442521087,0.820016805007877,1.189474492543566,-0.061706775962964935,0.4221266923405985,-0.11907222031873183,1.6872319842372927,-0.27508781092649043,-0.6023012521493707,-0.07334528905681997,-0.5045584178240897,-1.19715326718708,-0.22977384526520425,0.22818483842928677,0.18600539733091562,0.9792104224855853,1.3931095897807142,1.135837726707225,0.4828713131776703,-0.8219487000034558,0.7988248230361474,0.33373127131194635
0.3491988514527676,-1.599281231381179,0.2841879615454998,0.27369965010389125,1.1662489965337082,-0.6748663427544874,0.9717420375229129,1.240439591185347,-0.07302625890184668,-1.4043860889390303,-1.7512915325698342,0.05635682325007025,-0.15304653238240148,0.06420095470308129,-1.5211930592053926,0.5342754553453687,0.8562549733061291,0.12553669556102234,0.8698507369224283,1.4847776435393123,0.10167075566078541,-0.054234170985592245,-0.45154327103723313,-1.0473427151835246,-1.6947696199801732,-1.687315780662118,-1.116061704452583,0.8871033952844501,-1.1158161216900404,-0.9622211398154595
2.668550633313411,0.4446637473034166,1.3063987141712534,-1.032718350781695,2.346749200756925,-0.19778937485428233,1.240439591185347,7.911481465513355,-0.4424202111504398,-3.32472557291195,-2.5700668119277843,-0.12735883515087257,2.7735033045710162,-0.6188196058976987,3.9637819334270943,1.5766763702262985,1.0404921230283142,0.2873202296726902,2.0854238496309843,0.3733765676438475,-1.3665169649151816,1.7716630558560347,-1.792786251732303,1.021349576837444,-0.18957135566807296,-2.540723174897689,-4.230192883754503,-0.7572254500062712,-1.2270902426101182,-4.437944433185634
-0.1491992747197583,-0.026442065686126632,-0.07323237372100062,0.05683893593810391,-0.13067532487509595,0.01159134442521087,-0.07302625890184668,-0.4424202111504398,0.026920862241573328,0.18653153245405893,0.14459820246508265,0.007996422292152023,-0.15523549905401202,0.034620911892294305,-0.21863720063671677,-0.09161865298287619,-0.06018400166434107,-0.016739325348668732,-0.11769376744279525,-0.023879059417596285,0.07621186386730167,-0.09515444579966885,0.10115611735009232,-0.054012806857182356,0.012698059603740304,0.14499337647220042,0.2374588089162855,0.04262349260066576,0.07087424676176367,0.24830226129639787
-1.0422812973081397,1.729361265804684,-0.6396601524556947,-0.06323599033838201,-1.9017512606716778,0.820016805007877,-1.4043860889390303,-3.32472557291195,0.18653153245405893,2.4080647013892467,2.6232195676588232,-0.035584426867938196,-0.49160136880997646,0.07552045044868153,0.7842506964086392,-0.985531205658966,-1.227664842177489,-0.21158360990982847,-1.4965669657352219,-1.786263899308323,0.2120150051519032,-0.3706841936376263,0.9467090540582608,0.9488610898338039,1.9836524228078476,2.5386129175370535,2.2950042776964485,-0.8348449821863213,1.5696392346422787,2.170118737870453
-0.7462882549717871,2.7811373917696205,-0.56301021080261,-0.42381865491110565,-2.160151087779915,1.189474492543566,-1.7512915325698342,-2.5700668119277843,0.14459820246508265,2.6232195676588232,3.1912356620475335,-0.09456324946379957,0.12811490235080678,-0.08061624423147319,2.4529605481746732,-1.0054311489818015,-1.5449887063272638,-0.23196903119466342,-1.6248269251032723,-2.608457147961923,-0.10880298940694187,-0.005064800801701717,0.8781983867742948,1.7720902163583,2.9686418465543043,3.0711130110643112,2.1639529366748356,-1.5147411597061966,2.0072946759239283,1.9077727168148342
-0.049962673291097826,-0.1773388432279507,-0.013109351681174495,0.06012015324348626,0.04335694524800658,-0.061706775962964935,0.05635682325007025,-0.12735883515087257,0.007996422292152023,-0.035584426867938196,-0.09456324946379957,0.010341283564166902,-0.10425771691016349,0.026286022111058575,-0.2790125196655555,0.0016204062960389193,0.05214439390952665,0.003089753924614749,0.020692031861423404,0.13678039280549056,0.05402029195561911,-0.059882768382515786,0.012331430123568085,-0.13687511174586986,-0.16428632492968917,-0.08770665326775823,0.022773338967548518,0.11420128884184795,-0.07244315520222706,0.04452664352653075
0.9881310824184376,1.4345229762780431,0.3974096637713156,-0.6934707232636642,0.21200493772642912,0.4221266923405985,-0.15304653238240148,2.7735033045710162,-0.15523549905401202,-0.49160136880997646,0.12811490235080678,-0.10425771691016349,1.4219313122426365,-0.33998272010965047,3.02284260404124,0.3381236141886059,-0.16188034179042907,0.04039390030868372,0.3174859554814547,-0.9548515676242887,-0.7204781501586255,0.8692520904303276,-0.49955901937992647,1.2762984531256305,1.202977547028978,0.08940981430765213,-1.1382273914597767,-1.0347630371055567,0.2718730311132652,-1.3520707760282507
-0.2232280302509714,-0.38467414920615917,-0.085606098849851,0.17156181701269485,-0.016477270630681943,-0.11907222031873183,0.06420095470308129,-0.6188196058976987,0.034620911892294305,0.07552045044868153,-0.08061624423147319,0.026286022111058575,-0.33998272010965047,0.08231100669549549,-0.7570709242848409,-0.06461159126441932,0.06259930448867007,-0.005921583833991401,-0.05016642976538705,0.26818936790983616,0.17289148855119185,-0.20651164103696676,0.10525101776522258,-0.3313512321402687,-0.33286940039918395,-0.06969586928117237,0.23655945346537655,0.2697791311129353,-0.09638833703266407,0.29122626391671963
1.5285631075387336,4.865467565041842,0.43449508392359754,-1.7231577533093894,-1.042553919747548,1.6872319842372927,-1.5211930592053926,3.9637819334270943,-0.21863720063671677,0.7842506964086392,2.4529605481746732,-0.2790125196655555,3.02284260404124,-0.7570709242848409,7.925469128906591,0.004629939942246839,-1.395834716740735,-0.07660039309098467,-0.4594311513319912,-3.7632069001190103,-1.562389177403314,1.7961682958351846,-0.4284194587064277,3.8534432220649855,4.520715049520827,2.2936831048256567,-0.8651387581241619,-3.173779305715266,1.9405063287557882,-1.483747230518941
0.5066610889448573,-0.5194560299934644,0.28959079615355576,-0.045886127105351955,0.7586100809514169,-0.27508781092649043,0.5342754553453687,1.5766763702262985,-0.09161865298287619,-0.985531205658966,-1.0054311489818015,0.0016204062960389193,0.3381236141886059,-0.06461159126441932,0.004629939942246839,0.42245081003056345,0.46244206455507303,0.0872239697828832,0.6151286970243218,0.5978781836705052,-0.15679643817661623,0.22814517995133463,-0.4206680790177353,-0.24024270469386755,-0.6477074189234971,-0.9795912148527981,-1.0092401062565737,0.21620583083427905,-0.5835983358287347,-0.9819110311949437
0.2891840615504815,-1.437570170719389,0.24280185225612147,0.2535775574264525,1.0239635415092307,-0.6023012521493707,0.8562549733061291,1.0404921230283142,-0.06018400166434107,-1.227664842177489,-1.5449887063272638,0.05214439390952665,-0.16188034179042907,0.06259930448867007,-1.395834716740735,0.46244206455507303,0.7565523889481603,0.10934674410484373,0.7602159281138147,1.3243433645391658,0.10334877340292403,-0.06202318167296379,-0.38828164490740974,-0.9449596726537852,-1.5144092776576905,-1.4862395673108488,-0.9613890652801836,0.8014152120802878,-0.986618320065899,-0.8219866839631963
0.08974583172701339,-0.15492015329314077,0.05555922060797157,0.007380191993276519,0.16721377780725202,-0.07334528905681997,0.12553669556102234,0.2873202296726902,-0.016739325348668732,-0.21158360990982847,-0.23196903119466342,0.003089753924614749,0.04039390030868372,-0.005921583833991401,-0.07660039309098467,0.0872239697828832,0.10934674410484373,0.01884717077982663,0.13161696876444962,0.1605305753788549,-0.01712747345529545,0.029607084225038976,-0.08275261651378332,-0.08742619757026562,-0.17818256902341398,-0.22523800001866462,-0.20030194265610984,0.07570866973719738,-0.1398698938062168,-0.1884227197208735
0.6551421725081711,-1.0579627288400977,0.400236615094744,0.03324763446131121,1.1801406378328916,-0.5045584178240897,0.8698507369224283,2.0854238496309843,-0.11769376744279525,-1.4965669657352219,-1.6248269251032723,0.020692031861423404,0.3174859554814547,-0.05016642976538705,-0.4594311513319912,0.6151286970243218,0.7602159281138147,0.13161696876444962,0.9312242225427994,1.098546107394405,-0.13813669870565579,0.2365501283722458,-0.5923179382717243,-0.5771541091229668,-1.2187959543744946,-1.5730803108830733,-1.432748179982894,0.5080123956253125,-0.9702816620090579,-1.3571989560459685
-0.001655504475913645,-3.0651641315815006,0.2078892580373045,0.7532332376469653,1.5853690032112566,-1.19715326718708,1.4847776435393123,0.3733765676438475,-0.023879059417596285,-1.786263899308323,-2.608457147961923,0.13678039280549056,-0.9548515676242887,0.26818936790983616,-3.7632069001190103,0.5978781836705052,1.3243433645391658,0.1605305753788549,1.098546107394405,2.6457691575371562,0.5194019831542485,-0.5223314913737389,-0.39669776419670516,-2.175076140711058,-3.078717183004566,-2.4924910679367533,-1.0339434617438512,1.8218677463912911,-1.7582338581198906,-0.7012503924566221
-0.48934584258675773,-0.7636853669167045,-0.19327008957472475,0.35633562307006733,-0.07725736875001811,-0.22977384526520425,0.10167075566078541,-1.3665169649151816,0.07621186386730167,0.2120150051519032,-0.10880298940694187,0.05402029195561911,-0.7204781501586255,0.17289148855119185,-1.562389177403314,-0.15679643817661623,0.10334877340292403,-0.01712747345529545,-0.13813669870565579,0.5194019831542485,0.36614233309356126,-0.4400296331587037,0.24066911684531903,-0.6700564951465783,-0.6491632391408625,-0.08781647982542434,0.5452946682083459,0.5438242255995859,-0.16571971812896763,0.6574164009727923
0.626927219495147,0.8031345321138207,0.25897039326353866,-0.4161282109148904,0.18874571316050584,0.22818483842928677,-0.054234170985592245,1.7716630558560347,-0.09515444579966885,-0.3706841936376263,-0.005064800801701717,-0.059882768382515786,0.8692520904303276,-0.20651164103696676,1.7961682958351846,0.22814517995133463,-0.06202318167296379,0.029607084225038976,0.2365501283722458,-0.5223314913737389,-0.4400296331587037,0.5414567179738751,-0.32861405274505134,0.7421895109543237,0.6629800008532034,-0.021407245593541624,-0.7549337431886883,-0.5940618725186042,0.11791813178034849,-0.8814394561193283
-0.589831912170977,0.2646678253713415,-0.31358087873811463,0.13841091203018568,-0.7067606435810533,0.18600539733091562,-0.45154327103723313,-1.792786251732303,0.10115611735009232,0.9467090540582608,0.8781983867742948,0.012331430123568085,-0.49955901937992647,0.10525101776522258,-0.4284194587064277,-0.4206680790177353,-0.38828164490740974,-0.08275261651378332,-0.5923179382717243,-0.39669776419670516,0.24066911684531903,-0.32861405274505134,0.44468237495545093,0.03317759085639824,0.4077703349143578,0.8584201952165649,1.0579104635302878,-0.048969861777964085,0.48001523648887445,1.0640057895114658
0.4523407023582867,2.6667215944033495,0.04487360262934052,-0.8119427982522123,-0.9440519280448854,0.9792104224855853,-1.0473427151835246,1.021349576837444,-0.054012806857182356,0.9488610898338039,1.7720902163583,-0.13687511174586986,1.2762984531256305,-0.3313512321402687,3.8534432220649855,-0.24024270469386755,-0.9449596726537852,-0.08742619757026562,-0.5771541091229668,-2.175076140711058,-0.6700564951465783,0.7421895109543237,0.03317759085639824,2.0130095184929764,2.5723480577286115,1.6796148537574387,0.15974536165387399,-1.6687690551934957,1.2800955694211251,-0.15694329524141057
0.08492199846265834,3.5978091633471707,-0.20242168192853677,-0.9123480000703624,-1.7801636072820586,1.3931095897807142,-1.6947696199801732,-0.18957135566807296,0.012698059603740304,1.9836524228078476,2.9686418465543043,-0.16428632492968917,1.202977547028978,-0.33286940039918395,4.520715049520827,-0.6477074189234971,-1.5144092776576905,-0.17818256902341398,-1.2187959543744946,-3.078717183004566,-0.6491632391408625,0.6629800008532034,0.4077703349143578,2.5723480577286115,3.5918987442094377,2.8324748946530147,1.0759277786468366,-2.1537978950104164,2.0150106088072475,0.681652417190495
-0.7418205233650813,2.641999667508828,-0.5515609324534668,-0.3927457236309847,-2.0849580687443576,1.135837726707225,-1.687315780662118,-2.540723174897689,0.14499337647220042,2.5386129175370535,3.0711130110643112,-0.08770665326775823,0.08940981430765213,-0.06969586928117237,2.2936831048256567,-0.9795912148527981,-1.4862395673108488,-0.22523800001866462,-1.5730803108830733,-2.4924910679367533,-0.08781647982542434,-0.021407245593541624,0.8584201952165649,1.6796148537574387,2.8324748946530147,2.9590764840303776,2.1118657512865617,-1.4336841397180478,1.9294241710064581,1.868980817537794
-1.3863704346017889,0.7420366097497745,-0.7449349558392756,0.2975485375979306,-1.7230693076331087,0.4828713131776703,-1.116061704452583,-4.230192883754503,0.2374588089162855,2.2950042776964485,2.1639529366748356,0.022773338967548518,-1.1382273914597767,0.23655945346537655,-0.8651387581241619,-1.0092401062565737,-0.9613890652801836,-0.20030194265610984,-1.432748179982894,-1.0339434617438512,0.5452946682083459,-0.7549337431886883,1.0579104635302878,0.15974536165387399,1.0759277786468366,2.1118657512865617,2.526772150585973,-0.18492348561142624,1.1959024163815957,2.52896011403278
-0.3454481678641839,-2.230291492774723,-0.021392695678752356,0.6659096907678586,0.8202385623876479,-0.8219487000034558,0.8871033952844501,-0.7572254500062712,0.04262349260066576,-0.8348449821863213,-1.5147411597061966,0.11420128884184795,-1.0347630371055567,0.2697791311129353,-3.173779305715266,0.21620583083427905,0.8014152120802878,0.07570866973719738,0.5080123956253125,1.8218677463912911,0.5438242255995859,-0.5940618725186042,-0.048969861777964085,-1.6687690551934957,-2.1537978950104164,-1.4336841397180478,-0.18492348561142624,1.388745991879259,-1.0836747137989318,0.07616548467090471
-0.3312023210359501,1.9262260879400626,-0.2970587978983042,-0.3586731409099852,-1.3177347535033264,0.7988248230361474,-1.1158161216900404,-1.2270902426101182,0.07087424676176367,1.5696392346422787,2.0072946759239283,-0.07244315520222706,0.2718730311132652,-0.09638833703266407,1.9405063287557882,-0.5835983358287347,-0.986618320065899,-0.1398698938062168,-0.9702816620090579,-1.7582338581198906,-0.16571971812896763,0.11791813178034849,0.48001523648887445,1.2800955694211251,2.0150106088072475,1.9294241710064581,1.1959024163815957,-1.0836747137989318,1.2907407265772568,1.006095094019946
-1.4732238791220151,0.32979004382435245,-0.7604841638794816,0.429086805197403,-1.592668866740994,0.33373127131194635,-0.9622211398154595,-4.437944433185634,0.24830226129639787,2.170118737870453,1.9077727168148342,0.04452664352653075,-1.3520707760282507,0.29122626391671963,-1.483747230518941,-0.9819110311949437,-0.8219866839631963,-0.1884227197208735,-1.3571989560459685,-0.7012503924566221,0.6574164009727923,-0.8814394561193283,1.0640057895114658,-0.15694329524141057,0.681652417190495,1.868980817537794,2.52896011403278,0.07616548467090471,1.006095094019946,2.5822711558069886
