V1,V2,V3,V4,V5,V6,V7,V8,V9,V10,V11,V12,V13,V14,V15,V16,V17,V18,V19,V20,V21,V22,V23,V24,V25,V26,V27,V28,V29,V30
2.56129476301629,5.414431924022117,-7.054151543340304,-9.274534386234835,3.461812351809708,-3.9444604211508234,4.238348933677559,1.5184313274915524,-1.357425108185794,3.5389800059773386,-1.2450211949137606,2.4263790634455433,7.1803673084574235,-0.055050104604455107,2.5759511713905465,-3.5341710718734554,11.615645117818586,3.552454261829911,2.0599792241787456,9.354492868999248,4.094803375402024,-4.935261049359868,-0.9211804059913046,2.5323435975197626,-4.921960605589282,5.627531635830492,-9.674319399429573,-5.365074703268606,1.3021772286571212,-0.7823603762654818
5.414431924022117,24.17260715502853,-31.00699045805999,-41.283227515470685,15.297534117873745,-18.027996107295476,16.358385138827817,7.014217273169529,-7.660697036073939,14.139644215313947,-4.308133836082805,14.526246542824751,33.365041416906855,-1.8561759515724021,10.810654632550666,-15.02328611331449,53.96476198946494,14.57406177541359,8.622295579180575,41.01547239505616,20.549712407120406,-21.11594293956556,-4.876793848948758,10.290782489132765,-22.680495939820148,26.70682760138223,-37.91467955806777,-19.225502835203784,5.540150790674654,-3.5936408223618788
-7.054151543340304,-31.00699045805999,40.36398588370694,53.20121958456897,-19.831931436243565,22.555947378454178,-21.109919185552595,-8.947855146736988,9.69411991051069,-18.74380722180602,5.913273259355782,-18.23524492013482,-43.087279153252595,2.150223466282002,-13.881773864072176,19.016354480392145,-68.9125073620621,-19.141277089151245,-10.69635703669756,-52.91130411890443,-26.16750520912393,26.846897178067533,6.152434825766279,-13.215173562707333,29.17038520140831,-34.10204222221334,49.51816489367732,25.04726923547659,-6.906851020347109,4.805058591681732
-9.274534386234835,-41.283227515470685,53.20121958456897,70.76973640736786,-26.275968685918574,30.483187738492866,-27.949066474484965,-12.093068691725566,12.98742582516711,-24.55513155859972,7.293204338806013,-24.83469755975438,-57.30539459747861,2.9574431073529586,-18.678020726545103,25.466005750614624,-92.36748736884691,-25.013527702735537,-14.788345217032273,-70.1419412920177,-35.2445486975192,36.2131649577513,8.337286063271163,-17.70040744033281,38.786747686788644,-45.67121571929445,65.25173021145929,33.04185367626201,-9.452179068367359,6.383968227037604
3.461812351809708,15.297534117873745,-19.831931436243565,-26.275968685918574,9.787477147425175,-11.18112703881049,10.378837188032,4.4761473492721375,-4.7858824764407455,9.219674230193402,-2.77315363576499,9.117784209322377,21.28797011273164,-1.0491220920023239,6.922219964693028,-9.385003388112242,34.16771916654932,9.353746437990745,5.40748612174384,26.050420491673535,13.025193751870074,-13.38250199984271,-3.0627409485299593,6.561633796400811,-14.391359243721165,16.896777955884538,-24.352896774590032,-12.320947974036029,3.4622012329172085,-2.4069492632001483
-3.9444604211508234,-18.027996107295476,22.555947378454178,30.483187738492866,-11.18112703881049,14.034694814350994,-12.102657709787728,-5.222254435401195,5.858582897977366,-9.884025172628004,2.9287761568605353,-11.136348857305173,-24.515936945836312,1.6599914513529739,-7.961077696457782,11.486683079525971,-40.41489115508682,-10.465333428843099,-6.698236833776404,-30.313931599466358,-15.419820144921458,15.881213984550596,3.7111981101132034,-7.610752372990671,16.829234816034145,-20.020251693938228,27.364426545916295,13.946210200157527,-4.296307255533191,2.4181092112548828
4.238348933677559,16.358385138827817,-21.109919185552595,-27.949066474484965,10.378837188032,-12.102657709787728,11.350547510469868,4.684274722819036,-5.018593146149277,9.767981072862698,-3.1244657629122643,9.400655404848969,22.44823204680279,-1.1018621916173157,7.338177690206091,-10.220310768055025,36.22442383139982,10.06487115048164,5.800042577319117,27.87290671878092,13.62759912833669,-14.288924793820854,-3.2121452084573265,7.040712884686217,-15.278059545407837,17.88361870803725,-26.23671123387514,-13.495959679251122,3.7336709024609336,-2.4056577838846303
1.5184313274915524,7.014217273169529,-8.947855146736988,-12.093068691725566,4.4761473492721375,-5.222254435401195,4.684274722819036,2.1552622685124194,-2.211035554775135,4.173547244564873,-1.026777370322658,4.421188649220078,9.834496767802168,-0.46834459340434825,3.3063771847240195,-4.304839099181634,15.968664293654838,4.131045957340957,2.7050238274373504,11.848482130073954,6.178413775173298,-6.352260453839702,-1.4660816839078863,3.077052240966811,-6.599189222092355,7.873582420580503,-11.013211892227574,-5.5616627902450455,1.6836279026913163,-1.16770779483654
-1.357425108185794,-7.660697036073939,9.69411991051069,12.98742582516711,-4.7858824764407455,5.858582897977366,-5.018593146149277,-2.211035554775135,2.5610846975705717,-4.23352042615439,1.2890950685466624,-4.828380756319847,-10.544006923263229,0.7543059125023654,-3.327012156969211,4.786871330176375,-17.182146035463024,-4.476955236855897,-2.703090779266691,-12.90993003750191,-6.611046099467235,6.615638231843862,1.5873130328973095,-3.1659257460689707,7.215035911085864,-8.546575848082632,11.51854833916776,5.737590988499485,-1.7552204217036513,1.0672862171994295
3.5389800059773386,14.139644215313947,-18.74380722180602,-24.55513155859972,9.219674230193402,-9.884025172628004,9.767981072862698,4.173547244564873,-4.23352042615439,9.115447195653951,-2.7534182690876845,8.118709317918913,19.947289748618807,-0.6621380597262065,6.576881084069587,-8.487909192695811,31.474454117243216,8.968140389121743,4.91369085463356,24.29528408313748,11.938466901110846,-12.389556989981303,-2.772435841201009,6.19769042948817,-13.332408871199059,15.507697012130151,-23.441632610903955,-11.899068956720956,3.1261557993878366,-2.4579663058782475
-1.2450211949137606,-4.308133836082805,5.913273259355782,7.293204338806013,-2.77315363576499,2.9287761568605353,-3.1244657629122643,-1.026777370322658,1.2890950685466624,-2.7534182690876845,1.3738237241392692,-1.9601407436675382,-5.819524083391065,0.2923674498216686,-1.6716989676458065,2.657995559249323,-8.888040976635438,-3.006692552735896,-1.0253286590981707,-7.56832231716817,-3.1479815546032324,3.2855459200685764,0.7139217342430523,-1.707604923901864,4.047125472835381,-4.433954026854877,7.311197114174084,3.752672648232771,-0.7668302373993158,0.5400069943975435
2.4263790634455433,14.526246542824751,-18.23524492013482,-24.83469755975438,9.117784209322377,-11.136348857305173,9.400655404848969,4.421188649220078,-4.828380756319847,8.118709317918913,-1.9601407436675382,9.639745755935229,20.2833366662684,-1.3162010224807832,6.642508012908859,-8.982833784988287,33.24816806193776,8.279491867120983,5.566451326814369,24.35132762181127,13.000418219386374,-12.987811192109083,-3.1489894037892325,6.184174896965329,-13.68995100659794,16.47471493248754,-21.781551573308228,-10.800510912279703,3.493821589095459,-2.246779163018634
7.1803673084574235,33.365041416906855,-43.087279153252595,-57.30539459747861,21.28797011273164,-24.515936945836312,22.44823204680279,9.834496767802168,-10.544006923263229,19.947289748618807,-5.819524083391065,20.2833366662684,46.549552375702746,-2.3823410961327145,15.156204601990662,-20.451615865686076,74.84095969571771,20.209797097669863,11.941207598905219,56.69860263479332,28.66399526294459,-29.263228905448646,-6.785588729876917,14.297831018285283,-31.414401788055496,37.01471031347784,-52.695427655779476,-26.538107378965396,7.615489818189215,-5.283627914389095
-0.055050104604455107,-1.8561759515724021,2.150223466282002,2.9574431073529586,-1.0491220920023239,1.6599914513529739,-1.1018621916173157,-0.46834459340434825,0.7543059125023654,-0.6621380597262065,0.2923674498216686,-1.3162010224807832,-2.3823410961327145,0.40325239053359796,-0.627745562995172,1.2630813165780295,-4.123258267798252,-0.9402305615726863,-0.5970327194658842,-3.027816293283966,-1.6033959514985698,1.4686010976987607,0.41156807425950825,-0.6372076603717398,1.739154938582191,-2.103264285621842,2.209167189973686,1.04004934464405,-0.4230775294845021,0.08903560072723005
2.5759511713905465,10.810654632550666,-13.881773864072176,-18.678020726545103,6.922219964693028,-7.961077696457782,7.338177690206091,3.3063771847240195,-3.327012156969211,6.576881084069587,-1.6716989676458065,6.642508012908859,15.156204601990662,-0.627745562995172,5.137858409916482,-6.628866223052448,24.510352488585504,6.473766514483871,4.158207167145245,18.32501450547844,9.42016737051892,-9.795253246095108,-2.229515181566253,4.791562678606718,-10.14728038862448,12.057944381593359,-17.290722336603626,-8.80272736097726,2.5856785987591597,-1.8223642377557263
-3.5341710718734554,-15.02328611331449,19.016354480392145,25.466005750614624,-9.385003388112242,11.486683079525971,-10.220310768055025,-4.304839099181634,4.786871330176375,-8.487909192695811,2.657995559249323,-8.982833784988287,-20.451615865686076,1.2630813165780295,-6.628866223052448,9.525237934106334,-33.4377910194112,-8.928944757891694,-5.435762385236207,-25.394825900181218,-12.662636253387188,13.138482343716996,3.0256773517664084,-6.364809601462303,14.02539044961395,-16.55111527699715,23.273053679418833,11.913662395586126,-3.5071436520209316,2.0541112751715787
11.615645117818586,53.96476198946494,-68.9125073620621,-92.36748736884691,34.16771916654932,-40.41489115508682,36.22442383139982,15.968664293654838,-17.182146035463024,31.474454117243216,-8.888040976635438,33.24816806193776,74.84095969571771,-4.123258267798252,24.510352488585504,-33.4377910194112,121.44763704935615,32.119046939274845,19.829807122043736,91.31296136311111,46.58506977968727,-47.708666339469445,-11.09071307420422,23.14713043800023,-50.67434617496566,60.056904560902616,-84.14818974988306,-42.53162885876769,12.599035119558872,-8.265830620530489
3.552454261829911,14.57406177541359,-19.141277089151245,-25.013527702735537,9.353746437990745,-10.465333428843099,10.06487115048164,4.131045957340957,-4.476955236855897,8.968140389121743,-3.006692552735896,8.279491867120983,20.209797097669863,-0.9402305615726863,6.473766514483871,-8.928944757891694,32.119046939274845,9.188223638758691,4.876017966760642,24.98648518749297,12.090724761384749,-12.48744050937836,-2.8282857190541413,6.205254894846894,-13.693876475682693,15.88934828661591,-23.638775790507815,-12.016192353437768,3.1758966873941032,-2.242841037004735
2.0599792241787456,8.622295579180575,-10.69635703669756,-14.788345217032273,5.40748612174384,-6.698236833776404,5.800042577319117,2.7050238274373504,-2.703090779266691,4.91369085463356,-1.0253286590981707,5.566451326814369,11.941207598905219,-0.5970327194658842,4.158207167145245,-5.435762385236207,19.829807122043736,4.876017966760642,3.629235702247993,14.422651468690786,7.683162643159189,-8.058322382754309,-1.8498042026863801,3.860983964698493,-8.035291439893184,9.739360421048133,-13.32427679242985,-6.846369579553017,2.2178702747685617,-1.3718108950769758
9.354492868999248,41.01547239505616,-52.91130411890443,-70.1419412920177,26.050420491673535,-30.313931599466358,27.87290671878092,11.848482130073954,-12.90993003750191,24.29528408313748,-7.56832231716817,24.35132762181127,56.69860263479332,-3.027816293283966,18.32501450547844,-25.394825900181218,91.31296136311111,24.98648518749297,14.422651468690786,69.76399928860116,34.689670082985856,-35.678535701242815,-8.202896761809146,17.462491236072733,-38.5061585302357,45.18649787106473,-64.8462199264547,-32.888706836771206,9.293014287903835,-6.164422020549821
4.094803375402024,20.549712407120406,-26.16750520912393,-35.2445486975192,13.025193751870074,-15.419820144921458,13.62759912833669,6.178413775173298,-6.611046099467235,11.938466901110846,-3.1479815546032324,13.000418219386374,28.66399526294459,-1.6033959514985698,9.42016737051892,-12.662636253387188,46.58506977968727,12.090724761384749,7.683162643159189,34.689670082985856,18.016372531441455,-18.294315613825884,-4.2996923270190885,8.830595759697099,-19.337822821776385,23.042092502927066,-31.77532098537103,-15.945808333556943,4.844093738204885,-3.2363010601268334
-4.935261049359868,-21.11594293956556,26.846897178067533,36.2131649577513,-13.38250199984271,15.881213984550596,-14.288924793820854,-6.352260453839702,6.615638231843862,-12.389556989981303,3.2855459200685764,-12.987811192109083,-29.263228905448646,1.4686010976987607,-9.795253246095108,13.138482343716996,-47.708666339469445,-12.48744050937836,-8.058322382754309,-35.678535701242815,-18.294315613825884,19.00219088143191,4.341482689881988,-9.219053896089237,19.776341741074116,-23.526294108657172,33.16431129358551,16.915981101573678,-5.059062333424353,3.302300305529661
-0.9211804059913046,-4.876793848948758,6.152434825766279,8.337286063271163,-3.0627409485299593,3.7111981101132034,-3.2121452084573265,-1.4660816839078863,1.5873130328973095,-2.772435841201009,0.7139217342430523,-3.1489894037892325,-6.785588729876917,0.41156807425950825,-2.229515181566253,3.0256773517664084,-11.09071307420422,-2.8282857190541413,-1.8498042026863801,-8.202896761809146,-4.2996923270190885,4.341482689881988,1.045130179107189,-2.0881316193537547,4.582097178947224,-5.486968711208611,7.43299538549459,3.7223526184803206,-1.165306974929591,0.7475827998750458
2.5323435975197626,10.290782489132765,-13.215173562707333,-17.70040744033281,6.561633796400811,-7.610752372990671,7.040712884686217,3.077052240966811,-3.1659257460689707,6.19769042948817,-1.707604923901864,6.184174896965329,14.297831018285283,-0.6372076603717398,4.791562678606718,-6.364809601462303,23.14713043800023,6.205254894846894,3.860983964698493,17.462491236072733,8.830595759697099,-9.219053896089237,-2.0881316193537547,4.518801882901394,-9.636830945776579,11.401346568909076,-16.442569354441915,-8.41323510004015,2.4296289779656983,-1.6448132336783012
-4.921960605589282,-22.680495939820148,29.17038520140831,38.786747686788644,-14.391359243721165,16.829234816034145,-15.278059545407837,-6.599189222092355,7.215035911085864,-13.332408871199059,4.047125472835381,-13.68995100659794,-31.414401788055496,1.739154938582191,-10.14728038862448,14.02539044961395,-50.67434617496566,-13.693876475682693,-8.035291439893184,-38.5061585302357,-19.337822821776385,19.776341741074116,4.582097178947224,-9.636830945776579,21.324144378441268,-25.09120373078958,35.57503029893719,17.963311140020767,-5.165869676928914,3.4292641467253007
5.627531635830492,26.70682760138223,-34.10204222221334,-45.67121571929445,16.896777955884538,-20.020251693938228,17.88361870803725,7.873582420580503,-8.546575848082632,15.507697012130151,-4.433954026854877,16.47471493248754,37.01471031347784,-2.103264285621842,12.057944381593359,-16.55111527699715,60.056904560902616,15.88934828661591,9.739360421048133,45.18649787106473,23.042092502927066,-23.526294108657172,-5.486968711208611,11.401346568909076,-25.09120373078958,29.72302504626799,-41.50751146925611,-20.939364011459478,6.2060557587238945,-4.052968859287717
-9.674319399429573,-37.91467955806777,49.51816489367732,65.25173021145929,-24.352896774590032,27.364426545916295,-26.23671123387514,-11.013211892227574,11.51854833916776,-23.441632610903955,7.311197114174084,-21.781551573308228,-52.695427655779476,2.209167189973686,-17.290722336603626,23.273053679418833,-84.14818974988306,-23.638775790507815,-13.32427679242985,-64.8462199264547,-31.77532098537103,33.16431129358551,7.43299538549459,-16.442569354441915,35.57503029893719,-41.50751146925611,61.72556705884516,31.546661563942312,-8.532376766874451,6.040394691943744
-5.365074703268606,-19.225502835203784,25.04726923547659,33.04185367626201,-12.320947974036029,13.946210200157527,-13.495959679251122,-5.5616627902450455,5.737590988499485,-11.899068956720956,3.752672648232771,-10.800510912279703,-26.538107378965396,1.04004934464405,-8.80272736097726,11.913662395586126,-42.53162885876769,-12.016192353437768,-6.846369579553017,-32.888706836771206,-15.945808333556943,16.915981101573678,3.7223526184803206,-8.41323510004015,17.963311140020767,-20.939364011459478,31.546661563942312,16.308494159896018,-4.378978548403024,3.0002761280176697
1.3021772286571212,5.540150790674654,-6.906851020347109,-9.452179068367359,3.4622012329172085,-4.296307255533191,3.7336709024609336,1.6836279026913163,-1.7552204217036513,3.1261557993878366,-0.7668302373993158,3.493821589095459,7.615489818189215,-0.4230775294845021,2.5856785987591597,-3.5071436520209316,12.599035119558872,3.1758966873941032,2.2178702747685617,9.293014287903835,4.844093738204885,-5.059062333424353,-1.165306974929591,2.4296289779656983,-5.165869676928914,6.2060557587238945,-8.532376766874451,-4.378978548403024,1.3823841746450443,-0.8285081868974427
-0.7823603762654818,-3.5936408223618788,4.805058591681732,6.383968227037604,-2.4069492632001483,2.4181092112548828,-2.4056577838846303,-1.16770779483654,1.0672862171994295,-2.4579663058782475,0.5400069943975435,-2.246779163018634,-5.283627914389095,0.08903560072723005,-1.8223642377557263,2.0541112751715787,-8.265830620530489,-2.242841037004735,-1.3718108950769758,-6.164422020549821,-3.2363010601268334,3.302300305529661,0.7475827998750458,-1.6448132336783012,3.4292641467253007,-4.052968859287717,6.040394691943744,3.0002761280176697,-0.8285081868974427,0.7772608280065626
