V1,V2,V3,V4,V5,V6,V7,V8,V9,V10,V11,V12,V13,V14,V15,V16,V17,V18,V19,V20,V21,V22,V23,V24,V25,V26,V27,V28,V29,V30
293.45376154515014,-17.872337887224578,126.82139156161548,36.60029837198956,105.40317521359516,-53.274176244898115,-215.68145461354345,141.14695151006305,-21.854442034887928,18.986184040126414,-68.65651513481724,-82.98608576706657,154.7957402839201,-7.3392348424216305,-52.441466057554614,3.1127269628830696,-160.22626147774858,-69.77644783253616,74.04260344397396,66.09730818452711,28.13220932861327,-74.94043489648048,134.75447635026646,-224.47271613870038,-173.60343991595775,-7.77133646566552,-241.59620672346497,116.71457632101028,-42.54068867988846,-249.81544129407357
-17.872337887224578,2.48252086203997,-7.626907267631302,-3.249197341645369,-6.765022446335543,2.7437707884283524,13.852890403806681,-9.139446430784115,1.3669429819783383,-0.9523124363213796,4.494317381497137,5.9064583360987495,-8.68963335523317,0.5633437947334126,2.579744662796656,-0.6611053074683592,11.274820678256864,3.87238873348249,-3.832391466380128,-4.5361729693079536,-0.34058928527451937,4.690740768424787,-7.855223265985066,13.981466915504782,11.119083071965052,0.6722546229520774,15.192917941726051,-6.486702591784606,3.1927590013746023,15.705163326759887
126.82139156161548,-7.626907267631302,54.98458318759513,16.0003588322705,45.69300670424764,-23.198896318024154,-93.06525209382899,61.27093494750552,-9.364675250090944,8.237663042129176,-29.848944696780173,-36.008755624646646,67.03753237157804,-3.1047260280287556,-22.62459208805239,1.3801990856837207,-69.10805284359276,-30.202710404202435,32.34635668696249,28.438046755720897,12.13170753508294,-32.31147730336551,58.28923253797295,-97.04358201428956,-74.8988536682442,-3.2330952060561255,-104.49953717582783,50.50150332789562,-18.04061637324076,-108.2848167171292
36.60029837198956,-3.249197341645369,16.0003588322705,5.702882638331408,13.66663850784346,-6.493188318859314,-27.275127724886534,18.4910844047062,-2.630985985269542,2.2511128564616856,-9.109073261621194,-11.301398549833655,18.909149088694047,-0.9083602459222178,-5.952897436660288,0.8387665427340294,-21.037667042909526,-8.45105712633574,9.211431242661826,8.48504033275206,2.3070500324219068,-9.332589932440529,16.585750190903127,-28.302129584251283,-21.920645846544748,-0.9324536794610885,-30.68519817652896,14.120488612702047,-5.2759640976153035,-32.07744516645025
105.40317521359516,-6.765022446335543,45.69300670424764,13.66663850784346,38.176965190677926,-19.070257060729656,-77.56223923740089,51.20184866578334,-7.7645183004652445,6.811589380200762,-24.997992632922138,-30.35205154301287,55.52075521834172,-2.610192525199205,-18.527857056338767,1.3105364879877406,-57.88969043289688,-24.958151900917752,26.79865601446136,23.76376699324474,9.571271559736537,-26.786437075006138,48.291054522505924,-80.69725188414381,-62.43444862707648,-2.6872443146876694,-87.05104643324987,41.794458238251366,-15.131932156138518,-90.27104644207444
-53.274176244898115,2.7437707884283524,-23.198896318024154,-6.493188318859314,-19.070257060729656,10.219632987462663,38.75086038785127,-25.652719441501475,3.9182506957059506,-3.4960913723578972,12.443628990015744,14.67592972017736,-28.45494620847358,1.2150271669599495,9.79082715745425,-0.44497281735889466,28.47761137906734,12.866009021480735,-13.843599443779548,-11.819247145731852,-5.621179130657996,13.744953021283935,-24.720094657578535,40.83249511417762,31.184635604000007,1.2786875932104054,43.811466923231535,-21.349761081731824,7.159964470717574,45.431438867566854
-215.68145461354345,13.852890403806681,-93.06525209382899,-27.275127724886534,-77.56223923740089,38.75086038785127,158.96513711495678,-103.83809778921156,16.11994480101353,-13.846057861438098,50.51790118157789,61.369300079969534,-113.33163212360203,5.495575974272849,38.252271562950774,-2.4923194711376433,118.57625887815257,51.07043781338695,-53.91295662817348,-48.870279151339744,-20.01525490295199,55.12310353980446,-98.8202506720133,165.0750023871087,127.9393714473627,5.8778720029164,177.7274357167238,-85.47677183796594,31.780686064114665,183.6545658909859
141.14695151006305,-9.139446430784115,61.27093494750552,18.4910844047062,51.20184866578334,-25.652719441501475,-103.83809778921156,68.74306910330849,-10.368187774668659,9.107635804682733,-33.572111124716315,-40.72324166310482,74.35480221383932,-3.464999745574457,-24.76992726206466,1.814343329706773,-77.5805627514623,-33.425481134681824,35.97334401136928,31.826271600157632,12.71431323202727,-35.91420191370977,64.6939827641866,-108.15249321734987,-83.57355113932444,-3.5635645144581574,-116.66550697337594,55.92165543844803,-20.116369777018015,-121.08081882308194
-21.854442034887928,1.3669429819783383,-9.364675250090944,-2.630985985269542,-7.7645183004652445,3.9182506957059506,16.11994480101353,-10.368187774668659,1.670331011982243,-1.3932542720310248,5.012117799358023,6.068193281467931,-11.465803207595748,0.5751373599808881,3.9485597106746058,-0.21040891988656804,11.985413939461292,5.186121471388062,-5.338313960655522,-4.985035635678658,-2.1369758947449506,5.646833812649416,-10.029548658248421,16.719599837740287,12.97573293410716,0.6460754959758608,17.942857209212683,-8.662813579339387,3.318382773452715,18.437004247510895
18.986184040126414,-0.9523124363213796,8.237663042129176,2.2511128564616856,6.811589380200762,-3.4960913723578972,-13.846057861438098,9.107635804682733,-1.3932542720310248,1.2704211833352093,-4.441248274053734,-5.3214272557707565,10.137180873156412,-0.4545986466163918,-3.444304452494133,0.14251820782858582,-10.140695583064769,-4.559784054011383,4.950299991402451,4.182957049028522,1.9798333237818084,-4.779968310548209,8.751771651473593,-14.456884796709087,-11.155536298085108,-0.4463700472052778,-15.583377185812857,7.652822973529846,-2.6375459429267214,-16.15321585985843
-68.65651513481724,4.494317381497137,-29.848944696780173,-9.109073261621194,-24.997992632922138,12.443628990015744,50.51790118157789,-33.572111124716315,5.012117799358023,-4.441248274053734,16.430218695140542,19.973841152663137,-36.170576968117885,1.676781764564542,11.963785732799137,-0.9221177613617372,37.78406131615695,16.235667167665312,-17.59778667109123,-15.457368244193985,-6.061518871335951,17.392317418211125,-31.433358611846867,52.59587638093266,40.663288126605394,1.6895489287374925,56.808999926503724,-27.19730944681232,9.730948784859192,59.044235150926035
-82.98608576706657,5.9064583360987495,-36.008755624646646,-11.301398549833655,-30.35205154301287,14.67592972017736,61.369300079969534,-40.72324166310482,6.068193281467931,-5.3214272557707565,19.973841152663137,24.557961970998296,-43.44217438720888,2.095500805809944,14.18943627408024,-1.2658521346721061,46.21654694251919,19.46008118413654,-21.03918460018064,-18.82593424688752,-6.8035169925963555,20.920294525887808,-37.79724524686413,63.56955769897541,49.39602224693562,2.1103969639420805,68.7910461916243,-32.707248527250414,12.09127801394,71.48845974928565
154.7957402839201,-8.68963335523317,67.03753237157804,18.909149088694047,55.52075521834172,-28.45494620847358,-113.33163212360203,74.35480221383932,-11.465803207595748,10.137180873156412,-36.170576968117885,-43.44217438720888,82.10338189045477,-3.7756647127315635,-27.93262282393586,1.430489760229933,-83.68680717196422,-37.01166807579045,39.59153669665837,34.55827211127774,15.493732081159406,-39.43322316108092,71.28182301441778,-118.27476161258437,-91.24189289680473,-3.920279562387885,-127.2742613460326,61.89447658785068,-21.94264159223044,-131.73052386601438
-7.3392348424216305,0.5633437947334126,-3.1047260280287556,-0.9083602459222178,-2.610192525199205,1.2150271669599495,5.495575974272849,-3.464999745574457,0.5751373599808881,-0.4545986466163918,1.676781764564542,2.095500805809944,-3.7756647127315635,0.21826044099765887,1.2805704697869371,-0.09289952469716438,4.1500305133428155,1.7032948569844533,-1.6942549325967018,-1.719414221794155,-0.6234478377964175,1.886341904474892,-3.3219174063515196,5.607181028887501,4.424673002171296,0.24974664387818768,6.033844754469539,-2.8712932083053553,1.2338155655212095,6.162730333878869
-52.441466057554614,2.579744662796656,-22.62459208805239,-5.952897436660288,-18.527857056338767,9.79082715745425,38.252271562950774,-24.76992726206466,3.9485597106746058,-3.444304452494133,11.963785732799137,14.18943627408024,-27.93262282393586,1.2805704697869371,9.77079199547079,-0.306697328066367,27.978705497942716,12.661600975756988,-13.29932950195567,-11.65907736452251,-5.778018770831317,13.499797422561766,-24.287472398240322,40.0320572357153,30.786914831963976,1.4000478435005805,42.87750783405269,-21.098410740298824,7.465382768094297,44.18434160514279
3.1127269628830696,-0.6611053074683592,1.3801990856837207,0.8387665427340294,1.3105364879877406,-0.44497281735889466,-2.4923194711376433,1.814343329706773,-0.21040891988656804,0.14251820782858582,-0.9221177613617372,-1.2658521346721061,1.430489760229933,-0.09289952469716438,-0.306697328066367,0.22166659868067268,-2.198651534163172,-0.6171157173959027,0.6872391255078187,0.8357418388477919,-0.22394052819182284,-0.8001880562646567,1.3163380422008535,-2.501698767278725,-1.9929897317031828,-0.09927816213797064,-2.7787220479137824,1.0347277811196236,-0.5309824912251139,-2.9686354538751942
-160.22626147774858,11.274820678256864,-69.10805284359276,-21.037667042909526,-57.88969043289688,28.47761137906734,118.57625887815257,-77.5805627514623,11.985413939461292,-10.140695583064769,37.78406131615695,46.21654694251919,-83.68680717196422,4.1500305133428155,27.978705497942716,-2.198651534163172,89.15724230837661,37.68435196280129,-39.62836291246307,-36.64360895073207,-13.882271220692484,41.03710432587196,-73.17792969690325,122.87264743458617,95.40258814252998,4.490831561771616,132.38780546172657,-63.06304302806903,23.96684746168462,136.8473026572292
-69.77644783253616,3.87238873348249,-30.202710404202435,-8.45105712633574,-24.958151900917752,12.866009021480735,51.07043781338695,-33.425481134681824,5.186121471388062,-4.559784054011383,16.235667167665312,19.46008118413654,-37.01166807579045,1.7032948569844533,12.661600975756988,-0.6171157173959027,37.68435196280129,16.711012703609573,-17.791023443529436,-15.577240125518696,-7.080631863247106,17.828141975579097,-32.16596249732607,53.3293264176187,41.10478913569828,1.7992152334824485,57.3196213075752,-27.913702086816393,9.909222573487378,59.282111876214174
74.04260344397396,-3.832391466380128,32.34635668696249,9.211431242661826,26.79865601446136,-13.843599443779548,-53.91295662817348,35.97334401136928,-5.338313960655522,4.950299991402451,-17.59778667109123,-21.03918460018064,39.59153669665837,-1.6942549325967018,-13.29932950195567,0.6872391255078187,-39.62836291246307,-17.791023443529436,19.631822707367068,16.249097811766955,7.466450359444863,-18.617532982728218,34.164179118447585,-56.51588616793262,-43.41394600698319,-1.6168773833134293,-60.98121644943025,29.795100872570597,-9.904307900891842,-63.50641591755128
66.09730818452711,-4.5361729693079536,28.438046755720897,8.48504033275206,23.76376699324474,-11.819247145731852,-48.870279151339744,31.826271600157632,-4.985035635678658,4.182957049028522,-15.457368244193985,-18.82593424688752,34.55827211127774,-1.719414221794155,-11.65907736452251,0.8357418388477919,-36.64360895073207,-15.577240125518696,16.249097811766955,15.153411101958445,5.931152357317192,-17.03473763969952,30.238026566560016,-50.68768132103878,-39.33563586603784,-1.8853049878453885,-54.54434162474112,26.025033567047615,-9.929301294034403,-56.256681788144
28.13220932861327,-0.34058928527451937,12.13170753508294,2.3070500324219068,9.571271559736537,-5.621179130657996,-20.01525490295199,12.71431323202727,-2.1369758947449506,1.9798333237818084,-6.061518871335951,-6.8035169925963555,15.493732081159406,-0.6234478377964175,-5.778018770831317,-0.22394052819182284,-13.882271220692484,-7.080631863247106,7.466450359444863,5.931152357317192,4.224801754421769,-7.2426982524191335,13.31031438656271,-21.25661071265246,-16.130754488109314,-0.6707039317082083,-22.580233484806527,11.763099332915164,-3.680446136051669,-23.144985785983305
-74.94043489648048,4.690740768424787,-32.31147730336551,-9.332589932440529,-26.786437075006138,13.744953021283935,55.12310353980446,-35.91420191370977,5.646833812649416,-4.779968310548209,17.392317418211125,20.920294525887808,-39.43322316108092,1.886341904474892,13.499797422561766,-0.8001880562646567,41.03710432587196,17.828141975579097,-18.617532982728218,-17.03473763969952,-7.2426982524191335,19.41878657897292,-34.48056751874802,57.47905413007565,44.35529605646491,2.0928081143498396,61.69513860942654,-29.676294090020516,10.96144651794985,63.634432269238786
134.75447635026646,-7.855223265985066,58.28923253797295,16.585750190903127,48.291054522505924,-24.720094657578535,-98.8202506720133,64.6939827641866,-10.029548658248421,8.751771651473593,-31.433358611846867,-37.79724524686413,71.28182301441778,-3.3219174063515196,-24.287472398240322,1.3163380422008535,-73.17792969690325,-32.16596249732607,34.164179118447585,30.238026566560016,13.31031438656271,-34.48056751874802,62.025660849208734,-103.07706897724819,-79.53555802980739,-3.526351905276963,-110.83455549804185,53.72859386765747,-19.303385973654414,-114.6121495671639
-224.47271613870038,13.981466915504782,-97.04358201428956,-28.302129584251283,-80.69725188414381,40.83249511417762,165.0750023871087,-108.15249321734987,16.719599837740287,-14.456884796709087,52.59587638093266,63.56955769897541,-118.27476161258437,5.607181028887501,40.0320572357153,-2.501698767278725,122.87264743458617,53.3293264176187,-56.51588616793262,-50.68768132103878,-21.25661071265246,57.47905413007565,-103.07706897724819,171.884451824667,132.84860219902578,5.9819485770670155,184.951704300029,-89.10599302517885,32.530646717274614,191.2755125480616
-173.60343991595775,11.119083071965052,-74.8988536682442,-21.920645846544748,-62.43444862707648,31.184635604000007,127.9393714473627,-83.57355113932444,12.97573293410716,-11.155536298085108,40.663288126605394,49.39602224693562,-91.24189289680473,4.424673002171296,30.786914831963976,-1.9929897317031828,95.40258814252998,41.10478913569828,-43.41394600698319,-39.33563586603784,-16.130754488109314,44.35529605646491,-79.53555802980739,132.84860219902578,102.98376955567936,4.717245418372922,143.05565474613365,-68.80999177343242,25.577948786394998,147.81778887420106
-7.77133646566552,0.6722546229520774,-3.2330952060561255,-0.9324536794610885,-2.6872443146876694,1.2786875932104054,5.8778720029164,-3.5635645144581574,0.6460754959758608,-0.4463700472052778,1.6895489287374925,2.1103969639420805,-3.920279562387885,0.24974664387818768,1.4000478435005805,-0.09927816213797064,4.490831561771616,1.7992152334824485,-1.6168773833134293,-1.8853049878453885,-0.6707039317082083,2.0928081143498396,-3.526351905276963,5.9819485770670155,4.717245418372922,0.33875574692336596,6.35551585659641,-2.990687272437047,1.4233328241666214,6.399803981180847
-241.59620672346497,15.192917941726051,-104.49953717582783,-30.68519817652896,-87.05104643324987,43.811466923231535,177.7274357167238,-116.66550697337594,17.942857209212683,-15.583377185812857,56.808999926503724,68.7910461916243,-127.2742613460326,6.033844754469539,42.87750783405269,-2.7787220479137824,132.38780546172657,57.3196213075752,-60.98121644943025,-54.54434162474112,-22.580233484806527,61.69513860942654,-110.83455549804185,184.951704300029,143.05565474613365,6.35551585659641,199.19908948697045,-95.87023610450619,34.97424388641793,206.14882933149661
116.71457632101028,-6.486702591784606,50.50150332789562,14.120488612702047,41.794458238251366,-21.349761081731824,-85.47677183796594,55.92165543844803,-8.662813579339387,7.652822973529846,-27.19730944681232,-32.707248527250414,61.89447658785068,-2.8712932083053553,-21.098410740298824,1.0347277811196236,-63.06304302806903,-27.913702086816393,29.795100872570597,26.025033567047615,11.763099332915164,-29.676294090020516,53.72859386765747,-89.10599302517885,-68.80999177343242,-2.990687272437047,-95.87023610450619,46.72849293454103,-16.65810377776024,-99.17237631468971
-42.54068867988846,3.1927590013746023,-18.04061637324076,-5.2759640976153035,-15.131932156138518,7.159964470717574,31.780686064114665,-20.116369777018015,3.318382773452715,-2.6375459429267214,9.730948784859192,12.09127801394,-21.94264159223044,1.2338155655212095,7.465382768094297,-0.5309824912251139,23.96684746168462,9.909222573487378,-9.904307900891842,-9.929301294034403,-3.680446136051669,10.96144651794985,-19.303385973654414,32.530646717274614,25.577948786394998,1.4233328241666214,34.97424388641793,-16.65810377776024,7.026136861875704,35.763787766411724
-249.81544129407357,15.705163326759887,-108.2848167171292,-32.07744516645025,-90.27104644207444,45.431438867566854,183.6545658909859,-121.08081882308194,18.437004247510895,-16.15321585985843,59.044235150926035,71.48845974928565,-131.73052386601438,6.162730333878869,44.18434160514279,-2.9686354538751942,136.8473026572292,59.282111876214174,-63.50641591755128,-56.256681788144,-23.144985785983305,63.634432269238786,-114.6121495671639,191.2755125480616,147.81778887420106,6.399803981180847,206.14882933149661,-99.17237631468971,35.763787766411724,213.67519319870303
