V1,V2,V3,V4,V5,V6,V7,V8,V9,V10,V11,V12,V13,V14,V15,V16,V17,V18,V19,V20,V21,V22,V23,V24,V25,V26,V27,V28,V29,V30
2.2306252333771193,6.400664907213357,0.708429985649447,-2.313089685451742,-1.3820679943522776,2.192330453862853,-2.2298474007708213,5.4357769415394115,-0.2374170499542048,1.1221713631918548,3.1668290446595693,-0.3954129585221091,4.010119062267573,-1.1033332206929003,10.748835675943614,0.0317051034178088,-1.8358352728128988,-0.17148513853905487,-0.3596411211148105,-5.3403639243400525,-2.2365957634215996,2.6705473180036323,-0.8784451238908529,5.3427692045196995,6.092003262094376,3.2113850950882035,-1.1804033912782903,-4.118783399456451,2.9244919286067246,-2.1932644180860734
6.400664907213357,22.719632114030563,1.8026449076221154,-7.0396584964210245,-5.233166639097203,7.335834125560146,-4.906832735847038,16.554370892313518,-2.025782344769469,3.6696401524981956,10.841272914676493,-1.7071843850726975,13.203891702085345,-3.324676352189984,33.2489794765268,1.6056374989043403,-5.223662079248238,0.016245437776629765,-1.7676673215204624,-15.355316624490777,-6.719566331502442,5.684503863789967,-2.243204305066272,15.427651339390222,19.175827461797063,8.923828615605567,-3.745107626560865,-14.27340332321103,7.609298077223899,-5.927798974422368
0.708429985649447,1.8026449076221154,0.2624824186773016,-0.6312529698499736,-0.441900237021877,0.5838211780836488,-0.7099559232351473,1.4996876523097569,-0.06637871121536044,0.4195080153649744,0.8665228071158739,-0.14352135224885912,1.0832324230089403,-0.36418737102830284,3.0502461745091765,0.06391395091767192,-0.48347356025905025,-0.0836020558460849,0.04233728655215048,-1.6811902979762552,-0.7093312577150647,0.8278633805137455,-0.43624727107119227,1.5751382916131402,1.7433172482439556,0.9977528162144546,-0.2934242773636769,-1.0963548789561504,1.0269049151094318,-0.6788402705266691
-2.313089685451742,-7.0396584964210245,-0.6312529698499736,2.703613975555566,1.3264258220963996,-2.5565457814891652,2.430530441424885,-6.29418164680367,0.1687196211728304,-0.9267011898528835,-3.601347906740119,0.30617246700775824,-4.641682200975257,1.0871396940283928,-12.139925972978654,0.2637117325159455,2.2340762663690743,0.12476400007408248,0.8246415689851371,5.58750828650215,2.2983340786492876,-2.9934622721161888,0.4205294270956701,-5.931303125394086,-6.808532714854407,-3.4323766611094877,1.4571768934096245,4.764948992783558,-2.780771739518279,2.360384492005235
-1.3820679943522776,-5.233166639097203,-0.441900237021877,1.3264258220963996,1.4290091392738116,-1.5065281085828166,0.7499981573272548,-3.1489984524279424,0.7127187922824944,-1.0773029164293488,-2.3560501804689005,0.5454610151985746,-2.698688262813559,0.7948945658187875,-6.711571590675534,-0.831091569862977,0.8485331592899406,-0.032283497725321464,0.11258659006907193,3.289645455852161,1.5115745395597362,-0.7305303771135968,0.8563632541586158,-3.022452695640012,-3.9974760151973845,-1.8205302369050755,0.654820478001205,3.0425886163180267,-1.7534539877109006,1.1454540301260858
2.192330453862853,7.335834125560146,0.5838211780836488,-2.5565457814891652,-1.5065281085828166,2.535893992162672,-2.0141442866621273,5.967123154722359,-0.4132143062573099,1.0185403987750261,3.6422601662630893,-0.4164405902978152,4.575291145345872,-1.072480161662861,11.681397125613348,0.08764285650230642,-2.027891837121888,-0.04281575733893357,-0.7976658570784055,-5.293146980171404,-2.2379968786524063,2.437375781085218,-0.47384194637216437,5.543294158618897,6.629080579600762,3.1783813714255604,-1.3837471475095675,-4.822602261181922,2.5645495349183407,-2.1507928686110778
-2.2298474007708213,-4.906832735847038,-0.7099559232351473,2.430530441424885,0.7499981573272548,-2.0141442866621273,3.018618263884877,-5.617604882020231,-0.4265917174830934,-0.7325547682313387,-2.730458726736756,0.04921680277484875,-3.7263900790002804,0.9847467867444124,-10.669894963320464,0.9196178171270283,2.1820714168825694,0.34821081269585885,0.4727367159352034,5.413541540410541,2.0919633497959254,-3.7564111985787414,0.539054721023951,-5.696344876630007,-5.850183669624748,-3.472817043767535,1.2225677454085917,3.525540273600123,-3.061859613071168,2.4213963728903103
5.4357769415394115,16.554370892313518,1.4996876523097569,-6.29418164680367,-3.1489984524279424,5.967123154722359,-5.617604882020231,14.701470245706322,-0.4479298410436634,2.209374851316912,8.413038349473023,-0.7543258646103369,10.852004241115221,-2.564275221008089,28.357537291443467,-0.5123293412291515,-5.165382869990439,-0.28504907882203,-1.8575709239673082,-13.086966555181437,-5.411196656155597,6.931509373398044,-1.0820519263192947,13.836181486384353,15.909326752646317,7.995694199745407,-3.4057889078868775,-11.148204660150775,6.533700595566654,-5.531169591918917
-0.2374170499542048,-2.025782344769469,-0.06637871121536044,0.1687196211728304,0.7127187922824944,-0.4132143062573099,-0.4265917174830934,-0.4479298410436634,0.6107064891314642,-0.46189532852933823,-0.76218087979899,0.34084367670337395,-0.708251915654661,0.2235009159690419,-1.2882713598837099,-0.8230175259420619,-0.07838692795742576,-0.13666941680730216,-0.027609887912743093,0.5162333463902601,0.3571612387835111,0.6649383883732443,0.35449411649439627,-0.2916636364976462,-0.911805635920397,-0.14736279708664587,0.09332212625317911,1.0004754626476153,-0.1888767626972408,0.030770050309577898
1.1221713631918548,3.6696401524981956,0.4195080153649744,-0.9267011898528835,-1.0773029164293488,1.0185403987750261,-0.7325547682313387,2.209374851316912,-0.46189532852933823,0.9306453355630685,1.6303389925895428,-0.4220143310969107,1.8407713578846496,-0.6513215650452348,4.8612793258375255,0.6167423426877717,-0.5815075070955139,-0.04796964273305494,0.1447095934202931,-2.6764544599013718,-1.2111292391340984,0.7285272332339302,-0.9060407077497143,2.3194623773076493,2.9109533527572937,1.4889120915259713,-0.3982738071177718,-2.0429004119992156,1.6157578560767214,-0.9303736576994636
3.1668290446595693,10.841272914676493,0.8665228071158739,-3.601347906740119,-2.3560501804689005,3.6422601662630893,-2.730458726736756,8.413038349473023,-0.76218087979899,1.6303389925895428,5.304219874401058,-0.7026250151445885,6.559341847348171,-1.592579054707539,16.677975255258264,0.4012938990919813,-2.78753893186329,-0.03955711847188109,-1.0273793402933664,-7.637577224092998,-3.268723437407155,3.2311109158189235,-0.8705289978570695,7.853414113006907,9.536080625803008,4.539232794592196,-1.9223243740973333,-6.9895283256644705,3.753240289936631,-3.0297391210069002
-0.3954129585221091,-1.7071843850726975,-0.14352135224885912,0.30617246700775824,0.5454610151985746,-0.4164405902978152,0.04921680277484875,-0.7543258646103369,0.34084367670337395,-0.4220143310969107,-0.7026250151445885,0.23817352792901475,-0.7427105197863889,0.2596003036367279,-1.7666152429071302,-0.46509715333713747,0.12263778831226123,-0.03287031943389106,-0.06532045232485516,0.9198988504939348,0.46245776105868047,0.03161501053504354,0.3913188836303831,-0.7331286230620468,-1.106607975416559,-0.4566348317285496,0.13914148510189794,0.89747921126226,-0.5198702834148613,0.2697626403474091
4.010119062267573,13.203891702085345,1.0832324230089403,-4.641682200975257,-2.698688262813559,4.575291145345872,-3.7263900790002804,10.852004241115221,-0.708251915654661,1.8407713578846496,6.559341847348171,-0.7427105197863889,8.273917004928574,-1.9558626073437027,21.198348206959604,0.12001536226086965,-3.686545364254303,-0.0994535408609591,-1.4021297618359922,-9.654650783881202,-4.077004150356418,4.519668688405447,-0.9003871219608016,10.100128850222646,12.012546070310243,5.80179225941553,-2.5156598931615686,-8.689232957127665,4.717445215775271,-3.950968866530957
-1.1033332206929003,-3.324676352189984,-0.36418737102830284,1.0871396940283928,0.7948945658187875,-1.072480161662861,0.9847467867444124,-2.564275221008089,0.2235009159690419,-0.6513215650452348,-1.592579054707539,0.2596003036367279,-1.9558626073437027,0.5732996172379347,-5.194532939731686,-0.19140771062076686,0.8164472283819453,0.06900405982699662,0.09972863125683315,2.631732365680792,1.1282593464858963,-1.1345388626404795,0.5509694835241673,-2.543411374854899,-2.9882403527079613,-1.5497556143203421,0.539911594969069,2.055382950398836,-1.4709151696917655,1.0363486893458513
10.748835675943614,33.2489794765268,3.0502461745091765,-12.139925972978654,-6.711571590675534,11.681397125613348,-10.669894963320464,28.357537291443467,-1.2882713598837099,4.8612793258375255,16.677975255258264,-1.7666152429071302,21.198348206959604,-5.194532939731686,55.365682859289635,-0.2904403908294046,-9.794812002066234,-0.5308970792430966,-3.24951873211191,-25.91326234780176,-10.814713478339607,12.979141640436993,-2.7436766496471483,26.919051056501107,31.264902897117874,15.695581147839752,-6.453039639949105,-21.9680108097361,13.160358916732955,-10.711795757341328
0.0317051034178088,1.6056374989043403,0.06391395091767192,0.2637117325159455,-0.831091569862977,0.08764285650230642,0.9196178171270283,-0.5123293412291515,-0.8230175259420619,0.6167423426877717,0.4012938990919813,-0.46509715333713747,0.12001536226086965,-0.19140771062076686,-0.2904403908294046,1.2683517609472015,0.5456446826560826,0.16818181314157463,0.36958828700081375,0.02471916481564238,-0.20254925852941597,-1.3540208542921846,-0.6690768558780836,-0.5382202418312609,0.1196915199433039,-0.2778367545301978,0.17339859496516305,-0.48394832632540086,0.03964766618551341,0.29031814877333195
-1.8358352728128988,-5.223662079248238,-0.48347356025905025,2.2340762663690743,0.8485331592899406,-2.027891837121888,2.1820714168825694,-5.165382869990439,-0.07838692795742576,-0.5815075070955139,-2.78753893186329,0.12263778831226123,-3.686545364254303,0.8164472283819453,-9.794812002066234,0.5456446826560826,1.9359776179627879,0.14185258731922337,0.7694516186846438,4.472252933607998,1.7821567379168528,-2.7417155553141934,0.14789091362896276,-4.885559932279011,-5.422084774634517,-2.820535467210355,1.2079871121502477,3.6952286293115737,-2.2068529146979605,1.956571595677178
-0.17148513853905487,0.016245437776629765,-0.0836020558460849,0.12476400007408248,-0.032283497725321464,-0.04281575733893357,0.34821081269585885,-0.28504907882203,-0.13666941680730216,-0.04796964273305494,-0.03955711847188109,-0.03287031943389106,-0.0994535408609591,0.06900405982699662,-0.5308970792430966,0.16818181314157463,0.14185258731922337,0.07482022458450155,-0.06726106118560615,0.41606405591825535,0.1394045711004639,-0.43197282357154876,0.1128837859248821,-0.3965853668408889,-0.2680566839059198,-0.2879478663837831,0.0377912223870823,0.02245322880377413,-0.3308333863055483,0.205973858886514
-0.3596411211148105,-1.7676673215204624,0.04233728655215048,0.8246415689851371,0.11258659006907193,-0.7976658570784055,0.4727367159352034,-1.8575709239673082,-0.027609887912743093,0.1447095934202931,-1.0273793402933664,-0.06532045232485516,-1.4021297618359922,0.09972863125683315,-3.24951873211191,0.36958828700081375,0.7694516186846438,-0.06726106118560615,0.7344397330794776,0.9354989254912832,0.34434683068857475,-0.6867045660190777,-0.5726066208552006,-1.4279821765433565,-1.7473610704944422,-0.6508160249967845,0.5385303033916558,1.460902323093621,-0.08100745085781844,0.4657374828097481
-5.3403639243400525,-15.355316624490777,-1.6811902979762552,5.58750828650215,3.289645455852161,-5.293146980171404,5.413541540410541,-13.086966555181437,0.5162333463902601,-2.6764544599013718,-7.637577224092998,0.9198988504939348,-9.654650783881202,2.631732365680792,-25.91326234780176,0.02471916481564238,4.472252933607998,0.41606405591825535,0.9354989254912832,12.857345374804481,5.364433532862558,-6.498244960806981,2.032765213853752,-12.898235080382161,-14.682864355791326,-7.752511250336662,2.831684989233417,9.914703761509362,-7.019037631966613,5.258535560179056
-2.2365957634215996,-6.719566331502442,-0.7093312577150647,2.2983340786492876,1.5115745395597362,-2.2379968786524063,2.0919633497959254,-5.411196656155597,0.3571612387835111,-1.2111292391340984,-3.268723437407155,0.46245776105868047,-4.077004150356418,1.1282593464858963,-10.814713478339607,-0.20254925852941597,1.7821567379168528,0.1394045711004639,0.34434683068857475,5.364433532862558,2.279160300571883,-2.485457148183613,0.9479536993493642,-5.305712976647678,-6.169501161770727,-3.1809844337729625,1.166919744554615,4.248200746740485,-2.9207084250059734,2.1520423214896156
2.6705473180036323,5.684503863789967,0.8278633805137455,-2.9934622721161888,-0.7305303771135968,2.437375781085218,-3.7564111985787414,6.931509373398044,0.6649383883732443,0.7285272332339302,3.2311109158189235,0.03161501053504354,4.519668688405447,-1.1345388626404795,12.979141640436993,-1.3540208542921846,-2.7417155553141934,-0.43197282357154876,-0.6867045660190777,-6.498244960806981,-2.485457148183613,4.770117682262621,-0.4771520744525029,6.967220072952394,7.046470562205755,4.1885664584926126,-1.5393548936389576,-4.212284717926565,3.6139739054800186,-2.9731758857484953
-0.8784451238908529,-2.243204305066272,-0.43624727107119227,0.4205294270956701,0.8563632541586158,-0.47384194637216437,0.539054721023951,-1.0820519263192947,0.35449411649439627,-0.9060407077497143,-0.8705289978570695,0.3913188836303831,-0.9003871219608016,0.5509694835241673,-2.7436766496471483,-0.6690768558780836,0.14789091362896276,0.1128837859248821,-0.5726066208552006,2.032765213853752,0.9479536993493642,-0.4771520744525029,1.1745896640116464,-1.441795640928436,-1.7171722148815247,-1.07032574689856,0.08725588546955707,1.0002282186605544,-1.5258501368165875,0.6746960555072192
5.3427692045196995,15.427651339390222,1.5751382916131402,-5.931303125394086,-3.022452695640012,5.543294158618897,-5.696344876630007,13.836181486384353,-0.2916636364976462,2.3194623773076493,7.853414113006907,-0.7331286230620468,10.100128850222646,-2.543411374854899,26.919051056501107,-0.5382202418312609,-4.885559932279011,-0.3965853668408889,-1.4279821765433565,-12.898235080382161,-5.305712976647678,6.967220072952394,-1.441795640928436,13.369914097384559,15.122402840332251,7.893280694244156,-3.102611855721864,-10.294069753151707,6.76281799875422,-5.41106617341175
6.092003262094376,19.175827461797063,1.7433172482439556,-6.808532714854407,-3.9974760151973845,6.629080579600762,-5.850183669624748,15.909326752646317,-0.911805635920397,2.9109533527572937,9.536080625803008,-1.106607975416559,12.012546070310243,-2.9882403527079613,31.264902897117874,0.1196915199433039,-5.422084774634517,-0.2680566839059198,-1.7473610704944422,-14.682864355791326,-6.169501161770727,7.046470562205755,-1.7171722148815247,15.122402840332251,17.729496565497357,8.842594917433283,-3.5969131953814033,-12.534088213251923,7.484628682439522,-5.990362103801512
3.2113850950882035,8.923828615605567,0.9977528162144546,-3.4323766611094877,-1.8205302369050755,3.1783813714255604,-3.472817043767535,7.995694199745407,-0.14736279708664587,1.4889120915259713,4.539232794592196,-0.4566348317285496,5.80179225941553,-1.5497556143203421,15.695581147839752,-0.2778367545301978,-2.820535467210355,-0.2879478663837831,-0.6508160249967845,-7.752511250336662,-3.1809844337729625,4.1885664584926126,-1.07032574689856,7.893280694244156,8.842594917433283,4.753150623365227,-1.7410821357842736,-5.88833049746052,4.2244469116540815,-3.2267314272683096
-1.1804033912782903,-3.745107626560865,-0.2934242773636769,1.4571768934096245,0.654820478001205,-1.3837471475095675,1.2225677454085917,-3.4057889078868775,0.09332212625317911,-0.3982738071177718,-1.9223243740973333,0.13914148510189794,-2.5156598931615686,0.539911594969069,-6.453039639949105,0.17339859496516305,1.2079871121502477,0.0377912223870823,0.5385303033916558,2.831684989233417,1.166919744554615,-1.5393548936389576,0.08725588546955707,-3.102611855721864,-3.5969131953814033,-1.7410821357842736,0.8240150487810183,2.585613425937243,-1.3163135778161865,1.228213198615026
-4.118783399456451,-14.27340332321103,-1.0963548789561504,4.764948992783558,3.0425886163180267,-4.822602261181922,3.525540273600123,-11.148204660150775,1.0004754626476153,-2.0429004119992156,-6.9895283256644705,0.89747921126226,-8.689232957127665,2.055382950398836,-21.9680108097361,-0.48394832632540086,3.6952286293115737,0.02245322880377413,1.460902323093621,9.914703761509362,4.248200746740485,-4.212284717926565,1.0002282186605544,-10.294069753151707,-12.534088213251923,-5.88833049746052,2.585613425937243,9.257466470983166,-4.771493980069184,3.9644443834255005
2.9244919286067246,7.609298077223899,1.0269049151094318,-2.780771739518279,-1.7534539877109006,2.5645495349183407,-3.061859613071168,6.533700595566654,-0.1888767626972408,1.6157578560767214,3.753240289936631,-0.5198702834148613,4.717445215775271,-1.4709151696917655,13.160358916732955,0.03964766618551341,-2.2068529146979605,-0.3308333863055483,-0.08100745085781844,-7.019037631966613,-2.9207084250059734,3.6139739054800186,-1.5258501368165875,6.76281799875422,7.484628682439522,4.2244469116540815,-1.3163135778161865,-4.771493980069184,4.148664386421378,-2.8480444355334793
-2.1932644180860734,-5.927798974422368,-0.6788402705266691,2.360384492005235,1.1454540301260858,-2.1507928686110778,2.4213963728903103,-5.531169591918917,0.030770050309577898,-0.9303736576994636,-3.0297391210069002,0.2697626403474091,-3.950968866530957,1.0363486893458513,-10.711795757341328,0.29031814877333195,1.956571595677178,0.205973858886514,0.4657374828097481,5.258535560179056,2.1520423214896156,-2.9731758857484953,0.6746960555072192,-5.41106617341175,-5.990362103801512,-3.2267314272683096,1.228213198615026,3.9644443834255005,-2.8480444355334793,2.246015046077631
