V1,V2,V3,V4,V5,V6,V7,V8,V9,V10,V11,V12,V13,V14,V15,V16,V17,V18,V19,V20,V21,V22,V23,V24,V25,V26,V27,V28,V29,V30
1400.0019475565468,-1504.2873125271562,803.7321678293961,-114.92462869021834,2130.7845807041285,-782.6367965788951,1492.9862046853254,4364.611986123246,-245.6616908918057,-2757.8353857877532,-2828.2158267323484,10.62138305482531,914.4129365398913,-172.87407321014615,-52.90829857220709,1166.6601419022838,1297.268057936043,241.8110843206449,1717.8699459941015,1695.6195193157532,-423.0919877346301,634.1031810371366,-1166.555219738249,-696.9218811675922,-1845.0115487505257,-2746.917433754966,-2806.7144237278662,635.6052771254988,-1640.645651630755,-2727.205879276946
-1504.2873125271562,1618.6971876423481,-863.721806071895,123.01140671838576,-2290.693372542564,841.7601399143163,-1605.2546825043767,-4690.0311388042865,263.9270852971658,2964.6006583064595,3040.8076470909236,-11.573485325281087,-981.8459206001245,185.62620161100773,59.638461566744915,-1253.935190957779,-1394.816337142048,-259.9620363126848,-1846.7092985253255,-1823.8196849497544,454.22396873323214,-681.0530261372921,1253.7102187212652,750.4183104621951,1984.7334101301278,2953.4290134284183,3016.5926775308103,-684.3226710809222,1764.1444328094465,2930.9224762717345
803.7321678293961,-863.721806071895,461.4780493278464,-65.82942722538367,1223.3616611450145,-449.46306620821997,857.1775304684578,2505.680734636321,-141.0582138516585,-1583.3357062862226,-1623.8242028924421,6.0412735702851625,524.8529167577314,-99.12090127707825,-30.54377665413411,669.8324229510416,744.8808817639863,138.7855018227789,986.1729171053896,973.6384222606922,-242.86358632470905,363.9469420679379,-669.7634107147883,-400.2045803539176,-1059.3493518573055,-1576.9993565250486,-1611.2984316476352,364.9928639378737,-941.95940323052,-1565.6475787838692
-114.92462869021834,123.01140671838576,-65.82942722538367,9.8152527248306,-174.59961193411496,63.816692464645115,-122.30629063643688,-358.29222328962715,20.104525201597607,226.08448704742617,231.6196061032931,-0.9888404619980092,-75.36215745139002,14.484839405140056,3.701571225727247,-95.58842595662978,-106.11116136040266,-19.918234962071583,-141.03873432784602,-138.57325888387177,34.83619598695526,-52.290833277152146,95.61598789987761,56.81805397996801,150.92917253238227,225.28535393211632,230.36579716661848,-51.83890966695661,134.38501467793574,223.87910884223467
2130.7845807041285,-2290.693372542564,1223.3616611450145,-174.59961193411496,3243.648790295027,-1191.6479005328538,2272.853520081255,6643.018946755892,-373.8962890441742,-4198.075304189247,-4305.521213100053,16.206987287383793,1391.33897416458,-262.9812509898494,-81.96001629892207,1775.8603699476919,1974.9442837749828,368.0797987548596,2614.970108580719,2581.7326610699047,-643.7376497977184,964.9005420542491,-1775.6411450118499,-1061.528530462769,-2809.2565493392776,-4181.6902382692615,-4272.160403494155,968.0905774638926,-2497.7054345562906,-4151.024506958657
-782.6367965788951,841.7601399143163,-449.46306620821997,63.816692464645115,-1191.6479005328538,438.04519250576476,-835.0216156818218,-2439.9734121787437,137.3817792934262,1542.199164375628,1581.8629244700803,-5.856429993875707,-510.79224623753294,96.34936196639667,30.626215016637758,-652.4200104704598,-725.7060015085992,-135.13814626928828,-960.4576228300938,-948.7752748022388,236.3593202288337,-354.2148711606513,652.3101395692411,390.217556087459,1032.269101818202,1536.0973567268416,1569.1889101616173,-355.85623078356787,917.6446952849698,1524.6661772173452
1492.9862046853254,-1605.2546825043767,857.1775304684578,-122.30629063643688,2272.853520081255,-835.0216156818218,1592.7288767356417,4654.642547105042,-262.0117543648568,-2941.64446146926,-3016.9814233295447,11.377120654095647,974.8291305869021,-184.28851633473406,-57.78933860512361,1244.4001788806895,1383.9103087173278,257.9497778893021,1832.3924270557252,1809.1958116966462,-451.01083180321734,675.994221851976,-1244.1811562848684,-744.0191285810097,-1968.6678118702102,-2930.3110748637814,-2993.525133632774,678.4534427941137,-1750.2690464101574,-2908.603600458776
4364.611986123246,-4690.0311388042865,2505.680734636321,-358.29222328962715,6643.018946755892,-2439.9734121787437,4654.642547105042,13607.066233254347,-765.8558019874378,-8597.930772037433,-8817.393386324686,33.16776128281176,2850.7039314451767,-538.9996928670762,-165.30343436658876,3637.1872093965826,4044.4121676127484,753.9099351785472,5355.759009159193,5286.423526445159,-1318.9769568101703,1976.8564325654918,-3636.8400908079975,-2172.9090828375256,-5752.254867141906,-8564.029790196093,-8750.287803042773,1981.7104078745792,-5115.0080776960485,-8502.375117363492
-245.6616908918057,263.9270852971658,-141.0582138516585,20.104525201597607,-373.8962890441742,137.3817792934262,-262.0117543648568,-765.8558019874378,43.13921474037155,483.9271601933505,496.2995266705589,-1.8249024275829517,-160.4292673652623,30.281450812312535,9.303141556971662,-204.7648978570737,-227.68472867575437,-42.417275634338246,-301.40174297874654,-297.5932640952628,74.23778212671185,-111.2005396497693,204.72319788880083,122.31991577649066,323.76274749567176,481.9865097596631,492.4781123844113,-111.52990342551357,287.90612166058884,478.52302232205324
-2757.8353857877532,2964.6006583064595,-1583.3357062862226,226.08448704742617,-4198.075304189247,1542.199164375628,-2941.64446146926,-8597.930772037433,483.9271601933505,5433.3797366376075,5572.3683004394115,-20.995470476092834,-1800.8818484840115,340.44780463731854,105.85300612390034,-2298.4298340768687,-2556.0226747136553,-476.4165404576472,-3384.4927403038587,-3341.2968900793126,833.2164575535604,-1248.8971658198025,2298.139523574389,1373.7912442248999,3635.7841538772814,5412.196574490177,5529.351806731597,-1252.8541001009833,3232.6365350267583,5372.582679213078
-2828.2158267323484,3040.8076470909236,-1623.8242028924421,231.6196061032931,-4305.521213100053,1581.8629244700803,-3016.9814233295447,-8817.393386324686,496.2995266705589,5572.3683004394115,5715.094533022568,-21.504232016205282,-1846.6118338484448,348.9912426838965,109.24297249998837,-2357.2206346323783,-2621.5529575858927,-488.56617159778045,-3470.986308878875,-3427.114015480034,854.3783705692574,-1280.622991211964,2356.8899659238164,1409.2536312685522,3729.1339704255656,5550.686257507603,5670.596172355247,-1285.174029365664,3315.4512993268586,5509.772515667661
10.62138305482531,-11.573485325281087,6.0412735702851625,-0.9888404619980092,16.206987287383793,-5.856429993875707,11.377120654095647,33.16776128281176,-1.8249024275829517,-20.995470476092834,-21.504232016205282,0.17009049380571356,6.975614130364278,-1.443067065029345,-0.5485159239075107,8.81941352303565,9.801368044247488,1.8938221187722502,13.194896742743401,12.868165725766497,-3.1984619179978577,4.887571493024664,-8.818662094895481,-5.355418966982349,-14.118278814355497,-21.05913569577789,-21.41504681236819,4.883648658115176,-12.515247793325377,-20.79139368769831
914.4129365398913,-981.8459206001245,524.8529167577314,-75.36215745139002,1391.33897416458,-510.79224623753294,974.8291305869021,2850.7039314451767,-160.4292673652623,-1800.8818484840115,-1846.6118338484448,6.975614130364278,597.5399449722652,-113.10416552448885,-33.71661697875342,761.8452200421533,846.941247503069,157.95673755971424,1121.8936492762473,1106.8217190875437,-276.46920234390643,414.342600241447,-761.811070910342,-454.70548332179027,-1204.3813402589628,-1793.7171223993494,-1833.0535956846813,414.71612780007763,-1071.2052120157114,-1781.1838459297958
-172.87407321014615,185.62620161100773,-99.12090127707825,14.484839405140056,-262.9812509898494,96.34936196639667,-184.28851633473406,-538.9996928670762,30.281450812312535,340.44780463731854,348.9912426838965,-1.443067065029345,-113.10416552448885,21.61294583207212,6.336128914647425,-143.95836612853884,-159.96837282524675,-29.94949541617812,-212.27899958225683,-209.07252248810408,52.28832482668265,-78.4668235870861,143.95236171082158,85.92599708946007,227.66010004509462,339.2885917631169,346.6679104382893,-78.35702969541849,202.50680325482654,336.84590666836164
-52.90829857220709,59.638461566744915,-30.54377665413411,3.701571225727247,-81.96001629892207,30.626215016637758,-57.78933860512361,-165.30343436658876,9.303141556971662,105.85300612390034,109.24297249998837,-0.5485159239075107,-33.71661697875342,6.336128914647425,5.4321801261824625,-44.633352324855004,-50.211971672763454,-9.305383177735195,-65.96499402687456,-66.46706565761073,15.520379247609663,-23.502526226481557,44.43846345976451,28.323448405775732,72.53381959518127,106.13284675036145,107.04384813637951,-25.670863619912243,63.61281166807197,103.72825050626757
1166.6601419022838,-1253.935190957779,669.8324229510416,-95.58842595662978,1775.8603699476919,-652.4200104704598,1244.4001788806895,3637.1872093965826,-204.7648978570737,-2298.4298340768687,-2357.2206346323783,8.81941352303565,761.8452200421533,-143.95836612853884,-44.633352324855004,972.3595520142364,1081.297647297951,201.51425118555701,1431.654973810275,1413.4470625314698,-352.49917858256157,528.2522430092849,-972.2107509768363,-581.1040694629525,-1537.9405441800573,-2289.402711586751,-2339.0280386163186,529.9130740285702,-1367.4631135344043,-2272.718408753378
1297.268057936043,-1394.816337142048,744.8808817639863,-106.11116136040266,1974.9442837749828,-725.7060015085992,1383.9103087173278,4044.4121676127484,-227.68472867575437,-2556.0226747136553,-2621.5529575858927,9.801368044247488,846.941247503069,-159.96837282524675,-50.211971672763454,1081.297647297951,1202.5863061176988,224.0676705691033,1592.0436761705535,1572.1247652338693,-391.87249603737274,587.3051117184463,-1081.127673563987,-646.4849694279499,-1710.5890035876946,-2546.0175804336127,-2601.0044203501016,589.5424889040735,-1520.8109253545476,-2527.2256951592117
241.8110843206449,-259.9620363126848,138.7855018227789,-19.918234962071583,368.0797987548596,-135.13814626928828,257.9497778893021,753.9099351785472,-42.417275634338246,-476.4165404576472,-488.56617159778045,1.8938221187722502,157.95673755971424,-29.94949541617812,-9.305383177735195,201.51425118555701,224.0676705691033,41.814848993942995,296.8488347171709,292.92389690548947,-73.06221145690033,109.54713526789295,-201.47906399852238,-120.46753129681298,-318.8090226518647,-474.6588619935042,-484.88666555502186,109.84568250346948,-283.4606339457192,-471.12879355255905
1717.8699459941015,-1846.7092985253255,986.1729171053896,-141.03873432784602,2614.970108580719,-960.4576228300938,1832.3924270557252,5355.759009159193,-301.40174297874654,-3384.4927403038587,-3470.986308878875,13.194896742743401,1121.8936492762473,-212.27899958225683,-65.96499402687456,1431.654973810275,1592.0436761705535,296.8488347171709,2108.40671861434,2081.1924117178255,-519.0265733023349,778.0516555892448,-1431.4635685392575,-855.7472503909628,-2264.7698076193115,-3371.4994423807275,-3444.3936959768967,780.3914811514386,-2013.6500640528973,-3346.7201897304585
1695.6195193157532,-1823.8196849497544,973.6384222606922,-138.57325888387177,2581.7326610699047,-948.7752748022388,1809.1958116966462,5286.423526445159,-297.5932640952628,-3341.2968900793126,-3427.114015480034,12.868165725766497,1106.8217190875437,-209.07252248810408,-66.46706565761073,1413.4470625314698,1572.1247652338693,292.92389690548947,2081.1924117178255,2055.434516854538,-512.0936458733529,767.5649545853122,-1413.1786481478196,-845.4802683058417,-2236.548228839725,-3328.4136461826943,-3399.9478380700057,770.9771678895148,-1988.1956422113806,-3303.4450697490925
-423.0919877346301,454.22396873323214,-242.86358632470905,34.83619598695526,-643.7376497977184,236.3593202288337,-451.01083180321734,-1318.9769568101703,74.23778212671185,833.2164575535604,854.3783705692574,-3.1984619179978577,-276.46920234390643,52.28832482668265,15.520379247609663,-352.49917858256157,-391.87249603737274,-73.06221145690033,-519.0265733023349,-512.0936458733529,127.92817301575889,-191.69991472118141,352.4886984615615,210.3450066007187,557.1944868225766,829.8410363994476,848.0891101493526,-191.85527821304882,495.5981198153226,824.1028795428831
634.1031810371366,-681.0530261372921,363.9469420679379,-52.290833277152146,964.9005420542491,-354.2148711606513,675.994221851976,1976.8564325654918,-111.2005396497693,-1248.8971658198025,-1280.622991211964,4.887571493024664,414.342600241447,-78.4668235870861,-23.502526226481557,528.2522430092849,587.3051117184463,109.54713526789295,778.0516555892448,767.5649545853122,-191.69991472118141,287.4050995912934,-528.2638700192759,-315.35631855007847,-835.2881870657199,-1243.9561778774241,-1271.1926953945017,287.6740803390031,-742.8677239139594,-1235.2244532999566
-1166.555219738249,1253.7102187212652,-669.7634107147883,95.61598789987761,-1775.6411450118499,652.3101395692411,-1244.1811562848684,-3636.8400908079975,204.72319788880083,2298.139523574389,2356.8899659238164,-8.818662094895481,-761.811070910342,143.95236171082158,44.43846345976451,-972.2107509768363,-1081.127673563987,-201.47906399852238,-1431.4635685392575,-1413.1786481478196,352.4886984615615,-528.2638700192759,972.100207199365,580.9259437269611,1537.6459482530445,2289.050857626107,2338.7596054917663,-529.7918035725282,1367.2398033775903,2272.4760674032777
-696.9218811675922,750.4183104621951,-400.2045803539176,56.81805397996801,-1061.528530462769,390.217556087459,-744.0191285810097,-2172.9090828375256,122.31991577649066,1373.7912442248999,1409.2536312685522,-5.355418966982349,-454.70548332179027,85.92599708946007,28.323448405775732,-581.1040694629525,-646.4849694279499,-120.46753129681298,-855.7472503909628,-845.4802683058417,210.3450066007187,-315.35631855007847,580.9259437269611,348.08871966720835,920.0716385060922,1368.7541842547737,1397.7391116642473,-317.35009897374016,817.6534397546037,1357.9779900451056
-1845.0115487505257,1984.7334101301278,-1059.3493518573055,150.92917253238227,-2809.2565493392776,1032.269101818202,-1968.6678118702102,-5752.254867141906,323.76274749567176,3635.7841538772814,3729.1339704255656,-14.118278814355497,-1204.3813402589628,227.66010004509462,72.53381959518127,-1537.9405441800573,-1710.5890035876946,-318.8090226518647,-2264.7698076193115,-2236.548228839725,557.1944868225766,-835.2881870657199,1537.6459482530445,920.0716385060922,2433.773707610465,3621.9586642067493,3699.6609335538237,-838.9944678537479,2163.4625411791526,3594.6310747391763
-2746.917433754966,2953.4290134284183,-1576.9993565250486,225.28535393211632,-4181.6902382692615,1536.0973567268416,-2930.3110748637814,-8564.029790196093,481.9865097596631,5412.196574490177,5550.686257507603,-21.05913569577789,-1793.7171223993494,339.2885917631169,106.13284675036145,-2289.402711586751,-2546.0175804336127,-474.6588619935042,-3371.4994423807275,-3328.4136461826943,829.8410363994476,-1243.9561778774241,2289.050857626107,1368.7541842547737,3621.9586642067493,5391.458875280809,5507.793309520281,-1248.1860426231517,3220.184821527752,5351.55829982765
-2806.7144237278662,3016.5926775308103,-1611.2984316476352,230.36579716661848,-4272.160403494155,1569.1889101616173,-2993.525133632774,-8750.287803042773,492.4781123844113,5529.351806731597,5670.596172355247,-21.41504681236819,-1833.0535956846813,346.6679104382893,107.04384813637951,-2339.0280386163186,-2601.0044203501016,-484.88666555502186,-3444.3936959768967,-3399.9478380700057,848.0891101493526,-1271.1926953945017,2338.7596054917663,1397.7391116642473,3699.6609335538237,5507.793309520281,5627.243246856876,-1274.7043779756932,3289.6190158758272,5467.743341833627
635.6052771254988,-684.3226710809222,364.9928639378737,-51.83890966695661,968.0905774638926,-355.85623078356787,678.4534427941137,1981.7104078745792,-111.52990342551357,-1252.8541001009833,-1285.174029365664,4.883648658115176,414.71612780007763,-78.35702969541849,-25.670863619912243,529.9130740285702,589.5424889040735,109.84568250346948,780.3914811514386,770.9771678895148,-191.85527821304882,287.6740803390031,-529.7918035725282,-317.35009897374016,-838.9944678537479,-1248.1860426231517,-1274.7043779756932,289.37918914290907,-745.6220648641768,-1238.4677969918748
-1640.645651630755,1764.1444328094465,-941.95940323052,134.38501467793574,-2497.7054345562906,917.6446952849698,-1750.2690464101574,-5115.0080776960485,287.90612166058884,3232.6365350267583,3315.4512993268586,-12.515247793325377,-1071.2052120157114,202.50680325482654,63.61281166807197,-1367.4631135344043,-1520.8109253545476,-283.4606339457192,-2013.6500640528973,-1988.1956422113806,495.5981198153226,-742.8677239139594,1367.2398033775903,817.6534397546037,2163.4625411791526,3220.184821527752,3289.6190158758272,-745.6220648641768,1923.4155849725203,3196.292999808618
-2727.205879276946,2930.9224762717345,-1565.6475787838692,223.87910884223467,-4151.024506958657,1524.6661772173452,-2908.603600458776,-8502.375117363492,478.52302232205324,5372.582679213078,5509.772515667661,-20.79139368769831,-1781.1838459297958,336.84590666836164,103.72825050626757,-2272.718408753378,-2527.2256951592117,-471.12879355255905,-3346.7201897304585,-3303.4450697490925,824.1028795428831,-1235.2244532999566,2272.4760674032777,1357.9779900451056,3594.6310747391763,5351.55829982765,5467.743341833627,-1238.4677969918748,3196.292999808618,5312.79854728332
