V1,V2,V3,V4,V5,V6,V7,V8,V9,V10,V11,V12,V13,V14,V15,V16,V17,V18,V19,V20,V21,V22,V23,V24,V25,V26,V27,V28,V29,V30
0.24665326151078507,0.17021633772307887,0.25187134870449385,0.0857429151726411,-0.1524050600654285,-0.29002861080986514,-0.2860215263810183,0.07384407917474213,-0.3413722883129591,-0.1428075821110387,-0.2899334811815565,-0.12730111862576146,-0.08785816267405497,-0.03290010391907461,0.02561438308966265,-0.47160947251731694,-0.18917846215907175,-0.3407914906913746,-0.057740324396215716,0.02848656083028326,-0.28452115793892324,-0.056411903671519714,-0.026929006680845198,-0.012840405943351963,-0.3530017036284636,-0.10816841734208098,0.1572855917443948,-0.08164912574090108,0.1712444082112733,0.10069676483574266
0.17021633772307887,1.7624729619418507,-2.113320349353898,0.6011453906003391,-0.3201315277861955,-2.4248868137658337,1.327021453876422,-2.298500511090252,-1.8070362237454982,-2.1147798900348245,-5.474227438997417,-2.948828365951452,-1.7250021246069418,-2.655560387104053,-3.7681369350128247,-2.981342992228672,-3.7018536413039205,2.081407230993835,-4.422761703168235,3.4945156209113164,-3.649057750831345,4.222433529565465,0.6424292285499564,-1.9787097629463422,-1.608919328307391,-0.9030663256401134,0.46268364603694495,0.03753956272551618,-1.2676961154395148,3.142775640054908
0.25187134870449385,-2.113320349353898,4.764258426730141,-0.68907698636682,-0.05130746047085307,3.3356854093994053,-4.188500116261112,4.204270787196381,1.3727242489996991,3.8193276811384327,7.202961570400262,4.40933982247922,2.7397211491116567,4.320071807888192,6.2863994715658125,2.720902653805565,4.431090286599861,-5.435260362678456,6.309986542363639,-5.481966579248119,3.8409613843019805,-6.592704986879157,-1.3881527076713511,3.232289713975809,0.7293330996934594,0.6528641671894186,-0.12699556455342484,-0.2667554946001086,2.5319212258744614,-5.052378699911655
0.0857429151726411,0.6011453906003391,-0.68907698636682,0.2463659133761021,-0.13454256714543897,-0.949463820712688,0.3884824378576141,-0.7518987437174282,-0.6817385507212502,-0.7652313035751549,-1.92872956620515,-1.0486349351057804,-0.5908136799028776,-0.9132966082442833,-1.2521401805978092,-1.0539991044935195,-1.2845068463667846,0.6042512694734682,-1.509459925454545,1.2122657073554362,-1.3334797452274088,1.4022515885614044,0.26919864414331,-0.6973030344902835,-0.6045508565741813,-0.34572582275508545,0.19862292194356493,0.011952206873774962,-0.37601245614745776,1.0629654237287038
-0.1524050600654285,-0.3201315277861955,-0.05130746047085307,-0.13454256714543897,0.2546208322667089,0.5146314070219582,0.3839564625190921,0.10531221702992521,0.6707974650059748,0.15175022148062794,0.9199698653262812,0.45340463370547196,0.16729267622363866,0.18183741028092393,0.3311802777979744,0.7289747621584536,0.6285482346096722,0.3566608050850871,0.6010952640062253,-0.3260688695988612,0.7616150915103614,-0.39646288598209717,-0.07981759043258958,0.11478866427158674,0.6480521586169594,0.2880825313726732,-0.23841060182723145,0.03746421726472658,-0.07213532896888132,-0.2365421478401968
-0.29002861080986514,-2.4248868137658337,3.3356854093994053,-0.949463820712688,0.5146314070219582,4.264865556548909,-2.2720595255257807,3.4319856769863812,2.5160628336874375,3.3893496916197883,7.947854774817543,4.488019009525607,2.6336999803462295,3.8841067924335135,5.560885109234022,3.974697799237665,4.948285150619853,-3.041245301466684,6.2519616475098365,-5.274289167885969,5.192210169678801,-5.971954805329462,-1.3088892930510714,2.9864888400383824,2.1362954418561406,1.3349224638424106,-0.7751232054828393,-0.12575601987382065,1.6495633490715924,-4.570510214370441
-0.2860215263810183,1.327021453876422,-4.188500116261112,0.3884824378576141,0.3839564625190921,-2.2720595255257807,4.856346306216632,-3.700566544575708,0.19968143944204408,-3.2234135477473402,-4.525943973874147,-3.0016301665409877,-2.5212302870324663,-3.4796275223168798,-5.242498157707895,-1.253641449599216,-2.525902831486662,5.679782889838748,-4.349800485397791,4.244855172044832,-1.7704000278707768,5.075815575087715,0.8774236635029744,-2.5045186505392847,0.7558384436987289,0.08088535373489383,-0.21181656347062847,0.13899945844214018,-2.3085704630466286,4.2343446741492246
0.07384407917474213,-2.298500511090252,4.204270787196381,-0.7518987437174282,0.10531221702992521,3.4319856769863812,-3.700566544575708,4.080684013123721,1.635921035432126,3.586689871978713,7.475571246282708,4.334638498377033,2.845189091184481,4.2934690769516,6.253958395034063,3.3471242710041245,4.83355099154667,-4.819614612188798,6.459070010150594,-5.455797694915122,4.405697070755144,-6.633824939614703,-1.1528206934166538,3.1159162708179218,1.1080535776912206,0.8383138988820176,-0.33654090607156656,-0.18082465637583525,2.444822753052366,-5.063336839754433
-0.3413722883129591,-1.8070362237454982,1.3727242489996991,-0.6817385507212502,0.6707974650059748,2.5160628336874375,0.19968143944204408,1.635921035432126,2.8645591788112927,1.8204142427857841,5.573895178333343,2.9696931728177374,1.1939076010289102,2.254829966543125,2.9681250390823335,3.415195613966422,4.0185957768752605,-0.46459147410703644,4.244957618013798,-2.9133667373068386,4.1894693045230875,-3.6118269958087663,-0.8403545885248115,1.6008771009948037,2.5437857921072964,1.2526010478025364,-0.7676579417298756,-0.09354257783060536,0.8042646213685823,-2.4902493749965537
-0.1428075821110387,-2.1147798900348245,3.8193276811384327,-0.7652313035751549,0.15175022148062794,3.3893496916197883,-3.2234135477473402,3.586689871978713,1.8204142427857841,3.6986415787852778,6.796207334764538,4.103540684686688,2.487117744203597,3.9850003566860375,5.45404789046698,3.128118529093288,4.3581613587254795,-4.206973689762814,5.687125298952163,-4.874052674378471,3.974997998209148,-5.745598562166314,-1.3057220341563291,2.897340937300969,1.1769857527318237,0.7595946909076595,-0.3699947659620899,-0.1731519655849005,2.0597135441879484,-4.638667615534337
-0.2899334811815565,-5.474227438997417,7.202961570400262,-1.92872956620515,0.9199698653262812,7.947854774817543,-4.525943973874147,7.475571246282708,5.573895178333343,6.796207334764538,17.598389070636596,9.583489848063845,5.4781125532009884,8.535347772152704,12.186664707186528,9.044124810523046,11.676788745682781,-6.924481246597353,14.246604381777718,-11.411295218762309,11.62814792579036,-13.646792272198535,-2.3161170445155643,6.501442584047884,4.930420678007855,2.909511399138988,-1.397138335651115,-0.2473340023173463,4.1101258670593,-10.005084933579218
-0.12730111862576146,-2.948828365951452,4.40933982247922,-1.0486349351057804,0.45340463370547196,4.488019009525607,-3.0016301665409877,4.334638498377033,2.9696931728177374,4.103540684686688,9.583489848063845,5.451529515779702,3.076561611688636,4.860093814329223,6.907015349410613,4.67646852461592,6.220703237436898,-4.33118592464689,7.812595294629066,-6.358710742560238,6.0795565325191685,-7.60498586962761,-1.5015411603359077,3.640115409172072,2.4261860139344527,1.4530559634247455,-0.7076306660674769,-0.20221718721706253,2.3878318199104434,-5.661625819996914
-0.08785816267405497,-1.7250021246069418,2.7397211491116567,-0.5908136799028776,0.16729267622363866,2.6336999803462295,-2.5212302870324663,2.845189091184481,1.1939076010289102,2.487117744203597,5.4781125532009884,3.076561611688636,2.1994457511613548,2.97198191738355,4.465023578352755,2.678635333261025,3.438694310639218,-3.2378409166159265,4.586542801200306,-3.9342146851314848,3.2740487372641276,-4.6733627455594275,-0.625707338161097,2.2092322517513376,0.957811633302676,0.6605769454512933,-0.33104217647457745,0.002961948780965032,1.5538228948268034,-3.643176892125567
-0.03290010391907461,-2.655560387104053,4.320071807888192,-0.9132966082442833,0.18183741028092393,3.8841067924335135,-3.4796275223168798,4.2934690769516,2.254829966543125,3.9850003566860375,8.535347772152704,4.860093814329223,2.97198191738355,4.820027699326743,6.646628230515603,4.087440827042125,5.7736434174891045,-4.6938393678615125,7.239307049144265,-5.985199772345821,5.4257168513162535,-7.262835841088415,-1.3755930788756512,3.4668852233086036,1.6498786994790406,1.1242737671490501,-0.5099016627816599,-0.24820871669853053,2.633238579183997,-5.542819357063853
0.02561438308966265,-3.7681369350128247,6.2863994715658125,-1.2521401805978092,0.3311802777979744,5.560885109234022,-5.242498157707895,6.253958395034063,2.9681250390823335,5.45404789046698,12.186664707186528,6.907015349410613,4.465023578352755,6.646628230515603,9.762147913669958,5.727473625589186,7.917578126071001,-7.01173750521065,10.359553216335923,-8.61048783633862,7.402599174121514,-10.448111950716315,-1.7127947175666012,4.881587279297531,2.256346064759118,1.5424936066662336,-0.6740118634185449,-0.2180960610554295,3.647744053834237,-7.882294684553298
-0.47160947251731694,-2.981342992228672,2.720902653805565,-1.0539991044935195,0.7289747621584536,3.974697799237665,-1.253641449599216,3.3471242710041245,3.415195613966422,3.128118529093288,9.044124810523046,4.67646852461592,2.678635333261025,4.087440827042125,5.727473625589186,5.412490085601011,6.322368724322373,-2.3869439720562338,7.131060914242768,-5.414248664680673,6.423853366088868,-6.572487013893706,-0.8690595836405877,3.0132638414723596,3.1986544016930694,1.6936900415204075,-0.9687479427774988,0.027070776656535383,1.76793812460021,-4.845958877556303
-0.18917846215907175,-3.7018536413039205,4.431090286599861,-1.2845068463667846,0.6285482346096722,4.948285150619853,-2.525902831486662,4.83355099154667,4.0185957768752605,4.3581613587254795,11.676788745682781,6.220703237436898,3.438694310639218,5.7736434174891045,7.917578126071001,6.322368724322373,8.318722252036732,-4.129290774251334,9.609437415377027,-7.367465783547103,8.185840689419752,-9.113762554755644,-1.5316644159741317,4.161182004161379,3.469964546013854,2.0279440284906065,-1.0122217361872086,-0.2427292941644349,2.936282084738742,-6.574317521116035
-0.3407914906913746,2.081407230993835,-5.435260362678456,0.6042512694734682,0.3566608050850871,-3.041245301466684,5.679782889838748,-4.819614612188798,-0.46459147410703644,-4.206973689762814,-6.924481246597353,-4.33118592464689,-3.2378409166159265,-4.6938393678615125,-7.01173750521065,-2.3869439720562338,-4.129290774251334,7.098456405008866,-6.390808562735817,5.839404357155073,-3.1072512408875217,7.081166007995971,1.123866398462747,-3.4868579845125853,0.17030755540510573,-0.20295750105569227,-0.19307257928875832,0.14661493233252987,-3.00009086793686,5.700680916504984
-0.057740324396215716,-4.422761703168235,6.309986542363639,-1.509459925454545,0.6010952640062253,6.2519616475098365,-4.349800485397791,6.459070010150594,4.244957618013798,5.687125298952163,14.246604381777718,7.812595294629066,4.586542801200306,7.239307049144265,10.359553216335923,7.131060914242768,9.609437415377027,-6.390808562735817,11.848269039076962,-9.461201284925496,9.304670033882678,-11.525184651839513,-1.936386216482997,5.370650128256129,3.565730719364005,2.2020517260298513,-1.0024952862410352,-0.27528688516015015,3.7777732281706076,-8.425985900695517
0.02848656083028326,3.4945156209113164,-5.481966579248119,1.2122657073554362,-0.3260688695988612,-5.274289167885969,4.244855172044832,-5.455797694915122,-2.9133667373068386,-4.874052674378471,-11.411295218762309,-6.358710742560238,-3.9342146851314848,-5.985199772345821,-8.61048783633862,-5.414248664680673,-7.367465783547103,5.839404357155073,-9.461201284925496,7.938386834076668,-7.153593233334954,9.381719322586406,1.607852272062381,-4.582189912304668,-2.4332400760281527,-1.624349544794622,0.683887915213428,0.20073284417129658,-3.0921221742635825,7.059592203448731
-0.28452115793892324,-3.649057750831345,3.8409613843019805,-1.3334797452274088,0.7616150915103614,5.192210169678801,-1.7704000278707768,4.405697070755144,4.1894693045230875,3.974997998209148,11.62814792579036,6.0795565325191685,3.2740487372641276,5.4257168513162535,7.402599174121514,6.423853366088868,8.185840689419752,-3.1072512408875217,9.304670033882678,-7.153593233334954,8.502231743911604,-8.66432839900114,-1.5035495013760356,3.9895228646526477,3.8130779186752743,2.258078357230144,-1.2087257488165046,-0.24537898078604642,2.527835365623092,-6.138539720512232
-0.056411903671519714,4.222433529565465,-6.592704986879157,1.4022515885614044,-0.39646288598209717,-5.971954805329462,5.075815575087715,-6.633824939614703,-3.6118269958087663,-5.745598562166314,-13.646792272198535,-7.60498586962761,-4.6733627455594275,-7.262835841088415,-10.448111950716315,-6.572487013893706,-9.113762554755644,7.081166007995971,-11.525184651839513,9.381719322586406,-8.66432839900114,11.499156055080421,1.8771116810081843,-5.322121110872659,-2.897089914368619,-1.9043025582743127,0.8232820064292801,0.3056891514140774,-3.9747819551116583,8.480640366226266
-0.026929006680845198,0.6424292285499564,-1.3881527076713511,0.26919864414331,-0.07981759043258958,-1.3088892930510714,0.8774236635029744,-1.1528206934166538,-0.8403545885248115,-1.3057220341563291,-2.3161170445155643,-1.5015411603359077,-0.625707338161097,-1.3755930788756512,-1.7127947175666012,-0.8690595836405877,-1.5316644159741317,1.123866398462747,-1.936386216482997,1.607852272062381,-1.5035495013760356,1.8771116810081843,0.7923381734910785,-0.9569110496348614,-0.46053125492677593,-0.35581005692874995,0.19003544389051386,0.22871696479086695,-0.7093789439040805,1.4074445233359933
-0.012840405943351963,-1.9787097629463422,3.232289713975809,-0.6973030344902835,0.11478866427158674,2.9864888400383824,-2.5045186505392847,3.1159162708179218,1.6008771009948037,2.897340937300969,6.501442584047884,3.640115409172072,2.2092322517513376,3.4668852233086036,4.881587279297531,3.0132638414723596,4.161182004161379,-3.4868579845125853,5.370650128256129,-4.582189912304668,3.9895228646526477,-5.322121110872659,-0.9569110496348614,2.7428348824922297,1.345049491443804,0.8914903668058434,-0.3159927534601025,-0.11768202912691669,1.7679655338230207,-4.083870234276906
-0.3530017036284636,-1.608919328307391,0.7293330996934594,-0.6045508565741813,0.6480521586169594,2.1362954418561406,0.7558384436987289,1.1080535776912206,2.5437857921072964,1.1769857527318237,4.930420678007855,2.4261860139344527,0.957811633302676,1.6498786994790406,2.256346064759118,3.1986544016930694,3.469964546013854,0.17030755540510573,3.565730719364005,-2.4332400760281527,3.8130779186752743,-2.897089914368619,-0.46053125492677593,1.345049491443804,2.5680380888074357,1.2402463267801092,-0.7098354199132288,0.0283592433819839,0.38616495617776053,-1.9112462407001494
-0.10816841734208098,-0.9030663256401134,0.6528641671894186,-0.34572582275508545,0.2880825313726732,1.3349224638424106,0.08088535373489383,0.8383138988820176,1.2526010478025364,0.7595946909076595,2.909511399138988,1.4530559634247455,0.6605769454512933,1.1242737671490501,1.5424936066662336,1.6936900415204075,2.0279440284906065,-0.20295750105569227,2.2020517260298513,-1.624349544794622,2.258078357230144,-1.9043025582743127,-0.35581005692874995,0.8914903668058434,1.2402463267801092,0.6985829619175994,-0.3816596024930692,-0.048818144035946205,0.3978833354793085,-1.2583102873510565
0.1572855917443948,0.46268364603694495,-0.12699556455342484,0.19862292194356493,-0.23841060182723145,-0.7751232054828393,-0.21181656347062847,-0.33654090607156656,-0.7676579417298756,-0.3699947659620899,-1.397138335651115,-0.7076306660674769,-0.33104217647457745,-0.5099016627816599,-0.6740118634185449,-0.9687479427774988,-1.0122217361872086,-0.19307257928875832,-1.0024952862410352,0.683887915213428,-1.2087257488165046,0.8232820064292801,0.19003544389051386,-0.3159927534601025,-0.7098354199132288,-0.3816596024930692,0.30455419606789996,0.018418203835905627,-0.11361437107714828,0.556457069579294
-0.08164912574090108,0.03753956272551618,-0.2667554946001086,0.011952206873774962,0.03746421726472658,-0.12575601987382065,0.13899945844214018,-0.18082465637583525,-0.09354257783060536,-0.1731519655849005,-0.2473340023173463,-0.20221718721706253,0.002961948780965032,-0.24820871669853053,-0.2180960610554295,0.027070776656535383,-0.2427292941644349,0.14661493233252987,-0.27528688516015015,0.20073284417129658,-0.24537898078604642,0.3056891514140774,0.22871696479086695,-0.11768202912691669,0.0283592433819839,-0.048818144035946205,0.018418203835905627,0.1370348815679045,-0.20966010233247803,0.1546726316408506
0.1712444082112733,-1.2676961154395148,2.5319212258744614,-0.37601245614745776,-0.07213532896888132,1.6495633490715924,-2.3085704630466286,2.444822753052366,0.8042646213685823,2.0597135441879484,4.1101258670593,2.3878318199104434,1.5538228948268034,2.633238579183997,3.647744053834237,1.76793812460021,2.936282084738742,-3.00009086793686,3.7777732281706076,-3.0921221742635825,2.527835365623092,-3.9747819551116583,-0.7093789439040805,1.7679655338230207,0.38616495617776053,0.3978833354793085,-0.11361437107714828,-0.20966010233247803,1.716082455548713,-2.9680811347057783
0.10069676483574266,3.142775640054908,-5.052378699911655,1.0629654237287038,-0.2365421478401968,-4.570510214370441,4.2343446741492246,-5.063336839754433,-2.4902493749965537,-4.638667615534337,-10.005084933579218,-5.661625819996914,-3.643176892125567,-5.542819357063853,-7.882294684553298,-4.845958877556303,-6.574317521116035,5.700680916504984,-8.425985900695517,7.059592203448731,-6.138539720512232,8.480640366226266,1.4074445233359933,-4.083870234276906,-1.9112462407001494,-1.2583102873510565,0.556457069579294,0.1546726316408506,-2.9680811347057783,6.558804008936813
