V1,V2,V3,V4,V5,V6,V7,V8,V9,V10,V11,V12,V13,V14,V15,V16,V17,V18,V19,V20,V21,V22,V23,V24,V25,V26,V27,V28,V29,V30
5.2963981496844985,2.89837486053552,-0.9007433587583277,-2.562959724344895,-2.304083876488048,0.55346835480419,-2.7508639840391513,-2.8898980914629995,1.5587945502252853,1.7543479318029116,2.561141148038217,2.543999455518294,4.008464144853248,0.0929993667718512,-3.142473837888291,-0.9332714174693468,3.4130497307932597,0.35607169868189176,-0.7725714284511231,-0.4369262523739931,6.5698323251272734,-1.4668291826787274,3.2967999330554716,-1.1402309231792855,2.443024814355121,0.3412968865695146,0.5686056473718396,2.8946405570574867,-1.7232486180225597,1.440050438196045
2.89837486053552,2.891367670852071,0.37656279528554293,-3.719184881559384,-0.999440604222401,-0.9446202858601243,-1.2224757314472514,-2.1274876534479583,-0.8405936862854716,0.36814160587771166,1.5810038071853558,2.88315965692007,2.4505995760324564,-0.21482168034012353,-2.6908352022950224,-1.4885278573608671,1.316438636792293,-1.5891659340697881,-0.07606843846818763,0.19978476706223217,4.274580153947988,-1.199323551533313,2.058577143031541,-1.4017608066238767,-1.1908524427036977,-0.6233661699264613,-0.39969248008884056,2.3838240004663067,-1.2150010054414082,1.272704896024884
-0.9007433587583277,0.37656279528554293,0.8062762116315713,-1.1707483845687068,0.4887844122497861,-1.040930104579419,0.6692246518933823,0.0956045231449528,-1.4475273513680313,-0.7246673188565389,-0.28970829750445615,0.6918321782588864,-0.5190179275050071,-0.21382191820989163,-0.17982677165158276,-0.5376678422335892,-0.9755419522919585,-1.321607781032596,0.2955895737068604,0.42546597514296874,-0.5715740509603686,-0.15734739290369068,-0.33651823455534063,-0.4177739389415524,-2.1836121063039236,-0.6338135895697249,-0.6148378239152974,0.05921014401560615,0.10252743734556377,0.10895329720121819
-2.562959724344895,-3.719184881559384,-1.1707483845687068,6.024387239738004,0.7829492734489655,2.1104432192266707,1.0027318573861352,2.756698778993794,2.801205707423861,0.4517902313461218,-1.78014912278913,-4.429300495896598,-2.1735929031258396,0.578056041993111,3.5230335048274046,2.4558104535609435,-0.1707540983024327,3.3797356931999554,0.2002356863910874,-0.9269631024551643,-4.461755661589836,1.730012480487417,-2.070890226172763,2.2298720393964384,4.19947381426927,1.6990270679628248,1.1730978861208499,-2.87834770596136,1.817672199604514,-1.986437958721104
-2.304083876488048,-0.999440604222401,0.4887844122497861,0.7829492734489655,1.2167904068164734,-0.3781906625205467,1.238745455177646,1.2363494510889892,-0.9552359377811618,-0.8382835409482691,-1.1130116804905723,-0.9901682513043641,-1.665954484361961,-0.023346999415681344,1.2818718462031726,0.3299460930691634,-1.5840697981822887,-0.4072146337432277,0.550190093957074,0.19992675955556405,-2.870493649136748,0.7768679898783994,-1.424164808441336,0.4714910518208629,-1.4090820174412864,-0.2571904476351262,-0.3387738166722997,-1.1661194902716183,0.7944036078598506,-0.5938522006355713
0.55346835480419,-0.9446202858601243,-1.040930104579419,2.1104432192266707,-0.3781906625205467,1.7606387633376626,-0.619033814135201,0.3096250701719486,2.025015798051833,0.912485556689855,-0.01990641694287287,-1.6733003932668122,0.21639721818661,0.25994132019128585,0.8677410298186516,0.9334420016418629,1.0423036748402081,2.0029107730181237,-0.21600821012387889,-0.6813733292975813,-0.12634654086755584,0.6868332698342642,-0.06936599318058972,0.9942137392289851,2.930873481914359,0.9926004746917418,0.8843550760355684,-0.3883636656654484,0.0235894932291079,-0.40143426400027904
-2.7508639840391513,-1.2224757314472514,0.6692246518933823,1.0027318573861352,1.238745455177646,-0.619033814135201,1.5805662817427073,1.4867271694845938,-1.0345948567939494,-1.0016440563651632,-1.3312704337420014,-1.0515148981050455,-1.9569778749656992,-0.061329450956182786,1.4495018944246727,0.31652465306356026,-1.7409453244309463,-0.5056359031281067,0.5695456722204053,0.251209460524466,-3.2389844885312886,0.6665204290109978,-1.6168753783922873,0.4282904338119409,-1.592743413777298,-0.25228353097648876,-0.43152836021677893,-1.3539545417944232,1.0071773908871506,-0.7606400929384576
-2.8898980914629995,-2.1274876534479583,0.0956045231449528,2.756698778993794,1.2363494510889892,0.3096250701719486,1.4867271694845938,2.0539488658328358,0.1675110231692019,-0.5669306489848923,-1.6087047240005203,-2.3329794208749495,-2.16750106560624,0.17185294993233197,2.2991186296160655,1.079528384825338,-1.335768394954753,0.7826096583483747,0.564414616178768,-0.15921835905315415,-3.9354994906500402,1.1785427304955511,-1.909018636267864,1.1356094733608149,0.23052200824978894,0.39245549551710746,0.0829634945108978,-1.9571760494888681,1.3785032879422026,-1.2499532952684815
1.5587945502252853,-0.8405936862854716,-1.4475273513680313,2.801205707423861,-0.9552359377811618,2.025015798051833,-1.0345948567939494,0.1675110231692019,3.1997395718586965,1.517418576986518,0.31555694757312835,-1.7228596156109577,1.0399190288450646,0.4696887954613906,0.5947260894281892,1.1833312954336688,2.204863592401628,2.7791696933766694,-0.31679397029071216,-1.0264364742864325,1.0208139157608842,0.381573404228871,0.5759971894906547,0.969659849774172,4.765029083108179,1.5458590949719113,1.2593468871305595,-0.1827635920908555,0.20191215242851007,-0.5490659959789181
1.7543479318029116,0.36814160587771166,-0.7246673188565389,0.4517902313461218,-0.8382835409482691,0.912485556689855,-1.0016440563651632,-0.5669306489848923,1.517418576986518,1.0167685656788905,0.6205749677457647,-0.11670829235607766,1.2795948672558135,0.16281211371979148,-0.4599706960191008,0.22323575765980025,1.6315465724010805,1.1425636466059148,-0.2321338262645191,-0.49759874830611045,1.8600158114497365,-0.1457995336082319,0.9500866702281268,0.14783935834486975,2.347670531183344,0.6711151619733544,0.5985831544428852,0.6280510054974885,-0.2981793345000285,0.08086538927092794
2.561141148038217,1.5810038071853558,-0.28970829750445615,-1.78014912278913,-1.1130116804905723,-0.01990641694287287,-1.3312704337420014,-1.6087047240005203,0.31555694757312835,0.6205749677457647,1.4361941050746454,1.6815231351967153,1.9307261643202946,-0.020452545086847795,-1.767687862253134,-0.6415606404013808,1.3356987310762025,-0.2581841446758548,-0.5078657598114046,0.0021217675181216993,3.2900831377537516,-0.9071261665279173,1.6643800828062776,-0.8122984028143312,0.4922345982992981,-0.11244040557629578,0.1050722752128824,1.4833218953180465,-1.034831250924478,0.9397895647823058
2.543999455518294,2.88315965692007,0.6918321782588864,-4.429300495896598,-0.9901682513043641,-1.6733003932668122,-1.0515148981050455,-2.3329794208749495,-1.7228596156109577,-0.11670829235607766,1.6815231351967153,3.721974571309915,2.045963676134241,-0.3723923408929301,-3.0226187120246424,-1.8138876431386033,0.5766394098115173,-2.315325252883621,-0.4286867431743508,0.6963445739315736,4.132565393456719,-1.7557394709245997,2.0520164315338216,-1.9456098010136904,-2.4574516960995134,-1.187994049946511,-0.773157906107607,2.2986240363214456,-1.4190194103571807,1.5960479333213027
4.008464144853248,2.4505995760324564,-0.5190179275050071,-2.1735929031258396,-1.665954484361961,0.21639721818661,-1.9569778749656992,-2.16750106560624,1.0399190288450646,1.2795948672558135,1.9307261643202946,2.045963676134241,3.1824700550206932,0.07185508848315085,-2.4739960147816498,-0.805641944058687,2.6345062898393397,0.03136654998603277,-0.38239172401470867,-0.3581139528129866,5.10121059421443,-1.1028628440177892,2.5459891500491003,-0.9238349109305675,1.6302079999285266,0.2498201052610024,0.3476512172009565,2.322026285524409,-1.1946660924185606,1.0477143763197427
0.0929993667718512,-0.21482168034012353,-0.21382191820989163,0.578056041993111,-0.023346999415681344,0.25994132019128585,-0.061329450956182786,0.17185294993233197,0.4696887954613906,0.16281211371979148,-0.020452545086847795,-0.3723923408929301,0.07185508848315085,0.16218472226994485,0.22054103440817993,0.265277173840803,0.23773234748282598,0.4372308657009556,0.061346467597401234,-0.19074825946051438,-0.10714122000659632,0.1758849239183381,0.002349145421685847,0.22029115490387377,0.7038038430521091,0.24136931159226557,0.18133753144050516,-0.18330140147138171,0.20095941757529445,-0.1769897079314552
-3.142473837888291,-2.6908352022950224,-0.17982677165158276,3.5230335048274046,1.2818718462031726,0.8677410298186516,1.4495018944246727,2.2991186296160655,0.5947260894281892,-0.4599706960191008,-1.767687862253134,-3.0226187120246424,-2.4739960147816498,0.22054103440817993,2.829483818999889,1.4300301618959514,-1.4192896818588836,1.352601563516132,0.4466148256288038,-0.2777028543343519,-4.5309933728834,1.4944530605864894,-2.2204032609691535,1.5401310577258127,0.7859492546949912,0.6120058950027577,0.3060324391988382,-2.3345110361577417,1.3802271481778718,-1.393026217648105
-0.9332714174693468,-1.4885278573608671,-0.5376678422335892,2.4558104535609435,0.3299460930691634,0.9334420016418629,0.31652465306356026,1.079528384825338,1.1833312954336688,0.22323575765980025,-0.6415606404013808,-1.8138876431386033,-0.805641944058687,0.265277173840803,1.4300301618959514,1.0668139675679207,-0.059242427850192195,1.4307513356225203,0.06594128799247202,-0.38492911779513417,-1.7516426102695501,0.7389985474608877,-0.789003190158299,0.9355347251393269,1.8004558358452596,0.7060827107814216,0.5156090473571548,-1.1770106501331827,0.7017852767624231,-0.7636818899477933
3.4130497307932597,1.316438636792293,-0.9755419522919585,-0.1707540983024327,-1.5840697981822887,1.0423036748402081,-1.7409453244309463,-1.335768394954753,2.204863592401628,1.6315465724010805,1.3356987310762025,0.5766394098115173,2.6345062898393397,0.23773234748282598,-1.4192896818588836,-0.059242427850192195,2.9745530936243583,1.3306715513958813,-0.30400483158641717,-0.7520573124737687,3.9839706150828147,-0.578036741694775,2.00832411736221,-0.18457248611254237,3.3892250617384394,0.9151529130477359,0.7931543265711761,1.5752280208874392,-0.6152792703896267,0.3660775873970476
0.35607169868189176,-1.5891659340697881,-1.321607781032596,3.3797356931999554,-0.4072146337432277,2.0029107730181237,-0.5056359031281067,0.7826096583483747,2.7791696933766694,1.1425636466059148,-0.2581841446758548,-2.315325252883621,0.03136654998603277,0.4372308657009556,1.352601563516132,1.4307513356225203,1.3306715513958813,2.7996474324389844,-0.21777101747331262,-0.8753695143879356,-0.5690996518066835,0.7609662648717281,-0.1702695294506606,1.2709669059308757,4.192468055332924,1.4047759172019907,1.1351126144699109,-0.8975455189797397,0.5099558540147909,-0.8205128627126801
-0.7725714284511231,-0.07606843846818763,0.2955895737068604,0.2002356863910874,0.550190093957074,-0.21600821012387889,0.5695456722204053,0.564414616178768,-0.31679397029071216,-0.2321338262645191,-0.5078657598114046,-0.4286867431743508,-0.38239172401470867,0.061346467597401234,0.4466148256288038,0.06594128799247202,-0.30400483158641717,-0.21777101747331262,0.6002926020365645,-0.10735161596027583,-0.9204571348831184,0.4810905189386792,-0.44964034407787595,0.2512682477575118,-0.45697813249107805,0.00905163285635605,-0.1492653790767288,-0.24982624288891903,0.5532803281049936,-0.39456404798418376
-0.4369262523739931,0.19978476706223217,0.42546597514296874,-0.9269631024551643,0.19992675955556405,-0.6813733292975813,0.251209460524466,-0.15921835905315415,-1.0264364742864325,-0.49759874830611045,0.0021217675181216993,0.6963445739315736,-0.3581139528129866,-0.19074825946051438,-0.2777028543343519,-0.38492911779513417,-0.7520573124737687,-0.8753695143879356,-0.10735161596027583,0.4543718156406552,-0.21329438502870365,-0.30985605097802454,-0.11852960504156383,-0.4323519983991057,-1.5119043132731929,-0.5495536171366512,-0.4207520498343608,0.030731794668289642,-0.1875749568868687,0.2972436706964081
6.5698323251272734,4.274580153947988,-0.5715740509603686,-4.461755661589836,-2.870493649136748,-0.12634654086755584,-3.2389844885312886,-3.9354994906500402,1.0208139157608842,1.8600158114497365,3.2900831377537516,4.132565393456719,5.10121059421443,-0.10714122000659632,-4.5309933728834,-1.7516426102695501,3.9839706150828147,-0.5690996518066835,-0.9204571348831184,-0.21329438502870365,8.729458313908586,-2.318529532641927,4.2998395981445245,-1.985632718279672,1.6743187132865214,-0.024235739093610365,0.28354711062263666,4.072865084761682,-2.3244395830462596,2.083193053196446
-1.4668291826787274,-1.199323551533313,-0.15734739290369068,1.730012480487417,0.7768679898783994,0.6868332698342642,0.6665204290109978,1.1785427304955511,0.381573404228871,-0.1457995336082319,-0.9071261665279173,-1.7557394709245997,-1.1028628440177892,0.1758849239183381,1.4944530605864894,0.7389985474608877,-0.578036741694775,0.7609662648717281,0.4810905189386792,-0.30985605097802454,-2.318529532641927,1.1363690490069673,-1.1412413654944364,0.9808039455835956,0.48141789728326045,0.37470967993924476,0.21233661726001932,-1.0641117318202113,0.7244611324546142,-0.7500512383144785
3.2967999330554716,2.058577143031541,-0.33651823455534063,-2.070890226172763,-1.424164808441336,-0.06936599318058972,-1.6168753783922873,-1.909018636267864,0.5759971894906547,0.9500866702281268,1.6643800828062776,2.0520164315338216,2.5459891500491003,0.002349145421685847,-2.2204032609691535,-0.789003190158299,2.00832411736221,-0.1702695294506606,-0.44964034407787595,-0.11852960504156383,4.2998395981445245,-1.1412413654944364,2.2187022037427893,-0.9867320013733242,1.0111755340717017,0.0020076772167634724,0.15498679046194283,1.9431919125029433,-1.0586426996770937,0.9994977665441109
-1.1402309231792855,-1.4017608066238767,-0.4177739389415524,2.2298720393964384,0.4714910518208629,0.9942137392289851,0.4282904338119409,1.1356094733608149,0.969659849774172,0.14783935834486975,-0.8122984028143312,-1.9456098010136904,-0.9238349109305675,0.22029115490387377,1.5401310577258127,0.9355347251393269,-0.18457248611254237,1.2709669059308757,0.2512682477575118,-0.4323519983991057,-1.985632718279672,0.9808039455835956,-0.9867320013733242,1.0800771864417062,1.3640502187501038,0.6528018659733444,0.44906664376220234,-1.1009975753550716,0.6733946330629744,-0.8024615389544291
2.443024814355121,-1.1908524427036977,-2.1836121063039236,4.19947381426927,-1.4090820174412864,2.930873481914359,-1.592743413777298,0.23052200824978894,4.765029083108179,2.347670531183344,0.4922345982992981,-2.4574516960995134,1.6302079999285266,0.7038038430521091,0.7859492546949912,1.8004558358452596,3.3892250617384394,4.192468055332924,-0.45697813249107805,-1.5119043132731929,1.6743187132865214,0.48141789728326045,1.0111755340717017,1.3640502187501038,7.320708871006816,2.3064667413396167,1.8810540259019883,-0.24160559547504254,0.3764517826664981,-0.834920630366096
0.3412968865695146,-0.6233661699264613,-0.6338135895697249,1.6990270679628248,-0.2571904476351262,0.9926004746917418,-0.25228353097648876,0.39245549551710746,1.5458590949719113,0.6711151619733544,-0.11244040557629578,-1.187994049946511,0.2498201052610024,0.24136931159226557,0.6120058950027577,0.7060827107814216,0.9151529130477359,1.4047759172019907,0.00905163285635605,-0.5495536171366512,-0.024235739093610365,0.37470967993924476,0.0020076772167634724,0.6528018659733444,2.3064667413396167,0.8460899008767512,0.6155064060675498,-0.31664196274019146,0.32657009605503384,-0.4853649320611955
0.5686056473718396,-0.39969248008884056,-0.6148378239152974,1.1730978861208499,-0.3387738166722997,0.8843550760355684,-0.43152836021677893,0.0829634945108978,1.2593468871305595,0.5985831544428852,0.1050722752128824,-0.773157906107607,0.3476512172009565,0.18133753144050516,0.3060324391988382,0.5156090473571548,0.7931543265711761,1.1351126144699109,-0.1492653790767288,-0.4207520498343608,0.28354711062263666,0.21233661726001932,0.15498679046194283,0.44906664376220234,1.8810540259019883,0.6155064060675498,0.5423277898598234,-0.1210073732673876,0.0387341439681635,-0.22599129787264838
2.8946405570574867,2.3838240004663067,0.05921014401560615,-2.87834770596136,-1.1661194902716183,-0.3883636656654484,-1.3539545417944232,-1.9571760494888681,-0.1827635920908555,0.6280510054974885,1.4833218953180465,2.2986240363214456,2.322026285524409,-0.18330140147138171,-2.3345110361577417,-1.1770106501331827,1.5752280208874392,-0.8975455189797397,-0.24982624288891903,0.030731794668289642,4.072865084761682,-1.0641117318202113,1.9431919125029433,-1.1009975753550716,-0.24160559547504254,-0.31664196274019146,-0.1210073732673876,2.1750495811768373,-1.1993976745114858,1.1006996012129566
-1.7232486180225597,-1.2150010054414082,0.10252743734556377,1.817672199604514,0.7944036078598506,0.0235894932291079,1.0071773908871506,1.3785032879422026,0.20191215242851007,-0.2981793345000285,-1.034831250924478,-1.4190194103571807,-1.1946660924185606,0.20095941757529445,1.3802271481778718,0.7017852767624231,-0.6152792703896267,0.5099558540147909,0.5532803281049936,-0.1875749568868687,-2.3244395830462596,0.7244611324546142,-1.0586426996770937,0.6733946330629744,0.3764517826664981,0.32657009605503384,0.0387341439681635,-1.1993976745114858,1.1381564809968212,-0.9204056605704956
1.440050438196045,1.272704896024884,0.10895329720121819,-1.986437958721104,-0.5938522006355713,-0.40143426400027904,-0.7606400929384576,-1.2499532952684815,-0.5490659959789181,0.08086538927092794,0.9397895647823058,1.5960479333213027,1.0477143763197427,-0.1769897079314552,-1.393026217648105,-0.7636818899477933,0.3660775873970476,-0.8205128627126801,-0.39456404798418376,0.2972436706964081,2.083193053196446,-0.7500512383144785,0.9994977665441109,-0.8024615389544291,-0.834920630366096,-0.4853649320611955,-0.22599129787264838,1.1006996012129566,-0.9204056605704956,0.8929394662304182
