V1,V2,V3,V4,V5,V6,V7,V8,V9,V10,V11,V12,V13,V14,V15,V16,V17,V18,V19,V20,V21,V22,V23,V24,V25,V26,V27,V28,V29,V30
0.1339495836556106,-0.22229100263696114,0.23260488085167705,0.024848116005173684,-0.25969715231528845,-0.16423296962113484,0.04807289646218922,0.23438355053704882,-0.06943311799766913,-0.00627146790924397,0.03543286742371215,-8.832902250168722e-4,0.014337846643417276,0.3027318596286363,0.32721949689313723,0.0370666890792473,-0.4511467629683015,-0.0930334693327254,-0.16703405951123923,0.056826749004205236,-0.2524265895278842,0.31383386607893604,0.3504279969048516,0.06157536605126551,-0.3637885114015874,0.20951892211802742,0.06114465974386988,0.1414265753960608,0.15619702348520806,-0.7280975435183715
-0.22229100263696114,3.687286420970802,-0.09885249649798608,0.3687209033390097,-1.664999777213394,0.4217781929790475,2.2928801804963195,-0.67816799412523,-1.7880443069589154,0.8703026641321033,1.1690392145375916,-0.8493473766831343,0.6667456858761326,-0.0980866393997694,-0.16634262274927822,2.430295323124703,0.7776232601495672,0.5062147523096683,-0.025591234295648576,0.713078959647247,-0.19744548583427415,-3.082709491126449,-0.39885848813182917,-1.2477896432816475,0.30666395509429684,-0.8475028293500356,0.1674022117717374,-1.5140892658502834,-0.7635468650631968,0.6674954191817524
0.23260488085167705,-0.09885249649798608,0.700404890175915,0.33007292974070934,-1.2866382820819944,-0.558245786493441,0.8942544229726759,0.18581339309728556,-0.705025407844863,0.20700423234081644,0.29503619620015686,-0.21462204723228084,-0.0347720329228104,1.055715505672891,0.3962971428110145,0.7729306614849801,-1.2089511321727149,-0.16980790116718775,-0.5655614950198111,0.6696607897243626,-0.7626757601800528,0.037392365447011765,1.1270086691049848,-0.44554963306278816,-1.474731510544251,0.3305321913000619,0.3773050017774699,0.30482685268788906,0.18057891289795402,-2.081336706338584
0.024848116005173684,0.3687209033390097,0.33007292974070934,0.29623550402254906,-0.9043877145252515,-0.28301534150349683,0.8901206116518218,-0.17119100666544768,-0.64747700651091,0.2253605622085648,0.2568248478868264,-0.238555345139196,-0.02449771232688742,0.5610444746370504,-0.11737184921254781,0.7932579274303149,-0.4520698549979226,-0.0037563471448024627,-0.2841122298033131,0.6000974578317976,-0.36927536710405146,-0.5485631836371502,0.5390311465636692,-0.5757043348786557,-0.8810478051680366,-0.045597217809673796,0.2614181165064878,0.029937789078530726,-0.09826238880753206,-0.9111809552716007
-0.25969715231528845,-1.664999777213394,-1.2866382820819944,-0.9043877145252515,3.4133467350225164,0.9062135774952994,-3.0183149657232695,0.20688489112879066,2.3353962115479967,-0.8922903381430493,-1.1717399718012365,0.8704928694077446,-0.177115755237171,-2.0372434078625865,-0.4164471525264593,-2.8087308279361336,1.9128624919863748,0.05817218032154463,1.1305504009614664,-1.796435002699006,1.5365362264623745,1.6700080160310244,-2.0184873172252846,1.6669776663828462,2.838263826483612,-0.1509084723552068,-0.9006518999440176,0.128534240541205,0.10273061860151064,3.610092501677543
-0.16423296962113484,0.4217781929790475,-0.558245786493441,-0.28301534150349683,0.9062135774952994,0.5141129668119477,-0.6122650618169168,-0.09688791462633718,0.4505870848828434,-0.09440927430865725,-0.10729304340278463,0.11332328040747854,0.14061221249528974,-0.8718572833038454,-0.14150458445615935,-0.47034279726761696,0.9862577326833668,0.1658710949355422,0.4420838679027856,-0.5823631070697292,0.563388958718948,-0.17795977396400803,-0.9400980402861925,0.3716277540421982,1.309796905512057,-0.2640940998252057,-0.31354565158261305,-0.4131630512953515,-0.14662108419186468,1.67741183280227
0.04807289646218922,2.2928801804963195,0.8942544229726759,0.8901206116518218,-3.0183149657232695,-0.6122650618169168,3.1697143258571874,-0.5408798295461082,-2.3643132303771535,0.8822216408031424,1.1064811803807664,-0.9365563715890256,0.22815202151428685,1.4925582628360645,-0.19168196392008605,2.9764342615171633,-1.0113412359458362,0.15425832550045168,-0.7819049064170563,1.816849412426765,-1.1183360640638011,-2.4537023526180284,1.3324315516210576,-1.9070532718067723,-2.243153379404489,-0.3801498874009715,0.7174603021873058,-0.4714462015454689,-0.49683366668199963,-2.360442523194114
0.23438355053704882,-0.67816799412523,0.18581339309728556,-0.17119100666544768,0.20688489112879066,-0.09688791462633718,-0.5408798295461082,0.5866643830549503,0.3400516863400518,-0.2011005248167146,-0.14645163990746707,0.1708886144664658,0.053277866559619205,0.13808773183898057,0.6736666108720807,-0.49610051952249584,-0.47318010725123066,-0.16145274899987896,-0.08196973536616067,-0.3127264180590559,-0.18954536606039876,0.9639585805660988,0.23293176307419364,0.5187112550558114,-0.03422101979948452,0.38250327450473826,-0.10572253357405348,0.23630347051687214,0.33240909335914526,-0.6749928867251762
-0.06943311799766913,-1.7880443069589154,-0.705025407844863,-0.64747700651091,2.3353962115479967,0.4505870848828434,-2.3643132303771535,0.3400516863400518,1.7942518968536811,-0.692190159384804,-0.8928797194938602,0.7115791633650134,-0.21654281146566784,-1.1502787082805959,-0.020492794453635124,-2.244090320872976,0.8452552905589331,-0.10269977794258763,0.625151006214988,-1.3081400053951886,0.8961389004002924,1.7889321456102218,-1.044872464901128,1.3667349976972771,1.653776713370079,0.21062034269644897,-0.5495551463432954,0.3922918754737192,0.31643529410075144,1.8768571983422473
-0.00627146790924397,0.8703026641321033,0.20700423234081644,0.2253605622085648,-0.8922903381430493,-0.09440927430865725,0.8822216408031424,-0.2011005248167146,-0.692190159384804,0.3247258734895109,0.41618369227149127,-0.2874102335257408,0.11528171465785987,0.3552405622139165,0.029835936780839616,0.8667871364782326,-0.23592350485873093,0.06436432957498853,-0.2241350428322024,0.42201880484449705,-0.29901073388615934,-0.7858519579863841,0.3142577289318201,-0.49395350601359617,-0.45509977019692727,-0.07701689674501777,0.22234560663158942,-0.25380947881380417,-0.12057114913225715,-0.5143754375249819
0.03543286742371215,1.1690392145375916,0.29503619620015686,0.2568248478868264,-1.1717399718012365,-0.10729304340278463,1.1064811803807664,-0.14645163990746707,-0.8928797194938602,0.41618369227149127,0.5698867752595651,-0.37086255228496906,0.20629239517106648,0.4684730209718746,0.2132215792858516,1.1095880429278815,-0.3665076620883669,0.07297645344554474,-0.3075420928205095,0.48388275158739896,-0.43281836306629545,-0.9376252611195538,0.4263923848483037,-0.5574877445133394,-0.5394477020429924,-0.046646281172193736,0.26367877069847506,-0.3660705777630994,-0.11336435422855903,-0.760638766860362
-8.832902250168722e-4,-0.8493473766831343,-0.21462204723228084,-0.238555345139196,0.8704928694077446,0.11332328040747854,-0.9365563715890256,0.1708886144664658,0.7115791633650134,-0.2874102335257408,-0.37086255228496906,0.29364522850017694,-0.11399801067489684,-0.35838698469867597,0.025545865367739666,-0.9061448411571421,0.2024414456410684,-0.07313696767028768,0.19843405685233073,-0.48060729916327455,0.29612619973176774,0.8186123396988358,-0.2991157104596619,0.5432423676010152,0.5110939635459997,0.1401428379889013,-0.18966003468733125,0.2373635851826383,0.16642100424030876,0.5393058723456577
0.014337846643417276,0.6667456858761326,-0.0347720329228104,-0.02449771232688742,-0.177115755237171,0.14061221249528974,0.22815202151428685,0.053277866559619205,-0.21654281146566784,0.11528171465785987,0.20629239517106648,-0.11399801067489684,0.19993916874674883,-0.09966468738266075,0.2114727097521565,0.30078916203696715,0.14064149663313752,0.07946170544615734,0.024362911209884267,-0.04945094833392085,-0.03692146546446013,-0.3677258100471642,-0.1401644920737179,-0.026769471133272254,0.2622725750813146,-0.08098141527568056,-0.04568459084257412,-0.3275831139424279,-0.06512726750144399,0.14678229625879022
0.3027318596286363,-0.0980866393997694,1.055715505672891,0.5610444746370504,-2.0372434078625865,-0.8718572833038454,1.4925582628360645,0.13808773183898057,-1.1502787082805959,0.3552405622139165,0.4684730209718746,-0.35838698469867597,-0.09966468738266075,1.6375589747185468,0.42634007490633286,1.2779085353623136,-1.8055516894420096,-0.23977184714114827,-0.8751315380046468,1.1324612628167567,-1.1410707283908479,-0.11507008782611511,1.7367671375695273,-0.8180443936519807,-2.341508260978208,0.4410675194234282,0.6262328286013343,0.471382253878089,0.2115724004734759,-3.1178604680473914
0.32721949689313723,-0.16634262274927822,0.3962971428110145,-0.11737184921254781,-0.4164471525264593,-0.14150458445615935,-0.19168196392008605,0.6736666108720807,-0.020492794453635124,0.029835936780839616,0.2132215792858516,0.025545865367739666,0.2114727097521565,0.42634007490633286,1.14922359269862,-0.09616906437005503,-0.8815150737583433,-0.18406975616329124,-0.3195755235210109,-0.2626063796696599,-0.5027526212362028,0.8053931352153043,0.5577508381821162,0.4773513953121726,-0.21673935968834604,0.5881789353316765,0.04894024613935886,0.05345136538666482,0.4561018563629506,-1.2733770261027613
0.0370666890792473,2.430295323124703,0.7729306614849801,0.7932579274303149,-2.8087308279361336,-0.47034279726761696,2.9764342615171633,-0.49610051952249584,-2.244090320872976,0.8667871364782326,1.1095880429278815,-0.9061448411571421,0.30078916203696715,1.2779085353623136,-0.09616906437005503,2.8417407835888864,-0.8126438954937477,0.18554189344466662,-0.6848300143898838,1.6102454429465134,-1.010946568862828,-2.4332252106875267,1.1089717920343671,-1.744482935876477,-1.8680891228682655,-0.3927668006448486,0.6311677479635767,-0.6015544647978744,-0.48773346996512584,-2.000355401177602
-0.4511467629683015,0.7776232601495672,-1.2089511321727149,-0.4520698549979226,1.9128624919863748,0.9862577326833668,-1.0113412359458362,-0.47318010725123066,0.8452552905589331,-0.23592350485873093,-0.3665076620883669,0.2024414456410684,0.14064149663313752,-1.8055516894420096,-0.8815150737583433,-0.8126438954937477,2.2664257496716456,0.39519958750681267,0.997275602684107,-0.8946176279421741,1.2857056904682218,-0.7067104336328139,-2.011354399277768,0.41810227818823137,2.4488305224162166,-0.8222622915964106,-0.6326337414474617,-0.7424434250000116,-0.5224118151404048,3.6705758401005992
-0.0930334693327254,0.5062147523096683,-0.16980790116718775,-0.0037563471448024627,0.05817218032154463,0.1658710949355422,0.15425832550045168,-0.16145274899987896,-0.10269977794258763,0.06436432957498853,0.07297645344554474,-0.07313696767028768,0.07946170544615734,-0.23977184714114827,-0.18406975616329124,0.18554189344466662,0.39519958750681267,0.11216485597893953,0.13002922630758737,-0.003730089531639869,0.15218767805925976,-0.46913936608948725,-0.3049032301219476,-0.120403432941085,0.321194547907174,-0.225295061371169,-0.05976794265137169,-0.2552234259187574,-0.173621689397968,0.5591826737660189
-0.16703405951123923,-0.025591234295648576,-0.5655614950198111,-0.2841122298033131,1.1305504009614664,0.4420838679027856,-0.7819049064170563,-0.08196973536616067,0.625151006214988,-0.2241350428322024,-0.3075420928205095,0.19843405685233073,0.024362911209884267,-0.8751315380046468,-0.3195755235210109,-0.6848300143898838,0.997275602684107,0.13002922630758737,0.49287866434316496,-0.5576261453286216,0.6281222965623166,0.057016502641479096,-0.9415104474473293,0.39574662853676745,1.1937533149309767,-0.28258544498250404,-0.3505714237705805,-0.2071635625129216,-0.14426002560139345,1.6707152054876075
0.056826749004205236,0.713078959647247,0.6696607897243626,0.6000974578317976,-1.796435002699006,-0.5823631070697292,1.816849412426765,-0.3127264180590559,-1.3081400053951886,0.42201880484449705,0.48388275158739896,-0.48060729916327455,-0.04945094833392085,1.1324612628167567,-0.2626063796696599,1.6102454429465134,-0.8946176279421741,-0.003730089531639869,-0.5576261453286216,1.2440525187837006,-0.7405700378779991,-1.1104363436755011,1.0799521336284457,-1.183992113728056,-1.8095684587452439,-0.12960015925674445,0.5006670293856431,0.07462990492486472,-0.2281605368963585,-1.8582875031021953
-0.2524265895278842,-0.19744548583427415,-0.7626757601800528,-0.36927536710405146,1.5365362264623745,0.563388958718948,-1.1183360640638011,-0.18954536606039876,0.8961389004002924,-0.29901073388615934,-0.43281836306629545,0.29612619973176774,-0.03692146546446013,-1.1410707283908479,-0.5027526212362028,-1.010946568862828,1.2857056904682218,0.15218767805925976,0.6281222965623166,-0.7405700378779991,0.8634102528588204,0.153786636734116,-1.2032391454480016,0.5329891035708995,1.5436152173789843,-0.33121657905339547,-0.4203604690155674,-0.19618411102433977,-0.16764259571052328,2.241997250793278
0.31383386607893604,-3.082709491126449,0.037392365447011765,-0.5485631836371502,1.6700080160310244,-0.17795977396400803,-2.4537023526180284,0.9639585805660988,1.7889321456102218,-0.7858519579863841,-0.9376252611195538,0.8186123396988358,-0.3677258100471642,-0.11507008782611511,0.8053931352153043,-2.4332252106875267,-0.7067104336328139,-0.46913936608948725,0.057016502641479096,-1.1104363436755011,0.153786636734116,3.1058409230945463,0.19449164665570876,1.5988614164318307,0.309367243733176,0.9755878212324228,-0.2815159689561243,1.1267792150572042,0.8840331439149526,-0.48200369602760856
0.3504279969048516,-0.39885848813182917,1.1270086691049848,0.5390311465636692,-2.0184873172252846,-0.9400980402861925,1.3324315516210576,0.23293176307419364,-1.044872464901128,0.3142577289318201,0.4263923848483037,-0.2991157104596619,-0.1401644920737179,1.7367671375695273,0.5577508381821162,1.1089717920343671,-2.011354399277768,-0.3049032301219476,-0.9415104474473293,1.0799521336284457,-1.2032391454480016,0.19449164665570876,1.8830164937617375,-0.6973981172808174,-2.4474977596595004,0.5900317861810691,0.6522187723743597,0.6057217908840336,0.327057143442579,-3.3665322501831247
0.06157536605126551,-1.2477896432816475,-0.44554963306278816,-0.5757043348786557,1.6669776663828462,0.3716277540421982,-1.9070532718067723,0.5187112550558114,1.3667349976972771,-0.49395350601359617,-0.5574877445133394,0.5432423676010152,-0.026769471133272254,-0.8180443936519807,0.4773513953121726,-1.744482935876477,0.41810227818823137,-0.120403432941085,0.39574662853676745,-1.183992113728056,0.5329891035708995,1.5988614164318307,-0.6973981172808174,1.2750314294163076,1.3730982595669,0.3640627023703454,-0.4334199685555975,0.20962053519505802,0.4057866421704749,1.1336874126557
-0.3637885114015874,0.30666395509429684,-1.474731510544251,-0.8810478051680366,2.838263826483612,1.309796905512057,-2.243153379404489,-0.03422101979948452,1.653776713370079,-0.45509977019692727,-0.5394477020429924,0.5110939635459997,0.2622725750813146,-2.341508260978208,-0.21673935968834604,-1.8680891228682655,2.4488305224162166,0.321194547907174,1.1937533149309767,-1.8095684587452439,1.5436152173789843,0.309367243733176,-2.4474977596595004,1.3730982595669,3.531678571967022,-0.4658789965172281,-0.8999430980070042,-0.7911623367545891,-0.1731467712192731,4.340364652625289
0.20951892211802742,-0.8475028293500356,0.3305321913000619,-0.045597217809673796,-0.1509084723552068,-0.2640940998252057,-0.3801498874009715,0.38250327450473826,0.21062034269644897,-0.07701689674501777,-0.046646281172193736,0.1401428379889013,-0.08098141527568056,0.4410675194234282,0.5881789353316765,-0.3927668006448486,-0.8222622915964106,-0.225295061371169,-0.28258544498250404,-0.12960015925674445,-0.33121657905339547,0.9755878212324228,0.5900317861810691,0.3640627023703454,-0.4658789965172281,0.53984838786449,0.12017006064847562,0.4042418423440079,0.4165546676720023,-1.0924793034017983
0.06114465974386988,0.1674022117717374,0.3773050017774699,0.2614181165064878,-0.9006518999440176,-0.31354565158261305,0.7174603021873058,-0.10572253357405348,-0.5495551463432954,0.22234560663158942,0.26367877069847506,-0.18966003468733125,-0.04568459084257412,0.6262328286013343,0.04894024613935886,0.6311677479635767,-0.6326337414474617,-0.05976794265137169,-0.3505714237705805,0.5006670293856431,-0.4203604690155674,-0.2815159689561243,0.6522187723743597,-0.4334199685555975,-0.8999430980070042,0.12017006064847562,0.2996153190085701,0.11023386389073923,0.028543245023766525,-1.0809178997766995
0.1414265753960608,-1.5140892658502834,0.30482685268788906,0.029937789078530726,0.128534240541205,-0.4131630512953515,-0.4714462015454689,0.23630347051687214,0.3922918754737192,-0.25380947881380417,-0.3660705777630994,0.2373635851826383,-0.3275831139424279,0.471382253878089,0.05345136538666482,-0.6015544647978744,-0.7424434250000116,-0.2552234259187574,-0.2071635625129216,0.07462990492486472,-0.19618411102433977,1.1267792150572042,0.6057217908840336,0.20962053519505802,-0.7911623367545891,0.4042418423440079,0.11023386389073923,0.7516466639709061,0.3198835865458425,-1.0397054484520212
0.15619702348520806,-0.7635468650631968,0.18057891289795402,-0.09826238880753206,0.10273061860151064,-0.14662108419186468,-0.49683366668199963,0.33240909335914526,0.31643529410075144,-0.12057114913225715,-0.11336435422855903,0.16642100424030876,-0.06512726750144399,0.2115724004734759,0.4561018563629506,-0.48773346996512584,-0.5224118151404048,-0.173621689397968,-0.14426002560139345,-0.2281605368963585,-0.16764259571052328,0.8840331439149526,0.327057143442579,0.4057866421704749,-0.1731467712192731,0.4165546676720023,0.028543245023766525,0.3198835865458425,0.340563289283084,-0.63403777920395
-0.7280975435183715,0.6674954191817524,-2.081336706338584,-0.9111809552716007,3.610092501677543,1.67741183280227,-2.360442523194114,-0.6749928867251762,1.8768571983422473,-0.5143754375249819,-0.760638766860362,0.5393058723456577,0.14678229625879022,-3.1178604680473914,-1.2733770261027613,-2.000355401177602,3.6705758401005992,0.5591826737660189,1.6707152054876075,-1.8582875031021953,2.241997250793278,-0.48200369602760856,-3.3665322501831247,1.1336874126557,4.340364652625289,-1.0924793034017983,-1.0809178997766995,-1.0397054484520212,-0.63403777920395,6.23622508206639
