V1,V2,V3,V4,V5,V6,V7,V8,V9,V10,V11,V12,V13,V14,V15,V16,V17,V18,V19,V20,V21,V22,V23,V24,V25,V26,V27,V28,V29,V30
3.9433084971726666,13.090090184983803,26.998103349909822,54.390847110987096,12.155034565352377,-49.74942793508736,-1.9596913466834665,-4.946802244593829,-12.446338064567108,-2.522644560343229,-23.85289423406443,-31.42592849433036,-26.146214296615867,54.600182783766364,9.989370393321028,17.970488121289723,34.25981190380121,-21.642962362666225,-45.02715081324666,34.33290827329339,1.2718013182166499,-28.581969091451093,-19.506830871116705,0.1903199930831172,3.136786352267945,49.33535542202437,27.31029144002054,3.724195466399211,2.462850323926823,22.624733570641638
13.090090184983803,44.28679282966474,91.16945791832407,183.97193605297767,41.33810880652677,-168.21111812946683,-6.455446898874577,-16.47802020682173,-41.99070671064508,-9.045944505105433,-80.71652008668686,-106.06349967537025,-88.13497561448216,185.00845136172276,33.9108009555811,60.445580627625425,115.73394575725202,-73.12742897570536,-152.99783595680879,116.7648240784721,4.537250347067133,-96.65114362738316,-65.1102316645891,0.685423094942827,10.624672384726388,166.67963261086328,92.19151420942771,12.318540095392699,7.710596976911081,76.80138740027127
26.998103349909822,91.16945791832407,189.2635300861438,382.24419500224434,86.32277577408959,-349.6914128450861,-13.343156607574986,-34.53915905918418,-87.33724497643527,-18.708503083130815,-167.65673013942464,-220.76078224408437,-183.87289048872546,384.4192382778031,69.76450756666941,125.58848016493407,240.5437991719702,-151.9663398597946,-317.7851259307392,243.04129137460143,9.799049179601862,-201.51614082339498,-135.66304565075023,0.48579549456244303,21.500785382445773,346.15158193643725,191.76764064553302,26.060210238083858,15.428400642601819,159.41015946736601
54.390847110987096,183.97193605297767,382.24419500224434,772.1999384334157,174.56870909385145,-706.4538141698511,-26.861869563222488,-69.76475065843182,-176.40828875110978,-37.983191424074455,-338.7115724901829,-445.9556010890263,-371.5068038582357,776.721163654659,140.7841338730114,253.57349517153847,485.9010778968703,-306.9685591474377,-642.2221188374546,491.3442471987312,19.97510618912616,-407.2387411076966,-273.7921316696642,0.7780873459040503,43.29092860004267,699.1503803183638,387.37795306558854,52.653870769475304,30.78873324684273,322.1176849417168
12.155034565352377,41.33810880652677,86.32277577408959,174.56870909385145,40.30550606779079,-160.00267769055012,-6.204535712923207,-15.152651582046232,-40.129365022637494,-8.65111070710554,-76.07904581654313,-101.71047684015362,-84.61924062897168,176.14060624350827,32.72055262691151,57.21361555051951,109.80979093578367,-69.5845836071758,-146.0134480334784,111.72157712965323,5.012881956447501,-93.1536644956414,-62.22375290863412,-0.5920679520508332,9.884016425168872,158.5743637756651,87.84009460303128,11.791466087893708,5.860165113050593,72.51924786039574
-49.74942793508736,-168.21111812946683,-349.6914128450861,-706.4538141698511,-160.00267769055012,646.4356692670283,24.660884455305343,63.61774499906567,161.50897562449163,34.6820159706596,309.6665842024967,408.3888953466223,340.18276507993505,-710.753122976855,-129.14424105405183,-232.0004584634636,-444.5421152531375,280.9236262806141,587.7523658915418,-449.65242566894517,-18.430446188881138,373.0076432279111,250.77017312536213,-0.4000132809151633,-39.64689030120354,-639.8717847812567,-354.5362086644459,-48.1723111170526,-27.838682615117953,-294.5209798156222
-1.9596913466834665,-6.455446898874577,-13.343156607574986,-26.861869563222488,-6.204535712923207,24.660884455305343,1.0479816405171798,2.2548207553763313,6.239716479905299,1.187515720063814,11.61415640994382,15.820178387882079,13.106096058713769,-27.089435161712355,-5.27164891938558,-8.89467668567839,-16.925016057147403,10.761591556349305,22.403258953734063,-17.02277410772501,-0.7205702911158549,14.417956003896515,9.854121063760113,0.08321255404222996,-1.631038581391164,-24.585376735989758,-13.587271431833017,-1.8070071581795726,-1.0098266839415442,-11.0418744889606
-4.946802244593829,-16.47802020682173,-34.53915905918418,-69.76475065843182,-15.152651582046232,63.61774499906567,2.2548207553763313,7.0427456965684225,15.7277353152192,3.3548065734952925,31.06547893209377,39.5744857953898,33.271007941970126,-69.65817591296522,-11.520094950258134,-22.999731095745037,-43.96338918952729,27.55509347278909,57.19420654955837,-43.98950177019048,-1.4985545441916572,36.03930991637945,24.541154758710185,-0.39592379348909323,-3.5494483305202986,-62.565636750705785,-34.82718868929749,-5.068591785365594,-3.5606850984557985,-29.340282632933132
-12.446338064567108,-41.99070671064508,-87.33724497643527,-176.40828875110978,-40.129365022637494,161.50897562449163,6.239716479905299,15.7277353152192,40.4214009336365,8.580253867441638,77.17307800300193,102.26741618771226,85.14328229072987,-177.57874298587092,-32.54834828668947,-57.968623482317525,-111.01941367383142,70.22032985262496,146.88234964000517,-112.31289209501568,-4.6762057339559915,93.42512838166692,62.86896177666081,0.06917372693583072,-9.971365509218192,-159.99260290480726,-88.63272876366048,-12.016410738193947,-6.791706011288486,-73.40885027617773
-2.522644560343229,-9.045944505105433,-18.708503083130815,-37.983191424074455,-8.65111070710554,34.6820159706596,1.187515720063814,3.3548065734952925,8.580253867441638,2.1927170475118007,16.745004521149088,21.692746897411656,18.034092784923775,-38.35300047854685,-6.8601935328395784,-12.26698568962339,-23.814099603839274,15.026525342644444,31.93659861359287,-24.525850297042272,-1.0917977971371053,19.9136738771488,12.87866483246864,-0.11511427375898561,-2.0980812533804385,-34.19034901367226,-18.91137617028601,-2.4453544278097965,-1.2171857890257574,-16.05248127503206
-23.85289423406443,-80.71652008668686,-167.65673013942464,-338.7115724901829,-76.07904581654313,309.6665842024967,11.61415640994382,31.06547893209377,77.17307800300193,16.745004521149088,148.95177754980273,194.93307297803926,162.53333716268364,-340.3715696450212,-60.95309894140566,-111.2123761470745,-213.13392449692907,134.4832618173729,281.24258451773096,-215.29986383083417,-8.52385945947011,177.92485943930802,119.6654435315201,-0.750562004571029,-18.79716121274192,-306.1762870807073,-169.70145861143516,-23.197907437057623,-14.048210893061539,-141.56985136650962
-31.42592849433036,-106.06349967537025,-220.76078224408437,-445.9556010890263,-101.71047684015362,408.3888953466223,15.820178387882079,39.5744857953898,102.26741618771226,21.692746897411656,194.93307297803926,258.8280873879591,215.46108049078887,-449.0807267870557,-82.55470201369789,-146.5195825273468,-280.647941122308,177.57984137853995,371.55675321729575,-284.11221696862094,-11.97437848508708,236.5333604577464,159.07001057401,0.4302747065960492,-25.23255714086254,-404.6282820473077,-224.15714517322579,-30.35565824749668,-16.833553290673805,-185.47144637353765
-26.146214296615867,-88.13497561448216,-183.87289048872546,-371.5068038582357,-84.61924062897168,340.18276507993505,13.106096058713769,33.271007941970126,85.14328229072987,18.034092784923775,162.53333716268364,215.46108049078887,179.54720889308882,-373.9489879100229,-68.23617613443035,-122.0848653246714,-233.8319356755214,147.88038785904422,309.24270746200904,-236.64734280576445,-9.954269041981094,196.9429320624944,132.51915415139746,0.44488192081670774,-20.782488099723835,-336.845339387428,-186.72283092200246,-25.4836320952958,-14.150029024665296,-154.5566189362284
54.600182783766364,185.00845136172276,384.4192382778031,776.721163654659,176.14060624350827,-710.753122976855,-27.089435161712355,-69.65817591296522,-177.57874298587092,-38.35300047854685,-340.3715696450212,-449.0807267870557,-373.9489879100229,781.7009395497728,142.34871998718495,254.92337545750115,488.68313427528227,-308.8784417301892,-646.6893677113085,494.70815204003173,20.416622730590195,-410.25979560729314,-275.41015686212126,0.4071845016813033,43.70179314465651,703.5916728154436,389.7644222297941,52.765522700073674,30.196730421499915,323.87154081794233
9.989370393321028,33.9108009555811,69.76450756666941,140.7841338730114,32.72055262691151,-129.14424105405183,-5.27164891938558,-11.520094950258134,-32.54834828668947,-6.8601935328395784,-60.95309894140566,-82.55470201369789,-68.23617613443035,142.34871998718495,27.763948380877462,46.211351595751175,88.5234181581322,-56.295056493458524,-118.23100952142237,89.93785394517832,4.011337925732198,-75.42893383637706,-50.53757327836057,-0.2841700012816641,8.591517330133502,128.5902796073254,70.95705946783669,9.109485559889238,4.629591402116543,58.237472734879155
17.970488121289723,60.445580627625425,125.58848016493407,253.57349517153847,57.21361555051951,-232.0004584634636,-8.89467668567839,-22.999731095745037,-57.968623482317525,-12.26698568962339,-111.2123761470745,-146.5195825273468,-122.0848653246714,254.92337545750115,46.211351595751175,83.40574467223288,159.61539211646192,-100.83234513689297,-210.61197255904978,161.06753286999657,6.447038865446755,-133.70769629952827,-90.24522423833096,0.2798920606810123,14.235434482965903,229.6718570218048,127.27172488064645,17.383107412432135,10.389229677023321,105.67141737316567
34.25981190380121,115.73394575725202,240.5437991719702,485.9010778968703,109.80979093578367,-444.5421152531375,-16.925016057147403,-43.96338918952729,-111.01941367383142,-23.814099603839274,-213.13392449692907,-280.647941122308,-233.8319356755214,488.68313427528227,88.5234181581322,159.61539211646192,305.7769041895485,-193.1672099238969,-403.9811951244566,309.0766435436277,12.535848459529852,-256.2605365877421,-172.42844699088104,0.4626038319626168,27.21422418754073,439.94915034126643,243.78662339958933,33.19648062008147,19.472123151930628,202.64577691056923
-21.642962362666225,-73.12742897570536,-151.9663398597946,-306.9685591474377,-69.5845836071758,280.9236262806141,10.761591556349305,27.55509347278909,70.22032985262496,15.026525342644444,134.4832618173729,177.57984137853995,147.88038785904422,-308.8784417301892,-56.295056493458524,-100.83234513689297,-193.1672099238969,122.10238189217665,255.4413261074093,-195.36548090650422,-8.02152299625976,162.18325726718166,109.08261022142256,-0.13743064049221454,-17.29092237781313,-278.15201993763503,-154.0961264937639,-20.906976158388186,-12.058118251477149,-127.9135053891428
-45.02715081324666,-152.99783595680879,-317.7851259307392,-642.2221188374546,-146.0134480334784,587.7523658915418,22.403258953734063,57.19420654955837,146.88234964000517,31.93659861359287,281.24258451773096,371.55675321729575,309.24270746200904,-646.6893677113085,-118.23100952142237,-210.61197255904978,-403.9811951244566,255.4413261074093,535.3272734220117,-409.48057260524314,-17.12088800556179,339.568265625873,227.48985107137912,-0.16706003710096395,-36.26901571604031,-581.9339495635469,-322.28717245847946,-43.40984705317172,-24.366059811278145,-267.784569397512
34.33290827329339,116.7648240784721,243.04129137460143,491.3442471987312,111.72157712965323,-449.65242566894517,-17.02277410772501,-43.98950177019048,-112.31289209501568,-24.525850297042272,-215.29986383083417,-284.11221696862094,-236.64734280576445,494.70815204003173,89.93785394517832,161.06753286999657,309.0766435436277,-195.36548090650422,-409.48057260524314,313.46666553314316,13.18394541637758,-259.7758545211337,-173.8671395464029,-0.044393932588060264,27.4776266443344,444.94524843442707,246.53615642286246,33.36385927230291,18.523388080134932,204.96722248890202
1.2718013182166499,4.537250347067133,9.799049179601862,19.97510618912616,5.012881956447501,-18.430446188881138,-0.7205702911158549,-1.4985545441916572,-4.6762057339559915,-1.0917977971371053,-8.52385945947011,-11.97437848508708,-9.954269041981094,20.416622730590195,4.011337925732198,6.447038865446755,12.535848459529852,-8.02152299625976,-17.12088800556179,13.18394541637758,0.8425482234857319,-11.140844754852994,-7.1361206017043,-0.45640100533405575,1.100383428899373,18.283545059348903,10.143921976988931,1.3158739071294059,0.08686577196314763,8.21510037046613
-28.581969091451093,-96.65114362738316,-201.51614082339498,-407.2387411076966,-93.1536644956414,373.0076432279111,14.417956003896515,36.03930991637945,93.42512838166692,19.9136738771488,177.92485943930802,236.5333604577464,196.9429320624944,-410.25979560729314,-75.42893383637706,-133.70769629952827,-256.2605365877421,162.18325726718166,339.568265625873,-259.7758545211337,-11.140844754852994,216.3121457926825,145.20228444038244,0.6950489143686231,-22.949879641196734,-369.51335375348555,-204.74462231479407,-27.732164745429312,-14.93935590241003,-169.34689171265424
-19.506830871116705,-65.1102316645891,-135.66304565075023,-273.7921316696642,-62.22375290863412,250.77017312536213,9.854121063760113,24.541154758710185,62.86896177666081,12.87866483246864,119.6654435315201,159.07001057401,132.51915415139746,-275.41015686212126,-50.53757327836057,-90.24522423833096,-172.42844699088104,109.08261022142256,227.48985107137912,-173.8671395464029,-7.1361206017043,145.20228444038244,98.38714435685584,0.2775652684021161,-15.470004571097867,-248.56105796827075,-137.76709836076742,-18.881184232506165,-10.899134114470108,-113.64684648733459
0.1903199930831172,0.685423094942827,0.48579549456244303,0.7780873459040503,-0.5920679520508332,-0.4000132809151633,0.08321255404222996,-0.39592379348909323,0.06917372693583072,-0.11511427375898561,-0.750562004571029,0.4302747065960492,0.44488192081670774,0.4071845016813033,-0.2841700012816641,0.2798920606810123,0.4626038319626168,-0.13743064049221454,-0.16706003710096395,-0.044393932588060264,-0.45640100533405575,0.6950489143686231,0.2775652684021161,0.9420670072706852,0.17517335186183525,0.3215319883533346,0.06918935966777949,-0.07759593879171661,0.9844793608590572,0.6668943062523023
3.136786352267945,10.624672384726388,21.500785382445773,43.29092860004267,9.884016425168872,-39.64689030120354,-1.631038581391164,-3.5494483305202986,-9.971365509218192,-2.0980812533804385,-18.79716121274192,-25.23255714086254,-20.782488099723835,43.70179314465651,8.591517330133502,14.235434482965903,27.21422418754073,-17.29092237781313,-36.26901571604031,27.4776266443344,1.100383428899373,-22.949879641196734,-15.470004571097867,0.17517335186183525,2.7505330572038535,39.535671882845044,21.75782366123769,2.728130424974643,1.6754721819369085,17.957111978839784
49.33535542202437,166.67963261086328,346.15158193643725,699.1503803183638,158.5743637756651,-639.8717847812567,-24.585376735989758,-62.565636750705785,-159.99260290480726,-34.19034901367226,-306.1762870807073,-404.6282820473077,-336.845339387428,703.5916728154436,128.5902796073254,229.6718570218048,439.94915034126643,-278.15201993763503,-581.9339495635469,444.94524843442707,18.283545059348903,-369.51335375348555,-248.56105796827075,0.3215319883533346,39.535671882845044,633.716341563426,351.01173882878663,47.52037029471861,27.397534896272738,291.2554767084845
27.31029144002054,92.19151420942771,191.76764064553302,387.37795306558854,87.84009460303128,-354.5362086644459,-13.587271431833017,-34.82718868929749,-88.63272876366048,-18.91137617028601,-169.70145861143516,-224.15714517322579,-186.72283092200246,389.7644222297941,70.95705946783669,127.27172488064645,243.78662339958933,-154.0961264937639,-322.28717245847946,246.53615642286246,10.143921976988931,-204.74462231479407,-137.76709836076742,0.06918935966777949,21.75782366123769,351.01173882878663,194.50040702282305,26.455689554796322,15.202949559482793,161.38147787796635
3.724195466399211,12.318540095392699,26.060210238083858,52.653870769475304,11.791466087893708,-48.1723111170526,-1.8070071581795726,-5.068591785365594,-12.016410738193947,-2.4453544278097965,-23.197907437057623,-30.35565824749668,-25.4836320952958,52.765522700073674,9.109485559889238,17.383107412432135,33.19648062008147,-20.906976158388186,-43.40984705317172,33.36385927230291,1.3158739071294059,-27.732164745429312,-18.881184232506165,-0.07759593879171661,2.728130424974643,47.52037029471861,26.455689554796322,3.831171496673012,2.298951961359309,21.93414694662116
2.462850323926823,7.710596976911081,15.428400642601819,30.78873324684273,5.860165113050593,-27.838682615117953,-1.0098266839415442,-3.5606850984557985,-6.791706011288486,-1.2171857890257574,-14.048210893061539,-16.833553290673805,-14.150029024665296,30.196730421499915,4.629591402116543,10.389229677023321,19.472123151930628,-12.058118251477149,-24.366059811278145,18.523388080134932,0.08686577196314763,-14.93935590241003,-10.899134114470108,0.9844793608590572,1.6754721819369085,27.397534896272738,15.202949559482793,2.298951961359309,2.817711858628933,13.074817106518381
22.624733570641638,76.80138740027127,159.41015946736601,322.1176849417168,72.51924786039574,-294.5209798156222,-11.0418744889606,-29.340282632933132,-73.40885027617773,-16.05248127503206,-141.56985136650962,-185.47144637353765,-154.5566189362284,323.87154081794233,58.237472734879155,105.67141737316567,202.64577691056923,-127.9135053891428,-267.784569397512,204.96722248890202,8.21510037046613,-169.34689171265424,-113.64684648733459,0.6668943062523023,17.957111978839784,291.2554767084845,161.38147787796635,21.93414694662116,13.074817106518381,134.65117797981975
