V1,V2,V3,V4,V5,V6,V7,V8,V9,V10,V11,V12,V13,V14,V15,V16,V17,V18,V19,V20,V21,V22,V23,V24,V25,V26,V27,V28,V29,V30
0.137925688211609,-0.5723228648465579,0.1450127114967781,0.05411111586441235,0.18352668286656532,-0.1518481723905421,-0.3160652599380409,0.17859403676878985,0.3183681727975028,-0.2522289513277208,-0.4419400610187202,0.2729630952802335,0.03135828972989212,0.05579699542030772,-0.05172903693639836,-0.3185288664534597,-0.04976107755639137,-0.09366792185128067,0.08743323342346054,-0.11779777655268259,-0.10838913303298477,0.7569498266104561,0.11559153722657774,0.39472264302941024,-0.12192423960538393,0.08237505902585199,-0.12696334315307356,0.287513773310504,0.3209268645337396,-0.143184579960249
-0.5723228648465579,6.528607920400358,-0.008574742959759577,1.4669849125234231,-3.413347828270641,0.41928959454028236,4.360890760049227,-2.4703883288194604,-2.926046087703926,1.3323972972562093,1.015078218412569,-0.7725866153816231,1.3150694217856245,-0.0435300549767667,-2.138371370818814,4.430603238279128,2.0888949587720727,0.9281212102038242,0.11333831001329393,1.6026277633068537,-0.458332350389685,-4.965243575941209,-0.29314035317945747,-1.8124761858101885,0.18138116110960065,-1.8648040423031296,0.37936107205939046,-2.3539280381129064,-0.6658138466247382,2.458924001617446
0.1450127114967781,-0.008574742959759577,0.3616885872683023,0.5319348256293562,-0.44159879955283554,-0.2854246741367591,0.015193343190480373,-0.3887568531336862,0.278892984980969,-0.27035008604421956,-0.8746124567916169,0.6716403984056549,0.38579879333528505,0.20040500440997921,-0.6711391465071709,-0.001740206804021628,0.23941594554769263,-0.06521097966641609,0.09548742109249203,-0.041605303751261494,-0.3929732992957702,1.0440525955914086,0.4669087151301818,0.8209738761763739,-0.18168576027536273,-0.01589454712078896,-0.09188590862453652,0.2163552263542932,0.8912273414207311,0.40865686545207913
0.05411111586441235,1.4669849125234231,0.5319348256293562,1.174647647426604,-1.474067355788465,-0.3243353378206665,0.9144915057632733,-1.2919408492075473,-0.15229361689187057,-0.09575456147844422,-1.1299402546564017,0.9401798616178273,0.9057746620634937,0.291821888801738,-1.5664839465265767,0.8964716518859951,0.847178009647916,0.10118694779951726,0.12946771203324134,0.232556059149393,-0.6927829612964174,0.591870738584402,0.7198428724506152,0.9756567405811334,-0.14905932915857226,-0.3795401767563414,-0.009940570494002031,-0.20544948648857608,1.3205270567466496,1.3633105872258193
0.18352668286656532,-3.413347828270641,-0.44159879955283554,-1.474067355788465,2.4914441242667107,0.12897520095745688,-2.1720581369639067,2.050108147383133,1.1183024793923082,-0.4918348182606301,0.46875477016404954,-0.5018331424051448,-1.1322235557579805,-0.27980380746108996,1.9785422476741936,-2.198583354857605,-1.279827989642259,-0.36892251883817206,-0.06163825533796955,-0.6742613423411603,0.7465368395038374,1.176097303040062,-0.578103451070571,-0.20866619886041862,0.06425127231302585,0.7964660212796104,-0.2528495127915227,0.947912246365983,-0.9542690869096879,-1.9341439281045563
-0.1518481723905421,0.41928959454028236,-0.2854246741367591,-0.3243353378206665,0.12897520095745688,0.25144084667023126,0.2592247655343939,0.14245805951721707,-0.40109313327006757,0.2990534551382326,0.7523890609292458,-0.5739983223482741,-0.220633202408243,-0.15993965672887245,0.3910036370468721,0.2772987329804441,-0.05749877579598369,0.1090996954735494,-0.07018810036275058,0.13038716012366966,0.2800535734944037,-1.1300867491713162,-0.38241480594006977,-0.7551490196287595,0.15746196309038654,-0.1007846504288146,0.09963243478657301,-0.31860914523410505,-0.7371756810134791,-0.1597635914361877
-0.3160652599380409,4.360890760049227,0.015193343190480373,0.9144915057632733,-2.1720581369639067,0.2592247655343939,3.1354064126541568,-1.306070592197886,-2.1050296106784474,0.7724728957151781,0.676479515635602,-0.656285653285652,0.897245123192271,-0.01797724229918837,-1.3231269186254282,3.145299558012197,1.4078277989622634,0.657501533971448,0.13499885672091977,1.269130180033445,-0.3051550709887584,-3.5435204387767674,-0.2879794739925569,-1.4618514352154455,-0.04664384088664102,-1.4510292696854206,0.09923083278051144,-1.5968369174684431,-0.7362240327628685,1.3182466497460097
0.17859403676878985,-2.4703883288194604,-0.3887568531336862,-1.2919408492075473,2.050108147383133,0.14245805951721707,-1.306070592197886,2.0073745109341306,0.5441345419482164,-0.41447234286575185,0.5812391227410425,-0.7265077175020214,-0.9106882131595021,-0.24516684049941906,1.7460614535422454,-1.3560037825141307,-0.9787005894032355,-0.20596223194283042,0.010303034836787715,-0.24229024102765376,0.6442309945188908,0.28411458441863485,-0.6725453289206561,-0.6877161287233962,-0.11342126474641771,0.3369267388604169,-0.339893302072638,0.6031292301194343,-1.2819999265737085,-1.9208615068905746
0.3183681727975028,-2.926046087703926,0.278892984980969,-0.15229361689187057,1.1183024793923082,-0.40109313327006757,-2.1050296106784474,0.5441345419482164,1.6960888942252976,-0.8083371334404074,-1.2536409712440264,1.0732803606713868,-0.2247811031948117,0.17353666855163147,0.2810851144289537,-2.161630436711859,-0.7009182694647218,-0.48541934597692604,-0.02945706493003992,-0.869712064581534,-0.10814418075824898,3.3221431251518316,0.6399271462778624,1.7396809740543115,-0.08029776546978448,0.9259018847933221,-0.18218828601874407,1.2326021784392347,1.2455401354870157,-0.4299034829686512
-0.2522289513277208,1.3323972972562093,-0.27035008604421956,-0.09575456147844422,-0.4918348182606301,0.2990534551382326,0.7724728957151781,-0.41447234286575185,-0.8083371334404074,0.6632735438026799,1.011612968900634,-0.7058200972028401,-0.12963382273493773,-0.14298284379774587,0.09952455625197346,0.8716292479554909,0.1386905178347415,0.1987354471474385,-0.08085914721085247,0.22069325244459914,0.18010161117541912,-1.7994084670003823,-0.42302232243442667,-0.9710732097002088,0.2041114939554099,-0.17511078370697356,0.3190470348627488,-0.6039758918012773,-0.6576865747265654,0.18959662325864463
-0.4419400610187202,1.015078218412569,-0.8746124567916169,-1.1299402546564017,0.46875477016404954,0.7523890609292458,0.676479515635602,0.5812391227410425,-1.2536409712440264,1.011612968900634,2.513415851647306,-1.9253907858512802,-0.8617275599451889,-0.4442234521821044,1.4601917076623947,0.7684498803651384,-0.4315179560851622,0.28188966693739914,-0.2581484546617613,0.35096974728460134,0.8727006611852711,-3.5039817801192603,-1.218770772747866,-2.471811687792873,0.37459329140811487,-0.15036589500221256,0.3939122006020275,-0.8733847663353432,-2.3491702033785704,-0.8927485923274424
0.2729630952802335,-0.7725866153816231,0.6716403984056549,0.9401798616178273,-0.5018331424051448,-0.5739983223482741,-0.656285653285652,-0.7265077175020214,1.0732803606713868,-0.7058200972028401,-1.9253907858512802,1.6206958830439187,0.678236998095359,0.3946022516803568,-1.1996909105699427,-0.7413776278189017,0.26286279781689137,-0.24653363181826105,0.07771971262763057,-0.36949683934643873,-0.6901039948936678,2.9005140264320635,1.135449766524502,2.1104633351923896,-0.20145703087144454,0.2836220857536418,-0.1710771044991221,0.6809685452599855,2.027590478484943,0.9111799306327865
0.03135828972989212,1.3150694217856245,0.38579879333528505,0.9057746620634937,-1.1322235557579805,-0.220633202408243,0.897245123192271,-0.9106882131595021,-0.2247811031948117,-0.12963382273493773,-0.8617275599451889,0.678236998095359,0.7721531353287011,0.20959894875808432,-1.2311898529916023,0.8389314825806898,0.7454358495824358,0.13166225458887432,0.10651993510379558,0.3187904120864813,-0.5095986302303968,0.24132727025048317,0.5340450321277248,0.6269812656089755,-0.12771473327445945,-0.4575499071240888,-0.09116910414764594,-0.26194498215204975,0.8412186586048458,1.0739069759607887
0.05579699542030772,-0.0435300549767667,0.20040500440997921,0.291821888801738,-0.27980380746108996,-0.15993965672887245,-0.01797724229918837,-0.24516684049941906,0.17353666855163147,-0.14298284379774587,-0.4442234521821044,0.3946022516803568,0.20959894875808432,0.16359563761759427,-0.3359557307029508,-0.05930649036534276,0.04294965570065097,-0.047803280413092855,-0.031683786964793036,-0.010569334870906628,-0.21967394153577766,0.6279248239764555,0.3744618782918342,0.47852719854874537,-0.11845974646884544,0.04804455681887411,-0.0107781842559698,0.12473124670513767,0.5021606138054248,0.20037885356211899
-0.05172903693639836,-2.138371370818814,-0.6711391465071709,-1.5664839465265767,1.9785422476741936,0.3910036370468721,-1.3231269186254282,1.7460614535422454,0.2810851144289537,0.09952455625197346,1.4601917076623947,-1.1996909105699427,-1.2311898529916023,-0.3359557307029508,2.1270159194520426,-1.307294064286365,-1.2310311895656314,-0.17278359259141501,-0.2077302041674022,-0.3440971601761421,0.8925928374611507,-0.5902915057901301,-0.8704725293814525,-1.2134927259482111,0.14412067361521863,0.5903667941733023,0.031187771416093368,0.3590936730463191,-1.6762042484302169,-1.9178610975822306
-0.3185288664534597,4.430603238279128,-0.001740206804021628,0.8964716518859951,-2.198583354857605,0.2772987329804441,3.145299558012197,-1.3560037825141307,-2.161630436711859,0.8716292479554909,0.7684498803651384,-0.7413776278189017,0.8389314825806898,-0.05930649036534276,-1.307294064286365,3.211991304629918,1.4251329968270394,0.6591348044650167,0.18052646537327305,1.2193242444189767,-0.29559762435979864,-3.6816125745075254,-0.4100587160800025,-1.5415303685796973,-0.01712197217316701,-1.4249472928249973,0.1491516878916233,-1.6112016429949458,-0.7407248151942742,1.312599925429725
-0.04976107755639137,2.0888949587720727,0.23941594554769263,0.847178009647916,-1.279827989642259,-0.05749877579598369,1.4078277989622634,-0.9787005894032355,-0.7009182694647218,0.1386905178347415,-0.4315179560851622,0.26286279781689137,0.7454358495824358,0.04294965570065097,-1.2310311895656314,1.4251329968270394,0.9991493331472755,0.27387066870808574,0.2144487024803564,0.48254489597643285,-0.39952344990933125,-0.8252086754648047,0.11544403173669916,0.03623007990702411,-0.01496359432422968,-0.7275699753686871,-0.05875003617859977,-0.6090315104372332,0.3920018869855258,1.1851449152964826
-0.09366792185128067,0.9281212102038242,-0.06521097966641609,0.10118694779951726,-0.36892251883817206,0.1090996954735494,0.657501533971448,-0.20596223194283042,-0.48541934597692604,0.1987354471474385,0.28188966693739914,-0.24653363181826105,0.13166225458887432,-0.047803280413092855,-0.17278359259141501,0.6591348044650167,0.27387066870808574,0.15393188931784388,0.017086382006563858,0.27591641564824887,0.010242930537007892,-0.9258533934411356,-0.14666199210848516,-0.442428686241333,0.035068380508460256,-0.31595559197094647,0.02581012234669213,-0.3806764554155142,-0.3141806137827993,0.23396000173505016
0.08743323342346054,0.11333831001329393,0.09548742109249203,0.12946771203324134,-0.06163825533796955,-0.07018810036275058,0.13499885672091977,0.010303034836787715,-0.02945706493003992,-0.08085914721085247,-0.2581484546617613,0.07771971262763057,0.10651993510379558,-0.031683786964793036,-0.2077302041674022,0.18052646537327305,0.2144487024803564,0.017086382006563858,0.17609491321673637,0.024967847298100355,-0.0995011629756248,0.07110355359233977,-0.1039180838068786,0.07851233285629955,-0.059447241478296484,-0.1504269621105364,-0.11113026344118695,0.023477472319199753,0.13246762088184225,0.06920930447723468
-0.11779777655268259,1.6026277633068537,-0.041605303751261494,0.232556059149393,-0.6742613423411603,0.13038716012366966,1.269130180033445,-0.24229024102765376,-0.869712064581534,0.22069325244459914,0.35096974728460134,-0.36949683934643873,0.3187904120864813,-0.010569334870906628,-0.3440971601761421,1.2193242444189767,0.48254489597643285,0.27591641564824887,0.024967847298100355,0.607366881716187,-0.04761353577694981,-1.530624570971497,-0.1458742941811863,-0.7526568794671921,-0.07328553206580193,-0.6517891951289215,-0.0468369459237357,-0.6456870339026118,-0.5638047875283868,0.2950139683209681
-0.10838913303298477,-0.458332350389685,-0.3929732992957702,-0.6927829612964174,0.7465368395038374,0.2800535734944037,-0.3051550709887584,0.6442309945188908,-0.10814418075824898,0.18010161117541912,0.8727006611852711,-0.6901039948936678,-0.5095986302303968,-0.21967394153577766,0.8925928374611507,-0.29559762435979864,-0.39952344990933125,0.010242930537007892,-0.0995011629756248,-0.04761353577694981,0.4637722511363294,-0.8061765835693315,-0.5052753022870113,-0.7906756809678382,0.17094804439483743,0.12107034763463267,0.04881932477008495,-0.07092655466132117,-0.9584633838855343,-0.649759792993735
0.7569498266104561,-4.965243575941209,1.0440525955914086,0.591870738584402,1.176097303040062,-1.1300867491713162,-3.5435204387767674,0.28411458441863485,3.3221431251518316,-1.7994084670003823,-3.5039817801192603,2.9005140264320635,0.24132727025048317,0.6279248239764555,-0.5902915057901301,-3.6816125745075254,-0.8252086754648047,-0.9258533934411356,0.07110355359233977,-1.530624570971497,-0.8061765835693315,7.299724535721748,1.8705702101074646,4.266057574062024,-0.4219283898873492,1.5542704788434967,-0.44370436928940954,2.424449725732426,3.528082496212851,-0.06244880713970402
0.11559153722657774,-0.29314035317945747,0.4669087151301818,0.7198428724506152,-0.578103451070571,-0.38241480594006977,-0.2879794739925569,-0.6725453289206561,0.6399271462778624,-0.42302232243442667,-1.218770772747866,1.135449766524502,0.5340450321277248,0.3744618782918342,-0.8704725293814525,-0.4100587160800025,0.11544403173669916,-0.14666199210848516,-0.1039180838068786,-0.1458742941811863,-0.5052753022870113,1.8705702101074646,1.0025320713492527,1.423892679038552,-0.1685145081531217,0.20614414083494548,-0.03177826601533731,0.36573788247619304,1.3854950969173296,0.702245008323731
0.39472264302941024,-1.8124761858101885,0.8209738761763739,0.9756567405811334,-0.20866619886041862,-0.7551490196287595,-1.4618514352154455,-0.6877161287233962,1.7396809740543115,-0.9710732097002088,-2.471811687792873,2.1104633351923896,0.6269812656089755,0.47852719854874537,-1.2134927259482111,-1.5415303685796973,0.03623007990702411,-0.442428686241333,0.07851233285629955,-0.7526568794671921,-0.7906756809678382,4.266057574062024,1.423892679038552,2.8919818112982165,-0.2184747690694439,0.680585547500295,-0.19060204635763878,1.1645118150623803,2.682200410193347,0.8743527733658529
-0.12192423960538393,0.18138116110960065,-0.18168576027536273,-0.14905932915857226,0.06425127231302585,0.15746196309038654,-0.04664384088664102,-0.11342126474641771,-0.08029776546978448,0.2041114939554099,0.37459329140811487,-0.20145703087144454,-0.12771473327445945,-0.11845974646884544,0.14412067361521863,-0.01712197217316701,-0.01496359432422968,0.035068380508460256,-0.059447241478296484,-0.07328553206580193,0.17094804439483743,-0.4219283898873492,-0.1685145081531217,-0.2184747690694439,0.22253788002437988,0.0662524437234958,0.124941445859607,-0.1482969326238367,-0.21769228092386883,0.15471802661029807
0.08237505902585199,-1.8648040423031296,-0.01589454712078896,-0.3795401767563414,0.7964660212796104,-0.1007846504288146,-1.4510292696854206,0.3369267388604169,0.9259018847933221,-0.17511078370697356,-0.15036589500221256,0.2836220857536418,-0.4575499071240888,0.04804455681887411,0.5903667941733023,-1.4249472928249973,-0.7275699753686871,-0.31595559197094647,-0.1504269621105364,-0.6517891951289215,0.12107034763463267,1.5542704788434967,0.20614414083494548,0.680585547500295,0.0662524437234958,0.8132979880940917,0.12673137024963496,0.6998301019206045,0.453164392780555,-0.5118965387766804
-0.12696334315307356,0.37936107205939046,-0.09188590862453652,-0.009940570494002031,-0.2528495127915227,0.09963243478657301,0.09923083278051144,-0.339893302072638,-0.18218828601874407,0.3190470348627488,0.3939122006020275,-0.1710771044991221,-0.09116910414764594,-0.0107781842559698,0.031187771416093368,0.1491516878916233,-0.05875003617859977,0.02581012234669213,-0.11113026344118695,-0.0468369459237357,0.04881932477008495,-0.44370436928940954,-0.03177826601533731,-0.19060204635763878,0.124941445859607,0.12673137024963496,0.24119454791946512,-0.15972784431284906,-0.04287371289078014,0.15471192960602684
0.287513773310504,-2.3539280381129064,0.2163552263542932,-0.20544948648857608,0.947912246365983,-0.31860914523410505,-1.5968369174684431,0.6031292301194343,1.2326021784392347,-0.6039758918012773,-0.8733847663353432,0.6809685452599855,-0.26194498215204975,0.12473124670513767,0.3590936730463191,-1.6112016429949458,-0.6090315104372332,-0.3806764554155142,0.023477472319199753,-0.6456870339026118,-0.07092655466132117,2.424449725732426,0.36573788247619304,1.1645118150623803,-0.1482969326238367,0.6998301019206045,-0.15972784431284906,0.985222433477309,0.8187085552692664,-0.6070294612232278
0.3209268645337396,-0.6658138466247382,0.8912273414207311,1.3205270567466496,-0.9542690869096879,-0.7371756810134791,-0.7362240327628685,-1.2819999265737085,1.2455401354870157,-0.6576865747265654,-2.3491702033785704,2.027590478484943,0.8412186586048458,0.5021606138054248,-1.6762042484302169,-0.7407248151942742,0.3920018869855258,-0.3141806137827993,0.13246762088184225,-0.5638047875283868,-0.9584633838855343,3.528082496212851,1.3854950969173296,2.682200410193347,-0.21769228092386883,0.453164392780555,-0.04287371289078014,0.8187085552692664,2.794621100451212,1.3246277944123566
-0.143184579960249,2.458924001617446,0.40865686545207913,1.3633105872258193,-1.9341439281045563,-0.1597635914361877,1.3182466497460097,-1.9208615068905746,-0.4299034829686512,0.18959662325864463,-0.8927485923274424,0.9111799306327865,1.0739069759607887,0.20037885356211899,-1.9178610975822306,1.312599925429725,1.1851449152964826,0.23396000173505016,0.06920930447723468,0.2950139683209681,-0.649759792993735,-0.06244880713970402,0.702245008323731,0.8743527733658529,0.15471802661029807,-0.5118965387766804,0.15471192960602684,-0.6070294612232278,1.3246277944123566,2.1374818994197975
