V1,V2,V3,V4,V5,V6,V7,V8,V9,V10,V11,V12,V13,V14,V15,V16,V17,V18,V19,V20,V21,V22,V23,V24,V25,V26,V27,V28,V29,V30
4.9858256926851725,3.1898757537156657,-0.5401636172006985,-3.286096626134154,-2.0538023499486657,0.046212403086876755,-2.5040772620467147,-2.9343378748496654,0.796470929116411,1.394065109978462,2.520217900254869,2.9768682684087846,3.850419299035761,0.012772501176156872,-3.3183629949944304,-1.223406947602793,2.934771946264545,-0.3454256281378119,-0.621262233330914,-0.2219519431143755,6.391032865352509,-1.516641817783187,3.203317136532085,-1.3738328863637281,1.3011909162398863,-0.019286665746680916,0.2604192764488104,2.980880979085854,-1.7320884030866739,1.5658932906435987
3.1898757537156657,3.227915081442972,0.43017860818970494,-4.012622133622115,-1.0540417114635237,-1.0362643295379184,-1.2875134887129738,-2.254454856362915,-0.8520625268164592,0.4360897290064778,1.7036520751877442,3.085905398337282,2.7641274388789667,-0.1933894555117703,-2.9195074512644013,-1.6068638573314753,1.5570084777794175,-1.7133572809824331,0.060017681592086834,0.1434796559086278,4.690526029660754,-1.2227520663342377,2.278947265578499,-1.4908764415977183,-1.1935630978925913,-0.6188458908289687,-0.43009557553028843,2.6364810217783368,-1.204404552723923,1.3086200372054604
-0.5401636172006985,0.43017860818970494,0.6667181256159396,-0.9655694082956695,0.27317835502797055,-0.8534081686817488,0.49878534940537306,0.02859168834547414,-1.025235143637403,-0.48618999158322446,-0.18890474259363627,0.6146366798589835,-0.22674454267301375,-0.1656500444782107,-0.2499393279048414,-0.4737583477767211,-0.5486786203127793,-1.0349807285648425,0.26935176122518534,0.27668628645981036,-0.16104229703717757,-0.20573185089041915,-0.13717809675208517,-0.3721471124907969,-1.562844836811887,-0.42525539255172806,-0.46773101384918236,0.185646081781017,0.1051868432001176,0.06507806419474249
-3.286096626134154,-4.012622133622115,-0.9655694082956695,6.114961379481892,1.1024126704678507,1.8710781581663576,1.3857597968841455,3.0592379979279603,2.3737580952001145,0.12364642766139397,-2.0820607679696894,-4.559323148100518,-2.727594051211286,0.5301593427743264,3.82507870116028,2.4795872795533103,-0.7623271480695293,3.122450526576095,0.26510960257135546,-0.7785073092001706,-5.290332189246836,1.8232434501409736,-2.4883820502155585,2.262042029385772,3.5534587517672076,1.531070972684426,1.0152896774399691,-3.221083580149723,1.9812710560079652,-2.09144305683087
-2.0538023499486657,-1.0540417114635237,0.27317835502797055,1.1024126704678507,1.1429891050789223,-0.10541795782864816,1.081378216766944,1.2494410649881469,-0.5671471638624885,-0.6433646895377588,-1.0446734396529138,-1.2023488232846036,-1.4884379801789258,0.07310437934956682,1.3399114361950244,0.48573663747620555,-1.2901272809659083,-0.058160357502237865,0.5730001032871151,0.03973843243046522,-2.748237480691297,0.9050485034982554,-1.3238545241456172,0.6120231986458995,-0.8068710002252646,-0.07968628149759202,-0.17586213860398567,-1.173284391624837,0.8431493689706405,-0.6647453658102179
0.046212403086876755,-1.0362643295379184,-0.8534081686817488,1.8710781581663576,-0.10541795782864816,1.6155177100495908,-0.3914015006233603,0.4139900854037687,1.5218572780415318,0.6202029855390501,-0.19719912660517033,-1.679147279056031,-0.18698122790346602,0.17489979376938627,1.0225819215507694,0.8446493279574037,0.493234176799513,1.6590024190549155,-0.17356454295772486,-0.528332894540251,-0.7035185713360979,0.8109607461065973,-0.3979953868795549,1.0093071974235135,2.1273577672718433,0.7613790350193319,0.7202309381931661,-0.5338209594004802,-0.020756461469769834,-0.3608695601017226
-2.5040772620467147,-1.2875134887129738,0.49878534940537306,1.3857597968841455,1.081378216766944,-0.3914015006233603,1.4611972933877952,1.5155800007151181,-0.5693127718501411,-0.7600524113421164,-1.2997111576823075,-1.2572849681890896,-1.7583265659914649,-0.0066384739984601876,1.4929615544407862,0.46348547589326283,-1.3529939390959365,-0.12877261511657062,0.5562585854255374,0.09537466341185553,-3.001238283365088,0.6697202060339874,-1.4907222797370054,0.5345999881290118,-0.8723077096728391,-0.0062506051049355995,-0.26123144947725396,-1.3349303027078032,1.0762440411137502,-0.8683281614493166
-2.9343378748496654,-2.254454856362915,0.02859168834547414,3.0592379979279603,1.2494410649881469,0.4139900854037687,1.5155800007151181,2.1802266342081094,0.3675391006368842,-0.49865299744754693,-1.683529271909406,-2.543122242853683,-2.191187533122211,0.21627928828995266,2.4376297287983197,1.1980457627785286,-1.2427302894544032,0.9739091954748675,0.6085250359837564,-0.24313730191432503,-4.050725382573118,1.256387705002705,-1.9589749622359174,1.244851593952595,0.5400260935542649,0.5155732798969564,0.15901254364792827,-2.0529922029259984,1.4951591925789134,-1.3670486015449577
0.796470929116411,-0.8520625268164592,-1.025235143637403,2.3737580952001145,-0.5671471638624885,1.5218572780415318,-0.5693127718501411,0.3675391006368842,2.3835759282448703,1.0505092993011602,0.031963081919534,-1.5516181492511556,0.5238302331390948,0.35472698018211785,0.7114359993103909,0.9883999353402092,1.475681760323012,2.1175922869885295,-0.15899807255199347,-0.780404192872,0.3193093553941096,0.40614510436567414,0.18976746103678138,0.8523346787314562,3.5209719569359215,1.2022840994358555,0.9346459650170867,-0.34613275774419483,0.30867935627287413,-0.5545455624669673
1.394065109978462,0.4360897290064778,-0.48618999158322446,0.12364642766139397,-0.6433646895377588,0.6202029855390501,-0.7600524113421164,-0.49865299744754693,1.0505092993011602,0.765001740111812,0.4886446098823092,0.0353230402197953,1.0474367026802354,0.09480638335698797,-0.4594023733060111,0.06257547084165369,1.2809292526063267,0.739661183385836,-0.12412555118672018,-0.369474734339971,1.5515494170751476,-0.13267019507584482,0.7759133302775479,0.052710110733144,1.6264438022386283,0.4626295345504812,0.405058106109586,0.6060503953402996,-0.2575762545780725,0.09691065975393755
2.520217900254869,1.7036520751877442,-0.18890474259363627,-2.0820607679696894,-1.0446734396529138,-0.19719912660517033,-1.2997111576823075,-1.683529271909406,0.031963081919534,0.4886446098823092,1.4971714396253213,1.8894082420751381,1.9163629415382364,-0.041208500360262725,-1.8682756881597629,-0.7339343108341616,1.1323148041118847,-0.5186019517300018,-0.5095804398886478,0.09726715754055372,3.282519237192292,-0.9567582438604237,1.6686755308218455,-0.9154793356676599,0.06908275580392459,-0.2569015919252362,0.00879925079704416,1.5114440503668898,-1.0998852608012615,1.034438670721522
2.9768682684087846,3.085905398337282,0.6146366798589835,-4.559323148100518,-1.2023488232846036,-1.679147279056031,-1.2572849681890896,-2.543122242853683,-1.5516181492511556,0.0353230402197953,1.8894082420751381,3.9562395128459906,2.3745765147219093,-0.3521646705557293,-3.288485261665027,-1.8673745527456511,0.8882707819940725,-2.2529108301844487,-0.5084361579093146,0.6647877161975345,4.686973061016136,-1.9390301784562665,2.353300182172665,-2.0716134974363585,-2.159661105550797,-1.142170681791703,-0.7248380270586428,2.5032966217240356,-1.5051451390098798,1.6874045741275714
3.850419299035761,2.7641274388789667,-0.22674454267301375,-2.727594051211286,-1.4884379801789258,-0.18698122790346602,-1.7583265659914649,-2.191187533122211,0.5238302331390948,1.0474367026802354,1.9163629415382364,2.3745765147219093,3.182449410877965,0.03485149857632472,-2.636634429799345,-1.0280771328617269,2.3922124196893586,-0.498804117077624,-0.18591459104004762,-0.24881985997818082,5.080804035667132,-1.1259191844346534,2.5375958240410608,-1.0952393759042427,0.8542058452037506,0.031810098827359516,0.12294416708459925,2.4457510497243784,-1.1403184954380887,1.103851855694156
0.012772501176156872,-0.1933894555117703,-0.1656500444782107,0.5301593427743264,0.07310437934956682,0.17489979376938627,-0.0066384739984601876,0.21627928828995266,0.35472698018211785,0.09480638335698797,-0.041208500360262725,-0.3521646705557293,0.03485149857632472,0.18987687545083723,0.24160931267522417,0.27074518940502157,0.13507141172051568,0.34425768197534157,0.13161787982359854,-0.1734005140646368,-0.21182571277520135,0.2186971713013956,-0.032114729828590684,0.21726827954243855,0.5493898124983387,0.19392808452804097,0.1392148678352041,-0.22462817576967964,0.2658530865578598,-0.18938789162076605
-3.3183629949944304,-2.9195074512644013,-0.2499393279048414,3.82507870116028,1.3399114361950244,1.0225819215507694,1.4929615544407862,2.4376297287983197,0.7114359993103909,-0.4594023733060111,-1.8682756881597629,-3.288485261665027,-2.636634429799345,0.24160931267522417,3.0539663515896187,1.5624567502986948,-1.5020590227117645,1.5207391777560264,0.4291397135323641,-0.31607378645978584,-4.8357238317360505,1.6140630463399381,-2.3834729530745475,1.6897624034956285,0.9272167615098481,0.6838863731611057,0.3714962411541537,-2.5109384462453517,1.425227932041731,-1.4739962541048943
-1.223406947602793,-1.6068638573314753,-0.4737583477767211,2.4795872795533103,0.48573663747620555,0.8446493279574037,0.46348547589326283,1.1980457627785286,0.9883999353402092,0.06257547084165369,-0.7339343108341616,-1.8673745527456511,-1.0280771328617269,0.27074518940502157,1.5624567502986948,1.0900552942467965,-0.3442489214663532,1.31143248411838,0.09878674769472717,-0.32872024470827194,-2.131788703826915,0.8167421872961549,-0.9666555388091085,0.9614027250192897,1.4908990264952537,0.618249040373376,0.4536793808986069,-1.3406955207521078,0.7619782729413396,-0.7938823093927961
2.934771946264545,1.5570084777794175,-0.5486786203127793,-0.7623271480695293,-1.2901272809659083,0.493234176799513,-1.3529939390959365,-1.2427302894544032,1.475681760323012,1.2809292526063267,1.1323148041118847,0.8882707819940725,2.3922124196893586,0.13507141172051568,-1.5020590227117645,-0.3442489214663532,2.548707618444304,0.6536019873127528,-0.056816548072190415,-0.5705277118088217,3.6869421030257095,-0.6098420436655537,1.8233696954585985,-0.3770387529366654,2.3042606748934915,0.6191339340403003,0.47264293219639036,1.6315735302226226,-0.48957339079849055,0.36633774992755763
-0.3454256281378119,-1.7133572809824331,-1.0349807285648425,3.122450526576095,-0.058160357502237865,1.6590024190549155,-0.12877261511657062,0.9739091954748675,2.1175922869885295,0.739661183385836,-0.5186019517300018,-2.2529108301844487,-0.498804117077624,0.34425768197534157,1.5207391777560264,1.31143248411838,0.6536019873127528,2.3176656917920035,-0.13458619346535344,-0.6652658517198565,-1.3079596980910946,0.8266298476195887,-0.5688007960155489,1.2169895387794811,3.179016687712925,1.1081537951300924,0.8922535272184854,-1.1145947994829857,0.5722738972613909,-0.8289351463217212
-0.621262233330914,0.060017681592086834,0.26935176122518534,0.26510960257135546,0.5730001032871151,-0.17356454295772486,0.5562585854255374,0.6085250359837564,-0.15899807255199347,-0.12412555118672018,-0.5095804398886478,-0.5084361579093146,-0.18591459104004762,0.13161787982359854,0.4291397135323641,0.09878674769472717,-0.056816548072190415,-0.13458619346535344,0.7880578823679775,-0.2409267842708994,-0.7731612388709379,0.5966451674471296,-0.3564621406170825,0.3151110927696759,-0.18915964532976365,0.11939298446941976,-0.10293759179013487,-0.1611849084404467,0.6946374501847125,-0.4908857832472399
-0.2219519431143755,0.1434796559086278,0.27668628645981036,-0.7785073092001706,0.03973843243046522,-0.528332894540251,0.09537466341185553,-0.24313730191432503,-0.780404192872,-0.369474734339971,0.09726715754055372,0.6647877161975345,-0.24881985997818082,-0.1734005140646368,-0.31607378645978584,-0.32872024470827194,-0.5705277118088217,-0.6652658517198565,-0.2409267842708994,0.4109440805468346,-0.014064560949959013,-0.38060047913021117,-0.020829357524692723,-0.41708394810827387,-1.151160389913658,-0.4583998965370427,-0.3153809821449484,0.04994819894617385,-0.2712329504418824,0.3210928459061552
6.391032865352509,4.690526029660754,-0.16104229703717757,-5.290332189246836,-2.748237480691297,-0.7035185713360979,-3.001238283365088,-4.050725382573118,0.3193093553941096,1.5515494170751476,3.282519237192292,4.686973061016136,5.080804035667132,-0.21182571277520135,-4.8357238317360505,-2.131788703826915,3.6869421030257095,-1.3079596980910946,-0.7731612388709379,-0.014064560949959013,8.836081838979068,-2.4991186263078338,4.3189310277409705,-2.3000227120712124,0.5882847571601878,-0.3517742347193387,-0.039391096534971796,4.298154670914555,-2.3436197814694073,2.220322255696082
-1.516641817783187,-1.2227520663342377,-0.20573185089041915,1.8232434501409736,0.9050485034982554,0.8109607461065973,0.6697202060339874,1.256387705002705,0.40614510436567414,-0.13267019507584482,-0.9567582438604237,-1.9390301784562665,-1.1259191844346534,0.2186971713013956,1.6140630463399381,0.8167421872961549,-0.6098420436655537,0.8266298476195887,0.5966451674471296,-0.38060047913021117,-2.4991186263078338,1.3463131794932828,-1.2235244939812469,1.1158662201586496,0.5302445127550672,0.40873153954174574,0.25289205516483226,-1.1139478897839874,0.7770060370706844,-0.8067642867397802
3.203317136532085,2.278947265578499,-0.13717809675208517,-2.4883820502155585,-1.3238545241456172,-0.3979953868795549,-1.4907222797370054,-1.9589749622359174,0.18976746103678138,0.7759133302775479,1.6686755308218455,2.353300182172665,2.5375958240410608,-0.032114729828590684,-2.3834729530745475,-0.9666555388091085,1.8233696954585985,-0.5688007960155489,-0.3564621406170825,-0.020829357524692723,4.3189310277409705,-1.2235244939812469,2.2288491742334235,-1.1548394474300558,0.44454243407398275,-0.17832374729031944,-0.00704184395385627,2.0340720735367457,-1.0440086068647352,1.059443061029612
-1.3738328863637281,-1.4908764415977183,-0.3721471124907969,2.262042029385772,0.6120231986458995,1.0093071974235135,0.5345999881290118,1.244851593952595,0.8523346787314562,0.052710110733144,-0.9154793356676599,-2.0716134974363585,-1.0952393759042427,0.21726827954243855,1.6897624034956285,0.9614027250192897,-0.3770387529366654,1.2169895387794811,0.3151110927696759,-0.41708394810827387,-2.3000227120712124,1.1158662201586496,-1.1548394474300558,1.1619075291391194,1.1549615156669626,0.6127154817381658,0.4140567666960735,-1.2063404702517952,0.7128695576581116,-0.8369460169270616
1.3011909162398863,-1.1935630978925913,-1.562844836811887,3.5534587517672076,-0.8068710002252646,2.1273577672718433,-0.8723077096728391,0.5400260935542649,3.5209719569359215,1.6264438022386283,0.06908275580392459,-2.159661105550797,0.8542058452037506,0.5493898124983387,0.9272167615098481,1.4908990264952537,2.3042606748934915,3.179016687712925,-0.18915964532976365,-1.151160389913658,0.5882847571601878,0.5302445127550672,0.44454243407398275,1.1549615156669626,5.447276808182822,1.7639595729817152,1.3820823321668485,-0.48992705180534823,0.57797848290131,-0.8607815867104962
-0.019286665746680916,-0.6188458908289687,-0.42525539255172806,1.531070972684426,-0.07968628149759202,0.7613790350193319,-0.0062506051049355995,0.5155732798969564,1.2022840994358555,0.4626295345504812,-0.2569015919252362,-1.142170681791703,0.031810098827359516,0.19392808452804097,0.6838863731611057,0.618249040373376,0.6191339340403003,1.1081537951300924,0.11939298446941976,-0.4583998965370427,-0.3517742347193387,0.40873153954174574,-0.17832374729031944,0.6127154817381658,1.7639595729817152,0.7184388916005534,0.46618396595266065,-0.3858241276185645,0.4115801245126075,-0.5192950738713226
0.2604192764488104,-0.43009557553028843,-0.46773101384918236,1.0152896774399691,-0.17586213860398567,0.7202309381931661,-0.26123144947725396,0.15901254364792827,0.9346459650170867,0.405058106109586,0.00879925079704416,-0.7248380270586428,0.12294416708459925,0.1392148678352041,0.3714962411541537,0.4536793808986069,0.47264293219639036,0.8922535272184854,-0.10293759179013487,-0.3153809821449484,-0.039391096534971796,0.25289205516483226,-0.00704184395385627,0.4140567666960735,1.3820823321668485,0.46618396595266065,0.4176269857391259,-0.2081127129372109,0.061078523250619673,-0.210548069894342
2.980880979085854,2.6364810217783368,0.185646081781017,-3.221083580149723,-1.173284391624837,-0.5338209594004802,-1.3349303027078032,-2.0529922029259984,-0.34613275774419483,0.6060503953402996,1.5114440503668898,2.5032966217240356,2.4457510497243784,-0.22462817576967964,-2.5109384462453517,-1.3406955207521078,1.6315735302226226,-1.1145947994829857,-0.1611849084404467,0.04994819894617385,4.298154670914555,-1.1139478897839874,2.0340720735367457,-1.2063404702517952,-0.48992705180534823,-0.3858241276185645,-0.2081127129372109,2.3709626444396474,-1.2290855837721388,1.155316579906998
-1.7320884030866739,-1.204404552723923,0.1051868432001176,1.9812710560079652,0.8431493689706405,-0.020756461469769834,1.0762440411137502,1.4951591925789134,0.30867935627287413,-0.2575762545780725,-1.0998852608012615,-1.5051451390098798,-1.1403184954380887,0.2658530865578598,1.425227932041731,0.7619782729413396,-0.48957339079849055,0.5722738972613909,0.6946374501847125,-0.2712329504418824,-2.3436197814694073,0.7770060370706844,-1.0440086068647352,0.7128695576581116,0.57797848290131,0.4115801245126075,0.061078523250619673,-1.2290855837721388,1.3311546729378214,-1.0478101319375748
1.5658932906435987,1.3086200372054604,0.06507806419474249,-2.09144305683087,-0.6647453658102179,-0.3608695601017226,-0.8683281614493166,-1.3670486015449577,-0.5545455624669673,0.09691065975393755,1.034438670721522,1.6874045741275714,1.103851855694156,-0.18938789162076605,-1.4739962541048943,-0.7938823093927961,0.36633774992755763,-0.8289351463217212,-0.4908857832472399,0.3210928459061552,2.220322255696082,-0.8067642867397802,1.059443061029612,-0.8369460169270616,-0.8607815867104962,-0.5192950738713226,-0.210548069894342,1.155316579906998,-1.0478101319375748,0.9825239035976312
