V1,V2,V3,V4,V5,V6,V7,V8,V9,V10,V11,V12,V13,V14,V15,V16,V17,V18,V19,V20,V21,V22,V23,V24,V25,V26,V27,V28,V29,V30
0.3798076022908134,-3.339865671453203,0.2648975334807991,-0.34982169773389715,1.3527973739079524,-0.418031834173012,-2.306448297491602,0.8270707980145658,1.7210688623018122,-0.7648120534129761,-1.091574363055031,0.8800755072136572,-0.4496116167197722,0.15983043154524687,0.5945683937810716,-2.30273351460426,-0.9272422105134199,-0.5458857666321907,0.007500488605721241,-0.9584189949292063,-0.06134764943904691,3.3252891245226324,0.46783204047237253,1.5696171122441316,-0.1746935999301979,1.0612231972684256,-0.15771279859391685,1.3842685459326003,1.1121168312250669,-0.8994788100682869
-3.339865671453203,34.707932194553344,-1.6021405607073433,5.05000308694439,-15.566319761630231,3.4352659135342196,23.99386624391312,-9.84406975796748,-17.50040379690694,7.915539134595775,9.374462904681925,-7.905090858895964,5.189923977675286,-1.2504714234318806,-7.858967457125495,24.447624468038896,10.202122604714322,5.378470886259748,0.6716958686757525,9.394225731146614,-0.6382312383207401,-32.23345630220906,-4.485882297888967,-14.538478110527155,1.121812188414525,-10.718874353064976,1.7689148410489466,-13.535491094886819,-8.796686678676677,9.763344920177685
0.2648975334807991,-1.6021405607073433,0.3595990135653344,0.1487432608801083,0.31157903071666426,-0.38364908356655153,-1.0773408131526188,0.13299913887617318,0.9478987122293865,-0.46459880090469585,-0.9665055875641475,0.779847334627115,-0.023586967943525303,0.23807641382687225,-0.07318809168864113,-1.074672066585366,-0.3829985662201176,-0.31309740874976993,0.024376086740897036,-0.48269752851556996,-0.2869814853564415,2.174053237757243,0.5331780330598376,1.1954231199448258,-0.24078624403358342,0.5555713241543507,-0.0701215772402889,0.8033296917615366,1.073849280367872,-0.28436658537391085
-0.34982169773389715,5.05000308694439,0.1487432608801083,1.3096619861772754,-2.789944614044965,0.20010619522286563,3.4601631975552123,-1.9462516271043961,-2.2396610976515396,0.9348190023697824,0.48407317078914985,-0.4358606894886378,1.133437850856278,0.03725352571116326,-1.8590349493745182,3.5307395697734805,1.704507341292151,0.6992597774154452,0.17802834956700458,1.2660722043188348,-0.516631049656977,-3.566483511738241,-0.14462096411813116,-1.21598521247967,-0.003220776637322899,-1.4992194495630518,0.2293122254306968,-1.7308855246117734,-0.2626831039977942,1.8905698997964482
1.3527973739079524,-15.566319761630231,0.31157903071666426,-2.789944614044965,7.597372748867961,-1.2198276403976558,-10.835872890125092,4.859773376324308,7.690786820234117,-3.436577541866016,-3.5245079306224327,2.995721020694435,-2.6134973590551276,0.2620792944998449,4.085776426735733,-11.056789548483387,-4.619866229719858,-2.31715468345213,-0.32402979645740787,-4.179659098351959,0.7387089349756982,13.538120953098494,1.495546413939287,5.8353817426381465,-0.18999712627935986,4.695147014440681,-0.8425403745235348,5.8244984448434955,3.044522275885563,-4.520651300042598
-0.418031834173012,3.4352659135342196,-0.38364908356655153,0.20010619522286563,-1.2198276403976558,0.5174506700793033,2.3491991218965245,-0.7232665354868142,-1.840019963416652,0.8604569453782407,1.345462666215225,-1.1065381241435202,0.3446785422800103,-0.2664091814312862,-0.4367178153243381,2.3754944889507854,0.9422067154810703,0.5832826303001307,0.023053001757772324,0.967147485037994,0.18611153011500922,-3.727127432797869,-0.6999285123934867,-1.848443726215637,0.2617843127824779,-1.10857705439652,0.16557948520957996,-1.4802676896358264,-1.393772468792028,0.8400283287696985
-2.306448297491602,23.99386624391312,-1.0773408131526188,3.4601631975552123,-10.835872890125092,2.3491991218965245,16.735006571813265,-6.685906219565705,-12.224688871782407,5.479213143242374,6.607818215963298,-5.563610778442121,3.568173662070439,-0.7522069955574778,-5.3032912623368675,16.998124847754745,6.886950137944615,3.720184721764066,0.36188195755725777,6.640054220673098,-0.47019690355662846,-22.426897198499017,-2.98397576531811,-10.223794870155174,0.6074763717726909,-7.420949723356875,1.2406612863180368,-9.370312060823174,-6.236290062423151,6.449987557027583
0.8270707980145658,-9.84406975796748,0.13299913887617318,-1.9462516271043961,4.859773376324308,-0.7232665354868142,-6.685906219565705,3.335095828120712,4.644714215194037,-2.1039938142710874,-1.86477807903173,1.597730745202911,-1.77643465008592,0.2252431132572293,2.9071271776128893,-6.873583005017164,-3.1522571974924376,-1.4424991703060976,-0.3254122489164031,-2.4661187733034944,0.543449673496858,8.111527165107459,0.9250060066530071,3.2674392546414097,-0.25882894250327737,2.9424618501773923,-0.5056726713645839,3.611038338018453,1.4997946057369533,-3.307833453928386
1.7210688623018122,-17.50040379690694,0.9478987122293865,-2.2396610976515396,7.690786820234117,-1.840019963416652,-12.224688871782407,4.644714215194037,9.117592909874693,-4.189570645028308,-5.3030462019388835,4.481405084217369,-2.352063586166635,0.6658816281140397,3.496817339168747,-12.479241209134992,-4.8971058496591775,-2.7389987280714445,-0.28149237641136404,-4.842505476038579,0.16500824308413822,16.971087198333077,2.5279829393894433,7.95706919324714,-0.4899954778440108,5.397536540834536,-0.9667967851205729,6.91664400402767,5.006649677582551,-4.37378559993942
-0.7648120534129761,7.915539134595775,-0.46459880090469585,0.9348190023697824,-3.436577541866016,0.8604569453782407,5.479213143242374,-2.1039938142710874,-4.189570645028308,2.0481180175082163,2.5600634903880275,-2.1968735822648227,0.9226563844598926,-0.3870775860117844,-1.492210895707877,5.700235568656679,2.2128639197523206,1.2285403793784577,0.2251844807300358,2.0788867016131776,-0.04058289538757385,-7.874821933356919,-1.3978842646389493,-3.7484527058102213,0.2643249047828268,-2.3781891825525805,0.5070187386852973,-3.112173531414271,-2.3000177454676156,1.885546120622481
-1.091574363055031,9.374462904681925,-0.9665055875641475,0.48407317078914985,-3.5245079306224327,1.345462666215225,6.607818215963298,-1.86477807903173,-5.3030462019388835,2.5600634903880275,3.9948670079926663,-3.3240643441744235,0.7606956972619197,-0.5930008610540207,-0.9477438635756921,6.745197508567607,2.2829680495072564,1.5611448360347968,0.022556869050639236,2.7265682592759224,0.4180206453648839,-10.522205788921951,-1.960034951322882,-5.421425898225602,0.42326506359734384,-2.9259730287401253,0.5968902511438611,-3.9916242156263366,-3.944645421434149,1.6699437049151094
0.8800755072136572,-7.905090858895964,0.779847334627115,-0.4358606894886378,2.995721020694435,-1.1065381241435202,-5.563610778442121,1.597730745202911,4.481405084217369,-2.1968735822648227,-3.3240643441744235,2.817650715392403,-0.6162221687877616,0.5291158719132694,0.8428499559145621,-5.743010952870361,-1.9746806314256073,-1.3044855837841423,-0.11131454490756847,-2.2388519936115485,-0.31401015736918436,8.856444877039756,1.7614887415520308,4.560307697043056,-0.34388928787255396,2.456995413234198,-0.5109496018609758,3.324439573849346,3.236731522247325,-1.3901690653497392
-0.4496116167197722,5.189923977675286,-0.023586967943525303,1.133437850856278,-2.6134973590551276,0.3446785422800103,3.568173662070439,-1.77643465008592,-2.352063586166635,0.9226563844598926,0.7606956972619197,-0.6162221687877616,1.1144991939615148,-0.025461684630175587,-1.6675887361600887,3.546493520877216,1.688283883190879,0.7714627279568367,0.06927709927656579,1.4150724946856574,-0.3318055069353536,-4.003708646086961,-0.1900230908325283,-1.5085403159227637,0.10112444440588461,-1.6253338477287709,0.18074234310205722,-1.9168849669625707,-0.7135303404730178,1.8962150884059548
0.15983043154524687,-1.2504714234318806,0.23807641382687225,0.03725352571116326,0.2620792944998449,-0.2664091814312862,-0.7522069955574778,0.2252431132572293,0.6658816281140397,-0.3870775860117844,-0.5930008610540207,0.5291158719132694,-0.025461684630175587,0.25990865338914604,0.09748531597367319,-0.8410450075152269,-0.4470497044090819,-0.22606689029418334,-0.13119550906672908,-0.23298745969839393,-0.17475960300536614,1.5378658476624505,0.5551832125669972,0.776267253420601,-0.2528820699034611,0.4114395791338202,-0.053948126276332685,0.5636301038326986,0.604805637870765,-0.3885957198806357
0.5945683937810716,-7.858967457125495,-0.07318809168864113,-1.8590349493745182,4.085776426735733,-0.4367178153243381,-5.3032912623368675,2.9071271776128893,3.496817339168747,-1.492210895707877,-0.9477438635756921,0.8428499559145621,-1.6675887361600887,0.09748531597367319,2.7409476639046986,-5.429182137756716,-2.706635725331071,-1.122633348846647,-0.31631334376010795,-1.9263532417050622,0.6291252107014489,5.832115401588644,0.46815148620957636,2.077415071701953,-0.17218506141602818,2.3747579066657334,-0.3280338304300802,2.776684999817313,0.6781416090819555,-3.0026738238387893
-2.30273351460426,24.447624468038896,-1.074672066585366,3.5307395697734805,-11.056789548483387,2.3754944889507854,16.998124847754745,-6.873583005017164,-12.479241209134992,5.700235568656679,6.745197508567607,-5.743010952870361,3.546493520877216,-0.8410450075152269,-5.429182137756716,17.38970970083682,7.078317327333549,3.769381892274646,0.5156535256649919,6.629156697478662,-0.50800856541,-22.89385933799763,-3.269744440576283,-10.441708072606517,0.640678293807881,-7.506059703031269,1.3134759281967678,-9.490557608640627,-6.237686905469936,6.547317419293054
-0.9272422105134199,10.202122604714322,-0.3829985662201176,1.704507341292151,-4.619866229719858,0.9422067154810703,6.886950137944615,-3.1522571974924376,-4.8971058496591775,2.2128639197523206,2.2829680495072564,-1.9746806314256073,1.688283883190879,-0.4470497044090819,-2.706635725331071,7.078317327333549,3.306530838426395,1.5602498633734567,0.3753614811819184,2.5738495973084117,-0.2860834156736603,-8.947462339138076,-1.3249966547101586,-3.784713130817207,0.4726719348323836,-3.164832859587964,0.4484449473265472,-3.8888549938791783,-2.1007476723345144,3.3771587516947235
-0.5458857666321907,5.378470886259748,-0.31309740874976993,0.6992597774154452,-2.31715468345213,0.5832826303001307,3.720184721764066,-1.4424991703060976,-2.7389987280714445,1.2285403793784577,1.5611448360347968,-1.3044855837841423,0.7714627279568367,-0.22606689029418334,-1.122633348846647,3.769381892274646,1.5602498633734567,0.85136166062177,0.07779990328232876,1.4855143284344978,-0.026026887134795066,-5.137937875969613,-0.7409232295060918,-2.363022525830953,0.21255375266723836,-1.6872148952016048,0.2598783546274206,-2.1437167912253465,-1.5253411931756977,1.4819229885214775
0.007500488605721241,0.6716958686757525,0.024376086740897036,0.17802834956700458,-0.32402979645740787,0.023053001757772324,0.36188195755725777,-0.3254122489164031,-0.28149237641136404,0.2251844807300358,0.022556869050639236,-0.11131454490756847,0.06927709927656579,-0.13119550906672908,-0.31631334376010795,0.5156535256649919,0.3753614811819184,0.07779990328232876,0.2337277969938536,-0.015401652468877978,-0.07636642581343621,-0.49076298352291864,-0.3336522218010892,-0.1439874852964094,0.0881824940168669,-0.1700533944084542,0.048628334132470113,-0.17264956732012934,0.10579632905027635,0.3311026031278788
-0.9584189949292063,9.394225731146614,-0.48269752851556996,1.2660722043188348,-4.179659098351959,0.967147485037994,6.640054220673098,-2.4661187733034944,-4.842505476038579,2.0788867016131776,2.7265682592759224,-2.2388519936115485,1.4150724946856574,-0.23298745969839393,-1.9263532417050622,6.629156697478662,2.5738495973084117,1.4855143284344978,-0.015401652468877978,2.764812661303947,-0.11186162716977652,-8.93401437628579,-1.0173790246128198,-4.1490521005200085,0.19670510038190367,-2.962319968570037,0.4525350245139168,-3.7506369953067695,-2.7136084678995016,2.4022292283421396
-0.06134764943904691,-0.6382312383207401,-0.2869814853564415,-0.516631049656977,0.7387089349756982,0.18611153011500922,-0.47019690355662846,0.543449673496858,0.16500824308413822,-0.04058289538757385,0.4180206453648839,-0.31401015736918436,-0.3318055069353536,-0.17475960300536614,0.6291252107014489,-0.50800856541,-0.2860834156736603,-0.026026887134795066,-0.07636642581343621,-0.11186162716977652,0.3629659072437571,-0.16919329793134127,-0.2739779451301299,-0.31607562002440376,0.18571714769162775,0.1254512096532649,-0.049027412614287544,0.0493531024933475,-0.5846547317583203,-0.36758282594584163
3.3252891245226324,-32.23345630220906,2.174053237757243,-3.566483511738241,13.538120953098494,-3.727127432797869,-22.426897198499017,8.111527165107459,16.971087198333077,-7.874821933356919,-10.522205788921951,8.856444877039756,-4.003708646086961,1.5378658476624505,5.832115401588644,-22.89385933799763,-8.947462339138076,-5.137937875969613,-0.49076298352291864,-8.93401437628579,-0.16919329793134127,32.24725481067467,5.212389486631556,15.395246032286668,-1.2297517218174143,10.026417040100982,-1.7605816851861786,12.992566150993781,10.156653817278332,-7.882478204766468
0.46783204047237253,-4.485882297888967,0.5331780330598376,-0.14462096411813116,1.495546413939287,-0.6999285123934867,-2.98397576531811,0.9250060066530071,2.5279829393894433,-1.3978842646389493,-1.960034951322882,1.7614887415520308,-0.1900230908325283,0.5551832125669972,0.46815148620957636,-3.269744440576283,-1.3249966547101586,-0.7409232295060918,-0.3336522218010892,-1.0173790246128198,-0.2739779451301299,5.212389486631556,1.5186865589620007,2.6747017023337425,-0.41108829735281055,1.3741679092893804,-0.30309185727181104,1.8666612571935588,1.8227405608025455,-0.9245222247245374
1.5696171122441316,-14.538478110527155,1.1954231199448258,-1.21598521247967,5.8353817426381465,-1.848443726215637,-10.223794870155174,3.2674392546414097,7.95706919324714,-3.7484527058102213,-5.421425898225602,4.560307697043056,-1.5085403159227637,0.776267253420601,2.077415071701953,-10.441708072606517,-3.784713130817207,-2.363022525830953,-0.1439874852964094,-4.1490521005200085,-0.31607562002440376,15.395246032286668,2.6747017023337425,7.665334672352733,-0.5432650263716393,4.54064028951685,-0.8514442397819832,6.0015426702002195,5.305940425063055,-3.0141358750323
-0.1746935999301979,1.121812188414525,-0.24078624403358342,-0.003220776637322899,-0.18999712627935986,0.2617843127824779,0.6074763717726909,-0.25882894250327737,-0.4899954778440108,0.2643249047828268,0.42326506359734384,-0.34388928787255396,0.10112444440588461,-0.2528820699034611,-0.17218506141602818,0.640678293807881,0.4726719348323836,0.21255375266723836,0.0881824940168669,0.19670510038190367,0.18571714769162775,-1.2297517218174143,-0.41108829735281055,-0.5432650263716393,0.3223556866502236,-0.39139535617157484,0.00793444112410962,-0.5288942043594987,-0.489573419718101,0.5766210324006726
1.0612231972684256,-10.718874353064976,0.5555713241543507,-1.4992194495630518,4.695147014440681,-1.10857705439652,-7.420949723356875,2.9424618501773923,5.397536540834536,-2.3781891825525805,-2.9259730287401253,2.456995413234198,-1.6253338477287709,0.4114395791338202,2.3747579066657334,-7.506059703031269,-3.164832859587964,-1.6872148952016048,-0.1700533944084542,-2.962319968570037,0.1254512096532649,10.026417040100982,1.3741679092893804,4.54064028951685,-0.39139535617157484,3.3787995598437983,-0.4875000052686527,4.235148505994064,2.873157970712477,-3.047688657077114
-0.15771279859391685,1.7689148410489466,-0.0701215772402889,0.2293122254306968,-0.8425403745235348,0.16557948520957996,1.2406612863180368,-0.5056726713645839,-0.9667967851205729,0.5070187386852973,0.5968902511438611,-0.5109496018609758,0.18074234310205722,-0.053948126276332685,-0.3280338304300802,1.3134759281967678,0.4484449473265472,0.2598783546274206,0.048628334132470113,0.4525350245139168,-0.049027412614287544,-1.7605816851861786,-0.30309185727181104,-0.8514442397819832,0.00793444112410962,-0.4875000052686527,0.15760506080166212,-0.6692821166258868,-0.4627328943969716,0.34407528545202
1.3842685459326003,-13.535491094886819,0.8033296917615366,-1.7308855246117734,5.8244984448434955,-1.4802676896358264,-9.370312060823174,3.611038338018453,6.91664400402767,-3.112173531414271,-3.9916242156263366,3.324439573849346,-1.9168849669625707,0.5636301038326986,2.776684999817313,-9.490557608640627,-3.8888549938791783,-2.1437167912253465,-0.17264956732012934,-3.7506369953067695,0.0493531024933475,12.992566150993781,1.8666612571935588,6.0015426702002195,-0.5288942043594987,4.235148505994064,-0.6692821166258868,5.406763597708842,3.890591857380877,-3.6817635909666513
1.1121168312250669,-8.796686678676677,1.073849280367872,-0.2626831039977942,3.044522275885563,-1.393772468792028,-6.236290062423151,1.4997946057369533,5.006649677582551,-2.3000177454676156,-3.944645421434149,3.236731522247325,-0.7135303404730178,0.604805637870765,0.6781416090819555,-6.237686905469936,-2.1007476723345144,-1.5253411931756977,0.10579632905027635,-2.7136084678995016,-0.5846547317583203,10.156653817278332,1.8227405608025455,5.305940425063055,-0.489573419718101,2.873157970712477,-0.4627328943969716,3.890591857380877,4.149476861253039,-1.5500354813093187
-0.8994788100682869,9.763344920177685,-0.28436658537391085,1.8905698997964482,-4.520651300042598,0.8400283287696985,6.449987557027583,-3.307833453928386,-4.37378559993942,1.885546120622481,1.6699437049151094,-1.3901690653497392,1.8962150884059548,-0.3885957198806357,-3.0026738238387893,6.547317419293054,3.3771587516947235,1.4819229885214775,0.3311026031278788,2.4022292283421396,-0.36758282594584163,-7.882478204766468,-0.9245222247245374,-3.0141358750323,0.5766210324006726,-3.047688657077114,0.34407528545202,-3.6817635909666513,-1.5500354813093187,3.831912802274486
