V1,V2,V3,V4,V5,V6,V7,V8,V9,V10,V11,V12,V13,V14,V15,V16,V17,V18,V19,V20,V21,V22,V23,V24,V25,V26,V27,V28,V29,V30
95.12191508499038,410.7989284080876,-529.1968607278537,-703.7614833089955,261.2442173526442,-303.56597868504906,279.28203458400634,120.00835692875572,-128.67146157627417,244.43286420951398,-73.37950509309337,245.2722870185333,569.0554739651496,-29.02703998889763,185.8173062455431,-254.13281119874026,917.6197772282609,249.35351258100278,147.25618500464944,698.1372562841594,349.3033171805678,-360.42648531245186,-82.62073231999676,176.3685458490619,-385.5560539105963,453.55014099536396,-651.001256504207,-330.7107873558542,94.18664588397581,-63.03060962705605
410.7989284080876,1793.4534432344383,-2309.392399122494,-3072.1554018626725,1140.2173192334624,-1326.5934566211695,1217.4868573893684,524.103345391199,-562.9539432487427,1065.2038821530962,-318.95189951612605,1073.9510179057986,2484.9265302006693,-128.2245147928833,810.6348150244585,-1109.1572054781666,4008.239564518783,1087.150513768958,642.9570083975409,3047.1885801698822,1526.8368479638482,-1573.1991319089161,-361.27091463453036,769.2594742830889,-1683.565097792826,1981.4809175532762,-2837.242477742491,-1439.9003678710299,411.23213428771794,-275.0144578780251
-529.1968607278537,-2309.392399122494,2974.3179877637103,3956.199843317349,-1468.4410005969485,1708.0186007190566,-1568.1540583646167,-674.7717772889937,724.6609024103158,-1371.983721170548,410.87957926697266,-1382.5741006447433,-3199.921423840534,164.98928028680842,-1043.7944226266422,1427.984691050033,-5161.337039252736,-1400.3913947655235,-827.7819160205237,-3924.141258580662,-1966.0485471697798,2025.7007429428745,465.0393972236772,-990.6059374498262,2167.785857307576,-2551.4925774210506,3654.1996469153632,1854.498915528525,-529.3893171897464,354.1997685947917
-703.7614833089955,-3072.1554018626725,3956.199843317349,5262.893083995017,-1953.3423650288444,2272.3483830572263,-2085.6903108906617,-897.9038020826293,964.1496756326657,-1825.0574300737,546.143055318833,-1839.778311547998,-4256.96176273664,219.44091054359203,-1388.8492439702184,1899.7303860939771,-6866.543535835996,-1862.3569379862142,-1101.6068189928526,-5219.940269964697,-2615.697023013398,2695.164203496247,618.8235594208384,-1317.9256981014073,2883.885169656244,-3394.393276808227,4860.636573769803,2466.742082492028,-704.4765581481148,471.3565777536838
261.2442173526442,1140.2173192334624,-1468.4410005969485,-1953.3423650288444,725.0810182972747,-843.2840087506369,774.1800023662513,333.2441001268026,-357.7624288670397,677.3963769528829,-202.71213265958383,682.7226901313808,1579.9186151082563,-81.43881595613512,515.4365077220274,-705.0311794888206,2548.458594024744,691.325798867915,408.80305642037933,1937.4244708223794,970.80573703957,-1000.3168013232954,-229.62884021883983,489.11062548933415,-1070.3190970971966,1259.8256603621132,-1804.1198610444087,-915.5985835547135,261.41974101249735,-174.91662255823613
-303.56597868504906,-1326.5934566211695,1708.0186007190566,2272.3483830572263,-843.2840087506369,981.8131187373546,-900.4715399667418,-387.6575911014428,416.5228601415281,-787.611937116937,235.78818001261612,-794.6603296037648,-1837.9922197119413,95.04008235567078,-599.5232590001829,820.459943104403,-2965.1432773730844,-803.8072053711004,-475.6982936245576,-2253.949630766218,-1129.4249892839593,1163.7116354928314,267.1841680861299,-568.9838849938612,1245.2853804117121,-1465.7670448398142,2098.0524128320403,1064.6828776941566,-304.27076777621227,203.36729723037277
279.28203458400634,1217.4868573893684,-1568.1540583646167,-2085.6903108906617,774.1800023662513,-900.4715399667418,827.0932872509064,355.62766575330005,-381.8177113618659,723.2894255085604,-216.6300678815813,728.7348577085053,1686.8518400582377,-86.97131407920418,550.2298244422225,-752.802760843146,2721.008820935568,738.5721899880548,436.4613637926748,2068.8857242488775,1036.4837689598162,-1067.9157503269737,-245.15726225989343,522.2474341677104,-1142.6531200426302,1345.1161312946122,-1926.771699520999,-977.9177299469891,279.05799058313676,-186.62690195931327
120.00835692875572,524.103345391199,-674.7717772889937,-897.9038020826293,333.2441001268026,-387.6575911014428,355.62766575330005,153.33862392729765,-164.53099044142684,311.41622360169214,-92.97843638250905,314.0597129510879,726.3596764500725,-37.3568729076162,237.13300745015673,-324.09415900531445,1171.646698710464,317.4891059894437,188.11895962656803,890.4102089305425,446.36402921061284,-460.0232750007475,-105.62523866173245,224.9197611397751,-492.0622302377374,579.151960339753,-829.1428223368207,-420.7831041927799,120.29024609981424,-80.54527833804747
-128.67146157627417,-562.9539432487427,724.6609024103158,964.1496756326657,-357.7624288670397,416.5228601415281,-381.8177113618659,-164.53099044142684,177.00608275003586,-334.1028875836271,100.12419255163624,-337.213491259553,-779.9260071790007,40.37607208535207,-254.36735925504732,348.2892769328046,-1258.0179422864665,-340.9418544528404,-201.72626795391008,-956.2834198900631,-479.2157201804455,493.72937293379516,113.40844321979705,-241.4090142191272,528.5985395097713,-621.9530886868539,890.0274580179657,451.63994832025605,-129.107159335172,86.27552524290283
244.43286420951398,1065.2038821530962,-1371.983721170548,-1825.0574300737,677.3963769528829,-787.611937116937,723.2894255085604,311.41622360169214,-334.1028875836271,633.4422208573101,-189.50763472147625,637.653714770765,1476.2628578185838,-75.73574915961456,481.8008125965537,-658.5619965876942,2380.8074660675243,645.8399111406461,381.98699973465165,1810.1021366547918,906.7650454651123,-934.6134647532853,-214.51594380518515,457.16999337498686,-999.9654247123783,1176.7971018783733,-1686.1934055171548,-855.8154946213856,244.27416840388747,-163.72020212078536
-73.37950509309337,-318.95189951612605,410.87957926697266,546.143055318833,-202.71213265958383,235.78818001261612,-216.6300678815813,-92.97843638250905,100.12419255163624,-189.50763472147625,57.370864741335886,-190.36575975823447,-441.66719786052664,22.825329023905844,-143.88637982660694,197.37903788172457,-711.9714931908636,-193.58180723156028,-113.84864840669758,-542.0822405153577,-270.8994217375713,279.27417654134837,64.11601535280401,-136.64231991435585,299.4367267522027,-351.9961068455316,504.9014576521947,256.32830970814933,-72.96804659120224,48.72873064536851
245.2722870185333,1073.9510179057986,-1382.5741006447433,-1839.778311547998,682.7226901313808,-794.6603296037648,728.7348577085053,314.0597129510879,-337.213491259553,637.653714770765,-190.36575975823447,644.0457529402908,1488.3676413804108,-76.90213222804275,485.6654473817,-664.0800589275459,2401.1272377896084,650.6122250026065,385.4872640660214,1824.504619564905,914.9624117404135,-942.387495913102,-216.5908048603518,460.6985350800732,-1008.1614109564305,1186.9679936577618,-1698.27075087052,-861.6251946299526,246.43276847927814,-164.8450837372909
569.0554739651496,2484.9265302006693,-3199.921423840534,-4256.96176273664,1579.9186151082563,-1837.9922197119413,1686.8518400582377,726.3596764500725,-779.9260071790007,1476.2628578185838,-441.66719786052664,1488.3676413804108,3443.4941095615095,-177.47316519630036,1123.531065534628,-1536.5661171314673,5554.220848894597,1506.252426145875,891.1533602792833,4222.125333065852,2115.8373063114745,-2180.038665615767,-500.6230158825847,1066.0356768011109,-2332.7048389137735,2745.62784035707,-3931.4965302564874,-1995.1070132344657,569.8745051980344,-381.3822480757135
-29.02703998889763,-128.2245147928833,164.98928028680842,219.44091054359203,-81.43881595613512,95.04008235567078,-86.97131407920418,-37.3568729076162,40.37607208535207,-75.73574915961456,22.825329023905844,-76.90213222804275,-177.47316519630036,9.447595609016687,-57.709049840171836,79.37660976821088,-286.47300871601,-77.69011554809664,-45.83039088306909,-217.7909314541433,-109.1729157248512,112.25523318448776,25.84262582137649,-54.80248319032593,120.33831282959068,-141.70978899059682,202.25045983853377,102.55145980082898,-29.341896741112063,19.436644771878537
185.8173062455431,810.6348150244585,-1043.7944226266422,-1388.8492439702184,515.4365077220274,-599.5232590001829,550.2298244422225,237.13300745015673,-254.36735925504732,481.8008125965537,-143.88637982660694,485.6654473817,1123.531065534628,-57.709049840171836,366.8338038707523,-501.2378532073632,1812.1704060640225,491.24197594446866,290.99832266063004,1377.2983678688224,690.3544993764255,-711.4896165030864,-163.37592985011324,347.9188511595698,-761.0100369752988,895.731883741008,-1282.801766359202,-651.0319295313858,186.0384139127142,-124.60448884393895
-254.13281119874026,-1109.1572054781666,1427.984691050033,1899.7303860939771,-705.0311794888206,820.459943104403,-752.802760843146,-324.09415900531445,348.2892769328046,-658.5619965876942,197.37903788172457,-664.0800589275459,-1536.5661171314673,79.37660976821088,-501.2378532073632,686.1777752998875,-2478.5190193866115,-672.2146695191311,-397.5359921258553,-1884.3679832666528,-944.0673366541454,972.8201883198655,223.4629133570924,-475.66489913612236,1041.2505536278388,-1225.3146616147626,1754.411245872551,890.4458142900834,-254.34070622510254,169.934417562761
917.6197772282609,4008.239564518783,-5161.337039252736,-6866.543535835996,2548.458594024744,-2965.1432773730844,2721.008820935568,1171.646698710464,-1258.0179422864665,2380.8074660675243,-711.9714931908636,2401.1272377896084,5554.220848894597,-286.47300871601,1812.1704060640225,-2478.5190193866115,8959.621063955638,2429.460237123763,1437.705416985816,6810.275293462196,3413.280471210352,-3516.6983797353787,-807.5439724772289,1719.530330104678,-3762.561613718442,4429.049964777626,-6340.905905556026,-3217.7969380373615,919.3095274754119,-615.0324414715999
249.35351258100278,1087.150513768958,-1400.3913947655235,-1862.3569379862142,691.325798867915,-803.8072053711004,738.5721899880548,317.4891059894437,-340.9418544528404,645.8399111406461,-193.58180723156028,650.6122250026065,1506.252426145875,-77.69011554809664,491.24197594446866,-672.2146695191311,2429.460237123763,659.7576125360147,389.56107862190214,1847.4074980442929,925.5047584017593,-953.3957927115924,-218.95087307463578,466.2295778047169,-1020.3341899403231,1201.074839682284,-1720.612569287331,-873.2602917475183,249.08588879551994,-166.56461202499693
147.25618500464944,642.9570083975409,-827.7819160205237,-1101.6068189928526,408.80305642037933,-475.6982936245576,436.4613637926748,188.11895962656803,-201.72626795391008,381.98699973465165,-113.84864840669758,385.4872640660214,891.1533602792833,-45.83039088306909,290.99832266063004,-397.5359921258553,1437.705416985816,389.56107862190214,231.03840281430573,1092.3444961432133,547.8308686792504,-564.4890402475008,-129.64636410398933,275.99419234827946,-603.5221587498236,710.6282852614548,-1017.223080355897,-516.218960659221,147.62690389529595,-98.82450757744688
698.1372562841594,3047.1885801698822,-3924.141258580662,-5219.940269964697,1937.4244708223794,-2253.949630766218,2068.8857242488775,890.4102089305425,-956.2834198900631,1810.1021366547918,-542.0822405153577,1824.504619564905,4222.125333065852,-217.7909314541433,1377.2983678688224,-1884.3679832666528,6810.275293462196,1847.4074980442929,1092.3444961432133,5177.668805884773,2594.07620396048,-2672.894094009293,-613.7070920159745,1307.0313080627795,-2860.394589280336,3366.608730049856,-4821.150920047914,-2446.7296424650876,698.6385070149202,-467.3082797647008
349.3033171805678,1526.8368479638482,-1966.0485471697798,-2615.697023013398,970.80573703957,-1129.4249892839593,1036.4837689598162,446.36402921061284,-479.2157201804455,906.7650454651123,-270.8994217375713,914.9624117404135,2115.8373063114745,-109.1729157248512,690.3544993764255,-944.0673366541454,3413.280471210352,925.5047584017593,547.8308686792504,2594.07620396048,1300.6205600764436,-1339.744206537952,-307.7284808813956,655.0147913249716,-1433.2144680093431,1687.3671851527,-2415.2086296833554,-1225.5619214248438,350.20740092316686,-234.28564106086364
-360.42648531245186,-1573.1991319089161,2025.7007429428745,2695.164203496247,-1000.3168013232954,1163.7116354928314,-1067.9157503269737,-460.0232750007475,493.72937293379516,-934.6134647532853,279.27417654134837,-942.387495913102,-2180.038665615767,112.25523318448776,-711.4896165030864,972.8201883198655,-3516.6983797353787,-953.3957927115924,-564.4890402475008,-2672.894094009293,-1339.744206537952,1380.620221779484,316.9369405726042,-675.0517497153074,1476.8289941651994,-1738.385060176519,2488.9678881646823,1263.1878746621708,-360.9279313610111,241.53531015236533
-82.62073231999676,-361.27091463453036,465.0393972236772,618.8235594208384,-229.62884021883983,267.1841680861299,-245.15726225989343,-105.62523866173245,113.40844321979705,-214.51594380518515,64.11601535280401,-216.5908048603518,-500.6230158825847,25.84262582137649,-163.37592985011324,223.4629133570924,-807.5439724772289,-218.95087307463578,-129.64636410398933,-613.7070920159745,-307.7284808813956,316.9369405726042,72.94170058035488,-154.9494512201954,339.1315374418664,-399.22461129214616,571.3874883817946,289.9417268081232,-82.88833391771384,55.408891549648914
176.3685458490619,769.2594742830889,-990.6059374498262,-1317.9256981014073,489.11062548933415,-568.9838849938612,522.2474341677104,224.9197611397751,-241.4090142191272,457.16999337498686,-136.64231991435585,460.6985350800732,1066.0356768011109,-54.80248319032593,347.9188511595698,-475.66489913612236,1719.530330104678,466.2295778047169,275.99419234827946,1307.0313080627795,655.0147913249716,-675.0517497153074,-154.9494512201954,330.1751209403178,-722.137509103758,849.9665194649158,-1217.279028032284,-617.8125924500231,176.46989865943954,-118.17444968666024
-385.5560539105963,-1683.565097792826,2167.785857307576,2883.885169656244,-1070.3190970971966,1245.2853804117121,-1142.6531200426302,-492.0622302377374,528.5985395097713,-999.9654247123783,299.4367267522027,-1008.1614109564305,-2332.7048389137735,120.33831282959068,-761.0100369752988,1041.2505536278388,-3762.561613718442,-1020.3341899403231,-603.5221587498236,-2860.394589280336,-1433.2144680093431,1476.8289941651994,339.1315374418664,-722.137509103758,1580.5407617068151,-1860.0276799772466,2663.2677238748984,1351.6046237421408,-386.06998385535064,258.22826384016656
453.55014099536396,1981.4809175532762,-2551.4925774210506,-3394.393276808227,1259.8256603621132,-1465.7670448398142,1345.1161312946122,579.151960339753,-621.9530886868539,1176.7971018783733,-351.9961068455316,1186.9679936577618,2745.62784035707,-141.70978899059682,895.731883741008,-1225.3146616147626,4429.049964777626,1201.074839682284,710.6282852614548,3366.608730049856,1687.3671851527,-1738.385060176519,-399.22461129214616,849.9665194649158,-1860.0276799772466,2189.514472610186,-3134.467787237949,-1590.6329737682565,454.40812508001835,-303.92867632752035
-651.001256504207,-2837.242477742491,3654.1996469153632,4860.636573769803,-1804.1198610444087,2098.0524128320403,-1926.771699520999,-829.1428223368207,890.0274580179657,-1686.1934055171548,504.9014576521947,-1698.27075087052,-3931.4965302564874,202.25045983853377,-1282.801766359202,1754.411245872551,-6340.905905556026,-1720.612569287331,-1017.223080355897,-4821.150920047914,-2415.2086296833554,2488.9678881646823,571.3874883817946,-1217.279028032284,2663.2677238748984,-3134.467787237949,4490.552974007125,2279.1869520739956,-650.5030040545287,435.4036525812777
-330.7107873558542,-1439.9003678710299,1854.498915528525,2466.742082492028,-915.5985835547135,1064.6828776941566,-977.9177299469891,-420.7831041927799,451.63994832025605,-855.8154946213856,256.32830970814933,-861.6251946299526,-1995.1070132344657,102.55145980082898,-651.0319295313858,890.4458142900834,-3217.7969380373615,-873.2602917475183,-516.218960659221,-2446.7296424650876,-1225.5619214248438,1263.1878746621708,289.9417268081232,-617.8125924500231,1351.6046237421408,-1590.6329737682565,2279.1869520739956,1156.9461768195329,-330.1400453344182,220.94026471581805
94.18664588397581,411.23213428771794,-529.3893171897464,-704.4765581481148,261.41974101249735,-304.27076777621227,279.05799058313676,120.29024609981424,-129.107159335172,244.27416840388747,-72.96804659120224,246.43276847927814,569.8745051980344,-29.341896741112063,186.0384139127142,-254.34070622510254,919.3095274754119,249.08588879551994,147.62690389529595,698.6385070149202,350.20740092316686,-360.9279313610111,-82.88833391771384,176.46989865943954,-386.06998385535064,454.40812508001835,-650.5030040545287,-330.1400453344182,94.40837470978312,-63.157203369397365
-63.03060962705605,-275.0144578780251,354.1997685947917,471.3565777536838,-174.91662255823613,203.36729723037277,-186.62690195931327,-80.54527833804747,86.27552524290283,-163.72020212078536,48.72873064536851,-164.8450837372909,-381.3822480757135,19.436644771878537,-124.60448884393895,169.934417562761,-615.0324414715999,-166.56461202499693,-98.82450757744688,-467.3082797647008,-234.28564106086364,241.53531015236533,55.408891549648914,-118.17444968666024,258.22826384016656,-303.92867632752035,435.4036525812777,220.94026471581805,-63.157203369397365,42.48133434814718
