V1,V2,V3,V4,V5,V6,V7,V8,V9,V10,V11,V12,V13,V14,V15,V16,V17,V18,V19,V20,V21,V22,V23,V24,V25,V26,V27,V28,V29,V30
2.3336920986171514,8.941608692082498,-11.144196504802157,-15.08817020911258,5.54422162601943,-6.770364872710429,6.05302152052637,2.6203138227861946,-2.8568515797517002,4.987638663665924,-1.5084505200542153,5.313871136939563,12.089472446753952,-0.6965291761074345,4.047158754505666,-5.795847472227912,19.826244804020885,5.270533866354331,3.363072098472281,14.9712066881703,7.55091383458834,-7.952981328379731,-1.8598527288240605,3.8224224573311854,-8.353756059324917,9.828352984897283,-13.88669961730672,-7.220649993464317,2.159928140668164,-1.1915142027079408
8.941608692082498,38.81009591965957,-49.848938310446144,-66.10161319876063,24.52324908355503,-28.710227386959446,26.308543288507586,11.12486687612669,-12.317381683597258,22.6973045634344,-7.306523936431623,22.89777357962699,53.35727071727476,-2.988685554377798,17.18462249759263,-24.2488562522133,85.99279374950345,23.61508491373917,13.51962762729441,65.8687440011995,32.62890790884715,-33.581824445584544,-7.793132673894878,16.396574999711937,-36.43975253000566,42.629584371382606,-61.07814146713055,-31.061794106602193,8.777913973938636,-5.612171234566611
-11.144196504802157,-49.848938310446144,64.6914849176615,85.20769514482758,-31.71616442930823,36.78415416790316,-34.134777989599876,-14.146294568860393,15.652648099103304,-29.380620235244457,9.462039733376443,-29.40629141436184,-68.82804332217238,3.87830643016759,-21.919744809843092,30.730152453897436,-110.75848941804398,-30.816494344954346,-17.166599170649366,-84.99292176354427,-42.11700812876393,42.934340283915375,9.87295487059857,-21.022084064674253,46.6948954470368,-54.90572538006735,78.81913426557779,39.848385488918545,-11.068245244774255,7.296043865071059
-15.08817020911258,-66.10161319876063,85.20769514482758,113.37698003749489,-42.09707896699546,48.79234589205855,-44.87919575774795,-19.385548470810296,20.70056564633026,-39.41481514636058,11.631759433004621,-39.69388913385495,-91.75959786264174,4.643142073838387,-29.993475231122197,40.77122716476966,-147.95614215479694,-40.10229150804772,-23.7933610508009,-112.33299184069439,-56.440827364724825,58.10353477088632,13.340165923971787,-28.42785442548657,62.05708282310998,-73.12105476849922,104.72699258702038,53.10650140386855,-15.167983665822952,10.25999917509394
5.54422162601943,24.52324908355503,-31.71616442930823,-42.09707896699546,15.692068814689566,-17.99851963045535,16.726599236133502,7.172538391489827,-7.600950381343696,14.629436989868413,-4.318235403390092,14.740613313917692,34.07898163991482,-1.7484411599570615,11.116871483086102,-15.062607253914656,54.91004822061019,15.039366686566794,8.798839246667164,41.73662251899016,21.00361927345658,-21.516229532058233,-4.969019093114786,10.482576321820936,-22.983381485277544,27.165858864097583,-38.9417335127552,-19.70772981187232,5.579194286288868,-3.778376374091576
-6.770364872710429,-28.710227386959446,36.78415416790316,48.79234589205855,-17.99851963045535,22.044022764494112,-19.65575305119522,-8.09154092295307,9.109529564434322,-16.597587798247886,5.540966818790205,-16.783057544456604,-39.188323784870214,2.3503025225548497,-12.50277419925689,18.01050703946908,-63.68243335660058,-17.15464424321895,-10.013163496950758,-48.925488120126474,-23.773475268279878,24.809215161919642,5.519886672887894,-12.161448684620915,26.851117114477006,-31.412052263743107,44.88438976489401,22.900683310335413,-6.571098385191353,4.042296118446056
6.05302152052637,26.308543288507586,-34.134777989599876,-44.87919575774795,16.726599236133502,-19.65575305119522,18.434805139955824,7.303226042796203,-8.07354062720731,15.175972837484673,-4.899355869636917,15.485753479587984,36.02923763032185,-2.2083589206623464,11.383225275394453,-16.270251115955144,58.53722325506469,16.522830617548603,9.163335569269378,44.9081101248949,22.323476484027683,-22.639009148646327,-5.214478788484984,11.030004232427913,-24.387956519307153,29.05721610255156,-41.50607964745094,-21.06753884694654,5.8183551643755544,-3.5843043703380646
2.6203138227861946,11.12486687612669,-14.146294568860393,-19.385548470810296,7.172538391489827,-8.09154092295307,7.303226042796203,3.651683766324865,-3.4550730739719206,6.990765428581283,-1.4427497204277338,7.1029365367456165,15.867910876553406,-0.4620156839241855,5.6283298496041585,-6.778401092832464,25.57906202484539,6.390547487169441,4.5601868000962895,18.739599844388025,9.91041183347712,-10.44844042703076,-2.37902633254203,5.088826528666332,-10.56192870215141,12.518931646735465,-17.868184819103707,-9.089247517685877,2.8080467117853543,-2.133945237086265
-2.8568515797517002,-12.317381683597258,15.652648099103304,20.70056564633026,-7.600950381343696,9.109529564434322,-8.07354062720731,-3.4550730739719206,4.204888619402678,-7.033513176208343,2.647820523029949,-6.99722841354482,-16.72439504233093,1.0274252261452737,-5.27728210472186,7.915024235224937,-26.679522013859174,-7.3077151489955,-3.9801229807971934,-20.754334873064536,-9.963821361832634,10.36921851093405,2.4084217197609363,-5.113053544059327,11.723721984789053,-13.283429311599704,19.09720121986596,9.759461537921059,-2.74498923333448,1.664410826239803
4.987638663665924,22.6973045634344,-29.380620235244457,-39.41481514636058,14.629436989868413,-16.597587798247886,15.175972837484673,6.990765428581283,-7.033513176208343,14.224079287919654,-3.639703302364968,14.045622838319346,32.14028160570173,-1.2348214532724355,10.784922362574905,-13.694827051173428,51.5602346165725,13.478817602172231,8.504833956809762,38.650367891418945,19.719221991131775,-20.43089998228283,-4.638119569555361,10.086993214926252,-21.458931109783787,25.30793272310094,-36.37190828085175,-18.320189214847744,5.349560626739889,-4.085141703934685
-1.5084505200542153,-7.306523936431623,9.462039733376443,11.631759433004621,-4.318235403390092,5.540966818790205,-4.899355869636917,-1.4427497204277338,2.647820523029949,-3.639703302364968,2.6921882792176706,-3.345315396873737,-9.177906711156554,1.136919031042764,-2.165065680600254,4.9467930162139915,-14.323910822245786,-4.72379894364071,-1.2365794540185095,-12.571122170744431,-4.898110135909704,4.8803329786707925,1.2204040716473004,-2.403738529424141,6.921189450844465,-7.33102631894218,10.815354026480241,5.481437458273878,-1.2162075144094682,0.31210835892188105
5.313871136939563,22.89777357962699,-29.40629141436184,-39.69388913385495,14.740613313917692,-16.783057544456604,15.485753479587984,7.1029365367456165,-6.99722841354482,14.045622838319346,-3.345315396873737,14.295970395157397,32.26620950086767,-1.274768442052575,11.004664710528937,-13.951123121361016,52.19960992445018,13.677198001112396,8.934982152585675,38.80358452200338,20.17090747923886,-20.907583665971927,-4.792939609211798,10.19768362614287,-21.504070941143365,25.67104310076618,-36.641973918076985,-18.598294605522053,5.506765088404483,-3.9759525522659
12.089472446753952,53.35727071727476,-68.82804332217238,-91.75959786264174,34.07898163991482,-39.188323784870214,36.02923763032185,15.867910876553406,-16.72439504233093,32.14028160570173,-9.177906711156554,32.26620950086767,74.45550917401007,-3.5500327320003584,24.540240024635875,-32.76760666841625,119.7850957764639,32.23053874016493,19.40557137863854,90.64664036937741,45.78925750972305,-47.19692842286539,-10.81066256426837,23.098650548078588,-50.21438691810451,59.14006664026487,-84.77877067259259,-42.92071594466695,12.326213936431891,-8.584963915907762
-0.6965291761074345,-2.988685554377798,3.87830643016759,4.643142073838387,-1.7484411599570615,2.3503025225548497,-2.2083589206623464,-0.4620156839241855,1.0274252261452737,-1.2348214532724355,1.136919031042764,-1.274768442052575,-3.5500327320003584,0.6081308473667663,-0.7259792796537151,2.081365435727435,-5.73243289766641,-2.1139555923426863,-0.4625848437835955,-5.156879226667042,-1.9776671313046552,1.88090533211656,0.47803673506579036,-0.8843543518104461,2.704171287427457,-2.9964080268056454,4.3326078602922955,2.2297856938170812,-0.4372975783335767,-0.07994378731217003
4.047158754505666,17.18462249759263,-21.919744809843092,-29.993475231122197,11.116871483086102,-12.50277419925689,11.383225275394453,5.6283298496041585,-5.27728210472186,10.784922362574905,-2.165065680600254,11.004664710528937,24.540240024635875,-0.7259792796537151,8.703009551758504,-10.418083413819527,39.625149111412426,9.963592434323997,7.0971498593248645,28.98279368528934,15.40292897303011,-16.173085068567776,-3.670898897488956,7.866340900276146,-16.259551935253942,19.39691686327676,-27.659721697876563,-14.053222371970653,4.325254313235098,-3.2894543008403327
-5.795847472227912,-24.2488562522133,30.730152453897436,40.77122716476966,-15.062607253914656,18.01050703946908,-16.270251115955144,-6.778401092832464,7.915024235224937,-13.694827051173428,4.9467930162139915,-13.951123121361016,-32.76760666841625,2.081365435727435,-10.418083413819527,15.595921591219454,-52.83014880415336,-14.642644281961914,-8.127885892790424,-40.91316821060865,-19.877085627149604,20.59459975298058,4.895058144461134,-10.006171724098676,22.81698025135051,-26.320339157460317,37.66098027319718,19.328640361540828,-5.449090361792352,3.1062570596268033
19.826244804020885,85.99279374950345,-110.75848941804398,-147.95614215479694,54.91004822061019,-63.68243335660058,58.53722325506469,25.57906202484539,-26.679522013859174,51.5602346165725,-14.323910822245786,52.19960992445018,119.7850957764639,-5.73243289766641,39.625149111412426,-52.83014880415336,193.72110115415586,51.93640265926963,31.82575770268596,146.09860630270936,74.13184093790954,-76.51066179586847,-17.449412218065536,37.40221905895234,-80.6256014555252,95.53958986207486,-136.5719672046451,-69.31251063130095,20.056195062388408,-13.745439845970907
5.270533866354331,23.61508491373917,-30.816494344954346,-40.10229150804772,15.039366686566794,-17.15464424321895,16.522830617548603,6.390547487169441,-7.3077151489955,13.478817602172231,-4.72379894364071,13.677198001112396,32.23053874016493,-2.1139555923426863,9.963592434323997,-14.642644281961914,51.93640265926963,15.276193989399943,7.7907130835103136,40.276878936958845,19.952657214382835,-19.855107943280103,-4.7526786902329645,9.621022008828037,-21.924140387828498,25.981327705002396,-37.272113822158545,-18.85194445625309,5.003097345184692,-2.994955112598012
3.363072098472281,13.51962762729441,-17.166599170649366,-23.7933610508009,8.798839246667164,-10.013163496950758,9.163335569269378,4.5601868000962895,-3.9801229807971934,8.504833956809762,-1.2365794540185095,8.934982152585675,19.40557137863854,-0.4625848437835955,7.0971498593248645,-8.127885892790424,31.82575770268596,7.7907130835103136,6.080413404952172,22.760399378687424,12.524189470827224,-13.201745065528739,-2.945616160583755,6.402259916257449,-12.655131320131497,15.502468860378393,-21.880067424204828,-11.186304275893171,3.563884137424577,-2.6995422448184154
14.9712066881703,65.8687440011995,-84.99292176354427,-112.33299184069439,41.73662251899016,-48.925488120126474,44.9081101248949,18.739599844388025,-20.754334873064536,38.650367891418945,-12.571122170744431,38.80358452200338,90.64664036937741,-5.156879226667042,28.98279368528934,-40.91316821060865,146.09860630270936,40.276878936958845,22.760399378687424,112.16595657894001,55.29971947901361,-56.79473208266833,-13.071988287389432,27.75619629973166,-61.74899082252848,72.36539175577612,-103.80364447408721,-52.64862187264955,14.77666251209999,-9.534603709137588
7.55091383458834,32.62890790884715,-42.11700812876393,-56.440827364724825,21.00361927345658,-23.773475268279878,22.323476484027683,9.91041183347712,-9.963821361832634,19.719221991131775,-4.898110135909704,20.17090747923886,45.78925750972305,-1.9776671313046552,15.40292897303011,-19.877085627149604,74.13184093790954,19.952657214382835,12.524189470827224,55.29971947901361,28.82823116360415,-29.508422106999134,-6.812514298229365,14.3683400269904,-30.52996662785504,36.59877371039479,-52.19440821264737,-26.47764664588978,7.693807515227703,-5.409313293612627
-7.952981328379731,-33.581824445584544,42.934340283915375,58.10353477088632,-21.516229532058233,24.809215161919642,-22.639009148646327,-10.44844042703076,10.36921851093405,-20.43089998228283,4.8803329786707925,-20.907583665971927,-47.19692842286539,1.88090533211656,-16.173085068567776,20.59459975298058,-76.51066179586847,-19.855107943280103,-13.201745065528739,-56.79473208266833,-29.508422106999134,30.77160957357388,6.9844721482586225,-14.988125597340597,31.570788279539443,-37.60112694403779,53.568586368613815,27.280797032320987,-8.175139702682625,5.789768656803032
-1.8598527288240605,-7.793132673894878,9.87295487059857,13.340165923971787,-4.969019093114786,5.519886672887894,-5.214478788484984,-2.37902633254203,2.4084217197609363,-4.638119569555361,1.2204040716473004,-4.792939609211798,-10.81066256426837,0.47803673506579036,-3.670898897488956,4.895058144461134,-17.449412218065536,-4.7526786902329645,-2.945616160583755,-13.071988287389432,-6.812514298229365,6.9844721482586225,1.7433015383320138,-3.3633283280308555,7.329102328044059,-8.672898431034206,12.374107151358226,6.340788362445381,-1.8454933589242046,1.2068567462244402
3.8224224573311854,16.396574999711937,-21.022084064674253,-28.42785442548657,10.482576321820936,-12.161448684620915,11.030004232427913,5.088826528666332,-5.113053544059327,10.086993214926252,-2.403738529424141,10.19768362614287,23.098650548078588,-0.8843543518104461,7.866340900276146,-10.006171724098676,37.40221905895234,9.621022008828037,6.402259916257449,27.75619629973166,14.3683400269904,-14.988125597340597,-3.3633283280308555,7.409446913919927,-15.439776380029743,18.348657418367342,-26.156411174192282,-13.291613257948573,3.9720082058382964,-2.9106339559355194
-8.353756059324917,-36.43975253000566,46.6948954470368,62.05708282310998,-22.983381485277544,26.851117114477006,-24.387956519307153,-10.56192870215141,11.723721984789053,-21.458931109783787,6.921189450844465,-21.504070941143365,-50.21438691810451,2.704171287427457,-16.259551935253942,22.81698025135051,-80.6256014555252,-21.924140387828498,-12.655131320131497,-61.74899082252848,-30.52996662785504,31.570788279539443,7.329102328044059,-15.439776380029743,34.39725530840857,-39.94413020108069,57.32713657600355,29.149595728732724,-8.296301231079699,5.410703077407966
9.828352984897283,42.629584371382606,-54.90572538006735,-73.12105476849922,27.165858864097583,-31.412052263743107,29.05721610255156,12.518931646735465,-13.283429311599704,25.30793272310094,-7.33102631894218,25.67104310076618,59.14006664026487,-2.9964080268056454,19.39691686327676,-26.320339157460317,95.53958986207486,25.981327705002396,15.502468860378393,72.36539175577612,36.59877371039479,-37.60112694403779,-8.672898431034206,18.348657418367342,-39.94413020108069,47.257490392465684,-67.56998671695025,-34.31250122594995,9.811265221199216,-6.56117896138551
-13.88669961730672,-61.07814146713055,78.81913426557779,104.72699258702038,-38.9417335127552,44.88438976489401,-41.50607964745094,-17.868184819103707,19.09720121986596,-36.37190828085175,10.815354026480241,-36.641973918076985,-84.77877067259259,4.3326078602922955,-27.659721697876563,37.66098027319718,-136.5719672046451,-37.272113822158545,-21.880067424204828,-103.80364447408721,-52.19440821264737,53.568586368613815,12.374107151358226,-26.156411174192282,57.32713657600355,-67.56998671695025,96.83085029940364,49.0733840013845,-13.943896717299292,9.402183193162658
-7.220649993464317,-31.061794106602193,39.848385488918545,53.10650140386855,-19.70772981187232,22.900683310335413,-21.06753884694654,-9.089247517685877,9.759461537921059,-18.320189214847744,5.481437458273878,-18.598294605522053,-42.92071594466695,2.2297856938170812,-14.053222371970653,19.328640361540828,-69.31251063130095,-18.85194445625309,-11.186304275893171,-52.64862187264955,-26.47764664588978,27.280797032320987,6.340788362445381,-13.291613257948573,29.149595728732724,-34.31250122594995,49.0733840013845,24.981159364763585,-7.155293245193899,4.675648419859615
2.159928140668164,8.777913973938636,-11.068245244774255,-15.167983665822952,5.579194286288868,-6.571098385191353,5.8183551643755544,2.8080467117853543,-2.74498923333448,5.349560626739889,-1.2162075144094682,5.506765088404483,12.326213936431891,-0.4372975783335767,4.325254313235098,-5.449090361792352,20.056195062388408,5.003097345184692,3.563884137424577,14.77666251209999,7.693807515227703,-8.175139702682625,-1.8454933589242046,3.9720082058382964,-8.296301231079699,9.811265221199216,-13.943896717299292,-7.155293245193899,2.232795648805838,-1.5615703807905457
-1.1915142027079408,-5.612171234566611,7.296043865071059,10.25999917509394,-3.778376374091576,4.042296118446056,-3.5843043703380646,-2.133945237086265,1.664410826239803,-4.085141703934685,0.31210835892188105,-3.9759525522659,-8.584963915907762,-0.07994378731217003,-3.2894543008403327,3.1062570596268033,-13.745439845970907,-2.994955112598012,-2.6995422448184154,-9.534603709137588,-5.409313293612627,5.789768656803032,1.2068567462244402,-2.9106339559355194,5.410703077407966,-6.56117896138551,9.402183193162658,4.675648419859615,-1.5615703807905457,1.5827701635669769
