V1,V2,V3,V4,V5,V6,V7,V8,V9,V10,V11,V12,V13,V14,V15,V16,V17,V18,V19,V20,V21,V22,V23,V24,V25,V26,V27,V28,V29,V30
1.0323774424389784,0.008536174401008423,0.9401039425861625,0.6705730861724993,-1.0479487263780876,-0.7084377664431744,-0.7281272785155005,-1.3096498892149202,-0.2659402331894068,1.7832420985482609,-0.551958939073191,-0.6225908613394012,-1.080894824911354,-0.7972089038843062,-0.8464310796711114,1.3264301541475534,0.9170984870392911,-0.4763764992270937,2.4164480750036113,-2.275913133331046,-1.1122991121706214,0.4323699658698113,-3.1147100151604716,0.40556449233781305,-0.10336104491539963,1.0692891018695743,0.8354682711774988,1.2227202513252542,2.970535726209508,-0.5667768725884598
0.008536174401008423,2.8930397639237526,0.08032942415934867,0.4271544661189846,-1.425162559978624,0.22784683729317506,1.5903725067239756,-0.7326392650099335,-1.326479969590109,0.8731945881774611,0.6757208934834724,-0.6251999544387346,0.45510841577349365,-0.2386548890074417,-0.30175138861551065,2.016951185908433,0.8412038079234485,0.32083537857209715,0.38729992286196335,0.12956136405867794,-0.34566867992950107,-2.12257360929301,-0.7707387928181594,-0.6999638434945932,0.3324752370422079,-0.5049942669106436,0.19304506100454075,-1.0042348669817291,-0.005817157595809858,0.6111608617087984
0.9401039425861625,0.08032942415934867,0.8992736275242506,0.7249465472524368,-1.0717119856590587,-0.6965219409245571,-0.5710363939452275,-1.3643714582869995,-0.27753946714345784,1.6563102725089325,-0.6019382299743246,-0.5305572987204624,-0.9853272899019855,-0.7180696608765298,-0.9988526870940341,1.322830464909833,0.9392951983972815,-0.4291503282653413,2.2668898814095835,-2.04475984027594,-1.0576085091201148,0.37013563678380595,-2.860577473029366,0.3661376619408492,-0.16179210268688948,0.9280914305227456,0.7914501722134012,1.1497296772767849,2.809453283257639,-0.41066227438982694
0.6705730861724993,0.4271544661189846,0.7249465472524368,0.7709707528763021,-1.1075726117186198,-0.586116087717527,-0.0768789629109647,-1.402845403905496,-0.4163370597135,1.370812148511955,-0.532640100311062,-0.4239422874210839,-0.7354053858796801,-0.5402949106691073,-1.2216941113033166,1.3862563748987744,0.9639838824832618,-0.271049724889813,1.828260599903856,-1.397927911906575,-0.8569689429613621,-0.06094127476398691,-2.249383741240233,0.10420008206334139,-0.249894306027478,0.5251003315526996,0.6698818804210986,0.834025727880517,2.1837359788407644,-0.06555502278633984
-1.0479487263780876,-1.425162559978624,-1.0717119856590587,-1.1075726117186198,1.936298113409869,0.7360292760854389,-0.1814761769331777,2.0546838518807053,0.9724737338991742,-2.317873677223508,0.4370330317960436,0.897827782238844,0.9707105222754638,0.9210480625689498,1.5233311858305143,-2.5338916880806996,-1.5455635518289865,0.33169186598777506,-2.8135455254606243,2.1913259682873814,1.3593177112995447,0.6604181713732716,3.6508327514167718,0.006000866125334686,0.13664709992620488,-0.7556663142800238,-1.0288843075411487,-0.9024978593600516,-3.203130359884361,0.10955795793367111
-0.7084377664431744,0.22784683729317506,-0.6965219409245571,-0.586116087717527,0.7360292760854389,0.6037740419395832,0.517444424963751,1.1262456655395863,0.13217987228400344,-1.2406298667355333,0.5727986072624704,0.3756870935798509,0.8787313462798763,0.5366579811370119,0.9522172929342072,-0.9210535745469648,-0.7223537598386129,0.35819573534215626,-1.7808852373369617,1.5421410289630475,0.7796941731392498,-0.3832187653318291,2.207805372637737,-0.24483546865090014,0.2513451123248616,-0.715209124258984,-0.6356387127492276,-1.0453574755415944,-2.1804642640602205,0.32929876674481007
-0.7281272785155005,1.5903725067239756,-0.5710363939452275,-0.0768789629109647,-0.1814761769331777,0.517444424963751,1.5388759027747458,0.18528747660006084,-0.6538790588606106,-0.6272405768337468,0.662602032707048,0.020517733198267704,0.8376217361709166,0.39651797918122084,-0.02351316458160115,0.42042941026639485,0.008635342050271014,0.510404035787051,-1.2825432980129097,1.714088005337314,0.566543340362749,-1.695096782709384,1.5314273215015157,-0.8779599017455901,0.06411253481749969,-1.1087444732466392,-0.3707133508015058,-1.2662427108171181,-1.9919694090079454,0.8220296805789435
-1.3096498892149202,-0.7326392650099335,-1.3643714582869995,-1.402845403905496,2.0546838518807053,1.1262456655395863,0.18528747660006084,2.6871478122275074,0.8773367055618551,-2.784365017956522,0.8799410440540613,1.0160547712376369,1.6103293560284702,1.120924733672848,2.3038474833826896,-2.736400935621065,-1.8499836185739877,0.5371649211458257,-3.644282331892668,2.7672560853905335,1.604863434489112,0.3460821911476191,4.619305444264526,0.021293002053570213,0.5113549556441596,-1.0516069334039018,-1.358413417520487,-1.673436846386492,-4.129143422253218,0.28800770652175267
-0.2659402331894068,-1.326479969590109,-0.27753946714345784,-0.4163370597135,0.9724737338991742,0.13217987228400344,-0.6538790588606106,0.8773367055618551,0.8231383727968516,-1.0488762333264636,-0.22395013691072602,0.6355145677619033,0.2922842869521144,0.38622940070997097,0.6119276591467684,-1.4935429328648697,-0.7465284767499126,-0.02516676059763924,-0.9951112877489207,0.5210153880745897,0.4238345338096942,1.2091907046479076,1.4819019259549064,0.5207703461816775,0.010850769819865167,0.001889887580421232,-0.4156922606719055,0.039183085867168836,-0.7400663802293865,-0.0988455982921794
1.7832420985482609,0.8731945881774611,1.6563102725089325,1.370812148511955,-2.317873677223508,-1.2406298667355333,-0.6272405768337468,-2.784365017956522,-1.0488762333264636,3.5980124923863692,-0.7017819233126228,-1.502929962507869,-2.0321576489460145,-1.5420701938723862,-1.9354538553129463,3.207980118483148,2.0181807401409126,-0.7282741148759594,4.565285986459712,-3.8870844716233175,-2.0065515987021674,-0.33769320036451234,-6.051573793682357,0.09297687538397613,-0.27578005302591346,1.6323129404967307,1.6566058727752846,1.9695026024048758,5.128179175905947,-0.8279247996019602
-0.551958939073191,0.6757208934834724,-0.6019382299743246,-0.532640100311062,0.4370330317960436,0.5727986072624704,0.662602032707048,0.8799410440540613,-0.22395013691072602,-0.7017819233126228,0.8074297733222873,-0.038566569037125964,0.6301485900608925,0.3021858237547498,0.902550626537951,-0.3249448505126319,-0.47756426706674165,0.34061645074425667,-1.2838780380607764,1.1824118714454603,0.6252595765404914,-0.9577500660923303,1.3670794031255205,-0.5474577652266778,0.2931361541254499,-0.6168129400804472,-0.429194221991093,-1.0220411414415624,-1.8978719837796145,0.1775993460358903
-0.6225908613394012,-0.6251999544387346,-0.5305572987204624,-0.4239422874210839,0.897827782238844,0.3756870935798509,0.020517733198267704,1.0160547712376369,0.6355145677619033,-1.502929962507869,-0.038566569037125964,0.8280444517095857,0.832659229186147,0.6464340015820121,0.6209266007105132,-1.4501288011646896,-0.7902708023724565,0.21410559906405693,-1.7285584770902838,1.3767445837730983,0.6733745972259113,0.6890274046364545,2.4751265740235677,0.3228472229117778,0.069766659905527,-0.5226414445264121,-0.6607545299486662,-0.5830859582054422,-1.63126605302618,0.37765786424845804
-1.080894824911354,0.45510841577349365,-0.9853272899019855,-0.7354053858796801,0.9707105222754638,0.8787313462798763,0.8376217361709166,1.6103293560284702,0.2922842869521144,-2.0321576489460145,0.6301485900608925,0.832659229186147,1.5548155075678913,0.9081132617746682,1.2838969519436156,-1.4373919159874453,-1.0417149284069438,0.5529005620442782,-2.796317815771347,2.406437247682444,1.093954227254829,-0.27155780756578907,3.660264784976281,-0.07816318724611028,0.38785145963680406,-1.1300335906863694,-1.027083725070241,-1.6255528668769539,-3.1222271292995294,0.728485636519329
-0.7972089038843062,-0.2386548890074417,-0.7180696608765298,-0.5402949106691073,0.9210480625689498,0.5366579811370119,0.39651797918122084,1.120924733672848,0.38622940070997097,-1.5420701938723862,0.3021858237547498,0.6464340015820121,0.9081132617746682,0.6770920738256866,0.7300070603990547,-1.2807952016067004,-0.8107237700604175,0.3409736286598709,-1.9790582118185078,1.755714676387139,0.8645159213957667,0.023848949716017538,2.6353151713243044,-0.09734355540879881,0.09547336996230744,-0.7747924655902313,-0.7095158864470716,-0.8968644214742584,-2.248192477430138,0.43933631289332525
-0.8464310796711114,-0.30175138861551065,-0.9988526870940341,-1.2216941113033166,1.5233311858305143,0.9522172929342072,-0.02351316458160115,2.3038474833826896,0.6119276591467684,-1.9354538553129463,0.902550626537951,0.6209266007105132,1.2838969519436156,0.7300070603990547,2.3145075000665836,-2.0210685184224917,-1.488773757964695,0.37714857938556523,-2.660672400892089,1.7299104015747375,1.1090560894209835,0.2859737363523312,3.2251055540043088,0.17006932160001825,0.6784873184768606,-0.5818988676597685,-1.033108084818465,-1.4074820502688734,-2.9656467006985454,-0.00823295704891816
1.3264301541475534,2.016951185908433,1.322830464909833,1.3862563748987744,-2.5338916880806996,-0.9210535745469648,0.42042941026639485,-2.736400935621065,-1.4935429328648697,3.207980118483148,-0.3249448505126319,-1.4501288011646896,-1.4373919159874453,-1.2807952016067004,-2.0210685184224917,3.5536687550058637,2.079614012458551,-0.39326824855922254,3.761894514783303,-2.7900755944531226,-1.6903702851932547,-1.413968064096702,-5.052786260249761,-0.41628613759463257,-0.2269005892205707,0.9035057509454486,1.4201341259040277,1.1303742573992144,3.9340116910221936,-0.22546174110583186
0.9170984870392911,0.8412038079234485,0.9392951983972815,0.9639838824832618,-1.5455635518289865,-0.7223537598386129,0.008635342050271014,-1.8499836185739877,-0.7465284767499126,2.0181807401409126,-0.47756426706674165,-0.7902708023724565,-1.0417149284069438,-0.8107237700604175,-1.488773757964695,2.079614012458551,1.3269493080127959,-0.33713563007580816,2.5369648281209667,-1.9343218040205088,-1.1426747792661216,-0.46145640765295093,-3.277270191683712,-0.0686962974061394,-0.2605035457864342,0.7017711981998728,0.9438973595620509,1.0081877478112147,2.8277713532257724,-0.18006875435700562
-0.4763764992270937,0.32083537857209715,-0.4291503282653413,-0.271049724889813,0.33169186598777506,0.35819573534215626,0.510404035787051,0.5371649211458257,-0.02516676059763924,-0.7282741148759594,0.34061645074425667,0.21410559906405693,0.5529005620442782,0.3409736286598709,0.37714857938556523,-0.39326824855922254,-0.33713563007580816,0.2565881646209896,-1.079483440187843,1.0648999291738281,0.4784817643568312,-0.43927950921989867,1.3555170528927851,-0.26607763345213226,0.09206710755253077,-0.5482140797723353,-0.3673332818190501,-0.6837577098207097,-1.3830024938369223,0.32322583512387465
2.4164480750036113,0.38729992286196335,2.2668898814095835,1.828260599903856,-2.8135455254606243,-1.7808852373369617,-1.2825432980129097,-3.644282331892668,-0.9951112877489207,4.565285986459712,-1.2838780380607764,-1.7285584770902838,-2.796317815771347,-1.9790582118185078,-2.660672400892089,3.761894514783303,2.5369648281209667,-1.079483440187843,6.056471754114331,-5.281236993291593,-2.671526711298105,0.30874962126321237,-7.85412519848251,0.4659844549960193,-0.48583487883925075,2.3370625782410026,2.170561280207501,2.9646290983903403,7.072146617293835,-1.1809842083280446
-2.275913133331046,0.12956136405867794,-2.04475984027594,-1.397927911906575,2.1913259682873814,1.5421410289630475,1.714088005337314,2.7672560853905335,0.5210153880745897,-3.8870844716233175,1.1824118714454603,1.3767445837730983,2.406437247682444,1.755714676387139,1.7299104015747375,-2.7900755944531226,-1.9343218040205088,1.0648999291738281,-5.281236993291593,5.039911771777221,2.4136564101793954,-1.0353227833548253,6.835702140425513,-0.9129572376779229,0.20479054608499814,-2.4014666512229574,-1.8209604916306152,-2.7152801376958102,-6.489145863100347,1.334622112819199
-1.1122991121706214,-0.34566867992950107,-1.0576085091201148,-0.8569689429613621,1.3593177112995447,0.7796941731392498,0.566543340362749,1.604863434489112,0.4238345338096942,-2.0065515987021674,0.6252595765404914,0.6733745972259113,1.093954227254829,0.8645159213957667,1.1090560894209835,-1.6903702851932547,-1.1426747792661216,0.4784817643568312,-2.671526711298105,2.4136564101793954,1.2718813437957586,-0.28818105406750205,3.405758232938904,-0.4055627166837655,0.12289472981868088,-1.068483259223471,-0.9305953076270111,-1.2404816060574446,-3.291414706986467,0.4549793823294243
0.4323699658698113,-2.12257360929301,0.37013563678380595,-0.06094127476398691,0.6604181713732716,-0.3832187653318291,-1.695096782709384,0.3460821911476191,1.2091907046479076,-0.33769320036451234,-0.9577500660923303,0.6890274046364545,-0.27155780756578907,0.023848949716017538,0.2859737363523312,-1.413968064096702,-0.46145640765295093,-0.43927950921989867,0.30874962126321237,-1.0353227833548253,-0.28818105406750205,2.5858287644072777,0.035592586164402355,1.4127913470865623,-0.030091592257005934,0.8972222806283472,-0.036524914639539524,1.0499447346286557,1.3811975292262182,-0.5269356725406517
-3.1147100151604716,-0.7707387928181594,-2.860577473029366,-2.249383741240233,3.6508327514167718,2.207805372637737,1.5314273215015157,4.619305444264526,1.4819019259549064,-6.051573793682357,1.3670794031255205,2.4751265740235677,3.660264784976281,2.6353151713243044,3.2251055540043088,-5.052786260249761,-3.277270191683712,1.3555170528927851,-7.85412519848251,6.835702140425513,3.405758232938904,0.035592586164402355,10.36487485664974,-0.34915818542278254,0.540455324415525,-2.9964557634040725,-2.833284128227492,-3.681608402052529,-8.930972191503862,1.6350499803674776
0.40556449233781305,-0.6999638434945932,0.3661376619408492,0.10420008206334139,0.006000866125334686,-0.24483546865090014,-0.8779599017455901,0.021293002053570213,0.5207703461816775,0.09297687538397613,-0.5474577652266778,0.3228472229117778,-0.07816318724611028,-0.09734355540879881,0.17006932160001825,-0.41628613759463257,-0.0686962974061394,-0.26607763345213226,0.4659844549960193,-0.9129572376779229,-0.4055627166837655,1.4127913470865623,-0.34915818542278254,0.9596667963086976,0.12483305884400119,0.6169082696677393,0.057863318021535194,0.5284439158970042,1.2452048464590304,-0.25500569883398555
-0.10336104491539963,0.3324752370422079,-0.16179210268688948,-0.249894306027478,0.13664709992620488,0.2513451123248616,0.06411253481749969,0.5113549556441596,0.010850769819865167,-0.27578005302591346,0.2931361541254499,0.069766659905527,0.38785145963680406,0.09547336996230744,0.6784873184768606,-0.2269005892205707,-0.2605035457864342,0.09206710755253077,-0.48583487883925075,0.20479054608499814,0.12289472981868088,-0.030091592257005934,0.540455324415525,0.12483305884400119,0.3079848043301387,-0.06945866536284329,-0.21236537958712184,-0.4490787809926972,-0.47924973710997537,-6.219218096445625e-5
1.0692891018695743,-0.5049942669106436,0.9280914305227456,0.5251003315526996,-0.7556663142800238,-0.715209124258984,-1.1087444732466392,-1.0516069334039018,0.001889887580421232,1.6323129404967307,-0.6168129400804472,-0.5226414445264121,-1.1300335906863694,-0.7747924655902313,-0.5818988676597685,0.9035057509454486,0.7017711981998728,-0.5482140797723353,2.3370625782410026,-2.4014666512229574,-1.068483259223471,0.8972222806283472,-2.9964557634040725,0.6169082696677393,-0.06945866536284329,1.2361968018088743,0.7805696154778394,1.3682780446286458,3.003626533485738,-0.75608296067106
0.8354682711774988,0.19304506100454075,0.7914501722134012,0.6698818804210986,-1.0288843075411487,-0.6356387127492276,-0.3707133508015058,-1.358413417520487,-0.4156922606719055,1.6566058727752846,-0.429194221991093,-0.6607545299486662,-1.027083725070241,-0.7095158864470716,-1.033108084818465,1.4201341259040277,0.9438973595620509,-0.3673332818190501,2.170561280207501,-1.8209604916306152,-0.9305953076270111,-0.036524914639539524,-2.833284128227492,0.057863318021535194,-0.21236537958712184,0.7805696154778394,0.792533271311189,1.0457668164433709,2.455560377347266,-0.39476632469884987
1.2227202513252542,-1.0042348669817291,1.1497296772767849,0.834025727880517,-0.9024978593600516,-1.0453574755415944,-1.2662427108171181,-1.673436846386492,0.039183085867168836,1.9695026024048758,-1.0220411414415624,-0.5830859582054422,-1.6255528668769539,-0.8968644214742584,-1.4074820502688734,1.1303742573992144,1.0081877478112147,-0.6837577098207097,2.9646290983903403,-2.7152801376958102,-1.2404816060574446,1.0499447346286557,-3.681608402052529,0.5284439158970042,-0.4490787809926972,1.3682780446286458,1.0457668164433709,1.9737437236883966,3.673985407613867,-0.7832630936549504
2.970535726209508,-0.005817157595809858,2.809453283257639,2.1837359788407644,-3.203130359884361,-2.1804642640602205,-1.9919694090079454,-4.129143422253218,-0.7400663802293865,5.128179175905947,-1.8978719837796145,-1.63126605302618,-3.1222271292995294,-2.248192477430138,-2.9656467006985454,3.9340116910221936,2.8277713532257724,-1.3830024938369223,7.072146617293835,-6.489145863100347,-3.291414706986467,1.3811975292262182,-8.930972191503862,1.2452048464590304,-0.47924973710997537,3.003626533485738,2.455560377347266,3.673985407613867,8.81721584588351,-1.403797579184511
-0.5667768725884598,0.6111608617087984,-0.41066227438982694,-0.06555502278633984,0.10955795793367111,0.32929876674481007,0.8220296805789435,0.28800770652175267,-0.0988455982921794,-0.8279247996019602,0.1775993460358903,0.37765786424845804,0.728485636519329,0.43933631289332525,-0.00823295704891816,-0.22546174110583186,-0.18006875435700562,0.32322583512387465,-1.1809842083280446,1.334622112819199,0.4549793823294243,-0.5269356725406517,1.6350499803674776,-0.25500569883398555,-6.219218096445625e-5,-0.75608296067106,-0.39476632469884987,-0.7832630936549504,-1.403797579184511,0.6499321634473797
