V1,V2,V3,V4,V5,V6,V7,V8,V9,V10,V11,V12,V13,V14,V15,V16,V17,V18,V19,V20,V21,V22,V23,V24,V25,V26,V27,V28,V29,V30
0.3651841098012527,0.34989310789028755,0.1564984815874535,-0.30335844298044573,-0.03490319260490138,0.1847776165008022,-0.6034300263154467,0.7056540723518091,0.17440339355950848,0.13116624963816534,0.23482201787035978,0.02146550072367681,0.36765740432742544,-0.15849376640229748,1.3489440324900623,-0.22783588024958557,-0.2985187636287675,-0.11222028994413441,0.07411195118386599,-0.8818151023973612,-0.32332336520114546,0.7485699582312524,-0.20996633454752198,0.852691125682741,0.7183205066922613,0.5775267670064713,-0.12031891807928216,-0.2675716437886379,0.6240997237677113,-0.410379855088005
0.34989310789028755,7.2247482022228615,-0.008139795657966931,-0.2513314704481258,-2.602757257752803,1.352104416400241,2.484951578186578,0.7887821781062665,-2.525721817596804,1.4966231611217464,2.5939069516049065,-1.2911638091969881,2.2334783911732883,-0.5887330249727272,3.0954773218899603,3.353251015911391,0.6614639679568215,0.6956713560066838,-0.11442372265911542,-0.6719995553793655,-0.8765905826208242,-3.5404235570254645,-0.9191862154290953,-0.06414708188137114,2.487434586569919,-0.2875572438783845,-0.2204453205079321,-3.4855297062692645,-0.2654091038228966,0.4785105207413819
0.1564984815874535,-0.008139795657966931,0.08835696885858305,-0.07358581549682736,-0.005225645741516446,0.012298539055321241,-0.27553796788883606,0.1761961357825096,0.09296576136708327,0.08590419788530498,0.014093568539003504,0.005524577696719441,0.0439068186803486,-0.07370309427407237,0.3713209525145199,-0.08577044214057036,-0.0783311904696379,-0.06819313348843122,0.11847670362035743,-0.37285861067438136,-0.13576873328698977,0.3307993971640045,-0.17343111103905479,0.3042103933548983,0.19577590759422187,0.24112128079156714,-0.005194586508013018,0.016658334256149772,0.327342853569592,-0.16956097904991868
-0.30335844298044573,-0.2513314704481258,-0.07358581549682736,0.43834754455226693,-0.1452444150175936,-0.27638005262073473,0.6919877654160546,-0.9868343345670069,-0.30137749484746107,0.09735956521889484,-0.2861998435079145,-0.1349028541088006,-0.5235468784454113,0.07788221490640614,-1.647112636967746,0.5139235687395288,0.4850107240040803,0.09239513904744256,0.20512111305908265,0.7624450117658162,0.23200287216615406,-0.9303785016150329,-0.15424316895583493,-0.9775339178428623,-0.816213582731248,-0.5680753951310289,0.2420486721775012,0.38975442690482437,-0.3931756318505612,0.4313002329620733
-0.03490319260490138,-2.602757257752803,-0.005225645741516446,-0.1452444150175936,1.0996500663460882,-0.34459447150583855,-1.2331436193424496,0.23559096179744182,1.1102871036624333,-0.6944942519984809,-0.8168547602374573,0.5815255858027291,-0.5403353379271095,0.22260268242643752,-0.33938271889831806,-1.5731568871885042,-0.523884443670687,-0.28415248282569255,-0.16807700150353333,-0.006484037779867407,0.26988391026458797,1.7628487311670193,0.5661284301524857,0.4749537168281443,-0.5424453925459402,0.32940071744124894,-0.07172861664033549,1.070756261937302,0.15092780366829414,-0.35942542720541465
0.1847776165008022,1.352104416400241,0.012298539055321241,-0.27638005262073473,-0.34459447150583855,0.384178917674116,0.09647533916255521,0.6557681412319492,-0.2724923018196657,0.16196214180576546,0.5956298358343817,-0.13649553509654413,0.6662405566952142,-0.1189377721584803,1.364088709342284,0.28168098465154473,-0.15079621870923857,0.08397577539797878,-0.18060691194995412,-0.4371406161546933,-0.23722132906514784,-0.1490334830980803,-0.0027530190828170672,0.46532698704056186,0.830352135046051,0.20688005861490252,-0.17815691822584856,-0.8155238724951839,0.07797610782826189,-0.11848062584832396
-0.6034300263154467,2.484951578186578,-0.27553796788883606,0.6919877654160546,-1.2331436193424496,0.09647533916255521,2.5205370713230297,-1.4892466870561136,-1.6169454113294712,0.5773422734906063,0.5677004956725776,-0.7206825715344503,0.015945439204067477,0.019929351722753313,-1.9272307821301857,2.247836335229972,1.1302071588835467,0.5375770237526963,0.04434652351989461,1.5612781819231885,0.251274718611132,-3.3947340164192834,-0.27429767316882403,-2.04689380828562,-0.601116815891569,-1.406244232554962,0.2846846770841305,-0.8205624191456601,-1.2942721030136848,1.14506656605412
0.7056540723518091,0.7887821781062665,0.1761961357825096,-0.9868343345670069,0.23559096179744182,0.6557681412319492,-1.4892466870561136,2.2315662250745647,0.5983862456911571,-0.1526507520791683,0.7175981540122827,0.2566013564183644,1.2348686375583742,-0.20232266136567953,3.794801411935552,-1.0393117489167618,-1.0610945561756973,-0.192006847811866,-0.437660827336979,-1.7642623949942449,-0.5627948144447169,1.9916265691247477,0.2825202406034121,2.2037072775090403,1.912890337421859,1.2817481363131078,-0.5420903643962333,-0.9705392889387888,0.9110334169868906,-0.9632555734976928
0.17440339355950848,-2.525721817596804,0.09296576136708327,-0.30137749484746107,1.1102871036624333,-0.2724923018196657,-1.6169454113294712,0.5983862456911571,1.2453633006031881,-0.6241606296639455,-0.73526513054078535,0.6066815921194347,-0.38607085229895177,0.13470509420595692,0.3490241868511591,-1.7386379018310156,-0.6893463868202396,-0.36345426451388063,-0.09594251214281636,-0.513135670301665,0.09090544415998243,2.24148786189325,0.42641489993555315,0.9540422441382057,-0.18557534294935102,0.6672096578261375,-0.12448627383362133,0.9939298967482486,0.5374694404249162,-0.6019018129575231
0.13116624963816534,1.4966231611217464,0.08590419788530498,0.09735956521889484,-0.6944942519984809,0.16196214180576546,0.5773422734906063,-0.1526507520791683,-0.6241606296639455,0.5319864429951303,0.4444223419447461,-0.37031089800190636,0.26216535986338146,-0.1988047092329087,0.27025531934706903,0.953932223107181,0.3284480644490764,0.1137052479509977,0.27553375633743665,-0.2513260782995246,-0.26423755789775777,-0.8822445526701955,-0.5645781085678608,-0.1510901494380634,0.37103744832930957,-0.04859734329192658,0.08823944529079249,-0.5404348303851809,0.19143071203122763,0.11735111959824966
0.23482201787035978,2.5939069516049065,0.014093568539003504,-0.2861998435079145,-0.8168547602374573,0.5956298358343817,0.5677004956725776,0.7175981540122827,-0.73526513054078535,0.4444223419447461,1.0247765400533206,-0.3758358342410607,1.0118647792746098,-0.22356122990360833,1.7884360625840166,0.9114946658538858,0.003802232819080087,0.20702055615097675,-0.1663984812925805,-0.5231504951643626,-0.38354441967937664,-0.8242242254753522,-0.19939409831726254,0.39324474081808225,1.2097073106922536,0.12961159876575534,-0.19366680144435597,-1.3870935672945155,0.031190769898729584,-0.012000493518263825
0.02146550072367681,-1.2911638091969881,0.005524577696719441,-0.1349028541088006,0.5815255858027291,-0.13649553509654413,-0.7206825715344503,0.2566013564183644,0.6066815921194347,-0.37031089800190636,-0.3758358342410607,0.31569129191294526,-0.2017791107990099,0.10425343652602528,0.05269318950252987,-0.8733292529083354,-0.33452130057829843,-0.15633597143598388,-0.1181804015248744,-0.10238850595826351,0.10816455165947639,1.0230724766101833,0.31545613784681337,0.3739392725761691,-0.1649760567650656,0.24304618662904592,-0.07106391236933574,0.48976334965921253,0.12455945057602812,-0.24050771936180304
0.36765740432742544,2.2334783911732883,0.0439068186803486,-0.5235468784454113,-0.5403353379271095,0.6662405566952142,0.015945439204067477,1.2348686375583742,-0.38607085229895177,0.26216535986338146,1.0118647792746098,-0.2017791107990099,1.1653293383717311,-0.2157009075288515,2.5106934963858865,0.37156591027801594,-0.32667999310022205,0.1130057112233168,-0.3053694009101147,-0.8761129887362292,-0.4393235154175103,-0.0592518563295883,-0.008245277824413583,0.9427678075112611,1.4969773099293326,0.45441460123008875,-0.3254092221720879,-1.379755218660136,0.23235619394433826,-0.28025307622453993
-0.15849376640229748,-0.5887330249727272,-0.07370309427407237,0.07788221490640614,0.22260268242643752,-0.1189377721584803,0.019929351722753313,-0.20232266136567953,0.13470509420595692,-0.1988047092329087,-0.22356122990360833,0.10425343652602528,-0.2157009075288515,0.11095583689038173,-0.5509899437240301,-0.2124049061381058,0.005346633841971979,-7.460083416428202e-4,-0.0945654806128244,0.36316873456462556,0.1850056073867366,0.024734175047202482,0.22622748904551265,-0.24077384999427243,-0.3624575256893128,-0.17451139415401068,0.019536757433210716,0.2697810239228391,-0.2519134290439527,0.09907455502384
1.3489440324900623,3.0954773218899603,0.3713209525145199,-1.647112636967746,-0.33938271889831806,1.364088709342284,-1.9272307821301857,3.794801411935552,0.3490241868511591,0.27025531934706903,1.7884360625840166,0.05269318950252987,2.5106934963858865,-0.5509899437240301,7.005724611104848,-0.787638011943571,-1.5237085310721787,-0.18878330478162958,-0.5480264515939658,-3.2978184392073624,-1.2479121516543956,2.4749378440042094,-0.027200887763355566,3.68321336646187,3.7873902901376906,2.153696199347799,-0.8834921189766133,-2.369252097782973,1.7044584432461718,-1.534634838315992
-0.22783588024958557,3.353251015911391,-0.08577044214057036,0.5139235687395288,-1.5731568871885042,0.28168098465154473,2.247836335229972,-1.0393117489167618,-1.7386379018310156,0.953932223107181,0.9114946658538858,-0.8733292529083354,0.37156591027801594,-0.2124049061381058,-0.787638011943571,2.494972260970976,1.057124658873013,0.4775942960309579,0.2963869899449137,0.6901339707470973,-0.14477442531372547,-3.1442291512894127,-0.7718075107637056,-1.423270396632477,0.10843533845177672,-0.9320899442227927,0.25373499315991294,-1.2037877165316409,-0.6249366114384056,0.8481203152697617
-0.2985187636287675,0.6614639679568215,-0.0783311904696379,0.4850107240040803,-0.523884443670687,-0.15079621870923857,1.1302071588835467,-1.0610945561756973,-0.6893463868202396,0.3284480644490764,0.003802232819080087,-0.33452130057829843,-0.32667999310022205,0.005346633841971979,-1.5237085310721787,1.057124658873013,0.6629440019943774,0.1954950303238251,0.2474625882255821,0.7814393633358028,0.14536382448800303,-1.5526204047797125,-0.3310987210252996,-1.147691662468869,-0.6258260987390397,-0.6916026744384204,0.2613984714670288,0.005833258813319752,-0.4671506104781807,0.561856575441544
-0.11222028994413441,0.6956713560066838,-0.06819313348843122,0.09239513904744256,-0.28415248282569255,0.08397577539797878,0.5375770237526963,-0.192006847811866,-0.36345426451388063,0.1137052479509977,0.20702055615097675,-0.15633597143598388,0.1130057112233168,-7.460083416428202e-4,-0.18878330478162958,0.4775942960309579,0.1954950303238251,0.1283014374164492,-0.05214767639703784,0.29036740060602917,0.034257323152384805,-0.7181905717365348,-0.009751979565786488,-0.35713757057392587,-0.004358839412365056,-0.27317145971716295,0.02051696213262458,-0.2996444138751297,-0.2962959541409252,0.22523325563370142
0.07411195118386599,-0.11442372265911542,0.11847670362035743,0.20512111305908265,-0.16807700150353333,-0.18060691194995412,0.04434652351989461,-0.437660827336979,-0.09594251214281636,0.27553375633743665,-0.1663984812925805,-0.1181804015248744,-0.3053694009101147,-0.0945654806128244,-0.5480264515939658,0.2963869899449137,0.2474625882255821,-0.05214767639703784,0.40566210244983114,-0.14136048303130624,-0.09787658812458183,-0.1437637381116713,-0.4903719369966012,-0.18396956678484444,-0.2333170045288812,0.01981387859486549,0.18371393119642213,0.29996576490656834,0.3370990875385034,0.016357107647428426
-0.8818151023973612,-0.6719995553793655,-0.37285861067438136,0.7624450117658162,-0.006484037779867407,-0.4371406161546933,1.5612781819231885,-1.7642623949942449,-0.513135670301665,-0.2513260782995246,-0.5231504951643626,-0.10238850595826351,-0.8761129887362292,0.36316873456462556,-3.2978184392073624,0.6901339707470973,0.7814393633358028,0.29036740060602917,-0.14136048303130624,2.1408785545529794,0.7628155742381031,-1.9628339880210663,0.4387557350432005,-2.124308988600563,-1.7255837068524704,-1.4282961502335672,0.3098088318269328,0.5933758705463993,-1.5094392832096502,1.0264056347396573
-0.32332336520114546,-0.8765905826208242,-0.13576873328698977,0.23200287216615406,0.26988391026458797,-0.23722132906514784,0.251274718611132,-0.5627948144447169,0.09090544415998243,-0.26423755789775777,-0.38354441967937664,0.10816455165947639,-0.4393235154175103,0.1850056073867366,-1.2479121516543956,-0.14477442531372547,0.14536382448800303,0.034257323152384805,-0.09787658812458183,0.7628155742381031,0.33979311422251646,-0.2641406154050544,0.30314413375152766,-0.6363595004180812,-0.7430086232784211,-0.42678940672682214,0.08955748082070358,0.46891496667046706,-0.5052692950232017,0.27661593565185444
0.7485699582312524,-3.5404235570254645,0.3307993971640045,-0.9303785016150329,1.7628487311670193,-0.1490334830980803,-3.3947340164192834,1.9916265691247477,2.24148786189325,-0.8822445526701955,-0.8242242254753522,1.0230724766101833,-0.0592518563295883,0.024734175047202482,2.4749378440042094,-3.1442291512894127,-1.5526204047797125,-0.7181905717365348,-0.1437637381116713,-1.9628339880210663,-0.2641406154050544,4.607085268649811,0.508946737976049,2.699438968788264,0.7120746348455379,1.830051584737846,-0.39942657059577796,1.164110731368122,1.615196022272932,-1.5111510906576735
-0.20996633454752198,-0.9191862154290953,-0.17343111103905479,-0.15424316895583493,0.5661284301524857,-0.0027530190828170672,-0.27429767316882403,0.2825202406034121,0.42641489993555315,-0.5645781085678608,-0.19939409831726254,0.31545613784681337,-0.008245277824413583,0.22622748904551265,-0.027200887763355566,-0.7718075107637056,-0.3310987210252996,-0.009751979565786488,-0.4903719369966012,0.4387557350432005,0.30314413375152766,0.508946737976049,0.7617514477641122,0.062212895770911755,-0.1998845335648697,-0.09876967253779217,-0.16877537593322617,0.16610333536044164,-0.49606081697601856,-0.003981316234322872
0.852691125682741,-0.06414708188137114,0.3042103933548983,-0.9775339178428623,0.4749537168281443,0.46532698704056186,-2.04689380828562,2.2037072775090403,0.9540422441382057,-0.1510901494380634,0.39324474081808225,0.3739392725761691,0.9427678075112611,-0.24077384999427243,3.68321336646187,-1.423270396632477,-1.147691662468869,-0.35713757057392587,-0.18396956678484444,-2.124308988600563,-0.6363595004180812,2.699438968788264,0.062212895770911755,2.4804694595157595,1.773676159043809,1.5742829542582133,-0.46988856426376374,-0.47522094717897434,1.3835475636629655,-1.1912696930317643
0.7183205066922613,2.487434586569919,0.19577590759422187,-0.816213582731248,-0.5424453925459402,0.830352135046051,-0.601116815891569,1.912890337421859,-0.18557534294935102,0.37103744832930957,1.2097073106922536,-0.1649760567650656,1.4969773099293326,-0.3624575256893128,3.7873902901376906,0.10843533845177672,-0.6258260987390397,-0.004358839412365056,-0.2333170045288812,-1.7255837068524704,-0.7430086232784211,0.7120746348455379,-0.1998845335648697,1.773676159043809,2.166678955465072,1.019665727687787,-0.44018414621582785,-1.5990644792910345,0.8416688149148805,-0.6849747835883685
0.5775267670064713,-0.2875572438783845,0.24112128079156714,-0.5680753951310289,0.32940071744124894,0.20688005861490252,-1.406244232554962,1.2817481363131078,0.6672096578261375,-0.04859734329192658,0.12961159876575534,0.24304618662904592,0.45441460123008875,-0.17451139415401068,2.153696199347799,-0.9320899442227927,-0.6916026744384204,-0.27317145971716295,0.01981387859486549,-1.4282961502335672,-0.42678940672682214,1.830051584737846,-0.09876967253779217,1.5742829542582133,1.019665727687787,1.054087025620523,-0.24126091251144172,-0.11259000013380209,1.034125811751417,-0.7935075643003582
-0.12031891807928216,-0.2204453205079321,-0.005194586508013018,0.2420486721775012,-0.07172861664033549,-0.17815691822584856,0.2846846770841305,-0.5420903643962333,-0.12448627383362133,0.08823944529079249,-0.19366680144435597,-0.07106391236933574,-0.3254092221720879,0.019536757433210716,-0.8834921189766133,0.25373499315991294,0.2613984714670288,0.02051696213262458,0.18371393119642213,0.3098088318269328,0.08955748082070358,-0.39942657059577796,-0.16877537593322617,-0.46988856426376374,-0.44018414621582785,-0.24126091251144172,0.15081733160836866,0.28003857961419043,-0.09236216085863667,0.18745318037892555
-0.2675716437886379,-3.4855297062692645,0.016658334256149772,0.38975442690482437,1.070756261937302,-0.8155238724951839,-0.8205624191456601,-0.9705392889387888,0.9939298967482486,-0.5404348303851809,-1.3870935672945155,0.48976334965921253,-1.379755218660136,0.2697810239228391,-2.369252097782973,-1.2037877165316409,0.005833258813319752,-0.2996444138751297,0.29996576490656834,0.5933758705463993,0.46891496667046706,1.164110731368122,0.16610333536044164,-0.47522094717897434,-1.5990644792910345,-0.11259000013380209,0.28003857961419043,1.8954404090553039,0.07764835916441201,-0.022641587728400844
0.6240997237677113,-0.2654091038228966,0.327342853569592,-0.3931756318505612,0.15092780366829414,0.07797610782826189,-1.2942721030136848,0.9110334169868906,0.5374694404249162,0.19143071203122763,0.031190769898729584,0.12455945057602812,0.23235619394433826,-0.2519134290439527,1.7044584432461718,-0.6249366114384056,-0.4671506104781807,-0.2962959541409252,0.3370990875385034,-1.5094392832096502,-0.5052692950232017,1.615196022272932,-0.49606081697601856,1.3835475636629655,0.8416688149148805,1.034125811751417,-0.09236216085863667,0.07764835916441201,1.266428391228985,-0.7508064227172491
-0.410379855088005,0.4785105207413819,-0.16956097904991868,0.4313002329620733,-0.35942542720541465,-0.11848062584832396,1.14506656605412,-0.9632555734976928,-0.6019018129575231,0.11735111959824966,-0.012000493518263825,-0.24050771936180304,-0.28025307622453993,0.09907455502384,-1.534634838315992,0.8481203152697617,0.561856575441544,0.22523325563370142,0.016357107647428426,1.0264056347396573,0.27661593565185444,-1.5111510906576735,-0.003981316234322872,-1.1912696930317643,-0.6849747835883685,-0.7935075643003582,0.18745318037892555,-0.022641587728400844,-0.7508064227172491,0.6108888381749976
