V1,V2,V3,V4,V5,V6,V7,V8,V9,V10,V11,V12,V13,V14,V15,V16,V17,V18,V19,V20,V21,V22,V23,V24,V25,V26,V27,V28,V29,V30
5.0860844076023835,3.2735148915073755,-0.5563418614558809,-3.4235436459922814,-2.0547737312239476,0.04099785822080604,-2.5741523265241795,-3.0196644858948454,0.7362546692969004,1.3846834378825394,2.6047638029905684,3.06815618790705,3.9203686237339324,0.022794727188619947,-3.3925580705881853,-1.2486891011956274,2.9109718905503335,-0.40418705798916893,-0.63623854015596,-0.2079675559515002,6.48138313996079,-1.518159256698011,3.258772478001943,-1.402857214037853,1.2127272071233346,-0.06581744180444041,0.2544652622880435,3.0292960385050396,-1.8003866435365836,1.6341298062511926
3.2735148915073755,3.2500975412202227,0.37957376864684755,-4.120737798290815,-1.0769554282501956,-0.9694008518206251,-1.3896749873984198,-2.3557726471408755,-0.8937369196754169,0.4331511534670295,1.7791474934260305,3.1314217663038506,2.7833738206647665,-0.2016179851290187,-2.9637747439286057,-1.6269586424576445,1.5035005601179472,-1.7323871210793433,-0.014851056666878384,0.16250978543957478,4.739046522805868,-1.2187480418592873,2.288373465965488,-1.4904266812781486,-1.2793106688866462,-0.6646139545307606,-0.41180353631919225,2.669093175853879,-1.337932614353027,1.3921571755596813
-0.5563418614558809,0.37957376864684755,0.661339262255402,-0.9479093862230346,0.2200043980986796,-0.8279098264281483,0.49060822729968934,0.008525614152398357,-1.0031809393213154,-0.48821611947018523,-0.1831525742034591,0.6141368524997239,-0.26151405769274116,-0.19451925935929915,-0.24137317545139136,-0.4797637601587755,-0.5656435718222427,-1.0162241942163581,0.19160089611911713,0.30139464621559253,-0.15434029107464892,-0.2579316234627427,-0.15367095078623608,-0.38231611296780993,-1.5631921822442036,-0.4227774319319238,-0.4616512496937157,0.17495104188307256,0.04800250074096459,0.09101975325650571
-3.4235436459922814,-4.120737798290815,-0.9479093862230346,6.273442202100241,1.1469995264219028,1.8416312008054907,1.4752699893096597,3.17147208469795,2.395748350605932,0.09744558772450757,-2.1582696140278426,-4.645801865068975,-2.824069205676429,0.5459330829621605,3.9244319464871262,2.5366214329252137,-0.8063478019838481,3.1667884668042694,0.29177337653657776,-0.7769541393203737,-5.458000504101462,1.8431541158990086,-2.551720542736545,2.2901090695811654,3.602447892267062,1.556268061602487,1.008275541996491,-3.328222828129248,2.085711462265586,-2.1628707169486416
-2.0547737312239476,-1.0769554282501956,0.2200043980986796,1.1469995264219028,1.2084032891904324,-0.04971449924303069,1.0579818595290826,1.2734684307928725,-0.5649500370668769,-0.6468172718768749,-1.0425370416888748,-1.2658088593736383,-1.5026613181307173,0.11598709672504715,1.3826221396347542,0.5294851786612422,-1.3202060965004383,-0.01788246565770882,0.6164414926523794,0.011721722434340486,-2.8488600627661573,1.0116810251428034,-1.3484496863464213,0.6668079716415825,-0.784088640576467,-0.08852308529604558,-0.15627932814229584,-1.216087092133781,0.8692304295642951,-0.6797279301372017
0.04099785822080604,-0.9694008518206251,-0.8279098264281483,1.8416312008054907,-0.04971449924303069,1.6638281471436012,-0.3678810559448147,0.449312991625856,1.5276658580375087,0.6399083331359031,-0.2343468884745428,-1.7608855133842285,-0.14827473087838858,0.18581885665985523,1.057875541920756,0.837246679199615,0.5434203691448536,1.657298251255788,-0.055531653824927606,-0.5775902168568003,-0.7213593210870055,0.9336924286376443,-0.4160793457415013,1.073448986909402,2.119742557051689,0.7885197788748955,0.7150271340435718,-0.4885301681645917,0.02173474631412213,-0.39425924543651203
-2.5741523265241795,-1.3896749873984198,0.49060822729968934,1.4752699893096597,1.0579818595290826,-0.3678810559448147,1.4746272047917446,1.5420588072594894,-0.5442309310752136,-0.7665173356284581,-1.3299973462668357,-1.3022114573649743,-1.8408968502625727,-0.025078269901299348,1.544888240671285,0.4866690451655811,-1.3929501356465168,-0.08160937813432853,0.49148589510773044,0.12068711299806335,-3.076778588688473,0.6381460355382859,-1.5369799276035911,0.5433900758432574,-0.8437370283279858,0.0020953071477094755,-0.253595610075071,-1.393151512941606,1.062725637707304,-0.8745927941477573
-3.0196644858948454,-2.3557726471408755,0.008525614152398357,3.17147208469795,1.2734684307928725,0.449312991625856,1.5420588072594894,2.23431950198089,0.3929338083020743,-0.5132705834238971,-1.7195081804224321,-2.6232060989286916,-2.2747508754555046,0.22091998181036052,2.516000120075219,1.2452681537998351,-1.2936918960964896,1.0306077170420893,0.5890659552148326,-0.2345967283372672,-4.182118862732424,1.2857939741798672,-2.018260300663646,1.279396815847354,0.5769720989150727,0.5246968023239621,0.16804039662621412,-2.134105601575081,1.5173943164779244,-1.3889871834003427
0.7362546692969004,-0.8937369196754169,-1.0031809393213154,2.395748350605932,-0.5649500370668769,1.5276658580375087,-0.5442309310752136,0.3929338083020743,2.366750648458386,1.036560769771003,0.006305104961095075,-1.580890859732886,0.4748722235972437,0.3430220743080128,0.7545298891480208,0.9950194543711209,1.4349821070961235,2.1220013050781104,-0.1708493224279107,-0.7649869074295257,0.2623743939243321,0.40844300371756515,0.16021541222288882,0.8685710717282353,3.4856337030831415,1.2016631096135901,0.9237724954721457,-0.37539976837993105,0.31005150237240925,-0.5594335803409999
1.3846834378825394,0.4331511534670295,-0.48821611947018523,0.09744558772450757,-0.6468172718768749,0.6399083331359031,-0.7665173356284581,-0.5132705834238971,1.036560769771003,0.760241026969072,0.4812738123746832,0.03204280985252338,1.027248135723321,0.07881001432817075,-0.4637271714015248,0.04322280510022049,1.2699892696723512,0.7309159994835692,-0.13831234369451884,-0.36277436917067457,1.5431237828428184,-0.1272258225004965,0.7558292535378854,0.05405626087773324,1.5930105447544742,0.45036449138760504,0.4028128061903932,0.6200962431633649,-0.29034906202027516,0.11140825942772702
2.6047638029905684,1.7791474934260305,-0.1831525742034591,-2.1582696140278426,-1.0425370416888748,-0.2343468884745428,-1.3299973462668357,-1.7195081804224321,0.006305104961095075,0.4812738123746832,1.5715745248997806,1.9609528618364895,2.002432232746096,-0.007563958018043424,-1.9155560744020117,-0.7332718165647042,1.1356531602130744,-0.5571340119326054,-0.4881425811609775,0.0996868883522081,3.3627103945319625,-0.954839505739091,1.7431572649071876,-0.9393623525015261,0.03739402171754076,-0.27380719879998405,-0.004183948149404762,1.5307767456531605,-1.094946636810362,1.066558104108758
3.06815618790705,3.1314217663038506,0.6141368524997239,-4.645801865068975,-1.2658088593736383,-1.7608855133842285,-1.3022114573649743,-2.6232060989286916,-1.580890859732886,0.03204280985252338,1.9609528618364895,4.1086626788903065,2.4261762300962504,-0.35953352189249255,-3.4009879255007327,-1.9063415487278985,0.9036595625615836,-2.3003475767353425,-0.57986837828707,0.7071507704146428,4.832743078624216,-2.0632938433272807,2.438951156646918,-2.1681807085707483,-2.1772243615601994,-1.1811761142057866,-0.7408892788138542,2.541246797220128,-1.547424831005148,1.7426764389931124
3.9203686237339324,2.7833738206647665,-0.26151405769274116,-2.824069205676429,-1.5026613181307173,-0.14827473087838858,-1.8408968502625727,-2.2747508754555046,0.4748722235972437,1.027248135723321,2.002432232746096,2.4261762300962504,3.206565510499479,0.040838879441073894,-2.6680104488752674,-1.0319788386464446,2.3165608813455427,-0.5300688501757785,-0.25329460724005654,-0.22305700136714623,5.1143741351353125,-1.1252139367063057,2.5549970406623923,-1.0984918419996406,0.7549095825589703,-0.012238825530163066,0.13154770488529405,2.451866416782568,-1.2482985584391872,1.1841976774971372
0.022794727188619947,-0.2016179851290187,-0.19451925935929915,0.5459330829621605,0.11598709672504715,0.18581885665985523,-0.025078269901299348,0.22091998181036052,0.3430220743080128,0.07881001432817075,-0.007563958018043424,-0.35953352189249255,0.040838879441073894,0.22148376930954553,0.25821752906697565,0.3123365353625383,0.08903319116066859,0.3510694951894181,0.1406361848793254,-0.17301934860773543,-0.2580137760834033,0.26029307492974535,-0.027563359929932543,0.23176131989622373,0.5484632153197251,0.18001247482154342,0.14602262435895144,-0.2661389427346288,0.2769120206636212,-0.17730785169608979
-3.3925580705881853,-2.9637747439286057,-0.24137317545139136,3.9244319464871262,1.3826221396347542,1.057875541920756,1.544888240671285,2.516000120075219,0.7545298891480208,-0.4637271714015248,-1.9155560744020117,-3.4009879255007327,-2.6680104488752674,0.25821752906697565,3.13856463624598,1.6048942017147352,-1.5030160730649635,1.5602888088018683,0.4843521783114692,-0.34334650394944016,-4.940279899951114,1.6904750901570125,-2.437711697651061,1.748259603589239,0.974765878637527,0.7243419270449063,0.3786425991525605,-2.557661953835546,1.4891040344602218,-1.5244552308308361
-1.2486891011956274,-1.6269586424576445,-0.4797637601587755,2.5366214329252137,0.5294851786612422,0.837246679199615,0.4866690451655811,1.2452681537998351,0.9950194543711209,0.04322280510022049,-0.7332718165647042,-1.9063415487278985,-1.0319788386464446,0.3123365353625383,1.6048942017147352,1.1320873703640397,-0.3696919393925554,1.3247831724430301,0.14306180036808142,-0.34477108358689396,-2.209825273185386,0.8717471684906245,-0.9764197730949669,0.9881580715283873,1.5062135587768275,0.6253665457124216,0.4537106196973829,-1.3951870708520047,0.8251534494044807,-0.8207564309911469
2.9109718905503335,1.5035005601179472,-0.5656435718222427,-0.8063478019838481,-1.3202060965004383,0.5434203691448536,-1.3929501356465168,-1.2936918960964896,1.4349821070961235,1.2699892696723512,1.1356531602130744,0.9036595625615836,2.3165608813455427,0.08903319116066859,-1.5030160730649635,-0.3696919393925554,2.479553963945184,0.6584335332036962,-0.1546856872412281,-0.5190085094548544,3.6623236849252985,-0.6411242698794937,1.7911620216472874,-0.38699224737996185,2.230310013354904,0.5753893661557496,0.4672709506403215,1.6285552845942282,-0.5973924402590852,0.42929422815752377
-0.40418705798916893,-1.7323871210793433,-1.0162241942163581,3.1667884668042694,-0.01788246565770882,1.657298251255788,-0.08160937813432853,1.0306077170420893,2.1220013050781104,0.7309159994835692,-0.5571340119326054,-2.3003475767353425,-0.5300688501757785,0.3510694951894181,1.5602888088018683,1.3247831724430301,0.6584335332036962,2.332877644668138,-0.08303431794255985,-0.6675433899602534,-1.3800428638315971,0.8762354175797231,-0.5884361905311153,1.2320606778727563,3.1990458320820703,1.1125638270247036,0.8733226286096867,-1.1384535838669954,0.6357143407697843,-0.8562523741079707
-0.63623854015596,-0.014851056666878384,0.19160089611911713,0.29177337653657776,0.6164414926523794,-0.055531653824927606,0.49148589510773044,0.5890659552148326,-0.1708493224279107,-0.13831234369451884,-0.4881425811609775,-0.57986837828707,-0.25329460724005654,0.1406361848793254,0.4843521783114692,0.14306180036808142,-0.1546856872412281,-0.08303431794255985,0.7388257661023551,-0.22907984837880144,-0.8980397336978304,0.6837296110141708,-0.4163612020926635,0.37243764206324315,-0.21177779294269758,0.08726523624088234,-0.07469619139926194,-0.21930465286064715,0.6187599426518575,-0.4449109481053445
-0.2079675559515002,0.16250978543957478,0.30139464621559253,-0.7769541393203737,0.011721722434340486,-0.5775902168568003,0.12068711299806335,-0.2345967283372672,-0.7649869074295257,-0.36277436917067457,0.0996868883522081,0.7071507704146428,-0.22305700136714623,-0.17301934860773543,-0.34334650394944016,-0.34477108358689396,-0.5190085094548544,-0.6675433899602534,-0.22907984837880144,0.4139685629854055,0.04017757661367331,-0.4208974594924385,0.025856016074971323,-0.45339194696295,-1.1159452675838106,-0.4529619622336303,-0.3342195178700756,0.0665098837309761,-0.23055341880167673,0.3101548529738881
6.48138313996079,4.739046522805868,-0.15434029107464892,-5.458000504101462,-2.8488600627661573,-0.7213593210870055,-3.076778588688473,-4.182118862732424,0.2623743939243321,1.5431237828428184,3.3627103945319625,4.832743078624216,5.1143741351353125,-0.2580137760834033,-4.940279899951114,-2.209825273185386,3.6623236849252985,-1.3800428638315971,-0.8980397336978304,0.04017757661367331,8.994833864389806,-2.6227060345098936,4.370311230624576,-2.375037638114816,0.4619162578577639,-0.4047239872281436,-0.05189534327558311,4.372524244614829,-2.496234316049706,2.322489592028997
-1.518159256698011,-1.2187480418592873,-0.2579316234627427,1.8431541158990086,1.0116810251428034,0.9336924286376443,0.6381460355382859,1.2857939741798672,0.40844300371756515,-0.1272258225004965,-0.954839505739091,-2.0632938433272807,-1.1252139367063057,0.26029307492974535,1.6904750901570125,0.8717471684906245,-0.6411242698794937,0.8762354175797231,0.6837296110141708,-0.4208974594924385,-2.6227060345098936,1.5402401085074497,-1.2640860698871628,1.2165250227436293,0.5398959635183004,0.4073395381196815,0.27285499313030326,-1.1399938114991364,0.790478578847775,-0.8088081921809605
3.258772478001943,2.288373465965488,-0.15367095078623608,-2.551720542736545,-1.3484496863464213,-0.4160793457415013,-1.5369799276035911,-2.018260300663646,0.16021541222288882,0.7558292535378854,1.7431572649071876,2.438951156646918,2.5549970406623923,-0.027563359929932543,-2.437711697651061,-0.9764197730949669,1.7911620216472874,-0.5884361905311153,-0.4163612020926635,0.025856016074971323,4.370311230624576,-1.2640860698871628,2.279308442307483,-1.2078578639529303,0.4067543751283806,-0.22585429271620508,-0.025679559901397444,2.0329385986338577,-1.092325975871263,1.12929422283675
-1.402857214037853,-1.4904266812781486,-0.38231611296780993,2.2901090695811654,0.6668079716415825,1.073448986909402,0.5433900758432574,1.279396815847354,0.8685710717282353,0.05405626087773324,-0.9393623525015261,-2.1681807085707483,-1.0984918419996406,0.23176131989622373,1.748259603589239,0.9881580715283873,-0.38699224737996185,1.2320606778727563,0.37243764206324315,-0.45339194696295,-2.375037638114816,1.2165250227436293,-1.2078578639529303,1.2294990955531695,1.155608112188467,0.6361673415266534,0.4319492666868632,-1.216350658438625,0.7264341828876291,-0.8610223601197904
1.2127272071233346,-1.2793106688866462,-1.5631921822442036,3.602447892267062,-0.784088640576467,2.119742557051689,-0.8437370283279858,0.5769720989150727,3.4856337030831415,1.5930105447544742,0.03739402171754076,-2.1772243615601994,0.7549095825589703,0.5484632153197251,0.974765878637527,1.5062135587768275,2.230310013354904,3.1990458320820703,-0.21177779294269758,-1.1159452675838106,0.4619162578577639,0.5398959635183004,0.4067543751283806,1.155608112188467,5.409632255584427,1.729979546271096,1.3597960522441321,-0.5598265017750818,0.5980566426269559,-0.8632521845533828
-0.06581744180444041,-0.6646139545307606,-0.4227774319319238,1.556268061602487,-0.08852308529604558,0.7885197788748955,0.0020953071477094755,0.5246968023239621,1.2016631096135901,0.45036449138760504,-0.27380719879998405,-1.1811761142057866,-0.012238825530163066,0.18001247482154342,0.7243419270449063,0.6253665457124216,0.5753893661557496,1.1125638270247036,0.08726523624088234,-0.4529619622336303,-0.4047239872281436,0.4073395381196815,-0.22585429271620508,0.6361673415266534,1.729979546271096,0.7254702624209214,0.475230955378691,-0.41124135164309056,0.38175466379936035,-0.5201940697171652
0.2544652622880435,-0.41180353631919225,-0.4616512496937157,1.008275541996491,-0.15627932814229584,0.7150271340435718,-0.253595610075071,0.16804039662621412,0.9237724954721457,0.4028128061903932,-0.004183948149404762,-0.7408892788138542,0.13154770488529405,0.14602262435895144,0.3786425991525605,0.4537106196973829,0.4672709506403215,0.8733226286096867,-0.07469619139926194,-0.3342195178700756,-0.05189534327558311,0.27285499313030326,-0.025679559901397444,0.4319492666868632,1.3597960522441321,0.475230955378691,0.4249504370223081,-0.2030398633494687,0.07058296082763288,-0.22997809026971874
3.0292960385050396,2.669093175853879,0.17495104188307256,-3.328222828129248,-1.216087092133781,-0.4885301681645917,-1.393151512941606,-2.134105601575081,-0.37539976837993105,0.6200962431633649,1.5307767456531605,2.541246797220128,2.451866416782568,-0.2661389427346288,-2.557661953835546,-1.3951870708520047,1.6285552845942282,-1.1384535838669954,-0.21930465286064715,0.0665098837309761,4.372524244614829,-1.1399938114991364,2.0329385986338577,-1.216350658438625,-0.5598265017750818,-0.41124135164309056,-0.2030398633494687,2.436375570812726,-1.3437140191955748,1.2126079835436205
-1.8003866435365836,-1.337932614353027,0.04800250074096459,2.085711462265586,0.8692304295642951,0.02173474631412213,1.062725637707304,1.5173943164779244,0.31005150237240925,-0.29034906202027516,-1.094946636810362,-1.547424831005148,-1.2482985584391872,0.2769120206636212,1.4891040344602218,0.8251534494044807,-0.5973924402590852,0.6357143407697843,0.6187599426518575,-0.23055341880167673,-2.496234316049706,0.790478578847775,-1.092325975871263,0.7264341828876291,0.5980566426269559,0.38175466379936035,0.07058296082763288,-1.3437140191955748,1.3150267375254623,-1.0241334926909655
1.6341298062511926,1.3921571755596813,0.09101975325650571,-2.1628707169486416,-0.6797279301372017,-0.39425924543651203,-0.8745927941477573,-1.3889871834003427,-0.5594335803409999,0.11140825942772702,1.066558104108758,1.7426764389931124,1.1841976774971372,-0.17730785169608979,-1.5244552308308361,-0.8207564309911469,0.42929422815752377,-0.8562523741079707,-0.4449109481053445,0.3101548529738881,2.322489592028997,-0.8088081921809605,1.12929422283675,-0.8610223601197904,-0.8632521845533828,-0.5201940697171652,-0.22997809026971874,1.2126079835436205,-1.0241334926909655,0.9891869457898912
