V1,V2,V3,V4,V5,V6,V7,V8,V9,V10,V11,V12,V13,V14,V15,V16,V17,V18,V19,V20,V21,V22,V23,V24,V25,V26,V27,V28,V29,V30,V31,V32,V33,V34,V35,V36,V37,V38,V39,V40,V41,V42,V43,V44,V45,V46,V47,V48,V49,V50,V51,V52,V53,V54,V55,V56
1.0068575484095799,0.7332095004558166,-0.9775123071916783,1.098005536305019,0.6153244618811217,2.8838451538485685,4.4394803049359215,0.7827578252807046,-0.25104891337395163,0.11457453795240251,0.9458535286518303,0.9204247392467301,-1.7906489861545893,-1.141524425342609,-1.6115592040373208,2.517299439371908,-2.1953757189011944,0.12216265942497444,-1.4423241559313746,-0.42673637407462295,0.43117942113660096,0.5329030103531095,1.4544700995240596,-0.010114981048418535,-0.9029115419572347,0.5257925670771637,0.21970942068725816,2.263067532705236,-0.9510773892229316,-1.9591691546949987,-0.21972100784659593,-1.3561521517700532,-1.7888139003022774,0.6445983395015932,0.2752944577596764,0.500563689727414,-0.7905957947939452,-1.5495749470176432,-2.2875911014474455,0.44379214592102584,1.9203370151158903,-0.34297644282179157,1.370600389178875,0.2489481464304463,-1.0529780555626678,0.32274433803115266,1.282498637212398,2.61113304699362,0.042385307722430536,1.9585827879540714,1.2291391061411265,2.076200234261468,-0.2615071374935619,2.373707540217798,-1.0351224488279653,-2.8700059387795545
0.7332095004558166,3.439485123777418,-2.844281421670799,0.4213127321711838,2.8937717555486038,5.785577101656051,11.273105643221854,-1.7420271816016248,0.21041437953269243,-0.011216902088373363,1.9698866172368448,3.9440190265423034,-4.526089459890146,-1.7732229558934802,-5.46658756396445,8.086382366502907,-5.719682286992635,0.022668760596293813,-3.727816301560878,-2.517033558892416,-0.13484532464743373,0.9893391140912086,4.354415120384234,-0.5854857696963939,-1.4889062872980827,0.6246131052389556,1.1871355359883924,5.220366722108253,-3.013178098189892,-6.093045533657857,-2.9886744306197617,-4.221261443851307,-5.257730334074668,3.351430744089881,-0.07463994982476424,0.2188612490432956,-2.5076907367344123,-2.9239343664962383,-4.668524322889687,2.7779727132802745,3.0606882968507807,-2.31775388274319,3.8801003858897274,-0.6680819970447583,-3.9786386950599453,1.2326885422097378,4.31717332756389,8.721653860659663,0.9921225666074062,4.894616275631997,2.5648925162104157,5.75771308591298,0.06445721196145429,5.932057437605127,-2.123537107829849,-8.112723324607336
-0.9775123071916783,-2.844281421670799,3.6578755659585176,-0.827859792127938,-2.4493304942309932,-5.730905486079454,-12.572046616829912,1.6740086264132996,-0.8088582859048659,0.29782998689509343,-3.463294971217722,-3.51021385052948,4.869066070195338,1.667563377397137,4.6141148824709814,-8.710185193781193,5.887209971601061,-0.9137557479353138,3.5811477558359366,2.2728600305639635,-0.3906685644552221,-1.407624538368294,-5.083585027154695,0.9965089240030451,2.193151207264801,-1.4230716345191399,-1.0306053798701804,-5.942608162012856,3.154828258434541,6.6736755810260355,3.1970499471447984,4.242575959454313,6.210097000118212,-3.719086269793256,-0.5490978557011398,-0.652937247377726,2.1950061672800514,3.5363678657430775,5.223703204069632,-1.3688513992513438,-4.556447054039573,3.057664807281513,-3.4727799189269555,0.557159073988349,5.005553109401917,-1.1541398613610419,-5.133999094026274,-9.042222099536799,-1.5646710487122029,-6.498563763209378,-3.124468320725211,-6.08424462326173,0.6290361097480482,-5.27802911779598,2.5843009431241617,8.736080948017456
1.098005536305019,0.4213127321711838,-0.827859792127938,1.2481379635895642,0.35468806799138486,2.6728637761452636,3.876450215905248,1.1291834807642693,-0.2976958939700034,0.12531941812492223,0.9199698634925496,0.5848964901449784,-1.5601906580039706,-1.1175677202859842,-1.195222850890596,1.9897524197740994,-1.8830817637067727,0.1714657014646571,-1.2316580448462253,-0.18622829892173132,0.5396547326191093,0.5177453129839453,1.201349251190239,0.04502303368297739,-0.9010893061110523,0.5674079260226375,0.10813764725891314,2.0420958905856237,-0.754109663456758,-1.5758964267343973,0.09688611137886549,-1.0769186156148556,-1.4904972616665004,0.36127714511460224,0.3525982814099649,0.5738549397921126,-0.6106753890647797,-1.4802606910938265,-2.131141359226099,0.13469261608413172,1.9291850858331656,-0.1467187148986427,1.1211156579378596,0.37570019690296846,-0.7862351281156377,0.22599615559089442,1.0073679079606241,2.0112562325134964,-0.05123896186028481,1.7554644721327863,1.14736190773724,1.7443652644737764,-0.33781578146046326,2.0377099925426774,-0.9704627529944543,-2.398867535917217
0.6153244618811217,2.8937717555486038,-2.4493304942309932,0.35468806799138486,2.4375585582835737,4.8758597294572406,9.598708752202567,-1.5044756462157276,0.21634009861263148,-0.026751066544322223,1.7362748466693527,3.328751177534828,-3.8450104058817463,-1.4838250957665549,-4.59352532787424,6.88612116928944,-4.847032682466085,0.06128693110498286,-3.145849590590824,-2.1296788670706954,-0.09880366040601388,0.8536838706985319,3.7257682274356414,-0.5206768295340977,-1.2870379842535549,0.5615203426780143,1.0020610700196715,4.446350221016402,-2.5614950195407085,-5.192534484793889,-2.560821918345817,-3.5781562087629335,-4.5009338525942235,2.868389863065652,-0.03932092540107988,0.1966199374682208,-2.109596633893152,-2.493548386679434,-3.965118070307642,2.294538454372053,2.6465917434465687,-2.0106481616401872,3.2653780933214476,-0.571778678329138,-3.4280155728475887,1.0425426248821046,3.702150933691302,7.411203230198574,0.8753673823441781,4.218841706594451,2.1918570700531244,4.890179131317673,0.026677763904383495,4.983451680887335,-1.8142728364435532,-6.899964462594123
2.8838451538485685,5.785577101656051,-5.730905486079454,2.6728637761452636,4.8758597294572406,12.979536236869722,23.380989022985815,-0.8365036932193828,-0.06945023647409172,0.14100986468274224,4.651566646812477,6.831165942724653,-9.36715199644879,-4.438287679091859,-10.041201944297676,15.473333727410665,-11.659792975846813,0.4325488032988551,-7.57006531498125,-4.068181846860554,0.725092973974108,2.378023538333712,8.593249189163394,-0.8735843683267883,-3.7803119747315077,1.9579675903018958,1.9446862444562323,11.235318626582924,-5.771841980633801,-11.79671521081033,-4.396719581384366,-8.095380851238938,-10.450844510037513,5.695469250330677,0.5352566780633421,1.3032712046925692,-4.7169958342339635,-6.857216136352736,-10.51894259568374,4.214013540682525,7.8996961115855955,-3.844115146084742,7.5864304790648385,-0.39894472758337435,-7.411602620885775,2.211302400283271,8.242604778582724,16.426896623216308,1.5026778551730762,10.4148521714287,5.778137235485726,11.52055437624964,-0.5368837407510691,12.108523082095077,-4.8157373311745895,-16.162174090441546
4.4394803049359215,11.273105643221854,-12.572046616829912,3.876450215905248,9.598708752202567,23.380989022985815,46.69828317586028,-4.46804668034328,1.5607586449135884,-0.45837154735090613,11.027857287925842,13.559020751864795,-18.39382615682985,-7.367026542675943,-18.7769435310013,31.866965123732438,-22.593793319833836,2.098361233186271,-14.213859799922185,-8.480343363662627,1.2831257210298241,4.9385983009215275,18.120974895565798,-2.8047236469016315,-7.740729358361993,4.505163214058991,3.942239057743222,22.18461459644686,-11.707940160201177,-24.332486582435106,-10.671211161192387,-16.068455617557778,-22.07531500032972,12.835699619518504,1.4507262083477352,2.3681505474929305,-8.850909369790127,-13.273884787611385,-20.044390971824697,6.967298312515459,16.10747126094564,-9.72693557611351,14.07601643607196,-1.615780291954919,-16.887002300263887,4.408429159951086,17.920852383933006,33.48529507019306,4.533944178178985,22.469224497421802,11.496832641620895,22.86980149838067,-1.6083977929486557,21.868506048936563,-9.539842389176519,-32.478868280291024
0.7827578252807046,-1.7420271816016248,1.6740086264132996,1.1291834807642693,-1.5044756462157276,-0.8365036932193828,-4.46804668034328,2.923326987346175,-1.0004306766188331,0.38323966716581065,-1.3182192688898098,-2.0273437748456615,1.6653871815978782,-0.22297498410594385,2.098033301691427,-4.099544850634287,2.0437721454775652,-0.3960524158842345,1.1483340039002603,1.578076339272376,0.49807361275574275,-0.3534670652232471,-2.2989322008573856,0.8145768309691738,0.4148337419452632,-0.25735999810327376,-0.6874214290035988,-1.807416153968381,1.4476977642069582,3.058040157719369,2.66501900518063,1.875001287177005,2.768734212802061,-2.422499310160339,0.12121725166682401,0.3285841285722239,0.9288329180829604,0.6842958240081547,1.1258222706460776,-1.0518261916423528,-0.7784628045383932,2.156715874409367,-1.2451730525377414,0.9825062138226811,2.785007004967557,-0.612956884093432,-2.6010762612798795,-4.364828137014397,-1.2590854248073462,-2.5593208026580023,-0.8278828484501349,-2.3782398380247365,-0.043818855797156775,-1.4276236312893509,0.6551533905147172,3.546944370399342
-0.25104891337395163,0.21041437953269243,-0.8088582859048659,-0.2976958939700034,0.21634009861263148,-0.06945023647409172,1.5607586449135884,-1.0004306766188331,0.6328017006381894,-0.26989704156637134,1.0085829146421137,0.3562666487033204,-0.504777528344087,0.24610333517578276,-0.11289438971355556,1.3446118432085132,-0.5005505093045217,0.5277922872649031,-0.14612701544118042,-0.35082283477373394,0.03757053255469849,0.24382337654187072,0.9274583593665389,-0.4498844876935661,-0.3614073250525856,0.39350020352287113,0.12714594827658363,0.6731615038049804,-0.4358827310956627,-1.0455824920158123,-0.9375700476558575,-0.4680222381467394,-1.1416857104083078,0.8809764284303969,0.2162537255095767,0.03515600037117465,-0.06849525491760783,-0.3300695234713935,-0.3682207220283897,-0.354349508871947,0.7338895042969219,-1.0024937712814157,0.07161488625473336,-0.2965090319218067,-1.2579311822121217,0.1283641335957676,1.0823406597305814,1.273779361008348,0.6618362842730411,1.353672278348821,0.3907491664931751,0.6938602249239282,-0.2761699262791504,-0.09583639983753968,-0.31178742499505513,-1.123755451945027
0.11457453795240251,-0.011216902088373363,0.29782998689509343,0.12531941812492223,-0.026751066544322223,0.14100986468274224,-0.45837154735090613,0.38323966716581065,-0.26989704156637134,0.11737516152952622,-0.4103483412483358,-0.06537699912078154,0.1294981564779343,-0.13860528624436436,-0.07325490675862155,-0.4166148035982881,0.10199863222491862,-0.23537952983602584,-0.013025161720285311,0.09405992533275148,-0.026946040240227617,-0.09109362731573448,-0.3156834733832012,0.18428440064638762,0.1346189697731287,-0.16653110843925323,-0.027433822585913877,-0.1933313919333594,0.125764158148209,0.32969622478044797,0.3374622898711912,0.11495082329787402,0.3924627184202052,-0.31051479816840566,-0.10308694984176513,-0.018784966464312602,-0.024756176300508644,0.09329510559847494,0.07436773494158194,0.22671256692974515,-0.27382528043890086,0.3871798471880902,0.05273711606053476,0.10867298498242747,0.4675040661168483,-0.02833920562275424,-0.3829897533978191,-0.3705915731922909,-0.2683355445580955,-0.49980707517013334,-0.12401076914106407,-0.18502805932883498,0.12894920594133613,0.1658826869640883,0.09754051652074637,0.3243880848367018
0.9458535286518303,1.9698866172368448,-3.463294971217722,0.9199698634925496,1.7362748466693527,4.651566646812477,11.027857287925842,-1.3182192688898098,1.0085829146421137,-0.4103483412483358,3.7050627937347804,2.60829134862698,-4.176832687508276,-1.3025681948302503,-3.264589805702137,7.4738367161911965,-4.905227506790824,1.2689476210556483,-2.83833747050595,-1.7096029370926475,0.6295437358866294,1.3962149481817765,4.576396885233514,-1.0536436004182763,-2.205558455437822,1.6319057922610931,0.7482457830005587,5.277140772004652,-2.6571118951511266,-5.787237508177847,-2.7267301863245956,-3.475267213954666,-5.627577933273646,3.2487679978807207,0.8161365441123496,0.7906607083136397,-1.6082118270199306,-3.249841250076099,-4.594201246647151,0.28743833684755943,4.601735870167277,-2.92711527100054,2.5954212671505736,-0.38654592030022844,-4.686704105657866,0.8952685365054249,4.668293680759595,7.567139083681047,1.6118992335287563,6.247247998088608,2.880962902646126,5.158685572304173,-0.9220352796304522,3.9265883546633216,-2.3816421516469344,-7.497217483045529
0.9204247392467301,3.9440190265423034,-3.51021385052948,0.5848964901449784,3.328751177534828,6.831165942724653,13.559020751864795,-2.0273437748456615,0.3562666487033204,-0.06537699912078154,2.60829134862698,4.570046990298965,-5.410498204243407,-2.0801788132378896,-6.291300651329236,9.660356695657384,-6.786860961326202,0.19470416436744745,-4.37568914433897,-2.92076903856672,-0.055293823146526984,1.2487343491817384,5.276611386836936,-0.7658638078581493,-1.8942096611391632,0.8905008139470495,1.3700056571655586,6.303939299027606,-3.5827427597261687,-7.300510906759187,-3.557675971118726,-4.986602278167839,-6.385237877849057,4.01950432555229,0.03219317757654323,0.3447986771208722,-2.90136839425061,-3.5732881369713874,-5.6238931943195345,3.010010044508599,3.903618635905052,-2.8692824701881516,4.505055456419487,-0.7621835246909671,-4.8855931658236535,1.4394027387294728,5.247176225574037,10.352370911112912,1.274944794961211,6.081984591036784,3.1370303866908054,6.859940135607743,-0.057016950723298106,6.885199894576416,-2.596928353845438,-9.695603841760288
-1.7906489861545893,-4.526089459890146,4.869066070195338,-1.5601906580039706,-3.8450104058817463,-9.36715199644879,-18.39382615682985,1.6653871815978782,-0.504777528344087,0.1294981564779343,-4.176832687508276,-5.410498204243407,7.272512981111876,2.9859112219306483,7.559796505403646,-12.537429567826207,8.96495402741689,-0.710687935422548,5.678390482088474,3.365154044298472,-0.4733845045459814,-1.912635024965531,-7.083888807527511,1.0348345304868343,3.001917559330099,-1.695853286766409,-1.5725707014558037,-8.740556309561683,4.62194410628865,9.562440228419115,4.137147368398433,6.367552400393693,8.620785998169273,-4.996388983285024,-0.5078574129754484,-0.9102933670122778,3.5536604987124716,5.223196917540559,7.932378587890055,-2.933788095094778,-6.24667901924096,3.7124499793256116,-5.654511120696422,0.6179048112394719,6.52299363931697,-1.7537577565539524,-6.976834710814248,-13.21181882161849,-1.6868372670195955,-8.704362398304275,-4.51011070534116,-9.038931680421276,0.5590383778982464,-8.809209533748756,3.744834812749125,12.808617471022904
-1.141524425342609,-1.7732229558934802,1.667563377397137,-1.1175677202859842,-1.4838250957665549,-4.438287679091859,-7.367026542675943,-0.22297498410594385,0.24610333517578276,-0.13860528624436436,-1.3025681948302503,-2.0801788132378896,2.9859112219306483,1.6149012206892275,3.2303883241489144,-4.687002582655311,3.740378710291891,-0.01920223591882904,2.4784329335343847,1.1715855685110064,-0.3080269204060252,-0.7478248964978321,-2.57183611366607,0.1341554454139551,1.2114229521285766,-0.5895357050583244,-0.5746975051303269,-3.5937934215485767,1.768914138086269,3.5782060316619737,1.0609965147680283,2.522153092123972,3.128604281188372,-1.5524474548012457,-0.1672110968777668,-0.48906842796659467,1.5218155924926418,2.25691269799569,3.474943849635492,-1.3985342576762216,-2.545648346450412,0.9197455194646136,-2.484501286436772,-0.02740673530822878,2.047434912077691,-0.6766610589620912,-2.3879760916982837,-4.998236972256675,-0.265750265488352,-3.1079053549473725,-1.8534412479436693,-3.6203240783933786,0.14892607876157415,-4.066597943359009,1.5512448362367803,5.029547770008915
-1.6115592040373208,-5.46658756396445,4.6141148824709814,-1.195222850890596,-4.59352532787424,-10.041201944297676,-18.7769435310013,2.098033301691427,-0.11289438971355556,-0.07325490675862155,-3.264589805702137,-6.291300651329236,7.559796505403646,3.2303883241489144,8.931719073052175,-13.12127245450185,9.53836291308396,-0.023624605896685472,6.245385892790933,3.9214384158083395,-0.001176863803701522,-1.7007241624935452,-7.087359691632482,0.8203185728031296,2.611516260207263,-1.133830325327964,-1.8637792040404382,-8.801737546317884,4.905470739754835,9.911865265431729,4.4514350747247,6.8994630885419825,8.568557904705735,-5.203124691640305,0.008859184570255526,-0.5611103907339443,4.118652776380217,5.069229815859557,8.026995971204569,-4.413969468631434,-5.400307404617065,3.4980610474622083,-6.450666582563112,0.8414257244662422,6.287023914622775,-1.981297543562003,-6.928180774214124,-14.12321223006068,-1.4149218090461255,-8.078368251111291,-4.372064218562272,-9.512266811702768,-0.0077240917790844296,-10.020271644716047,3.6300350139175572,13.357619352115941
2.517299439371908,8.086382366502907,-8.710185193781193,1.9897524197740994,6.88612116928944,15.473333727410665,31.866965123732438,-4.099544850634287,1.3446118432085132,-0.4166148035982881,7.4738367161911965,9.660356695657384,-12.537429567826207,-4.687002582655311,-13.12127245450185,22.215325746490954,-15.431556158010716,1.4030114779894138,-9.684162284344636,-6.164975196751478,0.5579659203440727,3.280539562787547,12.571752208250052,-2.0926822895873576,-5.0842528332727355,2.9133485602604194,2.8533965726203583,14.996742607415726,-8.152112590786855,-16.918186314493852,-7.970740571665124,-11.159736490991992,-15.28998756282861,9.246674178086911,0.8044943699319661,1.3366245842613762,-6.146549757028934,-8.7822697904613,-13.351726669363368,5.127412285953762,10.54074488407985,-7.079345187802647,9.673530525247038,-1.4648640256531205,-11.928617882854333,3.1143982617905586,12.553410800013305,23.406931621465908,3.3704000232064453,15.370979178158851,7.701176781038573,15.725525385531121,-0.9297819712148406,14.819214431906481,-6.3784328064096805,-22.38210421869902
-2.1953757189011944,-5.719682286992635,5.887209971601061,-1.8830817637067727,-4.847032682466085,-11.659792975846813,-22.593793319833836,2.0437721454775652,-0.5005505093045217,0.10199863222491862,-4.905227506790824,-6.786860961326202,8.96495402741689,3.740378710291891,9.53836291308396,-15.431556158010716,11.099754274229138,-0.7128034328758249,7.08018505000731,4.212364763357174,-0.49747557697054473,-2.3006375494323454,-8.648115090927039,1.2012207849746384,3.600130239002962,-1.9595847261320805,-1.9765785990376912,-10.720531352824942,5.704471286661237,11.752108648365013,5.072251161074438,7.896584273488005,10.515080279997663,-6.1180759736120995,-0.5191070618315844,-1.0591248821098902,4.46948570409525,6.381048982319984,9.757172127036315,-3.8973660700651953,-7.487170478906841,4.45311791273846,-7.094688682994095,0.7746504281242708,7.890942343527009,-2.188485903743064,-8.495115014054555,-16.32640505865208,-1.9777687515722402,-10.502112031653148,-5.499517335059645,-11.158062366833471,0.5682547287978995,-11.066659849965477,4.567054721651082,15.778604673135515
0.12216265942497444,0.022668760596293813,-0.9137557479353138,0.1714657014646571,0.06128693110498286,0.4325488032988551,2.098361233186271,-0.3960524158842345,0.5277922872649031,-0.23537952983602584,1.2689476210556483,0.19470416436744745,-0.710687935422548,-0.01920223591882904,-0.023624605896685472,1.4030114779894138,-0.7128034328758249,0.64077915284446,-0.2726990822689404,-0.1773336814430647,0.2873653576733074,0.3796856764797982,1.0295686554236696,-0.4021260377516157,-0.6128808001671574,0.601091654498004,0.05032447454603664,1.0238679143838019,-0.45548927035598236,-1.1264314762964227,-0.6335036248064881,-0.49814310347285273,-1.287317261032724,0.7331191967913246,0.3960128100869304,0.26433700571554214,-0.05768522681222261,-0.6719737594264897,-0.7977246008312447,-0.6387774724120725,1.2834810051871037,-0.8858789263748201,0.1232974823609387,-0.08110048745770307,-1.2538698131522632,0.09720155140929701,1.1183575622696396,1.2683719565587959,0.5844823689131546,1.6732283087432502,0.631549955477949,0.8580883329380251,-0.45248879445680584,0.11070135381454212,-0.5184150372762786,-1.3405777853942806
-1.4423241559313746,-3.727816301560878,3.5811477558359366,-1.2316580448462253,-3.145849590590824,-7.57006531498125,-14.213859799922185,1.1483340039002603,-0.14612701544118042,-0.013025161720285311,-2.83833747050595,-4.37568914433897,5.678390482088474,2.4784329335343847,6.245385892790933,-9.684162284344636,7.08018505000731,-0.2726990822689404,4.574263500802346,2.68969577372308,-0.26043425394044545,-1.4026740909450242,-5.3557372612913925,0.653500433535406,2.1925785193722134,-1.1145601892107757,-1.273167238491258,-6.745428809480675,3.5998698648896172,7.360378755364427,3.092289323869996,5.0269062865156355,6.503093210325857,-3.763917147118859,-0.2322107984774615,-0.6348637043268035,2.914902136789369,4.00949088065852,6.194882914777365,-2.7348163408432358,-4.559911163966917,2.6244736238306317,-4.62368024370835,0.45893757414150127,4.774940223660489,-1.4020327985362535,-5.219513437890233,-10.308776835722814,-1.1013115367104636,-6.388585334555577,-3.432629498097849,-7.066316188518029,0.2457564249016622,-7.252673635649132,2.8532300919141664,9.949567715011067
-0.42673637407462295,-2.517033558892416,2.2728600305639635,-0.18622829892173132,-2.1296788670706954,-4.068181846860554,-8.480343363662627,1.578076339272376,-0.35082283477373394,0.09405992533275148,-1.7096029370926475,-2.92076903856672,3.365154044298472,1.1715855685110064,3.9214384158083395,-6.164975196751478,4.212364763357174,-0.1773336814430647,2.68969577372308,1.906462406653819,0.09580945951237399,-0.7772011021499102,-3.379505759623946,0.5612178839228498,1.1613818287983757,-0.5600760532276055,-0.88624079761085,-3.9062550852984055,2.2746293946456575,4.654945746915693,2.430360240566741,3.145980139556336,4.0894226958538695,-2.666572422029257,-0.009171960056427066,-0.15944873250000072,1.8044872296699093,2.170240476661585,3.4170383544992005,-1.8712211208109994,-2.3833155294872594,1.967835105934694,-2.773971169082727,0.5757428815520116,3.2254192992283555,-0.9168326748517357,-3.4057666161383664,-6.599907258483065,-0.9197916294946216,-3.892577658372047,-1.9365550509275473,-4.3030840731629825,0.03486286094573887,-4.174258507779777,1.598729084611027,6.109202730945898
0.43117942113660096,-0.13484532464743373,-0.3906685644552221,0.5396547326191093,-0.09880366040601388,0.725092973974108,1.2831257210298241,0.49807361275574275,0.03757053255469849,-0.026946040240227617,0.6295437358866294,-0.055293823146526984,-0.4733845045459814,-0.3080269204060252,-0.001176863803701522,0.5579659203440727,-0.49747557697054473,0.2873653576733074,-0.26043425394044545,0.09580945951237399,0.33642212463949633,0.25061808936637336,0.4488909399104585,-0.06226517295032576,-0.445883003422688,0.3821462526771422,-0.04749907128893193,0.7157413021912095,-0.19212434979553802,-0.47510319681391894,0.10146502991604478,-0.22647963327311527,-0.5712711620240566,0.08752951702105143,0.2872324350706112,0.30687817913331916,-0.041153283393429545,-0.5720656331838463,-0.7254148941775455,-0.416152538004343,0.9565604380674443,-0.1468453172647477,0.15240046954193998,0.19004746531672737,-0.38315070557541814,0.013577348105194998,0.4006038630455338,0.45961526644429773,0.08253337760707481,0.8452372462408123,0.4543411946665659,0.48477316612531746,-0.29977399253822656,0.33887765375815027,-0.3837027964691815,-0.7035806907777039
0.5329030103531095,0.9893391140912086,-1.407624538368294,0.5177453129839453,0.8536838706985319,2.378023538333712,4.9385983009215275,-0.3534670652232471,0.24382337654187072,-0.09109362731573448,1.3962149481817765,1.2487343491817384,-1.912635024965531,-0.7478248964978321,-1.7007241624935452,3.280539562787547,-2.3006375494323454,0.3796856764797982,-1.4026740909450242,-0.7772011021499102,0.25061808936637336,0.5858127373383942,1.93867985286463,-0.3467472272609074,-0.9257002035385428,0.6163291885816358,0.35339011710237717,2.3757727116858547,-1.186851026324892,-2.529270871008772,-1.0557446148424974,-1.604318728219892,-2.379507479476688,1.3226206304322825,0.2793176017645373,0.3444995607846057,-0.8235018844257068,-1.4744958031358486,-2.146796007518936,0.403254453671333,1.9351606713368161,-1.0818796628021816,1.3287893440052478,-0.11133595352913381,-1.8604087772286748,0.41902926144823144,1.9271860168274688,3.3836651264234536,0.5452340654639258,2.5580706094238126,1.2731421754822878,2.3508697616949066,-0.30610926875987515,2.0813278570310167,-1.0559216843109382,-3.3639192689700814
1.4544700995240596,4.354415120384234,-5.083585027154695,1.201349251190239,3.7257682274356414,8.593249189163394,18.120974895565798,-2.2989322008573856,0.9274583593665389,-0.3156834733832012,4.576396885233514,5.276611386836936,-7.083888807527511,-2.57183611366607,-7.087359691632482,12.571752208250052,-8.648115090927039,1.0295686554236696,-5.3557372612913925,-3.379505759623946,0.4488909399104585,1.93867985286463,7.218753501590698,-1.2847895857327378,-3.02342807019098,1.8399831934194777,1.5523784662836364,8.555311918766733,-4.591061344406463,-9.601019256855253,-4.52334853861029,-6.2312325629921625,-8.793884712267854,5.269473398368008,0.6145530909123171,0.8544398790141337,-3.341209541973492,-5.053330947861858,-7.583746357839814,2.480018289877744,6.276757815618045,-4.1651435823959035,5.28371166241313,-0.7983549055995066,-6.944743662683025,1.7180450058896388,7.235375564828984,13.150688240828915,2.0431781767832153,9.012834420348625,4.442273753481772,8.858692978849115,-0.7049761867626475,8.075814319656173,-3.678788096574189,-12.65486689513058
-0.010114981048418535,-0.5854857696963939,0.9965089240030451,0.04502303368297739,-0.5206768295340977,-0.8735843683267883,-2.8047236469016315,0.8145768309691738,-0.4498844876935661,0.18428440064638762,-1.0536436004182763,-0.7658638078581493,1.0348345304868343,0.1341554454139551,0.8203185728031296,-2.0926822895873576,1.2012207849746384,-0.4021260377516157,0.653500433535406,0.5612178839228498,-0.06226517295032576,-0.3467472272609074,-1.2847895857327378,0.3919789903729235,0.5213229634739281,-0.41468270002012464,-0.23766351165990013,-1.2852654082495965,0.7297183513552291,1.6097430185534394,1.010624211954354,0.9289182313849664,1.5764755739345555,-1.0611964926462623,-0.1860903069556357,-0.11141826251278056,0.39753321280680076,0.724775255536345,1.0136435579826772,-0.06804861123309064,-1.0728639654745666,1.007916288052991,-0.5992879822131089,0.25227767971865445,1.4491975165192401,-0.25485996097866176,-1.3761366948678422,-2.1218970505803587,-0.5948088705589901,-1.7179933509402425,-0.6915689628913041,-1.3338064379745247,0.2282701061376042,-0.8050259423149532,0.5649636282382657,1.9786357559068153
-0.9029115419572347,-1.4889062872980827,2.193151207264801,-0.9010893061110523,-1.2870379842535549,-3.7803119747315077,-7.740729358361993,0.4148337419452632,-0.3614073250525856,0.1346189697731287,-2.205558455437822,-1.8942096611391632,3.001917559330099,1.2114229521285766,2.611516260207263,-5.0842528332727355,3.600130239002962,-0.6128808001671574,2.1925785193722134,1.1613818287983757,-0.445883003422688,-0.9257002035385428,-3.02342807019098,0.5213229634739281,1.484554045776085,-0.9949823453724682,-0.5302979871275534,-3.74669432543925,1.8451881587014467,3.9248851836037617,1.5680721224583338,2.482539698359802,3.7069495487569046,-2.006208794832273,-0.4665713981314097,-0.5752684878779558,1.2669485288677573,2.3432438152713395,3.4035916031033246,-0.5673460014420637,-3.108320744206911,1.6453208338019218,-2.072157630481855,0.12891222412057252,2.867393019243548,-0.6423835939808838,-2.988100614579289,-5.220090890948853,-0.8169079199414696,-4.016559083754703,-2.015795553511557,-3.665207308732006,0.5088976961240076,-3.2630961807608636,1.6750704983561526,5.242501526426134
0.5257925670771637,0.6246131052389556,-1.4230716345191399,0.5674079260226375,0.5615203426780143,1.9579675903018958,4.505163214058991,-0.25735999810327376,0.39350020352287113,-0.16653110843925323,1.6319057922610931,0.8905008139470495,-1.695853286766409,-0.5895357050583244,-1.133830325327964,2.9133485602604194,-1.9595847261320805,0.601091654498004,-1.1145601892107757,-0.5600760532276055,0.3821462526771422,0.6163291885816358,1.8399831934194777,-0.41468270002012464,-0.9949823453724682,0.7673435859159481,0.24104118383271256,2.2016678543366783,-1.0300629530545131,-2.27739122687221,-0.9339092681965098,-1.3323838989561048,-2.273169128328932,1.2048639052356538,0.4316836771288112,0.4249125734859271,-0.5794474513689266,-1.41719587714549,-1.9578354106766211,-0.11902076344125531,2.0878765568902113,-1.1271698898554878,0.9734890800626551,-0.05373075563788776,-1.862195271623671,0.32149906546740453,1.8554708118715932,2.8960533978989687,0.6274057878692981,2.6302957263696345,1.2343385401329052,2.049746102454406,-0.47677274794994295,1.517797201488396,-1.0236258743215219,-2.9832388417681677
0.21970942068725816,1.1871355359883924,-1.0306053798701804,0.10813764725891314,1.0020610700196715,1.9446862444562323,3.942239057743222,-0.6874214290035988,0.12714594827658363,-0.027433822585913877,0.7482457830005587,1.3700056571655586,-1.5725707014558037,-0.5746975051303269,-1.8637792040404382,2.8533965726203583,-1.9765785990376912,0.05032447454603664,-1.273167238491258,-0.88624079761085,-0.04749907128893193,0.35339011710237717,1.5523784662836364,-0.23766351165990013,-0.5302979871275534,0.24104118383271256,0.41461028044333287,1.8193109646752113,-1.0576844322756447,-2.152074983072399,-1.0985266021437197,-1.4696838080667585,-1.8759120342129754,1.2136189836682658,-0.010421975413325702,0.07267606861624287,-0.855838943018434,-1.0122073209027325,-1.6048689140105654,0.9167948487026939,1.0886975822484004,-0.8730166365243482,1.3198172156915702,-0.25585316172927663,-1.455383992631912,0.4292371953714443,1.5542756547221463,3.0640045837081504,0.3941236420133965,1.767490990270094,0.8976511475352691,2.006886247882546,0.0018214890443991655,1.9978885971424785,-0.7420282775441336,-2.8404390419324255
2.263067532705236,5.220366722108253,-5.942608162012856,2.0420958905856237,4.446350221016402,11.235318626582924,22.18461459644686,-1.807416153968381,0.6731615038049804,-0.1933313919333594,5.277140772004652,6.303939299027606,-8.740556309561683,-3.5937934215485767,-8.801737546317884,14.996742607415726,-10.720531352824942,1.0238679143838019,-6.745428809480675,-3.9062550852984055,0.7157413021912095,2.3757727116858547,8.555311918766733,-1.2852654082495965,-3.74669432543925,2.2016678543366783,1.8193109646752113,10.584436185495154,-5.512998413948457,-11.465453624400569,-4.8650842686687215,-7.566595902154543,-10.428136875119106,5.952303647940469,0.7552323541297622,1.2133908012904775,-4.160567886978006,-6.390260261368501,-9.617715138276855,3.167715373362336,7.808468014024022,-4.5001796992368925,6.653259970586193,-0.6583040865980735,-7.912930497864239,2.0593818300157287,8.426052898044087,15.72896170146106,2.0786653164724846,10.683166948031271,5.508876060509801,10.822853108477574,-0.8268858148899701,10.394724040777401,-4.575190606722879,-15.359651246470694
-0.9510773892229316,-3.013178098189892,3.154828258434541,-0.754109663456758,-2.5614950195407085,-5.771841980633801,-11.707940160201177,1.4476977642069582,-0.4358827310956627,0.125764158148209,-2.6571118951511266,-3.5827427597261687,4.62194410628865,1.768914138086269,4.905470739754835,-8.152112590786855,5.704471286661237,-0.45548927035598236,3.5998698648896172,2.2746293946456575,-0.19212434979553802,-1.186851026324892,-4.591061344406463,0.7297183513552291,1.8451881587014467,-1.0300629530545131,-1.0576844322756447,-5.512998413948457,3.001361682700801,6.202330402741893,2.8889632369154556,4.11840221432358,5.577077706668387,-3.3609877264401162,-0.26286724872733885,-0.48006006757270125,2.2921878583120368,3.2243905882299337,4.926762044234824,-1.9817297637343685,-3.825580684655739,2.534918755726588,-3.6137327237628765,0.5263374503220277,4.310691991566637,-1.1530033945818225,-4.567652747703018,-8.606129944847037,-1.1819096117595553,-5.569913526216497,-2.8205318413148617,-5.792821811636587,0.3034565890578375,-5.549390744586881,2.337878672502561,8.230123843854082
-1.9591691546949987,-6.093045533657857,6.6736755810260355,-1.5758964267343973,-5.192534484793889,-11.79671521081033,-24.332486582435106,3.058040157719369,-1.0455824920158123,0.32969622478044797,-5.787237508177847,-7.300510906759187,9.562440228419115,3.5782060316619737,9.911865265431729,-16.918186314493852,11.752108648365013,-1.1264314762964227,7.360378755364427,4.654945746915693,-0.47510319681391894,-2.529270871008772,-9.601019256855253,1.6097430185534394,3.9248851836037617,-2.27739122687221,-2.152074983072399,-11.465453624400569,6.202330402741893,12.893695361304694,6.040700770179634,8.482703320832202,11.68364371837087,-7.0338682749125985,-0.6630280223625712,-1.0611506859373208,4.651383097949599,6.738232671543743,10.21385166189384,-3.7894328182536166,-8.14166559123865,5.41067344071024,-7.329559821982184,1.0873197487255302,9.121756166128039,-2.358701531083836,-9.586753101229077,-17.80189986552078,-2.587739464213499,-11.79808492923948,-5.904305221623022,-11.980623852644104,0.7616760744282629,-11.239065313945682,4.890435055752489,17.05933770484324
-0.21972100784659593,-2.9886744306197617,3.1970499471447984,0.09688611137886549,-2.560821918345817,-4.396719581384366,-10.671211161192387,2.66501900518063,-0.9375700476558575,0.3374622898711912,-2.7267301863245956,-3.557675971118726,4.137147368398433,1.0609965147680283,4.4514350747247,-7.970740571665124,5.072251161074438,-0.6335036248064881,3.092289323869996,2.430360240566741,0.10146502991604478,-1.0557446148424974,-4.52334853861029,1.010624211954354,1.5680721224583338,-0.9339092681965098,-1.0985266021437197,-4.8650842686687215,2.8889632369154556,6.040700770179634,3.5236914120992098,3.8823667517618285,5.48889175386863,-3.721842508753614,-0.1756556485091864,-0.18319797296688378,2.059869396606737,2.6511928033468535,4.055833814513379,-1.8017771731134773,-3.2077515794115388,3.0468895614290203,-3.1288159912066615,0.9129306707500219,4.646904400760215,-1.1284977369092957,-4.691778776772234,-8.400686105955668,-1.5922744034502065,-5.433210515518504,-2.4538011376687274,-5.3427613870325805,0.255259116766066,-4.522550822775998,2.0154737290718527,7.704768221047105
-1.3561521517700532,-4.221261443851307,4.242575959454313,-1.0769186156148556,-3.5781562087629335,-8.095380851238938,-16.068455617557778,1.875001287177005,-0.4680222381467394,0.11495082329787402,-3.475267213954666,-4.986602278167839,6.367552400393693,2.522153092123972,6.8994630885419825,-11.159736490991992,7.896584273488005,-0.49814310347285273,5.0269062865156355,3.145980139556336,-0.22647963327311527,-1.604318728219892,-6.2312325629921625,0.9289182313849664,2.482539698359802,-1.3323838989561048,-1.4696838080667585,-7.566595902154543,4.11840221432358,8.482703320832202,3.8823667517618285,5.692620508871259,7.569774492278953,-4.548491304006039,-0.29844576735659534,-0.6447444995224247,3.219842300468084,4.430865291203064,6.809207523278771,-2.912392232598097,-5.14741869249561,3.3465013212017602,-5.066098023240467,0.6945581030972924,5.778555915683659,-1.5973939976264662,-6.171547544587255,-11.83313707044605,-1.5225608376362383,-7.4891748527416215,-3.8549123052834284,-7.981920649212443,0.3401780903637946,-7.821353822310048,3.1959434542241394,11.307373483787899
-1.7888139003022774,-5.257730334074668,6.210097000118212,-1.4904972616665004,-4.5009338525942235,-10.450844510037513,-22.07531500032972,2.768734212802061,-1.1416857104083078,0.3924627184202052,-5.627577933273646,-6.385237877849057,8.620785998169273,3.128604281188372,8.568557904705735,-15.28998756282861,10.515080279997663,-1.287317261032724,6.503093210325857,4.0894226958538695,-0.5712711620240566,-2.379507479476688,-8.793884712267854,1.5764755739345555,3.7069495487569046,-2.273169128328932,-1.8759120342129754,-10.428136875119106,5.577077706668387,11.68364371837087,5.48889175386863,7.569774492278953,10.720349181553283,-6.410601360025944,-0.7783987400445982,-1.065514312253712,4.04642726440658,6.176067119239069,9.248042586193678,-2.9444804424244744,-7.698166298267882,5.082701786005257,-6.397745478054968,0.955989688376865,8.475521114399996,-2.081196173333493,-8.816970111844983,-15.984352573978642,-2.5050979247549123,-11.019255326138621,-5.425659274480137,-10.776418311495501,0.8898602860298578,-9.786727744391914,4.492391131610475,15.398863888843913
0.6445983395015932,3.351430744089881,-3.719086269793256,0.36127714511460224,2.868389863065652,5.695469250330677,12.835699619518504,-2.422499310160339,0.8809764284303969,-0.31051479816840566,3.2487679978807207,4.01950432555229,-4.996388983285024,-1.5524474548012457,-5.203124691640305,9.246674178086911,-6.1180759736120995,0.7331191967913246,-3.763917147118859,-2.666572422029257,0.08752951702105143,1.3226206304322825,5.269473398368008,-1.0611964926462623,-2.006208794832273,1.2048639052356538,1.2136189836682658,5.952303647940469,-3.3609877264401162,-7.0338682749125985,-3.721842508753614,-4.548491304006039,-6.410601360025944,4.108169504194347,0.31725677025323046,0.4109752651055764,-2.4311792061566417,-3.3846352322923114,-5.126557625981853,1.9803000476216666,4.135953700595652,-3.3024217154768123,3.7578878487831866,-0.832610801053649,-5.2504865510576675,1.2887557112681294,5.377798031342548,9.721094304434661,1.6811388450535303,6.447942884906298,3.0466324720322304,6.354925978224287,-0.3952742556990923,5.593355823875887,-2.5119796545283717,-9.11864415691375
0.2752944577596764,-0.07463994982476424,-0.5490978557011398,0.3525982814099649,-0.03932092540107988,0.5352566780633421,1.4507262083477352,0.12121725166682401,0.2162537255095767,-0.10308694984176513,0.8161365441123496,0.03219317757654323,-0.5078574129754484,-0.1672110968777668,0.008859184570255526,0.8044943699319661,-0.5191070618315844,0.3960128100869304,-0.2322107984774615,-0.009171960056427066,0.2872324350706112,0.2793176017645373,0.6145530909123171,-0.1860903069556357,-0.4665713981314097,0.4316836771288112,-0.010421975413325702,0.7552323541297622,-0.26286724872733885,-0.6630280223625712,-0.1756556485091864,-0.29844576735659534,-0.7783987400445982,0.31725677025323046,0.30604754639277,0.2669513639806314,-0.03760011415091666,-0.5562472560004154,-0.6793204758422104,-0.47647997656340607,0.9895977410277151,-0.40811825973018817,0.11248806134502576,0.0746094434725149,-0.6715067645910668,0.039518953531162616,0.6241194086775647,0.7034457131052818,0.2671360376050546,1.0744202632053255,0.47641003229081497,0.5683709953992703,-0.33335790441439894,0.20360396522540483,-0.3959580871087099,-0.8609187373311313
0.500563689727414,0.2188612490432956,-0.652937247377726,0.5738549397921126,0.1966199374682208,1.3032712046925692,2.3681505474929305,0.3285841285722239,0.03515600037117465,-0.018784966464312602,0.7906607083136397,0.3447986771208722,-0.9102933670122778,-0.48906842796659467,-0.5611103907339443,1.3366245842613762,-1.0591248821098902,0.26433700571554214,-0.6348637043268035,-0.15944873250000072,0.30687817913331916,0.3444995607846057,0.8544398790141337,-0.11141826251278056,-0.5752684878779558,0.4249125734859271,0.07267606861624287,1.2133908012904775,-0.48006006757270125,-1.0611506859373208,-0.18319797296688378,-0.6447444995224247,-1.065514312253712,0.4109752651055764,0.2669513639806314,0.3233026994805855,-0.29956106311656433,-0.8531116961937665,-1.1788054620413122,-0.10965751449496816,1.2216771237411383,-0.3548643373726837,0.5408066448461907,0.12543216309065042,-0.7519386991386053,0.13582138919719733,0.802071618936324,1.3163959362067368,0.17072731248728845,1.2899375471085148,0.6963608824679167,1.0470491640335204,-0.2772325478731662,0.9418897607527947,-0.5828817364194763,-1.4898433160016653
