V1,V2,V3,V4,V5,V6,V7,V8,V9,V10,V11,V12,V13,V14,V15,V16,V17,V18,V19,V20,V21,V22,V23,V24,V25,V26,V27,V28,V29,V30,V31,V32,V33,V34,V35,V36,V37,V38,V39,V40,V41,V42,V43,V44,V45,V46,V47,V48,V49,V50,V51,V52,V53,V54,V55,V56
8.01071966647807,-5.070143131871094,0.5066902824474531,4.8006389547613075,-7.123315519032354,7.126959168359751,-15.743418777129982,-8.868185321192799,1.6310376053760514,6.014096612507053,9.884406901825198,3.9429937657873806,-4.294912806297393,3.9000936426513446,-9.221346789454449,5.506790221712564,8.771639592774298,-1.3894000612116197,-5.254764937856435,-4.240912829902704,-3.4250404723327557,1.2860239556188626,6.047429887712356,2.629329276629794,13.87758289384862,4.716196979314313,3.1028269377155695,6.832633599244391,-4.531988417678578,-8.1316815268459,4.852088403466924,-0.8358496458247561,5.172552985310864,2.6831766116285944,5.737237454909103,6.120829463522744,8.185372261114283,0.053791240633585834,1.8473009925604078,1.791702292607454,8.449297551935054,-6.844305841594981,-2.871251860215867,1.4672310902403658,-6.703021634232246,6.304296981240547,-9.837903971541042,0.21119060627175074,1.3072332702624538,-3.869976141011495,-6.881320715069644,-4.228426035171292,7.144929628867526,-2.868330799704422,-2.384120375350375,2.304611324726245
-5.070143131871094,4.662825759273876,-1.3652217432405565,-2.229389061180518,4.794391291021461,-2.1759026095622658,9.487728409160399,5.468192548081062,-0.024309840934435972,-4.921355366298515,-6.156520524495488,-2.9674217109818475,3.9849802182687104,-3.217670955815495,5.785292384718426,-2.755173437453157,-5.188248258409761,1.852861571258594,4.202274269557848,3.006072671082152,2.0064302744288165,-0.670815361890658,-4.502706777152815,-0.8090286663848874,-8.986271032974294,-2.337999234432818,-1.5697173074804944,-3.722162954835673,4.12640190586356,5.518920792060882,-2.9473686507829986,-0.3480987183291973,-2.409293946252021,-0.8271938369804283,-3.0188831081295135,-4.586206868578131,-5.85849657778677,-1.7674606409804523,0.6078235860476912,-0.6074946411508217,-5.713734137781597,5.015455832577326,2.0624944907019764,-1.2046673649594304,3.837723803940514,-5.091137132445134,5.810902821837926,0.6377628416260809,-0.2527001095048268,2.139465706733589,3.448207166906134,2.17779636564542,-4.8656477517832375,2.0895760945855266,2.1955637122059724,-0.6981290752756469
0.5066902824474531,-1.3652217432405565,0.782505479619692,-0.2776123893408037,-0.6559725334307097,-1.2267466947944066,-0.6533797922461536,-0.45699485185738026,-0.621051662902407,1.1814280258677081,0.5537048282099974,0.5883886699696701,-1.1816999648250066,0.7849785341901494,-0.5465646488214442,-0.17629822901297945,0.29366031461106656,-0.7872951089212527,-0.9620559409318922,-0.49952888520354427,-0.10071779620123776,-0.021494292158043292,0.8675943112587899,-0.4480690622178743,1.0235362372082635,-0.1665224746199663,-0.08690530850973578,-5.901850973521642e-4,-1.1904963371382744,-0.7817673196041152,0.2180895384178629,0.57731462474394,-0.2939536323719936,-0.4560981242874087,-0.07704733356662212,0.8988518141429058,1.004721866934892,1.2488006945382768,-1.1598801315441107,-0.26495061604261794,0.7973938283086799,-0.9240262004211774,-0.35779477604678184,0.2911209142939268,-0.13317664772984134,1.1898028634051474,-0.32359549953893835,-0.5408871100440877,-0.33019852760519547,-0.02211604047360852,0.21647787389330808,0.09067043310915154,0.6987063486752515,-0.3783954862570527,-0.6441022349354814,-0.4006261883739645
4.8006389547613075,-2.229389061180518,-0.2776123893408037,3.327122295747913,-4.109738017192109,5.570345267387704,-9.699881850956785,-5.394997586190928,1.538379847445161,2.983679693428397,5.978875376655561,2.1003842615445247,-1.868977514222264,1.9203063800546054,-5.554565204606609,3.7064253573390857,5.458919529052981,-0.29091018925214784,-2.6613423077350045,-2.3623412633584397,-2.1423334217069607,0.8503362060995561,3.248366010459412,2.0515579425569723,8.203618744711154,3.186337457312365,2.0787747158231213,4.429833697470196,-2.015852830749253,-4.665995910903211,2.9765333052988936,-0.9890089086434481,3.580879167367009,2.092684265306477,3.7789428809267283,3.2717383264412976,4.528114223623782,-0.9323775183236435,2.0959217571696214,1.3667183670798368,4.859792766867984,-3.7212461930668184,-1.584213107533935,0.7256733500796101,-4.242202404394186,3.165320608928333,-6.126958362493933,0.5558478810260055,1.1031899280302548,-2.4916512368444703,-4.6286100951478995,-2.811380651675607,4.0906505993563504,-1.5663633809452038,-1.0466643028181444,1.804307219486513
-7.123315519032354,4.794391291021461,-0.6559725334307097,-4.109738017192109,6.390439939393705,-5.878286574730999,13.905684181040497,7.857345963235679,-1.2521262012574321,-5.567126458140166,-8.769870722132406,-3.5989869221235242,4.068227409241516,-3.6153916629284697,8.189787622843014,-4.753169633083993,-7.728459480399065,1.4269269763358017,4.845011974854426,3.8344231975574767,3.0138950084561946,-1.1154137808370486,-5.510288797422055,-2.1698947677910883,-12.380161013778988,-4.066519287634866,-2.6815983617320853,-5.9572797752322115,4.2773436894101104,7.304076347545212,-4.290278803086262,0.5707654314337759,-4.4295406973355105,-2.2146470958204447,-4.981265412864381,-5.5828422793830415,-7.411916057539623,-0.38871778568384696,-1.2932024636491612,-1.4896818842948905,-7.585286141639293,6.220539195973435,2.601407230989581,-1.3589778646797515,5.880883937778602,-5.82244739234944,8.666339749877338,-0.03608975951916828,-1.049409115518822,3.3803242676629717,5.940638666026831,3.661988857259013,-6.420982411506461,2.6044990903885608,2.2550393844458423,-1.8997558027554853
7.126959168359751,-2.1759026095622658,-1.2267466947944066,5.570345267387704,-5.878286574730999,10.09059180091091,-14.7719904139425,-8.1221510456924,3.069981576055785,3.5600268081502615,8.9537628731979,2.7502342875825554,-1.7868243979131029,2.266552959030545,-8.28606399958,6.071961651852707,8.387716854056787,0.3273198619615444,-3.267479370844991,-3.2560421905140546,-3.3063076153649797,1.3740248528868664,4.295925800373562,3.712609865942016,12.020756146129832,5.2349543764694815,3.393488258917011,7.046225560450146,-2.011602360466622,-6.636783802188038,4.515322741354783,-2.1523212419498226,5.9903422540332985,3.7860779589544573,6.087707211767378,4.301734099320283,6.193759694751748,-2.7360521304906813,4.497437331867168,2.4396249698183152,6.929336559394533,-4.991413285116915,-2.160655627311948,0.8620552339865517,-6.613570316990721,3.8405221892020576,-9.420191583103904,1.426827201684096,2.085957065238721,-3.9407693162101296,-7.579011141119814,-4.562473272668744,5.805046906315335,-2.111593844899078,-1.0183909317903315,3.2717520629437136
-15.743418777129982,9.487728409160399,-0.6533797922461536,-9.699881850956785,13.905684181040497,-14.7719904139425,31.096681565181452,17.476012244079662,-3.5359115080098515,-11.453977856872271,-19.458388257194954,-7.594469408214899,8.025536306851842,-7.419220644092574,18.13940210088864,-11.0618290699142,-17.3580109151935,2.4114537440944295,10.0398477497624,8.229110527295823,6.78410335945869,-2.5743372810341194,-11.66364441051724,-5.447731062741042,-27.207023629854834,-9.480803858057746,-6.227167924232811,-13.625593680108997,8.494288059505454,15.859124221956813,-9.576302966620734,1.9302279763244743,-10.448991882686942,-5.558774445648441,-11.47609055316638,-11.795752444017962,-15.864462926649086,0.46253016423113497,-4.2130286940015225,-3.6938211704188637,-16.485369530751246,13.226989327251765,5.562465441285725,-2.7930533020011397,13.306092791676495,-12.028860853074585,19.470647702465303,-0.6679406066208742,-2.7574863646493983,7.707237819443076,13.821187712783125,8.473503929052397,-13.929287638399034,5.547240751693879,4.460414824030179,-4.778546392202678
-8.868185321192799,5.468192548081062,-0.45699485185738026,-5.394997586190928,7.857345963235679,-8.1221510456924,17.476012244079662,9.831827564183786,-1.9059210594899416,-6.546909148653196,-10.952333590067765,-4.318104139546379,4.628607017961828,-4.243010300969121,10.213480274976265,-6.168889710773008,-9.746722129444265,1.4412586724427265,5.730028292465968,4.662828420790936,3.8077101611975,-1.4379217353670661,-6.6275655885617875,-2.995857970574258,-15.342850140233802,-5.285392283826283,-3.474168484089568,-7.6239311535637455,4.891917606605923,8.965058847176651,-5.383754545668109,1.0125935539017505,-5.812242169646582,-3.0570526948886383,-6.412277235837035,-6.705135863851465,-8.994089786086816,0.1129273463916883,-2.2218505301581795,-2.0358738913427485,-9.317290505402845,7.508904124642057,3.1541901210298575,-1.59681823025048,7.460784724333692,-6.869554796045557,10.932313663763072,-0.3105543276773047,-1.5043398017659062,4.315054705723774,7.708154748830828,4.730632877489228,-7.875544688460659,3.1480778530894455,2.5709981507866178,-2.626967358839393
1.6310376053760514,-0.024309840934435972,-0.621051662902407,1.538379847445161,-1.2521262012574321,3.069981576055785,-3.5359115080098515,-1.9059210594899416,1.0309859443674427,0.45149164211053394,2.081532329687119,0.47568488326635644,0.003747375424638893,0.27461528193049245,-1.912946083473126,1.6274887852153923,2.0379941751137447,0.39206745971600665,-0.46223877734268204,-0.6402810859348149,-0.8092299352199066,0.36108495493471904,0.7631739016418835,1.1282463289835893,2.6849097598476646,1.408826818683172,0.9050201103776347,1.8088045459449238,-0.05050512448084167,-1.3975906460192726,1.0736257660409838,-0.778334154004121,1.652575605778903,1.150245184612886,1.592695270339245,0.7524342623307526,1.1966406540043426,-1.1909014566012959,1.6082080303252018,0.7298551587925157,1.4665665896018956,-0.9196058354766334,-0.4145830739567376,0.10735604871240388,-1.645413391819137,0.520210243204854,-2.2912891697744793,0.577866250672001,0.6646085124052235,-1.0028342488744943,-2.0300287476220484,-1.2065398515070058,1.2166066518612622,-0.3939296087174814,-0.009368370693488143,0.9965266782412181
6.014096612507053,-4.921355366298515,1.1814280258677081,2.983679693428397,-5.567126458140166,3.5600268081502615,-11.453977856872271,-6.546909148653196,0.45149164211053394,5.37012534073039,7.344461611412551,3.3220581233905437,-4.195796569663232,3.5025843189145323,-6.883809588537623,3.574293455035713,6.30660394677747,-1.789645039312962,-4.617163038803591,-3.430761278802808,-2.447637217053339,0.8557231976161159,5.057918159844372,1.3182059982784171,10.574259928997009,3.044561247765201,2.027220940658513,4.667714084561744,-4.367165778651595,-6.390356391671938,3.5479376969901053,0.04513005490111808,3.2203446561252576,1.3464266634786322,3.837683815200344,5.141431692473129,6.6650188501937855,1.3697054918605285,0.024113676491983784,0.9413620072071689,6.624044609522789,-5.662612127132599,-2.3436659450245907,1.3132128298365007,-4.721938626360663,5.577341683685351,-7.067073247504834,-0.43304126809741134,0.5407075552515609,-2.66773761950449,-4.470543566076215,-2.7922589713516297,5.627507632376964,-2.363659070638854,-2.3164378476151852,1.1469848577456263
9.884406901825198,-6.156520524495488,0.5537048282099974,5.978875376655561,-8.769870722132406,8.9537628731979,-19.458388257194954,-10.952333590067765,2.081532329687119,7.344461611412551,12.203156885235037,4.832953327609824,-5.212778918526386,4.761030532582224,-11.381693196795553,6.844796473656972,10.848185798860735,-1.6477412955713766,-6.423848723322993,-5.210816273072376,-4.237193133550668,1.596619456620133,7.415692539883186,3.3028570981137477,17.109627777016982,5.863589782347486,3.85554854520328,8.47200071067603,-5.5058965284271135,-10.008182675672652,5.9954412367365935,-1.0913929091577863,6.441577303187109,3.3703886493227495,7.12107743036819,7.503724387700991,10.053513305266186,-0.052281275101507776,2.4010188080084163,2.2468170940920564,10.400513519483296,-8.398381442618343,-3.5260447333930007,1.7915183608917233,-8.298547250446216,7.703490026356371,-12.167420249620168,0.3133927532928134,1.6523288949160109,-4.796368135195309,-8.552937515439126,-5.251564285832172,8.792599146945733,-3.5204601259684822,-2.8947611728215517,2.895711533503002
3.9429937657873806,-2.9674217109818475,0.5883886699696701,2.1003842615445247,-3.5989869221235242,2.7502342875825554,-7.594469408214899,-4.318104139546379,0.47568488326635644,3.3220581233905437,4.832953327609824,2.0939235830584755,-2.5250928036944473,2.162834717702645,-4.522304622000799,2.473551164539227,4.199561597061491,-0.9998147179125725,-2.8709066015355584,-2.191912983539217,-1.6334924624607579,0.5865472993228539,3.1957512398616084,1.0166740618141346,6.8965901367964735,2.1114136561116217,1.399349169268038,3.167638620238668,-2.638984736741879,-4.1233318156955034,2.348151672455119,-0.12675769910871681,2.265438236777591,1.0380132131116455,2.625229053773486,3.2439017689900536,4.248935836688353,0.5890349705494095,0.3325600818073457,0.7110301926662969,4.277651015993544,-3.5907083029682,-1.4928561268542082,0.8117740162804754,-3.167968632766947,3.460390595184956,-4.707450001472211,-0.1464066738411958,0.45693624908255764,-1.8042787704626202,-3.0926935826987396,-1.9195249770958633,3.628311423208529,-1.500807336567161,-1.3963286288954366,0.8875511257362115
-4.294912806297393,3.9849802182687104,-1.1816999648250066,-1.868977514222264,4.068227409241516,-1.7868243979131029,8.025536306851842,4.628607017961828,0.003747375424638893,-4.195796569663232,-5.212778918526386,-2.5250928036944473,3.4062580062707966,-2.743777058401109,4.899481532736795,-2.316272806989007,-4.386182227250219,1.5930636289974995,3.5809050747268354,2.5542141853233624,1.695748943182029,-0.5647907187061656,-3.8305413084299875,-0.6646786874093589,-7.617159325023495,-1.9648942004493077,-1.3201889941088394,-3.138495453646202,3.525847817347121,4.684059802778737,-2.493727917523564,-0.31605387705087795,-2.020034910054437,-0.6796820587976344,-2.5425068150362145,-3.902168639005374,-4.9790932315914045,-1.5390706014969089,0.5577961429580547,-0.5018944999799001,-4.848935972488833,4.265093088903733,1.7530582214564283,-1.027137651124429,3.2411582299826818,-4.339283082876038,4.9123716424427055,0.558875848075541,-0.2001854079036695,1.8048555241659645,2.899068535603985,1.832772747993948,-4.129978968992426,1.776697604774913,1.876439089033321,-0.5730205555380459
3.9000936426513446,-3.217670955815495,0.7849785341901494,1.9203063800546054,-3.6153916629284697,2.266552959030545,-7.419220644092574,-4.243010300969121,0.27461528193049245,3.5025843189145323,4.761030532582224,2.162834717702645,-2.743777058401109,2.2849058212289584,-4.4631746275507185,2.30473622167456,4.083228797645608,-1.1781215319057734,-3.0099946152764203,-2.2306251566333497,-1.58436430068866,0.5523490818296758,3.2921922487609256,0.8394289312061813,6.86098078553552,1.9627092797715084,1.3075309091849778,3.01611555180748,-2.8547530479101395,-4.150805877130115,2.298580604971724,0.045080232694766034,2.0727813291935933,0.857442839469695,2.477667575390846,3.3470179610646285,4.334431881238268,0.9194949987669369,-0.01640048724802719,0.6009732671972555,4.302238813192418,-3.684482737552516,-1.5242697777172165,0.8565845893561466,-3.054842203766995,3.6367120216277242,-4.575445847781015,-0.2947319960266232,0.3402836842096595,-1.7244189812396304,-2.8827573133301456,-1.8017708999323236,3.655586411135824,-1.5377567688099854,-1.5145703731581044,0.7300992979623199
-9.221346789454449,5.785292384718426,-0.5465646488214442,-5.554565204606609,8.189787622843014,-8.28606399958,18.13940210088864,10.213480274976265,-1.912946083473126,-6.883809588537623,-11.381693196795553,-4.522304622000799,4.899481532736795,-4.4631746275507185,10.616725738294098,-6.364663895409415,-10.110032915357394,1.5651708927044714,6.018102454629752,4.8705140116097825,3.9483216658960982,-1.485404530342724,-6.937630934295169,-3.0567339973610124,-15.96771691967753,-5.4516680227661185,-3.585592005158353,-7.8863849554464744,5.172688556530443,9.34751115737946,-5.589707776538909,0.9929860894019578,-5.984634612820798,-3.1192782635488725,-6.625796812173056,-7.0208215351839325,-9.398578859449097,-0.001016649851274076,-2.1889117956887425,-2.0809738865505003,-9.713345449490362,7.854640673896906,3.296556416531624,-1.679269411050487,7.730242739908053,-7.218354838006754,11.339271686042407,-0.2702112846183427,-1.5249813200351352,4.465718772835531,7.953138132265648,4.884964090637271,-8.212645223735498,3.2921774357052698,2.720298640426798,-2.6796182351421876
5.506790221712564,-2.755173437453157,-0.17629822901297945,3.7064253573390857,-4.753169633083993,6.071961651852707,-11.0618290699142,-6.168889710773008,1.6274887852153923,3.574293455035713,6.844796473656972,2.473551164539227,-2.316272806989007,2.30473622167456,-6.364663895409415,4.152252441038316,6.212432609579824,-0.4661828823931876,-3.172086345339698,-2.7536398220141223,-2.4355029726544557,0.9559374393993031,3.8180688756741397,2.2369583815839293,9.437941327400505,3.5669858266751633,2.330916433402306,4.999468054922806,-2.4835786102016453,-5.402996989765521,3.397544649016113,-1.0151196294391536,3.9899574810543084,2.2819682348775197,4.2514758532392865,3.849920499890444,5.286421778014513,-0.8336255671501384,2.1623878641431395,1.4961035693386853,5.624455053126858,-4.361649345198636,-1.8506156653037282,0.86998101726575,-4.8111277250814855,3.7807623303861297,-6.97163219316388,0.5326267206828474,1.1872566553547506,-2.8159845352323125,-5.186007267371872,-3.157086309130149,4.739110143977514,-1.8340774296896487,-1.294063869447797,1.9662152195745077
8.771639592774298,-5.188248258409761,0.29366031461106656,5.458919529052981,-7.728459480399065,8.387716854056787,-17.3580109151935,-9.746722129444265,2.0379941751137447,6.30660394677747,10.848185798860735,4.199561597061491,-4.386182227250219,4.083228797645608,-10.110032915357394,6.212432609579824,9.69572116295695,-1.2779797158316282,-5.534772619223816,-4.563260222639625,-3.7907178754553663,1.4439678532294844,6.45305149463774,3.09288719599284,15.145058903817027,5.325938556560705,3.49609855602996,7.632252210822448,-4.64793438500905,-8.811026928336666,5.343883983330985,-1.134549270813853,5.880034005045327,3.155828763740156,6.435302643644236,6.52416115272374,8.79341111871479,-0.3744986024707419,2.4670728440366445,2.09353313612571,9.160365772626184,-7.323523027397291,-3.0826734843224806,1.5375858077556168,-7.440924792948876,6.6278430897354434,-10.876320250549062,0.4241287945736419,1.5750879033765488,-4.315064180553011,-7.761764716581688,-4.754702204546792,7.737731043108735,-3.072241587088209,-2.438912774006244,2.713667344200622
-1.3894000612116197,1.852861571258594,-0.7872951089212527,-0.29091018925214784,1.4269269763358017,0.3273198619615444,2.4114537440944295,1.4412586724427265,0.39206745971600665,-1.789645039312962,-1.6477412955713766,-0.9998147179125725,1.5930636289974995,-1.1781215319057734,1.5651708927044714,-0.4661828823931876,-1.2779797158316282,0.8928232350017444,1.4982554683176994,0.95110851775891,0.4860111623216902,-0.1272086450961528,-1.5009734816948577,0.11655287184980634,-2.5428080774100885,-0.38477618246696965,-0.2742582101891294,-0.7817399990832744,1.6284052658071912,1.6596167389560157,-0.7587870476696156,-0.4423488639119157,-0.31826204916696144,0.11787065720896578,-0.5850677722614199,-1.5385087403468094,-1.8735540052053627,-1.1700208869860929,0.8694862435382895,0.041792005518527506,-1.7105452746047534,1.6448039614172167,0.662197783419666,-0.4393079616670459,0.8915688363449135,-1.8306762054333192,1.427958845322795,0.4799181914552006,0.1580704080942274,0.4636977266002994,0.5861104765749414,0.3996226089125848,-1.469228885771696,0.6810628537278722,0.8732584573953235,0.10951485328687587
-5.254764937856435,4.202274269557848,-0.9620559409318922,-2.6613423077350045,4.845011974854426,-3.267479370844991,10.0398477497624,5.730028292465968,-0.46223877734268204,-4.617163038803591,-6.423848723322993,-2.8709066015355584,3.5809050747268354,-3.0099946152764203,6.018102454629752,-3.172086345339698,-5.534772619223816,1.4982554683176994,3.975298214452518,2.975960931100259,2.1494465334757322,-0.757301373061037,-4.3739316928126275,-1.2092473187745696,-9.225532308214904,-2.7036446946364174,-1.7977572768003538,-4.118860763951439,3.7312173532653556,5.558500480305593,-3.1082884542209044,0.019522831465561646,-2.8718557407922485,-1.2349746260237793,-3.39429990443538,-4.444411032473689,-5.777944336777858,-1.0802590444338434,-0.140509063218782,-0.8578955768692127,-5.763101071955855,4.90171387086797,2.031275539375958,-1.1288555274289,4.152957916186041,-4.799150263173834,6.202735003199441,0.3265154158710381,-0.511064520086442,2.351743479424816,3.9670695259031383,2.4732153820590854,-4.893899560966804,2.0467998609893128,1.9778181711424758,-1.0532844873772007
-4.240912829902704,3.006072671082152,-0.49952888520354427,-2.3623412633584397,3.8344231975574767,-3.2560421905140546,8.229110527295823,4.662828420790936,-0.6402810859348149,-3.430761278802808,-5.210816273072376,-2.191912983539217,2.5542141853233624,-2.2306251566333497,4.8705140116097825,-2.7536398220141223,-4.563260222639625,0.95110851775891,2.975960931100259,2.3164393864699098,1.7775066524740948,-0.6491335550694182,-3.3510373003637146,-1.2026329741864945,-7.3917793373647545,-2.3535203550180217,-1.555382420761259,-3.483853884377273,2.677812611742066,4.387369164358809,-2.541347197788495,0.2482853379368772,-2.546948097676732,-1.2276157983468996,-2.9017357267240667,-3.3980978342630492,-4.483459480053303,-0.4122990679063111,-0.5844936072512368,-0.8319532811422033,-4.554141051442207,3.7747650680284064,1.5743526604631457,-0.8378785958715241,3.4589891873935144,-3.58131875919046,5.116186047288064,0.05900862786096065,-0.564808249411535,1.9801598005672418,3.4421451664679843,2.128177526088252,-3.8586146632212532,1.5792121915139852,1.4141966254248663,-1.0516771553062625
-3.4250404723327557,2.0064302744288165,-0.10071779620123776,-2.1423334217069607,3.0138950084561946,-3.3063076153649797,6.78410335945869,3.8077101611975,-0.8092299352199066,-2.447637217053339,-4.237193133550668,-1.6334924624607579,1.695748943182029,-1.58436430068866,3.9483216658960982,-2.4355029726544557,-3.7907178754553663,0.4860111623216902,2.1494465334757322,1.7775066524740948,1.4823066843845065,-0.5657337921595812,-2.510691973040552,-1.2190901231904436,-5.910944920522002,-2.0882448001739484,-1.37037550313961,-2.988189475036338,1.79806982299527,3.435449929125803,-2.088263706836174,0.4547164752578172,-2.3075058065533223,-1.2438792243708938,-2.5209527922574515,-2.5379633057578705,-3.424491122087159,0.1693749054577431,-0.9870394290869295,-0.8244869424936806,-3.571938328630306,2.8504708267665766,1.2004095404898423,-0.5966917424186021,2.9108439858688087,-2.57325620536061,4.252400540316013,-0.17590898946508188,-0.6226940071038259,1.689030618461595,3.042829383873881,1.8632124927174414,-3.016746427309821,1.1959499866640633,0.9431484125060744,-1.0697536072263656
1.2860239556188626,-0.670815361890658,-0.021494292158043292,0.8503362060995561,-1.1154137808370486,1.3740248528868664,-2.5743372810341194,-1.4379217353670661,0.36108495493471904,0.8557231976161159,1.596619456620133,0.5865472993228539,-0.5647907187061656,0.5523490818296758,-1.485404530342724,0.9559374393993031,1.4439678532294844,-0.1272086450961528,-0.757301373061037,-0.6491335550694182,-0.5657337921595812,0.22054766440359502,0.9043689464145159,0.5062970189559527,2.207904111378854,0.8208251754479561,0.5369240415829312,1.1561995334779682,-0.6036997888688538,-1.2687967461667606,0.791114208872623,-0.22054143605222298,0.9155053548537573,0.5165085073532518,0.9813297051941356,0.9125052271609644,1.2473293994574493,-0.16202507161913388,0.4715151527324313,0.33947272065818174,1.3203977452868931,-1.031471657421591,-0.43680169884680914,0.20837032114391624,-1.1159380340982865,0.9036790604977987,-1.6202834569506943,0.10985394501193477,0.2664390413048814,-0.6517903188701721,-1.1940213978581868,-0.7278974604342738,1.1132150514888208,-0.4334844829544749,-0.31514288803471746,0.44485172403392886
6.047429887712356,-4.502706777152815,0.8675943112587899,3.248366010459412,-5.510288797422055,4.295925800373562,-11.66364441051724,-6.6275655885617875,0.7631739016418835,5.057918159844372,7.415692539883186,3.1957512398616084,-3.8305413084299875,3.2921922487609256,-6.937630934295169,3.8180688756741397,6.45305149463774,-1.5009734816948577,-4.3739316928126275,-3.3510373003637146,-2.510691973040552,0.9043689464145159,4.878861291045704,1.587800006282393,10.570641670742623,3.259878739068521,2.1593440111906084,4.878339110601145,-4.005506764715189,-6.311606698538599,3.6055176546606345,-0.2236551302682225,3.5033618333074212,1.6210588264815116,4.046770061505318,4.951475355681624,6.494058480257342,0.8456168227285292,0.5693013924089632,1.1080726525123061,6.548495529353899,-5.4843332376926295,-2.281440120819353,1.2358270067061132,-4.87225711080458,5.270543987063175,-7.233748321843825,-0.19882533899625487,0.7199707624009404,-2.777583195052078,-4.773556377330519,-2.960624319485382,5.5533445139548006,-2.292670449142754,-2.1186779305319807,1.3866073301900645
2.629329276629794,-0.8090286663848874,-0.4480690622178743,2.0515579425569723,-2.1698947677910883,3.712609865942016,-5.447731062741042,-2.995857970574258,1.1282463289835893,1.3182059982784171,3.3028570981137477,1.0166740618141346,-0.6646786874093589,0.8394289312061813,-3.0567339973610124,2.2369583815839293,3.09288719599284,0.11655287184980634,-1.2092473187745696,-1.2026329741864945,-1.2190901231904436,0.5062970189559527,1.587800006282393,1.3659897123135678,4.435660411616903,1.9285229790361784,1.2502480415136,2.5969429620838604,-0.7475680900867837,-2.4500978237331297,1.6652915777660395,-0.7902617440347209,2.2062665941667876,1.3930253032622006,2.2432763156263036,1.590102787887961,2.2879740190685074,-1.001917689790913,1.6515523619209853,0.8977701630685869,2.558001648733375,-1.8444205267007576,-0.7981837311709278,0.31922783190685317,-2.438178084943345,1.4216284239574475,-3.473569748654617,0.5230636629010806,0.767084409203922,-1.452518561745137,-2.792185832521631,-1.6810678288020926,2.1431232914579312,-0.7802085027322802,-0.37867756731090957,1.2037538721045906
13.87758289384862,-8.986271032974294,1.0235362372082635,8.203618744711154,-12.380161013778988,12.020756146129832,-27.207023629854834,-15.342850140233802,2.6849097598476646,10.574259928997009,17.109627777016982,6.8965901367964735,-7.617159325023495,6.86098078553552,-15.96771691967753,9.437941327400505,15.145058903817027,-2.5428080774100885,-9.225532308214904,-7.3917793373647545,-5.910944920522002,2.207904111378854,10.570641670742623,4.435660411616903,24.069509078268567,8.079947326769208,5.320266952089795,11.75264022876644,-8.02665954449754,-14.139075363223851,8.388394506987138,-1.3256085769321482,8.840171012402655,4.526723303200968,9.85360871448721,10.70296666203003,14.274731819829801,0.3350749221461608,2.95224828659788,3.03043166068112,14.68843905022159,-11.952301729813769,-5.00830877417617,2.580314837763596,-11.555676736196592,11.075057720431055,-16.984945358928925,0.2582130377869725,2.1844278063311062,-6.661008498980502,-11.79445560653306,-7.255669088945196,12.425639260112169,-5.007285469560496,-4.226006297151616,3.8863304477052742
4.716196979314313,-2.337999234432818,-0.1665224746199663,3.186337457312365,-4.066519287634866,5.2349543764694815,-9.480803858057746,-5.285392283826283,1.408826818683172,3.044561247765201,5.863589782347486,2.1114136561116217,-1.9648942004493077,1.9627092797715084,-5.4516680227661185,3.5669858266751633,5.325938556560705,-0.38477618246696965,-2.7036446946364174,-2.3535203550180217,-2.0882448001739484,0.8208251754479561,3.259878739068521,1.9285229790361784,8.079947326769208,3.0645066539538597,2.0021354429842955,4.290667982912985,-2.108308735831714,-4.621769168135537,2.911607887645111,-0.8824271032148561,3.429988963355644,1.9673076116891377,3.6502112191713545,3.2866065777244238,4.517385330301304,-0.7397248693877522,1.8783692511105787,1.2891430658614156,4.811525555509344,-3.725294214475316,-1.5812812645001122,0.7409752192680897,-4.126428356118574,3.2215946194624294,-5.976918576573307,0.46763228126769146,1.0253527014837076,-2.41631144029202,-4.454959063588085,-2.7112463369443534,4.053621962844673,-1.566687105456961,-1.098067395803724,1.6952423338389235
3.1028269377155695,-1.5697173074804944,-0.08690530850973578,2.0787747158231213,-2.6815983617320853,3.393488258917011,-6.227167924232811,-3.474168484089568,0.9050201103776347,2.027220940658513,3.85554854520328,1.399349169268038,-1.3201889941088394,1.3075309091849778,-3.585592005158353,2.330916433402306,3.49609855602996,-0.2742582101891294,-1.7977572768003538,-1.555382420761259,-1.37037550313961,0.5369240415829312,2.1593440111906084,1.2502480415136,5.320266952089795,2.0021354429842955,1.3086754639527212,2.8098054351937547,-1.4143555488112411,-3.048773869395719,1.9128914456023902,-0.5615354277562206,2.2378718831980615,1.2754196350843403,2.388226902499916,2.1777318068798714,2.986725846083817,-0.4490811504239187,1.1972596425957647,0.8367207147328256,3.173481526940279,-2.465726848193131,-1.0456564760314457,0.49347988253812197,-2.7060357386656593,2.143391485329426,-3.9232518543909505,0.29093037057705085,0.6621262623398605,-1.582991474329495,-2.9112848095474444,-1.772943105427901,2.674361679130102,-1.0366822339891268,-0.7373176035967165,1.0988225888594838
6.832633599244391,-3.722162954835673,-5.901850973521642e-4,4.429833697470196,-5.9572797752322115,7.046225560450146,-13.625593680108997,-7.6239311535637455,1.8088045459449238,4.667714084561744,8.47200071067603,3.167638620238668,-3.138495453646202,3.01611555180748,-7.8863849554464744,4.999468054922806,7.632252210822448,-0.7817399990832744,-4.118860763951439,-3.483853884377273,-2.988189475036338,1.1561995334779682,4.878339110601145,2.5969429620838604,11.75264022876644,4.290667982912985,2.8098054351937547,6.077363060201719,-3.34428064814399,-6.781590170412035,4.189737719298777,-1.0763334620689253,4.770041796835441,2.6494655277521115,5.14719560725745,4.925596334129279,6.700772429477021,-0.6723016005988237,2.3118771355427326,1.7463492641428666,7.055070199288784,-5.554547221920362,-2.3473953508631205,1.1370918538350712,-5.884945546939457,4.920992099840454,-8.563337307441598,0.49974796725577886,1.3530833864634277,-3.4292475621869367,-6.245161575906332,-3.813097415070456,5.951860377345097,-2.3329175225666243,-1.7490304618876023,2.280776295370279
-4.531988417678578,4.12640190586356,-1.1904963371382744,-2.015852830749253,4.2773436894101104,-2.011602360466622,8.494288059505454,4.891917606605923,-0.05050512448084167,-4.367165778651595,-5.5058965284271135,-2.638984736741879,3.525847817347121,-2.8547530479101395,5.172688556530443,-2.4835786102016453,-4.64793438500905,1.6284052658071912,3.7312173532653556,2.677812611742066,1.79806982299527,-0.6036997888688538,-4.005506764715189,-0.7475680900867837,-8.02665954449754,-2.108308735831714,-1.4143555488112411,-3.34428064814399,3.6525050691735124,4.922506215372798,-2.638058131706179,-0.28611157760569383,-2.178246268897245,-0.7642595542078882,-2.7159332389403503,-4.079086525883225,-5.2173149651997,-1.5303751241274335,0.4925794816104096,-0.5580442550163847,-5.096819049824705,4.463592120640741,1.8365770269331083,-1.0689218584744635,3.44193488362973,-4.519323129146886,5.205989514148634,0.5480474367869972,-0.2422832586630252,1.921225991142267,3.1081033343471156,1.960870381488948,-4.339393235878304,1.8599582308060882,1.9429217604949045,-0.645738479644877
-8.1316815268459,5.518920792060882,-0.7817673196041152,-4.665995910903211,7.304076347545212,-6.636783802188038,15.859124221956813,8.965058847176651,-1.3975906460192726,-6.390356391671938,-10.008182675672652,-4.1233318156955034,4.684059802778737,-4.150805877130115,9.34751115737946,-5.402996989765521,-8.811026928336666,1.6596167389560157,5.558500480305593,4.387369164358809,3.435449929125803,-1.2687967461667606,-6.311606698538599,-2.4500978237331297,-14.139075363223851,-4.621769168135537,-3.048773869395719,-6.781590170412035,4.922506215372798,8.34976746985034,-4.8937064981529375,0.6239044395027475,-5.029319764757449,-2.5006833693581934,-5.667097908969725,-6.395598832548961,-8.482508863276763,-0.4984025511966547,-1.4202329722392488,-1.6839570321456727,-8.670589027504196,7.122663661424468,2.9773910047679104,-1.5600565250089422,6.700610453091653,-6.681382134463385,9.880025994688097,-0.016873677584972407,-1.1798411700201477,3.849065540927718,6.752983259959734,4.164657080634359,-7.3407578864851,2.981832775825738,2.5959096608255345,-2.144702000109116
4.852088403466924,-2.9473686507829986,0.2180895384178629,2.9765333052988936,-4.290278803086262,4.515322741354783,-9.576302966620734,-5.383754545668109,1.0736257660409838,3.5479376969901053,5.9954412367365935,2.348151672455119,-2.493727917523564,2.298580604971724,-5.589707776538909,3.397544649016113,5.343883983330985,-0.7587870476696156,-3.1082884542209044,-2.541347197788495,-2.088263706836174,0.791114208872623,3.6055176546606345,1.6652915777660395,8.388394506987138,2.911607887645111,1.9128914456023902,4.189737719298777,-2.638058131706179,-4.8937064981529375,2.9494177257979,-0.5808524394157742,3.2065192965704146,1.699260180344665,3.527105630895614,3.6468260414767117,4.900243362283755,-0.11480485332976247,1.2700026476188,1.130000279676533,5.086614555714212,-4.087471550359889,-1.718265277556765,0.8652313482489314,-4.094431013483285,3.724893042619751,-5.994158559894969,0.19350997962183777,0.8406529330131548,-2.3703936976876583,-4.2451410446446,-2.6035374160110667,4.298474955636611,-1.71403611042125,-1.3856805951883393,1.4605648527893142
-0.8358496458247561,-0.3480987183291973,0.57731462474394,-0.9890089086434481,0.5707654314337759,-2.1523212419498226,1.9302279763244743,1.0125935539017505,-0.778334154004121,0.04513005490111808,-1.0913929091577863,-0.12675769910871681,-0.31605387705087795,0.045080232694766034,0.9929860894019578,-1.0151196294391536,-1.134549270813853,-0.4423488639119157,0.019522831465561646,0.2482853379368772,0.4547164752578172,-0.22054143605222298,-0.2236551302682225,-0.7902617440347209,-1.3256085769321482,-0.8824271032148561,-0.5615354277562206,-1.0763334620689253,-0.28611157760569383,0.6239044395027475,-0.5808524394157742,0.6163997578828713,-1.061291203242011,-0.8054825608264066,-0.9680605773825196,-0.20896432371160448,-0.4451360024408842,1.0401898503930223,-1.2648583272044498,-0.5046018260000068,-0.6607928145185114,0.30174015041507574,0.15164306105971204,0.013439846296990979,0.9435968525727665,0.006468926099224273,1.2773012120954712,-0.4874541241576221,-0.4831101991804117,0.5907786465666672,1.2652876463011171,0.7419292491309458,-0.53828366734412,0.13388405099940023,-0.1654804903299633,-0.6992936204956463
5.172552985310864,-2.409293946252021,-0.2939536323719936,3.580879167367009,-4.4295406973355105,5.9903422540332985,-10.448991882686942,-5.812242169646582,1.652575605778903,3.2203446561252576,6.441577303187109,2.265438236777591,-2.020034910054437,2.0727813291935933,-5.984634612820798,3.9899574810543084,5.880034005045327,-0.31826204916696144,-2.8718557407922485,-2.546948097676732,-2.3075058065533223,0.9155053548537573,3.5033618333074212,2.2062665941667876,8.840171012402655,3.429988963355644,2.2378718831980615,4.770041796835441,-2.178246268897245,-5.029319764757449,3.2065192965704146,-1.061291203242011,3.8540206310051652,2.250500357552001,4.068675955223325,3.5287280758908657,4.882267489376689,-0.996037579497731,2.2495080038819966,1.4699965180178236,5.238099696221956,-4.0129183730393585,-1.7081577216103112,0.7832576667702557,-4.568851594928812,3.415988891317861,-6.599568812825647,0.5950951847582502,1.1858138664161282,-2.6831511453857053,-4.98271044344307,-3.0267180977601815,4.409259315159186,-1.6890681981971032,-1.131146946263766,1.9403289071297307
2.6831766116285944,-0.8271938369804283,-0.4560981242874087,2.092684265306477,-2.2146470958204447,3.7860779589544573,-5.558774445648441,-3.0570526948886383,1.150245184612886,1.3464266634786322,3.3703886493227495,1.0380132131116455,-0.6796820587976344,0.857442839469695,-3.1192782635488725,2.2819682348775197,3.155828763740156,0.11787065720896578,-1.2349746260237793,-1.2276157983468996,-1.2438792243708938,0.5165085073532518,1.6210588264815116,1.3930253032622006,4.526723303200968,1.9673076116891377,1.2754196350843403,2.6494655277521115,-0.7642595542078882,-2.5006833693581934,1.699260180344665,-0.8054825608264066,2.250500357552001,1.4205971305941032,2.2885450207486335,1.6234494904707704,2.3355749523239266,-1.0205327235314294,1.6834236769648785,0.915577778225198,2.610790206259828,-1.8829440086866822,-0.8147994843778767,0.3260685636292267,-2.487666210629489,1.4519518386749009,-3.5442501811928993,0.5329285293092031,0.7821627636145086,-1.4819250578530985,-2.8483721271426474,-1.7149478074384796,2.1873906157097607,-0.7964878630963196,-0.3871867256851937,1.2275709147603464
5.737237454909103,-3.0188831081295135,-0.07704733356662212,3.7789428809267283,-4.981265412864381,6.087707211767378,-11.47609055316638,-6.412277235837035,1.592695270339245,3.837683815200344,7.12107743036819,2.625229053773486,-2.5425068150362145,2.477667575390846,-6.625796812173056,4.2514758532392865,6.435302643644236,-0.5850677722614199,-3.39429990443538,-2.9017357267240667,-2.5209527922574515,0.9813297051941356,4.046770061505318,2.2432763156263036,9.85360871448721,3.6502112191713545,2.388226902499916,5.14719560725745,-2.7159332389403503,-5.667097908969725,3.527105630895614,-0.9680605773825196,4.068675955223325,2.2885450207486335,4.366882578425635,4.083736205098732,5.57684022954196,-0.6915586174178059,2.0714757064483584,1.5049645555052387,5.897189372130326,-4.613954713417222,-1.9530929977440539,0.9345655732671913,-4.971144716150696,4.051374825050794,-7.220943816972678,0.4761660899746314,1.178276297524827,-2.9021899245181744,-5.310429112036034,-3.238319367034046,4.972495168155892,-1.9388159479296512,-1.4183085466619467,1.9708623556039158
6.120829463522744,-4.586206868578131,0.8988518141429058,3.2717383264412976,-5.5828422793830415,4.301734099320283,-11.795752444017962,-6.705135863851465,0.7524342623307526,5.141431692473129,7.503724387700991,3.2439017689900536,-3.902168639005374,3.3470179610646285,-7.0208215351839325,3.849920499890444,6.52416115272374,-1.5385087403468094,-4.444411032473689,-3.3980978342630492,-2.5379633057578705,0.9125052271609644,4.951475355681624,1.590102787887961,10.70296666203003,3.2866065777244238,2.1777318068798714,4.925596334129279,-4.079086525883225,-6.395598832548961,3.6468260414767117,-0.20896432371160448,3.5287280758908657,1.6234494904707704,4.083736205098732,5.025705885509757,6.586329166621944,0.8902776119672596,0.5409486734903397,1.1110738004370169,6.635239604557568,-5.564462594211109,-2.313996822266411,1.256303987528617,-4.923361492486354,5.356362532211039,-7.313297614658321,-0.21654650407687942,0.7173056491204041,-2.8051457042468217,-4.81349402813077,-2.9866671240481906,5.627563130661843,-2.325937501425173,-2.1580177401082947,1.3883458337268761
8.185372261114283,-5.85849657778677,1.004721866934892,4.528114223623782,-7.411916057539623,6.193759694751748,-15.864462926649086,-8.994089786086816,1.1966406540043426,6.6650188501937855,10.053513305266186,4.248935836688353,-4.9790932315914045,4.334431881238268,-9.398578859449097,5.286421778014513,8.79341111871479,-1.8735540052053627,-5.777944336777858,-4.483459480053303,-3.424491122087159,1.2473293994574493,6.494058480257342,2.2879740190685074,14.274731819829801,4.517385330301304,2.986725846083817,6.700772429477021,-5.2173149651997,-8.482508863276763,4.900243362283755,-0.4451360024408842,4.882267489376689,2.3355749523239266,5.57684022954196,6.586329166621944,8.679845615681462,0.8631250476739563,1.0590872255847572,1.585294010457315,8.804153407979749,-7.31222006845676,-3.0481806208795925,1.6279111876235008,-6.660458234698578,6.955069594237609,-9.858583175184146,-0.1438645068973338,1.0678069321348653,-3.809858906339196,-6.608429353765597,-4.088222145496835,7.460844959710042,-3.0586839705282047,-2.7562128947847624,2.0002909968477787
