V1,V2,V3,V4,V5,V6,V7,V8,V9,V10,V11,V12,V13,V14,V15,V16,V17,V18,V19,V20,V21,V22,V23,V24,V25,V26,V27,V28,V29,V30,V31,V32,V33,V34,V35,V36,V37,V38,V39,V40,V41,V42,V43,V44,V45,V46,V47,V48,V49,V50,V51,V52,V53,V54,V55,V56
11.745105085691778,-7.357320810185527,0.6880131774474768,7.081078693730108,-10.428994348891617,10.57204123189455,-23.107625469938977,-13.009899282803216,2.444347913679005,8.759128171440798,14.497484600567523,5.75632203422772,-6.2305340106388565,5.678847472875117,-13.522778455409776,8.1122761071444,12.879844947870714,-1.9859517915128324,-7.65834691504704,-6.200999703592388,-5.030181260555734,1.893055013281836,8.831106144658047,3.8999839303613983,20.33628499500116,6.9487572254184,4.569991163739942,10.049475614368525,-6.578581345723424,-11.902898652101253,7.120498626891566,-1.2715874540420877,7.629284650413912,3.9797697366366567,8.443959270532448,8.93677625083003,11.96556173930993,-0.01221169446476511,2.801833771074401,2.654610886939227,12.368905263395805,-9.999023708519303,-4.196868720397457,2.1367120273041973,-9.849059739688885,9.185342186563636,-14.445916576733628,0.35017536906734864,1.9468259443732547,-5.690340651503341,-10.136872975821007,-6.22579683775038,10.457659139255023,-4.1910658459997565,-3.4594577342453565,3.418919395556631
-7.357320810185527,6.011261260109237,-1.4386429621220718,-3.655224956628079,6.808700858181235,-4.370014540725078,14.015212818411266,8.010056174197867,-0.5587501306756104,-6.562420638445911,-8.985451246014684,-4.061021514208966,5.124843967570138,-4.280100834111061,8.421605984057104,-4.377247754875499,-7.717473455439488,2.1831552424565857,5.64280608497099,4.194957806474711,2.99533468269683,-1.0477571029425319,-6.183283852112315,-1.6180680085259498,-12.934686157156492,-3.7286720759880185,-2.482502593302034,-5.714065312397178,5.3345427335868,7.815246162889086,-4.341142501783047,-0.04962354775583214,-3.9451014508569875,-1.652692992359924,-4.698714698656126,-6.285213859139934,-8.149307156445989,-1.6645841508174464,-0.040816595745634995,-1.1549645781117048,-8.101167256461126,6.922980344057838,2.8655525197685865,-1.6047557027849166,5.779142282046575,-6.816006399804222,8.648122976827912,0.5248463194014675,-0.6651323096074929,3.2655398064655037,5.474798548210742,3.41907325307035,-6.882201227801369,2.8898267977070407,2.8294321378679173,-1.408002693373944
0.6880131774474768,-1.4386429621220718,0.7642719057794174,-0.1459439149794782,-0.8090789567099436,-0.9990320307861831,-1.023285130305587,-0.6618400539770696,-0.555469080129849,1.2858532190469858,0.7802685731285476,0.6642215510955298,-1.2428967300251685,0.851952090154344,-0.7567426732575572,-0.030888131206421875,0.5025431489965122,-0.7910619443764423,-1.0560752809749399,-0.586368012339164,-0.18283178638320832,0.011685129990826165,0.9852787710103005,-0.3642374612641302,1.331886777951508,-0.0413736068517621,-0.005465301231496824,0.17119520270836447,-1.2573046612438397,-0.9552436659341721,0.33143184009500787,0.533452933763067,-0.15228903504145416,-0.37059510778480026,0.07022757323290527,1.0171442699554107,1.170723542591986,1.2007263034007103,-1.0675345747881073,-0.20942338418660067,0.9782360691983305,-1.059509381057094,-0.4158124228072677,0.31648253153181194,-0.29640939946819445,1.3011917904776393,-0.5580977853868134,-0.514170184563105,-0.2842676496721418,-0.11852602229705242,0.03492388191923388,-0.019214446993524148,0.8506647381736923,-0.4355243503113419,-0.6785423118553887,-0.32683526728249424
7.081078693730108,-3.655224956628079,-0.1459439149794782,4.703475243002861,-6.134115901035691,7.627306580938019,-14.18735294233886,-7.9212762724739765,2.0148262853573073,4.6823136583001705,8.793902115946805,3.2171708941456973,-3.0763790066377226,3.021541431937258,-8.180253273507075,5.282851813815983,7.960348381513867,-0.6747179271295749,-4.146685252668147,-3.565741962848052,-3.1192938020854357,1.2181560478047326,4.961782211571916,2.810351362694327,12.151757104395198,4.536701390803706,2.9668113768260254,6.382153902302391,-3.2908473499859014,-6.976389937385258,4.359282322752748,-1.2375109717833506,5.063774093186314,2.866998199033793,5.419552974797253,5.0056035735657565,6.850114176243601,-0.9379294586335334,2.6431891245237673,1.8831060655377112,7.260678450616109,-5.661410871784518,-2.3986307877357755,1.140032648860534,-6.155247077032789,4.946734126001235,-8.932552841758598,0.6252538555638633,1.4822418848338141,-3.5970614184764598,-6.59845869837698,-4.0211014312235305,6.120488426248568,-2.3796012542267215,-1.717095618993923,2.469523126981353
-10.428994348891617,6.808700858181235,-0.8090789567099436,-6.134115901035691,9.314601916809368,-8.944417102347249,20.427858384494076,11.524617012094556,-1.9792105575429275,-7.989129676218334,-12.854073249612293,-5.200802578443762,5.772665352899168,-5.1846365792465745,11.997777834330378,-7.064719805221423,-11.367619237696742,1.9480974295869857,6.966453642423068,5.5672117143796775,4.435909144708349,-1.653771937477994,-7.96961596766006,-3.300737250689617,-18.09596820030803,-6.047366055452277,-3.983124897060309,-8.80909679221193,6.080074973354674,10.639721379026719,-6.299151892060395,0.9626951962548945,-6.610365377158794,-3.368563101013509,-7.381594641849239,-8.070472881595961,-10.753338228441834,-0.3180104431357339,-2.1507455455677595,-2.257259165796835,-11.052330574838413,9.008253032259832,3.7731061530093544,-1.9496468265534335,8.668625316729084,-8.364948335028206,12.748298887433632,-0.16458481320210083,-1.6196483518008216,4.993907183057748,8.82888134147541,5.433593605636131,-9.350977724874975,3.7734420379650495,3.202063526897113,-2.8915298658912736
10.57204123189455,-4.370014540725078,-0.9990320307861831,7.627306580938019,-8.944417102347249,13.133680426861693,-21.53811415002933,-11.934635647923937,3.7619589535462095,6.156912035673935,13.203706545375027,4.450384576753232,-3.645783899178816,3.9508584281382992,-12.251307510801778,8.433350019715055,12.156626197673187,-0.2793449761045078,-5.535567853109877,-5.082907658826621,-4.777762099308879,1.925747022829295,6.903017176951685,4.835347096224125,17.99084047925498,7.257122318848105,4.72418614446977,9.979005164619782,-3.972437325845477,-10.137381682696502,6.600846277347392,-2.503549855871518,8.206727516611753,4.931823251398299,8.549308111712435,6.940739441795235,9.720317248123129,-2.6966422204535765,5.275199837184009,3.2052188305074902,10.566469728504318,-7.941287126390104,-3.397765903129369,1.4956430449460898,-9.492464527838916,6.562080271246935,-13.64716730935046,1.5104080087950484,2.642748399521345,-5.602177272084838,-10.529867341358214,-6.376265488084969,8.881013395648273,-3.347719566209295,-2.0501504999736033,4.255729870171967
-23.107625469938977,14.015212818411266,-1.023285130305587,-14.18735294233886,20.427858384494076,-21.53811415002933,45.613265554050336,25.641762194577343,-5.127853831665883,-16.880347073441623,-28.55420044240651,-11.175924682269226,11.857540660905338,-10.935771466868745,26.6212204868979,-16.191222273681994,-25.45509721419876,3.5993510933575132,14.79006183844835,12.098203211329565,9.947534825601656,-3.7697117894049157,-17.161027249044864,-7.94336191863677,-39.94597792673544,-13.87577058645254,-9.115760355132544,-19.96209079449146,12.545026687176694,23.30035921403854,-14.048147109181775,2.779143293217591,-15.28345523273608,-8.105367955828774,-16.80651291561512,-17.357210252968294,-23.327000700890558,0.57221498518735,-6.074379085720269,-5.389258145977705,-24.219157324571373,19.4561651907075,8.179477649216002,-4.116529587556136,19.505298380562543,-17.723284876976894,28.552737126115172,-0.9329073338746645,-4.01197555924217,11.293335586828618,20.2304218604903,12.406431262591001,-20.466045786528092,8.158911737546648,6.589089071377901,-6.966979363179093
-13.009899282803216,8.010056174197867,-0.6618400539770696,-7.9212762724739765,11.524617012094556,-11.934635647923937,25.641762194577343,14.42478080899263,-2.804329717061773,-9.595352180767067,-16.068226548201224,-6.330912822163169,6.779897059031088,-6.218467763378415,14.983908001928125,-9.05595169037663,-14.301727419672368,2.106369187342735,8.398923121670204,6.837865971655814,5.587353400314864,-2.110651631970914,-9.71729200799882,-4.402043871090868,-22.506763230109957,-7.759149998534949,-5.099950941662256,-11.189491302329987,7.1662527481432194,13.148956270514313,-7.89914879903671,1.4927150966558664,-8.533842969441963,-4.491949313618918,-9.412040003234765,-9.830785581169357,-13.189033703963455,0.17991551688339152,-3.2741287043988505,-2.991016852775795,-13.665741994386392,11.010173623803656,4.625277942531216,-2.3403123381131157,10.948526329432811,-10.06879733042478,16.041455611944386,-0.461933428290002,-2.2116359907407634,6.3328647119872565,11.31555486387453,6.944080232671018,-11.550841918105347,4.6160731745809,3.766089392841565,-3.8600924185489225
2.444347913679005,-0.5587501306756104,-0.555469080129849,2.0148262853573073,-1.9792105575429275,3.7619589535462095,-5.127853831665883,-2.804329717061773,1.1829364314203124,1.0771815837505043,3.083726755707058,0.8823950769414853,-0.4494516315867815,0.6807250227762845,-2.8484771703817016,2.176696509928761,2.9236384319984645,0.23782704838812063,-1.007607177990957,-1.075209061086601,-1.1547824692993118,0.4897144901809341,1.386295373587848,1.3836206043161896,4.096615710192625,1.8788937538396209,1.2147080018502725,2.494352654919524,-0.5276570977324522,-2.228220547623166,1.564574044127723,-0.8513226981998241,2.166030534812187,1.4108710223500742,2.166895160743193,1.3835092937306386,2.0368583825860744,-1.1619754261570037,1.7717053760553436,0.90463544716441,2.329359244095561,-1.6237459024658965,-0.7094143154345949,0.2600572067228547,-2.3204770652323945,1.1751755150363492,-3.2844821618323703,0.5888653475905813,0.7895497690156907,-1.3915489285162839,-2.7163943482041795,-1.6290949310796063,1.94666484423206,-0.6888558910057098,-0.26071711815640886,1.2202139387928606
8.759128171440798,-6.562420638445911,1.2858532190469858,4.6823136583001705,-7.989129676218334,6.156912035673935,-16.880347073441623,-9.595352180767067,1.0771815837505043,7.357108957531721,10.738142345280558,4.641943628242524,-5.583615384335333,4.789390782706824,-10.04707068472141,5.509680306152502,9.336462191745506,-2.2012550606883616,-6.359746804941227,-4.862666386396594,-3.6319846116239307,1.3058877406735032,7.08545823308525,2.2758516836349023,15.316247379680117,4.703522977464052,3.116577513352629,7.048957909341344,-5.836794864750601,-9.152177629128536,5.218791474321152,-0.29940181206706135,5.050098440757892,2.3235786521574795,5.844229802234926,7.191669319915581,9.424992016882957,1.273295539189611,0.7748592172332831,1.5902066486474038,9.495114822149514,-7.962661625252423,-3.3113106598744952,1.7977011516189259,-7.0456772609304945,7.664688570096003,-10.46576678535061,-0.3095637187608626,1.02673030214967,-4.014394300980753,-6.888662745383058,-4.274236759180283,8.05310277549993,-3.3283861367807486,-3.087914654449965,1.9870906605961338
14.497484600567523,-8.985451246014684,0.7802685731285476,8.793902115946805,-12.854073249612293,13.203706545375027,-28.55420044240651,-16.068226548201224,3.083726755707058,10.738142345280558,17.90143570591656,7.074117156376805,-7.606971102069753,6.960168759551134,-16.69511584291487,10.061546418997859,15.922145955886608,-2.387061054174084,-9.395149429934174,-7.6329009697012005,-6.219621942549335,2.346130527492064,10.856026489288924,4.870384970331916,25.08854791544527,8.619870750843765,5.666961152829319,12.44427274206364,-8.037150546995464,-14.667676453446612,8.797298300501359,-1.6274956744350866,9.474240211299485,4.969919002966579,10.463174537783438,10.98401340518042,14.724844259343312,-0.12953963787317857,3.575768508385208,3.3114676261023326,15.243298525634142,-12.297082930094078,-5.164180945691347,2.6192073536074716,-12.183842680141076,11.265153845153707,-17.85866240254572,0.48317782713328794,2.4409990029650945,-7.044295902556587,-12.572276605486326,-7.71768254660675,12.885653356977254,-5.1551077887353856,-4.224816228544299,4.270338183187435
5.75632203422772,-4.061021514208966,0.6642215510955298,3.2171708941456973,-5.200802578443762,4.450384576753232,-11.175924682269226,-6.330912822163169,0.8823950769414853,4.641943628242524,7.074117156376805,2.9689156236395147,-3.450173879882282,3.017794707749143,-6.611574251876398,3.747250509647421,6.19865808278479,-1.2781034864012297,-4.0277808496995355,-3.139920297620918,-2.4147969894439734,0.8829806742228583,4.53954343247662,1.643672174683406,10.03040933363056,3.203056315423153,2.1163773401982966,4.736703144989144,-3.618051914556513,-5.950192499004135,3.4510828030781195,-0.34859737482412295,3.4684767966433636,1.677792525425685,3.9467081214421733,4.602930621369647,6.07658011045053,0.5367174937517175,0.8168362215520549,1.136194204434888,6.176639255862863,-5.114571323247364,-2.1336767064016375,1.133630484503717,-4.700342085418405,4.846483504195465,-6.949851349947914,-0.06989902300285493,0.7742265553046705,-2.69182799054605,-4.684118422290855,-2.895228724371527,5.232877506850676,-2.1398903052625893,-1.9104585595160206,1.4375247191659506
-6.2305340106388565,5.124843967570138,-1.2428967300251685,-3.0763790066377226,5.772665352899168,-3.645783899178816,11.857540660905338,6.779897059031088,-0.4494516315867815,-5.583615384335333,-7.606971102069753,-3.450173879882282,4.3697773420705754,-3.642229869067877,7.130619754193872,-3.6896785131773613,-6.526973214711727,1.8717134854885686,4.799228340052823,3.560069284933642,2.532796325712082,-0.8839223477383908,-5.2521940011062815,-1.3501313512980562,-10.958490850579402,-3.1423917776439136,-2.093026618187931,-4.824768911440973,4.54715729167914,6.627087993741068,-3.6733793443262397,-0.06266803960451324,-3.3205544331909347,-1.3790788535062048,-3.964686114929527,-5.339385132490845,-6.917179555234555,-1.4504486160819192,0.007259269206609064,-0.9656875180687898,-6.869073550475992,5.8788021389057485,2.4324597135411348,-1.3654812282092512,4.884529914519615,-5.798037070150514,7.313863373962701,0.46262190883425774,-0.5497403120706414,2.758122163353642,4.6149730451755495,2.883704134860838,-5.836264157388755,2.453697262342796,2.4122598686548162,-1.1744649554229696
5.678847472875117,-4.280100834111061,0.851952090154344,3.021541431937258,-5.1846365792465745,3.9508584281382992,-10.935771466868745,-6.218467763378415,0.6807250227762845,4.789390782706824,6.960168759551134,3.017794707749143,-3.642229869067877,3.118246875040687,-6.512971029131277,3.5593325524497086,6.0467887146539105,-1.4441950183332635,-4.138590551538508,-3.1582721988376727,-2.351916944005369,0.8441462892351183,4.605570620292843,1.4605413368471887,9.933608077600754,3.038129609327554,2.013684870471856,4.559538073966306,-3.8062238616905026,-5.940192314069899,3.3813596727414494,-0.1787549603851749,3.2590175751402666,1.4912057183378467,3.778296162130591,4.675079569817256,6.122418040450355,0.8558723031439321,0.4712542399232938,1.0217675889174869,6.162421656465858,-5.174439001910306,-2.1511315009684058,1.1703451818031696,-4.560870820348036,4.988562111759148,-6.7780420979305624,-0.21420795347524982,0.6556029571773534,-2.5972450671936755,-4.450276884667643,-2.7624088189755454,5.227120676061662,-2.1627086714201176,-2.0140243371702358,1.2749842456628455
-13.522778455409776,8.421605984057104,-0.7567426732575572,-8.180253273507075,11.997777834330378,-12.251307510801778,26.6212204868979,14.983908001928125,-2.8484771703817016,-10.04707068472141,-16.69511584291487,-6.611574251876398,7.130619754193872,-6.512971029131277,15.571241898354415,-9.364854422812503,-14.841586919224172,2.2535380754886543,8.787764805008537,7.128636983546116,5.796990165519989,-2.1844287842694805,-10.144848057619747,-4.51924822100291,-23.407394844970103,-8.022411497223,-5.275038285004638,-11.59092456184995,7.531638037962905,13.691838401526038,-8.202407357895359,1.493778009098028,-8.813313346712313,-4.61164942986657,-9.7427445883262,-10.265256189057299,-13.753627698476269,0.07281421046393641,-3.2861357598356338,-3.0742439991613155,-14.22858772572624,11.489250691329529,4.823771453156562,-2.4507568216945947,11.353477372053101,-10.538264931130113,16.64645988615019,-0.42932361017539916,-2.2609652277680308,6.562103484297542,11.701880126737834,7.18499387709679,-12.028829608735903,4.816109690403577,3.9597893139058304,-3.962165271034134
8.1122761071444,-4.377247754875499,-0.030888131206421875,5.282851813815983,-7.064719805221423,8.433350019715055,-16.191222273681994,-9.05595169037663,2.176696509928761,5.509680306152502,10.061546418997859,3.747250509647421,-3.6896785131773613,3.5593325524497086,-9.364854422812503,5.95689079459675,9.072155670422825,-0.90001315056023,-4.864927932412638,-4.127020247728839,-3.5524923577355243,1.37687381031052,5.772460928186873,3.108022280592409,13.947857771101505,5.112939103071177,3.347427234896664,7.232963654513745,-3.9342533121717227,-8.040915751579375,4.977980790313,-1.3032628196421472,5.688379015178859,3.170841439122745,6.128879256950125,5.8274980609748885,7.936130325518388,-0.8483095294330442,2.79621134988387,2.088628838878375,8.36579372240508,-6.575069471052684,-2.7799377154048948,1.3420735566503064,-6.998798844866257,5.810794719148716,-10.179126803252787,0.6156374610116578,1.6231025539778805,-4.080447354693953,-7.44099619196626,-4.541635020347783,7.0566214378471335,-2.7619123360606377,-2.0567524778028576,2.7299080651085603
12.879844947870714,-7.717473455439488,0.5025431489965122,7.960348381513867,-11.367619237696742,12.156626197673187,-25.45509721419876,-14.301727419672368,2.9236384319984645,9.336462191745506,15.922145955886608,6.19865808278479,-6.526973214711727,6.0467887146539105,-14.841586919224172,9.072155670422825,14.211892238279002,-1.9430166989552193,-8.186853177866281,-6.722455797527704,-5.55508328358179,2.1104746573924764,9.521461622030793,4.483034100044135,22.252118338944125,7.7761548673348,5.106578774119974,11.165681008105244,-6.910727869309973,-12.963103879911854,7.838253373052484,-1.606004209315784,8.574902146747032,4.574367253077209,9.407457200563599,9.628405842190281,12.958111378607382,-0.4314939186211998,3.5011489732285632,3.03807791491804,13.4756315599189,-10.800192405379962,-4.543196375565492,2.276569690727604,-10.898242005472843,9.807205108432353,-15.94186007602794,0.5700771643546478,2.2735284913760583,-6.314859292888313,-11.33503336156485,-6.94752395518501,11.38516591135826,-4.529854806586968,-3.628078676928132,3.9326693746888073
-1.9859517915128324,2.1831552424565857,-0.7910619443764423,-0.6747179271295749,1.9480974295869857,-0.2793449761045078,3.5993510933575132,2.106369187342735,0.23782704838812063,-2.2012550606883616,-2.387061054174084,-1.2781034864012297,1.8717134854885686,-1.4441950183332635,2.2535380754886543,-0.90001315056023,-1.9430166989552193,0.9646349651956645,1.8610737589859374,1.2564578070469687,0.7463177956999457,-0.22763226563070557,-1.929365499322307,-0.10705815848603588,-3.569663244429357,-0.7570258643938744,-0.5181393062958671,-1.3101477227935656,1.924990496178171,2.2530725962532103,-1.1241377638863614,-0.3515814435519391,-0.73157022758242,-0.11026786591959344,-1.0322268244986856,-1.9711621394561725,-2.461070871146464,-1.11765943918767,0.6741341531020728,-0.10875565147576113,-2.327855730910581,2.1322658442523763,0.8680433869203512,-0.5395956091420083,1.4038990861091278,-2.264348965843118,2.174097267036905,0.43910564298931903,0.042034557555821674,0.7619696146368413,1.1280544553266973,0.7307189127103784,-1.990136632164115,0.8857501965713597,1.0284748780236601,-0.08683778697492318
-7.65834691504704,5.64280608497099,-1.0560752809749399,-4.146685252668147,6.966453642423068,-5.535567853109877,14.79006183844835,8.398923121670204,-1.007607177990957,-6.359746804941227,-9.395149429934174,-4.0277808496995355,4.799228340052823,-4.138590551538508,8.787764805008537,-4.864927932412638,-8.186853177866281,1.8610737589859374,5.503292741167356,4.230550082435879,3.1860759899497886,-1.151116729382603,-6.150939536301212,-2.045658180291289,-13.37817415778196,-4.154650983158151,-2.7506359478772797,-6.202416153090675,5.021153333854812,7.977704292318283,-4.571001992725885,0.3190296026053684,-4.471871522406499,-2.08842609226558,-5.149740771811476,-6.24138476113319,-8.196285765481615,-1.0001285719009048,-0.7934756359594198,-1.4247293754538228,-8.277949218710855,6.917354923951226,2.879163174380702,-1.5537618833098388,6.186649777769149,-6.62957891636817,9.177642978530853,0.22030497170868774,-0.9352104322050622,3.530125431543273,6.082159612199271,3.7696197660294244,-7.0186287772082805,2.8922043005722005,2.6550305046309717,-1.7870100870241286
-6.200999703592388,4.194957806474711,-0.586368012339164,-3.565741962848052,5.5672117143796775,-5.082907658826621,12.098203211329565,6.837865971655814,-1.075209061086601,-4.862666386396594,-7.6329009697012005,-3.139920297620918,3.560069284933642,-3.1582721988376727,7.128636983546116,-4.127020247728839,-6.722455797527704,1.2564578070469687,4.230550082435879,3.3426725480644057,2.621292598938663,-0.968891047670034,-4.8067341294973325,-1.876390084778723,-10.780174454759878,-3.5304975030998156,-2.3286049089186487,-5.177100257032551,3.7419828965983823,6.36381868159549,-3.7329659894622913,0.48399067145758495,-3.8433227562570487,-1.9151143784058295,-4.327312224111917,-4.8704371809636795,-6.462180449317189,-0.3638273018465083,-1.0996806085479647,-1.2890729850756224,-6.608526704002349,5.425145548277701,2.2681800325073693,-1.1870705718046397,5.113495983182105,-5.084724872533603,7.53813461313693,-0.020095199750793467,-0.9050991786802871,2.9380966884823088,5.15814090012751,3.180524719187123,-5.594644612544457,2.2712961397495515,1.9731372141855263,-1.6426169885436137
-5.030181260555734,2.99533468269683,-0.18283178638320832,-3.1192938020854357,4.435909144708349,-4.777762099308879,9.947534825601656,5.587353400314864,-1.1547824692993118,-3.6319846116239307,-6.219621942549335,-2.4147969894439734,2.532796325712082,-2.351916944005369,5.796990165519989,-3.5524923577355243,-5.55508328358179,0.7463177956999457,3.1860759899497886,2.621292598938663,2.171594823406074,-0.8260799747432511,-3.7098915796008223,-1.7618329822361014,-8.68788255647433,-3.045273261898281,-1.9994268605511805,-4.368467572247638,2.682781425259255,5.057910259917626,-3.062794118692302,0.6385013290155422,-3.360019438817533,-1.7977075572027272,-3.6819274110976457,-3.7511818310159755,-5.052029882516443,0.19081385902283213,-1.3902183976715456,-1.193283382803854,-5.258156167569363,4.209187779935059,1.7711763957002338,-0.8855565458146423,4.261478665372745,-3.816010393373709,6.231388025080279,-0.2325639575131888,-0.8953106049753294,2.470233815157869,4.438527565800274,2.7197439353794675,-4.442021387578641,1.7655937845773533,1.408103054829822,-1.5456728206053176
1.893055013281836,-1.0477571029425319,0.011685129990826165,1.2181560478047326,-1.653771937477994,1.925747022829295,-3.7697117894049157,-2.110651631970914,0.4897144901809341,1.3058877406735032,2.346130527492064,0.8829806742228583,-0.8839223477383908,0.8441462892351183,-2.1844287842694805,1.37687381031052,2.1104746573924764,-0.22763226563070557,-1.151116729382603,-0.968891047670034,-0.8260799747432511,0.31871392846377455,1.3592554065179014,0.7098109673727785,3.2584973559933332,1.181436960172202,0.7740162190697244,1.6769663996308835,-0.9408394833848435,-1.88313515927119,1.1594099078353153,-0.28826012189206945,1.31178495966833,0.7241823655931323,1.419140217666573,1.3727687384171805,1.8642102510284886,-0.1666053486602442,0.6203728799866837,0.4778724642711998,1.9588352887674887,-1.5467013539178491,-0.6531529498538061,0.3181747307165267,-1.6258964762012555,1.375903574192759,-2.3678496559007414,0.12970982738746759,0.36836754318686266,-0.9465945327757944,-1.719999612805754,-1.050805581647636,1.6529235533047073,-0.6494698885175803,-0.49237636032628296,0.6232869059077458
8.831106144658047,-6.183283852112315,0.9852787710103005,4.961782211571916,-7.96961596766006,6.903017176951685,-17.161027249044864,-9.71729200799882,1.386295373587848,7.08545823308525,10.856026489288924,4.53954343247662,-5.2521940011062815,4.605570620292843,-10.144848057619747,5.772460928186873,9.521461622030793,-1.929365499322307,-6.150939536301212,-4.8067341294973325,-3.7098915796008223,1.3592554065179014,6.942565503415213,2.549275978778454,15.381676825052681,4.9348932736824676,3.259588287082121,7.286307790931728,-5.510024111139007,-9.116510067695245,5.2984986484082315,-0.5631375504529408,5.3491175325681954,2.6021361179236915,6.074653242695906,7.038614799421191,9.300536855792828,0.7674139569569762,1.3105594778365601,1.760109245283325,9.46411579132352,-7.824477965142738,-3.2654751499785943,1.730251351161026,-7.224141186999116,7.399703425482867,-10.675597018176587,-0.08231626358119677,1.2063496468623158,-4.1397002721812,-7.215479691110352,-4.4578395669038375,8.016964047481121,-3.2740732381948554,-2.908765041822405,2.2299566762183467
3.8999839303613983,-1.6180680085259498,-0.3642374612641302,2.810351362694327,-3.300737250689617,4.835347096224125,-7.94336191863677,-4.402043871090868,1.3836206043161896,2.2758516836349023,4.870384970331916,1.643672174683406,-1.3501313512980562,1.4605413368471887,-4.51924822100291,3.108022280592409,4.483034100044135,-0.10705815848603588,-2.045658180291289,-1.876390084778723,-1.7618329822361014,0.7098109673727785,2.549275978778454,1.7802187953598712,6.637584900773431,2.6744592228274415,1.7411104219294615,3.678734758067528,-1.4705969685051983,-3.7411725893309646,2.434516861447143,-0.9199374820190712,3.0238689385781865,1.8157429216971541,3.1512840992131013,2.5633441235875676,3.5885776484529752,-0.9876421882777804,1.938682272318989,1.180224246085002,3.8994358793087875,-2.9323241834017133,-1.2544321698868186,0.5528734786535476,-3.500065570897473,2.425259425095372,-5.032673796255895,0.5540066710758158,0.9725327962520848,-2.0653446174875043,-3.8806905427794485,-2.3501262534210703,3.2775849818478346,-1.2360894139449854,-0.7591198808515133,1.5667899666992364
20.33628499500116,-12.934686157156492,1.331886777951508,12.151757104395198,-18.09596820030803,17.99084047925498,-39.94597792673544,-22.506763230109957,4.096615710192625,15.316247379680117,25.08854791544527,10.03040933363056,-10.958490850579402,9.933608077600754,-23.407394844970103,13.947857771101505,22.252118338944125,-3.569663244429357,-13.37817415778196,-10.780174454759878,-8.68788255647433,3.2584973559933332,15.381676825052681,6.637584900773431,35.23895712118538,11.944462304888402,7.8597413752191745,17.319267901024524,-11.559962496349064,-20.659607367264567,12.312281589373722,-2.0836365316495096,13.093489116470531,6.773588968859036,14.538022414019474,15.569628170387357,20.80924531874417,0.21220655820784914,4.612067859399849,4.5254981934437435,21.465647083601407,-17.405019364084122,-7.299759558248209,3.736809169494805,-16.998854064816243,16.05235362016853,-24.956694941739045,0.5024686558349523,3.293506669605478,-9.810927276269634,-17.429565754646323,-10.712672051019037,18.153351285529453,-7.293606644419754,-6.08237407276143,5.817374355504107
6.9487572254184,-3.7286720759880185,-0.0413736068517621,4.536701390803706,-6.047366055452277,7.257122318848105,-13.87577058645254,-7.759149998534949,1.8788937538396209,4.703522977464052,8.619870750843765,3.203056315423153,-3.1423917776439136,3.038129609327554,-8.022411497223,5.112939103071177,7.7761548673348,-0.7570258643938744,-4.154650983158151,-3.5304975030998156,-3.045273261898281,1.181436960172202,4.9348932736824676,2.6744592228274415,11.944462304888402,4.388844620024778,2.872944023848366,6.204163257017246,-3.3520111718991896,-6.8823166529036985,4.265769461670664,-1.1288650123381063,4.884857412019881,2.7284956979080004,5.258576838565295,4.981507616881776,6.788196453330355,-0.7513919541464947,2.420534817680426,1.7965816682854063,7.1606870808155945,-5.622266320273058,-2.3777180438254213,1.1456424355400132,-6.000762368922097,4.961647846119087,-8.72510200773237,0.5383543447658489,1.3985121710096688,-3.4996268911003066,-6.386710398815014,-3.897360133094338,6.039607030407235,-2.361864868443605,-1.7519541565595667,2.3492256009203896
4.569991163739942,-2.482502593302034,-0.005465301231496824,2.9668113768260254,-3.983124897060309,4.72418614446977,-9.115760355132544,-5.099950941662256,1.2147080018502725,3.116577513352629,5.666961152829319,2.1163773401982966,-2.093026618187931,2.013684870471856,-5.275038285004638,3.347427234896664,5.106578774119974,-0.5181393062958671,-2.7506359478772797,-2.3286049089186487,-1.9994268605511805,0.7740162190697244,3.259588287082121,1.7411104219294615,7.8597413752191745,2.872944023848366,1.8812450942936922,4.067754238613937,-2.2307074451804048,-4.5340439890925115,2.8028964385413597,-0.7241610675603019,3.1946281261638556,1.7763172706937191,3.445662343669501,3.2910163357314453,4.478505759435582,-0.4580820620957276,1.5549200289980702,1.1705975545963843,4.716990624969506,-3.711827788778824,-1.5688595292852352,0.7592013143097209,-3.9380970317289057,3.2860493716230934,-5.7295863075563975,0.338000096348375,0.9077963891672896,-2.295148758161803,-4.181465374459813,-2.552801095709615,3.979220639198149,-1.5590356376217118,-1.1665019191407173,1.5291837414249978
10.049475614368525,-5.714065312397178,0.17119520270836447,6.382153902302391,-8.80909679221193,9.979005164619782,-19.96209079449146,-11.189491302329987,2.494352654919524,7.048957909341344,12.44427274206364,4.736703144989144,-4.824768911440973,4.559538073966306,-11.59092456184995,7.232963654513745,11.165681008105244,-1.3101477227935656,-6.202416153090675,-5.177100257032551,-4.368467572247638,1.6769663996308835,7.286307790931728,3.678734758067528,17.319267901024524,6.204163257017246,4.067754238613937,8.839396007630924,-5.126017602757282,-10.035715590716451,6.141926834299325,-1.4385900271083918,6.873393601068831,3.7533634246498457,7.469656213507075,7.361916162984053,9.967188380385116,-0.7032823786725986,3.1075967702046716,2.4818092682661512,10.436928220116108,-8.282260609310434,-3.4929572210620856,1.7179106521745424,-8.588936733720931,7.419192271672999,-12.52652646738446,0.6079557916789404,1.8954575580373998,-4.992704023353436,-9.03599062774937,-5.526214765698506,8.810610371206886,-3.476428828341384,-2.6855873523617566,3.2293017708457152
-6.578581345723424,5.3345427335868,-1.2573046612438397,-3.2908473499859014,6.080074973354674,-3.972437325845477,12.545026687176694,7.1662527481432194,-0.5276570977324522,-5.836794864750601,-8.037150546995464,-3.618051914556513,4.54715729167914,-3.8062238616905026,7.531638037962905,-3.9342533121717227,-6.910727869309973,1.924990496178171,5.021153333854812,3.7419828965983823,2.682781425259255,-0.9408394833848435,-5.510024111139007,-1.4705969685051983,-11.559962496349064,-3.3520111718991896,-2.2307074451804048,-5.126017602757282,4.7349004641666115,6.9776802245772,-3.885091619348948,-0.01996478401490535,-3.551585659116649,-1.5019999181678745,-4.218415056259739,-5.6001345181239355,-7.267879088998707,-1.4401624174056196,-0.08594253548408838,-1.0473670745843917,-7.2335107054620735,6.17119357307866,2.5554232091003057,-1.427218916960239,5.178708313082091,-6.063926253447911,7.744324938284168,0.4478283568084766,-0.6107215542541524,2.9285206528956813,4.920556522007668,3.0710494537965984,-6.144193570248407,2.5763231637768818,2.510844314572185,-1.2801332645358627
-11.902898652101253,7.815246162889086,-0.9552436659341721,-6.976389937385258,10.639721379026719,-10.137381682696502,23.30035921403854,13.148956270514313,-2.228220547623166,-9.152177629128536,-14.667676453446612,-5.950192499004135,6.627087993741068,-5.940192314069899,13.691838401526038,-8.040915751579375,-12.963103879911854,2.2530725962532103,7.977704292318283,6.36381868159549,5.057910259917626,-1.88313515927119,-9.116510067695245,-3.7411725893309646,-20.659607367264567,-6.8823166529036985,-4.5340439890925115,-10.035715590716451,6.9776802245772,12.154746152724574,-7.185629973088861,1.0720306149717016,-7.5182562862554345,-3.8180992545069734,-8.40616396680016,-9.232749320021355,-12.293729533843457,-0.41575930082871043,-2.400571694181616,-2.560232981789835,-12.625479157899969,10.302190772385632,4.313820266683822,-2.233594315532638,9.881410977973143,-9.580686633826025,14.53732127761537,-0.16434503789213484,-1.831042948244974,5.690242797616387,10.04901197405642,6.186325532282228,-10.682992049527595,4.315084931362285,3.6755195225232384,-3.2770153692638524
7.120498626891566,-4.341142501783047,0.33143184009500787,4.359282322752748,-6.299151892060395,6.600846277347392,-14.048147109181775,-7.89914879903671,1.564574044127723,5.218791474321152,8.797298300501359,3.4510828030781195,-3.6733793443262397,3.3813596727414494,-8.202407357895359,4.977980790313,7.838253373052484,-1.1241377638863614,-4.571001992725885,-3.7329659894622913,-3.062794118692302,1.1594099078353153,5.2984986484082315,2.434516861447143,12.312281589373722,4.265769461670664,2.8028964385413597,6.141926834299325,-3.885091619348948,-7.185629973088861,4.326959182391098,-0.8428495274411594,4.696184857236022,2.4841927076120838,5.169397404253825,5.359522853499514,7.198553150459119,-0.14958751602392897,1.8443791722746212,1.652551483986371,7.468657171011428,-6.005863289353514,-2.5242474352889923,1.2727455832058565,-6.004216417338739,5.478324242248695,-8.791970281918946,0.27557152568516563,1.2274058487679207,-3.475204140365769,-6.2199106612849056,-3.8152907870552437,6.311807255947861,-2.518356399811648,-2.0409854744773392,2.13510899674632
-1.2715874540420877,-0.04962354775583214,0.533452933763067,-1.2375109717833506,0.9626951962548945,-2.503549855871518,2.779143293217591,1.4927150966558664,-0.8513226981998241,-0.29940181206706135,-1.6274956744350866,-0.34859737482412295,-0.06266803960451324,-0.1787549603851749,1.493778009098028,-1.3032628196421472,-1.606004209315784,-0.3515814435519391,0.3190296026053684,0.48399067145758495,0.6385013290155422,-0.28826012189206945,-0.5631375504529408,-0.9199374820190712,-2.0836365316495096,-1.1288650123381063,-0.7241610675603019,-1.4385900271083918,-0.01996478401490535,1.0720306149717016,-0.8428495274411594,0.6481770548100982,-1.3291573950395792,-0.9378389487813922,-1.270578032417077,-0.5530174007030692,-0.900951643632385,1.010212723279886,-1.3376093975084324,-0.5938437140406775,-1.1260985767732716,0.6846990405796235,0.3116498156529911,-0.07067679198830783,1.301886845828063,-0.3536313761530727,1.8059402091707837,-0.48690299873222526,-0.545248086599349,0.7964469569912366,1.6254363190701742,0.964152887669395,-0.9322876665363239,0.2941833564363963,-0.02508288015819775,-0.8127832051764011
7.629284650413912,-3.9451014508569875,-0.15228903504145416,5.063774093186314,-6.610365377158794,8.206727516611753,-15.28345523273608,-8.533842969441963,2.166030534812187,5.050098440757892,9.474240211299485,3.4684767966433636,-3.3205544331909347,3.2590175751402666,-8.813313346712313,5.688379015178859,8.574902146747032,-0.73157022758242,-4.471871522406499,-3.8433227562570487,-3.360019438817533,1.31178495966833,5.3491175325681954,3.0238689385781865,13.093489116470531,4.884857412019881,3.1946281261638556,6.873393601068831,-3.551585659116649,-7.5182562862554345,4.696184857236022,-1.3291573950395792,5.451703568557242,3.0848258033914737,5.836222287381271,5.3965071552375985,7.3836537207777795,-1.002321830623426,2.839393233247259,2.0263962222955896,7.8245245075569265,-6.1029501329400935,-2.585491961120603,1.2296012305915665,-6.629857092113107,5.334924043216158,-9.622125563296127,0.6700015514063621,1.5942693501617178,-3.874070469354595,-7.10499901068559,-4.330044851664161,6.595955938736974,-2.5651263923104968,-1.853286660396457,2.657103053190701
3.9797697366366567,-1.652692992359924,-0.37059510778480026,2.866998199033793,-3.368563101013509,4.931823251398299,-8.105367955828774,-4.491949313618918,1.4108710223500742,2.3235786521574795,4.969919002966579,1.677792525425685,-1.3790788535062048,1.4912057183378467,-4.61164942986657,3.170841439122745,4.574367253077209,-0.11026786591959344,-2.08842609226558,-1.9151143784058295,-1.7977075572027272,0.7241823655931323,2.6021361179236915,1.8157429216971541,6.773588968859036,2.7284956979080004,1.7763172706937191,3.7533634246498457,-1.5019999181678745,-3.8180992545069734,2.4841927076120838,-0.9378389487813922,3.0848258033914737,1.8519771315768188,3.2151117350830645,2.6165308642663048,3.662702572579324,-1.0060319769340211,1.9764827596031058,1.2038178490919118,3.9795937863729094,-2.993029503555586,-1.2803521398643352,0.5644732346479406,-3.571245964224322,2.4760284260374243,-5.135196795258768,0.5645326240998494,0.9918270091138586,-2.107272830068699,-3.9591316356703383,-2.3976830695920515,3.344997482382939,-1.2616644264814894,-0.7753690152899338,1.5980468645527799
8.443959270532448,-4.698714698656126,0.07022757323290527,5.419552974797253,-7.381594641849239,8.549308111712435,-16.80651291561512,-9.412040003234765,2.166895160743193,5.844229802234926,10.463174537783438,3.9467081214421733,-3.964686114929527,3.778296162130591,-9.7427445883262,6.128879256950125,9.407457200563599,-1.0322268244986856,-5.149740771811476,-4.327312224111917,-3.6819274110976457,1.419140217666573,6.074653242695906,3.1512840992131013,14.538022414019474,5.258576838565295,3.445662343669501,7.469656213507075,-4.218415056259739,-8.40616396680016,5.169397404253825,-1.270578032417077,5.836222287381271,3.2151117350830645,6.319451217571359,6.135571501435816,8.327046788525621,-0.7130945482214822,2.736365790587124,2.122420284822287,8.743716207213252,-6.910900084768408,-2.917635131864039,1.4240010075421912,-7.245284324041914,6.15629415673934,-10.554571725337471,0.5651976462428567,1.633139417446366,-4.216906385631123,-7.6563225917857665,-4.678470880576578,7.378808476355583,-2.901708348854938,-2.2081433052677544,2.766984283558552
8.93677625083003,-6.285213859139934,1.0171442699554107,5.0056035735657565,-8.070472881595961,6.940739441795235,-17.357210252968294,-9.830785581169357,1.3835092937306386,7.191669319915581,10.98401340518042,4.602930621369647,-5.339385132490845,4.675079569817256,-10.265256189057299,5.8274980609748885,9.628405842190281,-1.9711621394561725,-6.24138476113319,-4.8704371809636795,-3.7511818310159755,1.3727687384171805,7.038614799421191,2.5633441235875676,15.569628170387357,4.981507616881776,3.2910163357314453,7.361916162984053,-5.6001345181239355,-9.232749320021355,5.359522853499514,-0.5530174007030692,5.3965071552375985,2.6165308642663048,6.135571501435816,7.136525381991254,9.424851672915173,0.8099130843023066,1.2920866611821666,1.771050544211309,9.58439498119576,-7.9312412013942275,-3.309261960427852,1.756260264399228,-7.3028034969049545,7.509407664245287,-10.79534784870643,-0.09812822760988203,1.2097391119826317,-4.183277873843125,-7.2843828152194146,-4.501600162637949,8.119494141458057,-3.3185189772110317,-2.956767052304657,2.2420225784903485
11.96556173930993,-8.149307156445989,1.170723542591986,6.850114176243601,-10.753338228441834,9.720317248123129,-23.327000700890558,-13.189033703963455,2.0368583825860744,9.424992016882957,14.724844259343312,6.07658011045053,-6.917179555234555,6.122418040450355,-13.753627698476269,7.936130325518388,12.958111378607382,-2.461070871146464,-8.196285765481615,-6.462180449317189,-5.052029882516443,1.8642102510284886,9.300536855792828,3.5885776484529752,20.80924531874417,6.788196453330355,4.478505759435582,9.967188380385116,-7.267879088998707,-12.293729533843457,7.198553150459119,-0.900951643632385,7.3836537207777795,3.662702572579324,8.327046788525621,9.424851672915173,12.495015525466439,0.7671958654302046,2.055176881471341,2.4676305166715435,12.765689107338348,-10.49415011491328,-4.385937771366819,2.300967085942021,-9.851882755043178,9.852958003270837,-14.530097981590748,0.009782913364589052,1.7248974825795194,-5.657756888378757,-9.919149656178893,-6.118464422122691,10.808437181899677,-4.393037978857546,-3.83320662856037,3.1410410305318046
