V1,V2,V3,V4,V5,V6,V7,V8,V9,V10,V11,V12,V13,V14,V15,V16,V17,V18,V19,V20,V21,V22,V23,V24,V25,V26,V27,V28,V29,V30,V31,V32,V33,V34,V35,V36,V37,V38,V39,V40,V41,V42,V43,V44,V45,V46,V47,V48,V49,V50,V51,V52,V53,V54,V55,V56
69692.61642540511,-42785.397635701906,3457.289318841602,42501.46549563567,-61711.92810789041,64129.8297464242,-137398.05779080573,-77283.55925789897,15106.28647662741,51306.42956755809,86082.77837627233,33873.74810450217,-36212.32911353299,33248.46620425243,-80270.80493383766,48573.2076843739,76642.9007289655,-11200.806130750185,-44916.734660521484,-36603.43862168151,-29943.248055007534,11319.255111489263,51996.78605821316,23653.02195390393,120548.0243215934,41619.4274289966,27351.781338579895,59991.24689501587,-38282.258154152456,-70404.980544376,42325.052423099005,-8071.36064577256,45786.92640986058,24135.36711434132,50470.939636710886,52602.88766382439,70594.87235282034,-1109.3798563809369,17689.344851995585,16067.254186352324,73175.58846009884,-58922.31041554908,-24755.032183907908,12513.600967506542,-58683.33374241684,53842.80864018965,-85968.11866851292,2538.9879662608596,11895.555348838285,-33950.58571826133,-60691.951624338595,-37239.69864325214,61846.99777806116,-24704.23525981137,-20115.67463356486,20741.09285810038
-42785.397635701906,26267.841065163055,-2122.4398007623613,-26092.62101662747,37886.013118881056,-39369.9987417319,84353.88515101322,47446.43633960732,-9275.674634308883,-31498.809062847362,-52849.38673319823,-20796.22074680853,22231.25182003915,-20411.70710340809,49280.407412910936,-29820.07512467373,-47053.04985306154,6877.1889773710345,27576.978317978777,22470.233233105002,18384.24369282385,-6948.214135818106,-31922.59400302202,-14521.51385445974,-74007.84800847305,-25550.95001130017,-16793.499196120934,-36830.20413902682,23502.63048118482,43224.23869547627,-25984.36448343455,4953.773821171505,-28110.51331048768,-14818.445072614843,-30984.921324930638,-32293.022699582703,-43339.50073054315,681.9872285804493,-10859.466065086042,-9863.584108642564,-44922.87665469277,36173.74356261689,15199.342796070283,-7682.1692758851095,36027.80620817757,-33057.243450572714,52776.25235155222,-1559.5764568757597,-7303.448178663967,20842.849410524726,37260.80847922202,22863.433380848295,-37969.67156458706,15166.892082688883,12350.542653842333,-12734.855130806696
3457.289318841602,-2122.4398007623613,171.50996909043437,2108.387935558267,-3061.382262122369,3181.344278538168,-6815.887542122119,-3833.8265030339157,749.3255528167183,2545.157011520417,4270.300548732906,1680.3762971420927,-1796.4121460650686,1649.3812336662616,-3982.0157215477743,2409.596461171337,3802.0489352313034,-555.6156062708828,-2228.145389128247,-1815.8551946487103,-1485.355088703055,561.5530971505057,2579.404802132427,1173.3507645785435,5980.052562461838,2064.6387353726645,1356.791855036533,2976.003781165909,-1899.0743179964809,-3492.5722949168353,2099.6356425836816,-400.45089172472404,2271.339350887958,1197.2493561887397,2503.7463791548266,2609.534188494483,3502.0404898068437,-54.99980176264735,877.5381674717595,797.0720852630554,3630.0999041372993,-2922.983814550768,-1227.9726688357491,620.7746746908018,-2911.1006737712037,2670.932352734874,-4264.7138957373545,125.92209685610607,590.089556380152,-1684.2084285915025,-3010.747872851328,-1847.32370813993,3068.0562525215005,-1225.498736709719,-997.8467521623188,1028.8597053470144
42501.46549563567,-26092.62101662747,2108.387935558267,25919.242783581438,-37634.53034993051,39108.966650816525,-83791.8242133016,-47130.94961215871,9212.86287776303,31289.04439803142,52497.319091856785,20657.77179383094,-22083.772524603173,20276.28985109565,-48952.70767437543,29622.022369069087,46740.227821708155,-6830.925655193473,-27392.5669114944,-22322.008548174563,-18261.043694732925,6902.742346508664,31710.04544914063,14424.737931836336,73515.59042005255,25381.294797373284,16680.706778659347,36585.32133581289,-23346.253228690937,-42936.269836973595,25811.667950266015,-4921.915632710099,27923.075280207595,14719.091847119376,30779.28738816123,32079.25664187732,43051.74785667317,-676.775041991472,10787.626679909217,9798.394349146285,44625.33483864238,-35933.385982272266,-15097.106161857399,7631.285493202569,-35787.83905064221,32836.161247584205,-52426.713117816864,1548.5916384913664,7254.5501278537495,-20704.495157792466,-37012.748471504565,-22710.668357151444,37717.08367060018,-15065.815552737531,-12267.679760302972,12649.173681148857
-61711.92810789041,37886.013118881056,-3061.382262122369,-37634.53034993051,54645.13686005321,-56786.1282596845,121664.45334914187,68433.67292555458,-13376.544994620102,-45431.26260401629,-76225.3371944005,-29994.816647082953,32065.553711620476,-29441.091575873095,71078.84356247536,-43010.97463907521,-67866.3703933666,9918.230507128521,39773.33346073617,32411.797348637523,26514.481889310326,-10022.997187174704,-46042.562675399226,-20944.490962513868,-106743.8543118533,-36853.48426830161,-24219.783710961277,-53121.53289998298,33898.492555270874,62342.82471465489,-37478.320728887535,7146.992583388449,-40543.827379713795,-21371.65844097129,-44691.377308075076,-46579.13856472975,-62510.87899265814,982.4070542578859,-15663.669784214151,-14227.325083208958,-64796.00127262166,52174.988450699246,21920.39645290024,-11080.627495466626,51963.431735346305,-47677.28708162257,76123.61268815427,-2248.301783255339,-10533.404469837278,30062.816143530235,53742.029086171555,32975.38001574657,-54764.79019895478,21875.327789995394,17812.261882124134,-18366.086067720094
64129.8297464242,-39369.9987417319,3181.344278538168,39108.966650816525,-56786.1282596845,59011.14188915194,-126430.3025168593,-71114.65083176647,13900.078276307433,47210.95169019568,79211.2743254169,31169.828745663286,-33321.919229163155,30594.623815347477,-73863.44574544497,44696.0921771775,70525.15103197952,-10306.552325035378,-41331.03816029956,-33682.104687971834,-27552.788872449182,10415.987907060773,47846.212676996096,21764.91903034643,110925.62060089043,38297.378267206375,25168.119666039893,55202.6484051458,-35226.46881744176,-64784.9388682824,38946.62442652527,-7427.468666853739,42131.952345422775,22208.553099498185,46442.402852285544,48404.37267925051,64960.017121735706,-1020.5893535988628,16277.479240906981,14784.876499346883,67334.99721195531,-54219.08991684978,-22778.634013440675,11514.811679540146,-53998.986637740556,49544.53582286208,-79106.4844309844,2336.106573873526,10945.913755895352,-31240.675803198817,-55847.31007821278,-34266.90286661619,56910.2248432423,-22732.221197110946,-18509.746077199605,19085.151424300624
-137398.05779080573,84353.88515101322,-6815.887542122119,-83791.8242133016,121664.45334914187,-126430.3025168593,270886.1076069208,152365.61025590956,-29786.09048749812,-101152.4112146622,-169715.60201302546,-66783.13082401043,71391.94680648488,-65548.77532604324,158255.06356113273,-95761.97132977695,-151102.3730256264,22084.34982367623,88557.4895642534,72160.17295656566,59036.7677993602,-22313.603013855478,-102513.34767924072,-46632.99941503071,-237662.62247908328,-82052.46080471459,-53928.22689807616,-118273.5270384411,75474.33931667607,138806.27682788396,-83444.14771670554,15909.145025819109,-90271.32488900948,-47585.9838380056,-99502.8183823696,-103704.07195091424,-139177.33012885737,2189.448994626174,-34873.54350608798,-31675.47544652055,-144262.74392293568,116165.56711588587,48808.8457435255,-24670.071252944246,115696.38007883781,-106156.1512641924,169482.64185123018,-5007.727081249319,-23453.38606128161,66933.24791553477,119656.04066687867,73421.07880881427,-121932.60059067144,48705.50905704152,39660.8350916823,-40894.743701487634
-77283.55925789897,47446.43633960732,-3833.8265030339157,-47130.94961215871,68433.67292555458,-71114.65083176647,152365.61025590956,85701.89736830373,-16752.83854868051,-56895.42235108346,-95460.19755531862,-37563.69841070609,40156.54120781527,-36869.8654912251,89014.54668929182,-53863.966996053285,-84991.39854828524,12421.379493615872,49810.38827759037,40589.47185268189,33205.7976674958,-12551.561256591058,-57660.95153951932,-26229.702150023397,-133679.20337002527,-46152.71687800889,-30332.20072309817,-66525.94902297761,42452.351762859464,78074.56150654337,-46935.348318541335,8949.555630701389,-50774.88288584186,-26765.143692751048,-55968.25833494086,-58331.91111066644,-78284.22627872822,1230.852915962706,-19615.86723227405,-17817.05953025632,-81145.3616958482,65340.43353854528,27452.628866480758,-13876.501755118488,65075.96134719754,-59708.97628757236,95331.14569747298,-2816.124595399298,-13191.625213137324,37648.526797097395,67303.27594582272,41296.82613472586,-68583.96249559123,27395.425658709333,22307.524187074396,-23001.308363312804
15106.28647662741,-9275.674634308883,749.3255528167183,9212.86287776303,-13376.544994620102,13900.078276307433,-29786.09048749812,-16752.83854868051,3276.728864796722,11122.340388449791,18661.47424392773,7343.160290585126,-7849.14046897091,7206.730268738288,-17400.41604649716,10528.830963603776,16613.865338994645,-2429.007955757127,-9738.596630428261,-7932.344700361182,-6492.622472245803,2452.322946030278,11271.929854322712,5127.699874165576,26131.60536608985,9021.433011614341,5931.1822660229755,13004.336061614973,-8298.66904159598,-15262.800305906163,9174.68816029724,-1747.6163612497667,9926.254842250753,5233.382464300552,10939.894450547794,11400.98199881996,15302.126340632105,-241.7494382515914,3833.849187186296,3482.1748909788816,15860.163860766123,-12772.326658229607,-5368.361311091997,2712.2187369398384,-12721.60620067639,11673.94436797385,-18632.79636195229,551.527911693885,2579.239263643239,-7359.057900606518,-13156.818777952014,-8073.868919561809,13406.849772406493,-5355.586498754798,-4361.881936183424,4497.944450085922
51306.42956755809,-31498.809062847362,2545.157011520417,31289.04439803142,-45431.26260401629,47210.95169019568,-101152.4112146622,-56895.42235108346,11122.340388449791,37771.65248620472,63374.035913320986,24937.714300006828,-26658.798388897794,24476.87069487511,-59094.62315288239,35758.88239076293,56423.721089194245,-8246.508708401947,-33068.408938414184,-26945.81118736973,-22044.977644406626,8332.33428856484,38279.850064347534,17413.36757078036,88746.47824004438,30639.563844926404,20137.348674310866,44164.97081273436,-28183.143516626817,-51832.083677535804,31159.211296024176,-5940.882351954933,33708.468366845445,17769.12133290057,37155.79523946381,38724.69924398315,51970.81072740916,-817.4526805807147,13022.326376306728,11828.128445024404,53869.90352404321,-43377.85642524159,-18225.694099473687,9212.179689070017,-43202.555120089295,39639.95118029934,-63287.40032676102,1869.8479551760206,8757.759737853463,-24993.84032296719,-44681.16540720849,-27416.316446299083,45531.296820740215,-18187.270261838283,-14809.7749185364,15270.487837916933
86082.77837627233,-52849.38673319823,4270.300548732906,52497.319091856785,-76225.3371944005,79211.2743254169,-169715.60201302546,-95460.19755531862,18661.47424392773,63374.035913320986,106330.25138776998,41840.98992458752,-44728.56496045318,41067.693284418245,-99150.05843042184,59996.87493802097,94668.7572830041,-13836.240750769462,-55482.977960225435,-45209.9686967973,-36987.647052066415,13980.013812308658,64226.695002805835,29216.512207264957,148900.5159974874,51407.58525967549,33787.02111259541,74100.80454897508,-47286.21820946137,-86964.93277953683,52279.48735050026,-9967.528310816642,56556.78830563,29813.509249041617,62340.61047353611,64972.845517510454,87197.51473305475,-1371.6598233999496,21849.03538605493,19845.38280785504,90383.71280467878,-72780.14280945102,-30579.61768425311,15456.331258920882,-72486.12259160334,66508.87649783715,-106184.52313246498,3137.3759363326194,14693.992831191586,-41935.08574327953,-74966.94345065499,-45999.73795951458,76393.27520987844,-30514.980604120155,-24848.24965722398,25621.288884984642
33873.74810450217,-20796.22074680853,1680.3762971420927,20657.77179383094,-29994.816647082953,31169.828745663286,-66783.13082401043,-37563.69841070609,7343.160290585126,24937.714300006828,41840.98992458752,16464.455713308373,-17600.78805134928,16160.22576042371,-39015.66065317243,23608.870614621777,37252.27228841551,-5444.505488772629,-21832.47717080698,-17790.33366637952,-14554.554185400048,5501.249086952656,25273.240982984553,11496.702276551481,58592.505059152085,20228.97665036265,13295.081493001353,29158.754374706234,-18607.16839432492,-34220.72755441157,20572.049795281808,-3922.3784038765616,22255.092028904233,11731.541065657979,24531.155266341568,25567.018260644498,34312.38000665531,-539.6592535346092,8597.669914171598,7809.234001061836,35566.251503506326,-28639.093640849638,-12032.95877955302,6082.110767971385,-28523.31898066749,26171.149905912764,-41783.91834802915,1234.4790828384741,5782.05841048838,-16501.53649163598,-29499.538990164256,-18100.851668739702,30060.826999975994,-12007.649985933534,-9777.716321283237,10081.872992484228
-36212.32911353299,22231.25182003915,-1796.4121460650686,-22083.772524603173,32065.553711620476,-33321.919229163155,71391.94680648488,40156.54120781527,-7849.14046897091,-26658.798388897794,-44728.56496045318,-17600.78805134928,18815.954006086245,-17275.927827555082,41708.712047799105,-25238.65815084344,-39823.65772547676,5819.898098957352,23338.6576164359,19019.23942743971,15558.4403281144,-5881.54149577919,-27017.510681633452,-12290.094998488536,-62636.74624327695,-21625.4745612213,-14211.900538999113,-31171.455058732492,19891.45484823655,36582.388161087125,-21992.10464889735,4193.962595500732,-23790.848795640548,-12540.675080971747,-26224.731953510647,-27332.535714980615,-36681.13134170839,576.3820569764454,-9191.412780685449,-8348.57647561638,-38022.127655161414,30616.048492528767,12862.62569470732,-6502.083315672853,30491.83148969474,-27976.628270650097,44669.14359510232,-1319.2111315891634,-6180.905468781087,17640.743487029842,31535.517589446983,19349.692510602923,-32135.69342049611,12836.30432696006,10452.04927137576,-10776.995982321241
33248.46620425243,-20411.70710340809,1649.3812336662616,20276.28985109565,-29441.091575873095,30594.623815347477,-65548.77532604324,-36869.8654912251,7206.730268738288,24476.87069487511,41067.693284418245,16160.22576042371,-17275.927827555082,15861.948255841087,-38294.996494488005,23172.957179437613,36564.22678862993,-5343.566365873107,-21428.481748844417,-17462.563618899014,-14285.047966505075,5400.14747165479,24806.223440604776,11284.19574787042,57510.1444952266,19855.500091906724,13048.720184318747,28620.177638838246,-18263.4083867077,-33588.25211818661,20192.1250227865,-3850.686353609187,21843.656179090052,11514.274404288637,24078.32192068875,25095.44828520234,33678.90028162121,-529.2162860442619,8439.12220408486,7665.268797250336,34910.13052429543,-28110.227327056164,-11809.879237113862,5969.907103821429,-27996.184753338497,25686.85396395318,-41013.107976895655,1211.2463247649896,5675.024079903243,-16196.905697671076,-28954.447285143837,-17765.996089941655,29505.498262822766,-11785.69965838992,-9596.594499001692,9894.949042733744
-80270.80493383766,49280.407412910936,-3982.0157215477743,-48952.70767437543,71078.84356247536,-73863.44574544497,158255.06356113273,89014.54668929182,-17400.41604649716,-59094.62315288239,-99150.05843042184,-39015.66065317243,41708.712047799105,-38294.996494488005,92455.24671578956,-55945.97798471809,-88276.59057972062,12901.521392050168,51735.74499916113,42158.35409603237,34489.32737939892,-13036.700153258229,-59889.737803017415,-27243.56609041267,-138846.3402018043,-47936.66261404131,-31504.66474553012,-69097.39294339194,44093.27713709678,81092.40797538882,-48749.55219996406,9295.455156091193,-52737.50849442246,-27799.72253937605,-58131.60574312857,-60586.60575620802,-81310.1515741348,1278.445251896643,-20374.072432977577,-18505.734689099947,-84281.864772754,67866.04444791496,28513.793380701274,-14412.864725958347,67591.36634460949,-62016.94996469433,99015.9713481645,-2924.9928781805374,-13701.531358962784,39103.76009871188,69904.77074888167,42893.09896686332,-71234.95824652638,28454.352373154215,23169.796580328046,-23890.40733141394
48573.2076843739,-29820.07512467373,2409.596461171337,29622.022369069087,-43010.97463907521,44696.0921771775,-95761.97132977695,-53863.966996053285,10528.830963603776,35758.88239076293,59996.87493802097,23608.870614621777,-25238.65815084344,23172.957179437613,-55945.97798471809,33853.789907259175,53417.4382578769,-7806.70232225024,-31305.65973212212,-25511.045763599814,-20869.637419223905,7888.954385326843,36240.02910885007,16485.390274585727,84017.83920691903,29007.243052110724,19063.515379490877,41811.820137201714,-26681.433325022954,-49069.968941728264,29499.07743869568,-5625.19999110908,31912.028682320193,16821.712328118014,35176.403918081945,36662.16244764764,49202.081536872305,-773.3617738278339,12328.773081436093,11198.225363937521,51000.573941488765,-41066.77030953374,-17253.681419847577,8721.499562146437,-40900.35070118922,37526.880077151916,-59916.4715944835,1769.7339804502499,8290.870888745796,-23662.326789088653,-42300.26252761767,-25954.95847113998,43105.24515911757,-17218.051594252815,-14020.106616930088,14456.064492325397
76642.9007289655,-47053.04985306154,3802.0489352313034,46740.227821708155,-67866.3703933666,70525.15103197952,-151102.3730256264,-84991.39854828524,16613.865338994645,56423.721089194245,94668.7572830041,37252.27228841551,-39823.65772547676,36564.22678862993,-88276.59057972062,53417.4382578769,84286.80242824879,-12318.3654289326,-49397.36616901319,-40253.060171614976,-32930.4342242528,12447.558256056434,57182.90187472788,26012.22953273381,132570.95535554012,45770.11683827344,30080.652345561044,65974.43382861893,-42100.40565286892,-77427.2591443901,46546.251925768265,-8875.438692323798,50353.90578820696,26543.19069411295,55504.30023251166,57848.39840302693,77635.2581283183,-1220.5968969372782,19453.27141257789,17669.378844846255,80472.73424370434,-64798.75262692952,-27224.95449807375,13761.471717701921,-64536.432364262124,59213.87405852398,-94540.93318093602,2792.7328055816997,13082.236753709834,-37336.43071796075,-66745.28927053799,-40954.40740347513,68015.37608224784,-27168.292441170954,-22122.528358660176,22810.54502851263
-11200.806130750185,6877.1889773710345,-555.6156062708828,-6830.925655193473,9918.230507128521,-10306.552325035378,22084.34982367623,12421.379493615872,-2429.007955757127,-8246.508708401947,-13836.240750769462,-5444.505488772629,5819.898098957352,-5343.566365873107,12901.521392050168,-7806.70232225024,-12318.3654289326,1800.7436084356661,7220.199066769567,5881.974843661099,4813.509436901017,-1818.6065475923901,-8357.434300441311,-3801.8277036383997,-19375.194674603514,-6689.047633355625,-4397.1549866892165,-9642.065656373827,6152.999784492813,11316.339715421014,-6802.607717232796,1296.2622773184328,-7359.5771719900085,-3879.912655524949,-8111.562495170454,-8453.693523403024,-11345.947089086103,178.93411113812874,-2842.772667842938,-2582.0368892544407,-11760.045368321022,9470.111893588048,3979.8345807493183,-2011.061008443274,9432.241496679622,-8655.054896924386,13815.915356938805,-408.6492319336866,-1912.2213819649403,5456.479653548893,9754.977735920897,5986.027023780223,-9940.450206288682,3970.792605270876,3233.7735442895596,-3334.5387483932896
-44916.734660521484,27576.978317978777,-2228.145389128247,-27392.5669114944,39773.33346073617,-41331.03816029956,88557.4895642534,49810.38827759037,-9738.596630428261,-33068.408938414184,-55482.977960225435,-21832.47717080698,23338.6576164359,-21428.481748844417,51735.74499916113,-31305.65973212212,-49397.36616901319,7220.199066769567,28951.673685574897,23588.970918494146,19300.86689482191,-7293.901853583448,-33513.28637334401,-15245.177130458178,-77695.28800009377,-26823.824410862228,-17630.980412149558,-38665.2063298278,24673.682959329784,45378.204233012,-27278.940895002037,5199.851825545629,-29511.435362663087,-15557.31283819796,-32528.42971801269,-33901.31973699862,-45498.539090217906,716.4287564487585,-11400.272394997757,-10354.753050632627,-47160.29863182163,37975.930851778925,15957.426369561896,-8064.788806082134,37823.11731190998,-34705.142808953875,55404.80521192381,-1637.699285094251,-7667.5608582515415,21881.152124115735,39117.480119541084,24003.07525298695,-39861.53372171147,15922.715586448374,12966.39685339728,-13370.035661732094
-36603.43862168151,22470.233233105002,-1815.8551946487103,-22322.008548174563,32411.797348637523,-33682.104687971834,72160.17295656566,40589.47185268189,-7932.344700361182,-26945.81118736973,-45209.9686967973,-17790.33366637952,19019.23942743971,-17462.563618899014,42158.35409603237,-25511.045763599814,-40253.060171614976,5881.974843661099,23588.970918494146,19225.77123824229,15724.980932246222,-5945.8625651972925,-27308.432674578853,-12422.323172420196,-63311.8432905121,-21858.921886109933,-14363.711472516808,-31507.53333264071,20105.78055378437,36976.089447297454,-22229.304918649897,4240.529839754839,-24046.686801069012,-12674.852184696876,-26507.955871464823,-27628.40981367738,-37077.125137144416,581.7493619456034,-9290.966653979498,-8439.07826139317,-38433.50325245163,30946.338608104626,12999.835103135554,-6572.430376836764,30820.057717405252,-28276.654093154513,45152.45863802586,-1332.6657345563756,-6247.123217724762,17831.225186045096,31875.128112531907,19557.380033770034,-32482.006318652682,12974.409926638476,10563.809194285364,-10891.929935240487
-29943.248055007534,18384.24369282385,-1485.355088703055,-18261.043694732925,26514.481889310326,-27552.788872449182,59036.7677993602,33205.7976674958,-6492.622472245803,-22044.977644406626,-36987.647052066415,-14554.554185400048,15558.4403281144,-14285.047966505075,34489.32737939892,-20869.637419223905,-32930.4342242528,4813.509436901017,19300.86689482191,15724.980932246222,12867.18515527396,-4862.15058863084,-22341.542677276942,-10163.193611824177,-51795.152808284976,-17881.844995835432,-11754.028909380035,-25775.918567998997,16448.59823462354,30251.32364099916,-18185.305873633908,3466.0280674846376,-19673.824385117576,-10371.509963741304,-21684.722830896233,-22599.731331816638,-30331.15995217558,477.86913086109246,-7599.779883477249,-6902.779606526298,-31438.668627957162,25316.35891754606,10638.377950404718,-5376.267814957271,25214.711895006443,-23136.474210306216,36934.73047618349,-1092.0023988854655,-5111.665224385438,14586.842853352418,26077.549925806,16001.794685833944,-26573.49366401952,10614.871027574984,8644.262636705029,-8913.446750882302
11319.255111489263,-6948.214135818106,561.5530971505057,6902.742346508664,-10022.997187174704,10415.987907060773,-22313.603013855478,-12551.561256591058,2452.322946030278,8332.33428856484,13980.013812308658,5501.249086952656,-5881.54149577919,5400.14747165479,-13036.700153258229,7888.954385326843,12447.558256056434,-1818.6065475923901,-7293.901853583448,-5945.8625651972925,-4862.15058863084,1839.0438436655454,8444.48633644981,3841.2616537449126,19577.96071255281,6759.6069539749715,4441.110984213987,9743.14302026159,-6217.295604428179,-11433.887868084508,6874.055097084365,-1311.8902616802843,7435.722162733789,3919.0273544599627,8197.319472768673,8544.104361607395,11465.660847891344,-179.53033826059615,2873.2622266898916,2609.8460457264673,11885.495048921273,-9569.689628993277,-4019.3333200247152,2032.512244520089,-9530.327110988448,8743.358073897814,-13963.330358768324,411.7717384098397,1931.629305316927,-5514.111936520417,-9856.645600682466,-6047.368702534464,10044.411753998009,-4011.97976256169,-3266.268655909071,3367.5921128512846
51996.78605821316,-31922.59400302202,2579.404802132427,31710.04544914063,-46042.562675399226,47846.212676996096,-102513.34767924072,-57660.95153951932,11271.929854322712,38279.850064347534,64226.695002805835,25273.240982984553,-27017.510681633452,24806.223440604776,-59889.737803017415,36240.02910885007,57182.90187472788,-8357.434300441311,-33513.28637334401,-27308.432674578853,-22341.542677276942,8444.48633644981,38794.88989938955,17647.65444028784,89940.54976777143,31051.831048824668,20408.234882414858,44759.20837435997,-28562.339398797158,-52529.45241832405,31578.459790281962,-6020.877747401033,34161.98611488472,18008.159347221426,37655.744546170754,39245.79023684593,52670.10062411989,-828.4148538741096,13197.562989381,11987.298459663416,54594.78362754581,-43961.515535451574,-18470.85388830885,9336.142229669114,-43783.82212652057,40173.23681639721,-64139.003608046914,1894.9723763007482,8875.577374966058,-25330.143115087514,-45282.333158581,-27785.161952366892,46143.911422554476,-18431.96709746186,-15009.00146073126,15475.896926268037
23653.02195390393,-14521.51385445974,1173.3507645785435,14424.737931836336,-20944.490962513868,21764.91903034643,-46632.99941503071,-26229.702150023397,5127.699874165576,17413.36757078036,29216.512207264957,11496.702276551481,-12290.094998488536,11284.19574787042,-27243.56609041267,16485.390274585727,26012.22953273381,-3801.8277036383997,-15245.177130458178,-12422.323172420196,-10163.193611824177,3841.2616537449126,17647.65444028784,8027.867119705303,40913.55906013351,14125.301726537178,9283.761390856056,20360.753534513788,-12992.887609894275,-23895.478488885998,14364.88236626178,-2738.7274607934755,15540.198395588162,8191.93704656454,17129.3693878255,17852.599688965136,23959.329044916,-376.93231647621195,6003.462508902122,5452.914932417258,24834.75828385947,-19997.86827446506,-8402.45938066583,4246.943377554026,-19917.111924520923,18274.789123120703,-29176.34934256396,862.0951362002322,4037.5039562315797,-11522.532113319106,-20598.763860130402,-12639.43960772935,20990.66573473141,-8384.646609261576,-6827.62501572441,7040.046938865747
120548.0243215934,-74007.84800847305,5980.052562461838,73515.59042005255,-106743.8543118533,110925.62060089043,-237662.62247908328,-133679.20337002527,26131.60536608985,88746.47824004438,148900.5159974874,58592.505059152085,-62636.74624327695,57510.1444952266,-138846.3402018043,84017.83920691903,132570.95535554012,-19375.194674603514,-77695.28800009377,-63311.8432905121,-51795.152808284976,19577.96071255281,89940.54976777143,40913.55906013351,208515.0291077403,71989.70301147274,47312.914304221966,103768.255454755,-66217.89451702953,-121782.09472715993,73210.50523687903,-13959.411241750502,79199.6057005904,41748.89166914395,87300.11382907955,90986.84667307783,122108.90771000569,-1920.0574509134476,30597.06108173803,27791.245851207877,126571.59058684266,-101919.02523980556,-42821.32748880749,21644.741943400095,-101506.63298422442,93135.31782606873,-148698.75901725778,4392.77797885872,20576.586220539833,-58724.7330311851,-104980.80964962847,-64415.62693084787,106978.40741336353,-42731.88089540378,-34795.801413635105,35878.041965137425
41619.4274289966,-25550.95001130017,2064.6387353726645,25381.294797373284,-36853.48426830161,38297.378267206375,-82052.46080471459,-46152.71687800889,9021.433011614341,30639.563844926404,51407.58525967549,20228.97665036265,-21625.4745612213,19855.500091906724,-47936.66261404131,29007.243052110724,45770.11683827344,-6689.047633355625,-26823.824410862228,-21858.921886109933,-17881.844995835432,6759.6069539749715,31051.831048824668,14125.301726537178,71989.70301147274,24854.536224530704,16334.2790046488,35825.97502455105,-22861.670774813265,-42044.99865833353,25275.94827179379,-4819.9582425252165,27343.418335670365,14413.436122056171,30140.520226579345,31413.612127695418,42158.261960612625,-662.6018921801433,10563.790601013021,9595.095670073222,43699.32756750444,-35187.598187786825,-14783.540812211666,7472.929079491276,-35044.965596005895,32154.389795314404,-51338.82570308261,1516.3360081813867,7103.914880542424,-20274.806223941567,-36244.470762191704,-22239.157649987537,36934.22284000283,-14753.073461596421,-12012.917996301097,12386.44615122355
27351.781338579895,-16793.499196120934,1356.791855036533,16680.706778659347,-24219.783710961277,25168.119666039893,-53928.22689807616,-30332.20072309817,5931.1822660229755,20137.348674310866,33787.02111259541,13295.081493001353,-14211.900538999113,13048.720184318747,-31504.66474553012,19063.515379490877,30080.652345561044,-4397.1549866892165,-17630.980412149558,-14363.711472516808,-11754.028909380035,4441.110984213987,20408.234882414858,9283.761390856056,47312.914304221966,16334.2790046488,10737.269782853567,23545.294052734578,-15025.193039056578,-27633.614844221625,16611.54019575057,-3165.674577185361,17971.46843866238,9474.277608540357,19808.003970402024,20643.615835752822,27706.173257091046,-436.76843441514563,6941.96382611726,6305.2710130312735,28717.563937099796,-23125.441842084394,-9718.184529197317,4910.935061953102,-23032.80984865609,21134.744997794227,-33737.920161296475,997.732378866934,4669.432441938088,-13324.425529589793,-23820.93888669325,-14617.292839158303,24273.896093553067,-9696.356254562912,-7896.472749850224,8142.46233508653
59991.24689501587,-36830.20413902682,2976.003781165909,36585.32133581289,-53121.53289998298,55202.6484051458,-118273.5270384411,-66525.94902297761,13004.336061614973,44164.97081273436,74100.80454897508,29158.754374706234,-31171.455058732492,28620.177638838246,-69097.39294339194,41811.820137201714,65974.43382861893,-9642.065656373827,-38665.2063298278,-31507.53333264071,-25775.918567998997,9743.14302026159,44759.20837435997,20360.753534513788,103768.255454755,35825.97502455105,23545.294052734578,51640.658846244565,-32953.56752578264,-60605.23470815958,36433.49097040918,-6947.098316061184,39413.90622851471,20776.37935163616,43445.27930271181,45280.0716830587,60768.007113979846,-955.4317362572747,15226.790011049728,13830.46952141084,62988.97902947803,-50720.40279223825,-21310.03446347196,10771.61176562887,-50515.096443981995,46348.96263204331,-74000.67688568664,2185.999262755202,10239.968645133458,-29224.61346483922,-52244.04751865358,-32056.575012971432,53238.18536462548,-21265.64791235293,-17316.15824999173,17854.704462930145
-38282.258154152456,23502.63048118482,-1899.0743179964809,-23346.253228690937,33898.492555270874,-35226.46881744176,75474.33931667607,42452.351762859464,-8298.66904159598,-28183.143516626817,-47286.21820946137,-18607.16839432492,19891.45484823655,-18263.4083867077,44093.27713709678,-26681.433325022954,-42100.40565286892,6152.999784492813,24673.682959329784,20105.78055378437,16448.59823462354,-6217.295604428179,-28562.339398797158,-12992.887609894275,-66217.89451702953,-22861.670774813265,-15025.193039056578,-32953.56752578264,21028.750630975956,38674.24394919962,-23249.372645959727,4432.992171121731,-25151.368553873093,-13258.209920503314,-27723.77031858727,-28894.518767826426,-38777.95534827617,609.8010546991684,-9716.645608708724,-8825.604088349683,-40195.110478440045,32366.295576310098,13598.809812481875,-6873.680086086034,32235.377156001363,-29576.972652670942,47221.994359687684,-1395.056055415319,-6534.508055216698,18649.130269194487,33338.65939419881,20456.453139077166,-33973.02140921054,13570.332102049471,11050.117658957435,-11393.824494475955
-70404.980544376,43224.23869547627,-3492.5722949168353,-42936.269836973595,62342.82471465489,-64784.9388682824,138806.27682788396,78074.56150654337,-15262.800305906163,-51832.083677535804,-86964.93277953683,-34220.72755441157,36582.388161087125,-33588.25211818661,81092.40797538882,-49069.968941728264,-77427.2591443901,11316.339715421014,45378.204233012,36976.089447297454,30251.32364099916,-11433.887868084508,-52529.45241832405,-23895.478488885998,-121782.09472715993,-42044.99865833353,-27633.614844221625,-60605.23470815958,38674.24394919962,71126.5095063397,-42758.110790290244,8152.162946848879,-46256.43076104865,-24383.76646182696,-50986.847059699314,-53139.66975301143,-71316.70094718259,1121.8691210689228,-17869.78010955697,-16231.040716970487,-73922.5896949113,59525.09360863412,25010.358626556765,-12641.349338952758,59284.639973953,-54396.02493002477,86845.67850376305,-2566.00272620792,-12017.86840416685,34297.67284465358,61313.63932305437,37622.08452249347,-62480.19467558535,24957.463620570416,20322.800068883393,-20955.057997894903
42325.052423099005,-25984.36448343455,2099.6356425836816,25811.667950266015,-37478.320728887535,38946.62442652527,-83444.14771670554,-46935.348318541335,9174.68816029724,31159.211296024176,52279.48735050026,20572.049795281808,-21992.10464889735,20192.1250227865,-48749.55219996406,29499.07743869568,46546.251925768265,-6802.607717232796,-27278.940895002037,-22229.304918649897,-18185.305873633908,6874.055097084365,31578.459790281962,14364.88236626178,73210.50523687903,25275.94827179379,16611.54019575057,36433.49097040918,-23249.372645959727,-42758.110790290244,25704.54668826355,-4901.428609412161,27807.22061754068,14658.050205038873,30651.533543605678,31946.076037557847,42873.05581417876,-674.001959401496,10742.835552401972,9757.707445033075,44440.07627710333,-35784.24793587126,-15034.517800859508,7599.601133899821,-35639.33842258046,32699.955427601613,-52209.06808963184,1542.1985908328268,7224.460382059332,-20618.559576550673,-36859.15827972795,-22616.456467695243,37560.56315024325,-15003.303266733088,-12216.804447364202,12596.732134994178
-8071.36064577256,4953.773821171505,-400.45089172472404,-4921.915632710099,7146.992583388449,-7427.468666853739,15909.145025819109,8949.555630701389,-1747.6163612497667,-5940.882351954933,-9967.528310816642,-3922.3784038765616,4193.962595500732,-3850.686353609187,9295.455156091193,-5625.19999110908,-8875.438692323798,1296.2622773184328,5199.851825545629,4240.529839754839,3466.0280674846376,-1311.8902616802843,-6020.877747401033,-2738.7274607934755,-13959.411241750502,-4819.9582425252165,-3165.674577185361,-6947.098316061184,4432.992171121731,8152.162946848879,-4901.428609412161,936.3116866747823,-5301.406641356267,-2793.6731799909944,-5845.208324226211,-6092.946339370575,-8175.63822558942,127.44380530551015,-2049.010659675975,-1861.211862571241,-8475.606833917871,6823.555973332207,2864.900185432603,-1449.3944234643577,6795.0052183758235,-6233.154212732446,9957.336828669218,-293.08980999726424,-1377.016768280244,3931.8871461374197,7027.766281431113,4311.29809982437,-7161.802425089942,2860.4455024240615,2328.308508268916,-2400.334150285729
45786.92640986058,-28110.51331048768,2271.339350887958,27923.075280207595,-40543.827379713795,42131.952345422775,-90271.32488900948,-50774.88288584186,9926.254842250753,33708.468366845445,56556.78830563,22255.092028904233,-23790.848795640548,21843.656179090052,-52737.50849442246,31912.028682320193,50353.90578820696,-7359.5771719900085,-29511.435362663087,-24046.686801069012,-19673.824385117576,7435.722162733789,34161.98611488472,15540.198395588162,79199.6057005904,27343.418335670365,17971.46843866238,39413.90622851471,-25151.368553873093,-46256.43076104865,27807.22061754068,-5301.406641356267,30082.456130570743,15857.894114714622,33158.60890448909,34558.537428043775,46379.88551237759,-729.7559137936622,11621.31588156381,10555.574186462496,48074.41871588386,-38711.41104488854,-16265.474665969854,8221.107224627269,-38555.17290928163,35376.125537091924,-56478.74632884763,1668.916336366906,7815.76081815014,-22305.03624312272,-39874.68382947155,-24467.26090415642,40633.295344367536,-16230.850175302769,-13216.872742935091,13628.117106182028
24135.36711434132,-14818.445072614843,1197.2493561887397,14719.091847119376,-21371.65844097129,22208.553099498185,-47585.9838380056,-26765.143692751048,5233.382464300552,17769.12133290057,29813.509249041617,11731.541065657979,-12540.675080971747,11514.274404288637,-27799.72253937605,16821.712328118014,26543.19069411295,-3879.912655524949,-15557.31283819796,-12674.852184696876,-10371.509963741304,3919.0273544599627,18008.159347221426,8191.93704656454,41748.89166914395,14413.436122056171,9474.277608540357,20776.37935163616,-13258.209920503314,-24383.76646182696,14658.050205038873,-2793.6731799909944,15857.894114714622,8359.893052435917,17478.692432060037,18216.183186697617,24448.047152495426,-385.228495688209,6125.68660401521,5563.875882724277,25340.69143270044,-20405.942219969103,-8575.025773145653,4333.462084834886,-20324.05349496324,18648.97498827337,-29770.713324416654,880.2400343987991,4120.221456532373,-11757.539374606686,-21019.52626302308,-12898.112404391835,21419.26440892917,-8556.009167321137,-6967.657903045321,7184.651051278911
50470.939636710886,-30984.921324930638,2503.7463791548266,30779.28738816123,-44691.377308075076,46442.402852285544,-99502.8183823696,-55968.25833494086,10939.894450547794,37155.79523946381,62340.61047353611,24531.155266341568,-26224.731953510647,24078.32192068875,-58131.60574312857,35176.403918081945,55504.30023251166,-8111.562495170454,-32528.42971801269,-26507.955871464823,-21684.722830896233,8197.319472768673,37655.744546170754,17129.3693878255,87300.11382907955,30140.520226579345,19808.003970402024,43445.27930271181,-27723.77031858727,-50986.847059699314,30651.533543605678,-5845.208324226211,33158.60890448909,17478.692432060037,36550.727967583414,38094.660908777965,51124.34849392101,-803.4167368863376,12810.50353745244,11635.795534179,52993.276236547565,-42671.15714186966,-17927.457563194603,9062.2648490802,-42498.102681214375,38992.63901616697,-62257.54226433399,1838.729559292974,8614.690495745104,-24586.794932029843,-43952.72894059847,-26968.764278977116,44789.20434273893,-17890.65328637168,-14567.653868207344,15020.583730071532
52602.88766382439,-32293.022699582703,2609.534188494483,32079.25664187732,-46579.13856472975,48404.37267925051,-103704.07195091424,-58331.91111066644,11400.98199881996,38724.69924398315,64972.845517510454,25567.018260644498,-27332.535714980615,25095.44828520234,-60586.60575620802,36662.16244764764,57848.39840302693,-8453.693523403024,-33901.31973699862,-27628.40981367738,-22599.731331816638,8544.104361607395,39245.79023684593,17852.599688965136,90986.84667307783,31413.612127695418,20643.615835752822,45280.0716830587,-28894.518767826426,-53139.66975301143,31946.076037557847,-6092.946339370575,34558.537428043775,18216.183186697617,38094.660908777965,39704.25923768816,53283.78035464503,-836.7935992027548,13351.818038187237,12127.522322120925,55232.24021007774,-44473.38776090213,-18683.613875433337,9445.144329417515,-44292.551231180136,40638.33682630465,-64887.936087586706,1915.8810158820982,8978.232655307089,-25625.337816132702,-45808.695699709366,-28107.10664759791,46680.64841942822,-18646.026418759808,-15182.271461811108,15654.11427917101
70594.87235282034,-43339.50073054315,3502.0404898068437,43051.74785667317,-62510.87899265814,64960.017121735706,-139177.33012885737,-78284.22627872822,15302.126340632105,51970.81072740916,87197.51473305475,34312.38000665531,-36681.13134170839,33678.90028162121,-81310.1515741348,49202.081536872305,77635.2581283183,-11345.947089086103,-45498.539090217906,-37077.125137144416,-30331.15995217558,11465.660847891344,52670.10062411989,23959.329044916,122108.90771000569,42158.261960612625,27706.173257091046,60768.007113979846,-38777.95534827617,-71316.70094718259,42873.05581417876,-8175.63822558942,46379.88551237759,24448.047152495426,51124.34849392101,53283.78035464503,71508.84147237743,-1123.8897477634027,17918.307800642713,16275.208243969062,74122.81194466227,-59685.198397501896,-25075.808839951344,12675.586359712712,-59443.250500618655,54540.23726752708,-87080.9306067596,2571.9940936756097,12049.650788599976,-34390.12444276535,-61477.853461083534,-37722.03552201216,62647.81373229241,-25024.15351750767,-20376.292290353445,21009.86307111748
