V1,V2,V3,V4,V5,V6,V7,V8,V9,V10,V11,V12,V13,V14,V15,V16,V17,V18,V19,V20,V21,V22,V23,V24,V25,V26,V27,V28,V29,V30,V31,V32,V33,V34,V35,V36,V37,V38,V39,V40,V41,V42,V43,V44,V45,V46,V47,V48,V49,V50,V51,V52,V53,V54,V55,V56
43548.99054642503,-26735.64678862607,2160.578787290299,26558.445417027047,-38561.40929180874,40072.68153882533,-85857.49857005865,-48292.33206687803,9440.124591561584,32059.75057419708,53791.16267018025,21166.703729817043,-22627.91241344396,20776.315118534483,-50158.96676206981,30352.240069014868,47892.48961900658,-6999.411933963773,-28067.237363319746,-22871.395209206632,-18711.20395870614,7072.207725462013,32491.409953600403,14780.353674354872,75327.4970516714,26006.801437580307,17092.302642174727,37486.94680871057,-23921.555298605384,-43994.72558175601,26448.25492340501,-5042.204995929793,28611.675253707708,15081.68873320411,31537.975381738168,32869.939845985355,44112.50668713326,-693.7566455468436,11053.442648281214,10039.832857923964,45724.48149977534,-36819.08161102929,-15469.501992099784,7818.612807234732,-36670.16165443527,33645.9941471002,-53718.24478635475,1586.8169903336204,7433.648277096547,-21214.819338819205,-37925.17986985641,-23270.506030678305,38646.93199259948,-15437.127023290837,-12569.813642830626,12961.149086582847
-26735.64678862607,16414.12910941004,-1326.0395754240253,-16304.279535063471,23674.828657650607,-24601.67755190611,52710.04032061882,29648.37898021693,-5795.771419334536,-19683.2765278361,-33024.2524061873,-12995.25127427599,13891.98232028617,-12754.542171482703,30794.407619862966,-18633.746578585542,-29402.049978932722,4297.17951140717,17232.507361604778,14042.084795648272,11487.63442400297,-4342.563676157796,-19947.80367967631,-9074.013199486726,-46245.70917613526,-15966.270514827145,-10493.197044607577,-23014.39469537163,14686.322483739596,27009.476565613437,-16236.592903982035,3096.7031109218647,-17565.1048834445,-9259.748504148512,-19361.71121891627,-20179.243872924162,-27082.2074243199,425.7444962900352,-6785.93918189002,-6163.636985708912,-28072.141769125417,22604.06860008472,9497.216132878215,-4801.208785653869,22512.568782354036,-20655.936377727976,32979.45252477165,-974.389063064985,-4563.3922840627465,13024.204617225425,23283.141378851484,14286.598610837733,-23726.063803166628,9477.402211115055,7717.671369044793,-7957.330251346897
2160.578787290299,-1326.0395754240253,107.46222677276899,1317.9923631002596,-1912.3161271460524,1987.9627235021594,-4259.400249340665,-2395.4209690150565,468.15334552639194,1589.7845856595873,2668.2152963682965,1049.7399205570157,-1122.4696698133534,1031.1015806075325,-2487.9865427845107,1505.9488936252033,2376.185303654302,-347.1944890947226,-1391.4816855224497,-1134.1123799303352,-928.0094195267446,350.3196829240006,1611.5348381672984,733.2624949632814,3736.797289107935,1290.1636031929959,848.0841519914006,1859.569394984489,-1186.5490144661603,-2182.5640692295856,1312.5529017276992,-249.32466132964723,1419.6454632539014,747.694574294277,1564.7648838328803,1630.9790857522703,2188.111137985207,-34.536375011943406,548.392046385756,498.1222717193701,2267.8691733510677,-1826.6513818423246,-767.3693434542935,387.0623304437476,-1819.3156931441306,1669.3012090022853,-2664.6217182250043,78.58004007518056,369.0000311246792,-1052.5379119375107,-1881.5170239970682,-1154.2701866729121,1917.4489789403528,-765.7194951598439,-623.0623260586968,642.8915334581411
26558.445417027047,-16304.279535063471,1317.9923631002596,16197.203004935824,-23515.67486119143,24438.21407691868,-52360.094702344766,-29450.53772113318,5756.82062087581,19550.666392433595,32803.98581732131,12908.034364011606,-13799.468851551032,12670.925450627503,-30588.84885221848,18510.505268378634,29207.488891178236,-4268.519307185401,-17115.527090634834,-13947.377684270932,-11410.668781905079,4312.269837928573,19814.361307893418,9013.79348611151,45938.10965056017,15860.168821096728,10423.898118187546,22861.154597582725,-14588.262974167159,-26830.10720333712,16130.036692826901,-3073.8953473448314,17449.085438930775,9196.873059421026,19233.611940102368,20046.089704233334,26901.543279652866,-423.24508714767927,6740.969658755748,6122.841355090985,27884.320464475593,-22454.145915345278,-9433.957177168531,4767.084226798158,-22363.395266562777,20519.13036177375,-32759.54754025876,967.5290259345552,4533.689123166806,-12937.922813741068,-23128.686854344043,-14191.249219423802,23569.012282121534,-9414.157229989647,-7664.986817250492,7904.192192043928
-38561.40929180874,23674.828657650607,-1912.3161271460524,-23515.67486119143,34147.5083711342,-35483.68029892189,76025.05178998054,42762.97523475262,-8359.556359219781,-28390.373840204094,-47632.08775278085,-18743.71573725911,20036.864323653786,-18395.834167377405,44415.9587991701,-26875.769501357703,-42407.11125242351,6197.97822920107,24855.791014919512,20253.780582253938,16569.157312110496,-6263.904360498109,-28771.585625857384,-13087.676306407828,-66701.58042976346,-23028.599455625084,-15134.481051226247,-33194.41154996758,21182.65624212563,38956.48378435094,-23418.022613047182,4467.24276628245,-25334.395603749454,-13356.064248666378,-27925.73982737451,-29104.758238026552,-39061.66997166878,613.9478650078231,-9787.506904905084,-8889.929461753058,-40489.68180651245,32602.381127256256,13698.151494325697,-6925.695529857001,32470.35834544399,-29792.475270253082,47567.44875825451,-1405.5231134285198,-6581.690968069774,18785.080848257305,33581.83302345689,20606.105161834523,-34220.550584234385,13669.615406557661,11131.903750607851,-11477.171010422953
40072.68153882533,-24601.67755190611,1987.9627235021594,24438.21407691868,-35483.68029892189,36873.95094867757,-79004.01991448832,-44437.64880801045,8686.670847511294,29501.001194211676,49497.54522765263,19477.282257881812,-20821.72073538305,19117.657529277647,-46155.30439789184,27929.313001223465,44069.39771225091,-6440.718291887332,-25827.31293774,-21046.0053698663,-17217.74084133332,6507.967262639013,29898.019185752575,13600.522886639916,69314.67714281516,23930.85747758827,15727.855650607447,34494.68206902001,-22012.15493720773,-40482.905683533594,24336.806531304075,-4640.16305748104,26327.66145769553,13878.088043831867,29020.40388291806,30245.971187343093,40591.44616389746,-638.3131264501222,10171.096870270632,9238.38899937188,42074.86400366373,-33880.00932049801,-14234.708044709843,7194.947250785179,-33742.94917397396,30960.174073462153,-49430.43566691575,1460.22912610205,6840.147337142202,-19521.333274459415,-34897.819682535526,-21413.0630559804,35561.891009593455,-14204.939879612175,-11566.729252094145,11926.601210845485
-85857.49857005865,52710.04032061882,-4259.400249340665,-52360.094702344766,76025.05178998054,-79004.01991448832,169269.53717225406,95209.45238928768,-18611.504155179617,-63206.907736178524,-106050.4965616429,-41730.79215412453,44611.40054289423,-40960.55650124695,98889.58750293733,-59839.82851117972,-94420.68314914349,13799.49947751098,55335.783653952756,45091.77588182289,36889.66122605238,-13943.401006816224,-64057.664222858184,-29139.71414812896,-148509.62214346818,-51272.88579471578,-33697.66317240453,-73906.29002160784,47161.91907036001,86736.3736328122,-52142.83299310112,9941.441836301467,-56408.23825295525,-29734.212656459433,-62177.533893524895,-64803.41680251381,-86968.81496005213,1367.6587021355617,-21792.028048076558,-19793.666744559992,-90147.02056118264,72589.41001543168,30498.4498028515,-15415.17772303587,72295.77149838467,-66333.56110754558,105906.7196782818,-3128.5500712305216,-14655.394156910266,41825.32810562212,74770.10903397009,45878.34729648774,-76192.95725027025,30434.65504342006,24782.0205597109,-25553.21764951195
-48292.33206687803,29648.37898021693,-2395.4209690150565,-29450.53772113318,42762.97523475262,-44437.64880801045,95209.45238928768,53553.19787445212,-10468.693158521282,-35553.09762539449,-59650.98642280748,-23472.886161006307,25092.825733246165,-23038.662534459683,55623.220046254406,-33658.02424463391,-53108.71724829109,7761.900341574502,31126.1257158919,25363.617264988945,20749.768894435732,-7843.503657572082,-36031.172959243995,-16390.279997926235,-83532.8559781728,-28839.63643958952,-18953.82788744937,-41570.47213752331,26527.552925832428,48786.84893195604,-29328.292834241533,5592.901360316915,-31727.786947715747,-16725.367023462648,-34972.92846672497,-36449.73346868336,-48917.99347840082,769.1093613543287,-12257.377828246632,-11133.333292455798,-50705.93150826452,40829.47627462044,17154.636352131587,-8671.72759267536,40664.23961519222,-37310.64107995507,59570.08170514338,-1759.915008277265,-8242.96374124181,23525.501418887554,42056.06848342349,25805.554798603705,-42856.20877503476,17118.815991321073,13939.921998793323,-14373.13398598232
9440.124591561584,-5795.771419334536,468.15334552639194,5756.82062087581,-8359.556359219781,8686.670847511294,-18611.504155179617,-10468.693158521282,2046.4798459041658,6950.1664694274705,11660.687796257158,4588.5975102600705,-4905.173639747559,4503.444375691375,-10873.354754845956,6579.392989534625,10381.583076552499,-1517.3106914299726,-6084.870787661858,-4958.2701880863615,-4056.251066032893,1533.443219208901,7043.495389561367,3203.962149744409,16329.04541338011,5637.573788898199,3705.036822414021,8126.239016854498,-5185.670282610736,-9536.840017192371,5732.914390500508,-1093.6029092562483,6202.053800928527,3269.657447623996,6836.433187372424,7125.067983531121,9562.586201147968,-150.30086441992813,2396.056020868032,2176.3225023382706,9912.170702819183,-7981.309280926663,-3353.4090005560356,1695.4506563806162,-7948.989564397632,7293.4239713420375,-11644.863782322343,344.08039316314427,1611.2507370360522,-4598.729864336641,-8221.086094715709,-5044.526889019086,8377.450506076773,-3346.422953800719,-2725.1663216776806,2809.6961178008196
32059.75057419708,-19683.2765278361,1589.7845856595873,19550.666392433595,-28390.373840204094,29501.001194211676,-63206.907736178524,-35553.09762539449,6950.1664694274705,23603.91112281298,39601.260753298724,15583.579430885611,-16658.60434311178,15294.068079267516,-36927.39828433314,22344.33481574054,35257.00268944792,-5152.992246279148,-20665.364138840843,-16839.11659136185,-13775.625071260209,5207.990506328137,23920.716869892025,10881.034347183404,55455.49332707789,19145.894598442617,12582.691549477482,27597.757245604407,-17611.250493451542,-32388.26317800957,19469.47028501051,-3714.364453769244,21062.82492251167,11104.373740721398,23217.280046195097,24197.45756334172,32475.829121969786,-510.3871630784177,8137.2794352373985,7391.03143351903,33663.15606566492,-27105.46004946027,-11388.615588026676,5758.311701126117,-26995.677604457513,24769.29081726129,-39547.51172723488,1168.6017497187142,5471.90569698538,-15617.810962408352,-27919.7762060546,-17131.89946315508,28450.755385588553,-11364.90631351395,-9255.221851056627,9542.115274449194
53791.16267018025,-33024.2524061873,2668.2152963682965,32803.98581732131,-47632.08775278085,49497.54522765263,-106050.4965616429,-59650.98642280748,11660.687796257158,39601.260753298724,66443.10561471908,26145.582863882504,-27950.009782754725,25662.017180449828,-61956.711713873156,37490.525539853974,59155.98488525934,-8645.70628403286,-34670.17638494566,-28251.571981193272,-23112.40542454539,8736.529555954467,40133.81560543711,18256.55979871683,93044.3113077813,32123.461899172155,21112.027040428493,46303.880368696206,-29548.091675945492,-54341.9691311401,32667.830158842236,-6229.620510109413,35340.507468838994,18629.732796767898,38955.152801318654,40600.13164198476,54488.00363987634,-856.7003741133511,13653.068322966985,12401.03672318122,56479.49902816302,-45478.53629941618,-19107.94496709269,9659.017636150003,-45294.49471993974,41559.03932066507,-66352.99398894515,1960.2892552412281,9181.57972771853,-26204.24821090538,-46844.79554877379,-28743.883103212705,47736.06394118295,-19068.036312816923,-15527.11730028655,16009.717821716455
21166.703729817043,-12995.25127427599,1049.7399205570157,12908.034364011606,-18743.71573725911,19477.282257881812,-41730.79215412453,-23472.886161006307,4588.5975102600705,15583.579430885611,26145.582863882504,10288.51722792984,-10998.383641916427,10097.70325320231,-24380.215740896885,14752.369616039741,23277.666267328772,-3402.1135636995077,-13643.371656463321,-11117.366064362395,-9094.90032634504,3438.2064547953833,15792.894536677033,7183.9370482567065,36613.01957844048,12640.585299731269,8307.470003918788,18220.661063136242,-11627.29965384752,-21383.538644930708,12854.437861929175,-2451.9481532362424,13906.305404047682,7331.157521506304,15328.705731926826,15975.904954640322,21441.21874759607,-337.02419114884503,5372.4506077897495,4879.76581280915,22225.025614162176,-17895.73183559788,-7519.016694536909,3801.41354362703,-17823.27373887214,16353.363943246435,-26110.106761270235,771.476033638414,3612.7874398406602,-10311.302644713725,-18433.359847153828,-11310.829520554566,18783.98185930776,-7503.344245112338,-6110.293392610979,6299.894137211323
-22627.91241344396,13891.98232028617,-1122.4696698133534,-13799.468851551032,20036.864323653786,-20821.72073538305,44611.40054289423,25092.825733246165,-4905.173639747559,-16658.60434311178,-27950.009782754725,-10998.383641916427,11757.483646515464,-10795.10721355815,26062.748155280973,-15770.867852348832,-24884.71262270454,3636.9095086476154,14584.240194806402,11884.255257286439,9722.45910252878,-3675.0219831540812,-16882.695421930624,-7679.840771078203,-39140.1542486095,-13513.108652019853,-8881.050772938228,-19478.24557473686,12429.716207660102,22859.591126605294,-13742.197748724762,2620.4057632097356,-14866.446223372752,-7836.719728226943,-16386.978644103816,-17078.98501711278,-22920.965238935623,360.40429161281844,-5743.331444834335,-5216.652432358575,-23758.669813684795,19131.09717170988,8037.969041903215,-4063.02238267431,19053.68757245584,-17482.3269012459,27912.107532709764,-824.5912672419117,-3862.3824771337,11023.14116514447,19705.82844862859,12091.42063445827,-20080.77499788174,8021.1731417290775,6531.564701022776,-6734.656169087379
20776.315118534483,-12754.542171482703,1031.1015806075325,12670.925450627503,-18395.834167377405,19117.657529277647,-40960.55650124695,-23038.662534459683,4503.444375691375,15294.068079267516,25662.017180449828,10097.70325320231,-10795.10721355815,9912.361216740452,-23929.14007325485,14480.538609557054,22848.649082077634,-3339.192746448765,-13389.046554099503,-10910.727107534276,-8926.352336896836,3373.3209809079117,15500.419201195893,7051.363319082233,35936.68739253312,12407.176838731379,8154.4934209872135,17883.923473017425,-11412.150389832554,-20988.806767109327,12618.388167545934,-2404.501115338071,13650.214137655694,7194.481385894566,15046.213256824418,15681.829747934118,21044.631121348186,-331.1222348278599,5273.370148620705,4789.820305638883,21813.40186320333,-17565.568579391274,-7380.035887697005,3729.058587018718,-17494.5863258073,16051.847011655298,-25627.258735007435,756.8560247120745,3546.683278788082,-10121.166508992028,-18093.25098933579,-11101.575798435142,18437.736599004846,-7364.5375617448635,-5996.104724986415,6183.314570568964
-50158.96676206981,30794.407619862966,-2487.9865427845107,-30588.84885221848,44415.9587991701,-46155.30439789184,98889.58750293733,55623.220046254406,-10873.354754845956,-36927.39828433314,-61956.711713873156,-24380.215740896885,26062.748155280973,-23929.14007325485,57773.26299250141,-34958.99310670633,-55161.50916814457,8061.927710799195,32329.330403794353,26344.044882259543,21551.829970589795,-8146.726433513648,-37423.918544685155,-17023.809928330196,-86761.6727817079,-29954.378972357164,-19686.437838769903,-43177.31273862758,27552.943692806926,50672.60920188736,-30461.880828467856,5809.156551049064,-32954.1416836643,-17371.89991600735,-36324.725350749664,-37858.599268483384,-50808.84879039863,798.8264354005867,-12731.157757121015,-11563.66435624966,-52665.918438209694,42407.65113028391,17817.72465370579,-9006.988565942487,42236.02505018636,-38752.79768317287,61872.679413216225,-1827.9551030016012,-8561.558608314248,24434.828388356873,43681.657425747144,26803.033789551027,-44512.71619635657,17780.520537206263,14478.78811945877,-14928.709409297127
30352.240069014868,-18633.746578585542,1505.9488936252033,18510.505268378634,-26875.769501357703,27929.313001223465,-59839.82851117972,-33658.02424463391,6579.392989534625,22344.33481574054,37490.525539853974,14752.369616039741,-15770.867852348832,14480.538609557054,-34958.99310670633,21154.56472150746,33379.55889896884,-4878.341296828804,-19561.60314370467,-15940.413472578126,-13040.998492269986,4928.906241875046,22645.30541085597,10301.418920371512,52500.69332310796,18125.864976899396,11912.8148878927,26127.10123537823,-16672.45929858812,-30662.857613671225,18433.71562940392,-3513.9607730904063,19941.465065682634,10511.257128841811,21980.979880857554,22909.362639515828,30744.842811779654,-483.5673267239516,7703.893305289443,6997.446369810476,31868.2609444112,-25661.69713875104,-10781.70348242033,5449.024841110008,-25557.923246577924,23450.184039362593,-37439.71258296996,1105.9086972472496,5181.082372539332,-14786.049420616586,-26432.608079478614,-16218.706573862211,26935.68965267362,-10759.123844695036,-8760.557264806828,9033.45131646502
47892.48961900658,-29402.049978932722,2376.185303654302,29207.488891178236,-42407.11125242351,44069.39771225091,-94420.68314914349,-53108.71724829109,10381.583076552499,35257.00268944792,59155.98488525934,23277.666267328772,-24884.71262270454,22848.649082077634,-55161.50916814457,33379.55889896884,52669.24992499013,-7697.493860601647,-30866.188532876884,-25152.295149733072,-20577.298217001466,7777.34434729957,35731.85587034606,16254.507151265463,82840.36081834233,28600.630813629836,18797.096747759646,41225.720593931714,-26307.33856506671,-48382.62699806362,29086.320300218413,-5544.753793106237,31465.414525770215,16585.678513568295,34683.55279381552,36148.420566461886,48512.0300725643,-763.0001916043194,12155.893996516024,11041.196218435942,50284.68943345837,-40491.33462114901,-17012.355348670404,8598.072553268801,-40327.58414985618,37001.800881950534,-59075.80468681245,1745.0217338540297,8175.150434419927,-23330.75451544432,-41707.748834901875,-25591.363534213004,42501.53984623925,-16976.732537543696,-13823.268255311665,14253.809951640995
-6999.411933963773,4297.17951140717,-347.1944890947226,-4268.519307185401,6197.97822920107,-6440.718291887332,13799.49947751098,7761.900341574502,-1517.3106914299726,-5152.992246279148,-8645.70628403286,-3402.1135636995077,3636.9095086476154,-3339.192746448765,8061.927710799195,-4878.341296828804,-7697.493860601647,1124.9970334257657,4511.348501171491,3676.14731614216,3007.429199856568,-1136.8122221972844,-5222.288898435619,-2375.578001511373,-12107.107798872317,-4179.967777345684,-2747.138517942755,-6025.1518125129705,3844.8559524796915,7071.083265514687,-4250.804466735689,810.6068994205727,-4598.576702284882,-2424.1359107543885,-5068.922394985145,-5282.969965901502,-7090.084141977519,111.47571387613883,-1776.5632325981614,-1613.646590367518,-7349.222053220664,5917.7552216548365,2486.364309726686,-1256.84670250681,5893.808497886354,-5407.743436268883,8633.981633246927,-255.0766956302301,-1194.7254693241957,3409.749020396321,6095.53632523607,3740.2097230046115,-6211.511223246042,2481.169815870765,2020.4163563568359,-2083.2155596342736
-28067.237363319746,17232.507361604778,-1391.4816855224497,-17115.527090634834,24855.791014919512,-25827.31293774,55335.783653952756,31126.1257158919,-6084.870787661858,-20665.364138840843,-34670.17638494566,-13643.371656463321,14584.240194806402,-13389.046554099503,32329.330403794353,-19561.60314370467,-30866.188532876884,4511.348501171491,18093.031182585197,14742.79257013614,12060.45787755092,-4560.076421986979,-20942.319708636234,-9526.016294899562,-48549.896907952236,-16761.709874002736,-11015.617282689047,-24161.21546267161,15418.37044182206,28354.992371175125,-17044.40943901951,3252.791498652395,-18439.624159141335,-9722.15778244948,-20325.85071376232,-21183.806601853186,-28432.005957058253,446.68744886848623,-7123.9134154139765,-6470.576800447541,-29471.727588794933,23729.968937317244,9970.48518336306,-5042.207351345474,23633.795204890186,-21684.64172105451,34623.092041411925,-1023.2452164870191,-4790.23550779685,13672.851537588755,24442.887992499673,14998.68956687714,-24907.59478982953,9949.780847334781,8103.301397464424,-8353.974359406355
-22871.395209206632,14042.084795648272,-1134.1123799303352,-13947.377684270932,20253.780582253938,-21046.0053698663,45091.77588182289,25363.617264988945,-4958.2701880863615,-16839.11659136185,-28251.571981193272,-11117.366064362395,11884.255257286439,-10910.727107534276,26344.044882259543,-15940.413472578126,-25152.295149733072,3676.14731614216,14742.79257013614,12013.095187816263,9827.56267565224,-3715.4537583337697,-17065.08078690046,-7762.525805697874,-39561.951067399765,-13658.677042900177,-8976.467726166007,-19688.248516235566,12563.88448179253,23105.774381873736,-13889.445516475682,2649.9427950390605,-15026.178708476056,-7921.926390942897,-16563.171833637472,-17262.412115957624,-23168.286370357957,364.09350164637425,-5805.128473184266,-5272.753137571602,-24015.352641043588,19337.016700805358,8124.641264984887,-4108.093924970115,19258.68904700102,-17670.384232774173,28213.222838084897,-833.6991972748801,-3903.6250583983324,11141.728111905006,19917.9492984805,12221.91466547287,-20296.730407853196,8107.735436168974,6602.7465916574465,-6807.356203668317
-18711.20395870614,11487.63442400297,-928.0094195267446,-11410.668781905079,16569.157312110496,-17217.74084133332,36889.66122605238,20749.768894435732,-4056.251066032893,-13775.625071260209,-23112.40542454539,-9094.90032634504,9722.45910252878,-8926.352336896836,21551.829970589795,-13040.998492269986,-20577.298217001466,3007.429199856568,12060.45787755092,9827.56267565224,8039.771666072103,-3039.2516562694173,-13960.71991204844,-6350.542733561431,-32365.55855699622,-11174.162591386155,-7343.756347307352,-16106.878532019326,10278.395830865278,18902.86212955445,-11363.291149830375,2167.358088254539,-12293.093458486186,-6480.590104424836,-13550.471407388035,-14122.615245740144,-18953.799432638134,297.9478961078748,-4749.207193583481,-4313.680580963087,-19646.638071053283,15819.685352911447,6646.730842693911,-3360.274035720559,15755.640453497648,-14456.256007903114,23081.04762852636,-681.9522282292226,-3193.7120040432624,9115.114114512478,16294.941009313216,9998.644485452236,-16604.908390084365,6632.871348337518,5401.355541335392,-5569.032511416898
7072.207725462013,-4342.563676157796,350.3196829240006,4312.269837928573,-6263.904360498109,6507.967262639013,-13943.401006816224,-7843.503657572082,1533.443219208901,5207.990506328137,8736.529555954467,3438.2064547953833,-3675.0219831540812,3373.3209809079117,-8146.726433513648,4928.906241875046,7777.34434729957,-1136.8122221972844,-4560.076421986979,-3715.4537583337697,-3039.2516562694173,1149.6254993957723,5277.408714614529,2400.3389092363636,12233.735983043915,4223.622894820864,2775.5472162334445,6088.273504735772,-3885.3123395141392,-7144.856112822704,4294.319420840898,-820.533380002175,4646.141469112415,2450.3303972367803,5121.488879736341,5337.5263743274945,7164.587463210691,-112.42461784547059,1795.037419542355,1630.393855319697,7426.807403356154,-5979.3731827321,-2512.4245672057696,1271.4271276662641,-5955.081807100457,5463.921780480535,-8724.638858965976,257.9914283872458,1206.7968195700319,-3445.1827882491725,-6159.021706675316,-3779.540522905143,6275.979105332758,-2507.2559791061985,-2042.4340861222322,2105.1416433057866
32491.409953600403,-19947.80367967631,1611.5348381672984,19814.361307893418,-28771.585625857384,29898.019185752575,-64057.664222858184,-36031.172959243995,7043.495389561367,23920.716869892025,40133.81560543711,15792.894536677033,-16882.695421930624,15500.419201195893,-37423.918544685155,22645.30541085597,35731.85587034606,-5222.288898435619,-20942.319708636234,-17065.08078690046,-13960.71991204844,5277.408714614529,24242.21865950283,11027.504208413768,56201.651616561525,19403.549240054486,12752.223852223344,27969.011491202804,-17848.035898594204,-32824.18166440068,19732.103152153275,-3763.3135987561773,21346.605907128513,11253.185638666111,23529.98767130538,24523.532642178576,32912.548787388165,-517.4094412334198,8246.845813616597,7490.573002836067,34115.583213062135,-27470.366368695188,-11541.807516826417,5834.7720047551375,-27359.1711347046,25102.836993185996,-40079.37211627317,1184.1484261176179,5545.833648380122,-15828.111087750438,-28295.63130802032,-17362.260333359325,28833.9163328619,-11517.725937647281,-9379.123710734733,9670.407213865543
14780.353674354872,-9074.013199486726,733.2624949632814,9013.79348611151,-13087.676306407828,13600.522886639916,-29139.71414812896,-16390.279997926235,3203.962149744409,10881.034347183404,18256.55979871683,7183.9370482567065,-7679.840771078203,7051.363319082233,-17023.809928330196,10301.418920371512,16254.507151265463,-2375.578001511373,-9526.016294899562,-7762.525805697874,-6350.542733561431,2400.3389092363636,11027.504208413768,5016.398358669379,25565.894236157754,8826.615521980651,5801.050035201056,12722.946733254204,-8118.907066339643,-14931.648620568909,8976.38939716082,-1711.3950272001402,9710.67300777421,5118.723491524988,10703.852520110813,11155.902902873622,14971.655603140814,-235.4459500140158,3751.495494205719,3407.478259996378,15518.774640564056,-12496.255599234493,-5250.297441217414,2653.697647934376,-12445.705637630013,11419.313350764469,-18231.807988111283,538.5743240618741,2522.9299668369154,-7200.222426870901,-12871.660871761007,-7897.942922829248,13116.605967279267,-5239.316279911225,-4266.206011830908,4398.977789821188
75327.4970516714,-46245.70917613526,3736.797289107935,45938.10965056017,-66701.58042976346,69314.67714281516,-148509.62214346818,-83532.8559781728,16329.04541338011,55455.49332707789,93044.3113077813,36613.01957844048,-39140.1542486095,35936.68739253312,-86761.6727817079,52500.69332310796,82840.36081834233,-12107.107798872317,-48549.896907952236,-39561.951067399765,-32365.55855699622,12233.735983043915,56201.651616561525,25565.894236157754,130295.94968207345,44984.59579657196,29564.740261281684,64842.24238517803,-41377.941943607344,-76098.68177765895,45747.4720331068,-8722.814506305178,49489.93194368643,26087.878830207013,54551.69895345284,56855.42882599198,76302.84392310763,-1199.8317590404965,19119.341472115735,17366.05543020368,79091.42420701683,-63686.70528480721,-26758.05079595696,13525.22905221354,-63429.0390941849,58198.04753194405,-92918.1490448403,2744.961092226027,12857.829934264411,-36695.64430907554,-65599.9601825406,-40251.77796311311,66848.20708989928,-26702.11442034884,-21743.058265229123,22419.35229143583
26006.801437580307,-15966.270514827145,1290.1636031929959,15860.168821096728,-23028.599455625084,23930.85747758827,-51272.88579471578,-28839.63643958952,5637.573788898199,19145.894598442617,32123.461899172155,12640.585299731269,-13513.108652019853,12407.176838731379,-29954.378972357164,18125.864976899396,28600.630813629836,-4179.967777345684,-16761.709874002736,-13658.677042900177,-11174.162591386155,4223.622894820864,19403.549240054486,8826.615521980651,44984.59579657196,15530.908374786892,10207.23174026794,22386.73629385089,-14285.691031299022,-26273.036041140924,15794.354656185778,-3011.44145126623,17086.406877178633,9006.763038712537,18833.972655365887,19629.35211206949,26343.484422424615,-414.25693247011657,6600.948669542864,5995.629398860154,27306.212893232667,-21987.815693840337,-9238.19623491541,4669.473068972029,-21898.863282843275,20092.86755240438,-32079.907485472715,947.6781472869994,4439.1886244584175,-12669.164928971475,-22648.36505897133,-13896.886036238047,23079.338098842538,-9218.878627339554,-7506.713282289911,7740.257485184902
17092.302642174727,-10493.197044607577,848.0841519914006,10423.898118187546,-15134.481051226247,15727.855650607447,-33697.66317240453,-18953.82788744937,3705.036822414021,12582.691549477482,21112.027040428493,8307.470003918788,-8881.050772938228,8154.4934209872135,-19686.437838769903,11912.8148878927,18797.096747759646,-2747.138517942755,-11015.617282689047,-8976.467726166007,-7343.756347307352,2775.5472162334445,12752.223852223344,5801.050035201056,29564.740261281684,10207.23174026794,6708.493857028932,14712.958682287752,-9388.750987966596,-17267.203657684036,10380.658506748543,-1978.7085567772176,11229.687222986442,5919.145161773182,12378.193395020115,12901.013285395931,17313.33175516768,-272.3281072898143,4338.305625937337,3940.4855254476456,17945.933864321018,-14450.905257602279,-6071.501015015087,3068.4031483579593,-14392.47375799581,13205.542577086955,-21083.41567527802,622.751887419594,2917.6578429916303,-8326.49216110051,-14885.027736618646,-9133.231856778482,15168.345442502752,-6058.780232945573,-4933.269718076201,5087.001225334498
37486.94680871057,-23014.39469537163,1859.569394984489,22861.154597582725,-33194.41154996758,34494.68206902001,-73906.29002160784,-41570.47213752331,8126.239016854498,27597.757245604407,46303.880368696206,18220.661063136242,-19478.24557473686,17883.923473017425,-43177.31273862758,26127.10123537823,41225.720593931714,-6025.1518125129705,-24161.21546267161,-19688.248516235566,-16106.878532019326,6088.273504735772,27969.011491202804,12722.946733254204,64842.24238517803,22386.73629385089,14712.958682287752,32268.9853880107,-20591.909918948757,-37870.75692228607,22766.278471455007,-4341.114077192124,24628.77604457519,12982.82734032564,27147.79319065941,28294.22190549242,37972.42288372203,-597.0741434289054,9514.794610470391,8642.262891612558,39360.21570098651,-31693.88081162586,-13316.246694707748,6731.051073891977,-31565.64165045214,28962.418514313238,-46241.09060397584,1366.069846724367,6398.693149793195,-18261.690563269254,-32646.020477228427,-20031.465826785803,33267.18779638459,-13288.418434193483,-10820.616665259164,11157.086997852295
-23921.555298605384,14686.322483739596,-1186.5490144661603,-14588.262974167159,21182.65624212563,-22012.15493720773,47161.91907036001,26527.552925832428,-5185.670282610736,-17611.250493451542,-29548.091675945492,-11627.29965384752,12429.716207660102,-11412.150389832554,27552.943692806926,-16672.45929858812,-26307.33856506671,3844.8559524796915,15418.37044182206,12563.88448179253,10278.395830865278,-3885.3123395141392,-17848.035898594204,-8118.907066339643,-41377.941943607344,-14285.691031299022,-9388.750987966596,-20591.909918948757,13140.417100782592,24166.52295023524,-14527.711041398727,2770.499340084024,-15716.314084146321,-8284.934896133362,-17323.798586137713,-18055.320749098795,-24231.50688952608,380.9681278724904,-6071.677038163923,-5514.881639145836,-25117.17934445216,20224.837898622154,8497.54216189153,-4295.593023091764,20142.98610109403,-18481.782243216687,29508.015403701214,-871.7841635959151,-4083.127441207152,11653.332237438572,20832.43154299959,12782.77215289567,-21228.77262734381,8479.799048031924,6905.166269102945,-7119.72775744075
-43994.72558175601,27009.476565613437,-2182.5640692295856,-26830.10720333712,38956.48378435094,-40482.905683533594,86736.3736328122,48786.84893195604,-9536.840017192371,-32388.26317800957,-54341.9691311401,-21383.538644930708,22859.591126605294,-20988.806767109327,50672.60920188736,-30662.857613671225,-48382.62699806362,7071.083265514687,28354.992371175125,23105.774381873736,18902.86212955445,-7144.856112822704,-32824.18166440068,-14931.648620568909,-76098.68177765895,-26273.036041140924,-17267.203657684036,-37870.75692228607,24166.52295023524,44445.08423660964,-26718.77545117053,5094.209884794925,-28904.453642784007,-15236.31432337648,-31860.7344781741,-33206.26922065505,-44564.21212923801,700.801585616338,-11166.576692489736,-10142.58372753976,-46192.788652124116,37195.95319995116,15627.889824718979,-7899.03836027763,37045.483749133215,-33990.35254091564,54268.29329143672,-1603.127958388648,-7509.639616253877,21431.950919275838,38313.377625790614,23508.800046233388,-39042.457835912086,15595.204556217122,12698.73529019403,-13093.878730819251
26448.25492340501,-16236.592903982035,1312.5529017276992,16130.036692826901,-23418.022613047182,24336.806531304075,-52142.83299310112,-29328.292834241533,5732.914390500508,19469.47028501051,32667.830158842236,12854.437861929175,-13742.197748724762,12618.388167545934,-30461.880828467856,18433.71562940392,29086.320300218413,-4250.804466735689,-17044.40943901951,-13889.445516475682,-11363.291149830375,4294.319420840898,19732.103152153275,8976.38939716082,45747.4720331068,15794.354656185778,10380.658506748543,22766.278471455007,-14527.711041398727,-26718.77545117053,16063.155985139267,-3061.0522960487997,17376.704558647078,9158.658180970004,19153.822961066202,19962.942101985547,26789.882954273522,-421.5009714515117,6712.999826923051,6097.438269382213,27768.56262262044,-22360.977245095597,-9394.806676065888,4747.215252658665,-22270.610688798846,20433.99926489299,-32623.580427043853,963.5003844474666,4514.898890883217,-12884.246578933069,-23032.720077972976,-14132.344423230184,23471.233561580244,-9375.081403936838,-7633.12419286038,7871.382686220481
-5042.204995929793,3096.7031109218647,-249.32466132964723,-3073.8953473448314,4467.24276628245,-4640.16305748104,9941.441836301467,5592.901360316915,-1093.6029092562483,-3714.364453769244,-6229.620510109413,-2451.9481532362424,2620.4057632097356,-2404.501115338071,5809.156551049064,-3513.9607730904063,-5544.753793106237,810.6068994205727,3252.791498652395,2649.9427950390605,2167.358088254539,-820.533380002175,-3763.3135987561773,-1711.3950272001402,-8722.814506305178,-3011.44145126623,-1978.7085567772176,-4341.114077192124,2770.499340084024,5094.209884794925,-3061.0522960487997,586.3611273265245,-3312.2785776792175,-1747.8784501649004,-3651.282862721445,-3805.0947608991287,-5108.759472058474,79.96369254510269,-1279.7878979496552,-1162.3741625621694,-5296.063032168282,4263.121074489971,1791.4427196341164,-907.8422216450272,4245.716440109816,-3895.502515766805,6221.103540819191,-184.17502872706805,-860.0777502034746,2456.2539650966464,4391.220639153097,2695.0537360460075,-4474.404861047422,1787.8290986337404,1457.0836582250065,-1501.1183073018183
28611.675253707708,-17565.1048834445,1419.6454632539014,17449.085438930775,-25334.395603749454,26327.66145769553,-56408.23825295525,-31727.786947715747,6202.053800928527,21062.82492251167,35340.507468838994,13906.305404047682,-14866.446223372752,13650.214137655694,-32954.1416836643,19941.465065682634,31465.414525770215,-4598.576702284882,-18439.624159141335,-15026.178708476056,-12293.093458486186,4646.141469112415,21346.605907128513,9710.67300777421,49489.93194368643,17086.406877178633,11229.687222986442,24628.77604457519,-15716.314084146321,-28904.453642784007,17376.704558647078,-3312.2785776792175,18797.941748181594,9908.370194059966,20720.486426277,21595.658132988494,28981.67603523734,-455.86127428780713,7262.110205667722,6596.178546258654,30040.626040481657,-24190.106121265817,-10163.397439092536,5136.373937698887,-24092.29387446011,22105.42876474952,-35292.613211188385,1042.459399629038,4884.011550104903,-13938.138875018489,-24916.806354318564,-15288.58674548525,25391.063935353548,-10142.103920851172,-8258.062971339303,8515.393376633981
15081.68873320411,-9259.748504148512,747.694574294277,9196.873059421026,-13356.064248666378,13878.088043831867,-29734.212656459433,-16725.367023462648,3269.657447623996,11104.373740721398,18629.732796767898,7331.157521506304,-7836.719728226943,7194.481385894566,-17371.89991600735,10511.257128841811,16585.678513568295,-2424.1359107543885,-9722.15778244948,-7921.926390942897,-6480.590104424836,2450.3303972367803,11253.185638666111,5118.723491524988,26087.878830207013,9006.763038712537,5919.145161773182,12982.82734032564,-8284.934896133362,-15236.31432337648,9158.658180970004,-1747.8784501649004,9908.370194059966,5224.130423947111,10921.91935421108,11382.931484364744,15277.703625851726,-240.02096194517708,3827.9734964833315,3476.908282927182,15836.394182929593,-12751.095582003836,-5357.557221691283,2709.4058319579754,-12699.416355466255,11652.054940850545,-18604.431963109862,549.8354060200382,2573.9873267967946,-7346.988956667433,-13134.1768393383,-8059.422379057047,13383.880309840652,-5346.432774903717,-4354.252009328475,4488.939621401181
31537.975381738168,-19361.71121891627,1564.7648838328803,19233.611940102368,-27925.73982737451,29020.40388291806,-62177.533893524895,-34972.92846672497,6836.433187372424,23217.280046195097,38955.152801318654,15328.705731926826,-16386.978644103816,15046.213256824418,-36324.725350749664,21980.979880857554,34683.55279381552,-5068.922394985145,-20325.85071376232,-16563.171833637472,-13550.471407388035,5121.488879736341,23529.98767130538,10703.852520110813,54551.69895345284,18833.972655365887,12378.193395020115,27147.79319065941,-17323.798586137713,-31860.7344781741,19153.822961066202,-3651.282862721445,20720.486426277,10921.91935421108,22839.681309246458,23804.32381229946,31945.938828684073,-502.45140084805513,8004.851183328644,7270.805414215437,33113.25791572834,-26664.193353447045,-11202.90742014801,5661.942129882315,-26556.36349472119,24366.28209384631,-38902.354262368346,1149.1207409194958,5383.47399964473,-15363.678446082095,-27465.222038048192,-16852.31723590815,27987.950839666388,-11179.446700697588,-9102.826443354934,9386.35881917246
32869.939845985355,-20179.243872924162,1630.9790857522703,20046.089704233334,-29104.758238026552,30245.971187343093,-64803.41680251381,-36449.73346868336,7125.067983531121,24197.45756334172,40600.13164198476,15975.904954640322,-17078.98501711278,15681.829747934118,-37858.599268483384,22909.362639515828,36148.420566461886,-5282.969965901502,-21183.806601853186,-17262.412115957624,-14122.615245740144,5337.5263743274945,24523.532642178576,11155.902902873622,56855.42882599198,19629.35211206949,12901.013285395931,28294.22190549242,-18055.320749098795,-33206.26922065505,19962.942101985547,-3805.0947608991287,21595.658132988494,11382.931484364744,23804.32381229946,24809.77023613177,33294.931486764406,-523.7277878146053,8342.92724420851,7577.888503090685,34511.44656332812,-27790.30276010717,-11675.992339478094,5900.668221080787,-27677.942953659163,25395.377325855243,-40545.11392455767,1197.5823495792329,5610.932180592897,-16012.549741018314,-28625.155922186776,-17563.938276130193,29170.019586424994,-11651.521348566737,-9487.007147602642,9782.710252250828
44112.50668713326,-27082.2074243199,2188.111137985207,26901.543279652866,-39061.66997166878,40591.44616389746,-86968.81496005213,-48917.99347840082,9562.586201147968,32475.829121969786,54488.00363987634,21441.21874759607,-22920.965238935623,21044.631121348186,-50808.84879039863,30744.842811779654,48512.0300725643,-7090.084141977519,-28432.005957058253,-23168.286370357957,-18953.799432638134,7164.587463210691,32912.548787388165,14971.655603140814,76302.84392310763,26343.484422424615,17313.33175516768,37972.42288372203,-24231.50688952608,-44564.21212923801,26789.882954273522,-5108.759472058474,28981.67603523734,15277.703625851726,31945.938828684073,33294.931486764406,44683.98358373702,-702.5493618286607,11196.46953440565,10169.715379922913,46317.15646858663,-37295.57605840758,-15669.851534497264,7921.104784556369,-37144.645888180996,34081.31122491181,-54414.10398428125,1607.5796165651336,7529.528129640876,-21489.310622177883,-38416.00358141221,-23572.000009401407,39146.89967726343,-15637.126935595421,-12733.344071382959,13129.091749321868
