V1,V2,V3,V4,V5,V6,V7,V8,V9,V10,V11,V12,V13,V14,V15,V16,V17,V18,V19,V20,V21,V22,V23,V24,V25,V26,V27,V28,V29,V30,V31,V32,V33,V34,V35,V36,V37,V38,V39,V40,V41,V42,V43,V44,V45,V46,V47,V48,V49,V50,V51,V52,V53,V54,V55,V56
2.794257394496439,7.322814508242015,-0.8659925304991885,-0.4160907434441621,-2.66876043812919,-5.9164144856861975,3.4354674304616397,4.914170820303325,4.004537697630575,-3.834588317721613,7.893217135291851,7.056994486804384,-1.20984638432886,6.87290435362496,0.41593381878669117,-1.5243845195368553,1.2241477144274966,-3.114298092757244,6.801509255506666,-0.7867058422391342,-3.434902002760085,-5.264358115982978,2.866545381460856,1.109838346496525,0.15373714762252857,6.9010962331414465,-3.5104910544433747,3.456238398391028,3.191245614930248,1.4865792528556199,-3.4080371119713986,-4.800655383105074,3.4232816028107758,0.8668239255219412,0.2271609228415342,0.5581665746007481,-0.7088114720956122,-0.8773812626140484,-4.781377822429158,-5.1294712185984705,0.5868367374952892,-1.452284768465079,2.8833086610451932,1.101757428010554,-3.383920632017839,-3.036387146281986,6.530465893810979,2.021542802462292,0.9637504682884378,1.923184532614416,1.2564899421231863,-3.282726344416456,1.9755274880749372,-2.132149509101353,1.8683119112227882,1.50406666544166
7.322814508242015,21.299093052755246,-2.590596516442812,-1.5777076270911978,-7.217135955438849,-16.52788158278161,9.50492581100016,14.042298377047402,12.270415074406833,-10.976193380593664,21.606683868853356,19.60502961815599,-2.771564640017854,18.917611136229926,2.711299687238849,-5.239904625775942,3.7336958492346892,-8.093489032243648,19.028615391684685,-1.9478788974448915,-9.486529965696205,-15.148773793552909,9.209846813933513,1.9277347372997005,-1.0977252570984866,20.520685014051946,-9.238769997975611,10.137664200226865,10.596412451941314,3.311673120219148,-10.96742150410568,-13.941625144752521,10.013805722158969,2.7004780004724127,0.9529484523608335,3.0557010098087325,-2.7733156675566244,-1.8291376767271261,-13.30822640237377,-15.62105251821507,0.8648615918467257,-5.14251388316048,8.937667428561404,4.048688111280107,-9.76761383568169,-7.101787045186785,18.050783677420934,4.673142364322054,1.863668798860384,5.750797021769812,3.2594927045434057,-8.999753572320543,6.273569419090229,-3.8944197700909484,5.0238170277651975,4.632053500366039
-0.8659925304991885,-2.590596516442812,0.49183443936271154,0.31876045715268875,0.7908488605389671,2.0566729307874376,-1.0468234232163642,-1.6189699869352685,-1.5464678200274689,1.385913912196135,-2.457822931395328,-2.252979261960709,0.33372363079260986,-2.284327306133229,-0.6848370130341978,0.7454496330824635,-0.38517773989828236,0.891786267728441,-2.1535370241850034,0.3498221262049359,1.0220941807127848,1.846514204420427,-1.5323187206581583,-0.10670257497019632,0.2664184541081075,-2.729411434473943,0.9044279772821092,-1.1134011371626196,-1.3923365350085537,-0.15941949474518016,1.396317708168316,1.5664332182564817,-1.3190872643538927,-0.35030544071251946,-0.33129891169198034,-0.5530488708461434,0.703715431098945,0.15500267035689055,1.5839583429678024,2.150046295392133,-0.12842278386909914,0.5450889600295886,-1.3049209673679092,-0.48254229766181456,1.343554485823387,0.5450321914422692,-2.1795554221334013,-0.2112578431288763,0.0231230926278229,-0.6553652004418573,-0.4401867516233977,1.0995072076138854,-0.8989910542391615,-0.05134380807279861,-0.3654591077559593,-0.6166311218931553
-0.4160907434441621,-1.5777076270911978,0.31876045715268875,0.2514174854527439,0.4037277511739904,1.160529637051809,-0.5677306290404962,-0.9479875300814421,-1.0272018957204325,0.8230946907499801,-1.3048813670899748,-1.24230187153646,0.1039781446202537,-1.2460908788729965,-0.638878733414317,0.5687038556871512,-0.25622948757296754,0.40820039212930326,-1.201577444862645,0.1734426889618439,0.5473511738899013,1.1032696441947376,-1.0724866160016433,0.11708232845167725,0.37795505812062674,-1.7362253284681437,0.40913236846655887,-0.6823756327723716,-1.0321429343161395,0.05266069268208861,0.9982583949251916,0.9455953091745681,-0.8167227426649003,-0.23983280949548405,-0.25089445884026673,-0.5382254036362154,0.5439109071833557,-0.007046092121237594,0.8799153348765419,1.415241731571204,0.0347395562228255,0.4515395697925405,-0.8813847569828916,-0.40743930429738817,0.8155503011931146,0.08230418242133623,-1.198506031888729,0.05164188374233524,0.15415373982415206,-0.4174086498910576,-0.21565474355557523,0.5963424485867446,-0.6244788924787449,-0.36892393730690515,-0.15435014786806087,-0.4117536547444121
-2.66876043812919,-7.217135955438849,0.7908488605389671,0.4037277511739904,2.606295841248459,5.725655393058796,-3.3838281365471463,-4.854064505570749,-3.9871002121016055,3.740249566406245,-7.696199353264108,-6.912823230450871,1.1188778276059792,-6.664352436022943,-0.434110773620719,1.548711111889971,-1.2618898575729682,3.000950335856771,-6.686490786011229,0.6936565633412934,3.382387541875848,5.17103075368995,-2.754067833717796,-1.0024993911613351,-0.03365857990371231,-6.761667014449782,3.4456957067953873,-3.460493627096617,-3.254454618280956,-1.4503826646654359,3.459951493414428,4.787151427758079,-3.3408668495905487,-0.8702826355419607,-0.16175594670653076,-0.6287349806927062,0.6288288257815401,0.8106639076721175,4.651162631901492,5.022965491627549,-0.4735380663458214,1.5648206975088996,-2.8178711642298753,-1.183900501295293,3.260404444238282,2.9331334710573573,-6.335432135978151,-2.0095696538474854,-0.9466305002083977,-1.9280973602857001,-1.1708561765799077,3.1748452979722783,-1.944281865789777,2.0649397226626274,-1.8958750505827593,-1.4835249732812097
-5.9164144856861975,-16.52788158278161,2.0566729307874376,1.160529637051809,5.725655393058796,13.056449178488652,-7.467956042711445,-10.933041952504468,-9.367159827161784,8.587873187260493,-17.100719001385173,-15.425853017418673,2.3602596347573073,-14.985919667120655,-1.798206170616683,3.8700209596903674,-2.810146082851868,6.5272326168650885,-14.923686898218277,1.6535283085522963,7.459135354444173,11.802176159575023,-7.051112760865592,-1.827724204408172,0.4483126896026169,-15.876874492272878,7.364580983662334,-7.799535690675856,-7.869872440380651,-2.7744441989287476,8.213687043948338,10.768089854171984,-7.791279078921621,-2.0456512383163297,-0.7454132875237838,-2.0277591507970683,2.0851971788878645,1.6073301996394775,10.499915928998623,12.022650467623109,-0.9302996038333078,3.690045931297901,-6.854155032108638,-2.88896666464972,7.66585309280056,5.892519319380654,-14.281744121117601,-3.8355371545157144,-1.6259293002931343,-4.402185470376732,-2.669409588582632,7.144416052433529,-4.772777091417642,3.489499042412834,-3.9231952676622903,-3.5459722811541234
3.4354674304616397,9.50492581100016,-1.0468234232163642,-0.5677306290404962,-3.3838281365471463,-7.467956042711445,4.4186159062695625,6.372580005048102,5.3028625120717825,-4.909766482803739,10.010460689564225,9.025231937388098,-1.4103983142463252,8.679558449107791,0.7082398401685696,-2.1138980485772234,1.6854188139548039,-3.864453863350893,8.739137557230974,-0.8818869131326096,-4.408974870451675,-6.796825965510982,3.702463900700625,1.2017540574865633,-0.0980761865645475,8.947888444716291,-4.454047274760295,4.5638534401461355,4.411441305799139,1.8181060066248977,-4.661562631207819,-6.308841845808346,4.4052445314895685,1.1664932511418828,0.23177891757862984,0.9537402364140286,-0.8896531008981845,-1.000233114646643,-6.063220942088408,-6.670283545926815,0.5433845378694332,-2.1465734712084643,3.762325635428222,1.6381966179615641,-4.282372273824158,-3.708484938311103,8.254048265523675,2.543742973342492,1.162201075368055,2.552378666910099,1.4999767973792326,-4.131965437624805,2.60312698003627,-2.5166445509454856,2.4621372333321774,1.9724669453976509
4.914170820303325,14.042298377047402,-1.6189699869352685,-0.9479875300814421,-4.854064505570749,-10.933041952504468,6.372580005048102,9.32671967782422,7.996892478481269,-7.231318541387019,14.456953850491566,13.08387206625061,-1.909801777627721,12.588866385391825,1.473693721967658,-3.3246787742892097,2.483716251630335,-5.475919236233382,12.696868440126204,-1.266660872584304,-6.3657156014225755,-10.003754890024709,5.791823680137536,1.4606834314439934,-0.5085824230907872,13.379659286866032,-6.294150435347502,6.728052104607042,6.811912142164721,2.3967388613746983,-7.104875534800078,-9.259149489968367,6.550447289429149,1.7566004193196072,0.4922885253141617,1.7819092749766132,-1.5861429883301141,-1.3081674785819275,-8.842106939924475,-10.104568826691679,0.6411173097296168,-3.336136759669286,5.738680062934109,2.590513689344904,-6.371469579605694,-5.00570085499624,11.999589854287274,3.3731945264407575,1.4386159326474184,3.794285527014659,2.162613641586232,-5.987512597291666,4.0149060595476636,-3.0478504653047,3.468254013769947,2.998486524142126
4.004537697630575,12.270415074406833,-1.5464678200274689,-1.0272018957204325,-3.9871002121016055,-9.367159827161784,5.3028625120717825,7.996892478481269,7.265940024378765,-6.28247518114096,12.045046722674234,11.000198097805121,-1.373405890503551,10.593553423694486,2.045299430052945,-3.261370231748611,2.167125523064684,-4.375734083079232,10.718281041556194,-1.0479367866933835,-5.300106175809897,-8.678211999200329,5.632566899391781,0.7238798981131898,-1.0843444409079133,11.982815623814469,-4.999682085761706,5.846939178027555,6.476407468670435,1.5813780716724954,-6.601931412012971,-7.987107767550101,5.80196221869797,1.599221462381638,0.689029007648364,2.2061773672394143,-1.8695361997932596,-0.8434463913185688,-7.513435486803892,-9.262708414744887,0.2754548996605792,-3.2009065591274135,5.338705331713483,2.56196797764279,-5.645584849815371,-3.5426088358117442,10.141381481369379,2.2731748262762683,0.7640558767361667,3.352691974981066,1.7904985340560455,-5.029986175091464,3.800376279306747,-1.4862106462469546,2.7295916368740727,2.762523504724496
-3.834588317721613,-10.976193380593664,1.385913912196135,0.8230946907499801,3.740249566406245,8.587873187260493,-4.909766482803739,-7.231318541387019,-6.28247518114096,5.689055599471989,-11.199006258153492,-10.145475253119209,1.4970520281918638,-9.840090092165934,-1.3787566249890282,2.6638409718193112,-1.8901993084950197,4.227192497919519,-9.822052504776535,1.0711020198839087,4.890977844743564,7.8234986941417795,-4.80085368488482,-1.0682729877067767,0.4714564967704242,-10.612546775599753,4.778948812043212,-5.17666839191999,-5.379696209735151,-1.7177511024799637,5.582433677001773,7.147511021114773,-5.188656334435957,-1.384932253946762,-0.5312084886325339,-1.5029467190835941,1.483706070146043,0.9845498472692142,6.8963258748067116,8.064287550796609,-0.5270104628804129,2.542351047288005,-4.628440061676356,-2.0085084555077963,5.088767674032022,3.7123146355691787,-9.379723054844735,-2.4033185799924053,-0.9634049746833926,-2.9343307205940254,-1.7262551885944089,4.68914134325805,-3.2271670020469365,2.0458896509806075,-2.5466637676307715,-2.3787938469837338
7.893217135291851,21.606683868853356,-2.457822931395328,-1.3048813670899748,-7.696199353264108,-17.100719001385173,10.010460689564225,14.456953850491566,12.045046722674234,-11.199006258153492,22.80628857933893,20.516357743380105,-3.2488124287709654,19.814393518698896,1.6399184255991355,-4.780443929781134,3.7530603955301527,-8.826430047640542,19.85179202708791,-2.0874824528211,-10.0058815707136,-15.460353574434563,8.542484581417398,2.787649686280387,-0.14156299467739097,20.39782218392092,-10.091731738288649,10.319206633984967,9.937137303602144,4.1109936793711555,-10.496714458706156,-14.259597022879714,10.05370882062387,2.6292021133218353,0.6308724419528188,2.145067347122402,-2.1386899674727244,-2.312690758174468,-13.851814685437013,-15.251030987078613,1.333467677345411,-4.755428397261833,8.598189771426156,3.637555765868675,-9.830679734080825,-8.42421388239908,18.853333435422556,5.697554011310045,2.6070021464656215,5.773828045424364,3.48883048969395,-9.43973413905101,5.955743332953288,-5.655216957026504,5.5114276402532605,4.505269192880646
7.056994486804384,19.60502961815599,-2.252979261960709,-1.24230187153646,-6.912823230450871,-15.425853017418673,9.025231937388098,13.08387206625061,11.000198097805121,-10.145475253119209,20.516357743380105,18.502826152323777,-2.866979634553753,17.852134853052,1.6960967039903627,-4.443092257239188,3.4303177230621844,-7.887385996348356,17.912116671178232,-1.8636786317958016,-9.008235791925351,-14.011456855886987,7.885312248918928,2.3652540180504915,-0.32397858319576206,18.5849143801144,-9.029418639969895,9.360304951430914,9.187961703703031,3.589481667334634,-9.665960938339703,-12.932915466461122,9.138504400355812,2.414312028659621,0.6152710465276404,2.1239874813669584,-2.0528263662228063,-2.0053714365346735,-12.484212957153586,-13.930760406062813,1.10839768771569,-4.417989480272054,7.887623494119529,3.4015259348474114,-8.918741685826838,-7.416374790801217,16.989487211912362,5.005643886322488,2.2340377613604323,5.251551011273645,3.1147867118473127,-8.502400569663616,5.470414145040654,-4.823240114998356,4.934012195857593,4.116169277381887
-1.20984638432886,-2.771564640017854,0.33372363079260986,0.1039781446202537,1.1188778276059792,2.3602596347573073,-1.4103983142463252,-1.909801777627721,-1.373405890503551,1.4970520281918638,-3.2488124287709654,-2.866979634553753,0.6346070563354859,-2.8325677365234085,0.11769530333577263,0.42037785074459405,-0.4398717240600981,1.3747468491674477,-2.7200523306390085,0.3857167280683295,1.3913689836845515,2.0329789650289087,-0.9425399421965037,-0.6832138485323505,-0.36864095276023146,-2.5545550802206565,1.522012331602721,-1.2684463663689898,-0.9552428962893029,-0.7474955403884307,1.0973072496741882,1.8220798692311773,-1.2983717937521888,-0.3047603007340499,-0.029282680699389788,0.08776863262625517,0.15641677956578265,0.47417190709287027,1.9103934403646223,1.7980301897298254,-0.3968916159817852,0.34547835924336623,-1.0061970542188035,-0.23919718725077946,1.3046408799649747,1.4879646514670617,-2.6623776837408277,-0.9971698989235319,-0.5357560283861813,-0.6837564928148426,-0.5487680760308389,1.364056109112433,-0.6357884154785474,1.254040831936621,-0.7689811126219714,-0.5064262947150818
6.87290435362496,18.917611136229926,-2.284327306133229,-1.2460908788729965,-6.664352436022943,-14.985919667120655,8.679558449107791,12.588866385391825,10.593553423694486,-9.840090092165934,19.814393518698896,17.852134853052,-2.8325677365234085,17.316924403677703,1.7281796313543636,-4.281566803563302,3.244002557668162,-7.641351446567449,17.24869057084416,-1.9054163344593342,-8.653258295261216,-13.53749670037054,7.7998047640970265,2.321651198864004,-0.2525947225374774,18.043526344167745,-8.658118494734964,8.945902305929163,8.806178103099372,3.3992581104536677,-9.263274820064648,-12.392985135542702,8.879232205631443,2.3248851040685126,0.7121255724282305,2.0355936299254065,-2.1565360639196594,-1.9600709874749398,-12.084640248888677,-13.545226744018475,1.1667202922757367,-4.121773166216339,7.701743454992389,3.1944341511750154,-8.718173631061315,-7.108848824418027,16.474880859403868,4.705561991389813,2.079714668435393,5.024088030220352,3.0751609301421867,-8.259213275838002,5.3210628365754795,-4.523295900097145,4.636693867512496,3.9850470725606018
0.41593381878669117,2.711299687238849,-0.6848370130341978,-0.638878733414317,-0.434110773620719,-1.798206170616683,0.7082398401685696,1.473693721967658,2.045299430052945,-1.3787566249890282,1.6399184255991355,1.6960967039903627,0.11769530333577263,1.7281796313543636,1.8753984326070932,-1.3422177878899488,0.44128726689317144,-0.28381277236629854,1.6801490842248226,-0.2404257535205688,-0.6713256438337601,-1.8329592780328459,2.4301462435511367,-0.7653376096837774,-1.3037755875997332,3.28665654472707,-0.19337772554270993,1.1362046806231787,2.3125483819769364,-0.6169999443851915,-2.123202564790925,-1.5212668486918857,1.4853204443318109,0.48093692761143775,0.6932133865196587,1.5848194799088025,-1.4318801921808721,0.31916922104564116,-1.2892299702763144,-2.8712366556111255,-0.35100490067500667,-1.0657942886437075,1.849708411974111,1.0044980035287672,-1.4809165802258095,0.7080686836376897,1.7070616704939847,-0.7766875149132859,-0.7706729198690083,0.7531201413033085,0.2663258371125316,-0.820293716041354,1.3688244068720963,1.8361949071747048,-0.04423363891503854,0.8498867307223998
-1.5243845195368553,-5.239904625775942,0.7454496330824635,0.5687038556871512,1.548711111889971,3.8700209596903674,-2.1138980485772234,-3.3246787742892097,-3.261370231748611,2.6638409718193112,-4.780443929781134,-4.443092257239188,0.42037785074459405,-4.281566803563302,-1.3422177878899488,1.6120152165436148,-0.935581891298077,1.6203981350642798,-4.348235249709978,0.41697500611870586,2.100986861053387,3.671448411607413,-2.7586336587584284,0.026531269347383844,0.8542529840540136,-5.306652036903589,1.8352054252940415,-2.468860065090514,-3.0942417500053354,-0.3577083967069531,3.074352122255783,3.3547442781667804,-2.5296703226664876,-0.730370218611525,-0.4436369712172293,-1.3283004622065309,1.098431829335149,0.1751726843674181,3.064286705637676,4.208501631353495,0.05784969519741638,1.5369852054934163,-2.486027223880105,-1.2753833500488836,2.4558270830352225,1.0077133618084477,-4.117605982552339,-0.5650679189079189,-0.02203193366735236,-1.449115832525428,-0.695628319160694,2.0293313175872467,-1.79264043742795,-0.07845787232949446,-0.9790991118490472,-1.2576274770016047
1.2241477144274966,3.7336958492346892,-0.38517773989828236,-0.25622948757296754,-1.2618898575729682,-2.810146082851868,1.6854188139548039,2.483716251630335,2.167125523064684,-1.8901993084950197,3.7530603955301527,3.4303177230621844,-0.4398717240600981,3.244002557668162,0.44128726689317144,-0.935581891298077,0.7083280927412086,-1.3851487067697783,3.348354419605639,-0.2689986223231619,-1.6798952027677043,-2.6442791987205547,1.5041199291719163,0.2934563146057833,-0.2556063820832706,3.538420721273491,-1.6445944775241432,1.830107894957041,1.922078063367305,0.6050790694759101,-1.9898227378509674,-2.505306785508053,1.718588870625914,0.484371292799014,0.08777932274739865,0.5600188443994003,-0.38381408767899544,-0.29197399158075626,-2.289803370896655,-2.6736927720673176,0.07373663880292619,-1.0059045058911529,1.5203289066340415,0.7799253111531836,-1.635318659850895,-1.251914095544594,3.0946005324354435,0.8871908038249018,0.3607690477119994,1.0357684449125717,0.514206307616037,-1.5360495322211236,1.074235472917787,-0.7379379195505181,0.954925337497334,0.8014947625612435
-3.114298092757244,-8.093489032243648,0.891786267728441,0.40820039212930326,3.000950335856771,6.5272326168650885,-3.864453863350893,-5.475919236233382,-4.375734083079232,4.227192497919519,-8.826430047640542,-7.887385996348356,1.3747468491674477,-7.641351446567449,-0.28381277236629854,1.6203981350642798,-1.3851487067697783,3.5086759216124164,-7.602874298776618,0.8419856538958678,3.8601929870725566,5.8257665896737905,-2.988211118762491,-1.3170293375211712,-0.267809598154683,-7.5353191921827,3.99873675990953,-3.855224877793183,-3.4550989859283026,-1.7629585161381032,3.724125887948788,5.362609568677316,-3.7472974417508293,-0.9518062833982783,-0.15189048916286474,-0.49415357995895104,0.6262380891325268,1.015841425924689,5.303120859450069,5.5416717659444,-0.6642178765031966,1.603390082912643,-3.0943893622662975,-1.1946848097402627,3.6805452227905735,3.5332215986615894,-7.250119751084085,-2.413353893268379,-1.1864237630605328,-2.1326374211503234,-1.3764527962615047,3.6476186125405223,-2.1073583805880713,2.633053217947562,-2.1687012451800136,-1.6257591677697594
6.801509255506666,19.028615391684685,-2.1535370241850034,-1.201577444862645,-6.686490786011229,-14.923686898218277,8.739137557230974,12.696868440126204,10.718281041556194,-9.822052504776535,19.85179202708791,17.912116671178232,-2.7200523306390085,17.24869057084416,1.6801490842248226,-4.348235249709978,3.348354419605639,-7.602874298776618,17.362329086239292,-1.758012267639001,-8.734540304209721,-13.584229542667616,7.6313249636495195,2.2257423723554637,-0.3998372186213918,18.016859356502515,-8.733819544299894,9.120576135594685,8.987237417786236,3.4620128245174753,-9.43670767592451,-12.572540248916752,8.850887391178377,2.346833546008511,0.5805472527140116,2.135625379257335,-1.9675283170985767,-1.908673840957675,-12.089460992412153,-13.529115173815475,1.010879542214784,-4.373832730722346,7.6468172922333535,3.365442154275504,-8.621490738308061,-7.13496360887242,16.426422784817753,4.838678068203837,2.1522511702103757,5.120767794773862,2.9909175390715714,-8.20860120731033,5.326003902988751,-4.615677631211507,4.810195085569855,4.008811740565757
-0.7867058422391342,-1.9478788974448915,0.3498221262049359,0.1734426889618439,0.6936565633412934,1.6535283085522963,-0.8818869131326096,-1.266660872584304,-1.0479367866933835,1.0711020198839087,-2.0874824528211,-1.8636786317958016,0.3857167280683295,-1.9054163344593342,-0.2404257535205688,0.41697500611870586,-0.2689986223231619,0.8419856538958678,-1.758012267639001,0.3176673365521238,0.861359520034828,1.4180242118840378,-0.9817208289385516,-0.3112335785418292,-0.07200010006725524,-1.9676264507339782,0.8613909699469664,-0.825474622957502,-0.8193601125154099,-0.3050498550285865,0.8718920697306567,1.1918007156356099,-0.9784420080774424,-0.23503795456555374,-0.1833100073247699,-0.15552211386968515,0.38898509313216423,0.24344444819822622,1.2894526112327802,1.4774178352129081,-0.23914534121254863,0.25465224206006604,-0.8782367185330197,-0.21807721876956043,1.013349934697013,0.7254141359221669,-1.8003739272911359,-0.388296633593776,-0.15619409167110132,-0.4658911607922656,-0.3927219815744624,0.9226742675573213,-0.5741370950778585,0.3887447396004325,-0.3575028344374432,-0.4125772897938539
-3.434902002760085,-9.486529965696205,1.0220941807127848,0.5473511738899013,3.382387541875848,7.459135354444173,-4.408974870451675,-6.3657156014225755,-5.300106175809897,4.890977844743564,-10.0058815707136,-9.008235791925351,1.3913689836845515,-8.653258295261216,-0.6713256438337601,2.100986861053387,-1.6798952027677043,3.8601929870725566,-8.734540304209721,0.861359520034828,4.413773568720327,6.778694786870532,-3.651827102671249,-1.2045798635123182,0.09163045064022339,-8.89762319095278,4.458793264340625,-4.575751256063486,-4.39136027542755,-1.8391533964400921,4.63857535242762,6.304032332393399,-4.382287609196136,-1.1556326821419827,-0.21734555504055736,-0.9491414361903724,0.8480791273440212,1.0034097072512422,6.064447742285312,6.644379331521562,-0.5366241636822311,2.1599902314422557,-3.7272788680964486,-1.641451595590246,4.259292602156011,3.7239177320008583,-8.237290447403025,-2.565324746285169,-1.184554176607016,-2.557726859109223,-1.497577435084881,4.116304416451937,-2.593897619852811,2.5508173468532926,-2.484003880632238,-1.9722655012535504
-5.264358115982978,-15.148773793552909,1.846514204420427,1.1032696441947376,5.17103075368995,11.802176159575023,-6.796825965510982,-10.003754890024709,-8.678211999200329,7.8234986941417795,-15.460353574434563,-14.011456855886987,2.0329789650289087,-13.53749670037054,-1.8329592780328459,3.671448411607413,-2.6442791987205547,5.8257665896737905,-13.584229542667616,1.4180242118840378,6.778694786870532,10.788528801649843,-6.504095022135884,-1.464221593126389,0.6702539732182171,-14.57595051981653,6.636981731353887,-7.195523471379015,-7.445371850836523,-2.419476439755765,7.729451310599871,9.914755862419954,-7.123986895197046,-1.9113164831794032,-0.6616434488669175,-2.069258497960888,1.936513375818234,1.3517201373135832,9.503441536295199,11.063734131811946,-0.6789358193381542,3.5832193641096453,-6.327895095497409,-2.8152470452989444,6.958375821030265,5.168716252364764,-12.907672896042916,-3.4016919380772865,-1.3843104468201515,-4.074403157404917,-2.3466499190795225,6.444350895965161,-4.42475077674926,2.9233179133869274,-3.592444584309845,-3.2738948009724442
2.866545381460856,9.209846813933513,-1.5323187206581583,-1.0724866160016433,-2.754067833717796,-7.051112760865592,3.702463900700625,5.791823680137536,5.632566899391781,-4.80085368488482,8.542484581417398,7.885312248918928,-0.9425399421965037,7.7998047640970265,2.4301462435511367,-2.7586336587584284,1.5041199291719163,-2.988211118762491,7.6313249636495195,-0.9817208289385516,-3.651827102671249,-6.504095022135884,5.1710794229911565,0.1381842478295866,-1.2564346573329879,9.523754963646802,-3.1953431664231515,4.151465093218511,5.218131859290711,0.575325091159172,-5.199500109613914,-5.726865882561031,4.569169126914932,1.265179393390205,0.991942003567088,2.1854905780746714,-2.2350117113958423,-0.41505839440334813,-5.501923942753538,-7.543161977369935,0.1622873771219382,-2.33755133835978,4.515836345865063,1.9949812631855641,-4.549064364404137,-1.813977810021203,7.475610125416361,0.8396224005220178,-0.043347320608493035,2.442737489753402,1.3903224905170275,-3.7255124850949035,3.189570721075704,0.2169095249503214,1.498554964019006,2.2108576880029247
1.109838346496525,1.9277347372997005,-0.10670257497019632,0.11708232845167725,-1.0024993911613351,-1.827724204408172,1.2017540574865633,1.4606834314439934,0.7238798981131898,-1.0682729877067767,2.787649686280387,2.3652540180504915,-0.6832138485323505,2.321651198864004,-0.7653376096837774,0.026531269347383844,0.2934563146057833,-1.3170293375211712,2.2257423723554637,-0.3112335785418292,-1.2045798635123182,-1.464221593126389,0.1381842478295866,0.963178985431662,0.8246570981511236,1.4998832744845552,-1.4965303375880425,0.9238464949668681,0.18799615678893067,0.9829720298774596,-0.39439400597981517,-1.3511104668183442,0.8266070660901644,0.14371862718091918,-0.20000798860896432,-0.6237756538246974,0.3307603205717175,-0.5984519858147316,-1.5367253997264014,-0.8794747543735767,0.5295443086987632,0.005056653033312806,0.39877402268416556,-0.09602094002369961,-0.83969547192111,-1.7712226433624685,2.1602455752932825,1.2868309449784607,0.81658584563576,0.45058984606090535,0.48007971067544203,-1.120860556164194,0.19362141008635783,-1.9130805070424028,0.8083985405340735,0.23778098246044846
0.15373714762252857,-1.0977252570984866,0.2664184541081075,0.37795505812062674,-0.03365857990371231,0.4483126896026169,-0.0980761865645475,-0.5085824230907872,-1.0843444409079133,0.4714564967704242,-0.14156299467739097,-0.32397858319576206,-0.36864095276023146,-0.2525947225374774,-1.3037755875997332,0.8542529840540136,-0.2556063820832706,-0.267809598154683,-0.3998372186213918,-0.07200010006725524,0.09163045064022339,0.6702539732182171,-1.2564346573329879,0.8246570981511236,1.1415012491854402,-1.4588072648741743,-0.28388019535677134,-0.5269249737043397,-1.4539294016173296,0.6158469219515607,1.2732290748396133,0.6283877795562202,-0.6003622174901815,-0.25818112460782655,-0.36367240628697534,-1.206617311041044,0.7947643036160662,-0.41378464750679333,0.2915456974717474,1.4104742421913532,0.49557449445799273,0.8333964658283558,-0.9257538178508424,-0.7601389427418448,0.5379785237543913,-0.9405428566029942,-0.30476895434017254,0.7456873447207217,0.6474515707014398,-0.38356701856683456,0.05895300682287001,0.09957672420197251,-0.7516025556931255,-1.5962251032667838,0.1347407110441578,-0.44690309467912154
6.9010962331414465,20.520685014051946,-2.729411434473943,-1.7362253284681437,-6.761667014449782,-15.876874492272878,8.947888444716291,13.379659286866032,11.982815623814469,-10.612546775599753,20.39782218392092,18.5849143801144,-2.5545550802206565,18.043526344167745,3.28665654472707,-5.306652036903589,3.538420721273491,-7.5353191921827,18.016859356502515,-1.9676264507339782,-8.89762319095278,-14.57595051981653,9.523754963646802,1.4998832744845552,-1.4588072648741743,20.133470828403393,-8.479067988651034,9.628676616158197,10.53950816335209,2.730911901786301,-10.806717793016544,-13.267370066750516,9.784035215892986,2.657445035428862,1.2318972788760356,3.3876927811416566,-3.2407374541824425,-1.5676986566824942,-12.685660241175565,-15.469168392180757,0.7345953626614248,-4.992245125551359,8.969307138800295,4.016140915507753,-9.594322474549504,-6.1799276752378685,17.2276145216823,3.8715804469376405,1.3389301903109097,5.508351798425026,3.134343212240034,-8.594441495148303,6.293935639487344,-2.743536658355941,4.469156260390111,4.56750658798175
-3.5104910544433747,-9.238769997975611,0.9044279772821092,0.40913236846655887,3.4456957067953873,7.364580983662334,-4.454047274760295,-6.294150435347502,-4.999682085761706,4.778948812043212,-10.091731738288649,-9.029418639969895,1.522012331602721,-8.658118494734964,-0.19337772554270993,1.8352054252940415,-1.6445944775241432,3.99873675990953,-8.733819544299894,0.8613909699469664,4.458793264340625,6.636981731353887,-3.1953431664231515,-1.4965303375880425,-0.28388019535677134,-8.479067988651034,4.645108856074056,-4.485596967417032,-3.9717808296109007,-2.103142105901902,4.2900602373524235,6.210237568277735,-4.214317104877131,-1.0873107978586565,-0.04520360564806229,-0.5412633204612134,0.5187710424400089,1.1523853491209533,6.029075746480761,6.202851040587248,-0.6807801549290144,1.9501983339043274,-3.4267589531674574,-1.4314577040423606,4.089221577984589,4.125406570973822,-8.217442439694166,-2.9123042236042687,-1.4550595498063648,-2.474088159328441,-1.5100526922445685,4.122212134497988,-2.3485349119690375,3.197300729462845,-2.612024358589576,-1.835321743298978
3.456238398391028,10.137664200226865,-1.1134011371626196,-0.6823756327723716,-3.460493627096617,-7.799535690675856,4.5638534401461355,6.728052104607042,5.846939178027555,-5.17666839191999,10.319206633984967,9.360304951430914,-1.2684463663689898,8.945902305929163,1.1362046806231787,-2.468860065090514,1.830107894957041,-3.855224877793183,9.120576135594685,-0.825474622957502,-4.575751256063486,-7.195523471379015,4.151465093218511,0.9238464949668681,-0.5269249737043397,9.628676616158197,-4.485596967417032,4.916868600571212,5.050233251329128,1.6831198401075178,-5.236261674080575,-6.7204117019358005,4.698002519359134,1.27774950484905,0.32696029436199836,1.423112173929971,-1.109228376018032,-0.8730088678198273,-6.3272474080088426,-7.311361007939133,0.3437675841178221,-2.5624823425357306,4.134283489611441,1.9869375320191842,-4.538204302494204,-3.4912123536897535,8.545052140492912,2.3928270851754507,1.0023521750371378,2.779830475931716,1.5003124095414933,-4.243884751787323,2.928925621505498,-2.0696752459235745,2.536382138260967,2.1880547870461955
3.191245614930248,10.596412451941314,-1.3923365350085537,-1.0321429343161395,-3.254454618280956,-7.869872440380651,4.411441305799139,6.811912142164721,6.476407468670435,-5.379696209735151,9.937137303602144,9.187961703703031,-0.9552428962893029,8.806178103099372,2.3125483819769364,-3.0942417500053354,1.922078063367305,-3.4550989859283026,8.987237417786236,-0.8193601125154099,-4.39136027542755,-7.445371850836523,5.218131859290711,0.18799615678893067,-1.4539294016173296,10.53950816335209,-3.9717808296109007,5.050233251329128,6.036508027394615,0.9965572459145484,-6.0584678532340375,-6.872285424875871,5.049060569078341,1.4472068954409232,0.721044810578187,2.388745178776304,-1.9094018210586798,-0.48419334691625365,-6.282185428192113,-8.260264122325164,-0.028185112256473344,-3.0409801021393985,4.829997024590308,2.4800443254693203,-4.877166409462742,-2.45181624213252,8.451501034674031,1.518200354808073,0.31357912981587255,2.9344949608712945,1.422487053936551,-4.172192066099415,3.4692183339163507,-0.4569518113620176,2.1811498910728084,2.471759647379996
1.4865792528556199,3.311673120219148,-0.15941949474518016,0.05266069268208861,-1.4503826646654359,-2.7744441989287476,1.8181060066248977,2.3967388613746983,1.5813780716724954,-1.7177511024799637,4.1109936793711555,3.589481667334634,-0.7474955403884307,3.3992581104536677,-0.6169999443851915,-0.3577083967069531,0.6050790694759101,-1.7629585161381032,3.4620128245174753,-0.3050498550285865,-1.8391533964400921,-2.419476439755765,0.575325091159172,0.9829720298774596,0.6158469219515607,2.730911901786301,-2.103142105901902,1.6831198401075178,0.9965572459145484,1.2198330308119436,-1.2144152147589837,-2.3414497953153313,1.4127193627304186,0.3269901364533999,-0.24200112341154614,-0.3339732007351658,0.303924370593579,-0.6575131521418679,-2.3425682922622637,-1.8286735574217863,0.44412292814374427,-0.5250006439155223,0.905099235461783,0.3006853849863451,-1.3549835225832212,-2.1968767312018476,3.204483111081023,1.6583756671093561,0.9742230332029217,0.8811309919623981,0.6057182831866936,-1.6180621866363705,0.5884107009831776,-2.1876848694117252,1.2473698492341465,0.5438273663429062
-3.4080371119713986,-10.96742150410568,1.396317708168316,0.9982583949251916,3.459951493414428,8.213687043948338,-4.661562631207819,-7.104875534800078,-6.601931412012971,5.582433677001773,-10.496714458706156,-9.665960938339703,1.0973072496741882,-9.263274820064648,-2.123202564790925,3.074352122255783,-1.9898227378509674,3.724125887948788,-9.43670767592451,0.8718920697306567,4.63857535242762,7.729451310599871,-5.199500109613914,-0.39439400597981517,1.2732290748396133,-10.806717793016544,4.2900602373524235,-5.236261674080575,-6.0584678532340375,-1.2144152147589837,6.128441033303943,7.148795012549887,-5.199330944039927,-1.4751311193792522,-0.6551642258595524,-2.2378297293758016,1.806309457152504,0.6094224219830044,6.578768134495838,8.395109785427985,-0.07533394139138777,3.041288242858153,-4.8849001699472625,-2.4575463766035166,5.0220897915805,2.8360621489422164,-8.872830984059474,-1.8117639649399566,-0.5001801440094733,-3.0226018073272294,-1.5090111413300988,4.392456078970373,-3.4859575432885643,0.8941209759087861,-2.3630152662694477,-2.5067972733538286
-4.800655383105074,-13.941625144752521,1.5664332182564817,0.9455953091745681,4.787151427758079,10.768089854171984,-6.308841845808346,-9.259149489968367,-7.987107767550101,7.147511021114773,-14.259597022879714,-12.932915466461122,1.8220798692311773,-12.392985135542702,-1.5212668486918857,3.3547442781667804,-2.505306785508053,5.362609568677316,-12.572540248916752,1.1918007156356099,6.304032332393399,9.914755862419954,-5.726865882561031,-1.3511104668183442,0.6283877795562202,-13.267370066750516,6.210237568277735,-6.7204117019358005,-6.872285424875871,-2.3414497953153313,7.148795012549887,9.22787663198933,-6.482029146934262,-1.758037622193768,-0.4575172576765433,-1.865438754601285,1.5474950235792864,1.2421663007857764,8.723606773075819,10.033198916193799,-0.5423428821310197,3.4291474496468064,-5.695623716388563,-2.6621788491100085,6.274209186098215,4.879479040724883,-11.81947690119394,-3.324322366092349,-1.3997514481841977,-3.794693792162306,-2.0923681638690126,5.88716165071298,-4.001452551574126,2.933727226329426,-3.468685289012849,-2.9872215919882135
3.4232816028107758,10.013805722158969,-1.3190872643538927,-0.8167227426649003,-3.3408668495905487,-7.791279078921621,4.4052445314895685,6.550447289429149,5.80196221869797,-5.188656334435957,10.05370882062387,9.138504400355812,-1.2983717937521888,8.879232205631443,1.4853204443318109,-2.5296703226664876,1.718588870625914,-3.7472974417508293,8.850887391178377,-0.9784420080774424,-4.382287609196136,-7.123986895197046,4.569169126914932,0.8266070660901644,-0.6003622174901815,9.784035215892986,-4.214317104877131,4.698002519359134,5.049060569078341,1.4127193627304186,-5.199330944039927,-6.482029146934262,4.766130993767405,1.2839225769680527,0.5709141957723518,1.5466213421916735,-1.5162257090480498,-0.8173518489815967,-6.232259378374683,-7.488855174782899,0.41478927142390587,-2.376979418274275,4.3296194877050285,1.902638027457704,-4.679726529767505,-3.1485369442622644,8.471828969136126,1.9883201152219863,0.7288400058143472,2.679077581644523,1.554096328649165,-4.231368063548301,3.0287188660051343,-1.5206424689462623,2.2200648150692155,2.2084709024356313
0.8668239255219412,2.7004780004724127,-0.35030544071251946,-0.23983280949548405,-0.8702826355419607,-2.0456512383163297,1.1664932511418828,1.7566004193196072,1.599221462381638,-1.384932253946762,2.6292021133218353,2.414312028659621,-0.3047603007340499,2.3248851040685126,0.48093692761143775,-0.730370218611525,0.484371292799014,-0.9518062833982783,2.346833546008511,-0.23503795456555374,-1.1556326821419827,-1.9113164831794032,1.265179393390205,0.14371862718091918,-0.25818112460782655,2.657445035428862,-1.0873107978586565,1.27774950484905,1.4472068954409232,0.3269901364533999,-1.4751311193792522,-1.758037622193768,1.2839225769680527,0.35998299225285213,0.15603645155473642,0.49850184552378257,-0.4342296883855539,-0.17505575192997003,-1.63706124965196,-2.0460981780569423,0.052389777050499055,-0.7073486062501575,1.1933781753707668,0.5709058987539686,-1.2453638783010663,-0.753944763346022,2.2203892488051165,0.48056642425604934,0.14838903540333906,0.7342070704002228,0.38615749607331096,-1.1051736719971967,0.8402826501403334,-0.29075342065967286,0.5864324402376594,0.6061456442539473
0.2271609228415342,0.9529484523608335,-0.33129891169198034,-0.25089445884026673,-0.16175594670653076,-0.7454132875237838,0.23177891757862984,0.4922885253141617,0.689029007648364,-0.5312084886325339,0.6308724419528188,0.6152710465276404,-0.029282680699389788,0.7121255724282305,0.6932133865196587,-0.4436369712172293,0.08777932274739865,-0.15189048916286474,0.5805472527140116,-0.1833100073247699,-0.21734555504055736,-0.6616434488669175,0.991942003567088,-0.20000798860896432,-0.36367240628697534,1.2318972788760356,-0.04520360564806229,0.32696029436199836,0.721044810578187,-0.24200112341154614,-0.6551642258595524,-0.4575172576765433,0.5709141957723518,0.15603645155473642,0.3414371849453226,0.5102699073261195,-0.6321548274110764,0.06969209779118184,-0.5093090010880549,-1.0836561946668095,-0.015794725133021985,-0.2298809709240193,0.7087754272823946,0.2546305673861447,-0.6202156238819411,0.24297964387117238,0.6972458945345134,-0.34949842524739777,-0.30858706682798637,0.22567879401358404,0.1683507563773973,-0.348436853314714,0.5070900724347944,0.6965265153592091,-0.10965938245110227,0.30725188422514105
0.5581665746007481,3.0557010098087325,-0.5530488708461434,-0.5382254036362154,-0.6287349806927062,-2.0277591507970683,0.9537402364140286,1.7819092749766132,2.2061773672394143,-1.5029467190835941,2.145067347122402,2.1239874813669584,0.08776863262625517,2.0355936299254065,1.5848194799088025,-1.3283004622065309,0.5600188443994003,-0.49415357995895104,2.135625379257335,-0.15552211386968515,-0.9491414361903724,-2.069258497960888,2.1854905780746714,-0.6237756538246974,-1.206617311041044,3.3876927811416566,-0.5412633204612134,1.423112173929971,2.388745178776304,-0.3339732007351658,-2.2378297293758016,-1.865438754601285,1.5466213421916735,0.49850184552378257,0.5102699073261195,1.4800736920091337,-1.1254609807090936,0.22924967122009773,-1.5440291342217631,-2.8979244641180295,-0.36565614000653995,-1.2382650364341283,1.782165266674476,1.087705432034225,-1.4902391614897446,0.303009753530541,2.008374287310765,-0.37203965680020845,-0.5051758915954643,0.8943547059572453,0.28004953308997144,-0.9524441260335101,1.3506628917050654,1.2914398592976475,0.27261982774743465,0.88294505200255
-0.7088114720956122,-2.7733156675566244,0.703715431098945,0.5439109071833557,0.6288288257815401,2.0851971788878645,-0.8896531008981845,-1.5861429883301141,-1.8695361997932596,1.483706070146043,-2.1386899674727244,-2.0528263662228063,0.15641677956578265,-2.1565360639196594,-1.4318801921808721,1.098431829335149,-0.38381408767899544,0.6262380891325268,-1.9675283170985767,0.38898509313216423,0.8480791273440212,1.936513375818234,-2.2350117113958423,0.3307603205717175,0.7947643036160662,-3.2407374541824425,0.5187710424400089,-1.109228376018032,-1.9094018210586798,0.303924370593579,1.806309457152504,1.5474950235792864,-1.5162257090480498,-0.4342296883855539,-0.6321548274110764,-1.1254609807090936,1.2652871704460873,-0.07603152415302993,1.5235860809707595,2.7157791917705647,0.05134611780359894,0.7432660058906827,-1.7296311613700412,-0.7199206588658106,1.5644140511871445,-0.1454785773227139,-2.0839441109994663,0.40929780314842745,0.48785512887316573,-0.7042458319682189,-0.4182426284696945,1.0405665778644944,-1.225874189546115,-1.1205268086449014,-0.06447198860675989,-0.7800650709629446
