V1,V2,V3,V4,V5,V6,V7,V8,V9,V10,V11,V12,V13,V14,V15,V16,V17,V18,V19,V20,V21,V22,V23,V24,V25,V26,V27,V28,V29,V30,V31,V32,V33,V34,V35,V36,V37,V38,V39,V40,V41,V42,V43,V44,V45,V46,V47,V48,V49,V50,V51,V52,V53,V54,V55,V56
2.644548649810972,2.6587727540702644,2.3397023737898963,-8.181084435214203,-0.3205764707747825,1.031641987467899,-2.273652213138157,-3.32959143153441,3.2169560876316843,-2.207418112677701,-0.31759606526584816,3.5772384909551596,-3.3019863726898477,-2.8559305825918297,0.971148470732958,0.739364835455747,2.0364281132976854,2.6185996021144566,2.8970677559743327,-4.765601930002558,1.7457306611752825,-5.344094580370212,-0.0825932140189759,2.0278168484048797,1.6449747604550364,-3.8087566238467128,-0.1605201018296169,2.1311235948962652,-6.207014135506395,3.5046602451403213,5.794914991842466,-2.3547394486165603,-3.218390550625918,-0.09769812023212648,-2.0733797404684586,-1.3202751446992735,4.462555016434178,0.9256385737341692,0.5904600457714294,-2.131147751593942,-5.145004682404199,6.3748729398889745,8.062532718466063,5.68608993702122,-0.236027235037308,1.6746168230491947,-0.8033198601079526,0.3324352463389736,3.5604117031202867,4.3961096402052195,2.4502323228390597,-0.8136399984661684,3.129484008798736,5.722143315747467,-1.8890247904781379,1.4498136896021867
2.6587727540702644,2.783187340507264,2.2862056423975354,-8.163295824373089,-0.17660831744869218,0.8399990222808434,-2.328184570464435,-3.262676734248231,3.095801610436787,-1.978305199944397,-0.2837955313545157,3.6406662600152813,-2.8354828078650254,-2.56512553420934,0.7623679042682618,1.0653630932613272,1.7930810777161277,2.387386130881322,2.997769780979485,-4.763989692983769,1.8014577596236578,-5.438526090413361,0.09711656967994071,2.092708549095736,1.7785705652109545,-4.120952380734232,-0.46323560363307176,2.0041118382962124,-5.9579578189763724,3.182410135118841,5.822064401018102,-2.735124973877312,-3.4038453841913823,-0.32193895949095475,-2.494700546261091,-1.4407602673092743,4.687274214219366,0.6750026285950536,0.665742714669307,-2.216455715415088,-5.175039686567647,5.994640174743237,7.877614298222049,5.818943642393023,-0.21890593104356942,1.345237794082394,-1.1183269737158528,0.18851546037612224,3.3428962452584097,4.277399690738911,2.432277351785651,-0.7638193453228554,3.1085391651528176,5.694197973022939,-1.9058390398116112,1.405219039487409
2.3397023737898963,2.2862056423975354,2.109972488948194,-7.269575159953288,-0.3674547519376582,1.0287592743289253,-1.9826770808754308,-2.9955077271890227,2.9201028670647253,-2.0893674080460825,-0.30345417877619857,3.1358592353811394,-3.212096261049283,-2.7062281429563955,0.9882732456954042,0.4620772029265953,1.950723506088914,2.460500759847859,2.510229872137755,-4.228051505287964,1.5140289430025968,-4.683803101183919,-0.1805384389074491,1.760139221258207,1.3838484109861908,-3.1989367197370124,0.040480769808148104,1.9606741494686937,-5.654306795369641,3.2967458456530685,5.123362207711488,-1.8649889973946319,-2.7389813904774787,0.04950776405641268,-1.593716088538627,-1.0955000325507205,3.8296920138744013,0.9663362255875118,0.4787322806284608,-1.8423211868130176,-4.547932362437649,5.88600548014125,7.261685796212514,4.964176587221518,-0.21847908223041243,1.67935019352571,-0.5285480907452708,0.37896913343615624,3.2878530485212196,3.9679132164085926,2.190384486475256,-0.7528805124268036,2.7893459322641596,5.09554626838713,-1.6689212173114425,1.313000300583929
-8.181084435214203,-8.163295824373089,-7.269575159953288,25.9513217830562,1.4945728958994446,-3.5768541791932704,7.391990169744651,10.557096786485005,-11.026502366888302,7.888840399279305,0.9313077104543579,-11.293803001239281,10.552831250019262,9.541939685930116,-3.1281112551303987,-1.9125612303293094,-6.8942023005777875,-8.674841789174906,-9.106819153427098,15.284675104315093,-5.642044443441553,16.997629485678672,0.4937487020318601,-6.417327202123691,-4.63978203634755,11.122590690841687,0.4297793417386489,-7.5267142530000255,20.164546194139202,-12.043649871852892,-18.574385109161017,6.764171896170423,10.596079757403539,0.34796377201638806,5.5028076067542795,4.469801859440638,-13.391374585775223,-3.733004831015114,-1.8351175730096276,6.388677252749412,16.130827999252958,-20.3657638037092,-26.00602621842881,-18.071397479291115,0.8872428330579833,-6.011260044629327,1.7472393545486136,-1.3908660610726085,-11.6065224700495,-14.475200213118278,-7.2158095423626225,2.4874350623671995,-9.9205596097737,-17.980009580354878,5.660619328817813,-4.661599186715049
-0.3205764707747825,-0.17660831744869218,-0.3674547519376582,1.4945728958994446,0.5235221009687598,-0.576440823568404,0.4842654435047101,0.6613856403443982,-1.263679515181001,1.2272121495947548,0.03666674866007376,-0.5496670235257339,1.0874929175863315,1.1225319829923361,-0.40403833147910023,0.47133984615491725,-0.8966755204670108,-0.9447280769708549,-0.371731772053409,0.9787700307954638,-0.33539615311462334,0.9085201908262931,0.3439138783122566,-0.29525585367472723,0.228292931592872,-0.26827408766985356,-0.30923551318472853,-1.0345812915907235,1.6837528060239717,-1.5765097961544476,-1.1545959948215059,-0.41904159238719885,0.675434959148653,-0.16564221983831706,-0.763819052681817,0.3206867944055554,-0.06609372261856701,-0.9538563490774515,-0.010126770126568468,0.047628493154374896,0.7694446359589113,-1.6075204750056178,-1.9277679462216817,-0.9267941156550392,0.15456073289800243,-1.0950904882419135,-0.7048152659207202,-0.42748652473615156,-1.062927560197527,-1.2727169432153649,-0.07426795373009457,0.12871454977914473,-0.5803449233716933,-0.9412073886605521,0.09586493688537731,-0.347149988853752
1.031641987467899,0.8399990222808434,1.0287592743289253,-3.5768541791932704,-0.576440823568404,0.8798932786974373,-0.9838412201737609,-1.5458629937626112,1.9534105772997197,-1.7107821193406605,-0.15572294154270053,1.4301712475855004,-2.1857708875618815,-1.9047053857903553,0.7642654359418701,-0.3763519390553545,1.4543433454037584,1.658398477301996,1.0645965020941524,-2.146064226791446,0.7187681248552703,-2.1938612844454366,-0.4172644697065704,0.7732607602112648,0.24693283215073683,-0.738920266409776,0.4318810791515461,1.466226081235263,-3.291085668015429,2.4350483188874112,2.5593134609153334,-0.117791277215106,-1.2855559807604502,0.28521009997701063,0.23406546417173735,-0.5146099575010097,1.2447359631801544,1.1474212382876159,0.12337781533202825,-0.6253343198163407,-2.0998961127140996,3.416120082162882,3.9770553824514687,2.278238463255409,-0.19130433325554091,1.5492614813616545,0.49831484029979045,0.5174450962789563,2.0203464040283516,2.329722502589647,0.8394560149103945,-0.38729994905652887,1.3869765091719632,2.4482116040074486,-0.6438961085490553,0.7260347245238619
-2.273652213138157,-2.328184570464435,-1.9826770808754308,7.391990169744651,0.4842654435047101,-0.9838412201737609,2.211123772519292,2.961451013891199,-3.3391049548109706,2.386422180727837,0.21468968899066132,-3.250999102777888,2.6943772684127105,2.6740227531919416,-0.7550172255972449,-0.6374932593206626,-1.9369411222459998,-2.431316160583154,-2.644319731763675,4.4177324071659205,-1.6868164400032444,4.935430886587033,0.08795622867714889,-1.873772484035096,-1.2239828989582855,3.074739596767863,0.3184731264273357,-2.3171416447229456,5.733354258803294,-3.516990862166357,-5.386090768986953,1.9684449173913983,3.293010885101242,0.2775828873700689,1.5121370024141174,1.4609068190403023,-3.724545429125254,-1.1538490790475324,-0.5661147740777972,1.7583746286189028,4.559935634080484,-5.580450216527868,-7.432242706619388,-5.266330988374289,0.2880914953862791,-1.7124463392886988,0.4558993513965599,-0.40622774083185,-3.2588064223191333,-4.224872418096602,-1.8547788061376258,0.6409760825252973,-2.813127350112171,-5.051168282470764,1.5138500967683803,-1.3187806624560026
-3.32959143153441,-3.262676734248231,-2.9955077271890227,10.557096786485005,0.6613856403443982,-1.5458629937626112,2.961451013891199,4.331413435689836,-4.499867121425166,3.283645000352097,0.4041552267286988,-4.556060359326144,4.55511637447732,4.017481904405825,-1.390694825343689,-0.6145028467113357,-2.9167367837047844,-3.637461316324889,-3.6479940159084294,6.202954000749559,-2.253688946480255,6.84989363816164,0.29160364101515096,-2.5717081412235228,-1.8443031548387447,4.399251415117394,0.003753178276646314,-3.0842157262582175,8.310871198209673,-5.024483564192365,-7.520866651657504,2.572040522635415,4.172911779177196,0.009256754323181623,2.058177028008784,1.728228366029674,-5.3582490974938155,-1.6138120221129943,-0.7048698274018643,2.569415623683251,6.5485100008851695,-8.48998881598834,-10.64914463237691,-7.265034028654788,0.36172645676549514,-2.591041863291378,0.5758250173893562,-0.6272786524554089,-4.823095089165514,-5.919339407648246,-2.978814846324494,1.0453797511528702,-4.044081648066946,-7.334044702676848,2.311494704286238,-1.9169150247143634
3.2169560876316843,3.095801610436787,2.9201028670647253,-11.026502366888302,-1.263679515181001,1.9534105772997197,-3.3391049548109706,-4.499867121425166,5.722258916672274,-4.504808805526215,-0.3142740786493683,4.709545293159331,-4.734005626233762,-4.736519773907619,1.4564134252641807,0.1764237080932075,3.53758951362022,4.209376862938187,3.732492841270578,-6.695041105418572,2.504054978463915,-7.241798021737825,-0.5518135463414968,2.6849014888134857,1.222568113069641,-3.4524234426687386,0.015981412543616503,4.170694942662599,-9.224446963395753,6.348918940719242,8.112316141121902,-1.8871605349132412,-4.907619938854485,-0.11843134092603627,-0.889479537689928,-2.1999851785382454,4.6822576199350125,2.637946192234847,0.707869765536167,-2.2327655328413076,-6.60955027751451,8.951516351807987,11.62955796587298,7.671351843550492,-0.5509148740952372,3.5134011851669573,0.33749097849683046,1.0479140083681342,5.3819235680194994,6.831396372566512,2.3938413890324797,-0.9594592168006765,4.212027177103747,7.436683847217479,-1.9952110243113663,2.070706471811354
-2.207418112677701,-1.978305199944397,-2.0893674080460825,7.888840399279305,1.2272121495947548,-1.7107821193406605,2.386422180727837,3.283645000352097,-4.504808805526215,3.7769898557723396,0.2350022809442872,-3.2727069942234706,3.917222624792198,3.868466859855792,-1.2851278601154101,0.38317256978925934,-2.943890403302428,-3.3868497588821587,-2.524437986533091,4.8389049264250295,-1.7625419064655445,5.08073685424784,0.6723079072003124,-1.8398868523646843,-0.5233443118806198,1.785520321564823,-0.3708737752381267,-3.3844174061427283,7.023095499163802,-5.209302089739774,-5.827256744852885,0.6826680963804467,3.434597631206032,-0.14761064385002576,-0.2037686673846591,1.5367121177145295,-2.8268763144511357,-2.437010899062471,-0.4095672123248263,1.3694648013281079,4.61712340239253,-6.855925450252237,-8.65332088588422,-5.341441095912333,0.4604863005429658,-3.11366333890077,-0.867360069284955,-1.023349945804715,-4.188642039391665,-5.1916990152504106,-1.5331530111837648,0.7064056254860361,-3.0265965877048795,-5.277880773634959,1.2891928770162147,-1.5487721879861152
-0.31759606526584816,-0.2837955313545157,-0.30345417877619857,0.9313077104543579,0.03666674866007376,-0.15572294154270053,0.21468968899066132,0.4041552267286988,-0.3142740786493683,0.2350022809442872,0.05890511596236693,-0.385460844494426,0.5463617334125088,0.38035254890897896,-0.18650940629933246,-0.006543853923474965,-0.27476664139952633,-0.34352983375517737,-0.29787924010591005,0.5199500334696773,-0.16298222414766908,0.5613463611106286,0.05312738245820381,-0.2058320931256946,-0.20148937960973207,0.4209768564922007,-0.09085446627387574,-0.20023865436593224,0.7436012874624628,-0.41378250116233,-0.6215671593957699,0.1999977449283446,0.24481134833777815,-0.08069247439199358,0.19505751314154832,0.06858903637810738,-0.5050148880845272,-0.10981929130939706,-0.042042883711336916,0.2505278733081902,0.5907079983695602,-0.8529268668414492,-0.9325125926479142,-0.5865424284352425,0.01703176718446896,-0.23628388932028746,0.060565998295534225,-0.054002622426412183,-0.4501813433735525,-0.48148359009910147,-0.34979458708242117,0.1221290734059781,-0.3623528745874978,-0.6774593674447107,0.2457251554033288,-0.17419647812564115
3.5772384909551596,3.6406662600152813,3.1358592353811394,-11.293803001239281,-0.5496670235257339,1.4301712475855004,-3.250999102777888,-4.556060359326144,4.709545293159331,-3.2727069942234706,-0.385460844494426,4.961375431894115,-4.299085731641384,-3.9617869810077244,1.228791223700572,1.0493230343679374,2.839532574392681,3.62431152391635,4.032791493712624,-6.653713368228686,2.491168364095693,-7.463755822901549,-0.09584889234076276,2.836978861790505,2.118023274834364,-5.063388921495033,-0.38114881640635123,3.182420225984882,-8.615921050747193,5.022471034592218,8.104782797231218,-3.202905442476773,-4.726123928569644,-0.2930800692816139,-2.687222009538211,-2.0180503577350066,5.992605017772193,1.4502251908900567,0.847909584590538,-2.8451508044996863,-7.050488392800573,8.627016252003397,11.202643413794984,7.956050157882483,-0.37280303120566965,2.3948473017239653,-0.9782140527225758,0.5076652105024264,4.911667829125325,6.219191303540956,3.143250880512754,-1.0539810612320824,4.308575048025768,7.818414188224121,-2.4834737740605566,2.0009727046653265
-3.3019863726898477,-2.8354828078650254,-3.212096261049283,10.552831250019262,1.0874929175863315,-2.1857708875618815,2.6943772684127105,4.55511637447732,-4.734005626233762,3.917222624792198,0.5463617334125088,-4.299085731641384,6.261839750656709,4.972414714854511,-2.156000188060495,0.5157445413481795,-3.7117363537320736,-4.397322899328907,-3.2637264968228346,6.128132129121323,-2.0043989790195225,6.437673832179532,0.9120125506544627,-2.3136342040191926,-1.4637877612839902,3.418054293851545,-1.117085107163553,-3.362875779238428,9.081466036223496,-5.987618861327508,-7.32316899530833,1.287404328604157,3.3565997489687933,-0.8436194193630997,0.708851678590129,1.19748083888541,-4.654404641576763,-2.3605939493500823,-0.4255977347143352,2.3175950365065487,6.435443852561627,-9.83022064827232,-11.172918305901687,-6.707962884659557,0.39143029304236643,-3.6503395438439457,-0.4270353445549397,-1.086362402104919,-5.536422760637692,-6.2026557525903465,-3.15596561643017,1.2476096821457012,-4.097136958467091,-7.42961110208195,2.3098423844195475,-2.057246832547071
-2.8559305825918297,-2.56512553420934,-2.7062281429563955,9.541939685930116,1.1225319829923361,-1.9047053857903553,2.6740227531919416,4.017481904405825,-4.736519773907619,3.868466859855792,0.38035254890897896,-3.9617869810077244,4.972414714854511,4.408105074478718,-1.648710593373304,0.2690791814299177,-3.3051821244053765,-3.8953465265627343,-3.061126685278731,5.686464663510778,-1.991346402617314,6.030005182447422,0.7122987387364988,-2.193482353821032,-1.0957157004821128,2.8646422992410914,-0.5766443332571805,-3.439976620592774,8.197898792364072,-5.62396093532562,-6.836963889670534,1.2429078029317981,3.652313819093959,-0.3660841727830756,0.49732814095425343,1.5047421705972581,-3.994232410164278,-2.3509161279717823,-0.4803926295746768,1.9521297007865692,5.738088716930585,-8.402073448866238,-10.165747057455034,-6.329784658407249,0.4351095275035621,-3.314733842171768,-0.49447067781017195,-1.0111387722763543,-4.907411150935665,-5.84458835260501,-2.3978055499313617,0.9764172631067324,-3.6764554640460094,-6.558668443083703,1.8635423491134995,-1.8413677514446853
0.971148470732958,0.7623679042682618,0.9882732456954042,-3.1281112551303987,-0.40403833147910023,0.7642654359418701,-0.7550172255972449,-1.390694825343689,1.4564134252641807,-1.2851278601154101,-0.18650940629933246,1.228791223700572,-2.156000188060495,-1.648710593373304,0.774292632723046,-0.3569768878393808,1.2461965370643258,1.4423420997827208,0.8994959717923244,-1.8068241609562508,0.5520751991812566,-1.837207403133276,-0.3828268662820853,0.6409599450678668,0.35908721028938523,-0.8281349094249115,0.5281343040605542,1.0567145021050182,-2.8347757092996675,1.9575550091647052,2.139547869443705,-0.14688983579095882,-0.8574530300258095,0.39820005081754817,0.041718743179044726,-0.2660673255161839,1.2449589302810176,0.8426707853964869,0.07713213948109857,-0.6372720099807876,-1.8845454059632065,3.151634493446883,3.4103250563124843,1.892133944264846,-0.1232062811564763,1.2778794643282452,0.31442959758810285,0.40688970384617845,1.7702734797358803,1.8968255230620163,0.9590969642613033,-0.40364752043788593,1.2237812690668934,2.2169547369151426,-0.6796900958866071,0.6356614684496693
0.739364835455747,1.0653630932613272,0.4620772029265953,-1.9125612303293094,0.47133984615491725,-0.3763519390553545,-0.6374932593206626,-0.6145028467113357,0.1764237080932075,0.38317256978925934,-0.006543853923474965,1.0493230343679374,0.5157445413481795,0.2690791814299177,-0.3569768878393808,1.2116127679544795,-0.3196687363779554,-0.12565424385657406,0.9976289024048846,-1.0841003348812615,0.538719913282871,-1.526527475057022,0.5488395406886984,0.6690337815979744,0.9458896760146723,-2.0768439424608127,-0.8958002281916786,-0.08220451363328939,-0.6513778769045812,-0.3413851541669797,1.402708900036693,-1.8350056145639977,-1.1590596149517298,-0.6271912048042839,-1.998121134441364,-0.5583772951411308,1.9323605683606582,-0.721750947699233,0.36021661389667026,-0.8644219734559295,-1.377844398504361,0.4364273780611092,1.2876833118534525,1.7173664400446944,0.03453478612529686,-0.7270765665496725,-1.3148902487128697,-0.4226843988761836,0.156674923387789,0.5580387189920013,0.7148166599413837,-0.08823619679618426,0.695034344056102,1.3498081708950629,-0.604866817128913,0.20472205043189926
2.0364281132976854,1.7930810777161277,1.950723506088914,-6.8942023005777875,-0.8966755204670108,1.4543433454037584,-1.9369411222459998,-2.9167367837047844,3.53758951362022,-2.943890403302428,-0.27476664139952633,2.839532574392681,-3.7117363537320736,-3.3051821244053765,1.2461965370643258,-0.3196687363779554,2.492141619015629,2.908247500852099,2.1770832600766394,-4.1244598318805865,1.4355573547103395,-4.336066409927658,-0.5827922085840059,1.566546813729932,0.6967946265476527,-1.8899876310242205,0.49814166396887477,2.596857350504288,-6.030780145953903,4.238360656700761,4.95079614353733,-0.7297102189202451,-2.6337247427089032,0.3144505761923317,-0.1417916074459187,-1.087545808059643,2.7475333282482373,1.8437795161531916,0.3246344111590351,-1.3489749542114415,-4.115466008949315,6.174419816357433,7.431275562379713,4.542072569173244,-0.333171779026615,2.548244473599454,0.5193802830497244,0.800981846135296,3.6295769527654396,4.305887818157427,1.6760674741633008,-0.70701433284265,2.6589762010025733,4.724138863213551,-1.305929241241798,1.34714709649097
2.6185996021144566,2.387386130881322,2.460500759847859,-8.674841789174906,-0.9447280769708549,1.658398477301996,-2.431316160583154,-3.637461316324889,4.209376862938187,-3.3868497588821587,-0.34352983375517737,3.62431152391635,-4.397322899328907,-3.8953465265627343,1.4423420997827208,-0.12565424385657406,2.908247500852099,3.4536377286466444,2.8169686957701296,-5.158064275869791,1.8169351395165676,-5.50527488687697,-0.5827529171745953,2.0129694439818144,1.0786591460946477,-2.764800865301698,0.44067355268153685,3.0331539618121717,-7.353823642506106,4.95653121204478,6.209936204860055,-1.2860828015763601,-3.3375628954700542,0.2789507288146817,-0.6489455474527203,-1.376199373554201,3.7539616003280725,2.0083421185141708,0.4592776912624906,-1.8282807354336972,-5.242897016736014,7.533456079239139,9.163949519144843,5.788638188221961,-0.37993894114462357,2.8730702639467047,0.3029012859029152,0.8551924000067138,4.382459835816869,5.2419664601564655,2.222481572932496,-0.8832084850249567,3.3393321218129675,5.972841805948115,-1.7268331972312345,1.6583089727629206
2.8970677559743327,2.997769780979485,2.510229872137755,-9.106819153427098,-0.371731772053409,1.0645965020941524,-2.644319731763675,-3.6479940159084294,3.732492841270578,-2.524437986533091,-0.29787924010591005,4.032791493712624,-3.2637264968228346,-3.061126685278731,0.8994959717923244,0.9976289024048846,2.1770832600766394,2.8169686957701296,3.300348753686709,-5.366163998900956,2.0329191235096356,-6.064079632261805,0.005512571815005057,2.3183532941062808,1.7785827091095907,-4.240963217327962,-0.4417219116843436,2.498462197353929,-6.835672464832579,3.895139664047712,6.549265802417439,-2.764594043654588,-3.888087209319089,-0.33417011049570605,-2.3730790622030375,-1.676142247515418,4.948682486658359,1.0459969125003632,0.7180603184240695,-2.3403079738397192,-5.706479329222082,6.793326153769946,8.952002485875784,6.478484719521903,-0.2907852505214698,1.775565980518185,-0.9420790049711594,0.34034355894741747,3.862743975922025,4.957476197567721,2.5393211328356733,-0.8304537662161968,3.4681163948166667,6.300719273710644,-2.017769303598382,1.594246109927701
-4.765601930002558,-4.763989692983769,-4.228051505287964,15.284675104315093,0.9787700307954638,-2.146064226791446,4.4177324071659205,6.202954000749559,-6.695041105418572,4.8389049264250295,0.5199500334696773,-6.653713368228686,6.128132129121323,5.686464663510778,-1.8068241609562508,-1.0841003348812615,-4.1244598318805865,-5.158064275869791,-5.366163998900956,9.051094921623536,-3.3659867025536223,10.048892449650765,0.3127686050690458,-3.792043420835102,-2.604976811955524,6.361159968292497,0.3030871182436924,-4.616378939198586,11.952536497616274,-7.275796726884025,-11.002579935403041,3.879872301850376,6.393373695276353,0.26896881299029857,3.044076754878547,2.7397991956837076,-7.730463925630763,-2.3608460526170796,-1.0886585416590393,3.6808815543055693,9.45732154038541,-11.94825476982725,-15.396481736845582,-10.687668354760406,0.556991174297803,-3.657136137107303,0.8817523285138215,-0.8782650649297213,-6.872560419064909,-8.646884865866673,-4.092914780719966,1.4275830610019504,-5.837707371297638,-10.53856689266222,3.246985146454021,-2.7532275805999853
1.7457306611752825,1.8014577596236578,1.5140289430025968,-5.642044443441553,-0.33539615311462334,0.7187681248552703,-1.6868164400032444,-2.253688946480255,2.504054978463915,-1.7625419064655445,-0.16298222414766908,2.491168364095693,-2.0043989790195225,-1.991346402617314,0.5520751991812566,0.538719913282871,1.4355573547103395,1.8169351395165676,2.0329191235096356,-3.3659867025536223,1.2898361959178313,-3.7766243325259885,-0.038528849431816885,1.4380595213710532,0.9716648922073122,-2.4187986804890893,-0.2785042679583867,1.7253748866859207,-4.331908060457141,2.6140448065799915,4.107668005365542,-1.5714137020172334,-2.519083302450661,-0.2341246449486685,-1.2421840220301044,-1.1172617373060987,2.898411675076648,0.8224379980989607,0.4416249129598166,-1.3665656210300126,-3.49282153461454,4.2142482121307765,5.637998997352684,4.0337007955320905,-0.2126903720999685,1.24457579768272,-0.41380980534843764,0.2816649962025758,2.452825094404957,3.191883641805341,1.436049525339947,-0.4879250054195113,2.145992333868201,3.860535830650905,-1.1708292464880206,0.9995579847706982
-5.344094580370212,-5.438526090413361,-4.683803101183919,16.997629485678672,0.9085201908262931,-2.1938612844454366,4.935430886587033,6.84989363816164,-7.241798021737825,5.08073685424784,0.5613463611106286,-7.463755822901549,6.437673832179532,6.030005182447422,-1.837207403133276,-1.526527475057022,-4.336066409927658,-5.50527488687697,-6.064079632261805,10.048892449650765,-3.7766243325259885,11.253622758746369,0.17211527920679515,-4.274048998445814,-3.0855473240228903,7.460954633832269,0.589616965350556,-4.931362459731517,13.038356022022226,-7.7127446249274305,-12.24100305666241,4.718912381283378,7.211303294486488,0.47249773901895,3.872601545335966,3.107066318797921,-8.889591059838946,-2.3171839139238504,-1.2766004212083404,4.2165725312566265,10.577256326215506,-12.974442628598409,-16.92963932908272,-11.996461916109277,0.5872666032112382,-3.7110254788102894,1.344030153547847,-0.8167614237859109,-7.433117640769693,-9.455617729148214,-4.617160527041721,1.5623247433393452,-6.4817556437047115,-11.730831075010846,3.6730435726804926,-3.0198295989768154
-0.0825932140189759,0.09711656967994071,-0.1805384389074491,0.4937487020318601,0.3439138783122566,-0.4172644697065704,0.08795622867714889,0.29160364101515096,-0.5518135463414968,0.6723079072003124,0.05312738245820381,-0.09584889234076276,0.9120125506544627,0.7122987387364988,-0.3828268662820853,0.5488395406886984,-0.5827922085840059,-0.5827529171745953,0.005512571815005057,0.3127686050690458,-0.038528849431816885,0.17211527920679515,0.3296429410082583,-0.014479642261134462,0.23844770775693633,-0.4708038446903694,-0.46664588203092566,-0.48608476938301015,0.8387903124775383,-0.8967725544235255,-0.33288736815230247,-0.6000447377237964,-0.010861134374854857,-0.3246267923398594,-0.761605788864592,-0.0439875446278805,0.2586531236538449,-0.6122821540947173,0.08836668962006883,-0.09171112915791561,0.20408473339999328,-0.9724643142992354,-0.836602289826787,-0.13131835699040692,0.07047102007718456,-0.7517191468324165,-0.6123135539428589,-0.31202487012663316,-0.6020663464839874,-0.5505397483261136,-0.042370849471532364,0.10043535340424367,-0.20856931568540332,-0.33011182464132677,0.007622083619738071,-0.16465850554933312
2.0278168484048797,2.092708549095736,1.760139221258207,-6.417327202123691,-0.29525585367472723,0.7732607602112648,-1.873772484035096,-2.5717081412235228,2.6849014888134857,-1.8398868523646843,-0.2058320931256946,2.836978861790505,-2.3136342040191926,-2.193482353821032,0.6409599450678668,0.6690337815979744,1.566546813729932,2.0129694439818144,2.3183532941062808,-3.792043420835102,1.4380595213710532,-4.274048998445814,-0.014479642261134462,1.631461443820372,1.2137269226994691,-2.92107485668438,-0.300436220850937,1.81189043803317,-4.8519042963359205,2.810118941324183,4.626628737861096,-1.8956698452493748,-2.7607619294159464,-0.23371916338706625,-1.5953529356720366,-1.1967255441416818,3.4336757911878504,0.7929101760979842,0.502178821715559,-1.6235796017539093,-4.008092787111424,4.803408333054171,6.338926573010404,4.564674858878699,-0.2140756549123426,1.3021623281983383,-0.6064285566772349,0.26399568193887635,2.7458540999200465,3.529494182092604,1.7541471362228152,-0.5800910895511682,2.4437062786090618,4.429278624466763,-1.4002670178734664,1.1282669876155607
1.6449747604550364,1.7785705652109545,1.3838484109861908,-4.63978203634755,0.228292931592872,0.24693283215073683,-1.2239828989582855,-1.8443031548387447,1.222568113069641,-0.5233443118806198,-0.20148937960973207,2.118023274834364,-1.4637877612839902,-1.0957157004821128,0.35908721028938523,0.9458896760146723,0.6967946265476527,1.0786591460946477,1.7785827091095907,-2.604976811955524,0.9716648922073122,-3.0855473240228903,0.23844770775693633,1.2137269226994691,1.4009253158378452,-3.0091816507130633,-0.3779890841124865,0.6348782139063298,-3.0392619521058584,1.1633853019326066,3.1977812122538967,-2.0772668774401475,-1.7349520090805597,-0.20747186953897478,-2.179341662781489,-0.6698474365528132,3.191278671019878,-0.1667264193046001,0.4184243567382954,-1.5108689769219434,-3.068694252952126,3.238448088627386,4.17286671784264,3.3170495395968027,-0.03448597365873384,0.2585355915958903,-1.2033480455007113,-0.13329091977418783,1.6601343493891496,2.0769712684591246,1.7266265714628235,-0.48215380896422344,1.7678572672364603,3.3398784068158673,-1.2944657011426182,0.7506715747426836
-3.8087566238467128,-4.120952380734232,-3.1989367197370124,11.122590690841687,-0.26827408766985356,-0.738920266409776,3.074739596767863,4.399251415117394,-3.4524234426687386,1.785520321564823,0.4209768564922007,-5.063388921495033,3.418054293851545,2.8646422992410914,-0.8281349094249115,-2.0768439424608127,-1.8899876310242205,-2.764800865301698,-4.240963217327962,6.361159968292497,-2.4187986804890893,7.460954633832269,-0.4708038446903694,-2.92107485668438,-3.0091816507130633,6.663726303838249,0.9474497036963264,-2.0034445814780018,7.534114178843569,-3.318464289257508,-7.808675507537017,4.622331305400765,4.481993810047083,0.5936503671935462,4.629510114404631,1.8356104432771847,-7.20539359529096,-0.06265908739977717,-1.0014087723596574,3.3981106298410895,7.24063408685427,-7.745864089024076,-10.242899870728664,-8.02070909559099,0.17143059285576023,-0.9917040003286581,2.440882066202584,0.13637375989428582,-4.1257786509954695,-5.304334704322364,-3.757614405894919,1.0773012221284743,-4.229095777185564,-7.885412767838951,2.88479006281815,-1.828979530874946
-0.1605201018296169,-0.46323560363307176,0.040480769808148104,0.4297793417386489,-0.30923551318472853,0.4318810791515461,0.3184731264273357,0.003753178276646314,0.015981412543616503,-0.3708737752381267,-0.09085446627387574,-0.38114881640635123,-1.117085107163553,-0.5766443332571805,0.5281343040605542,-0.8958002281916786,0.49814166396887477,0.44067355268153685,-0.4417219116843436,0.3030871182436924,-0.2785042679583867,0.589616965350556,-0.46664588203092566,-0.300436220850937,-0.3779890841124865,0.9474497036963264,0.8551908761567358,0.10561146422228605,-0.2627506363427064,0.5527492350535553,-0.4497527399523643,1.0987402052887258,0.7814934617643873,0.6483164765478875,1.1364121023131284,0.46745165212277384,-0.7714232848598551,0.5229512622622406,-0.2416911244945294,0.30482926994508014,0.3561503715786757,0.681372141161177,-0.021423872001909282,-0.716670867506034,-0.011247481589558034,0.7186696697949847,0.8066864246658088,0.3318423851633394,0.3551828138643509,-0.01030009801636525,0.0017157525138965049,-0.10924737636373978,-0.12332650450214333,-0.22774087273659352,0.10261174793302479,0.031130183947506048
2.1311235948962652,2.0041118382962124,1.9606741494686937,-7.5267142530000255,-1.0345812915907235,1.466226081235263,-2.3171416447229456,-3.0842157262582175,4.170694942662599,-3.3844174061427283,-0.20023865436593224,3.182420225984882,-3.362875779238428,-3.439976620592774,1.0567145021050182,-0.08220451363328939,2.596857350504288,3.0331539618121717,2.498462197353929,-4.616378939198586,1.7253748866859207,-4.931362459731517,-0.48608476938301015,1.81189043803317,0.6348782139063298,-2.0034445814780018,0.10561146422228605,3.097552369939738,-6.489688396931943,4.676054757438714,5.583656544085236,-0.9930288615548069,-3.4163729930484408,-0.0386606588804138,-0.1958699696960239,-1.5540192289938919,2.9197721282158944,2.0897739700881375,0.4540750894484791,-1.3954458665135794,-4.447214360444676,6.238560498968949,8.102547079432297,5.21206064093493,-0.4200446217446952,2.6774622841007942,0.536807292636806,0.846489163341594,3.813773436004117,4.842187561390411,1.476039366933258,-0.639287723457469,2.876625579027601,5.030456526467806,-1.2611133153505452,1.441348929636712
-6.207014135506395,-5.9579578189763724,-5.654306795369641,20.164546194139202,1.6837528060239717,-3.291085668015429,5.733354258803294,8.310871198209673,-9.224446963395753,7.023095499163802,0.7436012874624628,-8.615921050747193,9.081466036223496,8.197898792364072,-2.8347757092996675,-0.6513778769045812,-6.030780145953903,-7.353823642506106,-6.835672464832579,11.952536497616274,-4.331908060457141,13.038356022022226,0.8387903124775383,-4.8519042963359205,-3.0392619521058584,7.534114178843569,-0.2627506363427064,-6.489688396931943,16.358331534615036,-10.438667541456338,-14.464845964760547,4.167023843200854,8.091857967912269,-0.1182544071408318,2.911555455706332,3.4010270512882177,-9.559026612570621,-3.790123751927913,-1.2657996794004773,4.59656214768801,12.353749322401535,-16.57309752721049,-20.74746345025697,-13.795442097502088,0.7952013099652535,-5.647479633689566,0.3410334252294339,-1.5252634117629507,-9.571410598750996,-11.736706950746942,-5.326964098800261,1.969191910721426,-7.73044978832818,-13.905480868317557,4.1792350952587505,-3.7323363936737026
3.5046602451403213,3.182410135118841,3.2967458456530685,-12.043649871852892,-1.5765097961544476,2.4350483188874112,-3.516990862166357,-5.024483564192365,6.348918940719242,-5.209302089739774,-0.41378250116233,5.022471034592218,-5.987618861327508,-5.62396093532562,1.9575550091647052,-0.3413851541669797,4.238360656700761,4.95653121204478,3.895139664047712,-7.275796726884025,2.6140448065799915,-7.7127446249274305,-0.8967725544235255,2.810118941324183,1.1633853019326066,-3.318464289257508,0.5527492350535553,4.676054757438714,-10.438667541456338,7.381561944978141,8.76414346427691,-1.4585382638365685,-4.962539580113749,0.27918940289254246,-0.3435264079588937,-2.1438010721958136,4.789998805400989,3.2264667404214413,0.6406026549443429,-2.3243797863803852,-7.168245973385344,10.419255753443476,12.947604037826599,8.113158027522111,-0.6135660216456829,4.333703590425634,0.8362840268393849,1.3583538414647103,6.21498568256008,7.59002528796062,2.7103182491546605,-1.1462909552286833,4.626633723162601,8.17267130217302,-2.1845198662515943,2.3285854271628836
5.794914991842466,5.822064401018102,5.123362207711488,-18.574385109161017,-1.1545959948215059,2.5593134609153334,-5.386090768986953,-7.520866651657504,8.112316141121902,-5.827256744852885,-0.6215671593957699,8.104782797231218,-7.32316899530833,-6.836963889670534,2.139547869443705,1.402708900036693,4.95079614353733,6.209936204860055,6.549265802417439,-11.002579935403041,4.107668005365542,-12.24100305666241,-0.33288736815230247,4.626628737861096,3.1977812122538967,-7.808675507537017,-0.4497527399523643,5.583656544085236,-14.464845964760547,8.76414346427691,13.383113103956548,-4.813362889193198,-7.825647773446665,-0.3877300922630332,-3.8057219595966645,-3.365694027314277,9.451944771428664,2.807963537950493,1.3431597059012377,-4.494638637446976,-11.503191203112973,14.421143715798655,18.668782022033273,13.027579717560506,-0.6736365261022436,4.361793280069353,-1.1511930414313198,1.0316750468336344,8.297945197783763,10.482538241092735,4.965089618064508,-1.721193130026618,7.090408029880974,12.801153083651846,-3.9486508519332655,3.3348858425261665
-2.3547394486165603,-2.735124973877312,-1.8649889973946319,6.764171896170423,-0.41904159238719885,-0.117791277215106,1.9684449173913983,2.572040522635415,-1.8871605349132412,0.6826680963804467,0.1999977449283446,-3.202905442476773,1.287404328604157,1.2429078029317981,-0.14688983579095882,-1.8350056145639977,-0.7297102189202451,-1.2860828015763601,-2.764594043654588,3.879872301850376,-1.5714137020172334,4.718912381283378,-0.6000447377237964,-1.8956698452493748,-2.0772668774401475,4.622331305400765,1.0987402052887258,-0.9930288615548069,4.167023843200854,-1.4585382638365685,-4.813362889193198,3.487803950825234,3.0495528234245084,0.7458593978069867,3.5690833197001117,1.3231089780067553,-4.80076622781375,0.4055710576162594,-0.7411635100371348,2.2288694848065163,4.478777124863859,-4.077322795800329,-5.9330493650561165,-5.12668824980679,0.07301954232744468,-0.029054891631412196,2.0455093143408165,0.3355111682146553,-2.1425972261860537,-3.027280360895364,-2.274045477405006,0.574577782225632,-2.5478657351680862,-4.772291311091021,1.7969331352000542,-1.0395950121322206
-3.218390550625918,-3.4038453841913823,-2.7389813904774787,10.596079757403539,0.675434959148653,-1.2855559807604502,3.293010885101242,4.172911779177196,-4.907619938854485,3.434597631206032,0.24481134833777815,-4.726123928569644,3.3565997489687933,3.652313819093959,-0.8574530300258095,-1.1590596149517298,-2.6337247427089032,-3.3375628954700542,-3.888087209319089,6.393373695276353,-2.519083302450661,7.211303294486488,-0.010861134374854857,-2.7607619294159464,-1.7349520090805597,4.481993810047083,0.7814934617643873,-3.4163729930484408,8.091857967912269,-4.962539580113749,-7.825647773446665,3.0495528234245084,5.062678733829883,0.6677620893295678,2.3292854405435017,2.323620511436097,-5.37597827391449,-1.6110433744249717,-0.8876495706929367,2.510852095681935,6.527502294576338,-7.619728836184477,-10.593467137183875,-7.726976430070491,0.436523750812163,-2.2934602595520994,0.774219117916769,-0.5211236092644205,-4.52623952204709,-6.092340886643094,-2.472142925367316,0.8350801568251979,-4.014486997755105,-7.170269115818964,2.0923538079279127,-1.8613921963838622
-0.09769812023212648,-0.32193895949095475,0.04950776405641268,0.34796377201638806,-0.16564221983831706,0.28521009997701063,0.2775828873700689,0.009256754323181623,-0.11843134092603627,-0.14761064385002576,-0.08069247439199358,-0.2930800692816139,-0.8436194193630997,-0.3660841727830756,0.39820005081754817,-0.6271912048042839,0.3144505761923317,0.2789507288146817,-0.33417011049570605,0.26896881299029857,-0.2341246449486685,0.47249773901895,-0.3246267923398594,-0.23371916338706625,-0.20747186953897478,0.5936503671935462,0.6483164765478875,-0.0386606588804138,-0.1182544071408318,0.27918940289254246,-0.3877300922630332,0.7458593978069867,0.6677620893295678,0.5064506290166957,0.7183833946079056,0.40587633327184675,-0.4881642305130736,0.2808816497763522,-0.18208175396029516,0.1830714002119929,0.2559636980500298,0.4910616547543491,-0.09770115473908562,-0.5696544305578293,0.012726703491921624,0.445355830710186,0.5025544633762785,0.20466395536712564,0.21990413368993292,-0.0971675783116493,0.08046637223597491,-0.09694278206731614,-0.10034578106331496,-0.16118312071398327,0.03274534399667666,0.011547562681031432
-2.0733797404684586,-2.494700546261091,-1.593716088538627,5.5028076067542795,-0.763819052681817,0.23406546417173735,1.5121370024141174,2.058177028008784,-0.889479537689928,-0.2037686673846591,0.19505751314154832,-2.687222009538211,0.708851678590129,0.49732814095425343,0.041718743179044726,-1.998121134441364,-0.1417916074459187,-0.6489455474527203,-2.3730790622030375,3.044076754878547,-1.2421840220301044,3.872601545335966,-0.761605788864592,-1.5953529356720366,-2.179341662781489,4.629510114404631,1.1364121023131284,-0.1958699696960239,2.911555455706332,-0.3435264079588937,-3.8057219595966645,3.5690833197001117,2.3292854405435017,0.7183833946079056,3.918568935170765,0.9555142142544548,-4.585872086695874,1.0415571124182825,-0.6765331553487138,2.1291415985554307,3.8025181043450833,-2.989634141681814,-4.4219533721480895,-4.23610277047859,-0.04777625784427583,0.6670172948351839,2.420860722164443,0.5965420799923454,-1.3951357148579937,-2.0238680231700186,-2.23146691112535,0.503413689114461,-2.0686994836664594,-3.992762028017584,1.706914281522981,-0.7761384936506615
-1.3202751446992735,-1.4407602673092743,-1.0955000325507205,4.469801859440638,0.3206867944055554,-0.5146099575010097,1.4609068190403023,1.728228366029674,-2.1999851785382454,1.5367121177145295,0.06858903637810738,-2.0180503577350066,1.19748083888541,1.5047421705972581,-0.2660673255161839,-0.5583772951411308,-1.087545808059643,-1.376199373554201,-1.676142247515418,2.7397991956837076,-1.1172617373060987,3.107066318797921,-0.0439875446278805,-1.1967255441416818,-0.6698474365528132,1.8356104432771847,0.46745165212277384,-1.5540192289938919,3.4010270512882177,-2.1438010721958136,-3.365694027314277,1.3231089780067553,2.323620511436097,0.40587633327184675,0.9555142142544548,1.1083885638955926,-2.2133459391020343,-0.7342060897808362,-0.40510423986817895,1.0203477845976618,2.731460371406802,-3.0585138262184506,-4.48137088364743,-3.342159043111141,0.2073802994503936,-0.9600770170888125,0.30613879028018404,-0.22332756697073816,-1.8731075006012383,-2.635275475312063,-0.9085546418030833,0.30612732993558883,-1.6847174143012873,-2.9774271992568986,0.8173527765462658,-0.7781719649585068
