V1,V2,V3,V4,V5,V6,V7,V8,V9,V10,V11,V12,V13,V14,V15,V16,V17,V18,V19,V20,V21,V22,V23,V24,V25,V26,V27,V28,V29,V30,V31,V32,V33,V34,V35,V36,V37,V38,V39,V40,V41,V42,V43,V44,V45,V46,V47,V48,V49,V50,V51,V52,V53,V54,V55,V56
0.8728774322166003,1.2635967303601763,0.5508576811427128,-0.9408549644417618,1.4769965736260093,-1.0508809326394042,0.07062937643252346,-0.26032845859335924,-1.9531020999978281,2.4661952319634683,-0.15350928027975735,0.6985917748415703,0.7861991885330032,1.4980373437095005,-0.4487876686830281,1.8735702788212516,-1.3734240014899972,-1.1105941647559447,0.7672505058482946,-0.13739247973443774,0.06300934903488625,-0.7235536943808255,0.9609932459469646,0.41505210861841424,1.943623470763085,-3.5427402516638575,-0.8567760450628855,-1.953808218008648,0.9913156733859257,-2.611399131907837,0.2626262418070019,-2.870380609139274,0.19948276591184336,-0.3837592869938189,-3.8611877654324243,0.29996097318196246,2.951639613943349,-2.441822315955795,0.32262809704989054,-1.3799883876434562,-1.1677553256687432,-0.40879367597746175,-0.5154310648173459,0.8713268695792215,0.358439878651002,-2.267558430975887,-2.796847179427295,-1.11297330718689,-0.820466705180225,-1.0726553994763728,1.6617738731290412,-0.23155050483021064,0.3480972574522382,1.0603957467150322,-1.1022640562622457,-0.08143157731879322
1.2635967303601763,2.3963833827609102,0.4843152022498444,-1.553470282050795,2.5070811576167475,-2.282724445720454,-0.43442898891659965,-0.20308653760569015,-2.7094331435656747,4.0114395264437315,-0.04148598151763403,1.4255418305114218,3.4890951242958312,3.2187465457738007,-1.667298845704259,4.138775404866019,-2.8538120926756787,-2.442283613257701,1.7044684179554843,-0.5289082442680758,0.5267872687222956,-1.7745277883479709,2.1314341351048904,1.0321684931601236,3.126934941912662,-6.187330543913537,-2.8310952691015747,-2.8343245379869635,2.141199369516652,-4.6206312737943165,0.8888221600755966,-5.726176661762199,-1.0928534391494984,-1.8356552527784935,-7.045147319667488,-0.47200183308980515,4.964651233916496,-4.169727579582767,0.886286536164157,-2.201977767657154,-1.8095141542179018,-2.263720991020449,-1.128807729007299,2.217528958398127,0.4954015489142624,-4.423717609480958,-5.072824802071038,-2.1302685714096685,-2.019959415544749,-1.5740678267301016,1.978378667036733,-3.247138964490996e-4,0.4829720489739371,1.4388318703750465,-1.479899295784529,-0.23945479256880367
0.5508576811427128,0.4843152022498444,0.5614773383413422,-0.4789350580927721,0.6983892840272818,-0.216631670016514,0.34862864949060446,-0.36944668027279454,-1.3187831211245813,1.295444670756634,-0.27676630869924845,0.17671557790760256,-0.9126520432428034,0.2739540538489988,0.3826139886923585,0.30912827246199076,-0.3120351975589548,-0.16600342405966637,0.14572949054383957,0.06672687116025958,-0.2398983478025962,-0.006358324449769348,0.1067059880758742,0.030040162911425174,1.0448064899109928,-1.6235944533012245,0.4027979434818622,-1.2563098295576298,0.15284871678364179,-1.1106441047602151,-0.13973756280747537,-0.8725879479398715,1.0274336732221658,0.48700793568370865,-1.533556730171108,0.7658377651570485,1.3710681387388115,-1.107865908930367,-0.020021476965776153,-0.7098261410974674,-0.5732127259593106,0.8091307514545295,-0.1174596746581538,-0.014348366335709796,0.24761828909641947,-0.7282328216609865,-1.075581285368599,-0.4252148610953093,-0.06333143564755105,-0.6200059983938448,1.3581347024515442,-0.3250166150146394,0.21603406794607893,0.7193890013411589,-0.7627405406268891,0.04543269403952297
-0.9408549644417618,-1.553470282050795,-0.4789350580927721,1.0808270757912235,-1.7232597710221134,1.3956935672689827,0.10678093140228559,0.1976121341593282,2.060622838875619,-2.811126948221898,0.08655653821205482,-0.9007927669845627,-1.6660843057258334,-1.989773577614754,0.8506053593429634,-2.5202874776219253,1.7898268724294568,1.4953360447696873,-1.0297622470751429,0.25306627505328527,-0.2236953874546373,1.036299851803448,-1.3060170213299394,-0.5915749337888268,-2.202745412757986,4.182294514461888,1.4752219257199604,2.1020534406644584,-1.3254102989566556,3.114921127488614,-0.4602838041073484,3.640302366873744,0.28250539588635887,0.850951626419927,4.675555121499239,-3.370310512873738e-4,-3.4396423046991424,2.8646557178536503,-0.48750410067252625,1.5671850773080722,1.3207621024156373,1.037318528175893,0.6840012855640307,-1.270142185913973,-0.3765424540997504,2.8456432276121952,3.3880878841421396,1.3728538379736375,1.1642670645207145,1.1735042175846409,-1.6304735802424228,0.1378601457504362,-0.37149047165929033,-1.111152608399383,1.1482754894824005,0.13544974818976765
1.4769965736260093,2.5070811576167475,0.6983892840272818,-1.7232597710221134,2.761242046392667,-2.2927275223553623,-0.2352957108948811,-0.24740966304978096,-3.212652639071791,4.472808665722404,-0.08346117056624242,1.47755545544565,2.9409800285258534,3.285170282536374,-1.4976375469662127,4.161076924788874,-2.943385953786778,-2.476464299706074,1.6923271652275431,-0.42607640454360857,0.4186916564227536,-1.7331224842450197,2.1744043295103954,0.9783229465170377,3.499075973680719,-6.703688889425455,-2.532431839241891,-3.2904297628832406,2.1975346364029797,-5.019232701114809,0.7933459184226721,-5.9313669232222175,-0.6629640559246124,-1.4985778938927758,-7.553394986826892,-0.13782973549394978,5.52494190668705,-4.605357852952123,0.8128992089349656,-2.503353094525244,-2.125247476802226,-1.8849566958846362,-1.118568040981736,2.123025261216262,0.5850467910551858,-4.6326194778659735,-5.489677310509266,-2.2140481607815587,-1.92603028280662,-1.8620042339704415,2.480042922346877,-0.17835616222674602,0.5865340319088264,1.733853209997922,-1.787480766827635,-0.23865005640613773
-1.0508809326394042,-2.282724445720454,-0.216631670016514,1.3956935672689827,-2.2927275223553623,2.3045309220631975,0.640473318059683,0.010213549881326103,2.179334587707033,-3.5728137959726434,-0.10926635979653837,-1.4200831175557105,-4.17474155528237,-3.272528571088092,1.9736235649888125,-4.2261474507093375,2.865174767827093,2.504982326840219,-1.727486926727378,0.5899505354499368,-0.6857110592290127,1.8787492025715031,-2.2090504320356565,-1.0746806205417894,-2.766313557958839,5.70458407354331,3.2094751602340614,2.3431949911841596,-2.194755519735214,4.319487306776713,-1.014832584863551,5.610967325648854,1.7042108538433245,2.195491295904801,6.666832476778434,0.9045421820233664,-4.553037718010757,3.8448510967081644,-0.9461117342095533,1.9665775606136016,1.628592650004186,2.8295982337430226,1.1321358872196552,-2.356204182994514,-0.39460389152232866,4.308789363603315,4.8217805930304305,2.030989571818454,2.102101102249793,1.3491142607681874,-1.3796291937856582,-0.1669781547918624,-0.4006197259325908,-1.1493453110769156,1.169482651016292,0.2803284593093539
0.07062937643252346,-0.43442898891659965,0.34862864949060446,0.10678093140228559,-0.2352957108948811,0.640473318059683,0.515008858347711,-0.2062257576083372,-0.27364825560079004,-0.2213328782669526,-0.19866374913083407,-0.3421950693872398,-2.182092656951973,-0.8899195785750257,0.9463938481781362,-1.2145571478829098,0.7225596031757192,0.7138985539807984,-0.5017685634689447,0.29568119366035905,-0.4144920137236328,0.6387490219397054,-0.6399945135430956,-0.3733576871859064,-0.14086570092525078,0.7204573646414054,1.448377009522113,-0.157513653625,-0.6037246009108677,0.5978077002898311,-0.46471959527956147,1.267843525915287,1.3498914091282261,1.1845453282397806,1.0838375070752955,0.8962679392390068,-0.436640571881258,0.418837774373895,-0.36909141618744645,0.09079637858684819,0.03677603435060082,1.5763709186557675,0.3197297895516169,-0.8411796984049357,0.05282758759781024,0.9101451005503504,0.7662686877930822,0.39936058413184095,0.7201660357605749,-0.05806682219285436,0.5527321781726767,-0.3344646964420761,0.045102556590059274,0.17629210398143177,-0.1993461986931591,0.11409188729234124
-0.26032845859335924,-0.20308653760569015,-0.36944668027279454,0.1976121341593282,-0.24740966304978096,0.010213549881326103,-0.2062257576083372,0.4220482418807272,0.6749749409553029,-0.5541803139090979,0.31475501752048546,0.013156373297789228,0.7817357462712522,0.11947807103792843,-0.4554221783923266,0.10685931512611607,-0.06051505335852813,-0.12211022795398627,-0.018544234864934294,0.016562669019906533,0.21913997875819294,-0.1372816425346278,0.18296272381782153,-0.008278454079998252,-0.4601624426910378,0.6584344519756248,-0.4059689736489935,0.6517487799280454,0.14177887802490682,0.3254506287236878,0.14327971292143554,0.18382332099203738,-0.8529644806317386,-0.3378074968801708,0.44006631194541723,-0.5704008869517632,-0.3756702247792781,0.3135274349822953,0.011322446379684223,0.22026210204207167,0.0504745462676593,-0.7745936550819327,0.045619214787682966,0.13005469193802063,-0.13661531012781775,0.1325520018500468,0.1894271454572398,0.19795729946452112,0.002985474895208742,0.19286817238110399,-0.8226843560082401,0.15570135724411993,-0.0697188628274081,-0.337926094988131,0.3727933394935126,-0.09216832298640262
-1.9531020999978281,-2.7094331435656747,-1.3187831211245813,2.060622838875619,-3.212652639071791,2.179334587707033,-0.27364825560079004,0.6749749409553029,4.4057380014973795,-5.417444159622728,0.4225120101870153,-1.4585643968000708,-1.2124051789257997,-3.0859455144384493,0.7385313616807806,-3.8510410538883377,2.85320127409644,2.273222120741073,-1.5879664905624151,0.2537233077115608,-0.030202436861504152,1.4424435097778616,-1.9494018595924483,-0.8423016494550911,-4.279198569255236,7.692464521090262,1.552278937826431,4.384220316749065,-2.0283906562257514,5.630221602357135,-0.4691589934138176,6.058775949627586,-0.8057044543635096,0.5805590761464704,8.28533135587524,-0.8991013518521006,-6.403605941172114,5.289194541308265,-0.6388708735634889,3.020384702657689,2.5374774067184607,0.49230493946426274,1.0754684283018898,-1.7319054191891434,-0.8112661486984908,4.7988136630127585,5.980893385796965,2.387125319480413,1.665211551193055,2.3722025691681967,-3.845335278682,0.5846474981037868,-0.7754599851015523,-2.391166856570494,2.4921646783390146,0.14155788028566663
2.4661952319634683,4.0114395264437315,1.295444670756634,-2.811126948221898,4.472808665722404,-3.5728137959726434,-0.2213328782669526,-0.5541803139090979,-5.417444159622728,7.3186579695576155,-0.25918075779869015,2.311168766705539,4.097889355818726,5.088557791218559,-2.1039904633815913,6.439930160343396,-4.586584723687686,-3.8185367984781986,2.634188366827639,-0.6327745655228666,0.5334976532234624,-2.6307975277679727,3.3296084165244326,1.5056168496255327,5.7389781163722215,-10.84515769913276,-3.6863107296360766,-5.5136091501809785,3.3853921227266524,-8.063205216331959,1.1482071204573987,-9.362635287870454,-0.5703633011397645,-2.0900423578397995,-12.08406967035695,0.11005007336624888,8.924308159953382,-7.427866751582884,1.2343841162622358,-4.078316560311938,-3.433423670600537,-2.517059461797363,-1.7526075345739558,3.2212778456654934,0.990883525517694,-7.325445971496352,-8.751496387176788,-3.5445671873844957,-2.963671083205713,-3.0663834028341777,4.3314432551399245,-0.3961759952932947,0.9735929272037498,2.9223742659442173,-3.022823757902872,-0.33724491144636476
-0.15350928027975735,-0.04148598151763403,-0.27676630869924845,0.08655653821205482,-0.08346117056624242,-0.10926635979653837,-0.19866374913083407,0.31475501752048546,0.4225120101870153,-0.25918075779869015,0.2413640976792632,0.07862879067027281,0.8284710659299666,0.2507861527463471,-0.4491774616298203,0.2929962970406191,-0.18481507260562732,-0.21562914470794126,0.07498253794864956,-0.02468805163357014,0.20436977723247515,-0.20014693868510464,0.24496383907803182,0.05220467718499229,-0.22468680627710516,0.23142009535516658,-0.4842243077098513,0.3937036709481397,0.21294955696563006,0.04756201558125525,0.1641452303621114,-0.13605293015321548,-0.7472265378434307,-0.3847371536523061,0.0202532843015971,-0.4907841457899401,-0.08369372064035396,0.06566311827294913,0.06145809902926392,0.08315461687015117,-0.024344029551849233,-0.7430705516404382,-0.02461920066167523,0.22270971401168851,-0.08704088120522184,-0.10733573998258349,-0.07739441426975104,0.04861245132976845,-0.11128724238847167,0.09333530204339967,-0.572479829685773,0.13573571515471294,-0.03821667774519717,-0.2114142201293282,0.2370879950764719,-0.08255571694206039
0.6985917748415703,1.4255418305114218,0.17671557790760256,-0.9007927669845627,1.47755545544565,-1.4200831175557105,-0.3421950693872398,0.013156373297789228,-1.4585643968000708,2.311168766705539,0.07862879067027281,0.8924987059156451,2.443000386241692,2.0456256207719434,-1.192875189548193,2.615912382295661,-1.7982068287426871,-1.5626083161403825,1.0568215185249232,-0.32601529253401385,0.4025012912768472,-1.1525919729774523,1.3886274910117646,0.6417507982090562,1.7920528885731952,-3.6327738107913663,-1.9044348532917175,-1.5450091028506976,1.3810597683575017,-2.7676019140806725,0.6030466405611424,-3.5068735604123957,-0.9700849265635872,-1.2618879900101871,-4.239807579951885,-0.487993639889916,2.9629192336584986,-2.489411844432564,0.5575386638525344,-1.2954745128854541,-1.1065200401019,-1.6734770755056119,-0.6890656273841748,1.4273477369046021,0.2624038366881834,-2.7114295402014665,-3.0940430257226,-1.261842059758339,-1.2603026526943764,-0.9133059029272114,0.9539874647517274,0.05408189507035394,0.27641184058376883,0.7809372441101031,-0.7947859410709073,-0.17973343905051514
0.7861991885330032,3.4890951242958312,-0.9126520432428034,-1.6660843057258334,2.9409800285258534,-4.17474155528237,-2.182092656951973,0.7817357462712522,-1.2124051789257997,4.097889355818726,0.8284710659299666,2.443000386241692,10.756797236822411,5.952121307479754,-4.905960015928194,7.8343851695018625,-5.034481020434911,-4.660587898802435,3.180512574716085,-1.4134406399081538,1.9684522431591025,-3.798644050114795,4.180690183096183,2.1445697450173893,3.073421942057566,-7.655352664062709,-7.5441838134206645,-1.712392961389265,4.045116860237243,-6.035530006760859,2.411738875349226,-9.292218464435976,-5.925451848415412,-5.714352757762407,-9.782196204394731,-3.693553938994219,5.825003736684687,-5.054287426815654,2.006744497297764,-2.220596124713825,-1.8112805682471782,-7.690807046426652,-2.041286007096583,4.847477449368626,0.20261115882103997,-6.970354255242605,-7.101148040166294,-3.1292483544907697,-4.17585545471216,-1.1774839493080729,-0.4746230464683759,1.1633369743438255,0.2676293151570648,0.564237559247898,-0.5039391147425443,-0.6579612397424923
1.4980373437095005,3.2187465457738007,0.2739540538489988,-1.989773577614754,3.285170282536374,-3.272528571088092,-0.8899195785750257,0.11947807103792843,-3.0859455144384493,5.088557791218559,0.2507861527463471,2.0456256207719434,5.952121307479754,4.721331355591298,-2.8881689006595894,6.049371229289124,-4.1324292022482165,-3.61726085873725,2.4396954987617803,-0.7822882450880202,1.0023734763452488,-2.6977558933912724,3.2237352547096965,1.4968515164899248,3.9356139883424754,-8.102748565301695,-4.562791447621607,-3.304623381712753,3.1946759918781624,-6.202659426412664,1.4477245555421285,-7.995728689874801,-2.5275798738912325,-3.0799459107813454,-9.545163298691676,-1.3341938732485386,6.5929811229460356,-5.550883007123575,1.3122059185975319,-2.854702677156332,-2.4441813513689374,-4.12077461453529,-1.585511973433147,3.347546827393981,0.5527636886584054,-6.167760805623517,-6.974408977202307,-2.850443298654409,-2.9381914838510865,-1.9818152902094388,1.8956484772430824,0.20926351121273487,0.5925299364428005,1.6482764703698658,-1.6700248558639488,-0.4314542421459587
-0.4487876686830281,-1.667298845704259,0.3826139886923585,0.8506053593429634,-1.4976375469662127,1.9736235649888125,0.9463938481781362,-0.4554221783923266,0.7385313616807806,-2.1039904633815913,-0.4491774616298203,-1.192875189548193,-4.905960015928194,-2.8881689006595894,2.3218841716535112,-3.7414031176281033,2.455142164403564,2.2567873106285408,-1.4865229555907635,0.5894954544630164,-0.9134845389370893,1.8011075572506476,-2.053593316100181,-0.9712898775658431,-1.5839765451267545,3.7918496361474117,3.4614885951858874,0.9476599257322551,-1.9876359193675008,3.0376875357542708,-1.1103083402030534,4.476970826910283,2.730200756861138,2.5521360359728344,4.850450480424489,1.6658667533249056,-3.0385213237161826,2.6041584963253124,-0.8979431677792468,1.1987455603784718,1.0632754327683571,3.5771411618679796,0.9429644398237599,-2.2563534636663616,-0.12069455121612414,3.398598759211239,3.591257559500128,1.4800110230241161,1.902756021242384,0.7049057216089348,0.09969650667106046,-0.466588702304867,-0.17986681264463122,-0.3800247337203315,0.3506838304903999,0.3355814343527562
1.8735702788212516,4.138775404866019,0.30912827246199076,-2.5202874776219253,4.161076924788874,-4.2261474507093375,-1.2145571478829098,0.10685931512611607,-3.8510410538883377,6.439930160343396,0.2929962970406191,2.615912382295661,7.8343851695018625,6.049371229289124,-3.7414031176281033,7.789641798479226,-5.286555101209362,-4.638097925591055,3.1622860340778685,-1.064606879367537,1.312828000371685,-3.484447389726763,4.115167274584109,1.9625760739045022,4.978441369019708,-10.325537945119505,-5.9776006449925125,-4.153026250656059,4.07769499572027,-7.873094732993606,1.894666092195712,-10.262736651224623,-3.338412498284531,-4.091307373022379,-12.157809486545695,-1.7954316560929378,8.305935299236001,-7.010696600834504,1.7303775853926722,-3.5769257212940415,-3.011279599719138,-5.385191510948416,-2.0617121620939765,4.3516677765689336,0.6926204938428512,-7.890012067974885,-8.839169104518206,-3.6751449884861165,-3.844211549228313,-2.4508175069527414,2.3377812061066816,0.3327530793944358,0.7261738011514808,2.0402022030022575,-2.0678905744194163,-0.5428340864808955
-1.3734240014899972,-2.8538120926756787,-0.3120351975589548,1.7898268724294568,-2.943385953786778,2.865174767827093,0.7225596031757192,-0.06051505335852813,2.85320127409644,-4.586584723687686,-0.18481507260562732,-1.7982068287426871,-5.034481020434911,-4.1324292022482165,2.455142164403564,-5.286555101209362,3.6267633577703005,3.1602939090384234,-2.1331579628234767,0.6657474787741994,-0.8374498703510248,2.3401197654738115,-2.812680888038537,-1.2995397262475366,-3.552982340980904,7.2424013212390115,3.8990855733317034,3.0333972053131673,-2.7932997615521775,5.529712988399745,-1.2357939098013246,7.048761735358834,2.056039608960328,2.6003660052956863,8.484146494415537,1.0544602478141762,-5.906602557136333,4.965814319856317,-1.1326109175848407,2.57371919422661,2.2031750546505724,3.4660341713560876,1.3886517868521038,-2.898806430533884,-0.5122947839507511,5.446315230849846,6.196867610773363,2.5260167236675137,2.552028246741385,1.8053201009535642,-1.8241761368651859,-0.13552690153907354,-0.5441638722148905,-1.527136071081934,1.5515232471653122,0.3694898320872251
-1.1105941647559447,-2.442283613257701,-0.16600342405966637,1.4953360447696873,-2.476464299706074,2.504982326840219,0.7138985539807984,-0.12211022795398627,2.273222120741073,-3.8185367984781986,-0.21562914470794126,-1.5626083161403825,-4.660587898802435,-3.61726085873725,2.2567873106285408,-4.638097925591055,3.1602939090384234,2.775231665222782,-1.869148898265705,0.6083375354781092,-0.7920148831950677,2.078959822710227,-2.476769432667398,-1.151460550185128,-2.9499163035857694,6.11559326866883,3.549114502239856,2.4465512970233916,-2.4504405571445145,4.692081817216827,-1.1272262243901792,6.093293775031421,2.0305112813214534,2.41269689550791,7.234843860834896,1.0898284332156127,-4.972120790170051,4.190497131914554,-1.013181419306807,2.143764297067139,1.8383510880022713,3.2411790736994353,1.2126688822708374,-2.5814242765163273,-0.4062150063299805,4.696018935083005,5.290054574118645,2.1629043042183698,2.259508512983194,1.4779065835363716,-1.3524768436868706,-0.18730100692745452,-0.4395832512338319,-1.2129009499397483,1.22628608859615,0.336268034771115
0.7672505058482946,1.7044684179554843,0.14572949054383957,-1.0297622470751429,1.6923271652275431,-1.727486926727378,-0.5017685634689447,-0.018544234864934294,-1.5879664905624151,2.634188366827639,0.07498253794864956,1.0568215185249232,3.180512574716085,2.4396954987617803,-1.4865229555907635,3.1622860340778685,-2.1331579628234767,-1.869148898265705,1.2989424614120395,-0.45886137081771733,0.5215683429082774,-1.4097519995353354,1.6433865060942405,0.8148289093746285,2.0386656843281314,-4.229513681008835,-2.4351614227540512,-1.7167141202634837,1.632051008986221,-3.193956275194699,0.7697529062191629,-4.186037769905453,-1.3067299675341333,-1.683018922077603,-4.943493275558889,-0.7047280357730813,3.346895973354992,-2.8325754594082615,0.7205516309645267,-1.4393762315267993,-1.176437033783158,-2.1467502860842593,-0.8527398428655492,1.7762164880175264,0.28828509647370776,-3.2066298349090747,-3.5625216375078894,-1.5191924635935266,-1.5910203764597828,-0.9767051668478013,0.9945213841929089,0.1454919188882641,0.2880544934148637,0.8320959510590259,-0.8469145018983234,-0.20652823011094829
-0.13739247973443774,-0.5289082442680758,0.06672687116025958,0.25306627505328527,-0.42607640454360857,0.5899505354499368,0.29568119366035905,0.016562669019906533,0.2537233077115608,-0.6327745655228666,-0.02468805163357014,-0.32601529253401385,-1.4134406399081538,-0.7822882450880202,0.5894954544630164,-1.064606879367537,0.6657474787741994,0.6083375354781092,-0.45886137081771733,0.2338865475773914,-0.23584213294116427,0.5025616487172613,-0.5180730562202474,-0.32071872894904147,-0.4820122538897293,1.154189987992069,1.0144701205928586,0.32966776652138347,-0.5086187419546052,0.8482523240557995,-0.31997236230155013,1.3154677085123796,0.6748043000532196,0.7892829037947193,1.3846773805088404,0.4264657474426331,-0.7898755116379067,0.6958114875213918,-0.3002765185332793,0.3021608927129586,0.1841944956884739,0.9357817934245116,0.3061701572410268,-0.6678981074717306,-0.04868482593843875,0.9697164222262238,0.9487989813575934,0.4837825315077818,0.6168139626351726,0.1493898031379495,-0.06475951683121275,-0.16260669495873728,-0.03195849722808328,-0.10886138712375043,0.10842930294138448,0.06267239218962276
0.06300934903488625,0.5267872687222956,-0.2398983478025962,-0.2236953874546373,0.4186916564227536,-0.6857110592290127,-0.4144920137236328,0.21913997875819294,-0.030202436861504152,0.5334976532234624,0.20436977723247515,0.4025012912768472,1.9684522431591025,1.0023734763452488,-0.9134845389370893,1.312828000371685,-0.8374498703510248,-0.7920148831950677,0.5215683429082774,-0.23584213294116427,0.376560993625988,-0.6573782039297332,0.7250084951598021,0.35524714401027524,0.3893538586753273,-1.0953248300687461,-1.346033219348192,-0.12018353098439526,0.6931891750029069,-0.904156221667917,0.43318328607002793,-1.482170010827387,-1.1794960398584353,-1.0323599572547337,-1.4918848884434204,-0.7472647409315404,0.849383866166575,-0.74285624568052,0.3377622379042497,-0.30268780658157707,-0.26950267916186665,-1.4514146441476439,-0.32779953807765716,0.8320214896995999,-2.4582588561443023e-4,-1.109707604286901,-1.107093878248066,-0.470016316215227,-0.6936064049261522,-0.13701236627971017,-0.278549675938359,0.23473805982054602,0.023578040160998848,0.005458014146704503,0.012418062016187736,-0.12766793372746107
-0.7235536943808255,-1.7745277883479709,-0.006358324449769348,1.036299851803448,-1.7331224842450197,1.8787492025715031,0.6387490219397054,-0.1372816425346278,1.4424435097778616,-2.6307975277679727,-0.20014693868510464,-1.1525919729774523,-3.798644050114795,-2.6977558933912724,1.8011075572506476,-3.484447389726763,2.3401197654738115,2.078959822710227,-1.4097519995353354,0.5025616487172613,-0.6573782039297332,1.5903516616822824,-1.8542182474417612,-0.8894891677821415,-2.0233398733850554,4.3271751625856805,2.827813929420054,1.595467089258534,-1.826057986635287,3.3298587542175655,-0.8991872120025316,4.478939527620388,1.7719429255395662,1.9863727468186756,5.185729795076788,1.0042442801696883,-3.4648556051548414,2.936449792494911,-0.7954398697361706,1.463406627881124,1.2376475516229217,2.654587553955037,0.9137635633478285,-1.991600224596778,-0.25693945631907095,3.429559949926657,3.7795156460078365,1.5769395348675002,1.7412106717292501,0.9705167763373278,-0.7417494744751275,-0.2302150242511549,-0.27978216161336084,-0.7591446022316829,0.7613960599282636,0.25884244466171646
0.9609932459469646,2.1314341351048904,0.1067059880758742,-1.3060170213299394,2.1744043295103954,-2.2090504320356565,-0.6399945135430956,0.18296272381782153,-1.9494018595924483,3.3296084165244326,0.24496383907803182,1.3886274910117646,4.180690183096183,3.2237352547096965,-2.053593316100181,4.115167274584109,-2.812680888038537,-2.476769432667398,1.6433865060942405,-0.5180730562202474,0.7250084951598021,-1.8542182474417612,2.226649017544042,1.0060716459170675,2.5683576336009284,-5.34377837757025,-3.1647028829828083,-2.099732051126207,2.1973543578501475,-4.135102264000347,1.007857783514156,-5.369707111799293,-1.8922393977016176,-2.1433329320357624,-6.372196345768827,-1.0220483525667992,4.396507138728586,-3.7006048409515504,0.8849952628073846,-1.8932437716552972,-1.6588898448302796,-2.9526036858950264,-1.0592857242460854,2.2881205128686806,0.345192602642513,-4.147708299758047,-4.691674045546124,-1.8819543440384234,-1.9784434914296247,-1.3091527267257457,1.1083763746838187,0.16885585318482307,0.38968983557150183,1.0483668335466585,-1.0552938391065587,-0.3143629766765808
0.41505210861841424,1.0321684931601236,0.030040162911425174,-0.5915749337888268,0.9783229465170377,-1.0746806205417894,-0.3733576871859064,-0.008278454079998252,-0.8423016494550911,1.5056168496255327,0.05220467718499229,0.6417507982090562,2.1445697450173893,1.4968515164899248,-0.9712898775658431,1.9625760739045022,-1.2995397262475366,-1.151460550185128,0.8148289093746285,-0.32071872894904147,0.35524714401027524,-0.8894891677821415,1.0060716459170675,0.526361662668522,1.161092996576386,-2.4854819734735885,-1.6071107867548637,-0.9376171592619659,0.9956991897194347,-1.869467035020176,0.5079379050666407,-2.5485455647302326,-0.9345329849192193,-1.152435276164493,-2.927710133652285,-0.5348715225673953,1.9127504228301777,-1.6313681372158204,0.47347803957151874,-0.8041715023889384,-0.6308299580711467,-1.443762057650413,-0.5366002838646227,1.1358809707140034,0.15386191332128382,-1.934907512774305,-2.0896711213998618,-0.9253851538363886,-1.0237406017402013,-0.5192660587830659,0.47656835208820236,0.14547957806817852,0.14729811851233415,0.4305960721021095,-0.4366036172706954,-0.12663298690687552
1.943623470763085,3.126934941912662,1.0448064899109928,-2.202745412757986,3.499075973680719,-2.766313557958839,-0.14086570092525078,-0.4601624426910378,-4.279198569255236,5.7389781163722215,-0.22468680627710516,1.7920528885731952,3.073421942057566,3.9356139883424754,-1.5839765451267545,4.978441369019708,-3.552982340980904,-2.9499163035857694,2.0386656843281314,-0.4820122538897293,0.3893538586753273,-2.0233398733850554,2.5683576336009284,1.161092996576386,4.502826866599236,-8.47944419977752,-2.800707216590303,-4.34807871745363,2.6153073390772272,-6.294861774294344,0.8710680391344029,-7.2747268772764375,-0.34906619402441874,-1.5666105152682883,-9.423243304487748,0.15084369627421887,6.978275943232644,-5.805616931299,0.9482626450417904,-3.1960474021230514,-2.6871254566296576,-1.8649987815647915,-1.3583547585721472,2.476244985903745,0.7833398202055378,-5.695215106288939,-6.820169269175579,-2.7630162140879615,-2.2856247921381074,-2.410002576496527,3.4483178784933455,-0.3318893795388504,0.7667804005458613,2.3086512639805985,-2.3897263351777998,-0.2548904696061077
-3.5427402516638575,-6.187330543913537,-1.6235944533012245,4.182294514461888,-6.703688889425455,5.70458407354331,0.7204573646414054,0.6584344519756248,7.692464521090262,-10.84515769913276,0.23142009535516658,-3.6327738107913663,-7.655352664062709,-8.102748565301695,3.7918496361474117,-10.325537945119505,7.2424013212390115,6.11559326866883,-4.229513681008835,1.154189987992069,-1.0953248300687461,4.3271751625856805,-5.34377837757025,-2.4854819734735885,-8.47944419977752,16.374255076906284,6.491538375155773,7.923044054132335,-5.397807134624209,12.21745694723429,-2.032092283757686,14.631235788968853,1.8638076571074251,3.962816696159033,18.45615762385917,0.5259542824329456,-13.345717640756998,11.151467072300635,-2.086681330727249,6.01491168921868,5.028104360038737,4.878077559883451,2.8040406367403246,-5.3461443052860895,-1.4052526992648766,11.382901148925784,13.347282898979788,5.480037827064395,4.880410839672173,4.423986574440485,-5.8971034275581244,0.31870006711557736,-1.3839300933674221,-4.126186253402981,4.255405315965678,0.5775671708603377
-0.8567760450628855,-2.8310952691015747,0.4027979434818622,1.4752219257199604,-2.532431839241891,3.2094751602340614,1.448377009522113,-0.4059689736489935,1.552278937826431,-3.6863107296360766,-0.4842243077098513,-1.9044348532917175,-7.5441838134206645,-4.562791447621607,3.4614885951858874,-5.9776006449925125,3.8990855733317034,3.549114502239856,-2.4351614227540512,1.0144701205928586,-1.346033219348192,2.827813929420054,-3.1647028829828083,-1.6071107867548637,-2.800707216590303,6.491538375155773,5.407762910185511,1.8920607256201076,-3.0860973829804945,5.037894079459057,-1.7237401168144622,7.338379520896659,3.9017472589648303,4.003830614961374,8.0319230572389,2.369301364737981,-5.013304063051003,4.308922046001392,-1.4798655897565292,2.004496076028458,1.6366023490817225,5.321390178150495,1.573831942901889,-3.595483170921283,-0.2724919368174194,5.542775211175931,5.815877821534389,2.533718972242678,3.13199758391616,1.1849491566950014,-0.31494371595091847,-0.7024497336192778,-0.30702506186736017,-0.7756494078030087,0.7519541159170283,0.46837593562978425
-1.953808218008648,-2.8343245379869635,-1.2563098295576298,2.1020534406644584,-3.2904297628832406,2.3431949911841596,-0.157513653625,0.6517487799280454,4.384220316749065,-5.5136091501809785,0.3937036709481397,-1.5450091028506976,-1.712392961389265,-3.304623381712753,0.9476599257322551,-4.153026250656059,3.0333972053131673,2.4465512970233916,-1.7167141202634837,0.32966776652138347,-0.12018353098439526,1.595467089258534,-2.099732051126207,-0.9376171592619659,-4.34807871745363,7.923044054132335,1.8920607256201076,4.390627669735693,-2.1724997637515533,5.806347624530282,-0.5771805062051446,6.394917370198902,-0.5221423217082163,0.8577796001574617,8.593335340948624,-0.7113975948496424,-6.542820413748308,5.418729440478182,-0.7316519719376606,3.0597180361329244,2.551493883103471,0.8390142589527366,1.159949581519279,-1.936759688246913,-0.8075467909138583,5.040311761733626,6.1905037622912,2.5027716864623475,1.8484451748214146,2.371858850874867,-3.762920522580501,0.5108929096741909,-0.7690845173259688,-2.370632950149622,2.468133242118128,0.16426837407128886
0.9913156733859257,2.141199369516652,0.15284871678364179,-1.3254102989566556,2.1975346364029797,-2.194755519735214,-0.6037246009108677,0.14177887802490682,-2.0283906562257514,3.3853921227266524,0.21294955696563006,1.3810597683575017,4.045116860237243,3.1946759918781624,-1.9876359193675008,4.07769499572027,-2.7932997615521775,-2.4504405571445145,1.632051008986221,-0.5086187419546052,0.6931891750029069,-1.826057986635287,2.1973543578501475,0.9956991897194347,2.6153073390772272,-5.397807134624209,-3.0860973829804945,-2.1724997637515533,2.1729869695419595,-4.1609271730215704,0.9814675337102189,-5.360912415928315,-1.7750500710290615,-2.0754748892003176,-6.399160125676156,-0.9421040549812206,4.435922261815869,-3.730732347699319,0.8724202239977319,-1.9193063883872168,-1.6729217642567156,-2.8379650187070213,-1.054891526923104,2.253773482843183,0.36074228352704196,-4.143507813743354,-4.702805335704262,-1.891336585122644,-1.9579939081658913,-1.3363245409867115,1.206170518567356,0.14183558599396548,0.3999861287650755,1.0904148937090632,-1.1011431800652935,-0.3040185043359885
-2.611399131907837,-4.6206312737943165,-1.1106441047602151,3.114921127488614,-5.019232701114809,4.319487306776713,0.5978077002898311,0.3254506287236878,5.630221602357135,-8.063205216331959,0.04756201558125525,-2.7676019140806725,-6.035530006760859,-6.202659426412664,3.0376875357542708,-7.873094732993606,5.529712988399745,4.692081817216827,-3.193956275194699,0.8482523240557995,-0.904156221667917,3.3298587542175655,-4.135102264000347,-1.869467035020176,-6.294861774294344,12.21745694723429,5.037894079459057,5.806347624530282,-4.1609271730215704,9.189852376408247,-1.583546578146188,11.043765257955089,1.7000672957821739,3.085692059185277,13.88722050531456,0.5823330482394534,-10.052929971402286,8.393846016113631,-1.572124688290894,4.517823504737939,3.8459860718055956,3.959371705332115,2.1028863419731088,-4.08893899525622,-1.0224021173314437,8.605427400471214,10.107652386376474,4.082134211183233,3.6789623083723297,3.3219671982312655,-4.206129517351261,0.20732048179791715,-1.0375408049364683,-3.0351148384526145,3.120259323812924,0.47711303814512
0.2626262418070019,0.8888221600755966,-0.13973756280747537,-0.4602838041073484,0.7933459184226721,-1.014832584863551,-0.46471959527956147,0.14327971292143554,-0.4691589934138176,1.1482071204573987,0.1641452303621114,0.6030466405611424,2.411738875349226,1.4477245555421285,-1.1103083402030534,1.894666092195712,-1.2357939098013246,-1.1272262243901792,0.7697529062191629,-0.31997236230155013,0.43318328607002793,-0.8991872120025316,1.007857783514156,0.5079379050666407,0.8710680391344029,-2.032092283757686,-1.7237401168144622,-0.5771805062051446,0.9814675337102189,-1.583546578146188,0.5500203096247158,-2.3155742736150318,-1.2626339728342408,-1.2770340561386988,-2.5270948805165006,-0.7683754626805293,1.5745815886840748,-1.3537889224092878,0.4683277469160037,-0.6274737874345744,-0.5171380463151406,-1.7091845945921815,-0.4961822806737305,1.1415608703293971,0.08169679683187055,-1.7494706915716167,-1.8346156768910185,-0.7947366216559909,-0.9902056995834848,-0.36902991621015513,0.07252571990489627,0.2270430587189669,0.09510344337451941,0.2345209625445518,-0.22588767137012386,-0.15141843232768748
-2.870380609139274,-5.726176661762199,-0.8725879479398715,3.640302366873744,-5.9313669232222175,5.610967325648854,1.267843525915287,0.18382332099203738,6.058775949627586,-9.362635287870454,-0.13605293015321548,-3.5068735604123957,-9.292218464435976,-7.995728689874801,4.476970826910283,-10.262736651224623,7.048761735358834,6.093293775031421,-4.186037769905453,1.3154677085123796,-1.482170010827387,4.478939527620388,-5.369707111799293,-2.5485455647302326,-7.2747268772764375,14.631235788968853,7.338379520896659,6.394917370198902,-5.360912415928315,11.043765257955089,-2.3155742736150318,13.91582387650552,3.4143237889536318,4.847555509923244,16.903388183116885,1.6572563637311817,-11.81480980162028,9.932438688185995,-2.208288721907381,5.188210680895224,4.3413245320511,6.227854431966225,2.7489096228227234,-5.577540982879987,-1.09888446213147,10.744906590569244,12.250963647123507,5.081488379289686,4.994698716554307,3.6655408475069233,-4.152182403507494,-0.15564218839808877,-1.1131513594178748,-3.2256445068115767,3.2983205563858773,0.6565231299103803
0.19948276591184336,-1.0928534391494984,1.0274336732221658,0.28250539588635887,-0.6629640559246124,1.7042108538433245,1.3498914091282261,-0.8529644806317386,-0.8057044543635096,-0.5703633011397645,-0.7472265378434307,-0.9700849265635872,-5.925451848415412,-2.5275798738912325,2.730200756861138,-3.338412498284531,2.056039608960328,2.0305112813214534,-1.3067299675341333,0.6748043000532196,-1.1794960398584353,1.7719429255395662,-1.8922393977016176,-0.9345329849192193,-0.34906619402441874,1.8638076571074251,3.9017472589648303,-0.5221423217082163,-1.7750500710290615,1.7000672957821739,-1.2626339728342408,3.4143237889536318,3.8831475766879127,3.1079891813719946,3.0016475176349373,2.535047886656624,-1.3837168074190127,1.2681615872720333,-0.9206922696784727,0.34593174691327677,0.35564714749262527,4.4691036108551865,0.8028661817612018,-2.2538529032191907,0.1677525551020122,2.5087657035393134,2.276788120064851,0.9786639510626569,1.8233907415510175,-0.039634998163002755,1.6706454428172435,-0.8483934890398506,0.07922925909049557,0.4667722865366889,-0.5450031380214779,0.37836458255441174
-0.3837592869938189,-1.8356552527784935,0.48700793568370865,0.850951626419927,-1.4985778938927758,2.195491295904801,1.1845453282397806,-0.3378074968801708,0.5805590761464704,-2.0900423578397995,-0.3847371536523061,-1.2618879900101871,-5.714352757762407,-3.0799459107813454,2.5521360359728344,-4.091307373022379,2.6003660052956863,2.41269689550791,-1.683018922077603,0.7892829037947193,-1.0323599572547337,1.9863727468186756,-2.1433329320357624,-1.152435276164493,-1.5666105152682883,3.962816696159033,4.003830614961374,0.8577796001574617,-2.0754748892003176,3.085692059185277,-1.2770340561386988,4.847555509923244,3.1079891813719946,3.071092623256532,5.038142451654937,1.9557933870304556,-2.9201810322897264,2.5516536372065177,-1.0835682445185397,1.0943547917711103,0.8362119271272739,4.033457733731208,1.0884765965160759,-2.5615325592893354,-0.09993675473338207,3.612827908183758,3.6096423146542738,1.65604473276,2.236681387887111,0.5448036653788824,0.2746876992289233,-0.6507389449066571,-0.11399420173620996,-0.25066363174415834,0.22140911115443013,0.3266241140184426
-3.8611877654324243,-7.045147319667488,-1.533556730171108,4.675555121499239,-7.553394986826892,6.666832476778434,1.0838375070752955,0.44006631194541723,8.28533135587524,-12.08406967035695,0.0202532843015971,-4.239807579951885,-9.782196204394731,-9.545163298691676,4.850450480424489,-12.157809486545695,8.484146494415537,7.234843860834896,-4.943493275558889,1.3846773805088404,-1.4918848884434204,5.185729795076788,-6.372196345768827,-2.927710133652285,-9.423243304487748,18.45615762385917,8.0319230572389,8.593335340948624,-6.399160125676156,13.88722050531456,-2.5270948805165006,16.903388183116885,3.0016475176349373,5.038142451654937,21.058202271449083,1.1845199414331966,-15.099454665841906,12.631487735877188,-2.483916276240749,6.746075679118718,5.709571491688978,6.450219168113363,3.2538073608036755,-6.396944444771801,-1.5047553793816295,13.136447441795504,15.302160031557392,6.2328178498980344,5.753334634940828,4.9096314995653625,-6.075154566715111,0.1793796627888093,-1.5229274097275225,-4.450873537635835,4.570861948382718,0.7445165640544752
0.29996097318196246,-0.47200183308980515,0.7658377651570485,-3.370310512873738e-4,-0.13782973549394978,0.9045421820233664,0.8962679392390068,-0.5704008869517632,-0.8991013518521006,0.11005007336624888,-0.4907841457899401,-0.487993639889916,-3.693553938994219,-1.3341938732485386,1.6658667533249056,-1.7954316560929378,1.0544602478141762,1.0898284332156127,-0.7047280357730813,0.4264657474426331,-0.7472647409315404,1.0042442801696883,-1.0220483525667992,-0.5348715225673953,0.15084369627421887,0.5259542824329456,2.369301364737981,-0.7113975948496424,-0.9421040549812206,0.5823330482394534,-0.7683754626805293,1.6572563637311817,2.535047886656624,1.9557933870304556,1.1845199414331966,1.693172008872142,-0.2957360409302861,0.32892439769583526,-0.5443092462945729,-0.05794268898087101,-0.028520626962391805,2.79966926347327,0.4279516782394993,-1.296228799296926,0.17642373964534772,1.1797483487873253,0.9063957823151119,0.4295921702351956,1.0386989882577937,-0.25031395072725526,1.3909337206267463,-0.6035032230235929,0.12486351486551153,0.5126786221591023,-0.5698218265395129,0.2216130572552882
