V1,V2,V3,V4,V5,V6,V7,V8,V9,V10,V11,V12,V13,V14,V15,V16,V17,V18,V19,V20,V21,V22,V23,V24,V25,V26,V27,V28,V29,V30,V31,V32,V33,V34,V35,V36,V37,V38,V39,V40,V41,V42,V43,V44,V45,V46,V47,V48,V49,V50,V51,V52,V53,V54,V55,V56
0.7626493592395344,0.2179138013622449,0.9602268415067863,-0.5252631216772949,0.7214739670189766,0.26516432941745544,0.8981592625737266,-0.4716876377897045,-1.8853305620085685,1.4692964130329824,-0.39655703031680445,-0.02801177028387153,-2.959007159916871,-0.3093254026929024,1.1720833327768696,-0.5706964944498822,0.13352853100806833,0.3151030929864582,-0.2544797424128965,0.4025589944818976,-0.6156074158063511,0.49158642171023514,-0.2941705200220044,-0.31271043636817014,1.2107598304342921,-1.4478361359442873,1.7207770942025347,-1.6909491185711163,-0.21667106885095078,-0.9866644934020414,-0.5588875883015711,-0.07114364715065694,2.2984039815553587,1.6593275769579443,-1.123977155292269,1.6589118572552763,1.5251417614704348,-1.162153896957596,-0.37497652366953493,-0.8985872767198521,-0.8587596391369843,2.219406342639351,0.14860846415185974,-0.7235099127511879,0.3477217773301892,-0.21628886924017804,-0.8744636198799783,-0.15887407332445247,0.584868806099093,-0.914938788948124,2.1011618686924276,-0.7269867645337569,0.3407685541583137,1.0775950230082496,-1.143150810914213,0.11143625773313207
0.2179138013622449,0.45472200211104097,0.5675921155938587,-0.16893168941542608,0.08761864041654369,-0.12408341497832108,-0.017916728232684514,-1.3739996768261378,-0.7204609022225964,0.5094021619835334,-0.9857906773558677,-0.1633343879226233,-0.602189338231294,-0.5042628642327944,0.9273207130535697,-0.24404201931327277,0.3967624393347677,0.4355095185463437,0.20616232226914344,-0.4717088152790566,-0.3623050411322371,0.24609700596346168,-0.7052115052537835,0.2869889245915749,0.4527620112734559,-0.8013541487699626,0.2047329523067966,-0.8180193300541961,-0.6060216905428846,0.052307774864628086,-0.11470890120579384,-0.21513800830937418,1.4301521586082062,-0.13036710909636043,-0.08790047039263567,0.7964463683648679,-0.4529830080635505,0.2565876407604153,0.2808201824431556,0.20293592229330049,0.8926362574810309,1.2725184276801884,-0.264692813502763,0.0018017666339474974,0.18822625829579334,0.055346042968712234,0.5875373188324864,-0.5212664714481412,-0.47019466235811047,0.28715125193464824,1.2212915611477326,0.09851263954232961,-0.10611632498832813,0.20486427053822787,-0.28671673426986727,0.3176832806373593
0.9602268415067863,0.5675921155938587,1.4867681864689724,-0.6622132583174105,0.7769162758158736,0.22214669390514016,0.9369432732398547,-1.6762321298291385,-2.5400987238040362,1.892237454182488,-1.2660237564334305,-0.20223582981478783,-3.7029752626114876,-0.8315705048441135,2.0676008046176806,-0.9019150071551248,0.5461420977844526,0.7609477543286003,-0.12726288618357115,0.02732827712647686,-0.9705085401960705,0.7680373628268214,-0.964866169361842,-0.10356176736330036,1.5916499136785252,-2.072987524461441,2.0458335474834883,-2.417505549999934,-0.798003937334478,-0.8874399872177292,-0.7055269147604305,-0.13251412502539703,3.670872523948185,1.6699531046172473,-1.0982951461225425,2.4389702295814333,1.0989017373175178,-0.905264126718691,-0.17097153121970474,-0.718762737383557,-0.09050866228171417,3.477858379557914,-0.04748100033551451,-0.8073666997382851,0.5163153183321779,-0.08060674486244414,-0.29757034872153443,-0.5690964507606803,0.25300855538805306,-0.6774253567733167,3.215005541787176,-0.6779674910336316,0.2552264176995414,1.2755626015862964,-1.4141821006729194,0.396408501480274
-0.5252631216772949,-0.16893168941542608,-0.6622132583174105,0.36596980080689856,-0.500655729858467,-0.16471811907749898,-0.6026803181895356,0.3492896740594671,1.2998200546971248,-1.021313505033976,0.2891421342982117,0.015152676063350554,1.9904665294416715,0.2037224651471883,-0.8021150639099746,0.36938221716248687,-0.08463415833500348,-0.20995035415427515,0.15834610680076933,-0.2580577358893959,0.4201411695460073,-0.32758209114250364,0.20315008997157497,0.19921042944702044,-0.8416513596186388,1.0244463777676602,-1.1502257224675774,1.1716390202668852,0.14906704247074126,0.6866479392226508,0.3744371979638968,0.08129094013374137,-1.5748908301322146,-1.1064118443597388,0.7946689891903481,-1.1331738675708327,-1.0429935696577055,0.7983532516489643,0.2421320427983124,0.6122853194593142,0.5685548623703385,-1.5129620237427632,-0.0892380189788537,0.47623282640711884,-0.24094440909965392,0.16646595267799016,0.6017908068381197,0.1290963034050926,-0.3740622938889769,0.6179372626552148,-1.452994092803001,0.4878918088146555,-0.2299497592576669,-0.7383211445655313,0.7842707279574155,-0.08097550877424267
0.7214739670189766,0.08761864041654369,0.7769162758158736,-0.500655729858467,0.7498773023000892,0.2836276539361902,0.9245194970299848,0.04249443587868345,-1.706682527786619,1.3812705402540184,-0.02770483994619925,0.05756858186218532,-2.7562357347161637,-0.07074166423397875,0.8207489041907738,-0.42547643157441606,-0.06269203292281059,0.11596713844954966,-0.3138963735701297,0.5882983684975548,-0.4850504589038379,0.3820040068429243,0.004742127143402572,-0.41606229961901836,1.1224669928214737,-1.2817343977385778,1.6460386745546138,-1.470874044335241,0.046453087297541384,-1.1116415101327497,-0.5165906637383985,-0.0836340622710578,1.795284286040392,1.7286501147689821,-1.2383028361020398,1.392133223412112,1.8263911336557355,-1.363855230019895,-0.4801436006352121,-1.0395211256212002,-1.2587858316001381,1.755584084757417,0.23671985316635172,-0.7093825147933371,0.2932825365215011,-0.31645682117149343,-1.21041525551878,0.0031741217895418635,0.7508289132753779,-1.0787948991598266,1.7231209441507647,-0.7865139607449722,0.3996899887589446,1.0535673333500268,-1.0901549285320264,-0.01208423801386627
0.26516432941745544,-0.12408341497832108,0.22214669390514016,-0.16471811907749898,0.2836276539361902,0.21813274481065983,0.45919114614062345,0.36674409440189626,-0.5822745876168853,0.4492371723424478,0.23283565871691794,0.036810711205954756,-1.2546619851928722,0.019926667288867623,0.20146261430553922,-0.23594079955883066,-0.06556516350155947,0.001684240862648142,-0.24018387159998902,0.41225370323355637,-0.15499086281203542,0.16195695097155696,0.13048197754040333,-0.2945480052553158,0.3584234824733198,-0.28052344168583926,0.8043715947889192,-0.44174741064093503,0.12553302743274833,-0.4456874704927858,-0.2397773904863493,0.14027581473399342,0.5326686095118759,0.9054535017077255,-0.4180764494775159,0.4825454334113845,0.8820086976959692,-0.6279566026611071,-0.3206821444560959,-0.5021610323032663,-0.7881778370196919,0.5789911908041612,0.2050364266216439,-0.3910496938893839,0.08335595641961945,-0.06796910314057669,-0.6164604651708119,0.17848500719950272,0.5233592786584236,-0.5558313446580097,0.48190715102969595,-0.4032193473478867,0.20819996016428247,0.42451320846622287,-0.42077588378854736,-0.07953428843442437
0.8981592625737266,-0.017916728232684514,0.9369432732398547,-0.6026803181895356,0.9245194970299848,0.45919114614062345,1.2520884863063213,0.28155975163954194,-2.099341051328068,1.663295394965228,0.12134485592608889,0.06585246450289005,-3.685399388696739,-0.09830874751942449,0.9944555395594362,-0.6388917411691027,-0.07270798985675184,0.14955806869413124,-0.4977629610258841,0.8768500287335058,-0.6054143178183613,0.5186246517442336,0.06320540197963065,-0.6298881237821502,1.3488906751819705,-1.426491909664093,2.2452194805214933,-1.7647559245008402,0.10303931280581609,-1.37602205947931,-0.696658266849048,0.07202342361630171,2.2040719016396486,2.383297796068769,-1.4598170108693398,1.7491754056868476,2.3878916125482554,-1.7580899139274686,-0.7108670366801252,-1.3666596534776227,-1.7805224996485771,2.2065512281946087,0.38860346900018883,-1.0081155208550905,0.34969973946442595,-0.3169540470586417,-1.5818388090559652,0.14312129817951283,1.1330988003375864,-1.449167526078874,2.0604507041961355,-1.0687770765297362,0.5394284605419373,1.3402618111910904,-1.375155601667586,-0.06064152113313329
-0.4716876377897045,-1.3739996768261378,-1.6762321298291385,0.3492896740594671,0.04249443587868345,0.36674409440189626,0.28155975163954194,4.621822361974908,1.8211849306796823,-1.1257453250653064,3.3063740167473363,0.6434483216240586,1.4861119144788064,1.8548110608460573,-2.993361053747321,0.9361940007116909,-1.5084431921655792,-1.5686131810866848,-0.6826677305643822,1.7134716913417722,1.1189131009047555,-0.8245370057127628,2.490877462734442,-1.0189226141411756,-1.0524868906463298,2.0139655656459925,-0.40779969609954636,2.2051159231022512,2.168559840268731,-0.7254928729402109,0.2980082624529552,0.38555940196596994,-4.394402375099998,0.7961745799014234,-0.4215648146684473,-2.33561046164034,2.2824699123447307,-1.4550472922354996,-1.0232143784874796,-1.0801538139352713,-3.436602465698313,-3.938937489235476,0.8913752639807314,-0.07190679893518391,-0.5279210304175459,-0.5139610573155882,-2.577292646908129,1.6368616787343944,1.6698037915336794,-1.3388724421628608,-3.541516149603616,-0.5401484069342438,0.4898006603233502,-0.3299467075085614,0.5934962805494653,-1.0849015703520257
-1.8853305620085685,-0.7204609022225964,-2.5400987238040362,1.2998200546971248,-1.706682527786619,-0.5822745876168853,-2.099341051328068,1.8211849306796823,4.761621245575448,-3.6616887683388684,1.4442088154992208,0.16789732963930765,7.284999703111655,1.0251806836412747,-3.2494985340800264,1.5120760003867133,-0.5530703109722693,-0.9937867710772742,0.5080216236885292,-0.7024745869224824,1.6376167654395835,-1.3011100501723751,1.0826146355318271,0.5942402642344193,-3.0363460504463475,3.738539077397971,-4.169831101393717,4.35590343240418,0.8486719731746426,2.2304907096669315,1.3797914103300535,0.21297675351728568,-6.144310775805213,-3.8390433627381433,2.59692831341458,-4.307594426390256,-3.2770645620234555,2.539474575743835,0.7414705111740097,1.9726453899712788,1.5225948350172822,-5.8892969216730195,-0.22165913393159806,1.719645977497175,-0.9071878850184542,0.42676882413085976,1.681903090007195,0.6204080992298842,-1.14654398891003,1.974779615855454,-5.537073845960286,1.6509408846031446,-0.7366399656804026,-2.6137660999398786,2.8100677490070893,-0.4298686411244733
1.4692964130329824,0.5094021619835334,1.892237454182488,-1.021313505033976,1.3812705402540184,0.4492371723424478,1.663295394965228,-1.1257453250653064,-3.6616887683388684,2.862233075123036,-0.9149807469560827,-0.06824819227541008,-5.578315913485437,-0.6352716543724369,2.3306620610650164,-1.0662273849222006,0.29251935454647515,0.641027792461646,-0.42038737520330005,0.6593332463419468,-1.2051943601614876,0.9421319796741587,-0.6536674114126276,-0.5204619585654519,2.3625768054074827,-2.894855653724444,3.2104597646124207,-3.3187813766771628,-0.4911560531608578,-1.8695428983946472,-1.052101393464535,-0.22485923187803553,4.521537529885827,3.045369053445744,-2.1725924252869606,3.2240489729985247,2.8017185663518345,-2.1547936994684833,-0.6386393838527445,-1.655427669941874,-1.4535111436914085,4.3345089993637105,0.21758005882455794,-1.324797870437764,0.6852254554850552,-0.4342170331094594,-1.5686702888798005,-0.4092555197774543,0.9839758763374566,-1.665271295085992,4.145740611451606,-1.3343335761874773,0.6190415170735916,2.0541204753855573,-2.1914233226836273,0.26195497425232384
-0.39655703031680445,-0.9857906773558677,-1.2660237564334305,0.2891421342982117,-0.02770483994619925,0.23283565871691794,0.12134485592608889,3.3063740167473363,1.4442088154992208,-0.9149807469560827,2.3705992550263075,0.45951953543704366,1.3091650006603353,1.342459918698723,-2.2185169844495047,0.7171807491268769,-1.082051342799649,-1.1394432900255935,-0.4578703993277315,1.1755468294719564,0.8443652832551615,-0.6277888526963066,1.78899998890768,-0.6916262146122844,-0.8424126643016522,1.53724144247558,-0.44009132929068595,1.698676032725319,1.5544547997373228,-0.4356256421615095,0.26001856481094615,0.2693054883093577,-3.3042768277340917,0.41766234265207686,-0.2130981518753475,-1.7934665899552305,1.4906196946926726,-0.9355259739633417,-0.6895964993619097,-0.690040962483443,-2.358268621620643,-2.977293641527838,0.6156002455200131,0.014820780046816149,-0.4020770230321985,-0.3518036282619389,-1.7547803935358215,1.1670009315907894,1.126856176380286,-0.8703335034327252,-2.6795545501360176,-0.3195204465323939,0.31783027626842314,-0.32299587137953706,0.5148860676743844,-0.7766305625416849
-0.02801177028387153,-0.1633343879226233,-0.20223582981478783,0.015152676063350554,0.05756858186218532,0.036810711205954756,0.06585246450289005,0.6434483216240586,0.16789732963930765,-0.06824819227541008,0.45951953543704366,0.10674729242348123,0.15053396293086801,0.28983672346812484,-0.4069968434406505,0.1595935722953262,-0.24227917259201168,-0.24028964375642584,-0.08777609602985757,0.25300669941522314,0.14521009948921876,-0.12086045327605037,0.36976581212339776,-0.14516855865730102,-0.07591622551518047,0.17236066927834037,-0.030950719270692748,0.2280143096339456,0.3261058456011081,-0.187077047038405,0.0336401163706047,-0.009252538965354943,-0.5635403442568349,0.15013171575795622,-0.17462953823521485,-0.28354949907578786,0.43217732776580164,-0.292635312583318,-0.14953239068514768,-0.20888212512238355,-0.5408225891835473,-0.5132794683136708,0.12072237047102889,-0.010487745668079574,-0.05850407714961395,-0.12870644430784517,-0.4534622612766145,0.20593742133761073,0.23707228121145127,-0.23944034096082084,-0.4146121977301285,-0.10191998559647276,0.08697934834568419,0.004947065239481228,0.030273585539222565,-0.15410968689185056
-2.959007159916871,-0.602189338231294,-3.7029752626114876,1.9904665294416715,-2.7562357347161637,-1.2546619851928722,-3.685399388696739,1.4861119144788064,7.284999703111655,-5.578315913485437,1.3091650006603353,0.15053396293086801,12.06352197022385,1.2987760314077994,-4.5851207942392564,2.497453512801206,-0.5945280416457972,-1.2963325600180384,1.2015392310911108,-1.8140312848216673,2.4254260380064814,-2.0321616378650726,1.11005101645969,1.4224180487888407,-4.597285687699262,5.269673811746709,-7.108550335201213,6.45680620017286,0.8253509560329074,3.7499530470632427,2.292509808175476,-0.1231507406310168,-8.97854296977212,-6.900763091988178,4.118578020743737,-6.533224969461751,-6.041582897746032,4.553479029045329,1.6648714949777126,3.5838834316781862,3.6562352090280603,-8.7756488366775809,-0.753289153870689,3.0782377129448193,-1.3269510995474587,0.6290208422733155,3.429571777410346,0.3579350782658815,-2.644963774794508,3.7145263663081627,-8.053752602861454,2.9872450452842187,-1.3891801054879038,-4.233291941378028,4.472678139925323,-0.37059589645793367
-0.3093254026929024,-0.5042628642327944,-0.8315705048441135,0.2037224651471883,-0.07074166423397875,0.019926667288867623,-0.09830874751942449,1.8548110608460573,1.0251806836412747,-0.6352716543724369,1.342459918698723,0.28983672346812484,1.2987760314077994,0.8605529612775804,-1.4372744987959134,0.5924696247241902,-0.6808687328397857,-0.731642876878183,-0.15832046854408507,0.5508201294745468,0.5728363358022667,-0.4681876958492607,1.0695268115466465,-0.2920997122715708,-0.5759189540239709,0.9091682415859659,-0.6035269523008958,1.1259681282547602,0.9305238121147025,-0.18985810405935197,0.25810225998361946,0.005406389009280125,-2.197385173760636,-0.10492255086022906,-0.11087555176276816,-1.2591874673077759,0.6755592261468575,-0.41726131991795623,-0.28428560910702294,-0.27754902711028184,-1.1720158583048585,-2.0392007790759363,0.2761643561666364,0.189183849873639,-0.26227072669077833,-0.27000028047290214,-0.9309903435213258,0.5988006776976443,0.4540077782542244,-0.35537558074047615,-1.74638014536896,-0.048837625546623346,0.1260992035983836,-0.3185186851989666,0.43176293517893194,-0.44340666945115526
1.1720833327768696,0.9273207130535697,2.0676008046176806,-0.8021150639099746,0.8207489041907738,0.20146261430553922,0.9944555395594362,-2.993361053747321,-3.2494985340800264,2.3306620610650164,-2.2185169844495047,-0.4069968434406505,-4.5851207942392564,-1.4372744987959134,3.0750961361969757,-1.3117817067461617,1.026508661323543,1.2755723777709458,-0.008829878488599667,-0.37162585490264405,-1.370288805530422,1.0933940778154192,-1.7213181324786822,0.11029547284202791,1.9900010425041033,-2.7096312535820855,2.449625686725227,-3.2015618053567665,-1.4561156445602756,-0.744477317087901,-0.8811960566890611,-0.1424557807975397,5.206303039507029,1.7200669420764363,-1.0126632633503123,3.3143734788866035,0.6022748924279894,-0.5970413054579194,0.03802262755458129,-0.511239970533326,0.7552588565308924,4.899716859485232,-0.24820245548134215,-0.9299817996601082,0.6993590226243054,0.10940471489756816,0.3722357276393437,-0.9968386253707903,-0.08146579333477942,-0.41358428117706303,4.434950565504638,-0.6332498482881449,0.16113973072344787,1.4898259466509984,-1.7085343283218246,0.7109188207003634
-0.5706964944498822,-0.24404201931327277,-0.9019150071551248,0.36938221716248687,-0.42547643157441606,-0.23594079955883066,-0.6388917411691027,0.9361940007116909,1.5120760003867133,-1.0662273849222006,0.7171807491268769,0.1595935722953262,2.497453512801206,0.5924696247241902,-1.3117817067461617,0.7011080865859703,-0.40454460426978206,-0.5293443279284853,0.16473324500696937,-0.09396302423231302,0.6167341893062054,-0.5365017555287426,0.6213575212697866,0.13761894705701913,-0.9016597272355659,1.080419813086518,-1.4246226419584271,1.4143995148573145,0.5230333722893664,0.44899526223171554,0.48309252078823384,-0.12149447481227027,-2.296479067506605,-1.18482187412205,0.49422294168043923,-1.5368526801746885,-0.6284402211076887,0.5007053551099716,0.17696553327625394,0.43278000325101745,0.11367497099201974,-2.225031203785859,-0.037348039534238084,0.6077242482564349,-0.30390802733926514,-0.08064103095259922,0.10920405707178595,0.2452639691973169,-0.2912310922970167,0.43594260863031115,-1.9214251725007139,0.46288805762279717,-0.16741821161478368,-0.7762634073292153,0.856943298436422,-0.23147473071112176
0.13352853100806833,0.3967624393347677,0.5461420977844526,-0.08463415833500348,-0.06269203292281059,-0.06556516350155947,-0.07270798985675184,-1.5084431921655792,-0.5530703109722693,0.29251935454647515,-1.082051342799649,-0.24227917259201168,-0.5945280416457972,-0.6808687328397857,1.026508661323543,-0.40454460426978206,0.5578220115820044,0.5701154540002128,0.181778646299143,-0.5430196916581316,-0.3834406855243871,0.31404953033018823,-0.8637945644384614,0.3059462848091053,0.2858387766796497,-0.5332335998610161,0.21482448361604065,-0.6734644553811833,-0.7580905693600368,0.33036416412377395,-0.12303871786307853,0.0021881228461701273,1.4825897286012355,-0.20106577362830746,0.28418177816175166,0.790112219127704,-0.8403517858548017,0.5563292149639734,0.3099861057713134,0.392482882509903,1.1530115659155327,1.359529979997938,-0.263806968290651,-0.03398169599007782,0.16478690128428436,0.2649526650678635,0.9458723089569249,-0.4878292794209868,-0.4932026229446103,0.4626925496087811,1.133169604593135,0.1686279923878269,-0.167075624159545,0.08663910838932962,-0.17235682421193776,0.3605800264759748
0.3151030929864582,0.4355095185463437,0.7609477543286003,-0.20995035415427515,0.11596713844954966,0.001684240862648142,0.14955806869413124,-1.5686131810866848,-0.9937867710772742,0.641027792461646,-1.1394432900255935,-0.24028964375642584,-1.2963325600180384,-0.731642876878183,1.2755723777709458,-0.5293443279284853,0.5701154540002128,0.626356608562363,0.11288520216869101,-0.4247296934970875,-0.5199632860645408,0.42278389753924245,-0.9041750760453696,0.2182747115698201,0.5713897681884659,-0.8676644938772529,0.6277485675302208,-1.0622434958637068,-0.7833817242202906,0.07710847444570726,-0.25520554703894194,-0.015218887181416157,1.9903797505269736,0.21202205870045712,-9.34823000085114e-4,1.1668439894608729,-0.43678314711742633,0.251889452031683,0.20695040929495762,0.15844629932477808,0.900920817233078,1.8525081899254918,-0.21780998720747718,-0.20967767879187071,0.2437817081101483,0.2024433236108674,0.6975501209230321,-0.5088090658962009,-0.33213500067554075,0.22208301253094836,1.6054584240961955,-0.015285728567078058,-0.07765708673144121,0.3469223678316616,-0.4455325874356271,0.3746501767294173
-0.2544797424128965,0.20616232226914344,-0.12726288618357115,0.15834610680076933,-0.3138963735701297,-0.24018387159998902,-0.4977629610258841,-0.6826677305643822,0.5080216236885292,-0.42038737520330005,-0.4578703993277315,-0.08777609602985757,1.2015392310911108,-0.15832046854408507,-0.008829878488599667,0.16473324500696937,0.181778646299143,0.11288520216869101,0.2870671579131148,-0.5406762455911096,0.08759461936049164,-0.10725388983380893,-0.3094218433387161,0.36949852328019556,-0.3249115104831248,0.19745356360138921,-0.8024160682433328,0.33633864054777035,-0.28369172898867645,0.5396083248863177,0.22776554301161053,-0.14125457609477218,-0.26914537299798874,-0.9916694188408479,0.5039138455705691,-0.35286540288928353,-1.099701776025263,0.7755580484001525,0.39790203556109105,0.6085935962564364,1.0587194292987894,-0.34045366336746147,-0.26637739209837025,0.4032600254801693,-0.056053621573477694,0.12848267884069828,0.840807144954278,-0.281598620951109,-0.6460998623594535,0.6784795847107651,-0.2873361898839623,0.4579744489398611,-0.2526086493635901,-0.4316354099798956,0.4110395458145324,0.15491882373962207
0.4025589944818976,-0.4717088152790566,0.02732827712647686,-0.2580577358893959,0.5882983684975548,0.41225370323355637,0.8768500287335058,1.7134716913417722,-0.7024745869224824,0.6593332463419468,1.1755468294719564,0.25300669941522314,-1.8140312848216673,0.5508201294745468,-0.37162585490264405,-0.09396302423231302,-0.5430196916581316,-0.4247296934970875,-0.5406762455911096,1.1187548700512926,-0.007040665742942631,0.05259750305591071,0.8648272163245041,-0.7340849228902643,0.48840410321845035,-0.21263615438899275,1.2717008173292117,-0.3654752368668063,0.7826446970108071,-1.0946292711922796,-0.3377011186440936,0.18162008079321293,-0.08235307566278025,1.7569691225624413,-1.0422695163223576,0.31712527660733575,2.244173581924133,-1.576644369551371,-0.7858803130865764,-1.2101221011073373,-2.252999723993753,0.07217298348309914,0.5407899957166101,-0.6573095371503613,0.04226078056697892,-0.36262869155680694,-1.838384105445277,0.6369280319129812,1.2663661094568641,-1.3487891586029879,0.10695636546920037,-0.8475877051288939,0.4992593430162254,0.7256836428066359,-0.6598625042423147,-0.3984030249221809
-0.6156074158063511,-0.3623050411322371,-0.9705085401960705,0.4201411695460073,-0.4850504589038379,-0.15499086281203542,-0.6054143178183613,1.1189131009047555,1.6376167654395835,-1.2051943601614876,0.8443652832551615,0.14521009948921876,2.4254260380064814,0.5728363358022667,-1.370288805530422,0.6167341893062054,-0.3834406855243871,-0.5199632860645408,0.08759461936049164,-0.007040665742942631,0.6393935142771163,-0.5142695002582912,0.6573002528259051,0.06524972357336008,-1.0161113127502617,1.3149990044632192,-1.342477384605346,1.5607234935504153,0.5467543568742823,0.5371773715347805,0.46388693194472364,0.051795312635405474,-2.4135406089361244,-1.083405223168556,0.6600919010201056,-1.5970211871566364,-0.6584333521847271,0.5456104702129764,0.10769053288333132,0.44090038066915305,0.018073500354642637,-2.292294898138067,0.030993462210962948,0.5351976292883719,-0.3345679372842145,0.019298327072906216,0.13802473935944384,0.3671912310910039,-0.16250505573097632,0.41630409372907334,-2.092099932292365,0.4331709419725051,-0.15749364045244407,-0.8167073044067326,0.9082363386724073,-0.26642373317851437
0.49158642171023514,0.24609700596346168,0.7680373628268214,-0.32758209114250364,0.3820040068429243,0.16195695097155696,0.5186246517442336,-0.8245370057127628,-1.3011100501723751,0.9421319796741587,-0.6277888526963066,-0.12086045327605037,-2.0321616378650726,-0.4681876958492607,1.0933940778154192,-0.5365017555287426,0.31404953033018823,0.42278389753924245,-0.10725388983380893,0.05259750305591071,-0.5142695002582912,0.4294235338122224,-0.512665184488034,-0.08964958039591919,0.7943026313471488,-0.9904626287412311,1.143997945957679,-1.2262071476070757,-0.42766603211307846,-0.42072709284643933,-0.39082513292190263,0.024272197266133028,1.9281749218715905,0.9456919911756801,-0.49148505876809695,1.2870654400232595,0.5558737535031186,-0.44970809322916966,-0.12382722002229905,-0.37287282945258116,-0.07915372169162949,1.8491722801478858,0.00662623447725095,-0.4729438233384852,0.2626138591983745,0.01644060356595972,-0.12591900689467536,-0.24675027739145708,0.19666657113777128,-0.3651190013183413,1.6478947840510243,-0.3759635299925768,0.13872811773858987,0.6616840534954427,-0.7317780838985258,0.19957188620302624
-0.2941705200220044,-0.7052115052537835,-0.964866169361842,0.20315008997157497,0.004742127143402572,0.13048197754040333,0.06320540197963065,2.490877462734442,1.0826146355318271,-0.6536674114126276,1.78899998890768,0.36976581212339776,1.11005101645969,1.0695268115466465,-1.7213181324786822,0.6213575212697866,-0.8637945644384614,-0.9041750760453696,-0.3094218433387161,0.8648272163245041,0.6573002528259051,-0.512665184488034,1.3863595252628336,-0.49490377547048336,-0.6080761466160927,1.0839935332861554,-0.41772517765373435,1.2671364685499082,1.2085507256665242,-0.3822019011246125,0.2231057605570012,0.10772676902029525,-2.5531936687521335,0.24470658799572145,-0.25259797430734715,-1.3931938340158143,1.1679883913637326,-0.7460060925173612,-0.494432256305268,-0.534609939319594,-1.782071865169296,-2.325376641950093,0.44000667273347865,0.06507585736336335,-0.3017104719554546,-0.3336179906337864,-1.383209502941769,0.8444004971504948,0.7989857928921007,-0.6591121914725531,-2.0277517281081696,-0.22330737116591529,0.2390223679481252,-0.2431651863558342,0.388117063433893,-0.5899462911617979
-0.31271043636817014,0.2869889245915749,-0.10356176736330036,0.19921042944702044,-0.41606229961901836,-0.2945480052553158,-0.6298881237821502,-1.0189226141411756,0.5942402642344193,-0.5204619585654519,-0.6916262146122844,-0.14516855865730102,1.4224180487888407,-0.2920997122715708,0.11029547284202791,0.13761894705701913,0.3059462848091053,0.2182747115698201,0.36949852328019556,-0.7340849228902643,0.06524972357336008,-0.08964958039591919,-0.49490377547048336,0.4906051110662279,-0.3960152265458324,0.2279941700075484,-0.9665441492845632,0.36644684230768493,-0.45113192948193254,0.7411659908261622,0.26701341391081146,-0.1419514361578048,-0.17058312613664323,-1.2551831396353743,0.7063501970593273,-0.3544005744904385,-1.5016567110123717,1.059162422452014,0.5275648705163523,0.8198848502447601,1.464716007284029,-0.26632643689937435,-0.35613542733812636,0.4888369142878707,-0.055569799073885005,0.2169593506899008,1.1887200225629484,-0.3932614263384214,-0.8520692535933417,0.9112284192481356,-0.25006466782535564,0.5930449444965585,-0.33813164844975907,-0.5411948294806135,0.5062480666965615,0.23490234410183067
1.2107598304342921,0.4527620112734559,1.5916499136785252,-0.8416513596186388,1.1224669928214737,0.3584234824733198,1.3488906751819705,-1.0524868906463298,-3.0363460504463475,2.3625768054074827,-0.8424126643016522,-0.07591622551518047,-4.597285687699262,-0.5759189540239709,1.9900010425041033,-0.9016597272355659,0.2858387766796497,0.5713897681884659,-0.3249115104831248,0.48840410321845035,-1.0161113127502617,0.7943026313471488,-0.6080761466160927,-0.3960152265458324,1.9540577968253117,-2.4126910081676103,2.6337240723290734,-2.7677059795359833,-0.46636181960905204,-1.498299466871443,-0.8676458396639183,-0.18806178445319854,3.81692615843994,2.462900483223423,-1.7516980865643217,2.698098353271558,2.2132086582128556,-1.7103636012209325,-0.492153809232691,-1.3163442324843413,-1.0836595677675473,3.652793507078324,0.15311717011345566,-1.0808590424025337,0.5736742077270451,-0.334033568390845,-1.198660152544767,-0.37892727368206386,0.7564721250656089,-1.3173602470860695,3.482223946148643,-1.0726519339924443,0.4902123772342602,1.6835349060589886,-1.803016294171799,0.24554101051570637
-1.4478361359442873,-0.8013541487699626,-2.072987524461441,1.0244463777676602,-1.2817343977385778,-0.28052344168583926,-1.426491909664093,2.0139655656459925,3.738539077397971,-2.894855653724444,1.53724144247558,0.17236066927834037,5.269673811746709,0.9091682415859659,-2.7096312535820855,1.080419813086518,-0.5332335998610161,-0.8676644938772529,0.19745356360138921,-0.21263615438899275,1.3149990044632192,-0.9904626287412311,1.0839935332861554,0.2279941700075484,-2.4126910081676103,3.1584725375755704,-2.9201536172896616,3.5154978899595237,0.8683859747553132,1.614371725715234,0.992921983118072,0.3968563984708358,-4.993238638917518,-2.5312008762693594,1.9998986462214263,-3.3942340074376767,-2.1237307718826064,1.7048080944214072,0.33624893865439553,1.2985288206220937,0.600891929288043,-4.704440352622424,0.01826135453411526,1.132501966915538,-0.7397824810191946,0.3654867234918228,0.9531409359474731,0.7627047924605049,-0.485426553209806,1.239027103498366,-4.531186874540144,1.083445249783367,-0.4605377571671562,-1.946733465307058,2.127704078837882,-0.46513356472804707
1.7207770942025347,0.2047329523067966,2.0458335474834883,-1.1502257224675774,1.6460386745546138,0.8043715947889192,2.2452194805214933,-0.40779969609954636,-4.169831101393717,3.2104597646124207,-0.44009132929068595,-0.030950719270692748,-7.108550335201213,-0.6035269523008958,2.449625686725227,-1.4246226419584271,0.21482448361604065,0.6277485675302208,-0.8024160682433328,1.2717008173292117,-1.342477384605346,1.143997945957679,-0.41772517765373435,-0.9665441492845632,2.6337240723290734,-2.9201536172896616,4.242019130342027,-3.6315798457076873,-0.2804153629237544,-2.302780570138596,-1.350599016166518,0.14569859088561402,4.9385139780307705,4.2377430797115565,-2.478988923940154,3.6819062773122706,3.8399364259752815,-2.864094804487784,-1.1117855343203595,-2.2532848963829437,-2.545391546374563,4.8705729333610925,0.5517053738494117,-1.8684539854750324,0.7389809291558269,-0.4073512404152527,-2.3015587027031486,-0.03205428703382994,1.7741829144437098,-2.3623656624381386,4.4554399015559945,-1.8505507737745965,0.8828487038033866,2.4998998032244772,-2.6159344979932797,0.11034588296650284
-1.6909491185711163,-0.8180193300541961,-2.417505549999934,1.1716390202668852,-1.470874044335241,-0.44174741064093503,-1.7647559245008402,2.2051159231022512,4.35590343240418,-3.3187813766771628,1.698676032725319,0.2280143096339456,6.45680620017286,1.1259681282547602,-3.2015618053567665,1.4143995148573145,-0.6734644553811833,-1.0622434958637068,0.33633864054777035,-0.3654752368668063,1.5607234935504153,-1.2262071476070757,1.2671364685499082,0.36644684230768493,-2.7677059795359833,3.5154978899595237,-3.6315798457076873,4.060549877501108,1.0214388009774407,1.8347147548653244,1.2243726281612006,0.25728582300387526,-5.88631076554275,-3.184509834180614,2.2006128179737248,-4.024918822484453,-2.52086376951004,1.997941454991439,0.4930207176558825,1.5551158967707195,0.8413354251380092,-5.599915812939654,-0.06338389396685279,1.4606419263363657,-0.8547809889156228,0.3121666219398857,1.1088820402644393,0.76734541432015,-0.747897574330933,1.5189305536728652,-5.2576377197634505,1.3450618592643766,-0.5675682812967835,-2.298439532227152,2.5037803614382006,-0.518585806834793
-0.21667106885095078,-0.6060216905428846,-0.798003937334478,0.14906704247074126,0.046453087297541384,0.12553302743274833,0.10303931280581609,2.168559840268731,0.8486719731746426,-0.4911560531608578,1.5544547997373228,0.3261058456011081,0.8253509560329074,0.9305238121147025,-1.4561156445602756,0.5230333722893664,-0.7580905693600368,-0.7833817242202906,-0.28369172898867645,0.7826446970108071,0.5467543568742823,-0.42766603211307846,1.2085507256665242,-0.45113192948193254,-0.46636181960905204,0.8683859747553132,-0.2804153629237544,1.0214388009774407,1.056476614816986,-0.3964222979779727,0.16768069191944618,0.08256623112407978,-2.127574173933155,0.301232480230797,-0.2929289092053393,-1.1392098655019154,1.1172472816909158,-0.7253680657939539,-0.45416192072270645,-0.5219703534558935,-1.6177309357004912,-1.9335131879175453,0.39325305526946924,0.021729124694145018,-0.24641537116726664,-0.31214961135000746,-1.2724851163335105,0.7319846309219269,0.73161637062035,-0.6319464353925834,-1.6710330949069394,-0.2353859198907648,0.22922088081562395,-0.15488999218326033,0.27876195531735587,-0.5140919515615676
-0.9866644934020414,0.052307774864628086,-0.8874399872177292,0.6866479392226508,-1.1116415101327497,-0.4456874704927858,-1.37602205947931,-0.7254928729402109,2.2304907096669315,-1.8695428983946472,-0.4356256421615095,-0.187077047038405,3.7499530470632427,-0.18985810405935197,-0.744477317087901,0.44899526223171554,0.33036416412377395,0.07710847444570726,0.5396083248863177,-1.0946292711922796,0.5371773715347805,-0.42072709284643933,-0.3822019011246125,0.7411659908261622,-1.498299466871443,1.614371725715234,-2.302780570138596,1.8347147548653244,-0.3964222979779727,1.7504904694477565,0.698366537295565,0.11028351075445246,-1.9585178754891286,-2.6035589698431214,1.908925857583774,-1.676003351799206,-3.0121705159260905,2.2171213794292877,0.8357072573050848,1.6780091432983795,2.331751966257482,-1.957254922105176,-0.46210961000060824,1.0203993948102075,-0.3525502967927343,0.5669042517848014,2.163572691548077,-0.2236093607920352,-1.3118100282833798,1.7674058711318061,-2.0007265010625925,1.216730755401724,-0.6530227235159984,-1.4893052237980884,1.5047580274111092,0.17563398279269515
-0.5588875883015711,-0.11470890120579384,-0.7055269147604305,0.3744371979638968,-0.5165906637383985,-0.2397773904863493,-0.696658266849048,0.2980082624529552,1.3797914103300535,-1.052101393464535,0.26001856481094615,0.0336401163706047,2.292509808175476,0.25810225998361946,-0.8811960566890611,0.48309252078823384,-0.12303871786307853,-0.25520554703894194,0.22776554301161053,-0.3377011186440936,0.46388693194472364,-0.39082513292190263,0.2231057605570012,0.26701341391081146,-0.8676458396639183,0.992921983118072,-1.350599016166518,1.2243726281612006,0.16768069191944618,0.698366537295565,0.4365205812814344,-0.03202942882851457,-1.7164757482154696,-1.3049758471172646,0.7646100951743611,-1.2450798451755665,-1.1246347174586937,0.8481480419938814,0.3124923428833024,0.6695159725790418,0.6747292584183856,-1.6778364050530141,-0.14051719201980664,0.5860045765605987,-0.25204916687985734,0.10930609946564991,0.6296789519975396,0.07018167993264858,-0.49707576598408465,0.6947471454294946,-1.532619918113945,0.5627117152853066,-0.2597521053082699,-0.7987839943249756,0.8452162995769646,-0.07452929948996542
-0.07114364715065694,-0.21513800830937418,-0.13251412502539703,0.08129094013374137,-0.0836340622710578,0.14027581473399342,0.07202342361630171,0.38555940196596994,0.21297675351728568,-0.22485923187803553,0.2693054883093577,-0.009252538965354943,-0.1231507406310168,0.005406389009280125,-0.1424557807975397,-0.12149447481227027,0.0021881228461701273,-0.015218887181416157,-0.14125457609477218,0.18162008079321293,0.051795312635405474,0.024272197266133028,0.10772676902029525,-0.1419514361578048,-0.18806178445319854,0.3968563984708358,0.14569859088561402,0.25728582300387526,0.08256623112407978,0.11028351075445246,-0.03202942882851457,0.28286233056439075,-0.2502121955387366,0.2019058487434771,0.23861637819764678,-0.12367369413184663,0.02372996753019935,0.022991713192718668,-0.1378883175314956,-0.023413046969790345,-0.23919185531531506,-0.16266064248907805,0.1299702526921228,-0.1272436023077594,-0.055392837552315645,0.1444216899506262,-0.02305595887522326,0.22751981272229155,0.2493648587620058,-0.07366735069413914,-0.3197184402725905,-0.06921117192892368,0.031171878892227868,-0.056720781309417004,0.07869133892111554,-0.0778529230220987
2.2984039815553587,1.4301521586082062,3.670872523948185,-1.5748908301322146,1.795284286040392,0.5326686095118759,2.2040719016396486,-4.394402375099998,-6.144310775805213,4.521537529885827,-3.3042768277340917,-0.5635403442568349,-8.97854296977212,-2.197385173760636,5.206303039507029,-2.296479067506605,1.4825897286012355,1.9903797505269736,-0.26914537299798874,-0.08235307566278025,-2.4135406089361244,1.9281749218715905,-2.5531936687521335,-0.17058312613664323,3.81692615843994,-4.993238638917518,4.9385139780307705,-5.88631076554275,-2.127574173933155,-1.9585178754891286,-1.7164757482154696,-0.2502121955387366,9.12755358102469,3.9196200569701456,-2.4440259283851318,6.0064529713120205,2.3110534303902233,-1.9418236051791076,-0.3273372802974714,-1.5676168928389198,0.13166504356970773,8.647413864728525,-0.1752907536834205,-1.9472555322688376,1.264341728440587,-0.06764014909466372,-0.3819656589091118,-1.4625433910720533,0.4820639609582468,-1.457319001539056,7.914528782637548,-1.5583948409807222,0.5518497464379096,3.0299041157003272,-3.3824016305628115,1.0434681331991666
1.6593275769579443,-0.13036710909636043,1.6699531046172473,-1.1064118443597388,1.7286501147689821,0.9054535017077255,2.383297796068769,0.7961745799014234,-3.8390433627381433,3.045369053445744,0.41766234265207686,0.15013171575795622,-6.900763091988178,-0.10492255086022906,1.7200669420764363,-1.18482187412205,-0.20106577362830746,0.21202205870045712,-0.9916694188408479,1.7569691225624413,-1.083405223168556,0.9456919911756801,0.24470658799572145,-1.2551831396353743,2.462900483223423,-2.5312008762693594,4.2377430797115565,-3.184509834180614,0.301232480230797,-2.6035589698431214,-1.3049758471172646,0.2019058487434771,3.9196200569701456,4.559312017962532,-2.726080176945197,3.173192232214844,4.600411937383288,-3.3701180649367406,-1.4072333096668257,-2.625010142771632,-3.543635069594053,3.9596086337678367,0.7935032980081365,-1.9243545252248426,0.6264044064001538,-0.5935440437703697,-3.0942998984322005,0.3798426360251798,2.250171440550602,-2.8000562529161352,3.673555861424962,-2.04869631310673,1.0427741123391443,2.500864317632846,-2.5512617618152555,-0.17433588644154843
-1.123977155292269,-0.08790047039263567,-1.0982951461225425,0.7946689891903481,-1.2383028361020398,-0.4180764494775159,-1.4598170108693398,-0.4215648146684473,2.59692831341458,-2.1725924252869606,-0.2130981518753475,-0.17462953823521485,4.118578020743737,-0.11087555176276816,-1.0126632633503123,0.49422294168043923,0.28418177816175166,-9.34823000085114e-4,0.5039138455705691,-1.0422695163223576,0.6600919010201056,-0.49148505876809695,-0.25259797430734715,0.7063501970593273,-1.7516980865643217,1.9998986462214263,-2.478988923940154,2.2006128179737248,-0.2929289092053393,1.908925857583774,0.7646100951743611,0.23861637819764678,-2.4440259283851318,-2.726080176945197,2.142086218799816,-1.9877078940336506,-3.1584210664754977,2.3501291638091497,0.8106045397132646,1.7656350566721088,2.283269708134789,-2.3893949424427903,-0.4133657457104812,1.0635516469113329,-0.4302607227346959,0.64201156597984,2.2188611099987936,-0.08129234858683371,-1.257901137737572,1.8320594216760344,-2.47128903391501,1.2742699740631056,-0.6759899868162877,-1.6595545872806214,1.6972368731501482,0.1091295147736612
1.6589118572552763,0.7964463683648679,2.4389702295814333,-1.1331738675708327,1.392133223412112,0.4825454334113845,1.7491754056868476,-2.33561046164034,-4.307594426390256,3.2240489729985247,-1.7934665899552305,-0.28354949907578786,-6.533224969461751,-1.2591874673077759,3.3143734788866035,-1.5368526801746885,0.790112219127704,1.1668439894608729,-0.35286540288928353,0.31712527660733575,-1.5970211871566364,1.2870654400232595,-1.3931938340158143,-0.3544005744904385,2.698098353271558,-3.3942340074376767,3.6819062773122706,-4.024918822484453,-1.1392098655019154,-1.676003351799206,-1.2450798451755665,-0.12367369413184663,6.0064529713120205,3.173192232214844,-1.9877078940336506,4.077401896578976,2.2941918402028962,-1.8243709915595443,-0.47592032597994,-1.4481182671523605,-0.6710731166215806,5.736879066360208,0.061052009721166166,-1.5000409669852632,0.8520294441755584,-0.1802548298355306,-0.8829827920231206,-0.7618165437099952,0.7350271802161953,-1.4192515875096368,5.277501511936714,-1.3138074604227723,0.5333544977325434,2.251330547345503,-2.462573083233376,0.5564739939192634
