V1,V2,V3,V4,V5,V6,V7,V8,V9,V10,V11,V12,V13,V14,V15,V16,V17,V18,V19,V20,V21,V22,V23,V24,V25,V26,V27,V28,V29,V30,V31,V32,V33,V34,V35,V36,V37,V38,V39,V40,V41,V42,V43,V44,V45,V46,V47,V48,V49,V50,V51,V52,V53,V54,V55,V56
0.7063260975622224,0.05995499207150225,-0.7949780903605392,1.1664700955166662,0.39670886893609214,0.004392603381786245,-0.7047645730222055,0.5635622280984098,-0.7116798186473348,0.2644699945220145,-0.09975425491391511,-0.9493449190561057,-0.6837926432390248,-0.19666573137859505,0.012751669903363485,0.8764829776056657,-0.26293322164910055,0.23170704601017605,-0.8985850141936139,-0.8644202999750017,-0.03695888008329785,-0.821304999073646,0.15907190561983056,-0.7350195931242344,0.7684507724908434,-0.4597495788016675,0.6247968512279584,-0.4669003250409445,-0.19547169058002759,0.051412909649122915,-0.40223597649844844,0.2976304131321433,-0.06871967572912636,-0.27439594200904904,-0.10842240644736598,-0.13000275777438972,-0.013255239380841296,0.39267025519180204,-0.36334515970608194,0.6747211090586877,0.8996622309086763,-0.4907544799981696,0.7706313436223104,0.11237072336795935,0.33528145853807595,-1.1803379259877282,0.46829161732264357,-0.7985299045620705,-0.41584267033515243,0.7862749199171565,0.25769613874995584,-0.7142444959364639,-0.7119759027344319,0.16524391449646236,-0.4004549193371182,-0.08576643227922019
0.05995499207150225,0.8402511364008695,-0.49184766702863514,-1.81401211057433,-0.22290238174677574,-0.265960555233396,1.813422068852043,1.382706928820383,-0.2881896732049568,0.09468404838959127,-3.1540156257744965,1.6118626178493773,0.031141163337182476,-1.5602559368428266,0.40410488523562255,-2.09290957277564,-0.15695789239982474,1.0732222809822227,0.5263795185638062,-1.448528800609408,-0.6429193830854328,1.0392050425199484,-0.4324977651540908,2.116014942707665,-0.9030578875600936,2.153228865804829,-0.7796698196912757,-0.09542249703342125,-0.6294148651702226,-0.7647030050735311,1.9248486590013494,1.8175915344732585,-1.3417452116240867,-1.885223198808918,-0.736833786820815,1.1245604152863347,2.4644293428398885,1.8868136181608217,0.6297090597879145,-0.37578504880276653,1.6769784265787566,-1.6129278624529668,0.35801888356653755,-0.13076563885010042,-0.094399095808375,-1.8739009633048325,0.908795587742901,1.4022875551353773,-0.6648533375662586,-1.5236059943463167,-0.08452935141715306,-0.8099774782592235,-0.1410749014293403,-0.39970474682842894,0.9337887129411877,-0.8028734717526336
-0.7949780903605392,-0.49184766702863514,1.143316881948914,-0.37195668455330927,-0.3395295073008154,0.10920370812255079,-0.12214634827061656,-1.3182050123737823,0.9291743965262189,-0.3377850529829835,1.7204020967205924,0.2577405424506788,0.7404624176617632,1.011060673591,-0.2608565560400667,0.09515299663319332,0.35973023408781735,-0.8149596781340785,0.7492332422409606,1.6908641819909342,0.3521084131200981,0.39917688099942494,0.006509578271308163,-0.21830334482293323,-0.36874505896071247,-0.5977280815737432,-0.3225046704742976,0.572360816595947,0.5004478932704031,0.3549046884720765,-0.48575670465486726,-1.2407459873282587,0.7407939685222947,1.241666756940034,0.4802185087486208,-0.4445647132992618,-1.1932958623376693,-1.3976641954969435,0.07189980975774601,-0.544682366881401,-1.8279211303403442,1.369499711688419,-1.0612656669450031,-0.07491765482357857,-0.3218930033705174,2.214704597593831,-0.9609964507704287,0.21211488620507887,0.823581693603061,-0.10907939243903303,-0.23400550976416082,1.1979875549476473,0.8533356311689132,-0.034877506795424104,-0.006849872434948953,0.495588672233712
1.1664700955166662,-1.81401211057433,-0.37195668455330927,6.383990097030156,1.2861516345118886,0.6431944352316684,-5.536596053744196,-2.1286824733606546,-0.6461127236439047,0.2841256672016053,7.053298554644114,-5.547871158114341,-1.3340595293426523,3.19602279347342,-0.8456169607991195,6.456494673780529,-0.12239294645241924,-2.003907799320212,-2.935885183829584,1.7270693804825297,1.4310132218973581,-3.9563320251512892,1.3410901894817249,-6.335171956745538,3.4737179511240663,-5.815473085013462,3.0203375279146636,-0.6511163129488592,1.1499313608216528,1.824718558795695,-5.264761637090979,-3.6463187402650568,2.9761846494657025,3.8495921801280675,1.507920785456483,-2.7804895861927243,-5.7459884931995235,-3.586183771058072,-2.123957111959425,2.1073042481344686,-2.2100493036658446,2.7521128333117137,0.6582804856514896,0.5555470415381825,0.8509257341274689,2.1665719184899705,-1.2435563008921702,-4.7984090881564345,0.710588722514391,5.019890376066743,0.6679123872388103,0.5395319735996242,-0.9954687969361513,1.3297113802106462,-2.9274788681009603,1.7058214068363242
0.39670886893609214,-0.22290238174677574,-0.3395295073008154,1.2861516345118886,0.32874352864819506,0.10135271891861045,-1.0197733572534635,-0.09363139785984434,-0.32860312380931583,0.13345111800563098,0.9131239308068738,-1.1154584900821953,-0.4153380839207062,0.35447982682422036,-0.07820983033529436,1.1838467900613323,-0.10409591883238704,-0.17587465610178835,-0.735661522195577,-0.06533403397531252,0.1929921246725504,-0.8389281163064058,0.26541497568145334,-1.1607413612432451,0.7212529394435566,-0.9476517179014354,0.6573029692478386,-0.25381803846082873,0.11999699501175508,0.2484465359698531,-0.8964283523112377,-0.3997952132238148,0.3899795136677795,0.44002262921960905,0.1757270310436845,-0.40046606657700423,-0.8137258509871793,-0.3397762244622223,-0.41140848320334616,0.5127006935999462,-4.4469894771713685e-4,0.18575352748032606,0.38127781625732055,0.13420139887162447,0.23445318040054336,-0.08690815428009596,-0.018622413526011888,-0.9706179948880593,-0.07126606543308023,0.9755419269505525,0.17662796923481136,-0.17217513918367053,-0.3790351126178474,0.28946052328455735,-0.5552322154391995,0.20963282566250546
0.004392603381786245,-0.265960555233396,0.10920370812255079,0.6431944352316684,0.10135271891861045,0.1205978368733747,-0.6182535770479483,-0.40323722805737877,0.043113477081550076,-0.008140529174420907,0.9694636918348108,-0.5778694737975865,-0.048013094495846634,0.46415673853269884,-0.11290983688005045,0.7089528985317085,0.05239995159606181,-0.3081554084563297,-0.23152687757445736,0.4120260248031618,0.20738295872243753,-0.38510527906592285,0.14229103944575258,-0.7325113938561207,0.3103112851917028,-0.7073516559351373,0.2910180072998895,0.002702222102470167,0.20627654662882147,0.2354266832621304,-0.6591486716865071,-0.5625128977501366,0.41524058382257956,0.5865136939381597,0.21904449410572344,-0.35454655023950465,-0.7792272111796443,-0.5606203448182792,-0.20274379721733152,0.17108429049380522,-0.49058307444777843,0.4572648354786202,-0.06069196248313484,0.06201877851112419,0.06542479120534497,0.53506233976612,-0.2787016261388342,-0.4937593720621855,0.17392081512165686,0.5323009388676362,0.02625232137540959,0.2195513279926177,-0.005460795405344892,0.1474189087751649,-0.3168491745672749,0.24759006761281452
-0.7047645730222055,1.813422068852043,-0.12214634827061656,-5.536596053744196,-1.0197733572534635,-0.6182535770479483,5.015602955520125,2.4517821263244475,0.17279355142827474,-0.10553684296160835,-6.994487544406964,4.869171999490866,0.8762236957079387,-3.2701274663107065,0.8068319712965479,-5.786685012211345,-0.037274848304946914,2.108524414912832,2.3302919569316503,-2.2348416331388576,-1.4375035588434004,3.383792046296186,-1.2548631689054883,5.783911107935656,-2.915287009524652,5.405822075031611,-2.594438218028423,0.34833640572412505,-1.2662191695176555,-1.7422756176570648,4.9310546043213535,3.7662807784014185,-2.9831109640964297,-3.954725858986687,-1.5731596564471768,2.6297905069682668,5.677127513626541,3.7680406789075485,1.8671107299866085,-1.616490292526463,2.739201430797645,-3.013562953061954,-0.18357769514571043,-0.4803355578134983,-0.61143949915176,-2.8995304538001623,1.5142948301597945,4.248141021886642,-0.9402647716631618,-4.445170392513758,-0.4992647245410044,-0.9775064461229694,0.5143440852160309,-1.2525944955624206,2.6446785713702976,-1.7436070305556866
0.5635622280984098,1.382706928820383,-1.3182050123737823,-2.1286824733606546,-0.09363139785984434,-0.40323722805737877,2.4517821263244475,2.610061688661006,-0.9598062580630161,0.3387210664122419,-5.153587882492786,1.9566645611478592,-0.4152656946087667,-2.653436757354945,0.6412077078827618,-2.773012234923214,-0.4209324247402553,1.88599453796866,0.24093324985662956,-2.912086001495172,-1.0654130461360665,1.122392865264073,-0.621249858964642,2.916744990202606,-0.9316560612646303,3.138622753696745,-0.8467566409736912,-0.46938359193279405,-1.1514599527759986,-1.1871228915170857,2.8298430084914092,3.1233210845756587,-2.2173985926214277,-3.225039199314682,-1.279654512233161,1.7082095020168575,3.985814867005415,3.3036450754130096,0.7809019560313013,-0.11872708040520599,3.305203489383217,-2.937336462762546,1.0836398987926088,-0.1313858948189859,0.09445663964807285,-3.8359132543503627,1.7666034719028147,1.7445904116971613,-1.3384149523718105,-1.9245210230760952,0.026654888850567507,-1.7866105308888758,-0.725367413503421,-0.566759928117482,1.2466731796565331,-1.3615775160600556
-0.7116798186473348,-0.2881896732049568,0.9291743965262189,-0.6461127236439047,-0.32860312380931583,0.043113477081550076,0.17279355142827474,-0.9598062580630161,0.8163567696469387,-0.29578168107383623,1.0073146183393282,0.478838010460695,0.6870909514735066,0.6432298366711467,-0.11184216347768709,-0.28399724889166966,0.2924907078316872,-0.5367730668154774,0.7456173684758153,1.2783817390356884,0.2231886120118688,0.5228300813792721,-0.00873748988044621,0.1173297406673748,-0.5176278824742594,-0.14585269444101762,-0.3856051068855707,0.5001518040149163,0.38373623541018,0.15907376362798023,-0.14822535385755728,-0.8130908394669689,0.4606271239664921,0.8114439514591824,0.33778797470785094,-0.16794872221626309,-0.7111204096908517,-0.9297703569664504,0.16613671791946694,-0.6004364843358485,-1.3786967792996232,0.9512861551878969,-0.8627804437667677,-0.0711607419893162,-0.32534338831485915,1.7359010307238174,-0.7176009571824132,0.36893186458802013,0.5953818025615807,-0.34224936457950034,-0.2210702213669266,0.9478454923271015,0.7723117844825423,-0.011697399120571881,0.12305164700206027,0.3288393989455316
0.2644699945220145,0.09468404838959127,-0.3377850529829835,0.2841256672016053,0.13345111800563098,-0.008140529174420907,-0.10553684296160835,0.3387210664122419,-0.29578168107383623,0.11551375684956042,-0.3297497779341147,-0.2221297562813935,-0.25036257414245766,-0.2277354273472697,0.03817722603321705,0.14381673196349196,-0.10772818233410017,0.19105371611057928,-0.2969447559498281,-0.44899716152566255,-0.07160603299328615,-0.21547004502885259,0.007756150847549062,-0.09744296288742096,0.20212403698466566,0.00762319750624536,0.16767761920289845,-0.18103238249316264,-0.12283103493335522,-0.04744972881734258,0.011287680756978965,0.2707132853595666,-0.1525510599750726,-0.27213236629453463,-0.11700766892794419,0.05542473750895541,0.2282396130172162,0.3229524683366568,-0.07361633470869126,0.23302893784197917,0.4817702643513577,-0.34475561190155796,0.31866421732392436,0.040457016463332655,0.13044040096139922,-0.6147787337082207,0.2469858663560994,-0.17196398625721945,-0.21495569043281598,0.16582534143623132,0.0825916576383841,-0.3372606098381503,-0.2872111473650266,0.023152564300838063,-0.06087170888734802,-0.10632158334748908
-0.09975425491391511,-3.1540156257744965,1.7204020967205924,7.053298554644114,0.9131239308068738,0.9694636918348108,-6.994487544406964,-5.153587882492786,1.0073146183393282,-0.3297497779341147,11.952685239996814,-6.2616614352852125,-0.22074049627921252,5.896624562423213,-1.4989073505338237,8.061961173682986,0.5389445257526464,-4.034776305803142,-2.1354964581550933,5.348276107124452,2.4393686082088095,-4.073510411410544,1.720540031427836,-8.148569358527432,3.5386823719642813,-8.203284437901441,3.0768266460725586,0.2895546407602745,2.371475769867792,2.8913887515054766,-7.370193836227482,-6.839920395506154,5.093410644103142,7.113588852379203,2.805405178313587,-4.257240844401025,-9.385544364145925,-7.089320013934524,-2.4634968673433426,1.4799842447174498,-6.212300737593587,6.0497065366005085,-1.2118266284217174,0.5109534570890467,0.3763811019860605,6.952510416526594,-3.3480984404457734,-5.485459740676362,2.432877830652269,5.9053280767756915,0.3801743062222611,2.9575173188429975,0.4515667388905509,1.5999251030182238,-3.6250885527198213,3.0458750844689066
-0.9493449190561057,1.6118626178493773,0.2577405424506788,-5.547871158114341,-1.1154584900821953,-0.5778694737975865,4.869171999490866,1.9566645611478592,0.478838010460695,-0.2221297562813935,-6.2616614352852125,4.85890867303493,1.1002466520797236,-2.8498009294039157,0.7031910507008311,-5.631112366793795,0.08040798732402323,1.7852906232253294,2.5359360181896946,-1.6285010962194815,-1.2894601558109307,3.441994753110537,-1.2171742636918628,5.59794780846286,-2.96991117297805,5.100165084161931,-2.6499530381047345,0.52922950475961406,-1.0815128256108557,-1.5868548752724254,4.673828444069585,3.2764157399828857,-2.6675788987315716,-3.4572297701048913,-1.3702665467252597,2.4197014064379654,5.147706447206831,3.2148294471168266,1.8452161420719797,-1.772264775723548,2.077843268433988,-2.4795751671554402,-0.5319687549616976,-0.5044702406002909,-0.7148791846178119,-2.0984649875971906,1.1703282672255906,4.22826708543266,-0.6455663836409392,-4.392188671924822,-0.5614218202824791,-0.5611871764985767,0.7919545337234379,-1.2392183643671872,2.5816594339175367,-1.538654621549738
-0.6837926432390248,0.031141163337182476,0.7404624176617632,-1.3340595293426523,-0.4153380839207062,-0.048013094495846634,0.8762236957079387,-0.4152656946087667,0.6870909514735066,-0.25036257414245766,-0.22074049627921252,1.1002466520797236,0.6936999079549282,0.028821675945212025,0.023139739396461786,-1.0830497459783583,0.2342686722274563,-0.11751717001791716,0.9455462072838443,0.7116612884684058,-0.03357065679140313,0.9220611574892514,-0.20620368893460422,0.9440334617274476,-0.8544294673555414,0.6695333879922654,-0.6953276420304791,0.4623407426280155,0.1230253418562285,-0.1250784285342058,0.6079411546536174,-0.1028179028838839,-0.07411153546882034,0.07044045643962338,0.03860228120986065,0.25569234233046606,0.2736862105213749,-0.19481387340297662,0.409699272254013,-0.7195071774458764,-0.7164025442637193,0.31258537317027013,-0.7324450566308771,-0.12292093642297072,-0.3450142577656501,0.9762012390807032,-0.36446305337932,0.9307706142822271,0.34606974952508934,-0.929946944237347,-0.256168770123619,0.6272131878640324,0.698960299568365,-0.20020549531406118,0.497442749473102,0.010990616542084736
-0.19666573137859505,-1.5602559368428266,1.011060673591,3.19602279347342,0.35447982682422036,0.46415673853269884,-3.2701274663107065,-2.653436757354945,0.6432298366711467,-0.2277354273472697,5.896624562423213,-2.8498009294039157,0.028821675945212025,2.9554036258234797,-0.7399091162768423,3.764802977881836,0.31859318812832876,-2.0410680362065774,-0.8432657689964699,2.801595830532814,1.2039145952557326,-1.8205531988900843,0.8187305104025683,-3.8180168851890635,1.5809812524263653,-3.911235511159799,1.3645101350290068,0.23621596237931083,1.1919840649413334,1.4078712379790028,-3.5133368719034914,-3.414953519261517,2.5200209388814656,3.5478426790959037,1.4065947346265317,-2.0744245825291356,-4.611949094205141,-3.572483577287025,-1.1326492231024314,0.5747567528691473,-3.231908759544854,3.096317436286027,-0.7602976975718039,0.211414299205185,0.10077121362264577,3.6612919468419967,-1.7325255166816784,-2.511118957960789,1.2863538390363929,2.7150679123649972,0.13587114595940133,1.5980551763345405,0.3773357335669996,0.7384229033288942,-1.696800519254255,1.5105735106459446
0.012751669903363485,0.40410488523562255,-0.2608565560400667,-0.8456169607991195,-0.07820983033529436,-0.11290983688005045,0.8068319712965479,0.6412077078827618,-0.11184216347768709,0.03817722603321705,-1.4989073505338237,0.7031910507008311,0.023139739396461786,-0.7399091162768423,0.2742889308946012,-0.9930734364008985,-0.07178554760981301,0.5327351339768235,0.20424038994692803,-0.6852931988735104,-0.2765547846749488,0.4543067389691455,-0.12262233691481933,0.9115472782090169,-0.4704492234899572,1.0425353748087547,-0.30782157136769595,-0.05346990548497378,-0.23248809284415112,-0.4072051805334813,0.8317060682811537,0.8438835943990445,-0.597954635455802,-0.8665169155082983,-0.31097357800651176,0.5799160734256577,1.0728390997798516,0.9039143256223168,0.2989163486455442,-0.21907101669473578,0.763264844794303,-0.7787011579030599,0.2252573397724293,-0.027816421769351563,-0.05589432460957871,-0.8042800787408638,0.40625030653038674,0.5679253310071556,-0.36595396775548356,-0.6858740807728666,-0.044379082668258664,-0.3780374819290413,-0.04367792500235009,-0.06270514108325052,0.39094101432472306,-0.3552547179897177
0.8764829776056657,-2.09290957277564,0.09515299663319332,6.456494673780529,1.1838467900613323,0.7089528985317085,-5.786685012211345,-2.773012234923214,-0.28399724889166966,0.14381673196349196,8.061961173682986,-5.631112366793795,-1.0830497459783583,3.764802977881836,-0.9930734364008985,6.743356303292868,0.026644520774639007,-2.4385353664172333,-2.7197214307704045,2.5037157475668024,1.6354501221310207,-3.9345649823771582,1.4016518606842385,-6.648099919610561,3.462155514347779,-6.2787464531023875,2.9878319246389085,-0.44080803424407977,1.3945705254003216,2.0467008065130927,-5.660397467261506,-4.3095469006895835,3.408688129307137,4.527774029435683,1.772271127219394,-3.091889089632272,-6.4787064125154465,-4.3251303025694785,-2.1727662970066537,1.9554874428608893,-3.0623211863247595,3.462313393591723,0.2322071003831524,0.5286748104974823,0.7364751413938717,3.1855968924222777,-1.6892286171483117,-4.881627207270504,1.0906716046015916,5.151183677207735,0.5972975501851128,1.0640425335503958,-0.6714710713115524,1.3517548027927258,-3.04542418070671,1.9762522670126619
-0.26293322164910055,-0.15695789239982474,0.35973023408781735,-0.12239294645241924,-0.10409591883238704,0.05239995159606181,-0.037274848304946914,-0.4209324247402553,0.2924907078316872,-0.10772818233410017,0.5389445257526464,0.08040798732402323,0.2342686722274563,0.31859318812832876,-0.07178554760981301,0.026644520774639007,0.126825158397807,-0.2523741430466669,0.23486693482224938,0.5393331891461903,0.11773590824551024,0.1221022606304387,0.009605018604174875,-0.07661972430598704,-0.12666049326278575,-0.1819361396180627,-0.09758013491773931,0.18026922424781716,0.16992058453845996,0.10607447551315904,-0.1714219170370929,-0.3977429749470618,0.2355993819941578,0.40549822854993944,0.15395675032620562,-0.1386923709951016,-0.38643333609713476,-0.4407716251812959,0.032459133255495785,-0.17242553907998098,-0.5884240372141664,0.4302343468498691,-0.33122188373475703,-0.020731439624362982,-0.10073149194330597,0.7187018391413343,-0.31209474919374763,0.06290659077743198,0.2523123467854222,-0.036089911428539775,-0.08050535179085591,0.3842041875239393,0.27039408131427484,-0.0020535633333113538,-0.0049117791359032026,0.15756915484687956
0.23170704601017605,1.0732222809822227,-0.8149596781340785,-2.003907799320212,-0.17587465610178835,-0.3081554084563297,2.108524414912832,1.88599453796866,-0.5367730668154774,0.19105371611057928,-4.034776305803142,1.7852906232253294,-0.11751717001791716,-2.0410680362065774,0.5327351339768235,-2.4385353664172333,-0.2523741430466669,1.4342006039991149,0.4301335104163474,-2.037269388245606,-0.8173296892490425,1.104691730852521,-0.5097230910079508,2.4687911463190155,-0.9794282074153969,2.6079600027039715,-0.8205782654152612,-0.2316448693853098,-0.8242960599561431,-0.9663875303711806,2.3131184058661685,2.3682721388985875,-1.7166467588750176,-2.451966977244822,-0.9599569807438944,1.4080726355498148,3.1108301962960727,2.4945757876595525,0.7183907450009265,-0.3058446550863682,2.326552979052332,-2.1884496617148232,0.6485214049251069,-0.11821556325652453,-0.022269859128972655,-2.6427246676479523,1.2423384579202268,1.5669471074267332,-0.9546195565054835,-1.7254951787342319,-0.056850654128192006,-1.1935896296593087,-0.35503944545819816,-0.4428172005408624,1.0824035448596272,-1.0327138831737266
-0.8985850141936139,0.5263795185638062,0.7492332422409606,-2.935885183829584,-0.735661522195577,-0.23152687757445736,2.3302919569316503,0.24093324985662956,0.7456173684758153,-0.2969447559498281,-2.1354964581550933,2.5359360181896946,0.9455462072838443,-0.8432657689964699,0.20424038994692803,-2.7197214307704045,0.23486693482224938,0.4301335104163474,1.6615053988510478,0.12127329249342413,-0.44153008657362036,1.911451520705034,-0.588772568908488,2.6407565054213094,-1.660288152911337,2.188334767541172,-1.4803518241779643,0.5733551603839329,-0.26216656481684525,-0.586742933263398,2.038316344846245,0.9362752936967471,-0.9058656826512604,-1.0210931411373139,-0.40598601206155177,0.9466270047314066,1.8758319227996942,0.8145155934285145,0.943440420026494,-1.1768541432066564,0.026042980740282818,-0.46549916160316684,-0.8413203435798436,-0.29367180315504965,-0.5341960460687054,0.18113861826149308,0.05647782290553815,2.1951303833059126,0.13151571626690964,-2.2231748385537045,-0.40002293585062,0.3777383493355698,0.8600753638111999,-0.6281197214920066,1.2644631753739948,-0.4840435513216261
-0.8644202999750017,-1.448528800609408,1.6908641819909342,1.7270693804825297,-0.06533403397531252,0.4120260248031618,-2.2348416331388576,-2.912086001495172,1.2783817390356884,-0.44899716152566255,5.348276107124452,-1.6285010962194815,0.7116612884684058,2.801595830532814,-0.6852931988735104,2.5037157475668024,0.5393331891461903,-2.037269388245606,0.12127329249342413,3.3586929673429937,1.1064720441742,-0.8135806991608824,0.5520099832658686,-2.700974259907734,0.652591756343464,-3.0636164690969028,0.6124703187768464,0.6810464433665302,1.2609669341413166,1.214100910789711,-2.7452248013096234,-3.340140057004109,2.3006983652018906,3.430729599210448,1.3494803821839516,-1.7079090190128283,-4.072950281573442,-3.5604130321187366,-0.6584355231002961,-0.14078309300116343,-3.7710223429449754,3.215684811502943,-1.4432974611297773,0.09221133201036268,-0.22532804830836783,4.416015087323207,-2.009974696812044,-1.4584084334914045,1.5588799229401042,1.6660089668243567,-0.13202566082866976,2.1350926414168083,1.0317050381940045,0.49619807709408864,-1.1070953180731748,1.434402634110059
-0.03695888008329785,-0.6429193830854328,0.3521084131200981,1.4310132218973581,0.1929921246725504,0.20738295872243753,-1.4375035588434004,-1.0654130461360665,0.2231886120118688,-0.07160603299328615,2.4393686082088095,-1.2894601558109307,-0.03357065679140313,1.2039145952557326,-0.2765547846749488,1.6354501221310207,0.11773590824551024,-0.8173296892490425,-0.44153008657362036,1.1064720441742,0.5111639673850265,-0.8339695078707718,0.37920906049788805,-1.689593823567113,0.6967752540627834,-1.6629772593129357,0.6444381712421466,0.06233002237704621,0.5140153281033448,0.5740462846237295,-1.5347598536294491,-1.4090624766120634,1.053542112412317,1.4711677579354283,0.5860018922074258,-0.8508727780648432,-1.9504466573029042,-1.448227366837474,-0.49484380805065864,0.2811369271906183,-1.2948613319461968,1.2361024664410072,-0.23769972408779114,0.11568338891076149,0.06953718320874663,1.4691003685709287,-0.7001670615093777,-1.1457245186422627,0.48261125924036913,1.209727287136042,0.0714834651847085,0.6183773288633482,0.10889736721113229,0.3711861159734751,-0.7532748296312296,0.6317342542760254
-0.821304999073646,1.0392050425199484,0.39917688099942494,-3.9563320251512892,-0.8389281163064058,-0.38510527906592285,3.383792046296186,1.122392865264073,0.5228300813792721,-0.21547004502885259,-4.073510411410544,3.441994753110537,0.9220611574892514,-1.8205531988900843,0.4543067389691455,-3.9345649823771582,0.1221022606304387,1.104691730852521,1.911451520705034,-0.8135806991608824,-0.8339695078707718,2.4937011016057355,-0.8459570228707023,3.8634382491671153,-2.16473557228719,3.4579905576848167,-1.9066183886160064,0.4833436811130172,-0.6445197593517153,-1.0515510987651837,3.169005009346805,2.0562674420745632,-1.7288411279456242,-2.184379180633683,-0.8712833332714135,1.6294813449831957,3.3806214902420875,1.9964551105803037,1.3101311249832028,-1.3517370325896294,1.0985185888065991,-1.4900234653101474,-0.5705206043961822,-0.35458895267452345,-0.5606781888934584,-1.0360826109170969,0.6288405683170437,2.988989502399329,-0.302135148380717,-3.0913431680180135,-0.4398045692981042,-0.15878984393266216,0.7230512718871888,-0.8505974382715734,1.8057636340719696,-0.9826659782961521
0.15907190561983056,-0.4324977651540908,0.006509578271308163,1.3410901894817249,0.26541497568145334,0.14229103944575258,-1.2548631689054883,-0.621249858964642,-0.00873748988044621,0.007756150847549062,1.720540031427836,-1.2171742636918628,-0.20620368893460422,0.8187305104025683,-0.12262233691481933,1.4016518606842385,0.009605018604174875,-0.5097230910079508,-0.588772568908488,0.5520099832658686,0.37920906049788805,-0.8459570228707023,0.3989299929471278,-1.4703505283721983,0.6779653075783068,-1.2805941923098196,0.6799375871460525,-0.09182189615121374,0.36524803741346756,0.3853174630322274,-1.2653124057439287,-0.9376019698893956,0.7712042286498759,1.0033191137435227,0.4296282970059831,-0.6060145079673678,-1.4859547994826934,-0.9252457509511148,-0.4571768039413773,0.33491670973882687,-0.7011692908936411,0.755235572066071,0.08854869502099713,0.13153699162011842,0.1154139298315116,0.8043444214543141,-0.38083702681340315,-1.1195010488813528,0.1880066044143443,1.1003743778314734,0.1260178195261187,0.25054293198530403,-0.08741204993772879,0.4203101036836968,-0.6958265331154061,0.4494908291855793
-0.7350195931242344,2.116014942707665,-0.21830334482293323,-6.335171956745538,-1.1607413612432451,-0.7325113938561207,5.783911107935656,2.916744990202606,0.1173297406673748,-0.09744296288742096,-8.148569358527432,5.59794780846286,0.9440334617274476,-3.8180168851890635,0.9115472782090169,-6.648099919610561,-0.07661972430598704,2.4687911463190155,2.6407565054213094,-2.700974259907734,-1.689593823567113,3.8634382491671153,-1.4703505283721983,6.704015887123497,-3.296131757877424,6.247606021784642,-2.982258438274618,0.3588027080383286,-1.533853991971852,-2.00797423509702,5.747408875363883,4.433877268212564,-3.4930574587764167,-4.6542572901687365,-1.8467601158549452,3.0285250408416164,6.6371777772988425,4.420964273170625,2.1283705668190542,-1.8053062061124308,3.3059397244627062,-3.5493706327931736,-0.15270451826214065,-0.5682177780382941,-0.6786435402024341,-3.5349678599985404,1.8299139087417804,4.901324412511725,-1.1203590857287848,-5.112662260650229,-0.5480983320098343,-1.2214836206977269,0.5190026588986291,-1.4912880085378875,3.054619977086214,-2.0440874346870674
0.7684507724908434,-0.9030578875600936,-0.36874505896071247,3.4737179511240663,0.7212529394435566,0.3103112851917028,-2.915287009524652,-0.9316560612646303,-0.5176278824742594,0.20212403698466566,3.5386823719642813,-2.96991117297805,-0.8544294673555414,1.5809812524263653,-0.4704492234899572,3.462155514347779,-0.12666049326278575,-0.9794282074153969,-1.660288152911337,0.652591756343464,0.6967752540627834,-2.16473557228719,0.6779653075783068,-3.296131757877424,1.970120192404509,-3.037580362188393,1.6273275708045636,-0.44507257439736664,0.48596186371570094,0.9560946353976341,-2.69328163750083,-1.752788103297809,1.4675331995789223,1.8618542704978704,0.7150206545537247,-1.47360524372423,-2.853291706945616,-1.7256481628070723,-1.1547863682885051,1.244546557428595,-0.8708767778608835,1.3011178856855519,0.4873922268644657,0.2725516407513006,0.503961967653887,0.7574480863592552,-0.4906739856221301,-2.5474325740901276,0.28857542196926406,2.6833042412317796,0.40436976642444056,0.09078526098971317,-0.6852194668026934,0.6282965485165988,-1.5478136449784397,0.8182242088552519
-0.4597495788016675,2.153228865804829,-0.5977280815737432,-5.815473085013462,-0.9476517179014354,-0.7073516559351373,5.405822075031611,3.138622753696745,-0.14585269444101762,0.00762319750624536,-8.203284437901441,5.100165084161931,0.6695333879922654,-3.911235511159799,1.0425353748087547,-6.2787464531023875,-0.1819361396180627,2.6079600027039715,2.188334767541172,-3.0636164690969028,-1.6629772593129357,3.4579905576848167,-1.2805941923098196,6.247606021784642,-3.037580362188393,6.083783541810621,-2.6203228126112124,0.15071222325240227,-1.510348857373594,-2.0540761828668828,5.446930761916819,4.531439815467258,-3.46867910024091,-4.726933625213326,-1.8390053801323978,3.050610783758755,6.494886594688501,4.608322460159908,1.976272343757904,-1.5797168082906827,3.6375159453360473,-3.788666562163054,0.2595218089199387,-0.46395440729064313,-0.5505770819908988,-3.9084789378018825,1.9903959366701145,4.41382495117455,-1.3763047015784102,-4.720864260873354,-0.44656884624608134,-1.5132502565309576,0.2511394945698766,-1.22545093007791,2.8096124580563977,-2.0428484632767243
0.6247968512279584,-0.7796698196912757,-0.3225046704742976,3.0203375279146636,0.6573029692478386,0.2910180072998895,-2.594438218028423,-0.8467566409736912,-0.3856051068855707,0.16767761920289845,3.0768266460725586,-2.6499530381047345,-0.6953276420304791,1.3645101350290068,-0.30782157136769595,2.9878319246389085,-0.09758013491773931,-0.8205782654152612,-1.4803518241779643,0.6124703187768464,0.6444381712421466,-1.9066183886160064,0.6799375871460525,-2.982258438274618,1.6273275708045636,-2.6203228126112124,1.485843470667628,-0.3709259348522987,0.524300101568296,0.777860142715008,-2.4472597640455995,-1.5641347391047866,1.3215971683363315,1.6680391808325996,0.6719372211269538,-1.2042793710304889,-2.594846760022558,-1.4977546134467135,-0.9967482865301632,1.0097274585612,-0.8402403576052023,1.110265644531062,0.46413886191137227,0.2906641529527141,0.4222625070318328,0.8137182851208916,-0.48200959738416643,-2.3232583620833362,0.20008784104645894,2.37149051369758,0.3369126162400511,0.12086373032652305,-0.5414377682744392,0.712385441761249,-1.3933894301019722,0.7544775750202417
-0.4669003250409445,-0.09542249703342125,0.572360816595947,-0.6511163129488592,-0.25381803846082873,0.002702222102470167,0.34833640572412505,-0.46938359193279405,0.5001518040149163,-0.18103238249316264,0.2895546407602745,0.52922950475961406,0.4623407426280155,0.23621596237931083,-0.05346990548497378,-0.44080803424407977,0.18026922424781716,-0.2316448693853098,0.5733551603839329,0.6810464433665302,0.06233002237704621,0.4833436811130172,-0.09182189615121374,0.3588027080383286,-0.44507257439736664,0.15071222325240227,-0.3709259348522987,0.32729677571876586,0.15981699053095125,0.029014135359273645,0.15580655277655428,-0.31846447846424,0.12979132615627734,0.30483583206676573,0.12227552278151256,0.009367009150874645,-0.14215288980175864,-0.3943318347407687,0.18896868491552368,-0.4274569895024188,-0.7108952079884066,0.4361364816684223,-0.5525526146812043,-0.07043309635146759,-0.21816375475920657,0.9055085525682119,-0.36694377594988475,0.44937863546037926,0.3333335629609738,-0.42171511149454954,-0.16037946030419334,0.534743064543368,0.48770190605156105,-0.1001701641510524,0.21499830945042578,0.11545854124787658
-0.19547169058002759,-0.6294148651702226,0.5004478932704031,1.1499313608216528,0.11999699501175508,0.20627654662882147,-1.2662191695176555,-1.1514599527759986,0.38373623541018,-0.12283103493335522,2.371475769867792,-1.0815128256108557,0.1230253418562285,1.1919840649413334,-0.23248809284415112,1.3945705254003216,0.16992058453845996,-0.8242960599561431,-0.26216656481684525,1.2609669341413166,0.5140153281033448,-0.6445197593517153,0.36524803741346756,-1.533853991971852,0.48596186371570094,-1.510348857373594,0.524300101568296,0.15981699053095125,0.5827331654985642,0.5242246475965476,-1.4485481617916374,-1.4414812384368831,1.0481138328831516,1.496298131464753,0.5980124147525281,-0.7639274103021836,-1.916882031634808,-1.4725261858793721,-0.39870644977400205,0.1136350972823417,-1.4658888970482062,1.2809003648237138,-0.36871210438618257,0.11520342256702745,-0.003274668290336872,1.7107917350958277,-0.7945487719577663,-0.9876599992576512,0.5324525453712257,1.027999881143441,0.009932052015788216,0.7573378371959776,0.26668830203244515,0.3897047524130812,-0.663807066715896,0.6387153829613396
0.051412909649122915,-0.7647030050735311,0.3549046884720765,1.824718558795695,0.2484465359698531,0.2354266832621304,-1.7422756176570648,-1.1871228915170857,0.15907376362798023,-0.04744972881734258,2.8913887515054766,-1.5868548752724254,-0.1250784285342058,1.4078712379790028,-0.4072051805334813,2.0467008065130927,0.10607447551315904,-0.9663875303711806,-0.586742933263398,1.214100910789711,0.5740462846237295,-1.0515510987651837,0.3853174630322274,-2.00797423509702,0.9560946353976341,-2.0540761828668828,0.777860142715008,0.029014135359273645,0.5242246475965476,0.7314546017504606,-1.7916774133855888,-1.6237419746314197,1.20768511852977,1.6863641312229791,0.6467298544537312,-1.0709067733041076,-2.2262472913876774,-1.6856086290355434,-0.6318537206494599,0.45367255885044566,-1.4050172793547693,1.4219516043768006,-0.24785776430328574,0.12086668260870917,0.1357989580314163,1.5257345142038823,-0.7578359853908576,-1.3595216499697227,0.5763268600907254,1.4957114599416306,0.11742532113730118,0.6452740878935185,0.02349979985443432,0.33645782018359033,-0.8909703801870111,0.7169983707081026
-0.40223597649844844,1.9248486590013494,-0.48575670465486726,-5.264761637090979,-0.8964283523112377,-0.6591486716865071,4.9310546043213535,2.8298430084914092,-0.14822535385755728,0.011287680756978965,-7.370193836227482,4.673828444069585,0.6079411546536174,-3.5133368719034914,0.8317060682811537,-5.660397467261506,-0.1714219170370929,2.3131184058661685,2.038316344846245,-2.7452248013096234,-1.5347598536294491,3.169005009346805,-1.2653124057439287,5.747408875363883,-2.69328163750083,5.446930761916819,-2.4472597640455995,0.15580655277655428,-1.4485481617916374,-1.7916774133855888,5.023568483645301,4.099869616854265,-3.1662238709140085,-4.297922423091678,-1.6961458867841879,2.6890295087264824,5.9620580756585255,4.124367794150491,1.7754318842498347,-1.382409642622377,3.3014687299420786,-3.3856067194033366,0.14754930424577362,-0.46054475324942024,-0.4831305236829707,-3.6098655329086493,1.8117516532402025,4.107176458906863,-1.162658745488599,-4.303060802061828,-0.39950549634928867,-1.3607152583415945,0.20925289117412726,-1.2665901949209957,2.599760017139956,-1.8636705788038677
0.2976304131321433,1.8175915344732585,-1.2407459873282587,-3.6463187402650568,-0.3997952132238148,-0.5625128977501366,3.7662807784014185,3.1233210845756587,-0.8130908394669689,0.2707132853595666,-6.839920395506154,3.2764157399828857,-0.1028179028838839,-3.414953519261517,0.8438835943990445,-4.3095469006895835,-0.3977429749470618,2.3682721388985875,0.9362752936967471,-3.340140057004109,-1.4090624766120634,2.0562674420745632,-0.9376019698893956,4.433877268212564,-1.752788103297809,4.531439815467258,-1.5641347391047866,-0.31846447846424,-1.4414812384368831,-1.6237419746314197,4.099869616854265,4.009205903558356,-2.9312538624020106,-4.156691831838721,-1.6318031316366333,2.3716662756601825,5.3568150944876685,4.163710091998152,1.278026693787441,-0.6236746437449836,3.8525633561825776,-3.598725837623377,0.9345175217896552,-0.2700445601047998,-0.11023330635307171,-4.369040092802975,2.0765578421102924,2.88503129832103,-1.5148740773482257,-3.121551108215821,-0.12591103095047618,-1.9270757072612217,-0.4918881627524412,-0.8847708933998805,1.9421419724396747,-1.7658581043148704
-0.06871967572912636,-1.3417452116240867,0.7407939685222947,2.9761846494657025,0.3899795136677795,0.41524058382257956,-2.9831109640964297,-2.2173985926214277,0.4606271239664921,-0.1525510599750726,5.093410644103142,-2.6675788987315716,-0.07411153546882034,2.5200209388814656,-0.597954635455802,3.408688129307137,0.2355993819941578,-1.7166467588750176,-0.9058656826512604,2.3006983652018906,1.053542112412317,-1.7288411279456242,0.7712042286498759,-3.4930574587764167,1.4675331995789223,-3.46867910024091,1.3215971683363315,0.12979132615627734,1.0481138328831516,1.20768511852977,-3.1662238709140085,-2.9312538624020106,2.192915331614287,3.0502516933516324,1.2152072562098823,-1.7890002001362424,-4.046370075391013,-3.026676664769184,-1.038170524236039,0.5916452753194527,-2.6853308066687878,2.5890835827083,-0.5091254403530838,0.2297599813895486,0.14351667563173623,3.0330018237614196,-1.4498342604938421,-2.361484361430721,1.0243602991087006,2.5098219056655977,0.15316561290774555,1.2807587146112571,0.22354650351292502,0.7391612624017704,-1.5602338968278466,1.3098629725417235
-0.27439594200904904,-1.885223198808918,1.241666756940034,3.8495921801280675,0.44002262921960905,0.5865136939381597,-3.954725858986687,-3.225039199314682,0.8114439514591824,-0.27213236629453463,7.113588852379203,-3.4572297701048913,0.07044045643962338,3.5478426790959037,-0.8665169155082983,4.527774029435683,0.40549822854993944,-2.451966977244822,-1.0210931411373139,3.430729599210448,1.4711677579354283,-2.184379180633683,1.0033191137435227,-4.6542572901687365,1.8618542704978704,-4.726933625213326,1.6680391808325996,0.30483583206676573,1.496298131464753,1.6863641312229791,-4.297922423091678,-4.156691831838721,3.0502516933516324,4.325366471126413,1.7027806257148679,-2.4714775769505306,-5.589991966581039,-4.3135092869265375,-1.3477929371149515,0.6719695974459655,-3.96494379493011,3.7264403972741613,-0.925242477304447,0.2825834152772176,0.12157859965078309,4.505115806039096,-2.132858381697248,-3.0560458560964774,1.5441587049359295,3.2861559393611244,0.14748181675917243,1.971630811310985,0.48180329473417655,0.9451325826861606,-2.049705285778507,1.8364381274250057
-0.10842240644736598,-0.736833786820815,0.4802185087486208,1.507920785456483,0.1757270310436845,0.21904449410572344,-1.5731596564471768,-1.279654512233161,0.33778797470785094,-0.11700766892794419,2.805405178313587,-1.3702665467252597,0.03860228120986065,1.4065947346265317,-0.31097357800651176,1.772271127219394,0.15395675032620562,-0.9599569807438944,-0.40598601206155177,1.3494803821839516,0.5860018922074258,-0.8712833332714135,0.4296282970059831,-1.8467601158549452,0.7150206545537247,-1.8390053801323978,0.6719372211269538,0.12227552278151256,0.5980124147525281,0.6467298544537312,-1.6961458867841879,-1.6318031316366333,1.2152072562098823,1.7027806257148679,0.6993704808196372,-0.9525910050545339,-2.2390422681225104,-1.7008563251392466,-0.5417132996560898,0.2283377302508659,-1.5657810897505344,1.469430296498756,-0.34932720230128617,0.11409415057122403,0.03130769486993595,1.8087330556170704,-0.8386674926198278,-1.2322974976864505,0.5911451913332599,1.2954869681868924,0.06351153554317673,0.7774644170544499,0.2107982708564278,0.4169552383738384,-0.8236654682721594,0.7396658057455482
-0.13000275777438972,1.1245604152863347,-0.4445647132992618,-2.7804895861927243,-0.40046606657700423,-0.35454655023950465,2.6297905069682668,1.7082095020168575,-0.16794872221626309,0.05542473750895541,-4.257240844401025,2.4197014064379654,0.25569234233046606,-2.0744245825291356,0.5799160734256577,-3.091889089632272,-0.1386923709951016,1.4080726355498148,0.9466270047314066,-1.7079090190128283,-0.8508727780648432,1.6294813449831957,-0.6060145079673678,3.0285250408416164,-1.47360524372423,3.050610783758755,-1.2042793710304889,0.009367009150874645,-0.7639274103021836,-1.0709067733041076,2.6890295087264824,2.3716662756601825,-1.7890002001362424,-2.4714775769505306,-0.9525910050545339,1.5961693934408618,3.3140887777493893,2.4557980550935006,0.9551437306963507,-0.7226733089405405,1.9959197127765798,-2.0703242452404886,0.28414637905481077,-0.1840484286582955,-0.2219135007169645,-2.16294029418176,1.0797591880145654,2.085237200796562,-0.8040668568899159,-2.268459223791183,-0.19226817532440568,-0.8851515544527335,0.025536548007906,-0.5268911736050794,1.3645467017575306,-1.0484099266855111
