V1,V2,V3,V4,V5,V6,V7,V8,V9,V10,V11,V12,V13,V14,V15,V16,V17,V18,V19,V20,V21,V22,V23,V24,V25,V26,V27,V28,V29,V30,V31,V32,V33,V34,V35,V36,V37,V38,V39,V40,V41,V42,V43,V44,V45,V46,V47,V48,V49,V50,V51,V52,V53,V54,V55,V56
0.22170263468210785,-0.14639659588287246,0.09595396181376606,0.2473703790194875,-0.13586604498728908,-0.0395934468446139,0.10972858916169344,0.009372828199854286,-0.3205956440491466,0.044574048254447655,0.42102833495530073,0.18112066297529078,-0.23365879625657318,0.23963663937867857,-0.6636364807067793,0.40450185361158736,-0.002358496949324348,-0.3002353749738037,0.1644595240920549,-0.015761121839317927,-0.1273454944381171,0.005519592951094498,-0.4942121389826263,0.3992363653959766,0.5932726064307899,-0.42129243352105944,-0.29952114251644646,-0.03995408577108085,-0.5073570816631175,0.43089710973171463,0.3358211087008452,-0.01241852543858907,-0.12569783837910986,0.016252003865942586,-0.17325381878733784,-0.5816459612583005,0.3687871232997956,-0.27389587293854045,-0.12718305483334555,0.4541455948198472,0.22077524400569903,0.3028012711682433,-0.322321038017011,-0.2976675132733842,0.1072491953333985,-0.5838961032211938,0.19034005502734683,0.4602356485946737,0.37605138547680206,-0.027392819821623893,0.09367624261179062,-0.0866583837824157,-0.2796478527558525,-0.9322467413663371,0.1882425724105742,-0.11643262518951568
-0.14639659588287246,0.5649902907247487,-0.39319957523717136,-1.0932529151825177,0.0487738801108693,-0.014484517963717643,0.8848897058130551,0.5829961964150886,0.11882170089842302,-0.02331999415512092,-1.74919372543027,0.7436871437034459,0.2326430452843621,-0.8935932532558869,0.6762152603346653,-1.2946923255092402,0.12391989399734336,0.7384459116947152,0.22799424661060672,-0.5787252724640128,-0.11494948766712093,0.4955186993087252,0.32601244531694173,0.7985617876254947,-0.8372298831708298,1.4640276473285745,-0.06454815482990368,0.03800556637361454,0.09566951010497514,-0.6539099765951745,0.5135200218214052,0.8717881611198299,-0.6287806950995192,-0.5531887672293346,-0.06316384869372094,0.9676455605314288,0.8710582194769391,1.049858161369111,0.3826852319105368,-0.6808025053937021,0.5728253186943123,-0.9185596010632295,0.38083665237654984,0.019732456296523204,-0.2932267565308419,-0.12200297679911386,0.40785873945559015,0.2667714840354561,-0.724544579401688,-0.7928807282604547,-0.03255050731797416,-0.17686936804552958,0.244420029147314,0.5278131192422184,0.31669093123843006,-0.22251574811277994
0.09595396181376606,-0.39319957523717136,0.3924373487226805,0.5837619592854035,-0.15640133936711412,-0.06315348131732865,-0.4242512448245597,-0.26340711715115095,-0.1378432037268652,0.049658925760188995,0.9580984258195169,-0.32177412839984154,-0.17552139893059154,0.5006976441980228,-0.5931036504110195,0.7147520404866882,-0.2086136191810625,-0.49224612629122455,-0.06406924294630109,0.27629307447607077,-0.08096880988132503,-0.17086349776673324,-0.5441854351521197,-0.2644276400415476,0.5337471100329305,-0.9769683163070835,-0.21689788057865939,-0.032480991974038795,-0.23417013408935156,0.46291890387477996,0.04121203362391267,-0.46403068698456124,0.32829367050878483,-0.023195014234359497,-0.18994016729675353,-0.6835491627684136,-0.22905344113603873,-0.5989675924027168,-0.18641563035356223,0.620805511917574,-0.2300011638094919,0.516257917746571,-0.36343647455558487,0.00673200602584586,0.33028168635409094,-0.3774255263790406,-0.2882103013653189,0.1832345105405733,0.6608874660128422,0.39848904153384845,-0.05138066403658596,-0.007482757878883782,-0.2704922038816094,-0.6715266568620283,-0.04181940684135046,0.0019365900596234624
0.2473703790194875,-1.0932529151825177,0.5837619592854035,2.46337417703056,0.1545017919344455,0.2603157649549966,-2.035762607835994,-1.3853890041441481,-0.1213235027895642,0.02215474986637403,3.820208108200983,-1.801986873941643,-0.3686923414009598,1.8646012946443042,-1.1298017793223034,2.8412972437302497,0.06450932155444497,-1.4257745928807395,-0.6001284380896508,1.4337118976339167,0.5258935213936481,-1.253906825119827,-0.1286988198141818,-2.0985622993187083,1.6703841744435457,-2.960888607550403,0.6130445715527593,-0.0075541805178164,0.1640364566919861,1.283822755213262,-1.797467011522467,-1.9810679821876283,1.34534905692474,1.8941626408900774,0.512319676009488,-1.82810953569379,-2.268366152660468,-2.249024398730456,-0.8517228116240633,1.0836083693711271,-1.4865862027958723,1.9156252909170202,-0.6136858353465604,-0.046865154415283286,0.3778883925896871,1.1371785675861994,-0.8200627637550036,-1.1493953257241434,1.1150302682246915,1.8227112039132949,0.17064280734325202,0.6535586566300723,-0.29742395863155197,-0.5106528541929851,-0.8684372999224608,0.7154089933634832
-0.13586604498728908,0.0487738801108693,-0.15640133936711412,0.1545017919344455,0.2392564171702246,0.16755966748426634,-0.336140435350561,-0.21697474223615615,0.24774179866246024,-0.04529688882728254,0.16557623881460126,-0.39031980058392474,0.1670435509386919,0.021325426783072362,0.4634432707665151,0.07483568208626183,0.19015699415846116,0.12209251690880144,-0.21514138494293925,0.24608367314350288,0.28472545922162823,-0.2334985197626398,0.6134015623191108,-0.6434866102676401,-0.2473794099661631,0.07364430976321154,0.503174047487956,0.05758996531380522,0.5119968828490946,-0.19770422497131268,-0.7543865370726783,-0.23880310971338606,0.20508515850450043,0.5739533848562628,0.3733972753606236,0.29843911146932606,-0.6715178649890016,-0.05890618651273539,-0.029977806556032785,-0.38241890947708473,-0.4070006383212885,-0.00861217480472091,0.24997781799851765,0.15554913878422352,-0.1796377859417687,0.9458405122701605,-0.14774481939397666,-0.7113582405350022,-0.3650877345612144,0.25431911985179034,0.02610089734783776,0.26279921147354474,0.2659437065166903,0.8500300670000532,-0.30873605263909465,0.27191089327563733
-0.0395934468446139,-0.014484517963717643,-0.06315348131732865,0.2603157649549966,0.16755966748426634,0.3048244965480535,-0.06993587859355022,-0.15976618231692663,-0.008469193144214062,0.04245141009410518,0.28180875323582033,-0.12240511870581745,0.08810264613926513,0.0023539639633594297,-0.12015977389773771,0.2678722139185957,0.36482631913789165,0.008579048834962574,0.0023242407945092236,0.31525986049334925,0.19148164817248367,-0.12429098744997714,0.11525617754135696,-0.1973401098299944,0.12060589264272424,-0.1831785596751683,0.25110777093977943,0.12122482339016565,0.13202893113895967,0.16264857812777128,-0.5231288579717542,-0.19345903996013603,-0.10807255944872209,0.7043063397357142,0.18724719372974988,-0.06896749177608073,-0.08200338984415015,-0.15847333387950244,-0.03980216717518185,-0.03642143042660681,-0.2672286323948553,0.04080132100727177,-0.09575718835231618,-0.09406304495589972,-0.08585967841867313,0.5698810861170717,0.021188204266751175,-0.20581500561173777,-0.13580396643021345,0.11897523139525926,0.07260965108371115,0.30974565657902764,0.056557414731242095,0.010889120953795258,0.010242192257846228,0.16360726330109862
0.10972858916169344,0.8848897058130551,-0.4242512448245597,-2.035762607835994,-0.336140435350561,-0.06993587859355022,2.4954697383671816,1.444615654936463,-0.5401710653849717,0.13508821133803545,-3.198397685702789,2.3252593059927404,0.03824893840576285,-1.6431489521165703,-0.2988041719191856,-2.136113214205317,0.25088347947247447,0.9854154311582396,1.0539350255341289,-1.3172883204500352,-0.7220855093028854,1.3687928634697806,-0.9324065382572075,3.058343060050726,-0.5583074925098899,2.217782217657592,-1.1649908751662716,0.06685364313569273,-1.1418249641855314,-0.36090222918409093,2.3122657686733756,2.0106112436042882,-1.9111104733699722,-1.525565094542114,-0.8575784441637875,0.7631716393469723,3.3744641886671465,1.8222064035275927,0.6943535923237636,-0.22475264674235046,1.8611497404603417,-1.5302497882981307,-0.1518180724545638,-0.6225211288342203,-0.2070085573925885,-2.065074246134598,1.2805557445801572,2.1949728704754907,-0.5100696686401869,-2.017068185073185,0.024021820970698573,-0.6192731682861108,-0.22924936901752052,-1.4845582011827536,1.4587645661064734,-0.9332892024760217
0.009372828199854286,0.5829961964150886,-0.26340711715115095,-1.3853890041441481,-0.21697474223615615,-0.15976618231692663,1.444615654936463,0.9525236550309266,-0.21342887703138266,0.06114292131817769,-2.2123259987154054,1.3274551109215953,0.058138170141350524,-1.0935315571316238,0.12986190653420407,-1.5279139654867073,-0.037186852072631865,0.7114022807987962,0.5264823530994042,-0.9448953082982257,-0.4801196881187943,0.8491638636849306,-0.4461022049488665,1.719498551678816,-0.6086454892885576,1.5294096345664296,-0.6851066479531575,-0.011295373638131056,-0.5440575533815788,-0.4543653135487109,1.482899052028012,1.2925148507891366,-1.0400259676628305,-1.2796316581189378,-0.5579674305821433,0.7116454596454809,1.920730489481446,1.2834134154000427,0.47812588620515584,-0.24766172050842544,1.1644615461711283,-1.0832235616933799,0.09408945472627366,-0.1854741572363017,-0.08683282306906633,-1.3296756077743657,0.66770945450925,1.2145596705663253,-0.38113873631732537,-1.2099440689464482,-0.06391093162017603,-0.5034257528481703,-0.08793243759454218,-0.5322293474702755,0.7886912867380935,-0.5956790388553161
-0.3205956440491466,0.11882170089842302,-0.1378432037268652,-0.1213235027895642,0.24774179866246024,-0.008469193144214062,-0.5401710653849717,-0.21342887703138266,0.5764315865744248,-0.12179422930467552,-0.18474605632916224,-0.6044494782616067,0.3159831374316301,-0.08003839719070369,1.1302829546390971,-0.33422102914124385,-0.08800656167179255,0.30438213586123397,-0.4169898963599415,0.14008965620741856,0.2984610501957693,-0.22510645287980957,0.9902742697608181,-1.0437491503757128,-0.8226352762543301,0.4079386943453546,0.6388596945311195,0.011090156211777393,0.9327095857158904,-0.6565237795296875,-0.8094433609518809,-0.23454406311967935,0.5193679656254655,0.14391975144637748,0.431335348877416,0.7966927526533688,-1.1417489290147789,0.16350180817501142,0.07025895861709196,-0.7251457417426985,-0.5487541129559649,-0.19772912009857152,0.5850881514581817,0.5295867408854411,-0.18466153873144828,1.1762675361969908,-0.433069663021169,-1.0797227358862074,-0.5355116624878471,0.3211343237466175,-0.12122739686117688,0.16639387101555272,0.48398517720620554,1.72641765140759,-0.5604190979650354,0.3141164146949166
0.044574048254447655,-0.02331999415512092,0.049658925760188995,0.02215474986637403,-0.04529688882728254,0.04245141009410518,0.13508821133803545,0.06114292131817769,-0.12179422930467552,0.04739375589785769,-0.014785446181770797,0.13053987113540902,-0.04140635160383237,-0.04113751606417738,-0.25350499814987393,0.04815376484424735,0.04228227848464975,-0.03317408461662011,0.0911008208352845,-0.009548770570174916,-0.06929546176254386,0.06886147988843665,-0.2596240757770681,0.22310535602184187,0.14257683850451636,-0.09932959426154796,-0.14158123568852515,0.01839769483811102,-0.1833524062208697,0.14329972993750834,0.16336215080294914,0.05173704125355804,-0.1500006093755354,-0.034490675549991114,-0.1247102358582159,-0.14482393618648065,0.3135575738849677,-0.0030162361314231196,0.010044507506698953,0.17668994139186447,0.10071311607715397,-0.01824210375630144,-0.14540123046668843,-0.08997262471515959,0.0690530174707557,-0.25727449581638046,0.07070312559793876,0.26256725466725667,0.11407550017651051,-0.07302442768503463,0.005834487150029888,-0.01633004340957258,-0.11334492821308162,-0.3882322886537129,0.15809379470918444,-0.07573085124079657
0.42102833495530073,-1.74919372543027,0.9580984258195169,3.820208108200983,0.16557623881460126,0.28180875323582033,-3.198397685702789,-2.2123259987154054,-0.18474605632916224,-0.014785446181770797,6.1208875097805535,-2.770550858952411,-0.629342108120039,3.0743885589106785,-1.8070082117492723,4.4746167892965065,6.76703266859025e-4,-2.3485587234893335,-0.8956448036605135,2.216904071624879,0.7912340022309291,-1.9513791482238783,-0.20930967062420233,-3.2142135790652655,2.6861310178978246,-4.6527892455478534,0.8678199702968249,-0.04901302135878531,0.1734377074957646,2.0320080988363927,-2.673663333152181,-3.1187829784561147,2.207962295043657,2.871098608262317,0.8095611216482753,-2.966727658608375,-3.6502003555762115,-3.623538384104758,-1.3725304186869998,1.700969952189552,-2.3007067490185342,3.169777384558838,-0.9889072477154497,-0.11931371084680638,0.5671837294191714,1.6951944335744327,-1.279209837458949,-1.7452252567115076,1.8527237441611992,2.831089072963446,0.2800649990510475,0.9683696796903755,-0.4585607973140766,-0.873993112981096,-1.3998905898130378,1.10602133560355
0.18112066297529078,0.7436871437034459,-0.32177412839984154,-1.801986873941643,-0.39031980058392474,-0.12240511870581745,2.3252593059927404,1.3274551109215953,-0.6044494782616067,0.13053987113540902,-2.770550858952411,2.211020135898193,-0.05954986594352827,-1.3916168873558676,-0.5186035413611982,-1.8277883613173016,0.17672253542928262,0.7689955917373763,1.034185077388455,-1.2314551430443534,-0.7336290285630878,1.273305580246491,-1.0652424770560196,2.9697227355559987,-0.30113964152478434,1.8734803816311005,-1.2232337168975835,0.03525821209450392,-1.2529697168102154,-0.1795464122029159,2.312983434967001,1.8397143162308711,-1.764874914397521,-1.4779336405784305,-0.8738550970669546,0.4720411150806463,3.2185617425849173,1.55926546459469,0.590606135177411,-0.025684176033335223,1.7981471840843217,-1.2666879003266587,-0.26545584006726214,-0.6684938115187983,-0.1345090667667312,-2.1711692966276415,1.2230780342810186,2.217503929330159,-0.2838310840089968,-1.8674627146448235,0.042509130463522934,-0.6299697427793159,-0.3173318728761008,-1.7228639807325814,1.403247349561299,-0.9148141701500744
-0.23365879625657318,0.2326430452843621,-0.17552139893059154,-0.3686923414009598,0.1670435509386919,0.08810264613926513,0.03824893840576285,0.058138170141350524,0.3159831374316301,-0.04140635160383237,-0.629342108120039,-0.05954986594352827,0.2709295917105562,-0.3676306521681319,0.7099274341009144,-0.5435373405661263,0.09515940118170813,0.40310820109676215,-0.11049371657010945,-0.02613108871613829,0.13795407173653104,0.0538003918339933,0.5483498255097968,-0.26707581315213036,-0.664644359018011,0.6142593415133849,0.31800320848980645,0.06513207050988512,0.5096410254871871,-0.4806953686144797,-0.32514682147997004,0.12564637801838224,-0.01030148164294787,0.034981918496305775,0.19510296175182038,0.6899744199867555,-0.21674493518945312,0.3997310713746014,0.17134247342937609,-0.5540883399640971,-0.15461749535544297,-0.42104437223998836,0.3489772823093941,0.25320379646977087,-0.176339988750575,0.6385287471510935,-0.0937788696747558,-0.4268288349245539,-0.5040224877046598,-0.09095744485931201,-0.07259483923761158,0.10997974395176363,0.3166598131291129,0.9613133201556251,-0.12284087683522037,0.10406652359045265
0.23963663937867857,-0.8935932532558869,0.5006976441980228,1.8646012946443042,0.021325426783072362,0.0023539639633594297,-1.6431489521165703,-1.0935315571316238,-0.08003839719070369,-0.04113751606417738,3.0743885589106785,-1.3916168873558676,-0.3676306521681319,1.6192930496410032,-0.8508946019959708,2.207375976077367,-0.1549535070073511,-1.2261502852580044,-0.4705749930365176,1.0103987493213966,0.3449983695726737,-0.9753662168455898,-0.0972063227890446,-1.5992349914794257,1.3395984533696423,-2.3056138940280633,0.3676687452538566,-0.08468642005894089,0.047654251670267406,0.9670489799875748,-1.1866946861549619,-1.5364175597799654,1.2143637351532075,1.2151120959805954,0.3775645830793848,-1.500367205939219,-1.9190733967971154,-1.8227477395470535,-0.7056182748774316,0.8578034673914989,-1.0832405672732321,1.6522794937101586,-0.4467396882503294,-0.030442612363739976,0.3000274406033304,0.6867364900624691,-0.6610366236886952,-0.8631912916524609,0.9932399495033611,1.4198914972046417,0.1271840471539115,0.3715302244888528,-0.23960039982249923,-0.40430765124892576,-0.7618686757157268,0.5198748138894961
-0.6636364807067793,0.6762152603346653,-0.5931036504110195,-1.1298017793223034,0.4634432707665151,-0.12015977389773771,-0.2988041719191856,0.12986190653420407,1.1302829546390971,-0.25350499814987393,-1.8070082117492723,-0.5186035413611982,0.7099274341009144,-0.8508946019959708,2.6651983104820522,-1.6871265673629174,-0.17614921356772334,1.1500959828481716,-0.6205763180307123,-0.33238859809257254,0.4096377298624354,-0.022036971558261814,2.083383353409756,-1.2527057837546232,-2.1797488257910107,1.9682327044204966,1.0847862999171425,-0.008495229208977537,1.7433456224425805,-1.7797576741804728,-0.9483806182456442,0.33486431470711403,0.4911688775331563,-0.3739447778279178,0.70702428708101,2.2484972965686265,-1.4116617038087642,1.1890410616603928,0.425842987727888,-1.8586983744781875,-0.43810104602904787,-1.1062384272311723,1.446432506288651,1.0081206574547068,-0.5539067470101722,1.880631921782433,-0.44968629258848236,-1.762884145024022,-1.5516782980489348,-0.05048784435642456,-0.25108541103587967,0.048737605786908854,1.0511755414811652,3.6169170865401905,-0.812031835603774,0.3572356812878584
0.40450185361158736,-1.2946923255092402,0.7147520404866882,2.8412972437302497,0.07483568208626183,0.2678722139185957,-2.136113214205317,-1.5279139654867073,-0.33422102914124385,0.04815376484424735,4.4746167892965065,-1.8277883613173016,-0.5435373405661263,2.207375976077367,-1.6871265673629174,3.3695309566579748,0.0899941761854514,-1.7672502956222447,-0.5231781786167445,1.5863796963116557,0.49852806816065964,-1.353408682940688,-0.46802751254415104,-2.011597131679966,2.216402393642122,-3.5129957496032027,0.46450382797176554,-0.021332164142834304,-0.15599930855554828,1.6988921703073165,-1.7483728623278194,-2.1857722470036,1.382992133027574,2.118663226564908,0.4568521311056723,-2.3919222253347265,-2.2363371934105416,-2.659474982006224,-1.01143839795952,1.4705050890500158,-1.5040075169656164,2.3154051425877094,-0.9081456929862005,-0.2629020297979221,0.46983147890352933,0.9007950793781476,-0.7732617836133999,-0.9374727640376528,1.4741000332382603,1.957884539166353,0.24945038151544774,0.6838798937540429,-0.49388849580686006,-1.189792922360919,-0.8146282854414872,0.7123786924242602
-0.002358496949324348,0.12391989399734336,-0.2086136191810625,0.06450932155444497,0.19015699415846116,0.36482631913789165,0.25088347947247447,-0.037186852072631865,-0.08800656167179255,0.04228227848464975,6.76703266859025e-4,0.17672253542928262,0.09515940118170813,-0.1549535070073511,-0.17614921356772334,0.0899941761854514,0.5407780376287357,0.12029646152646853,0.1610126620989848,0.22158923618806575,0.18852048889420087,-0.008651869365185125,0.14203576539724913,0.17498172825912714,0.1341807904015253,0.12116794868363925,0.21556340594285425,0.15299265690135902,0.007466515506528118,0.16277508259111667,-0.4135331783923966,0.028134981038534502,-0.3856549268212018,0.8209919826663217,0.21386530889896385,-0.0064238153539356285,0.2645598439830613,0.003272895188866625,0.007083208849547428,-0.15203961808395788,-0.0788053133757157,-0.07775858714336054,-0.11243922783157886,-0.27277358633815524,-0.2256001042465566,0.5597534269992248,0.2741141506533665,-0.04258022983515486,-0.3016444713161461,-0.13148606969564092,0.1502152278196959,0.3304187636765495,0.07900554798484334,-0.14266680587665662,0.16404516887966183,0.11738940917405251
-0.3002353749738037,0.7384459116947152,-0.49224612629122455,-1.4257745928807395,0.12209251690880144,0.008579048834962574,0.9854154311582396,0.7114022807987962,0.30438213586123397,-0.03317408461662011,-2.3485587234893335,0.7689955917373763,0.40310820109676215,-1.2261502852580044,1.1500959828481716,-1.7672502956222447,0.12029646152646853,1.0538684666564428,0.16468059098818133,-0.6938906071804395,-0.09274101800980451,0.5963426774646965,0.5894090678762929,0.7260953400425654,-1.332057487145166,1.934870113886438,0.06028865861885891,0.06427686105898067,0.38112703729091496,-1.0108507131242246,0.4655801538284052,1.0501536175020307,-0.6872678681640169,-0.7447725547128452,-0.032043971243719875,1.4704664447304794,0.8858124304742715,1.4222892518705603,0.5377469095240043,-1.004421233108604,0.5739960789705812,-1.2995147168239922,0.6192074735926361,0.21817988815334377,-0.35594030391088377,0.08725954782029934,0.35183503089122753,0.10505119745025014,-1.0357884491196525,-0.9165201215182459,-0.11378771350727994,-0.18650454402046643,0.4106789103007135,1.1023805032448006,0.2952023907019798,-0.22358723690516982
0.1644595240920549,0.22799424661060672,-0.06406924294630109,-0.6001284380896508,-0.21514138494293925,0.0023242407945092236,1.0539350255341289,0.5264823530994042,-0.4169898963599415,0.0911008208352845,-0.8956448036605135,1.034185077388455,-0.11049371657010945,-0.4705749930365176,-0.6205763180307123,-0.5231781786167445,0.1610126620989848,0.16468059098818133,0.5534108102134553,-0.43506520380393904,-0.3452261871074623,0.5447557534653441,-0.7296110451907057,1.4557728014987084,0.1956863299007772,0.5226720207576446,-0.6533793365496217,0.03769985985317766,-0.7748671993971872,0.198788850023309,1.067033418435323,0.7226512832148118,-0.8499186214527936,-0.47196393178829404,-0.44140401572149623,-0.12733252307577395,1.5780965993680478,0.47550804433504973,0.1897218106931801,0.2303069878604132,0.7989841841117414,-0.3701772219787986,-0.3404678508285451,-0.45873549933464136,-0.008026355562189563,-1.1055037650178334,0.6048092747071956,1.1879300360046472,0.07673641104258486,-0.799623821787194,0.0692229978101442,-0.2278032133519894,-0.2663044264140896,-1.2616627665196647,0.7262485579122512,-0.4204734336599312
-0.015761121839317927,-0.5787252724640128,0.27629307447607077,1.4337118976339167,0.24608367314350288,0.31525986049334925,-1.3172883204500352,-0.9448953082982257,0.14008965620741856,-0.009548770570174916,2.216904071624879,-1.2314551430443534,-0.02613108871613829,1.0103987493213966,-0.33238859809257254,1.5863796963116557,0.22158923618806575,-0.6938906071804395,-0.43506520380393904,1.051077134770051,0.4952404087361323,-0.806047971531546,0.29968383391002446,-1.5882034962740226,0.6985335858749538,-1.6024488452878396,0.663862566460555,0.08626583134182288,0.47597008870390717,0.5909847069013096,-1.5388955597212228,-1.2957890444202305,0.8529990560886543,1.4997266719596627,0.5262120060226492,-0.7887317757601559,-1.6644897927396782,-1.294616761265197,-0.4567770030464854,0.3274290725023028,-1.1865110439838547,1.0326920297241837,-0.23548178986575663,0.09275551318719423,0.0950981614553284,1.3685721772193626,-0.6035355097256823,-1.0697140106392817,0.38689066674971995,1.1555669604826757,0.08431136290703474,0.6170640339785171,0.046197116746880526,0.27163462362290475,-0.6385060292442979,0.5914036108415642
-0.1273454944381171,-0.11494948766712093,-0.08096880988132503,0.5258935213936481,0.28472545922162823,0.19148164817248367,-0.7220855093028854,-0.4801196881187943,0.2984610501957693,-0.06929546176254386,0.7912340022309291,-0.7336290285630878,0.13795407173653104,0.3449983695726737,0.4096377298624354,0.49852806816065964,0.18852048889420087,-0.09274101800980451,-0.3452261871074623,0.4952404087361323,0.4085874630906774,-0.46091227578566474,0.7274447049523001,-1.0841788044984955,-0.0586013415909886,-0.34471322751080924,0.669883547347214,0.05405056192858756,0.6343152617353341,-0.06318495700968742,-1.1274538167413373,-0.587507518022106,0.4957758473910809,0.9109747484231634,0.5252073972126112,0.07892378976948713,-1.1968822270401378,-0.42565062154100874,-0.16795786574603278,-0.3095900287074785,-0.7101780297749871,0.3167464201995907,0.21495944263356456,0.18828261617867637,-0.1622336821686582,1.2840156414277029,-0.31806251228098564,-1.0227753662752264,-0.24280515034591055,0.5737668363337788,0.0498613515898204,0.38948082563065645,0.2865677992714803,0.9638068930837426,-0.5239435520176875,0.42900584328949176
0.005519592951094498,0.4955186993087252,-0.17086349776673324,-1.253906825119827,-0.2334985197626398,-0.12429098744997714,1.3687928634697806,0.8491638636849306,-0.22510645287980957,0.06886147988843665,-1.9513791482238783,1.273305580246491,0.0538003918339933,-0.9753662168455898,-0.022036971558261814,-1.353408682940688,-0.008651869365185125,0.5963426774646965,0.5447557534653441,-0.806047971531546,-0.46091227578566474,0.8191503386506616,-0.5413462906734868,1.6608787378812988,-0.48871963179451977,1.3070562147258782,-0.7067856403088935,0.015082437717869112,-0.57118603821128755,-0.32630954964455433,1.4162431277858818,1.1538667268841367,-0.9884649945944615,-1.1452058794744282,-0.5577508820145003,0.5524035652417472,1.8571485679715554,1.1121857943660307,0.44061067656555836,-0.14608902585815975,1.0455936686676925,-0.9404462003158413,-0.02514997930741283,-0.21358433919359665,-0.04959203317714229,-1.2713071738260602,0.6036791257364009,1.2422531890800632,-0.2525443506495239,-1.133911113607483,-0.0646092583258977,-0.4280207652463798,-0.11194181812459875,-0.682684740192862,0.7923855017337466,-0.5644046907090072
-0.4942121389826263,0.32601244531694173,-0.5441854351521197,-0.1286988198141818,0.6134015623191108,0.11525617754135696,-0.9324065382572075,-0.4461022049488665,0.9902742697608181,-0.2596240757770681,-0.20930967062420233,-1.0652424770560196,0.5483498255097968,-0.0972063227890446,2.083383353409756,-0.46802751254415104,0.14203576539724913,0.5894090678762929,-0.7296110451907057,0.29968383391002446,0.7274447049523001,-0.5413462906734868,2.1817540651303764,-1.8842186163235475,-1.3274918057911924,0.9165798129814263,1.4341036519091614,0.03539254542380151,1.7202833782291633,-1.1538559909459563,-1.8316002677805412,-0.39428399340213155,0.8205362772277347,0.8750499646621477,1.08894610324063,1.4397639091294827,-2.2065691227538995,0.24820509634220722,0.042461371246157925,-1.5485676665893724,-0.9845848366264928,-0.2698036882253193,1.1552872681854434,0.7315159028096266,-0.6121571536732178,2.6164214689125607,-0.5107324559703583,-2.2443897406522346,-1.2868326248288031,0.5562264306257384,-0.034504341416229115,0.453954430479163,0.981930056806131,3.2773202339264818,-1.0983651365883325,0.7063393943818809
0.3992363653959766,0.7985617876254947,-0.2644276400415476,-2.0985622993187083,-0.6434866102676401,-0.1973401098299944,3.058343060050726,1.719498551678816,-1.0437491503757128,0.22310535602184187,-3.2142135790652655,2.9697227355559987,-0.26707581315213036,-1.5992349914794257,-1.2527057837546232,-2.011597131679966,0.17498172825912714,0.7260953400425654,1.4557728014987084,-1.5882034962740226,-1.0841788044984955,1.6608787378812988,-1.8842186163235475,4.135347954103151,0.09148977529067014,1.9810030017476046,-1.8749436479780606,0.013463007205059213,-2.043791911271134,0.14164513062107387,3.3107361669804862,2.333837291670121,-2.3550603947487554,-1.992150387085986,-1.3377642605931555,0.10346345361472756,4.4820959697880225,1.7724133753779754,0.6690127231104925,0.4211373561145344,2.4813201855261666,-1.3939439470866366,-0.6453748119360027,-1.0600669327291417,-0.01085543516400404,-3.3780300810914548,1.6654447486842912,3.2974163373853065,0.025332849949008005,-2.4015667734862904,0.09299979976142134,-0.9028825637100377,-0.6760861857703223,-3.049661201799842,1.9843047926036321,-1.2986946202873357
0.5932726064307899,-0.8372298831708298,0.5337471100329305,1.6703841744435457,-0.2473794099661631,0.12060589264272424,-0.5583074925098899,-0.6086454892885576,-0.8226352762543301,0.14257683850451636,2.6861310178978246,-0.30113964152478434,-0.664644359018011,1.3395984533696423,-2.1797488257910107,2.216402393642122,0.1341807904015253,-1.332057487145166,0.1956863299007772,0.6985335858749538,-0.0586013415909886,-0.48871963179451977,-1.3274918057911924,0.09148977529067014,2.150626373440528,-2.350880655178065,-0.4674265958154865,-0.034957386656503116,-1.1439523896357864,1.6600517640616606,-0.030235371675140215,-0.9289213271002479,0.1982382634265306,1.002013245652963,-0.20798590362475403,-2.2153871805175833,0.013653003991612829,-1.6599346591447692,-0.645452111177621,1.5870959222072396,-0.19658670821101815,1.5370949941541687,-1.143916029558408,-0.7610909875494738,0.43152994351838464,-0.8118795643246496,0.08344939546683774,0.6869646138566717,1.4065256432861615,0.696764944124922,0.28789766065667,0.17860823623556107,-0.7952311129368848,-2.5750093809562373,0.16122759094237593,0.042054339558292436
-0.42129243352105944,1.4640276473285745,-0.9769683163070835,-2.960888607550403,0.07364430976321154,-0.1831785596751683,2.217782217657592,1.5294096345664296,0.4079386943453546,-0.09932959426154796,-4.6527892455478534,1.8734803816311005,0.6142593415133849,-2.3056138940280633,1.9682327044204966,-3.5129957496032027,0.12116794868363925,1.934870113886438,0.5226720207576446,-1.6024488452878396,-0.34471322751080924,1.3070562147258782,0.9165798129814263,1.9810030017476046,-2.350880655178065,3.898293032689694,-0.20152349504094713,0.04528991871966668,0.32893905143798746,-1.8602999279426746,1.457982737529896,2.286298092416509,-1.4728401908573376,-1.7546900669003467,-0.19314881478319537,2.6399810325263595,2.0951721958821894,2.7890903306477357,1.020014195081883,-1.837275872949126,1.4966467382538822,-2.404477577045363,1.1003986111444586,0.18802614588476313,-0.7285667974366533,-0.40304454399012635,0.9450626688354951,0.6316598427062061,-1.8594370220104246,-2.045729798359058,-0.14998009522136244,-0.5717375930602,0.6782766886194118,1.6130087918395357,0.7255421626767415,-0.602354995058473
-0.29952114251644646,-0.06454815482990368,-0.21689788057865939,0.6130445715527593,0.503174047487956,0.25110777093977943,-1.1649908751662716,-0.6851066479531575,0.6388596945311195,-0.14158123568852515,0.8678199702968249,-1.2232337168975835,0.31800320848980645,0.3676687452538566,1.0847862999171425,0.46450382797176554,0.21556340594285425,0.06028865861885891,-0.6533793365496217,0.663862566460555,0.669883547347214,-0.7067856403088935,1.4341036519091614,-1.8749436479780606,-0.4674265958154865,-0.20152349504094713,1.1891251756528236,0.06627039518438545,1.2557817684310701,-0.4108766203578887,-1.8413813701293615,-0.8253529333628767,0.8492192847714324,1.2434535111631286,0.8874517636638649,0.5096108594473685,-2.0484271725637813,-0.4232995477341975,-0.1810789012066581,-0.7580310134449288,-1.1289911177327998,0.26988296208665624,0.588485326495722,0.4846341616629978,-0.3101693954721079,2.1956034944453897,-0.574216995609081,-1.8466897206413895,-0.6170049602156497,0.8780713393271201,0.02040984285970958,0.5639176282653325,0.5922494898786667,2.082064944758854,-0.9382092451106426,0.6957747997127873
-0.03995408577108085,0.03800556637361454,-0.032480991974038795,-0.0075541805178164,0.05758996531380522,0.12122482339016565,0.06685364313569273,-0.011295373638131056,0.011090156211777393,0.01839769483811102,-0.04901302135878531,0.03525821209450392,0.06513207050988512,-0.08468642005894089,-0.008495229208977537,-0.021332164142834304,0.15299265690135902,0.06427686105898067,0.03769985985317766,0.08626583134182288,0.05405056192858756,0.015082437717869112,0.03539254542380151,0.013463007205059213,-0.034957386656503116,0.04528991871966668,0.06627039518438545,0.06104581067704848,0.052964421261036496,0.01602526238561093,-0.13617541670242142,-0.0036842511652421042,-0.10576465695437139,0.20980503935876163,0.046665160399614124,0.052186220411053016,0.07658876416272936,0.028272031988224477,0.027845997646358644,-0.059615465628377065,-0.06390086544031984,-0.06932559149907194,-0.029786093306520347,-0.030893990314567184,-0.04556776366369314,0.19477667348636968,0.030256762237194906,-0.01742820940761491,-0.09200847311293155,-0.03444275847997221,0.014176297465598517,0.11191241668508523,0.04041276897288452,0.015100363065639895,0.05451185188823587,0.03607758072869591
-0.5073570816631175,0.09566951010497514,-0.23417013408935156,0.1640364566919861,0.5119968828490946,0.13202893113895967,-1.1418249641855314,-0.5440575533815788,0.9327095857158904,-0.1833524062208697,0.1734377074957646,-1.2529697168102154,0.5096410254871871,0.047654251670267406,1.7433456224425805,-0.15599930855554828,0.007466515506528118,0.38112703729091496,-0.7748671993971872,0.47597008870390717,0.6343152617353341,-0.57118603821128755,1.7202833782291633,-2.043791911271134,-1.1439523896357864,0.32893905143798746,1.2557817684310701,0.052964421261036496,1.6277102055272985,-0.9121542440699077,-1.7598493717748642,-0.6506403968789666,0.9534403930530606,0.7222760214225054,0.859831005350772,1.1286533100978375,-2.1760436181431024,0.0011926105840185895,0.007178384874318578,-1.1243623806838123,-1.1446037651186918,-0.13281804919093457,0.908862074102604,0.8360553358269439,-0.31604977269315243,2.3011768134097683,-0.7706201064485082,-2.0356076699274213,-0.8689521111784511,0.7754764561718857,-0.14199495534248255,0.4522606048254229,0.7951409503970819,2.8632743741482325,-1.0354762915166842,0.6634367049683159
0.43089710973171463,-0.6539099765951745,0.46291890387477996,1.283822755213262,-0.19770422497131268,0.16264857812777128,-0.36090222918409093,-0.4543653135487109,-0.6565237795296875,0.14329972993750834,2.0320080988363927,-0.1795464122029159,-0.4806953686144797,0.9670489799875748,-1.7797576741804728,1.6988921703073165,0.16277508259111667,-1.0108507131242246,0.198788850023309,0.5909847069013096,-0.06318495700968742,-0.32630954964455433,-1.1538559909459563,0.14164513062107387,1.6600517640616606,-1.8602999279426746,-0.4108766203578887,0.01602526238561093,-0.9121542440699077,1.3363771690846762,-8.673061688501416e-4,-0.7172115050588221,0.06477684461404142,0.7969947795194238,-0.22189684658091385,-1.7300259304420373,0.17360024304589922,-1.2663412004435697,-0.4651912800794025,1.2880145830419312,-0.1702896784209883,1.130005976109003,-0.9692430871043825,-0.5963123950151207,0.3759155911503727,-0.6622782596303943,0.05353598969643465,0.6502397444810336,1.1244706122614527,0.5032783959644321,0.20068758537487735,0.18147417039327612,-0.6425981557373709,-2.130699833728421,0.22125276230285895,0.010630350131341093
0.3358211087008452,0.5135200218214052,0.04121203362391267,-1.797467011522467,-0.7543865370726783,-0.5231288579717542,2.3122657686733756,1.482899052028012,-0.8094433609518809,0.16336215080294914,-2.673663333152181,2.312983434967001,-0.32514682147997004,-1.1866946861549619,-0.9483806182456442,-1.7483728623278194,-0.4135331783923966,0.4655801538284052,1.067033418435323,-1.5388955597212228,-1.1274538167413373,1.4162431277858818,-1.8316002677805412,3.3107361669804862,-0.030235371675140215,1.457982737529896,-1.8413813701293615,-0.13617541670242142,-1.7598493717748642,-8.673061688501416e-4,3.240769419825771,1.9120074659867126,-1.597234644197957,-2.5449054090946315,-1.39446528080459,0.043745183695841315,3.5580084357483486,1.4644220885424,0.5583240630130063,0.5873279525005937,2.158159722999762,-1.092179840323806,-0.48130387398010255,-0.6061643796721504,0.2735711470247033,-3.4879504086197173,1.0914276078958607,2.885837174119302,0.3962561317181166,-1.8718461153571964,-0.09367100851589259,-1.0966335401076288,-0.6880812792908827,-2.5233602652343623,1.5381055222769846,-1.2292474497221595
-0.01241852543858907,0.8717881611198299,-0.46403068698456124,-1.9810679821876283,-0.23880310971338606,-0.19345903996013603,2.0106112436042882,1.2925148507891366,-0.23454406311967935,0.05173704125355804,-3.1187829784561147,1.8397143162308711,0.12564637801838224,-1.5364175597799654,0.33486431470711403,-2.1857722470036,0.028134981038534502,1.0501536175020307,0.7226512832148118,-1.2957890444202305,-0.587507518022106,1.1538667268841367,-0.39428399340213155,2.333837291670121,-0.9289213271002479,2.286298092416509,-0.8253529333628767,-0.0036842511652421042,-0.6506403968789666,-0.7172115050588221,1.9120074659867126,1.812159326278886,-1.443102321023198,-1.6121794563298457,-0.6394028525450259,1.1057782011029675,2.5365551393614325,1.8149428943781865,0.6669873719640883,-0.5281103770006369,1.5732683196191501,-1.51619120996721,0.21884413443622713,-0.27372525714034984,-0.23969642316224657,-1.572862462062997,0.9688243389021675,1.5202490173340737,-0.6923533741687474,-1.7048313461745996,-0.05338350083398672,-0.6361821915692081,-0.017525401984540938,-0.5011395304426415,1.0297068107988607,-0.763035184263679
-0.12569783837910986,-0.6287806950995192,0.32829367050878483,1.34534905692474,0.20508515850450043,-0.10807255944872209,-1.9111104733699722,-1.0400259676628305,0.5193679656254655,-0.1500006093755354,2.207962295043657,-1.764874914397521,-0.01030148164294787,1.2143637351532075,0.4911688775331563,1.382992133027574,-0.3856549268212018,-0.6872678681640169,-0.8499186214527936,0.8529990560886543,0.4957758473910809,-0.9884649945944615,0.8205362772277347,-2.3550603947487554,0.1982382634265306,-1.4728401908573376,0.8492192847714324,-0.10576465695437139,0.9534403930530606,0.06477684461404142,-1.597234644197957,-1.443102321023198,1.5749563729882063,0.809130818166127,0.6269702043482197,-0.3877248366340638,-2.683083349821504,-1.2521814604121948,-0.48155104827582496,0.04157629846753181,-1.3570956014371829,1.0931724916074617,0.2620349847610554,0.6026174641560645,0.15530090314599249,1.4773402002921001,-1.0437695964953955,-1.7192778559057906,0.3538283600309897,1.4884429714155287,-0.07722746632902758,0.34051003153380083,0.24015400941250367,1.4142843641610237,-1.1914775519230072,0.6704061337579669
0.016252003865942586,-0.5531887672293346,-0.023195014234359497,1.8941626408900774,0.5739533848562628,0.7043063397357142,-1.525565094542114,-1.2796316581189378,0.14391975144637748,-0.034490675549991114,2.871098608262317,-1.4779336405784305,0.034981918496305775,1.2151120959805954,-0.3739447778279178,2.118663226564908,0.8209919826663217,-0.7447725547128452,-0.47196393178829404,1.4997266719596627,0.9109747484231634,-1.1452058794744282,0.8750499646621477,-1.992150387085986,1.002013245652963,-1.7546900669003467,1.2434535111631286,0.20980503935876163,0.7222760214225054,0.7969947795194238,-2.5449054090946315,-1.6121794563298457,0.809130818166127,2.8662107549023794,1.077524646638007,-0.9165283218023924,-2.1702658753017747,-1.6490797965521427,-0.6318818254256622,0.055569062238432755,-1.585103235778885,1.31010176668816,-0.22457655678773497,-0.171995545996556,-0.25728665063484807,2.555082025797961,-0.4227374933178644,-1.7100848240516533,0.004591901429448211,1.3851482663559056,0.3302067585234868,1.1054360558487242,0.2413641668899699,0.5574563134729668,-0.8330460807635705,0.9530427650916766
-0.17325381878733784,-0.06316384869372094,-0.18994016729675353,0.512319676009488,0.3733972753606236,0.18724719372974988,-0.8575784441637875,-0.5579674305821433,0.431335348877416,-0.1247102358582159,0.8095611216482753,-0.8738550970669546,0.19510296175182038,0.3775645830793848,0.70702428708101,0.4568521311056723,0.21386530889896385,-0.032043971243719875,-0.44140401572149623,0.5262120060226492,0.5252073972126112,-0.5577508820145003,1.08894610324063,-1.3377642605931555,-0.20798590362475403,-0.19314881478319537,0.8874517636638649,0.046665160399614124,0.859831005350772,-0.22189684658091385,-1.39446528080459,-0.6394028525450259,0.6269702043482197,1.077524646638007,0.7219600822415688,0.2590641031017852,-1.5585743908112606,-0.41844192920255135,-0.18609591623035582,-0.5585777179270016,-0.8334512643788731,0.3302037738327613,0.3930672681475859,0.254007231149468,-0.2895143500504898,1.6850906287970624,-0.35252405802050196,-1.370938926380113,-0.4416291075493634,0.6470882275226527,0.07251497232953888,0.45026608468031276,0.4387155593065547,1.4372894481102423,-0.7062982313112691,0.5426337555227643
