V1,V2,V3,V4,V5,V6,V7,V8,V9,V10,V11,V12,V13,V14,V15,V16,V17,V18,V19,V20,V21,V22,V23,V24,V25,V26,V27,V28,V29,V30,V31,V32,V33,V34,V35,V36,V37,V38,V39,V40,V41,V42,V43,V44,V45,V46,V47,V48,V49,V50,V51,V52,V53,V54,V55,V56
6.599368607554089,4.38989045662369,4.19217246185391,-3.8883667991852446,-2.2337796140830637,1.9925491063788638,-0.41220011386973227,-1.4936425033390177,1.2040622059134756,1.4495203939891945,2.4301044917592187,2.765551557446283,-5.148902508741161,-0.3469867774509651,-2.3643123570275697,0.6268799679903502,-0.17857813110143048,-1.569957898861307,3.702395628393877,0.930244101546022,5.170441766760018,0.3675997892906708,1.511457741795598,5.454456587985348,0.22784275904252596,2.0204185348556107,-1.011686029610739,0.9006602948616728,-2.7185153692183084,2.0391356020601488,3.33817344115007,2.7827283546372588,0.25675115125585035,-1.5530548189351834,-3.570564758383839,-1.4550196216687519,-5.6877117604251595,4.161291888982094,2.8088026145675524,0.38493850281337566,1.2637901860182994,4.3040346948134856,0.5704253141987802,-6.232572356208471,-0.6851794426048994,-1.3277224061003765,7.161431830059577,1.3288623905780188,-0.7365572084857591,0.5511562906382996,-0.6130892072550047,3.3800262325543113,-0.6018959116076315,0.830786796979725,2.7772588145614443,3.0277984098182364
4.38989045662369,3.086305448816183,3.11944834737445,-2.812864889537333,-1.5041500153705314,1.239696116993023,0.035859834274725784,-0.9779536781005022,1.0438784834556596,1.0897844805119121,1.5283006090236888,2.065630199058843,-3.3761289817923426,-0.5143603957892934,-1.7752614103220292,0.26081122513074567,-0.1367938879135554,-1.1686607653787147,2.683316399123647,0.9534968632243302,3.5456267963423547,0.7724942938652158,0.8942722372198906,3.7516614120825698,0.0777059927082688,1.2293205517098071,-0.7516424100499814,0.7292949386858907,-1.500911805291405,1.4773352026819322,2.098827233193781,1.6406842700574844,0.10610435304880114,-0.8210484838334687,-2.8078143822394654,-0.8749773752502121,-3.5395565988540363,2.9349728826363837,2.154048993582522,0.31275930352851666,0.5412842762387358,3.003528416544409,0.1669981303571786,-4.145874912322133,-0.4887409947566154,-0.7542527397958249,4.76679673583702,1.0368400677220695,-0.3267564517495667,0.335076651618865,-0.47187261385170143,2.599742269218251,-0.3123611007500232,0.5784104700962516,2.067580518459574,1.896959337692961
4.19217246185391,3.11944834737445,4.151129124776472,-3.341056326782423,-1.837795227616025,2.5510526096723787,-0.3370987117840063,-1.5681113031677256,1.3943588230483934,1.2716159254582797,1.5772610655071995,2.1081971444876544,-3.0943856213816616,-0.762662849635279,-1.8160180698941033,-0.0426092160802209,0.4319005819295248,-0.7879803380453574,3.1271051616022416,1.708672746229948,4.031726057588709,0.45412575619628176,0.3130301332130413,3.998877717391298,-0.9792965653897893,1.2926032338843347,-1.0613459750509346,1.3472562659258664,-1.7256288255893202,1.5565739506518734,2.419802586955415,1.8154787408700188,-0.04791460701302157,-1.1996361025527917,-2.883762225986725,-0.7273667258922544,-4.0383911101232535,3.1952162154410066,2.596089175492131,0.31237686973157086,-0.09241883766849335,2.585194979381915,-0.25035401375140004,-4.314798492412381,0.0154585511918472,-0.13056875121681247,4.535010882954665,1.6899790430452923,-0.31605275217386214,0.2972640598603746,-1.1055378514071768,3.332809300190184,-0.24586771389761372,0.4820495878520489,2.7760418641784392,2.608421816769988
-3.8883667991852446,-2.812864889537333,-3.341056326782423,3.168002545502806,1.707998506704472,-1.6334674575929764,0.044012966512213154,1.3744183148894185,-1.1893809509669255,-0.8675256311732701,-1.6315308847804726,-2.2254610683826983,2.9358339951300954,0.20393331849672758,1.5560832262918836,0.06510038759817598,-0.15840704956105012,1.0187673782026418,-2.915709495442871,-1.1978502627035246,-3.480216620752351,-0.5265959093462339,-0.7378795907423777,-3.919882268069331,0.4727280409544896,-1.5163780357754901,1.0186237888680485,-0.9604020636476363,1.729243395742834,-1.323231367681835,-2.419618787616131,-1.704370546035045,-0.1486238255023819,0.9704868630613126,2.2783348128123095,0.8459420404977256,3.782421703528485,-2.573218102417318,-2.0912429636111862,0.050206240586723676,-0.2389908981720984,-2.8865669390989903,0.10023863649276125,4.119151117199417,0.45750435582168303,0.16058775684075824,-4.349196930490753,-1.397991712970122,0.2790849115226382,0.007947484402542062,0.6779824157071537,-2.7029194587189767,0.051667812206962295,-0.42097640064171055,-2.167977645638362,-2.180730996134501
-2.2337796140830637,-1.5041500153705314,-1.837795227616025,1.707998506704472,1.0196909597635597,-1.2767522435601275,0.37091323031848644,0.8932460984307734,-0.5324854674827831,-0.4519513749076367,-1.0025689529440092,-1.0750218315112645,1.704785922981263,-0.03789853650410902,0.7438652008725753,-0.056400604684572725,-0.20951429205943323,0.3966092893594757,-1.5576984915037644,-0.5371102555695079,-2.0185150490397565,0.20989060437023196,-0.40028396981151126,-2.185133718882564,0.3982279976829416,-0.9630157040058595,0.561137743610739,-0.5556544978068508,1.2933543806251457,-0.6835217018405669,-1.5414201805227545,-1.2029189308495916,-0.09646243500781285,0.8210167270477278,0.99780578692559,0.5314422076347374,2.4647259467743092,-1.4315991969591866,-1.0577539315391762,0.04307529025674089,-0.29040037699827775,-1.4385042676952833,-0.06141531535736395,2.403362862319982,0.11944026684863086,0.12707042211759856,-2.4821463645595547,-0.7859350665485869,0.309403711122507,-0.044349840317097405,0.4584053944949204,-1.3966032234872685,0.11908024404307749,-0.210397496391755,-1.2063081458688982,-1.4870754231854297
1.9925491063788638,1.239696116993023,2.5510526096723787,-1.6334674575929764,-1.2767522435601275,3.772941615162955,-1.7566265359909765,-1.5179658074061768,0.32443215712466567,0.7043615954483478,0.8199934117151616,0.2791114227429666,-1.420084382121002,-0.2341448911910913,-0.38449185873442204,0.059636434207061696,1.1908740275858303,0.7929145752220195,1.4192921223481854,0.8083220152686416,2.491224430815135,-2.0048697310168175,-0.49163073576245114,1.962430239763229,-1.86977324874811,1.074615669016899,-0.640225470799157,1.2019280413471332,-2.1989558151629236,0.5445930466380043,2.028103343439812,2.0289013033365437,-0.2796496004622588,-1.9833304248564867,-0.43581684403699134,-0.32037607957502734,-3.3118784678996294,1.8590692521500876,1.1718528498653527,0.20239721840302705,0.14380854983196495,-0.14823352714193352,0.05128701083332755,-2.414293573038387,1.058154571483116,0.1335285730255902,2.102654407274783,1.3372299014379196,-0.8303307779247431,0.33001895896490896,-1.3543027023164949,1.6437417118628368,-0.5167489329389545,0.023882733312380937,1.918738270731628,2.7504693543533163
-0.41220011386973227,0.035859834274725784,-0.3370987117840063,0.044012966512213154,0.37091323031848644,-1.7566265359909765,1.3126190722466706,0.5956840053799927,0.3378409691684789,-0.04024753339543093,-0.314750434084693,0.5028340941112236,0.3379002585952256,-0.3302712585383656,-0.3262444291591436,-0.253376796857061,-0.589288475200713,-0.7078495008214644,0.021155142743519772,0.22675899431375257,-0.5842864350052007,1.815227438733543,0.19651956788524907,-0.22693425281605886,0.7722064357255712,-0.4713220218220025,0.06926741648607032,-0.28043927909825783,1.2702547830943312,0.09451362722905837,-0.8343002730718059,-1.0440371431369482,0.050980486459809064,1.1499874434564186,-0.7302937457019341,0.16968666711019897,1.4664140002272283,-0.29748567518737473,0.12260074095898384,-0.019389291538580232,-0.4357562108153877,0.6750353384494122,-0.3289072587503326,0.5963527805610386,-0.639888642689729,0.07064710748429691,-0.3888562167424399,-0.2511636324955795,0.5875603105180488,-0.20855219587184118,0.4930622404565867,0.06223752100634899,0.3615800626648404,0.0797619431363082,-0.32544480054934855,-1.2230096292146624
-1.4936425033390177,-0.9779536781005022,-1.5681113031677256,1.3744183148894185,0.8932460984307734,-1.5179658074061768,0.5956840053799927,0.9598845765669022,-0.4075050768235592,-0.2816684960791158,-0.8578058453914859,-0.7113031567794955,1.110835281713465,-0.17571832843103682,0.4173292185985076,0.018400053325146135,-0.4256590976717134,0.07709914787135207,-1.2289161807950522,-0.5298119453616184,-1.5986157477859362,0.6108438078894453,-0.14303383434260986,-1.6581283350151732,0.70444830815999,-0.8429800504652429,0.5185369127412469,-0.5957037534506274,1.2458943752169338,-0.44623381438847326,-1.358716006977571,-1.0662247331054828,-0.06847438801822496,0.8487215194253895,0.41002271252399336,0.40143364442304846,2.1960173388697783,-0.9689008584478584,-0.7565928906514238,0.13733443527181016,-0.09533183532880185,-0.8427432643064565,0.034005264489079055,1.8419677558792649,-0.09742361862156385,-0.1881231150870785,-1.681342060386887,-0.7752915207178871,0.30790801824482045,0.02151978873869916,0.5518405817214751,-1.1207970662421283,0.059318892076955634,-0.07920003148068692,-1.0245617692735585,-1.4713929449801493
1.2040622059134756,1.0438784834556596,1.3943588230483934,-1.1893809509669255,-0.5324854674827831,0.32443215712466567,0.3378409691684789,-0.4075050768235592,0.6552350042031826,0.4036966963191257,0.46719410013115636,0.9216594303389458,-0.8598417839293305,-0.35036978282386044,-0.7260367524043594,-0.15243562253042112,-0.0124305924275731,-0.5143452213704682,1.130787041714821,0.7656147626893287,1.1854657905252686,0.7991292481446196,0.1322877968505647,1.2956211921355614,-0.16510122372245298,0.27734226846374294,-0.3830044873460957,0.420955507034267,-0.1335183659077736,0.5622024182679833,0.5498823864668103,0.21758381473727112,0.017551557859725432,0.0028674680095087295,-1.207370099146764,-0.18068616771930562,-0.9089809796885434,0.9346816574811493,0.9528278650745756,0.059174158917007884,-0.2957783015953775,1.1254307156739343,-0.2744449943344322,-1.2520203924654185,-0.20410136388971967,0.11062947684260334,1.3270674595043634,0.552621578525159,0.13516601361740643,-0.005574996027912835,-0.2547050934423807,1.2329246433087784,0.0937656258062934,0.17993225814505545,0.871919165324577,0.5086206204233406
1.4495203939891945,1.0897844805119121,1.2716159254582797,-0.8675256311732701,-0.4519513749076367,0.7043615954483478,-0.04024753339543093,-0.2816684960791158,0.4036966963191257,0.5569279170475512,0.3307417904328002,0.5517585448486516,-1.07786681650175,-0.5305475875606062,-0.6870412054711744,0.08591307884434196,0.0430603536327739,-0.24817727269363057,0.8558334448199886,0.5141468326462927,1.2739512660412076,0.32575877836861455,0.046521634329445276,1.1013033447109053,-0.15333891710576908,0.19232607500282536,-0.20761244840316634,0.37327370948173544,-0.33143415749166166,0.5619706809726693,0.5295477330081989,0.4828975253520849,-0.10085563916470447,-0.29288096049953,-1.2419644016222842,-0.16255949896551444,-0.9943523266768007,1.2247242509119707,0.9094305453767183,0.3256342588444289,0.006948404054545533,0.7163444772459449,-0.01623531404245512,-1.254668041817546,0.07761914225694568,-0.2882589540207458,1.4959387505261994,0.4125249416033779,-0.09663106186973376,0.27189826890980384,-0.31391268760803687,1.0630992371415222,-0.20852933171222668,0.21429318399291686,0.9009332132074791,0.6568685917303525
2.4301044917592187,1.5283006090236888,1.5772610655071995,-1.6315308847804726,-1.0025689529440092,0.8199934117151616,-0.314750434084693,-0.8578058453914859,0.46719410013115636,0.3307417904328002,1.2750477611235609,1.143678280823316,-1.9122166750339828,0.34766655531055385,-0.7596945084118846,0.22813103888428274,0.010448808509387958,-0.6643323251814535,1.5353911032051906,0.33677523036983376,1.9856896186514905,-0.16789623387534655,0.7344727775578194,2.2364358837482543,0.012457344722765792,1.0095828100530415,-0.500348333302726,0.35456291819293706,-1.3400631826636549,0.7076291223423292,1.5369560224827845,1.1590288514376486,0.27633214152535024,-0.6558526566808125,-0.8804900095291102,-0.7158920823172076,-2.656392547676882,1.2426881620853911,0.887822934680668,-0.1386640933772508,0.4844615798503587,1.8796498048031294,0.1920062939820745,-2.5563480217796375,-0.3958977554721111,-0.2080032106599683,2.7047430234450434,0.5579265395541582,-0.291849482405615,0.04110015178602474,-0.22205095359392107,1.2261317505520104,-0.07804091679212014,0.26151556935532994,0.9364859337360344,1.3812268981809477
2.765551557446283,2.065630199058843,2.1081971444876544,-2.2254610683826983,-1.0750218315112645,0.2791114227429666,0.5028340941112236,-0.7113031567794955,0.9216594303389458,0.5517585448486516,1.143678280823316,1.8319776590074497,-2.1114625180445747,-0.13615160643305393,-1.2424206250703533,-0.06482517639675035,-0.2142477673180682,-1.1119401389794428,2.0824478784925256,0.7930992828317637,2.2572378175026904,1.0714457417473433,0.7787671375802142,2.7853989387698146,0.16909457780025453,0.9703325593104168,-0.6724276764785161,0.4676734961771998,-0.815595464076832,0.9883204281074437,1.4511550147776033,0.8561007925180167,0.1924467949241464,-0.21694869622874352,-1.8584478257301884,-0.6279806087875457,-2.23267959072269,1.6812621102653489,1.4603824232830511,-0.08673408601012692,0.16570683582893067,2.5202803372245435,-0.1007650861949303,-2.825711937562751,-0.7096355934207412,-0.1893701589354246,3.132140477569414,0.7973753752093642,0.0018627907329212012,-0.09575717208928043,-0.1725643266969464,1.8462368007028211,0.09988295973975748,0.35323234240040746,1.3029419046032815,1.0433297060734492
-5.148902508741161,-3.3761289817923426,-3.0943856213816616,2.9358339951300954,1.704785922981263,-1.420084382121002,0.3379002585952256,1.110835281713465,-0.8598417839293305,-1.07786681650175,-1.9122166750339828,-2.1114625180445747,4.040839534241707,0.17647215611694858,1.7938647097396547,-0.5443497183841791,0.19844901395231676,1.2455385523390505,-2.798758190410685,-0.584721647251887,-3.949528026400796,-0.22314386067625827,-1.2622135317324923,-4.199189191832378,-0.3000737116063202,-1.591400572577675,0.7461568666776174,-0.6112241940381279,2.150629900633434,-1.5532320078652402,-2.593273291598618,-2.1821151147882802,-0.2369479581889802,1.2088056757751593,2.6806226286943327,1.1688718425302995,4.429129898006509,-3.1663750173010308,-2.0827888057908512,-0.280050438168458,-1.100388103326325,-3.37960247742335,-0.5231659475922082,4.832577334200003,0.5860960299306748,1.1128630024349844,-5.58979084484736,-0.939705515884656,0.5985643235073262,-0.4320775674878132,0.39802128518507246,-2.4865959248045786,0.4839767103364515,-0.6511820209782865,-2.0403747317624967,-2.30368407980954
-0.3469867774509651,-0.5143603957892934,-0.762662849635279,0.20393331849672758,-0.03789853650410902,-0.2341448911910913,-0.3302712585383656,-0.17571832843103682,-0.35036978282386044,-0.5305475875606062,0.34766655531055385,-0.13615160643305393,0.17647215611694858,0.9573456744610078,0.5079458254319136,0.09018670221354765,-2.516996616095488e-4,0.03455978047921043,-0.2559517844263656,-0.5971744986760648,-0.42555463380503283,-0.818716852493181,0.3859388173447765,-0.08587046106703274,0.1639143092227432,0.43264611113040613,-0.00857736202514582,-0.2862379488333413,-0.572604854092294,-0.3404960156009718,0.34853759578542876,0.24476416819224867,0.2870675680624351,-0.19827563885763919,1.218241107022881,-0.24701121003753707,-0.47406129279704406,-0.804572823003825,-0.7151086374723248,-0.49212764196555153,0.43389107813861666,0.07534421769970025,0.2423350047155245,0.031100657890509163,-0.2586487136486344,0.1517840661458083,-0.24401348884114857,-0.2180945877784253,-0.16198917768947194,-0.28760153399263894,0.24575157704581352,-0.7470212711099382,0.14254146326896397,-0.13033958112677677,-0.6181981004801277,0.10958300902743828
-2.3643123570275697,-1.7752614103220292,-1.8160180698941033,1.5560832262918836,0.7438652008725753,-0.38449185873442204,-0.3262444291591436,0.4173292185985076,-0.7260367524043594,-0.6870412054711744,-0.7596945084118846,-1.2424206250703533,1.7938647097396547,0.5079458254319136,1.1444060013148896,-0.09397306652854945,0.18122144867826012,0.8068477147858741,-1.5278617327359985,-0.7312620748561474,-1.9149231432315152,-0.9422466891089673,-0.44760547255923355,-1.9943101012460702,-0.16055754064623914,-0.45732643163566145,0.3947789184860714,-0.413081916459414,0.43758649175400116,-0.9067815559117846,-0.8836385385592613,-0.5994198854764571,-0.0341158578376587,0.1423319121736696,1.9061846467040742,0.4117165263253667,1.5856461186873896,-1.6609878672681875,-1.3392396896288272,-0.2613068923047935,-0.07093293718755093,-1.7916893152297848,0.047935781790161475,2.147304550373189,0.3425733366442419,0.37061502750809605,-2.542199793581459,-0.5542162707046404,0.006931966666019007,-0.21114391133558022,0.21512782165568542,-1.6106509323788871,0.11155588256603853,-0.35735815415659555,-1.1816708780124934,-0.7873472867946261
0.6268799679903502,0.26081122513074567,-0.0426092160802209,0.06510038759817598,-0.056400604684572725,0.059636434207061696,-0.253376796857061,0.018400053325146135,-0.15243562253042112,0.08591307884434196,0.22813103888428274,-0.06482517639675035,-0.5443497183841791,0.09018670221354765,-0.09397306652854945,0.30667034883673905,-0.1030434112250455,-0.07861223980492793,-0.010518164967713477,-0.2593993518098126,0.2999510913575568,-0.29375688470626937,0.24580809577772075,0.18294780566449495,0.2848214718987729,0.08651994092683948,0.10113473115922461,-0.1202745610005915,-0.3193167328080145,0.11354900722258336,0.1692401099218512,0.297907189866637,0.06391281625287272,-0.18211518231840507,-0.10306766513303348,-0.19088954583182824,-0.501829332245898,0.26622664099809434,-0.009448279323835459,0.12422150992275668,0.3991621156408286,0.24261824682228042,0.2914325898827398,-0.42531753732945793,-0.029710923417074316,-0.38139004847662555,0.6207264208586006,-0.17657607752222515,-0.18235237892312875,0.20780120052769624,0.08347607841319975,-0.06313949558605496,-0.20232709356097286,0.09894152061016509,-0.025643672481281857,0.19622816478458005
-0.17857813110143048,-0.1367938879135554,0.4319005819295248,-0.15840704956105012,-0.20951429205943323,1.1908740275858303,-0.589288475200713,-0.4256590976717134,-0.0124305924275731,0.0430603536327739,0.010448808509387958,-0.2142477673180682,0.19844901395231676,-2.516996616095488e-4,0.18122144867826012,-0.1030434112250455,0.5156723198267757,0.5090971813108235,0.09360496430506246,0.22365477478087523,0.25361568793134814,-0.8083114099268189,-0.3895093079406718,0.06130709645783993,-0.7860655486994077,0.18146928118501388,-0.14090202515635097,0.3643049447734864,-0.4912308977647241,-0.07386406073255908,0.35400735872866645,0.39662497058008384,-0.13911959295996829,-0.5221565566201687,0.37185659448487957,0.06898565089559464,-0.5174479511503969,0.09930633573554874,0.06627483568762255,-0.032180022880275605,-0.15654304275978267,-0.6110524787770065,-0.09918643832917405,-0.10065569051075696,0.468620732322245,0.32128761083520946,-0.18844613519918288,0.374650394029815,-0.2086290123300713,-0.004532472709056396,-0.4422514650719472,0.20170372854375707,-0.07064795781403548,-0.12565309896051202,0.37101046327892817,0.6653657226294859
-1.569957898861307,-1.1686607653787147,-0.7879803380453574,1.0187673782026418,0.3966092893594757,0.7929145752220195,-0.7078495008214644,0.07709914787135207,-0.5143452213704682,-0.24817727269363057,-0.6643323251814535,-1.1119401389794428,1.2455385523390505,0.03455978047921043,0.8068477147858741,-0.07861223980492793,0.5090971813108235,1.015840654227103,-1.0225485917177946,-0.2936611620627554,-0.9950129399627325,-1.2001538113118173,-0.7216825369339726,-1.3734988623580087,-0.7190099309426463,-0.3197306075171685,0.23328572546780116,0.030829487925413592,0.013446783399690894,-0.5947075118934502,-0.43528455395622934,-0.08052825224428008,-0.240312024087519,-0.35955270145860396,1.250154601776843,0.4058998903699677,0.8066220877497497,-0.748131332408667,-0.7055720271322609,0.024323749888819985,-0.14911126475848863,-1.8502608941438154,0.001757651648956524,1.3962843021977205,0.7489872519213813,0.2814531100926087,-1.7558251310401012,-0.10403041849444614,-0.1913250256630319,0.02768819007270031,-0.25834644721306826,-0.8435407902707032,-0.12733308687093153,-0.288419355635389,-0.37572342504258344,-0.03590262094656287
3.702395628393877,2.683316399123647,3.1271051616022416,-2.915709495442871,-1.5576984915037644,1.4192921223481854,0.021155142743519772,-1.2289161807950522,1.130787041714821,0.8558334448199886,1.5353911032051906,2.0824478784925256,-2.798758190410685,-0.2559517844263656,-1.5278617327359985,-0.010518164967713477,0.09360496430506246,-1.0225485917177946,2.7175013485073185,1.148308842905988,3.273120813273968,0.6239322923911232,0.713793549213343,3.6311284641439947,-0.33513372439778216,1.3273828101125396,-0.9111979671849688,0.8744162084508793,-1.511437377728514,1.2890643978803247,2.157071855179041,1.5129893455091772,0.14081244215986916,-0.8014110485064748,-2.2661751476719343,-0.7974153089600622,-3.4676608954898955,2.4471248131742813,1.9934932247531876,0.014583118922554998,0.20256847239046896,2.7754939039966633,-0.09350481462163776,-3.8467928822177244,-0.45608727201536936,-0.19334103015487483,4.115283775617117,1.2498321073605936,-0.22770470357221645,0.05007557921066226,-0.5949416554811865,2.568346737431784,-0.06414269326686632,0.42327528770273143,2.0202384265105637,1.9649483800221708
0.930244101546022,0.9534968632243302,1.708672746229948,-1.1978502627035246,-0.5371102555695079,0.8083220152686416,0.22675899431375257,-0.5298119453616184,0.7656147626893287,0.5141468326462927,0.33677523036983376,0.7930992828317637,-0.584721647251887,-0.5971744986760648,-0.7312620748561474,-0.2593993518098126,0.22365477478087523,-0.2936611620627554,1.148308842905988,1.097280838248797,1.2316184910341277,0.7488761259403393,-0.21474633434784257,1.130629744536851,-0.5759263462865417,0.11230273148719765,-0.42183012497422157,0.656877615512425,-0.015525455456785714,0.5732541082204681,0.43440741054941734,0.1300079025830228,-0.10827179112549669,-0.027571810408062353,-1.2812028032528489,-0.03154875388815861,-0.7885014922456888,0.9990172395365121,1.1051785905751728,0.15468002191132396,-0.6429540164293708,0.745286820827406,-0.47407058758670645,-1.0557904994795504,0.07889163144397897,0.35924161870098,0.989679520597734,0.7446531575307107,0.17506610275195908,0.04493127825204022,-0.503784158607208,1.4809176097327597,0.0915395570138762,0.13240238063693266,1.1157508040468966,0.6443497166218899
5.170441766760018,3.5456267963423547,4.031726057588709,-3.480216620752351,-2.0185150490397565,2.491224430815135,-0.5842864350052007,-1.5986157477859362,1.1854657905252686,1.2739512660412076,1.9856896186514905,2.2572378175026904,-3.949528026400796,-0.42555463380503283,-1.9149231432315152,0.2999510913575568,0.25361568793134814,-0.9950129399627325,3.273120813273968,1.2316184910341277,4.477604403052176,0.05092205357824997,0.8407847444920591,4.565933278799947,-0.5217187341020824,1.696299130350884,-1.0181346821527517,1.133448457510293,-2.3649704061810626,1.6837040764063491,2.912260489930454,2.3787163917659013,0.09531940002832295,-1.5016166998461113,-2.880096366066813,-1.0759384415199162,-4.91401668251485,3.5084390682541176,2.535667527027146,0.2899973236666293,0.6159415439710457,3.1715382989917753,0.18914151012397978,-5.137693496988572,-0.22461680522552097,-0.642260505817604,5.614242792903799,1.5044647550353234,-0.605823551381733,0.40141708025873446,-0.9079076742731247,3.1903725350690952,-0.4372808834598551,0.5939247048314739,2.698970053047497,2.921173683176943
0.3675997892906708,0.7724942938652158,0.45412575619628176,-0.5265959093462339,0.20989060437023196,-2.0048697310168175,1.815227438733543,0.6108438078894453,0.7991292481446196,0.32575877836861455,-0.16789623387534655,1.0714457417473433,-0.22314386067625827,-0.818716852493181,-0.9422466891089673,-0.29375688470626937,-0.8083114099268189,-1.2001538113118173,0.6239322923911232,0.7488761259403393,0.05092205357824997,2.823480622745189,0.287644614239189,0.38339765530852343,0.963660697494129,-0.5958297805357515,-0.051131601371026764,-0.1188616056877645,1.624245442795543,0.5312638538500432,-0.8594448580103616,-1.2189607569172882,0.03778320287878592,1.4614282754654593,-1.9002735205850225,0.12602376083176597,1.3672059030011159,0.3754006411091365,0.8103376451944346,0.20110203414078553,-0.7025206745069426,1.4779888993864112,-0.5190766113944675,0.01901762787947814,-0.8393589554197166,-0.02997238771583272,0.4049112532579797,-0.07254141987269286,0.8132647386753986,-0.08809254565691528,0.4611519069443715,0.8637455168978145,0.3922500795296717,0.2724232936047206,0.1565325559241511,-1.2768817679405529
1.511457741795598,0.8942722372198906,0.3130301332130413,-0.7378795907423777,-0.40028396981151126,-0.49163073576245114,0.19651956788524907,-0.14303383434260986,0.1322877968505647,0.046521634329445276,0.7344727775578194,0.7787671375802142,-1.2622135317324923,0.3859388173447765,-0.44760547255923355,0.24580809577772075,-0.3895093079406718,-0.7216825369339726,0.713793549213343,-0.21474633434784257,0.8407847444920591,0.287644614239189,0.8336572181626636,1.2410461220122964,0.6906898351371913,0.5859739502870661,-0.15079088374817484,-0.17587554529278665,-0.5730392260650433,0.37239821614323587,0.7099540687322201,0.49712484601571294,0.28583546524901965,-0.05785754811316962,-0.5057106800400387,-0.5126120137317197,-1.1937695048179315,0.5162762617692428,0.2754765060051982,-0.15108066925393157,0.6126860792166274,1.5058239509972653,0.3075937468456759,-1.407804069863494,-0.6472523531904412,-0.4322684028649119,1.722613338919408,-0.04257033089878757,-0.10942910604190925,-0.0359743707803633,0.2966514828713221,0.31259211067574927,-0.003298083621572682,0.212453853979131,0.10346266783779448,0.2962171717208078
5.454456587985348,3.7516614120825698,3.998877717391298,-3.919882268069331,-2.185133718882564,1.962430239763229,-0.22693425281605886,-1.6581283350151732,1.2956211921355614,1.1013033447109053,2.2364358837482543,2.7853989387698146,-4.199189191832378,-0.08587046106703274,-1.9943101012460702,0.18294780566449495,0.06130709645783993,-1.3734988623580087,3.6311284641439947,1.130629744536851,4.565933278799947,0.38339765530852343,1.2410461220122964,5.142113552426836,-0.2403679473235047,2.080760988341905,-1.1865070076320476,1.0213402558785327,-2.5190371325628944,1.7212679557686565,3.2490955022918295,2.4614236623925505,0.254998297990598,-1.3888048987373867,-2.851357016677129,-1.2589103985242984,-5.170214989728742,3.4147734905810396,2.534512177016488,-0.018573504103714427,0.7898431988660527,3.8893360856651737,0.19485941425209594,-5.577764524359063,-0.6924947161671187,-0.6070014624040233,6.071146770868001,1.5599266011188273,-0.5460837047740209,0.10790409569756312,-0.6940208859135382,3.2086183263707264,-0.23260491703136432,0.5994450695115271,2.6106862044547587,2.857423105816082
0.22784275904252596,0.0777059927082688,-0.9792965653897893,0.4727280409544896,0.3982279976829416,-1.86977324874811,0.7722064357255712,0.70444830815999,-0.16510122372245298,-0.15333891710576908,0.012457344722765792,0.16909457780025453,-0.3000737116063202,0.1639143092227432,-0.16055754064623914,0.2848214718987729,-0.7860655486994077,-0.7190099309426463,-0.33513372439778216,-0.5759263462865417,-0.5217187341020824,0.963660697494129,0.6906898351371913,-0.2403679473235047,1.3450828520631777,-0.25426931539245107,0.3158243101511823,-0.6775699948848112,0.634006006353252,0.03950822600301765,-0.5778099846868148,-0.5405303551227927,0.23178038684363017,0.7917406939609641,-0.2849399831006909,-0.15971117874558752,0.7747087247034643,-0.30568573949136346,-0.3213945096974901,0.020781063521602708,0.4326620936285207,0.8403062988230013,0.28812310045916156,0.2162532403063645,-0.7382295057666455,-0.5681005255271111,0.24968782009818277,-0.7328201997805625,0.2191915958799419,0.029137537924373867,0.7784895858945046,-0.5691545277726748,0.05632701912847559,0.16457428047661898,-0.7621828526948139,-1.0338272767810066
2.0204185348556107,1.2293205517098071,1.2926032338843347,-1.5163780357754901,-0.9630157040058595,1.074615669016899,-0.4713220218220025,-0.8429800504652429,0.27734226846374294,0.19232607500282536,1.0095828100530415,0.9703325593104168,-1.591400572577675,0.43264611113040613,-0.45732643163566145,0.08651994092683948,0.18146928118501388,-0.3197306075171685,1.3273828101125396,0.11230273148719765,1.696299130350884,-0.5958297805357515,0.5859739502870661,2.080760988341905,-0.25426931539245107,1.1814390606662906,-0.5157979613083444,0.3508176077571307,-1.5387369948892882,0.46983937795181663,1.6628155766444022,1.345285457249575,0.1715677901620596,-0.9231875251600047,-0.39280826047373085,-0.6002279390602834,-2.4799057735207852,1.065285323276713,0.6582055564072283,-0.25728238706720014,0.6123913806597883,1.3395257043708235,0.24121511006458626,-2.288606298159829,-0.2455787695391441,-0.180589626515573,2.3341226505175894,0.6291945082664749,-0.43217673086386926,-0.10697237178434583,-0.28528871420781016,0.8987590153254925,-0.09052465828926769,0.13369163194805858,0.8515694213139482,1.4262819691554
-1.011686029610739,-0.7516424100499814,-1.0613459750509346,1.0186237888680485,0.561137743610739,-0.640225470799157,0.06926741648607032,0.5185369127412469,-0.3830044873460957,-0.20761244840316634,-0.500348333302726,-0.6724276764785161,0.7461568666776174,-0.00857736202514582,0.3947789184860714,0.10113473115922461,-0.14090202515635097,0.23328572546780116,-0.9111979671849688,-0.42183012497422157,-1.0181346821527517,-0.051131601371026764,-0.15079088374817484,-1.1865070076320476,0.3158243101511823,-0.5157979613083444,0.37046739138042073,-0.35679499268585807,0.5858518985502099,-0.34741833426441177,-0.8054616760405161,-0.5353457184129189,-0.04709976719989434,0.35792831505859485,0.5297897322756868,0.23550927468338254,1.1937512588483081,-0.6786812547883405,-0.6044673903859296,0.0952863685244115,0.01151242640763105,-0.77920266008907,0.09778120014864264,1.2013049735281307,0.09301219376379903,-0.10292644903667719,-1.1612260172315643,-0.5171650569437688,0.07885889108891905,0.07827532799588745,0.2762823244533208,-0.8271566347831356,-0.03861644996574136,-0.08018681308172246,-0.6818009702745156,-0.7425018213107364
0.9006602948616728,0.7292949386858907,1.3472562659258664,-0.9604020636476363,-0.5556544978068508,1.2019280413471332,-0.28043927909825783,-0.5957037534506274,0.420955507034267,0.37327370948173544,0.35456291819293706,0.4676734961771998,-0.6112241940381279,-0.2862379488333413,-0.413081916459414,-0.1202745610005915,0.3643049447734864,0.030829487925413592,0.8744162084508793,0.656877615512425,1.133448457510293,-0.1188616056877645,-0.17587554529278665,1.0213402558785327,-0.6775699948848112,0.3508176077571307,-0.35679499268585807,0.5628794731872919,-0.5486060068452676,0.377981817631192,0.7130643101713895,0.5541127686727956,-0.10279209763010567,-0.4821968555739107,-0.6559327431390901,-0.10253536895228015,-1.1484231112610173,0.8713992007851294,0.7608709369423357,0.08180447529146022,-0.22583034904600932,0.34890822913681035,-0.19444548312988447,-1.0744797911151909,0.24240443791641209,0.1897051960915232,0.972523629855776,0.6554141715182197,-0.11763678389635368,0.062195271751571975,-0.523540091335276,1.0344746049390003,-0.06205379742060819,0.06116688727273097,0.937517904805071,0.9283450861173276
-2.7185153692183084,-1.500911805291405,-1.7256288255893202,1.729243395742834,1.2933543806251457,-2.1989558151629236,1.2702547830943312,1.2458943752169338,-0.1335183659077736,-0.33143415749166166,-1.3400631826636549,-0.815595464076832,2.150629900633434,-0.572604854092294,0.43758649175400116,-0.3193167328080145,-0.4912308977647241,0.013446783399690894,-1.511437377728514,-0.015525455456785714,-2.3649704061810626,1.624245442795543,-0.5730392260650433,-2.5190371325628944,0.634006006353252,-1.5387369948892882,0.5858518985502099,-0.5486060068452676,2.4279696689243115,-0.5600783775927246,-2.3144321404448354,-2.118078904945635,-0.15188822010888195,1.6731104860960535,0.23652662177902528,0.7959563623765075,3.6665024138832085,-1.529165836149697,-0.7623386266961321,0.17595296235682048,-0.9729312014004543,-1.2133075276263445,-0.49558891112258074,3.0205879747628215,-0.09285995071487424,0.36366821218771367,-3.03988549971405,-0.8171340016761526,0.8269740866337223,-0.0944755261766262,0.5929136939357189,-1.060795037554593,0.37225179202210584,-0.15023052897409905,-1.2029029284315784,-2.3049422199420277
2.0391356020601488,1.4773352026819322,1.5565739506518734,-1.323231367681835,-0.6835217018405669,0.5445930466380043,0.09451362722905837,-0.44623381438847326,0.5622024182679833,0.5619706809726693,0.7076291223423292,0.9883204281074437,-1.5532320078652402,-0.3404960156009718,-0.9067815559117846,0.11354900722258336,-0.07386406073255908,-0.5947075118934502,1.2890643978803247,0.5732541082204681,1.6837040764063491,0.5312638538500432,0.37239821614323587,1.7212679557686565,0.03950822600301765,0.46983937795181663,-0.34741833426441177,0.377981817631192,-0.5600783775927246,0.7430193019899866,0.8734067998008366,0.6505414078838839,0.03739638831836618,-0.272111958395895,-1.4647930478242805,-0.383686224313015,-1.5616070475478179,1.4055648056564927,1.089905911259746,0.19664154338081577,0.12701811293828272,1.443087707321058,0.006495910511075606,-1.900108121728799,-0.22277650746069344,-0.30333469364988763,2.1931180336869445,0.4966846783607554,-0.08615129588421319,0.18926460944736875,-0.23666014877304228,1.3323319556349924,-0.12911571876123806,0.2861591727286586,1.0187520122611078,0.83439535508282
3.33817344115007,2.098827233193781,2.419802586955415,-2.419618787616131,-1.5414201805227545,2.028103343439812,-0.8343002730718059,-1.358716006977571,0.5498823864668103,0.5295477330081989,1.5369560224827845,1.4511550147776033,-2.593273291598618,0.34853759578542876,-0.8836385385592613,0.1692401099218512,0.35400735872866645,-0.43528455395622934,2.157071855179041,0.43440741054941734,2.912260489930454,-0.8594448580103616,0.7099540687322201,3.2490955022918295,-0.5778099846868148,1.6628155766444022,-0.8054616760405161,0.7130643101713895,-2.3144321404448354,0.8734067998008366,2.5325126143414844,2.0917696393817047,0.18195813949586895,-1.51171886608277,-1.0209492432297944,-0.8736041764103654,-3.9313659829563616,1.9999278590878138,1.30296770847445,-0.17184973540056334,0.7807337730207936,1.9864701293561395,0.3057302249306369,-3.6390002497457603,-0.15994039484367517,-0.32619595573224125,3.745773515506052,1.0882579358825732,-0.6547575973939894,0.0250892469946448,-0.6333234950938744,1.7225545568004212,-0.25085761175382737,0.2646391118636436,1.6163085433257607,2.3657585212280847
2.7827283546372588,1.6406842700574844,1.8154787408700188,-1.704370546035045,-1.2029189308495916,2.0289013033365437,-1.0440371431369482,-1.0662247331054828,0.21758381473727112,0.4828975253520849,1.1590288514376486,0.8561007925180167,-2.1821151147882802,0.24476416819224867,-0.5994198854764571,0.297907189866637,0.39662497058008384,-0.08052825224428008,1.5129893455091772,0.1300079025830228,2.3787163917659013,-1.2189607569172882,0.49712484601571294,2.4614236623925505,-0.5405303551227927,1.345285457249575,-0.5353457184129189,0.5541127686727956,-2.118078904945635,0.6505414078838839,2.0917696393817047,1.9457373881820779,0.06450074786582531,-1.5055844317770961,-0.6600757722451011,-0.6982663031435198,-3.3117580453508437,1.7389710904018618,0.9435643861274965,-0.0059939736665120735,0.8709510247527489,1.2141786212663386,0.44344525329443785,-2.921966138003256,0.10578339786983387,-0.4866741817880522,3.0686093421621328,0.7965421270332744,-0.74099727589081,0.1829819763199535,-0.5788127331690823,1.202088713684223,-0.4111057578388147,0.20459151954873062,1.2986579422940845,2.095357984781893
0.25675115125585035,0.10610435304880114,-0.04791460701302157,-0.1486238255023819,-0.09646243500781285,-0.2796496004622588,0.050980486459809064,-0.06847438801822496,0.017551557859725432,-0.10085563916470447,0.27633214152535024,0.1924467949241464,-0.2369479581889802,0.2870675680624351,-0.0341158578376587,0.06391281625287272,-0.13911959295996829,-0.240312024087519,0.14081244215986916,-0.10827179112549669,0.09531940002832295,0.03778320287878592,0.28583546524901965,0.254998297990598,0.23178038684363017,0.1715677901620596,-0.04709976719989434,-0.10279209763010567,-0.15188822010888195,0.03739638831836618,0.18195813949586895,0.06450074786582531,0.16260031331917338,0.02994374608235593,0.06677347526329468,-0.1726696666746163,-0.33762608551309214,-0.08281940255184193,-0.05757713546043561,-0.14032871371829464,0.15241729612017632,0.4649196384304502,0.0757664612372729,-0.292864388070615,-0.24685410803177882,-0.025339674850641397,0.3134824460839053,-0.06427699555331286,0.011272601631548685,-0.07030025639503382,0.13690313721475353,-0.035510718369536336,0.0696871650547387,0.04098286295502506,-0.11827666549428782,0.029362650838979484
-1.5530548189351834,-0.8210484838334687,-1.1996361025527917,0.9704868630613126,0.8210167270477278,-1.9833304248564867,1.1499874434564186,0.8487215194253895,0.0028674680095087295,-0.29288096049953,-0.6558526566808125,-0.21694869622874352,1.2088056757751593,-0.19827563885763919,0.1423319121736696,-0.18211518231840507,-0.5221565566201687,-0.35955270145860396,-0.8014110485064748,-0.027571810408062353,-1.5016166998461113,1.4614282754654593,-0.05785754811316962,-1.3888048987373867,0.7917406939609641,-0.9231875251600047,0.35792831505859485,-0.4821968555739107,1.6731104860960535,-0.272111958395895,-1.51171886608277,-1.5055844317770961,0.02994374608235593,1.3985033947356453,0.040346649691672835,0.37728858025064,2.3419526791791836,-1.0881972357194352,-0.4917493912658743,-0.015708626193106555,-0.5830222465809191,-0.19568093358270552,-0.32925593472050685,1.7376487878157016,-0.43094614801417175,0.25704984279713644,-1.6826526249512708,-0.6265057676657646,0.6414897774781808,-0.1666476604496095,0.6113510375660349,-0.6439546746380255,0.374877373516195,-0.05357484213016019,-0.909451807320453,-1.6792600172025662
-3.570564758383839,-2.8078143822394654,-2.883762225986725,2.2783348128123095,0.99780578692559,-0.43581684403699134,-0.7302937457019341,0.41002271252399336,-1.207370099146764,-1.2419644016222842,-0.8804900095291102,-1.8584478257301884,2.6806226286943327,1.218241107022881,1.9061846467040742,-0.10306766513303348,0.37185659448487957,1.250154601776843,-2.2661751476719343,-1.2812028032528489,-2.880096366066813,-1.9002735205850225,-0.5057106800400387,-2.851357016677129,-0.2849399831006909,-0.39280826047373085,0.5297897322756868,-0.6559327431390901,0.23652662177902528,-1.4647930478242805,-1.0209492432297944,-0.6600757722451011,0.06677347526329468,0.040346649691672835,3.4091925412457735,0.4629828782124277,1.910702575873576,-2.764681989052879,-2.2545076986837955,-0.6397421968123622,0.07675500897293015,-2.6018777074417407,0.15870565840353626,3.0300957632090206,0.4274522270352206,0.6979585824003908,-3.7632572810063816,-0.8239470490507458,-0.11192815203722929,-0.457151467931442,0.3535513196822652,-2.610166567270106,0.22898265190214587,-0.6071280441529515,-1.918341916683372,-0.9306793211698209
-1.4550196216687519,-0.8749773752502121,-0.7273667258922544,0.8459420404977256,0.5314422076347374,-0.32037607957502734,0.16968666711019897,0.40143364442304846,-0.18068616771930562,-0.16255949896551444,-0.7158920823172076,-0.6279806087875457,1.1688718425302995,-0.24701121003753707,0.4117165263253667,-0.19088954583182824,0.06898565089559464,0.4058998903699677,-0.7974153089600622,-0.03154875388815861,-1.0759384415199162,0.12602376083176597,-0.5126120137317197,-1.2589103985242984,-0.15971117874558752,-0.6002279390602834,0.23550927468338254,-0.10253536895228015,0.7959563623765075,-0.383686224313015,-0.8736041764103654,-0.6982663031435198,-0.1726696666746163,0.37728858025064,0.4629828782124277,0.43967324157366466,1.4868459132158152,-0.6963750544782953,-0.4263059276019847,0.07425941959268108,-0.43026978012936584,-1.1054005486333238,-0.207928489961628,1.4654512759014875,0.2838112450408226,0.25632537980041653,-1.6217181309627584,-0.2198280504103396,0.2050836760586921,-0.03628556836463562,0.03647851798937817,-0.5590359231508516,0.08143768192124774,-0.15958853472907866,-0.4305132319841478,-0.7177435341600191
