V1,V2,V3,V4,V5,V6,V7,V8,V9,V10,V11,V12,V13,V14,V15,V16,V17,V18,V19,V20,V21,V22,V23,V24,V25,V26,V27,V28,V29,V30,V31,V32,V33,V34,V35,V36,V37,V38,V39,V40,V41,V42,V43,V44,V45,V46,V47,V48,V49,V50,V51,V52,V53,V54,V55,V56
0.8171396773255154,0.8929479599606918,0.25153055160345805,0.6890130883759042,-0.560972831592393,0.7515673072087566,-1.179994037313062,0.4815833469116428,-0.8622787378114392,0.2732286432241812,-0.30151597709420386,-0.751682104651167,-0.8743496748689978,-0.3831472511536112,-0.46571167835121663,-0.7593887012733765,-0.856858002515108,-0.13793221496623734,0.14759012727735482,-0.7813443915370122,-0.7208372336065693,0.6277379249973686,-0.14164755236976825,-0.1973684366754022,-0.2240079991105881,-0.43039600932780586,0.029790314057835124,0.39255075174591786,1.0682261116870964,-0.36543669276556523,0.6390634558070197,-1.111793353513378,-0.828811801171576,0.11680832133916591,-0.14754531323442246,-0.21624557131113964,-0.6186796122974085,1.1853682404054864,-0.3924976526968823,1.3238557694999409,0.3760208252796666,0.6135028794437476,0.9950590903988896,0.1263637101754383,-1.1075828647922001,0.0033761120201390477,-0.6329344284547398,-1.6541312243198034,-0.23660058641386764,0.29560642393779385,0.22236766374203965,1.4231578015659485,-0.19531170426083422,-0.2809916054137757,0.1294509260942527,-0.08460908028980775
0.8929479599606918,2.5458812473138495,0.21661134934453116,-3.0686405807006807,-2.0164321764513766,-2.5981028987838966,-1.8885130100260197,0.5574611998614502,1.8661081019765333,0.4611345914666751,-1.4462899975391974,-0.4436753204184058,-0.18815443620285593,0.7872603450493427,-1.050153244202651,0.14288895740725713,-2.5725497056865754,-1.2522854260880514,1.526266054147463,-3.903503911363588,-0.979281666931726,0.4432907588956103,-2.700383961293038,1.8337297334979845,-1.6923607257736892,-2.532173960685169,-0.37753285110554086,-0.24585545931938402,1.5697225161671136,-1.8654741164135147,-0.5942514300438826,-2.7930238481660297,-3.2035072039758306,0.9184153075141869,1.3941224241027168,-1.1981356468012159,-2.1031984906161845,0.8893131345474132,0.9733948439430039,1.753107398581973,-1.5584778032645263,2.0082924040298584,-0.9301303419675447,0.5796194700006577,-1.9636768207473057,1.8955588000283219,1.113710385442201,-3.5277585162252207,-0.7978281718270397,1.7714975219411933,-1.3537134099253902,1.2527465022009454,-1.796420376412433,-3.0208395058206343,1.633867295134425,-0.7704008661886808
0.25153055160345805,0.21661134934453116,0.07975948606731062,0.3540998095273722,-0.1199846355378175,0.3580638440254118,-0.3409283933646477,0.14715476770510433,-0.36951417499728706,0.07750632198995856,-0.05149022234361192,-0.24544688710313778,-0.29736477290309005,-0.16221362531233002,-0.12295313095944435,-0.2694418874198842,-0.20255200718404887,-0.0015416645727738066,-0.0045309830574977155,-0.12681107936890437,-0.21444401331885912,0.2016591802280435,0.05063336801415088,-0.13668558692389518,-0.015195166804509802,-0.05586690889640005,0.024525713106022654,0.1457290197118725,0.3137488337027247,-0.05810624539246142,0.24494782907120194,-0.2827643785411873,-0.1694436226858052,0.006210597885849251,-0.10286713363529054,-0.03051023163358682,-0.13751009185675103,0.37955757653051597,-0.17269081412648313,0.39588711662866943,0.18838360875218235,0.13894219382225964,0.3809230790067706,0.02183116945232813,-0.3129013743159412,-0.06895898818174528,-0.261489617787963,-0.445084361002662,-0.05257358806688671,0.03708605640586136,0.12749649212969247,0.44904914270465834,-0.0011212557486580364,0.014297986591469934,-0.015137988799607722,-9.381978085945147e-4
0.6890130883759042,-3.0686405807006807,0.3540998095273722,9.882898733699141,2.9436674715235336,8.95627639170134,0.46318672202698663,0.3302229505408879,-7.5624880971423725,-0.16599603284593992,2.4638908696821327,-1.5533009513790803,-2.6045622112880977,-3.257741420147849,0.925077036039535,-3.0074089709885654,3.260605531830172,2.5649228054424382,-3.1970303751089766,6.764714373886472,-0.14110643200707182,1.1192689485961334,6.076224740669717,-5.154509294287358,3.3345407405937038,4.655740723181173,1.023441548053798,1.9733274824641729,-0.078869386054326,3.2603891345346336,3.6853773094858164,2.9047296561447666,4.8944986272136335,-1.826742580462778,-3.9097910325779495,2.1592011850984916,2.9518939777030715,1.987272278409473,-3.7439421388625966,0.37010416154821235,5.109955598915268,-2.7393911776534314,5.749311637159927,-0.9690007107701728,0.8998059922668883,-4.60168140602945,-4.927503794518561,2.7924308974158567,1.113404332585648,-3.2764959394497795,4.073618556001969,1.9358327630889454,3.688617557581196,6.368489598578731,-3.522846730399691,1.578696711440994
-0.560972831592393,-2.0164321764513766,-0.1199846355378175,2.9436674715235336,1.6417965062596875,2.5399029979316152,1.3457799527863257,-0.35823790825529744,-1.9178990438954706,-0.33492368443401427,1.2048260412186524,0.17821189569745446,-0.08472202283744741,-0.8132016912168797,0.8046519314677478,-0.3466861818316065,2.052542190943889,1.0794765046611405,-1.3189380785337959,3.264316895120867,0.6673050726738251,-0.21609990251823133,2.3718364370984304,-1.6959713699011698,1.447865750165471,2.1388631276705823,0.34660953704178826,0.3331814719490196,-1.0935319249187578,1.5613142793797687,0.7176504154575041,2.1771223448581685,2.6244000013070012,-0.7884797910050266,-1.288022780936977,1.0095070902907384,1.7002834855280982,-0.4522328274488974,-0.983424432311544,-1.1836461137476222,1.5006196854319547,-1.617987273370828,1.1193898688602788,-0.4838813986656094,1.434029231444728,-1.6926485453675615,-1.1780321066423867,2.674092726147938,0.6453531515613792,-1.4982355679773294,1.2738500444032674,-0.7075631844582455,1.5499895611973709,2.6189734703823535,-1.4214500438463957,0.6638880409126117
0.7515673072087566,-2.5981028987838966,0.3580638440254118,8.95627639170134,2.5399029979316152,8.138253097320105,0.21926019890116474,0.3749266115381944,-6.909362518500475,-0.10222508685858503,2.1549843361944188,-1.5139777223303899,-2.475474421799586,-2.979173857676527,0.7501012857981869,-2.8172398149871243,2.7748313079958207,2.2721009927831144,-2.8375529280994822,5.922545206146828,-0.24607746412972206,1.106390772311729,5.413781589090186,-4.644888663918274,2.946488885610878,4.094397974906361,0.9203770456851573,1.8308279764587994,0.1062815618847439,2.856895658096166,3.4026120140630334,2.413430347616792,4.241555054480391,-1.6143751693387611,-3.523232675838779,1.895485786705972,2.5390148244509296,1.9748368643849994,-3.41512220436718,0.5504787691312906,4.635207010273637,-2.34915717157707,5.309191449696176,-0.8447628051522541,0.6218730044109552,-4.117236990121166,-4.514203062217035,2.224612627163136,0.9566245876271071,-2.8824866900192587,3.6820593155323524,1.9678363607326066,3.2676113671791924,5.651619069428909,-3.131484630970417,1.3986657316263202
-1.179994037313062,-1.8885130100260197,-0.3409283933646477,0.46318672202698663,1.3457799527863257,0.21926019890116474,1.9325619714212634,-0.7073074340473685,0.17372011379690228,-0.4568063690111939,0.8614603395051087,0.9413270285148877,0.9699496733699854,0.09335876619263996,0.8791430302519744,0.7256286396970397,1.8618190143176905,0.6194842869931293,-0.7336453691993755,2.2920864090078195,1.1141537319100492,-0.8141252592873949,1.1756992382214668,-0.4968711701850986,0.875801090783761,1.4082331135553599,0.11350077473151986,-0.3094517965923453,-1.6961611264853278,1.0870884217925803,-0.4295571579735988,2.207955074621004,2.073716574746469,-0.47054824923927,-0.38025842876934296,0.6793907885082366,1.437898791100089,-1.5569772308564513,0.03181969935512621,-2.028735871460877,0.20822411890695322,-1.3964862174398787,-0.667259536063507,-0.35121150606370755,1.886869753693835,-0.7266146308730284,0.2253087301860236,3.045069184390815,0.5475176644341663,-0.979581228848318,0.2880147099133601,-1.9398234578768931,0.8861160638685968,1.4412153707663606,-0.7561867892243974,0.38082096548934397
0.4815833469116428,0.5574611998614502,0.14715476770510433,0.3302229505408879,-0.35823790825529744,0.3749266115381944,-0.7073074340473685,0.28447261082702446,-0.45233374175421254,0.16402073712149293,-0.19993954604806263,-0.4355204783539,-0.49994983608610666,-0.2016478656721956,-0.2850893813608708,-0.4280495102336402,-0.5372967476230969,-0.10316107966548017,0.11439271437737204,-0.5208582342959932,-0.42849368452237546,0.3648959421073535,-0.13415427644696662,-0.07555031981148312,-0.1607641202193446,-0.29457795637763157,0.009466800981875122,0.21788114975442968,0.637498945909069,-0.2445117816651096,0.3510623514307577,-0.686213927771741,-0.5339449171037931,0.08438519649936589,-0.05594106876078123,-0.14640376854303994,-0.39298739391732074,0.6903702094380536,-0.20338814881872203,0.7862021677640068,0.18229351420629641,0.3880432756754821,0.5462539809795405,0.08296023599910085,-0.6676923802728757,0.039665595592744435,-0.3370110844263274,-1.0089377854030663,-0.1500536133005321,0.2029303876325442,0.0992425518013044,0.8326285638062373,-0.14645219969612647,-0.21948626206471952,0.1061105511304828,-0.06335612543575916
-0.8622787378114392,1.8661081019765333,-0.36951417499728706,-7.5624880971423725,-1.9178990438954706,-6.909362518500475,0.17372011379690228,-0.45233374175421254,5.933261560895375,0.002082069993880905,-1.6794943475905237,1.4688314844978598,2.295273619552932,2.561667035777579,-0.4764546884208908,2.5414860097635033,-2.0221199173624065,-1.8247454576857738,2.2861995099464445,-4.630014519081776,0.41821163859776317,-1.096860586794249,-4.403902745600112,3.87406213875368,-2.3528184593039767,-3.2337302303345457,-0.764858784569328,-1.6213663763408672,-0.4075724818791072,-2.2368235034910136,-2.986236884784047,-1.6488937719364,-3.235157771213852,1.2909128286270033,2.9378834772248057,-1.4919735421510367,-1.899812823721959,-1.977338321679659,2.922545741269452,-0.8490341362517514,-3.9196497832532065,1.7454571332483395,-4.6588278026098475,0.6559810354178949,-0.1786624145151917,3.380498426189949,3.897309561930125,-1.3311478954077707,-0.7147643211438311,2.278794635495605,-3.0907692343275053,-2.0428986727751712,-2.6251819429546805,-4.557487160255535,2.5330722282652487,-1.1233649228577138
0.2732286432241812,0.4611345914666751,0.07750632198995856,-0.16599603284593992,-0.33492368443401427,-0.10222508685858503,-0.4568063690111939,0.16402073712149293,0.002082069993880905,0.1100561178302204,-0.21606950141911294,-0.21206723323572096,-0.21372215498627348,-0.004802972531168315,-0.21281073818369195,-0.154532241467058,-0.4575480107723536,-0.16032002944103727,0.1884270599400741,-0.5788152533699538,-0.2619643962704407,0.18666113241349833,-0.3102178984826905,0.14583921941386901,-0.22493938782042744,-0.357768793719502,-0.032958916917053147,0.061861146980448804,0.399309841628517,-0.2739356718292544,0.07895668919448161,-0.5381482203151465,-0.5164319355582082,0.12226324484515892,0.11084944169615518,-0.1730985170955988,-0.3545621323632205,0.3555832807425556,0.013431993551106743,0.47521058679454137,-0.07674729145000453,0.34453102279709175,0.12459260110798288,0.09021609760665847,-0.4486110197854376,0.19636028137595793,-0.025780956606789744,-0.7320625108573131,-0.13576151418035987,0.24935156630942795,-0.09032081998115168,0.44536124224853013,-0.23007615364155568,-0.3752670038526824,0.1965272722821473,-0.09832517012510078
-0.30151597709420386,-1.4462899975391974,-0.05149022234361192,2.4638908696821327,1.2048260412186524,2.1549843361944188,0.8614603395051087,-0.19993954604806263,-1.6794943475905237,-0.21606950141911294,0.9057093878883427,0.008709094388443217,-0.2233225783989322,-0.7167248878833673,0.556610158377429,-0.4119588064553651,1.479664927084705,0.8343990893654805,-1.025819961070937,2.457165261538633,0.4020227134223183,-0.058627720273902076,1.8630815759463593,-1.3849814298167211,1.1122760558813904,1.6253207188721042,0.28060813731111883,0.3352479787218042,-0.6802925737840554,1.1777096729831407,0.6834351299366485,1.5321216539874496,1.9399618724291448,-0.6053047624218174,-1.052047846201165,0.7636940910125345,1.2434064981085011,-0.1483290359425617,-0.8527315584644275,-0.7062884118928966,1.2623542725345793,-1.1778243622234215,1.0680293608793021,-0.36023445872612264,0.944480792188519,-1.3470557410019561,-1.0508173599758108,1.8337323702333272,0.47072528445360284,-1.1392561197406332,1.0538127837649685,-0.30984143063158337,1.1978666180749376,2.033916728421562,-1.1095666039724936,0.5134695205387543
-0.751682104651167,-0.4436753204184058,-0.24544688710313778,-1.5533009513790803,0.17821189569745446,-1.5139777223303899,0.9413270285148877,-0.4355204783539,1.4688314844978598,-0.21206723323572096,0.008709094388443217,0.7823622481319615,0.9888422615399257,0.6424537740223153,0.29809835570824855,0.932465071672786,0.3944272407756704,-0.13814960218862446,0.19243017647121582,-0.015114838741659023,0.6169073083915204,-0.6356718091298008,-0.4820722120478407,0.6745864648624141,-0.14221638351673688,-0.1001675247679919,-0.12610604636587094,-0.5234169246294601,-0.8858036168524942,-0.016564111859590648,-0.898932704313419,0.6428002912067712,0.20947552092171434,0.0829151329502817,0.5098481683379226,-0.03258658799017355,0.2257795240167239,-1.1879853555102884,0.6983861469130197,-1.1440106820819937,-0.8195800596422227,-0.24240639152181936,-1.4006659972187792,-0.009815543704410635,0.8375919609615429,0.4519951736508445,1.0164843322275752,1.1076998990718336,0.08783269287918848,0.07660249283186078,-0.5886446415091909,-1.381846270754583,-0.20125665160192624,-0.3944455271370358,0.23985867162792893,-0.08525834786499438
-0.8743496748689978,-0.18815443620285593,-0.29736477290309005,-2.6045622112880977,-0.08472202283744741,-2.475474421799586,0.9699496733699854,-0.49994983608610666,2.295273619552932,-0.21372215498627348,-0.2233225783989322,0.9888422615399257,1.3109025731705295,0.9999958536632453,0.23426844087053147,1.2885048054443178,0.11793900532079218,-0.39068145154157197,0.5101213908480161,-0.6535570056034778,0.6781603153216015,-0.7911052265467198,-1.0927822244666978,1.2128930092143786,-0.4676719576090244,-0.5469392676362849,-0.23208744838040613,-0.7500272459624299,-0.9465638622415342,-0.32550685225968445,-1.3151172684555854,0.4197166248283659,-0.23550300677643263,0.2608896783401904,0.9183513452175964,-0.23814107873107115,-0.03547319566863541,-1.4673328524019928,1.105512812316618,-1.2671428958781559,-1.3654074008561166,-0.0030106214776183977,-2.051014420584047,0.07959523569448275,0.8170834606631259,0.9212299313606253,1.5599964012175997,0.9296636865331529,-0.010029233483547225,0.39133470688860583,-1.0185323783524989,-1.6709515771329169,-0.5642488663372497,-1.0254234192632683,0.5913821078273438,-0.24084807919330284
-0.3831472511536112,0.7872603450493427,-0.16221362531233002,-3.257741420147849,-0.8132016912168797,-2.979173857676527,0.09335876619263996,-0.2016478656721956,2.561667035777579,-0.004802972531168315,-0.7167248878833673,0.6424537740223153,0.9999958536632453,1.1072009753443623,-0.19647175026997282,1.1042971966317057,-0.8536011099833118,-0.7812818320990127,0.9810712966710634,-1.9745219211933287,0.19176489575655126,-0.4823049972128801,-1.8893795810487015,1.666939159324128,-1.0066762270147822,-1.3815340681907728,-0.3285641029864651,-0.7027699259550799,-0.19219273950828863,-0.9547990948166493,-1.291723055330538,-0.6882918577585726,-1.3751127363361104,0.5514975074128288,1.2645194690358719,-0.6363612847247806,-0.8061014741740387,-0.8687139398866309,1.2615436665449336,-0.38605820728754764,-1.6901283649032244,0.7391993628495036,-2.0167957861072368,0.27801635436594074,-0.05906779192599939,1.452051793074322,1.6843158631171837,-0.5448989440342924,-0.30259223078283964,0.9734787069719519,-1.3311939072423289,-0.9002721478130405,-1.1235534496261834,-1.952356466972432,1.0866412953579774,-0.48116952564592913
-0.46571167835121663,-1.050153244202651,-0.12295313095944435,0.925077036039535,0.8046519314677478,0.7501012857981869,0.8791430302519744,-0.2850893813608708,-0.4764546884208908,-0.21281073818369195,0.556610158377429,0.29809835570824855,0.23426844087053147,-0.19647175026997282,0.45259045316352636,0.09823027746609037,1.0532966971616642,0.45842123398250817,-0.5533801536830237,1.497604941440203,0.4774860636345403,-0.275175643642878,0.9578415436355598,-0.5937810295738657,0.6267627655351339,0.956265404849069,0.12464617096978456,0.008631188380886107,-0.7477866080423647,0.7136447899918569,0.0818684676333019,1.1793350204713282,1.2652447189481746,-0.3399172011665298,-0.45158744684287633,0.45548579236656667,0.8445204039897045,-0.5363276722113904,-0.2594113888658278,-0.8606018849023611,0.46377141346114437,-0.8113352557828563,0.1279281103720733,-0.2254922561325455,0.8910848772281511,-0.6537201967885722,-0.26101093759220567,1.536199794573188,0.32120360366729095,-0.6680916327474556,0.4233172995483025,-0.707299969373728,0.6574907046066799,1.0958228210458594,-0.5875163055313549,0.2818309591767499
-0.7593887012733765,0.14288895740725713,-0.2694418874198842,-3.0074089709885654,-0.3466861818316065,-2.8172398149871243,0.7256286396970397,-0.4280495102336402,2.5414860097635033,-0.154532241467058,-0.4119588064553651,0.932465071672786,1.2885048054443178,1.1042971966317057,0.09823027746609037,1.309299137712807,-0.21622201540333014,-0.5541629515740534,0.7100904476757737,-1.1619723534673998,0.5519902132451958,-0.7350651909309414,-1.4459479894382132,1.453349575780501,-0.6885288085522595,-0.8771379389308959,-0.2814204290844738,-0.7832189964790197,-0.7437610794962046,-0.5687494709255099,-1.3940726285566243,0.05767335794033133,-0.6523425954349569,0.3804105977035565,1.1013178936718135,-0.39406566736415566,-0.3092430228911397,-1.35403890438321,1.2339013923490814,-1.0410308885248163,-1.5705567833438308,0.25809361093489724,-2.175183836156923,0.15451531334806617,0.5627752348290039,1.1693984696496065,1.7074432341915042,0.47213854416573775,-0.11364408184452923,0.6222767110097334,-1.1963251655458573,-1.5105251074328163,-0.7985882303818813,-1.4199074351412206,0.8052004356630131,-0.34149075009460217
-0.856858002515108,-2.5725497056865754,-0.20255200718404887,3.260605531830172,2.052542190943889,2.7748313079958207,1.8618190143176905,-0.5372967476230969,-2.0221199173624065,-0.4575480107723536,1.479664927084705,0.3944272407756704,0.11793900532079218,-0.8536011099833118,1.0532966971616642,-0.21622201540333014,2.605031107891478,1.2927052945341229,-1.5752489145160946,3.9989857593052682,0.956477944357095,-0.4070051968787254,2.8006922330679425,-1.9284276785921597,1.7435595090200278,2.600314091299759,0.39652006501006776,0.29119290822123833,-1.539891800963564,1.9110191872222215,0.677689242259543,2.813003749167939,3.264875446407927,-0.9477209930214231,-1.4653815457028576,1.2301428858545898,2.135905913698923,-0.8209758838675255,-1.049321226349835,-1.7082624280282037,1.6567579578514597,-2.038295414562345,1.0583622373947312,-0.5946022217647077,1.9467143398996218,-1.9745017913077332,-1.2167456830793228,3.527891651457984,0.8107991317070371,-1.8199042007939612,1.430201039183328,-1.1778677460874771,1.8552125286512597,3.122990035074101,-1.6898696630895933,0.7950712014113908
-0.13793221496623734,-1.2522854260880514,-0.0015416645727738066,2.5649228054424382,1.0794765046611405,2.2721009927831144,0.6194842869931293,-0.10316107966548017,-1.8247454576857738,-0.16032002944103727,0.8343990893654805,-0.13814960218862446,-0.39068145154157197,-0.7812818320990127,0.45842123398250817,-0.5541629515740534,1.2927052945341229,0.7961334765061631,-0.9823869534767786,2.2716480216604853,0.2561689949602004,0.06414999687784695,1.8098110493528428,-1.4044954691279365,1.0534231964505618,1.5192488044822925,0.28272057675564444,0.4071480645419026,-0.46266746679043724,1.0903029755898357,0.799073280128946,1.2950783231311,1.752126232410012,-0.5746195173092047,-1.0662441848471242,0.7114065463986828,1.1056783840857183,0.08467085914838589,-0.9175453221711604,-0.43852209045396207,1.3181078098011767,-1.0422645201262866,1.2474296696648541,-0.3312856940450428,0.7155146977370311,-1.3278298944272469,-1.1596962018882655,1.4861348001428414,0.41835416575906614,-1.0661681509365828,1.0826450963406222,-0.028103630292573407,1.1436444412499926,1.9514124236692212,-1.0688022527270058,0.4899051721361201
0.14759012727735482,1.526266054147463,-0.0045309830574977155,-3.1970303751089766,-1.3189380785337959,-2.8375529280994822,-0.7336453691993755,0.11439271437737204,2.2861995099464445,0.1884270599400741,-1.025819961070937,0.19243017647121582,0.5101213908480161,0.9810712966710634,-0.5533801536830237,0.7100904476757737,-1.5752489145160946,-0.9823869534767786,1.2160284352715964,-2.790224807710543,-0.2954141804765754,-0.09987359041087132,-2.2394793998594995,1.7464570490852929,-1.2987297850971848,-1.869773910744839,-0.35057861394722933,-0.5163330051436101,0.5422107248388262,-1.3406724014833349,-1.0072343880348609,-1.5691214088505585,-2.145645407657047,0.7069605486694749,1.3265431125657985,-0.8737819324960864,-1.3525105632638452,-0.14040934915986408,1.1488422600768124,0.5045237669760438,-1.645905712201536,1.272854243236468,-1.575128071175836,0.4039693761018572,-0.8546525136119716,1.6461070827231141,1.4564790524519868,-1.7931724630377655,-0.5105824536628126,1.3119847021521445,-1.3487306573253017,-0.006859088644933475,-1.4104180623938596,-2.4096052200201603,1.3223588751003894,-0.604848946281738
-0.7813443915370122,-3.903503911363588,-0.12681107936890437,6.764714373886472,3.264316895120867,5.922545206146828,2.2920864090078195,-0.5208582342959932,-4.630014519081776,-0.5788152533699538,2.457165261538633,-0.015114838741659023,-0.6535570056034778,-1.9745219211933287,1.497604941440203,-1.1619723534673998,3.9989857593052682,2.2716480216604853,-2.790224807710543,6.672412829840422,1.0624279249856734,-0.13069510281680047,5.079205876871882,-3.791611730117413,3.0260478021413935,4.416753249674214,0.7684964326653937,0.9349350510007147,-1.80347292889408,3.197129742785377,1.9004943793578115,4.131212232851158,5.25700948168821,-1.6489412383482356,-2.879144532643148,2.0761571099221117,3.363491613139426,-0.3460284155192954,-2.3479686240358704,-1.861865880923824,3.4643088330005454,-3.186101006088349,2.9665026874303924,-0.9806242172972557,2.5225792883419436,-3.6772829891417604,-2.900413840159219,4.923691322492296,1.274494526189848,-3.096617935311581,2.8881275820496723,-0.7741537743111384,3.262329173552787,5.540131735356692,-3.021325368719648,1.3975545135878402
-0.7208372336065693,-0.979281666931726,-0.21444401331885912,-0.14110643200707182,0.6673050726738251,-0.24607746412972206,1.1141537319100492,-0.42849368452237546,0.41821163859776317,-0.2619643962704407,0.4020227134223183,0.6169073083915204,0.6781603153216015,0.19176489575655126,0.4774860636345403,0.5519902132451958,0.956477944357095,0.2561689949602004,-0.2954141804765754,1.0624279249856734,0.6599097773645858,-0.5252629834962332,0.4351336886399498,-0.07573832430368285,0.374326588808561,0.6314708032167599,0.024029216036594133,-0.26422857909685477,-0.9917032242785756,0.5012251615064135,-0.4055027052151121,1.1750896161799818,1.0123210752548861,-0.20031416703102087,-0.05911488487420866,0.30883027931438994,0.7198556593652882,-0.9968774133024704,0.1754459113305042,-1.2057108289700293,-0.09225582662657497,-0.7049550929863289,-0.6320730279833461,-0.16667329141184842,1.0691270796610026,-0.2334304644576704,0.3386921502496398,1.6695833193040095,0.27499672919692053,-0.43782014338101927,-0.00172056508657367,-1.2190113641894864,0.36595544033729493,0.5791928057291368,-0.2955347972316385,0.15726283411551698
0.6277379249973686,0.4432907588956103,0.2016591802280435,1.1192689485961334,-0.21609990251823133,1.106390772311729,-0.8141252592873949,0.3648959421073535,-1.096860586794249,0.18666113241349833,-0.058627720273902076,-0.6356718091298008,-0.7911052265467198,-0.4823049972128801,-0.275175643642878,-0.7350651909309414,-0.4070051968787254,0.06414999687784695,-0.09987359041087132,-0.13069510281680047,-0.5252629834962332,0.5216606140204038,0.2853582839111088,-0.4687456515446382,0.05149368745147212,-0.012332610881917104,0.08580329573587646,0.40634454696152456,0.7588984544133551,-0.054066235147994766,0.6898194585668082,-0.6132229600958602,-0.2829575988491814,-0.03114215513111313,-0.3546109833594201,-0.018681384255540955,-0.2546290766119759,0.9746566640448996,-0.5187924227046083,0.970473930592028,0.5947032228409536,0.265399095527539,1.0770193819231484,0.031106187980794644,-0.7346923405882959,-0.2904759330445748,-0.7663533460130975,-1.005727678555426,-0.09923097055473577,0.0037543772027611886,0.4182717511628674,1.140857010093229,0.09374913268965782,0.20325132232025128,-0.132518764070583,0.03994725369042655
-0.14164755236976825,-2.700383961293038,0.05063336801415088,6.076224740669717,2.3718364370984304,5.413781589090186,1.1756992382214668,-0.13415427644696662,-4.403902745600112,-0.3102178984826905,1.8630815759463593,-0.4820722120478407,-1.0927822244666978,-1.8893795810487015,0.9578415436355598,-1.4459479894382132,2.8006922330679425,1.8098110493528428,-2.2394793998594995,5.079205876871882,0.4351336886399498,0.2853582839111088,4.151999088249105,-3.2886311089116336,2.3857203942862752,3.417345067734293,0.6595377015151035,1.0262243638403707,-0.8374012087615372,2.4404151475292895,1.9845839537482275,2.750150866441527,3.8685828567398612,-1.3018258082847278,-2.496445547817312,1.5964463352768838,2.421066869492726,0.45328682835825235,-2.205717865151382,-0.7259974853942414,3.1283187942588047,-2.2751166725015097,3.0987790048704533,-0.7369181350571569,1.4132865560074854,-3.0681201430684784,-2.8177246081472016,3.07532475092819,0.915039913103754,-2.3994420600384125,2.5504459132726005,0.24395549949294712,2.600032718231158,4.4484394733843065,-2.442561531034456,1.1138752701456223
-0.1973684366754022,1.8337297334979845,-0.13668558692389518,-5.154509294287358,-1.6959713699011698,-4.644888663918274,-0.4968711701850986,-0.07555031981148312,3.87406213875368,0.14583921941386901,-1.3849814298167211,0.6745864648624141,1.2128930092143786,1.666939159324128,-0.5937810295738657,1.453349575780501,-1.9284276785921597,-1.4044954691279365,1.7464570490852929,-3.791611730117413,-0.07573832430368285,-0.4687456515446382,-3.2886311089116336,2.7227875182170016,-1.8353474227053208,-2.5872604348630825,-0.54238677328458,-0.975737204796388,0.2671351010012649,-1.8254589006563966,-1.8413953253407183,-1.7907415956196495,-2.7988262720986556,1.0037127669039283,2.0659700673546006,-1.2029968465795124,-1.7133715762925703,-0.8165220619000971,1.9252988512709632,0.08006895951946313,-2.6616833675245792,1.5979508060104177,-2.873889173619464,0.5453805005383603,-0.7157482426257638,2.468722652020128,2.5095792009065607,-1.8456058292305644,-0.6466074498387876,1.8191523794248632,-2.137982903161063,-0.7386658948373163,-2.018903845227382,-3.4743063107427736,1.916979004865219,-0.8644971698502323
-0.2240079991105881,-1.6923607257736892,-0.015195166804509802,3.3345407405937038,1.447865750165471,2.946488885610878,0.875801090783761,-0.1607641202193446,-2.3528184593039767,-0.22493938782042744,1.1122760558813904,-0.14221638351673688,-0.4676719576090244,-1.0066762270147822,0.6267627655351339,-0.6885288085522595,1.7435595090200278,1.0534231964505618,-1.2987297850971848,3.0260478021413935,0.374326588808561,0.05149368745147212,2.3857203942862752,-1.8353474227053208,1.3960340109956377,2.018975200156966,0.36996014514137043,0.5145106370113574,-0.6638745003742639,1.4519010686601597,1.0166237242179763,1.7599904145042344,2.34582783418492,-0.7612022802894757,-1.3934623008972344,0.9461603616810805,1.485354942929419,0.04927630866667273,-1.185234201142277,-0.6455117432778025,1.7124971138380523,-1.401734187782834,1.5872204689319436,-0.44191741525344524,0.9982069519112661,-1.745107524195644,-1.4908791558103391,2.039471686329223,0.5621282269437186,-1.41652124773086,1.4110968164212987,-0.11137056741451669,1.5130808961617372,2.5790718334339373,-1.4113228397910895,0.6482202679513724
-0.43039600932780586,-2.532173960685169,-0.05586690889640005,4.655740723181173,2.1388631276705823,4.094397974906361,1.4082331135553599,-0.29457795637763157,-3.2337302303345457,-0.357768793719502,1.6253207188721042,-0.1001675247679919,-0.5469392676362849,-1.3815340681907728,0.956265404849069,-0.8771379389308959,2.600314091299759,1.5192488044822925,-1.869773910744839,4.416753249674214,0.6314708032167599,-0.012332610881917104,3.417345067734293,-2.5872604348630825,2.018975200156966,2.9343989088323807,0.5229316476536349,0.6793232379861076,-1.0911665550045655,2.117800913421128,1.361033335034028,2.6585615528620603,3.4543152301310376,-1.1002412152032255,-1.9646088022218826,1.377224089866177,2.199952747607449,-0.09141424433932592,-1.634672625987788,-1.0998685328740283,2.387851839851856,-2.0802180111856994,2.125127789247181,-0.6468432842229931,1.572719824980105,-2.486053746105158,-2.0372161683527863,3.130358435150626,0.8329689161466367,-2.0579416427780903,1.979549303214524,-0.35259224775905434,2.181838884518246,3.7118143030535053,-2.027753126133546,0.9348080046052487
0.029790314057835124,-0.37753285110554086,0.024525713106022654,1.023441548053798,0.34660953704178826,0.9203770456851573,0.11350077473151986,0.009466800981875122,-0.764858784569328,-0.032958916917053147,0.28060813731111883,-0.12610604636587094,-0.23208744838040613,-0.3285641029864651,0.12464617096978456,-0.2814204290844738,0.39652006501006776,0.28272057675564444,-0.35057861394722933,0.7684964326653937,0.024029216036594133,0.08580329573587646,0.6595377015151035,-0.54238677328458,0.36996014514137043,0.5229316476536349,0.10830967666188038,0.19044966237400276,-0.066270573500294,0.36959942634341514,0.36113151203428734,0.372387927724513,0.5702863181004999,-0.20261053305115667,-0.4114071204181507,0.24363268615423472,0.3501745283074118,0.14894930823233174,-0.3804452258562335,-0.03197688522499204,0.52773322861522165,-0.3272854214018233,0.5630350632356683,-0.11127277867355884,0.1564503133725989,-0.4938489332809208,-0.49434853305842924,0.38919644482272836,0.13242821997793397,-0.3676777670017784,0.42498781021793447,0.13067682942382744,0.40655202043895783,0.6986435403954606,-0.3847620961345301,0.17394625727424395
0.39255075174591786,-0.24585545931938402,0.1457290197118725,1.9733274824641729,0.3331814719490196,1.8308279764587994,-0.3094517965923453,0.21788114975442968,-1.6213663763408672,0.061861146980448804,0.3352479787218042,-0.5234169246294601,-0.7500272459624299,-0.7027699259550799,0.008631188380886107,-0.7832189964790197,0.29119290822123833,0.4071480645419026,-0.5163330051436101,0.9349350510007147,-0.26422857909685477,0.40634454696152456,1.0262243638403707,-0.975737204796388,0.5145106370113574,0.6793232379861076,0.19044966237400276,0.4787373066689024,0.34033988312685,0.4546019346031373,0.8623361896469477,0.14340010286578267,0.5890834375550492,-0.2834218037060228,-0.7395845134387027,0.3092044014025837,0.31618039976601575,0.7442748238858178,-0.7913936623665782,0.5044778866704055,1.0274360408120973,-0.28007109890227255,1.34533370668819,-0.12849851781807692,-0.20836152670202926,-0.8116636527083128,-1.0802707647147005,-0.055530795525563635,0.11791345501535373,-0.4804046040070793,0.7932506430799462,0.8138728474757673,0.5863194340515382,1.0313063520942527,-0.57956817449878,0.2507724389057402
1.0682261116870964,1.5697225161671136,0.3137488337027247,-0.078869386054326,-1.0935319249187578,0.1062815618847439,-1.6961611264853278,0.637498945909069,-0.4075724818791072,0.399309841628517,-0.6802925737840554,-0.8858036168524942,-0.9465638622415342,-0.19219273950828863,-0.7477866080423647,-0.7437610794962046,-1.539891800963564,-0.46266746679043724,0.5422107248388262,-1.80347292889408,-0.9917032242785756,0.7588984544133551,-0.8374012087615372,0.2671351010012649,-0.6638745003742639,-1.0911665550045655,-0.066270573500294,0.34033988312685,1.4997085892954858,-0.8534648292510372,0.503930793804729,-1.8586101399173967,-1.6727297975968527,0.3556961447356745,0.2055246507156291,-0.5294970833815147,-1.1745215770979516,1.4458577581220975,-0.15383729388019246,1.8093829816500784,-0.01281201813424486,1.145114315737821,0.7839427101974505,0.2789100552346509,-1.6410535887847986,0.48911572782851026,-0.36499172435534133,-2.603477455689119,-0.4477143314178107,0.7577970612476387,-0.11836170255075279,1.7831477160517972,-0.661243222219814,-1.0629248132043625,0.5513963668890998,-0.2843164273802578
-0.36543669276556523,-1.8654741164135147,-0.05810624539246142,3.2603891345346336,1.5613142793797687,2.856895658096166,1.0870884217925803,-0.2445117816651096,-2.2368235034910136,-0.2739356718292544,1.1777096729831407,-0.016564111859590648,-0.32550685225968445,-0.9547990948166493,0.7136447899918569,-0.5687494709255099,1.9110191872222215,1.0903029755898357,-1.3406724014833349,3.197129742785377,0.5012251615064135,-0.054066235147994766,2.4404151475292895,-1.8254589006563966,1.4519010686601597,2.117800913421128,0.36959942634341514,0.4546019346031373,-0.8534648292510372,1.5324907245315178,0.9211952316398524,1.9707279669598838,2.516283100910698,-0.7906147771598451,-1.3864131003719038,0.9948200540722474,1.6093154176613873,-0.150937652203984,-1.133941042234584,-0.8781696690434297,1.6708652076516228,-1.5236348699169062,1.4389387296364082,-0.4687487780055925,1.1987808520690144,-1.7681344168293165,-1.4028005969539734,2.3460027744669953,0.6093604591593251,-1.484747262965191,1.3915624592565707,-0.3540180875244761,1.5655002971402932,2.6597519404637584,-1.4515202442460386,0.6708978475861105
0.6390634558070197,-0.5942514300438826,0.24494782907120194,3.6853773094858164,0.7176504154575041,3.4026120140630334,-0.4295571579735988,0.3510623514307577,-2.986236884784047,0.07895668919448161,0.6834351299366485,-0.898932704313419,-1.3151172684555854,-1.291723055330538,0.0818684676333019,-1.3940726285566243,0.677689242259543,0.799073280128946,-1.0072343880348609,1.9004943793578115,-0.4055027052151121,0.6898194585668082,1.9845839537482275,-1.8413953253407183,1.0166237242179763,1.361033335034028,0.36113151203428734,0.8623361896469477,0.503930793804729,0.9211952316398524,1.5643839574267395,0.43113173884954,1.2441861695163645,-0.5603048327652888,-1.3954531997429096,0.6233038748037203,0.6910172294483552,1.260700613753535,-1.4611838444382745,0.7826788765090313,1.9147161461995934,-0.6220436382467462,2.4387875676060564,-0.2657582307638395,-0.24588198454420082,-1.5545610792283868,-1.9807828594145482,0.1229236010878407,0.2593227346860251,-0.9615489231350244,1.4881162576914793,1.361613165629115,1.150894832593599,2.014570258082438,-1.1267930736927665,0.49188084922745406
-1.111793353513378,-2.7930238481660297,-0.2827643785411873,2.9047296561447666,2.1771223448581685,2.413430347616792,2.207955074621004,-0.686213927771741,-1.6488937719364,-0.5381482203151465,1.5321216539874496,0.6428002912067712,0.4197166248283659,-0.6882918577585726,1.1793350204713282,0.05767335794033133,2.813003749167939,1.2950783231311,-1.5691214088505585,4.131212232851158,1.1750896161799818,-0.6132229600958602,2.750150866441527,-1.7907415956196495,1.7599904145042344,2.6585615528620603,0.372387927724513,0.14340010286578267,-1.8586101399173967,1.9707279669598838,0.43113173884954,3.103674402455574,3.4394364294661752,-0.9558776478062723,-1.3611588075692411,1.2628999458565497,2.2760579668952556,-1.2067532739193063,-0.8745873606167902,-2.1105504370777948,1.465509092382073,-2.1808277805594054,0.6726927059555905,-0.6193401194528491,2.2645797359111115,-1.9050611479637922,-0.9516778563101214,3.980930456089596,0.8652554877324392,-1.8589184967041263,1.301257519237066,-1.6336619492650155,1.8582023418835762,3.110465325053,-1.6740829281527683,0.7962612954879248
-0.828811801171576,-3.2035072039758306,-0.1694436226858052,4.8944986272136335,2.6244000013070012,4.241555054480391,2.073716574746469,-0.5339449171037931,-3.235157771213852,-0.5164319355582082,1.9399618724291448,0.20947552092171434,-0.23550300677643263,-1.3751127363361104,1.2652447189481746,-0.6523425954349569,3.264875446407927,1.752126232410012,-2.145645407657047,5.25700948168821,1.0123210752548861,-0.2829575988491814,3.8685828567398612,-2.7988262720986556,2.34582783418492,3.4543152301310376,0.5702863181004999,0.5890834375550492,-1.6727297975968527,2.516283100910698,1.2441861695163645,3.4394364294661752,4.204500053491104,-1.276757391988182,-2.1259493949393047,1.6278625812797467,2.7160402677205626,-0.6090395075721964,-1.653761748916701,-1.7918450846520333,2.499703124981027,-2.580880300167679,1.9427467050578766,-0.7760325544388283,2.226107830986836,-2.771663554734837,-1.9993488377920148,4.195852280445253,1.0298158058640918,-2.420044502741888,2.110736600344895,-1.0014757829571816,2.5154378170728346,4.256835020850667,-2.3144588073850287,1.0778584503940987
0.11680832133916591,0.9184153075141869,0.006210597885849251,-1.826742580462778,-0.7884797910050266,-1.6143751693387611,-0.47054824923927,0.08438519649936589,1.2909128286270033,0.12226324484515892,-0.6053047624218174,0.0829151329502817,0.2608896783401904,0.5514975074128288,-0.3399172011665298,0.3804105977035565,-0.9477209930214231,-0.5746195173092047,0.7069605486694749,-1.6489412383482356,-0.20031416703102087,-0.03114215513111313,-1.3018258082847278,1.0037127669039283,-0.7612022802894757,-1.1002412152032255,-0.20261053305115667,-0.2834218037060228,0.3556961447356745,-0.7906147771598451,-0.5603048327652888,-0.9558776478062723,-1.276757391988182,0.4159198292574893,0.761651143714708,-0.5161981047272174,-0.8071583651042767,-0.03414121033410017,0.6497911604789095,0.3441656473790586,-0.9371049765085976,0.7621407250674542,-0.8733276068126402,0.2420484771558898,-0.5379364331570198,0.9528562718204505,0.8180281565644112,-1.1034336192317418,-0.30600947693447234,0.7721593426887127,-0.7719325606064117,0.05169313407972239,-0.8258119357306998,-1.40719625546252,0.7692394679923716,-0.3534261561649281
-0.14754531323442246,1.3941224241027168,-0.10286713363529054,-3.9097910325779495,-1.288022780936977,-3.523232675838779,-0.38025842876934296,-0.05594106876078123,2.9378834772248057,0.11084944169615518,-1.052047846201165,0.5098481683379226,0.9183513452175964,1.2645194690358719,-0.45158744684287633,1.1013178936718135,-1.4653815457028576,-1.0662441848471242,1.3265431125657985,-2.879144532643148,-0.05911488487420866,-0.3546109833594201,-2.496445547817312,2.0659700673546006,-1.3934623008972344,-1.9646088022218826,-0.4114071204181507,-0.7395845134387027,0.2055246507156291,-1.3864131003719038,-1.3954531997429096,-1.3611588075692411,-2.1259493949393047,0.761651143714708,1.5677844053738919,-0.9132053640182799,-1.3020456671299518,-0.6168234625179239,1.460248329397706,0.06414398781125678,-2.019439931539197,1.214141850577577,-2.178581432264582,0.4135498497252507,-0.5461586392294833,1.8737949927231137,1.9031865821848515,-1.404953258141345,-0.49112435226281476,1.381249696048308,-1.6221666198180944,-0.5569408432798079,-1.532467657963612,-2.6374167232846175,1.4556037473730652,-0.6563730067776073
-0.21624557131113964,-1.1981356468012159,-0.03051023163358682,2.1592011850984916,1.0095070902907384,1.895485786705972,0.6793907885082366,-0.14640376854303994,-1.4919735421510367,-0.1730985170955988,0.7636940910125345,-0.03258658799017355,-0.23814107873107115,-0.6363612847247806,0.45548579236656667,-0.39406566736415566,1.2301428858545898,0.7114065463986828,-0.8737819324960864,2.0761571099221117,0.30883027931438994,-0.018681384255540955,1.5964463352768838,-1.2029968465795124,0.9461603616810805,1.377224089866177,0.24363268615423472,0.3092044014025837,-0.5294970833815147,0.9948200540722474,0.6233038748037203,1.2628999458565497,1.6278625812797467,-0.5161981047272174,-0.9132053640182799,0.6472214836775873,1.037931070277896,-0.06578581188378209,-0.7548406015930051,-0.5385953830897522,1.106001533791249,-0.9824974696702132,0.9720920420211333,-0.3053799773099406,0.7547743452803194,-1.1594247043452135,-0.9377677094324175,1.492074496221627,0.39350013144625745,-0.9659026075303269,0.9188733539345536,-0.19187216838520554,1.0219841436716104,1.737027372054884,-0.9476712825032717,0.4375928521080693
