V1,V2,V3,V4,V5,V6,V7,V8,V9,V10,V11,V12,V13,V14,V15,V16,V17,V18,V19,V20,V21,V22,V23,V24,V25,V26,V27,V28,V29,V30,V31,V32,V33,V34,V35,V36,V37,V38,V39,V40,V41,V42,V43,V44,V45,V46,V47,V48,V49,V50,V51,V52,V53,V54,V55,V56
5.003710942836502,29.48530744975964,0.6481415111402787,-54.24000137473647,-24.90643427900821,-47.70276975765581,-16.389540572151073,3.4257975879928084,37.67853573600142,4.162960900927238,-18.92915624797129,1.1756529538849703,6.381969008609825,16.098356978424462,-11.132776684361131,10.227252247974542,-30.278378761128426,-17.69518095509647,21.77973960138847,-51.437902746169975,-7.346340509964032,0.1349144533526329,-39.80562292222721,30.14021561532817,-23.51519382085552,-34.17587321254912,-6.091402695958579,-7.918071301468939,12.69737535001136,-24.664819337908167,-15.8609811011957,-30.952919249983232,-40.22667807168791,12.813848625106958,22.887012424643522,-16.039172311214383,-25.618750508342846,1.0498584471122443,19.046459437393366,12.795452065018408,-27.820251805696998,24.22346068290315,-24.76685707977565,7.531733190940084,-18.306394374849553,28.9591121585835,23.73870802649782,-36.44358577222377,-9.699450925154435,23.96798781582869,-23.06180041479001,4.089650900206851,-25.41217666543645,-43.23338403984844,23.619525971381098,-10.8881789008605
29.48530744975964,191.48413297478854,3.1613791370704583,-362.7893260323895,-162.61888460283797,-319.72458481496915,-103.34548202976389,20.539667661682284,253.75261462378666,26.36685939618183,-124.15956750564591,11.194848348996668,46.27503063702726,108.4859529742105,-71.71573264352453,71.25469929120608,-196.90379158397775,-116.71578713644772,143.76122564730485,-337.5574048222151,-45.45346162427403,-1.9469495802396062,-263.31840923593245,200.75795390999636,-154.92002246473126,-224.67916324834863,-40.52712674563279,-54.281943647389525,79.36716176259,-161.9041699395778,-108.06535426340805,-200.22182654416875,-262.9998513587991,84.44053312372412,152.43619646223638,-105.37873483391212,-167.08468934966422,1.59952750459472,128.07600763691613,78.8609954701202,-186.18341154199243,157.85423932874738,-168.73412480434214,49.36929896514424,-116.38384786229199,192.0185290309573,160.27922348487706,-234.1821987286479,-63.247527434413186,157.59821793881585,-153.9332739334571,20.682317678281677,-167.62790340870708,-285.41673998123946,156.04168308899398,-71.8190022470697
0.6481415111402787,3.1613791370704583,0.10836003058602489,-5.424474927717931,-2.6381298948565624,-4.746207128357835,-1.871955589527619,0.430674895687056,3.703780575901214,0.47113878062944836,-1.9839569466066498,-0.005999132202294192,0.505135634283401,1.5799087486604282,-1.2152683801559878,0.9171423986550442,-3.2364226027096845,-1.8305105620965074,2.249185161493515,-5.384974672830713,-0.871324249051935,0.1191861804409874,-4.089419428602515,3.0453591424148847,-2.4393991061071216,-3.5629008512881617,-0.6171981235003341,-0.7428683730857537,1.476107570711884,-2.5805316270345444,-1.5128759820063016,-3.3481614442116228,-4.2478120647809785,1.3284615598174703,2.312854358180658,-1.6745649727955596,-2.7204437482531016,0.30613961124703887,1.8795152261014714,1.529025434805221,-2.7783719285429718,2.5771160667017954,-2.3627015437971495,0.7906078819068412,-2.055596835874369,2.9583791206488925,2.3184132784395666,-3.99982162816654,-1.030425036214134,2.497678727342464,-2.3181681190397105,0.6564814562134804,-2.6283819617242767,-4.46296057792592,2.4341118809011304,-1.1262892948569787
-54.24000137473647,-362.7893260323895,-5.424474927717931,693.0335073208407,308.57046124840036,611.1129851441852,194.13264375953702,-37.99349392406821,-485.6507742572004,-49.594664936201326,235.89807133219844,-23.130003923875073,-90.27810805935343,-207.66432273913233,135.55949562288117,-137.60911295908932,373.2027455752503,222.10234236183862,-273.6232666611267,641.4345886969993,84.90055151642382,5.211380372643299,501.4831421747541,-383.06760554277815,294.7047195281166,427.1555314423334,77.30563668390258,104.38623240775904,-148.70256886010966,307.6771653780583,207.4720487666229,378.9160492653752,499.2329616399959,-160.64303937281852,-290.85947534615127,200.30874886457107,316.94508688105066,-0.21588896151941758,-245.01969781980003,-147.12704379578793,355.7196752825537,-299.36568849041544,323.94367207793596,-93.78221543632304,219.1535288463215,-365.9331224370986,-306.9659612447186,442.34258029477894,119.96860649143301,-299.63737867726604,293.8910926746559,-36.01543650589199,318.99081556678914,543.2634992844634,-297.0693670683725,136.6675977084905
-24.90643427900821,-162.61888460283797,-2.6381298948565624,308.57046124840036,138.14373289382323,271.97030521491695,87.62891672891006,-17.36730366799336,-215.90439944721643,-22.362411787149256,105.49793157176485,-9.665903818335146,-39.51448208400863,-92.30779533143794,60.878978109917064,-60.7289302671956,167.23355624307948,99.2016577073938,-122.19327870925385,286.82868190222183,38.501094742593104,1.77924843244205,223.83891883114347,-170.7184362074249,131.66497079240864,190.9317316232294,34.46101198797738,46.22666534715899,-67.26517915361329,137.57482702912947,92.00054824643568,170.00406844654782,223.43234797769102,-71.76612071821653,-129.62667057673386,89.54765011647301,141.9292049109769,-1.1258827854107485,-108.96455267931873,-66.784380919049255,158.36284529666185,-134.0826619455369,143.6500026212812,-41.94747434176844,98.72810025480433,-163.2487989032231,-136.39041599036608,198.76946368477823,53.724745635067755,-133.92775242403363,130.91419974602994,-17.302708114591965,142.4745127820974,242.59880780787427,-132.63733492775015,61.04206048116669
-47.70276975765581,-319.72458481496915,-4.746207128357835,611.1129851441852,271.97030521491695,538.8967822241403,170.98683333325678,-33.42747966687587,-428.2989001029933,-43.68563755828291,207.93621234376937,-20.50109914306604,-79.72003672065085,-183.1428084506902,119.44885079896557,-121.43288377912916,328.9107138091802,195.7967874477212,-241.21897597475473,565.4084267361995,74.74851703891429,4.685338121565394,442.1125994335706,-337.76037316094505,259.7943040067933,376.53986128138206,68.16085455196274,92.08890159992019,-130.9494956945359,271.2110638140417,183.01011561283028,333.9109794186173,440.029415656542,-141.6141347570544,-256.4578328839029,176.5710896690711,279.3455739864123,-0.01914362780602637,-216.07850366604535,-129.52350950106882,313.67489365393146,-263.84738412042606,285.7488928532023,-82.66481085656439,193.05696868654374,-322.62477521534294,-270.7282156205986,389.75283959860883,105.73621959271212,-264.132831433519,259.1414525706129,-31.547536211636867,281.21026772320636,478.9281159367345,-261.8928198068917,120.4808897761537
-16.389540572151073,-103.34548202976389,-1.871955589527619,194.13264375953702,87.62891672891006,170.98683333325678,56.26541302198519,-11.355616318445987,-135.5192323182653,-14.336113220293306,66.81542466860189,-5.4788620733655815,-24.211153735812257,-57.92756402172469,38.79775531941214,-37.69168247099936,106.2279213096912,62.70781000716209,-77.22228726643947,181.62745286902862,24.888319987506502,0.6042391509641624,141.35388886821212,-107.55648848477975,83.26243383943047,120.828736217464,21.719661427882286,28.843973299075472,-43.32421798453629,87.10803744153121,57.52325430043274,108.18676391758808,141.66486494036099,-45.37952178830743,-81.66949073340986,56.681261220046004,90.06447566438958,-1.6887090938338447,-68.4301731822983,-43.2318451104649,99.61270109437784,-85.1094814753588,89.81870781953911,-26.572781460254866,63.20901505996638,-103.00885333023795,-85.53674576721762,126.78390134675327,34.09451158748958,-84.74937382909809,82.42022142747311,-12.091965776172076,90.05953304924923,153.30620403967504,-83.79755679793084,38.585900238880896
3.4257975879928084,20.539667661682284,0.430674895687056,-37.99349392406821,-17.36730366799336,-33.42747966687587,-11.355616318445987,2.3524832045845736,26.42719106913889,2.8866639962486635,-13.210615055309338,0.889720882574349,4.541701971035223,11.292526585193711,-7.743581727167147,7.220502661589109,-21.097478440912425,-12.362346725022695,15.218001608141487,-35.901722630392136,-5.072687041214577,0.03787289820341873,-27.824505966194653,21.095667659581355,-16.424712277198616,-23.861475399374278,-4.262556023337111,-5.572629947975927,8.783617144858281,-17.215974014834384,-11.149448210777035,-21.546249155299986,-28.057137777067485,8.950552963699508,16.018831831025516,-11.197181238771567,-17.860325403653317,0.6276211475451824,13.355027887336963,8.829218969716456,-19.489339836719264,16.884995488661016,-17.409629308668986,5.255730981371558,-12.702633939035927,20.25165498155233,16.6580783903865,-25.33735264884546,-6.761814760786888,16.734917483845432,-16.147784405706375,2.732077802205835,-17.75388404831364,-30.209081948906928,16.50621737606681,-7.606816631005111
37.67853573600142,253.75261462378666,3.703780575901214,-485.6507742572004,-215.90439944721643,-428.2989001029933,-135.5192323182653,26.42719106913889,340.4692541008261,34.63129878714701,-165.10468584034632,16.485265532777152,63.56139452748591,145.59035202070208,-94.76666972580601,96.66766717008072,-261.0594926234366,-155.50442877005892,191.5854797166169,-448.9533059012489,-59.189102514150214,-3.8885623950921535,-351.1768378046147,268.36922556626286,-206.32125279119356,-299.0092250686572,-54.15484551103475,-73.25950978337876,103.74316394896165,-215.3532677338283,-145.5525396574052,-264.9640189643574,-349.3396593853233,112.4672124262119,203.769317366339,-140.21068166879795,-221.74821256286248,-0.29904340260896956,171.75685736249451,102.54258281670687,-249.28315919702638,209.43773492900294,-227.26273190647345,65.63524570528656,-153.07093696661443,256.2923312254828,215.23436458455998,-309.18126891838386,-83.93409220366276,209.74877082706138,-205.92099512391607,24.684140638814025,-223.34163773784567,-380.3860669728912,208.01350308426726,-95.68762789318448
4.162960900927238,26.36685939618183,0.47113878062944836,-49.594664936201326,-22.362411787149256,-43.68563755828291,-14.336113220293306,2.8866639962486635,34.63129878714701,3.653498248070967,-17.054409088426148,1.4197842055712475,6.206836797155714,14.803527966847286,-9.895000257981755,9.646213127012231,-27.103925431269428,-16.009933756164614,19.71625970233399,-46.360812631710075,-6.3359331907304535,-0.17156408711552004,-36.09372665098841,27.47217656379275,-21.256613622689226,-30.844267571197193,-5.547374369952047,-7.37668571428839,11.034381699854237,-22.23478470846941,-14.707285695245565,-27.597141123639535,-36.15424732994013,11.585369694612249,20.860037609652238,-14.468770294381853,-22.982816172013276,0.39867681068385347,17.485831605032526,11.00376780563361,-25.448484605868398,21.717590408442152,-22.964384473082557,6.782412428455734,-16.11129271025876,26.305333728082562,21.860954317568567,-32.33142472623869,-8.70022572429784,21.634364140818676,-21.053805251276064,3.048834458041863,-22.99317372815359,-39.142158190090676,21.39587867402366,-9.851377467698855
-18.92915624797129,-124.15956750564591,-1.9839569466066498,235.89807133219844,105.49793157176485,207.93621234376937,66.81542466860189,-13.210615055309338,-165.10468584034632,-17.054409088426148,80.58320348955053,-7.482715933128085,-30.308764276680634,-70.59079103214505,46.46428357547828,-46.506219840671605,127.69064607770092,75.79245366348316,-93.36156203413918,219.09508890604366,29.330473176667997,1.4399771733454987,171.04002925132525,-130.48855528937062,100.58997803676743,145.85536584889286,26.338950848463625,35.376664959421355,-51.26768810600136,105.0882433481896,70.38857657231958,129.7752497107536,170.64145408514264,-54.82881484271617,-99.07981343128797,68.40479366614062,108.3835168896396,-0.7089227930260157,-83.321063267476,-50.86759038082025,121.06925978365042,-102.38779507527805,109.90472859736279,-32.04009232722037,75.30668832863425,-124.75461437094737,-104.31069425462458,151.68862869729224,41.02628454102082,-102.31003684537743,100.0732944102505,-13.040924930228508,108.85428345669894,185.35852309410222,-101.34520252786984,46.637647897992146
1.1756529538849703,11.194848348996668,-0.005999132202294192,-23.130003923875073,-9.665903818335146,-20.50109914306604,-5.4788620733655815,0.889720882574349,16.485265532777152,1.4197842055712475,-7.482715933128085,1.3028197748304904,3.584881528816885,7.059966631582972,-4.086584284939779,5.046656631509631,-11.560741863626134,-7.151321433968181,8.827089223119152,-20.373736892994486,-2.2466358690934185,-0.6279714474564464,-16.270873235195918,12.651399911799695,-9.459142752763118,-13.63336581996925,-2.5456906503367818,-3.6944223800574774,4.076898026926215,-9.779719955149835,-7.2395286711859015,-11.561208773139644,-15.696239543307783,5.159712192414257,9.60454270169164,-6.382420049765287,-9.897826929163632,-0.8568771732939096,8.286209736348255,3.8391245591363967,-11.888889833214215,9.327380139012263,-11.302212756490349,2.969453291849793,-6.348562778498236,11.945761440285722,10.484122493010275,-13.237553084685326,-3.744507328294835,9.5679405836468,-9.757988404530865,0.13888198625026185,-10.272836139833167,-17.533260730262057,9.605599386107249,-4.40072200030327
6.381969008609825,46.27503063702726,0.505135634283401,-90.27810805935343,-39.51448208400863,-79.72003672065085,-24.211153735812257,4.541701971035223,63.56139452748591,6.206836797155714,-30.308764276680634,3.584881528816885,12.376097140555162,27.190563543892136,-17.187160365842438,18.41467524299592,-47.651298185580075,-28.650664156834807,35.31492312216012,-82.44255774639107,-10.427338775575857,-1.1679640890701215,-64.82364340649572,49.75656079174157,-37.984036721081544,-54.97241444438075,-10.033188222305421,-13.824674871628895,18.416287559426372,-39.55283798309925,-27.365857265433867,-48.19063927827861,-63.992415154898275,20.708857178545184,37.778008433356995,-25.766970932131414,-40.55414977002965,-0.9026843830409433,32.034591093301096,18.01156080854725,-46.35590698086802,38.28168881888989,-42.72703946721021,12.04362768754222,-27.507805160924743,47.38042999280784,40.244558977743985,-55.97837157971472,-15.348246190733693,38.566449304514926,-38.22922385028581,3.5463267302219283,-41.15105578653211,-70.1239393167936,38.3648196600963,-17.630064282819728
16.098356978424462,108.4859529742105,1.5799087486604282,-207.66432273913233,-92.30779533143794,-183.1428084506902,-57.92756402172469,11.292526585193711,145.59035202070208,14.803527966847286,-70.59079103214505,7.059966631582972,27.190563543892136,62.25709395389817,-40.51327894374235,41.344396223787165,-111.61075008274028,-66.48836112926367,81.91572730585865,-191.9513145896381,-25.29725352733393,-1.6720430674590834,-150.15371268573762,114.75197732242145,-88.21528090169011,-127.84362601464866,-23.15591385427945,-31.330083299622114,44.342452514833184,-92.07507136024077,-62.24473164999848,-113.2764325587919,-149.35791048020934,48.08686248373572,87.12967586641754,-59.947902892918776,-94.80563683629425,-0.14555685513916578,73.44547486048731,43.825293447057454,-106.59384823457351,89.54200810283467,-97.18760963427394,28.062352135502262,-65.43338355343104,109.58515799621985,92.03913175508534,-132.17471726093044,-35.884916416137976,89.67974523252792,-88.05080322972812,10.533181249267132,-95.49326359712904,-162.6408796757013,88.94026978660965,-40.9127535959325
-11.132776684361131,-71.71573264352453,-1.2152683801559878,135.55949562288117,60.878978109917064,119.44885079896557,38.79775531941214,-7.743581727167147,-94.76666972580601,-9.895000257981755,46.46428357547828,-4.086584284939779,-17.187160365842438,-40.51327894374235,26.876774222038758,-26.542463644471642,73.73750309487586,43.659398218573116,-53.77311891991092,126.31929621452578,17.09075524393876,0.644982808871151,98.47600237636455,-75.03927402733379,57.95570486164243,84.06659964866796,15.149574500068072,20.24467722522314,-29.817274979485887,60.58581672341909,40.322320971047105,75.01188424531544,98.44775004594352,-31.588629019897176,-56.97785540690832,39.43075569989582,62.55631270469281,-0.7547062878593322,-47.83700338676913,-29.66179576031342,69.56606444634313,-59.1043161200198,62.95986997755687,-18.476455705187064,43.66336507553495,-71.79801995721127,-59.846317232056975,87.78153712522327,23.680156559710838,-58.96658257992196,57.527753778515795,-7.921335749616455,62.70354751305018,106.75723663180871,-58.362550017421874,26.864994830552682
10.227252247974542,71.25469929120608,0.9171423986550442,-137.60911295908932,-60.7289302671956,-121.43288377912916,-37.69168247099936,7.220502661589109,96.66766717008072,9.646213127012231,-46.506219840671605,5.046656631509631,18.41467524299592,41.344396223787165,-26.542463644471642,27.711927567746073,-73.33808113065972,-43.877276648101876,54.06989326409532,-126.47926876413344,-16.35600596222354,-1.4230392568312151,-99.17616230785559,75.94796479407123,-58.194661551204305,-84.28352764209369,-15.32044489958264,-20.90701829550634,28.768773617412865,-60.67437943787215,-41.46525421990431,-74.30985940953848,-98.30219863447678,31.724845867019894,57.66522687987819,-39.51440665889722,-62.35111360038075,-0.696035817479932,48.74417556659755,28.297574707608874,-70.64620893941215,58.87444795241471,-64.74194937615957,18.484174165040166,-42.689454798054875,72.43133762653983,61.15581584364463,-86.5271671251384,-23.59917149828089,59.126351326791244,-58.31188017615035,6.242127334352778,-63.0196110036939,-107.35918779502329,58.721939915749445,-26.99949248682273
-30.278378761128426,-196.90379158397775,-3.2364226027096845,373.2027455752503,167.23355624307948,328.9107138091802,106.2279213096912,-21.097478440912425,-261.0594926234366,-27.103925431269428,127.69064607770092,-11.560741863626134,-47.651298185580075,-111.61075008274028,73.73750309487586,-73.33808113065972,202.48055491230625,120.04403252571595,-147.86210482218604,347.1597682244136,46.70888196414737,2.0409456569101554,270.8375121974597,-206.50925821187602,159.33519646363874,231.0760111123926,41.68752159658011,55.85771130880086,-81.57092427434938,166.51038236634187,111.19368974562116,205.87786382480198,270.4678806878697,-86.84735976903785,-156.80305206506975,108.3780774929297,171.8235523068667,-1.572910381068972,-131.76139304471428,-81.03468456354105,191.52898133077895,-162.32951908312904,173.6186084968958,-50.77290940413232,119.64344397758204,-197.50775004354276,-164.89991256289665,240.7760499181222,65.04119212746072,-162.0855800188717,158.34748840389182,-21.186740351664753,172.4081054781554,293.55906575948586,-160.49472168416065,73.86700070836913
-17.69518095509647,-116.71578713644772,-1.8305105620965074,222.10234236183862,99.2016577073938,195.7967874477212,62.70781000716209,-12.362346725022695,-155.50442877005892,-16.009933756164614,75.79245366348316,-7.151321433968181,-28.650664156834807,-66.48836112926367,43.659398218573116,-43.877276648101876,120.04403252571595,71.30769176339224,-87.84057627436393,206.07512578971685,27.49775145102956,1.4466043558880046,160.9440521802544,-122.83065122062682,94.63194905783108,137.20085641654492,24.791723663625866,33.349896694633486,-48.09219305735001,98.8446645651906,66.33518128393054,121.96866891513653,160.4688452370635,-51.58196630249958,-93.26486734724138,64.3437641598657,101.90896958790941,-0.494587717941157,-78.47004493562036,-47.67844292519449,113.99226829966011,-96.26714234005637,103.57546050231699,-30.134215170945076,70.70941786423599,-117.40527692272964,-98.25826586947217,142.51238153800693,38.57508894117403,-96.24024605515247,94.2107045313536,-12.065568943541106,102.41357269775592,174.39876005262363,-95.3565186065152,43.878073919522954
21.77973960138847,143.76122564730485,2.249185161493515,-273.6232666611267,-122.19327870925385,-241.21897597475473,-77.22228726643947,15.218001608141487,191.5854797166169,19.71625970233399,-93.36156203413918,8.827089223119152,35.31492312216012,81.91572730585865,-53.77311891991092,54.06989326409532,-147.86210482218604,-87.84057627436393,108.20719186601522,-253.84534241721389,-33.85772166718789,-1.7966107199979766,-198.26330840424725,151.31934643447218,-116.57167920807784,-169.00743313425605,-30.541548850241,-41.09274362126992,59.21992941902765,-121.75804186985046,-81.73292794016113,-150.22714879886155,-197.66198280757857,63.54098299058429,114.89618128866654,-79.25991012058027,-125.52709124321701,0.5818394481180157,96.67614201790225,58.70431297259823,-140.43550737252679,118.57705034107396,-127.61738784421273,37.119322731102706,-87.08112362603407,144.6311979887379,121.05877116249235,-175.52236433734305,-47.51507486475038,118.551276309494,-116.06308561957468,14.83060347667501,-126.15850047083714,-214.83489666724014,117.46647454892033,-54.05133423155014
-51.437902746169975,-337.5574048222151,-5.384974672830713,641.4345886969993,286.82868190222183,565.4084267361995,181.62745286902862,-35.901722630392136,-448.9533059012489,-46.360812631710075,219.09508890604366,-20.373736892994486,-82.44255774639107,-191.9513145896381,126.31929621452578,-126.47926876413344,347.1597682244136,206.07512578971685,-253.84534241721389,595.6920192249268,79.72276360325009,3.938861452295509,465.05392935923004,-354.80684421558567,273.4965697401444,396.56578874101496,71.61693215660752,96.20415851319008,-139.35721696488577,285.7220915523093,191.41105293348562,352.81825000642925,463.94441843196154,-149.07559830043388,-269.4043587117494,185.98506964278752,294.6724755298739,-1.8831225093577264,-226.56536571777627,-138.259762292694,329.2024126689756,-278.3702413789648,298.86915519924617,-87.11250690359394,204.7179812544639,-339.2086918940006,-283.64536158020167,412.3806053116057,111.54192287777785,-278.1707352927187,272.1084433358663,-35.40502978351238,295.968349935596,503.9807946382776,-275.553593422563,126.804974417747
-7.346340509964032,-45.45346162427403,-0.871324249051935,84.90055151642382,38.501094742593104,74.74851703891429,24.888319987506502,-5.072687041214577,-59.189102514150214,-6.3359331907304535,29.330473176667997,-2.2466358690934185,-10.427338775575857,-25.29725352733393,17.09075524393876,-16.35600596222354,46.70888196414737,27.49775145102956,-33.85772166718789,79.72276360325009,11.049709662249155,0.13642886702460388,61.94990543362118,-47.07554862748674,36.519415880378936,53.01773483827785,9.508398611962956,12.555142666620165,-19.196543680002463,38.232861467503625,25.068077905532753,47.61909837331301,62.22653739618029,-19.90274683580886,-35.745706167909525,24.873839299366388,39.57963914995476,-0.9817894862164686,-29.896157284817132,-19.20828191724123,43.55917766895019,-37.40807901679945,39.14254389798023,-11.666339464795607,27.91523539199611,-45.124380178100665,-37.34069410522948,55.87625136608417,14.983685569508946,-37.18542090465893,36.05931118349133,-5.587511797084778,39.4911243537145,67.21421427884384,-36.734429241570005,16.920077705556135
0.1349144533526329,-1.9469495802396062,0.1191861804409874,5.211380372643299,1.77924843244205,4.685338121565394,0.6042391509641624,0.03787289820341873,-3.8885623950921535,-0.17156408711552004,1.4399771733454987,-0.6279714474564464,-1.1679640890701215,-1.6720430674590834,0.644982808871151,-1.4230392568312151,2.0409456569101554,1.4466043558880046,-1.7966107199979766,3.938861452295509,0.13642886702460388,0.42753060260229625,3.372300437037594,-2.7663686148285076,1.8939472823492123,2.679251116680281,0.5519019541552767,0.9650165529983017,-0.3603514964900735,1.8953783776353599,1.8296651073230754,1.9212166407008213,2.9281273679465105,-1.0354232241217487,-2.099158501555592,1.2471945201066628,1.801527801140986,0.7374278864286107,-1.9354150472356086,-0.19011046544862314,2.6892113203971326,-1.683248688495425,2.855548798227478,-0.567909351794307,0.8220054661046982,-2.523105248688038,-2.512808942284813,2.0213883378628443,0.6802185012369236,-1.8832879007071601,2.166657918345267,0.6384760468159564,2.079260039573665,3.5735469337988137,-1.9694929457072763,0.8903664958576956
-39.80562292222721,-263.31840923593245,-4.089419428602515,501.4831421747541,223.83891883114347,442.1125994335706,141.35388886821212,-27.824505966194653,-351.1768378046147,-36.09372665098841,171.04002925132525,-16.270873235195918,-64.82364340649572,-150.15371268573762,98.47600237636455,-99.17616230785559,270.8375121974597,160.9440521802544,-198.26330840424725,465.05392935923004,61.94990543362118,3.372300437037594,363.28546969220497,-277.3071963074674,213.58079026664362,309.63927383107404,55.96900943726659,75.34963212384447,-108.38008381726219,223.0664061274963,149.85127703854636,275.13871634610626,362.0958569079589,-116.41940708246537,-210.55798733733684,145.21055439133573,229.94062686968346,-0.9149530425316883,-177.2022774140618,-107.40263666354419,257.3861604581367,-217.20578741809172,233.9767800303099,-68.00232322709039,159.4287427594049,-265.02604825831276,-221.91240950206532,321.4213391356464,87.037808017941,-217.19911459998463,212.70579024296484,-26.9945004967591,231.1515916647677,393.63391827454467,-215.2325608128716,99.03446727613208
30.14021561532817,200.75795390999636,3.0453591424148847,-383.06760554277815,-170.7184362074249,-337.76037316094505,-107.55648848477975,21.095667659581355,268.36922556626286,27.47217656379275,-130.48855528937062,12.651399911799695,49.75656079174157,114.75197732242145,-75.03927402733379,75.94796479407123,-206.50925821187602,-122.83065122062682,151.31934643447218,-354.80684421558567,-47.07554862748674,-2.7663686148285076,-277.3071963074674,211.7705009453684,-162.9899058990806,-236.26275833225012,-42.73859376147658,-57.64554671806703,82.41671869386174,-170.18855890381332,-114.59893383975755,-209.7150625884288,-276.18904177062024,88.84462672853545,160.7956516612466,-110.79489744823259,-175.35939446068994,0.33660996278368427,135.40495468724345,81.59242972209,-196.61641984654304,165.63846084989987,-178.933387433388,51.87758372271811,-121.37783454335322,202.33321882940743,169.61235215426873,-244.88423877543715,-66.37673300660722,165.7304245527232,-162.45820646710112,20.174518393593807,-176.41302113753463,-300.4340872927018,164.27995965479064,-75.58207438749909
-23.51519382085552,-154.92002246473126,-2.4393991061071216,294.7047195281166,131.66497079240864,259.7943040067933,83.26243383943047,-16.424712277198616,-206.32125279119356,-21.256613622689226,100.58997803676743,-9.459142752763118,-37.984036721081544,-88.21528090169011,57.95570486164243,-58.194661551204305,159.33519646363874,94.63194905783108,-116.57167920807784,273.4965697401444,36.519415880378936,1.8939472823492123,213.58079026664362,-162.9899058990806,125.58708683936851,182.08507052057539,32.897750541687586,44.239706401295145,-63.86273535155117,131.183204111844,88.00156989575973,161.89966837616865,212.97833590910022,-68.45478818312391,-123.75773018758251,85.39393979286999,135.25994354107615,-0.7048542152806747,-104.11477429587018,-63.324149947768376,151.25392202085436,-127.7729613619834,137.40534766623313,-39.99372702714999,93.8777162585235,-155.79856996571345,-130.36417196115755,189.18362714404222,51.19937570345536,-127.72425489839966,125.00981011115849,-16.069433005383377,135.91224555590202,231.44109268955722,-126.5447108321347,58.23027685537627
-34.17587321254912,-224.67916324834863,-3.5629008512881617,427.1555314423334,190.9317316232294,376.53986128138206,120.828736217464,-23.861475399374278,-299.0092250686572,-30.844267571197193,145.85536584889286,-13.63336581996925,-54.97241444438075,-127.84362601464866,84.06659964866796,-84.28352764209369,231.0760111123926,137.20085641654492,-169.00743313425605,396.56578874101496,53.01773483827785,2.679251116680281,309.63927383107404,-236.26275833225012,182.08507052057539,264.01101688703574,47.68816408433139,64.09205008416227,-92.693535833589,190.21259407301423,127.50687103405008,234.82065762486587,308.83856178390886,-99.25009554547196,-179.3938034108815,123.81698578253867,196.14931951668942,-1.1470614127784429,-150.89189337742033,-91.939771099011,219.23039936111124,-185.29505955213753,199.08900336637572,-57.99163508295202,136.20987890681795,-225.85879680021944,-188.91977112904578,274.43094108840467,74.24785962592071,-185.1908617566948,181.2010264462271,-23.445921959124707,197.05026740255795,335.54579755513157,-183.46328202870106,84.42434537984174
-6.091402695958579,-40.52712674563279,-0.6171981235003341,77.30563668390258,34.46101198797738,68.16085455196274,21.719661427882286,-4.262556023337111,-54.15484551103475,-5.547374369952047,26.338950848463625,-2.5456906503367818,-10.033188222305421,-23.15591385427945,15.149574500068072,-15.32044489958264,41.68752159658011,24.791723663625866,-30.541548850241,71.61693215660752,9.508398611962956,0.5519019541552767,55.96900943726659,-42.73859376147658,32.897750541687586,47.68816408433139,8.625420049495391,11.630308050222215,-16.64468260431986,34.352064041022544,23.122419597027204,42.33714326520979,55.75036647905074,-17.932277757026863,-32.45109482572662,22.363409877194616,35.39825620982151,-0.08005268826971221,-27.324112083256626,-16.480933612439582,39.67828995048552,-33.43627782717049,36.10308655951369,-10.471499888649394,24.508416842282077,-40.8359630807646,-34.22556630053726,49.4407012057264,13.398914065001573,-33.45158903128071,32.7858764057229,-4.086269464819563,35.60658200420871,60.63802500598453,-33.15714457181587,15.255226949716286
-7.918071301468939,-54.281943647389525,-0.7428683730857537,104.38623240775904,46.22666534715899,92.08890159992019,28.843973299075472,-5.572629947975927,-73.25950978337876,-7.37668571428839,35.376664959421355,-3.6944223800574774,-13.824674871628895,-31.330083299622114,20.24467722522314,-20.90701829550634,55.85771130880086,33.349896694633486,-41.09274362126992,96.20415851319008,12.555142666620165,0.9650165529983017,75.34963212384447,-57.64554671806703,44.239706401295145,64.09205008416227,11.630308050222215,15.806377656128634,-22.04651154527367,46.14907698590478,31.374879324836225,56.64282498607784,74.81259633991607,-24.116396085368887,-43.76908700315138,30.05082344995537,47.46920035010126,0.31016606948582665,-36.948504773215866,-21.735758452649822,53.585919561670835,-44.82780345794105,48.98766962959553,-14.06201970312165,32.626407205425295,-55.01165984070761,-46.33072419358741,66.0215655586441,17.967042405014833,-44.9605330229207,44.24644364470474,-5.003099504665697,47.89897870055284,81.59031905989801,-44.62265897178221,20.521497987269424
12.69737535001136,79.36716176259,1.476107570711884,-148.70256886010966,-67.26517915361329,-130.9494956945359,-43.32421798453629,8.783617144858281,103.74316394896165,11.034381699854237,-51.26768810600136,4.076898026926215,18.416287559426372,44.342452514833184,-29.817274979485887,28.768773617412865,-81.57092427434938,-48.09219305735001,59.21992941902765,-139.35721696488577,-19.196543680002463,-0.3603514964900735,-108.38008381726219,82.41671869386174,-63.86273535155117,-92.693535833589,-16.64468260431986,-22.04651154527367,33.3856730261501,-66.83377358964741,-43.99077846263622,-83.11430234393691,-108.73104139625856,34.805543345601755,62.580778387524454,-43.4853273442695,-69.14151893287824,1.4885653574843527,52.3919125983202,33.35671798534634,-76.29799243443235,65.34239936988318,-68.68898999159913,20.390569769115174,-48.63509225645989,78.96349692005887,65.46583328934456,-97.45885215691446,-26.174424934823197,65.01431001936045,-63.14402901836096,9.502227082352046,-69.06849726762661,-117.56517270067438,64.25738680408485,-29.592437929687087
-24.664819337908167,-161.9041699395778,-2.5805316270345444,307.6771653780583,137.57482702912947,271.2110638140417,87.10803744153121,-17.215974014834384,-215.3532677338283,-22.23478470846941,105.0882433481896,-9.779719955149835,-39.55283798309925,-92.07507136024077,60.58581672341909,-60.67437943787215,166.51038236634187,98.8446645651906,-121.75804186985046,285.7220915523093,38.232861467503625,1.8953783776353599,223.0664061274963,-170.18855890381332,131.183204111844,190.21259407301423,34.352064041022544,46.14907698590478,-66.83377358964741,137.0459339190375,91.8183907791976,169.22206499976082,222.5275798615398,-71.50447069988027,-129.22392306273343,89.20750880237976,141.33663139396742,-0.8918154457090277,-108.67813408315962,-66.30490042492785,157.90886472466448,-133.517148437405,143.36518573471162,-41.78315858867832,98.18433905734936,-162.7048128605869,-136.05944732632577,197.78651837414313,53.49991346815514,-133.42452218302827,130.52168564373747,-16.96864056723896,141.96229285513806,241.73671837038395,-132.17079343830537,60.822458868462206
-15.8609811011957,-108.06535426340805,-1.5128759820063016,207.4720487666229,92.00054824643568,183.01011561283028,57.52325430043274,-11.149448210777035,-145.5525396574052,-14.707285695245565,70.38857657231958,-7.2395286711859015,-27.365857265433867,-62.24473164999848,40.322320971047105,-41.46525421990431,111.19368974562116,66.33518128393054,-81.73292794016113,191.41105293348562,25.068077905532753,1.8296651073230754,149.85127703854636,-114.59893383975755,88.00156989575973,127.50687103405008,23.122419597027204,31.374879324836225,-43.99077846263622,91.8183907791976,62.29757885874361,112.791147869673,148.8810935666076,-47.97161280130005,-87.01293140929008,59.7862166232998,94.47939672512652,0.4483378937930739,-73.4155694209544,-43.409177279693196,106.50102239213105,-89.2263439525367,97.2696068598878,-27.980094096167715,65.03426370795835,-109.39000173749776,-92.03774344085137,131.51750505460066,35.76073848206404,-89.4451064821769,87.95152832136291,-10.15073261039146,95.27391649846263,162.28059666540787,-88.74956308259387,40.818585957342236
-30.952919249983232,-200.22182654416875,-3.3481614442116228,378.9160492653752,170.00406844654782,333.9109794186173,108.18676391758808,-21.546249155299986,-264.9640189643574,-27.597141123639535,129.7752497107536,-11.561208773139644,-48.19063927827861,-113.2764325587919,75.01188424531544,-74.30985940953848,205.87786382480198,121.96866891513653,-150.22714879886155,352.81825000642925,47.61909837331301,1.9212166407008213,275.13871634610626,-209.7150625884288,161.89966837616865,234.82065762486587,42.33714326520979,56.64282498607784,-83.11430234393691,169.22206499976082,112.791147869673,209.39043005020744,274.9295264219545,-88.24397728320001,-159.23774003472417,110.1379341073175,174.68015268109184,-1.8843059680475018,-133.74237290721933,-82.63143107419971,194.45550268203192,-165.03536829497455,176.11338377351726,-51.603562031333446,121.79614852246368,-200.6202331378925,-167.34482720505773,244.9693431913641,66.12316647878926,-164.7107211195205,160.7884411635228,-21.864587529219108,175.17166303599768,298.2520129468246,-163.0544878712167,75.05120745860695
-40.22667807168791,-262.9998513587991,-4.2478120647809785,499.2329616399959,223.43234797769102,440.029415656542,141.66486494036099,-28.057137777067485,-349.3396593853233,-36.15424732994013,170.64145408514264,-15.696239543307783,-63.992415154898275,-149.35791048020934,98.44775004594352,-98.30219863447678,270.4678806878697,160.4688452370635,-197.66198280757857,463.94441843196154,62.22653739618029,2.9281273679465105,362.0958569079589,-276.18904177062024,212.97833590910022,308.83856178390886,55.75036647905074,74.81259633991607,-108.73104139625856,222.5275798615398,148.8810935666076,274.9295264219545,361.3836108277152,-116.0876702791325,-209.71043367802775,144.84519725193772,229.55163722559695,-1.7273520449683208,-176.3044718145971,-107.93297347906861,256.2154367760363,-216.85856956495527,232.46333912701598,-67.84888419908218,159.62589446636753,-264.0894087119234,-220.69071502185065,321.42073760212315,86.89242609378192,-216.63318034210872,211.79921174061093,-27.87797023294613,230.46732493641784,392.43289319722885,-214.55887682830283,98.74181481460914
12.813848625106958,84.44053312372412,1.3284615598174703,-160.64303937281852,-71.76612071821653,-141.6141347570544,-45.37952178830743,8.950552963699508,112.4672124262119,11.585369694612249,-54.82881484271617,5.159712192414257,20.708857178545184,48.08686248373572,-31.588629019897176,31.724845867019894,-86.84735976903785,-51.58196630249958,63.54098299058429,-149.07559830043388,-19.90274683580886,-1.0354232241217487,-116.41940708246537,88.84462672853545,-68.45478818312391,-99.25009554547196,-17.932277757026863,-24.116396085368887,34.805543345601755,-71.50447069988027,-47.97161280130005,-88.24397728320001,-116.0876702791325,37.313239233825385,67.4594392463577,-46.54606557944233,-73.72541585496083,0.3784371917214743,56.75351225694043,34.51072310694957,-82.44836635912814,69.64438351720696,-74.90270062552008,21.799439136337405,-51.16612565513,84.92374726470129,71.06288633823233,-103.11347082825847,-27.906957523789316,69.61938157067125,-68.1422953736984,8.752311826797465,-74.08303566593798,-126.154144690521,68.97723882567861,-31.740150840610298
22.887012424643522,152.43619646223638,2.312854358180658,-290.85947534615127,-129.62667057673386,-256.4578328839029,-81.66949073340986,16.018831831025516,203.769317366339,20.860037609652238,-99.07981343128797,9.60454270169164,37.778008433356995,87.12967586641754,-56.97785540690832,57.66522687987819,-156.80305206506975,-93.26486734724138,114.89618128866654,-269.4043587117494,-35.745706167909525,-2.099158501555592,-210.55798733733684,160.7956516612466,-123.75773018758251,-179.3938034108815,-32.45109482572662,-43.76908700315138,62.580778387524454,-129.22392306273343,-87.01293140929008,-159.23774003472417,-209.71043367802775,67.4594392463577,122.09085982747251,-84.12635811080526,-133.15064288972025,0.2580931301819539,102.81133843865811,61.95544147176157,-149.28887045038164,125.76958608373474,-135.8609417155745,39.39060638350337,-92.16380268952783,153.63040430156434,128.78430109253947,-185.94262952455128,-50.3999554525221,125.8387411824581,-123.3530696397878,15.321400306970467,-133.94976075717014,-228.11839206860395,124.73705935250524,-57.38919383687643
-16.039172311214383,-105.37873483391212,-1.6745649727955596,200.30874886457107,89.54765011647301,176.5710896690711,56.681261220046004,-11.197181238771567,-140.21068166879795,-14.468770294381853,68.40479366614062,-6.382420049765287,-25.766970932131414,-59.947902892918776,39.43075569989582,-39.51440665889722,108.3780774929297,64.3437641598657,-79.25991012058027,185.98506964278752,24.873839299366388,1.2471945201066628,145.21055439133573,-110.79489744823259,85.39393979286999,123.81698578253867,22.363409877194616,30.05082344995537,-43.4853273442695,89.20750880237976,59.7862166232998,110.1379341073175,144.84519725193772,-46.54606557944233,-84.12635811080526,58.06842304789222,91.99533093026584,-0.5554140058369196,-70.75648837502249,-43.13561354836319,102.80476024538724,-86.90504442644902,93.3501229279758,-27.197638897616695,63.89333596127058,-105.91881348947634,-88.58649754199372,128.7215643935132,34.82277818004691,-86.85148986085301,84.97277124243963,-11.016194684121686,92.41160067131699,157.36174105986615,-86.03886414238109,39.592897584393214
-25.618750508342846,-167.08468934966422,-2.7204437482531016,316.94508688105066,141.9292049109769,279.3455739864123,90.06447566438958,-17.860325403653317,-221.74821256286248,-22.982816172013276,108.3835168896396,-9.897826929163632,-40.55414977002965,-94.80563683629425,62.55631270469281,-62.35111360038075,171.8235523068667,101.90896958790941,-125.52709124321701,294.6724755298739,39.57963914995476,1.801527801140986,229.94062686968346,-175.35939446068994,135.25994354107615,196.14931951668942,35.39825620982151,47.46920035010126,-69.14151893287824,141.33663139396742,94.47939672512652,174.68015268109184,229.55163722559695,-73.72541585496083,-133.15064288972025,91.99533093026584,145.82014095108931,-1.205938331913387,-111.91563361186213,-68.65828041575708,162.6598662377435,-137.75971024647643,147.5205712726101,-43.09512756289823,101.46290817499926,-167.6946940179289,-140.07836386570253,204.25147847778368,55.19770165341296,-137.58733539376183,134.47012161970417,-17.83320672652927,146.36267705602194,249.2172239962279,-136.2548291240462,62.707944464574425
