V1,V2,V3,V4,V5,V6,V7,V8,V9,V10,V11,V12,V13,V14,V15,V16,V17,V18,V19,V20,V21,V22,V23,V24,V25,V26,V27,V28,V29,V30,V31,V32,V33,V34,V35,V36,V37,V38,V39,V40,V41,V42,V43,V44,V45,V46,V47,V48,V49,V50,V51,V52,V53,V54,V55,V56
2.1541775828899317,1.6914133492814796,0.691202091577283,3.433665386370656,-0.8738635266610745,3.421296826905202,-2.856523892475442,1.2578782101229065,-3.4561447127543983,0.6401062586015923,-0.3258883194974347,-2.1420563984571364,-2.623807618260782,-1.509403927342,-0.9927720108916225,-2.404220143290647,-1.558208632260284,0.1021950241814304,-0.17302635619474196,-0.7615368890047622,-1.8126069058195224,1.7455542509064614,0.6965290172200449,-1.3830351630288806,0.021389735450477655,-0.26209105235291164,0.25446987537661436,1.3167280897694986,2.6434046873882875,-0.3449540596499113,2.2358221017426128,-2.246274472998749,-1.2065314234327105,-0.03407369936029793,-1.0400950851309787,-0.15664728455737578,-1.0291006800595444,3.288401851151527,-1.6233299323696868,3.3555647556971966,1.8135866883355456,1.047279932957801,3.469971754676011,0.13281536884579334,-2.6002527807881584,-0.7855276362485147,-2.423876803422411,-3.629328130643308,-0.39108582476352804,0.16462953055746699,1.256090989140625,3.8743936407664687,0.15860978883137652,0.40664289561361733,-0.28066300359107005,0.06208912009441321
1.6914133492814796,1.8526542363927563,0.5242249122123345,1.420422778638134,-1.1515321480547742,1.5430036583750024,-2.442641767263117,0.998490080063794,-1.7747481553423299,0.5537135651061139,-0.6296659678729548,-1.5559690607404877,-1.8024028369379033,-0.77957283614025,-0.9585335191470397,-1.560467771735921,-1.7673475845404587,-0.28754833631685944,0.3240538131388132,-1.613783930721173,-1.485337025251481,1.2862493332026579,-0.304825804425875,-0.400589382789454,-0.46658013419172933,-0.8940256129315013,0.06357931161152534,0.8075905260951282,2.2091961032307337,-0.7607970038470759,1.3251816400203487,-2.285832132397871,-1.7126774633936934,0.235169027919834,-0.2955378592435786,-0.44228487741731,-1.2849594274227396,2.4441515305672468,-0.8051894377398877,2.735689105958183,0.7635529424296528,1.267802840734618,2.0491755581877427,0.2479515307610669,-2.292902465453109,0.016423947397750206,-1.2981544413137016,-3.4229125394191744,-0.4858563563387861,0.6122884612594435,0.4516727125540098,2.9396507916766583,-0.4028637537060415,-0.5868429363523978,0.28044700731531025,-0.17802746407649672
0.691202091577283,0.5242249122123345,0.22601341424014398,1.1512550851833045,-0.2510607433069996,1.1349548671463927,-0.9080826985148306,0.4047272136690386,-1.1397917704193945,0.1918139173129396,-0.09376180120478574,-0.6927933548910169,-0.8458848210448124,-0.48885615909610275,-0.3055884446809242,-0.7746128362518737,-0.47047764386593116,0.046707033805845115,-0.05756420370365799,-0.19711582514487566,-0.5724574803510815,0.5511412883893863,0.24909555556442384,-0.4657214334295959,0.024940915693942935,-0.05740604122218111,0.08936821426385858,0.42750161946476933,0.8405429174712841,-0.09373402633977582,0.7382475740615264,-0.6833557279931827,-0.35132484681564313,-0.028584429503817663,-0.3467523549996243,-0.031372176101652556,-0.3137862146028761,1.0520023099362008,-0.5341747846594638,1.067928224870725,0.5962399395211753,0.31479533669939297,1.1324526680197347,0.023355094772592157,-0.8237723423531381,-0.2703234675014612,-0.7923668313960416,-1.1388219201950684,-0.11403952529249016,0.032367743848245964,0.41784667544463805,1.2416603445878933,0.07501285607413585,0.16458329510471748,-0.09968147956437773,0.026933376110149655
3.433665386370656,1.420422778638134,1.1512550851833045,8.580709064338807,-0.24482225428050275,8.229571600006283,-4.065604897831649,1.980568054819019,-7.789226428454876,0.8810586692329234,0.3864453380262234,-3.721875086273579,-4.8025324651503585,-3.379752231629273,-1.138659240740816,-4.61742104977897,-1.148099819181471,1.058430757311022,-1.3761415946230298,1.2708028911607463,-2.729336961902212,2.9722424592953343,3.1757048892381694,-3.868189771098833,1.2108017978591472,1.2588616337271277,0.7405643168686282,2.645257892105041,3.8847664093095284,0.6411196703955664,4.617434689377103,-2.28677946257408,-0.05093302763560377,-0.701900627758964,-2.9182517146469613,0.5363982050121445,-0.4811211034624369,5.56657345296848,-3.7248400271573012,5.096495267157232,4.485338980959807,0.5789937294090627,7.167204786265879,-0.15567027280112708,-3.531602483113629,-2.786675200487956,-5.326234417703949,-4.384094516126362,-0.18210479467976576,-0.9164799725382485,3.2969391165638866,6.418218194166776,1.5422810626770387,2.8542918632368264,-1.6549746551533284,0.6491607058071635
-0.8738635266610745,-1.1515321480547742,-0.2510607433069996,-0.24482225428050275,0.8140654909933369,-0.38487004012454085,1.3411861886171417,-0.5144654079888976,0.5772183483104243,-0.3475417206310308,0.45523767277575933,0.7534673217335554,0.8540997350177923,0.28774192796529746,0.5855689147383331,0.7151402371971335,1.1519086590705374,0.288266062323643,-0.28664529520621623,1.2514103708072783,0.8155405675303914,-0.676356117695145,0.45708703843310144,-0.038990128073454734,0.4239019789853965,0.7256676489710475,0.028156483301457605,-0.34412408868533056,-1.2014569647741715,0.5734322881319524,-0.5046931806526476,1.4430231219220389,1.2003148229297202,-0.24895523495956837,-0.021068502434386318,0.37438706010479,0.8391494914671892,-1.2405687831945214,0.2537952237094948,-1.4695768168397414,-0.18215606313896732,-0.8400696775425341,-0.8256311075398584,-0.23261840937836178,1.283861852401871,-0.22847356508085184,0.470727073153893,2.000690938969263,0.33584094255601005,-0.5076893362908149,-0.04986362833651618,-1.4992725559334568,0.4235180102003993,0.6467344206650081,-0.30144732360151866,0.1724491395926403
3.421296826905202,1.5430036583750024,1.1349548671463927,8.229571600006283,-0.38487004012454085,7.928299321271377,-4.10265863294347,1.9728653600832402,-7.5374527728055005,0.9155014974730811,0.2991364395020787,-3.6755876463246993,-4.733377320302583,-3.2897145895477755,-1.192352072605024,-4.538990550277824,-1.2984376690051975,0.9630553971007405,-1.2895240872698448,0.9945123992062123,-2.749501909359277,2.9664991296956376,2.966388953402183,-3.6921457116634957,1.0865552365766848,1.0815995934740585,0.6985020259974071,2.586994896741154,3.9095597992316415,0.5202322791025924,4.483904515077161,-2.4462476756525895,-0.25593444298743806,-0.617612672340209,-2.7923236918426344,0.4404164232568929,-0.5946395050172437,5.530061102160513,-3.604092293708384,5.113832639840232,4.327574180459688,0.6971932193991869,6.987144098735219,-0.08978042869002577,-3.5836819697294775,-2.6311534660044416,-5.174099273139595,-4.519600686663327,-0.23596940199703031,-0.7882661559308617,3.163560373837285,6.3810929320339405,1.3965206607095826,2.6188103094812796,-1.5442690287475835,0.5937211905172444
-2.856523892475442,-2.442641767263117,-0.9080826985148306,-4.065604897831649,1.3411861886171417,-4.10265863294347,3.8645072492953894,-1.671518547403974,4.226350509463755,-0.8729974024780539,0.5735234524540849,2.79208040393219,3.383165209315726,1.851004894164527,1.3872971832605239,3.066821655928986,2.277496164787128,0.004919101667787681,0.05999697984405784,1.401241099995132,2.4300348547904367,-2.2873501485805243,-0.601068642069734,1.5738719118431588,0.1561191033998065,0.610594425149303,-0.2843929041278177,-1.6610604489442153,-3.55732613942603,0.6438620122813689,-2.798638119497216,3.1850882035545003,1.8948882328645835,-0.057935483016539766,1.1829146317285761,0.3323691528928849,1.5460816183277268,-4.311273987003957,1.9751518773378571,-4.490147396660468,-2.1569947298906564,-1.5606012255861388,-4.346049250587445,-0.23652613864571032,3.5443918243087165,0.8021456928263415,2.986457954223851,5.033126062618023,0.5887404365527578,-0.403614675042275,-1.463680383273136,-5.100642139654526,-0.007272187833188454,-0.19330753412036114,0.1846855921219031,0.0036283961952822516
1.2578782101229065,0.998490080063794,0.4047272136690386,1.980568054819019,-0.5144654079888976,1.9728653600832402,-1.671518547403974,0.7353580028745016,-1.997794055294981,0.3698985456944893,-0.1990052732037309,-1.2486365624399234,-1.524652452983856,-0.8689179710770546,-0.580616656282526,-1.3936271258874076,-0.9167812789698494,0.0524788808191891,-0.08560502861541254,-0.4608687451121027,-1.056795325333314,1.0125391259359153,0.387283409960439,-0.7925145447929497,0.0029446187638782866,-0.1662341817026663,0.14699984227287685,0.762955444847277,1.545084922723944,-0.21167774656448327,1.2990458727947658,-1.3144808244560862,-0.7166268502249811,-0.01801458766701569,-0.5943376085310536,-0.09486454547296563,-0.6109304053142034,1.9139867787447364,-0.9368523470123604,1.9593055752129773,1.041610069891491,0.6184121741577453,2.010269275831153,0.07457433227365876,-1.5228264938718403,-0.4439205820861267,-1.4000641050517744,-2.1287883201071205,-0.22990148578849504,0.10466801708392395,0.7207355274987479,2.2580994171686695,0.08404282139373143,0.2196462755598259,-0.15018321278708274,0.031161334267127257
-3.4561447127543983,-1.7747481553423299,-1.1397917704193945,-7.789226428454876,0.5772183483104243,-7.5374527728055005,4.226350509463755,-1.997794055294981,7.227004536982532,-0.9429423906875884,-0.14766707928566183,3.6614283158751912,4.674177450487422,3.1537732989247216,1.276565340006261,4.448368936415082,1.533058413769687,-0.8216456019261943,1.1097369356651146,-0.5891648585181279,2.8013536865164377,-2.959020401908478,-2.6447604293526124,3.446979043184368,-0.8988269440639634,-0.8098048201567397,-0.6502456603251952,-2.5194247929184415,-4.003690380740906,-0.323690676854226,-4.353777549043494,2.6814351314281435,0.5715063410917353,0.5181411219016329,2.604833659286872,-0.31532159474083815,0.7971957581322665,-5.52763778676895,3.446688674322725,-5.206205144664126,-4.097452353034845,-0.8863726957352416,-6.779010150370843,0.03507006666975594,3.723220410448955,2.3961912640629213,4.975982681287582,4.800327297388343,0.310714480828438,0.5982395350396302,-2.9746360569738335,-6.402629918096114,-1.1949387549121449,-2.2728783591987445,1.3517606550595065,-0.5061360209929341
0.6401062586015923,0.5537135651061139,0.1918139173129396,0.8810586692329234,-0.3475417206310308,0.9155014974730811,-0.8729974024780539,0.3698985456944893,-0.9429423906875884,0.23391607732628528,-0.12545670712200824,-0.6208074778030629,-0.7712896962920474,-0.44109307477289195,-0.33431241121857885,-0.7100056502502955,-0.5499847028495729,-0.00860077841651999,-0.053204805397518866,-0.3628642078232353,-0.5675487409140697,0.5496838613903559,0.13852134939346872,-0.3514410749113685,-0.044161088052252225,-0.1529341300972277,0.0527492507971471,0.3789763694584137,0.8081216641669331,-0.14918704021237034,0.6037511579381803,-0.7808303604030238,-0.4621460089175034,0.04309271728323027,-0.2758777788370449,-0.10277884813051667,-0.3509668305937025,0.990000130262201,-0.4472972463475268,1.0240361096553148,0.5040208385355753,0.37282138640533635,0.9809080840134596,0.10016933100140374,-0.8027420339310409,-0.18502856891171948,-0.6833341850974619,-1.1523889380373142,-0.15055491287384068,0.1072677569596434,0.33442532106948897,1.1580965391789464,-0.02245063610074325,0.025419248242094412,-0.061008221134590306,-4.141447636800779e-4
-0.3258883194974347,-0.6296659678729548,-0.09376180120478574,0.3864453380262234,0.45523767277575933,0.2991364395020787,0.5735234524540849,-0.1990052732037309,-0.14766707928566183,-0.12545670712200824,0.3172037891956193,0.23501877945739325,0.2099051221196089,-0.06710426899626389,0.2733471556816168,0.12498771075514102,0.6164107437375742,0.24596828751241637,-0.3109089288987705,0.8314466187950473,0.3138651504080605,-0.19609060978889195,0.5044318732145792,-0.28055456889425956,0.34049222902344556,0.5284256004258394,0.05663478339667004,-0.03600366976485614,-0.49319230491553434,0.40149676717878124,-0.03537728472491609,0.6992484172092914,0.7219939820741986,-0.17589304058063768,-0.2175087374200953,0.24613909406921666,0.49577172915803097,-0.3939726048861069,-0.0910374738431603,-0.5761370540493999,0.20215021903924904,-0.47219598818776637,-0.04057863946646883,-0.1130517564987594,0.5712574570749053,-0.3350176856392023,-0.06884279895143472,0.9538578750150599,0.18314335880817192,-0.366799860542296,0.19355249591417245,-0.5097487908335359,0.3481268577637005,0.5826878392048281,-0.3197050617947053,0.15284356181147693
-2.1420563984571364,-1.5559690607404877,-0.6927933548910169,-3.721875086273579,0.7534673217335554,-3.6755876463246993,2.79208040393219,-1.2486365624399234,3.6614283158751912,-0.6208074778030629,0.23501877945739325,2.1605349981518858,2.6694349037266027,1.5954285818623946,0.942275187574553,2.4668207995573295,1.4158791711228491,-0.19018373378509515,0.27832938218148223,0.5100760072475985,1.785471620651555,-1.7525038663520907,-0.8957771443401852,1.5391247354790571,-0.13760437293688627,0.09469981845134799,-0.2865870569550511,-1.3627720224242932,-2.595596704418326,0.22549623930792317,-2.3281957328691796,2.102776592358717,1.013455330184273,0.09920625663353538,1.1577796382066199,0.07689895777720324,0.9089389750144856,-3.3006578800374977,1.7259330342748354,-3.310932132694309,-1.9593098672770495,-0.9328340697926021,-3.6111849248395926,-0.09344867566682315,2.5248161298851937,0.9319283572710606,2.5535213423573593,3.469700688612457,0.34447119175759183,-0.046756247271639545,-1.3761738234117156,-3.875695381020649,-0.2859277678706748,-0.6224985184323696,0.39696678105445055,-0.11589114074276455
-2.623807618260782,-1.8024028369379033,-0.8458848210448124,-4.8025324651503585,0.8540997350177923,-4.733377320302583,3.383165209315726,-1.524652452983856,4.674177450487422,-0.7712896962920474,0.2099051221196089,2.6694349037266027,3.3297100900644048,2.0516263292801042,1.1306982674552322,3.10105301256375,1.6453767724932782,-0.3038304826339678,0.4568754518128833,0.4446930993744948,2.1871484652803734,-2.1844910724517614,-1.2731545137145237,2.0244223407794353,-0.2620766016688889,-0.01547260313219953,-0.372731049317317,-1.7191874711417177,-3.158182441938728,0.17897041856944398,-2.9266130352124633,2.506473690800685,1.1060920272361612,0.15821742938635994,1.530502930776015,0.044782356269267416,1.0185563008332625,-4.084395664277092,2.212486904677831,-4.0448927798258465,-2.546209796957747,-1.0645818085052041,-4.5650514645847355,-0.11137939842971248,3.046110825682554,1.2736545139468,3.2591069159593338,4.146720572362287,0.3958215963283027,0.03192970662831282,-1.7983317778621961,-4.776650975004399,-0.44445392625850777,-0.9374334310349336,0.5993434668787866,-0.18844890835492162
-1.509403927342,-0.77957283614025,-0.48885615909610275,-3.379752231629273,0.28774192796529746,-3.2897145895477755,1.851004894164527,-0.8689179710770546,3.1537732989247216,-0.44109307477289195,-0.06710426899626389,1.5954285818623946,2.0516263292801042,1.397786006104321,0.5753330897640542,1.9604126278110119,0.6994862727539684,-0.35336112006174697,0.5154314204615296,-0.2206216395045602,1.241012485073704,-1.320778759026082,-1.158594031919187,1.5049442576267014,-0.3858665778666096,-0.341827974686958,-0.2756736126736596,-1.105646039971102,-1.7568415037431784,-0.1379614369668086,-1.8838328274427756,1.2220645273534765,0.2777783288984707,0.20342158809162733,1.1462578715505067,-0.11627174315728021,0.351271012534012,-2.432491422299297,1.5092063648716405,-2.287309833544782,-1.805784379122465,-0.40448249815841114,-2.966462659301273,-0.0206958562760996,1.6323671628688938,1.0509881632955982,2.1844044429706364,2.1148245323539756,0.14983192408870344,0.24873580572927845,-1.3044269766728198,-2.8078714998582806,-0.5038080755307056,-0.9795835277993502,0.6057408984479846,-0.22151384907649382
-0.9927720108916225,-0.9585335191470397,-0.3055884446809242,-1.138659240740816,0.5855689147383331,-1.192352072605024,1.3872971832605239,-0.580616656282526,1.276565340006261,-0.33431241121857885,0.2733471556816168,0.942275187574553,1.1306982674552322,0.5753330897640542,0.5309750086067976,1.0118381714511608,0.9229090120078229,0.0801875073818067,-0.05089990532921373,0.7188695849663116,0.8694781208856559,-0.7978202039029951,-0.03854026367700549,0.40759206841054807,0.15703559745078974,0.3601786008645904,-0.0653684529926668,-0.5351166634206876,-1.2692810116985125,0.3255859729654654,-0.8729854701753341,1.2486794291498724,0.8336369342690338,-0.08932323313836436,0.3114263162335416,0.1953418948257828,0.6363018316265183,-1.4832980690463933,0.5939517610147234,-1.5905588723292958,-0.627059206207811,-0.6449728091847847,-1.377503703681569,-0.13661145698474006,1.2872569804891676,0.15343704576953204,0.9230322049717756,1.8784566991620217,0.25080647714010834,-0.24708628449764652,-0.4039350725586071,-1.760084286222045,0.11716375839364779,0.12585507231166654,-0.02665809509732533,0.046953701738664554
-2.404220143290647,-1.560467771735921,-0.7746128362518737,-4.61742104977897,0.7151402371971335,-4.538990550277824,3.066821655928986,-1.3936271258874076,4.448368936415082,-0.7100056502502955,0.12498771075514102,2.4668207995573295,3.10105301256375,1.9604126278110119,1.0118381714511608,2.9069705991712107,1.4238852214425899,-0.34128504076374006,0.5131087000282573,0.24286903620596856,2.0004935265308905,-2.028605299555689,-1.3190574056935445,1.9762759303759652,-0.32300607972740797,-0.13117862631624536,-0.36218444164457597,-1.61765961636219,-2.8736811636618405,0.07858644307052275,-2.7505510727821663,2.225634444107051,0.8897372050937427,0.1817745773041728,1.4984188956937614,-0.006532455791132668,0.8500904973529578,-3.774746622110385,2.1121777051048216,-3.6942026888099435,-2.457034935471038,-0.9038395326494487,-4.305171592356133,-0.09175263049303473,2.74931199072456,1.2811850962146416,3.0983172931331486,3.7058121181564325,0.3369563489484371,0.10959368636270506,-1.7448150435771304,-4.399950343033525,-0.49313342672189664,-1.0140890610832158,0.6444260144393968,-0.21306939454837376
-1.558208632260284,-1.7673475845404587,-0.47047764386593116,-1.148099819181471,1.1519086590705374,-1.2984376690051975,2.277496164787128,-0.9167812789698494,1.533058413769687,-0.5499847028495729,0.6164107437375742,1.4158791711228491,1.6453767724932782,0.6994862727539684,0.9229090120078229,1.4238852214425899,1.7207877462596677,0.31013266915344084,-0.31077761125192194,1.6370101200013554,1.3956124102549659,-1.209611422572168,0.3664474959524972,0.29624223532036764,0.4886679848629977,0.9101286010516028,-0.034422811383672355,-0.7264169737017383,-2.0590913159290007,0.7565504567486028,-1.1547210964851833,2.2209342909778105,1.6916901097987393,-0.2711982534083158,0.22750200260474793,0.4663700789996354,1.2377160497465134,-2.258809270560488,0.6969149877573718,-2.5469101979503983,-0.652985714695871,-1.2353985655588429,-1.8234899334558585,-0.28598864174746275,2.146266432951173,-0.07659645723365066,1.1453674211946463,3.235430884321795,0.4830910043860979,-0.6297606543881825,-0.36599349989996033,-2.7110607858877924,0.44801473515403484,0.6515410704041794,-0.2930446027187137,0.1873662582467847
0.1021950241814304,-0.28754833631685944,0.046707033805845115,1.058430757311022,0.288266062323643,0.9630553971007405,0.004919101667787681,0.0524788808191891,-0.8216456019261943,-0.00860077841651999,0.24596828751241637,-0.19018373378509515,-0.3038304826339678,-0.35336112006174697,0.0801875073818067,-0.34128504076374006,0.31013266915344084,0.2629566295137117,-0.32688233890292917,0.6791123522134543,-0.04059064857550228,0.13875776418855423,0.6290083880945855,-0.5455133617590283,0.34018259437369763,0.47073208229574864,0.1083540032450913,0.22031767001517774,0.03092363665064716,0.32704899576909574,0.40928560967769334,0.26453233028063067,0.48168276936801274,-0.1874878965609963,-0.4132764126419219,0.21845076448608092,0.28544862588186826,0.2505097731867326,-0.4052526496566109,0.08701545349182095,0.5466832426231593,-0.26412777375974966,0.6368527433392662,-0.09819896651405605,0.05323952924271223,-0.48012531696494515,-0.5373851783879233,0.23118322402938424,0.10815944612494006,-0.3317481843356853,0.4333098164097667,0.25426286911279417,0.3787527728294026,0.6551499524754867,-0.3623007103353335,0.1616774081076016
-0.17302635619474196,0.3240538131388132,-0.05756420370365799,-1.3761415946230298,-0.28664529520621623,-1.2895240872698448,0.05999697984405784,-0.08560502861541254,1.1097369356651146,-0.053204805397518866,-0.3109089288987705,0.27832938218148223,0.4568754518128833,0.5154314204615296,-0.05089990532921373,0.5131087000282573,-0.31077761125192194,-0.32688233890292917,0.47317951899221855,-0.7841835977810586,0.11867177708342369,-0.2613175218101251,-0.8201509176295476,0.7206551061979517,-0.4213803799183955,-0.5727071867121208,-0.12832556254147895,-0.3158853766510305,-0.10672505433963556,-0.40309788315025025,-0.5343781009936975,-0.2021188693302499,-0.5390955904824414,0.1990376945526972,0.5615812142827131,-0.23711062410179243,-0.33702982402292786,-0.4166029252319407,0.5547618021265184,-0.20158102204061704,-0.7601373693958051,0.2845317549191595,-0.8896122423695353,0.05908535532212158,-0.004661643122532238,0.6342399779040305,0.7516316799632525,-0.18928086015724993,-0.10496214155997644,0.39666728704339094,-0.5855287639596121,-0.4212387887207065,-0.45322156306396716,-0.8184972296091302,0.4933881491542536,-0.2076943608969721
-0.7615368890047622,-1.613783930721173,-0.19711582514487566,1.2708028911607463,1.2514103708072783,0.9945123992062123,1.401241099995132,-0.4608687451121027,-0.5891648585181279,-0.3628642078232353,0.8314466187950473,0.5100760072475985,0.4446930993744948,-0.2206216395045602,0.7188695849663116,0.24286903620596856,1.6370101200013554,0.6791123522134543,-0.7841835977810586,2.272818714660968,0.7832872861213216,-0.4918616830764412,1.3889627211659585,-0.8311484038876272,0.9317801810319268,1.4331403313447866,0.18314199920975863,-0.03679309022745368,-1.2026337454467395,1.0696734850945184,0.06105649439693878,1.8657704923783587,1.9367546107385565,-0.5220346443090629,-0.6243509860742376,0.6980429963782402,1.2860918293240142,-0.921125949180019,-0.3247600115836289,-1.3983752248449104,0.6091524773916434,-1.250597629378493,0.06595385615908457,-0.37048986770214126,1.4111840809889142,-0.9355410054380636,-0.29331102142048304,2.410635077545764,0.5008873771451886,-1.0044982826085476,0.5782545846146964,-1.1876172562375815,0.9828643694678846,1.6178201872643039,-0.8449480907151387,0.414054147640509
-1.8126069058195224,-1.485337025251481,-0.5724574803510815,-2.729336961902212,0.8155405675303914,-2.749501909359277,2.4300348547904367,-1.056795325333314,2.8013536865164377,-0.5675487409140697,0.3138651504080605,1.785471620651555,2.1871484652803734,1.241012485073704,0.8694781208856559,2.0004935265308905,1.3956124102549659,-0.04059064857550228,0.11867177708342369,0.7832872861213216,1.5460756896367294,-1.4819638689225203,-0.49382552005536895,1.0868745035710532,0.04125798178328737,0.30675150941372265,-0.19232208684512497,-1.086920969779576,-2.245771882749919,0.3476490603313498,-1.8193085786288488,1.9888468063297686,1.1230149199603865,-0.0187096841156918,0.8238662622204903,0.18446032211980234,0.9216308822635035,-2.7662029031980655,1.3166528664279045,-2.8455625908122935,-1.4652338302011776,-0.9447377929601792,-2.849028594288645,-0.15636646981414232,2.221013464122507,0.5938602632052935,1.980925272654523,3.132422829813379,0.3602454826227781,-0.2023882752685966,-1.0014648452060646,-3.257868958224943,-0.06026072476099354,-0.23066154230797492,0.19246420459829833,-0.02730182227534402
1.7455542509064614,1.2862493332026579,0.5511412883893863,2.9722424592953343,-0.676356117695145,2.9664991296956376,-2.2873501485805243,1.0125391259359153,-2.959020401908478,0.5496838613903559,-0.19609060978889195,-1.7525038663520907,-2.1844910724517614,-1.320778759026082,-0.7978202039029951,-2.028605299555689,-1.209611422572168,0.13875776418855423,-0.2613175218101251,-0.4918616830764412,-1.4819638689225203,1.4677016239807776,0.7160334054843436,-1.2381957587213204,0.09156889856655692,-0.10984297994917334,0.21838428130711796,1.1132162123606546,2.1302382335308994,-0.19969914527596563,1.8619655286003005,-1.7995255497407525,-0.8840671340224914,-0.04166849730531535,-0.9443799344709668,-0.10104612147135837,-0.7559158866552246,2.7134057160706275,-1.4016583972833523,2.72013890849417,1.6055678910889817,0.7954583263411373,2.936136074407598,0.1318184203520144,-2.072305719840857,-0.7517787844340771,-2.0836607027313665,-2.8670604529972357,-0.3053002276874801,0.067185119281489,1.1171900101297807,3.1729566103392397,0.1948773335191731,0.4679468853608869,-0.3346647536397539,0.09003727513636492
0.6965290172200449,-0.304825804425875,0.24909555556442384,3.1757048892381694,0.45708703843310144,2.966388953402183,-0.601068642069734,0.387283409960439,-2.6447604293526124,0.13852134939346872,0.5044318732145792,-0.8957771443401852,-1.2731545137145237,-1.158594031919187,-0.03854026367700549,-1.3190574056935445,0.3664474959524972,0.6290083880945855,-0.8201509176295476,1.3889627211659585,-0.49382552005536895,0.7160334054843436,1.6135286381884038,-1.5626250333226366,0.7904364740512971,1.0296710832112974,0.2998521120492672,0.7967943429615195,0.6413304660147597,0.6843322244270692,1.414604605044628,0.0979192031202518,0.8415641062340852,-0.4258743341189216,-1.1889988908902922,0.45831268556356203,0.4420822667351614,1.2969195197364392,-1.291028039413065,0.9274672507232532,1.6697467650447206,-0.37784654116449196,2.2243694551308186,-0.17277738197831324,-0.43495495095096715,-1.2870525118122098,-1.7743154944560589,-0.24958202732536475,0.15746487911201829,-0.7267677171418325,1.279069711150072,1.4253739269074903,0.9007377639966269,1.5999950423835043,-0.9137881629535477,0.3894855079498368
-1.3830351630288806,-0.400589382789454,-0.4657214334295959,-3.868189771098833,-0.038990128073454734,-3.6921457116634957,1.5738719118431588,-0.7925145447929497,3.446979043184368,-0.3514410749113685,-0.28055456889425956,1.5391247354790571,2.0244223407794353,1.5049442576267014,0.40759206841054807,1.9762759303759652,0.29624223532036764,-0.5455133617590283,0.7206551061979517,-0.8311484038876272,1.0868745035710532,-1.2381957587213204,-1.5626250333226366,1.784644411479901,-0.6445836451312589,-0.7293613855799942,-0.33954595063592896,-1.142812479410867,-1.5243272687369323,-0.41880516543840673,-1.9941541269028717,0.7717794958370975,-0.219783504495014,0.358868916966449,1.3518681456410393,-0.3118478881865882,0.037390726232158125,-2.2962252708076343,1.6574690914140227,-2.0256468319833245,-2.0326964345509726,-0.09377999740279282,-3.1130535974650497,0.09366963793865764,1.3422506379149914,1.3340518554064054,2.350730078949123,1.5846106505677078,0.02069005039275513,0.5232238298790318,-1.507317855709062,-2.624434936852314,-0.7874306026302941,-1.4435281654434617,0.8394189740252864,-0.33673673715795605
0.021389735450477655,-0.46658013419172933,0.024940915693942935,1.2108017978591472,0.4239019789853965,1.0865552365766848,0.1561191033998065,0.0029446187638782866,-0.8988269440639634,-0.044161088052252225,0.34049222902344556,-0.13760437293688627,-0.2620766016688889,-0.3858665778666096,0.15703559745078974,-0.32300607972740797,0.4886679848629977,0.34018259437369763,-0.4213803799183955,0.9317801810319268,0.04125798178328737,0.09156889856655692,0.7904364740512971,-0.6445836451312589,0.4459090196555032,0.6322640109691968,0.1288944507712045,0.22070965812152712,-0.09775227728078696,0.44793217640216726,0.4203735904302414,0.46429214744619884,0.6957847075495417,-0.2441250942987118,-0.4889516136518641,0.29486262432398486,0.4291254534728871,0.15733248187675997,-0.44770838007857827,-0.06122928169848572,0.6239515002660719,-0.4017058187189385,0.655381554679202,-0.135181546276644,0.2061756333157474,-0.5900764527019129,-0.5796061311411269,0.49376117309362955,0.1623468483822957,-0.4444334982141326,0.5038805847293355,0.13137676347262633,0.4891416531749117,0.8395995157277059,-0.46192389944049445,0.20929124458668438
-0.26209105235291164,-0.8940256129315013,-0.05740604122218111,1.2588616337271277,0.7256676489710475,1.0815995934740585,0.610594425149303,-0.1662341817026663,-0.8098048201567397,-0.1529341300972277,0.5284256004258394,0.09469981845134799,-0.01547260313219953,-0.341827974686958,0.3601786008645904,-0.13117862631624536,0.9101286010516028,0.47073208229574864,-0.5727071867121208,1.4331403313447866,0.30675150941372265,-0.10984297994917334,1.0296710832112974,-0.7293613855799942,0.6322640109691968,0.9364668455075449,0.14973870826385527,0.1346446411492685,-0.49894344167602905,0.6845344576023851,0.2964101966270157,0.9711664774659927,1.1568685348138499,-0.34519881856982143,-0.5535075380972327,0.4431324613557442,0.7506473457792766,-0.2246891480068319,-0.4161382913158894,-0.5442599347892906,0.6397201558593542,-0.7156516388486442,0.4606451608249152,-0.21428248009817497,0.6471340370198417,-0.7324081120248428,-0.4943007520686373,1.1973641573292941,0.28563005406354935,-0.6560605561680665,0.545779685899527,-0.340460045878677,0.6763775048137209,1.1407873960507495,-0.6174471363894695,0.28929936179448124
0.25446987537661436,0.06357931161152534,0.08936821426385858,0.7405643168686282,0.028156483301457605,0.6985020259974071,-0.2843929041278177,0.14699984227287685,-0.6502456603251952,0.0527492507971471,0.05663478339667004,-0.2865870569550511,-0.372731049317317,-0.2756736126736596,-0.0653684529926668,-0.36218444164457597,-0.034422811383672355,0.1083540032450913,-0.12832556254147895,0.18314199920975863,-0.19232208684512497,0.21838428130711796,0.2998521120492672,-0.33954595063592896,0.1288944507712045,0.14973870826385527,0.06781019209561928,0.21188379400546864,0.2751725539031886,0.08621774406576757,0.3804903857949487,-0.11429521213573338,0.0634102080687097,-0.07889968760096418,-0.25383084665085603,0.07062881879721568,0.001960514800690007,0.41773365792263495,-0.3110151512342044,0.36593191625432,0.3784373043177164,0.003515615120878216,0.5814111463034486,-0.03318489918834801,-0.24053441757516508,-0.2539250883187759,-0.4379805518966901,-0.27538884160464216,0.00441931719352049,-0.10877744461690925,0.28391221101717196,0.4801129100060644,0.16019555236362232,0.2851008779257213,-0.1566645570050974,0.0654228912860331
1.3167280897694986,0.8075905260951282,0.42750161946476933,2.645257892105041,-0.34412408868533056,2.586994896741154,-1.6610604489442153,0.762955444847277,-2.5194247929184415,0.3789763694584137,-0.03600366976485614,-1.3627720224242932,-1.7191874711417177,-1.105646039971102,-0.5351166634206876,-1.61765961636219,-0.7264169737017383,0.22031767001517774,-0.3158853766510305,-0.03679309022745368,-1.086920969779576,1.1132162123606546,0.7967943429615195,-1.142812479410867,0.22070965812152712,0.1346446411492685,0.21188379400546864,0.9049041338227237,1.5605414185886668,7.462032439582364e-4,1.5475425623660395,-1.1635703705755869,-0.41469343631971434,-0.1268221431251971,-0.8649658812580105,0.035638322656345874,-0.42298650206578475,2.0760950828598785,-1.1974153084760124,2.0118271965483854,1.4008430819509374,0.4525751561044617,2.416249882189729,0.03098737503935755,-1.4824329472140412,-0.7566275425047998,-1.7481033114564026,-1.975705307075598,-0.16619934209060752,-0.10487266558084928,1.001708178550768,2.416624356854704,0.3198500719657721,0.6376091036087906,-0.3942315162329236,0.13658433561753405
2.6434046873882875,2.2091961032307337,0.8405429174712841,3.8847664093095284,-1.2014569647741715,3.9095597992316415,-3.55732613942603,1.545084922723944,-4.003690380740906,0.8081216641669331,-0.49319230491553434,-2.595596704418326,-3.158182441938728,-1.7568415037431784,-1.2692810116985125,-2.8736811636618405,-2.0590913159290007,0.03092363665064716,-0.10672505433963556,-1.2026337454467395,-2.245771882749919,2.1302382335308994,0.6413304660147597,-1.5243272687369323,-0.09775227728078696,-0.49894344167602905,0.2751725539031886,1.5605414185886668,3.280178938667349,-0.5478584562442662,2.6293119168775716,-2.9049566723739124,-1.6827463050579297,0.031798391246919105,-1.1479097019615723,-0.27980881075698794,-1.384002683429826,4.006634008079204,-1.875054522347083,4.147607799363584,2.064522937477504,1.4031503595081194,4.08983895160065,0.21118243709809578,-3.256188021477552,-0.8059089914823615,-2.8256859624920545,-4.604111573813435,-0.5296572186296904,0.32788232871027534,1.408456381564866,4.732370765870576,0.05574490607725308,0.26636773438864136,-0.22336843538223877,0.01921604649042289
-0.3449540596499113,-0.7607970038470759,-0.09373402633977582,0.6411196703955664,0.5734322881319524,0.5202322791025924,0.6438620122813689,-0.21167774656448327,-0.323690676854226,-0.14918704021237034,0.40149676717878124,0.22549623930792317,0.17897041856944398,-0.1379614369668086,0.3255859729654654,0.07858644307052275,0.7565504567486028,0.32704899576909574,-0.40309788315025025,1.0696734850945184,0.3476490603313498,-0.19969914527596563,0.6843322244270692,-0.41880516543840673,0.44793217640216726,0.6845344576023851,0.08621774406576757,7.462032439582364e-4,-0.5478584562442662,0.5128552428448095,0.043378708567209906,0.8456236538779199,0.9072023521545428,-0.2384135741634562,-0.3206308391968254,0.322601539094849,0.6102609989590547,-0.39713709533375807,-0.17875409259530506,-0.6311734151093744,0.327205870703936,-0.58328580992973,0.0755359756211027,-0.15417516974625242,0.6508799822681148,-0.465957298855886,-0.17752098754651746,1.1160643082132244,0.22914108427004554,-0.47717883221385493,0.29849652859543646,-0.5242854875418168,0.46667448043215104,0.7809740902171438,-0.4235171162979553,0.201946511891203
2.2358221017426128,1.3251816400203487,0.7382475740615264,4.617434689377103,-0.5046931806526476,4.483904515077161,-2.798638119497216,1.2990458727947658,-4.353777549043494,0.6037511579381803,-0.03537728472491609,-2.3281957328691796,-2.9266130352124633,-1.8838328274427756,-0.8729854701753341,-2.7505510727821663,-1.1547210964851833,0.40928560967769334,-0.5343781009936975,0.06105649439693878,-1.8193085786288488,1.8619655286003005,1.414604605044628,-1.9941541269028717,0.4203735904302414,0.2964101966270157,0.3804903857949487,1.5475425623660395,2.6293119168775716,0.043378708567209906,2.6825907094715733,-1.872969602865503,-0.6104190064922812,-0.2635879298196568,-1.4985170227178142,0.11145469788588167,-0.6774912817161571,3.5134155059196797,-2.0647799099227098,3.391661333681074,2.4098771840746926,0.7127285072786648,4.147971275672543,-0.002535975055724143,-2.4900006791455622,-1.3283109900568388,-3.001424476365675,-3.287908815613098,-0.2510824008344417,-0.23081155220332275,1.7358268245008495,4.09715636126855,0.6060370612344808,1.1688113881600577,-0.6893933951507216,0.24891464381295872
-2.246274472998749,-2.285832132397871,-0.6833557279931827,-2.28677946257408,1.4430231219220389,-2.4462476756525895,3.1850882035545003,-1.3144808244560862,2.6814351314281435,-0.7808303604030238,0.6992484172092914,2.102776592358717,2.506473690800685,1.2220645273534765,1.2486794291498724,2.225634444107051,2.2209342909778105,0.26453233028063067,-0.2021188693302499,1.8657704923783587,1.9888468063297686,-1.7995255497407525,0.0979192031202518,0.7717794958370975,0.46429214744619884,0.9711664774659927,-0.11429521213573338,-1.1635703705755869,-2.9049566723739124,0.8456236538779199,-1.872969602865503,2.9627469839504337,2.0666970094899613,-0.26983338112020866,0.5942968172163247,0.5216467891908577,1.5456731078926378,-3.334232758980776,1.2427571914256614,-3.6271111532466414,-1.2813661452181517,-1.5648324247375092,-2.9713631928637105,-0.35683027365440184,2.970513378746897,0.2103843394080549,1.9609101624997345,4.384202889554281,0.6130471971953964,-0.6706060409147525,-0.7991556180207536,-3.9652105106869686,0.38885820307448643,0.48929396180535495,-0.16317391347307472,0.15574317164572096
-1.2065314234327105,-1.7126774633936934,-0.35132484681564313,-0.05093302763560377,1.2003148229297202,-0.25593444298743806,1.8948882328645835,-0.7166268502249811,0.5715063410917353,-0.4621460089175034,0.7219939820741986,1.013455330184273,1.1060920272361612,0.2777783288984707,0.8336369342690338,0.8897372050937427,1.6916901097987393,0.48168276936801274,-0.5390955904824414,1.9367546107385565,1.1230149199603865,-0.8840671340224914,0.8415641062340852,-0.219783504495014,0.6957847075495417,1.1568685348138499,0.0634102080687097,-0.41469343631971434,-1.6827463050579297,0.9072023521545428,-0.6104190064922812,2.0666970094899613,1.8141194295621028,-0.38381591555370803,-0.16452528239043818,0.5723961543672657,1.271215342207594,-1.6604416798279178,0.2323807100520256,-2.039556511525986,-0.07436312993744565,-1.2501834687808329,-0.9699099475352551,-0.31902543840019026,1.827116292937917,-0.47383610641570223,0.4914501355763678,2.8826298127324015,0.49257030038890065,-0.8053625221053032,0.06642928408145556,-2.033171932183729,0.6942427334380235,1.0995492985194553,-0.553639463025872,0.293648566322968
-0.03407369936029793,0.235169027919834,-0.028584429503817663,-0.701900627758964,-0.24895523495956837,-0.617612672340209,-0.057935483016539766,-0.01801458766701569,0.5181411219016329,0.04309271728323027,-0.17589304058063768,0.09920625663353538,0.15821742938635994,0.20342158809162733,-0.08932323313836436,0.1817745773041728,-0.2711982534083158,-0.1874878965609963,0.1990376945526972,-0.5220346443090629,-0.0187096841156918,-0.04166849730531535,-0.4258743341189216,0.358868916966449,-0.2441250942987118,-0.34519881856982143,-0.07889968760096418,-0.1268221431251971,0.031798391246919105,-0.2384135741634562,-0.2635879298196568,-0.26983338112020866,-0.38381591555370803,0.151119342535978,0.26405929419985025,-0.17490284597835515,-0.22091969329791766,-0.10202875492367106,0.2524194871536766,0.0095683194382898,-0.3373580275398159,0.21889466519607634,-0.38091636028113773,0.10302951034499865,-0.08832024978953194,0.31905703708795663,0.3246577834560081,-0.24174284032998664,-0.09518154875674913,0.24663287160846306,-0.27728804445028266,-0.1004046349926286,-0.2788421779321433,-0.46394350683806845,0.23560580393909783,-0.11189753978363945
-1.0400950851309787,-0.2955378592435786,-0.3467523549996243,-2.9182517146469613,-0.021068502434386318,-2.7923236918426344,1.1829146317285761,-0.5943376085310536,2.604833659286872,-0.2758777788370449,-0.2175087374200953,1.1577796382066199,1.530502930776015,1.1462578715505067,0.3114263162335416,1.4984188956937614,0.22750200260474793,-0.4132764126419219,0.5615812142827131,-0.6243509860742376,0.8238662622204903,-0.9443799344709668,-1.1889988908902922,1.3518681456410393,-0.4889516136518641,-0.5535075380972327,-0.25383084665085603,-0.8649658812580105,-1.1479097019615723,-0.3206308391968254,-1.4985170227178142,0.5942968172163247,-0.16452528239043818,0.26405929419985025,1.0278534066569267,-0.23013047242234433,0.022511345528754403,-1.7365922103247506,1.2549427292007065,-1.527622623214997,-1.5451038109348971,-0.07137711016939999,-2.3533968463485335,0.05737235142166598,1.008440581963861,1.0143343866553316,1.7813437693623735,1.191106015726753,0.0189142815010681,0.39521541917426634,-1.1435493457446126,-1.9800621658249735,-0.592227756529258,-1.093237752055327,0.6450132199322517,-0.25672520393102705
-0.15664728455737578,-0.44228487741731,-0.031372176101652556,0.5363982050121445,0.37438706010479,0.4404164232568929,0.3323691528928849,-0.09486454547296563,-0.31532159474083815,-0.10277884813051667,0.24613909406921666,0.07689895777720324,0.044782356269267416,-0.11627174315728021,0.1953418948257828,-0.006532455791132668,0.4663700789996354,0.21845076448608092,-0.23711062410179243,0.6980429963782402,0.18446032211980234,-0.10104612147135837,0.45831268556356203,-0.3118478881865882,0.29486262432398486,0.4431324613557442,0.07062881879721568,0.035638322656345874,-0.27980881075698794,0.322601539094849,0.11145469788588167,0.5216467891908577,0.5723961543672657,-0.17490284597835515,-0.23013047242234433,0.22201633063129383,0.3642718823767472,-0.17229053767890576,-0.1607387401845307,-0.3165588772923297,0.2509720676727518,-0.3591215288334094,0.14859403150386577,-0.12739290940668943,0.3456358375251994,-0.31963793029786136,-0.17768551045700903,0.6245497063820163,0.14823158436173398,-0.3132783283026625,0.22542036607197738,-0.23029609306314916,0.32126270997137396,0.5265557901507315,-0.2672794197599932,0.13141440993477566
