V1,V2,V3,V4,V5,V6,V7,V8,V9,V10,V11,V12,V13,V14,V15,V16,V17,V18,V19,V20,V21,V22,V23,V24,V25,V26,V27,V28,V29,V30,V31,V32,V33,V34,V35,V36,V37,V38,V39,V40,V41,V42,V43,V44,V45,V46,V47,V48,V49,V50,V51,V52,V53,V54,V55,V56
0.27463752184485174,0.4150439483094857,-0.13731941306438197,0.09388377298303166,-0.16420717895023682,-0.48590087891834666,0.06207363487411884,0.19270959528502968,0.23293993376984037,-0.3128969007903917,0.8274924863108645,0.35352311744678006,-0.1846698789188443,0.6997316371350302,0.04047808805463879,0.10858837349904257,0.021182903560473833,-0.34887994487635215,0.3824983278724987,-0.06701274290351102,-0.15133620965734873,-0.46245009450457636,0.38912773739304696,-0.02324861282563467,0.20125554533784126,0.37529844891070996,-0.13844131514839922,0.13741401807665735,0.1578276651149035,0.12599395047718606,-0.2885819859875018,-0.37223612707386466,0.3911587776841772,0.19524239246047037,0.178836319823038,-0.11694989185326327,-0.3969053806392201,-0.2502133056696882,-0.4222705314956442,-0.37584720591396825,0.04046839132237629,0.1986626014419237,0.24608626912682943,-0.030993251078006392,-0.3244616006240199,-0.07405720367916332,0.4733555864927611,-0.07333441640949735,0.06401164501482903,0.20772081340566964,0.17264452730675162,-0.23405544270195253,0.15516801687920215,-0.050613238535240516,-0.06862022481837628,0.16402646540009333
0.4150439483094857,2.397581077073869,-0.6479614321602323,-2.724056830708014,-0.8423734286768343,-1.398609763941357,3.135736214583237,2.5676021549739825,0.49333326064333866,-0.6182722409029517,-2.750892276662184,3.562465836965778,-0.023913030361063334,-0.7967995552554032,0.6477464730268833,-3.2295463911325295,0.06540401698421405,0.8258137850331883,2.0754421770255687,-1.8710668236931258,-1.4364770142900984,0.6016151116792976,-0.05257156229525297,3.115972172349723,-1.3515534563955736,4.186769669511048,-1.7601883639804512,0.579788844542482,-0.19732138985765652,-0.7828927379171364,1.995921029486747,1.4834750471821814,-1.1316081917719059,-2.267903365298727,-0.8873053419809693,1.6338513995122672,3.083544095044679,2.25631097512172,0.06368353001161192,-1.576137294164813,2.1152122572401266,-2.2821192467936546,0.845876970157247,0.008993394520565325,-0.8076492777885689,-2.718287447302351,2.2484829359375262,2.338240808644298,-0.6438689006979783,-1.8321343846012634,0.05498360732278098,-1.4974904641344635,0.33107148834999356,-0.8796180247934045,1.6237124029154155,-0.764698212224114
-0.13731941306438197,-0.6479614321602323,0.3354692095477477,1.1850979403469095,0.2508113152337938,0.4227615536456117,-1.1830921540596224,-0.833505056586638,0.06185282441218645,0.12152893252087536,1.5208021203133866,-1.2258294409551986,0.057121622911001264,0.5626102353970084,-0.25390914949649934,1.2664465338926088,0.10740146277409227,-0.4375191526169518,-0.5495970924906027,0.8937596802711678,0.4332796419964893,-0.5171096162030403,0.05013381457851155,-1.411967369935904,0.44363350444746247,-1.5268411794566876,0.5859355121795767,0.022287621013228606,0.39264048586278494,0.4191540078675618,-1.1721719647932054,-0.9810082951441395,0.620681842921683,1.0456193941242513,0.306401009821243,-0.5758561947705224,-1.255397834199547,-0.9597924218920315,-0.21520090092430685,0.4597832163343136,-1.0306128054550885,0.7226783577864385,-0.26571826753525657,0.19035285769295684,0.2784912755022026,1.0806392757022434,-0.7597198092093492,-0.8660368042401911,0.34578340476081343,0.9511988202946681,-0.04425702443442459,0.5608329027445967,-0.04293828377105603,0.28832984357097796,-0.512743643666067,0.41875147176994887
0.09388377298303166,-2.724056830708014,1.1850979403469095,6.38515511882449,0.9747300590219993,0.9572439005597825,-6.208116105527707,-4.183155790634116,0.5556354852855814,-0.10631108340498308,9.860771030766186,-5.757537927210493,-0.38288841965196746,4.730483055195333,-1.2253787434996477,7.10386967898413,0.37013261771315825,-3.2186720638792776,-2.246481482770889,4.228504184799126,2.0920605348109715,-3.665797499162004,1.451819176545091,-7.220805207877633,3.1860906808678506,-7.179533624981275,2.895463418066005,0.05058548024073916,1.9583054995764553,2.4110410389868626,-6.384367828871622,-5.612096140513635,4.20243533170955,5.88501382562027,2.2911048604969624,-3.578130218838068,-7.872930747422551,-5.768236693966823,-2.1116137853973616,1.5730042498414611,-4.959907704398226,4.84115853400005,-0.7648840757921941,0.5221429662299417,0.5259253188295709,5.498636704626955,-2.7876187531941286,-4.958419252942306,1.8597468877662502,5.26564784167239,0.36214914765403394,2.2972856687893506,0.09041315184133715,1.4915392853240523,-3.20716303500335,2.516818000167454
-0.16420717895023682,-0.8423734286768343,0.2508113152337938,0.9747300590219993,0.3004002473407616,0.5154216958750725,-1.1106148648003829,-0.9019640178319801,-0.15836122497148933,0.22644848859713473,0.9729967985680527,-1.2670476720315225,0.028521202257393387,0.2639127867976002,-0.23273389682726245,1.1374096794696098,-0.007104631946644013,-0.2821131084414996,-0.7294139483247926,0.6898540437358734,0.5034570434471443,-0.2164081460258135,-0.006302776556071466,-1.1286924053952685,0.45297580105655055,-1.4975538675917737,0.6207305399098684,-0.18269060734991338,0.10013497474525135,0.2832209984623315,-0.7382220370449527,-0.551559661065467,0.39583406455939907,0.810651273920415,0.2959290703689985,-0.5622134129286381,-1.0703695735524943,-0.7916704784567073,-0.016517396511061502,0.5658962136623588,-0.7799379263002648,0.7718225238352361,-0.30951357007657665,0.024851416844532778,0.3054553343795952,0.9715737521991005,-0.8164176947422966,-0.8171378852371529,0.23600720061659153,0.6653171092706517,-0.03532263356689936,0.5449927024334208,-0.11740061421242486,0.308224773302302,-0.5543520389405197,0.2748397801622101
-0.48590087891834666,-1.398609763941357,0.4227615536456117,0.9572439005597825,0.5154216958750725,1.1103062860950796,-1.28778088570286,-1.2109102094136688,-0.4454247001079451,0.6015950362659851,0.12418702904337585,-1.7890793854056815,0.23359131651312134,-0.5005476948934477,-0.299829835466465,1.1253114415402496,-0.03833431243597671,0.08410916792817284,-1.2372963743686285,0.8214598568657462,0.7262365450989074,0.2909597281358057,-0.4402020981826224,-1.200365800247985,0.27742176861040896,-2.0627324510431793,0.8390037920465743,-0.36578661856789285,-0.082144844268346,0.16447842224133444,-0.46773721419996217,-0.16995672958904312,-0.009813969373229042,0.6629895549556032,0.12790467633559524,-0.48946788835658567,-0.7295572169166223,-0.5855134044248862,0.46050289371794817,1.0452089055863902,-0.8884940762494309,0.6340852616755341,-0.6155345468532508,0.05132132456965675,0.6965755230860319,1.1455384097494041,-1.4258521406526725,-0.8163294446102324,0.18252939612761152,0.4859141220556984,-0.22903616794493561,0.858012428137171,-0.30535135819180365,0.39675070532330875,-0.5376052388126593,0.11274739488438078
0.06207363487411884,3.135736214583237,-1.1830921540596224,-6.208116105527707,-1.1106148648003829,-1.28778088570286,6.23458407481769,4.384406311496015,-0.24124617786910246,-0.14181128840813237,-9.049345900612913,6.026540487353192,0.32564048733233775,-4.162251710409626,1.2376079080524867,-7.0044703544304054,-0.255355828934309,2.938287138603624,2.623711930153607,-4.111887689473803,-2.253094548628002,3.1980326029618844,-1.2273510517862014,7.017279998303725,-3.1321917335360587,7.4071221447479525,-3.0252432081039884,0.20895718085302983,-1.6261290744817427,-2.2472998726403923,5.902186100028017,5.085993989186648,-3.846357486218834,-5.630866363178055,-2.2197152653772894,3.546939199276512,7.590555353450576,5.549900763908125,1.7433936698743149,-1.8700956041422365,4.7939587707409546,-4.843686430442055,0.9322656718307597,-0.3855956962101124,-0.7123527923372247,-5.488676822890901,3.097340278651402,4.929234870805906,-1.7446536291785506,-4.9507409961468705,-0.29178660308041604,-2.4185439879268054,0.05349781211606224,-1.550353276053386,3.2475601637235574,-2.328425325145018
0.19270959528502968,2.5676021549739825,-0.833505056586638,-4.183155790634116,-0.9019640178319801,-1.2109102094136688,4.384406311496015,3.247839919880009,0.11320859453963972,-0.32927687278723844,-5.584786767973175,4.463083567425335,0.16781055157190183,-2.383465535675055,0.8779604897740789,-4.8051157090848315,-0.07941919653739599,1.794149489926672,2.178380887834732,-2.7789388358311253,-1.721249594602254,1.8092444083774888,-0.6434088298703534,4.7304306208059765,-2.1315304099221506,5.39415367634288,-2.2335983577634715,0.37546484725643653,-0.8441912821725871,-1.4238515298918477,3.6976211336837435,3.084653480572601,-2.3618822937044666,-3.707873479433415,-1.4801188064688102,2.445837682786496,5.0416434082373955,3.6785129451511205,0.8796485751864481,-1.5828874663050332,3.212097485837306,-3.376153245924914,0.8090258966331875,-0.15502573605030293,-0.6762139801670511,-3.832668628821128,2.4573550924806855,3.416415967335201,-1.1176507222900858,-3.1799205843909966,-0.13368930836764156,-1.8079469730429822,0.1693099881117915,-1.1368846688357443,2.30046143544483,-1.4572793313180312
0.23293993376984037,0.49333326064333866,0.06185282441218645,0.5556354852855814,-0.15836122497148933,-0.4454247001079451,-0.24124617786910246,0.11320859453963972,0.4987131481516989,-0.37354296790807595,1.657538479636708,0.1400634816911134,-0.09788294853601662,1.0581052235116162,-0.03797554121554452,0.4681595447108768,0.19211993528593393,-0.5617788577612567,0.4632020411184046,0.3721074706510907,-0.14719335691171995,-0.8652327401955886,0.3947705723773968,-0.6367199462638634,0.21825964421852428,0.011582977950058837,-0.0635406630927526,0.3955065184725779,0.5921326621254662,0.3550614555567295,-1.016608144255796,-1.0460049080119125,0.7206540324915701,0.6475611240954305,0.20571995280000607,-0.20435809641039815,-0.7724508569984758,-0.5851259206911664,-0.6439570629755851,-0.37068292596970315,-0.479753566814238,0.20619740547845788,0.21295075613269585,0.2344531025231131,-0.24986738142622947,0.26573355922048864,0.3315682253277038,-0.2651255049055157,0.2579668871192105,0.7125167462945206,0.1175606438698821,-0.0735974640016364,0.21898824014620097,-0.02119881991234755,-0.07960384047260731,0.3961876068770541
-0.3128969007903917,-0.6182722409029517,0.12152893252087536,-0.10631108340498308,0.22644848859713473,0.6015950362659851,-0.14181128840813237,-0.32927687278723844,-0.37354296790807595,0.4005935317786822,-1.0388161888046692,-0.51777069563918,0.1766539250262824,-0.8489706617029046,-0.05462016387136078,-0.06045723718784262,-0.0839934947787638,0.4108796819999862,-0.56518850268463,0.03179327318427148,0.24579002357308138,0.6121818502095768,-0.42931451133992765,0.05695560333412072,-0.15316588821556043,-0.5264879033973886,0.22593740044275112,-0.27014035279827664,-0.3082437473571365,-0.17214729338752482,0.4507711539274235,0.5536823353907427,-0.4794869178596397,-0.2406034203584573,-0.15745302589772475,0.06769417975638417,0.3927473971374015,0.2629408309849923,0.5373123000510194,0.5015012920207255,0.011015887077083616,-0.09544851076663885,-0.30811018887206093,-0.05463957603510662,0.37885744308152286,0.11972718417362917,-0.6011774123378769,0.015099017188262308,-0.09962834255111745,-0.29608657130685284,-0.17564511108289177,0.288597928396563,-0.2112557092286738,0.09504109753142505,-0.01064307667356435,-0.2162491528149361
0.8274924863108645,-2.750892276662184,1.5208021203133866,9.860771030766186,0.9729967985680527,0.12418702904337585,-9.049345900612913,-5.584786767973175,1.657538479636708,-1.0388161888046692,17.146398887146972,-7.5454290319356545,-0.9643234195134607,8.994263032222884,-1.7278627877265424,10.84345853862485,0.7427036037455765,-5.754036916351821,-2.1472864114077717,6.3065297664427735,2.6150826583663194,-6.870086322120386,3.13011504075617,-11.012840916117261,5.139240280365606,-9.670577646232855,3.8700289138926025,0.6693763570960535,3.629535664944358,4.013048254895283,-10.61567837321683,-9.676883647847196,7.387945078761998,9.401187867389027,3.7993851166712833,-5.54308887544574,-12.731546345146624,-9.273749108944493,-4.362277150150638,1.2718650667276126,-7.503303883462525,7.507845471752086,-0.4776650676687,0.9077909461375124,-0.037585741161100326,8.02826641343372,-2.884871063954484,-7.509005341180927,3.022797006183772,8.58925061989173,0.9309326589917523,2.8310939112672147,0.5997096741209944,2.0403451117135147,-4.811811806111181,4.269228981293894
0.35352311744678006,3.562465836965778,-1.2258294409551986,-5.757537927210493,-1.2670476720315225,-1.7890793854056815,6.026540487353192,4.463083567425335,0.1400634816911134,-0.51777069563918,-7.5454290319356545,6.190960676164463,0.1455914649321729,-3.1195576949167605,1.2204517385321267,-6.5611713187009935,-0.1531450672052711,2.3831728720965044,3.027002870518335,-3.903314800270811,-2.3681542655414254,2.4281460229637655,-0.7553941999368953,6.563066936614948,-2.821954693879601,7.499504815646043,-3.0772615851434275,0.4681625180017824,-1.2252767583677346,-1.9540418339835637,5.126516894870885,4.258297305389321,-3.172366516202294,-5.083575145351772,-1.9526553566941691,3.2923328523864215,6.8003881919409634,4.9919279358224955,1.1303913655366622,-2.2478128487978832,4.504720020591545,-4.499120408190224,1.1740686231333648,-0.29937492103470004,-1.0305887974318133,-5.296779275465695,3.4980971566035306,4.646593577241198,-1.5484063763966882,-4.3835997644052815,-0.11277678286366649,-2.557210873665751,0.25457885149361137,-1.5578032663003234,3.0870533123170736,-1.9889032477793511
-0.1846698789188443,-0.023913030361063334,0.057121622911001264,-0.38288841965196746,0.028521202257393387,0.23359131651312134,0.32564048733233775,0.16781055157190183,-0.09788294853601662,0.1766539250262824,-0.9643234195134607,0.1455914649321729,0.16603533960838282,-0.6566533661977567,0.041553010192281185,-0.476494422769691,0.013277001828375634,0.3801081576476202,-0.03882079138722022,-0.1345233579728948,-0.06204922688015321,0.42202647507707436,-0.3386519222043149,0.35481095076826497,-0.35017371669363895,0.1904808513263311,-0.10693123008964626,-0.005758085015275937,-0.10365658861949896,-0.18185396615210647,0.4166790017640964,0.4268725038073927,-0.441625439930362,-0.4097874919703313,-0.267708642227771,0.3065456010957081,0.7011467918372288,0.47073981379542684,0.3398379724693238,0.111200209303661,0.17906686103725786,-0.4735038496894106,-0.10160488328169012,0.06282333749390485,0.17914568808442483,-0.2548186608055664,-0.12277641564222079,0.3495513060731189,-0.11499203303027347,-0.35529336925044985,-0.14741629213874505,0.02115552251930744,-0.07986786615869564,-0.07035970990932139,0.2740303408168967,-0.2114999003896855
0.6997316371350302,-0.7967995552554032,0.5626102353970084,4.730483055195333,0.2639127867976002,-0.5005476948934477,-4.162251710409626,-2.383465535675055,1.0581052235116162,-0.8489706617029046,8.994263032222884,-3.1195576949167605,-0.6566533661977567,5.019731792524132,-0.7630119234809949,5.198452809765699,0.38142801012328126,-3.096248169428898,-0.5531228145144338,2.8880521587074353,1.043363483030644,-3.759440502869206,1.9073157050135965,-5.195294353960662,2.626781679570433,-4.093840645097758,1.6472741456895588,0.4871342240546911,1.900677540283944,2.0291918851003534,-5.32411898761873,-4.979988715809256,3.9135349102405015,4.632868129433821,1.9775793926431608,-2.722084050790482,-6.41163671147335,-4.629368253345739,-2.5334237403770357,0.15869375506373812,-3.4812982968858717,3.726213570036425,0.05952585467698246,0.4042108077519987,-0.3872728865988822,3.6752748272360938,-0.8061597716157678,-3.5940234783258136,1.4941983141602022,4.2725655821806585,0.6292844218169881,1.0586045584939383,0.46257757012470213,0.8936491987749241,-2.3207758225818194,2.1926041398019858
0.04047808805463879,0.6477464730268833,-0.25390914949649934,-1.2253787434996477,-0.23273389682726245,-0.299829835466465,1.2376079080524867,0.8779604897740789,-0.03797554121554452,-0.05462016387136078,-1.7278627877265424,1.2204517385321267,0.041553010192281185,-0.7630119234809949,0.24927676594075077,-1.3742945289955,-0.05629276224845042,0.5505393385325409,0.5445957424502821,-0.8306113810382553,-0.4543597293207629,0.5997831639603306,-0.20252326305924145,1.3975760295457318,-0.592779995605581,1.4994034368605476,-0.6073119947292219,0.04111072762636661,-0.32377945110898587,-0.4378470586906054,1.1602663704229796,0.9902924240487626,-0.729480702130472,-1.1025635070631619,-0.41735849575280015,0.6852828302091879,1.4618507857102618,1.0756673054208008,0.31077945311783006,-0.4011681002848115,0.965194876766347,-0.926535058403427,0.207127817363278,-0.09139555862040633,-0.17377862757309406,-1.0950126457484783,0.6567690691567123,0.9643798055460341,-0.3439517223417973,-0.9712590795695889,-0.03767086757246294,-0.5023299540812748,0.022126431533800638,-0.30883852525758576,0.6276921737246972,-0.45019023106876127
0.10858837349904257,-3.2295463911325295,1.2664465338926088,7.10386967898413,1.1374096794696098,1.1253114415402496,-7.0044703544304054,-4.8051157090848315,0.4681595447108768,-0.06045723718784262,10.84345853862485,-6.5611713187009935,-0.476494422769691,5.198452809765699,-1.3742945289955,7.992210825577011,0.32710193535422194,-3.566087430266569,-2.6761926883560236,4.638707585907491,2.4285013975401935,-3.963139211908403,1.6405016803091665,-7.9880727169130905,3.654547933170846,-8.119553323096047,3.3149230677112747,-0.10270645008558789,1.9983067018283067,2.6428979796959156,-6.9320588244617785,-6.063635802548352,4.631883547205237,6.522479590868563,2.6165174507760947,-4.074286841931372,-8.84653463375696,-6.4505712144575815,-2.2752333817370447,1.8476933242821432,-5.434754762710399,5.572907978197663,-0.886291040420672,0.4527116190657971,0.593032980118612,6.164539110974024,-3.1809132500776274,-5.612889022076277,2.0315101834414766,5.775299863166788,0.43525480132326183,2.5825618509845243,0.054038667727173605,1.7111052227218924,-3.6939723295081617,2.7600260118830358
0.021182903560473833,0.06540401698421405,0.10740146277409227,0.37013261771315825,-0.007104631946644013,-0.03833431243597671,-0.255355828934309,-0.07941919653739599,0.19211993528593393,-0.0839934947787638,0.7427036037455765,-0.1531450672052711,0.013277001828375634,0.38142801012328126,-0.05629276224845042,0.32710193535422194,0.1037199883634599,-0.2225736442870129,0.06913973500234709,0.2987970288521855,0.011438704560008258,-0.3523828179402237,0.08647153728612558,-0.45618793002488306,0.09061418370235001,-0.25517643495756104,0.0651847346398362,0.16508194690134145,0.2956537143109737,0.18415920397247398,-0.5478666007033264,-0.5187853639856663,0.3090971415768551,0.3728819261907072,0.07858889852839182,-0.12258530093711222,-0.39290469760914015,-0.3146256675715434,-0.22155581009824427,-0.031101701249443853,-0.3592712184822791,0.11085943181263823,0.008038419521327304,0.15028507903639557,-0.0010383057664119497,0.2625795950771945,-0.048335322592459845,-0.19516516531863648,0.14643823894557118,0.39418917513680957,0.002073601960736924,0.08829320182492205,0.06092380485734392,0.0317289445965535,-0.06694207251297091,0.19345341292765297
-0.34887994487635215,0.8258137850331883,-0.4375191526169518,-3.2186720638792776,-0.2821131084414996,0.08410916792817284,2.938287138603624,1.794149489926672,-0.5617788577612567,0.4108796819999862,-5.754036916351821,2.3831728720965044,0.3801081576476202,-3.096248169428898,0.5505393385325409,-3.566087430266569,-0.2225736442870129,1.9595370549793052,0.633700258447591,-2.002956992184749,-0.8308794131050043,2.3253758653524925,-1.1333924603186778,3.5581065647823182,-1.7528943828218422,3.057927104741185,-1.2386894245924966,-0.21164003608905668,-1.169546339439766,-1.3242619009081158,3.4712792826560217,3.1891741356296106,-2.49251960532183,-3.0923604958096016,-1.3007722412718232,1.854421159527188,4.260661361533784,3.083521084827815,1.513715830809439,-0.3299015223047298,2.393003980244241,-2.5404996824663666,0.09298736191857261,-0.24851661424237173,0.10432299437511759,-2.5900251993374233,0.8184481604832199,2.4788195436244176,-0.9862982000306985,-2.8167778814459856,-0.36066614378727996,-0.8557157047740869,-0.2260656218456707,-0.6602347277173309,1.6128586063876278,-1.4180798974225763
0.3824983278724987,2.0754421770255687,-0.5495970924906027,-2.246481482770889,-0.7294139483247926,-1.2372963743686285,2.623711930153607,2.178380887834732,0.4632020411184046,-0.56518850268463,-2.1472864114077717,3.027002870518335,-0.03882079138722022,-0.5531228145144338,0.5445957424502821,-2.6761926883560236,0.06913973500234709,0.633700258447591,1.8005242237085917,-1.5523698059226805,-1.2271737266871034,0.4175812400368435,0.007787873082501438,2.5751780378237847,-1.1081841536993557,3.544643794733975,-1.4928465772828468,0.5226917718416793,-0.11606604157786003,-0.6261059077758535,1.5909620205445687,1.1527554610882151,-0.8773716363280545,-1.8502637035144323,-0.7202928538630531,1.3519613532295323,2.514182056457249,1.841031546047659,-0.017197853691087513,-1.374263561366206,1.748669118679131,-1.8913120973938284,0.7414031151961951,0.02108664704979886,-0.7169104099987132,-2.272005621246055,1.9432325160376167,1.94285940745554,-0.5198063097353118,-1.4788517576640852,0.06544808584671749,-1.2790392277279041,0.3030871435484373,-0.7440896124318467,1.3549259379311325,-0.6055643064736442
-0.06701274290351102,-1.8710668236931258,0.8937596802711678,4.228504184799126,0.6898540437358734,0.8214598568657462,-4.111887689473803,-2.7789388358311253,0.3721074706510907,0.03179327318427148,6.3065297664427735,-3.903314800270811,-0.1345233579728948,2.8880521587074353,-0.8306113810382553,4.638707585907491,0.2987970288521855,-2.002956992184749,-1.5523698059226805,2.9072850919361835,1.396910479045185,-2.3218939502037665,0.7733939069935047,-4.852956244940149,1.9595957473961838,-4.881772200657641,1.9337818944906893,0.08478972987389143,1.3671109090217326,1.5833190323725266,-4.261062603726971,-3.7123871051977715,2.6622503443668877,3.865036721456592,1.4016178228339338,-2.2726496107969325,-5.021005548257403,-3.7197643414125356,-1.2709871519228793,1.1557341408084625,-3.3970796646509767,3.0126814072751293,-0.599987251025465,0.45590127529383223,0.49603804851536837,3.679165851080228,-2.0264141117492716,-3.2141281191958333,1.2417006095173742,3.4867111433292433,0.13926768905669606,1.6258644464581855,0.022317472213171995,0.9840766873901988,-2.0234542572967755,1.636921523128001
-0.15133620965734873,-1.4364770142900984,0.4332796419964893,2.0920605348109715,0.5034570434471443,0.7262365450989074,-2.253094548628002,-1.721249594602254,-0.14719335691171995,0.24579002357308138,2.6150826583663194,-2.3681542655414254,-0.06204922688015321,1.043363483030644,-0.4543597293207629,2.4285013975401935,0.011438704560008258,-0.8308794131050043,-1.2271737266871034,1.396910479045185,0.928122631179963,-0.7867388710621346,0.25362907612597246,-2.3693539952750893,1.0667399174588452,-2.835573706273174,1.1819383457016004,-0.26288889579541524,0.34230851311772853,0.6817857196126127,-1.7586564255706967,-1.429838904884842,1.1006054571723198,1.8246341128086139,0.7303513243842558,-1.2375928611362952,-2.489453075566429,-1.8154476487900035,-0.33758230538189793,0.9025327217860823,-1.6050631032523737,1.7175031119267015,-0.46795982133638026,0.04756870160444068,0.4088283994219016,1.962519698631062,-1.358229525156546,-1.7370053633811713,0.5403057038103217,1.5389799548638874,0.042019578294254144,0.9671491641600958,-0.13007181361453615,0.598771911322186,-1.1832844350023493,0.6908398310759567
-0.46245009450457636,0.6016151116792976,-0.5171096162030403,-3.665797499162004,-0.2164081460258135,0.2909597281358057,3.1980326029618844,1.8092444083774888,-0.8652327401955886,0.6121818502095768,-6.870086322120386,2.4281460229637655,0.42202647507707436,-3.759440502869206,0.5997831639603306,-3.963139211908403,-0.3523828179402237,2.3253758653524925,0.4175812400368435,-2.3218939502037665,-0.7867388710621346,2.8818119753092906,-1.356397882721807,4.082200244273405,-1.9127750563663457,3.2122611036996425,-1.2597777596751716,-0.4540154573720034,-1.5670576938521579,-1.5756135681310157,4.1946682593157485,3.9079542402211347,-2.9716460051941307,-3.577636014122073,-1.4428715431811505,2.023823190020036,4.826357223523506,3.5170489714934314,1.906804266932592,-0.16454259279328373,2.7899627181170796,-2.716668782880228,6.758274227257191e-4,-0.4167821655859134,0.21245370145289588,-2.857668410341465,0.7118003928366352,2.715347591897148,-1.1747547755256225,-3.3343609359597077,-0.4172399469607866,-0.8763353787049247,-0.34887713664141695,-0.6755492797561369,1.7014557629531264,-1.6923962900643825
0.38912773739304696,-0.05257156229525297,0.05013381457851155,1.451819176545091,-0.006302776556071466,-0.4402020981826224,-1.2273510517862014,-0.6434088298703534,0.3947705723773968,-0.42931451133992765,3.13011504075617,-0.7553941999368953,-0.3386519222043149,1.9073157050135965,-0.20252326305924145,1.6405016803091665,0.08647153728612558,-1.1333924603186778,0.007787873082501438,0.7733939069935047,0.25362907612597246,-1.356397882721807,0.8294918367445562,-1.5203837478982276,0.9561441097188463,-1.0161511756884272,0.4361139334303775,0.15966226809428,0.5784147208695801,0.6609819165854363,-1.6750685257210314,-1.6249810101790647,1.3880404333093042,1.4785077133867583,0.7308184525251962,-0.9207053217157222,-2.1869762017604724,-1.540957061923542,-0.988915797406178,-0.1563011068743873,-0.9569680451939743,1.313414716720138,0.16372723262754219,0.03832145696635239,-0.32465666363701784,1.0527102113457878,0.039036731289077184,-1.149399918103807,0.4637375229059597,1.3537479008623536,0.31417009629690446,0.16868303678265653,0.21675378986389238,0.253223334126766,-0.7860002201677988,0.7338813774835644
-0.02324861282563467,3.115972172349723,-1.411967369935904,-7.220805207877633,-1.1286924053952685,-1.200365800247985,7.017279998303725,4.7304306208059765,-0.6367199462638634,0.05695560333412072,-11.012840916117261,6.563066936614948,0.35481095076826497,-5.195294353960662,1.3975760295457318,-7.9880727169130905,-0.45618793002488306,3.5581065647823182,2.5751780378237847,-4.852956244940149,-2.3693539952750893,4.082200244273405,-1.5203837478982276,8.213071539847347,-3.502557062683028,8.195612316705326,-3.2812779625117896,-0.09611763085187704,-2.2664680765583607,-2.7195227312331873,7.247615840066594,6.350763638968495,-4.6767127262560555,-6.635494607626782,-2.514294740311564,3.9807581426635554,8.776466485874398,6.45770273012037,2.309167597301263,-1.8482019343123044,5.684234190673055,-5.343769856616577,0.9235107615516635,-0.6659077850145404,-0.6891080189089901,-6.240658534835941,3.2649534606171833,5.5591306932559625,-2.1110414262556496,-5.957681320587652,-0.34388992211905584,-2.6638750180467903,-0.07995777210457265,-1.682416647766022,3.557750055332463,-2.8286268924967017
0.20125554533784126,-1.3515534563955736,0.44363350444746247,3.1860906808678506,0.45297580105655055,0.27742176861040896,-3.1321917335360587,-2.1315304099221506,0.21825964421852428,-0.15316588821556043,5.139240280365606,-2.821954693879601,-0.35017371669363895,2.626781679570433,-0.592779995605581,3.654547933170846,0.09061418370235001,-1.7528943828218422,-1.1081841536993557,1.9595957473961838,1.0667399174588452,-1.9127750563663457,0.9561441097188463,-3.502557062683028,1.8073861238500122,-3.4794673215417182,1.4592364219444074,-0.0927915456604907,0.8289642150355566,1.2046441133029007,-3.084911058479176,-2.7403213190747375,2.2241885102897876,2.9657105040745377,1.3044530713866767,-1.9338425091004168,-4.188162454394842,-3.0087718158522345,-1.1777643368605455,0.6851354976091885,-2.3117502078945074,2.7118616475086275,-0.2837826944659403,0.08397035452225672,0.09039425029110754,2.715988037169591,-1.206180994388629,-2.591218320058369,0.9024806622454031,2.59801850846571,0.3113990525596777,1.0322313539833634,0.07278579052174251,0.7672442295979752,-1.7645918054327443,1.2766938291066963
0.37529844891070996,4.186769669511048,-1.5268411794566876,-7.179533624981275,-1.4975538675917737,-2.0627324510431793,7.4071221447479525,5.39415367634288,0.011582977950058837,-0.5264879033973886,-9.670577646232855,7.499504815646043,0.1904808513263311,-4.093840645097758,1.4994034368605476,-8.119553323096047,-0.25517643495756104,3.057927104741185,3.544643794733975,-4.881772200657641,-2.835573706273174,3.2122611036996425,-1.0161511756884272,8.195612316705326,-3.4794673215417182,9.13738218680534,-3.725359005494007,0.43641329977332355,-1.6886121238883147,-2.487470302313728,6.563085910176805,5.510806566897904,-4.069426847489253,-6.384115099235538,-2.4232481803352135,4.0551383744076475,8.488200529700457,6.242758757823738,1.560315335778282,-2.633524930930474,5.648251107779674,-5.509326248450701,1.3744264054058533,-0.4548438363880589,-1.196247147725495,-6.532733897007404,4.176577571149168,5.725759904737126,-1.966753465772638,-5.558009167236251,-0.15954774239955913,-3.1026799186599163,0.24577930379033613,-1.8875992154126415,3.765351913650009,-2.540478678654087
-0.13844131514839922,-1.7601883639804512,0.5859355121795767,2.895463418066005,0.6207305399098684,0.8390037920465743,-3.0252432081039884,-2.2335983577634715,-0.0635406630927526,0.22593740044275112,3.8700289138926025,-3.0772615851434275,-0.10693123008964626,1.6472741456895588,-0.6073119947292219,3.3149230677112747,0.0651847346398362,-1.2386894245924966,-1.4928465772828468,1.9337818944906893,1.1819383457016004,-1.2597777596751716,0.4361139334303775,-3.2812779625117896,1.4592364219444074,-3.725359005494007,1.5374720441462433,-0.24249422903004533,0.604496913877656,0.9889340786534969,-2.577295689044554,-2.1525789236053514,1.6347456968641771,2.567765768360285,1.0137343350136472,-1.6803189137976031,-3.474198309284603,-2.5393270062962223,-0.6115287352607759,1.0901839589780065,-2.2355272994290183,2.311652747304656,-0.5598931977979729,0.12380434367870218,0.47259733718562985,2.6496292895557927,-1.6996242700926087,-2.35282386407031,0.7776438782936217,2.209157860593293,0.08575630665111844,1.2525575794395227,-0.1139900576535645,0.7817332146364384,-1.576398758142898,1.0115340992438515
0.13741401807665735,0.579788844542482,0.022287621013228606,0.05058548024073916,-0.18269060734991338,-0.36578661856789285,0.20895718085302983,0.37546484725643653,0.3955065184725779,-0.27014035279827664,0.6693763570960535,0.4681625180017824,-0.005758085015275937,0.4871342240546911,0.04111072762636661,-0.10270645008558789,0.16508194690134145,-0.21164003608905668,0.5226917718416793,0.08478972987389143,-0.26288889579541524,-0.4540154573720034,0.15966226809428,-0.09611763085187704,-0.0927915456604907,0.43641329977332355,-0.24249422903004533,0.361309903907873,0.41133762359363585,0.13868468585193253,-0.4638166659654993,-0.5245842058072113,0.2862418241538105,0.14931169895966526,-0.027924671784863162,0.10736486071482783,-0.051917653265969886,-0.07291407315602215,-0.35768563646055346,-0.37539549275323947,-0.13103546726722712,-0.23374744632703753,0.19385987038702135,0.21660841599732145,-0.18547705802503897,-0.12349746068478944,0.3937503536065519,0.1355070631637582,0.10232669314788374,0.26132976401843633,0.032402409246113414,-0.17160037704186137,0.1664461703013373,-0.12033087095619227,0.19180093599584128,0.1597792149144455
0.1578276651149035,-0.19732138985765652,0.39264048586278494,1.9583054995764553,0.10013497474525135,-0.082144844268346,-1.6261290744817427,-0.8441912821725871,0.5921326621254662,-0.3082437473571365,3.629535664944358,-1.2252767583677346,-0.10365658861949896,1.900677540283944,-0.32377945110898587,1.9983067018283067,0.2956537143109737,-1.169546339439766,-0.11606604157786003,1.3671109090217326,0.34230851311772853,-1.5670576938521579,0.5784147208695801,-2.2664680765583607,0.8289642150355566,-1.6886121238883147,0.604496913877656,0.41133762359363585,1.0366855535365977,0.8663476725329495,-2.407679099216498,-2.237621374052894,1.5442976150714889,1.9109613428467818,0.636832107673103,-0.9376614732324655,-2.3762871460480848,-1.7843446688100828,-0.9968871858154015,0.08079263038999347,-1.6357506155242287,1.1646356536270257,-0.03242872805138284,0.4043847498990504,-0.022173958145594058,1.5118201304008896,-0.43249388202998373,-1.3227587576327826,0.666115623641208,1.8513761006827756,0.1287594198560702,0.5148571770074216,0.20091653708981796,0.3146368342365029,-0.735638617420654,0.9182923569565069
0.12599395047718606,-0.7828927379171364,0.4191540078675618,2.4110410389868626,0.2832209984623315,0.16447842224133444,-2.2472998726403923,-1.4238515298918477,0.3550614555567295,-0.17214729338752482,4.013048254895283,-1.9540418339835637,-0.18185396615210647,2.0291918851003534,-0.4378470586906054,2.6428979796959156,0.18415920397247398,-1.3242619009081158,-0.6261059077758535,1.5833190323725266,0.6817857196126127,-1.5756135681310157,0.6609819165854363,-2.7195227312331873,1.2046441133029007,-2.487470302313728,0.9889340786534969,0.13868468585193253,0.8663476725329495,0.9592825219035069,-2.5554754393338035,-2.300263959072495,1.718381751264536,2.2704793234650165,0.8830783240383445,-1.3297860956821428,-3.027618392115013,-2.2187985660470475,-0.9638733397732684,0.4139467517631239,-1.8729968055210422,1.7849708528567454,-0.18546989285722526,0.24321960327375153,0.08255267388238814,2.0022135113731823,-0.8419074694263565,-1.8280015176824607,0.731979934547775,2.0707118346270126,0.17843502522280402,0.7645320352485958,0.10766215135883317,0.5148240099365351,-1.1602494838108897,1.0118219043905088
-0.2885819859875018,1.995921029486747,-1.1721719647932054,-6.384367828871622,-0.7382220370449527,-0.46773721419996217,5.902186100028017,3.6976211336837435,-1.016608144255796,0.4507711539274235,-10.61567837321683,5.126516894870885,0.4166790017640964,-5.32411898761873,1.1602663704229796,-6.9320588244617785,-0.5478666007033264,3.4712792826560217,1.5909620205445687,-4.261062603726971,-1.7586564255706967,4.1946682593157485,-1.6750685257210314,7.247615840066594,-3.084911058479176,6.563085910176805,-2.577295689044554,-0.4638166659654993,-2.407679099216498,-2.5554754393338035,6.863330041655973,6.179762087507123,-4.531849996875371,-6.013915210618563,-2.2661263922076755,3.4422709275071064,7.909188091299047,5.825452633681172,2.5469787382671525,-1.0852111158456303,5.038774205819496,-4.568788364477992,0.5045399117337811,-0.7447998648871613,-0.2637858770357962,-5.290861128209705,2.2495626019379587,4.769171661160966,-1.9604142940050464,-5.524586999204228,-0.42286484201152447,-2.0458643291475442,-0.2958791704221675,-1.3361641661595016,2.9759639717936794,-2.6894036454832673
-0.37223612707386466,1.4834750471821814,-0.9810082951441395,-5.612096140513635,-0.551559661065467,-0.16995672958904312,5.085993989186648,3.084653480572601,-1.0460049080119125,0.5536823353907427,-9.676883647847196,4.258297305389321,0.4268725038073927,-4.979988715809256,0.9902924240487626,-6.063635802548352,-0.5187853639856663,3.1891741356296106,1.1527554610882151,-3.7123871051977715,-1.429838904884842,3.9079542402211347,-1.6249810101790647,6.350763638968495,-2.7403213190747375,5.510806566897904,-2.1525789236053514,-0.5245842058072113,-2.237621374052894,-2.300263959072495,6.179762087507123,5.623915293689839,-4.143933295983027,-5.3431314891926025,-2.031634620498978,3.0207589157654318,7.044723477540595,5.181630850402028,2.43722835040158,-0.7437706413260677,4.409282555422695,-4.0053499151662315,0.31784054139392093,-0.6835489433123701,-0.08311768045112825,-4.56602073746564,1.7230732597420289,4.158024690575825,-1.7528149531227042,-4.943244432351748,-0.4336557790910424,-1.6711892000481827,-0.3443107795443232,-1.1241957252272232,2.580437995121785,-2.434214516855957
0.3911587776841772,-1.1316081917719059,0.620681842921683,4.20243533170955,0.39583406455939907,-0.009813969373229042,-3.846357486218834,-2.3618822937044666,0.7206540324915701,-0.4794869178596397,7.387945078761998,-3.172366516202294,-0.441625439930362,3.9135349102405015,-0.729480702130472,4.631883547205237,0.3090971415768551,-2.49251960532183,-0.8773716363280545,2.6622503443668877,1.1006054571723198,-2.9716460051941307,1.3880404333093042,-4.6767127262560555,2.2241885102897876,-4.069426847489253,1.6347456968641771,0.2862418241538105,1.5442976150714889,1.718381751264536,-4.531849996875371,-4.143933295983027,3.1894664696522805,4.018868342030993,1.647081435545911,-2.3818972629119872,-5.474948427659898,-3.9790349699623158,-1.905144740731119,0.4975949650835853,-3.1724784636705587,3.2386273093760662,-0.17176326443187412,0.36694183127306995,-0.06135574035194549,3.4052366012956563,-1.166909536796704,-3.2111660929949135,1.2890841896098841,3.6692459609580146,0.423702876255107,1.172299176757185,0.27170846070322885,0.8653190941408386,-2.0679576977589154,1.8325735968202521
0.19524239246047037,-2.267903365298727,1.0456193941242513,5.88501382562027,0.810651273920415,0.6629895549556032,-5.630866363178055,-3.707873479433415,0.6475611240954305,-0.2406034203584573,9.401187867389027,-5.083575145351772,-0.4097874919703313,4.632868129433821,-1.1025635070631619,6.522479590868563,0.3728819261907072,-3.0923604958096016,-1.8502637035144323,3.865036721456592,1.8246341128086139,-3.577636014122073,1.4785077133867583,-6.635494607626782,2.9657105040745377,-6.384115099235538,2.567765768360285,0.14931169895966526,1.9109613428467818,2.2704793234650165,-6.013915210618563,-5.3431314891926025,4.018868342030993,5.475277545191771,2.149792605230776,-3.2957286790752174,-7.343155094986892,-5.373053231667823,-2.125851817215377,1.2599647850815483,-4.5508086398536705,4.457205418548441,-0.5908333514655637,0.5041439584347546,0.34868965302459576,4.991512625412024,-2.338451366977446,-4.541300699720372,1.7401002409632704,4.930540504441395,0.3914056171593007,2.0015646853590394,0.15919770680660938,1.3300157713495415,-2.9268436977208596,2.38281524176788
0.178836319823038,-0.8873053419809693,0.306401009821243,2.2911048604969624,0.2959290703689985,0.12790467633559524,-2.2197152653772894,-1.4801188064688102,0.20571995280000607,-0.15745302589772475,3.7993851166712833,-1.9526553566941691,-0.267708642227771,1.9775793926431608,-0.41735849575280015,2.6165174507760947,0.07858889852839182,-1.3007722412718232,-0.7202928538630531,1.4016178228339338,0.7303513243842558,-1.4428715431811505,0.7308184525251962,-2.514294740311564,1.3044530713866767,-2.4232481803352135,1.0137343350136472,-0.027924671784863162,0.636832107673103,0.8830783240383445,-2.2661263922076755,-2.031634620498978,1.647081435545911,2.149792605230776,0.9473326636357774,-1.3861743956808967,-3.0355623912906906,-2.180122250539605,-0.9065678204764823,0.42887119402868445,-1.6592419130488816,1.941045676636518,-0.16664610071460118,0.07278223026147122,0.021780259415498975,1.9270574103185787,-0.7913605597813836,-1.850383712102676,0.6586938332275796,1.8959668347571021,0.24079307076712222,0.7046810404472965,0.0781449754284517,0.5355407063705758,-1.2546538695219431,0.9395922335817118
-0.11694989185326327,1.6338513995122672,-0.5758561947705224,-3.578130218838068,-0.5622134129286381,-0.48946788835658567,3.546939199276512,2.445837682786496,-0.20435809641039815,0.06769417975638417,-5.54308887544574,3.2923328523864215,0.3065456010957081,-2.722084050790482,0.6852828302091879,-4.074286841931372,-0.12258530093711222,1.854421159527188,1.3519613532295323,-2.2726496107969325,-1.2375928611362952,2.023823190020036,-0.9207053217157222,3.9807581426635554,-1.9338425091004168,4.0551383744076475,-1.6803189137976031,0.10736486071482783,-0.9376614732324655,-1.3297860956821428,3.4422709275071064,3.0207589157654318,-2.3818972629119872,-3.2957286790752174,-1.3861743956808967,2.116621203922038,4.564747850721629,3.3032189782191983,1.192047536366796,-0.8956130872104834,2.667550939837002,-2.9356621937580196,0.40890751399162306,-0.15046062503195234,-0.22998833490251727,-3.0962786765590127,1.532039933352362,2.879144915251571,-1.0110594892523725,-2.892823658785506,-0.27341414249736556,-1.2563458628993416,-0.035933678678846226,-0.8737674408677346,1.933105379510276,-1.3964955920130293
