V1,V2,V3,V4,V5,V6,V7,V8,V9,V10,V11,V12,V13,V14,V15,V16,V17,V18,V19,V20,V21,V22,V23,V24,V25,V26,V27,V28,V29,V30,V31,V32,V33,V34,V35,V36,V37,V38,V39,V40,V41,V42,V43,V44,V45,V46,V47,V48,V49,V50,V51,V52,V53,V54,V55,V56
0.3201438208612772,0.48782081733035737,-0.18644344888043957,0.019170872025504992,-0.19612968625978208,-0.5702552403760786,0.14304426702768366,0.25736306710849116,0.2373981337728406,-0.3535911053645382,0.8039650046009033,0.4666807371184296,-0.219254118765187,0.7386446092346546,0.06267288233829496,0.04199328299449368,0.004382770295950416,-0.3591784182936353,0.44697523321170607,-0.14990504931601728,-0.18836325144142746,-0.4675606761453879,0.4383782344791125,0.08328024593082567,0.2094885364925696,0.5164824972396647,-0.1860121555266896,0.1313946880264784,0.12437773379215165,0.10592745245343085,-0.21606011637161945,-0.32305149030236124,0.3894937020774142,0.140176811071536,0.18843786811116786,-0.10254746707633756,-0.3675753422187922,-0.21637896561815292,-0.4500110326186012,-0.4437979763915867,0.1324243831501845,0.19675015911220878,0.2919272406848625,-0.06647042234273556,-0.38496082316737323,-0.1560144297071559,0.5781161844703732,-0.032579352195077904,0.04170166285082346,0.15315999698865684,0.20226082963659064,-0.30112544469483227,0.17162473452423657,-0.07102053736323562,-0.05714300562996499,0.14874624896502212
0.48782081733035737,2.0899397625997604,-0.48436044438274267,-1.7058898488397662,-0.7329539956878044,-1.3617809840640194,2.1930257936183595,1.9772767128998656,0.6521955005767113,-0.7103399381327518,-1.01376311995206,2.7610806893120103,-0.1157669970423202,0.10178269139088494,0.4664796591730879,-2.109023757174166,0.1403287147476044,0.24589972020209777,1.8322352499536663,-1.2146758584773687,-1.1567520620519696,-0.08733417219034083,0.2538166551527343,1.975543464276049,-0.8267548850499709,3.1642544673441897,-1.3510279732686525,0.6406103300269234,0.16924258463586453,-0.3732217847058024,0.910948161800415,0.49997098286895775,-0.38462995207398604,-1.3025528605271375,-0.5009376718477909,1.0633604631989306,1.7809744805051748,1.3060528742917428,-0.3676298114596815,-1.425053809156788,1.3362000156963743,-1.5105596793417309,0.7841491975356176,0.10296450774980008,-0.7959724309302919,-1.8815519611505354,1.9257031121705235,1.561751027781001,-0.33391555685444274,-0.9523304288556829,0.14371182452000933,-1.1923749645210568,0.38526741675225723,-0.6649378100045017,1.1263412294543207,-0.33027934217542915
-0.18644344888043957,-0.48436044438274267,0.29053542496301077,0.7491665446807698,0.1989804642269559,0.4194825773584382,-0.7595507001933058,-0.550930498048363,0.025143015385221654,0.1626386028738886,0.7734969485542701,-0.8628070004943734,0.12257700918826585,0.15867946012900228,-0.17658243597510803,0.7597889357224367,0.09980071717182191,-0.17524015813114108,-0.4177772665187667,0.6403894680556589,0.294340228325698,-0.23175679247230657,-0.11114887312325006,-0.9424351303890676,0.17649578861985948,-1.0788671621968935,0.3937327355457838,0.03564074670269382,0.2819943767895633,0.2500876697486328,-0.7470673970327996,-0.5963029863896753,0.2937920949890648,0.633144347310076,0.11180484244592127,-0.29960592611416076,-0.6542360773907561,-0.532879702209463,-0.028831192146241504,0.39019270875671874,-0.7290857250735868,0.3284127803244001,-0.24443472685523593,0.19099285983693526,0.2914512184275459,0.7177624407117634,-0.629114112429451,-0.5046123298314454,0.22211781751877147,0.5914836655672031,-0.10220505407242833,0.4385785402898315,-0.06157617608360778,0.1853322424910948,-0.26068447903153363,0.23702447697393025
0.019170872025504992,-1.7058898488397662,0.7491665446807698,3.89507812467337,0.6142789429005122,0.647277990568133,-3.799093283666005,-2.5727245771765537,0.3219960971555859,-0.027309965520346858,5.933017345390402,-3.558100778787235,-0.20412446795013078,2.8047751578848814,-0.7545474291994716,4.324616593478841,0.2315570787515227,-1.923236382849958,-1.4111634112580602,2.6034672286422,1.2918609266354577,-2.1906411247246123,0.8325165539746745,-4.420552606799235,1.9119750529234427,-4.433657148547702,1.7825019461546356,0.026903787455405125,1.1937183223853223,1.4619952401863923,-3.8837546881800185,-3.400406376727301,2.52220532930327,3.577317844597188,1.3712609829364732,-2.1650963786683435,-4.755652118311848,-3.4928201980560902,-1.2410850505360742,1.005469381438497,-3.0491184294195968,2.918095224927218,-0.4987961608391526,0.33587786906084577,0.36592657543900886,3.3712546739568006,-1.7640313845658162,-3.0156458275982003,1.132946850907912,3.201959333167388,0.194796441826246,1.435848000850753,0.03828914479606977,0.9150350446365413,-1.9416789140876687,1.5215388985036469
-0.19612968625978208,-0.7329539956878044,0.1989804642269559,0.6142789429005122,0.2627749043975525,0.5100988339891869,-0.7751069519784137,-0.6905996802151845,-0.21164078621491886,0.2627867088734731,0.34983553491590025,-0.9847307141844014,0.06757461397801055,-0.064531001843723207,-0.16925884625405194,0.7359908166973295,-0.029541098445448406,-0.07103370557521824,-0.6430973080389728,0.46372750493036535,0.40310647605974276,0.030345754892121705,-0.12408865620187269,-0.7291419204057998,0.2580837948587598,-1.1391189727474527,0.4749217549811275,-0.19887711730448396,-0.023002642204849474,0.13828859699476304,-0.3588289745434563,-0.20650531728972155,0.12650732735880554,0.46783977264899396,0.1524589538458132,-0.3539631766810773,-0.5985474729641743,-0.44993465565776397,0.1408076698619799,0.5159770646551236,-0.5109828663200011,0.48612953381183144,-0.2914085924572046,-8.683479899577307e-4,0.3081306131076998,0.6762635286753539,-0.7091708291355773,-0.5371954902077041,0.1274457893295757,0.35536071016776966,-0.07206409055305607,0.4414026608352542,-0.13749664574047873,0.2310975371106714,-0.3712246164529403,0.12038202134880174
-0.5702552403760786,-1.3617809840640194,0.4194825773584382,0.647277990568133,0.5100988339891869,1.1974793241878343,-1.0129955924264942,-1.0538480410143456,-0.5100815390065672,0.6862826476751275,-0.528743338330712,-1.6079901989554668,0.31317097615057676,-0.9007300649073894,-0.25526549482590266,0.7630943250444017,-0.04542289874811744,0.32487820354088986,-1.2162183082695865,0.6655437009269399,0.6589622426879606,0.5660915876544983,-0.6216734450483852,-0.8821127917601984,0.0580747426570125,-1.829275093073602,0.7337622920596479,-0.3788069129587622,-0.18166087518467267,0.028448341432775016,-0.13263236608472934,0.15346142431118567,-0.3011562953804702,0.35040311328458623,-0.03761050639986454,-0.2801394432664351,-0.2501149822452205,-0.25162461370267897,0.662687664961662,1.066473013355258,-0.6957254645684064,0.3281562261389371,-0.646409650044987,0.06051785957419919,0.7656995916059832,0.9148612356511446,-1.424822422301211,-0.5579445751733875,0.08848782000757648,0.20773813124698123,-0.3009121519931288,0.819108708761928,-0.34576021433453286,0.3359140383693247,-0.3527796260923002,-0.03886760213899083
0.14304426702768366,2.1930257936183595,-0.7595507001933058,-3.799093283666005,-0.7751069519784137,-1.0129955924264942,3.922371913357565,2.8554491749150195,0.012694791366123604,-0.23660569633639403,-5.209123399740806,3.9345807833026645,0.15346914555418037,-2.269165533061705,0.7855709487040766,-4.327551063529887,-0.10929952044668995,1.6727971626771612,1.8535792884379425,-2.535226016818904,-1.4987698299583094,1.741464544654761,-0.6191739532372215,4.304828226591407,-1.9091820518689933,4.784753097244024,-1.9672952639947943,0.2580053077490302,-0.8576491774198018,-1.3207338274640392,3.4532507484427635,2.9121124849683495,-2.2037735956820863,-3.3912319143888046,-1.334033698193781,2.1903609214493147,4.5770606027676735,3.3474236521684624,0.8779337931840614,-1.3477530753781493,2.9379184023660647,-3.004184477050474,0.6883297099156411,-0.18935491510912833,-0.5698798587970358,-3.4421445049097947,2.1352431661332627,3.0627223033403372,-1.0351871443624006,-2.9385807642905726,-0.12859166528285482,-1.5978290482672017,0.11543236081843938,-1.0020635990294242,2.03956328426229,-1.3558212946594554
0.25736306710849116,1.9772767128998656,-0.550930498048363,-2.5727245771765537,-0.6905996802151845,-1.0538480410143456,2.8554491749150195,2.252353843871653,0.3082883847209642,-0.41143065483306257,-2.9763693010306436,3.099102794466421,0.05100952307256918,-1.085624227350803,0.5793167754631717,-3.0250667409175596,0.028049883795661135,0.9344430118504639,1.6994427085558939,-1.7229878550403512,-1.235262686953944,0.8066004805978403,-0.2248159420087998,2.915544927783098,-1.3196759319189895,3.6747376309597675,-1.5437902326756379,0.4310095162266764,-0.30568441701647064,-0.7965129719725761,2.0341235506174824,1.6002117497683481,-1.2458544679292372,-2.203602374209976,-0.8895449949044067,1.546525982268844,3.025327683584331,2.2031052703770713,0.27733235079784596,-1.2603290449392315,1.9668270059705781,-2.1616184718378793,0.6601249473121629,-0.01146728041035847,-0.5951715341052151,-2.4758857497504163,1.8434864869946859,2.179099974757998,-0.6378195268645476,-1.8205393229290727,-0.021386134547685273,-1.272955660038504,0.22194762343236077,-0.7788794995802145,1.5057176856743042,-0.7976392623938775
0.2373981337728406,0.6521955005767113,0.025143015385221654,0.3219960971555859,-0.21164078621491886,-0.5100815390065672,0.012694791366123604,0.3082883847209642,0.5192044051890194,-0.3926371750327657,1.3472212737198324,0.3996868159809196,-0.07834933865583708,0.9197794196852034,0.011207640736498296,0.18850208844863342,0.1980358660943368,-0.45706540022697034,0.5983846533032973,0.22792890749272254,-0.25220937840778174,-0.7700775258351874,0.34786183576481666,-0.3800104221467318,0.08208401538648472,0.3193181588905233,-0.19626194435695613,0.4336417061658573,0.5650128632418946,0.2786071555690536,-0.827530214213792,-0.890315139971159,0.5872631320965025,0.44131451940502975,0.11145954349565224,-0.05460760887869436,-0.47388449059211,-0.3719995911316574,-0.5958878875100068,-0.46296150613255493,-0.3132782237651568,-0.008635834418851551,0.2571439172649266,0.24278574008814674,-0.2816008982772593,0.04902353349482974,0.467962286700611,-0.06214641286887136,0.19950709956198817,0.5426306849976688,0.10247118500539626,-0.172271910939222,0.23106063647791147,-0.08968003976762755,0.0652092738244535,0.31716453033456643
-0.3535911053645382,-0.7103399381327518,0.1626386028738886,-0.027309965520346858,0.2627867088734731,0.6862826476751275,-0.23660569633639403,-0.41143065483306257,-0.3926371750327657,0.4435204496312227,-1.0137694318268837,-0.6471825305302094,0.20197652829586296,-0.8828896566783183,-0.07808795972143098,0.02191433748707842,-0.07714106921543319,0.416175302959935,-0.6465339001079238,0.10741991370069652,0.2938504743289375,0.6227089519911527,-0.46877449752118183,-0.047527059387220044,-0.14332583190369116,-0.6813023589497043,0.28418000350032524,-0.28156723148647655,-0.29372229107649755,-0.15392907167070408,0.39201588848977753,0.5184476435887956,-0.47526554885984235,-0.18297550745763477,-0.1549436322938748,0.038374999554514115,0.3429880065859353,0.2185941724559175,0.5667033417493722,0.5763620934365971,-0.07222920889265128,-0.06527310100748336,-0.3548301594047167,-0.035219505727933725,0.4355369462286602,0.2087693822044115,-0.7096387491901138,-0.040871213190754326,-0.08013233489725549,-0.2462055683878109,-0.1984388345535691,0.3563544265384642,-0.23100667874465422,0.12169769633270884,-0.04011539805268528,-0.20224823905103345
0.8039650046009033,-1.01376311995206,0.7734969485542701,5.933017345390402,0.34983553491590025,-0.528743338330712,-5.209123399740806,-2.9763693010306436,1.3472212737198324,-1.0137694318268837,11.169122469297974,-3.9453513310183,-0.7501823184596421,6.164894121570329,-0.9665010502833629,6.472192434054065,0.5188320930511034,-3.8122983924488283,-0.7093779995490663,3.690615568019404,1.3031204924183,-4.668915227856641,2.282682635126368,-6.561619676504107,3.196364516905822,-5.190928323754191,2.064160471851506,0.6588657596776116,2.445019411961679,2.542150306393494,-6.716562881760805,-6.2649528687309735,4.845170682231247,5.795282223153717,2.4068037373120563,-3.3480993039717872,-7.9220144085440944,-5.745540038892498,-3.114075965378514,0.25203234120678053,-4.439841639586321,4.5418234336733665,0.025924565650573984,0.5845230252459221,-0.4029899886353219,4.62537338523545,-1.1037884681455328,-4.456857939042748,1.884213720051994,5.368309532632715,0.7284719253880007,1.3837323696919805,0.5644202356118395,1.1126124294141586,-2.8389330851783408,2.7378560139622277
0.4666807371184296,2.7610806893120103,-0.8628070004943734,-3.558100778787235,-0.9847307141844014,-1.6079901989554668,3.9345807833026645,3.099102794466421,0.3996868159809196,-0.6471825305302094,-3.9453513310183,4.339157764456581,-0.03870598735091636,-1.3028672919204163,0.8157916092098897,-4.113952539702301,-0.02002371912888756,1.185057099836967,2.378163298018665,-2.484237936816934,-1.702559265251191,1.0432039640513255,-0.1467507429578829,4.099800426231195,-1.6800303124545963,5.170240413261463,-2.134522125028874,0.5278469531774024,-0.5104728650674942,-1.0962858425150508,2.8677795357587303,2.2373563338948683,-1.6268241220911872,-3.0239609505329574,-1.1212767174982265,2.041832196088645,4.006267094382638,2.9564262245030304,0.28640424418860455,-1.825156124126032,2.828828915228827,-2.7959361543490022,0.9871506007574795,-0.12949841441529944,-0.9478235951142369,-3.4490896817486343,2.6909880169157048,2.9395841176575157,-0.8965162916343792,-2.53028167891343,0.06111447518827003,-1.84544814736791,0.3317789834074994,-1.0660834046860523,1.9773953733132228,-1.0839098960255662
-0.219254118765187,-0.1157669970423202,0.12257700918826585,-0.20412446795013078,0.06757461397801055,0.31317097615057676,0.15346914555418037,0.05100952307256918,-0.07834933865583708,0.20197652829586296,-0.7501823184596421,-0.03870598735091636,0.19047310005910942,-0.5933411341342153,0.0019576757366188795,-0.2981613924859539,0.04064234752695035,0.32667762835307246,-0.11701560517991107,0.01583587652570939,-0.0020631365643130417,0.3476487794023926,-0.3525298705948723,0.131383118588218,-0.30623317416939305,-0.04463139739347435,-0.02292382153611491,0.013353897655326283,-0.025286681693611382,-0.11746263216752943,0.22525300583389607,0.2676020178351781,-0.3578753926822666,-0.2538341766010926,-0.23805779306260458,0.23596798764383037,0.5377669218676756,0.3386597202221336,0.3159628948545249,0.18619920760163022,0.00634024573607932,-0.3970106023409876,-0.1492232956157941,0.11147856006002414,0.236190376268789,-0.09089866497301834,-0.25118176185155705,0.23250899714505152,-0.059323558536356916,-0.20644923275000138,-0.1667821848651037,0.11501223165446316,-0.08726642893873611,-0.03062047239754585,0.2154514326123701,-0.1488651911259836
0.7386446092346546,0.10178269139088494,0.15867946012900228,2.8047751578848814,-0.064531001843723207,-0.9007300649073894,-2.269165533061705,-1.085624227350803,0.9197794196852034,-0.8828896566783183,6.164894121570329,-1.3028672919204163,-0.5933411341342153,3.7355319004712575,-0.38107060374498003,3.072057549330866,0.259250112213414,-2.1964138793643975,0.1955329913293224,1.5701511843338967,0.3852212353275274,-2.7337586517517956,1.5632902658214616,-2.9896459961259523,1.7221259371858457,-1.8338758842426301,0.7458405667188387,0.4781554509902833,1.310848586546511,1.3173724227217218,-3.4170278803854655,-3.327373118262847,2.718904760551782,2.880228046324758,1.3334076072845773,-1.6744729010291042,-4.120516683145848,-2.935600811392104,-1.9792526092438474,-0.39626996000651676,-1.9436549322273735,2.3289189618399075,0.3468638691469386,0.21555582850518032,-0.62542206317684,1.9871940423914711,0.14628114214526292,-2.1150707433824345,0.9358619595514066,2.7021099885886803,0.5662920106919309,0.3050846945360142,0.4648597074634906,0.43492601397836333,-1.3801122808695139,1.4576690533304064
0.06267288233829496,0.4664796591730879,-0.17658243597510803,-0.7545474291994716,-0.16925884625405194,-0.25526549482590266,0.7855709487040766,0.5793167754631717,0.011207640736498296,-0.07808795972143098,-0.9665010502833629,0.8157916092098897,0.0019576757366188795,-0.38107060374498003,0.16185288124386926,-0.847721580801517,-0.03052899446870817,0.29689661315884597,0.3969745886572073,-0.5278396237920161,-0.30733275955460126,0.3100830868618086,-0.07435328053539018,0.8710150164437586,-0.3461636109291506,0.9929268727116636,-0.4011920059074332,0.04791158605058456,-0.1773371841479343,-0.256160798631183,0.6835418779605721,0.565505995779237,-0.402568017752164,-0.6632903097277837,-0.23844960636091167,0.41522034967889143,0.8632426708185992,0.6402148267761435,0.13547342287425043,-0.30453771395107526,0.6081158658047128,-0.5571876860281539,0.16399797632278412,-0.058673149732256846,-0.15319862538479,-0.6968120742452919,0.47748586327438935,0.5959976114224865,-0.20584888292851056,-0.5781080683585436,-7.686080013728053e-4,-0.34703139457812743,0.036005826392937174,-0.2014131185925927,0.38644186385647655,-0.2586971083096337
0.04199328299449368,-2.109023757174166,0.7597889357224367,4.324616593478841,0.7359908166973295,0.7630943250444017,-4.327551063529887,-3.0250667409175596,0.18850208844863342,0.02191433748707842,6.472192434054065,-4.113952539702301,-0.2981613924859539,3.072057549330866,-0.847721580801517,4.909352141009073,0.1552996436017264,-2.1345991348944566,-1.7573637396289432,2.803417298453917,1.5462899417938192,-2.3158900591786993,0.9760783183768299,-4.848095406800124,2.2648664705577253,-5.054906109623729,2.082109561605697,-0.15506456371770755,1.1139856194808153,1.5804862215763065,-4.115952260518747,-3.5735717669988407,2.766416854747232,3.947800043811414,1.6126931909733797,-2.5208092700184075,-5.402248323725013,-3.9275839894648152,-1.3106024789118182,1.2118276185261445,-3.2776773748080053,3.4737598041781634,-0.581844520477653,0.21523793095773636,0.3967968118122532,3.7910942315075413,-2.025453523345591,-3.4650587381203333,1.2144336793884116,3.4618398462208435,0.265102256510906,1.6111801819146176,-0.005102775596973929,1.074441391321757,-2.3095889193338612,1.6480178914018768
0.004382770295950416,0.1403287147476044,0.09980071717182191,0.2315570787515227,-0.029541098445448406,-0.04542289874811744,-0.10929952044668995,0.028049883795661135,0.1980358660943368,-0.07714106921543319,0.5188320930511034,-0.02002371912888756,0.04064234752695035,0.259250112213414,-0.03052899446870817,0.1552996436017264,0.11150975418418166,-0.1402447464622799,0.131396649570177,0.22653255533598898,-0.04448554749824106,-0.27459709392860304,0.031225779337147815,-0.31264385185289995,-0.007977139223963276,-0.09802094864767937,-0.006776823326779959,0.18821728664863005,0.2819846275953134,0.13497108445798162,-0.4329236773777988,-0.41756286607037646,0.2096317645181396,0.24450928703903005,0.008198251218618032,-0.023309854396374362,-0.19052532939428077,-0.1745038806177914,-0.17029272894731515,-0.0640357639631787,-0.2737981864737638,-0.03739106608118844,0.018431935642862586,0.1660944346501123,0.0029557480974103253,0.14193181232565938,0.0015145752912931732,-0.0686176612765077,0.11158010078449386,0.289562050757038,-0.020678141962627294,0.04687130037771042,0.060245604909527434,-0.007082406246398981,0.02845643975116597,0.140216463014848
-0.3591784182936353,0.24589972020209777,-0.17524015813114108,-1.923236382849958,-0.07103370557521824,0.32487820354088986,1.6727971626771612,0.9344430118504639,-0.45706540022697034,0.416175302959935,-3.8122983924488283,1.185057099836967,0.32667762835307246,-2.1964138793643975,0.29689661315884597,-2.1345991348944566,-0.1402447464622799,1.3368668441454363,0.15254980315296357,-1.1244877235148092,-0.39777964409772304,1.6127608635849333,-0.8804120007422364,2.079575990822757,-1.1343723496691496,1.5643089534332122,-0.6419297111502459,-0.19912855649923697,-0.7669311309003919,-0.8405289821517516,2.178639892679436,2.0622981001372,-1.6701878727464918,-1.9072742362956123,-0.858401899732916,1.145104461340956,2.702315315532256,1.9342221268920512,1.1189163109183011,0.02118662340223222,1.3659583002567819,-1.591435660750495,-0.08571024354790613,-0.12501857706564026,0.24534063068272222,-1.462995097534813,0.20682711963656925,1.483014495561263,-0.6089192355682946,-1.753527817846743,-0.3082948698647444,-0.36410322001137685,-0.21910700136252073,-0.3553829951563421,0.9776749605205403,-0.916687656183831
0.44697523321170607,1.8322352499536663,-0.4177772665187667,-1.4111634112580602,-0.6430973080389728,-1.2162183082695865,1.8535792884379425,1.6994427085558939,0.5983846533032973,-0.6465339001079238,-0.7093779995490663,2.378163298018665,-0.11701560517991107,0.1955329913293224,0.3969745886572073,-1.7573637396289432,0.131396649570177,0.15254980315296357,1.609352913983587,-1.0157271476202627,-1.001488118407823,-0.15550681890933188,0.2654535233482609,1.640734929196185,-0.6755862115441716,2.714992001675786,-1.1609068089059755,0.5759487425863509,0.18802164992989195,-0.28817875186782116,0.6963867786936009,0.33970386040967,-0.25849812619890694,-1.0562187413903992,-0.4011726193562954,0.8833578581335617,1.4411308175783382,1.0587243775975008,-0.3783648170774137,-1.2579026076504551,1.1110424969600716,-1.2572053607590483,0.6954891991842269,0.09827737860293964,-0.7132070273099057,-1.5885379824418635,1.6879245897848105,1.3063909029138463,-0.26464608269651374,-0.7542607185519906,0.14098238069133107,-1.0335787507284315,0.3505306001063921,-0.5695479387056586,0.9472590508496059,-0.2466902060253656
-0.14990504931601728,-1.2146758584773687,0.6403894680556589,2.6034672286422,0.46372750493036535,0.6655437009269399,-2.535226016818904,-1.7229878550403512,0.22792890749272254,0.10741991370069652,3.690615568019404,-2.484237936816934,0.01583587652570939,1.5701511843338967,-0.5278396237920161,2.803417298453917,0.22653255533598898,-1.1244877235148092,-1.0157271476202627,1.8780472828995907,0.872860132612665,-1.3369590953178205,0.31861742499587087,-3.0463483002459575,1.0833258100224248,-3.116879635718403,1.2072435628300833,0.09044675931326357,0.8952572437683282,0.9623550726423121,-2.6460514590260105,-2.2765873020277847,1.5360915799727495,2.351748694519692,0.7676989811866888,-1.320546897724345,-2.931818127733012,-2.206907059725468,-0.6729628571597119,0.8106237225992936,-2.1836338501104247,1.6979204919731845,-0.4491903273152378,0.3694286552600796,0.43005613314545954,2.298486654355945,-1.401970415148837,-1.9233693760958697,0.7718460033342371,2.14382041340974,0.0020807429032686157,1.0898602267254733,-0.01932928369756137,0.6043983168723608,-1.1651585911368434,0.9814919257627985
-0.18836325144142746,-1.1567520620519696,0.294340228325698,1.2918609266354577,0.40310647605974276,0.6589622426879606,-1.4987698299583094,-1.235262686953944,-0.25220937840778174,0.2938504743289375,1.3031204924183,-1.702559265251191,-0.0020631365643130417,0.3852212353275274,-0.30733275955460126,1.5462899417938192,-0.04448554749824106,-0.39777964409772304,-1.001488118407823,0.872860132612665,0.6926522638987825,-0.2780014141704319,0.039556265145432784,-1.4678836590574298,0.6634084099439015,-1.993527019070679,0.8449739595418807,-0.2971924214798311,0.06760094176146544,0.3673671321107105,-0.9240040374204489,-0.6821700463140039,0.5388751823770299,1.0745313933473377,0.4360224446429963,-0.7920249958519817,-1.4847298784737615,-1.080177062508734,-0.02916605947000291,0.7521566487097724,-0.9861853464725967,1.1166149153482934,-0.3996269810618997,-0.026441016531194794,0.3748635376584322,1.2924377770145106,-1.0647414667524968,-1.1247375929779946,0.3002202309536278,0.8589419251438728,-0.01599874983430497,0.7069410996954777,-0.16027847609462442,0.4235804737319687,-0.791314974628364,0.35968784782323077
-0.4675606761453879,-0.08733417219034083,-0.23175679247230657,-2.1906411247246123,0.030345754892121705,0.5660915876544983,1.741464544654761,0.8066004805978403,-0.7700775258351874,0.6227089519911527,-4.668915227856641,1.0432039640513255,0.3476487794023926,-2.7337586517517956,0.3100830868618086,-2.3158900591786993,-0.27459709392860304,1.6127608635849333,-0.15550681890933188,-1.3369590953178205,-0.2780014141704319,2.0838182469112025,-1.055624005312095,2.4090724509954624,-1.1840159277807458,1.4962861737906923,-0.5660788172490202,-0.46745613537759484,-1.1405634108374971,-1.0304501772771932,2.7514476908100227,2.6532456245113383,-2.036600811489581,-2.2306252868741425,-0.9230414047865858,1.1967534172533836,3.029001110054667,2.1984173555391595,1.4631542124066301,0.24554554393492542,1.6389059514682904,-1.5972646456887674,-0.2041280889406253,-0.3016491509953141,0.3674817604459749,-1.5685397179195903,0.010977809443911865,1.5628379364478056,-0.7514705676659804,-2.1368110530498154,-0.347814429482771,-0.3170871065635338,-0.34663580494254675,-0.32000339778191295,0.9534795473314818,-1.1264533308894533
0.4383782344791125,0.2538166551527343,-0.11114887312325006,0.8325165539746745,-0.12408865620187269,-0.6216734450483852,-0.6191739532372215,-0.2248159420087998,0.34786183576481666,-0.46877449752118183,2.282682635126368,-0.1467507429578829,-0.3525298705948723,1.5632902658214616,-0.07435328053539018,0.9760783183768299,0.031225779337147815,-0.8804120007422364,0.2654535233482609,0.31861742499587087,0.039556265145432784,-1.055624005312095,0.7724895880882606,-0.7904898448092585,0.7088378103774048,-0.2543138476408986,0.14236499580202944,0.1408828852817914,0.36727213575557144,0.435532847840246,-1.0509349311305016,-1.0931906363817452,1.0377981378733605,0.9238192968026496,0.5570678453487589,-0.612110347509305,-1.5056489928435215,-1.0249836887899286,-0.8462745610175636,-0.3663579622804201,-0.4298329397285927,0.9205246285419125,0.28238886370003435,-0.05469951451887609,-0.4431526343730164,0.49949490713142747,0.3959123494756999,-0.6943276522280615,0.2809959948995825,0.8481209634159689,0.3227487544275817,-0.10311364767032376,0.2277703076625143,0.10717459338211059,-0.5130690966482647,0.5056666431432757
0.08328024593082567,1.975543464276049,-0.9424351303890676,-4.420552606799235,-0.7291419204057998,-0.8821127917601984,4.304828226591407,2.915544927783098,-0.3800104221467318,-0.047527059387220044,-6.561619676504107,4.099800426231195,0.131383118588218,-2.9896459961259523,0.8710150164437586,-4.848095406800124,-0.31264385185289995,2.079575990822757,1.640734929196185,-3.0463483002459575,-1.4678836590574298,2.4090724509954624,-0.7904898448092585,5.0779179657320235,-2.0398124400915543,5.125040341067273,-2.0291856520276816,-0.0839978783222765,-1.4251931138686071,-1.6513455852374197,4.447297904225741,3.869238334068311,-2.767824359409352,-4.035642109775345,-1.4574607731630822,2.37162138547937,5.234418642166339,3.880335337140207,1.3107726577305385,-1.2262502895668859,3.5578461062792455,-3.1410749240493376,0.6392023827654992,-0.4800456363993668,-0.5344738029238836,-3.853149191662662,2.1422628479547585,3.3589055976177673,-1.2967877180819292,-3.6398014583520633,-0.13713802659729335,-1.7122763932428524,-0.016489512883443313,-1.0316318083981468,2.1127844185506053,-1.70562988640185
0.2094885364925696,-0.8267548850499709,0.17649578861985948,1.9119750529234427,0.2580837948587598,0.0580747426570125,-1.9091820518689933,-1.3196759319189895,0.08208401538648472,-0.14332583190369116,3.196364516905822,-1.6800303124545963,-0.30623317416939305,1.7221259371858457,-0.3461636109291506,2.2648664705577253,-0.007977139223963276,-1.1343723496691496,-0.6755862115441716,1.0833258100224248,0.6634084099439015,-1.1840159277807458,0.7088378103774048,-2.0398124400915543,1.2201318786297213,-2.042452203089649,0.8934014200018114,-0.13924548637598771,0.3944846585347822,0.7198121115126775,-1.7763508541554431,-1.5919397205837138,1.403095190987792,1.7938908372597937,0.881824691380157,-1.254805949362241,-2.6706559948707973,-1.883540521194363,-0.7702622365498242,0.36396190234681786,-1.2855455937292792,1.8156469927164494,-0.1178920371762099,-0.063533194850254,-0.04333274122332565,1.6187462504308525,-0.6261903008977427,-1.6316591188422518,0.5231988747179369,1.5338357872600925,0.26487514089044356,0.556903097139937,0.054799065669774716,0.47879153380547224,-1.165581605809516,0.77401154121572
0.5164824972396647,3.1642544673441897,-1.0788671621968935,-4.433657148547702,-1.1391189727474527,-1.829275093073602,4.784753097244024,3.6747376309597675,0.3193181588905233,-0.6813023589497043,-5.190928323754191,5.170240413261463,-0.04463139739347435,-1.8338758842426301,0.9929268727116636,-5.054906109623729,-0.09802094864767937,1.5643089534332122,2.714992001675786,-3.116879635718403,-1.993527019070679,1.4962861737906923,-0.2543138476408986,5.125040341067273,-2.042452203089649,6.214469671608084,-2.5381019577999027,0.4937514549183836,-0.8156585341655025,-1.420988852211528,3.7617334674304286,3.007493878697899,-2.1451719009829913,-3.815663680395866,-1.3784139134624074,2.484146444470718,4.991137744143507,3.6983482235628085,0.515274432411913,-2.0947087513129667,3.5646510614408196,-3.363368134756376,1.1368183376985561,-0.25632375776731703,-1.091438851779269,-4.220700774561555,3.1594969666250843,3.5844048350648814,-1.1569714754215015,-3.253328928793024,0.060664404891852555,-2.210729619420488,0.3369118459584722,-1.26807775104686,2.366663564540217,-1.415153614834053
-0.1860121555266896,-1.3510279732686525,0.3937327355457838,1.7825019461546356,0.4749217549811275,0.7337622920596479,-1.9672952639947943,-1.5437902326756379,-0.19626194435695613,0.28418000350032524,2.064160471851506,-2.134522125028874,-0.02292382153611491,0.7458405667188387,-0.4011920059074332,2.082109561605697,-0.006776823326779959,-0.6419297111502459,-1.1609068089059755,1.2072435628300833,0.8449739595418807,-0.5660788172490202,0.14236499580202944,-2.0291856520276816,0.8934014200018114,-2.5381019577999027,1.0598543015348079,-0.27762974849476024,0.23629155265916385,0.5556181964213821,-1.4306722323694918,-1.1290069400072091,0.8613987421360462,1.527797218651629,0.6021534119941804,-1.0554332398551372,-2.075333520289019,-1.5170409558602804,-0.19346898715338895,0.8684586221888644,-1.3785072214512215,1.4655537498319373,-0.45856465761608417,0.028722606001882086,0.4197225770830499,1.712161372540738,-1.2782735738248818,-1.4949067321746363,0.44675875666797604,1.2707969435308455,0.005506992586196332,0.884760251310439,-0.1505681416573811,0.5335449964094566,-1.023269834035403,0.5555412871457869
0.1313946880264784,0.6406103300269234,0.03564074670269382,0.026903787455405125,-0.19887711730448396,-0.3788069129587622,0.2580053077490302,0.4310095162266764,0.4336417061658573,-0.28156723148647655,0.6588657596776116,0.5278469531774024,0.013353897655326283,0.4781554509902833,0.04791158605058456,-0.15506456371770755,0.18821728664863005,-0.19912855649923697,0.5759487425863509,0.09044675931326357,-0.2971924214798311,-0.46745613537759484,0.1408828852817914,-0.0839978783222765,-0.13924548637598771,0.4937514549183836,-0.27762974849476024,0.40537936464279445,0.4547247207800108,0.1398237862955081,-0.4869407269484413,-0.5517178842694348,0.2780193009139869,0.13300634052845792,-0.05853882976133668,0.14899691960216457,0.007434629939676254,-0.039151313091393705,-0.3651199619783498,-0.4032603176268057,-0.13889206935004597,-0.30841287639379616,0.20281859466601942,0.2527896558750686,-0.1843141126051099,-0.15509571454939242,0.41894160711603623,0.18207708981516027,0.1058162956367,0.26395796920191844,0.018868698441415588,-0.18354924513659654,0.17720987555686377,-0.1397883736539885,0.24083507308656815,0.16009300633132875
0.12437773379215165,0.16924258463586453,0.2819943767895633,1.1937183223853223,-0.023002642204849474,-0.18166087518467267,-0.8576491774198018,-0.30568441701647064,0.5650128632418946,-0.29372229107649755,2.445019411961679,-0.5104728650674942,-0.025286681693611382,1.310848586546511,-0.1773371841479343,1.1139856194808153,0.2819846275953134,-0.7669311309003919,0.18802164992989195,0.8952572437683282,0.06760094176146544,-1.1405634108374971,0.36727213575557144,-1.4251931138686071,0.3944846585347822,-0.8156585341655025,0.23629155265916385,0.4547247207800108,0.8602717478254307,0.5856577449348456,-1.692736583093662,-1.6114415632411168,1.0325703122203878,1.2074284083395277,0.32612756510633717,-0.4692212878918995,-1.379429135531074,-1.0686997882587972,-0.7423111551511771,-0.1141186080087268,-1.0817704493334837,0.5050571829902619,0.05298926551762828,0.39298453304417685,-0.0630176940761799,0.8474350742099234,-0.10766824987379013,-0.6927586849275024,0.4547751601425173,1.242220385132753,0.0605887747206592,0.24997614969298262,0.195965143762848,0.12208657568390793,-0.3026755959654792,0.6223880933192054
0.10592745245343085,-0.3732217847058024,0.2500876697486328,1.4619952401863923,0.13828859699476304,0.028448341432775016,-1.3207338274640392,-0.7965129719725761,0.2786071555690536,-0.15392907167070408,2.542150306393494,-1.0962858425150508,-0.11746263216752943,1.3173724227217218,-0.256160798631183,1.5804862215763065,0.13497108445798162,-0.8405289821517516,-0.28817875186782116,0.9623550726423121,0.3673671321107105,-1.0304501772771932,0.435532847840246,-1.6513455852374197,0.7198121115126775,-1.420988852211528,0.5556181964213821,0.1398237862955081,0.5856577449348456,0.6018720225062717,-1.614838897714107,-1.4730626344069278,1.089924900521656,1.3952740954253007,0.5345445004449944,-0.7897953611945532,-1.845102258971753,-1.3555241254544994,-0.6470828526106869,0.1815313959435745,-1.1442721076467024,1.0491139070689453,-0.07468801845842296,0.17575888590809385,0.010873605803350743,1.1848123744077594,-0.4327303928494186,-1.083998693914492,0.4575128720194645,1.291332205334246,0.11869582556803061,0.42683567534511535,0.09433748692778991,0.2909161609418913,-0.6739504564516386,0.6379542193712534
-0.21606011637161945,0.910948161800415,-0.7470673970327996,-3.8837546881800185,-0.3588289745434563,-0.13263236608472934,3.4532507484427635,2.0341235506174824,-0.827530214213792,0.39201588848977753,-6.716562881760805,2.8677795357587303,0.22525300583389607,-3.4170278803854655,0.6835418779605721,-4.115952260518747,-0.4329236773777988,2.178639892679436,0.6963867786936009,-2.6460514590260105,-0.9240040374204489,2.7514476908100227,-1.0509349311305016,4.447297904225741,-1.7763508541554431,3.7617334674304286,-1.4306722323694918,-0.4869407269484413,-1.692736583093662,-1.614838897714107,4.403210264749168,4.0136818320405085,-2.861297638392524,-3.704991706683743,-1.3252031933016608,1.997649710722868,4.757725373875583,3.5332633497302415,1.6990265043813562,-0.48223017790177586,3.1420262527473675,-2.5863479484393497,0.22385291387382178,-0.5935651311852294,-0.09639654829651097,-3.139077794844368,1.1921789615866785,2.7908730563724946,-1.2416822710741457,-3.477462784038394,-0.24788844229708684,-1.1696113229354685,-0.25880069900508373,-0.7415959432557595,1.6697519084341215,-1.7029869961559778
-0.32305149030236124,0.49997098286895775,-0.5963029863896753,-3.400406376727301,-0.20650531728972155,0.15346142431118567,2.9121124849683495,1.6002117497683481,-0.890315139971159,0.5184476435887956,-6.2649528687309735,2.2373563338948683,0.2676020178351781,-3.327373118262847,0.565505995779237,-3.5735717669988407,-0.41756286607037646,2.0622981001372,0.33970386040967,-2.2765873020277847,-0.6821700463140039,2.6532456245113383,-1.0931906363817452,3.869238334068311,-1.5919397205837138,3.007493878697899,-1.1290069400072091,-0.5517178842694348,-1.6114415632411168,-1.4730626344069278,4.0136818320405085,3.723048802513142,-2.684186671887142,-3.3068021259626637,-1.207696686825582,1.7470316138751776,4.273186781271711,3.1634892880348335,1.708267755070968,-0.18913358327287313,2.725073488694048,-2.2598591833802666,0.055692689060563086,-0.547037478484623,0.08305145249798956,-2.654621949450546,0.7601393145941948,2.408802650970306,-1.1189437400069115,-3.1393571450872404,-0.28820351866442645,-0.8816706785382726,-0.319694790499822,-0.5946155306377784,1.4269452314036484,-1.5685138128098155
0.3894937020774142,-0.38462995207398604,0.2937920949890648,2.52220532930327,0.12650732735880554,-0.3011562953804702,-2.2037735956820863,-1.2458544679292372,0.5872631320965025,-0.47526554885984235,4.845170682231247,-1.6268241220911872,-0.3578753926822666,2.718904760551782,-0.402568017752164,2.766416854747232,0.2096317645181396,-1.6701878727464918,-0.25849812619890694,1.5360915799727495,0.5388751823770299,-2.036600811489581,1.0377981378733605,-2.767824359409352,1.403095190987792,-2.1451719009829913,0.8613987421360462,0.2780193009139869,1.0325703122203878,1.089924900521656,-2.861297638392524,-2.684186671887142,2.1094429600061986,2.478352260512155,1.0590356195608739,-1.4494428859857897,-3.430243079957126,-2.4763126739856625,-1.3792744195479505,0.05416428754595706,-1.8544693213404249,1.9828298900880463,0.04964542718236368,0.22118328725673866,-0.2272453546368656,1.9471986592964245,-0.39347712798723605,-1.9102616307007045,0.8012670345680386,2.2911990088945715,0.3437046161120479,0.5464200425999858,0.25893558270830985,0.46881732126484166,-1.2308286187934683,1.1793131660037222
0.140176811071536,-1.3025528605271375,0.633144347310076,3.577317844597188,0.46783977264899396,0.35040311328458623,-3.3912319143888046,-2.203602374209976,0.44131451940502975,-0.18297550745763477,5.795282223153717,-3.0239609505329574,-0.2538341766010926,2.880228046324758,-0.6632903097277837,3.947800043811414,0.24450928703903005,-1.9072742362956123,-1.0562187413903992,2.351748694519692,1.0745313933473377,-2.2306252868741425,0.9238192968026496,-4.035642109775345,1.7938908372597937,-3.815663680395866,1.527797218651629,0.13300634052845792,1.2074284083395277,1.3952740954253007,-3.704991706683743,-3.3068021259626637,2.478352260512155,3.3420046572634696,1.3054369763342626,-1.990358560850782,-4.469528427518879,-3.273149457674475,-1.3386572511804313,0.7142346952324764,-2.773355370372693,2.683268886830419,-0.3312388822102323,0.32836757452869375,0.1832947621394926,3.012355348370353,-1.363939202007934,-2.741710493798174,1.0680926319101325,3.023998043713745,0.24525718145780756,1.189605810087646,0.11843176402308532,0.7924482081530593,-1.7562886935318345,1.466645456171887
0.18843786811116786,-0.5009376718477909,0.11180484244592127,1.3712609829364732,0.1524589538458132,-0.03761050639986454,-1.334033698193781,-0.8895449949044067,0.11145954349565224,-0.1549436322938748,2.4068037373120563,-1.1212767174982265,-0.23805779306260458,1.3334076072845773,-0.23844960636091167,1.6126931909733797,0.008198251218618032,-0.858401899732916,-0.4011726193562954,0.7676989811866888,0.4360224446429963,-0.9230414047865858,0.5570678453487589,-1.4574607731630822,0.881824691380157,-1.3784139134624074,0.6021534119941804,-0.05853882976133668,0.32612756510633717,0.5345445004449944,-1.3252031933016608,-1.207696686825582,1.0590356195608739,1.3054369763342626,0.6437185167082903,-0.8961792342184381,-1.9432005822129532,-1.3697729307038504,-0.6181559964542787,0.19095330646823377,-0.9174118728991584,1.2944765212373475,-0.04316920722353692,-0.03335736139142104,-0.07930052899798296,1.1324967670456025,-0.3651584045622448,-1.156984280911446,0.3856222626839706,1.1300043072000343,0.2092441767224842,0.3577218079694083,0.0675518311218563,0.32596285179095325,-0.8216364122347468,0.5786669063888312
-0.10254746707633756,1.0633604631989306,-0.29960592611416076,-2.1650963786683435,-0.3539631766810773,-0.2801394432664351,2.1903609214493147,1.546525982268844,-0.05460760887869436,0.038374999554514115,-3.3480993039717872,2.041832196088645,0.23596798764383037,-1.6744729010291042,0.41522034967889143,-2.5208092700184075,-0.023309854396374362,1.145104461340956,0.8833578581335617,-1.320546897724345,-0.7920249958519817,1.1967534172533836,-0.612110347509305,2.37162138547937,-1.254805949362241,2.484146444470718,-1.0554332398551372,0.14899691960216457,-0.4692212878918995,-0.7897953611945532,1.997649710722868,1.7470316138751776,-1.4494428859857897,-1.990358560850782,-0.8961792342184381,1.3455793958944744,2.8463911673231754,2.0369475726021045,0.7171749860649205,-0.5598443664360211,1.5502154731668205,-1.9058912967270734,0.24182116310346471,-0.007364438355322939,-0.10855256629546321,-1.8861141160977295,0.9213698693225673,1.8019720756822584,-0.5923931609640858,-1.7128243027557897,-0.20339784957999893,-0.7481273753773791,-0.009308848850592136,-0.5530161948811468,1.2500609784929315,-0.8337159868599481
