V1,V2,V3,V4,V5,V6,V7,V8,V9,V10,V11,V12,V13,V14,V15,V16,V17,V18,V19,V20,V21,V22,V23,V24,V25,V26,V27,V28,V29,V30,V31,V32,V33,V34,V35,V36,V37,V38,V39,V40,V41,V42,V43,V44,V45,V46,V47,V48,V49,V50,V51,V52,V53,V54,V55,V56
0.13602926705924387,0.264028292827173,0.048179840445980233,-0.17443013956726114,0.2887444201570545,-0.248341699881847,-0.05205933441926324,-0.027953281952874783,-0.2871212589186922,0.4380512879538334,-0.006917028506452222,0.17145445382060204,0.45500626514986,0.3713882763258542,-0.20183653632501244,0.4872152972917332,-0.34384768996149334,-0.3020756831691689,0.19885244562708995,-0.06419946150736953,0.09719192714786423,-0.20963649767242534,0.2627131990011156,0.14280046264339535,0.338584096564293,-0.6924480648762456,-0.3548016872317812,-0.3207394418542928,0.2572168551660222,-0.5445392897466779,0.11217371639409864,-0.6507733472781922,-0.18483415268014464,-0.23186589755811957,-0.8054203286152124,-0.077569197622580785,0.5637898934416757,-0.46091090187911854,0.11363726966677182,-0.23384804068560705,-0.2334483511887903,-0.29175725073592385,-0.131769395385244,0.28030603773319496,0.04120299776225187,-0.5163144192003095,-0.5933298641784249,-0.2483282758643125,-0.24984537485305428,-0.16661312192583919,0.19783736644016262,-0.0015144260820323808,0.058384888039495,0.17361126402537477,-0.17481140733985495,-0.038034994932205496
0.264028292827173,0.8833915931526608,-0.32772412158527964,-0.23647997383799355,0.16864382179416193,-1.4554385243189367,-0.513416771405289,1.0176607841151935,-0.5362286337722484,1.1113709003528245,0.7138728296216298,0.10316137636426248,0.30646373377992175,1.169774318382811,-1.056722673908535,0.9974984614570713,-0.2580549414129081,6.178506081745848e-4,0.4242377752369017,-0.05504623086843236,-1.1658999253841573,-0.5768864723707257,0.13658702281811844,-0.8491919319818942,0.976408222189956,-1.4036017060177524,-0.38578793959658597,0.34299464399904495,0.38570484497585733,-0.01964224245600782,0.09211449794359361,-1.8100419928309461,0.6481924483237067,-0.4101745729508204,-1.4346022310605349,-0.29946092671463104,0.9583111829274495,-1.415914526608499,-0.21606406660797964,-1.0674352056987582,0.9024189454910484,-0.8996625904438632,-0.16625588002703193,-0.2533033195240991,0.6461329684424107,-0.7126382307208948,-0.5800091461869723,-0.050304501937028394,0.16476005969093657,-0.6707604251046412,0.2781681331832935,0.4797161235702343,-0.14831057771603504,-0.6916834308865115,0.6915423633019354,0.2483093473389432
0.048179840445980233,-0.32772412158527964,0.5102747875963616,-0.18359247268764112,0.5609382502132803,1.038569299645015,0.4509286148458939,-1.2513608284177609,-0.12589955181046708,-0.13386666685117302,-0.8398202711561988,0.32680625675005737,0.8331738524004717,-0.37734717663474493,0.6996600256353357,0.11897763444845257,-0.5944810625246855,-0.7829812980429266,0.020714818527205314,-0.09801824294295709,1.6017711208244654,0.11534953786367533,0.5317438562672064,1.3539463403307708,-0.245463496854474,-0.1887985611645672,-0.48882474259896447,-1.2368194731736153,0.22903528525126723,-1.398296442965797,0.193302317009613,0.3958985327559749,-1.226520213578227,-0.13224708420403158,-0.4419333212916267,0.14588011000393336,0.36361814722543584,0.42723678523021563,0.5431286111470002,0.6175701731122195,-1.6472009121548656,0.2783616894559023,-0.15633769191129437,1.0307711368235526,-0.6418210850979803,-0.5223463949342954,-0.8791935075494736,-0.6006628244992046,-0.8422849691909837,0.33292497441811186,0.18865883674280112,-0.5598764276419035,0.31832896169232966,1.2419972751407882,-1.2661344694195102,-0.38351008065646747
-0.17443013956726114,-0.23647997383799355,-0.18359247268764112,0.25416089901386024,-0.48378089945501956,0.04205268427134363,-0.04724916913209125,0.3405660041308275,0.37412900234211116,-0.4928507921664023,0.21366002960450842,-0.2851946194357665,-0.7490387776823009,-0.35312559523291875,0.06939756054856167,-0.6127686608445153,0.5568041282185695,0.5527237572103123,-0.24201452356334321,0.10005951585862458,-0.5092554105984742,0.22339762197427795,-0.4456101527192692,-0.503029802071011,-0.3452954071385146,0.8761144723458888,0.5462248905430125,0.6879121164576293,-0.36480013534213396,0.9950109763871207,-0.1827402165619624,0.6819764840301863,0.5210642747834704,0.3102365395453132,1.072554980536997,0.056879761536878515,-0.764431187030091,0.448082845130819,-0.268740770688438,0.12945972311237275,0.6825820421465312,0.2811772069634785,0.19685721552544394,-0.5893183337137374,0.1084610359956135,0.7462177175059252,0.9261540765607447,0.44628588263333296,0.5058296916100856,0.11896011232821685,-0.28225725651426903,0.1393490703348729,-0.14716514264689512,-0.5107045942548862,0.5214645554251067,0.1391715325618631
0.2887444201570545,0.16864382179416193,0.5609382502132803,-0.48378089945501956,1.041597000112604,0.5230014059524634,0.3265466429378885,-1.2153942382827863,-0.6328835780977337,0.6606210532278655,-0.7950643460745849,0.6117688649996904,1.591143837883345,0.31424456353855046,0.29065775614235484,0.9849561345542296,-1.1703943654693112,-1.2724563933592377,0.37755613469694005,-0.2072699369554855,1.6680043576007917,-0.26849933585150637,0.9682767552179293,1.5190726890071387,0.3787759262159848,-1.4179689350831208,-1.0922865880059887,-1.7280013003932315,0.675484861809407,-2.279702719870028,0.38181669446486116,-0.7987785202629707,-1.4733574216807688,-0.5383510329914113,-1.856935895833096,-0.0038642853879092176,1.3496865366291102,-0.42992347262984926,0.7108829576622172,0.1560504694487898,-1.953688368277142,-0.2640545722547787,-0.3822276370404644,1.4633761601632294,-0.5245328776471001,-1.413820994632584,-1.8835680591763033,-1.0048627153465286,-1.2334674622584714,0.012504652468968524,0.5312859305161702,-0.5243679127395495,0.4019442724339618,1.4683852224853304,-1.494008747961528,-0.425728762268516
-0.248341699881847,-1.4554385243189367,1.038569299645015,0.04205268427134363,0.5230014059524634,3.0413359243192875,1.1791279649320592,-2.798133584763278,0.46716981082550363,-1.4749913941645012,-1.9144541683900171,0.2975757529773085,0.7071937078288726,-1.8564367107049908,2.1391488636138067,-1.0177986079940429,-0.4585390307269594,-1.0060733234619967,-0.4697162773733278,-0.06137602654570094,3.4239451286473708,0.8241195343915392,0.524828539930883,2.734532863410216,-1.4606261988024791,1.4040779006626778,-0.17551365597849705,-1.9892025313738046,-0.1574630610104243,-1.7698763815380993,0.1419293202278028,2.6313636276710697,-2.3320725591130507,0.3125948692792204,1.1158053615360615,0.5380605915707212,-0.6593724280925894,2.2056430551261967,0.9513474749869594,2.0433862959889972,-3.1710527747650077,1.4125001543080562,-0.006319065849739822,1.6205983215075568,-1.5820130540351014,0.16506650316807794,-0.4478379515194226,-0.7124379331588936,-1.2736401416814294,1.2144148590544468,-0.08433506078519924,-1.2808341063225817,0.5823440960332553,2.402831165969176,-2.437518814476912,-0.7829821233005622
-0.05205933441926324,-0.513416771405289,0.4509286148458939,-0.04724916913209125,0.3265466429378885,1.1791279649320592,0.4786076123674818,-1.183024961676739,0.08630913774559514,-0.45743171198150745,-0.8070035316700919,0.19012658293154558,0.468352470171977,-0.6411397954626568,0.8179166609089806,-0.243434231570651,-0.3242817678639595,-0.5379418827174672,-0.118894828212733,-0.052668929913584066,1.4715238728094988,0.26898422287171253,0.31597550492037085,1.2000315413723297,-0.48455614438121675,0.3302194957735828,-0.20277194557658587,-0.9531851467034214,0.028732945964149242,-0.9474727794727702,0.09758003057388671,0.8573384273140522,-1.0500728589704018,0.04408213505821923,0.16406161718724474,0.1953986080633301,-0.06352341756430062,0.7558605571669924,0.4427009136754914,0.7720804136196592,-1.4199943719797818,0.48248385354924045,-0.04978715353691907,0.7814045340415027,-0.6464611640483514,-0.12549457112254778,-0.41017149025678545,-0.3867481874504898,-0.6283837539415427,0.4500353031768197,0.04201341415010001,-0.537045841136173,0.2687706977453185,1.0783373308567348,-1.0821562745356998,-0.3440399091766557
-0.027953281952874783,1.0176607841151935,-1.2513608284177609,0.3405660041308275,-1.2153942382827863,-2.798133584763278,-1.183024961676739,3.143775658051053,0.12102586132519029,0.6526563388930248,2.1229734615134466,-0.7077149917874191,-1.7880772002206957,1.2201785264149783,-1.907661413649713,0.04075364700113583,1.26693748994958,1.775559213898762,0.07860475258418897,0.20887469221237207,-3.984660610613801,-0.4426503726170538,-1.1588194676020336,-3.326532244745552,0.8577796319771755,-0.011226295981479716,0.9803224394342969,2.9014335413190118,-0.39646226436958903,3.156023668620935,-0.4045703777700964,-1.4554946953034829,2.9774097497770122,0.17039198236965947,0.5556690928945068,-0.4210206587793757,-0.5244314886119757,-1.408570496491346,-1.2980959865692383,-1.7316043981856972,4.008431025603503,-0.9087276306130729,0.2991665741332724,-2.405703945719202,1.6506395519905652,0.9616642880039348,1.8076353161223069,1.3357610967805678,1.9562444623263178,-0.966659643729494,-0.34464407335445413,1.4140170031343944,-0.7697976534155326,-3.0298463995101255,3.071673989924382,0.9461874639002592
-0.2871212589186922,-0.5362286337722484,-0.12589955181046708,0.37412900234211116,-0.6328835780977337,0.46716981082550363,0.08630913774559514,0.12102586132519029,0.6077491691887318,-0.909653644465396,0.05696535491616717,-0.3752028287760512,-0.9935232832563552,-0.7577765649707736,0.3868392257890636,-1.0255858877576804,0.7495038205681838,0.6725979219316297,-0.41845434963301603,0.13988669137308854,-0.2846580187504572,0.4328245271861842,-0.577456306390885,-0.36769907165683247,-0.6961881105873104,1.4585831384024492,0.7668517624163249,0.7334319162673245,-0.5500459840305331,1.2098566320171582,-0.24472068172530828,1.3422351174172518,0.4484736930162081,0.4914460653688225,1.7082612710235665,0.15531638452642804,-1.1976810729162672,0.9439634517024518,-0.2659390304715901,0.45823711178907833,0.5718229686191706,0.5965992611366105,0.28358679578032037,-0.6385426370114264,-0.05384553319698593,1.1074136806679453,1.2862293016429884,0.5494633240633443,0.565310079551073,0.33113383197067825,-0.4240887368982143,0.031199940203910634,-0.1387040454426148,-0.4261653735382656,0.4295734515025178,0.09905747743295511
0.4380512879538334,1.1113709003528245,-0.13386666685117302,-0.4928507921664023,0.6606210532278655,-1.4749913941645012,-0.45743171198150745,0.6526563388930248,-0.909653644465396,1.5984751561664674,0.4843709579332015,0.3930970038071239,1.0679756463883436,1.5129176725745175,-1.1105898470977857,1.6082331165847306,-0.8229722151861413,-0.5635514519994067,0.663552090898183,-0.1556308740711363,-0.626831918152794,-0.7965521366043289,0.5899104116215202,-0.3216690156124289,1.3138694569303329,-2.277504054787143,-0.9390643839004115,-0.3662649501258477,0.7527478267593161,-1.0369028808439136,0.27798980699339176,-2.478204023930142,0.10527414351009272,-0.7212656147456439,-2.50811216108177,-0.35244055373003774,1.724985340205285,-1.8515793241264926,0.06149658029362973,-1.183331299624655,0.19057699670970585,-1.1728148842129087,-0.36532010382003965,0.3539461725786458,0.5247446757729658,-1.4638804984855358,-1.5178428536073345,-0.5070655643736838,-0.3550647807585099,-0.782823937005751,0.561520930922876,0.3293517337559763,0.0037974261200521635,-0.15940178894238094,0.14635755850813395,0.10234605092707147
-0.006917028506452222,0.7138728296216298,-0.8398202711561988,0.21366002960450842,-0.7950643460745849,-1.9144541683900171,-0.8070035316700919,2.1229734615134466,0.05696535491616717,0.4843709579332015,1.4366191533873856,-0.46333502832186607,-1.1671836202177681,0.8616441585571109,-1.3077161868435998,0.07262585556774082,0.8267449414426868,1.1759149851604442,0.06807745286121232,0.13763692262719615,-2.6867001513432465,-0.32011961952596935,-0.7591251784847036,-2.2375976273469633,0.6113230577656943,-0.07263329167132565,0.6274610488993069,1.931985467967854,-0.24352976416469485,2.084582386228107,-0.26138494046964694,-1.043648136078362,1.9985944869255592,0.09319407053237841,0.3026392498933087,-0.29105111440454157,-0.30238826469687957,-0.9964923832487982,-0.869206664974452,-1.1946903699548224,2.691805901457174,-0.6415760659285831,0.18876375079323385,-1.5995574470893839,1.119595706923854,0.6038200697913073,1.168014019276082,0.877019615938663,1.3002778029241358,-0.6721191002229097,-0.21722504043464938,0.9557618158923852,-0.5173896436213808,-2.037042578415622,2.0583826551640407,0.6374902023855897
0.17145445382060204,0.10316137636426248,0.32680625675005737,-0.2851946194357665,0.6117688649996904,0.2975757529773085,0.19012658293154558,-0.7077149917874191,-0.3752028287760512,0.3930970038071239,-0.46333502832186607,0.36022115340804806,0.9366784445735278,0.19036996707803935,0.16332794380683513,0.5839895911245572,-0.689754982577553,-0.7479430558769702,0.22502215995305638,-0.1228253742174127,0.9721722987915751,-0.16020645470760753,0.5679972561848734,0.8866190052354865,0.2280805297601618,-0.8400127605377735,-0.641803649955483,-1.011999421579541,0.39792250815137226,-1.338783409439225,0.2232306599383863,-0.479764709473595,-0.8628317301827291,-0.3185808770253773,-1.0988856308842863,-0.004138478052399139,0.7982514455609102,-0.2589325767715337,0.4164101660871085,0.08654837558810818,-1.1429485830627035,-0.16019638913930534,-0.2244590967150505,0.8565956743572563,-0.3036380814487427,-0.8342031498653566,-1.10918136615273,-0.5884424769135824,-0.7231799406242037,0.004421365239152532,0.3144885522723357,-0.30487892067892364,0.23595653237882885,0.8603866536829673,-0.8710306193376278,-0.2490157071622617
0.45500626514986,0.30646373377992175,0.8331738524004717,-0.7490387776823009,1.591143837883345,0.7071937078288726,0.468352470171977,-1.7880772002206957,-0.9935232832563552,1.0679756463883436,-1.1671836202177681,0.9366784445735278,2.438407671539235,0.5455078154988979,0.37722312955665926,1.5554659903185895,-1.7957655116496498,-1.9339332837140546,0.5984608443539917,-0.31869022515248513,2.4649759112855296,-0.44090084147472525,1.4763400086549463,2.2572034196710997,0.63310922175135,-2.2366727446016683,-1.6802320057095508,-2.605224595322257,1.047482189122361,-3.466335520487135,0.5830784368304063,-1.3205369293828741,-2.2039390202327707,-0.8431852618521234,-2.9065116134868085,-0.023168376774047962,2.1086430247607515,-0.7328465221536544,1.0671241292083358,0.17602942449431264,-2.9175854874942484,-0.45407834944346454,-0.5892678260638573,2.2074090278542107,-0.7581188974729945,-2.1897843313850003,-2.8964430336221683,-1.5278990266731063,-1.8646788142646047,-0.02005847594611904,0.8245445068760546,-0.7685752006039781,0.6027790599996798,2.1943228835982698,-2.2265028760831713,-0.6330092387510033
0.3713882763258542,1.169774318382811,-0.37734717663474493,-0.35312559523291875,0.31424456353855046,-1.8564367107049908,-0.6411397954626568,1.2201785264149783,-0.7577765649707736,1.5129176725745175,0.8616441585571109,0.19036996707803935,0.5455078154988979,1.5584656694098469,-1.3563166816700745,1.3936060919087376,-0.4436409827890365,-0.11300997767037572,0.5874277018873273,-0.09027307029655525,-1.3744772973457,-0.7784051666550629,0.26455655189845023,-0.973814853781567,1.3112666473550076,-1.9633994070111929,-0.6034097994548012,0.2921233564602609,0.5650083448150688,-0.23236097233031136,0.15402558555206894,-2.4388860045575034,0.7142012771980675,-0.585604027421319,-2.043209486637216,-0.39172018340099596,1.3762701920274436,-1.8882320964602788,-0.21927127141668706,-1.381188965600002,1.0035266415053252,-1.2002576415737978,-0.2517830989083436,-0.19942993622801142,0.7975819521182791,-1.059030533607875,-0.9281154742685688,-0.1567121691953688,0.10358205689445948,-0.8765060395876262,0.4113590490979194,0.5795821036397717,-0.1579048219281123,-0.7715354934322133,0.7696285707476059,0.2861852655310569
-0.20183653632501244,-1.056722673908535,0.6996600256353357,0.06939756054856167,0.29065775614235484,2.1391488636138067,0.8179166609089806,-1.907661413649713,0.3868392257890636,-1.1105898470977857,-1.3077161868435998,0.16332794380683513,0.37722312955665926,-1.3563166816700745,1.5112445665459238,-0.8101216645979561,-0.23277672893032159,-0.6174263084973699,-0.3681493313394611,-0.0265216608404739,2.3198136783284427,0.6122450812844227,0.2985051872704654,1.8374589470768166,-1.0784348341463934,1.12183219915927,-0.03796705589079318,-1.2861214149203912,-0.1673474689180953,-1.0833305845088113,0.07186759166703335,1.952285252059455,-1.5516321903263932,0.26805163656189945,0.9514840805523129,0.38637286077927235,-0.5831474680481147,1.6152527603631788,0.6242349376657892,1.4517355806528416,-2.114269890228423,1.0344188517204036,0.02595690104069312,1.0439395289906324,-1.0921300850313675,0.2335083214885657,-0.16804740581916955,-0.43039410774258546,-0.8127619034466042,0.8690784736563537,-0.10440716729938432,-0.8758954651810147,0.3842727552379769,1.602095078672893,-1.6277942306528386,-0.5264570577520339
0.4872152972917332,0.9974984614570713,0.11897763444845257,-0.6127686608445153,0.9849561345542296,-1.0177986079940429,-0.243434231570651,0.04075364700113583,-1.0255858877576804,1.6082331165847306,0.07262585556774082,0.5839895911245572,1.5554659903185895,1.3936060919087376,-0.8101216645979561,1.7547433909188401,-1.177483018459478,-1.0033278762037585,0.7152945991533143,-0.21902065757380051,0.16978904714967213,-0.7758361721721821,0.8942362059327952,0.36336943484555867,1.2567104650358918,-2.4928591466906043,-1.2361406625585851,-1.0241375128451977,0.909005105028572,-1.8162269644174924,0.3879934797424396,-2.405780662534086,-0.5273410967283486,-0.826745694326871,-2.87095119058594,-0.29734772770968776,2.0046462722091256,-1.7238600247731475,0.34852475906553293,-0.9217500029553322,-0.6560396158251132,-1.0906188302296138,-0.4624996343252186,0.9020266095033679,0.22157828869445378,-1.813176416496199,-2.0525320120101433,-0.8374757070136689,-0.8106146604368615,-0.6460465818720205,0.6933887368992672,0.05770242280784911,0.17290299329765296,0.4825891378356609,-0.4946918336171198,-0.09287670467255675
-0.34384768996149334,-0.2580549414129081,-0.5944810625246855,0.5568041282185695,-1.1703943654693112,-0.4585390307269594,-0.3242817678639595,1.26693748994958,0.7495038205681838,-0.8229722151861413,0.8267449414426868,-0.689754982577553,-1.7957655116496498,-0.4436409827890365,-0.23277672893032159,-1.177483018459478,1.325423597163994,1.4172098980902017,-0.4577056765591572,0.23745660146670214,-1.757434938788567,0.34408745124033385,-1.084842399835605,-1.6182756987357134,-0.5021075192945249,1.6908281473953224,1.2419244787704602,1.8914749267074895,-0.780758152786644,2.5368737763419404,-0.42824191893100183,1.0387106021846266,1.5880905716640006,0.6325268885915286,2.1841445771595605,0.029706532223310714,-1.5805801567788755,0.5907876953013276,-0.7735223291651558,-0.08831273764414975,2.1004792780740136,0.3678931078075752,0.4363289749629452,-1.603010069825594,0.52836336747306,1.6311421379443156,2.141851018793751,1.1163942149882031,1.3578911336906818,0.03853977953200405,-0.6164348105412764,0.5428042025034695,-0.4370463675525655,-1.5812648939938385,1.5984313227078493,0.45419757913953396
-0.3020756831691689,6.178506081745848e-4,-0.7829812980429266,0.5527237572103123,-1.2724563933592377,-1.0060733234619967,-0.5379418827174672,1.775559213898762,0.6725979219316297,-0.5635514519994067,1.1759149851604442,-0.7479430558769702,-1.9339332837140546,-0.11300997767037572,-0.6174263084973699,-1.0033278762037585,1.4172098980902017,1.6098920139393151,-0.38004366810773094,0.2517118660910268,-2.3835421319223107,0.19852340050334316,-1.1877289105979107,-2.120149876560839,-0.24401774440992963,1.4510028965143476,1.280375963433419,2.260151391647736,-0.7580015909961813,2.870957177050892,-0.4566106183930858,0.5756821964034886,2.017390357743489,0.5801210330584641,2.000946000638175,-0.06573831731327995,-1.4723773315107467,0.2016550991203131,-0.9510841772086931,-0.4551060074052374,2.6839950583310475,0.11770365844694738,0.4399593942607969,-1.9039236755021112,0.8149664883558868,1.6142094474413835,2.237719270400109,1.2498389757682824,1.5950996327848392,-0.1805465638319545,-0.6072900041764443,0.7752890515805282,-0.5457180760769537,-2.0241755177964635,2.0447204377044197,0.5980203540928923
0.19885244562708995,0.4242377752369017,0.020714818527205314,-0.24201452356334321,0.37755613469694005,-0.4697162773733278,-0.118894828212733,0.07860475258418897,-0.41845434963301603,0.663552090898183,0.06807745286121232,0.22502215995305638,0.5984608443539917,0.5874277018873273,-0.3681493313394611,0.7152945991533143,-0.4577056765591572,-0.38004366810773094,0.29936280681597227,-0.08921883326892834,-0.00598364804577322,-0.32238808130883656,0.34220967158360155,0.08590162209572601,0.528397429081003,-1.0139208869241523,-0.4798830847501711,-0.3599939278340186,0.3614282798764962,-0.6792770383256167,0.1476792459617739,-1.0094526953772005,-0.160634032882205,-0.3321175151054098,-1.1610345834947635,-0.13074418673179158,0.8054043514562262,-0.7283931011953028,0.12043255229479966,-0.4058581376402363,-0.19398655270270745,-0.4616974083304508,-0.18040174019035618,0.3187341603278572,0.12296309949865479,-0.7221968047220219,-0.8020126532046236,-0.3096404822808847,-0.29276010041632594,-0.2766189335413822,0.2799873779330312,0.051634236386712835,0.05930732961211868,0.1445916524508651,-0.13771480084117255,-0.021358898737673528
-0.06419946150736953,-0.05504623086843236,-0.09801824294295709,0.10005951585862458,-0.2072699369554855,-0.06137602654570094,-0.052668929913584066,0.20887469221237207,0.13988669137308854,-0.1556308740711363,0.13763692262719615,-0.1228253742174127,-0.31869022515248513,-0.09027307029655525,-0.0265216608404739,-0.21902065757380051,0.23745660146670214,0.2517118660910268,-0.08921883326892834,0.04477569852059237,-0.29465694734821696,0.06612224709221506,-0.19174228503703183,-0.2744417526587325,-0.1004192124896121,0.313044977072832,0.219923279900649,0.3269108157080518,-0.1409795154610637,0.4458007458590219,-0.07433160659686067,0.20573638466659125,0.2724496484888446,0.11540143898352787,0.4023736382809411,0.009901758297597433,-0.28910352854772814,0.11998416098509797,-0.13487017119393027,-0.004251405210432606,0.35970847596450745,0.07575125140137919,0.07720106815796032,-0.27642495984424653,0.08408835426788466,0.29629403275946087,0.38325895548431677,0.19292674733632822,0.23659604230284448,0.011992916559036067,-0.11414619900261026,0.08882945668751059,-0.077091008415261425,-0.27280975066506336,0.2688672712805988,0.07771792322934608
0.09719192714786423,-1.1658999253841573,1.6017711208244654,-0.5092554105984742,1.6680043576007917,3.4239451286473708,1.4715238728094988,-3.984660610613801,-0.2846580187504572,-0.626831918152794,-2.6867001513432465,0.9721722987915751,2.4649759112855296,-1.3744772973457,2.3198136783284427,0.16978904714967213,-1.757434938788567,-2.3835421319223107,-0.00598364804577322,-0.29465694734821696,5.081352333621622,0.46451957949832806,1.5857353648972405,4.2705276216904196,-0.9302543914321516,-0.30013789428502563,-1.3993367676252126,-3.8123264506097043,0.6183293719033425,-4.235707434621888,0.5625522310196761,1.5431779758111035,-3.846627905796198,-0.31960897975687474,-1.0691861265721008,0.49601225575955515,0.9178466822362068,1.5690184358610224,1.6939614772787033,2.082503298893813,-5.1727669148343525,1.0158239815924788,-0.4377288138154703,3.16752224338033,-2.0674758638706376,-1.4512874793153716,-2.5545222840991872,-1.7996013336254266,-2.5859689455113317,1.1479818438723721,0.5268671083567683,-1.7873574741108487,1.0006548208074566,3.9089071029060705,-3.9611177454647577,-1.2134898934834122
-0.20963649767242534,-0.5768864723707257,0.11534953786367533,0.22339762197427795,-0.26849933585150637,0.8241195343915392,0.26898422287171253,-0.4426503726170538,0.4328245271861842,-0.7965521366043289,-0.32011961952596935,-0.16020645470760753,-0.44090084147472525,-0.7784051666550629,0.6122450812844227,-0.7758361721721821,0.34408745124033385,0.19852340050334316,-0.32238808130883656,0.06612224709221506,0.46451957949832806,0.4017908507002985,-0.2369916126819448,0.2907572046541987,-0.6674805825854028,1.0970348312413818,0.4124109214145311,0.0578631228526645,-0.34638622914612804,0.37006125654394534,-0.11775553466556557,1.252366137769586,-0.17267436532624103,0.3402355838888968,1.1846124470672308,0.18677882946469238,-0.8088024804541015,0.9494735429074671,0.023510590911221967,0.640784343305744,-0.25584834334786266,0.6017258908467402,0.16388961505561428,-0.07243714846452154,-0.319932675831827,0.6653735468627219,0.656895904188011,0.1900386081453028,0.09090487605642744,0.41668383134458115,-0.255943942951214,-0.2163041423874367,0.02988966213293264,0.20115894347060562,-0.19541536208909033,-0.08809203227020816
0.2627131990011156,0.13658702281811844,0.5317438562672064,-0.4456101527192692,0.9682767552179293,0.524828539930883,0.31597550492037085,-1.1588194676020336,-0.577456306390885,0.5899104116215202,-0.7591251784847036,0.5679972561848734,1.4763400086549463,0.26455655189845023,0.2985051872704654,0.8942362059327952,-1.084842399835605,-1.1877289105979107,0.34220967158360155,-0.19174228503703183,1.5857353648972405,-0.2369916126819448,0.9019043157754701,1.4388581162245948,0.3290084366081824,-1.2890467967528672,-1.0103548960941116,-1.6209623462419878,0.6214643662824968,-2.1260313237576915,0.3556254953599407,-0.7005658998329085,-1.3901386475824211,-0.4918566412059515,-1.6975869927245937,0.0038955972297653524,1.2346095967003732,-0.36887045036936544,0.6691691502904351,0.1707798459295133,-1.8447466337357008,-0.22421872378239519,-0.35318596997687673,1.3728591882403833,-0.5056835785251257,-1.3019749503826414,-1.743906634233008,-0.9374662552116239,-1.1545325826041315,0.027779098318802754,0.4885295442863327,-0.5009625598626032,0.37833733747924586,1.385892056853124,-1.4125368457213092,-0.4030184142133638
0.14280046264339535,-0.8491919319818942,1.3539463403307708,-0.503029802071011,1.5190726890071387,2.734532863410216,1.2000315413723297,-3.326532244745552,-0.36769907165683247,-0.3216690156124289,-2.2375976273469633,0.8866190052354865,2.2572034196710997,-0.973814853781567,1.8374589470768166,0.36336943484555867,-1.6182756987357134,-2.120149876560839,0.08590162209572601,-0.2744417526587325,4.2705276216904196,0.2907572046541987,1.4388581162245948,3.6170200052951698,-0.6192586069654857,-0.5652921984591806,-1.3256831229288608,-3.316885346811905,0.6316603356446728,-3.770980382456448,0.5190908918404379,0.9866804642194389,-3.2831099410146423,-0.3713709594137787,-1.256429941388598,0.37702845620659353,1.0203333494331464,1.0945818012893873,1.4607586605816278,1.6253552367788981,-4.408425457004975,0.7118023585892205,-0.42417762251405794,2.7621429780889613,-1.7007698839509717,-1.4425397457054108,-2.3949793620953033,-1.609884543977016,-2.2646957647897694,0.8789728528270856,0.528450090598437,-1.4871959333914808,0.858915431122081,3.3299274205714244,-3.37421818303165,-1.026578833391483
0.338584096564293,0.976408222189956,-0.245463496854474,-0.3452954071385146,0.3787759262159848,-1.4606261988024791,-0.48455614438121675,0.8577796319771755,-0.6961881105873104,1.3138694569303329,0.6113230577656943,0.2280805297601618,0.63310922175135,1.3112666473550076,-1.0784348341463934,1.2567104650358918,-0.5021075192945249,-0.24401774440992963,0.528397429081003,-0.1004192124896121,-0.9302543914321516,-0.6674805825854028,0.3290084366081824,-0.6192586069654857,1.1185479437015144,-1.7728673777126969,-0.6191702070509143,0.03787301799214815,0.5407665831109826,-0.45752887617332355,0.16852477357126058,-2.0919425310200994,0.41060077854628,-0.5421779396723678,-1.8918229544245602,-0.32213703060504334,1.2853281875943063,-1.5948645939774164,-0.09499361530720671,-1.1108675233915866,0.591112250614562,-1.0139747112628321,-0.2494196042315061,0.00594050006051835,0.5926027530206365,-1.0337253155126132,-0.9805562092245815,-0.24231339182417383,-0.05984011778688755,-0.7136028426327955,0.4014372517919228,0.4137620702081167,-0.08020832025872902,-0.4561186622862364,0.45888149669245587,0.18350570039666972
-0.6924480648762456,-1.4036017060177524,-0.1887985611645672,0.8761144723458888,-1.4179689350831208,1.4040779006626778,0.3302194957735828,-0.011226295981479716,1.4585831384024492,-2.277504054787143,-0.07263329167132565,-0.8400127605377735,-2.2366727446016683,-1.9633994070111929,1.12183219915927,-2.4928591466906043,1.6908281473953224,1.4510028965143476,-1.0139208869241523,0.313044977072832,-0.30013789428502563,1.0970348312413818,-1.2890467967528672,-0.5652921984591806,-1.7728673777126969,3.543242600660283,1.7726574430758728,1.4986357228821199,-1.2983260854176184,2.62707470365067,-0.5591901304848395,3.3967692073844638,0.792464871043366,1.177548936814551,4.087719689801999,0.4157573046166067,-2.8558626123593385,2.431074145400085,-0.5139802010789574,1.2858949993422109,0.9903122892367693,1.5364174014267642,0.6626492510774041,-1.3189049388462948,-0.2900852091810237,2.5904999540317495,2.9439515768138063,1.2120941424291245,1.1803293890293938,0.9055057720891511,-0.9891288278890406,-0.06101019536276572,-0.25585641064828235,-0.7282162701079746,0.7505100971180073,0.1452772632113604
-0.3548016872317812,-0.38578793959658597,-0.48882474259896447,0.5462248905430125,-1.0922865880059887,-0.17551365597849705,-0.20277194557658587,0.9803224394342969,0.7668517624163249,-0.9390643839004115,0.6274610488993069,-0.641803649955483,-1.6802320057095508,-0.6034097994548012,-0.03796705589079318,-1.2361406625585851,1.2419244787704602,1.280375963433419,-0.4798830847501711,0.219923279900649,-1.3993367676252126,0.4124109214145311,-1.0103548960941116,-1.3256831229288608,-0.6191702070509143,1.7726574430758728,1.199041427886544,1.6613410679171656,-0.776141096219051,2.304961484329971,-0.4095207315853574,1.2443618564408865,1.32721598407261,0.6435693123595065,2.220522874342233,0.07563053241188575,-1.595056766800923,0.7784136926417266,-0.6627810619794823,0.10360961900936165,1.7498193648300169,0.4848274686561352,0.4275814712525639,-1.4168641299268,0.3731597231282745,1.5983265550452497,2.041014511487563,1.0300471151970454,1.204529617319488,0.15346679995356344,-0.6009100097680683,0.41328314808500016,-0.36720421555063715,-1.3095576205084791,1.3429840128203063,0.36817485854986415
-0.3207394418542928,0.34299464399904495,-1.2368194731736153,0.6879121164576293,-1.7280013003932315,-1.9892025313738046,-0.9531851467034214,2.9014335413190118,0.7334319162673245,-0.3662649501258477,1.931985467967854,-1.011999421579541,-2.605224595322257,0.2921233564602609,-1.2861214149203912,-1.0241375128451977,1.8914749267074895,2.260151391647736,-0.3599939278340186,0.3269108157080518,-3.8123264506097043,0.0578631228526645,-1.6209623462419878,-3.316885346811905,0.03787301799214815,1.4986357228821199,1.6613410679171656,3.3208420188742203,-0.919740619520881,4.036845865869316,-0.6122391768744073,0.10126026505467565,3.0899364144318215,0.6587157362417664,2.2549796342721837,-0.21184218963084836,-1.7010751349554645,-0.2665190034628638,-1.4195314710418874,-1.0534530640673498,4.127934291110403,-0.18574119797376368,0.558803816421981,-2.7858230197379754,1.4026637678969545,1.9928821657993592,2.925103177346171,1.7508708663964334,2.3115964691874895,-0.5087194233514492,-0.7403284063096861,1.281306118352201,-0.8210693022065041,-3.111505482403858,3.1596155055013484,0.9368039548273214
0.2572168551660222,0.38570484497585733,0.22903528525126723,-0.36480013534213396,0.675484861809407,-0.1574630610104243,0.028732945964149242,-0.39646226436958903,-0.5500459840305331,0.7527478267593161,-0.24352976416469485,0.39792250815137226,1.047482189122361,0.5650083448150688,-0.1673474689180953,0.909005105028572,-0.780758152786644,-0.7580015909961813,0.3614282798764962,-0.1409795154610637,0.6183293719033425,-0.34638622914612804,0.6214643662824968,0.6316603356446728,0.5407665831109826,-1.2983260854176184,-0.776141096219051,-0.919740619520881,0.5273054025271018,-1.3654563748806636,0.2576813353270001,-1.0599519764653966,-0.668996111553267,-0.45335251703103385,-1.5696791197169269,-0.09877644559205492,1.1138276415534811,-0.7132896572197704,0.35388547433476325,-0.2515902111130459,-0.8733442940739861,-0.4476318956047005,-0.2817517699878897,0.7910428630221733,-0.10442648142988144,-1.0726503804129017,-1.3100484948317197,-0.6158954792428017,-0.6822280040254097,-0.20935047475981755,0.4061080445137553,-0.15796828831753984,0.19147140968554524,0.6517064686356936,-0.6681861896860892,-0.1735588826411339
-0.5445392897466779,-0.01964224245600782,-1.398296442965797,0.9950109763871207,-2.279702719870028,-1.7698763815380993,-0.9474727794727702,3.156023668620935,1.2098566320171582,-1.0369028808439136,2.084582386228107,-1.338783409439225,-3.466335520487135,-0.23236097233031136,-1.0833305845088113,-1.8162269644174924,2.5368737763419404,2.870957177050892,-0.6792770383256167,0.4458007458590219,-4.235707434621888,0.37006125654394534,-2.1260313237576915,-3.770980382456448,-0.45752887617332355,2.62707470365067,2.304961484329971,4.036845865869316,-1.3654563748806636,5.135109493276695,-0.8214867382965884,1.0660913343051224,3.5894630502593765,1.0482408285735685,3.6056043382877094,-0.11314032334374828,-2.6559096768071817,0.39074668268106805,-1.691154533293288,-0.7876520404325507,4.775426895261372,0.2297354293114131,0.793368273289919,-3.402474810414729,1.4451156321440137,2.8990063124083223,4.012782748285133,2.2441701019376703,2.849430219022563,-0.3016344829617389,-1.086213842573331,1.3778227090350221,-0.9677596555670458,-3.5966413828257777,3.6484179217233828,1.061926765220461
0.11217371639409864,0.09211449794359361,0.193302317009613,-0.1827402165619624,0.38181669446486116,0.1419293202278028,0.09758003057388671,-0.4045703777700964,-0.24472068172530828,0.27798980699339176,-0.26138494046964694,0.2232306599383863,0.5830784368304063,0.15402558555206894,0.07186759166703335,0.3879934797424396,-0.42824191893100183,-0.4566106183930858,0.1476792459617739,-0.07433160659686067,0.5625522310196761,-0.11775553466556557,0.3556254953599407,0.5190908918404379,0.16852477357126058,-0.5591901304848395,-0.4095207315853574,-0.6122391768744073,0.2576813353270001,-0.8214867382965884,0.14386099228049865,-0.3471716962821772,-0.507373706084213,-0.20785082226109267,-0.7162585772168991,-0.010495167750840704,0.5174001369640493,-0.20561310575840225,0.24813803364306353,0.018062930283048312,-0.6718977792696001,-0.1250837654156764,-0.14509045305353807,0.5215787283522442,-0.16843412682192366,-0.5327010708403089,-0.6986858810883874,-0.3678422901829944,-0.4384656625829037,-0.020634218475897366,0.19840389479158008,-0.17332006861461136,0.1378194860016341,0.5018434472341975,-0.5194645131616313,-0.14399301175322318
-0.6507733472781922,-1.8100419928309461,0.3958985327559749,0.6819764840301863,-0.7987785202629707,2.6313636276710697,0.8573384273140522,-1.4554946953034829,1.3422351174172518,-2.478204023930142,-1.043648136078362,-0.479764709473595,-1.3205369293828741,-2.4388860045575034,1.952285252059455,-2.405780662534086,1.0387106021846266,0.5756821964034886,-1.0094526953772005,0.20573638466659125,1.5431779758111035,1.252366137769586,-0.7005658998329085,0.9866804642194389,-2.0919425310200994,3.3967692073844638,1.2443618564408865,0.10126026505467565,-1.0599519764653966,1.0660913343051224,-0.3471716962821772,3.92199370380853,-0.6072348201959574,1.0489833684078405,3.659626243997362,0.5922587357107489,-2.494077369883943,2.972544019164825,0.10318874981754543,2.0247177232409888,-0.8913260026718555,1.8886569257941592,0.49559006021567614,-0.15568124537666336,-1.0368215706443422,2.0393073229921024,1.9882493392586529,0.5435750172196248,0.23184662332137088,1.308669623641402,-0.7908475319507559,-0.7083704230858183,0.10682054218323687,0.6909711054484395,-0.69580873386533,-0.29459522856107784
-0.18483415268014464,0.6481924483237067,-1.226520213578227,0.5210642747834704,-1.4733574216807688,-2.3320725591130507,-1.0500728589704018,2.9774097497770122,0.4484736930162081,0.10527414351009272,1.9985944869255592,-0.8628317301827291,-2.2039390202327707,0.7142012771980675,-1.5516321903263932,-0.5273410967283486,1.5880905716640006,2.017390357743489,-0.160634032882205,0.2724496484888446,-3.846627905796198,-0.17267436532624103,-1.3901386475824211,-3.2831099410146423,0.41060077854628,0.792464871043366,1.32721598407261,3.0899364144318215,-0.668996111553267,3.5894630502593765,-0.507373706084213,-0.6072348201959574,3.0068592580829927,0.42842756569709645,1.4571566406827408,-0.3037513586714566,-1.1455983325894894,-0.7857988336195835,-1.3499111105177095,-1.3527265747460242,4.0292146577546415,-0.5126969211081432,0.43176300574079307,-2.5778709359891447,1.4978818335150261,1.5014485000696252,2.3830653620799374,1.536277733200945,2.122905938663302,-0.7149520800979927,-0.5550223655085937,1.326033297051196,-0.791128085359633,-3.0446463562602952,3.0775741761518467,0.9317331858988843
-0.23186589755811957,-0.4101745729508204,-0.13224708420403158,0.3102365395453132,-0.5383510329914113,0.3125948692792204,0.04408213505821923,0.17039198236965947,0.4914460653688225,-0.7212656147456439,0.09319407053237841,-0.3185808770253773,-0.8431852618521234,-0.585604027421319,0.26805163656189945,-0.826745694326871,0.6325268885915286,0.5801210330584641,-0.3321175151054098,0.11540143898352787,-0.31960897975687474,0.3402355838888968,-0.4918566412059515,-0.3713709594137787,-0.5421779396723678,1.177548936814551,0.6435693123595065,0.6587157362417664,-0.45335251703103385,1.0482408285735685,-0.20785082226109267,1.0489833684078405,0.42842756569709645,0.40132784229679147,1.3897760401904329,0.11480280146108779,-0.9791186573386675,0.7295675384029684,-0.24218798656970247,0.3316832529239539,0.5508826871589881,0.4606515909902487,0.23675614178614726,-0.5713244692804588,-0.005355023307075873,0.9142071533932009,1.078678956518242,0.4768866764632309,0.5006594333744583,0.24800915792253214,-0.347772844368425,0.05796653142878379,-0.1274666362458399,-0.40985983567394507,0.4190040926438536,0.10061573888353935
-0.8054203286152124,-1.4346022310605349,-0.4419333212916267,1.072554980536997,-1.856935895833096,1.1158053615360615,0.16406161718724474,0.5556690928945068,1.7082612710235665,-2.50811216108177,0.3026392498933087,-1.0988856308842863,-2.9065116134868085,-2.043209486637216,0.9514840805523129,-2.87095119058594,2.1841445771595605,2.000946000638175,-1.1610345834947635,0.4023736382809411,-1.0691861265721008,1.1846124470672308,-1.6975869927245937,-1.256429941388598,-1.8918229544245602,4.087719689801999,2.220522874342233,2.2549796342721837,-1.5696791197169269,3.6056043382877094,-0.7162585772168991,3.659626243997362,1.4571566406827408,1.3897760401904329,4.822202193205105,0.4049175890838983,-3.3923610091416596,2.549934256188875,-0.8308876723718124,1.168391967227606,1.872776815681922,1.6093946419759684,0.8173635540236571,-1.9563963575369618,-0.03681405718837846,3.1667522341185657,3.7270184095819725,1.636767793090369,1.7176113844337637,0.8665220806013213,-1.2077802848538843,0.18509843346140387,-0.43775679309484294,-1.3950930390692469,1.4188345713431545,0.34059971859028826
-0.077569197622580785,-0.29946092671463104,0.14588011000393336,0.056879761536878515,-0.0038642853879092176,0.5380605915707212,0.1953986080633301,-0.4210206587793757,0.15531638452642804,-0.35244055373003774,-0.29105111440454157,-0.004138478052399139,-0.023168376774047962,-0.39172018340099596,0.38637286077927235,-0.29734772770968776,0.029706532223310714,-0.06573831731327995,-0.13074418673179158,0.009901758297597433,0.49601225575955515,0.18677882946469238,0.0038955972297653524,0.37702845620659353,-0.32213703060504334,0.4157573046166067,0.07563053241188575,-0.21184218963084836,-0.09877644559205492,-0.11314032334374828,-0.010495167750840704,0.5922587357107489,-0.3037513586714566,0.11480280146108779,0.4049175890838983,0.10533877409109055,-0.2644889829353216,0.4716625294050543,0.11223969702774367,0.3804937305524619,-0.4177524656077851,0.30109856416921577,0.03702949446178938,0.1673698272803145,-0.2543586140643384,0.1755464264108042,0.10346399459754758,-0.037913240109424595,-0.12243849489061806,0.2334816864356246,-0.07095750681410797,-0.19590328912826138,0.0716999131925656,0.31719811827570565,-0.3231970436413095,-0.10868717558369707
