V1,V2,V3,V4,V5,V6,V7,V8,V9,V10,V11,V12,V13,V14,V15,V16,V17,V18,V19,V20,V21,V22,V23,V24,V25,V26,V27,V28,V29,V30,V31,V32,V33,V34,V35,V36,V37,V38,V39,V40,V41,V42,V43,V44,V45,V46,V47,V48,V49,V50,V51,V52,V53,V54,V55,V56
0.23511836007921402,0.18535185945556398,-0.16885136460386627,-0.14904180008494716,0.24916038851014488,-0.5211271665976519,0.16402602608316114,0.08945109937115471,-0.4988752881386789,0.2796357919079974,-0.10670360900922529,0.2611597617139191,0.5547981590210445,0.27052330064563274,-0.46887636380156644,0.5899632621349086,-0.5883862675573397,-0.5912569223895534,0.5518013729937997,-0.29829382080092165,0.041125089843651506,-0.1079516267401607,0.16318532798461022,0.13468894984263097,0.4492003560944964,-0.7189119656827648,-0.08652382108963406,-0.22957906318530585,0.17674487986974216,-0.6342232234874606,-0.12476292316858711,-0.9155165295037019,-0.39813779232645663,-0.2442135311648393,-1.0766937783108663,-0.17974621967657686,0.6904694236216123,-0.36655756022028196,0.24791551383552948,-0.10039634507553784,-0.43348474366019824,-0.37413552752564244,0.015302999355630328,0.07877290766225155,0.17527113215875081,-0.6842218762454015,-0.6854086884448641,0.11382257201034512,-0.28019550605232435,0.056807866030612254,0.47473282728765864,0.0773430669986016,0.2671639424004028,0.5819345237508008,0.23137379506260664,-0.1373319022503536
0.18535185945556398,1.108486850323768,0.608642552518935,-0.5962682449689376,0.9376767329887892,-0.30154933209622103,-0.7860514973487559,-0.16719564543276783,-0.3817686572267706,1.836346292636089,0.37016605433768146,0.2753937547592999,1.080134808244955,1.5173629668153366,-0.10648524184086189,1.3002788657955922,-0.4011901212050342,-0.12594725175872684,-0.23613747527649556,0.3914780551624189,0.1807818223475644,-0.9525727759215883,1.0105914546372865,0.25133692600425867,0.8618427004163285,-2.144142246080209,-1.7323114120639787,-1.0527417045437024,0.9944926921621077,-1.2980293434876156,0.9227101861056773,-1.5155167294038476,0.1428669824937706,-0.6962508778879287,-1.8573922812105066,-0.02164573527105318,1.4444280106728264,-1.8056536580011924,-0.057623716023961914,-1.1970365752794145,0.024639971440343335,-0.7870357457963038,-0.7664482381151314,1.2342854084837176,-0.09049700554895207,-1.164764488617301,-1.5425364539076687,-1.6031814059589105,-0.5873589861958366,-1.1525162245603935,-0.08097334475573713,-0.10450735459345256,-0.38527949098636377,-0.6682952190147403,-1.361424088775763,0.1902134182105396
-0.16885136460386627,0.608642552518935,0.8464384335444791,-0.3230208587870172,0.5209077287632846,0.653128242004037,-0.8134994695629683,-0.48621456954683234,0.37340800121208406,1.1280557984193902,0.3233564116160531,-0.0816811234045541,0.2743600895579474,0.8342072317971768,0.6845746586338423,0.2766621430976601,0.3943680529741634,0.6162971001652283,-0.9973928678610658,0.7442482764024714,0.351286332049693,-0.6281775331005272,0.6892093130821105,0.23506466334635243,0.04665168716353218,-0.8142819747168761,-1.4163198192282915,-0.7671693165243467,0.6178481404335555,-0.4294957792976202,0.977866266456956,0.09461572481056531,0.47290775268668217,-0.2694562087567393,-0.10177668596235402,0.2667823746711872,0.3053484266687416,-0.9072100763077227,-0.32149809135904556,-0.7587910686744681,0.36169828719131353,-0.08347907045153284,-0.6909611987600538,1.0963131177962038,-0.4299063689068979,-0.08628130607774738,-0.468098498795479,-1.6141945086429395,-0.23692051788783589,-1.005110082783526,-0.7172516899686444,-0.29383135785575526,-0.6559617860229019,-1.1782148045356025,-1.6807407412275335,0.2917087305460602
-0.14904180008494716,-0.5962682449689376,-0.3230208587870172,0.3573711145920993,-0.5795570163300863,0.19738804870572235,0.34690538962183176,0.15753726760223327,0.30834125865940926,-1.0143427825357194,-0.11645314223895825,-0.22120552670391228,-0.7425016004562955,-0.8298523872859144,0.1079400372479525,-0.8131280315066789,0.3730372456192311,0.23445075893126516,0.01700571398502105,-0.14083735297258082,-0.20819694912685338,0.5147299905608255,-0.5937665577729276,-0.24742205777206863,-0.5292101981898437,1.2869950015537956,0.9624929274756231,0.6847656565720414,-0.5725757493569437,0.9089677561977508,-0.4693060745481583,0.9563652273863386,0.09082165403150752,0.42795675141626327,1.224295806470097,0.0367786138962349,-0.9299709833808154,0.9870795755086377,-0.052439055693910185,0.6067951855802345,0.18642954375928839,0.47131902057641856,0.409847071587235,-0.7333816968064475,0.054522680536438314,0.7844534078226199,1.0087182840583806,0.8615196351859594,0.42392106954784814,0.5753176105998152,-0.06491651431393242,0.07821023238583098,0.1283571293800345,0.14788139711484444,0.7526419709949369,-0.04620237311405184
0.24916038851014488,0.9376767329887892,0.5209077287632846,-0.5795570163300863,0.9620844064209418,-0.28042467588133446,-0.5191265353092224,-0.302168690196388,-0.5239287497785585,1.6066562756434806,0.1343794624850657,0.37753966975090536,1.234026972836352,1.301130340497436,-0.152880285600019,1.3198321148018413,-0.6471891079430736,-0.45020012043919383,0.015398586808641578,0.19651135055802657,0.420296345534172,-0.8123055460027813,0.9852193003526895,0.4752008875814002,0.8457076485282902,-2.0783758290611876,-1.5489236227019876,-1.1561244325314137,0.9289732252342405,-1.5370262076025336,0.749233603067991,-1.5388496163667071,-0.2218321098798277,-0.6892353744381065,-2.014814616244745,-0.06359831396305259,1.515959058210174,-1.5679989334199058,0.1315293021861051,-0.932485335739819,-0.4021576924980021,-0.7496269093111794,-0.6553883390294455,1.2162201142131526,-0.11176379366869307,-1.3069793956652571,-1.6750197796306041,-1.3824350547310227,-0.7274909422073942,-0.8806982498176374,0.14127837749242092,-0.14670834894265325,-0.16842199462880583,-0.1410812516086286,-1.244462594899971,0.04539869685412802
-0.5211271665976519,-0.30154933209622103,0.653128242004037,0.19738804870572235,-0.28042467588133446,1.4506624015459022,-0.45141355736056854,-0.5468368978848621,1.1010521048515987,-0.33793278717962116,0.13390056364459016,-0.5000878625237248,-0.930430877123141,-0.43973619955120424,1.283532778759052,-1.1398463021697613,1.2051233914026478,1.2191662032299462,-1.3776268316397096,0.7783690886160851,0.319040625160772,0.09573924750225678,-0.061206594767399085,0.047426839701479775,-0.9740041481576996,1.2639350632992568,-0.2560933786988043,0.05025278549613262,-0.17219008675629296,0.9444689950408687,0.5376286110088674,2.007091169035314,0.7025090913114934,0.4210265135060059,2.1284061931491505,0.46594041559611615,-1.2985018413874712,0.6197542729536948,-0.4813614443321462,0.14654961472799402,0.6640753180821616,0.8141419617278131,-0.22964557999300478,0.30521846662717955,-0.5959447651931844,1.2979774397724717,1.1390976643233186,-0.7430722310490947,0.36166595879431584,-0.29093130106005094,-1.121836387658767,-0.3409631362624158,-0.6495360404422378,-1.2512163360874902,-1.138299069137449,0.28046686455321757
0.16402602608316114,-0.7860514973487559,-0.8134994695629683,0.34690538962183176,-0.5191265353092224,-0.45141355736056854,0.9867998563896994,0.27072781252648925,-0.3599253284711711,-1.3368438068029453,-0.5155722234089093,0.12006477631161507,-0.2120222202913087,-1.0506559116176724,-0.5654960450560476,-0.3774500976295369,-0.47674608103373944,-0.7441026785580308,1.020125764302699,-0.8025812175972887,-0.08896720628172801,0.7475911377318375,-0.7129851484638805,-0.02385231516453786,-0.17044051136044502,0.9898671472153189,1.506631862795025,0.647652576846102,-0.6822560151602914,0.29393418061592635,-1.050688786204519,0.11886337032892165,-0.7240657221458439,0.3054945202803611,0.19903817319289524,-0.23761162625415633,-0.36541397208438964,1.186249003327978,0.41967626232943056,0.9969765170804697,-0.6705270723960172,0.20882797988299015,0.7449410405807276,-1.040781260815155,0.3290515184082195,0.10756224516626571,0.46007375078533547,1.6731472666733218,0.13896298691639264,1.1781847716875369,0.7641870247948422,0.20247164866740133,0.7546755170351028,1.4877186897402706,1.6038814286425933,-0.38346494967997374
0.08945109937115471,-0.16719564543276783,-0.48621456954683234,0.15753726760223327,-0.302168690196388,-0.5468368978848621,0.27072781252648925,0.47447343371697726,-0.1952340810683835,-0.41903953809635985,0.020122303583800162,-0.0016699807932510906,-0.22501711455621876,-0.24738411502063287,-0.48440687540204036,-0.07189439337824094,-0.11491181751727954,-0.17878157907287026,0.4921965121049062,-0.33429806439715004,-0.46490760537478,0.22987387284478536,-0.3732231841698371,-0.3538389247697968,0.0828597808983272,0.2981166804445406,0.6901487703197836,0.5495105062109759,-0.28516963704254,0.3924999534305873,-0.46533055934731,-0.23045870358271414,0.0032815305188566147,0.11550283994894558,0.0023245424613816384,-0.16607274683406006,-0.12576151069794586,0.24587045043703676,0.060668599495396956,0.183402994640205,0.1285717510685035,-0.06580477387373276,0.32597163578803157,-0.6634492077454939,0.3325169930253623,0.057512606095194416,0.2936361681725701,0.8214752372806514,0.23847118283564941,0.36964555868421195,0.32503120540489266,0.2485462719818055,0.24769482721590474,0.3161950855581082,0.9954099115864463,-0.06256334159887787
-0.4988752881386789,-0.3817686572267706,0.37340800121208406,0.30834125865940926,-0.5239287497785585,1.1010521048515987,-0.3599253284711711,-0.1952340810683835,1.0643886162682006,-0.5677921485482696,0.23649878204234856,-0.5528882397656611,-1.162807829846391,-0.5505042566927578,0.9921888314701057,-1.2397958388929053,1.2495874090383166,1.2715085386719496,-1.193109268578302,0.6475247286216541,-0.09584005995392153,0.21634236122953412,-0.3458690893161849,-0.29441843726750533,-0.9447254910076557,1.5036336116228028,0.15950875955032323,0.4773959756343827,-0.36660266468006875,1.3359085440553276,0.27462198038795554,1.9326987833521543,0.8523097754155428,0.5064780465417362,2.276085995493615,0.38587683347845547,-1.4470408245889845,0.7669748210402542,-0.5391357438654243,0.19635256375338456,0.9316266826566512,0.7866576093308645,-0.04269175039712361,-0.1546072546981044,-0.3724465632013739,1.4504807314117003,1.4455232414208192,-0.26732110283019656,0.5914380687617888,-0.14553894547797136,-1.0193030364352569,-0.166746385688002,-0.5804598853146195,-1.2550500792101273,-0.5080251432468322,0.29765681794944565
0.2796357919079974,1.836346292636089,1.1280557984193902,-1.0143427825357194,1.6066562756434806,-0.33793278717962116,-1.3368438068029453,-0.41903953809635985,-0.5677921485482696,3.092991697613396,0.58429100511575,0.4549392195613262,1.8358169052825775,2.528574727417702,-0.04346301363372603,2.1355595132133014,-0.6348739902523807,-0.16190981510121824,-0.5222387242442653,0.7257221155086228,0.4321109159638477,-1.605525121248392,1.7357230947417879,0.5138152993459097,1.3771700776453841,-3.5657284175602117,-3.002703538612297,-1.8732221290198323,1.6904879069188488,-2.236810104872206,1.6173393986824298,-2.397024823615657,0.2087215693914817,-1.1690956307260945,-3.023773583161686,0.012707618608416451,2.393986385992931,-2.9789173407174054,-0.10865110752290641,-1.981870787034291,-0.01778641488476321,-1.2582261285464684,-1.3315833518994251,2.1913912706329546,-0.24135021658836628,-1.9112308609669022,-2.5946079931557713,-2.829456961499236,-1.0303508282544094,-1.9701965906246817,-0.2163837448585574,-0.2444164981796591,-0.6886633583628151,-1.1473712920419747,-2.486479007661109,0.31976260324006023
-0.10670360900922529,0.37016605433768146,0.3233564116160531,-0.11645314223895825,0.1343794624850657,0.13390056364459016,-0.5155722234089093,0.020122303583800162,0.23649878204234856,0.58429100511575,0.34723677603093206,-0.12384936955972126,-0.06890094663001385,0.4882251578607502,0.22000269912034204,0.08739044656036085,0.35408186798586866,0.5021013014687626,-0.5284165228794917,0.4081420462298859,-0.16345663357568554,-0.3368084341917344,0.2317454093017621,-0.1730576717398544,0.0555835982674765,-0.3377673821526663,-0.6072993014268091,-0.11290751713034404,0.25683219722728307,0.11136528168262665,0.4598879309458196,0.004222353254675904,0.5216357669263931,-0.09423523183679938,0.09096936360771699,0.1100183784298778,0.042954697538133524,-0.5369919896354641,-0.2866537075042348,-0.5105679826926006,0.5540012123122082,-0.08471372258908855,-0.31668215903717156,0.33021287620833367,-0.08897325914945556,0.0966234850279359,-0.017639062014619896,-0.6910047345854387,0.07232579330484325,-0.5779708339288298,-0.42236152789147535,-0.031969968041703566,-0.4097113988696863,-0.8876443176278194,-0.5904572254968525,0.23511598795603422
0.2611597617139191,0.2753937547592999,-0.0816811234045541,-0.22120552670391228,0.37753966975090536,-0.5000878625237248,0.12006477631161507,-0.0016699807932510906,-0.5528882397656611,0.4549392195613262,-0.12384936955972126,0.3135429255880298,0.7234883666872066,0.40075333885621606,-0.44868913895932844,0.7354933376850731,-0.6764542513300617,-0.6611302912049887,0.5392024809150714,-0.2717638911849064,0.15434155791048965,-0.19496319644868382,0.29307031254862437,0.24163404724537846,0.5274443808957535,-0.9524782054745525,-0.2849391615687397,-0.41077659333928834,0.2892570428503318,-0.8582842434920214,-0.028389675603577635,-1.0571379272124946,-0.46805306776422506,-0.32597068154725584,-1.3047690965716683,-0.1761666536734055,0.8684901661334635,-0.5191893289486894,0.27848793958486573,-0.1801497421485694,-0.5396973312626485,-0.4412369832187165,-0.06734434136716441,0.2610006874354715,0.13203814503950004,-0.8413541115328297,-0.901281333142941,-0.07488910223551631,-0.3938410445911927,-0.03457006721271946,0.48760209173166624,0.03473336088231847,0.2541669851775037,0.6055219237010504,0.029711553003809583,-0.14502456027125862
0.5547981590210445,1.080134808244955,0.2743600895579474,-0.7425016004562955,1.234026972836352,-0.930430877123141,-0.2120222202913087,-0.22501711455621876,-1.162807829846391,1.8358169052825775,-0.06890094663001385,0.7234883666872066,1.9445407523780605,1.5371501829187397,-0.7623828072319664,2.017235981238252,-1.4363129280751785,-1.2505403153482912,0.7572901443486897,-0.23154012401755072,0.5071151419788472,-0.8769025713099597,1.1219470579139257,0.6720331975566936,1.3746877265495634,-2.8840534649281016,-1.544805015166242,-1.4277071600827596,1.088878652138732,-2.345451297930033,0.5045307033590835,-2.635019411998186,-0.8250782889784403,-0.9783786655095902,-3.328976106743079,-0.2924797370120891,2.3574613003841303,-1.8789703426331483,0.47634078031592897,-0.9469701857425726,-1.0483861929125649,-1.1806734375307528,-0.57712393377736,1.2583871495270176,0.11179807278752206,-2.1451169739097073,-2.505210918095793,-1.1266175334935717,-1.0890123258526954,-0.7127500744274027,0.7875100334665174,-0.05721690255231061,0.22763505763365957,0.7466626722418125,-0.8632664223772628,-0.16819602034745496
0.27052330064563274,1.5173629668153366,0.8342072317971768,-0.8298523872859144,1.301130340497436,-0.43973619955120424,-1.0506559116176724,-0.24738411502063287,-0.5505042566927578,2.528574727417702,0.4882251578607502,0.40075333885621606,1.5371501829187397,2.093094700253138,-0.176562856402979,1.8215425788760773,-0.6007954519172838,-0.20929881453402452,-0.30215761196854984,0.5196089952398242,0.2632838442521062,-1.3064091452163022,1.3826156151241773,0.36230837395927445,1.2077885828159718,-2.981797258915691,-2.383201665132823,-1.473581485495928,1.3701841485636965,-1.8429051831590912,1.2462211960674872,-2.126604006637114,0.14837016804771488,-0.9773509901553462,-2.6124554129460704,-0.03664504827852253,2.038838523284816,-2.4657482171909875,-0.06603499770034603,-1.630594254067492,-0.016686477148401085,-1.0973805552729474,-1.0474838561386401,1.7024504816508528,-0.11919753149786537,-1.6384724937480462,-2.161927676112149,-2.1945416081535316,-0.8365067711802272,-1.5749278586326558,-0.08123364627419202,-0.14843636149958095,-0.5085505734109922,-0.8557025167149829,-1.8587698177081229,0.24564490117322998
-0.46887636380156644,-0.10648524184086189,0.6845746586338423,0.1079400372479525,-0.152880285600019,1.283532778759052,-0.5654960450560476,-0.48440687540204036,0.9921888314701057,-0.04346301363372603,0.22000269912034204,-0.44868913895932844,-0.7623828072319664,-0.176562856402979,1.1698677101934571,-0.8946400628071585,1.1110746713106465,1.171165581210726,-1.3393113508560694,0.7992921511906024,0.25632589733990857,-0.05524899192821084,0.0687468495930832,0.020686637319545637,-0.7853386277453718,0.8904958787123589,-0.47506417029937054,-0.05025891227558438,-0.026666151496657672,0.7692408282127204,0.6380666113006054,1.660610311952355,0.743502897573172,0.3033898160636266,1.7631390078261162,0.43147314707590007,-1.0364968640413108,0.29849401990962,-0.4881955443534222,-0.066672304600024,0.7086668402931248,0.6428664781562681,-0.32364000015025357,0.4244912207595958,-0.5487534274234926,1.0817551421484624,0.8919056938346377,-0.9127249726782044,0.29563259001208436,-0.46012017914833975,-1.083294338682837,-0.31231022413990756,-0.6866229662910777,-1.3417492932649533,-1.2217714202144994,0.3115553314794682
0.5899632621349086,1.3002788657955922,0.2766621430976601,-0.8131280315066789,1.3198321148018413,-1.1398463021697613,-0.3774500976295369,-0.07189439337824094,-1.2397958388929053,2.1355595132133014,0.08739044656036085,0.7354933376850731,2.017235981238252,1.8215425788760773,-0.8946400628071585,2.22973148543824,-1.4524477610937432,-1.2145621274661844,0.7706949898631652,-0.1879578169007012,0.3339359740071248,-1.0373978364684198,1.2227568153437616,0.5491571537120131,1.5623168746266598,-3.2178459732341844,-1.7388813589330168,-1.433409873019997,1.2198354854146376,-2.390187132758361,0.6096068979597407,-2.9704960489992986,-0.6621864220053394,-1.0716689618449604,-3.615701282338019,-0.3315724216755457,2.559445862812505,-2.234188568542116,0.4215086026299548,-1.209117009972628,-0.8576066923528095,-1.3569622039961986,-0.668029272272469,1.308351325837329,0.1922360535261553,-2.298325325034612,-2.6602316762495803,-1.269944683769597,-1.0839502651493758,-0.9110275378792548,0.787643994500348,0.007557212190761887,0.15236181832836318,0.5227437850957616,-0.8832126716505884,-0.10021912054761677
-0.5883862675573397,-0.4011901212050342,0.3943680529741634,0.3730372456192311,-0.6471891079430736,1.2051233914026478,-0.47674608103373944,-0.11491181751727954,1.2495874090383166,-0.6348739902523807,0.35408186798586866,-0.6764542513300617,-1.4363129280751785,-0.6007954519172838,1.1110746713106465,-1.4524477610937432,1.5180099053410636,1.5466339682027856,-1.3891333383140916,0.7673497536742384,-0.24102220062702143,0.23166074849299492,-0.4240680829501987,-0.45124444566630595,-1.0795904017673685,1.756146444699317,0.21104705574736035,0.6569641868956041,-0.43399528659832504,1.6799112018743758,0.3247555182625395,2.214931175845636,1.1129720083958388,0.6049691604498421,2.6835648772544447,0.43663430163493927,-1.7244838000614402,0.8225242953043113,-0.6700404930346132,0.1594853227143827,1.2358495091946042,0.8898882407993419,-0.046985778142069314,-0.25299105739200617,-0.3842352128220645,1.7272785518887324,1.7509910588911088,-0.2780357201456911,0.7625589993987875,-0.2053525234271451,-1.2088337831587994,-0.1456572940658065,-0.709299477333191,-1.5909112854866447,-0.5065046825424445,0.384657166569256
-0.5912569223895534,-0.12594725175872684,0.6162971001652283,0.23445075893126516,-0.45020012043919383,1.2191662032299462,-0.7441026785580308,-0.17878157907287026,1.2715085386719496,-0.16190981510121824,0.5021013014687626,-0.6611302912049887,-1.2505403153482912,-0.20929881453402452,1.171165581210726,-1.2145621274661844,1.5466339682027856,1.685337316826798,-1.618056979238072,0.9650724205684259,-0.23467878403049033,-0.02044346985946672,-0.20131923255664538,-0.4441330429746047,-0.9301095040914413,1.3077091619964,-0.27048293810381047,0.4207382057213485,-0.19645002061725694,1.4668371883142683,0.6090837024240606,1.9918141555984679,1.2643450543100654,0.4520416097254842,2.417457066023684,0.47701473434581243,-1.458130220921813,0.4083264499348555,-0.7720926378011629,-0.16975962334917782,1.3751900388590013,0.7470848166583507,-0.2704683665901254,0.06784686505139151,-0.44162849836571694,1.5721743044833705,1.4870265652874233,-0.769641160942587,0.6678545167588245,-0.5731767327661721,-1.3589665502605834,-0.19119402505406477,-0.8984112525893462,-1.9442180682862436,-0.9364403725671187,0.4798783789649589
0.5518013729937997,-0.23613747527649556,-0.9973928678610658,0.01700571398502105,0.015398586808641578,-1.3776268316397096,1.020125764302699,0.4921965121049062,-1.193109268578302,-0.5222387242442653,-0.5284165228794917,0.5392024809150714,0.7572901443486897,-0.30215761196854984,-1.3393113508560694,0.7706949898631652,-1.3891333383140916,-1.618056979238072,1.8309482981076644,-1.1731581266190687,-0.1106041867814681,0.37347836051598854,-0.2706092996156316,0.13272925879876643,0.7049039802749142,-0.5272356474832939,1.0582628440144166,0.18984739780933388,-0.21852169372873076,-0.804180740704167,-1.0468374503063476,-1.6162350647467731,-1.1808815538815778,-0.18383463471831263,-1.7846018283676335,-0.5323219057246182,0.9264989184082048,0.18269570370640556,0.7547490150647352,0.5359526762974043,-1.1797260944803152,-0.5443253196610226,0.618283200381263,-0.7456109549809844,0.6261922960674294,-1.1366806325502619,-0.8284831120962272,1.5652777118295218,-0.33081842618505214,1.0090539844307735,1.4564392472851424,0.3501729511185851,1.0576555904713794,2.1150662453429847,1.7686042202493168,-0.5184302744265257
-0.29829382080092165,0.3914780551624189,0.7442482764024714,-0.14083735297258082,0.19651135055802657,0.7783690886160851,-0.8025812175972887,-0.33429806439715004,0.6475247286216541,0.7257221155086228,0.4081420462298859,-0.2717638911849064,-0.23154012401755072,0.5196089952398242,0.7992921511906024,-0.1879578169007012,0.7673497536742384,0.9650724205684259,-1.1731581266190687,0.8060467267768646,0.10524562415762284,-0.440010236948811,0.3912224903096633,-0.028073188435963622,-0.243269698201695,-0.14825854217605117,-1.0295410938495466,-0.34474459222378895,0.3535814154432076,0.21323532691164634,0.8480179202243504,0.6575939344036469,0.7601523618941949,-0.03869052152957075,0.6868010675129224,0.3214153576261891,-0.25489068883532434,-0.5162602971674676,-0.4752061216460414,-0.5957158846625514,0.7339312673444861,0.16020606406851032,-0.548557750756364,0.7283696281572128,-0.4030642402598646,0.44152057635279324,0.16985056654570108,-1.3126848406682956,0.07707317571345408,-0.8732827203062409,-0.9119392605246933,-0.23585891812233933,-0.7346033636581157,-1.4498317691231768,-1.3837426524413972,0.3613731825634466
0.041125089843651506,0.1807818223475644,0.351286332049693,-0.20819694912685338,0.420296345534172,0.319040625160772,-0.08896720628172801,-0.46490760537478,-0.09584005995392153,0.4321109159638477,-0.16345663357568554,0.15434155791048965,0.5071151419788472,0.2632838442521062,0.25632589733990857,0.3339359740071248,-0.24102220062702143,-0.23467878403049033,-0.1106041867814681,0.10524562415762284,0.5782387816201829,-0.21395912828743344,0.4449536730338427,0.5062224882843605,0.10784323100252315,-0.5769024130431425,-0.6304324344536328,-0.6735902170911882,0.3337274868491184,-0.7488925089668474,0.3361746023547954,-0.18987300310153182,-0.3190006449666752,-0.20595978443736435,-0.5445104131459848,0.0596637761121641,0.4393791713110836,-0.32734655857100825,0.14138149325146945,-0.11758954067602354,-0.48984931156909706,-0.08524009384260221,-0.2658482255772585,0.6741095864072597,-0.25681286107188855,-0.4236296491822641,-0.6435624224168016,-0.6524545560233601,-0.40935843701847174,-0.21073437957756255,-0.009184478582949062,-0.22086308676979347,-0.02829539424495674,0.1605203262304396,-0.8213864966827689,-0.059230232638313805
-0.1079516267401607,-0.9525727759215883,-0.6281775331005272,0.5147299905608255,-0.8123055460027813,0.09573924750225678,0.7475911377318375,0.22987387284478536,0.21634236122953412,-1.605525121248392,-0.3368084341917344,-0.19496319644868382,-0.8769025713099597,-1.3064091452163022,-0.05524899192821084,-1.0373978364684198,0.23166074849299492,-0.02044346985946672,0.37347836051598854,-0.440010236948811,-0.21395912828743344,0.8405932072489891,-0.8982830903495131,-0.24305267617343215,-0.6590763664322743,1.7794438429879575,1.5865881767569476,0.9524726689405107,-0.8719409284967555,1.074279677053683,-0.8866280027121549,1.1243994069960164,-0.19032288488308885,0.5803532056841704,1.4259996485714488,-0.03675352923160467,-1.1548637116320217,1.534656303068802,0.1036130757727765,1.046980692566103,-0.07758681678637211,0.6091537124464577,0.7136918924704375,-1.1513603217835204,0.155481383030987,0.8995319130967718,1.2619024797632445,1.528217885944798,0.49554943463850903,1.0644879165193348,0.19932831912564222,0.1398883359848321,0.4165338100663109,0.7241805489000963,1.3617550956667326,-0.19765998864178294
0.16318532798461022,1.0105914546372865,0.6892093130821105,-0.5937665577729276,0.9852193003526895,-0.061206594767399085,-0.7129851484638805,-0.3732231841698371,-0.3458690893161849,1.7357230947417879,0.2317454093017621,0.29307031254862437,1.1219470579139257,1.3826156151241773,0.0687468495930832,1.2227568153437616,-0.4240680829501987,-0.20131923255664538,-0.2706092996156316,0.3912224903096633,0.4449536730338427,-0.8982830903495131,1.0695580050790885,0.4632272620355453,0.7499850110515377,-2.0444996156262576,-1.7580676902842425,-1.205324913399773,0.992204254838114,-1.4252069371450207,0.9510193659648332,-1.31594302804512,-0.018674253017282462,-0.6682753263596987,-1.7737543595030119,0.018895179381717607,1.3853819509248915,-1.6661696936990678,0.017177726449712313,-1.0557482690926794,-0.20480053742545934,-0.6813592236470911,-0.775360531603649,1.3679471039399818,-0.21456803475641556,-1.1556604787848588,-1.5799510428371595,-1.6710242275925584,-0.6808928278716633,-1.0663603125792032,-0.09299177982281531,-0.20055355089878735,-0.34673599736364624,-0.5076579695393286,-1.5640650420617412,0.13574680350145552
0.13468894984263097,0.25133692600425867,0.23506466334635243,-0.24742205777206863,0.4752008875814002,0.047426839701479775,-0.02385231516453786,-0.3538389247697968,-0.29441843726750533,0.5138152993459097,-0.1730576717398544,0.24163404724537846,0.6720331975566936,0.36230837395927445,0.020686637319545637,0.5491571537120131,-0.45124444566630595,-0.4441330429746047,0.13272925879876643,-0.028073188435963622,0.5062224882843605,-0.24305267617343215,0.4632272620355453,0.4863139936346215,0.2931321016594179,-0.8226537448994344,-0.5992926254855337,-0.6797887115225245,0.3736991334773693,-0.9138545848583046,0.2499739466002674,-0.5675928139506168,-0.42556239137334506,-0.28563233334355287,-0.9376818497121723,-0.02572291167488386,0.6803968274774572,-0.4647415362211701,0.22090995489795287,-0.16451650630718997,-0.5874577766746792,-0.2417301470043382,-0.23228370574196863,0.6219236821693318,-0.14517114238366358,-0.6617168079773644,-0.8522919241896023,-0.5314731964912447,-0.4704637137553819,-0.1746333803921114,0.18714681169336114,-0.15483823680834197,0.07935698744004605,0.3590705676998287,-0.6210409461619719,-0.10230655573957925
0.4492003560944964,0.8618427004163285,0.04665168716353218,-0.5292101981898437,0.8457076485282902,-0.9740041481576996,-0.17044051136044502,0.0828597808983272,-0.9447254910076557,1.3771700776453841,0.0555835982674765,0.5274443808957535,1.3746877265495634,1.2077885828159718,-0.7853386277453718,1.5623168746266598,-1.0795904017673685,-0.9301095040914413,0.7049039802749142,-0.243269698201695,0.10784323100252315,-0.6590763664322743,0.7499850110515377,0.2931321016594179,1.133417100379,-2.190131191589973,-1.0168097844654078,-0.8576867643647572,0.7751793476109616,-1.5922639201566253,0.280975744144089,-2.1783741969252604,-0.48928517603354726,-0.7270121490886711,-2.5724296050696007,-0.2868888044264521,1.7851694245668674,-1.4937063827558397,0.3249753645160869,-0.7876309379742473,-0.5924812481399847,-0.9807510598459488,-0.36954414459354595,0.7266761773382248,0.23579243817610115,-1.6196937477458802,-1.805321857027055,-0.642418452306514,-0.7056328631575105,-0.5222757503868696,0.6676728561477316,0.07726470113240834,0.19344737983853358,0.4949622444459972,-0.3196740025709834,-0.09771116987145874
-0.7189119656827648,-2.144142246080209,-0.8142819747168761,1.2869950015537956,-2.0783758290611876,1.2639350632992568,0.9898671472153189,0.2981166804445406,1.5036336116228028,-3.5657284175602117,-0.3377673821526663,-0.9524782054745525,-2.8840534649281016,-2.981797258915691,0.8904958787123589,-3.2178459732341844,1.756146444699317,1.3077091619964,-0.5272356474832939,-0.14825854217605117,-0.5769024130431425,1.7794438429879575,-2.0444996156262576,-0.8226537448994344,-2.190131191589973,4.871880251684744,3.143441431290322,2.3320299317471793,-2.009502438311855,3.4568665240008394,-1.3691513689491672,4.064824471097943,0.593797087625109,1.61431689168499,5.0224339629785115,0.32036889176972233,-3.6703613867473606,3.6083538448491965,-0.3853658027781563,2.113866209398193,0.9049111803519422,1.9303620951597023,1.2906227038832732,-2.3530441447653607,-0.06204093335837607,3.1939942782513917,3.8830089372010703,2.599766336342568,1.5798222686604748,1.8166464104058009,-0.6886017807905134,0.12010815152639841,0.16097859940285944,-0.01679756992850234,2.0729471211839527,-0.039742587661179385
-0.08652382108963406,-1.7323114120639787,-1.4163198192282915,0.9624929274756231,-1.5489236227019876,-0.2560933786988043,1.506631862795025,0.6901487703197836,0.15950875955032323,-3.002703538612297,-0.6072993014268091,-0.2849391615687397,-1.544805015166242,-2.383201665132823,-0.47506417029937054,-1.7388813589330168,0.21104705574736035,-0.27048293810381047,1.0582628440144166,-1.0295410938495466,-0.6304324344536328,1.5865881767569476,-1.7580676902842425,-0.5992926254855337,-1.0168097844654078,3.143441431290322,3.169220811412898,1.9377936831223048,-1.6600057657982739,1.97382491215308,-1.8519048889681868,1.6489187786388033,-0.42899107371699424,1.0321279566491166,2.273387927507934,-0.19630814022507947,-1.954447480206164,2.7606255111225875,0.2727582131229787,1.9255536900717456,-0.16398569348360417,0.953915120941845,1.4457781226085862,-2.383584113717032,0.5014751325046731,1.466408798475635,2.2336145460001333,3.1816231276535683,0.9479107008365197,2.0954143084919554,0.6401697543988909,0.40435908405600707,0.9329242898202552,1.5883158451602588,3.013940426332759,-0.41432102721397934
-0.22957906318530585,-1.0527417045437024,-0.7671693165243467,0.6847656565720414,-1.1561244325314137,0.05025278549613262,0.647652576846102,0.5495105062109759,0.4773959756343827,-1.8732221290198323,-0.11290751713034404,-0.41077659333928834,-1.4277071600827596,-1.473581485495928,-0.05025891227558438,-1.433409873019997,0.6569641868956041,0.4207382057213485,0.18984739780933388,-0.34474459222378895,-0.6735902170911882,0.9524726689405107,-1.205324913399773,-0.6797887115225245,-0.8576867643647572,2.3320299317471793,1.9377936831223048,1.4832377688287888,-1.1060499357968938,1.828991205137947,-0.9869614805487922,1.5279874107424014,0.27101188914355734,0.7847755024931581,2.148827124992559,-0.005670590206123735,-1.6729940041079978,1.7463983524401785,-0.12500254946192232,1.0474327151454417,0.5216213344575208,0.7613509986433024,0.8318726603104921,-1.5868127555514202,0.26991830543648554,1.4210292935906343,1.9189600897136374,1.8184912107497375,0.8911729235401483,1.0800983567501523,-0.020279624450006285,0.2723251155826015,0.2732565249333813,0.2454182625638518,1.757430197676649,-0.06394450579923874
0.17674487986974216,0.9944926921621077,0.6178481404335555,-0.5725757493569437,0.9289732252342405,-0.17219008675629296,-0.6822560151602914,-0.28516963704254,-0.36660266468006875,1.6904879069188488,0.25683219722728307,0.2892570428503318,1.088878652138732,1.3701841485636965,-0.026666151496657672,1.2198354854146376,-0.43399528659832504,-0.19645002061725694,-0.21852169372873076,0.3535814154432076,0.3337274868491184,-0.8719409284967555,0.992204254838114,0.3736991334773693,0.7751793476109616,-2.009502438311855,-1.6600057657982739,-1.1060499357968938,0.9471793225330589,-1.3507939146467443,0.8756112848529434,-1.3655601619939624,0.007009121043694411,-0.6601309665810013,-1.7689336916051177,-0.005257785041462567,1.3800380569133697,-1.629570560294341,0.0017239109823043973,-1.0464069279874628,-0.14714429570771012,-0.7018194415734332,-0.727897110708345,1.2518680644992466,-0.15094712803529217,-1.1350493185749677,-1.5217017895825098,-1.5507978611235087,-0.633716236257574,-1.0354325935748163,-0.056122820978828945,-0.1556366683724885,-0.324902384148547,-0.49258498262575384,-1.3955050345910276,0.13677315893404915
-0.6342232234874606,-1.2980293434876156,-0.4294957792976202,0.9089677561977508,-1.5370262076025336,0.9444689950408687,0.29393418061592635,0.3924999534305873,1.3359085440553276,-2.236810104872206,0.11136528168262665,-0.8582842434920214,-2.345451297930033,-1.8429051831590912,0.7692408282127204,-2.390187132758361,1.6799112018743758,1.4668371883142683,-0.804180740704167,0.21323532691164634,-0.7488925089668474,1.074279677053683,-1.4252069371450207,-0.9138545848583046,-1.5922639201566253,3.4568665240008394,1.97382491215308,1.828991205137947,-1.3507939146467443,2.878411791176511,-0.699171810270924,3.0412651763288734,0.9998425124979649,1.170963426580216,3.931167958543462,0.3105363590449469,-2.802629298227274,2.2590547121817344,-0.5727033749741514,1.132468368293771,1.3093068586377345,1.3667668021710986,0.7513548291555807,-1.6475560107638847,-0.04115449916086044,2.5571649528593094,3.0329776356689133,1.5080795654743444,1.3568792761605566,0.8941091490719184,-0.870251203295719,0.134067516631331,-0.23147544863208264,-0.8481239216256803,1.2617158565035473,0.19756660603032847
-0.12476292316858711,0.9227101861056773,0.977866266456956,-0.4693060745481583,0.749233603067991,0.5376286110088674,-1.050688786204519,-0.46533055934731,0.27462198038795554,1.6173393986824298,0.4598879309458196,-0.028389675603577635,0.5045307033590835,1.2462211960674872,0.6380666113006054,0.6096068979597407,0.3247555182625395,0.6090837024240606,-1.0468374503063476,0.8480179202243504,0.3361746023547954,-0.8866280027121549,0.9510193659648332,0.2499739466002674,0.280975744144089,-1.3691513689491672,-1.8519048889681868,-0.9869614805487922,0.8756112848529434,-0.699171810270924,1.22456830569594,-0.320380570172525,0.5758524023858198,-0.4377750429356563,-0.5714775075815801,0.25148478160046095,0.6541572180152507,-1.4253238682458078,-0.35120235163553465,-1.1074829019733543,0.44569907034189754,-0.30226624520018003,-0.8891762441290506,1.3802713360715784,-0.4283801390321168,-0.37464903751938533,-0.8363203717773425,-2.0105376223224054,-0.3504346956238287,-1.3170504475820546,-0.7452639379854964,-0.2937878735752079,-0.7697918042793934,-1.4195961007287423,-1.9915568093328582,0.3603855731926352
-0.9155165295037019,-1.5155167294038476,0.09461572481056531,0.9563652273863386,-1.5388496163667071,2.007091169035314,0.11886337032892165,-0.23045870358271414,1.9326987833521543,-2.397024823615657,0.004222353254675904,-1.0571379272124946,-2.635019411998186,-2.126604006637114,1.660610311952355,-2.9704960489992986,2.214931175845636,1.9918141555984679,-1.6162350647467731,0.6575939344036469,-0.18987300310153182,1.1243994069960164,-1.31594302804512,-0.5675928139506168,-2.1783741969252604,4.064824471097943,1.6489187786388033,1.5279874107424014,-1.3655601619939624,3.0412651763288734,-0.320380570172525,4.238096987135212,1.1157913000512945,1.3506062112128712,4.991573036086589,0.6156630424489922,-3.4023604430453127,2.6726894590600985,-0.7343392869697148,1.323850931000962,1.305177512572379,1.8733657962167525,0.5569040259200014,-1.1893856234077271,-0.5368267433739494,3.1471868260354845,3.431359631064552,0.8804274815808716,1.3437797255101367,0.7569283585955128,-1.4791580453465403,-0.2004364264769447,-0.5479299437567811,-1.2968512754581392,0.2647743013327703,0.27547265673397847
-0.39813779232645663,0.1428669824937706,0.47290775268668217,0.09082165403150752,-0.2218321098798277,0.7025090913114934,-0.7240657221458439,0.0032815305188566147,0.8523097754155428,0.2087215693914817,0.5216357669263931,-0.46805306776422506,-0.8250782889784403,0.14837016804771488,0.743502897573172,-0.6621864220053394,1.1129720083958388,1.2643450543100654,-1.1808815538815778,0.7601523618941949,-0.3190006449666752,-0.19032288488308885,-0.018674253017282462,-0.42556239137334506,-0.48928517603354726,0.593797087625109,-0.42899107371699424,0.27101188914355734,0.007009121043694411,0.9998425124979649,0.5758524023858198,1.1157913000512945,1.0836314245293568,0.2293249819193728,1.4606644841225864,0.31409737623096823,-0.8498671699275624,-0.08414480213025564,-0.6154545623596293,-0.4002673162932444,1.1842563481876816,0.3662601985742001,-0.3062704706347208,0.1361242997251044,-0.2566529368068073,0.9795550796669256,0.9042874495410238,-0.746428633351141,0.4778620167601547,-0.6342544488467095,-1.001203436857754,-0.08503575014047561,-0.7399350014482231,-1.6550703575921002,-0.7532606643167833,0.42037956674187155
-0.2442135311648393,-0.6962508778879287,-0.2694562087567393,0.42795675141626327,-0.6892353744381065,0.4210265135060059,0.3054945202803611,0.11550283994894558,0.5064780465417362,-1.1690956307260945,-0.09423523183679938,-0.32597068154725584,-0.9783786655095902,-0.9773509901553462,0.3033898160636266,-1.0716689618449604,0.6049691604498421,0.4520416097254842,-0.18383463471831263,-0.03869052152957075,-0.20595978443736435,0.5803532056841704,-0.6682753263596987,-0.28563233334355287,-0.7270121490886711,1.61431689168499,1.0321279566491166,0.7847755024931581,-0.6601309665810013,1.170963426580216,-0.4377750429356563,1.3506062112128712,0.2293249819193728,0.5406362142059619,1.6782023032977043,0.1067877910204378,-1.2314353426973639,1.1697640839724843,-0.13626085707515692,0.6805517959843542,0.3337301354978011,0.6381145542179103,0.42000373425644144,-0.7801971522895366,-0.019483100480682136,1.0678224286662337,1.2992025665944094,0.8500996427273669,0.5368792974081377,0.5886003069617181,-0.2421477359259274,0.04517202242959486,0.03998435207125656,-0.04744683198781038,0.6791779389694461,-0.002361655704506052
-1.0766937783108663,-1.8573922812105066,-0.10177668596235402,1.224295806470097,-2.014814616244745,2.1284061931491505,0.19903817319289524,0.0023245424613816384,2.276085995493615,-3.023773583161686,0.09096936360771699,-1.3047690965716683,-3.328976106743079,-2.6124554129460704,1.7631390078261162,-3.615701282338019,2.6835648772544447,2.417457066023684,-1.7846018283676335,0.6868010675129224,-0.5445104131459848,1.4259996485714488,-1.7737543595030119,-0.9376818497121723,-2.5724296050696007,5.0224339629785115,2.273387927507934,2.148827124992559,-1.7689336916051177,3.931167958543462,-0.5714775075815801,4.991573036086589,1.4606644841225864,1.6782023032977043,6.061730763767493,0.6711111374768162,-4.173590396888008,3.2776479929235114,-0.9194600413972196,1.6046014583166184,1.773168029972641,2.209183570543815,0.8006535089040769,-1.7646354958670372,-0.4703891520659738,3.865398232987692,4.324190837883145,1.4043555455476973,1.7799932967830017,1.0083172889973588,-1.688751232622587,-0.10376062691300379,-0.6049640840266339,-1.5683408231860272,0.7875051560094364,0.34594221359474886
-0.17974621967657686,-0.02164573527105318,0.2667823746711872,0.0367786138962349,-0.06359831396305259,0.46594041559611615,-0.23761162625415633,-0.16607274683406006,0.38587683347845547,0.012707618608416451,0.1100183784298778,-0.1761666536734055,-0.2924797370120891,-0.03664504827852253,0.43147314707590007,-0.3315724216755457,0.43663430163493927,0.47701473434581243,-0.5323219057246182,0.3214153576261891,0.0596637761121641,-0.03675352923160467,0.018895179381717607,-0.02572291167488386,-0.2868888044264521,0.32036889176972233,-0.19630814022507947,-0.005670590206123735,-0.005257785041462567,0.3105363590449469,0.25148478160046095,0.6156630424489922,0.31409737623096823,0.1067877910204378,0.6711111374768162,0.16647115053058117,-0.3856152255082212,0.09122694681069428,-0.2084650672505874,-0.055217514131362555,0.3132175737580699,0.23246561361019155,-0.1314209918597926,0.15643525200593278,-0.19783469617620927,0.42026181340159885,0.3463878555268426,-0.36354888326680984,0.12624680214640946,-0.2072312333960826,-0.42869120985280607,-0.110784110281799,-0.2816627425266425,-0.5561836131315965,-0.46038528293772446,0.13258788448689396
