V1,V2,V3,V4,V5,V6,V7,V8,V9,V10,V11,V12,V13,V14,V15,V16,V17,V18,V19,V20,V21,V22,V23,V24,V25,V26,V27,V28,V29,V30,V31,V32,V33,V34,V35,V36,V37,V38,V39,V40,V41,V42,V43,V44,V45,V46,V47,V48,V49,V50,V51,V52,V53,V54,V55,V56
4797.4652014535695,-35544.93890415056,45302.18395516895,16866.001823977418,390.2623536864618,-25828.56018009173,27874.839207099987,-31133.85425880985,11769.8225227876,-13509.714029802637,-37240.80914143321,-28984.812073386936,-13266.07091916184,2668.9540608415305,31729.59619063032,-11302.41739400237,13519.125387335003,-37817.58172567442,-40765.56208625163,-2991.0342572814225,-32777.35527033919,6123.509190142592,-27175.092271399924,29552.99452997062,-13836.616955195104,25408.72432457176,-20284.606594799552,-8915.092598818386,-469.48662929713925,-13431.352740412809,17320.20259646331,-6414.762892639394,-16540.682763696383,-6652.777437579086,-1790.6563545818608,5518.974260125879,22400.035660639347,-13392.970964655506,27931.824183283985,42414.05013946036,-26268.012816884784,34585.2505612657,5287.24110309306,14504.745594613398,-54716.34324411555,21727.85036143476,-31330.180419272987,-20269.87605417733,30079.75983298266,10367.579328176944,-32592.121729933344,-30903.582094434416,7387.496354958021,-14975.843578949944,-5729.487948930931,22212.62391773398
-35544.93890415056,263365.96878850035,-335665.2373621142,-124967.40015027998,-2892.053055897367,191377.31566534957,-206533.57828100593,230682.77891770107,-87207.19786759434,100093.56590144886,275934.93107031006,214760.21184807477,98291.0222881785,-19774.702399903934,-235100.9263243194,83743.90681597932,-100166.8382041727,280206.62335213873,302046.0345720676,22160.67761960302,242862.42068189432,-45372.323365187964,201354.84245991992,-218971.5769331411,102524.71714528344,-188264.83721731804,150296.67088017278,66054.42301817241,3477.3339048900757,99521.60579082635,-128329.27766875377,47527.274381791,122553.37758850853,49291.84308556331,13269.580374909323,-40888.088186105626,-165967.70239643913,99234.99908015886,-206958.76291107875,-314259.9510465906,194627.5676186996,-256255.4867954889,-39175.53390086126,-107471.65731933963,405412.2429542368,-160988.8666822253,232140.3664694814,150186.58093702787,-222875.67363915514,-76817.72635795975,241486.79846328043,228976.85017232527,-54737.673453706004,110963.6705909021,42450.712787245306,-164583.3576541477
45302.18395516895,-335665.2373621142,427813.8766113432,159273.80390141896,3686.1725019636365,-243915.8241204053,263230.48152228177,-294009.94414615055,111147.37778303173,-127569.11428418731,-351686.17704312876,-273716.5265108059,-125272.88959535495,25203.003590617252,299642.6998541557,-106733.29707188792,127664.01317429436,-357129.7512344266,-384963.11340201914,-28243.789432053763,-309534.13304572116,57828.33183603473,-256632.62169410803,279084.630509164,-130671.51064895456,239948.1580705678,-191556.2685782957,-84187.31467435682,-4431.389320420923,-126843.83319459565,163557.1031743309,-60573.55415788964,-156195.54175004034,-62822.97178640313,-16913.170524708803,52110.94569132401,211528.03860471168,-126477.59838597765,263773.6526191854,400529.84316758084,-248055.8502484313,326602.8760552288,49930.159014559846,136974.99984157068,-516705.24469556677,205183.11285419157,-295868.9212313142,-191415.552813891,284060.9469687446,97905.90709656164,-307779.526704002,-291835.80832754995,69764.65445718128,-141426.2686071253,-54103.75885819105,209765.48273277667
16866.001823977418,-124967.40015027998,159273.80390141896,59297.21180416226,1372.3182281856575,-90809.01391573252,98000.23995424721,-109459.21300067511,41379.906130205265,-47494.084958412626,-130931.67584661054,-101903.98052195707,-46638.993934860795,9383.0671139795,111555.95595115921,-39736.562504869056,47529.1379641146,-132958.44999334993,-143321.00558762066,-10515.179193913697,-115238.65123969744,21529.283899174075,-95543.40477003602,103902.3968851105,-48648.39392933885,89331.99855839416,-71315.93658420052,-31342.814354947255,-1649.8957968529705,-47223.386185536976,60892.14636773692,-22551.563757226762,-58151.4649626877,-23388.936134989533,-6296.58360885406,19401.106729695293,78751.6151349551,-47087.21203444007,98202.22906301632,149116.49158032465,-92350.7926080947,121593.48698541656,18588.856241679598,50995.44138673118,-192368.33380269975,76389.28510540395,-110151.07593783955,-71263.62259995565,105754.98245627266,36450.1148003467,-114585.66287089381,-108649.76796939489,25973.150409940168,-52652.523345960726,-20142.803099739744,78095.08550361419
390.2623536864618,-2892.053055897367,3686.1725019636365,1372.3182281856575,31.77900631772704,-2101.709233060856,2267.8902976187924,-2533.165022018964,957.6376213773494,-1098.9042226767772,-3030.24289050615,-2358.3409101886905,-1079.2362214439,217.1207006617582,2581.870961690965,-919.6017388046375,1099.8739070848176,-3077.065278023061,-3316.732747382336,-243.3008847990754,-2667.0192004627274,498.2815636535615,-2211.299679881103,2404.655662686845,-1126.0208076558404,2067.448900554253,-1650.4399577170552,-725.3100722469792,-38.12574533820882,-1093.0267439806198,1409.0736616369954,-521.8027202121319,-1345.6412291732843,-541.2276191120889,-145.80467823753884,448.806203696093,1822.3861469224564,-1089.7758901041398,2272.697388893203,3450.8385093814345,-2137.129254152369,2813.9819843810806,430.2077046660774,1180.181521158216,-4451.789144248649,1767.7894719395802,-2549.3077026464753,-1649.1869471764019,2447.5779475964023,843.5627237146992,-2651.7661368180106,-2514.443454980416,601.123053212732,-1218.5962399737678,-466.09840624646097,1807.383142924463
-25828.56018009173,191377.31566534957,-243915.8241204053,-90809.01391573252,-2101.709233060856,139067.50485533747,-150078.88276230067,167627.85521076765,-63369.95736095125,72731.98970703017,200512.04837224804,156057.76698741096,71423.18587351836,-14369.243829223042,-170839.89630349286,60853.283392643614,-72786.58520869486,203615.412433335,219483.96401794537,16102.866999533866,176479.18938598837,-32970.56760078874,146317.98013008304,-159118.56136106388,74502.04548275904,-136805.12360558152,109214.58243341505,47998.718006806,2526.3515491581284,72319.67144143498,-93250.62901201448,34535.31502151469,89053.46391063757,35817.94783174428,9643.198756200289,-29710.145428517335,-120600.94203364257,72110.55788230852,-150388.97767452511,-228359.18251320103,141427.10858927146,-186210.49987001473,-28467.398971416333,-78095.4570799377,294595.80906141043,-116983.65146786228,168688.1442065915,109134.22348894144,-161955.92633290385,-55820.45932994239,175478.3756822419,166388.31997142892,-39775.98143487051,80633.52169332097,30846.72860543172,-119596.62156461831
27874.839207099987,-206533.57828100593,263230.48152228177,98000.23995424721,2267.8902976187924,-150078.88276230067,161965.4898779832,-180903.13670339828,68388.52313626069,-78495.01824081056,-216389.6158031639,-168416.45073684055,-77080.9736657334,15507.575306422723,184367.16367586824,-65672.60335644368,78551.8546732013,-219739.83271175146,-236867.0449228971,-17378.75255635633,-190454.09486306435,35581.1566540875,-157903.23601441196,171718.7730822344,-80399.95770804337,147638.36317648267,-117863.7282535591,-51800.53313987668,-2727.175611885665,-78044.95769051586,100637.26133842973,-37271.62482705942,-96107.78185397325,-38655.23154527886,-10405.765236551622,32065.46841104681,130153.59602775025,-77820.59030521737,162298.400661396,246445.35349987584,-152628.7811372186,200957.4469748871,30721.686610134293,84279.99898912002,-317927.6813940262,126248.86617896418,-182045.67074002072,-117777.56166989155,174780.20253539778,60240.971604560116,-189375.87818259935,-179565.29126343832,42925.53682205426,-87018.20304566453,-33290.3880589074,129067.23119199596
-31133.85425880985,230682.77891770107,-294009.94414615055,-109459.21300067511,-2533.165022018964,167627.85521076765,-180903.13670339828,202055.51225085356,-76384.96143779435,87672.0431835569,241692.0380003801,188108.91503581384,86093.25130777451,-17320.688283039482,-205925.46631204523,73351.45547389014,-87736.3007617245,245433.5812650167,264562.69240767637,19410.55903902205,212723.7360534563,-39741.72902613915,176367.20322627813,-191797.69095244777,89801.69235938476,-164901.590332281,131645.16147529442,57857.18163989809,3045.775636297851,87171.25327812969,-112403.81160194954,41629.18735162662,107344.6860459432,43174.7993365277,11622.894566134295,-35813.86784251834,-145371.38333529752,86920.16479913938,-181275.62220660466,-275260.87836431706,170474.62880011374,-224454.6982451231,-34313.936331982855,-94134.65028235294,355101.3515196138,-141010.4474302017,203332.28089802613,131548.71257730343,-195217.32120330035,-67284.80877769411,211518.75605066202,200561.29127142296,-47944.857650390375,97193.344153754515,37182.63680290659,-144158.9271380958
11769.8225227876,-87207.19786759434,111147.37778303173,41379.906130205265,957.6376213773494,-63369.95736095125,68388.52313626069,-76384.96143779435,28876.53142251769,-33143.479872904856,-91369.14232463733,-71112.59845228458,-32546.641590827734,6547.902376876654,77847.96797449297,-27729.746106520102,33167.78144381467,-92783.58838323667,-100015.13861705801,-7337.9548299102735,-80417.97755181491,15023.945089840307,-66673.77746617774,72507.10543726465,-33948.59593170284,62339.316808755786,-49767.06927410007,-21872.29645756512,-1151.419966228195,-32954.18513891529,42493.07118325323,-15737.470500284506,-40580.521600826185,-16321.775662486334,-4393.918284625269,13539.044812895874,54956.114897605854,-32859.25771314758,68529.34545162058,104059.47429900782,-64446.13427161056,84852.73807287675,12972.02362428481,35586.61559172862,-134242.32507515312,53307.51343680191,-76867.63840291493,-49730.6052004959,73799.86366417052,25436.315207552794,-79962.43891461093,-75820.08758600541,18125.05154083378,-36742.9266449662,-14056.501301079948,54497.77022181496
-13509.714029802637,100093.56590144886,-127569.11428418731,-47494.084958412626,-1098.9042226767772,72731.98970703017,-78495.01824081056,87672.0431835569,-33143.479872904856,38043.69467664038,104868.57835054027,81620.32850063173,37357.22039324829,-7515.784797281319,-89349.06049684297,31827.295327864962,-38069.696104625466,106493.01357423737,114794.91103272104,8422.815896242973,92299.76879062927,-17243.50324025118,76523.70790411369,-83220.10455513642,38962.970884113434,-71549.99176255034,57120.84829375137,25104.780048586592,1322.241161913694,37821.80822354485,-48773.59237624971,18064.098203098692,46578.506042069486,18734.195111156452,5042.166330257586,-15541.857649853795,-63078.26053141771,37714.0404138677,-78655.06751143333,-119437.0585235378,73970.29934574205,-97391.07977327949,-14888.674816465496,-40844.89472934812,154079.98672962672,-61185.17322146108,88224.47747692096,57079.5012584213,-84703.30660118152,-29194.761968810202,91778.60272224486,87023.5684304424,-20802.857796209177,42171.28585188142,16134.255464873288,-62549.91170253851
-37240.80914143321,275934.93107031006,-351686.17704312876,-130931.67584661054,-3030.24289050615,200512.04837224804,-216389.6158031639,241692.0380003801,-91369.14232463733,104868.57835054027,289105.08991568093,225009.76552885454,102981.01925069782,-20718.21491813742,-246322.55960748723,87740.52740803789,-104946.6709035731,293579.95977478527,316460.40982229117,23217.89490194527,254453.81139690257,-47538.028884724205,210965.95463426685,-229422.67036552646,107419.12035893714,-197250.37292989052,157469.59240523336,69206.4935634636,3642.8121314329655,104272.55495392309,-134452.6999691589,49794.68012259787,128401.09617842594,51643.84614934248,13903.58231178221,-42837.91516984559,-173887.3966957409,103971.43963913832,-216836.19912315081,-329257.09321375133,203915.24074503264,-268485.1861153969,-41045.29202239404,-112600.8493310759,424759.5381071374,-168671.56281397858,243220.2841596258,157353.89493795123,-233513.4957734366,-80483.94557361802,253011.35851814802,239904.78666509426,-57350.3296699244,116260.06578755502,44476.17990285524,-172438.5776270372
-28984.812073386936,214760.21184807477,-273716.5265108059,-101903.98052195707,-2358.3409101886905,156057.76698741096,-168416.45073684055,188108.91503581384,-71112.59845228458,81620.32850063173,225009.76552885454,175124.98986282412,80150.655422851,-16125.119374368192,-191711.96892282757,68288.47030577087,-81680.34059984016,228492.95542595375,246301.52878276145,18070.716058785747,198040.90338954062,-36998.65896413476,164193.9232530798,-178559.2326343122,83603.4642655494,-153519.5847554552,122558.54857992652,53863.620250764994,2835.4769323286523,81154.56866692031,-104645.14620158705,38755.674036883924,99935.21237639031,40194.65739311066,10820.743277483882,-33341.64466034675,-135337.1763815621,80920.69211375395,-168763.38471708403,-256261.267699494,158707.73381832123,-208962.02750300086,-31945.48222240141,-87637.1590852543,330590.8560292082,-131277.33616532822,189297.71368433497,122468.70622859075,-181742.8860970292,-62640.58662317065,196918.92624818705,186717.84379532,-44635.577105952754,90484.80951687641,34616.088938934336,-134208.63675700733
-13266.07091916184,98291.0222881785,-125272.88959535495,-46638.993934860795,-1079.2362214439,71423.18587351836,-77080.9736657334,86093.25130777451,-32546.641590827734,37357.22039324829,102981.01925069782,80150.655422851,36683.83757454067,-7380.276029265654,-87741.16621323235,31254.13031885982,-37383.70910488781,104575.70534396,112727.2076230459,8270.854159189641,90638.26375799128,-16933.21917301099,75146.77132282496,-81722.02265363958,38262.371919154255,-70262.000331345,56092.26547471354,24652.438732852188,1298.086371405257,37141.664243796964,-47894.52295033481,17738.21083296264,45738.928896932994,18396.517852315446,4951.884064385478,-15260.866549503246,-61941.58692745588,37035.23753110799,-77238.9400038075,-117285.65987296753,72637.62439890955,-95637.26185705146,-14620.64637803103,-40109.4659157458,151304.69745778153,-60083.03433671545,86636.52856188451,56051.40775988543,-83178.80916120727,-28669.11050166491,90125.63112979622,85456.52088162911,-20428.471690812992,41412.367166827855,15843.365041302744,-61423.90282497778
2668.9540608415305,-19774.702399903934,25203.003590617252,9383.0671139795,217.1207006617582,-14369.243829223042,15507.575306422723,-17320.688283039482,6547.902376876654,-7515.784797281319,-20718.21491813742,-16125.119374368192,-7380.276029265654,1484.8100528534346,17652.173077880863,-6287.869566240943,7521.069258180742,-21039.065374983777,-22679.068874089295,-1663.9867705999843,-18235.048427448834,3406.702123965312,-15118.3671972111,16441.23651875525,-7697.774295362766,14135.652592588716,-11284.931724388487,-4959.717881716559,-261.17185393851594,-7472.308935623089,9635.704787569633,-3568.6931593478016,-9202.032874629938,-3701.121830242157,-996.2216438387335,3070.312650683856,12461.766526473584,-7450.925489039769,15539.318427333192,23596.16668182425,-14613.644379446325,19240.802282380893,2941.453710002884,8069.42624006711,-30440.295702604704,12087.8324783614,-17429.950637292775,-11276.723690248014,16734.30666879092,5767.7968226190205,-18131.95415014075,-17192.584426023837,4109.8954672608725,-8331.532194369958,-3187.4667941483763,12357.56236532538
31729.59619063032,-235100.9263243194,299642.6998541557,111555.95595115921,2581.870961690965,-170839.89630349286,184367.16367586824,-205925.46631204523,77847.96797449297,-89349.06049684297,-246322.55960748723,-191711.96892282757,-87741.16621323235,17652.173077880863,209871.25005515493,-74756.31713951273,89416.03688358438,-250134.9912660921,-269629.08667529473,-19781.8853070538,-216798.98741203995,40503.26645702739,-179746.85926608124,195472.01837103177,-91523.28242950315,168060.6789505155,-134166.6219633562,-58964.916844892476,-3103.5754675817716,-88842.31481199371,114555.49277876382,-42425.58860897416,-109399.4130520915,-44001.23523536059,-11846.311691169687,36498.07257481575,148154.4794444579,-88585.4834908063,184748.02804893412,280532.0187873059,-173738.74618760464,228753.65238247445,34971.28212892445,95937.76477883283,-361901.6031749494,143710.71054674545,-207227.92093699324,-134067.92826161566,198957.60218729728,68573.64316166285,-215569.60213943518,-204402.7304123479,48863.50052212469,-99055.65781268162,-37894.254353170814,146920.5925409188
-11302.41739400237,83743.90681597932,-106733.29707188792,-39736.562504869056,-919.6017388046375,60853.283392643614,-65672.60335644368,73351.45547389014,-27729.746106520102,31827.295327864962,87740.52740803789,68288.47030577087,31254.13031885982,-6287.869566240943,-74756.31713951273,26628.504666765544,-31850.593554270232,89098.82088539281,96043.21755691167,7046.551128938233,77224.2819145591,-14427.283824846092,64025.89166121803,-69627.58068519647,32600.340247961878,-59863.59200396699,47790.6482982802,21003.683616030186,1105.7069415961303,31645.424684064987,-40805.5575055432,15112.505786578311,38968.963224000225,15673.595113083493,4219.400200137735,-13001.408019945626,-52773.651740787005,31554.29114753105,-65807.80114874829,-99926.9429412129,61886.78457970296,-81482.94822343186,-12456.85712658174,-34173.34622674583,128911.13204505498,-51190.504058786224,73814.93203172613,47755.64255308333,-70868.9873344912,-24426.149404152624,76786.86835346714,72809.01201112237,-17405.23503545673,35283.72040808158,13498.283792645996,-52333.46344655485
13519.125387335003,-100166.8382041727,127664.01317429436,47529.1379641146,1099.8739070848176,-72786.58520869486,78551.8546732013,-87736.3007617245,33167.78144381467,-38069.696104625466,-104946.6709035731,-81680.34059984016,-37383.70910488781,7521.069258180742,89416.03688358438,-31850.593554270232,38097.01389521542,-106571.62274018656,-114878.38949569532,-8428.603287672286,-92368.26347087504,17256.46155799369,-76581.28374632682,83281.83203187193,-38992.9447234704,71603.07884095045,-57162.775487751744,-25122.83223411081,-1322.7432708113372,-37850.8167014205,48808.31083370514,-18076.53637979909,-46611.56585667596,-18747.500733155524,-5046.563421560362,15551.735686578317,63123.45417747171,-37742.15585645172,78713.10635526113,119523.80388679747,-74023.6685144284,97462.45214774765,14899.703619472728,40874.971242289495,-154192.06425469855,61229.58237139728,-88290.21410889534,-57121.05158778847,84766.52013386883,29216.276098505077,-91845.55909598485,-87087.44119752552,20818.417495447553,-42202.87174236745,-16145.61112812473,62596.279815561145
-37817.58172567442,280206.62335213873,-357129.7512344266,-132958.44999334993,-3077.065278023061,203615.412433335,-219739.83271175146,245433.5812650167,-92783.58838323667,106493.01357423737,293579.95977478527,228492.95542595375,104575.70534396,-21039.065374983777,-250134.9912660921,89098.82088539281,-106571.62274018656,298124.4630797311,321359.76535438496,23577.52833920503,258392.46376724896,-48273.77639982016,214231.04426630316,-232973.88508491023,109081.27923594897,-200303.5868814428,159907.28692044932,70278.0388353491,3699.454348641238,105886.07186283158,-136534.66074658843,50565.960537012645,130389.4009340246,52443.551986641076,14118.44405215513,-43501.88022965118,-176579.8360192879,105580.7295134269,-220192.750351305,-334354.62166991044,207072.42711716925,-272641.5085819721,-41680.63657287446,-114343.9058834135,431335.53522246587,-171282.93598541897,246984.91240136296,159789.98332624193,-237127.82610641417,-81729.82506873528,256928.29789544307,243618.6138830392,-58237.98165058537,118059.48259961419,45164.94948807786,-175107.75492108712
-40765.56208625163,302046.0345720676,-384963.11340201914,-143321.00558762066,-3316.732747382336,219483.96401794537,-236867.0449228971,264562.69240767637,-100015.13861705801,114794.91103272104,316460.40982229117,246301.52878276145,112727.2076230459,-22679.068874089295,-269629.08667529473,96043.21755691167,-114878.38949569532,321359.76535438496,346407.20691462915,25415.53671918327,278530.7717877268,-52035.927839520875,230926.78386452797,-251131.17622188988,117581.7088555545,-215914.63694301038,172370.41281951964,75755.85150640487,3988.242764324957,114137.5917980594,-147177.17977835983,54507.85214796007,140553.0062369711,56531.41844799084,15218.156598314385,-46893.88658823893,-190343.4877891184,113809.24012045075,-237354.21117932847,-360415.0145952224,223212.4871401239,-293891.2158820781,-44929.11555224823,-123255.74249088494,464954.68451215845,-184633.16247568518,266233.8931995606,172244.30250494674,-255608.48897741095,-88099.74076094423,276953.60957370664,262606.17863690644,-62776.75112495888,127260.39078016226,48685.564157136316,-188755.15877970197
-2991.0342572814225,22160.67761960302,-28243.789432053763,-10515.179193913697,-243.3008847990754,16102.866999533866,-17378.75255635633,19410.55903902205,-7337.9548299102735,8422.815896242973,23217.89490194527,18070.716058785747,8270.854159189641,-1663.9867705999843,-19781.8853070538,7046.551128938233,-8428.603287672286,23577.52833920503,25415.53671918327,1864.7993062546295,20435.15582792813,-3817.713025172569,16942.356820405203,-18424.918751179794,8626.421343978416,-15841.157890912396,12646.53686122925,5558.181101854197,292.732676603563,8373.765289533883,-10798.431578841935,3999.3659286468605,10312.439071888493,4147.734042187033,1116.350416399346,-3440.925947218218,-13965.479779892969,8349.886279551467,-17414.213071947106,-26443.303308530853,16376.977840806421,-21562.350062829282,-3296.3500448812993,-9043.048412206248,34113.233847198186,-13546.365186552,19532.893202036095,12637.374443046347,-18753.308590206714,-6463.712623042553,20319.74249912402,19266.98909853497,-4605.752677881841,9336.723642911946,3572.10729039955,-13848.540479894751
-32777.35527033919,242862.42068189432,-309534.13304572116,-115238.65123969744,-2667.0192004627274,176479.18938598837,-190454.09486306435,212723.7360534563,-80417.97755181491,92299.76879062927,254453.81139690257,198040.90338954062,90638.26375799128,-18235.048427448834,-216798.98741203995,77224.2819145591,-92368.26347087504,258392.46376724896,278530.7717877268,20435.15582792813,223955.77604433644,-41840.2401820575,185680.0926922469,-201924.79440001465,94544.007250724,-173608.56393246856,138595.86587837705,60911.726415373756,3206.283991991713,91774.60104216592,-118337.89202089794,43826.62341434352,113011.61991699455,45454.086297875074,12237.022342736142,-37703.80076363691,-153046.0954564952,91509.72561928994,-190846.9533166057,-289793.7175169116,179474.87934445683,-236305.5594178639,-36125.73577371919,-99104.90781021888,373849.6080285684,-148455.3012565025,214068.6152991074,138494.0990539456,-205525.2356134353,-70837.42011655285,222686.42229029388,211150.68136854225,-50476.47672007667,102325.44573892317,39145.517805677635,-151770.63991278532
6123.509190142592,-45372.323365187964,57828.33183603473,21529.283899174075,498.2815636535615,-32970.56760078874,35581.1566540875,-39741.72902613915,15023.945089840307,-17243.50324025118,-47538.028884724205,-36998.65896413476,-16933.21917301099,3406.702123965312,40503.26645702739,-14427.283824846092,17256.46155799369,-48273.77639982016,-52035.927839520875,-3817.713025172569,-41840.2401820575,7816.767490672872,-34689.53491732222,37724.32766478232,-17663.190768331515,32434.18802478057,-25892.9308125886,-11379.680208174206,-598.9499456189556,-17145.785341850496,22108.135173469276,-8187.7299725308085,-21113.05776104984,-8491.82476539372,-2286.2472303390286,7043.755845849896,28592.431654188586,-17096.198862983016,35654.68716455773,54140.09049017544,-33529.965638666225,44147.3596506115,6749.140080402257,18515.11346099989,-69843.67358172893,27734.840056760077,-39993.11774016073,-25873.87515353994,38397.02341012809,13234.088011567976,-41602.951125316074,-39447.8572096418,9430.215913005373,-19116.85171437959,-7313.232273312875,28354.341891741537
-27175.092271399924,201354.84245991992,-256632.62169410803,-95543.40477003602,-2211.299679881103,146317.98013008304,-157903.23601441196,176367.20322627813,-66673.77746617774,76523.70790411369,210965.95463426685,164193.9232530798,75146.77132282496,-15118.3671972111,-179746.85926608124,64025.89166121803,-76581.28374632682,214231.04426630316,230926.78386452797,16942.356820405203,185680.0926922469,-34689.53491732222,153946.48274622054,-167414.3494868189,78386.3869508148,-143937.58237977402,114908.53651131887,50501.11521862751,2658.015710404067,76090.22061267399,-98112.18307486476,36335.74526327616,93696.19188221685,37685.287528968176,10146.023388604612,-31258.93996880013,-126888.4151049368,75870.12075742494,-158229.60991848866,-240264.7015764335,148800.38240521788,-195918.66091151716,-29951.570699744254,-82167.01070607825,309954.59615881625,-123082.59786368841,177482.88176732903,114823.95222527739,-170399.68286607662,-58730.694235289964,184626.9817311695,175063.05364295642,-41849.7510727934,84837.4538616865,32454.887143917065,-125831.8952629385
29552.99452997062,-218971.5769331411,279084.630509164,103902.3968851105,2404.655662686845,-159118.56136106388,171718.7730822344,-191797.69095244777,72507.10543726465,-83220.10455513642,-229422.67036552646,-178559.2326343122,-81722.02265363958,16441.23651875525,195472.01837103177,-69627.58068519647,83281.83203187193,-232973.88508491023,-251131.17622188988,-18424.918751179794,-201924.79440001465,37724.32766478232,-167414.3494868189,182061.04553996856,-85243.49856795052,156530.3393592972,-124961.92126487083,-54919.729991591325,-2890.886167431359,-82746.5271091395,106696.78804588121,-39515.33182640479,-101894.47274708535,-40982.68955555229,-11033.22698429788,33994.83911741569,137990.67862624378,-82507.72634727716,172072.96082508113,261286.1672631433,-161819.60762019447,213059.72496336978,32571.97469178206,89355.76330676349,-337073.3186728025,133851.47612975896,-193010.24760897813,-124870.17325308308,185307.29539634511,63869.00355033582,-200780.33549951477,-190379.37865744694,45511.00108752304,-92259.47858219169,-35294.70814142958,136840.65689935206
-13836.616955195104,102524.71714528344,-130671.51064895456,-48648.39392933885,-1126.0208076558404,74502.04548275904,-80399.95770804337,89801.69235938476,-33948.59593170284,38962.970884113434,107419.12035893714,83603.4642655494,38262.371919154255,-7697.774295362766,-91523.28242950315,32600.340247961878,-38992.9447234704,109081.27923594897,117581.7088555545,8626.421343978416,94544.007250724,-17663.190768331515,78386.3869508148,-85243.49856795052,39913.07195038851,-73289.6819947749,58508.53423386376,25713.706540543324,1353.157215489027,38743.85709324725,-49955.70545330882,18500.830590342648,47707.16985488499,19188.17394945098,5166.4526016433365,-15915.489799858218,-64607.825976314234,38631.37515479888,-80566.68910420575,-122336.27027808619,75764.939736023,-99756.79278709985,-15250.63673096857,-41837.422159158814,157820.56162553746,-62670.30637505934,90370.31204269538,58465.2903746217,-86763.75662862112,-29904.2341475009,94007.20372979435,89137.69844279719,-21308.986906985778,43197.41621914618,16524.964656590226,-64070.6646838876
25408.72432457176,-188264.83721731804,239948.1580705678,89331.99855839416,2067.448900554253,-136805.12360558152,147638.36317648267,-164901.590332281,62339.316808755786,-71549.99176255034,-197250.37292989052,-153519.5847554552,-70262.000331345,14135.652592588716,168060.6789505155,-59863.59200396699,71603.07884095045,-200303.5868814428,-215914.63694301038,-15841.157890912396,-173608.56393246856,32434.18802478057,-143937.58237977402,156530.3393592972,-73289.6819947749,134579.84437097295,-107438.30954636152,-47218.24314627087,-2485.4868534976686,-71142.86331978074,91734.51228054873,-33974.02316133033,-87605.63282425285,-35235.61550813576,-9486.028221888706,29227.66944463553,118640.00982547477,-70937.54009482113,147942.8957688626,224645.57551042867,-139127.37187672625,183182.0147974817,28004.35537810421,76825.2616983969,-289804.97130622313,115081.2617127517,-165944.12124381503,-107359.42330016087,159321.36718664868,54912.551225294264,-172624.5803216734,-163682.17136376252,39128.923541443684,-79321.79080205437,-30345.268395827996,117651.27646189151
-20284.606594799552,150296.67088017278,-191556.2685782957,-71315.93658420052,-1650.4399577170552,109214.58243341505,-117863.7282535591,131645.16147529442,-49767.06927410007,57120.84829375137,157469.59240523336,122558.54857992652,56092.26547471354,-11284.931724388487,-134166.6219633562,47790.6482982802,-57162.775487751744,159907.28692044932,172370.41281951964,12646.53686122925,138595.86587837705,-25892.9308125886,114908.53651131887,-124961.92126487083,58508.53423386376,-107438.30954636152,85770.73169667843,37695.65404868223,1984.3910694333385,56794.71901270923,-73234.36965015443,27122.612766756076,69938.19688017543,28129.64266704197,7572.693919129026,-23333.72584286598,-94713.72039046831,56631.08884320982,-118106.46503066868,-179340.5919791028,111069.238774333,-146238.89535569507,-22356.553176132573,-61331.52438847555,231359.02642537604,-91872.46982819498,132477.0650333448,85707.87595525618,-127189.93074397632,-43838.0548592716,137810.7308587968,130671.63645896921,-31237.512158816666,63324.379658715676,24225.568878860566,-93923.84320776328
-8915.092598818386,66054.42301817241,-84187.31467435682,-31342.814354947255,-725.3100722469792,47998.718006806,-51800.53313987668,57857.18163989809,-21872.29645756512,25104.780048586592,69206.4935634636,53863.620250764994,24652.438732852188,-4959.717881716559,-58964.916844892476,21003.683616030186,-25122.83223411081,70278.0388353491,75755.85150640487,5558.181101854197,60911.726415373756,-11379.680208174206,50501.11521862751,-54919.729991591325,25713.706540543324,-47218.24314627087,37695.65404868223,16567.092185363348,872.2616341147382,24960.533268381696,-32186.320392388185,11920.441137376643,30737.68853941619,12362.915506976227,3327.9465788344746,-10255.455696445295,-41626.35625289001,24888.853908175573,-51906.90107907723,-78819.23846546693,48814.44333317629,-64271.03406776641,-9825.524294281133,-26954.760703464817,101681.01483883454,-40377.471248863134,58222.48765896925,37668.129420038706,-55898.810302334256,-19266.502856046176,60566.99858106179,57429.297685791586,-13728.590648665793,27830.452370118983,10647.113591880163,-41278.75955385385
-469.48662929713925,3477.3339048900757,-4431.389320420923,-1649.8957968529705,-38.12574533820882,2526.3515491581284,-2727.175611885665,3045.775636297851,-1151.419966228195,1322.241161913694,3642.8121314329655,2835.4769323286523,1298.086371405257,-261.17185393851594,-3103.5754675817716,1105.7069415961303,-1322.7432708113372,3699.454348641238,3988.242764324957,292.732676603563,3206.283991991713,-598.9499456189556,2658.015710404067,-2890.886167431359,1353.157215489027,-2485.4868534976686,1984.3910694333385,872.2616341147382,46.0798172274051,1313.5524727902762,-1694.7400698889667,627.8047238243996,1618.4969471365994,650.9678877881867,174.95071777309374,-540.4007198360025,-2191.6950419660457,1310.0603055011084,-2732.4002402466044,-4149.5554501525285,2570.0310401469583,-3383.4230390817097,-517.2048561155412,-1418.9311042741995,5353.088240881545,-2125.74165180889,3064.6353258040713,1983.0618242840962,-2942.290049974404,-1014.2063101883739,3188.535990662922,3023.2192813682127,-722.6061889183386,1464.8445340998894,560.6582630368121,-2172.8569472225763
-13431.352740412809,99521.60579082635,-126843.83319459565,-47223.386185536976,-1093.0267439806198,72319.67144143498,-78044.95769051586,87171.25327812969,-32954.18513891529,37821.80822354485,104272.55495392309,81154.56866692031,37141.664243796964,-7472.308935623089,-88842.31481199371,31645.424684064987,-37850.8167014205,105886.07186283158,114137.5917980594,8373.765289533883,91774.60104216592,-17145.785341850496,76090.22061267399,-82746.5271091395,38743.85709324725,-71142.86331978074,56794.71901270923,24960.533268381696,1313.5524727902762,37608.89914674061,-48492.490102611664,17958.96486032275,46309.821159622436,18626.14945649207,5015.071467349421,-15449.400872864979,-62715.42656308212,37499.76681802766,-78206.73216375426,-118752.89343052104,73545.71717656551,-96834.75303963722,-14803.912689612524,-40611.925909633545,153197.795551372,-60834.61947823197,87723.14480863005,56752.7651786096,-84222.22744153377,-29028.282169132923,91253.59926201738,86526.70273959977,-20684.790620036863,41932.047326504566,16040.952929809557,-62193.89442114188
17320.20259646331,-128329.27766875377,163557.1031743309,60892.14636773692,1409.0736616369954,-93250.62901201448,100637.26133842973,-112403.81160194954,42493.07118325323,-48773.59237624971,-134452.6999691589,-104645.14620158705,-47894.52295033481,9635.704787569633,114555.49277876382,-40805.5575055432,48808.31083370514,-136534.66074658843,-147177.17977835983,-10798.431578841935,-118337.89202089794,22108.135173469276,-98112.18307486476,106696.78804588121,-49955.70545330882,91734.51228054873,-73234.36965015443,-32186.320392388185,-1694.7400698889667,-48492.490102611664,62531.23973870799,-23159.020197024667,-59716.87938877091,-24018.54843971995,-6465.2792628563175,19924.512333439525,80871.16101194572,-48353.454321201905,100843.61566698134,153128.7054739805,-94835.98498644195,124864.52217708173,19088.80656972013,52367.14879435942,-197544.1376798729,78444.68735054896,-113113.2287958011,-73180.98962799873,108598.81775071485,37430.55682757274,-117668.47608492602,-111572.50232725522,26671.554879229807,-54068.279429563634,-20685.133798781288,80195.43196105224
-6414.762892639394,47527.274381791,-60573.55415788964,-22551.563757226762,-521.8027202121319,34535.31502151469,-37271.62482705942,41629.18735162662,-15737.470500284506,18064.098203098692,49794.68012259787,38755.674036883924,17738.21083296264,-3568.6931593478016,-42425.58860897416,15112.505786578311,-18076.53637979909,50565.960537012645,54507.85214796007,3999.3659286468605,43826.62341434352,-8187.7299725308085,36335.74526327616,-39515.33182640479,18500.830590342648,-33974.02316133033,27122.612766756076,11920.441137376643,627.8047238243996,17958.96486032275,-23159.020197024667,8577.292371121672,22116.727050778863,8895.500175275005,2394.214151271985,-7379.610162944439,-29951.284095287312,17907.735927704314,-37347.69770271488,-56712.06661280194,35123.14850672226,-46244.062596140866,-7069.575822426327,-19394.331230558666,73161.51311157002,-29052.43497477743,41891.57505409335,27102.955449991263,-40219.626753414654,-13862.51414660606,43579.076931955664,41321.27945170248,-9877.812539452027,20024.17765635463,7660.971508780832,-29700.519695778003
-16540.682763696383,122553.37758850853,-156195.54175004034,-58151.4649626877,-1345.6412291732843,89053.46391063757,-96107.78185397325,107344.6860459432,-40580.521600826185,46578.506042069486,128401.09617842594,99935.21237639031,45738.928896932994,-9202.032874629938,-109399.4130520915,38968.963224000225,-46611.56585667596,130389.4009340246,140553.0062369711,10312.439071888493,113011.61991699455,-21113.05776104984,93696.19188221685,-101894.47274708535,47707.16985488499,-87605.63282425285,69938.19688017543,30737.68853941619,1618.4969471365994,46309.821159622436,-59716.87938877091,22116.727050778863,57029.19282732401,22937.54137481848,6174.234899049055,-19027.852156125195,-77231.349220464,46177.10341854338,-96304.76817399875,-146236.67278885996,90567.62334952175,-119244.5595195917,-18229.639640498062,-50010.172266454465,188653.03791300234,-74914.04283795119,108022.09394334722,69887.2450616768,-103710.86544241887,-35745.855462989435,112372.4189636855,106550.78604765567,-25471.085394058562,51634.697823576,19754.161971261823,-76585.9181257333
-6652.777437579086,49291.84308556331,-62822.97178640313,-23388.936134989533,-541.2276191120889,35817.94783174428,-38655.23154527886,43174.7993365277,-16321.775662486334,18734.195111156452,51643.84614934248,40194.65739311066,18396.517852315446,-3701.121830242157,-44001.23523536059,15673.595113083493,-18747.500733155524,52443.551986641076,56531.41844799084,4147.734042187033,45454.086297875074,-8491.82476539372,37685.287528968176,-40982.68955555229,19188.17394945098,-35235.61550813576,28129.64266704197,12362.915506976227,650.9678877881867,18626.14945649207,-24018.54843971995,8895.500175275005,22937.54137481848,9225.640091999649,2483.326090493887,-7653.127843242519,-31062.9932260725,18572.763956798906,-38734.46815146324,-58817.4288152673,36426.93921271664,-47961.01337454697,-7332.092031549388,-20114.449378559228,75877.5933926344,-30130.960108026266,43447.264856978865,28109.14715137519,-41713.258354265556,-14377.23913110284,45196.98732811486,42855.487697305565,-10244.65455274393,20767.848771904497,7945.261859104036,-30803.40673578218
-1790.6563545818608,13269.580374909323,-16913.170524708803,-6296.58360885406,-145.80467823753884,9643.198756200289,-10405.765236551622,11622.894566134295,-4393.918284625269,5042.166330257586,13903.58231178221,10820.743277483882,4951.884064385478,-996.2216438387335,-11846.311691169687,4219.400200137735,-5046.563421560362,14118.44405215513,15218.156598314385,1116.350416399346,12237.022342736142,-2286.2472303390286,10146.023388604612,-11033.22698429788,5166.4526016433365,-9486.028221888706,7572.693919129026,3327.9465788344746,174.95071777309374,5015.071467349421,-6465.2792628563175,2394.214151271985,6174.234899049055,2483.326090493887,668.9659034270495,-2059.313586095341,-8361.676978053361,5000.188299081041,-10427.777980638411,-15833.478097912652,9805.80177605617,-12911.364436882426,-1973.9128487934595,-5415.008901501646,20426.131779655927,-8111.147403221589,11696.918722359138,7566.958656497877,-11230.150829946448,-3870.505346951886,12167.083316675715,11536.990957758228,-2758.1140577739575,5591.245186664848,2138.613308648468,-8292.77614031185
5518.974260125879,-40888.088186105626,52110.94569132401,19401.106729695293,448.806203696093,-29710.145428517335,32065.46841104681,-35813.86784251834,13539.044812895874,-15541.857649853795,-42837.91516984559,-33341.64466034675,-15260.866549503246,3070.312650683856,36498.07257481575,-13001.408019945626,15551.735686578317,-43501.88022965118,-46893.88658823893,-3440.925947218218,-37703.80076363691,7043.755845849896,-31258.93996880013,33994.83911741569,-15915.489799858218,29227.66944463553,-23333.72584286598,-10255.455696445295,-540.4007198360025,-15449.400872864979,19924.512333439525,-7379.610162944439,-19027.852156125195,-7653.127843242519,-2059.313586095341,6349.687330166679,25767.948117910702,-15405.844460074813,32130.226356381838,48790.272910990265,-30217.215608655817,39784.08127399587,6081.929464451837,16684.98387432789,-62941.878803590516,24994.27985469294,-36038.92062260661,-23317.034270286687,34600.49576116822,11925.939689376362,-37491.56809166737,-35548.91524817483,8497.749843283898,-17226.504314457194,-6591.082737431157,25551.22356770127
22400.035660639347,-165967.70239643913,211528.03860471168,78751.6151349551,1822.3861469224564,-120600.94203364257,130153.59602775025,-145371.38333529752,54956.114897605854,-63078.26053141771,-173887.3966957409,-135337.1763815621,-61941.58692745588,12461.766526473584,148154.4794444579,-52773.651740787005,63123.45417747171,-176579.8360192879,-190343.4877891184,-13965.479779892969,-153046.0954564952,28592.431654188586,-126888.4151049368,137990.67862624378,-64607.825976314234,118640.00982547477,-94713.72039046831,-41626.35625289001,-2191.6950419660457,-62715.42656308212,80871.16101194572,-29951.284095287312,-77231.349220464,-31062.9932260725,-8361.676978053361,25767.948117910702,104590.1030652637,-62535.42867935601,130420.7178050215,198040.54075108975,-122650.79535811776,161486.76670384075,24687.50060554932,67726.24789496807,-255482.8217684151,101452.09065924452,-146289.1117617367,-94644.60611567779,140450.6556815651,48408.81012797644,-152180.08196978652,-144296.27489152597,34494.281768692264,-69926.43417841429,-26751.89189275338,103716.53749136488
