V1,V2,V3,V4,V5,V6,V7,V8,V9,V10,V11,V12,V13,V14,V15,V16,V17,V18,V19,V20,V21,V22,V23,V24,V25,V26,V27,V28,V29,V30,V31,V32,V33,V34,V35,V36,V37,V38,V39,V40,V41,V42,V43,V44,V45,V46,V47,V48,V49,V50,V51,V52,V53,V54,V55,V56
0.10148487129716835,-0.1667070463179509,0.45661850035221,-0.2332686441684187,0.6073398793760171,0.7811376162593945,0.3661062114469169,-1.0848585509452902,-0.23544123740138542,0.07441314636383113,-0.724862289890857,0.35592672050359353,0.9137200427673048,-0.16322429815636658,0.5106169563177262,0.31534025867412124,-0.6621594055432118,-0.8069952976914616,0.10849583346770404,-0.11459457732641537,1.4172817128978672,0.008557876902654329,0.5708672584293745,1.224916120048905,-0.06218752811037028,-0.46405596743173416,-0.571777709219202,-1.2005927107379886,0.30823995382863423,-1.438201606288413,0.2130291214896729,0.053706238443869854,-1.1349778054996003,-0.21428243261430835,-0.7330519378118935,0.09024847263383806,0.558498616278737,0.1658308723267934,0.5175046932462712,0.42932021084497857,-1.517542846199299,0.11102787946832557,-0.190363673912572,1.0052545454805293,-0.5318831031232607,-0.6753252257764718,-1.01423921398219,-0.6203797397136038,-0.8321726792118525,0.21569380573878028,0.25096813318152994,-0.4804300731931106,0.3008525992708747,1.1453660081648804,-1.1595700425768471,-0.3467170782079866
-0.1667070463179509,17.966553912351934,-21.188700974694815,5.3933366936644935,-20.048183826150723,-48.25947752674001,-20.30403455745518,53.50478888461872,1.4184300956695115,12.167077246267423,36.18297771790095,-11.668814039102946,-29.412246714766344,21.68102507298965,-32.973268227235216,1.8232886389805296,20.812262036050075,29.600076726491782,1.7541540663776198,3.440227674654442,-67.70194663235117,-8.044827606978906,-19.147303252154217,-56.382727770867575,15.402365582814987,-1.8069752296653672,15.858090115316099,48.701053781801434,-6.155983395024626,52.531971924211746,-6.618624106643096,-26.30322044958534,50.33308204705296,2.35575542718554,7.620568496482648,-7.342657001223628,-7.626590274062192,-25.080064979052093,-21.885591198321244,-30.075282642536756,67.80295201392629,-16.163623432296575,4.779712108602385,-40.33629115433789,28.224013102806406,15.21146496519617,29.43774650704174,22.15234643611833,32.7677714882382,-16.89917098735726,-5.44499441818888,24.091204030899643,-13.011157962311485,-51.27738744097594,51.919545877097484,16.050511346024404
0.45661850035221,-21.188700974694815,25.6741625083048,-6.840281908882269,24.74624956380295,57.79385693190753,24.407563788360033,-64.64491836869932,-2.2511873599478665,-13.857577129703282,-43.69093340187591,14.408785548762028,36.36381234444886,-25.471123910110066,39.4288601974676,-1.284366722057352,-25.768816954060185,-36.29927439014695,-1.747659305043208,-4.269714659686067,81.91252117420616,9.313582106019046,23.612573107457138,68.33294502159325,-17.957612765778382,0.8745215284168235,-19.81596758313247,-59.39698184474457,7.917593289747374,-64.44026057110158,8.207057427547959,30.529550428984038,-61.1089635322103,-3.28142086813132,-10.715609898288204,8.7202887122095,10.266163346277706,29.401858781018056,26.63289269883571,35.86136887008391,-82.28835562301855,18.96344827869038,-6.021068841043493,49.22693210040377,-33.99540406408043,-19.334171818845906,-36.65672301071354,-27.21692249295127,-40.02553967453807,20.081137775819094,6.941625208901247,-29.085923433604577,15.813110005765056,62.22273036265764,-63.01265162520881,-19.445695749403423
-0.2332686441684187,5.3933366936644935,-6.840281908882269,1.956195906463285,-6.793686767540533,-15.102412408388949,-6.421154125106781,17.14524943123091,0.8334058165914211,3.307442973139595,11.577489697996969,-3.9579895180116753,-10.00760470431885,6.438487787347583,-10.276653109956339,-0.0631182144934705,7.109248108144902,9.863515119851936,0.2990850512280582,1.183592899341493,-21.776137172490266,-2.2930972119779724,-6.471756168893331,-18.217169437591437,4.476012393912039,0.3415278523662432,5.543133083796424,15.997831919253814,-2.3103307280827274,17.518539388874057,-2.2669707000739074,-7.5478316740084725,16.33744479131471,1.0609755350397587,3.504232245381413,-2.2454920322209704,-3.185897202419659,-7.405930852077511,-7.147708740029699,-9.304553834560751,21.987660089751067,-4.781277478159899,1.7042093097330897,-13.270644020558462,8.97036675219603,5.548045253381891,10.199669375079816,7.415093897141414,10.80831217198488,-5.18045365421526,-2.0017611562980537,7.705264319399336,-4.236206983135606,-16.622979955744437,16.83537326952947,5.181707477395764
0.6073398793760171,-20.048183826150723,24.74624956380295,-6.793686767540533,24.155147270118068,55.26656247531272,23.406875490250005,-62.196127114032485,-2.520359817198956,-12.783742605633485,-42.02147451001471,14.067452872553844,35.52963435347365,-24.032112976568826,37.664003420617625,-0.6300952852753835,-25.205413671341013,-35.27879443099006,-1.4337117575143095,-4.186290481269689,78.88780476071472,8.696834749728504,23.031048776411243,65.88689037176961,-16.846944856000384,-0.016675071781303067,-19.496199762934946,-57.514055099858254,7.933044395095482,-62.641649687831254,8.029428950269725,28.549749549283117,-58.98820138527849,-3.442152495720312,-11.301772914748222,8.28786041025447,10.572729247211333,27.703819197561934,25.75057150307526,34.19576005983947,-79.41673778334872,17.873242506962345,-5.953134595534286,47.682236305166164,-32.639347763267196,-19.23236479518896,-35.982410095173876,-26.478650624401688,-38.80017959855105,19.105126041485335,6.920843901545295,-27.9713225712258,15.278944431372713,60.047447149875005,-60.80953093828998,-18.74641413353373
0.7811376162593945,-48.25947752674001,57.79385693190753,-15.102412408388949,55.26656247531272,130.7582713128257,55.13112817842252,-145.69994256583257,-4.5519903006187326,-32.05121033917047,-98.49773559958943,32.1736031275315,81.15423809701602,-58.110987572661784,89.2652948144,-3.786400283302659,-57.473582440202385,-81.29256386436809,-4.2996681830284125,-9.513526022919725,184.5083819208882,21.385797296924885,52.75540479743982,153.80851888582797,-41.10633102913773,3.2416140293366373,-44.02619462223331,-133.33272761534386,17.37977169477371,-144.29665460260384,18.293633731640988,70.02296410348691,-137.4419621092169,-6.972940697078993,-22.686801699900172,19.800679148415227,22.11745356643446,67.14093620183631,59.84181419601639,81.28824201783601,-185.1080208822487,43.28992194233106,-13.331936026916296,110.47252827964347,-76.72314483814094,-42.64903569096515,-81.56054194288853,-60.90424652375483,-89.78966302919882,45.58707600293495,15.29299694410191,-65.57625476494164,35.55026989355551,139.97891822778598,-141.74749581282583,-43.775940815815396
0.3661062114469169,-20.30403455745518,24.407563788360033,-6.421154125106781,23.406875490250005,55.13112817842252,23.262199809535478,-61.51257383092658,-1.9983477406505115,-13.416855136495382,-41.5826501159855,13.627464791947556,34.37869683813829,-24.433591534344234,37.62699928989823,-1.4685389213397348,-24.35467661641518,-34.39775318597384,-1.7605074678921497,-4.035139142800548,77.91429275190731,8.973996028376737,22.33791812487829,64.96730221845233,-17.261793677723144,1.1863303663688394,-18.67789911412964,-56.36984393568199,7.404192522055891,-61.05905009398043,7.7489801206568085,29.38599050675258,-58.06865028068765,-3.0045954745723233,-9.79059544145647,8.33674769877601,9.487988022505004,28.224873639453033,25.292088188268842,34.255858338267856,-78.20459417812239,18.196923328956114,-5.6615278149023425,46.70637297618418,-32.376671035580266,-18.141453324194334,-34.585709672279094,-25.772596441123827,-37.97167772224249,19.202903842176234,6.510190787377392,-27.682895874557246,15.024585227617719,59.1394699492912,-59.880773014893386,-18.490730808879594
-1.0848585509452902,53.50478888461872,-64.64491836869932,17.14524943123091,-62.196127114032485,-145.69994256583257,-61.51257383092658,162.82450931748193,5.5332187684085685,35.124440222531156,110.05526569761116,-36.212835813277465,-91.37831526830674,64.34336530707758,-99.41526369504868,3.469983510254989,64.74754441432137,91.2932032558232,4.494427361584838,10.728369928649844,-206.29004735567736,-23.565437880707403,-59.349887262282955,-172.06228159000378,45.39697796325795,-2.5408261472401983,49.74178524718206,149.46426445158787,-19.81875487787302,162.06252508471573,-20.61365160748823,-77.21661505733745,153.84261154533047,8.152450866892154,26.60291919986425,-22.00117220071044,-25.590247888490236,-74.2926426252407,-67.03398303227515,-90.45245912760528,207.17232734897146,-47.90960593966359,15.10080378369066,-123.86121378279266,85.65336431475379,48.45420391159299,92.04783957937451,68.43253990707194,100.70567730836986,-50.67052804229586,-17.393907290580326,73.26637621529561,-39.80843646583899,-156.65894427109689,158.63826779803574,48.96696946964639
-0.23544123740138542,1.4184300956695115,-2.2511873599478665,0.8334058165914211,-2.520359817198956,-4.5519903006187326,-1.9983477406505115,5.5332187684085685,0.6065470215755963,0.5439929088267574,3.7224333211858256,-1.4721590331072667,-3.747480796097088,1.6273864048122813,-3.058818568678344,-0.5952397862076486,2.6865650969933204,3.5214180815339584,-0.13930902549985938,0.45565473285057045,-7.100951310431456,-0.4881440038726352,-2.3867722110213956,-6.013005931419181,1.036433141252746,0.9269838644344203,2.1968503212747588,5.510775592403824,-1.0448406745445709,6.262704172197488,-0.8599559028935745,-1.653204168185026,5.459625948608229,0.613919234803509,2.0751783939001442,-0.6288031481288803,-1.6871247014021447,-1.8311542268818577,-2.427582747776867,-2.708819679719575,7.329632669407485,-1.189503276865324,0.7022626690090211,-4.588418098171873,2.8291270130436867,2.3895230824512,3.972840431183391,2.6718542468380826,3.762135289792099,-1.465447553327559,-0.8758985584876381,2.4735873317035,-1.4280724398118352,-5.537937589714001,5.607310462783709,1.7072636175970743
0.07441314636383113,12.167077246267423,-13.857577129703282,3.307442973139595,-12.783742605633485,-32.05121033917047,-13.416855136495382,35.124440222531156,0.5439929088267574,8.592821545160161,23.771026741217717,-7.436608469433627,-18.71244572618916,14.75381788281212,-21.941769726463548,1.8586156841437305,13.213136585759838,19.04520772207836,1.4198714348734012,2.1760120662028335,-44.36170338796084,-5.572873292122388,-12.225887160270467,-36.861333012795676,10.580863876155373,-2.1277876141350975,9.938453311135767,31.57047263833343,-3.6959845926813713,33.78604183218208,-4.194921393178773,-18.16778937314064,32.829023184422276,1.2333281608337863,3.916691015896238,-4.929669736814037,-4.248498853349529,-17.11031312430902,-14.22994514080271,-20.08477512749145,44.2448629436856,-11.018175764459576,2.961058019836595,-26.126323307538193,18.603933534612736,9.2975703347919,18.5410806131158,14.21811128174546,21.196826887026273,-11.334826741548852,-3.312338081221124,15.83031956966248,-8.473693556957809,-33.46719463981344,33.88096424742684,10.497781607144066
-0.724862289890857,36.18297771790095,-43.69093340187591,11.577489697996969,-42.02147451001471,-98.49773559958943,-41.5826501159855,110.05526569761116,3.7224333211858256,23.771026741217717,74.38956305569172,-24.46650391929694,-61.73583806198232,43.51612442005252,-67.20953037259224,2.3764919697976814,43.743531179588395,61.68946305495207,3.0489714379246746,7.248741449679705,-139.4310238700713,-15.942758398099327,-40.09888379702317,-116.29283856970716,30.706432963289807,-1.7623605836162026,33.59780642920474,101.0060526260013,-13.37912968007712,109.50794764636561,-13.924831303432546,-52.23385805959952,103.97522194422876,5.495320728432619,17.930608356864276,-14.875560271431823,-17.26135612376093,-50.24709932236828,-45.303514978666385,-61.15544001679469,140.01947811155102,-32.40201220074713,10.197831208026447,-83.70204292689098,57.89774109719955,32.719031190637644,62.17946539151472,46.237569626455304,68.0540906406672,-34.261869615946196,-11.745631083068773,49.522456017939895,-26.905016091292303,-105.88083872651927,107.21500925194023,33.09625002191321
0.35592672050359353,-11.668814039102946,14.408785548762028,-3.9579895180116753,14.067452872553844,32.1736031275315,13.627464791947556,-36.212835813277465,-1.4721590331072667,-7.436608469433627,-24.46650391929694,8.19334150660423,20.693781497315122,-13.987225058761334,21.92574266374377,-0.359949186679869,-14.680843126029874,-20.54569425712001,-0.8311885792214228,-2.4384911688388446,45.931880071428274,5.06046330231409,13.413078546627958,38.36291263638286,-9.804119591906877,-0.020040786160466385,-11.355274612735439,-33.49059773164632,4.622154165884407,-36.479459297270814,4.676607693836705,16.61273756587434,-34.34889419649562,-2.0077305830019294,-6.59272747388616,4.824576224991462,6.163469113825282,16.12262393693511,14.9948273972956,19.90615613550355,-46.24286060791138,10.402023751581005,-3.467683239092781,27.76619390614911,-19.002487269894146,-11.20524767676798,-20.95952826741368,-15.419734009248174,-22.593537112968292,11.121050613021485,4.032797779912006,-16.285375382385425,8.896896491331344,34.96511937248717,-35.40667665975725,-10.915353817560332
0.9137200427673048,-29.412246714766344,36.36381234444886,-10.00760470431885,35.52963435347365,81.15423809701602,34.37869683813829,-91.37831526830674,-3.747480796097088,-18.71244572618916,-61.73583806198232,20.693781497315122,52.26906251214155,-35.24954551614902,55.30167035613048,-0.851627562767478,-37.08304222478959,-51.87647287049219,-2.0754840679766065,-6.1594579442339885,115.90958497342065,12.743864576577531,33.87572628604471,96.81619834408657,-24.69921495347668,-0.13167823530915312,-28.694729120973573,-84.54339334878009,11.693212883973564,-92.11061076263772,11.814389934819838,41.843084941856326,-86.69249308361948,-5.093291605617474,-16.72858076681431,12.165134659925156,15.617530342212083,40.627172423870796,37.84863182966415,50.200421957528846,-116.70952386115239,26.21317358639045,-8.76583465902833,70.09508455432021,-47.94382288311131,-28.333505654233857,-52.95573004829443,-38.938547941672596,-57.03835387349912,28.04071986681932,10.197863441868314,-41.09269010152379,22.455153179131624,88.24510660278155,-89.36220439281773,-27.54634305983069
-0.16322429815636658,21.68102507298965,-25.471123910110066,6.438487787347583,-24.032112976568826,-58.110987572661784,-24.433591534344234,64.34336530707758,1.6273864048122813,14.75381788281212,43.51612442005252,-13.987225058761334,-35.24954551614902,26.179124658978136,-39.713564062686494,2.3278546685716552,24.93639860089706,35.5184590039286,2.1637685450481547,4.119829025101382,-81.39943136868133,-9.733059456067789,-22.957170107531393,-67.77276707193887,18.618800234889832,-2.363844681333183,18.973823979103013,58.48460587574854,-7.332721104992038,63.03002000711156,-7.930403924233276,-31.8148862429724,60.487080672163366,2.769398414312032,8.944043087398308,-8.853052213194971,-9.015609953232774,-30.289156269404273,-26.291610047867678,-36.23565869477071,81.48395222309436,-19.52080636536192,5.712259731115845,-48.43669629547753,33.95648877681482,18.15273358307294,35.24297286179839,26.574556210258628,39.340187834317376,-20.37045563294943,-6.494348976208139,28.97397508896224,-15.632572147767013,-61.624974117270696,62.396045299371075,19.293607199069825
0.5106169563177262,-32.973268227235216,39.4288601974676,-10.276653109956339,37.664003420617625,89.2652948144,37.62699928989823,-99.41526369504868,-3.058818568678344,-21.941769726463548,-67.20953037259224,21.92574266374377,55.30167035613048,-39.713564062686494,60.944733525777615,-2.6641322882088296,-39.1606943437171,-55.42110039423231,-2.9668977319125465,-6.4805914367265665,125.88498483037436,14.626818060140424,35.95549573985556,104.92895796866895,-28.105397447964396,2.3254752145405977,-29.983381595173196,-90.92801548093584,11.81702343255385,-98.37210486577528,12.465296346187342,47.888153601734345,-93.75476187497355,-4.7200089275544155,-15.348159506669369,13.524356749830883,14.998557157757785,45.88872910805222,40.81500023677108,55.50546505975806,-126.27163507362935,29.587342980370504,-9.07577993686338,75.33664655961755,-52.359531247047144,-29.016851393465124,-55.55658695027205,-41.51848258111262,-61.22708457294348,31.13343531333349,10.402348672248895,-44.746193440196016,24.248007799633736,95.48689323262506,-96.69455176162089,-29.864400930334092
0.31534025867412124,1.8232886389805296,-1.284366722057352,-0.0631182144934705,-0.6300952852753835,-3.786400283302659,-1.4685389213397348,3.469983510254989,-0.5952397862076486,1.8586156841437305,2.3764919697976814,-0.359949186679869,-0.851627562767478,2.3278546685716552,-2.6641322882088296,1.2923639164584388,0.5506028606798538,1.2330114050658918,0.5919465588872442,0.07419280539708249,-4.241977612257444,-1.0364805592888184,-0.6336766475173331,-3.3838744091396107,1.832772899628483,-1.7845990963729657,0.1924734102352973,2.4475997446137536,0.21256054221821263,2.163460226157745,-0.16698204392563312,-3.3030746903784123,2.886312721793111,-0.4016284565140146,-1.431319272876487,-0.6720497284545314,0.8521421420501749,-2.766237687337245,-1.1748905229550046,-2.551200577625992,3.923275327799588,-1.7701142638522713,-0.0019149672330705273,-1.9921967746573124,1.9640586994143021,-0.23536521392518495,0.5208280030292087,0.8652718345904166,1.5647123438086885,-1.5188682676038836,0.11423087437936169,1.5884084956401214,-0.7209243943540722,-2.9760081686548436,3.009547004633493,0.9702477271523572
-0.6621594055432118,20.812262036050075,-25.768816954060185,7.109248108144902,-25.205413671341013,-57.473582440202385,-24.35467661641518,64.74754441432137,2.6865650969933204,13.213136585759838,43.743531179588395,-14.680843126029874,-37.08304222478959,24.93639860089706,-39.1606943437171,0.5506028606798538,26.312579303696936,36.789590476680544,1.447842357783202,4.372457237183805,-82.1371534277033,-9.008012252567335,-24.029704488167653,-68.6140204823213,17.463284840592085,0.16686781035400355,20.368770172979378,59.93661667498002,-8.312487131808588,65.32319590255744,-8.381238278569793,-29.57684640705011,61.444515724470165,3.633311252694204,11.939521529111222,-8.610214309486578,-11.127232109867945,-28.73854918919764,-26.82979037644851,-35.54543633640182,82.7189567161877,-18.54157823236005,6.224365064098208,-49.693585215207925,33.96551707245714,20.13147288365323,37.58403754135535,27.61417945482285,40.44177213010906,-19.851935411739632,-7.248081110031726,29.115989555330533,-15.917826940708327,-62.545186835928185,63.33384915604311,19.522372481479703
-0.8069952976914616,29.600076726491782,-36.29927439014695,9.863515119851936,-35.27879443099006,-81.29256386436809,-34.39775318597384,91.2932032558232,3.5214180815339584,19.04520772207836,61.68946305495207,-20.54569425712001,-51.87647287049219,35.5184590039286,-55.42110039423231,1.2330114050658918,36.789590476680544,51.607019302503794,2.2266520383543207,6.107032486412715,-115.7548242456114,-12.900661510266938,-33.64650118920954,-96.63894867222757,24.9476545586558,-0.4120916682764397,28.394451146418167,84.2334774082127,-11.482879378411129,91.62102295122305,-11.716821625908796,-42.323739435136815,86.4900755896645,4.907445740824452,16.087023819902377,-12.216824772804976,-15.164590776952577,-40.961491261883495,-37.735370884160446,-50.351041325390966,116.44882250743764,-26.423937567452104,8.655315709587379,-69.82605362538091,47.942785691487245,27.910497274831823,52.454774248051365,38.714151452273946,56.80368915986769,-28.154816480875773,-10.03802763033476,41.06294576627603,-22.395983103536267,-88.0521505264455,89.16144136911669,27.49863662454526
0.10849583346770404,1.7541540663776198,-1.747659305043208,0.2990850512280582,-1.4337117575143095,-4.2996681830284125,-1.7605074678921497,4.494427361584838,-0.13930902549985938,1.4198714348734012,3.0489714379246746,-0.8311885792214228,-2.0754840679766065,2.1637685450481547,-2.9668977319125465,0.5919465588872442,1.447842357783202,2.2266520383543207,0.32914179307506625,0.2313948876087421,-5.630154430556796,-0.8670944246297633,-1.3809991801743442,-4.632967566852278,1.6053330956420298,-0.7744078482398332,1.0219800699429542,3.8253718009189117,-0.2890998541678111,3.947165685063862,-0.4592030414287889,-2.8071037904111287,4.084092021383325,-0.008953967832474216,-0.08109821557147794,-0.6905088158335342,-0.13753658947996072,-2.532017382470264,-1.7451562992872733,-2.749214691502124,5.515466444849667,-1.6274424071255926,0.2860268937455436,-3.1557823035269132,2.4211131710983507,0.8198604134501187,1.95286009544957,1.6498224290948733,2.5427269454165575,-1.5751712905004336,-0.2805627542913563,2.033642490821186,-1.0451057886860375,-4.172668629294387,4.229589856310186,1.3207992863234859
-0.11459457732641537,3.440227674654442,-4.269714659686067,1.183592899341493,-4.186290481269689,-9.513526022919725,-4.035139142800548,10.728369928649844,0.45565473285057045,2.1760120662028335,7.248741449679705,-2.4384911688388446,-6.1594579442339885,4.119829025101382,-6.4805914367265665,0.07419280539708249,4.372457237183805,6.107032486412715,0.2313948876087421,0.7281183443360547,-13.6128751499796,-1.4863659047546787,-3.989789541500212,-11.374127330962871,2.8813303429918404,0.05055908115835353,3.385981253904315,9.941590417276629,-1.3857494266409978,10.842621271508062,-1.3908306996842832,-4.877562853873197,10.187147520392214,0.6095362480719356,2.006200096999771,-1.4231043877069507,-1.8637163537077726,-4.747708140963548,-4.449897583085126,-5.883051049228292,13.714553682263418,-3.0620404512492696,1.0350056110169898,-8.241756622410307,5.62608736492914,3.3539287420408894,6.2469769572126745,4.581722038047544,6.710143699961149,-3.2855183411274975,-1.209105875160879,4.824203685861356,-2.640725500730081,-10.370844322164809,10.497981534897306,3.236623844576789
1.4172817128978672,-67.70194663235117,81.91252117420616,-21.776137172490266,78.88780476071472,184.5083819208882,77.91429275190731,-206.29004735567736,-7.100951310431456,-44.36170338796084,-139.4310238700713,45.931880071428274,115.90958497342065,-81.39943136868133,125.88498483037436,-4.241977612257444,-82.1371534277033,-115.7548242456114,-5.630154430556796,-13.6128751499796,261.37937119791127,29.789294392996098,75.27327900443846,218.03101237524146,-57.40591832107158,3.000823221885455,-63.129767852462635,-189.4570890458583,25.189738041125473,-205.48873551871318,26.150093806964428,97.6196047218276,-194.9600777663187,-10.400989392154784,-33.95744071386087,27.847978224318386,32.59863612245429,93.97629028315455,84.96138016493356,114.52089751960675,-262.5397093874966,60.60431057439649,-19.172546574162062,157.00703052839657,-108.50111491875724,-61.55005872940934,-116.80175581234636,-86.77440669221016,-127.66334592463392,64.14303326739663,22.09945328941521,-92.82147521876999,50.45233117594363,198.52573112737144,-201.03313740028793,-62.04841106273654
0.008557876902654329,-8.044827606978906,9.313582106019046,-2.2930972119779724,8.696834749728504,21.385797296924885,8.973996028376737,-23.565437880707403,-0.4881440038726352,-5.572873292122388,-15.942758398099327,5.06046330231409,12.743864576577531,-9.733059456067789,14.626818060140424,-1.0364805592888184,-9.008012252567335,-12.900661510266938,-0.8670944246297633,-1.4863659047546787,29.789294392996098,3.646393306815965,8.311637924224575,24.77939034610826,-6.949386568280557,1.1283518581951113,-6.81781489004029,-21.30842738843843,2.589414092670126,-22.890244751015405,2.861758243798521,11.902610952370102,-22.093224792380806,-0.9269748601751021,-2.9730774301332783,3.2724234314058873,3.09170173428492,11.274690112384079,9.590785696747558,13.367037345749434,-29.76922068907355,7.262763248275273,-2.0426572119433013,17.64056504924583,-12.457591537294887,-6.456846665205482,-12.688568909967584,-9.641887975715965,-14.32144483850025,7.528436873328394,2.305877384803501,-10.616029064582865,5.706903368228149,22.515932602584822,-22.79543834818629,-7.055627598317291
0.5708672584293745,-19.147303252154217,23.612573107457138,-6.471756168893331,23.031048776411243,52.75540479743982,22.33791812487829,-59.349887262282955,-2.3867722110213956,-12.225887160270467,-40.09888379702317,13.413078546627958,33.87572628604471,-22.957170107531393,35.95549573985556,-0.6336766475173331,-24.029704488167653,-33.64650118920954,-1.3809991801743442,-3.989789541500212,75.27327900443846,8.311637924224575,21.962044574708614,62.86356172249099,-16.09946417653021,0.02806730650406349,-18.580927049977007,-54.86234847187631,7.553518452778763,-59.74000490105403,7.657008909776617,27.286623037744363,-56.279890109518426,-3.269915387155758,-10.733333066824393,7.914841017334382,10.050516203168481,26.4631239106194,24.56601892329031,32.645059860650335,-75.76944160296534,17.07482599432475,-5.672753103761934,45.48505228153153,-31.148945083844385,-18.318993975442467,-34.300030826495785,-25.252765540265546,-37.00758475817174,18.240612500816358,6.59085680219238,-26.691384481343665,14.575565413456829,57.28947346561407,-58.017721178579855,-17.886035850352805
1.224916120048905,-56.382727770867575,68.33294502159325,-18.217169437591437,65.88689037176961,153.80851888582797,64.96730221845233,-172.06228159000378,-6.013005931419181,-36.861333012795676,-116.29283856970716,38.36291263638286,96.81619834408657,-67.77276707193887,104.92895796866895,-3.3838744091396107,-68.6140204823213,-96.63894867222757,-4.632967566852278,-11.374127330962871,218.03101237524146,24.77939034610826,62.86356172249099,181.89140951306746,-47.771443915092085,2.284347107423646,-52.765028172340095,-158.1157506036215,21.09057390919211,-171.55755172208498,21.84519584050605,81.21278815710664,-162.6615777122883,-8.747875093304195,-28.57587116468086,23.20142958231521,27.367027643466,78.23488764122065,70.89671651615623,95.44125965574385,-219.04144156471665,50.454080708923314,-16.03223125544036,131.03784482610953,-90.4811456610041,-51.49822477027102,-97.60384540084388,-72.45134470821495,-106.55544343641678,53.445480136389364,18.494342958872526,-77.41722234747567,42.09772868641879,165.63245206986747,-167.72443466044604,-51.76279217271878
-0.06218752811037028,15.402365582814987,-17.957612765778382,4.476012393912039,-16.846944856000384,-41.10633102913773,-17.261793677723144,45.39697796325795,1.036433141252746,10.580863876155373,30.706432963289807,-9.804119591906877,-24.69921495347668,18.618800234889832,-28.105397447964396,1.832772899628483,17.463284840592085,24.9476545586558,1.6053330956420298,2.8813303429918404,-57.40591832107158,-6.949386568280557,-16.09946417653021,-47.771443915092085,13.271741172996885,-1.9368874838563421,13.252264272703544,41.148103763965786,-5.0748101053395,44.268031590126675,-5.554377936342545,-22.705662889790826,42.61459072972199,1.8644935872775918,5.998472511867454,-6.278616625153314,-6.142020177667379,-21.55260931403313,-18.509703333797333,-25.66128984061292,57.412352536065335,-13.889549651121843,3.98046157131816,-34.074320748797014,23.979325848550026,12.609101212950003,24.641155993902967,18.65872805924078,27.664376415833193,-14.438797619740514,-4.505153623869964,20.44637496350882,-11.008304037344613,-43.420447434000906,43.96632251400774,13.600280306804743
-0.46405596743173416,-1.8069752296653672,0.8745215284168235,0.3415278523662432,-0.016675071781303067,3.2416140293366373,1.1863303663688394,-2.5408261472401983,0.9269838644344203,-2.1277876141350975,-1.7623605836162026,-0.020040786160466385,-0.13167823530915312,-2.363844681333183,2.3254752145405977,-1.7845990963729657,0.16686781035400355,-0.4120916682764397,-0.7744078482398332,0.05055908115835353,3.000823221885455,1.1283518581951113,0.02806730650406349,2.284347107423646,-1.9368874838563421,2.4997678294926278,0.4563077987515211,-1.284896256350249,-0.5929426804327315,-0.6974245620310162,-0.06779237318396804,3.559716878946644,-1.8422076934754572,0.6907917134700179,2.424734124031036,0.6307625505773468,-1.5842174510122697,2.8443720822970553,0.6855735894462188,2.3001633194515954,-2.534908758667565,1.8120515932095556,0.22503789603889046,1.0109185943666277,-1.5341116405877655,1.0449113719802567,0.6126386184028193,-0.22323632702623197,-0.7476066407285716,1.4169789921353446,-0.41638768874705984,-1.182371406729731,0.44153118894763105,1.9308826863933894,-1.9471609424685308,-0.6608663503253323
-0.571777709219202,15.858090115316099,-19.81596758313247,5.543133083796424,-19.496199762934946,-44.02619462223331,-18.67789911412964,49.74178524718206,2.1968503212747588,9.938453311135767,33.59780642920474,-11.355274612735439,-28.694729120973573,18.973823979103013,-29.983381595173196,0.1924734102352973,20.368770172979378,28.394451146418167,1.0219800699429542,3.385981253904315,-63.129767852462635,-6.81781489004029,-18.580927049977007,-52.765028172340095,13.252264272703544,0.4563077987515211,15.81587949590547,46.186014138485184,-6.507449208700335,50.427244660384915,-6.492539146524536,-22.409668425465203,47.27455132899824,2.900203898149094,9.5484758232525,-6.576788351108003,-8.812791651735694,-21.852770324983542,-20.657809410022352,-27.187406384982115,63.63769235195036,-14.102680744568717,4.844782219208683,-38.30053176319163,26.068418569576334,15.704541209046111,29.14499971375187,21.330301141302204,31.178991450776916,-15.165295706276707,-5.65729102956436,22.36351453102271,-12.250522982842973,-48.11287417709646,48.72957744250878,15.010479349906893
-1.2005927107379886,48.701053781801434,-59.39698184474457,15.997831919253814,-57.514055099858254,-133.33272761534386,-56.36984393568199,149.46426445158787,5.510775592403824,31.57047263833343,101.0060526260013,-33.49059773164632,-84.54339334878009,58.48460587574854,-90.92801548093584,2.4475997446137536,59.93661667498002,84.2334774082127,3.8253718009189117,9.941590417276629,-189.4570890458583,-21.30842738843843,-54.86234847187631,-158.1157506036215,41.148103763965786,-1.284896256350249,46.186014138485184,137.6470855392285,-18.577169289804722,149.54607976026898,-19.08715011804559,-69.87748753895889,141.45621328666522,7.831656500903715,25.629504802352994,-20.07275549564604,-24.336632716343733,-67.48072728841932,-61.68718695561202,-82.65322292519298,190.47079105672094,-43.52503669909322,14.057859434360369,-114.08998953712351,78.54156475420994,45.24607099641795,85.36698010319911,63.17668915130026,92.79481949101493,-46.24727499397319,-16.26016036882722,67.23846720497882,-36.61919287159866,-144.02369724076482,145.84675155810098,44.99346190646113
0.30823995382863423,-6.155983395024626,7.917593289747374,-2.3103307280827274,7.933044395095482,17.37977169477371,7.404192522055891,-19.81875487787302,-1.0448406745445709,-3.6959845926813713,-13.37912968007712,4.622154165884407,11.693212883973564,-7.332721104992038,11.81702343255385,0.21256054221821263,-8.312487131808588,-11.482879378411129,-0.2890998541678111,-1.3857494266409978,25.189738041125473,2.589414092670126,7.553518452778763,21.09057390919211,-5.0748101053395,-0.5929426804327315,-6.507449208700335,-18.577169289804722,2.743598750079314,-20.398132711846884,2.651874289688747,8.53510880159843,-18.929232011820556,-1.292161907966314,-4.279251735664872,2.5722654229736484,3.8428101886121193,8.42521394520946,8.291253189824875,10.68400321880668,-25.47231367765241,5.441075772462237,-2.007254520621859,15.41427190139492,-10.353546234219566,-6.5584362827701534,-11.954909422635412,-8.639659991014195,-12.560562025380307,5.937997690177693,2.3692476872759705,-8.903838695638909,4.911264394533117,19.255962436065733,-19.50373550833013,-5.998042185328998
-1.438201606288413,52.531971924211746,-64.44026057110158,17.518539388874057,-62.641649687831254,-144.29665460260384,-61.05905009398043,162.06252508471573,6.262704172197488,33.78604183218208,109.50794764636561,-36.479459297270814,-92.11061076263772,63.03002000711156,-98.37210486577528,2.163460226157745,65.32319590255744,91.62102295122305,3.947165685063862,10.842621271508062,-205.48873551871318,-22.890244751015405,-59.74000490105403,-171.55755172208498,44.268031590126675,-0.6974245620310162,50.427244660384915,149.54607976026898,-20.398132711846884,162.67106529940506,-20.804370081881103,-75.10013590125946,153.53801858553595,8.723183418284526,28.5941871859237,-21.682506780586216,-26.95082483148308,-72.69411814535303,-66.98927273636077,-89.37029496139537,206.72441064447528,-46.89232757095189,15.372440776666242,-123.966230670561,85.10584571059108,49.57044960382186,93.1421060220852,68.73907282081996,100.85096106696713,-49.970027587429726,-17.82678573529982,72.89512725483601,-39.757983090320614,-156.31099235298828,158.28829562637003,48.81595880993676
0.2130291214896729,-6.618624106643096,8.207057427547959,-2.2669707000739074,8.029428950269725,18.293633731640988,7.7489801206568085,-20.61365160748823,-0.8599559028935745,-4.194921393178773,-13.924831303432546,4.676607693836705,11.814389934819838,-7.930403924233276,12.465296346187342,-0.16698204392563312,-8.381238278569793,-11.716821625908796,-0.4592030414287889,-1.3908306996842832,26.150093806964428,2.861758243798521,7.657008909776617,21.84519584050605,-5.554377936342545,-0.06779237318396804,-6.492539146524536,-19.08715011804559,2.651874289688747,-20.804370081881103,2.6739988653323086,9.404746156352683,-19.56460599027861,-1.1614921889622902,-3.8160196563161946,2.7411713892707574,3.5507060871862173,9.135427045728445,8.543098886192368,11.308287431406645,-26.336716959302084,5.897429500122758,-1.9855198461499628,15.828485765390802,-10.812516439800307,-6.417747301428083,-11.977872333478533,-8.799438494680313,-12.877426315965806,6.313419837349868,2.308942495289316,-9.268945888079562,5.066387053137611,19.911524676222978,-20.16888021057746,-6.214462379086034
0.053706238443869854,-26.30322044958534,30.529550428984038,-7.5478316740084725,28.549749549283117,70.02296410348691,29.38599050675258,-77.21661505733745,-1.653204168185026,-18.16778937314064,-52.23385805959952,16.61273756587434,41.843084941856326,-31.8148862429724,47.888153601734345,-3.3030746903784123,-29.57684640705011,-42.323739435136815,-2.8071037904111287,-4.877562853873197,97.6196047218276,11.902610952370102,27.286623037744363,81.21278815710664,-22.705662889790826,3.559716878946644,-22.409668425465203,-69.87748753895889,8.53510880159843,-75.10013590125946,9.404746156352683,38.87393936430079,-72.42204677577399,-3.083159474096909,-9.89641254516473,10.709777987759553,10.235052747422001,36.842669123090985,31.444012589056516,43.74432947996952,-97.57805524782836,23.73952189275845,-6.720978538315654,57.85767053761182,-40.808658963059614,-21.253247718105975,-41.69070331439947,-31.646139639800015,-46.967560505733076,24.62715353568802,7.58873538445434,-34.782397153743936,18.704983816519146,73.7985474891585,-74.72682977104071,-23.121992020911073
-1.1349778054996003,50.33308204705296,-61.1089635322103,16.33744479131471,-58.98820138527849,-137.4419621092169,-58.06865028068765,153.84261154533047,5.459625948608229,32.829023184422276,103.97522194422876,-34.34889419649562,-86.69249308361948,60.487080672163366,-93.75476187497355,2.886312721793111,61.444515724470165,86.4900755896645,4.084092021383325,10.187147520392214,-194.9600777663187,-22.093224792380806,-56.279890109518426,-162.6615777122883,42.61459072972199,-1.8422076934754572,47.27455132899824,141.45621328666522,-18.929232011820556,153.53801858553595,-19.56460599027861,-72.42204677577399,145.48672776895177,7.888527459398502,25.781889103376447,-20.722564483160962,-24.627512252052945,-69.81087978371681,-63.41967118559782,-85.26137978484758,195.9049153025437,-45.025202212525755,14.371354692632538,-117.23793192423695,80.88267305153789,46.190720738519744,87.43723774569455,64.84731966480733,95.33622421685637,-47.73416052851361,-16.5920841022272,69.21513135947644,-37.654398323113085,-148.13747809142632,150.00482475132094,46.28979941366093
-0.21428243261430835,2.35575542718554,-3.28142086813132,1.0609755350397587,-3.442152495720312,-6.972940697078993,-3.0045954745723233,8.152450866892154,0.613919234803509,1.2333281608337863,5.495320728432619,-2.0077305830019294,-5.093291605617474,2.769398414312032,-4.7200089275544155,-0.4016284565140146,3.633311252694204,4.907445740824452,-0.008953967832474216,0.6095362480719356,-10.400989392154784,-0.9269748601751021,-3.269915387155758,-8.747875093304195,1.8644935872775918,0.6907917134700179,2.900203898149094,7.831656500903715,-1.292161907966314,8.723183418284526,-1.1614921889622902,-3.083159474096909,7.888527459398502,0.6802909889032704,2.2761992436861087,-1.0060781584382184,-1.940864804492132,-3.159610456795543,-3.4760110592266122,-4.233313715884022,10.604855513440803,-2.0448299864489345,0.9092023730338052,-6.508020918489738,4.222765864150661,3.024739204515647,5.28999583762929,3.707142710556911,5.316027454454073,-2.328596765426256,-1.0995226500987936,3.6553256540365484,-2.052814503847804,-8.014569184153503,8.118274074083784,2.4860122500719437
-0.7330519378118935,7.620568496482648,-10.715609898288204,3.504232245381413,-11.301772914748222,-22.686801699900172,-9.79059544145647,26.60291919986425,2.0751783939001442,3.916691015896238,17.930608356864276,-6.59272747388616,-16.72858076681431,8.944043087398308,-15.348159506669369,-1.431319272876487,11.939521529111222,16.087023819902377,-0.08109821557147794,2.006200096999771,-33.95744071386087,-2.9730774301332783,-10.733333066824393,-28.57587116468086,5.998472511867454,2.424734124031036,9.5484758232525,25.629504802352994,-4.279251735664872,28.5941871859237,-3.8160196563161946,-9.89641254516473,25.781889103376447,2.2761992436861087,7.626497562910058,-3.262099740931618,-6.471790274082514,-10.194228833379759,-11.369698637860036,-13.754171395531092,34.656695133270205,-6.5986595223760425,2.9981674547249715,-21.300375054358643,13.766114219746632,9.99714152733515,17.40530435712409,12.153714814222505,17.405732195414394,-7.557836465791464,-3.6378500928193627,11.925405716414767,-6.713161176593165,-26.191961470432222,26.52721202012948,8.120566911094356
0.09024847263383806,-7.342657001223628,8.7202887122095,-2.2454920322209704,8.28786041025447,19.800679148415227,8.33674769877601,-22.00117220071044,-0.6288031481288803,-4.929669736814037,-14.875560271431823,4.824576224991462,12.165134659925156,-8.853052213194971,13.524356749830883,-0.6720497284545314,-8.610214309486578,-12.216824772804976,-0.6905088158335342,-1.4231043877069507,27.847978224318386,3.2724234314058873,7.914841017334382,23.20142958231521,-6.278616625153314,0.6307625505773468,-6.576788351108003,-20.07275549564604,2.5722654229736484,-21.682506780586216,2.7411713892707574,10.709777987759553,-20.722564483160962,-1.0060781584382184,-3.262099740931618,3.007286475532313,3.224258696565204,10.233684486868789,9.015335393431887,12.324605161167602,-27.911036182846665,6.598310160973415,-1.986915186124688,16.62945183968414,-11.596502765810042,-6.3357084334296685,-12.198512333270687,-9.148995369831221,-13.509666102741834,6.918448649938107,2.268867147172502,-9.904089595718585,5.356987030697297,21.106791414079563,-21.374132295356976,-6.603828144908848
0.558498616278737,-7.626590274062192,10.266163346277706,-3.185897202419659,10.572729247211333,22.11745356643446,9.487988022505004,-25.590247888490236,-1.6871247014021447,-4.248498853349529,-17.26135612376093,6.163469113825282,15.617530342212083,-9.015609953232774,14.998557157757785,0.8521421420501749,-11.127232109867945,-15.164590776952577,-0.13753658947996072,-1.8637163537077726,32.59863612245429,3.09170173428492,10.050516203168481,27.367027643466,-6.142020177667379,-1.5842174510122697,-8.812791651735694,-24.336632716343733,3.8428101886121193,-26.95082483148308,3.5507060871862173,10.235052747422001,-24.627512252052945,-1.940864804492132,-6.471790274082514,3.224258696565204,5.625536867759611,10.322007683470469,10.825917279876963,13.502164864529012,-33.12413544699255,6.670742052776747,-2.744239422940803,20.207912702216614,-13.302876929645846,-9.069306039613306,-16.117639319060856,-11.434512662019934,-16.49520399116957,7.461168212972988,3.290074315984276,-11.484279784695904,6.403086622669735,25.03728205111922,-25.35760709164568,-7.78025599054945
