V1,V2,V3,V4,V5,V6,V7,V8,V9,V10,V11,V12,V13,V14,V15,V16,V17,V18,V19,V20,V21,V22,V23,V24,V25,V26,V27,V28,V29,V30,V31,V32,V33,V34,V35,V36,V37,V38,V39,V40,V41,V42,V43,V44,V45,V46,V47,V48,V49,V50,V51,V52,V53,V54,V55,V56
0.10839287608219995,0.19895423238675766,0.05040879073302216,-0.14173969851419743,0.24123338764220195,-0.16923715963176736,-0.028861863285148864,-0.05373143587302723,-0.22942969897242024,0.3404980558826456,-0.027194807936745356,0.14334948736877884,0.37920234995195506,0.28198709924725757,-0.14134579301568712,0.3862388142868558,-0.28607593978251417,-0.25822012871602346,0.1577156685990227,-0.05354657436769921,0.11730673643861277,-0.16157900300288067,0.2199104936493019,0.14692078334835038,0.2600961920407577,-0.549168028615848,-0.2907375328528959,-0.2835592748565948,0.20785196236789744,-0.4640288881586172,0.09257173942201934,-0.5020067508233087,-0.17722041972620886,-0.1856517342392461,-0.6450512531652793,-0.057480811056852515,0.4527273815524146,-0.3511555312758517,0.10358217941120965,-0.16767449965510503,-0.22617774624001047,-0.22238850568204957,-0.10722319191211029,0.24625365093821455,0.016266731072190007,-0.4196228418959271,-0.48912054821361356,-0.2096958206242114,-0.21801576143195486,-0.12187884640386039,0.1610114213730998,-0.015334172918583196,0.054556442295665995,0.1692631597126067,-0.16886282721374105,-0.0399594643324428
0.19895423238675766,1.2195192433309794,-0.8835979730488855,-0.022626841953839023,-0.46629966927183036,-2.562752341192858,-1.003403714799096,2.380793924886226,-0.371837581948053,1.223775224355642,1.6308747301938487,-0.26810330693189854,-0.6391360962154988,1.5519965172519872,-1.7987972402966128,0.8261086698109074,0.4213084487090804,0.8835456518222946,0.3788353450576226,0.06110368638551657,-2.9187529261961735,-0.6868354008136168,-0.46394420491911154,-2.3366869578240297,1.2141353454929076,-1.1405139986077364,0.17215269635328778,1.7154995658899022,0.11573551070078567,1.5497705533791166,-0.12449712898733171,-2.1834607562049824,2.001974857478442,-0.24739612834552785,-0.8824417921434492,-0.449977444965877,0.5141918990177211,-1.8438243566897647,-0.8198016960283073,-1.7229555288844565,2.7190808339594414,-1.177551682565598,0.012827995861424895,-1.3963048527124549,1.3401589749059963,-0.09787099251747552,0.4280456835910902,0.6188275722474414,1.1036511615612132,-1.0238911587354937,0.05173721767887543,1.0885107589470862,-0.5034618448420425,-2.064857981315957,2.0795483329212745,0.6708147566567155
0.05040879073302216,-0.8835979730488855,1.1613976519101377,-0.3463441713099508,1.1719814406596423,2.526746707555175,1.0741505174345105,-2.894837119923305,-0.16345504395805627,-0.514259453246688,-1.9505365086515354,0.6817443145369592,1.7280432013868725,-1.0492493384829367,1.7175349629216947,0.053920691338457796,-1.226384145322321,-1.6855769802142402,-0.03829338458061512,-0.20135076387794165,3.679981041992485,0.3654677563428056,1.116126741850143,3.083419381334537,-0.725089116213304,-0.12121195060438594,-0.9711594590842212,-2.727585390181815,0.4141559288725379,-3.001786573832323,0.3961382773916468,1.2165019182675354,-2.768193780824006,-0.20044182997956458,-0.6606954981296629,0.37330906640064465,0.5871800520759175,1.2046266487656034,1.2128299132830778,1.5445398631149927,-3.724694295627422,0.7803319845180178,-0.3016969245606951,2.266078822939456,-1.5101748206569738,-0.9798091543956308,-1.7727581542498154,-1.2787559465417502,-1.844154040507407,0.8537030293729075,0.3510256087773261,-1.300182822504776,0.7158557429296019,2.811757434289906,-2.86010767450913,-0.8752935560320776
-0.14173969851419743,-0.022626841953839023,-0.3463441713099508,0.2550627646209181,-0.5769108647628914,-0.41786260349091886,-0.22729094030656996,0.7745150638860694,0.3139355896182842,-0.2833907844459928,0.5099515195370447,-0.3384311244474541,-0.8776322558469983,-0.08184200292178435,-0.2529659587666003,-0.4759768529435564,0.6421646251781479,0.7209347930885502,-0.17760828811475265,0.11215248209239907,-1.0428692423804096,0.10488228887573318,-0.5379249000233126,-0.9319449727582308,-0.13372600948788524,0.6883083513305495,0.5885420532774429,1.0091603992149223,-0.35138552852920296,1.2917438756041555,-0.2095377785113549,0.30250642281156587,0.8894068618006001,0.27172014332785943,0.933985964165257,-0.023086101229819665,-0.6863166773282535,0.12653719426649016,-0.42058772146567464,-0.176567728322574,1.182736375702394,0.07507086496880204,0.2034878220722347,-0.8518874869737821,0.35142428327315883,0.7424781371212905,1.0204817972189564,0.5671553819778521,0.713369875232039,-0.06166597019811287,-0.2774569632773339,0.33752636811239795,-0.23958725190425573,-0.8894269137083846,0.906003396557064,0.26181529264042425
0.24123338764220195,-0.46629966927183036,1.1719814406596423,-0.5769108647628914,1.5258517041577053,2.0518258490504393,0.9491690525113372,-2.793619993353928,-0.5641794406626116,0.13116316545490894,-1.8666082919461158,0.8921959840465425,2.2894678574047056,-0.47212304248933074,1.3476766778259555,0.7433187848477643,-1.6557964247318102,-2.03459993632061,0.24826140346455364,-0.28429415233126076,3.640885538701414,0.050839976529052165,1.435767557634886,3.138234679404046,-0.20891769639786595,-1.0979893261495572,-1.4271696641581564,-3.0508942589812587,0.7594407112545537,-3.6300395137381405,0.5354911310549672,0.23293218132135848,-2.896507809241754,-0.5191934256939655,-1.772999016171488,0.24418752206581937,1.3592596929041048,0.4920831252783296,1.3166947162595728,1.1388202641230651,-3.876839166188221,0.3282160472701514,-0.4736986937173923,2.553562295516938,-1.3786236886838994,-1.6665977631823266,-2.5292955341466667,-1.5677383926265391,-2.110333142989302,0.5779166508568966,0.6163868585131959,-1.2392768385469806,0.7654497018554073,2.9235560712380195,-2.9690261934407087,-0.8875248718762628
-0.16923715963176736,-2.562752341192858,2.526746707555175,-0.41786260349091886,2.0518258490504393,6.249691380197371,2.553195459037383,-6.506206279597847,0.22664702706220255,-2.0941777252823246,-4.414893602440749,1.1884659250107643,2.965039243090739,-3.1661530509390285,4.315630155940582,-0.900025948014507,-2.0660375107609394,-3.198885107552528,-0.49338956433556735,-0.3295165034686815,8.146222368516666,1.2736673452675957,1.978782055892438,6.698030218837941,-2.3547539401943953,1.1817663066723367,-1.449692395271718,-5.51226137205371,0.39689599046598384,-5.668456803805755,0.6565144712875848,4.122378002504671,-5.897843400513027,0.03375459850169369,0.1876514509064296,1.006698465527566,0.1489598292962347,3.7051848185152294,2.5181355311560605,4.001281616953541,-7.967088354054949,2.3824614473554053,-0.4032295671021084,4.546713098493026,-3.510383869714647,-1.1427077190297459,-2.776779284972023,-2.368352556683931,-3.6605339332196745,2.2958935335445747,0.388939694872704,-2.9450253385938803,1.508391729106427,6.026871909452519,-6.111526977224719,-1.9093368400100483
-0.028861863285148864,-1.003403714799096,1.0741505174345105,-0.22729094030656996,0.9491690525113372,2.553195459037383,1.0653149635885921,-2.7469948745807455,0.0061228363877800385,-0.7559428318209461,-1.864113667989649,0.5534764460639914,1.3864496372037958,-1.2256297518357013,1.752125735755304,-0.23224592057429724,-0.9778095625988924,-1.4427639565266515,-0.14196054100397032,-0.16279569974621733,3.4593025079781987,0.4767979591773579,0.9086344625963801,2.863820360278834,-0.8889640264877693,0.29211390001237386,-0.7105002006778913,-2.415596552508799,0.24166199323549356,-2.551921584877801,0.30413662873842856,1.538047120282159,-2.5438013601887746,-0.054998073484410465,-0.16526180301013196,0.39884004889421676,0.2334707598357238,1.4276064917373985,1.0969282272151009,1.6196464009122922,-3.4298346901487804,0.9153981381032472,-0.20571978222740753,1.9938598090786332,-1.46383077077217,-0.637924588949838,-1.3472323921860592,-1.063587145924811,-1.617338853000703,0.922586737917919,0.22834605871934732,-1.2396870210509363,0.6572156980129579,2.599284155108712,-2.6176993465525222,-0.8178550364926875
-0.05373143587302723,2.380793924886226,-2.894837119923305,0.7745150638860694,-2.793619993353928,-6.506206279597847,-2.7469948745807455,7.283488057668674,0.25802116736798536,1.5503820663286123,4.9208709269918876,-1.626227165733423,-4.105767908073883,2.860243401992787,-4.43841567800701,0.13484825788005037,2.908579341565588,4.092784497522023,0.19573053878851127,0.4804518506533902,-9.22881784893483,-1.0439555421790727,-2.6652994651668385,-7.699805087798552,2.0161991598107685,-0.08382965411742874,2.2415537442153126,6.698128081850771,-0.8976713042764866,7.26997277992651,-0.9280930381019296,-3.4268231736920733,6.886238451477608,0.37486845776630934,1.222260733630618,-0.9814894271748493,-1.168116398299911,-3.302228942500989,-3.001016523551966,-4.033702276562876,9.272740560651915,-2.1303886335236992,0.6819678934443703,-5.552245905982896,3.8292234917107377,2.187424543068771,4.141038364063071,3.0736519941322547,4.5137456368077515,-2.2564857865924286,-0.784048915807514,3.276965628905273,-1.7808478582958436,-7.009980587369724,7.104130633058518,2.1905249634007524
-0.22942969897242024,-0.371837581948053,-0.16345504395805627,0.3139355896182842,-0.5641794406626116,0.22664702706220255,0.0061228363877800385,0.25802116736798536,0.48886404423635443,-0.6862059934085131,0.15550902068760844,-0.3343546520252738,-0.880224487207528,-0.5367520637610086,0.20905006289909792,-0.8109942534464897,0.6606213881699251,0.6262827477191747,-0.3292586669412407,0.12280339486740056,-0.4315319935997848,0.31954512457691175,-0.517082812546521,-0.46349675584199385,-0.5077469856536134,1.1552492907645286,0.6570215425337146,0.7308481359434988,-0.4559590567079772,1.122385197871234,-0.2137175211166283,0.9894684074531317,0.5105027511269223,0.3982571252552433,1.3836312942719144,0.10177173907227755,-0.9766898646918516,0.674646287728669,-0.27859122462381875,0.2728220485736883,0.6615360641626293,0.4260770866941408,0.23946716107393376,-0.6294951633757192,0.04211579578062909,0.928059933465896,1.1131689494803945,0.5027276823773588,0.5492988736298566,0.21123530834871543,-0.35522534552746815,0.09751147969129274,-0.1507721272682477,-0.4964860237729251,0.49737851701592656,0.1279444188952012
0.3404980558826456,1.223775224355642,-0.514259453246688,-0.2833907844459928,0.13116316545490894,-2.0941777252823246,-0.7559428318209461,1.5503820663286123,-0.6862059934085131,1.4953101827052564,1.0840159663047015,0.08207639314254155,0.2687900872494264,1.6119292380346588,-1.5109341097255358,1.299712505270961,-0.2414150170600313,0.13354650518332872,0.5527594133818996,-0.05343996556368304,-1.8061197358271206,-0.783814821258003,0.09367117442439636,-1.3469032860896035,1.331454689202561,-1.8267950643959907,-0.43370037680891604,0.6557987827519233,0.4735821734182567,0.20421565185787222,0.09266306929695718,-2.4576082556172856,1.0612125833070054,-0.5216970024153132,-1.823010462167385,-0.4187195131838107,1.2079563020733806,-1.944442167912252,-0.37745133344971143,-1.515873538546362,1.4672217761925765,-1.23556137382284,-0.19611534115526466,-0.502047914482758,0.9591750720087812,-0.8550600096825011,-0.6223676008087142,0.02730970142162011,0.356729134111361,-0.9459817424937634,0.3335128390927588,0.7257917232617932,-0.25145418508025963,-1.124078048266749,1.1185388353153305,0.3928768454801994
-0.027194807936745356,1.6308747301938487,-1.9505365086515354,0.5099515195370447,-1.8666082919461158,-4.414893602440749,-1.864113667989649,4.9208709269918876,0.15550902068760844,1.0840159663047015,3.3281399244356167,-1.0875733001566945,-2.7422336021587244,1.9638836708158063,-3.0132870369083458,0.12709765004087722,1.9434759441862355,2.748510360128127,0.14233053384483912,0.3232918576400668,-6.232370226210046,-0.723257373244715,-1.7813294730313036,-5.195694603930094,1.3877232521015195,-0.10930606241220504,1.4850091850001206,4.503303655848411,-0.5864369136497469,4.875130226184451,-0.6160600693414592,-2.3632824460373754,4.644639089673342,0.23563279753483327,0.768583519287176,-0.6680513688896491,-0.7481155324478169,-2.2687894038058167,-2.0226197813685403,-2.7470522721082284,6.254712834196516,-1.4617014701203634,0.4491570371354558,-3.7301996733186553,2.5906628887051033,1.4420788703876242,2.7559296650588356,2.0544154657105023,3.033372057512257,-1.541800160327703,-0.518873395642331,2.2145539873185394,-1.2026220430193624,-4.731922022848057,4.785003871055207,1.4795898526071443
0.14334948736877884,-0.26810330693189854,0.6817443145369592,-0.3384311244474541,0.8921959840465425,1.1884659250107643,0.5534764460639914,-1.626227165733423,-0.3343546520252738,0.08207639314254155,-1.0875733001566945,0.5228605136845831,1.3411444532033328,-0.26982053490337043,0.7792758345187228,0.44099119994975045,-0.9712562082539337,-1.1911311092433898,0.14982849207569593,-0.16803273756061202,2.120462297055269,0.027095651571102858,0.8387754857734313,1.8288182580588856,-0.11564860222476402,-0.6501703291796919,-0.8342002814262123,-1.7804188978839994,0.44529576010160954,-2.1224641950877943,0.3116034603381836,0.1236780701236298,-1.6911987334153085,-0.3061888267384366,-1.0466298738491404,0.14041783572657257,0.8010942542058546,0.28038063999762597,0.7690893219737172,0.6603628455531932,-2.262214023009329,0.18599235891612861,-0.27665559949079277,1.4895008559058913,-0.8008567736556449,-0.9792460876954594,-1.482454932644032,-0.9139303243329381,-1.2325353435789415,0.3352105079456487,0.3638196764381384,-0.7209305252479062,0.4479374645187876,1.7079820476395746,-1.7280013367716631,-0.518004156946075
0.37920234995195506,-0.6391360962154988,1.7280432013868725,-0.8776322558469983,2.2894678574047056,2.965039243090739,1.3864496372037958,-4.105767908073883,-0.880224487207528,0.2687900872494264,-2.7422336021587244,1.3411444532033328,3.4436359570105033,-0.6281794729932019,1.9395607287938461,1.1778957087552773,-2.4939672043294703,-3.04167279439731,0.40108476312947067,-0.4299733488753858,5.3602878039605555,0.03852982041865044,2.1514882653746628,4.630667892211232,-0.2461630543917236,-1.7342715934143367,-2.1547958088347894,-4.53426576925182,1.1587493597159226,-5.4258005188196865,0.8032173756151652,0.2251379450893183,-4.287861731828886,-0.8040405393376928,-2.7468856962594206,0.3445756122671102,2.0964408090961273,0.6432892323240126,1.9531846590268709,1.6317062964359534,-5.734205650276821,0.4297212378146823,-0.7170817559124852,3.7961695494689294,-2.014919412869242,-2.538154694609803,-3.8185091673778815,-2.3422409342333337,-3.141818884585338,0.819808781124766,0.941624895839018,-1.8188606692668807,1.1352579924537067,4.326560743680499,-4.38497761000595,-1.3103581932483181
0.28198709924725757,1.5519965172519872,-1.0492493384829367,-0.08184200292178435,-0.47212304248933074,-3.1661530509390285,-1.2256297518357013,2.860243401992787,-0.5367520637610086,1.6119292380346588,1.9638836708158063,-0.26982053490337043,-0.6281794729932019,1.9870912527510671,-2.2310483684134526,1.1476547004279252,0.4009040470694848,0.9723994258785611,0.5167699834691376,0.05445102728271265,-3.488102941189701,-0.8932869245947617,-0.4781840443613772,-2.7723731491543946,1.569035839162096,-1.5904189408068956,0.09595228797313456,1.9673473408659445,0.21966814203070295,1.6978992186866706,-0.1152709208047924,-2.8340335492140896,2.356011927905632,-0.370843731841544,-1.3136971346482693,-0.5662622641780368,0.7962419777526324,-2.364732192911303,-0.9537695609937846,-2.149537878451437,3.205240913496143,-1.5101313739356308,-0.02586832259126244,-1.5955767690383484,1.6278991343878895,-0.27816669635101654,0.33169262072005756,0.6675592003213595,1.252033834283651,-1.286904474269985,0.12312927650383539,1.3111067584548035,-0.5893117888150131,-2.435645208565219,2.451331933650472,0.7968991564356832
-0.14134579301568712,-1.7987972402966128,1.7175349629216947,-0.2529659587666003,1.3476766778259555,4.315630155940582,1.752125735755304,-4.43841567800701,0.20905006289909792,-1.5109341097255358,-3.0132870369083458,0.7792758345187228,1.9395607287938461,-2.2310483684134526,2.986218462467162,-0.7059336722367354,-1.3457062671045756,-2.1273372653234324,-0.3752527836615341,-0.2120767583748577,5.545492718761132,0.9083025992218047,1.3032535694963712,4.547759549705152,-1.671774440117185,0.9360444913533479,-0.9250487440068602,-3.7050401558690256,0.22357525865395658,-3.7690922624477916,0.42881349278583547,2.9376200877343948,-3.9924563045248815,0.06638883571865657,0.27919696597900573,0.7024149429239217,-0.004189940035379969,2.6151417926005887,1.6981604794270464,2.7753059751538856,-5.396555538167484,1.6817349124183796,-0.25154014696071236,3.053934880012989,-2.405579681281635,-0.6835841030873794,-1.7856372193140742,-1.5728018762671752,-2.4530025829517714,1.5979676425809113,0.2275888188410252,-2.011190653742862,1.0183277461279248,4.0816836712766476,-4.143042900949644,-1.2963666082351304
0.3862388142868558,0.8261086698109074,0.053920691338457796,-0.4759768529435564,0.7433187848477643,-0.900025948014507,-0.23224592057429724,0.13484825788005037,-0.8109942534464897,1.299712505270961,0.12709765004087722,0.44099119994975045,1.1778957087552773,1.1476547004279252,-0.7059336722367354,1.3960315752353452,-0.8943538815185682,-0.7392021485289058,0.5707231849055967,-0.16705655287107463,0.005013048378141565,-0.6311852369828972,0.6730177383669323,0.18032603072582792,1.0268291220610823,-1.9817633977925841,-0.9509017111630712,-0.7194990916959307,0.7096852223386658,-1.340637349328235,0.2953559650333871,-1.9594755087412261,-0.32169472187699827,-0.6515636203104588,-2.263533286688056,-0.2500234200553634,1.5762693472744416,-1.4161087712192126,0.2344917189334313,-0.7892153163184623,-0.39044103515387923,-0.8964539866115615,-0.3580026438411772,0.6386217012235188,0.22981909367428421,-1.4096673613843629,-1.5722983901897685,-0.6224329952877526,-0.5805539529668884,-0.5452320718325327,0.5396223994955738,0.09188714719746133,0.11212167290747735,0.28429262807821165,-0.2934010112424473,-0.0428662222426314
-0.28607593978251417,0.4213084487090804,-1.226384145322321,0.6421646251781479,-1.6557964247318102,-2.0660375107609394,-0.9778095625988924,2.908579341565588,0.6606213881699251,-0.2414150170600313,1.9434759441862355,-0.9712562082539337,-2.4939672043294703,0.4009040470694848,-1.3457062671045756,-0.8943538815185682,1.8101926349538116,2.193685610988911,-0.31263162354091023,0.3151990545787879,-3.806429337175656,-0.0030948512609363875,-1.5542824684734002,-3.296052739339397,0.13177215677258203,1.3121126634751825,1.5656448936600622,3.248109857849611,-0.8508522787228732,3.908563125621191,-0.5795211090607717,-0.07719246306513199,3.060198595914666,0.5972912747825949,2.0457151446512256,-0.23309436815269025,-1.5541565055371565,-0.40045666664773244,-1.3983911115814431,-1.1285128405910434,4.090346717621673,-0.26782414710025293,0.5219901065178392,-2.7191865739180314,1.4200842487927368,1.8618638390059175,2.776391723522876,1.6840280072113973,2.255265217633633,-0.5631986087051055,-0.694093210013887,1.28700064206379,-0.813466007646791,-3.088838129218598,3.121097801691791,0.9335466441104104
-0.25822012871602346,0.8835456518222946,-1.6855769802142402,0.7209347930885502,-2.03459993632061,-3.198885107552528,-1.4427639565266515,4.092784497522023,0.6262827477191747,0.13354650518332872,2.748510360128127,-1.1911311092433898,-3.04167279439731,0.9723994258785611,-2.1273372653234324,-0.7392021485289058,2.193685610988911,2.7846894498394805,-0.22992749034082371,0.378306235100581,-5.2922518607029625,-0.23197692638519415,-1.9200687837064365,-4.51917602068851,0.5544419716247068,1.109042767966932,1.8337287197268513,4.256881652216919,-0.9273775088807861,4.950421890295872,-0.7003624217348908,-0.8150358000854894,4.139018408421674,0.594648132781975,2.0277109610600763,-0.414285584987549,-1.5906326850079149,-1.0660439685132566,-1.860908994574812,-1.8537498391603158,5.547073723783982,-0.6962328921867226,0.5968605190603654,-3.551337273851847,2.0579883630201046,2.08057443912688,3.2935851151794684,2.11715943391417,2.926130877193028,-0.9805415496275033,-0.7705756802653912,1.822639571803842,-1.0909146680422461,-4.192248195727692,4.2349701757999485,1.2826334215564732
0.1577156685990227,0.3788353450576226,-0.03829338458061512,-0.17760828811475265,0.24826140346455364,-0.49338956433556735,-0.14196054100397032,0.19573053878851127,-0.3292586669412407,0.5527594133818996,0.14233053384483912,0.14982849207569593,0.40108476312947067,0.5167699834691376,-0.3752527836615341,0.5707231849055967,-0.31263162354091023,-0.22992749034082371,0.24444108346118054,-0.06436217100048652,-0.17290676898868917,-0.2735808293988852,0.22191453397112598,-0.07179841599514454,0.45675141961073285,-0.8058308684276779,-0.3371564251214687,-0.16294979253263572,0.2694878786774272,-0.4075970539983609,0.0978394090427981,-0.8653795300863845,-0.004515073909616753,-0.2567161512095936,-0.9012251802821545,-0.12251751016513908,0.6188006872766122,-0.6365477942645941,0.04232511885878541,-0.3937276781261336,0.012520412093839686,-0.40563803325118497,-0.12919080520340204,0.1499029980112182,0.16839237345668207,-0.5346522694405776,-0.5617217249912685,-0.18610138725740633,-0.15052077925633212,-0.2581105853658259,0.21056424779299224,0.10122801546636398,0.01678270567724852,-0.008497403496481494,0.023884899221255623,0.021835846746592363
-0.05354657436769921,0.06110368638551657,-0.20135076387794165,0.11215248209239907,-0.28429415233126076,-0.3295165034686815,-0.16279569974621733,0.4804518506533902,0.12280339486740056,-0.05343996556368304,0.3232918576400668,-0.16803273756061202,-0.4299733488753858,0.05445102728271265,-0.2120767583748577,-0.16705655287107463,0.3151990545787879,0.378306235100581,-0.06436217100048652,0.057989448248386886,-0.6331359428454941,0.005643137147081881,-0.26596772282289843,-0.5510447826850291,0.008012656911319815,0.24248605369627924,0.2683914681843256,0.5479542872771034,-0.14926823339812667,0.6677213374752119,-0.09691327268435448,0.014468765522023572,0.5156088245544831,0.10707117398437835,0.37149591030509554,-0.03411947184700268,-0.2791069668327368,-0.05042097953131282,-0.2377449076661289,-0.18017028508591168,0.6881181465104009,-0.03263135117380999,0.08920863271530827,-0.4574143538163014,0.23185239222666792,0.3294380685710847,0.48216922163575454,0.2826012080577716,0.3828487399700747,-0.09070278177022968,-0.12604012679367957,0.21195077391293016,-0.13982164326911936,-0.5229008627568513,0.5175434670321057,0.15728505011448515
0.11730673643861277,-2.9187529261961735,3.679981041992485,-1.0428692423804096,3.640885538701414,8.146222368516666,3.4593025079781987,-9.22881784893483,-0.4315319935997848,-1.8061197358271206,-6.232370226210046,2.120462297055269,5.3602878039605555,-3.488102941189701,5.545492718761132,0.005013048378141565,-3.806429337175656,-5.2922518607029625,-0.17290676898868917,-0.6331359428454941,11.718413484084161,1.246601804255994,3.4696353098785515,9.799605789400317,-2.4299913455783617,-0.1430555293056846,-2.963993241967793,-8.594069285448304,1.2290737478596683,-9.39902727189966,1.2147397243151905,4.102372136920592,-8.783982405607242,-0.5572245530251088,-1.8387238516011797,1.213545513643856,1.6813165845595652,4.013300376348879,3.8415357297867185,5.0226423103630555,-11.823336082569355,2.5914518339496873,-0.910151904097498,7.128625057340575,-4.832212409040837,-2.956431669926053,-5.456199315658938,-3.978208238289576,-5.804076171831558,2.79863583361164,1.0656062830341457,-4.148294974689011,2.2769077219734597,8.938045565179863,-9.054531993054328,-2.7872271408256593
-0.16157900300288067,-0.6868354008136168,0.3654677563428056,0.10488228887573318,0.050839976529052165,1.2736673452675957,0.4767979591773579,-1.0439555421790727,0.31954512457691175,-0.783814821258003,-0.723257373244715,0.027095651571102858,0.03852982041865044,-0.8932869245947617,0.9083025992218047,-0.6311852369828972,-0.0030948512609363875,-0.23197692638519415,-0.2735808293988852,0.005643137147081881,1.246601804255994,0.42036621748013175,0.0633975765837159,0.9631024326415399,-0.7232939574568233,0.8831615434939043,0.11783137003079523,-0.5892546338876455,-0.19160266391807132,-0.3955631752857011,-0.00732497782300753,1.3229818663258042,-0.7927706462318721,0.23586294454565834,0.8275098902210796,0.2415243129908201,-0.5336240398184694,1.0717391628266344,0.30454410688070843,0.8951437659010493,-1.08575919144282,0.6818784081662754,0.06691752102966017,0.46807639476700713,-0.6180570584362304,0.3221333311023557,0.130469648900616,-0.13793181312754105,-0.3562971449791981,0.5481942553981807,-0.12803516265198078,-0.4832568062776373,0.19426348970190666,0.8285437590083723,-0.8279647898711646,-0.27889849639641007
0.2199104936493019,-0.46394420491911154,1.116126741850143,-0.5379249000233126,1.435767557634886,1.978782055892438,0.9086344625963801,-2.6652994651668385,-0.517082812546521,0.09367117442439636,-1.7813294730313036,0.8387754857734313,2.1514882653746628,-0.4781840443613772,1.3032535694963712,0.6730177383669323,-1.5542824684734002,-1.9200687837064365,0.22191453397112598,-0.26596772282289843,3.4696353098785515,0.0633975765837159,1.3528995320064163,2.986091833913814,-0.22525771981651194,-0.9972494386453156,-1.3370962208708195,-2.8893481987593,0.7065760304571085,-3.424706705456728,0.504713120277693,0.27147738707901353,-2.751275692619525,-0.47821663719737223,-1.632711447243904,0.2393031431947053,1.2545931237205517,0.5017906686474413,1.2489504336319217,1.1035499949967837,-3.68364329274261,0.33526465618294954,-0.4432155504593709,2.41865857830158,-1.3198184953242822,-1.5527518965372025,-2.3713443814518897,-1.4799056493293246,-1.995787175125134,0.563375453698723,0.5730254173624446,-1.183138594377436,0.7258223496453765,2.7769142743316184,-2.823626089404993,-0.8441262393551486
0.14692078334835038,-2.3366869578240297,3.083419381334537,-0.9319449727582308,3.138234679404046,6.698030218837941,2.863820360278834,-7.699805087798552,-0.46349675584199385,-1.3469032860896035,-5.195694603930094,1.8288182580588856,4.630667892211232,-2.7723731491543946,4.547759549705152,0.18032603072582792,-3.296052739339397,-4.51917602068851,-0.07179841599514454,-0.5510447826850291,9.799605789400317,0.9631024326415399,2.986091833913814,8.217317198816955,-1.9023173158279254,-0.36934695238443976,-2.5978604461066297,-7.276873113845034,1.117111645015121,-8.028577549118149,1.0525446844306425,3.182947116957586,-7.385906843183987,-0.547958781346906,-1.823293685876836,0.9829557649806846,1.6047580895216131,3.177583222624382,3.2422014006475424,4.100793394868356,-9.936239184503503,2.0538447187817144,-0.8059137055852585,6.041001799724838,-4.011539554367576,-2.6502349430602505,-4.760710748458347,-3.4042478988803437,-4.92667668793637,2.272130654279409,0.9596725090882486,-3.457080352732129,1.9185685310711622,7.510537779909832,-7.607660899769728,-2.3362971320879677
0.2600961920407577,1.2141353454929076,-0.725089116213304,-0.13372600948788524,-0.20891769639786595,-2.3547539401943953,-0.8889640264877693,2.0161991598107685,-0.5077469856536134,1.331454689202561,1.3877232521015195,-0.11564860222476402,-0.2461630543917236,1.569035839162096,-1.671774440117185,1.0268291220610823,0.13177215677258203,0.5544419716247068,0.45675141961073285,0.008012656911319815,-2.4299913455783617,-0.7232939574568233,-0.22525771981651194,-1.9023173158279254,1.2607891762035175,-1.4290891353792836,-0.08403285174883587,1.2553058342410055,0.2670873117216104,0.964922018883526,-0.03532350626189345,-2.294884493095469,1.587306601226033,-0.36383623820452826,-1.284801773518278,-0.4363627600059397,0.811424057546377,-1.8756796317317228,-0.6249261802458448,-1.623738575311814,2.167753275282784,-1.198243982025227,-0.07426140618086832,-1.010809142353183,1.1729067795197043,-0.42406220341781603,-0.02429671540897351,0.3687090895921784,0.7778531789192872,-0.9820235576928577,0.17646517926161662,0.9292701068642616,-0.389896119570644,-1.6463384058387758,1.6651339049012892,0.5470968955086766
-0.549168028615848,-1.1405139986077364,-0.12121195060438594,0.6883083513305495,-1.0979893261495572,1.1817663066723367,0.29211390001237386,-0.08382965411742874,1.1552492907645286,-1.8267950643959907,-0.10930606241220504,-0.6501703291796919,-1.7342715934143367,-1.5904189408068956,0.9360444913533479,-1.9817633977925841,1.3121126634751825,1.109042767966932,-0.8058308684276779,0.24248605369627924,-0.1430555293056846,0.8831615434939043,-0.9972494386453156,-0.36934695238443976,-1.4290891353792836,2.8163816964644184,1.3868017235271202,1.1218791345295052,-1.0228226360270696,2.011661709258481,-0.43606124394679596,2.7333407445533457,0.5572128156849311,0.931795517665741,3.234175359414584,0.3399756250974475,-2.2565453018299495,1.9666994799975832,-0.3765895112417644,1.0644478831911712,0.6896896150376305,1.242560883663257,0.5202979979917899,-0.9916043990628225,-0.26952928086225636,2.034922571781786,2.2960060875739723,0.9332868549080111,0.8908999845427437,0.7442203803378427,-0.7763640625450324,-0.08206673006347583,-0.18369235532598502,-0.5037612502726111,0.5248928034919965,0.09217146587432354
-0.2907375328528959,0.17215269635328778,-0.9711594590842212,0.5885420532774429,-1.4271696641581564,-1.449692395271718,-0.7105002006778913,2.2415537442153126,0.6570215425337146,-0.43370037680891604,1.4850091850001206,-0.8342002814262123,-2.1547958088347894,0.09595228797313456,-0.9250487440068602,-0.9509017111630712,1.5656448936600622,1.8337287197268513,-0.3371564251214687,0.2683914681843256,-2.963993241967793,0.11783137003079523,-1.3370962208708195,-2.5978604461066297,-0.08403285174883587,1.3868017235271202,1.403115969843425,2.6631262166155456,-0.7960723891892776,3.2859253305702256,-0.5133642702855524,0.2940213957129732,2.4328580312811954,0.58484235412108,2.0015033559643425,-0.1383473462883226,-1.4968035799029662,-0.04624303957154223,-1.1267859033290617,-0.7273783883862944,3.247574008272115,-0.04507048061766143,0.4772853514425411,-2.240239740026775,1.066688388749429,1.7039025529616825,2.447810462411656,1.437367551667951,1.8610666968688363,-0.32981898770257967,-0.6306811147452245,0.9868449404091095,-0.6466630657084651,-2.441838608107067,2.4959236725524505,0.7308774139845442
-0.2835592748565948,1.7154995658899022,-2.727585390181815,1.0091603992149223,-3.0508942589812587,-5.51226137205371,-2.415596552508799,6.698128081850771,0.7308481359434988,0.6557987827519233,4.503303655848411,-1.7804188978839994,-4.53426576925182,1.9673473408659445,-3.7050401558690256,-0.7194990916959307,3.248109857849611,4.256881652216919,-0.16294979253263572,0.5479542872771034,-8.594069285448304,-0.5892546338876455,-2.8893481987593,-7.276873113845034,1.2553058342410055,1.1218791345295052,2.6631262166155456,6.670797405647636,-1.2657570012198316,7.578569014477079,-1.0436661102413782,-2.0039770170888302,6.603837376721109,0.7431603590917201,2.5077104829949475,-0.7623170080098891,-2.041141697358701,-2.2154988911188513,-2.935420503018302,-3.276397308701164,8.867260889575943,-1.4404386263176705,0.8520634260601777,-5.555580656985991,3.4257091929751677,2.889533220271635,4.806486445128047,3.2389068167484747,4.553057554625104,-1.769984718503265,-1.0559784431693648,2.994848643478834,-1.7251536496034838,-6.695996912004051,6.7918050069500024,2.064719994478773
0.20785196236789744,0.11573551070078567,0.4141559288725379,-0.35138552852920296,0.7594407112545537,0.39689599046598384,0.24166199323549356,-0.8976713042764866,-0.4559590567079772,0.4735821734182567,-0.5864369136497469,0.44529576010160954,1.1587493597159226,0.21966814203070295,0.22357525865395658,0.7096852223386658,-0.8508522787228732,-0.9273775088807861,0.2694878786774272,-0.14926823339812667,1.2290737478596683,-0.19160266391807132,0.7065760304571085,1.117111645015121,0.2670873117216104,-1.0228226360270696,-0.7960723891892776,-1.2657570012198316,0.4903848788529003,-1.664216979502032,0.27962758277234184,-0.5652945495445673,-1.0805535021834112,-0.3894521236021577,-1.3414794382185264,6.018205224849736e-4,0.9762763831675192,-0.3018594848778935,0.5202077511425304,0.12266868479875183,-1.4336818727981098,-0.18419291456664127,-0.2786521004854532,1.0724461094792788,-0.38980031137636184,-1.0250083957311198,-1.3698608639000251,-0.7359219432022787,-0.9021195182800582,0.013604801648498394,0.38362952951756196,-0.38782663054126537,0.29346208637036675,1.0759493342398563,-1.1001067345843452,-0.31249331730745544
-0.4640288881586172,1.5497705533791166,-3.001786573832323,1.2917438756041555,-3.6300395137381405,-5.668456803805755,-2.551921584877801,7.26997277992651,1.122385197871234,0.20421565185787222,4.875130226184451,-2.1224641950877943,-5.4258005188196865,1.6978992186866706,-3.7690922624477916,-1.340637349328235,3.908563125621191,4.950421890295872,-0.4075970539983609,0.6677213374752119,-9.39902727189966,-0.3955631752857011,-3.424706705456728,-8.028577549118149,0.964922018883526,2.011661709258481,3.2859253305702256,7.578569014477079,-1.664216979502032,8.819119082930243,-1.2555520724790616,-1.4128213510599699,7.35094247287482,1.070839529197861,3.641129344692754,-0.7335549429754857,-2.8576546123144655,-1.8633770379582393,-3.303989007539586,-3.271813135011015,9.853102026421324,-1.2193482461922323,1.071927667644989,-6.325738849870042,3.6536668207714307,3.7195292043080572,5.87929636379732,3.7844565329362814,5.209105289483837,-1.7219011883168713,-1.3712055283055715,3.237766321497407,-1.9330088502602238,-7.438983224749248,7.538804237768489,2.2758158272998252
0.09257173942201934,-0.12449712898733171,0.3961382773916468,-0.2095377785113549,0.5354911310549672,0.6565144712875848,0.30413662873842856,-0.9280930381019296,-0.2137175211166283,0.09266306929695718,-0.6160600693414592,0.3116034603381836,0.8032173756151652,-0.1152709208047924,0.42881349278583547,0.2953559650333871,-0.5795211090607717,-0.7003624217348908,0.0978394090427981,-0.09691327268435448,1.2147397243151905,-0.00732497782300753,0.504713120277693,1.0525446844306425,-0.03532350626189345,-0.43606124394679596,-0.5133642702855524,-1.0436661102413782,0.27962758277234184,-1.2555520724790616,0.1934239230351625,0.012409741460091144,-0.9738893651693685,-0.19586331968416115,-0.6672621513771076,0.07433628816184841,0.5061019912908338,0.1109318778459163,0.4454842453886107,0.3489279596108769,-1.302974108800328,0.07894519244863384,-0.17302234779828254,0.8775015547423833,-0.45341606055424105,-0.6029182714602292,-0.8979427263091654,-0.550550432095049,-0.7229375928229006,0.1695648807013385,0.22019418936757418,-0.4108274428747299,0.2557250811371292,0.9780361712325042,-1.0066366391365325,-0.2956552211086587
-0.5020067508233087,-2.1834607562049824,1.2165019182675354,0.30250642281156587,0.23293218132135848,4.122378002504671,1.538047120282159,-3.4268231736920733,0.9894684074531317,-2.4576082556172856,-2.3632824460373754,0.1236780701236298,0.2251379450893183,-2.8340335492140896,2.9376200877343948,-1.9594755087412261,-0.07719246306513199,-0.8150358000854894,-0.8653795300863845,0.014468765522023572,4.102372136920592,1.3229818663258042,0.27147738707901353,3.182947116957586,-2.294884493095469,2.7333407445533457,0.2940213957129732,-2.0039770170888302,-0.5652945495445673,-1.4128213510599699,0.012409741460091144,4.192490009878075,-2.6270160475984925,0.7194912671325747,2.5363912472637917,0.7775048249699377,-1.6244871577486006,3.3965216722283214,1.016354344703493,2.868997158601599,-3.5962742147051014,2.1683516502035487,0.18264251736584688,1.6041133534103345,-2.0182155751593185,0.9445186236626673,0.29579920340664695,-0.5235277892490232,-1.2199773674817915,1.7453120337191712,-0.3863497754707314,-1.5844617791278763,0.6393518402867164,2.7321981811136116,-2.76585381832136,-0.9165062883961214
-0.17722041972620886,2.001974857478442,-2.768193780824006,0.8894068618006001,-2.896507809241754,-5.897843400513027,-2.5438013601887746,6.886238451477608,0.5105027511269223,1.0612125833070054,4.644639089673342,-1.6911987334153085,-4.287861731828886,2.356011927905632,-3.9924563045248815,-0.32169472187699827,3.060198595914666,4.139018408421674,-0.004515073909616753,0.5156088245544831,-8.783982405607242,-0.7927706462318721,-2.751275692619525,-7.385906843183987,1.587306601226033,0.5572128156849311,2.4328580312811954,6.603837376721109,-1.0805535021834112,7.35094247287482,-0.9738893651693685,-2.6270160475984925,6.662054764248483,0.566168930678359,1.8958347347884583,-0.8519757959792544,-1.619650527141554,-2.688985573990059,-2.934581558189555,-3.5879072852174514,8.954830746092204,-1.7381235206411414,0.7610613340367243,-5.485688916771653,3.567817407616422,2.5379183839211192,4.448437512656024,3.1179152012055917,4.4823893489995985,-1.9769039146140304,-0.9251083164731915,3.08750434406249,-1.7350929740918184,-6.771363337467141,6.847298617150134,2.100508934363586
-0.1856517342392461,-0.24739612834552785,-0.20044182997956458,0.27172014332785943,-0.5191934256939655,0.03375459850169369,-0.054998073484410465,0.37486845776630934,0.3982571252552433,-0.5216970024153132,0.23563279753483327,-0.3061888267384366,-0.8040405393376928,-0.370843731841544,0.06638883571865657,-0.6515636203104588,0.5972912747825949,0.594648132781975,-0.2567161512095936,0.10707117398437835,-0.5572245530251088,0.23586294454565834,-0.47821663719737223,-0.547958781346906,-0.36383623820452826,0.931795517665741,0.58484235412108,0.7431603590917201,-0.3894521236021577,1.070839529197861,-0.19586331968416115,0.7194912671325747,0.566168930678359,0.3308077881216388,1.142851456909651,0.05869812566987369,-0.8152605760200643,0.4706864375855245,-0.2907497874002761,0.13082918838896557,0.7418461429751844,0.2954354878417564,0.21054300278691931,-0.6363205827569122,0.12184967763992828,0.7972849700278694,0.9921803094381113,0.48006467676238457,0.5457026234382893,0.12294175731341585,-0.30141947707605526,0.15385216038683625,-0.1594371083258268,-0.5552135786232326,0.5667304943085979,0.15173984419057912
-0.6450512531652793,-0.8824417921434492,-0.6606954981296629,0.933985964165257,-1.772999016171488,0.1876514509064296,-0.16526180301013196,1.222260733630618,1.3836312942719144,-1.823010462167385,0.768583519287176,-1.0466298738491404,-2.7468856962594206,-1.3136971346482693,0.27919696597900573,-2.263533286688056,2.0457151446512256,2.0277109610600763,-0.9012251802821545,0.37149591030509554,-1.8387238516011797,0.8275098902210796,-1.632711447243904,-1.823293685876836,-1.284801773518278,3.234175359414584,2.0015033559643425,2.5077104829949475,-1.3414794382185264,3.641129344692754,-0.6672621513771076,2.5363912472637917,1.8958347347884583,1.142851456909651,3.9578138313123024,0.216197795971853,-2.817065629252466,1.6684715570408646,-0.9817706243142459,0.49366448341413866,2.4816975048880052,1.048418140307137,0.721259600636617,-2.147567133855106,0.3814218515446905,2.7477189089169234,3.4017105199518265,1.6274359833094139,1.8472424959742095,0.4446085490178266,-1.0431940239846036,0.49833887016813727,-0.539067745616175,-1.860423940911191,1.8870456664788005,0.5056266474342496
-0.057480811056852515,-0.449977444965877,0.37330906640064465,-0.023086101229819665,0.24418752206581937,1.006698465527566,0.39884004889421676,-0.9814894271748493,0.10177173907227755,-0.4187195131838107,-0.6680513688896491,0.14041783572657257,0.3445756122671102,-0.5662622641780368,0.7024149429239217,-0.2500234200553634,-0.23309436815269025,-0.414285584987549,-0.12251751016513908,-0.03411947184700268,1.213545513643856,0.2415243129908201,0.2393031431947053,0.9829557649806846,-0.4363627600059397,0.3399756250974475,-0.1383473462883226,-0.7623170080098891,6.018205224849736e-4,-0.7335549429754857,0.07433628816184841,0.7775048249699377,-0.8519757959792544,0.05869812566987369,0.216197795971853,0.17134612677677685,-0.10859186862936268,0.669040954077317,0.35515064844244504,0.6609214935383022,-1.1543170311824411,0.42952626480108347,-0.03104364960358099,0.6256952055052104,-0.5425594047611333,-0.05284001138804741,-0.2836137969785743,-0.30307410464155865,-0.49719844952388814,0.38595429249341817,0.012073613612751959,-0.4467933124973607,0.21450988525799564,0.8732123278823087,-0.888011156836097,-0.28055785333299954
