V1,V2,V3,V4,V5,V6,V7,V8,V9,V10,V11,V12,V13,V14,V15,V16,V17,V18,V19,V20,V21,V22,V23,V24,V25,V26,V27,V28,V29,V30,V31,V32,V33,V34,V35,V36,V37,V38,V39,V40,V41,V42,V43,V44,V45,V46,V47,V48,V49,V50,V51,V52,V53,V54,V55,V56
0.13418925256864597,0.2597510901056319,0.047604653000400204,-0.171961981047732,0.2847770512026033,-0.24430368049440676,-0.0506565064495612,-0.02834385104026277,-0.2832066271728257,0.4312759138304266,-0.007553948657162206,0.16928981166984444,0.44908199385262215,0.36549980128214865,-0.19873170166698864,0.4802197070443022,-0.3395310380482168,-0.29849296615596954,0.196300047005942,-0.06358955523359343,0.09679018089771005,-0.20631701487989293,0.2589913318100216,0.141597117320657,0.33353332474190145,-0.6823697150750229,-0.3495385781554197,-0.3167661672108538,0.25343105974456187,-0.5376219301666278,0.11031191550134008,-0.6411796806895304,-0.18332651073703535,-0.22858873675320496,-0.7941497811315512,-0.07641663630160794,0.5559101128156577,-0.45356715204643855,0.11247266584895606,-0.2297568318909386,-0.23145591928753767,-0.28733499971889587,-0.12972495716115517,0.27663613404318477,0.04031914238501831,-0.5092201305097938,-0.5852995910726407,-0.24462793030282676,-0.2467829505680856,-0.16366609632183712,0.19537774867776664,-0.0018033112323345057,0.05799797489664471,0.17250460601835577,-0.1725804097058675,-0.03787546497753356
0.2597510901056319,0.885467821861481,-0.33941659800698354,-0.22877928124722696,0.1503517223291897,-1.4721350860797968,-0.5231801748247848,1.0457012620623987,-0.5268115948503403,1.1056149061339295,0.7329239211606824,0.09197088221789422,0.2778653467209747,1.170501868080779,-1.066862662648677,0.9841675908132925,-0.2367234119521501,0.02500826088151509,0.4187370572973943,-0.050842605263205755,-1.2030516810119947,-0.5754004021301924,0.11996332590383439,-0.8819841768616056,0.974248861963318,-1.3847374752884367,-0.3683058741345314,0.37688694916650634,0.3755540394605368,0.023256865111778786,0.08648013497358056,-1.8042007288264252,0.6799801172957642,-0.4021723792696158,-1.4070283003402946,-0.30075220455172635,0.9376483237963187,-1.4164370146017653,-0.23069662799735044,-1.076724881520759,0.9444368544283827,-0.8993823579013746,-0.16053445397255836,-0.2812454735290688,0.6589980611234527,-0.6897482240383375,-0.5478488805856568,-0.032946986795906415,0.18887674362883436,-0.6752286804231088,0.268983218725206,0.4919479063790492,-0.1572140314033896,-0.7242299396804934,0.7218120665514526,0.257937940485485
0.047604653000400204,-0.33941659800698354,0.5249732325458102,-0.1868609907928283,0.5728823711896367,1.0705810543795862,0.4629862842411435,-1.286015954583225,-0.12499567343372496,-0.1415348701494341,-0.8621754993146833,0.3335408251285692,0.850952174168138,-0.39115784746275456,0.7218537717208571,0.11635962055927358,-0.6059535892133578,-0.7992930396759793,0.016899141317136525,-0.09866258618378825,1.6442289448708785,0.12036076205254884,0.5431620301408209,1.388868638480357,-0.25641879603773055,-0.18618237982042038,-0.4993342827860749,-1.2673762315814034,0.23254530970820977,-1.4300856609589474,0.1981546699365803,0.41518657321129643,-1.2573488479279242,-0.1335393279227421,-0.4437103531510505,0.15139457687791266,0.36699035484430903,0.44415072205225403,0.5557056673078531,0.6364342107597725,-1.688643610456319,0.28957838970168476,-0.15972202194542334,1.0566184913529126,-0.6602498952354114,-0.5297915459187759,-0.8961519470935067,-0.6160098595782277,-0.8622553870456459,0.34245039646003267,0.1901615865049892,-0.5755252297830011,0.32522907973674164,1.2722745710362189,-1.3003085241573686,-0.3930675983438531
-0.171961981047732,-0.22877928124722696,-0.1868609907928283,0.25213267292103464,-0.4821887447090814,0.029025054822738858,-0.05146107920955576,0.349678071574836,0.36896799305293765,-0.48333526678230765,0.2196861972391211,-0.2841478235592136,-0.7462514720998059,-0.3430745243110515,0.05987621617206432,-0.6038189190125341,0.5541362483829819,0.5520134404152671,-0.23750626856173157,0.09912042984603056,-0.5192928436763281,0.2184769969922238,-0.4442575909479269,-0.5102205147186866,-0.3365660695365758,0.8636772957827946,0.5431773407285904,0.6909280627381926,-0.36140981836809155,0.9945825858081484,-0.1821643183246693,0.6656332656908743,0.5263902872986367,0.30669004404331734,1.0593695799281608,0.05404330859393587,-0.7558869426223186,0.43553234463489165,-0.27022352533587124,0.12029492391325247,0.6900218953868648,0.2731387771817577,0.19556160274652695,-0.591696343441179,0.11425159308510535,0.7394982501968497,0.9207424421878802,0.4463551477727145,0.5071331492017709,0.11354740574214138,-0.2792848641715345,0.14366221041938151,-0.1480519983283621,-0.5160673353700921,0.5279589232541688,0.14115163317804685
0.2847770512026033,0.1503517223291897,0.5728823711896367,-0.4821887447090814,1.0460728809822353,0.5604774660599607,0.3400452647676768,-1.2476739540027975,-0.6253455512293349,0.6409774596632397,-0.8170104832227156,0.6138821198898683,1.5959433101385385,0.2905003198477279,0.3173941807453406,0.9698765793554888,-1.1729563109856302,-1.2818325490807072,0.37049059024758185,-0.20727133761614336,1.7073570865593886,-0.2578100130535807,0.9731960815507904,1.5500931851645887,0.35950778485687934,-1.3972285995785128,-1.0926301844977149,-1.7491853095197891,0.6723105413556135,-2.296514506486572,0.3833173788918387,-0.7637068552898707,-1.4985551838704987,-0.5330618386884258,-1.8384299794579293,0.002932316096068876,1.338085010606918,-0.4019167871565696,0.7211137537654431,0.180940792512548,-1.9885319704608886,-0.24569395801610994,-0.38178322079587307,1.4807657308397042,-0.5434456431708425,-1.4084743797303805,-1.8848012068161295,-1.012169273113419,-1.2466288261817586,0.027423128502904657,0.5286323475478351,-0.5393219903996154,0.4080256638423948,1.4942319271517412,-1.522027455939422,-0.4343835645385991
-0.24430368049440676,-1.4721350860797968,1.0705810543795862,0.029025054822738858,0.5604774660599607,3.102930858329159,1.205116267700925,-2.874654326109656,0.4569262270311357,-1.4780302919039467,-1.9653121036131573,0.31891411085462734,0.7619963839824431,-1.875300208855679,2.1806778279422163,-1.0057908852884285,-0.49742710791312594,-1.0563977220694576,-0.46693269227464673,-0.0674693922012671,3.5228388393748733,0.8285475734069796,0.5608057103697528,2.8187021232253078,-1.47238493755598,1.3853247345898232,-0.20978644425741963,-2.0680532181296036,-0.140406843915633,-1.8602146454783537,0.15590726588331896,2.649319996423134,-2.407825810074504,0.30236386785808905,1.0810771823557273,0.546325515584136,-0.6320582944252895,2.225779801366821,0.9855137027894141,2.0779223281429666,-3.2731126588361747,1.4265917269508035,-0.017733482204554712,1.6870187013119178,-1.6210832605549923,0.1281235146321861,-0.5074556945527252,-0.752666547118387,-1.3273365751454353,1.2324429863094553,-0.07147318540394133,-1.315055412565394,0.6018012103500011,2.478857393682005,-2.517787809685211,-0.8064023044863906
-0.0506565064495612,-0.5231801748247848,0.4629862842411435,-0.05146107920955576,0.3400452647676768,1.205116267700925,0.49176456829389675,-1.2149180176849885,0.08288265055270509,-0.46290395084201635,-0.829234703102203,0.19863818074849984,0.48947461622506344,-0.6522563632677144,0.8349520101220224,-0.2409940557015238,-0.34015825849757597,-0.5585628522191171,-0.11745117635423058,-0.05614999106809715,1.5122920601290832,0.27312464868393577,0.32810641620358166,1.234526207333482,-0.49111021615246275,0.32705612957232627,-0.21323727329597575,-0.9839884213413652,0.033495685037025984,-0.9829441156960291,0.1007672084671261,0.8679444475374977,-1.0824163114217507,0.04105227968603187,0.153487558997772,0.19886813503738648,-0.05453333664026864,0.7692683120353484,0.45687316213782087,0.7895554343213815,-1.463022840485529,0.4900223940717275,-0.05269442782980907,0.8061492801272229,-0.6624921509061267,-0.1383954129171286,-0.43165272389229514,-0.399800715341465,-0.6498752304443565,0.4601412700478562,0.04771473952637887,-0.5512386745468594,0.27787492775861644,1.112176184845283,-1.1122990674629323,-0.35440384772098393
-0.02834385104026277,1.0457012620623987,-1.286015954583225,0.349678071574836,-1.2476739540027975,-2.874654326109656,-1.2149180176849885,3.229546499646729,0.12316365790315276,0.6705760897378283,2.1802708475709687,-0.7265660577959314,-1.8361957123006003,1.2534239231308961,-1.959899416912279,0.042788569849427804,1.3004143939853965,1.8221245610127033,0.08246763962505362,0.21366249445512067,-4.092243344011508,-0.45477300198456566,-1.1893506282182529,-3.4160571585964794,0.8817572394482983,-0.012635237307168212,1.0069041049829202,2.979802507769872,-0.40674614108251606,3.240713652071238,-0.4155671568249202,-1.4966041069112792,3.057700566218816,0.17495665241487374,0.5687406706300976,-0.4329707377895765,-0.5378953346899432,-1.4479922470276658,-1.3323895979148832,-1.7787013234760498,4.116290051830694,-0.93400509917748,0.3073110044124965,-2.4708169634719748,1.6956227176385792,0.9862453538349356,1.855431012707241,1.3724703401815683,2.0088084026935142,-0.99224734292729,-0.352867277199311,1.452594096170411,-0.7899269898883984,-3.1109784160905503,3.1553186705639558,0.9715390490768048
-0.2832066271728257,-0.5268115948503403,-0.12499567343372496,0.36896799305293765,-0.6253455512293349,0.4569262270311357,0.08288265055270509,0.12316365790315276,0.5997912515841839,-0.8948279055086199,0.05947500822423311,-0.3708898920457951,-0.9814180841899418,-0.7444375871452598,0.37897177855728337,-1.0106789202114659,0.7408847100209117,0.6664552141198102,-0.413690156577146,0.13898379377411435,-0.2862319549718527,0.42555359624226763,-0.5707903496666323,-0.3672674950297218,-0.6849839129630295,1.4371861878003838,0.7561197116421052,0.726465673953709,-0.5424141840577887,1.1966613059402043,-0.2412376629235481,1.3212351405372678,0.44663553621463425,0.48428890165359173,1.6848607917607379,0.15282742481931547,-1.1808481678142935,0.9283561650891206,-0.26458525250641596,0.4487273741742649,0.5697512976681288,0.5867744874425415,0.27945216679979623,-0.63208535826752,-0.05104673064432817,1.0931919750051262,1.2702781260275244,0.5421440735192798,0.559810447760068,0.32399767454512485,-0.4193023559808488,0.03244562434024752,-0.13849905115346825,-0.4253685070248477,0.42655134762635744,0.09925234618780705
0.4312759138304266,1.1056149061339295,-0.1415348701494341,-0.48333526678230765,0.6409774596632397,-1.4780302919039467,-0.46290395084201635,0.6705760897378283,-0.8948279055086199,1.5835340269789675,0.49709236601107476,0.38103680831331643,1.0373892487161163,1.5037464083860748,-1.1107837052033758,1.5860483885328547,-0.7992012183474116,-0.5383187222924115,0.6527679311629673,-0.1500883015994933,-0.6532537465725803,-0.7902497726455813,0.5720046146297434,-0.34678454269424763,1.30282389467947,-2.246476434460736,-0.9192069871189098,-0.33625871138279745,0.739373461654131,-0.9944644698485836,0.2720157095455416,-2.455615285043393,0.13110337214557805,-0.7100374467759649,-2.467383332897726,-0.35058663372871346,1.696188686181878,-1.8391574610246113,0.048242255434908024,-1.183316989425443,0.22448451286967833,-1.1643390506177322,-0.35858152778213065,0.3291870028153693,0.5313987749036138,-1.4342932186395272,-1.4807453306346585,-0.49068110521687214,-0.3327206548962308,-0.7822844806942107,0.5490378818047228,0.33683510486757956,-0.004423983750787493,-0.18631254339452002,0.16905238412312226,0.10991739656434966
-0.007553948657162206,0.7329239211606824,-0.8621754993146833,0.2196861972391211,-0.8170104832227156,-1.9653121036131573,-0.829234703102203,2.1802708475709687,0.05947500822423311,0.49709236601107476,1.4757741992111875,-0.47637496891533904,-1.1997854661712193,0.8845916657078515,-1.342234924648529,0.0735501259669035,0.8502562333631356,1.2089502622435735,0.0687803727673306,0.14199473011645822,-2.7595438586924805,-0.32865253571705766,-0.7799521487011276,-2.2984544030106284,0.6270789730258769,-0.07336171224298195,0.6444622773670502,1.9846658779243591,-0.25039180307747466,2.1421628167849893,-0.2681618800532837,-1.0702369409842771,2.053533737518286,0.09613069446464001,0.31281568238011953,-0.29858216672562443,-0.3117831618119682,-1.0228625353649452,-0.8932661967108235,-1.226938056888824,2.7655757970792796,-0.6582833999537971,0.19378139658034124,-1.6429438828763263,1.1495635478802182,0.6214338848056216,1.2008880643410482,0.9004074765838134,1.3359801836133802,-0.6905412220457174,-0.22406077685999054,0.9814766231375108,-0.5319682425273196,-2.0934244274630993,2.1135612311344767,0.6550421832638821
0.16928981166984444,0.09197088221789422,0.3335408251285692,-0.2841478235592136,0.6138821198898683,0.31891411085462734,0.19863818074849984,-0.7265660577959314,-0.3708898920457951,0.38103680831331643,-0.47637496891533904,0.3616159884948704,0.9397595735282998,0.17609967659746673,0.17832974795682283,0.5750456288658696,-0.6916524226337405,-0.7535497350886493,0.2210776703749268,-0.1230960825759498,0.994754020584015,-0.15358563805801562,0.5700479131757931,0.9043556326349357,0.21679794766526606,-0.8274621276864306,-0.641137482572849,-1.0239741599948249,0.3955444803645306,-1.348513906531168,0.22335528174362715,-0.45927838867442494,-0.8781633983775824,-0.31556467701704277,-1.0879694669228992,-1.766198667929177e-4,0.791543477857122,-0.24159098228518328,0.4223409462565281,0.10159639550333031,-1.1636150870866937,-0.14940112674463385,-0.22373832968816712,0.8661081873926324,-0.31436864856948865,-0.8308456588380732,-1.1096548421907833,-0.5918450245876481,-0.7307241766373472,0.013476268793237748,0.31324127277945324,-0.313502499697788,0.23978528879780817,0.8763758101653064,-0.8862914183982536,-0.2542450173308041
0.44908199385262215,0.2778653467209747,0.850952174168138,-0.7462514720998059,1.5959433101385385,0.7619963839824431,0.48947461622506344,-1.8361957123006003,-0.9814180841899418,1.0373892487161163,-1.1997854661712193,0.9397595735282998,2.4456180662847276,0.5093588887981194,0.41589227341155516,1.5318945165077882,-1.799480014916046,-1.9464444012379336,0.5866932018574912,-0.3184028268450479,2.5217006682888505,-0.424122664790268,1.4808882166466082,2.3014637170781795,0.6038326755774465,-2.2038598144772603,-1.6787793618466078,-2.6352547258482235,1.0411658292274848,-3.489966898839325,0.5836419028306482,-1.2670151194898294,-2.241950225153248,-0.8354203133644239,-2.8768200631743106,-0.012621571685303265,2.0907906135445273,-0.6880724789363846,1.0812148711620713,0.21407496299217801,-2.968802418496419,-0.4261545182792491,-0.587632493130366,2.2314671046186483,-0.785576407900652,-2.179812693379718,-2.896382635152734,-1.5372176764223766,-1.8832805984993235,0.002130157151898652,0.8201412832132813,-0.7906318996253675,0.6116112756908941,2.2333387928093424,-2.2657570834768554,-0.6458580786217771
0.36549980128214865,1.170501868080779,-0.39115784746275456,-0.3430745243110515,0.2905003198477279,-1.875300208855679,-0.6522563632677144,1.2534239231308961,-0.7444375871452598,1.5037464083860748,0.8845916657078515,0.17609967659746673,0.5093588887981194,1.557674216812319,-1.3677274098175143,1.3750754445269051,-0.41634720811183923,-0.08123589055666633,0.5786299257678353,-0.08445077208867867,-1.4199420812712202,-0.7754250932226935,0.24228339234621077,-1.0143448288368395,1.3069337061884154,-1.936960117069594,-0.5808212744950715,0.334297877623391,0.551245223957379,-0.17834542367179265,0.1462263694754821,-2.428109274874819,0.7532386007089171,-0.5751440135478256,-2.005323909576634,-0.39263378299048823,1.349107269094152,-1.885125166707123,-0.2381292711234463,-1.3908379724167919,1.0553108170337293,-1.1982877523642832,-0.24420691115459486,-0.23459420968712652,0.812769682427169,-1.0283138030873316,-0.8859911398631513,-0.13486566723516774,0.13363833909659842,-0.8814672601505898,0.39885635923629165,0.594015047257028,-0.1692189170151516,-0.8115807253047416,0.8068626937877613,0.29797317835495357
-0.19873170166698864,-1.066862662648677,0.7218537717208571,0.05987621617206432,0.3173941807453406,2.1806778279422163,0.8349520101220224,-1.959899416912279,0.37897177855728337,-1.1107837052033758,-1.342234924648529,0.17832974795682283,0.41589227341155516,-1.3677274098175143,1.5393297919140831,-0.8003326362762981,-0.2600931861936277,-0.6526549355806083,-0.36572085497019285,-0.03066064956444137,2.3877401120548707,0.6142838754535103,0.3244596975736463,1.8954596011087372,-1.0854009851355444,1.1064892514004234,-0.06296393509690243,-1.34109577899607,-0.15457617861519188,-1.1466048105163025,0.08235177821408574,1.9624412440987218,-1.6035568883403433,0.26036289623799297,0.9251129509059743,0.3918202398583007,-0.5628888023555748,1.6266551042666897,0.6479407029945496,1.4740746349342975,-2.184365477648878,1.0430430931489432,0.017445344304851427,1.090610012774956,-1.1187935329011196,0.20654494466802462,-0.2108449480366865,-0.4592177377611813,-0.8501249513868316,0.8805177690230253,-0.09523128239279045,-0.8992500898209066,0.3974971800549948,1.6538766629294455,-1.6837749747647637,-0.5423941608626354
0.4802197070443022,0.9841675908132925,0.11635962055927358,-0.6038189190125341,0.9698765793554888,-1.0057908852884285,-0.2409940557015238,0.042788569849427804,-1.0106789202114659,1.5860483885328547,0.0735501259669035,0.5750456288658696,1.5318945165077882,1.3750754445269051,-0.8003326362762981,1.7298948671898158,-1.1595895121233266,-0.9870929383340176,0.7047393702214626,-0.21552948084331794,0.16375305516193647,-0.7652225226536464,0.8802660032631809,0.35515716725917545,1.239662326583249,-2.4574426826047597,-1.2179676044658374,-1.0071351662485524,0.895742446758947,-1.7877521850506508,0.3820507865768479,-2.372774338984438,-0.517056268988615,-0.814956611505021,-2.8294461780609086,-0.2934370068607111,1.9759422909776652,-1.7002429135399435,0.34214590647298626,-0.9101560999679026,-0.6430163027634325,-1.0759070824127097,-0.4557249855921874,0.8870780454789772,0.21982753952851303,-1.7863971674360954,-2.021593762038733,-0.8246195054436446,-0.7974814910422051,-0.6379327391561906,0.6830199261244899,0.058021063150687086,0.16960394759867226,0.47282876694777715,-0.4851093734436946,-0.09067448563698183
-0.3395310380482168,-0.2367234119521501,-0.6059535892133578,0.5541362483829819,-1.1729563109856302,-0.49742710791312594,-0.34015825849757597,1.3004143939853965,0.7408847100209117,-0.7992012183474116,0.8502562333631356,-0.6916524226337405,-1.799480014916046,-0.41634720811183923,-0.2600931861936277,-1.1595895121233266,1.3277690819160903,1.4264155092419812,-0.45035080326860133,0.23806697430974053,-1.7974572978738557,0.33113133806764544,-1.0872389243888616,-1.6495137734442071,-0.4806679292190297,1.6654109793855714,1.2388694438125658,1.9114862085256605,-0.7753174174743003,2.552227721950018,-0.4275523486613685,0.9996636586627403,1.615028938151173,0.6261378400842235,2.1615707896936085,0.022483219288678535,-1.5664468962907765,0.5574969012276215,-0.783873843678106,-0.11655799889208279,2.1368416460541106,0.34745208022571356,0.4342609649343739,-1.6185034401771394,0.5475937032070898,1.6232373408435565,2.1402690564015168,1.120852081735978,1.3705039402663426,0.02119135556216187,-0.6138164192256369,0.5581617408223681,-0.444018143695344,-1.6098136276937856,1.6244301654686508,0.46358898298903867
-0.29849296615596954,0.02500826088151509,-0.7992930396759793,0.5520134404152671,-1.2818325490807072,-1.0563977220694576,-0.5585628522191171,1.8221245610127033,0.6664552141198102,-0.5383187222924115,1.2089502622435735,-0.7535497350886493,-1.9464444012379336,-0.08123589055666633,-0.6526549355806083,-0.9870929383340176,1.4264155092419812,1.6295136758824107,-0.3749395518210913,0.2542733971509491,-2.4419956380595997,0.18442148186178575,-1.1974590563728111,-2.1672092054414747,-0.22008409424026068,1.4282986867630294,1.2824366021866176,2.293834790036176,-0.7555495413249306,2.901861653554453,-0.4585466789558967,0.5332797977933823,2.0580968726414395,0.5748151515902978,1.9847358384065799,-0.07411363870637688,-1.4619056402667605,0.16557580684694279,-0.9686506704129234,-0.4898788568965517,2.7391958070421234,0.09453756167036986,0.4396322350244586,-1.9310995362885104,0.8412014874476463,1.6133270760063605,2.246885208047725,1.2604287073209315,1.6170524976135796,-0.20240206912559583,-0.6077360083698392,0.7964898947260596,-0.5569091776194558,-2.0670804804968905,2.0846235298382103,0.6118504679486313
0.196300047005942,0.4187370572973943,0.016899141317136525,-0.23750626856173157,0.37049059024758185,-0.46693269227464673,-0.11745117635423058,0.08246763962505362,-0.413690156577146,0.6527679311629673,0.0687803727673306,0.2210776703749268,0.5866932018574912,0.5786299257678353,-0.36572085497019285,0.7047393702214626,-0.45035080326860133,-0.3749395518210913,0.29843022544945397,-0.08963471825007888,-0.010200051706054399,-0.31728498095827407,0.3361940194820182,0.08139965847699938,0.521768543282894,-0.9983039379730927,-0.4694080571188299,-0.3502900260648063,0.35519842666243395,-0.6651764782211356,0.1439929549127741,-0.9973201850367245,-0.15560998254934122,-0.3262204940351788,-1.144454857659077,-0.13019377393322043,0.7922208044679546,-0.7195958238258078,0.11878480175100507,-0.4009112280216128,-0.1876642569840051,-0.4561228368768494,-0.17638870468712672,0.30987756867911254,0.12369718869934332,-0.7115257969363725,-0.7882862635053821,-0.30065436333837064,-0.286007611264486,-0.2712668414263544,0.2774706947719594,0.05320177510897166,0.05922827521407572,0.14129566870794724,-0.1296594156276997,-0.020606778712283672
-0.06358955523359343,-0.050842605263205755,-0.09866258618378825,0.09912042984603056,-0.20727133761614336,-0.0674693922012671,-0.05614999106809715,0.21366249445512067,0.13898379377411435,-0.1500883015994933,0.14199473011645822,-0.1230960825759498,-0.3184028268450479,-0.08445077208867867,-0.03066064956444137,-0.21552948084331794,0.23806697430974053,0.2542733971509491,-0.08963471825007888,0.045966214196293195,-0.30129078012183935,0.0631640541247816,-0.19181725975866426,-0.27976157506392874,-0.09664959681911996,0.3076085881183334,0.2176879374373264,0.3292869953346151,-0.1394597433334304,0.4476079930754816,-0.07328076770535595,0.1991712192239466,0.27720861250858003,0.11367911704222161,0.3983661386966954,0.009149344041691572,-0.2859270188245366,0.11375160652976483,-0.13730193068587526,-0.009903921668174817,0.3662012781153129,0.07213938669535783,0.07605984966207321,-0.27775066402681703,0.08693172191001412,0.2949915420802394,0.38234154035163304,0.19163075571779314,0.2384029190417669,0.007513285132043688,-0.11467580250850044,0.09101434233180762,-0.07918780511831285,-0.27883448976688896,0.27141604911857037,0.07965220745391308
0.09679018089771005,-1.2030516810119947,1.6442289448708785,-0.5192928436763281,1.7073570865593886,3.5228388393748733,1.5122920601290832,-4.092243344011508,-0.2862319549718527,-0.6532537465725803,-2.7595438586924805,0.994754020584015,2.5217006682888505,-1.4199420812712202,2.3877401120548707,0.16375305516193647,-1.7974572978738557,-2.4419956380595997,-0.010200051706054399,-0.30129078012183935,5.217750192829057,0.48155421480289345,1.6238026514598454,4.383877712742815,-0.9629991412711182,-0.29334142999594637,-1.42991399561453,-3.9090962474328967,0.6298158661595611,-4.3388820166442095,0.5758927045960017,1.5993351675783354,-3.9468866163313643,-0.32304686839635477,-1.0808125998882814,0.5111326216729041,0.9301850231290886,1.6209187501104656,1.7378057689860578,2.143959850753412,-5.308243528956999,1.04980157848136,-0.44695626435973584,3.2478752702008986,-2.124753209693583,-1.4797099901242872,-2.611224583075886,-1.843393108063152,-2.6508157110171493,1.1828791561248873,0.5368643828904172,-1.8359057395584242,1.0265760458158852,4.011033429272718,-4.065529355357778,-1.245593199515444
-0.20631701487989293,-0.5754004021301924,0.12036076205254884,0.2184769969922238,-0.2578100130535807,0.8285475734069796,0.27312464868393577,-0.45477300198456566,0.42555359624226763,-0.7902497726455813,-0.32865253571705766,-0.15358563805801562,-0.424122664790268,-0.7754250932226935,0.6142838754535103,-0.7652225226536464,0.33113133806764544,0.18442148186178575,-0.31728498095827407,0.0631640541247816,0.48155421480289345,0.3993673619172523,-0.22733625487572498,0.3064442460690459,-0.6631045446184731,1.082246300936314,0.4019490563170924,0.040277768481604366,-0.33963070119467714,0.34611547702163864,-0.11466832826978351,1.2431190557402114,-0.18851908286425237,0.3346197686934161,1.1644559576953848,0.1863421135540161,-0.7942938818245472,0.9453969810203777,0.031285686243914375,0.6428662640140275,-0.2766759671709986,0.598665784448638,0.16042021796700703,-0.05804885797913096,-0.3249002173880519,0.6501325416786644,0.6371439690768695,0.18088649134215679,0.07796780711860302,0.41758539801561084,-0.24948923695705524,-0.22146701077383632,0.0347656457190172,0.2176767174213402,-0.20947460954295827,-0.0928372661943873
0.2589913318100216,0.11996332590383439,0.5431620301408209,-0.4442575909479269,0.9731960815507904,0.5608057103697528,0.32810641620358166,-1.1893506282182529,-0.5707903496666323,0.5720046146297434,-0.7799521487011276,0.5700479131757931,1.4808882166466082,0.24228339234621077,0.3244596975736463,0.8802660032631809,-1.0872389243888616,-1.1974590563728111,0.3361940194820182,-0.19181725975866426,1.6238026514598454,-0.22733625487572498,0.9079645780187482,1.4689939281296756,0.3108185983917722,-1.270285954930327,-1.011300539476122,-1.6415483681640222,0.6190953755779122,-2.1423010507916045,0.3580280762019251,-0.6678278882392907,-1.4140797576761597,-0.4867831572851966,-1.6810746421903182,0.01027535599556008,1.2234703782138978,-0.3441715495269647,0.6795047398397824,0.1937146545750603,-1.8781004768690153,-0.20704237095996747,-0.35319424572301006,1.3903190644949739,-0.5238359003097487,-1.2977420751026332,-1.7461371415621723,-0.9451025586861672,-1.1671238139668725,0.04180915498200184,0.4861909788526058,-0.5151076039513944,0.38414601426192513,1.4102007266863947,-1.4401262637229206,-0.41118384316479056
0.141597117320657,-0.8819841768616056,1.388868638480357,-0.5102205147186866,1.5500931851645887,2.8187021232253078,1.234526207333482,-3.4160571585964794,-0.3672674950297218,-0.34678454269424763,-2.2984544030106284,0.9043556326349357,2.3014637170781795,-1.0143448288368395,1.8954596011087372,0.35515716725917545,-1.6495137734442071,-2.1672092054414747,0.08139965847699938,-0.27976157506392874,4.383877712742815,0.3064442460690459,1.4689939281296756,3.7108634015735094,-0.6487804343629102,-0.5550117455649239,-1.348752089480307,-3.3955411192195686,0.6395638677681493,-3.853575823723561,0.5293968060440675,1.0377359726153927,-3.3656158318846825,-0.3726265695305408,-1.2609603017994186,0.39004922160012995,1.0269182719033292,1.1409393462847888,1.4967834546429728,1.678325534284686,-4.520131742810323,0.7420692366792521,-0.4309434225523083,2.827278805489585,-1.748847947724643,-1.4630243324199703,-2.43843016050806,-1.6445767539475884,-2.3172596605037876,0.9094679122896524,0.5356953376046966,-1.5276875465294462,0.8803500112214435,3.4142541878395196,-3.460097726905935,-1.053207349866187
0.33353332474190145,0.974248861963318,-0.25641879603773055,-0.3365660695365758,0.35950778485687934,-1.47238493755598,-0.49111021615246275,0.8817572394482983,-0.6849839129630295,1.30282389467947,0.6270789730258769,0.21679794766526606,0.6038326755774465,1.3069337061884154,-1.0854009851355444,1.239662326583249,-0.4806679292190297,-0.22008409424026068,0.521768543282894,-0.09664959681911996,-0.9629991412711182,-0.6631045446184731,0.3108185983917722,-0.6487804343629102,1.1128259598639936,-1.7480908582514487,-0.5992736447919195,0.07058029199113462,0.5285809287057662,-0.41509453194632856,0.1612510653551147,-2.0793709625963337,0.4390237459469801,-0.5326902117462614,-1.8588789041169995,-0.3225002091661897,1.2615945691640322,-1.5881911620755647,-0.1086847153745198,-1.1149692035366392,0.6287820420299156,-1.0102043247664565,-0.24242403917018523,-0.021924074566406347,0.6032457568960206,-1.0081780390575554,-0.945927790172313,-0.22348554097567352,-0.03672414694626918,-0.7146336867232139,0.39188981148015867,0.42412278246321805,-0.08787141779138137,-0.48436367873456543,0.4878301422725777,0.19173667280331483
-0.6823697150750229,-1.3847374752884367,-0.18618237982042038,0.8636772957827946,-1.3972285995785128,1.3853247345898232,0.32705612957232627,-0.012635237307168212,1.4371861878003838,-2.246476434460736,-0.07336171224298195,-0.8274621276864306,-2.2038598144772603,-1.936960117069594,1.1064892514004234,-2.4574426826047597,1.6654109793855714,1.4282986867630294,-0.9983039379730927,0.3076085881183334,-0.29334142999594637,1.082246300936314,-1.270285954930327,-0.5550117455649239,-1.7480908582514487,3.4933111322712045,1.7479394611351629,1.475925307295262,-1.2799803988056269,2.5877290019131687,-0.5518032547480074,3.3489869870849325,0.7787650485699985,1.1609271817819191,4.0288605236208195,0.4097538469558599,-2.8149634535351886,2.3979499156219912,-0.5053135275092318,1.2694033771691864,0.9730527673710863,1.515100763474416,0.6536008297180054,-1.2994412305363472,-0.28668151227916444,2.5527222718054707,2.90101857542975,1.1954303469501808,1.162272361021146,0.8943055585934342,-0.9739627166910755,-0.06080629344416452,-0.2509642181074835,-0.7146299330802928,0.739232052273433,0.14225285429554563
-0.3495385781554197,-0.3683058741345314,-0.4993342827860749,0.5431773407285904,-1.0926301844977149,-0.20978644425741963,-0.21323727329597575,1.0069041049829202,0.7561197116421052,-0.9192069871189098,0.6444622773670502,-0.641137482572849,-1.6787793618466078,-0.5808212744950715,-0.06296393509690243,-1.2179676044658374,1.2388694438125658,1.2824366021866176,-0.4694080571188299,0.2176879374373264,-1.42991399561453,0.4019490563170924,-1.011300539476122,-1.348752089480307,-0.5992736447919195,1.7479394611351629,1.19683583550978,1.6753041022541117,-0.7709466872801388,2.3120003342466053,-0.4104700953196998,1.2072097364693146,1.344356741157073,0.6368604089036048,2.1947920596323955,0.06859171294369248,-1.5790073300532714,0.7504594910737266,-0.6685973252439282,0.08153923641189893,1.774055704084946,0.46627110536601274,0.4264906087266714,-1.4286639666464371,0.3895337802666057,1.5869695883642674,2.034599751753234,1.0352000748376555,1.2121884886389265,0.14108559667711645,-0.5948099633706543,0.42583488842237793,-0.37012520938531474,-1.3261858744177195,1.3656548009251688,0.37414637811948026
-0.3167661672108538,0.37688694916650634,-1.2673762315814034,0.6909280627381926,-1.7491853095197891,-2.0680532181296036,-0.9839884213413652,2.979802507769872,0.726465673953709,-0.33625871138279745,1.9846658779243591,-1.0239741599948249,-2.6352547258482235,0.334297877623391,-1.34109577899607,-1.0071351662485524,1.9114862085256605,2.293834790036176,-0.3502900260648063,0.3292869953346151,-3.9090962474328967,0.040277768481604366,-1.6415483681640222,-3.3955411192195686,0.07058029199113462,1.475925307295262,1.6753041022541117,3.3835238579933384,-0.9215493865212037,4.0982262545641905,-0.6193062485475048,0.04297278002522672,3.158016895401249,0.6555854622454216,2.2420289625642753,-0.22524830646212107,-1.6958613483331857,-0.3167697442434295,-1.4478194812229308,-1.1040765648301964,4.220255978478919,-0.21817360190572735,0.562466766190726,-2.8376019091294027,1.4457413080545132,1.999717406126007,2.950909781185955,1.7774499715389234,2.352535487686738,-0.5375397728750748,-0.7416813832562152,1.316984872968336,-0.8377943473873849,-3.180661740397556,3.2321050446327213,0.9589981216935182
0.25343105974456187,0.3755540394605368,0.23254530970820977,-0.36140981836809155,0.6723105413556135,-0.140406843915633,0.033495685037025984,-0.40674614108251606,-0.5424141840577887,0.739373461654131,-0.25039180307747466,0.3955444803645306,1.0411658292274848,0.551245223957379,-0.15457617861519188,0.895742446758947,-0.7753174174743003,-0.7555495413249306,0.35519842666243395,-0.1394597433334304,0.6298158661595611,-0.33963070119467714,0.6190953755779122,0.6395638677681493,0.5285809287057662,-1.2799803988056269,-0.7709466872801388,-0.9215493865212037,0.5222310497923373,-1.361688894049146,0.25689961541546574,-1.0371046305141665,-0.6736536030516277,-0.4476716197935298,-1.5497033545399586,-0.09507925275375664,1.1002919774831545,-0.6968577900803266,0.3551602498523088,-0.2398729556274434,-0.8804481730642115,-0.4366068123236887,-0.27976553826701783,0.7925504964162589,-0.11161901797978308,-1.0620416840092481,-1.30043693141778,-0.6149347854704601,-0.682322792563865,-0.20210655562470328,0.4014000837768319,-0.1629901326561813,0.19208020604963236,0.6563675476249398,-0.67539441233748565,-0.17555185561505152
-0.5376219301666278,0.023256865111778786,-1.4300856609589474,0.9945825858081484,-2.296514506486572,-1.8602146454783537,-0.9829441156960291,3.240713652071238,1.1966613059402043,-0.9944644698485836,2.1421628167849893,-1.348513906531168,-3.489966898839325,-0.17834542367179265,-1.1466048105163025,-1.7877521850506508,2.552227721950018,2.901861653554453,-0.6651764782211356,0.4476079930754816,-4.3388820166442095,0.34611547702163864,-2.1423010507916045,-3.853575823723561,-0.41509453194632856,2.5877290019131687,2.3120003342466053,4.0982262545641905,-1.361688894049146,5.190960826281307,-0.8259317059539896,0.9895083620018131,3.6604385939921373,1.0400957652940102,3.5751223402545533,-0.1291449817447389,-2.638960733268164,0.32545818933675014,-1.7197605883113156,-0.8483001439307704,4.871723605250051,0.1884390393492139,0.7941295166632233,-3.452335947447593,1.4925676238689978,2.89590635915485,4.028523050183857,2.2669064042939224,2.8889907584425956,-0.33710673515484685,-1.0842127030865425,1.4165510001965966,-0.9852968348983474,-3.6695924684548578,3.7225451505175693,1.0856197695607896
0.11031191550134008,0.08648013497358056,0.1981546699365803,-0.1821643183246693,0.3833173788918387,0.15590726588331896,0.1007672084671261,-0.4155671568249202,-0.2412376629235481,0.2720157095455416,-0.2681618800532837,0.22335528174362715,0.5836419028306482,0.1462263694754821,0.08235177821408574,0.3820507865768479,-0.4275523486613685,-0.4585466789558967,0.1439929549127741,-0.07328076770535595,0.5758927045960017,-0.11466832826978351,0.3580280762019251,0.5293968060440675,0.1612510653551147,-0.5518032547480074,-0.4104700953196998,-0.6193062485475048,0.25689961541546574,-0.8259317059539896,0.1457633182079363,-0.33390758051014485,-0.5146471627881377,-0.20572698867306147,-0.7085033668486409,-0.0077108216183731,0.5120871376477113,-0.1972811634811671,0.2511323085821554,0.02557046694634106,-0.6823469278692208,-0.11841648480017795,-0.14557692716155485,0.528286702452315,-0.17532007486221476,-0.5299222058402592,-0.6985091928944188,-0.37176746063260435,-0.4422335783240932,-0.016559164794816235,0.19618489095586483,-0.17848694511565585,0.13886074240082488,0.508314132462238,-0.5305790765747003,-0.14632097105986638
-0.6411796806895304,-1.8042007288264252,0.41518657321129643,0.6656332656908743,-0.7637068552898707,2.649319996423134,0.8679444475374977,-1.4966041069112792,1.3212351405372678,-2.455615285043393,-1.0702369409842771,-0.45927838867442494,-1.2670151194898294,-2.428109274874819,1.9624412440987218,-2.372774338984438,0.9996636586627403,0.5332797977933823,-0.9973201850367245,0.1991712192239466,1.5993351675783354,1.2431190557402114,-0.6678278882392907,1.0377359726153927,-2.0793709625963337,3.3489869870849325,1.2072097364693146,0.04297278002522672,-1.0371046305141665,0.9895083620018131,-0.33390758051014485,3.8954691426135724,-0.6566135021028325,1.030819047751884,3.597453576143481,0.5923377685548747,-2.448848921707798,2.957812996705857,0.12689756204860503,2.0296721154526023,-0.9567850574787963,1.8798677399848873,0.48248577759384426,-0.10605479555184698,-1.0546367483484846,1.9919807532262213,1.9248816107808975,0.5091413907058572,0.1904482858023665,1.3086313175738271,-0.7734121477009586,-0.7261123246623103,0.11998414704844379,0.7397870999102735,-0.7466957702552885,-0.30875072955573557
-0.18332651073703535,0.6799801172957642,-1.2573488479279242,0.5263902872986367,-1.4985551838704987,-2.407825810074504,-1.0824163114217507,3.057700566218816,0.44663553621463425,0.13110337214557805,2.053533737518286,-0.8781633983775824,-2.241950225153248,0.7532386007089171,-1.6035568883403433,-0.517056268988615,1.615028938151173,2.0580968726414395,-0.15560998254934122,0.27720861250858003,-3.9468866163313643,-0.18851908286425237,-1.4140797576761597,-3.3656158318846825,0.4390237459469801,0.7787650485699985,1.344356741157073,3.158016895401249,-0.6736536030516277,3.6604385939921373,-0.5146471627881377,-0.6566135021028325,3.081225271313783,0.4285727916009815,1.456658345625667,-0.3159762823322552,-1.1485916513021928,-0.8317217202750117,-1.3814094877534973,-1.4023575437774352,4.128741981027414,-0.5415610375421341,0.43628295601100214,-2.633680008323562,1.5405948500371895,1.516470408520266,2.418472161575387,1.5645899241772616,2.1683307478088127,-0.7435868072131436,-0.5608863146394514,1.362140746285648,-0.8104224617500934,-3.1210233277078165,3.151606421613778,0.9556957293301184
-0.22858873675320496,-0.4021723792696158,-0.1335393279227421,0.30669004404331734,-0.5330618386884258,0.30236386785808905,0.04105227968603187,0.17495665241487374,0.48428890165359173,-0.7100374467759649,0.09613069446464001,-0.31556467701704277,-0.8354203133644239,-0.5751440135478256,0.26036289623799297,-0.814956611505021,0.6261378400842235,0.5748151515902978,-0.3262204940351788,0.11367911704222161,-0.32304686839635477,0.3346197686934161,-0.4867831572851966,-0.3726265695305408,-0.5326902117462614,1.1609271817819191,0.6368604089036048,0.6555854622454216,-0.4476716197935298,1.0400957652940102,-0.20572698867306147,1.030819047751884,0.4285727916009815,0.3963246496935436,1.370870876476189,0.11202182948995681,-0.9666723745797454,0.7157592915638216,-0.24088613126068237,0.3234872946691255,0.5511649400750191,0.4521796168216311,0.23414773148551135,-0.5683808174791724,-0.0018032650308744465,0.9028234642531298,1.067011569764698,0.47346113049588034,0.49764358328252084,0.24314038142631603,-0.34305667956981456,0.060255790181166294,-0.1268340668076306,-0.40999968235206885,0.4197361073232465,0.10102153872075478
-0.7941497811315512,-1.4070283003402946,-0.4437103531510505,1.0593695799281608,-1.8384299794579293,1.0810771823557273,0.153487558997772,0.5687406706300976,1.6848607917607379,-2.467383332897726,0.31281568238011953,-1.0879694669228992,-2.8768200631743106,-2.005323909576634,0.9251129509059743,-2.8294461780609086,2.1615707896936085,1.9847358384065799,-1.144454857659077,0.3983661386966954,-1.0808125998882814,1.1644559576953848,-1.6810746421903182,-1.2609603017994186,-1.8588789041169995,4.0288605236208195,2.1947920596323955,2.2420289625642753,-1.5497033545399586,3.5751223402545533,-0.7085033668486409,3.597453576143481,1.456658345625667,1.370870876476189,4.756999156920073,0.39638820944284026,-3.3470836904163304,2.5038453959573164,-0.8280425300137999,1.1397321996468412,1.8732842609941678,1.5801778376724174,0.8074430408999281,-1.944343685812416,-0.0252715706756996,3.1279859334947884,3.685838374135216,1.6217586529845103,1.7061172423441482,0.8471356554229459,-1.1931553076206816,0.1918660461762778,-0.43699147198027805,-1.396091472560175,1.418725408356801,0.3422387340600805
-0.07641663630160794,-0.30075220455172635,0.15139457687791266,0.05404330859393587,0.002932316096068876,0.546325515584136,0.19886813503738648,-0.4329707377895765,0.15282742481931547,-0.35058663372871346,-0.29858216672562443,-1.766198667929177e-4,-0.012621571685303265,-0.39263378299048823,0.3918202398583007,-0.2934370068607111,0.022483219288678535,-0.07411363870637688,-0.13019377393322043,0.009149344041691572,0.5111326216729041,0.1863421135540161,0.01027535599556008,0.39004922160012995,-0.3225002091661897,0.4097538469558599,0.06859171294369248,-0.22524830646212107,-0.09507925275375664,-0.1291449817447389,-0.0077108216183731,0.5923377685548747,-0.3159762823322552,0.11202182948995681,0.39638820944284026,0.10649293851355754,-0.25781119726823964,0.4727451619894727,0.11751492559240562,0.38443241962358277,-0.4339149075172571,0.30198134088603046,0.034568163320960126,0.1788645914135165,-0.2601123611444644,0.16802118782116732,0.09187995396184248,-0.04560908953461042,-0.13153383209551747,0.23488691767963005,-0.06858328821479884,-0.20116144611089487,0.07450684959285524,0.32901296977213157,-0.33640895597421083,-0.11223214751951989
