V1,V2,V3,V4,V5,V6,V7,V8,V9,V10,V11,V12,V13,V14,V15,V16,V17,V18,V19,V20,V21,V22,V23,V24,V25,V26,V27,V28,V29,V30,V31,V32,V33,V34,V35,V36,V37,V38,V39,V40,V41,V42,V43,V44,V45,V46,V47,V48,V49,V50,V51,V52,V53,V54,V55,V56
27214.907193658586,-201644.67103394287,256999.8038033853,95680.51171252628,2214.241002324522,-146526.6109286625,158131.43440353966,-176620.95030498307,66769.68974855846,-76636.55757902507,-211267.68038141122,-164429.8783001045,-75256.19180752433,15140.446292415652,180003.29069413155,-64118.05085582086,76692.31941445204,-214538.45310023447,-231259.99070521788,-16967.29682473282,-185946.00268266723,34738.976336862164,-154165.7946972181,167654.1441603218,-78497.09345118243,144143.7272356692,-115073.77038149763,-50574.28201944849,-2662.5227324831517,-76197.81208573766,98254.84618345005,-36389.19506559261,-93832.57432009546,-37740.12876445428,-10159.5951742544,31306.12587093809,127072.49319732987,-75978.58582042532,158456.69130003854,240611.54136935296,-149015.7048420694,196200.55007576046,29994.493063908125,82285.0231975598,-310401.78766109294,123260.3186867194,-177736.66344778144,-114989.57112569707,170643.1893171002,58815.02244916411,-184893.06727363617,-175314.7921007331,41909.50499415661,-84958.52292921409,-32502.268053863187,126012.16984534994
-201644.67103394287,1494064.8604280518,-1904216.9909827525,-708935.4097364146,-16406.635362472083,1085677.1159898315,-1171656.431172803,1308654.4622904465,-494723.06057862303,567825.4243142215,1565369.1450977148,1218326.50750252,557600.4509827356,-112180.94213312998,-1333719.624518185,475075.9139735154,-568242.1257090439,1589601.7544624102,1713494.9222933997,125716.35848116149,1377749.7693005782,-257395.68577036101,1142279.3985579517,-1242217.8495421808,581619.8712099402,-1068019.6363787428,852627.2364732052,374723.9048375154,19726.409490529815,564583.2344667728,-728006.1999705735,269619.7484674609,695239.703162886,279630.377240727,75278.37230148507,-231955.33736794186,-941527.5171218417,562956.6791056613,-1174069.3490125407,-1782783.8893776566,1104113.9743131113,-1453727.435930346,-222241.37761877096,-609682.6570068027,2299887.2611743063,-913283.2541038629,1316924.1531755037,852002.4252276665,-1264365.955721173,-435784.07619527535,1369944.9992873673,1298976.8665231452,-310524.9479075963,629493.1396345177,240820.87497466884,-933675.4235291008
256999.8038033853,-1904216.9909827525,2426966.2448263555,903553.3768466205,20910.79334125565,-1383719.824583792,1493299.9596448871,-1667907.642270251,630534.9594456296,-723703.2554038365,-1995097.3406721316,-1552782.9851028053,-710672.465991133,142976.70954296674,1699855.454828634,-605494.2127148311,724235.8619277998,-2025981.525649204,-2183884.5579756093,-160227.69379531697,-1755972.0496857753,328056.5892653577,-1455860.8590091788,1583233.635750829,-741288.4122801541,1361214.2470810525,-1086691.4212672901,-477593.09433924104,-25141.179651288712,-719574.7100580385,927858.0174564297,-343635.1072822503,-886096.3699384038,-356394.3027849615,-95944.68666116353,295630.19382345764,1199995.4173380472,-717500.6823712119,1496376.5387337399,2272194.646275545,-1407215.5015722732,1852806.1890561108,283251.4467331953,777053.5353778198,-2931253.7034689486,1163998.212670093,-1678448.7890541614,-1085894.6823231296,1611462.3279498038,555416.1082940937,-1746023.3585750354,-1655573.4483157704,395770.9429351054,-802303.0382986573,-306930.72399198957,1189989.57882721
95680.51171252628,-708935.4097364146,903553.3768466205,336390.68977543426,7785.002747086185,-515155.27595881774,555952.1201732253,-620957.9903260646,234746.64176208066,-269433.37834214995,-742769.6620284087,-578097.3176103822,-264581.83493488777,53229.93189713837,632851.7650524306,-225424.04045708058,269631.3888379376,-754267.9138030675,-813055.0918006263,-59652.46634443928,-653743.9757986324,122134.60805309827,-542013.1659170361,589433.9051936221,-275979.58389064827,506776.64117542544,-404572.5806317121,-177806.83097408953,-9360.100455481974,-267895.6525512322,345439.521108194,-127934.69273985083,-329891.7711703683,-132684.82990366133,-35719.82518622174,110062.73156810403,446755.6203368323,-267123.67125746876,557097.2909271271,845932.7535619973,-523903.1164717897,689795.2749466066,105453.80517865426,289295.1261202721,-1091298.8627213317,433353.81885941594,-624882.2039632228,-404276.03081021155,599943.2937983214,206780.05191724238,-650040.349564112,-616365.9803184365,147344.50009976715,-298695.3401597921,-114269.66838021793,443030.1365937675
2214.241002324522,-16406.635362472083,20910.79334125565,7785.002747086185,180.18568497463232,-11922.217189835657,12866.12218052718,-14370.615383019614,5432.661289068482,-6235.173330920729,-17189.811028779288,-13378.728914847195,-6123.016727668079,1231.8544759469646,14646.050852146846,-5216.90683580894,6239.9142872877455,-17455.82875231318,-18816.171557717436,-1380.4691896277684,-15129.473327520245,2826.557961323927,-12543.804603177468,13641.153935944585,-6387.072829127497,11728.234916854342,-9362.890419468618,-4114.879321178275,-216.5605119935534,-6199.973455721192,7994.261297188957,-2960.6503062896036,-7634.43903004357,-3070.627051903806,-826.7372180016179,2546.9587926281274,10338.983522213075,-6182.008323543706,12892.757018501763,19577.031332796265,-12124.404763847806,15963.69173578539,2440.495053643475,6695.073861268151,-25255.44691611314,10028.903938684662,-14461.563307516528,-9355.985138292945,13884.417806539132,4785.45323249599,-15043.620341156558,-14264.355141138498,3409.980846900485,-6912.685375059574,-2644.445930886486,10252.95670771912
-146526.6109286625,1085677.1159898315,-1383719.824583792,-515155.27595881774,-11922.217189835657,788919.5021953398,-851395.1677570974,950946.8845398899,-359495.481749764,412614.0765697326,1137492.4649189515,885309.3685874513,405185.02897096315,-81517.17278588342,-969162.2878297939,345218.64541505766,-412918.2282920887,1155100.6313203687,1245127.5776055069,91352.65014894343,1001156.5626673019,-187039.48888615362,830050.3279448231,-902670.8173116327,422641.38608204667,-776087.8487034647,619570.1932478301,272296.51971421007,14333.906713076669,410261.4088431399,-529011.9314071753,195921.05817951052,505201.7761359549,203195.77396195882,54702.51473731891,-168551.0950364485,-684169.327577634,409078.60804342816,-853149.6691127383,-1295476.9590426658,802314.6070932059,-1056365.6062735904,-161494.04634615715,-443032.1607625271,1671235.2470473575,-663645.9788886764,956957.2573365254,619115.8068625861,-918765.3763366863,-316666.98902379285,995483.9436793737,943914.6568112499,-225646.39216051347,457428.2062224693,174994.41382814478,-678465.1519693639
158131.43440353966,-1171656.431172803,1493299.9596448871,555952.1201732253,12866.12218052718,-851395.1677570974,918821.7180754172,-1026256.2230358535,387965.37064155104,-445293.6792646105,-1227573.127638945,-955420.301076102,-437274.70520467486,87973.20790090175,1045911.7863666842,-372557.9558512603,445619.8352433129,-1246576.838160939,-1343735.3345440943,-98587.8564440508,-1080440.8520234458,201851.3904170553,-895782.9871937326,974155.801783039,-456109.7962728149,837548.3544676038,-668636.3695089921,-293861.34339769016,-15469.816636319443,-442749.6055043183,570908.1830037736,-211438.127819998,-545212.4849650738,-219288.35368778688,-59033.50235096901,181901.76864247094,738353.1370035448,-441474.440824684,920713.42342736,1398072.3050874046,-865854.5112137676,1140023.4944525764,174283.2275820594,478117.4486406609,-1803588.5093484574,716203.4930456006,-1032740.8571178422,-668146.5548066,991524.3136517288,341744.9446729253,-1074320.851763624,-1018666.9394329105,243515.7427058126,-493652.71281290276,-188853.68478305545,732194.7173683854
-176620.95030498307,1308654.4622904465,-1667907.642270251,-620957.9903260646,-14370.615383019614,950946.8845398899,-1026256.2230358535,1146253.120656475,-433328.94140882563,497359.3372940852,1371110.1107196952,1067134.6917322355,488403.32195344695,-98259.50319224694,-1168207.8373466793,416119.9631722207,-497724.4051182101,1392335.462197504,1500853.6680701126,110115.19230021845,1206773.8923829342,-225453.42702054887,1000524.9517655462,-1088061.1998272238,509442.12043721724,-935480.6233106871,746817.9443709218,328221.41385225876,17278.37426895483,494519.68768495665,-637662.0577945511,236160.44091907397,608961.8132067731,244928.79383166094,65936.52259568854,-203170.06328342378,-824685.8157407306,493094.93543492054,-1028369.7681341592,-1561544.0079178335,967095.637796917,-1273322.8345290085,-194661.68431575538,-534022.2949524402,2014475.9055813022,-799946.644342387,1153496.6245848387,746270.6500285366,-1107460.7953942062,-381704.1708466489,1199937.608640686,1137776.5001825201,-271989.45596885297,551374.3696022446,210935.4687236925,-817808.2450596768
66769.68974855846,-494723.06057862303,630534.9594456296,234746.64176208066,5432.661289068482,-359495.481749764,387965.37064155104,-433328.94140882563,163815.45067346192,-188021.45456966994,-518333.77169745957,-403419.05256524024,-184635.7345098496,37145.9704831895,441628.702341166,-157309.7770845456,188159.47429177834,-526357.7876523425,-567381.945445126,-41627.88790089906,-456208.18919005024,85230.30022056916,-378237.95033487346,411330.1029883495,-192589.24829232824,353648.61950650887,-282326.67283781234,-124080.65223882203,-6531.904258958518,-186947.97851190242,241061.42937390952,-89277.96589974404,-230211.60326900764,-92592.75234055308,-24926.614388648028,76806.29516563319,311763.7947688527,-186409.3598356661,388764.3822339398,590325.289362613,-365600.33223658387,481366.3107583411,73589.80409219205,201881.51533603258,-761551.431046781,302411.4156062429,-436067.2799216116,-282119.7713834979,418663.91911347565,144299.24970105264,-453623.7953732662,-430124.44483069325,102822.75666407538,-208441.28873319848,-79741.9328303407,309163.813116961
-76636.55757902507,567825.4243142215,-723703.2554038365,-269433.37834214995,-6235.173330920729,412614.0765697326,-445293.6792646105,497359.3372940852,-188021.45456966994,215806.99068030014,594923.0224807282,463029.5681585124,211919.5395156126,-42635.132455744184,-506883.3321949147,180554.53332865663,-215963.5136635116,604133.6811935103,651221.5022897447,47779.551638759905,523618.0809047912,-97823.79952547417,434125.71294915065,-472108.79532775877,221044.93122071205,-405904.1948563358,324044.2874038661,142415.8066091562,7497.7649806848385,214570.273133002,-276683.11859458976,102471.19919726264,264230.1519185909,106275.24302667698,28608.84676361056,-88157.70230686467,-357832.758086894,213953.25266989224,-446209.17420877365,-677555.2428025788,419624.11449955753,-552494.9105894231,-84463.55448553155,-231712.1213074198,874082.5210659327,-347097.55543843587,500500.73772554134,323807.3185518993,-480525.70351058705,-165621.30712806105,520653.49242688227,493681.1997568815,-118015.79757611548,239240.40962244372,91525.60036801557,-354846.3163784125
-211267.68038141122,1565369.1450977148,-1995097.3406721316,-742769.6620284087,-17189.811028779288,1137492.4649189515,-1227573.127638945,1371110.1107196952,-518333.77169745957,594923.0224807282,1640077.7799822835,1276471.4402338366,584211.0717113467,-117534.55879540005,-1397373.0295800455,497748.9238573145,-595360.9343366313,1665466.2052260723,1795270.9454815348,131715.788958772,1443503.8595555846,-269680.24377944786,1196796.3016739034,-1301503.5524063103,609379.1754281633,-1118991.6255607777,893319.0085252932,392607.2810256715,20667.37772605498,591529.3321521541,-762749.3095092772,282486.5568375198,728418.9779862203,292975.3276088952,78871.7548042821,-243023.8826339883,-986460.94082459,589824.3189026495,-1230102.309084971,-1867866.5963734367,1156807.0471436144,-1523106.6959271133,-232847.98552667157,-638779.9578494192,2409648.7118199253,-956869.3330023522,1379775.5690464394,892664.0245912705,-1324709.085866736,-456582.02797918924,1435325.4266690686,1360970.7431429941,-325345.09706039255,659536.4454983323,252313.59318541916,-978235.6984428789
-164429.8783001045,1218326.50750252,-1552782.9851028053,-578097.3176103822,-13378.728914847195,885309.3685874513,-955420.301076102,1067134.6917322355,-403419.05256524024,463029.5681585124,1276471.4402338366,993477.3233342388,454691.87346259126,-91477.2532996127,-1087574.2344795733,387397.89297780284,-463369.62752463983,1296231.6445584032,1397259.3637001505,102514.59728934066,1123478.2302410363,-209891.88398164828,931465.4123778882,-1012959.4895290765,474278.83766188344,-870910.5492521572,695269.9476274383,305566.36456604255,16085.691671503797,460386.38492265926,-593648.2253406869,219859.69795819084,566928.9654656678,228022.8833218252,61385.454137413355,-189146.32831250885,-767762.9432452731,459059.85499012674,-957388.120609228,-1453760.6226458848,900343.165779204,-1185433.605000436,-181225.4660498997,-497162.2151465496,1875429.5563494128,-744731.4448477096,1073878.3806577623,694760.3787662875,-1031020.115034985,-355357.62116183765,1117113.6417024345,1059243.1707085553,-253215.83117375037,513316.66706572066,196375.89077782287,-761360.3152142916
-75256.19180752433,557600.4509827356,-710672.465991133,-264581.83493488777,-6123.016727668079,405185.02897096315,-437274.70520467486,488403.32195344695,-184635.7345098496,211919.5395156126,584211.0717113467,454691.87346259126,208102.8196822636,-41867.230935550055,-497756.91421777837,177303.24262282584,-212074.19948335912,593255.3764582066,639494.3857311484,46918.89466432923,514189.84349029785,-96062.50913866497,426309.4507118945,-463608.0096163203,217065.58934439087,-398595.50005306926,318209.22440669703,139851.05011731526,7362.407769388068,210707.4262906682,-271700.0910327371,100625.39638337886,259471.32989729944,104361.21746084717,28094.200181537257,-86569.12046675885,-351388.45150003553,210100.91701919463,-438174.5139328441,-665353.8313159306,412067.26450047997,-542546.0553657423,-82942.69384466836,-227539.75363109386,858342.17364673,-340847.00320303027,491488.9459291801,317976.2674305121,-471873.64727821754,-162639.0280702144,511277.78706877644,484791.4837651597,-115890.90177471281,234932.8747476185,89877.14087575636,-348456.93729958445
15140.446292415652,-112180.94213312998,142976.70954296674,53229.93189713837,1231.8544759469646,-81517.17278588342,87973.20790090175,-98259.50319224694,37145.9704831895,-42635.132455744184,-117534.55879540005,-91477.2532996127,-41867.230935550055,8423.073505887267,100141.25589996004,-35670.78322151987,42666.20307108854,-119354.1619540129,-128656.80654466253,-9439.398885052638,-103447.33968693603,19326.34078514107,-85767.08614317433,93271.02893635065,-43670.32774695176,80191.47943242354,-64018.9733791712,-28135.96865180065,-1481.223309247269,-42391.16410223795,54662.063241739255,-20244.36463534791,-52201.81962335731,-20995.943456612797,-5652.112155822056,17416.47494290015,70694.17955065778,-42269.17146725524,88154.19869994323,133859.34805040504,-82901.84996866406,109152.21827313578,16686.83558743246,45777.61818622656,-172685.74167727446,68573.37576271531,-98880.24797210917,-63972.11782481559,94933.93887800728,32720.555783103373,-102861.51695591192,-97532.85181164676,23315.519494900767,-47264.98598318669,-18081.963642507275,70104.34860134644
180003.29069413155,-1333719.624518185,1699855.454828634,632851.7650524306,14646.050852146846,-969162.2878297939,1045911.7863666842,-1168207.8373466793,441628.702341166,-506883.3321949147,-1397373.0295800455,-1087574.2344795733,-497756.91421777837,100141.25589996004,1190584.7716277277,-424090.06821839866,507256.8804163096,-1419004.146939808,-1529599.4580892832,-112223.83684603355,-1229888.7610378999,229772.00796105294,-1019690.1775995354,1108902.1803539095,-519201.32621381566,953399.0576129544,-761122.1647974574,-334507.59149388893,-17608.77929100536,-503992.9292649533,649874.3138125595,-240682.811735772,-620624.3030346648,-249619.54062119,-67200.2400346988,207059.73797909133,840480.213884664,-502539.95431445417,1048067.0578525661,1591452.0727164475,-985617.8978942506,1297711.3664253096,198390.2632255516,544250.8318034036,-2053059.1173480744,815267.8933669893,-1175591.311579806,-760563.9903489352,1128673.8029987665,389015.2610360006,-1222920.2124132991,-1159568.964018209,277199.3545501645,-561935.8749990021,-214975.0747106177,833472.7052799339
-64118.05085582086,475075.9139735154,-605494.2127148311,-225424.04045708058,-5216.90683580894,345218.64541505766,-372557.9558512603,416119.9631722207,-157309.7770845456,180554.53332865663,497748.9238573145,387397.89297780284,177303.24262282584,-35670.78322151987,-424090.06821839866,151062.46724392168,-180687.0335677147,505454.29849301494,544849.2821309166,39974.713102097485,438090.5726455533,-81845.50329181683,363216.78036931634,-394994.75245792954,184940.82705042037,-339604.0010521078,271114.5106895932,119152.99429571096,6272.5137101571845,179523.5952406574,-231488.08370643182,85732.45535255419,221069.14287091288,88915.58916139294,23936.67237036655,-73756.09840948578,-299382.61598788743,179006.39095814442,-373325.2039622612,-566881.4711771704,351081.11426669534,-462249.60410753853,-70667.29718692567,-193864.1039412688,731307.637336744,-290401.634094752,418749.52120498754,270915.83621779236,-402037.3058330537,-138568.62823315355,435608.84806096717,413042.7254740496,-98739.30317952852,200163.35040504215,76575.12107291858,-296885.8424828994
76692.31941445204,-568242.1257090439,724235.8619277998,269631.3888379376,6239.9142872877455,-412918.2282920887,445619.8352433129,-497724.4051182101,188159.47429177834,-215963.5136635116,-595360.9343366313,-463369.62752463983,-212074.19948335912,42666.20307108854,507256.8804163096,-180687.0335677147,216121.44884058676,-604577.6797996005,-651698.8485096059,-47814.236459832886,-524003.2682638891,97895.92340377533,-434445.8557468192,472456.06180858,-221208.5975581077,406202.7793441744,-324282.2014064838,-142519.99365811472,-7502.801429201592,-214729.05802473106,276885.17815030046,-102545.61274402107,-264423.0210492843,-106352.82509804227,-28630.547535788355,88220.89806175618,358094.37331911223,-214110.77061297462,446537.0872772043,678051.782834971,-419931.2777486105,552900.4400082248,84525.66819361113,231882.3408466388,-874723.2557973044,347351.89390699635,-500869.1855323333,-324044.71205674304,480879.54707522213,165742.9915658675,-521035.34741534456,-494043.6582593974,118102.73524683726,-239416.69224070065,-91592.31163984869,355107.3012347399
-214538.45310023447,1589601.7544624102,-2025981.525649204,-754267.9138030675,-17455.82875231318,1155100.6313203687,-1246576.838160939,1392335.462197504,-526357.7876523425,604133.6811935103,1665466.2052260723,1296231.6445584032,593255.3764582066,-119354.1619540129,-1419004.146939808,505454.29849301494,-604577.6797996005,1691248.0134635363,1823062.8333827956,133755.00980168188,1465849.4451080102,-273854.83469148795,1215322.4085829277,-1321650.9744863731,618811.8610460742,-1136313.7339752773,907147.9233300304,398685.1897337283,20987.56649545698,600685.7636388553,-774557.533471168,286859.9933022685,739695.7807937649,297510.93376412324,80092.34781135032,-246786.8002821551,-1001732.3182279784,598954.7904959116,-1249144.593314917,-1896782.3672649933,1174715.3500350418,-1546685.0219789718,-236452.506495714,-648668.4610185036,2446951.5252262987,-971682.29828584,1401134.4921788715,906482.9849152436,-1345215.5262897045,-463650.04446780815,1457545.0237726024,1382039.0847351504,-330381.4068577132,669745.9809901901,256219.7625629899,-993378.9122874016
-231259.99070521788,1713494.9222933997,-2183884.5579756093,-813055.0918006263,-18816.171557717436,1245127.5776055069,-1343735.3345440943,1500853.6680701126,-567381.945445126,651221.5022897447,1795270.9454815348,1397259.3637001505,639494.3857311484,-128656.80654466253,-1529599.4580892832,544849.2821309166,-651698.8485096059,1823062.8333827956,1965152.438735831,144180.20902169685,1580096.4892673849,-295198.6876918041,1310042.8269180073,-1424659.3423325808,667040.4976079983,-1224877.057548331,977850.6991457416,429758.9303640477,22623.783770315265,647501.7826472175,-834927.311612997,309218.55161141994,797348.4927162605,320699.2583971473,86334.04123043161,-266022.75569463556,-1079808.0394277924,645636.68705426,-1346502.1679461475,-2044617.782168568,1266273.1300365203,-1667233.1943025556,-254881.43065610435,-699225.3494564584,2637667.0152428616,-1047415.3454923708,1510337.4505906282,977134.2715609272,-1450060.1214646033,-499786.6762488602,1571145.94468747,1489754.7063556334,-356130.9309932485,721945.1242313288,276189.9087843183,-1070802.0577488535
-16967.29682473282,125716.35848116149,-160227.69379531697,-59652.46634443928,-1380.4691896277684,91352.65014894343,-98587.8564440508,110115.19230021845,-41627.88790089906,47779.551638759905,131715.788958772,102514.59728934066,46918.89466432923,-9439.398885052638,-112223.83684603355,39974.713102097485,-47814.236459832886,133755.00980168188,144180.20902169685,10578.367760214322,115928.88941823527,-21658.164334452307,96115.32407464631,-104524.7480185637,48939.30796070355,-89867.06937735391,71743.29920010001,31530.80411118295,1659.9916354806446,47505.81775871462,-61257.52633118427,22687.07055212295,58500.44246310211,23529.293491550627,6334.005775958902,-19518.050264577312,-79224.02937898769,47369.19037744534,-98790.57238518038,-150010.48722947977,92904.61975115686,-122322.18973409574,-18700.20570591328,-51300.99010875848,193521.56005827704,-76847.27333422271,110810.72272154331,71690.82617549383,-106388.25813420877,-36668.50521401464,115272.50316526243,109300.85600767318,-26128.665830722166,52967.76335463947,20263.726456670924,-78562.8691173277
-185946.00268266723,1377749.7693005782,-1755972.0496857753,-653743.9757986324,-15129.473327520245,1001156.5626673019,-1080440.8520234458,1206773.8923829342,-456208.18919005024,523618.0809047912,1443503.8595555846,1123478.2302410363,514189.84349029785,-103447.33968693603,-1229888.7610378999,438090.5726455533,-524003.2682638891,1465849.4451080102,1580096.4892673849,115928.88941823527,1270490.6374976742,-237357.30226696303,1053352.422594278,-1145509.9858650253,536340.9673543018,-984873.2837074281,786249.0642798713,345550.87917809666,18190.347466150964,520630.5643445622,-671329.1695824201,248628.9034661661,641113.5545485826,257860.45969184084,69418.347471974,-213896.2108715324,-868227.548702766,519130.0570545944,-1082666.6960147095,-1643991.1171238062,1018156.5615265744,-1340552.7271295493,-204939.660455536,-562218.1142605823,2120837.2303134394,-842182.5716088712,1214400.5436692492,785672.6478906325,-1165934.1161861222,-401857.7629293708,1263292.653644495,1197849.7755396145,-286350.3721844295,580486.7070348904,222072.29944191567,-860987.8671425257
34738.976336862164,-257395.68577036101,328056.5892653577,122134.60805309827,2826.557961323927,-187039.48888615362,201851.3904170553,-225453.42702054887,85230.30022056916,-97823.79952547417,-269680.24377944786,-209891.88398164828,-96062.50913866497,19326.34078514107,229772.00796105294,-81845.50329181683,97895.92340377533,-273854.83469148795,-295198.6876918041,-21658.164334452307,-237357.30226696303,44343.90382818213,-196790.9144728214,214007.9960424106,-100201.14230600266,183997.31356009157,-146889.6173688741,-64556.89670856647,-3398.3216403568204,-97266.05757597907,125419.77239669023,-46449.561067913564,-119774.78661893099,-48174.27742315469,-12969.049215212191,39960.597563529554,162204.96741120427,-96985.6263148672,202267.36527411966,307135.6731572559,-190215.2176688373,250446.42335026542,38287.5090430436,105035.43578664806,-396221.60898491193,157339.23526964127,-226878.3969108395,-146781.8861274727,217823.74835356377,75076.38997489563,-236012.4071652605,-223786.20575399918,53496.94771745414,-108448.50081152229,-41488.211282310745,160852.6214573383
-154165.7946972181,1142279.3985579517,-1455860.8590091788,-542013.1659170361,-12543.804603177468,830050.3279448231,-895782.9871937326,1000524.9517655462,-378237.95033487346,434125.71294915065,1196796.3016739034,931465.4123778882,426309.4507118945,-85767.08614317433,-1019690.1775995354,363216.78036931634,-434445.8557468192,1215322.4085829277,1310042.8269180073,96115.32407464631,1053352.422594278,-196790.9144728214,873325.5496136126,-949732.0645437159,444676.141677854,-816549.6237951671,651871.785729744,286492.7920910705,15081.163515366336,431650.7151314645,-556592.1132640281,206135.4127646618,531540.5991040525,213789.43816732388,57554.52876009205,-177338.43012542865,-719838.712987689,430406.16437718924,-897629.0723744659,-1363017.1832620702,844143.5726140451,-1111439.7277081204,-169913.62714322528,-466129.8672243656,1758365.8019132148,-698245.4320465153,1006848.7891376627,651393.6739001191,-966665.7622466235,-333176.58483350324,1047383.9395049531,993126.104847832,-237410.60621353777,481276.5128348754,184117.7821615749,-713837.3087687477
167654.1441603218,-1242217.8495421808,1583233.635750829,589433.9051936221,13641.153935944585,-902670.8173116327,974155.801783039,-1088061.1998272238,411330.1029883495,-472108.79532775877,-1301503.5524063103,-1012959.4895290765,-463608.0096163203,93271.02893635065,1108902.1803539095,-394994.75245792954,472456.06180858,-1321650.9744863731,-1424659.3423325808,-104524.7480185637,-1145509.9858650253,214007.9960424106,-949732.0645437159,1032823.9263059525,-483580.0323449077,887989.3706185373,-708904.2147570484,-311558.3756311972,-16400.93817136255,-469415.0951124245,605289.2379826783,-224170.8132183636,-578045.9928314397,-232494.234836476,-62589.51393435978,192854.85912228838,782818.3411814641,-468062.21399366495,976162.6607108949,1482268.5345536938,-917998.5413644144,1208679.9508609562,184779.3452342697,506911.62281399505,-1912206.3704006074,759335.4454939782,-1094937.5783898435,-708384.5093813933,1051238.8862478943,362326.2313564751,-1139020.107740253,-1080014.9636572506,258181.52264496873,-523383.08650917676,-200226.62644807794,776290.8059526957
-78497.09345118243,581619.8712099402,-741288.4122801541,-275979.58389064827,-6387.072829127497,422641.38608204667,-456109.7962728149,509442.12043721724,-192589.24829232824,221044.93122071205,609379.1754281633,474278.83766188344,217065.58934439087,-43670.32774695176,-519201.32621381566,184940.82705042037,-221208.5975581077,618811.8610460742,667040.4976079983,48939.30796070355,536340.9673543018,-100201.14230600266,444676.141677854,-483580.0323449077,226418.61624100964,-415766.8418460627,331916.7357139749,145874.74182956546,7678.7120897714585,219786.3315351524,-283402.17187530966,104958.5570206457,270646.5462120095,108855.98486503825,29305.672942808436,-90295.4976235832,-366523.2266075058,219152.22492753222,-457050.32648439583,-694013.637718893,429816.22969636193,-565917.1280696878,-86515.80093593897,-237341.66605027491,895315.172934735,-355528.7771947685,512662.60380084184,331673.11751284497,-492202.4472265347,-169645.18934549388,533301.3797893324,505674.8596969717,-120883.6631284361,245054.22907857984,93747.90201540856,-363468.2543715939
144143.7272356692,-1068019.6363787428,1361214.2470810525,506776.64117542544,11728.234916854342,-776087.8487034647,837548.3544676038,-935480.6233106871,353648.61950650887,-405904.1948563358,-1118991.6255607777,-870910.5492521572,-398595.50005306926,80191.47943242354,953399.0576129544,-339604.0010521078,406202.7793441744,-1136313.7339752773,-1224877.057548331,-89867.06937735391,-984873.2837074281,183997.31356009157,-816549.6237951671,887989.3706185373,-415766.8418460627,763465.1971604498,-609493.4343827169,-267868.03801534756,-14101.002497739075,-403588.27503709967,520408.53963775485,-192734.96888346726,-496985.65807872755,-199891.18823366793,-53812.49398617146,165810.49289131322,673042.4503235416,-402425.1007387078,839273.8015019221,1274407.6182066284,-789266.115397412,1039184.8122884661,158867.4411151078,435826.5902669325,-1644054.577358552,652852.6062822436,-941392.729256917,-609046.6039233037,903821.9758765254,311516.6411061891,-979293.477622695,-928562.7249109861,221976.31520919324,-449988.2405692779,-172148.5180624296,667430.3008405836
-115073.77038149763,852627.2364732052,-1086691.4212672901,-404572.5806317121,-9362.890419468618,619570.1932478301,-668636.3695089921,746817.9443709218,-282326.67283781234,324044.2874038661,893319.0085252932,695269.9476274383,318209.22440669703,-64018.9733791712,-761122.1647974574,271114.5106895932,-324282.2014064838,907147.9233300304,977850.6991457416,71743.29920010001,786249.0642798713,-146889.6173688741,651871.785729744,-708904.2147570484,331916.7357139749,-609493.4343827169,486574.0693100656,213845.9806804127,11257.351761989867,322194.32156542403,-415455.716296985,153865.5017043982,396756.65237791196,159578.36182182547,42959.63560015565,-132371.25735941852,-537307.247554539,321266.0145934308,-670013.4583186083,-1017392.251244999,630091.4843880538,-829607.635695824,-126827.87303554386,-347931.38878555177,1312490.8289218505,-521188.971370331,751537.3531661576,486217.4743723215,-721543.6462166269,-248691.60695290987,781794.967634311,741295.1787188392,-177209.22169640634,359236.8061212962,137430.69903086525,-532826.3800414186
-50574.28201944849,374723.9048375154,-477593.09433924104,-177806.83097408953,-4114.879321178275,272296.51971421007,-293861.34339769016,328221.41385225876,-124080.65223882203,142415.8066091562,392607.2810256715,305566.36456604255,139851.05011731526,-28135.96865180065,-334507.59149388893,119152.99429571096,-142519.99365811472,398685.1897337283,429758.9303640477,31530.80411118295,345550.87917809666,-64556.89670856647,286492.7920910705,-311558.3756311972,145874.74182956546,-267868.03801534756,213845.9806804127,93983.95641893598,4947.664459869098,141601.84408262788,-182590.26251236317,67623.07429736324,174372.16530720005,70133.72887446957,18880.26551147229,-58176.70531885582,-236143.1854763898,141194.0944951286,-294466.25130058645,-447137.21304305975,276921.17178036104,-364606.92332856177,-55739.95511327067,-152913.4416535851,576831.0504533807,-229059.1384856165,330295.25184540724,213689.35968303616,-317113.2047208939,-109298.23843953591,343593.66779252834,325794.169741504,-77882.15899777705,157881.94067938795,60399.994321956765,-234173.42376316522
-2662.5227324831517,19726.409490529815,-25141.179651288712,-9360.100455481974,-216.5605119935534,14333.906713076669,-15469.816636319443,17278.37426895483,-6531.904258958518,7497.7649806848385,20667.37772605498,16085.691671503797,7362.407769388068,-1481.223309247269,-17608.77929100536,6272.5137101571845,-7502.801429201592,20987.56649545698,22623.783770315265,1659.9916354806446,18190.347466150964,-3398.3216403568204,15081.163515366336,-16400.93817136255,7678.7120897714585,-14101.002497739075,11257.351761989867,4947.664459869098,260.6184494451613,7453.820908228436,-9612.35152013851,3560.1201927151596,9179.748081042924,3692.157147551507,993.6607650666111,-3063.0861576188586,-12431.510918177131,7432.637225996478,-15501.285562623449,-23538.665682154722,14578.096917182316,-19193.799033887983,-2934.246711077162,-8049.687457017639,30366.085306520108,-12058.381102728175,17387.17503499097,11249.226585000093,-16693.220055323603,-5753.685146959629,18087.714599445928,17150.566970208387,-4099.798437198548,8311.055734866713,3179.765000462458,-12327.278305866434
-76197.81208573766,564583.2344667728,-719574.7100580385,-267895.6525512322,-6199.973455721192,410261.4088431399,-442749.6055043183,494519.68768495665,-186947.97851190242,214570.273133002,591529.3321521541,460386.38492265926,210707.4262906682,-42391.16410223795,-503992.9292649533,179523.5952406574,-214729.05802473106,600685.7636388553,647501.7826472175,47505.81775871462,520630.5643445622,-97266.05757597907,431650.7151314645,-469415.0951124245,219786.3315351524,-403588.27503709967,322194.32156542403,141601.84408262788,7453.820908228436,213348.32650116316,-275100.9059082569,101884.19500325191,262718.91773445386,105667.43516008991,28447.212309596747,-87650.68966876369,-355787.2031163273,212732.84879153312,-443662.5128879522,-673684.8423836683,417226.23272085073,-549340.446139105,-83981.59702196009,-230389.51248230698,869089.9146121002,-345114.7593531733,497645.7652238449,321957.8627003084,-477784.91781333304,-164675.98318586152,517680.0893919919,490862.7703733835,-117342.75241646712,237876.12513933273,91001.89693959316,-352821.6110668555
98254.84618345005,-728006.1999705735,927858.0174564297,345439.521108194,7994.261297188957,-529011.9314071753,570908.1830037736,-637662.0577945511,241061.42937390952,-276683.11859458976,-762749.3095092772,-593648.2253406869,-271700.0910327371,54662.063241739255,649874.3138125595,-231488.08370643182,276885.17815030046,-774557.533471168,-834927.311612997,-61257.52633118427,-671329.1695824201,125419.77239669023,-556592.1132640281,605289.2379826783,-283402.17187530966,520408.53963775485,-415455.716296985,-182590.26251236317,-9612.35152013851,-275100.9059082569,354733.0232798457,-131376.9866134858,-338767.08045369905,-136254.53417691516,-36680.014770096495,113024.96177449152,458774.5831347806,-274308.9595813359,572083.0908463825,868689.5316402209,-537997.1943975956,708351.1068148918,108290.44840529615,297077.1657490107,-1120656.1645290582,445011.6729698568,-641690.7768839644,-415151.53042026114,616080.941292099,212342.41978857483,-667527.0527139946,-632946.4314236761,151307.82988634516,-306729.7210160683,-117344.03968062617,454947.3441999468
-36389.19506559261,269619.7484674609,-343635.1072822503,-127934.69273985083,-2960.6503062896036,195921.05817951052,-211438.127819998,236160.44091907397,-89277.96589974404,102471.19919726264,282486.5568375198,219859.69795819084,100625.39638337886,-20244.36463534791,-240682.811735772,85732.45535255419,-102545.61274402107,286859.9933022685,309218.55161141994,22687.07055212295,248628.9034661661,-46449.561067913564,206135.4127646618,-224170.8132183636,104958.5570206457,-192734.96888346726,153865.5017043982,67623.07429736324,3560.1201927151596,101884.19500325191,-131376.9866134858,48656.199875708975,125463.95827348411,50462.49537980514,13584.348561046188,-41859.691662099314,-169909.1561808437,101591.15833477478,-211872.90792408414,-321722.5553133888,199249.47345972375,-262340.3877316851,-40105.72010457209,-110023.55352989485,415039.3247735767,-164811.81761302584,237652.14384668824,153752.95754998698,-228167.4302798625,-78641.74267337166,247221.15008676556,234413.96241235925,-56037.29883592417,113598.23825712019,43458.93996667932,-168491.21892473468
-93832.57432009546,695239.703162886,-886096.3699384038,-329891.7711703683,-7634.43903004357,505201.7761359549,-545212.4849650738,608961.8132067731,-230211.60326900764,264230.1519185909,728418.9779862203,566928.9654656678,259471.32989729944,-52201.81962335731,-620624.3030346648,221069.14287091288,-264423.0210492843,739695.7807937649,797348.4927162605,58500.44246310211,641113.5545485826,-119774.78661893099,531540.5991040525,-578045.9928314397,270646.5462120095,-496985.65807872755,396756.65237791196,174372.16530720005,9179.748081042924,262718.91773445386,-338767.08045369905,125463.95827348411,323519.74524875643,130121.94664139046,35029.04857022145,-107937.98412330844,-438125.88124058093,261962.67601337013,-546334.4315972074,-829591.1342029676,513782.7834069082,-676469.2512678796,-103416.44373159388,-283706.14292865124,1070217.1186525582,-424982.37507477915,612809.1259904418,396466.18311589863,-588351.9476941794,-202785.18676495078,637482.651030913,604458.4236443074,-144497.66072595603,292924.2109187376,112062.58936746315,-434470.7851943925
-37740.12876445428,279630.377240727,-356394.3027849615,-132684.82990366133,-3070.627051903806,203195.77396195882,-219288.35368778688,244928.79383166094,-92592.75234055308,106275.24302667698,292975.3276088952,228022.8833218252,104361.21746084717,-20995.943456612797,-249619.54062119,88915.58916139294,-106352.82509804227,297510.93376412324,320699.2583971473,23529.293491550627,257860.45969184084,-48174.27742315469,213789.43816732388,-232494.234836476,108855.98486503825,-199891.18823366793,159578.36182182547,70133.72887446957,3692.157147551507,105667.43516008991,-136254.53417691516,50462.49537980514,130121.94664139046,52335.974128124646,14088.938425795117,-43413.41851946629,-176217.35396067248,105363.26385822154,-219739.61594384853,-333667.47834754485,206647.10206031642,-272080.7678730862,-41594.83361870898,-114108.63942023268,430448.96877479093,-170930.94589568864,246476.21775829647,159461.53067816197,-236639.366228941,-81561.65230836198,256400.0765636318,243117.49897141967,-58117.994046172644,117816.21586464137,45072.37125055936,-174747.25871140903
-10159.5951742544,75278.37230148507,-95944.68666116353,-35719.82518622174,-826.7372180016179,54702.51473731891,-59033.50235096901,65936.52259568854,-24926.614388648028,28608.84676361056,78871.7548042821,61385.454137413355,28094.200181537257,-5652.112155822056,-67200.2400346988,23936.67237036655,-28630.547535788355,80092.34781135032,86334.04123043161,6334.005775958902,69418.347471974,-12969.049215212191,57554.52876009205,-62589.51393435978,29305.672942808436,-53812.49398617146,42959.63560015565,18880.26551147229,993.6607650666111,28447.212309596747,-36680.014770096495,13584.348561046188,35029.04857022145,14088.938425795117,3793.280308115185,-11686.24132734554,-47438.276060407814,28364.815798942887,-59155.66707697966,-89825.0904663193,55630.29527095565,-73246.01610200717,-11197.689589641606,-30718.921657192812,115879.29909317054,-46015.517395594754,66353.77473333021,42927.96609338262,-63705.662615849564,-21957.03312939375,69024.47568819392,65448.966361178835,-15645.961756565344,31717.364394945092,12133.498487994006,-47043.4975460434
31306.12587093809,-231955.33736794186,295630.19382345764,110062.73156810403,2546.9587926281274,-168551.0950364485,181901.76864247094,-203170.06328342378,76806.29516563319,-88157.70230686467,-243023.8826339883,-189146.32831250885,-86569.12046675885,17416.47494290015,207059.73797909133,-73756.09840948578,88220.89806175618,-246786.8002821551,-266022.75569463556,-19518.050264577312,-213896.2108715324,39960.597563529554,-177338.43012542865,192854.85912228838,-90295.4976235832,165810.49289131322,-132371.25735941852,-58176.70531885582,-3063.0861576188586,-87650.68966876369,113024.96177449152,-41859.691662099314,-107937.98412330844,-43413.41851946629,-11686.24132734554,36013.07124363643,146174.39471370215,-87399.10486864985,182275.12418463806,276780.1014205745,-171415.90122784473,225692.81398513252,34503.08708193877,94653.75013515832,-357061.0438008336,141788.74530383133,-204452.70200742013,-132274.65478234916,196292.9167124694,67655.8290056908,-212685.84649066936,-201667.50131170265,48208.98322357582,-97728.72946925701,-37388.251293272435,144953.54560968437
127072.49319732987,-941527.5171218417,1199995.4173380472,446755.6203368323,10338.983522213075,-684169.327577634,738353.1370035448,-824685.8157407306,311763.7947688527,-357832.758086894,-986460.94082459,-767762.9432452731,-351388.45150003553,70694.17955065778,840480.213884664,-299382.61598788743,358094.37331911223,-1001732.3182279784,-1079808.0394277924,-79224.02937898769,-868227.548702766,162204.96741120427,-719838.712987689,782818.3411814641,-366523.2266075058,673042.4503235416,-537307.247554539,-236143.1854763898,-12431.510918177131,-355787.2031163273,458774.5831347806,-169909.1561808437,-438125.88124058093,-176217.35396067248,-47438.276060407814,146174.39471370215,593331.1186792081,-354762.7985819774,739872.8852461597,1123472.5544365954,-695789.4516622626,916107.681144641,140051.63459556742,384208.75431234564,-1449339.9903354046,575531.7373467771,-829896.3843066331,-536913.7670506255,796775.2982892175,274621.63737929036,-863310.0253713257,-818587.1352109922,195685.88804468,-396692.4869267447,-151760.47626463574,588381.7177157112
