V1,V2,V3,V4,V5,V6,V7,V8,V9,V10,V11,V12,V13,V14,V15,V16,V17,V18,V19,V20,V21,V22,V23,V24,V25,V26,V27,V28,V29,V30,V31,V32,V33,V34,V35,V36,V37,V38,V39,V40,V41,V42,V43,V44,V45,V46,V47,V48,V49,V50,V51,V52,V53,V54,V55,V56
341.28941775599145,234.44949660350656,264.1816742164987,-227.90810521144527,-131.8842376589933,161.28759629662767,-36.85853340255733,-102.38793610855518,77.66818451355249,84.72261030511818,128.3901170716,148.43345540794502,-260.67157948523294,-30.325796569858383,-126.68220056971616,19.72157958163209,15.0316601620234,-65.62068152677001,214.3993479702366,79.67825851598039,293.57756297188234,5.523982592570691,55.02965324030453,299.7652011645584,-32.72410114808746,110.72578838182527,-66.42609492385888,73.7532752734569,-153.90096438929797,110.96035779674867,190.59541616545368,156.08778471045068,5.549882550661083,-99.04788736738092,-192.38014013230426,-69.88247497936185,-319.71550973525405,232.8145888156382,167.1661299119911,20.507590978194497,41.87956331866853,207.6647527415564,13.307920979073714,-336.80796827660316,-14.675484622882609,-45.75245657553423,370.2682654661268,98.3050627679294,-39.654664654848084,27.263252815596037,-59.00216128723418,208.8511405851799,-29.72041925419245,39.37445325823815,177.57954630061997,189.93545526062053
234.44949660350656,161.51851222515802,181.4047857912907,-156.62019436679992,-90.69058288381805,110.53990157162096,-25.121100315134004,-70.0132001419238,53.6825194098641,57.96749115339162,88.50674234175781,102.31481526694881,-179.02622534839284,-20.533672331138412,-86.78755176013293,13.325036987183083,10.473477409021438,-45.13871265955843,147.62007365864176,54.73979867228501,201.47396033024768,3.4626873025401492,38.062521535362855,205.77788073255314,-22.69925733297475,76.5669801596482,-45.75115906688448,50.90707315176825,-105.2756278977855,76.17980788418058,130.48763443475002,106.85138435812982,4.038592892425552,-67.93058313371881,-132.1305936057171,-47.777784503612686,-219.69677614019758,159.96042371406256,114.62038702827196,13.698189956253485,28.65668420821538,142.3750016415487,9.400165733496259,-231.1186434563826,-10.257542719944224,-31.407207023704725,254.59085819439616,67.53654691368658,-27.287449454271954,18.87635375500253,-40.53296795406685,143.30990983163085,-20.237672743264746,27.17242752673523,122.067272050373,130.5686862999535
264.1816742164987,181.4047857912907,205.00404868702412,-176.56114057696934,-102.07286725965088,125.53665735348358,-28.67302170078954,-79.49685110194596,60.11341291317266,65.93657101234133,99.02582453638003,114.68878532250547,-201.7947084981877,-24.058875546324863,-98.25588488268961,15.264775822427554,11.769010023712974,-50.58633370639812,165.89824158944685,62.032506753593324,227.63613680057176,4.5418062279737565,42.21105790444549,232.08988238506322,-25.62653409254628,85.35384940858722,-51.37733813833232,57.19668725328947,-119.16024850796536,85.98007871476575,147.6134737343009,120.98002725840716,4.043288709040884,-76.76426996038454,-149.3446297852442,-54.0461917440954,-247.4585946176094,180.59052027741282,129.90443824007738,16.27592474069868,32.15549438474774,160.6370070009642,10.062909645147219,-260.82607807186514,-10.989610586984396,-35.290204509973876,286.4462406282153,76.27289887594087,-30.69753555564811,21.14891972383943,-45.97064609299005,162.1567152738517,-23.170655723113846,30.51834839479371,137.77516641142938,147.1266748372437
-227.90810521144527,-156.62019436679992,-176.56114057696934,152.48366124649985,88.07168948281267,-108.16454835756876,24.623461222283634,68.51020895920118,-51.82156263864887,-56.682111491686925,-85.49188890927209,-99.11443836869617,174.2899089591815,20.447870877199044,84.44253243330536,-13.082557390448706,-10.182512138411665,43.715373066985265,-143.1432444982409,-53.26355633740032,-196.38323486724354,-3.7484354907989683,-36.88807529636927,-200.22918986907703,22.07937579085682,-74.09370845873605,44.29614394784278,-49.17969878476595,102.6701911584508,-73.98337453956786,-127.17231264268047,-104.33595006742566,-3.7078902684481063,66.11850765801009,128.6678961484247,46.64944117804235,213.839754716583,-155.76048963368774,-112.0436146938963,-13.821512351835233,-27.863064953819528,-138.76316753595614,-9.005554886797444,225.0652544218056,9.717755113684609,30.35779891557667,-247.27060754724405,-65.60902888144331,26.669892166604907,-18.16047030390079,39.60117570205663,-139.6813081643321,19.923248770092165,-26.57263191893782,-118.60990219795417,-126.88180001027402
-131.8842376589933,-90.69058288381805,-102.07286725965088,88.07168948281267,51.01128181933196,-62.286053898862896,14.143928050417625,39.46867879035804,-30.02711820519084,-32.678147328851296,-49.72986218573662,-57.49834555825174,100.77523684426316,11.600056765285505,48.97248666274743,-7.6074233103413,-5.869178862139788,25.415902707645895,-82.9612821716999,-30.774776357544354,-113.3701451514034,-2.0483021378672066,-21.257966871139214,-115.86091113623473,12.625087442115857,-42.881361518010706,25.762058898241996,-28.538969908329328,59.408040414627465,-42.91474616526263,-73.56006191409561,-60.201932429491706,-2.1911375626305674,38.23766978277904,74.38258497702164,27.046319504882014,123.50287251803508,-89.93863871690218,-64.55642634426073,-7.9174373517823,-16.182023107023365,-80.21663269404847,-5.176305333341621,130.1197970533502,5.689234158443118,17.772714997755187,-143.14984931260452,-38.07879669099811,15.282499366678852,-10.55210962825863,22.809096490517668,-80.63575606890063,11.498189481663841,-15.094490068437858,-68.66597290577555,-73.37508050438184
161.28759629662767,110.53990157162096,125.53665735348358,-108.16454835756876,-62.286053898862896,77.59069685368216,-17.6255444885693,-48.93894662471845,36.4118655795265,40.614667273123104,59.91279670979633,69.80740920752598,-123.55303732204031,-15.229478487998872,-60.03568019461554,9.362862048081404,7.353255838179751,-30.693718443676527,101.07126339814724,38.03321612553465,139.60568097053113,3.0964708165303727,25.642922292218365,141.89737834251395,-15.843735399053127,51.90814179944853,-31.263294474260935,34.71247565978574,-72.89954011518243,52.43541539171246,90.25330986046762,74.21347552020568,2.272503696481027,-46.908682990742356,-91.61142849360786,-33.16494709579842,-151.42476694865792,110.69058909046854,80.11018152016638,10.498294806654023,19.50050566196047,98.33568587934542,6.065655188045853,-159.62283787964395,-6.380933574278168,-21.34868915351672,174.72863895520095,46.638513919535846,-18.91604979685044,12.774494228438742,-28.417787019256583,99.47820498952377,-14.435313861348762,18.811520853685348,84.21566940005198,89.8279008610396
-36.85853340255733,-25.121100315134004,-28.67302170078954,24.623461222283634,14.143928050417625,-17.6255444885693,4.216237812573432,11.297288336985043,-8.37408603239376,-9.347537385691085,-13.569664417674483,-15.700496074457002,28.04447104115446,3.6386755717503205,13.693807569845719,-2.1581584966999303,-1.523985405073519,6.9256181955953124,-22.922274230760276,-8.721706427289003,-31.92696846102708,-0.8236936986836964,-5.861848093409388,-32.32671696792381,3.6394256924987376,-11.680117689309888,6.978233437238634,-7.926432819471058,16.75182536907735,-11.937496738654682,-20.784197465179655,-17.11152879179151,-0.4496970398301012,10.794291581510977,20.77842751837264,7.441367420839172,34.59308209939738,-25.270265745366167,-18.22246394502405,-2.303709726238083,-4.4637929288033344,-22.448141082181465,-1.3082219772531043,36.448413672310075,1.4690106532691631,4.730043195494124,-39.8137015997316,-10.472681020462007,4.355250330127673,-2.931388080269095,6.410909704976695,-22.800993494473826,3.209161567517439,-4.497812753419189,-19.164552125665132,-20.583831680658847
-102.38793610855518,-70.0132001419238,-79.49685110194596,68.51020895920118,39.46867879035804,-48.93894662471845,11.297288336985043,31.101672779772464,-23.09297391687279,-25.730869860229856,-38.04793498352206,-44.16000310069468,78.28926574516817,9.596604690874134,38.08448000332841,-6.007293925683611,-4.474010903757163,19.501489535876082,-64.00745533906144,-24.02701259999309,-88.50310532132433,-2.003212615538352,-16.356268888482976,-90.01848684590668,9.897390875204087,-32.850747319577756,19.73597347617603,-21.953310739173727,46.424063886975134,-33.24445633746752,-57.46577685177387,-47.21634689137207,-1.4450554961580133,29.816954515924355,57.88224343192527,21.026574705649292,96.08055251380479,-70.08044986798494,-50.6157073427141,-6.518095278677024,-12.51231378221191,-62.49462713719411,-3.8248673796961876,101.3043496857602,4.167103729208882,13.52520630653579,-110.85926123801967,-29.42373593772676,12.00100984742859,-8.076312362788777,17.856283917641893,-63.024815439749055,9.071885969722164,-12.005440254451766,-53.275603630163495,-57.00032046654825
77.66818451355249,53.6825194098641,60.11341291317266,-51.82156263864887,-30.02711820519084,36.4118655795265,-8.37408603239376,-23.09297391687279,18.06568877019803,19.155842688445343,29.39609608568212,33.876130585416334,-59.07485027947747,-6.823073366303367,-28.634503202448332,4.289300963084568,3.4387019039318343,-14.892233292775941,48.980147526530075,18.22990097599914,66.6451904353607,1.0637697471570495,12.680760152688649,67.98373311047379,-7.711836860024903,25.453685644805493,-15.09934509540282,17.064972190105976,-34.67009191710279,25.206805484669438,43.09555675143453,35.284758526685586,1.3786507227433549,-22.517999767479772,-43.67485199466946,-15.54092205072433,-72.74677150776562,53.017725624989936,37.780992812170695,4.246660697196465,9.384585506658773,46.906891998349344,3.1523117813383363,-76.3594087779326,-3.4651405004174856,-10.270778137222011,84.36524969184164,22.263988071744123,-9.065467710883313,6.384196299678414,-13.383998506139143,47.48845371494922,-6.523334703318717,9.216209004707144,40.48843513785884,43.380698807545784
84.72261030511818,57.96749115339162,65.93657101234133,-56.682111491686925,-32.678147328851296,40.614667273123104,-9.347537385691085,-25.730869860229856,19.155842688445343,21.36385161772057,31.468735188088367,36.54214791572953,-64.7419850292725,-8.058442256445785,-31.613545758904806,4.962526948203316,3.7535343327194926,-16.10361401936364,53.01924833109511,20.00511806649188,73.25601309409885,1.68846766141174,13.36600175444394,74.49004804741412,-8.268134755232005,27.085145886689094,-16.374285615387954,18.26525521089942,-38.38672032959582,27.580778904294245,47.536959648013465,39.032861246525904,1.1299908380701613,-24.69576990329585,-48.02938507594918,-17.372327918738737,-79.39555578182359,58.062175336286316,41.94566670996856,5.479613349641805,10.264025327258398,51.60359115174675,3.0757746431454667,-83.79620325047357,-3.344107523284708,-11.221592454317035,91.70950492335906,24.461226507700633,-9.874325564552478,6.731974295748302,-14.84757060378503,52.25381313508677,-7.53939858393627,9.850540613547754,44.22923628163547,47.197558678474394
128.3901170716,88.50674234175781,99.02582453638003,-85.49188890927209,-49.72986218573662,59.91279670979633,-13.569664417674483,-38.04793498352206,29.39609608568212,31.468735188088367,48.92778159968853,56.28141135680094,-97.9579932394332,-10.726395147145267,-47.63368189240877,7.382240901792411,5.652496342327856,-24.964215069756367,81.0067196436148,29.772066358615174,109.84866525287764,1.6631494937423723,20.84007633134631,112.69238752377942,-12.075486799990502,42.021294832903926,-25.24503776907707,27.906469260394076,-57.68709890369097,41.833731055324336,71.42599711215402,58.25279548059779,2.3495683998595673,-37.13479997872943,-72.11582021747246,-26.307830353936673,-119.99848231915092,87.18647855443257,62.24190578059395,7.310397687711864,15.886158703527792,77.95180750874303,5.166313489515837,-126.40534470813317,-5.821355728193068,-17.541654967904748,139.5457561005456,37.086164782390135,-14.729859937694062,10.356112115976469,-21.94884142074056,78.04604800968376,-11.016658308105963,14.44422152501267,66.75939375568512,71.37818838864898
148.43345540794502,102.31481526694881,114.68878532250547,-99.11443836869617,-57.49834555825174,69.80740920752598,-15.700496074457002,-44.16000310069468,33.876130585416334,36.54214791572953,56.28141135680094,65.03663117459192,-113.48454392353217,-12.661476117194002,-55.01682767170758,8.491964264700854,6.6827250315035815,-28.75433938916636,93.60361593630368,34.50196725877737,127.35495920925383,2.0424099956827217,24.108769339840507,130.38975204047082,-14.14636989777349,48.61901996298014,-29.150207748443908,32.17656351073506,-66.67172658076262,48.299031684489954,82.54760189860126,67.48791375119411,2.6564044659587123,-42.931795372345505,-83.64004491360532,-30.46482087124068,-138.99129681977234,101.0933864405538,72.42709864274369,8.701205064401428,18.268206749271858,90.23021525348956,6.011747178797016,-146.33016193727872,-6.57885418462842,-20.146888189759903,161.30545809956618,42.91627525276144,-17.170986265344293,11.907549911326822,-25.60073294625524,90.4828324406699,-12.875091437561426,16.863500413996363,77.25261609093697,82.54087246538388
-260.67157948523294,-179.02622534839284,-201.7947084981877,174.2899089591815,100.77523684426316,-123.55303732204031,28.04447104115446,78.28926574516817,-59.07485027947747,-64.7419850292725,-97.9579932394332,-113.48454392353217,199.44800987716602,23.135929122219753,96.74748944568765,-15.104714101110785,-11.620648602553565,50.16139661517314,-163.7469181225237,-60.77118100079985,-224.4376996686171,-4.2432428585484345,-42.09669175466385,-229.144252852231,24.937371875417266,-84.68421964968542,50.80141630389465,-56.136501021036054,117.60652623371547,-84.71641328707868,-145.5485203113534,-119.28547148609941,-4.262780811535288,75.58961746209337,147.1220546436135,53.629075672522724,244.41399008068046,-177.92413256118078,-128.01605497489703,-15.935445350852218,-32.033183348155376,-158.87101718970845,-10.252316740999026,257.47808040152916,11.150844327715332,34.99683150308329,-282.8485518540668,-75.18375736646541,30.359795203397145,-20.696777004411373,45.20163788406323,-159.55002571732012,22.88636247710896,-29.99838802398201,-135.60068565228025,-144.97404426137217
-30.325796569858383,-20.533672331138412,-24.058875546324863,20.447870877199044,11.600056765285505,-15.229478487998872,3.6386755717503205,9.596604690874134,-6.823073366303367,-8.058442256445785,-10.726395147145267,-12.661476117194002,23.135929122219753,3.601819266978905,11.414072675927732,-1.781865505949588,-1.362257617784345,5.473116848869766,-18.724745708494222,-7.4824130413764935,-26.718462318290165,-0.9838628961619991,-4.507061240207699,-26.67053041626471,3.272530821486779,-9.266631251577973,5.65138628734564,-6.546283892060329,13.862577268963316,-9.859605491949877,-17.230722828690325,-14.321987375754215,-0.11567045045750203,8.982529252715244,17.491668579257293,6.095829517278253,28.525882228249664,-21.18197269780137,-15.555531090697395,-2.3114764982116403,-3.4510285446812854,-18.445443609651278,-0.8665980057567937,30.16390523118013,0.8550699320254681,3.7204248615304967,-32.573540123552426,-8.730034817413001,3.639765770246393,-2.408043022431148,5.568363709029768,-19.257511301127074,2.816026255525607,-3.8204687400942645,-16.012721671839458,-17.023460398257058
-126.68220056971616,-86.78755176013293,-98.25588488268961,84.44253243330536,48.97248666274743,-60.03568019461554,13.693807569845719,38.08448000332841,-28.634503202448332,-31.613545758904806,-47.63368189240877,-55.01682767170758,96.74748944568765,11.414072675927732,47.44108193922838,-7.515314704477683,-5.566315791771609,24.390803648692195,-79.54210829624901,-29.686992240186896,-108.94582738413122,-2.2242619662838528,-19.924799955243,-111.42213694186499,11.94467512601215,-40.62986205079493,24.776579423434203,-27.373661724147127,57.41669318911519,-41.415120270125286,-71.00465270203664,-58.00084013441687,-1.8515084495441856,36.83873011229933,71.60470083984094,26.182866847101927,118.29726892485581,-86.34610655727757,-62.12041252307976,-8.015906881908816,-15.560987146098396,-77.11599371331224,-4.613304144049485,125.10372812234742,5.214200089222332,17.253274882226556,-137.3070283022642,-36.78887927094276,14.478101211888104,-10.093949386811465,21.941684212787877,-77.6139355018136,11.229742628973128,-14.112180270135646,-66.09362183537884,-70.41074850286196
19.72157958163209,13.325036987183083,15.264775822427554,-13.082557390448706,-7.6074233103413,9.362862048081404,-2.1581584966999303,-6.007293925683611,4.289300963084568,4.962526948203316,7.382240901792411,8.491964264700854,-15.104714101110785,-1.781865505949588,-7.515314704477683,1.290682786772506,0.8067009794003173,-3.834217089865107,12.281843768377861,4.568020950081638,16.959279557552392,0.4346295899767743,2.9908208965320418,17.43162066088487,-1.6793578878484685,6.1427123827106405,-3.8628311454113082,4.146305878292307,-9.140511964020765,6.494023355617543,11.226184982697031,9.129721519840755,0.22628379659109826,-5.757471948449484,-11.132566005608922,-4.239214553369354,-18.338601833310616,13.349584804905215,9.684205778659809,1.4081322197066952,2.5151822075961747,12.148840483962449,0.6203589320553972,-19.572488644745643,-0.7720059412041774,-2.783935749716198,21.3106149653646,5.767723309076818,-2.189563940438644,1.5010542286859572,-3.378980456220706,12.058507990569588,-1.8345542379647672,2.0268675314814373,10.239073343997413,10.88284873575796
15.0316601620234,10.473477409021438,11.769010023712974,-10.182512138411665,-5.869178862139788,7.353255838179751,-1.523985405073519,-4.474010903757163,3.4387019039318343,3.7535343327194926,5.652496342327856,6.6827250315035815,-11.620648602553565,-1.362257617784345,-5.566315791771609,0.8067009794003173,0.8272323264145851,-2.883929126924963,9.574240037634345,3.583264623287302,13.032305331091349,0.19216864185900548,2.410928622835593,13.249312011469286,-1.5745853536887273,5.009256938779898,-3.0128779368132044,3.30239170290428,-6.639143857612522,4.902160625667064,8.22908851865013,6.781450446201014,0.267464777579757,-4.317372048379872,-8.68258525435108,-3.100373550528212,-14.161620022876392,10.40668371331404,7.5585723563396705,0.9994473368437199,1.7430473106541933,9.106215690777997,0.64251251392227,-14.859928692665047,-0.574666372079113,-2.0242234435907833,16.374928603522974,4.4590499306877325,-1.7729170578007047,1.2227363636649937,-2.746008928481801,9.282937996120609,-1.3766054886709613,1.7114673279394652,7.949734081897196,8.383456512673922
-65.62068152677001,-45.13871265955843,-50.58633370639812,43.715373066985265,25.415902707645895,-30.693718443676527,6.9256181955953124,19.501489535876082,-14.892233292775941,-16.10361401936364,-24.964215069756367,-28.75433938916636,50.16139661517314,5.473116848869766,24.390803648692195,-3.834217089865107,-2.883929126924963,12.784674073183938,-41.347691523712164,-15.161167941345742,-56.18595843570466,-0.8959062280990151,-10.631640184031685,-57.67702185040717,6.0733683553839155,-21.42872773901176,12.913079739215911,-14.159746775535096,29.5926781848774,-21.386007102083553,-36.58519678633471,-29.842042164072247,-1.1813388617616738,18.978373098412433,36.876809385091214,13.57173159685704,61.35142150673831,-44.53744631881711,-31.883999227472064,-3.855706048180555,-8.181705237679923,-39.969661210865205,-2.623019047213427,64.70149870814338,2.955457094410151,9.016713420867191,-71.30350260597737,-18.981606668590164,7.522268935927709,-5.22755015194237,11.222681313111865,-39.876609518437434,5.704423003404362,-7.3021673330845385,-34.0773136806267,-36.423035799160616
214.3993479702366,147.62007365864176,165.89824158944685,-143.1432444982409,-82.9612821716999,101.07126339814724,-22.922274230760276,-64.00745533906144,48.980147526530075,53.01924833109511,81.0067196436148,93.60361593630368,-163.7469181225237,-18.724745708494222,-79.54210829624901,12.281843768377861,9.574240037634345,-41.347691523712164,135.01258927682704,50.04204876395811,184.16350154213308,3.1882550149782403,34.62978205190132,188.26769029934366,-20.59831469685532,69.87934064209088,-41.93223326860718,46.52755632350852,-96.40035211406273,69.768323273247,119.4182674543207,97.69591333883137,3.6465429248972625,-62.127491351907466,-120.87890541942315,-43.85066354253332,-200.7336708990109,146.18268711267052,104.78387112950055,12.677631701978669,26.261971724229493,130.24803877538957,8.491001529250198,-211.38663750711976,-9.328207990110338,-28.902413064095253,232.80157174428533,61.90794756879201,-24.830468298542243,17.235580835121823,-37.04873277662377,131.00082332035467,-18.594649972595697,24.558402197042483,111.66995829720194,119.32718415069482
79.67825851598039,54.73979867228501,62.032506753593324,-53.26355633740032,-30.774776357544354,38.03321612553465,-8.721706427289003,-24.02701259999309,18.22990097599914,20.00511806649188,29.772066358615174,34.50196725877737,-60.77118100079985,-7.4824130413764935,-29.686992240186896,4.568020950081638,3.583264623287302,-15.161167941345742,50.04204876395811,18.88414743025966,68.75027526409215,1.4415424270997959,12.586618303268043,69.95009347446147,-7.89732451402171,25.617201415908873,-15.46608844001764,17.371234310407015,-35.88611679486368,25.968742153298745,44.511955932735155,36.50027441191319,1.1322299549448376,-23.195698050196082,-45.168906408524684,-16.18414828162553,-74.58542020979425,54.60410669263049,39.28497127782513,4.961258437679699,9.560496704818478,48.30627976646295,2.9419033710844458,-78.6276271980253,-3.1935652527447744,-10.563250714264575,86.33394392098529,23.043491031088998,-9.251293452709678,6.4479057919650575,-13.955744434030992,49.0936575906754,-6.9868114295622,9.269699156691756,41.69902675114234,44.45639155366527
293.57756297188234,201.47396033024768,227.63613680057176,-196.38323486724354,-113.3701451514034,139.60568097053113,-31.92696846102708,-88.50310532132433,66.6451904353607,73.25601309409885,109.84866525287764,127.35495920925383,-224.4376996686171,-26.718462318290165,-108.94582738413122,16.959279557552392,13.032305331091349,-56.18595843570466,184.16350154213308,68.75027526409215,253.1715798612586,5.098577463156505,47.25794674153796,257.95308711789596,-28.448674085969163,95.02009171623193,-56.935469993004936,63.29776640831782,-132.48840596293854,95.34593026780023,164.09143813292525,134.6546746275082,4.566165934254875,-85.27820392118777,-165.8305249898118,-60.1132191194017,-275.3871830540128,200.73022777785755,144.52909763781275,18.060347541176483,35.849164421917905,178.80183001393164,11.366265341161068,-290.0323926280704,-12.321310220068844,-39.02454571122446,318.3152954109136,84.5058363050775,-34.33093355005487,23.362697233030676,-51.07077797848383,180.18396361080804,-25.754187149437975,34.24736301638414,152.83688387823554,163.46220556245993
5.523982592570691,3.4626873025401492,4.5418062279737565,-3.7484354907989683,-2.0483021378672066,3.0964708165303727,-0.8236936986836964,-2.003212615538352,1.0637697471570495,1.68846766141174,1.6631494937423723,2.0424099956827217,-4.2432428585484345,-0.9838628961619991,-2.2242619662838528,0.4346295899767743,0.19216864185900548,-0.8959062280990151,3.1882550149782403,1.4415424270997959,5.098577463156505,0.4378355399068553,0.6192996766873563,4.944055714869927,-0.5683002543215635,1.3397207369756634,-0.9271844142274885,1.0720160631351638,-2.774805436010649,1.8169757043493284,3.4057740892514685,2.8790900731746674,-0.16344966683402065,-1.7243358162571767,-3.2916496017062222,-1.2036301985329827,-5.193199821994406,3.95415679472128,3.0942253811745655,0.7171202240633637,0.6269011444479465,3.4970900792168593,-0.02589113294586047,-5.6700956629361015,0.02355519820985659,-0.6224350793566565,5.759218251207219,1.595521501846646,-0.6668697086361203,0.3611970536986834,-1.0881732485743,3.729488294107542,-0.6415019878782671,0.6971684514736861,2.9311716135346715,3.0837797283008075
55.02965324030453,38.062521535362855,42.21105790444549,-36.88807529636927,-21.257966871139214,25.642922292218365,-5.861848093409388,-16.356268888482976,12.680760152688649,13.36600175444394,20.84007633134631,24.108769339840507,-42.09669175466385,-4.507061240207699,-19.924799955243,2.9908208965320418,2.410928622835593,-10.631640184031685,34.62978205190132,12.586618303268043,47.25794674153796,0.6192996766873563,9.540979411234217,48.190564159830295,-5.361504975297222,18.482352965590326,-10.612519004307893,11.819416108323816,-24.518891049970488,17.61933245298167,30.4348398267548,25.057864703857156,1.2062400497626047,-15.848920489178,-30.690935775013916,-11.082631563516522,-51.98620992147745,37.489233336619044,26.75306889769351,2.793617347591099,6.841694168316076,33.538836395142106,2.582420500356119,-54.219296342067615,-2.731679976937377,-7.154064925398752,59.90477692754059,15.493694038007009,-6.652372786529617,4.383857075664622,-9.384018968698134,33.40637602861425,-4.561406256169771,6.836287760613139,28.325438082710374,30.66329736597329
299.7652011645584,205.77788073255314,232.08988238506322,-200.22918986907703,-115.86091113623473,141.89737834251395,-32.32671696792381,-90.01848684590668,67.98373311047379,74.49004804741412,112.69238752377942,130.38975204047082,-229.144252852231,-26.67053041626471,-111.42213694186499,17.43162066088487,13.249312011469286,-57.67702185040717,188.26769029934366,69.95009347446147,257.95308711789596,4.944055714869927,48.190564159830295,263.4653487541884,-28.59995979451392,97.12611144281327,-58.415331506858955,64.64275629017327,-135.35544482322257,97.5204392620072,167.52713910658895,137.18599417847028,4.805174679653201,-86.99836615166794,-169.11778968350342,-61.627296981534656,-280.79016977996395,204.49382097435216,147.02212220010125,18.313333503177606,36.84692286994396,182.5826323355532,11.610529945991734,-296.00040784498464,-12.78360353271478,-40.32461580425312,325.18481622007295,86.49567940825678,-34.779036682284946,23.84805639208314,-51.891138541538716,183.47158016632335,-26.281862078359044,34.3473365574371,155.99294596698329,166.72468178329746
-32.72410114808746,-22.69925733297475,-25.62653409254628,22.07937579085682,12.625087442115857,-15.843735399053127,3.6394256924987376,9.897390875204087,-7.711836860024903,-8.268134755232005,-12.075486799990502,-14.14636989777349,24.937371875417266,3.272530821486779,11.94467512601215,-1.6793578878484685,-1.5745853536887273,6.0733683553839155,-20.59831469685532,-7.89732451402171,-28.448674085969163,-0.5683002543215635,-5.361504975297222,-28.59995979451392,3.630416861406646,-10.742031535410295,6.242676809265923,-7.258610704870992,14.452171072484049,-10.53428763044122,-18.062061610313876,-14.977780112257644,-0.5040097935011911,9.518056341716546,18.64237450252111,6.361918021080697,30.90608733499371,-22.715274238107366,-16.3311728058681,-1.8805039402569383,-3.7296303016190753,-19.674750156467766,-1.351005992535262,32.235626843847996,1.2985556832879928,4.036465469069126,-35.49044105754781,-9.328713851603707,3.9947073484878897,-2.729969930975291,5.873512991493613,-20.369938750566018,2.769518701451863,-4.2605496173970705,-17.19734528336654,-18.418294595007936
110.72578838182527,76.5669801596482,85.35384940858722,-74.09370845873605,-42.881361518010706,51.90814179944853,-11.680117689309888,-32.850747319577756,25.453685644805493,27.085145886689094,42.021294832903926,48.61901996298014,-84.68421964968542,-9.266631251577973,-40.62986205079493,6.1427123827106405,5.009256938779898,-21.42872773901176,69.87934064209088,25.617201415908873,95.02009171623193,1.3397207369756634,18.482352965590326,97.12611144281327,-10.742031535410295,36.75084702987485,-21.642844107866253,24.00110134945269,-49.44370464188226,35.8077315634647,61.3114246448499,50.267846428446504,2.1958341898450233,-31.94578543639745,-62.20726123564576,-22.50247926595142,-104.05356120919258,75.47784240179423,53.959415323529846,6.098811111865819,13.617769711216464,67.28233459059587,4.815477563854323,-109.07654266388911,-5.141404906707545,-14.78020191308627,120.46995812877114,31.734387849539168,-13.042800918886769,8.903940852125167,-19.05936339601283,67.39246694555433,-9.41697492403679,13.053114339339256,57.453218514961456,61.653165546399656
-66.42609492385888,-45.75115906688448,-51.37733813833232,44.29614394784278,25.762058898241996,-31.263294474260935,6.978233437238634,19.73597347617603,-15.09934509540282,-16.374285615387954,-25.24503776907707,-29.150207748443908,50.80141630389465,5.65138628734564,24.776579423434203,-3.8628311454113082,-3.0128779368132044,12.913079739215911,-41.93223326860718,-15.46608844001764,-56.935469993004936,-0.9271844142274885,-10.612519004307893,-58.415331506858955,6.242676809265923,-21.642844107866253,13.135761247054301,-14.417633927009028,29.907261663729894,-21.713245946667328,-36.985972770765706,-30.162492366299823,-1.1422750336685457,19.218703190327663,37.511449456757255,13.740633132976026,62.04134451837937,-45.1929712841261,-32.403863522000535,-4.0249159657419735,-8.184974659283913,-40.375446327044955,-2.5943978760336557,65.49465656928521,2.877435696397051,9.162134167026814,-72.17637042300196,-19.35488179357382,7.576275400787234,-5.328117707570953,11.46901366937202,-40.479443026929935,5.834801884897243,-7.304758457950135,-34.65216482936067,-36.89344871012456
73.7532752734569,50.90707315176825,57.19668725328947,-49.17969878476595,-28.538969908329328,34.71247565978574,-7.926432819471058,-21.953310739173727,17.064972190105976,18.26525521089942,27.906469260394076,32.17656351073506,-56.136501021036054,-6.546283892060329,-27.373661724147127,4.146305878292307,3.30239170290428,-14.159746775535096,46.52755632350852,17.371234310407015,63.29776640831782,1.0720160631351638,11.819416108323816,64.64275629017327,-7.258610704870992,24.00110134945269,-14.417633927009028,16.21042034617805,-33.02014768984493,24.0408757896019,40.99679823571883,33.51039848570458,1.225312264727465,-21.402019392802192,-41.612382079508976,-14.880782108280792,-68.93454001844597,50.347783465276635,35.95775015554124,4.239620207949086,8.899411039653645,44.55575778177732,2.8663383862330587,-72.5593176063073,-3.171883183058225,-9.882325355437827,80.07443733812003,21.310140838146054,-8.50770089778993,6.05175591646581,-12.763319387547527,45.14905776488236,-6.3032102814978845,8.514765279350785,38.554819639933044,41.152845584648766
-153.90096438929797,-105.2756278977855,-119.16024850796536,102.6701911584508,59.408040414627465,-72.89954011518243,16.75182536907735,46.424063886975134,-34.67009191710279,-38.38672032959582,-57.68709890369097,-66.67172658076262,117.60652623371547,13.862577268963316,57.41669318911519,-9.140511964020765,-6.639143857612522,29.5926781848774,-96.40035211406273,-35.88611679486368,-132.48840596293854,-2.774805436010649,-24.518891049970488,-135.35544482322257,14.452171072484049,-49.44370464188226,29.907261663729894,-33.02014768984493,69.8624269552252,-50.12511235980503,-86.38033841407837,-70.69427242415915,-2.297216157547294,44.758691712768986,86.77153805611063,31.808314784541952,144.01840996481363,-104.88053897527753,-75.51779614868015,-9.646051316527505,-19.038094879028076,-93.9288604445103,-5.736348542404029,152.11494259275673,6.462396763517103,20.765391065904424,-166.76906936764902,-44.396689290885476,17.7737196246471,-12.142354035517844,26.574401312697972,-94.2517187025338,13.59816301825213,-17.479375181096554,-80.0082188610627,-85.51609398721402
110.96035779674867,76.17980788418058,85.98007871476575,-73.98337453956786,-42.91474616526263,52.43541539171246,-11.937496738654682,-33.24445633746752,25.206805484669438,27.580778904294245,41.833731055324336,48.299031684489954,-84.71641328707868,-9.859605491949877,-41.415120270125286,6.494023355617543,4.902160625667064,-21.386007102083553,69.768323273247,25.968742153298745,95.34593026780023,1.8169757043493284,17.61933245298167,97.5204392620072,-10.53428763044122,35.8077315634647,-21.713245946667328,24.0408757896019,-50.12511235980503,36.22436883342794,62.03257103159935,50.682651763985966,1.72832773726557,-32.22233905101943,-62.64693688307557,-22.829771871552456,-103.68672789392313,75.62030158960357,54.2994746090716,6.821761892831208,13.611529579160234,67.46483885290426,4.169809720978997,-109.48288513295124,-4.674225327019397,-15.068528117948848,120.35607401568164,32.16208647791229,-12.727807603816064,8.886873075559683,-19.18866373865531,67.89461937589951,-9.741201803302145,12.472389910521906,57.8647915133046,61.70846986383791
190.59541616545368,130.48763443475002,147.6134737343009,-127.17231264268047,-73.56006191409561,90.25330986046762,-20.784197465179655,-57.46577685177387,43.09555675143453,47.536959648013465,71.42599711215402,82.54760189860126,-145.5485203113534,-17.230722828690325,-71.00465270203664,11.226184982697031,8.22908851865013,-36.58519678633471,119.4182674543207,44.511955932735155,164.09143813292525,3.4057740892514685,30.4348398267548,167.52713910658895,-18.062061610313876,61.3114246448499,-36.985972770765706,40.99679823571883,-86.38033841407837,62.03257103159935,106.88336673313964,87.51223176283938,2.864820461367029,-55.43829145378482,-107.44147987497145,-39.212879461682,-178.4048713920376,129.96595724189817,93.49712669698377,11.797939443485069,23.491865757112947,116.18680979636346,7.148309109127131,-188.29315493657066,-8.024707308598293,-25.592069826790212,206.54453372152287,54.90491847641582,-22.068232064434532,15.104302499659576,-32.92515681538084,116.78026219302716,-16.746812131023674,21.839563805788483,99.11863015446406,105.99143291691556
156.08778471045068,106.85138435812982,120.98002725840716,-104.33595006742566,-60.201932429491706,74.21347552020568,-17.11152879179151,-47.21634689137207,35.284758526685586,39.032861246525904,58.25279548059779,67.48791375119411,-119.28547148609941,-14.321987375754215,-58.00084013441687,9.129721519840755,6.781450446201014,-29.842042164072247,97.69591333883137,36.50027441191319,134.6546746275082,2.8790900731746674,25.057864703857156,137.18599417847028,-14.977780112257644,50.267846428446504,-30.162492366299823,33.51039848570458,-70.69427242415915,50.682651763985966,87.51223176283938,71.81365974947104,2.3271621445784727,-45.410472514340036,-88.06286127977259,-32.035146019498725,-146.38065530228866,106.64784654669,76.84828950426903,9.70352759358926,19.16480486262903,95.21433580778364,5.926525924180021,-154.30529321524048,-6.524374043525202,-20.73178128244234,169.11154234242608,44.838892404223024,-18.243790228007278,12.33832846224392,-27.078842230194567,95.82514198542886,-13.727944725644114,18.208345970076422,81.14385145183114,86.86261118176442
5.549882550661083,4.038592892425552,4.043288709040884,-3.7078902684481063,-2.1911375626305674,2.272503696481027,-0.4496970398301012,-1.4450554961580133,1.3786507227433549,1.1299908380701613,2.3495683998595673,2.6564044659587123,-4.262780811535288,-0.11567045045750203,-1.8515084495441856,0.22628379659109826,0.267464777579757,-1.1813388617616738,3.6465429248972625,1.1322299549448376,4.566165934254875,-0.16344966683402065,1.2062400497626047,4.805174679653201,-0.5040097935011911,2.1958341898450233,-1.1422750336685457,1.225312264727465,-2.297216157547294,1.72832773726557,2.864820461367029,2.3271621445784727,0.3056548387611997,-1.5112510492599234,-2.949234707245799,-1.081782778962939,-5.29844587626813,3.6588454008232225,2.4628778585907543,0.018381599190759716,0.747300359246184,3.3454135811958388,0.45432681671722946,-5.353975870310795,-0.47173130031174776,-0.7694927028824515,6.197614783570742,1.5144265199725961,-0.690494451085719,0.47066531939629047,-0.85145550319558,3.128037708933052,-0.3534410262565418,0.703961000298952,2.768297276521192,3.0780179404522543
-99.04788736738092,-67.93058313371881,-76.76426996038454,66.11850765801009,38.23766978277904,-46.908682990742356,10.794291581510977,29.816954515924355,-22.517999767479772,-24.69576990329585,-37.13479997872943,-42.931795372345505,75.58961746209337,8.982529252715244,36.83873011229933,-5.757471948449484,-4.317372048379872,18.978373098412433,-62.127491351907466,-23.195698050196082,-85.27820392118777,-1.7243358162571767,-15.848920489178,-86.99836615166794,9.518056341716546,-31.94578543639745,19.218703190327663,-21.402019392802192,44.758691712768986,-32.22233905101943,-55.43829145378482,-45.410472514340036,-1.5112510492599234,28.80351089985872,55.86393644181983,20.260949315382614,92.73586660991867,-67.61087639674906,-48.58474402657448,-6.041416303917228,-12.128916457192751,-60.26136088176433,-3.7526271727422835,97.77936434305472,4.173803569366268,13.236849951977257,-107.36659792608516,-28.52253244240045,11.496513913806979,-7.907693822502698,17.14406089218109,-60.72812496756027,8.649383652415276,-11.447588416638729,-51.56970040906708,-55.14163532725188
-192.38014013230426,-132.1305936057171,-149.3446297852442,128.6678961484247,74.38258497702164,-91.61142849360786,20.77842751837264,57.88224343192527,-43.67485199466946,-48.02938507594918,-72.11582021747246,-83.64004491360532,147.1220546436135,17.491668579257293,71.60470083984094,-11.132566005608922,-8.68258525435108,36.876809385091214,-120.87890541942315,-45.168906408524684,-165.8305249898118,-3.2916496017062222,-30.690935775013916,-169.11778968350342,18.64237450252111,-62.20726123564576,37.511449456757255,-41.612382079508976,86.77153805611063,-62.64693688307557,-107.44147987497145,-88.06286127977259,-2.949234707245799,55.86393644181983,108.9133188287919,39.49734519358778,180.2308862453713,-131.56384965996943,-94.75708003604697,-12.019029524196474,-23.40903293918784,-117.04825250282612,-7.344470545462189,190.02039543605457,7.94213914861993,25.79163004446606,-208.63595864388475,-55.685480864942676,22.339220186513373,-15.36479039375062,33.56968110084792,-118.10012970045162,16.985286882793872,-22.079428273667286,-100.39192496088862,-107.09001542713531
-69.88247497936185,-47.777784503612686,-54.0461917440954,46.64944117804235,27.046319504882014,-33.16494709579842,7.441367420839172,21.026574705649292,-15.54092205072433,-17.372327918738737,-26.307830353936673,-30.46482087124068,53.629075672522724,6.095829517278253,26.182866847101927,-4.239214553369354,-3.100373550528212,13.57173159685704,-43.85066354253332,-16.18414828162553,-60.1132191194017,-1.2036301985329827,-11.082631563516522,-61.627296981534656,6.361918021080697,-22.50247926595142,13.740633132976026,-14.880782108280792,31.808314784541952,-22.829771871552456,-39.212879461682,-32.035146019498725,-1.081782778962939,20.260949315382614,39.49734519358778,14.723916668373203,65.35962070947403,-47.536617207209105,-34.348006625402185,-4.576253404252995,-8.742494919848932,-42.82047053663345,-2.6219246351265575,69.18125535994777,2.924699262499294,9.657282455187936,-75.79414856789943,-20.345894948193525,7.99183460216101,-5.433702232103506,12.089249910254345,-42.67069810399674,6.321776732175505,-7.609412397988433,-36.32582890031968,-38.70016020588123
-319.71550973525405,-219.69677614019758,-247.4585946176094,213.839754716583,123.50287251803508,-151.42476694865792,34.59308209939738,96.08055251380479,-72.74677150776562,-79.39555578182359,-119.99848231915092,-138.99129681977234,244.41399008068046,28.525882228249664,118.29726892485581,-18.338601833310616,-14.161620022876392,61.35142150673831,-200.7336708990109,-74.58542020979425,-275.3871830540128,-5.193199821994406,-51.98620992147745,-280.79016977996395,30.90608733499371,-104.05356120919258,62.04134451837937,-68.93454001844597,144.01840996481363,-103.68672789392313,-178.4048713920376,-146.38065530228866,-5.29844587626813,92.73586660991867,180.2308862453713,65.35962070947403,300.07581221995076,-218.36896351319945,-156.95684974615492,-19.13867394352911,-39.18118424636899,-194.7053127909959,-12.741089258844783,315.6706785618809,13.81001807514626,42.4972707574172,-346.8971560480046,-91.81717924946321,37.47795568653154,-25.467527960162574,55.40099708555377,-195.79682763089207,27.816555044701854,-37.461494525247936,-166.1907832415908,-177.99910649336064
