V1,V2,V3,V4,V5,V6,V7,V8,V9,V10,V11,V12,V13,V14,V15,V16,V17,V18,V19,V20,V21,V22,V23,V24,V25,V26,V27,V28,V29,V30,V31,V32,V33,V34,V35,V36,V37,V38,V39,V40,V41,V42,V43,V44,V45,V46,V47,V48,V49,V50,V51,V52,V53,V54,V55,V56
0.5416252771788332,0.29531220735466335,0.9218273689040971,-0.11643280387548571,1.2952685761840637,-1.0362335115087453,0.9044376061205955,-1.2315868497080007,0.2966411292617147,-0.09156949525330628,-0.6900491421132402,-0.7488090525889005,-0.5886219484930378,-0.2671227205904595,-0.7632339604076143,-0.38440341400349154,-0.1650256318218569,-0.004688786404502449,0.10438479834343292,-0.16263256486857006,0.38845549822972114,0.030573844547505075,-0.8163124771513044,0.009936434889859553,-0.05847676856716654,0.026791869218027804,0.5312763059250917,0.6232985863604602,0.013983817335881088,0.9668958164212219,-0.3676948884074032,-0.36605143466870255,-0.045579689045885344,-0.12140936537784688,0.03973580717679627,-0.5373096706905657,1.0731444359556321,-0.750480980715887,0.8539294055163823,0.6568103889201351,0.6338764249963695,0.8325481453827901,-0.2948364562752167,-0.7028593620998519,-0.4471621500317314,-0.9692868854168991,-1.009823483178651,-0.18630113576927998,-0.121733454129992,0.5627144536802059,1.2858938423782853,0.16742987166616352,0.21885101960083303,0.16837453284019427,0.02139017393521339,-0.12789709773831118
0.29531220735466335,0.29015984116154075,9.30235348292281e-5,0.17981059754363185,0.9150718908961568,-0.8097622088961424,1.341600231527943,-0.7125008956605144,0.34105929609290087,-0.016268772908977186,-0.3062831089044638,-0.17336335601685096,-0.4133651365023583,-0.08484790156106385,-0.28842463776927785,0.01803580928294813,-0.49870195548916774,0.1266266955243385,0.5844466266966166,0.6886936153452393,-0.1457005571589561,-0.41412080599831746,-1.0105843497173126,0.020743477863820522,-0.03089755311849245,-0.08117164070013234,0.46773175477865536,-0.128786505968322,0.15014551110755067,0.9161900629155402,0.4389139406471799,-0.188892963837329,-0.05665655923413178,0.416235740972176,0.18796952595395114,-0.6628805903994286,0.5310966307764576,-0.7281182582095269,0.006916832917688886,0.42145085897992607,0.8795650981073667,-0.20990176807029404,-0.766692515726553,-0.13681178608084124,-0.4847689713083006,-0.799648695566719,-0.2591651279894625,-0.20849101812723253,-0.3575297628163624,0.4864452200244774,0.6710801485455447,0.2724241897918161,0.1638925889721415,0.6178665469437489,-3.9003295131344166e-4,0.20273561745347765
0.9218273689040971,9.30235348292281e-5,3.9959954329303122,-1.3920386054935774,1.487015331817003,-0.8338713610380993,-2.362246752841416,-1.9263388373342085,-0.2083594250421463,-0.20130483041877534,-1.4735386817293517,-2.4257141898502725,-0.5674300411759311,-0.8230977668643507,-1.8665827212491517,-1.6363660185912807,1.5285401908597,-0.6663545530206674,-2.293684863887613,-3.8931614718187824,2.3305283705379307,2.0818065369000123,1.1503425323450012,0.09080358468970352,-0.06408326397745981,0.5843061736180659,0.2180333226133047,3.1887475395169838,-0.7411502740716737,-0.010596638891784636,-3.5757383138794845,-0.6377847176510003,0.05978116540048044,-2.422992062747591,-0.608073175059867,0.8310707024174794,2.1313617380252334,0.1986522180860224,3.5970264769925233,0.9771056727037966,-1.3869944556647114,4.488063095621023,2.2367439954568966,-2.3409649410682674,0.38595363519344233,-0.5460869009953377,-3.1650755677233686,0.21975679293347128,1.0512061202658036,0.1372648298949037,2.383529761518185,-0.5140509207507662,0.14173185379071992,-2.0988842905569536,0.12302051542810241,-1.3782128014766963
-0.11643280387548571,0.17981059754363185,-1.3920386054935774,0.6133716223619481,0.06010752571074212,-0.21656464241458853,1.7122458138784185,0.18710445971164869,0.2792672083265252,0.03623392785306895,0.2956353772831618,0.7298736726306982,-0.08493393032704191,0.24437538378604848,0.4419893379789502,0.5591468926915418,-0.8466218294505676,0.32588768726199163,1.187183724905992,1.8048658486689815,-0.9020183105514804,-1.0020548836720766,-1.0624244789650603,-0.046749310838593655,-0.007314930269953272,-0.2714196700606104,0.21379687730721816,-1.1742196108837895,0.3757846652726082,0.5930515271216937,1.5228409082501704,0.08467052672426818,-0.05855468034533816,1.1064027858642547,0.31753163123176753,-0.7394561085296537,-0.38531398067908684,-0.5572961877501997,-1.2364647320948268,-0.08128216024359025,1.0691694695845035,-1.6822247140239106,-1.2737330298978815,0.7176504547161456,-0.46566238691160516,-0.31966817260076663,0.9293069237031065,-0.22230159244254252,-0.5854540409126384,0.28088451569458905,-0.376091000507533,0.3494362387213093,0.06633035888209506,1.1295218629947306,-0.04850182768203401,0.5923003599176606
1.2952685761840637,0.9150718908961568,1.487015331817003,0.06010752571074212,3.516965941891645,-3.003613438881154,3.4912262703974206,-3.0716570498558746,1.0317547934536273,-0.12188902393261489,-1.5604474256214709,-1.485358588554082,-1.5649396084365474,-0.6087476388489915,-1.6371897025078845,-0.5358196085201425,-1.0442660101801402,0.16659686468719428,1.063510256735416,0.8053334103739901,0.396386539231145,-0.5686830121323092,-2.8627868491400985,0.11982292607663134,-0.115679136150877,-0.0794426621227904,1.6088819183436485,0.7675946125277,0.2207355563497214,2.9953091841147135,0.09735408111353433,-0.8509947375882347,-0.14119788161378008,0.49956346011059516,0.3855497232436216,-1.851223923681748,2.5383659123472873,-2.3302864625759163,1.3819854914858625,1.7441690732471435,2.3494666551391856,0.9775323069069781,-1.6575392555849382,-1.3822781552266696,-1.4397477308439985,-2.8488088302235623,-2.000559342039158,-0.6232888024197932,-0.7695759473417727,1.6141259631070937,3.069445532996144,0.7387704442154058,0.5918161738658017,1.2180772885387117,0.04479037484564937,0.12715275013348507
-1.0362335115087453,-0.8097622088961424,-0.8338713610380993,-0.21656464241458853,-3.003613438881154,2.6985250430335395,-3.464588690520078,2.5581703312695674,-0.9777089182304065,0.0564035565022418,1.2249365790343594,1.0523991736077654,1.3436859416228764,0.48569784952370015,1.2301961133148844,0.2390077235236791,1.1456368950525828,-0.22890321615696094,-1.2702656297137989,-1.2469532512981747,-0.05768123222175243,0.7739913696289248,2.746657179560074,-0.143376226218073,0.0787736044134458,0.1666453352569821,-1.4525411745223178,-0.26572246085809975,-0.28529144654269917,-2.746082262868476,-0.5582066308014433,0.675355434450847,0.11374144211526836,-0.8224320855588588,-0.44460843671135974,1.774276661958342,-2.0360469843715716,2.1639028514498815,-0.8001235341470957,-1.4812368451543094,-2.3031709265520885,-0.2811466239189254,1.7932495715186105,1.011890562636379,1.3480771687027633,2.5705951788760397,1.3824140519893158,0.6118457768268706,0.8446855564420861,-1.4160971578501498,-2.461434207530804,-0.788303937816588,-0.5163687408031177,-1.3689095006032217,-0.030286804188127077,-0.29204068517148196
0.9044376061205955,1.341600231527943,-2.362246752841416,1.7122458138784185,3.4912262703974206,-3.464588690520078,7.943863268432669,-2.41600073997268,1.7371557779338558,-0.00911333047284145,-0.6807567005467425,0.5617017897889737,-1.7136618536919412,0.06965545624079704,-0.3509487444529506,1.0192500828788083,-3.2801990092335864,1.0393582753515755,4.228869625547767,5.658060153895225,-2.0672761894851783,-3.249308843401278,-5.590037050901575,0.0022001080356633673,-0.12308997112858491,-0.8230782124602435,2.1092438134731606,-2.458123132120041,1.2264486718390422,4.454136539073602,4.218943979971353,-0.5731090877279947,-0.2819026000168328,3.494987795362667,1.2290883726508237,-3.7540788225765276,1.3665409095411156,-3.73076835481092,-2.032658823579275,1.4399059886434107,5.120340312215564,-3.6395042018517283,-5.01884654752346,0.6043827330416274,-2.6245941594091167,-3.5880946546464663,0.6333862696785795,-1.203489838684967,-2.316457757406345,2.2774768189388594,1.8842017256783539,1.66929224768542,0.7410278159966198,4.2087548801597245,-0.0876220508179197,1.7196663084142232
-1.2315868497080007,-0.7125008956605144,-1.9263388373342085,0.18710445971164869,-3.0716570498558746,2.5581703312695674,-2.41600073997268,2.8757609783497586,-0.7671143743910298,0.1741322971322575,1.5642201049288043,1.6496373029475826,1.392251830392706,0.62673984573657,1.697743572069497,0.7651303446778773,0.5424490172115833,-0.03402166112994509,-0.4590358421838413,0.05389737762979749,-0.753201347533742,0.09131289233662407,2.107429483810161,-0.06871012913854421,0.11894037354834991,-0.004810125581246169,-1.3132786500262181,-1.2354848321268124,-0.08090931301545697,-2.407594394062178,0.5873103142335118,0.8278950372289475,0.09761627421937734,0.037687365771445346,-0.17100481156988365,1.3756197917722013,-2.4611872724380506,1.8799337688306963,-1.7975284939061709,-1.5608068517437719,-1.6675483303022793,-1.6335612823246328,0.920247255881363,1.578217376756757,1.1207052408137888,2.3928792378765777,2.190849025050182,0.48935730084966134,0.40473730482087034,-1.341672474623479,-2.9398263088898053,-0.5044907105884844,-0.5209693720644056,-0.590024639969946,-0.049022941118831986,0.18965493383192145
0.2966411292617147,0.34105929609290087,-0.2083594250421463,0.2792672083265252,1.0317547934536273,-0.9777089182304065,1.7371557779338558,-0.7671143743910298,0.4321990423218497,0.008227178431856013,-0.29012386290265746,-0.09122855449277359,-0.4662135332433927,-0.08117124072731925,-0.24080359980474927,0.12847260996889434,-0.6838135594919876,0.18212335272080704,0.8291354553617943,1.041817577021698,-0.29879452972431175,-0.6023837679839452,-1.2801935462407936,0.04746104776765254,-0.023671197218491074,-0.13631373997160498,0.565886550774602,-0.33439486663346263,0.21204962588690013,1.1214225242306668,0.7219845553703174,-0.18560245934180256,-0.06017871589484107,0.6589070152389842,0.2691173099503068,-0.8349488183409924,0.5325379898593332,-0.8997837428572212,-0.1757352716670655,0.47243632505523236,1.1288735786924264,-0.503630049019568,-1.0433939273220805,-0.07214271411123643,-0.5994283933515611,-0.9669731227257572,-0.1346767063036278,-0.2711206688277727,-0.49374300172775104,0.5630419454641977,0.6754162354089162,0.38294704425420917,0.1881347969341688,0.8525457119925545,-0.0034079663382454895,0.3187339662281796
-0.09156949525330628,-0.016268772908977186,-0.20130483041877534,0.03623392785306895,-0.12188902393261489,0.0564035565022418,-0.00911333047284145,0.1741322971322575,0.008227178431856013,0.050102429477847786,0.12272726474608488,0.13400869615168817,0.07965737355040271,0.020168177191477028,0.14779577776302422,0.12100237110891397,-0.05229225421039678,0.006366236808684124,0.06236159651169413,0.14582932845565802,-0.11271265555028967,-0.06005992746061898,0.025854475821744136,0.04454218110740862,0.02321366010957064,-0.008373230403265701,-0.022239450026634938,-0.18313101369970525,-0.003662402580552187,-0.05427505801247163,0.159662761162557,0.07022605458336895,0.008601624684434355,0.11656835897795587,0.04255354521092854,0.03778951036869676,-0.16198188293466592,0.05902988845010671,-0.19511354655431426,-0.05517347489137929,-0.01866636836469287,-0.24093240404031369,-0.05914117917060218,0.12397602413260558,0.04142205780958536,0.060479684526651596,0.1925474302146526,0.013639790962140097,-0.045945706151020456,-0.069344918139521,-0.20005186929989885,0.028043942049492947,-0.03255157681618922,0.06070421855120698,0.0025350625810012994,0.07958582618646183
-0.6900491421132402,-0.3062831089044638,-1.4735386817293517,0.2956353772831618,-1.5604474256214709,1.2249365790343594,-0.6807567005467425,1.5642201049288043,-0.29012386290265746,0.12272726474608488,0.9237663288002619,1.102480917960178,0.702213319142018,0.39275344016972535,1.046870811581742,0.6085645002446461,-0.014178860825884177,0.08475399193549327,0.16356608452593288,0.6457671545393253,-0.7013617299986982,-0.28771937852323853,0.7329503424910412,-0.024703816107694808,0.06860372121131555,-0.08911096388200414,-0.5948957435657469,-1.0576838627891174,0.07157964956939074,-1.0368263667646649,0.8307892296993398,0.4701544916481386,0.03531181138750777,0.41286318738124594,0.03325047438574094,0.4753437657443957,-1.4135039039368815,0.7893929466123852,-1.3595158228567368,-0.8227856445683993,-0.5101803029518541,-1.4370595053507158,0.03991879964543954,1.0575431546003062,0.43383368024668384,1.1146103436033168,1.4604713345080491,0.18098304796693593,-3.193112746640071e-4,-0.6134139304867532,-1.6668333661229318,-0.12837756113096876,-0.2537095386723501,0.08027428294770438,-0.037525308282751205,0.31267927771356624
-0.7488090525889005,-0.17336335601685096,-2.4257141898502725,0.7298736726306982,-1.485358588554082,1.0523991736077654,0.5617017897889737,1.6496373029475826,-0.09122855449277359,0.13400869615168817,1.102480917960178,1.5933965870144726,0.6178668725579478,0.5640963831189852,1.3248874166063698,0.9791659312059784,-0.6114889953948611,0.31970470219412933,1.0064165367591653,1.9121637566554253,-1.3227445166940643,-0.9966144958010943,-0.0431172091208378,-0.07203486194468549,0.05659092447749498,-0.28522113166777,-0.43491010346535947,-1.8558819257475578,0.3460098191596258,-0.5927962211556447,1.8883436210150735,0.511282868972224,-0.008708625247945643,1.1825116748207225,0.2502296024866656,-0.07121702604786335,-1.646787328388965,0.3681228756080582,-2.199337091293216,-0.8672262288959454,0.2694167915637863,-2.5875700986396133,-0.8649313634253136,1.5402166089615488,0.08438864488866021,0.8660976260709635,2.080727553748072,0.014802250029900217,-0.4103066322126399,-0.39114271440991283,-1.8833504226018587,0.11782760912580316,-0.1960924062616916,0.8803104496420676,-0.07364070207179224,0.7175559564031921
-0.5886219484930378,-0.4133651365023583,-0.5674300411759311,-0.08493393032704191,-1.5649396084365474,1.3436859416228764,-1.7136618536919412,1.392251830392706,-0.4662135332433927,0.07965737355040271,0.702213319142018,0.6178668725579478,0.7261367655231995,0.24115732440555274,0.7284892130864644,0.2268462039074142,0.5186462272972949,-0.11211693736357857,-0.573994888220326,-0.494032943911115,-0.11829964904940464,0.3371403799576675,1.3693531554785827,-0.016839569974284888,0.063728927056447,0.07383211253550709,-0.7217514364598115,-0.2840355375788901,-0.1502692414365391,-1.382160766834547,-0.14440683542386226,0.3938124863515398,0.0683719167789628,-0.29571915004908783,-0.17671460072587664,0.9081936478315946,-1.1273978864659011,1.1058147730675247,-0.5462785325904798,-0.7605784534750523,-1.1503422657324844,-0.33825846853792524,0.8325484359583232,0.5809752984912167,0.7000039083540313,1.2925623757582443,0.8371343421728331,0.3088767655508258,0.3726089636894217,-0.76028217471496,-1.3735806698195598,-0.3501758702823943,-0.28174180290662115,-0.6251908101952137,-0.010232359844706955,-0.07647264650701603
-0.2671227205904595,-0.08484790156106385,-0.8230977668643507,0.24437538378604848,-0.6087476388489915,0.48569784952370015,0.06965545624079704,0.62673984573657,-0.08117124072731925,0.020168177191477028,0.39275344016972535,0.5640963831189852,0.24115732440555274,0.22506888924110374,0.4591449755697449,0.30051724494269283,-0.1504136464715459,0.1065009829081884,0.2837390280019007,0.5738940578989402,-0.4306232438301268,-0.30575792368256344,0.08453846962782512,-0.06464796415212512,0.008527003235673012,-0.0899388418976934,-0.21277181474838308,-0.5954225534580567,0.1195183499674985,-0.30901540230080365,0.5875802213500534,0.17691076856663723,-0.007287899530454383,0.3296809651340387,0.04842598715323976,0.025141062668797846,-0.6080391566391813,0.19916434575103512,-0.7435812485544077,-0.35680962589761106,0.015010802411375848,-0.8339913332220374,-0.21337542070340904,0.5563171146088244,0.06383560573701998,0.4049307528698826,0.71851728098246,0.027244332629184395,-0.09013523558926628,-0.1605930401453695,-0.6882835263290547,-0.013948561730031166,-0.07623244872643653,0.2373058381038979,-0.030736000919320456,0.2110086782351024
-0.7632339604076143,-0.28842463776927785,-1.8665827212491517,0.4419893379789502,-1.6371897025078845,1.2301961133148844,-0.3509487444529506,1.697743572069497,-0.24080359980474927,0.14779577776302422,1.046870811581742,1.3248874166063698,0.7284892130864644,0.4591449755697449,1.2127661517111952,0.7788951039033698,-0.20217251880396964,0.15768977406282983,0.4341037069358395,1.0826470749023658,-0.9418660995428536,-0.5209053464900415,0.5447502781105443,-0.021848991910972948,0.07652256200518956,-0.1558099189339323,-0.5769143606562894,-1.3855508298453414,0.1527720350629136,-0.9621604802768541,1.217126865495082,0.5222904149903012,0.029585437188044544,0.6936147756254937,0.11092605954125552,0.34760426934479904,-1.582647146061012,0.7116856371850773,-1.7113090795981614,-0.8821069108487234,-0.3104491132748928,-1.9001112874614945,-0.2373666142121084,1.2663036553019758,0.3620373173658883,1.097435714753024,1.7575732780859195,0.14073739611971398,-0.13294312293930127,-0.5973234313140541,-1.8553372742065997,-0.04713556319294063,-0.25629784413235945,0.3314258884538951,-0.048378682805468476,0.46391456297759415
-0.38440341400349154,0.01803580928294813,-1.6363660185912807,0.5591468926915418,-0.5358196085201425,0.2390077235236791,1.0192500828788083,0.7651303446778773,0.12847260996889434,0.12100237110891397,0.6085645002446461,0.9791659312059784,0.2268462039074142,0.30051724494269283,0.7788951039033698,0.7131484021791543,-0.6663370586507574,0.263058774615896,0.9664604907187074,1.6379477763927657,-0.9685907045283645,-0.8624187818508782,-0.5226709607027257,0.01735796468922369,0.043370352470032104,-0.23407856057374832,-0.037244358751456694,-1.3453752213083459,0.2838601641350984,0.07463001594491031,1.5023240849913295,0.27409957080242386,-0.017310935540491908,1.0493499825751513,0.28601622241460156,-0.3498232541437114,-0.8538002838121708,-0.11490009174820615,-1.482730597362526,-0.3484215548477247,0.597528146325613,-1.8820636483570643,-0.964071530628404,0.9364164757355264,-0.16294628322807458,0.1432027295487127,1.297627292737044,-0.09720816710017173,-0.4707662869541065,-0.05657491057777462,-0.9664548176653402,0.2555919305100166,-0.06063986137980573,0.8952979571950022,-0.041703773511835046,0.5985854463422603
-0.1650256318218569,-0.49870195548916774,1.5285401908597,-0.8466218294505676,-1.0442660101801402,1.1456368950525828,-3.2801990092335864,0.5424490172115833,-0.6838135594919876,-0.05229225421039678,-0.014178860825884177,-0.6114889953948611,0.5186462272972949,-0.1504136464715459,-0.20217251880396964,-0.6663370586507574,1.462854965035567,-0.4798991382859881,-1.9195955770679602,-2.7150357271114633,1.1478825455846662,1.5268800469451065,2.229989730766281,-0.01277320607952533,0.025283244810661933,0.38364520076829617,-0.7481181609970455,1.4485199571409082,-0.5526228097378809,-1.6354769576075041,-2.144947984159736,0.08929934864377657,0.11215766317821502,-1.6883929797379658,-0.56603561448175,1.492336396519681,-0.13322970703030212,1.3824872905695675,1.353253824562426,-0.3776045889673171,-2.088759997294698,2.094093965356455,2.210310641333787,-0.6192061782695147,1.0081595203418212,1.229680499996803,-0.762928237358476,0.4666514419203021,1.034090501473928,-0.797702862969974,-0.2747382864900907,-0.7019308270665573,-0.23852186255736785,-1.89073504133868,0.04735591913450996,-0.8765425143790135
-0.004688786404502449,0.1266266955243385,-0.6663545530206674,0.32588768726199163,0.16659686468719428,-0.22890321615696094,1.0393582753515755,-0.03402166112994509,0.18212335272080704,0.006366236808684124,0.08475399193549327,0.31970470219412933,-0.11211693736357857,0.1065009829081884,0.15768977406282983,0.263058774615896,-0.4798991382859881,0.18073137498769734,0.6651596860113548,0.9745656091604629,-0.4528722823679408,-0.5479655889011611,-0.6709287416006724,-0.0286538663166106,-0.011415724393275256,-0.15095294699012893,0.17155693024433222,-0.574788388483826,0.21189211526001261,0.4282297360882396,0.795412728059504,0.00499086539793023,-0.035845116933575553,0.5959753014098411,0.17560070476918382,-0.4665516737525347,-0.0943932861599061,-0.3903549201426161,-0.5846362720881315,0.02305557836911353,0.656978824156868,-0.8325255343503785,-0.7294857331570347,0.3136882656506643,-0.30643226053826234,-0.2793775869662699,0.4034235425260633,-0.14539075717416683,-0.33175567747845225,0.2149422558813787,-0.06685281584078585,0.21116194002262428,0.061638533980962786,0.6367064202018137,-0.025352178094955883,0.3068812352940786
0.10438479834343292,0.5844466266966166,-2.293684863887613,1.187183724905992,1.063510256735416,-1.2702656297137989,4.228869625547767,-0.4590358421838413,0.8291354553617943,0.06236159651169413,0.16356608452593288,1.0064165367591653,-0.573994888220326,0.2837390280019007,0.4341037069358395,0.9664604907187074,-1.9195955770679602,0.6651596860113548,2.5794981070656204,3.7099727044040693,-1.6402017793068042,-2.079502193695848,-2.815247388100674,-0.02188466513969557,-0.03152868389833719,-0.5494241044295565,0.8593771017733026,-2.0835378998819993,0.7710582051539004,1.9618972503228413,2.9770623664140174,-0.04946491188311568,-0.13876486551014122,2.304905448497152,0.7320993936081398,-1.908059230266414,-0.06866792796525382,-1.704788965842114,-2.0208765363760817,0.3274468930817568,2.682946523971073,-3.0122091147861325,-2.9057594447830275,0.9907366732102079,-1.2729113964034076,-1.41143341566801,1.2775192914004554,-0.6010792291818481,-1.3479766582131065,0.9518412505599735,0.07551779861904358,0.9025268656464295,0.2808804407946076,2.5055975557639445,-0.0765955671271804,1.186415483193471
-0.16263256486857006,0.6886936153452393,-3.8931614718187824,1.8048658486689815,0.8053334103739901,-1.2469532512981747,5.658060153895225,0.05389737762979749,1.041817577021698,0.14582932845565802,0.6457671545393253,1.9121637566554253,-0.494032943911115,0.5738940578989402,1.0826470749023658,1.6379477763927657,-2.7150357271114633,0.9745656091604629,3.7099727044040693,5.520967871075231,-2.62714906352675,-3.0604570205146704,-3.6426589658948756,-0.03807976274131149,-0.012521317182647094,-0.8128006576192252,0.948281399113495,-3.4137630207310403,1.1168515677270427,2.3048169718982376,4.5709166721778205,0.1421468941030383,-0.17990705694290385,3.436398346057277,1.049716944844152,-2.476234792851336,-0.729714075364353,-2.0498510180633085,-3.459064078536993,0.09645080041122633,3.554251173874416,-4.892547454904267,-4.080969213018648,1.8709284307466267,-1.5995237045065909,-1.4943259394892814,2.454713624999282,-0.7655918862748018,-1.9031274326295364,1.0668635718498647,-0.6403080233997929,1.2164759605191078,0.28163173632232186,3.5702793742022108,-0.12417002925537164,1.8157006473292667
0.38845549822972114,-0.1457005571589561,2.3305283705379307,-0.9020183105514804,0.396386539231145,-0.05768123222175243,-2.0672761894851783,-0.753201347533742,-0.29879452972431175,-0.11271265555028967,-0.7013617299986982,-1.3227445166940643,-0.11829964904940464,-0.4306232438301268,-0.9418660995428536,-0.9685907045283645,1.1478825455846662,-0.4528722823679408,-1.6402017793068042,-2.62714906352675,1.4342711620171926,1.4258225236561535,1.191093166437745,0.03595201126988629,-0.02397596683056106,0.3860431773770094,-0.11627165710591666,1.928410822544248,-0.5084974545717623,-0.4815576406528424,-2.312393720102896,-0.27660292808842557,0.06055744354931007,-1.635928914329501,-0.45335651951669886,0.8243886278289239,0.9682465005014462,0.49469051279081694,2.092345695988333,0.34968927633187946,-1.260736318821921,2.7292288625962082,1.6989740701109064,-1.2852626969904108,0.47374821660221433,0.1013750565231039,-1.7163533227536831,0.23858894735230377,0.7982910806192507,-0.16576963802437866,1.0468667199532617,-0.4478690668156523,-0.001588042251088943,-1.5407865392047184,0.07124488846269433,-0.9072826904598955
0.030573844547505075,-0.41412080599831746,2.0818065369000123,-1.0020548836720766,-0.5686830121323092,0.7739913696289248,-3.249308843401278,0.09131289233662407,-0.6023837679839452,-0.06005992746061898,-0.28771937852323853,-0.9966144958010943,0.3371403799576675,-0.30575792368256344,-0.5209053464900415,-0.8624187818508782,1.5268800469451065,-0.5479655889011611,-2.079502193695848,-3.0604570205146704,1.4258225236561535,1.7079966449348485,2.1115531918350987,0.03783524886239779,0.018998395788247465,0.45124771653997287,-0.5719051742625735,1.8335355807526603,-0.6320947420498906,-1.3716890568803635,-2.509281525191946,-0.03666143717033351,0.10935616520415821,-1.8908898449423246,-0.5811264402461214,1.4409334323171468,0.3011271895773813,1.215305067670641,1.8447573250791225,-0.10808485574148412,-2.049007229612079,2.6372377245684566,2.302978150233094,-0.9844952999783113,0.9415190526937774,0.913047170243645,-1.2648681486916697,0.4443863355228876,1.0670432723468906,-0.6591371363461065,0.2241618262307375,-0.6823586924162515,-0.18136735826005643,-2.007657241979538,0.06982224407325889,-0.9946020806095578
-0.8163124771513044,-1.0105843497173126,1.1503425323450012,-1.0624244789650603,-2.8627868491400985,2.746657179560074,-5.590037050901575,2.107429483810161,-1.2801935462407936,0.025854475821744136,0.7329503424910412,-0.0431172091208378,1.3693531554785827,0.08453846962782512,0.5447502781105443,-0.5226709607027257,2.229989730766281,-0.6709287416006724,-2.815247388100674,-3.6426589658948756,1.191093166437745,2.1115531918350987,4.017394394534213,-0.03181255086068582,0.09698616011279568,0.5212824712876017,-1.6263504965942943,1.359003368931684,-0.795715479452802,-3.3487731440691615,-2.6150056290253314,0.5224870251370307,0.20065979953753382,-2.254234022434538,-0.83688531040892,2.680722463472552,-1.3544452594517382,2.7661920090356444,0.9700284309007038,-1.2426089024672742,-3.6227404351887733,2.0427485424576286,3.42258457498724,-0.08879815841354316,1.9034247116463061,2.7886578489202356,0.014846278092257964,0.8661476787119228,1.5826265077611958,-1.7246461652732628,-1.7784353853477113,-1.1799377494368697,-0.5744443447635091,-2.8348471350368327,0.04379744856481131,-1.085471771609843
0.009936434889859553,0.020743477863820522,0.09080358468970352,-0.046749310838593655,0.11982292607663134,-0.143376226218073,0.0022001080356633673,-0.06871012913854421,0.04746104776765254,0.04454218110740862,-0.024703816107694808,-0.07203486194468549,-0.016839569974284888,-0.06464796415212512,-0.021848991910972948,0.01735796468922369,-0.01277320607952533,-0.0286538663166106,-0.02188466513969557,-0.03807976274131149,0.03595201126988629,0.03783524886239779,-0.03181255086068582,0.07135357413187825,0.02060417664658576,0.02038399447100914,0.06758463571842008,0.023130815858485292,-0.042918889317512074,0.08222727982725211,-0.03616591546673727,0.0033933645229391367,0.010931086160660148,0.014521938166382966,0.03182651847690261,0.011752588565896081,0.06865606656093311,-0.03283554181862443,0.06936919392468013,0.08476579086491219,-5.60887621210168e-4,0.047417722649119504,-0.004584476149506673,-0.08064089318757765,0.006209691961408206,-0.10872248920966086,-0.06804678478381163,-0.0026166561881935525,-0.024670849831405967,-0.00106376200153059,0.06140154575824747,0.04364671804684416,-0.0012779311720285515,-0.006932492729160319,0.01382780594198107,0.010539511969485769
-0.05847676856716654,-0.03089755311849245,-0.06408326397745981,-0.007314930269953272,-0.115679136150877,0.0787736044134458,-0.12308997112858491,0.11894037354834991,-0.023671197218491074,0.02321366010957064,0.06860372121131555,0.05659092447749498,0.063728927056447,0.008527003235673012,0.07652256200518956,0.043370352470032104,0.025283244810661933,-0.011415724393275256,-0.03152868389833719,-0.012521317182647094,-0.02397596683056106,0.018998395788247465,0.09698616011279568,0.02060417664658576,0.013055405997786726,0.004997317835294365,-0.043950641212698136,-0.05175843642419089,-0.018122519722674334,-0.0939361440795491,0.014508457197135555,0.04226187543211616,0.00966047570761845,0.0068791201086876915,0.001042772768338081,0.07371913869687696,-0.0989696575409623,0.08242083074805182,-0.0636547288081956,-0.0499683861846131,-0.08537668236797703,-0.06329315682698178,0.04734800613140419,0.047643701159870315,0.058507596979436687,0.08267666549980314,0.0866645329719881,0.022535950968288955,0.013630967356122348,-0.0689608025601631,-0.12620595613464927,-0.009443217762324251,-0.026199464152956715,-0.03463775211910909,0.0020937518380353525,0.010506335975230477
0.026791869218027804,-0.08117164070013234,0.5843061736180659,-0.2714196700606104,-0.0794426621227904,0.1666453352569821,-0.8230782124602435,-0.004810125581246169,-0.13631373997160498,-0.008373230403265701,-0.08911096388200414,-0.28522113166777,0.07383211253550709,-0.0899388418976934,-0.1558099189339323,-0.23407856057374832,0.38364520076829617,-0.15095294699012893,-0.5494241044295565,-0.8128006576192252,0.3860431773770094,0.45124771653997287,0.5212824712876017,0.02038399447100914,0.004997317835294365,0.1386832331651272,-0.12080032183288776,0.4949402973728257,-0.17880226680942712,-0.32014838377953136,-0.6676751475236857,-0.017185440501382557,0.02030202323881105,-0.5108773683995035,-0.1411647013022249,0.3660698795092122,0.1121699509183773,0.30594969340738454,0.5054460151703865,0.005070190074117569,-0.5183873812161537,0.7188328538116349,0.5863002788204632,-0.2607911237694933,0.23843212506073308,0.20644320548558,-0.3781819879619845,0.12297117464749152,0.2657421235782076,-0.14900491686661674,0.10372962109034127,-0.18205481431356327,-0.04522826731972433,-0.5126176584072178,0.022197330781578394,-0.2481768082418348
0.5312763059250917,0.46773175477865536,0.2180333226133047,0.21379687730721816,1.6088819183436485,-1.4525411745223178,2.1092438134731606,-1.3132786500262181,0.565886550774602,-0.022239450026634938,-0.5948957435657469,-0.43491010346535947,-0.7217514364598115,-0.21277181474838308,-0.5769143606562894,-0.037244358751456694,-0.7481181609970455,0.17155693024433222,0.8593771017733026,0.948281399113495,-0.11627165710591666,-0.5719051742625735,-1.6263504965942943,0.06758463571842008,-0.043950641212698136,-0.12080032183288776,0.8052709294600416,-0.051293898445610726,0.2066651848033057,1.5477463469936574,0.5425724119028952,-0.34261431766666645,-0.07540248421748914,0.6026788289549022,0.289340132496227,-1.056195711462854,1.0111359906949926,-1.2253631700080725,0.21751824679271564,0.7721147148736454,1.3905216254810964,-0.1219014230793248,-1.1580639070435172,-0.4013591763469311,-0.7859197643234956,-1.4041438439419787,-0.5883278694304528,-0.35142500343167177,-0.5449271679295831,0.7998454426672343,1.2423288867638076,0.4632855359367463,0.2815460484814972,0.9115961984273738,0.008951019083398345,0.258699979478553
0.6232985863604602,-0.128786505968322,3.1887475395169838,-1.1742196108837895,0.7675946125277,-0.26572246085809975,-2.458123132120041,-1.2354848321268124,-0.33439486663346263,-0.18313101369970525,-1.0576838627891174,-1.8558819257475578,-0.2840355375788901,-0.5954225534580567,-1.3855508298453414,-1.3453752213083459,1.4485199571409082,-0.574788388483826,-2.0835378998819993,-3.4137630207310403,1.928410822544248,1.8335355807526603,1.359003368931684,0.023130815858485292,-0.05175843642419089,0.4949402973728257,-0.051293898445610726,2.6255620019641226,-0.636530094214728,-0.42604994360905457,-3.0567026112852775,-0.4434602037051827,0.06472947554623293,-2.142438300914076,-0.5878374266128593,0.9342434895524359,1.474996062985468,0.47384526648919395,2.874802210635745,0.5730913728647028,-1.4791652777179343,3.6982250314846157,2.126197752683754,-1.7964369864288634,0.5046837690823128,-0.056780046484717794,-2.4238192264073084,0.2639652554742898,1.0114057174277764,-0.08369546090687467,1.6276689875590047,-0.5528021476867923,0.04975764592387372,-1.9476243406840323,0.09181511608427627,-1.2060146863703292
0.013983817335881088,0.15014551110755067,-0.7411502740716737,0.3757846652726082,0.2207355563497214,-0.28529144654269917,1.2264486718390422,-0.08090931301545697,0.21204962588690013,-0.003662402580552187,0.07157964956939074,0.3460098191596258,-0.1502692414365391,0.1195183499674985,0.1527720350629136,0.2838601641350984,-0.5526228097378809,0.21189211526001261,0.7710582051539004,1.1168515677270427,-0.5084974545717623,-0.6320947420498906,-0.795715479452802,-0.042918889317512074,-0.018122519722674334,-0.17880226680942712,0.2066651848033057,-0.636530094214728,0.251491530202993,0.5168809161915944,0.9017442528890449,-0.009652902823625346,-0.042536389382536635,0.6796123163378633,0.19698272639031167,-0.558307437447672,-0.07459705233337226,-0.47535900347408777,-0.6443069589570468,0.03914034354189865,0.7781824714361315,-0.9283028024460593,-0.8455525753397743,0.33742599998483436,-0.3705963095786246,-0.3447081904855218,0.43479769656288897,-0.17635901897630488,-0.3800196006807368,0.26693454857450505,-0.03508825457133148,0.2454817940967026,0.0803118026240316,0.7354744003338793,-0.030529081632721198,0.34197603089046164
0.9668958164212219,0.9161900629155402,-0.010596638891784636,0.5930515271216937,2.9953091841147135,-2.746082262868476,4.454136539073602,-2.407594394062178,1.1214225242306668,-0.05427505801247163,-1.0368263667646649,-0.5927962211556447,-1.382160766834547,-0.30901540230080365,-0.9621604802768541,0.07463001594491031,-1.6354769576075041,0.4282297360882396,1.9618972503228413,2.3048169718982376,-0.4815576406528424,-1.3716890568803635,-3.3487731440691615,0.08222727982725211,-0.0939361440795491,-0.32014838377953136,1.5477463469936574,-0.42604994360905457,0.5168809161915944,3.050535970917969,1.4567559410560498,-0.627164759039525,-0.159408196171063,1.4424710899148088,0.6166965794140495,-2.2055565069169734,1.7778011968201923,-2.460535834445945,0.04655625845541337,1.397163090841187,2.921440681604134,-0.7117094795122956,-2.53203533632187,-0.5390457972861311,-1.6177768025424542,-2.697008355056654,-0.822363561741361,-0.729924428238615,-1.1758278144592953,1.5856236881426509,2.2174340167558313,0.9583894758656397,0.552787210232307,2.0311473578056627,-0.003331578665571846,0.6393780131264035
-0.3676948884074032,0.4389139406471799,-3.5757383138794845,1.5228409082501704,0.09735408111353433,-0.5582066308014433,4.218943979971353,0.5873103142335118,0.7219845553703174,0.159662761162557,0.8307892296993398,1.8883436210150735,-0.14440683542386226,0.5875802213500534,1.217126865495082,1.5023240849913295,-2.144947984159736,0.795412728059504,2.9770623664140174,4.5709166721778205,-2.312393720102896,-2.509281525191946,-2.6150056290253314,-0.03616591546673727,0.014508457197135555,-0.6676751475236857,0.5425724119028952,-3.0567026112852775,0.9017442528890449,1.4567559410560498,3.8883869058805436,0.27614160793513287,-0.13032889564488642,2.848022688166079,0.8400685242790724,-1.7837547046075974,-1.0655721360291486,-1.3383589957126611,-3.196801719916088,-0.20731061118009725,2.6212995617568136,-4.351897088980521,-3.201171154220854,1.8432490055999462,-1.1076709450151934,-0.7906237775372216,2.4378813034234836,-0.5379976937188037,-1.500659912780211,0.6277408689970889,-1.0825458331066262,0.9124585409123028,0.13280098588585607,2.840650519853408,-0.11011168683214816,1.5412531472695146
-0.36605143466870255,-0.188892963837329,-0.6377847176510003,0.08467052672426818,-0.8509947375882347,0.675355434450847,-0.5731090877279947,0.8278950372289475,-0.18560245934180256,0.07022605458336895,0.4701544916481386,0.511282868972224,0.3938124863515398,0.17691076856663723,0.5222904149903012,0.27409957080242386,0.08929934864377657,0.00499086539793023,-0.04946491188311568,0.1421468941030383,-0.27660292808842557,-0.03666143717033351,0.5224870251370307,0.0033933645229391367,0.04226187543211616,-0.017185440501382557,-0.34261431766666645,-0.4434602037051827,-0.009652902823625346,-0.627164759039525,0.27614160793513287,0.249891930143166,0.029388360861273236,0.10481945954413983,-0.013958810647730628,0.34913137745935885,-0.7233132521495482,0.49237036829669834,-0.5944439534049657,-0.4313146894436118,-0.4049926558030449,-0.5909092098191642,0.16941483301602228,0.48315036019071855,0.29357876068764144,0.6326480125325107,0.6890098056029338,0.1231845813756695,0.06439300915558328,-0.37231732795785993,-0.8663889275746998,-0.10179314936623246,-0.14726550268075025,-0.08862323304527119,-0.013047258948871918,0.10363653122015132
-0.045579689045885344,-0.05665655923413178,0.05978116540048044,-0.05855468034533816,-0.14119788161378008,0.11374144211526836,-0.2819026000168328,0.09761627421937734,-0.06017871589484107,0.008601624684434355,0.03531181138750777,-0.008708625247945643,0.0683719167789628,-0.007287899530454383,0.029585437188044544,-0.017310935540491908,0.11215766317821502,-0.035845116933575553,-0.13876486551014122,-0.17990705694290385,0.06055744354931007,0.10935616520415821,0.20065979953753382,0.010931086160660148,0.00966047570761845,0.02030202323881105,-0.07540248421748914,0.06472947554623293,-0.042536389382536635,-0.159408196171063,-0.13032889564488642,0.029388360861273236,0.016442928059766188,-0.09773281196612013,-0.037938521476781825,0.13722230918787076,-0.06363636727987977,0.13068272705160783,0.05387528435964497,-0.05472657778028464,-0.1832022127634655,0.09732212592320358,0.17195069467552995,-0.023401944561448416,0.09695685278926841,0.12280469395479245,0.005828474228740455,0.03775898131859098,0.07687840952742143,-0.09443417708117312,-0.0913935352328089,-0.04438096525657989,-0.02894574957077615,-0.14477727465032816,0.0036922950827351,-0.05593032241731845
-0.12140936537784688,0.416235740972176,-2.422992062747591,1.1064027858642547,0.49956346011059516,-0.8224320855588588,3.494987795362667,0.037687365771445346,0.6589070152389842,0.11656835897795587,0.41286318738124594,1.1825116748207225,-0.29571915004908783,0.3296809651340387,0.6936147756254937,1.0493499825751513,-1.6883929797379658,0.5959753014098411,2.304905448497152,3.436398346057277,-1.635928914329501,-1.8908898449423246,-2.254234022434538,0.014521938166382966,0.0068791201086876915,-0.5108773683995035,0.6026788289549022,-2.142438300914076,0.6796123163378633,1.4424710899148088,2.848022688166079,0.10481945954413983,-0.09773281196612013,2.1710896460974998,0.6671388300045442,-1.5188943206095349,-0.4600210275599594,-1.276261341976529,-2.1513513205923926,0.0755873208300673,2.1922222702878438,-3.0653770661904125,-2.533034572500007,1.13353560566498,-0.9791879406836196,-0.9583362484798509,1.5472882696091794,-0.4811121143831105,-1.1917709983144742,0.635300513863582,-0.42263512038841766,0.7875397361734043,0.16859512865235593,2.2120457480990012,-0.0719817909551879,1.1344073290512977
0.03973580717679627,0.18796952595395114,-0.608073175059867,0.31753163123176753,0.3855497232436216,-0.44460843671135974,1.2290883726508237,-0.17100481156988365,0.2691173099503068,0.04255354521092854,0.03325047438574094,0.2502296024866656,-0.17671460072587664,0.04842598715323976,0.11092605954125552,0.28601622241460156,-0.56603561448175,0.17560070476918382,0.7320993936081398,1.049716944844152,-0.45335651951669886,-0.5811264402461214,-0.83688531040892,0.03182651847690261,0.001042772768338081,-0.1411647013022249,0.289340132496227,-0.5878374266128593,0.19698272639031167,0.6166965794140495,0.8400685242790724,-0.013958810647730628,-0.037938521476781825,0.6671388300045442,0.23083788685693812,-0.5473393221896926,0.021051998406475297,-0.5093876667807499,-0.5457231932403825,0.14513947597428636,0.7787583825018493,-0.8401142202832237,-0.8465941491687974,0.2496898560927133,-0.36585235142382483,-0.4679715761788559,0.32279907638975164,-0.17145653407136602,-0.4059012019222561,0.2810042198541543,0.06279765272183098,0.27946196416496455,0.08039891443157948,0.7247344081056298,-0.014157115763569423,0.3531268613199861
