V1,V2,V3,V4,V5,V6,V7,V8,V9,V10,V11,V12,V13,V14,V15,V16,V17,V18,V19,V20,V21,V22,V23,V24,V25,V26,V27,V28,V29,V30,V31,V32,V33,V34,V35,V36,V37,V38,V39,V40,V41,V42,V43,V44,V45,V46,V47,V48,V49,V50,V51,V52,V53,V54,V55,V56
0.4570990441802151,0.2931366756454198,0.4237714488121263,0.07865834078617104,1.089031661403606,-0.8596209400869105,1.2263741064003608,-1.0176984392703592,0.29287603734917184,-0.11614417388188102,-0.5332162784429108,-0.4432796940848536,-0.5363731166646919,-0.1279067040596704,-0.5642733729539101,-0.22814496699150102,-0.3379281842700786,0.1047977878645789,0.38980357502923463,0.3238262592048081,0.1092597394211981,-0.2464441318589997,-0.9672238857957796,-0.06382686274227294,-0.07061099137261932,-0.0651243634350275,0.474411475533309,0.2632801845256745,0.14262389403251924,0.9471887808563938,0.0562151811743245,-0.31695471203461095,-0.06990783280838775,0.14528189036588232,0.09118942844119185,-0.6703626411268716,0.8241381887798555,-0.7818480507624802,0.4194751743084102,0.509991808440681,0.8288219932253402,0.317083021435762,-0.5667826914020657,-0.39223892629988555,-0.5293569232972343,-0.8695598686812481,-0.6368580101109093,-0.22149668078678053,-0.2310145537359603,0.579145182959646,1.0254183218425375,0.19711915826597173,0.21631864038590132,0.43363726629120497,-0.010427037168998279,0.022971031597195934
0.2931366756454198,0.3984337669616516,-0.5250886193185331,0.4339462928514271,1.0918628789329097,-1.0553344453872415,2.2071375186179294,-0.76833541399553,0.508388626610526,0.0049534399836003214,-0.24521284192690251,0.06645988708056721,-0.5124342049123687,-0.02169145965319449,-0.16359571393415592,0.24591617030737636,-0.9008448051044138,0.26841946402215594,1.13180478581548,1.4901916068087142,-0.5101300104237242,-0.8571660365773366,-1.5795468831467914,0.024085190803462178,-0.0317371524304261,-0.20526951629602422,0.6339571546412492,-0.6006524931144819,0.3132435830075847,1.3022213945789973,1.0886953737747311,-0.18316910501076425,-0.08050309455867839,0.9246521636834542,0.3461054193698165,-1.0465526004467476,0.47723286077286553,-1.0677561532606181,-0.45441278861441065,0.47115652848839923,1.4257983979235163,-0.8887932287938192,-1.3746039236935417,0.08917629932394032,-0.7389115729373522,-1.0754690039510595,0.057365576174100166,-0.33404291818705867,-0.6421100968664428,0.661647944600718,0.6348214417872249,0.46899814655809063,0.21535996191978068,1.1446145812186312,-0.017552778839413367,0.46035500982532374
0.4237714488121263,-0.5250886193185331,4.382186142203115,-1.8948947799303808,-0.05481461909723822,0.5737995605737595,-5.1671972472973255,-0.7167566947221397,-0.8371305204811479,-0.13515847510066129,-0.9916187877839556,-2.326644400390679,0.19374861081420844,-0.7722503093227858,-1.4506248187970643,-1.7740037342570973,2.5948038945383534,-0.9954495544476608,-3.643032324313693,-5.570812574283069,2.8213496107060125,3.08291508856287,3.181916751705724,0.12892580023704012,0.011628603274404181,0.8296649217266051,-0.6099724586878841,3.6907143506073976,-1.1441282557519408,-1.7280672580323346,-4.733080481130944,-0.30790812140863505,0.1716982171005409,-3.4245495060755844,-0.9793178884627649,2.2112227947500496,1.3056258268159564,1.6319360393149989,3.9018311049141934,0.3138845656775588,-3.2179304892495617,5.278373950252843,3.892003288469121,-2.2827593170242135,1.3754513128166719,0.8864150294140113,-2.971994357942561,0.6603398072371189,1.7953296168356974,-0.7972527737502695,1.3040206644264083,-1.0644165649654223,-0.176226077659011,-3.4585319589916064,0.14629168168283185,-1.8435123823010444
0.07865834078617104,0.4339462928514271,-1.8948947799303808,0.9951812330708976,0.6670084547960137,-0.7792685783031147,3.295195342929417,-0.26500258173567504,0.5767594280552398,-0.022393429425014964,0.15078350525575732,0.8790268583494135,-0.4346593337348881,0.32102702409041006,0.34813946858757844,0.7055922821616467,-1.4761910933567086,0.5525968333618443,2.039830384169156,2.9184635575427147,-1.3218630263440985,-1.6683321034061285,-2.1499198620307305,-0.13375028347445034,-0.06265871515439943,-0.4418685900690241,0.5711376624733692,-1.632560822108964,0.6602174445907344,1.4105540450471559,2.359502772946546,-0.05079843715953564,-0.12516963961075883,1.7442077728824343,0.5101953569437101,-1.513665582906946,-0.1404973592932154,-1.2837472852215701,-1.6581075032503965,0.12662334112764378,2.096578655733232,-2.389582236298654,-2.2531379576040775,0.8874432547274975,-0.9978987189326625,-0.9272068948121132,1.068195517683429,-0.45807361735523683,-1.0065312498652441,0.7571311718669613,-0.007373134614206916,0.6246631264568188,0.22294727534035366,1.952859640706695,-0.07377642181681521,0.8961697496407891
1.089031661403606,1.0918628789329097,-0.05481461909723822,0.6670084547960137,3.5759204938589337,-3.326687473881301,5.230578181957838,-2.790126925577766,1.3729790242138311,0.013427894342984796,-1.1582951955870122,-0.6823974065790459,-1.581673100887793,-0.4174144032561545,-1.0460355517090236,0.19279035430385463,-1.9688322971960908,0.48775109701556074,2.311292198542883,2.780884384279517,-0.5990284549352678,-1.6170464190667344,-3.954906106315745,0.2039417788166888,-0.06908729469469942,-0.3691202144485431,1.877637640496652,-0.6053104497306283,0.5628512446591608,3.636689675129841,1.7743318224760218,-0.68905702775988,-0.18057112817036755,1.7947301750661333,0.8015100859886872,-2.5469780330006526,2.0553547061448056,-2.878183851037676,-0.0060097438011338655,1.7088092099760799,3.4173816021015613,-0.9424381224183974,-3.021775129023501,-0.6225169874279163,-1.8787642175096755,-3.258280544219147,-0.9129861582859673,-0.8520803164107336,-1.4452587141230802,1.818231001994652,2.5393385077743624,1.1890673669429854,0.6269402734351616,2.4327770181113273,0.0017892963079524857,0.8321010022770119
-0.8596209400869105,-1.0553344453872415,0.5737995605737595,-0.7792685783031147,-3.326687473881301,3.3397884690876074,-5.336390482418858,2.4102898516469633,-1.4375469121041085,-0.16605791033606265,0.8774452454533246,0.3622201293696509,1.4283746357142568,0.3987834450986621,0.6989382534592901,-0.5204390817531693,2.158102492173791,-0.4908202818445221,-2.5660463822738198,-3.2088117987057454,0.9177328204584918,1.7990090903468163,3.98178858980842,-0.34568701605071284,0.008922322751367253,0.39465483976988247,-1.8734884805042729,1.0942842876305756,-0.556439281343966,-3.60005205245322,-2.2532983871464602,0.5105812177279399,0.12753073176575733,-2.1640724194367698,-0.9101168659028608,2.5224893464868074,-1.6864274351715685,2.8307393681136097,0.5007401800194605,-1.5914332423485942,-3.4579474422838077,1.6197797785379193,3.249027719065488,0.3788901622385865,1.7901361756648269,3.185163607362465,0.412306126175873,0.8483121597787837,1.5929781859277854,-1.661307685496756,-2.0687633517453894,-1.3267529919434196,-0.5564744759104494,-2.621959374984313,-0.03348389400509437,-1.0239607378086604
1.2263741064003608,2.2071375186179294,-5.1671972472973255,3.295195342929417,5.230578181957838,-5.336390482418858,13.853304783556787,-3.3705479870213826,2.887704108587732,-0.0091050640149324,-0.6768317691925544,1.7125285074923944,-2.6608366291874836,0.4302280752931117,-0.0232018913061874,2.1362704350373947,-5.867611056108066,1.9460392666081414,7.697363748391483,10.54157985736125,-4.139859171629972,-6.030775812011767,-9.566873793725337,-0.10782960627143431,-0.21167976071363515,-1.548753220772234,3.3583470958757546,-5.017247828669835,2.294273837864416,7.295426804686576,8.06642392183998,-0.7718711815734725,-0.49981365412365375,6.466241807637346,2.174812443620834,-6.480522471272652,1.5747308129035322,-6.203880523152274,-4.485635334519437,2.0083095884938276,8.893102027259882,-7.37713361413528,-8.963169155659427,1.7761843189847433,-4.4693792801313474,-5.661943605177305,2.0318505516703023,-2.0514980451501788,-4.115778545016899,3.7440348503916034,2.3731501425551502,2.8588500078733965,1.1891973418733048,7.592401259747016,-0.1949287374685642,3.23723084504428
-1.0176984392703592,-0.76833541399553,-0.7167566947221397,-0.26500258173567504,-2.790126925577766,2.4102898516469633,-3.3705479870213826,2.4304386108717977,-0.8809178765951121,0.13382553550535184,1.1753309131271272,0.9458790502600046,1.2900392743414069,0.3817422736530989,1.184080476764266,0.27527336715144746,1.0844892872448393,-0.2762308219382844,-1.2379510149194934,-1.2578753237221718,-0.03249656321314011,0.8022004171995915,2.636787579164372,-0.02966481100832567,0.10627612825973322,0.19973295204522304,-1.323521679508287,-0.2537759309316435,-0.34402039816802216,-2.566021140453908,-0.5552011593950702,0.6798014781802697,0.14283605855267892,-0.7618796185221067,-0.3973121953248483,1.7419725431475956,-1.9172664567450854,2.058091265905644,-0.7127178671084382,-1.348728646680798,-2.2425734698506687,-0.26092414109410517,1.7294140992350784,0.8735379105552052,1.3444367473011223,2.3741492692588504,1.2918798483457754,0.5940695858799969,0.7860691590079539,-1.3978507174927886,-2.3509101448104963,-0.6939668653566831,-0.5113056039605249,-1.346843764732846,0.004680649655089352,-0.2750451741696061
0.29287603734917184,0.508388626610526,-0.8371305204811479,0.5767594280552398,1.3729790242138311,-1.4375469121041085,2.887704108587732,-0.8809178765951121,0.7046007034587413,0.08844303568302753,-0.2173577078354175,0.17401363724085647,-0.6060778356025119,-0.05588448880617396,-0.08123636994872098,0.4593079263337788,-1.240477028473584,0.3376494415371511,1.5437279181415071,2.078138282850093,-0.7626464843341507,-1.1589974625762127,-2.064088170279415,0.12607953181106674,-0.004000412445635393,-0.27162617441839204,0.851312247693998,-0.9583431796136501,0.38161475201324085,1.7079272584234324,1.5708472803264992,-0.16497669098536635,-0.07980075760968415,1.3525150712601395,0.5117138738964165,-1.3300774617437596,0.5068732683503141,-1.3736303027527488,-0.7450942826687756,0.6113379578353789,1.8522690358971408,-1.3875073988125244,-1.8637353558952814,0.16932687798918905,-0.9200967550187048,-1.4233943061831724,0.23766727993152031,-0.43347270814351974,-0.9010307219235402,0.7891827352099795,0.6643697960596829,0.6845837896502354,0.2498288389949314,1.550765914723668,-0.007847054425375624,0.6797531878820383
-0.11614417388188102,0.0049534399836003214,-0.13515847510066129,-0.022393429425014964,0.013427894342984796,-0.16605791033606265,-0.0091050640149324,0.13382553550535184,0.08844303568302753,0.14518266831490656,0.12919372778569485,0.07049762842627705,0.08013297075393522,-0.07890799213057004,0.16755884738179658,0.19675319089201507,-0.09420933965615254,-0.04319589037862089,0.06163859930740063,0.1364759429670871,-0.10304398937914543,-0.02020531176458304,-0.013033801966434342,0.17858344660750458,0.06450953535889654,0.02293301867454853,0.0768989018865596,-0.21696069906279805,-0.07554131016112033,0.05714076764549999,0.17025382612505335,0.10615151187548931,0.03822058077590637,0.18889415709314097,0.10263487788893008,0.06779786299004746,-0.11711009373304113,0.021773518216034043,-0.15890312941293352,0.05145813297308191,-0.025452496324400983,-0.2671231409997634,-0.0890017285648387,0.030038492315424773,0.07490860907365893,-0.08603300317863563,0.16597230477301722,0.012619616574280545,-0.10027557024472329,-0.1030698035137314,-0.18474913174857946,0.11572498381676924,-0.04767827950540591,0.06569341500947226,0.0321887777737921,0.11749243353823487
-0.5332162784429108,-0.24521284192690251,-0.9916187877839556,0.15078350525575732,-1.1582951955870122,0.8774452454533246,-0.6768317691925544,1.1753309131271272,-0.2173577078354175,0.12919372778569485,0.6907792985919982,0.7626901216656927,0.5511258062794155,0.24202680463427104,0.7793873254405638,0.4527049682521918,0.047519604028326334,0.01854239531459251,0.02121817096820105,0.3392803412627147,-0.4587624521643934,-0.11903169191977928,0.6444953153380216,0.038995982026550885,0.07082488840263108,-0.03512003706703168,-0.4392807001047112,-0.7288852928736084,-0.005350478859500688,-0.8091328400393472,0.5122330528788435,0.3701565452676937,0.044002510738274526,0.25340742765711427,0.023070305568430535,0.44509948388905185,-1.0406990889474335,0.6441280667915604,-0.9279382879233002,-0.5852324686624553,-0.49139058082557135,-0.9738649439373636,0.13109015298732227,0.7161519449926601,0.3881986596872092,0.8288608599729157,1.0379845198039483,0.15784108087936807,0.029191020927281562,-0.5131070685706628,-1.2499035092978377,-0.0936260583564781,-0.2077236596713748,-0.034450191744991275,-0.014147925771669302,0.20554632069463075
-0.4432796940848536,0.06645988708056721,-2.326644400390679,0.8790268583494135,-0.6823974065790459,0.3622201293696509,1.7125285074923944,0.9458790502600046,0.17401363724085647,0.07049762842627705,0.7626901216656927,1.3802985635307738,0.21293458291663966,0.4982476337782379,0.9830349342422496,0.9065577787520964,-0.9942118211916361,0.43134620937095697,1.4822729571105804,2.413736792102603,-1.3873064608199777,-1.3219503758880902,-0.9081636403021706,-0.11081878772947817,0.006248619395915755,-0.36218167822148334,-0.04921035062785992,-1.8487285881125795,0.4954690233888663,0.19461076158981436,2.1730691216700504,0.30275646081840096,-0.056891696702759544,1.462289303375717,0.36138833079673366,-0.6715049408952322,-1.1098813009949213,-0.29229523488274184,-2.083831426343663,-0.5107871068725657,1.034729391153489,-2.6289303433484066,-1.4747911419534363,1.3500466960358302,-0.35576074809825936,0.1844772631713461,1.7657309105070205,-0.17802234203936573,-0.6698652344615889,0.0646089550690702,-1.20338286577247,0.3254089189721299,-0.03240807878018046,1.3602708561107215,-0.07651539976785812,0.8192092553932117
-0.5363731166646919,-0.5124342049123687,0.19374861081420844,-0.4346593337348881,-1.581673100887793,1.4283746357142568,-2.6608366291874836,1.2900392743414069,-0.6060778356025119,0.08013297075393522,0.5511258062794155,0.21293458291663966,0.783020297010339,0.0868479753540024,0.5051839793149285,-0.05281836682972317,0.9768712694831868,-0.29472808772283376,-1.229560178309993,-1.4708052018132372,0.37462106395403155,0.8909264478888428,1.9504200306435906,0.040626374259174494,0.08056226424181888,0.21950560932384272,-0.822488246852376,0.33912686146680104,-0.36838773488715837,-1.6922339607120367,-0.9733395661567309,0.3586062042489745,0.10419045695274265,-0.8742681112304146,-0.3300289008298637,1.3292390102662315,-0.9177875915183235,1.4123951231487684,0.12717012734975033,-0.6930469922100391,-1.7455274920448165,0.5666436281951228,1.5260034385202181,0.1764410696017705,0.9602703872415301,1.4352870535498932,0.33717454725180923,0.4288498922759526,0.6794140274950209,-0.9295295517611393,-1.1801066093988015,-0.5202999974655391,-0.3230475736303199,-1.2384842506231328,0.016569834502319507,-0.38424116481060006
-0.1279067040596704,-0.02169145965319449,-0.7722503093227858,0.32102702409041006,-0.4174144032561545,0.3987834450986621,0.4302280752931117,0.3817422736530989,-0.05588448880617396,-0.07890799213057004,0.24202680463427104,0.4982476337782379,0.0868479753540024,0.2652517791890578,0.28906414025287824,0.18585431571874067,-0.22467752292832965,0.16889698935061329,0.41762158006123745,0.6842146709075813,-0.42322273500799534,-0.4130513789230105,-0.16469796129554337,-0.18286350883997973,-0.044106762998362796,-0.129538185724601,-0.15432055633123917,-0.5095164338820503,0.21501322976511758,-0.12339447644738155,0.6206844247292277,0.06638547188200196,-0.04075374508491413,0.3285261546678476,0.022705093207577538,-0.1967383872072131,-0.4210453970897542,-0.00317779646718886,-0.6689260215328994,-0.30681466072175256,0.2644998251964828,-0.7547587336100595,-0.3630007852107455,0.5159420283547549,-0.10432819838790192,0.27901079701633036,0.5794316650101659,-0.03641288148220878,-0.11650568498471219,0.024805134488802637,-0.42503427172567737,-0.016737792778081195,-0.004831540125091906,0.3587286734649254,-0.0484883873227149,0.18481916327141223
-0.5642733729539101,-0.16359571393415592,-1.4506248187970643,0.34813946858757844,-1.0460355517090236,0.6989382534592901,-0.0232018913061874,1.184080476764266,-0.08123636994872098,0.16755884738179658,0.7793873254405638,0.9830349342422496,0.5051839793149285,0.28906414025287824,0.9274678764240797,0.6730982339519666,-0.2773746118904607,0.12898857771843183,0.4497246548232592,1.0001168300710348,-0.7685236546381302,-0.47350174022195557,0.21632014261006993,0.0675977950806915,0.08278651938304342,-0.13259457802783936,-0.31097843731955277,-1.1515135361929416,0.11246130760963603,-0.5241227961775946,1.0542217263304363,0.3987251418722312,0.02544165344596142,0.6841940728862956,0.1688497097947712,0.17222744476020668,-1.129153666260979,0.4073570388328635,-1.339618674123098,-0.5495361838309721,-0.08492900168562433,-1.5655277357948876,-0.35261000356495154,0.9276774076311605,0.20590217992741228,0.6208711147536569,1.3351917884229678,0.06734191356590064,-0.2093185608484742,-0.4034842193729767,-1.338904732541341,0.06960557390123635,-0.18032243343085563,0.39145352868764166,-0.028983977968521597,0.4381614610982795
-0.22814496699150102,0.24591617030737636,-1.7740037342570973,0.7055922821616467,0.19279035430385463,-0.5204390817531693,2.1362704350373947,0.27527336715144746,0.4593079263337788,0.19675319089201507,0.4527049682521918,0.9065577787520964,-0.05281836682972317,0.18585431571874067,0.6730982339519666,0.8758789844398256,-1.1423066315267445,0.356501959719834,1.5079589345055784,2.3448978987128517,-1.1762208481836274,-1.2400149679613128,-1.3682719057201123,0.14712348621439642,0.06314427965824697,-0.31349874004211914,0.38770079038087246,-1.6257528261522316,0.37667559115496096,0.8592732037719578,2.004831305237184,0.19141978875374338,-0.03846205878724494,1.5553292235255365,0.5155021834911147,-0.8562702035510429,-0.513783534347695,-0.7052029303490835,-1.6140306337515844,0.02152716110873532,1.314784960880845,-2.2736114991421426,-1.668036077934429,0.8550715501591336,-0.526240522801824,-0.5744634097182553,1.2365207810820722,-0.2736037654137431,-0.8368187328309649,0.26787162747202337,-0.5639043893031981,0.5692168921978551,0.04485971130104303,1.4661570541377134,-0.0305643736369126,0.8519531055531996
-0.3379281842700786,-0.9008448051044138,2.5948038945383534,-1.4761910933567086,-1.9688322971960908,2.158102492173791,-5.867611056108066,1.0844892872448393,-1.240477028473584,-0.09420933965615254,0.047519604028326334,-0.9942118211916361,0.9768712694831868,-0.22467752292832965,-0.2773746118904607,-1.1423066315267445,2.595345398092487,-0.8354752304239331,-3.4017413215241707,-4.7603691512604955,1.9848405252962025,2.679737910622772,4.010052660923091,-0.03746219966964822,0.04714877054215818,0.672529401495137,-1.3781299038811132,2.4898083746889896,-0.9686667021822868,-2.987984720166297,-3.7465745999715416,0.18847230325042755,0.18944168688103288,-2.974616164495015,-0.9980409517502621,2.6835154449347955,-0.3459845137333761,2.5238093642834505,2.2908672674532253,-0.7325369005064257,-3.7430627512755956,3.6141724587362756,3.9228582343573084,-0.9930863364522748,1.8115833158757626,2.27447378893431,-1.2489710514136905,0.8454849024282552,1.833874188888411,-1.4519834602065353,-0.6095624675293311,-1.2703977792016388,-0.44127259261998064,-3.3382077946006605,0.07298126932890985,-1.5216823334164922
0.1047977878645789,0.26841946402215594,-0.9954495544476608,0.5525968333618443,0.48775109701556074,-0.4908202818445221,1.9460392666081414,-0.2762308219382844,0.3376494415371511,-0.04319589037862089,0.01854239531459251,0.43134620937095697,-0.29472808772283376,0.16889698935061329,0.12898857771843183,0.356501959719834,-0.8354752304239331,0.33541891048423195,1.1455405769509737,1.653642916936833,-0.7021567490181405,-0.9504393815085206,-1.288516955437187,-0.09336871096305828,-0.041661241966014395,-0.27167800233253453,0.35883373344491776,-0.8613670194313974,0.3934201175636264,0.8733252707715833,1.283008928582723,-0.07467095928596452,-0.09041198103778812,0.9758210657702616,0.2997503130946031,-0.9020627953510023,0.023431015366449322,-0.7854896934984824,-0.8579658611625747,0.13629167513867524,1.2415838727406918,-1.255350001502118,-1.293874180878153,0.4529318299317473,-0.6298803932391409,-0.6180299040041085,0.5082377464618101,-0.2829546986222709,-0.5769415064984793,0.4869225123925653,0.1214743214975348,0.35824228059267427,0.15179173736034016,1.1303781051309214,-0.05959205282300579,0.5029934808663047
0.38980357502923463,1.13180478581548,-3.643032324313693,2.039830384169156,2.311292198542883,-2.5660463822738198,7.697363748391483,-1.2379510149194934,1.5437279181415071,0.06163859930740063,0.02121817096820105,1.4822729571105804,-1.229560178309993,0.41762158006123745,0.4497246548232592,1.5079589345055784,-3.4017413215241707,1.1455405769509737,4.539445322549149,6.363583681485896,-2.714416745112019,-3.605663696730216,-5.195208250412353,-0.06614655169658101,-0.09332911784776259,-0.9225429845250163,1.6757461833454343,-3.371430347596263,1.3490768745075439,3.7535044500624917,5.045988434973618,-0.22729466534689,-0.25606472815526593,3.9218217028578284,1.2565903145363446,-3.5373077998433353,0.2716446984789657,-3.24298135561173,-3.19916582580846,0.7772823493297556,4.911346232761049,-4.921839489832762,-5.160902635315046,1.4783386464522805,-2.368528789989529,-2.7603466658009026,1.838291230605494,-1.1037099036280307,-2.37341523195391,1.8797486296462202,0.6150734622449799,1.6043922833942332,0.5709528936443474,4.406961954634562,-0.11348499598624462,1.9924734148427472
0.3238262592048081,1.4901916068087142,-5.570812574283069,2.9184635575427147,2.780884384279517,-3.2088117987057454,10.54157985736125,-1.2578753237221718,2.078138282850093,0.1364759429670871,0.3392803412627147,2.413736792102603,-1.4708052018132372,0.6842146709075813,1.0001168300710348,2.3448978987128517,-4.7603691512604955,1.653642916936833,6.363583681485896,9.157378814917413,-4.006168162867698,-5.140605418637027,-7.043822936107687,-0.060285461265203184,-0.08403576613553793,-1.3521206058187032,2.1784206145751632,-5.08522814129117,1.907988941177792,4.9430137453391945,7.306992010029635,-0.16564492348571588,-0.36706817954557097,5.668018547483568,1.826807268055591,-4.762809841128332,-0.058582641519536766,-4.26948951518163,-4.91133756044626,0.8893848617056908,6.69153615226274,-7.340863291703933,-7.212303606579849,2.4111690623352144,-3.20354037825369,-3.587425921623902,3.0355863797396143,-1.4957728672481323,-3.3495901143632225,2.4224457784735054,0.3283495714625546,2.227438850998501,0.7161166758317105,6.224452593469487,-0.1987646525629719,2.9403372727039505
0.1092597394211981,-0.5101300104237242,2.8213496107060125,-1.3218630263440985,-0.5990284549352678,0.9177328204584918,-4.139859171629972,-0.03249656321314011,-0.7626464843341507,-0.10304398937914543,-0.4587624521643934,-1.3873064608199777,0.37462106395403155,-0.42322273500799534,-0.7685236546381302,-1.1762208481836274,1.9848405252962025,-0.7021567490181405,-2.714416745112019,-4.006168162867698,1.9136494736151286,2.228892129762832,2.6652827971739557,0.038637841845675466,0.01727625256676045,0.5771377070201622,-0.6938766346342383,2.471132355517959,-0.8120967943197727,-1.6879413361056697,-3.3314597505812826,-0.09812896634953226,0.12879016119252962,-2.4836554926036727,-0.750876259566423,1.8213548930759527,0.5208936814247638,1.5052171170578406,2.510471282974936,-0.06317735804139553,-2.6042221897735964,3.553846047581662,2.9791886137683177,-1.3597426823673968,1.1630797557953652,1.0777211921162713,-1.7710113929897926,0.5541510416755779,1.3825895641816601,-0.7916235453018133,0.44684930003270096,-0.877839919953475,-0.20781601091586532,-2.5975397911301465,0.08177663927659198,-1.3106960397353535
-0.2464441318589997,-0.8571660365773366,3.08291508856287,-1.6683321034061285,-1.6170464190667344,1.7990090903468163,-6.030775812011767,0.8022004171995915,-1.1589974625762127,-0.02020531176458304,-0.11903169191977928,-1.3219503758880902,0.8909264478888428,-0.4130513789230105,-0.47350174022195557,-1.2400149679613128,2.679737910622772,-0.9504393815085206,-3.605663696730216,-5.140605418637027,2.228892129762832,2.9129800573626525,4.027955328849941,0.10582930456945366,0.07797770243289859,0.7676363206611166,-1.2261835591877392,2.78408620511889,-1.1118007265561023,-2.820573625010817,-4.0822860931725256,0.1461244761340427,0.22129022209910876,-3.1381770516936363,-0.9924782615986268,2.7577454640369066,-0.045474045490422756,2.463801879785469,2.7037858162675206,-0.499430092627614,-3.839355565336019,4.046444540033422,4.078355725550489,-1.335932002166265,1.8586825700845524,2.0274534014662993,-1.627707435641353,0.8584669798034101,1.867595710145622,-1.437998454984104,-0.3008242162914542,-1.2244470602887199,-0.43221147946988786,-3.515362010212805,0.11833242520292982,-1.6158846792929524
-0.9672238857957796,-1.5795468831467914,3.181916751705724,-2.1499198620307305,-3.954906106315745,3.98178858980842,-9.566873793725337,2.636787579164372,-2.064088170279415,-0.013033801966434342,0.6444953153380216,-0.9081636403021706,1.9504200306435906,-0.16469796129554337,0.21632014261006993,-1.3682719057201123,4.010052660923091,-1.288516955437187,-5.195208250412353,-7.043822936107687,2.6652827971739557,4.027955328849941,6.682078284731714,0.0019404132124873086,0.13590382311459664,1.0236383535532627,-2.4578063889423527,3.2166700248562514,-1.5125136121219345,-5.232779803549151,-5.319203256983136,0.6060870331888975,0.3402389944018956,-4.351889281881272,-1.5114731745650487,4.488477765981614,-1.385367201142112,4.395664266171342,2.757436714801787,-1.5968626282604959,-6.151507578430711,4.733059855984301,6.12345893161548,-0.955789096770407,3.121033252167601,4.161138142983745,-1.0652428502578246,1.4327956129086779,2.8315115846658334,-2.6600402811571096,-1.9675550849471468,-2.0114898847178115,-0.8540184513367354,-5.1604729066674935,0.11668174253863378,-2.1679349990854346
-0.06382686274227294,0.024085190803462178,0.12892580023704012,-0.13375028347445034,0.2039417788166888,-0.34568701605071284,-0.10782960627143431,-0.02966481100832567,0.12607953181106674,0.17858344660750458,0.038995982026550885,-0.11081878772947817,0.040626374259174494,-0.18286350883997973,0.0675977950806915,0.14712348621439642,-0.03746219966964822,-0.09336871096305828,-0.06614655169658101,-0.060285461265203184,0.038637841845675466,0.10582930456945366,0.0019404132124873086,0.2569091210817012,0.08574989034303557,0.05774432453957791,0.15631039916960404,-0.05719990772051595,-0.1467959334427045,0.14313683072322433,-0.026974203260541556,0.07915647542326258,0.04791735474302634,0.10797019345822098,0.11682151018091877,0.1187074317453197,0.050149962624829944,-0.0034095510930646344,0.0699369585403413,0.18963098339563228,-0.08665524166402874,-0.020057229506275993,0.003577397640504723,-0.15522650766631335,0.08833061499018209,-0.23502575884230398,-0.040967127287894506,0.014670885291160401,-0.08253193108656126,-0.09841749160064854,-0.01562742099286119,0.1418832443663373,-0.04101609015452301,-0.026516377132481995,0.04437558798413145,0.07453517298706544
-0.07061099137261932,-0.0317371524304261,0.011628603274404181,-0.06265871515439943,-0.06908729469469942,0.008922322751367253,-0.21167976071363515,0.10627612825973322,-0.004000412445635393,0.06450953535889654,0.07082488840263108,0.006248619395915755,0.08056226424181888,-0.044106762998362796,0.08278651938304342,0.06314427965824697,0.04714877054215818,-0.041661241966014395,-0.09332911784776259,-0.08403576613553793,0.01727625256676045,0.07797770243289859,0.13590382311459664,0.08574989034303557,0.03592202740200584,0.0242858238460939,-0.014250065480959235,-0.02881667538294779,-0.06547892801348781,-0.0819919442443674,-0.04623061258934114,0.05873980833439118,0.020450556280339385,-0.0015899231400927486,0.023232262141214852,0.13237436565003652,-0.07547830369286372,0.10526690470097738,-0.0067349967200797155,0.0019993367849123274,-0.14651978685936445,-0.010545528317165829,0.09315381015417784,-0.010319913884006781,0.09325083502630663,0.03355004915067754,0.046861733949256745,0.033359600956332745,0.012243542302187977,-0.10415831478430727,-0.12004982330788085,0.01285477584229416,-0.038796813058794996,-0.07703613394478871,0.010795412406587119,0.013324969997188619
-0.0651243634350275,-0.20526951629602422,0.8296649217266051,-0.4418685900690241,-0.3691202144485431,0.39465483976988247,-1.548753220772234,0.19973295204522304,-0.27162617441839204,0.02293301867454853,-0.03512003706703168,-0.36218167822148334,0.21950560932384272,-0.129538185724601,-0.13259457802783936,-0.31349874004211914,0.672529401495137,-0.27167800233253453,-0.9225429845250163,-1.3521206058187032,0.5771377070201622,0.7676363206611166,1.0236383535532627,0.05774432453957791,0.0242858238460939,0.22886368487456235,-0.28593017142909277,0.7226597047240799,-0.3142647130486927,-0.6925971316990122,-1.0486977296450772,0.04645496196900535,0.0683978626165208,-0.8141243919399644,-0.25329386666465675,0.7087368837627733,0.005151198619365791,0.6210107704610627,0.7142056909233716,-0.10823188608940548,-0.984712729544537,1.0448906498465778,1.0410063630775896,-0.369541835516344,0.4990432501666379,0.5004379374156783,-0.44345731549634926,0.2297823219495977,0.4707466724304395,-0.36997369775581285,-0.0607965755689429,-0.3025264563594861,-0.11617772580822851,-0.9129242991798823,0.050257908278551734,-0.4169612033717033
0.474411475533309,0.6339571546412492,-0.6099724586878841,0.5711376624733692,1.877637640496652,-1.8734884805042729,3.3583470958757546,-1.323521679508287,0.851312247693998,0.0768989018865596,-0.4392807001047112,-0.04921035062785992,-0.822488246852376,-0.15432055633123917,-0.31097843731955277,0.38770079038087246,-1.3781299038811132,0.35883373344491776,1.6757461833454343,2.1784206145751632,-0.6938766346342383,-1.2261835591877392,-2.4578063889423527,0.15631039916960404,-0.014250065480959235,-0.28593017142909277,1.0831248586557662,-0.8427355170728728,0.4058004036923326,2.1318774621149448,1.5652609814110492,-0.2836940406694071,-0.09867697929869065,1.4242932874399852,0.5729267006809019,-1.5763994183258516,0.8733957757126749,-1.6976201937401934,-0.533529049156656,0.8717641683002751,2.168300398982013,-1.2323633055395715,-2.0839101882013327,-0.04236421715185311,-1.120358316864523,-1.841727282295825,-0.05386737632037469,-0.522312348559386,-1.0086951190774371,1.008211069258444,1.1008913743745934,0.7953771723892751,0.3319819327623681,1.7130535424283855,-0.003607714711482191,0.6980511407966017
0.2632801845256745,-0.6006524931144819,3.6907143506073976,-1.632560822108964,-0.6053104497306283,1.0942842876305756,-5.017247828669835,-0.2537759309316435,-0.9583431796136501,-0.21696069906279805,-0.7288852928736084,-1.8487285881125795,0.33912686146680104,-0.5095164338820503,-1.1515135361929416,-1.6257528261522316,2.4898083746889896,-0.8613670194313974,-3.371430347596263,-5.08522814129117,2.471132355517959,2.78408620511889,3.2166700248562514,-0.05719990772051595,-0.02881667538294779,0.7226597047240799,-0.8427355170728728,3.270336994867086,-0.9679693370307623,-2.011235761990603,-4.261849864635066,-0.22258559918005832,0.14395323003301996,-3.2153932202728797,-1.0039714647254114,2.1447533532129603,0.8370513254890771,1.7557128852028658,3.3071507577744383,-0.04828854299459415,-3.1334780763591725,4.651720166774376,3.7090175452660756,-1.7964112212000833,1.3622310697095916,1.2926442019859234,-2.4099752307302063,0.6619520629862706,1.7642961267659314,-0.8550828994370155,0.811326377971437,-1.1365723653772741,-0.20556345175574534,-3.251936249235803,0.10032640818179746,-1.7260139002683783
0.14262389403251924,0.3132435830075847,-1.1441282557519408,0.6602174445907344,0.5628512446591608,-0.556439281343966,2.294273837864416,-0.34402039816802216,0.38161475201324085,-0.07554131016112033,-0.005350478859500688,0.4954690233888663,-0.36838773488715837,0.21501322976511758,0.11246130760963603,0.37667559115496096,-0.9686667021822868,0.3934201175636264,1.3490768745075439,1.907988941177792,-0.8120967943197727,-1.1118007265561023,-1.5125136121219345,-0.1467959334427045,-0.06547892801348781,-0.3142647130486927,0.4058004036923326,-0.9679693370307623,0.47433774357802777,1.0158516459994025,1.4853724857102808,-0.10561662114896103,-0.10525195815005006,1.1054630079717491,0.32019110587644384,-1.0820917245404158,0.04671887722605619,-0.9353354153291954,-0.9790751116758755,0.13704629955360134,1.4699645983182237,-1.4328582382041868,-1.5063287092892312,0.5198855777735332,-0.7448997354224726,-0.6958325931069759,0.5695808268750993,-0.33348691811631825,-0.6548655539300203,0.5921299105439566,0.17569031549810096,0.3994611121883391,0.18706333179065787,1.3085239661591004,-0.06648608239717031,0.5565726429069127
0.9471887808563938,1.3022213945789973,-1.7280672580323346,1.4105540450471559,3.636689675129841,-3.60005205245322,7.295426804686576,-2.566021140453908,1.7079272584234324,0.05714076764549999,-0.8091328400393472,0.19461076158981436,-1.6922339607120367,-0.12339447644738155,-0.5241227961775946,0.8592732037719578,-2.987984720166297,0.8733252707715833,3.7535044500624917,4.9430137453391945,-1.6879413361056697,-2.820573625010817,-5.232779803549151,0.14313683072322433,-0.0819919442443674,-0.6925971316990122,2.1318774621149448,-2.011235761990603,1.0158516459994025,4.350396124649148,3.612165530069811,-0.5869778757915115,-0.24134470515474576,3.123649165294889,1.1697068260846721,-3.4462115611978232,1.5925198475365612,-3.560410434279694,-1.489228054958311,1.5980055748824762,4.709440975023256,-2.970535304886263,-4.5534977019534715,0.22584626728992444,-2.4324291755975023,-3.6328968133590434,0.20940084367881462,-1.1222703446671642,-2.142966519834925,2.1552153790530837,2.0869437725663627,1.6133250377223136,0.7080133929354467,3.7817908044396353,-0.04862753515865928,1.5283151703125915
0.0562151811743245,1.0886953737747311,-4.733080481130944,2.359502772946546,1.7743318224760218,-2.2532983871464602,8.06642392183998,-0.5552011593950702,1.5708472803264992,0.17025382612505335,0.5122330528788435,2.1730691216700504,-0.9733395661567309,0.6206844247292277,1.0542217263304363,2.004831305237184,-3.7465745999715416,1.283008928582723,5.045988434973618,7.306992010029635,-3.3314597505812826,-4.0822860931725256,-5.319203256983136,-0.026974203260541556,-0.04623061258934114,-1.0486977296450772,1.5652609814110492,-4.261849864635066,1.4853724857102808,3.612165530069811,5.958315273208796,0.011499683965960076,-0.25469565202932415,4.543226551078092,1.4262836297130521,-3.6049549302538253,-0.42324192290381935,-3.1466646363202377,-4.199723292965667,0.4726597085827445,5.102668282565728,-6.147739244457772,-5.640193427755332,2.1384190960123934,-2.357097955917343,-2.507451704374287,2.764449967269293,-1.1142781359627567,-2.6241035751901736,1.7220778013684053,-0.19287546876322065,1.7252626904766941,0.48576518245907785,4.873564619724451,-0.13730554206343812,2.369138299302958
-0.31695471203461095,-0.18316910501076425,-0.30790812140863505,-0.05079843715953564,-0.68905702775988,0.5105812177279399,-0.7718711815734725,0.6798014781802697,-0.16497669098536635,0.10615151187548931,0.3701565452676937,0.30275646081840096,0.3586062042489745,0.06638547188200196,0.3987251418722312,0.19141978875374338,0.18847230325042755,-0.07467095928596452,-0.22729466534689,-0.16564492348571588,-0.09812896634953226,0.1461244761340427,0.6060870331888975,0.07915647542326258,0.05873980833439118,0.04645496196900535,-0.2836940406694071,-0.22258559918005832,-0.10561662114896103,-0.5869778757915115,0.011499683965960076,0.2257436310033571,0.05201137527084163,-0.04585119561796118,-0.033692060659481445,0.43687661379969206,-0.5533296715592504,0.49995431321051154,-0.3103846142368642,-0.31425304428203227,-0.526404893514338,-0.2709496266962288,0.33283022216374597,0.2628694351471873,0.3510831618552556,0.5342662393429417,0.44682229377548677,0.14349153362744835,0.1211747713785311,-0.38881174207651475,-0.6955408454830514,-0.09933199085616723,-0.14801410290736117,-0.25425247127891737,0.013768062840984155,0.015430682325280365
-0.06990783280838775,-0.08050309455867839,0.1716982171005409,-0.12516963961075883,-0.18057112817036755,0.12753073176575733,-0.49981365412365375,0.14283605855267892,-0.07980075760968415,0.03822058077590637,0.044002510738274526,-0.056891696702759544,0.10419045695274265,-0.04075374508491413,0.02544165344596142,-0.03846205878724494,0.18944168688103288,-0.09041198103778812,-0.25606472815526593,-0.36706817954557097,0.12879016119252962,0.22129022209910876,0.3402389944018956,0.04791735474302634,0.020450556280339385,0.0683978626165208,-0.09867697929869065,0.14395323003301996,-0.10525195815005006,-0.24134470515474576,-0.25469565202932415,0.05201137527084163,0.036332569341916685,-0.19518524991972133,-0.0651070783371221,0.24257236925890832,-0.07346436501461691,0.21560919706805245,0.140589069906721,-0.06265836328056164,-0.3229275282717756,0.21184606425981561,0.3053470948512493,-0.08041791076354006,0.1859853110295894,0.18289224634858145,-0.04340701414047915,0.07546380068774362,0.13002268487417362,-0.15866785750839346,-0.11805203339095963,-0.07053688601017821,-0.052817860801348405,-0.2708958523274121,0.023624047187677848,-0.10489652614074436
0.14528189036588232,0.9246521636834542,-3.4245495060755844,1.7442077728824343,1.7947301750661333,-2.1640724194367698,6.466241807637346,-0.7618796185221067,1.3525150712601395,0.18889415709314097,0.25340742765711427,1.462289303375717,-0.8742681112304146,0.3285261546678476,0.6841940728862956,1.5553292235255365,-2.974616164495015,0.9758210657702616,3.9218217028578284,5.668018547483568,-2.4836554926036727,-3.1381770516936363,-4.351889281881272,0.10797019345822098,-0.0015899231400927486,-0.8141243919399644,1.4242932874399852,-3.2153932202728797,1.1054630079717491,3.123649165294889,4.543226551078092,-0.04585119561796118,-0.19518524991972133,3.5967362060649797,1.1980163385760119,-2.8792742911022864,-0.04293927156818738,-2.6384895666979986,-3.0413193761090187,0.6357745954464514,4.092847659598008,-4.6080244427733295,-4.472683303790589,1.4247830672700939,-1.9274241462913517,-2.334140168780544,1.9040271523359078,-0.9201583635237246,-2.1238014545898305,1.4288902726412016,0.15063041468514862,1.4662241356378423,0.4159348330592897,3.847406266458835,-0.09825001589137804,1.8693275673141074
0.09118942844119185,0.3461054193698165,-0.9793178884627649,0.5101953569437101,0.8015100859886872,-0.9101168659028608,2.174812443620834,-0.3973121953248483,0.5117138738964165,0.10263487788893008,0.023070305568430535,0.36138833079673366,-0.3300289008298637,0.022705093207577538,0.1688497097947712,0.5155021834911147,-0.9980409517502621,0.2997503130946031,1.2565903145363446,1.826807268055591,-0.750876259566423,-0.9924782615986268,-1.5114731745650487,0.11682151018091877,0.023232262141214852,-0.25329386666465675,0.5729267006809019,-1.0039714647254114,0.32019110587644384,1.1697068260846721,1.4262836297130521,-0.033692060659481445,-0.0651070783371221,1.1980163385760119,0.44575560940426057,-0.9541805084507472,0.12125902520030891,-0.9346853460471852,-0.8800984279740846,0.3520585905476817,1.374895549214227,-1.411644524932351,-1.4916156342825162,0.35420063074575114,-0.6626276656185073,-0.9537204449496866,0.4931711753346837,-0.3162714098050953,-0.737975897356868,0.5004718323268933,0.1884346341416175,0.5371045246149614,0.14751932248258104,1.2778514585711684,-0.026924429938917666,0.6352182545380676
-0.6703626411268716,-1.0465526004467476,2.2112227947500496,-1.513665582906946,-2.5469780330006526,2.5224893464868074,-6.480522471272652,1.7419725431475956,-1.3300774617437596,0.06779786299004746,0.44509948388905185,-0.6715049408952322,1.3292390102662315,-0.1967383872072131,0.17222744476020668,-0.8562702035510429,2.6835154449347955,-0.9020627953510023,-3.5373077998433353,-4.762809841128332,1.8213548930759527,2.7577454640369066,4.488477765981614,0.1187074317453197,0.13237436565003652,0.7087368837627733,-1.5763994183258516,2.1447533532129603,-1.0820917245404158,-3.4462115611978232,-3.6049549302538253,0.43687661379969206,0.24257236925890832,-2.8792742911022864,-0.9541805084507472,3.0749170771940197,-0.8942662380247589,2.9550947547895996,1.8983114195492314,-0.9707196724611485,-4.176083306862222,3.1942610657621264,4.121280170760068,-0.714364531968912,2.1270213395518205,2.6727489048062836,-0.752030108926544,0.9682443781435134,1.8637470825754283,-1.826937119669883,-1.313079268406463,-1.289779299882457,-0.5903126909973345,-3.476653390356255,0.09090528128841649,-1.416756496180956
