V1,V2,V3,V4,V5,V6,V7,V8,V9,V10,V11,V12,V13,V14,V15,V16,V17,V18,V19,V20,V21,V22,V23,V24,V25,V26,V27,V28,V29,V30,V31,V32,V33,V34,V35,V36,V37,V38,V39,V40,V41,V42,V43,V44,V45,V46,V47,V48,V49,V50,V51,V52,V53,V54,V55,V56
0.837681254276078,0.3987055820089501,1.6980670655734054,-0.3339321472859537,1.9246499775757473,-1.4548683847202837,0.9194063360398431,-1.884479766143917,0.3686119679684191,-0.15224224602585165,-1.0871279414797157,-1.2884561947774646,-0.8359298720206034,-0.4567937083518285,-1.2195831823373398,-0.6925156546886759,-0.031229473109129637,-0.06269741116116186,-0.16385028490627424,-0.6486118392906334,0.8066432253288631,0.2805584820335552,-0.9550511932144986,0.03213217775160837,-0.07507804145614816,0.08212043280411765,0.7390330348178616,1.1969018837589047,-0.0626952357086036,1.2901049364700676,-0.9323898660465411,-0.5688459597910921,-0.07449598328463004,-0.4322980296467831,0.013355193816209095,-0.5986123371510885,1.6899215004939516,-0.9594204490373988,1.5625758096371292,1.024701443759285,0.6704842235813108,1.6562837010266596,-0.12702760840285826,-1.1948017369468,-0.575430725646797,-1.3932622039109233,-1.7286622974196941,-0.22599577590536502,-0.05066118217211204,0.7674625616085612,2.0018009877065572,0.16204965314128034,0.30967819743814656,-0.0014183932260610163,0.019549821780089186,-0.30101949786706367
0.3987055820089501,0.2963530593541833,0.5211249828535007,-0.014695139063715437,1.0696675465245211,-0.8290491702554926,0.9357555036531457,-0.8859282318090959,0.29762865833126756,-0.03754898156968949,-0.45951804319296247,-0.46513987052274214,-0.4469031695583224,-0.17356979214264215,-0.4997595549350757,-0.1962556730069385,-0.2767125436555436,0.028228449855629712,0.2290825473932068,0.13069392349822084,0.1654091035843891,-0.11670555454607166,-0.7920063788051297,0.030518077474982433,-0.0381877749123375,0.026331190328028286,0.4681734519833589,0.2859724192964121,0.031152442619171446,0.8455893237121022,-0.05515156360707913,-0.25551089203919297,-0.06265735091023024,0.04543060460533187,0.10736031069702359,-0.4991363726277754,0.759047823107064,-0.6222352422067791,0.455903964051389,0.5256333496485319,0.6323494069224795,0.3912467070976166,-0.43030403419842406,-0.380382359153981,-0.39603593670163223,-0.797223833870975,-0.66929285468824,-0.14377153680483332,-0.2062044331995616,0.4822966682202561,0.9334223486412514,0.15924815620829924,0.16431687671964185,0.31661743800350406,0.0143494457799522,0.036009558486345905
1.6980670655734054,0.5211249828535007,4.960458875292337,-1.3966175426151315,3.525319945281787,-2.522901742742818,-0.44824533251084697,-3.7381304790455085,0.3583579001575297,-0.2974159267603814,-2.410101020326483,-3.34028393116115,-1.4733849597137463,-1.1787863123581326,-2.8585158301642175,-2.0049612525623783,0.9919321478813212,-0.5757905689894475,-1.772083199448909,-3.5482187219957755,2.6347652509418054,1.8147116922827726,-0.44035619696721134,0.1390975944955979,-0.13670688840148607,0.5453982673270366,1.1264909392692042,3.7324523723278107,-0.6237962942956202,1.6783034255366458,-3.644391811355628,-1.1528608343511726,-0.032196800040166965,-2.225692988535051,-0.40786353303962014,-0.19753039388840474,3.6426796894440314,-1.1107579321846868,4.494244840142529,1.99558826226768,-0.09316732875466316,5.2015720991079855,1.3688920208562863,-3.179198694895543,-0.4380637462109587,-2.1735564714915285,-4.407724986517493,-0.12923195624874448,0.6517009350744852,1.0704484399637986,4.211613552711839,-0.12683466809909869,0.4870968575153257,-1.4641894546489012,0.13895575945315222,-1.345385895363424
-0.3339321472859537,-0.014695139063715437,-1.3966175426151315,0.5041761469911716,-0.5851897974661253,0.31460256345522924,0.790960864509713,0.7159691716812161,0.054828304701927635,0.06601851647458652,0.5146946140650388,0.8616583257543713,0.19239189785159358,0.30590006755294713,0.6355326049638675,0.5440919431421232,-0.5221982119845876,0.2079840203628784,0.8176397692980468,1.3042945389143066,-0.8245322978103038,-0.7109756918444746,-0.36255800038971425,-0.05768069346243937,0.00634368668059146,-0.17715688396561005,-0.10760567869209312,-1.090962925628901,0.25453362830947796,-0.040612406740569734,1.2543635510404718,0.23022858889420447,-5.235530614947037e-4,0.8022589845346132,0.16282697721321154,-0.295665509470895,-0.7730921262353982,-0.06169618704071186,-1.2581021570307651,-0.404411156956294,0.46984949838644974,-1.5717823311716939,-0.7557514918040572,0.8129736988926828,-0.09497329331541401,0.2755544856437466,1.1214036752786976,-0.06379555613965278,-0.33556673986784835,-0.05843997017671707,-0.8581989345058921,0.15805844817904116,-0.05397271949699392,0.687476549058712,-0.019554550383589345,0.4339613039951741
1.9246499775757473,1.0696675465245211,3.525319945281787,-0.5851897974661253,4.732911165828291,-3.706827387334269,2.885726111483484,-4.394725276251529,1.068990296990216,-0.2590610163831447,-2.4405302824203083,-2.800370265628544,-2.016374864081193,-1.0512233972675062,-2.6978780405962532,-1.3612539236691588,-0.47574230213330015,-0.07277317322636788,0.09383498143361706,-0.8302578745937079,1.5460773369422947,0.2902772470148714,-2.739426406149042,0.163999925669248,-0.15424791922332964,0.1552115324332221,1.9309585578406665,2.330776770359495,-0.0738545637206423,3.3959186281003797,-1.570769906075069,-1.2808165176017186,-0.1868662187594343,-0.5557662424987899,0.20876834864494406,-1.700202236850797,3.8780956435898086,-2.513712494419502,3.2160272351798165,2.481802156226846,2.0258686704087436,3.2207442216645967,-0.8600837504885221,-2.5711613671015288,-1.5113301776371426,-3.523948924428271,-3.7671600163565944,-0.6005138825634743,-0.4117832204381731,1.926018903141328,4.6135051602092165,0.5681645557987773,0.7418386945180283,0.4703167624326545,0.06287728923517906,-0.4256049088301544
-1.4548683847202837,-0.8290491702554926,-2.522901742742818,0.31460256345522924,-3.706827387334269,3.226454316654899,-2.679699434181723,3.460605642661637,-0.9364812053979967,0.13723408653783647,1.913505665636799,2.1001964740175914,1.678960778729238,0.8429241655963844,2.1011813813070015,0.9546467833587283,0.5807861396568951,0.07300982060628419,-0.4560222950939026,0.3453943869843388,-0.9953902729048849,-0.05529251592260556,2.4013990710291093,-0.16641869334407172,0.13008773508821828,-0.09575027652799142,-1.5979458373015925,-1.6182358424858492,0.008672055822712738,-2.870060190260977,0.8506580515452994,0.964174680361192,0.050274275895240396,0.15749922970442704,-0.14799811586837058,1.562887687170482,-3.0041915781545603,2.2338188920527116,-2.32881737885042,-1.885763467328251,-1.8693356744406189,-2.114247128719287,0.9601018480810563,2.0785961009236273,1.2128819464225387,2.854287653527184,2.731453892997692,0.5531390203749702,0.4234365537583768,-1.5379457856121526,-3.5550665987813685,-0.62269634074411,-0.6020430853038392,-0.5241313153692926,-0.12561643479856352,0.3351762483838725
0.9194063360398431,0.9357555036531457,-0.44824533251084697,0.790960864509713,2.885726111483484,-2.679699434181723,4.87366949266752,-2.286617757948307,1.1487230873874206,-0.07883596259473381,-0.9361064527574144,-0.3398748068991814,-1.3867820356545073,-0.19174942422020208,-0.8278716165316523,0.20397000955202987,-1.836869613961301,0.5286990844386084,2.287633533403961,2.7869038586468937,-0.7469280461795683,-1.6538143408765291,-3.5783364756488854,0.010387053751872051,-0.11412513334565504,-0.4033064414954509,1.5373030652325825,-0.7462492932609416,0.646349025046593,3.119551946615061,1.8802406423877605,-0.6023496336974867,-0.1749358954217326,1.7111242500956168,0.660918891771078,-2.399870659276363,1.6090837921609775,-2.571707826403754,-0.33144797395697334,1.289223387999455,3.1857923732760685,-1.1910035549798108,-2.844740477815194,-0.29364276282093393,-1.728306656894174,-2.668664440360664,-0.5137956812314024,-0.783161653576146,-1.297257843195037,1.6474028354780466,2.0527051342503198,1.0123876957525175,0.567934342811749,2.3119443029554936,-0.02113485719594975,0.7706798053150388
-1.884479766143917,-0.8859282318090959,-3.7381304790455085,0.7159691716812161,-4.394725276251529,3.460605642661637,-2.286617757948307,4.3461185319871785,-0.8789260759214125,0.3243603368230346,2.475005437642931,2.9021641289206026,1.9309812003235438,1.069998900804434,2.742331058088767,1.4913231654854264,0.14921557904650823,0.10968530976232425,0.22654185039640054,1.2710424521701378,-1.753933180930636,-0.5461784382909624,2.3007158863930948,-0.11262170243244264,0.15363613507391277,-0.10995777375094092,-1.7301182199251524,-2.6059329676177634,0.09875973104629526,-3.048948976424256,1.969121752860464,1.2848510508671989,0.14079745930883983,0.7887889430092384,-0.07179656789198151,1.4462314147277633,-3.850793629300501,2.3081771865328586,-3.475398218439022,-2.358691809214257,-1.6478278217993088,-3.588252248687585,0.41929681556417747,2.7668082946077397,1.3694725260506206,3.301124681362564,3.820793694030624,0.5816902398158791,0.17935415381102096,-1.7471768808217731,-4.531869036987565,-0.4850760038399055,-0.7216576063686898,-0.09861799694858203,-0.042394092604455084,0.6510951551155582
0.3686119679684191,0.29762865833126756,0.3583579001575297,0.054828304701927635,1.068990296990216,-0.9364812053979967,1.1487230873874206,-0.8789260759214125,0.34407031542520117,-0.010667392759743185,-0.4336497003744964,-0.391249561096962,-0.46962649381325167,-0.17229598278963135,-0.45269383357214493,-0.11261208350107899,-0.3844988077834497,0.05012198645209098,0.40215600193432177,0.3429076408849277,0.04951310467933949,-0.22703866944179993,-0.9246087391781994,0.051579747867651134,-0.033326448316014654,-0.010914007745930645,0.507703955704632,0.1410725112753736,0.06814113475575273,0.9412921856956359,0.14514493712808782,-0.23482042717548063,-0.039003697602077364,0.2140399800508103,0.13608119469501823,-0.5961666181732003,0.7210090915712088,-0.7256460358620143,0.3209169138444209,0.51536892198218065,0.7678905473106578,0.16212120905699756,-0.5865598538138584,-0.3580231382741583,-0.4358669268712197,-0.8617152037197989,-0.5362435765438667,-0.1866063043110344,-0.27584069348167556,0.49554186186721566,0.8794402751113292,0.2439251350004114,0.17223680327516763,0.4346651664270962,0.026497040035651846,0.0828750706250804
-0.15224224602585165,-0.03754898156968949,-0.2974159267603814,0.06601851647458652,-0.2590610163831447,0.13723408653783647,-0.07883596259473381,0.3243603368230346,-0.010667392759743185,0.07083265254288573,0.19300814451025036,0.22109232862399028,0.12445869039364862,0.054943292319173026,0.2116134842063549,0.15078895522585095,-0.05807103904667655,-0.017686946626044763,0.08971602001105607,0.14312484453743887,-0.17355650812778575,-0.0640161145833965,0.09903334136369492,0.03749258149726148,0.017948138407802027,0.02391861885466994,-0.07361475626207127,-0.24670229101618205,-0.016182587462105914,-0.14658378998685373,0.23064100794942252,0.115297255268551,0.028847949089070485,0.11033105165472018,0.012147395879832235,0.06831116888048033,-0.2830352210895429,0.12085744289248114,-0.29502837610009736,-0.1519001997049192,-0.06341515554945505,-0.3536849179154397,-0.04628973360839984,0.19779127215333123,0.11222558454354149,0.19738006136663297,0.30099166225269136,0.0433365290456296,-0.030550638613300162,-0.11950729211238921,-0.33635317511323265,0.005536323827452178,-0.05820026806718235,0.035261426411169326,0.026277700328468,0.07376774651245822
-1.0871279414797157,-0.45951804319296247,-2.410101020326483,0.5146946140650388,-2.4405302824203083,1.913505665636799,-0.9361064527574144,2.475005437642931,-0.4336497003744964,0.19300814451025036,1.469744973677836,1.7864031934263036,1.0908066654723214,0.6422507292894487,1.66738828264061,0.9858263731878476,-0.08945465024311787,0.1520398757021542,0.34841075079074013,1.1358334283110891,-1.1690829455935727,-0.5256615598576317,1.0688974570930652,-0.051261045994592934,0.10133312699460645,-0.14638125382158806,-0.9190339744065071,-1.7397204170742138,0.13785888790636056,-1.5847874302347624,1.4184717708570467,0.7422931747443078,0.049674913776169456,0.7116315826608656,0.0672434421474313,0.6840301167789411,-2.2473052388860286,1.1989347323670294,-2.2256436131833404,-1.3054096393828443,-0.7162486981440611,-2.375227734263438,-0.03431171820921467,1.7229921776241555,0.6505682425004239,1.7423179904609212,2.3515870332104782,0.27435141613774283,-0.04125883130139368,-0.9330187271089805,-2.6372450434581736,-0.18754685140557328,-0.3934810345523691,0.2081159438263625,-0.05744438353134811,0.5306328791032302
-1.2884561947774646,-0.46513987052274214,-3.34028393116115,0.8616583257543713,-2.800370265628544,2.1001964740175914,-0.3398748068991814,2.9021641289206026,-0.391249561096962,0.22109232862399028,1.7864031934263036,2.350920475430456,1.1930024811871396,0.8487365699081417,2.066687776603679,1.3379382302353424,-0.45110697015797435,0.3079823672268251,0.9204855351764052,2.0394809124348714,-1.7188509684757034,-1.0224456709481422,0.7790510045282835,-0.10618286918473685,0.09940082034417366,-0.28370669948772836,-0.978491996998007,-2.4594551657233836,0.32881089927817303,-1.573636398095244,2.26412909227189,0.8762288662972793,0.04599191589658891,1.2651328992030384,0.17660210049138425,0.44838863412967295,-2.7284991090954587,1.1163818646692099,-3.0529506646895994,-1.5607715010536067,-0.3567328831219019,-3.418445952593121,-0.566910373710653,2.2493059783526004,0.5512300688279185,1.888589696355322,3.0854080795252554,0.2118343036911044,-0.272109573438843,-0.9439487013300487,-3.1678322637539313,-0.07011108531289902,-0.4158291107892394,0.6930410516439864,-0.07715298299220744,0.8180207782778006
-0.8359298720206034,-0.4469031695583224,-1.4733849597137463,0.19239189785159358,-2.016374864081193,1.678960778729238,-1.3867820356545073,1.9309812003235438,-0.46962649381325167,0.12445869039364862,1.0908066654723214,1.1930024811871396,0.9307118682925433,0.44035856854591326,1.2103070255994952,0.6043403895012168,0.25035544936326803,0.03477519626434973,-0.16944875925948885,0.30295010359130664,-0.6147658437977671,-0.07664780685743648,1.2581886894771093,-0.03429273543594416,0.09022326612099302,-0.05599837358246915,-0.8361512344284643,-0.9964475447879549,-0.003855966116448442,-1.5163920722634592,0.5853178770534889,0.5634812492085784,0.044337759110631654,0.1954016207648096,-0.04121884453397588,0.8359879389394247,-1.6869690362635508,1.18972803566725,-1.3663129646200303,-1.0189015970112978,-0.9774538424771838,-1.3104936692045923,0.44061209308555493,1.1568521270904126,0.6688823287376093,1.513706424910439,1.5822632755717376,0.29303392357462765,0.17666555002987175,-0.8608593303564779,-2.0097635088361705,-0.2812189960068303,-0.3392614071152785,-0.22344072590926664,-0.05500311396938031,0.2347807749555993
-0.4567937083518285,-0.17356979214264215,-1.1787863123581326,0.30590006755294713,-1.0512233972675062,0.8429241655963844,-0.19174942422020208,1.069998900804434,-0.17229598278963135,0.054943292319173026,0.6422507292894487,0.8487365699081417,0.44035856854591326,0.3306934327710198,0.7324260352796604,0.4439179974529184,-0.12422177275598911,0.1107561968709526,0.2851989645357305,0.6716507890023843,-0.5944690626404346,-0.34425759865245137,0.33510573419862755,-0.07395621004222525,0.02424587567332004,-0.09125053823120305,-0.39006231122107327,-0.8425740947066841,0.12012727303057374,-0.6279691011237578,0.7633740909234877,0.30715864789666403,0.006262555961693655,0.38794604380253117,0.03763632099477194,0.1860264303060481,-0.9947358735043227,0.44708491400275563,-1.0788526164829613,-0.5935003469251166,-0.1709437387210733,-1.171509401608987,-0.15125601274545616,0.8323587492357818,0.21261905013169186,0.7475190645797651,1.088980525158149,0.09333975146646119,-0.0641426419496458,-0.3414273238576258,-1.1431982547835549,-0.07195355742888208,-0.15213248830849754,0.21064089466712138,-0.03336914448649771,0.27150339958602104
-1.2195831823373398,-0.4997595549350757,-2.8585158301642175,0.6355326049638675,-2.6978780405962532,2.1011813813070015,-0.8278716165316523,2.742331058088767,-0.45269383357214493,0.2116134842063549,1.66738828264061,2.066687776603679,1.2103070255994952,0.7324260352796604,1.920932146839406,1.1810078635914005,-0.19165724466899697,0.23366686445445065,0.5162675023089021,1.5213026029403793,-1.3990496645717307,-0.7154334564127981,1.0516042402791927,-0.05284564785860916,0.1232811076032095,-0.23562373214555923,-0.9914516199128806,-2.088086764181393,0.21386513324364798,-1.6796303129074999,1.7492366245000814,0.8288956148636201,0.038900834518687505,0.9647887730634688,0.14021108448800718,0.6805336570980063,-2.5314115376944097,1.2606786672430426,-2.6194267643124,-1.4310279713461163,-0.6680945917350875,-2.8396613806857594,-0.1928880617321465,1.9910173986965527,0.6369899372225309,1.84717700054518,2.7337985174709045,0.25945799455161905,-0.12648614143665018,-1.008658590130818,-2.9729071199511066,-0.14613398998072502,-0.4238728487438887,0.3868809209751023,-0.09210351326010516,0.6803749967868247
-0.6925156546886759,-0.1962556730069385,-2.0049612525623783,0.5440919431421232,-1.3612539236691588,0.9546467833587283,0.20397000955202987,1.4913231654854264,-0.11261208350107899,0.15078895522585095,0.9858263731878476,1.3379382302353424,0.6043403895012168,0.4439179974529184,1.1810078635914005,0.854324624058918,-0.42491642753018755,0.23432026115165178,0.7143502155106146,1.4763101453545653,-1.0673387806357708,-0.7390493747906223,0.14523803922050207,-0.005026806647847734,0.07585866930500207,-0.22641275113027876,-0.41342347043572386,-1.545810790778307,0.236033454856226,-0.6279039929343485,1.4884512164250163,0.47640103614365964,0.009241560268330437,0.9513079372091755,0.21115953255116668,0.09108253086306993,-1.4581451640152554,0.43904809773985254,-1.8241368958276931,-0.7490452679620992,0.04558472227271189,-2.1281278127405256,-0.5830649704135324,1.2766765043593322,0.16614729096379213,0.7996496996464061,1.780909221486227,0.04656174227686416,-0.29974916133852,-0.43874924798007087,-1.6991295089669907,0.08673253540854269,-0.2007559958831994,0.625833090927244,-0.0609142697654485,0.5874623597835431
-0.031229473109129637,-0.2767125436555436,0.9919321478813212,-0.5221982119845876,-0.47574230213330015,0.5807861396568951,-1.836869613961301,0.14921557904650823,-0.3844988077834497,-0.05807103904667655,-0.08945465024311787,-0.45110697015797435,0.25035544936326803,-0.12422177275598911,-0.19165724466899697,-0.42491642753018755,0.8646777853923991,-0.2520887200206311,-1.1432137590486593,-1.5807056920654103,0.7347291153078004,0.8940979094660993,1.2246043779838764,-0.005982069543047047,0.01850646392675548,0.1811170038583264,-0.3872410474551226,0.9180587707614747,-0.30242779900493394,-0.8584653334105579,-1.3278059244085927,0.001356562450414813,0.048175266666533496,-0.9746443991777064,-0.3048383978946195,0.8327905837798467,0.053767611474491654,0.7323812066715802,0.9006922829222822,-0.12432003022151768,-1.16805957402186,1.3428832204313639,1.279132135590665,-0.45205457618105255,0.5101525966447422,0.5731575672166888,-0.5556508317617364,0.23444064236484266,0.5925697995181676,-0.4133271658473812,-0.014077535523348278,-0.38152814671423774,-0.10895779574033308,-1.0811630186200187,0.002074156130923217,-0.5158918160596777
-0.06269741116116186,0.028228449855629712,-0.5757905689894475,0.2079840203628784,-0.07277317322636788,0.07300982060628419,0.5286990844386084,0.10968530976232425,0.05012198645209098,-0.017686946626044763,0.1520398757021542,0.3079823672268251,0.03477519626434973,0.1107561968709526,0.23366686445445065,0.23432026115165178,-0.2520887200206311,0.17421299927849163,0.3573268991758133,0.7086804142948925,-0.3174262367804241,-0.3745388284734586,-0.31304560169170015,-0.030409029916887396,0.014211360836683872,-0.1697962588170035,0.02291320277793746,-0.46433785818478607,0.16911706846482258,0.12551986804681284,0.5174281265256349,0.03342028234503428,-0.05304894165320563,0.43403607665736205,0.15251394783322694,-0.19654879415948412,-0.19600592091703165,-0.12110097132936212,-0.49051891169181994,-0.03422406017879884,0.3159211037489298,-0.6134961470209889,-0.41122986331144845,0.32262496460209095,-0.19478112255224686,-0.10023471994336913,0.3986579006494606,-0.08898334598445752,-0.20308414816011458,0.060535695423957994,-0.21296435495952504,0.11163887444257697,0.018669910812617325,0.41896358892391505,-0.07219679776883801,0.2550467561450814
-0.16385028490627424,0.2290825473932068,-1.772083199448909,0.8176397692980468,0.09383498143361706,-0.4560222950939026,2.287633533403961,0.22654185039640054,0.40215600193432177,0.08971602001105607,0.34841075079074013,0.9204855351764052,-0.16944875925948885,0.2851989645357305,0.5162675023089021,0.7143502155106146,-1.1432137590486593,0.3573268991758133,1.642618400744476,2.2908589781785764,-1.2010703774945701,-1.2839867910915883,-1.4193515293360828,-0.03732847292498426,-0.02284149526795523,-0.2987560789317767,0.31225466138505215,-1.50396931672338,0.4588008892825526,0.8347539413010042,2.0374935805038397,0.12533524926967687,-0.011612815453122639,1.44071165120988,0.3539346009477737,-1.0249086840533959,-0.47607174126883983,-0.8158372006677699,-1.5780260915780908,-0.13935076817314573,1.444030315636997,-2.2314502945022108,-1.6886426624479907,0.8278452368134259,-0.5521124504282768,-0.4086004614069897,1.2089556611002634,-0.2950397374112099,-0.7539561864811605,0.3654351490209948,-0.4677707029449312,0.5009467301311812,0.08740286087868449,1.4272137294049179,0.00439374146939896,0.6967934767034722
-0.6486118392906334,0.13069392349822084,-3.5482187219957755,1.3042945389143066,-0.8302578745937079,0.3453943869843388,2.7869038586468937,1.2710424521701378,0.3429076408849277,0.14312484453743887,1.1358334283110891,2.0394809124348714,0.30295010359130664,0.6716507890023843,1.5213026029403793,1.4763101453545653,-1.5807056920654103,0.7086804142948925,2.2908589781785764,3.867740871333728,-2.109613270039054,-2.0730739830200267,-1.5493790852428333,-0.06498561834383311,0.058833525150398434,-0.6375152364005611,0.0485754636562988,-2.896455785817535,0.7678127332720158,0.4917696770506538,3.351411915776072,0.4467127252431164,-0.10721428650507762,2.417439322471035,0.6826610974911024,-1.058616313069117,-1.58095668230568,-0.553638424353135,-3.1621023304248617,-0.5924370636009617,1.6753040610723422,-4.048329064013369,-2.366668705525083,1.9866546729588945,-0.655154952728315,-0.01750120680861985,2.6672539710074035,-0.33565001724148646,-1.1264411664949276,0.12645513332733782,-1.743299662601987,0.6198215993302209,-0.027696823030695646,2.208660062140883,-0.1575974698830748,1.356616924631618
0.8066432253288631,0.1654091035843891,2.6347652509418054,-0.8245322978103038,1.5460773369422947,-0.9953902729048849,-0.7469280461795683,-1.753933180930636,0.04951310467933949,-0.17355650812778575,-1.1690829455935727,-1.7188509684757034,-0.6147658437977671,-0.5944690626404346,-1.3990496645717307,-1.0673387806357708,0.7347291153078004,-0.3174262367804241,-1.2010703774945701,-2.109613270039054,1.4780094871242706,1.1103770278099818,0.1427145049263436,0.06185199872964297,-0.051886823147506554,0.2784849602857795,0.42052165303842415,2.0320630876778165,-0.36792122108532926,0.5462957120045765,-2.136691809626025,-0.5576096371128345,-0.021638755370132462,-1.3208984218775768,-0.2551211317694651,0.16123316598196266,1.7548545098893427,-0.30301132929120306,2.3964231207554114,0.9387064698769176,-0.3891124501308171,2.877652167710636,1.024661317768179,-1.626162865606953,-0.09238242960990486,-0.9001064158473969,-2.2582230549724436,-0.003394190062761453,0.4738553113053526,0.3914896201625301,2.0037856554399336,-0.1707882614104688,0.20437953205909704,-0.9870507798154768,0.03952968752403931,-0.7630770612847811
0.2805584820335552,-0.11670555454607166,1.8147116922827726,-0.7109756918444746,0.2902772470148714,-0.05529251592260556,-1.6538143408765291,-0.5461784382909624,-0.22703866944179993,-0.0640161145833965,-0.5256615598576317,-1.0224456709481422,-0.07664780685743648,-0.34425759865245137,-0.7154334564127981,-0.7390493747906223,0.8940979094660993,-0.3745388284734586,-1.2839867910915883,-2.0730739830200267,1.1103770278099818,1.1292290371818994,0.9571392978160562,0.05013072091364861,-0.01333771099594709,0.322963006557859,-0.0913934985384963,1.4904834099228628,-0.41894236443813504,-0.3920540631106962,-1.7951067215121406,-0.19537429794936728,0.05907317188149235,-1.279929463818388,-0.35630669803559717,0.6663736939384607,0.7277291520864076,0.4066774747228385,1.6189610201134885,0.26126695461324145,-1.0107512730259396,2.1063450313023813,1.3373320045044719,-1.0005063580376872,0.40463128140029386,0.10264919576173308,-1.3202281828268094,0.19968965273782807,0.6239299417432891,-0.15359779419405972,0.7797017331186046,-0.34671371425659814,-0.013449625686851515,-1.2212156400361123,0.06981774540530564,-0.7083848025842145
-0.9550511932144986,-0.7920063788051297,-0.44035619696721134,-0.36255800038971425,-2.739426406149042,2.4013990710291093,-3.5783364756488854,2.3007158863930948,-0.9246087391781994,0.09903334136369492,1.0688974570930652,0.7790510045282835,1.2581886894771093,0.33510573419862755,1.0516042402791927,0.14523803922050207,1.2246043779838764,-0.31304560169170015,-1.4193515293360828,-1.5493790852428333,0.1427145049263436,0.9571392978160562,2.7556793163808155,-0.04534634121930824,0.098135400028129,0.2207500138481618,-1.339862677477822,-0.010942377216771527,-0.3815841544795577,-2.6093529495619783,-0.833595771693105,0.629759170268707,0.1473474706702048,-0.945509264066288,-0.4558010674683555,1.8148099795131685,-1.7778659839286899,2.0886216173599137,-0.44980381629141186,-1.3045640508160958,-2.3660628093436893,0.07743366678570493,1.9224202050452626,0.70318164165372,1.3720779147895643,2.366311001469493,1.0804435036491618,0.6048627141200806,0.8840729107173428,-1.401075124156706,-2.1974582197736594,-0.7414509557302339,-0.49923423301250985,-1.5196769834949595,0.003625813945015926,-0.393466276381925
0.03213217775160837,0.030518077474982433,0.1390975944955979,-0.05768069346243937,0.163999925669248,-0.16641869334407172,0.010387053751872051,-0.11262170243244264,0.051579747867651134,0.03749258149726148,-0.051261045994592934,-0.10618286918473685,-0.03429273543594416,-0.07395621004222525,-0.05284564785860916,-0.005026806647847734,-0.005982069543047047,-0.030409029916887396,-0.03732847292498426,-0.06498561834383311,0.06185199872964297,0.05013072091364861,-0.04534634121930824,0.06931763500455705,0.01841276979464444,0.023783787286421314,0.08105534412634281,0.059812559196728086,-0.045536657790274764,0.10457898993527488,-0.07058788136836737,-0.011584121125305049,0.006104559579740744,-0.007064374677020088,0.030848472369372743,0.003782887507839931,0.10970055356801454,-0.04758555035018229,0.11297269590712103,0.10871587545765034,0.006570350001411459,0.10110438672359791,0.0020233454840378608,-0.10694779108976972,-0.005879948546761374,-0.1357357243092646,-0.11690819498018108,-0.004550839071900935,-0.02164059051813555,0.016804517452470556,0.11167604108360465,0.04005715659678815,0.00573595547250495,-0.013410679172841639,0.012321598522771829,0.0015296576887431526
-0.07507804145614816,-0.0381877749123375,-0.13670688840148607,0.00634368668059146,-0.15424791922332964,0.13008773508821828,-0.11412513334565504,0.15363613507391277,-0.033326448316014654,0.017948138407802027,0.10133312699460645,0.09940082034417366,0.09022326612099302,0.02424587567332004,0.1232811076032095,0.07585866930500207,0.01850646392675548,0.014211360836683872,-0.02284149526795523,0.058833525150398434,-0.051886823147506554,-0.01333771099594709,0.098135400028129,0.01841276979464444,0.020049876530793376,-0.02323184778847619,-0.05882785222685313,-0.10734086468364615,3.7269712122971205e-4,-0.11480677608536993,0.05269300179962213,0.05135300364225917,-0.0025445401672512676,0.05051884247762116,0.024313050331808597,0.08290444383132428,-0.14096599807011326,0.10229791631018098,-0.12404733756739322,-0.05868147701632552,-0.08545946934567523,-0.12360833145346554,0.02843452697655633,0.09864778856441296,0.04341050331533924,0.08797251784165847,0.143304430832384,0.017751676208614606,-0.0014024348971392174,-0.08068029748094205,-0.17648179727773838,-0.006460147215649697,-0.02942751239489139,3.162924858857038e-4,-0.01640195291099936,0.04516726126586953
0.08212043280411765,0.026331190328028286,0.5453982673270366,-0.17715688396561005,0.1552115324332221,-0.09575027652799142,-0.4033064414954509,-0.10995777375094092,-0.010914007745930645,0.02391861885466994,-0.14638125382158806,-0.28370669948772836,-0.05599837358246915,-0.09125053823120305,-0.23562373214555923,-0.22641275113027876,0.1811170038583264,-0.1697962588170035,-0.2987560789317767,-0.6375152364005611,0.2784849602857795,0.322963006557859,0.2207500138481618,0.023783787286421314,-0.02323184778847619,0.20044007747152937,0.015566800872453702,0.42205453921246766,-0.16747590305370683,-0.06027629722629009,-0.44307311945661415,-0.038550280905152313,0.033729102280050834,-0.4224471404576661,-0.13248639327138886,0.1392410098153981,0.20262468786400933,0.09132692260287388,0.4384675144010249,0.0529694682679433,-0.23526312100882474,0.5572787164071441,0.3206663438715173,-0.2550920796931373,0.1675499650375341,0.07999998156461778,-0.410928198513371,0.09852771627943636,0.15906692915406395,-0.006311402408412017,0.24415659278794916,-0.12118894235487618,-0.015196216709929164,-0.34162046250952327,0.07876024624002331,-0.2075149273954708
0.7390330348178616,0.4681734519833589,1.1264909392692042,-0.10760567869209312,1.9309585578406665,-1.5979458373015925,1.5373030652325825,-1.7301182199251524,0.507703955704632,-0.07361475626207127,-0.9190339744065071,-0.978491996998007,-0.8361512344284643,-0.39006231122107327,-0.9914516199128806,-0.41342347043572386,-0.3872410474551226,0.02291320277793746,0.31225466138505215,0.0485754636562988,0.42052165303842415,-0.0913934985384963,-1.339862677477822,0.08105534412634281,-0.05882785222685313,0.015566800872453702,0.8409722577062364,0.6773996081639606,0.036184136645745595,1.5173287617511535,-0.28763438642102657,-0.48642916144983744,-0.07089470006927868,0.03134463398964781,0.1517294780679389,-0.8472817389109742,1.4814091406716487,-1.150246982352496,1.0314838068496128,0.9874742251432598,1.0511926480993838,0.9129514026254779,-0.6302534237136529,-0.9096999431055781,-0.6923167614909369,-1.504163420210302,-1.3098368696878915,-0.2913764290852186,-0.298736330361339,0.8259135815667198,1.7716096416845095,0.32707296610973174,0.3095555356457783,0.4264254084098524,0.03062928621042549,-0.0495539320936545
1.1969018837589047,0.2859724192964121,3.7324523723278107,-1.090962925628901,2.330776770359495,-1.6182358424858492,-0.7462492932609416,-2.6059329676177634,0.1410725112753736,-0.24670229101618205,-1.7397204170742138,-2.4594551657233836,-0.9964475447879549,-0.8425740947066841,-2.088086764181393,-1.545810790778307,0.9180587707614747,-0.46433785818478607,-1.50396931672338,-2.896455785817535,2.0320630876778165,1.4904834099228628,-0.010942377216771527,0.059812559196728086,-0.10734086468364615,0.42205453921246766,0.6773996081639606,2.877837098129407,-0.4935788089748289,0.9589236613130924,-2.889302425088569,-0.8239746914764049,-0.002302184174297025,-1.8223350137851715,-0.3956302397232066,0.03657358354304618,2.582901325140335,-0.6238168290360613,3.3946613340545486,1.3391301785452572,-0.3331904688901612,3.999812385758618,1.2816698110616298,-2.3636575721497066,-0.18826707080804944,-1.356970893309232,-3.236540883715372,-0.04246459266995167,0.6251827534520717,0.6640072550698254,2.9736723423069225,-0.19138325841852896,0.3250418488138551,-1.3099443758410705,0.10301700876986271,-1.1098139625769832
-0.0626952357086036,0.031152442619171446,-0.6237962942956202,0.25453362830947796,-0.0738545637206423,0.008672055822712738,0.646349025046593,0.09875973104629526,0.06814113475575273,-0.016182587462105914,0.13785888790636056,0.32881089927817303,-0.003855966116448442,0.12012727303057374,0.21386513324364798,0.236033454856226,-0.30242779900493394,0.16911706846482258,0.4588008892825526,0.7678127332720158,-0.36792122108532926,-0.41894236443813504,-0.3815841544795577,-0.045536657790274764,3.7269712122971205e-4,-0.16747590305370683,0.036184136645745595,-0.4935788089748289,0.18797707241339834,0.17360237787122806,0.6060297722785153,0.03273758004653087,-0.03135771152318205,0.4750685456908404,0.13005807581759604,-0.27171683292696,-0.19565252977527217,-0.1935003847879999,-0.5278831378674047,-0.06403360539500383,0.3985873626566056,-0.6952775833925701,-0.48168529900185814,0.31079204601973254,-0.20516433179179053,-0.10057296606240045,0.435623543024184,-0.10650378089022691,-0.2177334835092507,0.08506245616377932,-0.20707094357122557,0.13794098470423477,0.028649080826559075,0.4521586121301551,-0.04993618575778079,0.23859995342110601
1.2901049364700676,0.8455893237121022,1.6783034255366458,-0.040612406740569734,3.3959186281003797,-2.870060190260977,3.119551946615061,-3.048948976424256,0.9412921856956359,-0.14658378998685373,-1.5847874302347624,-1.573636398095244,-1.5163920722634592,-0.6279691011237578,-1.6796303129074999,-0.6279039929343485,-0.8584653334105579,0.12551986804681284,0.8347539413010042,0.4917696770506538,0.5462957120045765,-0.3920540631106962,-2.6093529495619783,0.10457898993527488,-0.11480677608536993,-0.06027629722629009,1.5173287617511535,0.9589236613130924,0.17360237787122806,2.810455756849799,-0.17551958095012954,-0.8565206332716263,-0.12979166114019663,0.30773738773837334,0.3161824458242563,-1.6867649064281358,2.549060527483776,-2.1869476451485257,1.5669403018463453,1.7078089323550323,2.1139534158756095,1.252110411598649,-1.391119875594881,-1.4816988133150366,-1.345042208258826,-2.7273954956008044,-2.1027015769609343,-0.5853961782870645,-0.6404305794201193,1.5286676218968667,3.06425468493453,0.6632032431620509,0.5740977800470348,0.9951206642972433,0.03932009778946007,0.011470308027708468
-0.9323898660465411,-0.05515156360707913,-3.644391811355628,1.2543635510404718,-1.570769906075069,0.8506580515452994,1.8802406423877605,1.969121752860464,0.14514493712808782,0.23064100794942252,1.4184717708570467,2.26412909227189,0.5853178770534889,0.7633740909234877,1.7492366245000814,1.4884512164250163,-1.3278059244085927,0.5174281265256349,2.0374935805038397,3.351411915776072,-2.136691809626025,-1.7951067215121406,-0.833595771693105,-0.07058788136836737,0.05269300179962213,-0.44307311945661415,-0.28763438642102657,-2.889302425088569,0.6060297722785153,-0.17551958095012954,3.233587116848873,0.6525068115825445,0.002262513437165997,2.0987344364562444,0.46611610898881867,-0.6444889557436311,-2.089182823638574,-0.051028173139906964,-3.304298894712468,-1.036215393044128,1.0945950623790222,-4.116035713447961,-1.8982737966118897,2.1433244671416904,-0.17663515090460444,0.7360154776073464,2.9669641880737174,-0.1336371949686649,-0.8772227252115792,-0.2401154808537836,-2.3496925286458135,0.4185888410775551,-0.1776792481385616,1.748065828000591,-0.05233166480359805,1.1726546016179467
-0.5688459597910921,-0.25551089203919297,-1.1528608343511726,0.23022858889420447,-1.2808165176017186,0.964174680361192,-0.6023496336974867,1.2848510508671989,-0.23482042717548063,0.115297255268551,0.7422931747443078,0.8762288662972793,0.5634812492085784,0.30715864789666403,0.8288956148636201,0.47640103614365964,0.001356562450414813,0.03342028234503428,0.12533524926967687,0.4467127252431164,-0.5576096371128345,-0.19537429794936728,0.629759170268707,-0.011584121125305049,0.05135300364225917,-0.038550280905152313,-0.48642916144983744,-0.8239746914764049,0.03273758004653087,-0.8565206332716263,0.6525068115825445,0.39113682535159916,0.050800646793653405,0.2949691067527077,-0.003916929778442624,0.3972811101397615,-1.1470949367059895,0.6447840344411625,-1.0713016382916967,-0.688755406122735,-0.4410172054311234,-1.1410156655637305,0.06541866482492656,0.820518097815593,0.39542853962538094,0.9400658214340306,1.1690391273121852,0.1601858722360541,0.021828765107848713,-0.5135425467609264,-1.3549194002262333,-0.10856143828478038,-0.21261503171738838,0.013223833050630756,-0.004928553748084158,0.21494743416863799
-0.07449598328463004,-0.06265735091023024,-0.032196800040166965,-5.235530614947037e-4,-0.1868662187594343,0.050274275895240396,-0.1749358954217326,0.14079745930883983,-0.039003697602077364,0.028847949089070485,0.049674913776169456,0.04599191589658891,0.044337759110631654,0.006262555961693655,0.038900834518687505,0.009241560268330437,0.048175266666533496,-0.05304894165320563,-0.011612815453122639,-0.10721428650507762,-0.021638755370132462,0.05907317188149235,0.1473474706702048,0.006104559579740744,-0.0025445401672512676,0.033729102280050834,-0.07089470006927868,-0.002302184174297025,-0.03135771152318205,-0.12979166114019663,0.002262513437165997,0.050800646793653405,0.05270191219671155,-0.03799028038948809,-0.06670979688043452,0.06834062859875736,-0.10878448716768273,0.068859629759250085,-0.02793386410428556,-0.11500445379552628,-0.10781265928644315,-0.04908394078744643,0.09299860428293666,-0.017676096319378796,0.11441568473341596,0.1575187293790442,0.09487101785676763,0.02641007946922364,0.059619339300962054,-0.09261303983465854,-0.1421007084718263,-0.01004185544998378,-0.029377452862002953,-0.11382291053676709,0.039512853023752285,-0.07070796996673702
-0.4322980296467831,0.04543060460533187,-2.225692988535051,0.8022589845346132,-0.5557662424987899,0.15749922970442704,1.7111242500956168,0.7887889430092384,0.2140399800508103,0.11033105165472018,0.7116315826608656,1.2651328992030384,0.1954016207648096,0.38794604380253117,0.9647887730634688,0.9513079372091755,-0.9746443991777064,0.43403607665736205,1.44071165120988,2.417439322471035,-1.3208984218775768,-1.279929463818388,-0.945509264066288,-0.007064374677020088,0.05051884247762116,-0.4224471404576661,0.03134463398964781,-1.8223350137851715,0.4750685456908404,0.30773738773837334,2.0987344364562444,0.2949691067527077,-0.03799028038948809,1.5596481132916107,0.4262444087395966,-0.6444120581482586,-0.9940731036824045,-0.36310551786569933,-1.9665982395081187,-0.37076437394366474,1.0265822871916637,-2.5572622844908204,-1.4616039501643496,1.1770522895653395,-0.39201227329887933,-0.03748501508998734,1.707196814242507,-0.22906997137718274,-0.6989457608478479,0.03770400076321077,-1.1229992633043817,0.4343373181385002,-0.02019854231641167,1.3543828151365611,-0.091366341481781,0.82799367158589
0.013355193816209095,0.10736031069702359,-0.40786353303962014,0.16282697721321154,0.20876834864494406,-0.14799811586837058,0.660918891771078,-0.07179656789198151,0.13608119469501823,0.012147395879832235,0.0672434421474313,0.17660210049138425,-0.04121884453397588,0.03763632099477194,0.14021108448800718,0.21115953255116668,-0.3048383978946195,0.15251394783322694,0.3539346009477737,0.6826610974911024,-0.2551211317694651,-0.35630669803559717,-0.4558010674683555,0.030848472369372743,0.024313050331808597,-0.13248639327138886,0.1517294780679389,-0.3956302397232066,0.13005807581759604,0.3161824458242563,0.46611610898881867,-0.003916929778442624,-0.06670979688043452,0.4262444087395966,0.20088835033149166,-0.2537804399601367,-0.024254031560786222,-0.22229216185981931,-0.3633625375338301,0.12283306655730125,0.4029324827706262,-0.49490330428446866,-0.47707727506367786,0.22529800158040764,-0.24761755647360054,-0.3007565950456155,0.21823457439125418,-0.09820346181393905,-0.2573795298284635,0.14207040114155425,-0.01146359307757617,0.15024849420530845,0.03955847080099468,0.4641724776171127,-0.06096788981054408,0.2819932201141514
