V1,V2,V3,V4,V5,V6,V7,V8,V9,V10,V11,V12,V13,V14,V15,V16,V17,V18,V19,V20,V21,V22,V23,V24,V25,V26,V27,V28,V29,V30,V31,V32,V33,V34,V35,V36,V37,V38,V39,V40,V41,V42,V43,V44,V45,V46,V47,V48,V49,V50,V51,V52,V53,V54,V55,V56
0.45129177090550177,0.3257491528817893,0.31160250486808333,0.11616546821435096,1.1588762799510672,-0.9279217739476644,1.4034818502986253,-1.0298630867558078,0.34272540341335817,-0.09492894466534417,-0.5055375670185592,-0.3959431754425239,-0.54212396390588935,-0.13047077109129143,-0.5141111769546024,-0.1527121974701235,-0.4305867176547648,0.13794526992259176,0.48868161038436436,0.5140568078557326,0.03450528626974861,-0.339992168320235,-1.0941246225427406,-0.03290036677822524,-0.05682591133405387,-0.09415547993566085,0.528933617258054,0.14003757460659114,0.16556070628856173,1.0452246839151877,0.19386554888618043,-0.30786076121896483,-0.08335151400952197,0.2759074161551919,0.15669002858898134,-0.7316806043858298,0.8131868888620937,-0.8421048081770104,0.31378963275952027,0.5550499954822582,0.9349770089282662,0.16457705660314356,-0.7038499230318604,-0.33517431854102947,-0.5872732318555268,-0.9664644129725922,-0.5708782890820416,-0.24574730525937247,-0.31155951734750875,0.6086996710993385,1.0118057334019086,0.25075880782477544,0.22214979825006298,0.5633846640493181,-0.02156567978706505,0.11030505124944105
0.3257491528817893,0.49594515735417205,-0.7435683906851708,0.5589597198187426,1.2777803122822882,-1.2099846732193447,2.7008584641094138,-0.8382404508108888,0.6188600362915043,0.01482740503313172,-0.23631857734955056,0.16043270366861132,-0.5867900284297404,0.008592279602442798,-0.13230643792656321,0.34088901440847164,-1.1298200721188993,0.33709916527834993,1.40732934642973,1.889592340088596,-0.6798857129820225,-1.0861829368597207,-1.9205627477730578,0.024723743550907062,-0.03751583028609286,-0.24115553364102846,0.7535618230343916,-0.8173732266472882,0.38626750530434223,1.5503413184844472,1.4070129600532375,-0.1973614483318698,-0.11084926021468655,1.1535077819313868,0.4384961966092562,-1.2673868454426447,0.4969359690481918,-1.2582269767716037,-0.6628189809856838,0.5369832598834002,1.739179844184081,-1.1917133893168275,-1.713036491635192,0.21505768196344419,-0.8888599679769862,-1.2519662305418175,0.14930177703778785,-0.3883410735627336,-0.8047859708330937,0.7952317131939224,0.6865786819917985,0.5535090784826502,0.24774701483890696,1.4389258970726233,-0.02465426833985955,0.6094935704678739
0.31160250486808333,-0.7435683906851708,4.879807363521283,-2.207034517402594,-0.614537444894156,1.198736451101413,-6.559656905903147,-0.35643375306051794,-1.1516409249488269,-0.1659815095223494,-0.9199280339691296,-2.473424251062422,0.4652666440319796,-0.7771995293397564,-1.4507201632071736,-2.014345877014338,3.1943782658704447,-1.1736112398161183,-4.423606915617837,-6.626252353669654,3.234224789322507,3.673730926552876,4.154341412117055,0.09382763085201194,0.018748069287393514,0.9828662819120514,-0.9786645444465832,4.20303237683329,-1.353971802351973,-2.499736112973449,-5.547809508718542,-0.2423581315029453,0.2038810830414725,-4.108026603410183,-1.212237596874164,2.8557283505884143,1.1291839068016472,2.278878154760099,4.333988091828076,0.08062919101756383,-4.110602719693287,6.031182410136521,4.799229840543795,-2.409383829929154,1.8125857828476049,1.5088181148332163,-3.1747423443737475,0.8742999660781349,2.222690059408503,-1.1564513586614391,1.0619299025324944,-1.3916818761218226,-0.29259914707140794,-4.2157214947319694,0.15388736048055257,-2.1700194206661023
0.11616546821435096,0.5589597198187426,-2.207034517402594,1.1762738544034326,0.9704318404109024,-1.1576618670043415,4.079658788333036,-0.4249348761448085,0.769814143123618,0.02337331838984919,0.13765154067888435,0.9846777921549134,-0.5754391152377378,0.317115488947701,0.376626243265081,0.8722175477437802,-1.836938648378283,0.6364210025180269,2.5041951492582153,3.5295053819966893,-1.5835628223116915,-2.0056363110490287,-2.696720990898469,-0.08823197830066036,-0.0604051480426124,-0.5106709423843236,0.7872456708110517,-1.9621946272530195,0.7620171768933226,1.8479464721539112,2.8633216970947237,-0.06423977214864603,-0.1308005665026974,2.1531765615700618,0.6470048675544312,-1.8710918068106885,-0.07479759976818814,-1.6436867875455148,-1.9408773870440372,0.2479774998194549,2.598032438481346,-2.8759495290374253,-2.7833202399164816,0.9719407517302547,-1.2181642339745617,-1.2669704646127111,1.220772797839334,-0.5703993515125487,-1.2612907727797642,0.9410369272137641,0.08537201509817544,0.8234462708134233,0.27755917035025107,2.385677335050538,-0.06279699248488048,1.092909904593538
1.1588762799510672,1.2777803122822882,-0.614537444894156,0.9704318404109024,3.9099138453262294,-3.584675193336072,6.343803841509306,-2.9407878159669987,1.580327663191514,-0.005251064309349949,-1.1318343446191979,-0.43492392239429967,-1.7353265594297134,-0.31853245904413,-0.9555221028951891,0.40618428403984985,-2.458925843881012,0.6856096247842853,2.9357670506932885,3.7379419811205663,-0.993060308415644,-2.1643191926485033,-4.704913663191508,0.1628449632934699,-0.08640301539755853,-0.5088996619619239,2.100960810437997,-1.1111270058276204,0.7750210823966917,4.147642935062578,2.4989083248407127,-0.7320062967922327,-0.25898339303153567,2.33997058721982,1.00569224368332,-3.0463908254019327,2.071392984563532,-3.298165714201132,-0.5076376964224946,1.8226880215925545,4.122178651773112,-1.6465449192349655,-3.774300706762657,-0.31378367626857634,-2.249215452222347,-3.630876242342379,-0.6513694165582165,-0.996466833969041,-1.7970060634576144,2.1114992448474252,2.6213993311078516,1.3743909026153966,0.7086167712044353,3.1083972873352668,-0.04378004138701377,1.1650959086168249
-0.9279217739476644,-1.2099846732193447,1.198736451101413,-1.1576618670043415,-3.584675193336072,3.6556661421315297,-6.583055299571827,2.57819871059538,-1.6371823268150656,-0.12447841216422398,0.8897762766445177,0.08524931262776045,1.645635282228842,0.2731116920552831,0.6597188428730185,-0.705258209751381,2.684460959294438,-0.683222452204775,-3.3351948947945935,-4.212011616174077,1.3739401751090567,2.3962669268563084,4.7902144259074255,-0.24724286042558916,0.0585321195620664,0.5483102073653651,-2.0765144096838872,1.603861906605834,-0.81447661517001535,-4.13572546300798,-3.0793027629017415,0.5634786012355795,0.15910622641002053,-2.7460194726104032,-1.0399686234424232,3.1319858626450228,-1.6984537146876686,3.357622832168394,1.0314235450335185,-1.6156488717791004,-4.264282770553258,2.4150845743670235,4.060541151706381,0.12104449276014206,2.1671606074502234,3.5100068538512654,0.08447437866656544,1.0290132193649992,1.9261925145942544,-1.9777126803946,-2.1509437758429435,-1.542563506673093,-0.658234522536315,-3.3005048900054854,-0.021649974583800583,-1.2802142050543075
1.4034818502986253,2.7008584641094138,-6.559656905903147,4.079658788333036,6.343803841509306,-6.583055299571827,17.049385067345295,-3.9805551710621825,3.586565948944662,0.06988619709467465,-0.7033132815527994,2.2315372105947686,-3.1932774438298654,0.5196757938409416,0.13339695288760306,2.782585955710308,-7.291150170974684,2.3886994398050754,9.548762543045433,13.134500636809063,-5.2156025570786335,-7.478149252929007,-11.763257658211122,-0.04541419922056106,-0.2234476770859492,-1.9119264962306672,4.139431961471008,-6.3826183961578,2.802384020685824,8.958608424193399,10.107146080989184,-0.8649347340340777,-0.5934448047506096,8.114008570685012,2.738412700216703,-7.932538374586916,1.780594687446512,-7.5930369425539155,-5.718468996267993,2.4430788128124865,10.92961915012715,-9.351152421908447,-11.107355983945448,2.2815346146228737,-5.4495110155515,-6.952998431559309,2.7045804379610803,-2.5161587962915926,-5.130917384752019,4.523159728611823,2.7117714710204237,3.5818601201414024,1.4262451889884056,9.411981949564987,-0.22793907188734003,4.076663524866706
-1.0298630867558078,-0.8382404508108888,-0.35643375306051794,-0.4249348761448085,-2.9407878159669987,2.57819871059538,-3.9805551710621825,2.519400958392795,-0.9927512946592076,0.1324575248358856,1.1432709884259127,0.7981939844124702,1.3539074328304903,0.3504830299121263,1.0910637968725074,0.10630357717585977,1.3495231192670376,-0.40567145063842547,-1.590979076988223,-1.8525630678914524,0.19897115237581747,1.1183063417366697,3.0463381747922047,-0.03966877248778034,0.09488398100605884,0.32987456084384414,-1.4478888190328303,0.0748354551864078,-0.47443051355152516,-2.8518070023575137,-0.9781376433266165,0.6901123798301606,0.17634517965473517,-1.1487289162441956,-0.5402968145591263,1.9987152695499313,-1.9092277692072965,2.2993037273360284,-0.41084117241473983,-1.427877278929172,-2.622240039204947,0.1828951294562555,2.1501374786306218,0.7294151461184593,1.5622391682814403,2.632029451176608,1.084653779589016,0.7011525056263291,0.9947791867183933,-1.5227317801996494,-2.350122550309984,-0.8467760637223051,-0.5557371289444836,-1.7355462209866843,0.04555148199756651,-0.4771166837111113
0.34272540341335817,0.6188600362915043,-1.1516409249488269,0.769814143123618,1.580327663191514,-1.6371823268150656,3.586565948944662,-0.9927512946592076,0.8350357560846376,0.07689320894045194,-0.22639552947569838,0.30757993929951183,-0.7271843276415031,5.744911026067867e-4,-0.06208458493583939,0.5659985354724342,-1.5431520712115727,0.4407392909595966,1.9503743895274404,2.629180913487268,-1.0012096325268995,-1.4837272913481652,-2.532073753494211,0.09171525258678488,-0.02500618430482249,-0.34212943604820206,0.9912967936708659,-1.237132202025013,0.5086121356210642,2.035004785293583,2.0135668703577543,-0.1967209266105062,-0.10968008974923318,1.6676965154989953,0.6067319266246546,-1.6616220025893456,0.5372434962548155,-1.6623292534794902,-1.0240856861717131,0.6652476469882871,2.301594637576982,-1.8040222301778535,-2.3235157931568713,0.317828044585874,-1.1358711306389853,-1.6411063450455914,0.38085647185021854,-0.5253688143011889,-1.102857975097803,0.977563277723757,0.7399217072580719,0.8024962008764445,0.3048280995816582,1.9417565275551198,-0.016728370207708267,0.8464115260420383
-0.09492894466534417,0.01482740503313172,-0.1659815095223494,0.02337331838984919,-0.005251064309349949,-0.12447841216422398,0.06988619709467465,0.1324575248358856,0.07689320894045194,0.1101939338096158,0.11161588199430755,0.0965367308892014,0.050450259975519496,-0.03537416611579545,0.13646358121073762,0.15903621652849917,-0.11413855779843063,-0.03094897903767832,0.11459250283857379,0.16228656122434743,-0.12800906151295863,-0.05826664603987045,-0.05107377170769711,0.11770816215675031,0.03814278183579419,0.02687987145017066,0.05792619665079813,-0.20892593020259206,-0.043769137289454564,0.05672061511807664,0.20843988294000207,0.08649288841703288,0.03266893453911375,0.16664378844857544,0.06899777814439496,0.007372234663641444,-0.11859901926892746,-0.00683022655453066,-0.18273988319960938,0.006400916155823084,0.032527826639545634,-0.2841477388230715,-0.12398639308935977,0.06513652183196017,0.05283647911677424,-0.03707333106123377,0.169294603840342,0.00949870497931872,-0.09207464209723194,-0.06080234225649239,-0.16278013550790332,0.08778711917967662,-0.03522652930768755,0.08806206514326109,0.035573711346790486,0.09871629189460386
-0.5055375670185592,-0.23631857734955056,-0.9199280339691296,0.13765154067888435,-1.1318343446191979,0.8897762766445177,-0.7033132815527994,1.1432709884259127,-0.22639552947569838,0.11161588199430755,0.6588108955581968,0.7255275776362491,0.5331819669469581,0.24514319344906,0.7331707489373148,0.4041760718876344,0.07198612439543312,0.009655779610303903,-0.014676219102599053,0.26547453200406707,-0.4186548989268115,-0.08934413986337676,0.6579848545127375,0.01698166293171445,0.05957914391610131,-0.016427090068484435,-0.4431447328492277,-0.6609420561721436,-0.011402732761246879,-0.8151348532798195,0.4492450420321965,0.35024566428018683,0.03787087760435347,0.18658562476344207,8.231781663934516e-4,0.44531603234017475,-1.0015460461291827,0.6485152324970447,-0.8662731473740283,-0.58098250127115,-0.5038023165266747,-0.8837350348031224,0.16622088081153227,0.694795715719393,0.38934965735372673,0.8424702732731673,0.9698398648440916,0.1669531618499745,0.05308123429257512,-0.4930236567496448,-1.1943495344640545,-0.12317131102877886,-0.20206980144225384,-0.06774732662408871,-0.012086160772165186,0.1764871996738296
-0.3959431754425239,0.16043270366861132,-2.473424251062422,0.9846777921549134,-0.43492392239429967,0.08524931262776045,2.2315372105947686,0.7981939844124702,0.30757993929951183,0.0965367308892014,0.7255275776362491,1.4122570257957077,0.10066666146968742,0.4851891566658411,0.9658105553862162,0.9898917451120804,-1.2248433053464138,0.4788622940935786,1.7703438300582135,2.7748146442006947,-1.5306351735503065,-1.5253343419097358,-1.2789235260722485,-0.08221616574444487,0.004080755482024978,-0.39561983547951496,0.10804011580319674,-2.0218443142256977,0.5545763443934091,0.5051942936296427,2.465593187370496,0.27933690747219286,-0.06302985915595677,1.700274742670806,0.4458300820234642,-0.9138063429460584,-1.0233017980229213,-0.5428705795549474,-2.219827027066778,-0.4081109111725805,1.369201116825482,-2.888634055845649,-1.8130822916385119,1.3755173669004044,-0.5065791506151157,-0.06136507873726448,1.8102549545466617,-0.25081663404357707,-0.8316579110002957,0.20396956303923905,-1.0887896657293603,0.45031519565177175,0.009404243939192633,1.6319658601210012,-0.066314473797054,0.9349279953045504
-0.54212396390588935,-0.5867900284297404,0.4652666440319796,-0.5754391152377378,-1.7353265594297134,1.645635282228842,-3.1932774438298654,1.3539074328304903,-0.7271843276415031,0.050450259975519496,0.5331819669469581,0.10066666146968742,0.8610645308718436,0.07230204863599811,0.45396759541369447,-0.18523407586171986,1.2278714607103078,-0.36039644442205543,-1.5637860090395614,-1.9240693695457227,0.5817711142462068,1.1405120321534739,2.3104607290827377,0.017519658711268413,0.07908742016907541,0.2760899099515365,-0.9494190263483302,0.6024779725920151,-0.4484755641870927,-1.9615686340200513,-1.3541653740317556,0.35584209087778335,0.10732924737673202,-1.174662889469812,-0.4231445708268594,1.568984568344551,-0.9178530667047868,1.6418992173216365,0.37025648702869307,-0.7456779013005117,-2.08406757703098,0.9539764942260908,1.896146668898025,0.0825654754065386,1.104985110181484,1.6329713298798147,0.1797199535274998,0.5047230204538931,0.8548956036460439,-1.0406604193234663,-1.1918088303289505,-0.6539651800579254,-0.35522192343253867,-1.54494577797307,0.01214384410282667,-0.5282799226972037
-0.13047077109129143,0.008592279602442798,-0.7771995293397564,0.317115488947701,-0.31853245904413,0.2731116920552831,0.5196757938409416,0.3504830299121263,5.744911026067867e-4,-0.03537416611579545,0.24514319344906,0.4851891566658411,0.07230204863599811,0.2276916729021895,0.3004674881366525,0.23328931057568067,-0.2851712195155493,0.15799454733381682,0.46508439384210215,0.7473966208522662,-0.44765548858362775,-0.4353710559328391,-0.24454313474453573,-0.12459260984128669,-0.027878398197079116,-0.11815984335523251,-0.08763413573365054,-0.5599387023222144,0.19476767799609904,-0.02817386607417742,0.6800802707535454,0.07861517246396689,-0.034483918724690886,0.39575140511863033,0.06521911160282148,-0.2240226475577007,-0.3951602939674055,-0.053111980882345505,-0.6878067217994918,-0.2466058313014706,0.3185421248783759,-0.815690292176692,-0.4371349869211337,0.4989595966407221,-0.11617643040537483,0.18367791152948457,0.5780038863876338,-0.044513278139275504,-0.16971163573500056,0.037024845202137634,-0.4042425524473593,0.03387785087525778,-0.0056742186327908145,0.41364818665624464,-0.03590550458293658,0.22853692801637573
-0.5141111769546024,-0.13230643792656321,-1.4507201632071736,0.376626243265081,-0.9555221028951891,0.6597188428730185,0.13339695288760306,1.0910637968725074,-0.06208458493583939,0.13646358121073762,0.7331707489373148,0.9658105553862162,0.45396759541369447,0.3004674881366525,0.8812581092589885,0.650264676988472,-0.31901750806526924,0.16160275149507886,0.5048444051218954,1.078925510616998,-0.7748524669836162,-0.528541264413105,0.10408415231816055,0.0358283308239809,0.07000344226492508,-0.1556372350109171,-0.27699516997409607,-1.1458903716521491,0.14983702969040108,-0.43830348868222635,1.0844283070589245,0.36030521490645046,0.005395884280113134,0.7104461946113039,0.18138700870198785,0.08902123657715229,-1.0618726271532222,0.3303193107362079,-1.331256192193276,-0.512242701333472,0.018858331061040186,-1.5592680137868793,-0.42990977348168785,0.928557431389139,0.13036346134062823,0.5472554080013301,1.292999672297277,0.040621954206790815,-0.23753992888627437,-0.33212409847236807,-1.245360790661932,0.07818182052570102,-0.154226462929557,0.463657997889501,-0.04289819188047258,0.45457104289817324
-0.1527121974701235,0.34088901440847164,-2.014345877014338,0.8722175477437802,0.40618428403984985,-0.705258209751381,2.782585955710308,0.10630357717585977,0.5659985354724342,0.15903621652849917,0.4041760718876344,0.9898917451120804,-0.18523407586171986,0.23328931057568067,0.650264676988472,0.9395785007612398,-1.393947840455305,0.4656113332516582,1.8580632593032864,2.8271874519502234,-1.3577906281106586,-1.5276911431716382,-1.8046398897320526,0.09541683299132998,0.03900277865100275,-0.40114974916588514,0.5149344632665005,-1.8287408266502185,0.5094299311860441,1.1705739552255572,2.3569812441168576,0.13507955014096906,-0.07250324538910377,1.8262607285025423,0.5955417693283438,-1.1707834749806603,-0.4343125538615676,-0.9905324952990757,-1.810800777346937,0.09053886813578746,1.7327934399373546,-2.580735117378246,-2.0683561545559983,0.9498095108800824,-0.7536494577649452,-0.8051617884397241,1.3196002687606363,-0.3737258110735461,-1.0064079752662038,0.4593311173954165,-0.43527440614699126,0.6748717793396384,0.10974107808248414,1.8125489939918131,-0.05228371687676923,0.9825121541492764
-0.4305867176547648,-1.1298200721188993,3.1943782658704447,-1.836938648378283,-2.458925843881012,2.684460959294438,-7.291150170974684,1.3495231192670376,-1.5431520712115727,-0.11413855779843063,0.07198612439543312,-1.2248433053464138,1.2278714607103078,-0.2851712195155493,-0.31901750806526924,-1.393947840455305,3.2257205715975474,-1.0239246069131371,-4.227361455072056,-5.875925547992533,2.4586260162141618,3.3184687801979083,4.983022802715213,-0.03380772593136108,0.06859877162358394,0.8105593332425365,-1.7127224664184744,3.065273145156533,-1.1958150735336646,-3.7135040414371083,-4.643472039852383,0.23967875275539802,0.23321636349297087,-3.657295599155108,-1.2203067186774996,3.3453504081853542,-0.4415010329541894,3.1390192868918247,2.827248614389863,-0.9000895480393314,-4.655364957157684,4.463843235729606,4.868654650417472,-1.230456168553918,2.2403168425336246,2.8031038472091,-1.5229624718179553,1.040420169787069,2.268462147862653,-1.8180957775113218,-0.7803542814469723,-1.5610191532962803,-0.549136933001356,-4.132418338165712,0.07892686836686146,-1.8726878600367913
0.13794526992259176,0.33709916527834993,-1.1736112398161183,0.6364210025180269,0.6856096247842853,-0.683222452204775,2.3886994398050754,-0.40567145063842547,0.4407392909595966,-0.03094897903767832,0.009655779610303903,0.4788622940935786,-0.36039644442205543,0.15799454733381682,0.16160275149507886,0.4656113332516582,-1.0239246069131371,0.41717316750423045,1.3709333999374518,2.0412125786723436,-0.828696290287059,-1.1507068697756189,-1.6061209961872458,-0.05943713449820467,-0.02664514781634749,-0.35388173520579697,0.48724438512820434,-1.0554694807597982,0.46699256052969473,1.1299469756144698,1.537845552701686,-0.09462370360332183,-0.11708090893448454,1.238387994286281,0.41703532600196463,-1.085193785653067,0.08149529665548273,-0.9800940356415759,-1.0080883733950292,0.2513544557431904,1.517376396052191,-1.5039370119554047,-1.590120639164219,0.5053303952198449,-0.7958301060491869,-0.871699497761792,0.5840705717208212,-0.36163141725964665,-0.734474385817074,0.5924559269514214,0.19024946956962813,0.48005593832276033,0.18884058963992428,1.402426419992511,-0.0868657018646938,0.6480288799847275
0.48868161038436436,1.40732934642973,-4.423606915617837,2.5041951492582153,2.9357670506932885,-3.3351948947945935,9.548762543045433,-1.590979076988223,1.9503743895274404,0.11459250283857379,-0.014676219102599053,1.7703438300582135,-1.5637860090395614,0.46508439384210215,0.5048444051218954,1.8580632593032864,-4.227361455072056,1.3709333999374518,5.643472781628316,7.8118128328947245,-3.3412362074801676,-4.425092405205125,-6.46028681340536,-0.03745779563824001,-0.11260252448550487,-1.1068030335683787,2.1246254162969054,-4.130653114227343,1.6334809655533906,4.718521504842798,6.233830728164915,-0.27839587310312924,-0.28057163662315826,4.850820220143785,1.5389904054987467,-4.400934206445319,0.3975491500300011,-4.076381406943928,-3.8885566388042685,0.9940311861460043,6.09960840635513,-6.062087965285223,-6.393524898575625,1.7232432700093996,-2.905003456931511,-3.4734014650008014,2.223500379725057,-1.3719248670690325,-2.9397643576274053,2.328711116751355,0.8188786387937345,2.028109594958947,0.7091026395171416,5.420714579902929,-0.10231056403636599,2.4269717920904426
0.5140568078557326,1.889592340088596,-6.626252353669654,3.5295053819966893,3.7379419811205663,-4.212011616174077,13.134500636809063,-1.8525630678914524,2.629180913487268,0.16228656122434743,0.26547453200406707,2.7748146442006947,-1.9240693695457227,0.7473966208522662,1.078925510616998,2.8271874519502234,-5.875925547992533,2.0412125786723436,7.8118128328947245,11.235468433740232,-4.8167375202826195,-6.299851547320525,-8.836984761200625,-0.03057023687723072,-0.09465014520079308,-1.683614554451969,2.8168506917709366,-6.121752820174417,2.3409334182891484,6.311663261276204,8.872615675450222,-0.28159686421642766,-0.4646612186848601,6.9805616194451625,2.292348812905374,-5.942526490886508,0.18694830326555814,-5.412503862619205,-5.82570965719289,1.2914099138552808,8.343904496340205,-8.822836480009006,-8.92001084034125,2.7750933208509383,-4.050024884251658,-4.697824702711495,3.500965803500818,-1.892680350772312,-4.159171831241392,3.0829309095823407,0.6933296131223617,2.8070718518304925,0.927955029725054,7.693971753746947,-0.25519036649469673,3.6093605005599616
0.03450528626974861,-0.6798857129820225,3.234224789322507,-1.5835628223116915,-0.993060308415644,1.3739401751090567,-5.2156025570786335,0.19897115237581747,-1.0012096325268995,-0.12800906151295863,-0.4186548989268115,-1.5306351735503065,0.5817711142462068,-0.44765548858362775,-0.7748524669836162,-1.3577906281106586,2.4586260162141618,-0.828696290287059,-3.3412362074801676,-4.8167375202826195,2.2571829807480794,2.692447113147722,3.4058899639079425,0.02758784121547904,0.032640702259676725,0.674223530135177,-0.9621256990957553,2.8797146889344027,-0.9727795836938573,-2.259924186461092,-3.9925228190163287,-0.05711967661139614,0.14711115366419686,-2.9954555747514986,-0.9094358132824635,2.3278411213995938,0.41934493397958417,1.994943730901503,2.877264874111837,-0.20202720321310239,-3.2966721137951636,4.171059694627299,3.6863959513343336,-1.4876108233332923,1.479083157860898,1.5006824158243082,-1.9539335317946676,0.7070533374093613,1.705925016254419,-1.067406419163433,0.29079797312827765,-1.114149850834251,-0.2921205310773337,-3.1772048383311087,0.07409394669556439,-1.5536768596176835
-0.339992168320235,-1.0861829368597207,3.673730926552876,-2.0056363110490287,-2.1643191926485033,2.3962669268563084,-7.478149252929007,1.1183063417366697,-1.4837272913481652,-0.05826664603987045,-0.08934413986337676,-1.5253343419097358,1.1405120321534739,-0.4353710559328391,-0.528541264413105,-1.5276911431716382,3.3184687801979083,-1.1507068697756189,-4.425092405205125,-6.299851547320525,2.692447113147722,3.555597609294078,5.0330379057750205,0.06434167711073814,0.0781721630463824,0.9355189842140239,-1.5980194719446124,3.3806177102875514,-1.3358157026049864,-3.598566565578724,-4.976170823812534,0.1967557432976945,0.26668797606160394,-3.882253686468672,-1.2584775033691402,3.411993571869608,-0.17379128472313624,3.103720550265201,3.2253156878690823,-0.7296756264391194,-4.760975179480915,4.900584356594513,5.043116567441915,-1.535345770250894,2.3131700235275945,2.6541867289469554,-1.8964184784049376,1.0738083400977785,2.33065128696537,-1.7972171311745617,-0.49026314211173994,-1.5606759509291535,-0.5436021834162984,-4.3367320369250635,0.13719107948823192,-1.997066101037532
-1.0941246225427406,-1.9205627477730578,4.154341412117055,-2.696720990898469,-4.704913663191508,4.7902144259074255,-11.763257658211122,3.0463381747922047,-2.532073753494211,-0.05107377170769711,0.6579848545127375,-1.2789235260722485,2.3104607290827377,-0.24454313474453573,0.10408415231816055,-1.8046398897320526,4.983022802715213,-1.6061209961872458,-6.46028681340536,-8.836984761200625,3.4058899639079425,5.0330379057750205,8.18707482604869,-0.020487057824194615,0.1485813619260506,1.2799639912166312,-2.9798732584094356,4.156530159779642,-1.8737789648002328,-6.357075459839732,-6.7194082031293965,0.6760317108479705,0.4169122699487751,-5.474232602281587,-1.8985101395993345,5.486246101270526,-1.5169465726502531,5.335799690989995,3.6174220932833783,-1.8855809260373875,-7.550303521379415,6.085983358162732,7.595186185860333,-1.3332365816345852,3.805311644814363,5.029036696786073,-1.5307910793681645,1.7496285114650285,3.5256621525383816,-3.2029564985668793,-2.1963639401201913,-2.490102115965249,-1.018472282581316,-6.419524091356982,0.1498186224983505,-2.7513913985128813
-0.03290036677822524,0.024723743550907062,0.09382763085201194,-0.08823197830066036,0.1628449632934699,-0.24724286042558916,-0.04541419922056106,-0.03966877248778034,0.09171525258678488,0.11770816215675031,0.01698166293171445,-0.08221616574444487,0.017519658711268413,-0.12459260984128669,0.0358283308239809,0.09541683299132998,-0.03380772593136108,-0.05943713449820467,-0.03745779563824001,-0.03057023687723072,0.02758784121547904,0.06434167711073814,-0.020487057824194615,0.17169587440616546,0.05655673590674614,0.0380480243532336,0.1158829911195817,-0.03553388849002892,-0.0958927463855121,0.1165352833619941,-0.015829813630758895,0.046694232424163935,0.028471813229933803,0.0757463795070641,0.0831291352750896,0.06642954043866985,0.049936109452971826,-0.01642892045071147,0.05290437293290353,0.14005753398556658,-0.040474366756438875,-0.008010183633640493,-0.011545758913968227,-0.10711655069883205,0.0470042562606433,-0.1769562142551231,-0.04133347432286044,0.006390244569186233,-0.062375255328242625,-0.05278807063979509,0.010697477214049135,0.09794346381666566,-0.023404707927513445,-0.005303052178757136,0.028441514442591166,0.05471403937775014
-0.05682591133405387,-0.03751583028609286,0.018748069287393514,-0.0604051480426124,-0.08640301539755853,0.0585321195620664,-0.2234476770859492,0.09488398100605884,-0.02500618430482249,0.03814278183579419,0.05957914391610131,0.004080755482024978,0.07908742016907541,-0.027878398197079116,0.07000344226492508,0.03900277865100275,0.06859877162358394,-0.02664514781634749,-0.11260252448550487,-0.09465014520079308,0.032640702259676725,0.0781721630463824,0.1485813619260506,0.05655673590674614,0.028653386557986528,0.010617026163875705,-0.034475122669512574,-0.003994686933828706,-0.04906208832943641,-0.10485827247343754,-0.07483770775297088,0.043779676831776644,0.00953713041431234,-0.024758579717736606,0.013659606683349954,0.13276010547424447,-0.06836879925667232,0.11504599706212602,0.00803667445219445,-0.007563276573407578,-0.15309624053056023,0.026433296720073315,0.11292548233194327,-0.002589553763138553,0.07839916932064975,0.05061782268977192,0.03288345273939148,0.030847422135775186,0.028111618221246398,-0.09483071597062818,-0.10562727036000714,-0.007552752370741799,-0.03274972002928134,-0.08434247673283264,-0.002209149865298293,0.0028278956007267027
-0.09415547993566085,-0.24115553364102846,0.9828662819120514,-0.5106709423843236,-0.5088996619619239,0.5483102073653651,-1.9119264962306672,0.32987456084384414,-0.34212943604820206,0.02687987145017066,-0.016427090068484435,-0.39561983547951496,0.2760899099515365,-0.11815984335523251,-0.1556372350109171,-0.40114974916588514,0.8105593332425365,-0.35388173520579697,-1.1068030335683787,-1.683614554451969,0.674223530135177,0.9355189842140239,1.2799639912166312,0.0380480243532336,0.010617026163875705,0.327898644433593,-0.3806868716038799,0.8753248043947097,-0.3926345060521619,-0.8979622512317933,-1.246777457503417,0.07068794505786224,0.0873556568829247,-1.049224290632151,-0.3476977685567184,0.8608979125380638,-0.05131157065168378,0.7929280518472471,0.8257275670922725,-0.20147223106843645,-1.2109874736975943,1.2410252775389838,1.2737321825997516,-0.3878157545012575,0.6513597748436585,0.7235246376695018,-0.516715527881814,0.31219309643302195,0.5917698920659143,-0.4505925431825027,-0.11936167444450738,-0.4154117664693447,-0.15350100569747727,-1.1320814620604804,0.0834939319995268,-0.5241739452968461
0.528933617258054,0.7535618230343916,-0.9786645444465832,0.7872456708110517,2.100960810437997,-2.0765144096838872,4.139431961471008,-1.4478888190328303,0.9912967936708659,0.05792619665079813,-0.4431447328492277,0.10804011580319674,-0.9494190263483302,-0.08763413573365054,-0.27699516997409607,0.5149344632665005,-1.7127224664184744,0.48724438512820434,2.1246254162969054,2.8168506917709366,-0.9621256990957553,-1.5980194719446124,-2.9798732584094356,0.1158829911195817,-0.034475122669512574,-0.3806868716038799,1.2345177622526555,-1.1662007883111576,0.5566654353573877,2.4911887574697817,2.061302444698672,-0.3203738400396832,-0.13911483301938818,1.7905926311678522,0.6896629949338043,-1.941424625655408,0.9012475877284816,-2.0135635818233264,-0.8562845369129477,0.9359035035678009,2.6680797806752845,-1.7046476890691986,-2.5989579657188875,0.13565079095441185,-1.3730311990761324,-2.0920635902942624,0.11770013512781968,-0.6295281030259223,-1.2378597306441035,1.216228333170519,1.1766234014825372,0.9282792701115952,0.3943320391296817,2.1611654797846307,-0.024576541837386265,0.8959954910241761
0.14003757460659114,-0.8173732266472882,4.20303237683329,-1.9621946272530195,-1.1111270058276204,1.603861906605834,-6.3826183961578,0.0748354551864078,-1.237132202025013,-0.20892593020259206,-0.6609420561721436,-2.0218443142256977,0.6024779725920151,-0.5599387023222144,-1.1458903716521491,-1.8287408266502185,3.065273145156533,-1.0554694807597982,-4.130653114227343,-6.121752820174417,2.8797146889344027,3.3806177102875514,4.156530159779642,-0.03553388849002892,-0.003994686933828706,0.8753248043947097,-1.1662007883111576,3.7603732121822753,-1.1987271283300507,-2.7217544113583543,-5.055756670166336,-0.14364879831374697,0.19501747568242278,-3.8442036627430465,-1.2119672337864764,2.7866732545457906,0.6848423149518216,2.364576317747751,3.7509492809169744,-0.2368710950072655,-4.010855323796529,5.375480386880292,4.5898749934619705,-1.9784273962982886,1.803933762459476,1.8371835798057035,-2.6104801571989844,0.8631175712444157,2.16502659677979,-1.2275364800140722,0.5773641362001107,-1.4103729198543344,-0.3238481846579805,-3.9985051920180803,0.12052684897232833,-2.04064345647921
0.16556070628856173,0.38626750530434223,-1.353971802351973,0.7620171768933226,0.7750210823966917,-0.81447661517001535,2.802384020685824,-0.47443051355152516,0.5086121356210642,-0.043769137289454564,-0.011402732761246879,0.5545763443934091,-0.4484755641870927,0.19476767799609904,0.14983702969040108,0.5094299311860441,-1.1958150735336646,0.46699256052969473,1.6334809655533906,2.3409334182891484,-0.9727795836938573,-1.3358157026049864,-1.8737789648002328,-0.0958927463855121,-0.04906208832943641,-0.3926345060521619,0.5566654353573877,-1.1987271283300507,0.547230364119206,1.3140809217039078,1.802138238747165,-0.11554380761149924,-0.11605811911247564,1.413096534050239,0.4405396581978757,-1.2982919556617967,0.10086100960219978,-1.170767822220755,-1.1591140163378826,0.2515229602015112,1.7891765123351235,-1.7485823788277772,-1.8515277986671677,0.5615594328509814,-0.9105961035503898,-0.972267737260552,0.6756851183562728,-0.4217327081646417,-0.8339724824642093,0.7011458477612191,0.2357957750588472,0.5525096218842662,0.22493006851155883,1.6069332635168332,-0.07830093339388042,0.7074371149476726
1.0452246839151877,1.5503413184844472,-2.499736112973449,1.8479464721539112,4.147642935062578,-4.13572546300798,8.958608424193399,-2.8518070023575137,2.035004785293583,0.05672061511807664,-0.8151348532798195,0.5051942936296427,-1.9615686340200513,-0.02817386607417742,-0.43830348868222635,1.1705739552255572,-3.7135040414371083,1.1299469756144698,4.718521504842798,6.311663261276204,-2.259924186461092,-3.598566565578724,-6.357075459839732,0.1165352833619941,-0.10485827247343754,-0.8979622512317933,2.4911887574697817,-2.7217544113583543,1.3140809217039078,5.160168287482655,4.680046842889404,-0.647606124810602,-0.3067202649958341,3.956559008738657,1.442207617426463,-4.211327622723876,1.6666661244647738,-4.258467508435871,-2.1641461885199162,1.7740694057696278,5.770679345643052,-4.002445329467711,-5.661045010600974,0.5476915165380405,-2.958078302663468,-4.234648327021266,0.5847084073341768,-1.3619085115280978,-2.6514995100398204,2.572710202493394,2.2418991300875857,1.9489758410790836,0.8359423043379415,4.735037194256253,-0.08217421679247017,1.95864409999746
0.19386554888618043,1.4070129600532375,-5.547809508718542,2.8633216970947237,2.4989083248407127,-3.0793027629017415,10.107146080989184,-0.9781376433266165,2.0135668703577543,0.20843988294000207,0.4492450420321965,2.465593187370496,-1.3541653740317556,0.6800802707535454,1.0844283070589245,2.3569812441168576,-4.643472039852383,1.537845552701686,6.233830728164915,8.872615675450222,-3.9925228190163287,-4.976170823812534,-6.7194082031293965,-0.015829813630758895,-0.07483770775297088,-1.246777457503417,2.061302444698672,-5.055756670166336,1.802138238747165,4.680046842889404,7.2228784016206,-0.06570537790322441,-0.29821842668793336,5.524985073395294,1.7341229131618732,-4.5612697194705785,-0.24973156479311476,-4.062018242309499,-4.920674763670974,0.7277326390824952,6.4139660108801975,-7.336840515109052,-6.985073156364692,2.4095625884431313,-2.965830408415556,-3.298894166534483,3.1334358833988123,-1.4055741182989907,-3.2397371373938055,2.242867984534157,0.08289943302754724,2.1672496354222557,0.6452280797227748,5.986902807497889,-0.13382949286286053,2.8432649283315286
-0.30786076121896483,-0.1973614483318698,-0.2423581315029453,-0.06423977214864603,-0.7320062967922327,0.5634786012355795,-0.8649347340340777,0.6901123798301606,-0.1967209266105062,0.08649288841703288,0.35024566428018683,0.27933690747219286,0.35584209087778335,0.07861517246396689,0.36030521490645046,0.13507955014096906,0.23967875275539802,-0.09462370360332183,-0.27839587310312924,-0.28159686421642766,-0.05711967661139614,0.1967557432976945,0.6760317108479705,0.046694232424163935,0.043779676831776644,0.07068794505786224,-0.3203738400396832,-0.14364879831374697,-0.11554380761149924,-0.647606124810602,-0.06570537790322441,0.2162028541044109,0.05780609213957073,-0.13713701630874633,-0.08170274161908465,0.46201472329940957,-0.5473167729252487,0.533738566555964,-0.2506259452493119,-0.3516859561484646,-0.5798200985413584,-0.17847170617177294,0.40938777316690333,0.23988232184560304,0.3841661687893275,0.6081507553140679,0.40271198018410237,0.16111307338683795,0.17218004647474058,-0.3958830622910729,-0.6808925609731216,-0.14236070034891743,-0.14978286816906997,-0.32947392389831504,0.022697566044911556,-0.04115763022820897
-0.08335151400952197,-0.11084926021468655,0.2038810830414725,-0.1308005665026974,-0.25898339303153567,0.15910622641002053,-0.5934448047506096,0.17634517965473517,-0.10968008974923318,0.03266893453911375,0.03787087760435347,-0.06302985915595677,0.10732924737673202,-0.034483918724690886,0.005395884280113134,-0.07250324538910377,0.23321636349297087,-0.11708090893448454,-0.28057163662315826,-0.4646612186848601,0.14711115366419686,0.26668797606160394,0.4169122699487751,0.028471813229933803,0.00953713041431234,0.0873556568829247,-0.13911483301938818,0.19501747568242278,-0.11605811911247564,-0.3067202649958341,-0.29821842668793336,0.05780609213957073,0.05936471169563161,-0.2546060588647337,-0.11710905096542863,0.26788636759003226,-0.09266322433118206,0.2415521153224164,0.17503166412978924,-0.11832526332872131,-0.37669827907587056,0.2534540802100254,0.37450960979016484,-0.11412693792986794,0.2344557511323004,0.2645456415669941,-0.04292875276286132,0.087196639339157625,0.17894410789149356,-0.18718274353197306,-0.14217960576558814,-0.09195462668719664,-0.05900584225904977,-0.34934173440533023,0.04177235845948944,-0.16687911909263561
0.2759074161551919,1.1535077819313868,-4.108026603410183,2.1531765615700618,2.33997058721982,-2.7460194726104032,8.114008570685012,-1.1487289162441956,1.6676965154989953,0.16664378844857544,0.18658562476344207,1.700274742670806,-1.174662889469812,0.39575140511863033,0.7104461946113039,1.8262607285025423,-3.657295599155108,1.238387994286281,4.850820220143785,6.9805616194451625,-2.9954555747514986,-3.882253686468672,-5.474232602281587,0.0757463795070641,-0.024758579717736606,-1.049224290632151,1.7905926311678522,-3.8442036627430465,1.413096534050239,3.956559008738657,5.524985073395294,-0.13713701630874633,-0.2546060588647337,4.412023110652441,1.4583769408151057,-3.6478518703156224,0.11141519560807507,-3.3730655529687135,-3.612513450343824,0.8468922762539861,5.148116761163341,-5.529455651378266,-5.536424348074955,1.6483433230042865,-2.4783181448148226,-2.995205932769753,2.210568350987103,-1.1853337125769707,-2.6070850156296888,1.855321739951304,0.3862311516103939,1.8179619429633238,0.5613721675055572,4.762017688765394,-0.14147393871654795,2.255120222573727
0.15669002858898134,0.4384961966092562,-1.212237596874164,0.6470048675544312,1.00569224368332,-1.0399686234424232,2.738412700216703,-0.5402968145591263,0.6067319266246546,0.06899777814439496,8.231781663934516e-4,0.4458300820234642,-0.4231445708268594,0.06521911160282148,0.18138700870198785,0.5955417693283438,-1.2203067186774996,0.41703532600196463,1.5389904054987467,2.292348812905374,-0.9094358132824635,-1.2584775033691402,-1.8985101395993345,0.0831291352750896,0.013659606683349954,-0.3476977685567184,0.6896629949338043,-1.2119672337864764,0.4405396581978757,1.442207617426463,1.7341229131618732,-0.08170274161908465,-0.11710905096542863,1.4583769408151057,0.5530178476970905,-1.208987872826634,0.1820001491201845,-1.160053431473157,-1.0757716979583722,0.4414721610608584,1.7321808275916435,-1.6895940997458407,-1.851236528455923,0.47606774019303166,-0.8824959192370815,-1.1841027358963914,0.5727608584612908,-0.40302642533587013,-0.9061435701641016,0.6668761077696489,0.2897977775417966,0.6280374576644634,0.20178887852281546,1.6134719811870977,-0.06800108216573529,0.7934217270643535
-0.7316806043858298,-1.2673868454426447,2.8557283505884143,-1.8710918068106885,-3.0463908254019327,3.1319858626450228,-7.932538374586916,1.9987152695499313,-1.6616220025893456,0.007372234663641444,0.44531603234017475,-0.9138063429460584,1.568984568344551,-0.2240226475577007,0.08902123657715229,-1.1707834749806603,3.3453504081853542,-1.085193785653067,-4.400934206445319,-5.942526490886508,2.3278411213995938,3.411993571869608,5.486246101270526,0.06642954043866985,0.13276010547424447,0.8608979125380638,-1.941424625655408,2.7866732545457906,-1.2982919556617967,-4.211327622723876,-4.5612697194705785,0.46201472329940957,0.26788636759003226,-3.6478518703156224,-1.208987872826634,3.733623646436223,-0.9722543159490712,3.5945176836748094,2.473959752585937,-1.1622629671334652,-5.101601247970337,4.131714418413393,5.106153734811563,-0.930480397999998,2.549501069387393,3.259170415823396,-1.0821653337168278,1.1774876190843082,2.332102551338347,-2.164497421809944,-1.4414322064174048,-1.638070588635906,-0.6912481678074004,-4.298629291575109,0.08956675405140621,-1.7962955364446036
