V1,V2,V3,V4,V5,V6,V7,V8,V9,V10,V11,V12,V13,V14,V15,V16,V17,V18,V19,V20,V21,V22,V23,V24,V25,V26,V27,V28,V29,V30,V31,V32,V33,V34,V35,V36,V37,V38,V39,V40,V41,V42,V43,V44,V45,V46,V47,V48,V49,V50,V51,V52,V53,V54,V55,V56
1.9299793152694213,1.1335692788016414,-0.1414557824280699,-0.21235778074716877,-1.3089445634207266,-0.1723560288221922,0.26138681394126806,0.2621554768980172,0.3698886129461661,-1.7762058968530223,1.1045051327564963,1.2191698771362622,0.8422462459033835,-0.6130466653973932,-0.6060932154474253,0.9192151756222655,-0.8249454336128,-1.1076254039404432,-1.375921157322203,0.22799193287467787,-1.7491235352326964,-1.065090523757879,-0.995617621492461,-2.4550370077731145,0.1744599413001262,1.039435936291332,-1.2131458470297587,0.2060716723026442,0.7574807136867351,-0.31520699235734784,-0.31791605096261416,-1.5560770430293498,0.7536623075436908,0.7602857244244975,1.0339226714203114,1.4137273199085367,0.16008555342680317,0.9937862605199178,-2.747063175728623,-2.503176732900304,0.037941988174415096,0.11432495018702367,1.1579248510033728,-0.9070252239841522,-1.021524169758293,-0.3702142478567493,0.5939948293957573,-1.0178037332087986,0.12730529339250685,-1.0421092414253659,-0.37106744429055344,0.37952012166659305,0.9704845993263428,2.675189790226298,0.7481006174647004,0.4854926485940077
1.1335692788016414,3.8641576758466054,-0.45072730972143354,-0.2486839978436257,-1.2016642933539423,-3.1050144034981075,1.7812444929933116,2.6297213464621527,2.2452257788494525,-1.824913559810953,3.9721971375876617,3.5667375371084993,-0.6584747770753375,3.6827157859769892,0.5285736167017958,-1.0888672259120193,0.8240794839441159,-1.4047905284389306,3.8165859108821723,-0.3961294429092881,-1.5722233233922158,-2.7160203472890614,1.8174014146930928,0.7461593353601832,-0.1846605396994282,3.698421807970972,-1.619701676754256,1.894724847333615,1.8576236329008071,0.7149631742499882,-1.9991898111656479,-2.430568897311254,1.7752081003948317,0.3991660970220833,0.007397216690082387,0.33017073246377626,-0.49419925026980116,-0.5056039588702743,-2.1461694670352554,-2.560222745389334,0.1737981191438459,-0.9744795006122877,1.493879238213142,0.8729738615736269,-1.688113888796506,-1.3593584139002732,3.347504076770258,1.08644280575302,0.3793126728031774,1.230953986554442,0.6701955016093761,-1.763941620964706,1.0236861992354045,-1.2102476058645462,0.8779281557092382,0.7952148144589015
-0.1414557824280699,-0.45072730972143354,0.05267992917480427,0.02982383776562751,0.14567472457484348,0.35799688883688163,-0.2062678856094107,-0.3038000486919207,-0.2602030699753885,0.22002618715145922,-0.4630212699175295,-0.41705202086658505,0.07090676830990493,-0.41990007166129145,-0.05728726346572309,0.1198658985298017,-0.08995619458296122,0.16789630907748096,-0.4308338494431505,0.04428840533274546,0.19078583585417933,0.318360572515865,-0.20327111007048826,-0.07171429103392764,0.020157776838069314,-0.4311779574727278,0.19316756584236303,-0.21895074444346108,-0.21784037646301974,-0.08037077103625243,0.23159259038514615,0.28831481051437097,-0.20843355540151706,-0.05025171037193928,-0.0068434692484864645,-0.04603901003644584,0.05595991835671541,0.05243932408914962,0.2625400648817482,0.3087361086107946,-0.020265347937486876,0.11127365548963,-0.17841964037869198,-0.09507624387507349,0.1999885720881615,0.15841545549027006,-0.3882951076708308,-0.11901268491639251,-0.04432205651326221,-0.13548993273901297,-0.0749528960733403,0.20063607729075228,-0.12326516545700635,0.1237410896343254,-0.1051734837287899,-0.0942051326330853
-0.21235778074716877,-0.2486839978436257,0.02982383776562751,0.028172552380833427,0.16079666543414983,0.1353974474544928,-0.09184660775310616,-0.12479671750643984,-0.11929186491199059,0.22573023596482542,-0.2503431393217106,-0.24463111125037423,-0.04796357525363436,-0.08925395755970941,0.032400283618398557,-0.03801396517354599,0.04005343245979614,0.1511076891309136,-0.027858894707588584,-0.004528852250048477,0.21356584397560005,0.19821129641081492,0.0164252773874922,0.18529930565786587,-0.008080298938670738,-0.23405552375096092,0.16863691231735678,-0.09140851887222157,-0.13808405417173597,-2.0359886955376172e-4,0.10521471567826396,0.22998077976130407,-0.13457492621675995,-0.08181302428474573,-0.090518304240709,-0.13615175941389784,0.0051987052779979455,-0.06711708617661485,0.3229001839230982,0.317666339561915,-0.010061195624142238,0.027773926100877283,-0.1589484764977439,0.04532673152122087,0.15457916698473634,0.0849957827154827,-0.18158841423351688,0.046712606918913116,-0.025807205691552083,0.043232114912732815,0.00639563322386208,0.035257960239608456,-0.12436321853940453,-0.18653517607421657,-0.09929668773296244,-0.07318535123754702
-1.3089445634207266,-1.2016642933539423,0.14567472457484348,0.16079666543414983,0.946337341288539,0.5233880005418352,-0.3975660506378985,-0.5128581812720919,-0.5253323954903159,1.3104446714591274,-1.1988689335431066,-1.2126570720052277,-0.41518954197795627,-0.13131791096131495,0.2913597689756293,-0.4029995468739417,0.3823870234143187,0.853279539823558,0.30730127669882873,-0.08291970601251246,1.2600449209023015,1.005276413071113,0.3501833040995255,1.3689612787961014,-0.07944029478945189,-1.122857362766215,0.9455584576506816,-0.37982081567470083,-0.7049546262156335,0.09196474881039811,0.4609275205614364,1.2606365404782385,-0.6914823309935699,-0.5092347220329607,-0.6200318740562701,-0.8911513369734019,-0.02899207450220255,-0.5266026844313584,1.9352098612539483,1.8452215206803086,-0.04621351343395228,0.06346351088067775,-0.8954552080280916,0.42490378586673694,0.8400646194414143,0.4056220412733099,-0.8086569492868034,0.4623535294576388,-0.12756170285869112,0.4573505395969372,0.13148714455765662,0.011474083336663877,-0.7196034316691537,-1.4379470262441512,-0.56674855459969,-0.39830320406847464
-0.1723560288221922,-3.1050144034981075,0.35799688883688163,0.1353974474544928,0.5233880005418352,2.8365786120795082,-1.5520502349796088,-2.3485489584287746,-1.9376007242256843,0.8927171984554269,-3.2199894344339657,-2.7861434290333116,1.0079358667042775,-3.7422966110412967,-0.776673780616787,1.4476143408937872,-1.1553238090581508,0.8072893706367723,-4.220633161864068,0.47755289923672645,0.6678576728037684,2.058391571618319,-2.1673208895731646,-1.8359797466276344,0.2539811240311133,-2.9929556609854115,0.9602725625900453,-1.6841302823274937,-1.3943097197873462,-0.8172066165114082,1.7305125166044872,1.5631992180066103,-1.3188204003740627,-0.02335134461870077,0.4710181441849794,0.34363751414196514,0.5382729506072967,0.9343915374238739,0.7455494031481321,1.2471831486356186,-0.14579715781368224,0.9679168776474844,-0.8676908145136428,-1.239147291772005,1.1132192246803247,1.1055400763096481,-2.8693670063731656,-1.4909081693095247,-0.29735754978348955,-1.6378756213840129,-0.8010718218337258,1.8322000756581678,-0.5127193443093377,2.3735363584791838,-0.4785531788417484,-0.5223732009916293
0.26138681394126806,1.7812444929933116,-0.2062678856094107,-0.09184660775310616,-0.3975660506378985,-1.5520502349796088,0.8637869125722586,1.2954704654352485,1.0821760434445922,-0.6383656219441768,1.8409852550853507,1.6158890316247148,-0.4728156711579863,1.9744584574955186,0.36809213421901166,-0.7044259168432447,0.5542551403736468,-0.5338585347437103,2.167296885750172,-0.23888194333186377,-0.5141878729082101,-1.2081255453276523,1.0876986318774038,0.7811068350875298,-0.1224903086642536,1.7122930040866464,-0.6259755081683456,0.9305763584357452,0.8215457990094124,0.4153928414683178,-0.9654548292777699,-0.9825763108108436,0.7802391130616756,0.07884970951431206,-0.16525895607986202,-0.06309638717823556,-0.27769097505238993,-0.4197869020193051,-0.6431408254643676,-0.8937345475550328,0.08225694224280239,-0.5146141020680449,0.5709737910965127,0.5925534968641917,-0.6921275403432164,-0.6312898234971577,1.6065275273626067,0.719308560337146,0.17222713779485363,0.7968277567274056,0.4017488509652056,-0.9597648943471756,0.3623209879404213,-1.0532760074442538,0.3244894434570046,0.32533358690503744
0.2621554768980172,2.6297213464621527,-0.3038000486919207,-0.12479671750643984,-0.5128581812720919,-2.3485489584287746,1.2954704654352485,1.9520033967323918,1.6200289836298867,-0.8463267532202958,2.7226209012040385,2.3722091228612427,-0.778231050882807,3.0461290010842648,0.6023852394513566,-1.1359164575863547,0.9008966720648433,-0.7342781219121137,3.392964294193271,-0.3793243746291862,-0.6593583344133607,-1.7628178411264614,1.7242184179980906,1.3602889887826788,-0.1985544708365034,2.531445749237224,-0.8669887322720498,1.400943206440893,1.1964247585120067,0.6539227788214234,-1.4461474337741096,-1.3853196225246465,1.1338548852108405,0.0665897004303635,-0.32390113710163587,-0.19514860009859816,-0.4335878934502639,-0.7082098833690237,-0.7854757193644185,-1.183736251410084,0.1224412843188833,-0.7907540019593471,0.787201944273342,0.964910056977833,-0.9810418291046361,-0.9342076983417892,2.401827009731858,1.1654706927109746,0.25302558023863747,1.2850814672581836,0.6370832883579378,-1.4864121273205875,0.4829971985963947,-1.7897079779801621,0.4410650294826238,0.46076735502544697
0.3698886129461661,2.2452257788494525,-0.2602030699753885,-0.11929186491199059,-0.5253323954903159,-1.9376007242256843,1.0821760434445922,1.6200289836298867,1.3567668414250869,-0.836046820796353,2.318969070132191,2.041161944329462,-0.5697352190673594,2.445861382401333,0.4446994478086831,-0.8565694777248953,0.6716420991284697,-0.6905067172669291,2.6686593527205345,-0.2923602366188101,-0.6807328226722522,-1.5296070091279808,1.3322839666209951,0.9168495963890667,-0.1486438086965701,2.1571382331041735,-0.807714908332004,1.1641435937941642,1.0409555860568784,0.5103091489178816,-1.2101684061347535,-1.2598840065149992,0.9893582864247099,0.11567494210201633,-0.18221121668640392,-0.04617111904597767,-0.3422660903684993,-0.500204616978849,-0.8642575173555523,-1.170876795676064,0.1033174136535714,-0.6385782143473531,0.7379052563429322,0.7174903598182247,-0.8857087609395139,-0.7949954662483714,2.0151426353871327,0.8728551098091982,0.2175025301272939,0.9688763017514406,0.4920033991130971,-1.1870363681462361,0.4736620070518907,-1.2509242944564603,0.4214584308359171,0.4164629703985082
-1.7762058968530223,-1.824913559810953,0.22002618715145922,0.22573023596482542,1.3104446714591274,0.8927171984554269,-0.6383656219441768,-0.8463267532202958,-0.836046820796353,1.8257207201622634,-1.8287339972234136,-1.8187151729072701,-0.49332606005441443,-0.4238139691911071,0.3416252458710671,-0.4479160870254236,0.4393989149420917,1.203700775989744,0.13604584331637987,-0.0802999028077434,1.7429340638149144,1.491121085970847,0.32923194765838715,1.7246870260676443,-0.09037604381394797,-1.7112797998541251,1.3381975119730392,-0.6231395075940067,-1.0424006932054855,0.07011435963210519,0.7355507296996114,1.8027584809015806,-1.0192772137032236,-0.6881325742800549,-0.8049342497602714,-1.178860443313672,-0.0035848518707175285,-0.6483965234053228,2.6583799481669876,2.5701246576918875,-0.07193592432956511,0.14936679459380034,-1.2645466337985438,0.4912027495288248,1.2060580153007472,0.6197913601375267,-1.2795028674331763,0.5250892517969148,-0.19159276003126258,0.5086525775873106,0.12445553782560483,0.13628327152524153,-1.0040382712279519,-1.7822679589407697,-0.7956816534993153,-0.5714686613206619
1.1045051327564963,3.9721971375876617,-0.4630212699175295,-0.2503431393217106,-1.1988689335431066,-3.2199894344339657,1.8409852550853507,2.7226209012040385,2.318969070132191,-1.8287339972234136,4.0856050400757455,3.659901272269976,-0.7163367191680663,3.8501927357141494,0.5723287736762155,-1.1664351003184663,0.887690199006558,-1.4176282241650333,4.018277223673302,-0.4203554361932628,-1.567158008748218,-2.78175722649516,1.9264595698002973,0.8688335313073642,-0.19846959407518547,3.8035957556381956,-1.6368973698845906,1.9609748579241755,1.9014228667469693,0.7549271200387427,-2.0652624177864767,-2.4664062339920094,1.816002145591288,0.3858424416712866,-0.031623636883203916,0.2892456216371774,-0.519684979269534,-0.5632343494618489,-2.1256099084746216,-2.565144748530933,0.17920938466977476,-1.0168805707326778,1.5082818610688928,0.9415977146188917,-1.7153274545417105,-1.3984681580149225,3.4559174597656868,1.1676619709476177,0.3892962163310788,1.31875682568192,0.7105746621365452,-1.84743331624206,1.0268060834171107,-1.359411202459207,0.8837616649377605,0.807848767070637
1.2191698771362622,3.5667375371084993,-0.41705202086658505,-0.24463111125037423,-1.2126570720052277,-2.7861434290333116,1.6158890316247148,2.3722091228612427,2.041161944329462,-1.8187151729072701,3.659901272269976,3.31091872447684,-0.4957849423405616,3.216070509733929,0.4055405748285257,-0.8710375111714523,0.6452293774166247,-1.3719297448725074,3.252825984509302,-0.3284203806157204,-1.5905521044848017,-2.53600735067217,1.5121395257704013,0.39944308345399104,-0.1456882557856147,3.408848878161577,-1.574881306393041,1.711033195310704,1.7376191577789692,0.603134918065178,-1.8162393240411898,-2.334690439467222,1.6637798435835387,0.43802974484449736,0.11847388620070194,0.4472206621739835,-0.4231784590144264,-0.34312890022276193,-2.210089529636983,-2.552744831175775,0.15903299743561647,-0.8561453390075355,1.456773532907637,0.6799182683091416,-1.6151438313784174,-1.2516468138879082,3.0478907940534454,0.8582072867152979,0.35184707862360154,0.9843804852610436,0.5572068881646873,-1.5311388110653932,1.0174059298053308,-0.789242351576627,0.8634130606007159,0.7612953957320381
0.8422462459033835,-0.6584747770753375,0.07090676830990493,-0.04796357525363436,-0.41518954197795627,1.0079358667042775,-0.4728156711579863,-0.778231050882807,-0.5697352190673594,-0.49332606005441443,-0.7163367191680663,-0.4957849423405616,0.7834681233973667,-1.7253601576622242,-0.5834799513488317,0.9884237182338782,-0.8318230909531611,-0.21140465734252525,-2.26802609293433,0.2907180814128477,-0.566940412861969,0.2889078182069808,-1.3007857681830557,-1.8605253056632756,0.1795614407226224,-0.6598068390937379,-0.2023820614114833,-0.5495170869285052,-0.17868095467626688,-0.46210231365029764,0.5146675974072558,-0.13236964564241419,-0.1515845062132626,0.3489164055354771,0.6674621795243484,0.7974286606432163,0.28207238529877615,0.8265428788044898,-1.006818062842387,-0.699433497032248,-0.03818044662079617,0.42532104770282264,0.211899312458877,-0.902611822907391,-0.05340795545103768,0.2501877851053328,-0.8220518249643757,-1.0514441014088147,-0.05422167995190539,-1.1193124021183334,-0.4822507215303504,0.8820928079725949,0.25997215404472,2.170473161174104,0.168466499210926,0.027981746516967762
-0.6130466653973932,3.6827157859769892,-0.41990007166129145,-0.08925395755970941,-0.13131791096131495,-3.7422966110412967,1.9744584574955186,3.0461290010842648,2.445861382401333,-0.4238139691911071,3.8501927357141494,3.216070509733929,-1.7253601576622242,5.305188008158042,1.3107006446534888,-2.3508135002763906,1.9161429963220231,-0.6015708035624293,6.2829904111469235,-0.7425717276548685,-0.13302802438226238,-2.304051141781484,3.352932600337668,3.545973340859859,-0.4182103338547469,3.57311764508446,-0.7612640687640704,2.1764390837846017,1.5449364759236586,1.2378891140127923,-2.1898933195253556,-1.4225883286446432,1.445019921005954,-0.3014578545717415,-1.0866318941980289,-1.0814983700589549,-0.7945643706147446,-1.6927248006813465,0.1993416298658607,-0.5825912526383142,0.17962506347100426,-1.3527638766655783,0.6608410808662356,2.064894935535991,-1.051023106764172,-1.3258539636432007,3.601815152078434,2.4522481122224637,0.34447200308281,2.660694676381976,1.2406380574397757,-2.63213520513115,0.2651505531277912,-4.365855951115869,0.31652754538851213,0.49049333566707287
-0.6060932154474253,0.5285736167017958,-0.05728726346572309,0.032400283618398557,0.2913597689756293,-0.776673780616787,0.36809213421901166,0.6023852394513566,0.4446994478086831,0.3416252458710671,0.5723287736762155,0.4055405748285257,-0.5834799513488317,1.3107006446534888,0.4349986361782387,-0.7391447964642748,0.6209844220953101,0.13923450849815494,1.7111934290014374,-0.21823470464138503,0.3986299182907946,-0.24366835951727553,0.9771013167255351,1.3762277271443415,-0.1341613961363972,0.5276174017011545,0.13010149399728463,0.42580834613051904,0.15279052158481402,0.347931694024109,-0.4014002879351614,0.06926865203490462,0.13187086996172775,-0.2518823591925696,-0.4905894800278723,-0.5823534838749562,-0.21300522496417293,-0.6133951851202312,0.7153881540564466,0.48466009892350537,0.030030053063695907,-0.3239342942712108,-0.13856706865602078,0.6736007190178102,0.01983697778967662,-0.19956612923921677,0.6428275131164748,0.7854471366177985,0.04423763117030621,0.8369993236062324,0.3621981104268611,-0.6687253468045345,-0.17930953043143064,-1.6094498027293942,-0.11369107691808476,-0.011403727487455917
0.9192151756222655,-1.0888672259120193,0.1198658985298017,-0.03801396517354599,-0.4029995468739417,1.4476143408937872,-0.7044259168432447,-1.1359164575863547,-0.8565694777248953,-0.4479160870254236,-1.1664351003184663,-0.8710375111714523,0.9884237182338782,-2.3508135002763906,-0.7391447964642748,1.2672616245039832,-1.0593167210209773,-0.14344561307261125,-3.0104985143980314,0.3785339959223233,-0.5556108222017092,0.557276325410877,-1.697541187616498,-2.2836340964069977,0.22929467440337287,-1.0774702671501788,-0.11583407821059587,-0.8050936344145713,-0.3586328566037381,-0.6085065289298964,0.7715654223959114,0.031182130931450853,-0.3196504657938559,0.38625020553415595,0.7979207770987988,0.9280755926723566,0.3758235946944582,1.0280705442200888,-1.0371167782758843,-0.6371492234528972,-0.05910809461891487,0.5848766085841202,0.13708107357972668,-1.1478521454499715,0.06760607373933848,0.4052004973962089,-1.2441642697379591,-1.342470010214549,-0.09444943919254827,-1.4349102641329279,-0.6290378339117185,1.1925856688127663,0.23119520866464136,2.690661106427151,0.13300406175978877,-0.02851486861376717
-0.8249454336128,0.8240794839441159,-0.08995619458296122,0.04005343245979614,0.3823870234143187,-1.1553238090581508,0.5542551403736468,0.9008966720648433,0.6716420991284697,0.4393989149420917,0.887690199006558,0.6452293774166247,-0.8318230909531611,1.9161429963220231,0.6209844220953101,-1.0593167210209773,0.8880307533367776,0.16484806289200976,2.4803276651399075,-0.31431586330173333,0.524701696575992,-0.40004552114740455,1.4084110844076576,1.9446402004834213,-0.19205186278896957,0.8191246890933296,0.1473770010974624,0.6376240501905306,0.25424113715874597,0.5030069418741435,-0.6056821549469011,0.04460155767349345,0.22306759037912297,-0.34436176110495803,-0.6873768399474156,-0.8089255568090087,-0.30909659199019845,-0.8704677209426431,0.9562470005736063,0.6239819558144368,0.04577137397514417,-0.47505206070692435,-0.16198457302688338,0.9628456046696393,-0.008567192193535307,-0.30897027698469137,0.9729893090189979,1.1241575939724535,0.07018817527822478,1.1995142917308654,0.5219893190821737,-0.9751400070118629,-0.22920002217446925,-2.2815310557659214,-0.1403380750366749,0.001174648905982274
-1.1076254039404432,-1.4047905284389306,0.16789630907748096,0.1511076891309136,0.853279539823558,0.8072893706367723,-0.5338585347437103,-0.7342781219121137,-0.6905067172669291,1.203700775989744,-1.4176282241650333,-1.3719297448725074,-0.21140465734252525,-0.6015708035624293,0.13923450849815494,-0.14344561307261125,0.16484806289200976,0.8135384653933063,-0.30097039806060305,-0.005829356414734597,1.1323078484384677,1.1042255480101146,0.004875406972263332,0.8929172686830711,-0.032433430901258435,-1.3247364690633674,0.9101475269786576,-0.5365213580449874,-0.7678441863518205,-0.031363472435804514,0.6098490001535987,1.2506623973244677,-0.7467759403271463,-0.4251492929348147,-0.45191832264473414,-0.6933666283318809,0.04686589920016287,-0.3134408712907254,1.7021599984628293,1.6936169091987128,-0.05752697016112485,0.17999596115881836,-0.856444624493648,0.18906379448658472,0.8428700935043469,0.4817580227147839,-1.0480493066517191,0.18694414598100167,-0.1448723177088338,0.16344595272760937,0.0034983010523646496,0.2507486841157087,-0.6639459177773487,-0.8793465058366193,-0.5327307355074058,-0.39890539557437327
-1.375921157322203,3.8165859108821723,-0.4308338494431505,-0.027858894707588584,0.30730127669882873,-4.220633161864068,2.167296885750172,3.392964294193271,2.6686593527205345,0.13604584331637987,4.018277223673302,3.252825984509302,-2.26802609293433,6.2829904111469235,1.7111934290014374,-3.0104985143980314,2.4803276651399075,-0.30097039806060305,7.668262858511936,-0.9290706183591836,0.45917700806898043,-2.2633987733426593,4.183450106476115,4.914404488620433,-0.5394653886266276,3.724061357314351,-0.4468169045436584,2.417736971237421,1.5026251068969414,1.5262482528212595,-2.394047245089452,-1.083513760201099,1.3895537095729342,-0.6105805435436463,-1.6044795142822488,-1.7312458471077365,-0.9648022948658833,-2.283687185678187,1.1882377487703637,0.20851096818279727,0.1921366609435575,-1.5875472567747362,0.3511997560151686,2.6792141912137866,-0.845189472272939,-1.3872713149101368,3.912559924595038,3.16100159815392,0.34957520886091575,3.4079407793392242,1.5488579352762064,-3.1435998113203834,-0.03590025973935588,-5.92931643696379,0.10066964661613902,0.39140312696750634
0.22799193287467787,-0.3961294429092881,0.04428840533274546,-0.004528852250048477,-0.08291970601251246,0.47755289923672645,-0.23888194333186377,-0.3793243746291862,-0.2923602366188101,-0.0802999028077434,-0.4203554361932628,-0.3284203806157204,0.2907180814128477,-0.7425717276548685,-0.21823470464138503,0.3785339959223233,-0.31431586330173333,-0.005829356414734597,-0.9290706183591836,0.1148717995891882,-0.11639277316714688,0.22061858796309833,-0.5158731074257176,-0.652823840937541,0.06811034511445828,-0.38900894634117317,0.00699209129777938,-0.2695493762181591,-0.14454456979531147,-0.1864154195214377,0.26274518800452995,0.06742216723364938,-0.13183120907502782,0.09770234982868949,0.22152804233675508,0.2500129084441879,0.11650072066974176,0.2980092021725971,-0.23628420332645905,-0.11510089874435261,-0.02072111092294477,0.18601718780572013,0.0019140983581118981,-0.34006881476556333,0.05970693042618969,0.14553541351084612,-0.4268720765220154,-0.3993684242599952,-0.03540995041574187,-0.42856301669796526,-0.1911026552002781,0.3741941406140068,0.03948063121707688,0.7771055119116489,0.015790489444450474,-0.0271643230735039
-1.7491235352326964,-1.5722233233922158,0.19078583585417933,0.21356584397560005,1.2600449209023015,0.6678576728037684,-0.5141878729082101,-0.6593583344133607,-0.6807328226722522,1.7429340638149144,-1.567158008748218,-1.5905521044848017,-0.566940412861969,-0.13302802438226238,0.3986299182907946,-0.5556108222017092,0.524701696575992,1.1323078484384677,0.45917700806898043,-0.11639277316714688,1.6780844024901265,1.3214104066673822,0.4931870176061585,1.8523262740084634,-0.10914153204201878,-1.4680543644472652,1.254032207818313,-0.48896130521669945,-0.9272320314237597,0.13233487213935027,0.5969415148539752,1.6686920054386436,-0.910033560277447,-0.6809904330342852,-0.8348235974288246,-1.1961128202944504,-0.04494294665805345,-0.7151424758231889,2.5804200545088096,2.4543206409631004,-0.060137410138499076,0.07391383507134275,-1.1880453277091172,0.5825239815964012,1.1111379439126143,0.5300423949568129,-1.0491175389816747,0.6355046459201378,-0.16727101892315385,0.6304872704372255,0.18504352922880363,-0.005532916586806166,-0.9568434397194328,-1.950715164331699,-0.7527657782712883,-0.5269010112231671
-1.065090523757879,-2.7160203472890614,0.318360572515865,0.19821129641081492,1.005276413071113,2.058391571618319,-1.2081255453276523,-1.7628178411264614,-1.5296070091279808,1.491121085970847,-2.78175722649516,-2.53600735067217,0.2889078182069808,-2.304051141781484,-0.24366835951727553,0.557276325410877,-0.40004552114740455,1.1042255480101146,-2.2633987733426593,0.22061858796309833,1.3214104066673822,1.9540981612796335,-1.0206207957003934,-0.07531124682913885,0.09138342364700563,-2.5918876346338364,1.2624123963725569,-1.2730014453919913,-1.3413727663345636,-0.4143522016447127,1.3600656844082366,1.8499947094310887,-1.2868730269755384,-0.3886022523196222,-0.1785117583556321,-0.4532646352588118,0.2961248054912119,0.16353516158605103,1.8641727514384987,2.0938308740687046,-0.11997352241026563,0.6177073633229652,-1.17090237133025,-0.4182127999637426,1.2749441873734992,0.9506634370906282,-2.2877071178394726,-0.539130904962066,-0.26930109465773894,-0.6295013280695217,-0.3757132974957223,1.0891651052481255,-0.83209717313899,0.34165426701822055,-0.6994699300215488,-0.601302215019743
-0.995617621492461,1.8174014146930928,-0.20327111007048826,0.0164252773874922,0.3501833040995255,-2.1673208895731646,1.0876986318774038,1.7242184179980906,1.3322839666209951,0.32923194765838715,1.9264595698002973,1.5121395257704013,-1.3007857681830557,3.352932600337668,0.9771013167255351,-1.697541187616498,1.4084110844076576,0.004875406972263332,4.183450106476115,-0.5158731074257176,0.4931870176061585,-1.0206207957003934,2.318072513153715,2.910206899453127,-0.30551358302176246,1.7831132465648094,-0.0554565159554041,1.2257714761035714,0.6701297353957857,0.8386603175429536,-1.1971672955356458,-0.33618773318002315,0.6120873297471041,-0.4278567874424067,-0.9838747872354887,-1.105158729603171,-0.5245575982330691,-1.330950257802348,1.0171212598290897,0.47271394799564864,0.09437907138471127,-0.8411249648931133,0.013880801013093209,1.5236258002943779,-0.2903697195807718,-0.666716679505477,1.945907155262066,1.7900594265866605,0.16302285612813724,1.9218726011239142,0.8586119811206572,-1.6881952500530288,-0.15993715231081726,-3.46934867686929,-0.05670672915867828,0.13261839081769633
-2.4550370077731145,0.7461593353601832,-0.07171429103392764,0.18529930565786587,1.3689612787961014,-1.8359797466276344,0.7811068350875298,1.3602889887826788,0.9168495963890667,1.7246870260676443,0.8688335313073642,0.39944308345399104,-1.8605253056632756,3.545973340859859,1.3762277271443415,-2.2836340964069977,1.9446402004834213,0.8929172686830711,4.914404488620433,-0.652823840937541,1.8523262740084634,-0.07531124682913885,2.910206899453127,4.620261574471717,-0.41820390678221325,0.7904583371405346,0.9226251540355248,0.9512265827529678,0.002767335060007867,1.016776652617359,-0.8354485541650241,0.9420137078789734,-0.04699695411968529,-0.9996089014778522,-1.7255581341571729,-2.1407450184878476,-0.6062654432366882,-2.009550260567905,3.130067190140412,2.438531626262337,0.05556740189798938,-0.8578406835940532,-0.9161838880675018,2.115416181840995,0.5549035899706756,-0.31034839029075884,1.296071381793365,2.446988759486062,0.04637047754073964,2.586555498275266,1.0797839890139354,-1.8422285941082892,-0.9241689535712263,-5.306151857841248,-0.6517764759862072,-0.268642783124069
0.1744599413001262,-0.1846605396994282,0.020157776838069314,-0.008080298938670738,-0.07944029478945189,0.2539811240311133,-0.1224903086642536,-0.1985544708365034,-0.1486438086965701,-0.09037604381394797,-0.19846959407518547,-0.1456882557856147,0.1795614407226224,-0.4182103338547469,-0.1341613961363972,0.22929467440337287,-0.19205186278896957,-0.032433430901258435,-0.5394653886266276,0.06811034511445828,-0.10914153204201878,0.09138342364700563,-0.30551358302176246,-0.41820390678221325,0.04161643612181753,-0.18320219586381803,-0.028193639428666865,-0.1406428004951882,-0.0584299722469504,-0.10928768831733032,0.1340276598263067,-0.004432336405075733,-0.05147571862178672,0.07295057198433093,0.14733416554608714,0.1725994336917355,0.06718815286732666,0.1875488299798116,-0.2004591315072248,-0.12839495159800893,-0.010093664801268812,0.1039373372909767,0.03162523312380148,-0.20821845618711968,0.00529888552919473,0.06902493548979742,-0.21541848695701424,-0.24319274418977915,-0.015848959602076527,-0.25963692372249336,-0.11320510718475733,0.21259511863572553,0.0469822137921738,0.49142942095861336,0.028179411913518148,-0.0019145956720540995
1.039435936291332,3.698421807970972,-0.4311779574727278,-0.23405552375096092,-1.122857362766215,-2.9929556609854115,1.7122930040866464,2.531445749237224,2.1571382331041735,-1.7112797998541251,3.8035957556381956,3.408848878161577,-0.6598068390937379,3.57311764508446,0.5276174017011545,-1.0774702671501788,0.8191246890933296,-1.3247364690633674,3.724061357314351,-0.38900894634117317,-1.4680543644472652,-2.5918876346338364,1.7831132465648094,0.7904583371405346,-0.18320219586381803,3.5411312431565625,-1.5291833270900765,1.8233942664950062,1.771834968458648,0.6992625759754475,-1.9210539174755843,-2.3022416992992394,1.6924516088896182,0.3636974001621163,-0.022301222974453656,0.27841627705475414,-0.48176249975464563,-0.516515613486712,-1.9937587602273028,-2.4004723945219917,0.16677518624208976,-0.9440165769348647,1.4093089512621007,0.8686466112553095,-1.600748976406396,-1.3018867059678079,3.21504781176099,1.0779343892183686,0.36257394180162733,1.2181531148603753,0.6576768198101597,-1.713901755236338,0.9606726866095151,-1.2447523379368695,0.8262390690574961,0.7539139236539653
-1.2131458470297587,-1.619701676754256,0.19316756584236303,0.16863691231735678,0.9455584576506816,0.9602725625900453,-0.6259755081683456,-0.8669887322720498,-0.807714908332004,1.3381975119730392,-1.6368973698845906,-1.574881306393041,-0.2023820614114833,-0.7612640687640704,0.13010149399728463,-0.11583407821059587,0.1473770010974624,0.9101475269786576,-0.4468169045436584,0.00699209129777938,1.254032207818313,1.2624123963725569,-0.0554565159554041,0.9226251540355248,-0.028193639428666865,-1.5291833270900765,1.0198730205121092,-0.632627285623609,-0.8768638470691885,-0.05716152769877727,0.7139336499742178,1.4083123412324379,-0.8516817744933074,-0.4644719287644325,-0.4797496518761386,-0.7468127210977942,0.06617683706460573,-0.3157418850752183,1.8778527950740576,1.8826144992799358,-0.06679137587939397,0.22361677867056975,-0.9586577574883548,0.17141652425098125,0.9507192774049719,0.5565849376220156,-1.2238488817548294,0.1620662260715485,-0.16640643910150038,0.13231011455827552,-0.0186328551574076,0.3249473992530195,-0.7387110830711131,-0.8926798021736776,-0.5946551696880383,-0.4498459163414556
0.2060716723026442,1.894724847333615,-0.21895074444346108,-0.09140851887222157,-0.37982081567470083,-1.6841302823274937,0.9305763584357452,1.400943206440893,1.1641435937941642,-0.6231395075940067,1.9609748579241755,1.711033195310704,-0.5495170869285052,2.1764390837846017,0.42580834613051904,-0.8050936344145713,0.6376240501905306,-0.5365213580449874,2.417736971237421,-0.2695493762181591,-0.48896130521669945,-1.2730014453919913,1.2257714761035714,0.9512265827529678,-0.1406428004951882,1.8233942664950062,-0.632627285623609,1.005646909277519,0.8643639631117817,0.4654992095232574,-1.0390994922935886,-1.00724756714764,0.8194373169401531,0.0549170611760327,-0.22228335817012898,-0.12637582953077806,-0.30906341210338173,-0.49793276003255293,-0.5887460883417989,-0.8717552680162199,0.08802972724066915,-0.5654930816088934,0.5749189315233975,0.682727064905805,-0.7124786256139286,-0.6727780678809082,1.7262975477960296,0.825337944459822,0.18248912413332716,0.91079580643518665,0.45286978752189566,-1.0612653578413185,0.3552224861658571,-1.25682492516424,0.323114864850397,0.33470499454954233
0.7574807136867351,1.8576236329008071,-0.21784037646301974,-0.13808405417173597,-0.7049546262156335,-1.3943097197873462,0.8215457990094124,1.1964247585120067,1.0409555860568784,-1.0424006932054855,1.9014228667469693,1.7376191577789692,-0.17868095467626688,1.5449364759236586,0.15279052158481402,-0.3586328566037381,0.25424113715874597,-0.7678441863518205,1.5026251068969414,-0.14454456979531147,-0.9272320314237597,-1.3413727663345636,0.6701297353957857,0.002767335060007867,-0.0584299722469504,1.771834968458648,-0.8768638470691885,0.8643639631117817,0.9213826301554857,0.2738504005038433,-0.9254033231504781,-1.280705573086251,0.8843579557842416,0.2775004485304233,0.14080729973556422,0.334039503776275,-0.1968892551209823,-0.09102040606309203,-1.3135033448363755,-1.4639280045546896,0.08172739115639915,-0.4153198082329659,0.813897050041139,0.26495036049633547,-0.8815038492688221,-0.6496603651888903,1.5575319594451966,0.34445093030206847,0.18449975461494691,0.4050397311527923,0.24657910546891024,-0.7285525003918862,0.5813036563530117,-0.17852433616409963,0.48740044935686105,0.41585302479709974
-0.31520699235734784,0.7149631742499882,-0.08037077103625243,-2.0359886955376172e-4,0.09196474881039811,-0.8172066165114082,0.4153928414683178,0.6539227788214234,0.5103091489178816,0.07011435963210519,0.7549271200387427,0.603134918065178,-0.46210231365029764,1.2378891140127923,0.347931694024109,-0.6085065289298964,0.5030069418741435,-0.031363472435804514,1.5262482528212595,-0.1864154195214377,0.13233487213935027,-0.4143522016447127,0.8386603175429536,1.016776652617359,-0.10928768831733032,0.6992625759754475,-0.05716152769877727,0.4654992095232574,0.2738504005038433,0.3047926549432644,-0.4581424110394747,-0.17266027045178373,0.2519271514568071,-0.13751100206233316,-0.33767877310987476,-0.3716701794730312,-0.19170099176865363,-0.4688757070126938,0.2987485024652887,0.10207644827344416,0.036454897002463175,-0.31179801122335327,0.039904536824915696,0.543735244407339,-0.13939603835469902,-0.26090326634752364,0.7468897899457444,0.640221222089798,0.06491110828160623,0.6888789572722552,0.3105595486405634,-0.6211466472874256,-0.030828024495999386,-1.2197204840287001,0.001221592475593174,0.06425142362359824
-0.31791605096261416,-1.9991898111656479,0.23159259038514615,0.10521471567826396,0.4609275205614364,1.7305125166044872,-0.9654548292777699,-1.4461474337741096,-1.2101684061347535,0.7355507296996114,-2.0652624177864767,-1.8162393240411898,0.5146675974072558,-2.1898933195253556,-0.4014002879351614,0.7715654223959114,-0.6056821549469011,0.6098490001535987,-2.394047245089452,0.26274518800452995,0.5969415148539752,1.3600656844082366,-1.1971672955356458,-0.8354485541650241,0.1340276598263067,-1.9210539174755843,0.7139336499742178,-1.0390994922935886,-0.9254033231504781,-0.4581424110394747,1.0795070306653352,1.1158259999676425,-0.8792622136654065,-0.09840849771666135,0.1696429139773063,0.050492480226380226,0.30689884376069687,0.4535319804509668,0.7544072476545691,1.0300362319682292,-0.09204866689736797,0.571514140169627,-0.6518849364133465,-0.6472120187894033,0.7848587955620921,0.7080705373057312,-1.7970543809840656,-0.7867702115148926,-0.193562207871286,-0.8727434534737057,-0.44211858087850575,1.0633416444821429,-0.4169663761235043,1.1354938689098955,-0.3718000396115663,-0.3690253786796828
-1.5560770430293498,-2.430568897311254,0.28831481051437097,0.22998077976130407,1.2606365404782385,1.5631992180066103,-0.9825763108108436,-1.3853196225246465,-1.2598840065149992,1.8027584809015806,-2.4664062339920094,-2.334690439467222,-0.13236964564241419,-1.4225883286446432,0.06926865203490462,0.031182130931450853,0.04460155767349345,1.2506623973244677,-1.083513760201099,0.06742216723364938,1.6686920054386436,1.8499947094310887,-0.33618773318002315,0.9420137078789734,-0.004432336405075733,-2.3022416992992394,1.4083123412324379,-1.00724756714764,-1.280705573086251,-0.17266027045178373,1.1158259999676425,1.973850438858396,-1.2394969922827725,-0.5905560308119931,-0.5491435047100616,-0.9027710784094117,0.14975589290701827,-0.2848095096317903,2.46749985757547,2.535110516551604,-0.10234880525486885,0.40184857131229934,-1.3194625519710248,0.064701615122753,1.3395404516385099,0.839941829333525,-1.9007216569026497,0.02199199979253028,-0.24706905786751326,-0.03369766173866045,-0.12188637990072067,0.6360513382232597,-0.9976121029230286,-0.8380774423668201,-0.8111977336204548,-0.6333108880205961
0.7536623075436908,1.7752081003948317,-0.20843355540151706,-0.13457492621675995,-0.6914823309935699,-1.3188204003740627,0.7802391130616756,1.1338548852108405,0.9893582864247099,-1.0192772137032236,1.816002145591288,1.6637798435835387,-0.1515845062132626,1.445019921005954,0.13187086996172775,-0.3196504657938559,0.22306759037912297,-0.7467759403271463,1.3895537095729342,-0.13183120907502782,-0.910033560277447,-1.2868730269755384,0.6120873297471041,-0.04699695411968529,-0.05147571862178672,1.6924516088896182,-0.8516817744933074,0.8194373169401531,0.8843579557842416,0.2519271514568071,-0.8792622136654065,-1.2394969922827725,0.849501089493885,0.27714055094160245,0.15382841145839984,0.34363747933932887,-0.18259385562223457,-0.0657918746606944,-1.294657802405402,-1.431614132255362,0.07797019030686346,-0.3893006527259551,0.791223263662407,0.23146123054409795,-0.8522744511302721,-0.6203387587708898,1.4813169440275944,0.3042649431368263,0.17658892145607943,0.3609328299142168,0.22515237918306844,-0.6796158351977292,0.5679873152255003,-0.11424227464791509,0.47481569903155013,0.4020919672448661
0.7602857244244975,0.3991660970220833,-0.05025171037193928,-0.08181302428474573,-0.5092347220329607,-0.02335134461870077,0.07884970951431206,0.0665897004303635,0.11567494210201633,-0.6881325742800549,0.3858424416712866,0.43802974484449736,0.3489164055354771,-0.3014578545717415,-0.2518823591925696,0.38625020553415595,-0.34436176110495803,-0.4251492929348147,-0.6105805435436463,0.09770234982868949,-0.6809904330342852,-0.3886022523196222,-0.4278567874424067,-0.9996089014778522,0.07295057198433093,0.3636974001621163,-0.4644719287644325,0.0549170611760327,0.2775004485304233,-0.13751100206233316,-0.09840849771666135,-0.5905560308119931,0.27714055094160245,0.30021787768772334,0.41617695298140156,0.5643678293153607,0.07181633788577188,0.4076573816193785,-1.0742879300664758,-0.9699501918243981,0.012668140212625096,0.06043030775339771,0.4440853866403723,-0.37812174344149563,-0.3862728996301545,-0.12891155020120923,0.18953174695046243,-0.42590728270641237,0.04564536235982062,-0.43783736119769295,-0.15936423187301144,0.17897663847705167,0.3755929596101855,1.0951032476509646,0.2882377901214359,0.18369977886549327
1.0339226714203114,0.007397216690082387,-0.0068434692484864645,-0.090518304240709,-0.6200318740562701,0.4710181441849794,-0.16525895607986202,-0.32390113710163587,-0.18221121668640392,-0.8049342497602714,-0.031623636883203916,0.11847388620070194,0.6674621795243484,-1.0866318941980289,-0.4905894800278723,0.7979207770987988,-0.6873768399474156,-0.45191832264473414,-1.6044795142822488,0.22152804233675508,-0.8348235974288246,-0.1785117583556321,-0.9838747872354887,-1.7255581341571729,0.14733416554608714,-0.022301222974453656,-0.4797496518761386,-0.22228335817012898,0.14080729973556422,-0.33767877310987476,0.1696429139773063,-0.5491435047100616,0.15382841145839984,0.41617695298140156,0.6664068940295947,0.8511418721578248,0.19606012324378358,0.7366728456375766,-1.3717278299165552,-1.136551837657536,-0.008068478506195801,0.25663695798822084,0.4676939266167353,-0.7495696097607599,-0.34317556664523036,0.015837293729711276,-0.24417536316222258,-0.8611437513154375,0.011075931411441661,-0.9039440032327224,-0.36534445785943154,0.575940816133242,0.43481052223048045,1.9548084541736757,0.31849826722629715,0.16441820561484466
1.4137273199085367,0.33017073246377626,-0.04603901003644584,-0.13615175941389784,-0.8911513369734019,0.34363751414196514,-0.06309638717823556,-0.19514860009859816,-0.04617111904597767,-1.178860443313672,0.2892456216371774,0.4472206621739835,0.7974286606432163,-1.0814983700589549,-0.5823534838749562,0.9280755926723566,-0.8089255568090087,-0.6933666283318809,-1.7312458471077365,0.2500129084441879,-1.1961128202944504,-0.4532646352588118,-1.105158729603171,-2.1407450184878476,0.1725994336917355,0.27841627705475414,-0.7468127210977942,-0.12637582953077806,0.334039503776275,-0.3716701794730312,0.050492480226380226,-0.9027710784094117,0.34363747933932887,0.5643678293153607,0.8511418721578248,1.1139250400595018,0.20938057809301203,0.8984144827573618,-1.9289986514693098,-1.6631777476768872,0.003988387432334297,0.24651178846887237,0.7209123128326667,-0.8841938555606959,-0.5780439772735207,-0.0925724908834859,-0.03395647121189831,-1.0089615972150863,0.04565014592731958,-1.0516086214291809,-0.4108003108502406,0.5888288248597465,0.6399632763951252,2.3947327965394574,0.4795165089675872,0.27587542793942643
