V1,V2,V3,V4,V5,V6,V7,V8,V9,V10,V11,V12,V13,V14,V15,V16,V17,V18,V19,V20,V21,V22,V23,V24,V25,V26,V27,V28,V29,V30,V31,V32,V33,V34,V35,V36,V37,V38,V39,V40,V41,V42,V43,V44,V45,V46,V47,V48,V49,V50,V51,V52,V53,V54,V55,V56
6.4384092269186,1.8553078963705882,-6.362869833002897,-1.8960058866315008,-1.8839281374474945,-8.907969607396112,0.7524757550385891,-0.06395552819564776,-2.0959081065558958,-4.381137362626738,6.721554983789264,4.414389550331615,-6.381544038334066,10.009440886958572,1.1872064992998066,2.17817470740507,-3.7509098180291303,-5.2614276273974525,1.845962592573292,-7.327889557806049,-0.029842221201878565,-2.8396609384663334,9.202864341347317,6.197386753429115,7.787417947686688,6.934956574711524,-0.5935025934600479,-4.3914931554453815,-6.146191550133192,-0.5062564817765843,5.504892061607848,3.5310238056190997,4.251412692084602,-0.431832380860276,5.8417904656978,-4.8274406228505296,-8.244957214981191,-3.6451989888095824,-4.8515267702749005,-5.009861015775935,8.018253444805813,10.316216516221925,4.464106215959957,-7.100526840578367,-7.4060190963713515,-2.968078143557562,8.873523256499418,-3.0904508830337987,-1.4861538285484888,-2.4981789993450048,5.260626939377114,-5.567525611417588,1.3039036238289832,0.3344192637649242,-5.485412225186139,0.27319203435717293
1.8553078963705882,1.733632403681602,-1.530399010670695,-0.5017661129319315,-0.8654487029282808,-2.961326901013049,0.7649338962569646,0.8698153660063216,0.308395358069516,-1.6329543205029176,2.8193097937945,2.191808498197796,-1.5580367208515,3.3546059598593994,0.4037648855392442,0.15192987542384961,-0.5750944318638967,-1.6531175602854737,1.6004071595271183,-1.703772527976672,-0.6079916196334993,-1.5625932304711398,2.5445472004733336,1.4731261357137801,1.629061322740909,2.771677708961889,-0.7208345578573353,-0.3111997470569337,-0.6771813109220659,0.1130999487171371,0.5119488801291648,-0.1143757320561117,1.5414192066386208,0.07398553964701318,1.3119567813303927,-0.868361975419179,-1.9375057130351085,-0.9092930777645485,-1.885702569202878,-2.0459173680645466,1.7914509754512487,1.9107960715799133,1.5127206615145583,-1.2862503004841637,-2.2063336044283957,-1.1087285877230886,3.0536516120073,-0.35433823753602595,-0.18946682064694279,-0.17961831314229765,1.3414548476044246,-1.769863582935059,0.6655943286559941,-0.20581048445507408,-0.8595721695813487,0.3449077407161489
-6.362869833002897,-1.530399010670695,6.364981930663872,1.8850580681647156,1.7802268293138337,8.703945763380997,-0.605090358846536,0.28776599207170644,2.3020284540150575,4.2360509424596575,-6.419695633346601,-4.130100851199221,6.377878563554988,-9.773393641443935,-1.1577628128190183,-2.2728632037401546,3.834781725409954,5.165107945902429,-1.5543436258345846,7.345195921706129,-0.12215377080767505,2.618174544123705,-9.122310682505754,-6.204044741739198,-7.851674173801225,-6.658189375675758,0.44747618435107966,4.581313024353875,6.35080567633849,0.5657750644226148,-5.71203757658053,-3.77591756771122,-4.121608670943845,0.4769898888507552,-5.867201311933434,4.903152746122989,8.259234252067257,3.638259840733486,4.671234744839758,4.798764283608828,-8.055580295514142,-10.46385247430209,-4.354530416321807,7.2093935894765,7.30096671914923,2.869226025149952,-8.64401954229257,3.189737779938126,1.5291228072469853,2.6054229098225155,-5.243152861984416,5.460517295097602,-1.2152901827501645,-0.40669593737628107,5.603524830562765,-0.20266676546358353
-1.8960058866315008,-0.5017661129319315,1.8850580681647156,0.5600063024401323,0.5427804373032676,2.608622645924908,-0.2012108103595251,0.05186640170038805,0.6511499209745236,1.2763899203315572,-1.9465897664853156,-1.2657672115204792,1.8897456221639077,-2.9301834324558027,-0.3473343353788962,-0.6591221803186476,1.12339209790825,1.5443176777048793,-0.5039054036806436,2.1731441625693937,-0.013526245865407818,0.8085539499971056,-2.7141407233651114,-1.8367218984219458,-2.3161656312405876,-2.013492631288876,0.1543173887332495,1.3287279463642918,1.8506672347009678,0.15871146081606355,-1.661078152881249,-1.0819553610598114,-1.2402167311600558,0.13455917482827343,-1.7341323019560917,1.4410815392994059,2.444344588699271,1.078729086839053,1.4105412906416421,1.45291195344649,-2.380581265561892,-3.0774877807560124,-1.3061924625828607,2.1192610905352676,2.1782838885842826,0.8646341186286871,-2.5946712288238176,0.9300235516696849,0.4465354155648347,0.7557569294278441,-1.5556840473689288,1.6334204871397289,-0.373191349478757,-0.10967833539457911,1.6422127400630144,-0.07054715973939216
-1.8839281374474945,-0.8654487029282808,1.7802268293138337,0.5427804373032676,0.6380498468791195,2.7125718532248038,-0.3676308491064284,-0.22024955785729847,0.36780971155242187,1.381632132235345,-2.2041409129817966,-1.5391123411752379,1.7916522651083018,-3.0552535772278304,-0.36394716684600703,-0.5093744585082832,0.9614728782163572,1.5763699806979892,-0.8275319720435076,2.0344127416613866,0.17002687954198153,1.0311467607355664,-2.6638441079474986,-1.7291586587876207,-2.1131590975787264,-2.237223219233384,0.32160076620978484,1.0282280420894454,1.5040672836371898,0.07846689586263231,-1.321698495931784,-0.7286356091486053,-1.329079288956324,0.07295397173595002,-1.6094122405498483,1.2718468324427563,2.294534757671201,1.0285948760501462,1.5508227797948566,1.627971599084331,-2.2064892834499505,-2.732839307992471,-1.3671152405239853,1.8732200264785972,2.1864489504637525,0.9366492637198225,-2.7300115526164275,0.7600397627367079,0.370606343583961,0.5856524155503909,-1.4923150021131928,1.6735726757191036,-0.45952537151899886,-0.016629922669313173,1.4110151844851564,-0.15155770098615767
-8.907969607396112,-2.961326901013049,8.703945763380997,2.608622645924908,2.7125718532248038,12.454826744984349,-1.2214139569083489,-0.20370076966019937,2.599798254840014,6.183424830313587,-9.590133868262614,-6.410200825845862,8.737219325041192,-14.003882334380698,-1.662981856087621,-2.857107614204647,5.02327900343362,7.324657514019093,-2.9057568851303066,10.004745563383347,0.23827316770825235,4.173704178850103,-12.697911871197341,-8.472137170428669,-10.572358619372121,-9.849504002706981,1.0019048811072886,5.7621715472320325,8.144097854967692,0.615219027277937,-7.26317703191872,-4.513349246869686,-5.986244312996495,0.5322971529507067,-7.960404489539625,6.507464938988471,11.263547186405242,4.997207464681022,6.872697871825273,7.129495917215027,-10.923299651142381,-13.924171253370469,-6.250873789910188,9.57421960259273,10.27062290285198,4.189976710928149,-12.440749634352285,4.099429871867376,1.9777051298688528,3.2786245286640985,-7.22127273045702,7.757747527043726,-1.8993281753194151,-0.3629676235853478,7.3524903273366,-0.4654998906770906
0.7524757550385891,0.7649338962569646,-0.605090358846536,-0.2012108103595251,-0.3676308491064284,-1.2214139569083489,0.33849839741102933,0.39856968559584,0.1721041313009595,-0.6813889820966723,1.188957276746716,0.9363716372915717,-0.6174561759445172,1.3848431104634313,0.166947852843671,0.037090916332552,-0.20717541591938282,-0.6775380916475369,0.7041966856728579,-0.6700155037108998,-0.27747309692634997,-0.6721268685148161,1.026521293033844,0.5813923682026099,0.629032970743656,1.1640141241226805,-0.32069030792718467,-0.07703641494318315,-0.2182821244694016,0.0592241671846032,0.15226924205439793,-0.10471489524004812,0.6414822425919339,0.04022761927548141,0.5129631443908299,-0.3252713341579753,-0.7632404137370813,-0.3615382026605497,-0.7899324388735394,-0.8608225901407676,0.6998395198793593,0.7202639876902394,0.6251999072897501,-0.48251635050954,-0.8985798539146161,-0.46274954467350726,1.2641249631441034,-0.11606807015130552,-0.06453946036680822,-0.04499412661792218,0.5350937545932537,-0.7263760802370522,0.2848893716429682,-0.0990775667842745,-0.31147417657358323,0.15360606415488748
-0.06395552819564776,0.8698153660063216,0.28776599207170644,0.05186640170038805,-0.22024955785729847,-0.20370076966019937,0.39856968559584,0.6586665091186771,0.6967083119095381,-0.23093469310298242,0.5869485624560766,0.63752119423359,0.27145834154857956,0.24897751835639098,0.03389045010807361,-0.3740763938081318,0.41194835036072347,-0.0492114276131468,0.7732233752266648,0.37491885543802794,-0.44373682178349694,-0.5231934756400564,-0.17093447501878103,-0.2932092260662183,-0.5329321718122279,0.503986266284324,-0.40140930362938176,0.7505527785741616,0.8714371962377828,0.1968910423973158,-0.8505762895982388,-0.873584417195204,0.19211143871636938,0.1512806854545214,-0.3331854805248996,0.435180861405939,0.40664643836068004,0.14073678273358634,-0.31308123461355875,-0.3964000423288308,-0.46420010200386186,-0.8891727192178605,0.12333057951590329,0.6334429853030207,0.020073104464007636,-0.15827474708461728,0.2797884020210894,0.4279383958732631,0.19165771557231917,0.4250566131091197,-0.18148667255905832,-0.06732521525451243,0.20177803613068584,-0.2271992098528101,0.5886929088511907,0.19447851447006126
-2.0959081065558958,0.308395358069516,2.3020284540150575,0.6511499209745236,0.36780971155242187,2.599798254840014,0.1721041313009595,0.6967083119095381,1.376539838382809,1.1442879168874425,-1.5166624492967313,-0.7371753311904102,2.291196341782858,-2.9006546068672487,-0.3395825096879511,-1.0710569271051933,1.6059038395845309,1.60855083552581,0.21205014532362468,2.695864576106102,-0.44641724366756236,0.3580365633485788,-3.077623530654901,-2.2555165366208634,-3.0030581118681883,-1.669171050139544,-0.22518197942700355,2.155726811476535,2.833231463594393,0.36186443968659543,-2.609563871486702,-2.010798310922713,-1.1432892463472297,0.2915815204704375,-2.1843345876859073,1.9693095932736395,3.017636017399904,1.2940598906443215,1.2082146182363274,1.1725719119690203,-3.0052571473147944,-4.166391046328856,-1.2809933859142233,2.8896668770297183,2.355990736276445,0.7733705300382002,-2.510768813868027,1.4140534257564878,0.665502378187024,1.2243260484001823,-1.8453017723454246,1.6865188897368315,-0.20388945805271325,-0.33873185712607995,2.3344494628598254,0.11362191518159018
-4.381137362626738,-1.6329543205029176,4.2360509424596575,1.2763899203315572,1.381632132235345,6.183424830313587,-0.6813889820966723,-0.23093469310298242,1.1442879168874425,3.095704887645295,-4.846446201230017,-3.2880378753710113,4.25561961684538,-6.95637146885592,-0.8268964575068912,-1.3351902440149217,2.3960996129238574,3.622554605810898,-1.5862312387461335,4.860354734304438,0.20553097506291634,2.162281648157238,-6.229041218682657,-4.120447149893396,-5.109053656409167,-4.957939919271714,0.5737534877289939,2.6934078497842577,3.8442599106560853,0.2644735886762437,-3.4139287749216476,-2.052988540055708,-2.9906858721202876,0.23252777555852794,-3.860386272504385,3.123375777863835,5.4749527345246545,2.4368178931240214,3.4520138420598356,3.595156634993831,-5.295749510711856,-6.6917064418563434,-3.1076167868922147,4.59689203743739,5.061859842623746,2.097986819605758,-6.191581443157867,1.9372787344959452,0.937493864995042,1.5330069948502698,-3.5257650941988454,3.839644396852099,-0.9768343478328411,-0.13422778426460388,3.5098130412613053,-0.2681486141630223
6.721554983789264,2.8193097937945,-6.419695633346601,-1.9465897664853156,-2.2041409129817966,-9.590133868262614,1.188957276746716,0.5869485624560766,-1.5166624492967313,-4.846446201230017,7.666647198427504,5.28544862173096,-6.455628424292138,10.795955571965898,1.2848538031364003,1.9238147661085996,-3.5436415621648756,-5.593650519105592,2.713634596841225,-7.3501295315229305,-0.4721939482893091,-3.5123294038801998,9.52878705127748,6.240029472881618,7.677406697799387,7.809126383346134,-1.0241914053667318,-3.8823914923770375,-5.6115364490147,-0.33790340626289656,4.9563961284021945,2.8534193841561235,4.671219232581796,-0.3048401445545148,5.8253791507733155,-4.655195674563627,-8.285067878834106,-3.701774076169994,-5.423729841113634,-5.67337949754913,7.9889656502211155,9.988502015731074,4.827015826935055,-6.853624126266233,-7.784927422536726,-3.2851662222387312,9.629399073521517,-2.831713084585525,-1.3758027714328782,-2.210401615407513,5.363695362745676,-5.934311150271651,1.5745425507596615,0.12657395736216606,-5.196062978336718,0.48108821644039407
4.414389550331615,2.191808498197796,-4.130100851199221,-1.2657672115204792,-1.5391123411752379,-6.410200825845862,0.9363716372915717,0.63752119423359,-0.7371753311904102,-3.2880378753710113,5.28544862173096,3.732199886119617,-4.160000512254653,7.223638976470335,0.8613099077208376,1.128481772834193,-2.183773169230014,-3.712495286836718,2.085330688374056,-4.711443769487909,-0.4802161029716682,-2.517926247778773,6.2275199553852705,4.009347044797578,4.867614622950453,5.3480556599689875,-0.8286617424707987,-2.2789721346421787,-3.3749469690880174,-0.14843460476318618,2.9502439738366264,1.5527778370072112,3.1575768793469168,-0.1438886888534407,3.7204221339015513,-2.90894068350969,-5.316799544553024,-2.3910720529682985,-3.7004370847150874,-3.896904897066492,5.099431689561667,6.258590294966344,3.2343673708642955,-4.2855005221071885,-5.133228517967652,-2.229442323715733,6.465008395389204,-1.707582679832316,-0.8357963073979741,-1.2983896282427705,3.4730817209979934,-3.9442992361374474,1.1163380719803513,-0.0025765078871326807,-3.20786928756259,0.3914905661614467
-6.381544038334066,-1.5580367208515,6.377878563554988,1.8897456221639077,1.7916522651083018,8.737219325041192,-0.6174561759445172,0.27145834154857956,2.291196341782858,4.25561961684538,-6.455628424292138,-4.160000512254653,6.3912913862211935,-9.811322703603121,-1.162393853301359,-2.270327368908722,3.8362738463052324,5.18293329123794,-1.579641090408437,7.358976319597099,-0.11100899185050397,2.640231760047429,-9.147173259949376,-6.216402085946352,-7.862926504908276,-6.6927187800801935,0.45936859429407706,4.576383049303205,6.348419272631812,0.5624222594507682,-5.708126842606995,-3.7652422562607177,-4.139839705117199,0.47459560938178663,-5.877271177955717,4.907567723215884,8.275119119580781,3.6463007327076205,4.69430758623713,4.824439946957933,-8.069293482548511,-10.474170832135908,-4.371690723784488,7.215922225517213,7.323840135497767,2.8825670308206655,-8.679077936667529,3.188730726964258,1.529021315259439,2.602614449741447,-5.255253995893292,5.479829650918677,-1.2244317946776169,-0.40193479864856246,5.606138235389648,-0.20838889390593196
10.009440886958572,3.3546059598593994,-9.773393641443935,-2.9301834324558027,-3.0552535772278304,-14.003882334380698,1.3848431104634313,0.24897751835639098,-2.9006546068672487,-6.95637146885592,10.795955571965898,7.223638976470335,-9.811322703603121,15.746237049632018,1.8700399783209432,3.199613940941669,-5.6329734973946275,-8.233468430824672,3.2893033178142446,-11.232692614206002,-0.281234272188525,-4.706617535709815,14.265717656059785,9.512800071800008,11.8657943107776,11.084932168906365,-1.1381938227590855,-6.453126451633545,-9.12645794747282,-0.6854241596759464,8.137030791096862,5.045908706101947,6.733620620458816,-0.593658671131642,8.936329740506963,-7.300390136971147,-12.646462676395862,-5.611995385964605,-7.733494425088762,-8.02464958959465,12.262306386573872,15.621974988388297,7.028922677957819,-10.740923269744044,-11.542263480832007,-4.713821620337926,13.990363591048197,-4.594187083377463,-2.2168661821497273,-3.6717902272042235,8.110307088069387,-8.72081347409024,2.1407177806860904,0.40091587670655593,-8.245395785395248,0.529067855173397
1.1872064992998066,0.4037648855392442,-1.1577628128190183,-0.3473343353788962,-0.36394716684600703,-1.662981856087621,0.166947852843671,0.03389045010807361,-0.3395825096879511,-0.8268964575068912,1.2848538031364003,0.8613099077208376,-1.162393853301359,1.8700399783209432,0.22212956699325095,0.3771572224280707,-0.6656409670308154,-0.9772457490055633,0.3954382765378693,-1.330349277844499,-0.0362616968546004,-0.5618994306303178,1.6916013484641015,1.1268674273682557,1.404416059641699,1.318595686273807,-0.1376772186130734,-0.7607433428209075,-1.07716290289963,-0.08002051847922304,0.9598890765019485,0.5929878647421368,0.8002336314518173,-0.06945903718134232,1.058118646783692,-0.8633894483790359,-1.4978889586158664,-0.6649887395480825,-0.9196262548266567,-0.9547298225173443,1.4519219363892573,1.8477541246958413,0.8348084719768373,-1.270261113466912,-1.3693970101151922,-0.5603586351295767,1.6618696630204832,-0.5422729385535916,-0.2617796814047302,-0.43284371718627396,0.9611427764840995,-1.035227978090465,0.2553186908015246,0.04600461592784662,-0.9744893242586709,0.06405041793489592
2.17817470740507,0.15192987542384961,-2.2728632037401546,-0.6591221803186476,-0.5093744585082832,-2.857107614204647,0.037090916332552,-0.3740763938081318,-1.0710569271051933,-1.3351902440149217,1.9238147661085996,1.128481772834193,-2.270327368908722,3.199613940941669,0.3771572224280707,0.9256708923874867,-1.4696485365085885,-1.7256315332705172,0.20050622956395653,-2.64087111901082,0.2276974763491377,-0.6653550531999056,3.1559370317865016,2.2206255910582313,2.87852675464919,2.039307861260252,0.017347819901883364,-1.864291425511712,-2.513312643562888,-0.274037146246348,2.2886054152893847,1.6436399051116837,1.3127686438223092,-0.22480537158021024,2.1236958575523928,-1.840516878690769,-2.9632334412968486,-1.2891525322061044,-1.447842419969685,-1.455934220306465,2.9185751832108098,3.9113778081199975,1.4204390555964772,-2.7036504061689275,-2.476852869261296,-0.9035551997015892,2.804891359831327,-1.2582947307152528,-0.5975152178767795,-1.0595347448811896,1.8489006235212309,-1.8178279832122364,0.32612328890821063,0.23309533126760487,-2.14184549959115,-0.013186609659279336
-3.7509098180291303,-0.5750944318638967,3.834781725409954,1.12339209790825,0.9614728782163572,5.02327900343362,-0.20717541591938282,0.41194835036072347,1.6059038395845309,2.3960996129238574,-3.5436415621648756,-2.183773169230014,3.8362738463052324,-5.6329734973946275,-0.6656409670308154,-1.4696485365085885,2.3985706819384456,3.007442894963745,-0.6247187964892832,4.441156858633995,-0.23545979319839302,1.3403667586846004,-5.4067387818751955,-3.742423176937574,-4.796243400493516,-3.713998962950145,0.11383589147602298,2.96095233829193,4.042124135970099,0.4041837523013368,-3.660258472196666,-2.5345850444285873,-2.3433699403858688,0.3352813752555994,-3.5600121096972237,3.0328952157465006,4.988303925780149,2.183165496501465,2.6207004439891097,2.664606745807852,-4.8902831925161925,-6.458026510370382,-2.5052407904333456,4.457181369778684,4.284172242317352,1.6222458140624731,-4.960076358583472,2.0266365731801446,0.9665374704234695,1.6832962726450904,-3.138351802785628,3.173736034687027,-0.6373603410844141,-0.3222881559940445,3.4999058923590725,-0.046871272262280085
-5.2614276273974525,-1.6531175602854737,5.165107945902429,1.5443176777048793,1.5763699806979892,7.324657514019093,-0.6775380916475369,-0.0492114276131468,1.60855083552581,3.622554605810898,-5.593650519105592,-3.712495286836718,5.18293329123794,-8.233468430824672,-0.9772457490055633,-1.7256315332705172,3.007442894963745,4.315266654829788,-1.630627763260646,5.941768443465241,0.09282646617620613,2.4055857862975625,-7.508347493231005,-5.0288403601935165,-6.293621117246548,-5.755576476117325,0.5477972392994159,3.4797137523909507,4.897712010098138,0.38411722420811845,-4.375866058976356,-2.7562758574099133,-3.5103807723728937,0.33024202381024015,-4.731457821290668,3.8853023723682343,6.6877060090600855,2.9627628492793625,4.020324304306778,4.162812381426308,-6.49321650157035,-8.309092488754919,-3.6739031776505557,5.715722139086455,6.060430937581966,2.454463206019829,-7.3081781648364705,2.4642333501535663,1.1872081146230475,1.9797646405662142,-4.279067267314913,4.568707690353184,-1.0986445150450506,-0.23869947286966578,4.400315953992638,-0.25365203038877926
1.845962592573292,1.6004071595271183,-1.5543436258345846,-0.5039054036806436,-0.8275319720435076,-2.9057568851303066,0.7041966856728579,0.7732233752266648,0.21205014532362468,-1.5862312387461335,2.713634596841225,2.085330688374056,-1.579641090408437,3.2893033178142446,0.3954382765378693,0.20050622956395653,-0.6247187964892832,-1.630627763260646,1.4816747733202604,-1.7377826593676258,-0.5425345247139921,-1.4774563370006675,2.5432856689592866,1.4986340063044454,1.6849141061855055,2.6775814784922716,-0.6600320949551962,-0.40883058312797665,-0.7875802802975359,0.08567151450327135,0.621080184442803,0.003951753478215393,1.5008851851153366,0.05292322176858736,1.3439730649799047,-0.9185494746515315,-1.9735296991810662,-0.9195869491995553,-1.8254525040322147,-1.9730005704349163,1.836559096837566,2.011705050258789,1.4816325830828991,-1.3587614078168557,-2.187859502836506,-1.0768996192948772,2.9869577105596057,-0.408190258437664,-0.21335610896911006,-0.23474845501650501,1.353017015114406,-1.7439974585277855,0.6320972536658239,-0.17369759078311464,-0.9303411492386667,0.3155021575013204
-7.327889557806049,-1.703772527976672,7.345195921706129,2.1731441625693937,2.0344127416613866,10.004745563383347,-0.6700155037108998,0.37491885543802794,2.695864576106102,4.860354734304438,-7.3501295315229305,-4.711443769487909,7.358976319597099,-11.232692614206002,-1.330349277844499,-2.64087111901082,4.441156858633995,5.941768443465241,-1.7377826593676258,8.47921289175502,-0.17006630377818074,2.978799428550618,-10.511157518607323,-7.16036330125802,-9.07264627399246,-7.630141005286651,0.4883971827216402,5.322895707228463,7.367615162434017,0.6642642050383194,-6.631000428969999,-4.404068731571614,-4.731224331140296,0.5590652643043726,-6.775247542935508,5.672433489119968,9.533378032627292,4.196997857599005,5.355786296788558,5.4970504271239475,-9.302785661509066,-12.10290380920781,-5.003873849092656,8.340036375962095,8.404744435606911,3.291980181731712,-9.930717406162229,3.6997670073685542,1.772740464300754,3.027027854703104,-6.0469268787550146,6.280607776837568,-1.3853998735220443,-0.48313518725380916,6.48873518203122,-0.22036100023356003
-0.029842221201878565,-0.6079916196334993,-0.12215377080767505,-0.013526245865407818,0.17002687954198153,0.23827316770825235,-0.27747309692634997,-0.44373682178349694,-0.44641724366756236,0.20553097506291634,-0.4721939482893091,-0.4802161029716682,-0.11100899185050397,-0.281234272188525,-0.0362616968546004,0.2276974763491377,-0.23545979319839302,0.09282646617620613,-0.5425345247139921,-0.17006630377818074,0.2998766178453756,0.38524087171584526,0.01126063366896387,0.12788230395777944,0.2714590271171523,-0.4186248720083613,0.2776560774641533,-0.45675882126076117,-0.5185081064178876,-0.12710261043741897,0.5116590516295623,0.5496084879123054,-0.17779490291067604,-0.09724448510433949,0.1586361017866133,-0.2391094373000335,-0.1810929478340663,-0.05377941719941841,0.26635155177980724,0.324346153649173,0.22247875707681844,0.48322258244066824,-0.13381952257714724,-0.34700341462296835,0.07034050868315343,0.14041289306500493,-0.28925189700368764,-0.2537099302296159,-0.11251322539321124,-0.25846669390671656,0.06295119227733967,0.10841025823326415,-0.15097583127168307,0.14933399442635806,-0.33519978564975866,-0.13435131114474208
-2.8396609384663334,-1.5625932304711398,2.618174544123705,0.8085539499971056,1.0311467607355664,4.173704178850103,-0.6721268685148161,-0.5231934756400564,0.3580365633485788,2.162281648157238,-3.5123294038801998,-2.517926247778773,2.640231760047429,-4.706617535709815,-0.5618994306303178,-0.6653550531999056,1.3403667586846004,2.4055857862975625,-1.4774563370006675,2.978799428550618,0.38524087171584526,1.714482517716225,-3.992295317795626,-2.5392514832949407,-3.0528909790361105,-3.5387079004203374,0.603066859198369,1.3444938393680295,2.031714533051927,0.06251237609173932,-1.7610111283039311,-0.8547270763070269,-2.07145545499008,0.06728841559907418,-2.3459544222266047,1.8046662371823383,3.364319183762469,1.5201284314450367,2.4424968452505507,2.5834657580449423,-3.2142170102880083,-3.8907537420168037,-2.109398697683363,2.6599950700333737,3.3112526474976836,1.4664046684240137,-4.221981995442251,1.0301744831941222,0.5072385555868265,0.7664374765270835,-2.2119126924250057,2.558318638205164,-0.7550208772320091,0.04010623102674351,1.971704967718221,-0.28572922946308366
9.202864341347317,2.5445472004733336,-9.122310682505754,-2.7141407233651114,-2.6638441079474986,-12.697911871197341,1.026521293033844,-0.17093447501878103,-3.077623530654901,-6.229041218682657,9.52878705127748,6.2275199553852705,-9.147173259949376,14.265717656059785,1.6916013484641015,3.1559370317865016,-5.4067387818751955,-7.508347493231005,2.5432856689592866,-10.511157518607323,0.01126063366896387,-3.992295317795626,13.164526050912501,8.887052609900095,11.186481201230688,9.843602038521384,-0.7989697890904318,-6.362699690262859,-8.883485468630541,-0.7467726427210208,7.964975463106333,5.148843294014083,6.048625112173728,-0.6351487676743829,8.38343031044606,-6.9474415378204935,-11.824749859100772,-5.223311271220687,-6.890777887212264,-7.106891291508669,11.507886522504506,14.841194631164063,6.360637415440073,-10.21746352530219,-10.579678486254283,-4.219891369154555,12.639451671587741,-4.465357488692319,-2.145722741180531,-3.6191103286583286,7.535314076145554,-7.943585700527742,1.8377299589010843,0.5046158669115022,-7.905600027303041,0.36660828166357307
6.197386753429115,1.4731261357137801,-6.204044741739198,-1.8367218984219458,-1.7291586587876207,-8.472137170428669,0.5813923682026099,-0.2932092260662183,-2.2555165366208634,-4.120447149893396,6.240029472881618,4.009347044797578,-6.216402085946352,9.512800071800008,1.1268674273682557,2.2206255910582313,-3.742423176937574,-5.0288403601935165,1.4986340063044454,-7.16036330125802,0.12788230395777944,-2.5392514832949407,8.887052609900095,6.047732930201151,7.656645396410011,6.47391941697096,-0.4277372726962191,-4.476190653083077,-6.201816589997012,-0.5547999347182379,5.579304442954882,3.694449111145393,4.009882450892072,-0.4675688728290617,5.720080387023518,-4.783552353131119,-8.05109975158224,-3.545924899328969,-4.542514262520994,-4.66509865619912,7.853881137375578,10.20747137303832,4.238013140725112,-7.033066213128601,-7.110174210957306,-2.7909848165475366,8.412239296512512,-3.1145512969269458,-1.4928864793604013,-2.5454692112474953,5.109547117862429,-5.316333690935385,1.1794076095607113,0.40020608908946625,-5.468532601824389,0.19348643792847997
7.787417947686688,1.629061322740909,-7.851674173801225,-2.3161656312405876,-2.1131590975787264,-10.572358619372121,0.629032970743656,-0.5329321718122279,-3.0030581118681883,-5.109053656409167,7.677406697799387,4.867614622950453,-7.862926504908276,11.8657943107776,1.404416059641699,2.87852675464919,-4.796243400493516,-6.293621117246548,1.6849141061855055,-9.07264627399246,0.2714590271171523,-3.0528909790361105,11.186481201230688,7.656645396410011,9.73466569441505,7.991499817865747,-0.4357891664398254,-5.8011630343299165,-7.995230035243915,-0.7451418994431562,7.209474030781972,4.851589801111595,4.980003888431033,-0.6241515151610707,7.2563492763064925,-6.107241245404817,-10.197536683021825,-4.4815113316407205,-5.617824426293581,-5.7505882994296575,9.964714404953456,13.022616291980665,5.283386021449124,-8.978074550966898,-8.920841395078924,-3.460027884246839,10.478214502768777,-4.0129792535357645,-1.9200550855395886,-3.298670846748735,6.452501069026876,-6.649350919979624,1.4283968830884495,0.5592500865283367,-7.0047861016142745,0.19388031147161355
6.934956574711524,2.771677708961889,-6.658189375675758,-2.013492631288876,-2.237223219233384,-9.849504002706981,1.1640141241226805,0.503986266284324,-1.669171050139544,-4.957939919271714,7.809126383346134,5.3480556599689875,-6.6927187800801935,11.084932168906365,1.318595686273807,2.039307861260252,-3.713998962950145,-5.755576476117325,2.6775814784922716,-7.630141005286651,-0.4186248720083613,-3.5387079004203374,9.843602038521384,6.47391941697096,7.991499817865747,7.968611118775244,-0.9938199095994166,-4.114803283720206,-5.914822058620316,-0.3782536187604445,5.236642870431344,3.073480257551381,4.7833452154153235,-0.33721535122496293,6.05281300078376,-4.862786082337159,-8.598254996843036,-3.8354451514677743,-5.540145169707954,-5.784614763922075,8.301985001637084,10.427095095947315,4.954380507525296,-7.158132302530595,-8.023833903075106,-3.3604789865859948,9.878319746525708,-2.982948314376311,-1.44679607458396,-2.342373774689426,5.553944150988103,-6.103790741207532,1.5913777993017069,0.16515143448413966,-5.443516595957876,0.4659156386221238
-0.5935025934600479,-0.7208345578573353,0.44747618435107966,0.1543173887332495,0.32160076620978484,1.0019048811072886,-0.32069030792718467,-0.40140930362938176,-0.22518197942700355,0.5737534877289939,-1.0241914053667318,-0.8286617424707987,0.45936859429407706,-1.1381938227590855,-0.1376772186130734,0.017347819901883364,0.11383589147602298,0.5477972392994159,-0.6600320949551962,0.4883971827216402,0.2776560774641533,0.603066859198369,-0.7989697890904318,-0.4277372726962191,-0.4357891664398254,-0.9938199095994166,0.3068549486273041,-0.03280519262723973,0.06487021833088452,-0.07208109085510106,-0.01474787720361169,0.19360849243281328,-0.5369297245366896,-0.051208774219302096,-0.3681664442482526,0.20521199318583802,0.5589268047548382,0.2712405828048484,0.6708841454429382,0.7380129436625674,-0.5010216329457862,-0.463916106646247,-0.5152845446980785,0.30607207656509205,0.715762084708481,0.38979619795029685,-1.0456303340113822,0.03901089397344966,0.027482998572294616,-0.017435504404370788,-0.40486851284009395,0.5890459758366231,-0.2531273262811374,0.10764372995662069,0.17491045117917037,-0.14725297594908043
-4.3914931554453815,-0.3111997470569337,4.581313024353875,1.3287279463642918,1.0282280420894454,5.7621715472320325,-0.07703641494318315,0.7505527785741616,2.155726811476535,2.6934078497842577,-3.8823914923770375,-2.2789721346421787,4.576383049303205,-6.453126451633545,-0.7607433428209075,-1.864291425511712,2.96095233829193,3.4797137523909507,-0.40883058312797665,5.322895707228463,-0.45675882126076117,1.3444938393680295,-6.362699690262859,-4.476190653083077,-5.8011630343299165,-4.114803283720206,-0.03280519262723973,3.754870305193623,5.062908357540491,0.5514132475052202,-4.609890323646607,-3.3093757909592583,-2.6480707029578707,0.45250230449050666,-4.280192713781271,3.7088403680324955,5.972714265105759,2.598717333859917,2.92093613473258,2.9377494286196897,-5.882320218524627,-7.881762881193709,-2.864746223383618,5.447903925703055,4.9940778459757205,1.8227818648721976,-5.657277121419458,2.534673017945203,1.203739900495143,2.133910580940451,-3.727094335426786,3.665858708926404,-0.6586496660422922,-0.46846714520815774,4.3154986291622786,0.025526441563851077
-6.146191550133192,-0.6771813109220659,6.35080567633849,1.8506672347009678,1.5040672836371898,8.144097854967692,-0.2182821244694016,0.8714371962377828,2.833231463594393,3.8442599106560853,-5.6115364490147,-3.3749469690880174,6.348419272631812,-9.12645794747282,-1.07716290289963,-2.513312643562888,4.042124135970099,4.897712010098138,-0.7875802802975359,7.367615162434017,-0.5185081064178876,2.031714533051927,-8.883485468630541,-6.201816589997012,-7.995230035243915,-5.914822058620316,0.06487021833088452,5.062908357540491,6.865477974814705,0.7195388339925446,-6.2353756109323335,-4.403640092748907,-3.7699194817736426,0.5933403141976255,-5.915577429480178,5.08549571747309,8.270933393533094,3.6086930251651754,4.186299742392089,4.232933828675101,-8.12814289521928,-10.817108205301658,-4.055025890059412,7.4715981117941235,7.004130665312889,2.602198881175761,-8.017889389710902,3.439372641279266,1.6366043924463702,2.877657413391076,-5.181209316836207,5.1640271316776225,-0.9802281577307449,-0.5946818302771426,5.894556999975842,-0.017911607279714522
-0.5062564817765843,0.1130999487171371,0.5657750644226148,0.15871146081606355,0.07846689586263231,0.615219027277937,0.0592241671846032,0.1968910423973158,0.36186443968659543,0.2644735886762437,-0.33790340626289656,-0.14843460476318618,0.5624222594507682,-0.6854241596759464,-0.08002051847922304,-0.274037146246348,0.4041837523013368,0.38411722420811845,0.08567151450327135,0.6642642050383194,-0.12710261043741897,0.06251237609173932,-0.7467726427210208,-0.5547999347182379,-0.7451418994431562,-0.3782536187604445,-0.07208109085510106,0.5514132475052202,0.7195388339925446,0.09575165922095481,-0.664894727752521,-0.5221064198135826,-0.26595777922841,0.07680421531592632,-0.5395659952704632,0.4924597758332306,0.7429655602809496,0.31708005299793,0.27615575035173817,0.26384985071019185,-0.7425810912911956,-1.0405203649264312,-0.3021245353825,0.7224364948957906,0.5667304255626138,0.17863098187580376,-0.5904284847939778,0.35883106325677044,0.16842926090408378,0.31313747244153817,-0.45130638524517874,0.40200108955174085,-0.039923457915755765,-0.09160102744585732,0.5870569571245643,0.036011041645022196
5.504892061607848,0.5119488801291648,-5.71203757658053,-1.661078152881249,-1.321698495931784,-7.26317703191872,0.15226924205439793,-0.8505762895982388,-2.609563871486702,-3.4139287749216476,4.9563961284021945,2.9502439738366264,-5.708126842606995,8.137030791096862,0.9598890765019485,2.2886054152893847,-3.660258472196666,-4.375866058976356,0.621080184442803,-6.631000428969999,0.5116590516295623,-1.7610111283039311,7.964975463106333,5.579304442954882,7.209474030781972,5.236642870431344,-0.01474787720361169,-4.609890323646607,-6.2353756109323335,-0.664894727752521,5.6694868325948535,4.033402946027454,3.351599201506916,-0.5470674142499263,5.327627615880794,-4.596053908449414,-7.44247062842923,-3.2432522752449486,-3.711049402783116,-3.7437729148466086,7.320951946665995,9.772159900586091,3.6140624742681395,-6.751924567248718,-6.267595385747424,-2.310680340120082,7.142079420024483,-3.122806789312147,-1.484666150884689,-2.6200246875011484,4.6543237204731,-4.612113075050444,0.8550947460702775,0.5565169999314694,-5.336355795924946,-0.004948162182452239
3.5310238056190997,-0.1143757320561117,-3.77591756771122,-1.0819553610598114,-0.7286356091486053,-4.513349246869686,-0.10471489524004812,-0.873584417195204,-2.010798310922713,-2.052988540055708,2.8534193841561235,1.5527778370072112,-3.7652422562607177,5.045908706101947,0.5929878647421368,1.6436399051116837,-2.5345850444285873,-2.7562758574099133,0.003951753478215393,-4.404068731571614,0.5496084879123054,-0.8547270763070269,5.148843294014083,3.694449111145393,4.851589801111595,3.073480257551381,0.19360849243281328,-3.3093757909592583,-4.403640092748907,-0.5221064198135826,4.033402946027454,3.005239358533009,2.033054684122759,-0.42422038470389917,3.5545050793649584,-3.141225165682325,-4.935857748222899,-2.132544752025262,-2.200253524365124,-2.1789470414763756,4.887705871988343,6.660467386293531,2.2346181328293953,-4.6115490727078425,-3.993649969818089,-1.3885931007946455,4.3978958775816865,-2.201063952315812,-1.040515620449606,-1.880047532919887,3.0499588164917033,-2.897354867816755,0.4414276627924638,0.46841501797635093,-3.6893112664062984,-0.10148195804627269
4.251412692084602,1.5414192066386208,-4.121608670943845,-1.2402167311600558,-1.329079288956324,-5.986244312996495,0.6414822425919339,0.19211143871636938,-1.1432892463472297,-2.9906858721202876,4.671219232581796,3.1575768793469168,-4.139839705117199,6.733620620458816,0.8002336314518173,1.3127686438223092,-2.3433699403858688,-3.5103807723728937,1.5008851851153366,-4.731224331140296,-0.17779490291067604,-2.07145545499008,6.048625112173728,4.009882450892072,4.980003888431033,4.7833452154153235,-0.5369297245366896,-2.6480707029578707,-3.7699194817736426,-0.26595777922841,3.351599201506916,2.033054684122759,2.890767865412037,-0.23282318093829524,3.7594807753958634,-3.0498310276236897,-5.328732503571871,-2.3698322700644274,-3.3321903101253323,-3.466982564326332,5.157729594606733,6.531918774286172,3.007461167789643,-4.488182663534493,-4.909430966809612,-2.026765044601051,5.990461072170041,-1.899213513836806,-0.9183545933438367,-1.5070494685609832,3.4277303970200057,-3.720082255560993,0.9374518800402053,0.14102059743985187,-3.4319469030229226,0.2506102542790672
-0.431832380860276,0.07398553964701318,0.4769898888507552,0.13455917482827343,0.07295397173595002,0.5322971529507067,0.04022761927548141,0.1512806854545214,0.2915815204704375,0.23252777555852794,-0.3048401445545148,-0.1438886888534407,0.47459560938178663,-0.593658671131642,-0.06945903718134232,-0.22480537158021024,0.3352813752555994,0.33024202381024015,0.05292322176858736,0.5590652643043726,-0.09724448510433949,0.06728841559907418,-0.6351487676743829,-0.4675688728290617,-0.6241515151610707,-0.33721535122496293,-0.051208774219302096,0.45250230449050666,0.5933403141976255,0.07680421531592632,-0.5470674142499263,-0.42422038470389917,-0.23282318093829524,0.06182923795411872,-0.45330274908894097,0.4103816804485539,0.625634179182998,0.267913115062101,0.24465417694419483,0.23632305944917964,-0.6237771966328879,-0.8677523204686832,-0.2619674022610302,0.6020208298890632,0.48482682575571456,0.15715365317245217,-0.5130523250051633,0.29600598573906595,0.13921153686355234,0.25694455368529795,-0.3817746580824542,0.34610576373549967,-0.03946981913601407,-0.07234034762613839,0.48732423892184557,0.025737205993213642
5.8417904656978,1.3119567813303927,-5.867201311933434,-1.7341323019560917,-1.6094122405498483,-7.960404489539625,0.5129631443908299,-0.3331854805248996,-2.1843345876859073,-3.860386272504385,5.8253791507733155,3.7204221339015513,-5.877271177955717,8.936329740506963,1.058118646783692,2.1236958575523928,-3.5600121096972237,-4.731457821290668,1.3439730649799047,-6.775247542935508,0.1586361017866133,-2.3459544222266047,8.38343031044606,5.720080387023518,7.2563492763064925,6.05281300078376,-0.3681664442482526,-4.280192713781271,-5.915577429480178,-0.5395659952704632,5.327627615880794,3.5545050793649584,3.7594807753958634,-0.45330274908894097,5.415535076965001,-4.542097443511728,-7.616794936013151,-3.351181368625777,-4.250862643318296,-4.359034894732748,7.436100865782076,9.689291662681335,3.98033241855288,-6.677961543779167,-6.697403438843291,-2.6145451765390977,7.897462045993569,-2.970174160150479,-1.4224213474732492,-2.434034289055915,4.827239755198168,-5.000390402654489,1.0932743519403996,0.39697271341379714,-5.200544020860134,0.16541018602756313
-4.8274406228505296,-0.868361975419179,4.903152746122989,1.4410815392994059,1.2718468324427563,6.507464938988471,-0.3252713341579753,0.435180861405939,1.9693095932736395,3.123375777863835,-4.655195674563627,-2.90894068350969,4.907567723215884,-7.300390136971147,-0.8633894483790359,-1.840516878690769,3.0328952157465006,3.8853023723682343,-0.9185494746515315,5.672433489119968,-0.2391094373000335,1.8046662371823383,-6.9474415378204935,-4.783552353131119,-6.107241245404817,-4.862786082337159,0.20521199318583802,3.7088403680324955,5.08549571747309,0.4924597758332306,-4.596053908449414,-3.141225165682325,-3.0498310276236897,0.4103816804485539,-4.542097443511728,3.847753256449227,6.373372168134957,2.7948853751388216,3.424882314757143,3.493682908732194,-6.238551537509969,-8.198238121945806,-3.248493132427207,5.655260210808234,5.5216126604193985,2.115012908384354,-6.437013645823318,2.5509130734120578,1.2184569138091996,2.1085761496644526,-4.020632077568474,4.10255578477988,-0.8512310471916809,-0.38216357227572195,4.427519196344563,-0.08875605577999242
-8.244957214981191,-1.9375057130351085,8.259234252067257,2.444344588699271,2.294534757671201,11.263547186405242,-0.7632404137370813,0.40664643836068004,3.017636017399904,5.4749527345246545,-8.285067878834106,-5.316799544553024,8.275119119580781,-12.646462676395862,-1.4978889586158664,-2.9632334412968486,4.988303925780149,6.6877060090600855,-1.9735296991810662,9.533378032627292,-0.1810929478340663,3.364319183762469,-11.824749859100772,-8.05109975158224,-10.197536683021825,-8.598254996843036,0.5589268047548382,5.972714265105759,8.270933393533094,0.7429655602809496,-7.44247062842923,-4.935857748222899,-5.328732503571871,0.625634179182998,-7.616794936013151,6.373372168134957,10.718948453037449,4.719817784190449,6.034393482599938,6.1952960235729035,-10.458116761314686,-13.599376310717552,-5.633965631007028,9.370770598007894,9.457805813079954,3.7082955698752027,-11.1820082421734,4.153611592699005,1.9905080970965134,3.396612889186699,-6.800691707046551,7.069430548856583,-1.5637385822808167,-0.5384402474423803,7.288439006251772,-0.2524939238906961
