V1,V2,V3,V4,V5,V6,V7,V8,V9,V10,V11,V12,V13,V14,V15,V16,V17,V18,V19,V20,V21,V22,V23,V24,V25,V26,V27,V28,V29,V30,V31,V32,V33,V34,V35,V36,V37,V38,V39,V40,V41,V42,V43,V44,V45,V46,V47,V48,V49,V50,V51,V52,V53,V54,V55,V56
3.1186426915937115,1.208960568591697,-3.0035296156667175,-0.906833363647859,-0.9960434283848713,-4.4167873154342026,0.5063147175295472,0.19888001168329564,-0.7790867542799819,-2.2180274025066864,3.484086429781555,2.3762384668276892,-3.018286358537689,4.969900454039432,0.5909699793964953,0.9319753507645832,-1.685979088512063,-2.5839570042575972,1.170539214053144,-3.443840626943772,-0.1696383462688008,-1.568088224337287,4.429732686015924,2.920770895215038,3.6128420964897976,3.5592101750723755,-0.42980047278902606,-1.880156244858509,-2.6939096917673937,-0.17821340770497007,2.3883689003432536,1.417347567622207,2.1411318817748715,-0.1577846428355073,2.7335075825440716,-2.202924131738796,-3.880139677753809,-1.7290522498241525,-2.476241324183507,-2.58257276490092,3.749452634984663,4.722045660189445,2.2208867451660224,-3.242679828269239,-3.6059610941441504,-1.5032373557550254,4.42657981822074,-1.3582079437257488,-0.6580484413324416,-1.070284105483331,2.5029128290243534,-2.739536779257214,0.7066182782658038,0.08391466898437397,-2.4703190371220765,0.2012262195158555
1.208960568591697,1.797146207964481,-0.8284698687305073,-0.3021341293253308,-0.7435249335939216,-2.1491880148392184,0.8035668112302603,1.061267021711164,0.7088635467085688,-1.2703139648136692,2.3283398909201645,1.9402398528448492,-0.8588558877989343,2.447683486714989,0.29741492180200574,-0.1658317366758751,-0.09318356274688304,-1.1534539042999898,1.6376391596215236,-0.8831460331815554,-0.7298745862745117,-1.4325695317628953,1.5982692099612494,0.7857811978725394,0.7191594870550553,2.236551363599793,-0.7757943512948476,0.32845572751887164,0.16773153738335914,0.2178685241608547,-0.26450148025580555,-0.7046624958244634,1.1805095190255903,0.1586804885258454,0.6481257544693713,-0.2748185326986907,-1.0184520513359814,-0.5139355869282789,-1.5002636848976008,-1.6684492358803522,0.8783438389923495,0.6539130790859534,1.1117175046823973,-0.41513622637422276,-1.4778749167616856,-0.86355290900574,2.2662737052869923,0.0676050970073964,0.009474650671941288,0.18370875098679806,0.7769812577829993,-1.2453985501045393,0.5950829353833464,-0.30229831020382675,-0.15865522958372863,0.37293433890383854
-3.0035296156667175,-0.8284698687305073,2.9777074526340597,0.8858780260022571,0.868873340713955,4.143490815431575,-0.33410941001620925,0.05726616078954195,1.005943992239518,2.0323570333121763,-3.1084057935658502,-2.0309298501277433,2.985762606678199,-4.655022586035687,-0.551962069699008,-1.030801103835781,1.7654308140020734,2.450252651845518,-0.8282211147353323,3.431144454028992,-0.004638534558600963,1.301722100375197,-4.296590133890106,-2.900886183049166,-3.651901203875566,-3.2113312184620817,0.2598627623157328,2.0781495538618895,2.9010655248604738,0.24415998707792091,-2.6012735178690787,-1.682257171782175,-1.9735436147952008,0.20760489584385242,-2.7366970044595043,2.268240320692303,3.859906591805942,1.704916960994727,2.248149796763761,2.3184845008692183,-3.756633130318824,-4.845415398752925,-2.075532675123134,3.3359065305498707,3.4527321534983133,1.3768067019022676,-4.124249594098454,1.4582526494709516,0.7006839086631755,1.1820749825316412,-2.45954174672156,2.5922185485369575,-0.5993064034044251,-0.16525277453030213,2.5812955968573497,-0.11921347063448853
-0.906833363647859,-0.3021341293253308,0.8858780260022571,0.2655302130476212,0.27632659067553117,1.2680980032520737,-0.12464436602128877,-0.021231886624142833,0.26414442335675087,0.6296838730749229,-0.9767579217465938,-0.6530686970378814,0.8892680780281489,-1.4258233193411132,-0.1693165654344584,-0.29059309135768413,0.5110875701579399,0.7457230447062664,-0.29638003431721877,1.0182352675777755,0.02460554251155241,0.425298678427865,-1.292553695778673,-0.8622496788999782,-1.075906208277932,-1.0031000886681978,0.1023091271815322,0.5860463155434893,0.82843898974984,0.06248743661520293,-0.7387781428713038,-0.4588068089320275,-0.609571181487165,0.054069249505707906,-0.8101578680004077,0.6621434279276645,1.1463627367661255,0.5086179341166521,0.6999251259081791,0.7261279285878913,-1.1116832274699577,-1.416865728252216,-0.6364639937283978,0.9742245207357049,1.045579851992918,0.4266759224901934,-1.2667260911921212,0.4170264746572413,0.2011928184385105,0.33346808439358744,-0.7350112070305039,0.7898118634440061,-0.193518391046811,-0.03680805756059514,0.748061739639095,-0.047539590010809075
-0.9960434283848713,-0.7435249335939216,0.868873340713955,0.27632659067553117,0.4142890537427688,1.5281367510224282,-0.32508166269733013,-0.3282862753731057,-0.023146125458851873,0.8188419888147372,-1.3757560405582707,-1.0330783632400873,0.8801933688764155,-1.7273783433559773,-0.20709823282395023,-0.1558613762779272,0.3877089605794576,0.8660881862877481,-0.6922782131815858,0.9782729417918854,0.2328880412028087,0.7226842755420873,-1.3826781783929014,-0.8395148255111744,-0.9705170380623226,-1.3672185011774498,0.3011811455173859,0.3160122952395896,0.5342550992218834,-0.02027256150379919,-0.44251946125308295,-0.11522567249448686,-0.7781146627850241,-0.008774426918825944,-0.762306761785093,0.5476917229305387,1.108513444536341,0.5101121762250604,0.9362675458981864,1.0043756546069318,-1.0427190828996826,-1.191527736076461,-0.7767732522103739,0.8091355106601313,1.1731725181515116,0.5556383663659058,-1.5617536511827501,0.27396252792863446,0.1389791039541969,0.18080275946384158,-0.7473354286140661,0.9242422565864777,-0.31209622045744306,0.06319964428990672,0.5739711463696512,-0.14362077745020746
-4.4167873154342026,-2.1491880148392184,4.143490815431575,1.2680980032520737,1.5281367510224282,6.399387555488513,-0.9168629498656354,-0.6054180511710825,0.7709367713153223,3.2762755573090465,-5.256134031103658,-3.700643582453497,4.172634776552197,-7.210543802248253,-0.8595673503831043,-1.1464570658360538,2.2034429055882954,3.7095301439672865,-2.0475256720893587,4.729001016911428,0.4585146138164538,2.4921038300050093,-6.234983944372297,-4.023128350956878,-4.892809572051926,-5.322765786716563,0.8089894236006435,2.3151239097382077,3.4168395744633413,0.15796639889774858,-2.9911644011663436,-1.595067407847064,-3.1477628467904264,0.15125063363858623,-3.736038611623753,2.929731867992691,5.335808593169082,2.3976136888191815,3.6845837894309894,3.8769857256061226,-5.1212600282122525,-6.30089811061651,-3.2278668977097036,4.3156292427403224,5.133431865235443,2.221420239489373,-6.450471320039167,1.7280887981043584,0.8449949069931071,1.3188125766097474,-3.4814226874514076,3.940485381165834,-1.1063347567455302,-0.008347963969352345,3.2360486497042853,-0.38196496368753785
0.5063147175295472,0.8035668112302603,-0.33410941001620925,-0.12464436602128877,-0.32508166269733013,-0.9168629498656354,0.35981428557452166,0.48218390299470615,0.33561264623337744,-0.5477396877281422,1.0126019292552133,0.8516415949271975,-0.3477916245525297,1.0451087838293993,0.1271876278870792,-0.0896598004555636,-0.017546873040758148,-0.4888914585259759,0.7312494472024045,-0.3525680356199651,-0.3311110656550581,-0.6315733864303527,0.6648402405899654,0.315853084109559,0.2750896784301181,0.9695272588942555,-0.3482443771204844,0.17807111289220903,0.11667896553471967,0.10224544873830743,-0.15638256483025423,-0.3431588595992604,0.5078405661733526,0.07487321658406351,0.255668654080402,-0.09292526266494244,-0.40793995878296935,-0.2092672761411023,-0.6490114268767347,-0.7243180804162448,0.34583066642046417,0.22878939677366397,0.4752043506662536,-0.14160014472036972,-0.6220166699588847,-0.3724277771364772,0.9702365449579469,0.05108888424359851,0.01410352645882931,0.09988760044744786,0.31801342408433586,-0.5286282779594497,0.26152637222095726,-0.13946688406461216,-0.03584420057928633,0.16748660589839082
0.19888001168329564,1.061267021711164,0.05726616078954195,-0.021231886624142833,-0.3282862753731057,-0.6054180511710825,0.48218390299470615,0.7417778054041526,0.69919470235879,-0.44553854343852417,0.9465047606341088,0.9064933867264742,0.038045305934450616,0.7029856939616582,0.08830834638273695,-0.3310700473839034,0.30763587988014274,-0.2772187858951664,0.9517021412269892,0.11512751269791362,-0.5027968315469293,-0.7109484231308754,0.1944008555581958,-0.07038337777823075,-0.2743718455623049,0.8617228565868659,-0.4786965461782019,0.6633695293609168,0.7260970648674326,0.20121873328790585,-0.7295291404757501,-0.8386670693645685,0.3961957716936025,0.15279922681573221,-0.1305503693151854,0.2885505243018797,0.11236325298309577,0.005542899277379145,-0.5581964303822078,-0.659038534861561,-0.18696341322600865,-0.5705133048341294,0.3274122213392391,0.41690712014083137,-0.2892333355605434,-0.3039009416145186,0.6899670238686636,0.3535262665499207,0.15403192909974317,0.3752140167235503,0.016435706928511554,-0.31058630836093426,0.28297956479907865,-0.24271602750181293,0.43435009221304793,0.23131919820215985
-0.7790867542799819,0.7088635467085688,1.005943992239518,0.26414442335675087,-0.023146125458851873,0.7709367713153223,0.33561264623337744,0.69919470235879,0.9638510039747633,0.24174358704844742,-0.12644822532322966,0.1818063503923284,0.9908891091660764,-0.8451675885379231,-0.09567285326777145,-0.6339071145753419,0.8476070982542845,0.5300443272044817,0.6083551927340238,1.2042348534360006,-0.4630033833878216,-0.23579248637995537,-1.1972263698779027,-0.9934099376148056,-1.4210777927491625,-0.2372217158270447,-0.35619161371031716,1.274258164957735,1.595314380132515,0.26286392659305446,-1.5024754648068446,-1.3084163130172604,-0.268212196102946,0.20672620298839206,-0.9960368355381122,0.9910944113844101,1.338975163247376,0.5509649061091896,0.20742080225467976,0.13738197789688333,-1.3743815223614058,-2.0750296379940636,-0.3639974334830916,1.4507276860957066,0.839984321902062,0.1618711708960796,-0.687167449391404,0.7913767577263353,0.36572295845109015,0.7228584433526791,-0.7723966658790733,0.5448835834297545,0.0678655598601073,-0.2756690231058609,1.225146058461109,0.1741567041471343
-2.2180274025066864,-1.2703139648136692,2.0323570333121763,0.6296838730749229,0.8188419888147372,3.2762755573090465,-0.5477396877281422,-0.44553854343852417,0.24174358704844742,1.7043327445826224,-2.7800170071573556,-2.004889986646209,2.050459492879859,-3.695621030324715,-0.4414037784447178,-0.49997079940534356,1.0259397467872136,1.8846370915036335,-1.1982708968329885,2.309658293884444,0.3258708882242389,1.3700641140831866,-3.11369197777718,-1.9701849085876642,-2.358947431178686,-2.7960855121426698,0.49391901985984565,1.0104887419050523,1.5414188533027993,0.03808764810854738,-1.3308192961371275,-0.6205107946657958,-1.6310924030217824,0.0442784706958994,-1.816947731996754,1.3877664723893985,2.609505906105577,1.1813936589983718,1.9281115112403013,2.0429617123868566,-2.4889258672994616,-2.9948013678197647,-1.6570118960366937,2.0460955035577277,2.5893183718286794,1.1558843464053539,-3.3182501371230813,0.7824085402930869,0.3862594183549396,0.5762486162152777,-1.7203617434084069,2.0050399691989798,-0.6017972154460172,0.04373774913833868,1.5100285178486559,-0.23424734828753102
3.484086429781555,2.3283398909201645,-3.1084057935658502,-0.9767579217465938,-1.3757560405582707,-5.256134031103658,1.0126019292552133,0.9465047606341088,-0.12644822532322966,-2.7800170071573556,4.61199837034545,3.4047230506863317,-3.1431097304039457,5.936014357973098,0.7105670464782549,0.6532144896536669,-1.4711168178189031,-2.9984759427360164,2.179146551828882,-3.5149712724381996,-0.6781831246147703,-2.3587867410018704,4.861514709544701,3.008309069549901,3.5348489216312524,4.6069446348978325,-0.9284465412349914,-1.3224049369528774,-2.117703424259536,0.0121091134914987,1.792270382457467,0.6605955627135268,2.650019058776897,-0.014527265763393221,2.7509828456560372,-2.034996355831045,-3.977512466686302,-1.8167336454188587,-3.164003683700373,-3.376259303082075,3.7656624518212687,4.409594663361413,2.665712330729307,-3.003102972394261,-4.0874682315870166,-1.8860971697543414,5.350425578112339,-1.0800897035482937,-0.5404748146338855,-0.7551103386168193,2.654074571340956,-3.1956714530875874,1.0257510888575745,-0.1528502518967731,-2.1719086843922573,0.441843194979137
2.3762384668276892,1.9402398528448492,-2.0309298501277433,-0.6530686970378814,-1.0330783632400873,-3.700643582453497,0.8516415949271975,0.9064933867264742,0.1818063503923284,-2.004889986646209,3.4047230506863317,2.592311314602305,-2.0611211838852377,4.186612768477103,0.5027234483218279,0.3057518380760044,-0.8547489637441354,-2.085271312606977,1.8000982180563667,-2.2774462542630465,-0.6386556320100804,-1.8274205392927636,3.284076815096114,1.9598036575124826,2.230157113908755,3.3692151666016357,-0.7947639738441453,-0.6215479866248352,-1.1229168917239758,0.08434011565714487,0.906721193557218,0.11797776157746796,1.9003030216673242,0.04839897667099644,1.7671135845999166,-1.2343094669084487,-2.5839385362615985,-1.1975697610275657,-2.301223164816241,-2.4796461093573527,2.415739710521154,2.695433077244392,1.8845748817724157,-1.8249460827333026,-2.808951594990364,-1.3608148459786527,3.794998695041038,-0.5791228297663998,-0.29845826366346345,-0.35629192299535145,1.758864695267827,-2.2281231216163127,0.7847528053678342,-0.19297999751341482,-1.2694113818936368,0.3795543313822306
-3.018286358537689,-0.8588558877989343,2.985762606678199,0.8892680780281489,0.8801933688764155,4.172634776552197,-0.3477916245525297,0.038045305934450616,0.9908891091660764,2.050459492879859,-3.1431097304039457,-2.0611211838852377,2.994394615465954,-4.68840115263928,-0.5560753347807011,-1.025399983893938,1.7630065146926912,2.4653232888890617,-0.8558598462174531,3.4391588865233027,0.008423398981672041,1.3244606565161734,-4.315523180115049,-2.908477306957998,-3.656436454798311,-3.24414945588374,0.2731692103357852,2.0674672846281523,2.891410347895707,0.23966136179211942,-2.590544609174497,-1.6657804668477494,-1.9902151636873564,0.2043085536914083,-2.742016722411772,2.2680385930675984,3.869366951342104,1.7102942708723832,2.2698471164014475,2.343059264691746,-3.7637993918011055,-4.846033839900108,-2.090711574493077,3.335660649390349,3.4713403209066414,1.3891647790412804,-4.15552476373088,1.4536313850739755,0.6989078406687108,1.17599806470818,-2.4678873109640356,2.60869044423328,-0.6085912277556415,-0.15930021915349923,2.5782501378089138,-0.12562802549993649
4.969900454039432,2.447683486714989,-4.655022586035687,-1.4258233193411132,-1.7273783433559773,-7.210543802248253,1.0451087838293993,0.7029856939616582,-0.8451675885379231,-3.695621030324715,5.936014357973098,4.186612768477103,-4.68840115263928,8.125184602527563,0.968759857614644,1.2783610402859906,-2.466999610074901,-4.177448317333414,2.3301921815816184,-5.311317011530586,-0.5305501142446606,-2.8224168358840402,7.013308887476097,4.5194542260686825,5.490553861978582,6.008321887769083,-0.9237282109364163,-2.5817271279148977,-3.8180318076689663,-0.17139667002922646,3.3395035423590955,1.76719003783855,3.549727283632145,-0.16536582172270395,4.194830221243078,-3.2839288104106035,-5.99337521043513,-2.694492264231556,-4.157899849039425,-4.377215394193174,5.749970258191759,7.064058664106819,3.6376443350334475,-4.8375063321507605,-5.778107025586731,-2.5058383430309954,7.270512726095737,-1.9313556687597528,-0.9449858914369819,-1.4707186068237943,3.913203900393921,-4.438088437197166,1.2519592824215091,0.0018867964579655653,-3.6237260637014996,0.43630387278946986
0.5909699793964953,0.29741492180200574,-0.551962069699008,-0.1693165654344584,-0.20709823282395023,-0.8595673503831043,0.1271876278870792,0.08830834638273695,-0.09567285326777145,-0.4414037784447178,0.7105670464782549,0.5027234483218279,-0.5560753347807011,0.968759857614644,0.11554817260222187,0.14947268047559842,-0.29066855952849735,-0.49748038688120066,0.28281551924362613,-0.6294623078964768,-0.06622971493222027,-0.3395658315368287,0.83347865895073725,0.5358573293565884,0.6496668504567831,0.7185881559497852,-0.11273719746970037,-0.3019577190882876,-0.4482519826756247,-0.01899916846945722,0.3914377721043892,0.20418522705390635,0.42379333878378306,-0.01863167524700551,0.49685004484863976,-0.3877864157356933,-0.7104087468003658,-0.31970580715711394,-0.496974828663687,-0.5236706173139895,0.6810292474182988,0.8344164009445035,0.4337600495108334,-0.5712180048522177,-0.6874890566224332,-0.2993302344843174,0.8672306649270937,-0.22680313521608356,-0.11111321035888659,-0.17200203285944782,0.4644416286914887,-0.5286662173293433,0.15039658733067332,-0.0014501039031831688,-0.4271243277729847,0.05328583026969602
0.9319753507645832,-0.1658317366758751,-1.030801103835781,-0.29059309135768413,-0.1558613762779272,-1.1464570658360538,-0.0896598004555636,-0.3310700473839034,-0.6339071145753419,-0.49997079940534356,0.6532144896536669,0.3057518380760044,-1.025399983893938,1.2783610402859906,0.14947268047559842,0.4876737325901678,-0.7261912841049821,-0.7119584656513875,-0.11999318398331431,-1.2084006884567047,0.21277753468328345,-0.14138258041191934,1.3708863013534205,1.0102164493802235,1.3499755203564894,0.7236376730415468,0.11325055645363107,-0.9813604668088033,-1.2859129045585749,-0.16712215202875294,1.1860200126023421,0.9211152778251334,0.5007731823822928,-0.1343640778790341,0.9801576914881714,-0.8880576823823791,-1.3522019281360416,-0.5786946641947492,-0.5256315904215334,-0.5070217946455032,1.3486454936893786,1.8779354669177624,0.5641792349890942,-1.3030749101734518,-1.0458323099673652,-0.33779040781137926,1.104441580584024,-0.6416318736993568,-0.3016168860384002,-0.5573744827927704,0.8246184197543827,-0.7458619139614171,0.08374711126700009,0.15799643092429158,-1.0552002419938469,-0.05688058102406419
-1.685979088512063,-0.09318356274688304,1.7654308140020734,0.5110875701579399,0.3877089605794576,2.2034429055882954,-0.017546873040758148,0.30763587988014274,0.8476070982542845,1.0259397467872136,-1.4711168178189031,-0.8547489637441354,1.7630065146926912,-2.466999610074901,-0.29066855952849735,-0.7261912841049821,1.1478551194206639,1.3329022675137279,-0.1334213069393442,2.052408261579556,-0.18843879496840313,0.4998493206599149,-2.4449556289980547,-1.7251715072317488,-2.24058230457847,-1.562733793384049,-0.024617200439849184,1.4624460075434795,1.967645374471558,0.21738983717763904,-1.7933212191269738,-1.2952630381015706,-1.0096795615410838,0.1780407428887465,-1.6513697020250089,1.4352436935691346,2.302547401612595,1.0007037142721156,1.1107560657173428,1.1146831687109375,-2.269626818126129,-3.0491397501917765,-1.0948555831264442,2.1081804736698717,1.9156856953230417,0.6942155462545532,-2.16094670629719,0.9848834031537916,0.4673551494842186,0.8311207202603539,-1.434647430148692,1.403671241232626,-0.24653145028336837,-0.1865989156299103,1.6725264952121968,0.015624928894778695
-2.5839570042575972,-1.1534539042999898,2.450252651845518,0.7457230447062664,0.8660881862877481,3.7095301439672865,-0.4888914585259759,-0.2772187858951664,0.5300443272044817,1.8846370915036335,-2.9984759427360164,-2.085271312606977,2.4653232888890617,-4.177448317333414,-0.49748038688120066,-0.7119584656513875,1.3329022675137279,2.1582943334779734,-1.105163103239355,2.8018355932904324,0.21638514885883817,1.3934596007256446,-3.656771784685334,-2.3805375135971807,-2.915634101673345,-3.0469089068379853,0.425685053780617,1.437046624634892,2.093633171005136,0.11486960592056662,-1.8429366417296573,-1.0311297830769812,-1.8140962887305212,0.10563803320969338,-2.2178526407513375,1.7591414798320755,3.1594724008515036,1.414801608714655,2.1133948347682816,2.216009659543796,-3.0409650086030346,-3.778106248714283,-1.86877636752403,2.590570195374091,2.9968974467713583,1.2776072833737568,-3.7305759494807926,1.057463372363628,0.5150143501362698,0.8183854656399967,-2.0517603715274437,2.2908557874509845,-0.6221477563102459,-0.03120530150542371,1.9555647723260812,-0.20041194793232228
1.170539214053144,1.6376391596215236,-0.8282211147353323,-0.29638003431721877,-0.6922782131815858,-2.0475256720893587,0.7312494472024045,0.9517021412269892,0.6083551927340238,-1.1982708968329885,2.179146551828882,1.8000982180563667,-0.8558598462174531,2.3301921815816184,0.28281551924362613,-0.11999318398331431,-0.1334213069393442,-1.105163103239355,1.4946393346374416,-0.8901740178998394,-0.6553189271090791,-1.32349610268863,1.5570853742862403,0.788010382963356,0.7490442608635307,2.0996034263686267,-0.7040947191837768,0.23639822114830553,0.06873525972083708,0.18886203786250794,-0.16417475235315643,-0.5853606460494206,1.116059036263888,0.13659799779095483,0.6593113337781028,-0.31103496619455795,-1.0238102034173149,-0.5098936801269855,-1.4108119997051842,-1.563908082174948,0.8950123598189302,0.7241137018003747,1.057092499011033,-0.4669351880329709,-1.4248885113839274,-0.8145417303179228,2.152112810292125,0.019706417190079446,-0.011272945528018434,0.13179865984757047,0.7674087781857164,-1.191937873317884,0.551365106615199,-0.26720931665289926,-0.2154386539296059,0.3383178693545749
-3.443840626943772,-0.8831460331815554,3.431144454028992,1.0182352675777755,0.9782729417918854,4.729001016911428,-0.3525680356199651,0.11512751269791362,1.2042348534360006,2.309658293884444,-3.5149712724381996,-2.2774462542630465,3.4391588865233027,-5.311317011530586,-0.6294623078964768,-1.2084006884567047,2.052408261579556,2.8018355932904324,-0.8901740178998394,3.956896745260766,-0.03872627202622595,1.4511016351528245,-4.9325067455164096,-3.343640674009407,-4.2215451290787716,-3.6390642525862615,0.2673239635396147,2.435966280218391,3.387315856068751,0.29437169744066505,-3.0424742357279144,-1.991947092453248,-2.2452559756397528,0.24910423986568933,-3.1585862396552504,2.6299179182983266,4.450218380839785,1.962749129522373,2.5505448421771333,2.6248148975466226,-4.33629567930065,-5.614929719923703,-2.367201309012676,3.867276949994703,3.9548963078416475,1.5645402363706544,-4.7012377628897015,1.7018863104915003,0.8167095190121787,1.3854435095287903,-2.8298545816796303,2.9630521872844606,-0.6710125669585869,-0.2062591649540967,2.9999053487601075,-0.12186052106624012
-0.1696383462688008,-0.7298745862745117,-0.004638534558600963,0.02460554251155241,0.2328880412028087,0.4585146138164538,-0.3311110656550581,-0.5027968315469293,-0.4630033833878216,0.3258708882242389,-0.6781831246147703,-0.6386556320100804,0.008423398981672041,-0.5305501142446606,-0.06622971493222027,0.21277753468328345,-0.18843879496840313,0.21638514885883817,-0.6553189271090791,-0.03872627202622595,0.3413224938842491,0.49755085570337976,-0.18123228577136294,0.014623091463174271,0.14423572684790512,-0.6218204820456866,0.32796410873036025,-0.4263562039719802,-0.45951490245066196,-0.13373467139584416,0.46525534150293485,0.549981080969692,-0.2916283072328567,-0.10137560782475737,0.05707648801670998,-0.16987992148667908,-0.03191821716954563,0.015752804287581336,0.40488445286920755,0.47411411601855535,0.08371981546393432,0.331513170288178,-0.24614878737456639,-0.24454740428899224,0.2360519935349223,0.2221025946127226,-0.5157080578317561,-0.22309891277937438,-0.09649775249014654,-0.24098975853002447,-0.03938842442036397,0.24054846811387695,-0.19901547975058312,0.162623962554254,-0.2651837665643531,-0.15840035561380683
-1.568088224337287,-1.4325695317628953,1.301722100375197,0.425298678427865,0.7226842755420873,2.4921038300050093,-0.6315733864303527,-0.7109484231308754,-0.23579248637995537,1.3700641140831866,-2.3587867410018704,-1.8274205392927636,1.3244606565161734,-2.8224168358840402,-0.3395658315368287,-0.14138258041191934,0.4998493206599149,1.3934596007256446,-1.32349610268863,1.4511016351528245,0.49755085570337976,1.3004007599727943,-2.1535080663360504,-1.2535435634478613,-1.3936063634878668,-2.3215019817812226,0.5942665841280625,0.2890194932284052,0.6021369741597674,-0.08852826279672474,-0.4619584209742281,0.0658449823369322,-1.2941632678720087,-0.057133868044824024,-1.1189712632013695,0.748146170586685,1.6494794144356546,0.7723478642927899,1.5805001086694548,1.7127842145531174,-1.5282401782885948,-1.6439003884426915,-1.2723650268939137,1.107825898161211,1.862789643850861,0.9301713194258413,-2.567352169435686,0.31410309397788877,0.16663815904881193,0.16654413605048263,-1.1385172840940965,1.4913352585085633,-0.5546594165733805,0.16567912089235315,0.7461322262678517,-0.2842606522414766
4.429732686015924,1.5982692099612494,-4.296590133890106,-1.292553695778673,-1.3826781783929014,-6.234983944372297,0.6648402405899654,0.1944008555581958,-1.1972263698779027,-3.11369197777718,4.861514709544701,3.284076815096114,-4.315523180115049,7.013308887476097,0.83347865895073725,1.3708863013534205,-2.4449556289980547,-3.656771784685334,1.5570853742862403,-4.9325067455164096,-0.18123228577136294,-2.1535080663360504,6.303329937541716,4.1804490233181975,5.193039036576411,4.979060127714727,-0.5558091913544505,-2.765438088691606,-3.935333232182245,-0.2787747596989823,3.4992885633964215,2.1258646508035057,3.0100141573821753,-0.24394521114284404,3.9196287504871004,-3.181368454290064,-5.555291106993464,-2.470316080874124,-3.4686941054210667,-3.6084228064617827,5.3776160084279265,6.813005306126449,3.1321560870530307,-4.681448938249396,-5.114982219746758,-2.11017848338691,6.238680672446332,-1.9823343854811528,-0.9584653829356625,-1.5737311270774945,3.5727906636857787,-3.87521410233546,0.9748495916956242,0.1486784264242348,-3.580756435231313,0.25936687201389247
2.920770895215038,0.7857811978725394,-2.900886183049166,-0.8622496788999782,-0.8395148255111744,-4.023128350956878,0.315853084109559,-0.07038337777823075,-0.9934099376148056,-1.9701849085876642,3.008309069549901,1.9598036575124826,-2.908477306957998,4.5194542260686825,0.5358573293565884,1.0102164493802235,-1.7251715072317488,-2.3805375135971807,0.788010382963356,-3.343640674009407,0.014623091463174271,-1.2535435634478613,4.1804490233181975,2.826661963101114,3.5616997449641548,3.1102158158197963,-0.24349771892037952,-2.036829972474681,-2.839512562648262,-0.2416859861843115,2.54757823602544,1.654915501465267,1.9140101217735561,-0.20527182801223984,2.667511000631546,-2.2147301233327257,-3.761118963545207,-1.660532476869735,-2.177992581314349,-2.244535007537552,3.6619896738627697,4.729808265093579,2.014631127421317,-3.2566844932356114,-3.3565559716884343,-1.3347532734880103,4.002675381197048,-1.4269101864056217,-0.685390684486966,-1.158383632463006,2.3948973057764373,-2.5183201106923927,0.5779361303239651,0.16536112775566092,-2.5223744750477377,0.1114846664131633
3.6128420964897976,0.7191594870550553,-3.651901203875566,-1.075906208277932,-0.9705170380623226,-4.892809572051926,0.2750896784301181,-0.2743718455623049,-1.4210777927491625,-2.358947431178686,3.5348489216312524,2.230157113908755,-3.656436454798311,5.490553861978582,0.6496668504567831,1.3499755203564894,-2.24058230457847,-2.915634101673345,0.7490442608635307,-4.2215451290787716,0.14423572684790512,-1.3936063634878668,5.193039036576411,3.5616997449641548,4.535005499514478,3.6838993377139273,-0.18539075366769964,-2.7204886555726633,-3.7426487040263803,-0.35360675612093045,3.3775163008101425,2.2853689139446414,2.3007254732710085,-0.295619912013546,3.377801595572415,-2.8493012742197363,-4.744350610872778,-2.083420389941591,-2.5914081979910204,-2.6495004733446366,4.638803554673108,6.074041785817647,2.4442248147069092,-4.188427710701602,-4.136463190440042,-1.597478614441432,4.846012605841422,-1.878131758214371,-0.8980671510431849,-1.5468651561450677,2.998847224219016,-3.079788526627949,0.6538312469055841,0.2686979263394472,-3.2717639138723857,0.08182011093542975
3.5592101750723755,2.236551363599793,-3.2113312184620817,-1.0031000886681978,-1.3672185011774498,-5.322765786716563,0.9695272588942555,0.8617228565868659,-0.2372217158270447,-2.7960855121426698,4.6069446348978325,3.3692151666016357,-3.24414945588374,6.008321887769083,0.7185881559497852,0.7236376730415468,-1.562733793384049,-3.0469089068379853,2.0996034263686267,-3.6390642525862615,-0.6218204820456866,-2.3215019817812226,4.979060127714727,3.1102158158197963,3.6838993377139273,4.614705371727147,-0.8833531119287799,-1.4639291697833001,-2.2929164066949768,-0.018299540257145995,1.9581482787228988,0.808886341291438,2.669699259183413,-0.03834015781001176,2.8542866558632887,-2.140782955471379,-4.115194809919053,-1.8726209446412865,-3.174471009010533,-3.377733664777672,3.9083364772955123,4.630439864167309,2.696387231023659,-3.15784317537298,-4.167054074285143,-1.8967524747963518,5.406980853880475,-1.1668791695123497,-0.5804076526623828,-0.8353718516974193,2.7319651158879634,-3.244979012127592,1.013541024076001,-0.12036499016534284,-2.304141083068218,0.41984688006604887
-0.42980047278902606,-0.7757943512948476,0.2598627623157328,0.1023091271815322,0.3011811455173859,0.8089894236006435,-0.3482443771204844,-0.4786965461782019,-0.35619161371031716,0.49391901985984565,-0.9284465412349914,-0.7947639738441453,0.2731692103357852,-0.9237282109364163,-0.11273719746970037,0.11325055645363107,-0.024617200439849184,0.425685053780617,-0.7040947191837768,0.2673239635396147,0.32796410873036025,0.5942665841280625,-0.5558091913544505,-0.24349771892037952,-0.18539075366769964,-0.8833531119287799,0.33860315300751836,-0.22575486652695886,-0.1845970226480471,-0.10701172957750732,0.21674313355885347,0.379816758551477,-0.4557744476144296,-0.0790957081097862,-0.18799208651673935,0.03792688905685134,0.31193406489706016,0.1665250398465283,0.5890779824932807,0.6619394516056212,-0.25291880606217637,-0.11114323501177645,-0.42105846986472406,0.06080398481813594,0.5335998274863031,0.33591455419788785,-0.8623025565000376,-0.08523942175390523,-0.030646896438598942,-0.12697050276298236,-0.25623995321242427,0.46157200029162726,-0.24466794141114842,0.14186889549593049,-0.025999576772688104,-0.16298239208188067
-1.880156244858509,0.32845572751887164,2.0781495538618895,0.5860463155434893,0.3160122952395896,2.3151239097382077,0.17807111289220903,0.6633695293609168,1.274258164957735,1.0104887419050523,-1.3224049369528774,-0.6215479866248352,2.0674672846281523,-2.5817271279148977,-0.3019577190882876,-0.9813604668088033,1.4624460075434795,1.437046624634892,0.23639822114830553,2.435966280218391,-0.4263562039719802,0.2890194932284052,-2.765438088691606,-2.036829972474681,-2.7204886555726633,-1.4639291697833001,-0.22575486652695886,1.975044480325321,2.5888374026080148,0.33580551499251715,-2.387351265006581,-1.8527056644501205,-1.0119289177031814,0.270136571444545,-1.9755261101747488,1.789164812250939,2.7259334864213627,1.166938601399147,1.0627739367636655,1.0258478372898636,-2.7183179320116895,-3.7833789724757185,-1.139347666171057,2.6250341746532,2.1103411549932725,0.6828067138940068,-2.230843176737636,1.2916613130773564,0.6073114672277313,1.1216402957867386,-1.6628773371426502,1.505748699614678,-0.17037864530007119,-0.31693061898305636,2.125291519994576,0.11342571896957748
-2.6939096917673937,0.16773153738335914,2.9010655248604738,0.82843898974984,0.5342550992218834,3.4168395744633413,0.11667896553471967,0.7260970648674326,1.595314380132515,1.5414188533027993,-2.117703424259536,-1.1229168917239758,2.891410347895707,-3.8180318076689663,-0.4482519826756247,-1.2859129045585749,1.967645374471558,2.093633171005136,0.06873525972083708,3.387315856068751,-0.45951490245066196,0.6021369741597674,-3.935333232182245,-2.839512562648262,-3.7426487040263803,-2.2929164066949768,-0.1845970226480471,2.5888374026080148,3.433036556421933,0.4157151367869938,-3.149269821047912,-2.3687081435082145,-1.529829663367315,0.33695297839644334,-2.7367446126283954,2.4315629922078306,3.7950769753764853,1.636412742266562,1.6459179411280807,1.6219662240050032,-3.763763999372006,-5.1526768688879265,-1.6896534718798826,3.569254396730327,3.041994304953164,1.0423738614836076,-3.321900031744119,1.7152428735419067,0.8098552200353519,1.4706060379267998,-2.338571989273368,2.199325200481537,-0.3173300300435214,-0.3776906281903443,2.863036772863634,0.09528398353650706
-0.17821340770497007,0.2178685241608547,0.24415998707792091,0.06248743661520293,-0.02027256150379919,0.15796639889774858,0.10224544873830743,0.20121873328790585,0.26286392659305446,0.03808764810854738,0.0121091134914987,0.08434011565714487,0.23966136179211942,-0.17139667002922646,-0.01899916846945722,-0.16712215202875294,0.21738983717763904,0.11486960592056662,0.18886203786250794,0.29437169744066505,-0.13373467139584416,-0.08852826279672474,-0.2787747596989823,-0.2416859861843115,-0.35360675612093045,-0.018299540257145995,-0.10701172957750732,0.33580551499251715,0.4157151367869938,0.07217031498802277,-0.39358214056979424,-0.35185247749577137,-0.046639056936895684,0.0564924067766559,-0.24508938515618894,0.25094703229001125,0.32660793474573546,0.13254747799203012,0.024806021511288662,0.00345272444699816,-0.33846474135587545,-0.5239545585580034,-0.07273935289193095,0.3671422895111554,0.18876304754524656,0.025236724948060573,-0.13406069454836975,0.20595011236012545,0.09474501574363996,0.19046916627016286,-0.1847519322042553,0.11690492083421125,0.028984851090415834,-0.07715680875712003,0.3137165884958367,0.05220181358825171
2.3883689003432536,-0.26450148025580555,-2.6012735178690787,-0.7387781428713038,-0.44251946125308295,-2.9911644011663436,-0.15638256483025423,-0.7295291404757501,-1.5024754648068446,-1.3308192961371275,1.792270382457467,0.906721193557218,-2.590544609174497,3.3395035423590955,0.3914377721043892,1.1860200126023421,-1.7933212191269738,-1.8429366417296573,-0.16417475235315643,-3.0424742357279144,0.46525534150293485,-0.4619584209742281,3.4992885633964215,2.54757823602544,3.3775163008101425,1.9581482787228988,0.21674313355885347,-2.387351265006581,-3.149269821047912,-0.39358214056979424,2.8958102133245864,2.209323040422074,1.3257557583199189,-0.3178833948385916,2.462205656203866,-2.206208710893149,-3.406932354784,-1.4644011864507742,-1.4121626657534867,-1.3798543614676404,3.38697300452739,4.670774859050604,1.4761506743199986,-3.237799290855366,-2.6899775055677977,-0.8996602118374513,2.8971254989520543,-1.572493311617787,-0.7410541438049244,-1.3559980330158452,2.0901454016080065,-1.9338537852462587,0.25335417750005645,0.36408923385654435,-2.6079158677126824,-0.1101783375851806
1.417347567622207,-0.7046624958244634,-1.682257171782175,-0.4588068089320275,-0.11522567249448686,-1.595067407847064,-0.3431588595992604,-0.8386670693645685,-1.3084163130172604,-0.6205107946657958,0.6605955627135268,0.11797776157746796,-1.6657804668477494,1.76719003783855,0.20418522705390635,0.9211152778251334,-1.2952630381015706,-1.0311297830769812,-0.5853606460494206,-1.991947092453248,0.549981080969692,0.0658449823369322,2.1258646508035057,1.654915501465267,2.2853689139446414,0.808886341291438,0.379816758551477,-1.8527056644501205,-2.3687081435082145,-0.35185247749577137,2.209323040422074,1.8282501164870653,0.6422969315221613,-0.2793274791736437,1.6308611806723916,-1.548171808523761,-2.2221878843455376,-0.9336051633822072,-0.6152031269416843,-0.5437063115158389,2.247201562298443,3.2570445166659123,0.7726316549977796,-2.2685771142059554,-1.563423490185446,-0.41815823487178166,1.4925324918499652,-1.1780958963415236,-0.5488716024450823,-1.0514578321302794,1.3201679093682688,-1.0721360230537362,0.017919331174283657,0.35394381197286434,-1.8771524145771779,-0.18699070497457065
2.1411318817748715,1.1805095190255903,-1.9735436147952008,-0.609571181487165,-0.7781146627850241,-3.1477628467904264,0.5078405661733526,0.3961957716936025,-0.268212196102946,-1.6310924030217824,2.650019058776897,1.9003030216673242,-1.9902151636873564,3.549727283632145,0.42379333878378306,0.5007731823822928,-1.0096795615410838,-1.8140962887305212,1.116059036263888,-2.2452559756397528,-0.2916283072328567,-1.2941632678720087,3.0100141573821753,1.9140101217735561,2.3007254732710085,2.669699259183413,-0.4557744476144296,-1.0119289177031814,-1.529829663367315,-0.046639056936895684,1.3257557583199189,0.6422969315221613,1.5625023328373897,-0.05035365237584495,1.7681587905348566,-1.3597269537003565,-2.5358826039757796,-1.145915886651899,-1.8426040448703134,-1.9491148310240713,2.422550067252375,2.9316235548191054,1.5909403189155635,-2.004202914019506,-2.496851914607919,-1.1061676845589687,3.1843618478688045,-0.7757342328760357,-0.38200376632336264,-0.5768667267935288,1.6674643850131423,-1.9293090420762435,0.5698499602314601,-0.030813064391795805,-1.4852967630233096,0.2159537154548354
-0.1577846428355073,0.1586804885258454,0.20760489584385242,0.054069249505707906,-0.008774426918825944,0.15125063363858623,0.07487321658406351,0.15279922681573221,0.20672620298839206,0.0442784706958994,-0.014527265763393221,0.04839897667099644,0.2043085536914083,-0.16536582172270395,-0.01863167524700551,-0.1343640778790341,0.1780407428887465,0.10563803320969338,0.13659799779095483,0.24910423986568933,-0.10137560782475737,-0.057133868044824024,-0.24394521114284404,-0.20527182801223984,-0.295619912013546,-0.03834015781001176,-0.0790957081097862,0.270136571444545,0.33695297839644334,0.0564924067766559,-0.3178833948385916,-0.2793274791736437,-0.05035365237584495,0.04439549693450847,-0.20642353173009667,0.20739904781819168,0.2767839206681266,0.11343054248873495,0.035823807802564306,0.020205899944442204,-0.2849623059912343,-0.4337173300505277,-0.07087445696998325,0.3034179846384782,0.1692485570389558,0.029608741791013506,-0.13298333336702514,0.1670229766415087,0.07709407844451932,0.15319059393098913,-0.15869133508933056,0.10833638385498225,0.01741383626867649,-0.059549584897659436,0.2572830895670235,0.03863646673421733
2.7335075825440716,0.6481257544693713,-2.7366970044595043,-0.8101578680004077,-0.762306761785093,-3.736038611623753,0.255668654080402,-0.1305503693151854,-0.9960368355381122,-1.816947731996754,2.7509828456560372,1.7671135845999166,-2.742016722411772,4.194830221243078,0.49685004484863976,0.9801576914881714,-1.6513697020250089,-2.2178526407513375,0.6593113337781028,-3.1585862396552504,0.05707648801670998,-1.1189712632013695,3.9196287504871004,2.667511000631546,3.377801595572415,2.8542866558632887,-0.18799208651673935,-1.9755261101747488,-2.7367446126283954,-0.24508938515618894,2.462205656203866,1.6308611806723916,1.7681587905348566,-0.20642353173009667,2.523433081549717,-2.1103540953962447,-3.55148885695817,-1.5640083250396353,-2.0030282582734293,-2.056906373386306,3.4646415372417465,4.503453395999755,1.8689420135704784,-3.103053500635627,-3.1358944820916785,-1.230622959266144,3.7095170028604505,-1.3745134400659287,-0.6587533218300772,-1.1235315651199418,2.253742359449187,-2.3444619271142484,0.5198557335388513,0.17720233392988566,-2.4128079042817197,0.0850066107642538
-2.202924131738796,-0.2748185326986907,2.268240320692303,0.6621434279276645,0.5476917229305387,2.929731867992691,-0.09292526266494244,0.2885505243018797,0.9910944113844101,1.3877664723893985,-2.034996355831045,-1.2343094669084487,2.2680385930675984,-3.2839288104106035,-0.3877864157356933,-0.8880576823823791,1.4352436935691346,1.7591414798320755,-0.31103496619455795,2.6299179182983266,-0.16987992148667908,0.748146170586685,-3.181368454290064,-2.2147301233327257,-2.8493012742197363,-2.140782955471379,0.03792688905685134,1.789164812250939,2.4315629922078306,0.25094703229001125,-2.206208710893149,-1.548171808523761,-1.3597269537003565,0.20739904781819168,-2.1103540953962447,1.8089045762730374,2.9528795801211554,1.2897707124991438,1.5134538233136683,1.5332565430655813,-2.8995215327785417,-3.848789249463257,-1.459483368813846,2.6576827261332685,2.5124325431987113,0.9395058221265559,-2.887211143344848,1.2183664428361622,0.5802266339663555,1.0169155608504326,-1.852491758545532,1.8554513575290037,-0.35906965919892403,-0.20489768034864675,2.093544727847839,-0.01353068237174415
