V1,V2,V3,V4,V5,V6,V7,V8,V9,V10,V11,V12,V13,V14,V15,V16,V17,V18,V19,V20,V21,V22,V23,V24,V25,V26,V27,V28,V29,V30,V31,V32,V33,V34,V35,V36,V37,V38,V39,V40,V41,V42,V43,V44,V45,V46,V47,V48,V49,V50,V51,V52,V53,V54,V55,V56
1.4609028891863238,1.3949416187918198,-1.19705035344893,-0.3939060467768817,-0.6896589642207734,-2.3408587891444137,0.6158984127478492,0.7069705809875315,0.26570386246963695,-1.2950987378980812,2.241564505023203,1.7486082905272118,-1.2191234708273175,2.6521146552908412,0.3191885378885244,0.10792091685600999,-0.4402256534324737,-1.3049478705655169,1.2861275142221147,-1.330804243644858,-0.4940384832107021,-1.2488916136866313,1.999927166938621,1.1510565601367448,1.2669198143145537,2.2013200161787716,-0.5814919805807198,-0.2209912174829298,-0.5054298317219938,0.09543184651762575,0.37598163015887914,-0.11879307883345451,1.2214207902452368,0.06340667047023381,1.0236428494616863,-0.6700394692604337,-1.514056211827361,-0.7119141854991189,-1.4972376333966801,-1.6261590676550048,1.3971095879231634,1.4774810456007836,1.1966869134978717,-0.9936719196524375,-1.7387509820103755,-0.8791614605383453,2.4162326999800907,-0.2657478235444628,-0.14312085492542317,-0.12812977124880814,1.0514225846224685,-1.3971407466320493,0.5314288877003107,-0.16884330598552658,-0.6583184038544947,0.278294920330849
1.3949416187918198,3.3987816155469064,-0.6208481305058136,-0.2993317697183224,-1.2144236524729337,-2.9156538532172163,1.5329514374807722,2.206232591688737,1.826280973284174,-1.8751817379917755,3.661765460227666,3.2552376011794792,-0.6805191874375219,3.34392438768995,0.4112994767233987,-0.7171401370323667,0.45148603999334497,-1.4822695872319784,3.070453724739158,-0.5682095520477018,-1.504616262377302,-2.475571785441977,1.7254309286729057,0.5610012428167773,0.1500740345376561,3.435246028446842,-1.5028073626266572,1.4336760104976236,1.402580066324434,0.5376228124479941,-1.4926055679583374,-2.0640636734543873,1.7117081700579748,0.4023956539028541,0.33729867628173615,0.26065538735409516,-0.6905975992213244,-0.4370046498852965,-2.2700387242962434,-2.59074616698058,0.43970671320544075,-0.4192114989517519,1.5328779331915072,0.36081750681745717,-1.784997491969334,-1.2764979274449464,3.1637825118923293,0.6706482860750895,0.27484933242579496,0.8090834709684922,0.7036675970675296,-1.6198818640313952,1.0069852573596245,-0.6827589371958136,0.6139632597193134,0.7245056093333146
-1.19705035344893,-0.6208481305058136,1.113288091994426,0.3422477573430192,0.42448845962419945,1.7470033757458705,-0.2660340468145988,-0.19251367080146575,0.17974347165601665,0.8998189507711807,-1.4527711546357156,-1.0323943456452573,1.1218673450087655,-1.9692594752591672,-0.23493408979889704,-0.29549864203214027,0.5810041786054769,1.0097551088908288,-0.5890946198859265,1.2686119515075007,0.14347836794633495,0.6992443351472333,-1.686368888137602,-1.080311478912679,-1.3063810950915489,-1.4673376957516602,0.23685761868337593,0.5969123090761947,0.8910171771915643,0.03453216435179537,-0.7762787710435818,-0.39605431868796115,-0.863242463073486,0.0346308026668836,-1.0006800062291303,0.7772766634306809,1.4320768776870783,0.6452899200788683,1.0142429021395023,1.070046517793985,-1.3713597422962842,-1.6736894091561334,-0.8820762239632646,1.145307947891494,1.393592020780509,0.6101656283167337,-1.7641021204117624,0.4512041681335016,0.2213676177524066,0.3401490236423653,-0.9379575403779842,1.073259446919261,-0.30912753192564457,0.007383351727990782,0.8539632029187147,-0.11203591120443428
-0.3939060467768817,-0.2993317697183224,0.3422477573430192,0.1090854367290117,0.1652651168999722,0.6060347213127528,-0.13097201639971154,-0.1337381205486573,-0.013184463255997049,0.3254508883370591,-0.5479452261622351,-0.4126000340401945,0.34683637512731125,-0.6851600184759024,-0.08216103568432283,-0.05954095132410698,0.15109036307960316,0.3431057366688884,-0.27847649948050796,0.38505228129896135,0.09473900332893445,0.2890745605562665,-0.5463006825833814,-0.3306026218190719,-0.3810748483065775,-0.544086481085324,0.12153682186518909,0.12075119857243564,0.20644395450716588,-0.009162140577611637,-0.17025721458872883,-0.04056786967749024,-0.30910429913872917,-0.004345921259744046,-0.29981203170374343,0.21427193871365216,0.4364357350586507,0.2010865944993161,0.3724059242066054,0.39984894155896483,-0.41005214372477605,-0.46650887214491027,-0.30817906082979735,0.3166345854943868,0.4642535443269287,0.22084836398938315,-0.6198011848627356,0.10597318795850068,0.053905957012176695,0.06911814348715356,-0.29475848938331795,0.3662109737385532,-0.12470114967154533,0.026310528373551908,0.22378299224731554,-0.0579787749528254
-0.6896589642207734,-1.2144236524729337,0.42448845962419945,0.1652651168999722,0.4751530958665822,1.287810511033156,-0.5448625149339055,-0.745564220749684,-0.5484592870019708,0.7831667730743198,-1.467257272118958,-1.2518866456293962,0.44518341533756534,-1.4698785377616068,-0.17922807346802147,0.16960283958418731,-0.02667857610284657,0.6795205775857633,-1.1024342340581688,0.43905758509901127,0.5111875661983042,0.9346591057088888,-0.8941871401220853,-0.3982227340472763,-0.3128805704092171,-1.3976605004852942,0.5294538518252653,-0.3381512320509913,-0.2686670188461374,-0.165113643897064,0.32067966594371855,0.5809505866237461,-0.7232373752914363,-0.12196293521383926,-0.3110104952658884,0.07384774222509549,0.5114012662297709,0.27057030270148963,0.9329628474745372,1.046936471827165,-0.4187792192697558,-0.20502344169964334,-0.6698546240686124,0.11675627931233068,0.8542491235823814,0.5325108062572526,-1.3708131593279023,-0.12314020597844674,-0.043165552683590444,-0.1899761561024702,-0.41539082879062983,0.7362108115948012,-0.38528379763522447,0.21969606571527145,-0.023643146189419144,-0.25480041251974617
-2.3408587891444137,-2.9156538532172163,1.7470033757458705,0.6060347213127528,1.287810511033156,3.9762574856516317,-1.2980907636821748,-1.6370284617628152,-0.9432280948334794,2.285327251553631,-4.09333371419054,-3.3241851668182387,1.7955041121519273,-4.518695285534648,-0.5470180152839804,0.09734964402044058,0.41838794111938454,2.1690296219896226,-2.6685829319038965,1.9022192532449032,1.1310265708939713,2.423682406792669,-3.145739302000767,-1.6692229983002038,-1.6820900478352436,-3.9669590587612054,1.2433592130741886,-0.18686716238914017,0.19018645696556435,-0.3000480136054868,0.006484855881524162,0.8315937363552335,-2.1370603100811345,-0.21377955726603554,-1.429772619353223,0.7784343888330794,2.1785901532642424,1.061813372802945,2.6753186410433694,2.947108249174908,-1.9452444738936276,-1.7661243425905926,-2.046139946162328,1.1614193703059676,2.8277744239990588,1.5529265512911403,-4.154790168447066,0.12131950738133192,0.09406328857697786,-0.10161501121503304,-1.586799095054179,2.333876589044579,-1.0158042672699865,0.4435726784958906,0.6467704870544159,-0.596822850542834
0.6158984127478492,1.5329514374807722,-0.2660340468145988,-0.13097201639971154,-0.5448625149339055,-1.2980907636821748,0.6916169795202383,0.9980502933764283,0.830905015810432,-0.8379146824087355,1.640599743333197,1.462076430517578,-0.29301289041170886,1.489276672477566,0.18330826454080118,-0.32947557961419555,0.2129656343084603,-0.6581759628267637,1.3845785407404665,-0.2399949686982152,-0.6804188078888271,-1.1130915466454836,0.7590978211177429,0.23945244092438314,0.04977937281452534,1.5376491770759528,-0.6783067729387089,0.6586653446557367,0.6486577396871951,0.24436252196798575,-0.6879080347012142,-0.9417442824985224,0.7643183817683422,0.18298097157552434,0.13894963166158728,0.1290531406373973,-0.2932099219708028,-0.1892436736633462,-1.0153796686889334,-1.1600800118426489,0.18025251802946377,-0.21359524262040652,0.6829183785661518,0.17974951085307342,-0.7901262105208299,-0.5704645781145922,1.410372041792902,0.3105680695997563,0.12776666211626062,0.37181086323650575,0.30607388320577633,-0.7197816247314996,0.45240164086273443,-0.30971956991033817,0.29041244305137554,0.3270436019557359
0.7069705809875315,2.206232591688737,-0.19251367080146575,-0.1337381205486573,-0.745564220749684,-1.6370284617628152,0.9980502933764283,1.4764916503284902,1.293587539406493,-1.0998058950411695,2.211918688678726,2.020878991248544,-0.23179745180723013,1.884782190550346,0.2334123369485668,-0.5554130307469005,0.4328455430625891,-0.8065378378056818,1.9873746378767132,-0.12363941454626372,-1.0042526317594052,-1.5549310848872768,0.831468920210194,0.15850307862989163,-0.1718668352033716,2.0530999675343864,-0.9833771926074868,1.1114715903617882,1.151973990966058,0.3769705095917328,-1.1897601213229272,-1.5025413085283161,0.9951843948681947,0.2839235980738773,0.021167468389457367,0.34275943552001176,-0.1733531615120074,-0.1647302236057451,-1.3471444407509057,-1.555932994801277,0.013616771016073632,-0.6406571762838501,0.868216835819145,0.4893344269951016,-0.933895210083634,-0.7492412428522072,1.8039819490739115,0.556229480113639,0.23558869029596585,0.6280438429629279,0.28641028351543324,-0.8879358494005513,0.627252171165676,-0.46815731299917673,0.6018908960990933,0.47454163179769826
0.26570386246963695,1.826280973284174,0.17974347165601665,-0.013184463255997049,-0.5484592870019708,-0.9432280948334794,0.830905015810432,1.293587539406493,1.2448992583973446,-0.7214282527797847,1.5651377526248509,1.5243867650215281,0.1464566525184005,1.0994490164975834,0.13900035505404704,-0.6043755286027458,0.5832900461667085,-0.41703055086757723,1.6354870067751417,0.2927002961552353,-0.8758800034394261,-1.203368876633263,0.2232140061287414,-0.20047572566241514,-0.5760143066296158,1.414697659048723,-0.8268098260762653,1.2113029083416318,1.34265735743337,0.3570556411920837,-1.340589408005649,-1.5059813241228075,0.6370800418793487,0.27171354048550356,-0.3009329305652518,0.5635133817944524,0.2993993576887947,0.055439244520490906,-0.9118450836809131,-1.085612139506954,-0.4265732691920783,-1.1239011280463402,0.514523761629801,0.815806971136366,-0.41102940430033585,-0.4923547868998603,1.0910146735837583,0.6549762881147876,0.28711791500090683,0.6853334251941693,-0.03743609970464185,-0.4713601264178556,0.4767876293314971,-0.42725659014115924,0.8258964527231666,0.3997115520673474
-1.2950987378980812,-1.8751817379917755,0.8998189507711807,0.3254508883370591,0.7831667730743198,2.285327251553631,-0.8379146824087355,-1.0998058950411695,-0.7214282527797847,1.345433946261933,-2.457159601661601,-2.040009384467136,0.9312302043660247,-2.6016893273571604,-0.31583398020040926,0.15770222632978012,0.12090968852161282,1.2298177902803866,-1.7092550581615282,0.962631942037398,0.757178716801103,1.5035681474626148,-1.7158731836518104,-0.8539612857739981,-0.7956746962187193,-2.3633674492701955,0.8082946315405949,-0.3122700190310812,-0.13447761085485632,-0.22252894742697643,0.2388322419577869,0.7080825315539094,-1.2512926207483126,-0.16187376805327006,-0.7096931767671316,0.31567087232811303,1.108807843730694,0.5560324806231766,1.587038787764127,1.7623554715598981,-0.9621498960809398,-0.7442974071689311,-1.1814309973750832,0.4762329083585235,1.5799150470832262,0.9143806172134443,-2.4065614765017567,-0.04998213289124229,-2.832341649329037e-4,-0.17414899703996953,-0.8392412111063156,1.3268015941821594,-0.6254841005883773,0.31067791932987515,0.19962473889019117,-0.38845752003558287
2.241564505023203,3.661765460227666,-1.4527711546357156,-0.5479452261622351,-1.467257272118958,-4.09333371419054,1.640599743333197,2.211918688678726,1.5651377526248509,-2.457159601661601,4.559649786032697,3.8503140318271196,-1.5152612840014328,4.667667997564871,0.5684129060109321,-0.43827488773153495,-0.03372340350758688,-2.1763117098114737,3.330186199284047,-1.5253769436162092,-1.5180260142395363,-2.8607883904915488,2.933944532942595,1.3710516860037254,1.1643739042731909,4.359462528306863,-1.589556972065863,0.8713261657669354,0.6116930887350525,0.4751641089111318,-0.7857497462782318,-1.6176647280452585,2.275785780852997,0.34874516827298385,1.0995957380202908,-0.36589392410956745,-1.7678686610520205,-0.9141408935678732,-2.9157167575152103,-3.2590667004125935,1.4858852246697158,0.9205335176380677,2.1234887403343654,-0.560833907477244,-2.760033069854198,-1.6708225170668332,4.338538074326041,0.27277629269442893,0.08320506291186766,0.4891627037685102,1.392692047689583,-2.354663669816124,1.1830344214086592,-0.6436318436546863,-0.09595300725853621,0.7646435059356325
1.7486082905272118,3.2552376011794792,-1.0323943456452573,-0.4126000340401945,-1.2518866456293962,-3.3241851668182387,1.462076430517578,2.020878991248544,1.5243867650215281,-2.040009384467136,3.8503140318271196,3.30942447286643,-1.0885048435466314,3.797399746956386,0.46387130042197805,-0.5000871664136656,0.14190319085278133,-1.7432340092817407,2.953062614670544,-1.0541849040485534,-1.3835873482636165,-2.479182806144833,2.2528530285293975,0.9653537786941135,0.7037026440138747,3.657855528484849,-1.4228710438999603,0.9971146460051163,0.8410667917074233,0.45678694833506395,-0.9703115055120823,-1.6384335315250391,1.880472713222889,0.33807348794047914,0.7342245272676216,-0.11147266614795157,-1.2331892569103342,-0.6660864627746821,-2.4367317235607766,-2.7426685224461154,0.9863821697794547,0.36481281006851796,1.7317569613976507,-0.18475558161170333,-2.17701260200194,-1.387640135909713,3.5494907782561183,0.39110407728092655,0.14434012873910854,0.5612409307894776,1.0283144956844348,-1.8917852094068024,1.0192823306458998,-0.6024660867668584,0.1650613140874338,0.6850239182580523
-1.2191234708273175,-0.6805191874375219,1.1218673450087655,0.34683637512731125,0.44518341533756534,1.7955041121519273,-0.29301289041170886,-0.23179745180723013,0.1464566525184005,0.9312302043660247,-1.5152612840014328,-1.0885048435466314,1.1317231482386665,-2.025122207431692,-0.24190724552740467,-0.2817213663347094,0.571372573694859,1.0339602319341197,-0.6433680923038081,1.275965314115438,0.16994023209499945,0.7420793034427652,-1.7137749668089028,-1.0884012655836661,-1.3060388244518886,-1.5257197917233736,0.26319757520616865,0.5697133681472243,0.8638183327597859,0.024692008355972548,-0.7476452787582312,-0.35821326137450943,-0.8919816743870119,0.02743967294619901,-1.004251443505336,0.771042966449061,1.4412808334241423,0.6518406701710622,1.0523288969681808,1.1138428699670204,-1.3761210301442366,-1.6622647406235287,-0.9074751829931749,1.1360235693801473,1.4223816479888698,0.631713198552187,-1.8170058909170428,0.43787848830025233,0.21592682760609724,0.3245847824391222,-0.9485439263083779,1.1000442838652977,-0.3263955740667387,0.02015595347454065,0.8410414015340382,-0.12477034203431894
2.6521146552908412,3.34392438768995,-1.9692594752591672,-0.6851600184759024,-1.4698785377616068,-4.518695285534648,1.489276672477566,1.884782190550346,1.0994490164975834,-2.6016893273571604,4.667667997564871,3.797399746956386,-2.025122207431692,5.135998508392909,0.6219812149834251,-0.12647144850445255,-0.45690343341279066,-2.462147635935426,3.059941973373292,-2.1416624236217787,-1.3014824467344273,-2.77116131878395,3.560916954324972,1.8812000465052203,1.885199591199005,4.520806667165225,-1.4271814505541947,0.24386454050021109,-0.1787493704754467,0.34875594131357013,-0.043500183695700606,-0.9801754806202503,2.432018043113068,0.24880255766971113,1.607379726191471,-0.8646264118708069,-2.4537847671421,-1.1985090706947532,-3.0473870892483235,-3.359248424124379,2.1866282730828552,1.9653701662919554,2.32590592677184,-1.2902551270244376,-3.2063896094641886,-1.7680836530004242,4.72438438522674,-0.11924386322464034,-0.09855465107642546,0.13349803035163818,1.7921511356068462,-2.6501068545896267,1.1606160375592922,-0.5131803031744623,-0.7086508458986739,0.6851536522713974
0.3191885378885244,0.4112994767233987,-0.23493408979889704,-0.08216103568432283,-0.17922807346802147,-0.5470180152839804,0.18330826454080118,0.2334123369485668,0.13900035505404704,-0.31583398020040926,0.5684129060109321,0.46387130042197805,-0.24190724552740467,0.6219812149834251,0.07541096503836878,-0.01877928368940397,-0.05126468853096883,-0.2973923437424153,0.37639237509095314,-0.2549658134460828,-0.16092875048469982,-0.3390284682789997,0.4281357455798008,0.2244976322385605,0.22253520014965425,0.5499399640883162,-0.17574967744249984,0.03628743466950514,-0.013638263621502772,0.043910724901541194,-0.013026597621630779,-0.1261245995649007,0.29510368207645016,0.03133438199299882,0.19077117122191073,-0.10045421720242838,-0.29231665450506444,-0.14340343805951394,-0.3702680913361279,-0.4086779266164781,0.2595436580856976,0.22893952297866912,0.2816316863533023,-0.1497579255538337,-0.38655555396954466,-0.21472813055408266,0.5724810339213764,-0.010363875175660425,-0.010142905914039565,0.020105670614462966,0.21458699771781417,-0.320382770656628,0.1417828651487644,-0.0642547845066542,-0.08016884514377946,0.08439541729435691
0.10792091685600999,-0.7171401370323667,-0.29549864203214027,-0.05954095132410698,0.16960283958418731,0.09734964402044058,-0.32947557961419555,-0.5554130307469005,-0.6043755286027458,0.15770222632978012,-0.43827488773153495,-0.5000871664136656,-0.2817213663347094,-0.12647144850445255,-0.01877928368940397,0.33349631095813637,-0.3784916758249509,-0.0026051521235084525,-0.6363348394051441,-0.3768950425410293,0.3732576815644436,0.41691918649482734,0.22051045704437755,0.29819306507931964,0.5139317379888529,-0.3666129870208792,0.3330043923499567,-0.6689029637283616,-0.7852634768934286,-0.17016335506568353,0.7624306205665666,0.7651206543121607,-0.1262764709072678,-0.1309037345144815,0.329599048202697,-0.40659412030913383,-0.4112824851255565,-0.14875275666284543,0.22279941105815457,0.2917246181859034,0.4579212738555267,0.8351299140623717,-0.06647557633099596,-0.5930341223546296,-0.07883310583730971,0.10853943810210165,-0.16165677030810643,-0.38649735753678444,-0.17383313874586617,-0.3791385717993014,0.19667077229016952,0.01039955212495079,-0.15894140336712534,0.19473319451327137,-0.5415437254753832,-0.16147661817294473
-0.4402256534324737,0.45148603999334497,0.5810041786054769,0.15109036307960316,-0.02667857610284657,0.41838794111938454,0.2129656343084603,0.4328455430625891,0.5832900461667085,0.12090968852161282,-0.03372340350758688,0.14190319085278133,0.571372573694859,-0.45690343341279066,-0.05126468853096883,-0.3784916758249509,0.5004219322343759,0.29358926127153057,0.38958273261670223,0.6973891109302426,-0.28682793268399154,-0.16488292761450088,-0.6804005464301073,-0.5738752005232374,-0.828781762272749,-0.10093906209404668,-0.22448902966900014,0.7603776144038059,0.947544759772485,0.1595867899538305,-0.8943651717042836,-0.787045242646783,-0.13799590356979122,0.1250998791984219,-0.5784995849080269,0.5817654181473475,0.7747866812075204,0.31696164947353356,0.09667414343841393,0.05216812313753101,-0.7982777642609697,-1.2171815803385546,-0.19601121821365633,0.8518691260610263,0.47135006160028575,0.08058445426812576,-0.36677654490960687,0.4700141900661852,0.21671654120337405,0.431505762879338,-0.44352636078936925,0.30047885987995376,0.05058381649114202,-0.16909005079493852,0.7225469031148242,0.10966812439669324
-1.3049478705655169,-1.4822695872319784,1.0097551088908288,0.3431057366688884,0.6795205775857633,2.1690296219896226,-0.6581759628267637,-0.8065378378056818,-0.41703055086757723,1.2298177902803866,-2.1763117098114737,-1.7432340092817407,1.0339602319341197,-2.462147635935426,-0.2973923437424153,-0.0026051521235084525,0.29358926127153057,1.1927039301290703,-1.3596538354009073,1.1086687943152214,0.5592330976625299,1.262248943510046,-1.7657462730209963,-0.9670734167297782,-1.0107463492097302,-2.118872104934188,0.6276523048336385,0.009518170015209751,0.23619410042785677,-0.13630366054527474,-0.12434065707678266,0.3288775672490892,-1.1534491915185852,-0.09563953280854733,-0.8412673177101299,0.4958438556124275,1.2663525919568162,0.608375523057785,1.4333792946263586,1.5711535346321983,-1.145956811551319,-1.1108305848481017,-1.1135775290053604,0.7379830093460005,1.5675267861370243,0.8353288842236343,-2.2564366469202106,0.13169215136307058,0.08085059341808291,0.007938254968355676,-0.9050481752644475,1.2808857349966933,-0.5317596600525026,0.21069463756178367,0.4462249526469594,-0.30099343954016466
1.2861275142221147,3.070453724739158,-0.5890946198859265,-0.27847649948050796,-1.1024342340581688,-2.6685829319038965,1.3845785407404665,1.9873746378767132,1.6354870067751417,-1.7092550581615282,3.330186199284047,2.953062614670544,-0.6433680923038081,3.059941973373292,0.37639237509095314,-0.6363348394051441,0.38958273261670223,-1.3596538354009073,2.775669896114387,-0.5463433821493199,-1.3550270128402484,-2.2432900349364306,1.598090117276801,0.5355155963786589,0.17158640194442096,3.1271218846899824,-1.3562658978302176,1.2710817016664329,1.2346151108554697,0.4821573345739636,-1.3189173141584,-1.8424993203802085,1.561800099015793,0.36020520040283405,0.3307977914861437,0.21164577744778776,-0.6608764649942263,-0.4112229560115131,-2.0668000618140914,-2.3565992513909197,0.43368075425023433,-0.3294711653001655,1.4014980155806407,0.29224981178085696,-1.64248184186428,-1.1638399904689802,2.891801345461853,0.5902191002761666,0.2406253978258936,0.7177297626130404,0.6587756347009509,-1.485712628443046,0.9129657771374547,-0.6147420194197398,0.5271784438777727,0.6538400129529764
-1.330804243644858,-0.5682095520477018,1.2686119515075007,0.38505228129896135,0.43905758509901127,1.9022192532449032,-0.2399949686982152,-0.12363941454626372,0.2927002961552353,0.962631942037398,-1.5253769436162092,-1.0541849040485534,1.275965314115438,-2.1416624236217787,-0.2549658134460828,-0.3768950425410293,0.6973891109302426,1.1086687943152214,-0.5463433821493199,1.4519892012820597,0.09841318962285803,0.7016355319262821,-1.8859404451763966,-1.2331046301009412,-1.5150347761976009,-1.5526799564709757,0.20732583869845517,0.7607739904466375,1.1020206463247568,0.06472302737328844,-0.9724342493643938,-0.5556204309485971,-0.9275424914884026,0.058744752615953855,-1.1503063987763975,0.9174774687629687,1.6368500695251766,0.7318641422322028,1.077862579844568,1.1282669225994433,-1.5775355554413557,-1.9689112004898157,-0.9576141385662545,1.3506577944067744,1.5420238323620334,0.6525885956379239,-1.910817520648203,0.5561561049441874,0.27042941052060954,0.43309493639369906,-1.0606198963738072,1.176454053485608,-0.3141404696483577,-0.02237309366739656,1.0228768729057918,-0.0974554107143769
-0.4940384832107021,-1.504616262377302,0.14347836794633495,0.09473900332893445,0.5111875661983042,1.1310265708939713,-0.6804188078888271,-1.0042526317594052,-0.8758800034394261,0.757178716801103,-1.5180260142395363,-1.3835873482636165,0.16994023209499945,-1.3014824467344273,-0.16092875048469982,0.3732576815644436,-0.28682793268399154,0.5592330976625299,-1.3550270128402484,0.09841318962285803,0.68364751966098,1.063525277267171,-0.58333214465142,-0.11926959410002715,0.10157537094745754,-1.4103994445913877,0.6703903790067892,-0.7474564744056286,-0.77172682010825,-0.2553273062143607,0.7985644883536184,1.0155356525962829,-0.6854705131669914,-0.19249331181468302,-0.026155914533329275,-0.2240726261296474,0.1340321259006378,0.11892837931256509,0.9266156920506146,1.0688692032883294,-0.02500125331928088,0.4155082776729357,-0.5996386185778382,-0.3186695841884505,0.6500456244340996,0.515554577885591,-1.2446193874196643,-0.37199141377456757,-0.15736772409322802,-0.42199671142669887,-0.20503247279101583,0.6147915640060844,-0.4294851142649569,0.3170307612202341,-0.39884547268699894,-0.32344607297304967
-1.2488916136866313,-2.475571785441977,0.6992443351472333,0.2890745605562665,0.9346591057088888,2.423682406792669,-1.1130915466454836,-1.5549310848872768,-1.203368876633263,1.5035681474626148,-2.8607883904915488,-2.479182806144833,0.7420793034427652,-2.77116131878395,-0.3390284682789997,0.41691918649482734,-0.16488292761450088,1.262248943510046,-2.2432900349364306,0.7016355319262821,1.063525277267171,1.8641810654440945,-1.5954543021143184,-0.6500801159063968,-0.4253038583538144,-2.7096207468576736,1.0853298272150524,-0.8320559772470743,-0.7381763306827234,-0.35876964549809104,0.8280123251603432,1.3124432916045616,-1.3827938111244387,-0.2664072669048607,-0.47773438334669927,0.0138855611074543,0.8256373324189724,0.4579593702832907,1.801660392325224,2.034549451417995,-0.6392347499080575,-0.1270959505367915,-1.2652840117476023,0.03648192564172848,1.5639098358290178,1.0229025182116405,-2.5974455223750454,-0.3466790005323638,-0.1330983258005401,-0.4686992839289749,-0.7124839119817387,1.371895099797985,-0.7644173705641811,0.4681804812189872,-0.20852234251745383,-0.5226999596688846
1.999927166938621,1.7254309286729057,-1.686368888137602,-0.5463006825833814,-0.8941871401220853,-3.145739302000767,0.7590978211177429,0.831468920210194,0.2232140061287414,-1.7158731836518104,2.933944532942595,2.2528530285293975,-1.7137749668089028,3.560916954324972,0.4281357455798008,0.22051045704437755,-0.6804005464301073,-1.7657462730209963,1.598090117276801,-1.8859404451763966,-0.58333214465142,-1.5954543021143184,2.756732608901748,1.626472127321636,1.8300683435912861,2.8956659468484247,-0.7110855080888903,-0.4498241156789557,-0.8613044846465849,0.09103432885475204,0.6806844325885747,0.012584643293241857,1.623937789325732,0.05581535758000016,1.4587691956930975,-0.9992485602028807,-2.1415969639498296,-0.9975881835617139,-1.9741011378008648,-2.133200746109932,1.993723782820391,2.1873624228161717,1.6036557077592037,-1.477582878810953,-2.370017410096185,-1.165028719494666,3.2329356162661567,-0.4459647305537031,-0.23290607861920146,-0.2580547918852591,1.4673811109168478,-1.8886122035548893,0.6827048557430532,-0.18646849297693938,-1.0133359483053166,0.33989749464849744
1.1510565601367448,0.5610012428167773,-1.080311478912679,-0.3306026218190719,-0.3982227340472763,-1.6692229983002038,0.23945244092438314,0.15850307862989163,-0.20047572566241514,-0.8539612857739981,1.3710516860037254,0.9653537786941135,-1.0884012655836661,1.8812000465052203,0.2244976322385605,0.29819306507931964,-0.5738752005232374,-0.9670734167297782,0.5355155963786589,-1.2331046301009412,-0.11926959410002715,-0.6500801159063968,1.626472127321636,1.0501156132232474,1.27547587970692,1.3883682795680634,-0.21089383863767916,-0.603096933665693,-0.8905740769276962,-0.040836896714889125,0.7793751656738928,0.41577972541188524,0.8208675836402848,-0.03963243627042457,0.9735893628909589,-0.7642981940365259,-1.3913254378282525,-0.6256293869980671,-0.9601023923371099,-1.0104933600864006,1.335200950122409,1.6423812335057004,0.8415021710361945,-1.12451160335206,-1.338415501223968,-0.5793978164346972,1.6824643895094185,-0.44978470039573665,-0.22024073403986794,-0.3430329873662627,0.9079895510566092,-1.0279914462394477,0.28833387881838907,7.18459740859869e-4,-0.8437100780961201,0.09962621131891114
1.2669198143145537,0.1500740345376561,-1.3063810950915489,-0.3810748483065775,-0.3128805704092171,-1.6820900478352436,0.04977937281452534,-0.1718668352033716,-0.5760143066296158,-0.7956746962187193,1.1643739042731909,0.7037026440138747,-1.3060388244518886,1.885199591199005,0.22253520014965425,0.5139317379888529,-0.828781762272749,-1.0107463492097302,0.17158640194442096,-1.5150347761976009,0.10157537094745754,-0.4253038583538144,1.8300683435912861,1.27547587970692,1.6426091429255278,1.2259329266651937,-0.01821273457347117,-1.0352325063967753,-1.4055330491035127,-0.14606691021015897,1.2758463829526443,0.8977395665318427,0.7798363988072389,-0.12053647166992439,1.2161147469166678,-1.0435971583538408,-1.7009594271688826,-0.7425463917113885,-0.8672378468466181,-0.8778374456545771,1.6708341645148024,2.220350063079416,0.8378347119312044,-1.5334453709791687,-1.4443493361433277,-0.5385838585364674,1.6569819387833358,-0.7042871800687202,-0.3352471677087491,-0.5884728925184913,1.066404897839522,-1.0658264645781128,0.2046095299946178,0.12005355327502915,-1.208659776765497,0.006030833636545257
2.2013200161787716,3.435246028446842,-1.4673376957516602,-0.544086481085324,-1.3976605004852942,-3.9669590587612054,1.5376491770759528,2.0530999675343864,1.414697659048723,-2.3633674492701955,4.359462528306863,3.657855528484849,-1.5257197917233736,4.520806667165225,0.5499399640883162,-0.3666129870208792,-0.10093906209404668,-2.118872104934188,3.1271218846899824,-1.5526799564709757,-1.4103994445913877,-2.7096207468576736,2.8956659468484247,1.3883682795680634,1.2259329266651937,4.177502396103619,-1.4872937316191182,0.7277233110740298,0.4540256188919842,0.4319049612364111,-0.6275807573697523,-1.436845941573658,2.1925107589288944,0.3158774770397512,1.129660198554282,-0.4294170164198112,-1.7949111801890187,-0.9166510234997897,-2.7979768960859825,-3.119796478929084,1.5288160293139892,1.046404976370798,2.055015035126209,-0.6526549914629268,-2.7007992211665677,-1.6068405911410581,4.1940491215653966,0.19597616510854018,0.0496919525144411,0.4079347388643583,1.3910814467398398,-2.2901947183146936,1.122927277758284,-0.591555150272035,-0.1909263380303445,0.7152218899703976
-0.5814919805807198,-1.5028073626266572,0.23685761868337593,0.12153682186518909,0.5294538518252653,1.2433592130741886,-0.6783067729387089,-0.9833771926074868,-0.8268098260762653,0.8082946315405949,-1.589556972065863,-1.4228710438999603,0.26319757520616865,-1.4271814505541947,-0.17574967744249984,0.3330043923499567,-0.22448902966900014,0.6276523048336385,-1.3562658978302176,0.20732583869845517,0.6703903790067892,1.0853298272150524,-0.7110855080888903,-0.21089383863767916,-0.01821273457347117,-1.4872937316191182,0.665991009758712,-0.6662192273815869,-0.6634037824246781,-0.24265054183884607,0.6994488485847089,0.9418715072088482,-0.7361420752596622,-0.18207598607436712,-0.11389792010809563,-0.14648259310589107,0.25612789641900136,0.1717905884921725,0.9813996767665076,1.1232629650218677,-0.14579225859620476,0.2512355975250711,-0.655189931343291,-0.2050205875526878,0.749112143796443,0.5502145860742499,-1.354173897639649,-0.3179794124132266,-0.13175879890708056,-0.37595204140935495,-0.28057875463535403,0.686861625051658,-0.4406168010655534,0.30593906847086544,-0.30791798180244245,-0.32114246512914
-0.2209912174829298,1.4336760104976236,0.5969123090761947,0.12075119857243564,-0.3381512320509913,-0.18686716238914017,0.6586653446557367,1.1114715903617882,1.2113029083416318,-0.3122700190310812,0.8713261657669354,0.9971146460051163,0.5697133681472243,0.24386454050021109,0.03628743466950514,-0.6689029637283616,0.7603776144038059,0.009518170015209751,1.2710817016664329,0.7607739904466375,-0.7474564744056286,-0.8320559772470743,-0.4498241156789557,-0.603096933665693,-1.0352325063967753,0.7277233110740298,-0.6662192273815869,1.3424112374863428,1.577005491812894,0.34081797138835285,-1.5305832705914948,-1.5346521772708621,0.24913356529291353,0.2625875990196555,-0.6643482885501397,0.8183908167866989,0.8303688116523495,0.30127132619286057,-0.4424553362080296,-0.5801384730165415,-0.9234172245892999,-1.6801973322901842,0.1294363976096921,1.1926172058850997,0.1639952909378263,-0.21465338806307263,0.3157335757716719,0.7757353177137332,0.3491980039573137,0.7604705123472505,-0.39836555506132787,-0.01567857979845274,0.31721144453904276,-0.38895782972374865,1.0887598700279622,0.32303352724257833
-0.5054298317219938,1.402580066324434,0.8910171771915643,0.20644395450716588,-0.2686670188461374,0.19018645696556435,0.6486577396871951,1.151973990966058,1.34265735743337,-0.13447761085485632,0.6116930887350525,0.8410667917074233,0.8638183327597859,-0.1787493704754467,-0.013638263621502772,-0.7852634768934286,0.947544759772485,0.23619410042785677,1.2346151108554697,1.1020206463247568,-0.77172682010825,-0.7381763306827234,-0.8613044846465849,-0.8905740769276962,-1.4055330491035127,0.4540256188919842,-0.6634037824246781,1.577005491812894,1.8951515500011766,0.37413828887724604,-1.8195075215774543,-1.7388798248360096,0.074674672965874,0.29016694408450727,-0.9382249210543513,1.0540942351135607,1.2134574687553177,0.46848555852545437,-0.2489362902879386,-0.38444662636350524,-1.2998754743622376,-2.1812454898331493,-0.05819844480498373,1.5386322606650866,0.4882284587625336,-0.09422137296706871,-0.05544050995639393,0.9349733590572161,0.4250302267766634,0.8936979431112702,-0.6383492253881009,0.22345899883596204,0.27195352430745745,-0.41628050651336695,1.3618823062526217,0.32227986390371255
0.09543184651762575,0.5376228124479941,0.03453216435179537,-0.009162140577611637,-0.165113643897064,-0.3000480136054868,0.24436252196798575,0.3769705095917328,0.3570556411920837,-0.22252894742697643,0.4751641089111318,0.45678694833506395,0.024692008355972548,0.34875594131357013,0.043910724901541194,-0.17016335506568353,0.1595867899538305,-0.13630366054527474,0.4821573345739636,0.06472302737328844,-0.2553273062143607,-0.35876964549809104,0.09103432885475204,-0.040836896714889125,-0.14606691021015897,0.4319049612364111,-0.24265054183884607,0.34081797138835285,0.37413828887724604,0.10270894263470784,-0.37537137595471676,-0.42905084947776245,0.1976498398201206,0.07795020475961538,-0.07139940192267327,0.15062215408535845,0.06409736822531319,0.0058430676309371,-0.27929638548519553,-0.33042749250067416,-0.10183388017077147,-0.29869639539696546,0.16248343870715423,0.21796518358753675,-0.14058958107468458,-0.15187370214233806,0.3430167122209748,0.18236118715935382,0.0795262709570468,0.1928785419537589,0.003903188609338087,-0.1531144935832515,0.1426089777085525,-0.12383805166447172,0.22532939226715426,0.11727786221506613
0.37598163015887914,-1.4926055679583374,-0.7762787710435818,-0.17025721458872883,0.32067966594371855,0.006484855881524162,-0.6879080347012142,-1.1897601213229272,-1.340589408005649,0.2388322419577869,-0.7857497462782318,-0.9703115055120823,-0.7476452787582312,-0.043500183695700606,-0.013026597621630779,0.7624306205665666,-0.8943651717042836,-0.12434065707678266,-1.3189173141584,-0.9724342493643938,0.7985644883536184,0.8280123251603432,0.6806844325885747,0.7793751656738928,1.2758463829526443,-0.6275807573697523,0.6994488485847089,-1.5305832705914948,-1.8195075215774543,-0.37537137595471676,1.755949319535047,1.717485912203923,-0.1741193193380508,-0.29014406581175073,0.8370570057545643,-0.9798021932036683,-1.0667614500175642,-0.4012305348270857,0.3678380118155178,0.5115987694190326,1.16131122709354,2.0203207656865914,-0.04153333346674097,-1.4292133851477835,-0.3360456834123325,0.16509537014648848,-0.14499932948842414,-0.8964447416396715,-0.4056119285326291,-0.8672730489413556,0.5400947277550905,-0.10406128862230224,-0.31087915238336966,0.4230722721104553,-1.2831308058976398,-0.33945348300246997
-0.11879307883345451,-2.0640636734543873,-0.39605431868796115,-0.04056786967749024,0.5809505866237461,0.8315937363552335,-0.9417442824985224,-1.5025413085283161,-1.5059813241228075,0.7080825315539094,-1.6176647280452585,-1.6384335315250391,-0.35821326137450943,-0.9801754806202503,-0.1261245995649007,0.7651206543121607,-0.787045242646783,0.3288775672490892,-1.8424993203802085,-0.5556204309485971,1.0155356525962829,1.3124432916045616,0.012584643293241857,0.41577972541188524,0.8977395665318427,-1.436845941573658,0.9418715072088482,-1.5346521772708621,-1.7388798248360096,-0.42905084947776245,1.717485912203923,1.851405262778371,-0.6138476188585396,-0.3280860554990341,0.521095291613107,-0.7963034259192929,-0.5904296005544567,-0.1719711089749094,0.9153058867244585,1.1121569693346292,0.7312199742762217,1.607877899658516,-0.46549091288428773,-1.1555196365121692,0.25867492007156934,0.4837165491785557,-1.0041115415649882,-0.8506893126611914,-0.37690637887840506,-0.8684412545838016,0.1985911438602614,0.38258317073872244,-0.5148462971314972,0.5049421817346261,-1.119927054107508,-0.45571470463732217
1.2214207902452368,1.7117081700579748,-0.863242463073486,-0.30910429913872917,-0.7232373752914363,-2.1370603100811345,0.7643183817683422,0.9951843948681947,0.6370800418793487,-1.2512926207483126,2.275785780852997,1.880472713222889,-0.8919816743870119,2.432018043113068,0.29510368207645016,-0.1262764709072678,-0.13799590356979122,-1.1534491915185852,1.561800099015793,-0.9275424914884026,-0.6854705131669914,-1.3827938111244387,1.623937789325732,0.8208675836402848,0.7798363988072389,2.1925107589288944,-0.7361420752596622,0.24913356529291353,0.074674672965874,0.1976498398201206,-0.1741193193380508,-0.6138476188585396,1.1652287285563696,0.14313575243181487,0.6869937398185478,-0.3228941330226281,-1.0668847015678917,-0.5314058403796316,-1.4734740570899818,-1.6334469908262892,0.9323410970519163,0.752654060630385,1.1035420355260424,-0.48527247758577413,-1.4868086725935132,-0.8504586663305336,2.2464992046006,0.021798496346438368,-0.011117854154946084,0.13874133385555992,0.800058538008615,-1.2438177768946255,0.5760971881943195,-0.2791299372934705,-0.22275243394415656,0.35370688672426653
0.06340667047023381,0.4023956539028541,0.0346308026668836,-0.004345921259744046,-0.12196293521383926,-0.21377955726603554,0.18298097157552434,0.2839235980738773,0.27171354048550356,-0.16187376805327006,0.34874516827298385,0.33807348794047914,0.02743967294619901,0.24880255766971113,0.03133438199299882,-0.1309037345144815,0.1250998791984219,-0.09563953280854733,0.36020520040283405,0.058744752615953855,-0.19249331181468302,-0.2664072669048607,0.05581535758000016,-0.03963243627042457,-0.12053647166992439,0.3158774770397512,-0.18207598607436712,0.2625875990196555,0.29016694408450727,0.07795020475961538,-0.29014406581175073,-0.3280860554990341,0.14313575243181487,0.05940869913230454,-0.06151738797820784,0.12022060728645395,0.0595224449674113,0.009535298436479002,-0.2041440602982506,-0.24237242361522163,-0.08757850551705819,-0.23889977467459272,0.11644453409686649,0.1736060905355341,-0.09593066944951197,-0.11035352428206949,0.2462336802123637,0.14130803634390376,0.06191645559941271,0.14841649688294437,-0.004292464131364129,-0.1076198458755712,0.10575550122783206,-0.09320451950457243,0.1772309184430825,0.08799695836921083
1.0236428494616863,0.33729867628173615,-1.0006800062291303,-0.29981203170374343,-0.3110104952658884,-1.429772619353223,0.13894963166158728,0.021167468389457367,-0.3009329305652518,-0.7096931767671316,1.0995957380202908,0.7342245272676216,-1.004251443505336,1.607379726191471,0.19077117122191073,0.329599048202697,-0.5784995849080269,-0.8412673177101299,0.3307977914861437,-1.1503063987763975,-0.026155914533329275,-0.47773438334669927,1.4587691956930975,0.9735893628909589,1.2161147469166678,1.129660198554282,-0.11389792010809563,-0.6643482885501397,-0.9382249210543513,-0.07139940192267327,0.8370570057545643,0.521095291613107,0.6869937398185478,-0.06151738797820784,0.9156001737580847,-0.7486322063301089,-1.2949900712617288,-0.5742452910446499,-0.7887501973590197,-0.8179068555280367,1.2561557960073944,1.6022855245531513,0.7176972074383796,-1.101946888775285,-1.1798380735457656,-0.48073833386669557,1.4279527266700078,-0.4724878643176788,-0.22777878497350362,-0.3782103568817332,0.8299281046069494,-0.8906848842325145,0.2176168304903074,0.042954832164073434,-0.8463423622736185,0.05287212697753013
-0.6700394692604337,0.26065538735409516,0.7772766634306809,0.21427193871365216,0.07384774222509549,0.7784343888330794,0.1290531406373973,0.34275943552001176,0.5635133817944524,0.31567087232811303,-0.36589392410956745,-0.11147266614795157,0.771042966449061,-0.8646264118708069,-0.10045421720242838,-0.40659412030913383,0.5817654181473475,0.4958438556124275,0.21164577744778776,0.9174774687629687,-0.2240726261296474,0.0138855611074543,-0.9992485602028807,-0.7642981940365259,-1.0435971583538408,-0.4294170164198112,-0.14648259310589107,0.8183908167866989,1.0540942351135607,0.15062215408535845,-0.9798021932036683,-0.7963034259192929,-0.3228941330226281,0.12022060728645395,-0.7486322063301089,0.7008244226262768,1.0245198244640434,0.43323366438956856,0.3200857085318219,0.2932842384805885,-1.031400465036664,-1.4760589483873066,-0.3789913815473497,1.026700994665076,0.7437074188922033,0.21312861265821031,-0.7360693036538493,0.5244525388470436,0.2451357617382289,0.464300103076772,-0.613932105107761,0.5172768906277558,-0.025898844962738067,-0.14850424838429274,0.8442381700036771,0.0723648571662774
