V1,V2,V3,V4,V5,V6,V7,V8,V9,V10,V11,V12,V13,V14,V15,V16,V17,V18,V19,V20,V21,V22,V23,V24,V25,V26,V27,V28,V29,V30,V31,V32,V33,V34,V35,V36,V37,V38,V39,V40,V41,V42,V43,V44,V45,V46,V47,V48,V49,V50,V51,V52,V53,V54,V55,V56
1.6157456420866043,-0.005116284295763801,-0.0612652967229965,-0.5132617332977626,-0.6465803425519702,0.05412492214546498,0.49212098230218276,0.3689299299019836,-0.3911222581825213,-0.969238217178511,0.5260820745349403,0.09795112571379676,0.46601080244761706,0.04043223587105636,-0.9212486180276223,0.5147134483063217,-0.7603102003065277,0.1479324064426755,-0.7077208569018657,0.025112646951541976,-0.38806616986598114,0.03995259813174791,-0.24490325402557334,-0.35531007897821887,1.5124339252814958,0.38826135334268713,-0.03856567354719875,-0.28980943541116755,-0.4020971529984863,-0.24767863744354518,0.989518250537386,-0.43720405181102745,0.5298266727052676,-0.611548408116684,1.9063768800652927,0.24498732401357537,-0.19741078860282488,0.8781985911728839,-1.0361535881597905,-0.7284171273602745,0.36874354360367434,1.1380898124583654,0.18376917236833412,-1.3033447148621737,-1.1620721958631957,-0.8684668100518135,1.052452126340831,0.08387438752985117,0.22807937880660184,-1.3648070420129348,-0.29831052770730054,0.2975373085195219,0.639410531097048,0.9743555135974806,-0.5051737787381007,0.41604429580570224
-0.005116284295763801,0.10348770269259326,-0.12144723566019831,-0.15809603713718776,0.0801566789349769,-0.13629670934410767,0.041632999830296086,0.10885771043656796,0.12352999629407943,-0.0538366538494658,-0.015524001201301603,-0.06024713557457307,-0.0046913494677115995,0.19945969567129873,0.2897438362540426,-0.22370213482992327,0.011108224712362565,0.19093061111234444,0.13932839247057388,-0.0794963943839556,0.16349289119637123,-0.024954560678995357,0.48576088765371633,0.09913225769034266,-0.021616039319322707,0.3194449813182912,0.23626562491919592,-0.005414598596430427,0.13122614693838058,-0.16970630325015318,-0.06351221942317022,0.04589101725111406,0.15303173949791163,-0.1222465658157121,0.2896311908337788,0.11196322278335441,-0.3333037838153452,0.07187021095437686,0.10351453305221353,-0.1683415654138675,0.0021435988721363723,0.05311464922438805,0.14582587445383752,0.03996358154379309,-0.22574643798981536,0.15761415661676453,0.1946003115061099,-0.10408027941583596,-0.17310049897857255,-0.004378264028972236,0.03673386388160623,-0.06560710913748635,0.1595715497359108,0.234692753804361,-0.26917161001824474,0.10292485859951954
-0.0612652967229965,-0.12144723566019831,0.6937354319928889,-0.05585198828803423,-0.004914678096397466,0.756268041597983,0.37009912070378337,0.45788385129398657,0.08775191900701998,0.1599404310340083,-0.24821202452711064,-0.34954652314815815,0.7021790582760135,-0.5323742611937591,-0.6004030741207663,-0.22976210700344687,0.24243338457797925,0.7944846293590601,0.13220297909504897,0.744424835245882,0.02561230726307416,0.3470779216380392,-0.827058945722129,-0.14518408548778802,0.0884975250937187,-0.47746981025276236,0.1392635095180393,0.45816360986845067,0.3695087008740089,0.11679808988761223,-0.06686162816074365,-0.5293563111099044,-0.17491415277512895,-0.5089112800133246,0.24840193082872922,0.29136310952494027,0.7795391106509119,0.6264816916218869,0.3709665106866652,0.5562903966372623,-0.6368626257313833,-0.5452485854919096,-0.5844458669145312,0.26996744764947317,0.2098708719007247,-0.3545408943218918,-0.11593481375674353,0.8633304391490562,0.37876062115389436,-0.19021297867004874,-0.6112869251859712,0.5218707338458086,0.07348903288934891,-0.38340416243878606,0.23118795372899092,0.17092473545167533
-0.5132617332977626,-0.15809603713718776,-0.05585198828803423,0.536813064119025,0.057308535751278485,-0.11285496665686076,-0.419167509193335,-0.5609363198312682,-0.17511792143777372,0.37643562015429693,-0.00688127584661722,0.27005687589937344,-0.5071832379808737,-0.13924437205645163,-0.020947925610923762,0.40013349534685483,0.1280842491809661,-0.8328939145160493,-0.07386367118595193,-0.2075635538553828,-0.21314763196725237,-0.12498769478907984,-0.5308852060741496,0.03585520076345835,-0.4858981873716064,-0.577204731772946,-0.551372002218225,-0.10778097828573574,-0.33830816052803536,0.4035568423424352,-0.15561271409549715,0.3156959765201791,-0.4189156876891768,0.6932080542246708,-1.383148799543218,-0.49443805630008575,0.3969518282020478,-0.7703272440340179,-0.024826528395520932,0.36568997376190715,0.18831442141392998,-0.22440008484148213,-0.10528604991417646,0.22828797599634734,0.7688402664987833,0.10671818142609975,-0.6876063270577009,-0.18813744901566462,0.11744651488435483,0.574551934436401,0.32848372523203023,-0.2316268996268237,-0.6008397776086551,-0.7084868901022189,0.621055813423295,-0.4443317609032526
-0.6465803425519702,0.0801566789349769,-0.004914678096397466,0.057308535751278485,0.33056917227918825,-0.10110956915373269,-0.07931889848685665,0.03841808632657676,0.25765460160931153,0.369683752274479,-0.19749850391810972,-0.11047567524860519,-0.15655455823027656,0.1951651744513424,0.5182133503973947,-0.43976436307687,0.3538571451601468,0.20502921655271888,0.5142518591257662,-0.01821038277345801,0.32645078992991655,0.007812969842531579,0.4630412084372362,0.33860039695446437,-0.5343604751049406,0.07692135314192913,0.24137322336046244,0.16439158691591807,0.26375968490339335,5.454404073997216e-4,-0.411518049365047,0.17318184355978455,-0.08934137598604186,0.030828647525309495,-0.4650417557311515,-0.046553006401005396,-0.12793374545139385,-0.2517808272689826,0.5805148765263185,0.26735364463832134,-0.18301402179299317,-0.42448610119909125,-0.045772932527166015,0.5679988951766923,0.26976926145976704,0.3727823560382622,-0.1885957532277526,0.05712309529926701,-0.17071378060905407,0.5266198012175985,0.10532524755123628,-0.1579083737179613,-0.12561511647734844,-0.37067524715641204,-0.03430169051523829,-0.059546412239263685
0.05412492214546498,-0.13629670934410767,0.756268041597983,-0.11285496665686076,-0.10110956915373269,1.1813161402835795,0.16725219556248339,0.2547644315279582,0.1853970518293166,-0.038916157386931,-0.6295484991767123,-0.5377258301515454,1.1825440928929263,-1.3175362091812857,-0.47673002103328316,-0.10746882049664143,0.07081383097924515,0.847294374358158,-0.668613372854083,0.9905822849748017,-0.2062981405473209,0.33426328626504825,-1.1635923376710837,-1.1777024225352757,-0.3275269162997062,-0.502261187629518,0.13800308850517662,0.45373592969644566,0.7799411359641676,-0.2017756446100633,-0.3189059230649958,-0.7731772113716177,-0.17814671522561906,-0.2627942067457143,0.4147009909506149,0.9765162839166371,0.8313892514227136,1.0710743799912363,0.020347502234704492,0.03475005159527145,-0.9195440506659751,-0.8041537317532821,-0.34408582286067735,0.2773647958058995,0.22917159160906642,0.07358180596720598,-0.5617231931628728,0.2962545398895703,0.20554880383616272,-0.4315091045811706,-0.884452806214869,0.9202985114827312,0.31270861223720303,0.8326030374423052,0.3784442832323306,0.2680143758905874
0.49212098230218276,0.041632999830296086,0.37009912070378337,-0.419167509193335,-0.07931889848685665,0.16725219556248339,0.7328483904877576,0.8503276599369853,0.009407235629184905,-0.16223195947703684,0.2701687497018033,-0.19924794809257296,0.4161498198531418,0.43159626156166836,-0.6005910669956502,-0.3897770391435944,0.058172017716118796,0.9654663907972029,0.6459773955769885,0.36103759641995536,0.26742760035834734,0.29548871143072886,0.09198223371070177,0.6716845386804872,0.975294234575688,0.1832439092238272,0.42229468549775895,0.28076600130770113,0.016555525234972467,0.02619340820795136,0.4476241959943681,-0.38392302516303667,0.2647414177156406,-1.0428368000184902,1.2312479457835226,-0.034799163303815696,0.11660492663626142,0.6441312507184721,0.32385120771367515,0.3790347220373854,-0.1851352398832738,0.2501964198159628,-0.4303672761652036,-0.23529965857886004,-0.5952583332368799,-0.7793825714950159,0.9256157261081663,1.0913592040791518,0.32580338525034913,-0.5259529819203564,-0.3894369926894516,0.17463425238878807,0.3441989692948478,-0.5849587458304392,-0.47336919443195996,0.3759771605776586
0.3689299299019836,0.10885771043656796,0.45788385129398657,-0.5609363198312682,0.03841808632657676,0.2547644315279582,0.8503276599369853,1.0680669459321748,0.18322652136648904,-0.10979741611133302,0.14536621857607895,-0.3696773060031903,0.5931397297490351,0.4634087334752496,-0.4306380541788725,-0.7105283606250291,0.18650628565769817,1.3798200703566386,0.8601665638041534,0.5016433246567188,0.45945366993496595,0.37013361670673234,0.34336486000181293,0.7402379381713873,0.881366519468456,0.3354889697997213,0.7002093171897058,0.4281902996883383,0.2843934635973237,-0.09535961361478508,0.3006609988586945,-0.4688438977256979,0.3320515609173975,-1.2732888015207977,1.4739980284622145,0.15293776308402854,0.02770577577861174,0.8487468837792558,0.5973508289059057,0.4162876227057249,-0.3959066422067992,0.06901626126435473,-0.46672160082375697,-0.034591142154510715,-0.6847556620353314,-0.6688531595831753,1.0147755369537224,1.2314104478496515,0.24943827556493298,-0.5029808477576393,-0.5164996765503311,0.2479354501312728,0.48638418860254556,-0.5145651431766146,-0.6396694906293029,0.5032538496831809
-0.3911222581825213,0.12352999629407943,0.08775191900701998,-0.17511792143777372,0.25765460160931153,0.1853970518293166,0.009407235629184905,0.18322652136648904,0.36833202486641925,0.1391260855674259,-0.3813443372716222,-0.3176448757021104,0.3012654625212176,-0.150260717591552,0.5350091852977834,-0.5388639222136601,0.23450405520959752,0.5868797081912919,0.17148573522518004,0.21920753893654826,0.2947154842168636,0.07014098488434305,0.4470308639788912,-0.16530377690244796,-0.5264347683776097,0.2511879505243152,0.45142340797726216,0.22771017087082238,0.596715979910835,-0.2901737553548879,-0.46443955477956705,-0.09371351771566189,0.057545792137268244,-0.1484917603764077,0.1558237909501212,0.47290209927747584,-0.20235215470613593,0.2857303026344294,0.43955530336017096,-0.08081315289123019,-0.41914517016965896,-0.48401194880459875,0.06905148220387407,0.490506123236859,-0.00274436507008135,0.49974189132021746,-0.13843538489950546,-0.08063533236586377,-0.2674462688205929,0.17725999128944891,-0.183502485911457,0.1476728548467131,0.21709203929294243,0.4381440662555954,-0.1848701558246455,0.16372474682560859
-0.969238217178511,-0.0538366538494658,0.1599404310340083,0.37643562015429693,0.369683752274479,-0.038916157386931,-0.16223195947703684,-0.10979741611133302,0.1391260855674259,0.6770743721367314,-0.1694487303895533,-5.101398855951586e-4,-0.360872322627503,0.13651665016010006,0.2589031152866706,-0.27495161070879565,0.5302903842717255,-0.07884980966634303,0.6865398959563299,0.024139378926512956,0.24626913482329993,0.042255200546461834,-0.05398611781814662,0.5609251216412352,-0.6642987179464791,-0.4181389514105894,-0.06276966867005734,0.23256864048335307,0.05298780861146778,0.3626170922446333,-0.4384882392209743,0.25340106451976646,-0.3911567093543798,0.22841529619964648,-1.2420084956338784,-0.4288545604827017,0.34730685023136215,-0.6242582315121564,0.7371385635745877,0.7792533998075439,-0.18301359484839366,-0.638473614241193,-0.3491827828598878,0.7555965558804602,0.7799201455178751,0.19695901117470338,-0.5158029748016167,0.3521773738941791,0.0715339922131923,0.8477271362021608,0.17932893266811492,-0.23003566826672933,-0.5208962747339104,-1.2088538373866733,0.377381794497413,-0.2972604264042325
0.5260820745349403,-0.015524001201301603,-0.24821202452711064,-0.00688127584661722,-0.19749850391810972,-0.6295484991767123,0.2701687497018033,0.14536621857607895,-0.3813443372716222,-0.1694487303895533,0.7391489040292937,0.4155144580427502,-0.6045021638794382,0.9590032521691978,-0.4997293273630044,0.2959469316248616,-0.1920997742783174,-0.40685540765582445,0.4982338904715221,-0.47134636756896714,-0.008939641372364313,-0.07085154089503842,0.2341707794473713,1.0248560618090843,1.0550639556484787,0.12151847984711746,-0.2257235303858649,-0.26138953715592544,-0.8458432164336447,0.34625720410266586,0.7441831524245479,0.2569111071684123,0.16480241698831152,-0.26308414129385943,0.2707707000760714,-0.8668101336112816,-0.17122664646792837,-0.4292185495877422,-0.2033527604983863,0.23922383562224914,0.6848208579430076,0.892603302730785,-0.10526489026641665,-0.6398476736144033,-0.3925858206046444,-0.8200656875816202,0.8280771901693988,0.46045560009984804,0.2791204957009938,-0.1907718177899575,0.37940717828392534,-0.47265814996160727,-0.15956981133306147,-1.0441088766226996,-0.2586207014484457,-0.0781256219155131
0.09795112571379676,-0.06024713557457307,-0.34954652314815815,0.27005687589937344,-0.11047567524860519,-0.5377258301515454,-0.19924794809257296,-0.3696773060031903,-0.3176448757021104,-5.101398855951586e-4,0.4155144580427502,0.4356275501609147,-0.6952539515033724,0.46107592786894613,-0.11802524708511149,0.47123581437343814,-0.15601120797400603,-0.8685168887344442,0.035316560319494796,-0.5303061673199647,-0.17536840196634831,-0.20268679595807385,0.01443652828174331,0.4261946226097284,0.2620565382509555,-0.09719560840435401,-0.452921325803374,-0.3359680183082224,-0.6805065920471012,0.3050835476142587,0.32458399939365906,0.3993604386201788,-0.06760826070474257,0.3903861926127663,-0.5681078231246949,-0.6861987656354169,-0.0993044139394774,-0.712016196532051,-0.31747689677548835,0.055017640557696035,0.610515742380488,0.5061182226450495,0.0984129471972317,-0.3380546082797573,0.10337761226505615,-0.23924046628122111,0.07207176756923073,-0.18761088560690214,0.08324171045939341,0.1719270645613493,0.4943302422091334,-0.44712652703783934,-0.36378726145895174,-0.5929520147121022,0.13299127195397598,-0.2955673374258346
0.46601080244761706,-0.0046913494677115995,0.7021790582760135,-0.5071832379808737,-0.15655455823027656,1.1825440928929263,0.4161498198531418,0.5931397297490351,0.3012654625212176,-0.360872322627503,-0.6045021638794382,-0.6952539515033724,1.4880714930094483,-1.185728551132362,-0.38222173349400934,-0.3532726778316115,-0.07702053184458141,1.348658690363023,-0.6891068061626089,1.0519058628381965,-0.07290818304916703,0.3764680495479749,-0.6822824036589578,-1.2478839113321707,0.011207460702920283,-0.009779912879713453,0.52039940569321,0.46376889043422587,0.9932220538902432,-0.534627784322182,-0.19705949850135046,-0.949162614221324,0.15932542818519957,-0.6913615145588373,1.425026372038266,1.339408727313576,0.432143086786314,1.5828993239590345,-0.047995300695413315,-0.350536932244621,-0.9787419271828071,-0.5631293533030258,-0.16857335899093984,0.05549216363597074,-0.37633878814867794,0.05856140961328975,-0.054864908517383876,0.28047798680302105,0.05955351770367373,-0.8566293454958339,-1.0580607393819335,1.0429961365841003,0.7635334902620158,1.4872874007565988,-0.10589357661392337,0.5796193958706597
0.04043223587105636,0.19945969567129873,-0.5323742611937591,-0.13924437205645163,0.1951651744513424,-1.3175362091812857,0.43159626156166836,0.4634087334752496,-0.150260717591552,0.13651665016010006,0.9590032521691978,0.46107592786894613,-1.185728551132362,2.0919200668552014,0.1499045022863568,-0.3661123999196392,0.1645997896712288,-0.1297522796085528,1.6954169227937068,-0.8714945135072952,0.6157064863076199,-0.11778567238765944,1.5516669763886448,2.289986237557834,1.0714083622686885,0.6742338952742202,0.23698426636158512,-0.2050751554308956,-0.9003407336788387,0.382101278528768,0.6415215217770537,0.6819890783230353,0.3431926899732882,-0.5930309654623022,0.23439190474921837,-1.3683731712438534,-0.8217421654518967,-0.9216638267242168,0.5645214558230539,0.5787143333035122,0.881830269858058,0.9901111137112923,-0.09414807088373672,-0.27742815840678975,-0.5833997666661583,-0.7306728427917237,1.3935970724967537,0.7815151279560643,0.05929890697995595,0.3427483745262518,0.78428821169808,-1.0527411038743189,-0.22833238552828253,-1.9811392045991625,-0.8045635619688039,-0.06907321818487079
-0.9212486180276223,0.2897438362540426,-0.6004030741207663,-0.020947925610923762,0.5182133503973947,-0.47673002103328316,-0.6005910669956502,-0.4306380541788725,0.5350091852977834,0.2589031152866706,-0.4997293273630044,-0.11802524708511149,-0.38222173349400934,0.1499045022863568,1.6720033814874171,-0.5809847623759231,0.23518174756141286,-0.12894209987223826,0.08093882975362193,-0.460497819624014,0.41389583940601365,-0.30083154376098853,1.4611854585892199,-0.23269776670715298,-1.3746506978625517,0.7142957238655953,0.44836270121048183,-0.10954285508681244,0.6174774565935416,-0.5143496151017282,-0.9148034127671187,0.5217814375302575,0.09591104988200501,0.619757519335452,-0.6227167538273015,0.41285815197426096,-1.0307163730480866,-0.4607117089578103,0.4001869649861471,-0.6224070519537719,-0.050808652249464036,-0.47103794318756287,0.7315750851978292,0.7599150958192437,0.14188087674958458,1.4278341516458208,-0.5112754362746641,-1.2241757709977075,-0.878468946114421,0.8009990607508909,0.4416181391753401,-0.3563101416830439,0.06726044549305246,1.015499579780355,-0.29025404481841516,-0.07661901736870248
0.5147134483063217,-0.22370213482992327,-0.22976210700344687,0.40013349534685483,-0.43976436307687,-0.10746882049664143,-0.3897770391435944,-0.7105283606250291,-0.5388639222136601,-0.27495161070879565,0.2959469316248616,0.47123581437343814,-0.3532726778316115,-0.3661123999196392,-0.5809847623759231,1.0728750639913394,-0.4914371786510035,-1.2514228741762643,-0.9601295793052941,-0.3332239084363089,-0.701109314977304,-0.22197712351997137,-0.9536436104544047,-0.5631321326124272,0.2590403541861789,-0.49079865597480304,-0.8770180286439341,-0.46353207731305024,-0.727662002795499,0.27843123201170206,0.4408956508049195,0.14422960874864638,-0.1926294043877711,0.747973000746709,-0.598585846672264,-0.3559564904323914,0.323373772788154,-0.4321335205042386,-1.0164561738365392,-0.2941797950202776,0.571729877651043,0.5331218858949898,0.17234607827753629,-0.6950183827703273,0.23379179416675056,-0.28401919638670065,-0.3662109512880841,-0.5736864015118527,0.21933803830954604,-0.23353999107519027,0.2727605840227313,-0.06790497952869225,-0.3372106076252395,0.18946430118388508,0.5549579189094361,-0.3418946036716239
-0.7603102003065277,0.011108224712362565,0.24243338457797925,0.1280842491809661,0.3538571451601468,0.07081383097924515,0.058172017716118796,0.18650628565769817,0.23450405520959752,0.5302903842717255,-0.1920997742783174,-0.15601120797400603,-0.07702053184458141,0.1645997896712288,0.23518174756141286,-0.4914371786510035,0.5034179637297824,0.3743740666901601,0.7497714275745803,0.1793577330691099,0.35698185981366226,0.12839091737014055,0.1364421269829246,0.546034357414546,-0.4505709377582723,-0.1908069765054559,0.20882308167195496,0.32497560845959905,0.24569708494288947,0.18837611546916458,-0.38526760685702865,0.07137849314986898,-0.2166814160663103,-0.13054484656231025,-0.6036757955265987,-0.18175507180372985,0.22571060758066588,-0.2291504096226566,0.7985730971512276,0.6676643033467274,-0.32687880971082045,-0.5936389224117764,-0.3513044808801814,0.6915050659897992,0.453877183063234,0.1296501566550203,-0.21549044539277423,0.5128366171396598,0.044025169717378375,0.5864868553744708,-0.017399668982462355,-0.08702666726497452,-0.24443785231874915,-0.9311922773444296,0.11069756826894883,-0.08192154293116476
0.1479324064426755,0.19093061111234444,0.7944846293590601,-0.8328939145160493,0.20502921655271888,0.847294374358158,0.9654663907972029,1.3798200703566386,0.5868797081912919,-0.07884980966634303,-0.40685540765582445,-0.8685168887344442,1.348658690363023,-0.1297522796085528,-0.12894209987223826,-1.2514228741762643,0.3743740666901601,2.285421016777281,0.7395549816166941,1.062050845079994,0.6554691877375154,0.5581254348670732,0.3929072061559822,0.1364291194103932,0.3804235541646679,0.4684022942686838,1.2100044712502316,0.7854206194245025,1.1227102077781614,-0.48991183036727887,-0.18620268955040556,-0.8691351481454569,0.3867761466637049,-1.576455548193032,1.9698671890983814,0.9958740361040654,0.074643373613776,1.5932408051119809,0.9519043916998828,0.2672763197329046,-1.0995849680244765,-0.5844076491097769,-0.4898710108487636,0.4322825676328325,-0.730547778222965,-0.21393529242292764,0.7906479162157227,1.2528286943117306,0.06341845322324748,-0.6039531352367045,-1.0327345731317836,0.7393814708514773,0.882023202476279,0.3214134199230993,-0.7565853446957016,0.8052220771883244
-0.7077208569018657,0.13932839247057388,0.13220297909504897,-0.07386367118595193,0.5142518591257662,-0.668613372854083,0.6459773955769885,0.8601665638041534,0.17148573522518004,0.6865398959563299,0.4982338904715221,0.035316560319494796,-0.6891068061626089,1.6954169227937068,0.08093882975362193,-0.9601295793052941,0.7497714275745803,0.7395549816166941,2.261932272525941,-0.17719288380339407,0.9170382157511666,0.2095294820277149,1.1134319507908073,2.413784878721727,0.5448853516361851,0.212742192298591,0.5386699940821117,0.38572595189800135,-0.2985763678848073,0.5244707531570258,0.13738444056863483,0.36133345011017676,0.03356515931710383,-0.9519364352089399,-0.14188588713513953,-1.1464464087581063,-0.13825562756216045,-0.6269982015984538,1.4643464715424772,1.3890427325619945,0.09000717092718637,7.302462937079342e-4,-0.7017578169767726,0.568762361281873,-0.01842726693593904,-0.6666636658754719,0.9798035900992051,1.6110515080910885,0.26208119093150356,0.7289655465938261,0.31747894201432797,-0.7031891468576471,-0.3389006686656471,-2.720163792178886,-0.5260381804973774,-0.010790589640405319
0.025112646951541976,-0.0794963943839556,0.744424835245882,-0.2075635538553828,-0.01821038277345801,0.9905822849748017,0.36103759641995536,0.5016433246567188,0.21920753893654826,0.024139378926512956,-0.47134636756896714,-0.5303061673199647,1.0519058628381965,-0.8714945135072952,-0.460497819624014,-0.3332239084363089,0.1793577330691099,1.062050845079994,-0.17719288380339407,0.9235511079798563,0.009215885680261068,0.37531321746133767,-0.8060576574049846,-0.6273787187146922,-0.08276433723696827,-0.341970561646812,0.31042670545461853,0.5108460050977977,0.702546095407885,-0.1418149593696228,-0.21865494422166334,-0.7085950274380315,-0.08928850023613344,-0.5532565428623717,0.6026021969269276,0.7544851969170436,0.6967482995295432,1.0073649188375184,0.28958214340020577,0.24793115828914528,-0.8589253909690642,-0.6899124197491092,-0.44908294206627175,0.3053601774104146,0.07432682729503998,-0.11119055688384177,-0.2031778328029056,0.6382700263860969,0.24023845646978503,-0.37545335275582153,-0.8193748312554445,0.7611057654989442,0.323020242606868,0.3462714422822721,0.1511950042478613,0.3210618822260447
-0.38806616986598114,0.16349289119637123,0.02561230726307416,-0.21314763196725237,0.32645078992991655,-0.2062981405473209,0.26742760035834734,0.45945366993496595,0.2947154842168636,0.24626913482329993,-0.008939641372364313,-0.17536840196634831,-0.07290818304916703,0.6157064863076199,0.41389583940601365,-0.701109314977304,0.35698185981366226,0.6554691877375154,0.9170382157511666,0.009215885680261068,0.536653726755034,0.09661372531732836,0.851912657410431,0.7916944901910987,-0.034187432268120384,0.37799700744422704,0.5341922531597145,0.23551276935029267,0.25048509161212723,-0.06031455345950217,-0.184165349093277,0.08609135756776432,0.13788132217432564,-0.48919582106252507,0.2453449283474311,-0.0928745577351461,-0.3279139657637247,-0.005367492435083717,0.7457397997029679,0.328669475233339,-0.16601326206188413,-0.1763286709211796,-0.12715029628135907,0.41892666425272224,-0.1646496904597018,0.07103848488153584,0.40687706121039824,0.467396718463562,-0.12473774313304362,0.29159309570345576,0.0258261596606289,-0.1924402230973032,0.09644106892805455,-0.5672020529048543,-0.431506981056096,0.14631918550217624
0.03995259813174791,-0.024954560678995357,0.3470779216380392,-0.12498769478907984,0.007812969842531579,0.33426328626504825,0.29548871143072886,0.37013361670673234,0.07014098488434305,0.042255200546461834,-0.07085154089503842,-0.20268679595807385,0.3764680495479749,-0.11778567238765944,-0.30083154376098853,-0.22197712351997137,0.12839091737014055,0.5581254348670732,0.2095294820277149,0.37531321746133767,0.09661372531732836,0.1996530237460651,-0.24601013240743422,0.07954421179509927,0.18940781036933618,-0.1173187294708046,0.18477564984697817,0.2538721794990885,0.1971840702613598,0.024446670499950907,0.025162271228016005,-0.2865984074950605,-0.005233857968948786,-0.42656217858777096,0.36391816091140194,0.14203592621460825,0.2983875128508406,0.3942303478276932,0.25419610687636335,0.2865266707545522,-0.3172234385749977,-0.19850135169665578,-0.30612349427473984,0.1008508424004077,-0.04523714039890171,-0.251801867248623,0.14011418560417294,0.5514054711178217,0.18654979232987748,-0.16161618078237042,-0.3271758929955783,0.24385476032152265,0.11826536687582603,-0.23629938784309304,-0.03092026914056753,0.1579234105797269
-0.24490325402557334,0.48576088765371633,-0.827058945722129,-0.5308852060741496,0.4630412084372362,-1.1635923376710837,0.09198223371070177,0.34336486000181293,0.4470308639788912,-0.05398611781814662,0.2341707794473713,0.01443652828174331,-0.6822824036589578,1.5516669763886448,1.4611854585892199,-0.9536436104544047,0.1364421269829246,0.3929072061559822,1.1134319507908073,-0.8060576574049846,0.851912657410431,-0.24601013240743422,2.587645373352498,1.1801206804733793,-0.018256880343744123,1.4857140141978122,0.9131553085332831,-0.18313182433612873,0.1555467984294934,-0.5099838542216881,-0.17410475698497568,0.61986215792343,0.6459835853914996,-0.3782768372759595,0.7654823189161716,-0.13932653004547696,-1.7094565635308494,-0.3577481498851704,0.606741879511501,-0.5071696015711368,0.4247215519955164,0.4956922963874262,0.6693873687207962,0.18476074887600621,-0.9007489997329393,0.6109625157141698,1.0234021082990508,-0.4329604925488366,-0.7818139555104208,0.36819841631909467,0.621400821571641,-0.7832128270775486,0.39684193700627407,0.22535785486627352,-1.2422103929861983,0.2402885800631984
-0.35531007897821887,0.09913225769034266,-0.14518408548778802,0.03585520076345835,0.33860039695446437,-1.1777024225352757,0.6716845386804872,0.7402379381713873,-0.16530377690244796,0.5609251216412352,1.0248560618090843,0.4261946226097284,-1.2478839113321707,2.289986237557834,-0.23269776670715298,-0.5631321326124272,0.546034357414546,0.1364291194103932,2.413784878721727,-0.6273787187146922,0.7916944901910987,0.07954421179509927,1.1801206804733793,2.990132988301092,1.172057995488784,0.22467000099454454,0.20845216658870647,0.09294113501700225,-0.9988573474600276,0.8004083813278091,0.6495768668736411,0.636893746376964,0.09013372429399846,-0.8801267345287833,-0.22271664408074804,-1.814128785965141,-0.25937001797630493,-1.1045714286760449,1.150783980182473,1.4615511513817612,0.688907671110791,0.6707025198151954,-0.6795076592823346,0.06753608047854778,-0.18012684416913685,-1.1557165323366536,1.3877942530066316,1.689060167619348,0.4276790628177621,0.6593402681021606,0.697688361678318,-1.0921427600111802,-0.5510374473857821,-3.3581368585742037,-0.5783227612528931,-0.17046515885468905
1.5124339252814958,-0.021616039319322707,0.0884975250937187,-0.4858981873716064,-0.5343604751049406,-0.3275269162997062,0.975294234575688,0.881366519468456,-0.5264347683776097,-0.6642987179464791,1.0550639556484787,0.2620565382509555,0.011207460702920283,1.0714083622686885,-1.3746506978625517,0.2590403541861789,-0.4505709377582723,0.3804235541646679,0.5448853516361851,-0.08276433723696827,-0.034187432268120384,0.18940781036933618,-0.018256880343744123,1.172057995488784,2.279432015549492,0.29131002770166464,0.025991559466528865,-0.13109578633803015,-0.9170697365531078,0.26375624956795746,1.4111534953103746,-0.280181202048072,0.5108455378625184,-1.2249027778002002,1.8733746511772251,-0.6856681496349719,-0.019566060239743,0.48004785997000665,-0.41343895130982455,0.23070581457509629,0.5925381591351272,1.4086789730181288,-0.3852059902537324,-1.2916805057149712,-1.1975145107253458,-1.7059568277047248,1.7739992907185624,1.280196555622533,0.6404494668680171,-1.1452152485575118,-0.1183338842191069,-0.11101375079432345,0.34446784138739023,-0.9762516132374681,-0.6931855039791985,0.3602912765342545
0.38826135334268713,0.3194449813182912,-0.47746981025276236,-0.577204731772946,0.07692135314192913,-0.502261187629518,0.1832439092238272,0.3354889697997213,0.2511879505243152,-0.4181389514105894,0.12151847984711746,-0.09719560840435401,-0.009779912879713453,0.6742338952742202,0.7142957238655953,-0.49079865597480304,-0.1908069765054559,0.4684022942686838,0.212742192298591,-0.341970561646812,0.37799700744422704,-0.1173187294708046,1.4857140141978122,0.22467000099454454,0.29131002770166464,1.1005309348984373,0.6576132296660907,-0.15804426669327742,0.22702942318188368,-0.5735008623998565,0.06618806734785979,0.10998768433536935,0.6025442274868119,-0.42561186757380737,1.269918291817496,0.3408361033215066,-1.1416885587280976,0.32563993109580985,-0.008791190352267508,-0.755460595661736,0.19554734250274572,0.5172101404218638,0.5614307102923681,-0.24316754563316179,-0.9739839237113792,0.30363873248588297,0.841581155012184,-0.41832497163805743,-0.5084260961091696,-0.3155445996403827,0.12992296578939652,-0.2002380096821217,0.6095614967270759,0.9820919637714906,-0.9438580962366925,0.374702924276084
-0.03856567354719875,0.23626562491919592,0.1392635095180393,-0.551372002218225,0.24137322336046244,0.13800308850517662,0.42229468549775895,0.7002093171897058,0.45142340797726216,-0.06276966867005734,-0.2257235303858649,-0.452921325803374,0.52039940569321,0.23698426636158512,0.44836270121048183,-0.8770180286439341,0.20882308167195496,1.2100044712502316,0.5386699940821117,0.31042670545461853,0.5341922531597145,0.18477564984697817,0.9131553085332831,0.20845216658870647,0.025991559466528865,0.6576132296660907,0.8545465662185707,0.32578300378659464,0.686422561552062,-0.45070417624380466,-0.2344132657848706,-0.2603920243168763,0.36112799002824897,-0.7855632585771113,1.1353793210180116,0.5735889834683838,-0.46978634492763,0.7126405245114289,0.5968061845858829,-0.11870433900412969,-0.46777113879650545,-0.22482019129712771,0.020045921380915484,0.3111099270057646,-0.5753086910188362,0.21363051398951882,0.5499924377617982,0.331086699533595,-0.2567506929130963,-0.17717358486869444,-0.34913351747460636,0.18855206861794277,0.5697000927559825,0.457677537997898,-0.6878510137447982,0.46172105540102076
-0.28980943541116755,-0.005414598596430427,0.45816360986845067,-0.10778097828573574,0.16439158691591807,0.45373592969644566,0.28076600130770113,0.4281902996883383,0.22771017087082238,0.23256864048335307,-0.26138953715592544,-0.3359680183082224,0.46376889043422587,-0.2050751554308956,-0.10954285508681244,-0.46353207731305024,0.32497560845959905,0.7854206194245025,0.38572595189800135,0.5108460050977977,0.23551276935029267,0.2538721794990885,-0.18313182433612873,0.09294113501700225,-0.13109578633803015,-0.15804426669327742,0.32578300378659464,0.40669926563840797,0.441615576903681,0.002659497579016366,-0.2314368558023742,-0.3086660091544554,-0.08126110107424056,-0.4500676077414205,0.17504591142909612,0.25091253076501036,0.36121089391899064,0.41435324366829435,0.5616289726639025,0.441178498520856,-0.5448082560226241,-0.5360197321611065,-0.3870960203328829,0.43642768041560953,0.1335256096531856,-0.055961186220232724,-0.03934874470523798,0.634627726389723,0.13409694142877948,0.05176188387572582,-0.40042769237665093,0.2940158610358352,0.09266362033268978,-0.3269170274280092,0.01098005950419555,0.16314821438832097
-0.4020971529984863,0.13122614693838058,0.3695087008740089,-0.33830816052803536,0.26375968490339335,0.7799411359641676,0.016555525234972467,0.2843934635973237,0.596715979910835,0.05298780861146778,-0.8458432164336447,-0.6805065920471012,0.9932220538902432,-0.9003407336788387,0.6174774565935416,-0.727662002795499,0.24569708494288947,1.1227102077781614,-0.2985763678848073,0.702546095407885,0.25048509161212723,0.1971840702613598,0.1555467984294934,-0.9988573474600276,-0.9170697365531078,0.22702942318188368,0.686422561552062,0.441615576903681,1.2183945820506457,-0.6125536072814733,-0.7957005682301799,-0.4826352572684048,0.06159145418996865,-0.23559749614228886,0.5274927983591042,1.2428068657200977,-0.037515833805766154,0.9499223874953202,0.4404359310789732,-0.3485617320118738,-0.9582231098677294,-0.9606519496571637,0.09995147199297938,0.7087267753712084,-8.432207603756505e-4,0.8481194174085767,-0.46867312414624607,-0.23796689574091692,-0.3749597842192372,-0.04885298288172783,-0.6470341786925132,0.6535784249234674,0.5345429542906321,1.3966646911574254,-0.12919029062451728,0.3769757846625414
-0.24767863744354518,-0.16970630325015318,0.11679808988761223,0.4035568423424352,5.454404073997216e-4,-0.2017756446100633,0.02619340820795136,-0.09535961361478508,-0.2901737553548879,0.3626170922446333,0.34625720410266586,0.3050835476142587,-0.534627784322182,0.382101278528768,-0.5143496151017282,0.27843123201170206,0.18837611546916458,-0.48991183036727887,0.5244707531570258,-0.1418149593696228,-0.06031455345950217,0.024446670499950907,-0.5099838542216881,0.8004083813278091,0.26375624956795746,-0.5735008623998565,-0.45070417624380466,0.002659497579016366,-0.6125536072814733,0.6223729323657096,0.2577581830466785,0.22429283536707223,-0.32082362155495464,0.10948568251994793,-0.9025432185262728,-0.8826337702648185,0.5300364930765744,-0.679446561434884,0.19348260554346897,0.8131552824262596,0.27247089359877513,0.0721387870841215,-0.4595315452021115,0.02195868758353978,0.5013548615867064,-0.5697685988841498,-0.05240550639489038,0.6280160868434876,0.42733896639074304,0.37739699253109676,0.2617430039905052,-0.31364108295202425,-0.5859179004878778,-1.6084378859581845,0.4005351700450459,-0.3369678841022565
0.989518250537386,-0.06351221942317022,-0.06686162816074365,-0.15561271409549715,-0.411518049365047,-0.3189059230649958,0.4476241959943681,0.3006609988586945,-0.46443955477956705,-0.4384882392209743,0.7441831524245479,0.32458399939365906,-0.19705949850135046,0.6415215217770537,-0.9148034127671187,0.4408956508049195,-0.38526760685702865,-0.18620268955040556,0.13738444056863483,-0.21865494422166334,-0.184165349093277,0.025162271228016005,-0.17410475698497568,0.6495768668736411,1.4111534953103746,0.06618806734785979,-0.2344132657848706,-0.2314368558023742,-0.7957005682301799,0.2577581830466785,0.9578509826808277,-0.05387630872946018,0.2495106687776591,-0.4874334483911897,0.8627614422921421,-0.5914846294867211,0.01871936439657534,0.05712916796259015,-0.4942141185861893,0.0780813719776353,0.5707569169012054,1.014581499707833,-0.1623227642609421,-0.9427385468751163,-0.6325411217496206,-1.0759985481075274,0.9704103055395545,0.5826864827323289,0.4198919087748361,-0.6715352346415268,0.08234526201493914,-0.1661121174206276,0.06868191610489273,-0.6280380578971355,-0.27557983811020764,0.08752742459855632
-0.43720405181102745,0.04589101725111406,-0.5293563111099044,0.3156959765201791,0.17318184355978455,-0.7731772113716177,-0.38392302516303667,-0.4688438977256979,-0.09371351771566189,0.25340106451976646,0.2569111071684123,0.3993604386201788,-0.949162614221324,0.6819890783230353,0.5217814375302575,0.14422960874864638,0.07137849314986898,-0.8691351481454569,0.36133345011017676,-0.7085950274380315,0.08609135756776432,-0.2865984074950605,0.61986215792343,0.636893746376964,-0.280181202048072,0.10998768433536935,-0.2603920243168763,-0.3086660091544554,-0.4826352572684048,0.22429283536707223,-0.05387630872946018,0.6567202640295311,-0.09101065719883884,0.5672532101815505,-0.9951640005796043,-0.706782300893366,-0.42467360987852093,-1.0289808672547507,0.05981930211294105,0.07141135992317063,0.5759250829490883,0.2442473067001769,0.24594116794573775,0.09376179230446785,0.27230669547920444,0.2401389231810131,-0.10498135136025048,-0.4331109215169133,-0.19515027310073282,0.6492563218100452,0.7087445555423167,-0.6714235932677907,-0.4507046399954043,-0.6517989130766617,0.043867492068734214,-0.37108909947395285
0.5298266727052676,0.15303173949791163,-0.17491415277512895,-0.4189156876891768,-0.08934137598604186,-0.17814671522561906,0.2647414177156406,0.3320515609173975,0.057545792137268244,-0.3911567093543798,0.16480241698831152,-0.06760826070474257,0.15932542818519957,0.3431926899732882,0.09591104988200501,-0.1926294043877711,-0.2166814160663103,0.3867761466637049,0.03356515931710383,-0.08928850023613344,0.13788132217432564,-0.005233857968948786,0.6459835853914996,0.09013372429399846,0.5108455378625184,0.6025442274868119,0.36112799002824897,-0.08126110107424056,0.06159145418996865,-0.32082362155495464,0.2495106687776591,-0.09101065719883884,0.40776838691535244,-0.44067940344182793,1.099496215708189,0.2297525060834591,-0.5443379270878375,0.4160625620544996,-0.14863619122219188,-0.4449094492586079,0.11120302920360142,0.4549329399098461,0.24126765738802075,-0.3659796555379162,-0.7342308570268622,-0.09673918137110132,0.6807162950079455,-0.04976938132046198,-0.15933669345300341,-0.46530662788611743,-0.06073715745315867,0.002886685145373598,0.4535275883247309,0.5971277831018181,-0.5855083549698177,0.30415636763481013
-0.611548408116684,-0.1222465658157121,-0.5089112800133246,0.6932080542246708,0.030828647525309495,-0.2627942067457143,-1.0428368000184902,-1.2732888015207977,-0.1484917603764077,0.22841529619964648,-0.26308414129385943,0.3903861926127663,-0.6913615145588373,-0.5930309654623022,0.619757519335452,0.747973000746709,-0.13054484656231025,-1.576455548193032,-0.9519364352089399,-0.5532565428623717,-0.48919582106252507,-0.42656217858777096,-0.3782768372759595,-0.8801267345287833,-1.2249027778002002,-0.42561186757380737,-0.7855632585771113,-0.4500676077414205,-0.23559749614228886,0.10948568251994793,-0.4874334483911897,0.5672532101815505,-0.44067940344182793,1.5399300266043807,-1.8923607497791979,-0.14485523914065904,-0.008443359531668755,-1.0346700748429762,-0.5755076752586277,-0.42786163394058707,0.3794483071091118,-0.24162583574825708,0.5293902400095056,0.20391044992781407,0.9201675976554606,0.906546508184168,-1.317208447529789,-1.4572839923765404,-0.329297569217141,0.7215145438145314,0.601306355429048,-0.28648326539822044,-0.6091323925083885,0.5679146078173055,0.7966138634025794,-0.6132191428554802
1.9063768800652927,0.2896311908337788,0.24840193082872922,-1.383148799543218,-0.4650417557311515,0.4147009909506149,1.2312479457835226,1.4739980284622145,0.1558237909501212,-1.2420084956338784,0.2707707000760714,-0.5681078231246949,1.425026372038266,0.23439190474921837,-0.6227167538273015,-0.598585846672264,-0.6036757955265987,1.9698671890983814,-0.14188588713513953,0.6026021969269276,0.2453449283474311,0.36391816091140194,0.7654823189161716,-0.22271664408074804,1.8733746511772251,1.269918291817496,1.1353793210180116,0.17504591142909612,0.5274927983591042,-0.9025432185262728,0.8627614422921421,-0.9951640005796043,1.099496215708189,-1.8923607497791979,3.9088196227072394,1.1589996360341113,-0.7251595300728797,2.17044077012189,-0.3977447605626008,-0.963495718703281,-0.317549823810109,0.9652363590369947,0.15002908847316607,-1.1127666605734083,-2.150832332596303,-0.816054943671334,1.9825512042770423,0.6892178153200795,-0.0054492804306809734,-1.9462501693819596,-0.9631130350340661,0.7334275825752554,1.5726508504119603,1.7841983226740252,-1.4944827866765586,1.1672546107613853
