V1,V2,V3,V4,V5,V6,V7,V8,V9,V10,V11,V12,V13,V14,V15,V16,V17,V18,V19,V20,V21,V22,V23,V24,V25,V26,V27,V28,V29,V30,V31,V32,V33,V34,V35,V36,V37,V38,V39,V40,V41,V42,V43,V44,V45,V46,V47,V48,V49,V50,V51,V52,V53,V54,V55,V56
126.26023296564387,165.04268171719588,11.73172350975811,-41.059168307983775,70.96876579707781,-480.54595920729264,360.30984297731777,173.12302374105354,118.94877516633085,66.42708689639714,-29.801312342497862,184.64821491561364,-98.63639255961532,-154.22622455429646,-191.7642396255107,-6.5085645526221505,-208.5280817899295,-262.9813560877905,75.29866071875156,78.40199968903525,-7.635290487747562,559.6895929896978,104.48595069535871,46.13603421160936,286.79332399527016,-137.33747750003292,28.74967407433302,-76.31373044134052,329.4643492342035,108.94180871276463,-201.01982925479504,-242.3386690338034,18.92039830186147,305.5965925961822,-389.5676302271656,7.099379745545622,286.47934373888995,80.50448035304296,129.62581171604282,64.76972636462956,-71.09006672738461,320.1634344501605,-50.63070460782687,3.9205479764075437,-190.240676446608,-85.88193623330721,127.33549738473448,-81.76674020087086,148.3627517099754,15.338210513328248,139.05415630134897,112.9283217876977,49.56107130646484,70.84701292815996,-21.558905486496364,-295.72117191323065
165.04268171719588,216.70896386832175,14.341256178034174,-53.16311980799137,94.06781139359839,-634.2605467506804,475.14719410384953,228.66942545607537,156.54243925572965,87.17982330537423,-39.70682540845369,242.9253528437429,-129.00886279115102,-203.0950544231152,-252.2366434773501,-8.661826439933465,-274.93786982160555,-346.51776658611374,98.46033252766365,102.98841329965128,-11.339359247170353,737.7033079988244,137.55247703341433,59.582760652300045,378.15558487814286,-181.41774606428558,38.09335784946303,-100.87057539398984,434.99364675147336,143.1877735316244,-265.8575270459016,-320.15359225272994,24.950920662960247,403.33984709962357,-512.844204292155,9.639859001551184,378.9620111095894,105.10112918337292,170.1107132717682,85.21623721545564,-93.86324261959774,421.1705961824941,-66.73924981959493,6.590776401922105,-250.737021746573,-113.03491664898239,166.38179374333092,-108.21724130262929,195.74620564206148,20.176730969006336,183.6028755228998,147.94020530159122,65.45707992651577,93.20283822294704,-29.09521047772321,-390.62819027759855
11.73172350975811,14.341256178034174,2.158219500658009,-4.35696898387021,5.131181208146187,-37.976272305768525,28.886532872248548,13.495710135588851,9.927893107044598,5.747414571067223,-1.8500038576142102,15.522409902270569,-9.11155388313921,-12.595757859804456,-16.049917709818445,-0.44052436175840565,-16.74885423184908,-21.456428249537147,7.024450448256731,6.6984803427164215,0.7363130918049785,45.17745615009375,8.663927809896782,5.081321357986839,22.995243019536144,-10.59026233669757,2.044928203387068,-5.82433653271904,25.85772958720166,9.27516639606133,-15.318990858856942,-18.82410460972729,1.5456327203694193,24.15677609545212,-32.24052555951958,0.2618896895245863,21.64993799060257,7.575485988335351,11.23430729459686,5.338695497424545,-5.552907331256198,26.764429830993112,-4.04116044894269,-1.22294084709505,-15.40907646904111,-7.1347390873500895,11.941357771906366,-6.1310533299603165,11.782950016016008,1.3334652956238113,10.922938325246639,10.075042552573407,3.8671130970278806,5.900350725598418,-0.9543690236934272,-22.973009994788562
-41.059168307983775,-53.16311980799137,-4.35696898387021,13.630376617368102,-22.331918847456087,152.86663043307388,-114.84007486656503,-54.996522412306895,-38.10998363110264,-21.373803080498167,9.218111513027345,-59.207453643096834,32.02995104389654,49.25862268494985,61.459642985391184,2.041855203020374,66.47011611085581,83.9808983412775,-24.50476253732222,-25.20064202165082,1.7535992444492725,-178.5205418380334,-33.447553947209435,-15.403025525793476,-91.41147172229252,43.54509778049601,-9.037229339880142,24.16464365122092,-104.72392520193723,-34.988481735081486,63.65932695555074,76.9383281368338,-6.052614834434826,-97.20128815157288,124.63339523320916,-2.1144917942027752,-90.63352888274416,-26.2347941831601,-41.73327794871176,-20.71117176918568,22.58695271787952,-102.5850544632994,16.128046715819064,-0.47301042981922553,60.720810842105394,27.505865685487358,-41.471130762328066,25.82989908139106,-47.228755328625176,-4.931011045394069,-44.19376438243668,-36.506207664774664,-15.751733986788855,-22.68956077656955,6.48800146451346,93.8632014175326
70.96876579707781,94.06781139359839,5.131181208146187,-22.331918847456087,42.006555402741654,-279.4721682759386,208.99351569499558,100.88516027684823,68.38639571692592,38.033232170419254,-18.19612720942423,105.99718281300531,-55.53589858554816,-89.29901435436547,-110.34333226712084,-3.853937112101438,-120.97695770948597,-152.01028911104504,42.18078420388803,44.930621127134,-6.237682663642353,324.4276536333781,60.16318345443446,24.83118961685247,166.40792700129893,-80.4150734170137,17.110504202389173,-44.75972593827234,191.86358395200654,62.432678642487026,-117.66867328993983,-141.35328158271523,10.86795514702636,177.77259559843407,-224.63858113212098,4.527276748045721,168.07306120462087,45.16555368896502,74.13587998291729,37.4870129604664,-41.45909834301768,184.2777807834931,-29.46454952801988,4.385040120472259,-110.09587997259062,-49.43147468476871,71.34521794531021,-48.06796939969625,86.22425495036903,8.71388573230063,80.97236543920793,64.16750901580896,28.861535855684604,40.83206089746245,-13.62310808058964,-172.63977267208352
-480.54595920729264,-634.2605467506804,-37.976272305768525,152.86663043307388,-279.4721682759386,1871.137540160911,-1400.3726454566015,-675.1074758168177,-459.7249929667926,-255.725832072267,119.53472460802155,-712.9611185260571,375.84090118712624,598.3070178614502,741.1653378074867,25.716927675278082,810.415771264415,1019.8174778308344,-286.2050035497266,-302.1652265491468,38.018068137276224,-2173.81510905552,-404.20828747041145,-170.61506947037043,-1114.7354416672117,536.7761453627743,-113.49039951300898,298.63624621262005,-1283.9721403387791,-420.0250756955584,786.2388272132331,945.5541158408133,-73.20754331406627,-1190.033786918613,1508.0210022595809,-29.46755006495231,-1121.8624030729861,-305.8686513090878,-498.7552475742201,-251.06037397375647,277.24704960823345,-1237.6713796019667,197.0273872451795,-24.84374070258253,738.3168421062361,332.1303425827171,-483.7881249380903,320.60304132363,-577.3543720425891,-58.920648103561845,-541.9029217719384,-432.65648537695085,-193.20040801990305,-274.05852008491075,88.70642454562034,1154.1847988582467
360.30984297731777,475.14719410384953,28.886532872248548,-114.84007486656503,208.99351569499558,-1400.3726454566015,1048.2623422183408,505.24994369682327,344.25597488236406,191.555838700953,-89.29448365052156,533.890757808273,-281.70616693515325,-447.93834551130305,-555.05808247677885,-19.247758563891356,-606.6366200683395,-763.4127968753578,214.5920366623685,226.3609822199664,-27.955643910538008,1627.3078882504556,302.6664076820594,128.21489675894145,834.471373088422,-401.6374004769793,84.90351850500588,-223.4214876271924,960.9070168624319,314.5766519840518,-588.2106090763917,-707.586681193844,54.824719109336726,890.5816943534783,-1129.0537519052423,21.971556290590172,839.282926984574,229.41722877200996,373.6565382417112,187.99363729618122,-207.50015324269185,926.839089374832,-147.49974537191662,18.03121464634882,-552.7511417098668,-248.72999995717043,362.78974264871584,-239.7778189549219,432.1388906310883,44.08885191343951,405.5112043071269,324.25148582718543,144.61270457672305,205.23086056097128,-66.16575678320322,-863.650842529036
173.12302374105354,228.66942545607537,13.495710135588851,-54.996522412306895,100.88516027684823,-675.1074758168177,505.24994369682327,243.7235916553179,165.81474989595804,92.10707484926594,-43.139898301735144,257.09154578836944,-135.30392876994952,-215.70966701523366,-267.2664633842264,-9.346944808733266,-292.3263537908071,-367.74193404303753,103.15130202387367,108.95781202692804,-13.978349183720802,784.0808771665837,145.7979199295081,61.314071795947484,402.1863639388164,-193.61485814173037,41.002884114536144,-107.72311958618539,463.33223889789986,151.40936775604808,-283.77884437811724,-341.2951099340259,26.465901165675028,429.26770433691155,-543.6702342220211,10.727970976244963,404.9291412563234,110.20180946217263,179.73191052187093,90.49120117790802,-100.06500511847499,446.259038110446,-71.07080307744236,9.24190038729923,-266.3989989767017,-119.83459240884349,174.32702511070315,-115.64409362993094,208.31339348041502,21.19564596355933,195.48834962218197,155.88317839200235,69.78167272225133,98.81542768291148,-32.17220496772453,-416.4304294314964
118.94877516633085,156.54243925572965,9.927893107044598,-38.10998363110264,68.38639571692592,-459.7249929667926,344.25597488236406,165.81474989595804,113.24702093641427,63.01876089104173,-29.02114551598189,175.686065282001,-92.9883185603375,-147.09707007192765,-182.50498630178194,-6.304021634091893,-199.20022702660208,-250.88874745629693,70.92144684696547,74.47001454235648,-8.717686386841406,534.4134302081857,99.53530735942768,42.6316314658414,274.00295433983183,-131.6440910141329,27.72839397702918,-73.2152083782399,315.3715452171358,103.52507386324355,-192.90894888584586,-232.1801379769889,18.052254529751334,292.34991707366095,-371.16445956671936,7.1039743639885895,275.09183367342695,75.7323295573284,122.95474105300694,61.7174941254333,-68.071970599553,304.742377279532,-48.38391920328133,5.3617589736471505,-181.6002606036399,-81.79491159449717,119.85344379388877,-78.57073074777328,141.86853485802948,14.556768806234043,133.10119699379973,106.815371809466,47.46403353316602,67.45431449405292,-21.40019027382234,-283.3146644094868
66.42708689639714,87.17982330537423,5.747414571067223,-21.373803080498167,38.033232170419254,-255.725832072267,191.555838700953,92.10707484926594,63.01876089104173,35.25244428199012,-16.231582090911832,97.79471243255709,-51.98258735652224,-82.08264793887061,-101.7250137934246,-3.4408423056398982,-110.93167304510558,-139.71659883049932,39.49907859898191,41.52954063245645,-4.550429403076827,297.67727320802504,55.391288984136104,23.953350644921215,152.52093683848673,-73.3813872460742,15.44436827070009,-40.796603603346384,175.3857759939225,57.70982742609146,-107.18409687701005,-129.02725145014315,9.966867296911412,162.71179957982898,-206.8710661022372,3.866570086383939,152.93546970800134,42.34069467714222,68.69474510067332,34.500748390173555,-37.86639857100043,169.88205475329715,-26.990621210352298,2.69223951045364,-101.02853824268813,-45.50465839718527,66.86161929557372,-43.73396290781455,78.93870606776282,8.102524123623773,74.05412839135822,59.702375782570336,26.338872152855597,37.62172758924271,-11.798379719679764,-157.64922728289176
-29.801312342497862,-39.70682540845369,-1.8500038576142102,9.218111513027345,-18.19612720942423,119.53472460802155,-89.29448365052156,-43.139898301735144,-29.02114551598189,-16.231582090911832,8.134806113293946,-44.93756549965881,23.357504795494613,38.28419398395202,47.00639511991218,1.6303952224930145,51.75887342358254,64.81619438337745,-17.573908372467574,-19.108839947797772,2.9898743484753254,-138.78136818890326,-25.564710773905286,-10.183514565847329,-71.17424149908996,34.692282449931675,-7.481173103663774,19.31759326248598,-82.1281880028464,-26.503458020834465,50.46522084734231,60.51189786655551,-4.553709133318455,-76.0989581710651,95.76047036740644,-2.006390478046156,-72.29564349668968,-18.997721566096995,-31.567331572865832,-16.121778901639374,17.784022159820772,-78.51937424830405,12.683660021752212,-2.3040137853802465,46.953431056778015,21.00118469388578,-29.83241210989326,20.723936984137087,-36.889644312137214,-3.6414421429649724,-34.664234545639694,-27.213279504482312,-12.323803542752637,-17.43442667966135,6.107809317865106,74.08826599499207
184.64821491561364,242.9253528437429,15.522409902270569,-59.207453643096834,105.99718281300531,-712.9611185260571,533.890757808273,257.09154578836944,175.686065282001,97.79471243255709,-44.93756549965881,272.58773218440143,-144.39297875806972,-228.159522116935,-283.1099577052671,-9.750336284367169,-308.94575994310946,-389.2106735054754,110.10661713869224,115.52353599426647,-13.37776644310644,828.8512957463779,154.4053049333296,66.27280983564356,424.92206117512626,-204.1239995848163,42.94393309247748,-113.52445380014903,489.0464653145357,160.63534864977794,-299.11499647520645,-360.00836590253954,27.991148317740254,453.4219344018458,-575.837053814587,10.966478399286853,426.491039951131,117.54332386809826,190.77641581841968,95.72528464876936,-105.54152123443224,472.75285895913726,-75.02070331151951,8.147614232004662,-281.64045673027493,-126.86725400222386,186.06060057079972,-121.84197181763699,220.007824660294,22.62333480407197,206.430423554886,165.76150792786007,73.57895733735958,104.63502108406044,-33.071543421746846,-439.33423300244016
-98.63639255961532,-129.00886279115102,-9.11155388313921,32.02995104389654,-55.53589858554816,375.84090118712624,-281.70616693515325,-135.30392876994952,-92.9883185603375,-51.98258735652224,23.357504795494613,-144.39297875806972,77.17047746874509,120.6465983331973,149.91428113506754,5.043459722770143,163.083603189171,205.7543316071711,-58.806390314974806,-61.261899512005655,6.014898531930949,-437.6961902903255,-81.68315086677539,-36.022474095890416,-224.214024911188,107.47462989394049,-22.451572601501464,59.730935650955885,-257.6347582434336,-85.2005434743636,157.24625446679377,189.47160779023972,-14.750054037371003,-239.09840235998874,304.78532728483293,-5.5213693124283605,-224.08094373839788,-62.84332377300874,-101.35268897457553,-50.66552991416421,55.56950552382763,-250.3512678190709,39.5830992665722,-3.1225172438700532,148.6945675677584,67.0973883548454,-99.43611344887017,64.04175860515824,-116.01156153003788,-12.050503680346923,-108.80160847203521,-88.2680666062285,-38.701275902884994,-55.39592008118583,16.8360115246678,231.3441188628842
-154.22622455429646,-203.0950544231152,-12.595757859804456,49.25862268494985,-89.29901435436547,598.3070178614502,-447.93834551130305,-215.70966701523366,-147.09707007192765,-82.08264793887061,38.28419398395202,-228.159522116935,120.6465983331973,191.7060949176519,237.3885316112548,8.142001168280345,259.3399425567399,326.34549278661325,-91.71192143409549,-96.8352636650964,11.597632152986801,-695.7670958019155,-129.3319097010418,-55.04436499833403,-356.6573386444534,171.80817187649947,-36.31220814888395,95.55442296112135,-410.4994855801775,-134.53999376584483,251.16946946494238,302.16642493751453,-23.325623219245198,-380.6130978072087,482.8643297266333,-9.288086118804344,-358.5043555483252,-98.26158581510708,-160.0047867381919,-80.5356492006703,88.65943744968598,-396.4223866434653,63.11975584445665,-7.375310904153502,236.16890879480448,106.26766899291945,-155.1924406701499,102.48967491597352,-184.66048455860388,-18.83597980060647,-173.27441117045345,-138.8725418861469,-61.70714674501171,-87.80581781034317,28.159586501121556,369.0756074138853
-191.7642396255107,-252.2366434773501,-16.049917709818445,61.459642985391184,-110.34333226712084,741.1653378074867,-555.05808247677885,-267.2664633842264,-182.50498630178194,-101.7250137934246,47.00639511991218,-283.1099577052671,149.91428113506754,237.3885316112548,294.3393572650683,10.125402726362667,321.26153727023615,404.4717947459673,-114.19199786007417,-120.12023276295315,13.950269341865871,-861.935011387773,-160.4254707144317,-68.73916961301742,-441.8752482854153,212.47382994989235,-44.81694992994767,118.15548440749544,-508.4597741136331,-166.90535959394458,310.9610812676529,374.2774585811868,-29.02135043047062,-471.3828945053446,598.5082904108182,-11.434779164352264,-443.6206356810576,-122.17114724769411,-198.41344907472066,-99.67611156522152,109.78670411104946,-491.4781632938817,78.11377948543817,-8.592462187638423,292.7656121091651,131.84080902256102,-193.12466392155125,126.72845417914445,-228.75565368254195,-23.402810605048003,-214.58927001120773,-172.35034319599418,-76.49107243271337,-108.82214526091745,34.56719014482156,456.8931194771094
-6.5085645526221505,-8.661826439933465,-0.44052436175840565,2.041855203020374,-3.853937112101438,25.716927675278082,-19.247758563891356,-9.346944808733266,-6.304021634091893,-3.4408423056398982,1.6303952224930145,-9.750336284367169,5.043459722770143,8.142001168280345,10.125402726362667,0.3864410509788815,11.102787339239779,13.928177550598612,-3.903809195496299,-4.1273815303899966,0.6313376866737093,-29.763524584471284,-5.544380840003458,-2.2504251954625807,-15.314319805001539,7.336426017325332,-1.577147384423621,4.08387938034285,-17.67840373723572,-5.718292304373652,10.84878943231451,13.058338855317688,-1.035700888501488,-16.307256854603693,20.541390780811334,-0.4468129108535031,-15.47434939906114,-4.144351920711373,-6.7568665688703575,-3.402086255755319,3.8236145006829747,-16.88496532108226,2.695298711509413,-0.4528778799713251,10.159864545178673,4.57206264391575,-6.575883297080561,4.384745557103087,-7.93595520362359,-0.7850807065972087,-7.432341142789052,-5.852692792706006,-2.691392172602052,-3.7367958654792677,1.2837493764144179,15.850708523762522
-208.5280817899295,-274.93786982160555,-16.74885423184908,66.47011611085581,-120.97695770948597,810.415771264415,-606.6366200683395,-292.3263537908071,-199.20022702660208,-110.93167304510558,51.75887342358254,-308.94575994310946,163.083603189171,259.3399425567399,321.26153727023615,11.102787339239779,351.11584856468465,441.8489186448681,-124.13512850241024,-131.01353158674354,16.112210516013764,-941.8907393811033,-175.13981796698468,-74.22695058112143,-482.9410089541278,232.53663652331107,-49.15393834809044,129.35211631260123,-556.0735070335569,-182.0724282573171,340.38082009319584,409.4369285665358,-31.67950373704688,-515.450824538229,653.5355564471355,-12.685164806285934,-485.72348465343487,-132.78610938308896,-216.33024215616587,-108.86956650025296,120.0831366662712,-536.4672148721249,85.39476111135477,-10.386636363446142,319.85470996042784,143.91505459542145,-209.91446915753372,138.8106165414748,-250.08973140756424,-25.518112401813454,-234.69372974521605,-187.71802954250805,-83.65106514272512,-118.8009593717866,38.27831330809603,499.8665639007919
-262.9813560877905,-346.51776658611374,-21.456428249537147,83.9808983412775,-152.01028911104504,1019.8174778308344,-763.4127968753578,-367.74193404303753,-250.88874745629693,-139.71659883049932,64.81619438337745,-389.2106735054754,205.7543316071711,326.34549278661325,404.4717947459673,13.928177550598612,441.8489186448681,556.3530147984176,-156.6564734487493,-164.95915498602497,19.880567532487266,-1185.3117143704549,-220.55042521261603,-93.89481197376394,-607.6694622266831,292.39402241421084,-61.64792752957829,162.64666079921125,-699.6311047545621,-229.3679351304524,428.1723098076265,515.0760407908933,-39.9030461073472,-648.6768592926853,822.9628413342164,-15.832424535848544,-610.7758919925449,-167.39216084093763,-272.43729989362816,-136.95734517074575,151.02497551044144,-675.4632682055475,107.37578092640045,-12.572789918525348,402.5633369905834,181.1891262983001,-264.810721307408,174.5916849200087,-314.6811340809299,-32.2599396957211,-295.3497641991603,-236.5034605721645,-105.21221864534077,-149.5442717512762,47.80554548601585,628.822475405329
75.29866071875156,98.46033252766365,7.024450448256731,-24.50476253732222,42.18078420388803,-286.2050035497266,214.5920366623685,103.15130202387367,70.92144684696547,39.49907859898191,-17.573908372467574,110.10661713869224,-58.806390314974806,-91.71192143409549,-114.19199786007417,-3.903809195496299,-124.13512850241024,-156.6564734487493,45.00595575374889,46.685945950554164,-4.547382258513285,333.15499957689343,62.283599485014875,27.548091286047555,170.75007352176007,-81.6178105434385,17.040916284314157,-45.35720065037451,196.2068277396388,64.91420485825567,-119.72380285978025,-144.35268671861672,11.331555341086135,181.958899512668,-231.99769442301036,4.229834207584936,170.4929892255068,47.96924019673154,77.12999804323441,38.468801350260776,-42.313149285347286,190.6442197719901,-30.085978900099953,2.2893483714375624,-113.33959565220889,-51.19402012637748,76.01519985482098,-48.63389651537041,88.344116350625,9.177810152045708,82.80658721954272,67.22464099948965,29.54279065375335,42.163031692650776,-12.763749261914091,-176.01086212349387
78.40199968903525,102.98841329965128,6.6984803427164215,-25.20064202165082,44.930621127134,-302.1652265491468,226.3609822199664,108.95781202692804,74.47001454235648,41.52954063245645,-19.108839947797772,115.52353599426647,-61.261899512005655,-96.8352636650964,-120.12023276295315,-4.1273815303899966,-131.01353158674354,-164.95915498602497,46.685945950554164,49.04395721927068,-5.520949787966116,351.53812129685497,65.45489463752284,28.199832268714484,180.21147484716408,-86.59414678009057,18.259194047023794,-48.144620335848835,207.28360456900776,68.12187206345011,-126.70336630951911,-152.56306491093213,11.842762699926139,192.16347670908783,-244.15576364329817,4.633493058361487,180.7496334248457,49.974512364785106,81.0196911606524,40.66993077668682,-44.760326193762396,200.55665405879722,-31.86016751702284,3.3150621051064464,-119.41918495501385,-53.80284909062771,78.97384959177708,-51.61261127341305,93.27506067493943,9.539743714350578,87.46898455501737,70.41500870902033,31.190075067498167,44.40681507104897,-14.016980237079194,-186.22126598090728
-7.635290487747562,-11.339359247170353,0.7363130918049785,1.7535992444492725,-6.237682663642353,38.018068137276224,-27.955643910538008,-13.978349183720802,-8.717686386841406,-4.550429403076827,2.9898743484753254,-13.37776644310644,6.014898531930949,11.597632152986801,13.950269341865871,0.6313376866737093,16.112210516013764,19.880567532487266,-4.547382258513285,-5.520949787966116,2.431422677178651,-42.93529174506362,-7.731015432922549,-1.715213689417646,-22.233292514732327,11.163633913545622,-2.5664724534932946,6.285583855622331,-26.312209486034934,-7.716979964004155,16.675752815768593,19.636380146086708,-1.4538265500404195,-24.14040905083734,28.807831156158702,-0.9765187621844913,-23.978120799668773,-4.733048993480124,-8.882508597917155,-4.790016236887511,5.710314095589767,-23.32346067758249,3.9330837108682033,-2.3863325361854133,14.562780185401548,6.342626177300254,-7.578497124903119,6.888490354210593,-11.65637374810698,-1.051492858239648,-11.081192236113955,-7.35765549428206,-4.005717233028524,-5.1850507036111075,2.712927628228255,23.896428574326908
559.6895929896978,737.7033079988244,45.17745615009375,-178.5205418380334,324.4276536333781,-2173.81510905552,1627.3078882504556,784.0808771665837,534.4134302081857,297.67727320802504,-138.78136818890326,828.8512957463779,-437.6961902903255,-695.7670958019155,-861.935011387773,-29.763524584471284,-941.8907393811033,-1185.3117143704549,333.15499957689343,351.53812129685497,-42.93529174506362,2526.739299924611,469.85710835402836,199.3848270873527,1295.5143704749207,-623.7392649023155,131.83209849391577,-346.94906664376464,1491.5552963225955,488.5097081500534,-912.8981202809343,-1098.1854425024835,84.97152365409849,1382.6230382567412,-1753.3034654911344,33.96754953090387,1302.712567253672,356.43804496573694,580.5053997799791,292.10535467645144,-322.1038570840877,1439.3132502272017,-229.09118227516325,27.550687964704963,-858.0393488948137,-386.09688672007456,563.4148229525593,-372.2787078347632,670.8483522066131,68.45248223319788,629.5138066874999,503.7810476407789,224.3706102767173,318.7399287099466,-102.5488128731299,-1340.7629226067716
104.48595069535871,137.55247703341433,8.663927809896782,-33.447553947209435,60.16318345443446,-404.20828747041145,302.6664076820594,145.7979199295081,99.53530735942768,55.391288984136104,-25.564710773905286,154.4053049333296,-81.68315086677539,-129.3319097010418,-160.4254707144317,-5.544380840003458,-175.13981796698468,-220.55042521261603,62.283599485014875,65.45489463752284,-7.731015432922549,469.85710835402836,87.48870303967152,37.40337045136455,240.9090160859153,-115.7825747776216,24.40405969320962,-64.39559257651013,277.2999747256491,90.98560833718456,-169.64085333333608,-204.15798087922923,15.86266278707028,257.04887293405653,-326.26839654851466,6.262093402116548,241.93878495605463,66.52681115690073,108.06790356621723,54.267999344777344,-59.85971376093364,267.8750100835737,-42.54921638849773,4.7960560025086405,-159.64964141573049,-71.89619882481188,105.26599387332247,-69.10491061259424,124.73688841861056,12.784858890493409,117.03112569949114,93.86478896101144,41.73345320912398,59.29820985371735,-18.86535222833115,-249.13551363641994
46.13603421160936,59.582760652300045,5.081321357986839,-15.403025525793476,24.83118961685247,-170.61506947037043,128.21489675894145,61.314071795947484,42.6316314658414,23.953350644921215,-10.183514565847329,66.27280983564356,-36.022474095890416,-55.04436499833403,-68.73916961301742,-2.2504251954625807,-74.22695058112143,-93.89481197376394,27.548091286047555,28.199832268714484,-1.715213689417646,199.3848270873527,37.40337045136455,17.455539390120112,102.04413089022187,-48.546947349446654,10.016875429769831,-26.933699165164427,116.82868628591187,39.18243106677654,-70.95108040321351,-85.7856715706083,6.755903188664579,108.51477414891359,-139.420557567848,2.290185941045652,100.95409776606566,29.471489635839347,46.747533478438285,23.145395495443402,-25.180576039250862,114.7516470658158,-17.99163847247008,0.24682212576006157,-67.81132571340686,-30.745151143752803,46.615359162433826,-28.79070112585199,52.710968463790095,5.554774396634986,49.32817961953592,40.94056806654888,17.55085397594485,25.371575274661513,-7.074873988240794,-104.68910244552076
286.79332399527016,378.15558487814286,22.995243019536144,-91.41147172229252,166.40792700129893,-1114.7354416672117,834.471373088422,402.1863639388164,274.00295433983183,152.52093683848673,-71.17424149908996,424.92206117512626,-224.214024911188,-356.6573386444534,-441.8752482854153,-15.314319805001539,-482.9410089541278,-607.6694622266831,170.75007352176007,180.21147484716408,-22.233292514732327,1295.5143704749207,240.9090160859153,102.04413089022187,664.3208931933368,-319.80904356983103,67.64149270476145,-177.89631232319294,764.9266200071129,250.39937233329556,-468.221840111583,-563.2574310297366,43.613850703954306,708.9393566102784,-898.7622798872189,17.493193256347517,668.1593936903929,182.64441580491007,297.5003279914909,149.71416452795793,-165.19852986777974,737.8372115552039,-117.4600410276555,14.357010611753251,-440.0067147694885,-197.9869535898171,288.730342056263,-190.88765934446772,344.011536774571,35.059063869475004,322.79507875938276,258.1548875486395,115.11290448809983,163.39479596726358,-52.71623193580592,-687.5458944169118
-137.33747750003292,-181.41774606428558,-10.59026233669757,43.54509778049601,-80.4150734170137,536.7761453627743,-401.6374004769793,-193.61485814173037,-131.6440910141329,-73.3813872460742,34.692282449931675,-204.1239995848163,107.47462989394049,171.80817187649947,212.47382994989235,7.336426017325332,232.53663652331107,292.39402241421084,-81.6178105434385,-86.59414678009057,11.163633913545622,-623.7392649023155,-115.7825747776216,-48.546947349446654,-319.80904356983103,154.3487072365203,-32.73303138401852,85.8765464145648,-368.3889815237289,-120.31681633763945,225.66015813544956,271.26837984080083,-20.87631954939597,-341.48475884258096,432.3924854556606,-8.5009707311532825,-322.2387355649985,-87.45998881227993,-143.01327375644058,-72.16467148809838,79.58683094774007,-354.8383739698253,56.62856022882658,-7.500340377851836,211.6551510279485,95.1260453676692,-138.1076306813487,92.15998515430935,-165.64237371469775,-16.81702479873624,-155.49679362176508,-123.9498760136634,-55.37957379347821,-78.6155572090475,25.712623979331156,331.38363609622866
28.74967407433302,38.09335784946303,2.044928203387068,-9.037229339880142,17.110504202389173,-113.49039951300898,84.90351850500588,41.002884114536144,27.72839397702918,15.44436827070009,-7.481173103663774,42.94393309247748,-22.451572601501464,-36.31220814888395,-44.81694992994767,-1.577147384423621,-49.15393834809044,-61.64792752957829,17.040916284314157,18.259194047023794,-2.5664724534932946,131.83209849391577,24.40405969320962,10.016875429769831,67.64149270476145,-32.73303138401852,7.020230532899099,-18.213546373005844,77.95227670501234,25.311045413846923,-47.794104452819845,-57.4375348807332,4.401171010696516,72.17329252873125,-91.12389986617308,1.8659284814509058,68.35338543832893,18.340214112357874,30.119793433757145,15.268509980078278,-16.869380409202552,74.82103536552547,-12.009511878905757,1.8406820440763356,-44.7222322657135,-20.071658198395188,28.87673786194402,-19.522618099479164,35.034949832149906,3.4823662919839884,32.8677454194675,26.056287507910824,11.73986126381571,16.5938848307807,-5.618345483895015,-70.15787664783812
-76.31373044134052,-100.87057539398984,-5.82433653271904,24.16464365122092,-44.75972593827234,298.63624621262005,-223.4214876271924,-107.72311958618539,-73.2152083782399,-40.796603603346384,19.31759326248598,-113.52445380014903,59.730935650955885,95.55442296112135,118.15548440749544,4.08387938034285,129.35211631260123,162.64666079921125,-45.35720065037451,-48.144620335848835,6.285583855622331,-346.94906664376464,-64.39559257651013,-26.933699165164427,-177.89631232319294,85.8765464145648,-18.213546373005844,47.78452450159295,-204.95831155515518,-66.90527480122931,125.57862990452585,150.9342300473061,-11.613098642399645,-189.98848916567775,240.49157329510606,-4.7429464559703955,-179.32171761149607,-48.585958381192384,-79.504658405634,-40.12912231388511,44.2769206892373,-197.32965150340004,31.496274121561036,-4.255045989232561,117.7298052578147,52.90273694904503,-76.73840790072715,51.29314050755315,-92.1487402674053,-9.357765807137778,-86.51722741560222,-68.89136758675463,-30.810125463496764,-43.71807083981866,14.336597077613929,184.38208629104966
329.4643492342035,434.99364675147336,25.85772958720166,-104.72392520193723,191.86358395200654,-1283.9721403387791,960.9070168624319,463.33223889789986,315.3715452171358,175.3857759939225,-82.1281880028464,489.0464653145357,-257.6347582434336,-410.4994855801775,-508.4597741136331,-17.67840373723572,-556.0735070335569,-699.6311047545621,196.2068277396388,207.28360456900776,-26.312209486034934,1491.5552963225955,277.2999747256491,116.82868628591187,764.9266200071129,-368.3889815237289,77.95227670501234,-204.95831155515518,881.1178978159066,288.0943854461196,-539.6070846791284,-648.9262335205359,50.23677816433496,816.5647074810672,-1034.4898312873752,20.290738798133287,770.0175167769997,209.71954442823878,342.09294353878687,172.25452748693928,-190.27946117346238,849.0543302120976,-135.21453025695237,17.310273320304212,-506.60352908361244,-227.87054604575613,331.6714009794742,-220.02579813769893,396.1852258136273,40.37318116452029,371.8447782163546,296.7112381080361,132.60838846585898,188.0169807810978,-61.03606558367151,-792.0680371468011
108.94180871276463,143.1877735316244,9.27516639606133,-34.988481735081486,62.432678642487026,-420.0250756955584,314.5766519840518,151.40936775604808,103.52507386324355,57.70982742609146,-26.503458020834465,160.63534864977794,-85.2005434743636,-134.53999376584483,-166.90535959394458,-5.718292304373652,-182.0724282573171,-229.3679351304524,64.91420485825567,68.12187206345011,-7.716979964004155,488.5097081500534,90.98560833718456,39.18243106677654,250.39937233329556,-120.31681633763945,25.311045413846923,-66.90527480122931,288.0943854461196,94.70187668013982,-176.14794197396878,-212.03616962787117,16.461719617937945,267.1543868491948,-339.43964694719745,6.420761890606416,251.20169364291988,69.3806869628969,112.55050292590394,56.47694419006407,-62.18123204135985,278.71099942734827,-44.23596763075895,4.635829866389017,-165.94513373069566,-74.75750623588641,109.74817402734911,-71.77775593976139,129.62777788022765,13.324577780677718,121.61428192740554,97.81181015041379,43.32484125377493,61.6964411268805,-19.42759858570145,-258.8368703759827
-201.01982925479504,-265.8575270459016,-15.318990858856942,63.65932695555074,-117.66867328993983,786.2388272132331,-588.2106090763917,-283.77884437811724,-192.90894888584586,-107.18409687701005,50.46522084734231,-299.11499647520645,157.24625446679377,251.16946946494238,310.9610812676529,10.84878943231451,340.38082009319584,428.1723098076265,-119.72380285978025,-126.70336630951911,16.675752815768593,-912.8981202809343,-169.64085333333608,-70.95108040321351,-468.221840111583,225.66015813544956,-47.794104452819845,125.57862990452585,-539.6070846791284,-176.14794197396878,330.66865392409164,397.4893154824399,-30.744444873035544,-500.033170036572,632.8960262175884,-12.538735123321237,-471.89673958966426,-127.89234229011153,-209.04425942503545,-105.3623645042366,116.5271914040145,-519.2895500681277,82.75810528853926,-11.234031133269742,310.04473012811013,139.3835805575455,-202.32848900081515,134.87839394710028,-242.56696858776462,-24.701154898120425,-227.73667609492693,-181.19216338818165,-81.21110873243794,-114.99483774959879,37.65410596332471,485.17047500517725
-242.3386690338034,-320.15359225272994,-18.82410460972729,76.9383281368338,-141.35328158271523,945.5541158408133,-707.586681193844,-341.2951099340259,-232.1801379769889,-129.02725145014315,60.51189786655551,-360.00836590253954,189.47160779023972,302.16642493751453,374.2774585811868,13.058338855317688,409.4369285665358,515.0760407908933,-144.35268671861672,-152.56306491093213,19.636380146086708,-1098.1854425024835,-204.15798087922923,-85.7856715706083,-563.2574310297366,271.26837984080083,-57.4375348807332,150.9342300473061,-648.9262335205359,-212.03616962787117,397.4893154824399,477.9826118644121,-37.02161336910738,-601.2956737783546,761.4909897065244,-15.014625886137257,-567.2163989881561,-154.2426442330424,-251.71101300460018,-126.77102319105528,140.14217308911722,-624.9739439141406,99.55078667022325,-13.027519270574132,373.0437912933712,167.7774823315953,-243.97670051819753,162.04985395871435,-291.752674380676,-29.70291718818103,-273.8318356632706,-218.27898045420915,-97.69506750129497,-138.39397165413413,45.08562179413663,583.3267424191987
18.92039830186147,24.950920662960247,1.5456327203694193,-6.052614834434826,10.86795514702636,-73.20754331406627,54.824719109336726,26.465901165675028,18.052254529751334,9.966867296911412,-4.553709133318455,27.991148317740254,-14.750054037371003,-23.325623219245198,-29.02135043047062,-1.035700888501488,-31.67950373704688,-39.9030461073472,11.331555341086135,11.842762699926139,-1.4538265500404195,84.97152365409849,15.86266278707028,6.755903188664579,43.613850703954306,-20.87631954939597,4.401171010696516,-11.613098642399645,50.23677816433496,16.461719617937945,-30.744444873035544,-37.02161336910738,2.9160766236799844,46.50365238329375,-58.97760955258124,1.159392399031287,43.79729374693668,12.036032920122214,19.49603538028354,9.762330813418185,-10.840821740775052,48.439230414364104,-7.67509470896952,0.9053925003210553,-28.942539294383526,-13.04781676635401,19.105589847435585,-12.472494036625232,22.587199011781227,2.3138778679501883,21.179478870006644,16.942883872872635,7.5919919566193,10.713204223012783,-3.424259383892481,-45.06713347024148
305.5965925961822,403.33984709962357,24.15677609545212,-97.20128815157288,177.77259559843407,-1190.033786918613,890.5816943534783,429.26770433691155,292.34991707366095,162.71179957982898,-76.0989581710651,453.4219344018458,-239.09840235998874,-380.6130978072087,-471.3828945053446,-16.307256854603693,-515.450824538229,-648.6768592926853,181.958899512668,192.16347670908783,-24.14040905083734,1382.6230382567412,257.04887293405653,108.51477414891359,708.9393566102784,-341.48475884258096,72.17329252873125,-189.98848916567775,816.5647074810672,267.1543868491948,-500.033170036572,-601.2956737783546,46.50365238329375,756.9382553858592,-959.2514232675844,18.702097348202134,713.5111633592312,194.49852619842468,317.26389876358513,159.73094077545426,-176.31175831222237,787.206177658262,-125.32480178544832,15.778009702785829,-469.5026015310514,-211.18223251586835,307.6063251869172,-203.9754683909839,367.1861905831964,37.503296210432126,344.6817567488562,275.2006137018011,122.81778275789972,174.31732047768025,-56.38739329514779,-734.1197773065702
-389.5676302271656,-512.844204292155,-32.24052555951958,124.63339523320916,-224.63858113212098,1508.0210022595809,-1129.0537519052423,-543.6702342220211,-371.16445956671936,-206.8710661022372,95.76047036740644,-575.837053814587,304.78532728483293,482.8643297266333,598.5082904108182,20.541390780811334,653.5355564471355,822.9628413342164,-231.99769442301036,-244.15576364329817,28.807831156158702,-1753.3034654911344,-326.26839654851466,-139.420557567848,-898.7622798872189,432.3924854556606,-91.12389986617308,240.49157329510606,-1034.4898312873752,-339.43964694719745,632.8960262175884,761.4909897065244,-58.97760955258124,-959.2514232675844,1217.5877586953488,-23.278277819728633,-902.8301294686909,-248.04162132543988,-403.35106995111545,-202.70234091993422,223.3152855695626,-999.4938761545584,158.84994911765585,-17.952753279790162,595.4134351704765,268.0451580340903,-392.26755152713815,258.07771727587914,-465.36395230254277,-47.723807006214344,-436.71908120950775,-350.2543582572778,-155.53691777601503,-221.29146901964535,70.42053729933195,929.7667068293955
7.099379745545622,9.639859001551184,0.2618896895245863,-2.1144917942027752,4.527276748045721,-29.46755006495231,21.971556290590172,10.727970976244963,7.1039743639885895,3.866570086383939,-2.006390478046156,10.966478399286853,-5.5213693124283605,-9.288086118804344,-11.434779164352264,-0.4468129108535031,-12.685164806285934,-15.832424535848544,4.229834207584936,4.633493058361487,-0.9765187621844913,33.96754953090387,6.262093402116548,2.290185941045652,17.493193256347517,-8.5009707311532825,1.8659284814509058,-4.7429464559703955,20.290738798133287,6.420761890606416,-12.538735123321237,-15.014625886137257,1.159392399031287,18.702097348202134,-23.278277819728633,0.5652005732811269,17.947203313236333,4.508629714463118,7.572199004103227,3.8824062540753563,-4.397367918346329,19.0799960317079,-3.0956277458907944,0.8194320395339226,-11.55663007219765,-5.158606388079474,7.1326713581594445,-5.107545373355723,9.084898120034664,0.8710236236309351,8.534630006203827,6.495419509400586,3.082972827174213,4.232006652890199,-1.6265138025382146,-18.26727285239633
286.47934373888995,378.9620111095894,21.64993799060257,-90.63352888274416,168.07306120462087,-1121.8624030729861,839.282926984574,404.9291412563234,275.09183367342695,152.93546970800134,-72.29564349668968,426.491039951131,-224.08094373839788,-358.5043555483252,-443.6206356810576,-15.47434939906114,-485.72348465343487,-610.7758919925449,170.4929892255068,180.7496334248457,-23.978120799668773,1302.712567253672,241.93878495605463,100.95409776606566,668.1593936903929,-322.2387355649985,68.35338543832893,-179.32171761149607,770.0175167769997,251.20169364291988,-471.89673958966426,-567.2163989881561,43.79729374693668,713.5111633592312,-902.8301294686909,17.947203313236333,673.6481299361159,182.32392168297736,298.2393715734307,150.44410190577193,-166.32795980960574,740.8139275148161,-118.17732881257342,16.297887026560023,-442.3303632885895,-198.80151991738018,288.24412300818284,-192.5521888371438,346.13789603686166,35.14773735327169,324.957548941252,258.4319347211847,115.87765208735412,164.0861495782214,-53.952794503957065,-692.4659264109622
