V1,V2,V3,V4,V5,V6,V7,V8,V9,V10,V11,V12,V13,V14,V15,V16,V17,V18,V19,V20,V21,V22,V23,V24,V25,V26,V27,V28,V29,V30,V31,V32,V33,V34,V35,V36,V37,V38,V39,V40,V41,V42,V43,V44,V45,V46,V47,V48,V49,V50,V51,V52,V53,V54,V55,V56
150.82751834489943,199.01940886524693,12.11803602853559,-48.1050428972745,87.15901694253814,-585.4399880555203,438.24660357317066,211.39711033711413,144.10958100028,79.86193974405226,-36.87484330992809,223.49884763394795,-117.82469751276201,-186.8436901449845,-231.9632822331632,-8.147302399911714,-253.43359768320616,-319.1478428242201,90.10162733706825,94.59976406044348,-11.762436660119649,679.7670382140386,126.66393261723778,53.71521296068888,348.72050086910014,-167.42260980796803,35.30814327677902,-93.14606604481249,401.70613091198464,131.54730987097327,-245.93507514472708,-295.92099311060514,23.10714797832607,372.1433572611025,-471.8019501483145,9.225910554443507,350.5858563398011,95.93972685086077,155.95879189614615,78.28699833146283,-86.69494044625188,387.2888026896231,-61.484377305845825,7.498930432059538,-231.19630704304097,-104.11150055610682,152.07806217944258,-100.04869620544845,180.6189320042934,18.51120389061835,169.47988413308025,135.41063558355972,60.5562705905125,85.69835243223827,-27.522782006910152,-360.7504216557668
199.01940886524693,263.01797106693334,15.870069498585408,-63.42158157880292,114.6785826351685,-772.3079573950661,577.976016627244,279.05606160946485,190.34549888196352,104.96023831797707,-47.93719638565832,295.27167569014983,-155.46437605884665,-245.72710620101495,-305.6836931929267,-10.866464411672744,-333.9748354084797,-421.06223072498904,119.3520242009098,124.613017998196,-15.821962470676585,895.6222987486046,167.24460077901495,70.8622560394182,459.6215899858646,-220.09803763829476,46.21104797430744,-122.49594489097198,529.8593602851138,173.54077028581898,-324.5686871825772,-390.50191023971973,30.745961508377427,490.74353865804284,-622.0481657631443,12.222063019970445,462.0880706692736,126.34453913498764,205.16452846136576,102.72010291429334,-114.23283453563153,510.38139709151136,-80.76069224915541,10.025786059457285,-305.0278372554446,-137.44004018801732,200.98403064278997,-131.79503802542368,238.1564291169199,24.63217517339723,223.56152709955276,178.1989171155615,79.9794874721237,112.82669997612825,-36.08115016679859,-475.4600657458636
12.11803602853559,15.870069498585408,1.0106167655267022,-3.8846630252786096,7.084484686102671,-47.04862540330532,35.275265451785096,16.954170434206105,11.52054807236907,6.519754847448479,-3.152447549596742,17.841976029513514,-9.451403562577443,-15.218004406996696,-18.736340150050736,-0.62957270116451,-20.464314945733907,-25.622095940727668,7.114929007490308,7.6592729735210545,-0.8600991776198259,54.940293746860576,10.141894832626884,4.320056427732194,28.149277287414108,-13.656738218724108,2.9444757604748952,-7.584516371829464,32.308964552587746,10.56852856348597,-19.726153161969364,-23.758169312320213,1.7916976188776035,29.94472453932259,-37.99141803210919,0.7331990392475608,28.28573334266127,7.783642723641642,12.69222800455661,6.442088176987674,-7.009095159350477,31.271380176474413,-5.039343477259345,0.5635071443681396,-18.583161611618007,-8.349763826116748,12.137767152906937,-8.079653974735962,14.550403964330783,1.4206058678187052,13.617659978984813,11.005198105902442,4.85013664002031,6.950165518342213,-2.280950262898304,-29.105168678023812
-48.1050428972745,-63.42158157880292,-3.8846630252786096,15.35821371562315,-27.81005650803832,186.65199118080434,-139.7655785486545,-67.41503434242829,-45.93334212601781,-25.484230394874267,11.809557236642746,-71.21647175428505,37.54300279066526,59.628034913987854,73.9989903421847,2.602629608277386,80.83349803237125,101.71809999124389,-28.70045746714987,-30.191777684757902,3.7193011200452397,-216.83482901469418,-40.378168844803014,-17.133430288958674,-111.2444026444414,53.430579400590425,-11.303704197223748,29.71918794657292,-128.09522132020524,-41.93572572545235,78.39389837737764,94.35880955025105,-7.358132208380412,-118.63638403630567,150.40884499084748,-2.949376216564651,-111.81301108850684,-30.636845975528612,-49.777304200192745,-25.00612904113546,27.663331601099753,-123.5298866488965,19.639489372440305,-2.373182751873176,73.73536604957212,33.204828539531725,-48.48730740683866,31.888236538392064,-57.60364797646179,-5.863635806770765,-54.021218452137475,-43.219964973094534,-19.31843619188501,-27.345468869223772,8.81030125187105,115.04071749641587
87.15901694253814,114.6785826351685,7.084484686102671,-27.81005650803832,50.752440143451544,-338.81624135102567,253.67305001978815,122.04271439610153,83.13847854157767,46.64689041454455,-22.06319384460976,128.93373516428198,-68.2333495529899,-108.89957468028071,-134.4987615938429,-4.541577941770666,-147.00700843987215,-184.77153711711796,51.60441843726814,54.868410581738466,-6.526131651946989,394.45590575479275,73.12906277549843,31.055929176048082,202.10718157727524,-97.69258550799813,20.736720066147786,-54.32120747399378,232.48890234533192,76.14297705946093,-142.21883701042148,-171.05122979411934,13.063888279472446,215.65842801882928,-273.5526016792621,5.242494136268256,203.27773725864725,55.623596623554036,90.80510869229947,45.85654319851243,-50.262273987109175,224.62485156247516,-35.89923568757432,4.232960589374003,-133.66318517911677,-60.08305366059045,87.53461539788115,-58.183667301154664,104.61215360294234,10.580530958778013,98.15283075475966,78.75173868046339,34.879493478773234,49.80488612476256,-16.090391910323145,-209.2576270429087
-585.4399880555203,-772.3079573950661,-47.04862540330532,186.65199118080434,-338.81624135102567,2273.5247833615053,-1701.737983713195,-820.4129503750174,-559.3199443760728,-310.64857214716915,143.97700498705402,-867.5561422027049,457.7533173965654,726.4105137991219,900.9500150674444,31.35521489989935,984.5099497313516,1239.6805872889286,-349.2493459830452,-367.37869916402605,45.43297013751512,-2640.787676590061,-491.66137455535215,-208.5116425799612,-1354.3117373845068,651.0689151679719,-137.30752007525513,362.21821026195124,-1559.89298746327,-510.8996249344831,954.996523585366,1148.8161520496562,-89.32796656186069,-1445.6840065808065,1833.0307719187863,-35.64129423697794,-1361.8340850622399,-372.4539272219733,-606.1670333174884,-304.5790534843156,336.67968041837844,-1504.4409701443756,239.03528847956298,-29.060977638745186,897.4978523830788,403.99574194368597,-589.8726337365106,389.00301754086314,-701.4441335752477,-71.90170334074807,-658.3384743826526,-526.1642798929828,-234.85626227237182,-332.9863601713524,106.92757943699146,1401.5230191086416
438.24660357317066,577.976016627244,35.275265451785096,-139.7655785486545,253.67305001978815,-1701.737983713195,1273.8697442330752,614.1161653117289,418.6109523060665,232.59498782421275,-107.93290249867319,649.2460608722289,-342.570647020632,-543.9001985131345,-674.4886778067934,-23.47758640361893,-737.0071678996925,-927.8148108083627,261.326383760887,275.0715109362425,-33.914625219011846,1976.9626318743171,367.9897393437539,156.09127692255657,1013.8872007295291,-487.49288341068336,102.91028528615297,-271.1936603119648,1167.6423322777212,382.3972778643734,-714.7702299327376,-859.9176586763573,66.82816335319211,1082.0751703897201,-1372.0091447785549,26.6959219665589,1019.4502189136879,278.91782506240224,453.8801156448254,228.1205446336973,-252.07012065614703,1126.2358717363527,-179.02771035351302,21.701202601070047,-671.8407920770107,-302.4176074522646,441.5090296240384,-291.15258666304527,525.0837464667746,53.71145279651064,492.7349951010034,393.9763511421017,175.8165779328634,249.3091703205476,-80.13605055438433,-1049.1255273461186
211.39711033711413,279.05606160946485,16.954170434206105,-67.41503434242829,122.04271439610153,-820.4129503750174,614.1161653117289,296.32787006436376,202.0313430250824,111.78183004557044,-51.444662619672854,313.3374581983586,-165.1088078069583,-261.5906646773032,-324.9760732201503,-11.467298708344478,-355.04250443795553,-447.2312891577283,126.43333188307878,132.5233899396773,-16.576140177804717,952.2549352713085,177.55582698478977,75.28139646511858,488.5780585864761,-234.36677243901303,49.375595260819935,-130.40178404126954,562.9268553496415,184.34330426363124,-344.6822891927489,-414.75055995895684,32.47583734220624,521.4262766302846,-661.0197159480757,12.955096098968573,491.17304607441724,134.40171827681192,218.37641952972908,109.53156647336372,-121.4576713738116,542.5711742038492,-86.0569823362682,10.545846443787381,-324.0232337276966,-145.94475995625933,213.2578975216566,-140.1236954681731,253.08280710843292,25.991871624550864,237.4862119725751,189.63060826626617,84.90706965536694,120.02559414990142,-38.51060588077296,-505.39240046331145
144.10958100028,190.34549888196352,11.52054807236907,-45.93334212601781,83.13847854157767,-559.3199443760728,418.6109523060665,202.0313430250824,137.78159495703974,76.12944425635985,-34.91858967578715,213.7214252910857,-112.59083203827201,-178.17474304281606,-221.46386694444539,-7.829361428856254,-241.96824532338255,-304.94270681199197,86.29225547360316,90.29073939037364,-11.375443691244365,648.9339050922564,121.07601091157497,51.315659273707084,332.96689394339853,-159.61919145999505,33.56246167893058,-88.8256197755131,383.7456456212376,125.68222045925863,-235.02369903125384,-282.7629598201768,22.186788477373227,355.47042381138135,-450.6167780735961,8.831264041385626,334.7636423988167,91.54788113521533,148.74267012218843,74.54778561255978,-82.76178754946055,369.77143101066054,-58.58277656566394,7.226550080010607,-220.88396401935768,-99.50014464480697,145.4393802983892,-95.5132748534278,172.50553805294746,17.78913283029071,161.9183793370657,129.17125693720584,57.88701031286943,81.77272055963024,-26.18652931023136,-344.46587330101187
79.86193974405226,104.96023831797707,6.519754847448479,-25.484230394874267,46.64689041454455,-310.64857214716915,232.59498782421275,111.78183004557044,76.12944425635985,42.92666856347729,-20.49360923741195,118.06443453300689,-62.57978008731493,-100.1266350874163,-123.40679999138445,-4.098299213939174,-134.90740984561157,-169.44019868755248,47.11449269005607,50.348195212062315,-5.881753660057129,362.04313737671254,66.98398976930109,28.461484285805618,185.40585827436448,-89.86427218895223,19.12071459251115,-49.95788077322188,213.16061521542687,69.81768193992384,-130.35487628640868,-156.7507906875441,11.862943644003664,197.83783647532655,-251.0008254555169,4.769378336550726,186.51633104469448,51.03086885164214,83.45431286842778,42.24461007225394,-46.11421750413282,206.12660779075853,-33.02885404294589,3.843023611300017,-122.49603249116352,-55.02279470460847,80.0776726613264,-53.45334949452893,95.94346011547556,9.655697637347915,90.0200390251082,72.34321205026399,31.915855897056836,45.73965738925203,-14.809242065081293,-192.0371039659693
-36.87484330992809,-47.93719638565832,-3.152447549596742,11.809557236642746,-22.06319384460976,143.97700498705402,-107.93290249867319,-51.444662619672854,-34.91858967578715,-20.49360923741195,10.535632576259738,-54.10822344289009,29.021482376059545,47.50923919331376,57.60345223557401,1.6817652768466325,63.022416837999415,78.56056791319112,-21.083666929322796,-23.547029059882966,2.304039956879092,-169.36085545131542,-30.80580105869543,-13.16417757648846,-86.42247364856638,42.78568521724992,-9.339878752029712,23.7339663853515,-98.84132342426479,-32.36541412483678,60.23982616417777,72.39802815828497,-5.0786086639993115,-92.04387290751295,116.96616750636613,-2.0981352772491766,-87.00956825306099,-23.868700976750123,-39.487413675037885,-20.37835010564336,21.529206991860505,-96.26333035541833,15.78589612235475,-1.6100417281430996,56.63590755012149,25.29998713332209,-36.4909181133934,25.124943358837253,-44.605287153470634,-4.2340812062515845,-41.78811242927802,-34.116295488119206,-14.595222646864006,-21.511408235796935,7.13799648611211,89.67218433397292
223.49884763394795,295.27167569014983,17.841976029513514,-71.21647175428505,128.93373516428198,-867.5561422027049,649.2460608722289,313.3374581983586,213.7214252910857,118.06443453300689,-54.10822344289009,331.54583815461416,-174.67082200206966,-276.30596410273483,-343.4568968148026,-12.13217213102164,-375.278273413168,-473.04269440298043,133.86838377843807,140.00914222873055,-17.679451572509077,1006.4327888366322,187.80234742302213,79.58359578425485,516.3807763022704,-247.53325316548217,52.00194263120569,-137.757446921421,595.1941501423324,194.95133770943258,-364.56222378321166,-438.56822692677696,34.4176345197086,551.3910784995052,-698.9792123414036,13.684365399768085,519.2065370673122,141.93368397808936,230.6534544188111,115.58107361023482,-128.34159407258952,573.488712664291,-90.8247458288348,11.230621898184301,-342.57311630632483,-154.31286810785357,225.57469687664351,-148.1709965377544,267.54886491838676,27.641979118452387,251.170042322638,200.30043543323058,89.76715729691942,126.8109557229841,-40.57294746065731,-534.2763544487939
-117.82469751276201,-155.46437605884665,-9.451403562577443,37.54300279066526,-68.2333495529899,457.7533173965654,-342.570647020632,-165.1088078069583,-112.59083203827201,-62.57978008731493,29.021482376059545,-174.67082200206966,92.2059261620702,146.2884775668359,181.37064224725404,6.277559614032601,198.2244569901588,249.6614595621191,-70.27233681831171,-73.93915939718475,9.150445396378611,-531.696394134967,-98.9715924322419,-41.96495769191855,-272.62497256272366,131.13299771624642,-27.62157730904613,72.96116082928287,-314.03719739405756,-102.87398509278307,192.2864869780983,231.25116462536704,-17.94998145502295,-291.1386472255003,369.1637355722316,-7.148275759965902,-274.19449596246596,-74.93008994726523,-122.04955449074927,-61.3398239391582,67.76591837537312,-302.9005140189694,48.120858837881414,-5.861480258141304,180.64272817887496,81.29565150711933,-118.6871705439035,78.38200021190681,-141.21421576905257,-14.514777340517538,-132.5813686558971,-105.9254241204597,-47.24146406978732,-67.04148716002473,21.499859499935546,282.2211534678596
-186.8436901449845,-245.72710620101495,-15.218004406996696,59.628034913987854,-108.89957468028071,726.4105137991219,-543.9001985131345,-261.5906646773032,-178.17474304281606,-100.1266350874163,47.50923919331376,-276.30596410273483,146.2884775668359,233.69702249774704,288.44687538422687,9.697058511943418,315.27855441139934,396.1423504328714,-110.49084879603294,-117.68257526081115,13.90588917245035,-846.0176329693526,-156.73999126614032,-66.57932169741292,-433.41721940238887,209.67451631975192,-44.558670742440725,116.57664994123489,-498.46191501891116,-163.24823889943437,304.87582884113397,366.6833619651185,-27.927696704758446,-462.42805063516676,586.6040917099942,-11.220351944142482,-435.93490976307805,-119.30650924501157,-194.8466447691635,-98.47505140690528,107.79496750574408,-481.73666145120427,77.06449435443197,-9.039311701798173,286.54872010056727,128.78059451520264,-187.5543113195151,124.80782090132084,-224.31477202111276,-22.630731077687184,-210.44603362201985,-168.9618072798891,-74.74593304908826,-106.84377206194796,34.55639808859441,448.7723362014579
-231.9632822331632,-305.6836931929267,-18.736340150050736,73.9989903421847,-134.4987615938429,900.9500150674444,-674.4886778067934,-324.9760732201503,-221.46386694444539,-123.40679999138445,57.60345223557401,-343.4568968148026,181.37064224725404,288.44687538422687,357.2791801722723,12.335904880688483,390.41503166074943,491.2194083196043,-138.02185949235337,-145.7286419741657,17.76641835944889,-1047.3615230721034,-194.71947296509933,-82.62892451492868,-537.0069247380392,258.596451855936,-54.69982962155195,143.83401447371895,-618.2085261868134,-202.45450163503727,378.3409420775045,455.1583375581593,-35.19670752681067,-573.0332291570678,726.6555787747793,-14.086138460588193,-539.9790731040162,-147.77042793036546,-240.658695092391,-121.129489233457,133.5254482871139,-596.5889398994607,94.99689734677449,-11.4117142820312,355.63668050067935,160.02311617372644,-233.4770877405784,154.2956509648015,-278.05801938030356,-28.324836176060074,-260.8949388288517,-208.84651056443607,-92.99885668182321,-132.1315021592717,42.55192280777936,555.7329621640081
-8.147302399911714,-10.866464411672744,-0.62957270116451,2.602629608277386,-4.541577941770666,31.35521489989935,-23.47758640361893,-11.467298708344478,-7.829361428856254,-4.098299213939174,1.6817652768466325,-12.13217213102164,6.277559614032601,9.697058511943418,12.335904880688483,0.5174693261083633,13.442280285158281,17.042037856060826,-5.053392015684066,-5.031250747596819,0.7380055190512905,-36.00062204477922,-6.860013768629418,-2.8955777849009112,-18.584997143216192,8.638905885407324,-1.7828410379316084,4.815699481351662,-21.52490223472467,-7.037494222063853,13.213205253068987,15.950509201738807,-1.3712126249376668,-19.79626056242633,25.035215645329583,-0.5423980874739823,-18.62840009575332,-5.12278064304686,-8.139703261353507,-3.9738288900143908,4.617077167836307,-20.55561926118559,3.1729434183043637,-0.4392213985132488,12.45957387382596,5.6595236524015995,-8.361068416310056,5.225984827927187,-9.647958508929573,-1.028315989350721,-9.038587793132047,-7.108025367182965,-3.3252091266248383,-4.50986900796626,1.4223958845295406,19.12131538721367
-253.43359768320616,-333.9748354084797,-20.464314945733907,80.83349803237125,-147.00700843987215,984.5099497313516,-737.0071678996925,-355.04250443795553,-241.96824532338255,-134.90740984561157,63.022416837999415,-375.278273413168,198.2244569901588,315.27855441139934,390.41503166074943,13.442280285158281,426.65110648524876,536.8276595113892,-150.75085148214302,-159.23285389425493,19.395524197480935,-1144.5766300839261,-212.75204583200673,-90.27825326169767,-586.7964283922935,282.6717227021156,-59.77849606869231,157.22699970930864,-675.5225750484403,-221.23863372241053,413.427099421716,497.3204747703322,-38.41346542993437,-626.2455876056259,794.1574414461722,-15.365968895615861,-590.0895020392528,-161.44083271382138,-263.02155446422233,-132.41524765266837,145.90096111806977,-651.9529284598384,103.82611530202561,-12.46944576140909,388.5682599280788,174.8204539096953,-255.04105871457503,168.66878313292585,-303.8423066088166,-30.96874344888344,-285.1187880162858,-228.23559692125644,-101.58054216766895,-144.40003209502953,46.490039747665655,607.3366867742382
-319.1478428242201,-421.06223072498904,-25.622095940727668,101.71809999124389,-184.77153711711796,1239.6805872889286,-927.8148108083627,-447.2312891577283,-304.94270681199197,-169.44019868755248,78.56056791319112,-473.04269440298043,249.6614595621191,396.1423504328714,491.2194083196043,17.042037856060826,536.8276595113892,676.0545381094449,-190.3617057057951,-200.27641810606823,24.77592758974003,-1439.9408192219364,-268.0559731159088,-113.66878552312781,-738.3840631725416,355.08213773033793,-74.83479929004108,197.55687882868443,-850.5100704673979,-278.5910479942716,520.7386561626408,626.3321238571297,-48.652165709758975,-788.3833992795804,999.6476810447131,-19.39140524252879,-742.5696658884048,-202.99679584394633,-330.5319719361484,-166.10424233963082,183.5487324258913,-820.319341571416,130.33006984716147,-15.860985151193322,489.28484463374093,220.21646328395977,-321.5171515367806,212.20340795004412,-382.45271223653026,-39.26252018357638,-359.0183445812788,-286.8833997884943,-127.99088498101007,-181.5647934351854,58.261160349917105,764.2654139998756
90.10162733706825,119.3520242009098,7.114929007490308,-28.70045746714987,51.60441843726814,-349.2493459830452,261.326383760887,126.43333188307878,86.29225547360316,47.11449269005607,-21.083666929322796,133.86838377843807,-70.27233681831171,-110.49084879603294,-138.02185949235337,-5.053392015684066,-150.75085148214302,-190.3617057057951,54.41518822268028,56.2488546895083,-7.388208873239204,404.1446566779016,75.77403670364741,32.06875703911327,207.6013645675827,-98.875704259071,20.643720843403976,-55.055466902593814,239.600981195511,78.46931957382483,-146.86938969918816,-176.75775551407634,14.155406550964189,221.69342962535424,-280.8954186611007,5.6037272923952575,208.64822440486668,57.04478648112641,92.32682958910007,45.998910662733124,-51.58170436952303,230.3987776452092,-36.258705975817485,4.623762941759152,-138.0456628735386,-62.287813490725725,91.27481079332621,-59.373744925839716,107.62881246100868,11.253715121964794,101.04511607942258,80.26406633836679,36.30041386750673,50.84918130433435,-16.178702392912832,-214.61914563206346
94.59976406044348,124.613017998196,7.6592729735210545,-30.191777684757902,54.868410581738466,-367.37869916402605,275.0715109362425,132.5233899396773,90.29073939037364,50.348195212062315,-23.547029059882966,140.00914222873055,-73.93915939718475,-117.68257526081115,-145.7286419741657,-5.031250747596819,-159.23285389425493,-200.27641810606823,56.2488546895083,59.45204416392557,-7.213313093084478,427.1923407248398,79.39267140263425,33.69940686340183,219.03385920859537,-105.50642611644582,22.349859955330537,-58.677232478811696,252.1043481767195,82.55078662760938,-154.25979020918965,-185.60553827066653,14.338781775861666,233.66014989298824,-296.3056142181392,5.748793794858344,220.2254428748884,60.29932997128581,98.18867480182537,49.44212328660975,-54.468458379129196,243.32387158827,-38.773680044599665,4.63643199502637,-145.03547817740852,-65.2590006185562,95.19668615378382,-62.91394811013018,113.39999464190693,11.515253784765376,106.37497631850864,85.208541241828,37.9287425487496,53.90217381941254,-17.38421866045469,-226.6402009859745
-11.762436660119649,-15.821962470676585,-0.8600991776198259,3.7193011200452397,-6.526131651946989,45.43297013751512,-33.914625219011846,-16.576140177804717,-11.375443691244365,-5.881753660057129,2.304039956879092,-17.679451572509077,9.150445396378611,13.90588917245035,17.76641835944889,0.7380055190512905,19.395524197480935,24.77592758974003,-7.388208873239204,-7.213313093084478,1.1461194462283002,-51.892253550477704,-9.953563194170421,-4.176646628976588,-26.770852445863866,12.386105671095136,-2.467719435712758,6.922167091970467,-31.135400903244822,-10.208484275964024,19.185225554138913,23.082720375682005,-2.010080569443729,-28.71175539011427,36.304503370303344,-0.7668781549864178,-26.897398394170686,-7.302260506242532,-11.659652001091553,-5.641994198460057,6.633412293715273,-29.652417431612836,4.50594950777173,-0.6800931419978954,17.993980343112135,8.172654310391232,-12.11381145034558,7.59486714595727,-13.934975087060915,-1.5840785600317833,-13.128148625906563,-10.180469539658851,-4.790203304466638,-6.477991682902478,1.9735854534498871,27.643080806278213
679.7670382140386,895.6222987486046,54.940293746860576,-216.83482901469418,394.45590575479275,-2640.787676590061,1976.9626318743171,952.2549352713085,648.9339050922564,362.04313737671254,-169.36085545131542,1006.4327888366322,-531.696394134967,-846.0176329693526,-1047.3615230721034,-36.00062204477922,-1144.5766300839261,-1439.9408192219364,404.1446566779016,427.1923407248398,-51.892253550477704,3070.630437710438,570.6045736486706,242.15411010628594,1574.1577096503975,-758.5607843517517,160.50374433163222,-421.90653359855753,1812.0051758973768,593.4357419867204,-1108.8935541571777,-1333.92005659517,102.91848489885957,1679.890441009714,-2130.3629575520345,41.19083822568358,1582.9950204779032,433.12689268051736,705.764471163932,355.4272112927854,-391.4117650037703,1748.987396651454,-278.6484776369912,33.3903113541031,-1042.2482565407147,-468.87953219928875,683.9375607663644,-452.51613063927664,815.05582409544445,82.98046345113336,764.7950885602903,612.3928650878976,272.4266544973493,387.42792058432065,-124.79757607077475,-1629.2783259166533
126.66393261723778,167.24460077901495,10.141894832626884,-40.378168844803014,73.12906277549843,-491.66137455535215,367.9897393437539,177.55582698478977,121.07601091157497,66.98398976930109,-30.80580105869543,187.80234742302213,-98.9715924322419,-156.73999126614032,-194.71947296509933,-6.860013768629418,-212.75204583200673,-268.0559731159088,75.77403670364741,79.39267140263425,-9.953563194170421,570.6045736486706,106.40477559469161,45.10596964052613,292.7445216023205,-140.43210088580108,29.555214574872426,-78.14240378493727,337.33186291951887,110.47939150086923,-206.5745569827933,-248.53295132131458,19.45878861175835,312.50640944047615,-396.1726346991922,7.75180245397945,294.32975806225585,80.49942802087584,130.8374010257148,65.61607733411789,-72.768178243503,325.12091217087413,-51.54829106734561,6.333493340761223,-194.151841677939,-87.44384664369333,127.78158364067492,-83.99522917104802,151.65378279082245,15.60977987470769,142.33785850468954,113.61001497766166,50.86495254101121,71.91488036217905,-23.049639443339345,-302.8683161996906
53.71521296068888,70.8622560394182,4.320056427732194,-17.133430288958674,31.055929176048082,-208.5116425799612,156.09127692255657,75.28139646511858,51.315659273707084,28.461484285805618,-13.16417757648846,79.58359578425485,-41.96495769191855,-66.57932169741292,-82.62892451492868,-2.8955777849009112,-90.27825326169767,-113.66878552312781,32.06875703911327,33.69940686340183,-4.176646628976588,242.15411010628594,45.10596964052613,19.130767379432175,124.21617206011132,-59.66320999978824,12.589926187036975,-33.19218477357564,143.07420489727932,46.852340987973534,-87.58748217532784,-105.38872305479111,8.217614354195597,132.55340291067895,-168.05627228016104,3.282718765441236,124.8822820931271,34.17701084494727,55.570862569287826,27.906710731330023,-30.882303812736854,137.95946309516208,-21.912778229947822,2.665691757045179,-82.3397162216994,-37.074905591225175,54.146458710938305,-35.643539597540894,64.3338845810013,6.585555802222248,60.364103895690754,48.245764483489765,21.562283797233984,30.531741037144965,-9.811016661917193,-128.50537420371694
348.72050086910014,459.6215899858646,28.149277287414108,-111.2444026444414,202.10718157727524,-1354.3117373845068,1013.8872007295291,488.5780585864761,332.96689394339853,185.40585827436448,-86.42247364856638,516.3807763022704,-272.62497256272366,-433.41721940238887,-537.0069247380392,-18.584997143216192,-586.7964283922935,-738.3840631725416,207.6013645675827,219.03385920859537,-26.770852445863866,1574.1577096503975,292.7445216023205,124.21617206011132,807.167333166051,-388.5377670144333,82.15687636220635,-216.11533205197009,929.2937679496827,304.3273255374761,-568.7492277799087,-684.2465151960837,52.98048340288727,861.3173103660116,-1092.1912626384546,21.197935888700844,811.61142312462,222.1092889753527,361.63385539899554,181.95574433343714,-200.69676208078948,896.6837017146185,-142.7276538410264,17.17814984567154,-534.6293807821122,-240.58870995474732,351.0774268552697,-231.870211571467,417.9601059877657,42.60650298726252,392.16108771699527,313.85141831978274,139.83673127620568,198.57298492595348,-63.92858636208664,-835.268637226353
-167.42260980796803,-220.09803763829476,-13.656738218724108,53.430579400590425,-97.69258550799813,651.0689151679719,-487.49288341068336,-234.36677243901303,-159.61919145999505,-89.86427218895223,42.78568521724992,-247.53325316548217,131.13299771624642,209.67451631975192,258.596451855936,8.638905885407324,282.6717227021156,355.08213773033793,-98.875704259071,-105.50642611644582,12.386105671095136,-758.5607843517517,-140.43210088580108,-59.66320999978824,-388.5377670144333,188.15434749504954,-40.0179513572795,104.60411084738652,-446.7603252555401,-146.32083323532152,273.2243446942432,328.58739878428275,-24.941196391389088,-414.552769037272,525.9143837662311,-10.026357526703078,-390.8262704966146,-106.9525021308899,-174.78913484908207,-88.41531902880685,96.63662262583608,-431.90603048661694,69.15816824545995,-8.073451559894176,256.7827154793214,115.37110811133672,-167.95950001659017,111.94835536412681,-201.0699711120366,-20.2515096627645,-188.641810866953,-151.54230760151566,-66.94181665552004,-95.81945069088326,31.013545397170112,402.36354147109193
35.30814327677902,46.21104797430744,2.9444757604748952,-11.303704197223748,20.736720066147786,-137.30752007525513,102.91028528615297,49.375595260819935,33.56246167893058,19.12071459251115,-9.339878752029712,52.00194263120569,-27.62157730904613,-44.558670742440725,-54.69982962155195,-1.7828410379316084,-59.77849606869231,-74.83479929004108,20.643720843403976,22.349859955330537,-2.467719435712758,160.50374433163222,29.555214574872426,12.589926187036975,82.15687636220635,-40.0179513572795,8.6229961137997,-22.22468207575466,94.26707052952322,30.852073128345022,-57.55628827969952,-69.26323865758187,5.153010644944954,87.48459903432621,-111.0304055916449,2.103329351126892,82.61126395249872,22.686140430842222,37.130427489303614,18.899681163058084,-20.4532592717378,91.33643410345792,-14.751961538192054,1.6353966360656194,-54.165688700852485,-24.306795302254823,35.28769609894675,-23.66991622182871,42.46556154853465,4.153727116318106,39.77637442870661,32.16898709855307,14.094353216979638,20.314798668695623,-6.660439464644165,-85.04521722742874
-93.14606604481249,-122.49594489097198,-7.584516371829464,29.71918794657292,-54.32120747399378,362.21821026195124,-271.1936603119648,-130.40178404126954,-88.8256197755131,-49.95788077322188,23.7339663853515,-137.757446921421,72.96116082928287,116.57664994123489,143.83401447371895,4.815699481351662,157.22699970930864,197.55687882868443,-55.055466902593814,-58.677232478811696,6.922167091970467,-421.90653359855753,-78.14240378493727,-33.19218477357564,-216.11533205197009,104.60411084738652,-22.22468207575466,58.15935069882494,-248.54307121336032,-81.40581086072996,152.02069689680886,182.8165629144012,-13.90010116260283,-230.61964096322177,292.56089690042137,-5.581334402155819,-217.39305204136494,-59.475860027338015,-97.18462492162467,-49.13395527757424,53.747982857921585,-240.23435923520918,38.43975321703441,-4.505892909790722,142.85877996412898,64.1926235584149,-93.47460809442535,62.26693266205064,-111.85130544676298,-11.291109879121539,-104.95041051456015,-84.26461775119384,-37.24903612778721,-53.285460671324905,17.229063316203035,223.8105362095825
401.70613091198464,529.8593602851138,32.308964552587746,-128.09522132020524,232.48890234533192,-1559.89298746327,1167.6423322777212,562.9268553496415,383.7456456212376,213.16061521542687,-98.84132342426479,595.1941501423324,-314.03719739405756,-498.46191501891116,-618.2085261868134,-21.52490223472467,-675.5225750484403,-850.5100704673979,239.600981195511,252.1043481767195,-31.135400903244822,1812.0051758973768,337.33186291951887,143.07420489727932,929.2937679496827,-446.7603252555401,94.26707052952322,-248.54307121336032,1070.2926164845978,350.5275193338613,-655.2148662396947,-788.2396439434509,61.284193375419754,991.8774220614038,-1257.6336202826872,24.46777517842356,934.4153512280045,255.61253244960088,415.961460651517,209.02738470782714,-231.0304798510921,1032.2784981495865,-164.04938973378577,19.91665469978406,-615.8228231000417,-277.2073920085684,404.7329305469856,-266.87870526435796,481.2930740329745,49.28158508219029,451.67379495585277,361.06610253023604,161.1587104214388,228.49322824821564,-73.41061232004137,-961.625350550834
131.54730987097327,173.54077028581898,10.56852856348597,-41.93572572545235,76.14297705946093,-510.8996249344831,382.3972778643734,184.34330426363124,125.68222045925863,69.81768193992384,-32.36541412483678,194.95133770943258,-102.87398509278307,-163.24823889943437,-202.45450163503727,-7.037494222063853,-221.23863372241053,-278.5910479942716,78.46931957382483,82.55078662760938,-10.208484275964024,593.4357419867204,110.47939150086923,46.852340987973534,304.3273255374761,-146.32083323532152,30.852073128345022,-81.40581086072996,350.5275193338613,114.80980395115597,-214.60467528459168,-258.1461513139227,20.06416610402708,324.8848798622303,-411.93728481523823,8.002745427632977,306.0298984004838,83.68461354195647,136.2200349237317,68.45070012790097,-75.65364147863683,338.0753329113688,-53.71577565707705,6.532036485674159,-201.66943555480253,-90.77412418961237,132.53496403167208,-87.42992677737604,157.62370040317344,16.164780732297373,147.94679569165825,118.23763042665811,52.765734885381214,74.82845863535938,-24.023280085146062,-314.95680216076397
-245.93507514472708,-324.5686871825772,-19.726153161969364,78.39389837737764,-142.21883701042148,954.996523585366,-714.7702299327376,-344.6822891927489,-235.02369903125384,-130.35487628640868,60.23982616417777,-364.56222378321166,192.2864869780983,304.87582884113397,378.3409420775045,13.213205253068987,413.427099421716,520.7386561626408,-146.86938969918816,-154.25979020918965,19.185225554138913,-1108.8935541571777,-206.5745569827933,-87.58748217532784,-568.7492277799087,273.2243446942432,-57.55628827969952,152.02069689680886,-655.2148662396947,-214.60467528459168,401.19091266347806,482.60752549079274,-37.61273350203733,-607.1942229594187,769.8419887862286,-14.990590620151362,-571.9061994496776,-156.38229208981485,-254.42982602259858,-127.75293945278638,141.3798439462633,-631.7674515993652,100.29169485040005,-12.250453845133409,377.01185878863447,169.734901576495,-247.9041352065155,163.33345636118503,-294.60557202360854,-30.269635063897336,-276.52813569880124,-220.87294593917537,-98.68670683373131,-139.7964786436109,44.842243155973634,588.5622294581127
-295.92099311060514,-390.50191023971973,-23.758169312320213,94.35880955025105,-171.05122979411934,1148.8161520496562,-859.9176586763573,-414.75055995895684,-282.7629598201768,-156.7507906875441,72.39802815828497,-438.56822692677696,231.25116462536704,366.6833619651185,455.1583375581593,15.950509201738807,497.3204747703322,626.3321238571297,-176.75775551407634,-185.60553827066653,23.082720375682005,-1333.92005659517,-248.53295132131458,-105.38872305479111,-684.2465151960837,328.58739878428275,-69.26323865758187,182.8165629144012,-788.2396439434509,-258.1461513139227,482.60752549079274,580.6350353297897,-45.30564436458296,-730.327565385151,925.9271043916367,-18.07536991378594,-687.9631489087509,-188.20352347332744,-306.04684306095055,-153.64291809900448,170.10142824112492,-759.9798137798407,120.64681449623768,-14.725027958353337,453.61753208116846,204.25247187939405,-298.3423918858403,196.38911774486107,-354.4159933344791,-36.3624319837118,-332.60426528797046,-265.7073453897301,-118.78401329142729,-168.16593459141558,53.97996236361451,707.9459168571849
23.10714797832607,30.745961508377427,1.7916976188776035,-7.358132208380412,13.063888279472446,-89.32796656186069,66.82816335319211,32.47583734220624,22.186788477373227,11.862943644003664,-5.0786086639993115,34.4176345197086,-17.94998145502295,-27.927696704758446,-35.19670752681067,-1.3712126249376668,-38.41346542993437,-48.652165709758975,14.155406550964189,14.338781775861666,-2.010080569443729,102.91848489885957,19.45878861175835,8.217614354195597,52.98048340288727,-24.941196391389088,5.153010644944954,-13.90010116260283,61.284193375419754,20.06416610402708,-37.61273350203733,-45.30564436458296,3.757407871445382,56.57299292718773,-71.61730063247225,1.4781369826367525,53.202697584906005,14.554714726288758,23.37981557180697,11.52771789440312,-13.157593319552369,58.72124836811157,-9.13910794116793,1.2273264411417188,-35.3748227123737,-16.009826471908802,23.560205592651936,-15.058118454955833,27.49530373539382,2.9308259160506203,25.811423998097133,20.365705001132504,9.361435288557113,12.916726296540844,-4.071955006695922,-54.68393060397342
372.1433572611025,490.74353865804284,29.94472453932259,-118.63638403630567,215.65842801882928,-1445.6840065808065,1082.0751703897201,521.4262766302846,355.47042381138135,197.83783647532655,-92.04387290751295,551.3910784995052,-291.1386472255003,-462.42805063516676,-573.0332291570678,-19.79626056242633,-626.2455876056259,-788.3833992795804,221.69342962535424,233.66014989298824,-28.71175539011427,1679.890441009714,312.50640944047615,132.55340291067895,861.3173103660116,-414.552769037272,87.48459903432621,-230.61964096322177,991.8774220614038,324.8848798622303,-607.1942229594187,-730.327565385151,56.57299292718773,919.5156268090606,-1165.9918113092276,22.577648430494094,866.2059436373613,236.84799324191476,385.8015686789931,194.04085697518923,-214.12578735965445,956.9488054817898,-152.19438466969143,18.41930039058183,-570.5584797375927,-256.74409180100525,374.7127242355321,-247.59039838679288,446.07201190313,45.66792345562991,418.69318240434126,334.81215595545063,149.1947378459662,211.87043631346768,-68.07208812364962,-891.5361190753921
-471.8019501483145,-622.0481657631443,-37.99141803210919,150.40884499084748,-273.5526016792621,1833.0307719187863,-1372.0091447785549,-661.0197159480757,-450.6167780735961,-251.0008254555169,116.96616750636613,-698.9792123414036,369.1637355722316,586.6040917099942,726.6555787747793,25.035215645329583,794.1574414461722,999.6476810447131,-280.8954186611007,-296.3056142181392,36.304503370303344,-2130.3629575520345,-396.1726346991922,-168.05627228016104,-1092.1912626384546,525.9143837662311,-111.0304055916449,292.56089690042137,-1257.6336202826872,-411.93728481523823,769.8419887862286,925.9271043916367,-71.61730063247225,-1165.9918113092276,1478.5882329585884,-28.589853290662585,-1098.4271641621406,-300.3375344006808,-489.36569852705014,-246.22810931078106,271.52687864951014,-1213.520175353743,193.08441932994484,-23.317237293116087,723.375050407066,325.46955030467115,-474.93284844957145,314.03398297543623,-565.6171018367024,-57.86003180672724,-530.9022090958493,-424.65543854126037,-189.10543520232372,-268.71152465524136,86.3660060467274,1130.5820707845041
9.225910554443507,12.222063019970445,0.7331990392475608,-2.949376216564651,5.242494136268256,-35.64129423697794,26.6959219665589,12.955096098968573,8.831264041385626,4.769378336550726,-2.0981352772491766,13.684365399768085,-7.148275759965902,-11.220351944142482,-14.086138460588193,-0.5423980874739823,-15.365968895615861,-19.39140524252879,5.6037272923952575,5.748793794858344,-0.7668781549864178,41.19083822568358,7.75180245397945,3.282718765441236,21.197935888700844,-10.026357526703078,2.103329351126892,-5.581334402155819,24.46777517842356,8.002745427632977,-14.990590620151362,-18.07536991378594,1.4781369826367525,22.577648430494094,-28.589853290662585,0.590783814893549,21.27250979976738,5.846600151305609,9.39245632586709,4.658340069681243,-5.2702197960511,23.490079639249867,-3.68746975239512,0.4721222736037759,-14.125068812653009,-6.387931001696208,9.378456036554443,-6.014741915843826,10.987095531851365,1.1361012581609726,10.292713101816434,8.17791172609074,3.7354700608298357,5.179770821028361,-1.6573630876630852,-21.858961789510655
350.5858563398011,462.0880706692736,28.28573334266127,-111.81301108850684,203.27773725864725,-1361.8340850622399,1019.4502189136879,491.17304607441724,334.7636423988167,186.51633104469448,-87.00956825306099,519.2065370673122,-274.19449596246596,-435.93490976307805,-539.9790731040162,-18.62840009575332,-590.0895020392528,-742.5696658884048,208.64822440486668,220.2254428748884,-26.897398394170686,1582.9950204779032,294.32975806225585,124.8822820931271,811.61142312462,-390.8262704966146,82.61126395249872,-217.39305204136494,934.4153512280045,306.0298984004838,-571.9061994496776,-687.9631489087509,53.202697584906005,866.2059436373613,-1098.4271641621406,21.27250979976738,816.1564570727851,223.27790887391942,363.69673744034003,183.03602674392386,-201.7931583188516,901.7028363787921,-143.54110914095628,17.276484973834318,-537.511801878903,-241.85360908430098,352.8868458321711,-233.25786237065046,420.2703923186226,42.87794853232716,394.3838183165915,315.61399913752825,140.54295709067642,199.69228131406524,-64.26265529023071,-839.9980257623023
