V1,V2,V3,V4,V5,V6,V7,V8,V9,V10,V11,V12,V13,V14,V15,V16,V17,V18,V19,V20,V21,V22,V23,V24,V25,V26,V27,V28,V29,V30,V31,V32,V33,V34,V35,V36,V37,V38,V39,V40,V41,V42,V43,V44,V45,V46,V47,V48,V49,V50,V51,V52,V53,V54,V55,V56
1.4404770970300564,-0.2921794560883059,-1.2773343907546277,1.9684990450043613,-2.172885078401398,4.294638367480601,2.5652658365144365,-0.4975307817294614,-1.8254921046974237,-2.6974465548950324,-1.110271054877055,1.2538168607410176,-1.2690123653344936,2.74521879261248,-1.624008786499686,-2.6170266281176726,0.34141087027019984,1.3668565757627626,1.0931549756088463,0.9398966204311497,-0.36949868360294885,-1.7263160209204853,-0.6850116750851748,-4.086096035509917,-1.3200822125072185,-0.9708648276627313,-2.021857316910563,1.2145221326812035,2.1777648361790924,-1.4625737766371818,0.2716698743715289,-1.4195622300337862,-0.8928134748640373,-1.765947794866916,-1.8028201793900405,-2.2357686005908333,0.1320023687575708,-0.36657904313995004,-0.744145289340108,-2.4648341856371343,2.017485575746898,0.7255071656326783,-0.4357722649559581,1.9764089309102892,-1.7565776533900834,2.98323494169154,-0.06629041648660053,-0.4974978026449458,1.0557039435213496,2.0346576051391363,1.3282205989159477,-1.9802931157576156,0.8744110991800809,0.6281110186495816,-0.7738955614540611,-1.2703096951921442
-0.2921794560883059,1.8872853894756911,-1.1586924054195211,0.7129782399322914,0.6781357741031651,2.3016172936340284,-0.42894753854996043,0.07255351509635555,1.3079062512715733,-1.2539068990901423,-0.016840661443439146,-0.763527629203644,1.7109418275565553,-1.213927137350037,0.2769809383303305,0.9540188025348411,0.2039939123560667,1.0890075581316199,1.0814371075384144,0.4048045773079678,-0.09118970838134402,0.2872958548945477,-0.8893411671596041,1.2910394915055714,-0.45229812991985097,0.7463950244752501,0.5661565245403223,0.47272941662882617,1.4438015661762005,0.748885831613242,0.022885053217776608,-0.924717665569042,0.9876640430388061,1.1258397011959644,0.7457674375171376,-0.8130769749877469,-1.01274118495624,-2.039916945127327,2.1436209349240873,0.8000003507168386,-0.7883345686148011,0.9198935876434265,0.4057069251675135,-0.5237213626722926,-0.1986398900995193,-1.70762617647158,-0.27689378007600973,0.9495237187932329,0.5728946756374308,-0.44764451263096544,-1.0341776157953977,-0.3293928594240639,-0.6444712559441085,0.3450361909486376,0.9389766337490709,0.962402908011478
-1.2773343907546277,-1.1586924054195211,2.2629200359816366,-2.61209553347034,1.7586478706984554,-6.315371120288453,-2.395166259925551,0.47806183895180937,0.8773343251926877,3.837787331150058,1.1845033399264642,-0.7423210182495783,-0.0196095010362202,-1.9610476747470937,1.491874642506906,1.9995400506204684,-0.5314375474408245,-2.2966216822559335,-2.004645522273306,-1.3147973702352116,0.4486560748389253,1.611979114089289,1.4270852686264892,3.294803283752183,1.7501569389773455,0.4398475760959296,1.6947440098560806,-1.6438953805450447,-3.41354703749698,0.9566290399589215,-0.28810665098635146,2.2088347931870156,0.16140882095150239,0.9831337303979517,1.3121754385215343,2.9989416932421062,0.6473205943010153,2.010475628744028,-0.9062600404265415,2.002037253768902,-1.4997749932492639,-1.480444830778613,0.16883284496903278,-1.6770707547059274,1.9930702738352293,-1.8205616364367396,0.2684738095648932,-0.2444003365757952,-1.5672166319873744,-1.7985234118894005,-0.583045655133104,2.3792566453583106,-0.4170681976453252,-0.9300090192098982,0.07908113791312993,0.5887765160089072
1.9684990450043613,0.7129782399322914,-2.61209553347034,3.367322988670568,-2.8269611552431813,7.805221739425735,3.5674873289930624,-0.6990542259297002,-1.9223393705338472,-4.788292930808735,-1.6660811622639728,1.4068200622248719,-0.8475453727901167,3.356319191692657,-2.2526192624608994,-3.3197381812429296,0.6349449287716766,2.702355839137361,2.2898997944856685,1.649208990209259,-0.6050304031086116,-2.401484352287014,-1.5645834780298116,-5.306459883972994,-2.2447736168950043,-0.9930681410559621,-2.6709503902153418,2.098410817144786,4.125843503469629,-1.7248664282477608,0.41701909751433486,-2.6789659200607026,-0.7287253730381779,-1.947799080814724,-2.2334537689418466,-3.830283692030617,-0.41948114120534036,-1.7931772512142572,0.19814937706572416,-3.192017405454371,2.5269541991779128,1.6419057145487195,-0.4060622698162549,2.6286536968946113,-2.7387602113805394,3.4097925491442798,-0.2652778414336087,-0.16004255511109544,1.9241775575931208,2.7619412146200766,1.3495669236047008,-3.1581520680077566,0.911228114245111,1.1466475234803322,-0.5816806083185764,-1.3082902746698988
-2.172885078401398,0.6781357741031651,1.7586478706984554,-2.8269611552431813,3.3168553538694048,-6.090420933634469,-3.8835318355558566,0.754573339345646,2.868029089685414,3.8605952040892664,1.64973875497833,-1.9707081842198304,2.0938529939933725,-4.245310731087033,2.4487338576603492,4.0063316989255755,-0.48825605609133865,-1.8973976922515678,-1.4925327536472834,-1.3506261349142943,0.5317055236185048,2.612786349277695,0.9112957956212306,6.239326681732269,1.9087747974098241,1.5385140417714076,3.0820777439033686,-1.7434743951303617,-3.0506315469688965,2.2703894511937373,-0.3927400569217142,1.9888363593047544,1.4490487944236334,2.770078055161892,2.773168952872626,3.225814100525024,-0.32733163901949264,0.30216974916285355,1.3705261448441406,3.78261883640887,-3.0950204658751455,-0.9607877117167885,0.7134061599976877,-3.0075780023026812,2.580264635048044,-4.6590252913558645,0.05422197418871972,0.8463816793411386,-1.5010430672743618,-3.084871929185024,-2.102034316739398,2.9215480513915058,-1.3817323558336296,-0.8895666348122736,1.2685995076532948,2.0123689589411
4.294638367480601,2.3016172936340284,-6.315371120288453,7.805221739425735,-6.090420933634469,18.380961482581014,7.8817438512477604,-1.5551067042625715,-3.7936588138080913,-11.24227815521327,-3.748816078238626,2.892879939546917,-1.2340602413276138,7.099237313911488,-4.949680420102635,-7.078711912124804,1.517538878217397,6.484185372775798,5.55814877310748,3.8652442115965737,-1.3780782573594157,-5.305053275213207,-3.8605130617673304,-11.425454811971175,-5.217421263783442,-1.9485951014928442,-5.79182603854396,4.882989054267374,9.795687881469366,-3.5914571490506515,0.9251832600957455,-6.351416311057639,-1.2547870555353797,-3.951709302152673,-4.7278598097015765,-8.915575158337035,-1.3172061975743545,-4.8315654775718855,1.2711849719207766,-6.902236298630672,5.364224097950712,4.029441303923146,-0.791666736134897,5.709222662985258,-6.207837788956515,7.026573625503031,-0.6780900799128069,0.031104258507216705,4.544769321233296,6.037903689159516,2.630188833299764,-7.258092740492564,1.8022667574201243,2.70263630952307,-0.949046471161678,-2.5776708633574534
2.5652658365144365,-0.42894753854996043,-2.395166259925551,3.5674873289930624,-3.8835318355558566,7.8817438512477604,4.653066441045946,-0.9115104019179578,-3.1810813949470185,-4.972987943039267,-2.009137569351263,2.2485427121020964,-2.158859654798616,4.91479828130552,-2.91273162501704,-4.650885986152705,0.6487817180926492,2.542767877165304,2.051650598606326,1.7351705949901204,-0.6536311244279693,-3.12989042847291,-1.3071067130516603,-7.302084772544374,-2.4210076223428527,-1.7097374267886984,-3.62985422424384,2.213727547592554,4.004928306775234,-2.5988888559179504,0.4662271414966041,-2.6040428733063443,-1.5419962094287765,-3.1268211907351415,-3.2050066363075285,-4.0999480173785345,0.18631578053498876,-0.8322952533621357,-1.1922238181505378,-4.453848124121223,3.5816689459858133,1.3607418319925724,-0.8063130672582792,3.545505566595719,-3.1640793248632884,5.306555960693723,-0.10750671366315923,-0.7992589083647113,1.9528177419172932,3.656280548163524,2.324527293831943,-3.654095083011754,1.5402672052167476,1.1528932021369782,-1.3380281845634272,-2.2414219404570135
-0.4975307817294614,0.07255351509635555,0.47806183895180937,-0.6990542259297002,0.754573339345646,-1.5551067042625715,-0.9115104019179578,0.17951047367737313,0.6090691111819184,0.9834113715348138,0.3931857841591659,-0.4375127601,0.4072295881004305,-0.955649413431213,0.567141666618542,0.9007979985435727,-0.13030419671436463,-0.5054059272602274,-0.4097268688174217,-0.34335764714536976,0.12638921745995305,0.6129789034100586,0.26330276150858795,1.4186973962472047,0.4773743637416379,0.3292800833015927,0.7070371021413107,-0.43512196416475973,-0.7911740108005595,0.5032144898598672,-0.0885940959337365,0.51375045484218,0.293561649188343,0.604135187044433,0.6208279783581195,0.8084095875593549,-0.030452589811776055,0.1815730202519698,0.21608344620232225,0.8705096902480205,-0.6932833496919042,-0.27176315418483066,0.1594394304570467,-0.6903328499360447,0.617766565722259,-1.0279919829315034,0.019877877562541862,0.14536781805747112,-0.38688236220251443,-0.7126092446462118,-0.4461125276733417,0.7226333572186852,-0.29669710579349984,-0.22749034250349015,0.25484482091294985,0.43215328418893106
-1.8254921046974237,1.3079062512715733,0.8773343251926877,-1.9223393705338472,2.868029089685414,-3.7936588138080913,-3.1810813949470185,0.6090691111819184,2.8009284617966914,2.4719312291707656,1.2771998917479452,-1.838337287384415,2.36188853340527,-3.7991502895344462,2.0260322252997507,3.5302794024143673,-0.2847375437827209,-1.0198621384134612,-0.7055161366067102,-0.8766420776602505,0.386682728635568,2.140457957224077,0.33041367216782286,5.401438960924766,1.2937993250150541,1.5098333076580999,2.6316960233389657,-1.1660420246399572,-1.783429072733184,2.0806143906746715,-0.3104319055049297,1.1725802285871958,1.5473477423938111,2.625874004603193,2.475784882979435,2.16792152293485,-0.6728575548174216,-0.6410400687768865,1.9746963290049655,3.2548030431385633,-2.748953489871724,-0.3677009121839364,0.7017869881402898,-2.5585189521950613,1.9391086068219825,-4.332072346647544,-0.057731246908240025,1.0784330192067402,-0.9246115544375165,-2.5864932043795963,-2.076243368525986,2.108549845942124,-1.3458750433723814,-0.5506017045810744,1.3821597769994378,1.9671844168285937
-2.6974465548950324,-1.2539068990901423,3.837787331150058,-4.788292930808735,3.8605952040892664,-11.24227815521327,-4.972987943039267,0.9834113715348138,2.4719312291707656,6.904048822949837,2.3371649701394213,-1.88687982724077,0.9161927996303512,-4.5514809198361,3.1105752614609057,4.495101298687391,-0.9353663386687491,-3.945526600312542,-3.3703003502175877,-2.3779446742007524,0.8430533485399473,3.3464921211498826,2.331256882383536,7.2441680376301125,3.2151875796928713,1.2848348545427009,3.6690129497724455,-2.997530313412753,-5.967841006072214,2.3099687613213598,-0.5643350725806275,3.8682586410379294,0.8696558515753989,2.570706890217502,3.0147985011540492,5.489029717745982,0.7237103307518874,2.8424707075879003,-0.6027856320520464,4.398503623443204,-3.412118905836336,-2.425113490061993,0.5489914937642063,-3.611603642115727,3.844174545176046,-4.548613794099369,0.3854171537867321,0.05174239672357901,-2.7853898595260373,-3.809900515485287,-1.7311787657874647,4.518509758002065,-1.1835660099119805,-1.6522496604481831,0.6776754377403339,1.6987169058822906
-1.110271054877055,-0.016840661443439146,1.1845033399264642,-1.6660811622639728,1.64973875497833,-3.748816078238626,-2.009137569351263,0.3931857841591659,1.2771998917479452,2.3371649701394213,0.8927093220682143,-0.9091499691674425,0.7786301413079356,-2.043469311189872,1.2631242180238293,1.963930828837908,-0.30603774130698,-1.2443967499676523,-1.0249505983855,-0.8110939888783255,0.30365327282125065,1.3518794102849379,0.6729889087396835,3.100211979240995,1.1212607664033203,0.677594126456198,1.546877381295674,-1.035010774399681,-1.9362196990639615,1.0716011927957623,-0.21440876833387604,1.2585206748254723,0.5794625673845636,1.2645189594134596,1.3425553523417169,1.9045749597974158,0.028676784314248485,0.5807370838085615,0.30146187708637184,1.8797087964357844,-1.5067347906513904,-0.7042882405042991,0.30526973952659475,-1.5149871972049513,1.4294016842311061,-2.1655131663273846,0.0833400421149073,0.26013932771838827,-0.9261785112143502,-1.5721781944351112,-0.9218432544414407,1.6456346850743053,-0.613707708612814,-0.5493265698230381,0.49268358757998226,0.8893681928161266
1.2538168607410176,-0.763527629203644,-0.7423210182495783,1.4068200622248719,-1.9707081842198304,2.892879939546917,2.2485427121020964,-0.4375127601,-1.838337287384415,-1.88687982724077,-0.9091499691674425,1.2543085779316143,-1.4948891255347023,2.602729615158061,-1.4082052474879472,-2.401707009030181,0.23498062933485078,0.829849642719278,0.6089060161298822,0.6684511156497069,-0.2688227287992844,-1.5120259928602637,-0.3281866360975612,-3.7102614088863777,-0.9659774913560374,-1.0023488585078029,-1.822346093174169,0.8644922274911948,1.3869764319234013,-1.4076869256571203,0.20371595782114535,-0.9057276766005421,-0.9978715636168436,-1.7613754796151182,-1.6819970390999552,-1.62151284300597,0.38981543709645694,0.23199402371687897,-1.1856604521633018,-2.2697539231965322,1.8656591160059006,0.3421608156472239,-0.49137268555897845,1.7709293527912753,-1.3785564182048873,2.928926160870398,0.03603837008556861,-0.6466842964882251,0.7168334514663252,1.798506009333772,1.3678047214380127,-1.5667304758356222,0.8945183681194492,0.42061259643894156,-0.890897180176487,-1.3094170237137976
-1.2690123653344936,1.7109418275565553,-0.0196095010362202,-0.8475453727901167,2.0938529939933725,-1.2340602413276138,-2.158859654798616,0.4072295881004305,2.36188853340527,0.9161927996303512,0.7786301413079356,-1.4948891255347023,2.2837993026935495,-2.9200864870785135,1.382635008301792,2.637931941415092,-0.07388550715211037,-0.1035011658751667,0.08726550087072606,-0.343357963090661,0.19791493379083383,1.4522586943597924,-0.22684706037071475,3.9500785402390357,0.5782968280646891,1.2892868674144895,1.892147761562392,-0.49289740524027775,-0.4077853296343132,1.6420781805768805,-0.18493114491419055,0.2808969063319935,1.4305915170092256,2.1589242877280244,1.8856829972667204,0.9430208981348893,-0.9000903354016961,-1.38435386499119,2.2518684266550144,2.381894117314049,-2.0760389518493008,0.21476923724269575,0.6198719222863949,-1.8275012788180247,1.1033475326125826,-3.4874320537030243,-0.16358273910422322,1.1287443187196242,-0.2923882833019269,-1.8079886066833357,-1.7791427475385766,1.1310356622966333,-1.1394693569658114,-0.17389612883510333,1.3039639315781442,1.674356646712856
2.74521879261248,-1.213927137350037,-1.9610476747470937,3.356319191692657,-4.245310731087033,7.099237313911488,4.91479828130552,-0.955649413431213,-3.7991502895344462,-4.5514809198361,-2.043469311189872,2.602729615158061,-2.9200864870785135,5.511160498686275,-3.089357500915635,-5.148029033729899,0.5723526452511616,2.1433950496144183,1.6440675382790717,1.600381588568521,-0.6351334882494968,-3.3058731923693143,-0.962131592609761,-7.988912007698774,-2.2820142888008452,-2.053808275565893,-3.9364848674378745,2.067066621055677,3.496342029866058,-2.962283962612358,0.4739399635824391,-2.280755857234201,-1.9858080418612667,-3.6563533327625932,-3.582271603546591,-3.8460070496214587,0.60636526294753,0.007210437237788289,-2.109952217728901,-4.863527468092138,3.986849776313166,1.0103868995778342,-0.9784089128528055,3.8341945400880486,-3.154135101017585,6.117647720227949,-0.0035686572486687686,-1.220642893260393,1.7535740993217734,3.915562767104568,2.804275239362493,-3.5779735329057627,1.8390546919313293,1.0350682066555272,-1.755174561102396,-2.6848387786363586
-1.624008786499686,0.2769809383303305,1.491874642506906,-2.2526192624608994,2.4487338576603492,-4.949680420102635,-2.91273162501704,0.567141666618542,2.0260322252997507,3.1105752614609057,1.2631242180238293,-1.4082052474879472,1.382635008301792,-3.089357500915635,1.8364766715865155,2.940920645601757,-0.39883750388076444,-1.58924740520428,-1.2787333832052616,-1.0838168129752532,0.4184911736003258,1.959844746058819,0.8098180623871745,4.604346715938613,1.5165977741017012,1.080656634859388,2.2833121028020185,-1.3932398772663384,-2.516593485811491,1.63974562490988,-0.3036908558834431,1.6386763746240314,0.9817208540504588,1.9734956404070876,2.024646731779456,2.5693287230399426,-0.12066211637831001,0.4904914418320715,0.774311163139865,2.788102169711194,-2.265414702676704,-0.8520085058842699,0.49255195221489245,-2.2318894477631477,1.9981289471831505,-3.3427174049755384,0.07743806743059106,0.5265984333465465,-1.220293238003999,-2.3006702595410484,-1.4749353210736516,2.2740015873566586,-0.973865400464516,-0.7240906666283808,0.8498345925078853,1.4151907684361502
-2.6170266281176726,0.9540188025348411,1.9995400506204684,-3.3197381812429296,4.0063316989255755,-7.078711912124804,-4.650885986152705,0.9007979985435727,3.5302794024143673,4.495101298687391,1.963930828837908,-2.401707009030181,2.637931941415092,-5.148029033729899,2.940920645601757,4.854191003765768,-0.5609083699252384,-2.172779936398599,-1.6900396886899218,-1.5742690847734064,0.6310125730945685,3.129312921068889,1.0116048103114945,7.53751418874176,2.2365126314768027,1.8922350190740882,3.7147229565922664,-2.0421969310367283,-3.5246724494900192,2.764292780016843,-0.4724140980105906,2.300522895358738,1.8076717058103666,3.388966421611701,3.365258033417978,3.776603996531909,-0.46814892860989443,0.1871368170558629,1.808459006171356,4.558928942589603,-3.754213903034633,-1.0732792064600252,0.8717882722688299,-3.6237388204003507,3.064013072353433,-5.682157445686074,0.049622618286893225,1.0939319029720895,-1.7405873047435083,-3.709590046957492,-2.589756827003354,3.441587831668189,-1.6976691402344004,-1.0333035982266718,1.5868842586838083,2.4730952245594344
0.34141087027019984,0.2039939123560667,-0.5314375474408245,0.6349449287716766,-0.48825605609133865,1.517538878217397,0.6487817180926492,-0.13030419671436463,-0.2847375437827209,-0.9353663386687491,-0.30603774130698,0.23498062933485078,-0.07388550715211037,0.5723526452511616,-0.39883750388076444,-0.5609083699252384,0.1309539037857975,0.5418287007615439,0.4673480821461436,0.3224639737872995,-0.10810512660087605,-0.436310365373836,-0.3281762818460177,-0.9157746503209401,-0.43206776408469694,-0.15076403808662536,-0.4684189161932038,0.40039095598337604,0.8089679650052295,-0.28477148871252955,0.06877435762808672,-0.5229205092940737,-0.08845207980137981,-0.31069504251321095,-0.37503203365593674,-0.7378613029781547,-0.11591536696802734,-0.42789327798896953,0.13278952427800833,-0.5662145751032064,0.4241244564052691,0.3366655042815292,-0.07146358378099946,0.4608838320845433,-0.5020347297851541,0.5588545325315101,-0.05062548535395984,0.023928738818572826,0.3791796455797822,0.48872979553302903,0.19960683089140313,-0.6094254161309389,0.13960219605017876,0.2231075853368671,-0.06616495828521923,-0.2006248550548144
1.3668565757627626,1.0890075581316199,-2.2966216822559335,2.702355839137361,-1.8973976922515678,6.484185372775798,2.542767877165304,-0.5054059272602274,-1.0198621384134612,-3.945526600312542,-1.2443967499676523,0.829849642719278,-0.1035011658751667,2.1433950496144183,-1.58924740520428,-2.172779936398599,0.5418287007615439,2.338407890936925,2.031265915758305,1.352781957411642,-0.46839803976253697,-1.7114463493080374,-1.4365429328939165,-3.556180212864533,-1.8079614452631598,-0.514720944539683,-1.8205240883910012,1.697387201592258,3.4920030282772223,-1.058326617494871,0.3052685278966938,-2.2610943335480735,-0.24051009978473148,-1.1121813565430778,-1.4333760915522111,-3.095832811287625,-0.6113868543452194,-1.9651528432734984,0.7999979874465231,-2.154526516818227,1.6349401721612775,1.4936821813649968,-0.19953818883255628,1.7996710894904435,-2.0856548787632025,2.0313916477377,-0.2672985340418902,0.18445541138803767,1.6067882819397101,1.921963690826034,0.6874461138480548,-2.47123144560928,0.4838371800683747,0.9544912213889057,-0.14934011018224064,-0.6859250773071971
1.0931549756088463,1.0814371075384144,-2.004645522273306,2.2898997944856685,-1.4925327536472834,5.55814877310748,2.051650598606326,-0.4097268688174217,-0.7055161366067102,-3.3703003502175877,-1.0249505983855,0.6089060161298822,0.08726550087072606,1.6440675382790717,-1.2787333832052616,-1.6900396886899218,0.4673480821461436,2.031265915758305,1.7783297154552438,1.1534421386224452,-0.3925387950451729,-1.3809185852954606,-1.2706623557707049,-2.7954056734332893,-1.532049899970486,-0.34915547604369546,-1.4414822714333182,1.4416925193244434,3.0129126371229558,-0.7959155157549944,0.25111450236909705,-1.9493901676670924,-0.09875040072147602,-0.802996141052055,-1.103843503237756,-2.6269243469028156,-0.6024451827029885,-1.8220363364134138,0.8723920549312574,-1.696002915423744,1.264626119653286,1.3188893624480618,-0.12738348616852072,1.4281441248368096,-1.7326844165251747,1.5022707274590292,-0.24484475517373588,0.2493955730463922,1.378807320962414,1.5363304645151927,0.46148088363456446,-2.0691083954540286,0.33377452647316824,0.8187704250847075,-0.029280276736303047,-0.46877921012169393
0.9398966204311497,0.4048045773079678,-1.3147973702352116,1.649208990209259,-1.3506261349142943,3.8652442115965737,1.7351705949901204,-0.34335764714536976,-0.8766420776602505,-2.3779446742007524,-0.8110939888783255,0.6684511156497069,-0.343357963090661,1.600381588568521,-1.0838168129752532,-1.5742690847734064,0.3224639737872995,1.352781957411642,1.1534421386224452,0.819691701102022,-0.2902055813928581,-1.1675584596499393,-0.7960280842681454,-2.534676814680076,-1.1093457885913984,-0.4577480126620265,-1.2830043724574953,1.0325609914961265,2.04792187461851,-0.8136593546491199,0.19420908184158098,-1.3273121213493735,-0.31680703553133244,-0.9102239570362606,-1.057814193089415,-1.8930840870153096,-0.234824907483506,-0.9569641480715608,0.17668860892010244,-1.5418218224479716,1.1959651715612232,0.8270181064263519,-0.19916410259759565,1.2621658126178332,-1.3301214780986885,1.6067103503776976,-0.12794530950245364,-0.030735304065919088,0.9583735433310377,1.3298533654434361,0.6165135101128579,-1.5661007317768558,0.42092675083165737,0.5679484118318663,-0.2498076807828353,-0.6049916937386568
-0.36949868360294885,-0.09118970838134402,0.4486560748389253,-0.6050304031086116,0.5317055236185048,-1.3780782573594157,-0.6536311244279693,0.12638921745995305,0.386682728635568,0.8430533485399473,0.30365327282125065,-0.2688227287992844,0.19791493379083383,-0.6351334882494968,0.4184911736003258,0.6310125730945685,-0.10810512660087605,-0.46839803976253697,-0.3925387950451729,-0.2902055813928581,0.11189592674664829,0.4402205934783099,0.2634961667341936,0.9984393672097855,0.398646490107951,0.19779516463019647,0.4985776985635132,-0.37452797496557355,-0.7248511256954431,0.33138873809240244,-0.08017791746227573,0.4719117243472252,0.1569278705068431,0.3799938599780689,0.4257681733819908,0.6798899573788287,0.055829860000491525,0.2744932912705179,0.015071523765700454,0.5924126542638234,-0.48182636312637217,-0.2806385911637964,0.07563462507041527,-0.4907501428617064,0.49972788736162727,-0.6572654356194072,0.04736366277532473,0.05750782634406972,-0.3370269167664344,-0.5132546738676147,-0.27161344964756784,0.5599957863429844,-0.1808240244130314,-0.20236149832196026,0.12761554565822694,0.2595116613545771
-1.7263160209204853,0.2872958548945477,1.611979114089289,-2.401484352287014,2.612786349277695,-5.305053275213207,-3.12989042847291,0.6129789034100586,2.140457957224077,3.3464921211498826,1.3518794102849379,-1.5120259928602637,1.4522586943597924,-3.3058731923693143,1.959844746058819,3.129312921068889,-0.436310365373836,-1.7114463493080374,-1.3809185852954606,-1.1675584596499393,0.4402205934783099,2.1053628536674447,0.8797326335049844,4.912743939404609,1.6291386067485178,1.1500156756389712,2.441930975704631,-1.490004135000587,-2.695952040029525,1.7482929578623303,-0.3142116196870973,1.7530169796784874,1.0372319356980846,2.103274261739438,2.1562949276713317,2.7590067553872606,-0.12463397312567119,0.5603113264557391,0.8014433656064273,2.995553721548986,-2.4098736992085765,-0.9162315077607408,0.5415206892035249,-2.3852768554343475,2.1295536963463317,-3.569357205239563,0.07302595775738845,0.5380544117084023,-1.3141348141948055,-2.4598491433391354,-1.5637810376568564,2.4579091516012697,-1.0360690960581571,-0.7760009651409415,0.8998643579796436,1.5075887737316647
-0.6850116750851748,-0.8893411671596041,1.4270852686264892,-1.5645834780298116,0.9112957956212306,-3.8605130617673304,-1.3071067130516603,0.26330276150858795,0.33041367216782286,2.331256882383536,0.6729889087396835,-0.3281866360975612,-0.22684706037071475,-0.962131592609761,0.8098180623871745,1.0116048103114945,-0.3281762818460177,-1.4365429328939165,-1.2706623557707049,-0.7960280842681454,0.2634961667341936,0.8797326335049844,0.9201741590198954,1.7047652590852047,1.0480537657160394,0.15628882724795137,0.8902453824564406,-0.9887058422663451,-2.110736071383394,0.44867542096694124,-0.16347350625320323,1.3640734094862297,-0.032550994978695985,0.4170540997001049,0.6495263645684983,1.8002691918576563,0.4916107426807437,1.396590676231861,-0.7819411119016643,1.0388079166016557,-0.7496247356608847,-0.9521108010734355,0.0493435499773245,-0.885048639237241,1.1511293990653322,-0.8203630536132096,0.183647425149099,-0.2605553708082733,-0.9596811809688214,-0.9633766694259066,-0.20027506349846919,1.3935792672194554,-0.1559389760199035,-0.5692325337060272,-0.07234539236762892,0.21410794463515923
-4.086096035509917,1.2910394915055714,3.294803283752183,-5.306459883972994,6.239326681732269,-11.425454811971175,-7.302084772544374,1.4186973962472047,5.401438960924766,7.2441680376301125,3.100211979240995,-3.7102614088863777,3.9500785402390357,-7.988912007698774,4.604346715938613,7.53751418874176,-0.9157746503209401,-3.556180212864533,-2.7954056734332893,-2.534676814680076,0.9984393672097855,4.912743939404609,1.7047652590852047,11.736950711030277,3.583170333651321,2.8979077615413673,5.7971293690442955,-3.2723449434248346,-5.720342951839988,4.273342786629896,-0.737906421944696,3.7294621799247847,2.731903518757728,5.215736311854742,5.21818887339142,6.055098883559424,-0.6240708769933803,0.549869243597876,2.5945382038491767,7.1157000299868365,-5.823429527254014,-1.7974953947732197,1.3442630590944562,-5.656740246689047,4.847361857834782,-8.770752713100327,0.09946844770812024,1.5990013535807588,-2.815859146203567,-5.80134487875784,-3.9594745024306617,5.48752712257441,-2.6023782062197074,-1.6687289214111842,2.39234632092752,3.790326007884578
-1.3200822125072185,-0.45229812991985097,1.7501569389773455,-2.2447736168950043,1.9087747974098241,-5.217421263783442,-2.4210076223428527,0.4773743637416379,1.2937993250150541,3.2151875796928713,1.1212607664033203,-0.9659774913560374,0.5782968280646891,-2.2820142888008452,1.5165977741017012,2.2365126314768027,-0.43206776408469694,-1.8079614452631598,-1.532049899970486,-1.1093457885913984,0.398646490107951,1.6291386067485178,1.0480537657160394,3.583170333651321,1.5079349189278217,0.6767967195872492,1.8071886905969954,-1.4026136639701658,-2.7522709445928037,1.169397022993579,-0.27052839975642834,1.7851469193460148,0.4972254574701347,1.324635748450564,1.5081618983219516,2.571274727080781,0.26717918968298576,1.2001934960926322,-0.11719295401800454,2.174455561751359,-1.7028467885583893,-1.0917434120219418,0.2940128604888902,-1.776459035391345,1.8318228167632065,-2.3204930972236597,0.16443798112326885,0.10277450639282107,-1.29172804427624,-1.8655876080004314,-0.9148582797958561,2.141509862437794,-0.6200710828687535,-0.7662673328627314,0.40072707810486613,0.892689786333822
-0.9708648276627313,0.7463950244752501,0.4398475760959296,-0.9930681410559621,1.5385140417714076,-1.9485951014928442,-1.7097374267886984,0.3292800833015927,1.5098333076580999,1.2848348545427009,0.677594126456198,-1.0023488585078029,1.2892868674144895,-2.053808275565893,1.080656634859388,1.8922350190740882,-0.15076403808662536,-0.514720944539683,-0.34915547604369546,-0.4577480126620265,0.19779516463019647,1.1500156756389712,0.15628882724795137,2.8979077615413673,0.6767967195872492,0.8203602651918911,1.4134244225438077,-0.6039658219175587,-0.904366984274799,1.1234233660909592,-0.15745189287555408,0.5938520982849944,0.8433997546118894,1.4230564934938341,1.3307132928153622,1.13183981316281,-0.38538586441138173,-0.38085204967284336,1.0970766831469225,1.7596194914817325,-1.4745194250616942,-0.16982972712512764,0.39382976202895725,-1.372287536564014,1.0179477337824707,-2.347100973443618,-0.045168994535029455,0.5858307304458088,-0.47840381013845895,-1.3853996299585083,-1.1248132981800099,1.1243044827075994,-0.7304084287279909,-0.2824349991524883,0.7565429547062182,1.0694890755081186
-2.021857316910563,0.5661565245403223,1.6947440098560806,-2.6709503902153418,3.0820777439033686,-5.79182603854396,-3.62985422424384,0.7070371021413107,2.6316960233389657,3.6690129497724455,1.546877381295674,-1.822346093174169,1.892147761562392,-3.9364848674378745,2.2833121028020185,3.7147229565922664,-0.4684189161932038,-1.8205240883910012,-1.4414822714333182,-1.2830043724574953,0.4985776985635132,2.441930975704631,0.8902453824564406,5.7971293690442955,1.8071886905969954,1.4134244225438077,2.868331087768618,-1.650217549604081,-2.910738665858584,2.0992843114676134,-0.36472596129331253,1.896106294615055,1.3184758861331576,2.5536141758198823,2.569117497632349,3.0554647890421993,-0.26968939891605975,0.36814374539692507,1.1991627735810775,3.521944420558252,-2.867709877594083,-0.9343535770821294,0.6600542107816583,-2.799357470383799,2.4219279446775444,-4.304043348040226,0.056681103665080876,0.7502611267861952,-1.4300588009700375,-2.8748340733952196,-1.9283785961510045,2.7591797060052956,-1.2701701128871343,-0.8462317052164964,1.1525062203945182,1.8498418067407516
1.2145221326812035,0.47272941662882617,-1.6438953805450447,2.098410817144786,-1.7434743951303617,4.882989054267374,2.213727547592554,-0.43512196416475973,-1.1660420246399572,-2.997530313412753,-1.035010774399681,0.8644922274911948,-0.49289740524027775,2.067066621055677,-1.3932398772663384,-2.0421969310367283,0.40039095598337604,1.697387201592258,1.4416925193244434,1.0325609914961265,-0.37452797496557355,-1.490004135000587,-0.9887058422663451,-3.2723449434248346,-1.4026136639701658,-0.6039658219175587,-1.650217549604081,1.309650583356322,2.5838909378057298,-1.058409548523896,0.25573027535416154,-1.6767760549761082,-0.43406832904292436,-1.1907592500650561,-1.3730224450218917,-2.393534827739792,-0.2764503518149824,-1.1544820013885717,0.16264609576990127,-1.9749390099668518,1.5533358214607296,1.034315131946698,-0.25117132092883526,1.6240198076157573,-1.700845172407892,2.0907079249246685,-0.16544251642227548,-0.07740361738079055,1.2059176981944264,1.708193623479406,0.8185588108187459,-1.9741655844331227,0.5546996430051548,0.7174133875643992,-0.34469267033630596,-0.7965148482896279
2.1777648361790924,1.4438015661762005,-3.41354703749698,4.125843503469629,-3.0506315469688965,9.795687881469366,4.004928306775234,-0.7911740108005595,-1.783429072733184,-5.967841006072214,-1.9362196990639615,1.3869764319234013,-0.4077853296343132,3.496342029866058,-2.516593485811491,-3.5246724494900192,0.8089679650052295,3.4920030282772223,3.0129126371229558,2.04792187461851,-0.7248511256954431,-2.695952040029525,-2.110736071383394,-5.720342951839988,-2.7522709445928037,-0.904366984274799,-2.910738665858584,2.5838909378057298,5.250380884747057,-1.7515499283715714,0.48247282270655106,-3.4031859047140745,-0.5147521126778069,-1.8862482519516732,-2.338967587503702,-4.708806912673195,-0.8172060554290451,-2.764832287505597,0.9438450268587206,-3.4490374165317803,2.6622132357078185,2.203698044336518,-0.350168452599667,2.8742389388650507,-3.231345197860309,3.392771463852555,-0.3895622717321748,0.14108743758843476,2.4213617234527103,3.0540257857679913,1.2181746129960467,-3.7847312602273426,0.8427588994875846,1.4412303246528089,-0.3629684369842619,-1.1994256914471177
-1.4625737766371818,0.748885831613242,0.9566290399589215,-1.7248664282477608,2.2703894511937373,-3.5914571490506515,-2.5988888559179504,0.5032144898598672,2.0806143906746715,2.3099687613213598,1.0716011927957623,-1.4076869256571203,1.6420781805768805,-2.962283962612358,1.63974562490988,2.764292780016843,-0.28477148871252955,-1.058326617494871,-0.7959155157549944,-0.8136593546491199,0.33138873809240244,1.7482929578623303,0.44867542096694124,4.273342786629896,1.169397022993579,1.1234233660909592,2.0992843114676134,-1.058409548523896,-1.7515499283715714,1.6004448700440395,-0.2520138648440085,1.1445907765085566,1.1044298400774233,1.9872266625729775,1.9273425984794166,1.9683354474709267,-0.3780490436879115,-0.13529340782327365,1.241482560770487,2.593592858392435,-2.143856070387702,-0.4759128439248485,0.5306686629594631,-2.0438473136609527,1.6479549475157524,-3.312071082180402,-0.00979604885210716,0.70573067198555,-0.884247726334159,-2.0818052533537075,-1.537238041453429,1.8489819029843897,-1.0047337355327144,-0.5231221750918685,0.9789959652773146,1.4671799652337585
0.2716698743715289,0.022885053217776608,-0.28810665098635146,0.41701909751433486,-0.3927400569217142,0.9251832600957455,0.4662271414966041,-0.0885940959337365,-0.3104319055049297,-0.5643350725806275,-0.21440876833387604,0.20371595782114535,-0.18493114491419055,0.4739399635824391,-0.3036908558834431,-0.4724140980105906,0.06877435762808672,0.3052685278966938,0.25111450236909705,0.19420908184158098,-0.08017791746227573,-0.3142116196870973,-0.16347350625320323,-0.737906421944696,-0.27052839975642834,-0.15745189287555408,-0.36472596129331253,0.25573027535416154,0.48247282270655106,-0.2520138648440085,0.06032827357004452,-0.315323940738357,-0.13601939449283276,-0.2948542899868434,-0.32017711729868453,-0.46093328735379757,-0.017308458161653984,-0.13956615877792145,-0.064279972569307,-0.43078838870300673,0.3622327153888287,0.17821771471477346,-0.05629360267548866,0.35893237921876175,-0.3527792239757284,0.5024582279974431,-0.03159978394442814,-0.06949339021774666,0.2237155204675546,0.37296238393235165,0.218567498797188,-0.38028603336434946,0.14326344570708194,0.13575181143413187,-0.11287586372164518,-0.20564133964581008
-1.4195622300337862,-0.924717665569042,2.2088347931870156,-2.6789659200607026,1.9888363593047544,-6.351416311057639,-2.6040428733063443,0.51375045484218,1.1725802285871958,3.8682586410379294,1.2585206748254723,-0.9057276766005421,0.2808969063319935,-2.280755857234201,1.6386763746240314,2.300522895358738,-0.5229205092940737,-2.2610943335480735,-1.9493901676670924,-1.3273121213493735,0.4719117243472252,1.7530169796784874,1.3640734094862297,3.7294621799247847,1.7851469193460148,0.5938520982849944,1.896106294615055,-1.6767760549761082,-3.4031859047140745,1.1445907765085566,-0.315323940738357,2.2063772402891826,0.3433340593841095,1.234972309850041,1.5271001514263414,3.0541091079820752,0.523873426165485,1.777977188561751,-0.5949597891518597,2.2452562613765457,-1.7382063099557117,-1.425792089857938,0.22780382104606142,-1.8723906852618242,2.10076847425084,-2.2179525146750825,0.2531249211464755,-0.08118078766567322,-1.5688905468251202,-1.9885921231395125,-0.8011175524877747,2.4539896389599574,-0.5530772380236769,-0.9344501725696417,0.2437069942210253,0.7871343407550302
-0.8928134748640373,0.9876640430388061,0.16140882095150239,-0.7287253730381779,1.4490487944236334,-1.2547870555353797,-1.5419962094287765,0.293561649188343,1.5473477423938111,0.8696558515753989,0.5794625673845636,-0.9978715636168436,1.4305915170092256,-1.9858080418612667,0.9817208540504588,1.8076717058103666,-0.08845207980137981,-0.24051009978473148,-0.09875040072147602,-0.31680703553133244,0.1569278705068431,1.0372319356980846,-0.032550994978695985,2.731903518757728,0.4972254574701347,0.8433997546118894,1.3184758861331576,-0.43406832904292436,-0.5147521126778069,1.1044298400774233,-0.13601939449283276,0.3433340593841095,0.9099819672960464,1.4313022299549703,1.2838194342360687,0.8216438182734055,-0.5167998058457166,-0.7127078948970681,1.3436341419587925,1.6525263637797958,-1.4169847926927057,0.022605895433954245,0.4056984277967879,-1.276140953296137,0.8431057599464818,-2.3308035444658795,-0.084623893273348,0.6870094371200189,-0.3038792857992021,-1.273205791065975,-1.1609222249576818,0.89614598152826,-0.7474493509944458,-0.17983242369627558,0.8248097318176971,1.0969143496608205
-1.765947794866916,1.1258397011959644,0.9831337303979517,-1.947799080814724,2.770078055161892,-3.951709302152673,-3.1268211907351415,0.604135187044433,2.625874004603193,2.570706890217502,1.2645189594134596,-1.7613754796151182,2.1589242877280244,-3.6563533327625932,1.9734956404070876,3.388966421611701,-0.31069504251321095,-1.1121813565430778,-0.802996141052055,-0.9102239570362606,0.3799938599780689,2.103274261739438,0.4170540997001049,5.215736311854742,1.324635748450564,1.4230564934938341,2.5536141758198823,-1.1907592500650561,-1.8862482519516732,1.9872266625729775,-0.2948542899868434,1.234972309850041,1.4313022299549703,2.492476380604387,2.373186302817356,2.223018608478754,-0.575997218269443,-0.4197326204499391,1.7406027830737152,3.167880148274724,-2.63449634178253,-0.4452507332318268,0.6791780510458623,-2.4826513839159547,1.9224984685242792,-4.132699482559551,-0.04701044541065842,0.9550318738188606,-0.9722221417173911,-2.51783022157645,-1.9488145457026427,2.1438043791914336,-1.2697667580884897,-0.5743480895387314,1.2768657309989486,1.8569354414228583
-1.8028201793900405,0.7457674375171376,1.3121754385215343,-2.2334537689418466,2.773168952872626,-4.7278598097015765,-3.2050066363075285,0.6208279783581195,2.475784882979435,3.0147985011540492,1.3425553523417169,-1.6819970390999552,1.8856829972667204,-3.582271603546591,2.024646731779456,3.365258033417978,-0.37503203365593674,-1.4333760915522111,-1.103843503237756,-1.057814193089415,0.4257681733819908,2.1562949276713317,0.6495263645684983,5.21818887339142,1.5081618983219516,1.3307132928153622,2.569117497632349,-1.3730224450218917,-2.338967587503702,1.9273425984794166,-0.32017711729868453,1.5271001514263414,1.2838194342360687,2.373186302817356,2.337605878920921,2.5440676570137297,-0.37030192391092526,0.03157259515184487,1.3400504996841593,3.160568823000585,-2.6051109137946633,-0.6887285154680284,0.6191115818203243,-2.5044808370659157,2.084417358257666,-3.971123529682972,0.018390489309047162,0.7916476082913323,-1.1632344745316732,-2.559546553485045,-1.8209059541387604,2.3416991398214875,-1.1925651496534169,-0.6896726917995765,1.1309865494182325,1.7388061162497908
-2.2357686005908333,-0.8130769749877469,2.9989416932421062,-3.830283692030617,3.225814100525024,-8.915575158337035,-4.0999480173785345,0.8084095875593549,2.16792152293485,5.489029717745982,1.9045749597974158,-1.62151284300597,0.9430208981348893,-3.8460070496214587,2.5693287230399426,3.776603996531909,-0.7378613029781547,-3.095832811287625,-2.6269243469028156,-1.8930840870153096,0.6798899573788287,2.7590067553872606,1.8002691918576563,6.055098883559424,2.571274727080781,1.13183981316281,3.0554647890421993,-2.393534827739792,-4.708806912673195,1.9683354474709267,-0.46093328735379757,3.0541091079820752,0.8216438182734055,2.223018608478754,2.5440676570137297,4.385555545163873,0.4778980297430847,2.0845706381404177,-0.24860195604533902,3.672318893456032,-2.8740260389093653,-1.8759638591453969,0.48820006962014195,-3.004457507476692,3.116482635750475,-3.900055348432884,0.28684098599651087,0.1537618221222776,-2.206838021177932,-3.157576197022738,-1.529871937301865,3.6426503168582216,-1.0379454832099508,-1.309585004480231,0.6586139687984204,1.493276625557323
