V1,V2,V3,V4,V5,V6,V7,V8,V9,V10,V11,V12,V13,V14,V15,V16,V17,V18,V19,V20,V21,V22,V23,V24,V25,V26,V27,V28,V29,V30,V31,V32,V33,V34,V35,V36,V37,V38,V39,V40,V41,V42,V43,V44,V45,V46,V47,V48,V49,V50,V51,V52,V53,V54,V55,V56
1.7402988472968537,1.0456515501175088,2.543129606215374,1.8794958229623395,0.7456460526586849,3.867781836532502,-1.0827655882064084,4.148932165335009,-2.4915391612547984,1.239214950185967,-4.262082092149619,0.5595555463785213,-0.5023946125727652,-2.2900368424987416,-2.9547285891731883,-1.479501143674443,-1.0565852871394126,-2.4129775673552527,-1.4437636418593236,0.4089613559833177,0.16832111907847033,-1.1932123683828872,-1.453360835197501,2.180604710083725,0.7885973674909516,-1.6408514881279923,0.13037805200770608,-0.005674527377286401,-0.21440248033930348,1.460099048265465,2.731451489502319,-0.06543857614339928,2.456780321028324,-2.7567668687326856,-1.3257727066749136,-0.43317744435360794,-0.9549937672911887,0.37148580023480526,-0.7275510450827936,3.749575265577844,-1.5853082327505676,3.655853138116616,2.6016618921950605,0.8844374071212825,4.24007250583188,0.2278455251647565,-2.505512084517835,-1.4788123427016238,-3.333497906017993,-3.940496913760518,-0.5238387847845934,-0.049033476501696566,1.4934262222017467,4.346660137740915,0.24841020622152363,0.6680985660844792
1.0456515501175088,0.7186344299939443,1.3954318832590398,1.0385462650393182,0.4650732507520868,2.478329837587523,-0.48909126248561713,2.3810515818448748,-2.0424911797957908,0.8739377712510603,-2.3505652011026017,0.46812154007823825,-0.11689607285361527,-1.4680732583516414,-1.7839629722616666,-1.1317109997269295,-0.6496383091834717,-1.7282713666360519,-1.0304188085637447,0.05291148536805582,-0.29746570773169806,-0.26195927281043924,-1.3453533239907414,1.1264961032426055,0.6054357823676453,-1.00970116907725,0.06621526421250412,-0.13529830437917215,0.3151665891143511,0.9174101868578904,1.792048174793939,-0.2288048688592072,1.5601989707784125,-1.361374684023887,-0.6888458487651883,0.04294620646920308,-0.8349706136516143,-0.19773702479640126,-0.7110319305430359,2.194946775304868,-1.216760545507905,2.2398880342147427,1.1765249526257384,0.6996394323707505,2.3281111711972096,0.058744727391087576,-1.7877720759632905,-0.4777731885904644,-1.5574132707726303,-2.3490505199609295,-0.21316499093172311,0.09199257716121051,0.90374988128996,2.5898241070806853,0.16891326260541667,0.36351436036953916
2.543129606215374,1.3954318832590398,3.9111664957899603,2.879812003928826,1.0646733327061642,5.425428357220875,-1.8194997372398374,6.227231130620785,-2.8400124877494393,1.62095319721906,-6.537272890021015,0.6240080408889466,-1.0057774910985389,-3.2112459268647453,-4.305298331983072,-1.8055844994039396,-1.5223056008011733,-3.117341922523358,-1.8705756059589205,0.8807603464956697,0.8312680316376212,-2.411880839560144,-1.430601041593051,3.456416676413317,0.9591875753193642,-2.3629389600711983,0.20836911951182566,0.185349091368882,-0.965299702261815,2.0748334212257364,3.77002601069469,0.1826218516543704,3.4668195513678324,-4.4618279544857735,-2.0956587185019213,-1.0783673111143692,-1.0120913018299027,1.1611069764306121,-0.6609438304832125,5.564643253106572,-1.928746232204623,5.278920161773368,4.369797325828181,1.0453966809210138,6.518646365137051,0.447723443194917,-3.2467987417465336,-2.7642731953916018,-5.525642719893265,-5.785845226428524,-0.914687351640022,-0.2500575784041662,2.1730206357883772,6.3841090063879165,0.3341475888344268,1.0320297768525624
1.8794958229623395,1.0385462650393182,2.879812003928826,2.121035299263273,0.7882159184276893,4.022069058330006,-1.3315692991932686,4.593196412081713,-2.1426797303858875,1.2083318417642008,-4.814357112498623,0.4717780448297939,-0.7285074070261969,-2.3806571412302415,-3.1825057360033955,-1.3538109730499825,-1.1262923069206887,-2.3261780811954593,-1.3955486396047858,0.6354222774100189,0.5823448036791027,-1.7459122225074084,-1.0951300701853783,2.539661505096835,0.7194108656390041,-1.748186118128028,0.15302549110150213,0.1264603127258328,-0.6777663971408491,1.536538522126756,2.7982945364876777,0.11970966464024736,2.5687967397422087,-3.2737408517623368,-1.5401020171566997,-0.7725855498486314,-0.768964070569363,0.8242486504183824,-0.5105262224199254,4.107818715919456,-1.4465658637235665,3.9047748344933475,3.1984233519488328,0.7861042623610871,4.799851478092785,0.32461537783508065,-2.422134087185693,-2.009836716551721,-4.047870110172014,-4.2743896210742465,-0.6677889608048344,-0.17498785324712518,1.6064436334439502,4.7163978536691555,0.2484918415280312,0.7595770936349439
0.7456460526586849,0.4650732507520868,1.0646733327061642,0.7882159184276893,0.3227372573531295,1.6863001891029397,-0.43346135069977887,1.7566219601058217,-1.1701965892101205,0.555301301647454,-1.786562440199039,0.26460755981121636,-0.18047190584223424,-0.9985379503076055,-1.2676741578330413,-0.6795463854017688,-0.45553049870421386,-1.0862843293110482,-0.6492979983089205,0.13891316466910753,-0.002917854795211762,-0.4256213768561027,-0.71154646302406,0.8997311165715066,0.36265297048082706,-0.7075257117484683,0.053602165146974225,-0.02722343598496212,-0.008306884026991281,0.6331161668099897,1.1986958419914837,-0.06373806535849047,1.06843147702888,-1.1256227738418811,-0.5477696622837391,-0.12854898844486068,-0.45836895293311675,0.07994221133215734,-0.36329760372283915,1.5956762947828849,-0.7289683270108558,1.5745284116366864,1.0419758673610362,0.4106009592637365,1.7753884134898679,0.08291579111658659,-1.1266193501915054,-0.556243937133401,-1.344423553878185,-1.6848612086523076,-0.20529903078026518,0.0018751368048273494,0.6411017540712995,1.8583267051617136,0.11010967310770896,0.2790698089207026
3.867781836532502,2.478329837587523,5.425428357220875,4.022069058330006,1.6863001891029397,8.859899434855373,-2.1304449582481797,9.029813818187566,-6.46959944933817,2.975204739915986,-9.112982466245477,1.4690191398923764,-0.8004472763043353,-5.246984778499239,-6.5815333648227234,-3.703057816105216,-2.3735122430169953,-5.838642925916595,-3.4871866142647554,0.5794077200430091,-0.3071112187921701,-1.8743058536981771,-4.03690189755585,4.532375616120705,1.9775528837458791,-3.6874184674834076,0.2690389345433268,-0.23801174158952737,0.28227847263072153,3.31360104014999,6.328439897150284,-0.46925250034451965,5.603788708260931,-5.62266543780602,-2.7623601177252692,-0.4445022843787545,-2.5687657920350877,0.10620737518435706,-2.085048942898408,8.234241825616614,-3.9748863899151847,8.199029337164276,5.121278236462314,2.2531609064593545,9.04829605047669,0.3728105746952885,-6.051002929848165,-2.5846460934607363,-6.647244957827825,-8.725886310478252,-0.9906210808303303,0.09858754359714543,3.33007729668333,9.622988601654619,0.5856903139704799,1.4200598813976577
-1.0827655882064084,-0.48909126248561713,-1.8194997372398374,-1.3315692991932686,-0.43346135069977887,-2.1304449582481797,0.9627506037587832,-2.781393628365737,0.5752680207391822,-0.5398338972189624,3.0279235833014324,-0.11233227946009651,0.6430620641604681,1.2601613949797947,1.8229537326222243,0.48685976178124674,0.6307995805526295,1.0037217864723418,0.6069829453229508,-0.5991161568611355,-0.8171691448305574,1.5557641817903007,0.060585553368357775,-1.6852103004565127,-0.25552272762372397,0.9784925677534753,-0.10277419609298494,-0.23201795552301696,0.9269069992069395,-0.8369753165336151,-1.4299217281007874,-0.2980723544218182,-1.378585862683128,2.242713591950373,1.0175401180682575,0.8115847125000181,0.12736909509506095,-0.9837046514866793,-0.037060996161950965,-2.4366760592186676,0.5142571566321237,-2.1974187975792807,-2.3098830781400737,-0.24958934004377387,-3.030757453831506,-0.2814425884269481,1.0543757375005567,1.654580780696604,2.8704971470792784,2.485283569944222,0.5076085345367923,0.24777792334611068,-0.9177975656146837,-2.7434723786072546,-0.11949939610428575,-0.4836962056773453
4.148932165335009,2.3810515818448748,6.227231130620785,4.593196412081713,1.7566219601058217,9.029813818187566,-2.781393628365737,10.029822823178318,-5.264467351732124,2.7941430949032653,-10.421539162583981,1.1706483330093047,-1.4268004997131472,-5.345482692486914,-7.033643555594016,-3.226575569994355,-2.500641679519269,-5.407865538566003,-3.2402447429554897,1.2137667403922838,0.8948874613498966,-3.40820174195338,-2.8802368076048994,5.426220757919454,1.717095983810738,-3.8824287558351798,0.3258885216028601,0.14979390751684055,-1.0609784663440367,3.4313111851021354,6.325083773381071,0.07864228615857703,5.753042947052143,-6.937659836833,-3.294160604270667,-1.4083098321718355,-1.9533671669050714,1.4070372736376535,-1.3952881393300705,9.011054897048336,-3.452275873659991,8.662168748734107,6.681427566929555,1.9001861532444224,10.380510655161682,0.639969111552965,-5.623593382599488,-4.034290684539784,-8.499002325825618,-9.417505960884915,-1.374639273653274,-0.2673648809045502,3.552493359853792,10.389805451906774,0.5678534958816018,1.6397591777761347
-2.4915391612547984,-2.0424911797957908,-2.8400124877494393,-2.1426797303858875,-1.1701965892101205,-6.46959944933817,0.5752680207391822,-5.264467351732124,6.8620884510221165,-2.5555751180885493,4.831612412253022,-1.5976150363207997,-0.39831660014040177,3.834937377597681,4.281852243433942,3.585113846706632,1.601709410660176,5.136529730846389,3.051002819188747,0.5789923707311915,2.1667861876946946,-1.040176946531526,4.93280932390822,-2.0121341326186353,-1.9240515430901333,2.4928828385571076,-0.11331872720906959,0.805097978251743,-2.375181579260774,-2.3330258281837066,-4.8220910943911806,1.2380012184844245,-4.025285741722653,2.164828180542518,1.2471696275885298,-1.2116104598559754,2.944586755941223,2.0109017915557947,2.6958865015920894,-5.017636587517283,3.8659319046362666,-5.495553695821647,-1.3885722870788682,-2.2825366652664427,-4.74443967469261,0.1459874139728056,5.292998808127521,-0.3636014962649324,2.0813145273736624,5.529309980505796,0.13651038875822674,-0.6631674526943268,-2.1768124685959735,-6.090507192494215,-0.47455639112860126,-0.7279851292116534
1.239214950185967,0.8739377712510603,1.62095319721906,1.2083318417642008,0.555301301647454,2.975204739915986,-0.5398338972189624,2.7941430949032653,-2.5555751180885493,1.0677311186981817,-2.7336532784341165,0.5873490072005829,-0.09268923358568093,-1.7626067302765234,-2.116211331037241,-1.4014162346381545,-0.7734625043840353,-2.117094433392754,-1.2614160706005064,0.015038059344981711,-0.4511566623281265,-0.19784491006825417,-1.7112919945276732,1.2895599470276564,0.7500924983696271,-1.2024970524281064,0.07543763268448613,-0.19306248772772713,0.4834203053029221,1.0972477672630871,2.1611683045119774,-0.3179733680525183,1.8698848099141943,-1.5404196619717951,-0.7896874485417341,0.12596192612720158,-1.0541003837495846,-0.3384979012850191,-0.910374861043176,2.586839650300532,-1.5074277116163297,2.665264596884961,1.2985342438993652,0.8708046341662351,2.7047807690858434,0.05026356654625307,-2.188674236329534,-0.46470114560465964,-1.7354648596107956,-2.7793174330574315,-0.22753866177760393,0.13900328718766428,1.0726137203655468,3.0637009958798886,0.2050951165765886,0.42155030179937664
-4.262082092149619,-2.3505652011026017,-6.537272890021015,-4.814357112498623,-1.786562440199039,-9.112982466245477,3.0279235833014324,-10.421539162583981,4.831612412253022,-2.7336532784341165,10.928191797065715,-1.063211930684167,1.6612422748865552,5.393962928940627,7.21652331996478,3.0579769167883155,2.5532690552026764,5.261150622854687,3.1564608796964215,-1.4506341017588018,-1.3405491981282123,3.982066186637128,2.4598102110896387,-5.768427060879056,-1.6248688228268495,3.9632219627346537,-0.34762370587252517,-0.29327644167715766,1.5592345221844073,-3.4824848073585932,-6.338135527996658,-0.28103555314496176,-5.821149511891348,7.438702668584635,3.49793854266343,1.7672397119640522,1.7306380342412802,-1.890354655625964,1.1438687834107113,-9.318266107531404,3.267278926955089,-8.85273626745995,-7.2724320808929885,-1.7741920128256436,-10.895716721228851,-0.7400502317247316,5.478617396233153,4.578432036746467,9.20174836770916,9.694095053696417,1.5195303361941725,0.4029986800868182,-3.6426431863704267,-10.69641048744262,-0.5625969067440774,-1.724532685821199
0.5595555463785213,0.46812154007823825,0.6240080408889466,0.4717780448297939,0.26460755981121636,1.4690191398923764,-0.11233227946009651,1.1706483330093047,-1.5976150363207997,0.5873490072005829,-1.063211930684167,0.37255634349973266,0.10859998985393951,-0.8708098394765788,-0.9625304546196017,-0.8302160781365715,-0.36129155684138947,-1.1824294784030969,-0.7021218219327736,-0.1500887869971494,-0.5279509520677306,0.28080174960589604,-1.1567357710734991,0.43282123015364077,0.44574003132709716,-0.5623237263023723,0.024182917770651652,-0.1944416582953299,0.579452977263906,0.5280337487800507,1.0985466770397387,-0.2977428962551151,0.912650885444622,-0.4555306318850822,-0.26892525354308067,0.3035634841038826,-0.6884239199209468,-0.4953176317217055,-0.633894884903502,1.1208699897854641,-0.8955566511779061,1.238637301213666,0.27177770472941304,0.5300481285383761,1.042661940842722,-0.040866235619127854,-1.2179003808485607,0.12437886835708696,-0.42117543237883043,-1.2397647579877151,-0.020103951503957013,0.1616184595006774,0.48954310581508736,1.3655813802863894,0.10859456898951145,0.159446162148171
-0.5023946125727652,-0.11689607285361527,-1.0057774910985389,-0.7285074070261969,-0.18047190584223424,-0.8004472763043353,0.6430620641604681,-1.4268004997131472,-0.39831660014040177,-0.09268923358568093,1.6612422748865552,0.10859998985393951,0.5241694823592944,0.4724180528622791,0.8355739589017931,-0.07056752907731759,0.27491905441029524,0.1261074973858622,0.08309558486548638,-0.5130184642414204,-0.8652466396941525,1.2766681920354752,-0.547883846976768,-1.0059058332813242,0.04203204616930275,0.4249164687991571,-0.06255225652188624,-0.26876495019398405,0.9716832687496866,-0.33911806952904083,-0.4792973311796732,-0.36918612593965416,-0.5368540937116376,1.4001835247730126,0.6034928145899341,0.7463609009401775,-0.2592923418141791,-0.969667438837562,-0.3509973138518091,-1.2013716365762181,-0.08380078759373649,-0.966630562049013,-1.543488400236713,0.08940251152069485,-1.6737280214369896,-0.22594037671812234,0.14464092910338783,1.2682203472318319,1.875110595219281,1.1755464115101013,0.35924938706212267,0.26283325994086515,-0.41798760210606056,-1.2998388059820551,-0.03134603685078931,-0.2702719459165595
-2.2900368424987416,-1.4680732583516414,-3.2112459268647453,-2.3806571412302415,-0.9985379503076055,-5.246984778499239,1.2601613949797947,-5.345482692486914,3.834937377597681,-1.7626067302765234,5.393962928940627,-0.8708098394765788,0.4724180528622791,3.107379581344969,3.896852144061397,2.1945188378971237,1.405403761872226,3.4591992459526835,2.065989857270417,-0.3415271976063354,0.18504414171795278,1.1060790313401005,2.393995666623222,-2.6820598880752557,-1.1719412925244583,2.1834457135736898,-0.15919181592970164,0.14201402684293354,-0.17070945491194528,-1.962278157395966,-3.7481847414094798,0.2793290231519928,-3.318608143142066,3.3267199464588066,1.634675246986981,0.26073855524354095,1.5229937381519196,-0.05951259062576279,1.2366984617632244,-4.874865741554814,2.3556192184483598,-4.854861444242952,-3.029075717062857,-1.3354139679969015,-5.3555858890298795,-0.22009887646548307,3.5850070804208958,1.5270696680053977,3.932138796827687,5.166311618804647,0.5857335165809996,-0.059315661151564794,-1.971723766820688,-5.697384393791827,-0.34695711709655586,-0.8405396881367527
-2.9547285891731883,-1.7839629722616666,-4.305298331983072,-3.1825057360033955,-1.2676741578330413,-6.5815333648227234,1.8229537326222243,-7.033643555594016,4.281852243433942,-2.116211331037241,7.21652331996478,-0.9625304546196017,0.8355739589017931,3.896852144061397,5.017650322849159,2.5348081936104503,1.7954128839382446,4.123203543976915,2.466755884449832,-0.6761166996215544,-0.2480649740179867,1.9828861470243804,2.512135695034208,-3.684956837140906,-1.3513510666200028,2.78815325468976,-0.2202821507680173,0.022032843102970417,0.32211975470521353,-2.4827417029253236,-4.651780914062617,0.12906453078511895,-4.179118329438642,4.652622118571526,2.240775227388839,0.7068482491066309,1.6461471083159844,-0.5909595269099398,1.2611944130689796,-6.3607998049232854,2.7166203637011037,-6.211137570223451,-4.3807377828349985,-1.5175129115520893,-7.1782243145750115,-0.3794602077210929,4.280635186395342,2.4718591458700767,5.617665473548197,6.688598293609266,0.879753200945702,0.07173613105631924,-2.536225421763054,-7.378005450931026,-0.42359275073001423,-1.1306676717042707
-1.479501143674443,-1.1317109997269295,-1.8055844994039396,-1.3538109730499825,-0.6795463854017688,-3.703057816105216,0.48685976178124674,-3.226575569994355,3.585113846706632,-1.4014162346381545,3.0579769167883155,-0.8302160781365715,-0.07056752907731759,2.1945188378971237,2.5348081936104503,1.9111250806503552,0.937717837951266,2.8002021900257783,1.6653831329206823,0.17068253177206555,0.9288189352063966,-0.20914394004123596,2.505446098853345,-1.359812632339249,-1.0244309657964539,1.458997405252399,-0.07814928889701843,0.35979985202732406,-1.0118869529616208,-1.349518730226803,-2.728061272776836,0.5649517848341652,-2.314962816673148,1.5504688591367655,0.8373479463059452,-0.44721704335933626,1.5140508509977768,0.8161032234393811,1.3548534885501085,-3.0316080179447567,2.0585182982210517,-3.224568540829374,-1.1716692647133073,-1.204380954307147,-3.0145387082849386,0.016540010359419124,2.889669198856496,0.15305428748942446,1.6359371094978274,3.3002474945404527,0.17232896166634856,-0.28463844911134156,-1.286891328458536,-3.636182828006275,-0.2641995526081678,-0.4664960216883023
-1.0565852871394126,-0.6496383091834717,-1.5223056008011733,-1.1262923069206887,-0.45553049870421386,-2.3735122430169953,0.6307995805526295,-2.500641679519269,1.601709410660176,-0.7734625043840353,2.5532690552026764,-0.36129155684138947,0.27491905441029524,1.405403761872226,1.7954128839382446,0.937717837951266,0.6440059070089867,1.510416162167346,0.9032064480027392,-0.21679895130245833,-0.037133452219878946,0.6501523697138293,0.9593270765190666,-1.2939009510569606,-0.500221944577935,1.000059535652452,-0.07721400431703858,0.0248655637729711,0.057777898263435434,-0.8928982494637471,-1.682896876607889,0.07072030854724423,-1.505188452364718,1.6254889248160176,0.7873158005890956,0.21350739585070522,0.6224535164916636,-0.15679796868440524,0.4864987461983253,-2.2670390040074766,1.0055575108211787,-2.226578067805766,-1.5164917416485264,-0.5644069493335693,-2.538358625339925,-0.12558969378024848,1.5671745618147692,0.8306374856172782,1.9511299940679412,2.389251029772242,0.3014022096822117,0.009858187672588043,-0.9077348271156913,-2.635505775851505,-0.15398324719109277,-0.39929656130219254
-2.4129775673552527,-1.7282713666360519,-3.117341922523358,-2.3261780811954593,-1.0862843293110482,-5.838642925916595,1.0037217864723418,-5.407865538566003,5.136529730846389,-2.117094433392754,5.261150622854687,-1.1824294784030969,0.1261074973858622,3.4591992459526835,4.123203543976915,2.8002021900257783,1.510416162167346,4.204230153406179,2.504101851806342,0.02737420783122507,0.9956543404211259,0.2515133080258093,3.4709832019803657,-2.457019803080313,-1.499260784080893,2.3484841266188985,-0.14333646264729782,0.4147077279953187,-1.0718131325828453,-2.1483594075054757,-4.252554403684539,0.6748342767597687,-3.665741183243897,2.9127820811055423,1.5060003786054046,-0.33438857634800107,2.1292860024790965,0.7828272498816291,1.8531595170314414,-5.020024252488492,3.012937293932131,-5.202504889802811,-2.414827775596034,-1.7450690311994979,-5.2022165790516395,-0.07489285938722935,4.344776240400242,0.7841536240830014,3.248340831774767,5.406420175721716,0.41320697729348627,-0.3063386413837883,-2.09047066087064,-5.959173319811903,-0.4051428732913249,-0.8097265604059196
-1.4437636418593236,-1.0304188085637447,-1.8705756059589205,-1.3955486396047858,-0.6492979983089205,-3.4871866142647554,0.6069829453229508,-3.2402447429554897,3.051002819188747,-1.2614160706005064,3.1564608796964215,-0.7021218219327736,0.08309558486548638,2.065989857270417,2.466755884449832,1.6653831329206823,0.9032064480027392,2.504101851806342,1.4916611990618496,0.008512047766873634,0.5794140651886056,0.16909363410178652,2.057390752184496,-1.4776100014203741,-0.8916323051265658,1.404167016745846,-0.08628237566487454,0.24264578629871794,-0.6230791378610631,-1.283692077339618,-2.53820348022572,0.3960764956012932,-2.1897897024257866,1.7548238645615188,0.9054808447876994,-0.1876647609126601,1.2633558308637938,0.4511981871097035,1.0976598421478485,-3.0060166444772953,1.7918504838047074,-3.1109921321335596,-1.4607393468817154,-1.037229502630574,-3.1215583776055698,-0.04801987931902145,2.58797429254885,0.48586981019286407,1.9617915066544573,3.2354966153825653,0.2513384084722985,-0.17839530589708905,-1.2505164059859013,-3.5665193921133005,-0.24156040285237104,-0.4859160229263819
0.4089613559833177,0.05291148536805582,0.8807603464956697,0.6354222774100189,0.13891316466910753,0.5794077200430091,-0.5991161568611355,1.2137667403922838,0.5789923707311915,0.015038059344981711,-1.4506341017588018,-0.1500887869971494,-0.5130184642414204,-0.3415271976063354,-0.6761166996215544,0.17068253177206555,-0.21679895130245833,0.02737420783122507,0.008512047766873634,0.5077288607454526,0.8905213897677837,-1.2518120611816166,0.6664316795019298,0.90468837710625,-0.09565116971988198,-0.3348097605973706,0.056575207007717294,0.2802969871751751,-0.9983282031021354,0.25743991994073734,0.3197665776904154,0.3891126971839556,0.397876915607216,-1.2776875228120386,-0.5416046422075138,-0.7492214740425596,0.33309615007387405,0.986040732485476,0.41374066276630767,1.005042709895186,0.1915523556562579,0.7667313427658967,1.437037625542408,-0.1513433189751188,1.465136830109878,0.2204073657198228,0.014037696496465057,-1.2244134063527887,-1.734562232423503,-0.9657628138567855,-0.33993854594703893,-0.27079934116885407,0.33727303234273404,1.068272444855128,0.01637303128676931,0.23787419748385852
0.16832111907847033,-0.29746570773169806,0.8312680316376212,0.5823448036791027,-0.002917854795211762,-0.3071112187921701,-0.8171691448305574,0.8948874613498966,2.1667861876946946,-0.4511566623281265,-1.3405491981282123,-0.5279509520677306,-0.8652466396941525,0.18504414171795278,-0.2480649740179867,0.9288189352063966,-0.037133452219878946,0.9956543404211259,0.5794140651886056,0.8905213897677837,1.7757335231924396,-2.1238357315638376,1.943540182521949,1.0218888334724516,-0.5046829475120529,-0.05369030083002261,0.06621236591137677,0.5818152454065352,-1.9806926707096577,-0.03605504439000621,-0.40188904418279986,0.8298944187011486,-0.13354132606136657,-1.5688157107661491,-0.6038801170695152,-1.3804630898322188,1.0602840461080931,1.894047980578533,1.1384906313643046,0.6188305823041002,1.0130941838853638,0.16249771263951865,1.9587619674214816,-0.6571099852281184,1.3790848543553043,0.3670799824714478,1.0041965944625975,-1.955889716750482,-2.2890001731337457,-0.4631616021003066,-0.49896247040650094,-0.540673797556082,0.1161599678228858,0.5172398678314298,-0.06284909333409057,0.23164856737588885
-1.1932123683828872,-0.26195927281043924,-2.411880839560144,-1.7459122225074084,-0.4256213768561027,-1.8743058536981771,1.5557641817903007,-3.40820174195338,-1.040176946531526,-0.19784491006825417,3.982066186637128,0.28080174960589604,1.2766681920354752,1.1060790313401005,1.9828861470243804,-0.20914394004123596,0.6501523697138293,0.2515133080258093,0.16909363410178652,-1.2518120611816166,-2.1238357315638376,3.1108300711293935,-1.3825223049241717,-2.420902384442223,0.12243963093371653,1.005203614074583,-0.15060031363945114,-0.6608468501160478,2.384317758653318,-0.7988074487816275,-1.11249043796723,-0.90971623802409185,-1.2608586532178927,3.3766769795416085,1.4520002398117664,1.8250528978016198,-0.6609752500190187,-2.375856922316986,-0.8811486154976647,-2.8633651877250625,-0.24446633577648622,-2.288524406702984,-3.732568147659004,0.24135113484647044,-4.013398429146785,-0.5500830177193154,0.29499151575500443,3.0834221812314415,4.530545218078905,2.7955586632409726,0.8709235750515965,0.6454577823141466,-0.99171179699623635,-3.0908327267485496,-0.07115917337753862,-0.6488159885017404
-1.453360835197501,-1.3453533239907414,-1.430601041593051,-1.0951300701853783,-0.71154646302406,-4.03690189755585,0.060585553368357775,-2.8802368076048994,4.93280932390822,-1.7112919945276732,2.4598102110896387,-1.1567357710734991,-0.547883846976768,2.393995666623222,2.512135695034208,2.505446098853345,0.9593270765190666,3.4709832019803657,2.057390752184496,0.6664316795019298,1.943540182521949,-1.3825223049241717,3.682529516721173,-0.8604817186679511,-1.3467773042746334,1.4947453480795874,-0.0453525588600077,0.6946821128440844,-2.1426373940754533,-1.429481881497155,-3.0701621927490015,1.0451025125759494,-2.4914970817513944,0.7598591649576069,0.543786710548014,-1.223804297008321,2.162852383089187,1.8906991385544927,2.0394269474924314,-2.827901864244533,2.7056607068476732,-3.2795240250295907,-0.15051484296484424,-1.6183251699898908,-2.393299585314654,0.2184443823433684,3.569052503001434,-0.9122122261891716,0.4544465614073676,3.1937538141813673,-0.0934782430706081,-0.5937776613722954,-1.2807216759706614,-3.5152118969096553,-0.31041397875469606,-0.3602481881759504
2.180604710083725,1.1264961032426055,3.456416676413317,2.539661505096835,0.8997311165715066,4.532375616120705,-1.6852103004565127,5.426220757919454,-2.0121341326186353,1.2895599470276564,-5.768427060879056,0.43282123015364077,-1.0059058332813242,-2.6820598880752557,-3.684956837140906,-1.359812632339249,-1.2939009510569606,-2.457019803080313,-1.4776100014203741,0.90468837710625,1.0218888334724516,-2.420902384442223,-0.8604817186679511,3.10616603281069,0.7203705521044934,-2.0076361259608375,0.18808381597221993,0.2612776625422521,-1.1720501348481474,1.7478678117717805,3.1155553741052953,0.3034743593676324,2.90736404793581,-4.054529697748568,-1.8804798222444081,-1.1598019681451717,-0.6653218039993841,1.3220051353633409,-0.3543785123090009,4.816396492263097,-1.4488367553609875,4.492799201221781,4.046807503273168,0.7658953721892732,5.75958975778362,0.4445295638399445,-2.5649223480833423,-2.688652148485403,-5.0834319679589495,-4.975414928662976,-0.8630402749545517,-0.3085206118950233,1.8582753390503173,5.4910741369541585,0.2712381858266535,0.9141940225316593
0.7885973674909516,0.6054357823676453,0.9591875753193642,0.7194108656390041,0.36265297048082706,1.9775528837458791,-0.25552272762372397,1.717095983810738,-1.9240515430901333,0.7500924983696271,-1.6248688228268495,0.44574003132709716,0.04203204616930275,-1.1719412925244583,-1.3513510666200028,-1.0244309657964539,-0.500221944577935,-1.499260784080893,-0.8916323051265658,-0.09565116971988198,-0.5046829475120529,0.12243963093371653,-1.3467773042746334,0.7203705521044934,0.549200394484575,-0.7782428187240544,0.04137383157501178,-0.1949153845731101,0.5500219846913413,0.7202265626813782,1.4576986033800277,-0.3057339063636926,1.2358903374270753,-0.81928505631644,-0.44373017733017245,0.2456733129043801,-0.8133318247799446,-0.44515528841226265,-0.7287886694130143,1.6145314422137222,-1.103566339289099,1.7197630729611764,0.6152420854849514,0.6459944091468957,1.601472362863717,-0.010686144648783685,-1.5469938524554423,-0.07160279749289768,-0.8612372829328575,-1.7585997128252207,-0.08938710494358794,0.15469314925357117,0.6860952480766896,1.9376680796932573,0.14127794274298364,0.24766344932096288
-1.6408514881279923,-1.00970116907725,-2.3629389600711983,-1.748186118128028,-0.7075257117484683,-3.6874184674834076,0.9784925677534753,-3.8824287558351798,2.4928828385571076,-1.2024970524281064,3.9632219627346537,-0.5623237263023723,0.4249164687991571,2.1834457135736898,2.78815325468976,1.458997405252399,1.000059535652452,2.3484841266188985,1.404167016745846,-0.3348097605973706,-0.05369030083002261,1.005203614074583,1.4947453480795874,-2.0076361259608375,-0.7782428187240544,1.553401153886376,-0.11972617601689986,0.04015897135325369,0.08516296811239119,-1.3873060344413655,-2.6151582513759033,0.11158295373261605,-2.338621148444911,2.5215763635807726,1.2216625531628766,0.328563989636263,0.9692183029745339,-0.2394104552582911,0.7580760515358687,-3.520087178300944,1.5644016875116156,-3.458412578145363,-2.351133057440145,-0.8782220031504896,-3.9400404044582316,-0.19423494643045025,2.4367884855273227,1.2861878821290749,3.0256969995336624,3.7105388542943754,0.4671902281166184,0.014287449701005895,-1.4098132031870134,-4.0925213695622755,-0.23942850571212704,-0.6200184152342948
0.13037805200770608,0.06621526421250412,0.20836911951182566,0.15302549110150213,0.053602165146974225,0.2690389345433268,-0.10277419609298494,0.3258885216028601,-0.11331872720906959,0.07543763268448613,-0.34762370587252517,0.024182917770651652,-0.06255225652188624,-0.15919181592970164,-0.2202821507680173,-0.07814928889701843,-0.07721400431703858,-0.14333646264729782,-0.08628237566487454,0.056575207007717294,0.06621236591137677,-0.15060031363945114,-0.0453525588600077,0.18808381597221993,0.04137383157501178,-0.11972617601689986,0.011428005730039712,0.017349825605493228,-0.07581046757043483,0.10396824308500068,0.1843295470337381,0.02056399934997506,0.1727333407921232,-0.24620568606987442,-0.11381813216009808,-0.07325939362197433,-0.03643423571208633,0.08446421955645321,-0.017687412643183784,0.28875090315297647,-0.08323610362399207,0.268069892769153,0.24696468772375896,0.04362545831909894,0.347200597484805,0.027580874335380704,-0.14972252962126628,-0.16600513923564356,-0.3096845941882007,-0.29773013413750876,-0.05288519201912191,-0.019999122937090254,0.11102815304952866,0.32865056704604995,0.015947986262029812,0.05512120252438952
-0.005674527377286401,-0.13529830437917215,0.185349091368882,0.1264603127258328,-0.02722343598496212,-0.23801174158952737,-0.23201795552301696,0.14979390751684055,0.805097978251743,-0.19306248772772713,-0.29327644167715766,-0.1944416582953299,-0.26876495019398405,0.14201402684293354,0.022032843102970417,0.35979985202732406,0.0248655637729711,0.4147077279953187,0.24264578629871794,0.2802969871751751,0.5818152454065352,-0.6608468501160478,0.6946821128440844,0.2612776625422521,-0.1949153845731101,0.04015897135325369,0.017349825605493228,0.19289982037969794,-0.6480974248597423,-0.0635777067060948,-0.22945915462397803,0.2769184319149206,-0.1310065985885432,-0.4219267138371357,-0.15308397620272599,-0.44163438260264337,0.38460171082223554,0.6137519948147341,0.40239985815729723,0.07255821982880614,0.39134136902000227,-0.07526317713262307,0.556610871367684,-0.24871596647894004,0.3067781142650618,0.11347574738460497,0.42087607986837267,-0.5950371582344718,-0.640003406598494,-0.014155767790388053,-0.14659806714877807,-0.17712478425143055,-0.014260518542059423,0.01795102691343803,-0.029625001723158174,0.05294001209440309
-0.21440248033930348,0.3151665891143511,-0.965299702261815,-0.6777663971408491,-0.008306884026991281,0.28227847263072153,0.9269069992069395,-1.0609784663440367,-2.375181579260774,0.4834203053029221,1.5592345221844073,0.579452977263906,0.9716832687496866,-0.17070945491194528,0.32211975470521353,-1.0118869529616208,0.057777898263435434,-1.0718131325828453,-0.6230791378610631,-0.9983282031021354,-1.9806926707096577,2.384317758653318,-2.1426373940754533,-1.1720501348481474,0.5500219846913413,0.08516296811239119,-0.07581046757043483,-0.6480974248597423,2.209803203955168,0.01766064643838663,0.40550942810073476,-0.9234276949283505,0.11084022772781081,1.7901846528102177,0.6931958145460841,1.5444980676914049,-1.1663478517100967,-2.115642237580249,-1.256948788850973,-0.7473713479194882,-1.1040374251743668,-0.237510086761666,-2.2222628711604866,0.7183412366918831,-1.6017733050372924,-0.4124442352443193,-1.0799250452293963,2.201568011005018,2.6014134623583316,0.5768263899880967,0.5638978460053631,0.6030057753170842,-0.15248148149453486,-0.6434613563742131,0.06618881751931273,-0.26830601614532357
1.460099048265465,0.9174101868578904,2.0748334212257364,1.536538522126756,0.6331161668099897,3.31360104014999,-0.8369753165336151,3.4313111851021354,-2.3330258281837066,1.0972477672630871,-3.4824848073585932,0.5280337487800507,-0.33911806952904083,-1.962278157395966,-2.4827417029253236,-1.349518730226803,-0.8928982494637471,-2.1483594075054757,-1.283692077339618,0.25743991994073734,-0.03605504439000621,-0.7988074487816275,-1.429481881497155,1.7478678117717805,0.7202265626813782,-1.3873060344413655,0.10396824308500068,-0.0635777067060948,0.01766064643838663,1.2430608773596958,2.358895891624027,-0.13905433209562001,2.0988083047802726,-2.181848217556556,-1.0644281995629032,-0.22860338427166996,-0.9173327839350441,0.12456813022894923,-0.732084843034293,3.120091366497108,-1.4477166992032926,3.086621532305448,2.0107472989998563,0.816884787748735,3.459962860494483,0.15637169398967457,-2.2278527403576365,-1.0583090253706502,-2.598740376985759,-3.2980178808898186,-0.3944104054000194,0.012704370383092793,1.2558685976821995,3.637013023903067,0.2172285725799178,0.5439231270532099
2.731451489502319,1.792048174793939,3.77002601069469,2.7982945364876777,1.1986958419914837,6.328439897150284,-1.4299217281007874,6.325083773381071,-4.8220910943911806,2.1611683045119774,-6.338135527996658,1.0985466770397387,-0.4792973311796732,-3.7481847414094798,-4.651780914062617,-2.728061272776836,-1.682896876607889,-4.252554403684539,-2.53820348022572,0.3197665776904154,-0.40188904418279986,-1.11249043796723,-3.0701621927490015,3.1155553741052953,1.4576986033800277,-2.6151582513759033,0.1843295470337381,-0.22945915462397803,0.40550942810073476,2.358895891624027,4.539329553098939,-0.41921095336655334,3.9966229112337017,-3.8339484519953757,-1.9007976675519562,-0.17316365539272802,-1.9352243378157898,-0.12030563059507986,-1.5994782345156255,5.7881142060192365,-2.9298487887746267,5.8104033909635415,3.4370982543751345,1.669315187342437,6.288217678696421,0.2269743383974165,-4.404480886817308,-1.6349041872908487,-4.487599135579242,-6.153813986059836,-0.6525241659066252,0.12583579359041358,2.354710791730833,6.785529029134108,0.42281995795887267,0.9855061598555457
-0.06543857614339928,-0.2288048688592072,0.1826218516543704,0.11970966464024736,-0.06373806535849047,-0.46925250034451965,-0.2980723544218182,0.07864228615857703,1.2380012184844245,-0.3179733680525183,-0.28103555314496176,-0.2977428962551151,-0.36918612593965416,0.2793290231519928,0.12906453078511895,0.5649517848341652,0.07072030854724423,0.6748342767597687,0.3960764956012932,0.3891126971839556,0.8298944187011486,-0.90971623802409185,1.0451025125759494,0.3034743593676324,-0.3057339063636926,0.11158295373261605,0.02056399934997506,0.2769184319149206,-0.9234276949283505,-0.13905433209562001,-0.41921095336655334,0.39996394391259804,-0.26868015037589127,-0.5153099681039467,-0.17622840064344494,-0.6199111813978377,0.5837723484225888,0.8692051635026727,0.6019645561681707,-0.019231568341661127,0.613902605758601,-0.22821762209583094,0.7134993848313154,-0.38620615406159026,0.30120486188681334,0.155407138844968,0.686553653106053,-0.8061472650180136,-0.8093797825070667,0.10906354053368487,-0.19341624505713112,-0.2529609348872887,-0.06958515986580359,-0.11746230843608627,-0.050589234653236795,0.05439671478943568
2.456780321028324,1.5601989707784125,3.4668195513678324,2.5687967397422087,1.06843147702888,5.603788708260931,-1.378585862683128,5.753042947052143,-4.025285741722653,1.8698848099141943,-5.821149511891348,0.912650885444622,-0.5368540937116376,-3.318608143142066,-4.179118329438642,-2.314962816673148,-1.505188452364718,-3.665741183243897,-2.1897897024257866,0.397876915607216,-0.13354132606136657,-1.2608586532178927,-2.4914970817513944,2.90736404793581,1.2358903374270753,-2.338621148444911,0.1727333407921232,-0.1310065985885432,0.11084022772781081,2.0988083047802726,3.9966229112337017,-0.26868015037589127,3.546740332283196,-3.617183404464492,-1.7713095878556908,-0.3291909620142849,-1.591285001257532,0.13257332976305025,-1.28196654597984,5.239307717685345,-2.4841947730220943,5.201433695326283,3.312637967183099,1.4052452877783992,5.781526349834399,0.248845073161458,-3.800158151804729,-1.7054699250303444,-4.29116976404982,-5.545753441250229,-0.6450305671319716,0.04368436544324632,2.1142947740647933,6.11573385057341,0.3690801178136651,0.9081434513661902
-2.7567668687326856,-1.361374684023887,-4.4618279544857735,-3.2737408517623368,-1.1256227738418811,-5.62266543780602,2.242713591950373,-6.937659836833,2.164828180542518,-1.5404196619717951,7.438702668584635,-0.4555306318850822,1.4001835247730126,3.3267199464588066,4.652622118571526,1.5504688591367655,1.6254889248160176,2.9127820811055423,1.7548238645615188,-1.2776875228120386,-1.5688157107661491,3.3766769795416085,0.7598591649576069,-4.054529697748568,-0.81928505631644,2.5215763635807726,-0.24620568606987442,-0.4219267138371357,1.7901846528102177,-2.181848217556556,-3.8339484519953757,-0.5153099681039467,-3.617183404464492,5.330812026762936,2.452205522988143,1.6769278570931894,0.6596770437394734,-1.9637852005830851,0.25770925649966914,-6.129291058829602,1.6480929937030742,-5.649841107591099,-5.384719197609915,-0.851381034881393,-7.43395079234392,-0.6162779298797046,3.046477700961748,3.6844597735889413,6.736123191791115,6.302989580120726,1.16165183941806,0.4744434271227601,-2.3448211067613682,-6.957127945180187,-0.32924700706430426,-1.1821078298478536
-1.3257727066749136,-0.6888458487651883,-2.0956587185019213,-1.5401020171566997,-0.5477696622837391,-2.7623601177252692,1.0175401180682575,-3.294160604270667,1.2471696275885298,-0.7896874485417341,3.49793854266343,-0.26892525354308067,0.6034928145899341,1.634675246986981,2.240775227388839,0.8373479463059452,0.7873158005890956,1.5060003786054046,0.9054808447876994,-0.5416046422075138,-0.6038801170695152,1.4520002398117664,0.543786710548014,-1.8804798222444081,-0.44373017733017245,1.2216625531628766,-0.11381813216009808,-0.15308397620272599,0.6931958145460841,-1.0644281995629032,-1.9007976675519562,-0.17622840064344494,-1.7713095878556908,2.452205522988143,1.1386067174970382,0.6918971567646,0.41591631572225896,-0.7853708143532633,0.2274160099933162,-2.9257783862895628,0.8924236551585771,-2.7334472764061295,-2.44351089661081,-0.47299863055822366,-3.492153115390319,-0.26685935263785304,1.571769833339733,1.6167119537129822,3.071190252856952,3.0241683567117126,0.5202893148636446,0.18226346761410164,-1.1300910673783173,-3.3375368877002685,-0.16577607493955976,-0.5541579365472936
-0.43317744435360794,0.04294620646920308,-1.0783673111143692,-0.7725855498486314,-0.12854898844486068,-0.4445022843787545,0.8115847125000181,-1.4083098321718355,-1.2116104598559754,0.12596192612720158,1.7672397119640522,0.3035634841038826,0.7463609009401775,0.26073855524354095,0.7068482491066309,-0.44721704335933626,0.21350739585070522,-0.33438857634800107,-0.1876647609126601,-0.7492214740425596,-1.3804630898322188,1.8250528978016198,-1.223804297008321,-1.1598019681451717,0.2456733129043801,0.328563989636263,-0.07325939362197433,-0.44163438260264337,1.5444980676914049,-0.22860338427166996,-0.17316365539272802,-0.6199111813978377,-0.3291909620142849,1.6769278570931894,0.6918971567646,1.126243189094908,-0.639204854189636,-1.506173157343642,-0.7386253367958894,-1.128282103348832,-0.4927522769429397,-0.7646464448859694,-1.9464116288702054,0.3448659486148771,-1.7926955183881141,-0.3192131057359086,-0.32467252976870653,1.7473484728172048,2.3259772841951905,1.043360841846854,0.47145467357661497,0.41997854999700274,-0.3502483432750877,-1.155671189852902,0.004264645749976629,-0.2934111465399811
