V1,V2,V3,V4,V5,V6,V7,V8,V9,V10,V11,V12,V13,V14,V15,V16,V17,V18,V19,V20,V21,V22,V23,V24,V25,V26,V27,V28,V29,V30,V31,V32,V33,V34,V35,V36,V37,V38,V39,V40,V41,V42,V43,V44,V45,V46,V47,V48,V49,V50,V51,V52,V53,V54,V55,V56
1480.8080923761684,979.5374914038473,2032.1010606681627,1509.0145268166864,651.3727935584884,3444.533435388248,-760.8590348225769,3419.1205987952294,-2662.4795901304115,1183.0845120827814,-3417.4833234322814,607.2465381265857,-243.49551883856591,-2040.1683823527967,-2522.6678529202504,-1500.4125700139475,-913.6885690498482,-2330.0842178178327,-1390.4775782520085,156.28233750350802,-253.1538478727602,-562.8461045692989,-1706.1887513525185,1672.7780922143086,801.9038596014167,-1419.861108248319,98.86540559636649,-136.04300222465838,259.114997234856,1282.351930484313,2474.2484078633915,-244.05573460900604,2174.1065205217315,-2052.3782990517016,-1020.9463205064336,-67.04264756477127,-1072.2686033221746,-102.48652055286648,-891.3876642170649,3132.8004400500604,-1611.7340436454308,3153.82008315361,1829.1568469491071,919.8720706454632,3389.5936969043923,116.13820291900383,-2412.774705115597,-849.9396227503811,-2393.43781350498,-3334.507233760176,-344.7509321065798,78.99368798413292,1277.1305793013778,3676.7420835769844,230.9530384261955,530.8813519140946
979.5374914038473,648.0399522989733,1344.105252106076,998.1160961097568,430.89750271606727,2278.6612667496884,-503.16446775876517,2261.6151239900646,-1761.679077359374,782.7123020738966,-2260.461573535244,401.8074700669383,-160.91072622599896,-1349.6321902502189,-1668.7390016786308,-992.7165941097444,-604.4113666491277,-1541.5751293434844,-919.9314631597819,103.20922666635487,-167.807533092215,-371.92781125742613,-1129.0366165755668,1106.3704478664615,530.5699783306543,-939.2507535912162,65.39078266969754,-90.10731549788008,171.78350380198918,848.298096460473,1636.8196234571417,-161.60658033889635,1438.2264260843774,-1357.373689881823,-675.2582356451227,-44.09071664462246,-709.5244793246918,-68.15281992917392,-589.8782715534444,2072.2805017185806,-1066.3852079902192,2086.262040518721,1209.641853792995,608.6293948869148,2241.9990262546016,76.75826278207859,-1596.2737125315841,-561.8687776836011,-1582.8552538304705,-2205.7378131999826,-227.96457727188866,52.359095373162326,844.8206660906881,2432.1190750595015,152.79250423278182,351.1398370299579
2032.1010606681627,1344.105252106076,2788.810882239247,2070.922401294853,893.8585040382634,4726.718271199892,-1044.3280073275173,4692.175984475867,-3653.017962315361,1623.377136513788,-4690.066001480317,833.158448330901,-334.3818417945741,-2799.594588692774,-3461.8404550661116,-2058.6984206629954,-1253.8328072393895,-3197.2134557302425,-1907.940722233741,214.70621222193265,-346.9017805011844,-772.9680296041312,-2340.796366711725,2295.7769900667436,1100.2851356794097,-1948.441001774282,135.6904727818727,-186.52587648293888,355.0188438497183,1759.7126260540506,3395.202794318803,-334.67881010937487,2983.4090111265737,-2816.8384034850806,-1401.1784835348908,-92.3894630182668,-1471.1404473645614,-140.1055080827239,-1222.8974541599825,4299.2068616053875,-2211.4476192595885,4327.9151570248905,2510.634417149411,1262.119918002041,4651.799832089722,159.47553436462843,-3310.6809765207067,-1166.88281736586,-3285.0660451985436,-4575.954898522071,-473.22995280777434,108.24939066347535,1752.5947183675598,5045.605155502304,316.9122636503951,728.5727266138042
1509.0145268166864,998.1160961097568,2070.922401294853,1537.8375859041792,663.7645123496001,3510.010125477106,-775.4900409663827,3484.345386584562,-2712.7220840854566,1205.5071819148059,-3482.7596847066475,618.6971096913835,-248.29411831684234,-2078.949343949868,-2570.7111719753557,-1528.7821165199866,-931.0797866769052,-2374.2251237549144,-1416.821985262766,159.4274403523057,-257.6304284766417,-573.9604062403275,-1738.278368995848,1704.7993473153117,817.0634441855366,-1446.8842908607578,100.75942797444958,-138.5191622524103,263.66602973540483,1306.7431366641767,2521.247032016861,-248.53993565044718,2215.4448768658767,-2091.726904497157,-1040.4850962100231,-68.58185196763858,-1092.4661191337887,-104.07441137769314,-908.1301496563538,3192.5214292377304,-1642.203878190249,3213.855402735733,1864.3322488438798,937.2483078004504,3454.3477141925464,118.41739515447993,-2458.4881839861505,-866.4853279125208,-2439.4130030206343,-3398.0372394461438,-351.40445373329595,80.39250325100215,1301.4503938570253,3746.79413281078,235.3343291588335,541.0265621923609
651.3727935584884,430.89750271606727,893.8585040382634,663.7645123496001,286.5320798490467,1515.2017384253338,-334.6606866310922,1503.9752733694622,-1171.2586973375749,520.4352567770371,-1503.250095476455,267.14018769093224,-107.07862513367255,-897.4411732804377,-1109.6766955653095,-660.0371383304946,-401.91608756597265,-1025.003512514283,-611.6699454200711,68.71113588724282,-111.42570749916668,-247.51178105908315,-750.5932950562335,735.7901899472253,352.76498081548107,-624.5739198932814,43.489138764863704,-59.86547297516551,114.05002532780722,564.0850393352752,1088.390627616166,-107.3876578188135,956.3579991514667,-902.7478271597147,-449.0780390954989,-29.444543273491856,-471.71294759487654,-45.14682706993864,-392.14482289623834,1378.0509416517625,-709.0179266739907,1387.305718610377,804.5474712889896,404.6572400602548,1490.976011910552,51.07482268141002,-1061.3750762275736,-373.79991980328157,-1052.7509984393316,-1466.7809943940238,-151.63369943368994,34.767786523655566,561.7869733120251,1617.321417916186,101.59601385621717,233.51666310255678
3444.533435388248,2278.6612667496884,4726.718271199892,3510.010125477106,1515.2017384253338,8012.625299407299,-1769.6132236678102,7953.114093622517,-6194.053175185621,2752.187854628979,-7949.174340656485,1412.727534392268,-566.1275126495597,-4745.811718752966,-5868.050172316639,-3490.4951507919427,-2125.372949876191,-5420.470582566453,-3234.6602413428964,363.2439657094845,-589.458369472044,-1308.5794685144094,-3969.4959737968798,3890.8127354407197,1865.5224865220293,-3302.806676594247,229.95782871246794,-316.64872790523344,603.3850549532755,2982.9626963273768,5755.617247926898,-567.9844558389556,5057.358095703149,-4773.6415398812,-2374.6887273014,-155.50652287609387,-2494.6131586453557,-239.01202882720935,-2073.8754758689265,7287.194650873121,-3749.48553991661,7336.22837689574,4254.272664053505,2139.977906499592,7884.280466252977,270.0372572949453,-5612.82083172338,-1976.4519730920817,-5566.768709414347,-7756.443367645574,-801.784461091135,183.92817916455908,2970.77272353885,8552.516707299621,537.2553558748244,1234.837271461216
-760.8590348225769,-503.16446775876517,-1044.3280073275173,-775.4900409663827,-334.6606866310922,-1769.6132236678102,391.19177639373675,-1756.9616522474976,1367.1790138594047,-607.6873223807332,1756.2789689850877,-311.81319906672286,125.39583839838744,1048.1255030192222,1296.17181350284,770.558316764742,469.443304880849,1196.8039656558722,714.1966760950081,-80.59399611197938,129.46131078533372,289.90082819866166,875.9380387220084,-859.7813350311832,-411.8292378385922,729.5115130921749,-50.81695139694051,69.69963446805765,-132.45281969478586,-658.8285955430641,-1271.0703172804226,125.10874910530559,-1116.9589338359428,1054.9954496233331,524.745755981939,34.915965851163946,550.5463863614716,52.009470587543866,457.5840985678253,-1609.7724525231363,827.7286923320735,-1620.4118672999866,-940.44480289999035,-472.38298494719396,-1741.9604855586667,-59.79529641468152,1239.2830910290506,437.34187192580407,1230.4694152283466,1713.3488563552771,177.29688605553955,-40.402458540531754,-656.2007849167844,-1889.1983609201857,-118.63845206840445,-272.83193958292026
3419.1205987952294,2261.6151239900646,4692.175984475867,3484.345386584562,1503.9752733694622,7953.114093622517,-1756.9616522474976,7894.720368993112,-6146.970884412402,2731.5529152836034,-7891.048486853038,1401.9651361848432,-562.4186944723394,-4710.562521351038,-5824.726487248745,-3464.128209564968,-2109.653224851823,-5379.768267791453,-3210.380329628599,361.05501304739386,-584.098234054957,-1300.0729913302812,-3939.012036884671,3862.568217210194,1851.4217615072673,-3278.372926218717,228.29093490504087,-313.976383546178,597.8107549587928,2960.8520998814543,5712.770630025661,-563.3126439072012,5019.828369447124,-4739.166632702706,-2357.4361255674057,-155.12359805050767,-2475.5439863582965,-236.1861617974618,-2057.8831903774358,7233.565444365198,-3721.1455825309145,7281.988237219512,4223.857836762868,2123.764674584369,7826.660771455109,268.2410414270911,-5570.692334089304,-1962.9106837468653,-5526.820520472758,-7699.25542941305,-796.1227508858168,182.26272503027587,2948.8332329765144,8489.464473847656,533.2394054191626,1225.82267447215
-2662.4795901304115,-1761.679077359374,-3653.017962315361,-2712.7220840854566,-1171.2586973375749,-6194.053175185621,1367.1790138594047,-6146.970884412402,4789.966900767425,-2127.8525503610517,6143.527988321424,-1092.5150606172695,436.8413194193886,3668.689641682173,4535.798046105192,2698.9947228710207,1642.8865182593033,4190.932011497945,2500.9219083460193,-279.9889389666986,457.25044158943473,1009.626686479262,3070.1750060219256,-3006.6885839603783,-1442.5071346029315,2553.0287158979504,-177.700794415533,245.2923112329199,-468.19664977160335,-2305.8690397130836,-4449.46522607582,439.7994292557843,-3909.469065442289,3688.625131187074,1835.0969970452934,118.96808850253524,1929.2948044349694,186.45683666617117,1604.1333341219076,-5632.464198027772,2899.274202232718,-5670.77513988046,-3286.803428334313,-1654.797544373009,-6093.328785587257,-208.40887817536648,4339.626671360852,1526.0432414747145,4301.068896489507,5995.33452995539,619.3318316693069,-142.66161893826907,-2296.3101113866314,-6610.652553577934,-415.3556007800502,-954.3242045018047
1183.0845120827814,782.7123020738966,1623.377136513788,1205.5071819148059,520.4352567770371,2752.187854628979,-607.6873223807332,2731.5529152836034,-2127.8525503610517,945.3811503363304,-2730.129498394974,485.3227717679725,-194.31141272443134,-1630.0985143809019,-2015.4905889983697,-1199.0479033984027,-730.007005141216,-1861.9581750516397,-1111.119069449568,124.62135798504316,-202.75050364777735,-449.12311630988046,-1363.7366002779618,1336.2335333494202,640.8425000204049,-1134.4243152203476,78.97419820060333,-108.85503913179942,207.5665522963032,1024.5795394255724,1976.976329310922,-195.22244524535375,1737.099038310784,-1639.3750342794992,-815.5501699469628,-53.190779097299746,-857.0088640972082,-82.39927771588738,-712.5077456089786,2502.872471693963,-1288.0193676311123,2519.786744301157,1460.922490888973,735.1348931490113,2707.8332710745917,92.69229500979417,-1928.0266101040136,-678.5470520283673,-1911.678891871459,-2664.072292074586,-275.31327154877636,63.2620536416696,1020.3687313470118,2937.494901834127,184.54438066367095,424.0985834554767
-3417.4833234322814,-2260.461573535244,-4690.066001480317,-3482.7596847066475,-1503.250095476455,-7949.174340656485,1756.2789689850877,-7891.048486853038,6143.527988321424,-2730.129498394974,7887.49319307833,-1401.1814979929745,562.3241574273402,4708.2275794417665,5821.952772602186,3462.2434711218293,2108.6351508855164,5376.947445780868,3208.6989249880676,-361.0574186663461,583.4520593050026,1299.8841583825226,3936.6903881635535,-3860.89962476757,-1850.4213106384293,3276.7939658269324,-228.1970311377502,313.70649720053075,-597.1059470271343,-2959.400202958747,-5709.8972206038225,562.8697681016564,-5017.35712297418,4737.179788109471,2356.4194128841505,155.34066004066372,2474.1223672444153,235.67187394117613,2056.6393241640594,-7230.185433722432,3719.1363132126094,-7278.474267817476,-4222.212583240288,-2122.5888113328315,-7823.135860480077,-268.18875678959444,5567.770554391007,1962.353008386868,5524.604441464527,7695.6097619184375,795.8425920674442,-182.06322765925927,-2947.4274978512626,-8485.44302106465,-532.9700696971776,-1225.2719207582263
607.2465381265857,401.8074700669383,833.158448330901,618.6971096913835,267.14018769093224,1412.727534392268,-311.81319906672286,1401.9651361848432,-1092.5150606172695,485.3227717679725,-1401.1814979929745,249.19157450845958,-99.61914242174949,-836.7468980817903,-1034.5107648087917,-615.5923754291678,-374.70400254766315,-955.8744305764491,-570.4127155840285,63.84122695780623,-104.31778706718659,-230.24144112459925,-700.268840085472,685.7423110939338,329.01377814700106,-582.2908105420918,40.528139555715846,-55.957274831211436,106.81582848190612,525.9163026863154,1014.8259838354464,-100.32279676899242,891.6645992458061,-841.2662452695322,-418.5379932321574,-27.113934038904002,-440.0468811957004,-42.554885820102825,-365.88185017178756,1284.6335985605642,-661.2788485600732,1293.3727397594112,749.6167649118768,377.43028230162014,1389.7283674002622,47.52934960847155,-989.7854977926642,-348.0225694892697,-980.9404280384858,-1367.3951187474681,-141.2507818473648,32.548134358053886,523.7375105410478,1507.73324227974,94.7363971265903,217.65494623137607
-243.49551883856591,-160.91072622599896,-334.3818417945741,-248.29411831684234,-107.07862513367255,-566.1275126495597,125.39583839838744,-562.4186944723394,436.8413194193886,-194.31141272443134,562.3241574273402,-99.61914242174949,40.365962654124594,335.3114763051409,414.7999313081524,246.29070353336735,150.21641933536057,382.6550075504877,228.35534459211115,-26.03879325420001,40.92419275817912,93.35459872761965,279.72249118672676,-275.3866463762738,-131.62843146571086,233.43205750799513,-16.279039011784178,22.1370258736373,-41.82323441199172,-210.79189039059506,-406.58504194531685,39.79685843803475,-357.3495502679002,338.0022723033187,168.0689272747361,11.559949103274313,175.85705375951065,16.108607445211153,146.0913736927089,-515.2434807601406,264.559026094387,-518.5203154105114,-301.4595034276282,-150.96147205236147,-557.7539941632201,-19.23489412263154,396.2451428117281,140.48409578726216,394.35046898248305,548.3414658089753,56.86789033515691,-12.774587936538223,-209.99309065727346,-604.6226278240727,-37.94172837427846,-87.3621169140901
-2040.1683823527967,-1349.6321902502189,-2799.594588692774,-2078.949343949868,-897.4411732804377,-4745.811718752966,1048.1255030192222,-4710.562521351038,3668.689641682173,-1630.0985143809019,4708.2275794417665,-836.7468980817903,335.3114763051409,2810.9051426628453,3475.5969023144953,2067.3927425951447,1258.8407931374693,3210.500873158726,1915.8632503431013,-215.1455278650255,349.13384850043695,775.0573974532113,2351.1021269926737,-2304.4943684247473,-1104.9339088973834,1956.224401237165,-136.20216101063298,187.54895314863367,-357.38284432453014,-1766.784082006016,-3409.004977000986,336.41354504415114,-2995.4311347664443,2827.3858700624314,1406.5070799394614,92.10307554021757,1477.5399838376725,141.56769204796382,1228.3411186654912,-4316.143251142701,2220.7902371921377,-4345.186728423375,-2519.767194650966,-1267.4922311642104,-4669.791705638994,-159.9400490049228,3324.4286509958515,1170.6333901078847,3297.1474070772515,4594.075970612247,474.8891369421859,-108.93967849239593,-1759.5634580779624,-5065.583628655122,-318.2116991575316,-731.3836321445098
-2522.6678529202504,-1668.7390016786308,-3461.8404550661116,-2570.7111719753557,-1109.6766955653095,-5868.050172316639,1296.17181350284,-5824.726487248745,4535.798046105192,-2015.4905889983697,5821.952772602186,-1034.5107648087917,414.7999313081524,3475.5969023144953,4297.585380124087,2556.0888488243336,1556.547175649391,3969.5162561430375,2368.80832924066,-266.2186969524512,431.3101572107512,958.8191570596925,2906.668294393703,-2849.6969660858845,-1366.1247525754013,2418.855350279597,-168.43052178082317,231.7736075613315,-441.45641248446753,-2184.5906207016733,-4215.085683852431,415.7882441454183,-3703.773354306273,3496.362047659265,1739.260443477654,114.19489739207225,1826.7218631465707,174.62103305056755,1518.5686074948937,-5336.988827397042,2745.7565929852067,-5372.789014471815,-3116.089957817851,-1567.0846803169288,-5774.429889860761,-197.84523288078574,4110.3807661288,1447.8981506726752,4077.37862777638,5680.6103137879,587.3046427769091,-134.58199380108942,-2175.701469845499,-6263.63291001351,-393.4510735136343,-904.3948564148459
-1500.4125700139475,-992.7165941097444,-2058.6984206629954,-1528.7821165199866,-660.0371383304946,-3490.4951507919427,770.558316764742,-3464.128209564968,2698.9947228710207,-1199.0479033984027,3462.2434711218293,-615.5923754291678,246.29070353336735,2067.3927425951447,2556.0888488243336,1520.8397820053895,925.820155278604,2361.579748693218,1409.2650733545165,-157.90427191595958,257.43038423957785,569.2437347387781,1729.872181916513,-1694.4992017709662,-812.8264062156994,1438.7151762990707,-100.14701813892879,138.1500945232622,-263.5742299158699,-1299.4226071847324,-2507.355390457452,247.72641421788393,-2203.0858070205672,2078.8667150948763,1034.2139689976825,67.22828125675214,1087.0706834321818,104.81811822217243,903.8235808307348,-3174.1446983991154,1633.6870019704127,-3195.6757073761614,-1852.4785007797298,-932.4402049701847,-3433.9621918779385,-117.49467734889124,2445.3736709053055,860.2397565067637,2424.0936693880294,3378.6129467273895,349.08001043913544,-80.32080750159847,-1294.0547607919189,-3725.3709448544237,-234.05655245628165,-537.8222468945719
-913.6885690498482,-604.4113666491277,-1253.8328072393895,-931.0797866769052,-401.91608756597265,-2125.372949876191,469.443304880849,-2109.653224851823,1642.8865182593033,-730.007005141216,2108.6351508855164,-374.70400254766315,150.21641933536057,1258.8407931374693,1556.547175649391,925.820155278604,563.7691536967225,1437.7537613631462,857.9792554666752,-96.40155008054866,156.26036871959718,347.2247631293529,1052.821721424452,-1032.1143462286611,-494.81213425408936,876.0896502380431,-61.00251147835231,83.9604306602854,-159.94111700452746,-791.2440008722461,-1526.6841206595711,150.61542438889742,-1341.4828729945216,1266.3188557914004,629.9318631200385,41.326085406529984,661.650929745726,63.2935226895339,550.0431263294893,-1933.0017656435361,994.516594585745,-1945.9812792981538,-1128.5764888656759,-567.6033890656875,-2091.422744030951,-71.64873290033002,1488.77484694756,524.3710223292888,1476.740741455428,2057.463650452678,212.70458480815046,-48.75756692698694,-788.019642148438,-2268.6291587114133,-142.50616433293558,-327.55983228281946
-2330.0842178178327,-1541.5751293434844,-3197.2134557302425,-2374.2251237549144,-1025.003512514283,-5420.470582566453,1196.8039656558722,-5379.768267791453,4190.932011497945,-1861.9581750516397,5376.947445780868,-955.8744305764491,382.6550075504877,3210.500873158726,3969.5162561430375,2361.579748693218,1437.7537613631462,3667.1926484318546,2188.3878266923234,-245.39750845529773,399.40949434355986,884.446067256302,2685.9868464573706,-2631.6714445027405,-1262.1707948079256,2234.2560137886076,-155.53859109734304,214.4202549120869,-408.90203610748745,-2017.9188190701939,-3893.688924644937,384.534410281516,-3421.237113431842,3228.6826383005146,1606.2032641329488,104.69236670570052,1687.9395824132848,162.37884993968433,1403.3456305733362,-4929.399558820737,2536.8184294632983,-4962.731650698795,-2877.2018776038076,-1447.88570928661,-5333.030850888701,-182.5399181954131,3797.314299665593,1336.304356314933,3764.952820075446,5246.890669582654,542.2069411448275,-124.62188957872631,-2009.6197054219151,-5785.3956645698545,-363.4651007134555,-835.253804771288
-1390.4775782520085,-919.9314631597819,-1907.940722233741,-1416.821985262766,-611.6699454200711,-3234.6602413428964,714.1966760950081,-3210.380329628599,2500.9219083460193,-1111.119069449568,3208.6989249880676,-570.4127155840285,228.35534459211115,1915.8632503431013,2368.80832924066,1409.2650733545165,857.9792554666752,2188.3878266923234,1305.9152915849709,-146.44771886001044,238.33528457064824,527.8068286319894,1602.8473290279046,-1570.4550229504675,-753.1957458084988,1333.2905097099726,-92.81842666953281,127.95060825728966,-243.99837382725678,-1204.1915933429725,-2323.553891942892,229.4647826718902,-2041.6198651325913,1926.7250240544968,958.5042307835595,62.4844743177113,1007.2693399631545,96.8864990879997,837.438251249497,-2941.6194848569603,1513.8375187057015,-2961.5080045284294,-1716.9815130000732,-864.020603558401,-3182.492360409955,-108.932657264675,2266.038290398419,797.4524346296748,2246.7489266033476,3131.0816849513194,323.56433440266926,-74.36384412022541,-1199.239559411859,-3452.434783423444,-216.89665496606912,-498.43901208023686
156.28233750350802,103.20922666635487,214.70621222193265,159.4274403523057,68.71113588724282,363.2439657094845,-80.59399611197938,361.05501304739386,-279.9889389666986,124.62135798504316,-361.0574186663461,63.84122695780623,-26.03879325420001,-215.1455278650255,-266.2186969524512,-157.90427191595958,-96.40155008054866,-245.39750845529773,-146.44771886001044,16.85087231515756,-25.98272494895756,-60.23728706378045,-179.19771417419335,176.8783715884111,84.38699398361004,-149.80245360396148,10.456358018102977,-14.113303179673862,26.529760681781987,135.26288935418543,260.85022267334296,-25.40747399557014,229.2943630482209,-217.14640162217628,-107.94414630693805,-7.632165890717145,-112.68291493223796,-10.042834182648853,-93.57265809172826,330.7307000937855,-169.60919429768148,332.7667542598291,193.75471977890575,96.77278411817667,358.13324424965475,12.39964460670402,-254.11914016328606,-90.45797155681079,-253.417109367965,-351.9480185401003,-36.56908162748731,8.112354709889505,134.77137005965756,388.07353841057665,24.336582514425043,56.098253442246524
-253.1538478727602,-167.807533092215,-346.9017805011844,-257.6304284766417,-111.42570749916668,-589.458369472044,129.46131078533372,-584.098234054957,457.25044158943473,-202.75050364777735,583.4520593050026,-104.31778706718659,40.92419275817912,349.13384850043695,431.3101572107512,257.43038423957785,156.26036871959718,399.40949434355986,238.33528457064824,-25.98272494895756,44.79857336197986,94.49339244003806,293.48337807715745,-285.27661134532474,-137.59511070444134,242.8297482268061,-16.858052112466588,23.760434862378776,-45.985816199075096,-219.38084561276622,-423.5649077271495,42.44552470299858,-372.0021244206343,349.74727141770455,174.13122544665694,10.310519328146903,184.30838596395955,19.119560250867135,153.43053454350073,-535.3636459930349,276.55067525583263,-539.3366301411095,-311.24068411825806,-157.8980962060949,-578.645510359266,-19.557693730320622,413.5592241098738,143.73891617996728,407.48410186320035,569.9953039140271,58.55235882442781,-13.966413363465511,-218.3628375681764,-628.489915661376,-39.5590335112985,-90.61433671594955
-562.8461045692989,-371.92781125742613,-772.9680296041312,-573.9604062403275,-247.51178105908315,-1308.5794685144094,289.90082819866166,-1300.0729913302812,1009.626686479262,-449.12311630988046,1299.8841583825226,-230.24144112459925,93.35459872761965,775.0573974532113,958.8191570596925,569.2437347387781,347.2247631293529,884.446067256302,527.8068286319894,-60.23728706378045,94.49339244003806,215.91170156900546,646.4639968021935,-636.6126816047764,-304.2298539333262,539.580803798185,-37.631646229361216,51.137572384591905,-96.55978093255663,-487.2406624564573,-939.7924448195625,91.94278266481533,-826.0025025051508,781.3787843988523,388.52632255283436,26.8008155495034,406.43127406494966,37.12533487811416,337.62143943753176,-1191.0178418280257,611.4681118632436,-1198.5632366548073,-696.9341964504607,-348.9069615870577,-1289.3211321899514,-44.48368557401478,915.8573844974256,324.83919709099496,911.66852888927815,1267.5124529350396,131.48040112523927,-29.498490562201,-485.4049675151019,-1397.6081611256827,-87.69968426453336,-201.94914578427748
-1706.1887513525185,-1129.0366165755668,-2340.796366711725,-1738.278368995848,-750.5932950562335,-3969.4959737968798,875.9380387220084,-3939.012036884671,3070.1750060219256,-1363.7366002779618,3936.6903881635535,-700.268840085472,279.72249118672676,2351.1021269926737,2906.668294393703,1729.872181916513,1052.821721424452,2685.9868464573706,1602.8473290279046,-179.19771417419335,293.48337807715745,646.4639968021935,1968.0033256014776,-1926.5521503783946,-924.5513678517949,1636.0778871628668,-113.85964449739986,157.34511672326403,-300.55289363155936,-1477.7097151266119,-2851.5132947217417,282.05682898510406,-2505.3913276496046,2363.4253158627475,1175.854144815345,75.88260238398077,1236.6493066061241,119.97977196735124,1028.2915067466722,-3609.365976339351,1858.2405817251383,-3634.0354268016654,-2105.819243566616,-1060.635465157849,-3904.510900930528,-133.46338785019046,2781.2785382954435,977.4493362847347,2755.71872391629,3841.9483639570717,396.76695694473295,-91.5644542901684,-1471.5449274821563,-4236.256443271733,-266.19478357631533,-611.5118335789606
1672.7780922143086,1106.3704478664615,2295.7769900667436,1704.7993473153117,735.7901899472253,3890.8127354407197,-859.7813350311832,3862.568217210194,-3006.6885839603783,1336.2335333494202,-3860.89962476757,685.7423110939338,-275.3866463762738,-2304.4943684247473,-2849.6969660858845,-1694.4992017709662,-1032.1143462286611,-2631.6714445027405,-1570.4550229504675,176.8783715884111,-285.27661134532474,-636.6126816047764,-1926.5521503783946,1889.9600361404516,905.6345256685563,-1603.8932482377759,111.7049738933106,-153.4497924324749,291.9274258644515,1448.5252994258929,2794.7436475267477,-275.3645025044323,2455.8117007123965,-2318.9650608312418,-1153.4934105737061,-76.26796972747763,-1210.82172302019,-115.03267195534242,-1006.4654720930098,3539.0451868714813,-1820.221653993177,3562.60636727823,2066.969513298005,1038.8278275505988,3829.4071883270963,131.3322442597008,-2725.072711882874,-960.8433071722088,-2704.5053747989623,-3766.829754437959,-389.62411836519374,89.0221626021713,1442.689460083442,4153.43715240018,260.86065049723703,599.7707045756415
801.9038596014167,530.5699783306543,1100.2851356794097,817.0634441855366,352.76498081548107,1865.5224865220293,-411.8292378385922,1851.4217615072673,-1442.5071346029315,640.8425000204049,-1850.4213106384293,329.01377814700106,-131.62843146571086,-1104.9339088973834,-1366.1247525754013,-812.8264062156994,-494.81213425408936,-1262.1707948079256,-753.1957458084988,84.38699398361004,-137.59511070444134,-304.2298539333262,-924.5513678517949,905.6345256685563,434.4257050218928,-768.9349421477415,53.52526604704351,-73.83924121543026,140.87611495300885,694.4857389790969,1340.074201621213,-132.4039863411186,1177.4574052828511,-1111.0587379519045,-552.7437977507585,-35.927561837281175,-580.9991157559954,-56.025988591353766,-483.0578750091566,1696.44948670691,-873.1456853023326,1707.952660284499,990.0659380240929,498.35050340527994,1835.3025755706417,62.79545029211075,-1306.952687267449,-459.75127382901474,-1295.566936304928,-1805.727112186768,-186.56829126791686,42.930898033246876,691.6196653686854,1991.0535424548614,125.09500326808649,287.4416185636409
-1419.861108248319,-939.2507535912162,-1948.441001774282,-1446.8842908607578,-624.5739198932814,-3302.806676594247,729.5115130921749,-3278.372926218717,2553.0287158979504,-1134.4243152203476,3276.7939658269324,-582.2908105420918,233.43205750799513,1956.224401237165,2418.855350279597,1438.7151762990707,876.0896502380431,2234.2560137886076,1333.2905097099726,-149.80245360396148,242.8297482268061,539.580803798185,1636.0778871628668,-1603.8932482377759,-768.9349421477415,1361.4360241618958,-94.79558419959098,130.47660901838407,-248.5506516480051,-1229.584241430494,-2372.4500617035205,234.0568897869986,-2084.650794477633,1967.8427646755526,978.9084446718555,64.21803911902877,1028.2010742511131,98.36091699718608,854.7614515875667,-3003.8649901333097,1545.4706852731535,-3024.0332814123226,-1753.7928222232815,-882.0497798042186,-3250.044731709172,-111.34222560029498,2313.540442008545,814.8623157793036,2294.834418774555,3197.2753789736994,330.5422579859337,-75.77143240485074,-1224.5753931941758,-3525.4233829248396,-221.4548219139154,-509.02304788644096
98.86540559636649,65.39078266969754,135.6904727818727,100.75942797444958,43.489138764863704,229.95782871246794,-50.81695139694051,228.29093490504087,-177.700794415533,78.97419820060333,-228.1970311377502,40.528139555715846,-16.279039011784178,-136.20216101063298,-168.43052178082317,-100.14701813892879,-61.00251147835231,-155.53859109734304,-92.81842666953281,10.456358018102977,-16.858052112466588,-37.631646229361216,-113.85964449739986,111.7049738933106,53.52526604704351,-94.79558419959098,6.604082712497896,-9.067686934094557,17.24775803890251,85.61185854375464,165.1756564854314,-16.273301301541565,145.14564992052436,-137.0611214935547,-68.17691587998202,-4.512748378240375,-71.56113827646766,-6.792180119888146,-59.4818005102384,209.17259823937104,-107.58103794254309,210.5613356028463,122.17042480814123,61.39540535326936,226.33423090248493,7.7627929427709965,-161.0582958562398,-56.79257729596243,-159.85112997449974,-222.6345875521048,-23.028893182535462,5.25946094752976,85.268433672105715,245.48432966340783,15.417434060990264,35.448994121233454
-136.04300222465838,-90.10731549788008,-186.52587648293888,-138.5191622524103,-59.86547297516551,-316.64872790523344,69.69963446805765,-313.976383546178,245.2923112329199,-108.85503913179942,313.70649720053075,-55.957274831211436,22.1370258736373,187.54895314863367,231.7736075613315,138.1500945232622,83.9604306602854,214.4202549120869,127.95060825728966,-14.113303179673862,23.760434862378776,51.137572384591905,157.34511672326403,-153.4497924324749,-73.83924121543026,130.47660901838407,-9.067686934094557,12.665778589858178,-24.364100071454587,-117.86185108318996,-227.5017193816647,22.66108437222258,-199.84500869672266,188.18321544128378,93.66193709497162,5.77847993585395,98.84071445569299,9.944725039911818,82.23676174651806,-287.745314285097,148.407606298982,-289.80088256019906,-167.5617082104737,-84.72094237158186,-311.13090178531195,-10.572184146158513,222.02067666145336,77.56678058355861,219.32800839084584,306.32442639423846,31.54634378397415,-7.410909057446867,-117.34158886111,-337.76131538490824,-21.24384207072225,-48.72472459577636
259.114997234856,171.78350380198918,355.0188438497183,263.66602973540483,114.05002532780722,603.3850549532755,-132.45281969478586,597.8107549587928,-468.19664977160335,207.5665522963032,-597.1059470271343,106.81582848190612,-41.82323441199172,-357.38284432453014,-441.45641248446753,-263.5742299158699,-159.94111700452746,-408.90203610748745,-243.99837382725678,26.529760681781987,-45.985816199075096,-96.55978093255663,-300.55289363155936,291.9274258644515,140.87611495300885,-248.5506516480051,17.24775803890251,-24.364100071454587,47.22211335319659,224.55865563052964,433.5884524017103,-43.507903651437985,380.78558910827826,-357.87928792481347,-178.19040044889724,-10.44589879868894,-188.73390792571277,-19.71742566185892,-157.13730813942732,547.9367699087828,-283.14320203180193,552.0449205392495,318.4303014573863,161.67410766698202,592.1871726834054,19.99091264952633,-423.38835962036836,-146.9841691529845,-416.92035188720405,-583.3991049853882,-59.89488852353113,14.337065473867424,223.50166301400287,643.2698593726392,40.49598719939193,92.73427983463488
1282.351930484313,848.298096460473,1759.7126260540506,1306.7431366641767,564.0850393352752,2982.9626963273768,-658.8285955430641,2960.8520998814543,-2305.8690397130836,1024.5795394255724,-2959.400202958747,525.9163026863154,-210.79189039059506,-1766.784082006016,-2184.5906207016733,-1299.4226071847324,-791.2440008722461,-2017.9188190701939,-1204.1915933429725,135.26288935418543,-219.38084561276622,-487.2406624564573,-1477.7097151266119,1448.5252994258929,694.4857389790969,-1229.584241430494,85.61185854375464,-117.86185108318996,224.55865563052964,1110.5086940704061,2142.7111531503338,-211.42113213898065,1882.7695135765964,-1777.2087619933861,-884.0806936994675,-57.942567361150914,-928.6661140182666,-88.91172712671803,-772.0298855235741,2712.9289941355028,-1395.836396022581,2731.167845668934,1583.869536872117,796.6563145961994,2935.2432229586125,100.54384248975852,-2089.5278671495676,-735.8736348872314,-2072.5034176903205,-2887.617624152303,-298.5096071983629,68.45373607375957,1105.9755454704593,3183.9852551091267,200.00915922305578,459.718961841599
2474.2484078633915,1636.8196234571417,3395.202794318803,2521.247032016861,1088.390627616166,5755.617247926898,-1271.0703172804226,5712.770630025661,-4449.46522607582,1976.976329310922,-5709.8972206038225,1014.8259838354464,-406.58504194531685,-3409.004977000986,-4215.085683852431,-2507.355390457452,-1526.6841206595711,-3893.688924644937,-2323.553891942892,260.85022267334296,-423.5649077271495,-939.7924448195625,-2851.5132947217417,2794.7436475267477,1340.074201621213,-2372.4500617035205,165.1756564854314,-227.5017193816647,433.5884524017103,2142.7111531503338,4134.383355919338,-408.0609196775602,3632.788203987793,-3428.8481318128665,-1705.7225237314112,-111.58462836713566,-1792.0069653017333,-171.84739797637314,-1489.7937334240873,5234.446779966467,-2693.3944747686173,5269.71104595553,3055.742123169574,1537.235468940025,5663.282061989749,193.94035574506538,-4031.8593620062024,-1419.5525073680567,-3998.501381399259,-5571.530092867986,-575.8908655899961,132.16366303852382,2133.93980114209,6143.357676790263,385.92312685938344,886.9833187371471
-244.05573460900604,-161.60658033889635,-334.67881010937487,-248.53993565044718,-107.3876578188135,-567.9844558389556,125.10874910530559,-563.3126439072012,439.7994292557843,-195.22244524535375,562.8697681016564,-100.32279676899242,39.79685843803475,336.41354504415114,415.7882441454183,247.72641421788393,150.61542438889742,384.534410281516,229.4647826718902,-25.40747399557014,42.44552470299858,91.94278266481533,282.05682898510406,-275.3645025044323,-132.4039863411186,234.0568897869986,-16.273301301541565,22.66108437222258,-43.507903651437985,-211.42113213898065,-408.0609196775602,40.567082506464004,-358.4746580000216,337.72548167390926,168.0723429287655,10.502647481200244,177.1975385542436,17.650862968803814,147.4068305735302,-516.2265227587789,266.11657797512026,-519.870511053645,-300.7718950631854,-151.91048843220943,-558.2544783418234,-19.000261386451175,398.1687272056013,139.33730062398953,393.66574223961,549.5404466680654,56.63684435185946,-13.239039365793378,-210.50149951769376,-605.9388874240275,-38.10051691430533,-87.42767072678795
2174.1065205217315,1438.2264260843774,2983.4090111265737,2215.4448768658767,956.3579991514667,5057.358095703149,-1116.9589338359428,5019.828369447124,-3909.469065442289,1737.099038310784,-5017.35712297418,891.6645992458061,-357.3495502679002,-2995.4311347664443,-3703.773354306273,-2203.0858070205672,-1341.4828729945216,-3421.237113431842,-2041.6198651325913,229.2943630482209,-372.0021244206343,-826.0025025051508,-2505.3913276496046,2455.8117007123965,1177.4574052828511,-2084.650794477633,145.14564992052436,-199.84500869672266,380.78558910827826,1882.7695135765964,3632.788203987793,-358.4746580000216,3192.073384616569,-3013.045711281982,-1498.861533474304,-98.19124539492246,-1574.5077066416056,-150.80452891964484,-1308.9451688373758,4599.512758214228,-2366.5538566072933,4630.446775415628,2685.2452914173964,1350.6809754887236,4976.397690128187,170.45143123694584,-3542.6426063599706,-1247.5405899779182,-3513.668292967154,-4895.685354084882,-506.08088217409033,116.07601908907607,1875.0809829830189,5398.1479586233845,339.10084231473473,779.4043380878188
-2052.3782990517016,-1357.373689881823,-2816.8384034850806,-2091.726904497157,-902.7478271597147,-4773.6415398812,1054.9954496233331,-4739.166632702706,3688.625131187074,-1639.3750342794992,4737.179788109471,-841.2662452695322,338.0022723033187,2827.3858700624314,3496.362047659265,2078.8667150948763,1266.3188557914004,3228.6826383005146,1926.7250240544968,-217.14640162217628,349.74727141770455,781.3787843988523,2363.4253158627475,-2318.9650608312418,-1111.0587379519045,1967.8427646755526,-137.0611214935547,188.18321544128378,-357.87928792481347,-1777.2087619933861,-3428.8481318128665,337.72548167390926,-3013.045711281982,2845.3979495870553,1415.3225005368313,93.77530318652283,1485.4155622793394,140.85845753968854,1234.6790070976201,-4342.185621827249,2233.1006847460903,-4371.029690218137,-2536.27654780269,-1274.4553783789252,-4698.549007537561,-161.18652435993835,3343.2779426271445,1179.1591978779218,3318.526675716231,4621.635941403154,478.1069403369369,-109.142715767358,-1770.069072010502,-5095.977731110434,-320.04315267397476,-735.9004589420675
-1020.9463205064336,-675.2582356451227,-1401.1784835348908,-1040.4850962100231,-449.0780390954989,-2374.6887273014,524.745755981939,-2357.4361255674057,1835.0969970452934,-815.5501699469628,2356.4194128841505,-418.5379932321574,168.0689272747361,1406.5070799394614,1739.260443477654,1034.2139689976825,629.9318631200385,1606.2032641329488,958.5042307835595,-107.94414630693805,174.13122544665694,388.52632255283436,1175.854144815345,-1153.4934105737061,-552.7437977507585,978.9084446718555,-68.17691587998202,93.66193709497162,-178.19040044889724,-884.0806936994675,-1705.7225237314112,168.0723429287655,-1498.861533474304,1415.3225005368313,704.009918810953,46.53739610186846,739.013833119808,70.22426417731806,614.2868173587191,-2159.9896494983896,1110.9515691807,-2174.369974514634,-1261.5203524341086,-634.0343433633582,-2337.1959555817366,-80.1536671955175,1663.2073295249588,586.4131723563447,1650.6243330696882,2299.0132792249183,237.79681291410392,-54.338769383344534,-880.5198714856031,-2534.970893097188,-159.21324836349885,-366.05634395927194
-67.04264756477127,-44.09071664462246,-92.3894630182668,-68.58185196763858,-29.444543273491856,-155.50652287609387,34.915965851163946,-155.12359805050767,118.96808850253524,-53.190779097299746,155.34066004066372,-27.113934038904002,11.559949103274313,92.10307554021757,114.19489739207225,67.22828125675214,41.326085406529984,104.69236670570052,62.4844743177113,-7.632165890717145,10.310519328146903,26.8008155495034,75.88260238398077,-76.26796972747763,-35.927561837281175,64.21803911902877,-4.512748378240375,5.77847993585395,-10.44589879868894,-57.942567361150914,-111.58462836713566,10.502647481200244,-98.19124539492246,93.77530318652283,46.53739610186846,3.9147769161945782,47.793265779035636,3.420112756486816,39.564419562503126,-142.01190874722363,72.21179837394246,-142.66597699375544,-83.93710315661788,-41.159613327509035,-154.10203904252484,-5.484819769466549,108.42318131247575,39.667910372940376,109.65418693793782,151.0285874982872,15.903503903048918,-3.225290132052871,-57.8061661772649,-166.5327021258279,-10.400359641983776,-24.145169285657293
-1072.2686033221746,-709.5244793246918,-1471.1404473645614,-1092.4661191337887,-471.71294759487654,-2494.6131586453557,550.5463863614716,-2475.5439863582965,1929.2948044349694,-857.0088640972082,2474.1223672444153,-440.0468811957004,175.85705375951065,1477.5399838376725,1826.7218631465707,1087.0706834321818,661.650929745726,1687.9395824132848,1007.2693399631545,-112.68291493223796,184.30838596395955,406.43127406494966,1236.6493066061241,-1210.82172302019,-580.9991157559954,1028.2010742511131,-71.56113827646766,98.84071445569299,-188.73390792571277,-928.6661140182666,-1792.0069653017333,177.1975385542436,-1574.5077066416056,1485.4155622793394,739.013833119808,47.793265779035636,777.0956302716348,75.25822691594543,646.1453393780446,-2268.361378814891,1167.741118263451,-2283.8278819903767,-1323.5536494601376,-666.5080076196214,-2453.900356201438,-83.90308498978214,1747.824139324396,614.4250108424352,1732.00806668954,2414.515469695009,249.3868162495403,-57.503395260342195,-924.8047637998069,-2662.3227864892833,-167.28635304629515,-384.3227959376549
