V1,V2,V3,V4,V5,V6,V7,V8,V9,V10,V11,V12,V13,V14,V15,V16,V17,V18,V19,V20,V21,V22,V23,V24,V25,V26,V27,V28,V29,V30,V31,V32,V33,V34,V35,V36,V37,V38,V39,V40,V41,V42,V43,V44,V45,V46,V47,V48,V49,V50,V51,V52,V53,V54,V55,V56
1.0069832585702654,0.10269344199695611,-0.3826577194225,0.09550207824223962,-0.04263559127616689,-0.2415532425213487,0.22569879959566533,0.736409318307139,-0.4543682112574922,-0.25602910955636476,0.3788309711617405,-0.28221039674688103,-0.26307834785352063,0.5164561951571931,-0.4186543195305461,0.2900110550465295,-0.32400288492228563,0.42606427680554027,-0.03565826019673743,-0.4708557383106984,0.06538827960549201,-0.24944049456943426,0.39264133003288176,0.3201504511412092,1.3441842563699722,0.22382452727241955,0.4217519355691637,-0.2643589597206637,-0.4157627953580626,-0.006149545692191932,0.4813731300126916,0.046336045346402524,0.304102841629463,-0.7972292064329948,1.0463658424212972,-0.2520359846450923,-0.21938440087080366,0.4860827974489453,-0.27589767296748746,0.22926935269533757,0.6714756075273566,0.47408387883873937,0.26001088319199767,-0.543578070236528,-0.5971089324299249,-1.1863344693911941,1.1687548545045654,0.198489718427193,-0.013816353346556311,-0.26335391374702966,0.06594681712531471,-0.39278790968276484,-0.004949869186741924,-0.17580105542913857,-0.6669439336225775,0.19804649407866237
0.10269344199695611,0.1749026831996791,-0.18742135084229725,-0.29647055007892803,0.011212506248514845,-0.09352226304479248,0.20957637706857773,0.2512313563077557,0.004860894592243298,-0.0660067413347173,-0.4222923686249869,0.11124160769927705,0.015859620518256883,-0.13777770750289312,0.23240542136002537,-0.3311298647644531,-0.07147185985847543,0.2606750221929053,0.010005050769270578,-0.2635336335155701,-0.01232047176747375,0.06807943583325944,0.24388202005006587,0.18560103780607612,-0.0829489733196239,0.4747692749071366,0.07923544164473792,-0.05736170595286689,0.015257423561579319,-0.24446433122629296,0.1908259456763198,0.24336043928995255,-0.05044439050604815,-0.3124812985140222,0.1644458308457531,0.2742238587176096,0.07293533165048811,0.35852415886900557,0.052521431812878584,-0.21080229492634558,0.2507892197604173,-0.16448835995134503,0.21642660030927635,-0.03416321417350345,-0.18326275598877875,-0.16643443679312042,0.25458016462987226,6.179478224654979e-4,-0.23114844802209986,-0.2219741024765769,0.0014298535440495934,-0.13930759503691353,0.09517646334153256,0.26740714455767645,-0.08349876616595431,-0.01834035507772682
-0.3826577194225,-0.18742135084229725,0.9379676138428787,-0.4452451938460681,-0.17475065947743873,0.5737187431159406,0.46728984705331383,-0.035160652786287584,0.4263707788750067,-0.011339573596595227,0.13056125788735576,0.0629789300596329,0.841452104845467,-0.16431976375282972,-0.4975881529272141,-0.41601515473707285,0.31828952017393275,0.39218670445278625,0.4968892891417822,1.083437682405,0.09040052825094748,0.567040541111694,-0.6584883173174191,0.08686882878936414,-0.21309975900932054,-0.3180435051183836,-0.1317360448235131,0.5739048764508153,0.4092041658809421,0.13452693772354196,-0.00583287326096104,-0.6820373499244295,0.01051325716658947,-0.10114182094066008,0.29587023063270085,0.17536806022481913,0.39131374432275423,0.11938187272316891,0.39895895523405983,0.13329458105000322,-1.034409111779292,-0.03542597468126117,-0.8401694427511104,0.1552787238734044,0.0033450138530311227,0.4375302246121237,-0.37279840086840116,0.9222109564802007,0.5421834915618512,-0.38878030945081365,-0.5662431205874939,0.7906733039609882,0.40201219728075865,-0.3562259827125326,0.28719943471581755,0.23353956586350097
0.09550207824223962,-0.29647055007892803,-0.4452451938460681,1.6318768914735862,0.3469601020385683,0.021738145218395323,-1.2588510046845824,-0.4174467557646809,-0.5328218805240491,0.40513151530311026,0.7107633358963495,-0.849523446610024,-0.8065930127936134,0.102863042781876,-0.1089762210460887,1.4386558784545764,-0.060852479925074976,-0.7483296073174257,-0.864440679201338,-0.3456108970021478,-0.04542664936730293,-0.9092194973862086,-0.21167991393841018,-1.0909641485660195,0.3603609286865891,-1.2850628480731874,0.1949826962405601,-0.37640793248792703,-0.19775532991706038,0.5036904436941251,-0.886333635930157,-0.05241368548950609,-0.01097655786509472,0.8402227019115296,-0.8924369427241284,-0.6924579914074818,-0.3421552075133845,-0.758850611291638,-0.463178251208508,0.7682063449267563,0.29649403676394853,-0.08496919029660678,0.3675851466866969,0.2614492130642627,0.8138992825745015,-0.1996912058310484,-0.4643292478168817,-1.0800711283071731,-0.03127010531903061,1.3072930067092965,0.4160466235706623,-0.4095351509695062,-0.8655661676976609,-0.2101369467760219,-0.03199780960520954,-0.17699228867992375
-0.04263559127616689,0.011212506248514845,-0.17475065947743873,0.3469601020385683,0.18707447849569495,0.10445370325831645,-0.3459674072266815,0.0017136276867240955,-0.04023447565688564,0.1284739037225103,-0.13694222054242644,-0.36168878675151184,-0.08097744304721395,-0.20666421323032533,0.2416382365878088,0.17287818541599312,0.006150385892537386,0.06825152164446849,-0.3410874287262832,-0.10731301247633113,0.03623118317033987,-0.24084660410012845,0.10180388358682219,-0.48542744794102155,-0.15617882495314434,-0.15681685986853355,0.23579927850021362,-0.06711303908284313,0.19704660692384934,-0.07297750054996525,-0.39687334621252657,0.015993766058796238,-0.01897657396400421,0.12831788828743626,-0.16375169351836041,0.1453747664183177,-0.11232952145029797,0.06702000970544422,-0.03211338162651423,0.07379084997898386,0.018306087517932373,-0.30938153685497194,0.25725032287992744,0.2387541427520481,0.20614860450433684,0.08058381482274875,-0.16666267565595097,-0.44683931886927913,-0.21183096806804047,0.3563938696148287,0.028738757199412806,-0.0796108211976158,-0.14458562421239646,0.3492141734124239,-0.06767078351119922,-0.0027982345866007638
-0.2415532425213487,-0.09352226304479248,0.5737187431159406,0.021738145218395323,0.10445370325831645,0.7256731682593089,0.11487838111440846,0.26715042793667787,0.21976859717373082,0.18389208574580543,-0.3002494501906248,-0.4719487400408811,0.6772113426821089,-0.575270873591047,-0.2237235479633989,-0.23412257523638783,0.2646415287538588,0.7132105902240278,-0.02497924691151222,0.719988836410604,0.09498194327304489,0.22347864743618728,-0.5478942218685464,-0.4646788584523962,-0.2476671173654631,-0.41721736061575687,0.26283895828505777,0.42379622626414337,0.5870840637978336,-0.016202597480842098,-0.38945382398227807,-0.513357321516238,-0.10796670096303461,-0.2441143360833326,0.14506693256417078,0.44513724269915333,0.46578186560495916,0.5164403023886157,0.3617865118385486,0.34947932234732265,-0.7397610726403859,-0.6323214738746988,-0.38181875528935433,0.4418145705096731,0.26028441081090337,0.09514409176705035,-0.3435729265216213,0.42003822966617554,0.1751399680378752,0.019843778369134188,-0.5438086210074461,0.5268494175499061,0.11715732925849102,0.06265924674143684,0.16010738131880495,0.19201209740119218
0.22569879959566533,0.20957637706857773,0.46728984705331383,-1.2588510046845824,-0.3459674072266815,0.11487838111440846,1.281188278232047,0.7283350672418696,0.17760839237892392,-0.28657703595232475,-0.5948987162401594,0.6545719214170322,0.6659436330373641,-0.1403975658378135,-0.4233227057380046,-1.08505730458679,0.02096899775946226,0.8594490776670329,0.7841522922450693,0.2589636814501808,-0.04626059118551676,0.8126578077130443,-0.23813219435673805,1.1619728862488492,0.22178227557396654,0.8587509646960992,-0.19196627503781508,0.33621875839387205,-0.08156727859885587,-0.23352781195356015,1.0417364418668325,0.020218415133906043,-0.11803209895889473,-1.124691507396137,0.8475350409457321,0.4037287183513235,0.7711066060427983,0.9017973474853883,0.398823213131233,-0.19453552050027706,-0.050054528512546236,0.0025262336922161517,-0.4950403335813787,-0.3537764718711549,-0.636494679637102,-0.614840916451359,0.7113430888660907,1.4106549084423812,0.24406310719477725,-1.2173516642150475,-0.4572558863548586,0.2723321716863401,0.5447541962198249,-0.4006350718212972,0.08538875496794425,0.11880021401516191
0.736409318307139,0.2512313563077557,-0.035160652786287584,-0.4174467557646809,0.0017136276867240955,0.26715042793667787,0.7283350672418696,1.2033704901713056,-0.2275914005247643,-0.12208159327302545,-0.6411819528509963,-0.27231283002387363,0.3597022955244605,-0.31389778038361515,-0.3341583399470847,-0.5001846109535679,-0.13128105520316607,1.265525211006045,0.07565100444525717,-0.18176805733760248,0.034340891111822376,0.19561261645343225,4.1836266397490466e-4,0.37662154365006956,0.7617266927769446,0.5157270579260405,0.49176546693185064,0.0772368199717351,0.032664774895614035,-0.2957569369005789,0.5387222960444283,0.04111154984609861,-0.042785039785767906,-1.367108402759756,1.0477740404612828,0.4875400436781944,0.5853126196595254,1.3359334514291408,0.19092777690626223,0.25275102144335054,0.3653750606759214,-0.4079978649733158,0.08219866365650581,-0.17247163111288846,-0.4708433010907193,-1.2933359509747027,1.0335483861660564,0.7539764449224291,-0.10257630106041814,-0.6244030189515116,-0.40162868712691474,-0.09943150400136265,0.16822895146478647,0.008973934567638201,-0.360881671309933,0.20430420980119177
-0.4543682112574922,0.004860894592243298,0.4263707788750067,-0.5328218805240491,-0.04023447565688564,0.21976859717373082,0.17760839237892392,-0.2275914005247643,0.5523523642109821,-0.10978987345600084,-0.0914194279754864,0.07742099107956915,0.5983430301265289,-0.10184452232235786,0.2974709358933243,-0.5448980593646257,0.1955864606468897,0.22660620056649242,0.2518759633717871,0.6321296885069,0.1659125645509212,0.3326947348413234,0.14975602527999426,-0.14914243404651142,-0.637446162411413,0.2427241562090861,0.05807578072953182,0.3321839139369899,0.5614125288460085,-0.2402311639668683,-0.2389202772725022,-0.34925817283773775,0.15424843750722608,0.15455015096468688,0.2898670588525856,0.45190457056551514,-0.24568554074311336,0.04388620125814457,0.27260720976840597,-0.45944589747517117,-0.7753660317661921,-0.024413523543146024,-0.24009102579555444,0.21722657454618347,-0.1776501782565041,0.9682478220348371,-0.38896204975660453,0.08637667928687827,0.014218038483351849,-0.242622850057843,-0.28749812497293253,0.5348092876474583,0.5198583474215456,0.5318926466725488,0.018621614997272648,0.2185714890213512
-0.25602910955636476,-0.0660067413347173,-0.011339573596595227,0.40513151530311026,0.1284739037225103,0.18389208574580543,-0.28657703595232475,-0.12208159327302545,-0.10978987345600084,0.2841302741593617,-0.2682007289527473,-0.1301722714865614,-0.1255061257727874,-0.4047239023068714,0.021474288694015894,0.19894232983645088,0.09352301686228358,-0.14581735668839035,-0.2559425525098062,-0.05792456093274131,-0.11377621219324867,-0.1085415667483111,-0.40431872114374096,-0.3000872587103942,-0.34041732979829387,-0.405880625276107,-0.1122183298436415,-0.007846853097581097,0.027522862756416782,0.13152841363275863,-0.27368271842241304,0.10208209175613135,-0.2962474284598673,0.24092730769164122,-0.7198062045672305,-0.01414828878042056,0.3790405605369533,-0.09547591449917078,0.03896222148046207,0.3060751819004409,0.027415992003692734,-0.482133805143346,0.018136466351841986,0.30053906681634046,0.5359657449198506,-0.04503757777136976,-0.43393376852060145,-0.1678893240796055,-0.027514576739638804,0.3887008394044524,0.029955537097361408,-0.06568046223908167,-0.3616577989466584,-0.15533155001543925,0.3393539040577433,-0.20168083051414837
0.3788309711617405,-0.4222923686249869,0.13056125788735576,0.7107633358963495,-0.13694222054242644,-0.3002494501906248,-0.5948987162401594,-0.6411819528509963,-0.0914194279754864,-0.2682007289527473,2.0327813432995603,-0.34420177322150514,-0.3295835598164011,1.3660596259683864,-0.6057744189492376,1.1822974106280226,-0.10736979382367684,-0.870488332077368,0.06850273947501809,0.4431931825203531,0.2320676711471947,-0.45878581731105217,0.2767480248499046,-0.305003148650874,1.1428693393995761,-0.8798976907867647,0.09545334395003864,-0.12572859971893313,-0.30673864462186234,0.5777891625871927,-0.2835800254994744,-0.7352300501075477,0.7725759642820638,0.7571030140766961,0.6255205877096303,-1.0844395585677171,-1.2733723696085053,-1.1838955047576731,-0.5261546287682958,0.180736298079028,-0.3756100286613282,1.5091059296242022,-0.2911777037195581,-0.500225810221202,-0.31701943217090506,0.4088093745064846,0.11179384562263263,-0.3143799407598921,0.5632335663186894,0.40293787595581737,0.2635208222029392,0.16280308976468216,0.06518929101131814,-0.4237565745837004,-0.5671421399455158,0.342920589853632
-0.28221039674688103,0.11124160769927705,0.0629789300596329,-0.849523446610024,-0.36168878675151184,-0.4719487400408811,0.6545719214170322,-0.27231283002387363,0.07742099107956915,-0.1301722714865614,-0.34420177322150514,1.2248939703397448,-0.1404084384465938,0.096484394347983,-0.02530366626042818,-0.5910892414757601,-0.019363617365267257,-0.5462316846979286,0.6335869448493974,-0.2571059150307642,-0.2694082088774741,0.5377264617834897,-0.1944070942424215,1.21052476500594,-0.41237131447453185,0.6634728530395632,-0.874058236026035,-0.02132277458202017,-0.5653305506660079,0.03421612080691863,0.9244725207103504,0.5525982253095486,-0.32204278188026086,0.010361123311621121,-0.5321478376994124,-0.19463740462475992,0.5078449630036802,-0.31965998582102434,0.0881089727400598,-0.4159122009079614,0.35916846221228305,0.29370815900277353,-0.27233970400473745,-0.3624746309994343,-0.13155119289138975,0.020495924316568503,0.012815813289900658,0.6243211672414878,0.14924652506046507,-0.6617320373390917,0.21298462242596217,-0.12882248554327888,0.08361024568006376,-0.6364579648661949,0.5398498096472297,-0.3599015111647881
-0.26307834785352063,0.015859620518256883,0.841452104845467,-0.8065930127936134,-0.08097744304721395,0.6772113426821089,0.6659436330373641,0.3597022955244605,0.5983430301265289,-0.1255061257727874,-0.3295835598164011,-0.1404084384465938,1.147294681061109,-0.37906376397391234,-0.1290946950098224,-0.8859659136342488,0.289018482951512,1.0444950495549437,0.4402173072719397,1.0553658123197935,0.2252894820611242,0.6316342121746595,-0.21748944431384776,-0.043257670171898424,-0.33471226030533063,0.21800464199657424,0.2833747881749399,0.6333634143505484,0.790034772348885,-0.28700103388013354,-0.06899224317708193,-0.6789190447798934,0.12206032565072278,-0.5407048416094566,0.8875513720442054,0.7563259328035258,0.24914029374750446,0.7595597692942858,0.5415907157847418,-0.1719653288990567,-1.0869003284651342,-0.31225871489843643,-0.5793496740158446,0.2576146962844773,-0.32211406786638197,0.48817843179720893,-0.09707670049738103,0.8360818826476262,0.21977410449281082,-0.6254871507063196,-0.7573911555882986,0.8471930030364015,0.7192090315003872,0.3548158663127531,-0.02015166796937086,0.4254755357239685
0.5164561951571931,-0.13777770750289312,-0.16431976375282972,0.102863042781876,-0.20666421323032533,-0.575270873591047,-0.1403975658378135,-0.31389778038361515,-0.10184452232235786,-0.4047239023068714,1.3660596259683864,0.096484394347983,-0.37906376397391234,1.2239608213000144,-0.2923177409170607,0.5969984354325422,-0.2381807502905099,-0.6252699848865421,0.22135103139749665,-0.046842735498693805,0.14866726312537878,-0.259591821571968,0.6091712534984502,0.2673630705679672,0.9989045477702828,-0.028382681041833956,0.01769561515218714,-0.24148042917924845,-0.4569616751109818,0.2377353934725084,0.23708899430911398,-0.2340311834922584,0.6358552754827265,0.2801415892051717,0.7695782420327583,-0.7629119293478811,-1.0648446101277271,-0.7338526249479947,-0.45531118931471254,-0.20859287781669175,0.13062503509098072,1.3714806111877784,-0.015846624249684582,-0.6684553336250323,-0.6362817359944738,0.10360539491086714,0.5436350822429569,-0.1753796518447637,0.25781587951940765,-0.07420636621137472,0.33675609026216874,-0.1082180008639731,0.20662405201200446,-0.2032185030389034,-0.5930986107057428,0.2313511245375038
-0.4186543195305461,0.23240542136002537,-0.4975881529272141,-0.1089762210460887,0.2416382365878088,-0.2237235479633989,-0.4233227057380046,-0.3341583399470847,0.2974709358933243,0.021474288694015894,-0.6057744189492376,-0.02530366626042818,-0.1290946950098224,-0.2923177409170607,1.1486281248310901,-0.3211369192595986,-0.02061139193709734,-0.12878605279887204,-0.3742329660739482,-0.39297622224245604,0.07653752807407288,-0.20731644615365097,0.8089811999264442,-0.5144687142253644,-1.023377748129211,0.6064205192221691,0.20233923090369774,-0.17442714890660024,0.43922569739139117,-0.5202824703965361,-0.5242251128165412,0.3889441007609532,0.014168280835517433,0.4493350674511554,-0.34522402267848823,0.5822104584602117,-0.5761353274370381,-0.035140697057971966,0.0015263238127195596,-0.7314232862216293,0.07955910357659082,-0.3864517098398943,0.6938859336266715,0.3684292261253693,0.04031744997046136,0.9466264651445575,-0.41195953583975814,-1.0856060119103603,-0.7091478220372534,0.2946081303345626,0.23445197532342174,-0.1716469356683329,0.12220224649897982,1.246466672847041,-0.10228977328931788,-0.07257318527176125
0.2900110550465295,-0.3311298647644531,-0.41601515473707285,1.4386558784545764,0.17287818541599312,-0.23412257523638783,-1.08505730458679,-0.5001846109535679,-0.5448980593646257,0.19894232983645088,1.1822974106280226,-0.5910892414757601,-0.8859659136342488,0.5969984354325422,-0.3211369192595986,1.5002272708786109,-0.1468439525961708,-0.9730789746663966,-0.5954273727285422,-0.32888684253505546,-0.02460261491844649,-0.8458261078409587,-0.06082103274083041,-0.7019196132597281,0.7560284208959385,-1.1614872451608886,0.062040925663135627,-0.42225392432401604,-0.4633100495751386,0.602815497259423,-0.5594365958276144,-0.10621615350024993,0.19120835000150763,0.831476223829051,-0.5538690724246353,-0.9996102830135893,-0.6013844332477177,-1.0051583428803628,-0.5857231365066848,0.6418561918085112,0.35758736642785904,0.5134985559752865,0.23319079445450316,-0.09298707695304236,0.48223632733605715,-0.23165522582252943,-0.17617995595035124,-0.8769083800034969,0.15289667055222256,1.0591883143048817,0.5115016087450935,-0.41556611512056135,-0.7142296284737746,-0.4618292345251864,-0.1807567510079988,-0.11024139993690853
-0.32400288492228563,-0.07147185985847543,0.31828952017393275,-0.060852479925074976,0.006150385892537386,0.2646415287538588,0.02096899775946226,-0.13128105520316607,0.1955864606468897,0.09352301686228358,-0.10736979382367684,-0.019363617365267257,0.289018482951512,-0.2381807502905099,-0.02061139193709734,-0.1468439525961708,0.16499025814652088,0.0736298131858885,0.06584246095961845,0.3859381512921316,0.013976401677001175,0.16639080067097908,-0.2847204938588755,-0.1534865145630129,-0.37170283349352784,-0.18810662409993453,-0.06766822095139945,0.21240808753288393,0.2517011450211033,0.02640147347444045,-0.1879453397915374,-0.20053476486606925,-0.08621200997967941,0.13452452458216071,-0.18043968280525002,0.14873824748640677,0.18397790213269113,-0.01424086735977915,0.17709329033204024,0.03974711496867154,-0.4276264735663637,-0.22178997767692613,-0.24460097241044665,0.2248528006715105,0.19174190902848215,0.3449796271459874,-0.38444714351591647,0.15035082331872593,0.11404845440071402,0.02321962962698892,-0.18648561494435453,0.2906488383461415,0.06824166029697872,-0.00732312707538666,0.22085441593976132,0.020120403630852237
0.42606427680554027,0.2606750221929053,0.39218670445278625,-0.7483296073174257,0.06825152164446849,0.7132105902240278,0.8594490776670329,1.265525211006045,0.22660620056649242,-0.14581735668839035,-0.870488332077368,-0.5462316846979286,1.0444950495549437,-0.6252699848865421,-0.12878605279887204,-0.9730789746663966,0.0736298131858885,1.8481473294363417,0.1506239541859476,0.47147736746431934,0.22887517770830412,0.44052291932672055,0.04071714123792669,-0.02008626800231777,0.28949630223566025,0.5941056270069766,0.7985075235723519,0.4413553508623207,0.7249469349957375,-0.5558331925907442,0.15374625193706717,-0.4010823895964951,0.07823949578576922,-1.4524328986119892,1.470410826247142,1.0744260531245546,0.4965489991741844,1.7134799255637063,0.505836672911593,0.044477832104169696,-0.4142717436257707,-0.7230668808697274,-0.10529092089007018,0.16887688863032985,-0.5622608276374251,-0.6385438861364082,0.7388078011550963,0.862228999798318,-0.12752899543946558,-0.7612707733911344,-0.826365350381233,0.43659443172360335,0.6019454950945972,0.5972374367086758,-0.42311117090048334,0.4860667877368156
-0.03565826019673743,0.010005050769270578,0.4968892891417822,-0.864440679201338,-0.3410874287262832,-0.02497924691151222,0.7841522922450693,0.07565100444525717,0.2518759633717871,-0.2559425525098062,0.06850273947501809,0.6335869448493974,0.4402173072719397,0.22135103139749665,-0.3742329660739482,-0.5954273727285422,0.06584246095961845,0.1506239541859476,0.7062972131245059,0.4280557703035753,-0.010049444115417283,0.5988544805510099,-0.19416729912935302,0.8441367132948786,0.08865821350787258,0.4050709585990658,-0.3497912065663678,0.27610857813047823,-0.11726131909542792,0.008957745524025586,0.673571001131834,-0.15549673618519005,0.04440962387235173,-0.35328777320610716,0.4757707664773671,-0.0026652356059214993,0.2621449871334556,0.09479028141130216,0.2117263236518507,-0.23605008135642958,-0.29890437518803825,0.4157535155011582,-0.5620897025479942,-0.3274739094720931,-0.4424254297020153,0.041669698768222414,0.23891751732174085,0.9578224717674678,0.378062348454015,-0.7967324560987364,-0.23539518932767103,0.34688518827974035,0.45324217611791706,-0.44740318451692385,0.1307885422402622,0.09762978351124832
-0.4708557383106984,-0.2635336335155701,1.083437682405,-0.3456108970021478,-0.10731301247633113,0.719988836410604,0.2589636814501808,-0.18176805733760248,0.6321296885069,-0.05792456093274131,0.4431931825203531,-0.2571059150307642,1.0553658123197935,-0.046842735498693805,-0.39297622224245604,-0.32888684253505546,0.3859381512921316,0.47147736746431934,0.4280557703035753,1.4417453076829763,0.2596714892644357,0.48680842352546394,-0.4678584056072736,-0.34844678091580433,-0.2662681521573348,-0.4848312184558578,0.12658537901259634,0.6826905142036831,0.75197128750511,0.08824249405310082,-0.4052594213483452,-1.0413988864625339,0.2624547818019162,0.10621451739323963,0.5998943156961493,0.2745184230250597,-0.05114880768364313,0.029738584753750626,0.40828539039764183,0.03725839968967358,-1.4844919897475888,0.08017017903186377,-0.8725604079203039,0.2825043638728447,-0.0713792890763467,0.9416132387488628,-0.5494744695823347,0.6888528815046027,0.5535669697368473,-0.23993195446486046,-0.6780601260433295,1.049743246407298,0.6011636343546668,0.019854986416935727,0.07912842669346355,0.45169256135876057
0.06538827960549201,-0.01232047176747375,0.09040052825094748,-0.04542664936730293,0.03623118317033987,0.09498194327304489,-0.04626059118551676,0.034340891111822376,0.1659125645509212,-0.11377621219324867,0.2320676711471947,-0.2694082088774741,0.2252894820611242,0.14866726312537878,0.07653752807407288,-0.02460261491844649,0.013976401677001175,0.22887517770830412,-0.010049444115417283,0.2596714892644357,0.168700922520636,-0.03660317422349669,0.2754084129524637,-0.26483881980684715,0.10086451044462648,0.026081524895965373,0.30046936026664667,0.08542246768707581,0.28175137183888416,-0.11283023310233081,-0.22092671513407028,-0.2943741917471937,0.2690108441632136,-0.023263367624741373,0.5142964131211353,0.14724874107950786,-0.4032699117720798,0.09303434847011195,0.012351833365173393,-0.13472357329909643,-0.31546951687892455,0.14903436351486626,0.008848149407727891,0.024235867055314955,-0.23118069152551488,0.2917958106982643,0.064070875181042,-0.11196421456410288,-0.02060292487924758,-0.017800969596797615,-0.1281487466363518,0.19849465780740821,0.2570373587202339,0.37773840878306825,-0.2951025855662092,0.24173668220404185
-0.24944049456943426,0.06807943583325944,0.567040541111694,-0.9092194973862086,-0.24084660410012845,0.22347864743618728,0.8126578077130443,0.19561261645343225,0.3326947348413234,-0.1085415667483111,-0.45878581731105217,0.5377264617834897,0.6316342121746595,-0.259591821571968,-0.20731644615365097,-0.8458261078409587,0.16639080067097908,0.44052291932672055,0.5988544805510099,0.48680842352546394,-0.03660317422349669,0.6880064028014081,-0.37058167627805183,0.6618434106130336,-0.33187596920379475,0.42985623616559826,-0.2941362244662884,0.3855209850884252,0.13666786540928058,-0.1212768671285533,0.5123250229075595,-0.10672092255597888,-0.16433203211400918,-0.4514433446866977,0.2415575167611336,0.35052331560149264,0.6023356221437037,0.40499174548213296,0.39871235349628875,-0.1935225314458137,-0.4124469940398477,-0.1288473222907664,-0.5339669691447312,-0.03567606209048081,-0.21872449502796143,0.08593587872095908,0.00998859854293431,0.9709381228205641,0.2492386294658806,-0.7530430262590034,-0.3892191389128398,0.42420587347827016,0.4169279984662212,-0.257618737260431,0.3160029099399736,0.04598772828546445
0.39264133003288176,0.24388202005006587,-0.6584883173174191,-0.21167991393841018,0.10180388358682219,-0.5478942218685464,-0.23813219435673805,4.1836266397490466e-4,0.14975602527999426,-0.40431872114374096,0.2767480248499046,-0.1944070942424215,-0.21748944431384776,0.6091712534984502,0.8089811999264442,-0.06082103274083041,-0.2847204938588755,0.04071714123792669,-0.19416729912935302,-0.4678584056072736,0.2754084129524637,-0.37058167627805183,1.4398000341523214,-0.23784546152259065,0.19499941188668218,0.8474157536255954,0.5794624509349198,-0.3275027477316974,0.17999286357550112,-0.5191683995255528,-0.17116071445290928,0.1352200552572314,0.6118720776752217,0.02335841273986458,0.9589234963051848,0.24840675498420092,-1.3354259209979042,0.039371759674937626,-0.29042180390226063,-0.8342366385258244,0.28410706704602323,0.581294472898563,0.7672053398734532,-0.24667287143214955,-0.7830110000455314,0.5079400644555262,0.5582834389815554,-0.9637610239450094,-0.5859825040549979,-0.042617926185877966,0.29206582390659747,-0.2672723990099123,0.4465922750623761,1.2555195654977558,-0.8833962121491894,0.29526919154567555
0.3201504511412092,0.18560103780607612,0.08686882878936414,-1.0909641485660195,-0.48542744794102155,-0.4646788584523962,1.1619728862488492,0.37662154365006956,-0.14914243404651142,-0.3000872587103942,-0.305003148650874,1.21052476500594,-0.043257670171898424,0.2673630705679672,-0.5144687142253644,-0.7019196132597281,-0.1534865145630129,-0.02008626800231777,0.8441367132948786,-0.34844678091580433,-0.26483881980684715,0.6618434106130336,-0.23784546152259065,1.699423370066772,0.42554424351217124,0.8777726355451441,-0.7197207292349898,-0.017514125631605846,-0.8146613022249587,0.03796569419178635,1.4763335527652135,0.5169312927359092,-0.2431262628935878,-0.7802795826747864,0.2264763118935931,-0.24711174800157548,0.7640082072202851,0.23339664712425923,0.08644536611465209,-0.1981098173866874,0.648263491259951,0.47810254181955747,-0.3769744888203291,-0.7241298726063234,-0.548087028532134,-0.9032682850532574,0.8097194452468407,1.2668755270547816,0.29952039202101044,-1.132363519624091,0.05427369224211893,-0.21386829449353403,0.18256392596753446,-1.0019822979755542,0.27467144106127284,-0.224556732571318
1.3441842563699722,-0.0829489733196239,-0.21309975900932054,0.3603609286865891,-0.15617882495314434,-0.2476671173654631,0.22178227557396654,0.7617266927769446,-0.637446162411413,-0.34041732979829387,1.1428693393995761,-0.41237131447453185,-0.33471226030533063,0.9989045477702828,-1.023377748129211,0.7560284208959385,-0.37170283349352784,0.28949630223566025,0.08865821350787258,-0.2662681521573348,0.10086451044462648,-0.33187596920379475,0.19499941188668218,0.42554424351217124,2.1233649395665086,-0.22624518589858778,0.4210512951770028,-0.2620511008739249,-0.6849722163900033,0.33374960337525056,0.6171161505038883,-0.27612306486275795,0.5147902500866156,-0.8298287468077421,1.400225417828626,-0.761707285447324,-0.3477279696643729,0.2423108744987281,-0.4385646981179709,0.5818164703128799,0.6130963266234155,1.015484892914421,-0.03025381049243247,-0.8365704815965315,-0.7207203117435397,-1.5419278738709679,1.4376200097977356,0.5063499487094059,0.3778405290569451,-0.26075995768814597,0.056491195122241024,-0.3327239940013695,-0.0545364124614251,-0.747089016598294,-0.8307219856943675,0.3243502966481966
0.22382452727241955,0.4747692749071366,-0.3180435051183836,-1.2850628480731874,-0.15681685986853355,-0.41721736061575687,0.8587509646960992,0.5157270579260405,0.2427241562090861,-0.405880625276107,-0.8798976907867647,0.6634728530395632,0.21800464199657424,-0.028382681041833956,0.6064205192221691,-1.1614872451608886,-0.18810662409993453,0.5941056270069766,0.4050709585990658,-0.4848312184558578,0.026081524895965373,0.42985623616559826,0.8474157536255954,0.8777726355451441,-0.22624518589858778,1.5909311708761702,0.058650940621284675,-0.0603135425069429,0.014668418415861624,-0.7035265543409013,0.7786966810170945,0.5451083584201725,0.05300164155571606,-0.814414638519712,0.7980393731037991,0.6955708227814177,-0.057089494555464554,0.7959524960752671,0.17212561783278704,-0.9222882176216909,0.45989610107635126,0.030227317532253502,0.37443377518012766,-0.3186970640299631,-0.8615669991090977,-0.08236862933019523,0.7779058257567254,0.25520001193850517,-0.48222959978459395,-0.9803377104875511,-0.0199915629954595,-0.18348364408927334,0.611283705038301,0.7135259084260817,-0.2927682903738683,0.05873918025098025
0.4217519355691637,0.07923544164473792,-0.1317360448235131,0.1949826962405601,0.23579927850021362,0.26283895828505777,-0.19196627503781508,0.49176546693185064,0.05807578072953182,-0.1122183298436415,0.09545334395003864,-0.874058236026035,0.2833747881749399,0.01769561515218714,0.20233923090369774,0.062040925663135627,-0.06766822095139945,0.7985075235723519,-0.3497912065663678,0.12658537901259634,0.30046936026664667,-0.2941362244662884,0.5794624509349198,-0.7197207292349898,0.4210512951770028,0.058650940621284675,0.8753744208060877,0.02372902968293548,0.5389388818521592,-0.3176148252045571,-0.4960495731382951,-0.3834159091524186,0.41279264203392807,-0.3965683390589487,1.0315895319845567,0.44172568654368183,-0.5895113860803255,0.6323259322070213,-0.017172446982598,-0.019258508308926635,-0.21555297337463694,-0.118307506777347,0.3487118861002527,0.13446117258810883,-0.354631883600582,-0.040810279138583455,0.40069473189653027,-0.393360890453534,-0.2793601356443734,0.1287476564518083,-0.24289564693141008,0.1045013697327261,0.2663906912161331,0.8770908918096622,-0.7091052037701158,0.43246946586286983
-0.2643589597206637,-0.05736170595286689,0.5739048764508153,-0.37640793248792703,-0.06711303908284313,0.42379622626414337,0.33621875839387205,0.0772368199717351,0.3321839139369899,-0.007846853097581097,-0.12572859971893313,-0.02132277458202017,0.6333634143505484,-0.24148042917924845,-0.17442714890660024,-0.42225392432401604,0.21240808753288393,0.4413553508623207,0.27610857813047823,0.6826905142036831,0.08542246768707581,0.3855209850884252,-0.3275027477316974,-0.017514125631605846,-0.2620511008739249,-0.0603135425069429,0.02372902968293548,0.39251093145176674,0.40058913792291584,-0.04539810323126962,-0.05848936576983579,-0.4144442511564765,-0.002965735784129128,-0.16757903013063677,0.2727404396592762,0.3176122532262274,0.2587473338497869,0.27100096611278673,0.3177224576054296,0.0026908919070684654,-0.6873118523408525,-0.18641442459731725,-0.4529125108592581,0.18059666525895696,-0.03285444619510391,0.32364056908600825,-0.2249480597843336,0.5410080892039836,0.23180889497084997,-0.2862576299722963,-0.4229174141613277,0.5245603437992292,0.3250037373231143,-0.001184391111432849,0.14233194880723915,0.18109430723032313
-0.4157627953580626,0.015257423561579319,0.4092041658809421,-0.19775532991706038,0.19704660692384934,0.5870840637978336,-0.08156727859885587,0.032664774895614035,0.5614125288460085,0.027522862756416782,-0.30673864462186234,-0.5653305506660079,0.790034772348885,-0.4569616751109818,0.43922569739139117,-0.4633100495751386,0.2517011450211033,0.7249469349957375,-0.11726131909542792,0.75197128750511,0.28175137183888416,0.13666786540928058,0.17999286357550112,-0.8146613022249587,-0.6849722163900033,0.014668418415861624,0.5389388818521592,0.40058913792291584,0.992232837541711,-0.37655913065077773,-0.7490881649967134,-0.5549380449333335,0.18219261156502498,0.022941413478276267,0.45690203353380354,0.8057856866531108,-0.2760572012416058,0.45844630830272276,0.35120180471207496,-0.26143560991956855,-0.9769193737611505,-0.5185699888341769,-0.056855854720904105,0.5583525069779848,-0.01896527235370293,0.9424141749320756,-0.4752829518590155,-0.19911104362384255,-0.17127481484822493,0.06172022346362952,-0.48929354289232774,0.6226331623597638,0.4774552579678631,0.998261784164949,-0.15595287909959252,0.36609648599384836
-0.006149545692191932,-0.24446433122629296,0.13452693772354196,0.5036904436941251,-0.07297750054996525,-0.016202597480842098,-0.23352781195356015,-0.2957569369005789,-0.2402311639668683,0.13152841363275863,0.5777891625871927,0.03421612080691863,-0.28700103388013354,0.2377353934725084,-0.5202824703965361,0.602815497259423,0.02640147347444045,-0.5558331925907442,0.008957745524025586,0.08824249405310082,-0.11283023310233081,-0.1212768671285533,-0.5191683995255528,0.03796569419178635,0.33374960337525056,-0.7035265543409013,-0.3176148252045571,-0.04539810323126962,-0.37655913065077773,0.48581052148410525,0.015928718251576303,-0.11409020256334386,-0.07504107454017835,0.3625587915212798,-0.47481372671107486,-0.6360952154310239,0.15862326144841093,-0.5791758550938041,-0.16191466486832734,0.4701724585973653,0.02389186894909831,0.2809616888762063,-0.3002835084880146,-0.1076773939059729,0.3390924040911318,-0.21683671204505722,-0.20218409969125015,0.14031460458097908,0.3878950827900858,0.29171796918762277,0.1385421176561563,-0.036908721682022326,-0.35921033274535097,-0.7957907417971137,0.24180955913320615,-0.1390742039811567
0.4813731300126916,0.1908259456763198,-0.00583287326096104,-0.886333635930157,-0.39687334621252657,-0.38945382398227807,1.0417364418668325,0.5387222960444283,-0.2389202772725022,-0.27368271842241304,-0.2835800254994744,0.9244725207103504,-0.06899224317708193,0.23708899430911398,-0.5242251128165412,-0.5594365958276144,-0.1879453397915374,0.15374625193706717,0.673571001131834,-0.4052594213483452,-0.22092671513407028,0.5123250229075595,-0.17116071445290928,1.4763335527652135,0.6171161505038883,0.7786966810170945,-0.4960495731382951,-0.05848936576983579,-0.7490881649967134,0.015928718251576303,1.335926816281348,0.4625699509315278,-0.18956476541161038,-0.8873642387873264,0.38037916268731964,-0.2061397044684326,0.6956330890469062,0.39093590811616846,0.04433860380620902,-0.07092535899477201,0.7030213890649508,0.38741623605341513,-0.2531517368007044,-0.681133731028137,-0.5433108059134032,-1.0857455802304588,0.9261481934677669,1.1357027048731454,0.2297098466589927,-1.0029342574221563,0.027768482142469443,-0.26961532023276774,0.12337877455265928,-0.8800743101818073,0.11875622701945228,-0.16026288293145985
0.046336045346402524,0.24336043928995255,-0.6820373499244295,-0.05241368548950609,0.015993766058796238,-0.513357321516238,0.020218415133906043,0.04111154984609861,-0.34925817283773775,0.10208209175613135,-0.7352300501075477,0.5525982253095486,-0.6789190447798934,-0.2340311834922584,0.3889441007609532,-0.10621615350024993,-0.20053476486606925,-0.4010823895964951,-0.15549673618519005,-1.0413988864625339,-0.2943741917471937,-0.10672092255597888,0.1352200552572314,0.5169312927359092,-0.27612306486275795,0.5451083584201725,-0.3834159091524186,-0.4144442511564765,-0.5549380449333335,-0.11409020256334386,0.4625699509315278,0.9438228927402961,-0.43098018492155515,-0.05416063920995554,-0.8214287942103968,-0.057661036881092996,0.40567266627241705,-0.006401628190822868,-0.14190718949874429,-0.14976127169228143,1.0606677481591869,-0.2910962041773443,0.524112774247317,-0.11849306830420539,0.18390730002917796,-0.5479387592592723,0.17346957730424764,-0.29680621612251773,-0.4094243788983808,0.006932849370196459,0.46706237384474175,-0.7181585022835603,-0.42736919067984863,-0.11609688944459674,0.27735163224658127,-0.48579361727168635
0.304102841629463,-0.05044439050604815,0.01051325716658947,-0.01097655786509472,-0.01897657396400421,-0.10796670096303461,-0.11803209895889473,-0.042785039785767906,0.15424843750722608,-0.2962474284598673,0.7725759642820638,-0.32204278188026086,0.12206032565072278,0.6358552754827265,0.014168280835517433,0.19120835000150763,-0.08621200997967941,0.07823949578576922,0.04440962387235173,0.2624547818019162,0.2690108441632136,-0.16433203211400918,0.6118720776752217,-0.2431262628935878,0.5147902500866156,0.05300164155571606,0.41279264203392807,-0.002965735784129128,0.18219261156502498,-0.07504107454017835,-0.18956476541161038,-0.43098018492155515,0.5772810201432855,0.04798285788060005,0.9523490970002186,-0.08096613434739676,-0.9159058205403791,-0.12208543322306825,-0.16353005869677498,-0.2543180029936508,-0.3038871460898011,0.6814197730288131,0.04984176045086599,-0.2207294959830349,-0.5405521344393346,0.37050715719583455,0.31860854150148554,-0.239546475501936,0.03604898626637869,-0.044699617815168347,-0.024934780729788615,0.17762349716367037,0.39321380905685166,0.437427388596303,-0.6186894018418672,0.3898740579260944
-0.7972292064329948,-0.3124812985140222,-0.10114182094066008,0.8402227019115296,0.12831788828743626,-0.2441143360833326,-1.124691507396137,-1.367108402759756,0.15455015096468688,0.24092730769164122,0.7571030140766961,0.010361123311621121,-0.5407048416094566,0.2801415892051717,0.4493350674511554,0.831476223829051,0.13452452458216071,-1.4524328986119892,-0.35328777320610716,0.10621451739323963,-0.023263367624741373,-0.4514433446866977,0.02335841273986458,-0.7802795826747864,-0.8298287468077421,-0.814414638519712,-0.3965683390589487,-0.16757903013063677,0.022941413478276267,0.3625587915212798,-0.8873642387873264,-0.05416063920995554,0.04798285788060005,1.6623148777607146,-1.319058715547998,-0.5705507456742218,-0.7508332149364079,-1.5348938621382275,-0.2920039565296559,-0.13467926150272766,-0.3512768366247126,0.31184563478318034,0.07497105725005278,0.3228736342119437,0.7077389872482758,1.4154093380059112,-1.2544449649966138,-1.171290484331707,0.017511810194995217,1.0203559399572624,0.508492011442742,0.017498078662285373,-0.36357778513071487,0.11621708643684528,0.3460943366556752,-0.24121117414615528
1.0463658424212972,0.1644458308457531,0.29587023063270085,-0.8924369427241284,-0.16375169351836041,0.14506693256417078,0.8475350409457321,1.0477740404612828,0.2898670588525856,-0.7198062045672305,0.6255205877096303,-0.5321478376994124,0.8875513720442054,0.7695782420327583,-0.34522402267848823,-0.5538690724246353,-0.18043968280525002,1.470410826247142,0.4757707664773671,0.5998943156961493,0.5142964131211353,0.2415575167611336,0.9589234963051848,0.2264763118935931,1.400225417828626,0.7980393731037991,1.0315895319845567,0.2727404396592762,0.45690203353380354,-0.47481372671107486,0.38037916268731964,-0.8214287942103968,0.9523490970002186,-1.319058715547998,2.8043514534539633,0.4766919674305659,-0.8916744210178538,1.1379772138874282,0.08115953626366738,-0.3893114494350213,-0.48705964076418184,0.8459908656519329,-0.11916794411832804,-0.5715250241321946,-1.5365879321257498,-0.3364406534406172,1.4736607445610859,0.7134791978201547,0.1018653002380295,-1.0335056598601444,-0.6021020747075151,0.481975030888628,1.1181053398292333,0.7139541910099255,-1.2910695084106325,0.9282060439312614
