V1,V2,V3,V4,V5,V6,V7,V8,V9,V10,V11,V12,V13,V14,V15,V16,V17,V18,V19,V20,V21,V22,V23,V24,V25,V26,V27,V28,V29,V30,V31,V32,V33,V34,V35,V36,V37,V38,V39,V40,V41,V42,V43,V44,V45,V46,V47,V48,V49,V50,V51,V52,V53,V54,V55,V56
61415057826042.82,21955453558742.215,31075951262673.465,55172948748599.9,1100774832952.778,-115977921103325.12,-61534528600831.57,-3450049271960.3574,84102099904403.67,11014300457201.086,49993969911669.914,-41090870452528.31,89411289374294.39,-22459720674484.9,-41519650104006.164,6215663548393.183,-69613584711680.49,2881902329351.5967,15233425177555.1,36628107809801.92,-25333801019667.4,11261507504087.127,-26675855401119.14,-9522870612974.0625,189273608136.59406,-57168271858728.38,22873636885796.74,66816468207872.586,-41664615805768.35,34624778429048.38,79839009252455.22,27797008658364.324,-19857309738993.664,-48831518259944.27,50245893661770.55,66836410720165.03,35675139068497.586,-14161458424285.488,-101896401147159.1,-83569561097782.61,7348528075765.558,-38430030259229.086,-47346523719453.43,12629285003933.049,-22360383215002.844,5720538785731.226,34847122461242.523,-27521711618084.246,26043743648232.44,41130182962419.26,53480557378026.69,22325377318240.582,58463913590699.03,23938408567187.062,28024805914862.656,60839532326851.625
21955453558742.215,7848921063227.076,11109435192162.777,19723943228708.344,393519302578.18506,-41461295499158.99,-21998163524999.637,-1233368480746.5117,30065912400082.793,3937535365594.622,17872494522791.24,-14689698745608.63,31963910496426.965,-8029193029625.639,-14842984471589.285,2222056238390.935,-24886369569560.37,1030259923097.473,5445842939263.796,13094292319003.184,-9056656648100.754,4025910155579.5176,-9536431701454.832,-3404359629217.546,67663990891.38251,-20437257282782.094,8177165179719.97,23886419985996.438,-14894808695896.73,12378116079186.45,28541887313422.004,9937236148165.555,-7098849324719.288,-17456926188945.535,17962555501179.977,23893549294637.613,12753612660247.172,-5062622323651.095,-36427250618670.336,-29875533501961.26,2627047382249.121,-13738466989764.172,-16926051028637.123,4514881043820.845,-7993680582752.928,2045052599263.7515,12457602515343.117,-9838819382038.975,9310456171581.992,14703752692894.693,19118925152440.074,7981166219535.015,20900440138616.754,8557813607466.491,10018672073864.303,21749707218729.51
31075951262673.465,11109435192162.777,15724396932352.266,27917450980603.195,556990846722.1897,-58684699670261.92,-31136403342441.42,-1745721111798.9575,42555569435765.68,5573223836570.116,25296893423159.78,-20791934954136.39,45242013429320.98,-11364593794416.346,-21008896983049.367,3145118873650.8706,-35224396789590.39,1458239387877.662,7708096273753.478,18533781997982.312,-12818875266964.13,5698310328592.653,-13497953298088.11,-4818561986666.893,95772236157.8324,-28927082265153.812,11574034939061.686,33809058935564.906,-21082249467638.555,17520099549360.027,40398450285873.59,14065255604939.893,-10047776742385.68,-24708694174425.984,25424366561786.78,33819149824705.03,18051580869986.645,-7165682283455.374,-51559466163168.914,-42286105389229.734,3718347070220.3223,-19445552762346.16,-23957288581088.594,6390404229143.253,-11314329149902.125,2894586291934.385,17632605383476.133,-13925955607360.316,13178105450986.531,20811827040615.074,27061102820869.01,11296616204898.479,29582675547026.66,12112808230955.07,14180520764516.05,30784735997290.945
55172948748599.9,19723943228708.344,27917450980603.195,49565275705478.84,988894183154.7402,-104190146903837.31,-55280276742218.664,-3099392859014.7217,75554123238287.02,9894828013483.617,44912678377483.625,-36914472928354.74,80323696839417.1,-20176957598756.844,-37299672235703.26,5583915387092.996,-62538193033749.48,2588991285592.9287,13685128962468.174,32905296949691.65,-22758921911699.38,10116909408681.328,-23964572451268.68,-8554984247632.49,170036200417.96692,-51357797988920.125,20548804157586.38,60025370104466.98,-37429903900652.414,31105582137666.766,71724324970949.875,24971773834624.727,-17839050736023.676,-43868376089516.766,45138997079198.6,60043285697932.35,32049186129575.582,-12722114860848.818,-91539845718018.1,-75075710657978.875,6601637729467.951,-34524075445884.59,-42534313555431.14,11345668618064.2,-20087716608764.26,5139114158836.023,31305327547456.8,-24724457459266.11,23396707328610.89,36949789789888.53,48044895758663.07,20056268644431.977,52521753171979.64,21505354480679.516,25176418213425.594,54655918560982.08
1100774832952.778,393519302578.18506,556990846722.1897,988894183154.7402,19729774354.495594,-2078734128857.6145,-1102916171361.4243,-61837072950.22513,1507406786711.6348,197415180821.28934,896068583604.2661,-736493584137.4069,1602566220875.488,-402557551010.95605,-744178830490.7672,111406652478.6088,-1247721402450.2815,51653872315.42025,273036803166.33987,656505109380.9436,-454071225732.402,201846004553.79312,-478125582104.5447,-170683488370.86725,3392451814.855133,-1024657423327.4266,409976392000.232,1197587191700.7158,-746777128071.1389,620598368550.3436,1430997139528.079,498220609824.77515,-355913151995.4541,-875233342736.4093,900583947324.2744,1197944631983.7434,639424542429.9113,-253823371387.67508,-1826343537263.9863,-1497861809687.2988,131711587538.70578,-688801926374.7148,-848616993666.7085,226361410094.43762,-400777072749.3455,102532267316.44722,624583559210.966,-493286314160.96814,466795906063.6298,737198203216.2866,958560550098.1113,400149643393.8143,1047879901031.2985,429060862669.0635,502303541532.81854,1090459382513.6221
-115977921103325.12,-41461295499158.99,-58684699670261.92,-104190146903837.31,-2078734128857.6145,219015965458320.2,116203533071841.52,6515169999502.972,-158820768922257.12,-20799714510598.266,-94410017726939.39,77597154510689.55,-168846791517656.88,42413567691595.98,78406874054235.3,-11737833719252.387,131460249671660.05,-5442265346843.268,-28767228199640.02,-69169548122251.48,47841061783719.92,-21266547245025.797,50375434992472.47,17983256480146.824,-357429600629.77045,107958171138180,-43195218697036.97,-126178096260450.45,78680631359313.1,-65386404621465.03,-150770228732447.38,-52492652310442.99,37499101747271.2,92214811360250.94,-94885757616268.6,-126215756261094.64,-67369935170556.875,26742896058032.004,192424027449941.22,157815107674266.9,-13877166928845.691,72572349113923.61,89410505938220.45,-23849496713435.65,42225976041498.805,-10802826203295.213,-65806285340238.96,51972773643098.164,-49181737394524.55,-77671393359139.06,-100994187479549.3,-42159869922305.62,-110404897395351.02,-45205963462711.52,-52922831051242.2,-114891082577060.56
-61534528600831.57,-21998163524999.637,-31136403342441.42,-55280276742218.664,-1102916171361.4243,116203533071841.52,61654231782241.836,3456760656337.325,-84265703805346.61,-11035726587143.521,-50091223232459.92,41170804564838.49,-89585221246943.22,22503411592080.04,41600418321809.7,-6227754885049.915,69749004089204.38,-2887508496900.2188,-15263058775129.025,-36699360505378.72,25383082888696.45,-11283414526150.943,26727747969909.035,9541395462915.785,-189641802280.13254,57279481356434.12,-22918132995020.812,-66946446351800.734,41745666025500.02,-34692134045932.01,-79994320158794.3,-27851082207731.805,19895938183934.6,48926510262348.45,-50343637050090.56,-66966427658283.26,-35744537953008.16,14189006723839.527,102094620320505.7,83732129050440.53,-7362823174945.552,38504788236389.57,47438626960459.914,-12653852764965.84,22403880891335.45,-5731666955681.057,-34914910604198.367,27575249631837.87,-26094406569382.64,-41210193549393.89,-53584593160981.24,-22368806897566.78,-58577643501589.73,-23984975977851.37,-28079322598465.402,-60957883531298.65
-3450049271960.3574,-1233368480746.5117,-1745721111798.9575,-3099392859014.7217,-61837072950.22513,6515169999502.972,3456760656337.325,193809798448.7617,-4724515433452.386,-618738801503.3302,-2808458798242.636,2308318720313.636,-5022764200345.971,1261696165473.9402,2332405824954.6074,-349170810204.8189,3910609315607.4883,-161893603705.7393,-855752144565.6099,-2057618785289.4114,1423150361779.911,-632625892427.4187,1498541542796.3977,534956311826.97034,-10632624914.288532,3211482032047.2188,-1284948302230.2515,-3753478636272.966,2340549411096.897,-1945079852392.006,-4485032262376.187,-1561523393108.8542,1115503256582.0664,2743156971351.275,-2822610854455.253,-3754598925864.1685,-2004084860083.9487,795533392885.2158,5724127226076.487,4694599559607.786,-412810552252.2909,2158843492304.4631,2659735990982.114,-709462094077.9491,1256115789228.2534,-321356705856.2199,-1957570239823.5132,1546058320095.2297,-1463032064012.8374,-2310527137937.6753,-3004321164505.1963,-1254149299691.77,-3284265938344.5933,-1344762863906.3694,-1574320120600.7764,-3417718579785.4463
84102099904403.67,30065912400082.793,42555569435765.68,75554123238287.02,1507406786711.6348,-158820768922257.12,-84265703805346.61,-4724515433452.386,115169853431791.47,15083040384858.734,68462002658020.7,-56270051910495.12,122440285130690.9,-30756458413518.77,-56857224997389.81,8511762020965.71,-95329205301876.8,3946492052558.04,20860731741030.977,50158721515083.72,-34692239000236.312,15421567001786.807,-36530055256726.1,-13040668592018.902,259192264311.8467,-78286529092644.31,31323277428074.11,91498819400200.33,-57055741784052.195,47415351832052.65,109331954900013.36,38065368363749.97,-27192703330702.89,-66870135314601.62,68806988352885.734,91526128780351.56,48853721159732.55,-19392774888609.105,-139537462188038.8,-114440592017689.05,10063112602269.312,-52626283497863.305,-64836576060198.66,17294608630517.637,-30620425179368.54,7833735593432.582,47719830907227.914,-37688375163636.64,35664438131645.71,56323886666194.44,73236553685092.44,30572487922106.44,80060787625318.05,32781381311608.73,38377315112676.586,83313972289713.625
11014300457201.086,3937535365594.622,5573223836570.116,9894828013483.617,197415180821.28934,-20799714510598.266,-11035726587143.521,-618738801503.3302,15083040384858.734,1975326880016.013,8966019493380.271,-7369319662517.558,16035201142750.426,-4027971648163.4976,-7446217870847.217,1114729649148.906,-12484640820319.314,516846181822.51917,2731993225067.1567,6568958800602.92,-4543415019552.85,2019661490874.131,-4784101761705.143,-1707850840805.8884,33944710994.834515,-10252673288276.545,4102204217127.154,11983000299617.984,-7472216312462.85,6209677665073.152,14318489100875.46,4985171650279.631,-3561250017162.0054,-8757543067365.943,9011200007315.537,11986576830033.268,6398051462653.655,-2539744543415.4873,-18274306293437.66,-14987533800172.877,1317899860550.7725,-6892119210461.514,-8491221148520.092,2264961469008.8164,-4010156267633.591,1025932974639.4928,6249553292681.727,-4935799323297.08,4670737563814.772,7376370047406.101,9591311128431.205,4003878239437.748,10485036292170.35,4293162520062.627,5026025270143.91,10911084552286.947
49993969911669.914,17872494522791.24,25296893423159.78,44912678377483.625,896068583604.2661,-94410017726939.39,-50091223232459.92,-2808458798242.636,68462002658020.7,8966019493380.271,40696811433581.97,-33449382183547.8,72783865536744.64,-18282985303134.043,-33798423571011.12,5059763963743.275,-56667852847700.88,2345967641194.109,12400532164856.955,29816539861469.05,-20622585580118.926,9167254534125.086,-21715064016858.61,-7751944291028.247,154075228538.5212,-46536940033547.36,18619927338960.42,54390903785357.32,-33916430639450.81,28185760825678.945,64991700205681.234,22627721338908.652,-16164533271789.404,-39750535797649.11,40901886033010.23,54407137676438.69,29040790521389.31,-11527914349188.975,-82947176040895.66,-68028497748680.56,5981954662576.22,-31283366726226.2,-38541699153929.164,10280672474183.055,-18202121193643.926,4656715373328.21,28366756517111.1,-22403620077171.08,21200503303684.32,33481383919054.61,43535013579074.414,18173625189382.734,47591636976892.55,19486688118588.93,22813156142530.188,49525472355721.01
-41090870452528.31,-14689698745608.63,-20791934954136.39,-36914472928354.74,-736493584137.4069,77597154510689.55,41170804564838.49,2308318720313.636,-56270051910495.12,-7369319662517.558,-33449382183547.8,27492600256587.383,-59822262466630.05,15027087904881.305,27779483143865.12,-4158703658099.355,46576245181208.375,-1928189591674.523,-10192202412185.838,-24506707087974.51,16950044054633.959,-7534718069653.197,17847970144432.863,6371451180626.134,-126636977759.75406,38249480438426.75,-15304026135003.521,-44704783100618.73,27876475104502.29,-23166342835750.28,-53417752948199.57,-18598098286970.36,13285897154602.54,32671622592999.17,-33617936387448.938,-44718126004104.56,-23869105879405.95,9474983401944.55,68175655406472.28,55913747058095.73,-4916667440635.47,25712316340100.516,31678059769060.69,-8449854683433.327,14960624356311.277,-3827431357778.5957,-23315106187053.793,18413905754739.074,-17425044186714.2,-27518903012103.176,-35782147452732.52,-14937203019267.664,-39116353294135.82,-16016431150487.338,-18750510217976.96,-40705804565326.05
89411289374294.39,31963910496426.965,45242013429320.98,80323696839417.1,1602566220875.488,-168846791517656.88,-89585221246943.22,-5022764200345.971,122440285130690.9,16035201142750.426,72783865536744.64,-59822262466630.05,130169683959558.98,-32698049233794.035,-60446502561047.664,9049091735007.484,-101347138427650.92,4195625832479.1436,22177626056624.96,53325136579556.54,-36882287408021.61,16395098236181.943,-38836121156674.56,-13863898695046.6,275554529248.5574,-83228593754115.94,33300650345904.848,97274948284249.56,-60657551296788.15,50408583712636.54,116233852288278.52,40468355365431.24,-28909321754563.734,-71091506941065.78,73150629456179.98,97303981648388.56,51937754284246.16,-20617000161790.703,-148346170005634.4,-121664986970479.33,10698375830215.123,-55948470583607.85,-68929573348898.2,18386381061068.766,-32553428506403.97,8328262918789.157,50732283914293.51,-40067563373961.68,37915859434958.75,59879495697733.625,77859823972968.875,32502465070464.54,85114857512927.36,34850801274557.707,40799994659447.61,88573408913509.36
-22459720674484.9,-8029193029625.639,-11364593794416.346,-20176957598756.844,-402557551010.95605,42413567691595.98,22503411592080.04,1261696165473.9402,-30756458413518.77,-4027971648163.4976,-18282985303134.043,15027087904881.305,-32698049233794.035,8213605435409.106,15183894257328.521,-2273091844982.486,25457953197774.04,-1053922663587.6339,-5570921635742.833,-13395038600684.145,9264667569578.152,-4118376207214.2446,9755461970892.535,3482550070904.335,-69218079739.40683,20906654863486.57,-8364976171149.727,-24435037033671.33,15236908766867.926,-12662413412278.771,-29197429917218.82,-10165471989320.72,7261893839582.861,17857872304474.457,-18375114778524.695,-24442330086409.805,-13046534300617.838,5178899309249.195,37263902184750.85,30561706942651.195,-2687384719522.596,14054008506824.11,17314804142314.463,-4618577650944.144,8177277347941.0205,-2092022832560.5208,-12743725472112.922,10064794812646.328,-9524296294143.6875,-15041464639550.93,-19558043625531.133,-8164475558102.777,-21380475982024.2,-8754367232440.402,-10248778314062.818,-22249248806340.152
-41519650104006.164,-14842984471589.285,-21008896983049.367,-37299672235703.26,-744178830490.7672,78406874054235.3,41600418321809.7,2332405824954.6074,-56857224997389.81,-7446217870847.217,-33798423571011.12,27779483143865.12,-60446502561047.664,15183894257328.521,28069359629066.48,-4202099368277.1064,47062264239845.08,-1948310081992.1467,-10298557155952.406,-24762432440304.863,17126916286889.512,-7613342195944.044,18034212157167.215,6437936718326.424,-127958423584.25307,38648610432776.1,-15463722313742.895,-45171273615571.57,28167363692358.31,-23408081603942.082,-53975162544043.305,-18792167821487.13,13424534333342.176,33012548126927.734,-33968736623336.6,-45184755751091.73,-24118177918700.902,9573854027854.465,68887062428092.51,56497202134912.99,-4967972436816.163,25980622119889.418,32008617561525.188,-8538028180521.067,15116737167423.54,-3867370270377.735,-23558397287850.418,18606053256237.14,-17606873003944.63,-27806060366343.273,-36155531042442.77,-15093071430768.998,-39524529031174.46,-16183561213466.693,-18946170157709.523,-41130566087834.95
6215663548393.183,2222056238390.935,3145118873650.8706,5583915387092.996,111406652478.6088,-11737833719252.387,-6227754885049.915,-349170810204.8189,8511762020965.71,1114729649148.906,5059763963743.275,-4158703658099.355,9049091735007.484,-2273091844982.486,-4202099368277.1064,629071675813.7694,-7045415835819.702,291670086989.50104,1541736651319.068,3707038674536.0225,-2563970288625.4854,1139748852657.4563,-2699796237408.1445,-963785785446.7762,19155905870.847706,-5785857020984.077,2314983263761.583,6762326709003.528,-4216770982374.887,3504286746130.294,8080305337429.725,2813265338959.15,-2009708379066.0774,-4942115155549.566,5085260532922.258,6764345040518.855,3610591104872.262,-1433245592135.4282,-10312678498436.223,-8457865107641.991,743726045561.2747,-3889406713945.1255,-4791822592754.441,1278178173560.689,-2263038150534.0737,578961343785.7556,3526789626450.1987,-2785403217863.3457,2635821796611.1304,4162682378357.123,5412632712712.267,2259495291760.141,5916985662236.473,2422746127815.558,2836320126396.3994,6157416060022.7705
-69613584711680.49,-24886369569560.37,-35224396789590.39,-62538193033749.48,-1247721402450.2815,131460249671660.05,69749004089204.38,3910609315607.4883,-95329205301876.8,-12484640820319.314,-56667852847700.88,46576245181208.375,-101347138427650.92,25457953197774.04,47062264239845.08,-7045415835819.702,78906563763837.125,-3266618302361.345,-17266992356344.432,-41517731580886.02,28715705329901.78,-12764848464973.625,30236915594581.438,10794114400940.738,-214540453434.54953,64799879324879.51,-25927124639756.7,-75736049665521.97,47226581957960.8,-39246970231975.21,-90497018656810.64,-31507735813770.383,22508136645853.227,55350221156140.73,-56953406846009.69,-75758654378730.875,-40437547460759.92,16051924732405.686,115498934693916.7,94725575888517.47,-8329510706599.773,43560199430259.53,53666989113379.68,-14315215723797.52,25345354807484.66,-6484195007760.973,-39498995804662.39,31195688336933.773,-29520420868133.617,-46620805665791.95,-60619877978597.164,-25305675842000.867,-66268481141065.18,-27134036694630.812,-31765942582169.406,-68961230150603.06
2881902329351.5967,1030259923097.473,1458239387877.662,2588991285592.9287,51653872315.42025,-5442265346843.268,-2887508496900.2188,-161893603705.7393,3946492052558.04,516846181822.51917,2345967641194.109,-1928189591674.523,4195625832479.1436,-1053922663587.6339,-1948310081992.1467,291670086989.50104,-3266618302361.345,135233301570.0975,714828660220.8466,1718774400828.7588,-1188788918455.6748,528446375479.87915,-1251764836495.06,-446860818390.698,8881666345.09339,-2682621846606.072,1073345686796.4813,3135363576677.563,-1955112599296.2295,1624768145470.1313,3746446472289.0264,1304374966616.032,-931804499046.0377,-2291419583414.4116,2357789166207.1343,3136299379307.66,1674056331147.352,-664526607392.7965,-4781489853031.427,-3921502662633.1855,344829768602.34906,-1803329633505.1619,-2221736196688.1914,592629351159.788,-1049261252102.5824,268436351528.85217,1635201641862.643,-1291456649679.8645,1222102984865.3228,1930034331674.8406,2509575800112.885,1047618599974.9863,2743419850507.9106,1123310110790.1816,1315064355624.8267,2854895788359.4683
15233425177555.1,5445842939263.796,7708096273753.478,13685128962468.174,273036803166.33987,-28767228199640.02,-15263058775129.025,-855752144565.6099,20860731741030.977,2731993225067.1567,12400532164856.955,-10192202412185.838,22177626056624.96,-5570921635742.833,-10298557155952.406,1541736651319.068,-17266992356344.432,714828660220.8466,3778507272557.0586,9085256278622.494,-6283810126651.379,2793310598776.324,-6616694043522.88,-2362058135142.562,46947531268.27675,-14180050018949.875,5673589643524.787,16573194019553.54,-10334514529424.951,8588349342311.655,19803312359361.055,6894785522410.514,-4925418176650.987,-12112197009180.598,12463019472259.885,16578140571418.662,8848881380818.988,-3512616041532.3823,-25274440140299.594,-20728640518585.477,1822733000177.5012,-9532206127417.848,-11743858135581.58,3132574892274.041,-5546281916920.625,1418925629192.5789,8643499679998.288,-6826500691081.718,6459904691981.418,10201953509054.102,13265347263527.637,5537599034773.943,14501421716374,5937696204909.097,6951288480893.326,15090671511922.314
36628107809801.92,13094292319003.184,18533781997982.312,32905296949691.65,656505109380.9436,-69169548122251.48,-36699360505378.72,-2057618785289.4114,50158721515083.72,6568958800602.92,29816539861469.05,-24506707087974.51,53325136579556.54,-13395038600684.145,-24762432440304.863,3707038674536.0225,-41517731580886.02,1718774400828.7588,9085256278622.494,21845103289271.434,-15109147948843.51,6716393756869.494,-15909552838303.576,-5679465978177.702,112883295559.47527,-34095313088733.617,13641899356805.13,39849523677406.305,-24848890379787.96,20650312188616.055,47616202635677.9,16578211695452.268,-11842953628614.527,-29123250529337.01,29966787872383.633,39861417446070.125,21276750135640.633,-8445932386451.549,-60771291255975.06,-49841113919938.76,4382682165095.3413,-22919774747360.332,-28237595739592.734,7532139984221.129,-13335793469208.566,3411744917141.0767,20782918775181.812,-16414023790595.834,15532559666723.932,24530153175978.035,31895950125443.285,13314915857007.807,34868037347593.637,14276932088505.049,16714070599850.19,36284862834093.09
-25333801019667.4,-9056656648100.754,-12818875266964.13,-22758921911699.38,-454071225732.402,47841061783719.92,25383082888696.45,1423150361779.911,-34692239000236.312,-4543415019552.85,-20622585580118.926,16950044054633.959,-36882287408021.61,9264667569578.152,17126916286889.512,-2563970288625.4854,28715705329901.78,-1188788918455.6748,-6283810126651.379,-15109147948843.51,10450229908145.072,-4645388287317.541,11003829299902.107,3928198031311.986,-78075639697.24054,23581995607812.9,-9435408611065.299,-27561890688270.812,17186714850517.205,-14282771654407.39,-32933707882164.01,-11466306655406.963,8191169259149.578,20143072576594.062,-20726504494846.41,-27570117003707.906,-14716046951715.232,5841622275849.359,42032414242681.15,34472565964994.93,-3031278560156.966,15852443590052.732,19530510160539.09,-5209598502970.0625,9223690722508.842,-2359730601141.845,-14374488892310.93,11352746224356.525,-10743082278948.762,-16966260522360.451,-22060808000434.03,-9209250738984.81,-24116449713897.195,-9874628484212.92,-11560273356298.373,-25096395910979.996
11261507504087.127,4025910155579.5176,5698310328592.653,10116909408681.328,201846004553.79312,-21266547245025.797,-11283414526150.943,-632625892427.4187,15421567001786.807,2019661490874.131,9167254534125.086,-7534718069653.197,16395098236181.943,-4118376207214.2446,-7613342195944.044,1139748852657.4563,-12764848464973.625,528446375479.87915,2793310598776.324,6716393756869.494,-4645388287317.541,2064991156140.6938,-4891477048325.58,-1746182168748.1475,34706572521.61013,-10482786230640.477,4194274866024.204,12251949029354.85,-7639924151510.566,6349048847443.049,14639855983888.568,5097059787585.849,-3641179387473.6387,-8954099023695.164,9213449088078.027,12255605832096.725,6541650542237.206,-2596747051279.1387,-18684458287225.133,-15323916849213.916,1347479054788.6848,-7046807240212.227,-8681799725229.64,2315796693473.761,-4100160974907.1265,1048959208756.7014,6389819451194.639,-5046579338739.522,4775568482892.932,7541926694716.067,9806580333138.3125,4093742041456.7163,10720364433830.736,4389519073300.9946,5138830333836.747,11155975001841.76
-26675855401119.14,-9536431701454.832,-13497953298088.11,-23964572451268.68,-478125582104.5447,50375434992472.47,26727747969909.035,1498541542796.3977,-36530055256726.1,-4784101761705.143,-21715064016858.61,17847970144432.863,-38836121156674.56,9755461970892.535,18034212157167.215,-2699796237408.1445,30236915594581.438,-1251764836495.06,-6616694043522.88,-15909552838303.576,11003829299902.107,-4891477048325.58,11586755537983.055,4136293744033.117,-82211685222.29292,24831248355329.32,-9935247993929.434,-29021977792079.63,18097178540904.805,-15039399381260.895,-34678366211421.793,-12073732563348.285,8625095245421.001,21210148882527.57,-21824488020803.758,-29030639895366.69,-15495627373691.982,6151081356387.33,44259075202620.195,36298745074764.78,-3191860095864.9756,16692224456738.113,20565136062613.39,-5485576217134.251,9712314381377.783,-2484736982531.486,-15135975326347.057,11954156285171.275,-11312195481960.076,-17865045677150.32,-23229476058273.195,-9697109441852.283,-25394015089043.945,-10397735475231.055,-12172677136392.59,-26425873791730.246
-9522870612974.0625,-3404359629217.546,-4818561986666.893,-8554984247632.49,-170683488370.86725,17983256480146.824,9541395462915.785,534956311826.97034,-13040668592018.902,-1707850840805.8884,-7751944291028.247,6371451180626.134,-13863898695046.6,3482550070904.335,6437936718326.424,-963785785446.7762,10794114400940.738,-446860818390.698,-2362058135142.562,-5679465978177.702,3928198031311.986,-1746182168748.1475,4136293744033.117,1476593329413.668,-29348308778.693203,8864374232457.492,-3546730919453.036,-10360400267989.115,6460414750100.175,-5368834560356.201,-12379644046460.69,-4310137061681.3516,3079026513364.6006,7571697344024.418,-7791006979585.624,-10363492505805.08,-5531700945580.867,2195841558067.1206,15799809987978.479,12958094410192.123,-1139445024370.6865,5958867723416.558,7341437675294.524,-1958266446113.7727,3467147044233.59,-887012934960.2418,-5403310689257.867,4267450167172.1807,-4038280021523.279,-6377546883510.443,-8292566127077.172,-3461719114384.2383,-9065273311788.387,-3711831846052.26,-4345458754380.1987,-9433631018365.691
189273608136.59406,67663990891.38251,95772236157.8324,170036200417.96692,3392451814.855133,-357429600629.77045,-189641802280.13254,-10632624914.288532,259192264311.8467,33944710994.834515,154075228538.5212,-126636977759.75406,275554529248.5574,-69218079739.40683,-127958423584.25307,19155905870.847706,-214540453434.54953,8881666345.09339,46947531268.27675,112883295559.47527,-78075639697.24054,34706572521.61013,-82211685222.29292,-29348308778.693203,583317837.7701774,-176185539323.14178,70493718280.74442,205920086511.56042,-128405189937.66078,106709282319.00293,246053946477.93497,85666940818.9295,-61197771283.28655,-150492696400.77335,154851626360.9919,205981546866.61093,109946363828.26575,-43643862390.17646,-314032098706.04016,-257551045611.26978,22647254152.766747,-118436597561.63467,-145916126994.35663,38921893514.37174,-68911933982.19669,17629992623.785477,107394519111.185,-84818509408.6914,80263595023.39217,126758134050.25302,164820459646.41956,68804050140.33385,180178546805.98447,73775212837.78804,86368983773.61754,187499909769.11758
-57168271858728.38,-20437257282782.094,-28927082265153.812,-51357797988920.125,-1024657423327.4266,107958171138180,57279481356434.12,3211482032047.2188,-78286529092644.31,-10252673288276.545,-46536940033547.36,38249480438426.75,-83228593754115.94,20906654863486.57,38648610432776.1,-5785857020984.077,64799879324879.51,-2682621846606.072,-14180050018949.875,-34095313088733.617,23581995607812.9,-10482786230640.477,24831248355329.32,8864374232457.492,-176185539323.14178,53215146626919.96,-21291949208759.605,-62196180454103.8,38783551910353.664,-32230511805212.58,-74318226627811.55,-25874875056569.69,18484197877942,45454870677907.86,-46771443524113.805,-62214743962869.96,-33208241122929.902,13182208627220.01,94850373318980.55,77790814778437.1,-6840385170470.688,35772634516143.164,44072561931412.28,-11755983370255.799,20814186483734.945,-5324969609365.835,-32437480983920.418,25618614513997.082,-24242846458248.58,-38286074530044.195,-49782433682687.85,-20781601207524.78,-54421196110330.16,-22283093060184.15,-26086920374917.906,-56632543336049.88
22873636885796.74,8177165179719.97,11574034939061.686,20548804157586.38,409976392000.232,-43195218697036.97,-22918132995020.812,-1284948302230.2515,31323277428074.11,4102204217127.154,18619927338960.42,-15304026135003.521,33300650345904.848,-8364976171149.727,-15463722313742.895,2314983263761.583,-25927124639756.7,1073345686796.4813,5673589643524.787,13641899356805.13,-9435408611065.299,4194274866024.204,-9935247993929.434,-3546730919453.036,70493718280.74442,-21291949208759.605,8519136558745.557,24885356879533.72,-15517713841885.824,12895772422465.82,29735517177809.77,10352814196865.982,-7395725227274.122,-18186979818921.598,18713754693142.64,24892784337895.504,13286972377597.11,-5274342632517.644,-37950648624502.4,-31124936830158.406,2736911252713.45,-14313013595943.625,-17633903308063.734,4703694656210.654,-8327978583622.717,2130577281984.8218,12978583004041.72,-10250281613522.416,9699822102973.701,15318667822369.656,19918484052884.76,8314940866168.272,21774502503671.05,8915703812258.084,10437655796192.488,22659286175189.418
66816468207872.586,23886419985996.438,33809058935564.906,60025370104466.98,1197587191700.7158,-126178096260450.45,-66946446351800.734,-3753478636272.966,91498819400200.33,11983000299617.984,54390903785357.32,-44704783100618.73,97274948284249.56,-24435037033671.33,-45171273615571.57,6762326709003.528,-75736049665521.97,3135363576677.563,16573194019553.54,39849523677406.305,-27561890688270.812,12251949029354.85,-29021977792079.63,-10360400267989.115,205920086511.56042,-62196180454103.8,24885356879533.72,72692928767064.52,-45328988947053.57,37670002911372.63,86860792976452.1,30241735675904.12,-21603745918915.91,-53126215342814.11,54664984048981.15,72714625209040.7,38812742017332.43,-15406948557527.41,-110858116702103.08,-90919444186668.33,7994825860781.662,-41809923916648.29,-51510616595278.82,13740021581412.047,-24326962915722.53,6223656077820,37911901942069.11,-29942226457958.445,28334272262920.85,44747553117618.94,58184134124074.42,24288878275392.89,63605772949127.05,26043774468258.715,30489567538079.957,66190325652923.99
-41664615805768.35,-14894808695896.73,-21082249467638.555,-37429903900652.414,-746777128071.1389,78680631359313.1,41745666025500.02,2340549411096.897,-57055741784052.195,-7472216312462.85,-33916430639450.81,27876475104502.29,-60657551296788.15,15236908766867.926,28167363692358.31,-4216770982374.887,47226581957960.8,-1955112599296.2295,-10334514529424.951,-24848890379787.96,17186714850517.205,-7639924151510.566,18097178540904.805,6460414750100.175,-128405189937.66078,38783551910353.664,-15517713841885.824,-45328988947053.57,28265709936467.68,-23489810832587.36,-54163616620518.86,-18857780604568.47,13471406044341.588,33127811314218.457,-34087338339156.53,-45342518155399.164,-24202386445951.332,9607281103088.432,69127581346778.086,56694461903108.66,-4985318093844.443,26071333364044.67,32120375529032.844,-8567838673715.25,15169517198236.3,-3880873179092.536,-23640651343138.984,18671016221015.574,-17668347334640.105,-27903145121252.09,-36281767942730.305,-15145768832751.828,-39662528775234.69,-16240066056413.334,-19012320639366.695,-41274173304221.99
34624778429048.38,12378116079186.45,17520099549360.027,31105582137666.766,620598368550.3436,-65386404621465.03,-34692134045932.01,-1945079852392.006,47415351832052.65,6209677665073.152,28185760825678.945,-23166342835750.28,50408583712636.54,-12662413412278.771,-23408081603942.082,3504286746130.294,-39246970231975.21,1624768145470.1313,8588349342311.655,20650312188616.055,-14282771654407.39,6349048847443.049,-15039399381260.895,-5368834560356.201,106709282319.00293,-32230511805212.58,12895772422465.82,37670002911372.63,-23489810832587.36,19520868720118.953,45011892900779.414,15671486763268.594,-11195217821940.88,-27530390102272.883,28327791206126.81,37681246164963.71,20113044412838.293,-7983992485392.543,-57447480102212.664,-47115115394331.62,4142976745600.796,-21666205810901.223,-26693175113752.02,7120178836550.193,-12606408620522.08,3225143718202.8047,19646222552261.246,-15516278914260.887,14683025388288.443,23188506568760.387,30151440298586.906,12586672883684.701,32960972859567.957,13496072818666.516,15799915031712.771,34300306815813.03
79839009252455.22,28541887313422.004,40398450285873.59,71724324970949.875,1430997139528.079,-150770228732447.38,-79994320158794.3,-4485032262376.187,109331954900013.36,14318489100875.46,64991700205681.234,-53417752948199.57,116233852288278.52,-29197429917218.82,-53975162544043.305,8080305337429.725,-90497018656810.64,3746446472289.0264,19803312359361.055,47616202635677.9,-32933707882164.01,14639855983888.568,-34678366211421.793,-12379644046460.69,246053946477.93497,-74318226627811.55,29735517177809.77,86860792976452.1,-54163616620518.86,45011892900779.414,103789976335587.23,36135855114748.32,-25814319681518.72,-63480523770083.51,65319198759411.39,86886718058668.52,46377352053304.94,-18409765457965.156,-132464382546428.84,-108639659358591.9,9553018784005.533,-49958685215756.58,-61550044551226.65,16417954130027.113,-29068292135255.902,7436647708396.0625,45300938093797,-35777971499164.125,33856626757389.43,53468858848803.4,69524231784084.84,29022784792034.387,76002548940420.84,31119710552064.055,36431989449111.66,79090831406802.44
27797008658364.324,9937236148165.555,14065255604939.893,24971773834624.727,498220609824.77515,-52492652310442.99,-27851082207731.805,-1561523393108.8542,38065368363749.97,4985171650279.631,22627721338908.652,-18598098286970.36,40468355365431.24,-10165471989320.72,-18792167821487.13,2813265338959.15,-31507735813770.383,1304374966616.032,6894785522410.514,16578211695452.268,-11466306655406.963,5097059787585.849,-12073732563348.285,-4310137061681.3516,85666940818.9295,-25874875056569.69,10352814196865.982,30241735675904.12,-18857780604568.47,15671486763268.594,36135855114748.32,12581176631662.66,-8987597346405.084,-22101585245063.113,22741744298598.406,30250761836694.36,16146889454769.566,-6409603709076.135,-46119229472461.2,-37824336500513.8,3326010033677.274,-17393778035392.645,-21429463332932.793,5716128210733.487,-10120510959906.57,2589167409202.848,15772121676053.49,-12456574710192.79,11787633087258.238,18615891483239.223,24205782248091.902,10104666975551.67,26461294181072.96,10834739455824.643,12684279722913.14,27536520630665.406
-19857309738993.664,-7098849324719.288,-10047776742385.68,-17839050736023.676,-355913151995.4541,37499101747271.2,19895938183934.6,1115503256582.0664,-27192703330702.89,-3561250017162.0054,-16164533271789.404,13285897154602.54,-28909321754563.734,7261893839582.861,13424534333342.176,-2009708379066.0774,22508136645853.227,-931804499046.0377,-4925418176650.987,-11842953628614.527,8191169259149.578,-3641179387473.6387,8625095245421.001,3079026513364.6006,-61197771283.28655,18484197877942,-7395725227274.122,-21603745918915.91,13471406044341.588,-11195217821940.88,-25814319681518.72,-8987597346405.084,6420457197764.788,15788678174978.08,-16245987692146.28,-21610193924626.566,-11534830569913.795,4578819531253.21,32946128693701.32,27020517739653.5,-2375997081033.276,12425568600748.436,15308535395747.105,-4083422420857.7544,7229775092625.83,-1849619858113.0166,-11267108242175.732,8898585648092.295,-8420714767553.477,-13298608055041.393,-17291850410327.055,-7218456647943.328,-18903117278056.15,-7739997492531.177,-9061250955797.768,-19671225275269.98
-48831518259944.27,-17456926188945.535,-24708694174425.984,-43868376089516.766,-875233342736.4093,92214811360250.94,48926510262348.45,2743156971351.275,-66870135314601.62,-8757543067365.943,-39750535797649.11,32671622592999.17,-71091506941065.78,17857872304474.457,33012548126927.734,-4942115155549.566,55350221156140.73,-2291419583414.4116,-12112197009180.598,-29123250529337.01,20143072576594.062,-8954099023695.164,21210148882527.57,7571697344024.418,-150492696400.77335,45454870677907.86,-18186979818921.598,-53126215342814.11,33127811314218.457,-27530390102272.883,-63480523770083.51,-22101585245063.113,15788678174978.08,38826262808795.164,-39950842035869.06,-53142071766102.56,-28365538786657.48,11259869160942.45,81018501803481.14,66446710190859.15,-5842863226342.095,30555970974564.76,37645533837973.72,-10041627951021.912,17778888434095.863,-4548438185361.659,-27707177311344.633,21882694749389.926,-20707552651309.223,-32702880229359.01,-42522744528781.02,-17751055014288.883,-46485043979579.94,-19033586817969.695,-22282708348809.89,-48373914132917.15
50245893661770.55,17962555501179.977,25424366561786.78,45138997079198.6,900583947324.2744,-94885757616268.6,-50343637050090.56,-2822610854455.253,68806988352885.734,9011200007315.537,40901886033010.23,-33617936387448.938,73150629456179.98,-18375114778524.695,-33968736623336.6,5085260532922.258,-56953406846009.69,2357789166207.1343,12463019472259.885,29966787872383.633,-20726504494846.41,9213449088078.027,-21824488020803.758,-7791006979585.624,154851626360.9919,-46771443524113.805,18713754693142.64,54664984048981.15,-34087338339156.53,28327791206126.81,65319198759411.39,22741744298598.406,-16245987692146.28,-39950842035869.06,41107994020311.195,54681299743983.2,29187129467206.652,-11586004463233.637,-83365153722713.36,-68371298976446.07,6012098226973.897,-31441006199054.74,-38735913964301.72,10332477633242.432,-18293843188096.156,4680180947318.4,28509698949819.707,-22516513772064.37,21307334393628.582,33650099382346.81,43754390113903.305,18265203590112.676,47831455172604.234,19584883152041.47,22928113523534.445,49775035307881.48
66836410720165.03,23893549294637.613,33819149824705.03,60043285697932.35,1197944631983.7434,-126215756261094.64,-66966427658283.26,-3754598925864.1685,91526128780351.56,11986576830033.268,54407137676438.69,-44718126004104.56,97303981648388.56,-24442330086409.805,-45184755751091.73,6764345040518.855,-75758654378730.875,3136299379307.66,16578140571418.662,39861417446070.125,-27570117003707.906,12255605832096.725,-29030639895366.69,-10363492505805.08,205981546866.61093,-62214743962869.96,24892784337895.504,72714625209040.7,-45342518155399.164,37681246164963.71,86886718058668.52,30250761836694.36,-21610193924626.566,-53142071766102.56,54681299743983.2,72736328126689.53,38824326340861.945,-15411547023583.088,-110891204194070.02,-90946580642424.94,7997212052648.44,-41822402800133.76,-51525990815620.39,13744122524737.166,-24334223711900.406,6225513633916.239,37923217394543.086,-29951163225124.37,28342729108786.363,44760908786543.836,58201500169319.54,24296127704561.727,63624757174767.086,26051547676068.383,30498667668507.75,66210081282312.82
35675139068497.586,12753612660247.172,18051580869986.645,32049186129575.582,639424542429.9113,-67369935170556.875,-35744537953008.16,-2004084860083.9487,48853721159732.55,6398051462653.655,29040790521389.31,-23869105879405.95,51937754284246.16,-13046534300617.838,-24118177918700.902,3610591104872.262,-40437547460759.92,1674056331147.352,8848881380818.988,21276750135640.633,-14716046951715.232,6541650542237.206,-15495627373691.982,-5531700945580.867,109946363828.26575,-33208241122929.902,13286972377597.11,38812742017332.43,-24202386445951.332,20113044412838.293,46377352053304.94,16146889454769.566,-11534830569913.795,-28365538786657.48,29187129467206.652,38824326340861.945,20723184062802.45,-8226191044714.02,-59190179252147,-48544376893715.95,4268656097243.42,-22323461418663.31,-27502926446569.746,7336173160127.169,-12988830574411.232,3322980128192.23,20242200918592.715,-15986973295040.156,15128442590524.43,23891941960769.082,31066099902178.785,12968496143744.955,33960861092805.832,13905483198141.64,16279213661448.62,35340824440328.7
