V1,V2,V3,V4,V5,V6,V7,V8,V9,V10,V11,V12,V13,V14,V15,V16,V17,V18,V19,V20,V21,V22,V23,V24,V25,V26,V27,V28,V29,V30,V31,V32,V33,V34,V35,V36,V37,V38,V39,V40,V41,V42,V43,V44,V45,V46,V47,V48,V49,V50,V51,V52,V53,V54,V55,V56
3.866667755869633,0.22766930619374298,1.6519678212334348,0.20404086119005801,-3.5430792099455006,-1.060623659026269,-2.2301033176543874,-1.2944589147783865,1.3824083967635636,1.8646086461100995,0.4947274920992733,-1.0043484117243533,0.08385953667066344,0.5790569936404811,0.6744420560389995,-0.5555457007314883,0.6284333066743145,-1.4119160105721964,-1.499890559164418,1.3340973191168146,-2.105171608535402,0.5980860046955476,-0.4028054322189966,-2.7209330324202825,0.8234226438856967,-1.2782659923712607,-1.8707349015877157,-0.4831139139988438,-0.1601814401208797,0.14709378554141134,-1.131344711211227,-0.28818304931673333,-0.916356818082164,-2.229784878626725,0.6726054003395325,1.8622611409646554,-0.679626990886071,-1.9350622930405612,0.10064823484416473,0.5290189070322571,0.18708996221811344,-1.369429121734582,2.089330910325893,-2.1291037863722218,-0.3750249748664537,-0.7557349904967706,1.1989264095936634,0.8412564558830039,-1.684790826290384,-0.7081876539693581,0.9293632397125082,-0.9601893281814401,0.30786068932167426,-1.1343269390622275,-2.267454943912237,1.9633951599356216
0.22766930619374298,0.019420041515031555,0.10376457096324913,2.955682659946666e-4,-0.17079950416470935,-0.08676469809318317,-0.18339471543324012,-0.045044056227488485,-0.02322322535809466,0.1415151839465157,-0.003507255256251487,-0.07039282595132622,0.002431963820240053,0.01973176115166587,0.07161693127115352,-0.03558648074622912,0.0411018181504408,-0.10640078977194634,-0.04579403175801777,0.08524894277735982,-0.19487652909831718,-0.05095818100629917,0.003025234335862785,-0.12854698452554159,0.13418833116947354,-0.08286626724774408,-0.11925367490660994,-0.014463385583666659,-0.03896364414565443,0.05966255252942883,-0.09466890278403364,-0.06905099403455456,-0.11776083533074086,-0.1345357828056723,0.03922152223949293,0.06706802341703672,-0.05651907463867198,-0.0750604648912223,-0.004172259982570027,0.08605711557984122,0.056997074767227957,-0.11108036550030471,0.05796889440337004,-0.06800009268266338,0.03875602063570285,-0.07143819360568446,0.11808440399651358,0.10394832860138,-0.134622671452996,-0.024685116198899147,0.09404064805105254,-0.09460944466173164,0.007913834966865412,-0.09332219340334405,-0.15477798437478762,0.0702326637852341
1.6519678212334348,0.10376457096324913,0.7224734697976742,0.12079836371476728,-1.564344093256039,-0.3934359065540668,-0.8924003361579674,-0.6197370270914154,0.758239637134849,0.7581183806888205,0.2261468251299506,-0.4333158246482609,0.024049469617401786,0.27371765355361183,0.272892289128492,-0.2229752580654445,0.28152171291675693,-0.5606302074526268,-0.7098261510904118,0.6185921294600895,-0.7903953264319694,0.3911196288318713,-0.24064210180499307,-1.242049107956284,0.24150158659197912,-0.5441180978530917,-0.7977556148171484,-0.21894570509525146,-0.03168390049281189,3.6460065088468656e-4,-0.4589208912312824,-0.023374107566469585,-0.26486313501047115,-0.9476368107624048,0.26718470940532274,0.8825926553575584,-0.25050078437753354,-0.9052663517988045,0.050895312859374646,0.15703289203972448,0.0211741575680632,-0.5749727929486199,0.9895935185807737,-1.003525211720331,-0.2918974117792902,-0.30308325200503894,0.4669717069142184,0.3007604139567573,-0.6907243415721191,-0.3184411258764158,0.34244510112498994,-0.3733676596463827,0.15425466526731937,-0.44005209976874327,-0.9521071850929932,0.9439352292321751
0.20404086119005801,2.955682659946666e-4,0.12079836371476728,0.2550325531615492,-0.6983350982725054,0.40284393771692406,0.5417195344551021,-0.6094045717161715,1.6198142401861568,-0.3116156953736637,0.3291861638171628,0.007107498048722504,-0.03401886052763037,0.2587402869037776,-0.2641528515273709,0.05990771002375948,0.06649730028297934,0.29491065582415865,-0.7119236103342234,0.25526877296532746,0.9154195283671894,1.2936748133413296,-0.539738768526303,-0.7496174339846661,-1.0942264872648093,-0.0038726941519854393,-0.02697927988681284,-0.18512442559121647,0.3776823844482104,-0.6541481553219208,0.2569218013971188,0.8327769882492089,1.0118235397591384,-0.07065595687160563,-0.05845683928402259,0.8175822665725749,0.27230581849635993,-0.7547406783510618,0.11497531313068537,-0.692944057945544,-0.5984175638824537,0.1927737279123727,1.037124170969449,-0.9698569021243173,-1.0829323951167675,0.2466446301153816,-0.4911898883980269,-0.6235548305247409,0.30237472567861834,-0.23433342693785686,-0.4922687717386605,0.39679063752325233,0.19773093460039942,0.34216253686281506,0.11139448797286251,0.9294158353118066
-3.5430792099455006,-0.17079950416470935,-1.564344093256039,-0.6983350982725054,4.349547673398065,0.005705260243170075,0.6131797866197304,2.331741626613736,-4.5793495708861665,-0.8208139587703239,-1.131982815309758,0.7740435888138822,-0.006969921729102579,-1.0166687146067634,0.05212245430536204,0.3256687543696366,-0.6317988768038892,0.5068208773816374,2.7287429817698206,-1.571574071290151,-0.27289913644102876,-3.2528214533368804,1.4591690465349338,3.7683591589410717,1.7031203911883865,1.0271016823191055,1.5502399207850086,0.7923085999729165,-0.6884695628310603,1.2978688629680435,0.3424800293210506,-1.53904201552185,-1.4114415397112927,1.9423313402313924,-0.43152243834179727,-3.232068514813133,-0.02662120827252487,3.1579404096000863,-0.33360281561470184,1.073980484338874,1.1429576035820432,0.6568039991071312,-3.905072154157937,3.785716396802711,2.59346256040048,0.0604877743445456,0.11305021980633717,0.6820095631194999,0.6840205617745312,1.0796419823073762,0.3142283607822595,-0.09742495038601484,-0.6657188993085087,0.18015083338075183,1.5691712324695248,-3.5420127889154216
-1.060623659026269,-0.08676469809318317,-0.3934359065540668,0.40284393771692406,0.005705260243170075,1.1543935611323424,1.8580539507729055,-0.6638295947179386,2.5406486438257017,-1.286659944434976,0.44136737115465,0.39285311744193513,-0.0931228661879372,0.27125508327017217,-0.7539546632372006,0.31946025186983484,-0.11144720212614428,1.0839263398723313,-0.7818065050767122,-0.02560295236428362,2.515953885147423,2.217419532287634,-0.8648621319659757,-0.3927838230917682,-2.376062811436332,0.47150662385958453,0.6494968589241491,-0.1704271396702895,0.774219940724026,-1.2917258218133267,0.9108516099145725,1.6770744150743813,2.2491158828542335,0.7000782257357326,-0.35967976286409165,0.844169776732776,0.766185850708823,-0.6988113022117447,0.18062018418872797,-1.5077639098191133,-1.2004695237156762,0.8811811996473154,1.176676189277812,-1.0334847407376628,-1.8988632897501745,0.7515537092967619,-1.3788539306249887,-1.495249583436487,1.204218738097496,-0.17847495574425432,-1.278298977299523,1.111525178286487,0.2574198109156886,1.0691047265270497,1.0608672431704145,1.0150637169333154
-2.2301033176543874,-0.18339471543324012,-0.8924003361579674,0.5417195344551021,0.6131797866197304,1.8580539507729055,3.144235609268981,-0.7332804544784224,3.4906728063092674,-2.227533236896461,0.6005963041186089,0.771731271506766,-0.13613927344744722,0.29477927376753293,-1.2658761822928681,0.5558764507533736,-0.2948081514032933,1.8318218221434874,-0.8894464807038572,-0.32837452724943905,4.064966832439337,3.1584458941648794,-1.173518098178516,-0.07685073745346775,-3.6627895145881824,0.9265823393681605,1.294901987601794,-0.17546908021335111,1.1756817478278445,-1.9439842178980882,1.5550544385523206,2.497615094860379,3.4378901615860937,1.4170299027065805,-0.6221546713435596,0.8974743660712765,1.2300611412573708,-0.6734751370570122,0.2558592553594105,-2.3273307996738217,-1.8137778834804947,1.571560486092128,1.374195007090552,-1.1478451883000962,-2.689794037756001,1.2582140959193604,-2.267088406844642,-2.3717240073119554,2.090394704509493,-0.15221890400981097,-2.0461132381043425,1.823201303679342,0.3175756540860079,1.7670007732733237,1.9688835176712003,1.1184618994585132
-1.2944589147783865,-0.045044056227488485,-0.6197370270914154,-0.6094045717161715,2.331741626613736,-0.6638295947179386,-0.7332804544784224,1.637368482932505,-3.9195084131880873,0.2955848908164488,-0.8544945111212222,0.1946347435787584,0.052800377883318234,-0.7027094432075403,0.45410138805667316,-0.01040898675939688,-0.2792219689218899,-0.35126532164335006,1.9152939013052912,-0.8411842287033058,-1.590610659681226,-3.0207534074220908,1.2856125636368352,2.255912726077372,2.274455176886685,0.28295623775268364,0.4623880240432576,0.5216381349724368,-0.8124983362095887,1.435494893283485,-0.33506223978889244,-1.793214732502661,-2.0546857404441914,0.6414721520242332,-0.02132697616377932,-2.2249780208183823,-0.4569447447132294,2.1011789132780185,-0.28136594277813526,1.4393667247287294,1.3006640151253726,-0.14561130833595481,-2.772447920055927,2.627958837824366,2.4906575560808935,-0.39456976237915675,0.8466442143456554,1.2195995976038219,-0.3188023630740754,0.6803186327580628,0.901288393073197,-0.6860024982283516,-0.5067029593848448,-0.5175469806452333,0.2372336179543273,-2.4923000659466577
1.3824083967635636,-0.02322322535809466,0.758239637134849,1.6198142401861568,-4.5793495708861665,2.5406486438257017,3.4906728063092674,-3.9195084131880873,10.463238348514924,-1.99706360767516,2.1975513692946396,0.07021851586759739,-0.18867690134290793,1.6713187284849826,-1.7514313747738812,0.35881792957722647,0.4056838561501768,1.8665719214918237,-4.610273654850005,1.560305200656603,5.871625078125068,8.349513947702906,-3.4394052129629,-4.824679352833932,-7.084148798815776,-0.029984768810481968,-0.18471924157943345,-1.2198493091840847,2.450192508581498,-4.246452488330778,1.6730422149472974,5.3316537827032215,6.460508196411829,-0.4944923482770986,-0.3289376394626458,5.267231520780118,1.7186742686156071,-4.868299096282738,0.7578963164798351,-4.489521508531416,-3.8777821814766487,1.2880151512997546,6.731684599062062,-6.2821172951658975,-6.9232851819296295,1.618927861601224,-3.1983518108914057,-4.0548005396435,1.968671318228643,-1.5416212476154036,-3.172321939263106,2.5843918196784346,1.268497556002356,2.1801338949742766,0.7106120421109925,5.963947723838448
1.8646086461100995,0.1415151839465157,0.7581183806888205,-0.3116156953736637,-0.8208139587703239,-1.286659944434976,-2.227533236896461,0.2955848908164488,-1.99706360767516,1.6140537960399868,-0.31019880589282633,-0.6036850764889355,0.09535839132853524,-0.11134582662607351,0.8671826023534509,-0.41455661460161214,0.259721158402733,-1.313197040806591,0.36579061497809584,0.3674247380017229,-2.786099332060707,-1.886813755754685,0.6801741789186125,-0.2890770614069677,2.3755679416681117,-0.7332283016942701,-1.0350903004064247,0.048948085166990375,-0.7497329328569189,1.2245608777411228,-1.1054576997400196,-1.5875599644828253,-2.250049670243432,-1.1563833333435447,0.4711949620887132,-0.3272285392217566,-0.8488064166533834,0.17906626280923635,-0.1462275790916452,1.5100768573646353,1.1484477362126042,-1.1444442158383454,-0.5937888497692869,0.44855428931338764,1.6254513689757824,-0.8745339324619785,1.5550515828013187,1.5763040030541493,-1.5060727013420174,0.005841504221628859,1.3862610091517233,-1.2508104107825702,-0.15948798026142824,-1.2378386723230277,-1.5037420677180975,-0.4521033198813633
0.4947274920992733,-0.003507255256251487,0.2261468251299506,0.3291861638171628,-1.131982815309758,0.44136737115465,0.6005963041186089,-0.8544945111212222,2.1975513692946396,-0.31019880589282633,0.49952051538891606,-0.025956281243356555,-0.022475520734539962,0.3686056615043403,-0.34346946346406954,0.03499142288276115,0.10302452993246712,0.29623918038998326,-1.017366012388345,0.34837498502865444,1.076561831270333,1.727714449926552,-0.7012598903068411,-1.108729946939471,-1.4096627572330072,-0.06963240454845034,-0.13171483388516006,-0.28097419705846444,0.49526992242348233,-0.866399047921348,0.2908664875959323,1.0532791390902112,1.2414171247816337,-0.2236917601483902,-0.014434205358226936,1.1577656993364844,0.3011817204483309,-1.0826712738122215,0.16504253370078745,-0.8943092228446483,-0.7865061611369817,0.21250158316281884,1.485743172502334,-1.3903105363194455,-1.4000394502226896,0.3027137120535909,-0.6038520366033738,-0.79547377023636,0.3252853229962005,-0.35998547754624616,-0.5972689406047249,0.4876213177343129,0.2696418325874714,0.37766671681158154,0.030492068337166115,1.2950464040301604
-1.0043484117243533,-0.07039282595132622,-0.4333158246482609,0.007107498048722504,0.7740435888138822,0.39285311744193513,0.771731271506766,0.1946347435787584,0.07021851586759739,-0.6036850764889355,-0.025956281243356555,0.2897691738867627,-0.024223499367443512,-0.08896165792428877,-0.2738768472962789,0.1642018015124881,-0.16280540097632296,0.4667056848413872,0.21585901550762213,-0.3253866330126212,0.8343331945703368,0.19450777766683386,-0.02672461021291791,0.5540663797332708,-0.5417593972614358,0.35402673024876496,0.5112065053366668,0.07591582555921424,0.15397438825831605,-0.23057377545780539,0.39201979690932504,0.3015725040940486,0.5200027992704744,0.5918998412558676,-0.1913716035329333,-0.2937007196038154,0.25526147184190384,0.3296951001985878,0.008540407938222345,-0.3460591486120421,-0.2233638309496923,0.44846022019046333,-0.28286963987360053,0.3171696989694116,-0.18013738186426775,0.2877282996856324,-0.47952962383706554,-0.41778745942451595,0.5595779311566349,0.12444139646015183,-0.39640720433815385,0.38588350261104204,-0.03253862987963581,0.404379786196944,0.6622899455156697,-0.29789021574213015
0.08385953667066344,0.002431963820240053,0.024049469617401786,-0.03401886052763037,-0.006969921729102579,-0.0931228661879372,-0.13613927344744722,0.052800377883318234,-0.18867690134290793,0.09535839132853524,-0.022475520734539962,-0.024223499367443512,0.011433975695314723,-0.020613743318965982,0.048347037763845205,-0.027186717508096894,0.004097925152260618,-0.08419027413242036,0.05752406125736159,-0.012705457930506182,-0.189473171059731,-0.1652204873715759,0.07112365399034236,0.03440995865363271,0.17203262814879447,-0.034266090510368025,-0.04762731754369586,0.009441014630818232,-0.055332804386162185,0.09201957597627727,-0.0639669666930554,-0.13046232162171476,-0.17606409033699302,-0.055059873171804684,0.03299295733669382,-0.06620398355885956,-0.06180062428529194,0.05450629407627276,-0.011146860572897575,0.10868529518269786,0.08657215468268867,-0.05717817013090098,-0.08409936338540254,0.07585051771826215,0.15110533315593647,-0.05077745903087053,0.09669598340140492,0.10536973360433716,-0.08479509945410936,0.009758723960018732,0.09434346031640929,-0.07775781582062534,-0.020561177098909283,-0.0821726329793548,-0.07718608270716626,-0.08277838374059641
0.5790569936404811,0.01973176115166587,0.27371765355361183,0.2587402869037776,-1.0166687146067634,0.27125508327017217,0.29477927376753293,-0.7027094432075403,1.6713187284849826,-0.11134582662607351,0.3686056615043403,-0.08896165792428877,-0.020613743318965982,0.3020624808931049,-0.18982703618469315,-6.988678467732164e-4,0.12176760573045968,0.13719648922186278,-0.8233390259633503,0.362756097170372,0.6573702375771114,1.2847173362943711,-0.5459240432035839,-0.9752968855911873,-0.9590133293912684,-0.12921019711900694,-0.2096682175768465,-0.22547116499116573,0.3436646375621703,-0.6083933033757324,0.13440651931472855,0.7562216431682578,0.8613656492304229,-0.2893866296777389,0.01596567661316021,0.9559968620210674,0.18722204599604206,-0.9042905625759724,0.12056954838153622,-0.6069769160422555,-0.5507108894518762,0.05357611002608378,1.1916617980062627,-1.1301184849977584,-1.0556448562503635,0.16278115625261708,-0.3514466621148148,-0.5120257434557405,0.12368380135897244,-0.294717644785059,-0.37494371952326394,0.28466320969414116,0.21660864391919576,0.21016758512395797,-0.11731457504708327,1.0691409700853995
0.6744420560389995,0.07161693127115352,0.272892289128492,-0.2641528515273709,0.05212245430536204,-0.7539546632372006,-1.2658761822928681,0.45410138805667316,-1.7514313747738812,0.8671826023534509,-0.34346946346406954,-0.2738768472962789,0.048347037763845205,-0.18982703618469315,0.5451717611413578,-0.2016388202107975,0.08869629278749948,-0.716430693045885,0.5550478569827437,0.05527112155374019,-1.693790838517347,-1.5268620073830077,0.5705014401287498,0.2779449491075914,1.6395121028551476,-0.3166457434411498,-0.4343182090558351,0.13100994888825102,-0.5364495861975778,0.8998524377631422,-0.6265198907055722,-1.126524503844173,-1.5003776964903652,-0.4503762111860883,0.21514640027705614,-0.5827316765782987,-0.501733128578674,0.4864180063279405,-0.13209807298274592,1.0420320499649969,0.8343020190148174,-0.620750332120735,-0.8388856704542791,0.7330639827718101,1.269232383749986,-0.52477829412019,0.9574415992538271,1.0374208599838248,-0.8273606340759581,0.14352455638891626,0.8671312239666441,-0.7685557339571236,-0.17311090654541442,-0.7150738342211961,-0.7104412685871113,-0.6892239309776891
-0.5555457007314883,-0.03558648074622912,-0.2229752580654445,0.05990771002375948,0.3256687543696366,0.31946025186983484,0.5558764507533736,-0.01040898675939688,0.35881792957722647,-0.41455661460161214,0.03499142288276115,0.1642018015124881,-0.027186717508096894,-6.988678467732164e-4,-0.2016388202107975,0.11280084038514572,-0.07652906961972933,0.3364451250372616,-0.01243800221923627,-0.12014581210734863,0.6720047392550368,0.3684917729905207,-0.13112464121857992,0.17023032137636254,-0.5258660369196937,0.2056460668231913,0.2934057321349105,0.012678632261323965,0.16125856353248594,-0.2579530247662505,0.2749032452859949,0.34828766101958825,0.5157034986904168,0.33725146146136153,-0.1323221150166001,-0.0068152325857110535,0.2098139349075786,0.04149495859724543,0.024384243895460813,-0.33410692938613756,-0.24465600817849512,0.28897907017689767,0.033087585037767236,-0.003162129347024396,-0.33206021145272024,0.2098959178030411,-0.36932639419615026,-0.35912969929324984,0.3807075225820969,0.0318380837809952,-0.3279403449367662,0.29719680870649934,0.021713253598589787,0.30789688951573246,0.407616819037059,0.0181036072314152
0.6284333066743145,0.0411018181504408,0.28152171291675693,0.06649730028297934,-0.6317988768038892,-0.11144720212614428,-0.2948081514032933,-0.2792219689218899,0.4056838561501768,0.259721158402733,0.10302452993246712,-0.16280540097632296,0.004097925152260618,0.12176760573045968,0.08869629278749948,-0.07652906961972933,0.11347044866663769,-0.184362545913958,-0.3168905162887844,0.2580283373809488,-0.2233582181295333,0.24266210428880047,-0.13501518760373088,-0.5219707882432104,0.010973194241644637,-0.20433912675292432,-0.3010521870090653,-0.09415937901076984,0.015515663205304966,-0.04627599711362496,-0.15376466852726234,0.0574594746536634,-0.016763385572238384,-0.3572965404115936,0.0905247791088009,0.39294007702607714,-0.06994921862900501,-0.39627893292615823,0.026497990474315353,0.008754087988409027,-0.034450773786593884,-0.20476649288776422,0.4446669734573336,-0.4461049934691198,-0.19655975915471313,-0.09699508243191862,0.14140759948792825,0.06851988447066089,-0.23772700145797576,-0.13355549379014173,0.09006615775619513,-0.11165608786901064,0.07359237866074064,-0.13736603631318883,-0.3469829983949445,0.42588588367868957
-1.4119160105721964,-0.10640078977194634,-0.5606302074526268,0.29491065582415865,0.5068208773816374,1.0839263398723313,1.8318218221434874,-0.35126532164335006,1.8665719214918237,-1.313197040806591,0.29623918038998326,0.4667056848413872,-0.08419027413242036,0.13719648922186278,-0.716430693045885,0.3364451250372616,-0.184362545913958,1.0801919399619704,-0.42137578550571103,-0.22353464142960866,2.343988527040023,1.7164714018409961,-0.6393884336232558,0.07447844107640399,-2.05299378567633,0.5672585291940139,0.7968387645329771,-0.0717105394003376,0.6538725566364892,-1.0743279241472816,0.9052203456871036,1.3995837029954132,1.9517388281268597,0.8861599742280363,-0.3832086990780221,0.4164072519299906,0.7161322861787034,-0.28850085599902203,0.13415466383523844,-1.3041235942103184,-1.0050081665331745,0.9189780427184874,0.6598518470994468,-0.5359420608169296,-1.4814311948366583,0.7229959912240438,-1.2973365342155938,-1.3403532623313872,1.2239638656293823,-0.04665803584960999,-1.1722023227105518,1.0446173404889918,0.16379422943527525,1.0293776776977748,1.1881119196140797,0.5379223573071161
-1.499890559164418,-0.04579403175801777,-0.7098261510904118,-0.7119236103342234,2.7287429817698206,-0.7818065050767122,-0.8894464807038572,1.9152939013052912,-4.610273654850005,0.36579061497809584,-1.017366012388345,0.21585901550762213,0.05752406125736159,-0.8233390259633503,0.5550478569827437,-0.01243800221923627,-0.3168905162887844,-0.42137578550571103,2.2485591112397327,-0.9619101649705888,-1.8900941516243244,-3.5588327690441988,1.5031264991825148,2.63145136720364,2.6971972003281297,0.32063379445617174,0.5266185055242565,0.6147446770665493,-0.9625248766301487,1.7006490132507175,-0.4098230046907946,-2.110107546638526,-2.419228115260218,0.7407316026144228,-0.029010103612042232,-2.6035106687242484,-0.5383830066041452,2.457822062488241,-0.3337677996415932,1.7075655458870576,1.5411229198005567,-0.19478998364636183,-3.257410111117749,3.0835413251924084,2.9211309731086863,-0.47818698689709677,1.0181330468062142,1.4536243280215935,-0.3972314227947194,0.8021307416732685,1.0708774911008037,-0.8233063078188597,-0.5926826939600175,-0.6177745305907331,0.2587339233098824,-2.9137315732567823
1.3340973191168146,0.08524894277735982,0.6185921294600895,0.25526877296532746,-1.571574071290151,-0.02560295236428362,-0.32837452724943905,-0.8411842287033058,1.560305200656603,0.3674247380017229,0.34837498502865444,-0.3253866330126212,-0.012705457930506182,0.362756097170372,0.05527112155374019,-0.12014581210734863,0.2580283373809488,-0.22353464142960866,-0.9619101649705888,0.6448604500233992,-0.011856672082703697,1.0884757623934043,-0.5257621240672031,-1.39028709276566,-0.488046451095195,-0.40569261992460104,-0.6069897266845555,-0.26924941410549974,0.20539446058293825,-0.3952993583625002,-0.18764959229531702,0.5096607915990818,0.44886618051131993,-0.7364458047503208,0.14735421768456974,1.1637170367242444,-0.006217918890022769,-1.1397749981040897,0.10383306999443545,-0.30504519177315403,-0.34808704595594286,-0.32269854135789394,1.3635566893899818,-1.3373392806676445,-0.9057632746249221,-0.0818012195364039,0.05358203601850722,-0.15120022040896194,-0.33272333193248554,-0.37196672293975747,-0.050477098007042295,-0.04035026320379732,0.23911684158854202,-0.10773282785827434,-0.636844099206529,1.2860295797440857
-2.105171608535402,-0.19487652909831718,-0.7903953264319694,0.9154195283671894,-0.27289913644102876,2.515953885147423,4.064966832439337,-1.590610659681226,5.871625078125068,-2.786099332060707,1.076561831270333,0.8343331945703368,-0.189473171059731,0.6573702375771114,-1.693790838517347,0.6720047392550368,-0.2233582181295333,2.343988527040023,-1.8900941516243244,-0.011856672082703697,5.548400426870498,5.080213717792425,-1.9682592785648159,-1.0752779035196702,-5.353289241935119,0.9803887739256741,1.341047131923357,-0.4337364067824044,1.7542967592219898,-2.938188775539152,1.9982906602755743,3.7666191008822416,5.007384237645414,1.4150129099283275,-0.7429931537953138,2.0419717760212097,1.6722995156664764,-1.7202212312676701,0.4256637663113682,-3.3983441183130485,-2.7239832298856825,1.9302031236497006,2.839641542032039,-2.508928751188565,-4.303993649691303,1.6688861744301884,-3.0652824462992596,-3.3546902026760774,2.6279798846143727,-0.4713983545382218,-2.835649008332572,2.470375227855586,0.6016646858511235,2.335377344500992,2.247046575092265,2.424477260883661
0.5980860046955476,-0.05095818100629917,0.3911196288318713,1.2936748133413296,-3.2528214533368804,2.217419532287634,3.1584458941648794,-3.0207534074220908,8.349513947702906,-1.886813755754685,1.727714449926552,0.19450777766683386,-0.1652204873715759,1.2847173362943711,-1.5268620073830077,0.3684917729905207,0.24266210428880047,1.7164714018409961,-3.5588327690441988,1.0884757623934043,5.080213717792425,6.734539207006381,-2.75016490423098,-3.5646212279988334,-5.897424445932287,0.1522446827467167,0.10795485207964702,-0.9292715279727237,2.022200866739461,-3.487898808816125,1.5214190930459681,4.3906173006435525,5.397094821986656,-0.09725655630388041,-0.3583561466898368,4.042822722399034,1.4952822018718808,-3.7071454121615215,0.6049170744850116,-3.7385422054527093,-3.193152186203769,1.2408934216542307,5.2090973563117275,-4.836439141698943,-5.597721290770779,1.4255604744657304,-2.7776643016065115,-3.426261100790887,1.839535614161002,-1.162768912358875,-2.7159236499269785,2.2415631410841,0.9924144976782489,1.9358110083509388,0.890923036660694,4.597819813453093
-0.4028054322189966,0.003025234335862785,-0.24064210180499307,-0.539738768526303,1.4591690465349338,-0.8648621319659757,-1.173518098178516,1.2856125636368352,-3.4394052129629,0.6801741789186125,-0.7012598903068411,-0.02672461021291791,0.07112365399034236,-0.5459240432035839,0.5705014401287498,-0.13112464121857992,-0.13501518760373088,-0.6393884336232558,1.5031264991825148,-0.5257621240672031,-1.9682592785648159,-2.75016490423098,1.1438634911307464,1.5705261973783948,2.339913958489938,-0.0029020954140061943,0.041457760651774596,0.39177093313101446,-0.8070777071737463,1.3962628867597882,-0.558961621079132,-1.774298130308807,-2.1602953535223586,0.13239456202631197,0.12844319590319728,-1.7241358437696843,-0.5841333346465737,1.590077873524732,-0.24511629446066607,1.4820973357783926,1.2769451909852974,-0.4261668648146938,-2.192234028083671,2.047548237932425,2.2998642495063675,-0.5344609489129764,1.058869697585827,1.3382311296934817,-0.6608812275276023,0.49398638943124507,1.057735353442683,-0.8561111274458967,-0.41814685700524046,-0.737396330566074,-0.2583104062668638,-1.9595017410721618
-2.7209330324202825,-0.12854698452554159,-1.242049107956284,-0.7496174339846661,3.7683591589410717,-0.3927838230917682,-0.07685073745346775,2.255912726077372,-4.824679352833932,-0.2890770614069677,-1.108729946939471,0.5540663797332708,0.03440995865363271,-0.9752968855911873,0.2779449491075914,0.17023032137636254,-0.5219707882432104,0.07447844107640399,2.63145136720364,-1.39028709276566,-1.0752779035196702,-3.5646212279988334,1.5705261973783948,3.4198395537918147,2.258043490570531,0.7393795812285668,1.1354390730020356,0.7388564292228051,-0.8504509389485434,1.5479666952802025,0.004650381461210432,-1.9064463821524855,-1.9913822370180345,1.4518034259652495,-0.24286942092043318,-3.098892670586076,-0.2871203012322943,2.984400059260989,-0.34512484676788396,1.4259993466765524,1.3857772472024785,0.29785598912715305,-3.779628921381843,3.633597050528198,2.906283699501904,-0.18512782395724403,0.5419899545878413,1.0756593267828647,0.2068176267758201,0.9907228763928215,0.6949946734309993,-0.44213125670855785,-0.6674850792322556,-0.20270006049765596,1.017788453149216,-3.4333436631149556
0.8234226438856967,0.13418833116947354,0.24150158659197912,-1.0942264872648093,1.7031203911883865,-2.376062811436332,-3.6627895145881824,2.274455176886685,-7.084148798815776,2.3755679416681117,-1.4096627572330072,-0.5417593972614358,0.17203262814879447,-0.9590133293912684,1.6395121028551476,-0.5258660369196937,0.010973194241644637,-2.05299378567633,2.6971972003281297,-0.488046451095195,-5.353289241935119,-5.897424445932287,2.339913958489938,2.258043490570531,5.651929681191104,-0.5942729035920095,-0.7647126097942845,0.6767939566424556,-1.895504955757175,3.2241365254397665,-1.7891002708869252,-4.076106965553055,-5.207075988734881,-0.6994446647872671,0.5530014506905339,-2.999912860421454,-1.5899000343744842,2.670945182491287,-0.5169734858657034,3.586234576935094,2.968855393205566,-1.6272886999122638,-3.9895806655799713,3.6331652377229813,4.92816660741998,-1.5708375959567973,2.9569709879072064,3.417917848265857,-2.276337892902473,0.8096460316886825,2.7954739060232487,-2.3834698391353517,-0.7883673587821314,-2.155305421711026,-1.6172115207727569,-3.4610684224266333
-1.2782659923712607,-0.08286626724774408,-0.5441180978530917,-0.0038726941519854393,1.0271016823191055,0.47150662385958453,0.9265823393681605,0.28295623775268364,-0.029984768810481968,-0.7332283016942701,-0.06963240454845034,0.35402673024876496,-0.034266090510368025,-0.12921019711900694,-0.3166457434411498,0.2056460668231913,-0.20433912675292432,0.5672585291940139,0.32063379445617174,-0.40569261992460104,0.9803887739256741,0.1522446827467167,-0.0029020954140061943,0.7393795812285668,-0.5942729035920095,0.4432550675041075,0.6423887916715729,0.11317285189851642,0.1624359103643019,-0.23702959448684732,0.4669210720608208,0.32523325012914467,0.5890759117702582,0.7503909614350115,-0.24217914915943997,-0.42197234296402697,0.3061850860158585,0.4638726701807269,-8.31314383719048e-4,-0.3794709407948593,-0.23458943228328025,0.5363640962593461,-0.43232510447525807,0.4670665291716317,-0.16053154215181026,0.3350955285729811,-0.5583376031020638,-0.47036612173472214,0.6726748559682275,0.17623002939946095,-0.4586126016651455,0.44732212885847866,-0.05351064909529233,0.48585347616600894,0.8178087885809696,-0.4293381400163209
-1.8707349015877157,-0.11925367490660994,-0.7977556148171484,-0.02697927988681284,1.5502399207850086,0.6494968589241491,1.294901987601794,0.4623880240432576,-0.18471924157943345,-1.0350903004064247,-0.13171483388516006,0.5112065053366668,-0.04762731754369586,-0.2096682175768465,-0.4343182090558351,0.2934057321349105,-0.3010521870090653,0.7968387645329771,0.5266185055242565,-0.6069897266845555,1.341047131923357,0.10795485207964702,0.041457760651774596,1.1354390730020356,-0.7647126097942845,0.6423887916715729,0.9329740694995347,0.18078455365972051,0.20195557979456613,-0.2856004373776758,0.6533243426607175,0.39980465176765573,0.7670723528544212,1.093936927515433,-0.34700164600218464,-0.6819080753506663,0.42084552388786184,0.7373259271088288,-0.011708044043167392,-0.4886882815383499,-0.2872576341127456,0.7586026119994612,-0.7173705912051875,0.7613720415696842,-0.14019172219886689,0.4629240159016643,-0.7649931453026881,-0.6259454397810583,0.9472338712283508,0.27638367307431344,-0.6213425779341109,0.6124694745632394,-0.09447415140053428,0.6747042450545485,1.174747499090596,-0.7014874963075676
-0.4831139139988438,-0.014463385583666659,-0.21894570509525146,-0.18512442559121647,0.7923085999729165,-0.1704271396702895,-0.17546908021335111,0.5216381349724368,-1.2198493091840847,0.048948085166990375,-0.28097419705846444,0.07591582555921424,0.009441014630818232,-0.22547116499116573,0.13100994888825102,0.012678632261323965,-0.09415937901076984,-0.0717105394003376,0.6147446770665493,-0.26924941410549974,-0.4337364067824044,-0.9292715279727237,0.39177093313101446,0.7388564292228051,0.6767939566424556,0.11317285189851642,0.18078455365972051,0.17229386657397452,-0.24532287341146325,0.43649981856743353,-0.08070886643916823,-0.5316630091873173,-0.5939574941368314,0.2468852506737945,-0.02781873731453567,-0.7124389000780978,-0.11860191787828128,0.677416366768358,-0.08997941968701023,0.4286239318949975,0.39331204254098734,-0.022800878072313326,-0.8907205818236984,0.8452213284362367,0.7534865014744242,-0.10843732965326103,0.23659102742309776,0.3576104717367313,-0.06458922378689522,0.22569367587397113,0.25373971784876037,-0.19212794570136307,-0.15902902309569591,-0.12925031937185213,0.12010851156962504,-0.7917137327737479
-0.1601814401208797,-0.03896364414565443,-0.03168390049281189,0.3776823844482104,-0.6884695628310603,0.774219940724026,1.1756817478278445,-0.8124983362095887,2.450192508581498,-0.7497329328569189,0.49526992242348233,0.15397438825831605,-0.055332804386162185,0.3436646375621703,-0.5364495861975778,0.16125856353248594,0.015515663205304966,0.6538725566364892,-0.9625248766301487,0.20539446058293825,1.7542967592219898,2.022200866739461,-0.8070777071737463,-0.8504509389485434,-1.895504955757175,0.1624359103643019,0.20195557979456613,-0.24532287341146325,0.6394718815097865,-1.0913228934799075,0.5735389222936205,1.375688057430091,1.7405180919382324,0.16858345347292622,-0.16687509155040978,1.0765330876814014,0.5188800003792237,-0.9671186925367462,0.17904503417618492,-1.2025748515790469,-1.0030407120968718,0.5116038636456449,1.420279506686437,-1.3001315171562644,-1.6853418035901526,0.51112692621736,-0.9682169881678495,-1.1361106425727827,0.7220495922884649,-0.29707637609943816,-0.9216445287076743,0.7809883621290263,0.27734551072469815,0.6970192043729903,0.480037057416595,1.2357917830860816
0.14709378554141134,0.05966255252942883,3.6460065088468656e-4,-0.6541481553219208,1.2978688629680435,-1.2917258218133267,-1.9439842178980882,1.435494893283485,-4.246452488330778,1.2245608777411228,-0.866399047921348,-0.23057377545780539,0.09201957597627727,-0.6083933033757324,0.8998524377631422,-0.2579530247662505,-0.04627599711362496,-1.0743279241472816,1.7006490132507175,-0.3952993583625002,-2.938188775539152,-3.487898808816125,1.3962628867597882,1.5479666952802025,3.2241365254397665,-0.23702959448684732,-0.2856004373776758,0.43649981856743353,-1.0913228934799075,1.8672350294047961,-0.9464047824628966,-2.3490988372351014,-2.9534166080079727,-0.21575559099015457,0.2628508627989785,-1.906894535766449,-0.866999962675393,1.7216304921693948,-0.3103998740992174,2.045333219327292,1.714833892765171,-0.8328524679107853,-2.5048398386146986,2.3000120514123186,2.9014323642208786,-0.8517190834075261,1.6218601094467162,1.9209497833479297,-1.183216135433966,0.5334990754144591,1.5492788397997848,-1.3076540706785176,-0.48537297658892525,-1.1581270156199543,-0.7482597443667948,-2.183458914504448
-1.131344711211227,-0.09466890278403364,-0.4589208912312824,0.2569218013971188,0.3424800293210506,0.9108516099145725,1.5550544385523206,-0.33506223978889244,1.6730422149472974,-1.1054576997400196,0.2908664875959323,0.39201979690932504,-0.0639669666930554,0.13440651931472855,-0.6265198907055722,0.2749032452859949,-0.15376466852726234,0.9052203456871036,-0.4098230046907946,-0.18764959229531702,1.9982906602755743,1.5214190930459681,-0.558961621079132,0.004650381461210432,-1.7891002708869252,0.4669210720608208,0.6533243426607175,-0.08070886643916823,0.5735389222936205,-0.9464047824628966,0.7720085828063726,1.210581398620555,1.67334699400151,0.7155396179226572,-0.307433454410637,0.4067734656401445,0.6024383009195121,-0.29788411380271984,0.1242069528426107,-1.1371411505060416,-0.8826130409023315,0.7862370137420385,0.638737379683197,-0.5267952568572138,-1.291805770389169,0.6239138096657584,-1.118677492212983,-1.1649588497825902,1.039472544977626,-0.0657613979984485,-1.005576838279884,0.9004747317120395,0.14889862963051884,0.8700107599487734,0.9872844682511721,0.5095324103371618
-0.28818304931673333,-0.06905099403455456,-0.023374107566469585,0.8327769882492089,-1.53904201552185,1.6770744150743813,2.497615094860379,-1.793214732502661,5.3316537827032215,-1.5875599644828253,1.0532791390902112,0.3015725040940486,-0.13046232162171476,0.7562216431682578,-1.126524503844173,0.34828766101958825,0.0574594746536634,1.3995837029954132,-2.110107546638526,0.5096607915990818,3.7666191008822416,4.3906173006435525,-1.774298130308807,-1.9064463821524855,-4.076106965553055,0.32523325012914467,0.39980465176765573,-0.5316630091873173,1.375688057430091,-2.3490988372351014,1.210581398620555,2.989474855808545,3.776465503700423,0.3313187012994918,-0.36654011831523525,2.375605548874354,1.1242340253181944,-2.137666177930243,0.3834514627884731,-2.5845616240703384,-2.160477751853177,1.0593055288472955,3.1051152710646344,-2.8521905282136855,-3.6839483734574796,1.0788994475247702,-2.0576642916590453,-2.42854721055428,1.5188459461258597,-0.6464900078740671,-1.9769957306734254,1.660083131743135,0.6104505612821445,1.4951478491690862,0.9927522668893055,2.732664441824309
-0.916356818082164,-0.11776083533074086,-0.26486313501047115,1.0118235397591384,-1.4114415397112927,2.2491158828542335,3.4378901615860937,-2.0546857404441914,6.460508196411829,-2.250049670243432,1.2414171247816337,0.5200027992704744,-0.17606409033699302,0.8613656492304229,-1.5003776964903652,0.5157034986904168,-0.016763385572238384,1.9517388281268597,-2.419228115260218,0.44886618051131993,5.007384237645414,5.397094821986656,-2.1602953535223586,-1.9913822370180345,-5.207075988734881,0.5890759117702582,0.7670723528544212,-0.5939574941368314,1.7405180919382324,-2.9534166080079727,1.67334699400151,3.776465503700423,4.850657746341475,0.7344893759555832,-0.5566122627630483,2.7005606229450625,1.5029772417047778,-2.392781200710245,0.4638776489386888,-3.302507937237107,-2.723678011599038,1.5172155752016503,3.5767667486366586,-3.255776598627468,-4.549824002488624,1.4546780602965144,-2.7398087009344647,-3.1521020508440194,2.137245522051917,-0.704375284291129,-2.602709531469665,2.2099654614296487,0.7187688517409382,2.030554975759501,1.5651716803539446,3.132735856367808
-2.229784878626725,-0.1345357828056723,-0.9476368107624048,-0.07065595687160563,1.9423313402313924,0.7000782257357326,1.4170299027065805,0.6414721520242332,-0.4944923482770986,-1.1563833333435447,-0.2236917601483902,0.5918998412558676,-0.055059873171804684,-0.2893866296777389,-0.4503762111860883,0.33725146146136153,-0.3572965404115936,0.8861599742280363,0.7407316026144228,-0.7364458047503208,1.4150129099283275,-0.09725655630388041,0.13239456202631197,1.4518034259652495,-0.6994446647872671,0.7503909614350115,1.093936927515433,0.2468852506737945,0.16858345347292622,-0.21575559099015457,0.7155396179226572,0.3313187012994918,0.7344893759555832,1.2952012268193673,-0.404745553103914,-0.9341422324767913,0.4514682503304509,0.989078940797866,-0.036138900695316493,-0.4475206751279914,-0.22824104124737343,0.8438350800958683,-1.0227604706731146,1.0597564020169428,0.010051328322523019,0.4931567099874879,-0.8020189999925936,-0.6175739843982514,1.0499024111125397,0.36895035045906166,-0.642163592012453,0.6426042543519245,-0.14246550584561707,0.7329000955977621,1.353642436892679,-0.9722355167417441
0.6726054003395325,0.03922152223949293,0.26718470940532274,-0.05845683928402259,-0.43152243834179727,-0.35967976286409165,-0.6221546713435596,-0.02132697616377932,-0.3289376394626458,0.4711949620887132,-0.014434205358226936,-0.1913716035329333,0.03299295733669382,0.01596567661316021,0.21514640027705614,-0.1323221150166001,0.0905247791088009,-0.3832086990780221,-0.029010103612042232,0.14735421768456974,-0.7429931537953138,-0.3583561466898368,0.12844319590319728,-0.24286942092043318,0.5530014506905339,-0.24217914915943997,-0.34700164600218464,-0.02781873731453567,-0.16687509155040978,0.2628508627989785,-0.307433454410637,-0.36654011831523525,-0.5566122627630483,-0.404745553103914,0.15843588890819887,0.05398393564694841,-0.235450319375541,-0.09175487154118407,-0.020574538213727334,0.35110458126111926,0.25080127304092964,-0.32447167556510514,0.025286998091309375,-0.05513521920649644,0.33560679584932956,-0.23039231151656087,0.40268615458654217,0.38365193095948763,-0.4287113597960027,-0.054736590512911076,0.35901247868632985,-0.32496996762489266,-0.015289829839715616,-0.3451510364235287,-0.47486040425901965,0.029011768805880637
1.8622611409646554,0.06706802341703672,0.8825926553575584,0.8175822665725749,-3.232068514813133,0.844169776732776,0.8974743660712765,-2.2249780208183823,5.267231520780118,-0.3272285392217566,1.1577656993364844,-0.2937007196038154,-0.06620398355885956,0.9559968620210674,-0.5827316765782987,-0.0068152325857110535,0.39294007702607714,0.4164072519299906,-2.6035106687242484,1.1637170367242444,2.0419717760212097,4.042822722399034,-1.7241358437696843,-3.098892670586076,-2.999912860421454,-0.42197234296402697,-0.6819080753506663,-0.7124389000780978,1.0765330876814014,-1.906894535766449,0.4067734656401445,2.375605548874354,2.7005606229450625,-0.9341422324767913,0.05398393564694841,3.0275368178897186,0.582897075286645,-2.865528499757043,0.3787182875730841,-1.8982590833407416,-1.7257309956787474,0.14726838198590647,3.766303731217589,-3.5747097061802826,-3.326596195211802,0.4996513435648144,-1.0860535720159201,-1.5952051722956024,0.36561708527053605,-0.9319375564860776,-1.1669179260529563,0.8802939593587638,0.6851726685719228,0.6480757689551984,-0.39616918718715455,3.3861165147883003
