V1,V2,V3,V4,V5,V6,V7,V8,V9,V10,V11,V12,V13,V14,V15,V16,V17,V18,V19,V20,V21,V22,V23,V24,V25,V26,V27,V28,V29,V30,V31,V32,V33,V34,V35,V36,V37,V38,V39,V40,V41,V42,V43,V44,V45,V46,V47,V48,V49,V50,V51,V52,V53,V54,V55,V56
7.461864719553964,0.4698069625886927,3.176640156711114,0.12279539718846615,-6.227634238297709,-2.5635542975223897,-5.100035283087201,-1.8809594819177655,0.8536608360315475,4.091697332582921,0.5605195735866593,-2.032252241572235,0.1903883864053827,0.8534057735831528,1.6892772920497416,-1.1665911222117114,1.1935873180799141,-3.1524655522455878,-2.1539080620405864,2.4195310774363694,-5.271367104690177,-0.32785294417717487,-0.1957912144639517,-4.570518275609883,2.9507401716468373,-2.551595818408421,-3.707368365391812,-0.7347197109351307,-0.77290416371159,1.079682613086764,-2.5759286146432294,-1.5335150600755056,-2.9864160208266766,-4.358165912799763,1.387034091814193,2.7697495019113245,-1.658984701522005,-2.985782231896486,0.0569827447863306,1.8856040302952424,1.089285918153315,-2.993675067612569,2.9378526190402336,-3.1056326098865368,0.4874138175820353,-1.818800273882973,2.9954650255392328,2.4362744539608543,-3.7386911745153433,-1.1241839253832584,2.4372825374828686,-2.4028975989541816,0.3877531572383877,-2.6580582689967924,-4.665016329293101,2.8544711953929034
0.4698069625886927,0.034223342758519015,0.2062377413835166,0.004518076336759121,-0.37443959256483683,-0.16928749959202083,-0.3466838295288028,-0.10705126130862432,0.008481383848124158,0.2729400495979253,0.016417384800169,-0.13557255559922757,0.008928673082715128,0.047925262639897846,0.12485026144778319,-0.07345754771247723,0.07946212423249703,-0.2078719629023917,-0.11723909408393288,0.1627044461742286,-0.3631494790951817,-0.058338907899202264,-0.004021575455060081,-0.27765037127856673,0.22636583661688683,-0.1652701757714617,-0.23908830857584132,-0.038983894596479475,-0.06278032506687949,0.09253360058310836,-0.17692006673863772,-0.1170584337132302,-0.21256098621287722,-0.27584641756721023,0.08448068593772237,0.15831794795142795,-0.10990182969671704,-0.1732196309641176,-0.0018220917847947954,0.14492836234309628,0.09045759189165156,-0.20656597204499325,0.15583685674919828,-0.17089898912378088,0.05270787683854233,-0.1291121498131584,0.21312155460506538,0.18056915193953585,-0.25424022368630256,-0.06192261115504839,0.17149465725250834,-0.17080161579167089,0.020810519329778038,-0.17863236002027477,-0.30509696158142685,0.1641296844210345
3.176640156711114,0.2062377413835166,1.3654426003253595,0.07053894272521491,-2.672109913733731,-1.0599838739107181,-2.1486635302767763,-0.8344395248071257,0.43957356373834694,1.7269806392882219,0.23768091366535063,-0.8714952053029374,0.07252427931160707,0.37592073176359836,0.7197798068245973,-0.4881155277950233,0.5181407518775385,-1.32161635419189,-0.9483301423819441,1.0641333347762978,-2.195497619620654,-0.07866942881296049,-0.11973277650102132,-1.9876374940113717,1.211719606584773,-1.0874946100973164,-1.5804037968927838,-0.31650987451643603,-0.31451093529861357,0.4352691030754909,-1.089696424915208,-0.6042706498226427,-1.208898721287704,-1.8531625826279359,0.5769899661847568,1.2224117689192018,-0.6854292068115403,-1.3100619177118165,0.026179106993300325,0.7753549380717558,0.44023956233647105,-1.27775867031033,1.2931531074047196,-1.365061537094952,0.1407842468264772,-0.7700288788562839,1.2610715483033161,1.0163536641579027,-1.5840996690282199,-0.4833895334756653,1.0144287603755517,-1.0110987741772681,0.17671271688809181,-1.111008771334675,-1.981922200985975,1.2694305061288933
0.12279539718846615,0.004518076336759121,0.07053894272521491,0.11225044410017394,-0.3281884295335912,0.16403780459199108,0.2057610706132653,-0.2731716933335679,0.700649904499709,-0.11309459858138672,0.13910692470538338,-0.009430261941741808,-0.015853982165672763,0.11571957494491573,-0.1006550468394395,0.021613010498874152,0.03692134340588855,0.11275631479319459,-0.3163135028780317,0.12914619218509119,0.368336984661858,0.554375543478167,-0.23653175203900484,-0.34767949085840566,-0.4529882116542601,-0.015074067287419439,-0.03086479254182071,-0.08175285908687793,0.15735594611014425,-0.273592675259985,0.09561708943376324,0.3531249924274238,0.4244221975097423,-0.05091450102409453,-0.0215048863560736,0.3671380068605474,0.11113297496333202,-0.34079908923360724,0.0486063489652988,-0.28652746136046314,-0.25012063528425443,0.0635994767157525,0.4587852397709403,-0.43188777836417525,-0.46804187673483844,0.09438617375966193,-0.1929192046354001,-0.2528511012187548,0.1086998996212009,-0.1044622190562779,-0.19916747496636103,0.15610769499209634,0.08773475216610617,0.1348931677280852,0.023667854952481394,0.41744362872764096
-6.227634238297709,-0.37443959256483683,-2.672109913733731,-0.3281884295335912,5.6867364477139875,1.7126874231132165,3.6215275450130044,2.0764077867638546,-2.179953021380727,-3.0209389209758504,-0.7705645219557201,1.6300734811959405,-0.12883037735812664,-0.9273928803733082,-1.11096306970317,0.8929423016507091,-1.0198417989181496,2.282719826014852,2.397591669389253,-2.1706578278803685,3.42376100890414,-0.9247550437605803,0.6448678030851599,4.377805776811288,-1.3724112895531302,2.0650947491073763,3.0207801313114424,0.7686298774268732,0.2744486423959645,-0.26534337507294914,1.8411777997099983,0.48199943595822825,1.4965734111688154,3.5926086065027993,-1.0769240444794925,-2.986436452501425,1.0976633191110248,3.1044852068265847,-0.15494976743899852,-0.8821230006766382,-0.3259839504986219,2.231406735361874,-3.334162184696858,3.4046538668272266,0.5879642889231725,1.2366735802792668,-1.961496546667791,-1.3880808113890089,2.73784795029857,1.1296931038684597,-1.5172205848832483,1.5711637368968718,-0.4932022616082302,1.8378640534869108,3.66714371980629,-3.152631262263136
-2.5635542975223897,-0.16928749959202083,-1.0599838739107181,0.16403780459199108,1.7126874231132165,1.2675817815948238,2.3008383448709107,0.1911313710048208,1.0022345887841917,-1.7474126342090315,0.05670431197137822,0.7463224950353994,-0.09934194035081897,-0.10177969233919641,-0.8261851455826362,0.4766783333903747,-0.3794359081137517,1.3930997581044724,0.2104951839567288,-0.6695854400045872,2.670285835066241,1.1687169772005044,-0.37012708616016016,1.0596763179916588,-1.9628107452361307,0.9283664609367414,1.331747627550183,0.1197556967653074,0.5876426221645962,-0.9226323862870541,1.1477218072135777,1.238777301986608,1.9167655929475025,1.5364457867000423,-0.5580516396874005,-0.3470095235715299,0.8295985608901972,0.4773004581423662,0.07133155649040757,-1.2489297920212363,-0.8813104280603745,1.2458202210215936,-0.23432430027245288,0.3489964543724477,-1.0617305142411098,0.8621465675028046,-1.489342679944095,-1.392879926978841,1.608684311885195,0.222946325323416,-1.2899279309691627,1.1975075757927365,0.019627130787249703,1.2498002974808489,1.7943125938134015,-0.2855641046277739
-5.100035283087201,-0.3466838295288028,-2.1486635302767763,0.2057610706132653,3.6215275450130044,2.3008383448709107,4.312160973185441,0.6328776530820619,1.3154094775339777,-3.308712167416495,0.015067710053066228,1.477722617030503,-0.16652748654849997,-0.3053731284429773,-1.5484870232676218,0.9000871190336102,-0.7888904583131665,2.6044018027738507,0.6953382531666313,-1.467646019883974,4.866041838761746,1.7758936192248476,-0.484738870208379,2.3993895908545677,-3.4326900043967945,1.8293933527677226,2.631580357225854,0.2995285227497162,1.0096434370899336,-1.5642347102539003,2.1634867010785164,2.0780132281119585,3.3257369496036815,3.036760999380168,-1.0485011451937931,-1.0229213153354215,1.502921347645874,1.2507851642162522,0.10135304641561271,-2.1872416793317644,-1.5022506617238336,2.3983417427203912,-0.8646661028119312,1.07086407921451,-1.6147254676856815,1.6109264357383146,-2.7498878130300595,-2.505016696165102,3.0550375026808223,0.5183013059726376,-2.3358781800089465,2.208247031439458,-0.04674635237057667,2.309186459595402,3.483946371695907,-0.9592754469500251
-1.8809594819177655,-0.10705126130862432,-0.8344395248071257,-0.2731716933335679,2.0764077867638546,0.1911313710048208,0.6328776530820619,1.010720622675781,-1.7483587454324814,-0.6253702219061026,-0.4411462969701402,0.45277620046421896,-0.009759642779219164,-0.441312909179634,-0.1299092760066129,0.20548353253579274,-0.33445945398872984,0.42840598450972345,1.1697712443262653,-0.7938699633488084,0.311407071594056,-1.1678850994704395,0.5636918498261662,1.752997751417969,0.3830500048739319,0.5804916546736009,0.863931031393104,0.34337119997684956,-0.1877325410154777,0.3833869447727678,0.33585197248998144,-0.4540122320418752,-0.29827459430944925,1.0520627219365901,-0.2560105960768069,-1.4113704261860807,0.1125832537832884,1.3997477207668263,-0.12296019452629221,0.23871337566025938,0.32771401603783534,0.49260989641302966,-1.6588095381513521,1.6325317859237174,0.9313287601344468,0.1747897149954123,-0.206317982745516,0.04734354483024543,0.5550779419974347,0.4781652195299234,-0.0778686182459591,0.16251728774911722,-0.27774936540209283,0.2718235569239355,0.9470972681151129,-1.5382850758063584
0.8536608360315475,0.008481383848124158,0.43957356373834694,0.700649904499709,-2.179953021380727,1.0022345887841917,1.3154094775339777,-1.7483587454324814,4.515999178190167,-0.7116234485505927,0.9571209094822876,-0.04375403250395765,-0.07621647071670308,0.7468419232316764,-0.6874017946992301,0.11427188605229738,0.21811465917675732,0.6907192395279318,-2.0521048441146044,0.7610095295978341,2.332554105856503,3.5680885871951733,-1.4846826333113847,-2.2320233393838484,-2.930792667546322,-0.10335152449927595,-0.21047321821678033,-0.5474688202600189,1.022160774950397,-1.780524161745675,0.6246717993548733,2.2343677001484052,2.6685539889883314,-0.364457803779585,-0.0951139442489992,2.3575226559366937,0.6805497969806111,-2.193718353991156,0.32591714024902957,-1.8565815638416139,-1.622654854909625,0.4427219967405513,2.9880769817831125,-2.8023379194270253,-2.955580102554325,0.6275979108595725,-1.2626975245587706,-1.6497617507381122,0.7098584385789208,-0.6988771635439706,-1.2738547671498763,1.0210116162107337,0.5582219415112725,0.842046001622388,0.13935286459286958,2.6609257404075004
4.091697332582921,0.2729400495979253,1.7269806392882219,-0.11309459858138672,-3.0209389209758504,-1.7474126342090315,-3.308712167416495,-0.6253702219061026,-0.7116234485505927,2.5612747628735515,0.061364874683932195,-1.1689770709692047,0.12748811621707012,0.2952375985783612,1.1692128159912853,-0.7038823167396593,0.6368770615007231,-2.00828270441146,-0.6987915724864832,1.2092074685578715,-3.6752353257036234,-1.1433847126935077,0.2778769190017929,-2.0554016563901767,2.496443055272841,-1.4517129157762612,-2.092876371763055,-0.2772551953486705,-0.722488133234256,1.1045043147489169,-1.662095525171326,-1.4811948958902157,-2.436494302400026,-2.42573737595402,0.8239620576272493,0.9776066107747883,-1.1394257256512348,-1.145947611580698,-0.055664052403491454,1.591288258742283,1.0671908163392714,-1.8590209650574792,0.9011568384710962,-1.0497224441791881,1.0645705427155059,-1.2250905494887692,2.0776692647113064,1.856647124764885,-2.3594817289820713,-0.4616878696776863,1.752604790861,-1.6684207536239328,0.07674062313525551,-1.7633674563061994,-2.7411432189530482,0.9482160757889226
0.5605195735866593,0.016417384800169,0.23768091366535063,0.13910692470538338,-0.7705645219557201,0.05670431197137822,0.015067710053066228,-0.4411462969701402,0.9571209094822876,0.061364874683932195,0.24527564704911348,-0.10134033963110797,0.003943112624677514,0.19337685782992925,-0.07324362896321,-0.04345957823579648,0.0941228543217824,-0.027537753568615216,-0.5265523353327238,0.24397432471481817,0.2000586029605568,0.7060212868188157,-0.29474371663259935,-0.6716656022572147,-0.4555204772057349,-0.1472632652600897,-0.2271531092871986,-0.15472510581016727,0.17282076201903043,-0.31553703903144176,0.004681268117410113,0.3621518063415786,0.3694025690115994,-0.30002925555046783,0.0656417329406386,0.6092992704116577,0.04321693035360724,-0.5888914829886769,0.07378553827586243,-0.2888585353992359,-0.2806666080852581,-0.04284333124935567,0.7612804233928051,-0.7269260815450261,-0.5515519593086157,0.046299257585224435,-0.11831869971851007,-0.2240102225456025,-0.034110589942804866,-0.20674385061874764,-0.1356566384737905,0.09592384687018696,0.12910100223678497,0.030920605188517813,-0.20398840537857565,0.6669201252884646
-2.032252241572235,-0.13557255559922757,-0.8714952053029374,-0.009430261941741808,1.6300734811959405,0.7463224950353994,1.477722617030503,0.45277620046421896,-0.04375403250395765,-1.1689770709692047,-0.10134033963110797,0.5697267061313908,-0.0503619641775573,-0.20593316373131984,-0.5097301561959048,0.32485324673779115,-0.32826011921711873,0.9016380393001967,0.5101866603202648,-0.6594084019345252,1.5628080078952693,0.24374845654555685,-1.4836536961415858e-4,1.1822819676774081,-0.9524496526548757,0.7063838201584409,1.023152737219553,0.17672339649424976,0.2616671079514649,-0.381936174861277,0.7481125522699988,0.5147103367785392,0.9333219009126973,1.1926367449499018,-0.3815261042755004,-0.6738651373753555,0.4842365563939188,0.7398252731776572,0.001080886659407144,-0.608539141134879,-0.37618371961498676,0.86253733085764706,-0.6845480058549389,0.742305957502861,-0.24917889992410128,0.5393848316898034,-0.8950000029037368,-0.7559054882671834,1.0764964141885247,0.2780080004040189,-0.733262022959179,0.7184008931313541,-0.08583271577651934,0.7719581515345383,1.3055889537929808,-0.6894016569992436
0.1903883864053827,0.008928673082715128,0.07252427931160707,-0.015853982165672763,-0.12883037735812664,-0.09934194035081897,-0.16652748654849997,-0.009759642779219164,-0.07621647071670308,0.12748811621707012,0.003943112624677514,-0.0503619641775573,0.011035885047098903,0.0065273716289171784,0.05372142612772553,-0.037726120358909564,0.023756408670531064,-0.10508981715006796,-0.014611451207891441,0.0359987469127605,-0.1984230422216549,-0.08778117843322841,0.03388477017374361,-0.07138404342288522,0.1410324706903595,-0.0667590323287139,-0.09609197514010885,-0.01097729917084138,-0.04167840543418094,0.06497557640717498,-0.08093261168213096,-0.0967083779686729,-0.14910693072039705,-0.11413825825643109,0.046207369270227616,0.020682414674183434,-0.06502389883883905,-0.031015727854326585,-0.0035409750442393652,0.0893265698122974,0.06285721531894543,-0.08404674476173163,0.017912326122755687,-0.02440358010342286,0.08785714105529296,-0.05903482165857621,0.10431234802371808,0.09776325595568537,-0.11365527099635182,-0.018858990208472773,0.09447446809899837,-0.08394484126243189,-0.003092992807193841,-0.09380038418455396,-0.1295247052501613,0.012841297800435324
0.8534057735831528,0.047925262639897846,0.37592073176359836,0.11571957494491573,-0.9273928803733082,-0.10177969233919641,-0.3053731284429773,-0.441312909179634,0.7468419232316764,0.2952375985783612,0.19337685782992925,-0.20593316373131984,0.0065273716289171784,0.19319047144528795,0.06556627071440538,-0.09650572880533946,0.1494765593876447,-0.20578435889350202,-0.5117868084678363,0.3510236986245875,-0.17181145252412292,0.492264344263628,-0.23859053558790186,-0.7754561731031788,-0.14141439243783166,-0.2646086773475145,-0.3932413867898216,-0.15158318385262057,0.07423923136850992,-0.15533129032333776,-0.1606148574162876,0.17958042751668798,0.10202872294812453,-0.4787065848778716,0.12031040619608878,0.6176264142499112,-0.061141418034707726,-0.614493729303012,0.053003924802337725,-0.08790120361740934,-0.13145023535194578,-0.22905848548153113,0.7253306425283238,-0.7149173287417857,-0.38857032504014205,-0.08647448286930756,0.10826906454189543,-0.0032286736550959524,-0.26185952978432664,-0.2117978869910497,0.05108822857781824,-0.0856903102994976,0.12016736438813266,-0.13545709105235895,-0.4355930471830009,0.6712219382918879
1.6892772920497416,0.12485026144778319,0.7197798068245973,-0.1006550468394395,-1.11096306970317,-0.8261851455826362,-1.5484870232676218,-0.1299092760066129,-0.6874017946992301,1.1692128159912853,-0.07324362896321,-0.5097301561959048,0.05372142612772553,0.06556627071440538,0.5812328365601102,-0.3077349225209776,0.26633532030821216,-0.9200301387386162,-0.12687681640592186,0.4854713830460811,-1.7809652310175361,-0.7958700212841133,0.23187044314992863,-0.7099447945669438,1.3365536723221705,-0.6218437441734943,-0.8906467720498092,-0.06851332947566517,-0.4025955671976343,0.6360577951887024,-0.7784464671192716,-0.8184320731034245,-1.2619493668589943,-1.0138475429445917,0.3515713711809948,0.2310258232697506,-0.5412881162212605,-0.3162180908278457,-0.05549693445866453,0.851827065113846,0.6050230218418393,-0.8570711300836474,0.13123697141123378,-0.21546204076649902,0.6909078172497554,-0.591793019642628,1.0173118194422288,0.9529976551947573,-1.0897129219506863,-0.13333605005327415,0.8656518172567065,-0.816213834625972,-0.010729639920207583,-0.8298353314666722,-1.2000440950406157,0.1990330178987481
-1.1665911222117114,-0.07345754771247723,-0.4881155277950233,0.021613010498874152,0.8929423016507091,0.4766783333903747,0.9000871190336102,0.20548353253579274,0.11427188605229738,-0.7038823167396593,-0.04345957823579648,0.32485324673779115,-0.037726120358909564,-0.09650572880533946,-0.3077349225209776,0.19781591863153153,-0.178911240816627,0.55264986043108,0.23543337648181292,-0.3418264634634441,0.9880057033603895,0.25293935453799243,-0.05540687682099586,0.6142493403296646,-0.6402641331370716,0.40786258359632865,0.5894814054615781,0.09041967665990829,0.1814305858027773,-0.2724923434877968,0.4510357596369379,0.3773970475793597,0.6394838912224557,0.6888260112492296,-0.23438128387022722,-0.3156865064992301,0.3102707393550722,0.36041596693822137,0.007710308568290063,-0.40796711302020683,-0.26584505545103854,0.5059657245586072,-0.3118029785653317,0.3480704298436847,-0.2503886474843362,0.32754648069754455,-0.5534141946908862,-0.48451869330625547,0.6439199156997661,0.14561392362277922,-0.46680580817517103,0.44454279460390816,-0.03080624150629677,0.4800969788635843,0.7643432810259984,-0.3103440423190948
1.1935873180799141,0.07946212423249703,0.5181407518775385,0.03692134340588855,-1.0198417989181496,-0.3794359081137517,-0.7888904583131665,-0.33445945398872984,0.21811465917675732,0.6368770615007231,0.0941228543217824,-0.32826011921711873,0.023756408670531064,0.1494765593876447,0.26633532030821216,-0.178911240816627,0.1990530383405171,-0.4831213605793215,-0.37758436436684467,0.4146469301319179,-0.7903794746277478,0.012687742677617006,-0.06659212485504055,-0.7714171538361623,0.42080135364458726,-0.4081831000673644,-0.5937098873479392,-0.12307515296938118,-0.10652421622456518,0.14404052522673394,-0.40161622281847725,-0.19582534631788875,-0.414425518131818,-0.694861617219198,0.21020449155194998,0.486584972217182,-0.24506799268758325,-0.5169386837189517,0.012420383874994601,0.2697375164393329,0.1473335587719214,-0.4767673211800455,0.5161486699236418,-0.5421432672439394,0.01163460070007242,-0.2828605498838167,0.45981228966877036,0.363344982461751,-0.5860034832385673,-0.18637185871883313,0.36365721545368085,-0.36804148827483746,0.0736143528840994,-0.4037201360004244,-0.7391619275169619,0.5096438706041371
-3.1524655522455878,-0.2078719629023917,-1.32161635419189,0.11275631479319459,2.282719826014852,1.3930997581044724,2.6044018027738507,0.42840598450972345,0.6907192395279318,-2.00828270441146,-0.027537753568615216,0.9016380393001967,-0.10508981715006796,-0.20578435889350202,-0.9200301387386162,0.55264986043108,-0.4831213605793215,1.5824880126150125,0.4803087784815216,-0.9019172782313236,2.9251927531581656,0.9961720688806958,-0.26744640852202306,1.5218244182022285,-2.0219535490911538,1.1219507149101875,1.61593332954482,0.20095894376491977,0.5898865474857921,-0.9075200728090013,1.3052712373976,1.2226691478238039,1.9800610653156276,1.8731017382588364,-0.6482109948773177,-0.6829834175590691,0.909132891924642,0.8193166929666735,0.051229093675210585,-1.2880669468194148,-0.8746036637088828,1.44827043277072,-0.6108038572743031,0.729658660977966,-0.9253934628785462,0.9652623980556536,-1.6448082441532075,-1.4856959285391051,1.8478050565629953,0.3402712733441035,-1.3984741282888504,1.3214763442263318,-0.0409871113367149,1.395819183246896,2.129542365674466,-0.6477485052731262
-2.1539080620405864,-0.11723909408393288,-0.9483301423819441,-0.3163135028780317,2.397591669389253,0.2104951839567288,0.6953382531666313,1.1697712443262653,-2.0521048441146044,-0.6987915724864832,-0.5265523353327238,0.5101866603202648,-0.014611451207891441,-0.5117868084678363,-0.12687681640592186,0.23543337648181292,-0.37758436436684467,0.4803087784815216,1.360395312220862,-0.8970664478129267,0.32206292173890977,-1.3796960145196844,0.6542499574278379,2.0185798096899554,0.48438756207684197,0.6592239246924099,0.9823979791390478,0.4012281772636362,-0.23073841893359098,0.46676825824356055,0.3680015840760188,-0.5425668797408538,-0.36845292015807934,1.2029892313342923,-0.2969223381078966,-1.633789575977226,0.12302612387762282,1.6190018557108017,-0.14684257276685675,0.30287638409561635,0.4002520658286781,0.543501800722453,-1.9322739888518221,1.8970719237238245,1.0905008857861125,0.18379672700580937,-0.2082548769499736,0.08480545018709562,0.6143036006349956,0.5578708351590718,-0.0693213925844268,0.1643052948098532,-0.32188736668401907,0.2984362129847296,1.071895966709364,-1.7786988253414546
2.4195310774363694,0.1627044461742286,1.0641333347762978,0.12914619218509119,-2.1706578278803685,-0.6695854400045872,-1.467646019883974,-0.7938699633488084,0.7610095295978341,1.2092074685578715,0.24397432471481817,-0.6594084019345252,0.0359987469127605,0.3510236986245875,0.4854713830460811,-0.3418264634634441,0.4146469301319179,-0.9019172782313236,-0.8970664478129267,0.8940022378186386,-1.3919614044453166,0.28638863876670095,-0.24815181381502646,-1.6966982122900067,0.6243750467593844,-0.8163981775957249,-1.1912237500144023,-0.2796587102546034,-0.1389698077663093,0.15975504919064654,-0.7540447822425989,-0.21770116560835598,-0.615322106108602,-1.3986461242280217,0.40215287663543914,1.1395339213190907,-0.4297976091137561,-1.1865626948504708,0.045616531162293056,0.402389198929712,0.1759929487445846,-0.9214871675442627,1.2362585898131948,-1.2770297386889726,-0.20446859919530805,-0.520388388593337,0.8247635620046685,0.6057918639159174,-1.1139388995199346,-0.4161286029529843,0.6281078711614175,-0.6600856082537944,0.1880861339834102,-0.7344068008516632,-1.4554751920103564,1.2121488743149262
-5.271367104690177,-0.3631494790951817,-2.195497619620654,0.368336984661858,3.42376100890414,2.670285835066241,4.866041838761746,0.311407071594056,2.332554105856503,-3.6752353257036234,0.2000586029605568,1.5628080078952693,-0.1984230422216549,-0.17181145252412292,-1.7809652310175361,0.9880057033603895,-0.7903794746277478,2.9251927531581656,0.32206292173890977,-1.3919614044453166,5.674770342808447,2.6272528792340966,-0.8313751919661324,2.095465415613841,-4.257965246833466,1.9285180831210464,2.7618728844607516,0.21038320945500413,1.2846638375748183,-2.0291449939239463,2.432118516781437,2.6832172208003398,4.107971682615405,3.1678664705144475,-1.1470440520937755,-0.6022386261158507,1.7492503333969525,0.8799122559763402,0.17258185825280223,-2.710244405872072,-1.9314128303828628,2.6394312097261645,-0.3129306266477093,0.5683370853551302,-2.34252488052345,1.8418625641900108,-3.1849570014112807,-3.004497829758165,3.398968328752822,0.4144825788603762,-2.754106468893651,2.5603326758062663,0.06705245209089353,2.6390850224474196,3.7440789616378907,-0.4679914123569985
-0.32785294417717487,-0.058338907899202264,-0.07866942881296049,0.554375543478167,-0.9247550437605803,1.1687169772005044,1.7758936192248476,-1.1678850994704395,3.5680885871951733,-1.1433847126935077,0.7060212868188157,0.24374845654555685,-0.08778117843322841,0.492264344263628,-0.7958700212841133,0.25293935453799243,0.012687742677617006,0.9961720688806958,-1.3796960145196844,0.28638863876670095,2.6272528792340966,2.95788469528057,-1.183433499937246,-1.193264293818419,-2.7988214781927905,0.26685061781773517,0.3384922061185663,-0.3461720089353622,0.940843846417616,-1.60265792995291,0.8643801094811026,2.033438520999566,2.586671166116756,0.3012193901075357,-0.2665562215553258,1.5429313899326873,0.7825560022954399,-1.3796244398708384,0.2584332497150017,-1.7753521999622504,-1.4752903078956336,0.7741605534414137,2.035969450399591,-1.8610102566309468,-2.477562541494719,0.7628085227703428,-1.4438037088316897,-1.682263263971761,1.0941728818425236,-0.41696453176996484,-1.3742310084383296,1.164113877787113,0.4018876111820764,1.0524571173054256,0.7547488000903626,1.778591178035955
-0.1957912144639517,-0.004021575455060081,-0.11973277650102132,-0.23653175203900484,0.6448678030851599,-0.37012708616016016,-0.484738870208379,0.5636918498261662,-1.4846826333113847,0.2778769190017929,-0.29474371663259935,-1.4836536961415858e-4,0.03388477017374361,-0.23859053558790186,0.23187044314992863,-0.05540687682099586,-0.06659212485504055,-0.26744640852202306,0.6542499574278379,-0.24815181381502646,-0.8313751919661324,-1.183433499937246,0.49979593766367153,0.6973352395917378,0.9928641647240887,0.008879208926793085,0.03219338859779562,0.1686508800302201,-0.3429343377126159,0.5937238034702376,-0.22820798167633674,-0.7639498998763783,-0.9279674886430485,0.07009110501127,0.05634962634743426,-0.7557813283919081,-0.2500318228863502,0.6980684577121361,-0.10378636921848279,0.6283905437634307,0.5432762555173883,-0.1652975849730121,-0.951566672911987,0.8919850289661914,0.997941030178962,-0.21923284610638452,0.4397764272542522,0.5624395917449383,-0.2669229375081358,0.2133614403233526,0.4465587558109981,-0.3559234003857418,-0.18290820627666007,-0.3102613939981798,-0.09322061466560103,-0.8607092361541707
-4.570518275609883,-0.27765037127856673,-1.9876374940113717,-0.34767949085840566,4.377805776811288,1.0596763179916588,2.3993895908545677,1.752997751417969,-2.2320233393838484,-2.0554016563901767,-0.6716656022572147,1.1822819676774081,-0.07138404342288522,-0.7754561731031788,-0.7099447945669438,0.6142493403296646,-0.7714171538361623,1.5218244182022285,2.0185798096899554,-1.6966982122900067,2.095465415613841,-1.193264293818419,0.6973352395917378,3.4742433006951434,-0.5551541046151652,1.4944405349023941,2.1939116098950757,0.6246855402881999,0.04861379047129003,0.06662748323100924,1.231619245539321,-4.7795415893659793e-4,0.6535853967910648,2.6175133411295857,-0.7421255439597009,-2.494614922312093,0.6733055639038549,2.5528321316346245,-0.15460999844810477,-0.3617986539734465,0.0022209122650379888,1.5477164177853133,-2.8222322908047643,2.8500511774533157,0.8822036647088074,0.8015903769042376,-1.2276439080866919,-0.7593310525524382,1.862509797555446,0.9041274546827357,-0.8962695258278632,0.9816657597235958,-0.43913364353048806,1.183644833966805,2.605200414753622,-2.6665335309424893
2.9507401716468373,0.22636583661688683,1.211719606584773,-0.4529882116542601,-1.3724112895531302,-1.9628107452361307,-3.4326900043967945,0.3830500048739319,-2.930792667546322,2.496443055272841,-0.4555204772057349,-0.9524496526548757,0.1410324706903595,-0.14141439243783166,1.3365536723221705,-0.6402641331370716,0.42080135364458726,-2.0219535490911538,0.48438756207684197,0.6243750467593844,-4.257965246833466,-2.7988214781927905,0.9928641647240887,-0.5551541046151652,3.597176369601667,-1.153348044501741,-1.6304975067689595,0.05640790606882529,-1.1318686301635277,1.8443863473863371,-1.707745908693566,-2.382144892837547,-3.3970708688222615,-1.8229345714883745,0.7265939979973134,-0.406176863920742,-1.2940067968359648,0.1822934470235899,-0.2172995229261934,2.2874002487379963,1.7306579352157827,-1.7817683557476671,-0.8037723766312517,0.5817872903377284,2.4055293810922684,-1.3475448787111088,2.3863099744422116,2.4026982800373835,-2.3323314085900106,-0.017217995109794257,2.1157557267785045,-1.919318949920215,-0.22387970292151405,-1.8985274591700938,-2.350032411863159,-0.5842993779970391
-2.551595818408421,-0.1652701757714617,-1.0874946100973164,-0.015074067287419439,2.0650947491073763,0.9283664609367414,1.8293933527677226,0.5804916546736009,-0.10335152449927595,-1.4517129157762612,-0.1472632652600897,0.7063838201584409,-0.0667590323287139,-0.2646086773475145,-0.6218437441734943,0.40786258359632865,-0.4081831000673644,1.1219507149101875,0.6592239246924099,-0.8163981775957249,1.9285180831210464,0.26685061781773517,0.008879208926793085,1.4944405349023941,-1.153348044501741,0.8824536548352777,1.2793492309930143,0.2299187560661318,0.31346929025198234,-0.4539039357565214,0.9234796898771895,0.6246619122289264,1.145655741195372,1.4961530258505817,-0.4814206755820922,-0.8630669112649538,0.6022347919172828,0.9446200905606049,-0.004513501377398793,-0.7366156745529419,-0.4499395698352121,1.0636606041074732,-0.8899342540899807,0.9575670782920357,-0.28963007603697644,0.6614181022314637,-1.098258164046874,-0.9202195064745832,1.3317136306030863,0.35795728227629303,-0.9009306655383641,0.8809227132867138,-0.11177918986341205,0.9577272524219406,1.6266974192865855,-0.8815923247692908
-3.707368365391812,-0.23908830857584132,-1.5804037968927838,-0.03086479254182071,3.0207801313114424,1.331747627550183,2.631580357225854,0.863931031393104,-0.21047321821678033,-2.092876371763055,-0.2271531092871986,1.023152737219553,-0.09609197514010885,-0.3932413867898216,-0.8906467720498092,0.5894814054615781,-0.5937098873479392,1.61593332954482,0.9823979791390478,-1.1912237500144023,2.7618728844607516,0.3384922061185663,0.03219338859779562,2.1939116098950757,-1.6304975067689595,1.2793492309930143,1.855626736887277,0.34066080309363655,0.4400195501685502,-0.6330383756114328,1.3287035342330888,0.8751670929496425,1.6241637748076936,2.172018459339821,-0.6965436937366094,-1.2813615274868515,0.8635012093316681,1.3973546947341802,-0.011138311955887263,-1.0415058510570594,-0.62955943928059,1.5337451182623616,-1.329377950047023,1.4246202667663272,-0.38061358997659755,0.9489904956989257,-1.5730533377074278,-1.309997540858107,1.9186728781655211,0.5281362502151759,-1.287590700181428,1.261617116008674,-0.169258899788218,1.3759991973662458,2.3538717609765563,-1.3118968488999667
-0.7347197109351307,-0.038983894596479475,-0.31650987451643603,-0.08175285908687793,0.7686298774268732,0.1197556967653074,0.2995285227497162,0.34337119997684956,-0.5474688202600189,-0.2772551953486705,-0.15472510581016727,0.17672339649424976,-0.01097729917084138,-0.15158318385262057,-0.06851332947566517,0.09041967665990829,-0.12307515296938118,0.20095894376491977,0.4012281772636362,-0.2796587102546034,0.21038320945500413,-0.3461720089353622,0.1686508800302201,0.6246855402881999,0.05640790606882529,0.2299187560661318,0.34066080309363655,0.12252657142014858,-0.042046886271307815,0.09634868337324655,0.1539753428337507,-0.09916343778690831,-0.017846983088196842,0.4150453570150923,-0.113143349397674,-0.48380120295498386,0.07418069437479761,0.4857065720432683,-0.04041471910767523,0.03461011473130101,0.07824554384645532,0.20634119163653894,-0.568482590636979,0.5620511322895034,0.2624617289960547,0.08774688284671299,-0.12179821143093626,-0.03316577716135997,0.24448539428482555,0.17222718527626163,-0.07576506116404881,0.0968604157687534,-0.09109651788740906,0.14189000186130135,0.3859600319088337,-0.5207469817917476
-0.77290416371159,-0.06278032506687949,-0.31451093529861357,0.15735594611014425,0.2744486423959645,0.5876426221645962,1.0096434370899336,-0.1877325410154777,1.022160774950397,-0.722488133234256,0.17282076201903043,0.2616671079514649,-0.04167840543418094,0.07423923136850992,-0.4025955671976343,0.1814305858027773,-0.10652421622456518,0.5898865474857921,-0.23073841893359098,-0.1389698077663093,1.2846638375748183,0.940843846417616,-0.3429343377126159,0.04861379047129003,-1.1318686301635277,0.31346929025198234,0.4400195501685502,-0.042046886271307815,0.3610533023743069,-0.5937744784247292,0.5014090288136692,0.7618344745043453,1.0618613931678054,0.48521972889737175,-0.2038616673619949,0.22291191732545018,0.38832103523174594,-0.15356770060867445,0.07576553676069557,-0.7195098612484665,-0.5546841175705217,0.5140471194673109,0.3635871704493192,-0.2931441105413896,-0.8016686672199806,0.402403904114238,-0.719148425585375,-0.7419481434467826,0.6779701850830965,-0.02888793831998582,-0.6441288486514501,0.5787383691227442,0.08790714068902716,0.5631223001450364,0.6553217646281634,0.2856605851687535
1.079682613086764,0.09253360058310836,0.4352691030754909,-0.273592675259985,-0.26534337507294914,-0.9226323862870541,-1.5642347102539003,0.3833869447727678,-1.780524161745675,1.1045043147489169,-0.31553703903144176,-0.381936174861277,0.06497557640717498,-0.15533129032333776,0.6360577951887024,-0.2724923434877968,0.14404052522673394,-0.9075200728090013,0.46676825824356055,0.15975504919064654,-2.0291449939239463,-1.60265792995291,0.5937238034702376,0.06662748323100924,1.8443863473863371,-0.4539039357565214,-0.6330383756114328,0.09634868337324655,-0.5937744784247292,0.9831158566077646,-0.7753276080454355,-1.2554789043756986,-1.7217770116398867,-0.6886227110514921,0.3032182061455474,-0.4728983852914276,-0.610953957997961,0.36111163801183,-0.13193218068364665,1.1721387574247877,0.9158273964813498,-0.7836898150883567,-0.7204277664612485,0.604972590086139,1.357729122059899,-0.6305054490646435,1.1353465579157462,1.1926196911329652,-1.040010748299571,0.08697406625760684,1.0241835930932588,-0.9136041469425467,-0.16327293765821402,-0.878206531008671,-0.9703138257929477,-0.5831882831394463
-2.5759286146432294,-0.17692006673863772,-1.089696424915208,0.09561708943376324,1.8411777997099983,1.1477218072135777,2.1634867010785164,0.33585197248998144,0.6246717993548733,-1.662095525171326,0.004681268117410113,0.7481125522699988,-0.08093261168213096,-0.1606148574162876,-0.7784464671192716,0.4510357596369379,-0.40161622281847725,1.3052712373976,0.3680015840760188,-0.7540447822425989,2.432118516781437,0.8643801094811026,-0.22820798167633674,1.231619245539321,-1.707745908693566,0.9234796898771895,1.3287035342330888,0.1539753428337507,0.5014090288136692,-0.7753276080454355,1.0873511102475453,1.0254938701892025,1.6493138109448662,1.5324863969570286,-0.5247204802702159,-0.5376938827557685,0.7493808892254817,0.6506886730551551,0.049507964515107826,-1.0884524299753338,-0.744664170224129,1.2096600546019278,-0.4598594485793882,0.5635014414834082,-0.7835917926225507,0.8094654873201168,-1.378421163149504,-1.251776743578877,1.5365039150728423,0.2655713179445734,-1.1672095965407383,1.107127596980558,-0.029032747153243152,1.155512167918162,1.7562107582985274,-0.5102800253585623
-1.5335150600755056,-0.1170584337132302,-0.6042706498226427,0.3531249924274238,0.48199943595822825,1.238777301986608,2.0780132281119585,-0.4540122320418752,2.2343677001484052,-1.4811948958902157,0.3621518063415786,0.5147103367785392,-0.0967083779686729,0.17958042751668798,-0.8184320731034245,0.3773970475793597,-0.19582534631788875,1.2226691478238039,-0.5425668797408538,-0.21770116560835598,2.6832172208003398,2.033438520999566,-0.7639498998763783,-4.7795415893659793e-4,-2.382144892837547,0.6246619122289264,0.8751670929496425,-0.09916343778690831,0.7618344745043453,-1.2554789043756986,1.0254938701892025,1.6337705386431445,2.2618902257109084,0.968810502830057,-0.428771200105836,0.5486654280204295,0.8191278963331559,-0.40078329155197745,0.16032954562038423,-1.5129341827733562,-1.1731299642008717,1.0334769083432613,0.8408685383062662,-0.6970260818187148,-1.7515049806296052,0.8234848594562286,-1.4833244565058745,-1.5451319265672416,1.3816635410413298,-0.07712960749382267,-1.3455101593486463,1.194343312678589,0.20220467478710769,1.172000586241176,1.321232187778937,0.6950579788489356
-2.9864160208266766,-0.21256098621287722,-1.208898721287704,0.4244221975097423,1.4965734111688154,1.9167655929475025,3.3257369496036815,-0.29827459430944925,2.6685539889883314,-2.436494302400026,0.3694025690115994,0.9333219009126973,-0.14910693072039705,0.10202872294812453,-1.2619493668589943,0.6394838912224557,-0.414425518131818,1.9800610653156276,-0.36845292015807934,-0.615322106108602,4.107971682615405,2.586671166116756,-0.9279674886430485,0.6535853967910648,-3.3970708688222615,1.145655741195372,1.6241637748076936,-0.017846983088196842,1.0618613931678054,-1.7217770116398867,1.6493138109448662,2.2618902257109084,3.255634072915101,1.835528293438904,-0.7362070634367849,0.28909753375966835,1.2621578029876834,-0.073238386761577845,0.19156316260436868,-2.159056892038974,-1.620482362872128,1.7179983310828153,0.6280992388977864,-0.4249377561952485,-2.2600403092583954,1.2881610952592368,-2.280517124425433,-2.2777645256298813,2.2605221143717174,0.06588527053931975,-2.0300664744577306,1.8351952152121438,0.19740846153684952,1.8454506049465182,2.318814032740295,0.46058653854039877
-4.358165912799763,-0.27584641756721023,-1.8531625826279359,-0.05091450102409453,3.5926086065027993,1.5364457867000423,3.036760999380168,1.0520627219365901,-0.364457803779585,-2.42573737595402,-0.30002925555046783,1.1926367449499018,-0.11413825825643109,-0.4787065848778716,-1.0138475429445917,0.6888260112492296,-0.694861617219198,1.8731017382588364,1.2029892313342923,-1.3986461242280217,3.1678664705144475,0.3012193901075357,0.07009110501127,2.6175133411295857,-1.8229345714883745,1.4961530258505817,2.172018459339821,0.4150453570150923,0.48521972889737175,-0.6886227110514921,1.5324863969570286,0.968810502830057,1.835528293438904,2.5495768368425358,-0.8175786619481977,-1.5557668141240284,0.995311421615847,1.687673573371805,-0.02357356684118973,-1.1644428804521025,-0.6895323341285361,1.7724938017313232,-1.6352146159080514,1.7394327908725138,-0.37604140066839215,1.0877221164064381,-1.7985652835472554,-1.4816224906871707,2.218369459059878,0.6391264249758642,-1.4706046942181268,1.4428569001808629,-0.21093453049356833,1.587339046830193,2.7450833090493214,-1.5963252936503745
1.387034091814193,0.08448068593772237,0.5769899661847568,-0.0215048863560736,-1.0769240444794925,-0.5580516396874005,-1.0485011451937931,-0.2560105960768069,-0.0951139442489992,0.8239620576272493,0.0656417329406386,-0.3815261042755004,0.046207369270227616,0.12031040619608878,0.3515713711809948,-0.23438128387022722,0.21020449155194998,-0.6482109948773177,-0.2969223381078966,0.40215287663543914,-1.1470440520937755,-0.2665562215553258,0.05634962634743426,-0.7421255439597009,0.7265939979973134,-0.4814206755820922,-0.6965436937366094,-0.113143349397674,-0.2038616673619949,0.3032182061455474,-0.5247204802702159,-0.428771200105836,-0.7362070634367849,-0.8175786619481977,0.27977902467062915,0.39143167604556656,-0.3628557322958199,-0.44318854283243747,-0.005014447381284231,0.4627907717953077,0.2972237990870404,-0.5884871251988937,0.3966187301442406,-0.43649361472276305,0.27491871255185657,-0.37830607324744697,0.6381636417308368,0.5538897207304336,-0.7507966350446158,-0.180376780452544,0.5396356008338177,-0.51304988121559,0.04033052069006846,-0.5602902009394294,-0.9001150148725009,0.38595633406176405
2.7697495019113245,0.15831794795142795,1.2224117689192018,0.3671380068605474,-2.986436452501425,-0.3470095235715299,-1.0229213153354215,-1.4113704261860807,2.3575226559366937,0.9776066107747883,0.6092992704116577,-0.6738651373753555,0.020682414674183434,0.6176264142499112,0.2310258232697506,-0.3156865064992301,0.486584972217182,-0.6829834175590691,-1.633789575977226,1.1395339213190907,-0.6022386261158507,1.5429313899326873,-0.7557813283919081,-2.494614922312093,-0.406176863920742,-0.8630669112649538,-1.2813615274868515,-0.48380120295498386,0.22291191732545018,-0.4728983852914276,-0.5376938827557685,0.5486654280204295,0.28909753375966835,-1.5557668141240284,0.39143167604556656,1.9762581109991508,-0.2098028414544396,-1.9686343116090983,0.16616832303750967,-0.2515545586068631,-0.3982364995110847,-0.7601788831145757,2.3131500864054733,-2.283591655890313,-1.2202161216743046,-0.2961700314663945,0.37963386717343756,0.022209595498790324,-0.8705944497788731,-0.6772481177533859,0.19009644795798147,-0.3006289162127972,0.38315986470328545,-0.456677356651515,-1.425988760769478,2.1474388948833942
