V1,V2,V3,V4,V5,V6,V7,V8,V9,V10,V11,V12,V13,V14,V15,V16,V17,V18,V19,V20,V21,V22,V23,V24,V25,V26,V27,V28,V29,V30,V31,V32,V33,V34,V35,V36,V37,V38,V39,V40,V41,V42,V43,V44,V45,V46,V47,V48,V49,V50,V51,V52,V53,V54,V55,V56
5.799034527515895,-5.018533845101572,5.334904176971394,6.489803127085146,-5.199022532589098,-0.4870113089879589,5.106940505353848,1.1216400724941258,-10.070267433294557,2.216195063649617,10.802800450788025,7.020162521247522,-6.361699538179951,5.480471129598944,-22.489298213316623,10.973551242217285,-0.2953694947549364,-8.858167520668497,6.149195398593225,0.08694805597262949,-5.3012322142672295,2.1859401941415513,-19.770659889569384,14.343797199247412,17.22936113004927,-14.161549015157894,-11.80762805550345,-0.423661514671958,-16.53197930483671,14.030984122025785,13.060303240999271,-0.10459640234384919,-5.406402468398441,-2.325269573764382,-8.17010244690552,-18.0606656159551,15.883142088409386,-7.531126707069483,-2.6443507523745926,16.209104727612594,6.6939053687971795,7.49064112611529,-12.139993212793877,-8.355207392054952,5.4011812853678,-21.291974074571435,4.520413234146025,18.404441785463025,13.74895905599422,-1.9094284039558156,1.5380466035055689,-2.6198305185718804,-9.64590095014669,-32.46389201731161,8.401543720931583,-4.864750286305079
-5.018533845101572,4.743604087199563,-5.1746036896124155,-5.790308546178097,4.872987661756534,1.0518369946620925,-3.7213600009986973,-0.8836960892493516,8.568389675534396,-1.8705149844452016,-9.786550940255093,-5.5384817148899605,5.705921362916713,-5.221164665571972,19.344197922342698,-9.65746154645787,1.2832016189398396,8.07013188802215,-4.966916640566531,0.13225886108924248,4.921943150696276,-1.8041821975343686,17.55188802182153,-11.857406265065354,-14.838823342403161,12.92754360300801,10.630577635761755,0.6302797907268979,14.323310573316036,-12.029039020225047,-11.932783085238112,0.40452916249108856,3.8138330627830572,3.4171999756971365,7.50609323338255,15.864362024055213,-13.087109876397419,6.793468315787013,2.372180798438379,-14.539549916236876,-5.73490132308342,-6.819391596934796,10.447089371431879,6.683618447131588,-5.229988019228861,19.44857577408372,-3.22901935849229,-15.992977289189318,-12.69478239101433,1.187562426263713,-1.0192455981665736,2.80599409643859,8.573795610119971,28.01239898544132,-6.929067596161926,4.379085650500099
5.334904176971394,-5.1746036896124155,5.684789334715348,6.212705498115777,-5.303348110435652,-1.326470240318936,3.725225562947909,0.9106592240530945,-9.059670212440246,1.9727571576835323,10.547762980552095,5.710161537703331,-6.131338148682361,5.707927003031094,-20.524103215813646,10.319048382951218,-1.7033744053152464,-8.711990377915477,5.16286339088383,-0.20897234736396203,-5.342426114472937,1.8889951397384845,-18.80377898136256,12.421032576625267,15.750132025631736,-13.964004459168395,-11.436331602756306,-0.7568141999151974,-15.231298220473601,12.749586458368519,12.892857408571466,-0.5335716587482455,-3.768740566166171,-4.096291446339043,-8.122651390622929,-16.941128295769303,13.694526755747845,-7.312616364023337,-2.549561290428066,15.624394871931825,6.077095916380192,7.360145589695818,-11.085995263007616,-6.9241544888486155,5.742864231891717,-21.011338250131395,3.2071625539599844,17.022217525681256,13.75751296822669,-1.1088525185688574,0.9807131412389078,-3.160536165262215,-9.188473941738485,-29.75019061932888,7.252951703175571,-4.71063171567143
6.489803127085146,-5.790308546178097,6.212705498115777,7.338439252069812,-5.980659047428698,-0.818995611781266,5.4118087719829315,1.2174438675982142,-11.20603191707164,2.4595801598280445,12.279752331953867,7.623059836256914,-7.206484003185494,6.341069801786949,-25.11667197255794,12.350516493466593,-0.7770862319433236,-10.088894060266778,6.727545154383014,0.007167797566571347,-6.077898831504302,2.4082765230269825,-22.317709563312878,15.810779106303972,19.250448403429246,-16.140374109084053,-13.393111395403313,-0.5886315517657057,-18.50826796379985,15.652935478679407,14.889840097483367,-0.25347470627391516,-5.674569681294765,-3.212695571028811,-9.332492906176205,-20.313735640146753,17.48898827486729,-8.548083005127221,-2.99577344917499,18.362216384309733,7.465998873854225,8.529227252147413,-13.56040902647695,-9.112700272690434,6.2859842367312115,-24.27227465569709,4.762108094147309,20.62510173320051,15.732627072705593,-1.9348460524858393,1.5858054713057805,-3.165962703777304,-10.893055917835518,-36.2949905978211,9.253807619752683,-5.517623668057433
-5.199022532589098,4.872987661756534,-5.303348110435652,-5.980659047428698,5.009790510958257,1.0249060324411485,-3.926930778640908,-0.9244134259152779,8.89151737322419,-1.9426543892590533,-10.093482272896281,-5.792809194437798,5.89044509437126,-5.359721971113852,20.051961499880512,-9.988194066186086,1.2237293503283722,8.318763637266441,-5.181988950013279,0.11566291557946515,5.064580066842569,-1.878064392840792,18.137577502523683,-12.34092253298878,-15.379767367826394,13.32333455673638,10.97045122383622,0.625805857478603,14.83668953961362,-12.473270214920491,-12.297105673627765,0.3867778430456748,4.039905759615881,3.3956613814251253,7.731189731789573,16.410677344199875,-13.625400373846306,7.009385194633446,2.4489212285161988,-15.009683996566562,-5.947092555221163,-7.029947624533505,10.828835947251175,6.980188139203335,-5.360900741608425,20.042807225304436,-3.4153658890838057,-16.561300630853584,-13.069409169197444,1.2780398244729583,-1.087978194363596,2.8514904355506276,8.858816670412493,29.02811410797422,-7.213370705453319,4.519136820032824
-0.4870113089879589,1.0518369946620925,-1.326470240318936,-0.818995611781266,1.0249060324411485,1.0348666619709457,0.6720168891467077,0.04295383324533834,0.6133845747645132,-0.11134776677876107,-1.5962873962959108,0.2570688123352249,0.8487970625756162,-1.2131464776353473,1.7008466543162888,-1.174103965922994,1.644179120506318,1.3799132363326798,0.0426897272065517,0.31931045351657733,0.9714691078230911,-0.045559951602504874,2.3555231313012976,-0.32766199131563006,-1.33266865022352,2.24724908020964,1.6397386595492862,0.45034100092348583,1.4131384078920717,-0.9986323025852383,-2.089294592894235,0.5032389079808909,-0.9088313574033086,2.408714390629761,1.3713037622783804,1.884131907057231,-0.29575868679414896,1.0667026904273298,0.3545866511150562,-2.165896617121793,-0.4701857032289604,-1.1589195573095215,0.9259921809168932,-0.16093928806797753,-1.3284949813659586,3.39682183446295,0.6964351713255391,-1.6472200205451373,-2.408200954230428,-0.5724878634852516,0.3617275054401745,1.0683848915594039,1.1650630830603095,2.594031525403851,-0.16677754558491326,0.6740283663853242
5.106940505353848,-3.7213600009986973,3.725225562947909,5.4118087719829315,-3.926930778640908,0.6720168891467077,5.716795972346855,1.1396828328490478,-9.125702920447013,2.0345150645332986,8.750303631688244,7.120045252869094,-5.254033555586963,3.992465534728991,-20.013283207193094,9.38416447623182,1.533508141549788,-7.0965188926551255,6.034575120106796,0.43834099129723103,-4.085643431428153,2.0779244551525777,-16.64109305810015,13.603200250072387,15.299629170745156,-11.29960326354843,-9.680528749666129,0.08631469704754507,-14.531490163909952,12.555457548464515,10.402311667725678,0.4555596515765143,-6.270692739351335,0.4038713202857197,-6.43609470037455,-15.498219626004502,15.137362154850111,-6.151340006052123,-2.1820049934456636,13.383319129769554,5.99687228218752,6.009766485296477,-10.79471677403126,-8.313471052920823,3.7875016447663965,-16.9689847098613,5.172782011163525,16.095361222256436,10.719596252671197,-2.4932393495013874,1.8982181953148765,-1.3674855638904215,-8.101468816681038,-28.735925139605744,7.995613308603198,-3.9900824720712107
1.1216400724941258,-0.8836960892493516,0.9106592240530945,1.2174438675982142,-0.9244134259152779,0.04295383324533834,1.1396828328490478,0.23587036153204258,-1.979833191933874,0.43897016083223755,1.9943830028093354,1.4746498301991562,-1.187069897567737,0.9561382265383551,-4.375763052377805,2.0876422658373226,0.16631642155328966,-1.6255767572002098,1.2665151785676405,0.06188432048764611,-0.9527404296800156,0.44184532573650165,-3.72809036271065,2.8953591689136764,3.3482444168238747,-2.593126391374586,-2.1943837000945465,-0.024713970851447345,-3.1941731190085205,2.738647827421702,2.38915892641135,0.047995506099796435,-1.2337507625094395,-0.14433325037520503,-1.4857070014824372,-3.442574662029809,3.2153368628505796,-1.3967425766025643,-0.4931818577426372,3.0241139772746544,1.307416090173684,1.3757184682816157,-2.3610055835115125,-1.7350783534218368,0.9239671490262255,-3.896287974840854,1.022810141933937,3.5457407872906144,2.4863341847632046,-0.47043886573315813,0.3652217019174899,-0.38966309876803795,-1.8167129631193293,-6.297374787599163,1.699358151770828,-0.9043007357603526
-10.070267433294557,8.568389675534396,-9.059670212440246,-11.20603191707164,8.89151737322419,0.6133845747645132,-9.125702920447013,-1.979833191933874,17.54269947195219,-3.866016922183592,-18.599272278218784,-12.388821873729002,10.974946547122897,-9.342036255156698,39.09853152474073,-18.99780394593286,0.13506516799048096,15.23489004912649,-10.808951339516959,-0.226915686723558,9.083319415229472,-3.8282175384708768,34.17159759493008,-25.11395416982345,-29.947200062400174,24.34605696079592,20.35422148103906,0.6394373576778334,28.70347606597592,-24.407941819946046,-22.448760258911065,0.06654637202676388,9.7063431818821,3.521841441004066,14.028804662614318,31.27896128551839,-27.824495307077676,12.977279172124048,4.560712161382078,-27.9617065160984,-11.646054821975309,-12.884987079878101,21.103882016973554,14.710827944867104,-9.175901004915522,36.60075994807756,-8.100791805668397,-31.937690688267498,-23.58413710020277,3.486981314360824,-2.785094709427902,4.351981920532949,16.668692835120947,56.40788250586349,-14.715578140592553,8.3866089903139
2.216195063649617,-1.8705149844452016,1.9727571576835323,2.4595801598280445,-1.9426543892590533,-0.11134776677876107,2.0345150645332986,0.43897016083223755,-3.866016922183592,0.852580181134634,4.07665147624136,2.7465601673419497,-2.4075934763460323,2.0378382961755013,-8.60880537920208,4.174743837181054,0.00892126257987277,-3.3374738134550626,2.3920720244195492,0.05778774956495665,-1.9863763485256387,0.8457744691875301,-7.503422490231208,5.5476927706675525,6.593100742984007,-5.3325119048341,-4.463753415298216,-0.13072549981218096,-6.316121062473127,5.375700360410769,4.916571999543987,-0.002789793502556278,-2.168650132752985,-0.7221651355656222,-3.0708259352583123,-6.874583682060689,6.148096421053446,-2.8454936728203877,-1.0006048581732767,6.1340931349094685,2.565111236777888,2.822837694381953,-4.646542168788041,-3.2579697013937743,1.9983601742856807,-8.016117941106101,1.8084812332263067,7.025947500783856,5.160126751921376,-0.78484456841595,0.6247039332700912,-0.9374128018286606,-3.6596623263195553,-12.416608367809525,3.251317411851911,-1.8391928650270202
10.802800450788025,-9.786550940255093,10.547762980552095,12.279752331953867,-10.093482272896281,-1.5962873962959108,8.750303631688244,1.9943830028093354,-18.599272278218784,4.07665147624136,20.6024988509415,12.490782156873829,-12.069960806594667,10.732102412317149,-41.76510992895687,20.61795548613307,-1.6734028888920387,-16.943262789754048,11.067446975068856,-0.06480348860036537,-10.240730419564219,3.9764081572156145,-37.31320062243991,26.112894827794236,32.01753680858054,-27.115454090637925,-22.44636612393717,-1.0773309764380405,-30.814631134596272,26.013668684980914,25.018393224297544,-0.5380373812389546,-9.126026479003702,-5.8671868991307194,-15.695807769407693,-33.90067855195825,28.868514684899914,-14.331034426547527,-5.017628792992396,30.75482806221884,12.40632216355299,14.322210898970644,-22.550634089666893,-14.96662230306585,10.669038770734206,-40.781237611270484,7.67441026143081,34.35651338663267,26.482694026363266,-3.0488673648540203,2.524408506126389,-5.469215720958772,-18.216059874221532,-60.38575429377529,15.277407566303204,-9.247099390393517
7.020162521247522,-5.5384817148899605,5.710161537703331,7.623059836256914,-5.792809194437798,0.2570688123352249,7.120045252869094,1.4746498301991562,-12.388821873729002,2.7465601673419497,12.490782156873829,9.219581174020634,-7.433542087011683,5.993350164603474,-27.385091505403278,13.069304402228177,1.0216849641847299,-10.181874699260531,7.920281245979167,0.3834030596759139,-5.969345244082442,2.7638007297212086,-23.34193305242143,18.111241470283364,20.954886442470535,-16.242639145239135,-13.742126611276849,-0.15967862966418753,-19.992201699177418,17.138690662937858,14.96523427389104,0.294478686440339,-7.705620247756116,-0.9297356408848684,-9.307068276915398,-21.551082920475142,20.111986644136653,-8.747210177273606,-3.088271274017269,18.937217853226024,8.181853805527911,8.6168019182546,-14.776093062479067,-10.84935977859461,5.793450870974485,-24.40558365994214,6.388779603104005,22.193587484768024,15.57659613308544,-2.935705829518743,2.2799821919002174,-2.448991023549487,-11.37486068028074,-39.41293285005256,10.629625186325082,-5.663118657747347
-6.361699538179951,5.705921362916713,-6.131338148682361,-7.206484003185494,5.89044509437126,0.8487970625756162,-5.254033555586963,-1.187069897567737,10.974946547122897,-2.4075934763460323,-12.069960806594667,-7.433542087011683,7.079777688352072,-6.251576082407234,24.613115757422786,-12.119124300800339,0.8372312722980283,9.920031574187883,-6.5688270321020115,0.008453594943602611,5.982729357483851,-2.3543379338529693,21.91067769144087,-15.458461745859044,-18.866056570313447,15.871798515986505,13.159860513861414,0.5968051970362053,18.144782687053418,-15.336136457392858,-14.64270472448417,0.2717753393044304,5.498934033229789,3.2528014440824764,9.181072345199166,19.931303801976984,-17.09584658439555,8.400025237451244,2.9424599380639678,-18.038766547469454,-7.314649424825892,-8.38629041706435,13.28877945682241,8.89295496739546,-6.203286181270176,23.869691413131445,-4.61778697777122,-20.223892499165462,-15.481398628377683,1.862656142392328,-1.5313224938822343,3.143455789955109,10.695493855832671,35.574272176371956,-9.046231743423121,5.4217260783212815
5.480471129598944,-5.221164665571972,5.707927003031094,6.341069801786949,-5.359721971113852,-1.2131464776353473,3.992465534728991,0.9561382265383551,-9.342036255156698,2.0378382961755013,10.732102412317149,5.993350164603474,-6.251576082407234,5.750635889618206,-21.112606445846595,10.562807146602443,-1.5064084425170667,-8.854255860052008,5.387823520841158,-0.16563880318408386,-5.4091531203946595,1.9612946408019283,-19.21262928705496,12.891949392893219,16.197300504785673,-14.186160250377624,-11.651178249655798,-0.7152291016346036,-15.643351257076956,13.124625581121434,13.095579552119906,-0.47386308982385666,-4.076432001041662,-3.8753995640919,-8.241499251491799,-17.348512880802666,14.224375452026093,-7.446978443474185,-2.5991171358520555,15.930136835636835,6.256820293842751,7.481504278170947,-11.402649648534467,-7.242851805822372,5.768190153047008,-21.343203157543126,3.4563985987634673,17.47170888025353,13.944675165539817,-1.2493197206815492,1.0811942255158986,-3.1193489674413817,-9.386053883020082,-30.582319507336695,7.531903681156791,-4.799417492339938
-22.489298213316623,19.344197922342698,-20.524103215813646,-25.11667197255794,20.051961499880512,1.7008466543162888,-20.013283207193094,-4.375763052377805,39.09853152474073,-8.60880537920208,-41.76510992895687,-27.385091505403278,24.613115757422786,-21.112606445846595,87.25256691880782,-42.50977445172884,0.8401522026298809,34.23379750088319,-23.952843043684158,-0.3984730262984353,20.459864037732306,-8.503379031453964,76.54304062087635,-55.79294954807042,-66.84000933600117,54.72142475507008,45.67016404283972,1.5653486494459472,64.1090054190521,-54.44824929091885,-50.46278804391383,0.31271246388384666,21.223474451036875,8.600732735395983,31.556392095491514,69.97367599578104,-61.79287064056805,29.12518544280658,10.229680150167502,-62.710767404606955,-25.977415929549576,-28.95049477598593,47.09835098841117,32.56546599673063,-20.78213289837331,82.27115249882935,-17.733357598142927,-71.35670335877629,-53.084689533204525,7.543340629060454,-6.056917802890066,10.000560248313828,37.34201901923737,125.92574767621299,-32.68394279619152,18.81674378648363
10.973551242217285,-9.65746154645787,10.319048382951218,12.350516493466593,-9.988194066186086,-1.174103965922994,9.38416447623182,2.0876422658373226,-18.99780394593286,4.174743837181054,20.61795548613307,13.069304402228177,-12.119124300800339,10.562807146602443,-42.50977445172884,20.830149405426173,-0.970902550227406,-16.924760450133235,11.494054632786213,0.08120382245539602,-10.16569301593737,4.101386853336736,-37.59002049011751,26.92036977435492,32.57501958678868,-27.067794415120144,-22.50937889742221,-0.9076409293018396,-31.29052207292968,26.505720364495847,24.96706497110934,-0.32395696313876693,-9.883763862204942,-4.963548962104174,-15.635444219722933,-34.271097594388465,29.792105999424482,-14.362072739537359,-5.037302346939972,30.87869009414216,12.643810722302097,14.310057989030156,-22.949165948954384,-15.591478417644023,10.443825130442029,-40.70163533270861,8.28010308656962,34.85378643884678,26.336977514322278,-3.426937555973435,2.785293497323459,-5.173760042759817,-18.344158452036584,-61.39972266372126,15.761413096705901,-9.273733690272756
-0.2953694947549364,1.2832016189398396,-1.7033744053152464,-0.7770862319433236,1.2237293503283722,1.644179120506318,1.533508141549788,0.16631642155328966,0.13506516799048096,0.00892126257987277,-1.6734028888920387,1.0216849641847299,0.8372312722980283,-1.5064084425170667,0.8401522026298809,-0.970902550227406,2.6537879428969204,1.488012450810811,0.5977454993180986,0.5279772798814703,1.1277623066068343,0.11353483285715807,2.1405903134618804,0.6978861977958771,-0.692059326379727,2.4457510194868903,1.658205749538192,0.697778436094873,0.8829248537466535,-0.4222485442564172,-2.2828293312497188,0.8112301280033568,-1.9454761666936708,3.725459024015933,1.5332646613745415,1.5196224077322529,0.8822623651047823,1.0914926042763116,0.35033813407027714,-2.1378853473599895,-0.19131071435112904,-1.2454606263749413,0.46622516734426,-0.9797998412431006,-1.701195209236509,3.7070139599395278,1.523312974108983,-1.1038577242052936,-2.7436049059423855,-1.0967782432274105,0.7217950839127358,1.516179784827752,1.0704507625211641,1.4393357471270238,0.44987857168767015,0.6808692521885502
-8.858167520668497,8.07013188802215,-8.711990377915477,-10.088894060266778,8.318763637266441,1.3799132363326798,-7.0965188926551255,-1.6255767572002098,15.23489004912649,-3.3374738134550626,-16.943262789754048,-10.181874699260531,9.920031574187883,-8.854255860052008,34.23379750088319,-16.924760450133235,1.488012450810811,13.93899169609266,-9.03522748590104,0.07659136529991381,8.435018143435661,-3.2507453744419927,30.646490286817944,-21.349756873288694,-26.24614528261235,22.310275840942126,18.452431940858627,0.9132286389836328,25.269644781398636,-21.318235669833395,-20.585960419985906,0.4766442860828525,7.385706280332475,4.9694823891412145,12.91968751073212,27.824927146415074,-23.59773791622869,11.782491029644634,4.123750830682356,-25.2766741330201,-10.166564860624094,-11.782197465615724,18.484699701075364,12.21086313081333,-8.811279612573964,33.55574507504503,-6.215891931076141,-28.179609046782435,-21.805475575195615,2.447667444771036,-2.034764714867437,4.5455336065852,14.96266334575976,49.50678850814719,-12.488819525253017,7.601725720260339
6.149195398593225,-4.966916640566531,5.16286339088383,6.727545154383014,-5.181988950013279,0.0426897272065517,6.034575120106796,1.2665151785676405,-10.808951339516959,2.3920720244195492,11.067446975068856,7.920281245979167,-6.5688270321020115,5.387823520841158,-23.952843043684158,11.494054632786213,0.5977454993180986,-9.03522748590104,6.83500458850214,0.27594971838536586,-5.325271095287297,2.395570136625369,-20.573325053226633,15.703171861534702,18.333922756296285,-14.421474495163361,-12.155940665292842,-0.2158881419729791,-17.516237225894344,14.979257938346658,13.290577900805408,0.16725606858127284,-6.499521227901374,-1.2205174425638101,-8.277934246453912,-18.94443868709279,17.42615071008014,-7.741572281396746,-2.7295120679594587,16.735095375909108,7.149815543652653,7.6448300321346485,-12.925624463060217,-9.34494074114617,5.235111065503947,-21.672568754833822,5.398703227874651,19.458504650030246,13.873923777005205,-2.4369598346849832,1.9070871608274809,-2.300751375169797,-10.028578013773801,-34.49843055768655,9.21192436344328,-5.009102051567896
0.08694805597262949,0.13225886108924248,-0.20897234736396203,0.007167797566571347,0.11566291557946515,0.31931045351657733,0.43834099129723103,0.06188432048764611,-0.226915686723558,0.05778774956495665,-0.06480348860036537,0.3834030596759139,0.008453594943602611,-0.16563880318408386,-0.3984730262984353,0.08120382245539602,0.5279772798814703,0.07659136529991381,0.27594971838536586,0.10880891765448109,0.09366931604290377,0.07813598884206563,-0.0673511138184063,0.503065261135323,0.2954523753286595,0.1358345538316183,0.036485591169404114,0.13023298328135235,-0.2393935299867802,0.26918884126540377,-0.13072783948495312,0.1611191788222001,-0.5291820993623578,0.6930213507801052,0.103181623652358,-0.14932215727844977,0.5792266263852447,0.03005458372445538,0.003744808077711361,-0.022237009127519098,0.1304543929028228,-0.06223940945199991,-0.21258022159641354,-0.4087148204532504,-0.20695061459323763,0.21040203368441063,0.42163681985449036,0.24197627815404824,-0.2064170741207918,-0.2694894614584302,0.18459837323726966,0.23985396344592133,-0.027474155750818945,-0.529341672821559,0.30301239911215855,0.014653746204690718
-5.3012322142672295,4.921943150696276,-5.342426114472937,-6.077898831504302,5.064580066842569,0.9714691078230911,-4.085643431428153,-0.9527404296800156,9.083319415229472,-1.9863763485256387,-10.240730419564219,-5.969345244082442,5.982729357483851,-5.4091531203946595,20.459864037732306,-10.16569301593737,1.1277623066068343,8.435018143435661,-5.325271095287297,0.09366931604290377,5.125077443741694,-1.9252081324138923,18.44237170594168,-12.648383462548614,-15.690379070461939,13.506685508595721,11.137874866388765,0.6072603759923861,15.126371855448053,-12.731677728876582,-12.465179015143613,0.35767394966337446,4.220363604882112,3.2982816796434067,7.832197050109708,16.70574125405923,-13.97010277756779,7.11490020904798,2.4873271875506506,-15.244777951485672,-6.07075359153014,-7.128711908390724,11.048563689698483,7.181270629424698,-5.40130717701153,20.317243213106558,-3.5623036629048155,-16.879081513457642,-13.233228279209753,1.3574444108258057,-1.1458209363229992,2.844566676313131,9.0064523078078,29.608158295171677,-7.395068702667605,4.588154005311495
2.1859401941415513,-1.8041821975343686,1.8889951397384845,2.4082765230269825,-1.878064392840792,-0.045559951602504874,2.0779244551525777,0.44184532573650165,-3.8282175384708768,0.8457744691875301,3.9764081572156145,2.7638007297212086,-2.3543379338529693,1.9612946408019283,-8.503379031453964,4.101386853336736,0.11353483285715807,-3.2507453744419927,2.395570136625369,0.07813598884206563,-1.9252081324138923,0.8431530948400505,-7.355971833469983,5.528642119247459,6.510437687418623,-5.1912539639894,-4.360851402257009,-0.10209219736417367,-6.228258261996975,5.3139076139366574,4.785236537755662,0.029240901981231186,-2.227194787058195,-0.5691315462771298,-2.9845460759585767,-6.7569012339262295,6.13128316258054,-2.7785413970225057,-0.9783927058710188,5.998235137129775,2.536026064934429,2.7499957025418817,-4.589138371841924,-3.269266752614098,1.914463379550567,-7.802561028758128,1.8533967514233158,6.923400893347665,5.008562125666421,-0.8215196050327179,0.6479401766493217,-0.8697236072659157,-3.5866960148096734,-12.255563273842345,3.2417685042569437,-1.7968818162293365
-19.770659889569384,17.55188802182153,-18.80377898136256,-22.317709563312878,18.137577502523683,2.3555231313012976,-16.64109305810015,-3.72809036271065,34.17159759493008,-7.503422490231208,-37.31320062243991,-23.34193305242143,21.91067769144087,-19.21262928705496,76.54304062087635,-37.59002049011751,2.1405903134618804,30.646490286817944,-20.573325053226633,-0.0673511138184063,18.44237170594168,-7.355971833469983,67.89269251961701,-48.28959924891545,-58.66171582844686,49.02281335072789,40.71105098153414,1.7355337546268266,56.38106559077106,-47.7110328241235,-45.22216661088336,0.7031747768936197,17.477860408569885,9.477591908167765,28.335475437477974,61.83391629947009,-53.42453913392857,25.980611053709797,9.107526121049222,-55.82761317886969,-22.757702968312486,-25.910027566158412,41.32412671862006,27.882174883312366,-19.027750379464912,73.71958496634387,-14.657907256419888,-62.81947683504757,-47.753410629536894,5.997100329039002,-4.899509099498844,9.526437055288609,33.13588055462621,110.5898755488273,-28.26658755449344,16.77236507203918
14.343797199247412,-11.857406265065354,12.421032576625267,15.810779106303972,-12.34092253298878,-0.32766199131563006,13.603200250072387,2.8953591689136764,-25.11395416982345,5.5476927706675525,26.112894827794236,18.111241470283364,-15.458461745859044,12.891949392893219,-55.79294954807042,26.92036977435492,0.6978861977958771,-21.349756873288694,15.703171861534702,0.503065261135323,-12.648383462548614,5.528642119247459,-48.28959924891545,36.25295125539749,42.717686171236615,-34.09538663981022,-28.634608329178707,-0.6822472147166204,-40.86998309027324,34.864124432359915,31.42914695790672,0.17734014275231927,-14.574797893825583,-3.7991484862521663,-19.604557007315808,-44.34924354646056,40.20259062607201,-18.245239140402347,-6.423707252497883,39.38376216272354,16.638511161049422,18.060878523897173,-30.11072046891043,-21.42751976658355,12.588211826611166,-51.24688539397186,12.130299343861568,45.43391473554344,32.90238739977217,-5.36945749712073,4.237226771474528,-5.731928591339836,-23.546196031236857,-80.41633520853428,21.256420004079526,-11.798954166899174
17.22936113004927,-14.838823342403161,15.750132025631736,19.250448403429246,-15.379767367826394,-1.33266865022352,15.299629170745156,3.3482444168238747,-29.947200062400174,6.593100742984007,32.01753680858054,20.954886442470535,-18.866056570313447,16.197300504785673,-66.84000933600117,32.57501958678868,-0.692059326379727,-26.24614528261235,18.333922756296285,0.2954523753286595,-15.690379070461939,6.510437687418623,-58.66171582844686,42.717686171236615,51.203852797183735,-41.95462829841853,-35.00812889477021,-1.2117413782563196,-49.11569650157183,41.70831204576749,38.690025736924994,-0.2544139607154172,-16.21883385251411,-6.6553864381342205,-24.196469543054253,-53.61911253861247,47.30944689281386,-22.326287861677628,-7.840976272609929,48.067987499295334,19.89897974625609,22.19538171585398,-36.079993796827765,-24.92314642207359,15.947772250180783,-63.077514269225965,13.553565120367201,54.6706670006491,40.70659244429397,-5.757188804635273,4.625543986040159,-7.68703056681817,-28.619060676720217,-96.46993685080173,25.02356024956637,-14.423853096970177
-14.161549015157894,12.92754360300801,-13.964004459168395,-16.140374109084053,13.32333455673638,2.24724908020964,-11.29960326354843,-2.593126391374586,24.34605696079592,-5.3325119048341,-27.115454090637925,-16.242639145239135,15.871798515986505,-14.186160250377624,54.72142475507008,-27.067794415120144,2.4457510194868903,22.310275840942126,-14.421474495163361,0.1358345538316183,13.506685508595721,-5.1912539639894,49.02281335072789,-34.09538663981022,-41.95462829841853,35.71084057846144,29.52630818688805,1.4769275442655114,40.399324699697296,-34.07382139560401,-32.951548911981625,0.7823292581750446,11.751288262875866,8.035971831062723,20.682660896453164,44.49832285994341,-37.682648816443454,18.854426772459846,6.598247382464998,-40.442456680751754,-16.249365829922283,-18.85779335315837,29.547464980622234,19.48575192251218,-14.122483841449604,53.71138686379653,-9.892974193764482,-45.054471387619124,-34.91182362932449,3.882762316793191,-3.2328226313252877,7.301803152306818,23.935111397419913,79.14029448647369,-19.943545656762844,12.163591321759275
-11.80762805550345,10.630577635761755,-11.436331602756306,-13.393111395403313,10.97045122383622,1.6397386595492862,-9.680528749666129,-2.1943837000945465,20.35422148103906,-4.463753415298216,-22.44636612393717,-13.742126611276849,13.159860513861414,-11.651178249655798,45.67016404283972,-22.50937889742221,1.658205749538192,18.452431940858627,-12.155940665292842,0.036485591169404114,11.137874866388765,-4.360851402257009,40.71105098153414,-28.634608329178707,-35.00812889477021,29.52630818688805,24.466248891017752,1.1339841137868187,33.678566123433704,-28.452547930210013,-27.24101028677179,0.5360298229437597,10.118632795212575,6.179554591785085,17.083853094255456,37.015836500308325,-31.66346670126137,15.618421991699382,5.47020797763769,-33.53127536298822,-13.570143761950368,-15.598819001495926,24.658239231457276,16.449910649030162,-11.569385887492478,44.405485913120955,-8.501706102937414,-37.542004730659166,-28.814135096400033,3.4098488288385966,-2.8108765930956476,5.888627223168203,19.873386514869086,66.01735989200313,-16.75537716904971,10.07949758475771
-0.423661514671958,0.6302797907268979,-0.7568141999151974,-0.5886315517657057,0.625805857478603,0.45034100092348583,0.08631469704754507,-0.024713970851447345,0.6394373576778334,-0.13072549981218096,-1.0773309764380405,-0.15967862966418753,0.5968051970362053,-0.7152291016346036,1.5653486494459472,-0.9076409293018396,0.697778436094873,0.9132286389836328,-0.2158881419729791,0.13023298328135235,0.6072603759923861,-0.10209219736417367,1.7355337546268266,-0.6822472147166204,-1.2117413782563196,1.4769275442655114,1.1339841137868187,0.2045062133884101,1.2186725012992154,-0.9504623394585521,-1.368982928579453,0.2143127219062821,-0.17419067577104955,1.09441297255003,0.8836676994951234,1.473989032518385,-0.7272578395755065,0.7318664804842725,0.24823952360736637,-1.5213677676598896,-0.4508769966453463,-0.7690660658933981,0.8481726426494424,0.25047501301096353,-0.7603995978518657,2.22849480044273,0.11921057499723281,-1.387930218173535,-1.5286051157277034,-0.1663866191732612,0.09285274235107013,0.5459986050861756,0.8536548603272608,2.3179550063082606,-0.38896902500744196,0.466768281339542
-16.53197930483671,14.323310573316036,-15.231298220473601,-18.50826796379985,14.83668953961362,1.4131384078920717,-14.531490163909952,-3.1941731190085205,28.70347606597592,-6.316121062473127,-30.814631134596272,-19.992201699177418,18.144782687053418,-15.643351257076956,64.1090054190521,-31.29052207292968,0.8829248537466535,25.269644781398636,-17.516237225894344,-0.2393935299867802,15.126371855448053,-6.228258261996975,56.38106559077106,-40.86998309027324,-49.11569650157183,40.399324699697296,33.678566123433704,1.2186725012992154,47.13089367554707,-39.99572259664642,-37.258046612577196,0.31090201292634556,15.37816378680774,6.6851108096060035,23.309540034807505,51.49820726132403,-45.2541336302487,21.481214674096552,7.541575903035996,-46.23085865860283,-19.08105411348379,-21.368478881235884,34.60689190407425,23.797693681844727,-15.42040997008006,60.741524134105084,-12.859551924445284,-52.47131813676678,-39.22821044004023,5.42507713807859,-4.372021706126833,7.490475794043907,27.50848343485015,92.54696257843592,-23.937836892895355,13.87579644549009
14.030984122025785,-12.029039020225047,12.749586458368519,15.652935478679407,-12.473270214920491,-0.9986323025852383,12.555457548464515,2.738647827421702,-24.407941819946046,5.375700360410769,26.013668684980914,17.138690662937858,-15.336136457392858,13.124625581121434,-54.44824929091885,26.505720364495847,-0.4222485442564172,-21.318235669833395,14.979257938346658,0.26918884126540377,-12.731677728876582,5.3139076139366574,-47.7110328241235,34.864124432359915,41.70831204576749,-34.07382139560401,-28.452547930210013,-0.9504623394585521,-39.99572259664642,33.98129911615106,31.421015667186737,-0.16395337319261696,-13.327027238483344,-5.226618755219462,-19.64469496156581,-43.6330280475335,38.617615175495196,-18.14371293339159,-6.3739546920962935,39.07419977110287,16.212962996704054,18.028675442194235,-29.39031951582798,-20.371720360438864,12.910763386324886,-51.227236339881586,11.131513456718485,44.5126465870521,33.04033900959882,-4.752366476040906,3.809814155349418,-6.185869302846956,-23.275099722228493,-78.57270517599848,20.425271604388435,-11.722915683197279
13.060303240999271,-11.932783085238112,12.892857408571466,14.889840097483367,-12.297105673627765,-2.089294592894235,10.402311667725678,2.38915892641135,-22.448760258911065,4.916571999543987,25.018393224297544,14.96523427389104,-14.64270472448417,13.095579552119906,-50.46278804391383,24.96706497110934,-2.2828293312497188,-20.585960419985906,13.290577900805408,-0.13072783948495312,-12.465179015143613,4.785236537755662,-45.22216661088336,31.42914695790672,38.690025736924994,-32.951548911981625,-27.24101028677179,-1.368982928579453,-37.258046612577196,31.421015667186737,30.405758584256876,-0.729775216322297,-10.8145398336992,-7.448281384050789,-19.08570467563174,-41.04394043661804,34.73476993687825,-17.395486281688758,-6.087439010982522,37.31082034481489,14.984163419573797,17.400151540016775,-27.248119428942,-17.955896586712356,13.038905615818223,-49.5614485655202,9.105574399523366,41.552406970533525,32.21792885375925,-3.5684592731272398,2.97321319972357,-6.7482024415209265,-22.079665823039523,-72.98355250111666,18.383567266073737,-11.222074233170943
-0.10459640234384919,0.40452916249108856,-0.5335716587482455,-0.25347470627391516,0.3867778430456748,0.5032389079808909,0.4555596515765143,0.047995506099796435,0.06654637202676388,-0.002789793502556278,-0.5380373812389546,0.294478686440339,0.2717753393044304,-0.47386308982385666,0.31271246388384666,-0.32395696313876693,0.8112301280033568,0.4766442860828525,0.16725606858127284,0.1611191788222001,0.35767394966337446,0.029240901981231186,0.7031747768936197,0.17734014275231927,-0.2544139607154172,0.7823292581750446,0.5360298229437597,0.2143127219062821,0.31090201292634556,-0.16395337319261696,-0.729775216322297,0.24810321924491044,-0.5807896591098168,1.1436816748363077,0.48883024798984603,0.5093882711742229,0.22989283523699283,0.3521824319939428,0.11343996234741846,-0.6936451879451584,-0.07513869627171868,-0.39920216101947303,0.17264257594138968,-0.27840008762098856,-0.5331634991860219,1.1855009672309225,0.45407596250966703,-0.38318164585823306,-0.8723335301831946,-0.33017763534414685,0.21672741618360455,0.4697045955940436,0.35116068022165875,0.5207550601764344,0.11648734481357409,0.2202267567868521
-5.406402468398441,3.8138330627830572,-3.768740566166171,-5.674569681294765,4.039905759615881,-0.9088313574033086,-6.270692739351335,-1.2337507625094395,9.7063431818821,-2.168650132752985,-9.126026479003702,-7.705620247756116,5.498934033229789,-4.076432001041662,21.223474451036875,-9.883763862204942,-1.9454761666936708,7.385706280332475,-6.499521227901374,-0.5291820993623578,4.220363604882112,-2.227194787058195,17.477860408569885,-14.574797893825583,-16.21883385251411,11.751288262875866,10.118632795212575,-0.17419067577104955,15.37816378680774,-13.327027238483344,-10.8145398336992,-0.5807896591098168,6.909499133728211,-0.867990459924783,6.676618823809727,16.33292540787346,-16.231107245978404,6.425376136409867,2.2838578627265025,-14.006995965609603,-6.3665861940728075,-6.256275550540489,11.44601284250658,8.972262360868523,-3.8351704655557226,17.642981348501205,-5.69021938217848,-17.018113167090117,-11.098240948067518,2.785062634737701,-2.1073656842562913,1.2786391282224103,8.505272166378216,30.44590927635424,-8.571467257058881,4.1707961549114225
-2.325269573764382,3.4171999756971365,-4.096291446339043,-3.212695571028811,3.3956613814251253,2.408714390629761,0.4038713202857197,-0.14433325037520503,3.521841441004066,-0.7221651355656222,-5.8671868991307194,-0.9297356408848684,3.2528014440824764,-3.8753995640919,8.600732735395983,-4.963548962104174,3.725459024015933,4.9694823891412145,-1.2205174425638101,0.6930213507801052,3.2982816796434067,-0.5691315462771298,9.477591908167765,-3.7991484862521663,-6.6553864381342205,8.035971831062723,6.179554591785085,1.09441297255003,6.6851108096060035,-5.226618755219462,-7.448281384050789,1.1436816748363077,-0.867990459924783,5.863141504378411,4.803447024171108,8.062297986022303,-4.057096396714253,3.9876527013129635,1.3549419468357855,-8.293949685157843,-2.4796823591114925,-4.184834776123125,4.660082876804082,1.4293237118889464,-4.115399533171878,12.12309979524596,0.5845183321186772,-7.607771452920307,-8.306491489903646,-0.8664743141324861,0.4771565124079211,2.9408189120602506,4.6598359523365565,12.725279679452013,-2.1689890287523617,2.5429390609492177
-8.17010244690552,7.50609323338255,-8.122651390622929,-9.332492906176205,7.731189731789573,1.3713037622783804,-6.43609470037455,-1.4857070014824372,14.028804662614318,-3.0708259352583123,-15.695807769407693,-9.307068276915398,9.181072345199166,-8.241499251491799,31.556392095491514,-15.635444219722933,1.5332646613745415,12.91968751073212,-8.277934246453912,0.103181623652358,7.832197050109708,-2.9845460759585767,28.335475437477974,-19.604557007315808,-24.196469543054253,20.682660896453164,17.083853094255456,0.8836676994951234,23.309540034807505,-19.64469496156581,-19.08570467563174,0.48883024798984603,6.676618823809727,4.803447024171108,11.984528912159387,25.70065124811822,-21.661843339451707,10.910574987771236,3.816455738787842,-23.393795102970838,-9.367856341218456,-10.919915796912731,17.039754358390176,11.176834680283308,-8.213987225712254,31.10965955926593,-5.626129893256673,-26.00129014960401,-20.236569691900353,2.184821604961875,-1.827839972747519,4.276888917735187,13.836042883256543,45.64890964859205,-11.465307567470978,7.03787563045139
-18.0606656159551,15.864362024055213,-16.941128295769303,-20.313735640146753,16.410677344199875,1.884131907057231,-15.498219626004502,-3.442574662029809,31.27896128551839,-6.874583682060689,-33.90067855195825,-21.551082920475142,19.931303801976984,-17.348512880802666,69.97367599578104,-34.271097594388465,1.5196224077322529,27.824927146415074,-18.94443868709279,-0.14932215727844977,16.70574125405923,-6.7569012339262295,61.83391629947009,-44.34924354646056,-53.61911253861247,44.49832285994341,37.015836500308325,1.473989032518385,51.49820726132403,-43.6330280475335,-41.04394043661804,0.5093882711742229,16.33292540787346,8.062297986022303,25.70065124811822,56.38752278812819,-49.083357046498065,23.616823342387097,8.283992684797237,-50.783065293266475,-20.814237423954054,-23.526731623048885,37.775281817929006,25.7029034782768,-17.14679709765885,66.91115493978216,-13.679659432869324,-57.359271251565964,-43.286144733626344,5.675700971981631,-4.60773544751134,8.474340651964363,30.174746224598195,101.06118309363445,-25.966858274060407,15.250513535904187
15.883142088409386,-13.087109876397419,13.694526755747845,17.48898827486729,-13.625400373846306,-0.29575868679414896,15.137362154850111,3.2153368628505796,-27.824495307077676,6.148096421053446,28.868514684899914,20.111986644136653,-17.09584658439555,14.224375452026093,-61.79287064056805,29.792105999424482,0.8822623651047823,-23.59773791622869,17.42615071008014,0.5792266263852447,-13.97010277756779,6.13128316258054,-53.42453913392857,40.20259062607201,47.30944689281386,-37.682648816443454,-31.66346670126137,-0.7272578395755065,-45.2541336302487,38.617615175495196,34.73476993687825,0.22989283523699283,-16.231107245978404,-4.057096396714253,-21.661843339451707,-49.083357046498065,44.58706021158172,-20.173764735266218,-7.104255492378199,43.555400929594555,18.43022574961344,19.96304919125314,-33.34831566836281,-23.785269807084653,13.879785267022662,-56.6372718897562,13.504904339618315,50.30248901696777,36.3483301447491,-5.995182372789454,4.7252522298677295,-6.289551691089719,-26.048793502191533,-89.0547058436459,23.573965706192133,-13.047012235304315
