V1,V2,V3,V4,V5,V6,V7,V8,V9,V10,V11,V12,V13,V14,V15,V16,V17,V18,V19,V20,V21,V22,V23,V24,V25,V26,V27,V28,V29,V30,V31,V32,V33,V34,V35,V36,V37,V38,V39,V40,V41,V42,V43,V44,V45,V46,V47,V48,V49,V50,V51,V52,V53,V54,V55,V56
220.371990115145,153.71482585038999,389.85584910640057,793.2706526709915,-784.6322070496037,2991.2568901324494,566.1281512062393,-3111.941810474276,-648.5167600703088,-930.2792235982783,-2472.906740637886,-971.2662266882602,-62.95008012568894,-3667.5881215890067,146.91219587953452,-1720.9634455725172,-377.4294688659973,-1366.5319024223697,1644.5866220177045,-1989.6817798336983,827.7414767117085,1013.1969247208548,-991.7006604006649,-307.7530082844347,1424.6114992180733,2384.4256850972274,1299.716433677018,-711.7937625331366,-300.9407337693825,-735.1642168067211,-109.69614596435147,-938.3234227488267,1312.6831053630976,1443.5516478249324,-846.4537887120473,98.80432620686243,1152.2278515732053,-631.2092174741547,-192.06171570589242,-1645.731407785176,-650.0853576855638,-265.40297820011585,-194.2188301826662,432.123064565218,-1276.8696124908631,-1019.7036544963323,862.7911174780036,28.425781480368208,-924.5119921085023,2044.4445523224804,-1519.445662814983,-712.5226202198553,1276.4698813136054,-1144.2885911281971,528.9732912880387,-1044.9747380738827
153.71482585038999,107.89674216898382,272.41728851723525,553.5655937634473,-547.268497759656,2086.7227557479473,395.9345722217042,-2170.5156410113073,-452.60759353246306,-650.0879177584482,-1725.6298799281622,-678.1068531701966,-44.083248631735856,-2559.4137450728927,102.76710773516288,-1200.7924366784675,-263.1398160148854,-953.3213238511253,1147.916906047883,-1387.4441132438365,576.4395786614925,707.7794647906209,-691.2247990790621,-214.9208664621591,993.8301052767418,1663.7699066723392,907.1606063251567,-497.5468711691553,-209.9131927505653,-512.9972310748758,-76.17850501790096,-654.6220554821966,914.8636038039662,1006.8719331334848,-591.2970523035033,69.38072118268096,804.8656792180185,-439.98009823982267,-133.47360817737223,-1147.9137427476871,-453.1617635517745,-184.0626377511052,-135.70918723490485,302.5152471263991,-890.7852111763873,-711.203871712046,600.9991938007003,18.567901252288543,-645.5991087841168,1426.2845719886823,-1060.4089952037052,-496.90916410328583,891.2460455648421,-798.3578391856079,369.2243434058855,-728.5926286897588
389.85584910640057,272.41728851723525,690.3472873779738,1403.736122183535,-1388.3778138251848,5292.632649072265,1002.1029892153748,-5506.043091157831,-1147.6920838066235,-1646.9886641379526,-4376.224736715018,-1719.1957257853753,-111.34664221142235,-6490.230126373104,260.3684830626788,-3045.6726664889934,-667.4711103761363,-2418.035664998346,2910.698281687387,-3520.059579743857,1463.8154765057363,1793.5459064374893,-1754.4548185610486,-544.7251410849715,2520.870790999869,4219.372874894128,2300.1313620498418,-1260.528821521793,-532.352905574378,-1300.6832437205449,-193.69628121275184,-1660.1807365304094,2322.214693148148,2554.0324388447034,-1498.418388491097,175.19255311146446,2039.762098996104,-1116.4736977600087,-339.2388463716772,-2911.957441092915,-1150.161994113887,-468.6314340000988,-343.97688600250433,765.514933512203,-2259.209193699256,-1804.243858506705,1525.727920988765,48.906821628326966,-1636.4434951806427,3617.3640585633093,-2689.0521421411104,-1260.8920553769483,2259.2887531990104,-2025.0629338156134,936.2641341086886,-1848.364352068269
793.2706526709915,553.5655937634473,1403.736122183535,2855.7598954672517,-2824.6486896365936,10768.242213041047,2038.1863585725487,-11202.650994424801,-2334.7149742431498,-3349.4060336322714,-8902.629811740617,-3496.815002544507,-226.5896638626954,-13203.428929207501,529.0894702668223,-6195.663818736647,-1358.5231539116091,-4919.459974104519,5920.790961853546,-7162.453514289116,2979.4228363087805,3647.8269104609726,-3569.9338175501252,-1107.9846620297844,5128.589666831125,8583.93292294225,4679.088991523296,-2562.962197474138,-1083.2897015840356,-2646.451585966422,-394.6843677299706,-3377.839440489588,4725.352847319734,5196.581540729066,-3047.511096037077,355.8797240151396,4148.434364928828,-2272.111958623794,-691.109148280794,-5924.511450816065,-2340.2170785055005,-954.948636683579,-699.3394207086393,1556.0654725387574,-4596.582539492625,-3670.863345584669,3105.5181318819336,101.61281318014724,-3328.469752133292,7359.7937143367635,-5470.170094999419,-2565.1315185143503,4595.541607260444,-4119.54619503394,1904.4236564162377,-3761.501134753429
-784.6322070496037,-547.268497759656,-1388.3778138251848,-2824.6486896365936,2794.0392478137874,-10651.171626977792,-2015.49991480722,11081.08105844607,2309.286436728259,3312.6259658694007,8805.784424337156,3458.691634030653,224.00011452842628,13059.652257157117,-523.3144082216318,6128.402823710505,1343.7306128967437,4866.017127866249,-5856.306854234971,7084.8089801062515,-2947.411729362974,-3607.841735835735,3531.434242955996,1095.8586985624402,-5072.905396614244,-8490.529627959128,-4628.077899971581,2534.8637598495798,1071.4859288148414,2617.5521794501515,390.47076713958694,3341.0667818048805,-4674.415181573264,-5140.136162634458,3014.118100632987,-351.85464304524754,-4103.022308615148,2247.507294683023,683.7059207190241,5860.2405600496695,2314.974788082993,944.9255458069503,691.7174413606107,-1538.7883652800713,4546.5691118835275,3631.068943984107,-3072.0214764542525,-100.8187501408382,3292.08737732287,-7279.72500270601,5410.634971226717,2537.4163003970675,-4545.347010581792,4074.84191929576,-1883.7013668909883,3720.6491110877473
2991.2568901324494,2086.7227557479473,5292.632649072265,10768.242213041047,-10651.171626977792,40604.883358367886,7684.810790342226,-42243.25235646287,-8803.475449296151,-12628.662001033395,-33569.28909503541,-13185.048503937303,-854.3855952507298,-49786.33710390594,1994.6201677693566,-23362.02870141434,-5123.01667933542,-18550.176572888562,22325.25082710951,-27008.717411558726,11235.877167844805,13754.1536853771,-13461.96656346416,-4177.756773131644,19338.756152084592,32367.756968058482,17643.359580453412,-9663.15370753914,-4084.958787732683,-9979.181899999734,-1488.6974503892598,-12737.170215421447,17819.06561189984,19595.46137876286,-11490.587157991435,1341.5015051148746,15641.598844662021,-8568.145399369885,-2606.752673620198,-22340.154520429227,-8824.69790482887,-3602.174669650141,-2636.696950179074,5866.411248111068,-17332.79894403506,-13842.200361119221,11711.300259309335,384.7572903143882,-12550.156939891194,27752.26428088688,-20626.270815045067,-9672.588342522295,17327.923565218523,-15533.64804570887,7180.886751048984,-14184.45079880018
566.1281512062393,395.9345722217042,1002.1029892153748,2038.1863585725487,-2015.49991480722,7684.810790342226,1456.2567400590551,-7994.118906456229,-1666.3181329284864,-2391.4746954762477,-6353.597225512526,-2495.8523177797124,-162.13172548674964,-9423.386448791374,377.63273632070934,-4421.238083385287,-969.5892653901936,-3510.6524126498384,4225.773832777439,-5110.777894738958,2125.088149624975,2604.330935325272,-2546.6976691191026,-790.9872977073821,3659.81672949781,6126.197833571537,3339.7051580105303,-1829.8196559029197,-773.1824287670096,-1889.0412083119982,-281.405285479782,-2410.7704188428456,3370.8623422009146,3708.4114328083733,-2175.6675963595835,254.5037120705756,2961.5049023783504,-1621.216137098982,-492.8956430502233,-4227.5929498676815,-1669.4482815871988,-680.3854165650115,-499.1234700321134,1111.6266218546862,-3280.499494020568,-2619.395467034083,2215.4017267347685,71.53182321412987,-2375.958194007949,5252.512875800318,-3903.9998289901173,-1830.0818264861846,3280.3461804817166,-2939.6431677520877,1359.1605049733282,-2684.2830337018345
-3111.941810474276,-2170.5156410113073,-5506.043091157831,-11202.650994424801,11081.08105844607,-42243.25235646287,-7994.118906456229,43948.05170582613,9158.622963774751,13137.68120274567,34923.69192714073,13716.897647675372,888.6687164723651,51794.84015765878,-2075.0741383010222,24304.809538684403,5329.691627552127,19298.72221927857,-23225.88389056554,28098.828890659126,-11689.783789790255,-14308.641597725358,14005.601923287455,4346.205414940217,-20119.16204782433,-33673.65427660482,-18355.04687879377,10052.705034651373,4249.7420835296525,10381.649899547068,1548.8839718579384,13251.03061550572,-18538.688380891697,-20386.193796561874,11953.849954111425,-1395.3906161298937,-16272.27741956163,8913.999005962622,2712.088267408834,23241.76253594975,9181.064243906721,3748.0367596107685,2743.062822324954,-6102.594618747946,18032.104613028143,14400.875030668723,-12184.233810171994,-400.7366810175362,13056.271401271571,-28871.96991262284,21458.433457656483,10063.11569404647,-18026.756154557497,16160.547240693744,-7470.601603367401,14756.839592699758
-648.5167600703088,-452.60759353246306,-1147.6920838066235,-2334.7149742431498,2309.286436728259,-8803.475449296151,-1666.3181329284864,9158.622963774751,1908.7572256061999,2738.4020035132885,7278.378419811107,2858.8874806074095,185.2302922549727,10794.466203933493,-432.6182536822445,5065.322253589057,1110.5903449119608,4021.884005601335,-4840.611374903992,5855.54769085242,-2435.7110886359987,-2982.3516219434878,2918.5570559689945,905.8476479015641,-4192.8720924758545,-7017.778230458537,-3825.4066904783604,2095.4852326246278,885.611639881813,2163.5536611593475,322.61173403742055,2761.5073151998417,-3863.141038823211,-4248.398526757191,2491.556984272386,-290.99451639598146,-3391.6536220515404,1857.4939158155198,564.9254371251437,4843.550077180348,1913.2268562629038,780.5868653443516,571.7899938107688,-1272.2645402992132,3757.8815850157575,3001.095573522925,-2538.7695047142875,-82.87482464619403,2721.242982527074,-6016.922437978317,4472.175863586769,2097.1453472895714,-3757.1402777603685,3367.966559174016,-1556.9938908412767,3075.090143598403
-930.2792235982783,-650.0879177584482,-1646.9886641379526,-3349.4060336322714,3312.6259658694007,-12628.662001033395,-2391.4746954762477,13137.68120274567,2738.4020035132885,3929.7253599050837,10441.641605888788,4101.864455173152,265.87080138762866,15485.960282824582,-621.0231395084568,7266.697462463192,1592.8925417757182,5769.493568668242,-6944.800891887371,8399.131711762753,-3492.7863098988255,-4279.459286578179,4186.020415085877,1299.734856725068,-6014.7795490018025,-10067.59769167886,-5488.196100264176,3007.3585724412055,1270.3601548807233,3103.769849702959,462.3172988818575,3961.431474279048,-5540.701376367383,-6094.149889230816,3575.2211983990105,-418.0103058688723,-4866.781413318242,2664.1044621073315,809.6654526851803,6947.990678135203,2744.1720409758314,1118.3435336511093,820.5758232264525,-1826.44817632586,5390.731765849992,4304.9488398831145,-3640.72143110029,-117.1634312594061,3904.5235512800787,-8631.38701619934,6416.001749775637,3008.2648296760735,-5390.677761569976,4831.590822214039,-2233.830143089145,4410.6750686519
-2472.906740637886,-1725.6298799281622,-4376.224736715018,-8902.629811740617,8805.784424337156,-33569.28909503541,-6353.597225512526,34923.69192714073,7278.378419811107,10441.641605888788,27753.66098867142,10901.295236079082,706.2478642480135,41161.000952916715,-1649.5648688987378,19314.96928568111,4234.922803298645,15336.191821946974,-18457.952982075592,22328.49104946415,-9288.184067290777,-11371.923180269967,11129.232285430859,3454.089555305149,-15988.21638686251,-26759.965451649212,-14586.828130812894,7990.14856385425,3377.000963418387,8249.95741760888,1230.2862198111047,10530.117180682413,-14731.207444781388,-16199.99188029615,9500.482176814861,-1109.4635047930553,-12932.63580690489,7083.095727670948,2154.3410726616376,18469.42351032351,7295.624439697263,2976.9062815629613,2180.2695523343523,-4851.006520667854,14329.484444696242,11443.806896758964,-9681.096120403718,-316.4322040162269,10376.372419857018,-22943.612467932624,17053.10291235946,7996.8897720070945,-14326.404824284335,12842.672709426046,-5937.047512918859,11726.00310138774
-971.2662266882602,-678.1068531701966,-1719.1957257853753,-3496.815002544507,3458.691634030653,-13185.048503937303,-2495.8523177797124,13716.897647675372,2858.8874806074095,4101.864455173152,10901.295236079082,4282.14640310773,277.39188211363836,16167.485029733436,-648.1772164789364,7586.748166121766,1663.1588651407383,6023.694762645134,-7250.268780430028,8769.69837954869,-3647.5802612283665,-4467.140403508136,4371.039785317512,1356.79589195442,-6279.81675819773,-10510.842420173973,-5729.589509317711,3139.0277594942445,1326.324302918128,3240.3308681016188,482.96880612159487,4135.902484067565,-5785.666778204621,-6362.786824905916,3732.028163096525,-436.0180112666322,-5080.283956553186,2781.782095654778,845.7611823481942,7254.280875153332,2865.428514361366,1168.5720091930123,856.5637903758997,-1905.978153775563,5628.189806160653,4494.7778365808335,-3801.884130816515,-123.37335421163331,4075.9850863041365,-9011.593194139654,6698.344979462036,3141.0126830913423,-5627.5100018633575,5044.455043088439,-2332.0952384558555,4605.280495904871
-62.95008012568894,-44.083248631735856,-111.34664221142235,-226.5896638626954,224.00011452842628,-854.3855952507298,-162.13172548674964,888.6687164723651,185.2302922549727,265.87080138762866,706.2478642480135,277.39188211363836,18.118991509629627,1047.5888456710131,-41.889236731071755,491.3282527952637,107.89058369873636,390.2463626055949,-469.69662515985675,568.1592727331346,-236.2183326008204,-289.55174693183585,282.998126421258,87.94823413095997,-406.80169747591617,-681.0369000926945,-371.2832039255411,203.32396342115268,86.00724593381356,210.11307875839773,31.3249499089173,268.0698108828373,-374.5890208032023,-412.2996795050369,241.8627333592505,-28.315958046245814,-329.1871961278441,180.27867059488815,54.88108343510727,469.9138590501756,185.4951274106754,75.659795301772,55.417440464382075,-123.58570637088147,364.7537369929445,291.1600615124846,-246.33800819597215,-8.0887020332458,264.1079675686414,-583.9956081845077,433.9339450767198,203.32436693335904,-364.66216266948396,326.67147830710894,-151.04766544065714,298.54563926438254
-3667.5881215890067,-2559.4137450728927,-6490.230126373104,-13203.428929207501,13059.652257157117,-49786.33710390594,-9423.386448791374,51794.84015765878,10794.466203933493,15485.960282824582,41161.000952916715,16167.485029733436,1047.5888456710131,61045.45840773589,-2446.318636013637,28645.509809650262,6280.94231503665,22744.880035938342,-27374.64917454434,33115.11143359877,-13775.095067458673,-16865.662205625726,16505.406896677203,5122.743716642751,-23711.825276024803,-39687.404903817755,-21633.586668270746,11849.973882027398,5008.485805932876,12235.632892231128,1824.6908308410507,15617.210490891079,-21847.39859469315,-24026.06722201368,14090.100792105426,-1645.4773755540834,-19180.235456181028,10504.910931503602,3195.1782980608787,27391.687558789163,10819.882751510022,4414.990998476279,3233.435239162574,-7194.531859780208,21251.999633176,16972.09178093267,-14357.991849185228,-469.4806596948449,15389.082448719455,-34027.53970015227,25291.155359978173,11859.856050877981,-21247.349298617693,19046.603682346253,-8805.084123740517,17390.92355080689
146.91219587953452,102.76710773516288,260.3684830626788,529.0894702668223,-523.3144082216318,1994.6201677693566,377.63273632070934,-2075.0741383010222,-432.6182536822445,-621.0231395084568,-1649.5648688987378,-648.1772164789364,-41.889236731071755,-2446.318636013637,98.32593344484675,-1148.158237664641,-251.39026072882643,-911.3645579304309,1097.2707059080515,-1326.5056483669982,551.4473440980876,676.188802055653,-661.2122117587353,-205.33939488999442,950.149600376978,1590.3325347317336,866.9969013086496,-475.47310292758294,-200.564607804312,-490.11373632654767,-72.85467622279242,-625.6242203770629,875.1578060405362,962.4788613835992,-564.9606692902552,66.12338783340964,769.1026241173139,-420.61783121739234,-127.59543711546623,-1097.5202415506244,-433.5077757144618,-176.29244515462906,-129.7924540382864,288.7918157825206,-851.3877267685345,-679.9989465947061,574.7162737576491,17.912146949937185,-616.9636755736026,1363.2436270858382,-1013.6689874458388,-475.3242538295235,851.7190761182751,-763.3965067238162,352.9821944833285,-696.3453733382363
-1720.9634455725172,-1200.7924366784675,-3045.6726664889934,-6195.663818736647,6128.402823710505,-23362.02870141434,-4421.238083385287,24304.809538684403,5065.322253589057,7266.697462463192,19314.96928568111,7586.748166121766,491.3282527952637,28645.509809650262,-1148.158237664641,13442.351760975465,2947.063468745528,10673.100185810727,-12845.731362552799,15539.27204210418,-6464.07698869479,-7914.084274768924,7745.487964758581,2403.8007364702194,-11126.919076606491,-18623.295130081875,-10151.503767959537,5560.811392703337,2350.0905291617446,5741.259919468214,856.133147793945,7328.191335250034,-10252.305316279848,-11274.128672394383,6611.739818179245,-772.0710170780446,-9000.369749224503,4929.316071581476,1499.13837541964,12853.711080335079,5077.489048007244,2071.728779587771,1517.4571195540982,-3375.962747709686,9972.320821100024,7964.262019135894,-6737.369426042131,-219.99297127696897,7221.345050914485,-15967.192954723916,11868.027979828328,5565.57618741412,-9970.298757506542,8937.934156565196,-4131.905827114352,8160.338781628981
-377.4294688659973,-263.1398160148854,-667.4711103761363,-1358.5231539116091,1343.7306128967437,-5123.01667933542,-969.5892653901936,5329.691627552127,1110.5903449119608,1592.8925417757182,4234.922803298645,1663.1588651407383,107.89058369873636,6280.94231503665,-251.39026072882643,2947.063468745528,646.5805435376083,2340.3162693316476,-2816.27160747505,3407.7577879549326,-1417.8945800159258,-1734.9751968528267,1698.4437012276455,527.0207036688115,-2439.758195081801,-4083.5099814188193,-2225.8067061696156,1218.606137076132,515.4786813338624,1259.1609273601157,188.02627455115461,1607.0782832596133,-2248.2095073231094,-2472.3760530304744,1449.4001473443557,-169.11340228120136,-1972.9499088329883,1081.2106760379374,329.2140686801517,2818.4869986711947,1113.3287028724633,454.90739600036915,332.45780727595434,-739.7472495151587,2186.8815554371636,1746.3813940982905,-1477.9822447847466,-49.25440185860803,1583.102372201426,-3501.4623468385453,2602.019667682878,1220.1743571838674,-2185.86326288485,1959.5431626455045,-905.807866086837,1789.9569298015997
-1366.5319024223697,-953.3213238511253,-2418.035664998346,-4919.459974104519,4866.017127866249,-18550.176572888562,-3510.6524126498384,19298.72221927857,4021.884005601335,5769.493568668242,15336.191821946974,6023.694762645134,390.2463626055949,22744.880035938342,-911.3645579304309,10673.100185810727,2340.3162693316476,8474.639526847985,-10199.396155013836,12338.808184957312,-5132.997757650105,-6283.634986264683,6150.1205934739255,1908.6096625685525,-8834.927237229726,-14787.18853208022,-8060.371772681743,4414.80483112165,1866.147710603192,4558.871013939522,680.0251406000068,5818.884384679008,-8140.65140112969,-8952.083924100292,5249.545765317467,-612.8920912514053,-7145.993644099708,3914.246153302925,1190.7404676660494,10206.099599876532,4031.6025574502637,1645.4985340835437,1204.6665060695896,-2680.171044667762,7918.388262100436,6323.800443568141,-5350.124256477715,-175.48949348644786,5733.61114039971,-12678.485422162528,9423.187043839058,4419.010981980943,-7916.323069817046,7096.650970729589,-3280.6466228497234,6479.95121339343
1644.5866220177045,1147.916906047883,2910.698281687387,5920.790961853546,-5856.306854234971,22325.25082710951,4225.773832777439,-23225.88389056554,-4840.611374903992,-6944.800891887371,-18457.952982075592,-7250.268780430028,-469.69662515985675,-27374.64917454434,1097.2707059080515,-12845.731362552799,-2816.27160747505,-10199.396155013836,12275.89593369428,-14849.305397533426,6176.6300285162315,7563.391274062254,-7401.31014205965,-2297.2546576410477,10633.046987218147,17796.962082968752,9701.228328440766,-5314.463139603164,-2245.8213988839143,-5486.62450371053,-817.9868225383638,-7003.035531803162,9796.69140676624,10773.715461200842,-6318.730629398407,738.0683923358371,8601.456445908112,-4710.398118006204,-1432.4087109422485,-12283.096558501717,-4851.873576098442,-1979.2173574477363,-1450.16688646485,3226.71320027354,-9529.808268712573,-7610.6817131219905,6437.920884338919,209.6697083878825,-6901.181620134328,15258.65201204834,-11341.48003648226,-5318.377203450208,9528.208068317657,-8541.19846057442,3948.595286509583,-7798.078383683181
-1989.6817798336983,-1387.4441132438365,-3520.059579743857,-7162.453514289116,7084.8089801062515,-27008.717411558726,-5110.777894738958,28098.828890659126,5855.54769085242,8399.131711762753,22328.49104946415,8769.69837954869,568.1592727331346,33115.11143359877,-1326.5056483669982,15539.27204210418,3407.7577879549326,12338.808184957312,-14849.305397533426,17965.58656079946,-7474.489585936762,-9147.88950995529,8954.852322249926,2778.6779057666517,-12863.343143773465,-21529.399609483768,-11735.248917465315,6426.698011154269,2717.1712805135317,6637.631249083669,990.5151425594491,8472.214185552255,-11853.255997750737,-13034.238046329687,7642.395337617653,-891.9274410551825,-10403.261290478495,5699.480382461367,1734.3323856480345,14859.901568022316,5870.119908867294,2396.933308724282,1753.639265928956,-3901.201503841906,11529.046482452137,9207.392795918842,-7790.6353950525,-256.9912219855305,8347.306216260342,-18459.62307977435,13719.391281270548,6433.937528467819,-11525.18119954236,10332.27074178486,-4776.256668262936,9435.251303637215
827.7414767117085,576.4395786614925,1463.8154765057363,2979.4228363087805,-2947.411729362974,11235.877167844805,2125.088149624975,-11689.783789790255,-2435.7110886359987,-3492.7863098988255,-9288.184067290777,-3647.5802612283665,-236.2183326008204,-13775.095067458673,551.4473440980876,-6464.07698869479,-1417.8945800159258,-5132.997757650105,6176.6300285162315,-7474.489585936762,3110.6147913400014,3804.4702676539223,-3725.9207092863194,-1155.6933196771226,5351.209451380866,8955.942222796404,4881.409441944995,-2672.329084380671,-1130.4227548360254,-2761.1929981394405,-412.48892341925654,-3524.4957574565146,4931.988702869188,5422.558516748366,-3178.3349098989033,370.5330693451123,4326.551113174268,-2371.482410795768,-722.1572564018226,-6181.978652108944,-2442.3605549451345,-998.4406108642297,-729.2212873932148,1621.6783199577915,-4796.171361332009,-3830.5086367872104,3242.0374240528613,108.47565754180229,-3471.7493500337705,7679.312422361087,-5706.820830280717,-2676.682361596202,4793.642471806673,-4298.1203068248815,1986.687740600675,-3925.6712191253837
1013.1969247208548,707.7794647906209,1793.5459064374893,3647.8269104609726,-3607.841735835735,13754.1536853771,2604.330935325272,-14308.641597725358,-2982.3516219434878,-4279.459286578179,-11371.923180269967,-4467.140403508136,-289.55174693183585,-16865.662205625726,676.188802055653,-7914.084274768924,-1734.9751968528267,-6283.634986264683,7563.391274062254,-9147.88950995529,3804.4702676539223,4660.44166251286,-4559.254469416565,-1415.4790918359975,6550.770951839334,10964.638464758598,5977.103843918395,-3274.8817436185086,-1383.6127860753925,-3380.3735952967327,-503.6907395844746,-4314.490541935108,6034.760651978987,6637.346680106235,-3893.4898644277123,455.08199899311245,5300.018642182542,-2901.7109630920704,-882.1003717528745,-7567.204731855729,-2988.815136900531,-1218.487409617356,-893.5639112336404,1988.7698343741763,-5871.172495448537,-4688.638615748193,3965.5855946728934,128.2281098240327,-4252.192612348314,9400.626684580095,-6987.559728824261,-3276.34819129493,5870.748505847533,-5262.061987674741,2432.7873461602244,-4803.99269193575
-991.7006604006649,-691.2247990790621,-1754.4548185610486,-3569.9338175501252,3531.434242955996,-13461.96656346416,-2546.6976691191026,14005.601923287455,2918.5570559689945,4186.020415085877,11129.232285430859,4371.039785317512,282.998126421258,16505.406896677203,-661.2122117587353,7745.487964758581,1698.4437012276455,6150.1205934739255,-7401.31014205965,8954.852322249926,-3725.9207092863194,-4559.254469416565,4463.775324369145,1384.8930740542244,-6411.615460192697,-10730.871416431182,-5849.078751667139,3203.0980856729534,1354.261400875367,3308.207237498062,493.7563573905455,4222.730248190869,-5908.575831770376,-6496.710170402837,3808.9608226176906,-444.38951138044985,-5185.038935823553,2840.868123302627,864.5016102925711,7406.829708267846,2926.1216494390173,1195.0503485483587,874.0980198172158,-1944.1234528729533,5746.36734554275,4589.392578836953,-3883.3327756819817,-128.31257566296932,4160.392139265369,-9200.768791902852,6838.171712498913,3207.135201597613,-5744.298462465393,5150.10859078026,-2380.6547107216234,4702.781555364673
-307.7530082844347,-214.9208664621591,-544.7251410849715,-1107.9846620297844,1095.8586985624402,-4177.756773131644,-790.9872977073821,4346.205414940217,905.8476479015641,1299.734856725068,3454.089555305149,1356.79589195442,87.94823413095997,5122.743716642751,-205.33939488999442,2403.8007364702194,527.0207036688115,1908.6096625685525,-2297.2546576410477,2778.6779057666517,-1155.6933196771226,-1415.4790918359975,1384.8930740542244,429.9230734850228,-1989.7502850510389,-3330.400023852175,-1815.4618861753977,994.5982202098304,420.27401992983516,1026.766565743667,153.0368808627021,1310.5074549729418,-1833.0929957950998,-2016.0819993725622,1182.5321139170103,-138.18304328930722,-1609.7221582646737,881.4281663281536,268.00971055132004,2298.494942344247,907.8557618976081,370.2340337698869,271.37600363769207,-603.9614939593415,1783.3424227414848,1424.1572618631938,-1204.6269997292866,-39.11063517710131,1291.4997695138286,-2855.3932152294233,2122.371677312348,995.1702809118375,-1783.1166981612625,1598.291355025837,-738.9146440153494,1459.247563716679
1424.6114992180733,993.8301052767418,2520.870790999869,5128.589666831125,-5072.905396614244,19338.756152084592,3659.81672949781,-20119.16204782433,-4192.8720924758545,-6014.7795490018025,-15988.21638686251,-6279.81675819773,-406.80169747591617,-23711.825276024803,950.149600376978,-11126.919076606491,-2439.758195081801,-8834.927237229726,10633.046987218147,-12863.343143773465,5351.209451380866,6550.770951839334,-6411.615460192697,-1989.7502850510389,9210.54885634493,15415.831963634027,8403.04218054127,-4602.549244164944,-1945.456945845112,-4752.626698347013,-708.9061147102735,-6066.2297729107595,8486.773179709455,9332.640090349156,-5472.726615364647,638.9509569115188,7449.817765390092,-4080.6256825013697,-1241.3220436862018,-10640.002825848122,-4203.027561478797,-1715.4266890435333,-1255.910094165187,2794.127394093282,-8254.98961443336,-6592.657581584701,5577.52403494543,182.8652072628912,-5977.376195831236,13217.442886249693,-9823.826024780472,-4606.929551235483,8252.879270445173,-7398.401756284881,3420.1414467991467,-6755.359399379912
2384.4256850972274,1663.7699066723392,4219.372874894128,8583.93292294225,-8490.529627959128,32367.756968058482,6126.197833571537,-33673.65427660482,-7017.778230458537,-10067.59769167886,-26759.965451649212,-10510.842420173973,-681.0369000926945,-39687.404903817755,1590.3325347317336,-18623.295130081875,-4083.5099814188193,-14787.18853208022,17796.962082968752,-21529.399609483768,8955.942222796404,10964.638464758598,-10730.871416431182,-3330.400023852175,15415.831963634027,25801.979487835866,14064.57236869399,-7703.744521996492,-3256.196678808893,-7954.761018546402,-1186.4016848241815,-10153.263054956275,14203.955003330759,15620.197327376442,-9160.196420408469,1069.6464504341056,12469.37785857421,-6829.706706617021,-2077.4620713464174,-17808.27609360172,-7034.451217630517,-2870.6623467384857,-2102.08428181865,4677.085431035047,-13816.629326262133,-11034.157169529351,9334.879009464927,305.6254797282489,-10004.750343597258,22122.423830035623,-16442.476824476784,-7710.512870918038,13813.370274528668,-12382.781579924786,5724.406802954386,-11306.55084033546
1299.716433677018,907.1606063251567,2300.1313620498418,4679.088991523296,-4628.077899971581,17643.359580453412,3339.7051580105303,-18355.04687879377,-3825.4066904783604,-5488.196100264176,-14586.828130812894,-5729.589509317711,-371.2832039255411,-21633.586668270746,866.9969013086496,-10151.503767959537,-2225.8067061696156,-8060.371772681743,9701.228328440766,-11735.248917465315,4881.409441944995,5977.103843918395,-5849.078751667139,-1815.4618861753977,8403.04218054127,14064.57236869399,7666.655744736354,-4199.64754284243,-1774.9051439611092,-4336.10637635345,-646.5524048545655,-5534.458282826668,7742.1154670731885,8514.359485615756,-4993.457537062571,583.2334239250258,6797.369427160236,-3722.664628946987,-1132.1956017362454,-9707.068905937127,-3834.289934359275,-1564.3392362147658,-1145.9216874854671,2549.858536252396,-7531.323108284995,-6014.56443782971,5087.9935485713395,166.07388546463116,-5453.758456491044,12058.747399054855,-8962.824871265408,-4202.8874072533445,7529.848532930048,-6749.795074883966,3120.4117379834593,-6162.923498268522
-711.7937625331366,-497.5468711691553,-1260.528821521793,-2562.962197474138,2534.8637598495798,-9663.15370753914,-1829.8196559029197,10052.705034651373,2095.4852326246278,3007.3585724412055,7990.14856385425,3139.0277594942445,203.32396342115268,11849.973882027398,-475.47310292758294,5560.811392703337,1218.606137076132,4414.80483112165,-5314.463139603164,6426.698011154269,-2672.329084380671,-3274.8817436185086,3203.0980856729534,994.5982202098304,-4602.549244164944,-7703.744521996492,-4199.64754284243,2301.7438966126865,971.9531335600523,2374.799803045652,353.54798138533994,3031.1236060079937,-4239.638232961349,-4663.033992118678,2736.006302138743,-319.98655079579277,-3724.4568060448246,2038.3186750149482,619.198790747241,5316.579816562998,2099.86231150232,855.3118592023013,628.1048014401005,-1397.9434802966007,4124.80662671166,3294.119056746303,-2785.401886442836,-88.9278362137779,2987.9663434559902,-6604.494442720031,4909.731979784595,2302.076171498924,-4125.174125331379,3697.3422006088617,-1709.4707715220247,3374.589352887588
-300.9407337693825,-209.9131927505653,-532.352905574378,-1083.2897015840356,1071.4859288148414,-4084.958787732683,-773.1824287670096,4249.7420835296525,885.611639881813,1270.3601548807233,3377.000963418387,1326.324302918128,86.00724593381356,5008.485805932876,-200.564607804312,2350.0905291617446,515.4786813338624,1866.147710603192,-2245.8213988839143,2717.1712805135317,-1130.4227548360254,-1383.6127860753925,1354.261400875367,420.27401992983516,-1945.456945845112,-3256.196678808893,-1774.9051439611092,971.9531335600523,410.99713042202154,1003.993282891326,149.83316368331018,1281.423511325,-1792.5975898614786,-1971.3730700810756,1155.8864667743978,-134.92745229423028,-1573.4296199552937,862.0382114718312,262.35588644343153,2247.4199246005505,887.7376122408424,362.5076054176481,265.18148527166426,-590.0670075407894,1743.747316012316,1392.5296458045516,-1178.3062697774346,-38.93989067825529,1262.4796005594737,-2791.9668379525383,2074.9315273498673,972.9920199464563,-1743.1271464465449,1562.597340663457,-722.3468464477937,1427.1206495956696
-735.1642168067211,-512.9972310748758,-1300.6832437205449,-2646.451585966422,2617.5521794501515,-9979.181899999734,-1889.0412083119982,10381.649899547068,2163.5536611593475,3103.769849702959,8249.95741760888,3240.3308681016188,210.11307875839773,12235.632892231128,-490.11373632654767,5741.259919468214,1259.1609273601157,4558.871013939522,-5486.62450371053,6637.631249083669,-2761.1929981394405,-3380.3735952967327,3308.207237498062,1026.766565743667,-4752.626698347013,-7954.761018546402,-4336.10637635345,2374.799803045652,1003.993282891326,2452.6645036684063,365.8888600517853,3130.39044675406,-4378.94644864311,-4815.8261057019545,2824.024068716909,-329.75841833337836,-3844.1580095774702,2105.735519130953,640.6861652172948,5490.242459728693,2168.6059158432813,885.1824954561852,647.9338481167157,-1441.855088686491,4259.810013297578,3401.798471471712,-2878.1672172418735,-94.61108809076555,3084.3822498433715,-6820.5300470098955,5069.080910721281,2376.953126480971,-4258.5961120870925,3817.403937514472,-1764.733742182537,3486.1271306241456
-109.69614596435147,-76.17850501790096,-193.69628121275184,-394.6843677299706,390.47076713958694,-1488.6974503892598,-281.405285479782,1548.8839718579384,322.61173403742055,462.3172988818575,1230.2862198111047,482.96880612159487,31.3249499089173,1824.6908308410507,-72.85467622279242,856.133147793945,188.02627455115461,680.0251406000068,-817.9868225383638,990.5151425594491,-412.48892341925654,-503.6907395844746,493.7563573905455,153.0368808627021,-708.9061147102735,-1186.4016848241815,-646.5524048545655,353.54798138533994,149.83316368331018,365.8888600517853,54.83706866777613,467.0083064213241,-653.6280352023346,-718.5299011854885,420.7707674459307,-48.92586677120546,-572.753062870091,314.3852062086608,95.9692867434905,819.0366996652066,323.62335728406265,132.7358181433805,96.45431895791009,-214.43696047527195,635.4920973095799,507.51070576134055,-429.9501063421814,-15.024446885273914,459.6859372160453,-1017.479698841188,755.8417150133746,354.55450347634564,-634.7843156099674,569.2848649240033,-263.0757701221402,520.4051641264716
-938.3234227488267,-654.6220554821966,-1660.1807365304094,-3377.839440489588,3341.0667818048805,-12737.170215421447,-2410.7704188428456,13251.03061550572,2761.5073151998417,3961.431474279048,10530.117180682413,4135.902484067565,268.0698108828373,15617.210490891079,-625.6242203770629,7328.191335250034,1607.0782832596133,5818.884384679008,-7003.035531803162,8472.214185552255,-3524.4957574565146,-4314.490541935108,4222.730248190869,1310.5074549729418,-6066.2297729107595,-10153.263054956275,-5534.458282826668,3031.1236060079937,1281.423511325,3130.39044675406,467.0083064213241,3995.497478683304,-5589.463680164003,-6146.816681854967,3604.423708062979,-420.8235627188954,-4906.50908110564,2687.7233082327766,817.7494256071294,7007.718637658003,2768.1067701739807,1129.9527434462384,827.0480052409921,-1840.214221300967,5437.072776522172,4342.056675954555,-3673.685898525247,-120.77583854046392,3936.7802763935565,-8705.508592713322,6470.098467069531,3034.056393523598,-5435.500182364015,4872.583239738853,-2252.5011393822024,4449.530876611245
1312.6831053630976,914.8636038039662,2322.214693148148,4725.352847319734,-4674.415181573264,17819.06561189984,3370.8623422009146,-18538.688380891697,-3863.141038823211,-5540.701376367383,-14731.207444781388,-5785.666778204621,-374.5890208032023,-21847.39859469315,875.1578060405362,-10252.305316279848,-2248.2095073231094,-8140.65140112969,9796.69140676624,-11853.255997750737,4931.988702869188,6034.760651978987,-5908.575831770376,-1833.0929957950998,8486.773179709455,14203.955003330759,7742.1154670731885,-4239.638232961349,-1792.5975898614786,-4378.94644864311,-653.6280352023346,-5589.463680164003,7821.035052307728,8599.458261561826,-5041.645793416792,588.1562552952165,6863.056334273158,-3760.402494284717,-1144.3971676877998,-9804.127684585435,-3873.2158283105623,-1582.0039661105893,-1156.9600364008343,2573.1987278173083,-7606.239166428061,-6074.801767488665,5140.356099898166,170.0635370094657,-5506.838507366496,12178.68583873459,-9051.323869534932,-4245.142929792599,7603.374544191991,-6816.940932059494,3151.130565705801,-6224.970339800497
1443.5516478249324,1006.8719331334848,2554.0324388447034,5196.581540729066,-5140.136162634458,19595.46137876286,3708.4114328083733,-20386.193796561874,-4248.398526757191,-6094.149889230816,-16199.99188029615,-6362.786824905916,-412.2996795050369,-24026.06722201368,962.4788613835992,-11274.128672394383,-2472.3760530304744,-8952.083924100292,10773.715461200842,-13034.238046329687,5422.558516748366,6637.346680106235,-6496.710170402837,-2016.0819993725622,9332.640090349156,15620.197327376442,8514.359485615756,-4663.033992118678,-1971.3730700810756,-4815.8261057019545,-718.5299011854885,-6146.816681854967,8599.458261561826,9456.594967629631,-5545.007936414529,647.2799010392614,7548.159008178426,-4134.995954639303,-1258.1515268733883,-10781.115049710466,-4258.757860245285,-1738.659760449959,-1272.3593860858025,2830.784801652117,-8364.615933799896,-6680.111732430706,5651.982411827683,186.04967560801416,-6056.378630398992,13392.924330866706,-9953.863749791122,-4667.884341585362,8362.045729836691,-7496.298613473122,3465.343670523819,-6845.387814852583
-846.4537887120473,-591.2970523035033,-1498.418388491097,-3047.511096037077,3014.118100632987,-11490.587157991435,-2175.6675963595835,11953.849954111425,2491.556984272386,3575.2211983990105,9500.482176814861,3732.028163096525,241.8627333592505,14090.100792105426,-564.9606692902552,6611.739818179245,1449.4001473443557,5249.545765317467,-6318.730629398407,7642.395337617653,-3178.3349098989033,-3893.4898644277123,3808.9608226176906,1182.5321139170103,-5472.726615364647,-9160.196420408469,-4993.457537062571,2736.006302138743,1155.8864667743978,2824.024068716909,420.7707674459307,3604.423708062979,-5041.645793416792,-5545.007936414529,3252.7709714230436,-380.19028844989964,-4427.8504952726125,2424.135780790739,736.872131024597,6321.885099366058,2496.973375924223,1017.9066307073773,746.5501755901661,-1661.514135257524,4904.9221581850725,3917.028362308883,-3312.9130237076824,-107.02178270398619,3552.4464003521375,-7853.527252450734,5837.657480052699,2737.200017547109,-4904.629992981628,4396.139256037386,-2032.4483795328185,4013.3226833283043
98.80432620686243,69.38072118268096,175.19255311146446,355.8797240151396,-351.85464304524754,1341.5015051148746,254.5037120705756,-1395.3906161298937,-290.99451639598146,-418.0103058688723,-1109.4635047930553,-436.0180112666322,-28.315958046245814,-1645.4773755540834,66.12338783340964,-772.0710170780446,-169.11340228120136,-612.8920912514053,738.0683923358371,-891.9274410551825,370.5330693451123,455.08199899311245,-444.38951138044985,-138.18304328930722,638.9509569115188,1069.6464504341056,583.2334239250258,-319.98655079579277,-134.92745229423028,-329.75841833337836,-48.92586677120546,-420.8235627188954,588.1562552952165,647.2799010392614,-380.19028844989964,44.63631506606544,517.526742301021,-282.81600453564005,-85.73904500454721,-737.9991019718932,-291.3466046568044,-118.25032058552004,-87.28830909964233,194.5529672675708,-572.6493203262312,-457.2420980036683,386.2841429823296,11.784775965539028,-415.09568364116114,916.9081046787221,-681.7838847884544,-319.5065117083726,573.027515154621,-513.310736660375,237.4087418594827,-468.3181886854273
1152.2278515732053,804.8656792180185,2039.762098996104,4148.434364928828,-4103.022308615148,15641.598844662021,2961.5049023783504,-16272.27741956163,-3391.6536220515404,-4866.781413318242,-12932.63580690489,-5080.283956553186,-329.1871961278441,-19180.235456181028,769.1026241173139,-9000.369749224503,-1972.9499088329883,-7145.993644099708,8601.456445908112,-10403.261290478495,4326.551113174268,5300.018642182542,-5185.038935823553,-1609.7221582646737,7449.817765390092,12469.37785857421,6797.369427160236,-3724.4568060448246,-1573.4296199552937,-3844.1580095774702,-572.753062870091,-4906.50908110564,6863.056334273158,7548.159008178426,-4427.8504952726125,517.526742301021,6027.454386287779,-3299.8479811896414,-1003.0303438042035,-8605.74281289259,-3399.0733040631403,-1385.6279654537132,-1016.2810875668991,2261.7367416760103,-6676.822191653346,-5332.106485466761,4509.696527117447,145.61413806848836,-4835.796330160754,10690.620337810631,-7946.584519666615,-3726.102984350804,6676.459736845831,-5984.338898459372,2766.7106228772877,-5463.0895152152025
