V1,V2,V3,V4,V5,V6,V7,V8,V9,V10,V11,V12,V13,V14,V15,V16,V17,V18,V19,V20,V21,V22,V23,V24,V25,V26,V27,V28,V29,V30,V31,V32,V33,V34,V35,V36,V37,V38,V39,V40,V41,V42,V43,V44,V45,V46,V47,V48,V49,V50,V51,V52,V53,V54,V55,V56
4.7227375842497725,3.3822900090609798,8.14932935745463,16.878258054987068,-16.555579325426745,63.739387925087826,12.497784904791255,-66.10610447197743,-13.752451452809845,-19.753945458702347,-52.38620365190701,-20.477849265127276,-1.5254750304864348,-77.93299314429612,2.922958798947493,-36.205819582201364,-8.244275007409158,-28.989459633663937,34.76553623330655,-42.32392280294936,17.581163360804076,21.55966474323273,-20.865662265825122,-6.561346060114866,30.16384594444561,50.661317102211434,27.63238725058389,-14.88505211544516,-6.508725652904404,-15.8556338759015,-2.4376239655714786,-20.084488745106338,27.63869180541267,30.774953404976454,-17.956656954785785,2.121531911945929,24.36912112707272,-13.533827743996046,-4.28137274233994,-34.859233885295964,-13.637384072518397,-5.730486906289047,-3.9768597492746434,9.157953831492426,-27.27688403060627,-21.600361942347867,18.49619787831661,0.9456828429667334,-19.581255253084837,43.626825750507756,-32.138514879781845,-14.890207475172431,27.083565665717515,-24.06374178957472,11.132372737255283,-22.51524654285575
3.3822900090609798,2.5886395046975053,5.4391650392792394,11.85150627468577,-11.357149956121278,44.940774134858486,9.646394764867775,-46.21542912994349,-9.567426395869687,-13.790888601588254,-36.33970389180476,-14.014768501044896,-1.430085079872794,-54.52466663801864,1.6595662212593612,-24.628583095278614,-6.202931485358819,-20.18997980000444,23.972642007461605,-29.702196265635276,12.289770066564214,15.139466013403528,-14.200487519431444,-4.6321135453142075,20.89580538480955,35.43422557373167,19.36000786926829,-9.946601220895671,-4.774731485455651,-11.54647049716171,-1.9134487845903805,-14.334872407629168,18.84849578986437,21.72784656703902,-12.503579665383095,1.5250833482164632,16.824807925714264,-9.70487927679575,-3.3845998387481955,-24.175822990115993,-9.201786128180526,-4.189154705301879,-2.4913549106438384,6.35675314371458,-19.364491886010747,-14.982913838033623,13.259567658654502,1.3275710085898131,-13.574939514597386,30.880765224227147,-22.1977733593749,-9.934237994179055,18.86901335423304,-16.349969460684907,7.579456956888774,-16.35563455431485
8.14932935745463,5.4391650392792394,15.010403484302493,29.68837231078304,-29.760157657035336,111.67526380830552,19.904227713799312,-116.76274098465605,-24.403192908085924,-34.93729665099975,-93.20750540608701,-36.88975335722921,-1.8262654733847943,-137.5547141458076,6.079420248521831,-65.58147477344966,-13.512951794257987,-51.38733389811839,62.199519369726175,-74.48632686020497,31.056816235235804,37.92096423685852,-37.778658451073014,-11.481794925302838,53.7367145990302,89.44356001265206,48.70677219993221,-27.388928240379737,-10.960478641916348,-26.903435426408514,-3.8058579981144005,-34.77405335740846,49.94972734749101,53.84956006260898,-31.836317176223396,3.647210579307967,43.548902330756874,-23.323922357479802,-6.627531643786937,-62.036256812634825,-24.880890361042344,-9.684986616908708,-7.714100787819,16.2846605707254,-47.4747200115737,-38.43457978767662,31.884879624100723,0.07913234047452324,-34.85963037973511,76.14848674888091,-57.412081784666135,-27.436173143422078,47.99359462731727,-43.633531647210766,20.14843212726815,-38.30009244554338
16.878258054987068,11.85150627468577,29.68837231078304,60.6555230255632,-59.87620206153994,228.79872932919807,43.6768075992954,-237.8538962316608,-49.54899761332125,-71.10331387792671,-188.8921843976502,-74.10875787457252,-4.972374830293258,-280.3496206189089,11.062184483741815,-131.2411427892896,-29.03956532073568,-104.4150069865638,125.560484795733,-152.12345402030127,63.26010760948919,77.47802122379207,-75.62541873351337,-23.5442163837712,108.80413577251505,182.2592903811847,99.3635097522342,-54.21017153829071,-23.100088664685092,-56.39394264574818,-8.47350424582086,-71.84827541420339,100.11886627789349,110.42804136192346,-64.68031013671042,7.5739046142073665,87.98252256750631,-48.35011581740318,-14.848742931799627,-125.70206174038293,-49.53999331381183,-20.35888707457949,-14.71927731730922,33.01574330658537,-97.72505373909439,-77.88719363511522,66.08366606382847,2.4561794557266072,-70.61719399060792,156.43122402574073,-116.02065288819739,-54.25140933998794,97.54119949422491,-87.25491461202662,40.343687134395665,-80.13785333232853
-16.555579325426745,-11.357149956121278,-29.760157657035336,-59.87620206153994,59.53559461678207,-225.56367508192344,-41.72162118041851,235.12237772078868,49.055204932796464,70.31760264651957,187.17707611650877,73.73978845486964,4.333858455569167,277.0646065641227,-11.549006667967065,130.82650681086173,28.003664465716312,103.33876498898232,-124.64987763373391,150.19557422756284,-62.53585866322519,-76.48130181551159,75.3755942700472,23.201862970740535,-107.86169661753094,-180.1399962391755,-98.15536688459238,54.32265974423655,22.475960327250103,55.00814286865053,8.04154933016544,70.55368603352701,-99.72700313785303,-108.81965994741857,64.01762149055453,-7.419930402680553,-87.31093199138783,47.405911829458965,14.052294468763485,124.56967503704814,49.502332945670275,19.83260470772215,15.012201558786938,-32.70960533773655,96.13114624408142,77.18159814918839,-64.79917230130427,-1.3623378081679969,69.98932253474521,-154.0258303672979,115.12092805020963,54.388959253535795,-96.52556696064907,87.00957585495686,-40.2054498315614,78.2341504252714
63.739387925087826,44.940774134858486,111.67526380830552,228.79872932919807,-225.56367508192344,863.2553687855077,165.71383254973915,-896.985262411608,-186.80539835557911,-268.1207613254466,-712.0298875746502,-279.1438632783333,-19.152231808021565,-1057.2885639207375,41.294308542818875,-494.17866137186684,-109.99683025054141,-393.68111328492944,473.1426791372224,-573.8066146774569,238.56249684627755,292.255762383744,-284.76933954259766,-88.83861997798508,410.1063125361057,687.3471337751847,374.7619653463208,-203.92881195786302,-87.36139136471643,-213.17921409952035,-32.185515635910875,-271.274870916432,377.0421165019467,416.6763142323766,-243.86464273910428,28.608576701087845,331.5627812192378,-182.60405596500573,-56.428284606104626,-473.8282480867987,-186.4572256577449,-76.97816320687816,-55.19045477108895,124.45736780975336,-368.86184278904426,-293.59499632758366,249.57424763475578,9.99688221704565,-266.18262051848626,590.3468509676945,-437.2344187721624,-204.06674432019062,367.7715072889151,-328.5309329749235,151.91855208206417,-302.89028891118284
12.497784904791255,9.646394764867775,19.904227713799312,43.6768075992954,-41.72162118041851,165.71383254973915,35.98376190200236,-170.2185942589474,-35.21478605618897,-50.784330461392294,-133.70275243297678,-51.467801618306055,-5.449051935374501,-200.84326820552144,5.920463541571057,-90.36922377376459,-23.06601649248763,-74.32440250342685,88.12880158657848,-109.45435761678368,45.264435562738775,55.794451516047886,-52.109126856658854,-17.08330601613783,76.866466145154,130.51794563403703,71.32688297914626,-36.40500657004822,-17.69829351198682,-42.75827905982948,-7.152177138256535,-52.944375865053196,69.18491272207861,80.13343000428,-46.02756758063018,5.638074123206593,61.86241893581115,-35.866217025090236,-12.661760503882658,-88.94598133160417,-33.725464843979665,-15.520776121187124,-9.031572166322205,23.390073724354895,-71.4699216173646,-55.12533418114574,49.001400442814194,5.222899759695857,-49.94134210385608,113.92907992509274,-81.6225399832992,-36.35149189204449,69.46480950491245,-59.98283592702724,27.814659531161855,-60.54786666548859
-66.10610447197743,-46.21542912994349,-116.76274098465605,-237.8538962316608,235.12237772078868,-896.985262411608,-170.2185942589474,932.9633029273473,194.40901329346883,278.92052139044546,741.2585798764659,291.0507239963883,19.063662200206895,1099.5998851574088,-43.855200574804286,515.6101003264434,113.37373689430088,409.65269470533514,-492.90337533990044,596.5554167899109,-248.13451497402102,-303.8205120599773,297.1030741952782,92.29587533011141,-427.0081534021241,-714.8779544192636,-389.6948464360343,213.19153267851686,90.33666251492915,220.64206567174628,32.98334765202505,281.4638719881499,-393.2820981449231,-432.8878330233517,253.76408088383945,-29.657340276386535,-345.3610066117991,189.3551423202116,57.769262204361674,493.29202972485376,194.7188724158432,79.63475772638189,58.08488372347897,-129.55694283342163,382.96188429696093,305.6493846387073,-258.81016322073566,-8.827551324766493,277.12900648138947,-613.1283192632627,455.409432377981,213.3726247722061,-382.6768452514406,342.8233559231808,-158.49101787166626,313.5900841971043
-13.752451452809845,-9.567426395869687,-24.403192908085924,-49.54899761332125,49.055204932796464,-186.80539835557911,-35.21478605618897,194.40901329346883,40.52376397550331,58.12630666892479,154.54164548722238,60.733143251920545,3.870444336113143,229.12092639085964,-9.24615533019658,107.63347033516158,23.501361032296927,85.38416042901021,-102.803432997779,124.27728314538327,-51.70615835892576,-63.290736557797246,62.01827592507036,19.21979892967813,-89.03297645025165,-148.96022897336755,-81.19206464406648,44.55337693736299,18.76121780441014,45.847442886203496,6.814294861126232,58.56851298911555,-82.08429459521413,-90.14460696263552,52.89290155780204,-6.168179765379599,-72.02507017963761,39.38920288414099,11.928030527220148,102.84579109355276,40.66832809467126,16.542818581520315,12.184661986664096,-27.0096289062803,79.71807952068431,63.72373874899406,-53.83813454635535,-1.652515450323809,57.77970894950687,-127.6556150996304,94.97320451994077,44.5955945758859,-79.75976951388037,71.56959733308734,-33.083069029167895,65.17274774336279
-19.753945458702347,-13.790888601588254,-34.93729665099975,-71.10331387792671,70.31760264651957,-268.1207613254466,-50.784330461392294,278.92052139044546,58.12630666892479,83.3888418240504,221.64076469081422,87.047763396514,5.657491630632642,328.733812486581,-13.155188203684565,154.22637573258555,33.84391514821275,122.47940245573662,-147.39756299108538,178.33435849400212,-74.1829362228096,-90.82307856760228,88.8670079990878,27.587776245791314,-127.6812701517111,-213.71941727366314,-116.49910481268526,63.78902162441939,26.981416095824297,65.9104931166375,9.836698351762873,84.11321964709876,-117.63089248355774,-129.39251608333873,75.87156591305961,-8.861596734662173,-103.27416732220208,56.582005164144974,17.22578858772775,147.49792859706187,58.251742967298505,23.786724437362047,17.398396704568906,-38.737846097110896,114.45710776627206,91.39111655833477,-77.33659032247951,-2.5624590321525975,82.86419695126344,-183.25823627158397,136.1812062231564,63.844994733230195,-114.41333263750805,102.54555886605081,-47.40616175952207,93.68077398938473
-52.38620365190701,-36.33970389180476,-93.20750540608701,-188.8921843976502,187.17707611650877,-712.0298875746502,-133.70275243297678,741.2585798764659,154.54164548722238,221.64076469081422,589.4261778052435,231.75636544730344,14.530728975794354,873.5854407399419,-35.49396813323781,410.8199079179785,89.33388518966262,325.6076299055274,-392.1846046771863,473.78400579850205,-197.1503493169115,-241.2783815412978,236.70970624162254,73.25475433724687,-339.591988484534,-567.9575008874211,-309.5495822405764,170.1635088063046,71.39430588507534,174.52290861247903,25.851544623671487,223.131648088631,-313.27338778429856,-343.57799756863943,201.70562440562503,-23.492415664665394,-274.75524676519683,150.03464715661786,45.235988549413705,392.2602364134499,155.27078376569014,62.9617075128515,46.63887790277921,-103.01299289938473,303.7716310439683,243.04475399108577,-205.0733880572983,-5.885114765466235,220.37861889315286,-486.4982029841667,362.29038927785274,170.33443667365833,-304.15534783912585,273.1816064866824,-126.2686468967014,248.11232373238172
-20.477849265127276,-14.014768501044896,-36.88975335722921,-74.10875787457252,73.73978845486964,-279.1438632783333,-51.467801618306055,291.0507239963883,60.733143251920545,87.047763396514,231.75636544730344,91.33927608388481,5.293510886395712,342.96168922479654,-14.371372681373765,162.0799566611433,34.57880438910001,127.93491780169677,-154.36533819039946,185.9002935868289,-77.41147890982619,-94.66073135300026,93.38092054443743,28.712050750141742,-133.55628960987784,-222.98651987685005,-121.49528087656687,67.33440383224567,27.77832759200575,68.00242890864445,9.913381276387318,87.27870425593832,-123.54183578268484,-134.6628086487917,79.25524812289933,-9.176693109217648,-108.12101510718968,58.63465583752794,17.31821126787366,154.23907386334605,61.34249988684157,24.514332683966984,18.639744184748423,-40.499158865672946,118.93998515537162,95.56385719980776,-80.14849172318797,-1.5558260226796128,86.66005317152027,-190.58920514998147,142.5576514886249,67.41960621334962,-119.49882322530466,107.79918374121206,-49.808914612511124,96.7231430994026
-1.5254750304864348,-1.430085079872794,-1.8262654733847943,-4.972374830293258,4.333858455569167,-19.152231808021565,-5.449051935374501,19.063662200206895,3.870444336113143,5.657491630632642,14.530728975794354,5.293510886395712,1.1778582816807548,22.557392146343446,-0.0637964366378443,9.054353134680285,3.2689912615675514,8.204033250385901,-9.35130241995844,12.434948895583776,-5.067221631393376,-6.353127742104909,5.232021040694923,1.9835096520444024,-8.308904772587912,-14.642981183908738,-8.053723860170512,3.35962208286008,2.3324371228094645,5.5093398263346645,1.127696959156683,6.387834028962128,-7.008492217768516,-9.306693272175208,5.076667639150648,-0.6968410104753403,-6.59754449202649,4.396547911873786,2.0291017922183805,9.657739456419163,3.2584624916455023,2.023779216593125,0.5605132022905859,-2.548295472742426,8.464705624943777,5.9893995250692145,-6.001009794274381,-1.6252372623544153,5.41444359079649,-13.353964594177203,8.718959806300019,3.3287015863411655,-7.677676060872257,5.979081408287868,-2.79776670909295,7.741084393154028
-77.93299314429612,-54.52466663801864,-137.5547141458076,-280.3496206189089,277.0646065641227,-1057.2885639207375,-200.84326820552144,1099.5998851574088,229.12092639085964,328.733812486581,873.5854407399419,342.96168922479654,22.557392146343446,1296.009432824926,-51.594456821537925,607.5364153994823,133.73066813567965,482.80200889644016,-580.8597255984724,703.1338076741185,-292.4534787644966,-358.10222528578515,350.07419851514555,108.79182698473292,-503.2291994235494,-842.5663182454113,-459.30848217631194,251.15744867762257,106.52648617193103,260.16365514710407,38.92559996603555,331.8078197783385,-463.410500264819,-510.2578761522417,299.07665866222203,-34.96466376748065,-406.9942129830329,223.23524700144702,68.18299190159834,581.3514171139549,229.4164992522772,93.90297719111601,68.38889757520577,-152.68596275181247,451.4347159929902,360.21258784817246,-305.11650124277054,-10.566944577155457,326.59906875927345,-722.7321455756444,536.6840547522656,251.36698401170742,-451.0108012172674,403.9395041673088,-186.7494665682436,369.750562812252
2.922958798947493,1.6595662212593612,6.079420248521831,11.062184483741815,-11.549006667967065,41.294308542818875,5.920463541571057,-43.855200574804286,-9.24615533019658,-13.155188203684565,-35.49396813323781,-14.371372681373765,-0.0637964366378443,-51.594456821537925,2.94024032857511,-25.800962321569525,-4.323761792140509,-19.43216177896771,23.93021002094754,-27.782945267442425,11.667089479290237,14.128374091330409,-14.851364903895357,-4.2354591813893805,20.511677580316046,33.566264744452134,18.222146730678496,-11.07359265644334,-3.732697122698612,-9.314862469508299,-1.0713721097484132,-12.558510381881623,19.57172489790139,19.861433196515684,-12.043194279321241,1.298173905374757,16.719171586660718,-8.344093614881977,-1.8194821270629933,-23.63332592383634,-9.913539550978234,-3.324641512352634,-3.3916771751303387,6.194525074750095,-17.326480717640887,-14.637826305497928,11.413328033587412,-1.1105431502776733,-13.288938147893134,27.94921257246305,-22.026501609547413,-11.118657723638108,18.137885841916493,-17.19811690205006,7.915433862187737,-13.332958902241238
-36.205819582201364,-24.628583095278614,-65.58147477344966,-131.2411427892896,130.82650681086173,-494.17866137186684,-90.36922377376459,515.6101003264434,107.63347033516158,154.22637573258555,410.8199079179785,162.0799566611433,9.054353134680285,607.5364153994823,-25.800962321569525,287.7399081877925,60.867343062246846,226.71107742506095,-273.76098296875074,329.2305475162631,-137.1393302601118,-167.63646902152107,165.77277480226155,50.82472587737987,-236.77204883216072,-395.0165647389068,-215.1973365410269,119.69486482617394,49.01104873830681,120.05898421313812,17.375912328408873,154.35724565236285,-219.28170110736735,-238.37230944859897,140.44896313961172,-16.21968488909498,-191.72990778222635,103.65774707093804,30.331921598116182,273.41486425269886,108.96659214662712,43.26563576514964,33.27810599886302,-71.78677968667662,210.44550325155072,169.40092049294657,-141.69453589580422,-2.1635716045827174,153.62420619833665,-337.2991195411036,252.7882317428634,119.86000555928928,-211.7559435088877,191.3921785813074,-88.41963028164616,170.8027036582732
-8.244275007409158,-6.202931485358819,-13.512951794257987,-29.03956532073568,28.003664465716312,-109.99683025054141,-23.06601649248763,113.37373689430088,23.501361032296927,33.84391514821275,89.33388518966262,34.57880438910001,3.2689912615675514,133.73066813567965,-4.323761792140509,60.867343062246846,14.927751463629146,49.57975893812313,-59.02729679794647,72.7897427652537,-30.149662045834482,-37.0954865030013,35.090593591493175,11.33369023390534,-51.38705535063735,-86.91495389587264,-47.46556326335233,24.703025723313587,11.565516596198515,28.021581281068297,4.556297015102907,34.97252698233476,-46.55018602360487,-53.16184334908681,30.70621253434699,-3.713702621222868,-41.413313811278044,23.64755839875198,8.045408427887038,59.43514776042582,22.79202804432843,10.156311186062812,6.301769292088292,-15.624161435420621,47.31009147810595,36.83316151517093,-32.31155054203933,-2.8182685076841554,33.376807075715234,-75.504831074055,54.63266336563393,24.68320342781643,-46.3316776023979,40.42041004670886,-18.727358708279482,39.7183166637437
-28.989459633663937,-20.18997980000444,-51.38733389811839,-104.4150069865638,103.33876498898232,-393.68111328492944,-74.32440250342685,409.65269470533514,85.38416042901021,122.47940245573662,325.6076299055274,127.93491780169677,8.204033250385901,482.80200889644016,-19.43216177896771,226.71107742506095,49.57975893812313,179.90865571079948,-216.58003798302113,261.8883087854259,-108.9534469116873,-133.37319693427665,130.63155705321256,40.50535926633271,-187.58200317142456,-313.88659169720034,-171.09099594337874,93.82037831573248,39.56290087379275,96.669714338506,14.386700691132775,123.45280574239858,-172.9024778437781,-189.97823514716848,111.44763362236115,-13.00297579025918,-151.74083783381346,83.03206763012064,25.186431308658058,216.6876133056119,85.65087314346307,34.882840178481395,25.63671952596247,-56.90777954812866,168.01871393078443,134.26099308209606,-113.48976647486474,-3.5707464611090316,121.73639558978856,-269.0426227211001,200.08863642447082,93.90720990679823,-168.05864016618133,150.74632129657755,-69.68459204855698,137.41178431355257
34.76553623330655,23.972642007461605,62.199519369726175,125.560484795733,-124.64987763373391,473.1426791372224,88.12880158657848,-492.90337533990044,-102.803432997779,-147.39756299108538,-392.1846046771863,-154.36533819039946,-9.35130241995844,-580.8597255984724,23.93021002094754,-273.76098296875074,-59.02729679794647,-216.58003798302113,261.06918467369366,-314.9481503403744,131.09724313127725,160.3819829832489,-157.73212595826914,-48.67259757511464,225.97752937855753,377.6519827234722,205.80058703157363,-113.5441665629413,-47.28204768307431,-115.65501015564992,-17.011118687815053,-148.12133264311774,208.717981136375,228.28183265806862,-134.16794569991538,15.585557873551705,182.88100359629473,-99.55820901021431,-29.74510181778922,-261.0017227879676,-103.53218420987376,-41.71024781832998,-31.259826453689463,68.53802838996259,-201.74211588761912,-161.71476655350975,136.0833987379361,3.343371605199878,-146.63973030553535,323.1735728980397,-241.13810735739273,-113.67148452698196,202.30543777377508,-182.05812034437642,84.13679668920595,-164.45747803302976
-42.32392280294936,-29.702196265635276,-74.48632686020497,-152.12345402030127,150.19557422756284,-573.8066146774569,-109.45435761678368,596.5554167899109,124.27728314538327,178.33435849400212,473.78400579850205,185.9002935868289,12.434948895583776,703.1338076741185,-27.782945267442425,329.2305475162631,72.7897427652537,261.8883087854259,-314.9481503403744,381.5257883710312,-158.66123462274354,-194.3140380564167,189.71268021483,59.04618863299751,-272.90802930258707,-457.118342648036,-249.2069714114244,136.0088675637634,57.9144476970189,141.39434622886742,21.231380637030117,180.17168263610546,-251.15273644517887,-276.94066666394406,162.22804657917322,-18.99175655242599,-220.6878246684063,121.24154153166357,37.20285899067071,315.28953767497757,124.28304145288354,51.04343750852555,36.94576757769684,-82.81050299538401,245.07244792322265,195.35866707463003,-165.7101173216074,-6.094040410170264,177.124600233974,-392.30339601256236,291.0153971092816,136.1138879922674,-244.64714247570313,218.88891316411804,-101.20520235596676,200.9306172910945
17.581163360804076,12.289770066564214,31.056816235235804,63.26010760948919,-62.53585866322519,238.56249684627755,45.264435562738775,-248.13451497402102,-51.70615835892576,-74.1829362228096,-197.1503493169115,-77.41147890982619,-5.067221631393376,-292.4534787644966,11.667089479290237,-137.1393302601118,-30.149662045834482,-108.9534469116873,131.09724313127725,-158.66123462274354,65.99482512786244,80.80471941433805,-79.0218965328751,-24.546994083689516,113.57032897385324,190.13155754871337,103.64439402626746,-56.705063944561225,-24.024419363919126,-58.67897460747546,-8.770636909240553,-74.85677233840934,104.6027647066133,115.13074657140001,-67.49248831157351,7.887433766999284,91.85530529883756,-50.35960218491156,-15.361281409773378,-131.19946659607297,-51.79094507945739,-21.1784459967852,-15.450879494767007,34.45784164643714,-101.85156710627066,-81.29266970447351,68.83141268634914,2.3422662391017357,-73.7072490033565,163.0668025033195,-121.1246980093805,-56.75336074335942,101.7787513162187,-91.18255549769995,42.15457269830851,-83.39851004327794
21.55966474323273,15.139466013403528,37.92096423685852,77.47802122379207,-76.48130181551159,292.255762383744,55.794451516047886,-303.8205120599773,-63.290736557797246,-90.82307856760228,-241.2783815412978,-94.66073135300026,-6.353127742104909,-358.10222528578515,14.128374091330409,-167.63646902152107,-37.0954865030013,-133.37319693427665,160.3819829832489,-194.3140380564167,80.80471941433805,98.96616255193877,-96.59762352868583,-30.074205971238875,138.97907041152126,232.80732210482506,126.9212737583227,-69.2427092579012,-29.507740270827725,-72.03645620763531,-10.824534687954948,-91.77611841352277,127.8836956956673,141.05525559359802,-82.61856822766052,9.674658306399662,112.38267762982646,-61.76072735653033,-18.968750395070526,-160.56346718061582,-63.277898661077465,-26.006099415207338,-18.800172991599048,42.172143617525634,-124.82959731896129,-99.48794339259396,84.41290918853538,3.140507344556644,-90.20168945577403,199.81779099153803,-148.1966559523788,-69.29531059191653,124.59305593021695,-111.45204849728266,51.53168779561438,-102.36624314284875
-20.865662265825122,-14.200487519431444,-37.778658451073014,-75.62541873351337,75.3755942700472,-284.76933954259766,-52.109126856658854,297.1030741952782,62.01827592507036,88.8670079990878,236.70970624162254,93.38092054443743,5.232021040694923,350.07419851514555,-14.851364903895357,165.77277480226155,35.090593591493175,130.63155705321256,-157.73212595826914,189.71268021483,-79.0218965328751,-96.59762352868583,95.50531922215986,29.287875305580148,-136.42417999407863,-227.61574771300883,-124.00196813284211,68.95151116625463,28.250082439785125,69.19870524688261,10.020779375764912,88.95511128340598,-126.33451566790163,-137.36270266234894,80.9269845625112,-9.347751794732364,-110.46934948367513,59.73917973814317,17.493637392954138,157.53827509737772,62.774874451884976,24.937796704892502,19.16367219167658,-41.36287637811954,121.27415062189516,97.60682144663171,-81.66007265235677,-1.2737248323242367,88.51616372847958,-194.37278601083455,145.64978505971655,69.04601932990676,-122.01462704147573,110.2641397276871,-50.9406060328248,98.44429662036195
-6.561346060114866,-4.6321135453142075,-11.481794925302838,-23.5442163837712,23.201862970740535,-88.83861997798508,-17.08330601613783,92.29587533011141,19.21979892967813,27.587776245791314,73.25475433724687,28.712050750141742,1.9835096520444024,108.79182698473292,-4.2354591813893805,50.82472587737987,11.33369023390534,40.50535926633271,-48.67259757511464,59.04618863299751,-24.546994083689516,-30.074205971238875,29.287875305580148,9.142697208852663,-42.191376986545336,-70.72560214992194,-38.56285312267124,20.96716886385461,8.997022072072564,21.95149674672019,3.319131069428057,27.923358495409563,-38.77926929289802,-42.88168410488325,25.09084036284223,-2.9451781244568638,-34.108889320155626,18.797745351369425,5.820036821436749,48.74799435671905,19.17391506514119,7.927170877465962,5.668662161889349,-12.804508806894159,37.96468362764015,30.205478772071267,-25.691695221065924,-1.0521447938084598,27.384990117704206,-60.75755322474376,44.97997171123749,20.980799010970486,-37.83977858373852,33.78770667330854,-15.624585767803808,31.18778417978806
30.16384594444561,20.89580538480955,53.7367145990302,108.80413577251505,-107.86169661753094,410.1063125361057,76.866466145154,-427.0081534021241,-89.03297645025165,-127.6812701517111,-339.591988484534,-133.55628960987784,-8.308904772587912,-503.2291994235494,20.511677580316046,-236.77204883216072,-51.38705535063735,-187.58200317142456,225.97752937855753,-272.90802930258707,113.57032897385324,138.97907041152126,-136.42417999407863,-42.191376986545336,195.65734081837664,327.1738498507571,178.31149629358092,-98.10203023348798,-41.089237632025764,-100.45710593967121,-14.856517794299545,-128.48706375917115,180.54408567892688,197.88488523924025,-116.20269051683573,13.525896276124643,158.31095885278353,-86.38746470844494,-25.992205633215153,-225.9977532234514,-89.50134641586172,-36.23860540068625,-26.91569237560314,59.34923250200238,-174.94016298326616,-140.02797098304384,118.07850406010843,3.2771906529404604,-126.97034456939629,280.18676655882183,-208.74625434703447,-98.20320346869937,175.22229363294974,-157.4487577851925,72.77256574680777,-142.82290329759525
50.661317102211434,35.43422557373167,89.44356001265206,182.2592903811847,-180.1399962391755,687.3471337751847,130.51794563403703,-714.8779544192636,-148.96022897336755,-213.71941727366314,-567.9575008874211,-222.98651987685005,-14.642981183908738,-842.5663182454113,33.566264744452134,-395.0165647389068,-86.91495389587264,-313.88659169720034,377.6519827234722,-457.118342648036,190.13155754871337,232.80732210482506,-227.61574771300883,-70.72560214992194,327.1738498507571,547.772871287967,298.6056141034863,-163.31187813377738,-69.24191286798529,-169.11090298961116,-25.29377338799832,-215.69884270209727,301.30387619652726,331.71870613774865,-194.44042175543493,22.728868183504275,264.6102368588777,-145.11611185088896,-44.30365308372764,-377.96325266207543,-149.16976658161877,-61.03757743506283,-44.478970719421156,99.26782415497658,-293.47126065847743,-234.19059533614129,198.34399628508396,6.829232188104004,-212.33736788044186,469.84341241747524,-348.9284911021978,-163.44907629905276,293.21761754727936,-262.64021831175506,121.42298292636613,-240.3468042026599
27.63238725058389,19.36000786926829,48.70677219993221,99.3635097522342,-98.15536688459238,374.7619653463208,71.32688297914626,-389.6948464360343,-81.19206464406648,-116.49910481268526,-309.5495822405764,-121.49528087656687,-8.053723860170512,-459.30848217631194,18.222146730678496,-215.1973365410269,-47.46556326335233,-171.09099594337874,205.80058703157363,-249.2069714114244,103.64439402626746,126.9212737583227,-124.00196813284211,-38.56285312267124,178.31149629358092,298.6056141034863,162.7843828298964,-88.93427286431253,-37.78935387141326,-92.27668340973837,-13.829331172649765,-117.63968531474029,164.15376792906162,180.868626060847,-105.983663163112,12.398222165391484,144.20286226247006,-79.15366446754896,-24.227851555495594,-205.99734622582423,-81.25018370405716,-33.30883707206777,-24.189577410103354,54.10397395612615,-160.03531355964097,-127.6389313469772,108.18609757595408,3.85385701603211,-115.72698964063778,256.19633520961196,-190.15495217583978,-89.00592296774732,159.82616276884934,-143.07755443100854,66.15020269025491,-131.1390256792738
-14.88505211544516,-9.946601220895671,-27.388928240379737,-54.21017153829071,54.32265974423655,-203.92881195786302,-36.40500657004822,213.19153267851686,44.55337693736299,63.78902162441939,170.1635088063046,67.33440383224567,3.35962208286008,251.15744867762257,-11.07359265644334,119.69486482617394,24.703025723313587,93.82037831573248,-113.5441665629413,136.0088675637634,-56.705063944561225,-69.2427092579012,68.95151116625463,20.96716886385461,-98.10203023348798,-163.31187813377738,-88.93427286431253,49.97636750523954,20.027732949277787,49.15362385638439,6.963405626447285,63.51258580651709,-91.16807254546332,-98.33605243417317,58.12496002995939,-6.6621609707093485,-79.49922838154527,42.60284877260677,12.12794133558525,113.25561011075428,45.405871076041926,17.695996563177964,14.064844679600174,-29.730228401772575,86.70221938604912,70.1677041759079,-58.23981484017224,-0.19055334486881859,63.64063081106259,-139.06221984782815,104.80728318522274,50.06151784658675,-87.62470523861843,79.63567385476692,-36.774008441772445,69.97283458451555
-6.508725652904404,-4.774731485455651,-10.960478641916348,-23.100088664685092,22.475960327250103,-87.36139136471643,-17.69829351198682,90.33666251492915,18.76121780441014,26.981416095824297,71.39430588507534,27.77832759200575,2.3324371228094645,106.52648617193103,-3.732697122698612,49.01104873830681,11.565516596198515,39.56290087379275,-47.28204768307431,57.9144476970189,-24.024419363919126,-29.507740270827725,28.250082439785125,8.997022072072564,-41.089237632025764,-69.24191286798529,-37.78935387141326,20.027732949277787,9.047384275765411,21.981985006804198,3.473743824412714,27.646370565119092,-37.446348772351776,-42.20023109988326,24.50435346826454,-2.9277148338288095,-33.15698007134754,18.660304120643712,6.117458610265955,47.50391372048195,18.40959950633509,7.9556059103109105,5.237639452064066,-12.4835949537466,37.475984234718176,29.437270816315113,-25.49981617222564,-1.7465124353968904,26.680533719124316,-59.877364269475116,43.73417003362171,20.023898442594824,-36.96623097071291,32.56155464341418,-15.074285397835713,31.187140189997187
-15.8556338759015,-11.54647049716171,-26.903435426408514,-56.39394264574818,55.00814286865053,-213.17921409952035,-42.75827905982948,220.64206567174628,45.847442886203496,65.9104931166375,174.52290861247903,68.00242890864445,5.5093398263346645,260.16365514710407,-9.314862469508299,120.05898421313812,28.021581281068297,96.669714338506,-115.65501015564992,141.39434622886742,-58.67897460747546,-72.03645620763531,69.19870524688261,21.95149674672019,-100.45710593967121,-169.11090298961116,-92.27668340973837,49.15362385638439,21.981985006804198,53.45167209106,8.37649638603673,67.37325009223622,-91.70496052695327,-102.96189835886628,59.87629643558658,-7.1291706287181915,-81.09326588437268,45.4512792906473,14.739679410247003,116.12591334208453,45.13570994323501,19.336782089928235,12.941607568539295,-30.51400101580233,91.38082513340017,71.95973425858658,-62.112323571891864,-3.9220924023432358,65.22470506402829,-146.0506137635145,106.95770756486534,49.15249046766562,-90.32158926395438,79.77373976292763,-36.92290212087737,75.85564006093963
-2.4376239655714786,-1.9134487845903805,-3.8058579981144005,-8.47350424582086,8.04154933016544,-32.185515635910875,-7.152177138256535,32.98334765202505,6.814294861126232,9.836698351762873,25.851544623671487,9.913381276387318,1.127696959156683,38.92559996603555,-1.0713721097484132,17.375912328408873,4.556297015102907,14.386700691132775,-17.011118687815053,21.231380637030117,-8.770636909240553,-10.824534687954948,10.020779375764912,3.319131069428057,-14.856517794299545,-25.29377338799832,-13.829331172649765,6.963405626447285,3.473743824412714,8.37649638603673,1.4272272157625234,10.317064384304064,-13.312361415755214,-15.569530171446736,8.908891711519718,-1.1007680944694629,-11.945257215888226,6.997867895101674,2.530804432417,17.196668267206796,6.469366261706947,3.043603667745825,1.6929807471307337,-4.523286220271669,13.907032696227208,10.658331685246392,-9.55996592564824,-1.1437021059117431,9.654541092863703,-22.151330611145873,15.762588459573742,6.949879507849955,-13.447319316124613,11.52941711878691,-5.349498966945032,11.853891651015806
-20.084488745106338,-14.334872407629168,-34.77405335740846,-71.84827541420339,70.55368603352701,-271.274870916432,-52.944375865053196,281.4638719881499,58.56851298911555,84.11321964709876,223.131648088631,87.27870425593832,6.387834028962128,331.8078197783385,-12.558510381881623,154.35724565236285,34.97252698233476,123.45280574239858,-148.12133264311774,180.17168263610546,-74.85677233840934,-91.77611841352277,88.95511128340598,27.923358495409563,-128.48706375917115,-215.69884270209727,-117.63968531474029,63.51258580651709,27.646370565119092,67.37325009223622,10.317064384304064,85.42829376908358,-117.81872124097589,-130.96957411041132,76.46989020641372,-9.020613439324322,-103.82035082961345,57.55202027269373,18.113584838037365,148.479614704815,58.16271210274157,24.34507417587368,17.01774256873779,-39.00584158480322,116.05138080354592,92.00399083686887,-78.6553659025354,-3.8298670216451165,83.40604470457089,-185.64016905362854,136.91788791154943,63.539263509314544,-115.3345815995876,102.59724432297324,-47.45894495881329,95.68304318315002
27.63869180541267,18.84849578986437,49.94972734749101,100.11886627789349,-99.72700313785303,377.0421165019467,69.18491272207861,-393.2820981449231,-82.08429459521413,-117.63089248355774,-313.27338778429856,-123.54183578268484,-7.008492217768516,-463.410500264819,19.57172489790139,-219.28170110736735,-46.55018602360487,-172.9024778437781,208.717981136375,-251.15273644517887,104.6027647066133,127.8836956956673,-126.33451566790163,-38.77926929289802,180.54408567892688,301.30387619652726,164.15376792906162,-91.16807254546332,-37.446348772351776,-91.70496052695327,-13.312361415755214,-117.81872124097589,167.12400832163587,181.87855429703416,-107.1134915201612,12.383366512460897,146.1825734231139,-79.13346664718105,-23.24580581653416,-208.49271428031523,-83.02092109198195,-33.052354168836544,-25.301642130590594,54.742587423035516,-160.60047574847994,-129.1774900831542,108.17009971870334,1.8377212844664965,-117.14480160056408,257.38234204768236,-192.73835715268677,-91.28953879399435,161.49866097936612,-145.85145450578355,67.3849740778767,-130.45291407547992
30.774953404976454,21.72784656703902,53.84956006260898,110.42804136192346,-108.81965994741857,416.6763142323766,80.13343000428,-432.8878330233517,-90.14460696263552,-129.39251608333873,-343.57799756863943,-134.6628086487917,-9.306693272175208,-510.2578761522417,19.861433196515684,-238.37230944859897,-53.16184334908681,-189.97823514716848,228.28183265806862,-276.94066666394406,115.13074657140001,141.05525559359802,-137.36270266234894,-42.88168410488325,197.88488523924025,331.71870613774865,180.868626060847,-98.33605243417317,-42.20023109988326,-102.96189835886628,-15.569530171446736,-130.96957411041132,181.87855429703416,201.1265798843688,-117.68103667069126,13.813934711293221,159.97605340320285,-88.16793544884612,-27.30111399377134,-228.63683145673457,-89.92656084512726,-37.18197599708811,-26.584415974503585,60.055499448764444,-178.06558062838596,-141.66913074186422,120.50293854278968,4.941400110567037,-128.4404651140844,284.9699832664089,-210.96321674744425,-98.39982025104797,177.4761897218056,-158.46704328500854,73.28070631442121,-146.28363472510185
-17.956656954785785,-12.503579665383095,-31.836317176223396,-64.68031013671042,64.01762149055453,-243.86464273910428,-46.02756758063018,253.76408088383945,52.89290155780204,75.87156591305961,201.70562440562503,79.25524812289933,5.076667639150648,299.07665866222203,-12.043194279321241,140.44896313961172,30.70621253434699,111.44763362236115,-134.16794569991538,162.22804657917322,-67.49248831157351,-82.61856822766052,80.9269845625112,25.09084036284223,-116.20269051683573,-194.44042175543493,-105.983663163112,58.12496002995939,24.50435346826454,59.87629643558658,8.908891711519718,76.46989020641372,-107.1134915201612,-117.68103667069126,69.03826792261569,-8.054218961978288,-94.00076678581947,51.43154772213566,15.596193162171266,134.23253926794695,53.06236848217021,21.605852333561813,15.885264040214372,-35.252858744770464,104.07673592580394,83.17127702849703,-70.29765019140572,-2.2020160646522506,75.41271889733812,-166.65588026964195,123.9512399597704,58.1789843883739,-104.1068350295362,93.38859117109811,-43.16995012113193,85.11215541743807
2.121531911945929,1.5250833482164632,3.647210579307967,7.5739046142073665,-7.419930402680553,28.608576701087845,5.638074123206593,-29.657340276386535,-6.168179765379599,-8.861596734662173,-23.492415664665394,-9.176693109217648,-0.6968410104753403,-34.96466376748065,1.298173905374757,-16.21968488909498,-3.713702621222868,-13.00297579025918,15.585557873551705,-18.99175655242599,7.887433766999284,9.674658306399662,-9.347751794732364,-2.9451781244568638,13.525896276124643,22.728868183504275,12.398222165391484,-6.6621609707093485,-2.9277148338288095,-7.1291706287181915,-1.1007680944694629,-9.020613439324322,12.383366512460897,13.813934711293221,-8.054218961978288,0.9532265327913645,10.925513340551529,-6.080053420823053,-1.9341826360342516,-15.632308048250277,-6.106784762268564,-2.577151884844879,-1.7742425868029237,4.106988792460697,-12.247404930626956,-9.68657387420687,8.309254839606648,0.44710318096857415,-8.780858203480888,19.585459553238092,-14.409106154298524,-6.663928129486245,12.148323281692608,-10.779555116729544,4.987376285781789,-10.12214354656143
24.36912112707272,16.824807925714264,43.548902330756874,87.98252256750631,-87.31093199138783,331.5627812192378,61.86241893581115,-345.3610066117991,-72.02507017963761,-103.27416732220208,-274.75524676519683,-108.12101510718968,-6.59754449202649,-406.9942129830329,16.719171586660718,-191.72990778222635,-41.413313811278044,-151.74083783381346,182.88100359629473,-220.6878246684063,91.85530529883756,112.38267762982646,-110.46934948367513,-34.108889320155626,158.31095885278353,264.6102368588777,144.20286226247006,-79.49922838154527,-33.15698007134754,-81.09326588437268,-11.945257215888226,-103.82035082961345,146.1825734231139,159.97605340320285,-94.00076678581947,10.925513340551529,128.11218657109248,-69.78749639833272,-20.890272937640304,-182.85093780186097,-72.50007860405681,-29.247819782682,-21.866649755224284,48.01661354339379,-141.3908209281876,-113.29341119791401,95.39015630593934,2.425798724868321,-102.73128822067346,226.4845233502345,-168.92367011860495,-79.58643690719084,141.74053310606376,-127.50298257925176,58.92647197236205,-115.3066759616945
