V1,V2,V3,V4,V5,V6,V7,V8,V9,V10,V11,V12,V13,V14,V15,V16,V17,V18,V19,V20,V21,V22,V23,V24,V25,V26,V27,V28,V29,V30,V31,V32,V33,V34,V35,V36,V37,V38,V39,V40,V41,V42,V43,V44,V45,V46,V47,V48,V49,V50,V51,V52,V53,V54,V55,V56
53.73884378072605,19.850323956453547,27.663059369487428,45.303879298430864,0.2159561742067839,-96.97425518831861,-52.103391119138536,-3.474562854122095,71.40480699140925,9.768953278075047,42.89668176464491,-33.82686136991414,74.03363493818831,-19.145610173566446,-35.77075281966668,5.356013906512149,-58.62288439539313,2.0837036918285547,14.070269204377375,31.367428666329932,-19.742876917373955,9.542525856394233,-22.196471495667787,-6.333343562050695,-8.604925262133987e-4,-47.612349700226076,18.955867075594902,56.820856952037154,-36.03691396924912,29.857460216889827,68.42605367739375,24.349224702384632,-16.782450172459892,-41.6899372059706,41.37069998545866,56.02874291440873,28.38733300769113,-10.656064855902287,-85.08582277286838,-70.44893106556127,6.4475094956816434,-31.297100394498333,-39.90205712015443,8.753969665693445,-18.98773297569575,4.617881663386182,31.511574856202447,-22.68042415410306,21.727404861747775,34.839958178656545,44.838839152564816,20.028162529303334,49.19244947150037,20.398407310596784,24.66136145794104,52.413708888269284
19.850323956453547,7.6061097814315595,10.2516650984493,15.757528107808698,-0.08730029880562043,-34.21868125623518,-18.507132960811383,-1.4043092193540105,25.60149932263192,3.666013141921544,15.493872620338955,-11.669861109140141,26.021379795837227,-7.001747151512932,-13.116810206745637,1.944654598640622,-20.67826254186631,0.6979920347783302,5.526266249606823,11.411013297252953,-6.456595007182079,3.4502068763881426,-7.788225701564879,-1.5380406078275208,0.009293626098442684,-16.69892691612131,6.720443607705518,20.511166635413865,-13.209484601500865,10.946947754916321,24.69419744039583,9.0656649239966,-6.2187109384504815,-14.747179136664064,14.51963294607563,19.90499083912396,9.776226133332509,-3.3397321853112993,-30.099117834562,-25.22226999947661,2.414931817471204,-10.870603555791114,-14.292709253546683,2.356406815232962,-6.933181996434846,1.7532330864383474,12.120153216935064,-7.888051913964197,7.542135321302081,12.385144978785423,16.002183322121294,7.665692364804186,17.557188555650832,7.244426934792085,9.25022729834834,19.11021818499998
27.663059369487428,10.2516650984493,14.601626211668787,22.624575920431834,-0.2132243296534406,-49.07803196276136,-26.736214704868026,-1.95237899047269,36.36210533362152,5.042760252281397,22.01519375329039,-17.159143455006976,37.02940782020664,-9.5735849259944,-18.1237112019015,2.7466539038590883,-30.061429957930397,0.8406597459371405,7.257966623192239,15.911982250232157,-9.663601892728328,4.791951785720091,-11.239820750593768,-3.070153388029314,-0.17717817491204704,-24.139248241713496,9.383702884405151,28.758843917363333,-18.37776750275393,15.153538739824217,35.09481643955294,12.419457358466913,-8.101067553216424,-21.8130031520758,20.50229662208651,28.24839014233827,13.540648282498106,-5.116431623512117,-42.82002366368504,-35.483114913723185,3.2571158593088283,-15.437409361459634,-20.087615411101865,4.206045458263745,-9.4191488256677,1.9583152180712609,16.179988518781936,-11.395006970984168,11.195422038415177,17.8752425688152,22.457369825814695,10.241411183320551,24.80205484133359,10.582986435524202,12.563641059361863,26.759146373146383
45.303879298430864,15.757528107808698,22.624575920431834,42.69023838854182,1.3003338618800098,-88.59202736845036,-46.582450036640445,-2.244019260952619,63.51037448217099,8.03355551685644,37.459033789465366,-31.755301045735816,68.76033687145872,-16.890244233098382,-30.988009210029965,4.641929922605715,-52.91998685033777,2.4071822933775646,10.727464130113466,27.467009990060998,-20.318282847907028,8.510932371359166,-20.448274083885323,-8.385372515644248,0.24293205015489894,-43.798903677596144,17.571958133858544,50.37824543510283,-31.011052566147363,25.825688493084606,59.872085673892165,20.477709447486145,-15.011201749545519,-36.764132416894604,38.79011324262781,50.94280306581956,28.175916222864277,-11.613949768224893,-77.89389063688111,-63.42662597815881,5.406335160647831,-29.895233791035565,-35.938739507133285,10.872559410964799,-16.866005025703725,4.452048972485269,25.00069365106719,-21.24565559647423,19.94267707004195,31.125646354356682,40.74981098465553,16.120320361983257,44.437373126390135,18.042411195380936,20.563212201166227,45.42567408472835
0.2159561742067839,-0.08730029880562043,-0.2132243296534406,1.3003338618800098,0.37376596177323146,-1.9476527342327425,-0.6670842268236901,0.191778298513231,1.0407259075581097,0.00403076977316655,0.40808537287103985,-0.7878260039617558,1.9407502288103238,-0.3752656581069807,-0.45462682054541903,0.04585008877294042,-0.8364054033319781,0.25563274241071887,-0.12317518623541578,0.4353891910633066,-0.9468082926940165,0.1865366031940011,-0.47554769209271996,-0.6076678761957631,0.14167856049031216,-0.9826190857697152,0.5520688291389674,0.9168037099997864,-0.3464578530057062,0.3570367370180735,0.6860920046563447,0.16163817772443406,-0.5390964384291311,-0.19302878844109606,1.251836618609714,1.1633952569104646,1.4332737549565369,-0.6679859293541143,-1.8868657922350993,-1.3828058730780908,0.05494706317599814,-1.0863847509322826,-0.7967010417231308,0.7546816824657955,-0.4244596319440337,0.3677827263285285,-0.08629489508019804,-0.5859308437533386,0.3279365714674014,0.4459220015891561,1.015148158105619,0.014251769223672182,0.9736197455511804,0.15875087967377974,0.1535787245779881,0.5404339638106218
-96.97425518831861,-34.21868125623518,-49.07803196276136,-88.59202736845036,-1.9476527342327425,185.616531891243,98.36720319685281,5.2802791243748795,-133.99252237574564,-17.293673373952164,-79.51214404403727,66.19408126470475,-143.1469830223601,35.5112861560256,65.65497642564664,-9.870137754932209,111.51524851929601,-4.616920556153764,-23.509872682227822,-58.06864504965312,41.286780170836956,-17.877790234425664,42.75417286007428,16.3225604268916,-0.25445361615075696,91.65722915702271,-36.50621297431053,-106.18518864500119,65.92468114186346,-54.76039527355616,-127.00324380615282,-43.75028494960033,31.20614224514696,78.25699901168241,-80.44305375260784,-106.7165458327737,-57.27932967129605,23.278971822277153,162.8991049881215,133.12290321427253,-11.542478867310301,61.6759286327364,75.40061571165103,-21.329757936217376,35.373176244094765,-8.864799571268218,-54.221804071563206,44.21379934948582,-41.92494820574394,-65.73044973032891,-85.24954666231405,-34.785373547512755,-93.22326147555937,-38.29625327660306,-43.98202451050517,-96.43072130323817
-52.103391119138536,-18.507132960811383,-26.736214704868026,-46.582450036640445,-0.6670842268236901,98.36720319685281,52.523169551096764,3.0399903810599365,-71.34103400928706,-9.321601984418306,-42.54089113495086,35.039395011976964,-75.39292182935074,18.769081173765876,34.95198492188373,-5.282632138891287,59.48157599952147,-2.2227213837605966,-12.75335553704119,-30.902075319644354,21.410945982238143,-9.459255629819932,22.645730461974328,8.31601545936431,0.03260892108107602,48.58169221831582,-19.1476709950041,-56.400753251221005,35.21595379577175,-29.17747327609365,-67.91887350333255,-23.415692832051974,16.232378821302547,42.184402718656536,-42.1807730547579,-56.481670462800516,-29.46754236912707,11.94625268628498,86.11030170541306,70.48251808737264,-6.154522311644804,32.23333226901515,39.90984332898395,-10.870813434680201,18.627270468881523,-4.358156828392243,-29.25032353860335,23.316882417235245,-22.377358884580843,-35.0961618769826,-44.997786421104095,-18.704383423575397,-49.36584413888367,-20.56333709460359,-23.541231101350853,-51.50512020170125
-3.474562854122095,-1.4043092193540105,-1.95237899047269,-2.244019260952619,0.191778298513231,5.2802791243748795,3.0399903810599365,0.3423645750781506,-4.138786464648619,-0.6574834895572987,-2.6080103996926463,1.7513039322453132,-3.7961146592991084,1.083221292853276,2.1477591952090003,-0.3294563028942361,3.3573838425148117,-0.004247667324328326,-1.0446227452743015,-1.8528794399621848,0.7335370020697631,-0.5342727268515077,1.1886491904918446,0.011011520650194125,0.06841225684410523,2.565903509938514,-0.953269163504126,-3.270346081036742,2.216839884969586,-1.8034047739164625,-4.140368042447391,-1.5533880291007278,0.858308680859775,2.5897704501609424,-2.0358691891860707,-3.0522986998867463,-1.09098977727411,0.29821895065176796,4.5572063257191475,3.9039275391102115,-0.4069099195717727,1.457047657621476,2.2061345046128333,-0.0897685612776712,1.04588356038404,-0.13530924410456427,-2.2098419362299424,1.15473702288904,-1.2183403463110891,-2.03442582643329,-2.4113582503640023,-1.3662912625051327,-2.7143751950506663,-1.239908959774202,-1.5888206940660918,-3.19250632224528
71.40480699140925,25.60149932263192,36.36210533362152,63.51037448217099,1.0407259075581097,-133.99252237574564,-71.34103400928706,-4.138786464648619,97.37455446895352,12.823849762873845,58.014820875484396,-47.447524343763945,103.00241104701028,-25.915560398246843,-48.068367770609676,7.214132359229969,-80.66942293018603,3.1873883517983237,17.785690822028773,42.39787054660373,-28.97216601970984,13.00088968823568,-30.81090601087183,-10.79023627725116,0.11344525231772842,-66.05226278387289,26.300648251032317,77.27495294514819,-48.31310183951061,40.10207038218236,92.62824568349276,32.260370419186465,-22.748031025063536,-56.8666401636491,57.76608918536623,77.17109661534677,40.65414733959057,-16.114538438369152,-117.58563464684742,-96.50837832093336,8.514377875022731,-44.11239729529175,-54.66926335611285,14.31664398796412,-25.7589236917761,6.393877079109084,40.586230976425135,-31.72450653943989,30.189544025402423,47.68431304383943,61.67373307019307,25.963061398817032,67.52079967853251,27.826240561372202,32.52438863094719,70.5432010472662
9.768953278075047,3.666013141921544,5.042760252281397,8.03355551685644,0.00403076977316655,-17.293673373952164,-9.321601984418306,-0.6574834895572987,12.823849762873845,1.790838312442852,7.724087787475265,-5.981219533498202,13.186435631290056,-3.4710502689165885,-6.484209845425162,0.9656269590740251,-10.455373492015395,0.365796304287983,2.6262961636613005,5.670731181958632,-3.414467781220972,1.7206544269800434,-3.9553456136574856,-0.987919342697594,-0.0033944576551236277,-8.47589097159566,3.387159819965262,10.234122261254516,-6.527792771583258,5.411932646720598,12.318895684427707,4.4400675191461545,-3.055658263121005,-7.447405785142377,7.358105816770845,10.024626520703473,5.014494899822624,-1.8102866718261665,-15.189676491628944,-12.638764262148275,1.1746195144278868,-5.550880805784031,-7.163838966773476,1.412523119984878,-3.4304897785553017,0.8491840264591436,5.825162772058041,-4.019675827205731,3.8517154852254345,6.236445478388446,8.03180139407009,3.70034617434029,8.815214247673149,3.6493046082589675,4.516419344541094,9.478357186396618
42.89668176464491,15.493872620338955,22.01519375329039,37.459033789465366,0.40808537287103985,-79.51214404403727,-42.54089113495086,-2.6080103996926463,58.014820875484396,7.724087787475265,34.69520813260225,-28.073482600523008,60.86415700011159,-15.392869581841781,-28.697107058830685,4.319061806222331,-48.04944781334565,1.7711804395275208,10.81079087411817,25.28002400498493,-16.861303145388703,7.721096667652795,-18.256168798430267,-6.0919032791564485,-0.0014058617567775527,-39.166484652130315,15.516732554445795,46.00112774502155,-28.908191449365294,23.953336475676135,55.37174256314273,19.35330434386503,-13.409009059723958,-34.08766474261753,34.05107872578778,45.77606865656784,23.640317714858952,-9.292660224436712,-69.68488415504717,-57.31114540637821,5.107869044150846,-25.91087720383829,-32.45331337292025,8.128693779686403,-15.28374993548003,3.654659222806294,24.543472087868647,-18.748783847456234,17.960640777105134,28.433466484875098,36.55082546711555,15.651080192618432,40.08709046720989,16.647974758846072,19.515873171604884,42.174519990699515
-33.82686136991414,-11.669861109140141,-17.159143455006976,-31.755301045735816,-0.7878260039617558,66.19408126470475,35.039395011976964,1.7513039322453132,-47.447524343763945,-5.981219533498202,-28.073482600523008,23.87260127499961,-51.06800683495176,12.413734378320331,22.948607193872252,-3.47357458553399,39.85423738093335,-1.643140404251104,-7.875423667823308,-20.395399447746954,15.146433935795516,-6.2911146925305195,15.297470255593456,6.463434079842057,-0.04138279044721992,32.799204532422884,-12.948380580436158,-37.43425906018178,23.06465435523982,-19.14663397883043,-44.85984599926164,-15.168068873315804,10.771330747381013,28.016732848030536,-28.674691052140897,-37.91386976466283,-20.4998242811209,8.646281012079825,57.97478986798592,47.094377345910836,-3.976708424556349,22.088908339223373,26.67022034201489,-8.26641210243721,12.35087150152778,-2.970324919174702,-18.423644588231713,15.859845705641554,-15.111911462114296,-23.405338403431397,-30.182085268558673,-11.859568794600708,-33.038663681521065,-13.664974798227798,-15.183261988680961,-33.850811975297994
74.03363493818831,26.021379795837227,37.02940782020664,68.76033687145872,1.9407502288103238,-143.1469830223601,-75.39292182935074,-3.7961146592991084,103.00241104701028,13.186435631290056,60.86415700011159,-51.06800683495176,110.99799920492484,-27.51679603693754,-50.52738846946126,7.551516059242222,-85.51395301996727,3.849710105344073,17.85435132921617,44.70018978306587,-32.351031098154664,13.82798513669404,-33.00270132743106,-12.905255397008684,0.3938151340364492,-70.68065401611123,28.415685325109685,81.82805268830077,-50.56538342396609,42.109876063889246,97.26157975525791,33.526492942333086,-24.517150931801837,-59.46037783148213,62.5904062089919,82.43622857142682,45.28159123846021,-18.369410809633827,-125.9235006171804,-102.81422728790731,8.862229276032977,-48.13598391092513,-58.26412962117855,16.88848008039655,-27.459226527883647,7.2962770253546205,41.32324116286836,-34.219940240288125,32.115823756567565,50.38603028479236,66.00158805085067,26.603181989832947,71.98285261264151,29.20446830644469,33.73509310913927,73.97364989106958
-19.145610173566446,-7.001747151512932,-9.5735849259944,-16.890244233098382,-0.3752656581069807,35.5112861560256,18.769081173765876,1.083221292853276,-25.915560398246843,-3.4710502689165885,-15.392869581841781,12.413734378320331,-27.51679603693754,7.0908322366832515,13.010338602970101,-1.9186563204459215,21.14817123313683,-0.9568448464342941,-4.946862210051357,-11.421851390315595,7.5879701613974975,-3.518939932620687,8.154497024088036,2.559938057043137,-0.1262824216079306,17.44026778662577,-7.113440792924591,-20.7510522078187,12.99314799000492,-10.83774488260531,-24.584758122046395,-8.75535425896764,6.431947189758155,14.679921021597563,-15.515904427027357,-20.60535432615321,-11.13835563575658,4.1930370204396485,31.350600322243228,25.8819848819759,-2.326442651095073,11.849203045882641,14.681753382844045,-3.528392367281087,7.0593498194193405,-1.9895167788643278,-11.170963585162308,8.390307287498302,-7.820504893512807,-12.55573310273629,-16.58090847588998,-7.164820603803174,-18.065511639620237,-7.251538305150331,-8.889810833382477,-18.91043077746528
-35.77075281966668,-13.116810206745637,-18.1237112019015,-30.988009210029965,-0.45462682054541903,65.65497642564664,34.95198492188373,2.1477591952090003,-48.068367770609676,-6.484209845425162,-28.697107058830685,22.948607193872252,-50.52738846946126,13.010338602970101,24.080263657476664,-3.5799154809144365,39.372537051077984,-1.6030592633961114,-9.269074866856718,-21.133156267731405,13.769203555466401,-6.474811451618599,15.05029300004829,4.587934148218084,-0.12977542407953868,32.242217213892005,-13.000153594758395,-38.36341925580423,24.152024510627907,-20.078262407296283,-45.80561549707143,-16.28172868683975,11.614815652583362,27.63719933645046,-28.38212739015592,-38.001177090086486,-19.97246983564984,7.545019372013642,57.788300768048806,47.74447696231701,-4.322892258983419,21.582048204534107,27.05896219243472,-6.310849888708691,12.942708675375254,-3.4089935257547572,-20.878139447549028,15.451446591850198,-14.584538583178697,-23.374198947605567,-30.50150548053722,-13.330014250398682,-33.335212535424624,-13.588260641367276,-16.499304918408992,-35.1434999549058
5.356013906512149,1.944654598640622,2.7466539038590883,4.641929922605715,0.04585008877294042,-9.870137754932209,-5.282632138891287,-0.3294563028942361,7.214132359229969,0.9656269590740251,4.319061806222331,-3.47357458553399,7.551516059242222,-1.9186563204459215,-3.5799154809144365,0.5383392402839785,-5.962137870081504,0.21863327081201475,1.3622060573744883,3.149004459051176,-2.075372798914738,0.9611660202807806,-2.2627149013466563,-0.7298262883315131,0.0023863246968115533,-4.856089797970165,1.9280141340415242,5.7258434938071385,-3.606732609685769,2.9879887357184143,6.891646375965662,2.419861708716498,-1.6765905109868744,-4.2287029392056725,4.226513797608482,5.686274082278562,2.92788780728382,-1.1396605388945895,-8.65381041945341,-7.1284228958819025,0.6405600936307612,-3.209719777245106,-4.035689703714154,0.9814768023046029,-1.9078072465570335,0.4596189929889227,3.083787959143144,-2.323719603653616,2.223306235897436,3.530767526693185,4.545280550244327,1.9634353896095893,4.983528430681393,2.066862151598867,2.441298584745233,5.256326889962466
-58.62288439539313,-20.67826254186631,-30.061429957930397,-52.91998685033777,-0.8364054033319781,111.51524851929601,59.48157599952147,3.3573838425148117,-80.66942293018603,-10.455373492015395,-48.04944781334565,39.85423738093335,-85.51395301996727,21.14817123313683,39.372537051077984,-5.962137870081504,67.43713210362407,-2.5352354495490026,-14.175643194630476,-34.855422660946424,24.527530593190573,-10.680078886210842,25.68994024717506,9.775230363983708,0.03908835537617155,55.121940389393984,-21.68916805434599,-63.70256840900634,39.67636242989141,-32.86875619938312,-76.72226775298425,-26.307872251592205,18.248086632775145,47.80645474871399,-47.85737834995036,-63.958426046520565,-33.51892217607629,13.75491835489472,97.57958322164636,79.71869935364182,-6.909981921012599,36.62112623875947,45.1330339231503,-12.68855089499018,21.001126783956288,-4.875077359235048,-32.6589990931995,26.491662621308024,-25.430609729932137,-39.73967618522342,-50.920936686122495,-20.89996889004552,-55.86204063035498,-23.289015696277673,-26.408306680596915,-58.07825502209161
2.0837036918285547,0.6979920347783302,0.8406597459371405,2.4071822933775646,0.25563274241071887,-4.616920556153764,-2.2227213837605966,-0.004247667324328326,3.1873883517983237,0.365796304287983,1.7711804395275208,-1.643140404251104,3.849710105344073,-0.9568448464342941,-1.6030592633961114,0.21863327081201475,-2.5352354495490026,0.2540636261419991,0.4747567254327866,1.4182972020043678,-1.253780060037823,0.46791875705376607,-1.0751933696572442,-0.5291905629613665,0.10437987278172074,-2.2714588625516074,1.0375341131332667,2.6305386973139027,-1.5274274669612422,1.320840127146776,2.8493375193482526,1.0051439291663538,-1.0096062119474347,-1.5116224079754212,2.268203470451207,2.7261357892934597,1.9548648233601984,-0.7644544601057177,-4.199762534539131,-3.4007968715651313,0.27502511065777685,-1.804535466593703,-1.9405575950894856,0.7116166925364332,-0.9788107559853343,0.45067180339876106,1.1532471050953248,-1.154588745908046,0.93081444664176,1.4890632589140445,2.254634744760975,0.7819689123824533,2.371019564145205,0.7931618724654765,1.0277147216870666,2.2330594080817154
14.070269204377375,5.526266249606823,7.257966623192239,10.727464130113466,-0.12317518623541578,-23.509872682227822,-12.75335553704119,-1.0446227452743015,17.785690822028773,2.6262961636613005,10.81079087411817,-7.875423667823308,17.85435132921617,-4.946862210051357,-9.269074866856718,1.3622060573744883,-14.175643194630476,0.4747567254327866,4.081090201755286,8.016263747157693,-4.191853469705415,2.4163833762436915,-5.327000524050382,-0.7012656614932717,0.023877619135828497,-11.41643253585794,4.648305299523601,14.332989665317697,-9.324062930746743,7.7332227350788605,17.22111533030572,6.46975407179402,-4.45488291920418,-10.101424661372961,9.964763569408921,13.753149921496384,6.647798775757956,-2.0938986539699935,-20.73556002009768,-17.530746773533743,1.732956577707912,-7.405609488124825,-9.938245133335384,1.251075978177821,-4.898722873265989,1.2954677410910342,8.834821925689408,-5.365048010090821,5.102654938014209,8.540028307744475,11.104893796489517,5.572265490234696,12.17311020292248,4.983493548283244,6.636138605609639,13.435258320068636
31.367428666329932,11.411013297252953,15.911982250232157,27.467009990060998,0.4353891910633066,-58.06864504965312,-30.902075319644354,-1.8528794399621848,42.39787054660373,5.670731181958632,25.28002400498493,-20.395399447746954,44.70018978306587,-11.421851390315595,-21.133156267731405,3.149004459051176,-34.855422660946424,1.4182972020043678,8.016263747157693,18.583545682607788,-12.329540577313956,5.697734278651531,-13.333971162854667,-4.290291245357918,0.09337048988034234,-28.561583470861283,11.473132953932796,33.77953652336775,-21.200895528644736,17.622996675227938,40.35957586629424,14.244532120384216,-10.146117117686414,-24.48592491764656,25.09602286397077,33.562805004390114,17.69319130483635,-6.794751404787787,-51.069352707401706,-42.091982706242426,3.7702918375065027,-19.126515276164298,-23.856945590829326,5.82065645452123,-11.34993926390711,2.9470747094671608,18.13712145606036,-13.6984124715148,12.958825009196673,20.663739933445846,26.89743482886806,11.597708089547881,29.41057750905131,12.022185818654167,14.416771554031278,30.89254924427374
-19.742876917373955,-6.456595007182079,-9.663601892728328,-20.318282847907028,-0.9468082926940165,41.286780170836956,21.410945982238143,0.7335370020697631,-28.97216601970984,-3.414467781220972,-16.861303145388703,15.146433935795516,-32.351031098154664,7.5879701613974975,13.769203555466401,-2.075372798914738,24.527530593190573,-1.253780060037823,-4.191853469705415,-12.329540577313956,10.278859840753142,-3.8699051091484993,9.591543451770999,4.900002542868438,-0.1623740604123835,20.537645127429816,-8.22525279688632,-22.859924617074075,13.733966636558593,-11.466797386566592,-26.98989945317062,-8.868302394780887,6.743816512901882,16.82078692399771,-18.3438613795197,-23.604010674247444,-13.766498403206882,6.080475117634062,36.29032359205284,29.133137301197518,-2.329942945294941,14.320338509107495,16.504958603702846,-6.140997856888887,7.614164295462865,-2.05001822309631,-10.213602967259256,10.08661482526414,-9.389528817857995,-14.294784032835992,-18.83465991771284,-6.670150618589087,-20.477398826087832,-8.249894503198433,-8.817227706901038,-20.25614165634485
9.542525856394233,3.4502068763881426,4.791951785720091,8.510932371359166,0.1865366031940011,-17.877790234425664,-9.459255629819932,-0.5342727268515077,13.00088968823568,1.7206544269800434,7.721096667652795,-6.2911146925305195,13.82798513669404,-3.518939932620687,-6.474811451618599,0.9611660202807806,-10.680078886210842,0.46791875705376607,2.4163833762436915,5.697734278651531,-3.8699051091484993,1.7547163652904656,-4.10885265606033,-1.3814356485121266,0.050069817565653846,-8.795614946328318,3.5583166942638558,10.373612965215463,-6.478760940582388,5.395971500022053,12.331714518209886,4.344207284673903,-3.158521876371246,-7.443047181028121,7.7879342292621585,10.340853187992238,5.57210611610716,-2.152973867548775,-15.750611992449713,-12.959960540160342,1.1519114498512677,-5.954003081196108,-7.347548416242922,1.8666983040947938,-3.5044940410199295,0.9502842567257788,5.492579597651943,-4.235006248685931,3.9715121650334617,6.325385562000941,8.300955371185431,3.522211029572268,9.055725460008048,3.6646181848463817,4.3962242484804985,9.44433074865622
-22.196471495667787,-7.788225701564879,-11.239820750593768,-20.448274083885323,-0.47554769209271996,42.75417286007428,22.645730461974328,1.1886491904918446,-30.81090601087183,-3.9553456136574856,-18.256168798430267,15.297470255593456,-33.00270132743106,8.154497024088036,15.05029300004829,-2.2627149013466563,25.68994024717506,-1.0751933696572442,-5.327000524050382,-13.333971162854667,9.591543451770999,-4.10885265606033,9.868379520595836,3.8772531475803858,-0.04694222495171455,21.141274979566056,-8.405646403443786,-24.397669408437846,15.10363468856507,-12.552688808710379,-29.168692408057527,-10.000887388492051,7.146922397552647,18.025608393215386,-18.537398491578553,-24.571413290227532,-13.242268211229002,5.424005857627129,37.51270110732404,30.607331952194468,-2.6274377551646326,14.248597691959223,17.3433295718282,-5.037429968632685,8.103713269002041,-2.025323525812745,-12.325431706221783,10.200425535001138,-9.68126248064111,-15.133418663396903,-19.60549611968686,-7.927331385493877,-21.44506205338665,-8.816167126704494,-10.054312568974096,-22.12085746951579
-6.333343562050695,-1.5380406078275208,-3.070153388029314,-8.385372515644248,-0.6076678761957631,16.3225604268916,8.31601545936431,0.011011520650194125,-10.79023627725116,-0.987919342697594,-6.0919032791564485,6.463434079842057,-12.905255397008684,2.559938057043137,4.587934148218084,-0.7298262883315131,9.775230363983708,-0.5291905629613665,-0.7012656614932717,-4.290291245357918,4.900002542868438,-1.3814356485121266,3.8772531475803858,3.133812671150079,-0.013331742718218636,8.310941949554394,-3.163823582662908,-8.240830258112833,4.590613286191696,-3.825743820541,-9.789605279850482,-2.6951838085622866,2.0885222564536607,6.705559911961648,-7.31652963464655,-9.08648112086005,-5.734038963078431,3.089459419542365,14.178365758478522,10.857599255703057,-0.6714852772984795,5.906151220901697,6.142287545773212,-3.673006001994439,2.569217900217926,-0.5350765491305867,-2.3279776659935387,4.173743170968846,-3.964259849959419,-5.535653213245692,-7.092923351711192,-1.6161479850662446,-7.735745803534015,-3.223777252236224,-2.5494722705501176,-6.977009213186342
-8.604925262133987e-4,0.009293626098442684,-0.17717817491204704,0.24293205015489894,0.14167856049031216,-0.25445361615075696,0.03260892108107602,0.06841225684410523,0.11344525231772842,-0.0033944576551236277,-0.0014058617567775527,-0.04138279044721992,0.3938151340364492,-0.1262824216079306,-0.12977542407953868,0.0023863246968115533,0.03908835537617155,0.10437987278172074,0.023877619135828497,0.09337048988034234,-0.1623740604123835,0.050069817565653846,-0.04694222495171455,-0.013331742718218636,0.09002101437493194,-0.09034710197558994,0.1543965622513137,0.18873367737059116,-0.07482993180479058,0.09567918111999357,0.005215183386013368,0.06283967978653102,-0.26201925666936887,0.23676392624865358,0.3141984536237359,0.20874900429248008,0.45068226001308115,-0.12360053751563155,-0.3472160334076479,-0.3024032812382137,0.03591724530150945,-0.25687359586415726,-0.17427474701025847,0.05932049978875224,-0.16710832897031783,0.20768171247718828,0.06736381748812811,-0.08963392062340604,-0.05347822798579201,-0.020478684347248973,0.25020968330516796,0.0559438590468568,0.19283876809679903,-0.06915551188209175,0.07406523210675965,0.08121949465124065
-47.612349700226076,-16.69892691612131,-24.139248241713496,-43.798903677596144,-0.9826190857697152,91.65722915702271,48.58169221831582,2.565903509938514,-66.05226278387289,-8.47589097159566,-39.166484652130315,32.799204532422884,-70.68065401611123,17.44026778662577,32.242217213892005,-4.856089797970165,55.121940389393984,-2.2714588625516074,-11.41643253585794,-28.561583470861283,20.537645127429816,-8.795614946328318,21.141274979566056,8.310941949554394,-0.09034710197558994,45.31562564980604,-17.989566949412982,-52.2719717426871,32.383343234948576,-26.895498712033636,-62.5694149595011,-21.43698277033816,15.252754261797454,38.726741839141816,-39.69267743345181,-52.642697728636186,-28.277958825391323,11.613577741166774,80.38265692037062,65.57896777866611,-5.638346353528756,30.4820181616356,37.14744623553112,-10.786550469220153,17.348831908374706,-4.284807680642476,-26.423623984783127,21.863605511066726,-20.779155437168114,-32.461430875109585,-41.99632626308515,-16.974133428508175,-45.950059306715914,-18.92873289737323,-21.532060115855188,-47.42204409621989
18.955867075594902,6.720443607705518,9.383702884405151,17.571958133858544,0.5520688291389674,-36.50621297431053,-19.1476709950041,-0.953269163504126,26.300648251032317,3.387159819965262,15.516732554445795,-12.948380580436158,28.415685325109685,-7.113440792924591,-13.000153594758395,1.9280141340415242,-21.68916805434599,1.0375341131332667,4.648305299523601,11.473132953932796,-8.22525279688632,3.5583166942638558,-8.405646403443786,-3.163823582662908,0.1543965622513137,-17.989566949412982,7.3174393221076155,20.980817623801997,-12.972700711895476,10.82642357848526,24.798259504046786,8.63575380429857,-6.442598148824994,-14.959723712602168,16.072919182803872,21.089570685582643,11.73835935469623,-4.665153158435874,-32.20463468341459,-26.35955642270939,2.294588322729654,-12.356245011952852,-14.943467142377084,4.197898807333182,-7.115355038273472,2.0044735335802715,10.710602799825516,-8.723844487927291,8.101101475499842,12.800128817176732,16.94593346694953,6.899059211320309,18.434254661492503,7.381747302585969,8.7125546021113,18.945270725256023
56.820856952037154,20.511166635413865,28.758843917363333,50.37824543510283,0.9168037099997864,-106.18518864500119,-56.400753251221005,-3.270346081036742,77.27495294514819,10.234122261254516,46.00112774502155,-37.43425906018178,81.82805268830077,-20.7510522078187,-38.36341925580423,5.7258434938071385,-63.70256840900634,2.6305386973139027,14.332989665317697,33.77953652336775,-22.859924617074075,10.373612965215463,-24.397669408437846,-8.240830258112833,0.18873367737059116,-52.2719717426871,20.980817623801997,61.50481759908724,-38.482670419180224,31.989816724924136,73.45138364077839,25.77605240132068,-18.421206126874964,-44.683966073494624,45.9782609000822,61.30077913683212,32.55862750123246,-12.687906929138574,-93.36486594271098,-76.7826683548622,6.823155872474452,-35.09920772559529,-43.51056506411662,11.066837409118488,-20.64759371066244,5.353879191280062,32.590663927684844,-25.12216384350435,23.74419130295005,37.7071639165012,49.10828823214657,20.858425455463948,53.67620014701492,21.931909830221027,26.04309766655582,56.121820764275334
-36.03691396924912,-13.209484601500865,-18.37776750275393,-31.011052566147363,-0.3464578530057062,65.92468114186346,35.21595379577175,2.216839884969586,-48.31310183951061,-6.527792771583258,-28.908191449365294,23.06465435523982,-50.56538342396609,12.99314799000492,24.152024510627907,-3.606732609685769,39.67636242989141,-1.5274274669612422,-9.324062930746743,-21.200895528644736,13.733966636558593,-6.478760940582388,15.10363468856507,4.590613286191696,-0.07482993180479058,32.383343234948576,-12.972700711895476,-38.482670419180224,24.276872357251538,-20.148045135460574,-46.130421652245836,-16.35780668175176,11.495075390047413,28.005113811243294,-28.347340741068244,-38.09810760893681,-19.754459287018403,7.503370052016935,57.929566082960655,47.85490600110859,-4.3392840027647885,21.518273691643152,27.109137950303655,-6.288704510121791,12.919332903179674,-3.27359712695819,-20.99615567847749,15.492798401175342,-14.720329173117493,-23.54645462620252,-30.531829129102434,-13.37894843305375,-33.42221133617247,-13.734269430759682,-16.55519808675973,-35.33086753359503
29.857460216889827,10.946947754916321,15.153538739824217,25.825688493084606,0.3570367370180735,-54.76039527355616,-29.17747327609365,-1.8034047739164625,40.10207038218236,5.411932646720598,23.953336475676135,-19.14663397883043,42.109876063889246,-10.83774488260531,-20.078262407296283,2.9879887357184143,-32.86875619938312,1.320840127146776,7.7332227350788605,17.622996675227938,-11.466797386566592,5.395971500022053,-12.552688808710379,-3.825743820541,0.09567918111999357,-26.895498712033636,10.82642357848526,31.989816724924136,-20.148045135460574,16.743403665441907,38.23181000139724,13.580578121305837,-9.652891889171558,-23.10416363240901,23.641019753364386,31.68412173242595,16.598186114475187,-6.278610780764004,-48.17937768152117,-39.80350973575626,3.603957328742632,-17.971423299649025,-22.556824923381836,5.256474051071091,-10.77790617019499,2.8125406568192397,17.41729984070633,-12.882978793916338,12.180878142763051,19.51191186219036,25.419945900801565,11.11643480706983,27.7932894710037,11.352157868045254,13.75878232710179,29.31997186211728
68.42605367739375,24.69419744039583,35.09481643955294,59.872085673892165,0.6860920046563447,-127.00324380615282,-67.91887350333255,-4.140368042447391,92.62824568349276,12.318895684427707,55.37174256314273,-44.85984599926164,97.26157975525791,-24.584758122046395,-45.80561549707143,6.891646375965662,-76.72226775298425,2.8493375193482526,17.22111533030572,40.35957586629424,-26.98989945317062,12.331714518209886,-29.168692408057527,-9.789605279850482,0.005215183386013368,-62.5694149595011,24.798259504046786,73.45138364077839,-46.130421652245836,38.23181000139724,88.37565860303187,30.873713748133266,-21.42878115869946,-54.39702214412285,54.423558919876506,73.12124743707024,37.83966522415783,-14.888601558886876,-111.31986369928005,-91.53080398055982,8.145834016949054,-41.433642335798886,-51.83469959913325,13.0521694211201,-24.407361655951227,5.857561179886219,39.11742524343025,-29.95985601316715,28.684375296166053,45.39632044710079,58.38580605169044,24.956202910965974,64.0255152004228,26.571064052869232,31.13461904498777,67.31009611368178
24.349224702384632,9.0656649239966,12.419457358466913,20.477709447486145,0.16163817772443406,-43.75028494960033,-23.415692832051974,-1.5533880291007278,32.260370419186465,4.4400675191461545,19.35330434386503,-15.168068873315804,33.526492942333086,-8.75535425896764,-16.28172868683975,2.419861708716498,-26.307872251592205,1.0051439291663538,6.46975407179402,14.244532120384216,-8.868302394780887,4.344207284673903,-10.000887388492051,-2.6951838085622866,0.06283967978653102,-21.43698277033816,8.63575380429857,25.77605240132068,-16.35780668175176,13.580578121305837,30.873713748133266,11.09446153589624,-7.800507250135766,-18.569413588437865,18.793106641652653,25.358238954153745,13.026806685754993,-4.776753328740731,-38.495039569037495,-31.95363060538679,2.9515690004378303,-14.211595811038961,-18.105611942002053,3.808119135253957,-8.702636948546605,2.2546749419163756,14.436876092103196,-10.226502450209425,9.695372144733541,15.661805393342087,20.366177721990912,9.181673353570563,22.28732084271162,9.125985164139594,11.264805900920614,23.752189371639716
-16.782450172459892,-6.2187109384504815,-8.101067553216424,-15.011201749545519,-0.5390964384291311,31.20614224514696,16.232378821302547,0.858308680859775,-22.748031025063536,-3.055658263121005,-13.409009059723958,10.771330747381013,-24.517150931801837,6.431947189758155,11.614815652583362,-1.6765905109868744,18.248086632775145,-1.0096062119474347,-4.45488291920418,-10.146117117686414,6.743816512901882,-3.158521876371246,7.146922397552647,2.0885222564536607,-0.26201925666936887,15.252754261797454,-6.442598148824994,-18.421206126874964,11.495075390047413,-9.652891889171558,-21.42878115869946,-7.800507250135766,6.1060564579756775,12.309450905711111,-13.972231784252203,-18.255811261843792,-10.397472186473783,3.7507546732825188,27.78599482905305,23.034775314502742,-2.102512739870492,10.689834607004107,13.08018346995055,-3.0016107537570527,6.4562767539714425,-2.120640325668891,-10.01701743991917,7.39752700096785,-6.654584670553032,-10.865834325381629,-14.842087192693988,-6.448367145017321,-16.0357397288741,-6.171002158324498,-7.963583837434661,-16.667366201404462
-41.6899372059706,-14.747179136664064,-21.8130031520758,-36.764132416894604,-0.19302878844109606,78.25699901168241,42.184402718656536,2.5897704501609424,-56.8666401636491,-7.447405785142377,-34.08766474261753,28.016732848030536,-59.46037783148213,14.679921021597563,27.63719933645046,-4.2287029392056725,47.80645474871399,-1.5116224079754212,-10.101424661372961,-24.48592491764656,16.82078692399771,-7.443047181028121,18.025608393215386,6.705559911961648,0.23676392624865358,38.726741839141816,-14.959723712602168,-44.683966073494624,28.005113811243294,-23.10416363240901,-54.39702214412285,-18.569413588437865,12.309450905711111,34.42223769570315,-33.05383262975941,-44.737445024095656,-22.501932533433827,9.32687886946094,68.17558654083862,55.72214695583663,-4.8459114625718005,25.1959629194977,31.527611771700936,-8.64004586668154,14.503123989726102,-2.9487044338382113,-23.183116517326148,18.49264554934647,-18.091020244260392,-28.177992972979332,-35.441457777441926,-14.772478313362978,-39.07755648623248,-16.659642318893304,-18.61089589151548,-41.02201703567236
41.37069998545866,14.51963294607563,20.50229662208651,38.79011324262781,1.251836618609714,-80.44305375260784,-42.1807730547579,-2.0358691891860707,57.76608918536623,7.358105816770845,34.05107872578778,-28.674691052140897,62.5904062089919,-15.515904427027357,-28.38212739015592,4.226513797608482,-47.85737834995036,2.268203470451207,9.964763569408921,25.09602286397077,-18.3438613795197,7.7879342292621585,-18.537398491578553,-7.31652963464655,0.3141984536237359,-39.69267743345181,16.072919182803872,45.9782609000822,-28.347340741068244,23.641019753364386,54.423558919876506,18.793106641652653,-13.972231784252203,-33.05383262975941,35.39326152679393,46.374930121857886,25.856198498745098,-10.463181417599762,-70.88397377058263,-57.86270090564729,4.98708060570508,-27.24573854528891,-32.79180742583887,9.599116450898503,-15.529662948942423,4.289037481521498,23.10853365299407,-19.27280926044713,17.945823350321543,28.18992783395475,37.2093108970427,14.893520470629012,40.49721672338986,16.280636896199706,18.91238549546353,41.451106951367066
56.02874291440873,19.90499083912396,28.24839014233827,50.94280306581956,1.1633952569104646,-106.7165458327737,-56.481670462800516,-3.0522986998867463,77.17109661534677,10.024626520703473,45.77606865656784,-37.91386976466283,82.43622857142682,-20.60535432615321,-38.001177090086486,5.686274082278562,-63.958426046520565,2.7261357892934597,13.753149921496384,33.562805004390114,-23.604010674247444,10.340853187992238,-24.571413290227532,-9.08648112086005,0.20874900429248008,-52.642697728636186,21.089570685582643,61.30077913683212,-38.09810760893681,31.68412173242595,73.12124743707024,25.358238954153745,-18.255811261843792,-44.737445024095656,46.374930121857886,61.48035114209376,33.144680314818686,-13.270202579291176,-93.79305318823566,-76.79314243456088,6.699911721944052,-35.54572708861509,-43.51296400057762,11.983242102662992,-20.523854189524734,5.312933154665873,31.59261834720965,-25.391123186774227,23.966785780710744,37.7512747597574,49.195602502770186,20.278082582388716,53.74102094550605,21.94269761348551,25.549230203574055,55.67490904135366
28.38733300769113,9.776226133332509,13.540648282498106,28.175916222864277,1.4332737549565369,-57.27932967129605,-29.46754236912707,-1.09098977727411,40.65414733959057,5.014494899822624,23.640317714858952,-20.4998242811209,45.28159123846021,-11.13835563575658,-19.97246983564984,2.92788780728382,-33.51892217607629,1.9548648233601984,6.647798775757956,17.69319130483635,-13.766498403206882,5.57210611610716,-13.242268211229002,-5.734038963078431,0.45068226001308115,-28.277958825391323,11.73835935469623,32.55862750123246,-19.754459287018403,16.598186114475187,37.83966522415783,13.026806685754993,-10.397472186473783,-22.501932533433827,25.856198498745098,33.144680314818686,19.7377590631458,-8.027481192403148,-50.795010435327995,-41.28915625217836,3.4753881870940977,-20.09429661398237,-23.430808130359683,7.507385750202896,-11.211742589807091,3.5532134663766763,15.657962542075689,-13.890752905603897,12.557206900168786,19.69917722743298,26.749381194918726,10.207885538707906,28.891781109155172,11.202462215591927,13.126409873195533,28.919190647633805
