V1,V2,V3,V4,V5,V6,V7,V8,V9,V10,V11,V12,V13,V14,V15,V16,V17,V18,V19,V20,V21,V22,V23,V24,V25,V26,V27,V28,V29,V30,V31,V32,V33,V34,V35,V36,V37,V38,V39,V40,V41,V42,V43,V44,V45,V46,V47,V48,V49,V50,V51,V52,V53,V54,V55,V56
624.6301518238499,135.16770736109538,-626.9897687970101,-185.80974096658937,-170.8265273958033,-847.2504689324167,52.17127516880086,-39.898291094012045,-237.1303547760569,-410.4554360202653,618.0087315554579,393.329654560659,-628.8133058567068,951.1077613514492,112.1551863123145,229.14303672280664,-382.40330258070037,-504.6534381162986,138.50897458221965,-724.6488809622059,19.95936694388866,-247.0753150205569,894.9575441172027,611.9166706924266,777.2047949874809,642.767485335251,-37.133466351969524,-460.99712687949904,-636.5624930323708,-58.61587245165214,573.8940047083348,384.5984430059587,399.82668451251743,-49.25700984522885,579.5075406447768,-486.9230947772761,-815.451196257793,-357.48723413455,-451.6574754818714,-462.9359989934585,796.0544241521239,1039.4066292606635,423.97714753772095,-717.1903737256989,-714.6553899597893,-277.9499257285549,841.3934369342574,-319.5164664388429,-152.99703336519696,-262.5144212806295,515.7300439802517,-532.2125994705306,115.49400439362896,44.54385665307205,-557.7317526170217,16.951817613022676
135.16770736109538,29.545269512957628,-135.2936765774241,-40.38529854375331,-36.88125218791316,-182.78402429006147,11.453963464239823,-8.6409921858894,-51.17478026464736,-88.45813232503548,133.5854024916134,85.27857795339364,-136.17020487914183,205.4942654075344,24.06670219249744,49.39805816392438,-82.23667194044364,-108.95449830367558,30.492967466622726,-156.43671987858121,4.789384118891901,-53.32792958923244,193.58044187870158,132.92380713953625,167.90926051517295,139.11070734924286,-7.965403519665977,-99.40222067918594,-137.72833622973263,-12.423968203074342,124.02073888298865,83.38513054476311,86.13033463362761,-10.454628594324221,124.97900969825407,-105.37072857970854,-176.29914874281096,-77.04352307042126,-97.20471955227237,-99.91727391521317,172.04535500205552,224.6459003104831,91.49077121431795,-155.33088089946943,-154.4795169390077,-59.90992311181252,182.37832058160882,-68.75485048995479,-33.247096020045085,-56.67051237313151,111.48552699607657,-114.71485879781675,24.89088131685176,9.263863136970802,-120.22527172052497,3.8677919613628213
-626.9897687970101,-135.2936765774241,632.2858448198604,186.1408142376969,171.0976479289074,853.4176603851424,-53.00978606975051,39.55624187015124,238.98245435937386,413.1517234631171,-621.5043387661376,-395.53562753042115,632.1531537843415,-957.7932964032632,-113.46370507141573,-230.21955170011162,384.32469282642404,507.4379719539759,-139.4068159466678,729.7243472664446,-19.341643879797992,248.6447866354763,-901.0706943581337,-615.676670012802,-782.4383702101878,-646.7675770168116,36.86918102167307,464.10785242785346,640.1969706962756,59.20045399606331,-576.6283636911426,-386.77551266950144,-402.0811207972757,48.892330655020885,-583.8755774855108,490.17299876213514,819.3370712478791,360.969402924488,454.7089691083566,465.7077084989027,-801.1372881307426,-1045.1915211367925,-426.47051653114085,720.4585121914951,719.3059541283222,279.3678877432199,-845.8183031018951,321.56815801408885,154.04759514723588,264.1248231822167,-519.5787057662333,536.5988500065046,-116.22853096346832,-43.72115530696857,562.0402486832087,-16.28851232352395
-185.80974096658937,-40.38529854375331,186.1408142376969,55.41073178288872,50.80672899526272,251.64093542365632,-15.545988144723303,11.898428490311337,70.41203018234859,121.8418250507818,-183.74810898291042,-117.04971469752691,187.14396945877976,-282.70024878960794,-33.253877220210505,-68.0376730912224,113.49753634482178,149.97207595480938,-41.50363669261863,215.29378878293426,-6.255174621729309,73.40794661523434,-266.103511050507,-182.27764768976925,-230.93839561883308,-191.15236529574108,11.043047201128322,136.90711848129664,189.3023424082058,17.287792134818872,-170.63949094305346,-114.46965787577301,-118.76544730681927,14.667536297157818,-172.00946248968316,144.8375831402458,242.5651682199413,106.09581859617313,133.9538978186051,137.4693131178388,-236.60568510013005,-309.0185523155559,-125.96606102308505,213.3747486275003,212.3859557267523,82.60034186209876,-250.4049176555265,94.78104554842996,45.53737950107021,77.94359186074614,-153.25353064527593,158.017253165206,-34.25959768990989,-13.069915933282713,165.6006897067606,-5.176588652708749
-170.8265273958033,-36.88125218791316,171.0976479289074,50.80672899526272,46.84903877744251,231.50653115727914,-14.023429436817663,11.001710121343276,64.72854298332079,112.22006701428079,-168.92056787323705,-107.33150835621377,171.80324932514998,-259.78652012522554,-30.651335389009017,-62.71119056682832,104.8108596047665,138.0065575510009,-37.57235455703705,197.97513719361044,-5.3653450391696,67.53666847642599,-244.33444561873296,-166.8475048346913,-212.26307658354847,-175.4831665884942,10.279714798400326,126.02647869958848,173.88311958319497,16.10495378799846,-156.97605089273594,-104.97214979172142,-109.48062813769188,13.782908089472642,-158.26170557678682,132.94526003585295,223.04933817658622,97.56015383330733,123.51117152191418,126.50765275034718,-217.44790159181537,-284.1082389225309,-115.93581107372442,195.94211419099702,195.14973144267597,76.13043350312542,-229.7192081058467,87.4141685554214,41.649393655129714,71.70069902095427,-140.74511105918094,145.39774224095865,-31.562857767669446,-12.542614809174458,152.40510138953823,-4.6642690445191395
-847.2504689324167,-182.78402429006147,853.4176603851424,251.64093542365632,231.50653115727914,1153.6106205661515,-70.8378655707483,53.57849385300946,322.41539501429764,557.9877188869157,-840.208401319425,-533.9373487339097,854.6442039938414,-1294.6699257019834,-153.63766605348653,-310.899384077986,520.1139332681504,685.8602107822971,-188.58309767522792,986.0446800977635,-26.39842747487024,336.0187902901688,-1217.4960395687979,-831.8434620377711,-1056.7506616925186,-873.4753174395171,50.05719584443516,627.1094217196166,864.9731520392779,80.03853832671238,-779.7367594671454,-522.5505956974379,-544.147797975866,67.66904463325976,-788.1383636725282,662.5102679292884,1108.2644872245598,487.75395230206414,613.9215602878684,628.6554064739701,-1082.2945920316458,-1412.5327195512841,-576.3018566868354,972.965334205991,971.293858976162,378.26845513173623,-1142.5647626536195,434.30374321930384,207.54027763499136,356.0919682695077,-701.6798067990283,725.3547439080339,-156.81985180213718,-59.1663047950356,759.6251547237741,-22.129014972210996
52.17127516880086,11.453963464239823,-53.00978606975051,-15.545988144723303,-14.023429436817663,-70.8378655707483,4.880064208461119,-3.1915680032835616,-20.068161433709093,-34.33809158577604,51.632191004304545,33.31336430214117,-52.67506825608674,79.72328737231109,9.29721531614479,19.097401566352367,-31.38602087864029,-42.089947298278005,11.999290684262377,-60.742401655628306,1.8086770694924152,-20.65603564046404,75.31118121192773,51.86473647894463,65.36989379942943,54.200385085560164,-2.883436794046153,-38.52962308592496,-53.456057008590896,-4.754204344921136,47.750432066304285,32.43781010257275,32.985270796919266,-3.3227346096767363,48.806238184691125,-40.93226789231053,-67.8070008567634,-30.075415310491536,-37.75756849960495,-38.887613407366004,66.85394579847866,86.94288474039136,35.39709591522103,-60.317342634845076,-60.2011142918725,-22.864514407099353,70.91115595422599,-26.634567790438894,-13.190519928972323,-22.212175548083852,43.5287246711211,-44.5249887070953,9.705834079087033,3.180114161265755,-46.643983563526376,1.37953196034073
-39.898291094012045,-8.6409921858894,39.55624187015124,11.898428490311337,11.001710121343276,53.57849385300946,-3.1915680032835616,2.6502013980840897,15.003228429374202,26.079129402623423,-39.23237474427021,-24.95102474603478,39.89887250749889,-60.1208563512066,-7.002530592134916,-14.65309212321007,24.413059262809277,32.09736452856325,-8.606292753757257,45.86697334701475,-1.285946530674586,15.67583274653363,-56.5817137211937,-38.6273574463957,-49.236663953551854,-40.72970084937673,2.46901839665566,29.2403756359218,40.39664492489654,3.732578995870089,-36.542934605444245,-24.364715629985817,-25.431086524886847,3.2295093094016574,-36.69318959706339,30.777092088079485,51.88615365565381,22.442328474408587,28.7238124604344,29.44993545338196,-50.458168278590804,-66.0424458704077,-26.952358587807222,45.68486435772763,45.298549872749916,17.69154981373542,-53.40294897927266,20.339708773405302,9.666076467880698,16.71727929104412,-32.571087349333126,33.570865693325956,-7.351429205807882,-3.1673691999004174,35.250263953824785,-1.1833557874378258
-237.1303547760569,-51.17478026464736,238.98245435937386,70.41203018234859,64.72854298332079,322.41539501429764,-20.068161433709093,15.003228429374202,90.37734839512645,156.2204809829124,-234.8779659591919,-149.56835435929216,238.90333694364327,-361.8548181158701,-42.792671515888976,-87.10481423876061,145.25474604138444,191.82700957657775,-52.562577290007226,275.7666885486561,-7.29260506404348,93.98081042231783,-340.48811145107123,-232.613164040185,-295.76674160906106,-244.4985207932765,13.975346309353347,175.43156287239609,241.99352429903607,22.38481120315238,-217.95443252702162,-146.17847346798146,-151.92311594963098,18.349278283771685,-220.74288498433768,185.2004048040524,309.65272759352814,136.3056134423333,171.95756307290034,176.13667679276634,-302.81593201747364,-395.09840045327513,-161.23092777615815,272.4874354518286,271.9348932315663,105.5406728664144,-319.7492707535086,121.60804328248268,58.27775345762525,99.96783412171615,-196.34676537830094,202.68726290053294,-43.9657238444158,-16.706521623068586,212.3507365948143,-6.195244611801755
-410.4554360202653,-88.45813232503548,413.1517234631171,121.8418250507818,112.22006701428079,557.9877188869157,-34.33809158577604,26.079129402623423,156.2204809829124,270.3534686224756,-406.5201503284443,-258.5293261890554,413.3496653884014,-626.057965280666,-74.09619293825607,-150.80629602450384,251.83191689382386,332.061690689783,-90.63579264396185,477.1212784242679,-12.5035792814438,162.64505555774738,-588.8792578249611,-402.0244920394048,-511.58000789294874,-422.7876361921289,24.35017767576074,303.60594370476457,418.63778762242123,38.84410798228936,-377.3866916528592,-252.77381471949965,-263.2396956506236,32.33514186788203,-381.78495170528146,320.3226685343743,536.1523505041052,235.74379383427956,297.63865763600194,304.7291739754842,-523.8452545121194,-683.7358513574892,-279.06430247321174,471.33137838864405,470.29950228404397,182.91981639623833,-552.9604807771402,210.53579764175794,100.56320222585435,172.82422240203567,-339.50757371087803,350.7351983471872,-76.07072264810864,-29.349025844558312,367.47544037088437,-10.7660461436463
618.0087315554579,133.5854024916134,-621.5043387661376,-183.74810898291042,-168.92056787323705,-840.208401319425,51.632191004304545,-39.23237474427021,-234.8779659591919,-406.5201503284443,612.3822969229394,389.3764473736573,-623.0941411982002,943.1764905211292,111.65736081161894,226.65371971671357,-378.9118238739773,-499.8758007166652,137.63403081566145,-718.3332290361741,19.658882621051468,-244.83359881453677,887.1663796408279,606.5334253938569,770.0230607578989,636.7007087441731,-36.59152304171514,-456.8445790639356,-630.5385402938292,-58.15047296151236,568.4366370547465,381.00600340232086,396.41374080261625,-49.258638686830594,574.0912296170388,-482.7866564398211,-807.948557890309,-354.9482434531153,-447.19480228745874,-458.18294663916913,788.7199559489696,1029.6060398252462,419.97556240095173,-709.6614187831196,-707.8622378739236,-275.61027178160737,833.1907774548037,-316.3761276041055,-151.3685382081851,-259.5856922949652,511.1986252566024,-528.0948652545904,114.26968209451056,43.310390847424614,-553.1588378199345,16.446308550460426
393.329654560659,85.27857795339364,-395.53562753042115,-117.04971469752691,-107.33150835621377,-533.9373487339097,33.31336430214117,-24.95102474603478,-149.56835435929216,-258.5293261890554,389.3764473736573,248.14581094610813,-396.36657991874694,599.6258694982512,70.70197623934897,144.19734565208586,-240.37965205221047,-317.82307928621043,87.84314240156057,-456.7536418334055,12.775393337891698,-155.6652114961035,564.4271383978052,386.3389662540803,489.9779124533066,405.3638812900354,-23.15622444065745,-290.4205811015955,-401.256140602744,-36.77726234325224,361.35704266594405,242.5970629506717,251.56987115579443,-30.47576913135388,365.3197717920105,-307.09858515248993,-513.516415881211,-225.5308055599898,-284.3845492245199,-291.65914283246497,501.8023612130264,654.8734731816681,267.0372998325877,-452.0000953421711,-450.5871778155714,-174.84978959331832,530.5925848564059,-201.12661260063805,-96.70260316817406,-165.46326902634934,325.3284706176514,-335.4819870970882,72.74533218381929,27.329305159255423,-351.49086520721374,10.606579262020377
-628.8133058567068,-136.17020487914183,632.1531537843415,187.14396945877976,171.80324932514998,854.6442039938414,-52.67506825608674,39.89887250749889,238.90333694364327,413.3496653884014,-623.0941411982002,-396.36657991874694,634.2777922947263,-959.71365634685435,-113.54651011032631,-230.43064726926846,385.15969778366656,508.4849215102609,-140.61065657483434,730.7627118268892,-20.449414007806322,249.04978376786713,-902.8581080547378,-617.773689144594,-783.3710571205481,-647.9672939823488,37.1673422685935,464.63724671242113,641.6398584916225,58.96281363945641,-578.3193474743107,-387.8781456658012,-403.15159599985196,50.06056358290221,-583.7923566184724,491.41329076028165,822.1695360235996,361.0334517959157,454.51645653388545,465.92713714605594,-802.4653840300355,-1047.5687656069283,-427.1781340939568,722.2036106160944,720.1679713236516,280.33721584673685,-848.1328943103861,321.57099383946525,154.1279353726975,263.9626683801591,-520.1303894591608,537.14726028395,-116.14475790215113,-43.615524481621236,562.6116836104032,-16.860063026523118
951.1077613514492,205.4942654075344,-957.7932964032632,-282.70024878960794,-259.78652012522554,-1294.6699257019834,79.72328737231109,-60.1208563512066,-361.8548181158701,-626.057965280666,943.1764905211292,599.6258694982512,-959.71365634685435,1453.3702761720117,172.3665003058717,348.79616116364514,-583.3739581323505,-769.758142382407,212.36642345496,-1106.7342828547642,30.158993265621888,-377.12219933310087,1366.9290786697486,934.5610328760257,1186.1567683218432,980.7149055792087,-56.10632002531392,-703.7320336364312,-971.0894174901109,-89.59766566603831,875.2176326361854,586.8556447938557,610.5640722550969,-75.81147765481855,884.3743613549561,-743.91634356978,-1244.1563048120188,-547.3790285167582,-688.6029113998993,-705.427503427644,1214.9032205568428,1585.6029516824312,646.764538587417,-1092.417566562285,-1090.2907773288923,-424.4800055783315,1283.0776754886297,-487.14395711201007,-233.1439729243164,-399.58566729261264,787.6915085169045,-814.0131569972021,175.90945716798115,65.88493133116334,-852.4467681153777,24.996155457996586
112.1551863123145,24.06670219249744,-113.46370507141573,-33.253877220210505,-30.651335389009017,-153.63766605348653,9.29721531614479,-7.002530592134916,-42.792671515888976,-74.09619293825607,111.65736081161894,70.70197623934897,-113.54651011032631,172.3665003058717,20.691917866504266,41.16036164725788,-69.24311882919197,-91.09613851088885,25.102795501413812,-131.1740912411294,3.378459429149898,-44.6701379795812,161.87590021659437,110.4492680285605,140.3437225183657,115.9036530590015,-6.603503119787424,-83.40140023379023,-114.79123988908715,-10.72425099616129,103.54388669401874,69.32691632112618,72.51957967719079,-9.326336056935348,104.65399163100003,-88.13941907279191,-147.3005319059269,-65.14098583267646,-81.46898311934795,-83.28389645774679,143.7512450550958,187.56903809977993,76.55704976602895,-128.76521957801444,-128.8825492624344,-50.43135682423099,151.44711508354135,-57.65930514744981,-27.399460090800066,-47.05801139035966,93.25548169030567,-96.76225614143661,20.75683995408545,7.61198969124659,-101.22020055532745,2.754384317328379
229.14303672280664,49.39805816392438,-230.21955170011162,-68.0376730912224,-62.71119056682832,-310.899384077986,19.097401566352367,-14.65309212321007,-87.10481423876061,-150.80629602450384,226.65371971671357,144.19734565208586,-230.43064726926846,348.79616116364514,41.16036164725788,84.22326456314119,-140.49626737204463,-185.2131665064284,50.33290903434027,-265.913182851937,6.969581211337661,-90.68188699480399,328.14400384276036,223.96934691547045,285.2180509073456,235.72695731467167,-13.669841475076783,-169.27013262849385,-233.44573991225823,-21.663817671780023,210.5092325182986,140.91491621612215,146.75714832188538,-17.98307161560632,212.87791522358884,-178.46405063690898,-298.98916898380844,-131.19521114785894,-166.07916128600536,-170.0577305156675,292.0576138994677,381.31202054907914,155.64702709352395,-263.05004672265784,-262.2496319528901,-101.97368235843022,308.38019221204956,-117.48036155726152,-56.08920058469674,-96.50269950576036,189.18785546425633,-195.32577952112578,42.46608821881342,16.710044236720925,-204.73278337603537,6.109895689556689
-382.40330258070037,-82.23667194044364,384.32469282642404,113.49753634482178,104.8108596047665,520.1139332681504,-31.38602087864029,24.413059262809277,145.25474604138444,251.83191689382386,-378.9118238739773,-240.37965205221047,385.15969778366656,-583.3739581323505,-69.24311882919197,-140.49626737204463,235.32962757659425,309.5271383631982,-84.16489206399545,444.4967093658795,-11.552953673741515,151.56738114665546,-548.3341591324563,-373.99286332713274,-476.253650287611,-393.4441602771087,22.903988724111358,282.9273726751973,389.84211808871714,36.34643564311651,-351.9361062763073,-235.26151527849214,-245.87052326087607,31.18339795201055,-355.28066815748934,298.3557716925566,500.1243391683746,219.60069033307573,277.2210109958384,283.6117409971879,-487.81543568463655,-637.0850310847068,-260.07550788163365,438.65376465015834,437.68189896557675,170.94711073476776,-514.6246280399738,196.18919940740253,93.21119705650204,160.59625363694,-315.94762112242455,326.9475979729635,-70.77687480742247,-27.744999646907747,342.5119166997433,-10.038317777691878
-504.6534381162986,-108.95449830367558,507.4379719539759,149.97207595480938,138.0065575510009,685.8602107822971,-42.089947298278005,32.09736452856325,191.82700957657775,332.061690689783,-499.8758007166652,-317.82307928621043,508.4849215102609,-769.758142382407,-91.09613851088885,-185.2131665064284,309.5271383631982,408.1726374606895,-111.91522150071586,586.4184676006792,-15.801215039828197,199.90223879713685,-724.0265856264074,-494.6875537794492,-628.66815128733,-519.7198563698096,29.958282478660895,373.05991700842736,514.6985544885595,47.59364080283158,-464.07795519940345,-310.89646581694956,-323.6801535492355,40.14739409359606,-468.85556031422243,393.9497135929247,659.5068121687609,289.67609080879265,365.3958729910277,374.26447118421004,-643.8814446507336,-840.5809019612003,-342.9604611547802,579.4202471441117,577.9265120463148,225.00665433507598,-680.0034991198879,258.5075900208596,123.54621404107873,212.12056823420008,-417.24944098717384,431.0646217845592,-93.37147222892757,-35.79420725755126,451.59389654623334,-13.397740979566207
138.50897458221965,30.492967466622726,-139.4068159466678,-41.50363669261863,-37.57235455703705,-188.58309767522792,11.999290684262377,-8.606292753757257,-52.562577290007226,-90.63579264396185,137.63403081566145,87.84314240156057,-140.61065657483434,212.36642345496,25.102795501413812,50.33290903434027,-84.16489206399545,-111.91522150071586,32.49755982034863,-161.2447311239525,5.389753229331643,-54.860856230523794,200.01327793728856,137.98718791864232,172.83532471137008,143.36850868192957,-7.908990839839795,-102.17309034296728,-141.85886774004538,-12.564135971330865,127.49322995638545,86.15031667007166,88.57780862510101,-10.911584910802272,128.33290995255075,-109.02715541064948,-181.5726697954637,-79.84394152313324,-99.30578047956709,-102.25606154911,177.1787604324211,231.097286277755,93.93890309468779,-159.44470710188605,-158.93078712710388,-61.678612086505346,188.02568900551321,-70.23693007022626,-34.269346340776416,-57.79394292742255,115.08293629060782,-118.54025029928799,25.39218262585766,8.23454744423999,-123.98753141101592,3.8707568383730138
-724.6488809622059,-156.43671987858121,729.7243472664446,215.29378878293426,197.97513719361044,986.0446800977635,-60.742401655628306,45.86697334701475,275.7666885486561,477.1212784242679,-718.3332290361741,-456.7536418334055,730.7627118268892,-1106.7342828547642,-131.1740912411294,-265.913182851937,444.4967093658795,586.4184676006792,-161.2447311239525,842.9935498752025,-22.676436225978865,287.28367812071116,-1040.9537045314812,-711.3627870011081,-903.621405017414,-747.0085894049182,42.80916329773919,536.1508880928197,739.656499754794,68.36876602953438,-666.6457018665118,-446.87339411401547,-465.0392424266205,57.48954293391349,-673.9412898277329,566.4181939765044,947.4820815305379,416.8227906322733,524.9434159475504,537.6670793742139,-925.4332490854201,-1207.8056521015187,-492.7602263804063,832.2845422689226,830.6287657533468,323.2482346433499,-977.1947122373,371.34609173671055,177.63316494559356,304.69265008301124,-599.9552503705538,619.9268824236997,-134.12284299467666,-50.68143653493252,649.2947869174035,-19.014515597759775
19.95936694388866,4.789384118891901,-19.341643879797992,-6.255174621729309,-5.3653450391696,-26.39842747487024,1.8086770694924152,-1.285946530674586,-7.29260506404348,-12.5035792814438,19.658882621051468,12.775393337891698,-20.449414007806322,30.158993265621888,3.378459429149898,6.969581211337661,-11.552953673741515,-15.801215039828197,5.389753229331643,-22.676436225978865,1.4664644262167323,-7.711791896064338,28.619434328527717,20.498552456054682,24.390501243860705,20.571084835525202,-1.1021154195508651,-14.219946987672955,-20.356995790866378,-1.467786282901722,18.214361537140466,12.587082240169199,12.36358592926359,-1.569294747706913,17.726411621921443,-15.708363948584145,-26.118431543622755,-11.019023210381485,-13.470158404808458,-14.24739686179988,25.142327420182735,32.92243164928993,13.185075959363651,-23.053121272290777,-22.509999287590695,-8.688845045245655,27.400773955448525,-9.54585501761203,-5.013250875010138,-8.00705875498555,16.299086417455896,-16.45621984926207,3.469480886760518,0.7340618092645338,-17.21518510554587,0.8546146022294088
-247.0753150205569,-53.32792958923244,248.6447866354763,73.40794661523434,67.53666847642599,336.0187902901688,-20.65603564046404,15.67583274653363,93.98081042231783,162.64505555774738,-244.83359881453677,-155.6652114961035,249.04978376786713,-377.12219933310087,-44.6701379795812,-90.68188699480399,151.56738114665546,199.90223879713685,-54.860856230523794,287.28367812071116,-7.711791896064338,97.9175823368079,-354.7052832337706,-242.34870827492745,-307.96021512932714,-254.5777634595673,14.633940738142783,182.74327229507765,252.09430685315826,23.31791281466184,-227.25853853771915,-152.28247466193852,-158.52892013328776,19.62911793376132,-229.69067105469273,192.99994429921657,322.97342114963567,141.98544943523132,178.96582290437212,183.29464633189082,-315.3988132578323,-411.68975317652047,-167.97300410127121,283.7253038231448,283.09098982773463,110.19482805109577,-333.0428247143579,126.60718736373661,60.52382318223262,103.88115773820873,-204.42844483490276,211.2270707697745,-45.727670130220424,-17.418937056668046,221.26041557200801,-6.5114637259504144
894.9575441172027,193.58044187870158,-901.0706943581337,-266.103511050507,-244.33444561873296,-1217.4960395687979,75.31118121192773,-56.5817137211937,-340.48811145107123,-588.8792578249611,887.1663796408279,564.4271383978052,-902.8581080547378,1366.9290786697486,161.87590021659437,328.14400384276036,-548.3341591324563,-724.0265856264074,200.01327793728856,-1040.9537045314812,28.619434328527717,-354.7052832337706,1285.9398942224727,879.5617133074211,1115.9301964711444,922.8311237564818,-52.71233846656611,-661.8535807147256,-913.6649070720231,-84.10857016628218,823.2137396936329,552.2592178360137,573.9403792166087,-70.73140262617768,831.998913055999,-699.8004309574933,-1170.1493506551897,-514.6792589703932,-647.7018302457536,-663.7603876884051,1142.9395992266075,1491.58353060932,608.3370807143467,-1028.138867760578,-1025.8701776186426,-398.9873748242006,1207.503351725858,-458.16168660339383,-219.62099061285383,-376.1323755748818,741.0790226745343,-765.3722064024054,165.52341662144426,61.85676861447603,-801.5842256513578,23.66939350100479
611.9166706924266,132.92380713953625,-615.676670012802,-182.27764768976925,-166.8475048346913,-831.8434620377711,51.86473647894463,-38.6273574463957,-232.613164040185,-402.0244920394048,606.5334253938569,386.3389662540803,-617.773689144594,934.5610328760257,110.4492680285605,223.96934691547045,-373.99286332713274,-494.6875537794492,137.98718791864232,-711.3627870011081,20.498552456054682,-242.34870827492745,879.5617133074211,602.752350117827,762.7632020287126,631.2451658881363,-35.84593236815796,-452.01547118720856,-624.8755785837044,-57.016773732155215,562.6768406897193,378.0706794399043,391.8279452362105,-48.03113603009522,568.2385465899911,-478.7734170227505,-800.0294074699012,-351.6171806831374,-441.8783502508674,-453.3726331895229,781.3508377022757,1019.6242918324016,415.5574948237503,-703.2954601062363,-701.3297885642619,-272.4602323477194,826.4601878777796,-312.546548696634,-150.4707438778772,-256.8847685178012,506.74879684103644,-522.808827915659,112.97511796833932,41.30179226074242,-547.4952772245322,16.495526827555082
777.2047949874809,167.90926051517295,-782.4383702101878,-230.93839561883308,-212.26307658354847,-1056.7506616925186,65.36989379942943,-49.236663953551854,-295.76674160906106,-511.58000789294874,770.0230607578989,489.9779124533066,-783.3710571205481,1186.1567683218432,140.3437225183657,285.2180509073456,-476.253650287611,-628.66815128733,172.83532471137008,-903.621405017414,24.390501243860705,-307.96021512932714,1115.9301964711444,762.7632020287126,968.8999729574937,801.070518228391,-45.878218883097155,-574.7202712957644,-793.1055953752336,-73.20079177812744,714.635714614919,479.1989264011915,498.21103631518815,-61.06041236661195,722.7109650993576,-607.1361431615203,-1015.5241071762377,-446.6041534004567,-562.9312724077072,-576.7231118692935,992.2252502383567,1294.9047275365274,528.2701388420134,-892.7896384866158,-890.762618823235,-346.25768034299637,1048.013141692921,-398.168274417762,-190.70033150937172,-326.9950113081881,643.2654355442783,-664.2457980281067,143.89377195601736,54.47774810022819,-695.8219862600295,20.519913064538216
642.767485335251,139.11070734924286,-646.7675770168116,-191.15236529574108,-175.4831665884942,-873.4753174395171,54.200385085560164,-40.72970084937673,-244.4985207932765,-422.7876361921289,636.7007087441731,405.3638812900354,-647.9672939823488,980.7149055792087,115.9036530590015,235.72695731467167,-393.4441602771087,-519.7198563698096,143.36850868192957,-747.0085894049182,20.571084835525202,-254.5777634595673,922.8311237564818,631.2451658881363,801.070518228391,662.5259471002186,-37.89223659725257,-475.0214608851857,-655.8948993306078,-60.327403589353885,590.8782000590082,396.43784425363117,411.71816584978103,-50.33483511777844,597.3308951865855,-502.1280805884644,-839.7485441039926,-369.08113612242516,-465.096854341231,-476.7325812105229,820.4105350287302,1070.6987870170979,436.68823357087064,-738.4755382653773,-736.5335772595887,-286.17399614866395,866.9817460242253,-328.9680981408192,-157.82894095479733,-270.3215277986799,531.885093824897,-548.969583054498,118.90907839580125,44.74721413252359,-575.075786452657,17.13182745109178
-37.133466351969524,-7.965403519665977,36.86918102167307,11.043047201128322,10.279714798400326,50.05719584443516,-2.883436794046153,2.46901839665566,13.975346309353347,24.35017767576074,-36.59152304171514,-23.15622444065745,37.1673422685935,-56.10632002531392,-6.603503119787424,-13.669841475076783,22.903988724111358,29.958282478660895,-7.908990839839795,42.80916329773919,-1.1021154195508651,14.633940738142783,-52.71233846656611,-35.84593236815796,-45.878218883097155,-37.89223659725257,2.3300480508715946,27.318868406485656,37.608598104553494,3.5451320389796073,-34.096200133931276,-22.640823713769016,-23.836467889185208,3.1676027952986843,-34.20869017855735,28.68043497521236,48.43207650341884,20.985033049862206,26.827050967619787,27.427524595482993,-47.02025969703534,-61.576531986433125,-25.162859453874127,42.455547808816036,42.17074998155861,16.586709373723984,-49.619883074155425,19.012416983127462,8.924294870940077,15.539588691670092,-30.329785377700908,31.403058562030612,-6.846583695149428,-3.0286858317892755,32.95905041030747,-1.0509001304688232
-460.99712687949904,-99.40222067918594,464.10785242785346,136.90711848129664,126.02647869958848,627.1094217196166,-38.52962308592496,29.2403756359218,175.43156287239609,303.60594370476457,-456.8445790639356,-290.4205811015955,464.63724671242113,-703.7320336364312,-83.40140023379023,-169.27013262849385,282.9273726751973,373.05991700842736,-102.17309034296728,536.1508880928197,-14.219946987672955,182.74327229507765,-661.8535807147256,-452.01547118720856,-574.7202712957644,-475.0214608851857,27.318868406485656,341.0940695543778,470.3744841735549,43.59542502822775,-424.0487475889908,-284.0816016002457,-295.8794689218209,36.60899635105524,-428.7438523990991,360.1009322434903,602.615358438135,265.0240133109829,334.11690266326946,342.110565638347,-588.565901173898,-768.2305486560589,-313.49823650193304,529.3699551416156,528.2889991096368,205.646668643587,-621.315217991124,236.3671704797115,112.91364329760731,193.91555379302955,-381.48308936116666,394.2529295539547,-85.36162652524133,-32.62346360399721,412.9838850877437,-12.072320488958095
-636.5624930323708,-137.72833622973263,640.1969706962756,189.3023424082058,173.88311958319497,864.9731520392779,-53.456057008590896,40.39664492489654,241.99352429903607,418.63778762242123,-630.5385402938292,-401.256140602744,641.6398584916225,-971.0894174901109,-114.79123988908715,-233.44573991225823,389.84211808871714,514.6985544885595,-141.85886774004538,739.656499754794,-20.356995790866378,252.09430685315826,-913.6649070720231,-624.8755785837044,-793.1055953752336,-655.8948993306078,37.608598104553494,470.3744841735549,649.4380373046664,59.77343377112439,-585.2453208842293,-392.49338936397834,-407.8781622820567,50.18458901984687,-591.346862753714,497.1571985335756,831.7486013370483,365.39681156513006,460.5460170760045,472.01232618343823,-812.3059811801401,-1060.2650150548388,-432.4414113868071,731.1670777361147,729.1809363685846,283.5391699640718,-858.3666896781798,325.7745148557609,156.13385464497003,267.559804644091,-526.5484267917068,543.5905139996805,-117.73153461270968,-44.506642006332456,569.4458546198763,-17.01065988406578
-58.61587245165214,-12.423968203074342,59.20045399606331,17.287792134818872,16.10495378799846,80.03853832671238,-4.754204344921136,3.732578995870089,22.38481120315238,38.84410798228936,-58.15047296151236,-36.77726234325224,58.96281363945641,-89.59766566603831,-10.72425099616129,-21.663817671780023,36.34643564311651,47.59364080283158,-12.564135971330865,68.36876602953438,-1.467786282901722,23.31791281466184,-84.10857016628218,-57.016773732155215,-73.20079177812744,-60.327403589353885,3.5451320389796073,43.59542502822775,59.77343377112439,5.733111157744428,-54.01745454103707,-35.96564211840042,-37.88887417474858,4.8192142617623706,-54.762118903251604,45.72720601851807,76.70747336411594,33.85302251979478,42.84481992469901,43.66435830034839,-74.92281303970289,-97.82229291489858,-40.027721801915064,67.19097362884786,67.22953199134787,26.31130529878597,-78.71380390613201,30.32388139060773,14.236138202155848,24.74912028843804,-48.51826105525313,50.38219826770841,-10.920735259832087,-4.484327247832744,52.78243650314937,-1.4060688289555268
573.8940047083348,124.02073888298865,-576.6283636911426,-170.63949094305346,-156.97605089273594,-779.7367594671454,47.750432066304285,-36.542934605444245,-217.95443252702162,-377.3866916528592,568.4366370547465,361.35704266594405,-578.3193474743107,875.2176326361854,103.54388669401874,210.5092325182986,-351.9361062763073,-464.07795519940345,127.49322995638545,-666.6457018665118,18.214361537140466,-227.25853853771915,823.2137396936329,562.6768406897193,714.635714614919,590.8782000590082,-34.096200133931276,-424.0487475889908,-585.2453208842293,-54.01745454103707,527.7743188947867,353.57071809055225,368.06654551460537,-45.90121495341419,532.7959035285573,-447.9718636016707,-750.1007298946819,-329.2287378607803,-415.1945931167175,-425.3663080755233,732.0172164591315,955.7651976135891,389.8841973391413,-658.8322831305816,-656.9584973162755,-255.91633375623164,773.3004115297833,-293.7597132981131,-140.41334701148037,-240.9923660264808,474.31492268018656,-490.0018268059382,106.0950228988736,40.61294014754765,-513.3274796379825,15.362601291567488
384.5984430059587,83.38513054476311,-386.77551266950144,-114.46965787577301,-104.97214979172142,-522.5505956974379,32.43781010257275,-24.364715629985817,-146.17847346798146,-252.77381471949965,381.00600340232086,242.5970629506717,-387.8781456658012,586.8556447938557,69.32691632112618,140.91491621612215,-235.26151527849214,-310.89646581694956,86.15031667007166,-446.87339411401547,12.587082240169199,-152.28247466193852,552.2592178360137,378.0706794399043,479.1989264011915,396.43784425363117,-22.640823713769016,-284.0816016002457,-392.49338936397834,-35.96564211840042,353.57071809055225,237.33063318898368,246.28393443254828,-30.21620362929979,357.15520978749413,-300.5456565452032,-502.5746200796218,-220.773183395456,-277.97480022833884,-285.05859168644184,490.83542351307824,640.6096789643509,261.18589686443124,-441.87941118847704,-440.6054241679313,-171.22733572458873,518.9489213774498,-196.61984037596596,-94.4472759211134,-161.56773855700783,318.2308095915107,-328.3787081186203,71.0727901567869,26.50484821957556,-343.9639849701994,10.350045406568155
399.82668451251743,86.13033463362761,-402.0811207972757,-118.76544730681927,-109.48062813769188,-544.147797975866,32.985270796919266,-25.431086524886847,-151.92311594963098,-263.2396956506236,396.41374080261625,251.56987115579443,-403.15159599985196,610.5640722550969,72.51957967719079,146.75714832188538,-245.87052326087607,-323.6801535492355,88.57780862510101,-465.0392424266205,12.36358592926359,-158.52892013328776,573.9403792166087,391.8279452362105,498.21103631518815,411.71816584978103,-23.836467889185208,-295.8794689218209,-407.8781622820567,-37.88887417474858,368.06654551460537,246.28393443254828,257.0948950063969,-32.58144662824894,371.49543268146783,-312.3626341577891,-523.2118882870295,-229.87488176244725,-289.6218319675349,-296.435867596025,510.3433390915517,666.4097296234979,271.95520774179727,-458.80483158827093,-457.85031083032277,-178.77689725780303,538.5858349366019,-204.966802622292,-97.58896898090055,-167.81437050879788,330.64169664892046,-342.12049536079394,73.93295861099203,28.448853070317845,-358.32141523213187,10.49071386982238
-49.25700984522885,-10.454628594324221,48.892330655020885,14.667536297157818,13.782908089472642,67.66904463325976,-3.3227346096767363,3.2295093094016574,18.349278283771685,32.33514186788203,-49.258638686830594,-30.47576913135388,50.06056358290221,-75.81147765481855,-9.326336056935348,-17.98307161560632,31.18339795201055,40.14739409359606,-10.911584910802272,57.48954293391349,-1.569294747706913,19.62911793376132,-70.73140262617768,-48.03113603009522,-61.06041236661195,-50.33483511777844,3.1676027952986843,36.60899635105524,50.18458901984687,4.8192142617623706,-45.90121495341419,-30.21620362929979,-32.58144662824894,5.499220646268632,-45.223999590276065,38.66889204630207,65.54399306506254,28.47995142262496,35.433174354487804,36.05123491356453,-62.77386584763932,-82.43155315747515,-33.65299048962806,55.97774836396752,55.902766370184,22.809268279936834,-65.93577476568998,25.212539027088432,11.433566751558525,20.021363734745755,-40.44844920709673,42.62144591184188,-8.930489000646604,-3.68897087410253,44.52120313959529,-1.292261533537825
579.5075406447768,124.97900969825407,-583.8755774855108,-172.00946248968316,-158.26170557678682,-788.1383636725282,48.806238184691125,-36.69318959706339,-220.74288498433768,-381.78495170528146,574.0912296170388,365.3197717920105,-583.7923566184724,884.3743613549561,104.65399163100003,212.87791522358884,-355.28066815748934,-468.85556031422243,128.33290995255075,-673.9412898277329,17.726411621921443,-229.69067105469273,831.998913055999,568.2385465899911,722.7109650993576,597.3308951865855,-34.20869017855735,-428.7438523990991,-591.346862753714,-54.762118903251604,532.7959035285573,357.15520978749413,371.49543268146783,-45.223999590276065,539.3944529478296,-452.54207067101635,-756.9125170544839,-333.15451126409806,-420.3084388473759,-430.4124747199216,739.9772300370677,965.5652689382844,394.0391977218087,-665.715984025544,-664.432455950835,-258.1082950100395,781.2107997503574,-297.2479191045696,-142.23849447285286,-244.15222898580117,479.76978329009336,-495.43841312991566,107.4522486559484,40.97927406066211,-519.0364337803314,15.144981683126668
-486.9230947772761,-105.37072857970854,490.17299876213514,144.8375831402458,132.94526003585295,662.5102679292884,-40.93226789231053,30.777092088079485,185.2004048040524,320.3226685343743,-482.7866564398211,-307.09858515248993,491.41329076028165,-743.91634356978,-88.13941907279191,-178.46405063690898,298.3557716925566,393.9497135929247,-109.02715541064948,566.4181939765044,-15.708363948584145,192.99994429921657,-699.8004309574933,-478.7734170227505,-607.1361431615203,-502.1280805884644,28.68043497521236,360.1009322434903,497.1571985335756,45.72720601851807,-447.9718636016707,-300.5456565452032,-312.3626341577891,38.66889204630207,-452.54207067101635,380.8816473784749,636.8722868589989,280.0747258476476,352.2331304847611,361.00516642699387,-621.8810905797649,-811.6309522320942,-330.98558961225166,559.3666543521256,558.1123603620562,217.178405322549,-657.0761399607858,249.1806991104862,119.45530820751335,204.51157745785963,-403.2167951542401,416.5060898345812,-89.99689344877264,-33.49741454393578,436.1754854473242,-12.896427426309812
-815.451196257793,-176.29914874281096,819.3370712478791,242.5651682199413,223.04933817658622,1108.2644872245598,-67.8070008567634,51.88615365565381,309.65272759352814,536.1523505041052,-807.948557890309,-513.516415881211,822.1695360235996,-1244.1563048120188,-147.3005319059269,-298.98916898380844,500.1243391683746,659.5068121687609,-181.5726697954637,947.4820815305379,-26.118431543622755,322.97342114963567,-1170.1493506551897,-800.0294074699012,-1015.5241071762377,-839.7485441039926,48.43207650341884,602.615358438135,831.7486013370483,76.70747336411594,-750.1007298946819,-502.5746200796218,-523.2118882870295,65.54399306506254,-756.9125170544839,636.8722868589989,1066.3039657730899,468.0034378100737,589.6916027396429,604.2011337265258,-1040.306459493473,-1358.3464624067578,-554.0493825066482,936.1452958892921,933.5046626511842,363.8434855982743,-1099.0589246986115,417.2643258860816,199.4765366692735,342.2101595883427,-674.0770204103005,696.5318584061957,-150.64466452190283,-57.35235155533172,729.6053622708613,-21.82536126332265
