V1,V2,V3,V4,V5,V6,V7,V8,V9,V10,V11,V12,V13,V14,V15,V16,V17,V18,V19,V20,V21,V22,V23,V24,V25,V26,V27,V28,V29,V30,V31,V32,V33,V34,V35,V36,V37,V38,V39,V40,V41,V42,V43,V44,V45,V46,V47,V48,V49,V50,V51,V52,V53,V54,V55,V56
90.00627973753713,117.93692185658804,6.551503087169623,-28.690114831211353,51.613900149951675,-347.9645278908154,259.87081478044286,125.15495131884302,85.08643591737743,47.086558865554764,-21.4935793562287,132.75932852411373,-70.53541217243578,-110.07298751749686,-137.48904530808514,-4.51765744045771,-150.77175421408944,-189.7782649289662,53.34928485455912,55.36568186335014,-6.850941666319347,403.13258878300127,75.954054797343,32.46501361117519,207.64058296869595,-98.89616065047733,20.997966628543747,-55.863359141292335,237.48553038420448,77.9346948190418,-145.16856771572918,-174.9470956767843,13.991344966262428,220.70054441276025,-279.3228061479232,4.919499031449167,207.1400086167625,56.52510043651166,92.19256043709963,46.137470212197705,-50.59600567279893,230.8650470208405,-36.12435423684888,3.664246763275138,-137.74112346412224,-61.93659742443334,90.83647934168857,-59.76831188873225,106.94765826072772,10.664156485009219,101.04836781450645,79.86251226857082,35.94703474169547,50.92888584949264,-16.948270263114928,-214.04285842619007
117.93692185658804,155.31822584196584,9.355976332770204,-37.60888458343339,68.23666989323722,-457.73925439944975,342.51999931221224,165.0336082893281,112.43886753702974,62.54363933407676,-29.042845318976788,174.5620549247441,-92.2643303718436,-146.19628921494058,-181.37632502514816,-6.218474010471267,-198.31912682142226,-249.6001997863289,70.17071010605427,73.81771337547875,-9.053580528476546,531.7206197176295,99.1020563284701,42.097185596793686,272.83493395354236,-131.1082183825426,27.723415579828703,-73.11418186769795,313.7992430733029,102.80634613858768,-192.02869095450095,-231.0677178025409,17.985779675960686,290.9988320421673,-368.8875477874927,7.043311750424834,274.00074931750805,74.92567682693654,122.05301275832069,61.35248358022565,-67.61159623045047,303.1508068874633,-48.1077461959351,5.65208846873572,-180.76054454703348,-81.33062728504,118.78321073463955,-78.42391331034443,141.16103286543225,14.359238078305863,132.617609789414,105.89077277041854,47.25534120397383,67.08661424838829,-21.70249998024445,-282.18518843099326
6.551503087169623,9.355976332770204,1.2379578874392168,-2.103554470563979,4.353731134015404,-27.094413469781713,20.891805617669622,10.134710616593829,7.128016999663388,4.260254846226638,-2.431272801704279,10.258818018546048,-4.976045566675027,-9.950267699048943,-11.211952365168496,-0.6228533247525603,-11.723136544864005,-14.729819936594485,4.144368252578497,5.283457890047653,-0.5743125225341152,32.7802770563834,5.111230938672427,1.9255479142054566,15.861341357371895,-8.699726431612874,1.734546058863711,-3.9823394436733044,19.865701212624973,6.349679133426372,-12.351997691441252,-14.53906042932008,0.6759089803214944,17.848799007376105,-23.17481363220524,0.9473355009869154,17.621044950051193,4.962302643373105,7.943310390186941,4.242744150281716,-4.9791925963758965,17.437973958875904,-3.3916289004887723,1.1050497851584549,-10.29688274160957,-4.679084567550164,6.372853758024847,-4.457396749526096,8.79509367125575,1.1563217144822568,7.563129022732168,7.041357922750413,2.767577405868512,4.056495860915545,-0.7350625312372071,-17.274843876980732
-28.690114831211353,-37.60888458343339,-2.103554470563979,9.145907667322051,-16.464201976332387,110.95155984506584,-82.87556852369993,-39.91478622764105,-27.140608287841275,-15.02593400649909,6.869111742410156,-42.330259202953755,22.480602366245552,35.125486205815534,43.84960271356607,1.4464149043587202,48.07448681111065,60.51127175775975,-17.011035171495788,-17.67302173755642,2.1852762067837967,-128.57033892409297,-24.20256964067104,-10.340370548825579,-66.20164193036912,31.553415361220186,-6.697228299322385,17.805121738815878,-75.75162587758314,-24.855692552626603,46.3088161852484,55.80130864649473,-4.452729825733902,-70.38513740640539,89.09323874870725,-1.5800258334789634,-66.0785930821986,-18.035060130783688,-29.411982753360892,-14.724352239869884,16.153461391318455,-73.60227420984755,11.530133816565975,-1.1847382427257322,43.91138042967126,19.746485107272722,-28.95027224688807,19.05330597031271,-34.11041569394312,-3.4066619520587293,-32.214042313161734,-25.481162965501152,-11.461340977437168,-16.240659609761728,5.3922040464675405,68.26169654930199
51.613900149951675,68.23666989323722,4.353731134015404,-16.464201976332387,30.066881481228446,-200.9285933049711,150.57484173487083,72.57511262234884,49.52658382203659,27.655668396020136,-13.005616838382917,76.59859936668573,-40.32496559011085,-64.64183764283443,-79.78827855880661,-2.82172169331073,-87.04796397587866,-109.54790259121485,30.798898652120403,32.73285643444774,-3.9880101973477644,233.87485083740933,43.22935304498063,18.274529317966902,119.65908010308364,-57.89025391386855,12.20337155289824,-31.969337963794786,138.21108403381987,45.22317786604553,-84.64863121513433,-101.74027168414449,7.754707110974897,127.96168228472389,-162.40985905674398,3.283038328540341,120.78125161921169,33.07921367223363,53.8358058427184,27.152068560219796,-30.031547950380745,132.8876698492436,-21.313818532457365,2.7596142074625627,-79.20085664089265,-35.65189507501812,51.90303290693821,-34.358090565845295,62.122523573267515,6.413985117171238,58.11018121837091,46.76063417798791,20.732382552477347,29.4786529582075,-9.328307329200035,-124.074045121362
-347.9645278908154,-457.73925439944975,-27.094413469781713,110.95155984506584,-200.9285933049711,1349.3472697134564,-1009.2595191870951,-486.2346597124205,-331.1177502045753,-183.97328317463803,85.10822548036232,-514.6346653257376,272.3254247476507,430.0445765297526,534.3326021979332,18.149982339426284,584.6263157149691,735.8158301611272,-206.85895975484496,-216.95538178843353,26.661560814877937,-1566.5058372197395,-292.6736255187539,-124.49710468190753,-804.4814445953485,385.8218900097436,-81.65846220769512,215.7748138599692,-924.1176733893002,-302.87027638634584,565.3736222341313,680.5424705240988,-53.29542470954851,-857.3790127617419,1086.4747531298392,-20.38614030328569,-806.7183522190331,-220.49486361963193,-359.28390438047376,-180.4245694808121,198.61615971251953,-894.0024079063548,141.42863091927273,-16.115507207266248,533.1406948802884,239.84588945171984,-350.62137700058435,231.31342179779242,-415.8100839552126,-42.11196927160446,-391.14048667524287,-311.6013401088224,-139.32268536000342,-197.70058157239617,64.36606581215763,831.4343328131249
259.87081478044286,342.51999931221224,20.891805617669622,-82.87556852369993,150.57484173487083,-1009.2595191870951,755.4526685013063,364.02009324707296,248.09581362882125,138.11585849879557,-64.31035730644767,384.8594993078741,-203.24443685279564,-322.844210431301,-400.095771854953,-13.809117609997697,-437.26350939345343,-550.3208222941762,154.71402710471477,163.11081562734262,-19.977261502046368,1172.8822982536333,218.2172783018178,92.60078568448098,601.4568575905712,-289.43930938211435,61.162821989159944,-161.07499800438342,692.3864383113998,226.7770755041744,-423.7794495328634,-509.80809754542304,39.50677713616332,641.8573221285748,-813.867600219013,15.733987453651622,604.6786772167645,165.40474711912503,269.3884919881721,135.50997104536145,-149.45152002371017,668.2154814456446,-106.2811625325052,12.75920704507538,-398.3999681029683,-179.27212990518782,261.6486679345695,-172.8442070479273,311.4121247395047,31.778209986761556,292.29535639059225,233.77374718160505,104.18094600963784,147.9507247578797,-47.64001564092366,-622.4043679457412
125.15495131884302,165.0336082893281,10.134710616593829,-39.91478622764105,72.57511262234884,-486.2346597124205,364.02009324707296,175.41265535144038,119.57412875278239,66.5974846256675,-31.055672855803216,185.4076424594604,-97.86840730655298,-155.66972693373384,-192.80391514230232,-6.67900751105118,-210.66030386255582,-265.1253795388424,74.53639570603387,78.67545321779625,-9.628418074194434,565.1967819672844,105.0545580217489,44.555191964854004,289.73660017543364,-139.53975957372347,29.4761915745035,-77.56647898023787,333.7049680633823,109.28211108418526,-204.26607636271171,-245.69971312360255,18.99367581794798,309.2933238759185,-392.236368619214,7.634181082218989,291.4611378322087,79.74124532600958,129.85759586550628,65.34746827578053,-72.10123762286203,321.8768653775939,-51.258899084241875,6.2256788933588805,-191.8975280420312,-86.3548847514511,125.98838523137954,-83.25281003407144,150.0748656095356,15.341153750751046,140.7910307652119,112.70461223215301,50.18856758748405,71.28716687821675,-22.89577928174633,-299.9162745383833
85.08643591737743,112.43886753702974,7.128016999663388,-27.140608287841275,49.52658382203659,-331.1177502045753,248.09581362882125,119.57412875278239,81.58440095308173,45.53648706426687,-21.38375992137088,126.23498974388929,-66.4862545954081,-106.43744037304894,-131.45383359328443,-4.632392087801728,-143.45098607306213,-180.53140683239562,50.7549854696045,53.87926307632446,-6.569414598088644,385.32199401199426,71.29071535894016,30.153817235852493,197.21056120114426,-95.33522426200055,20.10382082635803,-52.707190251184606,227.6749148041007,74.50687881901241,-139.42806200413017,-167.60273590651997,12.805883240248768,210.83030287309668,-267.54975198990053,5.374160397804957,198.94402656723165,54.476832949357906,88.66867026569665,44.70281679404508,-49.42320725712199,219.02555890280826,-35.086498365926154,4.494493360100487,-130.54581473832425,-58.76143304844445,85.57822097586403,-56.63282093575551,102.3439887047015,10.5485890125422,95.78149433167712,77.00601623531381,34.167812604695094,48.57374197712154,-15.40987399232288,-204.4271475399272
47.086558865554764,62.54363933407676,4.260254846226638,-15.02593400649909,27.655668396020136,-183.97328317463803,138.11585849879557,66.5974846256675,45.53648706426687,25.545478785312,-12.19332466996687,70.1053952935373,-36.72801364362063,-59.706061346755526,-73.24584547695193,-2.6857696632559467,-79.69606975910095,-100.28584415244833,28.196503674280635,30.336533852992837,-3.666755408742483,214.66251304062152,39.27938357601432,16.506083928234276,109.44620461786397,-53.381015127190636,11.211021403786683,-29.133293242095622,127.06502360542204,41.51288164204956,-77.8999435512044,-93.49973317986901,6.944659932155273,117.41331717966177,-149.24133971829136,3.2182932235157415,111.150567684213,30.498979948308,49.580788863129186,25.105579695774264,-27.88841189264569,121.47132290822228,-19.73306178658246,2.8351669322197277,-72.35629706076861,-32.589457358416254,47.25989596255388,-31.384694044234568,57.056226208621176,5.995400608825803,53.09178965423644,43.12433040626651,18.97100854662122,27.02513963115461,-8.321093777291326,-113.83296739681705
-21.4935793562287,-29.042845318976788,-2.431272801704279,6.869111742410156,-13.005616838382917,85.10822548036232,-64.31035730644767,-31.055672855803216,-21.38375992137088,-12.19332466996687,6.121481116043361,-32.38230137195404,16.663659012044324,28.494613002127775,34.204788879707735,1.4145749798608882,36.85792316646469,46.36315196117697,-13.037551529087875,-14.6491462245318,1.7227238919535368,-100.1856976369142,-17.662387053893386,-7.254709447538117,-50.43669414735198,25.32654846542516,-5.249017348833148,13.244904448312887,-59.651285776108296,-19.381982812636398,36.70048590891666,43.83400648945864,-2.95051212907907,-54.736563717083996,69.94288586862876,-1.8466017762449993,-52.36501327586745,-14.464856928835935,-23.420503334232897,-12.02532613977649,13.559064345362925,-55.852667438639386,9.494960657572717,-1.8304603432582853,33.201789718616254,14.985828311400079,-21.419700387700498,14.394336682595279,-26.690685137685545,-2.9791133615988405,-24.367690232884584,-20.47046146674977,-8.75639787303764,-12.55997902488335,3.4791026290969786,53.04584793470915
132.75932852411373,174.5620549247441,10.258818018546048,-42.330259202953755,76.59859936668573,-514.6346653257376,384.8594993078741,185.4076424594604,126.23498974388929,70.1053952935373,-32.38230137195404,196.28769020224405,-103.91684528795179,-163.87531946803202,-203.73987589834667,-6.89466867607968,-222.97554619418568,-280.6415070256779,78.8961017448447,82.64550820008915,-10.164409576514663,597.3150558987186,111.7068954636141,47.54497868379679,306.85688790854186,-147.04741464645065,31.13370357645602,-82.33333679349816,352.3125559186789,115.48425710870724,-215.522495598403,-259.4610248515287,20.369010116607885,326.93170488609644,-414.22980419574134,7.717288294461785,307.52523862536555,84.03840877423005,136.950547055539,68.74598974717826,-75.64399032776468,341.0236770417225,-53.88055146060695,6.061724262774465,-203.38153422464993,-91.49116977164277,133.7977243775774,-88.24188036655335,158.53977491631207,16.027426412395197,149.21048424301912,118.75862408604951,53.14027436208213,75.39283628598098,-24.60884733717749,-317.0425608838816
-70.53541217243578,-92.2643303718436,-4.976045566675027,22.480602366245552,-40.32496559011085,272.3254247476507,-203.24443685279564,-97.86840730655298,-66.4862545954081,-36.72801364362063,16.663659012044324,-103.91684528795179,55.310433841025684,85.85807340486922,107.49653120024036,3.4797371131010393,118.00050090125013,148.5344773167862,-41.755485493393685,-43.12815767194014,5.352694520872487,-315.2118516728671,-59.61101933495745,-25.534188869836704,-162.56800553624424,77.19059833898363,-16.413065342393324,43.79617898205045,-185.57596749260387,-60.93525798423698,113.39445286715828,136.72675825459518,-11.035903325378085,-172.58708566492768,218.30855563089577,-3.732243181701203,-161.80212888808447,-44.12073821767873,-71.99382622685629,-35.97369966397478,39.381470662406244,-180.7921394429307,28.151663530855117,-2.6977332891928776,107.8882879235301,48.50289673501918,-71.2365609270194,46.816377797383055,-83.60249611884957,-8.278854812665331,-79.14645348079078,-62.33079203328423,-28.13927405697347,-39.83800098508869,13.38584393984914,167.38845777809917
-110.07298751749686,-146.19628921494058,-9.950267699048943,35.125486205815534,-64.64183764283443,430.0445765297526,-322.844210431301,-155.66972693373384,-106.43744037304894,-59.706061346755526,28.494613002127775,-163.87531946803202,85.85807340486922,139.5516823074099,171.21008889949897,6.274339427471984,186.29396786648988,234.42319657575447,-65.90848354922568,-70.90213860110988,8.571871433601734,-501.7670857446908,-91.82479405100395,-38.58843135550875,-255.8385531373242,124.76912824839168,-26.20450940561897,68.10477843349881,-297.0044923466089,-97.03436292093046,182.0821507023061,218.54965924362222,-16.23798205597115,-274.4513834759938,348.8411342651565,-7.517788784201708,-259.80310593042566,-71.2874518868556,-115.88706522581052,-58.676730221634024,65.17854125996548,-283.9503780620794,46.119858513106394,-6.61729798341791,169.14099845472668,76.18094318802383,-110.47932627727282,73.36615935268044,-133.36601354422785,-14.009467152182669,-124.10720124622316,-100.79634922033422,-44.34636457412531,-63.17375028188053,19.457013305999016,266.0825069306359
-137.48904530808514,-181.37632502514816,-11.211952365168496,43.84960271356607,-79.78827855880661,534.3326021979332,-400.095771854953,-192.80391514230232,-131.45383359328443,-73.24584547695193,34.204788879707735,-203.73987589834667,107.49653120024036,171.21008889949897,211.92824258321187,7.366737206337308,231.49735577026112,291.34707645592084,-81.9078072285976,-86.55795439044893,10.585125263670252,-621.2481523366924,-115.36399029703587,-48.89994591967122,-318.3661316088887,153.4457262856754,-32.40211436621562,85.20179871506947,-366.8557915660545,-120.12111929883933,224.5795740287689,270.0986041079947,-20.830438499822353,-339.95700824472607,431.1820107384775,-8.447266354128027,-320.4447821871024,-87.68680109837499,-142.7808454938085,-71.87788573964822,79.34018598748074,-353.66222577858855,56.388562508586354,-6.925028311173988,210.8362440787854,94.88210321908687,-138.37931736304654,91.46863098952082,-164.9682218240102,-16.89197757026028,-154.6866647565984,-123.93808092537994,-55.15015134377241,-78.34910767551507,25.100728496581468,329.64599608933065
-4.51765744045771,-6.218474010471267,-0.6228533247525603,1.4464149043587202,-2.82172169331073,18.149982339426284,-13.809117609997697,-6.67900751105118,-4.632392087801728,-2.6857696632559467,1.4145749798608882,-6.89466867607968,3.4797371131010393,6.274339427471984,7.366737206337308,0.34120563725010017,7.857473747419984,9.880058678561497,-2.779648043962611,-3.263251327572126,0.37307544954280425,-21.56476156812361,-3.651661545496688,-1.4616168467587336,-10.711640674852523,5.543995839671592,-1.1336796164022593,2.7717027188387062,-12.917943815884946,-4.1736697803639204,7.976789922190632,9.478933468221662,-0.5696337197340494,-11.7676717580448,15.120505896592132,-0.4746426092755019,-11.381501065565129,-3.1651836710829144,-5.1048271946972825,-2.6580700539063495,3.0404714910946464,-11.833224534603875,2.1080187272828095,-0.508265079309716,7.018878883226419,3.1754633216036696,-4.467612471707261,3.040907028414319,-5.758924572008339,-0.6821764513957566,-5.1528720881061485,-4.483150427559639,-1.8626816264294719,-2.690723246308864,0.65800024159485,11.39974354928057
-150.77175421408944,-198.31912682142226,-11.723136544864005,48.07448681111065,-87.04796397587866,584.6263157149691,-437.26350939345343,-210.66030386255582,-143.45098607306213,-79.69606975910095,36.85792316646469,-222.97554619418568,118.00050090125013,186.29396786648988,231.49735577026112,7.857473747419984,253.2994832532014,318.8053443175671,-89.62452960013083,-93.978173027389,11.55093204195142,-678.6834614462961,-126.82281903147273,-53.95295207151192,-348.5614226675436,167.1416836274406,-35.37748822922864,93.49612028745243,-400.3587798413528,-131.21714205920833,244.93412528125657,294.83607634778446,-23.100230830493885,-371.45891545659896,470.70122984751606,-8.820555024324486,-349.49105887979954,-95.52097925041821,-155.64826852603915,-78.15716248686647,86.03082814990128,-387.3530096968306,61.263359387381804,-6.963933095410895,231.00137534407938,103.9202529495068,-151.9276764569805,100.22496031947308,-180.14617706387043,-18.238151034421715,-169.47449354947116,-134.98853454532403,-60.36465898762096,-85.65579717807077,27.900351811961453,360.2189536609829
-189.7782649289662,-249.6001997863289,-14.729819936594485,60.51127175775975,-109.54790259121485,735.8158301611272,-550.3208222941762,-265.1253795388424,-180.53140683239562,-100.28584415244833,46.36315196117697,-280.6415070256779,148.5344773167862,234.42319657575447,291.34707645592084,9.880058678561497,318.8053443175671,401.2528559126092,-112.80288215385625,-118.24830987143898,14.536402470776686,-854.148833434653,-159.64829198611565,-67.92661381552495,-438.71309249988326,210.33169690094542,-44.523155370690446,117.68763009388616,-503.84767082820025,-165.14151530763897,308.2402889116821,371.0516934824125,-29.08855003441572,-467.4986209348603,592.3795875728963,-11.081843920133384,-439.8206293350101,-120.20386498863839,-195.87411040997702,-98.34712599714595,108.24344565641259,-487.5445918800918,77.0867378071597,-8.736703649455325,290.7550485468611,130.79972186161552,-191.24170688864655,126.15074902868123,-226.71747235318583,-22.943839079193886,-213.31268110042421,-169.86933835816123,-75.97648549159864,-107.80363228899839,35.13593347202344,453.3536253479047
53.34928485455912,70.17071010605427,4.144368252578497,-17.011035171495788,30.798898652120403,-206.85895975484496,154.71402710471477,74.53639570603387,50.7549854696045,28.196503674280635,-13.037551529087875,78.8961017448447,-41.755485493393685,-65.90848354922568,-81.9078072285976,-2.779648043962611,-89.62452960013083,-112.80288215385625,31.713521568019566,33.247115320751824,-4.086119535651149,240.1318231088892,44.8787426507612,19.0950050382768,123.3329719715638,-59.13436961426864,12.517384435470136,-33.08336754576837,141.65188767541673,46.427475614048184,-86.65975763924459,-104.31670070717298,8.175529119950998,131.42954864668036,-166.54176877039856,3.1174291140835635,123.65272893121,33.794934245932836,55.07035947654229,27.65189582423319,-30.434875945836342,137.05976238731174,-21.674197895723132,2.460345065738667,-81.7372695793756,-36.7710503825381,53.76072991392043,-35.46274835270588,63.738740782800065,6.452247966236553,59.96706930226063,47.758347851252246,21.358663443342113,30.305479052993377,-9.87507942799273,-127.4533550475078
55.36568186335014,73.81771337547875,5.283457890047653,-17.67302173755642,32.73285643444774,-216.95538178843353,163.11081562734262,78.67545321779625,53.87926307632446,30.336533852992837,-14.6491462245318,82.64550820008915,-43.12815767194014,-70.90213860110988,-86.55795439044893,-3.263251327572126,-93.978173027389,-118.24830987143898,33.247115320751824,36.122076955846204,-4.33904200711585,253.6421634417047,46.034636483735895,19.24939279443261,128.95838111540783,-63.30757305450598,13.256312249385918,-34.22540815397638,150.33483692843186,49.055382694239334,-92.23956529286374,-110.58941974949535,8.042471722810175,138.70001357933612,-176.50463485744112,3.9966840261054135,131.60914600360056,36.16682724999765,58.74139961311147,29.837803436755628,-33.25893818088886,143.0568032348148,-23.476920734919972,3.6353790894687403,-85.17559834954125,-38.3805875886473,55.482620106417954,-36.9418652494721,67.45190157278454,7.1861759491824815,62.501087434346594,51.149223725794876,22.361079170321243,31.903539498939413,-9.60450840380542,-134.45744141343383
-6.850941666319347,-9.053580528476546,-0.5743125225341152,2.1852762067837967,-3.9880101973477644,26.661560814877937,-19.977261502046368,-9.628418074194434,-6.569414598088644,-3.666755408742483,1.7227238919535368,-10.164409576514663,5.352694520872487,8.571871433601734,10.585125263670252,0.37307544954280425,11.55093204195142,14.536402470776686,-4.086119535651149,-4.33904200711585,0.5294794562407233,-31.02725788911828,-5.739321435001471,-2.42690892309056,-15.879196133766065,7.677138033001732,-1.618683502872574,4.2438575678596795,-18.333521670589622,-5.99927709413563,11.227462959815751,13.49621837250279,-1.030763812967789,-16.97665844921325,21.543911239636113,-0.4335423636470142,-16.020537894772843,-4.387120606456085,-7.1396958768348515,-3.599577263105258,3.980277648054027,-17.635433556427348,2.825461092727227,-0.3624513133522477,10.511335062095831,4.731424994423698,-6.889943060779568,4.560197870609896,-8.241088015935079,-0.8491840808050185,-7.712007366547736,-6.201191064323966,-2.751320056029855,-3.911841905899194,1.2403190660869805,16.461075837055404
403.13258878300127,531.7206197176295,32.7802770563834,-128.57033892409297,233.87485083740933,-1566.5058372197395,1172.8822982536333,565.1967819672844,385.32199401199426,214.66251304062152,-100.1856976369142,597.3150558987186,-315.2118516728671,-501.7670857446908,-621.2481523366924,-21.56476156812361,-678.6834614462961,-854.148833434653,240.1318231088892,253.6421634417047,-31.02725788911828,1821.1451639137954,338.3125187660411,143.4357555062624,933.3928731166669,-449.7340422561205,94.98130544181417,-249.8315920289472,1075.3435947700546,352.12500581172327,-658.2717657831896,-791.7358798699105,61.11925049990256,996.5711848459026,-1263.9232563412238,24.69516383100216,939.2663523903228,257.0024619901812,418.49799391355816,210.64525297257285,-232.47371839963756,1036.8987512867193,-165.24359049292283,20.20194838477541,-618.1621285326219,-278.18433859484156,405.77361262134394,-268.18232932100284,483.58042812151433,49.48242184059448,453.5334081009033,363.24782923219186,161.6875698379426,229.68380090525287,-73.6599794943914,-966.350153097219
75.954054797343,99.1020563284701,5.111230938672427,-24.20256964067104,43.22935304498063,-292.6736255187539,218.2172783018178,105.0545580217489,71.29071535894016,39.27938357601432,-17.662387053893386,111.7068954636141,-59.61101933495745,-91.82479405100395,-115.36399029703587,-3.651661545496688,-126.82281903147273,-159.64829198611565,44.8787426507612,46.034636483735895,-5.739321435001471,338.3125187660411,64.32626705731465,27.637928757612876,174.81475324180568,-82.63362533981645,17.607211042427114,-47.18803906497358,198.9957086087929,65.39695736396204,-121.5266862413651,-146.64504969052422,11.994953238513993,185.26703399042302,-234.15728787013194,3.8275721569172014,173.4069729619966,47.23485498044823,77.12474077638068,38.45046241385849,-41.98625739823162,194.47584392490768,-30.067100046423853,2.6330940084884453,-116.08885919499122,-52.17362652004341,76.78680916387464,-50.37831954538939,89.6973208745455,8.791699100155222,85.1594785895274,66.72057426552549,30.25201325654419,42.78487558586573,-14.576180733441952,-179.6980100144868
32.46501361117519,42.097185596793686,1.9255479142054566,-10.340370548825579,18.274529317966902,-124.49710468190753,92.60078568448098,44.555191964854004,30.153817235852493,16.506083928234276,-7.254709447538117,47.54497868379679,-25.534188869836704,-38.58843135550875,-48.89994591967122,-1.4616168467587336,-53.95295207151192,-67.92661381552495,19.0950050382768,19.24939279443261,-2.42690892309056,143.4357555062624,27.637928757612876,11.964126026966538,74.46679477378716,-34.80834759703921,7.45568264562262,-20.19813418956621,84.17849909289046,27.72239222921223,-51.335966743250175,-62.06544750121493,5.243393388365173,78.58086774607187,-99.1188288236805,1.4350275029611528,73.25369421634358,19.901075365406655,32.546764279920446,16.134211875870996,-17.504341380341497,82.90938468665954,-12.5922161206992,0.8400277011339528,-49.52792473780307,-22.243036725257546,32.90337352742505,-21.496062692212373,37.99527470928613,3.628565822025993,36.32935391275882,28.099852674600278,12.879034797795057,18.16748719991255,-6.400010662629067,-76.23172397372288
207.64058296869595,272.83493395354236,15.861341357371895,-66.20164193036912,119.65908010308364,-804.4814445953485,601.4568575905712,289.73660017543364,197.21056120114426,109.44620461786397,-50.43669414735198,306.85688790854186,-162.56800553624424,-255.8385531373242,-318.3661316088887,-10.711640674852523,-348.5614226675436,-438.71309249988326,123.3329719715638,128.95838111540783,-15.879196133766065,933.3928731166669,174.81475324180568,74.46679477378716,479.75571167415177,-229.62597833454606,48.64483000908308,-128.7927891989624,550.407452398701,180.45846444270867,-336.6549035550398,-405.371670979337,31.941137784702594,510.90336451729735,-647.1839714883442,11.927463465992268,480.3659934092037,131.23373829986602,213.89767678002224,107.30777981169248,-117.99749308292958,533.2214687296782,-84.08717137677584,9.27839567537468,-318.0310046856638,-143.05377865883602,209.32200254986356,-137.98850313946085,247.71837274380186,24.97621144437478,233.3207021173318,185.44650940146522,83.07698247189884,117.83314290926218,-38.61004320964452,-495.4569949000189
-98.89616065047733,-131.1082183825426,-8.699726431612874,31.553415361220186,-57.89025391386855,385.8218900097436,-289.43930938211435,-139.53975957372347,-95.33522426200055,-53.381015127190636,25.32654846542516,-147.04741464645065,77.19059833898363,124.76912824839168,153.4457262856754,5.543995839671592,167.1416836274406,210.33169690094542,-59.13436961426864,-63.30757305450598,7.677138033001732,-449.7340422561205,-82.63362533981645,-34.80834759703921,-229.62597833454606,111.62725846289632,-23.47920354672054,61.216054049932076,-266.03354143675153,-86.9685249817534,163.03131337564932,195.78952221991068,-14.69781536109369,-246.0217467138838,312.5233682919846,-6.567686538014549,-232.61964686706483,-63.78050574649918,-103.731354932997,-52.44022365967911,58.151761181917834,-254.91947817824706,41.196605890950636,-5.681104736342377,151.8813814260374,68.39132254061506,-99.3369640978842,65.88326821009787,-119.50567931133551,-12.467932859503291,-111.44038291534874,-90.17400542975993,-39.7957742440937,-56.6483494827904,17.63933877057357,238.53013577509915
20.997966628543747,27.723415579828703,1.734546058863711,-6.697228299322385,12.20337155289824,-81.65846220769512,61.162821989159944,29.4761915745035,20.10382082635803,11.211021403786683,-5.249017348833148,31.13370357645602,-16.413065342393324,-26.20450940561897,-32.40211436621562,-1.1336796164022593,-35.37748822922864,-44.523155370690446,12.517384435470136,13.256312249385918,-1.618683502872574,94.98130544181417,17.607211042427114,7.45568264562262,48.64483000908308,-23.47920354672054,4.954847184769833,-13.010082717161035,56.103955659239894,18.365551194321522,-34.35160653364839,-41.30397150135606,3.171451719489527,51.97261139849569,-65.93595842801273,1.3070695783485187,49.01447743499377,13.416505504454467,21.842579851698293,11.003717838790854,-12.155306098276595,54.032124103496436,-8.634375985180712,1.082335964796772,-32.20812859742893,-14.495875106184148,21.127164622054575,-13.97276422109216,25.224569942471977,2.591263892399053,23.630932793169798,18.96435996981636,8.427227186023252,11.975803515232704,-3.8191705610465925,-50.39516177947439
-55.863359141292335,-73.11418186769795,-3.9823394436733044,17.805121738815878,-31.969337963794786,215.7748138599692,-161.07499800438342,-77.56647898023787,-52.707190251184606,-29.133293242095622,13.244904448312887,-82.33333679349816,43.79617898205045,68.10477843349881,85.20179871506947,2.7717027188387062,93.49612028745243,117.68763009388616,-33.08336754576837,-34.22540815397638,4.2438575678596795,-249.8315920289472,-47.18803906497358,-20.19813418956621,-128.7927891989624,61.216054049932076,-13.010082717161035,34.681627469252895,-147.11484139377887,-48.29673771869306,89.90449437540438,108.38469965551438,-8.721624189050917,-136.78447635492068,173.05261205176203,-2.988399699989541,-128.2844793765195,-34.98952333903137,-57.084983557340394,-28.53862437418302,31.260410221615377,-143.2197721814984,22.33723676984053,-2.1822457907115616,85.46112405411093,38.423014683492724,-56.405130871110295,37.08420905664772,-66.26734719519426,-6.577123013644645,-62.6943012724119,-49.43236622420526,-22.29437175923015,-31.570968272493598,10.574216600168288,132.662251801631
237.48553038420448,313.7992430733029,19.865701212624973,-75.75162587758314,138.21108403381987,-924.1176733893002,692.3864383113998,333.7049680633823,227.6749148041007,127.06502360542204,-59.651285776108296,352.3125559186789,-185.57596749260387,-297.0044923466089,-366.8557915660545,-12.917943815884946,-400.3587798413528,-503.84767082820025,141.65188767541673,150.33483692843186,-18.333521670589622,1075.3435947700546,198.9957086087929,84.17849909289046,550.407452398701,-266.03354143675153,56.103955659239894,-147.11484139377887,635.3665903921755,207.9306150885873,-389.0904501412949,-467.72847372843324,35.755774070880136,588.382019389668,-746.6509421696695,14.977599065636081,555.1770868172246,152.01829661021463,247.43603031067437,124.73613370936982,-137.8958756833939,611.299706878056,-97.90086843464633,12.512469301655727,-364.3571931535321,-164.00289881848417,238.866829294472,-158.06462736721454,285.6144447271506,29.427360190178025,267.32845755237986,214.88510818995329,95.36042781499287,135.56182625644226,-43.02978454591157,-570.5134050795774
77.9346948190418,102.80634613858768,6.349679133426372,-24.855692552626603,45.22317786604553,-302.87027638634584,226.7770755041744,109.28211108418526,74.50687881901241,41.51288164204956,-19.381982812636398,115.48425710870724,-60.93525798423698,-97.03436292093046,-120.12111929883933,-4.1736697803639204,-131.21714205920833,-165.14151530763897,46.427475614048184,49.055382694239334,-5.99927709413563,352.12500581172327,65.39695736396204,27.72239222921223,180.45846444270867,-86.9685249817534,18.365551194321522,-48.29673771869306,207.9306150885873,68.08501143064123,-127.28829781906808,-153.09016879872632,11.810276193695216,192.68921445960237,-244.3917422970473,4.783509858972087,181.6228418922379,49.698061955656264,80.92550776408777,40.73717234854959,-44.963764280342644,200.46674337884394,-31.957876209330756,3.9192256363619147,-119.50925874886377,-53.78204933380897,78.44148842620424,-51.8475186568592,93.50369300718219,9.572579749601857,87.68183753796714,70.2441693783262,31.26031152032812,44.40859703388738,-14.232124723548853,-186.84515477800423
-145.16856771572918,-192.02869095450095,-12.351997691441252,46.3088161852484,-84.64863121513433,565.3736222341313,-423.7794495328634,-204.26607636271171,-139.42806200413017,-77.8999435512044,36.70048590891666,-215.522495598403,113.39445286715828,182.0821507023061,224.5795740287689,7.976789922190632,244.93412528125657,308.2402889116821,-86.65975763924459,-92.23956529286374,11.227462959815751,-658.2717657831896,-121.5266862413651,-51.335966743250175,-336.6549035550398,163.03131337564932,-34.35160653364839,89.90449437540438,-389.0904501412949,-127.28829781906808,238.33076652268582,286.40538556451946,-21.76286613852102,-360.1521327092913,457.1878011194385,-9.316726076839629,-340.06244537488215,-93.15688377106659,-151.5891895962068,-76.49062219908065,84.64781264260608,-373.8455327385856,60.0533017930987,-7.878596973219633,222.79634289586193,100.29730591614836,-145.94739457023945,96.65029414936029,-174.86585374508712,-18.092721094719927,-163.46806925021892,-131.69039518047472,-58.33274253801314,-82.96106880229546,26.166549253637633,349.20472669479204
-174.9470956767843,-231.0677178025409,-14.53906042932008,55.80130864649473,-101.74027168414449,680.5424705240988,-509.80809754542304,-245.69971312360255,-167.60273590651997,-93.49973317986901,43.83400648945864,-259.4610248515287,136.72675825459518,218.54965924362222,270.0986041079947,9.478933468221662,294.83607634778446,371.0516934824125,-104.31670070717298,-110.58941974949535,13.49621837250279,-791.7358798699105,-146.64504969052422,-62.06544750121493,-405.371670979337,195.78952221991068,-41.30397150135606,108.38469965551438,-467.72847372843324,-153.09016879872632,286.40538556451946,344.3327946253729,-26.3830573524049,-433.2164464502224,549.6742575966155,-10.959650091291774,-408.65990759705335,-111.88003639188113,-182.1224185802535,-91.77768346898145,101.42071127893949,-450.2431188830377,72.02450870403675,-9.112386033062434,268.37477864554745,120.79334136626578,-175.99425174906497,116.4274120056027,-210.2752784433694,-21.630514621698815,-196.90504935914782,-158.14439470749372,-70.22970988792363,-99.82008463842485,31.761004209759847,420.0640553927221
13.991344966262428,17.985779675960686,0.6759089803214944,-4.452729825733902,7.754707110974897,-53.29542470954851,39.50677713616332,18.99367581794798,12.805883240248768,6.944659932155273,-2.95051212907907,20.369010116607885,-11.035903325378085,-16.23798205597115,-20.830438499822353,-0.5696337197340494,-23.100230830493885,-29.08855003441572,8.175529119950998,8.042471722810175,-1.030763812967789,61.11925049990256,11.994953238513993,5.243393388365173,31.941137784702594,-14.69781536109369,3.171451719489527,-8.721624189050917,35.755774070880136,11.810276193695216,-21.76286613852102,-26.3830573524049,2.329296873838122,33.50466460091928,-42.14044783095747,0.4992827706484703,31.054276355882877,8.404817552420337,13.776286200113189,6.773986757668182,-7.28174013500991,35.60269620511575,-5.272438915224285,0.19224236503387981,-21.289719260963608,-9.550850656464224,14.227951964242052,-9.242940083798793,16.17008029491403,1.4869052662678692,15.614260640927906,11.861728036207877,5.519918515693961,7.759519880803565,-2.859150117588526,-32.50959673197383
220.70054441276025,290.9988320421673,17.848799007376105,-70.38513740640539,127.96168228472389,-857.3790127617419,641.8573221285748,309.2933238759185,210.83030287309668,117.41331717966177,-54.736563717083996,326.93170488609644,-172.58708566492768,-274.4513834759938,-339.95700824472607,-11.7676717580448,-371.45891545659896,-467.4986209348603,131.42954864668036,138.70001357933612,-16.97665844921325,996.5711848459026,185.26703399042302,78.58086774607187,510.90336451729735,-246.0217467138838,51.97261139849569,-136.78447635492068,588.382019389668,192.68921445960237,-360.1521327092913,-433.2164464502224,33.50466460091928,545.3589476838222,-691.5882974776364,13.444298076742662,513.8885778143679,140.59080600397007,228.95446119489398,115.20750129369044,-127.10560935315895,567.5837244611562,-90.36743048286742,10.952647662615524,-338.3866532067134,-152.27354314737113,222.17649881257304,-146.80694054227885,264.6136868831869,27.041470301762224,248.26641932762533,198.7082522543334,88.49884068545352,125.69932764745771,-40.39008283872997,-528.8247389968027
-279.3228061479232,-368.8875477874927,-23.17481363220524,89.09323874870725,-162.40985905674398,1086.4747531298392,-813.867600219013,-392.236368619214,-267.54975198990053,-149.24133971829136,69.94288586862876,-414.22980419574134,218.30855563089577,348.8411342651565,431.1820107384775,15.120505896592132,470.70122984751606,592.3795875728963,-166.54176877039856,-176.50463485744112,21.543911239636113,-1263.9232563412238,-234.15728787013194,-99.1188288236805,-647.1839714883442,312.5233682919846,-65.93595842801273,173.05261205176203,-746.6509421696695,-244.3917422970473,457.1878011194385,549.6742575966155,-42.14044783095747,-691.5882974776364,877.4746008824019,-17.46828414511577,-652.3438170091503,-178.58669256598438,-290.71795060289173,-146.4892203100644,161.86350502658584,-718.83212231963,114.95689411967953,-14.506556477905763,428.4772485690575,192.85240114116272,-281.00794508503185,185.88314963714438,-335.6771167345396,-34.51635590780657,-314.37106079763515,-252.43296625241783,-112.1218495633606,-159.35520513142214,50.73502450285016,670.5946330646715
4.919499031449167,7.043311750424834,0.9473355009869154,-1.5800258334789634,3.283038328540341,-20.38614030328569,15.733987453651622,7.634181082218989,5.374160397804957,3.2182932235157415,-1.8466017762449993,7.717288294461785,-3.732243181701203,-7.517788784201708,-8.447266354128027,-0.4746426092755019,-8.820555024324486,-11.081843920133384,3.1174291140835635,3.9966840261054135,-0.4335423636470142,24.69516383100216,3.8275721569172014,1.4350275029611528,11.927463465992268,-6.567686538014549,1.3070695783485187,-2.988399699989541,14.977599065636081,4.783509858972087,-9.316726076839629,-10.959650091291774,0.4992827706484703,13.444298076742662,-17.46828414511577,0.72572707948201165,13.291850368326328,3.746462930841276,5.9930930375363305,3.206225848009603,-3.7691943835901625,13.10847000388205,-2.564525525396069,0.8494548484200228,-7.738166647327519,-3.5176140919392966,4.779337015047611,-3.349632952020649,6.627821314384811,0.8766686208876057,5.6837502233729,5.316198433847013,2.081818254469281,3.054781432450219,-0.5400305912846367,-13.011433379374969
207.1400086167625,274.00074931750805,17.621044950051193,-66.0785930821986,120.78125161921169,-806.7183522190331,604.6786772167645,291.4611378322087,198.94402656723165,111.150567684213,-52.36501327586745,307.52523862536555,-161.80212888808447,-259.80310593042566,-320.4447821871024,-11.381501065565129,-349.49105887979954,-439.8206293350101,123.65272893121,131.60914600360056,-16.020537894772843,939.2663523903228,173.4069729619966,73.25369421634358,480.3659934092037,-232.61964686706483,49.01447743499377,-128.2844793765195,555.1770868172246,181.6228418922379,-340.06244537488215,-408.65990759705335,31.054276355882877,513.8885778143679,-652.3438170091503,13.291850368326328,485.2212107657802,132.92171588047063,216.2953732599104,109.13904096345804,-120.77617172754364,533.4333022720443,-85.68563426012831,11.237581568194914,-317.9050797876338,-143.11340309532483,208.25260004255205,-137.90842878126745,249.50942358014493,25.813443596656004,233.25007785018624,187.90172292681942,83.2338493878888,118.3749928885724,-37.338713138002895,-498.2694592150544
