V1,V2,V3,V4,V5,V6,V7,V8,V9,V10,V11,V12,V13,V14,V15,V16,V17,V18,V19,V20,V21,V22,V23,V24,V25,V26,V27,V28,V29,V30,V31,V32,V33,V34,V35,V36,V37,V38,V39,V40,V41,V42,V43,V44,V45,V46,V47,V48,V49,V50,V51,V52,V53,V54,V55,V56
11.769864843665397,14.787703609938818,0.2314472305056191,-3.7391428481035147,6.258402775659861,-44.04841260792771,32.35701942402339,15.523022893384919,10.357917010864297,5.472488297976054,-2.0981007905430693,16.870534145777384,-9.353217287757806,-12.80094743669099,-16.98889996219002,-0.34874666428666157,-19.10015794196295,-24.06309762615737,6.760974522226439,6.209838006317861,-0.8337204964806177,49.889970410397304,10.274552635413952,4.604257728868888,26.53724842572399,-11.69825128054513,2.5761877813345526,-7.37375941377366,28.934243977247903,9.634582124226275,-17.515194861390093,-21.39328611768641,2.111069815308769,27.393025174991916,-34.18807628300906,0.15924614477881455,24.995491713258247,6.694861073410006,11.041886283880705,5.305880706854021,-5.550738755846905,29.667894547374722,-4.09720731726627,-0.21024258858459877,-17.788739653741157,-7.958511297250032,12.074422431258228,-7.727813684699514,13.154238724713633,1.0818828996930676,13.042194736134775,9.433980004613565,4.576486045356924,6.373084522191253,-2.6257237382846204,-26.595541968132537
14.787703609938818,19.3372245589713,1.037193513817562,-4.713330583837629,8.44930700080496,-57.07882814666795,42.59477139759536,20.510165908121586,13.931379084428391,7.693446152458639,-3.487286670737248,21.781721585247993,-11.597017335991364,-17.985089983755373,-22.526984416451583,-0.7276358437708175,-24.73279608688166,-31.132676522025328,8.752085358194263,9.031654305741956,-1.1216817004234045,66.05696715878484,12.500576116221183,5.357128177527592,34.076107307391304,-16.170654415871798,3.439172694087626,-9.18247435418178,38.88533658028614,12.769540758798811,-23.758541640606435,-28.65003135736916,2.316101370899358,36.168261620248884,-45.74591171619393,0.778034664174767,33.9020454034741,9.243571607653054,15.083866223095482,7.53478847057157,-8.245766949360862,37.897602344622094,-5.895916143696263,0.5588998016281391,-22.616551333773597,-10.167569561507548,14.936752271441344,-9.813845208818124,17.51909092222422,1.7323370272296907,16.5912909173505,13.057799674168166,5.898167100116453,8.34916135206851,-2.810032236952819,-35.079580499365726
0.2314472305056191,1.037193513817562,0.7409416571248925,-0.08811828644777042,0.7005849961923155,-2.575464816841297,2.548294367005739,1.2968336392654802,1.1080702976094008,0.913479126312997,-0.8798346965450982,0.907762287933559,-0.03083959274249028,-2.1270709096481983,-1.4993591188258422,-0.2912250661514552,-1.099996045438725,-1.3596451719131117,0.385510107737583,1.3350226155555796,-0.08963288639655577,4.306408645402051,-0.2018226382770327,-0.3330484067767694,1.2451210527454257,-1.6827481981374084,0.2501633736939579,-0.06385072810058508,3.0649036779140664,0.844444970565143,-2.0720867279287978,-2.1672286068979947,-0.2898286223226492,2.2652664564579363,-3.423338112583606,0.5732717217331589,2.952650241387168,0.9519660124290502,1.4098274139176383,0.9601392702413879,-1.363619279038097,1.1964983319264917,-0.8180668852666811,0.8071107806155943,-0.6118958758779438,-0.321661853794676,0.006020813648122081,-0.25555183616521737,1.2364781787445895,0.389112933557398,0.4576808425855425,1.373993232631292,0.23615347369521994,0.46350422152656756,0.43071487568249256,-2.163001773151988
-3.7391428481035147,-4.713330583837629,-0.08811828644777042,1.1891590217404422,-1.9997126488372068,14.028290672564845,-10.318821631782647,-4.952051558806484,-3.308688825499294,-1.754803575905113,0.6847735018802429,-5.3720535165057415,2.9684373659767993,4.10490514294402,5.4203741512346,0.11761109693631558,6.082488560457771,7.6619289528551535,-2.1534880903277394,-1.99645815955304,0.2665289927349296,-15.916844054279125,-3.255971811211665,-1.4555414878927377,-8.444709925917673,3.744452338440943,-0.822040937508752,2.340953966753956,-9.24185609896986,-3.0736434377924304,5.598090205821918,6.83056414303495,-0.6634092226989108,-8.736225985112421,10.916818774812493,-0.06243807521695848,-7.991271996652301,-2.1441399565696218,-3.53226946662446,-1.7026481853602413,1.7877960078225132,-9.436865838379058,1.3163445470546626,0.050605741641818795,5.656669299897291,2.5324977081351245,-3.8318227455497467,2.4563249263758724,-4.198307301852117,-0.3503779756512092,-4.147429800036759,-3.0205268371645952,-1.4567887490505151,-2.031052617241004,0.8240619814664351,8.482427196784236
6.258402775659861,8.44930700080496,0.7005849961923155,-1.9997126488372068,3.781465885866475,-24.765396692046846,18.70691370006825,9.032968965719146,6.217682515623132,3.5426145521635495,-1.773536882651363,9.423256806428016,-4.853980737361276,-8.27785798099493,-9.948211485227608,-0.40891802640270614,-10.725086241791947,-13.491517305624855,3.7941690519342437,4.253584492796368,-0.5006150972220513,29.139227800988774,5.147479466619876,2.1168335835697127,14.679390980013258,-7.360469964671386,1.526692247657736,-3.8574965287930976,17.344695304658362,5.637411587780948,-10.669731905285955,-12.746516952095957,0.8626721146558242,15.921432981942507,-20.338879733924838,0.5315832798369844,15.222863003066953,4.203246303579562,6.807980014388013,3.4933551351978025,-3.9358468345239372,16.2575969388493,-2.7575360034437484,0.5250874249216774,-9.665224812070152,-4.361778772530902,6.2394312694067375,-4.190426377476389,7.7622554510480075,0.8642793876968263,7.093673211681669,5.948720311985062,2.548190899634539,3.653463523118915,-1.0181656676089963,-15.429722066268408
-44.04841260792771,-57.07882814666795,-2.575464816841297,14.028290672564845,-24.765396692046846,168.82959373572638,-125.54279134072864,-60.401531899994666,-40.86663186732951,-22.354137705351935,9.800577927343754,-64.47880394148936,34.65129657095613,52.26267532721471,66.28856950962393,1.9677243263633502,73.1666886641117,92.11774170008795,-25.893452327210156,-26.056854008636087,3.2898420296750515,-194.44423860578442,-37.51820042814017,-16.251839152165978,-100.99944183481246,47.15530546366545,-10.105703412261592,27.408851213246642,-114.08722674037291,-37.58024238157816,69.56565136213737,84.12272516434841,-7.131125633316922,-106.53149342204462,134.34402924068965,-1.9188797441998098,-99.26593729901575,-26.960249164934268,-44.097834817647275,-21.84703958515527,23.687120165258666,-112.45971624662204,17.047695937347825,-1.098851411497379,67.18569621785223,30.170220754996496,-44.65352262940895,29.161438875414763,-51.50251554215506,-4.904380000653239,-49.28077709077787,-38.06627295646025,-17.467069582767824,-24.63395844358087,8.707801332671067,103.34763816460476
32.35701942402339,42.59477139759536,2.548294367005739,-10.318821631782647,18.70691370006825,-125.54279134072864,93.92683214280083,45.254431715406206,30.82604259741909,17.139390244906654,-7.9485741457025565,47.87918050693104,-25.317425866288136,-40.06407118490404,-49.73304776436132,-1.7000131075616307,-54.39271798205621,-68.45766380613057,19.24611566780283,20.221704910888214,-2.4823709455468483,145.80022987511347,27.19960880962427,11.561432316041,74.83646917890454,-35.93358229389017,7.600868447065255,-20.061635012004707,86.03130549322807,28.189257049883494,-52.640982307531836,-63.351297264981696,4.94228329165206,79.79445985616798,-101.1395330415498,1.9185733680151267,75.11440575138104,20.53677720572425,33.45701150110334,16.81114784539551,-18.517894471425908,83.15641589816208,-13.180340164553572,1.5304707363049066,-49.586946876622505,-22.310472142901084,32.59547728935883,-21.513073850257854,38.70424830638055,3.929764568542587,36.379923992741645,29.022089608045572,12.961278082884773,18.39706378332553,-5.965979511514171,-77.37970386812272
15.523022893384919,20.510165908121586,1.2968336392654802,-4.952051558806484,9.032968965719146,-60.401531899994666,45.254431715406206,21.81100717155546,14.880042581576904,8.304041719459287,-3.898272211150959,23.028223768020826,-12.130553794551883,-19.409985906310425,-23.976849503665537,-0.8446100520443951,-26.167829199992305,-32.931736941419494,9.259036909095334,9.823625146154193,-1.1983007537787247,70.28317588490636,13.008237971088967,5.5041927880793144,35.97551778720888,-17.385516631969615,3.6666185952919617,-9.616292999313206,41.52527319361216,13.589822357169163,-25.428690788452894,-30.568770373251244,2.3374503942814093,38.455312465133325,-48.79934822260592,0.9780101717285916,36.284698290161366,9.935347308630758,16.171558791067707,8.151607986435936,-9.010443406280006,39.95576946740847,-6.39773777910806,0.8162812839204427,-23.815643996075558,-10.720230663511401,15.614307278060657,-10.331049044872836,18.6669464675129,1.9224008028429744,17.473532125717487,14.043110202057004,6.2328460015318115,8.859788223213902,-2.813416099852427,-37.28842374844053
10.357917010864297,13.931379084428391,1.1080702976094008,-3.308688825499294,6.217682515623132,-40.86663186732951,30.82604259741909,14.880042581576904,10.226896597662346,5.80647986818958,-2.8767925877500513,15.555219478616968,-8.043817805473726,-13.569123955197055,-16.38284305003036,-0.6567849637419058,-17.699402771616274,-22.266333205528234,6.2612512497272395,6.954867880022597,-0.823557869106396,47.99258530600688,8.546885288521718,3.5326584815666178,24.243542334329444,-12.079810080775735,2.512511704796255,-6.389811527866458,28.530687638977888,9.283929915411713,-17.537238821729268,-20.973181814283848,1.4507953552767816,26.22899656045371,-33.46816865538667,0.840212793754445,25.021714125030005,6.899381155547841,11.183481341252403,5.721328774687756,-6.425999653282257,26.863222649425726,-4.512009728317843,0.8119962600634015,-15.977540112251612,-7.207224288955449,10.34237095175928,-6.927959490426148,12.778016776002426,1.4043024021853883,11.72569680820588,9.762185129711327,4.20709461241414,6.023328398959057,-1.7185428080244582,-25.421263456770106
5.472488297976054,7.693446152458639,0.913479126312997,-1.754803575905113,3.5426145521635495,-22.354137705351935,17.139390244906654,8.304041719459287,5.80647986818958,3.4271280044076504,-1.8937748912310213,8.475563229076158,-4.182008611076745,-8.004723359467366,-9.175086512608072,-0.4740744851822676,-9.674294121364861,-12.159482353851388,3.4211966113051258,4.214897743882267,-0.46764609546388275,26.839129384396692,4.336165821378167,1.6783915273472836,13.131542437709644,-7.029532473392633,1.4164424610928452,-3.3399337050008415,16.186489036294564,5.197121211535223,-10.035654724286712,-11.859341087000423,0.6188171393021376,14.627446857278988,-18.909188083371344,0.6978196068805628,14.317171779835494,4.010771841156034,6.44065227378236,3.404424299133142,-3.954022024105522,14.466512417471911,-2.712625568524201,0.7906417477370445,-8.558669075280742,-3.8817600684143385,5.361571676536272,-3.7063122922143754,7.187025513289977,0.9059635057101508,6.285173487522226,5.687238206534134,2.287896816138581,3.332651243616229,-0.6931396830966486,-14.162426336113633
-2.0981007905430693,-3.487286670737248,-0.8798346965450982,0.6847735018802429,-1.773536882651363,9.800577927343754,-7.9485741457025565,-3.898272211150959,-2.8767925877500513,-1.8937748912310213,1.3321259097202118,-3.6653066148744347,1.4928093101114237,4.420032055668311,4.356015555588284,0.38801258336741096,4.230573564471242,5.299001056819842,-1.493526213084042,-2.48786384441915,0.2327571708473445,-12.683925732191065,-1.3711487088784864,-0.33993521209251665,-5.554233909006756,3.7388805735198436,-0.6858668584716333,1.2221733057624236,-8.001592770489124,-2.463193996133915,5.089380921395911,5.802451496089481,0.002265182529030851,-6.849256125704194,9.229845744113415,-0.6789452677810901,-7.262406777883443,-2.129557988023905,-3.3278833243252968,-1.9205653361779869,2.417576567466821,-5.986274206061396,1.570519315087897,-0.8868291828101216,3.4700515425870266,1.6083940742943235,-1.8894481247105448,1.494482934114472,-3.4586930892615193,-0.6105772540703072,-2.554300959933118,-3.03526848547824,-0.9823940886814052,-1.5210895054114415,-0.08220179633615242,6.61066861451611
16.870534145777384,21.781721585247993,0.907762287933559,-5.3720535165057415,9.423256806428016,-64.47880394148936,47.87918050693104,23.028223768020826,15.555219478616968,8.475563229076158,-3.6653066148744347,24.634416053916368,-13.287607588436265,-19.817050051869696,-25.263904002908692,-0.7240677639100835,-27.945405588310443,-35.18585941748954,9.89031773513869,9.849827329967786,-1.25242671547209,74.11714902277696,14.41216274544646,6.270367240905489,38.604889380939014,-17.904481286091166,3.848772070791147,-10.506166494431191,43.42847088717424,14.322930880771246,-26.458257743758672,-32.03170961000126,2.766042136841346,40.61629635906161,-51.16007179330747,0.674585952003325,37.75683892703834,10.23898204240736,16.76226913648989,8.275779285231529,-8.937658627292215,43.005760823452654,-6.450407636214084,0.33410411477514557,-25.7040060057525,-11.538126130997211,17.127205417311952,-11.157137974130656,19.620735920959078,1.83841214064623,18.852802552768036,14.452297905213866,6.67424598742525,9.39864575597357,-3.386063148406383,-39.40706936376524
-9.353217287757806,-11.597017335991364,-0.03083959274249028,2.9684373659767993,-4.853980737361276,34.65129657095613,-25.317425866288136,-12.130553794551883,-8.043817805473726,-4.182008611076745,1.4928093101114237,-13.287607588436265,7.465501922228909,9.782487793454344,13.258914193696134,0.21845072978210658,15.028302746787361,18.939020515223653,-5.321644735805002,-4.682824874405114,0.6468401712804013,-38.95735989360888,-8.250077921111794,-3.74818408004834,-20.939362544962663,8.994814902705306,-2.006164795920889,5.876800278007197,-22.475759807301536,-7.520907045392043,13.560748824587993,16.638403097740493,-1.746615010498089,-21.410731178013595,26.598473552661172,-0.007450843440526516,-19.35255468622442,-5.149483673958009,-8.52803010189866,-4.039420808713154,4.150520032186817,-23.45022164329773,3.103063626787144,0.3352989143347743,14.082480957192073,6.290459173125418,-9.644168491399077,6.119454671042733,-10.250708362586149,-0.7839591868677321,-10.323357046493625,-7.2499448921868535,-3.6064153292301198,-4.993334474970497,2.1872275060752657,20.795171863460787
-12.80094743669099,-17.985089983755373,-2.1270709096481983,4.10490514294402,-8.27785798099493,52.26267532721471,-40.06407118490404,-19.409985906310425,-13.569123955197055,-8.004723359467366,4.420032055668311,-19.817050051869696,9.782487793454344,18.700717228253293,21.445647000022195,1.1049324626594315,22.619299349109646,28.429175731647227,-7.996836877513025,-9.842831678228027,1.094061718358719,-62.73315943097555,-10.14572358156527,-3.9296003960298145,-30.704564482088415,16.422694011759123,-3.309652911341395,7.813309089611864,-37.82743141114406,-12.146728096570497,23.449930577278806,27.71610383599772,-1.451254343928636,-34.190687542169016,44.19190970654387,-1.6263079951370087,-33.45686312440717,-9.372000620190477,-15.04778341969278,-7.9504603148118775,9.231808405291842,-33.82833864729772,6.33473280906014,-1.838017309163479,20.015265176465046,9.077573370916767,-12.543097288558545,8.668127237194096,-16.79741328336077,-2.1126301226243718,-14.697583789233196,-13.287526180295812,-5.3498683611171485,-7.7928366865801015,1.6266952746492502,33.10435958913904
-16.98889996219002,-22.526984416451583,-1.4993591188258422,5.4203741512346,-9.948211485227608,66.28856950962393,-49.73304776436132,-23.976849503665537,-16.38284305003036,-9.175086512608072,4.356015555588284,-25.263904002908692,13.258914193696134,21.445647000022195,26.367103455268015,0.9539426967237028,28.71692991055951,36.137298694756595,-10.159570438359111,-10.8832317085784,1.319351249598549,-77.27825556131917,-14.192199218126072,-5.976274744147783,-39.45058505548835,19.185290311490892,-4.034582270741304,10.515368525960842,-45.71634934705078,-14.943968577451633,28.01731548711762,33.644863936158565,-2.5227435607056714,-42.27376012548179,53.70400998941717,-1.1320517362659759,-39.97603179840935,-10.961860677337944,-17.826810899291893,-9.013759086465003,9.997773531462197,-43.79494081791751,7.081630332974634,-0.9810372040962375,26.09235745752251,11.749431428003764,-17.0627925687089,11.318526322640741,-20.53544344293063,-2.1440917731988147,-19.144764992599832,-15.498327946202703,-6.837258578291312,-9.73384989141684,3.0269340515168843,40.98600344337884
-0.34874666428666157,-0.7276358437708175,-0.2912250661514552,0.11761109693631558,-0.40891802640270614,1.9677243263633502,-1.7000131075616307,-0.8446100520443951,-0.6567849637419058,-0.4740744851822676,0.38801258336741096,-0.7240677639100835,0.21845072978210658,1.1049324626594315,0.9539426967237028,0.1217754106203575,0.8464060792207349,1.0557399997178247,-0.29914737701711197,-0.6521611172036007,0.05315664866893621,-2.765889738982594,-0.14882643093251058,0.025286106071139042,-1.0661853604186813,0.907211388277544,-0.1531919438193145,0.18730863263523886,-1.822637236904083,-0.5386530800812523,1.186309191793982,1.308531746471956,0.0661970807530458,-1.4787858386865889,2.0780574143747734,-0.2254015751937744,-1.6940242459827817,-0.516347756429011,-0.7893332694159632,-0.4882597418386255,0.6486364348480688,-1.1161106712775524,0.4065975991361081,-0.30752088348606615,0.6289960423797785,0.30089383611211973,-0.26931462015788565,0.26812552992424465,-0.7678191517953998,-0.17367411722114515,-0.4647555106330918,-0.7385457667980229,-0.19209686214103022,-0.3187943458215552,-0.10895090814371564,1.4233280869795917
-19.10015794196295,-24.73279608688166,-1.099996045438725,6.082488560457771,-10.725086241791947,73.1666886641117,-54.39271798205621,-26.167829199992305,-17.699402771616274,-9.674294121364861,4.230573564471242,-27.945405588310443,15.028302746787361,22.619299349109646,28.71692991055951,0.8464060792207349,31.70944867753717,39.92296548604648,-11.22117020699855,-11.270943783585668,1.4251245652288027,-84.23681840261183,-16.27696935043832,-7.055885302237058,-43.77775276380876,20.413899912067542,-4.377201159959904,11.886655687273459,-49.412317773823354,-16.280040787754462,30.1247762044513,36.436691056746675,-3.099694496936497,-46.153745905261694,58.18974379862886,-0.8193884931748336,-42.98652286380922,-11.67181293214171,-19.093508570352157,-9.453151086720064,10.242366639393941,-48.749598503343144,7.375059590798677,-0.45766710612655837,29.126395881086307,13.078259651421481,-19.367264355533116,12.64262960220297,-22.309633335717383,-2.1178283980823784,-21.363795443842204,-16.479048124689385,-7.570688521528551,-10.674581495770642,3.7866313111478074,44.77494817280625
-24.06309762615737,-31.132676522025328,-1.3596451719131117,7.6619289528551535,-13.491517305624855,92.11774170008795,-68.45766380613057,-32.931736941419494,-22.266333205528234,-12.159482353851388,5.299001056819842,-35.18585941748954,18.939020515223653,28.429175731647227,36.137298694756595,1.0557399997178247,39.92296548604648,50.26533437728953,-14.128121138880582,-14.156652597796223,1.7924544392510764,-106.00633473068568,-20.521257399156113,-8.904227106164827,-55.12763760585685,25.667051733823964,-5.507802114750526,14.97818026200327,-62.16290296942652,-20.487246132228986,37.89145911943725,45.84261783202156,-3.917325914689985,-58.085361147851124,73.21180795933795,-1.011445972204946,-54.06772830142312,-14.674747857706985,-24.012372864439676,-11.87929365760533,12.859417670142129,-61.39547073746601,9.265242901335984,-0.5477881022650439,36.685316601010186,16.47023791262519,-24.407916198888696,15.924300385130548,-28.071935614915315,-2.655657440549835,-26.90801590715869,-20.71869292396071,-9.532606819296765,-13.435966227580083,4.788122908474939,56.35075067629235
6.760974522226439,8.752085358194263,0.385510107737583,-2.1534880903277394,3.7941690519342437,-25.893452327210156,19.24611566780283,9.259036909095334,6.2612512497272395,3.4211966113051258,-1.493526213084042,9.89031773513869,-5.321644735805002,-7.996836877513025,-10.159570438359111,-0.29914737701711197,-11.22117020699855,-14.128121138880582,3.9726952280684893,3.983273999762123,-0.5035188440579584,29.80362249396591,5.765217203081127,2.5019657816958025,15.493815476388596,-7.218622365623469,1.5487295955054328,-4.208216576486829,17.479238483690516,5.760101472398615,-10.655296729954499,-12.889167574792042,1.0988215966635464,16.329293320372066,-20.586099126481127,0.28651694163159513,15.204907449134158,4.127337892746044,6.754247594372404,3.34280269999713,-3.619044499867044,17.25436436054662,-2.607268761767444,0.15826721906310698,-10.309553594943669,-4.629328239718393,6.858015580838796,-4.47412435116459,7.892646624654089,0.7483329246812233,7.562302505574929,5.826930594505957,2.6790166567275926,3.7754555218864967,-1.3431210309906367,-15.842450040155452
6.209838006317861,9.031654305741956,1.3350226155555796,-1.99645815955304,4.253584492796368,-26.056854008636087,20.221704910888214,9.823625146154193,6.954867880022597,4.214897743882267,-2.48786384441915,9.849827329967786,-4.682824874405114,-9.842831678228027,-10.8832317085784,-0.6521611172036007,-11.270943783585668,-14.156652597796223,3.983273999762123,5.274546861749941,-0.560496990636186,31.80073965898993,4.756067188406943,1.731272336695304,15.193376272189164,-8.56564620474317,1.6881226866547505,-3.7569401759151146,19.378023317875225,6.162487001125974,-12.087789061015913,-14.164949065012028,0.5682790715560956,17.29772202465341,-22.57001358180031,1.0229209702865742,17.24206667494572,4.8831272164457635,7.790575317333572,4.209398579559042,-4.995366823692757,16.663640285562625,-3.376703929143621,1.2256473699116577,-9.817507950183892,-4.470901427296039,5.989334572634274,-4.248254254893897,8.551322648722438,1.1770990112864872,7.212973791455788,6.935242625972193,2.6554187664557944,3.9195093384954336,-0.5911704948888856,-16.734004079495072
-0.8337204964806177,-1.1216817004234045,-0.08963288639655577,0.2665289927349296,-0.5006150972220513,3.2898420296750515,-2.4823709455468483,-1.1983007537787247,-0.823557869106396,-0.46764609546388275,0.2327571708473445,-1.25242671547209,0.6468401712804013,1.094061718358719,1.319351249598549,0.05315664866893621,1.4251245652288027,1.7924544392510764,-0.5035188440579584,-0.560496990636186,0.06677292181176692,-3.864838879931689,-0.6870095496994953,-0.2836139028989826,-1.9513813717899398,0.9729920525324616,-0.20209012460733397,0.5142469933812058,-2.2978780137582433,-0.7473441803459779,1.4123002936750704,1.6890632142087423,-0.11629828764734311,-2.1119375614545537,2.695268369598987,-0.0685437177524239,-2.016055744192713,-0.556318910990291,-0.900540961808355,-0.46067432559232385,0.5179011606447679,-2.161992126582252,0.3635172776922934,-0.06582135552432658,1.286041902030014,0.5803306076405214,-0.8319642151474959,0.5576657837226733,-1.0289677092030307,-0.11272962189322028,-0.94360651283329,-0.786571350745447,-0.3387982501932035,-0.48554564939082023,0.1377055862119448,2.047127913179891
49.889970410397304,66.05696715878484,4.306408645402051,-15.916844054279125,29.139227800988774,-194.44423860578442,145.80022987511347,70.28317588490636,47.99258530600688,26.839129384396692,-12.683925732191065,74.11714902277696,-38.95735989360888,-62.73315943097555,-77.27825556131917,-2.765889738982594,-84.23681840261183,-106.00633473068568,29.80362249396591,31.80073965898993,-3.864838879931689,226.5057623793546,41.73106627767776,17.608013683543874,115.75792338466361,-56.14936424864615,11.82192671892417,-30.89061428060906,133.9265664360651,43.799499757891596,-82.05047925937893,-98.57390297530371,7.451088845045485,123.91669195282304,-157.35132935701913,3.249871750213378,117.0753066800348,32.084307498021424,52.19637614357781,26.358771038611245,-29.19506532171521,128.5298395146773,-20.699975503797205,2.7752855436670543,-76.5901474680391,-34.48346986705703,50.13860648397595,-33.223820115217386,60.177438935617296,6.248056037203258,56.19566809534074,45.35695705982983,20.059349830863997,28.539247947435705,-8.9519774310005,-120.14807787722278
10.274552635413952,12.500576116221183,-0.2018226382770327,-3.255971811211665,5.147479466619876,-37.51820042814017,27.19960880962427,13.008237971088967,8.546885288521718,4.336165821378167,-1.3711487088784864,14.41216274544646,-8.250077921111794,-10.14572358156527,-14.192199218126072,-0.14882643093251058,-16.27696935043832,-20.521257399156113,5.765217203081127,4.756067188406943,-0.6870095496994953,41.73106627767776,9.192330524475118,4.252973917499086,22.770948344293206,-9.416263680762393,2.1401155597649972,-6.481743473448954,23.891328320743874,8.052349226826093,-14.344079346911782,-17.718793431852784,2.0248776093422367,22.96769218842303,-28.33846069602094,-0.17450981282689773,20.47123818301853,5.393946455113446,8.986543073081142,4.163647492657952,-4.15808611660302,25.564452125169417,-3.172807907647211,-0.6278283939846333,-15.385981899023449,-6.857168012454054,10.668305944337579,-6.689270341254482,10.947731589975762,0.7437462726905314,11.276105097754996,7.5837927646343575,3.9149071158798283,5.376848108149419,-2.5572709646019876,-22.319000172152826
4.604257728868888,5.357128177527592,-0.3330484067767694,-1.4555414878927377,2.1168335835697127,-16.251839152165978,11.561432316041,5.5041927880793144,3.5326584815666178,1.6783915273472836,-0.33993521209251665,6.270367240905489,-3.74818408004834,-3.9296003960298145,-5.976274744147783,0.025286106071139042,-7.055885302237058,-8.904227106164827,2.5019657816958025,1.731272336695304,-0.2836139028989826,17.608013683543874,4.252973917499086,2.047786351173118,9.966294679889447,-3.740314094736717,0.8931316162504754,-2.931437173868305,9.884894246339043,3.3929015192380256,-5.858540868327202,-7.364519658003038,1.0158090479636195,9.723463258030533,-11.79518100955028,-0.2658044321736878,8.36516112259134,2.14792725100785,3.635810621042245,1.5844825499127755,-1.4495409405054063,11.25425597172368,-1.1791719960487872,-0.5483078017066746,-6.8090716358733285,-3.0197383249940533,4.858143157460014,-2.9624140173813838,4.584054995045377,0.21179344091734112,4.987399776698307,3.006770774580178,1.7061495249855179,2.29705264691532,-1.304446229012789,-9.46295587333519
26.53724842572399,34.076107307391304,1.2451210527454257,-8.444709925917673,14.679390980013258,-100.99944183481246,74.83646917890454,35.97551778720888,24.243542334329444,13.131542437709644,-5.554233909006756,38.604889380939014,-20.939362544962663,-30.704564482088415,-39.45058505548835,-1.0661853604186813,-43.77775276380876,-55.12763760585685,15.493815476388596,15.193376272189164,-1.9513813717899398,115.75792338466361,22.770948344293206,9.966294679889447,60.546290630018774,-27.804519417488383,6.005287753535947,-16.546295538856086,67.69275511681863,22.367667277363218,-41.19098509454808,-49.953111943275495,4.434545703138856,63.46160165112118,-79.78972951565659,0.9184427488073261,58.777203639388524,15.900268985453609,26.06966663609079,12.805334388169381,-13.748429714964939,67.49664331750374,-9.963279285796894,0.3240370519057354,-40.36691214633545,-18.106746683812137,26.997606506563876,-17.525825772057907,30.620716419566104,2.801797802035632,29.60537189477381,22.438541690517546,10.462266426790542,14.70047767813366,-5.447081531412559,-61.57859881673991
-11.69825128054513,-16.170654415871798,-1.6827481981374084,3.744452338440943,-7.360469964671386,47.15530546366545,-35.93358229389017,-17.385516631969615,-12.079810080775735,-7.029532473392633,3.7388805735198436,-17.904481286091166,8.994814902705306,16.422694011759123,19.185290311490892,0.907211388277544,20.413899912067542,25.667051733823964,-7.218622365623469,-8.56564620474317,0.9729920525324616,-56.14936424864615,-9.416263680762393,-3.740314094736717,-27.804519417488383,14.494581774811314,-2.9547644495336503,7.169159266791031,-33.684343823621035,-10.86898672659618,20.819043717296054,24.710655223789235,-1.4450547900334736,-30.634857685764352,39.4092764344596,-1.2825270474499268,-29.699738704039625,-8.271804996679535,-13.328413337570106,-6.9627892508011,7.992779054363146,-30.698800908686643,5.527741290739707,-1.3921752132266423,18.19839734278669,8.235765868740302,-11.544530387050703,7.885911875450496,-15.004281539827005,-1.8019237478176382,-13.360753691269418,-11.72168014818465,-4.837159214498511,-7.001313655256966,1.658869570175956,29.67072612541706
2.5761877813345526,3.439172694087626,0.2501633736939579,-0.822040937508752,1.526692247657736,-10.105703412261592,7.600868447065255,3.6666185952919617,2.512511704796255,1.4164424610928452,-0.6858668584716333,3.848772070791147,-2.006164795920889,-3.309652911341395,-4.034582270741304,-0.1531919438193145,-4.377201159959904,-5.507802114750526,1.5487295955054328,1.6881226866547505,-0.20209012460733397,11.82192671892417,2.1401155597649972,0.8931316162504754,6.005287753535947,-2.9547644495336503,0.6182800864907091,-1.5921207803666149,7.010198382796533,2.2867287925498303,-4.302705132990612,-5.156529210943136,0.3725890961513268,6.464529267102644,-8.229283962549987,0.1889027201080022,6.137976572416638,1.6871998579344853,2.7404274666981703,1.3936870727632211,-1.5552247257058254,6.6607672867602545,-1.0968492933592136,0.1740490138364799,-3.964983208842905,-1.786612062574541,2.5803510249184396,-1.7198091600359766,3.144565876519322,0.33702633547117217,2.9096773919266776,2.3870470686858285,1.0413312266556276,1.4862856885930995,-0.44441734514161774,-6.266171037523699
-7.37375941377366,-9.18247435418178,-0.06385072810058508,2.340953966753956,-3.8574965287930976,27.408851213246642,-20.061635012004707,-9.616292999313206,-6.389811527866458,-3.3399337050008415,1.2221733057624236,-10.506166494431191,5.876800278007197,7.813309089611864,10.515368525960842,0.18730863263523886,11.886655687273459,14.97818026200327,-4.208216576486829,-3.7569401759151146,0.5142469933812058,-30.89061428060906,-6.481743473448954,-2.931437173868305,-16.546295538856086,7.169159266791031,-1.5921207803666149,4.628676485066494,-17.85290636886118,-5.964096253408503,10.783355915206494,13.21085140393663,-1.3590803608104842,-16.97195880804077,21.116427083758538,-0.0369011767736062,-15.38908945488204,-4.103941877913858,-6.78670012553461,-3.2301093531273146,3.339490387910768,-18.519737731131006,2.4858100640666536,0.22085236014848456,11.115990172302073,4.967933410242853,-7.590228636949712,4.830074321388911,-8.133655046594468,-0.6374281056274532,-8.149026382201148,-5.779513001843026,-2.851092111581066,-3.9553067849873496,1.6982441419238783,16.481962414577783
28.934243977247903,38.88533658028614,3.0649036779140664,-9.24185609896986,17.344695304658362,-114.08722674037291,86.03130549322807,41.52527319361216,28.530687638977888,16.186489036294564,-8.001592770489124,43.42847088717424,-22.475759807301536,-37.82743141114406,-45.71634934705078,-1.822637236904083,-49.412317773823354,-62.16290296942652,17.479238483690516,19.378023317875225,-2.2978780137582433,133.9265664360651,23.891328320743874,9.884894246339043,67.69275511681863,-33.684343823621035,7.010198382796533,-17.85290636886118,79.59557731275501,25.906823286262235,-48.917812344622554,-58.51529001835617,4.0663887338971945,73.19778252951585,-93.37713468270454,2.3238696801600436,69.79499368536837,19.239228448058725,31.190563787713522,15.946505126030393,-17.89893565945796,75.01513725206938,-12.573453381101183,2.2347091802150763,-44.62130619547496,-20.1259362493766,28.89985720532542,-19.348827460853236,35.654160842214466,3.907379185444511,32.74642952477658,27.221124414543027,11.746316792595772,16.812440461794253,-4.820471291194987,-70.94479340846581
9.634582124226275,12.769540758798811,0.844444970565143,-3.0736434377924304,5.637411587780948,-37.58024238157816,28.189257049883494,13.589822357169163,9.283929915411713,5.197121211535223,-2.463193996133915,14.322930880771246,-7.520907045392043,-12.146728096570497,-14.943968577451633,-0.5386530800812523,-16.280040787754462,-20.487246132228986,5.760101472398615,6.162487001125974,-0.7473441803459779,43.799499757891596,8.052349226826093,3.3929015192380256,22.367667277363218,-10.86898672659618,2.2867287925498303,-5.964096253408503,25.906823286262235,8.470018831782301,-15.875711789123098,-19.066865192346736,1.433528181530486,23.9607148084897,-30.434808625057844,0.6370491274199194,22.65118429349369,6.209709023586529,10.100683980208618,5.10537155377676,-5.660070700574239,24.832386108307386,-4.010365070876804,0.5500507487795073,-14.795420820276435,-6.661865107712788,9.678605985245309,-6.418135952934313,11.638356653591824,1.2134720374097807,10.855969763075604,8.779837828076378,3.8762991430056513,5.517107845852298,-1.7207340283701864,-23.230895169841013
-17.515194861390093,-23.758541640606435,-2.0720867279287978,5.598090205821918,-10.669731905285955,69.56565136213737,-52.640982307531836,-25.428690788452894,-17.537238821729268,-10.035654724286712,5.089380921395911,-26.458257743758672,13.560748824587993,23.449930577278806,28.01731548711762,1.186309191793982,30.1247762044513,37.89145911943725,-10.655296729954499,-12.087789061015913,1.4123002936750704,-82.05047925937893,-14.344079346911782,-5.858540868327202,-41.19098509454808,20.819043717296054,-4.302705132990612,10.783355915206494,-48.917812344622554,-15.875711789123098,30.121513680101053,35.93673269542893,-2.3645664907766637,-44.818939358594314,57.33509028755352,-1.5740175507816752,-42.973691111256656,-11.887053150543796,-19.23201536472446,-9.905305458471574,11.204779294876536,-45.59129825646534,7.828464329595095,-1.5916781471729797,27.088548363166478,12.231225551876287,-17.42612790366347,11.743763135500263,-21.871168748915977,-2.474258404141789,-19.882363465567927,-16.828135918695487,-7.153612524769773,-10.276841880879697,2.776578072973804,43.428751089421915
-21.39328611768641,-28.65003135736916,-2.1672286068979947,6.83056414303495,-12.746516952095957,84.12272516434841,-63.351297264981696,-30.568770373251244,-20.973181814283848,-11.859341087000423,5.802451496089481,-32.03170961000126,16.638403097740493,27.71610383599772,33.644863936158565,1.308531746471956,36.436691056746675,45.84261783202156,-12.889167574792042,-14.164949065012028,1.6890632142087423,-98.57390297530371,-17.718793431852784,-7.364519658003038,-49.953111943275495,24.710655223789235,-5.156529210943136,13.21085140393663,-58.51529001835617,-19.066865192346736,35.93673269542893,43.03032213194124,-3.0515437416656375,-53.88881003595178,68.67011206956903,-1.6413439081646912,-51.272747396830006,-14.114186810495703,-22.900611867785376,-11.675307712926603,13.065807536058694,-55.38205767961926,9.197303754956005,-1.5431554142865418,32.95642250518673,14.857754244589747,-21.398459358876107,14.29266167783411,-26.23036563697136,-2.8399246969452885,-24.1846535300533,-19.967056838694052,-8.665304989816784,-12.38563389063272,3.6292218999669865,52.2337250531329
2.111069815308769,2.316101370899358,-0.2898286223226492,-0.6634092226989108,0.8626721146558242,-7.131125633316922,4.94228329165206,2.3374503942814093,1.4507953552767816,0.6188171393021376,0.002265182529030851,2.766042136841346,-1.746615010498089,-1.451254343928636,-2.5227435607056714,0.0661970807530458,-3.099694496936497,-3.917325914689985,1.0988215966635464,0.5682790715560956,-0.11629828764734311,7.451088845045485,2.0248776093422367,1.0158090479636195,4.434545703138856,-1.4450547900334736,0.3725890961513268,-1.3590803608104842,4.0663887338971945,1.433528181530486,-2.3645664907766637,-3.0515437416656375,0.5282605521613515,4.136680542283655,-4.893467998846866,-0.22851153629508603,3.3744941046245884,0.8308976095829101,1.4434348213900148,0.5666442919754141,-0.43143581993289365,5.04585444841709,-0.4029967128263497,-0.4028220983788191,-3.0725925753654884,-1.3525202587871492,2.2696126925117497,-1.3399484266514814,1.9194214331336998,0.029083231925425272,2.2487589669112715,1.1573448219372453,0.7550526417934377,0.9909465504026603,-0.6884334249563632,-4.031711678541164
27.393025174991916,36.168261620248884,2.2652664564579363,-8.736225985112421,15.921432981942507,-106.53149342204462,79.79445985616798,38.455312465133325,26.22899656045371,14.627446857278988,-6.849256125704194,40.61629635906161,-21.410731178013595,-34.190687542169016,-42.27376012548179,-1.4787858386865889,-46.153745905261694,-58.085361147851124,16.329293320372066,17.29772202465341,-2.1119375614545537,123.91669195282304,22.96769218842303,9.723463258030533,63.46160165112118,-30.634857685764352,6.464529267102644,-16.97195880804077,73.19778252951585,23.9607148084897,-44.818939358594314,-53.88881003595178,4.136680542283655,67.80637346687821,-86.0240975509926,1.7068976804050886,63.94823801641649,17.504653592275908,28.497512577841015,14.357214312277172,-15.861530457125667,70.48940813116351,-11.266112614427332,1.414251025700369,-42.017551618633156,-18.910336998482958,27.5600138928307,-18.229144361879268,32.909651934396656,3.381731547446327,30.82791731828985,24.74396720755034,10.99424992205712,15.624876453279532,-4.980904145700085,-65.74718867819404
-34.18807628300906,-45.74591171619393,-3.423338112583606,10.916818774812493,-20.338879733924838,134.34402924068965,-101.1395330415498,-48.79934822260592,-33.46816865538667,-18.909188083371344,9.229845744113415,-51.16007179330747,26.598473552661172,44.19190970654387,53.70400998941717,2.0780574143747734,58.18974379862886,73.21180795933795,-20.586099126481127,-22.57001358180031,2.695268369598987,-157.35132935701913,-28.33846069602094,-11.79518100955028,-79.78972951565659,39.4092764344596,-8.229283962549987,21.116427083758538,-93.37713468270454,-30.434808625057844,57.33509028755352,68.67011206956903,-4.893467998846866,-86.0240975509926,109.59338334474153,-2.59253684192495,-81.80715170197239,-22.512536154936114,-36.53411053855714,-18.61209272724618,20.81110840694633,-88.47128206976373,14.658242680061479,-2.422296883178841,52.65328824164911,23.73664211997136,-34.2104161519397,22.833584742758045,-41.865140794102594,-4.517720051827203,-38.63858776450532,-31.843997519659784,-13.839794700241546,-19.773589348894404,5.825242566155481,83.38626063208208
0.15924614477881455,0.778034664174767,0.5732717217331589,-0.06243807521695848,0.5315832798369844,-1.9188797441998098,1.9185733680151267,0.9780101717285916,0.840212793754445,0.6978196068805628,-0.6789452677810901,0.674585952003325,-0.007450843440526516,-1.6263079951370087,-1.1320517362659759,-0.2254015751937744,-0.8193884931748336,-1.011445972204946,0.28651694163159513,1.0229209702865742,-0.0685437177524239,3.249871750213378,-0.17450981282689773,-0.2658044321736878,0.9184427488073261,-1.2825270474499268,0.1889027201080022,-0.0369011767736062,2.3238696801600436,0.6370491274199194,-1.5740175507816752,-1.6413439081646912,-0.22851153629508603,1.7068976804050886,-2.59253684192495,0.4443981246644219,2.244814850036742,0.7265729192121771,1.0726584904205774,0.733987513262934,-1.0460846218638586,0.8752129868047899,-0.6263351663984177,0.6252395639616904,-0.44346199649310036,-0.2359674166295535,-0.016051828300558343,-0.18446210218903378,0.9348481688268371,0.2986315818127423,0.3318883268321478,1.0478636734205573,0.17516187802174168,0.3485448301749679,0.33848106964910124,-1.6297745930039198
24.995491713258247,33.9020454034741,2.952650241387168,-7.991271996652301,15.222863003066953,-99.26593729901575,75.11440575138104,36.284698290161366,25.021714125030005,14.317171779835494,-7.262406777883443,37.75683892703834,-19.35255468622442,-33.45686312440717,-39.97603179840935,-1.6940242459827817,-42.98652286380922,-54.06772830142312,15.204907449134158,17.24206667494572,-2.016055744192713,117.0753066800348,20.47123818301853,8.36516112259134,58.777203639388524,-29.699738704039625,6.137976572416638,-15.38908945488204,69.79499368536837,22.65118429349369,-42.973691111256656,-51.272747396830006,3.3744941046245884,63.94823801641649,-81.80715170197239,2.244814850036742,61.31644346856542,16.961704387239475,27.43959767755142,14.130173405210869,-15.981401000913007,65.05669837184438,-11.167461984758752,2.2667749633618084,-38.65600078366767,-17.4560123056222,24.870402838338997,-16.756849243588924,31.205700208582623,3.526694482563852,28.372136006592218,24.007836812681553,10.207949359748348,14.663825368672727,-3.963595397223325,-61.96799044889394
