V1,V2,V3,V4,V5,V6,V7,V8,V9,V10,V11,V12,V13,V14,V15,V16,V17,V18,V19,V20,V21,V22,V23,V24,V25,V26,V27,V28,V29,V30,V31,V32,V33,V34,V35,V36,V37,V38,V39,V40,V41,V42,V43,V44,V45,V46,V47,V48,V49,V50,V51,V52,V53,V54,V55,V56
1.0729717221052624,0.9379284311230741,-0.9291585607906904,-0.5003801608687781,0.24725109534855472,-0.04462776828652897,-0.12639087948829122,0.42267011008854555,0.3782342418451812,0.07985064787564287,0.6504093385104538,-0.7652701889196191,-0.44703249323501026,-0.5166680493837837,-0.2038909052324659,-0.17278381936092913,-0.04273686828564841,0.8703977843509355,0.10251620920430898,0.9150423628567596,0.17429646839015567,0.0670173763967067,1.3963359879469668,-0.22509663834954188,0.5851502619187857,-0.27758176427404135,0.4100186117850934,-0.8019146100931028,0.38267727746304536,1.2198947293463893,0.9760825838729811,-0.26164640725033256,-0.8309550139667948,-0.7115668269450929,0.09828051168973022,-0.6820441253896256,1.1663145640988084,0.4319324447596334,-0.1666442667113365,0.5084471698603507,0.3694414582872169,0.02691178855438192,-1.2333291474358334,-0.1072875438355782,-0.5395525854345444,1.6487036780714746,0.4780500020235876,-0.21239597626981757,0.006862372000273029,-0.07540323520684303,0.6597773123140724,-0.021799949669635468,0.15223800368998527,0.8683626903380209,0.7310583763546893,0.1471140065175993
0.9379284311230741,1.785363285010395,-1.2847250990340193,-0.7809335683090018,0.24879830992887123,-0.1387005845378014,-0.9512608120842544,1.1258697810085811,0.21858419223995276,1.1492592977933238,0.8985792750954782,-0.3282367014370882,0.09032769964044808,-0.7565568296000355,-0.21300636190578293,-0.02514651323491446,-0.5378054931824109,1.4759812377322643,1.1767695185333877,1.2263125874430556,0.47544815169816185,0.07058008520021522,1.4707805987990756,-0.5092712219295895,0.2980040089132066,-0.5086812220794731,0.8696884537153856,-0.6281864057474916,0.6577915644233334,1.1653462581321181,0.3786537073142478,0.1363828089514299,-0.22550464004577567,-0.4659296141777876,-0.08970194828693147,-1.4622125759575206,0.46183028863016146,0.46652934565492515,-0.6175136019626721,-0.5394244523206223,1.2244803848251593,-0.6583073730630629,-1.433588968546413,-0.3532874163355764,0.7690610778947948,1.3025156104125746,0.6677411096002297,0.27675735901172216,-0.06306863212754851,-0.1906220060969269,1.4996911533432247,0.5632732850742164,0.17924019657597126,1.0063289241773306,1.17091341442789,-0.09096235250942537
-0.9291585607906904,-1.2847250990340193,2.8431102087968276,0.92066736359197765,-1.2620113718633554,-1.5305040197365514,0.3748480184661203,-0.231533287728819,-0.0296656148543661,0.8399580125146424,-2.2172199057694724,0.9448697259917105,0.30080528994426753,0.07976772981624315,1.444164193378773,-0.6978291227832313,0.1128386521395508,-1.657497412779944,-0.3065147125038531,-1.041553022408318,-1.0275041674637508,-0.07477724183173452,-2.5462367728923625,1.078786305731839,-1.9155789417461977,1.2289650839297073,-0.19208136908623852,0.3450966227973999,0.12094449271035684,-1.1874686417247562,-0.7380019754551678,0.24534339532985974,0.4330054032937401,1.1956719577197548,0.23240342543054185,0.5349459834257159,-1.2216309489988297,-1.8215136761498505,0.07218028058715241,0.10673424879218207,-0.9167326092512008,0.20433306390013248,1.4671218941465423,0.23192395456173687,-0.17287753468756728,-1.014879609562391,-1.7462844600302232,0.1615834276677697,1.3996550920326796,0.8242716185048452,-0.954426703847731,-0.06990790812971638,0.34053781236285463,-1.1320342946830395,-0.07378169175124326,-0.16197486167135897
-0.5003801608687781,-0.7809335683090018,0.92066736359197765,0.41248954885803407,-0.33642911259432146,-0.2251141702303353,0.33803041092197744,-0.3613629514311438,-0.09578598495716023,-0.17768507778743467,-0.6816423809312412,0.344057854165732,0.05435263066502705,0.25659039302107955,0.31235300607804983,-0.1148278128692543,0.17438125283142245,-0.7534607054477408,-0.376511679899132,-0.6026826794654337,-0.3103832795112591,-0.047401614093771784,-0.9502233073888507,0.3367542147503049,-0.46406295313629653,0.37351688867411764,-0.2879814183833211,0.2882493140592007,-0.18715555835613432,-0.598117887005862,-0.3015160527338597,0.017021051283368498,0.18898558769604867,0.4043197899355491,0.0779441768554551,0.5708020775425628,-0.4345613897906148,-0.49892787986759785,0.17017407639661553,0.12674747758011087,-0.5385902780147259,0.19881208356959715,0.753013242131455,0.13820063394404292,-0.19459287619741342,-0.6630667813832799,-0.5208410926597983,-0.02382557503618978,0.2569008309581257,0.21204307582307988,-0.6259681078576419,-0.14690334656291368,-5.86581953433123e-4,-0.5319840747954735,-0.3843052277437294,-0.03837173020446064
0.24725109534855472,0.24879830992887123,-1.2620113718633554,-0.33642911259432146,2.0828853019689997,0.678464727871228,-0.276435608202304,-0.9952061632147493,0.06027675154199035,-0.2246895162764754,0.8691050821585601,-1.9561280264869854,0.3176865706027304,0.2474954808722157,0.08185504972151707,1.0354580172564443,-0.2599778911971382,0.29206730928712454,-0.2561636960453977,1.1487794164327663,-0.2117989971262315,0.5472130897382662,0.7851295098783669,-0.03042353739653265,0.9826648073147468,-0.4461702716704487,-0.7654404437420875,0.22920560634752885,-0.1696801372559629,-0.7544792928624459,-0.08357017507442184,0.36493363530013584,0.5343125501268771,-1.17465033628908,-1.1906317519116734,-1.4573783279953891,0.7106077568177079,1.8456038984946137,1.2733867814272015,-0.07015715452368228,1.1557116844591755,0.7033176959135704,-1.0363839054675392,0.29130371036591274,-0.1193951818397911,0.41423158975715246,0.5596678959549807,-0.44667935406886,-0.4261607491496135,-0.9064006369066839,0.2496879785037516,-0.9132522415481522,-0.2146025991936655,0.0024039344723414255,-0.33936933177494066,1.3098116020896806
-0.04462776828652897,-0.1387005845378014,-1.5305040197365514,-0.2251141702303353,0.678464727871228,1.4980103195014693,0.2716366071971023,-0.4135201270215865,-0.24041315201326682,-1.4889491443073022,1.2982691643624549,-0.157503506646086,-0.24361687895159553,0.5025162448157454,-1.2437487535966216,0.5972770248078567,0.25804985319460366,0.4258973406471907,-0.37578402553076423,-0.19119269518276363,0.7112239832779147,-0.07905333874627171,1.0419908894234533,-0.6852545937882666,1.3539949267552351,-0.748333035650876,-0.3362611784695346,0.2691734909602871,-0.6087688919296178,0.18831753019550304,0.1790362975741608,-0.2884126907833587,-0.09063451497397311,-0.47015249969664685,-0.019743385264794095,0.7963816661901485,0.4131911241196071,1.0777836293631655,0.14058839570825668,0.040607417441461756,-0.12268464761820487,0.0577635686107407,-0.014827008070776033,-0.03302969565117825,-0.06719487966817743,-0.40117793741554864,1.077925022512049,-0.17359152724424512,-1.279018610989191,-0.5303357327725541,-0.20121198094951412,-0.10319229475568796,-0.4592792058796871,0.22740068180234776,-0.8097249438244479,-0.05033246352415524
-0.12639087948829122,-0.9512608120842544,0.3748480184661203,0.33803041092197744,-0.276435608202304,0.2716366071971023,0.8225223730583647,-0.5745095115607252,0.009017203486038117,-1.1795624101422637,-0.21303388186140762,0.08035071895648664,-0.4814383221751113,0.3509620612011892,-0.22451085888998726,-0.1567880009093264,0.5239406296716713,-0.6281220094762726,-0.9553514892178083,-0.6654582669883129,-0.10208562141757978,-0.12803891948582458,-0.23392921664127506,0.1449581598433855,0.24122721681845974,0.1703674290030376,-0.39190650929269383,0.007486590469667328,-0.39275581034758855,0.005470831960282914,0.385012378739173,-0.41375213561155905,-0.47921059479370315,0.029950622357877214,0.3490088812851025,1.1985028830880449,0.34869396929481206,-0.21309176113493936,0.21189101689413684,0.8161653066198178,-1.0163222211601968,0.4602772043240402,0.5654321724004443,0.16781682552888358,-1.0024808331068786,-0.15100976640099847,-0.12348074498030964,-0.3316428591204774,-0.12689855533529645,0.16345952020083565,-0.9092418551539851,-0.34861272392506465,-0.10474723000001297,-0.22213781549289147,-0.6033503785033655,-0.06778729267286367
0.42267011008854555,1.1258697810085811,-0.231533287728819,-0.3613629514311438,-0.9952061632147493,-0.4135201270215865,-0.5745095115607252,1.3799321945689715,0.0621978352168276,0.9656665292859147,0.18133040215374943,0.9783337256234562,-0.04060591964925989,-0.6340092935597144,-0.24637581189311972,-0.548688537170183,-0.26546970525843055,0.8924013905419456,1.0591449868099778,0.16265567931257366,0.5103417010804553,-0.27087355325602774,0.5448514309069435,-0.3892084895066276,-0.35412275495556994,-0.14567035578022677,1.048237208849278,-0.48083689567180277,0.5283611542228236,1.1629972007209148,0.18814233139257874,-0.06580064100794425,-0.3426695788401921,0.39601141652739047,0.5874115299227093,-0.18791981658329404,-0.21919772514362457,-0.6965221856856975,-1.1875683024055046,-0.48479450897607723,0.25839429443639655,-0.9345753633958838,-0.3478520768272586,-0.43397733096467683,0.7825660930135264,0.5007088069672395,0.1906300660766349,0.5072419032504878,0.12474739549606882,0.3486578877266968,0.9410831153896804,0.9741622448999744,0.2162143136954003,0.6681061559106128,0.966983269294905,-0.8488387633848099
0.3782342418451812,0.21858419223995276,-0.0296656148543661,-0.09578598495716023,0.06027675154199035,-0.24041315201326682,0.009017203486038117,0.0621978352168276,0.18833994828172618,0.13977968710548497,-0.021344229525459793,-0.37262556998103297,-0.15390935410346052,-0.20966789351442638,0.16835626635414022,-0.13105237454558136,-0.0062976800638949865,0.12930495948311851,-0.05880615066998715,0.34018683833197744,-0.12691044256063685,0.06308733722915992,0.28061935393669996,0.09142149621097588,0.02680509146216775,0.05788119633434995,0.08909369966827992,-0.31459182783670414,0.18591803637873525,0.3199062390254129,0.35302839005096237,-0.06569701194367461,-0.3014092173063225,-0.23243770941820427,-4.669748902932892e-4,-0.32888291518930063,0.4255230659654692,0.028996451702754195,0.048307257047606696,0.29282765582610953,0.08133368005700854,0.12750562572396984,-0.412516400423475,0.020637264612987455,-0.3431084395603614,0.6626873982631128,-0.04333626915753557,-0.12503321258760922,0.22375069890473218,0.042566027164935356,0.1432052271412717,-0.11462432096158744,0.11739879976615336,0.21405174541018682,0.3015383701613296,0.15511591349537582
0.07985064787564287,1.1492592977933238,0.8399580125146424,-0.17768507778743467,-0.2246895162764754,-1.4889491443073022,-1.1795624101422637,0.9656665292859147,0.13977968710548497,2.560039311588459,-0.8239706071076115,0.10245072538422383,0.8077809424320779,-0.7596518275752581,1.2587614010447374,-0.26256065447081584,-0.8214859182733839,0.3300644833707363,1.4214433895351635,0.852086485909168,-0.45094145652893364,0.20770431559474992,-0.6723585684689507,0.38457174878881917,-1.4022141195373437,0.4086973364402345,0.6890621887701781,-0.14018941150467412,0.905602324468532,-0.27366251028844596,-0.6945238471906087,0.7438884482922079,0.7234570155933827,0.4014032660591089,-0.4101010651751893,-1.9826326919749304,-0.8527761314362435,-0.6301643078153649,-0.34572783336418705,-1.05403640134129,1.2702585277982577,-0.5960335427585256,-0.5407195481222702,-0.16354965427619686,1.299802780575903,0.33096393629598736,-0.7416484285756794,0.5515107010486541,1.1492474674953663,0.22676945063169773,1.1753880806383021,0.4979672263616457,0.46843800843972877,0.0016059823955294076,1.2791142667785598,0.10566671089479168
0.6504093385104538,0.8985792750954782,-2.2172199057694724,-0.6816423809312412,0.8691050821585601,1.2982691643624549,-0.21303388186140762,0.18133040215374943,-0.021344229525459793,-0.8239706071076115,1.754065854332887,-0.5640520647630397,-0.2788402549723023,0.0012240588326005181,-1.2529835429386407,0.5247922448658263,-0.024230560429146192,1.254375261902313,0.1879553022288184,0.6434640837408306,0.8769847701476557,9.818461732411406e-4,1.9589628156966796,-0.8919964269295404,1.532393748082005,-0.9798217749705996,0.14645914609813213,-0.22548017858017333,-0.16974048135952166,0.9505858326697153,0.5692101404874397,-0.2496256812502893,-0.36705011095796497,-0.8552145589817659,-0.0837557738559936,-0.1583996808875243,0.8980578786590662,1.3571343030400642,-0.12796157286718438,-0.07051041273499799,0.565116238357885,-0.19539639285903687,-0.9936423324751537,-0.19695935626797698,0.1298265569496372,0.6434207419182397,1.3995478127436047,-0.10931265976307562,-1.1882428755043997,-0.6158971530168483,0.6481676898643512,0.10571766991923796,-0.3038407247170463,0.8603685141335244,-0.04607286309503511,0.010725065025899748
-0.7652701889196191,-0.3282367014370882,0.9448697259917105,0.344057854165732,-1.9561280264869854,-0.157503506646086,0.08035071895648664,0.9783337256234562,-0.37262556998103297,0.10245072538422383,-0.5640520647630397,2.4188120396481647,0.002186731394639521,0.045104472636504744,-0.4587277533009118,-0.6929335479763847,0.1644468582289463,-0.23984902705274214,0.5352048047020973,-1.474919632888783,0.5309634278230467,-0.6077791617623456,-0.9541697168744631,-0.2486541423493713,-0.8589225310713454,0.19229792248138203,0.6763182713584329,0.2712121505112848,-0.09252985123627332,0.30565949534505127,-0.5056941809867886,-0.19750090505350362,0.026499869947768182,1.411384303024012,1.0749993538831275,1.7133739047590906,-1.345791611507904,-1.6320159858904448,-1.3575922717456275,-0.5688756065897463,-1.0010831838235252,-0.9914529460577124,1.4640645991303503,-0.3667023863995443,0.8741875224722674,-1.391462225551441,-0.28619869830489636,0.6828144866755658,-0.07116394441996042,0.7030943256647141,-0.24073069450385334,1.1421744548185249,-0.002884749023207006,-0.21794389389842753,-0.06827195062049009,-1.5031628849551424
-0.44703249323501026,0.09032769964044808,0.30080528994426753,0.05435263066502705,0.3176865706027304,-0.24361687895159553,-0.4814383221751113,-0.04060591964925989,-0.15390935410346052,0.8077809424320779,-0.2788402549723023,0.002186731394639521,0.6052445318216115,0.048541851111628447,0.45867639766911616,0.28209203499621277,-0.3579730688133273,-0.1368666775049067,0.478200058986832,0.13497881263824332,-0.20046505688831515,0.15625318506888236,-0.6387027705583933,0.15162626869435028,-0.4781517473315447,0.09379645678344305,-0.10065851494407924,0.42374796907958334,0.07925615007907084,-0.8361374348998125,-0.7775349054205963,0.4864805750599881,0.8260276406594308,0.20959927709469486,-0.47598974160731683,-0.7137294927445711,-0.7410490375650771,0.06956873472326755,0.2030925403710064,-0.7364633848494462,0.6068707489664456,-0.1347665578648062,0.1467060827131685,0.029488950829850036,0.82127915889953,-0.6470619473318112,-0.25973051392952207,0.23448806106813788,0.1979754927723647,-0.13896867712685051,0.22669774984336732,0.03720284119639224,0.011120841500384638,-0.38067318585512444,0.008352317760119788,0.22757866470302598
-0.5166680493837837,-0.7565568296000355,0.07976772981624315,0.25659039302107955,0.2474954808722157,0.5025162448157454,0.3509620612011892,-0.6340092935597144,-0.20966789351442638,-0.7596518275752581,0.0012240588326005181,0.045104472636504744,0.048541851111628447,0.497571656656524,-0.20044685988451794,0.30362874626839886,0.2082144598409981,-0.5007642669769032,-0.490409829992956,-0.5124589501024427,-0.018813741465104762,-0.003049253593031004,-0.4175947896185978,0.023626357138313625,0.21796571574813742,-0.021161938256180967,-0.513596378394598,0.4661085801048101,-0.45644042450712824,-0.6568854101626919,-0.30509488666955403,-0.015856797165057307,0.29281461806678283,0.06924441565396548,-0.11930716751988031,0.6511143724333606,-0.2364172797655284,0.21905055887278277,0.38168122171653857,0.04051467067880623,-0.36395629608929175,0.270265476322673,0.6069435018936659,0.14906605601923015,-0.12579344692899772,-0.8353283540780919,0.022740299420844757,-0.11900676112089952,-0.35345305556609286,-0.15160790768882362,-0.6227985732017386,-0.2759846000496659,-0.22766091701844762,-0.44229629723712055,-0.7576976610908729,0.10757670720008267
-0.2038909052324659,-0.21300636190578293,1.444164193378773,0.31235300607804983,0.08185504972151707,-1.2437487535966216,-0.22451085888998726,-0.24637581189311972,0.16835626635414022,1.2587614010447374,-1.2529835429386407,-0.4587277533009118,0.45867639766911616,-0.20044685988451794,1.4016712077223963,-0.14959557759083822,-0.2847405273158763,-0.7207021997792472,0.0782537508054049,0.3121648723277753,-0.9376853424101604,0.2880854371398585,-1.2551492448643928,0.8240267510999818,-1.1560354822732755,0.725069981149252,-0.1874587870790594,0.06933034175361434,0.38505068307251417,-0.931160166773742,-0.46879925964353514,0.4822411856854249,0.5140425970780722,0.20627709172628253,-0.4842433727412949,-1.079249351128042,-0.42865679048822103,-0.5032535799207395,0.5178910014076386,-0.08440921591197674,0.34894969823093963,0.33390004406631363,0.043342251370038186,0.23305800617892333,0.0022397396184001064,0.06916363401023608,-1.0840677291019234,-0.009733867411872403,1.1608619022623368,0.21586280708081798,-0.04904763376300858,-0.36078227200724117,0.33036054770877893,-0.5613041616300193,0.37504914549141216,0.5885472424446557
-0.17278381936092913,-0.02514651323491446,-0.6978291227832313,-0.1148278128692543,1.0354580172564443,0.5972770248078567,-0.1567880009093264,-0.548688537170183,-0.13105237454558136,-0.26256065447081584,0.5247922448658263,-0.6929335479763847,0.28209203499621277,0.30362874626839886,-0.14959557759083822,0.6557074640680948,-0.12778633007421214,0.08598896727903321,-0.07085707819994237,0.3161494897783129,0.034676864191363385,0.22314644361585853,0.2324739020598314,-0.12753266296253712,0.532056501629741,-0.3125572437119664,-0.45702123912649756,0.3757821704502797,-0.2503561095599092,-0.6184194621654607,-0.3224140486327119,0.2317288326168799,0.5141584356749923,-0.42831927282443677,-0.6054623393332076,-0.46418860829140995,0.029948379962043692,0.9606132538456563,0.5976360437777009,-0.28921025495208763,0.5380625128937802,0.23881524558651177,-0.21075955523290035,0.12198767715776283,0.2387710462993643,-0.3312901845994352,0.3734450154365759,-0.1229015132098627,-0.45147642511507247,-0.5184033578576782,0.03004091352886909,-0.3595547487622013,-0.22012148789291394,-0.14839542114488094,-0.42983275409809596,0.5305932167721626
-0.04273686828564841,-0.5378054931824109,0.1128386521395508,0.17438125283142245,-0.2599778911971382,0.25804985319460366,0.5239406296716713,-0.26546970525843055,-0.0062976800638949865,-0.8214859182733839,-0.024230560429146192,0.1644468582289463,-0.3579730688133273,0.2082144598409981,-0.2847405273158763,-0.12778633007421214,0.35266506995929753,-0.2963662913915843,-0.5655173190230355,-0.4605143342542793,0.04741929642759097,-0.12849596240121228,-0.01684357528619561,-6.537123824530724e-4,0.23103087893092858,0.041782646127453575,-0.17270540817067112,-0.02982613788344442,-0.2582664205563321,0.15730844104256742,0.3023777755345847,-0.31802704934036535,-0.38002547209609744,0.03341634365835224,0.31239360040338193,0.8757258636322103,0.2456879250412929,-0.14819914151967528,0.014336593142638715,0.5103889200766406,-0.6859514554263296,0.21075865073442993,0.3528058559411686,0.06147818845662419,-0.6057137567857894,-0.08026238739072651,0.022051679164018474,-0.1821147921175076,-0.17502321569622148,0.1140408795467011,-0.535358272242828,-0.13192746977741793,-0.08350784174660436,-0.05720641583987168,-0.36819998714928914,-0.15491022316932213
0.8703977843509355,1.4759812377322643,-1.657497412779944,-0.7534607054477408,0.29206730928712454,0.4258973406471907,-0.6281220094762726,0.8924013905419456,0.12930495948311851,0.3300644833707363,1.254375261902313,-0.23984902705274214,-0.1368666775049067,-0.5007642669769032,-0.7207021997792472,0.08598896727903321,-0.2963662913915843,1.4486057221780924,0.8158725163567876,0.9144364612479641,0.7175504443509494,-0.02446732609476729,1.7315784628151822,-0.7159481875725673,0.7818247388948213,-0.7055268099932969,0.6958799110304567,-0.5407609845444518,0.3489602181278035,1.2765292648430222,0.5416617058649572,-0.09345038598508287,-0.4091747836244802,-0.5513709950161017,0.06509216019372317,-0.7799828047658791,0.6496131838609484,0.6832495195089722,-0.5920150795654971,-0.31616094401372974,0.8502146401855165,-0.5650684860226195,-1.2267315165161228,-0.340430124579669,0.5010657105933373,1.088091387571571,0.9869602124363585,0.15919815069173301,-0.527982980148252,-0.2830912764223379,1.1795092629261819,0.49498176422382284,5.830005208277768e-4,1.028311698949614,0.7458811489560885,-0.20820704115866037
0.10251620920430898,1.1767695185333877,-0.3065147125038531,-0.376511679899132,-0.2561636960453977,-0.37578402553076423,-0.9553514892178083,1.0591449868099778,-0.05880615066998715,1.4214433895351635,0.1879553022288184,0.5352048047020973,0.478200058986832,-0.490409829992956,0.0782537508054049,-0.07085707819994237,-0.5655173190230355,0.8158725163567876,1.3017183007693385,0.47458213988829073,0.3197870731376903,-0.0321300747967704,0.22666908397522134,-0.28918637253661156,-0.44683706745564966,-0.18795773657230053,0.747989344433139,-0.07139905616392198,0.4991458630203302,0.31736624713725853,-0.42812702593077145,0.3702558178129676,0.4119526587394464,0.2830925563144693,-0.04540753741570907,-0.9761929600608822,-0.6183941963057565,-0.19264139184322834,-0.710209569704119,-1.0367598355716507,0.9325469821413573,-0.8466271691774504,-0.42056081219129243,-0.33204159963255575,1.345122570107959,0.03882525431671643,0.1404323266157851,0.564234060453932,0.12729254093102293,0.020197649604294512,1.1041538896676781,0.7656766653436674,0.149614563296213,0.35013503024560916,0.8168105449118522,-0.372690178651133
0.9150423628567596,1.2263125874430556,-1.041553022408318,-0.6026826794654337,1.1487794164327663,-0.19119269518276363,-0.6654582669883129,0.16265567931257366,0.34018683833197744,0.852086485909168,0.6434640837408306,-1.474919632888783,0.13497881263824332,-0.5124589501024427,0.3121648723277753,0.3161494897783129,-0.4605143342542793,0.9144364612479641,0.47458213988829073,1.5343322608622454,-0.11474729883526276,0.3920694556391668,1.1788371549625507,-0.06451686394022675,0.4329231417329737,-0.30010929144384396,0.16402865056189778,-0.49893946560522306,0.5055278999401219,0.4047056141265783,0.39741705688744755,0.2633628080250418,-0.05675573590507548,-0.9549009454634582,-0.6732379271236949,-1.9222478304210406,0.8745915263066135,1.0295340386429532,0.3804897636551563,-0.07556405237607361,1.3133461867274392,0.13788576554451262,-1.5974452800589727,0.0016356604288000323,0.05358222335307871,1.4850598704807094,0.3884240503898562,-0.16768124980099083,0.16909282334022788,-0.44000699505348556,1.0350150708130779,-0.27750336815442916,0.1588158848190258,0.6335453857961043,0.803739229416018,0.7856989726350866
0.17429646839015567,0.47544815169816185,-1.0275041674637508,-0.3103832795112591,-0.2117989971262315,0.7112239832779147,-0.10208562141757978,0.5103417010804553,-0.12691044256063685,-0.45094145652893364,0.8769847701476557,0.5309634278230467,-0.20046505688831515,-0.018813741465104762,-0.9376853424101604,0.034676864191363385,0.04741929642759097,0.7175504443509494,0.3197870731376903,-0.11474729883526276,0.737654380582748,-0.22701209777403095,0.905291725130479,-0.6424088182224951,0.6294662252463544,-0.5301844141407066,0.37412095993187555,-0.09016475559663727,-0.10979253747092386,0.7733970858454599,0.2200246809628432,-0.2452676330620023,-0.27216218248718066,-0.023318039720949372,0.369240860765401,0.5143088225424225,0.10918434042972862,0.21663647551489085,-0.6059146725834926,-0.218016299590536,-0.02245628246446792,-0.49092307672657465,-0.12202893470587971,-0.2645561020126898,0.3668027383974139,-0.026374023518626857,0.7594535630796121,0.17837716846818133,-0.735139436267779,-0.1034295348309694,0.339240692724928,0.49588685558067985,-0.1712990866998684,0.4927579222610275,-0.0019539669186293103,-0.5568180540888407
0.0670173763967067,0.07058008520021522,-0.07477724183173452,-0.047401614093771784,0.5472130897382662,-0.07905333874627171,-0.12803891948582458,-0.27087355325602774,0.06308733722915992,0.20770431559474992,9.818461732411406e-4,-0.6077791617623456,0.15625318506888236,-0.003049253593031004,0.2880854371398585,0.22314644361585853,-0.12849596240121228,-0.02446732609476729,-0.0321300747967704,0.3920694556391668,-0.22701209777403095,0.19650872505046502,0.010335722681197429,0.14204388547086785,0.039686434598222485,0.0169659180738127,-0.20511347812099437,0.03772242200187512,0.05344291275462535,-0.3193936832219352,-0.07726741091514698,0.1792821601576811,0.20521931757676806,-0.281106828341069,-0.3907263473291629,-0.6155478879846542,0.13615188858346627,0.3809145097465947,0.4079586595949412,-0.02352449441396925,0.38318635951760527,0.23514642655855708,-0.30653889359609904,0.11132946243310725,-0.03850823693308741,0.18550250093559373,-0.05115831679138827,-0.11736324900690759,0.12223310599410663,-0.18834768297268586,0.09089638121589112,-0.2937707012206274,0.018581489483836568,-0.07062126225278778,0.02617800020742454,0.44710812732628596
1.3963359879469668,1.4707805987990756,-2.5462367728923625,-0.9502233073888507,0.7851295098783669,1.0419908894234533,-0.23392921664127506,0.5448514309069435,0.28061935393669996,-0.6723585684689507,1.9589628156966796,-0.9541697168744631,-0.6387027705583933,-0.4175947896185978,-1.2551492448643928,0.2324739020598314,-0.01684357528619561,1.7315784628151822,0.22666908397522134,1.1788371549625507,0.905291725130479,0.010335722681197429,2.7379696551947803,-0.9398469656894082,1.7247701546714014,-1.026518993594548,0.4949674316400023,-0.8525205736284381,0.15817519813773614,1.8492650881736978,1.2917585979941684,-0.4659608636648091,-1.037628734869108,-1.2197346787781063,0.10547225795073502,-0.5329664789260616,1.6683795466434603,1.3722287240809832,-0.32740296447394523,0.38207656646518307,0.6608504033878757,-0.18003200257706295,-1.7467747612930016,-0.2700724294821492,-0.3492567907522732,1.8385660518441433,1.5416363098383332,-0.24430504171099002,-0.9904127794039127,-0.5186843746998862,1.0341133089769066,0.1262843398705302,-0.12778981492244518,1.4270793804473831,0.5479889816062116,0.030170978950316733
-0.22509663834954188,-0.5092712219295895,1.078786305731839,0.3367542147503049,-0.03042353739653265,-0.6852545937882666,0.1449581598433855,-0.3892084895066276,0.09142149621097588,0.38457174878881917,-0.8919964269295404,-0.2486541423493713,0.15162626869435028,0.023626357138313625,0.8240267510999818,-0.12753266296253712,-6.537123824530724e-4,-0.7159481875725673,-0.28918637253661156,-0.06451686394022675,-0.6424088182224951,0.14204388547086785,-0.9398469656894082,0.5846451068925208,-0.668542103664708,0.5281092549897576,-0.285125405202146,0.09054130439434936,0.08699146116984004,-0.6613542404868544,-0.21559764911887092,0.1810970575504237,0.20991499362187757,0.1632244394571421,-0.20665189159135658,-0.2540589568280719,-0.2025438294752816,-0.39253154830080156,0.4265655931773004,0.20178762642101497,-0.1344870635610854,0.37863201335650126,0.27340447175378474,0.21517982219502566,-0.31918229977026463,-0.08760411384306283,-0.7487545243387671,-0.1155665394103783,0.6877444210307214,0.1862422402311595,-0.376346763752396,-0.35995019950289264,0.1631229709848385,-0.4777762176562501,-0.012155771917506072,0.35908293008489706
0.5851502619187857,0.2980040089132066,-1.9155789417461977,-0.46406295313629653,0.9826648073147468,1.3539949267552351,0.24122721681845974,-0.35412275495556994,0.02680509146216775,-1.4022141195373437,1.532393748082005,-0.8589225310713454,-0.4781517473315447,0.21796571574813742,-1.1560354822732755,0.532056501629741,0.23103087893092858,0.7818247388948213,-0.44683706745564966,0.4329231417329737,0.6294662252463544,0.039686434598222485,1.7247701546714014,-0.668542103664708,1.63362627324544,-0.8120857640681355,-0.2314152137408195,-0.1922006969507788,-0.3745518961640936,0.7194325783090229,0.7442290970325328,-0.39207749975145395,-0.5335360917332813,-0.9677322515199762,-0.094696659203299,0.23081971686557715,1.163993428447102,1.3855745756591402,0.2599451520126555,0.4407227465496624,0.1264094476136605,0.2500985817057319,-0.778648920564764,-0.013277708644073287,-0.5407005662836886,0.6394357787607822,1.2202816899011564,-0.38701190147430714,-1.1319538226209396,-0.5949192330955518,0.09759495874582508,-0.29981592774205945,-0.3418537335545939,0.6380457082845375,-0.40486696397141625,0.24013489967710233
-0.27758176427404135,-0.5086812220794731,1.2289650839297073,0.37351688867411764,-0.4461702716704487,-0.748333035650876,0.1703674290030376,-0.14567035578022677,0.05788119633434995,0.4086973364402345,-0.9798217749705996,0.19229792248138203,0.09379645678344305,-0.021161938256180967,0.725069981149252,-0.3125572437119664,0.041782646127453575,-0.7055268099932969,-0.18795773657230053,-0.30010929144384396,-0.5301844141407066,0.0169659180738127,-1.026518993594548,0.5281092549897576,-0.8120857640681355,0.5623514092997743,-0.10292610290606545,0.05732562312292098,0.10841359670864309,-0.4705779767030145,-0.2107538378430821,0.10367856370895108,0.11307803733125223,0.40034878320197614,0.04538577136822763,0.06150750437582883,-0.36323129296310297,-0.7264091504894575,0.12323494174570766,0.16118921636463035,-0.34041857635907347,0.18426777195566243,0.47413298910885215,0.13198118479634602,-0.22246595995926388,-0.20523994323830144,-0.787600707707136,2.23545415610977e-4,0.6979689849775798,0.34576630167122785,-0.38381255523584845,-0.12807915100999726,0.18554444992310581,-0.4446529619013699,0.04888803353178375,0.05289842282626444
0.4100186117850934,0.8696884537153856,-0.19208136908623852,-0.2879814183833211,-0.7654404437420875,-0.3362611784695346,-0.39190650929269383,1.048237208849278,0.08909369966827992,0.6890621887701781,0.14645914609813213,0.6763182713584329,-0.10065851494407924,-0.513596378394598,-0.1874587870790594,-0.45702123912649756,-0.17270540817067112,0.6958799110304567,0.747989344433139,0.16402865056189778,0.37412095993187555,-0.20511347812099437,0.4949674316400023,-0.285125405202146,-0.2314152137408195,-0.10292610290606545,0.8083697449516613,-0.4434306035921445,0.421366283260183,0.9848645732856759,0.25561585294017236,-0.09629592598598898,-0.3678513756905985,0.2472421209045309,0.47776531852708454,-0.13883459689163444,-0.04263876988752514,-0.5293687473123806,-0.8986528744661343,-0.2596459245582546,0.15809118306431222,-0.6696914096161448,-0.334863643983603,-0.32382965779214296,0.46825536061173506,0.5300447682980767,0.14994890663185628,0.34298294723658024,0.11982509340852367,0.28194898658607487,0.7093906088393616,0.7093716942537819,0.18177308076100074,0.561662911498595,0.7742433844900183,-0.6295744430132592
-0.8019146100931028,-0.6281864057474916,0.3450966227973999,0.2882493140592007,0.22920560634752885,0.2691734909602871,0.007486590469667328,-0.48083689567180277,-0.31459182783670414,-0.14018941150467412,-0.22548017858017333,0.2712121505112848,0.42374796907958334,0.4661085801048101,0.06933034175361434,0.3757821704502797,-0.02982613788344442,-0.5407609845444518,-0.07139905616392198,-0.49893946560522306,-0.09016475559663727,0.03772242200187512,-0.8525205736284381,0.09054130439434936,-0.1922006969507788,0.05732562312292098,-0.4434306035921445,0.696901210548109,-0.35468746554497943,-1.0657463131272433,-0.8024856758347574,0.27389651240624474,0.7769229075840561,0.3258825608076676,-0.30094161819086823,0.27760615555416174,-0.7998215225819786,0.08000012093359753,0.32850979650814893,-0.48444211943886745,-0.027129291415963205,0.053671838610200834,0.7568657853204424,0.11222527697299368,0.49347558768302485,-1.2643393035551178,-0.1688527364832496,0.11013420325046203,-0.19052095223302842,-0.15292547978400176,-0.41832365429486607,-0.10594289820032447,-0.19113680806047142,-0.6426894852382757,-0.6579046069386435,0.09278107324784701
0.38267727746304536,0.6577915644233334,0.12094449271035684,-0.18715555835613432,-0.1696801372559629,-0.6087688919296178,-0.39275581034758855,0.5283611542228236,0.18591803637873525,0.905602324468532,-0.16974048135952166,-0.09252985123627332,0.07925615007907084,-0.45644042450712824,0.38505068307251417,-0.2503561095599092,-0.2582664205563321,0.3489602181278035,0.4991458630203302,0.5055278999401219,-0.10979253747092386,0.05344291275462535,0.15817519813773614,0.08699146116984004,-0.3745518961640936,0.10841359670864309,0.421366283260183,-0.35468746554497943,0.45542570984268044,0.3799216130379663,0.12675742626774306,0.12485681827666602,-0.10456310542230142,-0.015611469863698513,-0.005290969113907289,-0.7810955938737858,0.07575828270752881,-0.23811900241565387,-0.2556067184956086,-0.13244820638770524,0.4339484156975451,-0.21785909340777887,-0.5168472694223031,-0.10265694167551988,0.20877920265788893,0.671238667621788,-0.1685178603288238,0.1314825251104388,0.4626537117608114,0.14010176468264857,0.5733996010130996,0.20813462883640876,0.23871133392379343,0.2852981613494446,0.7124872114601914,-0.002192208761799689
1.2198947293463893,1.1653462581321181,-1.1874686417247562,-0.598117887005862,-0.7544792928624459,0.18831753019550304,0.005470831960282914,1.1629972007209148,0.3199062390254129,-0.27366251028844596,0.9505858326697153,0.30565949534505127,-0.8361374348998125,-0.6568854101626919,-0.931160166773742,-0.6184194621654607,0.15730844104256742,1.2765292648430222,0.31736624713725853,0.4047056141265783,0.7733970858454599,-0.3193936832219352,1.8492650881736978,-0.6613542404868544,0.7194325783090229,-0.4705779767030145,0.9848645732856759,-1.0657463131272433,0.3799216130379663,2.222582350344879,1.3420474214010267,-0.6667302892202657,-1.4098753012900103,-0.3376759414932263,0.8965396300054028,0.3263686862598913,1.1517691671257222,-0.14786003541412526,-1.0975976017069666,0.5624330163904937,-0.2000957462591035,-0.5335118365841004,-0.9862273463488562,-0.4000609226171907,-0.4424860458303086,1.6659372163735986,0.8134872273293241,0.02124261056131538,-0.3327582761784834,0.23748184390536342,0.7617146734922614,0.6432269820205256,0.131449720759757,1.2922715494150736,0.8919859536478244,-0.7583302459282589
0.9760825838729811,0.3786537073142478,-0.7380019754551678,-0.3015160527338597,-0.08357017507442184,0.1790362975741608,0.385012378739173,0.18814233139257874,0.35302839005096237,-0.6945238471906087,0.5692101404874397,-0.5056941809867886,-0.7775349054205963,-0.30509488666955403,-0.46879925964353514,-0.3224140486327119,0.3023777755345847,0.5416617058649572,-0.42812702593077145,0.39741705688744755,0.2200246809628432,-0.07726741091514698,1.2917585979941684,-0.21559764911887092,0.7442290970325328,-0.2107538378430821,0.25561585294017236,-0.8024856758347574,0.12675742626774306,1.3420474214010267,1.2220675653292605,-0.5643438269475448,-1.1728947123623101,-0.6068350278200998,0.43217151675674,0.22986336935582483,1.3220099757695025,0.207730005103012,-0.1913343034776042,0.9711804877178588,-0.3373708366582735,0.19980342195912984,-0.8077963470094262,-0.054925181812861414,-1.0842718082309646,1.4843311685717602,0.45908271708841447,-0.35938031550166677,-0.14538876933343872,0.06766701183596831,0.11501607571417143,-0.11287668650422931,0.07361256227235259,0.77603659940005,0.3615770352226082,-0.05309906857474678
-0.26164640725033256,0.1363828089514299,0.24534339532985974,0.017021051283368498,0.36493363530013584,-0.2884126907833587,-0.41375213561155905,-0.06580064100794425,-0.06569701194367461,0.7438884482922079,-0.2496256812502893,-0.19750090505350362,0.4864805750599881,-0.015856797165057307,0.4822411856854249,0.2317288326168799,-0.31802704934036535,-0.09345038598508287,0.3702558178129676,0.2633628080250418,-0.2452676330620023,0.1792821601576811,-0.4659608636648091,0.1810970575504237,-0.39207749975145395,0.10367856370895108,-0.09629592598598898,0.27389651240624474,0.12485681827666602,-0.6667302892202657,-0.5643438269475448,0.4158796925450638,0.6383704337517225,0.06933316873461427,-0.4587065312644074,-0.7791147779466195,-0.4808641431646519,0.11961339793645354,0.25187384799053697,-0.5315820363390396,0.5821042686002944,-0.03447510797402507,-0.033010711982961856,0.05077641605920389,0.576709817090497,-0.3303955904340792,-0.24576814815188006,0.14023172532671588,0.2531094521938407,-0.13056415759860643,0.23428882283904715,-0.05176326906778445,0.045895518789374756,-0.27615544958198185,0.09121685392162589,0.3057567663488164
-0.8309550139667948,-0.22550464004577567,0.4330054032937401,0.18898558769604867,0.5343125501268771,-0.09063451497397311,-0.47921059479370315,-0.3426695788401921,-0.3014092173063225,0.7234570155933827,-0.36705011095796497,0.026499869947768182,0.8260276406594308,0.29281461806678283,0.5140425970780722,0.5141584356749923,-0.38002547209609744,-0.4091747836244802,0.4119526587394464,-0.05675573590507548,-0.27216218248718066,0.20521931757676806,-1.037628734869108,0.20991499362187757,-0.5335360917332813,0.11307803733125223,-0.3678513756905985,0.7769229075840561,-0.10456310542230142,-1.4098753012900103,-1.1728947123623101,0.6383704337517225,1.231338239269026,0.31083470710716526,-0.685659030666132,-0.6473196745963484,-1.0936136145832898,0.1931683055289817,0.44234933360166595,-0.9613384034409537,0.6391569596925512,-0.05729755741819326,0.4736529223463683,0.10648717919346841,1.0356068063571258,-1.2440559335178503,-0.3321023379543287,0.2579891429813515,0.09819940037689856,-0.2544038378849011,0.01667304204778185,-0.07493224068456364,-0.09032998293273137,-0.7072321924154176,-0.33665326990120875,0.3492298468711898
-0.7115668269450929,-0.4659296141777876,1.1956719577197548,0.4043197899355491,-1.17465033628908,-0.47015249969664685,0.029950622357877214,0.39601141652739047,-0.23243770941820427,0.4014032660591089,-0.8552145589817659,1.411384303024012,0.20959927709469486,0.06924441565396548,0.20627709172628253,-0.42831927282443677,0.03341634365835224,-0.5513709950161017,0.2830925563144693,-0.9549009454634582,-0.023318039720949372,-0.281106828341069,-1.2197346787781063,0.1632244394571421,-0.9677322515199762,0.40034878320197614,0.2472421209045309,0.3258825608076676,-0.015611469863698513,-0.3376759414932263,-0.6068350278200998,0.06933316873461427,0.31083470710716526,1.0217731070671376,0.47086722850835905,0.8285200022307121,-1.1217133882560477,-1.202227998327144,-0.5917072033277655,-0.4203547747285028,-0.5807699700354958,-0.46130406147242714,1.1154304384283258,-0.11464022435278387,0.571394597421575,-1.0960461469948015,-0.6041240139421804,0.42230476441573406,0.32221124425258696,0.5004241433327573,-0.3106280860309791,0.5443723005633045,0.07211079393178696,-0.4717466976233909,-0.07555152032731184,-0.7218014301819257
0.09828051168973022,-0.08970194828693147,0.23240342543054185,0.0779441768554551,-1.1906317519116734,-0.019743385264794095,0.3490088812851025,0.5874115299227093,-4.669748902932892e-4,-0.4101010651751893,-0.0837557738559936,1.0749993538831275,-0.47598974160731683,-0.11930716751988031,-0.4842433727412949,-0.6054623393332076,0.31239360040338193,0.06509216019372317,-0.04540753741570907,-0.6732379271236949,0.369240860765401,-0.3907263473291629,0.10547225795073502,-0.20665189159135658,-0.094696659203299,0.04538577136822763,0.47776531852708454,-0.30094161819086823,-0.005290969113907289,0.8965396300054028,0.43217151675674,-0.4587065312644074,-0.685659030666132,0.47086722850835905,0.875769777165087,1.1904351861500786,0.008361368572889544,-0.8615435348249522,-0.8330351670787236,0.32126473115307996,-0.8624579994191595,-0.38110120287471355,0.4385715314594391,-0.2094715322740042,-0.23750010318164247,0.04371892154061529,0.0304148927720744,0.1449319736883542,-0.07904903362325202,0.46938738300038424,-0.17773812446957726,0.5282492837118798,0.045473723502207984,0.2664669125209318,0.11856128242153087,-0.8651453370818817
