V1,V2,V3,V4,V5,V6,V7,V8,V9,V10,V11,V12,V13,V14,V15,V16,V17,V18,V19,V20,V21,V22,V23,V24,V25,V26,V27,V28,V29,V30,V31,V32,V33,V34,V35,V36,V37,V38,V39,V40,V41,V42,V43,V44,V45,V46,V47,V48,V49,V50,V51,V52,V53,V54,V55,V56
1.1506075664815323,-0.09931458254134214,0.5579722173297488,0.9588094269018193,-3.1548174782188245,1.3836263745199728,1.9329252634573881,-2.5909144526281667,6.323037213523183,-1.0400944715893037,1.2730718645471573,-0.0907318332564414,-0.13709182576479328,1.0029330991976748,-1.021107866412781,0.15093438798467831,0.2534988306829932,0.9870205509733296,-2.869027213825326,1.0918727011641614,3.3980251538705812,5.127685082883519,-2.032729650505345,-3.117765642077189,-4.206323172005277,-0.1076839575370712,-0.27122741425376334,-0.7670636034191656,1.3205350121159507,-2.5802021847956573,0.9289788890256381,3.242368763843399,3.793091421949574,-0.4663940007150159,-0.15341187674249568,3.3639605801932837,1.1048769744285376,-3.11578113152978,0.43541097337509527,-2.6407318627648904,-2.4159716701999,0.7000639080939897,4.168984465589636,-3.9220030482716943,-4.225513064505964,0.9520162635895317,-2.0069219373464495,-2.397423442948652,0.9971082637442393,-0.8732664934198809,-1.9228207139582598,1.5250042756445348,0.7287461884053055,1.178569863597984,0.35908003535699734,3.758265969877929
-0.09931458254134214,0.998837813249533,0.2812548108689271,0.2565436028695807,1.325754783270483,0.5681439507004095,-0.24508959822379264,1.618974717127188,0.5582728554486567,-0.09338629512836638,0.85503023026696,0.51789987484018285,0.3185036556896976,0.46793846607313505,0.19528417265599965,0.24614514004227894,0.3403510790327565,0.10848391533399589,-0.08863428176155749,-0.594835484113515,-0.5047678428483653,-0.8435932802529547,-0.5724199125952552,0.1523821122871417,0.282630575229056,-0.2082904937837662,0.10652026151636194,-0.05192194031831712,1.3513888325085353,0.5319421518911558,-0.09355572970560633,-0.8352838071982339,-0.0256201409646558,-0.11609941586392097,0.11488308754415759,-0.72778614312545,-1.419883964711808,0.47085174509835775,0.28289949300410094,-0.07341281856245044,1.1094981178067835,-0.388617256505549,0.3287790521755094,-0.04651813193356766,0.5975763286913384,-0.3690404384751253,1.8644349859982172,0.41535779609825446,0.51939837485,-1.1311825996242122,1.0346349962035064,-0.48595634738164223,0.5925321001767748,0.3270577532470918,-1.1422405919489866,-0.3751529388516209
0.5579722173297488,0.2812548108689271,0.3893483578878704,0.634857703575999,-1.289233533004647,1.0103591266633072,1.0620540691398492,-0.90030578987868,3.793007049191767,-0.6620847171527464,1.0118843576251575,0.14026923009379502,0.02771946849786343,0.7265447909759428,-0.5319246035504135,0.1838300932150151,0.24948908554660942,0.6258352548585507,-1.6485574612062157,0.4007279317916672,1.812252714470997,2.639401014607219,-1.355945393131226,-1.6884443085304215,-2.3287956662715916,-0.11417278069389575,-0.08601728096495702,-0.4490920926625849,1.2226823000417146,-1.296891837502609,0.5223402892745119,1.5753886163147843,2.182857837735637,-0.2685059768902853,-0.06140524237111424,1.6430471526342554,0.15545277683851877,-1.5915121218519388,0.3446768156046443,-1.5482791182005904,-1.007316617365742,0.28902395394384245,2.4672905964508276,-2.2253080473419162,-2.2105495711378196,0.4330739636472462,-0.5317621469620575,-1.2428538660419537,0.7795398613200919,-0.8780684015232,-0.7608886695485488,0.7249121576236346,0.6174231400690963,0.807584677383455,-0.14665622463912312,1.9917590013015951
0.9588094269018193,0.2565436028695807,0.634857703575999,1.3844927115012877,-3.223969978665561,2.2704050766926134,2.8614908901084637,-2.6733827968021595,8.638744344122113,-1.7257408348586567,2.025799213580344,0.24435250692369578,-0.06303334139655886,1.4759446864244206,-1.407266825592155,0.38296630184494057,0.3995205452529627,1.600798428918706,-3.730123483823846,1.0414425271127266,4.717255894630244,6.542699302533867,-2.948571763452011,-3.785468834319635,-5.729363814996141,-0.037478526410832255,-0.04815240673864467,-0.9934461269268041,2.393703041470516,-3.3166561210379273,1.383589665310251,4.111180642237245,5.286904824870591,-0.35593191503143695,-0.2545109120026629,4.010443810517192,1.0119402940740043,-3.75945081065059,0.6968628826623562,-3.704101661470363,-2.8525582148048003,0.994408766808775,5.5092221960315575,-5.056074321367513,-5.449532756987358,1.2457532117326433,-2.121499113499054,-3.219922139356283,1.8212174591183186,-1.5613264927684076,-2.3206995354839064,2.0064635818085086,1.1928752268155531,1.9127157237375323,0.3352761016015473,4.676075287259106
-3.1548174782188245,1.325754783270483,-1.289233533004647,-3.223969978665561,11.743163696102634,-4.843259761503844,-8.001080986227308,10.662503952586736,-22.26329352350023,4.276265966448999,-3.7627023578130645,0.48888343518827154,0.8096263296403071,-3.07171850354674,4.119788845885055,-0.4657647004197584,-0.4469732764895778,-3.963382092953872,10.014753290315689,-4.147642624204763,-13.538083998746593,-19.412250725833918,6.810246815756434,10.77069856397075,15.934759245149266,-0.2139227742754795,0.5267340922864225,2.6155826100966992,-3.672897102312563,10.016942356958449,-3.801913518201719,-12.7654374815387,-14.20818757876354,0.932809605068367,0.8539140018142669,-12.483819506296609,-5.575220114128121,11.275477190772527,-1.308888122905591,9.77820460879061,9.937921818779772,-3.349848231263367,-14.36756723454769,13.738293162592687,15.944806614184305,-4.034215134818609,9.41216847730823,9.454916516244309,-3.6812465745656584,1.9555208576945027,8.287658907896589,-6.30362345074482,-2.026479152625824,-4.378089318679166,-3.021521321880812,-13.556058947955666
1.3836263745199728,0.5681439507004095,1.0103591266633072,2.2704050766926134,-4.843259761503844,3.8119363951478356,4.660694602358568,-3.977194446766777,13.998892069921913,-2.8784751774542534,3.39278324815584,0.5173332200579931,-0.053231271938047685,2.4428084518612323,-2.2675108036587486,0.6896304567423857,0.6741935645461875,2.652963656951648,-5.976450147620974,1.5291265114696964,7.6213954890144455,10.400181743813073,-4.844255919806094,-5.981220238742446,-9.23929374634458,-0.056967612675885994,0.009940410339348116,-1.5974243209913876,4.096641580983507,-5.267773182781704,2.2714736389620707,6.504450015401339,8.571398251513163,-0.5104426272799937,-0.421742808821198,6.273476605425268,1.4148732345175548,-5.920439544488195,1.1699901806142794,-6.016557831134815,-4.426142332843558,1.5894155597034847,8.874537891806034,-8.084625688675157,-8.6841914549895165,1.986175169610727,-3.1621945211820734,-5.156028335357387,3.0967450786540875,-2.6860215234942353,-3.6077652691586186,3.2033407278831225,2.018742090717974,3.183563861455739,0.44191853154929467,7.409581302303985
1.9329252634573881,-0.24508959822379264,1.0620540691398492,2.8614908901084637,-8.001080986227308,4.660694602358568,6.744946359674073,-7.194129568103112,18.684676174038923,-3.9008105034574765,3.7961220769827686,0.20556674769400488,-0.3997166879482968,2.8646636872389917,-3.342577064446322,0.6827890064875086,0.5736308187018576,3.5884587783122095,-8.135694744999423,2.699692180631233,11.05976110477055,15.215260369551412,-6.0720574512975745,-8.358844325602679,-13.051057317506194,0.19418734622595846,-0.052396891799759586,-2.1327483609299702,4.2578316921978905,-7.837934444555825,3.22779679664255,9.860492285128542,11.859243700755002,-0.5331805366261654,-0.7005595374693744,9.397501315175539,3.458621297274425,-8.608825487450249,1.3166248237561173,-8.23092950568687,-7.267257588743861,2.6365613891136173,11.852611648798067,-11.081113438396384,-12.595883723828186,3.1197587281731898,-6.315644326936365,-7.581109067099392,3.7592051068736456,-2.51168717288004,-6.075988127688735,4.923160788501488,2.149476719770167,4.084441853550285,1.8279045421052436,10.579015813265372
-2.5909144526281667,1.618974717127188,-0.90030578987868,-2.6733827968021595,10.662503952586736,-3.977194446766777,-7.194129568103112,10.013356985836332,-19.013527423755,3.758575214729649,-2.856323406928538,0.603258521063777,0.8511206035758151,-2.4146595753374425,3.697081489851843,-0.2961316556878742,-0.2107429655503872,-3.481262561294734,8.59916604480257,-3.8170217316125146,-12.101713757890746,-17.24556769014449,5.630038909479132,9.299917166282725,14.023340385566224,-0.37421516978927627,0.4106386324285971,2.220166664958442,-2.575994213301459,8.9789043684948,-3.384721778967621,-11.521050637188681,-12.409185189558519,0.6393486782901393,0.8230549914967491,-11.12609973497599,-5.565994050384532,9.9206103334566,-0.9993861843786586,8.489477739761453,9.171615376475598,-3.1765769535562582,-12.225499455211594,11.831738060161792,14.13075520535273,-3.7031900361569177,9.10889680422749,8.477762130774249,-3.0351577477504614,1.1276073174594528,7.748278371951841,-5.741159285379805,-1.4581199911576965,-3.719885708273541,-3.2680032212425476,-11.870206401108089
6.323037213523183,0.5582728554486567,3.793007049191767,8.638744344122113,-22.26329352350023,13.998892069921913,18.684676174038923,-19.013527423755,55.09496440522044,-11.006475734846363,12.13659211854379,1.006760169339603,-0.7497499665458469,9.010530311160519,-9.268035536182653,2.198066692087332,2.211394355185276,10.188853997863115,-23.95041777595943,7.363535530490706,30.94444669332816,43.09517869889367,-18.379420672179826,-24.585958958758297,-37.23198624032309,-0.029074679205185187,-0.44936191472803594,-6.355741513543013,13.95018976348305,-21.958806313063967,9.011616045077897,27.405340558798244,34.09182257546409,-2.1873908301728875,-1.7615024065495188,26.658107309723498,8.066785918444014,-24.764379847412897,4.187500731290332,-23.795113771218325,-19.591422302135477,6.820640808477702,35.16633284090422,-32.55469102370403,-35.78312978142056,8.433599756564952,-15.698625590912131,-21.20086698048585,11.162675337479593,-8.826127321868045,-16.085664840569752,13.463399316602219,7.0437916898540625,11.949027720468775,3.3956949053211996,30.559373450457848
-1.0400944715893037,-0.09338629512836638,-0.6620847171527464,-1.7257408348586567,4.276265966448999,-2.8784751774542534,-3.9008105034574765,3.758575214729649,-11.006475734846363,2.3290261283164626,-2.4105895882210127,-0.2595158666474999,0.15781588974556773,-1.7772577733467168,1.9110794678796303,-0.4747350452112238,-0.4041973563948255,-2.1360727651591227,4.7329352043197535,-1.4049583043685012,-6.3592971891192125,-8.6469597680591,3.672378893138852,4.787845514834784,7.549371755670119,-0.07363843946044225,-0.023607286782104362,1.2498484978554802,-2.8118195499293823,4.434243809428725,-1.8829946203049448,-5.539710180266623,-6.918848761408276,0.304518366417064,0.3941273332633702,-5.258662324109759,-1.6723268388743002,4.871371101521829,-0.8356283256297434,4.824006263125472,3.963316549374441,-1.4582336027486296,-6.9537845050727,6.4273039667749705,7.185164164364752,-1.7453098864070409,3.244029274114647,4.322126152996186,-2.3476201130556644,1.7296040667780221,3.299146770873607,-2.770911552442597,-1.3960836379220798,-2.473347551719371,-0.8256789797329563,-6.036850905170355
1.2730718645471573,0.85503023026696,1.0118843576251575,2.025799213580344,-3.7627023578130645,3.39278324815584,3.7961220769827686,-2.856323406928538,12.13659211854379,-2.4105895882210127,3.218795572073066,0.5986620237216584,0.0773919223854485,2.2628648695228346,-1.8271978208174147,0.6473312160462241,0.7224241671837085,2.249514051707274,-5.161822608790445,1.1240140079762446,6.2111493776276925,8.548198015046317,-4.3306227288841175,-5.118814544441598,-7.71523078719663,-0.1571720268848529,-0.017306330499041664,-1.3913336964160417,3.96658323161843,-4.28280793433849,1.8467405533376062,5.215321135931471,7.232029813084303,-0.5509644381400202,-0.28753781145373514,5.1371492145581215,0.6698176501664149,-4.921502603165898,1.1007760001386058,-5.119657259259155,-3.3499752379816985,1.1663512917800987,7.725183260137049,-6.9636898346387435,-7.173144775642158,1.5225542092819964,-1.9644894476417147,-4.207779015271028,2.760173751549946,-2.7111330377758143,-2.6607507023080763,2.506569765909051,1.9342130150360075,2.781766712146927,-0.12041963860466544,6.2244455477246
-0.0907318332564414,0.51789987484018285,0.14026923009379502,0.24435250692369578,0.48888343518827154,0.5173332200579931,0.20556674769400488,0.603258521063777,1.006760169339603,-0.2595158666474999,0.5986620237216584,0.32258520697322424,0.15498124104627573,0.3450058541811474,-0.04440998142581731,0.16961823175351956,0.1900505336934785,0.24746621394522744,-0.3283769937135161,-0.2547672474571346,0.2378305181293853,0.1413394845269574,-0.5362799410011813,-0.16915437232256159,-0.39680371734076036,-0.06078080180841794,0.10867193357352226,-0.09994071860598379,0.8995428668833593,-0.038202163106394675,0.11098625260454119,-0.03871303198947116,0.48893803498911437,-0.01740693560067181,0.013455825311625699,-0.061560636849209774,-0.5949221707123548,-0.035374161081852075,0.20167710225134997,-0.38434285854110484,0.2959600840175469,-0.054280993681723594,0.587038609576479,-0.408128122786954,-0.17481987235435947,-0.04940333295345801,0.7068042233312498,-0.11495416877996564,0.47784025694329463,-0.6806798895343468,0.2744239953245833,-0.03300133430476174,0.39136791905481455,0.372625715579575,-0.4671383478723702,0.16411988260296725
-0.13709182576479328,0.3185036556896976,0.02771946849786343,-0.06303334139655886,0.8096263296403071,-0.053231271938047685,-0.3997166879482968,0.8511206035758151,-0.7497499665458469,0.15781588974556773,0.0773919223854485,0.15498124104627573,0.11871394303442508,7.513880833894136e-4,0.22370988252312243,0.041825974410608334,0.07574032215494096,-0.1373532742145503,0.3770771203228929,-0.32219260048409176,-0.6916691406231296,-1.0084969815145226,0.12425635396634349,0.46694425729917854,0.7250058377544669,-0.06792780450814113,0.04047476350850872,0.08973949577266731,0.20780454288755446,0.5464781808427381,-0.18458060098610948,-0.7393356734063671,-0.5882525389298742,-0.0028518110156417714,0.06824856302989965,-0.6891967847877558,-0.6030373444387293,0.5738476547873906,0.022481256335912206,0.37973802209970425,0.6975862298602635,-0.24236207229646725,-0.48785174995547786,0.535417195215573,0.8036988090468365,-0.2641238475982146,0.8796730365125511,0.49459208004613536,-0.019458178522160918,-0.22121129031816006,0.6114482661138241,-0.3878889572247958,0.07477197053843325,-0.09690074123231529,-0.4333670119122281,-0.6416840181724198
1.0029330991976748,0.46793846607313505,0.7265447909759428,1.4759446864244206,-3.07171850354674,2.4428084518612323,2.8646636872389917,-2.4146595753374425,9.010530311160519,-1.7772577733467168,2.2628648695228346,0.3450058541811474,7.513880833894136e-4,1.6221735709391003,-1.3995635385284113,0.44537152553236686,0.4843289410489199,1.650801541341695,-3.8620842336937886,0.9593788406737805,4.725396217577541,6.553537471823992,-3.1513063282631846,-3.885099770583458,-5.822134885358123,-0.10039677887075461,-0.047190042272743975,-1.0379648639066996,2.7349915738786486,-3.2939876951493625,1.3954173515264616,4.04445819369474,5.416937606919824,-0.411879601920671,-0.23255695977041851,3.982124733332432,0.7352947589460992,-3.7860755612107284,0.7765620426448516,-3.818919427147239,-2.698290935652075,0.9229820982382072,5.749845521074244,-5.221923526068868,-5.479777294706524,1.2007831478043132,-1.7835591272764313,-3.208792505169103,1.9655309095426512,-1.844399150401058,-2.1591124147761303,1.9563649427215528,1.3531783761286535,2.0164398264691936,0.08877747384453738,4.743723852516905
-1.021107866412781,0.19528417265599965,-0.5319246035504135,-1.407266825592155,4.119788845885055,-2.2675108036587486,-3.342577064446322,3.697081489851843,-9.268035536182653,1.9110794678796303,-1.8271978208174147,-0.04440998142581731,0.22370988252312243,-1.3995635385284113,1.6764691126277127,-0.319789655684244,-0.2622146207759519,-1.7516130679848387,4.059036455037309,-1.4050923073567305,-5.508914200317729,-7.636041039814599,2.9826242090337387,4.204443465721926,6.501445877990764,-0.08827118761707649,0.056815713655588754,1.0635190035087116,-2.013412765593486,3.9310694082562927,-1.6030915465216082,-4.955236670350995,-5.886473297772057,0.2872907324068157,0.34794564748422224,-4.742869918992683,-1.8084465731425177,4.341553362555879,-0.634835138274091,4.081148785789205,3.6948939719656204,-1.3181481909994295,-5.90074103189432,5.531074544719655,6.308189383133963,-1.5715174480578706,3.2658139068093197,3.78265396784759,-1.8103385103437297,1.18037947616783,3.0791312959354844,-2.473849754798772,-1.0322846667553245,-1.9918264458239334,-0.9633041118050751,-5.312812841546698
0.15093438798467831,0.24614514004227894,0.1838300932150151,0.38296630184494057,-0.4657647004197584,0.6896304567423857,0.6827890064875086,-0.2961316556878742,2.198066692087332,-0.4747350452112238,0.6473312160462241,0.16961823175351956,0.041825974410608334,0.44537152553236686,-0.319789655684244,0.16111118417795614,0.14745401700868718,0.42914223223091397,-0.8970461179690907,0.11775323386405195,1.0927122225588723,1.421057159765577,-0.8239025018431718,-0.8489940209388723,-1.3581428559397144,-0.039660209133510434,0.03861007779670166,-0.24636807488257023,0.8441513048115317,-0.7025032049799729,0.34635839822885833,0.8383881188883603,1.2998607641292512,-0.07323767588402967,-0.054168583492710656,0.7947446696167166,-0.024946168573027793,-0.79605867519504,0.22377262330805534,-0.9292127151461251,-0.48215807992150156,0.18188395703696583,1.3744343790154705,-1.1995259643214105,-1.206032047699902,0.25139499746535604,-0.1784212605770676,-0.7084037581621737,0.5766143257057708,-0.5894747608677954,-0.3755960283181008,0.4177617333392822,0.404907323469144,0.5427801809268922,-0.09820248459475116,1.0318555089663735
0.2534988306829932,0.3403510790327565,0.24948908554660942,0.3995205452529627,-0.4469732764895778,0.6741935645461875,0.5736308187018576,-0.2107429655503872,2.211394355185276,-0.4041973563948255,0.7224241671837085,0.1900505336934785,0.07574032215494096,0.4843289410489199,-0.2622146207759519,0.14745401700868718,0.2008103042983049,0.3902029687623808,-0.9243442375552979,0.09951476191011055,0.9435773183929638,1.3177899355164335,-0.8590332800460053,-0.8884805948432203,-1.2597156685021393,-0.08195841810985265,-0.010672061096180243,-0.2557244793837657,0.9357034732724423,-0.6345929121398355,0.2814528205324258,0.7375443849631699,1.2267287277320633,-0.14767335965385475,-0.01944875935737165,0.7757051540525747,-0.1591750081010329,-0.7843178550450288,0.24412864026335432,-0.885324866990034,-0.36220362712607923,0.10941718511122592,1.4174023693792477,-1.23675958687756,-1.127559173120932,0.18017323813619568,0.0333825607328439,-0.6358490158278457,0.5475511886224592,-0.6868540132834822,-0.2523795136223815,0.3245894633466144,0.44778618629675193,0.5242207690127837,-0.26781836950745996,1.0273460048761713
0.9870205509733296,0.10848391533399589,0.6258352548585507,1.600798428918706,-3.963382092953872,2.652963656951648,3.5884587783122095,-3.481262561294734,10.188853997863115,-2.1360727651591227,2.249514051707274,0.24746621394522744,-0.1373532742145503,1.650801541341695,-1.7516130679848387,0.42914223223091397,0.3902029687623808,1.9726992776936334,-4.390127439895919,1.29878591047662,5.851551874702942,7.985139029745484,-3.405650047591894,-4.443275433309227,-6.965534802754248,0.06620547358509478,0.00958585262440631,-1.1579256614752476,2.6218194299426454,-4.0950703285329695,1.7218159077644057,5.113307405049262,6.388058828623395,-0.2980446378822551,-0.3555454219919752,4.874945535575886,1.5280247446829565,-4.508132734146302,0.7772058723452853,-4.454354169648991,-3.645072187647736,1.3377631415838391,6.444754565518566,-5.964051572485049,-6.63877663938136,1.5961472107591865,-2.9574534079448997,-3.9918888962413854,2.162319654525095,-1.617031146935261,-3.033148979565774,2.540955632734882,1.2973141820856746,2.286091586948089,0.7264632514597199,5.59181671118908
-2.869027213825326,-0.08863428176155749,-1.6485574612062157,-3.730123483823846,10.014753290315689,-5.976450147620974,-8.135694744999423,8.59916604480257,-23.95041777595943,4.7329352043197535,-5.161822608790445,-0.3283769937135161,0.3770771203228929,-3.8620842336937886,4.059036455037309,-0.8970461179690907,-0.9243442375552979,-4.390127439895919,10.468862581614074,-3.3441009261742547,-13.512853082910357,-18.941795795148533,7.926182885742511,10.812381820673204,16.25444272033069,0.0021533079982957366,0.25653901730151235,2.770962588350161,-5.8552034920189815,9.65959086827398,-3.909327765807,-12.081027879493117,-14.84110072615767,0.9886709508328918,0.7661559086112718,-11.793466438055997,-3.738310233975566,10.918649655669475,-1.7796075740321264,10.34468250551427,8.722220312529721,-3.0068230953981283,-15.326824388880341,14.241553318271443,15.705875286360042,-3.712095414901489,7.1209589660033465,9.293681051832106,-4.734504768588471,3.679829323704563,7.159295886620122,-5.9183277196944575,-2.977159011058329,-5.132250959471762,-1.6073589130050787,-13.435864574600133
1.0918727011641614,-0.594835484113515,0.4007279317916672,1.0414425271127266,-4.147642624204763,1.5291265114696964,2.699692180631233,-3.8170217316125146,7.363535530490706,-1.4049583043685012,1.1240140079762446,-0.2547672474571346,-0.32219260048409176,0.9593788406737805,-1.4050923073567305,0.11775323386405195,0.09951476191011055,1.29878591047662,-3.3441009261742547,1.4930551941106935,4.590154884777971,6.623624627320213,-2.192978524566057,-3.643768318147571,-5.364478224302307,0.09403789251520744,-0.20234008177562837,-0.867576171048977,1.0170752353809362,-3.4270922270189765,1.2784615329883184,4.394352152926587,4.750495366267921,-0.3062198229704331,-0.30036177988482143,4.294821053536193,2.0775486490183686,-3.854230511702914,0.39338950759403274,-3.2536154870050784,-3.492136253148432,1.1663459937009417,4.765063722086507,-4.5972305706929815,-5.426801522185372,1.3990726416202135,-3.425335480479072,-3.2145894986287162,1.1392799040414856,-0.4849310412291976,-2.92040053548923,2.1742822653335825,0.5892465676185779,1.407694820766847,1.170469329189441,4.60418331612676
3.3980251538705812,-0.5047678428483653,1.812252714470997,4.717255894630244,-13.538083998746593,7.6213954890144455,11.05976110477055,-12.101713757890746,30.94444669332816,-6.3592971891192125,6.2111493776276925,0.2378305181293853,-0.6916691406231296,4.725396217577541,-5.508914200317729,1.0927122225588723,0.9435773183929638,5.851551874702942,-13.512853082910357,4.590154884777971,18.265791523792252,25.285249906501395,-10.015166908634155,-13.973709948131761,-21.584368913049293,0.2586466783027888,-0.19817820249276843,-3.554042697229372,6.896312137412843,-13.005066324596225,5.311608963101615,16.378086079775358,19.58857099887031,-0.9841539765808434,-1.1505654837861616,15.700372861767054,5.8235997954422984,-14.393755550740593,2.1568860114629698,-13.587288955270845,-12.120542357848022,4.327649554794448,19.68227396490704,-18.420578300760084,-20.920688598966127,5.17666536014949,-10.582497186660012,-12.5338713477062,6.089511925171004,-4.074188807030931,-10.11461875810408,8.16381567272395,3.5208310877366817,6.660028662049266,3.0417533834177375,17.631932812550506
5.127685082883519,-0.8435932802529547,2.639401014607219,6.542699302533867,-19.412250725833918,10.400181743813073,15.215260369551412,-17.24556769014449,43.09517869889367,-8.6469597680591,8.548198015046317,0.1413394845269574,-1.0084969815145226,6.553537471823992,-7.636041039814599,1.421057159765577,1.3177899355164335,7.985139029745484,-18.941795795148533,6.623624627320213,25.285249906501395,35.38649209040141,-13.878665341938937,-19.743382318644034,-29.99876079646135,0.27396627469072643,-0.4750380194336974,-4.9813347631056155,9.354138895954016,-18.17278038970364,7.288772753965907,22.903268006390366,27.168528469510754,-1.5689827839972073,-1.5496494419381799,22.15654640223434,8.276225227818573,-20.297249385737867,2.9624969699962946,-18.840698213264456,-17.035542895125115,5.950502991348544,27.539251750149038,-25.83929551697891,-29.24864803244215,7.1842309803628694,-14.917471845564497,-17.427231320486623,8.217179656842857,-5.551557843262913,-14.15209458593262,11.339425760571299,4.828044612395962,9.103909985200232,4.193449548258871,24.795662146172614
-2.032729650505345,-0.5724199125952552,-1.355945393131226,-2.948571763452011,6.810246815756434,-4.844255919806094,-6.0720574512975745,5.630038909479132,-18.379420672179826,3.672378893138852,-4.3306227288841175,-0.5362799410011813,0.12425635396634349,-3.1513063282631846,2.9826242090337387,-0.8239025018431718,-0.8590332800460053,-3.405650047591894,7.926182885742511,-2.192978524566057,-10.015166908634155,-13.878665341938937,6.283438081315167,8.037688231304038,12.168959374054149,0.08846552411399816,0.10039427545809856,2.114328386661967,-5.126515482460631,7.032083032174046,-2.9407503486220152,-8.711450478527057,-11.236256886558918,0.7593030315189546,0.53991221553689706,-8.498642775214305,-2.1078868920161704,7.976009757826846,-1.4902455359928501,7.875516934027753,6.028162260842562,-2.101685862287192,-11.716877819644795,10.743534000718837,11.564278448709782,-2.6402111838851217,4.454547814629426,6.830177885946751,-3.88832759202837,3.349646860488766,4.903477618491088,-4.253893718399856,-2.553648425985081,-4.0721870797584785,-0.6830127750705595,-9.923733618715534
-3.117765642077189,0.1523821122871417,-1.6884443085304215,-3.785468834319635,10.77069856397075,-5.981220238742446,-8.358844325602679,9.299917166282725,-24.585958958758297,4.787845514834784,-5.118814544441598,-0.16915437232256159,0.46694425729917854,-3.885099770583458,4.204443465721926,-0.8489940209388723,-0.8884805948432203,-4.443275433309227,10.812381820673204,-3.643768318147571,-13.973709948131761,-19.743382318644034,8.037688231304038,11.274715438605798,16.785089992023174,0.0016304149885362248,0.3591524800837622,2.859400344111498,-5.686233270847744,10.074589545718041,-4.012727566219949,-12.640471155512587,-15.262835555081113,1.0689504702758321,0.7965524063151753,-12.39204522701495,-4.178108711983218,11.436047316009207,-1.766505847671519,10.6204482650699,9.252822529909183,-3.139140102176713,-15.780809656111435,14.73139028549181,16.343560321166347,-3.8913953591199877,7.75684588207813,9.64087813137472,-4.688791368514786,3.53258362497349,7.59736075726608,-6.186047283802968,-2.932123873827123,-5.160853601140576,-1.8612920645660327,-14.003724368581713
-4.206323172005277,0.282630575229056,-2.3287956662715916,-5.729363814996141,15.934759245149266,-9.23929374634458,-13.051057317506194,14.023340385566224,-37.23198624032309,7.549371755670119,-7.71523078719663,-0.39680371734076036,0.7250058377544669,-5.822134885358123,6.501445877990764,-1.3581428559397144,-1.2597156685021393,-6.965534802754248,16.25444272033069,-5.364478224302307,-21.584368913049293,-29.99876079646135,12.168959374054149,16.785089992023174,25.683717969686374,-0.18857391276237742,0.28514318043351794,4.286056175037114,-8.658279689040812,15.37854749967275,-6.269752312558367,-19.3089573833961,-23.369511242048898,1.3122108152693612,1.3066011902152443,-18.6287191158494,-6.4899533432776675,17.149569478401226,-2.6710166096840187,16.245939981129837,14.140884603755254,-4.990889572183541,-23.730573743661633,22.136490267678482,24.844052166727042,-6.039283304692095,12.020416170406985,14.818156416078832,-7.367258862254612,5.257022010644403,11.726602780693995,-9.564917861376632,-4.406926283001639,-8.01465543951174,-3.1771292174673738,-21.05423487211443
-0.1076839575370712,-0.2082904937837662,-0.11417278069389575,-0.037478526410832255,-0.2139227742754795,-0.056967612675885994,0.19418734622595846,-0.37421516978927627,-0.029074679205185187,-0.07363843946044225,-0.1571720268848529,-0.06078080180841794,-0.06792780450814113,-0.10039677887075461,-0.08827118761707649,-0.039660209133510434,-0.08195841810985265,0.06620547358509478,0.0021533079982957366,0.09403789251520744,0.2586466783027888,0.27396627469072643,0.08846552411399816,0.0016304149885362248,-0.18857391276237742,0.10934655861762622,0.049620534833262606,0.01553991623330999,-0.23470890998336447,-0.18587572117858453,0.07212946289596366,0.2700262563936154,0.1285462169211565,0.10467982025483362,-0.047153347120168436,0.17116281614434656,0.3567373107286126,-0.08917309749356257,-0.05260590408551701,-0.06659150006949252,-0.2955742168417451,0.16025407729189695,-0.05520312356743913,-0.010358880389115858,-0.21081170567155041,0.11806342549774636,-0.47434496220705186,-0.18946440000575498,-0.02015646475667428,0.24273891675429882,-0.30085116601358664,0.16344992749664597,-0.12427929678418799,0.012818152129193258,0.3266700833865727,0.09284252949988162
-0.27122741425376334,0.10652026151636194,-0.08601728096495702,-0.04815240673864467,0.5267340922864225,0.009940410339348116,-0.052396891799759586,0.4106386324285971,-0.44936191472803594,-0.023607286782104362,-0.017306330499041664,0.10867193357352226,0.04047476350850872,-0.047190042272743975,0.056815713655588754,0.03861007779670166,-0.010672061096180243,0.00958585262440631,0.25653901730151235,-0.20234008177562837,-0.19817820249276843,-0.4750380194336974,0.10039427545809856,0.3591524800837622,0.28514318043351794,0.049620534833262606,0.12065888482982616,0.07211022566379541,0.0627729775209602,0.22795695615110378,-0.025701914003640882,-0.3016670530735356,-0.22681735755068802,0.12505785745353465,-0.0045149664673865735,-0.39756405160869934,-0.1974797278342132,0.36035707489960644,-0.004954232024528877,0.1514820582239001,0.2773045113667768,-0.02517574721333123,-0.352190122857071,0.3641524140248891,0.3775559391434209,-0.07441814269896141,0.2856698945000824,0.17044168261595768,0.06460071571648679,-0.030046507433603944,0.2040296489213546,-0.11789211032638028,-0.003140660090100699,0.00887889716030964,-0.04631561173237083,-0.39265825646253727
-0.7670636034191656,-0.05192194031831712,-0.4490920926625849,-0.9934461269268041,2.6155826100966992,-1.5974243209913876,-2.1327483609299702,2.220166664958442,-6.355741513543013,1.2498484978554802,-1.3913336964160417,-0.09994071860598379,0.08973949577266731,-1.0379648639066996,1.0635190035087116,-0.24636807488257023,-0.2557244793837657,-1.1579256614752476,2.770962588350161,-0.867576171048977,-3.554042697229372,-4.9813347631056155,2.114328386661967,2.859400344111498,4.286056175037114,0.01553991623330999,0.07211022566379541,0.7373293022775324,-1.5875941834820628,2.534480228904172,-1.031273471161143,-3.1643589853670617,-3.920085027887515,0.2725972838676512,0.1993466329575647,-3.0966974345891396,-0.9400236891675454,2.878570802486025,-0.48011395266043455,2.735829189193156,2.2694223215490887,-0.7777416673279868,-4.067801963905866,3.7686754877836157,4.133415603094267,-0.9715763666230628,1.8227039778828118,2.4391790586812734,-1.2640495676231551,1.008921100062369,1.8584448882413682,-1.5508381224116778,-0.8078481235413785,-1.3603559446985258,-0.3864900520501912,-3.5432170035194224
1.3205350121159507,1.3513888325085353,1.2226823000417146,2.393703041470516,-3.672897102312563,4.096641580983507,4.2578316921978905,-2.575994213301459,13.95018976348305,-2.8118195499293823,3.96658323161843,0.8995428668833593,0.20780454288755446,2.7349915738786486,-2.013412765593486,0.8441513048115317,0.9357034732724423,2.6218194299426454,-5.8552034920189815,1.0170752353809362,6.896312137412843,9.354138895954016,-5.126515482460631,-5.686233270847744,-8.658279689040812,-0.23470890998336447,0.0627729775209602,-1.5875941834820628,5.02484997924159,-4.6515619937411685,2.086394506768839,5.596060445332895,8.214803861495097,-0.6218201159836381,-0.2984531323704305,5.5003225244856315,0.22198364884948563,-5.357431437579139,1.3551968531581642,-5.84496653526555,-3.373818271950106,1.2011472426885639,8.844116333985257,-7.866360010314815,-7.894143457656996,1.6014692994798998,-1.5332529267859492,-4.626785286407961,3.3678887065973337,-3.4999049704823157,-2.635557185123213,2.676655479869035,2.41864357092469,3.3078972534509217,-0.5286065692915571,6.871118192881655
-2.5802021847956573,0.5319421518911558,-1.296891837502609,-3.3166561210379273,10.016942356958449,-5.267773182781704,-7.837934444555825,8.9789043684948,-21.958806313063967,4.434243809428725,-4.28280793433849,-0.038202163106394675,0.5464781808427381,-3.2939876951493625,3.9310694082562927,-0.7025032049799729,-0.6345929121398355,-4.0950703285329695,9.65959086827398,-3.4270922270189765,-13.005066324596225,-18.17278038970364,7.032083032174046,10.074589545718041,15.37854749967275,-0.18587572117858453,0.22795695615110378,2.534480228904172,-4.6515619937411685,9.352698620842121,-3.745747457212444,-11.803792455960865,-13.905614237391088,0.7598802406966103,0.810117446840073,-11.385362102446818,-4.38941527421529,10.398805251420407,-1.4850363850869053,9.633092039470451,8.826352017499909,-3.1050911973004083,-14.019592399026749,13.184777837524825,15.012390719104582,-3.7172232954790805,7.8303652956350405,8.971265130581061,-4.170490866545238,2.713456986775095,7.356913609490096,-5.856433222146622,-2.40161166730159,-4.639620561666473,-2.2875898602010794,-12.692091962432263
0.9289788890256381,-0.09355572970560633,0.5223402892745119,1.383589665310251,-3.801913518201719,2.2714736389620707,3.22779679664255,-3.384721778967621,9.011616045077897,-1.8829946203049448,1.8467405533376062,0.11098625260454119,-0.18458060098610948,1.3954173515264616,-1.6030915465216082,0.34635839822885833,0.2814528205324258,1.7218159077644057,-3.909327765807,1.2784615329883184,5.311608963101615,7.288772753965907,-2.9407503486220152,-4.012727566219949,-6.269752312558367,0.07212946289596366,-0.025701914003640882,-1.031273471161143,2.086394506768839,-3.745747457212444,1.5617791489561497,4.708375774808266,5.705587356117082,-0.26392174044638783,-0.33905119011219326,4.485118837325097,1.6097662399495871,-4.129522718077472,0.6428865548405566,-3.9619056053745325,-3.458312433219709,1.2510570860390144,5.7140391403387465,-5.321634708151015,-6.035679518430823,1.4981245779149845,-2.9834857193186486,-3.624170453192925,1.827052251894309,-1.2458722137853102,-2.8871692079887645,2.362220114075022,1.0584344833067876,1.9693602029695911,0.849802424386709,5.071801094242553
3.242368763843399,-0.8352838071982339,1.5753886163147843,4.111180642237245,-12.7654374815387,6.504450015401339,9.860492285128542,-11.521050637188681,27.405340558798244,-5.539710180266623,5.215321135931471,-0.03871303198947116,-0.7393356734063671,4.04445819369474,-4.955236670350995,0.8383881188883603,0.7375443849631699,5.113307405049262,-12.081027879493117,4.394352152926587,16.378086079775358,22.903268006390366,-8.711450478527057,-12.640471155512587,-19.3089573833961,0.2700262563936154,-0.3016670530735356,-3.1643589853670617,5.596060445332895,-11.803792455960865,4.708375774808266,14.928182563085707,17.424572946767558,-0.9288120885718084,-1.0369506093866723,14.38268736254137,5.741705395915744,-13.102202569523806,1.811078393373047,-12.051748661684037,-11.243201030000312,3.956740633974131,17.499498777726814,-16.50236649342552,-18.905277202329035,4.718454591214012,-10.125253573843906,-11.308006508284302,5.135580310501102,-3.2043880243421006,-9.392643593038542,7.4180263223721665,2.9070460434111416,5.758218547425097,3.0626966204816783,15.959162233442285
3.793091421949574,-0.0256201409646558,2.182857837735637,5.286904824870591,-14.20818757876354,8.571398251513163,11.859243700755002,-12.409185189558519,34.09182257546409,-6.918848761408276,7.232029813084303,0.48893803498911437,-0.5882525389298742,5.416937606919824,-5.886473297772057,1.2998607641292512,1.2267287277320633,6.388058828623395,-14.84110072615767,4.750495366267921,19.58857099887031,27.168528469510754,-11.236256886558918,-15.262835555081113,-23.369511242048898,0.1285462169211565,-0.22681735755068802,-3.920085027887515,8.214803861495097,-13.905614237391088,5.705587356117082,17.424572946767558,21.323687845481185,-1.2128953682093255,-1.1720694856539535,16.81693622932654,5.594645436005794,-15.527347821068174,2.5017998105570194,-14.839751020349379,-12.64284524611279,4.470169965218037,21.7154303462627,-20.19401160368541,-22.526187288471323,5.428197166146169,-10.53830901161642,-13.426550447338194,6.849819360212999,-5.0554950930491085,-10.464314213057168,8.618901091841874,4.158331620201059,7.395524273999489,2.646030249634379,19.111724222064236
-0.4663940007150159,-0.11609941586392097,-0.2685059768902853,-0.35593191503143695,0.932809605068367,-0.5104426272799937,-0.5331805366261654,0.6393486782901393,-2.1873908301728875,0.304518366417064,-0.5509644381400202,-0.01740693560067181,-0.0028518110156417714,-0.411879601920671,0.2872907324068157,-0.07323767588402967,-0.14767335965385475,-0.2980446378822551,0.9886709508328918,-0.3062198229704331,-0.9841539765808434,-1.5689827839972073,0.7593030315189546,1.0689504702758321,1.3122108152693612,0.10467982025483362,0.12505785745353465,0.2725972838676512,-0.6218201159836381,0.7598802406966103,-0.26392174044638783,-0.9288120885718084,-1.2128953682093255,0.2306104412428739,0.01775296498389198,-1.0406295278740796,-0.1345113092504227,1.003671475525842,-0.18619686090827284,0.8595425896285176,0.6231837599262678,-0.13449998694191734,-1.4674211923586782,1.3426901601438899,1.3035976401790634,-0.24054629771130515,0.3552751402808414,0.6982013824411376,-0.3564820361193075,0.4689337484035999,0.4533397518583718,-0.4056008449880133,-0.3343883374254857,-0.400567487766702,0.10653251750177757,-1.2254976365548669
-0.15341187674249568,0.11488308754415759,-0.06140524237111424,-0.2545109120026629,0.8539140018142669,-0.421742808821198,-0.7005595374693744,0.8230549914967491,-1.7615024065495188,0.3941273332633702,-0.28753781145373514,0.013455825311625699,0.06824856302989965,-0.23255695977041851,0.34794564748422224,-0.054168583492710656,-0.01944875935737165,-0.3555454219919752,0.7661559086112718,-0.30036177988482143,-1.1505654837861616,-1.5496494419381799,0.53991221553689706,0.7965524063151753,1.3066011902152443,-0.047153347120168436,-0.0045149664673865735,0.1993466329575647,-0.2984531323704305,0.810117446840073,-0.33905119011219326,-1.0369506093866723,-1.1720694856539535,0.01775296498389198,0.08934873933209249,-0.9569485034415887,-0.4674519834186485,0.8605361144331313,-0.10284144956781417,0.8018286794839017,0.8060761900262527,-0.30529531633898627,-1.103979073689604,1.0497777776124804,1.276924214542482,-0.34760686074276403,0.7923538280531336,0.7831290280351499,-0.34052786186695033,0.13782679717238622,0.6943909670959402,-0.5363517702967074,-0.15659944068477852,-0.38140046606708167,-0.3062227555659103,-1.0415960939912876
3.3639605801932837,-0.72778614312545,1.6430471526342554,4.010443810517192,-12.483819506296609,6.273476605425268,9.397501315175539,-11.12609973497599,26.658107309723498,-5.258662324109759,5.1371492145581215,-0.061560636849209774,-0.6891967847877558,3.982124733332432,-4.742869918992683,0.7947446696167166,0.7757051540525747,4.874945535575886,-11.793466438055997,4.294821053536193,15.700372861767054,22.15654640223434,-8.498642775214305,-12.39204522701495,-18.6287191158494,0.17116281614434656,-0.39756405160869934,-3.0966974345891396,5.5003225244856315,-11.385362102446818,4.485118837325097,14.38268736254137,16.81693622932654,-1.0406295278740796,-0.9569485034415887,13.99046853310965,5.424533531480187,-12.771516145179966,1.7788003477639796,-11.642946465691294,-10.800654608304662,3.723850145510259,17.091774175882033,-16.1100369898763,-18.289352134934322,4.499041881800248,-9.606975394754041,-10.872290711638417,4.906754816057431,-3.2204531478638683,-8.97123075604706,7.09315365025506,2.873231244412985,5.529955633604302,2.753842662289089,15.54589939285941
