V1,V2,V3,V4,V5,V6,V7,V8,V9,V10,V11,V12,V13,V14,V15,V16,V17,V18,V19,V20,V21,V22,V23,V24,V25,V26,V27,V28,V29,V30,V31,V32,V33,V34,V35,V36,V37,V38,V39,V40,V41,V42,V43,V44,V45,V46,V47,V48,V49,V50,V51,V52,V53,V54,V55,V56
5.726573365803547,0.2828522301126013,2.382319410235277,0.028949557895535518,-4.778083164611503,-2.0665456033381977,-3.938250873475538,-1.5173939757628132,0.27279473868793835,3.2306316098566032,0.27642924712979644,-1.6074667726602951,0.07927690172579129,0.5427453202411853,1.3155130731201876,-0.8761730338923357,0.8377224009277363,-2.494002281300417,-1.5328562337149485,1.8873063381130781,-4.192398340522751,-0.41536044708966025,0.040926878419632946,-3.404198759878666,2.4624629701323246,-1.9387356115220444,-2.8609529788684984,-0.47868251734300177,-0.8427292764439418,0.8709506824343736,-2.055537248103228,-1.2813580005322909,-2.5314089413867737,-3.3079685495072164,1.0614517737149813,2.0603760492851473,-1.1902477241785823,-2.2295638146878365,-0.049565025052985906,1.6226035946128736,0.8758097900068356,-2.3376873294861222,2.0411843293967453,-2.196379595606142,0.484478567061442,-1.4142125850848264,2.252662912854405,2.031027016652731,-3.0020419027997685,-0.6519796333267234,1.8899681490198466,-1.8490000158570472,0.195055741115282,-2.110951440362079,-3.5190385002322504,2.0078578076469533
0.2828522301126013,1.1863982234716175,0.4183471340123433,0.33960274123236356,1.156247758990711,0.6814377690472895,-0.22825611113780256,1.6433118157203097,0.8699999145366231,0.04281495297089937,1.0693033067991502,0.5453525345623131,0.27132658115628644,0.5614849281832027,0.17066943442418683,0.38728215357366297,0.3310842428513925,0.01370922874055737,-0.34891323134582286,-0.5631559595396692,-0.6891196313188521,-0.7797195654031499,-0.6275649483358785,-0.14488330648634312,0.28286928914496645,-0.3406058365951943,-0.03890495685697747,-0.011756687045391751,1.4601756025856039,0.4543439038455389,-0.2364643368765364,-0.987181431969095,-0.15057157988672865,-0.2815288135077498,0.18997210414588253,-0.5844571171661107,-1.6799119517398744,0.23173099813597067,0.2383715390348163,-0.04529928925510236,1.2937082993889304,-0.6005306841669762,0.6984816440920398,-0.31519036202128453,0.4827797765238371,-0.4397085849083656,2.2440323107307236,0.6688517227414812,0.4671766644211199,-1.2402929608447575,1.2676844127872255,-0.4917037480392638,0.7002293078592925,0.38301354339446403,-1.5207260107287783,-0.332236897449782
2.382319410235277,0.4183471340123433,1.1956532023601005,0.09760190349262733,-1.6357270049415935,-0.784142255171791,-2.01078238606022,-0.04764655210402982,0.4008699228187716,1.3227418033263525,0.38669272860225595,-0.5743360385307931,0.2572644168835517,0.4615855964434141,0.7280557808264347,-0.4638065307756129,0.6166583473875052,-1.0170382280548267,-0.6359963953936887,0.6460044629747891,-1.9241936593630111,-0.44762473834458766,-0.32809619088065883,-1.41364750599986,1.1361472270723434,-0.9292337570596456,-1.2018211910774497,-0.363528687511638,0.22820489128386476,0.6759668428125423,-0.8284356627863247,-0.7152537773436507,-0.9025762891856532,-1.5283139872219507,0.48228760603899556,0.6340138079686091,-0.9641001122438441,-0.7367975680448824,0.2074765970953343,0.5810084017188974,0.6564042604890971,-1.0709904961659964,0.9602563444760407,-0.9900803236934724,0.4683605241106611,-0.7477743020274664,1.51182375074082,0.7871107816537434,-1.0927640346880694,-0.8376190609959107,1.0922514102440637,-1.0763754195115303,0.32118965239036223,-0.8906537903731738,-1.8532038013722085,0.9542406605432333
0.028949557895535518,0.33960274123236356,0.09760190349262733,0.11759404307952362,0.3373780406725906,0.2567538138014195,0.034654029642429286,0.4425943884732234,0.3735109499090347,-0.05145676510097543,0.3328420581085236,0.18015329560094615,0.07086809891654919,0.17337699043284516,0.00760740407306681,0.1330854298011626,0.08494469983733297,0.057341881027792196,-0.14032029724446157,-0.16800944808443774,-0.07556676327517509,-0.11701408275835075,-0.21857048693757805,-0.05887964909834816,-0.0361451312096899,-0.07364642139376021,0.022448325147065008,-0.007634334675607857,0.45711199755383325,0.06341283498584814,-0.024784996596627872,-0.20706250996063943,0.06108040078977494,-0.043754924766637115,0.037978794330698576,-0.12907387034414378,-0.44943599829091824,0.03224148846436375,0.0740730514929655,-0.08562960055082648,0.31749003501054945,-0.13038729193026677,0.260242363975336,-0.14003542927445944,0.04569211485929253,-0.08849783034887547,0.5823776168858361,0.12542524149814632,0.19577171590583262,-0.3625066033354204,0.30529078045486857,-0.08255618481885528,0.21389149730893392,0.1669157588223471,-0.38740541613524715,-0.05485741873351934
-4.778083164611503,1.156247758990711,-1.6357270049415935,0.3373780406725906,5.721365072453528,2.5792791389233316,3.1375053516310003,3.3902886052963805,0.5334263326915571,-2.766019917214196,0.968470204539171,2.0706030695136244,0.2556338424619174,0.1433000695283,-0.9216878148753552,1.228090094933372,-0.360704762114321,2.182758885382489,1.0588622544559003,-2.3796598760023357,2.758209431157999,-0.7603146764645802,-0.6960884105165854,2.96579852252455,-1.6754641129182068,1.3164171004358816,2.4960505564042665,0.44075570261199515,2.4183386337621555,-0.13000837002142496,1.501983460554468,-0.16440726467727898,1.9087365237625495,2.6126991711517977,-0.7084734830466586,-2.6494771124727676,-0.977974122851356,2.371284449637391,0.3077641861545851,-1.3829379691027135,0.8520423562096464,1.3297083772222413,-1.1471831700641404,1.7284890682079117,0.31172405507921136,0.693591498881008,0.7407319036910874,-0.9087303521531044,3.168479189735249,-0.8540294169262547,-0.09574689128850926,0.9941778292464012,0.6261640708460785,2.2733076274101034,1.3011704713554564,-2.321097898316046
-2.0665456033381977,0.6814377690472895,-0.784142255171791,0.2567538138014195,2.5792791389233316,1.4736630092413905,1.8792246513776625,1.4672655374225472,0.6603741430002564,-1.3210139287794012,0.658985943896734,1.0773504461940873,-0.013737877366212138,0.09930074740112672,-0.6120054202716205,0.8335633307952062,-0.3017715089831239,1.066770262278554,0.19319287473003932,-1.1242681702995319,1.4157322372097343,-0.07083916890958376,-0.3330315575131132,1.1500208783721342,-1.040193098664596,0.6072059281275655,1.1522888712409534,0.3249712687945889,1.1775146603912745,-0.36023305020637847,0.641950007777885,-0.07556753059203627,0.9082276646325811,1.2466221826180006,-0.31066163122800994,-1.0393524753948618,-0.5541855629266685,0.8226598567269661,0.027983522302762284,-0.7256769093439281,0.4516205231582134,0.5371500060839748,-0.14037201878770975,0.5377490706071738,-0.19139452862343212,0.37663607236239505,0.49685999336730885,-0.25428349145611584,1.563685529812353,-0.34608331868753955,0.011837271326583588,0.6823422275770865,0.3581057185371342,1.294635116507289,0.45006634747100577,-1.115183268753094
-3.938250873475538,-0.22825611113780256,-2.01078238606022,0.034654029642429286,3.1375053516310003,1.8792246513776625,3.934300919198342,0.45131613869772025,-0.020406361144531645,-2.347518259620943,-0.1406422352776718,1.2982585796160302,-0.522645852421437,-0.6171800190431093,-1.4325027742018654,1.2237017140113855,-1.141024800428574,1.84583023935827,0.694538933305784,-1.3254619349741,3.31605998424976,0.8527423094516194,0.39504348609706824,2.2019060776560484,-2.1883648104431073,1.5303486690463122,2.0942509949197206,0.7755369634973773,0.07552349563550596,-1.3816789618254413,1.3194554594409722,0.9549570643766919,1.546679589997191,2.6442868045141426,-0.7709401354555461,-1.0849932948815768,1.0895348032819978,1.0634616904119052,-0.4279894851356044,-1.1141467987592568,-0.7032401995493546,1.6137355836922422,-1.064216157215753,1.370093573599775,-1.0408147897154638,1.2433672183968227,-1.8242441218166967,-0.9872566122157778,2.154120032668685,1.1751918579818716,-1.4788708521571623,1.9904926715200697,-0.28983043115925855,1.939563719206477,2.6405210678483555,-1.8351442968139318
-1.5173939757628132,1.6433118157203097,-0.04764655210402982,0.4425943884732234,3.3902886052963805,1.4672655374225472,0.45131613869772025,3.1794564058238444,0.980732555058442,-0.9422416567464715,1.4152344683684395,1.251115797408133,0.5568715208629225,0.7122286724574087,0.04057841018284862,0.6035070100956959,0.42193726596489634,0.7776366566999532,0.2040035800400618,-1.4562067329186636,0.15480840880829866,-1.321599311233983,-1.0533442543896188,1.0396401323002025,-0.1280976083751222,0.07339818314241622,0.850145901018495,-0.020860074353412954,2.574990248821429,0.7335040519618706,0.36041307712742904,-1.1008717422799192,0.6260995129873499,0.5536520699458671,-0.05816851173854031,-1.7337358958360014,-2.1733187492872634,1.327233625933123,0.5383347719072259,-0.5541957118176385,1.674885914848492,-0.11060667986779874,0.11708250442146163,0.40727884588367885,0.9058672262689889,-0.29425669268354865,2.657503220620679,0.17981415602419476,1.621815802493842,-1.8565713237927355,1.3213313373833624,-0.41520311046432246,0.9996375409306568,1.0401719620156304,-1.13166886054711,-1.0437457855352168
0.27279473868793835,0.8699999145366231,0.4008699228187716,0.3735109499090347,0.5334263326915571,0.6603741430002564,-0.020406361144531645,0.980732555058442,1.4693437950635677,-0.1419085060315965,0.9555246757434488,0.39214069536886875,0.24890700914190877,0.5784586984171535,0.04389147909406273,0.23335568288818992,0.3478654110286268,0.16516810295883616,-0.5701238477811434,-0.29814277526967503,-0.05006028020504535,0.03606035442996582,-0.801269174491335,-0.45295692732638787,-0.32453633422060413,-0.2636996093687232,-0.0372131618165511,-0.16753124482818535,1.349516421476622,0.08780635865215311,-0.0053388004626126195,-0.28725500040208124,0.46679468769645244,-0.27122958944796965,0.10969961339338562,-0.06163861501267535,-1.119686115408551,-0.14385298151740078,0.3024578555621886,-0.41529965272305136,0.6374788586293099,-0.31556002913442044,0.9990664472893908,-0.7075227756779637,-0.11692111824225038,-0.2155232512340663,1.402614931036116,0.0833579928269737,0.5170028582009729,-1.1329249498086709,0.6791451709529092,-0.2339563768305941,0.6375913781107109,0.40838802140349834,-1.0581509927554966,0.2914095167192375
3.2306316098566032,0.04281495297089937,1.3227418033263525,-0.05145676510097543,-2.766019917214196,-1.3210139287794012,-2.347518259620943,-0.9422416567464715,-0.1419085060315965,1.8930433317436945,0.004697094754523068,-0.9863486598168011,0.037680054740470266,0.23000406873412224,0.7902551018465521,-0.5710749856103317,0.45885799795468835,-1.4734811414706017,-0.7418040548661076,1.111542899531855,-2.4649668995183713,-0.34094735519574193,0.13974359326854754,-1.8402111461577935,1.5395711554873086,-1.0840306247372995,-1.6388111010352142,-0.26523323061539117,-0.6630805362413913,0.5633218455705103,-1.184978465167209,-0.7406452571933607,-1.5562572670872914,-1.8728721910156778,0.5974780645257399,1.1283320676524344,-0.5540720791598074,-1.192181813578515,-0.05153501294384269,1.0233016906934373,0.44946068737114947,-1.3055992722945657,0.9571024374482108,-1.1011762914630612,0.3878766209666999,-0.8077699554313658,1.135430491887321,1.1619458566536698,-1.8122386820230365,-0.24254843521722833,1.022998557017015,-1.086360836219121,0.021072947941474397,-1.3099849313094138,-1.8857161830775209,1.0861562023846123
0.27642924712979644,1.0693033067991502,0.38669272860225595,0.3328420581085236,0.968470204539171,0.658985943896734,-0.1406422352776718,1.4152344683684395,0.9555246757434488,0.004697094754523068,1.0005704591546387,0.49459712637868286,0.23878754258233437,0.5319285987526395,0.12173077728479369,0.3591514459920298,0.30138591403348813,0.043935060427453286,-0.3914775216863487,-0.4834308357415876,-0.5226916443881343,-0.5640637828729896,-0.6190645414773841,-0.20907813291363947,0.13640397591523606,-0.30602881832895895,-0.03665253074295914,-0.02757110669395106,1.353808982939257,0.33569455533975656,-0.18620240644411643,-0.8032070436108724,-0.031801458814553055,-0.2589765291813018,0.16566764853673713,-0.4400886057088756,-1.4854198001649874,0.12756666484685558,0.2244687960669907,-0.11417162354774889,1.1029991364671776,-0.5200741019564652,0.7410151830774154,-0.3866981599916184,0.31869889641267674,-0.3682187374646909,1.969720836240731,0.5394773804491362,0.45462981404667224,-1.1390743764904934,1.0903700330823252,-0.39655934491722267,0.6510998011065873,0.3842626024171612,-1.3579099807038408,-0.20623494957657892
-1.6074667726602951,0.5453525345623131,-0.5743360385307931,0.18015329560094615,2.0706030695136244,1.0773504461940873,1.2982585796160302,1.251115797408133,0.39214069536886875,-0.9863486598168011,0.49459712637868286,0.8209657468240373,0.037903050753510366,0.08811247904159196,-0.40286890809999504,0.5879024441828924,-0.18125761375763633,0.7919876079501036,0.22766760875681316,-0.8901144646479059,0.980763286970762,-0.20771994353213086,-0.26675640380955007,0.9515453907984847,-0.6771753509555158,0.4470453443801056,0.8798585250629593,0.22331608437796563,0.9481272986394244,-0.15450274893390872,0.48287451353338334,-0.13589917348336938,0.6469651550333261,0.9307500371561713,-0.230089348518539,-0.8978349740764856,-0.49333818204130364,0.7344493144520207,0.05876701991683202,-0.5122841735218566,0.4172371576019849,0.3925097675881042,-0.20370549555155645,0.49227212386441693,-0.0014739199742099078,0.2425429060105813,0.47329383606001496,-0.18115636373145214,1.1840930921822819,-0.333201386283319,0.07656109304273974,0.42644364686892,0.286106523104952,0.9366314542599713,0.299666559956671,-0.8888908376568275
0.07927690172579129,0.27132658115628644,0.2572644168835517,0.07086809891654919,0.2556338424619174,-0.013737877366212138,-0.522645852421437,0.5568715208629225,0.24890700914190877,0.037680054740470266,0.23878754258233437,0.037903050753510366,0.25376876141248905,0.24546228457879765,0.23748823722032342,-0.17330952652863493,0.31487644718440366,-0.029053935239006626,0.018030612265468978,-0.09111242628660073,-0.25908033148596443,-0.3038551998509812,-0.35722197029071345,-0.033309602152020355,0.18159924514408354,-0.1573973340109023,-0.06438295553898526,-0.20585182340925706,0.55964795832809755,0.3752641433562337,0.009033073107495578,-0.17888694624113233,0.1293644783020662,-0.22319245385158587,0.054598634108589054,-0.2006829295895773,-0.4573293257490559,0.1872444715526497,0.25582847151787474,-0.06647354347235558,0.2748328239524889,-0.11687887709467044,0.09279986479654107,-0.08794123508504896,0.3165822889332071,-0.18937264334234716,0.5629675548459563,-0.07788693173575628,0.08794817142085871,-0.5946029964987434,0.31108035732788486,-0.3774058099215153,0.23330709103366748,-0.09539221690594901,-0.41429383734311215,0.19383961246197295
0.5427453202411853,0.5614849281832027,0.4615855964434141,0.17337699043284516,0.1433000695283,0.09930074740112672,-0.6171800190431093,0.7122286724574087,0.5784586984171535,0.23000406873412224,0.5319285987526395,0.08811247904159196,0.24546228457879765,0.38680109523007894,0.26735321928635497,-0.03907013908351305,0.36064759318776657,-0.1588461386055489,-0.26056272119917256,-0.08743466690578564,-0.587604272153532,-0.35764991788440303,-0.459277126072243,-0.3568457089443639,0.2791087772253773,-0.3363995621647433,-0.24766582663333586,-0.17846035242089933,0.7810826370637829,0.38101733929752507,-0.18701997228249306,-0.4426275487058092,-0.05797710687631564,-0.4565792373917239,0.16144581316349232,-0.10371614550995831,-0.8727536996266367,-0.02277605932446342,0.23949155936921487,-0.0020582443975994706,0.5894502259097131,-0.40395308477506553,0.5005880312887558,-0.3810548687917331,0.2942344889759611,-0.3311361866703114,1.1694005752163668,0.2500112249520557,0.023992316828500695,-0.8228154025421645,0.6810717824045234,-0.48093117765039844,0.39462754054913624,-0.053126384123185294,-0.9656231565693222,0.2248467161931413
1.3155130731201876,0.17066943442418683,0.7280557808264347,0.00760740407306681,-0.9216878148753552,-0.6120054202716205,-1.4325027742018654,0.04057841018284862,0.04389147909406273,0.7902551018465521,0.12173077728479369,-0.40286890809999504,0.23748823722032342,0.26735321928635497,0.5368559369455732,-0.43158603417337943,0.4539095392351736,-0.6209898719552612,-0.21521911734180932,0.3926295515240275,-1.1935592282003855,-0.4064182989632672,-0.2138842881725173,-0.7156860056065298,0.7985590841437701,-0.5483599632373055,-0.7036273719123051,-0.29640254957900236,0.13291051003013926,0.5696390387619107,-0.4459977864437195,-0.4053135395282339,-0.5112350242598787,-0.9258649236195436,0.2727131969371283,0.2728134164467772,-0.5170031269820693,-0.2806030900858202,0.20186408307350426,0.36913734045429547,0.34698116605280044,-0.5799272809646999,0.36287059473446903,-0.45319399152057804,0.45637551339524635,-0.4711141594600067,0.8051986103153689,0.34379451118387166,-0.6834977968771705,-0.5494416906962646,0.6064189582539822,-0.7645661654893828,0.16269069899922506,-0.657285214513477,-1.0087495844828993,0.6123456002645633
-0.8761730338923357,0.38728215357366297,-0.4638065307756129,0.1330854298011626,1.228090094933372,0.8335633307952062,1.2237017140113855,0.6035070100956959,0.23335568288818992,-0.5710749856103317,0.3591514459920298,0.5879024441828924,-0.17330952652863493,-0.03907013908351305,-0.43158603417337943,0.6442956012737081,-0.3416409209870349,0.4730948945633008,-0.014158614572750442,-0.5710031614902359,0.6055499302779713,-0.024473305751135235,0.04255449771093643,0.5073801884798578,-0.4873704630096807,0.30853672026388373,0.5417135083105739,0.3473928068970477,0.37886738041987555,-0.3576059926509293,0.17858649719708042,-0.19573661191487252,0.1666277228329936,0.6666976509023625,-0.12494455940207501,-0.45691125261027615,-0.3125430207734895,0.2660650587633442,-0.17412434553268313,-0.22583036986657304,0.3452031407987421,0.1489218759028992,0.020788567865430936,0.2590636713376923,-0.2011549652139233,0.20113384365117115,0.3680443543813216,0.20466079755516037,0.7074005755757216,0.07077861853732506,0.10989864390567641,0.4956957964110592,0.12853856711286143,0.7485563785524758,0.12640475934831444,-0.8085736687140033
0.8377224009277363,0.3310842428513925,0.6166583473875052,0.08494469983733297,-0.360704762114321,-0.3017715089831239,-1.141024800428574,0.42193726596489634,0.3478654110286268,0.45885799795468835,0.30138591403348813,-0.18125761375763633,0.31487644718440366,0.36064759318776657,0.4539095392351736,-0.3416409209870349,0.48919514456653657,-0.3547492629786081,-0.17983344732418835,0.15768515264034433,-0.8228141720919236,-0.37562386408458975,-0.4268824514249363,-0.49492047639188963,0.5121222751214911,-0.43538399849636483,-0.4512354297498629,-0.3212699202347603,0.5408053811486232,0.5486315551489772,-0.242241802085234,-0.33578172878375506,-0.14204798154943515,-0.6987895932350395,0.1979617423513533,0.05729442315955625,-0.6566446547312077,-0.08203911400361928,0.30496812295477616,0.11536291672258037,0.39597371887584243,-0.42341211042469507,0.37798942463441865,-0.4043601992276247,0.41569521057306186,-0.39791074766111567,0.9009492176711197,0.13028097236358738,-0.291525788253317,-0.7834114727252721,0.5761139304051505,-0.6827158856068417,0.29405616181317373,-0.3993676022455208,-0.9152182293079643,0.5332420456700582
-2.494002281300417,0.01370922874055737,-1.0170382280548267,0.057341881027792196,2.182758885382489,1.066770262278554,1.84583023935827,0.7776366566999532,0.16516810295883616,-1.4734811414706017,0.043935060427453286,0.7919876079501036,-0.029053935239006626,-0.1588461386055489,-0.6209898719552612,0.4730948945633008,-0.3547492629786081,1.1501646545514883,0.5464238535376934,-0.8835463685370558,1.9043607010575292,0.25910509731191245,-0.12959327899999706,1.4118104439822001,-1.2057508161588444,0.8322381579660618,1.2729898877281642,0.21347852492615588,0.565949580390495,-0.44322140329996607,0.9106306229605268,0.5453361015154191,1.2076507825587686,1.4498583295904977,-0.45749205683556393,-0.8834049065875951,0.3714550489999859,0.9165456970901654,0.04043863424488965,-0.8030580750450232,-0.3052520014009451,0.9914973575372801,-0.6967128963281475,0.8289360236066444,-0.30837325654556597,0.6177989354298924,-0.8022715833291616,-0.8723618399472028,1.4304145844466412,0.15230118366768827,-0.7521590864021579,0.8434661646688107,0.010209029152610275,1.0465274174493309,1.4085408870484475,-0.8571287696384411
-1.5328562337149485,-0.34891323134582286,-0.6359963953936887,-0.14032029724446157,1.0588622544559003,0.19319287473003932,0.694538933305784,0.2040035800400618,-0.5701238477811434,-0.7418040548661076,-0.3914775216863487,0.22766760875681316,0.018030612265468978,-0.26056272119917256,-0.21521911734180932,-0.014158614572750442,-0.17983344732418835,0.5464238535376934,0.6561944385031294,-0.36795343757959376,0.9780595800219465,-0.032971715770647225,0.1361662989640147,1.0331501299718686,-0.40486966408320163,0.525572391221738,0.7018496579562945,0.05832745079826036,-0.09545385339281882,-0.05765565871687617,0.5492094605352349,0.41167937510235497,0.5511382972855856,0.8285840537582772,-0.29443118113965694,-0.5731384273488896,0.6030735411993461,0.7197009591871267,0.03368098217463801,-0.2844293065441343,-0.41402139775652064,0.6956571371108261,-0.9153578823942439,0.8086609553747753,0.08162788773347157,0.36235635931280574,-0.9670155967442633,-0.6552228947966153,0.5699917456104473,0.3466233721258816,-0.6620794595939888,0.3653230639406606,-0.2158238859679377,0.27862982187322766,1.1817957311513694,-0.4720998674479349
1.8873063381130781,-0.5631559595396692,0.6460044629747891,-0.16800944808443774,-2.3796598760023357,-1.1242681702995319,-1.3254619349741,-1.4562067329186636,-0.29814277526967503,1.111542899531855,-0.4834308357415876,-0.8901144646479059,-0.09111242628660073,-0.08743466690578564,0.3926295515240275,-0.5710031614902359,0.15768515264034433,-0.8835463685370558,-0.36795343757959376,1.0035497127281938,-1.0738697965757844,0.33235606425546727,0.30039991275338535,-1.1650665467895136,0.6803004015417042,-0.5117490056309115,-1.0046580114010317,-0.2088836865910265,-1.056108186688653,0.06946964119413811,-0.5727746415705394,0.1477563825879849,-0.7339735042937888,-1.0483716446253868,0.2698157408407324,1.0876525799519843,0.51760547570418,-0.9353676431095276,-0.1092313399460343,0.5556544148516793,-0.4469836483425035,-0.4798768297743275,0.37507677624892116,-0.6555903779902421,-0.11623157093306716,-0.2589038270378499,-0.47187022211665164,0.2737352950845692,-1.314213719054133,0.39488658229897755,-0.059510050157303686,-0.40767114066588017,-0.299343581288768,-0.9783314771904729,-0.4045510057560133,0.9931369051748348
-4.192398340522751,-0.6891196313188521,-1.9241936593630111,-0.07556676327517509,2.758209431157999,1.4157322372097343,3.31605998424976,0.15480840880829866,-0.05006028020504535,-2.4649668995183713,-0.5226916443881343,0.980763286970762,-0.25908033148596443,-0.587604272153532,-1.1935592282003855,0.6055499302779713,-0.8228141720919236,1.9043607010575292,0.9780595800219465,-1.0738697965757844,3.6484438922478306,1.0888713486604984,0.14583860804165757,2.2793619968558976,-2.299845899363714,1.5728992160971893,2.0988940282157365,0.37664525495820766,0.040548287453535364,-1.1431483965890288,1.6393149699875722,1.5745847484812379,2.1439299848553124,2.549371368772119,-0.8656805131717268,-0.9599651899153075,1.6616452610588923,1.2169967724872217,-0.10936210618125039,-1.3552514090121337,-1.3451434584535584,1.9906671125833428,-1.3950073269314511,1.4091518572493844,-0.9805714702146523,1.3206913175511952,-2.724142582369956,-1.8449543123884768,2.0868834049339045,1.0322181374847281,-2.050270632017727,1.7797595994560838,-0.39416719280925977,1.5572811808252083,3.227649861212335,-1.1339737072919784
-0.41536044708966025,-0.7797195654031499,-0.44762473834458766,-0.11701408275835075,-0.7603146764645802,-0.07083916890958376,0.8527423094516194,-1.321599311233983,0.03606035442996582,-0.34094735519574193,-0.5640637828729896,-0.20771994353213086,-0.3038551998509812,-0.35764991788440303,-0.4064182989632672,-0.024473305751135235,-0.37562386408458975,0.25910509731191245,-0.032971715770647225,0.33235606425546727,1.0888713486604984,1.1090435130778233,0.3182049572565765,-0.017544964497232134,-0.8180007939596556,0.3693413580106671,0.20150944621637495,0.07930710769010575,-0.8772659147646104,-0.7602967853855805,0.3281961857168222,1.0019816609097987,0.531060487088713,0.423786842287328,-0.20582320137840576,0.6261391395105838,1.2927648900161275,-0.40568931090016036,-0.22362154513386057,-0.3001093613689143,-1.1041130124087037,0.5796261260942414,-0.1077964631275047,-0.053530245435179306,-0.8818643476600592,0.511121915023915,-1.790174523931963,-0.6511805647738349,-0.006163966143632104,0.9227375192070418,-1.123811185958044,0.731640955756014,-0.42674229551991294,0.1097719991933669,1.2510002442742318,0.30931139493688176
0.040926878419632946,-0.6275649483358785,-0.32809619088065883,-0.21857048693757805,-0.6960884105165854,-0.3330315575131132,0.39504348609706824,-1.0533442543896188,-0.801269174491335,0.13974359326854754,-0.6190645414773841,-0.26675640380955007,-0.35722197029071345,-0.459277126072243,-0.2138842881725173,0.04255449771093643,-0.4268824514249363,-0.12959327899999706,0.1361662989640147,0.30039991275338535,0.14583860804165757,0.3182049572565765,0.6789831379778833,0.06272888014627798,0.014215898733818738,0.19171393314911547,-0.034563915241701125,0.2513980251127085,-1.1501437490257937,-0.4017574524799788,-0.07956572273398778,0.27825292090478776,-0.3923094168532033,0.2038296549667785,-0.06044582252249582,0.3377167997511314,0.8923431168294071,-0.24221124958162507,-0.38188196523063817,0.28188808090764056,-0.530368942663944,0.1641922206095436,-0.3963486682154761,0.2648860581552814,-0.28637160025840774,0.23324624445058723,-1.0832709542104693,0.10183339615785136,-0.4147871775434333,1.039408390800553,-0.5400960378463869,0.4175328598493374,-0.48804034082340664,-0.1486013949181502,0.7251520688152789,-0.20511678051996832
-3.404198759878666,-0.14488330648634312,-1.41364750599986,-0.05887964909834816,2.96579852252455,1.1500208783721342,2.2019060776560484,1.0396401323002025,-0.45295692732638787,-1.8402111461577935,-0.20907813291363947,0.9515453907984847,-0.033309602152020355,-0.3568457089443639,-0.7156860056065298,0.5073801884798578,-0.49492047639188963,1.4118104439822001,1.0331501299718686,-1.1650665467895136,2.2793619968558976,-0.017544964497232134,0.06272888014627798,2.1420775928837203,-1.232618972826781,1.1340177854388347,1.6866733893275148,0.3140949681007655,0.45257272776116525,-0.37466102747810925,1.156600019123739,0.5801947087450051,1.2988093253728048,1.9529578318738174,-0.6113713167122808,-1.3784461702041617,0.6190770587167534,1.4611718685915391,0.014184856769690626,-0.8236598589967243,-0.3784831634664148,1.3267867422254556,-1.3881517608027525,1.4714793394680703,-0.0693089719944055,0.7749185966462107,-1.1906199080083992,-1.067096370776863,1.7155343094155149,0.4023888404186533,-0.995760278664208,0.9984503857367424,-0.13868366192718184,1.1811983085856808,2.0213972107935714,-1.358187290174339
2.4624629701323246,0.28286928914496645,1.1361472270723434,-0.0361451312096899,-1.6754641129182068,-1.040193098664596,-2.1883648104431073,-0.1280976083751222,-0.32453633422060413,1.5395711554873086,0.13640397591523606,-0.6771753509555158,0.18159924514408354,0.2791087772253773,0.7985590841437701,-0.4873704630096807,0.5121222751214911,-1.2057508161588444,-0.40486966408320163,0.6803004015417042,-2.299845899363714,-0.8180007939596556,0.014215898733818738,-1.232618972826781,1.5685184099808542,-0.9300340177729318,-1.2704344013331716,-0.24823166975456745,-0.19138789896860722,0.8201282835086512,-0.9877578036263258,-0.9632117228525116,-1.39800560544239,-1.5340869528484407,0.511585716380912,0.49006040827358754,-0.8766111307747582,-0.5977244583213511,0.07321961825605662,0.9228934579207017,0.7601626807013065,-1.1601674122065384,0.5702484525784088,-0.6555309141316127,0.7704007289992756,-0.812124666357739,1.4858838213350922,1.0800363214879982,-1.3659313959485841,-0.5258265054856044,1.1808310627083924,-1.1548409421661576,0.1457433830311703,-1.0864316357400228,-1.8103935474949697,0.6385272969721276
-1.9387356115220444,-0.3406058365951943,-0.9292337570596456,-0.07364642139376021,1.3164171004358816,0.6072059281275655,1.5303486690463122,0.07339818314241622,-0.2636996093687232,-1.0840306247372995,-0.30602881832895895,0.4470453443801056,-0.1573973340109023,-0.3363995621647433,-0.5483599632373055,0.30853672026388373,-0.43538399849636483,0.8322381579660618,0.525572391221738,-0.5117490056309115,1.5728992160971893,0.3693413580106671,0.19171393314911547,1.1340177854388347,-0.9300340177729318,0.7377951538300221,0.9671956784764093,0.23502086807376912,-0.1098846152560239,-0.4967567217005572,0.703031863475744,0.6221114824592864,0.8145572727237422,1.2036896812727227,-0.39278065092555803,-0.5136126606459309,0.7742072611109138,0.6180450479311793,-0.10962268632524981,-0.5123445756265326,-0.5593754719453035,0.8874916470685739,-0.7719108487661747,0.7757526479143497,-0.3575021789001997,0.5940299432250805,-1.2349824427894498,-0.7268830002508234,0.8989987709117794,0.5894993249153426,-0.9010401249132067,0.8181970858894604,-0.23545829566120316,0.6886962982585384,1.499074442267391,-0.6780185563088322
-2.8609529788684984,-0.03890495685697747,-1.2018211910774497,0.022448325147065008,2.4960505564042665,1.1522888712409534,2.0942509949197206,0.850145901018495,-0.0372131618165511,-1.6388111010352142,-0.03665253074295914,0.8798585250629593,-0.06438295553898526,-0.24766582663333586,-0.7036273719123051,0.5417135083105739,-0.4512354297498629,1.2729898877281642,0.7018496579562945,-1.0046580114010317,2.0988940282157365,0.20150944621637495,-0.034563915241701125,1.6866733893275148,-1.2704344013331716,0.9671956784764093,1.4520105423418896,0.2863631560044322,0.505225083476813,-0.48145652995267385,1.0057957567179634,0.5666230129064136,1.2449463853163893,1.6806358695208192,-0.5223650906793831,-1.0548031633365422,0.47720221360375786,1.0939818810505852,-0.0013926029410600308,-0.8237784891352911,-0.3367278088137936,1.1254479074682358,-0.927765408206509,1.0616314839003984,-0.2772664253869313,0.7021697981734977,-0.9628869401523416,-0.9223991283481728,1.5658760509561649,0.2918274103569694,-0.8582345039177168,0.9638381297385589,-0.05078644445429439,1.1506756425521918,1.6599905029129358,-1.0873216015218532
-0.47868251734300177,-0.011756687045391751,-0.363528687511638,-0.007634334675607857,0.44075570261199515,0.3249712687945889,0.7755369634973773,-0.020860074353412954,-0.16753124482818535,-0.26523323061539117,-0.02757110669395106,0.22331608437796563,-0.20585182340925706,-0.17846035242089933,-0.29640254957900236,0.3473928068970477,-0.3212699202347603,0.21347852492615588,0.05832745079826036,-0.2088836865910265,0.37664525495820766,0.07930710769010575,0.2513980251127085,0.3140949681007655,-0.24823166975456745,0.23502086807376912,0.2863631560044322,0.2653606234734088,-0.18415032214088492,-0.3124796724950212,0.07708507696610477,-0.00826228366516041,-0.037389873695185975,0.4323885807353367,-0.09092395909884446,-0.14703975237059586,0.14076323488475997,0.0821657024071672,-0.2152552654534234,-0.025781731496839672,0.0016563955816553291,0.14530826481152267,-0.1486912612834038,0.2478683725934244,-0.18682605694128404,0.18665699990947504,-0.18056472489493677,0.1296168910658005,0.24229503249974396,0.3860571080639018,-0.13036811351548108,0.39847865745117095,-0.09928360167709172,0.3436395308927416,0.32859191635611595,-0.5054081518036546
-0.8427292764439418,1.4601756025856039,0.22820489128386476,0.45711199755383325,2.4183386337621555,1.1775146603912745,0.07552349563550596,2.574990248821429,1.349516421476622,-0.6630805362413913,1.353808982939257,0.9481272986394244,0.55964795832809755,0.7810826370637829,0.13291051003013926,0.37886738041987555,0.5408053811486232,0.565949580390495,-0.09545385339281882,-1.056108186688653,0.040548287453535364,-0.8772659147646104,-1.1501437490257937,0.45257272776116525,-0.19138789896860722,-0.1098846152560239,0.505225083476813,-0.18415032214088492,2.387252892147327,0.6279022286841224,0.2606144529658644,-0.8115281633844313,0.7031452257812133,0.1592315950210755,0.01773690500750943,-1.1663266193039163,-1.946491437788806,0.8409831381981102,0.5782049068283598,-0.5813037888091047,1.3571255390687182,-0.2053091075834478,0.5174486791621913,-0.08195065955032632,0.6107997117597087,-0.3264843152364115,2.376302154758535,0.043358137577843334,1.2779749391768211,-1.8611921629150623,1.1686596327441134,-0.4905752997652959,0.973055429343335,0.7799067347312597,-1.2461512388015403,-0.40642584700895623
0.8709506824343736,0.4543439038455389,0.6759668428125423,0.06341283498584814,-0.13000837002142496,-0.36023305020637847,-1.3816789618254413,0.7335040519618706,0.08780635865215311,0.5633218455705103,0.33569455533975656,-0.15450274893390872,0.3752641433562337,0.38101733929752507,0.5696390387619107,-0.3576059926509293,0.5486315551489772,-0.44322140329996607,-0.05765565871687617,0.06946964119413811,-1.1431483965890288,-0.7602967853855805,-0.4017574524799788,-0.37466102747810925,0.8201282835086512,-0.4967567217005572,-0.48145652995267385,-0.3124796724950212,0.6279022286841224,0.7842201462550485,-0.3326179760932728,-0.6224492807145878,-0.3774692726643826,-0.760734306395071,0.2388787829189172,-0.17284737407369116,-0.9054971743345772,0.10623909393333433,0.3299904081535123,0.2707551122362982,0.6641656729333495,-0.5461049895111867,0.2274018986495965,-0.24283916783536647,0.7328437179019283,-0.5220622888744084,1.2636545674881192,0.3231493062722417,-0.3403862673753561,-0.9039252593771645,0.8320521542940219,-0.8727509123281073,0.3333060801385796,-0.4783313806106783,-1.1329449348477565,0.3502292467593018
-2.055537248103228,-0.2364643368765364,-0.8284356627863247,-0.024784996596627872,1.501983460554468,0.641950007777885,1.3194554594409722,0.36041307712742904,-0.0053388004626126195,-1.184978465167209,-0.18620240644411643,0.48287451353338334,0.009033073107495578,-0.18701997228249306,-0.4459977864437195,0.17858649719708042,-0.242241802085234,0.9106306229605268,0.5492094605352349,-0.5727746415705394,1.6393149699875722,0.3281961857168222,-0.07956572273398778,1.156600019123739,-0.9877578036263258,0.703031863475744,1.0057957567179634,0.07708507696610477,0.2606144529658644,-0.3326179760932728,0.8145671894234915,0.6761986116789104,1.091354964317056,1.1498448335125557,-0.4030666352159272,-0.6102568497717444,0.6179312638647759,0.7422384563716626,0.0781292913210138,-0.6711775601152391,-0.5323595987231017,0.9345681649794219,-0.7243958346077894,0.7133367076884802,-0.2655633710365483,0.5503991151925393,-1.0960552242662636,-0.9562153718671047,1.0481385768248856,0.233083838081777,-0.8652841671768481,0.6624626999692835,-0.10114395610460349,0.6806654244450803,1.4203884625704435,-0.483173357212796
-1.2813580005322909,-0.987181431969095,-0.7152537773436507,-0.20706250996063943,-0.16440726467727898,-0.07556753059203627,0.9549570643766919,-1.1008717422799192,-0.28725500040208124,-0.7406452571933607,-0.8032070436108724,-0.13589917348336938,-0.17888694624113233,-0.4426275487058092,-0.4053135395282339,-0.19573661191487252,-0.33578172878375506,0.5453361015154191,0.41167937510235497,0.1477563825879849,1.5745847484812379,1.0019816609097987,0.27825292090478776,0.5801947087450051,-0.9632117228525116,0.6221114824592864,0.5666230129064136,-0.00826228366516041,-0.8115281633844313,-0.6224492807145878,0.6761986116789104,1.2603875306345518,0.9302345502788302,0.8006733565264483,-0.3668742798325555,0.25359866210735604,1.6004326729595275,0.0930119209920493,-0.08579763314315618,-0.48521461324073023,-1.3537441177197527,0.9887639558959681,-0.6883099780366535,0.4118940906197997,-0.6989693789704315,0.6625959813873605,-2.319647184527611,-1.1597461829264926,0.2974330464652806,0.9439310196927022,-1.4899045988488158,0.7760318120131401,-0.5132570425494863,0.1487280745147426,1.8917223020815828,0.19513488519734876
-2.5314089413867737,-0.15057157988672865,-0.9025762891856532,0.06108040078977494,1.9087365237625495,0.9082276646325811,1.546679589997191,0.6260995129873499,0.46679468769645244,-1.5562572670872914,-0.031801458814553055,0.6469651550333261,0.1293644783020662,-0.05797710687631564,-0.5112350242598787,0.1666277228329936,-0.14204798154943515,1.2076507825587686,0.5511382972855856,-0.7339735042937888,2.1439299848553124,0.531060487088713,-0.3923094168532033,1.2988093253728048,-1.39800560544239,0.8145572727237422,1.2449463853163893,-0.037389873695185975,0.7031452257812133,-0.3774692726643826,1.091354964317056,0.9302345502788302,1.6569160799570397,1.3392757700355362,-0.4945840486468574,-0.7125807738116217,0.5945256584283273,0.8800647603456213,0.2482829463104248,-1.0328285645289934,-0.6488126526480811,1.1657275129101514,-0.6465933583199125,0.6574501094289275,-0.40513283774146763,0.6563924280304136,-1.1907576438807888,-1.372179498627161,1.4504007633314955,-0.05616678866196817,-1.0337389427637425,0.7418977901017006,0.035629045464283964,0.9018420457834413,1.6077648344806896,-0.339265930446372
-3.3079685495072164,-0.2815288135077498,-1.5283139872219507,-0.043754924766637115,2.6126991711517977,1.2466221826180006,2.6442868045141426,0.5536520699458671,-0.27122958944796965,-1.8728721910156778,-0.2589765291813018,0.9307500371561713,-0.22319245385158587,-0.4565792373917239,-0.9258649236195436,0.6666976509023625,-0.6987895932350395,1.4498583295904977,0.8285840537582772,-1.0483716446253868,2.549371368772119,0.423786842287328,0.2038296549667785,1.9529578318738174,-1.5340869528484407,1.2036896812727227,1.6806358695208192,0.4323885807353367,0.1592315950210755,-0.760734306395071,1.1498448335125557,0.8006733565264483,1.3392757700355362,2.0410443791600037,-0.6343093570445356,-1.0587225996516958,0.908792344528901,1.1388077439217494,-0.15278205837472245,-0.8828476923004841,-0.6187690798023353,1.3808521511382543,-1.1760356801381047,1.2912283519034684,-0.4948112597378389,0.9233144831217047,-1.5557250070073156,-1.0508592623802098,1.6837027596616592,0.7397658309353841,-1.2274524510446845,1.3159701573130156,-0.23817289982630724,1.3123485787313827,2.2158906861398306,-1.317583295157758
1.0614517737149813,0.18997210414588253,0.48228760603899556,0.037978794330698576,-0.7084734830466586,-0.31066163122800994,-0.7709401354555461,-0.05816851173854031,0.10969961339338562,0.5974780645257399,0.16566764853673713,-0.230089348518539,0.054598634108589054,0.16144581316349232,0.2727131969371283,-0.12494455940207501,0.1979617423513533,-0.45749205683556393,-0.29443118113965694,0.2698157408407324,-0.8656805131717268,-0.20582320137840576,-0.06044582252249582,-0.6113713167122808,0.511585716380912,-0.39278065092555803,-0.5223650906793831,-0.09092395909884446,0.01773690500750943,0.2388787829189172,-0.4030666352159272,-0.3668742798325555,-0.4945840486468574,-0.6343093570445356,0.21560956868335782,0.27901620932268184,-0.42136690824746537,-0.3496781874114823,0.023948145230248963,0.3038671513045097,0.32462068465894883,-0.4966456473490442,0.4194981482114898,-0.4079362068979093,0.18088770711010382,-0.3170091433607586,0.6843668414840725,0.452208777707102,-0.496076851712372,-0.26894264318162997,0.5033638821862273,-0.4126866639976477,0.1148097025611286,-0.35258346331589246,-0.8186641180204433,0.3097579776270981
2.0603760492851473,-0.5844571171661107,0.6340138079686091,-0.12907387034414378,-2.6494771124727676,-1.0393524753948618,-1.0849932948815768,-1.7337358958360014,-0.06163861501267535,1.1283320676524344,-0.4400886057088756,-0.8978349740764856,-0.2006829295895773,-0.10371614550995831,0.2728134164467772,-0.45691125261027615,0.05729442315955625,-0.8834049065875951,-0.5731384273488896,1.0876525799519843,-0.9599651899153075,0.6261391395105838,0.3377167997511314,-1.3784461702041617,0.49006040827358754,-0.5136126606459309,-1.0548031633365422,-0.14703975237059586,-1.1663266193039163,-0.17284737407369116,-0.6102568497717444,0.25359866210735604,-0.7125807738116217,-1.0587225996516958,0.27901620932268184,1.330034824486648,0.6097900473756908,-1.198283374780658,-0.20157100724350227,0.5102449539578159,-0.5460967843326525,-0.5035523763450178,0.6251154868821164,-0.86369077070739,-0.4054386551789313,-0.1964592317009025,-0.576398109404313,0.3248805583781616,-1.342394377506907,0.5292076498123874,-0.13471281899130638,-0.2377103636861497,-0.31578265232561964,-0.8895704510318254,-0.4076150225791375,1.0698910843737839
