V1,V2,V3,V4,V5,V6,V7,V8,V9,V10,V11,V12,V13,V14,V15,V16,V17,V18,V19,V20,V21,V22,V23,V24,V25,V26,V27,V28,V29,V30,V31,V32,V33,V34,V35,V36,V37,V38,V39,V40,V41,V42,V43,V44,V45,V46,V47,V48,V49,V50,V51,V52,V53,V54,V55,V56
1.5121512288649648,-1.0815379341562894,0.5249634398670027,0.030603184648149564,-0.5875663216542121,1.8413565514660033,-0.05465427577895766,2.6087904829990736,1.5697843195459853,-0.3090233748627751,-0.7403972226716012,-1.347141495253239,-1.1533965045418761,0.523091944109714,-1.1602257102698816,2.4259219847215263,-1.5569297342351123,-1.4730582151175207,-0.15293812858871014,0.6659385189831142,0.7565449530056217,0.7205820193366221,0.24597762495475237,-1.1015406568466908,-0.6672807652602794,-2.280320368556758,-0.7215107988349293,0.03510168871709418,-1.4973824124227524,0.12416787411931347,1.1187811580881333,-1.2623646448121901,-0.4124972027224918,-0.5746037228657693,-0.44630402023410554,-0.9421316354439533,-1.2791101393362556,-1.7457112273739401,-0.5013172406041572,-0.15565982782273693,0.09326911366414413,-1.7008973704751997,1.5432771551524103,0.448208173652846,-0.6838508068733526,1.281475678703372,-0.6039397265397037,2.5838175348813244,0.06356679119157867,0.34228419396728005,0.9709704864168486,1.8040756359106092,0.7024267942568978,-0.6458886748048593,0.24332109869886911,-0.45063745979819086
-1.0815379341562894,2.1626762689982315,-1.693316502840847,0.32792657210416865,1.5103307259406287,0.4053606977654478,4.462308232273386,-3.0074940796142258,-1.4203892754947642,0.2702273025858213,1.743119797083931,2.6384217749221013,-0.5985077448944037,-1.2212916012867001,-0.6613306715316942,0.614400303808172,-0.6033757879100797,1.633967604295758,-1.2057790370999855,-1.4749838594574063,-0.6419061544180679,-0.25675833053790226,1.4596922053065038,0.8357382304155778,-0.05612643331961419,2.6639358270025193,1.0938493929650446,2.0565636070530715,0.3750170550234897,-2.4221106131069146,-2.117807408000026,-0.28037171736046873,-1.6659566175404459,1.7800006522113978,0.5624882479595417,1.1451101758924715,0.41262297553726834,0.48279056224655165,-1.395448343881906,0.856538358805549,1.401672655971076,0.7785304211351127,-0.1758016063104121,-0.601020387267939,-0.9007342388795616,-0.8474849490238773,2.2849980369181004,0.6204102479729251,0.35362445674525184,1.753062397264979,0.1187654662746779,0.38095337796633316,-0.8279303640124337,2.740211164426975,-1.1381918817064103,-2.628825478309229
0.5249634398670027,-1.693316502840847,1.4403255487802227,-0.319777703401799,-1.2373162193225171,-0.9969786726027081,-4.233195885439611,1.9987444599650526,0.8249915943636679,-0.15257458863707904,-1.4143155348591416,-2.0591708664470656,0.9571582934937369,0.9864051462338761,1.0157449362824895,-1.3997112521551724,1.0962193730816894,-1.0652429716410632,1.197354670990182,1.1803103374190491,0.3564317388165804,4.364654357287661e-4,-1.4767155354690678,-0.42427731653790873,0.27858220965220737,-1.7753180782442637,-0.7995137534537947,-1.970887852013088,0.14879810380074793,2.2682178828738913,1.6452869855822203,0.6879212953623718,1.7282226235013005,-1.5058050380569423,-0.3872366154179839,-0.7766314268619143,0.03064938272318876,0.12623780412922658,1.4966937214792098,-0.7598056753269405,-1.3657437225595237,-0.16800960847957366,-0.34620771966817127,0.4230390079680622,1.0929655132102407,0.37689819988679435,-1.9724260740862076,-1.4572822163852472,-0.3598552943907346,-1.7920184333203266,-0.43648738233127105,-0.9685992500065347,0.5564571158111494,-2.3873783223961857,0.9998633055474742,2.6548532857626794
0.030603184648149564,0.32792657210416865,-0.319777703401799,0.08916399918928095,0.26265563621335525,0.4707680630919185,1.110319800235455,-0.23313357558250386,-0.044800429223171574,0.0065249410020317795,0.2887800913546634,0.39382221914143417,-0.3808587819620012,-0.20311315836964552,-0.3992898799193546,0.638218402848133,-0.46301568336162696,0.1154725188777286,-0.3342241891777115,-0.23737476536419017,-0.010650842998204822,0.07919248632849393,0.4152655278838734,-0.009473008094418318,-0.1470584480531766,0.2136244294954532,0.13115928820464298,0.5238258601238049,-0.20459145975524892,-0.5832347874584156,-0.3078649978857469,-0.32269045833320215,-0.5002118539128791,0.33187521895345473,0.05204483287971082,0.09935301947310914,-0.15229231953388644,-0.22708463425885564,-0.45108007330589933,0.1852552577352381,0.37004745075055046,-0.1429574313388627,0.26468252256589664,-0.0612050451983963,-0.36143119826153564,0.04276174819994088,0.452645256630418,0.6716166154483347,0.10070204854487329,0.5072312582943369,0.22399895050416008,0.45567508236064086,-0.06730048696685428,0.5611134489333391,-0.2375921634332023,-0.7501905586131822
-0.5875663216542121,1.5103307259406287,-1.2373162193225171,0.26265563621335525,1.0845044117335199,0.6360253999242629,3.490891429128358,-1.9067460909288827,-0.8422802647504183,0.15807524237590387,1.2404901365265844,1.836518833941465,-0.6684823180937889,-0.86665077240586,-0.7193663441929682,0.901479112118145,-0.7420453391396533,1.0274642455724325,-0.9723794821469162,-1.0420711482916933,-0.3735571195539945,-0.07738324201892893,1.1870851486444414,0.46479603142736353,-0.15932602006076563,1.6956745116659275,0.7338917654994543,1.6192301095089041,0.0367989958427058,-1.8779471521649769,-1.4682855083337676,-0.4387561885848275,-1.3782563149975187,1.2972422879662473,0.36463523438960477,0.7344649726180458,0.10130800961969141,0.07777537475635343,-1.1807179861408932,0.6441997171764979,1.116440836081589,0.3157724045444614,0.1288840142335171,-0.39429219146480377,-0.8244599005259723,-0.44396064675567193,1.6898728785496342,0.9336092186961162,0.2893117753502504,1.4330503870778195,0.2624421681463345,0.6096153127668612,-0.527659700222948,2.0376995448471913,-0.8521454308243078,-2.139871514323881
1.8413565514660033,0.4053606977654478,-0.9969786726027081,0.4707680630919185,0.6360253999242629,4.378738012063677,5.42432386590701,1.7587661775385701,1.5422593707643313,-0.31585763078226575,0.6043326159232537,0.4362356820550854,-3.1721661038582223,-0.4139213547632332,-3.2643728581734375,5.871508852346475,-4.02800221114175,-1.0735769270897861,-1.8183147733123195,-0.4272855330188619,0.7963477670615994,1.19982311612081,2.331057197277261,-1.2834004374820474,-1.4753476045760143,-1.494746707803988,-0.1612663121340432,2.6267961043790296,-2.689373072045996,-2.7455112086250035,-0.27343406684043775,-3.0056277768420503,-2.9373895039449796,1.0003115815352788,-0.2410639581218778,-0.5624707700747598,-2.179897717008941,-3.0769966171649474,-2.7877162949881416,0.7342393295186247,1.9351846293540282,-2.6165979026870763,3.0306229456968565,0.1976978069529508,-2.55945175352717,1.6466730594504642,1.5630454370942148,6.211391359437951,0.5730859990170426,2.898423079533044,2.1919913600807774,4.271823867865585,0.45047482688292495,2.0394633225413004,-0.8996368602539478,-4.211379682631969
-0.05465427577895766,4.462308232273386,-4.233195885439611,1.110319800235455,3.490891429128358,5.42432386590701,14.133768717408733,-3.751273056848882,-1.0037608860603122,0.1641558006050069,3.902135514857397,5.384556063486543,-4.510255587636077,-2.72025172241907,-4.722077375758373,7.425449830056157,-5.433396735847316,1.9070523321547848,-4.191379611200505,-3.2055420014144693,-0.3460558648966368,0.8094595829273575,5.225513746434363,0.18270730908509691,-1.6848947150965148,3.3810838438871182,1.8708473054869954,6.64889135779914,-2.1843212640462295,-7.462270863480152,-4.252126315134428,-3.7313510074399785,-6.25661751876971,4.398975990227685,0.79558926862642,1.5395260647849571,-1.5489646431743629,-2.388829631365323,-5.584954966974536,2.3768615522837027,4.681402271754242,-1.3499409690326072,2.9039515795455992,-0.9121532959507063,-4.427999675735977,0.1786290014359081,5.930588424501079,7.798623316822188,1.2752359051270175,6.3848976282331265,2.56183109056113,5.278321332333449,-1.0714609532383292,7.285173963868727,-3.0813927342908896,-9.40814313934428
2.6087904829990736,-3.0074940796142258,1.9987444599650526,-0.23313357558250386,-1.9067460909288827,1.7587661775385701,-3.751273056848882,5.456132207217051,2.9537266113689826,-0.5736936545379872,-2.279450424359532,-3.70627240159597,-0.8117274955151776,1.6033583562167473,-0.7720940351692674,2.2421352431125574,-1.2660663564068815,-3.0224714540810065,0.8204837999236431,1.9722253891999109,1.38499432471471,1.0252535071389306,-0.9326378174640189,-1.938100221169862,-0.7086520736232901,-4.789241947484977,-1.720286582827779,-1.660340486727961,-1.9999330114595744,2.146840887984707,3.0210044750107388,-1.2035733606172212,0.9119919565150817,-2.124984180199118,-0.970682805845404,-2.018782276006918,-1.7998015291055276,-2.3754977444834844,0.5857989245105091,-0.8824855026592605,-1.049899932877165,-2.5709655303813315,1.8989938166902731,1.0049776738267997,-0.024367761085507325,2.151015116250984,-2.566867548610448,2.4175806358717495,-0.21953643528390357,-1.071509830377728,1.0085660115187467,1.7271394504772295,1.485079906762941,-2.991259299267,1.2103661090358422,1.6618365110628748
1.5697843195459853,-1.4203892754947642,0.8249915943636679,-0.044800429223171574,-0.8422802647504183,1.5422593707643313,-1.0037608860603122,2.9537266113689826,1.7027161395409223,-0.3334006826009149,-1.0213318207057398,-1.7564787441565377,-0.8926611728822187,0.7290403598026632,-0.8806637119473304,2.021591869924257,-1.2477904548575056,-1.6510593306417345,0.12478631222724415,0.9031335614895575,0.8085440356394556,0.6923455836853091,-0.09369994925865324,-1.1567864287407819,-0.5801336136053962,-2.5901037767306745,-0.8747463639659634,-0.4094359887109717,-1.404114757328214,0.6273603547127116,1.441207552976533,-1.060231357691502,-0.01175733924354461,-0.8879722420726808,-0.5149906554595037,-1.0808428084518442,-1.2236941681840685,-1.650210209455245,-0.1435385139920972,-0.3260507133833956,-0.2113030855973355,-1.6792033122684495,1.4039935047607428,0.5242041152008321,-0.41770252103976585,1.3169136217126476,-1.0156035277964597,2.159034823107855,-0.014424198913734934,-0.06871942260219675,0.8367718993784313,1.5173976966373621,0.7996338804486577,-1.1638171892770226,0.45683027347948213,0.16101087181279788
-0.3090233748627751,0.2702273025858213,-0.15257458863707904,0.0065249410020317795,0.15807524237590387,-0.31585763078226575,0.1641558006050069,-0.5736936545379872,-0.3334006826009149,0.065964245664144,0.19201688692779903,0.3352715871339738,0.18694255707839008,-0.13811234796903665,0.18541183419537186,-0.41671513809696537,0.2592729073798969,0.3210360977899185,-0.014805168580764394,-0.17138494905894755,-0.1581844445085092,-0.13898228032205323,0.005592836837460382,0.228704723113029,0.11873953687020568,0.5025996371481154,0.1675412012056462,0.06492979172087802,0.28255796307920955,-0.10611266269610933,-0.27375384193643465,0.21791342401904484,0.01770688263897336,0.16411007576904665,0.09905511938491741,0.21006823854238052,0.24483530716179114,0.33086863534940275,0.04126824310685536,0.05972773838604933,0.031021197757983072,0.33564444387056885,-0.2833186015580329,-0.10106320137969697,0.09344284677180714,-0.2599067464685401,0.18647869465785719,-0.44479042777183214,-7.32137277669037e-4,-0.0017742479139366718,-0.1719123949567473,-0.31122768858097954,-0.15478989276577595,0.21336331909332243,-0.08258713781849279,-0.010027867993686105
-0.7403972226716012,1.743119797083931,-1.4143155348591416,0.2887800913546634,1.2404901365265844,0.6043326159232537,3.902135514857397,-2.279450424359532,-1.0213318207057398,0.19201688692779903,1.4308552823808953,2.1244592918278964,-0.6833395546338021,-0.9938163484161214,-0.7345919665844474,0.8768370476784821,-0.7421052384197073,1.2316408593657744,-1.0746959974747905,-1.2006971888405595,-0.45660821915774347,-0.12442940891639012,1.3154999412438053,0.5769239603657813,-0.1428990050228988,2.020021325289247,0.8575281064854877,1.806388974309894,0.12100899006019065,-2.1068242826529406,-1.7045149302517513,-0.42004746883969946,-1.5201455040267187,1.4830317694331372,0.4323697997505967,0.8729864515081874,0.18607579305428537,0.18107989155548027,-1.2901424164369164,0.7233360024121568,1.2442164797121467,0.44106538520199967,0.056612563698293865,-0.46602799367778136,-0.8898364061743003,-0.564847135077594,1.922796080681274,0.9026359593970497,0.32284583239091635,1.5891916643510786,0.23864742677452228,0.5838216611376859,-0.6300284757472157,2.3043184122649842,-0.9635990456647499,-2.366485297403133
-1.347141495253239,2.6384217749221013,-2.0591708664470656,0.39382221914143417,1.836518833941465,0.4362356820550854,5.384556063486543,-3.70627240159597,-1.7564787441565377,0.3352715871339738,2.1244592918278964,3.222848852008556,-0.6894335482394226,-1.4888019419750413,-0.7622794820733149,0.6728988578032253,-0.6832694140840375,2.0138394239737223,-1.4491836211373115,-1.7991300128847674,-0.7938033725675002,-0.32963541270796165,1.7550917519171547,1.0398532312682605,-0.049069163386638436,3.278464282754042,1.338316956853382,2.4799200710733165,0.4931326293434854,-2.927094697652754,-2.5870688658847767,-0.3015472990329226,-1.9986729700569095,2.1638003701326007,0.6903145154462532,1.410024450364951,0.5361870962133576,0.6303492383234537,-1.6696138742688913,1.0377543692909788,1.6888930463135254,0.987777394086596,-0.25647490778563387,-0.7377259553800377,-1.0694331813104543,-1.0573627828064036,2.773044399388648,0.6749133601727003,0.42457115064112805,2.1090032585576872,0.11303095905429815,0.4106722942874683,-1.0195409932656796,3.3226451574321803,-1.3778830841157808,-3.159751279726023
-1.1533965045418761,-0.5985077448944037,0.9571582934937369,-0.3808587819620012,-0.6684823180937889,-3.1721661038582223,-4.510255587636077,-0.8117274955151776,-0.8926611728822187,0.18694255707839008,-0.6833395546338021,-0.6894335482394226,2.3463844062230406,0.47045504442833797,2.4198234046929645,-4.271147884501997,2.9563201752038606,0.5266606291807218,1.4681657560661754,0.5158258442543474,-0.47448463707173033,-0.8195673160591511,-1.8743383061690146,0.7952743260463013,1.0599248865194815,0.677094435725319,-0.043939647044220376,-2.1687745660575954,1.8643579169572535,2.3075541009037788,0.5033568502083402,2.1793531633339605,2.3352996529673953,-0.972340737350939,0.08903017872913367,0.23404121167720499,1.4889778157129696,2.1217019279910225,2.1870280318351707,-0.6440679893885107,-1.579512768979639,1.7533460792688198,-2.130160044518336,-0.05328506834351395,1.956803900813486,-1.0501944540352248,-1.4416656096886742,-4.513615188731623,-0.46032278438346563,-2.322537227766972,-1.5774324618745585,-3.0974040196338994,-0.1984209133381864,-1.844903162840972,0.8036799213572999,3.378877726209843
0.523091944109714,-1.2212916012867001,0.9864051462338761,-0.20311315836964552,-0.86665077240586,-0.4139213547632332,-2.72025172241907,1.6033583562167473,0.7290403598026632,-0.13811234796903665,-0.9938163484161214,-1.4888019419750413,0.47045504442833797,0.7009152640968898,0.5102384235603831,-0.5926714625621293,0.5102488484802105,-0.8634158516577916,0.750493217617599,0.8392268707803199,0.32300419175078365,0.09042685009895488,-0.9143040744401371,-0.4116845691287032,0.09439476622864221,-1.4209384486733745,-0.6027156446743674,-1.2592401747693402,-0.09068421398293579,1.4684277746971706,1.1910430811184676,0.2834648684395566,1.053771385070916,-1.0344428960910403,-0.30248601060444047,-0.6158462777599037,-0.1393965432792252,-0.1363702696423414,0.8986179559458751,-0.5110638062951467,-0.8610910433195478,-0.32448632007189615,-0.03171842315648119,0.32577162023513756,0.6111601252950342,0.4011088471935363,-1.335400776036745,-0.6107498723100147,-0.21908309786997235,-1.1025678196990285,-0.15761987511222636,-0.39646653226000844,0.4430933174357066,-1.616186777018572,0.6703510068064993,1.645159383212779
-1.1602257102698816,-0.6613306715316942,1.0157449362824895,-0.3992898799193546,-0.7193663441929682,-3.2643728581734375,-4.722077375758373,-0.7720940351692674,-0.8806637119473304,0.18541183419537186,-0.7345919665844474,-0.7622794820733149,2.4198234046929645,0.5102384235603831,2.50052878032217,-4.392033094352366,3.046549010947856,0.5074594732859934,1.5336525957073732,0.5593338012550633,-0.47105625447408356,-0.8348661763993243,-1.9523482654276645,0.7969151534923942,1.0876198996489268,0.6377016010145313,-0.07031455914332548,-2.2688275803621756,1.9037188747297258,2.417087120384643,0.5598153099652279,2.2414382156488566,2.4291709042026954,-1.034284028963804,0.07908692846453805,0.216425707953809,1.5194423538947335,2.1645947522109807,2.273763338295285,-0.6813679563627177,-1.6474303930542833,1.779213162906142,-2.1822767422573817,-0.042421284981532636,2.0224747208222817,-1.0579152396083729,-1.5249422420933783,-4.6419364046202425,-0.4777039285664464,-2.415210206121939,-1.6216970618787947,-3.183326756120192,-0.18659015183772001,-1.9548081853385912,0.8494873293010881,3.5204278161587634
2.4259219847215263,0.614400303808172,-1.3997112521551724,0.638218402848133,0.901479112118145,5.871508852346475,7.425449830056157,2.2421352431125574,2.021591869924257,-0.41671513809696537,0.8768370476784821,0.6728988578032253,-4.271147884501997,-0.5926714625621293,-4.392033094352366,7.891601942696279,-5.416682182653401,-1.3765452675194552,-2.4749195276268976,-0.6226530073101743,1.0452223609309919,1.6012593687298613,3.1791728586603183,-1.695097096906528,-1.980926462183654,-1.906298648122184,-0.1777952076663446,3.591634058474838,-3.5931518979702686,-3.766307905981613,-0.445875050866546,-4.035286559415051,-3.9991046462887403,1.4074743367731972,-0.30070770252577406,-0.713211693116681,-2.901963436911873,-4.105919982244766,-3.7819454659551335,1.0060460716522213,2.6433828142128366,-3.4862544678470844,4.049409986401893,0.2419893771521796,-3.4691835974353205,2.1767008483614063,2.176476832004858,8.345769667321704,0.7851172878712273,3.9535263865840804,2.9412675453972903,5.7367290149739265,0.5707388535299801,2.818546971244482,-1.244241858672185,-5.734458788271491
-1.5569297342351123,-0.6033757879100797,1.0962193730816894,-0.46301568336162696,-0.7420453391396533,-4.02800221114175,-5.433396735847316,-1.2660663564068815,-1.2477904548575056,0.2592729073798969,-0.7421052384197073,-0.6832694140840375,2.9563201752038606,0.5102488484802105,3.046549010947856,-5.416682182653401,3.736394516199137,0.7972461832914495,1.7877902300549213,0.5486919419693966,-0.6547725701550194,-1.067391987316483,-2.2871070228769925,1.0797995263386364,1.3513138680128118,1.0667974388900254,0.025731979309980064,-2.619424062408482,2.412535700494341,2.7688740496090367,0.48391852054709394,2.766805354741411,2.8612216412968006,-1.1093619922785736,0.15625351602894336,0.38586486595719094,1.9362856371385693,2.749956424712546,2.6926416687657353,-0.7601211992832922,-1.9145188296342774,2.3006516294373194,-2.738498698120107,-0.11356109272651857,2.4340616041042025,-1.4068422204593816,-1.6718190927750727,-5.72666195810419,-0.5617234099335446,-2.837468321209787,-2.009229130545296,-3.9329046079594177,-0.3165331364258021,-2.154852276842551,0.9427519791858388,4.123946822613361
-1.4730582151175207,1.633967604295758,-1.0652429716410632,0.1154725188777286,1.0274642455724325,-1.0735769270897861,1.9070523321547848,-3.0224714540810065,-1.6510593306417345,0.3210360977899185,1.2316408593657744,2.0138394239737223,0.5266606291807218,-0.8634158516577916,0.5074594732859934,-1.3765452675194552,0.7972461832914495,1.6792634726524691,-0.4008685358012287,-1.0672902195508582,-0.7778536951182401,-0.5926244217461916,0.4474208514719699,1.091794235925031,0.4256174428571034,2.654107267225814,0.9438588189842955,0.8381580454412123,1.1653490640049273,-1.1000994549413716,-1.643147838975001,0.7339430981872278,-0.4216203597857348,1.1344556351930548,0.5367265461278954,1.1157170956264262,1.0366971963059521,1.378274247510932,-0.2465074648297863,0.46198807239480655,0.5255758153236864,1.470926417897729,-1.1152356772482916,-0.5544529509992027,0.08049265866943606,-1.2183024684580117,1.3655133734474725,-1.4811601638531064,0.10660710631022345,0.5076016059393826,-0.6056908594202183,-1.0553798343407617,-0.8215340049022786,1.5807370778696397,-0.6400778831822242,-0.7985990915393179
-0.15293812858871014,-1.2057790370999855,1.197354670990182,-0.3342241891777115,-0.9723794821469162,-1.8183147733123195,-4.191379611200505,0.8204837999236431,0.12478631222724415,-0.014805168580764394,-1.0746959974747905,-1.4491836211373115,1.4681657560661754,0.750493217617599,1.5336525957073732,-2.4749195276268976,1.7877902300549213,-0.4008685358012287,1.2629163588671963,0.8777010362947426,0.019106076435770527,-0.3201819541796307,-1.578182478233183,0.06768208781131879,0.5742833068269452,-0.7492925324684656,-0.4756965625126302,-1.9786226376101839,0.8148699788758875,2.2014276786814966,1.1368518768760925,1.2493707251127955,1.9029487338750348,-1.2413699610390783,-0.18623908620534732,-0.35171197342899246,0.6038682307160738,0.9036911403669939,1.7149783996033652,-0.6902111248865943,-1.400023618545112,0.5889719546138823,-1.035656432003381,0.2205233141831714,1.389028462811469,-0.19557165574646806,-1.6933285788264136,-2.6038690376022515,-0.384734995361176,-1.9317316887684584,-0.8696621113553287,-1.7682353793180634,0.23899761798615854,-2.0940807568863242,0.8886132773285469,2.844039404960028
0.6659385189831142,-1.4749838594574063,1.1803103374190491,-0.23737476536419017,-1.0420711482916933,-0.4272855330188619,-3.2055420014144693,1.9722253891999109,0.9031335614895575,-0.17138494905894755,-1.2006971888405595,-1.7991300128847674,0.5158258442543474,0.8392268707803199,0.5593338012550633,-0.6226530073101743,0.5486919419693966,-1.0672902195508582,0.8777010362947426,1.0124915008065465,0.404519485244488,0.1312079232464205,-1.0688890319777966,-0.5193333333763149,0.09013772597141105,-1.7473139818989891,-0.7322483040619996,-1.4817862175427396,-0.15845789226101006,1.733997032726007,1.441284087228346,0.2951188099913214,1.2297232065481059,-1.238251581643373,-0.37124459830412965,-0.7545726905723679,-0.20266392911469835,-0.21710659108585037,1.040720307320664,-0.6036763890692772,-1.0165442635558999,-0.43305908432660395,0.012584211595672353,0.3993705484967448,0.7005109510683417,0.5139481756247911,-1.6001162440900694,-0.6380932697208112,-0.2598900496196577,-1.2888235826134873,-0.1564334738317329,-0.408898031781703,0.5438709168046987,-1.9215314082759092,0.8000899207714056,1.9253160028434615
0.7565449530056217,-0.6419061544180679,0.3564317388165804,-0.010650842998204822,-0.3735571195539945,0.7963477670615994,-0.3460558648966368,1.38499432471471,0.8085440356394556,-0.1581844445085092,-0.45660821915774347,-0.7938033725675002,-0.47448463707173033,0.32300419175078365,-0.47105625447408356,1.0452223609309919,-0.6547725701550194,-0.7778536951182401,0.019106076435770527,0.404519485244488,0.38689123038803386,0.3421681241994196,0.0060543365835169045,-0.5547473026639145,-0.29574745722376095,-1.2151190730705277,-0.40359991553795876,-0.13246032777881295,-0.6997498633495379,0.2292122247345828,0.6539317279097845,-0.5460295403752964,-0.0658760832848208,-0.3856521727987623,-0.24109884102850918,-0.5044873653748869,-0.6027795821001809,-0.8190639227055567,-0.12440427807202042,-0.13229043913756464,-0.05819543709799032,-0.8201002452621469,0.7047066532078908,0.24425938611741804,-0.24386111112436795,0.6368711012019255,-0.43508713968160273,1.1151168659057522,0.003591662271185079,0.029863215412523257,0.42607431237614635,0.7833909620916468,0.3743512801857956,-0.48881306800282426,0.19204705078086717,-0.013673284234624931
0.7205820193366221,-0.25675833053790226,4.364654357287661e-4,0.07919248632849393,-0.07738324201892893,1.19982311612081,0.8094595829273575,1.0252535071389306,0.6923455836853091,-0.13898228032205323,-0.12442940891639012,-0.32963541270796165,-0.8195673160591511,0.09042685009895488,-0.8348661763993243,1.6012593687298613,-1.067391987316483,-0.5926244217461916,-0.3201819541796307,0.1312079232464205,0.3421681241994196,0.3945891812750087,0.42829746951629344,-0.518355236473425,-0.4199039704109885,-0.8918955268121906,-0.23483524139076528,0.40979000408285987,-0.8488187754031093,-0.3822225626265547,0.2838789676395071,-0.8241050772291403,-0.5684226917471898,-0.014214566186949691,-0.16613891269302541,-0.3600056380950985,-0.7019650377590307,-0.9777415314230132,-0.5700405045952556,0.06433474661642347,0.31981168312403474,-0.8960567527642663,0.909414991330429,0.1606805109276436,-0.5912037041952959,0.6246917399295459,0.058925490084789464,1.6987635687958025,0.10609503057744292,0.5437732509627731,0.6159956765502308,1.1761895991543783,0.27171383094885987,0.11850993895582834,-0.06417188576177343,-0.770914940567528
0.24597762495475237,1.4596922053065038,-1.4767155354690678,0.4152655278838734,1.1870851486444414,2.331057197277261,5.225513746434363,-0.9326378174640189,-0.09369994925865324,0.005592836837460382,1.3154999412438053,1.7550917519171547,-1.8743383061690146,-0.9143040744401371,-1.9523482654276645,3.1791728586603183,-2.2871070228769925,0.4474208514719699,-1.578182478233183,-1.0688890319777966,0.0060543365835169045,0.42829746951629344,1.980639631115685,-0.12813294000948966,-0.7425677825569263,0.8506101236689972,0.5652641334452861,2.468805817664984,-1.0753632378109403,-2.743104869277526,-1.378738058646694,-1.6038114463334963,-2.391573491504469,1.5291761930742827,0.2163921516670384,0.4045598776794351,-0.7971705614698923,-1.1934352042597307,-2.1567114545359516,0.8508944479494281,1.7499726382588656,-0.8020513636069733,1.3462986220581545,-0.259068304210957,-1.7634968172330026,0.29280961141762946,2.0890599354073083,3.3447625026518106,0.484387488231874,2.428699999709769,1.1193563549981418,2.2739118349069973,-0.27436059527712847,2.5810839267144288,-1.0970132461887068,-3.563875261055253
-1.1015406568466908,0.8357382304155778,-0.42427731653790873,-0.009473008094418318,0.46479603142736353,-1.2834004374820474,0.18270730908509691,-1.938100221169862,-1.1567864287407819,0.228704723113029,0.5769239603657813,1.0398532312682605,0.7952743260463013,-0.4116845691287032,0.7969151534923942,-1.695097096906528,1.0797995263386364,1.091794235925031,0.06768208781131879,-0.5193333333763149,-0.5547473026639145,-0.518355236473425,-0.12813294000948966,0.8077145427449921,0.4704843088247059,1.695911790510724,0.5444831990349198,0.04188197917804713,1.0705195062880495,-0.1656518156377269,-0.8567397599770016,0.8823259300336573,0.2394800208685494,0.4614602870017861,0.3319299965931081,0.7033940883041854,0.9159395367510722,1.248256251177255,0.30769807556550344,0.1414404877271568,-0.02090537666649009,1.2306257886432646,-1.0938436486664551,-0.3352317598313959,0.45685831662035875,-0.9322269316999985,0.4993547712261741,-1.8060857804505877,-0.035876241591115306,-0.1873149782203072,-0.6833429483842202,-1.261012535163139,-0.5216624983398439,0.5493299829583785,-0.20834550779500707,0.23244539222083493
-0.6672807652602794,-0.05612643331961419,0.27858220965220737,-0.1470584480531766,-0.15932602006076563,-1.4753476045760143,-1.6848947150965148,-0.7086520736232901,-0.5801336136053962,0.11873953687020568,-0.1428990050228988,-0.049069163386638436,1.0599248865194815,0.09439476622864221,1.0876198996489268,-1.980926462183654,1.3513138680128118,0.4256174428571034,0.5742833068269452,0.09013772597141105,-0.29574745722376095,-0.4199039704109885,-0.7425677825569263,0.4704843088247059,0.5019279539554877,0.6079009892022794,0.09562457075915724,-0.8196231278117306,0.9326773435370931,0.8474424171039872,0.01616686659182237,1.0141321193028603,0.9416751496931468,-0.27661396419049766,0.10229513291219301,0.2342680620857522,0.7572194342331772,1.067651084551706,0.8984651051121484,-0.2161776953182981,-0.6080402139017009,0.9239009047705503,-1.038619824457572,-0.0892532319424774,0.8422790735542586,-0.5932881293778121,-0.44830029779157826,-2.096210896223628,-0.18371930884559012,-0.9264407085098468,-0.7432170786468679,-1.4429631076775349,-0.18306495715885357,-0.5905272687764177,0.2639762108229813,1.338552721809214
-2.280320368556758,2.6639358270025193,-1.7753180782442637,0.2136244294954532,1.6956745116659275,-1.494746707803988,3.3810838438871182,-4.789241947484977,-2.5901037767306745,0.5025996371481154,2.020021325289247,3.278464282754042,0.677094435725319,-1.4209384486733745,0.6377016010145313,-1.906298648122184,1.0667974388900254,2.654107267225814,-0.7492925324684656,-1.7473139818989891,-1.2151190730705277,-0.8918955268121906,0.8506101236689972,1.695911790510724,0.6079009892022794,4.20946300481665,1.5185995267290966,1.499430436069779,1.735556991322834,-1.9282962979349194,-2.66994714774182,1.0229529849566563,-0.8410207018441351,1.8880447491456451,0.8544887820720186,1.7733641991472946,1.557700763164977,2.06048925193534,-0.5523375931722043,0.7898166638767666,0.9521122126420689,2.237977719142471,-1.6366494999678272,-0.884836101805486,-0.007090575926802655,-1.880120882041192,2.2887027827710553,-2.0559874967801837,0.2010586274497,0.976982772570679,-0.8596909532763277,-1.47331534565912,-1.3036726432693426,2.6707198113205335,-1.0833460394148775,-1.5203029422647882
-0.7215107988349293,1.0938493929650446,-0.7995137534537947,0.13115928820464298,0.7338917654994543,-0.1612663121340432,1.8708473054869954,-1.720286582827779,-0.8747463639659634,0.1675412012056462,0.8575281064854877,1.338316956853382,-0.043939647044220376,-0.6027156446743674,-0.07031455914332548,-0.1777952076663446,0.025731979309980064,0.9438588189842955,-0.4756965625126302,-0.7322483040619996,-0.40359991553795876,-0.23483524139076528,0.5652641334452861,0.5444831990349198,0.09562457075915724,1.5185995267290966,0.586050219040485,0.8513960382828004,0.4225594050534695,-1.0318745118106756,-1.0828331403721505,0.10932432415701723,-0.6210271017774404,0.845239201698663,0.31493742954407294,0.6454985370897046,0.40164384662824393,0.5136590703083129,-0.4923418949494115,0.38465270826933007,0.5656752415185065,0.62827761231818,-0.349657677926259,-0.33056757581169377,-0.25315932575259614,-0.5827240266826177,1.058207414685964,-0.20316505078664826,0.1356312045818448,0.6695400769069411,-0.12358736721883548,-0.16440473261014502,-0.4714043272199988,1.257591368733286,-0.5176207059883249,-1.014234943268087
0.03510168871709418,2.0565636070530715,-1.970887852013088,0.5238258601238049,1.6192301095089041,2.6267961043790296,6.64889135779914,-1.660340486727961,-0.4094359887109717,0.06492979172087802,1.806388974309894,2.4799200710733165,-2.1687745660575954,-1.2592401747693402,-2.2688275803621756,3.591634058474838,-2.619424062408482,0.8381580454412123,-1.9786226376101839,-1.4817862175427396,-0.13246032777881295,0.40979000408285987,2.468805817664984,0.04188197917804713,-0.8196231278117306,1.499430436069779,0.8513960382828004,3.1302699833185668,-1.087983020345132,-3.506581912125099,-1.9559163440188045,-1.8066375677284934,-2.9606963630093954,2.0468831130813943,0.35638766893208357,0.6866609630259262,-0.7803704940666936,-1.194265480413052,-2.6483852084645205,1.1124756064269703,2.206702861247789,-0.7033475096159085,1.4286545598549425,-0.41119571873468,-2.111007195136308,0.1355349479392307,2.766514646809368,3.773615146907604,0.602519560622394,3.0181907882873924,1.2445059395517977,2.556374958858334,-0.47591345327456874,3.4026064671602696,-1.440280987353285,-4.445439341432757
-1.4973824124227524,0.3750170550234897,0.14879810380074793,-0.20459145975524892,0.0367989958427058,-2.689373072045996,-2.1843212640462295,-1.9999330114595744,-1.404114757328214,0.28255796307920955,0.12100899006019065,0.4931326293434854,1.8643579169572535,-0.09068421398293579,1.9037188747297258,-3.5931518979702686,2.412535700494341,1.1653490640049273,0.8148699788758875,-0.15845789226101006,-0.6997498633495379,-0.8488187754031093,-1.0753632378109403,1.0705195062880495,0.9326773435370931,1.735556991322834,0.4225594050534695,-1.087983020345132,1.842362524512413,1.0594188380650182,-0.44037235484585885,1.8464493159046402,1.4032827945209807,-0.12558913851840975,0.31803314438929114,0.6937434289927292,1.515316903648753,2.118501314782119,1.383992403358325,-0.21944759284757753,-0.831389021440473,1.910013945186652,-1.9951335729939634,-0.3021149223209119,1.3856308253709566,-1.305829627193634,-0.3328193748530798,-3.809201665808682,-0.26509064377746355,-1.3566624602367228,-1.3713235216014825,-2.633957805505148,-0.5276924436568712,-0.5063034871170002,0.24257731422923776,1.937442350406599
0.12416787411931347,-2.4221106131069146,2.2682178828738913,-0.5832347874584156,-1.8779471521649769,-2.7455112086250035,-7.462270863480152,2.146840887984707,0.6273603547127116,-0.10611266269610933,-2.1068242826529406,-2.927094697652754,2.3075541009037788,1.4684277746971706,2.417087120384643,-3.766307905981613,2.7688740496090367,-1.1000994549413716,2.2014276786814966,1.733997032726007,0.2292122247345828,-0.3822225626265547,-2.743104869277526,-0.1656518156377269,0.8474424171039872,-1.9282962979349194,-1.0318745118106756,-3.506581912125099,1.0594188380650182,3.9469392978587217,2.3151760029526485,1.8890593670582285,3.276548197403233,-2.3581647269354558,-0.44772889914938857,-0.8727798429240551,0.735465892310831,1.1514551239578616,2.9157784935694484,-1.2635177782152087,-2.4651521888764116,0.6057061569269379,-1.4345450533981567,0.5097605395495132,2.295505185554291,-0.014204714974169376,-3.1677976024681915,-3.952785258631311,-0.6693046673469185,-3.3505827161077097,-1.2894481779806426,-2.6729746362241045,0.6104104184485367,-3.88379013787581,1.6403876577769299,4.937191093445085
1.1187811580881333,-2.117807408000026,1.6452869855822203,-0.3078649978857469,-1.4682855083337676,-0.27343406684043775,-4.252126315134428,3.0210044750107388,1.441207552976533,-0.27375384193643465,-1.7045149302517513,-2.5870688658847767,0.5033568502083402,1.1910430811184676,0.5598153099652279,-0.445875050866546,0.48391852054709394,-1.643147838975001,1.1368518768760925,1.441284087228346,0.6539317279097845,0.2838789676395071,-1.378738058646694,-0.8567397599770016,0.01616686659182237,-2.66994714774182,-1.0828331403721505,-1.9559163440188045,-0.44037235484585885,2.3151760029526485,2.0837088361571423,0.1920538523902654,1.5649721740444256,-1.7305354338528032,-0.5625187813717054,-1.1456966196407896,-0.4709202053502051,-0.5600480470573435,1.2987029614187642,-0.8204894133386401,-1.328561557161832,-0.835942907840807,0.2599396888431723,0.5989136130343801,0.8230477289502105,0.8804562722113651,-2.209276505247764,-0.4415594903658038,-0.33489085950974473,-1.6553077598649806,-0.05564483219893148,-0.25875118582231726,0.8316623028918995,-2.6401524214768615,1.0956579655274261,2.476142696580701
-1.2623646448121901,-0.28037171736046873,0.6879212953623718,-0.32269045833320215,-0.4387561885848275,-3.0056277768420503,-3.7313510074399785,-1.2035733606172212,-1.060231357691502,0.21791342401904484,-0.42004746883969946,-0.3015472990329226,2.1793531633339605,0.2834648684395566,2.2414382156488566,-4.035286559415051,2.766805354741411,0.7339430981872278,1.2493707251127955,0.2951188099913214,-0.5460295403752964,-0.8241050772291403,-1.6038114463334963,0.8823259300336573,1.0141321193028603,1.0229529849566563,0.10932432415701723,-1.8066375677284934,1.8464493159046402,1.8890593670582285,0.1920538523902654,2.0651902969695195,2.0212348348428293,-0.6906863188603515,0.1638830466262585,0.385810893135647,1.4970290841049039,2.1126467986117015,1.91542839205843,-0.5024161944919516,-1.3323722619801839,1.7996394146663846,-2.0803534638603254,-0.13433245626571547,1.7614297186954408,-1.1297899621817342,-1.0788578240299744,-4.268397484006746,-0.39637559265952604,-1.9944896328438504,-1.5071275673688982,-2.934141949530869,-0.30787394762116665,-1.4009458980662364,0.6201848604556306,2.895891299047917
-0.4124972027224918,-1.6659566175404459,1.7282226235013005,-0.5002118539128791,-1.3782563149975187,-2.9373895039449796,-6.25661751876971,0.9119919565150817,-0.01175733924354461,0.01770688263897336,-1.5201455040267187,-1.9986729700569095,2.3352996529673953,1.053771385070916,2.4291709042026954,-3.9991046462887403,2.8612216412968006,-0.4216203597857348,1.9029487338750348,1.2297232065481059,-0.0658760832848208,-0.5684226917471898,-2.391573491504469,0.2394800208685494,0.9416751496931468,-0.8410207018441351,-0.6210271017774404,-2.9606963630093954,1.4032827945209807,3.276548197403233,1.5649721740444256,2.0212348348428293,2.8977734544218285,-1.787383733629459,-0.224625294475856,-0.4103394760380027,1.056912194968288,1.5656822490480682,2.6227349319588544,-1.0068600393347367,-2.1058516273560177,1.094533012191141,-1.7340554901029162,0.27574195497235887,2.1660527105788603,-0.4504185785719843,-2.4588952482898936,-4.209839450828836,-0.5864188230093852,-2.935454290537055,-1.4183191224002794,-2.8648306723937815,0.27310734173935336,-3.042379988726638,1.2970407594997955,4.305879931333971
-0.5746037228657693,1.7800006522113978,-1.5058050380569423,0.33187521895345473,1.2972422879662473,1.0003115815352788,4.398975990227685,-2.124984180199118,-0.8879722420726808,0.16411007576904665,1.4830317694331372,2.1638003701326007,-0.972340737350939,-1.0344428960910403,-1.034284028963804,1.4074743367731972,-1.1093619922785736,1.1344556351930548,-1.2413699610390783,-1.238251581643373,-0.3856521727987623,-0.014214566186949691,1.5291761930742827,0.4614602870017861,-0.27661396419049766,1.8880447491456451,0.845239201698663,2.0468831130813943,-0.12558913851840975,-2.3581647269354558,-1.7305354338528032,-0.6906863188603515,-1.787383733629459,1.5754233898463883,0.41133602586013945,0.8240904935876299,-0.007896211163855069,-0.09707446380002697,-1.5451092815438956,0.7921174893634956,1.4164493893894348,0.20677681249915394,0.3301745176406843,-0.44808120961648096,-1.1216407142082643,-0.41664537599547474,2.06046213347663,1.464585218287645,0.3727080115715031,1.8537800699740927,0.43596427905211643,0.9707150745513669,-0.5914097282004198,2.4928138639510213,-1.0440689925396718,-2.748722357488035
-0.44630402023410554,0.5624882479595417,-0.3872366154179839,0.05204483287971082,0.36463523438960477,-0.2410639581218778,0.79558926862642,-0.970682805845404,-0.5149906554595037,0.09905511938491741,0.4323697997505967,0.6903145154462532,0.08903017872913367,-0.30248601060444047,0.07908692846453805,-0.30070770252577406,0.15625351602894336,0.5367265461278954,-0.18623908620534732,-0.37124459830412965,-0.24109884102850918,-0.16613891269302541,0.2163921516670384,0.3319299965931081,0.10229513291219301,0.8544887820720186,0.31493742954407294,0.35638766893208357,0.31803314438929114,-0.44772889914938857,-0.5625187813717054,0.1638830466262585,-0.224625294475856,0.41133602586013945,0.17511627430547888,0.36029155937657703,0.28912891507071914,0.37986252867618053,-0.16084579994431425,0.17575984670466285,0.23068731701231018,0.42265275295375127,-0.29219637277359745,-0.1817440495296006,-0.04426793125758888,-0.36574581091877306,0.504097697659117,-0.32630417164953945,0.05227017543855517,0.2517973473929263,-0.1423121950209172,-0.23786588025317146,-0.26501863993004804,0.5900611474825704,-0.24155502198710346,-0.38640069964466867
-0.9421316354439533,1.1451101758924715,-0.7766314268619143,0.09935301947310914,0.7344649726180458,-0.5624707700747598,1.5395260647849571,-2.018782276006918,-1.0808428084518442,0.21006823854238052,0.8729864515081874,1.410024450364951,0.23404121167720499,-0.6158462777599037,0.216425707953809,-0.713211693116681,0.38586486595719094,1.1157170956264262,-0.35171197342899246,-0.7545726905723679,-0.5044873653748869,-0.3600056380950985,0.4045598776794351,0.7033940883041854,0.2342680620857522,1.7733641991472946,0.6454985370897046,0.6866609630259262,0.6937434289927292,-0.8727798429240551,-1.1456966196407896,0.385810893135647,-0.4103394760380027,0.8240904935876299,0.36029155937657703,0.7496283319300105,0.6294924228367922,0.8263684162277734,-0.2852122734103392,0.35145628697391673,0.44003860005264206,0.91257405538034575,-0.6470037165384295,-0.37448141855258843,-0.04788569684638055,-0.7742628063971067,1.0037461111199604,-0.7715331644841159,0.0948192770166163,0.4696306678137822,-0.33139368124961033,-0.5542036918610358,-0.549853662618654,1.1774357772567585,-0.4771084537195664,-0.7235057736407394
