V1,V2,V3,V4,V5,V6,V7,V8,V9,V10,V11,V12,V13,V14,V15,V16,V17,V18,V19,V20,V21,V22,V23,V24,V25,V26,V27,V28,V29,V30,V31,V32,V33,V34,V35,V36,V37,V38,V39,V40,V41,V42,V43,V44,V45,V46,V47,V48,V49,V50,V51,V52,V53,V54,V55,V56
3.8403926064877583,3.6764257482093794,-3.3000725510612496,-1.5474096878714563,0.43504358380407576,0.843995528946071,-0.7570104602776621,1.5086759328885064,1.418833958832603,1.629868946160419,2.7351670015728735,-3.953523803868574,-0.9993085528781049,-2.4486015396080116,0.22820431802065907,-0.5635585068819359,-1.868209456067444,3.237957976348853,1.3795421467803177,4.011771934983511,2.1659996626733364,1.1451815322686527,4.314904511083501,0.6049562786907632,1.0243565379614357,-0.808540953231482,0.7310314867935501,-0.895167114600984,1.926335593038808,1.8841251532715353,1.2608208051499201,0.13566523468125216,-0.2398439785208498,-4.103916426829713,-0.9308879397427966,-3.3175316915595325,3.5110603911644684,2.7968537378485716,0.5288791258305724,0.31883987823310556,4.032772773464842,-0.006740340953135993,-4.613503070747896,-0.904574882109209,-0.9562451698221278,5.567266460219104,1.0619611633506822,9.143553930349645e-4,0.4258445145214272,-0.2965126398220499,3.287396580844156,-0.22850670482256472,0.7941291718493538,2.3674067243712775,1.506700411486479,1.7326786511347545
3.6764257482093794,4.112497628298728,-3.5478507866641835,-2.0316601654948556,2.4066732022472053,-0.4975732234276799,-1.5584026143131775,1.2331776428396861,1.3345833269530682,1.990791308659301,2.340644562520995,-4.073768084395822,-0.5089073657414042,-2.012753346981947,0.31067213953945344,0.1882198354010052,-1.079434825729127,3.3437815276884804,1.2623591111904189,4.566355285670778,0.21270798469919355,0.8778355740391973,4.661015686425869,-0.4444614770805935,1.6808598047500418,-1.021836374596796,1.1280841724521886,-2.3138265992005382,1.7498543863989207,2.909715747495592,2.3671504852127603,0.09214212228744321,-1.4644859834216142,-3.079499567542609,-1.0863091795443773,-4.911085971666365,3.635433324303906,2.631565536382768,0.33854517994796335,0.6273373590392022,3.3032476563253117,0.1938255295519527,-5.233333835762246,-0.2673092974457749,-0.7224775202995464,5.776622146239725,1.504572303521667,-0.5824819965997259,0.43089251620026836,-0.8887183042667243,3.277905074191606,-0.45213435483635217,0.6328109447957367,2.7532353266063505,2.886578914512186,1.707359349922148
-3.3000725510612496,-3.5478507866641835,3.1234953401105585,1.7085645347472396,-1.7342737861913378,0.14216519653758317,1.20031294084887,-1.1428339246172425,-1.1964515594939824,-1.6396175027085826,-2.1792885652409897,3.5776845334688354,0.5774555588697312,1.864866420711573,-0.22616755362331709,-0.011803638181369775,1.0984660940390338,-2.94332786348627,-1.1209737049021662,-3.918459290702955,-0.5974332899081054,-0.819010544731815,-4.0864768131480105,0.19914573316315487,-1.3914536922852394,0.8778068279699459,-0.9178050981201185,1.774194983302153,-1.570927959465629,-2.403670191070353,-1.9008392079418435,-0.0692902036512263,1.0794767619085517,2.940282222973188,0.9095547971566003,3.988568172158868,-3.2252826913463783,-2.3689498613434603,-0.3265062479684897,-0.5181389482867608,-3.0469811331199117,-0.1365261875361823,4.514433174517106,0.3673798318261397,0.7133165166526344,-5.0839842543234806,-1.264891054919468,0.4082845109068046,-0.3504957963806167,0.6718239289820704,-2.8950270514285217,0.35467831479426803,-0.5925374338628299,-2.377353912221592,-2.2672432064716515,-1.5042422005520086
-1.5474096878714563,-2.0316601654948556,1.7085645347472396,1.1514207812312665,-2.052353837495904,0.8756304762066007,1.0844879037474995,-0.40171170586590027,-0.5350157158612899,-1.0310236929977246,-0.8521913825586678,1.8466173015487306,0.015566705007822895,0.6791620001047118,-0.1758464278006012,-0.44292104598071264,0.08402717727740522,-1.5040317571323947,-0.4934861031383667,-2.2746266280094347,0.869029608487366,-0.23211545848893902,-2.2181024820470556,0.7233300150475083,-1.083933636331997,0.5723763085240026,-0.6904203333445377,1.7314738364547542,-0.6729633477368343,-1.8162356690290478,-1.6019588692778512,-0.010012262787988654,1.2634584867027439,0.8455105045562763,0.5331562759880727,2.938979420374038,-1.6968010036063081,-1.0629059411771902,-0.03241942739401085,-0.442655441289307,-1.0904155259337316,-0.19463952014769556,2.6365462582515766,-0.19245131074376165,0.2155511540000592,-2.6570910870711186,-0.8809535545296729,0.5521656461809019,-0.16250933323898947,0.6952742198211881,-1.4500824932174787,0.30412127845022524,-0.2321722900366132,-1.4218422238062247,-1.957801851671029,-0.7317962437671226
0.43504358380407576,2.4066732022472053,-1.7342737861913378,-2.052353837495904,6.824819385506449,-4.306794285017787,-2.889133732452809,-0.5635310727039392,0.07031539134409129,1.5562333940907642,-0.6041583583295522,-1.40394945285179,1.3714109874693796,0.8738068933330227,0.28194639914735276,2.413158228003888,2.241671007772776,1.1907910841109575,-0.08517297022670973,2.8844395287799993,-6.077061807784106,-0.6389317321584903,2.3252398541627413,-3.450017336269846,2.556236628706086,-0.9576485687471641,1.5361312111723815,-5.077842289956225,-0.13623694614990361,4.027687874922891,4.135836743471698,-0.15010174848184504,-4.282937195047562,2.4354473205398843,-0.7309791726370718,-6.20171958947684,1.3654471116481033,0.1577206475798049,-0.5317850908795961,1.1742058233631512,-1.5060406366800467,0.6898521621711714,-3.2876759346097013,1.937896837056844,0.5080441308969316,2.1437770677161416,1.8154836587481762,-2.004013922174917,0.07585392743865095,-2.0984051045420764,0.7832029487521698,-0.8194830275567377,-0.3526798773399217,1.9426921990200623,5.062727503293274,0.3318264228999292
0.843995528946071,-0.4975732234276799,0.14216519653758317,0.8756304762066007,-4.306794285017787,3.0651549610363493,1.6690230727927424,0.8013119000249502,0.3628766359042714,-0.574540835920525,1.2094976808956106,-0.23239983015165666,-1.2082965121384615,-1.2797043852860808,-0.13695286597621367,-1.7383128985715166,-1.9912206808319408,0.1647055295167551,0.4433037224105744,-0.7191612192080765,4.592447699546668,0.7356295085873585,-0.24054004547424024,2.4070605179111917,-1.3379545637016736,0.37346175651285546,-0.7876300927624914,3.0321361295233946,0.6378966204312291,-2.0434623338527036,-2.3028000921150977,0.12203439038521896,2.694347479863088,-2.781150519871911,0.22288409815889704,3.094333563521852,0.16139194109675775,0.7109145125577178,0.4868945500118859,-0.6522977488793734,2.1368598375321417,-0.4447622485760728,0.7858352772526275,-1.5260985976539434,-0.6279448995233391,0.2349575534008161,-0.858545100670939,1.2955724224550942,0.0487083229447325,1.2729077581283017,0.44445141429388096,0.46823433474934706,0.46880964516131435,-0.5593392139607726,-2.8593525296902977,0.2787671143035033
-0.7570104602776621,-1.5584026143131775,1.20031294084887,1.0844879037474995,-2.889133732452809,1.6690230727927424,1.3237895914354858,0.001997264296423166,-0.23982904264411686,-0.9212882934749789,-0.15077246435632288,1.1795324664628033,-0.41942987686930194,0.021228940379809158,-0.17970396919593368,-0.9053419809694947,-0.6260833528738373,-0.9664270349208905,-0.19063597110535443,-1.8037939775586447,2.18857077521241,0.09152858813735601,-1.5831297920341256,1.319664253274504,-1.1877038382657366,0.5127506692964078,-0.7435628656573453,2.2250167066872537,-0.24310735196114328,-1.9312555985949558,-1.8777746429183575,0.027102787188616424,1.7821162643677442,-0.3899620093517381,0.4489538544437457,3.0889756487907443,-1.08709712635633,-0.47600390172332374,0.14161967798192493,-0.5175166586184433,-0.012414804877326656,-0.2843384098807698,2.0655265533622442,-0.6606239268688365,-0.08123125535978892,-1.7240032945762338,-0.8890486753524598,0.8207829567035084,-0.10598716694281342,0.9126436869276651,-0.8372455481227999,0.3696565105421273,0.004788658439568951,-1.1552278498163957,-2.3279662650334023,-0.4069698679600337
1.5086759328885064,1.2331776428396861,-1.1428339246172425,-0.40171170586590027,-0.5635310727039392,0.8013119000249502,0.001997264296423166,0.675450453066914,0.5718854533692436,0.5073321390272056,1.1679145115903267,-1.4567656497187074,-0.5407938442426461,-1.0870089531626892,0.0669444995931934,-0.4852975742643516,-1.0027266244910669,1.1918166391283609,0.5733510147534645,1.3229722652646085,1.531606237363848,0.5414826947749206,1.4995486290584723,0.6219455297923364,0.13081163031494875,-0.21855499335036319,0.1322692998995649,0.18803096265846644,0.8016221424440311,0.3193341048104606,0.0594131647559037,0.07645345104545549,0.3714265574686522,-1.9292200483370667,-0.3079487629043299,-0.6872856681901556,1.2653965254489485,1.1219482215626169,0.27961715383671626,-0.004047055136653987,1.8042492526161236,-0.08053615413161866,-1.511805077517347,-0.574559143671449,-0.4360695735621646,2.025859955544407,0.23296983715409617,0.21957936670836897,0.1766690535057811,0.10921970426665539,1.2488896223105201,-0.0060279457731022106,0.35158434039517905,0.7448793542208533,0.06663886399654287,0.6715513175346369
1.418833958832603,1.3345833269530682,-1.1964515594939824,-0.5350157158612899,0.07031539134409129,0.3628766359042714,-0.23982904264411686,0.5718854533692436,0.5427167244358964,0.5965374332677053,1.016407164956985,-1.4654741510322034,-0.35202691962592897,-0.9044691421591962,0.06482688547719348,-0.21771404381160445,-0.7089680570699359,1.22754523817495,0.5083906400600463,1.4734600938871296,0.8698450862558279,0.45824648349736463,1.610628921473418,0.2608901492869494,0.35024528687433387,-0.2764511575224747,0.26072549976910403,-0.2749548651735755,0.7252814152023425,0.6423664496127072,0.42828772906669443,0.05234665303095537,-0.047063018457798984,-1.5619598362897784,-0.3594640177555455,-1.1687892466533782,1.2623382779422987,1.0644814341946898,0.22854087277805948,0.10224509204542155,1.5057279486875812,-0.02088423415416488,-1.6514721669725438,-0.3494657130041851,-0.35811783728413493,2.0447580095430635,0.39216098862065757,0.024057951066871034,0.18363501451671252,-0.07625933911814081,1.1937538441959559,-0.08517676947086296,0.24921710872779884,0.845648333543904,0.4991747218070261,0.6453883729610043
1.629868946160419,1.990791308659301,-1.6396175027085826,-1.0310236929977246,1.5562333940907642,-0.574540835920525,-0.9212882934749789,0.5073321390272056,0.5965374332677053,1.0608637522396223,0.944523140379553,-1.9014417943136737,-0.07888945272787865,-0.8251917494063282,0.20053186616125385,0.2672087980977183,-0.33095468715154824,1.5555377451098302,0.5763225212709132,2.238100323641008,-0.3755135271422624,0.35890626441493245,2.181461163332646,-0.4251930629551759,0.8761747960533258,-0.4950872693445453,0.6106963566291055,-1.3736342726089148,0.7793518135381745,1.524820507283089,1.3054374437189187,0.059150526273683585,-0.9172757226004645,-1.1648107426458831,-0.5632087468688247,-2.6685122391025526,1.6496847991478985,1.1631428128463592,0.12921691754770995,0.32648722276182884,1.374087306523542,0.12701417019077577,-2.529464211517546,0.029302212132313134,-0.24226672982867287,2.6790682109369643,0.7658507005314015,-0.38881427987535294,0.24034648006381557,-0.5373936091278285,1.50813351676258,-0.26086091136228173,0.24619591406126973,1.3263469183073435,1.6545619272476748,0.7928041149206636
2.7351670015728735,2.340644562520995,-2.1792885652409897,-0.8521913825586678,-0.6041583583295522,1.2094976808956106,-0.15077246435632288,1.1679145115903267,1.016407164956985,0.944523140379553,2.082328669565163,-2.6748171252200414,-0.9310886614300785,-1.8949807977142272,0.11311654550516353,-0.740037994907257,-1.6520278035405596,2.185018395778906,1.0028328353606233,2.5123345126678025,2.402291152666632,0.9069501311165828,2.8273125234891983,0.8968220740340003,0.41691610590765976,-0.4679932002528844,0.3213279239682744,0.03070117923489316,1.4077719309139893,0.842930915829135,0.36962423960343177,0.10758062662415653,0.3903052719004323,-3.309931161061396,-0.5621692705269321,-1.5479362389831968,2.3845668168871974,2.007129927673564,0.4453574182127214,0.08624922469419581,3.1189023924290518,-0.09364054184875518,-2.911002304856055,-0.9210665907706543,-0.7771220223976906,3.756655812950436,0.5340031285863506,0.26606140751830687,0.27864244872043986,0.06453045021174873,2.278202141653802,-0.05318772071272983,0.6319405844239483,1.4666849550414127,0.4041151105590629,1.2051163285463944
-3.953523803868574,-4.073768084395822,3.5776845334688354,1.8466173015487306,-1.40394945285179,-0.23239983015165666,1.1795324664628033,-1.4567656497187074,-1.4654741510322034,-1.9014417943136737,-2.6748171252200414,4.2264380352320075,0.7780232826741504,2.348862806493073,-0.26805359791145983,0.20927526250139655,1.572279835601177,-3.489093522368807,-1.390480852171698,-4.502431077424005,-1.321860043217059,-1.0979255499386629,-4.73199538011557,-0.12442976169176846,-1.39164793084522,0.9404322220280477,-0.9675386966104901,1.6300082326346035,-1.9477175045162616,-2.4655083757945353,-1.867026548565361,-0.12366782847062915,0.8509018036813847,3.8238579621865645,1.075909112346689,4.272285377218215,-3.7245718082228563,-2.8836765693614903,-0.4879596461360619,-0.4803304569761287,-3.8782055174109598,-0.08056559864459448,5.128141902581946,0.6329586897790196,0.8864562651208121,-5.953872598577809,-1.3459363808300924,0.28102610594703475,-0.4765883854842976,0.5903229754586162,-3.4352049404953524,0.35773542390588775,-0.7115935565174013,-2.664031316992766,-2.253221259686497,-1.8152727225248966
-0.9993085528781049,-0.5089073657414042,0.5774555588697312,0.015566705007822895,1.3714109874693796,-1.2082965121384615,-0.41942987686930194,-0.5407938442426461,-0.35202691962592897,-0.07888945272787865,-0.9310886614300785,0.7780232826741504,0.6680755577594955,0.9160430643411288,-0.024005426404903732,0.7370528169019666,1.0438973418562736,-0.5751891603762832,-0.4122501399578558,-0.4551609941007895,-1.9812783914796417,-0.41104139271011825,-0.6438475593853565,-0.9408384780110592,0.26553853614935063,0.04678635808858427,0.14943886066264622,-0.8755937656569783,-0.5541914846364416,0.3298664788213803,0.5698896411718315,-0.06401491457258003,-0.8903821949614794,1.6872152227361137,0.049000535778075664,-0.47194733995194726,-0.7527181738080214,-0.7033168355419693,-0.2120786933000838,0.15725463475347523,-1.4871333709729464,0.13275681652933308,0.6239352223545408,0.7061283433395027,0.398942989565478,-1.0989197937979873,0.133553270972268,-0.44179911011283624,-0.04045081671003221,-0.36256070002119517,-0.7892558295106161,-0.13753815628108845,-0.4030012147192009,-0.26596397434112395,0.7006038138791613,-0.4007911991898049
-2.4486015396080116,-2.012753346981947,1.864866420711573,0.6791620001047118,0.8738068933330227,-1.2797043852860808,0.021228940379809158,-1.0870089531626892,-0.9044691421591962,-0.8251917494063282,-1.8949807977142272,2.348862806493073,0.9160430643411288,1.7819790782064944,-0.13995517938897398,0.8058362909533846,1.6371535747088313,-1.8804863804572065,-0.9405513217944772,-2.1334223891092026,-2.4669330540190186,-0.8422266167177929,-2.3832638368616124,-1.0059430868449717,-0.21397651940002788,0.3722131364648104,-0.20974720296935115,-0.29226057778646425,-1.2905066445244657,-0.5391525480127216,-0.09299671009875175,-0.12757453967850702,-0.6049890840462224,3.1049493429750474,0.4747139160037004,1.1310633951557068,-2.0863603514420275,-1.7794455301889096,-0.41735643311478715,0.004153433243862603,-2.9390529776800824,0.11457497704396727,2.494871034097538,0.9373105197091616,0.7040426323784176,-3.286781628632635,-0.3524912762227771,-0.35071974043148235,-0.255681183553647,-0.15745322187249194,-2.055094493930026,-0.001176302159144749,-0.6395693594986315,-1.2262568222172965,-0.12953592277573234,-1.0845938539244127
0.22820431802065907,0.31067213953945344,-0.22616755362331709,-0.1758464278006012,0.28194639914735276,-0.13695286597621367,-0.17970396919593368,0.0669444995931934,0.06482688547719348,0.20053186616125385,0.11311654550516353,-0.26805359791145983,-0.024005426404903732,-0.13995517938897398,0.08749425611973091,0.028731947263538157,-0.06606589309752343,0.1714745295743349,0.1102562768137968,0.32847171059023195,-0.09978194939307762,0.023832151383701428,0.2477264879518289,-0.059163584500110486,0.10585362097241546,-0.07863544123337926,0.08812439383130752,-0.21476435885434708,0.11379492441408279,0.22393100801302335,0.17286456095501432,0.02893743959912995,-0.11666300293158269,-0.13162606839640023,-0.07538064642153934,-0.448972045575024,0.24990577239312178,0.12317624726282304,-0.00962289240394601,0.032214602460010275,0.22733289552781608,0.031824779114213775,-0.41179742106154943,0.0056404272722955515,-0.00867306563441644,0.383636171168542,0.07184159452804796,-0.05843509261060131,0.028347328756312924,-0.0992385417449112,0.2567493777117472,-0.02918213444266459,0.10443811327098376,0.20041391618214163,0.28192461719870804,0.12083152752042177
-0.5635585068819359,0.1882198354010052,-0.011803638181369775,-0.44292104598071264,2.413158228003888,-1.7383128985715166,-0.9053419809694947,-0.4852975742643516,-0.21771404381160445,0.2672087980977183,-0.740037994907257,0.20927526250139655,0.7370528169019666,0.8058362909533846,0.028731947263538157,1.0221119739942475,1.1967469671329505,-0.11392728900771017,-0.30323364928638774,0.32800809109344403,-2.648601295442925,-0.4167265276159415,0.10167518546017146,-1.3937006604575548,0.7560557352630293,-0.18575544407920674,0.43785978870719416,-1.7055884640733538,-0.4042554849450008,1.1208047374985837,1.3035653867399812,-0.0856168446652341,-1.5498871759713888,1.653676237284775,-0.120981299532815,-1.6615185578459,-0.18823532657927153,-0.4271111113258846,-0.26050909673912326,0.37456536288856673,-1.3335516048512046,0.2414305196207498,-0.30844487579939156,0.8961860900748225,0.3648858111897853,-0.25338685051075105,0.501090087889624,-0.739689395555454,-0.021317460764936267,-0.7038913140132547,-0.35912771961643664,-0.27275123022440995,-0.3517742648357196,0.2576079973273601,1.5750818789404006,-0.19884288912403048
-1.868209456067444,-1.079434825729127,1.0984660940390338,0.08402717727740522,2.241671007772776,-1.9912206808319408,-0.6260833528738373,-1.0027266244910669,-0.7089680570699359,-0.33095468715154824,-1.6520278035405596,1.572279835601177,1.0438973418562736,1.6371535747088313,-0.06606589309752343,1.1967469671329505,1.83302657668174,-1.2336731345122713,-0.7856819606051353,-1.0669133779661553,-3.352637639186461,-0.8209464418478127,-1.3727831912835424,-1.5964862956479389,0.41925718672016266,0.07988155096399033,0.1793586290180122,-1.386816940848832,-1.0730856027693114,0.48686811141104497,0.8723242390151763,-0.14509577164426868,-1.4679269487005755,3.0436988307264974,0.22023989990668416,-0.476398464797388,-1.364213545352383,-1.3877127022426747,-0.4545096693924771,0.2780100599983268,-2.717892086707626,0.24766310910108155,1.2689790146528797,1.1931817493172883,0.6712396187124632,-2.156052531205167,0.1396310353603939,-0.7387841018996713,-0.1944948383993147,-0.5999786503097835,-1.485223896814934,-0.18809332849579086,-0.606402222110659,-0.543844880070033,1.034295172227667,-0.8017498789172621
3.237957976348853,3.3437815276884804,-2.94332786348627,-1.5040317571323947,1.1907910841109575,0.1647055295167551,-0.9664270349208905,1.1918166391283609,1.22754523817495,1.5555377451098302,2.185018395778906,-3.489093522368807,-0.5751891603762832,-1.8804863804572065,0.1714745295743349,-0.11392728900771017,-1.2336731345122713,2.936885920370553,1.1142586428733474,3.7307002232475033,1.022213766598029,0.9308022701975143,3.971909737591154,0.051232722563986144,1.182289298901851,-0.7640641614953443,0.8179020892090847,-1.3902296852914018,1.5972814049663548,2.0545832713040415,1.597030491071165,0.08728482418689584,-0.7684412262175695,-3.1236443421027613,-0.9144629318970497,-3.543394526268117,3.0284782469747005,2.412357759160649,0.43432694367571034,0.41404873236131823,3.122643212120943,0.056438099103341056,-4.182072079133353,-0.4836590366400822,-0.730139086507732,4.896938763247732,1.1653311161202335,-0.2540389147681212,0.42055428570962816,-0.4875758383505433,2.7761904886603923,-0.31781073187191183,0.48629270113930867,2.186004731922812,1.880546862363848,1.4895539451018343
1.3795421467803177,1.2623591111904189,-1.1209737049021662,-0.4934861031383667,-0.08517297022670973,0.4433037224105744,-0.19063597110535443,0.5733510147534645,0.5083906400600463,0.5763225212709132,1.0028328353606233,-1.390480852171698,-0.4122501399578558,-0.9405513217944772,0.1102562768137968,-0.30323364928638774,-0.7856819606051353,1.1142586428733474,0.5278782426918998,1.3620706494782682,1.0051013472172692,0.43766365935948365,1.446975440640152,0.36468270109109835,0.2507395321686215,-0.25425913775954245,0.2076456301348012,-0.13021642340761344,0.7164720482256882,0.5181602442819283,0.2806032388570352,0.0729726686944436,0.09939343046344411,-1.578378624120277,-0.3184658706383984,-1.013179366844449,1.2218196523070137,0.9960810821631196,0.20765958290916306,0.05364926993384894,1.5566456390367274,-0.02636386257443294,-1.5752161634405908,-0.40526161706193387,-0.34729796278568115,1.945945968519288,0.2920322296604224,0.08234144279993538,0.16307934890995124,-0.033262757035118044,1.1917085242145877,-0.04817556509710574,0.3325671808186157,0.7859506487620024,0.37486489587140265,0.6287290518273102
4.011771934983511,4.566355285670778,-3.918459290702955,-2.2746266280094347,2.8844395287799993,-0.7191612192080765,-1.8037939775586447,1.3229722652646085,1.4734600938871296,2.238100323641008,2.5123345126678025,-4.502431077424005,-0.4551609941007895,-2.1334223891092026,0.32847171059023195,0.32800809109344403,-1.0669133779661553,3.7307002232475033,1.3620706494782682,5.103179497738611,-0.026303773149936375,0.9580192857889754,5.205844303812214,-0.631148329965936,1.9334402500919428,-1.1356122619141924,1.298276136670589,-2.727582132431059,1.9059588418233546,3.3179589596657095,2.754931985071907,0.09358189544160424,-1.77946846231542,-3.2581891870372424,-1.23718252054164,-5.604590320331648,3.9783043675104195,2.9003411398848575,0.3768116006593798,0.728291175578857,3.516109365277332,0.2270263200586195,-5.796493536377025,-0.19954649034218472,-0.7616154430532077,6.370783508825003,1.733919134691223,-0.7159677713662407,0.5022859329023643,-1.0417067340163069,3.5735532577430593,-0.537241636121101,0.61347256137462,3.060510051637449,3.3451839258153426,1.8762087308262443
2.1659996626733364,0.21270798469919355,-0.5974332899081054,0.869029608487366,-6.077061807784106,4.592447699546668,2.18857077521241,1.531606237363848,0.8698450862558279,-0.3755135271422624,2.402291152666632,-1.321860043217059,-1.9812783914796417,-2.4669330540190186,-0.09978194939307762,-2.648601295442925,-3.352637639186461,1.022213766598029,1.0051013472172692,-0.026303773149936375,7.134116242797457,1.3414684922871953,0.6877047628860277,3.6307402661773946,-1.7001875696775695,0.3422019614653193,-0.95234271222685285,4.146839058593047,1.4083191650447848,-2.491960927531137,-3.0259003264582134,0.22918876771012844,3.846120343678722,-5.014828028098419,0.08015588033457764,3.586242748005644,1.0968997148877657,1.7019145929866446,0.828664680484679,-0.8799727809089467,4.111684955031636,-0.6402795350048901,-0.03442472191568075,-2.423879086208714,-1.1191188787475181,1.7208950522642712,-0.9997223010075623,1.8722813612435025,0.18994925527696904,1.7544843667117052,1.481790751061561,0.6210527143454191,0.9017737484377213,-0.22103256365323523,-3.722771977214584,0.843545562273601
1.1451815322686527,0.8778355740391973,-0.819010544731815,-0.23211545848893902,-0.6389317321584903,0.7356295085873585,0.09152858813735601,0.5414826947749206,0.45824648349736463,0.35890626441493245,0.9069501311165828,-1.0979255499386629,-0.41104139271011825,-0.8422266167177929,0.023832151383701428,-0.4167265276159415,-0.8209464418478127,0.9308022701975143,0.43766365935948365,0.9580192857889754,1.3414684922871953,0.4657892916475085,1.1308467511132565,0.570491041363766,0.02794030097880725,-0.12552452138863884,0.06738737085324763,0.2850485681921721,0.6307588554980808,0.11941231182635764,-0.06058263390602633,0.0636412700754902,0.3965548438839198,-1.563624307458546,-0.24399805011047693,-0.36656650229432935,0.9031575171835837,0.8922670628501647,0.26192015602179874,-0.03944283613379847,1.4187905913709495,-0.09395228638641877,-1.041837820864557,-0.48510391233215583,-0.3456515989231231,1.5006395127447172,0.15107887426498384,0.2256318682375701,0.16649503431967871,0.15434395722860392,0.9168143225093087,0.006206985625503482,0.21943573001435912,0.5048515467589944,-0.09213395313340787,0.514569955274144
4.314904511083501,4.661015686425869,-4.0864768131480105,-2.2181024820470556,2.3252398541627413,-0.24054004547424024,-1.5831297920341256,1.4995486290584723,1.610628921473418,2.181461163332646,2.8273125234891983,-4.73199538011557,-0.6438475593853565,-2.3832638368616124,0.2477264879518289,0.10167518546017146,-1.3727831912835424,3.971909737591154,1.446975440640152,5.205844303812214,0.6877047628860277,1.1308467511132565,5.475353076017385,-0.320154216151993,1.8576910707961072,-1.1276504040596909,1.2398040261507914,-2.3932787623893046,2.0722763104758726,3.172307138796721,2.567281618986099,0.08560639489939782,-1.4949675546702585,-3.8384011340307094,-1.256933454945569,-5.3145397674671395,4.167964907070096,3.176252902673716,0.4897555358175606,0.6902104209955989,3.932114130580262,0.15979556882880236,-5.880125983451283,-0.42964988649952995,-0.9219715718165462,6.6819118481842255,1.7337828111413967,-0.5610332718593183,0.5273715792815646,-0.8806456113285042,3.7430478909921425,-0.5018019010491209,0.6313992179157504,3.1059449138460433,3.0253421823547044,1.9845419593811238
0.6049562786907632,-0.4444614770805935,0.19914573316315487,0.7233300150475083,-3.450017336269846,2.4070605179111917,1.319664253274504,0.6219455297923364,0.2608901492869494,-0.4251930629551759,0.8968220740340003,-0.12442976169176846,-0.9408384780110592,-1.0059430868449717,-0.059163584500110486,-1.3937006604575548,-1.5964862956479389,0.051232722563986144,0.36468270109109835,-0.631148329965936,3.6307402661773946,0.570491041363766,-0.320154216151993,1.944846407683287,-1.1336278152171022,0.3235670212007895,-0.6456922207517953,2.458968697682814,0.49491894581902063,-1.7029089118168097,-1.9062404263787753,0.12324776065671318,2.20673952369117,-2.151084753627107,0.1804492137765357,2.4843941286681646,0.05347502622879854,0.501287938463921,0.37946844329150436,-0.5582562803347701,1.6910523619701254,-0.3560085695984592,0.6895742011839767,-1.2125635441487532,-0.4561643416310644,0.08858552680243417,-0.7457138064831363,1.0510449846898358,0.0537186598754733,1.0234084876548402,0.3315642860205906,0.38462917979186095,0.39878708171074856,-0.4987158158344484,-2.2988199819023416,0.21002863284307108
1.0243565379614357,1.6808598047500418,-1.3914536922852394,-1.083933636331997,2.556236628706086,-1.3379545637016736,-1.1877038382657366,0.13081163031494875,0.35024528687433387,0.8761747960533258,0.41691610590765976,-1.39164793084522,0.26553853614935063,-0.21397651940002788,0.10585362097241546,0.7560557352630293,0.41925718672016266,1.182289298901851,0.2507395321686215,1.9334402500919428,-1.7001875696775695,0.02794030097880725,1.8576910707961072,-1.1336278152171022,1.190995663042687,-0.5354434998555873,0.7217209366238613,-2.0482847202011856,0.37003326643379253,1.9060232682474225,1.8119468438760433,-0.04718507339418527,-1.639326734636702,-0.04842552674544804,-0.46330911662159047,-2.9436507216091834,1.2932297846351741,0.7048100578923848,-0.06980872554839739,0.5212153027825843,0.32033912268210185,0.24674065491106884,-2.2063904605317526,0.5023831312171205,-0.05678878287036781,2.02919627675507,0.9296335268509095,-0.7349720283054156,0.10682644701317556,-0.8228093636925937,0.9931736785870661,-0.3530263614283593,0.01570951669098587,1.241363134495382,2.152794579708987,0.49586754207761935
-0.808540953231482,-1.021836374596796,0.8778068279699459,0.5723763085240026,-0.9576485687471641,0.37346175651285546,0.5127506692964078,-0.21855499335036319,-0.2764511575224747,-0.4950872693445453,-0.4679932002528844,0.9404322220280477,0.04678635808858427,0.3722131364648104,-0.07863544123337926,-0.18575544407920674,0.07988155096399033,-0.7640641614953443,-0.25425913775954245,-1.1356122619141924,0.3422019614653193,-0.12552452138863884,-1.1276504040596909,0.3235670212007895,-0.5354434998555873,0.29050586248390564,-0.3337019591283962,0.8220431451036071,-0.34965833309440286,-0.8944717735149492,-0.7754636734059952,-7.715648043331116e-4,0.5958686217764779,0.4879745777930761,0.25663678042781923,1.4177800102009894,-0.8802514893391196,-0.5530117617423488,-0.018950402576689913,-0.22015769102492,-0.5918020848079276,-0.09310089792374233,1.3302362348436119,-0.06458331948447844,0.1314574641064279,-1.35972007258613,-0.4348430097685027,0.2576324549552736,-0.07015352577868451,0.33032864902990833,-0.7463449814274915,0.14347310223077508,-0.1348320507456876,-0.7189486194658519,-0.9340969667569983,-0.3730362985702718
0.7310314867935501,1.1280841724521886,-0.9178050981201185,-0.6904203333445377,1.5361312111723815,-0.7876300927624914,-0.7435628656573453,0.1322692998995649,0.26072549976910403,0.6106963566291055,0.3213279239682744,-0.9675386966104901,0.14943886066264622,-0.20974720296935115,0.08812439383130752,0.43785978870719416,0.1793586290180122,0.8179020892090847,0.2076456301348012,1.298276136670589,-0.95234271222685285,0.06738737085324763,1.2398040261507914,-0.6456922207517953,0.7217209366238613,-0.3337019591283962,0.45678888934288764,-1.244349148919514,0.29542786985426434,1.1758667306552932,1.1063538171426608,-0.010159277424105079,-0.968190877386325,-0.16304741865646652,-0.32485948268542925,-1.8923368719172953,0.8634606481277426,0.5152581305461874,-0.011756805851492566,0.30511626928990354,0.3396353692251326,0.14151875343836653,-1.4616348238235823,0.27251040944018107,-0.04829697749073721,1.3889557812644207,0.5794326116299038,-0.4317010935886893,0.10195975898079816,-0.49604113387976023,0.7044732683784499,-0.2203180512858517,0.02666841672442931,0.8061794380561151,1.3404587435097715,0.36257920650228553
-0.895167114600984,-2.3138265992005382,1.774194983302153,1.7314738364547542,-5.077842289956225,3.0321361295233946,2.2250167066872537,0.18803096265846644,-0.2749548651735755,-1.3736342726089148,0.03070117923489316,1.6300082326346035,-0.8755937656569783,-0.29226057778646425,-0.21476435885434708,-1.7055884640733538,-1.386816940848832,-1.3902296852914018,-0.13021642340761344,-2.727582132431059,4.146839058593047,0.2850485681921721,-2.3932787623893046,2.458968697682814,-2.0482847202011856,0.8220431451036071,-1.244349148919514,3.875965124858867,-0.18704961281133417,-3.2507605202831686,-3.24935937941993,0.09909761714253547,3.2060795265686295,-1.1707118167943917,0.6847577943496505,5.047855432857597,-1.5209871590775992,-0.5562046575381671,0.2974610587264071,-0.9202038380636991,0.5257921146906337,-0.5008351880507579,3.0901901137573415,-1.2973476831152635,-0.22241266776974075,-2.4129745524746133,-1.518024088088604,1.4785155545477364,-0.12692347793496123,1.5827110726429339,-1.047872638401975,0.6443949826137249,0.1800406640598923,-1.7809302628894639,-3.9441765106082545,-0.5011955979606891
1.926335593038808,1.7498543863989207,-1.570927959465629,-0.6729633477368343,-0.13623694614990361,0.6378966204312291,-0.24310735196114328,0.8016221424440311,0.7252814152023425,0.7793518135381745,1.4077719309139893,-1.9477175045162616,-0.5541914846364416,-1.2905066445244657,0.11379492441408279,-0.4042554849450008,-1.0730856027693114,1.5972814049663548,0.7164720482256882,1.9059588418233546,1.4083191650447848,0.6307588554980808,2.0722763104758726,0.49491894581902063,0.37003326643379253,-0.34965833309440286,0.29542786985426434,-0.18704961281133417,0.9982455391605239,0.7293065981819072,0.41528983494452404,0.08826266695730223,0.11336863126543548,-2.215532266693533,-0.454349891449468,-1.3916807499359638,1.6926271974000218,1.421845368726191,0.3111586211970366,0.08737452504897489,2.1424519260374186,-0.04526459913879167,-2.1689888083730486,-0.5571829444178814,-0.4982001881710382,2.718868977935903,0.4408451446832712,0.10991891582720247,0.23717290197650334,-0.037040491626021056,1.633138136876586,-0.07723802894373968,0.4075296919803899,1.0923695089575356,0.5101138033603511,0.8738160342792265
1.8841251532715353,2.909715747495592,-2.403670191070353,-1.8162356690290478,4.027687874922891,-2.0434623338527036,-1.9312555985949558,0.3193341048104606,0.6423664496127072,1.524820507283089,0.842930915829135,-2.4655083757945353,0.3298664788213803,-0.5391525480127216,0.22393100801302335,1.1208047374985837,0.48686811141104497,2.0545832713040415,0.5181602442819283,3.3179589596657095,-2.491960927531137,0.11941231182635764,3.172307138796721,-1.7029089118168097,1.9060232682474225,-0.8944717735149492,1.1758667306552932,-3.2507605202831686,0.7293065981819072,3.096729895745463,2.8910058594039145,-0.04578535897999632,-2.5423337119161524,-0.3766389066434288,-0.791757475901736,-4.867886908958758,2.2819340066436533,1.2848221701748972,-0.08115959291114258,0.8184530489867649,0.8382129890277704,0.38865167218260005,-3.8097620965898673,0.7075780943995867,-0.1424952900058513,3.5796150157560698,1.4959853726257941,-1.1374911654370334,0.20127087502725377,-1.309995880724422,1.82419213731264,-0.5597142764118411,0.1291901612062371,2.1120988601667645,3.481585940186165,0.9115387904812838
1.2608208051499201,2.3671504852127603,-1.9008392079418435,-1.6019588692778512,4.135836743471698,-2.3028000921150977,-1.8777746429183575,0.0594131647559037,0.42828772906669443,1.3054374437189187,0.36962423960343177,-1.867026548565361,0.5698896411718315,-0.09299671009875175,0.17286456095501432,1.3035653867399812,0.8723242390151763,1.597030491071165,0.2806032388570352,2.754931985071907,-3.0259003264582134,-0.06058263390602633,2.567281618986099,-1.9062404263787753,1.8119468438760433,-0.7754636734059952,1.1063538171426608,-3.24935937941993,0.41528983494452404,2.8910058594039145,2.8113932906696237,-0.07411932968845468,-2.635227412046128,0.35862933158100574,-0.6814721524471846,-4.501809696783841,1.7152652514692286,0.8586023620194092,-0.15581987530218563,0.7985526812254669,0.11698080095505169,0.39833509947068957,-3.1153385963191815,0.921536643628474,0.030521447688867758,2.7244417381166612,1.394893118226773,-1.1948195331472,0.15957054636316398,-1.3103179084972594,1.2827413440445077,-0.5560516570419614,-0.06708409072905892,1.7655904457782419,3.3733687839301836,0.6401066067396654
0.13566523468125216,0.09214212228744321,-0.0692902036512263,-0.010012262787988654,-0.15010174848184504,0.12203439038521896,0.027102787188616424,0.07645345104545549,0.05234665303095537,0.059150526273683585,0.10758062662415653,-0.12366782847062915,-0.06401491457258003,-0.12757453967850702,0.02893743959912995,-0.0856168446652341,-0.14509577164426868,0.08728482418689584,0.0729726686944436,0.09358189544160424,0.22918876771012844,0.0636412700754902,0.08560639489939782,0.12324776065671318,-0.04718507339418527,-7.715648043331116e-4,-0.010159277424105079,0.09909761714253547,0.08826266695730223,-0.04578535897999632,-0.07411932968845468,0.02380146291462123,0.11988568343159452,-0.2180068385618742,-0.027896354970407343,-0.003046802520696855,0.09173503664667153,0.09723474675933784,0.035769939052348446,-0.03315647140099427,0.21922859826220806,-0.018467642819928142,-0.10547060150276495,-0.08544237982315529,-0.03334741100574565,0.16144880530185302,-0.02283285625572095,0.0569597643166688,0.029107042855284565,0.04090730889846264,0.12357179955124813,0.01344764785556415,0.0539403961431278,0.03738263394171406,-0.05813535480772585,0.06853229807604351
-0.2398439785208498,-1.4644859834216142,1.0794767619085517,1.2634584867027439,-4.282937195047562,2.694347479863088,1.7821162643677442,0.3714265574686522,-0.047063018457798984,-0.9172757226004645,0.3903052719004323,0.8509018036813847,-0.8903821949614794,-0.6049890840462224,-0.11666300293158269,-1.5498871759713888,-1.4679269487005755,-0.7684412262175695,0.09939343046344411,-1.77946846231542,3.846120343678722,0.3965548438839198,-1.4949675546702585,2.20673952369117,-1.639326734636702,0.5958686217764779,-0.968190877386325,3.2060795265686295,0.11336863126543548,-2.5423337119161524,-2.635227412046128,0.11988568343159452,2.7414194899916895,-1.5628515112445889,0.4552788024568654,3.838992750816678,-0.8219159218709692,-0.10919532431416283,0.32071277266101367,-0.7615788352111013,1.0372822905585009,-0.4274744798908176,1.9943429064238485,-1.2415945898139125,-0.30515632727443753,-1.3024336968484742,-1.1817919613392704,1.274442622865801,-0.04341421240701149,1.311940822183276,-0.4213405234181572,0.5262023538853753,0.2971833984673601,-1.202525538059663,-3.1605368658512267,-0.1821756202093945
-4.103916426829713,-3.079499567542609,2.940282222973188,0.8455105045562763,2.4354473205398843,-2.781150519871911,-0.3899620093517381,-1.9292200483370667,-1.5619598362897784,-1.1648107426458831,-3.309931161061396,3.8238579621865645,1.6872152227361137,3.1049493429750474,-0.13162606839640023,1.653676237284775,3.0436988307264974,-3.1236443421027613,-1.578378624120277,-3.2581891870372424,-5.014828028098419,-1.563624307458546,-3.8384011340307094,-2.151084753627107,-0.04842552674544804,0.4879745777930761,-0.16304741865646652,-1.1707118167943917,-2.215532266693533,-0.3766389066434288,0.35862933158100574,-0.2180068385618742,-1.5628515112445889,5.630336129527126,0.7382835929172834,1.0639022206166289,-3.3275623492673323,-3.068022786439436,-0.8292000828292551,0.14904130025915419,-5.149761247340799,0.30674808027193984,3.741354627545617,1.8357178140313248,1.282080563923895,-5.305123925904845,-0.4155885896093694,-0.8587986799236214,-0.4562387400094175,-0.5694714765694612,-3.333426664859914,-0.09117636213503727,-1.0198607708237921,-1.8095452022071137,0.47974004401928344,-1.7980290185512597
-0.9308879397427966,-1.0863091795443773,0.9095547971566003,0.5331562759880727,-0.7309791726370718,0.22288409815889704,0.4489538544437457,-0.3079487629043299,-0.3594640177555455,-0.5632087468688247,-0.5621692705269321,1.075909112346689,0.049000535778075664,0.4747139160037004,-0.07538064642153934,-0.120981299532815,0.22023989990668416,-0.9144629318970497,-0.3184658706383984,-1.23718252054164,0.08015588033457764,-0.24399805011047693,-1.256933454945569,0.1804492137765357,-0.46330911662159047,0.25663678042781923,-0.32485948268542925,0.6847577943496505,-0.454349891449468,-0.791757475901736,-0.6814721524471846,-0.027896354970407343,0.4552788024568654,0.7382835929172834,0.32340746703356194,1.3900468381445237,-0.9042478506835062,-0.6996261095525921,-0.11021479901323027,-0.17044176713010756,-0.8017906241157223,-0.04853234093705774,1.3582381531642704,0.016923661688998313,0.15958502323109375,-1.5015385590649668,-0.43188664297040125,0.18349057000586647,-0.15263439677496138,0.2539448557330139,-0.8256621081678391,0.142835715189112,-0.09289162916730476,-0.7155981651216252,-0.8331391412873423,-0.4495391990804429
-3.3175316915595325,-4.911085971666365,3.988568172158868,2.938979420374038,-6.20171958947684,3.094333563521852,3.0889756487907443,-0.6872856681901556,-1.1687892466533782,-2.6685122391025526,-1.5479362389831968,4.272285377218215,-0.47194733995194726,1.1310633951557068,-0.448972045575024,-1.6615185578459,-0.476398464797388,-3.543394526268117,-1.013179366844449,-5.604590320331648,3.586242748005644,-0.36656650229432935,-5.3145397674671395,2.4843941286681646,-2.9436507216091834,1.4177800102009894,-1.8923368719172953,5.047855432857597,-1.3916807499359638,-4.867886908958758,-4.501809696783841,-0.003046802520696855,3.838992750816678,1.0639022206166289,1.3900468381445237,7.953207174047245,-3.822468958134636,-2.3039169755037334,0.016624696564020047,-1.2223370644053142,-1.8375970150320666,-0.5743669843627545,6.362380180202335,-0.9804932465391065,0.26287229576516324,-6.123371824918249,-2.3663772200071254,1.711075068952858,-0.4513969489727829,2.0228623615659926,-3.2074980541808937,0.8893612040389663,-0.27349150348048373,-3.466882138597845,-5.53266319942652,-1.641750070597322
