V1,V2,V3,V4,V5,V6,V7,V8,V9,V10,V11,V12,V13,V14,V15,V16,V17,V18,V19,V20,V21,V22,V23,V24,V25,V26,V27,V28,V29,V30,V31,V32,V33,V34,V35,V36,V37,V38,V39,V40,V41,V42,V43,V44,V45,V46,V47,V48,V49,V50,V51,V52,V53,V54,V55,V56
37095.65977018187,-9421.995034433592,100774.68728594478,71929.63746640526,9924.85219268822,28248.294082823064,-79761.15489085467,127708.59294760141,138444.77997366435,-19013.434805041878,-164706.0893323155,-34381.13859931983,-75679.5004251362,-16470.751951004728,-59985.67126622124,53741.221428711455,-17346.862989091576,46342.81017932271,26430.42253015327,76417.20127606839,143563.07516880098,-185221.06552984143,134827.65654985394,111001.56389410014,-29409.05660582024,-26621.96181319762,7045.093743599741,46209.78812001535,-160499.41956594295,17020.167652449578,5231.524758028878,65132.03727602429,22838.969123911407,-162361.61986639266,-66100.90064506324,-115728.63349686482,71344.35494296593,155748.29908780646,80666.77067486156,100307.3916643867,59003.02542004015,62725.370988969255,191272.63590247618,-40231.79048801767,167474.030894541,32307.150691272327,45762.62283168171,-175749.28707075486,-227513.5203774248,-90525.21357354756,-46830.69584890576,-43684.029538043535,29583.970242793166,100357.21004201601,-1616.9995611391428,27530.013737111032
-9421.995034433592,2393.1825988589794,-25595.315556678295,-18269.070955096355,-2520.5619614932534,-7174.450157588315,20258.308802817588,-32436.378761831536,-35162.99432307658,4829.099116181152,41832.86470850027,8732.302120853843,19221.438939958367,4183.36314827763,15235.654034170144,-13649.39029933001,4405.933460014556,-11770.31620120474,-6712.975726659457,-19408.64423272374,-36462.90623438974,47043.68852182373,-34244.54676968707,-28192.984478989674,7469.525323464378,6761.605983251174,-1789.3293272523288,-11736.576407994515,40764.61989447229,-4322.877623118605,-1328.8149115827105,-16542.483452126322,-5800.517763191738,41237.7728431815,16788.541404945274,29393.56844093791,-18120.36834901567,-39558.00349314339,-20488.304805797914,-25476.639604083877,-14985.954862174012,-15931.550563457437,-48580.6667754009,10218.316648867081,-42536.428041996,-8205.640360019914,-11622.976931082421,44638.04703491514,57785.28385344802,22992.26046841007,11894.309985317794,11095.119441137156,-7513.867668520601,-25489.224560325638,410.7223380950574,-6992.110411455629
100774.68728594478,-25595.315556678295,273775.5543996102,195412.40459899273,26965.665177840434,76745.31595280551,-216686.53759360238,346943.8652207612,376113.6245686294,-51654.52765384763,-447459.8433912973,-93404.2327225371,-205599.70877973357,-44745.76018919701,-162960.38156611283,145999.99278371214,-47124.66533445745,125901.35344109117,71803.58670028814,207607.01659901696,390019.77890828776,-503188.21651952754,366282.8407127862,301555.9610385329,-79895.10491910005,-72323.77623645219,19139.618675128266,125538.87662548674,-436028.40144073963,46239.37755250757,14211.781504506811,176946.8816198701,62051.06686238904,-441085.4247020331,-179578.6981408822,-314398.1414806154,193823.09077153992,423119.7984968983,219146.5018483669,272505.12491119653,160293.53703971245,170403.53591759226,519628.6833384778,-109297.42255346916,454971.56713225064,87767.53106458444,124324.32634064376,-477456.2755193496,-618085.79434327,-245928.24131082412,-127225.54225989088,-118677.118321808,80371.34406490644,272641.5757882825,-4392.4348965159425,74793.45541457589
71929.63746640526,-18269.070955096355,195412.40459899273,139479.35913947533,19247.401487739284,54778.65888394872,-154663.9068173834,247637.53636841555,268458.09154527605,-36869.422562201646,-319382.86891628586,-66669.09642101909,-146750.69845567716,-31938.121241973313,-116315.77118933255,104210.28031526816,-33636.017749078914,89864.56903958465,51251.13076949363,148183.67126630616,278383.99784605997,-359159.7393027774,261440.92975216874,215241.00590045555,-57026.616392287935,-51622.3871408871,13661.25708579102,89605.79179341352,-311223.30359454243,33004.24567677644,10143.915096407902,126299.2890970251,44290.37088076032,-314832.72962499555,-128177.74274392755,-224407.32276156457,138344.94887641325,302009.4165639506,156419.7460895428,194505.50973135265,114412.56296741294,121628.51316486529,370894.4571286995,-78013.00607170664,324744.00720680575,62645.60232096766,88738.8632488807,-340793.1250340157,-441170.1472982451,-175535.66082903033,-90809.58623604628,-84708.01591149242,57366.538024180365,194603.04988109937,-3135.1803308976423,53385.36552928563
9924.85219268822,-2520.5619614932534,26965.665177840434,19247.401487739284,2656.819187718509,7559.964549762581,-21342.200083573814,34171.46285564334,37045.346236796184,-5087.904356329168,-44073.17099903905,-9200.07772674489,-20250.835777047432,-4407.127081323114,-16049.9485734104,14380.61228122396,-4641.099430974685,12401.140895759348,7072.258439408747,20449.442341450933,38415.40322249846,-49560.74947290851,36075.87701086018,29701.031886109766,-7869.099790635332,-7123.461152646001,1885.2176896667938,12365.148365281988,-42946.33273736282,4554.492809829895,1399.5574578404023,17429.0647441935,6112.963478243542,-43443.78802619639,-17688.223990149243,-30965.963341134553,19091.057735076254,41674.50578991449,21584.438347523188,26840.296231639,15788.068261198094,16783.074468881823,51180.119440349175,-10765.119558803435,44810.68666782631,8644.246366196965,12245.594758331594,-47026.25462648397,-60878.02324175367,-24222.08637214039,-12531.179412955167,-11689.225785874925,7916.306781615653,26854.080882404654,-432.50714483398036,7367.481127657966
28248.294082823064,-7174.450157588315,76745.31595280551,54778.65888394872,7559.964549762581,21514.476502095735,-60741.43704359197,97255.03871353797,105432.77944465753,-14480.092015454966,-125433.25663177576,-26183.505763856192,-57634.37693852376,-12543.109424170561,-45680.329272221774,40927.330844044925,-13209.578795286578,35293.435707890276,20128.03704173805,58198.08450122287,109331.43520144804,-141053.58072821202,102675.67708688632,84531.80648493764,-22396.172483438913,-20273.793987223584,5365.301269936585,35191.51846925874,-122227.81828622535,12962.042833051863,3983.6495057097786,49602.79060688945,17395.629271348706,-123644.7140775988,-50340.43830131631,-88131.75384339008,54333.302200691265,118608.76264473029,61430.973347693514,76388.87528904573,44933.76536562586,47766.85930917704,145662.29964286904,-30638.244561546057,127536.34513513805,24602.651245046058,34851.09605939721,-133840.37221298518,-173262.36613455028,-68938.22425301495,-35664.133967959344,-33267.86765925538,22529.931819986086,76427.5904339317,-1231.1830009668365,20966.980516779455
-79761.15489085467,20258.308802817588,-216686.53759360238,-154663.9068173834,-21342.200083573814,-60741.43704359197,171502.35030689326,-274597.88115007896,-297684.6063000489,40883.17541999763,354153.1128821045,73927.02973451374,162726.8762958868,35415.19190255585,128979.53790253238,-115555.12937944465,37298.19174553499,-99647.52581825745,-56830.81844652913,-164315.17715413708,-308690.7647661054,398261.47205612785,-289904.3902581202,-238674.48392757593,63235.05282140388,57242.54352640392,-15148.499938299712,-99360.74230295174,345105.8267121798,-36597.3016583092,-11248.401531915395,-140048.7400341859,-49111.26309938408,349108.72076998535,142131.7789060535,248838.74619849114,-153405.95028331788,-334889.2753940124,-173449.3176225025,-215681.1335290953,-126868.32299080766,-134870.6447892911,-411273.60345558455,86506.28435280432,-360099.72645132936,-69466.04905342216,-98399.44348459243,377895.3300369232,489199.8100713929,194646.52496530022,100695.85384807338,93929.99371834083,-63611.87702156478,-215788.87788822866,3476.5388782493883,-59196.865677051486
127708.59294760141,-32436.378761831536,346943.8652207612,247637.53636841555,34171.46285564334,97255.03871353797,-274597.88115007896,439668.0784862798,476632.6712973007,-65459.351648056945,-567045.9799774272,-118366.93117546456,-260547.42404964945,-56704.543244067696,-206513.69742710498,185019.1967292567,-59719.63271326832,159548.8576344939,90993.6380838557,263090.12690850324,494254.9493996644,-637669.8056948456,464175.96150435397,382149.82074137527,-101247.87669121778,-91652.88184133389,24254.746676160918,159089.88459537522,-552560.5053415418,58596.9848004308,18010.263170998787,224236.40657322283,78633.17434031627,-558969.7704997044,-227571.66815667105,-398424.0973821398,245623.1878234867,536202.3808705676,277715.39344995137,345334.1847681011,203133.27826260365,215946.06320128526,658504.0528435683,-138508.08086087092,576568.01682031,111224.52417049477,157550.62355424752,-605060.820866121,-783274.1004596545,-311654.998308793,-161227.33736602616,-150394.25915171523,101850.99377219666,345506.7606756912,-5566.522439597903,94781.67587229682
138444.77997366435,-35162.99432307658,376113.6245686294,268458.09154527605,37045.346236796184,105432.77944465753,-297684.6063000489,476632.6712973007,516706.02718028007,-70963.10504714576,-614721.5217293631,-128318.93512178861,-282453.4636236485,-61471.892359467456,-223875.68433670624,200575.21194975494,-64740.14434150165,172963.5515578889,98643.96118105654,285210.8613450939,535810.2537076579,-691281.6365687043,503200.7468745395,414278.6328790628,-109760.186769249,-99358.6312948139,26294.061058188443,172465.67726054654,-599017.2069608181,63523.715494922166,19524.21571753997,243089.97923246346,85245.63370555398,-605964.654216828,-246705.61816813247,-431921.25428615377,266274.62655839307,581283.3728436286,301064.1767202619,374368.39488105156,220211.7687613672,234101.05075887553,713867.6293057861,-150153.1658515745,625041.6482914684,120575.3990520721,170797.1027767493,-655930.9763977752,-849128.1795054588,-337857.0550962033,-174782.79365477397,-163038.91032912733,110414.36590591796,374555.8009819785,-6034.3819060862115,102751.26464643028
-19013.434805041878,4829.099116181152,-51654.52765384763,-36869.422562201646,-5087.904356329168,-14480.092015454966,40883.17541999763,-65459.351648056945,-70963.10504714576,9745.938677342227,84424.4385787865,17623.060706929635,38791.50915917233,8442.369733875794,30746.3104406628,-27546.562070313805,8891.13652707258,-23754.494763064307,-13547.5064901209,-39170.4265372489,-73586.92452002803,94938.68224842324,-69108.03749128735,-56895.80667872011,15074.14956073338,13645.642853364427,-3611.1709439432934,-23686.04405544955,82267.43325757091,-8724.22742082554,-2681.3607119970984,-33385.53045477529,-11707.720180633,83221.43864481551,33882.06800114024,59318.80422429553,-36569.594651637366,-79831.82203409018,-41347.29688521825,-51414.77264734554,-30243.321309170857,-32150.654736947745,-98040.59856248515,20621.62071738217,-85841.22752560384,-16559.41862086453,-23456.899913084606,90083.72184833034,116617.03428553428,46400.28633300855,24004.249576602593,22391.38553404695,-15164.056785587776,-51440.59731328223,828.7172972270683,-14111.773622198776
-164706.0893323155,41832.86470850027,-447459.8433912973,-319382.86891628586,-44073.17099903905,-125433.25663177576,354153.1128821045,-567045.9799774272,-614721.5217293631,84424.4385787865,731330.3092840734,152660.31577060788,336033.06678944617,73132.58869207249,266342.69120794104,-238623.10259692895,77020.53704730184,-205773.85696886337,-117356.02653896541,-339314.20733576734,-637449.9533443773,822412.3426032837,-598653.5239904956,-492863.85584845545,130580.77815544882,118206.22009690241,-31281.89557773513,-205181.30101304868,712646.3177109944,-75573.86442149022,-23227.672023374933,-289202.9388509792,-101417.0463770254,720911.2315070678,293504.37522431265,513853.18711940397,-316785.3776125271,-691548.2643533476,-358173.67463083647,-445383.35826470633,-261984.32988486034,-278507.7946357281,-849282.7391185611,178636.05926373685,-743606.4277570201,-143447.39404501198,-203196.27180131298,780355.9288065657,1010201.5640121471,401945.7487490845,207937.94223940495,193966.36870371853,-131359.28622116736,-445606.52772035904,7178.9562725051555,-122243.00222846882
-34381.13859931983,8732.302120853843,-93404.2327225371,-66669.09642101909,-9200.07772674489,-26183.505763856192,73927.02973451374,-118366.93117546456,-128318.93512178861,17623.060706929635,152660.31577060788,31866.901325942483,70144.6514435333,15265.921225113296,55597.006245056116,-49810.94664143181,16077.402733630255,-42954.00016450765,-24497.288293858335,-70829.79131154905,-133063.4468577357,171672.83256322224,-124964.61827858153,-102881.85300421927,27257.837763992557,24674.709035064592,-6529.8732623960495,-42830.230028611986,148759.99397007417,-15775.599778360143,-4848.6350518001345,-60369.30598465409,-21170.36963205854,150485.19294213876,61267.12865407548,107263.20773732777,-66126.90173836517,-144355.85888794978,-74766.24049744771,-92970.6602076043,-54687.480094633676,-58136.48687147963,-177281.83240482927,37289.00938350087,-155222.49766500658,-29943.57700628342,-42415.858063528,162893.92698267434,210872.65559825875,83903.3283234837,43405.64315473697,40489.21603417931,-27420.356098292712,-93017.33655257066,1498.5412223893,-25517.570255315084
-75679.5004251362,19221.438939958367,-205599.70877973357,-146750.69845567716,-20250.835777047432,-57634.37693852376,162726.8762958868,-260547.42404964945,-282453.4636236485,38791.50915917233,336033.06678944617,70144.6514435333,154401.17630263467,33603.12708416203,122379.68809808487,-109643.06930158193,35389.59121636888,-94549.39089060173,-53922.9530365654,-155908.76008916908,-292896.78104156634,377883.635196664,-275070.5386269322,-226462.05466945382,59999.538833553095,54313.61025319575,-14373.469933516899,-94277.16027379682,327448.1594045151,-34724.78626953455,-10672.690872293231,-132883.5146895169,-46599.264947416654,331245.7031493933,134859.96101421834,236106.26438150468,-145557.16137823305,-317753.92877225176,-164574.2998594066,-204645.62124791756,-120377.12892812741,-127969.29852349428,-390230.13585460227,82080.04458484765,-341673.7208776467,-65911.49743467214,-93365.05709929613,358559.4342384557,464169.4076967544,184686.77532567774,95543.7091563864,89124.00873350454,-60357.213521629295,-204748.20874043298,3298.6248151040977,-56168.398240258386
-16470.751951004728,4183.36314827763,-44745.76018919701,-31938.121241973313,-4407.127081323114,-12543.109424170561,35415.19190255585,-56704.543244067696,-61471.892359467456,8442.369733875794,73132.58869207249,15265.921225113296,33603.12708416203,7313.26313023794,26634.337333116615,-23862.16375910915,7702.13344868776,-20577.2085717623,-11735.551964656264,-33931.03858414228,-63744.661176552894,82241.05255532186,-59865.36207426379,-49286.33344111923,13058.072072584067,11820.5769212193,-3128.1636944100483,-20518.031401692664,71264.40840895184,-7557.3088596531015,-2322.807813012488,-28920.024828166326,-10141.386275442384,72091.01561447926,29350.182087451205,51385.241520074254,-31678.311691024617,-69154.66627968734,-35817.27746746655,-44538.16615307401,-26198.366253612192,-27850.831024890314,-84928.08087714306,17863.552860622047,-74360.68717280505,-14344.767813503404,-20319.502985067527,78035.42023645948,101019.8131668365,40194.51081577762,20793.67309933026,19396.514467267127,-13135.839514203726,-44560.436015771535,717.9316817585326,-12224.078667406135
-59985.67126622124,15235.654034170144,-162960.38156611283,-116315.77118933255,-16049.9485734104,-45680.329272221774,128979.53790253238,-206513.69742710498,-223875.68433670624,30746.3104406628,266342.69120794104,55597.006245056116,122379.68809808487,26634.337333116615,97000.76786800087,-86903.92718356432,28050.846918416137,-74940.17098888854,-42739.941938409786,-123573.26005753086,-232152.58609627248,299515.83015405486,-218025.58400335253,-179497.31764613616,47556.49258048689,43049.703722826096,-11392.52047387772,-74724.84341270478,259539.45414229418,-27522.976646015948,-8459.51645163345,-105323.9217741486,-36933.309843376395,262550.2037646425,106890.66646766686,187141.42516745962,-115369.52903944363,-251856.240636313,-130443.97248976893,-162204.62570297983,-95412.22030875164,-101430.97736777017,-309301.74365294556,65057.778371037726,-270816.7385443645,-52242.78630832471,-74001.84175318951,284199.1423240029,367906.231993702,146385.64088843248,75728.86922937633,70640.44629295258,-47839.65252613909,-162285.39755417104,2614.6890789736885,-44518.63514599304
53741.221428711455,-13649.39029933001,145999.99278371214,104210.28031526816,14380.61228122396,40927.330844044925,-115555.12937944465,185019.1967292567,200575.21194975494,-27546.562070313805,-238623.10259692895,-49810.94664143181,-109643.06930158193,-23862.16375910915,-86903.92718356432,77859.58639732123,-25130.754534624608,67141.24914341338,38291.61402712562,110713.68919120985,207991.22351442397,-268341.75713329593,195332.34008684734,160814.61517813412,-42606.712005256144,-38569.05347823381,10206.876285766264,66947.92762558245,-232526.71832948245,24658.659671147452,7578.800447613636,94362.98831484767,33091.085706878766,-235223.28666390062,-95766.53231632899,-167663.15994250032,103362.75107058568,225642.5954821928,116867.05657131081,145322.50267003514,85481.91866390852,90873.1382926332,277109.2650374854,-58286.49152611211,242628.30712963876,46804.879910653326,66300.24316808334,-254619.2293231834,-329614.856386469,-131149.2495425856,-67847.28303002747,-63288.51321407408,42860.7520255637,145395.39607604145,-2342.4022985154133,39886.2082604184
-17346.862989091576,4405.933460014556,-47124.66533445745,-33636.017749078914,-4641.099430974685,-13209.578795286578,37298.19174553499,-59719.63271326832,-64740.14434150165,8891.13652707258,77020.53704730184,16077.402733630255,35389.59121636888,7702.13344868776,28050.846918416137,-25130.754534624608,8111.875888022827,-21670.99636367832,-12359.481115936705,-35734.4574532057,-67133.55021466297,86613.9005672078,-63048.77052912354,-51907.05245832102,13752.397483711502,12449.08328665791,-3294.468479163106,-21608.841827995926,75053.46521814157,-7958.987590334056,-2446.3588350514005,-30457.2559900219,-10679.96282058419,75924.24096558895,30910.36893839441,54117.55812868508,-33362.30996606675,-72831.70632367641,-37721.73521800082,-46906.216261568676,-27591.251971256388,-29331.918005781892,-89443.79336319456,18813.382514228237,-78314.96611109226,-15107.638704628003,-21399.738290482153,82184.59158052945,106390.8514394573,42331.78712960884,21899.154185397187,20427.66384891606,-13834.186303185548,-46929.503592519344,756.1633660115472,-12873.609533939818
46342.81017932271,-11770.31620120474,125901.35344109117,89864.56903958465,12401.140895759348,35293.435707890276,-99647.52581825745,159548.8576344939,172963.5515578889,-23754.494763064307,-205773.85696886337,-42954.00016450765,-94549.39089060173,-20577.2085717623,-74940.17098888854,67141.24914341338,-21670.99636367832,57898.593489931,33020.32841642661,95473.00428298392,179358.81257239348,-231400.94276481657,168442.01547628452,138676.2747461622,-36741.328485440885,-33259.5058834057,8801.76599244304,57731.74195947424,-200516.40354351432,21264.209782010577,6535.48622956618,81373.02487368323,28536.13114256908,-202841.66061172096,-82583.25141039887,-144582.01094273297,89133.76811326545,194579.8859072889,100778.75408023501,125316.94873836986,73714.28100477312,78363.10967562823,238961.46774957003,-50262.56188844493,209227.02186909263,40361.45717068978,57173.222864392934,-219567.61300734518,-284239.19905504165,-113094.76563011008,-58507.30393099694,-54576.166882339414,36960.45559833328,125379.92664773698,-2019.8959198748998,34395.68764073548
26430.42253015327,-6712.975726659457,71803.58670028814,51251.13076949363,7072.258439408747,20128.03704173805,-56830.81844652913,90993.6380838557,98643.96118105654,-13547.5064901209,-117356.02653896541,-24497.288293858335,-53922.9530365654,-11735.551964656264,-42739.941938409786,38291.61402712562,-12359.481115936705,33020.32841642661,18832.068409583233,54449.37120610244,102291.13036131032,-131972.10750292405,96065.70585324938,79089.66208360708,-20954.23302515813,-18968.487925252044,5019.771303064465,32925.26650011853,-114357.93330470365,12127.294784997519,3727.378976526515,46408.12629551806,16274.16288775347,-115684.31946334992,-47098.3669362937,-82457.79651206305,50834.29140249897,110972.42230605126,57475.97564333469,71470.38672557511,42040.46004363386,44692.10107308776,136283.94884435929,-28665.626822187012,119326.32827404203,23018.967875231756,32606.72052921414,-125223.37394025856,-162106.45975098215,-64500.086963099864,-33367.66185826246,-31125.665178966698,21079.119399883304,71506.13675423997,-1152.014727626855,19616.18252747429
76417.20127606839,-19408.64423272374,207607.01659901696,148183.67126630616,20449.442341450933,58198.08450122287,-164315.17715413708,263090.12690850324,285210.8613450939,-39170.4265372489,-339314.20733576734,-70829.79131154905,-155908.76008916908,-33931.03858414228,-123573.26005753086,110713.68919120985,-35734.4574532057,95473.00428298392,54449.37120610244,157432.26586223673,295756.6213215079,-381571.67513810087,277754.3863130045,228671.96871336806,-60585.078364977795,-54843.72523265976,14513.824142823909,95197.69592332839,-330644.3729397078,35064.05136496632,10776.70118705056,134181.64385313937,47055.73985440945,-334478.369098972,-136177.1989703166,-238410.3312674679,146978.71195868545,320855.0956579467,166180.46198257606,206643.1886064966,121552.24437299705,129217.6332167015,394038.7214996369,-82881.13078404595,345007.19521615875,66554.41226198692,94276.75192945446,-362058.97356048226,-468700.3378027254,-186489.02805304644,-96476.55896090576,-89994.28794275464,60946.55873189421,206747.20281080776,-3330.6658816082186,56717.68866277249
143563.07516880098,-36462.90623438974,390019.77890828776,278383.99784605997,38415.40322249846,109331.43520144804,-308690.7647661054,494254.9493996644,535810.2537076579,-73586.92452002803,-637449.9533443773,-133063.4468577357,-292896.78104156634,-63744.661176552894,-232152.58609627248,207991.22351442397,-67133.55021466297,179358.81257239348,102291.13036131032,295756.6213215079,555621.0496122375,-716840.0583228661,521805.0470699915,429595.44006127433,-113818.29872936274,-103032.16587920522,27266.24567033555,178842.37371139115,-621164.564842839,65872.48577335232,20246.023257272846,252078.1327175398,88398.05958888654,-628368.6170994344,-255827.37011095072,-447890.35055666,276119.8700782791,602774.8545682493,312195.23178601457,388209.8390386707,228353.7115181074,242756.10177526422,740261.1410265468,-155704.69631437698,648150.5223496995,125033.222837988,177112.1163613894,-680182.4305536889,-880522.9146725021,-350348.3503660605,-181245.08874129198,-169067.04425608792,114496.76456398587,388404.38445979875,-6257.4414132193215,106550.67207498368
-185221.06552984143,47043.68852182373,-503188.21651952754,-359159.7393027774,-49560.74947290851,-141053.58072821202,398261.47205612785,-637669.8056948456,-691281.6365687043,94938.68224842324,822412.3426032837,171672.83256322224,377883.635196664,82241.05255532186,299515.83015405486,-268341.75713329593,86613.9005672078,-231400.94276481657,-131972.10750292405,-381571.67513810087,-716840.0583228661,924840.7175845935,-673214.7074612682,-554248.6718079657,146844.1965368112,132928.2934821242,-35177.79238224153,-230735.1772435956,801403.0619705779,-84985.84065468615,-26120.91851776215,-325220.25414442975,-114045.61921613442,810698.4117599928,330057.59870038886,577852.0591324564,-356238.37992459786,-777678.049813791,-402782.94367851544,-500853.6506318665,-294613.11367749446,-313195.8933623289,-955057.5812686315,200884.45614749313,-836221.696975338,-161313.76558418415,-228502.80154552194,877546.3358032391,1136017.221465765,452006.98731550085,233835.26858510586,218123.5287791668,-147719.1349661149,-501103.96803824534,8073.298924077576,-137466.3088799567
134827.65654985394,-34244.54676968707,366282.8407127862,261440.92975216874,36075.87701086018,102675.67708688632,-289904.3902581202,464175.96150435397,503200.7468745395,-69108.03749128735,-598653.5239904956,-124964.61827858153,-275070.5386269322,-59865.36207426379,-218025.58400335253,195332.34008684734,-63048.77052912354,168442.01547628452,96065.70585324938,277754.3863130045,521805.0470699915,-673214.7074612682,490050.33848440903,403451.67530607997,-106891.61099432413,-96761.80009150118,25606.742746691147,167957.66295810678,-583361.0925094055,61863.08834379294,19014.18727955014,236735.18758874582,83015.58006932873,-590127.8140355118,-240256.5100841015,-420633.1385814776,259314.23226750415,566091.3226503965,293195.7948419234,364583.7059631959,214456.12452864987,227983.53041990972,695210.297852281,-146228.81025602014,608707.4593757957,117424.55953294304,166332.60578474106,-638787.9000552457,-826934.8947726035,-329027.33865173196,-170214.29854367516,-158777.28319163335,107528.26785915988,364765.6742165105,-5876.865328172632,100064.45749814739
111001.56389410014,-28192.984478989674,301555.9610385329,215241.00590045555,29701.031886109766,84531.80648493764,-238674.48392757593,382149.82074137527,414278.6328790628,-56895.80667872011,-492863.85584845545,-102881.85300421927,-226462.05466945382,-49286.33344111923,-179497.31764613616,160814.61517813412,-51907.05245832102,138676.2747461622,79089.66208360708,228671.96871336806,429595.44006127433,-554248.6718079657,403451.67530607997,332156.29564340954,-88002.41490841519,-79662.70809392043,21081.704873381914,138277.3867845365,-480273.4834247373,50931.16934187273,15654.094473860754,194901.24598865063,68346.07329997499,-485844.29554558493,-197800.2454657836,-346301.5722987707,213490.1954290556,466055.42254711123,241384.1852799597,300156.959075141,176558.9145693723,187695.6403721904,572357.340027474,-120388.22392044192,501140.4222803583,96673.97078366177,136939.51963170193,-525905.5890273475,-680804.6438316191,-270883.76532433386,-140135.26210773087,-130719.35270299847,88526.6585372266,300306.86685705755,-4838.296133657408,82382.0446376056
-29409.05660582024,7469.525323464378,-79895.10491910005,-57026.616392287935,-7869.099790635332,-22396.172483438913,63235.05282140388,-101247.87669121778,-109760.186769249,15074.14956073338,130580.77815544882,27257.837763992557,59999.538833553095,13058.072072584067,47556.49258048689,-42606.712005256144,13752.397483711502,-36741.328485440885,-20954.23302515813,-60585.078364977795,-113818.29872936274,146844.1965368112,-106891.61099432413,-88002.41490841519,23315.6305842733,21106.048719763516,-5585.4452426426205,-36635.64293206729,127245.03409024808,-13493.846797912414,-4147.447872088532,-51637.73257195898,-18107.852422466818,128720.95913267213,52405.78330610688,91750.09122295365,-56562.73419668747,-123478.01593087189,-63952.98013213242,-79524.42106343558,-46778.06509514991,-49728.59262446489,-151641.98364272175,31895.990317406828,-132773.50554920064,-25613.06201875896,-36281.16927323477,139334.91462722459,180374.33690774353,71768.67466926412,37127.8317227705,34633.15607570713,-23454.501628995324,-79564.1904107443,1281.8803843859496,-21826.556782090956
-26621.96181319762,6761.605983251174,-72323.77623645219,-51622.3871408871,-7123.461152646001,-20273.793987223584,57242.54352640392,-91652.88184133389,-99358.6312948139,13645.642853364427,118206.22009690241,24674.709035064592,54313.61025319575,11820.5769212193,43049.703722826096,-38569.05347823381,12449.08328665791,-33259.5058834057,-18968.487925252044,-54843.72523265976,-103032.16587920522,132928.2934821242,-96761.80009150118,-79662.70809392043,21106.048719763516,19105.93249621965,-5056.148465987667,-33163.797717056026,115186.48350932183,-12215.109168648103,-3754.361702854068,-46744.26811547755,-16391.94934436727,116522.48074024283,47439.55618327694,83055.26283666257,-51202.52444294869,-111776.46372659439,-57892.41482759262,-71988.23420497433,-42345.01486058908,-45015.93592781524,-137271.39420512985,28873.338737226684,-120190.94736894763,-23185.782497927157,-32842.95254622795,126130.6086704589,163280.9188979619,64967.42936848405,33609.4018910418,31351.129590685014,-21231.841693836355,-72024.20145076406,1160.3684732892198,-19758.208100876782
7045.093743599741,-1789.3293272523288,19139.618675128266,13661.25708579102,1885.2176896667938,5365.301269936585,-15148.499938299712,24254.746676160918,26294.061058188443,-3611.1709439432934,-31281.89557773513,-6529.8732623960495,-14373.469933516899,-3128.1636944100483,-11392.52047387772,10206.876285766264,-3294.468479163106,8801.76599244304,5019.771303064465,14513.824142823909,27266.24567033555,-35177.79238224153,25606.742746691147,21081.704873381914,-5585.4452426426205,-5056.148465987667,1338.056751831464,8776.419870849673,-30482.686096228317,3232.58284706809,993.5176800991559,12370.355803358905,4338.031603908394,-30836.173195423467,-12554.359544414507,-21979.510277034577,13550.161753843251,29580.224167003158,15320.48659390548,19050.81306537356,11206.090223657438,11912.84459498886,36327.1546207662,-7640.971036119261,31806.917404868753,6135.802387439352,8691.519782231617,-33378.8497778062,-43210.282823979236,-17192.783205344713,-8894.327242174451,-8296.69794097051,5618.763044188122,19060.362409695223,-307.0680712145743,5228.81879588487
46209.78812001535,-11736.576407994515,125538.87662548674,89605.79179341352,12365.148365281988,35191.51846925874,-99360.74230295174,159089.88459537522,172465.67726054654,-23686.04405544955,-205181.30101304868,-42830.230028611986,-94277.16027379682,-20518.031401692664,-74724.84341270478,66947.92762558245,-21608.841827995926,57731.74195947424,32925.26650011853,95197.69592332839,178842.37371139115,-230735.1772435956,167957.66295810678,138277.3867845365,-36635.64293206729,-33163.797717056026,8776.419870849673,57565.52909058478,-199939.3749123783,21202.891916919616,6516.729481825501,81138.48979086582,28453.45360233074,-202258.1257221141,-82345.30294422727,-144166.1182800872,88877.00129862971,194020.05477534718,100488.7938894608,124956.307058574,73502.13454930022,78137.84675482883,238273.9485055653,-50117.94572412533,208625.42996967575,40245.45598642116,57008.58898053882,-218935.8385213714,-283421.16284178407,-112769.43596122244,-58338.83693689087,-54418.97675544751,36854.02068913961,125018.98223612839,-2014.146480180224,34296.33369429376
-160499.41956594295,40764.61989447229,-436028.40144073963,-311223.30359454243,-42946.33273736282,-122227.81828622535,345105.8267121798,-552560.5053415418,-599017.2069608181,82267.43325757091,712646.3177109944,148759.99397007417,327448.1594045151,71264.40840895184,259539.45414229418,-232526.71832948245,75053.46521814157,-200516.40354351432,-114357.93330470365,-330644.3729397078,-621164.564842839,801403.0619705779,-583361.0925094055,-480273.4834247373,127245.03409024808,115186.48350932183,-30482.686096228317,-199939.3749123783,694440.7191397023,-73642.94175287531,-22634.489549117243,-281813.8516193873,-98824.67428600446,702495.121403257,286005.5296588569,500726.5671608851,-308691.9243695717,-673882.0371160271,-349023.81903507176,-434005.31204571313,-255291.49859259566,-271393.65671015304,-827586.9765420692,174072.60650455923,-724611.4460650897,-139783.23343670752,-198004.9723694043,760420.9847901368,984394.3333794792,391677.8893683997,202625.61548221405,189010.9067489001,-128003.30950496165,-434222.4147797255,6995.71996690048,-119119.17071691324
17020.167652449578,-4322.877623118605,46239.37755250757,33004.24567677644,4554.492809829895,12962.042833051863,-36597.3016583092,58596.9848004308,63523.715494922166,-8724.22742082554,-75573.86442149022,-15775.599778360143,-34724.78626953455,-7557.3088596531015,-27522.976646015948,24658.659671147452,-7958.987590334056,21264.209782010577,12127.294784997519,35064.05136496632,65872.48577335232,-84985.84065468615,61863.08834379294,50931.16934187273,-13493.846797912414,-12215.109168648103,3232.58284706809,21202.891916919616,-73642.94175287531,7809.686542373818,2400.2958098299046,29885.617086324102,10480.398604770282,-74496.9927555543,-30330.057848776025,-53100.14281413182,32735.866692538002,71462.7117215749,37012.70465778393,46024.70011711024,27072.765989825024,28780.17691214627,87762.52092216013,-18459.74790674943,76842.1378508074,14823.404559102328,20997.77162647074,-80639.918016353,-104391.55971889028,-41535.970106240755,-21487.79369885617,-20044.0489308415,13574.335922790315,46047.799463989126,-741.8241580427141,12632.446237482582
5231.524758028878,-1328.8149115827105,14211.781504506811,10143.915096407902,1399.5574578404023,3983.6495057097786,-11248.401531915395,18010.263170998787,19524.21571753997,-2681.3607119970984,-23227.672023374933,-4848.6350518001345,-10672.690872293231,-2322.807813012488,-8459.51645163345,7578.800447613636,-2446.3588350514005,6535.48622956618,3727.378976526515,10776.70118705056,20246.023257272846,-26120.91851776215,19014.18727955014,15654.094473860754,-4147.447872088532,-3754.361702854068,993.5176800991559,6516.729481825501,-22634.489549117243,2400.2958098299046,737.8365731477381,9185.242360332732,3220.798112963019,-22897.206063216752,-9321.837656392254,-16320.705516149268,10061.347087234673,21964.501896736903,11376.088036956817,14145.844513727687,8320.951659308996,8845.950826892591,26974.319974108093,-5673.692305077632,23618.23845489271,4556.148464327063,6453.646159284864,-24785.224324523235,-32085.20772739198,-12766.398921509217,-6604.304905302042,-6160.571215019362,4172.062740292854,14152.861936698766,-228.05033774123163,3882.4124289994475
65132.03727602429,-16542.483452126322,176946.8816198701,126299.2890970251,17429.0647441935,49602.79060688945,-140048.7400341859,224236.40657322283,243089.97923246346,-33385.53045477529,-289202.9388509792,-60369.30598465409,-132883.5146895169,-28920.024828166326,-105323.9217741486,94362.98831484767,-30457.2559900219,81373.02487368323,46408.12629551806,134181.64385313937,252078.1327175398,-325220.25414442975,236735.18758874582,194901.24598865063,-51637.73257195898,-46744.26811547755,12370.355803358905,81138.48979086582,-281813.8516193873,29885.617086324102,9185.242360332732,114364.97323804148,40105.88240179587,-285081.8869265941,-116065.8586287511,-203201.41306330916,125272.22164174846,273470.4681937848,141638.57500214927,176125.51203065302,103600.99568569587,110134.69076222231,335846.0965820527,-70641.04265428829,294056.1327365494,56725.61726391272,80353.53756218178,-308589.2499289841,-399481.27915297076,-158947.99735115658,-82228.55737519878,-76703.58977934254,51945.73011311245,176213.99558109467,-2838.823576527047,48341.14946021866
22838.969123911407,-5800.517763191738,62051.06686238904,44290.37088076032,6112.963478243542,17395.629271348706,-49111.26309938408,78633.17434031627,85245.63370555398,-11707.720180633,-101417.0463770254,-21170.36963205854,-46599.264947416654,-10141.386275442384,-36933.309843376395,33091.085706878766,-10679.96282058419,28536.13114256908,16274.16288775347,47055.73985440945,88398.05958888654,-114045.61921613442,83015.58006932873,68346.07329997499,-18107.852422466818,-16391.94934436727,4338.031603908394,28453.45360233074,-98824.67428600446,10480.398604770282,3220.798112963019,40105.88240179587,14065.803162235015,-99969.96575522599,-40702.18571795512,-71256.7623168217,43930.46350933205,95898.39778567753,49668.63112393932,61762.62984984942,36330.22661416314,38620.46232081143,117771.88341518253,-24771.86275525315,103115.94258604849,19891.70150019982,28178.273751328867,-108213.63149237835,-140087.69236017624,-55738.33769916896,-28835.649581225236,-26898.255973131167,18216.225852398577,61794.10599898228,-995.3290779167895,16953.036426666382
-162361.61986639266,41237.7728431815,-441085.4247020331,-314832.72962499555,-43443.78802619639,-123644.7140775988,349108.72076998535,-558969.7704997044,-605964.654216828,83221.43864481551,720911.2315070678,150485.19294213876,331245.7031493933,72091.01561447926,262550.2037646425,-235223.28666390062,75924.24096558895,-202841.66061172096,-115684.31946334992,-334478.369098972,-628368.6170994344,810698.4117599928,-590127.8140355118,-485844.29554558493,128720.95913267213,116522.48074024283,-30836.173195423467,-202258.1257221141,702495.121403257,-74496.9927555543,-22897.206063216752,-285081.8869265941,-99969.96575522599,710643.4555521153,289322.1937668117,506534.5572158241,-312271.8544775755,-681698.3191586802,-353072.154781319,-439039.0054991134,-258252.42788655075,-274541.94058141514,-837185.9333776981,176091.60876482402,-733016.8932854569,-141404.75623089573,-200301.23169706907,769241.0939795582,995811.7207021294,396221.09845458885,204975.62996093475,191203.02222786847,-129487.8057772952,-439258.3622014688,7076.9414339314535,-120500.26018105968
-66100.90064506324,16788.541404945274,-179578.6981408822,-128177.74274392755,-17688.223990149243,-50340.43830131631,142131.7789060535,-227571.66815667105,-246705.61816813247,33882.06800114024,293504.37522431265,61267.12865407548,134859.96101421834,29350.182087451205,106890.66646766686,-95766.53231632899,30910.36893839441,-82583.25141039887,-47098.3669362937,-136177.1989703166,-255827.37011095072,330057.59870038886,-240256.5100841015,-197800.2454657836,52405.78330610688,47439.55618327694,-12554.359544414507,-82345.30294422727,286005.5296588569,-30330.057848776025,-9321.837656392254,-116065.8586287511,-40702.18571795512,289322.1937668117,117792.1147105795,206223.89027164143,-127135.38429520397,-277538.08882780664,-143745.3169175934,-178745.22608157696,-105141.90023894994,-111772.89050177138,-340841.50028686284,71691.77826321062,-298430.0555365476,-57569.41207672943,-81548.6853481682,313179.1378724143,405423.0718294229,161312.22099474553,83451.58292339274,77844.39765871642,-52718.35601895266,-178834.951833807,2881.06484375417,-49059.99801904785
-115728.63349686482,29393.56844093791,-314398.1414806154,-224407.32276156457,-30965.963341134553,-88131.75384339008,248838.74619849114,-398424.0973821398,-431921.25428615377,59318.80422429553,513853.18711940397,107263.20773732777,236106.26438150468,51385.241520074254,187141.42516745962,-167663.15994250032,54117.55812868508,-144582.01094273297,-82457.79651206305,-238410.3312674679,-447890.35055666,577852.0591324564,-420633.1385814776,-346301.5722987707,91750.09122295365,83055.26283666257,-21979.510277034577,-144166.1182800872,500726.5671608851,-53100.14281413182,-16320.705516149268,-203201.41306330916,-71256.7623168217,506534.5572158241,206223.89027164143,361049.26478162233,-222581.9837769479,-485902.99515068583,-251663.84764172693,-312939.57508612116,-184077.87942975355,-195688.85142646488,-596731.9158114603,125515.12607519983,-522482.0484199789,-100790.94153739649,-142771.29656436303,548301.9162140092,709797.60455072,282419.69191944064,146103.1284439263,136286.21684869146,-92296.70882589485,-313095.86427667283,5044.324517317462,-85890.43438058153
71344.35494296593,-18120.36834901567,193823.09077153992,138344.94887641325,19091.057735076254,54333.302200691265,-153405.95028331788,245623.1878234867,266274.62655839307,-36569.594651637366,-316785.3776125271,-66126.90173836517,-145557.16137823305,-31678.311691024617,-115369.52903944363,103362.75107058568,-33362.30996606675,89133.76811326545,50834.29140249897,146978.71195868545,276119.8700782791,-356238.37992459786,259314.23226750415,213490.1954290556,-56562.73419668747,-51202.52444294869,13550.161753843251,88877.00129862971,-308691.9243695717,32735.866692538002,10061.347087234673,125272.22164174846,43930.46350933205,-312271.8544775755,-127135.38429520397,-222581.9837769479,137219.8456827423,299552.92411303165,155147.46834311716,192923.5157693648,113481.9403331593,120639.06966356022,367877.649257403,-77378.476721459,322102.33940237423,62135.98151558233,88017.16059146028,-338021.153408868,-437581.8581496764,-174107.85540422428,-90071.04393954913,-84019.10680093261,56899.99939773897,193020.30413615846,-3109.630531293804,52951.364491809254
