V1,V2,V3,V4,V5,V6,V7,V8,V9,V10,V11,V12,V13,V14,V15,V16,V17,V18,V19,V20,V21,V22,V23,V24,V25,V26,V27,V28,V29,V30,V31,V32,V33,V34,V35,V36,V37,V38,V39,V40,V41,V42,V43,V44,V45,V46,V47,V48,V49,V50,V51,V52,V53,V54,V55,V56
2.060199050082963,2.036382486461257,-1.8064859787931713,-0.08515830954563955,-1.853451007319175,-1.7489555375910744,2.322717825878287,1.414077552120135,0.648684563979885,3.305616733263713,1.0053447939701243,-3.5044071964129877,1.2413013559963473,1.3531580715258182,2.535235946742733,1.6117360761220452,2.5274133975090307,-3.2030464597633417,-2.182417575423705,0.7888475665948514,-5.229921366309449,4.275711750980185,2.074191965525083,-0.08993399238072387,6.596182304634573,0.05454829315883805,0.8963951352917731,-1.628254698959863,-1.9181852016827632,-2.5245570385759635,-5.544688245150022,0.8909945429842582,2.4549317364606162,3.6171027272817278,-2.2448210971969518,2.945873028964172,-0.9820520914111165,3.1171181552631615,4.008709753820826,0.3852832598488719,2.545120086995833,2.0715051797446438,-2.9051831032475377,-0.3936675196079104,1.0237536028879128,-2.9045469351406035,-0.45681791844081565,1.0385890193360174,0.17889184335562022,7.939144200452651,-0.4220724504761229,-1.152027050679023,3.3002920576582926,-1.4568888149817127,-2.010810379726613,-4.119489140736616
2.036382486461257,3.027082046228005,-2.789563043352317,-0.5801419204382224,-2.5103975373764054,-1.8289586537759648,3.0641494813530374,1.9469610387127927,1.7161272292147243,3.756116400138277,0.9549068588717833,-5.147450522782483,1.2830922424522493,1.9564423050971065,2.961386585860167,2.2182862609918095,2.535938404192271,-4.072792643356722,-2.6826196605231254,1.255906523631473,-6.547109539139197,5.976705694209926,3.0228635761366838,-0.4873639064241473,8.619398494526806,-0.7943668207407597,0.18236517682639372,-2.813238727955522,-2.303037730374144,-3.1682007013473568,-8.008066917417356,1.4158459854814813,2.8183431296835675,4.918413188611477,-3.0690816412688435,4.012263912868199,-1.1015867266398043,3.75545217264454,5.146511790808725,0.9360850292749043,3.001121153042487,1.9366504872821684,-3.6449006382025684,-0.42474563672639704,1.61360683138073,-4.178831960392926,-0.2327954019759076,1.3069955586858573,-0.4346464223564743,9.614248842782406,-0.7949267159394621,-1.494454596175326,3.9133515133296006,-1.9486047839578635,-2.7636555968779866,-4.845642582264571
-1.8064859787931713,-2.789563043352317,2.6488583281532248,0.6629394839415693,2.3122569975584026,1.5796814145048221,-2.836288797743169,-1.7176535761227114,-1.642431917156248,-3.3115470175557538,-0.8916432292544461,4.790115035424459,-1.105835260930715,-1.8135263870423937,-2.5778056774238363,-2.062370343392785,-2.092571486946935,3.6842656526405566,2.411084453199268,-1.1987308270623798,5.997190436847267,-5.632759464213093,-2.840939972027819,0.5274150374689502,-7.9323110029635755,0.8558057154662441,-0.029934453260761593,2.692339809243587,2.0901232862952894,2.844470079084403,7.408056802456606,-1.3588723153446527,-2.5352651951181295,-4.577393931742107,2.7705423294913176,-3.596430539341155,1.0107312526206969,-3.4171494893702534,-4.762450339220799,-0.9697153705081135,-2.713754085538927,-1.6735496987122642,3.2701893053750806,0.31107787959025074,-1.5085651381951248,3.903908926237059,0.2908101781415227,-1.1835309447676812,0.44986345136809647,-8.634626160351715,0.7534920254116738,1.4162871816218117,-3.5163541186112157,1.7737790544669214,2.457287894298117,4.430468714790257
-0.08515830954563955,-0.5801419204382224,0.6629394839415693,1.2118913851855035,0.4552738527546246,-0.1375753851074869,-0.682697827831495,0.2043466862362993,-0.41854820553090816,0.30066332670244306,-0.21982798348748064,0.7802544263358513,0.32026355714902355,-0.29988658383919453,0.2961550973515627,-0.44406016945570975,1.4710008332832558,0.5382141897492108,0.063073398806444525,-0.16483648232404519,0.8779584679119371,-1.679656223373224,-0.7406575105384496,0.48980278085446377,-1.3140441206167452,0.7869760657092092,0.8900213957467669,0.803783674953272,0.1456001254052367,-0.30900299289751243,1.3140655598950812,-0.5142940815966753,-0.118563550064164,-0.912209625578447,0.16035741876711204,0.10905803710758634,0.5227688920700546,-0.3078370674736775,-1.1868070374110031,-0.8817101601455155,-0.14000486490866415,0.30004979128200354,0.4584540489489058,-0.36055052128819315,-0.6239618716966382,1.2321031610314783,0.17756277081566196,0.16243654974893815,0.23171300208752874,-0.05892923853072141,0.16159715830840504,0.07789646095234791,-0.5572273620299116,0.04507261700405417,0.10457421723878442,0.6162449273336961
-1.853451007319175,-2.5103975373764054,2.3122569975584026,0.4552738527546246,2.161356568270603,1.617924216185875,-2.6694743699307026,-1.6225308065543576,-1.2916340614987507,-3.3276844294219057,-0.9149929145472221,4.339628898154985,-1.1324354739156413,-1.6449755049589323,-2.541141540285093,-1.8709077256791662,-2.253290030441395,3.4748398144632877,2.337970421254879,-1.0301018105403856,5.714093292086108,-5.080639061103143,-2.5491029852128055,0.3980314015037727,-7.4339258826630115,0.504626690442153,-0.31694683831788106,2.2798194284073094,2.02772972816409,2.735817735702474,6.619606071786221,-1.1862222241871718,-2.4694535830837006,-4.224284399977527,2.5713066597614187,-3.336019553463619,0.9604849327464564,-3.217215016412544,-4.445640648246478,-0.7459564066812459,-2.618931341243081,-1.7720426808172498,3.103447640839299,0.3292643321488608,-1.315474797858769,3.4920130626723265,0.3378408662683384,-1.1587217697840693,0.26928590147625164,-8.310265575206138,0.6646852019920859,1.3244250735138807,-3.4345206707824363,1.6498719160204096,2.2885886688396675,4.296861323000784
-1.7489555375910744,-1.8289586537759648,1.5796814145048221,-0.1375753851074869,1.617924216185875,1.7726136193307065,-2.0024516592341164,-1.4860451369521124,-0.6020347959131122,-2.941122616537001,-0.9212083675550643,3.1454436395142396,-1.0948889231773427,-1.2155977706603227,-2.4574830068235696,-1.4542624593617122,-2.590584988541169,2.990524601829829,2.024963440957116,-0.6217747856372307,4.592717423663379,-3.604250878044965,-1.8150627357790394,-0.07762423192616781,-5.835919537465357,0.10780064276998216,-0.9007941606847728,1.3520803770173442,1.7081860240929392,2.352785380430431,5.152229506249445,-0.755081861101277,-2.232718457013165,-3.003822125417318,2.0611088965996762,-2.8288897927631456,0.814755103336947,-2.9983973641487522,-3.5919638939540968,-0.3181483665544011,-2.327108367873656,-1.8429709448529494,2.7789297913145754,0.47002692627463255,-0.8683633160903197,2.6485603934130366,0.12871395603923036,-0.7995453171118153,-0.17650179863959445,-7.137835680975499,0.3578805844502721,0.8491082682169635,-2.764839052797005,1.4569412030651636,2.026088217215861,3.5440354629290445
2.322717825878287,3.0641494813530374,-2.836288797743169,-0.682697827831495,-2.6694743699307026,-2.0024516592341164,3.337249976764266,1.9163280668034215,1.498690768276724,4.016624596066751,1.2157743529921556,-5.2879639916049195,1.3329866989286878,2.0043286522019472,3.050447584116984,2.317507378977242,2.5716117506680174,-4.2974267573900065,-2.856140951893614,1.2207069924110776,-7.078500031970093,6.339433710357743,3.152646042045394,-0.505873860963085,9.180912707407423,-0.6480705719209521,0.36963594248727655,-2.7716882674618777,-2.4961951468746193,-3.2599392781451773,-8.078976057647811,1.4877940147804931,3.0464478535425394,5.192671057816255,-3.084588358330715,3.961144606433643,-1.2657924318775855,3.9934205638590337,5.585353352261233,1.0042806030168696,3.228740210018624,2.175631873302593,-3.8469710873157883,-0.3386829596074968,1.639950601819316,-4.369918915077898,-0.4796969145667293,1.3537618538343106,-0.26766254994102884,10.084472641698342,-0.7980641001523768,-1.5960228039252853,4.258889822849443,-2.0066993278876124,-2.756026925573391,-5.353244931145052
1.414077552120135,1.9469610387127927,-1.7176535761227114,0.2043466862362993,-1.6225308065543576,-1.4860451369521124,1.9163280668034215,1.604325496458145,1.0596228625719661,2.8879322889588073,0.619397096408919,-3.4204841741898537,1.07221276174438,1.2973233460048201,2.369114918843716,1.4203049445776872,2.651051529699388,-2.7810919151472673,-1.9712766383598077,0.802670658536559,-4.373838833637965,3.5198384462631074,1.8597981468941625,-0.07867544966956468,5.698922429652755,-0.2749199211349849,0.5809726809428102,-1.6392802564669595,-1.6239112323237725,-2.497788941749498,-5.30238885563785,0.7868889492349914,2.0221396426944063,3.098930870187144,-2.186540068870834,3.0440917749647434,-0.5392087452714204,2.6771243665549966,3.236666484432613,0.2757579317154905,2.1512520107348916,1.5462050449299618,-2.5252072419290856,-0.510439743800934,0.8713041222084905,-2.511629193551547,0.008193563974041425,0.9854708441728007,-0.2072475702901865,7.008619368047415,-0.5071465134265107,-0.9911451324030371,2.542016332769979,-1.4651178775068143,-2.057099067402001,-3.2250429583322164
0.648684563979885,1.7161272292147243,-1.642431917156248,-0.41854820553090816,-1.2916340614987507,-0.6020347959131122,1.498690768276724,1.0596228625719661,1.4113536891825786,1.6657441844037277,0.19763963857895067,-2.926020133458734,0.5325225740987549,1.094385985398052,1.321983125470591,1.1465963812191393,1.0338844170884964,-1.9034306938625447,-1.2535493068013313,0.8264870056627501,-3.0821893746766813,3.1281263382462683,1.6561219556702853,-0.4503080917343261,4.268700223404598,-0.7797842857922642,-0.41306536537380467,-1.8316530077411066,-1.0435298036210716,-1.6237099761188036,-4.409584722431266,0.8183510725734778,1.1846130910691204,2.6104048948591205,-1.6588911949161913,2.194468781752339,-0.3648262153492032,1.6348533786655937,2.3736029140089725,0.5945941234153612,1.3174986152563979,0.5727209479451361,-1.6482548445349725,-0.20601741396892911,0.9164466160255037,-2.17233357196768,0.06199748263813814,0.742055914700503,-0.6374374123169896,4.549519620784033,-0.5520786518242262,-0.8402631982659605,1.7317816238617556,-0.9940940472043379,-1.4400276035384256,-2.0989418929038335
3.305616733263713,3.756116400138277,-3.3115470175557538,0.30066332670244306,-3.3276844294219057,-2.941122616537001,4.016624596066751,2.8879322889588073,1.6657441844037277,6.186538194785479,1.4050066212504186,-6.671735568877972,2.3517073347358943,2.5354874757633477,4.69450833154343,2.798672658150517,5.265825137691125,-5.508638950847063,-3.9980082007407707,1.6185089237744568,-9.179175582748417,7.280596692930953,3.6959700005465277,-0.23980367942606745,11.701721417700057,0.1070031642694126,1.5145476847739754,-3.106921747423045,-3.4223621879254744,-5.001739837591844,-10.046766141092224,1.5382781403903958,4.23336269919369,6.551984987899897,-4.301498330791955,5.7958241052387285,-1.2520415279338346,5.228304383922744,6.628805667780659,0.3993563015622362,4.436511064769087,3.5147780326067313,-4.9206463218571,-0.8891393176152577,1.6982619212879442,-4.828014088297892,-0.5921542200333111,2.2318150555343457,-0.13539985125011128,14.510447520975324,-0.9587428058961518,-2.283201697749134,5.627709333747605,-2.7247826668151753,-3.7824724555447795,-7.034366064682442
1.0053447939701243,0.9549068588717833,-0.8916432292544461,-0.21982798348748064,-0.9149929145472221,-0.9212083675550643,1.2157743529921556,0.619397096408919,0.19763963857895067,1.4050066212504186,0.6809050162789344,-1.664735902725022,0.4486602653832638,0.6379787797013653,1.1131373553345176,0.8305408429594362,0.9166989909323768,-1.630496857134043,-1.043516846278028,0.28291798082002284,-2.604432958747086,2.2076290470359945,1.0534967418651064,-0.041525374581807294,3.2707348751624954,-0.1530753251012955,0.3808251917030879,-0.7395858773585802,-0.9284961557404194,-1.0617193818758854,-2.68280236124296,0.49819851915993696,1.2025786331255468,1.683437916466562,-0.9454981620930176,1.217405988659312,-0.5950863326235617,1.6637683926997515,2.184519471727573,0.38377902384137175,1.2598125318365103,0.9408841445897356,-1.5125049030314957,-0.0814083766777138,0.5199200799982805,-1.5989667483989578,-0.2509454786257529,0.31541555115952696,0.1798283078011174,3.5399374887820563,-0.18061557945863282,-0.4479527727914183,1.5481086577587633,-0.7374651885849118,-0.9318349478595768,-2.065821339306298
-3.5044071964129877,-5.147450522782483,4.790115035424459,0.7802544263358513,4.339628898154985,3.1454436395142396,-5.2879639916049195,-3.4204841741898537,-2.926020133458734,-6.671735568877972,-1.664735902725022,8.96757582881031,-2.289078072618679,-3.3851605971635945,-5.140064497969844,-3.7816911458296447,-4.7307832577276,6.91884228844653,4.704252911676159,-2.208108028387448,11.37068299460221,-10.181616292227764,-5.183723260061441,0.8445204681102384,-14.915815290573555,1.2007726366929539,-0.48758908000779344,4.793448983891168,4.040477932520743,5.678086878926483,13.620412558762167,-2.408035206602184,-4.882286680819725,-8.53664926263266,5.302922373034511,-6.9744000153582455,1.7300611808693782,-6.413250201071954,-8.759093435901779,-1.47240024893372,-5.213133495675366,-3.4078889223127997,6.145952209075116,0.7341829576079808,-2.6376386914104653,6.991830475576138,0.5399416479283472,-2.4243046015422665,0.7717613866762294,-16.77160167783382,1.421072347022198,2.739077172421316,-6.689498119413166,3.4043200314561295,4.7083358179565105,8.43170948615084
1.2413013559963473,1.2830922424522493,-1.105835260930715,0.32026355714902355,-1.1324354739156413,-1.0948889231773427,1.3329866989286878,1.07221276174438,0.5325225740987549,2.3517073347358943,0.4486602653832638,-2.289078072618679,0.9648988031060238,0.8777193174763533,1.7966801217051547,0.9512007274005558,2.1989103973209403,-1.9293842123975422,-1.4457443594778718,0.592803586473355,-3.21055491562755,2.4092507068355724,1.22767571179206,0.0021332097157387635,4.0623579415042075,0.2214321031635528,0.7321546205849767,-1.019025179738651,-1.231655537743371,-1.8913648489279302,-3.4966546121441917,0.462732681901498,1.552106393669244,2.278093110885942,-1.5811398625932822,2.1740071018257687,-0.3874403627291252,1.8642561210644226,2.215589724920739,-0.03276408215195403,1.6100927860872094,1.3893373590547562,-1.719164065321704,-0.4068760567877502,0.5323326008810851,-1.5521749218860543,-0.21179012348327006,0.8713478634396874,0.010214065520202013,5.405044308997777,-0.3048298787622607,-0.845249891430079,2.0103869619172725,-0.9681467718689273,-1.3672206223315695,-2.4889616217787536
1.3531580715258182,1.9564423050971065,-1.8135263870423937,-0.29988658383919453,-1.6449755049589323,-1.2155977706603227,2.0043286522019472,1.2973233460048201,1.094385985398052,2.5354874757633477,0.6379787797013653,-3.3851605971635945,0.8777193174763533,1.2824840447046384,1.9702566241578199,1.440036040652391,1.7956424593190607,-2.6495853313533626,-1.7873319549767945,0.8316854213006234,-4.320039304490293,3.872330993445966,1.965768126686603,-0.3049891743589806,5.666344885850713,-0.4516648085756444,0.19955155194233504,-1.8120457404650891,-1.5355487082827253,-2.1455012934675595,-5.193364967199837,0.9097084488669946,1.8689671907293943,3.234107615470394,-2.0189378290942033,2.65364089970826,-0.6799658207240867,2.4612428957964894,3.3448154242320416,0.5590587974709649,1.989967103823297,1.3146095755694323,-2.360861110456431,-0.2874375797930269,1.011363119659353,-2.6732691373231012,-0.1948276271922613,0.905541919498878,-0.2712132283535423,6.392691292096697,-0.5261635525625943,-1.0230947814726243,2.559282157226335,-1.2915272536165376,-1.8007462878649438,-3.210691214520972
2.535235946742733,2.961386585860167,-2.5778056774238363,0.2961550973515627,-2.541141540285093,-2.4574830068235696,3.050447584116984,2.369114918843716,1.321983125470591,4.69450833154343,1.1131373553345176,-5.140064497969844,1.7966801217051547,1.9702566241578199,3.7867873484050008,2.2228239550297917,4.172224640029886,-4.444158793877421,-3.1178662812961315,1.1918090042939893,-7.0357367500956824,5.590078616098772,2.8628290033663486,-0.046247681774321876,9.029744458770729,-0.1227526762977336,1.1898098528369383,-2.384968358039232,-2.6222476598686386,-3.8547555605008643,-8.11108288277984,1.1818453105221411,3.3316993143682896,4.898539357132246,-3.380524205623432,4.637744586717901,-1.0313939558607375,4.310874480623773,5.2348853457889195,0.3613688076012752,3.4919183161352327,2.7239503906850557,-4.044143047216691,-0.7853298195464676,1.361108590464463,-3.918854569339054,-0.19839167484130482,1.5427363739643314,-0.05065227529460764,11.266038969686583,-0.6863989101784792,-1.5658180205331675,4.266205558975955,-2.2172937932878694,-3.135510252088271,-5.342448750419309
1.6117360761220452,2.2182862609918095,-2.062370343392785,-0.44406016945570975,-1.8709077256791662,-1.4542624593617122,2.317507378977242,1.4203049445776872,1.1465963812191393,2.798672658150517,0.8305408429594362,-3.7816911458296447,0.9512007274005558,1.440036040652391,2.2228239550297917,1.6789680622040777,1.8776622191208858,-3.1022865820371384,-2.0205283945861265,0.8888967350829579,-4.964737550347761,4.50703378986094,2.2552181732578167,-0.3148786947550194,6.491222665035093,-0.5756595441524095,0.23638926162469598,-2.0241468440735932,-1.74776830900781,-2.3316240452050603,-5.9588052798742925,1.0590327364872623,2.1716599518260407,3.6410549213223904,-2.2376163428791593,2.924684214016032,-0.8968623600836655,2.936978479839508,3.968572442641429,0.7299354506584943,2.3058611414432533,1.5283066353112755,-2.7936892715306745,-0.29282197030797213,1.1915428542146533,-3.173945528188463,-0.23247752148476786,0.9085679350673542,-0.20378002175669685,7.202352599107418,-0.5502691175497347,-1.081988678533283,2.9506082605041923,-1.472483154654453,-2.0434028448340578,-3.7204447383629637
2.5274133975090307,2.535938404192271,-2.092571486946935,1.4710008332832558,-2.253290030441395,-2.590584988541169,2.5716117506680174,2.651051529699388,1.0338844170884964,5.265825137691125,0.9166989909323768,-4.7307832577276,2.1989103973209403,1.7956424593190607,4.172224640029886,1.8776622191208858,5.791655952351367,-4.025191282613944,-3.209215803585317,1.1514730169784817,-6.566722689173077,4.270618942572075,2.3117792997893822,0.3267107108304212,8.23970057018741,0.692093406665422,2.0631982842873824,-1.778950513622167,-2.6263476569911455,-4.402790059845872,-7.115945470497462,0.7605399908270232,3.331359315692595,4.372987870802102,-3.3901440371939047,4.939316055203396,-0.483475766811073,4.063711853821115,4.2656324074220535,-0.49512392468846655,3.485873128873441,3.1003050398198084,-3.64270498649457,-1.122191845325034,0.7901586364805379,-2.817986350580935,-0.1633733214281138,1.903342158016046,0.08116705210040129,11.74248704448652,-0.6244689023325021,-1.7032336668838368,3.923524734773512,-2.252744412053581,-3.0964406178835366,-5.032050997919786
-3.2030464597633417,-4.072792643356722,3.6842656526405566,0.5382141897492108,3.4748398144632877,2.990524601829829,-4.2974267573900065,-2.7810919151472673,-1.9034306938625447,-5.508638950847063,-1.630496857134043,6.91884228844653,-1.9293842123975422,-2.6495853313533626,-4.444158793877421,-3.1022865820371384,-4.025191282613944,5.936576121397741,3.9051608114966068,-1.5545977526491175,9.369133280630464,-8.168005456565892,-4.0911089419965085,0.3847734829564531,-12.151474593492539,0.8129974745891945,-0.8267537218231998,3.516258000198407,3.3500539226653565,4.501468813270087,11.022447859545823,-1.8615573245050716,-4.224994156420152,-6.6695765900889405,4.2356657464764025,-5.598525659276889,1.7007105277486423,-5.6726764747464,-7.4338748448404415,-1.1578186790860863,-4.454454936582816,-3.135659685878991,5.4014843900080205,0.6794202301670307,-2.1325816942472136,5.822988044021245,0.36191147126758866,-1.6998574182518251,0.18296534387406402,-13.887532266355189,0.9523061083785525,1.942074566661197,-5.642102244163387,2.8149782008844046,3.9509775500704714,7.080187557835673
-2.182417575423705,-2.6826196605231254,2.411084453199268,0.063073398806444525,2.337970421254879,2.024963440957116,-2.856140951893614,-1.9712766383598077,-1.2535493068013313,-3.9980082007407707,-1.043516846278028,4.704252911676159,-1.4457443594778718,-1.7873319549767945,-3.1178662812961315,-2.0205283945861265,-3.209215803585317,3.9051608114966068,2.719471587231331,-1.0904923507933506,6.355310111503354,-5.277746891770533,-2.6784099135870734,0.22634092826899113,-8.183209608145361,0.2791403066838328,-0.7838284514379164,2.2791984194901103,2.3230122570468055,3.2848536869352087,7.218889896237687,-1.174346850111426,-2.881028413446927,-4.527717675232474,2.922282581231794,-3.9131315376248597,0.9693131113252029,-3.723814120146018,-4.807241350004965,-0.5430074986052631,-3.038621028705233,-2.2388228298217454,3.5176727409793775,0.5286972646351742,-1.2935137663096337,3.6412691083721063,0.3182296051903123,-1.3555474461787018,0.1444824671386497,-9.691291906951559,0.6780570204932813,1.4580698430217285,-3.8085170099014496,1.9220808419612105,2.654831021520923,4.8170149269169436
0.7888475665948514,1.255906523631473,-1.1987308270623798,-0.16483648232404519,-1.0301018105403856,-0.6217747856372307,1.2207069924110776,0.802670658536559,0.8264870056627501,1.6185089237744568,0.28291798082002284,-2.208108028387448,0.592803586473355,0.8316854213006234,1.1918090042939893,0.8888967350829579,1.1514730169784817,-1.5545977526491175,-1.0904923507933506,0.6294272214364404,-2.6576440756691326,2.4495280671416007,1.251506777852369,-0.26345841267722386,3.522191279135195,-0.25800503708453654,0.04830542217357367,-1.2625211158019747,-0.9462565538423334,-1.4121595153794164,-3.2873599826043365,0.57592219471418,1.1168110477541713,2.131839789937465,-1.3181606979894123,1.7315173961858608,-0.33665996282736765,1.4061692695245858,1.954730188200432,0.3020655200437858,1.1967012280300078,0.777614425720804,-1.3369392487679381,-0.18595642978652444,0.632536659730836,-1.5886440682100873,-0.1726351108226942,0.6922956453058867,-0.28249509989807015,4.061240663958004,-0.3724562630409764,-0.7651269876063271,1.5780186843232868,-0.7777804557894146,-1.0829199870718733,-1.9557129126289816
-5.229921366309449,-6.547109539139197,5.997190436847267,0.8779584679119371,5.714093292086108,4.592717423663379,-7.078500031970093,-4.373838833637965,-3.0821893746766813,-9.179175582748417,-2.604432958747086,11.37068299460221,-3.21055491562755,-4.320039304490293,-7.0357367500956824,-4.964737550347761,-6.566722689173077,9.369133280630464,6.355310111503354,-2.6576440756691326,15.385353998857338,-13.340538801230453,-6.663708789780706,0.8364792081549336,-19.859969323656028,0.9891151572399427,-1.3661445742390093,5.768503061655642,5.5178347391522,7.456153818988002,17.4604409977354,-3.038611559253569,-6.806847903968731,-11.149581467373217,6.850235911358551,-8.958031587091645,2.6013309306121677,-8.83887914319631,-11.905363602211718,-1.7591740495684387,-7.185156680458147,-5.11699826361981,8.399910574866244,0.9764618957338709,-3.35938776698846,9.150126477138166,1.0059596272210438,-3.109761085357912,0.40820081958109444,-22.667872873233634,1.657294621275452,3.5266945462248103,-9.280548248256121,4.45516805843036,6.127905190970723,11.69170562259626
4.275711750980185,5.976705694209926,-5.632759464213093,-1.679656223373224,-5.080639061103143,-3.604250878044965,6.339433710357743,3.5198384462631074,3.1281263382462683,7.280596692930953,2.2076290470359945,-10.181616292227764,2.4092507068355724,3.872330993445966,5.590078616098772,4.50703378986094,4.270618942572075,-8.168005456565892,-5.277746891770533,2.4495280671416007,-13.340538801230453,12.465257938701967,6.175910700385299,-1.1163309230103335,17.472124555795727,-1.6268424072718337,0.2702002218084144,-5.622047356401227,-4.641069608948104,-5.985049788295011,-15.83887501229263,2.9592316028780212,5.6829055488751274,10.01190075598473,-5.895056014039485,7.503327288586975,-2.4986736018839353,7.572904316985158,10.73071393971277,2.1904128634848,6.026259617988943,3.894685602540031,-7.283039603262984,-0.5643083288368917,3.3284647321976677,-8.621910401962305,-0.8846585455863734,2.4694297887704444,-0.6578768182670909,18.849263369712187,-1.531820516447815,-3.0190776893625193,8.002752737538854,-3.763766091295612,-5.225071972197525,-10.028997684647084
2.074191965525083,3.0228635761366838,-2.840939972027819,-0.7406575105384496,-2.5491029852128055,-1.8150627357790394,3.152646042045394,1.8597981468941625,1.6561219556702853,3.6959700005465277,1.0534967418651064,-5.183723260061441,1.22767571179206,1.965768126686603,2.8628290033663486,2.2552181732578167,2.3117792997893822,-4.0911089419965085,-2.6784099135870734,1.251506777852369,-6.663708789780706,6.175910700385299,3.097218394806702,-0.5481615968521063,8.757334031040807,-0.8454617726062295,0.13613653029193057,-2.8425391101061583,-2.3297836284292837,-3.098336436710436,-8.016044593704747,1.473297500099382,2.8374160555475822,5.008384409104013,-3.014876387074641,3.883293591948542,-1.1673370423004157,3.788471510681046,5.311698321322583,1.0539597316506322,3.019113349678127,1.924315586794704,-3.6462823331021097,-0.3297158423744839,1.6445501798219964,-4.2871708653993545,-0.3655871108756949,1.277313272696854,-0.3989508669011164,9.525246716836396,-0.7986498964628991,-1.523720200892254,3.9466039341695005,-1.9356911410296687,-2.6903179960581554,-4.9662549679042405
-0.08993399238072387,-0.4873639064241473,0.5274150374689502,0.48980278085446377,0.3980314015037727,-0.07762423192616781,-0.505873860963085,-0.07867544966956468,-0.4503080917343261,-0.23980367942606745,-0.041525374581807294,0.8445204681102384,0.0021332097157387635,-0.3049891743589806,-0.046247681774321876,-0.3148786947550194,0.3267107108304212,0.3847734829564531,0.22634092826899113,-0.26345841267722386,0.8364792081549336,-1.1163309230103335,-0.5481615968521063,0.34133892328227095,-1.186241586741265,0.3243168477843892,0.4272019888901682,0.6460685092918018,0.23486054351163121,0.22886042873971366,1.073227317113052,-0.3244175479198918,-0.18512058244446236,-0.8695551682249664,0.34772389470160525,-0.3199503138892505,0.1473227251254979,-0.1992510526139598,-0.6987741052415466,-0.361933431773201,-0.21966768651096835,0.051278806672379905,0.27530683705779696,-0.12428915294462184,-0.3413880275376473,0.6723528255748851,0.15908968444940744,-0.2085722110339511,0.28708379253624255,-0.7891134004787526,0.20822442352939058,0.30431404441469834,-0.4871525233244881,0.14222196146075725,0.19401840901493608,0.5714638552897777
6.596182304634573,8.619398494526806,-7.9323110029635755,-1.3140441206167452,-7.4339258826630115,-5.835919537465357,9.180912707407423,5.698922429652755,4.268700223404598,11.701721417700057,3.2707348751624954,-14.915815290573555,4.0623579415042075,5.666344885850713,9.029744458770729,6.491222665035093,8.23970057018741,-12.151474593492539,-8.183209608145361,3.522191279135195,-19.859969323656028,17.472124555795727,8.757334031040807,-1.186241586741265,25.77075161883241,-1.5903037355228598,1.454868348329539,-7.716808727641285,-7.089457742688727,-9.606605410993987,-22.9750943705308,4.024249198663076,8.724490272863378,14.522126218515698,-8.941680803414137,11.684333209409646,-3.351686995204832,11.4146060448484,15.455507370821193,2.442221607973445,9.228252437448303,6.407211454016204,-10.885534983263959,-1.2451854520434318,4.470968915935841,-12.045971944736644,-1.1756759271360933,3.9864187825861364,-0.717199640200804,29.17879955807676,-2.2069820716216033,-4.546791213052679,11.916670718396063,-5.795156177255665,-8.013445995116534,-14.997675236990084
0.05454829315883805,-0.7943668207407597,0.8558057154662441,0.7869760657092092,0.504626690442153,0.10780064276998216,-0.6480705719209521,-0.2749199211349849,-0.7797842857922642,0.1070031642694126,-0.1530753251012955,1.2007726366929539,0.2214321031635528,-0.4516648085756444,-0.1227526762977336,-0.5756595441524095,0.692093406665422,0.8129974745891945,0.2791403066838328,-0.25800503708453654,0.9891151572399427,-1.6268424072718337,-0.8454617726062295,0.3243168477843892,-1.5903037355228598,1.0830036063293518,0.8101754116471908,0.9794541350404725,0.2217020228791729,0.1360258458623232,2.1450247147064663,-0.5293794422481426,-0.2534528977133541,-0.8998861922703041,0.46652247192276,-0.5479081705631039,0.3385728117070632,-0.7248885690443538,-1.2397981655399293,-0.8050863460348915,-0.3320574303226837,0.2812880731003603,0.7576596801721227,-0.11882750068269958,-0.6065752368014797,1.404153954434069,-0.23186461784774837,0.1488469145176839,0.3826910365139071,-0.7235807370796952,0.22709195239823668,0.032918821617290796,-0.37579897630928977,0.38874556219946826,0.5619430230317457,0.5338396146291388
0.8963951352917731,0.18236517682639372,-0.029934453260761593,0.8900213957467669,-0.31694683831788106,-0.9007941606847728,0.36963594248727655,0.5809726809428102,-0.41306536537380467,1.5145476847739754,0.3808251917030879,-0.48758908000779344,0.7321546205849767,0.19955155194233504,1.1898098528369383,0.23638926162469598,2.0631982842873824,-0.8267537218231998,-0.7838284514379164,0.04830542217357367,-1.3661445742390093,0.2702002218084144,0.13613653029193057,0.4272019888901682,1.454868348329539,0.8101754116471908,1.2554002483725488,0.24649142729790724,-0.6496584642488469,-1.0916249457516034,-0.7839864001491668,-0.10933813336130736,0.9253232873487462,0.5656900999299916,-0.6041567072611759,0.9933345775767739,-0.0866894368471516,1.0289713346251983,0.7183286469932213,-0.554079586637709,0.9149560891518758,1.1885214595363547,-0.7951389757294635,-0.38404415066166664,-0.1476557173215932,-0.10997999358255005,-0.1787752451617748,0.4386537548424281,0.4846252120420638,2.925213923262095,0.05552810296370568,-0.3138112349097909,0.9072225728682125,-0.47029802835738965,-0.5886230244188614,-1.2397399922468555
-1.628254698959863,-2.813238727955522,2.692339809243587,0.803783674953272,2.2798194284073094,1.3520803770173442,-2.7716882674618777,-1.6392802564669595,-1.8316530077411066,-3.106921747423045,-0.7395858773585802,4.793448983891168,-1.019025179738651,-1.8120457404650891,-2.384968358039232,-2.0241468440735932,-1.778950513622167,3.516258000198407,2.2791984194901103,-1.2625211158019747,5.768503061655642,-5.622047356401227,-2.8425391101061583,0.6460685092918018,-7.716808727641285,0.9794541350404725,0.24649142729790724,2.8370844413761915,1.9806342862461919,2.7194830911199133,7.354362032371034,-1.3865456571292043,-2.357366383216586,-4.576020887273824,2.7348748088175086,-3.5145178307638507,0.9540143839578017,-3.167999911237164,-4.572176964029212,-1.0306600889265936,-2.5407294201751283,-1.4484054974245228,3.088141937076236,0.2663105668946179,-1.5557109925281476,3.861072063786417,0.2552681077663193,-1.196487743562101,0.6202071733186153,-8.246662910984801,0.7981623012960597,1.4361497564186294,-3.3974885206616707,1.6828725025885467,2.3677615879874607,4.202492497365663
-1.9181852016827632,-2.303037730374144,2.0901232862952894,0.1456001254052367,2.02772972816409,1.7081860240929392,-2.4961951468746193,-1.6239112323237725,-1.0435298036210716,-3.4223621879254744,-0.9284961557404194,4.040477932520743,-1.231655537743371,-1.5355487082827253,-2.6222476598686386,-1.74776830900781,-2.6263476569911455,3.3500539226653565,2.3230122570468055,-0.9462565538423334,5.5178347391522,-4.641069608948104,-2.3297836284292837,0.23486054351163121,-7.089457742688727,0.2217020228791729,-0.6496584642488469,1.9806342862461919,2.0073321402451856,2.777631263791973,6.176159478449601,-1.0326975030374907,-2.483300448959477,-3.9580124115494812,2.485016322805845,-3.2866656066534863,0.87856723165414,-3.185116299467885,-4.192119632190423,-0.5079212238001848,-2.6140965362824273,-1.934148580465702,3.004368353947634,0.40663972167220197,-1.134508109588797,3.1616161940346963,0.3633064002014194,-1.17188626058772,0.10343183914095122,-8.306721574882946,0.5804776940856831,1.2873589202190991,-3.330871759276334,1.6183514750530668,2.22119054988424,4.210539714915337
-2.5245570385759635,-3.1682007013473568,2.844470079084403,-0.30900299289751243,2.735817735702474,2.352785380430431,-3.2599392781451773,-2.497788941749498,-1.6237099761188036,-5.001739837591844,-1.0617193818758854,5.678086878926483,-1.8913648489279302,-2.1455012934675595,-3.8547555605008643,-2.3316240452050603,-4.402790059845872,4.501468813270087,3.2848536869352087,-1.4121595153794164,7.456153818988002,-5.985049788295011,-3.098336436710436,0.22886042873971366,-9.606605410993987,0.1360258458623232,-1.0916249457516034,2.7194830911199133,2.777631263791973,4.2083164597590725,8.528559716934966,-1.3037761346665433,-3.4094801419280714,-5.390299248447426,3.6059783968504715,-4.931726124243698,0.8981659846561861,-4.300146361891621,-5.366108598617712,-0.3662231137776063,-3.607784836952673,-2.728703728177893,4.009245444439894,0.7639921066002755,-1.4007035606276736,4.008688546781006,0.35313900390381947,-1.8488145323845917,0.2842263183147358,-11.876857284120423,0.8534426588178344,1.8951084740623136,-4.427404034978953,2.3260728796341317,3.1975922358521407,5.614521784707462
-5.544688245150022,-8.008066917417356,7.408056802456606,1.3140655598950812,6.619606071786221,5.152229506249445,-8.078976057647811,-5.30238885563785,-4.409584722431266,-10.046766141092224,-2.68280236124296,13.620412558762167,-3.4966546121441917,-5.193364967199837,-8.11108288277984,-5.9588052798742925,-7.115945470497462,11.022447859545823,7.218889896237687,-3.2873599826043365,17.4604409977354,-15.83887501229263,-8.016044593704747,1.073227317113052,-22.9750943705308,2.1450247147064663,-0.7839864001491668,7.354362032371034,6.176159478449601,8.528559716934966,21.565889171190495,-3.714584547117129,-7.676621698040188,-12.924427624364007,8.199868687774513,-10.83518256317779,2.9815079775219115,-10.400245803602438,-13.843972666690833,-2.4446445666026024,-8.158065503328952,-5.363795689983533,9.921367902343938,1.2352520726440332,-4.23861100442346,11.211349989555757,0.5369239209148825,-3.3436824996325307,0.9391013044432333,-25.88760466104849,2.0084781430776286,3.8578146568569807,-10.331477729041211,5.326881417977808,7.507808604795835,12.957294778820348
0.8909945429842582,1.4158459854814813,-1.3588723153446527,-0.5142940815966753,-1.1862222241871718,-0.755081861101277,1.4877940147804931,0.7868889492349914,0.8183510725734778,1.5382781403903958,0.49819851915993696,-2.408035206602184,0.462732681901498,0.9097084488669946,1.1818453105221411,1.0590327364872623,0.7605399908270232,-1.8615573245050716,-1.174346850111426,0.57592219471418,-3.038611559253569,2.9592316028780212,1.473297500099382,-0.3244175479198918,4.024249198663076,-0.5293794422481426,-0.10933813336130736,-1.3865456571292043,-1.0326975030374907,-1.3037761346665433,-3.714584547117129,0.7356718023029389,1.241309158569229,2.3234190418954213,-1.3273472541134481,1.6718147443519502,-0.5801629497135996,1.7036027314141116,2.498584047029117,0.6146040228520331,1.3338716507005601,0.7600279185998323,-1.6561478198296673,-0.07843746550581294,0.8118486850279593,-2.070599919682104,-0.17640813244121054,0.5241383931251091,-0.23155825726541165,4.1232582440001435,-0.3851599479189696,-0.6789522626653864,1.7816869799236046,-0.8630161404122104,-1.1847259230162717,-2.246344498265893
2.4549317364606162,2.8183431296835675,-2.5352651951181295,-0.118563550064164,-2.4694535830837006,-2.232718457013165,3.0464478535425394,2.0221396426944063,1.1846130910691204,4.23336269919369,1.2025786331255468,-4.882286680819725,1.552106393669244,1.8689671907293943,3.3316993143682896,2.1716599518260407,3.331359315692595,-4.224994156420152,-2.881028413446927,1.1168110477541713,-6.806847903968731,5.6829055488751274,2.8374160555475822,-0.18512058244446236,8.724490272863378,-0.2534528977133541,0.9253232873487462,-2.357366383216586,-2.483300448959477,-3.4094801419280714,-7.676621698040188,1.241309158569229,3.137615718674954,4.788344809337646,-3.062647146371842,4.081740285605194,-1.1567782909780877,4.0892451715618465,5.237265127991248,0.6052482824790923,3.2893440067819975,2.4916284206138384,-3.826276228504643,-0.5494148209762211,1.3980676127396627,-3.943445852337572,-0.3961584245543379,1.361646610036619,-0.005724762253023445,10.348244506152762,-0.6501725642998459,-1.5010714891869472,4.133426843064591,-2.0232590596256284,-2.797577738746151,-5.221612420977658
3.6171027272817278,4.918413188611477,-4.577393931742107,-0.912209625578447,-4.224284399977527,-3.003822125417318,5.192671057816255,3.098930870187144,2.6104048948591205,6.551984987899897,1.683437916466562,-8.53664926263266,2.278093110885942,3.234107615470394,4.898539357132246,3.6410549213223904,4.372987870802102,-6.6695765900889405,-4.527717675232474,2.131839789937465,-11.149581467373217,10.01190075598473,5.008384409104013,-0.8695551682249664,14.522126218515698,-0.8998861922703041,0.5656900999299916,-4.576020887273824,-3.9580124115494812,-5.390299248447426,-12.924427624364007,2.3234190418954213,4.788344809337646,8.409057589907597,-5.069495968268313,6.541089182582105,-1.817165180050116,6.130229986341082,8.571878826113606,1.4097410412081275,5.071935166546904,3.461104133289568,-5.893229643160065,-0.6263595702468386,2.5783781770589314,-6.730106675752896,-0.7993793613616933,2.412155177884127,-0.6024418222116282,16.323668871137432,-1.3271916709142506,-2.747416339579932,6.738121277275771,-3.1553078738023013,-4.377368175309045,-8.398965875350386
-2.2448210971969518,-3.0690816412688435,2.7705423294913176,0.16035741876711204,2.5713066597614187,2.0611088965996762,-3.084588358330715,-2.186540068870834,-1.6588911949161913,-4.301498330791955,-0.9454981620930176,5.302922373034511,-1.5811398625932822,-2.0189378290942033,-3.380524205623432,-2.2376163428791593,-3.3901440371939047,4.2356657464764025,2.922282581231794,-1.3181606979894123,6.850235911358551,-5.895056014039485,-3.014876387074641,0.34772389470160525,-8.941680803414137,0.46652247192276,-0.6041567072611759,2.7348748088175086,2.485016322805845,3.6059783968504715,8.199868687774513,-1.3273472541134481,-3.062647146371842,-5.069495968268313,3.3246524832853206,-4.437898575521364,1.001553920157551,-3.9500518448916333,-5.165436945869925,-0.6397586594319864,-3.234489986776093,-2.2990559477268477,3.784873105245358,0.6109056342249314,-1.5193806643325185,4.053434383842039,0.24756246666917425,-1.5437792882251298,0.3586767945391638,-10.591111793374504,0.7969287532639387,1.6385346594667185,-4.119797898197245,2.0852330216384485,2.971485652093418,5.111139982789168
2.945873028964172,4.012263912868199,-3.596430539341155,0.10905803710758634,-3.336019553463619,-2.8288897927631456,3.961144606433643,3.0440917749647434,2.194468781752339,5.7958241052387285,1.217405988659312,-6.9744000153582455,2.1740071018257687,2.65364089970826,4.637744586717901,2.924684214016032,4.939316055203396,-5.598525659276889,-3.9131315376248597,1.7315173961858608,-8.958031587091645,7.503327288586975,3.883293591948542,-0.3199503138892505,11.684333209409646,-0.5479081705631039,0.9933345775767739,-3.5145178307638507,-3.2866656066534863,-4.931726124243698,-10.83518256317779,1.6718147443519502,4.081740285605194,6.541089182582105,-4.437898575521364,6.048629736223134,-1.210038152820749,5.312588406361129,6.664083140885132,0.6754703025140649,4.322193526351574,3.12006743903315,-5.0263055271375325,-0.9319894546517428,1.8980391669494956,-5.204347066380823,-0.19769769590303907,2.060636387612915,-0.4477724972666305,14.193838660326396,-1.0331277521276812,-2.1368819935343915,5.3281951157549985,-2.8418330569563404,-4.026039457944464,-6.657892842741128
-0.9820520914111165,-1.1015867266398043,1.0107312526206969,0.5227688920700546,0.9604849327464564,0.814755103336947,-1.2657924318775855,-0.5392087452714204,-0.3648262153492032,-1.2520415279338346,-0.5950863326235617,1.7300611808693782,-0.3874403627291252,-0.6799658207240867,-1.0313939558607375,-0.8968623600836655,-0.483475766811073,1.7007105277486423,0.9693131113252029,-0.33665996282736765,2.6013309306121677,-2.4986736018839353,-1.1673370423004157,0.1473227251254979,-3.351686995204832,0.3385728117070632,-0.0866894368471516,0.9540143839578017,0.87856723165414,0.8981659846561861,2.9815079775219115,-0.5801629497135996,-1.1567782909780877,-1.817165180050116,1.001553920157551,-1.210038152820749,0.728817946262724,-1.6268179055565977,-2.302147548615104,-0.5525074875955602,-1.2015971483164682,-0.8223157225896127,1.5772862464530402,0.0489478514306605,-0.7107472058193408,1.8390625941054322,0.1861326602676082,-0.25627995657786956,-0.08785116598924388,-3.4354200358334253,0.18984157642869207,0.4081401877300606,-1.6615717526907712,0.6740070075501581,0.9648685695995615,2.0329854290849623
