V1,V2,V3,V4,V5,V6,V7,V8,V9,V10,V11,V12,V13,V14,V15,V16,V17,V18,V19,V20,V21,V22,V23,V24,V25,V26,V27,V28,V29,V30,V31,V32,V33,V34,V35,V36,V37,V38,V39,V40,V41,V42,V43,V44,V45,V46,V47,V48,V49,V50,V51,V52,V53,V54,V55,V56
59.2499920718526,-58.71514736246217,-10.286032239670782,-36.78142829298883,-74.35764290653674,-150.5361611375323,-35.12021047324544,137.34573207560408,5.519286821945205,13.976047731565147,32.77861484763369,8.975096146207532,67.34127830132856,87.11712357952148,73.59034853119975,-152.01010375067355,-28.653444579944697,-49.9648612404466,-94.24055149903265,60.46633161303411,126.70780414657477,-95.72271528327744,-4.309621802234064,79.93293705111343,52.49623032024618,1.2044098024659817,-8.854536704771531,-137.28183046823324,-75.27366998866533,-9.263409972109564,-7.052835279361778,-63.42650079445055,29.383888584462028,93.88484319652902,-86.8167140425901,-10.868175157983597,-30.71285053659032,-70.18192076151719,-5.677504479706218,-42.71712603903834,-46.07677342503871,-83.92592602038206,-89.7535268137356,25.22184341120736,-11.706217942690921,-118.14244969065447,120.0783576070092,61.95390458773143,-31.11347166984653,-49.66649625967526,-24.32848562643254,3.976201666597482,85.02282202292008,34.73080251067898,-77.15847979956466,-27.740907352968332
-58.71514736246217,61.1593239170315,11.060013402453222,36.30819466543609,76.6307920526,154.63717275421635,34.533206017237184,-141.75731343698578,-5.269761746587433,-13.573439459525579,-36.313899554597704,-6.709140531197204,-66.94424782389493,-89.43996141418744,-73.8731631066944,155.3418254759449,27.800791312289704,50.462921534330896,97.57100680344602,-61.17241743033581,-127.95357173265793,98.5468516397694,3.8652183364190913,-81.50169911379676,-55.439999682547416,0.7758045673904685,8.50100808273875,139.61632469314958,77.7830989919445,11.064086828155633,5.331504263680993,64.05833362811987,-29.81184034550403,-95.38207933152708,86.97218552528282,12.54313431370234,29.401507967775288,70.63025545334722,4.645201305605687,42.53371916497817,46.553310045413006,87.47317237476884,91.11315016068947,-27.316267552162405,14.084770463843821,120.57267840818766,-121.72790953330843,-63.06416276992576,32.30612295367571,53.872560752154385,26.03882968059602,-3.41274101339776,-83.55678825270668,-33.5130251074122,78.12611907348484,29.156460429207865
-10.286032239670782,11.060013402453222,2.0452831933263025,6.342852072588435,13.772062242454837,27.72942562493935,6.014104484398983,-25.495275217646103,-0.901684181483252,-2.3500288251891517,-6.812857373678769,-0.911536078603352,-11.752252815986099,-16.033685068170023,-13.053594224484513,27.76038874166613,4.798713503822655,8.955300027991289,17.586025003482185,-10.863262474897754,-22.68585427614582,17.689969042732297,0.6232952183552035,-14.545375260002404,-10.123217764024885,0.3689863716408473,1.4551350719807854,24.87824041138795,14.001034357944954,2.1625275175234115,0.7465949241312934,11.360325004469432,-5.304566927675082,-16.98567806292075,15.346544828638711,2.4032836291121678,5.027244180211903,12.495744055073084,0.693905214597857,7.473699790764287,8.257650407724357,15.829207360302195,16.21785738205464,-5.060480507421961,2.760907078869133,21.534576438243718,-21.64446267410754,-11.24286911639886,5.83169462250011,9.975094729220249,4.790507050041713,-0.5343547423998787,-14.555320336168242,-5.7620810408119105,13.881212778608752,5.310724825522599
-36.78142829298883,36.30819466543609,6.342852072588435,22.840489868098675,46.018825170870535,93.18955549657896,21.81627887911089,-84.99187604454035,-3.435447809093466,-8.688305024651916,-20.164573406748723,-5.678172140382284,-41.794541970675844,-53.932102052731175,-45.63816678593858,94.14213030085341,17.817266387993886,30.971136268282393,58.302565631840764,-37.47669235961046,-78.54698024625672,59.24905171400855,2.6959309159366964,-49.51212114896691,-32.422674078803986,-0.8424449896843023,5.510271426050285,85.05152976099272,46.575816448610496,5.659233268383348,4.455368501718573,39.31750484056872,-18.20725135323435,-58.16933538522251,53.849448921718576,6.663007045124304,19.11579121632981,43.51796262528827,3.573199971616945,26.50909789061829,28.56233605299444,51.89479416861408,55.61336162845202,-15.546153579678784,7.1482287427696,73.17321959347758,-74.4130166911919,-38.380217034170265,19.244400199064813,30.612432217785646,15.01011579250553,-2.4942440681802713,-52.81426845568494,-21.604725251198026,47.81904695041261,17.139789165188436
-74.35764290653674,76.6307920526,13.772062242454837,46.018825170870535,96.23842972022689,194.33222111599545,43.80207435405794,-177.96886380759454,-6.730197865373146,-17.270078090371133,-44.93698936330493,-9.089297204240498,-84.7200521411331,-112.41333091161293,-93.29472020358219,195.42706305589653,35.366081680001955,63.649600418510154,122.41754280584126,-77.12470734095632,-161.37266622876567,123.77812344608574,5.001837769044967,-102.5826021701821,-69.28085972345505,0.4428770337091191,10.83972807007555,175.82853371516788,97.62999496387796,13.49805462434999,7.215678852013628,80.7894524477966,-37.56577579908788,-120.15115114625603,109.88490818504182,15.39329169383261,37.51785370794722,89.14298920636513,6.145614552427701,53.80716838874058,58.705519962448754,109.59052782152621,114.79227409628696,-33.95549873794839,17.153728843874518,151.73519777074716,-153.40289154996788,-79.40591348277039,40.507524698613516,66.93390811409185,32.44666711341258,-4.464927219028435,-106.01018339236741,-42.68574547486255,98.48314901504592,36.47249921252358
-150.5361611375323,154.63717275421635,27.72942562493935,93.18955549657896,194.33222111599545,392.4984698211056,88.7269531343276,-359.33851438348154,-13.657341938718535,-35.00542471854656,-90.32298471932009,-18.779063740646354,-171.47941621977645,-227.05181138582645,-188.7123877501314,394.84722012081886,71.70153049243383,128.69341973364072,247.12146397511464,-155.9260964039081,-326.3022563833578,249.96880737042972,10.200361695371823,-207.29049371154954,-139.6688073594676,0.5608792733764792,21.992895162318234,355.3568539691892,197.10919636924334,27.003649818066055,14.882435766469364,163.35614042583342,-75.93281594126208,-242.84528263020783,222.3011534053462,30.86538890701243,76.13147249951213,180.29017035972674,12.613316340274897,108.8992655510066,118.70033159258794,221.1354351532374,232.02589351171673,-68.34689756617779,34.30508873374816,306.59140835730256,-310.10045588906473,-160.4737688248325,81.75751762417471,134.72659732528115,65.35847739235365,-9.130325973423313,-214.73473123500253,-86.57320747705411,199.09579297114016,73.54871364076585
-35.12021047324544,34.533206017237184,6.014104484398983,21.81627887911089,43.80207435405794,88.7269531343276,20.8479065636211,-80.889918911873,-3.2886346384884977,-8.305786026846247,-19.073737254080427,-5.529342942651196,-39.898172664063345,-51.351168294497874,-43.53200369883536,89.67603591658742,17.04436427679695,29.525653767178774,55.47333439655836,-35.72628393414487,-74.89753645267821,56.4081700349373,2.595643362209988,-47.17142464103174,-30.791430728509116,-0.8974293918918415,5.274768486068166,81.04453688410379,44.3223957899149,5.312221074441122,4.325550784311739,37.4884558218744,-17.350423314200665,-55.43024778111997,51.373240349307096,6.282842448491422,18.300850317400933,41.50745624577385,3.46310991882473,25.304617872069937,27.2349624767729,49.35363797586723,52.99907882524958,-14.73643423095646,6.710715859171217,69.70417715113548,-70.92810804339858,-36.568926515599415,18.306513418748413,29.02162169481554,14.241672021270753,-2.4079090836020747,-50.460579189457626,-20.67457126726151,45.58081991186044,16.283954618072563
137.34573207560408,-141.75731343698578,-25.495275217646103,-84.99187604454035,-177.96886380759454,-359.33851438348154,-80.889918911873,329.1277466439339,12.415736727619503,31.876469763341483,83.27375295711839,16.63874934348805,156.50090127849427,207.85854377156588,172.39078102650183,-361.3092109319732,-65.28285026426943,-117.63171626750983,-226.41161970516458,142.5456729794851,298.2466693318253,-228.89549762740668,-9.214811529672728,189.64296075985183,128.20410223134306,-0.9565047025163763,-20.00405003808517,-325.0254045615054,-180.5580975103715,-25.064122597285987,-13.20627808198533,-149.3131846095341,69.43688089218624,222.0967849616158,-203.03452638297964,-28.559530423002453,-69.22749037620835,-164.73454756330557,-11.284567714099408,-99.40183868561408,-108.49898733010511,-202.72849985555055,-212.18514399090728,62.88133443402658,-31.858846485513773,-280.51636827671024,283.54369398632554,146.78950946207456,-74.92630911573035,-123.96864766901889,-60.06692150202456,8.210550227375071,195.7618661253529,78.78194386207697,-182.0265167598323,-67.48092977864638
5.519286821945205,-5.269761746587433,-0.901684181483252,-3.435447809093466,-6.730197865373146,-13.657341938718535,-3.2886346384884977,12.415736727619503,0.5279789341374833,1.3215566930810365,2.7975562068572577,0.9803742782099815,6.258888241544635,7.907305697162405,6.792054537389932,-13.844295622489286,-2.7084682253324903,-4.591793442255599,-8.499727708736836,5.548804979434387,11.640885864565018,-8.668552698961145,-0.4270112417693984,7.292490755463452,4.664023988846936,0.24342485381662957,-0.8426379192144113,-12.549178578715587,-6.798739425990963,-0.7376234896484709,-0.7695637036311211,-5.827053719615374,2.6909407459215737,8.58900357068378,-8.024428956872079,-0.893311358563266,-2.9296153821731346,-6.464218771907483,-0.59335327818163,-3.965392405642422,-4.231915282651671,-7.530093664743652,-8.216080282398554,2.1948430456981227,-0.9248203372999823,-10.771847326549526,11.002600530524463,5.659255626360468,-2.7995724442476217,-4.313171346504581,-2.137810630474977,0.4053370052582959,7.966694787561978,3.2950880160983917,-7.07608456439454,-2.4745648841445025
13.976047731565147,-13.573439459525579,-2.3500288251891517,-8.688305024651916,-17.270078090371133,-35.00542471854656,-8.305786026846247,31.876469763341483,1.3215566930810365,3.325533113569993,7.380439443378174,2.312773645624036,15.864867117744422,20.263417563122097,17.272342321167383,-35.41957316191195,-6.8114466419891375,-11.70110728817611,-21.846487975901244,14.147378507865426,29.660331527468756,-22.234582319535388,-1.0499602418890104,18.64269431609486,12.075643773694605,0.4641188656479491,-2.1126561081872675,-32.05319400797282,-17.462762731916516,-2.014210853638418,-1.8213249422133795,-14.848014971067984,6.868222909257617,21.931187277928398,-20.392331360300993,-2.3983564262584434,-7.338677313130889,-16.4514777001866,-1.425577397346262,-10.056402618157595,-10.78416909586946,-19.399624706420177,-20.97290383129086,5.736803027696412,-2.533305388379012,-27.547107598291568,28.071485694514298,14.459717133127302,-7.203185434099007,-11.280107122044386,-5.562499760457665,0.9852997933031771,20.119871054728332,8.273289989230065,-18.04723442569857,-6.395265797525226
32.77861484763369,-36.313899554597704,-6.812857373678769,-20.164573406748723,-44.93698936330493,-90.32298471932009,-19.073737254080427,83.27375295711839,2.7975562068572577,7.380439443378174,23.07953240012721,2.136084863108464,37.525198084149636,52.20706293884863,41.93524997835395,-90.15555151846671,-15.078412098490906,-28.870587389099583,-57.53253821153749,35.06589733716157,73.16431645186587,-57.70217326211757,-1.8560269182030193,47.17205276809433,33.4648776421584,-1.8768869413922415,-4.544121172698156,-80.55708236340826,-45.75939150970819,-7.56204566731154,-1.7740120284117957,-36.63793178311865,17.15394990138863,54.968748453192326,-49.24131343604628,-8.294191606774975,-15.656306828959494,-40.212400283995116,-1.8656235883115622,-23.88925312800169,-26.63494479831324,-51.97830538080925,-52.45557473271405,16.948476042411652,-9.679711621689258,-69.87280939095473,69.9511248728559,36.42822342335347,-19.113555294333455,-33.466245536868996,-15.950128569223995,1.5159610267628454,46.13648798872117,18.04124289239503,-44.834259470319964,-17.503784049275698
8.975096146207532,-6.709140531197204,-0.911536078603352,-5.678172140382284,-9.089297204240498,-18.779063740646354,-5.529342942651196,16.63874934348805,0.9803742782099815,2.312773645624036,2.136084863108464,2.9860077586653344,10.047337928142259,10.903061647731278,10.4469879459758,-19.57015484952738,-4.787343860924189,-6.862127128166848,-11.18869409023577,8.237138207520024,17.45505225887718,-11.797412149482515,-0.9604767991947942,10.424050644374848,5.411816684549147,1.6383742159026657,-1.545594020533311,-18.161371403835535,-9.048345326582995,-0.00502383975897931,-2.2752057806128634,-8.726803965279633,3.9353293633075928,12.48713384099186,-12.457729537975009,-0.3464692838565845,-5.416689593770526,-9.846458173011541,-1.596680800675476,-6.3265700762233115,-6.331018129179315,-9.544699616359729,-11.9923029566761,2.107801579807576,0.05792144856691279,-15.314226758012417,16.180770666562644,8.154128258643222,-3.6270016559073683,-4.112741921254567,-2.259639357320043,0.9956684869070629,13.393394859103942,5.936045977720597,-10.459498413284122,-2.961571084993296
67.34127830132856,-66.94424782389493,-11.752252815986099,-41.794541970675844,-84.7200521411331,-171.47941621977645,-39.898172664063345,156.50090127849427,6.258888241544635,15.864867117744422,37.525198084149636,10.047337928142259,76.55282760663037,99.23361874055887,83.70680901476912,-173.10227211282105,-32.525794314353895,-56.8549473287164,-107.40562052243114,68.81229090318362,144.1819241101977,-109.0569411753708,-4.8693755566285555,91.01116128136434,59.90549977414343,1.2299601726526885,-10.044325713920205,-156.28208416459424,-85.77804783713833,-10.66066643201757,-7.897748193720183,-72.17380058959577,33.44478205101502,106.87071083116253,-98.738833051732,-12.478576649702614,-34.83371609736015,-79.84396203993465,-6.384883084226254,-48.56561052434334,-52.433418758237075,-95.69249177428705,-102.16352918966666,28.83096128301306,-13.481114013787227,-134.5230481520512,136.67082184941307,70.53219872872992,-35.46637309950914,-56.779712413503,-27.787435452823548,4.482395189365798,96.58402439022161,39.410733481306245,-87.81252807388363,-31.64672688480218
87.11712357952148,-89.43996141418744,-16.033685068170023,-53.932102052731175,-112.41333091161293,-227.05181138582645,-51.351168294497874,207.85854377156588,7.907305697162405,20.263417563122097,52.20706293884863,10.903061647731278,99.23361874055887,131.34554962758662,109.19438271417265,-228.4230667502643,-41.50404915713013,-74.46105270577257,-142.94240870064792,90.21533220002412,188.79321596471263,-144.59683415797554,-5.9089599148782375,119.9228061943473,80.77237323051976,-0.29185984741240345,-12.731856698456635,-205.58940891499176,-114.01613627657575,-15.5963527048687,-8.641657125302986,-94.51543500517556,43.93183605937357,140.49853318189304,-128.63264539685343,-17.83199854384296,-44.07527311030736,-104.31708847136257,-7.315031693701754,-63.01764198966325,-68.67778707881361,-127.90135180718697,-134.24001444769007,39.51452982569087,-19.81128656375568,-177.36979094712382,179.41259943389537,92.84005150500572,-47.28925955985754,-77.88826943990676,-37.79169592515908,5.2923042553383475,124.2812683915566,50.11559590238048,-115.19116400076904,-42.53675699133618
73.59034853119975,-73.8731631066944,-13.053594224484513,-45.63816678593858,-93.29472020358219,-188.7123877501314,-43.53200369883536,172.39078102650183,6.792054537389932,17.272342321167383,41.93524997835395,10.4469879459758,83.70680901476912,109.19438271417265,91.70432663659226,-190.29955166408828,-35.3970207546401,-62.36235010583367,-118.38463611446642,75.50017813120063,158.1324498494726,-120.06391608463295,-5.22149651521717,100.00900315860551,66.29674422933797,0.8667935493394954,-10.909832996465889,-171.6481986990601,-94.51027426695923,-12.108465285265344,-8.234220601070652,-79.16049753193225,36.717847602668996,117.35711322699635,-108.12898056572423,-14.062621579473698,-37.81607070562265,-87.51061570737643,-6.735765892775284,-53.11950693314256,-57.51157130606232,-105.61091252749894,-112.16999956438401,32.06723484956388,-15.331884438694521,-147.85311481697966,150.0120873256092,77.48120354678449,-39.11399977860909,-63.1677912416028,-30.8330794456618,4.769536520574965,105.37854335195934,42.84647453109977,-96.36472922718764,-34.98917902158429
-152.01010375067355,155.3418254759449,27.76038874166613,94.14213030085341,195.42706305589653,394.84722012081886,89.67603591658742,-361.3092109319732,-13.844295622489286,-35.41957316191195,-90.15555151846671,-19.57015484952738,-173.10227211282105,-228.4230667502643,-190.29955166408828,397.43270247175957,72.57267112935064,129.68985876162776,248.3942660166537,-157.11062798094883,-328.85691832992967,251.41686089008513,10.415308288587633,-208.69606283215938,-140.08887616741973,0.024820944481247265,22.284330493767232,357.8586746625584,198.16396286952542,26.746443134987004,15.47279391449353,164.63007311761692,-76.48303940872884,-244.57707815443626,224.22010643159564,30.687217754038407,77.16054835844311,181.76778955215985,13.013980507891706,109.9135505290358,119.62463837058681,222.126630494307,233.70138732555827,-68.38104189260956,33.96210689162842,308.63369167603133,-312.39323648007627,-161.58784480724756,82.1546004837661,134.78423874396617,65.46906677599266,-9.36689373434525,-217.02771347024364,-87.67394318052371,200.58809648365133,73.8064073149253
-28.653444579944697,27.800791312289704,4.798713503822655,17.817266387993886,35.366081680001955,71.70153049243383,17.04436427679695,-65.28285026426943,-2.7084682253324903,-6.8114466419891375,-15.078412098490906,-4.787343860924189,-32.525794314353895,-41.50404915713013,-35.3970207546401,72.57267112935064,13.983217847927198,23.96944498644334,44.73255117518368,-28.99035977037934,-60.80767472566655,45.559216840731466,2.167802991673499,-38.198080534069206,-24.69027885999718,-0.9805191657051282,4.337719164236722,65.67201773430445,35.758763821563534,4.095337982694024,3.736435465321173,30.434618010295154,-14.066852910567677,-44.92693864153629,41.79536892799884,4.904208689073808,15.060601200426413,33.730704528524264,2.9510183493190443,20.620868609313934,22.109850777157035,39.72638161192281,42.966767206566814,-11.732147037378907,5.163724169946169,56.428756494703286,-57.52587175345527,-29.62467809817612,14.749868129174482,23.09394590989568,11.37704008382052,-2.0317245637527375,-41.25671815302334,-16.983093071869924,36.977462656491056,13.076190355535587
-49.9648612404466,50.462921534330896,8.955300027991289,30.971136268282393,63.649600418510154,128.69341973364072,29.525653767178774,-117.63171626750983,-4.591793442255599,-11.70110728817611,-28.870587389099583,-6.862127128166848,-56.8549473287164,-74.46105270577257,-62.36235010583367,129.68985876162776,23.96944498644334,42.441970927060595,80.8130158666313,-51.391069752173486,-107.60661160576326,81.89623783898571,3.5002356884527703,-68.13830789624443,-45.37300446787218,-0.3832441856536423,7.378108262040056,116.91236817957525,64.49979752934611,8.418799088439005,5.423285133582798,53.86962648870963,-25.00280060476805,-79.92502440422143,73.51273444619245,9.7298083574211809,25.5676394927645,59.5248690638353,4.468062381367638,36.08573237776251,39.138203464578396,72.15063345845377,76.38489712352043,-22.013643317075427,10.667465741964042,100.74979748750346,-102.13399080331132,-52.77935390197842,26.709345550717444,43.36493764673517,21.135454230974144,-3.182552623460772,-71.4754801501696,-28.995110004448755,65.6004752520337,23.93276496159359
-94.24055149903265,97.57100680344602,17.586025003482185,58.302565631840764,122.41754280584126,247.12146397511464,55.47333439655836,-226.41161970516458,-8.499727708736836,-21.846487975901244,-57.53253821153749,-11.18869409023577,-107.40562052243114,-142.94240870064792,-118.38463611446642,248.3942660166537,44.73255117518368,80.8130158666313,155.7839111659454,-97.93682358027168,-204.88345946409288,157.43291843157795,6.277670058530847,-130.35893568659432,-88.32389552938004,0.859319350821373,13.696725613435868,223.38472804544782,124.218209533133,17.39272277272194,8.895120241589911,102.57405083532262,-47.71575821137172,-152.6338620636655,139.40970252152115,19.777190173870675,47.39351484431307,113.14241787973558,7.639995171363361,68.22532706192273,74.53765822751016,139.5452839796622,145.81551173783092,-43.38620239686758,22.116209344954907,192.8374903598823,-194.83521503386376,-100.89116005368902,51.56186207198529,85.53475514331643,41.41469576928035,-5.578860276730383,-134.25118019325006,-53.96259608917019,125.06885284239328,46.47747484774751
60.46633161303411,-61.17241743033581,-10.863262474897754,-37.47669235961046,-77.12470734095632,-155.9260964039081,-35.72628393414487,142.5456729794851,5.548804979434387,14.147378507865426,35.06589733716157,8.237138207520024,68.81229090318362,90.21533220002412,75.50017813120063,-157.11062798094883,-28.99035977037934,-51.391069752173486,-97.93682358027168,62.234956458574096,130.31275637277628,-99.23925914014198,-4.226260886605662,82.53805052387337,55.01590135816949,0.39908443975742464,-8.920720142031396,-141.6053515238468,-78.16254447703713,-10.248387172253203,-6.501271115964644,-65.23503054176258,30.27968089959138,96.80056675985102,-88.99458957283127,-11.837272496636187,-30.907515909336766,-72.07671477775129,-5.379215651400277,-43.67860745787606,-47.39743737343183,-87.46139431686377,-92.51036232527397,26.71783387697509,-12.992914543098978,-122.04109345176812,123.69382950910052,63.928962169880315,-32.37278749356902,-52.64414619222277,-25.641137448570685,3.834974717670749,86.47395260218701,35.061859006426175,-79.44350168409373,-29.01358096429562
126.70780414657477,-127.95357173265793,-22.68585427614582,-78.54698024625672,-161.37266622876567,-326.3022563833578,-74.89753645267821,298.2466693318253,11.640885864565018,29.660331527468756,73.16431645186587,17.45505225887718,144.1819241101977,188.79321596471263,158.1324498494726,-328.85691832992967,-60.80767472566655,-107.60661160576326,-204.88345946409288,130.31275637277628,272.90170914979075,-207.67472553437997,-8.898003365907929,172.77787897408444,114.9871018144781,1.000733562445419,-18.71846979124268,-296.4456315494009,-163.52786140366143,-21.31273906407751,-13.742190943775231,-136.61011260988408,63.389916278972365,202.64956639721973,-186.41207056956583,-24.66870392149088,-64.85311826304623,-150.96355317699272,-11.366131373479142,-91.51785644271435,-99.259344208517,-182.932345294511,-193.67643075350404,55.79801054674421,-27.025250753530994,-255.45005112603656,258.9872625702912,133.82816112451857,-67.71806666991625,-109.95966317832846,-53.57168339106681,8.084139025568858,181.2633997799851,73.55500947325021,-166.3380033568943,-60.65008477095945
-95.72271528327744,98.5468516397694,17.689969042732297,59.24905171400855,123.77812344608574,249.96880737042972,56.4081700349373,-228.89549762740668,-8.668552698961145,-22.234582319535388,-57.70217326211757,-11.797412149482515,-109.0569411753708,-144.59683415797554,-120.06391608463295,251.41686089008513,45.559216840731466,81.89623783898571,157.43291843157795,-99.23925914014198,-207.67472553437997,159.22368633612916,6.462360993475318,-131.97746681542688,-89.04025445759366,0.49323012441475994,13.966906559387894,226.2178203643428,125.56077917845374,17.297503638013065,9.334896913104554,103.96509789547314,-48.328909233589684,-154.58115289586257,141.42251825267715,19.758237639711105,48.33782958652734,114.72970345948933,7.961418744180268,69.26517732514998,75.550038753639285,140.92580908531315,147.69148536832242,-43.62557004416463,21.99129821428091,195.19985092363933,-197.38615502035626,-102.15986991558444,52.092239392888196,86.01481761663477,41.6956211429482,-5.771970237684331,-136.49498383458103,-54.992683405892514,126.7170422195449,46.87838466017399
-4.309621802234064,3.8652183364190913,0.6232952183552035,2.6959309159366964,5.001837769044967,10.200361695371823,2.595643362209988,-9.214811529672728,-0.4270112417693984,-1.0499602418890104,-1.8560269182030193,-0.9604767991947942,-4.8693755566285555,-5.9089599148782375,-5.22149651521717,10.415308288587633,2.167802991673499,3.5002356884527703,6.277670058530847,-4.226260886605662,-8.898003365907929,6.462360993475318,0.3752454163833534,-5.500588934449962,-3.33878982918389,-0.3601848962018438,0.6835497067223771,9.494131776427606,5.036386493871893,0.4116217640320005,0.7338282412189158,4.450942960333035,-2.0412821640502217,-6.505460824797942,6.185492708529962,0.5490657637511016,2.3780615916403938,4.960654410098492,0.5526273676677587,3.080647173310325,3.231415136779329,5.512920153806854,6.228474889332263,-1.5130022620910086,0.5082844182616177,8.110949740920699,-8.359611234590854,-4.277720988842708,2.061236805082414,2.9816495134035494,1.5019589327390772,-0.3632802567435882,-6.28066898502136,-2.653310074996295,5.383939170508761,1.7815002114645808
79.93293705111343,-81.50169911379676,-14.545375260002404,-49.51212114896691,-102.5826021701821,-207.29049371154954,-47.17142464103174,189.64296075985183,7.292490755463452,18.64269431609486,47.17205276809433,10.424050644374848,91.01116128136434,119.9228061943473,100.00900315860551,-208.69606283215938,-38.198080534069206,-68.13830789624443,-130.35893568659432,82.53805052387337,172.77787897408444,-131.97746681542688,-5.500588934449962,109.59986727673305,73.45557729714105,0.1076479092003629,-11.734401405569548,-187.95670972699781,-104.00637952301138,-13.948827693406038,-8.23917533334379,-86.4946014041375,40.175126353476884,128.46407759223777,-117.84608462882919,-16.02739367283077,-40.63720855931294,-95.51366919329885,-6.90308540262724,-57.78440814404667,-62.84837842284913,-116.53870282969334,-122.75632627598063,35.81533049477992,-17.706455281620133,-162.07716727194708,164.10085296239458,84.86639502548859,-43.10936356697258,-70.58772211709368,-34.30804852983237,4.957793596669448,114.16444576115498,46.15773622915505,-105.37468960872272,-38.709122806900105
52.49623032024618,-55.439999682547416,-10.123217764024885,-32.422674078803986,-69.28085972345505,-139.6688073594676,-30.791430728509116,128.20410223134306,4.664023988846936,12.075643773694605,33.4648776421584,5.411816684549147,59.90549977414343,80.77237323051976,66.29674422933797,-140.08887616741973,-24.69027885999718,-45.37300446787218,-88.32389552938004,55.01590135816949,114.9871018144781,-89.04025445759366,-3.33878982918389,73.45557729714105,50.48043187649453,-1.2085267254559002,-7.526246521866653,-125.751734925919,-70.37341121838038,-10.391887142882341,-4.3590527038340765,-57.57538241999678,26.839842886060953,85.89378391511313,-78.00436155758095,-11.663084974875645,-26.017180593424797,-63.4114018904761,-3.8810564084705717,-38.07428775721637,-41.84061768860273,-79.31440268899102,-82.0292402483943,25.02483608885918,-13.2351205268171,-108.71180942198346,109.53291629259913,56.81595856374983,-29.26505417342527,-49.341734644173656,-23.783965386526514,2.9088837390002915,74.52718686927784,29.718039809491035,-70.28375118873367,-26.516371222525354
1.2044098024659817,0.7758045673904685,0.3689863716408473,-0.8424449896843023,0.4428770337091191,0.5608792733764792,-0.8974293918918415,-0.9565047025163763,0.24342485381662957,0.4641188656479491,-1.8768869413922415,1.6383742159026657,1.2299601726526885,-0.29185984741240345,0.8667935493394954,0.024820944481247265,-0.9805191657051282,-0.3832441856536423,0.859319350821373,0.39908443975742464,1.000733562445419,0.49323012441475994,-0.3601848962018438,0.1076479092003629,-1.2085267254559002,1.3325486265479949,-0.3625684426420676,-0.4206068016931032,0.5863275848931943,1.0654482556108458,-1.2360816548042686,-0.49349695263186266,0.1353893891342883,0.3507196459835612,-1.141523774108843,0.9518005344039102,-1.3109659017980801,-0.7149289946641009,-0.7720211988080251,-0.7364419789293692,-0.34886516743874524,1.1467361878821212,-0.38363232431009225,-1.027670402314629,1.4094878263050172,-0.08053013069021113,0.6308656368594825,0.1521738712385853,0.344727627749285,2.068523641171413,0.7866154957090888,0.4326525409637528,2.1913794778974136,1.3095193051140608,-0.46392188234393894,0.546253199075925
-8.854536704771531,8.50100808273875,1.4551350719807854,5.510271426050285,10.83972807007555,21.992895162318234,5.274768486068166,-20.00405003808517,-0.8426379192144113,-2.1126561081872675,-4.544121172698156,-1.545594020533311,-10.044325713920205,-12.731856698456635,-10.909832996465889,22.284330493767232,4.337719164236722,7.378108262040056,13.696725613435868,-8.920720142031396,-18.71846979124268,13.966906559387894,0.6835497067223771,-11.734401405569548,-7.526246521866653,-0.3625684426420676,1.3492287340033728,20.185809249496934,10.95449827945226,1.2091874753908474,1.2046181199415145,9.368523203097215,-4.326926551971707,-13.813558557563082,12.88745894899211,1.46121989203292,4.68604970026412,10.390030842993902,0.9407463326088756,6.365617354077224,6.804421973467838,12.14474205651583,13.212208923853241,-3.5539867958270666,1.5193707899276672,17.33214170836577,-17.693065220535683,-9.104732795858535,4.513900520022251,6.995533375660974,3.4567352118376804,-0.6435431444829204,-12.770907511683154,-5.274839052692891,11.377354138630244,3.9893680759163574
-137.28183046823324,139.61632469314958,24.87824041138795,85.05152976099272,175.82853371516788,355.3568539691892,81.04453688410379,-325.0254045615054,-12.549178578715587,-32.05319400797282,-80.55708236340826,-18.161371403835535,-156.28208416459424,-205.58940891499176,-171.6481986990601,357.8586746625584,65.67201773430445,116.91236817957525,223.38472804544782,-141.6053515238468,-296.4456315494009,226.2178203643428,9.494131776427606,-187.95670972699781,-125.751734925919,-0.4206068016931032,20.185809249496934,322.3785907974981,178.24476132130889,23.73285726634201,14.353948554268317,148.40440760554975,-68.91769892814895,-220.35255798434278,202.28347991436632,27.31092524383105,69.91702134136953,163.90697610760262,11.969635884291456,99.21653281309236,107.82923448168178,199.63082827892137,210.56928264582982,-61.23185013024247,30.110744576560602,277.9420092801083,-281.5055202803296,-145.5543854951886,73.86161482849427,120.66617637342446,58.6910736104249,-8.576662186072003,-196.15748007356564,-79.38025336450276,180.77754850433485,66.28399506552378
-75.27366998866533,77.7830989919445,14.001034357944954,46.575816448610496,97.62999496387796,197.10919636924334,44.3223957899149,-180.5580975103715,-6.798739425990963,-17.462762731916516,-45.75939150970819,-9.048345326582995,-85.77804783713833,-114.01613627657575,-94.51027426695923,198.16396286952542,35.758763821563534,64.49979752934611,124.218209533133,-78.16254447703713,-163.52786140366143,125.56077917845374,5.036386493871893,-104.00637952301138,-70.37341121838038,0.5863275848931943,10.95449827945226,178.24476132130889,99.05671851433738,13.796978544007164,7.188488287529563,81.86901069053769,-38.078049293794244,-121.79657812065486,111.30446270528621,15.706454560461802,37.908270031997276,90.31595795447322,6.151778596831502,54.48359751009812,59.490159086342,111.24063291443915,116.35837145435745,-34.53520917980778,17.537921768975583,153.8494656837469,-155.48286507013162,-80.50158497178809,41.110069321920776,68.08417533255017,32.98084840760687,-4.482582838635377,-107.26750510878543,-43.14756993183049,99.81358994812281,37.037427227710026
-9.263409972109564,11.064086828155633,2.1625275175234115,5.659233268383348,13.49805462434999,27.003649818066055,5.312221074441122,-25.064122597285987,-0.7376234896484709,-2.014210853638418,-7.56204566731154,-0.00502383975897931,-10.66066643201757,-15.5963527048687,-12.108465285265344,26.746443134987004,4.095337982694024,8.418799088439005,17.39272277272194,-10.248387172253203,-21.31273906407751,17.297503638013065,0.4116217640320005,-13.948827693406038,-10.391887142882341,1.0654482556108458,1.2091874753908474,23.73285726634201,13.796978544007164,2.651778668065015,0.05955492633924031,10.676892094949718,-5.038213551553464,-16.17256919135106,14.170522285694046,2.8201793075041843,4.144123513021368,11.650541959207674,0.25493673602666905,6.8033328273579965,7.7637950259276725,15.851315659254908,15.413381542816223,-5.417937699368541,3.4071942138096256,20.694929435824033,-20.50469137071577,-10.747010995640574,5.800592240128861,10.708054968094624,5.03089529657272,-0.28332234841057313,-12.849872273956924,-4.84942077384054,13.122060599745327,5.402670553311077
-7.052835279361778,5.331504263680993,0.7465949241312934,4.455368501718573,7.215678852013628,14.882435766469364,4.325550784311739,-13.20627808198533,-0.7695637036311211,-1.8213249422133795,-1.7740120284117957,-2.2752057806128634,-7.897748193720183,-8.641657125302986,-8.234220601070652,15.47279391449353,3.736435465321173,5.423285133582798,8.895120241589911,-6.501271115964644,-13.742190943775231,9.334896913104554,0.7338282412189158,-8.23917533334379,-4.3590527038340765,-1.2360816548042686,1.2046181199415145,14.353948554268317,7.188488287529563,0.05955492633924031,1.7695264557818562,6.8766844709012,-3.114656385109774,-9.874639395742781,9.81231785356204,0.304020812464576,4.229802347016694,7.745533035428616,1.2144634080477898,4.9698522905605556,4.983679263576681,7.593704939139601,9.47913341158664,-1.71163614153073,0.012135629483297623,12.120866611230618,-12.770045699285431,-6.446078246425442,2.8839134830209128,3.3133498230488163,1.8241761308559268,-0.764323826712189,-10.509049782302606,-4.632604210011886,8.259826173200878,2.3821784703135394
-63.42650079445055,64.05833362811987,11.360325004469432,39.31750484056872,80.7894524477966,163.35614042583342,37.4884558218744,-149.3131846095341,-5.827053719615374,-14.848014971067984,-36.63793178311865,-8.726803965279633,-72.17380058959577,-94.51543500517556,-79.16049753193225,164.63007311761692,30.434618010295154,53.86962648870963,102.57405083532262,-65.23503054176258,-136.61011260988408,103.96509789547314,4.450942960333035,-86.4946014041375,-57.57538241999678,-0.49349695263186266,9.368523203097215,148.40440760554975,81.86901069053769,10.676892094949718,6.8766844709012,68.38584605574165,-31.73466715471406,-101.45007409933166,93.31618449563179,12.352765611815055,32.45988171711547,75.56905948814506,5.68331471761524,45.81094685608076,49.68743748283319,91.58413235093717,96.95731771433627,-27.938831982670987,13.536264171586707,127.88395835385688,-129.6496977361613,-66.99633354455428,33.902751732072865,55.053859336958034,26.823574551567834,-4.04398621846283,-90.7334860208883,-36.81475160258177,83.2702974449215,30.368005418234745
29.383888584462028,-29.81184034550403,-5.304566927675082,-18.20725135323435,-37.56577579908788,-75.93281594126208,-17.350423314200665,69.43688089218624,2.6909407459215737,6.868222909257617,17.15394990138863,3.9353293633075928,33.44478205101502,43.93183605937357,36.717847602668996,-76.48303940872884,-14.066852910567677,-25.00280060476805,-47.71575821137172,30.27968089959138,63.389916278972365,-48.328909233589684,-2.0412821640502217,40.175126353476884,26.839842886060953,0.1353893891342883,-4.326926551971707,-68.91769892814895,-38.078049293794244,-5.038213551553464,-3.114656385109774,-31.73466715471406,14.736983488463615,47.111704976938476,-43.27510547756734,-5.80155820647153,-14.989742010857924,-35.05338914857712,-2.581140019409942,-21.22986717480183,-23.05558269927156,-42.6250313928869,-45.020259026340476,13.050243174235733,-6.385123059043938,-59.40967694112619,60.1865380375279,31.11581950112762,-15.775070163447587,-25.71309832000276,-12.516711038347506,1.8468134889593721,42.002691117081326,17.009220069027,-38.655776647486306,-14.149793733116178
93.88484319652902,-95.38207933152708,-16.98567806292075,-58.16933538522251,-120.15115114625603,-242.84528263020783,-55.43024778111997,222.0967849616158,8.58900357068378,21.931187277928398,54.968748453192326,12.48713384099186,106.87071083116253,140.49853318189304,117.35711322699635,-244.57707815443626,-44.92693864153629,-79.92502440422143,-152.6338620636655,96.80056675985102,202.64956639721973,-154.58115289586257,-6.505460824797942,128.46407759223777,85.89378391511313,0.3507196459835612,-13.813558557563082,-220.35255798434278,-121.79657812065486,-16.17256919135106,-9.874639395742781,-101.45007409933166,47.111704976938476,150.6222962181393,-138.30820731046813,-18.61672116942308,-47.84920352451867,-112.05325804508495,-8.212837355312413,-67.84381491535909,-73.7094951109997,-136.38047941851147,-143.93535746945142,41.79832055613471,-20.509590100003155,-189.96735970661905,192.42446305668102,99.48859735708609,-50.46520165589508,-82.3635944333025,-40.07486453630579,5.88088614239382,134.17259309529734,54.313048838964015,-123.57803403647878,-45.27838128062627
-86.8167140425901,86.97218552528282,15.346544828638711,53.849448921718576,109.88490818504182,222.3011534053462,51.373240349307096,-203.03452638297964,-8.024428956872079,-20.392331360300993,-49.24131343604628,-12.457729537975009,-98.738833051732,-128.63264539685343,-108.12898056572423,224.22010643159564,41.79536892799884,73.51273444619245,139.40970252152115,-88.99458957283127,-186.41207056956583,141.42251825267715,6.185492708529962,-117.84608462882919,-78.00436155758095,-1.141523774108843,12.88745894899211,202.28347991436632,111.30446270528621,14.170522285694046,9.81231785356204,93.31618449563179,-43.27510547756734,-138.30820731046813,127.50633075373817,16.484068309769068,44.67527289536667,103.17491829975863,8.006662965706376,62.654865184831415,67.79514615575539,124.33350582540159,132.19917434117983,-37.69063907494904,17.937813206297186,174.2158221659031,-176.80948267997638,-91.30656332378707,46.05534817718288,74.24289775705681,36.25812538822913,-5.65879379658599,-124.36015181014854,-50.60242421467935,113.58403179316646,41.17605597830037
-10.868175157983597,12.54313431370234,2.4032836291121678,6.663007045124304,15.39329169383261,30.86538890701243,6.282842448491422,-28.559530423002453,-0.893311358563266,-2.3983564262584434,-8.294191606774975,-0.3464692838565845,-12.478576649702614,-17.83199854384296,-14.062621579473698,30.687217754038407,4.904208689073808,9.7298083574211809,19.777190173870675,-11.837272496636187,-24.66870392149088,19.758237639711105,0.5490657637511016,-16.02739367283077,-11.663084974875645,0.9518005344039102,1.46121989203292,27.31092524383105,15.706454560461802,2.8201793075041843,0.304020812464576,12.352765611815055,-5.80155820647153,-18.61672116942308,16.484068309769068,3.051403880193029,5.017276014532553,13.520408833208888,0.4592888853301843,7.95710358407974,8.985556539032869,17.961033781972784,17.755617000499083,-6.0107437554727925,3.628227772985281,23.75344184779037,-23.65616387132442,-12.358526276144662,6.5848298337365625,11.886284683387371,5.612571058569653,-0.41582202612262714,-15.17914206935284,-5.833507882998935,15.14384470631374,6.080256426043115
-30.71285053659032,29.401507967775288,5.027244180211903,19.11579121632981,37.51785370794722,76.13147249951213,18.300850317400933,-69.22749037620835,-2.9296153821731346,-7.338677313130889,-15.656306828959494,-5.416689593770526,-34.83371609736015,-44.07527311030736,-37.81607070562265,77.16054835844311,15.060601200426413,25.5676394927645,47.39351484431307,-30.907515909336766,-64.85311826304623,48.33782958652734,2.3780615916403938,-40.63720855931294,-26.017180593424797,-1.3109659017980801,4.68604970026412,69.91702134136953,37.908270031997276,4.144123513021368,4.229802347016694,32.45988171711547,-14.989742010857924,-47.84920352451867,44.67527289536667,5.017276014532553,16.281402494979588,36.00498610416847,3.2868884869815007,22.073091190636625,23.574848760726788,42.00492596272823,45.76838508343806,-12.264240480636424,5.2021226896839625,60.022004526007166,-61.29267461682648,-31.53352448907746,15.615239438663613,24.12864042625374,11.93775262584869,-2.2455898719718164,-44.315944500188806,-18.31929440867492,39.416698380058726,13.796152203081796
