V1,V2,V3,V4,V5,V6,V7,V8,V9,V10,V11,V12,V13,V14,V15,V16,V17,V18,V19,V20,V21,V22,V23,V24,V25,V26,V27,V28,V29,V30,V31,V32,V33,V34,V35,V36,V37,V38,V39,V40,V41,V42,V43,V44,V45,V46,V47,V48,V49,V50,V51,V52,V53,V54,V55,V56
16.349375020267946,20.923056485132516,-19.132059413187246,-2.7128638143834007,-17.99774119980223,-14.549362791441995,21.998793820994397,14.151312276351243,10.320422107540214,28.86199128302701,7.744845856460354,-35.98788633419911,10.33666480524651,13.804743365756265,22.55012816189049,15.612051845522451,20.8533985698744,-29.733233971534858,-20.030619677906337,8.656467130856948,-48.01192396065117,42.01434614639631,21.078652120134215,-2.495365857205147,62.46318649403125,-3.4685408846471306,3.9835544194661323,-18.72945904428497,-17.305140917849048,-23.59822060911137,-56.10219974897837,9.499154034078042,21.433989784327412,35.22437695530757,-22.098645187097723,28.91299867199944,-8.19353386980513,27.88716563630713,37.29500107481637,5.456356967313274,22.53498674810345,15.952198182698549,-26.728218076844627,-3.3855230840394905,10.84218100599955,-29.170078534196726,-2.4997144640759617,9.834962473446588,-1.5814893114756063,71.81492613338658,-5.218554978648955,-10.973379995606658,29.24198536497229,-14.067768978999661,-19.828765894642608,-36.40570743257564
20.923056485132516,27.78261828135726,-25.42933264199336,-3.9456450162984007,-23.585412465126932,-18.515487823476906,29.08444251689877,18.30272573746218,14.024624660447225,37.37362440177393,10.05150537473157,-47.6873376971937,13.095201786259887,18.082787294797196,29.081349772364632,20.90170454138609,26.68215136608741,-38.87337918223624,-26.008813633924937,11.356902523781192,-63.217542957034105,55.76692926706866,27.955307029994174,-3.725602013979111,82.0423551542105,-5.235473225430627,4.5537402088710195,-24.774373111679903,-22.470175613792584,-30.79825138097285,-74.0768727661749,12.835368326902042,27.833348568129075,46.22674383278996,-28.801166879818936,37.88047651112502,-10.630415683769652,36.6156598872779,49.108910781091865,7.689171555427965,29.488360305444107,20.539204365706325,-34.82068309313297,-4.296425130847229,14.423834278987766,-38.43451460978605,-3.415005936123573,12.683360757450451,-2.409288840945073,93.6519374751681,-6.981097691673188,-14.42145312400609,37.92270731015651,-18.5898645861336,-25.86462936992628,-47.51492940494092
-19.132059413187246,-25.42933264199336,23.42175437887992,3.7296011982197825,21.75441463761361,17.100540950593583,-26.75059551725289,-16.933183864576165,-12.914807447460213,-34.178775799058805,-9.37311573937725,43.899983014734076,-11.93367770789746,-16.701688661559047,-26.61137264085967,-19.072506390742543,-24.314717725701378,35.689500482141156,23.970452222422605,-10.460463001832158,57.968061379295946,-51.1767055547762,-25.72491852168669,3.415329146483279,-75.44006705603607,4.994725135841139,-4.065383919645643,22.901603231449645,20.701623033143207,28.26603795187613,67.97063569319116,-11.802036698099805,-25.52105293668465,-42.51958834876276,26.411871981259917,-34.63546432520249,9.727930650835733,-33.56367622533165,-45.16485879568302,-7.16245079584694,-27.010056810065283,-18.618087973071717,31.999266413510018,3.8071464172246006,-13.186774718640072,35.454377362707085,3.07745702057385,-11.648398666496927,2.3028521839594607,-85.62452596793604,6.494444403866045,13.251725986591227,-34.721146286687734,17.0980492467009,23.749185467570587,43.64678317637922
-2.7128638143834007,-3.9456450162984007,3.7296011982197825,1.5744838381841553,3.3250765911932114,2.2628867876323935,-4.101647792642855,-2.1702525468915397,-2.153320427996708,-4.333495490013671,-1.3741284112408056,6.5069216717840375,-1.415715402657671,-2.5447231047094783,-3.4361411017959638,-2.8857414493665408,-1.975234311627527,5.342708997884587,3.288188118143657,-1.6013691470411844,8.406916640352355,-8.289567745722753,-4.081448721855533,0.8017158181045702,-11.232541272242193,1.3553450396689348,0.25261193423247297,3.8869366809393866,2.909257975498281,3.4981238454488137,10.44485782441701,-1.975443660806785,-3.561474452581577,-6.530842589443918,3.8050349507985817,-4.657139432786155,1.83857461402274,-4.775516908249301,-7.062598667311232,-1.6764245982273236,-3.7240942287336156,-2.241305237455317,4.810731335233298,0.2639263958488522,-2.3800230731217398,5.937114925778556,0.4014198210882272,-1.4270963648751538,0.5138336005865654,-11.647075908255925,0.9805809019342652,1.788750618419856,-5.256133834281593,2.291803302568792,3.396528128439904,6.346356453680932
-17.99774119980223,-23.585412465126932,21.75441463761361,3.3250765911932114,20.333149856733822,16.184578986973584,-24.886552470220444,-15.953800360595237,-11.90438834008695,-32.05426500455824,-8.812320454089386,40.84647483783703,-11.28450461366156,-15.623992275120703,-24.99854860251933,-17.609625314296462,-22.950482113997182,33.33373149976585,22.497899607070668,-9.775073102875533,53.984426396904745,-47.47876185612394,-23.90442456347137,3.0224683006209303,-70.38243062054856,4.457922169746354,-4.0167954956309195,21.33317009442873,19.4219251205714,26.467994899721457,63.230782337919116,-10.878256204923794,-23.901792703337723,-39.68433410109941,24.712751922421234,-32.32602582708919,9.074147771678856,-31.282296439038525,-42.06650361908061,-6.498050927347391,-25.213427852627674,-17.444339207284077,29.935385791602098,3.5785605832779295,-12.197538498329507,33.03316360375744,2.8014997518985387,-10.969777134821035,2.0721449390059496,-80.02276982843725,6.045698503322474,12.373577349419156,-32.50366980559769,15.929006523143494,22.221292128268537,40.80603415712771
-14.549362791441995,-18.515487823476906,17.100540950593583,2.2628867876323935,16.184578986973584,13.301828978363465,-19.63502644529513,-12.9791526044425,-9.192665091672637,-25.78914938158045,-7.125650624019899,32.262190773748536,-9.23324443073191,-12.462550865658246,-20.23024555578213,-13.726276232108814,-18.867682613011883,26.59111324039873,18.116834727447948,-7.756472161113568,42.76051413497297,-37.223065557036435,-18.811053982501207,2.0709740570547353,-55.907556864818545,3.2046205468110225,-3.6621535580645173,16.811404752688855,15.6084987670059,21.250055325491388,49.99792264109816,-8.410216060611981,-19.182178874625986,-31.46706717080125,19.762375748883578,-25.79418133970886,7.187204062750388,-24.92292649825575,-33.31429779709271,-4.82255240885592,-20.11475149794376,-14.058508617250526,23.97238685258166,2.947799354354349,-9.490945653984443,26.143807979171598,2.067242922011546,-8.845871521868856,1.4715706448217865,-63.93951791734373,4.7556885418203905,9.805632983297242,-25.960656765887382,12.681030224247385,17.820820682153652,32.55178618863475
21.998793820994397,29.08444251689877,-26.75059551725289,-4.101647792642855,-24.886552470220444,-19.63502644529513,30.718770459609274,19.342071156783966,14.593247308009829,39.301426382599345,10.868259406291829,-50.26460663141265,13.672333657201392,19.055000609282633,30.52150964153832,21.94101944619346,28.13096580740775,-40.89923497157484,-27.49285962058303,11.87879756262511,-66.64927921683947,58.61489505334584,29.431783915413256,-3.8856318774382665,86.4967809955137,-5.568511528638693,4.913755511262046,-25.978015529379405,-23.751957554184994,-32.47639503657484,-77.69591750825128,13.52971904022414,29.325076291676307,48.62039819064858,-30.155660962661663,39.65595838413911,-11.1215822125512,38.62317630555659,51.82808503279198,8.15935061285339,31.08609132562261,21.542241243368014,-36.65211656265972,-4.374167079245497,15.010862111288208,-40.46846909947359,-3.7044855927549523,13.320872905058993,-2.4804833749502815,98.3129237775543,-7.402715067026717,-15.207534085282544,39.76556050386819,-19.666405294503164,-27.13919719009861,-50.16044420682883
14.151312276351243,18.30272573746218,-16.933183864576165,-2.1702525468915397,-15.953800360595237,-12.9791526044425,19.342071156783966,12.855429049313301,9.267463753009368,25.383974393547565,6.92688574038971,-31.974913481762716,9.052943532909808,12.317416429741538,19.879354367969405,13.546889553564359,18.66506402860784,-26.110829793734034,-17.84223052449267,7.709828177016949,-42.10080490854526,36.6669954416181,18.578031661071204,-2.123326341635405,55.07744489672373,-3.2785731003052847,3.4769588250128094,-16.67321491625046,-15.350350295046942,-21.042428555974837,-49.35395430453498,8.328699479582301,18.811403516200112,31.037041096845265,-19.50388783346848,25.51878769796743,-6.924733976983412,24.46865560918576,32.70788128665273,4.762842551628282,19.770877150120135,13.714145321364253,-23.503108784250326,-2.909668691114007,9.329295787144165,-25.69985201414571,-2.002656615308924,8.784703509010681,-1.6260206914390838,62.94539595113724,-4.76818276471848,-9.736414735887296,25.41870150153534,-12.549246124282478,-17.56964766144139,-31.951174557540018
10.320422107540214,14.024624660447225,-12.914807447460213,-2.153320427996708,-11.90438834008695,-9.192665091672637,14.593247308009829,9.267463753009368,7.32487750966143,18.58392457822126,4.947161738644415,-24.120805889407222,6.49728540662753,9.180185584795055,14.49256990980983,10.447941959188775,13.115435638004246,-19.472424840807037,-13.03930831684178,5.8178095013956534,-31.57833731185956,28.079667082698883,14.131475224170932,-1.9656714373242337,41.20422991628754,-2.8911750859932175,1.9581722700808293,-12.737503972345836,-11.251078766111586,-15.423880021417714,-37.399110026597555,6.496254334931624,13.851197787665662,23.331836043460232,-14.529880156737871,19.03900927962149,-5.282752428672043,18.21838488207675,24.60120119703427,3.9746529048697754,14.668017683526323,10.015028932696485,-17.437767937343736,-2.0995817422763974,7.313335844684624,-19.45231175824806,-1.5753345197243944,6.4012529809848395,-1.4462786326383832,46.72582437304993,-3.6007740313903507,-7.264273635267074,18.945911267937,-9.317756390965659,-13.02997352903114,-23.699253315022638
28.86199128302701,37.37362440177393,-34.178775799058805,-4.333495490013671,-32.05426500455824,-25.78914938158045,39.301426382599345,25.383974393547565,18.58392457822126,51.700863048684845,13.78428445479902,-64.58081957153199,18.38074520960645,24.59843352455298,40.2379826151292,28.020347562610294,37.96465767442851,-52.86944043754852,-35.794853903691994,15.437218294989323,-85.90727448472423,74.80707426294393,37.615512780363375,-4.544435000890466,111.48989225567225,-6.2095108220518265,7.268611904387905,-33.239572645296406,-30.86980606863283,-42.5479170202249,-100.04910939947504,17.020816917341204,38.1858509370194,62.728665202137925,-39.377954879622884,51.862070113117916,-14.179774887056873,49.83785506613275,66.34713476969519,9.626068262127207,40.322004623529,28.492958024266844,-47.42503888563041,-6.117602483298808,19.108337593632292,-51.636663251035486,-4.593281943530065,17.68011386160905,-2.97865526210928,128.4079728073137,-9.436738965180133,-19.772440199399572,51.74384129888002,-25.37207635274297,-35.35059123279592,-64.87618957514573
7.744845856460354,10.05150537473157,-9.37311573937725,-1.3741284112408056,-8.812320454089386,-7.125650624019899,10.868259406291829,6.92688574038971,4.947161738644415,13.78428445479902,4.110892644025037,-17.69657157365579,4.72976959947904,6.734118173909398,10.704164153952442,7.61557103503927,9.965585916502144,-14.403796289563159,-9.8049227783177475,4.1026006702911415,-23.478591649948736,20.464907850893884,10.333539031104312,-1.270297246377505,30.53014445836807,-2.0116177176139787,1.8756735559453963,-9.046473494961765,-8.46237378517905,-11.470159632724014,-27.0757640284091,4.741913279884375,10.362220267677657,17.038113746447696,-10.477189870540451,13.752223743120268,-3.871672512079991,13.683774136729237,18.354815307950567,2.9067226501106287,10.974918285429874,7.503780666122895,-12.95160338963994,-1.4142789395303417,5.110426129846053,-14.281226084332436,-1.3351005452160551,4.641187124020342,-0.7950702935666435,34.322065374856976,-2.639446105301616,-5.332777402018394,13.857499718252361,-7.008364438743493,-9.510736282895746,-17.7696324921058
-35.98788633419911,-47.6873376971937,43.899983014734076,6.5069216717840375,40.84647483783703,32.262190773748536,-50.26460663141265,-31.974913481762716,-24.120805889407222,-64.58081957153199,-17.69657157365579,82.55582204233845,-22.545082465140652,-31.34740626025855,-50.206482261561455,-35.84494110861,-46.49267605224862,67.03127424708065,45.19181664726696,-19.60516505098769,109.12107030749397,-95.87054989632037,-48.23555981139231,6.303781783071542,-141.81462545633661,9.114412406695088,-8.073550211291298,42.75585032764559,38.99890513852787,53.479708620987005,127.49801265590692,-22.10383689406388,-48.0706779644668,-79.79277470547146,49.62943988433238,-65.2678864998205,18.05950167373904,-63.20948895063018,-84.7587659175255,-13.204913253705445,-50.92418286406198,-35.23302997676934,60.0785684352155,7.2568859470948945,-24.53792266934469,66.28612731210637,5.885038945051497,-22.02397954011576,4.2359242732821505,-161.37274800121486,12.216458779869606,25.013497802358394,-65.14359120196121,32.29113045019982,44.64827162839958,82.13665737894685
10.33666480524651,13.095201786259887,-11.93367770789746,-1.415715402657671,-11.28450461366156,-9.23324443073191,13.672333657201392,9.052943532909808,6.49728540662753,18.38074520960645,4.72976959947904,-22.545082465140652,6.708919499048127,8.695386339973425,14.396308917290261,9.67560329895845,13.574847500975286,-18.65124638404642,-12.663303620945758,5.509463898564262,-30.01647979707801,26.080753439801658,13.12634706993376,-1.4413293508621285,39.12551161132284,-1.9319557693273992,2.70261747386275,-11.750775922266017,-10.91441180315141,-15.019061684417062,-35.180810671224386,5.824825252262045,13.510683897475984,22.12497272551021,-14.044901464492046,18.388162725141996,-5.041967835270461,17.422448512940772,23.16992678523334,3.1449077464060444,14.153251376284778,10.135323446419475,-16.77596316364421,-2.2701346313351913,6.727692923569186,-18.12934637294969,-1.4554505334993935,6.355919488171939,-1.0088626764899582,45.46818644634594,-3.2712144672479972,-6.947836494589908,18.435811534373872,-8.820099582922463,-12.563950767912766,-22.815326653443822
13.804743365756265,18.082787294797196,-16.701688661559047,-2.5447231047094783,-15.623992275120703,-12.462550865658246,19.055000609282633,12.317416429741538,9.180185584795055,24.59843352455298,6.734118173909398,-31.34740626025855,8.695386339973425,12.029461442848742,19.220688645140108,13.440755027466462,17.625464418583665,-25.58099471649276,-17.294278692649478,7.5424067347233255,-41.32664485630162,36.360587352658904,18.33413727660627,-2.2869120637015734,53.99007234893666,-3.430475610206991,3.0577987294517435,-16.447850888202684,-14.920735255496481,-20.327319441872575,-48.54347193120859,8.313244287872783,18.333877004538607,30.48218016355538,-19.019602420225933,24.836538253295867,-6.949469491209903,23.946680701742444,32.225802939898955,4.9506344530596715,19.30862640904983,13.329865528866408,-22.989224739442044,-2.7541404427357223,9.355437073916374,-25.376657820575833,-2.067291970233905,8.457220899640527,-1.6346792983732934,61.38117146499929,-4.65556760033821,-9.49483172563983,24.95173940141985,-12.207306208253177,-17.09865633104355,-31.27470815439873
22.55012816189049,29.081349772364632,-26.61137264085967,-3.4361411017959638,-24.99854860251933,-20.23024555578213,30.52150964153832,19.879354367969405,14.49256990980983,40.2379826151292,10.704164153952442,-50.206482261561455,14.396308917290261,19.220688645140108,31.44409474086902,21.690135576409478,29.490578269186354,-41.255840629964716,-27.92209255558937,12.070851161418311,-66.70655677431267,58.1629462452877,29.270899263036107,-3.4347518123198792,86.78988567542054,-4.849986653643726,5.62649276049271,-26.01648508673816,-24.06974554133928,-33.07937629244953,-78.01382794595222,13.178538035039304,29.764452763736543,48.88912191019016,-30.778746305977993,40.42052479379449,-11.128548090375936,38.76726199764353,51.647014735871,7.454211998449425,31.343592963748936,22.13182268822737,-37.06689812719489,-4.79058396237765,14.927963569357585,-40.35939176083503,-3.383665058983489,13.775000104976996,-2.327321812884628,99.96813912828853,-7.330178496278309,-15.323353485254403,40.40607599576005,-19.698776291184142,-27.650210387468185,-50.48151170582682
15.612051845522451,20.90170454138609,-19.072506390742543,-2.8857414493665408,-17.609625314296462,-13.726276232108814,21.94101944619346,13.546889553564359,10.447941959188775,28.020347562610294,7.61557103503927,-35.84494110861,9.67560329895845,13.440755027466462,21.690135576409478,15.933015641411673,20.09736498136129,-29.11939346878791,-19.42056340979945,8.390303402930154,-47.73008901374989,42.01188181746461,21.004202214773645,-2.9066923147129593,61.5813279523317,-3.967186840718221,3.4865497686665887,-18.330910918556125,-16.787270742542002,-23.12673737312086,-55.52969161031414,9.752868982412611,20.872092241772815,34.53239495668639,-21.420267938198176,28.381611974384793,-7.919748967839734,27.671184418418083,36.96091196893226,5.879423850911688,22.247600217246003,15.541021703373637,-26.021060443478063,-3.2139393033689205,10.790311994064268,-28.68965208936581,-2.7968668156388277,9.391707902744853,-1.7222136465012758,70.31176085536971,-5.215470096145213,-10.830973948546061,28.2800568162936,-14.061791972578108,-19.27163421634371,-35.69603743764984
20.8533985698744,26.68215136608741,-24.314717725701378,-1.975234311627527,-22.950482113997182,-18.867682613011883,28.13096580740775,18.66506402860784,13.115435638004246,37.96465767442851,9.965585916502144,-46.49267605224862,13.574847500975286,17.625464418583665,29.490578269186354,20.09736498136129,29.119269729547423,-37.97363893527272,-26.0534632262096,11.036256719254514,-62.0038286285476,53.023060412643616,26.772604018242422,-2.9403967494967453,80.15552960221257,-3.8512195406764143,6.1626307105775195,-23.363576919941092,-22.384263096661943,-31.384148855483883,-71.57162680795945,12.0075527191498,27.704425523038935,44.845031673476875,-28.426950671657597,37.825502247338164,-9.734994492742384,36.09985775925456,47.339333267275,6.274929851738604,29.316948593933077,21.029061321728822,-34.04482083702696,-4.718007805780336,13.254881228374105,-36.40832899586612,-3.3493555258428303,13.025116271163226,-1.9664167121008649,93.45530622136206,-6.782728967422128,-14.405009813656108,37.031406684003734,-18.555458583948294,-25.57441221959812,-46.788788846262584
-29.733233971534858,-38.87337918223624,35.689500482141156,5.342708997884587,33.33373149976585,26.59111324039873,-40.89923497157484,-26.110829793734034,-19.472424840807037,-52.86944043754852,-14.403796289563159,67.03127424708065,-18.65124638404642,-25.58099471649276,-41.255840629964716,-29.11939346878791,-37.97363893527272,54.89959642527757,36.927060770828255,-15.99982100170865,88.92455017248842,-78.1375982109007,-39.256487345009965,4.930732472830539,-115.68312778169935,7.145649628760353,-6.7935208157464055,34.86708113519198,31.883017843098617,43.53579518114855,104.09169718045626,-17.8752315806509,-39.39905342737567,-65.14685402156154,40.666441163723654,-53.32317193904109,15.007629580995046,-51.628334995421206,-69.1989980915316,-10.59842636768992,-41.59162479664436,-29.00371188263098,49.29089076242699,6.042304094163511,-20.12466407116896,54.208222544575925,4.656302920227379,-17.976832934424746,3.2388119272959113,-132.05550368915556,9.823573536164535,20.28875917839364,-53.57917622839816,26.200089421423883,36.57896779856809,67.14215053291262
-20.030619677906337,-26.008813633924937,23.970452222422605,3.288188118143657,22.497899607070668,18.116834727447948,-27.49285962058303,-17.84223052449267,-13.03930831684178,-35.794853903691994,-9.8049227783177475,45.19181664726696,-12.663303620945758,-17.294278692649478,-27.92209255558937,-19.42056340979945,-26.0534632262096,36.927060770828255,25.056711885748474,-10.804306899105134,59.81797781584933,-52.25342332485992,-26.351318974339424,3.1795540451476283,-77.93659147507131,4.672778808715637,-4.82205883575949,23.44035279933717,21.60340292525577,29.572219808676845,69.84897172561662,-11.925354347546453,-26.585273031691525,-43.86636300214899,27.42645300736144,-35.9598949835709,9.92586627952679,-34.72435017034449,-46.46082934401834,-6.935086465329673,-28.029176982320983,-19.521897380551405,33.17861128989613,4.072044064149656,-13.329075329529157,36.35751042346945,3.088126786431596,-12.267565763658656,2.1968487351108097,-89.01465591340039,6.67945225707588,13.75042021333771,-35.994796823482524,17.721863486136485,24.68244487785022,45.268540258676
8.656467130856948,11.356902523781192,-10.460463001832158,-1.6013691470411844,-9.775073102875533,-7.756472161113568,11.87879756262511,7.709828177016949,5.8178095013956534,15.437218294989323,4.1026006702911415,-19.60516505098769,5.509463898564262,7.5424067347233255,12.070851161418311,8.390303402930154,11.036256719254514,-15.99982100170865,-10.804306899105134,4.776175038343371,-25.79967556582861,22.753476161462775,11.467355167243552,-1.4402439266302123,33.74881015725782,-2.0954794001900376,1.8730224917639062,-10.366369105943138,-9.322697191394766,-12.726273291951452,-30.44819574088195,5.178312908208877,11.462804800534842,19.13222096443434,-11.984856336513863,15.624365237504305,-4.35571074625346,14.905593866640162,20.08465846740719,3.0430088122051635,12.050537715550282,8.352435100294995,-14.371742667758124,-1.769947819340538,5.901139943796443,-15.865366768985153,-1.2513403521609308,5.352978641535831,-1.0668518954784483,38.51906151541973,-2.9104083577835733,-5.964122541305049,15.691053375230812,-7.58957320409943,-10.731535726934249,-19.52902663545903
-48.01192396065117,-63.217542957034105,57.968061379295946,8.406916640352355,53.984426396904745,42.76051413497297,-66.64927921683947,-42.10080490854526,-31.57833731185956,-85.90727448472423,-23.478591649948736,109.12107030749397,-30.01647979707801,-41.32664485630162,-66.70655677431267,-47.73008901374989,-62.0038286285476,88.92455017248842,59.81797781584933,-25.79967556582861,144.98640228738668,-127.12818794037352,-63.805210173270126,8.289128876258173,-187.91630726657675,11.624469723029385,-11.163412411765293,56.16933115363563,51.658599488219956,70.89300777810622,168.81447565348705,-29.263802552378767,-63.90159318725851,-105.57379561006219,65.69068899278139,-86.56473427131378,24.082180132179765,-84.07015943045947,-112.43471839558325,-17.343005658131727,-67.74352015509088,-47.28761743715651,79.670035183703,9.779156311921213,-32.526539721440685,87.57397380163268,8.084144948892273,-29.111598203085258,5.224638065564416,-214.5604960255441,15.994236240521403,33.11709915396329,-86.57991524821149,42.78920144893896,59.087706505967205,109.09420148095792
42.01434614639631,55.76692926706866,-51.1767055547762,-8.289567745722753,-47.47876185612394,-37.223065557036435,58.61489505334584,36.6669954416181,28.079667082698883,74.80707426294393,20.464907850893884,-95.87054989632037,26.080753439801658,36.360587352658904,58.1629462452877,42.01188181746461,53.023060412643616,-78.1375982109007,-52.25342332485992,22.753476161462775,-127.12818794037352,112.31809709746928,56.290864694029125,-7.577890092434798,165.03499572573176,-10.777084316156676,8.960536739675868,-49.84115957844174,-45.1799930154785,-61.66061407078648,-148.75608715721188,25.90972954044825,55.894352128636896,92.9469262392057,-57.674206032844886,75.7338092064155,-21.486250907173996,73.61869830945714,98.99548989193578,15.758268416488185,59.223624740985386,41.06726657558044,-70.00751412631296,-8.38837328490586,29.010702773129623,-77.5050930811256,-6.9920671982746905,25.327393401933097,-4.812850730171499,187.62117782117357,-14.063167997476162,-28.936323967635413,76.14881399090511,-37.34933358667946,-51.83160086648802,-95.61097005441782
21.078652120134215,27.955307029994174,-25.72491852168669,-4.081448721855533,-23.90442456347137,-18.811053982501207,29.431783915413256,18.578031661071204,14.131475224170932,37.615512780363375,10.333539031104312,-48.23555981139231,13.12634706993376,18.33413727660627,29.270899263036107,21.004202214773645,26.772604018242422,-39.256487345009965,-26.351318974339424,11.467355167243552,-63.805210173270126,56.290864694029125,28.274812563082293,-3.7492366775339034,82.96204844784373,-5.440135998488364,4.536013429685848,-25.104246698015867,-22.76438270938131,-31.077413084431768,-74.700379847375,12.979199614307937,28.090280283401732,46.726909045274816,-29.01475435559777,38.0700726753586,-10.718348920132073,36.95551332725091,49.69802696830501,7.869477218319409,29.73789481923532,20.547418166479666,-35.19370980906415,-4.193854638713896,14.49433649499501,-38.955675990302204,-3.436330310057362,12.788270800538534,-2.471924447126653,94.2171603187752,-7.116509928341971,-14.564750043934033,38.202254962149546,-18.805522220514103,-26.09354683972342,-48.0389873862647
-2.495365857205147,-3.725602013979111,3.415329146483279,0.8017158181045702,3.0224683006209303,2.0709740570547353,-3.8856318774382665,-2.123326341635405,-1.9656714373242337,-4.544435000890466,-1.270297246377505,6.303781783071542,-1.4413293508621285,-2.2869120637015734,-3.4347518123198792,-2.9066923147129593,-2.9403967494967453,4.930732472830539,3.1795540451476283,-1.4402439266302123,8.289128876258173,-7.577890092434798,-3.7492366775339034,0.7326921012263038,-10.614121698702952,0.9631868464239881,-0.2471681039712306,3.259310271394474,2.7721982790992636,3.7963518383801333,9.684143077300357,-1.8484890519238037,-3.4462719428944983,-5.981709092548542,3.56459835184991,-4.74179325574527,1.382866038453406,-4.707893930650283,-6.46565069065761,-1.2879759124738914,-3.7552504162350946,-2.485214547747208,4.348374014319856,0.43987860136842283,-1.9845375428002836,5.0432182474011995,0.5952007475309221,-1.5034913714824967,0.420450520559194,-11.72451306287565,0.9407693264741125,1.8704112525034087,-4.740172267165784,2.4039875700995155,3.183595508343265,6.055321453441102
62.46318649403125,82.0423551542105,-75.44006705603607,-11.232541272242193,-70.38243062054856,-55.907556864818545,86.4967809955137,55.07744489672373,41.20422991628754,111.48989225567225,30.53014445836807,-141.81462545633661,39.12551161132284,53.99007234893666,86.78988567542054,61.5813279523317,80.15552960221257,-115.68312778169935,-77.93659147507131,33.74881015725782,-187.91630726657675,165.03499572573176,82.96204844784373,-10.614121698702952,244.3035653032628,-15.28950751878746,14.22818689204987,-73.56003419962741,-67.2894263036781,-92.02306915185306,-219.53638663709094,37.88877458502132,83.03396526466263,137.50997472421827,-85.63129758545438,112.4176233600617,-31.41872028618606,108.94748458974244,146.08979506028936,22.534403424916675,87.79513832515238,61.025951263018946,-103.77515055233657,-12.59280100553579,42.33263057842759,-114.28078379960503,-10.074799372744627,37.96630593293227,-6.993582890302428,278.4109656678736,-20.880847060688833,-42.98817766301045,112.72186399264078,-55.45446959964108,-77.01424143216857,-141.72599078856018
-3.4685408846471306,-5.235473225430627,4.994725135841139,1.3553450396689348,4.457922169746354,3.2046205468110225,-5.568511528638693,-3.2785731003052847,-2.8911750859932175,-6.2095108220518265,-2.0116177176139787,9.114412406695088,-1.9319557693273992,-3.430475610206991,-4.849986653643726,-3.967186840718221,-3.8512195406764143,7.145649628760353,4.672778808715637,-2.0954794001900376,11.624469723029385,-10.777084316156676,-5.440135998488364,0.9631868464239881,-15.28950751878746,1.7566530641875155,-0.1351266094230512,4.934083751960844,4.044894292765296,5.330685362837932,13.95798022078898,-2.6459751983697983,-4.8926704374469745,-8.603650025755107,5.098183033581401,-6.6114317733471974,2.016313652658371,-6.72506891135906,-9.395138782932424,-2.0248687721944796,-5.259006794974455,-3.169469614181151,6.399025226681311,0.46908229140280566,-2.820721543507213,7.598591276654492,0.5916640114447586,-2.0579793917267835,0.7140669618247317,-16.180548051721946,1.4300244685105112,2.5636545674309716,-6.651498423725614,3.4782140039353093,4.666559264328501,8.612949932727906
3.9835544194661323,4.5537402088710195,-4.065383919645643,0.25261193423247297,-4.0167954956309195,-3.6621535580645173,4.913755511262046,3.4769588250128094,1.9581722700808293,7.268611904387905,1.8756735559453963,-8.073550211291298,2.70261747386275,3.0577987294517435,5.62649276049271,3.4865497686665887,6.1626307105775195,-6.7935208157464055,-4.82205883575949,1.8730224917639062,-11.163412411765293,8.960536739675868,4.536013429685848,-0.2471681039712306,14.22818689204987,-0.1351266094230512,1.7902459658356893,-3.73516666728066,-4.123485226469769,-5.93056682430728,-12.354157396873795,1.934604668777459,5.158187864625376,7.814030248060082,-5.0995448962895384,6.918099207018189,-1.6250702417952965,6.601956326547305,8.27693846652389,0.6870317284195578,5.431982758632178,4.209652104627541,-6.112577159281223,-1.0205348914542278,2.0924657898076315,-6.077448741012155,-0.6756600053224502,2.4682392862790534,-0.0660780812228431,17.346469245635568,-1.1176966646978934,-2.618258561138977,6.690834158930141,-3.3871528580945642,-4.606504663582642,-8.532351304250996
-18.72945904428497,-24.774373111679903,22.901603231449645,3.8869366809393866,21.33317009442873,16.811404752688855,-25.978015529379405,-16.67321491625046,-12.737503972345836,-33.239572645296406,-9.046473494961765,42.75585032764559,-11.750775922266017,-16.447850888202684,-26.01648508673816,-18.330910918556125,-23.363576919941092,34.86708113519198,23.44035279933717,-10.366369105943138,56.16933115363563,-49.84115957844174,-25.104246698015867,3.259310271394474,-73.56003419962741,4.934083751960844,-3.73516666728066,22.720984439527125,20.2444487780542,27.440960545335788,66.42409819688802,-11.412400969359915,-24.86347199211874,-41.68642673948108,25.96139479158574,-33.75868193133409,9.609799875536726,-32.4734480248284,-43.9733518094242,-6.961284368875125,-26.1573823364073,-17.919834934354085,31.33356882026942,3.6772797627744405,-12.969369842535158,34.85666167087632,2.724503239990229,-11.459479371662415,2.383149032342603,-83.29609400499841,6.367146420813038,12.890996627331866,-34.0752059538813,16.509644953379254,23.296599884822943,42.49146625337531
-17.305140917849048,-22.470175613792584,20.701623033143207,2.909257975498281,19.4219251205714,15.6084987670059,-23.751957554184994,-15.350350295046942,-11.251078766111586,-30.86980606863283,-8.46237378517905,38.99890513852787,-10.91441180315141,-14.920735255496481,-24.06974554133928,-16.787270742542002,-22.384263096661943,31.883017843098617,21.60340292525577,-9.322697191394766,51.658599488219956,-45.1799930154785,-22.76438270938131,2.7721982790992636,-67.2894263036781,4.044894292765296,-4.123485226469769,20.2444487780542,18.636470985603964,25.47750949029819,60.31270665796688,-10.313578516320446,-22.945046291926204,-37.886235109560175,23.66217189971195,-31.007783055188344,8.608747621199292,-29.97338586365031,-40.1441771351502,-6.024856903075145,-24.192008736801537,-16.854049795626707,28.642099393471746,3.499457574405951,-11.542030719135022,31.41699519878815,2.6936745072575254,-10.569527972219467,1.88703359710881,-76.8153994728618,5.756763599387627,11.864377304148846,-31.10495636476588,15.275986789985348,21.28463799120747,39.09212564728075
-23.59822060911137,-30.79825138097285,28.26603795187613,3.4981238454488137,26.467994899721457,21.250055325491388,-32.47639503657484,-21.042428555974837,-15.423880021417714,-42.5479170202249,-11.470159632724014,53.479708620987005,-15.019061684417062,-20.327319441872575,-33.07937629244953,-23.12673737312086,-31.384148855483883,43.53579518114855,29.572219808676845,-12.726273291951452,70.89300777810622,-61.66061407078648,-31.077413084431768,3.7963518383801333,-92.02306915185306,5.330685362837932,-5.93056682430728,27.440960545335788,25.47750949029819,35.20201723464138,82.49211918138087,-14.104676537838055,-31.428526034025317,-51.700895326032295,32.39437860752127,-42.743111560814235,11.522370420086212,-41.13050726667976,-54.732455051294046,-8.028264085209742,-33.250789613895655,-23.31797412971619,39.0368247634806,4.96571224600085,-15.649264515354199,42.57709144377932,3.797182458593492,-14.572909168314707,2.574357325033931,-105.66110064431692,7.881677116521665,16.352833891626112,-42.397854213602905,21.06019857015389,29.132539269669508,53.4612396213879
-56.10219974897837,-74.0768727661749,67.97063569319116,10.44485782441701,63.230782337919116,49.99792264109816,-77.69591750825128,-49.35395430453498,-37.399110026597555,-100.04910939947504,-27.0757640284091,127.49801265590692,-35.180810671224386,-48.54347193120859,-78.01382794595222,-55.52969161031414,-71.57162680795945,104.09169718045626,69.84897172561662,-30.44819574088195,168.81447565348705,-148.75608715721188,-74.700379847375,9.684143077300357,-219.53638663709094,13.95798022078898,-12.354157396873795,66.42409819688802,60.31270665796688,82.49211918138087,198.0043841533215,-34.14499271360209,-74.55839172728669,-123.7281644194718,77.17528579271006,-101.28654771985029,28.43405632792259,-97.88314664367168,-131.33262287612231,-20.404634308390605,-78.82706193462995,-54.800862869255155,93.36268651814568,11.445055930851796,-38.42421984611138,102.9826213947936,8.859841968481541,-34.041721187575206,6.434252392888051,-250.39069560751528,18.71823612201668,38.53977165374668,-101.51207109356042,49.725826347068285,69.36778574479126,127.17852201476103
9.499154034078042,12.835368326902042,-11.802036698099805,-1.975443660806785,-10.878256204923794,-8.410216060611981,13.52971904022414,8.328699479582301,6.496254334931624,17.020816917341204,4.741913279884375,-22.10383689406388,5.824825252262045,8.313244287872783,13.178538035039304,9.752868982412611,12.0075527191498,-17.8752315806509,-11.925354347546453,5.178312908208877,-29.263802552378767,25.90972954044825,12.979199614307937,-1.8484890519238037,37.88877458502132,-2.6459751983697983,1.934604668777459,-11.412400969359915,-10.313578516320446,-14.104676537838055,-34.14499271360209,6.048165548551152,12.753869202468652,21.27987412389715,-13.11284720280274,17.291266019401125,-4.885069937844191,16.934398450782094,22.788507321022436,3.7685932093149415,13.588274602572682,9.330494167991612,-15.982850723726882,-1.8551610284046793,6.659410775865116,-17.793255456385484,-1.6923828002345704,5.725263172262425,-1.1497553184962914,42.82866805281146,-3.259703076171641,-6.642267621037879,17.30502511312577,-8.627565592312024,-11.808198113756127,-21.90315860325556
21.433989784327412,27.833348568129075,-25.52105293668465,-3.561474452581577,-23.901792703337723,-19.182178874625986,29.325076291676307,18.811403516200112,13.851197787665662,38.1858509370194,10.362220267677657,-48.0706779644668,13.510683897475984,18.333877004538607,29.764452763736543,20.872092241772815,27.704425523038935,-39.39905342737567,-26.585273031691525,11.462804800534842,-63.90159318725851,55.894352128636896,28.090280283401732,-3.4462719428944983,83.03396526466263,-4.8926704374469745,5.158187864625376,-24.86347199211874,-22.945046291926204,-31.428526034025317,-74.55839172728669,12.753869202468652,28.365943393619826,46.714214310118635,-29.215707225002866,38.37704244324827,-10.69381065264605,37.11102470213784,49.58500379351446,7.417633705163895,29.94356288111417,21.009289405629314,-35.36963530930915,-4.415233351909397,14.325945345702026,-38.71191795371577,-3.394737105903706,12.99756475706801,-2.2350776141256667,95.1180128773771,-7.030198743067031,-14.618996148068321,38.48729757615524,-18.849642678700747,-26.271262582014675,-48.27710530116086
35.22437695530757,46.22674383278996,-42.51958834876276,-6.530842589443918,-39.68433410109941,-31.46706717080125,48.62039819064858,31.037041096845265,23.331836043460232,62.728665202137925,17.038113746447696,-79.79277470547146,22.12497272551021,30.48218016355538,48.88912191019016,34.53239495668639,44.845031673476875,-65.14685402156154,-43.86636300214899,19.13222096443434,-105.57379561006219,92.9469262392057,46.726909045274816,-5.981709092548542,137.50997472421827,-8.603650025755107,7.814030248060082,-41.68642673948108,-37.886235109560175,-51.700895326032295,-123.7281644194718,21.27987412389715,46.714214310118635,77.60174834847697,-48.369670453878946,63.31152390653738,-17.78840769324921,61.11647524360301,82.16653462188728,12.663448418499947,49.29530680349884,34.23965918427819,-58.46329313396987,-7.091426532583254,23.960718207659628,-64.4908741849244,-5.529259624250821,21.465953570473143,-4.044006326804594,156.69166943727825,-11.765930379926148,-24.207183187277316,63.66406206198044,-31.06766458916517,-43.424786784990815,-79.72709109951927
-22.098645187097723,-28.801166879818936,26.411871981259917,3.8050349507985817,24.712751922421234,19.762375748883578,-30.155660962661663,-19.50388783346848,-14.529880156737871,-39.377954879622884,-10.477189870540451,49.62943988433238,-14.044901464492046,-19.019602420225933,-30.778746305977993,-21.420267938198176,-28.426950671657597,40.666441163723654,27.42645300736144,-11.984856336513863,65.69068899278139,-57.674206032844886,-29.01475435559777,3.56459835184991,-85.63129758545438,5.098183033581401,-5.0995448962895384,25.96139479158574,23.66217189971195,32.39437860752127,77.17528579271006,-13.11284720280274,-29.215707225002866,-48.369670453878946,30.355428619381602,-39.738734428590156,11.063373079395946,-38.07812380874869,-51.02307377612637,-7.609251088914215,-30.761170693128904,-21.53160156616074,36.523694083399455,4.604456184658872,-14.906011334527841,40.07280176417993,3.29021643558868,-13.52113429100732,2.4803081188253895,-98.15751367271561,7.286736911106526,15.093907076411522,-39.842806500877224,19.341442336066805,27.2335651413036,49.67529135539704
28.91299867199944,37.88047651112502,-34.63546432520249,-4.657139432786155,-32.32602582708919,-25.79418133970886,39.65595838413911,25.51878769796743,19.03900927962149,51.862070113117916,13.752223743120268,-65.2678864998205,18.388162725141996,24.836538253295867,40.42052479379449,28.381611974384793,37.825502247338164,-53.32317193904109,-35.9598949835709,15.624365237504305,-86.56473427131378,75.7338092064155,38.0700726753586,-4.74179325574527,112.4176233600617,-6.6114317733471974,6.918099207018189,-33.75868193133409,-31.007783055188344,-42.743111560814235,-101.28654771985029,17.291266019401125,38.37704244324827,63.31152390653738,-39.738734428590156,52.33598254500152,-14.344519211737854,50.21698950007398,66.96188014466537,9.940147818618602,40.56249631060623,28.507646510474732,-47.81389602648826,-6.146545232642224,19.464302998051867,-52.28842248170841,-4.523653244180626,17.720741139554136,-3.1868639676117048,129.2281413038528,-9.550852537557947,-19.87946866776011,52.09701171350861,-25.57076206835695,-35.684435719876724,-65.233465373688
-8.19353386980513,-10.630415683769652,9.727930650835733,1.83857461402274,9.074147771678856,7.187204062750388,-11.1215822125512,-6.924733976983412,-5.282752428672043,-14.179774887056873,-3.871672512079991,18.05950167373904,-5.041967835270461,-6.949469491209903,-11.128548090375936,-7.919748967839734,-9.734994492742384,15.007629580995046,9.92586627952679,-4.35571074625346,24.082180132179765,-21.486250907173996,-10.718348920132073,1.382866038453406,-31.41872028618606,2.016313652658371,-1.6250702417952965,9.609799875536726,8.608747621199292,11.522370420086212,28.43405632792259,-4.885069937844191,-10.69381065264605,-17.78840769324921,11.063373079395946,-14.344519211737854,4.3432630601975,-13.984304146463732,-18.94867515355274,-3.031607647878481,-11.227482160611876,-7.839256730684533,13.503412540617326,1.5942180996428421,-5.68025549422884,14.990494693329381,1.2274798731083534,-4.770108806464534,0.8357111846239673,-35.700263860477456,2.6014744391678013,5.404997223912432,-14.785789052649445,6.960527777820393,9.927355725015381,18.250749939208035
