V1,V2,V3,V4,V5,V6,V7,V8,V9,V10,V11,V12,V13,V14,V15,V16,V17,V18,V19,V20,V21,V22,V23,V24,V25,V26,V27,V28,V29,V30,V31,V32,V33,V34,V35,V36,V37,V38,V39,V40,V41,V42,V43,V44,V45,V46,V47,V48,V49,V50,V51,V52,V53,V54,V55,V56
7.873862348821494,9.592044201628898,-8.401625091597385,-1.6479869491823362,-7.920223141707122,-6.296297969199993,9.604941270753338,5.848598135938721,4.545850182698869,13.092459668396867,2.8982248960946113,-15.44365750410292,5.0534995866998695,6.044491133819318,10.313387145304471,6.999128203936774,8.787291289655462,-13.437483058644817,-8.642870333390432,3.9863673570576657,-21.25019962934363,19.106801929459554,9.314019666817016,-1.1184395430060659,27.6039848590278,-0.9655911291239713,1.6948698433431886,-8.478557625539771,-7.566793670945415,-10.086696256104773,-25.370936456669575,4.0941568143261655,9.676797373613795,15.9630937453676,-10.211574636255078,13.090596234690862,-4.238015807870547,12.213114782596632,16.532342050509293,2.2225429125407694,9.985144122377973,7.622048559414978,-12.07990676310354,-1.7942253834291273,5.365692228273908,-13.098050080400451,-1.0802987926508592,4.453858225205568,-0.4821652875795485,32.84419354946262,-2.0292809527164497,-4.79827178212443,14.004930845402386,-5.759370886261523,-8.908731613063681,-16.26602021916604
9.592044201628898,12.594960291444405,-11.329074468096735,-1.8756092093328633,-10.503423345324109,-8.29008336543975,12.782604796152352,8.166706957444912,6.410302202045645,16.846824426597404,4.0910732464488175,-21.056101181355018,6.163921268489562,8.10344350249816,13.307805161634624,9.280989169089896,11.862145784275596,-17.535757845519914,-11.543136440075381,5.210094063849679,-27.982837102864416,24.945928010142175,12.435708287059864,-1.5673593733493074,36.49208618093529,-2.1273585630172587,1.9547835955093904,-11.27626172638338,-9.974530179899837,-13.637890707771204,-33.534652938005415,5.598722913583872,12.501411645676479,20.77994655348181,-13.229454290785013,17.263568941923484,-4.996770663695883,16.240221786943707,21.780996580332847,3.2409517230858627,13.107924056980188,9.358633023147666,-15.754267084861953,-2.1738560997105876,6.733572775960164,-17.293801695626822,-1.2213911123123165,5.7408479369098995,-1.0705082991790025,42.37908134082446,-2.9896686172508984,-6.336336804600624,17.415348898226373,-8.083858805136103,-11.804709258460996,-21.10319342202836
-8.401625091597385,-11.329074468096735,10.5444355844418,1.4948678108014637,9.768815183557527,7.651103535637041,-12.043354592143363,-7.695792481589322,-5.829087105497108,-15.31088569686534,-4.320355440827877,19.879371117580497,-5.250307597884308,-7.510461729771907,-11.842048733583685,-8.552386679417436,-11.122252565638748,15.891122337870753,10.81400598125982,-4.684879609110178,26.05540821172279,-22.839781627854784,-11.552660038215906,1.561539193244401,-33.87870568441684,2.344207290005916,-1.8673263634585888,10.231162837250924,9.318475929368121,12.847929336746699,30.337363551929347,-5.332857506107314,-11.396510795513661,-19.018292725972678,11.742572479614308,-15.50037333014713,4.1440314592588505,-15.069876255268786,-20.211010056565023,-3.228454882652153,-12.129851101200238,-8.23252174697479,14.217257311063761,1.6352226889127037,-5.739035171722843,15.778191354171035,1.4591797329356897,-5.263774386970419,1.1153442010762176,-38.23411449866294,3.006402115270756,6.037911431371316,-15.279274155926268,7.805637736368936,10.58411893073719,19.560069913109686
-1.6479869491823362,-1.8756092093328633,1.4948678108014637,0.795699654116813,1.406643112553796,0.8096482127341269,-1.6477979961123723,-0.6696746176470784,-0.8948925544399485,-2.343417759586049,-0.13635707944293815,2.4847297335937033,-1.0801712439159321,-1.0496615228609856,-1.7649795877290615,-1.22196758960498,-0.8715201995324507,2.3601165939954196,1.3095683395074234,-0.8617090884223063,3.6465427050510995,-3.7620281386921524,-1.6788069894999753,0.37720533888958324,-4.789138095717949,-0.10560388806845253,0.006461289097220743,1.7606104637414641,1.238754450667396,1.4405677930612748,4.612115706290758,-0.705758563107815,-1.6675625966274814,-3.1652422774897366,1.9947154970055752,-2.280810950703603,1.0747113771063006,-1.7716380629470068,-2.8437611415134207,-0.37395648913206325,-1.6048729836367654,-1.452628519134021,2.0743400275378265,0.3552418802007478,-1.3141059591035158,2.4087910433808704,0.27798017927216795,-0.9180122131753159,0.11319705495038858,-6.011599961487801,0.26845205542297396,0.9072683298819957,-3.0711878092573883,0.6212561293697665,1.4884377730580707,2.890978404982565
-7.920223141707122,-10.503423345324109,9.768815183557527,1.406643112553796,9.136897893445996,7.136760062047061,-11.296164046314669,-7.1128291703771085,-5.297383691768135,-14.373511634229754,-4.100295528990832,18.495024041271822,-4.91053368815759,-6.980290331748457,-11.008754601377237,-7.944973746201459,-10.373281223625382,14.785207676913327,10.111419896016915,-4.334891597183404,24.40629868031193,-21.2935207155332,-10.748229423405514,1.4802249410525632,-31.653833750342777,2.022242407546705,-1.8343846482067725,9.44756192094313,8.736803379251658,11.98312707589066,28.038049324570014,-4.963051422651519,-10.654050197089116,-17.78446049248782,10.89351206057942,-14.333926725576159,3.8803686353007856,-13.99207370677879,-18.874984665697387,-2.9755822903767366,-11.332644860175975,-7.748480250191243,13.213118730073354,1.472241816878344,-5.306792870737769,14.631688838783251,1.5057322604004153,-4.965771321055219,0.9808257793999081,-35.682043528394296,2.8076265152308295,5.691779380802679,-14.351524569148069,7.238927363155428,9.774143626281575,18.378017923567807
-6.296297969199993,-8.29008336543975,7.651103535637041,0.8096482127341269,7.136760062047061,6.242784087803906,-8.843196148171813,-5.964831880507441,-3.9984364270756476,-11.23012561587821,-3.52331598149456,14.490993646756166,-3.815200131910923,-5.491674456392606,-9.10368340145125,-6.395965122162927,-8.656115381575525,12.141962445386229,8.137549781495398,-3.1649991892350475,19.265769825754532,-16.594275895014874,-8.440055414552296,0.7431519112258346,-25.018462785828053,1.9673606461924014,-1.7680454073627478,7.179035931828777,6.921237653187222,9.4991354972564,22.683875564188096,-3.870630487124168,-8.645310340395014,-13.536580161824418,8.612597315073527,-11.573379921173498,3.2019521401343107,-11.837213788451434,-15.270124745031792,-2.434229356734617,-9.202621444442382,-6.263083093100943,11.047460308460982,1.3559544592276191,-4.1591405048619405,11.915303240419233,0.6864867990710374,-3.446647381166689,0.47482305668621866,-28.3152162059145,2.060298614244397,4.006128452214055,-11.091147214287822,6.052699982955277,8.17012056356833,14.447337040404111
9.604941270753338,12.782604796152352,-12.043354592143363,-1.6477979961123723,-11.296164046314669,-8.843196148171813,14.05756584905256,8.813716081262363,6.39964004266072,17.604449567080998,5.363252527966195,-22.941920707818266,5.83899045523728,8.597842167092825,13.366909436307381,9.785706126068893,12.831735088658592,-18.11804449680744,-12.542479168401806,5.2400227051116834,-30.220126715260374,26.159612524630838,13.266727992454667,-1.8545897983584805,39.117095358948205,-2.6383251755911594,2.337078823826392,-11.497973242573773,-10.831138879502152,-14.848685312448787,-34.20801978478782,6.188345832088059,13.092665036053688,21.81621538034472,-13.173346599310113,17.40454567803686,-4.617426436002886,17.322949996117803,23.373316277694357,3.7902051448604497,14.004279858274284,9.402381132173904,-16.178081849725775,-1.6283682066628284,6.318560592159527,-17.967511683296642,-2.0294089334208993,6.063984586989617,-1.2023687048285356,43.552102237901366,-3.5509509644900215,-7.068037751387768,17.36126727477464,-9.074330588288785,-11.8898704335889,-22.739775655045868
5.848598135938721,8.166706957444912,-7.695792481589322,-0.6696746176470784,-7.1128291703771085,-5.964831880507441,8.813716081262363,6.030432982501093,4.220570257321467,11.035724970530886,3.4934708799075427,-14.718667596910606,3.606107016044962,5.50626161587446,8.770826099199677,6.294211091884744,8.686967148114151,-11.743312040085735,-8.091746069578617,3.217102812591596,-19.052046561367238,16.312220017094276,8.417120748025377,-0.9108389087941741,24.784601736088103,-2.152322191698406,1.5702010910665483,-7.230241275998279,-6.855249452282261,-9.62219486633984,-22.259284924490437,3.9177099917779556,8.363298181859824,13.449099127404741,-8.431754356781033,11.41934861434364,-2.791376307637546,11.487375647307951,14.911164560441247,2.4550415884878714,9.003978826165097,5.857745688236344,-10.60722952225569,-1.2120798666102308,3.9261881851427445,-11.5985394646886,-0.7672472952793759,3.570033878839564,-0.7864010853295177,27.639006899230626,-2.249199215421645,-4.178443794550866,10.560085878391599,-6.115140629522992,-7.959891429723986,-14.159713990299988
4.545850182698869,6.410302202045645,-5.829087105497108,-0.8948925544399485,-5.297383691768135,-3.9984364270756476,6.39964004266072,4.220570257321467,3.5492872154516077,8.382475347858806,1.9168297720514405,-10.844147510454542,3.02818448621326,4.145592111539712,6.60388036102727,4.667787396518773,6.000640857193835,-8.690246460066442,-5.788519954534037,2.731217570849412,-13.956298101117348,12.515291099058453,6.316909254300947,-0.8961816858365032,18.310659749605048,-1.2870010180226636,0.7486640315645,-5.8755376622280275,-4.968747204775333,-6.975158235408483,-17.013694526835142,2.8684249797445713,6.142268583388906,10.49699254913164,-6.7059816941351995,8.812161662562263,-2.300025792324488,8.01618762925978,10.773476972302962,1.6607995458763787,6.490041483455212,4.454568760285636,-7.766562162117795,-1.08955501164079,3.3651760286257875,-8.653568800200977,-0.5185979714005435,2.9742539187752537,-0.8106030072984821,21.14515984726437,-1.6246235988442745,-3.27425579711985,8.516539098660127,-4.128114937978926,-5.963727348060689,-10.401004701416609
13.092459668396867,16.846824426597404,-15.31088569686534,-2.343417759586049,-14.373511634229754,-11.23012561587821,17.604449567080998,11.035724970530886,8.382475347858806,23.189409090102526,5.899649322716323,-28.769557070805977,8.345163306701094,10.993061412475733,17.88042993189574,12.526021120382513,16.439274647167093,-23.575200256431877,-15.852785848081536,7.041263033566172,-38.43342861277542,33.80711707752417,16.873444123319082,-2.2431836629440864,49.872535113641156,-2.519571972365327,3.003710720283909,-15.074926495177383,-13.755186620195508,-18.8046307548325,-44.734748856809354,7.6290708656225625,17.029040539386425,28.40089731062962,-17.72407155153755,23.113633221712487,-6.548413188470905,21.923086464577814,29.616252813917082,4.298299690897053,17.91216514213802,12.811371108884181,-21.077949870973963,-2.711152130399518,8.797591077202616,-23.10944386520006,-2.2409909116440896,8.077288107897663,-1.38876437873332,57.58498601725935,-4.193566756012282,-8.982016393958824,23.612995938495832,-11.037467213645217,-15.662816190135068,-29.099525985504684
2.8982248960946113,4.0910732464488175,-4.320355440827877,-0.13635707944293815,-4.100295528990832,-3.52331598149456,5.363252527966195,3.4934708799075427,1.9168297720514405,5.899649322716323,2.917243124422657,-8.659719686002756,1.41967834392548,3.067194954064722,4.3481125982736915,3.5239742868136883,5.008520327349583,-6.317126633272451,-4.78892184451712,1.4933769799655463,-11.161239129545695,8.951898454589196,4.784104239729782,-0.5817395469428112,14.265167208392446,-1.5880370521986698,1.1653285344662472,-3.6014990248262544,-4.0557731919759155,-5.623684816454729,-11.460457767384636,2.4059442847825157,4.626785538824792,7.265665290460306,-3.9797898988202904,5.612869179604146,-1.130639919576553,6.728839556975308,8.75546322792029,1.7378474266318071,5.200048815311447,2.921653294449412,-5.672092100625957,-0.12453218013261415,1.5541378828725176,-6.337560646930675,-0.9919087567088859,1.830298095341895,-0.35670325111162354,14.335640759596362,-1.5044647235894912,-2.505236559842681,5.027961839342396,-3.8725119899846345,-3.9910931876404043,-8.288336492593249
-15.44365750410292,-21.056101181355018,19.879371117580497,2.4847297335937033,18.495024041271822,14.490993646756166,-22.941920707818266,-14.718667596910606,-10.844147510454542,-28.769557070805977,-8.659719686002756,37.870342523599255,-9.52748342697969,-14.176050949357963,-21.999305254145064,-16.075985989571787,-21.335912875084823,29.697417171512413,20.593713154076532,-8.670754917657122,49.37110282790166,-42.74718842657595,-21.79537558951022,3.0104431231199484,-64.05841287134169,4.657292602256655,-3.6916326715713215,19.015550505064436,17.705487694148605,24.538995952778823,56.4865436563922,-10.1661223963848,-21.380227639883987,-35.66547127630379,21.717816218610807,-28.855484053598193,7.340172044934001,-28.46770910822574,-38.16345566717644,-6.217532717166933,-22.92321923669275,-15.20372975633738,26.525962107059982,2.7756185212030777,-10.324319081661491,29.483129733683203,3.0311230477736375,-9.930866797964985,2.2026216923516446,-71.3708723613453,5.904281742888196,11.550983494941706,-28.107898589496536,15.055317334266984,19.701877810526195,36.98271408149319
5.0534995866998695,6.163921268489562,-5.250307597884308,-1.0801712439159321,-4.91053368815759,-3.815200131910923,5.83899045523728,3.606107016044962,3.02818448621326,8.345163306701094,1.41967834392548,-9.52748342697969,3.413614619548611,3.7897342096397226,6.642236055877236,4.355161599446643,5.501941920211168,-8.43421621656034,-5.309753223486737,2.6438945737884034,-13.104137641697998,11.99137415331425,5.790110162381167,-0.7023486060575128,17.108375416376937,-0.39343382783036435,0.9669015632139929,-5.482677652777184,-4.65874762569738,-6.270308794545221,-16.165915300657716,2.4719174099876238,6.055272961964832,10.126647972328424,-6.672299049318836,8.486676784004096,-2.755121898181679,7.446509357710439,10.111900455778603,1.2052753848171114,6.1690829937295915,4.903792312506511,-7.569207192598656,-1.3243920152450135,3.5653665766684854,-8.163533336340011,-0.5245899555683107,2.9272469541536794,-0.36664900979825593,21.00505580109701,-1.199397505716028,-3.012837764388598,9.085145741641343,-3.417024037564017,-5.702790866139175,-10.041682146762493
6.044491133819318,8.10344350249816,-7.510461729771907,-1.0496615228609856,-6.980290331748457,-5.491674456392606,8.597842167092825,5.50626161587446,4.145592111539712,10.993061412475733,3.067194954064722,-14.176050949357963,3.7897342096397226,5.3626684813969865,8.512635153616134,6.105802863617203,7.99832028071925,-11.380460409065025,-7.737608613846404,3.343015876927291,-18.626851314138626,16.30275195385997,8.239385369318985,-1.0959154779890168,24.21086341314794,-1.619517499911889,1.3703965801329523,-7.2908033706049284,-6.666250870142889,-9.189880022628973,-21.68244180221578,3.7911378149278843,8.166721248555456,13.593664923728154,-8.421373830547891,11.11044651663813,-2.981441919363703,10.77103048132629,14.43664736275859,2.2704452665471266,8.680471421336287,5.9309141723998176,-10.188395645399149,-1.1982562481095191,4.112611115624633,-11.265054783722999,-1.0248954910832924,3.774062529931731,-0.7769529418666942,27.41456616090705,-2.1339950949709867,-4.304850085604188,10.978289129771527,-5.566242476249261,-7.589890999515645,-13.993066477563204
10.313387145304471,13.307805161634624,-11.842048733583685,-1.7649795877290615,-11.008754601377237,-9.10368340145125,13.366909436307381,8.770826099199677,6.60388036102727,17.88042993189574,4.3481125982736915,-21.999305254145064,6.642236055877236,8.512635153616134,14.41981400894992,9.830552002810382,12.89820118440624,-18.798836388798115,-12.250228563221986,5.3830988248126035,-29.48739938494537,26.154665395761516,13.027747860351763,-1.360670263985585,38.449671279675485,-2.205914105463213,2.3550492311149296,-11.70994910685602,-10.53706288150576,-14.411036143256164,-35.69431715989408,5.7977673149631865,13.38476316423729,21.682062853463304,-14.079034640486139,18.469289356220116,-5.4308575257951945,17.528766366700932,23.096958013116275,3.3097253084273914,13.98784926141292,10.144360341506871,-17.000522651976805,-2.510681982454421,7.144203288337073,-18.374210254935907,-0.9938435120654879,5.869052912913598,-0.8863215902230147,45.135215776721296,-2.9967006224831567,-6.417927303196928,18.470869554681414,-8.620041831884581,-12.749958586352475,-22.26057619208438
6.999128203936774,9.280989169089896,-8.552386679417436,-1.22196758960498,-7.944973746201459,-6.395965122162927,9.785706126068893,6.294211091884744,4.667787396518773,12.526021120382513,3.5239742868136883,-16.075985989571787,4.355161599446643,6.105802863617203,9.830552002810382,7.007992338734609,9.114594221390266,-13.13827713375915,-8.831145329099142,3.7684580431720502,-21.255383752200565,18.6432702813649,9.396314990744031,-1.1540202406742524,27.63545789415422,-1.8805022020230204,1.6170371498269245,-8.283833440832066,-7.600584128156602,-10.418160978449386,-24.93482732978519,4.308165396410349,9.399100853975398,15.443097434208914,-9.648447615265505,12.73685606481441,-3.5371952053297457,12.470245988776599,16.593586394440464,2.612674594676648,9.964758876537244,6.863429126614419,-11.811930344289987,-1.430249751638313,4.765333605875722,-12.993941545015547,-1.059471042389324,4.187696887149492,-0.7744101943938765,31.403894791586914,-2.357656371887526,-4.781355500192637,12.611483033547,-6.363956137504223,-8.769365277722418,-15.985699184999103
8.787291289655462,11.862145784275596,-11.122252565638748,-0.8715201995324507,-10.373281223625382,-8.656115381575525,12.831735088658592,8.686967148114151,6.000640857193835,16.439274647167093,5.008520327349583,-21.335912875084823,5.501941920211168,7.99832028071925,12.89820118440624,9.114594221390266,12.906841744222668,-17.06108485994485,-11.822769259892988,4.76207986175052,-27.888924282837902,23.75896121017633,12.195160750379278,-1.32700988366617,36.17086254332901,-2.660587135470288,2.533216850875887,-10.473328721397555,-10.066454312717479,-14.132829428863678,-32.21102873574386,5.619451589097451,12.291489070360196,19.789367707672014,-12.380434069536584,16.692249013930105,-4.0966873148148695,16.60205585466648,21.615705688850102,3.32911913159708,13.178225621945359,8.832679732773418,-15.360218412050207,-1.8225034136932945,5.698265090651519,-16.672437669194505,-1.347690961890449,5.447684227368792,-1.0441178761130607,40.80981534094936,-3.237674533586519,-6.280971832030194,15.721734563832664,-8.780699144437222,-11.50423597704035,-20.850682305690345
-13.437483058644817,-17.535757845519914,15.891122337870753,2.3601165939954196,14.785207676913327,12.141962445386229,-18.11804449680744,-11.743312040085735,-8.690246460066442,-23.575200256431877,-6.317126633272451,29.697417171512413,-8.43421621656034,-11.380460409065025,-18.798836388798115,-13.13827713375915,-17.06108485994485,24.89666189188142,16.45298936829763,-7.045059689032309,39.60700006772268,-34.913950961628586,-17.49337385967773,1.9549864638987142,-51.551828176787964,3.3142507254093108,-3.105100897519672,15.498216243239222,14.152124302627833,19.30828742367443,47.1339901252275,-7.920883107057287,-17.74879103176135,-28.844743754452434,18.350057946501334,-24.15465671739867,6.983373056536344,-23.477859457951915,-31.064477288237235,-4.7337031127674,-18.68996333349658,-13.17802462203536,22.478224932861497,2.974332154561889,-9.215529563123832,24.504505486406632,1.6422450195420704,-7.727471053088539,1.250273449002781,-59.37324901701415,4.189473427514837,8.678833844185572,-24.08517490586165,11.747602075405618,16.718215638427004,29.849542374893694
-8.642870333390432,-11.543136440075381,10.81400598125982,1.3095683395074234,10.111419896016915,8.137549781495398,-12.542479168401806,-8.091746069578617,-5.788519954534037,-15.852785848081536,-4.78892184451712,20.593713154076532,-5.309753223486737,-7.737608613846404,-12.250228563221986,-8.831145329099142,-11.822769259892988,16.45298936829763,11.322657633624003,-4.676830679975886,27.094268582938806,-23.395259993252118,-11.895897879933294,1.5036584371428257,-35.120946367360645,2.4619893721739174,-2.2014564894306896,10.297610122145976,9.726371580383539,13.417567170695959,31.066736919902525,-5.513443357009455,-11.847577919362456,-19.457187557146444,11.953707510722026,-15.8917143391779,4.170360756093873,-15.804357832823346,-21.03042101549494,-3.354157064430008,-12.661377245222452,-8.527910367331154,14.75591613015178,1.616459416609885,-5.70138905410173,16.241365101546947,1.5633381613478254,-5.345791285383784,1.028905300313145,-39.37530930714204,3.134319356714108,6.195006168473094,-15.557756436589345,8.260541680312283,10.921148718834422,20.34449141467662
3.9863673570576657,5.210094063849679,-4.684879609110178,-0.8617090884223063,-4.334891597183404,-3.1649991892350475,5.2400227051116834,3.217102812591596,2.731217570849412,7.041263033566172,1.4933769799655463,-8.670754917657122,2.6438945737884034,3.343015876927291,5.3830988248126035,3.7684580431720502,4.76207986175052,-7.045059689032309,-4.676830679975886,2.2868819948300954,-11.48504799860623,10.354637994338654,5.121343587549238,-0.7912557883698484,14.977299195678777,-0.656084837378933,0.707165181458988,-4.780928559360259,-4.089282392857313,-5.61438326778975,-13.665841994943657,2.2927505822186034,5.077460172767323,8.7815712652713,-5.5104965841523175,7.091755690422422,-2.023909069764686,6.3642125848469595,8.768317193660625,1.235588866756955,5.299407842575495,3.86503695357082,-6.248731661755757,-0.8761088844606951,2.816344774814362,-6.954881193642433,-0.683751435709529,2.5891250196935958,-0.5460269714099155,17.555719193844975,-1.2640632684949396,-2.814121436084674,7.3352858510097025,-3.161251761411262,-4.710286149881025,-8.699163804111826
-21.25019962934363,-27.982837102864416,26.05540821172279,3.6465427050510995,24.40629868031193,19.265769825754532,-30.220126715260374,-19.052046561367238,-13.956298101117348,-38.43342861277542,-11.161239129545695,49.37110282790166,-13.104137641697998,-18.626851314138626,-29.48739938494537,-21.255383752200565,-27.888924282837902,39.60700006772268,27.094268582938806,-11.48504799860623,65.33201498724222,-56.85006496737257,-28.697038185523642,3.8376594305031104,-84.66426980505516,5.40028923577353,-5.118729944141549,25.077691031672646,23.405007915796638,32.05828619353483,74.87604876343764,-13.25014936766615,-28.577665409952594,-47.40660347811046,29.028757873113285,-38.25361933412824,10.404987487004371,-37.636557528696514,-50.59885504462769,-7.962617300528691,-30.404138095967898,-20.81994918882401,35.43367068687686,3.9232634090147185,-14.09547743078207,39.135893035819294,4.05452782301757,-13.165741334479176,2.4513469114413264,-95.40322275239701,7.455884837428538,15.141840360735584,-38.29952442279886,19.441063716501162,26.137911469762628,49.23540256672551
19.106801929459554,24.945928010142175,-22.839781627854784,-3.7620281386921524,-21.2935207155332,-16.594275895014874,26.159612524630838,16.312220017094276,12.515291099058453,33.80711707752417,8.951898454589196,-42.74718842657595,11.99137415331425,16.30275195385997,26.154665395761516,18.6432702813649,23.75896121017633,-34.913950961628586,-23.395259993252118,10.354637994338654,-56.85006496737257,50.277430000323896,25.131042734307126,-3.4061063913515204,73.87029368619572,-4.329653337197077,4.105752411827188,-22.437092917890464,-20.2899378176419,-27.619477662738866,-66.42078662712731,11.467545011226562,25.084684144532453,41.92216044184648,-26.017210197782045,33.95311258773505,-9.714862216518972,32.62552563644249,44.11310734240077,6.781981643559483,26.455581192981633,18.591169403513558,-31.241122244596657,-3.811567552913049,13.055681851152084,-34.547733830066115,-3.2670087536947867,11.653257966685032,-2.1331495906456293,84.45390980129443,-6.260076686858727,-13.151950766343397,34.562416397914596,-16.46045119181459,-23.135341112150115,-42.950492390227495
9.314019666817016,12.435708287059864,-11.552660038215906,-1.6788069894999753,-10.748229423405514,-8.440055414552296,13.266727992454667,8.417120748025377,6.316909254300947,16.873444123319082,4.784104239729782,-21.79537558951022,5.790110162381167,8.239385369318985,13.027747860351763,9.396314990744031,12.195160750379278,-17.49337385967773,-11.895897879933294,5.121343587549238,-28.697038185523642,25.131042734307126,12.688574265090429,-1.7099476725649985,37.27620575069853,-2.495785982457653,2.104682791976974,-11.193235209059756,-10.263793389396094,-14.091557001839965,-33.27299411143247,5.852588417459278,12.561939927331164,20.923242150043063,-12.894503772948624,16.987088619817055,-4.6113472452158515,16.570332259957326,22.26867335635401,3.541262508400981,13.354962243909204,9.114136077501033,-15.65520768576226,-1.7857254446536912,6.317516122324929,-17.347216052359077,-1.6535544540389358,5.784551124473971,-1.164521274361978,42.07467778958956,-3.283145054861586,-6.632045744010802,16.888650623305562,-8.550747621859934,-11.612877625877875,-21.580075087386
-1.1184395430060659,-1.5673593733493074,1.561539193244401,0.37720533888958324,1.4802249410525632,0.7431519112258346,-1.8545897983584805,-0.9108389087941741,-0.8961816858365032,-2.2431836629440864,-0.5817395469428112,3.0104431231199484,-0.7023486060575128,-1.0959154779890168,-1.360670263985585,-1.1540202406742524,-1.32700988366617,1.9549864638987142,1.5036584371428257,-0.7912557883698484,3.8376594305031104,-3.4061063913515204,-1.7099476725649985,0.5131842976332162,-4.934206050487722,0.16492312583316554,-0.09974632415248481,1.5870325585915632,1.3630310854577348,1.8664243666692286,3.8759909829841996,-0.8334355290767484,-1.4827240571755798,-3.0282377656172637,1.5792365088793519,-1.9576710387484304,0.43932034007752496,-1.7050939456466008,-2.7437608968397185,-0.469979024454122,-1.6067164165515095,-1.0323730959735116,1.6183988464972332,0.028442378093374382,-0.7527334186008968,2.0231700584124512,0.6098042612325472,-1.0383269252789362,0.34901158153061146,-5.244752383764664,0.5755401525196224,1.2047712711606509,-2.222017167632247,0.9799238050057295,1.1742111131708293,2.9122598345309254
27.6039848590278,36.49208618093529,-33.87870568441684,-4.789138095717949,-31.653833750342777,-25.018462785828053,39.117095358948205,24.784601736088103,18.310659749605048,49.872535113641156,14.265167208392446,-64.05841287134169,17.108375416376937,24.21086341314794,38.449671279675485,27.63545789415422,36.17086254332901,-51.551828176787964,-35.120946367360645,14.977299195678777,-84.66426980505516,73.87029368619572,37.27620575069853,-4.934206050487722,109.83507180700478,-7.100646299372804,6.512418675720493,-32.71327301612515,-30.31415115325932,-41.56424821872642,-97.66763671183756,17.17594711363147,37.11160958410492,61.551403013577236,-37.88974651362656,49.92894811341057,-13.609237529376403,48.903047624121946,65.64824434675955,10.319474846432504,39.44403836469654,27.047797814801356,-46.15449428297529,-5.251310285442251,18.48206888530765,-50.96295598273607,-4.998636490169078,17.04641254519909,-3.2339754052859475,124.07948185515197,-9.623491954800416,-19.53866128681195,49.833656303286155,-25.203236336264514,-34.144790437403735,-63.75690917776725
-0.9655911291239713,-2.1273585630172587,2.344207290005916,-0.10560388806845253,2.022242407546705,1.9673606461924014,-2.6383251755911594,-2.152322191698406,-1.2870010180226636,-2.519571972365327,-1.5880370521986698,4.657292602256655,-0.39343382783036435,-1.619517499911889,-2.205914105463213,-1.8805022020230204,-2.660587135470288,3.3142507254093108,2.4619893721739174,-0.656084837378933,5.40028923577353,-4.329653337197077,-2.495785982457653,0.16492312583316554,-7.100646299372804,1.6073375481474081,-0.3650652814494376,1.8860165283434782,1.9522400730858371,2.907790418416493,6.3352346417511995,-1.3101058465446704,-2.2220281578640444,-3.249455583214354,1.9518128493995608,-3.0269285768082455,0.3638959565970708,-3.786673060551042,-4.506339010484491,-1.1489279159023837,-2.6132296458675053,-1.0490946116115656,3.074256181828321,0.09972407261747994,-0.7135857025379512,3.489259470257205,-0.018305347379376648,-0.5561088592119239,0.36464481789667663,-6.649164533121351,0.834641480611888,0.9478806500095749,-1.8175181670215046,2.324711189053574,2.3298635996353925,3.752662749607253
1.6948698433431886,1.9547835955093904,-1.8673263634585888,0.006461289097220743,-1.8343846482067725,-1.7680454073627478,2.337078823826392,1.5702010910665483,0.7486640315645,3.003710720283909,1.1653285344662472,-3.6916326715713215,0.9669015632139929,1.3703965801329523,2.3550492311149296,1.6170371498269245,2.533216850875887,-3.105100897519672,-2.2014564894306896,0.707165181458988,-5.118729944141549,4.105752411827188,2.104682791976974,-0.09974632415248481,6.512418675720493,-0.3650652814494376,0.7761911512775749,-1.5907760000599083,-1.8779752826361127,-2.5665498547392884,-5.483958414120956,0.9659464984358069,2.3153501462734694,3.376511232389181,-2.063893142219302,2.839388243733214,-0.7542608293637397,3.1919487836754135,4.00641166615831,0.5636129249111179,2.48668250170325,1.7394220062465156,-2.8308846225320052,-0.2871856640670502,0.8635292055014496,-2.9222465152182586,-0.3506689622035456,0.8823082411590486,0.04601807966314109,7.307080385894135,-0.5230866624284775,-1.0700050011987818,2.7593169199650807,-1.654085600646426,-2.007366590392531,-3.9044516576152533
-8.478557625539771,-11.27626172638338,10.231162837250924,1.7606104637414641,9.44756192094313,7.179035931828777,-11.497973242573773,-7.230241275998279,-5.8755376622280275,-15.074926495177383,-3.6014990248262544,19.015550505064436,-5.482677652777184,-7.2908033706049284,-11.70994910685602,-8.283833440832066,-10.473328721397555,15.498216243239222,10.297610122145976,-4.780928559360259,25.077691031672646,-22.437092917890464,-11.193235209059756,1.5870325585915632,-32.71327301612515,1.8860165283434782,-1.5907760000599083,10.248812345988403,8.930841968598406,12.255435528565968,29.871317428912754,-5.069960553268726,-11.081730136166346,-18.79914576605385,11.812343944862826,-15.36483754551202,4.3441900674786185,-14.280282177643633,-19.380776482221957,-2.9213970078924487,-11.64582316155468,-8.240831527960372,13.839374430625261,1.836597387067313,-5.997139526873001,15.365225707554988,1.29422113284286,-5.315568673315367,1.1284616629543205,-37.8022307886548,2.779960527317003,5.890961550181577,-15.545049043969582,7.180349600287243,10.389903790104567,18.90043144845688
-7.566793670945415,-9.974530179899837,9.318475929368121,1.238754450667396,8.736803379251658,6.921237653187222,-10.831138879502152,-6.855249452282261,-4.968747204775333,-13.755186620195508,-4.0557731919759155,17.705487694148605,-4.65874762569738,-6.666250870142889,-10.53706288150576,-7.600584128156602,-10.066454312717479,14.152124302627833,9.726371580383539,-4.089282392857313,23.405007915796638,-20.2899378176419,-10.263793389396094,1.3630310854577348,-30.31415115325932,1.9522400730858371,-1.8779752826361127,8.930841968598406,8.394633957284553,11.522897971508822,26.724391752981077,-4.7460807451917,-10.22599369724657,-16.92950192690947,10.346587004383446,-13.666149116959925,3.666179091653474,-13.496287156868974,-18.111082747617473,-2.8504056610216733,-10.897155938941617,-7.431824226547697,12.659426447468103,1.381689332174935,-4.979738625379304,13.969226583438465,1.4738433523390724,-4.710067636949766,0.8763466233613497,-34.09010096108971,2.6884274765733345,5.432105289963677,-13.619932725764446,7.005201650843978,9.33768964375905,17.63064728545539
-10.086696256104773,-13.637890707771204,12.847929336746699,1.4405677930612748,11.98312707589066,9.4991354972564,-14.848685312448787,-9.62219486633984,-6.975158235408483,-18.8046307548325,-5.623684816454729,24.538995952778823,-6.270308794545221,-9.189880022628973,-14.411036143256164,-10.418160978449386,-14.132829428863678,19.30828742367443,13.417567170695959,-5.61438326778975,32.05828619353483,-27.619477662738866,-14.091557001839965,1.8664243666692286,-41.56424821872642,2.907790418416493,-2.5665498547392884,12.255435528565968,11.522897971508822,16.028809088149114,36.64574559951574,-6.542364400550003,-13.941756751567153,-23.099043282187232,14.13814256159053,-18.830830854211683,4.737064186593663,-18.54801033571963,-24.727652441980073,-3.9198307669094232,-14.937890394521835,-9.988254828788378,17.259217586351628,1.8748531027399455,-6.647193055982724,19.055933406518292,1.9396003375064306,-6.476643212097169,1.3667878488274534,-46.54880381684324,3.804987444142841,7.493864644495532,-18.263805728130365,9.806538072079297,12.843936945517017,24.03070457967184
-25.370936456669575,-33.534652938005415,30.337363551929347,4.612115706290758,28.038049324570014,22.683875564188096,-34.20801978478782,-22.259284924490437,-17.013694526835142,-44.734748856809354,-11.460457767384636,56.4865436563922,-16.165915300657716,-21.68244180221578,-35.69431715989408,-24.93482732978519,-32.21102873574386,47.1339901252275,31.066736919902525,-13.665841994943657,74.87604876343764,-66.42078662712731,-33.27299411143247,3.8759909829841996,-97.66763671183756,6.3352346417511995,-5.483958414120956,29.871317428912754,26.724391752981077,36.64574559951574,89.94563103974093,-15.03197443236345,-33.53016563812523,-55.00507497646763,35.14297929921189,-46.19908797687657,13.197573418665533,-44.195941848870454,-58.601530743350644,-8.902205506360145,-35.27374764380184,-24.871875934332834,42.48369224375065,5.792578395515841,-17.727720060960472,46.498643884281535,2.9515877848006733,-14.884952199713997,2.708689419353773,-112.90381808542304,7.995517195147941,16.601293785942588,-45.820100109028566,22.129149648487775,31.822614702160372,56.33366699194902
4.0941568143261655,5.598722913583872,-5.332857506107314,-0.705758563107815,-4.963051422651519,-3.870630487124168,6.188345832088059,3.9177099917779556,2.8684249797445713,7.6290708656225625,2.4059442847825157,-10.1661223963848,2.4719174099876238,3.7911378149278843,5.7977673149631865,4.308165396410349,5.619451589097451,-7.920883107057287,-5.513443357009455,2.2927505822186034,-13.25014936766615,11.467545011226562,5.852588417459278,-0.8334355290767484,17.17594711363147,-1.3101058465446704,0.9659464984358069,-5.069960553268726,-4.7460807451917,-6.542364400550003,-15.03197443236345,2.7546278509613775,5.701849167620249,9.531722978905048,-5.7294093809219895,7.612645122111955,-1.950319246856132,7.63131807649885,10.270543141521653,1.7337946323106432,6.132797360759348,4.010239408959544,-7.07057156036575,-0.6715354236833248,2.728162780957309,-7.907790633004533,-0.8714793386902533,2.623675984509859,-0.5869544749635767,18.9296405798843,-1.6013585605083231,-3.098853976118883,7.449232799191319,-4.051710830348862,-5.2114293349158425,-9.92557412541352
9.676797373613795,12.501411645676479,-11.396510795513661,-1.6675625966274814,-10.654050197089116,-8.645310340395014,13.092665036053688,8.363298181859824,6.142268583388906,17.029040539386425,4.626785538824792,-21.380227639883987,6.055272961964832,8.166721248555456,13.38476316423729,9.399100853975398,12.291489070360196,-17.74879103176135,-11.847577919362456,5.077460172767323,-28.577665409952594,25.084684144532453,12.561939927331164,-1.4827240571755798,37.11160958410492,-2.2220281578640444,2.3153501462734694,-11.081730136166346,-10.22599369724657,-13.941756751567153,-33.53016563812523,5.701849167620249,12.741827755193,20.823604635861557,-13.088305615271038,17.197856134530614,-4.933366848854724,16.74616474829357,22.28835713342016,3.362894373055202,13.433303698122797,9.489376265987264,-15.970398939634181,-2.0324673089550815,6.5092712106108435,-17.441404648904737,-1.437789238237367,5.682342726145004,-0.8929584650048568,42.62362782984516,-3.059219871543434,-6.407207129301695,17.30437655759484,-8.415387310049692,-11.825643370906054,-21.588665891645324
15.9630937453676,20.77994655348181,-19.018292725972678,-3.1652422774897366,-17.78446049248782,-13.536580161824418,21.81621538034472,13.449099127404741,10.49699254913164,28.40089731062962,7.265665290460306,-35.66547127630379,10.126647972328424,13.593664923728154,21.682062853463304,15.443097434208914,19.789367707672014,-28.844743754452434,-19.457187557146444,8.7815712652713,-47.40660347811046,41.92216044184648,20.923242150043063,-3.0282377656172637,61.551403013577236,-3.249455583214354,3.376511232389181,-18.79914576605385,-16.92950192690947,-23.099043282187232,-55.00507497646763,9.531722978905048,20.823604635861557,35.22683523557974,-21.736939785921937,28.253121921594527,-7.987135140094165,26.74479339055659,36.49045263107226,5.478618994395365,21.94409616588133,15.522670281825086,-25.700193746450964,-3.134534615539821,10.86069157660813,-28.489243529383618,-2.999357216090456,10.054503353728672,-1.9180014739022586,70.54730824974133,-5.294283447583984,-11.266316028305665,29.007835207103028,-13.533956408317087,-19.0660151889511,-35.86676092620443
-10.211574636255078,-13.229454290785013,11.742572479614308,1.9947154970055752,10.89351206057942,8.612597315073527,-13.173346599310113,-8.431754356781033,-6.7059816941351995,-17.72407155153755,-3.9797898988202904,21.717816218610807,-6.672299049318836,-8.421373830547891,-14.079034640486139,-9.648447615265505,-12.380434069536584,18.350057946501334,11.953707510722026,-5.5104965841523175,29.028757873113285,-26.017210197782045,-12.894503772948624,1.5792365088793519,-37.88974651362656,1.9518128493995608,-2.063893142219302,11.812343944862826,10.346587004383446,14.13814256159053,35.14297929921189,-5.7294093809219895,-13.088305615271038,-21.736939785921937,14.011574095006004,-18.205848984722227,5.373807186643995,-16.827640108732684,-22.561348159697154,-3.197212749148304,-13.635050503177604,-9.972951793410953,16.494169741394508,2.450127180654305,-7.197461835113736,18.005881784814235,1.1668495661238687,-6.063189234577205,1.0584217651586276,-44.625372057402316,3.002801967473243,6.568181237467766,-18.50583647045248,8.246334596186573,12.412535688126793,21.946525859048027
13.090596234690862,17.263568941923484,-15.50037333014713,-2.280810950703603,-14.333926725576159,-11.573379921173498,17.40454567803686,11.41934861434364,8.812161662562263,23.113633221712487,5.612869179604146,-28.855484053598193,8.486676784004096,11.11044651663813,18.469289356220116,12.73685606481441,16.692249013930105,-24.15465671739867,-15.8917143391779,7.091755690422422,-38.25361933412824,33.95311258773505,16.987088619817055,-1.9576710387484304,49.92894811341057,-3.0269285768082455,2.839388243733214,-15.36483754551202,-13.666149116959925,-18.830830854211683,-46.19908797687657,7.612645122111955,17.197856134530614,28.253121921594527,-18.205848984722227,23.910810530620275,-6.777246652711962,22.509623984845074,29.818546672815103,4.3620424387381265,18.042897590452448,12.876376789230623,-21.762650612698522,-3.13009666545922,9.165783261609803,-23.71675832957232,-1.4105576578123142,7.765507044123125,-1.4245708959873475,58.24700724404143,-4.058269264581767,-8.535136133910255,23.685021108784014,-11.238000871666484,-16.40417468055477,-28.78720695527356
-4.238015807870547,-4.996770663695883,4.1440314592588505,1.0747113771063006,3.8803686353007856,3.2019521401343107,-4.617426436002886,-2.791376307637546,-2.300025792324488,-6.548413188470905,-1.130639919576553,7.340172044934001,-2.755121898181679,-2.981441919363703,-5.4308575257951945,-3.5371952053297457,-4.0966873148148695,6.983373056536344,4.170360756093873,-2.023909069764686,10.404987487004371,-9.714862216518972,-4.6113472452158515,0.43932034007752496,-13.609237529376403,0.3638959565970708,-0.7542608293637397,4.3441900674786185,3.666179091653474,4.737064186593663,13.197573418665533,-1.950319246856132,-4.933366848854724,-7.987135140094165,5.373807186643995,-6.777246652711962,2.5278193405202436,-6.1630623984442625,-8.286886550425901,-1.0505774675469466,-4.9666244528048376,-4.0493887868085094,6.354561523816008,1.1384650315094074,-3.053224659622808,6.804929118090726,0.2364244493200339,-2.0984021619424467,0.09560068362925953,-16.839443089294996,0.8006196864366585,2.143841560554489,-7.491414766672154,2.6538627167939994,4.694642350311498,8.023576963226725
