V1,V2,V3,V4,V5,V6,V7,V8,V9,V10,V11,V12,V13,V14,V15,V16,V17,V18,V19,V20,V21,V22,V23,V24,V25,V26,V27,V28,V29,V30,V31,V32,V33,V34,V35,V36,V37,V38,V39,V40,V41,V42,V43,V44,V45,V46,V47,V48,V49,V50,V51,V52,V53,V54,V55,V56
1.8713747496861146,-0.3405056189656724,0.8914340920547593,0.08254627672293442,-1.3739263514741582,4.948787340324714e-4,-1.2210342311447093,0.5734450668023747,0.6716873642620071,0.6679579913581838,-0.43143327753440064,-0.9025695518365066,-0.37633051753736385,0.27737879180377845,-0.051011169327528236,0.48575415119331544,-0.23196224204027585,-1.0063821616502056,-0.3200470702317336,0.7948570867041398,-0.6026873693537993,-0.12708031872948028,0.22025798050224543,-0.9993881161148547,0.3876271288497093,-1.2055982084299206,-0.9158657709864801,-0.1146990976049971,-0.8678344461409855,0.3458524947207404,-0.1128079254708852,-0.5502939069936257,-0.651045082809148,-1.2131598362525953,0.029559343231004936,0.0607498632518396,-0.5233376116474471,-0.8311915217015023,-0.007579761789396282,0.4579210095794847,0.24094840448068633,-0.9656171355907129,1.1288032686694414,-0.418441422173186,0.17449985771284196,0.08328917393350628,0.3130534829381864,0.9467922571687619,-1.0226746519999683,-0.20320194905692357,0.6352923641692241,-0.017361820376430817,0.28357881330412893,-0.6682656223018408,-0.7134248518729451,0.48182615427021575
-0.3405056189656724,1.1355369037782328,-0.2592524203464046,0.2086553319450218,1.014630364749799,0.25578930023346,0.8832472387971345,-0.0761322189625286,-0.06187997882548265,0.059491423700657596,1.0079326432017641,0.9798852117784971,0.1564081925035665,-0.024468429562998918,0.06856526381760765,0.06274834422521665,0.19586441170760102,0.5157825718201091,-0.3847191791672174,-0.701381651569878,-0.5244130471020906,-0.44539559619812646,-0.08785697482872505,0.23022263956796732,0.16471059787002945,0.6442213049242757,0.3209231894539499,0.39775135552818025,1.0220749944240288,-0.2962954618585397,-0.6270621907475235,-0.41435737556165303,-0.33119287229119415,0.38489453177691946,0.2572474597541814,0.04202673893869319,-0.6217406086607637,0.37903408988715565,-0.13551478741939804,0.10587414096747479,0.8812643150692336,0.05368408793848193,0.05890318435270858,-0.2765756948706739,0.06562282777476953,-0.5081669043616512,1.5851644974520258,0.21111350036032084,0.41994942286897896,-0.25911990956426817,0.5359224961068725,-0.3087833903708823,0.09612006497397785,0.8129265722269411,-0.950945635974531,-0.6886877554841326
0.8914340920547593,-0.2592524203464046,0.9779165833994786,0.22797564089864453,-0.5359765230532401,-0.12778781184591342,-1.6311231116164902,1.1275082055420844,0.8860599261544765,0.19271428338700933,-0.728969044251707,-0.7131116567280485,-0.050145702244011575,0.3270191648145444,0.11711597392658858,-0.03482968162328672,0.2395436604181191,-0.3840840656238585,0.16106391220165697,0.6468617910809159,0.10900058529876708,-0.7609305876667112,0.050299083631898986,-0.10488236183411362,0.20649610676054356,-0.8341804903474258,-0.4623622455640434,-0.3298252356449543,-0.4443559498725321,0.7285866377681844,0.21505855508524543,0.04144921926366486,0.18404255444513118,-1.2702940545279373,-0.20688561307531367,-0.5189132946295899,-0.1807950575744541,0.3071199107326311,0.619421525823447,0.3097593606463843,0.18066403649046292,-0.2173764932321316,0.9407275357935344,-0.26688353171576273,0.9077931871404429,0.05847429013812967,0.23713614195465813,-0.5075109947426791,-1.062103769974949,-0.9442015139895297,0.16109067348286232,-0.5274031790321383,0.38475733091837616,-0.3665899903285446,-0.327544526329524,0.800417704175347
0.08254627672293442,0.2086553319450218,0.22797564089864453,0.23893701655883098,0.275196965769354,0.2520871498968882,-0.0029299122144738027,0.499714811487497,0.4431939145445589,-0.062111585912007744,-0.19463874495347067,0.08385429413649918,-0.2048691042526967,-0.0022369636837930628,-0.19356558447283992,0.28853850160786276,-0.07155739994493436,0.16402305646152768,-0.03130262214074251,0.04559622428514649,0.277121623232074,-0.5495719752336345,0.3087003277404224,0.28054466492794694,-0.07210358541239692,-0.04671682764257495,0.06091249353280421,0.20528993218119163,-0.20112494105194892,-0.003007741446098075,-0.06621323096397472,-0.020185740086655784,-0.030364651116785133,-0.3488982030525226,-0.12997219255182946,-0.35736949374708354,-0.07547903885864599,0.4009113645435174,0.15597264749637185,0.2578703567684326,0.38574746247808983,0.07072831369874567,0.5868786515182828,-0.1406209481330861,0.4138224794271201,0.025911087161232693,0.49801197929200036,-0.2482193446962037,-0.44679076855488065,-0.30687211293675126,0.08523384378189452,-0.09476277385214432,0.1545745175536214,0.41708931062588095,-0.23750334428193814,-0.12285981090211447
-1.3739263514741582,1.014630364749799,-0.5359765230532401,0.275196965769354,2.0647408798915916,0.9015387496646564,1.418945656288509,0.8504703794101994,0.2678388659668366,-0.690978376256614,0.8226954525078172,1.1383830142672116,0.0805633264763139,0.014930034676522198,-0.27813710950370174,0.4531254519086284,-0.02435857688501362,0.911232510646491,-0.024916460246808457,-0.9999328041701704,0.5000649521490474,-0.48882865436687856,-0.15259914906656705,0.9028167969441931,-0.41229361384463253,0.71826803481876,0.8380884314767614,0.4164878365119358,1.1569442282969187,-0.28905693325280746,-0.010754666855220276,-0.25873137307567945,0.2978363129773176,0.831294040722027,-0.05583836078915873,-0.6625439924727781,-0.6078760845166846,0.8468058418084498,0.002828958745818259,-0.25382199776786335,0.7970559033414305,0.3875365212995023,-0.06023502183563601,0.18907920917337087,0.11796152083515231,-0.09761386056555124,1.2089241504803512,-0.14966625325992716,0.9671075228066414,-0.39697803398225445,0.2865792332462597,0.10746055962008992,0.24594389576295483,1.193801173389124,-0.2785622121423987,-1.0167823904770898
4.948787340324714e-4,0.25578930023346,-0.12778781184591342,0.2520871498968882,0.9015387496646564,1.4056992573969258,1.1607380576227169,1.397261866449133,0.8301502318467515,-0.44363405578576,0.15071594262029142,0.20951884896322429,-0.6612278834111257,0.0982568218257354,-0.8265498274497985,1.5290659331619114,-0.8580247375681256,-0.04153233603156699,-0.2390475931792216,-0.2868568242832346,0.6055815005293366,-0.07656887434158907,0.3414666797947449,0.07287838879591646,-0.5374930769683391,-0.45130821885279304,0.18453188137891516,0.525212311527766,-0.2401887460666687,-0.37649932494882343,0.24830872091003772,-0.7474726954497611,-0.27981785534445813,0.20464837422983614,-0.21367701462516314,-0.7147692925544679,-0.8342096503421901,-0.2679754021922191,-0.36243600522879194,0.0035420775350083603,0.6844217537927242,-0.5143653701987522,0.8741707888087445,0.18134663836596684,-0.2561975690743178,0.47853893396623304,0.6689691466694885,1.1553079020620949,0.35155928871282915,0.11930488688057972,0.6188564850979363,0.9325285884479422,0.3845802560934729,0.6941200740093899,-0.20777598143377038,-1.03024992198818
-1.2210342311447093,0.8832472387971345,-1.6311231116164902,-0.0029299122144738027,1.418945656288509,1.1607380576227169,3.8281189326550153,-1.2743279867335722,-0.8390308335112486,-0.4283622204240829,1.1715519047338352,1.5426773169308075,-0.6664858619030941,-0.7095445218858544,-0.9488287629295586,1.282136228092862,-1.1095384219412991,0.8165740784725775,-0.6445908862255126,-1.1852670936879155,0.24341947126900101,0.7611377686797798,0.7465215739380124,0.4082891855650043,-0.6554115515812453,1.3320009068029797,0.9102414549351766,1.3281898578805957,0.11428861380214989,-1.7987145149656938,-0.6295380500184431,-0.5178838583839419,-0.8773814584122928,1.9760238506916918,0.18825029117532677,0.4412268360236309,-0.032780501080258095,-0.41987150742074797,-1.3443960184761103,-0.03460195617999058,0.5237117795726705,0.15272839630161902,-0.4507132238691564,0.2649598459778454,-1.4462147722344179,0.11461256831983174,0.5598921112980958,1.4495885221280818,1.3262539004126483,1.7651355225450274,0.12651949562339415,1.4081882574311915,-0.46470051626112485,1.611550957679075,0.07822762068268366,-2.2741473375410974
0.5734450668023747,-0.0761322189625286,1.1275082055420844,0.499714811487497,0.8504703794101994,1.397261866449133,-1.2743279867335722,3.654689178979878,2.1623157180204187,-0.567887518875434,-0.6102377434000944,-0.6970972239540808,-0.36420412728835905,0.8048045114119017,-0.49315578200177146,1.296734561720051,-0.2814288588933445,-0.44880535255604853,0.25868122262513454,0.3038079110763364,0.9583203881373086,-1.0414375461508585,-0.20640577723323475,0.12851160367773534,-0.388890852782938,-1.6427160477922482,-0.22694000047376242,-0.27958182462078013,-0.07486360609637864,0.9984702230190591,0.9868353562078672,-0.7036372716422854,0.545715125604249,-1.2286107387748257,-0.548085309880811,-1.7844929005813486,-1.414268533845562,0.36257155953932096,0.7298801233837618,-0.05284245122899783,0.8342746315645279,-0.7303011463483103,1.7354640211364538,0.11365801145496371,1.0396194502815745,0.6054754685211198,0.905474016335581,0.2636299246243359,-0.3707393559809832,-1.6253795384609042,0.8817770540780593,0.14439223391793832,1.1073522564621459,0.02828734537514792,-0.4406585354829238,0.1810735908628374
0.6716873642620071,-0.06187997882548265,0.8860599261544765,0.4431939145445589,0.2678388659668366,0.8301502318467515,-0.8390308335112486,2.1623157180204187,1.4946978379308635,-0.21867550675792344,-0.7112668525944169,-0.5067482531563177,-0.47617867057710056,0.3721460288243802,-0.45418256799466283,0.9433004285684962,-0.28776601367553967,-0.2539145540763759,0.08746001271759599,0.4183915601010375,0.7136401331938553,-0.9589495066511602,0.3138257976854142,0.16473659837637586,-0.22254407606206472,-1.0323282919108112,-0.2203088222373983,0.033420108006426384,-0.5821638618471001,0.49826590483763605,0.4340094847083632,-0.33239909688321756,0.14264869639790018,-1.1298420517382328,-0.4133541008935975,-1.1296039631814843,-0.6389106239545337,0.37912079515482383,0.4797866512048853,0.3106756861424503,0.6478671203767202,-0.389093488031628,1.5276502824674705,-0.1145725598371414,0.879572685817718,0.3945647479774573,0.6770821651623772,-0.028761871914086454,-0.8640500799743077,-0.9707130576977882,0.4619647329060155,0.03584808216986009,0.6518259010356163,0.2311347936778959,-0.3726980680315333,0.11407636824316825
0.6679579913581838,0.059491423700657596,0.19271428338700933,-0.062111585912007744,-0.690978376256614,-0.44363405578576,-0.4283622204240829,-0.567887518875434,-0.21867550675792344,0.4858950758321213,0.13922757685721007,-0.13058264673605266,0.0954240800370931,0.006346842184113121,0.26663890500698034,-0.2997968887489333,0.18097170520199438,-0.2842803717525645,-0.21375455807712707,0.1933508508418209,-0.6950681317471488,0.0567141945797907,-0.031177484566638585,-0.46575173802215003,0.390714832139256,-0.07902977474080786,-0.35125735510869166,-0.06831668123727185,-0.024142807188060778,0.049398633250420154,-0.36716798588801686,-0.10658242218647507,-0.3707259681521633,-0.28802173942743825,0.21142644973561575,0.45773893316019465,-0.040490941052546185,-0.3238430554192675,-0.06749377923853188,0.19184532510906616,0.02541743422625123,-0.23438543099562245,0.029531765856198995,-0.28693717653966483,-0.0370571276594836,-0.27310635499527536,0.21691598832922665,0.23671901740558787,-0.304808244354654,0.050583532524694136,0.17333186124043046,-0.29367028228907965,-0.08395368099617702,-0.31598099199861723,-0.429685173317529,0.26436725223091595
-0.43143327753440064,1.0079326432017641,-0.728969044251707,-0.19463874495347067,0.8226954525078172,0.15071594262029142,1.1715519047338352,-0.6102377434000944,-0.7112668525944169,0.13922757685721007,1.73242770207059,0.9844019595769379,0.5007687016065714,0.09808403693674762,0.33902859891550796,-0.13640766903976223,0.21156427512690862,0.14415877615303832,-0.4807216563415624,-0.9947100082432121,-1.1953525100297433,0.6102543356780198,-0.7967461101754862,-0.4324955136806454,0.27776127503642856,0.6034176647924281,0.21200275589898165,0.09506464607783693,1.7057402279224783,-0.3282529445120959,-0.5269418345276161,-0.7657465760606577,-0.4195668343216408,1.1650817706709673,0.5580546357851114,0.6011876244490507,-0.9927829183866809,-0.5575308960121497,-0.5553170013756092,-0.4499388446416653,0.47159135825090925,-0.359560621483095,-0.8951670592115787,-0.012472730524356346,-0.8456353619218522,-0.568909033617796,1.139010061856648,1.217736412774544,1.5808890430646254,0.2422414041397873,0.7683305807611527,0.021660880743667968,-0.03369871902648118,0.14832636886872475,-0.8271185173372345,-0.7582274406985843
-0.9025695518365066,0.9798852117784971,-0.7131116567280485,0.08385429413649918,1.1383830142672116,0.20951884896322429,1.5426773169308075,-0.6970972239540808,-0.5067482531563177,-0.13058264673605266,0.9844019595769379,1.1587801161430609,0.12493230745310531,-0.26249203601932924,-0.038316399615825815,-0.007181225476104839,0.05457755113690117,0.7556187950236923,-0.2948261091769832,-0.8507798382791181,-0.2440305391428862,-0.0906217128984549,0.032815120629783825,0.45803340202178044,-0.04272682902961071,1.0656565389185122,0.5888829459884933,0.5179175671423114,0.8988979255549876,-0.6305915449626873,-0.5780802799853038,-0.14485844987618415,-0.23970477067452442,0.9249487913326636,0.23545139334358414,0.22814353831533724,-0.15443076834431893,0.3848129503492893,-0.3377908448645248,-0.024063558731575667,0.5411336099326328,0.36852627538553917,-0.4320752813634621,-0.06497138100933038,-0.2769006348821452,-0.3993639659966399,0.9955002341983019,0.06995272583577465,0.7199451396154598,0.26501068898625907,0.136730671232196,-0.024328110088429986,-0.1696730529560639,0.95052943138517,-0.4177851323820756,-0.9170096075232249
-0.37633051753736385,0.1564081925035665,-0.050145702244011575,-0.2048691042526967,0.0805633264763139,-0.6612278834111257,-0.6664858619030941,-0.36420412728835905,-0.47617867057710056,0.0954240800370931,0.5007687016065714,0.12493230745310531,0.7451485471941761,0.18779019442089212,0.6982641311987441,-1.0186126699779106,0.7401697031577574,0.07559841972931991,0.16968187039612118,-0.2310345498541245,-0.5914618263374988,0.15917321962146147,-0.8130656311285475,-0.08174996719734824,0.3476904809279528,0.27869681259826723,0.019324139285115595,-0.5310670366637149,1.0807166879670975,0.45381678756870786,-0.00970822271285007,0.1673415560981973,0.39369201376282875,0.23303058030586773,0.23692374181385698,0.29456690394403184,-0.08757166623311223,0.14528437907368136,0.27303998977558197,-0.3839397540930657,-0.2566895366697422,0.18204049887076373,-0.8781533865084454,0.026608126454419147,0.053080013824915666,-0.41688631591122866,-0.013950833082087924,-0.45276903230453724,0.5773659529682004,-0.41907207246115696,-0.04214063433631793,-0.645474246062223,-0.04374921719944317,-0.5015722963009334,-0.08182848265159025,0.53509949918152
0.27737879180377845,-0.024468429562998918,0.3270191648145444,-0.0022369636837930628,0.014930034676522198,0.0982568218257354,-0.7095445218858544,0.8048045114119017,0.3721460288243802,0.006346842184113121,0.09808403693674762,-0.26249203601932924,0.18779019442089212,0.34234152302165194,0.17349054498017943,-0.004842684287066227,0.17332164133921105,-0.3022695111419011,0.06069229691235437,0.05726530695506584,-0.1877136956719853,-0.0517044793838189,-0.44720339097933515,-0.26382740310795433,0.1106642133125635,-0.507498328184699,-0.20856690862028596,-0.337320941494876,0.37957767729886105,0.47334631428274343,0.24533299515276116,-0.26909722958243054,0.16960534831639662,-0.279536578876063,0.005977666544833162,-0.2450608302983297,-0.5497517247403244,-0.138002983341651,0.2161950618908249,-0.18164679123779348,0.09493761796589496,-0.34068223745037435,0.13032900732776426,0.01757317071174504,0.15923852657690454,-0.002184692955485841,0.2161195364620159,0.22060699454329205,0.1669080582576799,-0.5249998842567485,0.3559002546842931,-0.15320130387594638,0.2924748306388563,-0.39046047509319354,-0.24292441923445968,0.3029446846967468
-0.051011169327528236,0.06856526381760765,0.11711597392658858,-0.19356558447283992,-0.27813710950370174,-0.8265498274497985,-0.9488287629295586,-0.49315578200177146,-0.45418256799466283,0.26663890500698034,0.33902859891550796,-0.038316399615825815,0.6982641311987441,0.17349054498017943,0.7389472744422192,-1.0833949332052233,0.7644405515524403,-0.049077096099145914,0.13388969442898688,-0.034273816115938535,-0.7044149701281073,0.08952184039111567,-0.7016206407377152,-0.20450307915543847,0.45819662933683064,0.1705059914985033,-0.1414979660589545,-0.546670979314655,0.8408591006878943,0.4971779919368572,-0.09722487501340044,0.20693169346838214,0.2827150780370889,-0.03042654512045088,0.24620662170142932,0.38716242932875033,0.009338798527688498,0.09029432807354779,0.3066865189617073,-0.23770151797414324,-0.27994907383762757,0.12798798433825875,-0.7210789300782473,-0.09072693173861086,0.14650259680250444,-0.4478068985671892,-0.04026521935021223,-0.493257184979974,0.246811036548324,-0.4246425918989758,-0.05706451328788573,-0.7488963727524658,-0.0669645105028396,-0.6145161711262349,-0.16325449643130568,0.7058338868564065
0.48575415119331544,0.06274834422521665,-0.03482968162328672,0.28853850160786276,0.4531254519086284,1.5290659331619114,1.282136228092862,1.296734561720051,0.9433004285684962,-0.2997968887489333,-0.13640766903976223,-0.007181225476104839,-1.0186126699779106,-0.004842684287066227,-1.0833949332052233,1.9183603007342522,-1.1988932478002055,-0.25856684299021326,-0.3770286696261838,-0.026213668797078756,0.6666906235668764,-0.028107754704472753,0.7466838760122536,-0.11996812778354762,-0.5785301497105786,-0.6779700827143902,6.877068259038623e-4,0.7286088768300746,-0.9118334140118652,-0.5832941567675722,0.1697743346693286,-0.8337504615955545,-0.60860415073872,-0.022554744718426254,-0.26548901407106273,-0.646062471567359,-0.7245249350873654,-0.558661676553036,-0.5480719028167623,0.24856871849882795,0.7003318509664178,-0.7133203028165089,1.2786811860526486,0.09608710895811567,-0.36101854641168396,0.639639945252111,0.5474056919478544,1.5014577525099757,-0.06813143475566788,0.43914855879153125,0.6427301627582316,1.208504331875809,0.3406585996601066,0.7185199972705307,-0.21076329468058358,-1.140303925894368
-0.23196224204027585,0.19586441170760102,0.2395436604181191,-0.07155739994493436,-0.02435857688501362,-0.8580247375681256,-1.1095384219412991,-0.2814288588933445,-0.28776601367553967,0.18097170520199438,0.21156427512690862,0.05457755113690117,0.7401697031577574,0.17332164133921105,0.7644405515524403,-1.1988932478002055,0.9154757376672608,0.17673857587379324,0.22889803069064105,-0.04393161625332401,-0.5039794775872573,-0.2979583121365293,-0.6332733648505714,0.1102331124613477,0.4420053823563622,0.2907301116112762,-0.02433151728427958,-0.5333731710703951,0.897614230487023,0.5997102909217897,-0.10223533902261671,0.3746569320254165,0.45807364863526334,-0.20316988062192382,0.16671370932448268,0.17132317500152897,0.10042815426088138,0.5458807100369576,0.5358885053596097,-0.1502654216069235,-0.15066968498769195,0.36474270388628954,-0.5747760866939169,-0.14771762260061955,0.5107523791912396,-0.5022902888473079,0.16208257323525652,-1.005856747255168,0.022213485314621854,-0.7373501614506083,-0.15519404032423895,-0.9929828849441811,-0.007721351897814686,-0.3985924183884481,-0.20318290891176555,0.7861707663446456
-1.0063821616502056,0.5157825718201091,-0.3840840656238585,0.16402305646152768,0.911232510646491,-0.04153233603156699,0.8165740784725775,-0.44880535255604853,-0.2539145540763759,-0.2842803717525645,0.14415877615303832,0.7556187950236923,0.07559841972931991,-0.3022695111419011,-0.049077096099145914,-0.25856684299021326,0.17673857587379324,0.8597335668234172,0.07845741931322622,-0.43689591182091825,0.40670680654344227,-0.4751376825864091,0.27544163509600483,0.8715156958865002,-0.16441109857599437,0.9549103344996225,0.6056866279081616,0.3499415375747779,0.30977543317327016,-0.34746538145172606,-0.2678429044559788,0.43045358900648584,0.2111297946249773,0.41872775178334753,-0.04588884177870049,-0.10167595187048296,0.46463260780048954,0.9384691872617448,0.09926435353009012,0.10440045707546917,0.21549250673074702,0.7811582883680132,-0.23162462949126894,-0.016170449546835646,0.28194959116779617,-0.19981941244168225,0.3599561406313418,-0.9578887623602025,0.03036824877994007,-0.027593816851911757,-0.4026680980885227,-0.2486568937683439,-0.17760056501169846,0.8711142303202808,0.10259890778706446,-0.3931960779788552
-0.3200470702317336,-0.3847191791672174,0.16106391220165697,-0.03130262214074251,-0.024916460246808457,-0.2390475931792216,-0.6445908862255126,0.25868122262513454,0.08746001271759599,-0.21375455807712707,-0.4807216563415624,-0.2948261091769832,0.16968187039612118,0.06069229691235437,0.13388969442898688,-0.3770286696261838,0.22889803069064105,0.07845741931322622,0.3833152765762116,0.19533762228443116,0.44805563134945836,-0.11836318421740491,-0.1312316977713318,0.2973378429514314,-0.09458741044997065,-0.06977575526900179,0.06693384220169214,-0.3165829413338533,-0.09211379996890862,0.35523849966211624,0.3853250970677851,0.44342823898048284,0.5453391963472461,-0.18499665444246063,-0.18082873157022958,-0.2513889774632689,0.3774385746698419,0.3888657496645389,0.38000058332966696,-0.13783275663270342,-0.38624059012965234,0.32849252803134815,-0.17869280404215757,0.16493914886690558,0.3354393137481383,0.1336467459788063,-0.6303820886689975,-0.7972586058686473,-0.1479015179597834,-0.30562240610605473,-0.41652023477525546,-0.20241063853641447,0.012674950391952634,-0.24305322133241108,0.512311316215001,0.4904614853612602
0.7948570867041398,-0.701381651569878,0.6468617910809159,0.04559622428514649,-0.9999328041701704,-0.2868568242832346,-1.1852670936879155,0.3038079110763364,0.4183915601010375,0.1933508508418209,-0.9947100082432121,-0.8507798382791181,-0.2310345498541245,0.05726530695506584,-0.034273816115938535,-0.026213668797078756,-0.04393161625332401,-0.43689591182091825,0.19533762228443116,0.784156416421239,0.2908148505564535,-0.23621249682198678,0.32655072367192395,-0.16930565345088572,0.06210908991908315,-0.6640392339128351,-0.4403070243565847,-0.22475700101274176,-1.0334026245184118,0.3693986210470514,0.2504651917562953,0.2972551824335673,0.08105104617148258,-0.9480189063884754,-0.22770793100342596,-0.1606645251550473,0.41502398402495055,-0.025550860913457388,0.31938789560467856,0.29649882498576424,-0.32448649293941917,-0.09183368938967335,0.5892182755605709,-0.10863520048500201,0.4518420212635215,0.25781551430103183,-0.6581058721911807,-0.41087413391623784,-1.056256408782024,-0.19240788611777299,-0.262321412942995,-0.12344903066816261,0.05547863400599153,-0.48762708825676565,0.2647155970530327,0.7174995757328327
-0.6026873693537993,-0.5244130471020906,0.10900058529876708,0.277121623232074,0.5000649521490474,0.6055815005293366,0.24341947126900101,0.9583203881373086,0.7136401331938553,-0.6950681317471488,-1.1953525100297433,-0.2440305391428862,-0.5914618263374988,-0.1877136956719853,-0.7044149701281073,0.6666906235668764,-0.5039794775872573,0.40670680654344227,0.44805563134945836,0.2908148505564535,1.6687712884228099,-0.5531260918387217,0.7822387981845955,0.9622351616053322,-0.7185342713138761,-0.10436870306142332,0.4011270132049573,0.27674296174156265,-1.1518057493566571,-0.10425196058069018,0.6154676630543987,0.5642805892627851,0.5443393761324069,-0.28889998713633436,-0.6114838486798484,-0.9357041958648881,0.7007952859493817,0.8201410285113062,0.30471752233343175,0.18133552799825886,-0.13820712400149848,0.5651419352787099,0.6784574898274006,0.3017945856447534,0.5418055659386661,0.68304426981159,-0.739715358392121,-0.9782409722889552,-0.6907450031190058,-0.060990096020837076,-0.6700954214148749,0.452872593506584,0.0846468122711019,0.6299782418379595,0.9461015846626727,-0.14804715331292226
-0.12708031872948028,-0.44539559619812646,-0.7609305876667112,-0.5495719752336345,-0.48882865436687856,-0.07656887434158907,0.7611377686797798,-1.0414375461508585,-0.9589495066511602,0.0567141945797907,0.6102543356780198,-0.0906217128984549,0.15917321962146147,-0.0517044793838189,0.08952184039111567,-0.028107754704472753,-0.2979583121365293,-0.4751376825864091,-0.11836318421740491,-0.23621249682198678,-0.5531260918387217,1.5429601357012754,-0.5270369565014126,-0.7938039554784923,-0.033522064864092635,0.007926473582323292,-0.10356417249161234,-0.19380753668327738,0.26507918508383577,-0.34330997620941867,0.1559190559226979,-0.2944740124382043,-0.22684731292290491,1.0970551207192174,0.29434856144047006,0.8087450486256484,-0.06916928933904193,-1.3307391342747696,-0.7312764464457102,-0.6079481305421996,-0.7425506060280904,-0.44178999261840124,-1.1878885951260718,0.4171735514423093,-1.3715121342272132,0.13533391541260675,-1.0717583900336136,1.3366054586449767,1.2976587954983685,1.127143929455798,0.02549049066400445,0.7707592395371408,-0.3411134211774385,-0.755155901788058,0.5344251684775798,-0.2483428451879806
0.22025798050224543,-0.08785697482872505,0.050299083631898986,0.3087003277404224,-0.15259914906656705,0.3414666797947449,0.7465215739380124,-0.20640577723323475,0.3138257976854142,-0.031177484566638585,-0.7967461101754862,0.032815120629783825,-0.8130656311285475,-0.44720339097933515,-0.7016206407377152,0.7466838760122536,-0.6332733648505714,0.27544163509600483,-0.1312316977713318,0.32655072367192395,0.7822387981845955,-0.5270369565014126,1.235851041418938,0.47758979404650864,-0.3230598764610612,0.16455755839533234,0.12029625963436766,0.7318558150190955,-1.4221140013561167,-0.6359072439611955,-0.2515502512617156,0.26233159863727284,-0.4022619213576881,-0.3812962017698991,-0.28907910162584993,-0.20312950272351338,0.6863572949486814,0.3666465783112631,-0.1615383051576276,0.6894739398698487,0.24701482704688163,0.28682478976323905,0.9531198222219598,-0.1860683792629577,0.25651840398182724,0.3031730695791348,-0.007110021408658663,-0.300254149374623,-1.1444705114868035,0.4822316078525225,-0.35611295774090185,0.3789431399203718,-0.15337371677760517,0.8554161842815176,0.17110969363137682,-0.4845742891297022
-0.9993881161148547,0.23022263956796732,-0.10488236183411362,0.28054466492794694,0.9028167969441931,0.07287838879591646,0.4082891855650043,0.12851160367773534,0.16473659837637586,-0.46575173802215003,-0.4324955136806454,0.45803340202178044,-0.08174996719734824,-0.26382740310795433,-0.20450307915543847,-0.11996812778354762,0.1102331124613477,0.8715156958865002,0.2973378429514314,-0.16930565345088572,0.9622351616053322,-0.7938039554784923,0.47758979404650864,1.135568523709401,-0.3357122250978355,0.6965399468602731,0.6087066640592713,0.2958700499356769,-0.14005693459936255,-0.1530537572555663,0.026537437374345923,0.6501650137391346,0.4827640897986426,0.021515407855738227,-0.2916611442305186,-0.517050147856575,0.6636092492968911,1.2600244009814343,0.3726958998577471,0.19521151155670236,0.14672927365502175,0.9146005365507983,0.1450887142118139,0.04097369910400067,0.6697986736102095,0.03833001582704458,0.08710126054847975,-1.4278255938860165,-0.4145284590021359,-0.29267086412812554,-0.6068566024279626,-0.25020781460208125,-0.06103445393312245,0.9011128627109142,0.3792730202093932,-0.1753011093192793
0.3876271288497093,0.16471059787002945,0.20649610676054356,-0.07210358541239692,-0.41229361384463253,-0.5374930769683391,-0.6554115515812453,-0.388890852782938,-0.22254407606206472,0.390714832139256,0.27776127503642856,-0.04272682902961071,0.3476904809279528,0.1106642133125635,0.45819662933683064,-0.5785301497105786,0.4420053823563622,-0.16441109857599437,-0.09458741044997065,0.06210908991908315,-0.7185342713138761,-0.033522064864092635,-0.3230598764610612,-0.3357122250978355,0.4308299246314625,0.00598667415678186,-0.2569304967591536,-0.24788377571592474,0.4182104279225595,0.26331539062476916,-0.2792162814882619,-0.039584304883543094,-0.10987541352819864,-0.22749143968185148,0.22720409059133392,0.3584361634048182,-0.13391303670280352,-0.09344605783010282,0.11891638751537607,0.03374952183441892,0.019602702206967637,-0.11089988338194788,-0.1871202005032694,-0.23943660592476904,0.11028329372920584,-0.3751935043364347,0.30581498789867784,-0.052882180217405594,-0.08384589446399812,-0.25719571377142136,0.16581478366810273,-0.5274129305691709,-0.01845134940837984,-0.37195724435518895,-0.4405939714724773,0.41335028166608884
-1.2055982084299206,0.6442213049242757,-0.8341804903474258,-0.04671682764257495,0.71826803481876,-0.45130821885279304,1.3320009068029797,-1.6427160477922482,-1.0323282919108112,-0.07902977474080786,0.6034176647924281,1.0656565389185122,0.27869681259826723,-0.507498328184699,0.1705059914985033,-0.6779700827143902,0.2907301116112762,0.9549103344996225,-0.06977575526900179,-0.6640392339128351,-0.10436870306142332,0.007926473582323292,0.16455755839533234,0.6965399468602731,0.00598667415678186,1.487856283038884,0.6706855060032544,0.4060723348773691,0.6027673565809953,-0.672532990732517,-0.6146445738527251,0.5008696364574663,-0.016930177745960544,0.978152565846068,0.21592349100279082,0.555161924565474,0.7118531463956763,0.6583842957825622,-0.22114749646819418,0.0149669003243813,-0.010371997626832502,0.8953820032423929,-0.9327586617014662,-0.03284724340877669,-0.21198496728312513,-0.45627077493697005,0.1952263686982584,-0.7755499657862016,0.433129359481954,0.5200714846131909,-0.5337400635922558,-0.2636971907626356,-0.514944719322385,0.7979007345812819,0.12881184742510793,-0.5308415948328796
-0.9158657709864801,0.3209231894539499,-0.4623622455640434,0.06091249353280421,0.8380884314767614,0.18453188137891516,0.9102414549351766,-0.22694000047376242,-0.2203088222373983,-0.35125735510869166,0.21200275589898165,0.5888829459884933,0.019324139285115595,-0.20856690862028596,-0.1414979660589545,6.877068259038623e-4,-0.02433151728427958,0.6056866279081616,0.06693384220169214,-0.4403070243565847,0.4011270132049573,-0.10356417249161234,0.12029625963436766,0.6087066640592713,-0.2569304967591536,0.6706855060032544,0.521228804248763,0.2704176331891836,0.2948461989740086,-0.3395229825223746,-0.05695326386102896,0.21098856851359934,0.18617244277894318,0.5810705703075314,-0.045850102751088626,-0.11069625662644152,0.2364150402054801,0.5089831601317614,-0.0610033360897301,-0.0851903966124898,0.09211050444970956,0.49543451535268274,-0.311635328529164,0.1434716776167608,-0.039455745242127756,-0.025554895286301855,0.10799449703826587,-0.417595662149569,0.369600309858839,0.1479375263008829,-0.2589101385519635,0.08830410286717405,-0.12431345567811306,0.6306546269309007,0.2327435650457851,-0.4747502261162679
-0.1146990976049971,0.39775135552818025,-0.3298252356449543,0.20528993218119163,0.4164878365119358,0.525212311527766,1.3281898578805957,-0.27958182462078013,0.033420108006426384,-0.06831668123727185,0.09506464607783693,0.5179175671423114,-0.5310670366637149,-0.337320941494876,-0.546670979314655,0.7286088768300746,-0.5333731710703951,0.3499415375747779,-0.3165829413338533,-0.22475700101274176,0.27674296174156265,-0.19380753668327738,0.7318558150190955,0.2958700499356769,-0.24788377571592474,0.4060723348773691,0.2704176331891836,0.7233552659833317,-0.4571450759246972,-0.7338909713376932,-0.38812833079536613,-0.15537642317280592,-0.5005762512316615,0.2632962843580448,-0.04088210335879988,-0.018773923286168257,0.0908121754110564,0.09944813812134269,-0.40654449642787077,0.3616129919934801,0.4735485009530722,0.08918539313817929,0.4668435859906476,-0.11128619403457318,-0.17426802282933193,0.0732012989002082,0.5311378304874897,0.33295533989393494,-0.19529485469481506,0.5262219949063002,0.057325284462696184,0.4417499183097807,-0.11003829893032976,0.907116741240656,-0.18003380335092656,-0.8770502349982172
-0.8678344461409855,1.0220749944240288,-0.4443559498725321,-0.20112494105194892,1.1569442282969187,-0.2401887460666687,0.11428861380214989,-0.07486360609637864,-0.5821638618471001,-0.024142807188060778,1.7057402279224783,0.8988979255549876,1.0807166879670975,0.37957767729886105,0.8408591006878943,-0.9118334140118652,0.897614230487023,0.30977543317327016,-0.09211379996890862,-1.0334026245184118,-1.1518057493566571,0.26507918508383577,-1.4221140013561167,-0.14005693459936255,0.4182104279225595,0.6027673565809953,0.2948461989740086,-0.4571450759246972,2.462683964157995,0.36852271908702033,-0.2221029804835271,-0.44901165968647744,0.2943662840480797,0.9522419209459779,0.5154751114424916,0.2965136271186032,-1.042984422765227,0.06454608661540465,0.06421175988430941,-0.7348453760813868,0.3276255720300186,-0.042904830737468945,-1.2456492523424927,0.05732274655572872,-0.2686725505014384,-0.7541754539099326,1.1204189579137973,0.25307858784795395,1.7253451658172467,-0.637490652643064,0.6250833766287023,-0.6666497143709255,0.1446074545026804,-0.1746275434146226,-0.7552063687008878,-0.07965056695669016
0.3458524947207404,-0.2962954618585397,0.7285866377681844,-0.003007741446098075,-0.28905693325280746,-0.37649932494882343,-1.7987145149656938,0.9984702230190591,0.49826590483763605,0.049398633250420154,-0.3282529445120959,-0.6305915449626873,0.45381678756870786,0.47334631428274343,0.4971779919368572,-0.5832941567675722,0.5997102909217897,-0.34746538145172606,0.35523849966211624,0.3693986210470514,-0.10425196058069018,-0.34330997620941867,-0.6359072439611955,-0.1530537572555663,0.26331539062476916,-0.672532990732517,-0.3395229825223746,-0.7338909713376932,0.36852271908702033,0.9853239105676247,0.44144368264375666,0.11340530381806307,0.584573800833637,-0.779762739497387,-0.08312759174385814,-0.3788095641161444,-0.2851226236345677,0.23951334762411064,0.6953242162738501,-0.18464390808723657,-0.16464139378617623,-0.12353248126625356,0.09759202087705121,-0.023433807453782464,0.6755788539285824,-0.05948308582595148,-0.10150381446814316,-0.602235088811338,-0.245679107097599,-1.0500080992050376,0.09084749144451507,-0.6670582136358223,0.3481344793490519,-0.7728786492164533,-0.08475153510634251,1.0221914608902434
-0.1128079254708852,-0.6270621907475235,0.21505855508524543,-0.06621323096397472,-0.010754666855220276,0.24830872091003772,-0.6295380500184431,0.9868353562078672,0.4340094847083632,-0.36716798588801686,-0.5269418345276161,-0.5780802799853038,-0.00970822271285007,0.24533299515276116,-0.09722487501340044,0.1697743346693286,-0.10223533902261671,-0.2678429044559788,0.3853250970677851,0.2504651917562953,0.6154676630543987,0.1559190559226979,-0.2515502512617156,0.026537437374345923,-0.2792162814882619,-0.6146445738527251,-0.05695326386102896,-0.38812833079536613,-0.2221029804835271,0.44144368264375666,0.7423939830194908,0.09562977382718521,0.5455634783702514,-0.1746850983220057,-0.27027095070368223,-0.5069669875193799,-0.04196443978987976,-0.06223612260527011,0.26263023149770914,-0.31959594684038,-0.39795806997546274,-0.09801088822157565,0.027524317062715922,0.3550603335277367,0.09647125526281017,0.4427414337232127,-0.8008116609179425,-0.11586683514147375,0.13161263806204795,-0.26599372943439825,-0.144004118814645,0.255189553616624,0.21126175871600897,-0.4601772835678613,0.6122745673437487,0.3689548937398502
-0.5502939069936257,-0.41435737556165303,0.04144921926366486,-0.020185740086655784,-0.25873137307567945,-0.7474726954497611,-0.5178838583839419,-0.7036372716422854,-0.33239909688321756,-0.10658242218647507,-0.7657465760606577,-0.14485844987618415,0.1673415560981973,-0.26909722958243054,0.20693169346838214,-0.8337504615955545,0.3746569320254165,0.43045358900648584,0.44342823898048284,0.2972551824335673,0.5642805892627851,-0.2944740124382043,0.26233159863727284,0.6501650137391346,-0.039584304883543094,0.5008696364574663,0.21098856851359934,-0.15537642317280592,-0.44901165968647744,0.11340530381806307,0.09562977382718521,0.9867191722538486,0.5395425622664662,-0.19246266558098263,-0.18661077691861264,0.039115582860246044,1.16964260276012,0.8150681285097079,0.4284555783329721,0.1202060975852635,-0.5932630257197847,0.8732142020038964,-0.36534507151343304,0.04030357791163872,0.5029644220791262,-0.006910566975595252,-0.9199710795369541,-1.5948191398236762,-0.6392831563850301,-0.050972694162173905,-0.9593675101173161,-0.4627161556469427,-0.3136098967619848,-0.001524091503380387,0.7543922900398555,0.5989207408702604
-0.651045082809148,-0.33119287229119415,0.18404255444513118,-0.030364651116785133,0.2978363129773176,-0.27981785534445813,-0.8773814584122928,0.545715125604249,0.14264869639790018,-0.3707259681521633,-0.4195668343216408,-0.23970477067452442,0.39369201376282875,0.16960534831639662,0.2827150780370889,-0.60860415073872,0.45807364863526334,0.2111297946249773,0.5453391963472461,0.08105104617148258,0.5443393761324069,-0.22684731292290491,-0.4022619213576881,0.4827640897986426,-0.10987541352819864,-0.016930177745960544,0.18617244277894318,-0.5005762512316615,0.2943662840480797,0.584573800833637,0.5455634783702514,0.5395425622664662,0.865767494419316,-0.1359521961785616,-0.20979688206365993,-0.4293349777463225,0.309166572284255,0.6602343070691417,0.5935559817057037,-0.30971641114039544,-0.41516887559440235,0.47659106332195855,-0.36504251442041813,0.25058262823780486,0.5112656960819736,0.08939426758938422,-0.6134577915920587,-1.1380470088624004,0.0612446580234634,-0.6316574247477478,-0.46169354938138474,-0.39572214325029703,0.09569763027897889,-0.28392164882126514,0.5809319605042303,0.6411943834733101
-1.2131598362525953,0.38489453177691946,-1.2702940545279373,-0.3488982030525226,0.831294040722027,0.20464837422983614,1.9760238506916918,-1.2286107387748257,-1.1298420517382328,-0.28802173942743825,1.1650817706709673,0.9249487913326636,0.23303058030586773,-0.279536578876063,-0.03042654512045088,-0.022554744718426254,-0.20316988062192382,0.41872775178334753,-0.18499665444246063,-0.9480189063884754,-0.28889998713633436,1.0970551207192174,-0.3812962017698991,0.021515407855738227,-0.22749143968185148,0.978152565846068,0.5810705703075314,0.2632962843580448,0.9522419209459779,-0.779762739497387,-0.1746850983220057,-0.19246266558098263,-0.1359521961785616,1.74399027206221,0.32034666947150264,0.6370074927819184,-0.04254894418365065,-0.5007203777629863,-0.768611784633391,-0.5900209455865579,-0.2296401698817772,0.1570955453549419,-1.3813212129091141,0.411534431245189,-1.2402939733082647,-0.11430388862430681,-0.22944041312996882,0.8217391515847399,1.709126310493341,1.0641649959657817,-0.049230063171372844,0.6474148260155549,-0.40610310658323107,0.30182191711991757,0.3511423129818248,-0.9809822362389844
0.029559343231004936,0.2572474597541814,-0.20688561307531367,-0.12997219255182946,-0.05583836078915873,-0.21367701462516314,0.18825029117532677,-0.548085309880811,-0.4133541008935975,0.21142644973561575,0.5580546357851114,0.23545139334358414,0.23692374181385698,0.005977666544833162,0.24620662170142932,-0.26548901407106273,0.16671370932448268,-0.04588884177870049,-0.18082873157022958,-0.22770793100342596,-0.6114838486798484,0.29434856144047006,-0.28907910162584993,-0.2916611442305186,0.22720409059133392,0.21592349100279082,-0.045850102751088626,-0.04088210335879988,0.5154751114424916,-0.08312759174385814,-0.27027095070368223,-0.18661077691861264,-0.20979688206365993,0.32034666947150264,0.25466485740982153,0.4184399346187832,-0.20406702428014434,-0.2953905981518689,-0.195322371906237,-0.11229511826902111,0.029452651969434435,-0.13049692658759943,-0.4128028487377379,-0.07027271468092842,-0.31886121179740223,-0.2732977640521757,0.2500253991605218,0.3768467944719089,0.4197145069615451,0.15784426969773122,0.19770707820345038,-0.10722049205791453,-0.09893370007725456,-0.13762095358529852,-0.2902436331758752,-0.0782307346458679
