V1,V2,V3,V4,V5,V6,V7,V8,V9,V10,V11,V12,V13,V14,V15,V16,V17,V18,V19,V20,V21,V22,V23,V24,V25,V26,V27,V28,V29,V30,V31,V32,V33,V34,V35,V36,V37,V38,V39,V40,V41,V42,V43,V44,V45,V46,V47,V48,V49,V50,V51,V52,V53,V54,V55,V56
8833.078443401197,-9035.705197983561,-1615.9975775427363,-5469.950403807992,-11365.162893624796,-22960.83244180583,-5209.867551345468,21012.602070979774,803.9241205305636,2057.5129329509896,5250.773982235291,1130.054322389568,10059.321649342251,13282.964495921531,11060.995364503606,-23108.48473724892,-4215.037319860944,-7539.175647576273,-14446.85266214408,9133.326502064465,19116.223794434416,-14620.46754490194,-603.74202800571,12134.00084824944,8151.419505359455,-7.6390806014171835,-1293.986486984686,-20805.673767134274,-11524.942811320736,-1560.2423901803238,-894.347222388528,-9569.964537731681,4446.565938546459,14219.389647594166,-13032.009383319208,-1788.5043359902197,-4480.425028657147,-10565.28044664097,-752.8743540772666,-6387.422481277659,-6953.748826279212,-12920.641050213444,-13586.827632193397,3980.736966960872,-1981.1835464723324,-17945.14809192807,18160.990216174,9394.780862552303,-4778.421871740759,-7846.015501047975,-3810.3485106241355,542.5505832729638,12608.98514915342,5091.60161031875,-11661.040369754743,-4294.238449011256
-9035.705197983561,9245.580530943793,1653.664660161839,5595.3572025748845,11628.246247706353,23492.07519341868,5329.347760580827,-21499.287883844638,-822.1522033466916,-2104.341567557401,-5374.303600920592,-1154.4519492335069,-10290.293504775993,-13590.219683526659,-11315.473534502858,23642.685731572692,4311.416386956329,7712.786054536639,14781.63986190063,-9343.890594895847,-19557.13868436339,14959.206623787335,617.3995115595486,-12414.326652920754,-8340.865760053588,9.37000885181067,1323.4871283284315,21285.919417249093,11791.895603663499,1597.4220885967316,913.2183423799122,9790.61701456116,-4549.047868615124,-14547.400791004384,13331.71907741676,1831.1382169789686,4582.377744168502,10808.781377047373,769.5838808162989,6534.208091589602,7114.182134790322,13220.707209180373,13900.228193484749,-4073.971903902089,2028.7023054966585,18359.621494515843,-18579.987048832998,-9611.673025238195,4889.256979224834,8030.226982783332,3899.3089022531926,-554.6424741310236,-12897.63390421235,-5207.8120517246625,11929.880131674736,4393.911395798348
-1615.9975775427363,1653.664660161839,295.9464250880454,1000.6596759319982,2079.9111830647857,4201.816807173849,953.0047544817461,-3845.4317893931475,-147.06586362666923,-376.42184357409997,-961.5067998003136,-206.1176287891131,-1840.3744476155555,-2430.7869948498737,-2023.8033229470045,4228.5846249804445,770.9541738089919,1379.5417855245782,2643.980200342821,-1671.2118533537302,-3497.613636401537,2675.4452128393286,110.2563622575385,-2220.3686643221013,-1492.2220973344165,1.8799616997130664,236.63514655306693,3807.1615934682277,2109.1833061521875,285.92864951221503,163.41021214359003,1751.009572535051,-813.670744794781,-2601.9651671421852,2384.386151784662,327.54687358333086,819.4239615077779,1933.020557900749,137.41748651887195,1168.5735337585907,1272.3057274523576,2364.7333382232173,2486.179230183348,-728.8182963594589,363.02722071865384,3283.8383230288596,-3323.0599910286865,-1719.1133470180125,874.5101587100792,1436.2677206425233,697.553418027554,-99.09390317584676,-2306.6091296759437,-931.2354209123346,2133.715137048446,786.1192556640176
-5469.950403807992,5595.3572025748845,1000.6596759319982,3387.3448008683913,7037.872292724852,14218.513601694764,3226.2872349724175,-13012.048042853341,-497.83760686959073,-1274.1122731340724,-3251.4399034552557,-699.9191998725745,-6229.308612282433,-8225.481832793452,-6849.574280228891,14310.011885452037,2610.2719283170927,4668.6511210608605,8946.185861963328,-5655.838814422513,-11837.879719293906,9053.786829207176,373.91334240502243,-7514.015212600357,-5047.657454184787,4.657343441716519,801.34864124583,12883.96928082572,7136.80054895259,966.0879520952877,553.8220146306467,5926.262569686214,-2753.526149163672,-8805.376876200595,8070.148252531525,1107.5213872449058,2774.586592640824,6542.664945046462,466.29694492510623,3955.467657498568,4306.179109871898,8001.109009681582,8413.684056756174,-2465.029404490435,1226.7764580262615,11112.564085393742,-11246.298574567476,-5817.737058244092,2959.0409644503184,4858.652042800803,2359.5242506088753,-336.02548656714845,-7808.25409102698,-3153.0798405009878,7221.145622169884,2659.144140530701
-11365.162893624796,11628.246247706353,2079.9111830647857,7037.872292724852,14625.46232325752,29547.148731995036,6703.104542851943,-27040.59332367931,-1034.2190657970402,-2647.110772204517,-6759.002583893725,-1452.2637487526022,-12943.08953341652,-17093.138576266076,-14232.506906174433,29736.532390728353,5422.868112960594,9701.125514933496,18591.531812936584,-11752.464101542071,-24597.99551689498,18814.54652223684,776.4926592881037,-15614.160371460259,-10490.82750183061,11.390103240195232,1664.7200992945593,26772.6650605404,14831.223845414317,2008.9863938683086,1149.3618777504184,12314.258395592919,-5721.757565686318,-18297.378021953064,16768.521789542254,2302.620320777487,5763.964637536263,13594.827140372117,967.9201367297178,8218.60832301598,8947.8425419386,16627.92965904705,17483.379369305017,-5123.707831177674,2551.0851944733404,23092.09628955856,-23369.24617750976,-12089.216431836567,6149.393802321105,10098.895587192303,4904.172661663089,-697.6845654455689,-16222.950421792542,-6550.452324567696,15005.140398308211,5526.547667175587
-22960.83244180583,23492.07519341868,4201.816807173849,14218.513601694764,29547.148731995036,59692.92561657576,13542.316349075576,-54628.94443223217,-2089.3983605245053,-5347.834613901364,-13654.591508935784,-2934.4199440318116,-26148.684807166654,-34532.572177507784,-28753.526408936556,60075.73714666,10955.868827584296,19598.80041731269,37559.57519764291,-23743.159806657564,-49694.8603686015,38010.416317144256,1568.8916446279275,-31544.77920308386,-21193.775376170877,22.73513168011501,3363.2550054557864,54087.91271171817,29962.840405317664,4058.406375559202,2322.073484298691,24878.203975151413,-11559.440092772771,-36965.52204597759,33877.009883133396,4651.806599010788,11644.976603562467,27465.36926469312,1955.7352829059803,16603.9302402897,18077.144183988916,33592.62553500301,35321.0322114542,-10351.037509503989,5153.617105262151,46652.07112090633,-47212.172141463794,-24423.432492229906,12423.327698591585,20402.28299729808,9907.535992447021,-1409.6130891287964,-32774.98155376661,-13233.950057284714,30314.385250651787,11164.83473061957
-5209.867551345468,5329.347760580827,953.0047544817461,3226.2872349724175,6703.104542851943,13542.316349075576,3073.03803256899,-12393.189685192909,-474.1348653201821,-1213.4346769955646,-3096.69885145181,-666.8782201181357,-5933.149578864617,-7834.2820970211405,-6523.828546716754,13629.616488511389,2486.273108762638,4446.544060765131,8520.651815419335,-5386.912535441752,-11275.24085882415,8623.398943043403,356.23101772060073,-7156.746832658535,-4807.310460839523,4.343472051649168,763.2521423672399,12271.293760986286,6797.336161557738,920.0063410238373,527.3635901918345,5644.5336981800065,-2622.52446456427,-8386.556755305286,7686.3812134451455,1054.9133900742129,2642.686441673601,6231.682704845416,444.32765839839215,3767.4568316254195,4101.519586937709,7620.6324309087195,8013.501375973126,-2347.7746069212494,1168.4216336653324,10584.033397668076,-10711.544509993239,-5541.073868221326,2818.2898895611356,4627.759332904573,2247.252230350802,-320.092303818791,-7436.946152803013,-3003.2787590188454,6877.70027623955,2532.5317569774243
21012.602070979774,-21499.287883844638,-3845.4317893931475,-13012.048042853341,-27040.59332367931,-54628.94443223217,-12393.189685192909,49994.68131809299,1912.0759219254342,4894.0255412760625,12496.676744138578,2685.0427757334896,23929.997265883612,31603.03018985052,26313.958333917624,-54979.13117347913,-10026.143225327862,-17936.012109233812,-34373.382329728,21728.764891235864,45478.65361464655,-34785.8749206243,-1435.7072914179225,28868.599763125956,19396.093587344832,-21.15241930048299,-3077.839413534359,-49499.17131110055,-27421.059697533627,-3714.389951705056,-2124.751423744001,-22767.495677444844,10578.750073609332,33829.41593495605,-31002.71118970495,-4257.4046054279115,-10656.722048618101,-25135.11538750818,-1789.605546115622,-15195.11534660613,-16543.4441688069,-30743.036818156797,-32324.429664750794,9473.150146858527,-4716.759590057813,-42694.25764294576,43206.69428000059,22351.39989937965,-11369.473187141079,-18671.958477093085,-9067.219567736303,1289.9154329239284,29993.909515456715,12110.880729490273,-27742.512010968032,-10217.788662533545
803.9241205305636,-822.1522033466916,-147.06586362666923,-497.83760686959073,-1034.2190657970402,-2089.3983605245053,-474.1348653201821,1912.0759219254342,73.19551182783869,187.31366700066377,477.67936149758293,102.90739211409,915.5070197157773,1208.7408802729078,1006.6457285722846,-2102.8363155889333,-383.628230998199,-686.139055537007,-1314.62048772297,831.1731527346267,1739.5759518611198,-1330.3542716411514,-54.926485015868536,1104.1944288472519,741.7770694615909,-0.5989609966850734,-117.77599686878463,-1893.3716951075194,-1048.7396152702518,-141.92621276312852,-81.56876967507738,-870.8860823214906,404.670987425763,1294.032653276852,-1186.0287074826217,-162.6411389300176,-407.8287213059007,-961.4569342081826,-68.51963078670417,-581.3031345554105,-632.7898422234823,-1175.671139282355,-1236.4657591210073,362.16921615118014,-180.16576056020662,-1633.0530586642683,1652.6964768474345,854.9427416731844,-434.80855258532387,-713.7205203178319,-346.69115534484797,49.392509053910985,1147.6254788188785,463.42028821480693,-1061.2107975597712,-390.79197899306587
2057.5129329509896,-2104.341567557401,-376.42184357409997,-1274.1122731340724,-2647.110772204517,-5347.834613901364,-1213.4346769955646,4894.0255412760625,187.31366700066377,479.4129792726105,1222.7833496409532,263.22795861679015,2343.103028118448,3093.771557325584,2576.4277747305478,-5382.162603788034,-981.7522408564735,-1756.1344974229967,-3364.836505443045,2127.3136953438348,4452.283137468943,-3405.0742489333397,-140.56069641161739,2826.1483429859486,1898.6919644486322,-1.6385195443549632,-301.4032606238574,-4845.97633379413,-2684.2900606639782,-363.3745809982825,-208.63853024316492,-2228.968787457719,1035.7419148953386,3312.0151000128576,-3035.516085898407,-416.3470238616022,-1043.7048375604197,-2460.7625802129187,-175.29502788920217,-1487.772088132109,-1619.5666327742724,-3009.1952887917164,-3164.687878795428,927.043680203714,-461.25721014944816,-4179.744629233753,4229.9928079201845,2188.2002504432626,-1112.9222082911303,-1826.911792596668,-887.4255310806758,126.38614669246181,2937.142249152479,1185.980903969017,-2716.1244651889288,-1000.2796837370771
5250.773982235291,-5374.303600920592,-961.5067998003136,-3251.4399034552557,-6759.002583893725,-13654.591508935784,-3096.69885145181,12496.676744138578,477.67936149758293,1222.7833496409532,3125.256678924246,669.501298510662,5979.923521162967,7899.202106046588,6576.125640498445,-13741.582117786673,-2504.992164265742,-4482.59950431533,-8592.174018279475,5430.549999426875,11366.014553664085,-8694.875412427182,-358.4816332767234,7215.358118666756,4849.092285651066,-6.578111697277194,-768.9262990511089,-12371.514787624952,-6854.239211004849,-929.4242276430784,-529.9184091864971,-5690.060663657246,2643.955580967219,8455.066301283932,-7747.777988743172,-1065.0014248804157,-2662.29963775758,-6281.594203885391,-446.5274326534537,-3797.1747732990843,-4134.540459838786,-7685.053854719291,-8078.85925293633,2368.7230361023353,-1180.266233487013,-10671.012385571521,10798.52686943578,5586.404535296541,-2842.033926213636,-4668.845695594239,-2267.0329563348464,321.9721017245777,7494.622204119026,3025.7397677586036,-6933.566466457484,-2554.3986309165034
1130.054322389568,-1154.4519492335069,-206.1176287891131,-699.9191998725745,-1452.2637487526022,-2934.4199440318116,-666.8782201181357,2685.0427757334896,102.90739211409,263.22795861679015,669.501298510662,146.10778731506642,1286.8567366512586,1697.5715079028992,1414.504361252582,-2953.943513303837,-539.7643620859384,-963.8524140502684,-1845.808781435367,1167.7766310964776,2444.725346083589,-1868.7022025700162,-77.62865958482007,1551.1522292654513,1040.51952817171,0.21210240027058203,-165.74503549452905,-2659.762164070098,-1472.574958834675,-198.36888638553503,-115.05873550517374,-1223.7829510856752,568.382465404746,1817.7075441325667,-1666.6950064471696,-227.95768157972807,-573.8161248060978,-1351.3064637056998,-97.13738326406941,-817.1556754264809,-889.3061131543427,-1650.6776237597649,-1736.921505041541,507.9553266841534,-252.07502121395797,-2293.7498273947235,2322.0049210203565,1200.9760973934706,-610.4952049106512,-1001.5522351529501,-486.3354809306102,69.79307265200329,1613.4953610864793,652.0671919162613,-1490.8726811584336,-548.2078362947477
10059.321649342251,-10290.293504775993,-1840.3744476155555,-6229.308612282433,-12943.08953341652,-26148.684807166654,-5933.149578864617,23929.997265883612,915.5070197157773,2343.103028118448,5979.923521162967,1286.8567366512586,11455.822228797586,15127.144997476202,12596.577756668274,-26316.833389287618,-4800.192072393805,-8585.828690736722,-16452.667138647586,10401.332197837548,21770.252687100812,-16650.43609784916,-687.5529613490075,13818.654000783947,9283.166252967558,-8.804948077681189,-1473.6097411850287,-23694.2254609354,-13125.061696105116,-1776.9196197892475,-1018.3425489735794,-10898.607155187527,5063.873389264406,16193.495251944341,-14841.218409102978,-2036.9350630291594,-5102.351730764052,-12032.118131313287,-857.3902396484731,-7274.187367753673,-7919.195406401847,-14714.63467827714,-15473.123337972227,4533.510143071036,-2256.3860527240763,-20436.563572390132,20682.374754798937,10699.102123137265,-5441.869819883288,-8935.599675087398,-4339.430880419672,617.8556428100653,14359.363053672872,5798.419432676645,-13279.96252814556,-4890.446924885664
13282.964495921531,-13590.219683526659,-2430.7869948498737,-8225.481832793452,-17093.138576266076,-34532.572177507784,-7834.2820970211405,31603.03018985052,1208.7408802729078,3093.771557325584,7899.202106046588,1697.5715079028992,15127.144997476202,19977.225789538305,16634.051961742607,-34754.016815683426,-6338.019815155375,-11338.00901416374,-21728.34944231655,13735.526223315486,28748.638315335127,-21989.110029275886,-907.5912886429735,18248.77059781092,12260.70800062342,-13.134109335759662,-1945.6577324842747,-31290.08759191866,-17333.613819839178,-2347.8007118430774,-1343.4114344600516,-14392.131564298183,6687.198274518907,21384.727929946526,-19598.013621948474,-2691.0460961855392,-6736.692628087013,-15888.802333590354,-1131.383148062144,-9605.442466027322,-10457.682617619197,-19433.423184372183,-20433.371953034977,5988.095814175218,-2981.3527940827457,-26988.423087972486,27312.418760792123,14129.054816485264,-7186.9316178935005,-11802.692781770093,-5731.5349512860075,815.4607155646518,18960.507126140605,7655.903326083823,-17537.001448765823,-6458.922472479083
11060.995364503606,-11315.473534502858,-2023.8033229470045,-6849.574280228891,-14232.506906174433,-28753.526408936556,-6523.828546716754,26313.958333917624,1006.6457285722846,2576.4277747305478,6576.125640498445,1414.504361252582,12596.577756668274,16634.051961742607,13851.112008796548,-28938.210086577266,-5278.0062709523345,-9441.007659131692,-18091.79157370968,11437.276657029117,23938.379424415292,-18309.055326636942,-755.9119292912249,15195.073722288098,10208.316474844105,-10.063014913328955,-1620.2966100180397,-26054.2728027849,-14432.639505775587,-1954.2641665353958,-1119.4940759184312,-11984.048491923859,5568.278568142753,17806.471429307963,-16319.253430408433,-2240.0499595081974,-5610.235580218215,-13230.387323186673,-942.499788029579,-7998.538998707472,-8707.878071947214,-16180.64684785096,-17014.34147926639,4985.365619885949,-2481.515215684285,-22472.25615228711,22742.362867342596,11764.802866439955,-5984.045506507359,-9826.139021113602,-4771.917168359595,679.2741020746895,15789.133712973213,6375.589945767189,-14602.691121563617,-5377.793040747414
-23108.48473724892,23642.685731572692,4228.5846249804445,14310.011885452037,29736.532390728353,60075.73714666,13629.616488511389,-54979.13117347913,-2102.8363155889333,-5382.162603788034,-13741.582117786673,-2953.943513303837,-26316.833389287618,-34754.016815683426,-28938.210086577266,60461.32414285396,11026.596739038056,19724.54994978769,37800.23456208979,-23895.615625847127,-50014.3152967083,38254.379751519315,1579.1658706634385,-31747.25878150244,-21329.099030349837,22.44218123554909,3384.9679283102905,54435.05813561162,30154.846519341336,4083.995107807165,2337.1052291718206,25038.05571810348,-11633.556621735765,-37202.678790649246,34094.66248600533,4681.4989064210395,11720.079420875158,27641.982788807283,1968.7136562966468,16710.74434877342,18193.373148767423,33807.91572613015,35547.686278526795,-10417.160796316743,5186.3002892154655,46951.335577268204,-47515.35669838122,-24580.16259589006,12502.92928707747,20532.89584454636,9970.84216217554,-1418.8466199482004,-32985.85730106637,-13319.363274116842,30508.964434721795,11236.141686703837
-4215.037319860944,4311.416386956329,770.9541738089919,2610.2719283170927,5422.868112960594,10955.868827584296,2486.273108762638,-10026.143225327862,-383.628230998199,-981.7522408564735,-2504.992164265742,-539.7643620859384,-4800.192072393805,-6338.019815155375,-5278.0062709523345,11026.596739038056,2011.6440156427177,3597.391473754597,6893.224689543454,-4358.150736261218,-9122.025040893624,6976.42055117137,288.2328218103511,-5789.943899889384,-3889.0102591583823,3.3259069011279574,617.5579117086493,9927.746861474669,5499.057558213657,744.1104182060045,426.80593716040084,4566.59634970209,-2121.6583383150905,-6784.895312154961,6218.575087319605,853.3308028029975,2138.168653489216,5041.682527137471,359.5972778015572,3048.0435074741054,3318.2832468114752,6165.097535502781,6483.119974485682,-1899.262308172807,945.0730593442416,8562.680724830721,-8665.95327615888,-4482.828195569752,2280.000202364625,3743.6848558915035,1817.9642822531503,-259.0467273084352,-6016.941491662734,-2429.9170061239206,5564.237617488263,2048.782678420968
-7539.175647576273,7712.786054536639,1379.5417855245782,4668.6511210608605,9701.125514933496,19598.80041731269,4446.544060765131,-17936.012109233812,-686.139055537007,-1756.1344974229967,-4482.59950431533,-963.8524140502684,-8585.828690736722,-11338.00901416374,-9441.007659131692,19724.54994978769,3597.391473754597,6435.117002502544,12331.707552966485,-7795.7321450948475,-16316.409240640043,12479.606812055421,515.1343612473156,-10357.099313723731,-6958.394212896753,7.03346971802842,1104.362447360593,17758.852939297893,9837.544253571374,1332.2246096052877,763.0350775257695,8168.367075535122,-3795.421090062984,-12137.10743411986,11123.283261277804,1526.896507212608,3823.850657888436,9017.827179646381,642.2373032720062,5451.783516061499,5935.293327720416,11029.014658472684,11597.17156740625,-3398.2036023531887,1691.5774753249052,15317.383857079494,-15501.361667929994,-8019.0098842978605,4078.8359236591655,6697.693211114612,3252.704078950042,-462.9293150996976,-10761.839692737241,-4345.479137898438,9953.33463983686,3665.717650678501
-14446.85266214408,14781.63986190063,2643.980200342821,8946.185861963328,18591.531812936584,37559.57519764291,8520.651815419335,-34373.382329728,-1314.62048772297,-3364.836505443045,-8592.174018279475,-1845.808781435367,-16452.667138647586,-21728.34944231655,-18091.79157370968,37800.23456208979,6893.224689543454,12331.707552966485,23633.158776695644,-14939.324126930074,-31268.113812500796,23916.614901227404,987.0034334199818,-19848.255871809302,-13335.81590931354,14.707303415098508,2116.076444913467,34032.55972870741,18853.11898907039,2553.9440043078284,1460.7972485423877,15653.450263220793,-7273.302348384884,-23259.022485390848,21315.452196751725,2927.2017052649985,7326.751795351335,17281.235727664698,1230.2776142765401,10447.135248665125,11374.186814352941,21137.147119524005,22224.28477947865,-6513.289166821366,3243.1194667714976,29353.97648985073,-29706.197394860264,-15367.434417211718,7816.987861365033,12837.812617606094,6234.175124963755,-886.8018124917268,-20621.746664131493,-8326.523623784027,19074.009094615296,7025.266310859929
9133.326502064465,-9343.890594895847,-1671.2118533537302,-5655.838814422513,-11752.464101542071,-23743.159806657564,-5386.912535441752,21728.764891235864,831.1731527346267,2127.3136953438348,5430.549999426875,1167.7766310964776,10401.332197837548,13735.526223315486,11437.276657029117,-23895.615625847127,-4358.150736261218,-7795.7321450948475,-14939.324126930074,9444.22117930061,19766.915742718436,-15118.742329238965,-624.1501273025507,12547.250194220363,8429.58295169696,-8.565099182927865,-1337.8823085035028,-21514.11917374528,-11917.763996222417,-1613.8863574962106,-924.139919161646,-9895.69363064084,4597.929107078045,14703.504011904484,-13475.294670405308,-1849.9355626585877,-4632.370256200839,-10924.813505063863,-778.1815855920563,-6604.622648949526,-7190.454162811282,-13361.320263422374,-14049.3743485318,4116.844931277702,-2049.382747539064,-18556.30579882804,18779.245991740172,9714.6898447543,-4941.343216713807,-8114.380885813264,-3940.513094805385,560.8181636896253,13037.318647561933,5264.39361512956,-12057.960852434306,-4440.730246600371
19116.223794434416,-19557.13868436339,-3497.613636401537,-11837.879719293906,-24597.99551689498,-49694.8603686015,-11275.24085882415,45478.65361464655,1739.5759518611198,4452.283137468943,11366.014553664085,2444.725346083589,21770.252687100812,28748.638315335127,23938.379424415292,-50014.3152967083,-9122.025040893624,-16316.409240640043,-31268.113812500796,19766.915742718436,41373.253980040536,-31644.347228444523,-1306.6366762226237,26261.750613933073,17642.569217127744,-17.74907554130457,-2800.3141498820946,-45029.420938846386,-24943.95738478274,-3377.552856317891,-1933.7318789147425,-20712.094304037302,9623.369578657408,30774.471251266397,-28204.025190306624,-3872.1737133394804,-9695.718296501422,-22866.306981425783,-1629.214763933081,-13823.775728146005,-15050.08045860046,-27965.652649625874,-29405.488059398238,8616.586470075763,-4289.376189878886,-38838.52819943411,39305.57248288948,20333.00896073458,-10342.32809645657,-16984.179110155783,-8247.47332985549,1173.9909011593156,27287.386541377862,11018.784449294213,-25237.49185883027,-9294.119946760686
-14620.46754490194,14959.206623787335,2675.4452128393286,9053.786829207176,18814.54652223684,38010.416317144256,8623.398943043403,-34785.8749206243,-1330.3542716411514,-3405.0742489333397,-8694.875412427182,-1868.7022025700162,-16650.43609784916,-21989.110029275886,-18309.055326636942,38254.379751519315,6976.42055117137,12479.606812055421,23916.614901227404,-15118.742329238965,-31644.347228444523,24204.183324092053,999.1586070052349,-20086.688114366254,-13495.092702097032,14.543936318799602,2141.608450143299,34441.192887874604,19079.252748803057,2584.15174395881,1478.0397073082381,15841.659867632043,-7360.477096701061,-23538.09522966397,21571.49234569963,2962.430344347194,7414.958905321674,17489.2280485374,1245.5952021825008,10572.830072819734,11511.091641208495,21390.907416180846,22491.03100763434,-6591.312260330813,3281.862463025896,29706.247464829234,-30063.148100912964,-15551.940819676918,7910.783057852913,12992.249616882078,6308.822463236614,-897.6633586685515,-20869.625896397843,-8426.954666238005,19303.009503196954,7109.154717388389
-603.74202800571,617.3995115595486,110.2563622575385,373.91334240502243,776.4926592881037,1568.8916446279275,356.23101772060073,-1435.7072914179225,-54.926485015868536,-140.56069641161739,-358.4816332767234,-77.62865958482007,-687.5529613490075,-907.5912886429735,-755.9119292912249,1579.1658706634385,288.2328218103511,515.1343612473156,987.0034334199818,-624.1501273025507,-1306.6366762226237,999.1586070052349,41.4283101588418,-829.1917730095375,-556.5881852576177,0.2850536802530736,88.50674943036859,1421.7362457713434,787.4087433314102,106.37211139495882,61.09819534660559,654.0774856189106,-303.81823545627435,-971.6244853134026,890.6474823096969,122.15135085654875,306.3682861178074,722.1803076986835,51.69505755309986,436.61387324707783,475.2993398543087,882.7648401617947,928.420356620496,-271.8347922084409,135.16610135452987,1226.1795828326717,-1241.117880765109,-641.9905315445989,326.47922092906515,536.0731286796412,260.2160606302313,-37.18337451018445,-861.8974923041491,-348.1845369594394,796.8772527034861,293.19603136579406
12134.00084824944,-12414.326652920754,-2220.3686643221013,-7514.015212600357,-15614.160371460259,-31544.77920308386,-7156.746832658535,28868.599763125956,1104.1944288472519,2826.1483429859486,7215.358118666756,1551.1522292654513,13818.654000783947,18248.77059781092,15195.073722288098,-31747.25878150244,-5789.943899889384,-10357.099313723731,-19848.255871809302,12547.250194220363,26261.750613933073,-20086.688114366254,-829.1917730095375,16669.98954919673,11199.539762295044,-11.69281419897435,-1777.4055223587136,-28583.034216356005,-15833.798734448443,-2144.386069950884,-1227.3264797674672,-13147.110664826752,6108.621748232469,19534.585907526336,-17902.663467386184,-2458.087703265092,-6154.121879719914,-14514.386059769773,-1033.7676186791077,-8774.597778940342,-9553.057364220986,-17751.90399684762,-18665.56854649054,5469.8162768499615,-2723.1432227562404,-24653.4275722594,24949.595689388465,12906.669276200366,-6565.058181812104,-10781.276757623278,-5235.479713275859,745.029667353725,17320.519623258013,6993.868517558103,-16019.811838510506,-5899.920531293952
8151.419505359455,-8340.865760053588,-1492.2220973344165,-5047.657454184787,-10490.82750183061,-21193.775376170877,-4807.310460839523,19396.093587344832,741.7770694615909,1898.6919644486322,4849.092285651066,1040.51952817171,9283.166252967558,12260.70800062342,10208.316474844105,-21329.099030349837,-3889.0102591583823,-6958.394212896753,-13335.81590931354,8429.58295169696,17642.569217127744,-13495.092702097032,-556.5881852576177,11199.539762295044,7525.922799236883,-8.899044508120069,-1193.8369886745518,-19203.238733350634,-10638.4756961531,-1441.7327344440632,-824.2044417201831,-8832.348991089206,4104.152473061558,13124.302702866304,-12027.183188157038,-1651.8823572286353,-4133.707307818496,-9750.613946349302,-693.5664284326099,-5894.558259550633,-6417.692527141994,-11927.254090342063,-12540.367372457196,3675.620359802137,-1830.486133756446,-16563.52674485663,16761.78934024584,8671.261559997798,-4410.987250209375,-7244.184220209661,-3518.092098254282,500.119870951264,11635.363708540122,4697.6680862554285,-10762.691271622056,-3964.62790726862
-7.6390806014171835,9.37000885181067,1.8799616997130664,4.657343441716519,11.390103240195232,22.73513168011501,4.343472051649168,-21.15241930048299,-0.5989609966850734,-1.6385195443549632,-6.578111697277194,0.21210240027058203,-8.804948077681189,-13.134109335759662,-10.063014913328955,22.44218123554909,3.3259069011279574,7.03346971802842,14.707303415098508,-8.565099182927865,-17.74907554130457,14.543936318799602,0.2850536802530736,-11.69281419897435,-8.899044508120069,1.0658263314940024,0.9743094829520074,19.89047814987403,11.657078872929398,2.360174871022738,-0.056248306980176396,8.894692905376555,-4.222007413473693,-13.553259165768399,11.765929971645093,2.471215699503432,3.326951132982132,9.674459677749853,0.09962237995896844,5.6129391413918475,6.46515727691008,13.4390883594142,12.900787739406258,-4.674917473638196,3.0227797393864884,17.383127143514706,-17.128053629861423,-9.003891170636708,4.909058901482103,9.207463799177418,4.318742846044585,-0.17708504413994483,-10.529797195466253,-3.9078059825415123,10.96180929397874,4.619244875425923
-1293.986486984686,1323.4871283284315,236.63514655306693,801.34864124583,1664.7200992945593,3363.2550054557864,763.2521423672399,-3077.839413534359,-117.77599686878463,-301.4032606238574,-768.9262990511089,-165.74503549452905,-1473.6097411850287,-1945.6577324842747,-1620.2966100180397,3384.9679283102905,617.5579117086493,1104.362447360593,2116.076444913467,-1337.8823085035028,-2800.3141498820946,2141.608450143299,88.50674943036859,-1777.4055223587136,-1193.8369886745518,0.9743094829520074,189.60715544615448,3047.6559810692534,1688.1077391245572,228.4014181688479,131.07222252898427,1401.8783305649633,-651.331583618131,-2082.8792366707926,1909.045521314362,261.9075452974457,656.4418428433181,1547.725505911229,110.39137140879505,935.7105603017396,1018.6508048880296,1892.5201555866174,1990.2377442307254,-582.9856064737115,290.04648732692937,2628.610598120651,-2660.3184495416613,-1376.162757685703,699.9207942833497,1149.1536035379377,558.0528202463724,-79.54117081622084,-1847.2023877133865,-745.9770693345351,1708.1653853621594,628.9181632386777
-20805.673767134274,21285.919417249093,3807.1615934682277,12883.96928082572,26772.6650605404,54087.91271171817,12271.293760986286,-49499.17131110055,-1893.3716951075194,-4845.97633379413,-12371.514787624952,-2659.762164070098,-23694.2254609354,-31290.08759191866,-26054.2728027849,54435.05813561162,9927.746861474669,17758.852939297893,34032.55972870741,-21514.11917374528,-45029.420938846386,34441.192887874604,1421.7362457713434,-28583.034216356005,-19203.238733350634,19.89047814987403,3047.6559810692534,49009.763417132126,27149.24865851842,3676.785415741707,2104.8241243016846,22542.59229907765,-10474.189745690051,-33494.97671985662,30696.862209578183,4214.49962624844,10552.323387862325,24886.932464694954,1772.501541271676,15045.347077785616,16380.016965444984,30437.904769175984,32004.87482609348,-9378.612176391052,4668.966511114903,42271.88561877979,-42779.63526814389,-22130.35041100353,11256.668569036998,18485.465319396633,8976.866517837509,-1277.4667929804546,-29698.859813013813,-11992.09727196567,27468.340924568096,10116.292653954508
-11524.942811320736,11791.895603663499,2109.1833061521875,7136.80054895259,14831.223845414317,29962.840405317664,6797.336161557738,-27421.059697533627,-1048.7396152702518,-2684.2900606639782,-6854.239211004849,-1472.574958834675,-13125.061696105116,-17333.613819839178,-14432.639505775587,30154.846519341336,5499.057558213657,9837.544253571374,18853.11898907039,-11917.763996222417,-24943.95738478274,19079.252748803057,787.4087433314102,-15833.798734448443,-10638.4756961531,11.657078872929398,1688.1077391245572,27149.24865851842,15039.908161174571,2037.3379546749775,1165.427195338219,12487.448899335674,-5802.245685106087,-18554.74965650548,17004.310983729094,2335.0855761924217,5844.947391907522,13785.997018886042,981.4764234401612,8334.15820326793,9073.67512790809,16861.909090126486,17729.275705396933,-5195.8518462943475,2587.0766049454483,23416.923021092072,-23697.907879751012,-12259.272037962552,6235.923650238024,10241.132264072112,4973.208896175773,-707.4537008288247,-16450.973094663044,-6642.488762924252,15216.179472393904,5604.311547614728
-1560.2423901803238,1597.4220885967316,285.92864951221503,966.0879520952877,2008.9863938683086,4058.406375559202,920.0063410238373,-3714.389951705056,-141.92621276312852,-363.3745809982825,-929.4242276430784,-198.36888638553503,-1776.9196197892475,-2347.8007118430774,-1954.2641665353958,4083.995107807165,744.1104182060045,1332.2246096052877,2553.9440043078284,-1613.8863574962106,-3377.552856317891,2584.15174395881,106.37211139495882,-2144.386069950884,-1441.7327344440632,2.360174871022738,228.4014181688479,3676.785415741707,2037.3379546749775,276.63303566834077,157.3103775918384,1690.9255461126086,-785.8293237509636,-2512.8886736436366,2302.3977018974847,316.70219590010703,790.8800558822176,1866.595752117839,132.3527882228795,1128.2953544861928,1228.6110667345622,2284.2989098800394,2401.035226532902,-704.2788863118221,351.16058767129874,3171.5264547667784,-3209.1507288137764,-1660.2889805199095,844.7694941410115,1387.9626166202463,674.017508463438,-95.5212989873416,-2226.868707776865,-898.8161296776691,2060.6085097604323,759.4555987876913
-894.347222388528,913.2183423799122,163.41021214359003,553.8220146306467,1149.3618777504184,2322.073484298691,527.3635901918345,-2124.751423744001,-81.56876967507738,-208.63853024316492,-529.9184091864971,-115.05873550517374,-1018.3425489735794,-1343.4114344600516,-1119.4940759184312,2337.1052291718206,426.80593716040084,763.0350775257695,1460.7972485423877,-924.139919161646,-1933.7318789147425,1478.0397073082381,61.09819534660559,-1227.3264797674672,-824.2044417201831,-0.056248306980176396,131.07222252898427,2104.8241243016846,1165.427195338219,157.3103775918384,91.80264233681314,968.1746781434314,-450.01564039491967,-1438.736966766354,1319.035701551918,180.02253907325152,454.0923590655557,1068.8108365836497,76.33528575540754,646.4774168871818,703.3583231928679,1305.9436721317345,1374.6775603698661,-401.9348897927578,199.37404743837604,1815.3435755297428,-1837.2254207631197,-950.4005425542147,483.0760429784514,791.5819661180034,384.9133589785514,-55.042905183824345,-1276.973918038204,-515.7226214330627,1179.8845746192983,434.29828045881266
-9569.964537731681,9790.61701456116,1751.009572535051,5926.262569686214,12314.258395592919,24878.203975151413,5644.5336981800065,-22767.495677444844,-870.8860823214906,-2228.968787457719,-5690.060663657246,-1223.7829510856752,-10898.607155187527,-14392.131564298183,-11984.048491923859,25038.05571810348,4566.59634970209,8168.367075535122,15653.450263220793,-9895.69363064084,-20712.094304037302,15841.659867632043,654.0774856189106,-13147.110664826752,-8832.348991089206,8.894692905376555,1401.8783305649633,22542.59229907765,12487.448899335674,1690.9255461126086,968.1746781434314,10368.833770782709,-4817.683165135095,-15406.34401480629,14119.50346354563,1938.418085301593,4853.86691748357,11447.235593231737,815.5266745043982,6920.424713834324,7534.296450221235,14000.09348779999,14720.99625169118,-4313.617907040996,2147.3230363166963,19443.348290508795,-19677.097622408244,-10179.101801313716,5177.569239681269,8502.436505337644,4128.856923599467,-587.7003309778435,-13660.63468260353,-5516.168389629054,12634.404274409433,4652.895994213291
4446.565938546459,-4549.047868615124,-813.670744794781,-2753.526149163672,-5721.757565686318,-11559.440092772771,-2622.52446456427,10578.750073609332,404.670987425763,1035.7419148953386,2643.955580967219,568.382465404746,5063.873389264406,6687.198274518907,5568.278568142753,-11633.556621735765,-2121.6583383150905,-3795.421090062984,-7273.302348384884,4597.929107078045,9623.369578657408,-7360.477096701061,-303.81823545627435,6108.621748232469,4104.152473061558,-4.222007413473693,-651.331583618131,-10474.189745690051,-5802.245685106087,-785.8293237509636,-450.01564039491967,-4817.683165135095,2238.566999657827,7158.501407790754,-6560.477856160895,-900.5893111774642,-2255.256507224463,-5318.648182001548,-378.7238182785035,-3215.420065943248,-3500.593790801322,-6504.948385751098,-6840.0089744261,2004.2979805949722,-997.7489302884245,-9034.223081413931,9142.652485196915,4729.630478292832,-2405.719237876595,-3950.369158725768,-1918.4759051074086,272.9908253391182,6347.238774084,2562.882582247915,-5870.475981044632,-2162.074067377311
14219.389647594166,-14547.400791004384,-2601.9651671421852,-8805.376876200595,-18297.378021953064,-36965.52204597759,-8386.556755305286,33829.41593495605,1294.032653276852,3312.0151000128576,8455.066301283932,1817.7075441325667,16193.495251944341,21384.727929946526,17806.471429307963,-37202.678790649246,-6784.895312154961,-12137.10743411986,-23259.022485390848,14703.504011904484,30774.471251266397,-23538.09522966397,-971.6244853134026,19534.585907526336,13124.302702866304,-13.553259165768399,-2082.8792366707926,-33494.97671985662,-18554.74965650548,-2512.8886736436366,-1438.736966766354,-15406.34401480629,7158.501407790754,22891.731670092668,-20979.381052148405,-2880.1834698863254,-7211.896972158537,-17008.483356449608,-1211.2738999253659,-10282.492490627528,-11194.57054210653,-20802.161582404282,-21873.31062463011,6409.585638658307,-3190.818111614406,-28890.119644189086,29237.034460852563,15124.666657742726,-7693.184876139108,-12633.254625369469,-6135.07113648328,873.0419668137702,20297.387278182767,8195.789227170248,-18772.882030588913,-6913.900733857405
-13032.009383319208,13331.71907741676,2384.386151784662,8070.148252531525,16768.521789542254,33877.009883133396,7686.3812134451455,-31002.71118970495,-1186.0287074826217,-3035.516085898407,-7747.777988743172,-1666.6950064471696,-14841.218409102978,-19598.013621948474,-16319.253430408433,34094.66248600533,6218.575087319605,11123.283261277804,21315.452196751725,-13475.294670405308,-28204.025190306624,21571.49234569963,890.6474823096969,-17902.663467386184,-12027.183188157038,11.765929971645093,1909.045521314362,30696.862209578183,17004.310983729094,2302.3977018974847,1319.035701551918,14119.50346354563,-6560.477856160895,-20979.381052148405,19227.213962134345,2639.1540801749275,6610.003848253122,15587.946094072448,1110.5196242387021,9423.833665514361,10259.555694692344,19063.770897084294,20046.096290147118,-5873.627657790647,2923.5954289343376,26476.535233714207,-26794.813433311247,-13861.155755213334,7050.303263227812,11576.946832346279,5622.151168142264,-800.3433790583852,-18602.697001080203,-7511.746553471718,17204.730141143737,6335.983333974691
-1788.5043359902197,1831.1382169789686,327.54687358333086,1107.5213872449058,2302.620320777487,4651.806599010788,1054.9133900742129,-4257.4046054279115,-162.6411389300176,-416.3470238616022,-1065.0014248804157,-227.95768157972807,-2036.9350630291594,-2691.0460961855392,-2240.0499595081974,4681.4989064210395,853.3308028029975,1526.896507212608,2927.2017052649985,-1849.9355626585877,-3872.1737133394804,2962.430344347194,122.15135085654875,-2458.087703265092,-1651.8823572286353,2.471215699503432,261.9075452974457,4214.49962624844,2335.0855761924217,316.70219590010703,180.02253907325152,1938.418085301593,-900.5893111774642,-2880.1834698863254,2639.1540801749275,363.1472560252657,906.6930741438167,2140.0003261574125,152.1684937939787,1293.496851443484,1408.5936231312023,2618.413673081476,2752.0650534831557,-807.18394465789,402.40924364739146,3635.191653027254,-3678.6987470483236,-1903.0665587837327,968.26460223101,1591.3060757298488,772.4480141234205,-109.6676882541745,-2552.681820268925,-1030.6298021701268,2361.904486491043,870.1498351689353
-4480.425028657147,4582.377744168502,819.4239615077779,2774.586592640824,5763.964637536263,11644.976603562467,2642.686441673601,-10656.722048618101,-407.8287213059007,-1043.7048375604197,-2662.29963775758,-573.8161248060978,-5102.351730764052,-6736.692628087013,-5610.235580218215,11720.079420875158,2138.168653489216,3823.850657888436,7326.751795351335,-4632.370256200839,-9695.718296501422,7414.958905321674,306.3682861178074,-6154.121879719914,-4133.707307818496,3.326951132982132,656.4418428433181,10552.323387862325,5844.947391907522,790.8800558822176,454.0923590655557,4853.86691748357,-2255.256507224463,-7211.896972158537,6610.003848253122,906.6930741438167,2272.9172624766506,5358.7590013907575,382.1501541833136,3239.847417330669,3526.9175363903564,6552.568285427178,6891.085709461357,-2018.501286393755,1004.2141068345824,9101.399025026507,-9211.088969751465,-4764.880467665421,2423.370710180431,3978.474915018561,1932.1908061654055,-275.35050657107826,-6395.896595815217,-2582.8773130198206,5914.411026147173,2177.6976192918846
