V1,V2,V3,V4,V5,V6,V7,V8,V9,V10,V11,V12,V13,V14,V15,V16,V17,V18,V19,V20,V21,V22,V23,V24,V25,V26,V27,V28,V29,V30,V31,V32,V33,V34,V35,V36,V37,V38,V39,V40,V41,V42,V43,V44,V45,V46,V47,V48,V49,V50,V51,V52,V53,V54,V55,V56
93.45779807520664,-23.453194175514987,253.47866783128302,180.93932216595698,25.06174780116413,71.65717363855984,-200.4400029205548,321.40017924299093,347.0994357470173,-47.49986579914049,-414.3079637309718,-86.20757645795493,-190.09519172216224,-41.785031566866714,-151.15673969332437,134.64531915782518,-43.752539784956454,115.89006330719819,66.07875920022681,191.9275385676103,360.45374419684276,-465.22767866617215,338.2146227341892,279.0842414390133,-73.68401098854497,-67.14529890500697,17.712484516037055,116.01447993921275,-402.9816875563844,43.002717774392615,13.64883501422871,163.50328665234218,57.80311321478145,-408.1325672210678,-166.201355866731,-290.62101112309745,178.93164212682703,391.07846956020154,202.37494333716535,252.53654889181647,147.83158160615218,158.16299636822112,480.6903843872442,-100.83589730657157,421.245544550028,81.15109750771165,114.41796311140988,-441.4977651579447,-571.8110515584464,-228.00798707139833,-117.66787442966849,-109.67632538336186,74.55462232881838,252.77800811036073,-4.013695823686836,69.23827335448733
-23.453194175514987,6.148658977137046,-63.999480680012994,-45.66724940478016,-6.23674283302903,-17.533377161600697,50.78656896516263,-80.98297483774903,-88.6644557118982,12.289230676617745,104.58354218897134,22.017672725410755,48.226496394014895,10.221131064231098,37.90268184445932,-34.46832164342433,10.927885564542581,-29.876936090101402,-17.054510087692414,-48.721386150712895,-91.59801315716672,118.05679072198018,-86.21795340566966,-70.56667497168641,18.86368856733169,16.78592095570894,-4.478005237249373,-29.48143395772037,102.3956049416374,-10.689755395398045,-3.0009890941595123,-41.581784869620776,-14.278059778586096,103.27581890641916,42.019275037218485,73.80214065488894,-45.65452634825854,-99.35445177256575,-51.5796534551797,-63.541305936854755,-37.84633460995032,-39.575818080114374,-121.73405104080813,25.785173801129122,-106.35378362643159,-20.587058707590913,-29.51115720197407,111.98883034069634,144.77903967247016,57.287130712291926,29.8259116950854,27.882285098113538,-18.693566335869214,-63.492090864825435,1.0588432838586421,-17.50011219954685
253.47866783128302,-63.999480680012994,688.0681942412682,491.13206887342193,67.89415119826828,193.68672046140856,-544.3649228434978,872.1955118206031,943.7062676832238,-129.37289347056435,-1124.603841179077,-234.38212733823374,-516.3458850892439,-112.9403776485526,-409.9244904135109,366.18025072723924,-118.58618851319672,315.4873793835248,179.91760273429117,521.3730580240298,979.3129652593392,-1263.7294337356416,919.2864432716685,757.7222050116998,-200.39412611091169,-182.02063784998205,48.08812008403399,315.19373242508726,-1094.8403641010116,116.48943280693314,36.39829303105788,444.2718132121949,156.44627120388736,-1108.210540627614,-451.2345111915347,-789.512315209794,486.41076167795694,1062.4821236816267,550.0586882857185,685.182952519409,402.04926107781006,428.808468892011,1305.3654960565107,-274.1959637788444,1143.4644880137012,220.42631652311442,311.49655073296475,-1199.2087397455768,-1552.7722049686838,-618.5171750087496,-319.5820392509307,-298.00042050283906,202.18673924081776,685.6733488128189,-10.959801853204738,187.98095415859626
180.93932216595698,-45.66724940478016,491.13206887342193,350.5687411025671,48.47073071931101,138.28701086758363,-388.53441835599847,622.5714949335819,673.5664829290923,-92.3327418698663,-802.7296248627118,-167.28297397134386,-368.562167145054,-80.6335885507558,-292.6210150141042,261.3708079470138,-84.66142765964952,225.16665839173035,128.40121037592382,372.1367660214904,699.0010846734655,-902.0124043444935,656.1521925661532,540.8505921531048,-143.03202928207128,-129.93018053458212,34.32651073748814,224.98477670164226,-781.4659106735911,83.14537531815812,25.995166950033536,317.097432370418,111.67376635680122,-791.0163643091694,-322.08469741145274,-563.5283909092204,347.17150520049796,758.3589895693483,392.5976015981124,489.091204430946,286.9643507877079,306.09125012688514,931.7504613966744,-195.7056437496028,816.1886433404736,157.33641985399197,222.3250782953939,-855.9481775565852,-1108.3372455732535,-441.4947961645871,-228.10492797272707,-212.69166348653448,144.32431309132127,489.45276859928657,-7.825390190419696,134.1636741646064
25.06174780116413,-6.23674283302903,67.89415119826828,48.47073071931101,6.732498057419045,19.30492192415461,-53.645483496033194,86.1207201423876,92.78146478339664,-12.667704615638979,-110.9787856201166,-23.041060849865335,-50.88010074526469,-11.256249293144522,-40.542855530059526,35.984859878670896,-11.747346703752441,30.92686113776588,17.626792302226033,51.35846983943069,96.44097133845602,-124.50348922723961,90.443738524386,74.73595075241849,-19.690014410223018,-18.016074608495813,4.744327799008896,31.04531362775822,-107.82377696917932,11.544591612177395,3.7372441941094543,43.73595466881062,15.537564329227743,-109.27680298487823,-44.5080458208493,-77.76559480767355,47.836931610569685,104.63621944973396,54.11274387263347,67.68793712011798,39.50398043369759,42.430817225997394,128.6925518487527,-26.949121400681335,112.83216727554922,21.719899287823342,30.535194937783224,-118.15478171985563,-153.0885976482671,-61.12220784307353,-31.49401836449962,-29.33672695403064,19.994479634926197,67.77683612986664,-1.0687936704855672,18.535087871730184
71.65717363855984,-17.533377161600697,193.68672046140856,138.28701086758363,19.30492192415461,55.70813339314613,-152.85592799403332,245.86903339585197,263.4672778824547,-35.78890614779177,-316.61729332442496,-65.44300583307303,-144.8593090438887,-32.49022917641157,-115.94754911495224,102.07498667240256,-33.63394203826263,87.49931272858714,49.85889826627277,146.2057404241446,274.42037529660126,-354.4712164755477,257.0247207741972,213.0771028790392,-55.85875664731264,-51.5925634165205,13.524068220191682,88.32291894780332,-306.8134858002541,33.14690194488611,11.190546717355042,124.42344876234534,44.709841993050055,-311.46894529252535,-126.90083014555961,-221.34111563993437,135.90901799683976,297.7805507119087,153.81256091765007,193.34229158850783,112.06841871235886,121.4664203401486,366.6731103440687,-76.49326748992166,321.8868985647382,61.841396256139994,86.36352949194257,-336.4712058353252,-436.23483019688666,-174.70569373581523,-89.71279361930027,-83.48029736832437,57.19089175516315,193.7143126770014,-2.988742637944393,52.87587573321329
-200.4400029205548,50.78656896516263,-544.3649228434978,-388.53441835599847,-53.645483496033194,-152.85592799403332,430.8260485179445,-689.9212937978496,-747.2353725470828,102.5356914557652,889.7051182965916,185.59916941520015,408.6206889774821,89.13657983635935,324.1186454870701,-289.9568674727104,93.71785694305288,-249.97516406312423,-142.5857638921596,-412.6475481792279,-775.1310343733079,1000.1510665593032,-727.7708009134893,-599.5236046328978,158.69191643386281,143.90205008853442,-38.04323904477603,-249.45361282932862,866.5541236236031,-92.07990229842754,-28.52897178360208,-351.6819099345619,-123.59540382101181,876.8955618737771,357.021550397116,624.8750533172678,-385.1223932309032,-840.9594135774274,-435.49199658800876,-541.922806797868,-318.3819926028374,-339.02976680903913,-1032.9277734391715,217.1265584203325,-904.6445791392148,-174.4420751631842,-246.8041612929665,949.0903803463947,1228.7030850762749,489.1756198777911,252.91632171989303,235.9014135010194,-159.87599157947346,-542.2256921966094,8.688711778180199,-148.7644748266053
321.40017924299093,-80.98297483774903,872.1955118206031,622.5714949335819,86.1207201423876,245.86903339585197,-689.9212937978496,1105.6999961693787,1195.6048223926957,-163.8089088497418,-1425.5637375465155,-296.9449282915188,-654.3802317377191,-143.36941080419982,-519.7870868430643,463.8807646939081,-150.39715922187054,399.52880773208125,227.83130360124883,660.7291748810768,1241.012943831886,-1601.5361685621726,1164.7789064514122,960.4266931761586,-253.8593530559847,-230.83349535506545,60.9534780737879,399.42512437473175,-1387.4197839647188,147.76376176699895,46.41454859357298,562.9713667151791,198.50601969927254,-1404.6266041479969,-571.9510359079177,-1000.5229863339696,616.2772456132566,1346.4215215307815,696.9523608766525,868.6779379356037,509.31604743811937,543.780539355482,1654.4578999726464,-347.36885774778034,1449.4591870453266,279.35271581273804,394.4683639054437,-1519.7935959854372,-1968.0450063175763,-784.206534463494,-405.02897366368956,-377.6244213458174,256.37347251957436,869.3700827252968,-13.865559598075333,238.26951155209497
347.0994357470173,-88.6644557118982,943.7062676832238,673.5664829290923,92.78146478339664,263.4672778824547,-747.2353725470828,1195.6048223926957,1298.5059818867496,-178.63881338906282,-1542.3612100843704,-322.4501712655035,-709.1842700919196,-153.60140267775216,-561.2380569962351,504.23054709831354,-162.2305969665144,435.20257013610865,248.22575690223755,716.1384652452302,1345.5781344855454,-1735.6816497324962,1264.237567238498,1039.6790407713731,-275.92129217230917,-248.9707088838223,65.99075612484287,433.13386363758167,-1504.3020604500214,159.03495947172385,48.10265861837222,610.517663293417,213.24685511898466,-1520.8834856540457,-619.125137930076,-1084.5818619169581,669.0472876741851,1459.7108564844839,756.3408614112292,938.9138431136181,553.5814538066111,586.6777012609033,1791.9254840799267,-377.39666462227933,1568.289159249231,302.73666061339117,429.7944144404247,-1646.803004563942,-2131.368662684522,-847.153067997974,-438.771033257787,-409.4384356012105,276.7862445482694,939.1815234807378,-15.24002895665963,257.81975928912806
-47.49986579914049,12.289230676617745,-129.37289347056435,-92.3327418698663,-12.667704615638979,-35.78890614779177,102.5356914557652,-163.8089088497418,-178.63881338906282,24.66950767316317,211.43165125452384,44.3540130018307,97.36968292893737,20.86121182239449,76.78967821837338,-69.42204559081232,22.17566520145817,-60.036888462038576,-34.2500782728424,-98.334561317704,-184.82717469268812,238.30929745814507,-173.82289494830238,-142.59483224246335,37.98634807026785,34.03005505408666,-9.051682211953432,-59.501222424860536,206.62665777181618,-21.694147385385836,-6.322364062969051,-83.87475312076543,-29.037178930052715,208.6385493857691,84.91186653996921,148.94588162114488,-92.00812237819746,-200.48446915057573,-103.97595784422352,-128.58858553358115,-76.21242169685993,-80.21087503543032,-245.88854310457882,51.93619562013213,-214.9956826114579,-41.56375720428869,-59.303749583912946,226.0697947818381,292.44189519408815,115.96304833874491,60.22001333223103,56.240080811189685,-37.866562138031725,-128.5630547418959,2.1195897280845206,-35.34713901492079
-414.3079637309718,104.58354218897134,-1124.603841179077,-802.7296248627118,-110.9787856201166,-316.61729332442496,889.7051182965916,-1425.5637375465155,-1542.3612100843704,211.43165125452384,1838.098486773313,383.0617080514519,843.9274158114681,184.62037976162608,670.0229730124676,-598.4775750276217,193.83825872977786,-515.6028348161143,-294.03392691482134,-852.1328235501499,-1600.5893442717802,2065.449396560265,-1502.4683353271962,-1238.4452739065584,327.5167593409601,297.5127335217865,-78.59817941288523,-515.1598980394002,1789.4114902099575,-190.39916568978305,-59.519000519192225,-726.1101363150617,-255.71766015721073,1811.286009945197,737.5124941651143,1290.3816215983898,-794.9736031387728,-1736.518111028653,-898.9984160394935,-1119.9102796973477,-657.094628829161,-700.8850664775669,-2133.5235793173656,448.13497657991286,-1868.921815120249,-360.2686930702943,-509.08490452034494,1959.989959030112,2537.886733887313,1010.9434632459814,522.3264402861058,487.043455888026,-330.47140035791375,-1120.7245099290924,17.91306683867968,-307.2320179713315
-86.20757645795493,22.017672725410755,-234.38212733823374,-167.28297397134386,-23.041060849865335,-65.44300583307303,185.59916941520015,-296.9449282915188,-322.4501712655035,44.3540130018307,383.0617080514519,80.08006260655024,176.1108925524348,38.15686661988593,139.38679160418266,-125.19225221413566,40.28316106234227,-108.05960167103622,-61.64153686908074,-177.85167276706056,-334.15846773850717,431.0461884561393,-313.9383118979642,-258.20810306126634,68.51219082152662,61.842462714231665,-16.38675466462415,-107.55165596117767,373.5702697634033,-39.51746520969551,-11.970271936724663,-151.62279837280053,-52.98593663202487,377.718734643467,153.7620087928728,269.34686807698046,-166.1479465769849,-362.51098732470933,-187.83369271469158,-233.18971518844018,-137.45582976472366,-145.7246029681495,-445.01315932530275,93.71486443929486,-389.5036704484073,-75.1801460239834,-106.70739312645952,408.99159937080196,529.3247651210354,210.41916286992674,108.97314310197356,101.69162495101044,-68.747552706799965,-233.25241918751374,3.7779031615079735,-64.04837085414397
-190.09519172216224,48.226496394014895,-516.3458850892439,-368.562167145054,-50.88010074526469,-144.8593090438887,408.6206889774821,-654.3802317377191,-709.1842700919196,97.36968292893737,843.9274158114681,176.1108925524348,387.7403781287711,84.45640569483211,307.41064764821533,-275.2972225147459,88.91507369588612,-237.34576120054288,-135.34956977479428,-391.50301579153313,-735.4901714744952,948.9277758490584,-690.6908083044761,-568.729457576124,150.64408059647423,136.43355919736462,-36.09958148444227,-236.75155838451278,822.2610198116953,-87.22474268619249,-26.87774683473896,-333.66573573519474,-117.07345954766485,831.8598704697383,338.68248957045523,592.8926806006077,-365.46780906548526,-797.9063066379068,-413.22194202614503,-514.001817750639,-302.23721367573296,-321.4483531389948,-979.987716410832,206.0827220440226,-858.0900505118111,-165.5192959275769,-234.38035799804362,900.3922231513833,1165.663754805783,463.86987323305425,239.9253460453835,223.7821962634292,-151.60659782911162,-514.2876894714441,8.282091503569449,-141.04004924528817
-41.785031566866714,10.221131064231098,-112.9403776485526,-80.6335885507558,-11.256249293144522,-32.49022917641157,89.13657983635935,-143.36941080419982,-153.60140267775216,20.86121182239449,184.62037976162608,38.15686661988593,84.45640569483211,18.950662955543425,67.60952527804893,-59.500159208339724,19.608838768106082,-51.00529759334343,-29.067243420813355,-85.24747154313832,-159.9984015274874,206.67682543705845,-149.84541582392308,-124.24195392958873,32.56285652491886,30.088228082698055,-7.884646642899214,-51.49049097503553,178.88253883129286,-19.337697079096923,-6.538210749491652,-72.54739241919856,-26.082848754508326,181.61306138387468,73.99393715362768,129.05297007805743,-79.23860465121699,-173.6225443201568,-89.68062685577151,-112.73976420736757,-65.33012805463544,-70.83693418517937,-213.79220862878833,44.59461410825458,-187.69411408075854,-36.05586052882315,-50.33892207738673,196.1901063131421,254.35688187584455,101.88169579882548,52.31097217104457,48.677980839416776,-33.35098903243369,-112.95558932072616,1.7392922926231553,-30.839189649195042
-151.15673969332437,37.90268184445932,-409.9244904135109,-292.6210150141042,-40.542855530059526,-115.94754911495224,324.1186454870701,-519.7870868430643,-561.2380569962351,76.78967821837338,670.0229730124676,139.38679160418266,307.41064764821533,67.60952527804893,244.48561438238335,-217.71892696136766,70.7778280536111,-187.36170383050685,-106.82267760156202,-310.35981140901663,-582.8761407045677,752.3152291564612,-546.895424550681,-451.32854835407306,119.1414968185677,108.60244210034568,-28.645993971409293,-187.61156134192206,651.6516730820008,-69.55052360545122,-22.1107747489283,-264.3850704492645,-93.50096332291177,660.011385369672,268.7775671235517,469.9556950347178,-289.3222321041727,-632.3947595043921,-327.2300090127447,-408.4298380513704,-239.03273623981443,-255.81350562332358,-777.3510362040712,163.0432735763718,-681.2382993314255,-131.23140329975595,-184.98698811703633,713.9342746457494,924.7014784410278,368.75550782327633,190.2785952897519,177.34281130730716,-120.58261066463274,-408.8368008655811,6.490600979222319,-111.95810792254443
134.64531915782518,-34.46832164342433,366.18025072723924,261.3708079470138,35.984859878670896,102.07498667240256,-289.9568674727104,463.8807646939081,504.23054709831354,-69.42204559081232,-598.4775750276217,-125.19225221413566,-275.2972225147459,-59.500159208339724,-217.71892696136766,195.8685085236898,-62.94175132131447,169.09195125001915,96.43044853612969,277.97037032377284,522.3448217239402,-673.714733544695,490.8852767566468,403.4700565096716,-107.16875083071658,-96.54736418858243,25.6145913406008,168.16916813246948,-583.9712887509494,61.62134554070507,18.497680904458274,236.9877298255419,82.60971560579786,-590.2272589727758,-240.2637393198347,-421.00621026847966,259.7705536793411,566.6220374767454,293.63128260515697,364.2713249239393,215.0137328023419,227.51866223452745,695.4871867493345,-146.56019255685158,608.5369628955981,117.51407764198424,167.01694694230332,-639.1608670646289,-827.1931901795817,-328.6033085091811,-170.28613426122277,-158.91391033642773,107.35758203342971,364.35711034438015,-5.94224243856536,100.0071943395402
-43.752539784956454,10.927885564542581,-118.58618851319672,-84.66142765964952,-11.747346703752441,-33.63394203826263,93.71785694305288,-150.39715922187054,-162.2305969665144,22.17566520145817,193.83825872977786,40.28316106234227,88.91507369588612,19.608838768106082,70.7778280536111,-62.94175132131447,20.50582733696501,-54.12213355259495,-30.845675695923592,-89.74812529351955,-168.54998197024284,217.5654851123495,-158.11850616365805,-130.55640601751574,34.43746653008992,31.43949546719968,-8.28899156900975,-54.264237648044094,188.44517848398323,-20.129940043823314,-6.450993395385794,-76.43792547258015,-27.08050511254892,190.90643929600057,77.75049816805945,135.9017863795417,-83.63248587692689,-182.86435223842673,-94.59216531408347,-118.1952856867517,-69.09193047480244,-74.05129502010898,-224.85046636960502,47.12606435750747,-197.07686383068776,-37.95531706900415,-53.44362521983746,206.45526014006228,267.4636428778389,106.70831130283274,55.02616271144355,51.26697736304257,-34.90209688758447,-118.33661510628555,1.8771218719969789,-32.36860869296797
115.89006330719819,-29.876936090101402,315.4873793835248,225.16665839173035,30.92686113776588,87.49931272858714,-249.97516406312423,399.52880773208125,435.20257013610865,-60.036888462038576,-515.6028348161143,-108.05960167103622,-237.34576120054288,-51.00529759334343,-187.36170383050685,169.09195125001915,-54.12213355259495,146.15132168373364,83.37168231339254,239.68980851690714,450.47307165411786,-580.892115632352,423.5392537080274,347.68659712698854,-92.52485503182662,-83.05407617654299,22.07014342171046,145.01685702448484,-503.60644339216833,52.9754892633128,15.601794891113029,204.4145028848407,70.94255255934887,-508.6888814567737,-207.04112737982456,-363.04174549085974,224.17446581676455,488.64693627783095,253.35820682404852,313.661930813231,185.63341593493337,195.74846086740166,599.4646044613248,-126.516460046595,524.2873294759025,101.31554276117025,144.35852342300194,-551.081182833295,-712.9756531504773,-282.90342648639086,-146.80499531568086,-137.07109516231156,92.39408654737021,313.6424759440246,-5.148619801586512,86.19425308464086
66.07875920022681,-17.054510087692414,179.91760273429117,128.40121037592382,17.626792302226033,49.85889826627277,-142.5857638921596,227.83130360124883,248.22575690223755,-34.2500782728424,-294.03392691482134,-61.64153686908074,-135.34956977479428,-29.067243420813355,-106.82267760156202,96.43044853612969,-30.845675695923592,83.37168231339254,47.56868874889375,136.70291921110362,256.914127161434,-331.29080739759684,241.55601443210622,198.2788191466876,-52.77103672892349,-47.35741993839253,12.583792318412462,82.69391526420985,-287.21088140382267,30.215934710286778,8.882824586724704,116.59266392915687,40.45377165014156,-290.10382505235634,-118.071069188056,-207.04973682409405,127.86509164826057,278.6923849471002,144.5139387278287,178.8554473431296,105.8746873352837,111.61707609321608,341.86093077744306,-72.16150972365018,298.9906023788712,57.77840822791423,82.34063969398288,-314.3033956765846,-406.60426225744163,-161.32882835433367,-83.7291030128278,-78.1880618307981,52.683741715051326,178.83104320808948,-2.932825979174495,49.172433525980054
191.9275385676103,-48.721386150712895,521.3730580240298,372.1367660214904,51.35846983943069,146.2057404241446,-412.6475481792279,660.7291748810768,716.1384652452302,-98.334561317704,-852.1328235501499,-177.85167276706056,-391.50301579153313,-85.24747154313832,-310.35981140901663,277.97037032377284,-89.74812529351955,239.68980851690714,136.70291921110362,395.3312776857028,742.6711284985419,-958.1879516450912,697.4353680132842,574.2624553238733,-152.11675389162795,-137.75183965218645,36.44656846601968,239.04138756537196,-830.2780881704784,88.08503561716547,27.119997672390245,336.942269113771,118.21144463234451,-839.9668547152825,-341.9767755027052,-598.681244086309,369.0577867688576,805.7093298145726,417.2870926702257,518.9718651890523,305.191301546563,324.5561606815603,989.5154626101904,-208.10409627602772,866.440256677181,167.12884203589752,236.6800903549816,-909.204642296401,-1177.0159748950061,-468.37848732612906,-242.27460593634237,-225.99105967907957,153.07180377324755,519.2384906731346,-8.356092735154272,142.44348547862572
360.45374419684276,-91.59801315716672,979.3129652593392,699.0010846734655,96.44097133845602,274.42037529660126,-775.1310343733079,1241.012943831886,1345.5781344855454,-184.82717469268812,-1600.5893442717802,-334.15846773850717,-735.4901714744952,-159.9984015274874,-582.8761407045677,522.3448217239402,-168.54998197024284,450.47307165411786,256.914127161434,742.6711284985419,1395.2386377112864,-1800.0525900661714,1310.3790824625278,1078.7075207413902,-285.8405116916451,-258.6755970783836,68.46535600028932,449.0998183919421,-1559.8287796789366,165.3665391264249,50.75209103107649,633.0044398892478,221.89661734062423,-1577.8371068606978,-642.3751868530079,-1124.7053737897813,693.4064796844381,1513.6443611151724,783.9913311714294,974.7304940428281,573.4813858966492,609.4788533476818,1858.8213465053723,-391.02625641466506,1627.4661787540372,313.9704617969997,444.8356576402876,-1707.989270023945,-2211.0134809835663,-879.6484427659666,-455.1150497587954,-424.54895584853483,287.4692767320072,975.1993244982666,-15.72208936980318,267.5392996116348
-465.22767866617215,118.05679072198018,-1263.7294337356416,-902.0124043444935,-124.50348922723961,-354.4712164755477,1000.1510665593032,-1601.5361685621726,-1735.6816497324962,238.30929745814507,2065.449396560265,431.0461884561393,948.9277758490584,206.67682543705845,752.3152291564612,-673.714733544695,217.5654851123495,-580.892115632352,-331.29080739759684,-958.1879516450912,-1800.0525900661714,2322.4316370198853,-1690.384555012757,-1391.917375806461,368.67876905646216,333.9118105638497,-88.3428117835454,-579.3894380652182,2012.3973270339761,-213.5155919256003,-65.78986281404242,-816.651943493401,-286.55932615098914,2035.9254172885753,828.896082995932,1451.061522157091,-894.4752831022912,-1952.837439324389,-1011.3696692860325,-1257.9499608915503,-739.6791639698333,-786.7227066559474,-2398.4063795165293,504.3721564598138,-2100.122839438026,-405.08632378587777,-573.6047997273076,2203.697717527294,2852.866346907293,1135.3109228055662,587.2181014482833,547.7327319761598,-371.0418266429329,-1258.619195373993,20.25295386767164,-345.2431980596468
338.2146227341892,-86.21795340566966,919.2864432716685,656.1521925661532,90.443738524386,257.0247207741972,-727.7708009134893,1164.7789064514122,1264.237567238498,-173.82289494830238,-1502.4683353271962,-313.9383118979642,-690.6908083044761,-149.84541582392308,-546.895424550681,490.8852767566468,-158.11850616365805,423.5392537080274,241.55601443210622,697.4353680132842,1310.3790824625278,-1690.384555012757,1230.994275803169,1012.7122617091296,-268.61475609122834,-242.63754261918967,64.28084241768335,421.8104083209699,-1464.9605140270512,155.02264209908205,47.1465995847268,594.5205093196957,207.93011503178712,-1481.3807291755174,-603.0698152939722,-1056.2419619722914,651.4218477299562,1421.5385397943123,736.4494720546301,914.7687470219765,538.9223286209763,571.7306130126061,1745.3280257047106,-367.4195379715746,1527.7113533356267,294.8415449028262,418.2722061025187,-1603.846458716326,-2075.957903059602,-825.412713525374,-427.3389490400005,-398.7130066718835,269.7101432399606,915.1064285506952,-14.81893843170142,251.12691482355012
279.0842414390133,-70.56667497168641,757.7222050116998,540.8505921531048,74.73595075241849,213.0771028790392,-599.5236046328978,960.4266931761586,1039.6790407713731,-142.59483224246335,-1238.4452739065584,-258.20810306126634,-568.729457576124,-124.24195392958873,-451.32854835407306,403.4700565096716,-130.55640601751574,347.68659712698854,198.2788191466876,574.2624553238733,1078.7075207413902,-1391.917375806461,1012.7122617091296,834.476782883949,-220.79555198571074,-200.37636471685462,52.96159357374963,347.19742185271895,-1205.9627280137822,128.19810124666296,39.89092032588125,489.3661395940823,172.13969435981898,-1220.4959525876511,-496.94114117223046,-869.6203732165494,535.8497742760889,1170.2982125048502,605.9373278568823,754.4650626572233,442.9809515806349,472.06672012042714,1437.685816990882,-302.0931987142253,1259.219478220621,242.78630731292316,343.30399228496873,-1320.8148314416394,-1710.1451216889802,-681.0062074452181,-351.9789404255367,-328.23621814046345,222.60131119911426,754.9681831306035,-12.094190291902567,207.00034030509838
-73.68401098854497,18.86368856733169,-200.39412611091169,-143.03202928207128,-19.690014410223018,-55.85875664731264,158.69191643386281,-253.8593530559847,-275.92129217230917,37.98634807026785,327.5167593409601,68.51219082152662,150.64408059647423,32.56285652491886,119.1414968185677,-107.16875083071658,34.43746653008992,-92.52485503182662,-52.77103672892349,-152.11675389162795,-285.8405116916451,368.67876905646216,-268.61475609122834,-220.79555198571074,58.640731629847274,52.83883150147576,-14.015784491070432,-92.01822461824462,319.5602529542262,-33.733446688826426,-10.133095426179803,-129.6916567113004,-45.220378763032734,322.99908480792607,131.4822273088951,230.3873323178541,-142.15414629665935,-310.0759854234031,-160.68827608881497,-199.34506482336215,-117.65126884800901,-124.51660739591512,-380.5895275507741,80.19871780384098,-333.0237144866176,-64.30561988984977,-91.38317855255531,349.7814428005577,452.67121068285127,179.83811671342403,93.19049621139425,86.97045714325054,-58.7530222039962,-199.387958245584,3.247604796738756,-54.74028364119148
-67.14529890500697,16.78592095570894,-182.02063784998205,-129.93018053458212,-18.016074608495813,-51.5925634165205,143.90205008853442,-230.83349535506545,-248.9707088838223,34.03005505408666,297.5127335217865,61.842462714231665,136.43355919736462,30.088228082698055,108.60244210034568,-96.54736418858243,31.43949546719968,-83.05407617654299,-47.35741993839253,-137.75183965218645,-258.6755970783836,333.9118105638497,-242.63754261918967,-200.37636471685462,52.83883150147576,48.26087794424298,-12.715628981757321,-83.24762229703973,289.19354464577134,-30.933108462600888,-9.92245666144735,-117.33453383748898,-41.59900717303561,293.01298841095485,119.33007653246082,208.57540430741767,-128.36354271976222,-280.66578601256305,-145.2003852037909,-181.39407660757576,-106.00978020156649,-113.67039461477819,-345.0670800057003,72.32081834706663,-302.4919650998347,-58.244669390580974,-81.9889433923537,316.9039506531698,410.4956504616873,163.8089956789443,84.46777936714341,78.71445403960168,-53.57039543156126,-181.59046082642706,2.8662816989131112,-49.72635179368267
17.712484516037055,-4.478005237249373,48.08812008403399,34.32651073748814,4.744327799008896,13.524068220191682,-38.04323904477603,60.9534780737879,65.99075612484287,-9.051682211953432,-78.59817941288523,-16.38675466462415,-36.09958148444227,-7.884646642899214,-28.645993971409293,25.6145913406008,-8.28899156900975,22.07014342171046,12.583792318412462,36.44656846601968,68.46535600028932,-88.3428117835454,64.28084241768335,52.96159357374963,-14.015784491070432,-12.715628981757321,3.361974607847174,22.04005266233046,-76.54385299458214,8.131488928224117,2.5276216227673496,31.05746452961507,10.919897112758518,-77.46000717464885,-31.539304764914927,-55.193855182987164,34.00973769461423,74.27614070679239,38.45622355163993,47.88340343137882,28.119885582232886,29.9570370353013,91.24943722328929,-19.174880354019372,79.91577851084705,15.410087703640412,21.794592314311636,-83.82512702123776,-108.53872751064144,-43.21612462310951,-22.337731246991837,-20.829406398885293,14.126836225146123,47.91711725635188,-0.7693468783319137,13.132494643666151
116.01447993921275,-29.48143395772037,315.19373242508726,224.98477670164226,31.04531362775822,88.32291894780332,-249.45361282932862,399.42512437473175,433.13386363758167,-59.501222424860536,-515.1598980394002,-107.55165596117767,-236.75155838451278,-51.49049097503553,-187.61156134192206,168.16916813246948,-54.264237648044094,145.01685702448484,82.69391526420985,239.04138756537196,449.0998183919421,-579.3894380652182,421.8104083209699,347.19742185271895,-92.01822461824462,-83.24762229703973,22.04005266233046,144.57469527981314,-502.0865744669842,53.19804824175267,16.308240417436984,203.73891659912903,71.3889738367434,-507.84514161405207,-206.75771202212542,-362.01580473193087,223.19326314204537,487.1991080933595,252.34010840607394,313.7266244654465,184.61650478909704,196.14592348438964,598.3118600019324,-125.87125522249858,523.8062140721539,101.06303628631493,143.2160521158735,-549.730393079313,-711.6551428763771,-283.09590411478,-146.4795980649769,-136.6348103889214,92.51914860638115,313.8855193343438,-5.070157670275007,86.08425923002267
-402.9816875563844,102.3956049416374,-1094.8403641010116,-781.4659106735911,-107.82377696917932,-306.8134858002541,866.5541236236031,-1387.4197839647188,-1504.3020604500214,206.62665777181618,1789.4114902099575,373.5702697634033,822.2610198116953,178.88253883129286,651.6516730820008,-583.9712887509494,188.44517848398323,-503.60644339216833,-287.21088140382267,-830.2780881704784,-1559.8287796789366,2012.3973270339761,-1464.9605140270512,-1205.9627280137822,319.5602529542262,289.19354464577134,-76.54385299458214,-502.0865744669842,1743.839123091331,-184.86880998881907,-56.74316628378518,-707.6701371987347,-248.07144014716638,1763.9698374344466,718.1564511543813,1257.381553832947,-775.1976194861879,-1692.1971717205543,-876.4646368536002,-1089.7288674205054,-641.133462530095,-681.3833338842813,-2078.110615037971,437.15158402775205,-1819.4563892094814,-351.01041691484903,-497.3100476875157,1909.463245039884,2471.843891026672,983.4193404472724,508.79972967665157,474.6218975921825,-321.38456019970306,-1090.2606794413105,17.57973509726171,-299.08870765522187
43.002717774392615,-10.689755395398045,116.48943280693314,83.14537531815812,11.544591612177395,33.14690194488611,-92.07990229842754,147.76376176699895,159.03495947172385,-21.694147385385836,-190.39916568978305,-39.51746520969551,-87.22474268619249,-19.337697079096923,-69.55052360545122,61.62134554070507,-20.129940043823314,52.9754892633128,30.215934710286778,88.08503561716547,165.3665391264249,-213.5155919256003,155.02264209908205,128.19810124666296,-33.733446688826426,-30.933108462600888,8.131488928224117,53.19804824175267,-184.86880998881907,19.863942009259876,6.48259840962022,75.01662517616752,26.72798471763214,-187.4522951900892,-76.3468068397286,-133.3552558863222,82.01847922732931,179.44527804656923,92.80138563508125,116.13052717808092,67.67831804380047,72.8472794692857,220.6985267848143,-46.18762651346752,193.58603006913762,37.2404148299206,52.277146932155894,-202.6804144359126,-262.574324121527,-104.92248213928774,-54.030779287010986,-50.3395871463167,34.31781835762474,116.27262307115829,-1.812649657286502,31.846321098460564
13.64883501422871,-3.0009890941595123,36.39829303105788,25.995166950033536,3.7372441941094543,11.190546717355042,-28.52897178360208,46.41454859357298,48.10265861837222,-6.322364062969051,-59.519000519192225,-11.970271936724663,-26.87774683473896,-6.538210749491652,-22.1107747489283,18.497680904458274,-6.450993395385794,15.601794891113029,8.882824586724704,27.119997672390245,50.75209103107649,-65.78986281404242,47.1465995847268,39.89092032588125,-10.133095426179803,-9.92245666144735,2.5276216227673496,16.308240417436984,-56.74316628378518,6.48259840962022,2.7160731129787736,22.98741453332362,8.85233459944822,-58.21500891279322,-23.763731559631687,-41.00717291360181,24.896807976862632,55.12498594770005,28.265130827516405,36.60689223527078,20.328785245237338,23.31180504543255,68.36491312636564,-13.92722709238103,60.49109120727116,11.479365984936507,15.361070731668065,-62.54694403319251,-81.40263550810309,-33.22454283045841,-16.708634144567622,-15.45182979036806,10.920742431546184,36.80755748853538,-0.4885478789344796,9.947055116781428
163.50328665234218,-41.581784869620776,444.2718132121949,317.097432370418,43.73595466881062,124.42344876234534,-351.6819099345619,562.9713667151791,610.517663293417,-83.87475312076543,-726.1101363150617,-151.62279837280053,-333.66573573519474,-72.54739241919856,-264.3850704492645,236.9877298255419,-76.43792547258015,204.4145028848407,116.59266392915687,336.942269113771,633.0044398892478,-816.651943493401,594.5205093196957,489.3661395940823,-129.6916567113004,-117.33453383748898,31.05746452961507,203.73891659912903,-707.6701371987347,75.01662517616752,22.98741453332362,287.2000287996141,100.64587622159979,-715.8138621277386,-291.4190805789659,-510.2635575026205,314.61409360275684,686.7297900336099,355.71486330871596,442.1603354332248,260.19987544520876,276.46104002449334,843.2794901391921,-177.41885833936843,738.308100194497,142.4391576307111,201.84832091225832,-774.8970282125886,-1003.0657756330603,-399.03792178955206,-206.48038356967604,-192.62791561092777,130.39859688560333,442.3538534671482,-7.13110844709744,121.38978845302854
57.80311321478145,-14.278059778586096,156.44627120388736,111.67376635680122,15.537564329227743,44.709841993050055,-123.59540382101181,198.50601969927254,213.24685511898466,-29.037178930052715,-255.71766015721073,-52.98593663202487,-117.07345954766485,-26.082848754508326,-93.50096332291177,82.60971560579786,-27.08050511254892,70.94255255934887,40.45377165014156,118.21144463234451,221.89661734062423,-286.55932615098914,207.93011503178712,172.13969435981898,-45.220378763032734,-41.59900717303561,10.919897112758518,71.3889738367434,-248.07144014716638,26.72798471763214,8.85233459944822,100.64587622159979,35.99681766694592,-251.67542698941588,-102.51739251926102,-178.95833629413582,109.99217302587948,240.79325809704233,124.46925747296598,156.04268268351285,90.7242173056376,97.95354539924736,296.28669613578296,-61.923262608551504,259.99003075674835,49.983658837879055,70.00660922188294,-272.0257761016011,-352.509912425732,-141.00300754210738,-72.52347327277843,-67.53849578054945,46.133178539428,156.27394345458316,-2.421608461120086,42.756527063685404
-408.1325672210678,103.27581890641916,-1108.210540627614,-791.0163643091694,-109.27680298487823,-311.46894529252535,876.8955618737771,-1404.6266041479969,-1520.8834856540457,208.6385493857691,1811.286009945197,377.718734643467,831.8598704697383,181.61306138387468,660.011385369672,-590.2272589727758,190.90643929600057,-508.6888814567737,-290.10382505235634,-839.9668547152825,-1577.8371068606978,2035.9254172885753,-1481.3807291755174,-1220.4959525876511,322.99908480792607,293.01298841095485,-77.46000717464885,-507.84514161405207,1763.9698374344466,-187.4522951900892,-58.21500891279322,-715.8138621277386,-251.67542698941588,1785.107847852674,726.8187993779219,1271.9891402646344,-783.848826764869,-1711.8030966805502,-886.3594370851495,-1103.378756076838,-648.0313334565313,-690.3197602183217,-2102.7943333541616,441.9215141601154,-1841.675965475693,-355.1151560155096,-502.2776877374413,1931.9176038497078,2501.295076524415,995.9293679948032,514.8236785552393,480.1225541385785,-325.5283095722797,-1104.0796143786051,17.699761354603222,-302.7605175903042
-166.201355866731,42.019275037218485,-451.2345111915347,-322.08469741145274,-44.5080458208493,-126.90083014555961,357.021550397116,-571.9510359079177,-619.125137930076,84.91186653996921,737.5124941651143,153.7620087928728,338.68248957045523,73.99393715362768,268.7775671235517,-240.2637393198347,77.75049816805945,-207.04112737982456,-118.071069188056,-341.9767755027052,-642.3751868530079,828.896082995932,-603.0698152939722,-496.94114117223046,131.4822273088951,119.33007653246082,-31.539304764914927,-206.75771202212542,718.1564511543813,-76.3468068397286,-23.763731559631687,-291.4190805789659,-102.51739251926102,726.8187993779219,295.93462456541965,517.8637529435616,-319.09753934783055,-696.918274665949,-360.83554086618796,-449.2989464791887,-263.79209622349055,-281.1290934443232,-856.1560806425689,179.89492272072903,-749.8834697781815,-144.5809949770371,-204.43117593339016,786.5547775116905,1018.4087714556322,405.55413817069103,209.6063837061892,195.46584673165822,-132.5646896380905,-449.60063606613556,7.201469638148277,-123.27124008149069
-290.62101112309745,73.80214065488894,-789.512315209794,-563.5283909092204,-77.76559480767355,-221.34111563993437,624.8750533172678,-1000.5229863339696,-1084.5818619169581,148.94588162114488,1290.3816215983898,269.34686807698046,592.8926806006077,129.05297007805743,469.9556950347178,-421.00621026847966,135.9017863795417,-363.04174549085974,-207.04973682409405,-598.681244086309,-1124.7053737897813,1451.061522157091,-1056.2419619722914,-869.6203732165494,230.3873323178541,208.57540430741767,-55.193855182987164,-362.01580473193087,1257.381553832947,-133.3552558863222,-41.00717291360181,-510.2635575026205,-178.95833629413582,1271.9891402646344,517.8637529435616,906.6385273789296,-558.9218417307544,-1220.1608074750454,-631.9513581970696,-785.8578423509906,-462.22557970138564,-491.4278590140492,-1498.481462586388,315.1747856356691,-1312.046956464341,-253.09846085248478,-358.4923113659424,1376.8627809316285,1782.4106083634906,709.2225216626571,366.8870608779175,342.23270027728273,-231.7804860261611,-786.254693521109,12.663800867261774,-215.6900794257917
178.93164212682703,-45.65452634825854,486.41076167795694,347.17150520049796,47.836931610569685,135.90901799683976,-385.1223932309032,616.2772456132566,669.0472876741851,-92.00812237819746,-794.9736031387728,-166.1479465769849,-365.46780906548526,-79.23860465121699,-289.3222321041727,259.7705536793411,-83.63248587692689,224.17446581676455,127.86509164826057,369.0577867688576,693.4064796844381,-894.4752831022912,651.4218477299562,535.8497742760889,-142.15414629665935,-128.36354271976222,34.00973769461423,223.19326314204537,-775.1976194861879,82.01847922732931,24.896807976862632,314.61409360275684,109.99217302587948,-783.848826764869,-319.09753934783055,-558.9218417307544,344.73871384913633,752.2341656364978,389.73542161713596,483.98009508227216,285.2038293819003,302.469179939571,923.5056953418929,-194.4447231307704,808.3361141882692,156.01270270379996,221.3781329394515,-848.696058691208,-1098.461757527642,-436.7123257993503,-226.13082899069275,-211.00125024554225,142.69067194867324,484.13549218239655,-7.840453404422141,132.89669793564164
