V1,V2,V3,V4,V5,V6,V7,V8,V9,V10,V11,V12,V13,V14,V15,V16,V17,V18,V19,V20,V21,V22,V23,V24,V25,V26,V27,V28,V29,V30,V31,V32,V33,V34,V35,V36,V37,V38,V39,V40,V41,V42,V43,V44,V45,V46,V47,V48,V49,V50,V51,V52,V53,V54,V55,V56
619.9216750389188,-632.3986523688767,-112.91093522876106,-383.9725023684184,-795.9092690353247,-1608.2414172034148,-365.78888807460106,1471.400010880327,56.539376239630016,144.56653350520293,366.27257240516064,80.57651713939136,705.8568141784742,930.4062055618704,775.7287999493982,-1619.0387776828873,-296.16016124853684,-528.5628145334606,-1011.4652462104177,640.2612228652318,1340.1999278409926,-1023.9244911447373,-42.6038437712688,850.2445899953564,570.0970423528851,0.6123859628853443,-90.9731546223524,-1458.090842505728,-806.9798703023488,-108.40512066853142,-63.74567275905056,-670.9291909047845,311.66636601815554,996.5766109143694,-914.0620845740152,-124.47903494485816,-315.0482265177956,-740.8498605658217,-53.40243328040129,-448.1593180832554,-487.498775997019,-904.2739236974111,-952.2829152941557,278.0179199106174,-137.58993084899566,-1257.382343086489,1272.969318128442,658.3671215232821,-334.49724807688045,-547.9137761185162,-266.2905997469033,38.38282935629348,885.3311719767923,357.8609042314866,-817.4220614199312,-300.41106856779965
-632.3986523688767,648.0893868540221,116.02064375265157,391.56851107290436,814.8276749967756,1646.0082424190016,372.91621657685386,-1506.5977701044085,-57.47204825244421,-147.18008079684313,-377.4154177488628,-80.0858717238137,-720.2788817351494,-952.2012203556955,-792.2713072172572,1656.3087866571905,301.56414560439276,540.1192932401547,1035.9424716478572,-654.3870088305634,-1369.605305193703,1048.228361372914,43.08385726969646,-869.6346650334207,-584.887251593367,1.3091009564813536,92.54070379402856,1490.9718839634954,826.362622298292,112.4205650956057,63.344628256368175,685.6440366223509,-318.60818686811547,-1018.9319459791196,933.3847175896111,128.76017332847826,320.3716305997328,756.8710173623516,53.549885041533344,457.39516469273747,498.22289536129335,926.7476017167788,973.5820719376295,-285.90854429429817,142.81757186504316,1286.132720991198,-1301.3140214418092,-673.2674634198762,342.68591251386255,563.6041106805142,273.5505920632146,-38.64797446024402,-902.4566835222114,-364.1966855109227,835.5125464022959,308.06887921977386
-112.91093522876106,116.02064375265157,20.825173037261305,69.89069544895494,145.81198563900003,294.47963528476157,66.52888218327624,-269.6126293832494,-10.245415375680338,-26.264478807347125,-67.8160641460826,-14.024488241941741,-128.61926974059085,-170.35256238779291,-141.56296419581204,296.21147069196417,53.75489088314632,96.55308003652365,185.42746126699893,-116.97269751475972,-244.74370090367816,187.51949428480702,7.630083521145694,-155.50807998682413,-104.8478345706449,0.45891287582371904,16.48694636578141,266.5933291623793,147.89856354920462,20.299682150597576,11.163621421533609,122.53337237392783,-56.97339335248372,-182.19522178589577,166.75434037994953,23.16589699574183,57.08351359837753,135.22143263420918,9.422193056814756,81.67508420020658,89.02939236363898,165.9215103827859,174.07228286395443,-51.30156187116739,25.769021143362558,230.02265821743205,-232.62266448185622,-120.39054392937022,61.34507716501902,101.09008820711739,49.05693046492753,-6.831482633918255,-161.05259312189335,-64.9059102258811,149.3613531030198,55.21244359141245
-383.9725023684184,391.56851107290436,69.89069544895494,237.83686861824026,492.8393202885406,995.8756256520726,226.58506137158366,-911.1078937045529,-35.02725315512608,-89.5507343250758,-226.6845481907579,-50.01997403239034,-437.19161137591715,-576.1388741067489,-480.4329334941714,1002.6058567457987,183.47280204596626,327.33790537220864,626.2946956861651,-396.51293668120877,-830.0106512019759,634.0493876613259,26.412656187583536,-526.5294575126226,-352.93992948196757,-0.4733247314154003,56.36235831232954,902.960523739729,499.684773230141,67.05117833463511,39.54868529139982,415.515415199222,-193.00687749723457,-617.1556348883332,566.1161723542004,77.0244634472547,195.1863428916044,458.8343215078272,33.131847997897374,277.57931867944683,301.91729650856183,559.9031292875795,589.7311529884363,-172.09386006599522,85.1074612433789,778.6444796296956,-788.3428521363771,-407.70813350627844,207.11622091969545,339.1715270265365,164.84690900602817,-23.80198049063787,-548.3966564548773,-221.70311853402922,506.224452726582,185.98620467478253
-795.9092690353247,814.8276749967756,145.81198563900003,492.8393202885406,1024.7322258390118,2070.1279187819086,469.36441616536985,-1894.6263711860056,-72.39619799343023,-185.34056660351962,-473.9918471406656,-101.31459419971138,-906.4453143127741,-1197.5706547638028,-996.8736105772558,2083.24959919243,379.65395150383563,679.5437311816439,1302.6886431939063,-823.2435589854637,-1722.9896265875727,1318.1981479380202,54.30055816491237,-1093.8513234369705,-735.2814922369697,1.13608815184017,116.53207661445927,1875.5100536417215,1039.18361698129,141.02097722115872,80.22824271155726,862.5705394829466,-400.82200479779476,-1281.7812594206773,1174.4695203343551,161.54476692747835,403.47703094856837,952.2203709448652,67.60134142662457,575.5819217554972,626.7616912577632,1165.1847652619165,1224.7430344949612,-359.20932594956065,179.0733524068393,1617.7501055248163,-1637.015503048283,-846.8979722957392,430.8949601932723,707.9948980132798,343.7713584185528,-48.764032702284474,-1135.9853205336049,-458.568306325029,1051.102850909074,387.32307055541474
-1608.2414172034148,1646.0082424190016,294.47963528476157,995.8756256520726,2070.1279187819086,4182.09564585588,948.4807597391855,-3827.437426946043,-146.312433441175,-374.53250688505136,-957.1381059869706,-205.1047282785205,-1831.5656200924645,-2419.3499832585744,-2014.1595516169684,4208.7551289442035,767.2588058258148,1372.9419010297454,2631.57619412606,-1663.2750720761333,-3481.1989687477785,2663.0399889324244,109.80368336321524,-2209.9156479098624,-1485.14085811218,1.9706677181841834,235.51735807286457,3789.147894501533,2099.2899833318675,284.6286684636892,162.3454668190371,1742.7611567080976,-809.7918573835749,-2589.620190219805,2373.0200935431185,326.1552100162084,815.448652261123,1923.944162702597,136.78573587590128,1163.0194185932608,1266.3344018671794,2353.7342185416037,2474.3999412445055,-725.4577929531785,361.4453179154844,3268.3103785723642,-3307.385517586723,-1711.0025711037576,870.4441350777715,1429.8967702028506,694.3208221932911,-98.62852922037258,-2295.519650822391,-926.7632372747391,2123.621919806603,782.345056668165
-365.78888807460106,372.91621657685386,66.52888218327624,226.58506137158366,469.36441616536985,948.4807597391855,215.89237047850915,-867.715711789247,-33.37067525326065,-85.30267176261067,-215.77315732309984,-47.78234179259267,-416.4843256052677,-548.7180413399357,-457.6346499414809,954.9509798720558,174.83334328308254,311.7789697280857,596.4451843180291,-377.6841157623246,-790.6571592936434,603.9034390810419,25.19768409203755,-501.50739688138304,-336.02953866751443,-0.544963328712779,53.70994516025745,860.048243293349,475.87568307288996,63.772500818824824,37.71178266707377,395.80262666191817,-183.824454789764,-587.8128752000517,539.2637958902037,73.31926998420205,185.9907306103654,437.09018259594836,31.63847204399334,264.4378342195824,287.6046875630913,533.2174341503264,561.699817250237,-163.84442865312639,80.97317312520964,741.6100559149994,-750.9080566440989,-388.3283469635918,197.2440031693111,322.95895476053835,156.95136575319907,-22.70760909931875,-522.4524862834251,-211.2638558206851,482.17385621542616,177.0790074197222
1471.400010880327,-1506.5977701044085,-269.6126293832494,-911.1078937045529,-1894.6263711860056,-3827.437426946043,-867.715711789247,3502.998150924819,133.82026380235362,342.60627020283505,876.5308871721443,187.1747909202047,1675.7673957804138,2214.169146590044,1842.9860004295933,-3851.6618989751564,-701.8434532857582,-1256.3294107227084,-2408.5711982980306,1522.022635616374,3185.506215517098,-2437.2463131871114,-100.37099259780614,2022.375855451006,1359.5208860767773,-2.231620501626989,-215.41793472427415,-3467.514547125036,-1921.3600883248687,-260.82166037368313,-148.174729020411,-1594.7340315045703,741.0402968361711,2369.786434417924,-2171.309896907708,-298.78699050168495,-745.8391442707641,-1760.4728401584882,-124.93080971112006,-1064.1037606761358,-1158.7769206323562,-2154.394745018045,-2264.331753473518,664.234826970051,-331.23024879116315,-2990.9783737072494,3026.5608017756126,1565.780237183442,-796.7004230901514,-1309.2370963732274,-635.6626734963386,90.12108740984847,2100.0482493583986,847.7088786671154,-1943.290302575111,-716.1417138870759
56.539376239630016,-57.47204825244421,-10.245415375680338,-35.02725315512608,-72.39619799343023,-146.312433441175,-33.37067525326065,133.82026380235362,5.172175977312375,13.209865072033141,33.15358576778689,7.482048228996242,64.36096685255357,84.64998082207461,70.68804584815538,-147.33867675782733,-27.042457272749125,-48.14907041318497,-91.97360744950694,58.31011808571795,122.0526234077918,-93.1255248250101,-3.906277567247466,77.3887874405242,51.78364096399662,0.1840839426847394,-8.313494383809466,-132.74415956124253,-73.38953336941567,-9.768849791746637,-5.937330944662167,-61.10515737336671,28.38327963574671,90.74046325219908,-83.3040903063944,-11.228000507880514,-28.80155771820129,-67.48489385158793,-4.9245125877476825,-40.85602376247455,-44.393876391005016,-82.18039752982654,-86.71018140441967,25.201119221810092,-12.381793767420431,-114.44798503731688,115.9110427053026,59.93420690043321,-30.40895051904994,-49.64348699638515,-24.15967596172823,3.5320993838587516,80.79330256293441,32.691449771338185,-74.4426188147049,-27.296988260220555
144.56653350520293,-147.18008079684313,-26.264478807347125,-89.5507343250758,-185.34056660351962,-374.53250688505136,-85.30267176261067,342.60627020283505,13.209865072033141,33.75726920446112,85.06866363231009,18.958671357213458,164.58155976672256,216.6844235859957,180.81797952175324,-377.09573846052194,-69.097360729109,-123.1886181648728,-235.49437432873884,149.19053460804085,312.25915375811854,-238.39784358265402,-9.955300667459069,198.05344961475464,132.67572487193456,0.31765144094907827,-21.235602378490654,-339.69239021669074,-187.899065129404,-25.125905958249557,-15.054874303307686,-156.3330957307091,72.62836471025429,232.1989022944883,-213.07511906775235,-28.84492828037878,-73.56297324935244,-172.63547672410317,-12.512833405138505,-104.48038758233686,-113.57902451766785,-210.4613717450073,-221.8805852788515,64.61701675155767,-31.851343261056325,-292.9061173592708,296.5867283010242,153.37638249009456,-77.8678449474431,-127.29118923817428,-61.92464991274828,8.990151817961811,206.529056682982,83.5177245758855,-190.47387198793675,-69.92758370543424
366.27257240516064,-377.4154177488628,-67.8160641460826,-226.6845481907579,-473.9918471406656,-957.1381059869706,-215.77315732309984,876.5308871721443,33.15358576778689,85.06866363231009,221.27295054100523,44.825687887266135,417.3126816700073,553.6655336427821,459.53253947519266,-962.5521886059371,-174.22324144564058,-313.502763739318,-602.9204867696462,379.87857417469075,794.8599917180235,-609.6448504481389,-24.652688468426177,505.2605333381343,341.1836379808701,-2.140123887108498,-53.40167785749495,-866.0295546230338,-480.84297402461925,-66.44651078404155,-35.56742282183499,-397.9346621199828,185.02653330172492,591.7937120322373,-541.254121421174,-75.7933013872271,-184.82854043146065,-439.08747835743003,-30.29943397132625,-265.04294335848385,-289.15985787323496,-539.7394738089049,-565.4001614193705,167.21098472657184,-84.44613469003899,-747.3484525198248,755.5831367818461,391.1066448800519,-199.5035816008452,-329.6243124639127,-159.78545855727816,22.00592832247251,522.2001257065448,210.28493159458108,-485.0763935139342,-179.61514271616304
80.57651713939136,-80.0858717238137,-14.024488241941741,-50.01997403239034,-101.31459419971138,-205.1047282785205,-47.78234179259267,187.1747909202047,7.482048228996242,18.958671357213458,44.825687887266135,12.111386728379925,91.60368984221275,118.68667833742728,100.1367900577451,-207.0972824189463,-38.96291626371852,-67.99100044870487,-128.43821071037837,82.32086955358098,172.5691620979421,-130.49777280252596,-5.861697862639084,108.88143362117141,71.55390116640575,1.515801263520657,-12.031236975189467,-186.94813350725246,-102.57740484634658,-12.693864491685916,-9.418794536656163,-86.36653509107147,39.98898862085752,127.81731495717743,-118.12805228412707,-14.933009560707703,-41.70116499493042,-95.56973949674338,-7.704849093896122,-58.12675130334005,-62.76159876446477,-114.45866989903305,-122.19673608805691,34.46238720087827,-16.09719614101019,-160.89580082283737,163.51829488754777,84.36991074257229,-42.415573948336096,-67.94662727886927,-33.21139845833181,5.387904054678801,115.57361806459693,47.20198368436135,-105.03970318754754,-37.798752028948265
705.8568141784742,-720.2788817351494,-128.61926974059085,-437.19161137591715,-906.4453143127741,-1831.5656200924645,-416.4843256052677,1675.7673957804138,64.36096685255357,164.58155976672256,417.3126816700073,91.60368984221275,803.7211171974493,1059.5998599444547,883.3275364427739,-1843.8145198427696,-337.18015324940643,-601.8956128582388,-1151.9689783126553,729.1047340951171,1526.1676379859562,-1166.1360807117267,-48.48685218257867,968.2726455005834,649.3512403313223,0.5614366249948574,-103.5664888746057,-1660.4678434960297,-919.0677953071137,-123.55840280623265,-72.45411561841713,-764.0252186108604,354.9153248379885,1134.8851643099276,-1040.8373136700166,-141.86544997638669,-358.6492018101339,-843.6347279114098,-60.74638513215152,-510.3025078451067,-555.1474844219877,-1029.9349883399848,-1084.4409855623062,316.7212627182663,-156.8390050224643,-1431.9274966242901,1449.6298653970637,749.7493327624844,-380.97005285759076,-624.2106729782193,-303.3388792952337,43.66976154875126,1008.0080350071742,407.4113159015511,-930.8510506490567,-342.1637086178904
930.4062055618704,-952.2012203556955,-170.35256238779291,-576.1388741067489,-1197.5706547638028,-2419.3499832585744,-548.7180413399357,2214.169146590044,84.64998082207461,216.6844235859957,553.6655336427821,118.68667833742728,1059.5998599444547,1399.6001865205515,1165.2244927889913,-2434.7802372895326,-443.88242164564537,-794.2670063701582,-1522.361444391488,962.2232229301669,2013.9047630696512,-1540.5613275945207,-63.526765801214395,1278.448178196736,859.1425198341212,-1.1091869150490083,-136.2557022056001,-2192.0523564119057,-1214.4376097675727,-164.6377373429669,-93.95681912781491,-1008.2051229374484,468.4750972191638,1498.1212276365904,-1372.8334586901976,-188.65475322792173,-471.7731210706745,-1113.0222217632015,-79.14311355565577,-672.8283781152362,-732.584469557298,-1361.6157516845901,-1431.4648020955167,419.6556916443708,-209.06250938428641,-1890.7390221653402,1913.3514373474006,989.8278967652215,-503.5477929717598,-827.1403138528003,-401.6498440001647,57.06520571711413,1328.0249707001146,536.1652963136281,-1228.538885203679,-452.58335198841024
775.7287999493982,-792.2713072172572,-141.56296419581204,-480.4329334941714,-996.8736105772558,-2014.1595516169684,-457.6346499414809,1842.9860004295933,70.68804584815538,180.81797952175324,459.53253947519266,100.1367900577451,883.3275364427739,1165.2244927889913,970.994166477364,-2027.4292254369398,-370.4051420796206,-661.7093753760207,-1266.994219065367,801.5721393286334,1677.7777001733937,-1282.4226220751634,-53.18158858974708,1064.6563314513523,714.4619508381252,0.14739142054661666,-113.75149638159934,-1825.6783453634282,-1010.8028754170676,-136.24545391044003,-79.25203642571601,-839.9315984775362,390.2178995283,1247.7877389257337,-1144.0920544363169,-156.31792773767648,-393.90571967564455,-927.3855781075281,-66.51114250137444,-560.8584658156728,-610.3000965518754,-1132.8968302173064,-1192.3067712535105,348.6214287212331,-172.94947621255065,-1574.5034933884997,1593.7654867121105,824.3607024434772,-419.0303778391897,-687.0751168620393,-333.8250492289906,47.86329050701136,1107.6273017068088,447.5165531639717,-1023.3914663218187,-376.44161277303454
-1619.0387776828873,1656.3087866571905,296.21147069196417,1002.6058567457987,2083.24959919243,4208.7551289442035,954.9509798720558,-3851.6618989751564,-147.33867675782733,-377.09573846052194,-962.5521886059371,-207.0972824189463,-1843.8145198427696,-2434.7802372895326,-2027.4292254369398,4235.823263122347,772.5946368348601,1381.8926358125457,2648.1436238064794,-1674.1185268830502,-3504.019459205525,2680.01000678969,110.6699641594427,-2224.1705856549665,-1494.1607467297192,1.4591339572479114,237.17673828804135,3813.6602767979184,2112.5439182538366,286.0208479781267,163.82089467599474,1754.1693104714836,-815.0323619440371,-2606.376738843391,2388.7050166083955,327.90710395587513,821.1970288496215,1936.6204886305472,138.00146311342772,1170.790990444578,1274.6342707409717,2368.4355963692346,2490.4362262164987,-729.7241578775541,363.2287983695345,3289.3309873013786,-3328.9015119713963,-1722.0552321527832,875.9048242955736,1438.3487291696085,698.4731144689193,-99.44179163615881,-2311.109883636116,-933.2473611861911,2137.440264983298,787.1288808053141
-296.16016124853684,301.56414560439276,53.75489088314632,183.47280204596626,379.65395150383563,767.2588058258148,174.83334328308254,-701.8434532857582,-27.042457272749125,-69.097360729109,-174.22324144564058,-38.96291626371852,-337.18015324940643,-443.88242164564537,-370.4051420796206,772.5946368348601,141.63050051724295,252.3117567951243,482.3909521687024,-305.6356970499835,-639.8648486224444,488.49754515347513,20.454176347824074,-405.76175869659846,-271.63538088126916,-0.6870393303116723,43.52119181713683,695.8930115635684,384.8951841196542,51.39634456461615,30.73346559620022,320.3137095270537,-148.74530765847157,-475.62855824220094,436.4973185231342,59.14533202838268,150.71596202715264,353.7599610646145,25.742121635312984,214.07822400608347,232.75125443243866,431.1867257816003,454.5092952741959,-132.3681504205078,65.25169397751719,600.0081871396995,-607.6353170614036,-314.20214908960634,159.5157843338824,260.91257103657773,126.83541051160785,-18.452573094374102,-423.0897436052982,-171.16448926621624,390.18455737071486,143.1612621361173
-528.5628145334606,540.1192932401547,96.55308003652365,327.33790537220864,679.5437311816439,1372.9419010297454,311.7789697280857,-1256.3294107227084,-48.14907041318497,-123.1886181648728,-313.502763739318,-67.99100044870487,-601.8956128582388,-794.2670063701582,-661.7093753760207,1381.8926358125457,252.3117567951243,450.97679239904943,863.7213487006803,-546.2952269257296,-1143.4015566440175,874.1549303765181,36.18512163025146,-725.6523534277421,-487.18662946219104,0.10138680472327495,77.47707077407013,1244.3273423838866,689.0590075556711,93.03536327481685,53.85703614213729,572.4189781665476,-265.9615323432211,-850.4549794186385,779.6514315481567,106.67656828440988,268.29277659839073,631.9865355168542,45.20143071350361,382.1679638437486,415.9182681154818,772.3479966399881,812.630654205702,-237.7732986806913,118.08925994474158,1073.182469770625,-1086.2150009016805,-561.8657054369343,285.6638529470345,468.58975380921805,227.65580988895698,-32.55395498624489,-754.6426198128424,-304.82428170946366,697.4828889531634,256.680727323924
-1011.4652462104177,1035.9424716478572,185.42746126699893,626.2946956861651,1302.6886431939063,2631.57619412606,596.4451843180291,-2408.5711982980306,-91.97360744950694,-235.49437432873884,-602.9204867696462,-128.43821071037837,-1151.9689783126553,-1522.361444391488,-1266.994219065367,2648.1436238064794,482.3909521687024,863.7213487006803,1656.10412285849,-1046.3852345942464,-2189.9795899686883,1675.7463167407836,68.94914034818703,-1390.4336754625515,-934.9116721205124,1.730095117631666,148.0528950245046,2383.9752977186495,1321.0896181667601,179.48648253343197,101.7119717112343,1096.3572746327504,-509.47655982559274,-1629.266310528826,1492.6875184222458,205.5559338598493,512.6001312659131,1210.2702513724948,85.76961499104054,731.4971825083131,796.6394908758667,1481.3802415826497,1556.755294173114,-456.832472675495,227.93418867422116,2056.393903161013,-2080.767783340351,-1076.5065124977534,547.8088388688909,900.4235907031225,437.1556994046377,-61.89465394364501,-1443.5417091875695,-582.6322069094136,1336.0148133797468,492.4622524488165
640.2612228652318,-654.3870088305634,-116.97269751475972,-396.51293668120877,-823.2435589854637,-1663.2750720761333,-377.6841157623246,1522.022635616374,58.31011808571795,149.19053460804085,379.87857417469075,82.32086955358098,729.1047340951171,962.2232229301669,801.5721393286334,-1674.1185268830502,-305.6356970499835,-546.2952269257296,-1046.3852345942464,661.7888046195649,1385.1762803275678,-1059.0592173781201,-43.83708482294852,879.0945852618732,590.2103285575718,-0.18351553551017363,-93.84524417003685,-1507.4154926487029,-834.7791343692875,-112.73957857084564,-65.14136750645984,-693.4459490344817,322.1772379807956,1030.2444685344205,-944.4415906029399,-129.3036941765012,-324.9560164998066,-765.6128362010741,-54.75447914290253,-462.94998783992685,-503.8692753749434,-935.7339521451296,-984.4256887777258,288.10424113266316,-143.13678229863652,-1300.086762705462,1315.8735146318313,680.6612606981072,-346.08368057026087,-567.8345153526304,-275.8277075935534,39.42500969404139,914.0872581147008,369.2312661637285,-844.9309751526794,-310.9533916071043
1340.1999278409926,-1369.605305193703,-244.74370090367816,-830.0106512019759,-1722.9896265875727,-3481.1989687477785,-790.6571592936434,3185.506215517098,122.0526234077918,312.25915375811854,794.8599917180235,172.5691620979421,1526.1676379859562,2013.9047630696512,1677.7777001733937,-3504.019459205525,-639.8648486224444,-1143.4015566440175,-2189.9795899686883,1385.1762803275678,2899.439750377011,-2216.6773791388096,-91.83894403784298,1839.9945090256529,1235.0608656080449,-0.21725657622278535,-196.47265782788568,-3155.0851379163755,-1747.1179416462317,-235.7930616627634,-136.3742267230875,-1451.485684905312,674.3009937506262,2156.3082032557286,-1976.8414829978235,-270.582659596186,-680.2842862199977,-1602.598124771152,-114.77081906053677,-969.0702698207224,-1054.7039993502951,-1958.420683990724,-2060.430918570373,602.8965994267587,-299.4444584488734,-2721.078206727147,2754.252412181055,1424.646560622443,-724.3216376720782,-1188.3975642062012,-577.2133561035481,82.59296822441365,1913.420714454191,772.9989356595993,-1768.4869598384466,-650.6977420437396
-1023.9244911447373,1048.228361372914,187.51949428480702,634.0493876613259,1318.1981479380202,2663.0399889324244,603.9034390810419,-2437.2463131871114,-93.1255248250101,-238.39784358265402,-609.6448504481389,-130.49777280252596,-1166.1360807117267,-1540.5613275945207,-1282.4226220751634,2680.01000678969,488.49754515347513,874.1549303765181,1675.7463167407836,-1059.0592173781201,-2216.6773791388096,1695.8436353917043,69.91695026790292,-1407.1874956769666,-945.7051903858828,1.3809054764349598,149.93893045250394,2412.719603299595,1336.782718658307,181.30972397193705,103.16304451970383,1109.693336819759,-515.5987830666456,-1648.885333727747,1510.9049677235998,207.82399298243107,519.1051026664508,1225.0714708882685,87.08254453221316,740.5044816514253,806.3568111211835,1498.9114874279446,1575.5283701099413,-462.0523436482308,230.31235804870028,2081.0870453989446,-2105.965166872024,-1089.4737473461385,554.2990110270958,910.8250388733704,442.18828083186395,-62.778002284698566,-1461.4407425870313,-590.0214871502327,1352.1685164719959,498.16580720156134
-42.6038437712688,43.08385726969646,7.630083521145694,26.412656187583536,54.30055816491237,109.80368336321524,25.19768409203755,-100.37099259780614,-3.906277567247466,-9.955300667459069,-24.652688468426177,-5.861697862639084,-48.48685218257867,-63.526765801214395,-53.18158858974708,110.6699641594427,20.454176347824074,36.18512163025146,68.94914034818703,-43.83708482294852,-91.83894403784298,69.91695026790292,2.999031287590868,-58.139164127794196,-38.68152112680775,-0.3124600120118182,6.293653281073074,99.73454405241019,55.02887053701894,7.179364139302874,4.566944380634019,45.965026157472245,-21.31558644021941,-68.16412412463146,62.69227350073922,8.336690435424583,21.792168155020935,50.80133993213778,3.8308594043900834,30.784456445542354,33.40692417216252,61.58894364794146,65.1493592077406,-18.798576219264564,9.128510746749125,85.94048572683955,-87.13854075795321,-45.02446149638508,22.793066955656684,37.08384744986559,18.039720364303637,-2.718222187060855,-60.934956528813274,-24.733357182065337,55.95220700818172,20.398994332010417
850.2445899953564,-869.6346650334207,-155.50807998682413,-526.5294575126226,-1093.8513234369705,-2209.9156479098624,-501.50739688138304,2022.375855451006,77.3887874405242,198.05344961475464,505.2605333381343,108.88143362117141,968.2726455005834,1278.448178196736,1064.6563314513523,-2224.1705856549665,-405.76175869659846,-725.6523534277421,-1390.4336754625515,879.0945852618732,1839.9945090256529,-1407.1874956769666,-58.139164127794196,1167.8920284732799,784.4690905475323,-0.6501696302599288,-124.56938444005107,-2002.5436900520665,-1109.2208192420674,-150.0965619689337,-86.13870558209895,-921.1330005918232,427.978490719644,1368.6113427057444,-1254.3816417349485,-172.0913291361531,-431.31610690404096,-1016.9516791418665,-72.52401271968245,-614.8306275545739,-669.3204498381034,-1243.5313052266638,-1307.7335579403064,383.07807081273967,-190.60139574995594,-1727.1969434271523,1748.0172424483821,904.243778108495,-459.89610160215125,-755.0643951858973,-366.6909787096141,52.25134933813574,1213.73035855671,490.14832903190717,-1122.3858255860207,-413.26952316331574
570.0970423528851,-584.887251593367,-104.8478345706449,-352.93992948196757,-735.2814922369697,-1485.14085811218,-336.02953866751443,1359.5208860767773,51.78364096399662,132.67572487193456,341.1836379808701,71.55390116640575,649.3512403313223,859.1425198341212,714.4619508381252,-1494.1607467297192,-271.63538088126916,-487.18662946219104,-934.9116721205124,590.2103285575718,1235.0608656080449,-945.7051903858828,-38.68152112680775,784.4690905475323,528.2401792758423,-1.6802847619283081,-83.34090486189983,-1344.9286969441043,-745.7377863344082,-101.86749629124327,-56.82963662047562,-618.328210209078,287.4263332494166,919.1587783904195,-841.6613301344838,-116.43508635545268,-288.5522156167552,-682.4574475681023,-47.93100153023346,-412.34068628968254,-449.2730163115825,-836.4212393426543,-878.2149469843333,258.29361723665943,-129.32952578866443,-1160.290811399188,1173.7053861156824,607.3370488531665,-309.2758683591424,-509.0213862438651,-247.0786216714832,34.67926125608016,813.3926879746664,328.03254704697133,-753.6129122973502,-278.2069721038944
0.6123859628853443,1.3091009564813536,0.45891287582371904,-0.4733247314154003,1.13608815184017,1.9706677181841834,-0.544963328712779,-2.231620501626989,0.1840839426847394,0.31765144094907827,-2.140123887108498,1.515801263520657,0.5614366249948574,-1.1091869150490083,0.14739142054661666,1.4591339572479114,-0.6870393303116723,0.10138680472327495,1.730095117631666,-0.18351553551017363,-0.21725657622278535,1.3809054764349598,-0.3124600120118182,-0.6501696302599288,-1.6802847619283081,1.2879398774944266,-0.27015081002221986,0.8894689684871738,1.2846377211944537,1.1285110199293815,-1.132409583991644,0.11737861238574603,-0.14793900029672127,-0.5490995400751199,-0.29010727081166987,1.0276061125027565,-0.9867984533887716,-0.036604777026034784,-0.7026173555370305,-0.31477713374882477,0.09304258375396149,1.9091768169004133,0.4766708368568967,-1.2397511511218802,1.4834306956772765,1.0408989543719405,-0.519161336453204,-0.4382301552622932,0.6301566308888791,2.478458933594947,0.9970889282923762,0.38551589138104575,1.3298450205497958,0.9496649921361543,0.27874163905359306,0.7982175851392952
-90.9731546223524,92.54070379402856,16.48694636578141,56.36235831232954,116.53207661445927,235.51735807286457,53.70994516025745,-215.41793472427415,-8.313494383809466,-21.235602378490654,-53.40167785749495,-12.031236975189467,-103.5664888746057,-136.2557022056001,-113.75149638159934,237.17673828804135,43.52119181713683,77.47707077407013,148.0528950245046,-93.84524417003685,-196.47265782788568,149.93893045250394,6.293653281073074,-124.56938444005107,-83.34090486189983,-0.27015081002221986,13.376696958954277,213.65228509526256,118.1344103019479,15.73254393103329,9.494062573525184,98.35441199159975,-45.671044044293545,-146.03175759318447,134.05324816816133,18.11221578653172,46.32751452915229,108.63088543725452,7.933832226494154,65.75230339722529,71.46617576122027,132.31791329653112,139.54964877692797,-40.589548054413754,19.967744061005085,184.20269868714547,-186.56666925618822,-96.4645531621271,48.9548522738753,79.999677565604145,38.90279082034691,-5.683549673346374,-129.9850666934596,-52.60305371445461,119.80559765833037,43.92773828830395
-1458.090842505728,1490.9718839634954,266.5933291623793,902.960523739729,1875.5100536417215,3789.147894501533,860.048243293349,-3467.514547125036,-132.74415956124253,-339.69239021669074,-866.0295546230338,-186.94813350725246,-1660.4678434960297,-2192.0523564119057,-1825.6783453634282,3813.6602767979184,695.8930115635684,1244.3273423838866,2383.9752977186495,-1507.4154926487029,-3155.0851379163755,2412.719603299595,99.73454405241019,-2002.5436900520665,-1344.9286969441043,0.8894689684871738,213.65228509526256,3433.7495849122693,1901.8384315074677,257.19775735064945,147.95111752781713,1579.4990358247815,-733.8724534627664,-2346.776502336892,2151.038055940999,294.892553061135,739.7870251593087,1743.818918001448,124.45859634632991,1054.3418723749846,1147.694282058583,2132.0139992218606,2242.3911119557924,-656.6668044700597,326.5655522793673,2961.574862121556,-2997.3449180550483,-1550.4955791906839,788.503196573179,1294.2654350596633,628.6158818027393,-89.65854568288354,-2081.519799311446,-840.6474055552178,1924.593236793421,708.5456853399106
-806.9798703023488,826.362622298292,147.89856354920462,499.684773230141,1039.18361698129,2099.2899833318675,475.87568307288996,-1921.3600883248687,-73.38953336941567,-187.899065129404,-480.84297402461925,-102.57740484634658,-919.0677953071137,-1214.4376097675727,-1010.8028754170676,2112.5439182538366,384.8951841196542,689.0590075556711,1321.0896181667601,-834.7791343692875,-1747.1179416462317,1336.782718658307,55.02887053701894,-1109.2208192420674,-745.7377863344082,1.2846377211944537,118.1344103019479,1901.8384315074677,1053.8527153887894,143.1090778015766,81.23189634717612,874.6498774848599,-406.4436678282642,-1299.7677231766459,1190.8686627266525,163.9118319565342,409.0193517060554,965.5384093908409,68.47636488718906,583.6017569426573,635.5401721645713,1181.6821809010498,1241.924007120009,-364.3623806267266,181.73191025574502,1640.4873648444743,-1659.969386395996,-858.7903115333391,436.98752818856974,718.1576943038501,348.6828298344328,-49.40662544108074,-1151.7382888757297,-464.88615569551524,1065.8346273104075,392.82210012074654
-108.40512066853142,112.4205650956057,20.299682150597576,67.05117833463511,141.02097722115872,284.6286684636892,63.772500818824824,-260.82166037368313,-9.768849791746637,-25.125905958249557,-66.44651078404155,-12.693864491685916,-123.55840280623265,-164.6377373429669,-136.24545391044003,286.0208479781267,51.39634456461615,93.03536327481685,179.48648253343197,-112.73957857084564,-235.7930616627634,181.30972397193705,7.179364139302874,-150.0965619689337,-101.86749629124327,1.1285110199293815,15.73254393103329,257.19775735064945,143.1090778015766,20.151711384568138,10.15057500708119,118.05832203791506,-54.94454479987515,-175.7450638899296,160.42775635994388,22.85334660196887,54.444754012460905,130.1936220421257,8.695331073824638,78.48281733959227,85.78081711446256,160.79488877172736,167.8844344156115,-50.06250250524872,25.60449895399632,222.06349697089382,-224.28737514104617,-116.16753374750569,59.41033751336616,98.66227679073249,47.772915730454855,-6.372739886336166,-154.3842346686903,-61.99523989894071,143.98233682655152,53.59692781764353
-63.74567275905056,63.344628256368175,11.163621421533609,39.54868529139982,80.22824271155726,162.3454668190371,37.71178266707377,-148.174729020411,-5.937330944662167,-15.054874303307686,-35.56742282183499,-9.418794536656163,-72.45411561841713,-93.95681912781491,-79.25203642571601,163.82089467599474,30.73346559620022,53.85703614213729,101.7119717112343,-65.14136750645984,-136.3742267230875,103.16304451970383,4.566944380634019,-86.13870558209895,-56.82963662047562,-1.132409583991644,9.494062573525184,147.95111752781713,81.23189634717612,10.15057500708119,7.548447566702753,68.28942235954094,-31.690549073165233,-101.21022169137056,93.47513516696729,11.780393766889029,32.960620938151074,75.51333482762858,5.966058699755006,45.9453025798404,49.58501264705106,90.5701574327293,96.73789030045471,-27.302835305209488,12.768138581414556,127.37844941554783,-129.3455884103893,-66.77495116417727,33.57906035340607,53.6620234914274,26.32461783925059,-4.2150993148782865,-91.42672814046684,-37.25504509760656,83.14146189333792,30.02540397320009
-670.9291909047845,685.6440366223509,122.53337237392783,415.515415199222,862.5705394829466,1742.7611567080976,395.80262666191817,-1594.7340315045703,-61.10515737336671,-156.3330957307091,-397.9346621199828,-86.36653509107147,-764.0252186108604,-1008.2051229374484,-839.9315984775362,1754.1693104714836,320.3137095270537,572.4189781665476,1096.3572746327504,-693.4459490344817,-1451.485684905312,1109.693336819759,45.965026157472245,-921.1330005918232,-618.328210209078,0.11737861238574603,98.35441199159975,1579.4990358247815,874.6498774848599,118.05832203791506,68.28942235954094,726.6333500006573,-337.5760136266916,-1079.500889768447,989.6467088597857,135.4508530461612,340.55941894047015,802.274057790332,57.435705486434216,485.1278704012963,527.9923479035328,980.4203716628393,1031.4993461776978,-301.824947446905,149.90989415019345,1362.2339250401687,-1378.824984124849,-713.207558898624,362.61141940984845,594.9128881292108,288.9701755415591,-41.340663892160734,-957.8949491206549,-386.96419918606745,885.3434219099797,325.7701124108126
311.66636601815554,-318.60818686811547,-56.97339335248372,-193.00687749723457,-400.82200479779476,-809.7918573835749,-183.824454789764,741.0402968361711,28.38327963574671,72.62836471025429,185.02653330172492,39.98898862085752,354.9153248379885,468.4750972191638,390.2178995283,-815.0323619440371,-148.74530765847157,-265.9615323432211,-509.47655982559274,322.1772379807956,674.3009937506262,-515.5987830666456,-21.31558644021941,427.978490719644,287.4263332494166,-0.14793900029672127,-45.671044044293545,-733.8724534627664,-406.4436678282642,-54.94454479987515,-31.690549073165233,-337.5760136266916,156.85636675286565,501.57488591896504,-459.7615590891157,-62.97643976412172,-158.15237805157375,-372.69146591680106,-26.604608677057083,-225.35149715037574,-245.28064729278563,-455.59983328625424,-479.2624668422844,140.30458641232795,-69.73985693547593,-632.9551922281194,640.6011319534234,331.37649479937556,-168.50550190542768,-276.4990863543429,-134.32218639210933,19.169965416845706,444.942851241571,179.6960173003831,-411.3429027875182,-151.42892924095227
996.5766109143694,-1018.9319459791196,-182.19522178589577,-617.1556348883332,-1281.7812594206773,-2589.620190219805,-587.8128752000517,2369.786434417924,90.74046325219908,232.1989022944883,591.7937120322373,127.81731495717743,1134.8851643099276,1498.1212276365904,1247.7877389257337,-2606.376738843391,-475.62855824220094,-850.4549794186385,-1629.266310528826,1030.2444685344205,2156.3082032557286,-1648.885333727747,-68.16412412463146,1368.6113427057444,919.1587783904195,-0.5490995400751199,-146.03175759318447,-2346.776502336892,-1299.7677231766459,-175.7450638899296,-101.21022169137056,-1079.500889768447,501.57488591896504,1603.909367771689,-1470.1622967119188,-201.4761963774903,-505.66224166739994,-1191.8007679477207,-85.06912487906249,-720.6040434536575,-784.3750140710572,-1457.0293782794363,-1532.5646281756265,448.73940808580073,-223.1138434097041,-2024.0675575863606,2048.51787492098,1059.6765461843343,-538.876160312345,-884.4019386864296,-429.5856170266449,61.28836412861178,1422.7044801812997,574.5783403745418,-1315.3694551843973,-484.24468464847126
-914.0620845740152,933.3847175896111,166.75434037994953,566.1161723542004,1174.4695203343551,2373.0200935431185,539.2637958902037,-2171.309896907708,-83.3040903063944,-213.07511906775235,-541.254121421174,-118.12805228412707,-1040.8373136700166,-1372.8334586901976,-1144.0920544363169,2388.7050166083955,436.4973185231342,779.6514315481567,1492.6875184222458,-944.4415906029399,-1976.8414829978235,1510.9049677235998,62.69227350073922,-1254.3816417349485,-841.6613301344838,-0.29010727081166987,134.05324816816133,2151.038055940999,1190.8686627266525,160.42775635994388,93.47513516696729,989.6467088597857,-459.7615590891157,-1470.1622967119188,1348.0590598223566,184.09370572743862,464.2105389617287,1092.7058037847012,78.43518753340766,660.8650200189487,719.08522438184,1334.6743871900746,1404.7984979864227,-410.65469873121367,203.64677111821683,1855.0740198988553,-1877.819954750146,-971.268960107432,493.66866242170784,809.3368258955682,393.2413500543009,-56.43105470633248,-1305.186733762576,-527.377299252855,1205.7913527881237,443.4690098528792
-124.47903494485816,128.76017332847826,23.16589699574183,77.0244634472547,161.54476692747835,326.1552100162084,73.31926998420205,-298.78699050168495,-11.228000507880514,-28.84492828037878,-75.7933013872271,-14.933009560707703,-141.86544997638669,-188.65475322792173,-156.31792773767648,327.90710395587513,59.14533202838268,106.67656828440988,205.5559338598493,-129.3036941765012,-270.582659596186,207.82399298243107,8.336690435424583,-172.0913291361531,-116.43508635545268,1.0276061125027565,18.11221578653172,294.892553061135,163.9118319565342,22.85334660196887,11.780393766889029,135.4508530461612,-62.97643976412172,-201.4761963774903,184.09370572743862,26.062481172081593,62.65510470614388,149.43682583451888,10.182426429903591,90.12332165425111,98.44284023191037,184.13367330612115,192.4864053924437,-57.19553334415474,29.09633291339267,254.53184072309452,-257.2430686691824,-133.18352357363398,68.03594267046982,112.82293157664887,54.60307067825735,-7.408723517708409,-177.35820295790347,-71.34860025512099,165.11316264103561,61.273211864382674
-315.0482265177956,320.3716305997328,57.08351359837753,195.1863428916044,403.47703094856837,815.448652261123,185.9907306103654,-745.8391442707641,-28.80155771820129,-73.56297324935244,-184.82854043146065,-41.70116499493042,-358.6492018101339,-471.7731210706745,-393.90571967564455,821.1970288496215,150.71596202715264,268.29277659839073,512.6001312659131,-324.9560164998066,-680.2842862199977,519.1051026664508,21.792168155020935,-431.31610690404096,-288.5522156167552,-0.9867984533887716,46.32751452915229,739.7870251593087,409.0193517060554,54.444754012460905,32.960620938151074,340.55941894047015,-158.15237805157375,-505.66224166739994,464.2105389617287,62.65510470614388,160.4642669608803,376.1370041611552,27.478253123767082,227.68927152801982,247.44631714102348,458.0844027728003,483.212543054646,-140.49485764033727,69.07306152363901,637.8112748441641,-645.9966347923041,-334.01454226983043,169.489054198676,276.8629987726501,134.66901684734205,-19.68825110807435,-450.1705817565753,-182.17881009113228,414.8490158333978,152.09773601564757
