V1,V2,V3,V4,V5,V6,V7,V8,V9,V10,V11,V12,V13,V14,V15,V16,V17,V18,V19,V20,V21,V22,V23,V24,V25,V26,V27,V28,V29,V30,V31,V32,V33,V34,V35,V36,V37,V38,V39,V40,V41,V42,V43,V44,V45,V46,V47,V48,V49,V50,V51,V52,V53,V54,V55,V56
0.861672262205089,0.36118774965572803,-0.6862979501212321,-0.18579411727898867,0.6196397813635031,0.1320080204840662,-0.2168282128587159,0.122404814932051,0.219429661784123,0.18141604146353357,0.5949673983932373,-0.7332333433729571,-0.21881958063022544,-0.2951076316060997,0.018003822993762818,0.40849819633132417,-0.01586272198211953,0.6778141083951942,0.1650772898454879,0.9768431831506516,-0.03400911404663524,0.5250686320151862,1.035722228357694,4.0079119208059183e-4,0.6942928765456666,0.06717835848160152,0.23381832055557258,-0.44072093843390064,0.2925706897543573,0.2622344575906168,0.6352528586181624,-0.28570674974485655,0.2834737958171814,-0.26946678158402604,-0.08274050714112381,-0.766558219185751,0.7881672236584784,0.4419359439043469,-0.2282736772631443,0.2669039198845839,0.48641209222799064,0.16124131124951063,-1.2044649362145567,-0.3498828582235395,0.26711755403761217,1.423516724624679,0.08998678472180296,-0.5432357201166459,-0.09245746849776848,0.031055866272239684,0.7074687006181579,0.01506422430665482,0.22268103462494182,0.5177708605312247,0.6123080404896518,0.2537123537436041
0.36118774965572803,1.906308152438822,-1.0099045439561147,-0.7515571516136877,0.5679873092089277,-0.2616147995519153,-0.6647065095674978,0.7826293163756,0.32627011340695283,0.5194085490852555,0.3726406805262407,-0.3016662128683733,-0.14525158513662853,-0.4679048047028273,-0.2919361599622549,-0.2438755609790465,-0.357191427482742,0.827237985711524,0.963177297928891,0.735250912168998,0.46733978539856086,-0.6746549587333768,0.6274004678881687,-0.8451284701048686,-0.26870100681607584,-0.7492468079807534,0.5412992094917712,-0.09940225256511641,0.3489379228691069,0.8594680383705865,-0.09247907809022463,0.38731876515387265,-0.9497850754919094,-1.1147679218115567,-0.12727869881556486,-1.001692679450053,0.4863376881722017,0.8571949237286681,0.33822625532984085,-0.780242774178584,0.6248826278234881,-0.5603276481714689,-0.4357471922201038,0.5113192176349427,-0.046982955670798555,0.08157657615109815,0.9094117730355792,0.6921457289126496,0.1601121247196925,-0.7561097912206606,0.9728448844475965,0.0347616303693412,-0.006168815220744032,0.8329101193985186,0.54085382989165,0.15093943430551113
-0.6862979501212321,-1.0099045439561147,1.3828130973453183,0.5285278244115774,-0.3807178455165781,-0.30497083921131,0.6848185399010248,-0.7065164583984309,0.018535560764262184,-0.4738468655920516,-0.9850570109363805,0.3012436390545812,-0.1413140845992443,0.14575175286025838,0.49710331799873,-0.2654009468402887,0.31061986762612254,-1.1211898640765736,-0.7110257524687075,-0.9368702271180473,-0.43371471734297085,-0.4548909136624241,-1.2124996277829239,0.5621529434866996,-0.8210803678107477,0.3796048933278778,-0.4538643595314587,0.21543740810598017,-0.16671220043008453,-0.5901075635399342,-0.2728613648953344,-0.1242853820950035,-0.14615594422246075,0.20363539270757852,0.025380721127423962,1.1610222245715258,-0.36672188618961105,-0.6138833999469693,0.6410355972866747,0.43320541616857766,-0.9832993009384554,0.27464752448421764,1.0772259623034746,0.47679302289642567,-0.9540706164663196,-0.8554211840226914,-0.4679386403095831,0.07552525456100348,0.4306551130308258,0.20946319161916832,-1.0409156345193344,-0.504595216311896,-0.33456192372581306,-0.5629243557697654,-0.6698571047023064,0.10289168254891465
-0.18579411727898867,-0.7515571516136877,0.5285278244115774,0.48700221969888574,0.10914256317140357,0.15274990989484893,0.3425730132522801,-0.2612664572097745,-0.00497740576236988,-0.5775149728785914,-0.31710043193349996,0.449852522120835,-0.3642674383878461,0.2596951146509219,-0.0076751846519426915,0.36038944157537595,0.4413606914656787,-0.4522479399822665,-0.16156123410946457,-0.3279832092927996,-0.12579548763245776,0.0812587082302925,-0.5598111389762825,0.04369545759835917,-0.016485159902899987,0.4568543619637425,-0.05659438096913162,0.3692759574962652,-0.19221240907558348,-0.7526024748591604,-0.08809358890993081,-0.4006142158882631,0.6166934566898259,0.3882030559054188,0.34385470984532535,0.8197663874988864,-0.05536400168326403,-0.22571491203763183,-0.08908963143259953,0.03756170403848324,-0.7761248125639842,0.13894167641338057,0.4913220349148334,-0.034676002437523994,0.3077476221789791,-0.34740795595395657,-0.38834470121756837,-0.39067763987317605,-0.011979911873316542,0.18553332358303304,-0.20997464603327853,-0.0026434570433084828,0.0947487384899228,-0.19028394002368018,-0.24376626603008164,-0.16193728065449997
0.6196397813635031,0.5679873092089277,-0.3807178455165781,0.10914256317140357,1.3870431698941732,0.46431043464964916,-0.09051390782822909,0.11589645857485782,0.5095605134123318,-0.43349513788692673,0.47229823753529626,0.036716203196351944,-1.0509537251837229,-0.6037648491226438,-0.14925788009123916,1.0784597104377447,0.46470209403062807,0.6323159379324579,0.819420301935782,0.7617118159016506,0.266593654981392,-0.3559480046967506,0.6870422217180943,-0.40799164692204104,0.1500710842162003,0.11542704042058165,0.6621890737074801,0.024267433453586486,0.4602716912071068,-0.4093404520731411,0.27002192600792224,-0.9776526191267185,0.8932721834103096,-0.518255373801374,0.23486191120461966,0.5961779197043351,0.8513841129409215,0.6814405242822309,0.11704176437889167,-0.3754288971396708,-0.5299312525814656,-0.41703708748059887,-0.6305938606307612,0.10049125464448541,0.7006223557592826,0.6808278521760627,0.516823993248924,-0.4617536865186658,-0.1294632928754102,-0.22655471138232244,1.1636415333781038,-0.05214259042410513,-0.29113693199563356,1.0661105084196418,0.4411395133491539,0.0858074828851892
0.1320080204840662,-0.2616147995519153,-0.30497083921131,0.15274990989484893,0.46431043464964916,0.9831229939287763,-0.07998129940333375,-0.13465047334287558,-0.06143856483962706,-0.10282281913313761,0.8991462030954502,0.37821778529163086,-0.16779756565807785,-0.5350255270265075,-0.18037960858794364,1.017208264109391,0.08907770817068834,0.676542431342199,0.46014230121195465,0.09705908769404431,0.38042523760415153,-0.03242120171179599,0.9288117804458618,0.22945723096960363,0.4241074475638559,-0.04066579334444113,0.3488519873596412,-0.21326992296037744,0.3474391718966795,-0.2652069708886524,0.09620596398215524,-0.8473793700437907,1.433014116024726,0.3999292223109287,-0.13112046571574767,0.9991712506331146,-0.19994091767654537,0.039351677650763986,-0.3977529031440809,-0.1374830001207128,0.009982140991521515,-0.5746415010309113,-0.606640681866595,-0.5475950361336777,0.9639875059349647,0.42418085704661285,0.5174147260666149,-0.2796316659779289,-0.7398591671309983,0.2851422263444994,0.5967625635439309,0.2809144757451697,-0.8222281520880786,0.5103323998905392,0.020371814197062806,-0.21295587429089882
-0.2168282128587159,-0.6647065095674978,0.6848185399010248,0.3425730132522801,-0.09051390782822909,-0.07998129940333375,0.3865606715810487,-0.41458917665133693,0.027108369698385124,-0.31107409506462214,-0.4308188886152699,0.08594048872361525,-0.14982635310015247,0.08033372650646617,0.2666892495419736,0.019962254261767433,0.2338259363234016,-0.5334575926503217,-0.4066249009961412,-0.36337208631424905,-0.2688114735384678,-0.05810790554002268,-0.5059799069447407,0.34455372958180985,-0.24539489624167699,0.31471839490081643,-0.22243733954164238,0.0738031492546671,-0.07395596401251499,-0.40101671069133227,-0.012667946457065196,-0.20168205366354972,0.1414499548556208,0.18212556301153085,0.05033937391693633,0.6029429308161091,-0.06844254143071192,-0.30657215055705955,0.2302017870742435,0.3270202307654945,-0.5337611482308939,0.22402744167743424,0.3846043073675361,0.11961371963668609,-0.3664785360139666,-0.1882526861670151,-0.32810507198495353,-0.17406074954602255,0.17626309110555988,0.1903841362288305,-0.4677636863128113,-0.2457319946681562,-0.1098936491463868,-0.25864493122357285,-0.2793325347021621,0.06695522584393913
0.122404814932051,0.7826293163756,-0.7065164583984309,-0.2612664572097745,0.11589645857485782,-0.13465047334287558,-0.41458917665133693,0.6973215491538236,-0.02116794501012469,0.03270708254342073,0.09187841689464467,0.24395263367625036,-0.05025028937535165,0.374614843905325,-0.5304012679029331,-0.13174871056972542,-0.02961372436157252,0.28835114006766177,0.5472802748262486,0.3048428993514311,0.29870526623379895,0.10841283027163016,-0.07973161011019422,-0.88195655760637,0.20509062033344588,-0.17654417609304995,0.2810996202634278,0.4341128991326868,-0.23137395831399266,0.11168652271816708,-0.20309154718430755,0.3947650198689439,-0.33073542786160676,-0.18859146923165596,0.3743919471998903,-0.7596182091216565,0.1425636545290448,0.40689018243691844,-0.35632171313324096,-0.7039046924537726,0.18894613860237905,-0.12156746169416666,0.14499170851487972,0.0481287597228124,0.6879234182880538,-0.36377442820330447,0.07344948433175591,0.1490298243518599,-0.022808194619070254,-0.39554882684460246,0.49946033174315013,0.39379835144355163,0.705596645439425,0.12167221351553693,0.28115436766574453,-0.25528831426910825
0.219429661784123,0.32627011340695283,0.018535560764262184,-0.00497740576236988,0.5095605134123318,-0.06143856483962706,0.027108369698385124,-0.02116794501012469,0.28561147598046954,-0.11628049589545565,-0.03793365993206552,-0.17106124559320007,-0.42075173741263683,-0.2826302780112514,0.10116038600832376,0.19601241988155024,0.1478201251443853,0.09274210499572341,0.19621296772900804,0.28263873034757775,-0.012430157403012704,-0.288625014518915,0.11736069691189845,-0.09420593441983303,-0.17063672526775797,0.01694748243531084,0.17852129450523374,-0.054568218251905665,0.21277298414111778,-0.04360713876017739,0.119032998370636,-0.26140117897144255,-0.028935100180814754,-0.4199036552806779,0.01773417073525342,0.11692460779519302,0.42767886722118775,0.2682274279814533,0.31958086583533085,-0.03258553441314259,-0.2349317539661095,-0.07057038956769633,-0.16874058742421727,0.26061477569273495,-0.17062972199041895,0.25298819239070924,0.18066562607104736,-0.06522103742852865,0.17694568871879307,-0.1613635312145292,0.3079130565765065,-0.21340867289297497,-0.12177078458884125,0.38884163208325323,0.15551216328821202,0.18247411843879313
0.18141604146353357,0.5194085490852555,-0.4738468655920516,-0.5775149728785914,-0.43349513788692673,-0.10282281913313761,-0.31107409506462214,0.03270708254342073,-0.11628049589545565,0.8954821577724617,0.4920445869801213,-0.7668746007093105,0.759667210876499,-0.4394590405385057,0.23671484350284872,-0.5125833137692379,-0.7001320264473708,0.5191830455391582,-0.15335595748946868,0.26660686284147433,0.02157581507417613,0.0569701271150818,0.895295649041247,0.45508421504898133,0.09534127833721091,-0.5588729734882182,-0.1428438413756809,-0.7775828638575552,0.3088174924858343,1.0731728390757223,0.24334465819948273,0.48243318665249363,-0.6639903171575082,-0.25165122015105407,-0.7073782530646634,-0.9370699130975124,-0.14048280965756024,0.009338436688187046,0.10828358069292564,0.3707694899332519,1.2004855355693955,-0.06939334023227495,-0.8255259670465623,-0.1634029079679897,-0.6789890763562586,0.7169163504879534,0.4194530711982033,0.45001365654730735,-0.0770337940554627,0.03791940450036269,-0.05647847309034614,-0.08309330582033081,-0.404842769309526,0.04603988859055443,0.18642798570324323,0.29499058843674825
0.5949673983932373,0.3726406805262407,-0.9850570109363805,-0.31710043193349996,0.47229823753529626,0.8991462030954502,-0.4308188886152699,0.09187841689464467,-0.03793365993206552,0.4920445869801213,1.390960504549998,-0.312856765778087,0.17033650193285033,-0.8034122341068288,-0.14397692484256436,0.8094455301917866,-0.3273674770347123,1.2731847703542378,0.5426096446233916,0.6974139990986722,0.42935192361579544,0.21831185577908,1.7873070606922332,0.2827880990174064,0.766967082875148,-0.3747746705162715,0.40866876650279027,-0.7265780792356252,0.5773993872100595,0.49023373676598453,0.4341076969318267,-0.5608606079814583,1.020522218640647,0.07902789215994895,-0.4814330904528106,-0.045339632153859014,0.07449143281604122,0.31106794550475897,-0.47498843803941776,0.02694034372211521,0.9241138911993882,-0.55690015525784,-1.4908906966035094,-0.7332438414308298,0.780018360415561,1.2913086568727092,0.7931437074910979,-0.18428235555252573,-0.787002370432688,0.2132379656566172,0.9296860363691879,0.30770213041183575,-0.7807330284959574,0.7517844830301943,0.42910453350356503,0.012540261565559234
-0.7332333433729571,-0.3016662128683733,0.3012436390545812,0.449852522120835,0.036716203196351944,0.37821778529163086,0.08594048872361525,0.24395263367625036,-0.17106124559320007,-0.7668746007093105,-0.312856765778087,1.4948138678892782,-0.40584268788947675,0.5098660396774647,-0.60136100105985,0.4123729599922509,0.4893002132870996,-0.3983016927357343,0.5347613438573664,-0.7937464263106832,0.4033923534617553,-0.43756180997249616,-1.0579871450025362,-0.7311234080159488,-0.3153667485906793,0.16836347982655642,0.24151735917647993,1.054581416792988,-0.42819050329477226,-0.9889282049691965,-0.7966497722313921,-0.2438647026000967,0.7165464311969854,0.4994627960720357,0.6980797699190542,1.3125742881555822,-0.6265353245747298,-0.12329325317714118,-0.3115706781444583,-0.9902731679637125,-1.0702961883541677,-0.4704701999029097,1.3709792245207177,0.15075987949795985,1.1462406476175429,-1.7291564887550417,-0.03947150416290278,0.13693361535717224,-0.27353203564071843,-0.14958596729831108,0.033925731330914984,0.4422416937820427,0.08939383863304622,-0.15256564453823138,-0.473261207836428,-0.6908699807062587
-0.21881958063022544,-0.14525158513662853,-0.1413140845992443,-0.3642674383878461,-1.0509537251837229,-0.16779756565807785,-0.14982635310015247,-0.05025028937535165,-0.42075173741263683,0.759667210876499,0.17033650193285033,-0.40584268788947675,1.0817368157144003,0.0989971964783415,0.16302676746044079,-0.7774413015469256,-0.6683559532639295,0.035702635191309846,-0.5366523608771938,-0.26688343981646506,-0.09620802813197682,0.3675657426303197,0.26479440961828227,0.5331388179953424,0.1362108475213297,-0.36244225845913136,-0.44100951272488,-0.4811622282322759,-0.08902341528856164,0.8062965757622804,0.017196324870426008,0.7550512782965314,-0.6470403522907604,0.3082576565454546,-0.5387629055782539,-0.8221029866502322,-0.6300064988068266,-0.4147657231917038,-0.1730388490215703,0.43395033087265045,1.05434511303857,0.16975140356237278,-0.22329313768268033,-0.3224905647879228,-0.5673909007154494,0.11442646699713134,-0.055327733114658544,0.4295466617935121,-0.11746547356586558,0.2367070509532774,-0.6425262855513065,0.08197520614539397,-0.09247042702854967,-0.584356962375487,-0.13553691933821707,0.054601846181611326
-0.2951076316060997,-0.4679048047028273,0.14575175286025838,0.2596951146509219,-0.6037648491226438,-0.5350255270265075,0.08033372650646617,0.374614843905325,-0.2826302780112514,-0.4394590405385057,-0.8034122341068288,0.5098660396774647,0.0989971964783415,1.3090081622727765,-0.4157882127386483,-0.5485412720364538,0.2813756239402674,-0.7987871873351503,-0.32651287528535466,-0.3571651222654718,-0.20338114844846011,0.7155477332260974,-1.35306810491701,-0.69016341439922,0.21898101244553414,0.4703119053483283,-0.2783423583484281,0.9274593878200164,-0.8816641379778943,-0.5504854986534329,-0.33081673185753535,0.6918004498259888,-0.4364308169053285,0.5105676878004524,0.7873001811143465,-0.6466831099772764,-0.14776079965768654,-0.2232711716814318,-0.5606579767056752,-0.29240733565977467,-0.4249396362736762,0.6431371939880702,1.0976803696008326,-0.017629057504469973,0.49757727561905174,-0.9996621764805406,-1.0309645146887412,-0.22955717826656077,0.27238077395506594,-0.07506768103184072,-0.5296689370265293,0.3707587357412898,1.5034685045030802,-0.8887557316544556,-0.14403210394948668,-0.41385648221222393
0.018003822993762818,-0.2919361599622549,0.49710331799873,-0.0076751846519426915,-0.14925788009123916,-0.18037960858794364,0.2666892495419736,-0.5304012679029331,0.10116038600832376,0.23671484350284872,-0.14397692484256436,-0.60136100105985,0.16302676746044079,-0.4157882127386483,0.5850884928292005,-0.2212626147867153,-0.1615016212490476,-0.19415745457997236,-0.5326868996870381,-0.07148740467666406,-0.3343370648882977,-0.15467659155713637,0.17577434320599544,0.769696097837862,-0.28769793425014906,-0.011243225707358194,-0.2905161209353143,-0.5690361109779342,0.27966523500524493,0.29388298768120397,0.2711508491272137,-0.06442386202206882,-0.28848990829063514,-0.1743080019956913,-0.4862084323494622,0.11347830065679067,0.05535294092852905,-0.2353355780379536,0.5285032461030045,0.714801623991712,0.14008424326701907,0.19581826633861762,-0.307680654642468,0.1287772946959145,-1.0591813744305059,0.5305849793201612,0.00871891805006445,0.051785603098249255,0.23531988847595292,0.2081848049344679,-0.4472106085240849,-0.48964842172617384,-0.5377203803657635,-0.062016376044293955,-0.10991311980724133,0.41985566174077515
0.40849819633132417,-0.2438755609790465,-0.2654009468402887,0.36038944157537595,1.0784597104377447,1.017208264109391,0.019962254261767433,-0.13174871056972542,0.19601241988155024,-0.5125833137692379,0.8094455301917866,0.4123729599922509,-0.7774413015469256,-0.5485412720364538,-0.2212626147867153,1.4447856136065187,0.4745390234117662,0.6638560771219171,0.6510135877557104,0.39685921494872495,0.33834732282418445,-0.03656455481949549,0.8634664447570027,-0.014327310663554003,0.4952917128086099,0.24940140488332382,0.5554221386669443,-0.017483214035751257,0.3897609051549194,-0.6948434384125893,0.23487535204853952,-1.2641591028134165,1.778148103472509,0.22773278360849164,0.1742647980310614,1.2394461348146464,0.3095023689932614,0.28776004329052307,-0.3483346876989259,-0.22554688086202074,-0.5095172283676551,-0.5091225186009477,-0.65893515231669,-0.44146071066468656,1.2379301161900695,0.6420191824823205,0.4217414841694879,-0.6779458191040898,-0.6281715346468378,0.2003823085911845,0.9579837951010155,0.20779937375140412,-0.6165143161641496,0.8143445199696475,0.1885712356751723,-0.17468607947870649
-0.01586272198211953,-0.357191427482742,0.31061986762612254,0.4413606914656787,0.46470209403062807,0.08907770817068834,0.2338259363234016,-0.02961372436157252,0.1478201251443853,-0.7001320264473708,-0.3273674770347123,0.4893002132870996,-0.6683559532639295,0.2813756239402674,-0.1615016212490476,0.4745390234117662,0.5691324738833674,-0.3299216284184398,0.14201349692261392,-0.06768204017089295,-0.034423032134699036,-0.0033757202660080086,-0.5724016454722975,-0.3488829507605349,-0.008142220331420773,0.46135550890155247,0.14958719951721294,0.5469032380382959,-0.18574692887211222,-0.8255718405799027,-0.09469796534206854,-0.4485672394825822,0.5608210341403453,0.1300606747912921,0.5455116977385877,0.6676362342728986,0.2515042781583827,0.06303180428378671,-0.07546659901990935,-0.24251556808032665,-0.9185514373128209,0.07908824114367602,0.48546769534719697,0.11011418636709955,0.5345699699485695,-0.3547124363028228,-0.3135025692046895,-0.4382139783955838,0.07188005240434207,-0.03176197680072163,0.1464528941243188,0.0363737717047191,0.32966006699113204,0.0577365245737626,-0.061876611839718376,-0.17681780388493962
0.6778141083951942,0.827237985711524,-1.1211898640765736,-0.4522479399822665,0.6323159379324579,0.676542431342199,-0.5334575926503217,0.28835114006766177,0.09274210499572341,0.5191830455391582,1.2731847703542378,-0.3983016927357343,0.035702635191309846,-0.7987871873351503,-0.19415745457997236,0.6638560771219171,-0.3299216284184398,1.3086483108598261,0.716925998110509,0.8699012511035709,0.46176518984745407,0.055311537572890604,1.7037919502306094,-0.006927897307671082,0.625312251860764,-0.4678662104071706,0.5078373232035379,-0.6411649316882341,0.5877844934010233,0.6110251434266911,0.39897015718977763,-0.4122921512402403,0.6354964443301587,-0.2601132501471415,-0.40764753590091285,-0.35107899603767423,0.29774996849212837,0.5332558664104428,-0.31730273401616216,-0.16011956428566762,0.9178062489383086,-0.5745823633266153,-1.4384168889654223,-0.48910524517460785,0.6673565024644686,1.2191734915120114,0.8772517682124753,-0.05331326000302531,-0.5971952360104936,-0.024561549442952742,1.0973659043154609,0.25517489717838315,-0.5965992018892559,0.8941943710684463,0.5577736588244234,0.07538994935300929
0.1650772898454879,0.963177297928891,-0.7110257524687075,-0.16156123410946457,0.819420301935782,0.46014230121195465,-0.4066249009961412,0.5472802748262486,0.19621296772900804,-0.15335595748946868,0.5426096446233916,0.5347613438573664,-0.5366523608771938,-0.32651287528535466,-0.5326868996870381,0.6510135877557104,0.14201349692261392,0.716925998110509,1.0911968020114242,0.3735816894641748,0.605855843992901,-0.5193607617189169,0.4536186087653024,-0.8061261623977506,0.01988575922695191,-0.30173348488049406,0.6750530637983169,0.30257712099842204,0.22171143581502528,-0.10969059938673212,-0.22700098584125306,-0.39135404036552346,0.49828660960921184,-0.3632934360142961,0.25113963830409913,0.33640496271471765,0.19504882711093455,0.6168440765701605,-0.13767369010501262,-0.9500110623759992,-0.1527547593427695,-0.7431033338492853,-0.12254805609872373,0.10718490027617902,1.0189572613160534,-0.24687848930688144,0.7330869469897389,0.15786692667997024,-0.32760464997547095,-0.4168886606529776,1.0684333720446644,0.32563134161980567,-0.21109956624566234,0.8130327292191902,0.27135363814085295,-0.2587571228396777
0.9768431831506516,0.735250912168998,-0.9368702271180473,-0.3279832092927996,0.7617118159016506,0.09705908769404431,-0.36337208631424905,0.3048428993514311,0.28263873034757775,0.26660686284147433,0.6974139990986722,-0.7937464263106832,-0.26688343981646506,-0.3571651222654718,-0.07148740467666406,0.39685921494872495,-0.06768204017089295,0.8699012511035709,0.3735816894641748,1.1705475239388008,0.06348389598092209,0.4564291176177186,1.1870403089262054,-0.20299988625733476,0.7100279552627171,-0.05539681084590366,0.3584283905772298,-0.44258514838130975,0.3465501847158048,0.4086244318947187,0.6400863831671123,-0.2225101709779943,0.1428088153372679,-0.4695777343825847,-0.07311170354888301,-1.0093765151190068,0.9207749246287993,0.6340688933687638,-0.21946442407347705,0.10055459364150347,0.6155623903468226,0.06879640889999133,-1.3280190816695097,-0.28845302828375935,0.3422101229151728,1.4868030972859245,0.2443945297025031,-0.4606123249644211,-0.07938488751870439,-0.11469272015750676,0.9451247100777742,0.054582719779268506,0.285553286947526,0.6918832891136778,0.7526339381937753,0.267968986376686
-0.03400911404663524,0.46733978539856086,-0.43371471734297085,-0.12579548763245776,0.266593654981392,0.38042523760415153,-0.2688114735384678,0.29870526623379895,-0.012430157403012704,0.02157581507417613,0.42935192361579544,0.4033923534617553,-0.09620802813197682,-0.20338114844846011,-0.3343370648882977,0.33834732282418445,-0.034423032134699036,0.46176518984745407,0.605855843992901,0.06348389598092209,0.4150303201138138,-0.2941794587232704,0.3346335014079519,-0.36029160187919335,0.032017768447569615,-0.26932959855673455,0.34413952988616464,0.12125827562268698,0.11985412239114157,0.020079267530837334,-0.20449140879074448,-0.16681492951496527,0.3574069496121515,-0.049061130167438086,0.04427290697961805,0.27066674290058357,-0.14646781161908085,0.23962514016288192,-0.17199048999338773,-0.5537912765019145,0.06771846224007921,-0.5212459830103723,-0.053981687702831745,-0.05101136586600502,0.6422318927713492,-0.25173987520667146,0.4918379294382126,0.20536180589090572,-0.33119423545645316,-0.16525897792634905,0.5214346327831175,0.27088641375094863,-0.27831370403707933,0.37719325160749373,0.06479649439674122,-0.22222629156013468
0.5250686320151862,-0.6746549587333768,-0.4548909136624241,0.0812587082302925,-0.3559480046967506,-0.03242120171179599,-0.05810790554002268,0.10841283027163016,-0.288625014518915,0.0569701271150818,0.21831185577908,-0.43756180997249616,0.3675657426303197,0.7155477332260974,-0.15467659155713637,-0.03656455481949549,-0.0033757202660080086,0.055311537572890604,-0.5193607617189169,0.4564291176177186,-0.2941794587232704,1.4716757869405976,0.2646573738084748,0.0670537097180919,1.152919017002864,0.46622132905174163,-0.2565605151278523,-0.04561683556467501,-0.40485014850643675,-0.05621674760059729,0.5021361144202385,0.255792947595403,0.28512507503288304,0.6673479688392068,0.237284932107896,-1.1665080398479701,0.2427278156319164,-0.1454178797412299,-0.9334960679397246,0.4970807932307238,0.5313546042200425,0.7752992738934827,-0.6027119141415833,-0.826521938779181,0.6049402911055604,0.928648732590806,-0.8540028822726723,-0.8242665569719632,-0.16991967533422253,0.3915140481820208,-0.10651141550755523,0.37822001593404553,1.1173557625414612,-0.5214390279981542,0.3260713738228589,-0.09644983524036235
1.035722228357694,0.6274004678881687,-1.2124996277829239,-0.5598111389762825,0.6870422217180943,0.9288117804458618,-0.5059799069447407,-0.07973161011019422,0.11736069691189845,0.895295649041247,1.7873070606922332,-1.0579871450025362,0.26479440961828227,-1.35306810491701,0.17577434320599544,0.8634664447570027,-0.5724016454722975,1.7037919502306094,0.4536186087653024,1.1870403089262054,0.3346335014079519,0.2646573738084748,2.640822085400338,0.7249054550183475,0.9179001296279787,-0.5412798608800671,0.421825348457344,-1.3922118729203734,0.9892199135725412,1.0062715398827837,0.8811186490682515,-0.6939225905263376,0.9321218445797939,-0.24782863026349405,-0.9399255872277862,-0.42914711037874387,0.42483082237980374,0.4606284681807686,-0.2592828387198932,0.4893542420675887,1.4710330003548484,-0.5345626917184256,-2.4086781012240173,-0.8366542577778856,0.2920005413220645,2.3388412300685624,1.0782613219013257,-0.24924429772189596,-0.7799008253772319,0.29784120445618284,1.1383150537317843,0.06295817045356314,-1.1729516419082366,1.0930830122945043,0.7062912609001297,0.39003207686562064
4.0079119208059183e-4,-0.8451284701048686,0.5621529434866996,0.04369545759835917,-0.40799164692204104,0.22945723096960363,0.34455372958180985,-0.88195655760637,-0.09420593441983303,0.45508421504898133,0.2827880990174064,-0.7311234080159488,0.5331388179953424,-0.69016341439922,0.769696097837862,-0.014327310663554003,-0.3488829507605349,-0.006927897307671082,-0.8061261623977506,-0.20299988625733476,-0.36029160187919335,0.0670537097180919,0.7249054550183475,1.426869617882554,-0.02638516268491232,-0.036822990636826904,-0.44061955222168364,-1.0146074013713582,0.4503995980437743,0.41599800620822575,0.4537423100883994,-0.293444714586862,0.2554494135242457,0.24952413552981725,-0.8635322465238049,0.439767552059851,-0.2858612990755143,-0.5476570623252537,0.3507300449036364,1.151702955513629,0.4947965691685287,0.14129778319047032,-0.7668532046130334,-0.3218570672740727,-1.073954612120028,0.9974839539033497,0.09186718356179535,-0.06028379337944133,-0.1279311412955939,0.6159906372296978,-0.6378743281218463,-0.4657159426549557,-1.0969462764836995,-0.15506284875073334,-0.23139651434178787,0.44495421144275127
0.6942928765456666,-0.26870100681607584,-0.8210803678107477,-0.016485159902899987,0.1500710842162003,0.4241074475638559,-0.24539489624167699,0.20509062033344588,-0.17063672526775797,0.09534127833721091,0.766967082875148,-0.3153667485906793,0.1362108475213297,0.21898101244553414,-0.28769793425014906,0.4952917128086099,-0.008142220331420773,0.625312251860764,0.01988575922695191,0.7100279552627171,0.032017768447569615,1.152919017002864,0.9179001296279787,-0.02638516268491232,1.2160205545252203,0.24729726668665394,0.10689935402325895,-0.19331487831856836,-0.06954051206718508,-0.004672450763620935,0.5284233688572272,-0.178626082792828,0.8122914332562858,0.49903569813078674,0.1261449287056245,-0.7694449904840296,0.32195083383584283,0.13673652077811857,-0.9480832381397454,0.20902132897959289,0.6027643858441728,0.2779913240247827,-1.030349119816379,-0.9007796296006018,1.0392367997683023,1.1750125974811534,-0.27904131859171016,-0.779861475977818,-0.4838796238559924,0.3143943083492343,0.5077488677635997,0.47027563674748796,0.5833221952846122,0.05558696932939622,0.47500088321621686,-0.13182739089351275
0.06717835848160152,-0.7492468079807534,0.3796048933278778,0.4568543619637425,0.11542704042058165,-0.04066579334444113,0.31471839490081643,-0.17654417609304995,0.01694748243531084,-0.5588729734882182,-0.3747746705162715,0.16836347982655642,-0.36244225845913136,0.4703119053483283,-0.011243225707358194,0.24940140488332382,0.46135550890155247,-0.4678662104071706,-0.30173348488049406,-0.05539681084590366,-0.26932959855673455,0.46622132905174163,-0.5412798608800671,-0.036822990636826904,0.24729726668665394,0.5969498023728521,-0.11348120325673172,0.36213031081603725,-0.29634632803536926,-0.7083464089491772,0.10806498635665836,-0.25605099722942354,0.4455230683100491,0.3648497321754602,0.44592907836965057,0.2602913807144498,0.22750463695848605,-0.15245342640107673,-0.22665197509519214,0.1855229324858822,-0.6465349622559537,0.4457621969278619,0.2971966094412937,-0.12536542279320917,0.3089111579245125,5.33143261866771e-4,-0.6603179210315432,-0.6251601464433049,0.10950725415581582,0.1890348620741702,-0.18909386255948438,0.013397017957244238,0.5639331635819457,-0.27791911159787963,-0.05679427228729108,-0.09323747305210721
0.23381832055557258,0.5412992094917712,-0.4538643595314587,-0.05659438096913162,0.6621890737074801,0.3488519873596412,-0.22243733954164238,0.2810996202634278,0.17852129450523374,-0.1428438413756809,0.40866876650279027,0.24151735917647993,-0.44100951272488,-0.2783423583484281,-0.2905161209353143,0.5554221386669443,0.14958719951721294,0.5078373232035379,0.6750530637983169,0.3584283905772298,0.34413952988616464,-0.2565605151278523,0.421825348457344,-0.44061955222168364,0.10689935402325895,-0.11348120325673172,0.45331882544079216,0.12034297440081602,0.20208637755605932,-0.1251598089734207,-0.022816550088302787,-0.3969669050069986,0.4734749062016686,-0.23704505544502377,0.1550252001019139,0.25353212852425183,0.2621866065617541,0.42451875281884405,-0.09408399641632188,-0.501593001746389,-0.1313757832243344,-0.4287626438979551,-0.25273997318663294,0.01036148857116477,0.6733304137070096,0.09200896197155313,0.4459583828161975,-0.054735804674131895,-0.22048961379470233,-0.21345824742497138,0.7584443672674339,0.16874478160933645,-0.15600692197912686,0.5997828072805937,0.23517178094466895,-0.11150171271490411
-0.44072093843390064,-0.09940225256511641,0.21543740810598017,0.3692759574962652,0.024267433453586486,-0.21326992296037744,0.0738031492546671,0.4341128991326868,-0.054568218251905665,-0.7775828638575552,-0.7265780792356252,1.054581416792988,-0.4811622282322759,0.9274593878200164,-0.5690361109779342,-0.017483214035751257,0.5469032380382959,-0.6411649316882341,0.30257712099842204,-0.44258514838130975,0.12125827562268698,-0.04561683556467501,-1.3922118729203734,-1.0146074013713582,-0.19331487831856836,0.36213031081603725,0.12034297440081602,1.1810255983247855,-0.6555265785109979,-0.8988401941346298,-0.606348858943532,0.1698696268535684,0.010679073094366252,0.2327119082480871,0.9286951582557041,0.3323100330816687,-0.11630029465959572,0.037407439406647994,-0.28571920065760964,-0.8496092147046518,-1.025071119143708,0.06453058509426514,1.379015428722183,0.313690141018831,0.8489606191205089,-1.4872237202768273,-0.5100018208833647,-0.058016953671088244,0.17253618157883702,-0.3152449966417948,-0.0456174768290433,0.3447703598117817,0.9646726848345164,-0.33999901032886076,-0.21958335620273728,-0.5280754286098336
0.2925706897543573,0.3489379228691069,-0.16671220043008453,-0.19221240907558348,0.4602716912071068,0.3474391718966795,-0.07395596401251499,-0.23137395831399266,0.21277298414111778,0.3088174924858343,0.5773993872100595,-0.42819050329477226,-0.08902341528856164,-0.8816641379778943,0.27966523500524493,0.3897609051549194,-0.18574692887211222,0.5877844934010233,0.22171143581502528,0.3465501847158048,0.11985412239114157,-0.40485014850643675,0.9892199135725412,0.4503995980437743,-0.06954051206718508,-0.29634632803536926,0.20208637755605932,-0.6555265785109979,0.6052839882367489,0.39336453524052306,0.2911099768789989,-0.47326076801299777,0.2946203630138848,-0.37241500544762257,-0.5225498383885431,0.31766947789214856,0.19442482961018911,0.19617205649413091,0.34875794059057247,0.2287097940557199,0.33205814660121324,-0.3892152655107589,-0.8489001016006429,-0.01954825033301255,-0.3141840426590412,0.8162006828396835,0.6735070876485577,0.08859966203878471,-0.1742974990833206,0.04930272243158294,0.4168374963177921,-0.24803425895428646,-0.9433473516678189,0.6323834207677161,0.16519856752530765,0.30584037544100146
0.2622344575906168,0.8594680383705865,-0.5901075635399342,-0.7526024748591604,-0.4093404520731411,-0.2652069708886524,-0.40101671069133227,0.11168652271816708,-0.04360713876017739,1.0731728390757223,0.49023373676598453,-0.9889282049691965,0.8062965757622804,-0.5504854986534329,0.29388298768120397,-0.6948434384125893,-0.8255718405799027,0.6110251434266911,-0.10969059938673212,0.4086244318947187,0.020079267530837334,-0.05621674760059729,1.0062715398827837,0.41599800620822575,-0.004672450763620935,-0.7083464089491772,-0.1251598089734207,-0.8988401941346298,0.39336453524052306,1.3415198476893675,0.2824211726531439,0.6368537948846622,-1.0228171223131406,-0.517438159545082,-0.8177043445806123,-1.2515975927556775,-0.020870254709085205,0.1291648058295566,0.2706950371478991,0.3725450885260206,1.3959042337987617,-0.0821286991115722,-0.9531192663601225,-0.026812437508019104,-0.9441555409785075,0.8316273359774313,0.5465742270002897,0.6081169309732647,0.04408265719933767,-0.08527459958593334,0.005503037929930577,-0.1713847435028938,-0.4126480232884893,0.14342102800921702,0.28519780790813193,0.4163597649963775
0.6352528586181624,-0.09247907809022463,-0.2728613648953344,-0.08809358890993081,0.27002192600792224,0.09620596398215524,-0.012667946457065196,-0.20309154718430755,0.119032998370636,0.24334465819948273,0.4341076969318267,-0.7966497722313921,0.017196324870426008,-0.33081673185753535,0.2711508491272137,0.23487535204853952,-0.09469796534206854,0.39897015718977763,-0.22700098584125306,0.6400863831671123,-0.20449140879074448,0.5021361144202385,0.8811186490682515,0.4537423100883994,0.5284233688572272,0.10806498635665836,-0.022816550088302787,-0.606348858943532,0.2911099768789989,0.2824211726531439,0.6275004263951826,-0.2512615509402459,0.23515533349899304,-0.07959814313827539,-0.2873295577488093,-0.5028063807656615,0.5125527187194805,0.11415366323745045,-0.07903049324967697,0.6164088774864087,0.4799793767257462,0.272395571843416,-1.0727227489424005,-0.3639252007690158,-0.17846755712994003,1.356732165429693,-0.03303273718799619,-0.47576439567206324,-0.05466187600114755,0.237547896216226,0.2337343341771595,-0.14467869383582638,-0.04940739844641983,0.23776878003901156,0.36966444373364354,0.3309347151986908
-0.28570674974485655,0.38731876515387265,-0.1242853820950035,-0.4006142158882631,-0.9776526191267185,-0.8473793700437907,-0.20168205366354972,0.3947650198689439,-0.26140117897144255,0.48243318665249363,-0.5608606079814583,-0.2438647026000967,0.7550512782965314,0.6918004498259888,-0.06442386202206882,-1.2641591028134165,-0.4485672394825822,-0.4122921512402403,-0.39135404036552346,-0.2225101709779943,-0.16681492951496527,0.255792947595403,-0.6939225905263376,-0.293444714586862,-0.178626082792828,-0.25605099722942354,-0.3969669050069986,0.1698696268535684,-0.47326076801299777,0.6368537948846622,-0.2512615509402459,1.2574199310809915,-1.530525998655566,-0.10689363815631378,-7.05462880121637e-4,-1.4278337482892323,-0.28450659954591756,-0.14511441863985672,-0.012314519446989362,-0.04301667650422608,0.6173933092776088,0.4268365774276579,0.5490387176101492,0.23506141352805596,-0.6409675767327717,-0.6234728375644263,-0.3988105835741972,0.5662126223848059,0.42717087177831364,-0.24364503855305714,-0.6478595314136588,0.07119672172851803,0.8659121335906264,-0.7315939330252954,-0.04717121858162904,-0.006715811211362937
0.2834737958171814,-0.9497850754919094,-0.14615594422246075,0.6166934566898259,0.8932721834103096,1.433014116024726,0.1414499548556208,-0.33073542786160676,-0.028935100180814754,-0.6639903171575082,1.020522218640647,0.7165464311969854,-0.6470403522907604,-0.4364308169053285,-0.28848990829063514,1.778148103472509,0.5608210341403453,0.6354964443301587,0.49828660960921184,0.1428088153372679,0.3574069496121515,0.28512507503288304,0.9321218445797939,0.2554494135242457,0.8122914332562858,0.4455230683100491,0.4734749062016686,0.010679073094366252,0.2946203630138848,-1.0228171223131406,0.23515533349899304,-1.530525998655566,2.526922750313232,0.8355834721762571,0.2091819992097536,1.7475836382414005,-0.03692108404647569,-0.01150475512669822,-0.7453734846311187,-0.09605318425905596,-0.5930876111164098,-0.5114568025875222,-0.6570313590574312,-0.8742220465643495,1.7187739597268803,0.6368401359490231,0.2524145910477485,-0.9531581184863076,-0.9908017427334225,0.543159490100853,0.8073899545134736,0.4132858091428478,-0.7571838609367229,0.6032144896954718,0.00928659367077465,-0.38606769304904176
-0.26946678158402604,-1.1147679218115567,0.20363539270757852,0.3882030559054188,-0.518255373801374,0.3999292223109287,0.18212556301153085,-0.18859146923165596,-0.4199036552806779,-0.25165122015105407,0.07902789215994895,0.4994627960720357,0.3082576565454546,0.5105676878004524,-0.1743080019956913,0.22773278360849164,0.1300606747912921,-0.2601132501471415,-0.3632934360142961,-0.4695777343825847,-0.049061130167438086,0.6673479688392068,-0.24782863026349405,0.24952413552981725,0.49903569813078674,0.3648497321754602,-0.23704505544502377,0.2327119082480871,-0.37241500544762257,-0.517438159545082,-0.07959814313827539,-0.10689363815631378,0.8355834721762571,0.9934521615733278,0.2012938079753276,0.4423534499374717,-0.5677406400585058,-0.5140192137706113,-0.6975179500042528,0.15779558762678678,-0.13041375588649368,0.19617931938770275,0.2733551371541053,-0.6223435823631569,0.7115468571897282,-0.25319813178127265,-0.5205817277298707,-0.4002175012707142,-0.4238344251075882,0.4754672567490736,-0.42222024442976097,0.37580651379637703,0.19886351797539165,-0.5876497259694264,-0.29882429605208083,-0.38481303582598114
-0.08274050714112381,-0.12727869881556486,0.025380721127423962,0.34385470984532535,0.23486191120461966,-0.13112046571574767,0.05033937391693633,0.3743919471998903,0.01773417073525342,-0.7073782530646634,-0.4814330904528106,0.6980797699190542,-0.5387629055782539,0.7873001811143465,-0.4862084323494622,0.1742647980310614,0.5455116977385877,-0.40764753590091285,0.25113963830409913,-0.07311170354888301,0.04427290697961805,0.237284932107896,-0.9399255872277862,-0.8635322465238049,0.1261449287056245,0.44592907836965057,0.1550252001019139,0.9286951582557041,-0.5225498383885431,-0.8177043445806123,-0.2873295577488093,-7.05462880121637e-4,0.2091819992097536,0.2012938079753276,0.8475934321623511,0.08708338346891882,0.1881903737233652,0.13843219444660895,-0.3806030290411444,-0.5981851985442029,-0.8277751037143751,0.19139103596255116,0.830433139882411,0.10928294459699159,0.8896661736168066,-0.7972280085959303,-0.5340025680957035,-0.3528751262015264,0.12137263362365976,-0.21111690140643974,0.15440543523646383,0.31266929686154527,0.9997416139685986,-0.18057003284866907,-5.002981138367326e-4,-0.39297505131974225
