V1,V2,V3,V4,V5,V6,V7,V8,V9,V10,V11,V12,V13,V14,V15,V16,V17,V18,V19,V20,V21,V22,V23,V24,V25,V26,V27,V28,V29,V30,V31,V32,V33,V34,V35,V36,V37,V38,V39,V40,V41,V42,V43,V44,V45,V46,V47,V48,V49,V50,V51,V52,V53,V54,V55,V56
1441.4442733462004,325.47539718940897,1005.4408508377717,2327.6696177959616,-115.35789863959974,-1391.4258715046506,890.2724735886693,-2168.5023909467404,-1165.3929016223333,-449.528288889291,1950.3531068162335,-268.5724027046747,520.589283090444,1713.388802398661,-883.2480356808402,1605.5460290011022,-1659.206491201853,456.0064515218569,-1666.7739523928476,-97.13707902018766,1335.7840975966985,88.62899127223923,-1260.5157418822553,1622.2569657321228,-864.6316460137779,-2182.3409580591997,-980.3128240561339,1641.2674505054506,501.67611851040374,-552.1395118609958,1758.131795356483,2891.4611328357378,1330.838029258687,-3974.819525021855,-532.4028050008412,-895.6890345027572,1914.9797856906025,-3478.3522428668916,-4460.088128618734,1026.8441695066765,-2274.5358381856217,-1238.536994531428,576.939047288189,-360.4037931945875,2968.0845148212056,379.03418253222975,729.0306546965783,-3067.9008285364475,-1673.0927827460198,2873.6810219138642,-2173.723937868122,-874.0619818785744,659.3188349678195,-1030.330126960508,828.198239424244,-881.3294203667699
325.47539718940897,73.78745052180325,226.95972429870346,525.1030980227231,-25.68894198162157,-314.34730686375747,200.84430039191392,-489.4017794434004,-263.36032029806756,-100.90679115059477,440.16998066588116,-60.407748393348975,118.0311709104956,387.1483878491599,-199.59589063845448,362.94230067906994,-374.86500789331336,102.55641431743874,-375.917168120415,-21.99890471194584,301.5507605979619,19.740449904546256,-284.16186873104147,366.2640227997762,-194.7097801922613,-493.367119539664,-221.66832249555137,370.0349922489028,113.53293486663381,-125.25083811790117,396.9155618445244,651.7418435701545,300.1454461105688,-897.3306127644679,-121.13835921429224,-202.24010619215852,432.86495257324174,-785.5828717687184,-1006.4351818877766,231.43877834567178,-513.5765069423485,-279.8818899970101,130.04507320074148,-81.01134353640553,669.9086141174346,84.91508088607453,163.815543781339,-692.6670999208221,-377.87873592430896,648.3270139278656,-490.3320887303974,-197.25099971229878,148.8617923678675,-232.34069804731658,186.7186568971735,-198.93939246663774
1005.4408508377717,226.95972429870346,701.3339779318169,1623.7114049829324,-80.54588477080931,-970.5148207533944,621.026010119192,-1512.635806816245,-812.8393098104018,-313.6902677812676,1360.4651504252156,-187.38825200990385,363.0153463337113,1195.0684028457115,-616.0504609525225,1119.8127795319865,-1157.2859586516745,318.1679812149403,-1162.7130940003003,-67.740124132658,931.754876376441,61.88196611881071,-879.343609306807,1131.5699159202818,-603.2180627072206,-1522.098769733614,-683.720122980552,1144.9479097473225,349.87295162819566,-385.00035529355966,1226.3523208197378,2017.118890114533,928.3698911915787,-2772.568953460338,-371.15534498897483,-624.7646327348956,1335.63871264122,-2426.1900491361475,-3111.1605963699194,716.3424693995537,-1586.5435935874048,-863.858154590265,402.4794158107549,-251.4727059169776,2070.370667864225,264.5364166972351,508.6955621904387,-2139.9455810695026,-1166.9992122141007,2004.581036393813,-1516.333660718755,-609.7036008788621,459.8923282121981,-718.7478216631113,577.7521647954701,-614.7618783244304
2327.6696177959616,525.1030980227231,1623.7114049829324,3759.5438531088803,-186.86469801721876,-2246.6283837476176,1437.9158189311804,-3502.1284156278516,-1881.545283186486,-726.875934759958,3149.8162135533403,-434.07879932184085,839.8690264983911,2766.3731650532004,-1426.0229852775271,2591.9919431831745,-2678.9585906780876,737.0309645329878,-2692.2450721455884,-156.75297694495458,2157.1574583103315,143.56176279634406,-2036.2496405721333,2619.713134805389,-1397.0725774911534,-3523.1088281735356,-1582.5128599241107,2651.2593187875577,809.7005745246029,-890.6621612033028,2839.172837683674,4671.044444725421,2149.6396456207162,-6418.89442282941,-858.2328080799073,-1446.38288862265,3091.583390759606,-5616.618675292632,-7203.276009329659,1658.8501328069472,-3672.97598550963,-1999.6494361657385,932.0200167087276,-582.5834944378825,4793.369590311327,613.1603193969358,1178.54980369928,-4954.196199361815,-2701.5808623395424,4641.358440228338,-3510.9653904110673,-1411.6301694587185,1064.6985270175442,-1664.2933675985867,1337.8556564376352,-1423.2890868415022
-115.35789863959974,-25.68894198162157,-80.54588477080931,-186.86469801721876,9.667026922913049,111.15354502712523,-71.46326035823954,173.83733082710637,93.00277831996443,36.69834164552087,-156.34769508023717,21.779288142847523,-41.076196516188716,-136.795758033932,70.4914072863321,-127.98978731812801,132.51916662526426,-36.98988252615966,133.92108693714349,7.694416581424628,-106.98310273330172,-7.42264729968964,101.43635486293432,-129.8751229639061,69.82971703442853,173.92518974627586,78.07103116772585,-132.02914624829657,-39.839059030108935,43.48516710355182,-140.78395854708685,-232.79041076406858,-106.93724215151623,318.31595740306375,41.48846437267289,71.68732209503203,-152.68903399952683,278.1553908452376,357.71960774244684,-82.68802208855334,182.04111391255972,98.84936507682606,-46.447047408897774,29.288266128622027,-237.87277222268222,-31.146705220313343,-59.31215314495245,245.59390956113776,133.77824009767085,-230.63991373821685,174.5569752919462,70.08471002338307,-52.778488907523766,82.82783655585634,-66.6282546195262,70.60884321199818
-1391.4258715046506,-314.34730686375747,-970.5148207533944,-2246.6283837476176,111.15354502712523,1343.2368980861625,-859.2803337520974,2093.1194009294345,1125.074971733454,433.59400344057894,-1882.5537852614593,259.12017060808523,-502.79768058081214,-1654.0852821476471,852.6898590407568,-1550.0658001403679,1601.7554258219027,-439.9537262262942,1608.6917842452149,93.802743238465,-1289.3938792858048,-85.4006250084602,1216.5178179298987,-1565.9418730440448,834.334581969353,2106.950157096752,946.4734957568616,-1583.999616594203,-484.4112176282549,533.3064112833576,-1697.0857145482087,-2790.4827084439885,-1284.457165876169,3836.793809386622,514.4473016464311,864.6053643006059,-1848.7927679600405,3357.7508979449563,4304.960211584693,-990.9759059940613,2195.6036228236703,1195.68468466596,-556.7916295155019,347.6911980183992,-2864.934176143681,-365.50503130278634,-703.2840933371272,2961.410966189036,1615.0911252805197,-2773.6562757170404,2098.0194776971907,843.6698569215307,-636.4336497554991,994.4050280440077,-799.2982663873726,850.7115241848501
890.2724735886693,200.84430039191392,621.026010119192,1437.9158189311804,-71.46326035823954,-859.2803337520974,549.9614413798489,-1339.4673007413792,-719.6459450240029,-277.99754075585656,1204.7170850622447,-166.01830954127124,321.23947022862376,1058.0712993217007,-545.4203729741897,991.378048682721,-1024.6363999545429,281.8867371539532,-1029.704425769924,-59.95488167133689,825.0539944626281,54.90261819683284,-778.8028383707899,1001.9699309333082,-534.3318284708405,-1347.5097926519493,-605.2767065015499,1014.0243469029198,309.69452751750754,-340.6681577253476,1085.906923568972,1786.5264230940124,822.1723089160298,-2455.054941797544,-328.2716453526526,-553.2030127752129,1182.460470009409,-2148.2115213582983,-2755.0500766094906,634.4574346415204,-1404.8165333394156,-764.818227289146,356.46818871881953,-222.8148420656073,1833.3316970901406,234.50332536561208,450.7467801751786,-1894.8487209665948,-1033.285947204877,1775.1848299202763,-1342.8414271149081,-539.9091841066108,407.218611801274,-636.5414583323068,511.68841513726596,-544.3692276650945
-2168.5023909467404,-489.4017794434004,-1512.635806816245,-3502.1284156278516,173.83733082710637,2093.1194009294345,-1339.4673007413792,3262.483560471336,1753.0343970879078,676.7553823022328,-2934.2792225540256,404.2314777860971,-782.7777625493609,-2577.395267781173,1328.6237598497946,-2415.038710916572,2495.9237389628415,-686.3489351485242,2507.8454868672798,146.07873669643317,-2009.6019724133896,-133.55529196146742,1896.691124256382,-2440.547362970017,1301.175059646179,3282.6146539898095,1474.5204113430473,-2469.5732605314397,-754.5103513276707,830.1633009663715,-2644.9804107685877,-4350.83718327599,-2002.3970551815178,5979.84514868744,800.1897901121544,1347.4743499043752,-2880.5064285633853,5232.671839303424,6710.263945106833,-1545.1238532478735,3421.809289247655,1863.0675706017723,-868.1298822919747,542.4900759427246,-4465.401519689052,-570.7654806530038,-1097.4031537074209,4615.384911131271,2516.913692952439,-4323.597957024038,3270.5420291040755,1315.0254702031618,-991.8852499903425,1550.274090134455,-1246.1724002672313,1325.9196582340437
-1165.3929016223333,-263.36032029806756,-812.8393098104018,-1881.545283186486,93.00277831996443,1125.074971733454,-719.6459450240029,1753.0343970879078,942.3672593292899,363.0026377545398,-1576.682210154785,216.96569095283033,-421.244535964779,-1385.4537378052673,714.2140639613007,-1298.370010851468,1341.611957104087,-368.3765318913104,1347.2487801994928,78.5825753937238,-1079.9190906217827,-71.45651015500825,1018.77642778204,-1311.5501839027963,698.6631888155385,1764.8388038555647,792.8039155040141,-1326.5377267621163,-405.7872398026819,446.822888693582,-1421.3824896700955,-2336.8781439746053,-1075.708860511356,3213.4715724805824,431.11835044590947,724.1520468008642,-1548.5826154033632,2812.342797260227,3605.463223946183,-829.8847262100644,1838.9320400356778,1001.507526864823,-466.28323981980867,291.1137827799652,-2399.4613125873766,-305.95412878350913,-588.8290222034274,2480.3229188837145,1352.7497511249312,-2322.942940041075,1757.0738974147528,706.5890678727951,-533.0445193553392,832.7873366583995,-669.3795418107965,712.4995777211199
-449.528288889291,-100.90679115059477,-313.6902677812676,-726.875934759958,36.69834164552087,433.59400344057894,-277.99754075585656,676.7553823022328,363.0026377545398,141.39242853987005,-608.6725186135711,84.23229070810407,-161.37405645243794,-533.7945422642538,275.125221713473,-499.87144554851864,516.9964703347317,-143.03342976174412,520.6793416076202,30.161920309352755,-416.7130939332414,-28.188163390873164,394.0303048327326,-505.99563957367803,270.6981035911626,679.3762258031594,305.08304775414456,-512.9757818139113,-155.93787527740392,171.02124652110925,-548.4273578931862,-904.0394875428245,-415.7525550655979,1239.9403488663079,164.17364951841213,279.33963967543303,-596.262841364184,1084.4026927571942,1392.2203054351482,-321.0797523485868,709.3550369291673,385.8007728925187,-180.3812860213174,113.13601079469173,-926.1893386127981,-119.55657080272684,-228.9654850242922,956.8733625420812,521.5731081569493,-897.2858806865195,678.8861604908573,272.8073035537888,-205.63821814882155,321.9360944766024,-258.8603109949414,274.9785689687403
1950.3531068162335,440.16998066588116,1360.4651504252156,3149.8162135533403,-156.34769508023717,-1882.5537852614593,1204.7170850622447,-2934.2792225540256,-1576.682210154785,-608.6725186135711,2639.092805944429,-363.5655700284843,704.0316780795879,2318.1123480340784,-1194.9654484870664,2172.0895165811235,-2244.8366590568985,617.3003584657394,-2255.555618273876,-131.38418093727964,1807.4383854680411,120.11872216634231,-1705.8828208139043,2195.031283737095,-1170.276354962102,-2952.38895360055,-1326.1860360013848,2221.134827466157,678.6086583784163,-746.6512107244823,2378.8983696143787,3913.1428775896175,1800.9571210038157,-5378.277278514569,-719.6952108102884,-1211.9201076581098,2590.7310245452068,-4706.272486319523,-6035.21472274436,1389.6841243231308,-3077.5785806129647,-1675.6456472499017,780.7959666208384,-487.91463837303604,4016.1853951385037,513.3439878231278,987.00235302327,-4151.081136635141,-2263.7148076212193,3888.647056182931,-2941.526441403176,-1182.7345202750073,892.1029419584744,-1394.3171533360774,1120.807443312598,-1192.5332386069886
-268.5724027046747,-60.407748393348975,-187.38825200990385,-434.07879932184085,21.779288142847523,259.12017060808523,-166.01830954127124,404.2314777860971,216.96569095283033,84.23229070810407,-363.5655700284843,50.228829036255355,-96.6108160613514,-319.0271836540215,164.4400415444563,-298.81865638566273,308.9710501497353,-85.28915036374248,310.90367295554955,18.047007117670866,-248.93950291664578,-16.73022502514487,235.22732098399075,-302.29320590904445,161.51644665750112,406.14019604523276,182.40181860707696,-306.2507728158811,-93.26984599194104,102.41352878138579,-327.63249236044163,-539.6548525116812,-248.24793086911814,740.7353298414293,98.4626431098995,166.89052893123505,-356.42983740602267,647.9527393829695,831.5245875731675,-191.65870222788166,423.80304338733146,230.58895566493686,-107.67700658213712,67.44374764011206,-553.2414252432112,-71.1561941064793,-136.47065301590072,571.6635917473459,311.6556734550091,-535.8645009278566,405.4030030283198,162.94470187335182,-122.85472438413032,192.21712008515456,-154.5400173397696,164.26123356377266
520.589283090444,118.0311709104956,363.0153463337113,839.8690264983911,-41.076196516188716,-502.79768058081214,321.23947022862376,-782.7777625493609,-421.244535964779,-161.37405645243794,704.0316780795879,-96.6108160613514,188.8094970027793,619.2449800615445,-319.2561838819355,580.5327989610729,-599.5959942379234,164.02329939541121,-601.2564876795985,-35.18759648104131,482.3179441101084,31.563963135058525,-454.49517293609824,585.825902093281,-311.41249727295144,-789.1506313764754,-354.5652374262691,591.8386488583259,181.60167846006877,-200.35925929777247,634.8513454491134,1042.3997584381066,480.0593213305987,-1435.25105722132,-193.79214318873062,-323.47637670516605,692.3764448009158,-1256.5208652094475,-1609.743429866341,370.1645200612364,-821.4514150380653,-447.6720011209238,207.9950404724058,-129.56164936310407,1071.490178312682,135.7951577326698,261.9882995087881,-1107.9009697760666,-604.411094053718,1036.958318684604,-784.2552697829184,-315.49411701389175,238.09885089496223,-371.6102060315772,298.6409007186364,-318.1956673387768
1713.388802398661,387.1483878491599,1195.0684028457115,2766.3731650532004,-136.795758033932,-1654.0852821476471,1058.0712993217007,-2577.395267781173,-1385.4537378052673,-533.7945422642538,2318.1123480340784,-319.0271836540215,619.2449800615445,2036.883299138234,-1050.028984030985,1908.825980759583,-1972.4341338607146,541.6663572649657,-1980.8333606365993,-115.52199307016024,1587.7331121118862,105.10265494990088,-1497.9089914912586,1928.2778359112128,-1027.2786724036023,-2594.608377632148,-1165.5469755354145,1950.4010102471477,596.5547685016252,-656.833869213588,2089.7609338951147,3435.926447594701,1581.5916242710473,-4724.553882587927,-633.6854315882729,-1064.6659175434306,2276.6870735468524,-4134.74151818114,-5300.9482352733485,1220.1873414405263,-2703.6437230941146,-1472.4031408340268,685.5789028637148,-428.06415843675893,3527.792669430694,449.9343625864578,865.8445961810817,-3646.6410082348666,-1988.829235024424,3415.3364120583797,-2583.3753298864876,-1038.8632401099514,783.6960117541715,-1224.434843082447,984.1862343590875,-1047.5445374023639
-883.2480356808402,-199.59589063845448,-616.0504609525225,-1426.0229852775271,70.4914072863321,852.6898590407568,-545.4203729741897,1328.6237598497946,714.2140639613007,275.125221713473,-1194.9654484870664,164.4400415444563,-319.2561838819355,-1050.028984030985,541.2999109676938,-984.0263632077763,1016.8019041831229,-279.1978612917316,1021.0832918332758,59.55586407069571,-818.4673718602303,-54.15991453758188,772.1351298349699,-994.019448087744,529.5206851799262,1337.559399830163,600.8604676429856,-1005.3852469758523,-307.5414429291826,338.6399487864223,-1077.2615093706795,-1771.1267904687766,-815.279953709031,2435.483922185417,326.73208779146455,548.8322449866865,-1173.6623861994588,2131.461945430183,2732.5790574894336,-628.9725153411116,1393.7214424696467,759.0370362739317,-353.39747546604,220.6387635703844,-1818.5482133276068,-231.89045004958183,-446.2814099755285,1879.8308370112459,1025.2443012025992,-1760.5568907496947,1331.6876761894675,535.5235221365268,-403.9924102317673,631.1703241650952,-507.32445508727244,540.0020738778601
1605.5460290011022,362.94230067906994,1119.8127795319865,2591.9919431831745,-127.98978731812801,-1550.0658001403679,991.378048682721,-2415.038710916572,-1298.370010851468,-499.87144554851864,2172.0895165811235,-298.81865638566273,580.5327989610729,1908.825980759583,-984.0263632077763,1788.9077364942082,-1848.4065201381597,507.3498319421257,-1855.9184713797792,-108.28670382922462,1487.7627865308623,98.338921379928,-1403.377435517926,1806.8886304404361,-962.3351743081702,-2431.6275224933534,-1092.358346072846,1827.3344943591405,559.1463754990001,-615.808055889151,1958.192074017179,3219.039890028749,1481.850272804901,-4427.088507136322,-594.30451341295975,-997.6519376897921,2133.644203659381,-3874.592782235778,-4966.948195740026,1143.1575047975844,-2533.467974873153,-1379.8498573328777,642.3039394945954,-400.92076640859835,3305.5965821346035,421.2489438927696,810.9113323656841,-3417.084670978384,-1863.7031754974553,3200.073475612141,-2420.5065369247936,-973.4155421308016,734.3631484013026,-1147.2003270037478,922.083660210999,-981.5763359958152
-1659.206491201853,-374.86500789331336,-1157.2859586516745,-2678.9585906780876,132.51916662526426,1601.7554258219027,-1024.6363999545429,2495.9237389628415,1341.611957104087,516.9964703347317,-2244.8366590568985,308.9710501497353,-599.5959942379234,-1972.4341338607146,1016.8019041831229,-1848.4065201381597,1910.0298351186977,-524.5933906013499,1918.253588852454,111.85994848876982,-1537.5336934003262,-101.81641298957732,1450.6038985487855,-1867.3055416259708,994.8650620332525,2512.476962031782,1128.6455291645657,-1888.8008233163855,-577.6548867699577,635.98314111231,-2023.6859983897366,-3327.4299995755414,-1531.6260901639814,4575.173962053263,613.5195458235194,1030.998831211637,-2204.627343800879,4003.9648740103903,5133.405439906699,-1181.659358490527,2618.147999504237,1425.8108768875304,-663.9301108331359,414.57805449935603,-3416.272095146676,-435.7982503064647,-838.5738971454068,3531.331726760496,1925.9232527116876,-3307.408719816155,2501.7489622995213,1006.0265444922219,-758.914898364668,1185.7567784273765,-953.102909387373,1014.426851194528
456.0064515218569,102.55641431743874,318.1679812149403,737.0309645329878,-36.98988252615966,-439.9537262262942,281.8867371539532,-686.3489351485242,-368.3765318913104,-143.03342976174412,617.3003584657394,-85.28915036374248,164.02329939541121,541.6663572649657,-279.1978612917316,507.3498319421257,-524.5933906013499,144.8252720155041,-527.895510062768,-30.6387705801852,422.67237180740966,28.4138262727993,-399.40579273550907,513.2600928851547,-274.2515522139134,-689.5645213776804,-309.68973588137266,519.99527465663,158.35394328077763,-173.8717714085476,556.2844182465005,916.3070293641844,421.5065035692023,-1257.693210778007,-167.1519495384768,-283.3610708665334,605.1674274946456,-1100.1438731062221,-1411.8570274710153,325.42769213057863,-719.5711052005508,-391.50826353656277,182.83021188544612,-114.5226448796816,939.3509594560396,120.83549031274022,231.73503184563936,-970.6241392529611,-529.1545946602412,909.8524969895993,-688.3443946496925,-276.66580992280313,208.59321934624546,-326.3716236895801,262.40035697852454,-278.8991710794537
-1666.7739523928476,-375.917168120415,-1162.7130940003003,-2692.2450721455884,133.92108693714349,1608.6917842452149,-1029.704425769924,2507.8454868672798,1347.2487801994928,520.6793416076202,-2255.555618273876,310.90367295554955,-601.2564876795985,-1980.8333606365993,1021.0832918332758,-1855.9184713797792,1918.253588852454,-527.895510062768,1927.974922360866,112.22434718411625,-1544.6946910624529,-102.88516809948194,1458.2433007116092,-1875.9078157053164,1000.564208264744,2522.6049554035885,1133.09159369906,-1898.6608881095704,-579.7215770487818,637.5968116845908,-2033.0654657630419,-3345.1513379972366,-1539.40170057524,4596.432555187798,614.2657128959951,1035.711734115563,-2213.6459375870763,4021.831856071837,5158.251126816514,-1187.984240025046,2630.1099613713573,1431.818926979957,-667.4622435007,417.28527904222085,-3432.4743431810266,-439.27602468279696,-844.1734704132114,3547.5693169164456,1934.4903002485328,-3323.7047139911556,2514.250329731029,1010.860765553665,-762.4009925159727,1191.8451782613924,-958.0879008645744,1019.1939038571765
-97.13707902018766,-21.99890471194584,-67.740124132658,-156.75297694495458,7.694416581424628,93.802743238465,-59.95488167133689,146.07873669643317,78.5825753937238,30.161920309352755,-131.38418093727964,18.047007117670866,-35.18759648104131,-115.52199307016024,59.55586407069571,-108.28670382922462,111.85994848876982,-30.6387705801852,112.22434718411625,6.560812924686061,-90.00253036415901,-5.912629841017243,84.84216202696388,-109.31386690171448,58.15132317944517,147.19719148499922,66.13146995415347,-110.47961902378354,-33.863902614895494,37.33522725531583,-118.46388415509233,-194.59938287731768,-89.60551819500512,267.818801006335,36.08172515332419,60.35856628648356,-129.15021137117736,234.44206541732572,300.417032407528,-69.10480364315781,153.27604615663844,83.51256543480933,-38.82916840503834,24.20611541879022,-199.95385039280322,-25.394436653213273,-48.952289704229464,206.72868163121484,112.76900616878076,-193.53419408685662,146.37597819289923,58.87736946477989,-44.42850673217484,69.36532996609974,-55.74785574779457,59.37778776004921
1335.7840975966985,301.5507605979619,931.754876376441,2157.1574583103315,-106.98310273330172,-1289.3938792858048,825.0539944626281,-2009.6019724133896,-1079.9190906217827,-416.7130939332414,1807.4383854680411,-248.93950291664578,482.3179441101084,1587.7331121118862,-818.4673718602303,1487.7627865308623,-1537.5336934003262,422.67237180740966,-1544.6946910624529,-90.00253036415901,1237.8850067866724,82.19417315542607,-1168.221190257041,1503.352646577479,-801.3719050407856,-2022.2356247326334,-908.3822981323495,1521.0878217177162,464.84477311155166,-511.5343830190401,1629.2740830784176,2679.7729560681364,1233.3670622091392,-3683.4984390861105,-493.1671793758682,-830.035163727758,1774.5015467002543,-3223.3451579659363,-4133.302424715839,951.6703906180446,-2107.8109603687067,-1147.6996857942845,534.7000392986636,-334.069071118857,2750.5828045679245,351.40226292529024,675.7730661259851,-2843.0320082884855,-1550.430068544795,2663.160702330749,-2014.4977783715296,-810.0167400171404,610.9927613237949,-954.8752597551846,767.5551264643574,-816.7410133749936
88.62899127223923,19.740449904546256,61.88196611881071,143.56176279634406,-7.42264729968964,-85.4006250084602,54.90261819683284,-133.55529196146742,-71.45651015500825,-28.188163390873164,120.11872216634231,-16.73022502514487,31.563963135058525,105.10265494990088,-54.15991453758188,98.338921379928,-101.81641298957732,28.4138262727993,-102.88516809948194,-5.912629841017243,82.19417315542607,5.6995187450593185,-77.92706222381986,99.78239932743446,-53.64369874673014,-133.63317651091333,-59.98534434031475,101.43088014872795,30.611409758131618,-33.41616139410728,108.16322559763276,178.83817216683514,82.1554373951884,-244.5585015044843,-31.88663242284827,-55.07719215952185,117.31554439696578,-213.7085246892185,-274.8264637822155,63.5237413769723,-139.8613558451493,-75.94825898034553,35.68234096892936,-22.497612571453722,182.75333424916377,23.92160726736405,45.559647226263444,-188.68796355527772,-102.78238190360312,177.19356508109266,-134.10535205833708,-53.84436416433487,40.54955446996854,-63.63272981721476,51.18671737191414,-54.247754492489776
-1260.5157418822553,-284.16186873104147,-879.343609306807,-2036.2496405721333,101.43635486293432,1216.5178179298987,-778.8028383707899,1896.691124256382,1018.77642778204,394.0303048327326,-1705.8828208139043,235.22732098399075,-454.49517293609824,-1497.9089914912586,772.1351298349699,-1403.377435517926,1450.6038985487855,-399.40579273550907,1458.2433007116092,84.84216202696388,-1168.221190257041,-77.92706222381986,1103.0137912874634,-1418.6923159284472,756.9162230182554,1907.48496364459,856.7745100554251,-1436.128010957152,-438.30880056586443,481.9360048406439,-1537.557053012499,-2530.307959443562,-1164.344648601486,3476.178733737737,464.1409159411147,783.2702293393198,-1673.8894617717344,3041.475798127168,3901.265101894202,-898.6101250261147,1989.053081516346,1082.7309948276406,-504.8747864184052,315.73729265429597,-2595.967965023539,-332.5007093852728,-638.7648404275724,2682.913341062866,1462.9363930645552,-2513.8259961108756,1901.6437485402498,764.5227479684938,-576.5788361357754,901.4796671129307,-724.6899819936812,770.8040065241197
1622.2569657321228,366.2640227997762,1131.5699159202818,2619.713134805389,-129.8751229639061,-1565.9418730440448,1001.9699309333082,-2440.547362970017,-1311.5501839027963,-505.99563957367803,2195.031283737095,-302.29320590904445,585.825902093281,1928.2778359112128,-994.019448087744,1806.8886304404361,-1867.3055416259708,513.2600928851547,-1875.9078157053164,-109.31386690171448,1503.352646577479,99.78239932743446,-1418.6923159284472,1825.7566504683055,-973.1591503660627,-2456.0114906380336,-1103.2398906512806,1847.2202138464704,564.5723460678585,-621.3218076629357,1978.6791234227605,3254.3132870635777,1497.8242074992243,-4473.437883079858,-599.065003068275,-1008.0441252999931,2155.129301497134,-3914.6505126574853,-5019.6395808030875,1155.705446888042,-2559.8516931548206,-1393.8679536575492,649.339387166263,-405.6607711180066,3340.4337826460774,426.66764645117365,820.5846297882885,-3452.741457897296,-1882.9500882637049,3234.2246819634825,-2446.4572158917745,-983.7174012694046,742.024867697044,-1159.614093955185,932.1240152025912,-991.8905531188964
-864.6316460137779,-194.7097801922613,-603.2180627072206,-1397.0725774911534,69.82971703442853,834.334581969353,-534.3318284708405,1301.175059646179,698.6631888155385,270.6981035911626,-1170.276354962102,161.51644665750112,-311.41249727295144,-1027.2786724036023,529.5206851799262,-962.3351743081702,994.8650620332525,-274.2515522139134,1000.564208264744,58.15132317944517,-801.3719050407856,-53.64369874673014,756.9162230182554,-973.1591503660627,519.5624685165687,1307.9899938916515,587.4695374075264,-985.4842687410576,-300.4726837914265,330.1690760625286,-1054.7126380422776,-1736.4302101489018,-798.9152827330058,2384.554829872372,317.72305480205057,537.2765160766796,-1147.8499294929552,2086.1331419616536,2676.4647799733216,-616.6830525794282,1364.3675595012728,742.5267634575907,-346.47030434247307,216.83284154646617,-1780.8610831499773,-228.54332138406156,-438.7113234704071,1840.3448193941695,1003.4102986673016,-1724.7052537682835,1304.7475734897434,524.4899646109429,-395.5042206046283,618.5717262687377,-497.29131813993,528.7657869086959
-2182.3409580591997,-493.367119539664,-1522.098769733614,-3523.1088281735356,173.92518974627586,2106.950157096752,-1347.5097926519493,3282.6146539898095,1764.8388038555647,679.3762258031594,-2952.38895360055,406.14019604523276,-789.1506313764754,-2594.608377632148,1337.559399830163,-2431.6275224933534,2512.476962031782,-689.5645213776804,2522.6049554035885,147.19719148499922,-2022.2356247326334,-133.63317651091333,1907.48496364459,-2456.0114906380336,1307.9899938916515,3305.2687418994783,1484.8294175127126,-2483.736963515142,-760.0527400799938,837.1106908242384,-2661.6673147754873,-4375.341221598425,-2014.1627749102095,6017.504800810711,807.9253314558796,1356.0594228962366,-2900.2176536099378,5266.568904087495,6751.251084166804,-1553.7857459919476,3443.6191508393495,1875.5910597745794,-873.024149957904,544.9060335667705,-4493.102263420517,-572.4990131897331,-1102.1321974874822,4644.670250548718,2533.2537036772896,-4349.63659872127,3290.015613613952,1323.1026810395351,-998.1829250683462,1559.2954669908606,-1253.3075821397767,1334.2012531710775
-980.3128240561339,-221.66832249555137,-683.720122980552,-1582.5128599241107,78.07103116772585,946.4734957568616,-605.2767065015499,1474.5204113430473,792.8039155040141,305.08304775414456,-1326.1860360013848,182.40181860707696,-354.5652374262691,-1165.5469755354145,600.8604676429856,-1092.358346072846,1128.6455291645657,-309.68973588137266,1133.09159369906,66.13146995415347,-908.3822981323495,-59.98534434031475,856.7745100554251,-1103.2398906512806,587.4695374075264,1484.8294175127126,667.0389710307112,-1115.6118821187267,-341.4577980053416,376.12393422415494,-1195.616482666361,-1965.232748544851,-904.7103517431406,2703.0499976865203,363.06787443199164,609.1442487196465,-1302.8588621548201,2365.7828832911277,3032.576604843164,-697.8978052894354,1546.880505967302,842.5552145929597,-392.1286966722654,244.71503889646095,-2018.2681713943618,-257.06212777290426,-494.9542079475598,2086.3878416953216,1137.9591565789801,-1953.780701005867,1477.8054721358637,594.3235184561598,-448.3842352159456,700.3908037926012,-562.9434202077599,599.3164037766167
1641.2674505054506,370.0349922489028,1144.9479097473225,2651.2593187875577,-132.02914624829657,-1583.999616594203,1014.0243469029198,-2469.5732605314397,-1326.5377267621163,-512.9757818139113,2221.134827466157,-306.2507728158811,591.8386488583259,1950.4010102471477,-1005.3852469758523,1827.3344943591405,-1888.8008233163855,519.99527465663,-1898.6608881095704,-110.47961902378354,1521.0878217177162,101.43088014872795,-1436.128010957152,1847.2202138464704,-985.4842687410576,-2483.736963515142,-1115.6118821187267,1869.8545732167306,570.7382202656603,-627.582117770989,2001.9853483168656,3294.4670627791434,1516.0031807633159,-4526.170343063286,-604.4584425138065,-1019.86558291117,2179.562031309377,-3960.212508234795,-5079.598006021737,1169.9902176884102,-2589.8660269759193,-1409.8097025071918,657.3483004696363,-411.061755214471,3380.071174439563,432.8487076290183,831.6078364043021,-3493.306683241907,-1904.8434948005604,3273.0859301412193,-2475.991009850681,-995.439913902886,750.7402084077438,-1173.7425394841162,943.5529466964119,-1003.6253923538135
501.67611851040374,113.53293486663381,349.87295162819566,809.7005745246029,-39.839059030108935,-484.4112176282549,309.69452751750754,-754.5103513276707,-405.7872398026819,-155.93787527740392,678.6086583784163,-93.26984599194104,181.60167846006877,596.5547685016252,-307.5414429291826,559.1463754990001,-577.6548867699577,158.35394328077763,-579.7215770487818,-33.863902614895494,464.84477311155166,30.611409758131618,-438.30880056586443,564.5723460678585,-300.4726837914265,-760.0527400799938,-341.4577980053416,570.7382202656603,174.8225155654171,-192.664965473052,611.8370092707975,1005.3471714040686,462.8741723509955,-1383.2326287314843,-186.09299200135692,-311.7288922625111,666.8866832492164,-1210.7489889658912,-1551.7197539112815,357.0165246588438,-791.6147954821964,-431.2490950361368,200.60042086752446,-125.11677985563819,1032.7623829162442,131.33917296239497,253.04030362536614,-1067.6923228795329,-582.3826514958944,999.6771519794526,-756.1128246849979,-304.11054041534544,229.4577858797145,-358.32891517225585,287.9958927836023,-306.6808296738449
-552.1395118609958,-125.25083811790117,-385.00035529355966,-890.6621612033028,43.48516710355182,533.3064112833576,-340.6681577253476,830.1633009663715,446.822888693582,171.02124652110925,-746.6512107244823,102.41352878138579,-200.35925929777247,-656.833869213588,338.6399487864223,-615.808055889151,635.98314111231,-173.8717714085476,637.5968116845908,37.33522725531583,-511.5343830190401,-33.41616139410728,481.9360048406439,-621.3218076629357,330.1690760625286,837.1106908242384,376.12393422415494,-627.582117770989,-192.664965473052,212.63081392802385,-673.3119427966863,-1105.3185860138103,-509.0743701778486,1522.1945098101337,205.7432623249056,343.07986393770716,-734.4412097422523,1332.7131560737325,1707.1572552350046,-392.50417939931407,871.2333202762602,474.8528670443509,-220.54989170873674,137.33163718589512,-1136.365342007502,-143.8749018422889,-277.68767485715824,1175.0317563802284,641.0630267386358,-1099.682091231217,831.6750677832155,334.5897197233171,-252.526650028953,394.0634858177526,-316.67579336951883,337.46582186107617
1758.131795356483,396.9155618445244,1226.3523208197378,2839.172837683674,-140.78395854708685,-1697.0857145482087,1085.906923568972,-2644.9804107685877,-1421.3824896700955,-548.4273578931862,2378.8983696143787,-327.63249236044163,634.8513454491134,2089.7609338951147,-1077.2615093706795,1958.192074017179,-2023.6859983897366,556.2844182465005,-2033.0654657630419,-118.46388415509233,1629.2740830784176,108.16322559763276,-1537.557053012499,1978.6791234227605,-1054.7126380422776,-2661.6673147754873,-1195.616482666361,2001.9853483168656,611.8370092707975,-673.3119427966863,2144.4123740558366,3526.9822141763393,1623.3074485259342,-4848.133356992718,-649.1612203226232,-1092.4748790361805,2335.595783023711,-4242.513027723675,-5440.123408430561,1252.5396998429412,-2774.2571175089097,-1510.5945185247542,703.7453901142292,-439.6691592737735,3620.2413906203938,462.4616630056994,889.3827673827262,-3741.93671314741,-2040.651333922881,3505.1592575402547,-2651.4066072116425,-1066.1198438843144,804.1752714846066,-1256.7658004420043,1010.2203033507209,-1074.9734127181111
2891.4611328357378,651.7418435701545,2017.118890114533,4671.044444725421,-232.79041076406858,-2790.4827084439885,1786.5264230940124,-4350.83718327599,-2336.8781439746053,-904.0394875428245,3913.1428775896175,-539.6548525116812,1042.3997584381066,3435.926447594701,-1771.1267904687766,3219.039890028749,-3327.4299995755414,916.3070293641844,-3345.1513379972366,-194.59938287731768,2679.7729560681364,178.83817216683514,-2530.307959443562,3254.3132870635777,-1736.4302101489018,-4375.341221598425,-1965.232748544851,3294.4670627791434,1005.3471714040686,-1105.3185860138103,3526.9822141763393,5804.553661375201,2670.9690814202468,-7973.9595058037685,-1064.3971260579174,-1796.7245427479804,3839.539905735617,-6976.70797241995,-8949.196285361459,2061.4248246633515,-4562.635467029529,-2483.577645630089,1158.1874721603033,-724.3733348959588,5954.903157293811,762.9177319343096,1465.489520982747,-6154.275770151713,-3355.7575871444196,5766.565650277065,-4362.275905115557,-1753.7499823162175,1322.6031330567241,-2067.9739880940033,1662.43337707684,-1768.1450839370914
1330.838029258687,300.1454461105688,928.3698911915787,2149.6396456207162,-106.93724215151623,-1284.457165876169,822.1723089160298,-2002.3970551815178,-1075.708860511356,-415.7525550655979,1800.9571210038157,-248.24793086911814,480.0593213305987,1581.5916242710473,-815.279953709031,1481.850272804901,-1531.6260901639814,421.5065035692023,-1539.40170057524,-89.60551819500512,1233.3670622091392,82.1554373951884,-1164.344648601486,1497.8242074992243,-798.9152827330058,-2014.1627749102095,-904.7103517431406,1516.0031807633159,462.8741723509955,-509.0743701778486,1623.3074485259342,2670.9690814202468,1229.1477575041656,-3670.031289408893,-490.43943848614504,-826.9666477339343,1767.4750109151007,-3211.2374332321524,-4118.627203089124,948.5576339427026,-2100.0154966468585,-1143.2325762360183,532.9416775916294,-333.19084515926454,2740.671056850224,350.755725118429,674.0508487018207,-2832.562687373611,-1544.5938420792131,2653.8325526623553,-2007.5179724280847,-807.1253781575413,608.741535595113,-951.6387329285092,764.9933937068218,-813.778557086399
-3974.819525021855,-897.3306127644679,-2772.568953460338,-6418.89442282941,318.31595740306375,3836.793809386622,-2455.054941797544,5979.84514868744,3213.4715724805824,1239.9403488663079,-5378.277278514569,740.7353298414293,-1435.25105722132,-4724.553882587927,2435.483922185417,-4427.088507136322,4575.173962053263,-1257.693210778007,4596.432555187798,267.818801006335,-3683.4984390861105,-244.5585015044843,3476.178733737737,-4473.437883079858,2384.554829872372,6017.504800810711,2703.0499976865203,-4526.170343063286,-1383.2326287314843,1522.1945098101337,-4848.133356992718,-7973.9595058037685,-3670.031289408893,10960.771693191668,1467.5649940189985,2469.888200515278,-5280.328635047247,9591.53933244128,12299.191028620637,-2831.7995641722664,6272.096425406415,3415.1650010171256,-1591.0591315775787,994.0412458820451,-8184.735329674258,-1045.5955060525996,-2010.795866853218,8459.850446256034,4613.538204301909,-7924.573037472272,5994.391651618465,2410.314185918621,-1818.0950903142739,2841.3437635614323,-2283.948676514599,2430.326014657709
-532.4028050008412,-121.13835921429224,-371.15534498897483,-858.2328080799073,41.48846437267289,514.4473016464311,-328.2716453526526,800.1897901121544,431.11835044590947,164.17364951841213,-719.6952108102884,98.4626431098995,-193.79214318873062,-633.6854315882729,326.73208779146455,-594.30451341295975,613.5195458235194,-167.1519495384768,614.2657128959951,36.08172515332419,-493.1671793758682,-31.88663242284827,464.1409159411147,-599.065003068275,317.72305480205057,807.9253314558796,363.06787443199164,-604.4584425138065,-186.09299200135692,205.7432623249056,-649.1612203226232,-1064.3971260579174,-490.43943848614504,1467.5649940189985,199.52642930267,330.8104789423232,-708.762080418296,1285.293804791485,1645.3389216593114,-377.9551428089106,840.0787996365196,458.1532228022361,-212.38673469735335,131.97001176814862,-1095.4007743012128,-137.9056957830119,-266.777548246698,1132.956214131713,618.2678417719212,-1059.702024405788,801.3411153809054,322.4931409852644,-243.48634255298322,379.60040028472,-305.00221388251504,325.3250401663709
-895.6890345027572,-202.24010619215852,-624.7646327348956,-1446.38288862265,71.68732209503203,864.6053643006059,-553.2030127752129,1347.4743499043752,724.1520468008642,279.33963967543303,-1211.9201076581098,166.89052893123505,-323.47637670516605,-1064.6659175434306,548.8322449866865,-997.6519376897921,1030.998831211637,-283.3610708665334,1035.711734115563,60.35856628648356,-830.035163727758,-55.07719215952185,783.2702293393198,-1008.0441252999931,537.2765160766796,1356.0594228962366,609.1442487196465,-1019.86558291117,-311.7288922625111,343.07986393770716,-1092.4748790361805,-1796.7245427479804,-826.9666477339343,2469.888200515278,330.8104789423232,556.5663147414692,-1189.927439656805,2161.387163101619,2771.4337902743873,-638.0706583628868,1413.3582278256367,769.6021292547922,-358.50400593359205,223.9550418986087,-1844.3222220520397,-235.53656125367877,-453.0208810513315,1906.3424443536467,1039.6297505705531,-1785.6665834432592,1350.7233945596272,543.1290533580598,-409.6900095055068,640.2350871168856,-514.6331834663075,547.6442867293111
1914.9797856906025,432.86495257324174,1335.63871264122,3091.583390759606,-152.68903399952683,-1848.7927679600405,1182.460470009409,-2880.5064285633853,-1548.5826154033632,-596.262841364184,2590.7310245452068,-356.42983740602267,692.3764448009158,2276.6870735468524,-1173.6623861994588,2133.644203659381,-2204.627343800879,605.1674274946456,-2213.6459375870763,-129.15021137117736,1774.5015467002543,117.31554439696578,-1673.8894617717344,2155.129301497134,-1147.8499294929552,-2900.2176536099378,-1302.8588621548201,2179.562031309377,666.8866832492164,-734.4412097422523,2335.595783023711,3839.539905735617,1767.4750109151007,-5280.328635047247,-708.762080418296,-1189.927439656805,2544.817212135212,-4621.317991681681,-5924.275831072381,1363.5132370850192,-3021.73904919313,-1645.7659530864228,766.1139140566821,-478.2218574751621,3942.702281127364,502.494987548243,967.2670883335173,-4075.658163571499,-2222.882588568026,3816.8643414027583,-2887.049597280534,-1161.0299886810312,875.8960422150602,-1368.3246292448275,1099.8204410934907,-1170.7591100493044
