V1,V2,V3,V4,V5,V6,V7,V8,V9,V10,V11,V12,V13,V14,V15,V16,V17,V18,V19,V20,V21,V22,V23,V24,V25,V26,V27,V28,V29,V30,V31,V32,V33,V34,V35,V36,V37,V38,V39,V40,V41,V42,V43,V44,V45,V46,V47,V48,V49,V50,V51,V52,V53,V54,V55,V56
0.9899074640593971,0.2925687104994027,-1.5260076444884363,-0.29672811800308624,0.2522804511239187,0.6671346957130038,0.3246991226257773,0.3097930044275959,0.16000714937573998,-1.3518492665755784,0.9547684748558649,-0.3638190573689816,-0.8680892016159134,0.39322600690046994,-1.18760581432528,-0.0013423935273827788,0.5142650776499609,0.6313819989669012,-0.4061579482479791,0.47632275047014566,0.483588033814234,0.35194718806972725,1.332684946327939,-0.9028569982444021,1.5421073619254613,-0.2723944066292777,0.16273057349790057,-0.2383883115127615,-0.40698754290712047,1.0044258848782655,1.128883459514984,-0.46737040190617496,-0.967510799579206,-0.5549641265137946,0.7517549751329978,0.05516859652072448,1.4816231420089394,0.7285549183708114,-0.5272557589742787,0.6231856780701561,-0.39483097215117335,0.3971106561605294,-0.6209705653517579,-0.21926881576975207,-0.3699942915428288,1.0803250221645828,0.4893492498321502,-0.6591258543539309,-0.634239869132376,-0.21620842257742104,0.20936473373681674,0.13561695541609017,0.6056232589344774,0.6480156949229734,0.17163308355420703,-0.2501732392227768
0.2925687104994027,0.8518059771046308,-0.019428803954107485,-0.39571817635359763,0.42868027718489066,-0.3491081916169131,-0.47475100615103144,-0.011699997142565957,0.250189026672625,1.1786344619328872,0.18390533334568915,-0.8198390287978905,0.35392346634640476,-0.9178966968669386,0.7390934772074867,0.039566941851820615,-0.5742273481817747,0.5380325214880165,0.44751406058926135,0.7147533878988058,-0.16056525161579754,-0.2488584495643751,0.6379605777660518,0.522728488090671,-0.4994041275678298,-0.2771756961081386,0.1718066603301749,-0.6529332514023434,0.7509774354623185,0.4009217621589677,0.036595648188395044,0.15224505042012437,0.039287178196434396,-0.5327064693729759,-0.8208848184641405,-0.8925940313770033,0.04024295165074009,0.2153517470020513,0.5327008097701648,-0.03502780665033343,0.9859597059914372,-0.29834730347551486,-0.9890146964455899,0.1269430513683331,-0.30295202260603254,0.8470655510628166,0.3819517589861316,0.3517342132817998,0.34503460655073415,-0.08832603252177837,0.5788262714102104,-0.2983665760360533,-0.5861172604155069,0.43832784671576813,0.5012388252061983,0.5868391007731995
-1.5260076444884363,-0.019428803954107485,2.8121143795575865,0.44184162291789214,-0.07782760298559827,-1.853182045416891,-1.1385689233173777,-0.252021596750548,-0.1754251981320548,3.4001934034096304,-2.017204420688396,0.22419292277299793,1.8606019235199953,-0.782548000882033,2.659944157463876,0.0755578418366839,-1.2214414805603049,-1.0052987690480046,1.238372850705095,-0.0863205409102048,-1.2089609599190425,-0.16906172578940995,-2.6415240522084904,1.6475268051115768,-3.018600330921795,0.7587135070146789,-0.14667475556005521,0.5137182475326524,0.981596722031506,-2.1771211673964803,-2.2364257452638188,1.2740428087697324,2.115777018036897,0.9527463608219673,-1.5796056136307601,-1.537769801222728,-2.660421768806846,-1.16865308016759,0.9228670861266405,-1.549204860001644,1.4168641345108701,-0.6128337396686785,0.6458296370382722,0.339382797962575,1.3127185262052257,-1.5550109785623534,-1.346190529179822,1.1094402684541518,1.6651200226267677,0.3031525249352111,0.22850413970602093,-0.17364240276234985,-0.5179250900564596,-1.2187683311285453,0.3104520344846058,0.75485879832328
-0.29672811800308624,-0.39571817635359763,0.44184162291789214,0.33102529834380323,-0.13948672139838952,-0.3705501286342171,-0.10313586171685596,0.1657385761676012,-0.16335695852469825,0.08247771535545446,-0.6176274456794482,0.4467897142169125,0.14649269902307735,0.6139024686744321,0.07094114695370708,0.01578905525644756,0.12660620725450547,-0.5074917180231429,0.10852752288211623,-0.13282309755756613,-0.24141584644265238,0.46958720518386265,-1.0474032445679642,-0.19802896944864504,-0.15021904931629082,0.49861344720683914,-0.07457246266098055,0.6675794940819999,-0.3393256295530455,-0.8565975835217159,-0.46472600645095424,0.3208426545706415,0.47873364922201167,0.5433014898858206,0.32770929747686234,-0.3607174127175454,-0.39468095998571123,-0.2514499010303769,-0.3315369449056277,-0.4476256911707328,-0.18973855022166605,0.228977343524753,0.6250061189973732,-0.09021720240433473,0.8262076703512864,-0.6825869486857022,-0.7906781317274827,-0.18457210016511186,0.26686060035128156,0.05974733080841532,-0.08041215819750058,0.26755140389397614,0.7737759757265625,-0.5670650778173915,0.006703484029473154,-0.19705335718830372
0.2522804511239187,0.42868027718489066,-0.07782760298559827,-0.13948672139838952,0.2885345222753665,-0.33490527348387034,-0.3393743379451839,0.16680965310297144,0.11479414760489821,0.6043280893635811,-0.04042092628225488,-0.3926671417322286,0.15102519390326927,-0.1887023328210698,0.3155341774977668,0.050706188720002696,-0.21752104290388002,0.2143408491280355,0.307821977761928,0.5496994591374124,-0.16236126819048374,0.2052879719594286,0.10111429490340096,0.05112215996701717,-0.10477135609444593,0.061243356230458054,0.11771686817141254,-0.10187615683976758,0.24020740940735502,-0.037696010018220386,-0.012839514504889987,0.20214410279462766,0.1338895061050675,-0.16090784607244488,-0.21663332847265876,-0.86582359015438,0.11455693513970368,0.16195876365525147,0.050897123236125996,-0.17196228375101438,0.5061905135338767,0.01849924824213134,-0.468695237026068,-0.02134589544893505,0.2383263045948764,0.43346077859446125,-0.11946371005044051,-0.020128499993243967,0.27527896672158575,-0.07163761972401354,0.4257292529117883,-0.012707153296351319,0.20583041985248043,0.10658204832084552,0.412214233346041,0.24415943093901868
0.6671346957130038,-0.3491081916169131,-1.853182045416891,-0.3705501286342171,-0.33490527348387034,2.1377900933544014,1.4034432943123571,-0.4436597614754657,0.07706614790856635,-3.0598802708709956,1.9485000554601979,0.09021423631895537,-1.455199009046226,-0.060161933253152326,-2.0752111421798882,-0.1221162810478399,0.8982291264224518,0.7674540892042075,-1.3848921033169332,-0.8829715131592338,1.2655213695126968,-0.9517672462447844,2.555234910278544,-0.6572629154065232,1.9529097306471137,-1.1630743669689236,-0.054995012203485766,-0.9527063414432428,-0.5161712045955736,2.3007146105406715,1.7862625122947207,-1.517060700832107,-1.9239412589541947,-0.8674615613953915,0.7966589095276275,3.0459705637287104,1.642678429323494,0.5985603979612734,-0.13644773043107195,1.733274152033078,-1.4955384478258424,-0.04342410065985789,-0.23647425753506693,-0.025942858980985514,-2.220282567195386,0.8462538360027908,1.9844430199303509,-0.2952967841628047,-1.772809060487141,-0.07447218069371493,-0.8510130904191698,-0.24063744130980366,-1.2107436891414676,1.1737495129018953,-0.9969224865275881,-0.613967483432572
0.3246991226257773,-0.47475100615103144,-1.1385689233173777,-0.10313586171685596,-0.3393743379451839,1.4034432943123571,1.001825534422354,-0.2527598871257867,-0.03195656444437376,-2.2448056697838594,1.1247932096872542,0.31071630075276335,-1.0034244077111054,0.2740809838457645,-1.5106018036495183,-0.09477261236777314,0.7339473960075715,0.29622433485651023,-0.9863592177730661,-0.7525622948365743,0.8207329601658494,-0.4834101625902213,1.3488677289279611,-0.5865996766487219,1.3636129578190503,-0.6157211183158637,-0.08718376439569724,-0.3630793665632443,-0.5647742774681107,1.2759329985523309,1.081958766346322,-0.9614922886601367,-1.1997781913199839,-0.3626582578825545,0.7609229641319476,2.1093784405870424,1.0038673702933811,0.3051191991730194,-0.26400621111051514,1.0633468950837346,-1.2232640317335362,0.08160904858110933,0.17047157557411372,-0.057585113285056035,-1.247484007031237,0.2508299146756893,1.0753829162292032,-0.30084489764560374,-1.1849162242399494,-0.023732429786662148,-0.6974229101982796,-0.04525250260106518,-0.5176406692471174,0.5723646098333953,-0.7571929667719538,-0.5635940629902237
0.3097930044275959,-0.011699997142565957,-0.252021596750548,0.1657385761676012,0.16680965310297144,-0.4436597614754657,-0.2527598871257867,0.5195915699202974,-0.04217902905218178,-0.07367022003858008,-0.3793999777507207,0.08090771047341533,-0.11362766624075395,0.8653467470180388,-0.2491019545522317,0.03913646654317854,0.24319268471378644,-0.18420518429032046,0.18574416935052357,0.5118852678958586,-0.2098451504427868,0.9641108905407775,-0.6421676293202143,-0.6845289473921988,0.4869155672684372,0.565696629433544,0.07497133362381538,0.6824787684459348,-0.4643812543714134,-0.6437878781432045,-0.05919681516344306,0.3739780638368482,0.22162011847783417,0.29728698504927836,0.6367757730483954,-1.1796793409995114,0.3200827327884102,0.16916895599746357,-0.6574246541466688,-0.42022326755432515,-0.029956337463653546,0.5242905861130133,0.14077154633949696,-0.2373203634513785,1.0840684595523797,-0.014692285510302466,-0.8992529868524569,-0.5813416565963736,0.268138233546389,-0.09693178716043055,0.3385469042628661,0.4099269202815849,1.510813441860381,-0.34345351755126113,0.4323460613618163,-0.18559492916350845
0.16000714937573998,0.250189026672625,-0.1754251981320548,-0.16335695852469825,0.11479414760489821,0.07706614790856635,-0.03195656444437376,-0.04217902905218178,0.09013316066537774,0.11408620979001098,0.23708011995816825,-0.2636458203784215,-0.015548390208265277,-0.3074106818889427,0.05686628954393056,0.005154001250761975,-0.10770183768611649,0.24849671104301096,0.025108164623499934,0.16107338295566645,0.06027148466662713,-0.1634432097550875,0.4418590125011115,0.11179568558191048,0.014240103565146075,-0.1937216407959126,0.05322861884464107,-0.3003082328918075,0.2015100971697491,0.3367152357808656,0.174161358146054,-0.08723006623363297,-0.15588903513424118,-0.25308300500765546,-0.1977268646176919,-0.024893528700603303,0.163903933848573,0.12665264546838537,0.16065350382121746,0.14331070884093305,0.19178316914863025,-0.10110298067120123,-0.35125460054855934,0.0373296147068395,-0.2939086346597691,0.36003699562068603,0.30232437005691637,0.08564069702317956,-0.04554347527136193,-0.03565007008297819,0.11858309274925147,-0.11861709900466977,-0.2981617556595493,0.2513263354159337,0.07896332937668996,0.1385110908001057
-1.3518492665755784,1.1786344619328872,3.4001934034096304,0.08247771535545446,0.6043280893635811,-3.0598802708709956,-2.2448056697838594,-0.07367022003858008,0.11408620979001098,5.940779060722914,-2.4761885734966107,-0.8427176791806374,2.7959634726656044,-1.861911504529181,4.291327473892635,0.18281385551863397,-2.236744649873667,-0.5938871360871933,2.3013728008396432,1.1734428607280498,-1.8639150106011282,-0.07539847132270815,-2.7513044815726913,2.4836424069271206,-4.27713413559769,0.8556104998983517,0.10033758162652005,0.06465157026948506,2.0788349395791976,-2.51539009414488,-2.803701396350293,2.0093081140648477,2.859966552641858,0.600744742135047,-2.843981819389641,-3.809689498387494,-3.1430121240410864,-1.0845794442565053,1.5886468072607343,-2.222235496869544,3.180115749735706,-0.9357019060453062,-0.5282543572844112,0.4841963592777082,1.7889853823471493,-0.7590503278329871,-1.6147560967396515,1.6020696658080011,2.7296622598574167,0.21169408809494916,1.292123587204547,-0.4350644116996838,-0.7262639763621763,-1.0870385222698935,1.3287301821751962,1.6963185215584469
0.9547684748558649,0.18390533334568915,-2.017204420688396,-0.6176274456794482,-0.04042092628225488,1.9485000554601979,1.1247932096872542,-0.3793999777507207,0.23708011995816825,-2.4761885734966107,2.1083453621168977,-0.4245701124029503,-1.3281232129722205,-0.5017010645969072,-1.7555347863586555,-0.09256911277397707,0.6200808782540365,1.1285232376404175,-1.1346123704435753,-0.36864259610922195,1.1924367860637408,-0.9858825858836214,2.996557849451006,-0.48033484284063693,1.8290518690178024,-1.3021153956489149,0.06901139681438878,-1.3048517143262284,-0.14093736050431632,2.5689404096017845,1.8999881822776061,-1.4352113899669294,-1.9600491601257066,-1.207028244917936,0.42477167853366377,2.414647332155513,1.8215716723988438,0.8046254797790834,0.07937186939208181,1.7289260246393015,-0.9417301401027001,-0.14288647989046288,-0.8711882125541693,0.00941547940906229,-2.3364409244004465,1.4463450815006338,2.176572079347438,-0.1932435495263939,-1.597864111967135,-0.15349455252072122,-0.4554759041906056,-0.3716424627685932,-1.3790609548903692,1.462584069057089,-0.6438446359140217,-0.30013323824072285
-0.3638190573689816,-0.8198390287978905,0.22419292277299793,0.4467897142169125,-0.3926671417322286,0.09021423631895537,0.31071630075276335,0.08090771047341533,-0.2636458203784215,-0.8427176791806374,-0.4245701124029503,0.8211178226196445,-0.19313265324119197,0.9655637268529681,-0.5179141338707708,-0.029412545031187273,0.48458393946246336,-0.6402096730002023,-0.2888881849050999,-0.6063518774073978,0.010028158530026823,0.3914516616186968,-0.9625195154745596,-0.47717391131270026,0.2950875140097726,0.4309672497961256,-0.1662221272545077,0.7928699427369664,-0.717049006930648,-0.6881447018805047,-0.2450682529384985,0.03630064778529608,0.1817090559582963,0.6464995094064293,0.7599118225389584,0.511442313702687,-0.21930580380746162,-0.2811408650523354,-0.5433425939508677,-0.17757034935582428,-0.825906568417255,0.32489057465151633,1.035164423790603,-0.13098342709287264,0.5929045945118696,-0.9577191836276813,-0.6439408657837934,-0.33814919632251805,-0.13490053322021942,0.09320956114974213,-0.4792593270162849,0.34233173239433906,0.7832899136683169,-0.59118152046018,-0.3791740087214162,-0.529089223739212
-0.8680892016159134,0.35392346634640476,1.8606019235199953,0.14649269902307735,0.15102519390326927,-1.455199009046226,-1.0034244077111054,-0.11362766624075395,-0.015548390208265277,2.7959634726656044,-1.3281232129722205,-0.19313265324119197,1.3961578582122238,-0.8219801522405017,2.0854367091485595,0.07097250831886458,-1.044297202116916,-0.46888031817709463,1.05064853663231,0.3099252108357547,-0.9103366941015368,-0.10847120337946779,-1.5847451113771387,1.2568505387370819,-2.1969506005271717,0.458681480913703,-0.016493603266174436,0.1456220140343107,0.9316652676967614,-1.3716960594965208,-1.5015121007748904,0.9713546428061373,1.4690838894272022,0.447719615973186,-1.3457756423516616,-1.5635201077737115,-1.741356436459636,-0.676218662093177,0.776118110247901,-1.1106471923540895,1.3789032414486202,-0.48046603145380384,0.026841466017679096,0.25680741990120576,0.8817083754894627,-0.6872108010538522,-0.8500196680789481,0.8334546761635351,1.3053798600398039,0.15458957409222326,0.44302184290665797,-0.19795312836269072,-0.42409596979651937,-0.6747758561679456,0.4765599923547302,0.7411324409357173
0.39322600690046994,-0.9178966968669386,-0.782548000882033,0.6139024686744321,-0.1887023328210698,-0.060161933253152326,0.2740809838457645,0.8653467470180388,-0.3074106818889427,-1.861911504529181,-0.5017010645969072,0.9655637268529681,-0.8219801522405017,2.449569958210878,-1.5635906528121002,-2.536152594484739e-4,1.1673474561923392,-0.7184061767867368,-0.367161031027233,0.051636216711887555,0.01709520952382749,1.7981499615458676,-1.3065976701189963,-1.8707208313398644,1.7293644272645161,1.0685717698850978,-0.04617313061566511,1.69078879175365,-1.6718552174694077,-1.1145265048702844,0.19115484842397276,0.24617018274907057,-0.013860190469183551,0.8912135391773272,2.1008715704852143,-0.6815042159518007,0.8442137770049913,0.2054729176062584,-1.728501221977049,-0.39678021692198995,-1.3002979705461264,1.2297338653358423,1.1844040512405216,-0.5522121020582649,1.8233874268136179,-0.7042703763789727,-1.6206693645662043,-1.4412780661681193,-0.18536323582477862,-0.10470264954862663,-0.12303743252961095,0.9840790432561112,3.069897041207572,-0.8308409368380858,0.09783380471939884,-1.0245660507844627
-1.18760581432528,0.7390934772074867,2.659944157463876,0.07094114695370708,0.3155341774977668,-2.0752111421798882,-1.5106018036495183,-0.2491019545522317,0.05686628954393056,4.291327473892635,-1.7555347863586555,-0.5179141338707708,2.0854367091485595,-1.5635906528121002,3.193834713789118,0.1160995602121234,-1.6733466550802398,-0.47468807347102526,1.583415978396014,0.5628396346788257,-1.2962955315115485,-0.37504174390808365,-1.9454634276425111,2.03491536807264,-3.3156771381491215,0.48146900934829495,0.0165292582605502,-0.09092575279875059,1.6060197381438714,-1.724771684904744,-2.096422754762504,1.3453436054103074,2.064379744981765,0.43648464977678486,-2.234731439135474,-2.265218316268249,-2.495543420563622,-0.9194850578880872,1.3485308086735344,-1.50958938989743,2.2297423355048362,-0.8487443277803969,-0.27330412954902084,0.43120555905130514,0.9941937479572087,-0.7184358205643107,-0.9465272643980648,1.3624609552715263,1.8933201483638025,0.21193282445052694,0.7420073848337428,-0.42844842073049355,-1.0107477577969584,-0.7683176229958404,0.7481284553172833,1.2423062398632723
-0.0013423935273827788,0.039566941851820615,0.0755578418366839,0.01578905525644756,0.050706188720002696,-0.1221162810478399,-0.09477261236777314,0.03913646654317854,0.005154001250761975,0.18281385551863397,-0.09256911277397707,-0.029412545031187273,0.07097250831886458,-2.536152594484739e-4,0.1160995602121234,0.02726753757293562,-0.048772746950855976,-0.017217966052413717,0.09537216640344341,0.0968138002402441,-0.07418125860387427,0.08270127071648319,-0.11439709057101567,0.025946929700423692,-0.08228490328350707,0.07533785666098135,0.017011152572586462,0.048219710247257165,0.03754709052929791,-0.13246843216577944,-0.08161855852959603,0.07874965119666118,0.12826391998288578,0.04081954089679775,-0.04073253790571252,-0.21722810013686597,-0.06005218718874681,-0.012278870345330789,-0.008101167998512133,-0.10082684416338204,0.10333441988608744,0.010423968635792459,-0.031099858832138623,-0.013182458771534141,0.15695990774444143,0.003595973386433037,-0.11810610863897097,-0.009477056838861651,0.10146481087908772,0.0018283461160322572,0.08669289677553163,0.020436390412098947,0.09464199364681634,-0.047308561935916295,0.08790170260049443,0.04225395988645328
0.5142650776499609,-0.5742273481817747,-1.2214414805603049,0.12660620725450547,-0.21752104290388002,0.8982291264224518,0.7339473960075715,0.24319268471378644,-0.10770183768611649,-2.236744649873667,0.6200808782540365,0.48458393946246336,-1.044297202116916,1.1673474561923392,-1.6733466550802398,-0.048772746950855976,0.9603794601615057,0.006554084802624273,-0.7738438980365414,-0.32206878322349014,0.560284487864252,0.48126553942872474,0.5054210321558253,-1.213540737152214,1.7192062577733338,0.014177190729640698,-0.03703541047302976,0.4012116728372218,-1.036228989488266,0.47301752654687007,0.8919107148068498,-0.5404641456631374,-0.8528778721803707,0.039912114711104334,1.3760600594616377,0.9521207020423752,1.1611246985329733,0.38273767247167423,-0.9115319196974305,0.563909122348211,-1.2684713155281522,0.589677643175571,0.4391582571822684,-0.2871215467981386,-0.06928850312566238,0.06774942512300348,0.07563247717768323,-0.8470274965293828,-0.8611400198505621,-0.09055340499912592,-0.40422975868688543,0.37801095838333015,0.993145684250207,0.12340955547132784,-0.36201265454320103,-0.7601902512554686
0.6313819989669012,0.5380325214880165,-1.0052987690480046,-0.5074917180231429,0.2143408491280355,0.7674540892042075,0.29622433485651023,-0.18420518429032046,0.24849671104301096,-0.5938871360871933,1.1285232376404175,-0.6402096730002023,-0.46888031817709463,-0.7184061767867368,-0.47468807347102526,-0.017217966052413717,0.006554084802624273,0.8378579837416167,-0.31477451405198054,0.20911247840034494,0.4967159533287311,-0.5959537536936229,1.8004807580731432,0.03004222027766276,0.6452055625084492,-0.7732114127711931,0.1279118969472329,-0.9742385873852918,0.32162586415083927,1.4574874458959695,0.952375801261909,-0.6223025210975575,-0.9278562639002063,-0.8665537077031368,-0.2142460649057126,0.6949360138741039,0.9222000937917325,0.5123382444780528,0.30664635753726377,0.8225868146122641,0.058076680745454405,-0.21950786938827854,-0.9526861623653736,0.06425401586203515,-1.281351452804227,1.1626250382281451,1.254108084113557,0.07649741232594792,-0.5991842650954956,-0.12182376460270612,0.09274247963084886,-0.33190944573926623,-0.9614369745345434,0.9460165732254233,-0.04150949662148683,0.15965779276872827
-0.4061579482479791,0.44751406058926135,1.238372850705095,0.10852752288211623,0.307821977761928,-1.3848921033169332,-0.9863592177730661,0.18574416935052357,0.025108164623499934,2.3013728008396432,-1.1346123704435753,-0.2888881849050999,1.05064853663231,-0.367161031027233,1.583415978396014,0.09537216640344341,-0.7738438980365414,-0.31477451405198054,0.9832863752009656,0.6707705705237782,-0.8215002900158912,0.3765061826732172,-1.35744773217612,0.692118883054317,-1.47810662103605,0.5791724066095801,0.07073863274316929,0.3164237827147628,0.6212612044132505,-1.2706315498160454,-1.1310300791298318,0.9417055621852407,1.2320788196839745,0.3699974611914134,-0.8488666510731723,-1.9811182098512412,-1.1079581912839267,-0.360288406223958,0.34533961135755104,-1.05212478887706,1.2311538199585301,-0.1492117728745506,-0.14313315542186408,0.08747016207590408,1.168015822361008,-0.31080473216132665,-1.0164863450914416,0.3822520081532073,1.1831745387708499,0.04663106738105245,0.6486781495915036,0.0032142543573167636,0.34632413602844886,-0.5748156579981689,0.7003455168959566,0.585762207441639
0.47632275047014566,0.7147533878988058,-0.0863205409102048,-0.13282309755756613,0.5496994591374124,-0.8829715131592338,-0.7525622948365743,0.5118852678958586,0.16107338295566645,1.1734428607280498,-0.36864259610922195,-0.6063518774073978,0.3099252108357547,0.051636216711887555,0.5628396346788257,0.0968138002402441,-0.32206878322349014,0.20911247840034494,0.6707705705237782,1.1518776899277487,-0.4407692092395671,0.7854917934765184,-0.2929637258801775,-0.1454774139546095,-0.12415873470711866,0.40965938397725243,0.22089148477862255,0.1828077758792345,0.2359144527976342,-0.4864428817978587,-0.18103029812129975,0.596838183527599,0.43526274936684994,-0.07755474314973866,-0.15274745259508396,-2.099695430691788,0.18753910834985058,0.28266855284941006,-0.16847679481498817,-0.5757464731266361,0.9155522244105411,0.24492978006162808,-0.6729087671640275,-0.12289456952825625,0.9764461110407219,0.6203124429755332,-0.7023006186750028,-0.23729958977183688,0.6869980010658204,-0.1514073426395287,0.8786716324207684,0.16083015286109317,1.0310656712741648,-0.05838105202178996,0.90914023988334,0.3644966901201392
0.483588033814234,-0.16056525161579754,-1.2089609599190425,-0.24141584644265238,-0.16236126819048374,1.2655213695126968,0.8207329601658494,-0.2098451504427868,0.06027148466662713,-1.8639150106011282,1.1924367860637408,0.010028158530026823,-0.9103366941015368,0.01709520952382749,-1.2962955315115485,-0.07418125860387427,0.560284487864252,0.4967159533287311,-0.8215002900158912,-0.4407692092395671,0.7611947809417046,-0.4901103383432131,1.572324794880256,-0.4740967806725736,1.2657252258326097,-0.6804563389764079,-0.013823211556085306,-0.5555090753788843,-0.3387813041468342,1.4000555342507377,1.1243941381405353,-0.89483585099896,-1.192318196072481,-0.5479906777560515,0.5335446493921921,1.702046066088061,1.085921281021478,0.41699179035525197,-0.13696344976525365,1.0375277116607995,-0.8809549965914113,0.02388018138317759,-0.19689931859640059,-0.03744768876800581,-1.2837474803106306,0.5898841683352173,1.16061508796881,-0.238407944719099,-1.0598247443491473,-0.06814549766760766,-0.45478799177029394,-0.1181090473245283,-0.6001621556847114,0.7253266722999376,-0.5379747545132048,-0.37263933553153616
0.35194718806972725,-0.2488584495643751,-0.16906172578940995,0.46958720518386265,0.2052879719594286,-0.9517672462447844,-0.4834101625902213,0.9641108905407775,-0.1634432097550875,-0.07539847132270815,-0.9858825858836214,0.3914516616186968,-0.10847120337946779,1.7981499615458676,-0.37504174390808365,0.08270127071648319,0.48126553942872474,-0.5959537536936229,0.3765061826732172,0.7854917934765184,-0.4901103383432131,1.886981847817272,-1.6715149660992403,-1.257738763023428,0.7323123494860734,1.2363336103063376,0.08520386409067282,1.5247951715155406,-0.9694136243907691,-1.5743848651691057,-0.3640111768159057,0.8045634355851344,0.6575690005834975,0.812023585697788,1.253816034142848,-2.1804482622826,0.311009074551409,0.1398667945557959,-1.293684817664793,-0.9608180888291102,-0.15872583625171274,1.008114515977644,0.587897518431938,-0.4531330255971325,2.2973705265922706,-0.40936694737800006,-1.959833586529286,-1.0845242327830176,0.6000287575310013,-0.1257727147367539,0.5265890446390985,0.8410526141482317,2.972167730063423,-0.8972809204381879,0.7306453095545172,-0.4234132264037065
1.332684946327939,0.6379605777660518,-2.6415240522084904,-1.0474032445679642,0.10111429490340096,2.555234910278544,1.3488677289279611,-0.6421676293202143,0.4418590125011115,-2.7513044815726913,2.996557849451006,-0.9625195154745596,-1.5847451113771387,-1.3065976701189963,-1.9454634276425111,-0.11439709057101567,0.5054210321558253,1.8004807580731432,-1.35744773217612,-0.2929637258801775,1.572324794880256,-1.6715149660992403,4.456804915037731,-0.2316326523119416,2.0944932659546303,-2.007584456941171,0.15236736641716922,-2.2127289107313297,0.2714039755373716,3.776242113800019,2.570585507359786,-1.9422298255946708,-2.655061454123758,-1.930438120185,0.03314651402258563,3.113095697367149,2.372747714027458,1.1315392275514173,0.5135013219587878,2.399130035973445,-0.7999558388932648,-0.4584117484318298,-1.6523549913633897,0.12940788339540116,-3.530296913883441,2.3245673578299306,3.30758326610334,0.04715376805511551,-2.0445408340696725,-0.2210310851507826,-0.4277308203499317,-0.7352674023325869,-2.4882039928099005,2.2409697989645467,-0.7386990046661627,-0.08628353588177817
-0.9028569982444021,0.522728488090671,1.6475268051115768,-0.19802896944864504,0.05112215996701717,-0.6572629154065232,-0.5865996766487219,-0.6845289473921988,0.11179568558191048,2.4836424069271206,-0.48033484284063693,-0.47717391131270026,1.2568505387370819,-1.8707208313398644,2.03491536807264,0.025946929700423692,-1.213540737152214,0.03004222027766276,0.692118883054317,-0.1454774139546095,-0.4740967806725736,-1.257738763023428,-0.2316326523119416,1.8642363370654336,-2.3150025622610064,-0.3927403650666323,-0.04526880814445339,-0.8710498394534874,1.441046393438751,-0.152123374498092,-1.0206134691030977,0.32257752889937985,0.8446637631692917,-0.1684247177262235,-1.9612586892726105,-0.053510962891691764,-1.6313051484811516,-0.6257434363881219,1.4793737174513903,-0.3423216190809442,1.3371344219359043,-1.0437553960776451,-0.43998735698109054,0.49490474448395894,-0.6811341745848845,-0.2306027448850269,0.5222142319880683,1.378274260809309,0.7492920806729212,0.20058727229488096,0.11218425442800872,-0.7032039020690447,-2.221059543300744,0.032098349404465265,0.0034555207181870807,0.9304263970180712
1.5421073619254613,-0.4994041275678298,-3.018600330921795,-0.15021904931629082,-0.10477135609444593,1.9529097306471137,1.3636129578190503,0.4869155672684372,0.014240103565146075,-4.27713413559769,1.8290518690178024,0.2950875140097726,-2.1969506005271717,1.7293644272645161,-3.3156771381491215,-0.08228490328350707,1.7192062577733338,0.6452055625084492,-1.47810662103605,-0.12415873470711866,1.2657252258326097,0.7323123494860734,2.0944932659546303,-2.3150025622610064,3.646057261718247,-0.3827995038014047,0.08152687442071616,0.1457728621453941,-1.667350776686115,1.7494449113503845,2.2794241202543954,-1.2621577175541268,-2.1253097691825875,-0.5434493880978749,2.4048631510433274,1.6426397741191971,2.8773216113873437,1.1568222104674146,-1.5582505215074207,1.4553969035642562,-2.0803594994034396,1.0368753104967474,-0.018949287023153835,-0.5309713396702913,-0.723270404660999,1.1031358838483911,0.7915809395901416,-1.6123386533410127,-1.827867751676962,-0.30165689127212003,-0.44179057904296964,0.5332044736765041,1.5259275025528278,0.8601913681489719,-0.44218075639015053,-1.2166041020705916
-0.2723944066292777,-0.2771756961081386,0.7587135070146789,0.49861344720683914,0.061243356230458054,-1.1630743669689236,-0.6157211183158637,0.565696629433544,-0.1937216407959126,0.8556104998983517,-1.3021153956489149,0.4309672497961256,0.458681480913703,1.0685717698850978,0.48146900934829495,0.07533785666098135,0.014177190729640698,-0.7732114127711931,0.5791724066095801,0.40965938397725243,-0.6804563389764079,1.2363336103063376,-2.007584456941171,-0.3927403650666323,-0.3827995038014047,1.0930017144518842,-0.009183393446431952,1.2548746632688876,-0.43438023406549126,-1.7722447723634822,-0.937828354903676,0.9098176906389263,1.0897232826813064,0.901612978845214,0.44818308934350093,-1.8177259678758733,-0.6196193900349316,-0.2943106312592979,-0.6428988658449448,-1.1147149607124565,0.21079197209514738,0.5187679421100211,0.7116825059686627,-0.2135185657662454,1.97543610247261,-0.8561391133341854,-1.7689501844007318,-0.4241517594354766,0.8714594566987777,0.021253937560802016,0.3514684365117207,0.5436925692407626,1.8920426494995015,-1.0277810443618816,0.5216577282819024,-0.12098650494573922
0.16273057349790057,0.1718066603301749,-0.14667475556005521,-0.07457246266098055,0.11771686817141254,-0.054995012203485766,-0.08718376439569724,0.07497133362381538,0.05322861884464107,0.10033758162652005,0.06901139681438878,-0.1662221272545077,-0.016493603266174436,-0.04617313061566511,0.0165292582605502,0.017011152572586462,-0.03703541047302976,0.1279118969472329,0.07073863274316929,0.22089148477862255,-0.013823211556085306,0.08520386409067282,0.15236736641716922,-0.04526880814445339,0.08152687442071616,-0.009183393446431952,0.052764867919846366,-0.06456854006072539,0.05691711823173669,0.0776705391379688,0.08785124993554316,0.026308021578973006,-0.03507584826755058,-0.10480289785493588,-0.02336207662552506,-0.277008483811226,0.15478025614577273,0.11240828306734342,-0.015457527979620656,-0.0027364824116900043,0.14325997642074598,0.03075983715968655,-0.2143109659060769,-0.021706818198763297,0.03652316544228862,0.23747405421767465,0.011628012679325443,-0.05183650771527992,0.03970132765733594,-0.04074890472323751,0.15907192300739284,5.637307063501764e-4,0.09773911580662194,0.09439303137367805,0.14989647906211578,0.06680005662159738
-0.2383883115127615,-0.6529332514023434,0.5137182475326524,0.6675794940819999,-0.10187615683976758,-0.9527063414432428,-0.3630793665632443,0.6824787684459348,-0.3003082328918075,0.06465157026948506,-1.3048517143262284,0.7928699427369664,0.1456220140343107,1.69078879175365,-0.09092575279875059,0.048219710247257165,0.4012116728372218,-0.9742385873852918,0.3164237827147628,0.1828077758792345,-0.5555090753788843,1.5247951715155406,-2.2127289107313297,-0.8710498394534874,0.1457728621453941,1.2548746632688876,-0.06456854006072539,1.6277521003271564,-0.9265584093576485,-1.8943188097607242,-0.7997745705899846,0.8205021257181595,0.9375342334536799,1.1158779244096162,1.0431927824653295,-1.516642238652481,-0.38444860325834324,-0.2740125251992295,-1.0604439749690695,-1.0569243035519535,-0.33836030915708143,0.7907641364446043,1.1357686331600148,-0.33165997962879107,2.191796721009983,-1.1277295897650101,-1.995595910676763,-0.7585111624747564,0.6438605316910836,0.01776292761675101,0.12924698055239325,0.75970696204014,2.4588037226969073,-1.1959676737424834,0.3482379029036941,-0.4710681100058063
-0.40698754290712047,0.7509774354623185,0.981596722031506,-0.3393256295530455,0.24020740940735502,-0.5161712045955736,-0.5647742774681107,-0.4643812543714134,0.2015100971697491,2.0788349395791976,-0.14093736050431632,-0.717049006930648,0.9316652676967614,-1.6718552174694077,1.6060197381438714,0.03754709052929791,-1.036228989488266,0.32162586415083927,0.6212612044132505,0.2359144527976342,-0.3387813041468342,-0.9694136243907691,0.2714039755373716,1.441046393438751,-1.667350776686115,-0.43438023406549126,0.05691711823173669,-0.9265584093576485,1.2891038938247414,0.18716986185864729,-0.5707181327923746,0.22343697360154294,0.4995630067331349,-0.4076869158874696,-1.647299593390644,-0.3678008553580973,-0.9679708890514908,-0.2716430759472409,1.214489405463553,-0.17313188467850282,1.3017938374923195,-0.8251758110263272,-0.7946730436653417,0.37911548157915775,-0.6695677317231681,0.31439816956012745,0.6032724982419398,1.0505179519664987,0.5883000056472658,0.08351067155863086,0.33558284339756367,-0.6116142241184601,-1.7729238353613592,0.2877336208281125,0.21893330448612028,0.8721038227258596
1.0044258848782655,0.4009217621589677,-2.1771211673964803,-0.8565975835217159,-0.037696010018220386,2.3007146105406715,1.2759329985523309,-0.6437878781432045,0.3367152357808656,-2.51539009414488,2.5689404096017845,-0.6881447018805047,-1.3716960594965208,-1.1145265048702844,-1.724771684904744,-0.13246843216577944,0.47301752654687007,1.4574874458959695,-1.2706315498160454,-0.4864428817978587,1.4000555342507377,-1.5743848651691057,3.776242113800019,-0.152123374498092,1.7494449113503845,-1.7722447723634822,0.0776705391379688,-1.8943188097607242,0.18716986185864729,3.2669467144714432,2.1743628800442747,-1.7292691687626514,-2.3269123020249496,-1.6072240649569336,0.0410879100498266,3.020223933972316,1.9301019273715991,0.8829321505098258,0.4828356305630426,2.1204977588728826,-0.840581421785111,-0.4396975811247638,-1.2387297168474667,0.1460947042894757,-3.173577137099715,1.8046512620887574,2.9142586322877593,0.1108900345710393,-1.8369123736357473,-0.15781275230669392,-0.5450806534264362,-0.6564816891783485,-2.305483773687561,1.8806494583367468,-0.8059358475621146,-0.1372798899340813
1.128883459514984,0.036595648188395044,-2.2364257452638188,-0.46472600645095424,-0.012839514504889987,1.7862625122947207,1.081958766346322,-0.05919681516344306,0.174161358146054,-2.803701396350293,1.8999881822776061,-0.2450682529384985,-1.5015121007748904,0.19115484842397276,-2.096422754762504,-0.08161855852959603,0.8919107148068498,0.952375801261909,-1.1310300791298318,-0.18103029812129975,1.1243941381405353,-0.3640111768159057,2.570585507359786,-1.0206134691030977,2.2794241202543954,-0.937828354903676,0.08785124993554316,-0.7997745705899846,-0.5707181327923746,2.1743628800442747,1.9146122571335003,-1.2661771686245489,-1.8935662213036801,-0.9657018486898374,0.9835676746492685,1.8948139577073433,2.073784563851465,0.8994991666588364,-0.42552117254631966,1.522660507999498,-1.1601986612125998,0.23715647376612484,-0.63542498562573,-0.16062607000711834,-1.6738936641234554,1.3327396285936879,1.6086828479681592,-0.6259094325806198,-1.5361327391717294,-0.2057010023869533,-0.3577391266215166,-0.07245480782255466,-0.3621989688130982,1.2133133843154738,-0.47760434594733997,-0.5285471575219542
-0.46737040190617496,0.15224505042012437,1.2740428087697324,0.3208426545706415,0.20214410279462766,-1.517060700832107,-0.9614922886601367,0.3739780638368482,-0.08723006623363297,2.0093081140648477,-1.4352113899669294,0.03630064778529608,0.9713546428061373,0.24617018274907057,1.3453436054103074,0.07874965119666118,-0.5404641456631374,-0.6223025210975575,0.9417055621852407,0.596838183527599,-0.89483585099896,0.8045634355851344,-1.9422298255946708,0.32257752889937985,-1.2621577175541268,0.9098176906389263,0.026308021578973006,0.8205021257181595,0.22343697360154294,-1.7292691687626514,-1.2661771686245489,1.0966418177809039,1.3613897532219656,0.6995983438121663,-0.3947224211108006,-2.1787965534055322,-1.121481948452641,-0.4248312750624778,-0.03673071201379313,-1.2612493672052574,0.9378395058207816,0.12516746674754803,0.2964498770913764,-0.019771495555406655,1.710435156570167,-0.694621115642407,-1.538879535536252,0.10571034504161428,1.2394656301530782,0.04869197116734843,0.5680324337465635,0.24825706512002288,1.0910845736781585,-0.914618215230403,0.692497748179573,0.3446447962774701
-0.967510799579206,0.039287178196434396,2.115777018036897,0.47873364922201167,0.1338895061050675,-1.9239412589541947,-1.1997781913199839,0.22162011847783417,-0.15588903513424118,2.859966552641858,-1.9600491601257066,0.1817090559582963,1.4690838894272022,-0.013860190469183551,2.064379744981765,0.12826391998288578,-0.8528778721803707,-0.9278562639002063,1.2320788196839745,0.43526274936684994,-1.192318196072481,0.6575690005834975,-2.655061454123758,0.8446637631692917,-2.1253097691825875,1.0897232826813064,-0.03507584826755058,0.9375342334536799,0.4995630067331349,-2.3269123020249496,-1.8935662213036801,1.3613897532219656,1.985362255775409,1.0018968785063402,-0.8480792946882646,-2.332595307118702,-1.9279098958437293,-0.8051729871165161,0.25046386827938205,-1.6401666367690764,1.2350464207819285,-0.0986699195678235,0.5447754434948295,0.07893582942861795,1.9992957309296118,-1.203243989589717,-1.837524729641999,0.44395511746003996,1.6267419247952608,0.17065337111057105,0.5439403241837782,0.17790152231520523,0.7799871753557085,-1.2485147318352365,0.6728839006682181,0.5221485433012908
-0.5549641265137946,-0.5327064693729759,0.9527463608219673,0.5433014898858206,-0.16090784607244488,-0.8674615613953915,-0.3626582578825545,0.29728698504927836,-0.25308300500765546,0.600744742135047,-1.207028244917936,0.6464995094064293,0.447719615973186,0.8912135391773272,0.43648464977678486,0.04081954089679775,0.039912114711104334,-0.8665537077031368,0.3699974611914134,-0.07755474314973866,-0.5479906777560515,0.812023585697788,-1.930438120185,-0.1684247177262235,-0.5434493880978749,0.901612978845214,-0.10480289785493588,1.1158779244096162,-0.4076869158874696,-1.6072240649569336,-0.9657018486898374,0.6995983438121663,1.0018968785063402,0.9311914965452377,0.3408468719505858,-0.9688315117029459,-0.852361616193773,-0.47218440598982026,-0.44838090946801035,-0.9196504424832334,-0.04811020339758254,0.32877723939000125,0.9600225577159573,-0.12164427119817393,1.5344277799498707,-1.1446533638372705,-1.4515902488957364,-0.20802142357247613,0.6627272288727809,0.1035211400172524,0.0011727439827004605,0.4205462846203891,1.285326510496708,-1.0127052160373604,0.1500784383577793,-0.19072884911307117
0.7517549751329978,-0.8208848184641405,-1.5796056136307601,0.32770929747686234,-0.21663332847265876,0.7966589095276275,0.7609229641319476,0.6367757730483954,-0.1977268646176919,-2.843981819389641,0.42477167853366377,0.7599118225389584,-1.3457756423516616,2.1008715704852143,-2.234731439135474,-0.04073253790571252,1.3760600594616377,-0.2142460649057126,-0.8488666510731723,-0.15274745259508396,0.5335446493921921,1.253816034142848,0.03314651402258563,-1.9612586892726105,2.4048631510433274,0.44818308934350093,-0.02336207662552506,1.0431927824653295,-1.647299593390644,0.0410879100498266,0.9835676746492685,-0.3947224211108006,-0.8480792946882646,0.3408468719505858,2.1684603559634907,0.45556780663118146,1.5520033242597657,0.5190255866485657,-1.5931465183536146,0.3727077550690344,-1.6607610201311356,1.0911368893394922,0.7808595488070736,-0.5136236446942142,0.7059909257003759,-0.08436660452986337,-0.5907593424315014,-1.4337185899171023,-0.8731438788915187,-0.1560817779318824,-0.3421748667779009,0.7676026102492143,2.278868789787747,-0.16954703603279206,-0.21448974040997895,-1.1086080201537372
0.05516859652072448,-0.8925940313770033,-1.537769801222728,-0.3607174127175454,-0.86582359015438,3.0459705637287104,2.1093784405870424,-1.1796793409995114,-0.024893528700603303,-3.809689498387494,2.414647332155513,0.511442313702687,-1.5635201077737115,-0.6815042159518007,-2.265218316268249,-0.21722810013686597,0.9521207020423752,0.6949360138741039,-1.9811182098512412,-2.099695430691788,1.702046066088061,-2.1804482622826,3.113095697367149,-0.053510962891691764,1.6426397741191971,-1.8177259678758733,-0.277008483811226,-1.516642238652481,-0.3678008553580973,3.020223933972316,1.8948139577073433,-2.1787965534055322,-2.332595307118702,-0.9688315117029459,0.45556780663118146,5.372730980469531,1.2105780149804586,0.23636916584829254,0.4438476513807657,2.398365922338831,-2.136589542980302,-0.588328666090685,0.20887049514056544,0.23065943764321967,-3.6257939796295964,0.3322482723622802,3.061247559128996,0.29409031858978546,-2.42272638130798,0.11433401647583377,-1.7360004343521391,-0.6330733714874697,-2.992040349793901,1.4026762553618881,-1.9639465889402827,-0.7514941656250564
