V1,V2,V3,V4,V5,V6,V7,V8,V9,V10,V11,V12,V13,V14,V15,V16,V17,V18,V19,V20,V21,V22,V23,V24,V25,V26,V27,V28,V29,V30,V31,V32,V33,V34,V35,V36,V37,V38,V39,V40,V41,V42,V43,V44,V45,V46,V47,V48,V49,V50,V51,V52,V53,V54,V55,V56
265995.89161508734,60030.672114431676,185545.37401460827,429584.2667882209,-21324.507908771473,-256748.14043157888,164304.36673585427,-400187.98339332605,-215032.8806367798,-83014.82555220192,359928.99038362823,-49585.30294184487,96015.1047422157,316150.5827796985,-162972.24217918736,296234.8138125921,-306157.27522510407,84191.33558934892,-307622.09690794797,-17918.22313477056,246504.51989190633,16383.523752801371,-232656.0479024965,299365.7326721608,-159607.9921623849,-402654.55577162455,-180867.72769733638,302927.5494266221,92549.71394034564,-101828.61332174942,324442.1607257421,533692.277587041,245622.84815085746,-733507.5183947518,-98150.85189631824,-165285.13244399606,353330.9813513797,-641856.6883903497,-823105.4803325323,189531.24508088912,-419730.67081650277,-228528.38068764235,106488.5548520758,-66545.22529498997,547742.0134381086,70014.35043342503,134613.806603361,-566138.5490436169,-308732.3485812458,530348.642860106,-401176.49370912096,-161305.96621569243,121668.12026505312,-190162.54681859902,152860.27911844483,-162641.86249531867
60030.672114431676,13547.89004763331,41874.39459397415,96949.6831196098,-4812.547067612915,-57943.581317167525,37080.66378559011,-90315.48930874749,-48529.24531749541,-18734.957261187406,81229.69701674598,-11190.543585891275,21668.8393436398,71349.67395153381,-36779.95685478464,66855.02610582531,-69094.36444663336,19000.529687114467,-69424.95908382516,-4043.8249222943023,55631.76568054196,3697.4924698561063,-52506.433093042746,67561.63580227691,-36020.71027097001,-90872.17970823812,-40818.64594383184,68365.42679083838,20886.85105873468,-22980.97273060216,73220.94008383976,120445.06478158628,55432.887348575925,-165539.84027145838,-22150.975181191297,-37301.9267936521,79740.69781676176,-144855.93416421788,-185760.60179197352,42773.8796335942,-94725.93503877241,-51574.80537008123,24032.619352993614,-15018.121844983194,123615.8601187258,15801.014394767592,30379.97319984968,-127767.63283459216,-69675.50614540173,119690.44569385449,-90538.4861912395,-36403.972361909364,27458.390980189477,-42916.34726711992,34497.87018559088,-36705.43493559023
185545.37401460827,41874.39459397415,129427.23888369276,299656.037902363,-14874.750662042756,-179094.398970968,114610.56283339283,-279150.9363873923,-149996.40504521976,-57906.614023896866,251068.05971345605,-34588.198667163546,66974.63192958223,220530.49487031763,-113680.88597071986,206638.2164948019,-213559.7111344514,58727.68563771288,-214581.59867379724,-12498.76716235491,171948.88172817344,11428.425383359647,-162289.12695360972,208822.25541315097,-111334.16723958985,-280871.6579633865,-126163.76945168759,211306.49492105716,64557.90736506614,-71030.65978926465,226314.23607222017,372276.59892503003,171334.52462363243,-511657.22401881154,-68465.26065063008,-115294.14039215719,246466.02928960323,-447726.81173376774,-574156.6220451006,132207.19041276004,-292782.9293157834,-159409.28529018268,74281.02942836698,-46418.720660492196,382077.06308546837,48838.42301849801,93899.59834312412,-394909.5202835215,-215355.88340486083,369944.07420293294,-279839.87214581546,-112518.99153812992,84869.5596771796,-132647.50098462065,106627.32211375315,-113450.66379671464
429584.2667882209,96949.6831196098,299656.037902363,693781.4086433267,-34439.73120136311,-414649.89290137024,265351.79249523644,-646305.344623276,-347277.84066755493,-134070.5350735741,581287.7319754035,-80080.49799718795,155067.25422303058,510585.2730275313,-263202.071824579,478421.37288201443,-494445.87858023576,135969.17257666518,-496811.22114773665,-28938.292925652313,398106.68764558365,26459.07731413191,-375740.50898102304,483477.5558669811,-257768.73780646533,-650288.2409926744,-292103.73747107806,489231.0243648186,149468.55317650683,-164453.07846618645,523976.3476739506,861916.0500792776,396680.3984956286,-1184620.01012984,-158513.37502771444,-266937.75084781443,570630.4386920078,-1036601.3387461836,-1329319.6993732227,306094.6666032357,-677866.8332383845,-369076.4405752538,171979.50977602598,-107470.35131126402,884606.1463215643,113073.68681748363,217402.61620795855,-914316.7776652983,-498604.89032661554,856516.6836557548,-647903.9768263068,-260509.49774548854,196494.4519798596,-307114.40829043335,246871.08875946116,-262667.6379371826
-21324.507908771473,-4812.547067612915,-14874.750662042756,-34439.73120136311,1709.8068831564074,20583.46385598147,-13171.908956787052,32082.66914631255,17238.44498295543,6655.741764686214,-28855.49952801606,3975.2077256263838,-7698.4879592881825,-25345.77126018641,13065.832170934029,-23749.210585577122,24544.549444570093,-6749.453716704237,24661.83771943714,1436.6069778406602,-19762.36052847457,-1313.2828633915105,18651.794998427828,-24000.094772899076,12796.095242606,32280.136713887274,14500.656161563258,-24286.125926200482,-7419.765913081778,8163.2489566997665,-26010.5562592234,-42785.860373878495,-19690.65161575696,58805.48200419057,7868.359519279262,13251.400456012676,-28325.914526283374,51456.97618256515,65987.85238386139,-15194.904380474329,33649.36463701642,18321.78966945174,-8537.094137389355,5334.655363591765,-43912.09004582363,-5613.071280806788,-10792.167045119984,45386.98582947277,24751.099984801564,-42518.068368095475,32162.850837971015,12931.588451085749,-9753.966997228436,15245.591291422976,-12255.11310721425,13038.96803094927
-256748.14043157888,-57943.581317167525,-179094.398970968,-414649.89290137024,20583.46385598147,247822.35013493756,-158591.89464597756,386275.071458846,207556.36204263798,80129.43873477708,-347416.19495720544,47861.429175170735,-92678.45837728248,-305159.7097225599,157307.04315537916,-285936.4194851352,295513.73691875796,-81264.23371713661,296927.43618710025,17295.44032068811,-237935.01458775147,-15813.711680140595,224567.53104961128,-288958.3295429035,154059.71505142975,388655.52729200723,174580.59051942753,-292396.96144682256,-89332.33777168856,98288.1160805508,-313163.0973669651,-515138.3460812741,-237082.6248862741,708007.6726215708,94738.15328748264,159539.71861875904,-341046.7306845149,619541.9031670245,794489.8637956249,-182942.51370452513,405138.31082347623,220584.58159756416,-102786.39582210605,64231.44036732151,-528699.4670544463,-67580.35469814941,-129934.24796879126,546456.5155118301,297999.4317807269,-511911.30922221794,387230.46479827276,155697.81364043086,-117438.15491727053,183551.97168926266,-147546.56028615017,156987.6443130002
164304.36673585427,37080.66378559011,114610.56283339283,265351.79249523644,-13171.908956787052,-158591.89464597756,101490.08582754953,-247194.07572211119,-132824.99790544453,-51277.54247736839,222326.10511716432,-30628.585654113445,59307.46778318471,195284.44057002896,-100666.84494015384,182982.53220696424,-189111.66270063887,52004.60793670522,-190016.56217788372,-11067.92296639801,152264.39126464358,10120.112996855985,-143710.46373281314,184916.5440035067,-98588.77585395233,-248717.81189834725,-111720.70255267363,187116.39748386433,57167.403721914045,-62899.15570206708,200406.06506907355,329658.8384504362,151720.35239989878,-453083.34395348147,-60627.43953646471,-102095.41808627048,218250.8991255056,-396471.60462757683,-508427.88465210836,117072.2776362171,-259265.503206765,-141160.3208552218,65777.42760101729,-41104.76306272715,338337.35459461436,43247.459834741145,83150.08926500248,-349700.7666134286,-190702.21031393242,327593.33854457474,-247804.16123506872,-99637.95503386567,75153.79750232521,-117462.18568227785,94420.763299892,-100462.97490980009
-400187.98339332605,-90315.48930874749,-279150.9363873923,-646305.344623276,32082.66914631255,386275.071458846,-247194.07572211119,602078.6864190836,323514.3807112712,124895.30316363586,-541509.6712535217,74600.57714056336,-144454.45702232435,-475645.47682440514,245190.39667369006,-445682.45559005707,460610.60315583623,-126664.94232283828,462814.3176352924,26957.865303939638,-370863.72574440396,-24648.728290983352,350028.61752511066,-450392.8101954141,240128.89924636696,605789.4212647487,272114.0845073544,-455751.8524456713,-139240.18210357966,153199.92445458335,-488120.1082200232,-802934.6964748506,-369536.56360861973,1103555.096069231,147666.73432885404,248670.21432318518,-531582.6089669619,965666.7045830302,1238353.8791302412,-285148.054949637,631480.4225390957,343819.1903736843,-160210.93411375867,100116.45787802142,-824072.2945472876,-105335.92972491322,-202525.29731639754,851749.7401861692,464484.8556128841,-797904.4137927734,603566.5134750224,242683.05203914666,-183048.39293268215,286097.88852501364,-229977.01899526527,244693.0859136112
-215032.8806367798,-48529.24531749541,-149996.40504521976,-347277.84066755493,17238.44498295543,207556.36204263798,-132824.99790544453,323514.3807112712,173834.78153220596,67108.77928079593,-290968.15575231146,40085.05335340757,-77617.37866014235,-255577.52711068117,131746.86307249582,-239477.38383330507,247498.99431493622,-68060.92477109819,248683.41730660063,14484.99052889437,-199275.1517290417,-13244.830811639955,188080.5673647342,-242008.64153824796,129027.23350103243,325508.84183508187,146213.40523602313,-244887.20354700353,-74817.49153203417,82319.29234714388,-262280.3871711003,-431439.5646306969,-198564.1745961388,592970.318407531,79346.24584020414,133616.36493792143,-285635.3657152899,518880.8656053396,665402.8966773986,-153217.55914014645,339312.8371604473,184742.1744609767,-86085.96324078004,53795.9228921519,-442797.6671576197,-56599.8678851676,-108822.07811032678,457669.4276454868,249580.51372927384,-428736.0937943087,324311.88951714314,130400.97100286915,-98357.31569093098,153727.77661490807,-123572.38519277234,131480.43277405956
-83014.82555220192,-18734.957261187406,-57906.614023896866,-134070.5350735741,6655.741764686214,80129.43873477708,-51277.54247736839,124895.30316363586,67108.77928079593,25909.424008856793,-112331.62005112125,15475.168198383846,-29967.872476287142,-98668.60978764103,50863.41708273711,-92453.21875322198,95549.6292935762,-26275.212987515937,96006.44713264912,5592.406713180931,-76932.7725026723,-5112.780677737614,72609.96839601568,-93430.09639749999,49813.408637641565,125664.48812489683,56448.81527024493,-94542.79688558666,-28884.329749283454,31779.28817261077,-101256.48557592678,-166561.53081708265,-76655.28770089027,228923.6155473152,30631.39452449532,51585.59356805236,-110271.00434908923,200318.04365933358,256885.0140837143,-59151.95513554557,130994.37737835944,71323.82197956486,-33234.21632542903,20767.734169162028,-170946.05558259846,-21851.090232566043,-42012.54358990104,176687.60084469413,96353.53581613209,-165518.6164616183,125205.92478156062,50341.901062708464,-37971.506732805596,59349.1560713723,-47707.442553843015,50759.46350161358
359928.99038362823,81229.69701674598,251068.05971345605,581287.7319754035,-28855.49952801606,-347416.19495720544,222326.10511716432,-541509.6712535217,-290968.15575231146,-112331.62005112125,487034.43322628347,-67095.78212625782,129923.8642336687,427796.0702276084,-220525.02921876506,400847.4161380684,-414273.602628147,113922.34101703824,-416255.4006351384,-24246.081754818377,333555.41203159885,22168.829621830508,-314815.777930471,405083.7435235442,-215972.6783196927,-544846.7350965057,-244740.42373107868,409904.365349093,125232.87628046177,-137787.68634068614,439015.8432862597,722160.0471190879,332360.2784636487,-992538.9936313746,-132811.07686633733,-223654.9956659435,478105.1160221635,-868520.8270861551,-1113776.1852554271,256462.7494101545,-567953.6083555287,-309232.35410032165,144093.7685473246,-90044.4670138332,741171.0291815153,94739.27787522595,182151.7307053856,-766064.2127839329,-417758.2526663113,717636.1900976009,-542849.193554606,-218268.97518233885,164633.70743383412,-257317.15221382512,206842.03491219485,-220077.2091114141
-49585.30294184487,-11190.543585891275,-34588.198667163546,-80080.49799718795,3975.2077256263838,47861.429175170735,-30628.585654113445,74600.57714056336,40085.05335340757,15475.168198383846,-67095.78212625782,9243.389566563172,-17898.65054700598,-58934.87397464304,30380.33223374313,-55222.30586674334,57071.97599344536,-15694.418634037656,57345.021762422526,3340.2184147821135,-45951.89129853562,-3054.1000243633684,43370.303739070885,-55805.94379706019,29753.190714411212,75060.35211760724,33716.31680607992,-56469.96478407,-17252.565226826646,18982.234840769277,-60480.546915317034,-99487.65895727655,-45787.43155814229,136736.04858348487,18296.64555452415,30811.505386074543,-65865.75074032322,119650.97280501768,153438.2848287844,-35331.28722746206,78243.60162844369,42600.94781389703,-19850.93946643773,12404.931040713347,-102106.7101126262,-13051.652183131118,-25093.911027160684,105536.0847195153,57552.01897406985,-98864.38773235508,74784.94769711223,30069.64799096426,-22680.617353634294,35448.980864074285,-28495.31995671582,30318.70849848014
96015.1047422157,21668.8393436398,66974.63192958223,155067.25422303058,-7698.4879592881825,-92678.45837728248,59307.46778318471,-144454.45702232435,-77617.37866014235,-29967.872476287142,129923.8642336687,-17898.65054700598,34662.84947037043,114121.07660410751,-58829.76030728077,106932.44267480829,-110513.52827813696,30389.886750912316,-111041.63345492323,-6468.408083942,88981.37497050734,5913.1685360918455,-83981.00174826321,108062.08111786065,-57615.25204343901,-145343.6156064189,-65290.13781211755,109349.88696692282,33408.00616899127,-36755.63879192116,117114.30838744878,192646.28988959806,88658.62231888981,-264775.6820635898,-35427.88822446318,-59665.27849331494,127539.45120046678,-231688.65716218436,-297114.8817322408,68416.06993090769,-151508.62877989534,-82495.03538593698,38438.85784848668,-24019.68349971921,197717.23879288317,25273.22457278029,48592.43735966979,-204358.05382974463,-111443.52070036804,191440.5093889521,-144815.36844602707,-58225.40116780799,43917.9271801157,-68644.28549631007,55179.44332481127,-58708.85218058778
316150.5827796985,71349.67395153381,220530.49487031763,510585.2730275313,-25345.77126018641,-305159.7097225599,195284.44057002896,-475645.47682440514,-255577.52711068117,-98668.60978764103,427796.0702276084,-58934.87397464304,114121.07660410751,375762.91961654194,-193702.38663596215,352092.0437565049,-363885.2030067211,100065.89675974089,-365625.96692647936,-21297.003385943564,292984.80841908994,19472.43064721456,-276524.5223287915,355813.1055442456,-189703.73800336153,-478576.66521140095,-214972.4353690691,360047.36078566156,110000.70364915434,-121028.49451291694,385618.01237482217,634323.1954966134,291935.1065121525,-871815.7283474602,-116657.19125339657,-196451.63792270346,419952.8780803338,-762882.024166638,-978306.7919587477,225268.9837959841,-498873.01235412835,-271620.15072627325,126567.53939242555,-79092.30890006057,651021.8683418604,83216.06869083148,159996.46906553942,-672887.2756528803,-366946.006446101,630349.5581676725,-476822.0084386045,-191720.7770098382,144609.19396642467,-226019.45785903328,181683.66527465254,-193309.05539209564
-162972.24217918736,-36779.95685478464,-113680.88597071986,-263202.071824579,13065.832170934029,157307.04315537916,-100666.84494015384,245190.39667369006,131746.86307249582,50863.41708273711,-220525.02921876506,30380.33223374313,-58829.76030728077,-193702.38663596215,99852.34224894606,-181500.38596932695,187579.44661101594,-51582.83122709306,188476.58132206555,10978.560726691901,-151031.1761749328,-10037.59844039728,142545.56174501142,-183418.38447720264,97791.03653895318,246701.00703592034,110817.06409373802,-185601.79295679842,-56704.45864194754,62388.60307496021,-198782.66813663347,-326987.55874991644,-150488.59179231917,449413.44953734905,60135.17538915164,101269.76271984434,-216481.04329781182,393257.88119139447,504307.640165471,-116124.40188027486,257163.93365134226,140018.7129633643,-65244.29836593075,40770.9812486427,-335595.3791783901,-42897.163744994315,-82476.99443439176,346866.8645330975,189157.41273261988,-324939.5673034202,245798.2299563665,98829.8966015771,-74544.50608228128,116511.37458864138,-93656.73480241478,99649.0423126502
296234.8138125921,66855.02610582531,206638.2164948019,478421.37288201443,-23749.210585577122,-285936.4194851352,182982.53220696424,-445682.45559005707,-239477.38383330507,-92453.21875322198,400847.4161380684,-55222.30586674334,106932.44267480829,352092.0437565049,-181500.38596932695,329912.3270618041,-340962.53446396586,93762.27032350603,-342593.58535775315,-19955.456493511207,274528.51456809224,18245.71648208313,-259105.007804687,333398.9461421911,-177753.62350357018,-448428.90201669757,-201430.59880549187,337366.63033953914,103071.32123903612,-113404.2833789518,361326.347004965,594364.4570804504,273544.5825532162,-816896.4997863835,-109308.33647225167,-184076.5048875709,393498.08240608056,-714824.6915427361,-916679.0054508195,211078.4186702128,-467446.77800446685,-254509.8991743886,118594.49370480375,-74109.85855847447,610011.1649786233,77973.94834035888,149917.6887462758,-630499.1951709655,-343830.5639192592,590641.2343866216,-446785.1914340416,-179643.38116462008,135499.6054001713,-211781.64315149005,170238.76094168742,-181131.70485561294
-306157.27522510407,-69094.36444663336,-213559.7111344514,-494445.87858023576,24544.549444570093,295513.73691875796,-189111.66270063887,460610.60315583623,247498.99431493622,95549.6292935762,-414273.602628147,57071.97599344536,-110513.52827813696,-363885.2030067211,187579.44661101594,-340962.53446396586,352382.9508008224,-96902.89199294265,354068.72476971254,20623.78951091704,-283723.6501826219,-18856.958085639584,267783.7464683049,-344566.0043870743,183707.2003426472,463449.20146825444,208177.12417056874,-348666.30252096476,-106523.60988895169,117202.91313066224,-373428.76931666554,-614272.5436009631,-282707.36973194784,844257.9268691931,112969.79473698129,190241.76145232195,-406678.47805676825,738767.7753253448,947383.0131044677,-218148.2755113359,483103.93379391404,263034.1838895776,-122566.81080219506,76592.29594754071,-630443.4095354094,-80585.6365962981,-154939.00114186583,651617.6494609087,355346.97870785464,-610424.4485887111,461749.72346516675,185660.6307175416,-140038.19244251613,218875.00799363072,-175940.64281522942,187198.63782025676
84191.33558934892,19000.529687114467,58727.68563771288,135969.17257666518,-6749.453716704237,-81264.23371713661,52004.60793670522,-126664.94232283828,-68060.92477109819,-26275.212987515937,113922.34101703824,-15694.418634037656,30389.886750912316,100065.89675974089,-51582.83122709306,93762.27032350603,-96902.89199294265,26647.72976075379,-97366.56871510598,-5671.332953291026,78021.9527660849,5185.641119312579,-73638.81565711464,94753.2640784632,-50517.99935319655,-127445.69069123163,-57246.961007386206,95880.53580707502,29293.20533917325,-32230.19190126406,102690.2735369955,168920.7975554589,77743.09942120407,-232164.915325059,-31066.131196005306,-52314.85386928356,111834.11605848529,-203156.3448724382,-260524.0080408182,59989.141687722215,-132850.45843142926,-72332.15418981126,33705.07224261542,-21062.50934661623,173367.75407882532,22160.481949169058,42607.04050011569,-179190.49794004607,-97717.916131465,167862.4316915485,-126977.62573482278,-51055.560239102306,38509.61641485975,-60188.9365467252,48382.26538796085,-51478.33015199004
-307622.09690794797,-69424.95908382516,-214581.59867379724,-496811.22114773665,24661.83771943714,296927.43618710025,-190016.56217788372,462814.3176352924,248683.41730660063,96006.44713264912,-416255.4006351384,57345.021762422526,-111041.63345492323,-365625.96692647936,188476.58132206555,-342593.58535775315,354068.72476971254,-97366.56871510598,355762.6666792527,20722.380279814988,-285080.85679360636,-18947.278637062813,269064.9287430174,-346214.35763642314,184585.81894892643,465666.65195046016,209172.70266178533,-350333.98607723246,-107033.15613364513,117763.80361462545,-375215.14569954155,-617211.2436571673,-284060.34066355275,848296.5682677146,113510.4494559783,191151.5333343408,-408624.3294344818,742302.265919172,951915.4080515956,-219191.74128053783,485415.2630256233,264292.07409103547,-123153.2006799587,76958.86595250711,-633459.5486325036,-80971.13683600677,-155680.09293440686,654735.0569544679,357046.8664294864,-613344.5661199942,463958.31635176524,186548.98157088598,-140708.199574929,219921.89907201327,-176782.12270302285,188094.1723444177
-17918.22313477056,-4043.8249222943023,-12498.76716235491,-28938.292925652313,1436.6069778406602,17295.44032068811,-11067.92296639801,26957.865303939638,14484.99052889437,5592.406713180931,-24246.081754818377,3340.2184147821135,-6468.408083942,-21297.003385943564,10978.560726691901,-19955.456493511207,20623.78951091704,-5671.332953291026,20722.380279814988,1207.0965483999767,-16605.469509635728,-1103.5540918418585,15672.399288523271,-20166.31190067842,10751.927727122142,27123.879655789206,12184.144953919244,-20406.494092297333,-6234.503871808365,6859.344653955793,-21855.59208543952,-35951.26510000715,-16545.540525768713,49411.75149581251,6611.584054375043,11134.45010715225,-23801.28440175415,43237.391957117165,55447.01655176067,-12767.590102266924,28274.30749404666,15394.825752252187,-7173.3977303019465,4482.574085815324,-36897.63437916997,-4716.421522093136,-9068.155967952554,38136.91282342063,20797.315689739928,-35726.17750300323,27024.93821213659,10865.974508082296,-8195.911197007308,12810.157352811208,-10297.366067263032,10956.11382017436
246504.51989190633,55631.76568054196,171948.88172817344,398106.68764558365,-19762.36052847457,-237935.01458775147,152264.39126464358,-370863.72574440396,-199275.1517290417,-76932.7725026723,333555.41203159885,-45951.89129853562,88981.37497050734,292984.80841908994,-151031.1761749328,274528.51456809224,-283723.6501826219,78021.9527660849,-285080.85679360636,-16605.469509635728,228442.23922515163,15182.697792231522,-215607.86882009718,277429.81010036235,-147913.40482803853,-373149.0714408497,-167615.64506681138,280731.49794277205,85768.30092121275,-94366.5468899052,300668.9293835237,494585.865410603,227623.30975662603,-679760.5480762506,-90958.20443053494,-153174.86522401895,327439.7291854671,-594823.8560673153,-762792.0124119124,175643.79432185006,-388974.37782875187,-211784.3237584611,98685.50436897161,-61668.66641931602,507605.8662332704,64884.12168624563,124750.38213945294,-524654.4865649776,-286110.2306739,491487.72797213244,-371781.4996323155,-149485.81025725158,112752.67267860679,-176228.98047228812,141660.0869218475,-150724.33169474898
16383.523752801371,3697.4924698561063,11428.425383359647,26459.07731413191,-1313.2828633915105,-15813.711680140595,10120.112996855985,-24648.728290983352,-13244.830811639955,-5112.780677737614,22168.829621830508,-3054.1000243633684,5913.1685360918455,19472.43064721456,-10037.59844039728,18245.71648208313,-18856.958085639584,5185.641119312579,-18947.278637062813,-1103.5540918418585,15182.697792231522,1009.2194453745238,-14329.962749748427,18438.634028469653,-9830.403230632843,-24800.824488004262,-11139.728061014512,18657.705235685266,5700.306619437347,-6272.07809830898,19983.09087456899,32871.456260545696,15129.060266468408,-45178.2396906129,-6045.579718626127,-10179.958824114543,21762.84501792789,-39533.80882872155,-50697.22848048728,11673.53372749687,-25852.426353756164,-14075.13865288187,6558.923916135976,-4098.8489915004575,33736.897414244355,4312.328123177066,8291.0516067988,-34869.95209442183,-19015.495158312035,32665.33678467207,-24709.009435931886,-9935.39338927739,7493.914492667062,-11712.367689636616,9414.809036176994,-10017.492895061845
-232656.0479024965,-52506.433093042746,-162289.12695360972,-375740.50898102304,18651.794998427828,224567.53104961128,-143710.46373281314,350028.61752511066,188080.5673647342,72609.96839601568,-314815.777930471,43370.303739070885,-83981.00174826321,-276524.5223287915,142545.56174501142,-259105.007804687,267783.7464683049,-73638.81565711464,269064.9287430174,15672.399288523271,-215607.86882009718,-14329.962749748427,203495.05984625866,-261843.44854412615,139602.96870246858,352185.9226554202,158198.09053356768,-264959.0027228724,-80949.6225592751,89065.37896236528,-283776.8466507723,-466799.6348637292,-214836.34826081427,641570.3571168104,85848.55941148005,144568.5968392901,-309044.54707168724,561406.6350744682,719937.9354631226,-165775.62281091601,367121.80817033193,199885.05434845132,-93141.33146643115,58204.405126545724,-479088.33950937947,-61238.82269508934,-117741.49013001169,495179.0885307806,270036.10168403795,-463875.1744128983,350893.5493986252,141087.89926332934,-106418.27257828326,166327.81875437958,-133701.0063875887,142256.4519267477
299365.7326721608,67561.63580227691,208822.25541315097,483477.5558669811,-24000.094772899076,-288958.3295429035,184916.5440035067,-450392.8101954141,-242008.64153824796,-93430.09639749999,405083.7435235442,-55805.94379706019,108062.08111786065,355813.1055442456,-183418.38447720264,333398.9461421911,-344566.0043870743,94753.2640784632,-346214.35763642314,-20166.31190067842,277429.81010036235,18438.634028469653,-261843.44854412615,336922.4833773084,-179632.04832051718,-453168.41334391513,-203559.1662471795,340931.86474064394,104160.59554541674,-114602.9478675083,365144.9906293695,600646.0770300393,276435.9724717601,-825529.7196436622,-110463.74032872649,-186021.67042107723,397657.02719744394,-722379.5964011897,-926367.1003836027,213309.09882214238,-472387.16448576585,-257199.34366224636,119847.89591313044,-74893.21390702893,616458.2090059418,78797.99921481137,151502.00216127362,-637162.7423196358,-347464.2988652265,596883.3859116588,-451506.7493332708,-181542.0755570032,136931.70577946864,-214019.71968474926,172037.7700936681,-183045.9958863035
-159607.9921623849,-36020.71027097001,-111334.16723958985,-257768.73780646533,12796.095242606,154059.71505142975,-98588.77585395233,240128.89924636696,129027.23350103243,49813.408637641565,-215972.6783196927,29753.190714411212,-57615.25204343901,-189703.73800336153,97791.03653895318,-177753.62350357018,183707.2003426472,-50517.99935319655,184585.81894892643,10751.927727122142,-147913.40482803853,-9830.403230632843,139602.96870246858,-179632.04832051718,95772.29692986718,241608.34173768215,108529.40846106829,-181770.3488137378,-55533.892213154635,61100.71451388705,-194679.15580558951,-320237.4991479675,-147382.08874329345,440136.08958296943,58893.81358511649,99179.19850801132,-212012.20128187537,385139.8217602453,493897.1279271772,-113727.20934468549,251855.2640575131,137128.22891118174,-63897.45042162516,39929.35368463859,-328667.6315054312,-42011.62493757592,-80774.3963987528,339706.43259383,185252.59131960105,-318231.775298105,240724.12315620435,96789.74542324309,-73005.68015116127,114106.19046513042,-91723.33732379292,97591.96586445566
-402654.55577162455,-90872.17970823812,-280871.6579633865,-650288.2409926744,32280.136713887274,388655.52729200723,-248717.81189834725,605789.4212647487,325508.84183508187,125664.48812489683,-544846.7350965057,75060.35211760724,-145343.6156064189,-478576.66521140095,246701.00703592034,-448428.90201669757,463449.20146825444,-127445.69069123163,465666.65195046016,27123.879655789206,-373149.0714408497,-24800.824488004262,352185.9226554202,-453168.41334391513,241608.34173768215,609523.3330566869,273790.4528750036,-458559.96263047453,-140098.19260841986,154144.40026565248,-491128.11661823414,-807883.0467568837,-371814.84050766757,1110355.5458427183,148577.16182258478,250202.1124610749,-534859.1725772909,971618.3606546057,1245985.7874571264,-286905.07435516693,635372.40354462,345937.2519172976,-161198.33576997503,100733.72462803636,-829151.0566191468,-105985.03662154323,-203773.15971019035,856999.0122492956,467347.2080630542,-802821.474874705,607285.4140543848,244178.9231626996,-184176.60984821644,287860.68355962593,-231393.92074671248,246201.0396934853
-180867.72769733638,-40818.64594383184,-126163.76945168759,-292103.73747107806,14500.656161563258,174580.59051942753,-111720.70255267363,272114.0845073544,146213.40523602313,56448.81527024493,-244740.42373107868,33716.31680607992,-65290.13781211755,-214972.4353690691,110817.06409373802,-201430.59880549187,208177.12417056874,-57246.961007386206,209172.70266178533,12184.144953919244,-167615.64506681138,-11139.728061014512,158198.09053356768,-203559.1662471795,108529.40846106829,273790.4528750036,122985.86891662354,-205982.52678652466,-62931.08216678861,69239.21346639853,-220610.60375806564,-362893.28656072845,-167013.0459360661,498762.69962034957,66738.3291536933,112390.19848032585,-240252.1052244415,436440.44514587044,559684.4047539127,-128875.86487769707,285402.3861908327,155394.1631086995,-72408.60013224944,45247.83906202118,-372446.256454061,-47607.61941529812,-91533.70329002927,384955.46127058455,209928.41576133153,-360620.5332498741,272789.0515230383,109682.07030824434,-82730.01705728179,129305.36239716513,-103941.117157623,110591.28600778678
302927.5494266221,68365.42679083838,211306.49492105716,489231.0243648186,-24286.125926200482,-292396.96144682256,187116.39748386433,-455751.8524456713,-244887.20354700353,-94542.79688558666,409904.365349093,-56469.96478407,109349.88696692282,360047.36078566156,-185601.79295679842,337366.63033953914,-348666.30252096476,95880.53580707502,-350333.98607723246,-20406.494092297333,280731.49794277205,18657.705235685266,-264959.0027228724,340931.86474064394,-181770.3488137378,-458559.96263047453,-205982.52678652466,344989.88470947783,105400.25212089335,-115966.08679941829,369490.39324203884,607793.4850600543,279723.86137874314,-835354.1450462735,-111777.54196819621,-188236.33651487253,402388.0699635198,-730974.86871073,-937390.1888816288,215847.897636043,-478007.88311950205,-260261.3904081413,121273.9478657197,-75783.94074774401,623793.5227032162,79735.75838662649,153305.2625913617,-644744.5303446767,-351599.2876056269,603986.5292567423,-456880.8510193828,-183701.890159804,138560.92192444266,-216567.1252416252,174085.6609682914,-185224.24772143853
92549.71394034564,20886.85105873468,64557.90736506614,149468.55317650683,-7419.765913081778,-89332.33777168856,57167.403721914045,-139240.18210357966,-74817.49153203417,-28884.329749283454,125232.87628046177,-17252.565226826646,33408.00616899127,110000.70364915434,-56704.45864194754,103071.32123903612,-106523.60988895169,29293.20533917325,-107033.15613364513,-6234.503871808365,85768.30092121275,5700.306619437347,-80949.6225592751,104160.59554541674,-55533.892213154635,-140098.19260841986,-62931.08216678861,105400.25212089335,32201.58927634027,-35429.74956635138,112885.69421921807,185691.49180431734,85460.74522241192,-255215.08139712675,-34150.08757111565,-57509.31475904672,122936.69577581815,-223325.66195996755,-286389.06052963634,65945.21107610744,-146039.80308147665,-79514.1676896922,37051.31138278424,-23153.38628181885,190579.8193978604,24360.643932786763,46837.35376110239,-196980.70084361103,-107419.65490096257,184528.32059288392,-139584.8490474307,-56124.19393079384,42332.80516116239,-66164.9290381184,53186.09188195578,-56589.22092421192
-101828.61332174942,-22980.97273060216,-71030.65978926465,-164453.07846618645,8163.2489566997665,98288.1160805508,-62899.15570206708,153199.92445458335,82319.29234714388,31779.28817261077,-137787.68634068614,18982.234840769277,-36755.63879192116,-121028.49451291694,62388.60307496021,-113404.2833789518,117202.91313066224,-32230.19190126406,117763.80361462545,6859.344653955793,-94366.5468899052,-6272.07809830898,89065.37896236528,-114602.9478675083,61100.71451388705,154144.40026565248,69239.21346639853,-115966.08679941829,-35429.74956635138,38982.23334126178,-124202.61288916845,-204307.7830775158,-94029.8692091551,280800.51539391023,37574.34130579502,63273.89164538305,-135262.36585837475,245715.5179352023,315100.9004274109,-72556.02333926977,160681.2685955576,87484.47330235619,-40765.92350473229,25475.00941696858,-209686.4036249621,-26802.813685699843,-51532.582786347346,216728.9139784796,118188.60886051098,-203027.5450137506,153577.5774159349,61751.25776564424,-46577.0081457598,72797.63229559774,-58517.57931050204,62262.43104619807
324442.1607257421,73220.94008383976,226314.23607222017,523976.3476739506,-26010.5562592234,-313163.0973669651,200406.06506907355,-488120.1082200232,-262280.3871711003,-101256.48557592678,439015.8432862597,-60480.546915317034,117114.30838744878,385618.01237482217,-198782.66813663347,361326.347004965,-373428.76931666554,102690.2735369955,-375215.14569954155,-21855.59208543952,300668.9293835237,19983.09087456899,-283776.8466507723,365144.9906293695,-194679.15580558951,-491128.11661823414,-220610.60375806564,369490.39324203884,112885.69421921807,-124202.61288916845,395731.606608154,650959.4921009928,299591.47679574636,-894680.810755701,-119716.66841570708,-201604.07036004515,430966.80404129915,-782889.950030436,-1003964.6545165079,231177.1355310505,-511956.8251282803,-278744.04932377674,129887.00155713563,-81166.59383625547,668096.0896968293,85398.57158610977,164192.72537983165,-690534.9663948311,-376569.8760939536,646881.7115230772,-489327.69127056666,-196748.95472138177,148401.82026325917,-231947.30984986285,186448.73206651755,-198378.95076763345
533692.277587041,120445.06478158628,372276.59892503003,861916.0500792776,-42785.860373878495,-515138.3460812741,329658.8384504362,-802934.6964748506,-431439.5646306969,-166561.53081708265,722160.0471190879,-99487.65895727655,192646.28988959806,634323.1954966134,-326987.55874991644,594364.4570804504,-614272.5436009631,168920.7975554589,-617211.2436571673,-35951.26510000715,494585.865410603,32871.456260545696,-466799.6348637292,600646.0770300393,-320237.4991479675,-807883.0467568837,-362893.28656072845,607793.4850600543,185691.49180431734,-204307.7830775158,650959.4921009928,1070797.499044781,492814.7538498395,-1471706.8732351053,-196928.65166899952,-331628.4398425562,708920.5234082786,-1287817.263558351,-1651474.412030265,380275.1005808757,-842144.9900025211,-458519.80588577676,213658.00534275282,-133515.5005191284,1098986.5415378767,140476.54560797094,270088.96155593696,-1135897.3670108158,-619439.3832749304,1064089.4001516942,-804919.9857114634,-323642.9872036491,244114.07918980962,-381541.9043480312,306698.8724858673,-326323.91044134495
245622.84815085746,55432.887348575925,171334.52462363243,396680.3984956286,-19690.65161575696,-237082.6248862741,151720.35239989878,-369536.56360861973,-198564.1745961388,-76655.28770089027,332360.2784636487,-45787.43155814229,88658.62231888981,291935.1065121525,-150488.59179231917,273544.5825532162,-282707.36973194784,77743.09942120407,-284060.34066355275,-16545.540525768713,227623.30975662603,15129.060266468408,-214836.34826081427,276435.9724717601,-147382.08874329345,-371814.84050766757,-167013.0459360661,279723.86137874314,85460.74522241192,-94029.8692091551,299591.47679574636,492814.7538498395,226811.55804699165,-677324.161798244,-90633.90145484834,-152623.99219110998,326269.0809602974,-592695.2925349168,-760060.991242669,175013.69692634436,-387582.4565405796,-211022.7178179786,98332.2872198484,-61448.84211882313,505788.667702817,64651.56594035288,124302.67466973144,-522776.0178633063,-285084.9654212887,489726.6027746573,-370447.1892639056,-148951.46990259702,112349.3437420414,-175596.4683364438,141151.2599277762,-150184.39305037275
-733507.5183947518,-165539.84027145838,-511657.22401881154,-1184620.01012984,58805.48200419057,708007.6726215708,-453083.34395348147,1103555.096069231,592970.318407531,228923.6155473152,-992538.9936313746,136736.04858348487,-264775.6820635898,-871815.7283474602,449413.44953734905,-816896.4997863835,844257.9268691931,-232164.915325059,848296.5682677146,49411.75149581251,-679760.5480762506,-45178.2396906129,641570.3571168104,-825529.7196436622,440136.08958296943,1110355.5458427183,498762.69962034957,-835354.1450462735,-255215.08139712675,280800.51539391023,-894680.810755701,-1471706.8732351053,-677324.161798244,2022718.8896961666,270658.5286379431,455792.19550615066,-974341.2434003503,1769978.6305852465,2269790.473335144,-522651.6660456118,1157445.7555502313,630192.4589109676,-293652.02805921325,183503.5328069271,-1510449.69986716,-193071.43791602706,-371211.4780007148,1561180.1520451051,851359.4742212003,-1462487.8150419688,1106285.644669625,444815.26994965627,-335510.79927286727,524392.9246452966,-421528.5229355344,448500.53218953713
-98150.85189631824,-22150.975181191297,-68465.26065063008,-158513.37502771444,7868.359519279262,94738.15328748264,-60627.43953646471,147666.73432885404,79346.24584020414,30631.39452449532,-132811.07686633733,18296.64555452415,-35427.88822446318,-116657.19125339657,60135.17538915164,-109308.33647225167,112969.79473698129,-31066.131196005306,113510.4494559783,6611.584054375043,-90958.20443053494,-6045.579718626127,85848.55941148005,-110463.74032872649,58893.81358511649,148577.16182258478,66738.3291536933,-111777.54196819621,-34150.08757111565,37574.34130579502,-119716.66841570708,-196928.65166899952,-90633.90145484834,270658.5286379431,36217.318574710196,60988.46754399796,-130377.09032121552,236840.92747299236,303720.1980713207,-69935.40591724958,154877.8817609363,84324.56916805732,-39293.56341861801,24554.95905988592,-202113.03839572123,-25834.74261378575,-49671.29237288979,208901.1753842536,113919.8680615365,-195694.60763098823,148030.55141570498,59520.99106206905,-44894.78049920949,70168.27561186212,-56403.97802715367,60013.64440315649
-165285.13244399606,-37301.9267936521,-115294.14039215719,-266937.75084781443,13251.400456012676,159539.71861875904,-102095.41808627048,248670.21432318518,133616.36493792143,51585.59356805236,-223654.9956659435,30811.505386074543,-59665.27849331494,-196451.63792270346,101269.76271984434,-184076.5048875709,190241.76145232195,-52314.85386928356,191151.5333343408,11134.45010715225,-153174.86522401895,-10179.958824114543,144568.5968392901,-186021.67042107723,99179.19850801132,250202.1124610749,112390.19848032585,-188236.33651487253,-57509.31475904672,63273.89164538305,-201604.07036004515,-331628.4398425562,-152623.99219110998,455792.19550615066,60988.46754399796,102707.39758504505,-219553.2437009848,398839.13156783656,511465.1117045112,-117772.6910044285,260813.6780491275,142006.4175368757,-66170.27559341535,41349.49509481622,-340358.353984727,-43506.02098225841,-83647.7146354981,351789.8417156161,191842.18925423833,-329551.546400278,249287.2090801345,100232.4353437383,-75602.44724732109,118165.20338325569,-94986.20202198048,101063.37124775258
353330.9813513797,79740.69781676176,246466.02928960323,570630.4386920078,-28325.914526283374,-341046.7306845149,218250.8991255056,-531582.6089669619,-285635.3657152899,-110271.00434908923,478105.1160221635,-65865.75074032322,127539.45120046678,419952.8780803338,-216481.04329781182,393498.08240608056,-406678.47805676825,111834.11605848529,-408624.3294344818,-23801.28440175415,327439.7291854671,21762.84501792789,-309044.54707168724,397657.02719744394,-212012.20128187537,-534859.1725772909,-240252.1052244415,402388.0699635198,122936.69577581815,-135262.36585837475,430966.80404129915,708920.5234082786,326269.0809602974,-974341.2434003503,-130377.09032121552,-219553.2437009848,469341.094678566,-852598.942785007,-1093357.4145333301,251760.27888213727,-557541.8061965724,-303561.1763034164,141452.17761780543,-88394.27365003276,727583.3032516628,93002.27861153032,178811.7006409543,-752019.9851183704,-410098.9685374608,704478.922083119,-532895.2195654116,-214267.99642682442,161615.70699070103,-252598.8161597142,203049.01258439303,-216042.3667981605
