V1,V2,V3,V4,V5,V6,V7,V8,V9,V10,V11,V12,V13,V14,V15,V16,V17,V18,V19,V20,V21,V22,V23,V24,V25,V26,V27,V28,V29,V30,V31,V32,V33,V34,V35,V36,V37,V38,V39,V40,V41,V42,V43,V44,V45,V46,V47,V48,V49,V50,V51,V52,V53,V54,V55,V56
41.56388183092633,30.482693794593153,12.91889984655521,69.14929027274796,-16.794200386443563,69.45382431224549,-54.0332417137522,24.00074761523311,-69.599616695928475,11.909569952715414,-4.391951287393593,-41.147566525927054,-50.584884769539165,-31.363588010987563,-17.858248772029935,-47.302635682528994,-27.773693445573524,3.418129655919936,-5.173515874758344,-11.54518468301061,-35.13263444706474,33.991606318720144,16.483927238824112,-28.91492284475071,1.886275516545223,-3.4112785497997096,5.607552730837231,26.715630929455756,50.48292578305651,-4.476220592394075,44.727631277480555,-41.98349193206185,-20.735442444177924,-1.4195600942592275,-21.48074214388344,-1.6986737278985404,-17.489800999795055,63.29853028136844,-33.14744862661323,64.22680156462661,36.659439055392795,18.70222176878361,69.21108926620124,2.2221777992964884,-49.44850137157361,-18.213345282398187,-48.64807068405688,-68.25882107898533,-7.323597364732292,0.9300379504940294,25.935944935589784,73.89361132984575,4.961434071941569,11.719251242736338,-7.497728004730799,2.0651614798904707
30.482693794593153,22.752122968065787,9.893901601599966,52.072823653923244,-11.037254910952067,51.4354235658923,-40.07981766024992,17.81055892645717,-51.3550128780201,9.267287540976243,-3.827499328516719,-30.78392981333589,-38.15205345975143,-22.309247835905577,-13.958730396006047,-35.06869160270235,-21.06567293430774,2.2737249951366136,-3.8061762306646085,-8.423363129401514,-25.534739113978453,25.15781103452762,12.006695336341435,-21.339316687946887,1.5241104839197512,-1.8532501736209448,3.803194510408772,19.090208474205898,37.159165559843984,-3.820469348462153,32.539722482583976,-30.782068012981778,-15.358425552295822,-0.9843071233585261,-16.227613324901927,-1.6670434467844533,-13.602661760501013,47.231869156026924,-24.12991594894743,47.399039911669,27.662349483760732,13.836184682357532,50.880499152961804,1.787436874448925,-36.17233238533177,-12.491857834581387,-35.989562710716804,-50.00664469080078,-5.087926202972947,1.3956439527219267,19.216019441149363,55.55444824831394,3.3932679811170434,7.7035380396278885,-5.265579354436977,1.4305764460148562
12.91889984655521,9.893901601599966,4.461952541612205,22.932092818792906,-3.8665014251459993,22.118192232209378,-17.27936188772031,7.682111263329488,-21.96420890633485,4.266282223784761,-2.0075090726855445,-13.43323217798398,-16.838248134142745,-9.015177166377638,-6.463776900495542,-15.103608413450896,-9.368511806090334,0.8147538497862336,-1.6237617661667272,-3.546393417697513,-10.67345179276107,10.810091244552922,5.039880048049331,-9.128801911420291,0.7354379943988865,-0.37266453235123337,1.4140320418290058,7.773430306612587,15.833992680805158,-1.9635889103461526,13.62046766107174,-13.04060791074869,-6.605143452331306,-0.38370869968855864,-7.179600331773297,-0.97181731158638,-6.2585011336056695,20.534423344115456,-10.110289664546896,20.275878398542552,12.214061055542759,5.943543935441756,21.645012952336113,0.8569403961780852,-15.269951847827224,-4.742078646939479,-15.452099477159742,-21.158873605201197,-1.9747953073019646,1.0436539363483326,8.267314627633214,24.409239090912134,1.281762660175346,2.695518838199216,-2.0833879663763466,0.5515878000774611
69.14929027274796,52.072823653923244,22.932092818792906,119.70463438517294,-23.552159398553187,117.26011078787208,-91.44774755155288,40.64563297159965,-116.85973362847167,21.641690486099826,-9.38710112708785,-70.53774838988289,-87.77059867567951,-49.80359553321781,-32.66611099845539,-79.99130180443345,-48.595410473183954,4.88679656816274,-8.649348930240407,-19.059067156484847,-57.65566601511696,57.33653200646536,27.142574221055753,-48.56269588376488,3.620918493483767,-3.4503927029729016,8.267603734047537,42.72248305395277,84.45170525280183,-9.292326823045734,73.508619504409893,-69.8187554601877,-35.01585815030566,-2.1679747304659034,-37.362773080935135,-4.270033160983689,-31.75872214257964,108.08549682182479,-54.528114519312396,107.86685108139602,63.65226797504048,31.527909556803138,115.56405398306785,4.237632077666205,-81.94768898711912,-27.331038705502305,-82.00379447312909,-113.37616627923525,-11.212269927470324,3.994386273842841,43.81717712599344,127.60522721157228,7.412301306993478,16.43873006760829,-11.673925573811557,3.1471126551938267
-16.794200386443563,-11.037254910952067,-3.8665014251459993,-23.552159398553187,10.91685287189445,-26.45430944666768,20.372972637468187,-9.024406482256918,27.11798894562138,-3.0917258912570307,-0.18340748420044178,14.667748876684904,17.038206972072317,14.908842149170235,4.434070754010734,17.89515308034014,8.973014062206946,-2.133688110185786,2.0519654226186534,4.806557556674021,14.942350728309169,-12.996730187769211,-6.92704510645757,11.252971181363536,-0.30782332303278787,3.4722214418296655,-3.2644599822209925,-12.418303079119731,-19.961164091861374,0.07301058710739948,-18.92228764143942,16.990762312092894,7.890221625648009,0.7570623220163505,7.149928415881879,-0.6737663116828072,4.562379728427552,-22.964125502387013,13.975230880868159,-24.997282503433365,-12.305274697077355,-7.169221526045862,-27.573153949925818,-0.38869015531376083,20.279884970244794,10.154073075422154,18.651429403707553,27.754669194003043,3.873250695370593,1.9280277162546056,-9.850811692716105,-25.462146819318683,-2.7970229940152596,-7.612660080243922,3.7824325379291865,-1.1055753614497963
69.45382431224549,51.4354235658923,22.118192232209378,117.26011078787208,-26.45430944666768,116.68871251365518,-90.8659769383126,40.36958490148608,-116.6955065426231,20.572120207948867,-8.102628979545468,-69.52324357159573,-85.8539919129641,-51.537332188693895,-30.926703559327194,-79.51988626153735,-47.28514663779846,5.4174054926808255,-8.663437693230666,-19.241751475392046,-58.41425651714826,57.0912079909648,27.445090130486463,-48.48536156122131,3.329273169488693,-4.882970983387203,8.979436874736221,44.01158096787906,84.52754216201102,-8.159850714701482,74.4057964736655,-70.14462634407452,-34.83957656393895,-2.3034951222686573,-36.492370749236365,-3.3663034079757406,-30.203126140381237,106.7946836051119,-55.161045641633166,107.6958103275062,62.2329075736398,31.40651586177015,115.81018280955897,3.9109737979808963,-82.51079455478389,-29.34252621585758,-81.68527189793899,-113.99327859655064,-11.879552746175717,2.451181719667007,43.58410699760503,125.19090722100307,7.981182210148615,18.45753172770467,-12.235134591643774,3.343686334226764
-54.0332417137522,-40.07981766024992,-17.27936188772031,-91.44774755155288,20.372972637468187,-90.8659769383126,70.77312819702233,-31.442392414429147,90.83936180054383,-16.092218668231872,6.403252844980472,54.18849476558889,66.96467297813427,39.98141449659822,24.20223822307154,61.92817077856582,36.898407589959184,-4.1753302913029,6.7458890150845745,14.968003931716595,45.40484490524606,-44.45650505876231,-21.342882373302544,37.74257488390308,-2.6133072395700054,3.6914472129675246,-6.93334447904544,-34.16028554281473,-65.78184271998147,6.4401108644357,-57.83866051440455,54.569483044126116,27.129115733685442,1.7861647817285229,28.46937058612961,2.6850017971253948,23.62545047074195,-83.22012912057392,42.881996399776796,-83.83287256050548,-48.53921912424697,-24.45747830936193,-90.12255082290788,-3.0674879069110976,64.17432892917387,22.682884160744308,63.6020524238714,88.67462851995879,9.19338443209552,-2.0225278946888063,-33.93875306888517,-97.61833759674562,-6.168321378376443,-14.209196205414411,9.480260441046054,-2.5857683322335445
24.00074761523311,17.81055892645717,7.682111263329488,40.64563297159965,-9.024406482256918,40.36958490148608,-31.442392414429147,13.969620980961649,-40.35459992256601,7.157943836492668,-2.85568107946233,-24.080628508734865,-29.764754566285596,-17.745891807891446,-10.766356547188197,-27.514070567568186,-16.40373888165793,1.8505405272708673,-2.9953185078651647,-6.645864879528193,-20.164409542778305,19.750058382070964,9.477005325838446,-16.767081529569115,1.1634145143253412,-1.6277159251020177,3.074377806096941,15.162974534138025,29.222045564316996,-2.8695412135071554,25.68736227859411,-24.238716757489893,-12.053193547399562,-0.7911738983186988,-12.654129963200965,-1.2016185337897982,-10.508455677335107,36.979146971061276,-19.04487312221495,37.24292762287782,21.57634593787466,10.864477115231026,40.03159779424792,1.3658592376161223,-28.504052795897504,-10.059916362379198,-28.256310517704108,-39.386997828819396,-4.078906285187324,0.9123963805122065,15.07893190951774,43.386462273553626,2.7354111843666757,6.295963099817444,-4.206598318164934,1.1475485041135822
-69.599616695928475,-51.3550128780201,-21.96420890633485,-116.85973362847167,27.11798894562138,-116.6955065426231,90.83936180054383,-40.35459992256601,116.79178537675205,-20.361699780980427,7.831052380293275,69.38008482645955,85.53309709434014,51.97494545180901,30.581474623252994,79.50677126265339,47.05368481141951,-5.539985930088235,8.674771039709215,19.301347753823812,58.64750209492974,-57.101261327408785,-27.54054333613982,48.52361100864349,-3.2692670087564113,5.2020793952158435,-9.145955837607387,-44.34236887716692,-84.64076285815692,7.920085282035951,-74.68836697387773,70.29579390402367,34.84076751461309,2.334352990153813,36.34311083332141,3.173821565500612,29.89716071593205,-106.63274490976143,55.36324304507684,-107.78131300979943,-61.9951637903635,-31.414041672272248,-115.99390986801752,-3.844446399817368,82.72867299607579,29.816820983693706,81.70801713203626,114.25831660098663,12.039833329202807,-2.1172610084887697,-43.58307347735737,-124.80606317986116,-8.114865914942381,-18.92151800127531,12.371801023094434,-3.3911809845690324
11.909569952715414,9.267287540976243,4.266282223784761,21.641690486099826,-3.0917258912570307,20.572120207948867,-16.092218668231872,7.157943836492668,-20.361699780980427,4.129272451993749,-2.074148089930441,-12.606427953781715,-15.911138420609204,-8.05536101520017,-6.275997078678212,-14.06168332431405,-8.89457888536948,0.6656866290588224,-1.4993039376948407,-3.250365109679476,-9.755269297586395,10.047995679465528,4.613275384687638,-8.46452862924824,0.7297851746069384,-0.10497658534818939,1.1903647121823029,6.979279123884191,14.647059244763328,-2.0064699589210653,12.461242715216194,-12.018592570993366,-6.14479994320879,-0.3310846741917675,-6.792531109672423,-1.052665043442395,-6.05500347334844,19.226376206003334,-9.255101110081293,18.800735385076525,11.547903825589795,5.5212822459878135,19.99604164523525,0.8486300974083911,-14.04352443899937,-4.053894633973234,-14.3586333119288,-19.48602381779599,-1.7172082015359196,1.2258801980146474,7.693434333184377,23.00408765940797,1.091442612839428,2.158421405467729,-1.8347023774288929,0.478406566245926
-4.391951287393593,-3.827499328516719,-2.0075090726855445,-9.38710112708785,-0.18340748420044178,-8.102628979545468,6.403252844980472,-2.85568107946233,7.831052380293275,-2.074148089930441,1.3923928478002676,5.276739499849247,6.9575020544259205,2.2540515966857693,3.205980457458051,5.576150616781317,4.000525331986459,-0.004166325387762515,0.5658001381389228,1.1540735105635898,3.357908317670163,-3.9424154013203196,-1.6165291476372834,3.259465287569222,-0.41474775440076517,-0.6324476380396362,-0.11868788962719923,-2.053878121034424,-5.541383946506773,1.2966974063094416,-4.3225130072838605,4.423525494614234,2.4224722872541147,0.06379113520808716,2.995304339392431,0.8236415922348633,3.0356869614119306,-7.92787989911261,3.2262870391212894,-7.238966197899243,-5.061533015607635,-2.160935369713672,-7.500471178842731,-0.4759881503329882,5.082570963718485,0.5989130310330802,5.6175235716244005,7.130098822877912,0.34001496825606636,-1.1901599188000236,-3.038587873822506,-9.89180056803343,-0.14850185896517654,0.1267333202573224,0.4352919008959247,-0.0892823861619519
-41.147566525927054,-30.78392981333589,-13.43323217798398,-70.53774838988289,14.667748876684904,-69.52324357159573,54.18849476558889,-24.080628508734865,69.38008482645955,-12.606427953781715,5.276739499849247,41.66519090037154,51.69119591566461,29.98900297871174,18.999167914282904,47.40752227963132,28.56095528006845,-3.026378233041447,5.1421189636904,11.365441095798207,34.425474009833366,-34.003049342712416,-16.19503775183472,28.829616879397573,-2.0829548895468664,2.38342578291311,-5.07678076658908,-25.67952927896071,-50.1841741738071,5.256683334389031,-43.874443065936845,41.55026344053403,20.759282236682978,1.3201905133604477,21.991907410494758,2.3251422604154217,18.503059796992627,-63.905641685583525,32.538254287935224,-64.03594666526855,-37.479422824423885,-18.70109274625654,-68.70676675575666,-2.440881215935272,48.810086359628805,16.703751887967393,48.63866203808925,67.49235316486295,6.81550136363421,-2.012637312832313,-25.974148683226623,-75.23802073537118,-4.5356218596175655,-10.234852377786906,7.065458703052613,-1.9149158108298237
-50.584884769539165,-38.15205345975143,-16.838248134142745,-87.77059867567951,17.038206972072317,-85.8539919129641,66.96467297813427,-29.764754566285596,85.53309709434014,-15.911138420609204,6.9575020544259205,51.69119591566461,64.36420905143979,36.32951438413528,24.024939828703356,58.572538895627645,35.65298505882419,-3.5400106109502323,6.32919307056502,13.935961311008109,42.14233704397168,-41.97772512674651,-19.843496649587934,35.54505364053193,-2.6698294267466154,2.4272164630440787,-6.001773695413786,-31.177871660359123,-61.79926307386665,6.8780202926227485,-53.734438892254076,51.073377573213904,25.637774243794897,1.5775810511861958,27.402826112790557,3.18644735840249,23.34834716309942,-79.18887212521808,39.862052298428836,-78.95211120080705,-46.67943918230686,-23.081735776235085,-84.55707077826476,-3.123469953029574,59.93339269042808,19.864183576623937,60.03491081623613,82.9301743507877,8.159784329709693,-3.0284928772291417,-32.082703938361384,-93.55046513091861,-5.385675056305548,-11.892253281255766,8.505026843776886,-2.2896120894368837
-31.363588010987563,-22.309247835905577,-9.015177166377638,-49.80359553321781,14.908842149170235,-51.537332188693895,39.98141449659822,-17.745891807891446,51.97494545180901,-8.05536101520017,2.2540515966857693,29.98900297871174,36.32951438413528,24.877137524561682,11.96952677125615,35.034357966836,19.74041177693672,-2.9868705296804983,3.8824295262310806,8.787643757719625,26.915236464549746,-25.249625790365492,-12.582123629937808,21.585810717694777,-1.177364973332713,3.707855834717358,-4.772329623129599,-21.037840333703087,-37.85737359063576,2.4374515436982134,-34.2115754942348,31.69481665055506,15.38245427371674,1.1699724191767056,15.380789724517193,0.5459183469344554,11.841528839329964,-46.349488679701786,25.327966958128727,-47.94825599542981,-26.305957523434518,-13.901960651520527,-52.01269566866245,-1.401316479473332,37.47581754290727,15.257094255469971,36.16471688553142,51.601598833882704,6.021514272209694,0.545224704933109,-19.23059231393329,-53.379771290968684,-4.172876575009327,-10.401634934063408,6.065327430900881,-1.7054096281225133
-17.858248772029935,-13.958730396006047,-6.463776900495542,-32.66611099845539,4.434070754010734,-30.926703559327194,24.20223822307154,-10.766356547188197,30.581474623252994,-6.275997078678212,3.205980457458051,18.999167914282904,24.024939828703356,11.96952677125615,9.546962283540362,21.145092195690502,13.447122842839992,-0.9612644740540377,2.250456982118056,4.867496648849134,14.591171953015985,-15.103290800085423,-6.904976140030245,12.71354595009157,-1.1165485918043752,0.05485885640621728,-1.7359065637825846,-10.386177507486966,-21.984401034165625,3.0939704782996134,-18.64351579062883,18.02042244186928,9.23793643022895,0.48781280575495023,10.260306969640595,1.644719157923214,9.202043685515047,-28.95790663077812,13.849218696866064,-28.23813655973499,-17.438255607134554,-8.298478108784078,-30.00351754102994,-1.2973263340969914,21.043253742171753,5.9417336048063705,21.579967090941604,29.21049472426301,2.529994642087129,-1.9507767863150132,-11.566928317926449,-34.70937793905393,-1.5977796298321696,-3.0953336065673698,2.7142619066769655,-0.7039271242047661
-47.302635682528994,-35.06869160270235,-15.103608413450896,-79.99130180443345,17.89515308034014,-79.51988626153735,61.92817077856582,-27.514070567568186,79.50677126265339,-14.06168332431405,5.576150616781317,47.40752227963132,58.572538895627645,35.034357966836,21.145092195690502,54.19404978286234,32.2708168774151,-3.6674991843213367,5.901195218568508,13.100289464298756,39.76209463853521,-38.90435925383377,-18.68367814277392,33.03438913333987,-2.280841396940116,3.263959290708494,-6.086270267849113,-29.92668523783648,-57.58175582045758,5.608283267897721,-50.65050149273611,47.77230653317415,23.742438824476896,1.5631558789644582,24.898692848212235,2.333013970238325,20.644097691710986,-72.81094134481563,37.551333291642926,-73.37609060386146,-42.45893657367449,-21.400999965330065,-78.88552020720653,-2.67872519591203,56.1865805081996,19.90200258357535,55.6625442297622,77.63182797674092,8.063971475090309,-1.7374647790897222,-29.702230830311454,-85.39288152838978,-5.412392354123192,-12.486265568192207,8.31073977102491,-2.2694121378959706
-27.773693445573524,-21.06567293430774,-9.368511806090334,-48.595410473183954,8.973014062206946,-47.28514663779846,36.898407589959184,-16.40373888165793,47.05368481141951,-8.89457888536948,4.000525331986459,28.56095528006845,35.65298505882419,19.74041177693672,13.447122842839992,32.2708168774151,19.783762465403797,-1.8746841488574677,3.4769033151066,7.636121692385692,23.070269628990367,-23.114457762073535,-10.868456941920932,19.5555777608546,-1.5077128469524708,1.1399966569535624,-3.203895381537313,-16.96728587004157,-33.97147707391753,3.9348443322135873,-29.42624996892706,28.03933071476244,14.121441869205817,0.8478062768633493,15.185944801787455,1.876213499333,13.049985445471512,-43.71795234847663,21.83362580504398,-43.436772998120695,-25.862184611446654,-12.706959490369679,-46.4600594330933,-1.7623307359058478,32.879551974123174,10.64992021046966,33.05409420252634,45.516972398942244,4.396753378162153,-1.8758697755765201,-17.673236186888538,-51.7693780512468,-2.884188569712065,-6.2658365048016655,4.6003057422742515,-1.2328527637890916
3.418129655919936,2.2737249951366136,0.8147538497862336,4.88679656816274,-2.133688110185786,5.4174054926808255,-4.1753302913029,1.8505405272708673,-5.539985930088235,0.6656866290588224,-0.004166325387762515,-3.026378233041447,-3.5400106109502323,-2.9868705296804983,-0.9612644740540377,-3.6674991843213367,-1.8746841488574677,0.4185968547465964,-0.4173240628873842,-0.973692878977497,-3.025934131577822,2.659877405433499,1.4028381348510564,-2.2993424944166727,0.07225084356346746,-0.6625647060067212,0.643704483132572,2.4922349719175765,4.072123770799294,-0.0506142005144194,3.8343349812517142,-3.4575097004659785,-1.6162401699892568,-0.14922857737986475,-1.4872344021215675,0.107436526751629,-0.9814377492395098,4.728189956176959,-2.8326857392182787,5.107970926948174,2.5587309489568097,1.4661519605921678,5.6187823793196925,0.09019776409330568,-4.121677944832971,-2.008171894877233,-3.816893194690429,-5.6453027600268175,-0.769538763503834,-0.3431263516045872,2.0184126321321045,5.275605279546486,0.5526328323275795,1.4895185847360481,-0.7538957945105599,0.2197607526750177
-5.173515874758344,-3.8061762306646085,-1.6237617661667272,-8.649348930240407,2.0519654226186534,-8.663437693230666,6.7458890150845745,-2.9953185078651647,8.674771039709215,-1.4993039376948407,0.5658001381389228,5.1421189636904,6.32919307056502,3.8824295262310806,2.250456982118056,5.901195218568508,3.4769033151066,-0.4173240628873842,0.647541099285239,1.4401761921742118,4.364184228672076,-4.241005464634248,-2.0530909790580267,3.6035656424250737,-0.23930936413145773,0.4034777597211608,-0.6869357028810942,-3.311911969758713,-6.287485473013918,0.5770442706317698,-5.555926964114826,5.225634700966753,2.585747928117906,0.17765821723214298,2.689841466458345,0.22224485686555645,2.202079051318226,-7.907406570588809,4.118431944517695,-8.003589870438038,-4.584418387436613,-2.335138385431227,-8.622907807369147,-0.28072874509726486,6.150686997551345,2.2376335260816167,6.066656419586243,8.494354968444062,0.9009785861757553,-0.13695384437737185,-3.2340073269161684,-9.240177579874437,-0.6094035989841662,-1.4274975820370808,0.9258632835955147,-0.2530142258298553
-11.54518468301061,-8.423363129401514,-3.546393417697513,-19.059067156484847,4.806557556674021,-19.241751475392046,14.968003931716595,-6.645864879528193,19.301347753823812,-3.250365109679476,1.1540735105635898,11.365441095798207,13.935961311008109,8.787643757719625,4.867496648849134,13.100289464298756,7.636121692385692,-0.973692878977497,1.4401761921742118,3.2178876320262675,9.781794766391274,-9.420888800731573,-4.593101803808956,8.017595436678244,-0.5087786933259575,1.0170691132819156,-1.589433563030092,-7.478782028774715,-14.007287145358548,1.188996361001631,-12.448318362303784,11.662859184233591,5.743267687276851,0.4042818437196013,5.91683644391381,0.4226627199107816,4.77474252969852,-17.498700501621347,9.22445386573229,-17.807974903184835,-10.094212555473986,-5.186638101686924,-19.217436399188347,-0.5989591231645776,13.743576126120047,5.150245898121302,13.481261892513983,18.96578982041054,2.062726112319784,-0.17901193578742824,-7.182483708369084,-20.376973978154705,-1.4042243754142048,-3.347783867107979,2.1079253113948626,-0.5808448629312886
-35.13263444706474,-25.534739113978453,-10.67345179276107,-57.65566601511696,14.942350728309169,-58.41425651714826,45.40484490524606,-20.164409542778305,58.64750209492974,-9.755269297586395,3.357908317670163,34.425474009833366,42.14233704397168,26.915236464549746,14.591171953015985,39.76209463853521,23.070269628990367,-3.025934131577822,4.364184228672076,9.781794766391274,29.832582409857853,-28.596818563658466,-13.97932551007421,24.362803290156688,-1.5121086957698853,3.2629025913501635,-4.921434054847985,-22.874396223123448,-42.59280616481575,3.4676919540544326,-37.9624810513251,35.49211988932441,17.438646551317657,1.231521430331469,17.879417911919607,1.1910461544993705,14.32980318761946,-53.02959542977439,28.124852653863467,-54.1162452350036,-30.53498340466539,-15.736222679947565,-58.42847207378551,-1.7866449851734427,41.852298504262514,15.902353574675699,40.93780319376031,57.728680621323676,6.356860985690773,-0.36982445354109683,-21.80924255109441,-61.664492544331075,-4.337421097276345,-10.428631992967489,6.4739178169850415,-1.7955093453351003
33.991606318720144,25.15781103452762,10.810091244552922,57.33653200646536,-12.996730187769211,57.0912079909648,-44.45650505876231,19.750058382070964,-57.101261327408785,10.047995679465528,-3.9424154013203196,-34.003049342712416,-41.97772512674651,-25.249625790365492,-15.103290800085423,-38.90435925383377,-23.114457762073535,2.659877405433499,-4.241005464634248,-9.420888800731573,-28.596818563658466,27.93374936291683,13.43691329830147,-23.724414439431712,1.6240634850255282,-2.414203851516278,4.405858273795833,21.560119966665447,41.36351173387422,-3.9743769012808916,36.42379595379156,-34.330082675850086,-17.045184560411624,-1.130779769539733,-17.842311518051126,-1.6303278169006636,-14.752521937649439,52.2372478493344,-27.002586189369996,52.6964088010274,30.426572380131777,15.36775579531678,56.676326113912666,1.9076865496899635,-40.38480214230375,-14.392653915856938,-39.96666971613451,-55.79175325157615,-5.82404051531609,1.1718429193424977,21.323015161259697,61.217988165614145,3.9152610114337314,9.065915842914995,-5.996907731886993,1.6390123096788123
16.483927238824112,12.006695336341435,5.039880048049331,27.142574221055753,-6.92704510645757,27.445090130486463,-21.342882373302544,9.477005325838446,-27.54054333613982,4.613275384687638,-1.6165291476372834,-16.19503775183472,-19.843496649587934,-12.582123629937808,-6.904976140030245,-18.68367814277392,-10.868456941920932,1.4028381348510564,-2.0530909790580267,-4.593101803808956,-13.97932551007421,13.43691329830147,6.559064301817923,-11.440238071360689,0.7191092154154638,-1.4860751487405093,2.28630255312885,10.701980550796549,19.992656411615474,-1.667618111204925,17.789395491125806,-16.65224956740245,-8.192302494858408,-0.5779658911427028,-8.42259762552895,-0.5837387630182013,-6.776813363983798,24.94014718528652,-13.181146777520667,25.4106719117702,14.374755756260457,7.396429994416308,27.42853688841894,0.8477260687417564,-19.628555895922577,-7.399635648316053,-19.230956672917348,-27.081832282995723,-2.961011408111521,0.21988738580275066,10.245275205277709,29.023956850798864,2.0178804835037596,4.828234742411567,-3.0216791122833597,0.8347422017978248
-28.91492284475071,-21.339316687946887,-9.128801911420291,-48.56269588376488,11.252971181363536,-48.48536156122131,37.74257488390308,-16.767081529569115,48.52361100864349,-8.46452862924824,3.259465287569222,28.829616879397573,35.54505364053193,21.585810717694777,12.71354595009157,33.03438913333987,19.5555777608546,-2.2993424944166727,3.6035656424250737,8.017595436678244,24.362803290156688,-23.724414439431712,-11.440238071360689,20.160265047831114,-1.3596049627727342,2.1547788950658937,-3.796737964426778,-18.416494688486786,-35.165138653513964,3.295345668651745,-31.02682727671801,29.20404180264762,14.475992513100477,0.96883596581070075,15.103206323348573,1.323131356110777,12.428361854566855,-44.307890433903886,22.998919224755195,-44.780360161917216,-25.76391235066203,-13.051566598431302,-48.18988181535775,-1.5988641158851071,34.36859985799536,12.378916091027666,33.948218702401086,47.467717024272325,4.999306800698808,-0.8869519526359761,-18.108451845226067,-51.86396056492314,-3.3688913112875203,-7.852385752687478,5.137488946909759,-1.4082107843360758
1.886275516545223,1.5241104839197512,0.7354379943988865,3.620918493483767,-0.30782332303278787,3.329273169488693,-2.6133072395700054,1.1634145143253412,-3.2692670087564113,0.7297851746069384,-0.41474775440076517,-2.0829548895468664,-2.6698294267466154,-1.177364973332713,-1.1165485918043752,-2.280841396940116,-1.5077128469524708,0.07225084356346746,-0.23930936413145773,-0.5087786933259575,-1.5121086957698853,1.6240634850255282,0.7191092154154638,-1.3596049627727342,0.13560051557435923,0.0756267592362192,0.14448706686344434,1.0340047579364393,2.339065812146781,-0.39437344292927307,1.9360790672939499,-1.902360086983537,-0.9947304683015933,-0.04448789939366571,-1.1432433314430432,-0.22651167027599098,-1.0693478608940477,3.1603250672024052,-1.4401448199764837,3.0197331739317206,1.9392733640483304,0.8917112830023194,3.1845089357956176,0.15679545217493782,-2.2109897870671253,-0.5188746844339865,-2.3185110576996513,-3.0785767214024813,-0.23163764032228343,0.29556449624817677,1.246185270821315,3.8370180691141047,0.13795009324058866,0.21497945162809384,-0.25742317473513837,0.06376407293536006
-3.4112785497997096,-1.8532501736209448,-0.37266453235123337,-3.4503927029729016,3.4722214418296655,-4.882970983387203,3.6914472129675246,-1.6277159251020177,5.2020793952158435,-0.10497658534818939,-0.6324476380396362,2.38342578291311,2.4272164630440787,3.707855834717358,0.05485885640621728,3.263959290708494,1.1399966569535624,-0.6625647060067212,0.4034777597211608,1.0170691132819156,3.2629025913501635,-2.414203851516278,-1.4860751487405093,2.1547788950658937,0.0756267592362192,1.3421223157182323,-0.9673225292766159,-3.014744924314671,-3.9220057092613634,-0.5142631608351845,-4.103422220856579,3.4593385922751856,1.4543067431554553,0.20814222676165378,0.986773622973125,-0.549041483333473,0.16508144601771896,-3.868950325080289,3.016440672739963,-4.787567241205357,-1.7389237727099134,-1.336654604428949,-5.479349750956055,0.07540291055372278,4.211114584595278,2.9131656081821746,3.482179048506979,5.690652331553043,1.0654630641844298,1.0912657494851814,-1.8099921935340775,-3.836112437398211,-0.8091970313774818,-2.4225594578265537,0.9971860695413309,-0.30769569100070865
5.607552730837231,3.803194510408772,1.4140320418290058,8.267603734047537,-3.2644599822209925,8.979436874736221,-6.93334447904544,3.074377806096941,-9.145955837607387,1.1903647121823029,-0.11868788962719923,-5.07678076658908,-6.001773695413786,-4.772329623129599,-1.7359065637825846,-6.086270267849113,-3.203895381537313,0.643704483132572,-0.6869357028810942,-1.589433563030092,-4.921434054847985,4.405858273795833,2.28630255312885,-3.796737964426778,0.14448706686344434,-0.9673225292766159,0.9989246277612945,3.995921081508522,6.705391040453913,-0.18228154550765038,6.241705981790285,-5.670618751995773,-2.679377473153301,-0.23442452277641976,-2.527270571548573,0.09863687955144138,-1.7531736697209956,7.9060697919109,-4.613819984501974,8.43428838120483,4.340806001106395,2.4275242019508187,9.240336602635459,0.1770326763933856,-6.744574102904,-3.134743920706659,-6.319210851896301,-9.251345295102144,-1.2101793897544553,-0.4313459746049173,3.3471784925997348,8.905863803183578,0.8613366181565099,2.2791258950367896,-1.1937781301556976,0.3449898644875034
26.715630929455756,19.090208474205898,7.773430306612587,42.72248305395277,-12.418303079119731,44.01158096787906,-34.16028554281473,15.162974534138025,-44.34236887716692,6.979279123884191,-2.053878121034424,-25.67952927896071,-31.177871660359123,-21.037840333703087,-10.386177507486966,-29.92668523783648,-16.96728587004157,2.4922349719175765,-3.311911969758713,-7.478782028774715,-22.874396223123448,21.560119966665447,10.701980550796549,-18.416494688486786,1.0340047579364393,-3.014744924314671,3.995921081508522,17.81079373269854,32.27660997311482,-2.196916121445895,29.081332849561147,-26.996030762539103,-13.136213410911164,-0.9859454898895428,-13.206792483352508,-0.5562954914324484,-10.258329811548888,39.66136182282098,-21.533450980933246,40.90765389839747,22.576780551610803,11.870630862158992,44.33438205994456,1.227877891313231,-31.900648547027608,-12.803520477810071,-30.87503988239872,-43.94239210378143,-5.065501032118892,-0.3078220221569054,16.42339716473132,45.76931888345947,3.5000180019850755,8.661284982898561,-5.114969560409025,1.4331777628333158
50.48292578305651,37.159165559843984,15.833992680805158,84.45170525280183,-19.961164091861374,84.52754216201102,-65.78184271998147,29.222045564316996,-84.64076285815692,14.647059244763328,-5.541383946506773,-50.1841741738071,-61.79926307386665,-37.85737359063576,-21.984401034165625,-57.58175582045758,-33.97147707391753,4.072123770799294,-6.287485473013918,-14.007287145358548,-42.59280616481575,41.36351173387422,19.992656411615474,-35.165138653513964,2.339065812146781,-3.9220057092613634,6.705391040453913,32.27660997311482,61.362091303146535,-5.619993362708677,54.23599556135029,-50.98971067452285,-25.236581559645394,-1.7045601144238745,-26.251808960824693,-2.2071647034204496,-21.507573017901567,77.15741530025993,-40.19908880711639,78.10986184720423,44.791348696033864,22.756152627941383,84.1039523286461,2.7529222687153996,-60.02788700415559,-21.826411922923757,-59.193418795489386,-82.88784151086602,-8.798648481057342,1.373252654024482,31.5679504203505,90.21481379752304,5.942368326940451,13.930125400706867,-9.0270509021669,2.479768410461513
-4.476220592394075,-3.820469348462153,-1.9635889103461526,-9.292326823045734,0.07301058710739948,-8.159850714701482,6.4401108644357,-2.8695412135071554,7.920085282035951,-2.0064699589210653,1.2966974063094416,5.256683334389031,6.8780202926227485,2.4374515436982134,3.0939704782996134,5.608283267897721,3.9348443322135873,-0.0506142005144194,0.5770442706317698,1.188996361001631,3.4676919540544326,-3.9743769012808916,-1.667618111204925,3.295345668651745,-0.39437344292927307,-0.5142631608351845,-0.18228154550765038,-2.196916121445895,-5.619993362708677,1.2156129942408986,-4.455893876398736,4.510222189445554,2.4384462462315977,0.07888221157071712,2.9581612212782553,0.7522567983993047,2.937905062621719,-7.919322085428842,3.3229997227301196,-7.318101608221632,-4.999180826070043,-2.181176607345129,-7.623585824855851,-0.4525531895169472,5.197698474458234,0.7833027935336713,5.663805330903275,7.277606232827927,0.4022344737899669,-1.067821288126897,-3.0572131559575286,-9.80647072215949,-0.20052676997819582,-0.04802641874089868,0.4906849145272243,-0.10673700966698277
44.727631277480555,32.539722482583976,13.62046766107174,73.508619504409893,-18.92228764143942,74.4057964736655,-57.83866051440455,25.68736227859411,-74.68836697387773,12.461242715216194,-4.3225130072838605,-43.874443065936845,-53.734438892254076,-34.2115754942348,-18.64351579062883,-50.65050149273611,-29.42624996892706,3.8343349812517142,-5.555926964114826,-12.448318362303784,-37.9624810513251,36.42379595379156,17.789395491125806,-31.02682727671801,1.9360790672939499,-4.103422220856579,6.241705981790285,29.081332849561147,54.23599556135029,-4.455893876398736,48.31074222561406,-45.18458699963386,-22.213122790797765,-1.5624762492090551,-22.79916649379861,-1.5501848605566342,-18.303971870092113,67.57478324494468,-35.79245190036975,68.91901958485968,38.936247456509356,20.04214948615142,74.39382175495295,2.287237181747065,-53.27565046204753,-20.17827147011235,-52.14211937328126,-73.49067867202226,-8.071341407913392,0.527198388014285,27.780923475566198,78.61238060062476,5.502909354415824,13.207966542706101,-8.223728469003452,2.2797637491150544
-41.98349193206185,-30.782068012981778,-13.04060791074869,-69.8187554601877,16.990762312092894,-70.14462634407452,54.569483044126116,-24.238716757489893,70.29579390402367,-12.018592570993366,4.423525494614234,41.55026344053403,51.073377573213904,31.69481665055506,18.02042244186928,47.77230653317415,28.03933071476244,-3.4575097004659785,5.225634700966753,11.662859184233591,35.49211988932441,-34.330082675850086,-16.65224956740245,29.20404180264762,-1.902360086983537,3.4593385922751856,-5.670618751995773,-26.996030762539103,-50.98971067452285,4.510222189445554,-45.18458699963386,42.407522034398184,20.941596948708675,1.4352064430503868,21.6876812694209,1.7068487608423095,17.65006989105326,-63.92066624375842,33.48580521056913,-64.86898116848154,-37.013055817883895,-18.888654569575497,-69.90744233146027,-2.241256588787012,49.94960905213019,18.415348281304826,49.13271373103361,68.949057502004,7.403420246797989,-0.9243512281195486,-26.193665280537054,-74.6109376668839,-5.016669666556714,-11.856187431210671,7.578329104670237,-2.0877177905239344
-20.735442444177924,-15.358425552295822,-6.605143452331306,-35.01585815030566,7.890221625648009,-34.83957656393895,27.129115733685442,-12.053193547399562,34.84076751461309,-6.14479994320879,2.4224722872541147,20.759282236682978,25.637774243794897,15.38245427371674,9.23793643022895,23.742438824476896,14.121441869205817,-1.6162401699892568,2.585747928117906,5.743267687276851,17.438646551317657,-17.045184560411624,-8.192302494858408,14.475992513100477,-0.9947304683015933,1.4543067431554553,-2.679377473153301,-13.136213410911164,-25.236581559645394,2.4384462462315977,-22.213122790797765,20.941596948708675,10.402210643112353,0.6867089654555484,10.897194760895273,1.008003926012365,9.021379294678988,-31.887391522520275,16.467754573554714,-32.15429409660904,-18.584801788853152,-9.376245331964817,-34.57477186737007,-1.1687217834419539,24.633397996173535,8.755831409164342,24.388524761106776,34.03244666019386,3.545449675704153,-0.7361622569716756,-13.013242729143307,-37.38355416726933,-2.3814949632460074,-5.506216800167165,3.6514889427381196,-0.9981244986947467
-1.4195600942592275,-0.9843071233585261,-0.38370869968855864,-2.1679747304659034,0.7570623220163505,-2.3034951222686573,1.7861647817285229,-0.7911738983186988,2.334352990153813,-0.3310846741917675,0.06379113520808716,1.3201905133604477,1.5775810511861958,1.1699724191767056,0.48781280575495023,1.5631558789644582,0.8478062768633493,-0.14922857737986475,0.17765821723214298,0.4042818437196013,1.231521430331469,-1.130779769539733,-0.5779658911427028,0.96883596581070075,-0.04448789939366571,0.20814222676165378,-0.23442452277641976,-0.9859454898895428,-1.7045601144238745,0.07888221157071712,-1.5624762492090551,1.4352064430503868,0.6867089654555484,0.05884276417423228,0.6672622404199252,-0.0039214344376184785,0.4875918528412749,-2.0493745706708046,1.1562362822375258,-2.1514667503631175,-1.1390732052983343,-0.6245489960877746,-2.3500861079741444,-0.05277710135445162,1.7009672154951756,0.7433663344269141,1.6185283632184961,2.3387802012027166,0.2889927766144648,0.0707604591246719,-0.8577747794153684,-2.329891088875133,-0.20399527686070057,-0.5243775447520062,0.2891967046517992,-0.081319769840130507
-21.48074214388344,-16.227613324901927,-7.179600331773297,-37.362773080935135,7.149928415881879,-36.492370749236365,28.46937058612961,-12.654129963200965,36.34311083332141,-6.792531109672423,2.995304339392431,21.991907410494758,27.402826112790557,15.380789724517193,10.260306969640595,24.898692848212235,15.185944801787455,-1.4872344021215675,2.689841466458345,5.91683644391381,17.879417911919607,-17.842311518051126,-8.42259762552895,15.103206323348573,-1.1432433314430432,0.986773622973125,-2.527270571548573,-13.206792483352508,-26.251808960824693,2.9581612212782553,-22.79916649379861,21.6876812694209,10.897194760895273,0.6672622404199252,11.66891984614743,1.3804180029565598,9.967296479218172,-33.68309565705459,16.914427560750205,-33.54664533079477,-19.873244103071837,-9.811150279012487,-35.9169352118922,-1.3366303911370763,25.443754530490615,8.376115732886817,25.51528223456309,35.21236350842964,3.4452653547572045,-1.3335107917403317,-13.636768690019004,-39.81742107759171,-2.270320081125633,-4.988709309152916,3.595926969425984,-0.9660344615767501
-1.6986737278985404,-1.6670434467844533,-0.97181731158638,-4.270033160983689,-0.6737663116828072,-3.3663034079757406,2.6850017971253948,-1.2016185337897982,3.173821565500612,-1.052665043442395,0.8236415922348633,2.3251422604154217,3.18644735840249,0.5459183469344554,1.644719157923214,2.333013970238325,1.876213499333,0.107436526751629,0.22224485686555645,0.4226627199107816,1.1910461544993705,-1.6303278169006636,-0.5837387630182013,1.323131356110777,-0.22651167027599098,-0.549041483333473,0.09863687955144138,-0.5562954914324484,-2.2071647034204496,0.7522567983993047,-1.5501848605566342,1.7068487608423095,1.008003926012365,-0.0039214344376184785,1.3804180029565598,0.5182970459504482,1.5383634466205043,-3.4445530442439134,1.1643437228512201,-2.9388215905281894,-2.324859989197497,-0.8898597857938273,-2.9551398245506233,-0.25881749993677805,1.9230160653306467,-0.17388142043917554,2.3180046948994346,2.7324921494675003,-4.5646095480503517e-4,-0.7966734298767243,-1.2670801358613812,-4.466098820785383,0.05765267444372931,0.46588240109068674,0.05874896423050909,0.004000491798645386
-17.489800999795055,-13.602661760501013,-6.2585011336056695,-31.75872214257964,4.562379728427552,-30.203126140381237,23.62545047074195,-10.508455677335107,29.89716071593205,-6.05500347334844,3.0356869614119306,18.503059796992627,23.34834716309942,11.841528839329964,9.202043685515047,20.644097691710986,13.049985445471512,-0.9814377492395098,2.202079051318226,4.77474252969852,14.32980318761946,-14.752521937649439,-6.776813363983798,12.428361854566855,-1.0693478608940477,0.16508144601771896,-1.7531736697209956,-10.258329811548888,-21.507573017901567,2.937905062621719,-18.303971870092113,17.65006989105326,9.021379294678988,0.4875918528412749,9.967296479218172,1.5383634466205043,8.878991090177895,-28.221603559965363,13.59437368796608,-27.604782486906075,-16.945014477790235,-8.106756533847506,-29.363764317465026,-1.2434493881810562,20.62500271266826,5.967740676830246,21.081313186558607,28.617087637948565,2.5263670147255746,-1.7879463834717284,-11.294822248015857,-33.75946763420444,-1.606946317402973,-3.184428949481083,2.6983089966854044,-0.7037832151202397
