V1,V2,V3,V4,V5,V6,V7,V8,V9,V10,V11,V12,V13,V14,V15,V16,V17,V18,V19,V20,V21,V22,V23,V24,V25,V26,V27,V28,V29,V30,V31,V32,V33,V34,V35,V36,V37,V38,V39,V40,V41,V42,V43,V44,V45,V46,V47,V48,V49,V50,V51,V52,V53,V54,V55,V56
12924.904000758965,-95758.91776987728,122046.8575630227,45437.646163518955,1052.0341914477272,-69584.68449696402,75095.25040908282,-83875.89893625674,31708.75488216261,-36393.74960262846,-100329.21448314047,-78087.50445581407,-35738.74328234244,7189.699586588591,85482.49398268438,-30449.19962702539,36420.46116879902,-101882.26037863943,-109823.60328322927,-8056.728644574903,-88304.55385957705,16497.501257300628,-73211.4321973138,79617.78282215774,-37277.4456911113,68452.72900456552,-54647.55918424279,-24017.872699388867,-1264.0567622380067,-36185.28066880103,46661.05165612733,-17280.951166245082,-44560.76105983076,-17923.12910826092,-4824.964500475575,14866.028745786867,60346.601077771746,-36081.227075237955,75250.12375878028,114264.97059731383,-70765.91141154381,93174.41032575889,14243.134851020453,39076.57619092631,-147407.91105302537,58536.675333543164,-84405.70989606512,-54607.91852851333,81037.4547475866,27930.69258297411,-87803.8559712422,-83255.949283864,19902.68605325291,-40345.716170022744,-15434.508558708465,59842.714581032094
-95758.91776987728,709522.6637556492,-904301.1146874287,-336669.29197066696,-7790.810513244069,515580.90440782736,-556412.3933814998,621471.7969745294,-234940.46101798414,269657.0246038245,743384.1814560296,578574.4563465003,264800.6918328178,-53274.45145762537,-633374.7532767094,225610.5347167078,-269854.7104817103,754892.3231383765,813727.9212149394,59702.91559125693,654284.4672536239,-122235.37917938076,542462.1367831933,-589921.3464960647,276207.8916554625,-507195.84010607976,404907.4192535136,177953.42222203646,9368.3328977931,268117.5883188699,-345724.87071422365,128040.66782216847,330164.46516032435,132793.95008020566,35748.98505642028,-110155.17233299381,-447124.4668233538,267345.0860420675,-557557.835811106,-846632.3731639849,524337.2594017414,-690365.6975454405,-105542.15943322696,-289534.371098736,1092201.3802599406,-433711.0067733557,625399.1095886432,404610.2879155332,-600439.1016443056,-206951.2569139229,650578.7456289753,616875.5809771623,-147466.15148244228,298942.86141517694,114364.93613089107,-443396.0274524576
122046.8575630227,-904301.1146874287,1152551.1498971395,429092.03045455,9929.904050320589,-657119.3830943485,709158.8314935656,-792078.7663277126,299436.71073594596,-343682.50100922084,-947459.1740938263,-737405.7664577861,-337493.7200432688,67899.10991014128,807250.1840185681,-287545.3227542911,343935.15795165143,-962126.1154727949,-1037112.9039576317,-76092.0138940061,-833899.7085045816,155791.75120829602,-691379.7092643436,751867.4425309767,-352033.31624556053,646431.9850470395,-516062.9307589781,-226805.41546912224,-11939.749154300218,-341721.86847425,440633.3467623063,-163190.15739797457,-420801.1913498047,-169248.7912342951,-45563.24981948585,140393.9426428773,569869.4066454145,-340736.90109272406,710619.4387819803,1079050.4311608814,-668278.217552417,879885.608322308,134515.3004135667,369017.7302274127,-1392033.3044646082,552774.1024580139,-797084.6796725588,-515684.2425425556,765272.8637996606,263763.67935633933,-829175.8311968115,-786221.0075591805,187948.91235551608,-381009.0060785221,-145760.0210318183,565117.9746681757
45437.646163518955,-336669.29197066696,429092.03045455,159749.98932835984,3696.7676322462003,-244643.8245739256,264018.2451019052,-294889.05806387763,111479.5118322295,-127952.4133861136,-352736.7502995475,-274534.2023112824,-125648.16038887171,25278.775378327406,300537.149354558,-107052.4393482317,128046.32390918593,-358197.3159748105,-386114.7332871123,-28329.090262047135,-310458.7763633948,58000.82832389246,-257399.05823697435,279918.38418541726,-131061.1006435755,240665.0534344323,-192129.02130405197,-84439.03759216578,-4445.251180688757,-127222.23749573015,164046.72085528547,-60755.37604918122,-156663.2987200881,-63010.834444777945,-16962.978724502074,52268.66016134882,212160.95073438963,-126855.58661512837,264561.8541421531,401727.9079945649,-248798.57585294312,327579.27860463364,50079.926578748506,137384.40930445548,-518250.6793492503,205796.26498456823,-296752.66950630496,-191987.99871042834,284909.1245640307,98198.60515410165,-308700.3146459115,-292708.1551281103,69972.87735955126,-141848.78326192868,-54266.26327418985,210391.94199063932
1052.0341914477272,-7790.810513244069,9929.904050320589,3696.7676322462003,85.95076096664891,-5661.855484733556,6109.824589455772,-6824.3359303423495,2580.135597966582,-2960.8074595575827,-8163.015651710175,-6354.00962742229,-2907.892779090712,584.7237279323599,6955.336407248342,-2477.4280364603437,2963.1786957660624,-8289.19881393482,-8935.483632368516,-654.9447979977508,-7184.860614397823,1342.3951737956222,-5956.3361116697315,6477.988307634643,-3032.9540710036417,5569.5162385340245,-4446.198617057385,-1954.4400565471724,-102.60529188453475,-2943.9275575134334,3796.7545926247253,-1406.004584657739,-3625.767358409049,-1458.6637145602322,-392.73789513029567,1208.887907394256,4910.443622673289,-2935.4120601757804,6122.747243940617,9297.072031558271,-5757.401363021663,7581.066916242693,1158.2746428845662,3179.443264464341,-11993.744234023561,4763.432501983305,-6867.469642425372,-4443.179757237076,6593.680534166037,2272.4317226017884,-7143.648393227284,-6774.118907676498,1619.4594285598337,-3282.3783371447926,-1255.4244656825203,4869.290031324405
-69584.68449696402,515580.90440782736,-657119.3830943485,-244643.8245739256,-5661.855484733556,374652.7006372419,-404322.0431752026,451598.47664029046,-170722.11797950158,195947.8082105194,540187.656056194,420427.7998743774,192419.81899069424,-38711.93006427505,-460248.8092941862,163942.0920864523,-196092.19794848718,548549.6687687335,591303.0215734292,43382.66048079173,475442.71146915026,-88823.8482759142,394185.2868193993,-428672.4597793285,200709.51502039537,-368559.02079533745,294229.8304897868,129311.94831271429,6807.054523594911,194830.31429428392,-251224.47974727437,93041.68916369486,239917.16674130253,96496.4791761163,25977.858476658268,-80043.76021947392,-324907.7630447609,194268.6680380595,-405155.238084311,-615213.6844215525,381013.9633712057,-501661.19122511277,-76692.30552561708,-210393.08917977024,793658.8673853461,-315161.38413960295,454452.6887270231,294014.1245410536,-436315.67043413344,-150383.0642454948,472748.7917229239,448258.96551139036,-107158.01240865643,217229.5619760241,83103.64879148024,-322198.7267275099
75095.25040908282,-556412.3933814998,709158.8314935656,264018.2451019052,6109.824589455772,-404322.0431752026,436342.58332599426,-487362.52680203156,184242.1217868521,-211467.17695526805,-582966.7671562717,-453722.55081405997,-207658.8425415264,41778.06919579793,496696.7548554584,-176925.37452165462,211622.0342266846,-591991.5679697908,-638131.2714320729,-46819.11994796111,-513094.3918854616,95857.85158302203,-425402.0009833734,462620.3432388188,-216603.79410908022,397746.39609224047,-317531.1756929167,-139552.61900822338,-7346.6477432956035,-210259.22984725182,271120.3340374814,-100410.56983471644,-258917.6906603745,-104138.33586023269,-28034.56001269717,86384.34659482866,350638.75167312607,-209653.59560862533,437240.8189502974,663935.3740123932,-411188.93981852254,541389.7402747627,82766.44127127797,227054.90076516516,-856512.3814162825,340119.8648728699,-490442.10979968787,-317298.39640036563,470868.4724952702,162292.54164462673,-510188.27374826174,-483758.282498234,115644.00420140634,-234432.74024135945,-89685.63021997237,347714.39254318224
-83875.89893625674,621471.7969745294,-792078.7663277126,-294889.05806387763,-6824.3359303423495,451598.47664029046,-487362.52680203156,544348.2578480305,-205785.01193889172,236192.83691843663,651131.4554744235,506775.0834384733,231939.52183455642,-46662.92882406561,-554774.3185916108,197612.69173706195,-236366.149702579,661211.3045135546,712745.7605542671,52293.29344185548,573089.1088352831,-107066.32249898775,475143.12183049385,-516713.2571217604,241930.87718743374,-444253.75184975506,354659.0804793625,155870.06872736625,8205.498682149198,234844.3896520756,-302821.41215008876,112151.05902461654,289191.907736193,116314.88845340733,31312.766700328106,-96484.46103203463,-391637.69301538856,234167.76890517402,-488366.11180158565,-741567.0843476184,459267.6442657916,-604692.745688134,-92443.91217551842,-253603.73339779343,956661.497262462,-379889.09750568337,547788.1757111695,354399.0489021882,-525925.9251537175,-181268.90330448071,569842.8097275725,540322.6510570593,-129165.98558876483,261844.30551966018,100172.08066277335,-388371.7245815073
31708.75488216261,-234940.46101798414,299436.71073594596,111479.5118322295,2580.135597966582,-170722.11797950158,184242.1217868521,-205785.01193889172,77794.9994292504,-89290.03238276606,-246153.18808233627,-191581.37621111714,-87682.36419309102,17640.23361170418,209726.62772101082,-74705.36848776902,89355.64821339273,-249963.66036106748,-269445.9009185542,-19768.480520841542,-216650.30079643958,40475.362060385974,-179622.42360656156,195337.94807647704,-91459.27480920081,167945.36224388026,-134075.0137907977,-58925.259374728324,-3101.8308210676614,-88780.17928476838,114478.67759068847,-42397.52725861702,-109326.10707966358,-43971.926655379844,-11837.55925963123,36474.462063099185,148054.87350489222,-88524.3983354162,184621.7175636421,280341.6826359026,-173621.00942096146,228597.74591341577,34946.95221945451,95872.2200700263,-361655.88151248894,143613.62326553362,-207085.4070826779,-133976.89115759253,198820.81798466766,68526.70114713635,-215422.7508462815,-204263.3460098794,48829.90393099637,-98987.20507227269,-37868.710963854624,146820.01257762648
-36393.74960262846,269657.0246038245,-343682.50100922084,-127952.4133861136,-2960.8074595575827,195947.8082105194,-211467.17695526805,236192.83691843663,-89290.03238276606,102485.38463637831,282525.4610894632,219889.28311161898,100639.09624884317,-20247.3410969486,-240715.70352464085,85744.18485992352,-102559.73613769523,286899.5807076016,309260.90310472046,22690.661467331385,248662.9069477619,-46455.80143049708,206164.1574353159,-224201.49963274374,104973.14682802415,-192761.44170135778,153886.64220109864,67632.02115102415,3560.7828928090203,101898.49974844376,-131394.63111523382,48662.8450751145,125480.90015559347,50469.06469916581,13586.089527375412,-41865.93479393804,-169931.9568768724,101605.3280626542,-211901.84744641997,-321766.4006990917,199277.0620180138,-262376.20374953735,-40111.801597792095,-110038.636859647,415095.92630427255,-164833.66927929092,237684.8127732963,153773.8894787947,-228198.6043425493,-78652.57887822312,247255.26588881345,234445.9489414997,-56044.90168977573,113614.07058115868,43465.189239853535,-168514.06889060818
-100329.21448314047,743384.1814560296,-947459.1740938263,-352736.7502995475,-8163.015651710175,540187.656056194,-582966.7671562717,651131.4554744235,-246153.18808233627,282525.4610894632,778862.5417802774,606187.4768044734,277438.060129463,-55816.6639330999,-663603.2683145135,236377.76331042443,-282733.2227388747,790919.5046663568,852562.7214293518,62551.57823106129,685510.5883672285,-128069.25904188027,568351.3299596721,-618075.6114644316,289390.3705131017,-531401.9686308154,424231.5426684172,186446.3558336487,9815.050102407537,280913.7626136945,-362224.4469656939,134151.09845930003,345921.31678517227,139131.73729414545,37455.49655966586,-115411.19953307744,-468463.51366322004,280104.0435434327,-584167.5594018777,-887037.6907997644,549360.6496252685,-723313.4682960582,-110578.673591083,-303352.4959756457,1144326.5105343556,-454410.32245557435,655246.6067086494,423920.29710521916,-629095.647837592,-216827.94767351032,681627.1663539278,646316.1241585884,-154504.18469969614,313209.8882044063,119822.49300934802,-464557.5467583739
-78087.50445581407,578574.4563465003,-737405.7664577861,-274534.2023112824,-6354.00962742229,420427.7998743774,-453722.55081405997,506775.0834384733,-191581.37621111714,219889.28311161898,606187.4768044734,471796.8648868528,215930.30509308496,-43441.51577501781,-516482.02182668267,183972.7060038309,-220050.990845694,615571.2503084516,663549.1579015824,48682.495950450255,533532.510360745,-99676.5088557805,442345.8156838434,-481047.79973240255,225231.53624035532,-413589.53699764534,330178.94654859364,145112.04232017449,7638.607075209324,218633.82223994547,-281920.2524380687,104409.91840118766,269231.24088704045,108287.24510156504,29151.810059021896,-89823.23564362807,-364606.44840538705,218003.97638991347,-454657.469401884,-690381.6658141569,427566.3814467263,-562954.7900550067,-86061.60387630395,-236099.04115914914,890629.5082318815,-353669.44940552115,509977.5406620406,329937.34190081665,-489624.84961679304,-168756.8385612467,530509.3139775054,503027.81460762146,-120250.69112953701,243770.15087641712,93256.977902079,-361565.4572425945
-35738.74328234244,264800.6918328178,-337493.7200432688,-125648.16038887171,-2907.892779090712,192419.81899069424,-207658.8425415264,231939.52183455642,-87682.36419309102,100639.09624884317,277438.060129463,215930.30509308496,98826.68867904934,-19882.409837871754,-236381.5950814124,84200.13361907219,-100712.6272079817,281733.0703807131,303691.63268763566,22281.339255961157,244185.44473811585,-45619.46178589603,202451.56672129346,-220164.41883288417,103083.08943369913,-189290.42059174262,151115.4459558923,66414.37200598876,3496.2897748786177,100063.59905338692,-129028.6051139976,47786.32290594567,123221.23457216228,49560.547446323006,13341.793228550954,-41110.94246369687,-166872.15429329424,99775.49491124159,-208086.27702574752,-315972.15501733246,195687.98697037046,-257651.58456749242,-39388.84618213926,-108057.18291451836,407621.08555970894,-161866.12083926794,233404.90719928735,151004.86054268878,-224089.80801456168,-77236.1764215732,242802.37504214447,230224.34744093975,-55035.86852959844,111568.03229437832,42681.96979003007,-165480.00110691306
7189.699586588591,-53274.45145762537,67899.10991014128,25278.775378327406,584.7237279323599,-38711.93006427505,41778.06919579793,-46662.92882406561,17640.23361170418,-20247.3410969486,-55816.6639330999,-43441.51577501781,-19882.409837871754,4000.2819385374423,47556.414225957924,-16939.850266960544,20262.006262065403,-56680.88614185042,-61098.41216192604,-4483.199722824831,-49126.49124461088,9177.87555951121,-40730.758079905194,44293.86885491789,-20738.95125160534,38082.53598580869,-30402.32208967951,-13361.322427008388,-703.6098710487993,-20131.62736238059,25958.383971898955,-9613.912884348596,-24790.12370763683,-9970.500554362408,-2684.0386427686717,8271.484033194714,33571.80012938378,-20073.64557798967,41863.818151262094,63568.85638770415,-39369.88756246701,51835.662605462174,7925.039717567214,21739.514048387937,-82007.24382492514,32564.422410944284,-46957.77392388426,-30379.8774531235,45083.47752265845,15538.88313100304,-48848.61780381014,-46317.66448855538,11072.335960496574,-22446.14890821656,-8587.320927951485,33291.92005533387
85482.49398268438,-633374.7532767094,807250.1840185681,300537.149354558,6955.336407248342,-460248.8092941862,496696.7548554584,-554774.3185916108,209726.62772101082,-240715.70352464085,-663603.2683145135,-516482.02182668267,-236381.5950814124,47556.414225957924,565400.8990960346,-201397.6285788918,240893.02456452406,-673875.7793903195,-726396.908369717,-53294.32411260825,-584066.146544993,109117.23629625286,-484244.06667999225,526610.4125109569,-246565.21197698714,452762.9711417153,-361451.96712048387,-158855.56295423268,-8362.29787496208,-239342.82749465908,308621.2206002036,-114298.76059276475,-294730.56534731993,-118542.779002228,-31912.93495390016,98331.34600630768,399138.73974155134,-238652.89648683125,497720.23218023055,755770.3577911842,-468063.5490142217,616274.7287620002,94214.14526182285,258461.1741396233,-974984.55521545,387165.57956763083,-558280.5971289355,-361186.94275904616,535999.8014599037,184740.8094641651,-580756.8607433636,-550671.7915876359,131640.16151575276,-266859.6167677431,-102090.25464852531,395810.7824518946
-30449.19962702539,225610.5347167078,-287545.3227542911,-107052.4393482317,-2477.4280364603437,163942.0920864523,-176925.37452165462,197612.69173706195,-74705.36848776902,85744.18485992352,236377.76331042443,183972.7060038309,84200.13361907219,-16939.850266960544,-201397.6285788918,71738.59571442052,-85807.1024912421,240037.01114514875,258745.41704623902,18983.78975493106,208046.38033619363,-38867.90449551417,172489.34856215914,-187580.46945678422,87827.21563404352,-161275.75266355253,128750.54613161316,56584.96318764209,2978.797757645878,85254.62413561251,-109932.16103881986,40713.778127075,104984.27907415715,42225.385857167734,11367.36766297438,-35026.33762876728,-142174.8052823695,85009.01780707785,-177289.707297748,-269208.3369368805,166726.16468373168,-219519.3437811301,-33559.496993674584,-92064.79646864496,347293.2467810433,-137909.7910447087,198861.46120400753,128656.16711148187,-190924.90311395196,-65805.36443207218,206867.8674550728,196151.30384728962,-46890.648403966356,95056.3252374653,36365.0648328318,-140989.1428912331
36420.46116879902,-269854.7104817103,343935.15795165143,128046.32390918593,2963.1786957660624,-196092.19794848718,211622.0342266846,-236366.149702579,89355.64821339273,-102559.73613769523,-282733.2227388747,-220050.990845694,-100712.6272079817,20262.006262065403,240893.02456452406,-85807.1024912421,102634.72375172838,-287110.2247091477,-309487.58335908427,-22706.914306308146,-248845.7775702655,46490.08259055942,-206315.8434859564,224366.3491838269,-105050.68345451428,192903.14438508177,-153999.56776462047,-67681.65692001877,-3563.113540585309,-101973.65960263918,131490.79413907343,-48698.232743023094,-125572.65242497661,-50506.09638635929,-13596.40963682321,41895.778352113826,170056.46452159373,-101679.96610723448,212057.56727265392,322002.3076291786,-199422.81628222018,262568.80920573726,40141.00699662634,110119.4515161696,-415400.31828926614,164954.80148980182,-237859.64065757196,-153886.68403211763,228366.59487135525,78710.31401864087,-247436.46354496767,-234618.10432440872,56086.20099220734,-113697.59837367677,-43496.744410877945,168638.07082312796
-101882.26037863943,754892.3231383765,-962126.1154727949,-358197.3159748105,-8289.19881393482,548549.6687687335,-591991.5679697908,661211.3045135546,-249963.66036106748,286899.5807076016,790919.5046663568,615571.2503084516,281733.0703807131,-56680.88614185042,-673875.7793903195,240037.01114514875,-287110.2247091477,803163.3200075789,865760.9592751627,63520.235887908835,696122.3954134086,-130051.71757519747,577149.563588245,-627643.5519069644,293870.02978124714,-539628.2028733676,430798.87457552366,189332.57399206606,9967.187468256734,285262.297081242,-367831.9243929373,136227.98619745913,351276.4705573209,141285.47492394716,38035.117085963255,-117198.40328526593,-475715.54261911224,284440.21328224684,-593210.6032014881,-900769.5422095681,557865.3240590964,-734510.6508307579,-112290.72898891583,-308048.4894121187,1162041.3010507405,-461444.5693019601,665389.9446838808,430482.7857032259,-638834.0321681339,-220184.56392711206,692179.2844326138,656321.3145813856,-156895.87086139058,318058.5153358417,121677.65754628487,-471748.8817046948
-109823.60328322927,813727.9212149394,-1037112.9039576317,-386114.7332871123,-8935.483632368516,591303.0215734292,-638131.2714320729,712745.7605542671,-269445.9009185542,309260.90310472046,852562.7214293518,663549.1579015824,303691.63268763566,-61098.41216192604,-726396.908369717,258745.41704623902,-309487.58335908427,865760.9592751627,933238.2256347344,68470.5423413272,750377.6214681581,-140187.92662851277,622131.2009675351,-676561.5709712886,316773.3606076174,-581686.2646230541,464375.0496909766,204089.57058730396,10743.988729212353,307494.6338219577,-396501.36659832695,146845.84266990435,378655.47688736225,152297.75444205958,40999.447458460156,-126332.73079587074,-512793.52820262976,306608.8877828898,-639445.1225148219,-970975.6687720513,601345.045140405,-791758.2272033207,-121041.87784302667,-332057.5793472753,1252610.878018134,-497410.36760195787,717249.6173875127,464034.6769624165,-688624.1538376684,-237345.5354766815,746127.243837339,707474.8130425795,-169124.2411056459,342847.29241147253,131160.97807593213,-508516.85955514037
-8056.728644574903,59702.91559125693,-76092.0138940061,-28329.090262047135,-654.9447979977508,43382.66048079173,-46819.11994796111,52293.29344185548,-19768.480520841542,22690.661467331385,62551.57823106129,48682.495950450255,22281.339255961157,-4483.199722824831,-53294.32411260825,18983.78975493106,-22706.914306308146,63520.235887908835,68470.5423413272,5024.743788026157,55053.91480832339,-10285.11016854501,45645.74851414371,-49638.267901941115,23241.423768952136,-42677.559331870456,34070.71619557687,14973.163505423001,788.743676708009,22560.977637763535,-29090.166102686824,10773.94766880359,27781.068680447628,11173.144817598875,3007.7194596556255,-9270.220826239876,-37622.03973350486,22495.987649818442,-46914.928206279605,-71238.82420753842,44120.59717795259,-58089.95861655792,-8881.93041339264,-24362.56704584605,91901.93482184733,-36492.80849617973,52623.69761080594,34045.34383711738,-50523.0081845571,-17413.86908073784,54742.97588952993,51906.15098969567,-12408.182153206733,25154.756289239765,9623.8479642557,-37308.57965345911
-88304.55385957705,654284.4672536239,-833899.7085045816,-310458.7763633948,-7184.860614397823,475442.71146915026,-513094.3918854616,573089.1088352831,-216650.30079643958,248662.9069477619,685510.5883672285,533532.510360745,244185.44473811585,-49126.49124461088,-584066.146544993,208046.38033619363,-248845.7775702655,696122.3954134086,750377.6214681581,55053.91480832339,603347.7413343901,-112719.43917891275,500230.19903685135,-543995.2516592243,254704.79674207114,-467709.92024818773,373384.593592138,164099.8811915326,8638.505249711887,247244.04074301218,-318809.9030492242,118072.28075920243,304460.70560456667,122456.25556811232,32966.29662484649,-101577.99582494884,-412315.65341316734,246531.49970701692,-514151.3752202498,-780720.7625841849,483515.98849266313,-636619.8066525619,-97324.52990536069,-266993.7262613995,1007171.8868789554,-399947.0428188345,576710.9190561805,373110.85847977066,-553694.5078444171,-190839.6532152578,599929.5276123349,568851.0879582511,-135985.9226381754,275669.36979515466,105460.72759781146,-408877.5310681699
16497.501257300628,-122235.37917938076,155791.75120829602,58000.82832389246,1342.3951737956222,-88823.8482759142,95857.85158302203,-107066.32249898775,40475.362060385974,-46455.80143049708,-128069.25904188027,-99676.5088557805,-45619.46178589603,9177.87555951121,109117.23629625286,-38867.90449551417,46490.08259055942,-130051.71757519747,-140187.92662851277,-10285.11016854501,-112719.43917891275,21058.710679821565,-93454.46651302658,101631.00327036339,-47584.73993432821,87379.0756722295,-69756.89194948257,-30657.79214271538,-1613.77315800165,-46190.84102500392,59561.18405241477,-22058.58608967723,-56880.361065940015,-22877.77381309191,-6158.973051840515,18976.779704525437,77030.26265574107,-46057.73359257246,96055.4472723893,145856.81600834653,-90331.79474275779,118935.41519157276,18182.213851008768,49880.60425853673,-188163.12810937737,74719.69552950363,-107743.01094663801,-69705.81081326741,103443.07943424379,35653.26713191141,-112080.63642817039,-106274.63275297542,25405.388942305406,-51501.37539780512,-19702.348791576966,76387.94196965522
-73211.4321973138,542462.1367831933,-691379.7092643436,-257399.05823697435,-5956.3361116697315,394185.2868193993,-425402.0009833734,475143.12183049385,-179622.42360656156,206164.1574353159,568351.3299596721,442345.8156838434,202451.56672129346,-40730.758079905194,-484244.06667999225,172489.34856215914,-206315.8434859564,577149.563588245,622131.2009675351,45645.74851414371,500230.19903685135,-93454.46651302658,414737.75996407436,-451021.6604278533,211174.1755769731,-387774.3504518781,309569.9668128657,136052.9596693479,7162.42553362015,204988.8177008395,-264321.4282204264,97892.46238147552,252424.86768579742,101526.49418208026,27331.925429032453,-84218.2811736111,-341845.8967105311,204397.72337887177,-426278.13179571147,-647287.8997114545,400879.23878946394,-527815.4667727281,-80692.24289832388,-221362.12205618335,835036.3989060103,-331590.7593423428,478146.27996784344,309342.4970408573,-459063.1272643586,-158223.6161880029,497396.69371464086,471629.0309060241,-112744.58367014756,228555.7471297057,87437.13598776385,-338996.237304384
79617.78282215774,-589921.3464960647,751867.4425309767,279918.38418541726,6477.988307634643,-428672.4597793285,462620.3432388188,-516713.2571217604,195337.94807647704,-224201.49963274374,-618075.6114644316,-481047.79973240255,-220164.41883288417,44293.86885491789,526610.4125109569,-187580.46945678422,224366.3491838269,-627643.5519069644,-676561.5709712886,-49638.267901941115,-543995.2516592243,101631.00327036339,-451021.6604278533,490481.4116974694,-229649.0062896768,421700.40108757786,-336654.0643245267,-147957.02377783268,-7788.7619703451965,-222922.2047086468,287447.914585944,-106457.28154854853,-274510.2893911365,-110409.9153643295,-29723.32291838546,91585.68697854193,371755.2730210037,-222279.78724384028,463573.28643994103,703919.7580316374,-435951.63729033043,573994.2819385667,87750.63026551317,240729.02174089444,-908094.4349021306,360603.36426552467,-519978.7751871001,-336407.2063282463,499226.4753660427,172066.42027149588,-540913.3891384335,-512892.08868279884,122608.69805949788,-248551.31010472684,-95086.42666265776,368655.41316483775
-37277.4456911113,276207.8916554625,-352033.31624556053,-131061.1006435755,-3032.9540710036417,200709.51502039537,-216603.79410908022,241930.87718743374,-91459.27480920081,104973.14682802415,289390.3705131017,225231.53624035532,103083.08943369913,-20738.95125160534,-246565.21197698714,87827.21563404352,-105050.68345451428,293870.02978124714,316773.3606076174,23241.423768952136,254704.79674207114,-47584.73993432821,211174.1755769731,-229649.0062896768,107524.82098370466,-197445.0346544211,157625.20163522635,69274.75318553469,3646.763051579554,104375.31158610024,-134585.689159514,49844.21764605004,128528.22349355744,51694.76773899435,13916.910701651585,-42881.35475898622,-174059.24816613205,104074.1749912963,-217050.20227690024,-329582.559747416,204117.3432809577,-268750.3495185491,-41086.30306104242,-112712.05573078993,425179.37354934146,-168837.77688701934,243460.21016769132,157509.3722948311,-233743.64529504284,-80563.46721202473,253261.69119117645,240141.6748096141,-57406.78133639447,116374.86425324844,44520.58752397434,-172608.52358407216
68452.72900456552,-507195.84010607976,646431.9850470395,240665.0534344323,5569.5162385340245,-368559.02079533745,397746.39609224047,-444253.75184975506,167945.36224388026,-192761.44170135778,-531401.9686308154,-413589.53699764534,-189290.42059174262,38082.53598580869,452762.9711417153,-161275.75266355253,192903.14438508177,-539628.2028733676,-581686.2646230541,-42677.559331870456,-467709.92024818773,87379.0756722295,-387774.3504518781,421700.40108757786,-197445.0346544211,362564.7163855413,-289444.5445407349,-127208.66511883329,-6696.588528379031,-191661.5911520639,247138.533269351,-91528.61521961247,-236015.21078711108,-94926.87101928706,-25555.11883466908,78742.65390505592,319623.32290402293,-191109.2058909776,398565.65752356465,605207.9018788928,-374817.5741748912,493502.12223046715,75445.41577194871,206971.2322226857,-780750.84381501,310035.1541824447,-447061.36475457135,-289232.2599906391,429219.14286113286,147937.28193642417,-465060.31856707804,-440968.3896475444,105415.074757013,-213696.63744628322,-81752.39646424334,316958.2114564343
-54647.55918424279,404907.4192535136,-516062.9307589781,-192129.02130405197,-4446.198617057385,294229.8304897868,-317531.1756929167,354659.0804793625,-134075.0137907977,153886.64220109864,424231.5426684172,330178.94654859364,151115.4459558923,-30402.32208967951,-361451.96712048387,128750.54613161316,-153999.56776462047,430798.87457552366,464375.0496909766,34070.71619557687,373384.593592138,-69756.89194948257,309569.9668128657,-336654.0643245267,157625.20163522635,-289444.5445407349,231070.95273977562,101553.93155741828,5346.1533477271,153008.17012425902,-197297.0793413238,73069.72526229822,188417.0642197679,75782.5269800703,20401.194648497996,-62862.548178932535,-255163.4897685677,152567.3220351493,-318185.01661782246,-483152.9582020725,299226.54156961845,-393975.28245114436,-60230.0507826082,-165230.35941203378,623293.344327236,-247508.9162349483,356900.319832469,230901.48949313787,-342656.36702723923,-118102.10090918532,371269.5775771918,352036.2416566661,-84155.4722514566,170599.41695927436,65265.13411266333,-253035.68819408191
-24017.872699388867,177953.42222203646,-226805.41546912224,-84439.03759216578,-1954.4400565471724,129311.94831271429,-139552.61900822338,155870.06872736625,-58925.259374728324,67632.02115102415,186446.3558336487,145112.04232017449,66414.37200598876,-13361.322427008388,-158855.56295423268,56584.96318764209,-67681.65692001877,189332.57399206606,204089.57058730396,14973.163505423001,164099.8811915326,-30657.79214271538,136052.9596693479,-147957.02377783268,69274.75318553469,-127208.66511883329,101553.93155741828,44632.702508574606,2349.3752013548706,67245.41068634906,-86711.24220634782,32113.721438254863,82808.39354660109,33306.4246609557,8966.291406359294,-27627.032391161276,-112143.31182173737,67051.8379190521,-139840.15176148742,-212342.65485336224,131507.5912425555,-173149.49781977828,-26469.830153708604,-72617.55411765381,273933.4112328064,-108779.47530478949,156854.89549154247,101479.76711051074,-150595.07260555023,-51904.920104764715,163169.98295575168,154717.59825537828,-36985.81301553356,74976.77172883827,28683.166375040368,-111207.6774644061
-1264.0567622380067,9368.3328977931,-11939.749154300218,-4445.251180688757,-102.60529188453475,6807.054523594911,-7346.6477432956035,8205.498682149198,-3101.8308210676614,3560.7828928090203,9815.050102407537,7638.607075209324,3496.2897748786177,-703.6098710487993,-8362.29787496208,2978.797757645878,-3563.113540585309,9967.187468256734,10743.988729212353,788.743676708009,8638.505249711887,-1613.77315800165,7162.42553362015,-7788.7619703451965,3646.763051579554,-6696.588528379031,5346.1533477271,2349.3752013548706,123.92169411524391,3540.0845364703796,-4564.586540930547,1690.6637953955985,4359.228014387077,1753.082096719275,471.79436866068124,-1455.0706758252134,-5903.271956950182,3529.9704637312548,-7361.431767688881,-11178.275672829848,6923.326807091702,-9114.991278962543,-1393.9555747457275,-3822.7648423100904,14420.560430410955,-5725.887889477732,8257.230072937851,5342.12023965853,-7927.486130495718,-2732.47850710832,8590.038502226027,8144.646072406394,-1946.9225099798773,3947.1478649456185,1510.3180953956642,-5853.9929428179
-36185.28066880103,268117.5883188699,-341721.86847425,-127222.23749573015,-2943.9275575134334,194830.31429428392,-210259.22984725182,234844.3896520756,-88780.17928476838,101898.49974844376,280913.7626136945,218633.82223994547,100063.59905338692,-20131.62736238059,-239342.82749465908,85254.62413561251,-101973.65960263918,285262.297081242,307494.6338219577,22560.977637763535,247244.04074301218,-46190.84102500392,204988.8177008395,-222922.2047086468,104375.31158610024,-191661.5911520639,153008.17012425902,67245.41068634906,3540.0845364703796,101318.15960116051,-130643.2990348857,48384.22008646344,124763.329984825,50180.332478171484,13509.157992016228,-41625.67530995269,-168960.5256557011,101025.83710861881,-210692.38840674932,-319928.4958516038,198138.65036163005,-260878.1817058471,-39883.18725482283,-109410.53467889027,412725.10548994056,-163891.82979851274,236328.93029816236,152895.6217410903,-226896.83160076928,-78203.68829231823,245843.46282867633,233107.47354595133,-55725.197987753694,112966.22805265203,43216.72517092489,-167552.3858684651
46661.05165612733,-345724.87071422365,440633.3467623063,164046.72085528547,3796.7545926247253,-251224.47974727437,271120.3340374814,-302821.41215008876,114478.67759068847,-131394.63111523382,-362224.4469656939,-281920.2524380687,-129028.6051139976,25958.383971898955,308621.2206002036,-109932.16103881986,131490.79413907343,-367831.9243929373,-396501.36659832695,-29090.166102686824,-318809.9030492242,59561.18405241477,-264321.4282204264,287447.914585944,-134585.689159514,247138.533269351,-197297.0793413238,-86711.24220634782,-4564.586540930547,-130643.2990348857,168460.68305463332,-62390.0137059779,-160878.43247925036,-64706.76063373693,-17419.294954801,53674.05266502896,217869.49073170265,-130267.22867394931,271678.6015491287,412535.0726830552,-255490.873829376,336391.37479036517,51425.721853890835,141079.98166703162,-532192.3856334308,211333.91537757957,-304734.64401169354,-197152.83498940468,292572.95418743807,100839.92828452162,-317003.81745917216,-300582.21476429416,71855.20683887682,-145663.6302285479,-55725.49913016641,216051.79750116362
-17280.951166245082,128040.66782216847,-163190.15739797457,-60755.37604918122,-1406.004584657739,93041.68916369486,-100410.56983471644,112151.05902461654,-42397.52725861702,48662.8450751145,134151.09845930003,104409.91840118766,47786.32290594567,-9613.912884348596,-114298.76059276475,40713.778127075,-48698.232743023094,136227.98619745913,146845.84266990435,10773.94766880359,118072.28075920243,-22058.58608967723,97892.46238147552,-106457.28154854853,49844.21764605004,-91528.61521961247,73069.72526229822,32113.721438254863,1690.6637953955985,48384.22008646344,-62390.0137059779,23106.486599506203,59581.96342346443,23964.289955807908,6451.1360935316425,-19878.86974042781,-80688.69764025547,48245.00446353814,-100617.09065085437,-152783.89726050466,94622.27618337113,-124583.73343919242,-19045.987597469943,-52249.49052068203,197099.4319007479,-78267.99932478694,112859.5030092743,73016.26036882585,-108355.27962526046,-37346.45181941098,117403.70800941851,111321.67036502041,-26611.756041079116,53947.095285430856,20638.362127303757,-80015.39701273233
-44560.76105983076,330164.46516032435,-420801.1913498047,-156663.2987200881,-3625.767358409049,239917.16674130253,-258917.6906603745,289191.907736193,-109326.10707966358,125480.90015559347,345921.31678517227,269231.24088704045,123221.23457216228,-24790.12370763683,-294730.56534731993,104984.27907415715,-125572.65242497661,351276.4705573209,378655.47688736225,27781.068680447628,304460.70560456667,-56880.361065940015,252424.86768579742,-274510.2893911365,128528.22349355744,-236015.21078711108,188417.0642197679,82808.39354660109,4359.228014387077,124763.329984825,-160878.43247925036,59581.96342346443,153637.49281860524,61794.295792575096,16635.20333209985,-51258.53356075145,-208063.3807547876,124404.18070487455,-259450.72288391477,-393967.45102816314,243991.7790734425,-321250.87083875714,-49111.35677135763,-134730.1921747789,508239.1689861301,-201821.83511817985,291019.0069909044,188279.2505925128,-279404.62064137385,-96301.2977361285,302736.0763178715,287053.42393079866,-68621.07025296058,139107.6111235535,53217.51683334099,-206327.52914805393
-17923.12910826092,132793.95008020566,-169248.7912342951,-63010.834444777945,-1458.6637145602322,96496.4791761163,-104138.33586023269,116314.88845340733,-43971.926655379844,50469.06469916581,139131.73729414545,108287.24510156504,49560.547446323006,-9970.500554362408,-118542.779002228,42225.385857167734,-50506.09638635929,141285.47492394716,152297.75444205958,11173.144817598875,122456.25556811232,-22877.77381309191,101526.49418208026,-110409.9153643295,51694.76773899435,-94926.87101928706,75782.5269800703,33306.4246609557,1753.082096719275,50180.332478171484,-64706.76063373693,23964.289955807908,61794.295792575096,24854.51623979496,6690.930367265201,-20615.916165877083,-83685.06082186468,50035.897729260316,-104352.99318441599,-158456.58618991356,98134.83971622722,-129209.41046194381,-19752.27083981231,-54189.4376365261,204417.5115283677,-81174.91553333879,117049.7163528767,75727.33504712304,-112378.60129769679,-38732.93554413864,121762.17163400474,115455.0041839506,-27599.96203543324,55949.69850424592,21404.077774473637,-82986.62836789654
-4824.964500475575,35748.98505642028,-45563.24981948585,-16962.978724502074,-392.73789513029567,25977.858476658268,-28034.56001269717,31312.766700328106,-11837.55925963123,13586.089527375412,37455.49655966586,29151.810059021896,13341.793228550954,-2684.0386427686717,-31912.93495390016,11367.36766297438,-13596.40963682321,38035.117085963255,40999.447458460156,3007.7194596556255,32966.29662484649,-6158.973051840515,27331.925429032453,-29723.32291838546,13916.910701651585,-25555.11883466908,20401.194648497996,8966.291406359294,471.79436866068124,13509.157992016228,-17419.294954801,6451.1360935316425,16635.20333209985,6690.930367265201,1801.4598069233573,-5549.462947707052,-22528.377540779296,13470.106335847786,-28092.645384008872,-42657.445855633916,26418.281574726385,-34784.08187785423,-5317.374292863712,-14588.18536457603,55030.41997538942,-21852.854626419587,31510.85362571823,20386.2627607898,-30253.388233751193,-10427.206615558749,32779.10917345621,31081.318240517194,-7430.185179269703,15062.193042383476,5761.961208982339,-22340.741682587242
14866.028745786867,-110155.17233299381,140393.9426428773,52268.66016134882,1208.887907394256,-80043.76021947392,86384.34659482866,-96484.46103203463,36474.462063099185,-41865.93479393804,-115411.19953307744,-89823.23564362807,-41110.94246369687,8271.484033194714,98331.34600630768,-35026.33762876728,41895.778352113826,-117198.40328526593,-126332.73079587074,-9270.220826239876,-101577.99582494884,18976.779704525437,-84218.2811736111,91585.68697854193,-42881.35475898622,78742.65390505592,-62862.548178932535,-27627.032391161276,-1455.0706758252134,-41625.67530995269,53674.05266502896,-19878.86974042781,-51258.53356075145,-20615.916165877083,-5549.462947707052,17103.65178937256,69416.19929322043,-41506.00128217035,86561.22966295066,131440.7929967151,-81405.14902626522,107179.96774398757,16386.76384835633,44950.548902832415,-169565.6899781715,67332.90350088297,-97093.74255387022,-62816.16851629685,93218.20781688212,32129.554521298804,-101003.96862284683,-95770.46581869945,22893.978553887806,-46411.52529297733,-17756.211846578717,68837.0671496653
60346.601077771746,-447124.4668233538,569869.4066454145,212160.95073438963,4910.443622673289,-324907.7630447609,350638.75167312607,-391637.69301538856,148054.87350489222,-169931.9568768724,-468463.51366322004,-364606.44840538705,-166872.15429329424,33571.80012938378,399138.73974155134,-142174.8052823695,170056.46452159373,-475715.54261911224,-512793.52820262976,-37622.03973350486,-412315.65341316734,77030.26265574107,-341845.8967105311,371755.2730210037,-174059.24816613205,319623.32290402293,-255163.4897685677,-112143.31182173737,-5903.271956950182,-168960.5256557011,217869.49073170265,-80688.69764025547,-208063.3807547876,-83685.06082186468,-22528.377540779296,69416.19929322043,281769.7677160963,-168474.04783443673,351360.9228758925,533529.8913918358,-330425.2156356082,435053.6248049695,66508.58304505186,182458.21740743116,-688282.236604216,273317.3973489949,-394112.15791935014,-254976.9680656031,378383.5712742714,130415.84624584376,-409979.6476386475,-388741.81478067813,92930.1017613661,-188386.16453839553,-72069.44603711291,279419.024291617
