V1,V2,V3,V4,V5,V6,V7,V8,V9,V10,V11,V12,V13,V14,V15,V16,V17,V18,V19,V20,V21,V22,V23,V24,V25,V26,V27,V28,V29,V30,V31,V32,V33,V34,V35,V36,V37,V38,V39,V40,V41,V42,V43,V44,V45,V46,V47,V48,V49,V50,V51,V52,V53,V54,V55,V56
1.9120884194512071,-2.6925438495793226,-0.8423605229801074,-1.1581573877082594,-4.48630683508161,0.8296129949530926,0.7478449437787225,-0.17564499099372471,-2.360971743622593,3.8971201450579662,2.8572694475255656,-2.7207122490117794,5.06477620783304,0.6058770791486382,0.5961002654203847,-1.3009242508395256,-2.5657860534348855,1.7934899214395608,-3.049492281220365,-0.5385764555511842,-1.971645590168808,4.184158579343408,2.6072360906066265,3.081787837235539,3.900794711952747,-0.7572024251353949,-1.2061104848452704,-1.899565224787651,-0.008625869723733028,1.6185688280751593,0.6506196200590594,2.253265975538058,-0.02704921683300104,2.390524379270901,-1.7865489865399742,-3.4490811760536033,-1.5710208115587707,-2.68223451193219,-2.8561522433357296,3.2730239647405557,3.8660716026382267,2.273361866463611,-2.6356412036159793,-3.5060415544949044,-1.6016357275967965,4.55980042382532,-0.967250533691641,-0.48183495400922427,-0.6883746993559684,2.2927931505093926,-2.73307669142371,0.8598859144221024,-0.10908299396062525,-1.9187437168903896,0.36001519606906185,0.053926464478262374
-2.6925438495793226,11.818534166629098,3.494888783638273,3.2577767630193684,16.06670144802217,-1.0558989347482584,0.6368520753156849,4.368527520248716,7.798434805329537,-11.780832952862037,-7.537905885203218,11.8398050704074,-18.03759397076669,-2.1360484769298838,-4.263347409121346,7.158326570108418,9.54570290591613,-2.7521770003349113,13.645405956832484,-0.29640886762433466,4.7595632752599,-16.900015405715227,-11.521734719572189,-14.607291692145795,-12.23513126506111,0.7639183150267106,8.592902106335465,11.885001313851335,1.0777358537927855,-10.70020430752994,-7.122763671092106,-7.592928310435869,0.9062792752105282,-10.905034307987819,9.138110607229503,15.341074504836131,6.75177098906777,8.590315234367043,8.812967062917352,-14.973529087265403,-19.495414582031692,-8.034668753589973,13.435271805720683,13.50724589350522,5.281864844455827,-15.943781167747956,5.967774796723397,2.858741595467501,4.886551048884705,-9.726694970700093,10.089228123352742,-2.215787557988443,-0.788305301864637,10.457910793443949,-0.3439754504009086,-1.8724136066434558
-0.8423605229801074,3.494888783638273,1.0351250245206474,0.9781459142168134,4.7804730763233465,-0.3331732349275089,0.15660095378180666,1.262706709270427,2.3268571854259417,-3.526846486628356,-2.26955919055483,3.502007875014414,-5.367891237523948,-0.6358929212735159,-1.2473936967489592,2.1050857486050423,2.8366803453932974,-0.8553007310739459,4.033012322879251,-0.06611717812387546,1.4389873084535814,-5.009413634896314,-3.406496464699404,-4.3108162199972835,-3.6576415052976303,0.2466215436534369,2.5143264858970196,3.4858330102857797,0.31028284896479086,-3.1350813782411566,-2.0717516168323034,-2.263922707255264,0.2616224896459184,-3.221421318257131,2.691762319448619,4.534917367227166,1.997751400250708,2.5660293756227093,2.636249712368669,-4.422946612342096,-5.744597806765177,-2.391686952672258,3.957872459747136,4.009499269928653,1.576063064494607,-4.747728933605948,1.7508049119498201,0.8393443794129944,1.4299203941922523,-2.8790361824396524,2.9989492629706946,-0.6678541445937716,-0.2228547904352832,3.07605693083086,-0.11172521220302994,-0.5404548881318766
-1.1581573877082594,3.2577767630193684,0.9781459142168134,1.0312365139467317,4.693327403656801,-0.4797314872597134,-0.11045568652869793,0.9416646036673109,2.336788471500323,-3.635959276782236,-2.4429482973330177,3.2711103508941735,-5.27806751547261,-0.6269918869640675,-1.0550174984045906,1.8675213784929483,2.7565237353178644,-1.132258090995367,3.742373943620479,0.11242875342251223,1.5961731482002617,-4.7654448445638975,-3.1702996824415974,-3.9476720177387685,-3.7292127610153405,0.39736036297990085,2.127910242354406,3.017260061928622,0.22119676736646568,-2.6871253405199362,-1.652022608338101,-2.2606387137446053,0.19234672409436965,-2.9758950400109896,2.4243256409116833,4.214038010654965,1.8716333469143338,2.6001845656747835,2.701017763978106,-4.083152547960832,-5.189595046911783,-2.356605611600046,3.5672301065621417,3.860604778139125,1.5835187615959403,-4.69195331494214,1.5193467812876764,0.7337354684624169,1.2108843689735398,-2.7057674472570903,2.9202661604719626,-0.7245124937529094,-0.12483339889548234,2.734162087715045,-0.18502846683145813,-0.3967699868930109
-4.48630683508161,16.06670144802217,4.7804730763233465,4.693327403656801,22.367151000175017,-1.8100718475706614,0.2978771004768741,5.417533223063783,10.973187791780857,-16.787005041849483,-10.972399206798709,16.11045115122412,-25.128811042105802,-2.9796815515910513,-5.557188846831477,9.521565020078656,13.225603882947102,-4.483309969038138,18.512555359384784,-0.017479573848772866,7.034696585167523,-23.18709676136598,-15.65197008883554,-19.70136075828842,-17.3411133834112,1.409392634959293,11.203638809045302,15.643108966041053,1.3144579096459892,-14.025396822565066,-9.064788053126493,-10.6550889391447,1.1179302537141826,-14.76512585341715,12.234976429738703,20.826176520902692,9.199558707493436,12.139288857887419,12.520323178988656,-20.267799634716404,-26.13706117204431,-11.204386765062935,17.99413480561406,18.635112812630986,7.43374031364763,-22.264596980920793,7.863359419460342,3.778544123711617,6.372793442748591,-13.271808805510743,13.992138452625904,-3.2380764545172642,-0.888066590163736,13.922022599666983,-0.6467421807839457,-2.308449054037003
0.8296129949530926,-1.0558989347482584,-0.3331732349275089,-0.4797314872597134,-1.8100718475706614,0.3615236878243933,0.3481230682593094,-0.018532548897844645,-0.9617644683440966,1.6028056833674202,1.1905244235846315,-1.0683782014422654,2.0448750697841005,0.24492319185902853,0.2107167129824565,-0.4899003311338282,-1.0302126135270182,0.7749851389077882,-1.1922386065734627,-0.2484382953221294,-0.8276989999508553,1.6613597127343935,1.0213600136439582,1.1934263376629528,1.5981146233696715,-0.3327655268401416,-0.4268174297403234,-0.6952862728428265,0.011170106935682864,0.5844121014374213,0.19542942385546458,0.915786610918328,4.145098168971648e-4,0.931692830199636,-0.6824660885773645,-1.3497569581586437,-0.6181026783101788,-1.0964015580209054,-1.1721732347641083,1.2750424114439602,1.4807591387311743,0.9187186011389793,-1.0074640324343431,-1.4012575830664924,-0.6525579692941762,1.8451270569533555,-0.35521186337327193,-0.1785451292943365,-0.2438511610141031,0.9038535127819984,-1.0984853371754666,0.35902280523718294,-0.06051076509850097,-0.7239569742484933,0.15848380206658813,-0.001744374459269152
0.7478449437787225,0.6368520753156849,0.15660095378180666,-0.11045568652869793,0.2978771004768741,0.3481230682593094,0.6482829965935897,0.7989489903370312,0.01847174890813248,0.19932681394044516,0.3776220139105041,0.6219624800795365,-0.31507158593874063,-0.03311978441414232,-0.48770822952405807,0.6125749143739238,0.24550342965318267,0.6537427797262376,0.7760382961232899,-0.4327186585521601,-0.35361999439266006,-0.6810683810810461,-0.6330239402145068,-0.9563417506890317,0.10620848652515907,-0.3598066022539124,0.9797924916520035,1.1960831051059164,0.22096818238471816,-1.1398523672905845,-1.0522243114127283,-0.04926201661691257,0.1722028206424873,-0.652194098554087,0.6954794080566367,0.8582848145398374,0.34126944960708794,-0.035705960316076264,-0.10841144175252483,-0.901956233474863,-1.446197526907226,-0.1284441612783087,1.016355507554085,0.43303846023503806,0.010752663835538993,-0.221464820248851,0.5913511169258152,0.2705590456370483,0.5554692098860445,-0.47131207529979813,0.24490624754990636,0.12474290771539662,-0.24096753190345205,0.8824462170912337,0.17512097881374938,-0.357125716127124
-0.17564499099372471,4.368527520248716,1.262706709270427,0.9416646036673109,5.417533223063783,-0.018532548897844645,0.7989489903370312,2.1320255238358747,2.513799229501083,-3.5889402565715676,-2.066816243246017,4.361670675221778,-6.064340861845425,-0.7143043194873002,-1.812667269633623,2.854172192509651,3.2816149002874804,-0.2811106614429026,5.081198607164389,-0.4920868001509907,1.1993014411691638,-6.036062421989562,-4.269983797912252,-5.554664925058584,-3.81986579495344,-0.08567572887117507,3.650546982441914,4.903115706898233,0.5478843365400544,-4.4721619568166195,-3.246332762169617,-2.4762637884149523,0.4482285081426851,-4.0901301509580295,3.564140882759655,5.699595666248295,2.4749761089650275,2.7176100029877066,2.722159996914319,-5.622005163696937,-7.569335306359776,-2.6903787742089698,5.2345002853033495,4.722127386981696,1.7009804327469344,-5.308041038773211,2.453510148707555,1.1636330232737675,2.0743937451078316,-3.546830538753767,3.4550907547024363,-0.5949336046744415,-0.47357399053872823,4.158318895315102,0.05060927181076605,-0.927295996202687
-2.360971743622593,7.798434805329537,2.3268571854259417,2.336788471500323,10.973187791780857,-0.9617644683440966,0.01847174890813248,2.513799229501083,5.408674833198904,-8.319394258555997,-5.486768743666772,7.822963942049978,-12.331922021166728,-1.4631138329068025,-2.6443514957340626,4.574970458283551,6.474655762632954,-2.340848836747012,8.977231253232766,0.07711776682014726,3.5398081855083694,-11.301685798890064,-7.594635358090265,-9.527863591806192,-8.574248037073119,0.7664513731919524,5.33186317135043,7.478699016316116,0.6045507065600385,-6.6919325532285585,-4.262560453928973,-5.2456771804316435,0.5172789853006686,-7.153416060968831,5.896886979583726,10.102089179570559,4.469903756682626,5.994568354841971,6.196913587449512,-9.818025524652931,-12.605101698794975,-5.500918863437587,8.673913409741846,9.105643894105055,3.6644320337795007,-10.937744820637592,3.7612942488657413,1.8100921825536913,3.0332091721677648,-6.452703167555707,6.85285317115832,-1.6218422997934752,-0.390277768197553,6.6919472308111905,-0.3536931174177911,-1.0678408339140042
3.8971201450579662,-11.780832952862037,-3.526846486628356,-3.635959276782236,-16.787005041849483,1.6028056833674202,0.19932681394044516,-3.5889402565715676,-8.319394258555997,12.876551169187394,8.578768653571768,-11.823823265727862,18.872541817930962,2.240619170690363,3.899255227095199,-6.827298539141396,-9.880556797656283,3.8330830642221385,-13.546521652483733,-0.27073905310578483,-5.573267406643038,17.158054078991515,11.468458028542114,14.330795601137117,13.236146924865983,-1.3062537953267745,-7.86341219334068,-11.092170511601783,-0.852986769208654,9.90081138849373,6.191925600417957,8.057665019542288,-0.7357770687365921,10.78252864776027,-8.833073754603918,-15.249184613622432,-6.760881391011075,-9.240327962656819,-9.577353474874887,14.796565755996786,18.895664021879238,8.422753886125738,-12.99517655021433,-13.864701202005943,-5.637092713317821,16.75929148739056,-5.582216467665409,-2.691323131100287,-4.474040015694296,9.767430317389572,-10.462947359281815,2.5404211736692512,0.5161177077974493,-9.991268462202116,0.6059855047782375,1.5183194683170347
2.8572694475255656,-7.537905885203218,-2.26955919055483,-2.4429482973330177,-10.972399206798709,1.1905244235846315,0.3776220139105041,-2.066816243246017,-5.486768743666772,8.578768653571768,5.808350578056761,-7.57194511161955,12.343075772114828,1.4670428486946794,2.389837912747261,-4.276013540920609,-6.431545832940285,2.779275941783433,-8.651076810456974,-0.3429830507389283,-3.814533620675006,11.072019152751658,7.333081750259386,9.100561169089588,8.78089607346362,-0.9991274408209017,-4.820875394695919,-6.870938656304233,-0.4794283957494782,6.10555335934196,3.6896113507105825,5.302249956879717,-0.4205318092349802,6.872847798305627,-5.56908461766474,-9.744236456762179,-4.335104787935771,-6.1154717281895214,-6.365619488484113,9.428772661680906,11.929130570320627,5.513291348928865,-8.195803299569054,-8.991345366400314,-3.718416218296175,10.983092706075224,-3.4618665298085216,-1.6745698621237108,-2.7436915921199767,6.271156052895305,-6.8163568018461635,1.724923037937091,0.24938507223563172,-6.262961063477355,0.46661856343965774,0.8671191720400576
-2.7207122490117794,11.8398050704074,3.502007875014414,3.2711103508941735,16.11045115122412,-1.0683782014422654,0.6219624800795365,4.361670675221778,7.822963942049978,-11.823823265727862,-7.57194511161955,11.861533142565678,-18.087215811843418,-2.142034244226318,-4.264282443635338,7.165285309404467,9.569906190380992,-2.778079148243576,13.66890067884668,-0.2860574720207682,4.784064238451718,-16.936429222429044,-11.542154174323011,-14.629162201459158,-12.27714649210289,0.7757662839876218,8.594870548227538,11.89187917454004,1.0754210005126157,-10.704751077533407,-7.118125208946899,-7.61599409298669,0.904688087647162,-10.922974996316835,9.149253712344365,15.367859827497822,6.764512221108503,8.618798991662164,8.844064208923816,-14.997994595450615,-19.520168505540063,-8.057082857622543,13.451816136116635,13.53925665003706,5.2985238301147835,-15.989132262083174,5.9714693302785475,2.8608434661050244,4.887715485762926,-9.745580719158601,10.115189876658505,-2.226152499646999,-0.7845397628177947,10.468403382999304,-0.3496526507099068,-1.8690910510101495
5.06477620783304,-18.03759397076669,-5.367891237523948,-5.27806751547261,-25.128811042105802,2.0448750697841005,-0.31507158593874063,-6.064340861845425,-12.331922021166728,18.872541817930962,12.343075772114828,-18.087215811843418,28.232047218005448,3.3477806566449946,6.230756688456193,-10.682421869392455,-14.856453661495285,5.058548372843849,-20.78219545162113,0.006491968883526852,-7.916862603950786,26.038679405995918,17.571605306408117,22.11278289405772,19.492459500983145,-1.5949171424976392,-12.561699235902092,-17.544531268775675,-1.4705688570189057,15.728135729889953,10.155698326313006,11.973482932405663,-1.2511785304125225,16.574320913764385,-13.729435281016299,-23.379915406593582,-10.328774333888434,-13.64411942981428,-14.074564628670576,22.75104189050321,29.330812066309274,12.58841722798326,-20.192251895826928,-20.930361213215175,-8.354261802225468,25.01587553830313,-8.819452113762503,-4.238384290483645,-7.145334901443082,14.90151817182136,-15.717959643004344,3.642982900268721,0.9907506309940878,-15.619779822044942,0.73217994783552,2.583550972363874
0.6058770791486382,-2.1360484769298838,-0.6358929212735159,-0.6269918869640675,-2.9796815515910513,0.24492319185902853,-0.03311978441414232,-0.7143043194873002,-1.4631138329068025,2.240619170690363,1.4670428486946794,-2.142034244226318,3.3477806566449946,0.39701065642780287,0.7360977531770282,-1.2634853915262476,-1.7611668084196086,0.6045188973152553,-2.460791597550892,-0.0020763283313417133,-0.9416960816972366,3.085120556526165,2.0807818481088804,2.6174853371001636,2.3135624853321266,-0.1916106166898553,-1.4840540214453717,-2.073865493386767,-0.17303567203095468,1.8587121966127493,1.1980952014223603,1.4203809690273141,-0.14732493642181707,1.9623237562218332,-1.6244811689227976,-2.7684809568932387,-1.2233082242386992,-1.6191681883150737,-1.6707204735934988,2.69357532775936,3.47071271112769,1.492824833082857,-2.3892111620069856,-2.4806282766010437,-0.9911984565340057,2.966784035715565,-1.0425757487303138,-0.5011226861642887,-0.8441703595811864,1.7650285349536867,-1.8633923048024894,0.4330760196267982,0.11597164727444888,-1.847548753700935,0.08802828858539558,0.30420015505253334
0.5961002654203847,-4.263347409121346,-1.2473936967489592,-1.0550174984045906,-5.557188846831477,0.2107167129824565,-0.48770822952405807,-1.812667269633623,-2.6443514957340626,3.899255227095199,2.389837912747261,-4.264282443635338,6.230756688456193,0.7360977531770282,1.646330132420471,-2.6775657799194708,-3.330483017814507,0.6558000804762751,-4.939481801086647,0.28203238422245674,-1.4605891519285632,5.999934668008692,4.1613913022367734,5.340447139951872,4.091976248513406,-0.1070911728787077,-3.3168817646958666,-4.52079525628872,-0.4572201731325244,4.0965969130684385,2.8502735133692223,2.5878089107460336,-0.37876240589252486,3.9609452069398405,-3.3817497929923137,-5.547330919750662,-2.4261147684070297,-2.889316655926274,-2.9340429334999545,5.44141797378361,7.19890857000939,2.7704298599149477,-4.969411640869334,-4.748648134745117,-1.7902774122494751,5.483524388627636,-2.266132306319709,-1.0802020630345175,-1.885500161430346,3.4865556650109824,-3.513995243409258,0.6967253843197464,0.3677694558667177,-3.906523816290503,0.04271324030445096,0.7831056921802121
-1.3009242508395256,7.158326570108418,2.1050857486050423,1.8675213784929483,9.521565020078656,-0.4899003311338282,0.6125749143739238,2.854172192509651,4.574970458283551,-6.827298539141396,-4.276013540920609,7.165285309404467,-10.682421869392455,-1.2634853915262476,-2.6775657799194708,4.4195132609217165,5.682361882318137,-1.3706239388227586,8.279891719280739,-0.33350637226455115,2.657391740490099,-10.151279279641075,-6.983053772851955,-8.909959309393427,-7.12782063535203,0.3145480049914219,5.395531063859101,7.403880890805502,0.7129543828872693,-6.689078138044477,-4.561118835364525,-4.4659655302733405,0.594501667181773,-6.628887526614294,5.609856472983674,9.30356340948083,4.081122842819629,5.018818950638828,5.122380759133663,-9.104399006817061,-11.954297738331118,-4.7539825362026935,8.245590010848405,8.072232313372423,3.097969103601612,-9.42132904623233,3.714273563958532,1.7745494093389078,3.067659932499932,-5.871812581151637,6.000525985404579,-1.2518690879466579,-0.5508017261813671,6.452044138849823,-0.13679094380348952,-1.2287647490889664
-2.5657860534348855,9.54570290591613,2.8366803453932974,2.7565237353178644,13.225603882947102,-1.0302126135270182,0.24550342965318267,3.2816149002874804,6.474655762632954,-9.880556797656283,-6.431545832940285,9.569906190380992,-14.856453661495285,-1.7611668084196086,-3.330483017814507,5.682361882318137,7.827713663354285,-2.574150179373572,11.003404565932659,-0.05689879227111558,4.11142796399487,-13.750514598920995,-9.300657128222838,-11.724048049200066,-10.217429767909282,0.7926092567617669,6.714089373585215,9.356051113993077,0.7991391339038189,-8.39577034301664,-5.460260842111804,-6.290336272933987,0.6779644876249176,-8.779605102030438,7.291826191707204,12.376977331385847,5.46321310409119,7.156661258680127,7.373591609973856,-12.052313340669064,-15.57296382189133,-6.622870843320666,10.72348195952639,11.038768399318357,4.386038299578003,-13.156884075884344,4.701964100595264,2.2579489889617226,3.8188732733701727,-7.879279405352778,8.279798526272966,-1.8965883749810948,-0.5497802193000447,8.30708013797096,-0.36263449400644227,-1.4001158115160655
1.7934899214395608,-2.7521770003349113,-0.8553007310739459,-1.132258090995367,-4.483309969038138,0.7749851389077882,0.6537427797262376,-0.2811106614429026,-2.340848836747012,3.8330830642221385,2.779275941783433,-2.778079148243576,5.058548372843849,0.6045188973152553,0.6558000804762751,-1.3706239388227586,-2.574150179373572,1.6886485960912032,-3.124374778255507,-0.4753881891645708,-1.9053459833323068,4.235444176023051,2.6671749481352576,3.1805424013166306,3.84921071185459,-0.7017008133552749,-1.32596554861359,-2.0417896401328712,-0.03817766375797448,1.7559428054346942,0.7855062389776576,2.2383032114763655,-0.04988401626299586,2.455107858234894,-1.862718808018828,-3.531170609347148,-1.601751112645812,-2.6517694297722696,-2.8142733092706758,3.3626536653850163,4.02301605724419,2.2688243468933824,-2.746716471837901,-3.530555638640227,-1.5877437897645361,4.5458513868239265,-1.037297197848625,-0.5135068271279751,-0.7562811880267958,2.3340531292305373,-2.7397574932623665,0.8349263276688376,-0.0757225501241091,-2.0187219757278134,0.3330833948807401,0.10130404927629065
-3.049492281220365,13.645405956832484,4.033012322879251,3.742373943620479,18.512555359384784,-1.1922386065734627,0.7760382961232899,5.081198607164389,8.977231253232766,-13.546521652483733,-8.651076810456974,13.66890067884668,-20.78219545162113,-2.460791597550892,-4.939481801086647,8.279891719280739,11.003404565932659,-3.124374778255507,15.757373643063945,-0.369882728207728,5.4547949044542126,-19.497129633441418,-13.303535377025797,-16.87647017659591,-14.075598889220911,0.8553933150505585,9.955458575235337,13.759021068521914,1.255138716670118,-12.391587055647875,-8.268134595996372,-8.742736390919193,1.0545559260511668,-12.594984845961445,10.564126573323561,17.71454758596389,7.7939415834745915,9.885091067345103,10.136538604956744,-17.29440066478106,-22.535211479048417,-9.256434754924996,15.531456777893546,15.575589205305356,6.080144834939578,-18.366003211114357,6.908157151207706,3.308368882596056,5.661286362896839,-11.226711637680408,11.628963029324048,-2.542095287476235,-0.923331090542284,12.09562519373842,-0.3842947507695946,-2.1788491799260843
-0.5385764555511842,-0.29640886762433466,-0.06611717812387546,0.11242875342251223,-0.017479573848772866,-0.2484382953221294,-0.4327186585521601,-0.4920868001509907,0.07711776682014726,-0.27073905310578483,-0.3429830507389283,-0.2860574720207682,0.006491968883526852,-0.0020763283313417133,0.28203238422245674,-0.33350637226455115,-0.05689879227111558,-0.4753881891645708,-0.369882728207728,0.29031251467931446,0.29474821304676224,0.26800150582264803,0.297221560900256,0.481210256961463,-0.21275521240326017,0.25301202774269865,-0.5662732452060035,-0.675238466428066,-0.13759819335547502,0.6506910439301161,0.6323400359836368,-0.05385526084033198,-0.10646874023229767,0.31732418419102904,-0.3670191642833397,-0.4062146608496272,-0.15402342379963727,0.12299599468570763,0.17490737471536993,0.4400842332386516,0.757516070845727,-0.005185943482678412,-0.535420035824449,-0.13864915080101908,0.05342410885267512,-0.032973926154334116,-0.33278778760358474,-0.15078416939599662,-0.3208613247968283,0.20809252142291249,-0.050245492713351214,-0.11014747556600711,0.1545009231606984,-0.47875523019601096,-0.12282307327817281,0.22088328481278963
-1.971645590168808,4.7595632752599,1.4389873084535814,1.5961731482002617,7.034696585167523,-0.8276989999508553,-0.35361999439266006,1.1993014411691638,3.5398081855083694,-5.573267406643038,-3.814533620675006,4.784064238451718,-7.916862603950786,-0.9416960816972366,-1.4605891519285632,2.657391740490099,4.11142796399487,-1.9053459833323068,5.4547949044542126,0.29474821304676224,2.523017964769708,-7.034135008443242,-4.627948383399534,-5.714504779138568,-5.688017379463545,0.7060879160853154,2.9470385175436493,4.234186166950705,0.2721599833774112,-3.749479535568334,-2.204288853639196,-3.415446345332686,0.24238774879985478,-4.327519252350576,3.478319024157673,6.146744097618882,2.7414889222043497,3.954952311500313,4.128788266838846,-5.9356489532899035,-7.458024945751787,-3.5383144067917227,5.1201166828583515,5.732594388895871,2.399251667661536,-7.054542318940735,2.135272758252225,1.0354946201006958,1.6776030656504175,-3.96962373873424,4.360013117036032,-1.1349458232358411,-0.12022926631626085,3.894711607117856,-0.3309610300125356,-0.4994456153312041
4.184158579343408,-16.900015405715227,-5.009413634896314,-4.7654448445638975,-23.18709676136598,1.6613597127343935,-0.6810683810810461,-6.036062421989562,-11.301685798890064,17.158054078991515,11.072019152751658,-16.936429222429044,26.038679405995918,3.085120556526165,5.999934668008692,-10.151279279641075,-13.750514598920995,4.235444176023051,-19.497129633441418,0.26800150582264803,-7.034135008443242,24.252191303379924,16.471058567499615,20.824542684431897,17.782013328134685,-1.242324800077967,-12.094243178267797,-16.78726535067905,-1.4802004343564232,15.090208594098279,9.93529259536494,10.992163672729896,-1.249805354755623,15.569604502446575,-12.991181762429894,-21.925281392140235,-9.663191065687885,-12.470259475809275,-12.82032136490059,21.375965298660528,27.729672775154228,11.603121997237997,-19.102542786322545,-19.425057464902654,-7.655263930008309,23.03742348874907,-8.432783471523013,-4.044309068995715,-6.878311746577665,13.928525824166508,-14.538906981874815,3.2597890552210798,1.053014546210262,-14.835117061580616,0.5642929750575053,2.581650839616657
2.6072360906066265,-11.521734719572189,-3.406496464699404,-3.1702996824415974,-15.65197008883554,1.0213600136439582,-0.6330239402145068,-4.269983797912252,-7.594635358090265,11.468458028542114,7.333081750259386,-11.542154174323011,17.571605306408117,2.0807818481088804,4.1613913022367734,-6.983053772851955,-9.300657128222838,2.6671749481352576,-13.303535377025797,0.297221560900256,-4.627948383399534,16.471058567499615,11.232633682102858,14.243811261533235,11.912707421887132,-0.7367920735102786,-8.387345952508527,-11.597542345921017,-1.053897881170851,10.442651204369461,6.95713146209202,7.3951187575797785,-0.8859630065889017,10.632457230557433,-8.912649294977786,-14.956442930446984,-6.581769241272208,-8.364709152086164,-8.580094079256318,14.599382177940273,19.01366919252753,7.826860377758583,-13.103666435711661,-13.162200669734675,-5.143793120825347,15.530752720572105,-5.823249401105563,-2.789257392386286,-4.769625502746206,9.481382760368579,-9.829937925459353,2.1553080024584026,0.7724405117786068,-10.201599770284298,0.33150106492962583,1.8304667176101774
3.081787837235539,-14.607291692145795,-4.3108162199972835,-3.9476720177387685,-19.70136075828842,1.1934263376629528,-0.9563417506890317,-5.554664925058584,-9.527863591806192,14.330795601137117,9.100561169089588,-14.629162201459158,22.11278289405772,2.6174853371001636,5.340447139951872,-8.909959309393427,-11.724048049200066,3.1805424013166306,-16.87647017659591,0.481210256961463,-5.714504779138568,20.824542684431897,14.243811261533235,18.100735086446434,14.91120962509193,-0.8336648200964483,-10.762947229102446,-14.842585229608604,-1.376938547936896,13.380316245803373,8.987704545544496,9.285402936178247,-1.1541303339707483,13.49603353242261,-11.350349280921364,-18.969741830490566,-8.338734694904094,-10.479907266087173,-10.731752307213704,18.53296319095154,24.204696316661686,9.846641172810832,-16.686106593496604,-16.613227378155194,-6.4527186480894585,19.53020106934203,-7.450311085610982,-3.56541595583474,-6.120125365672241,12.007294752860707,-12.387589046173451,2.67134752499764,1.0290230186565406,-13.01350462100827,0.3717680098969361,2.3848563171073525
3.900794711952747,-12.23513126506111,-3.6576415052976303,-3.7292127610153405,-17.3411133834112,1.5981146233696715,0.10620848652515907,-3.81986579495344,-8.574248037073119,13.236146924865983,8.78089607346362,-12.27714649210289,19.492459500983145,2.3135624853321266,4.091976248513406,-7.12782063535203,-10.217429767909282,3.84921071185459,-14.075598889220911,-0.21275521240326017,-5.688017379463545,17.782013328134685,11.912707421887132,14.91120962509193,13.620879041402596,-1.2907919336939486,-8.251489511756425,-11.611142404780368,-0.9126249960309213,10.375091371958584,6.540445401471459,8.309299437444558,-0.7844057931037507,11.20893065694044,-9.207039450617037,-15.842422136288334,-7.017894285792915,-9.514794058786684,-9.850908743783467,15.38277149032678,19.689291302102713,8.697559675040747,-13.544308337764301,-14.35095427616375,-5.809508231132312,17.300872876935426,-5.841773773124872,-2.8142372570550798,-4.694537598116834,10.135414455510471,-10.81737218821811,2.5983009858902233,0.5686097839245348,-10.428917825177214,0.5975579699605286,1.6189391567679323
-0.7572024251353949,0.7639183150267106,0.2466215436534369,0.39736036297990085,1.409392634959293,-0.3327655268401416,-0.3598066022539124,-0.08567572887117507,0.7664513731919524,-1.3062537953267745,-0.9991274408209017,0.7757662839876218,-1.5949171424976392,-0.1916106166898553,-0.1070911728787077,0.3145480049914219,0.7926092567617669,-0.7017008133552749,0.8553933150505585,0.25301202774269865,0.7060879160853154,-1.242324800077967,-0.7367920735102786,-0.8336648200964483,-1.2907919336939486,0.31124755853204883,0.217935944109481,0.40532896888489944,-0.03672135779626903,-0.32377577430604654,-0.0238685734081143,-0.7258267928123029,-0.021990589131539985,-0.662706379968441,0.4580456932909364,0.9709593592637125,0.45114918546429633,0.8808859591472027,0.9505981265578997,-0.9057439508247287,-1.0017287476304915,-0.7182108218506549,0.6774700971904468,1.065611942699625,0.5202612841119786,-1.4470242889314873,0.20955572776716885,0.10868763515237526,0.12505455002725555,-0.6632039788759754,0.8472569405279408,-0.30267048278808345,0.07867671781729825,0.4676947277033929,-0.1487082777408843,0.04631265419100833
-1.2061104848452704,8.592902106335465,2.5143264858970196,2.127910242354406,11.203638809045302,-0.4268174297403234,0.9797924916520035,3.650546982441914,5.33186317135043,-7.86341219334068,-4.820875394695919,8.594870548227538,-12.561699235902092,-1.4840540214453717,-3.3168817646958666,5.395531063859101,6.714089373585215,-1.32596554861359,9.955458575235337,-0.5662732452060035,2.9470385175436493,-12.094243178267797,-8.387345952508527,-10.762947229102446,-8.251489511756425,0.217935944109481,6.682580403226434,9.108901754169812,0.920692060831508,-8.253878687637568,-5.741327488673611,-5.217681523888596,0.7627633362881336,-7.983066906998541,6.814959244133881,11.180646204487934,4.890025117068951,5.826101277739291,5.916691638682547,-10.966842600313873,-14.507554097799513,-5.58546908863118,10.014473884496612,9.572578601064142,3.6097820463395727,-11.05552856047796,4.566050048219741,2.176571406416671,3.7987607491842086,-7.027531562591003,7.08411739340707,-1.405544313384809,-0.7402156866619103,7.872052674038659,-0.08709915892603678,-1.5770367105791898
-1.899565224787651,11.885001313851335,3.4858330102857797,3.017260061928622,15.643108966041053,-0.6952862728428265,1.1960831051059164,4.903115706898233,7.478699016316116,-11.092170511601783,-6.870938656304233,11.89187917454004,-17.544531268775675,-2.073865493386767,-4.52079525628872,7.403880890805502,9.356051113993077,-2.0417896401328712,13.759021068521914,-0.675238466428066,4.234186166950705,-16.78726535067905,-11.597542345921017,-14.842585229608604,-11.611142404780368,0.40532896888489944,9.108901754169812,12.454714437400549,1.2312183547214615,-11.270144133270634,-7.767742505964603,-7.30992454208913,1.023025559198095,-11.024797971284451,9.373279773570333,15.455966761058859,6.769329530868155,8.187383076661344,8.33462918425709,-15.143801983797287,-19.96314441921612,-7.8042678812049475,13.775444041446924,13.316401029787668,5.063717204426141,-15.456337503414616,6.2454859848313,2.980265566045343,5.1784364430924885,-9.733595195505787,9.875586209338568,-2.0072959063130655,-0.9723746498845329,10.805347098121583,-0.1706476177044239,-2.114835691445409
-0.008625869723733028,1.0777358537927855,0.31028284896479086,0.22119676736646568,1.3144579096459892,0.011170106935682864,0.22096818238471816,0.5478843365400544,0.6045507065600385,-0.852986769208654,-0.4794283957494782,1.0754210005126157,-1.4705688570189057,-0.17303567203095468,-0.4572201731325244,0.7129543828872693,0.7991391339038189,-0.03817766375797448,1.255138716670118,-0.13759819335547502,0.2721599833774112,-1.4802004343564232,-1.053897881170851,-1.376938547936896,-0.9126249960309213,-0.03672135779626903,0.920692060831508,1.2312183547214615,0.1414969442579648,-1.1251961016922676,-0.8268649303218846,-0.5969176789377305,0.11537498370596098,-1.011563764282034,0.8871828242768239,1.4073457242747798,0.6097115733733389,0.65106730190196,0.6488978210835646,-1.3906707066983077,-1.8827692906731177,-0.6518930397801662,1.302739983560086,1.1535121897125722,0.40899487625438086,-1.284733002398179,0.6157776732278905,0.2916021868859995,0.5231181660463537,-0.8729665580610371,0.840774561538631,-0.13728376412514406,-0.12454771936573841,1.0382720048361223,0.020012531092522025,-0.23872719508443255
1.6185688280751593,-10.70020430752994,-3.1350813782411566,-2.6871253405199362,-14.025396822565066,0.5844121014374213,-1.1398523672905845,-4.4721619568166195,-6.6919325532285585,9.90081138849373,6.10555335934196,-10.704751077533407,15.728135729889953,1.8587121966127493,4.0965969130684385,-6.689078138044477,-8.39577034301664,1.7559428054346942,-12.391587055647875,0.6506910439301161,-3.749479535568334,15.090208594098279,10.442651204369461,13.380316245803373,10.375091371958584,-0.32377577430604654,-8.253878687637568,-11.270144133270634,-1.1251961016922676,10.204443369275696,7.061979735503748,6.544278872340193,-0.9337012719720301,9.932379773681893,-8.459710990875982,-13.91843137312963,-6.092191934990914,-7.320030088147262,-7.443906116128709,13.643898805666355,18.013654812566696,6.9950240350017605,-12.43219671159204,-11.958657937312193,-4.5308188187314515,13.85008227511136,-5.650566779378118,-2.6951238146004908,-4.692187499496744,8.75784856383009,-8.860446158172975,1.7821388697908769,0.8958087403611793,-9.76090580270034,0.1337633920230534,1.9303046359085136
0.6506196200590594,-7.122763671092106,-2.0717516168323034,-1.652022608338101,-9.064788053126493,0.19542942385546458,-1.0522243114127283,-3.246332762169617,-4.262560453928973,6.191925600417957,3.6896113507105825,-7.118125208946899,10.155698326313006,1.1980952014223603,2.8502735133692223,-4.561118835364525,-5.460260842111804,0.7855062389776576,-8.268134595996372,0.6323400359836368,-2.204288853639196,9.93529259536494,6.95713146209202,8.987704545544496,6.540445401471459,-0.0238685734081143,-5.741327488673611,-7.767742505964603,-0.8268649303218846,7.061979735503748,5.020407444709405,4.184282955092678,-0.6805011525881545,6.642508987104508,-5.728403121771442,-9.28013893618536,-4.044582917750662,-4.63437265254509,-4.676344370556726,9.127734746097481,12.18019958255266,4.510800337742333,-8.415444760669116,-7.819556906263276,-2.885111657632383,8.914730337541261,-3.8903377874205325,-1.849744355744217,-3.263072356253631,5.804555727032041,-5.75529690353553,1.0696122398873449,0.6911838879343347,-6.649938168815443,-0.00352275494548566,1.4074119505013365
2.253265975538058,-7.592928310435869,-2.263922707255264,-2.2606387137446053,-10.6550889391447,0.915786610918328,-0.04926201661691257,-2.4762637884149523,-5.2456771804316435,8.057665019542288,5.302249956879717,-7.61599409298669,11.973482932405663,1.4203809690273141,2.5878089107460336,-4.4659655302733405,-6.290336272933987,2.2383032114763655,-8.742736390919193,-0.05385526084033198,-3.415446345332686,10.992163672729896,7.3951187575797785,9.285402936178247,8.309299437444558,-0.7258267928123029,-5.217681523888596,-7.30992454208913,-0.5969176789377305,6.544278872340193,4.184282955092678,5.089107611878769,-0.5099322910447506,6.968196236081695,-5.7518351235628025,-9.837486499012156,-4.350962287642658,-5.811197457309965,-6.003895114502641,9.564142599773888,12.293084638991262,5.340444511292086,-8.46023067357052,-8.850670529838377,-3.5539146631287566,10.617024881722834,-3.675918686525138,-1.7683277465971683,-2.968160061706883,6.279968857545389,-6.657045160362266,1.5666654651107532,0.39010471635814387,-6.531845443906948,0.33450702018642187,1.0527539821857157
-0.02704921683300104,0.9062792752105282,0.2616224896459184,0.19234672409436965,1.1179302537141826,4.145098168971648e-4,0.1722028206424873,0.4482285081426851,0.5172789853006686,-0.7357770687365921,-0.4205318092349802,0.904688087647162,-1.2511785304125225,-0.14732493642181707,-0.37876240589252486,0.594501667181773,0.6779644876249176,-0.04988401626299586,1.0545559260511668,-0.10646874023229767,0.24238774879985478,-1.249805354755623,-0.8859630065889017,-1.1541303339707483,-0.7844057931037507,-0.021990589131539985,0.7627633362881336,1.023025559198095,0.11537498370596098,-0.9337012719720301,-0.6805011525881545,-0.5099322910447506,0.09428528515329133,-0.8492024583563742,0.7415390668978087,1.1827498855063787,0.5132121621910378,0.5585426991915733,0.5585955029405899,-1.1673212304259506,-1.5744672116942908,-0.554934569690914,1.0890049312558432,0.9765352529954381,0.3500000369426211,-1.0944817860200806,0.5118334077066815,0.24262848324332234,0.43341798128945364,-0.7352573145450887,0.7136393933531809,-0.12085520305617092,-0.1003332010719208,0.8660234078108612,0.012535638243486665,-0.19506803830631717
2.390524379270901,-10.905034307987819,-3.221421318257131,-2.9758950400109896,-14.76512585341715,0.931692830199636,-0.652194098554087,-4.0901301509580295,-7.153416060968831,10.78252864776027,6.872847798305627,-10.922974996316835,16.574320913764385,1.9623237562218332,3.9609452069398405,-6.628887526614294,-8.779605102030438,2.455107858234894,-12.594984845961445,0.31732418419102904,-4.327519252350576,15.569604502446575,10.632457230557433,13.49603353242261,11.20893065694044,-0.662706379968441,-7.983066906998541,-11.024797971284451,-1.011563764282034,9.932379773681893,6.642508987104508,6.968196236081695,-0.8492024583563742,10.068933770880953,-8.453146507258802,-14.158630857419299,-6.2275302932775185,-7.873903377399592,-8.070439610719111,13.82616795746864,18.030151647672067,7.381615098049816,-12.427557388391197,-12.432218215349298,-4.844807672385067,14.644366631850511,-5.534871797473426,-2.650030783253158,-4.5395757392738405,8.969327513174472,-9.277974709696453,2.0188477860074765,0.7482474113154701,-9.683116723821442,0.2970232869185813,1.7546324375888245
-1.7865489865399742,9.138110607229503,2.691762319448619,2.4243256409116833,12.234976429738703,-0.6824660885773645,0.6954794080566367,3.564140882759655,5.896886979583726,-8.833073754603918,-5.56908461766474,9.149253712344365,-13.729435281016299,-1.6244811689227976,-3.3817497929923137,5.609856472983674,7.291826191707204,-1.862718808018828,10.564126573323561,-0.3670191642833397,3.478319024157673,-12.991181762429894,-8.912649294977786,-11.350349280921364,-9.207039450617037,0.4580456932909364,6.814959244133881,9.373279773570333,0.8871828242768239,-8.459710990875982,-5.728403121771442,-5.7518351235628025,0.7415390668978087,-8.453146507258802,7.132764753089766,11.872202825676643,5.213021353419374,6.477137970103561,6.621278546740065,-11.609009737517312,-15.204753333161728,-6.111704923287854,10.484879133672901,10.346319969780744,3.9933676431664926,-12.11685191826078,4.703518214488893,2.248919395606851,3.874917374347636,-7.503227745671027,7.702195714726506,-1.6325032574427345,-0.6751674319674309,8.191552135100832,-0.2019123336174167,-1.5324986437280286
-3.4490811760536033,15.341074504836131,4.534917367227166,4.214038010654965,20.826176520902692,-1.3497569581586437,0.8582848145398374,5.699595666248295,10.102089179570559,-15.249184613622432,-9.744236456762179,15.367859827497822,-23.379915406593582,-2.7684809568932387,-5.547330919750662,9.30356340948083,12.376977331385847,-3.531170609347148,17.71454758596389,-0.4062146608496272,6.146744097618882,-21.925281392140235,-14.956442930446984,-18.969741830490566,-15.842422136288334,0.9709593592637125,11.180646204487934,15.455966761058859,1.4073457242747798,-13.91843137312963,-9.28013893618536,-9.837486499012156,1.1827498855063787,-14.158630857419299,11.872202825676643,19.915146592408718,8.762992003784014,11.125002948262345,11.409657019300939,-19.441319669758396,-25.326445459945834,-10.41373834024195,17.4547429854433,17.517932079959436,6.842031759726708,-20.663024676705156,7.760374508092832,3.7167951020096752,6.358045092672193,-12.623039035304718,13.080960221528633,-2.8636378068201918,-1.033482342172096,13.591337496035548,-0.4365261450761884,-2.4436842542853396
-1.5710208115587707,6.75177098906777,1.997751400250708,1.8716333469143338,9.199558707493436,-0.6181026783101788,0.34126944960708794,2.4749761089650275,4.469903756682626,-6.760881391011075,-4.335104787935771,6.764512221108503,-10.328774333888434,-1.2233082242386992,-2.4261147684070297,4.081122842819629,5.46321310409119,-1.601751112645812,7.7939415834745915,-0.15402342379963727,2.7414889222043497,-9.663191065687885,-6.581769241272208,-8.338734694904094,-7.017894285792915,0.45114918546429633,4.890025117068951,6.769329530868155,0.6097115733733389,-6.092191934990914,-4.044582917750662,-4.350962287642658,0.5132121621910378,-6.2275302932775185,5.213021353419374,8.762992003784014,3.858027342488317,4.925851678131566,5.0561635590363165,-8.550683884308423,-11.122937367301272,-4.601286340697718,7.6646515526181345,7.727343259805417,3.027518981815825,-9.131899005099319,3.39939818820546,1.6288797604315153,2.780889812379107,-5.5586725672453765,5.774817813102639,-1.2748213193451974,-0.4430556354121812,5.962748948838315,-0.20362379017031854,-1.0602703792796635
