V1,V2,V3,V4,V5,V6,V7,V8,V9,V10,V11,V12,V13,V14,V15,V16,V17,V18,V19,V20,V21,V22,V23,V24,V25,V26,V27,V28,V29,V30,V31,V32,V33,V34,V35,V36,V37,V38,V39,V40,V41,V42,V43,V44,V45,V46,V47,V48,V49,V50,V51,V52,V53,V54,V55,V56
2.3910592870819505,2.386630839589653,10.51021070579921,5.2641064887143925,-1.3819642288700027,13.052881724873908,6.3477244880916786,-1.2465245174360897,7.449347961383775,4.34414177111034,2.6051788189341596,4.171368061183087,1.2767106304517566,2.204890492044813,2.8340557646299156,1.247932416452064,-1.390755733293246,-4.775596586812806,-3.098978228523932,-5.706200252114565,-5.3255372261684,0.628443652484659,1.1342536911751828,-1.7370455785373555,0.9478865366274999,-0.6242842790731902,11.658656427268228,3.758586672224667,-0.3825390803565206,-6.121758234750391,0.8899112600778585,-0.9498407245584938,0.8526254769845205,-5.3723636481015085,-11.578539229134869,3.2115314883625747,2.4895205946171024,-1.3996749893202522,8.616281697339792,-2.98997869119849,3.7542350567096774,-1.2719238263931056,3.886642719696234,-2.7172777715131162,14.933089213080562,2.8093402066947397,4.774414632571069,-9.663635836552237,8.086995237019154,-3.5258504265648285,5.156758494186264,3.1086272062400555,-9.263924905890912,-2.277373907481908,3.75448524490861,1.1212498316098949
2.386630839589653,2.396974736200869,10.526200209825666,5.167155533692331,-1.329043584689884,13.103346293672649,6.261049378994778,-1.038183090293012,7.39782214392403,4.381072979320092,2.603330534300507,4.161380081330683,1.307669188775434,2.1662146526657553,2.837128875106262,1.2535694626028544,-1.3510762939559406,-4.859044100410428,-3.0645758731885735,-5.579997276052721,-5.152665279279572,0.5595748480065952,1.0385435769224567,-1.875183427588448,0.9465520358793936,-0.6260390499069954,11.617346261600058,3.8015185147116646,-0.466212870328679,-6.078823983704981,0.9941424949710286,-0.8199375877253153,0.8427770464948462,-5.3707697615101955,-11.457899457392532,3.2407189542880066,2.3902995954970385,-1.3827392362193691,8.51392857980849,-3.062526054222241,3.7746313861649607,-1.1376526213049025,3.757190428694005,-2.8499198306862863,14.9429797763043,2.7412692408872115,4.686722586904005,-9.608927176893673,8.044604760180777,-3.583736256728244,5.200662007715965,3.128686530670469,-9.20619401517508,-2.2587077425691064,3.86559227756337,1.1167274307939843
10.51021070579921,10.526200209825666,46.29637015863273,22.931633407366913,-5.948428827466851,57.57287546184859,27.721519364670222,-4.971478283505853,32.65935446109753,19.210908967585834,11.463929684872866,18.334410286609,5.696180277769528,9.606470155141071,12.481739263754328,5.504649410490227,-6.021606675262159,-21.22465039470228,-13.558384482994127,-24.795337809855745,-23.0138863258181,2.5936199572837006,4.758788147698853,-7.987533529087281,4.169846008862874,-2.750698052195902,51.21314881978064,16.64832162427304,-1.8911214612005103,-26.836564376220664,4.174610643783513,-3.8544569576108985,3.7320249493926942,-23.639195504963343,-50.66394646054752,14.204447365989829,10.711748691559606,-6.120344699970067,37.66642770566332,-13.340521957031314,16.57132232473882,-5.267076457135857,16.78432319759022,-12.287827603691253,65.74749834514682,12.197944816251733,20.799406585691404,-42.39206988570737,35.48898382031636,-15.661394797139678,22.805016605913135,13.72891154886043,-40.62779170670113,-9.974821388854501,16.794861958348953,4.927164619689946
5.2641064887143925,5.167155533692331,22.931633407366913,12.117550813880744,-3.348773814352703,28.288386132645275,14.429926047887852,-3.993465195305356,16.640402144745938,9.29543896408267,5.719646557487609,9.200788259125424,2.611476896304896,5.065501271175998,6.190666175287557,2.6999728945387402,-3.2902776418639412,-9.960616614098603,-7.000055622157401,-13.267360046095668,-12.719711259548415,1.7921453560982892,3.0632760644996773,-2.9661253398074674,2.0832651983131387,-1.3603955774455934,25.79835001003376,7.97428972128329,-0.330258342395352,-13.6764525985589,1.3165445822069828,-2.867330147453817,1.9265915656257016,-11.777742228883156,-26.10067701184211,6.85558143837511,6.052808987274833,-3.1715534933438008,19.499575797423415,-6.1120268264378685,8.096454183264346,-3.5983102757220387,9.295533249872374,-5.149977127110535,32.6576172315579,6.5735325568204,10.998880123548808,-21.50594193154138,17.976569750531766,-7.372117766630521,11.030600658272519,6.68783636593264,-20.649648687261667,-5.106478600094982,7.552432087526166,2.486377260525428
-1.3819642288700027,-1.329043584689884,-5.948428827466851,-3.348773814352703,0.9801570877286586,-7.2736474293041,-3.9342146066409693,1.4549480498775045,-4.444380140606062,-2.3509774600152697,-1.493882616638094,-2.419334600897151,-0.6200053548521173,-1.3989712371905083,-1.6075463380842485,-0.6937087949289942,0.9388803526533269,2.4329901357365764,1.8921621299190825,3.714192627946005,3.6607193299829457,-0.6041873974242228,-0.9861063559094508,0.49710012750269156,-0.5443006750627044,0.3535971596276602,-6.809217101756876,-1.9937420122555476,-0.0808804111335901,3.6534683340203205,-0.1352287534160326,1.0079509061263903,-0.5191699168125868,3.0737858169064123,7.044478188552195,-1.7288641892229164,-1.7737996657845323,0.8606399273065053,-5.289803119729712,1.4489625411433076,-2.069098423311277,1.2033770463996836,-2.6795333748229853,1.079078667052306,-8.495689144956021,-1.8512917169341323,-3.0439430594557235,5.7195168681714454,-4.771443733799367,1.805948269837546,-2.787792961733082,-1.704519858654664,5.5014612961063705,1.3717164641359465,-1.7506363733897905,-0.6565161663903734
13.052881724873908,13.103346293672649,57.57287546184859,28.288386132645275,-7.2736474293041,71.66928194726007,34.2619953960007,-5.71508183852169,40.469578564981155,23.956922863240912,14.244071095766465,22.763489912195553,7.146983609477647,11.851996803511769,15.519887668910902,6.853305412544993,-7.3926039532747465,-26.56164320178252,-16.77414936442656,-30.532305911463272,-28.214867217743834,3.071128117184224,5.704094407829594,-10.237278526511213,5.181315640487092,-3.4192324527175066,63.554722966636554,20.787006281240572,-2.5375372841452037,-33.25427214396647,5.421882371947245,-4.500186863197148,4.618848977199742,-29.377477523755797,-62.697801987251744,17.72115277941378,13.094513185654314,-7.567682647235293,46.582974460298026,-16.741519793699208,20.64449350539553,-6.249303543279095,20.575090458628466,-15.566985181275506,81.73502129491365,15.003928686788935,25.65002753526823,-52.5611107555556,44.01170066669178,-19.59529407401683,28.442084955929417,17.107726278290844,-50.3616710926281,-12.351341297040085,21.11918482240021,6.112891068691341
6.3477244880916786,6.261049378994778,27.721519364670222,14.429926047887852,-3.9342146066409693,34.2619953960007,17.24429292899493,-4.389307810607996,19.983508564508185,11.299944298305764,6.901519595952591,11.088371290351716,3.2168869772533726,6.036387480921501,7.48098311834338,3.2721255569949057,-3.8901193596853987,-12.19931317409969,-8.379312551537582,-15.7589160017647,-14.99785580543054,2.0218575501510845,3.499659378470592,-3.8685037563114832,2.5126860382125327,-1.645809297899427,31.062302130829483,9.717652886744913,-0.5725076559564697,-16.423533974869514,1.806295195046379,-3.1937580740596196,2.3051517872941947,-14.218479297326416,-31.263413445539392,8.339630603405995,7.102996152851738,-3.7933018089365502,23.332196600510223,-7.529912679935402,9.819949675528271,-4.066219661226047,10.956320472814516,-6.493371719830629,39.452551094361404,7.794108368527538,13.096146671325759,-25.85400447773686,21.61687576210549,-9.021877180171368,13.410070808706031,8.117625687340032,-24.81299436057106,-6.126674964891751,9.350661517668192,2.991409569472742
-1.2465245174360897,-1.038183090293012,-4.971478283505853,-3.993465195305356,1.4549480498775045,-5.71508183852169,-4.389307810607996,3.6314003289876338,-4.448471678364193,-1.6178613889370743,-1.3131147427507714,-2.2104698285377347,-0.18750622490839572,-1.654511117397499,-1.3559739310405852,-0.5381287405350333,1.2717141731956192,1.1630121784895557,2.0295368993482015,4.661142646189243,5.143882334439479,-1.3051285502417895,-1.9364693578849133,-1.1486967343194403,-0.48185830375685595,0.2941599853375586,-6.3719101549661445,-1.2366332685505181,-1.0250578693317147,3.6603992954686,1.0732428671955518,2.35495282375965,-0.5553340760422415,2.6762151133317937,7.473520153847647,-1.159077152603225,-2.659551280963729,0.9406538666264193,-5.751136875212192,0.4283449864360876,-1.5507397835642875,2.56549142446836,-3.786646149040971,-0.575957483414795,-7.243533457087697,-2.388341483022671,-3.645221211820394,5.583394180425822,-4.615648345320705,0.8999663855962037,-1.9101331560094166,-1.246914866442356,5.428814520639001,1.4102265164497598,-0.2544953567393765,-0.6211409709247494
7.449347961383775,7.39782214392403,32.65935446109753,16.640402144745938,-4.444380140606062,40.469578564981155,19.983508564508185,-4.448471678364193,23.32829666433155,13.41734429800842,8.112253006110423,13.007552923431287,3.890194325031736,6.966169548542793,8.809742381735346,3.8669985316497,-4.439106434682615,-14.634746190644988,-9.739754285533724,-18.099024883881185,-17.048971544579757,2.140652218129462,3.789438526803425,-5.023583618601597,2.9511512103597184,-1.9415896361780474,36.39455212289362,11.576477953302385,-0.960395827811648,-19.169745079023656,2.4816710192167255,-3.3085415444196222,2.6791378804067585,-16.716448794100675,-36.35854117053068,9.90706846057535,8.013777161686308,-4.404700478262703,27.090292392599416,-9.10593554451411,11.617838436892347,-4.322455347227817,12.441181615149647,-8.092219432083175,46.435842190254625,8.935418378073173,15.10492200578867,-30.21886983392646,25.28024628806691,-10.809383549976868,15.922837249189424,9.61496146878302,-28.985440316808138,-7.1413566130111406,11.376631736392852,3.5048825184777823
4.34414177111034,4.381072979320092,19.210908967585834,9.29543896408267,-2.3509774600152697,23.956922863240912,11.299944298305764,-1.6178613889370743,13.41734429800842,8.03569689444017,4.745326797038006,7.573280709545692,2.424735897931158,3.896696823285113,5.177122750129348,2.291730714448049,-2.4090198262826585,-8.967845937696254,-5.543943297277006,-10.001592457808373,-9.16604235588365,0.9285187457883017,1.7698402805080518,-3.602609191343808,1.7253279192801452,-1.141774967892834,21.126119917504578,6.987434603924513,-0.9611636229002941,-11.024307300796725,1.9507912932367235,-1.3203075568339615,1.526438287615229,-9.789158651227638,-20.731262014223297,5.9464836593603225,4.2278299338571905,-2.4991408970803772,15.384653302097801,-5.68009255231164,6.908772788437759,-1.8981302344184683,6.679256174934853,-5.371270589557469,27.25579924212652,4.907080626356614,8.428514477621597,-17.442578648767096,14.610792322712427,-6.61095424278156,9.54034972560822,5.729359138615344,-16.705616955919037,-4.090555982436173,7.191519833457768,2.0315819385706937
2.6051788189341596,2.603330534300507,11.463929684872866,5.719646557487609,-1.493882616638094,14.244071095766465,6.901519595952591,-1.3131147427507714,8.112253006110423,4.745326797038006,2.8414988363191487,4.546445608057865,1.3994086348542112,2.394803041945622,3.0913988822830105,1.3613039366025386,-1.507319713780819,-5.226161879304278,-3.3734965292001307,-6.191273537407823,-5.770057277257157,0.6689740632657569,1.216883455648729,-1.9250394194380915,1.0337656856966788,-0.6807928686657984,12.705392077590531,4.107924812000156,-0.4359279817268575,-6.665866578931087,0.9935388566510666,-1.0047460470629967,0.9291057708527929,-5.856915660999448,-12.600027802527858,3.507183140880075,2.6924933851147657,-1.5234790231178164,9.371707410612663,-3.2772297078380666,4.0969469351105605,-1.3574334798090066,4.208415784543178,-2.9927394028964094,16.28542166792759,3.0493869558011686,5.188422433421131,-10.523606073288754,8.809513435295955,-3.8575423700744897,5.632952776844568,3.3930694289002137,-10.088190622169089,-2.4784443844157202,4.116906046813154,1.2232958048502576
4.171368061183087,4.161380081330683,18.334410286609,9.200788259125424,-2.419334600897151,22.763489912195553,11.088371290351716,-2.2104698285377347,13.007552923431287,7.573280709545692,4.546445608057865,7.27972248060926,2.2228042638110805,3.8529442763347075,4.944279349705991,2.175793080113926,-2.433539779978921,-8.31847811077988,-5.414324018803517,-9.975302431072373,-9.32271663044173,1.1070982675749461,1.9957843437147011,-3.006624063533746,1.6539716035630423,-1.0893489082918624,20.349831794896044,6.5500831897022795,-0.6530950832910435,-10.688754092429695,1.5344767995323372,-1.6777468701570635,1.4900489319545878,-9.372252616451652,-20.222755885338167,5.59650085734113,4.359722652806245,-2.446029313763323,15.049858417361484,-5.204859084089591,6.544504977897507,-2.241836995843773,6.801556310986312,-4.7183991418101785,26.0517354923997,4.915064006232153,8.347493030281877,-16.86862643162299,14.117276201697463,-6.14118444809231,8.989204198365721,5.419108865267877,-16.1727445329888,-3.9768097249047316,6.530200419384213,1.958607526945618
1.2767106304517566,1.307669188775434,5.696180277769528,2.611476896304896,-0.6200053548521173,7.146983609477647,3.2168869772533726,-0.18750622490839572,3.890194325031736,2.424735897931158,1.3994086348542112,2.2228042638110805,0.7591614640361243,1.0965811056229657,1.5335886773915344,0.684446114475728,-0.6555426292810762,-2.764593266497314,-1.590009396590855,-2.7768108981917488,-2.4661447945767425,0.1781964139920679,0.3902297141118206,-1.2572293609944083,0.5082346005711698,-0.33893172632910207,6.182205173728966,2.1237389798840094,-0.40077516005725333,-3.195654993591117,0.7217952854196331,-0.2081273516150631,0.4380274499208335,-2.8892156434655223,-5.955350286128899,1.797241002611939,1.11091357060941,-0.7145635121522218,4.4006997346948475,-1.7790203673256542,2.069454284324555,-0.37397814759056747,1.7927613418682145,-1.7714539167476586,8.064105663540975,1.3538651498532714,2.366697970419002,-5.074544078061159,4.2564245623092845,-2.0337242625347494,2.879426527319028,1.7199946855832164,-4.852938173546362,-1.1811693334823568,2.2782761889352066,0.5940384697719465
2.204890492044813,2.1662146526657553,9.606470155141071,5.065501271175998,-1.3989712371905083,11.851996803511769,6.036387480921501,-1.654511117397499,6.966169548542793,3.896696823285113,2.394803041945622,3.8529442763347075,1.0965811056229657,2.1189693503574683,2.592897278136209,1.1318198889372368,-1.3755145467089875,-4.179659171114426,-2.9280268909515614,-5.54808819315394,-5.3125481055424135,0.7449171850111185,1.2734931719145552,-1.2535656188714797,0.871796129758288,-0.5708576234913705,10.80160515980103,3.3436039024891606,-0.14525206360023082,-5.725287004966159,0.5600807116504621,-1.1909800697789517,0.8047638996195787,-4.932939373652889,-10.921053572684517,2.8739489103939264,2.5260710723461197,-1.3266905287531086,8.159304826008887,-2.565866443812726,3.3926515123867707,-1.4948839916302694,3.8818676274818995,-2.168335435317392,13.67927032385676,2.7478733904215784,4.599474233711852,-9.004387612801068,7.5254926410304295,-3.092287119366658,4.623430990764684,2.8033173661029234,-8.644943682428417,-2.138464578017658,3.173995889546069,1.0403623449498811
2.8340557646299156,2.837128875106262,12.481739263754328,6.190666175287557,-1.6075463380842485,15.519887668910902,7.48098311834338,-1.3559739310405852,8.809742381735346,5.177122750129348,3.0913988822830105,4.944279349705991,1.5335886773915344,2.592897278136209,3.3653377106085105,1.483672187047368,-1.6263837943637345,-5.7165802912170935,-3.6586547940773926,-6.694396828153776,-6.218246743718738,0.7043151977707803,1.29056492950017,-2.143591070839674,1.124579564758468,-0.7413532568201584,13.811980314479083,4.485751429057122,-0.5037662479395856,-7.239073356008715,1.1179372171411994,-1.0485378226474735,1.0073728410664333,-6.373933427867034,-13.669815617108926,3.8277132731085346,2.8956905339564933,-1.6516236939331825,10.163456096788462,-3.591781624103165,4.466597357193026,-1.4302852012647385,4.535195966940231,-3.3034018031013272,17.72691297093542,3.294015718677907,5.6147986595372235,-11.433931322130773,9.57222103772734,-4.218611332252292,6.145807369846028,3.7001049615871073,-10.958634675524134,-2.6906337653226187,4.519851374620511,1.3291093525433566
1.247932416452064,1.2535694626028544,5.504649410490227,2.6999728945387402,-0.6937087949289942,6.853305412544993,3.2721255569949057,-0.5381287405350333,3.8669985316497,2.291730714448049,1.3613039366025386,2.175793080113926,0.684446114475728,1.1318198889372368,1.483672187047368,0.6556177825213498,-0.7054582725091755,-2.5426586618318097,-1.6017262405793746,-2.9148592863566063,-2.6903368431094514,0.2910898817696061,0.5410132056147384,-0.9838508966425173,0.4950267278138139,-0.32725031354747874,6.073846818974644,1.9888837622680937,-0.24574880356984882,-3.177581331155647,0.5223110166379648,-0.42574784559636686,0.4405901252465232,-2.8085140830998423,-5.988764941692636,1.6954221610614755,1.2477835493334724,-0.7226106203128215,4.449648041572282,-1.6031071212751695,1.97447531105303,-0.5919301157136295,1.9619004254430001,-1.4933073205411909,7.814184532919331,1.4316833082992038,2.4485259204883647,-5.02328496098702,4.205663303196929,-1.8754187747760815,2.7206005472358874,1.6365285225947488,-4.812612711385701,-1.1804992575604336,2.0238733454228663,0.5838136056544061
-1.390755733293246,-1.3510762939559406,-6.021606675262159,-3.2902776418639412,0.9388803526533269,-7.3926039532747465,-3.8901193596853987,1.2717141731956192,-4.439106434682615,-2.4090198262826585,-1.507319713780819,-2.433539779978921,-0.6555426292810762,-1.3755145467089875,-1.6263837943637345,-0.7054582725091755,0.9101363725495429,2.5358908524634134,1.8789891883034326,3.629328140789953,3.533155418687134,-0.54435204256498,-0.9057611952853275,0.6331648785507921,-0.5486624135618714,0.35842376722195707,-6.8373423463584135,-2.053925869626656,-0.0021872938232741453,3.648389250512056,-0.23544386482214424,0.8935558724241599,-0.515769676966979,3.101967075893888,6.999597180052807,-1.7729509611855494,-1.6971240244696548,0.8534277094320909,-5.243917765677286,1.5322945950161688,-2.10819807352063,1.0880800747914758,-2.582676123474105,1.2155375994199893,-8.588055691129556,-1.8052238365199662,-2.9912180604724017,5.72261445021297,-4.778202676171197,1.8785784704277912,-2.8568198524797084,-1.7396856915706953,5.500093648760208,1.3669176548224522,-1.8721924452665348,-0.6594238351048699
-4.775596586812806,-4.859044100410428,-21.22465039470228,-9.960616614098603,2.4329901357365764,-26.56164320178252,-12.19931317409969,1.1630121784895557,-14.634746190644988,-8.967845937696254,-5.226161879304278,-8.31847811077988,-2.764593266497314,-4.179659171114426,-5.7165802912170935,-2.5426586618318097,2.5358908524634134,10.133196472573594,6.009517199563631,10.647309148758037,9.588477792316011,-0.8186985328872088,-1.6676883649738683,4.38432649187572,-1.8990636952259865,1.2621341456481958,-23.165023083316992,-7.83085878995012,1.3093598038064795,12.023344578990592,-2.4617665486393934,1.0674433586944199,-1.655016691659168,10.78717693798086,22.494493645510325,-6.643181631373557,-4.36637133547141,2.7041724850496336,-16.653458869576948,6.477920120813011,-7.678434964596646,1.6936633570392976,-6.978851068289014,6.316364388026519,-30.07563566245082,-5.204695496997895,-9.028144068039834,19.063298937082312,-15.98013852362701,7.4612064928772215,-10.648709152764066,-6.3755953023854675,18.242128759318817,4.451477141595388,-8.25762991027142,-2.2261538112491905
-3.098978228523932,-3.0645758731885735,-13.558384482994127,-7.000055622157401,1.8921621299190825,-16.77414936442656,-8.379312551537582,2.0295368993482015,-9.739754285533724,-5.543943297277006,-3.3734965292001307,-5.414324018803517,-1.590009396590855,-2.9280268909515614,-3.6586547940773926,-1.6017262405793746,1.8789891883034326,6.009517199563631,4.078526626645607,7.629375813273551,7.2358729441529075,-0.9488000170835607,-1.6585897502809397,1.967944201923545,-1.2278435241735686,0.8051583426663377,-15.161418380977649,-4.773595592302029,0.3266297584224305,8.003746671943968,-0.9408806678585617,1.4864680395971892,-1.1228123328896966,6.947810806218403,15.215078599227736,-4.091107227653995,-3.4163611610984046,1.8457359321216922,-11.346295274220926,3.7216713148420664,-4.8096556255272445,1.912993827489518,-5.282051557952799,3.2479840941591065,-19.288848806626103,-3.7730210324587294,-6.354285199976045,12.60468694255851,-10.542974935332978,4.441881647406963,-6.5791062850706545,-3.9777012845911814,12.095352197852971,2.9835510782357453,-4.6304367132009965,-1.4613942702943485
-5.706200252114565,-5.579997276052721,-24.795337809855745,-13.267360046095668,3.714192627946005,-30.532305911463272,-15.7589160017647,4.661142646189243,-18.099024883881185,-10.001592457808373,-6.191273537407823,-9.975302431072373,-2.7768108981917488,-5.54808819315394,-6.694396828153776,-2.9148592863566063,3.629328140789953,10.647309148758037,7.629375813273551,14.573059864820204,14.049023862312877,-2.052451318274045,-3.466433576679444,2.9823867375647217,-2.2543443425727854,1.473415200371832,-27.989685717572666,-8.56067623501446,0.21991731111372798,14.875776638908453,-1.2536779967473317,3.3194580999400842,-2.096237443157108,12.749997064531987,28.44445404557433,-7.372036970883909,-6.710413495725591,3.4598402257640433,-21.275524672629267,6.495886365288333,-8.728205512095423,4.110595668007227,-10.269988978400642,5.3575247865900915,-35.330751141335206,-7.228336520496526,-12.04938623400585,23.371791878041417,-19.525402320910125,7.8828602465760955,-11.865521026242767,-7.207249707516813,22.448148710742892,5.562606053582885,-7.997493998653131,-2.696471624121254
-5.3255372261684,-5.152665279279572,-23.0138863258181,-12.719711259548415,3.6607193299829457,-28.214867217743834,-14.99785580543054,5.143882334439479,-17.048971544579757,-9.16604235588365,-5.770057277257157,-9.32271663044173,-2.4661447945767425,-5.3125481055424135,-6.218246743718738,-2.6903368431094514,3.533155418687134,9.588477792316011,7.2358729441529075,14.049023862312877,13.7474701707687,-2.174164832845525,-3.5955176081084597,2.2388955413919374,-2.102010754208661,1.3669651537464056,-26.212231367424494,-7.800148131121877,-0.11967255808666416,14.013027880577685,-0.7620246003316559,3.5897401084786043,-1.9888429506121708,11.868841162805678,26.939755004199874,-6.743574104507085,-6.62624168043365,3.287846485206258,-20.196019039569453,5.765542674202293,-8.038398898324724,4.343371632382383,-10.05403931131968,4.472990396017274,-32.84080344097643,-6.995896958565151,-11.55962463299286,21.962380877435535,-18.336286889923826,7.110152787020472,-10.871100622158595,-6.627651061854445,21.11613722391842,5.251634272219873,-7.011454373474381,-2.529867298119373
0.628443652484659,0.5595748480065952,2.5936199572837006,1.7921453560982892,-0.6041873974242228,3.071128117184224,2.0218575501510845,-1.3051285502417895,2.140652218129462,0.9285187457883017,0.6689740632657569,1.1070982675749461,0.1781964139920679,0.7449171850111185,0.7043151977707803,0.2910898817696061,-0.54435204256498,-0.8186985328872088,-0.9488000170835607,-2.052451318274045,-2.174164832845525,0.486151256100871,0.73879088958504735,0.21731723957945692,0.24492174464543545,-0.15344408632686157,3.157206887102728,0.7501063139771849,0.30109362039136156,-1.7610672542722827,-0.2702405413216529,-0.8601348849222086,0.259896711814615,-1.370595944285148,-3.5115565943718545,0.6752579222447754,1.1007022694261819,-0.4362186551760974,2.675942619691635,-0.41418932900718136,0.8536168775214471,-0.9580414027441031,1.5988052688746766,-0.06003371731112712,3.7442378936604763,1.039748363981316,1.6317391554148906,-2.7171063582339925,2.2545272610418388,-0.6185138412344777,1.0991730597646572,0.6943415897040309,-2.629312066685174,-0.6710364774673544,0.4281461457173906,0.30569581946244995
1.1342536911751828,1.0385435769224567,4.758788147698853,3.0632760644996773,-0.9861063559094508,5.704094407829594,3.499659378470592,-1.9364693578849133,3.789438526803425,1.7698402805080518,1.216883455648729,1.9957843437147011,0.3902297141118206,1.2734931719145552,1.29056492950017,0.5410132056147384,-0.9057611952853275,-1.6676883649738683,-1.6585897502809397,-3.466433576679444,-3.5955176081084597,0.73879088958504735,1.1463878609252063,0.1013830997505909,0.44500548896868697,-0.28124747602965994,5.666220339554491,1.4578894037106307,0.3703824005940959,-3.116216197687008,-0.27059964303706907,-1.2881427773100282,0.4560974007442901,-2.4934149817372293,-6.144163568162019,1.2916999569033145,1.7961915255577778,-0.7597502562270859,4.656244541876352,-0.9096651024747252,1.5985628458585677,-1.462338738579868,2.638797722332286,-0.391127308314721,6.843004715476582,1.7496059149633965,2.7873443030829184,-4.830743853770505,4.01861676589801,-1.2507067140523362,2.096867360390477,1.3062772243686254,-4.665930607178877,-1.1800982089151022,1.0126014517495039,0.5494557211033552
-1.7370455785373555,-1.875183427588448,-7.987533529087281,-2.9661253398074674,0.49710012750269156,-10.237278526511213,-3.8685037563114832,-1.1486967343194403,-5.023583618601597,-3.602609191343808,-1.9250394194380915,-3.006624063533746,-1.2572293609944083,-1.2535656188714797,-2.143591070839674,-0.9838508966425173,0.6331648785507921,4.38432649187572,1.967944201923545,2.9823867375647217,2.2388955413919374,0.21731723957945692,0.1013830997505909,2.678665080971331,-0.6979639542990277,0.47440185361222237,-8.270490798640123,-3.2295959831330365,1.1221424413076415,4.124999764816684,-1.7063393876530928,-0.5928259563368443,-0.5446452340887982,3.989807065878806,7.424544225381428,-2.688673129136163,-0.8712229701798957,0.8721419668836988,-5.392846913939769,2.952335948394488,-3.0083483322455127,-0.38607461866523296,-1.6114100033044279,3.3480066862325812,-11.2252228694395,-1.4047905888754313,-2.6729623457139766,6.64520697950441,-5.6017950477511915,3.2092124949736953,-4.284214760289976,-2.516049374113307,6.318299084690199,1.5001312924021564,-3.900641839244015,-0.7904500539174467
0.9478865366274999,0.9465520358793936,4.169846008862874,2.0832651983131387,-0.5443006750627044,5.181315640487092,2.5126860382125327,-0.48185830375685595,2.9511512103597184,1.7253279192801452,1.0337656856966788,1.6539716035630423,0.5082346005711698,0.871796129758288,1.124579564758468,0.4950267278138139,-0.5486624135618714,-1.8990636952259865,-1.2278435241735686,-2.2543443425727854,-2.102010754208661,0.24492174464543545,0.44500548896868697,-0.6979639542990277,0.37638539176239905,-0.2470922080602389,4.62234020851171,1.4935962442526163,-0.15706381942116343,-2.425207876159649,0.35960255781217304,-0.3679745862198023,0.33855206702487,-2.1309389351759465,-4.585966743868002,1.2757007080567058,0.9818656245630153,-0.5543311219638708,3.410959675833607,-1.1907328578004521,1.4906313060476515,-0.4968208984673366,1.5340650902188364,-1.0860571234719436,5.924139995689508,1.1099011406432047,1.8883524354742316,-3.8288949348052936,3.2054433070716297,-1.4024703396136613,2.0485430310919868,1.2340246924716174,-3.6705259100145375,-0.9013314135424205,1.495271271600879,0.4449476050115371
-0.6242842790731902,-0.6260390499069954,-2.750698052195902,-1.3603955774455934,0.3535971596276602,-3.4192324527175066,-1.645809297899427,0.2941599853375586,-1.9415896361780474,-1.141774967892834,-0.6807928686657984,-1.0893489082918624,-0.33893172632910207,-0.5708576234913705,-0.7413532568201584,-0.32725031354747874,0.35842376722195707,1.2621341456481958,0.8051583426663377,1.473415200371832,1.3669651537464056,-0.15344408632686157,-0.28124747602965994,0.47440185361222237,-0.2470922080602389,0.16446835736748358,-3.0427810169865874,-0.989090960658217,0.11248867513124751,1.5950540324792173,-0.24807028449071614,0.22872429723225973,-0.22078349455768753,1.4038396191670193,3.009057523497601,-0.8432612075862871,-0.6350245747569808,0.3637929055047579,-2.237726585003692,0.7928275573213973,-0.9834187203069095,0.3114970379478706,-0.9954247047039405,0.7306326465423096,-3.905749205090553,-0.7256010655853721,-1.2365451028556693,2.5190904176166025,-2.1081649543879584,0.9300459805142816,-1.3544524997971283,-0.8156098320832853,2.414211706332832,0.5937707930349573,-0.9987797350065807,-0.29279221808195205
11.658656427268228,11.617346261600058,51.21314881978064,25.79835001003376,-6.809217101756876,63.554722966636554,31.062302130829483,-6.3719101549661445,36.39455212289362,21.126119917504578,12.705392077590531,20.349831794896044,6.182205173728966,10.80160515980103,13.811980314479083,6.073846818974644,-6.8373423463584135,-23.165023083316992,-15.161418380977649,-27.989685717572666,-26.212231367424494,3.157206887102728,5.666220339554491,-8.270490798640123,4.62234020851171,-3.0427810169865874,56.8995820755218,18.261065958997445,-1.7460870225277678,-29.906581927760183,4.1891969700576475,-4.808920810715609,4.172755830541913,-26.187520179113896,-56.6182075848088,15.60840349466851,12.273892502489861,-6.85118183856102,42.14682352097596,-14.475109467356567,18.265099184672433,-6.3895673043117025,19.124379296354473,-13.059226623605957,72.78145653210714,13.798806347246455,23.40818425863341,-47.18374629172038,39.485269421895225,-17.10414705760325,25.075054461383555,15.121947338367624,-45.242834222049154,-11.129786227739919,18.141060732545494,5.477830338518352
3.758586672224667,3.8015185147116646,16.64832162427304,7.97428972128329,-1.9937420122555476,20.787006281240572,9.717652886744913,-1.2366332685505181,11.576477953302385,6.987434603924513,4.107924812000156,6.5500831897022795,2.1237389798840094,3.3436039024891606,4.485751429057122,1.9888837622680937,-2.053925869626656,-7.83085878995012,-4.773595592302029,-8.56067623501446,-7.800148131121877,0.7501063139771849,1.4578894037106307,-3.2295959831330365,1.4935962442526163,-0.989090960658217,18.261065958997445,6.084929589672303,-0.89865793566488,-9.511737974119065,1.7720756339124506,-1.040629129441175,1.3147680379767583,-8.476411942854288,-17.857260327150158,5.173385766758789,3.583672825811255,-2.15037801870442,13.241261328209502,-4.976003676715317,6.000176358570786,-1.5384076261674628,5.682956151356014,-4.756038372199024,23.61055223757007,4.194146721249295,7.227956739313344,-15.06066675802002,12.61878979679614,-5.771209530155423,8.29680959361569,4.977481791774376,-14.420014866077645,-3.5263066782600494,6.315038533889002,1.755394085652901
-0.3825390803565206,-0.466212870328679,-1.8911214612005103,-0.330258342395352,-0.0808804111335901,-2.5375372841452037,-0.5725076559564697,-1.0250578693317147,-0.960395827811648,-0.9611636229002941,-0.4359279817268575,-0.6530950832910435,-0.40077516005725333,-0.14525206360023082,-0.5037662479395856,-0.24574880356984882,-0.0021872938232741453,1.3093598038064795,0.3266297584224305,0.21991731111372798,-0.11967255808666416,0.30109362039136156,0.3703824005940959,1.1221424413076415,-0.15706381942116343,0.11248867513124751,-1.7460870225277678,-0.89865793566488,0.5643309671680965,0.7872571491201552,-0.7739796723515697,-0.6124787661977401,-0.09156376383558779,0.9111466661872313,1.2636729653684025,-0.7256253991072941,0.16059717953855912,0.13761090945755727,-0.8618239520689132,0.9432227651107492,-0.767919646430223,-0.5775450319792306,0.1008739832342404,1.25355722232138,-2.6131647139289376,-0.07033704871734982,-0.289609435708655,1.3224215170981146,-1.1306877545249514,0.9499767492588123,-1.1454070513668388,-0.650921769035656,1.2366167170788025,0.27255173082643047,-1.299970866306725,-0.1648687592123582
-6.121758234750391,-6.078823983704981,-26.836564376220664,-13.6764525985589,3.6534683340203205,-33.25427214396647,-16.423533974869514,3.6603992954686,-19.169745079023656,-11.024307300796725,-6.665866578931087,-10.688754092429695,-3.195654993591117,-5.725287004966159,-7.239073356008715,-3.177581331155647,3.648389250512056,12.023344578990592,8.003746671943968,14.875776638908453,14.013027880577685,-1.7610672542722827,-3.116216197687008,4.124999764816684,-2.425207876159649,1.5950540324792173,-29.906581927760183,-9.511737974119065,0.7872571491201552,15.752832134001224,-2.0369617234789925,2.7222174919363025,-2.201688104406606,13.736819258150016,29.879291995878425,-8.140848640043558,-6.587874478406744,3.619445094025253,-22.26320594914681,7.480661102886134,-9.547030632039172,3.5552985043424985,-10.22700872593921,6.646343429646636,-38.157373413628406,-7.343212371120677,-12.413111017476828,24.832954754217123,-20.77419267880291,8.881232232503569,-13.083345630361713,-7.900720345259645,23.819195752812362,5.868318414674481,-9.346083879055621,-2.879647906694373
0.8899112600778585,0.9941424949710286,4.174610643783513,1.3165445822069828,-0.1352287534160326,5.421882371947245,1.806295195046379,1.0732428671955518,2.4816710192167255,1.9507912932367235,0.9935388566510666,1.5344767995323372,0.7217952854196331,0.5600807116504621,1.1179372171411994,0.5223110166379648,-0.23544386482214424,-2.4617665486393934,-0.9408806678585617,-1.2536779967473317,-0.7620246003316559,-0.2702405413216529,-0.27059964303706907,-1.7063393876530928,0.35960255781217304,-0.24807028449071614,4.1891969700576475,1.7720756339124506,-0.7739796723515697,-2.0369617234789925,1.1241211704247884,0.6060926029131973,0.2610449310329962,-2.064286419031676,-3.5699536615340506,1.4612352003790712,0.2249839985302348,-0.4124844058450582,2.5580322886597084,-1.6962906941075633,1.6073514600044119,0.5070587362031153,0.5393754654888062,-2.0391704116685196,5.838808603423442,0.5694104812914073,1.1813073602477464,-3.3156519620732094,2.80484729528252,-1.7966703864109081,2.32139091494326,1.3497590451902537,-3.139425441526185,-0.7322072831109223,2.2751683842578534,0.39898642022095687
-0.9498407245584938,-0.8199375877253153,-3.8544569576108985,-2.867330147453817,1.0079509061263903,-4.500186863197148,-3.1937580740596196,2.35495282375965,-3.3085415444196222,-1.3203075568339615,-1.0047460470629967,-1.6777468701570635,-0.2081273516150631,-1.1909800697789517,-1.0485378226474735,-0.42574784559636686,0.8935558724241599,1.0674433586944199,1.4864680395971892,3.3194580999400842,3.5897401084786043,-0.8601348849222086,-1.2881427773100282,-0.5928259563368443,-0.3679745862198023,0.22872429723225973,-4.808920810715609,-1.040629129441175,-0.6124787661977401,2.7222174919363025,0.6060926029131973,1.5393095171375877,-0.406010188994198,2.0550065733357084,5.490743302464522,-0.9539592712851931,-1.8375632651106737,0.6863191652853651,-4.206121901946144,0.48057655175987646,-1.237152579947139,1.6913977093264958,-2.6414848912754865,-0.16517931030912278,-5.588557593125545,-1.6906091733167214,-2.614974925831706,4.177115080711959,-3.4582226506148137,0.8137331109052749,-1.5606671931578273,-1.0014339765139637,4.051101044388495,1.0437988404905658,-0.4290826594428081,-0.46642118996952925
0.8526254769845205,0.8427770464948462,3.7320249493926942,1.9265915656257016,-0.5191699168125868,4.618848977199742,2.3051517872941947,-0.5553340760422415,2.6791378804067585,1.526438287615229,0.9291057708527929,1.4900489319545878,0.4380274499208335,0.8047638996195787,1.0073728410664333,0.4405901252465232,-0.515769676966979,-1.655016691659168,-1.1228123328896966,-2.096237443157108,-1.9888429506121708,0.259896711814615,0.4560974007442901,-0.5446452340887982,0.33855206702487,-0.22078349455768753,4.172755830541913,1.3147680379767583,-0.09156376383558779,-2.201688104406606,0.2610449310329962,-0.406010188994198,0.31005874451491744,-1.9124614200202787,-4.186584916911668,1.126704404364136,0.9392951638506162,-0.5079030968364118,3.1207065011510746,-1.0259180355990585,1.3246193080939694,-0.5249695906072703,1.452213617989889,-0.8963425768283294,5.309614689449282,1.036856369831026,1.7472149193443907,-3.4673416836136406,2.901491651163525,-1.2240890478999022,1.812116107237584,1.0949130827056541,-3.3275064729810837,-0.8197611893516815,1.27546670147951,0.4026643161113901
-5.3723636481015085,-5.3707697615101955,-23.639195504963343,-11.777742228883156,3.0737858169064123,-29.377477523755797,-14.218479297326416,2.6762151133317937,-16.716448794100675,-9.789158651227638,-5.856915660999448,-9.372252616451652,-2.8892156434655223,-4.932939373652889,-6.373933427867034,-2.8085140830998423,3.101967075893888,10.78717693798086,6.947810806218403,12.749997064531987,11.868841162805678,-1.370595944285148,-2.4934149817372293,3.989807065878806,-2.1309389351759465,1.4038396191670193,-26.187520179113896,-8.476411942854288,0.9111466661872313,13.736819258150016,-2.064286419031676,2.0550065733357084,-1.9124614200202787,12.077231633551152,25.959366776321367,-7.237689677984665,-5.537264131907552,3.1370609717496345,-19.308613268208955,6.766861645677333,-8.45267487548962,2.778726444221766,-8.659577649440088,6.189894985856691,-33.57957386698013,-6.274881446565766,-10.68136539667326,21.691583116168935,-18.15640132604725,7.962554599637658,-11.620829271353875,-7.000521353492737,20.791846926072466,5.107647309569838,-8.50711114405456,-2.5191636722412603
-11.578539229134869,-11.457899457392532,-50.66394646054752,-26.10067701184211,7.044478188552195,-62.697801987251744,-31.263413445539392,7.473520153847647,-36.35854117053068,-20.731262014223297,-12.600027802527858,-20.222755885338167,-5.955350286128899,-10.921053572684517,-13.669815617108926,-5.988764941692636,6.999597180052807,22.494493645510325,15.215078599227736,28.44445404557433,26.939755004199874,-3.5115565943718545,-6.144163568162019,7.424544225381428,-4.585966743868002,3.009057523497601,-56.6182075848088,-17.857260327150158,1.2636729653684025,29.879291995878425,-3.5699536615340506,5.490743302464522,-4.186584916911668,25.959366776321367,56.77877051938137,-15.303583700068108,-12.712935087700062,6.884296129840481,-42.339256573966615,13.940488891362074,-17.98402595985378,7.076804821742088,-19.669727621509796,12.203273577592906,-72.07055611908723,-14.05697893401872,-23.688971432323033,47.067111743089825,-39.365620609170115,16.625942168617907,-24.603092257622507,-14.874317834522943,45.15991274120195,11.137821870934186,-17.361672336627464,-5.453340277189455
3.2115314883625747,3.2407189542880066,14.204447365989829,6.85558143837511,-1.7288641892229164,17.72115277941378,8.339630603405995,-1.159077152603225,9.90706846057535,5.9464836593603225,3.507183140880075,5.59650085734113,1.797241002611939,2.8739489103939264,3.8277132731085346,1.6954221610614755,-1.7729509611855494,-6.643181631373557,-4.091107227653995,-7.372036970883909,-6.743574104507085,0.6752579222447754,1.2916999569033145,-2.688673129136163,1.2757007080567058,-0.8432612075862871,15.60840349466851,5.173385766758789,-0.7256253991072941,-8.140848640043558,1.4612352003790712,-0.9539592712851931,1.126704404364136,-7.237689677984665,-15.303583700068108,4.402984110641212,3.1089800878344773,-1.8434210059206915,11.354960620838737,-4.21147704298509,5.113369758251904,-1.3800772006729674,4.916678998442912,-3.9941335859295526,20.15117349825274,3.613039863059742,6.212285955275465,-12.884796196968706,10.793038148922246,-4.898304205310133,7.0611872994972416,4.239931494938682,-12.338735849111924,-3.019501336430231,5.336728758557496,1.4997500052954926
2.4895205946171024,2.3902995954970385,10.711748691559606,6.052808987274833,-1.7737996657845323,13.094513185654314,7.102996152851738,-2.659551280963729,8.013777161686308,4.2278299338571905,2.6924933851147657,4.359722652806245,1.11091357060941,2.5260710723461197,2.8956905339564933,1.2477835493334724,-1.6971240244696548,-4.36637133547141,-3.4163611610984046,-6.710413495725591,-6.62624168043365,1.1007022694261819,1.7961915255577778,-0.8712229701798957,0.9818656245630153,-0.6350245747569808,12.273892502489861,3.583672825811255,0.16059717953855912,-6.587874478406744,0.2249839985302348,-1.8375632651106737,0.9392951638506162,-5.537264131907552,-12.712935087700062,3.1089800878344773,3.2145328858193425,-1.5537842676041014,9.546201772903837,-2.597355312971842,3.7239686020942218,-2.193633101343493,4.85132224824357,-1.9195913024168825,15.301999458424142,3.346499417128554,5.498881572214149,-10.310448539329533,8.60324428459997,-3.2433286950097933,5.014527190545781,3.066057894422291,-9.919078728389925,-2.4721906064648844,3.13113772137261,1.1845092229849359
