V1,V2,V3,V4,V5,V6,V7,V8,V9,V10,V11,V12,V13,V14,V15,V16,V17,V18,V19,V20,V21,V22,V23,V24,V25,V26,V27,V28,V29,V30,V31,V32,V33,V34,V35,V36,V37,V38,V39,V40,V41,V42,V43,V44,V45,V46,V47,V48,V49,V50,V51,V52,V53,V54,V55,V56
12.429792290171697,15.693616271597914,1.3165452211854602,-3.169122664299889,6.76294776550825,-46.587482149572566,33.30260163917593,16.323827805066422,12.060054968914502,6.355036523212304,-2.338269101423458,16.888667424860852,-8.252732128485682,-14.776866529654626,-18.467879877618515,-0.5375684296631181,-20.404846251651055,-24.725654930080488,7.154464876785922,7.731756932385063,-1.104333601019976,52.85880190220071,9.53993381193129,4.119702359631439,27.055839242388117,-13.610467726248604,2.9913318332383447,-6.519463293690911,30.657137700144606,10.59564488552184,-18.17262525826107,-22.58954673730155,1.5575608064459652,28.321972948935702,-36.11296197804343,1.4063043372786337,27.514677085745927,7.35029733453034,11.060399904063395,5.219200609422987,-6.618400907992562,29.672451515475434,-5.271782600193058,0.6357620636512935,-18.152605002892884,-8.031143744903867,12.230764960751378,-8.055562541442296,14.265394062349067,1.8859738095953968,13.7075301352829,10.789321350621547,5.290116543889896,6.917479148779885,-1.8053463347378869,-27.302037343713856
15.693616271597914,20.433086520481137,1.3890596106741857,-4.7356974349010486,8.919398946260225,-60.23877129646349,44.56052488062307,21.556975282940304,15.036639641029176,8.247810196486595,-3.612640005213536,22.690036410772827,-11.744281632422863,-19.244962960885324,-23.905483393385307,-0.7920235495477593,-26.167404659192112,-32.61679978043646,9.268108747870835,9.827546717828008,-1.2312890948571338,69.58258356463921,12.844551970198385,5.507594153262136,35.6571943699575,-17.355896804697018,3.710898134997663,-9.27740451022077,40.86738380219028,13.599281644378964,-24.80424849368054,-30.090338291205,2.2474885536732327,37.8778651154702,-48.08661443354994,1.1809077983007692,35.957365683060516,9.795090904993668,15.610375446949773,7.715675970940312,-8.825212088549533,39.48985497197577,-6.483238447576589,0.7454862620257788,-23.712651645466195,-10.600595802565866,15.712909568927287,-10.335922447237774,18.54332699768188,2.0395542349166362,17.52891903949819,13.987384523745808,6.3952232369365305,8.86185722288682,-2.6804387246776877,-36.63776971824933
1.3165452211854602,1.3890596106741857,0.3206433109614511,-0.060767761973594486,0.5122612450457412,-4.275556166581123,2.392181857099333,1.2672030925130806,1.3898282825502646,0.567382782448491,0.07442698421656456,1.200236933009397,-0.28772824963730115,-1.2795742080300478,-1.6885610604210957,-0.02746653374295939,-1.9815598751640755,-2.0060442996613226,0.6872248823333494,0.8176819097051621,-0.16493334962645578,4.327663131186913,0.6467832696815645,0.32965900401254494,2.1544617439896103,-1.3472011617153097,0.31367726802846707,-0.20713768774779545,2.2676480108541752,1.021625382428324,-1.052244302088477,-1.688491081880223,0.06509636579769852,2.0165547358617366,-2.7189971423807564,0.40615995084742296,2.305182278042234,0.5470704902819221,0.45995810329396886,0.038940273900055423,-0.519546945361485,2.2704623584541115,-0.6509964692289987,0.07154705986710208,-1.5611241405507075,-0.6218710203610478,1.1698870040882783,-0.7466140653138008,1.2908960759444164,0.3408834613188462,1.324499457599727,1.0064873741700753,0.700361537775924,0.6806588353512709,0.005099936881775412,-1.8955503772186215
-3.169122664299889,-4.7356974349010486,-0.060767761973594486,1.7810548103188375,-2.121134000800957,13.334356694849184,-11.4400985230738,-5.222025340234628,-2.781718766228639,-1.881279384788773,1.3778044418529793,-5.961916387277804,3.792036787219683,4.414878782869199,5.361228377664564,0.2757355736852251,5.588334422249614,7.93624255345266,-2.1299382688804993,-2.0272360363898594,-0.0038550975541595425,-16.736422758154383,-3.3913879409837673,-1.4831571478316743,-8.600794771368692,3.5749344120656508,-0.6341741474906901,2.9259878971853044,-10.314257475105723,-2.9377241167390182,6.811759412794573,7.565340603837366,-0.7570566110784133,-9.67767713076189,12.178313022829771,0.4232327661648264,-8.283851000788339,-2.5307978320628632,-4.8760257168265015,-2.729227131100096,2.2350898424330836,-9.997134029912896,1.0904195264800058,-0.0065082332579002545,5.5127603284444895,2.593091553462303,-3.462205902434615,2.180700009182245,-4.219377366747726,-0.04420813051965955,-3.6647353579512876,-3.1935948488864248,-0.9490318230826102,-1.893073459145725,0.9140524390865824,9.47829019274268
6.76294776550825,8.919398946260225,0.5122612450457412,-2.121134000800957,3.9464442083140274,-26.331571614654965,19.69041486541938,9.505268060376117,6.465662606445198,3.599913475070062,-1.6880985661990637,10.012319143192077,-5.261345888785508,-8.429794709396722,-10.431668901201336,-0.35456902990732636,-11.39685258150406,-14.329187692946842,4.015423620451692,4.247709652915017,-0.546678586941956,30.569865674029753,5.682203679784974,2.3904353570096757,15.690133622539708,-7.560654518439259,1.615566262125315,-4.19146399068831,18.050564462761304,5.91274936714318,-11.060850094304666,-13.288673983655258,1.0073886910587886,16.75046525118833,-21.185539436075217,0.43070946193694654,15.813432429394366,4.298405811721904,6.987140120914995,3.515916745705105,-3.887773038010791,17.380077848379603,-2.7765351480131644,0.3560131911702933,-10.391780070048599,-4.666020109324545,6.810896725353551,-4.523923316396561,8.110117272781814,0.8331795853658143,7.6414132176290765,6.082556246950415,2.7243007631360117,3.8527248247503283,-1.2466836297949864,-16.22806137236431
-46.587482149572566,-60.23877129646349,-4.275556166581123,13.334356694849184,-26.331571614654965,178.6720940736723,-130.70430183129258,-63.528334937361365,-45.04139013045264,-24.344131705747518,10.237806570546875,-66.35843440107939,33.66764497867328,56.8472709191292,70.70452346609136,2.291666239345048,77.82089628971652,96.07253495738343,-27.294603171636446,-29.228250694757733,4.04153149210288,-205.1159257884991,-37.55556497273929,-15.917783257634152,-105.05318924637994,51.753949729420256,-11.1441098742109,26.79959448299953,-120.1440969407448,-40.29321265874214,72.43123751200909,88.5303293337454,-6.5266299217088015,-111.10351803739042,141.1599508652796,-4.1113782527362766,-106.36661274837336,-28.583005251566153,-44.99083218425104,-22.00159637290263,25.980958351850447,-115.92541128153532,19.522120528363885,-2.552728149799778,70.01777588265482,31.21847116415463,-46.33243826198517,30.760236827949928,-54.95411607489875,-6.399123878422291,-52.12651140882227,-41.25672737294062,-19.37660906850853,-26.340311905208733,7.782451736132338,107.52363055719897
33.30260163917593,44.56052488062307,2.392181857099333,-11.4400985230738,19.69041486541938,-130.70430183129258,99.48915750195144,47.63609220282835,31.542337500195615,17.94485201687789,-8.962392727989117,50.798903852767296,-27.506204902494126,-41.999496868013104,-51.89226214489447,-1.8870773610984604,-56.38298723223154,-71.98021195938803,20.093794627233645,20.967221648696547,-2.336289472598539,153.27320617212754,28.814747049742593,12.238472783190167,78.64326118390825,-37.22199477349345,7.756852930799939,-21.756879138212526,90.99258568337999,29.29552930036689,-56.29661434052381,-66.96476068139087,5.336459203873531,84.52378906466303,-106.95080431706693,1.3493403715359955,78.74240962518552,21.778902999865892,36.32578000758758,18.5973275632356,-19.640866360524406,87.77457492912987,-13.418316609601815,1.5195575306640916,-51.87539779904293,-23.449293532207033,33.847427741284456,-22.28740289393899,40.427780095966035,3.6860449023610378,37.65612904868452,30.364993805043497,13.012019773239757,19.064382478165637,-6.50290671044273,-82.03962197772998
16.323827805066422,21.556975282940304,1.2672030925130806,-5.222025340234628,9.505268060376117,-63.528334937361365,47.63609220282835,22.958053786294826,15.565041716963103,8.69789431304238,-4.101019538006553,24.252624172843134,-12.85015473086014,-20.340094186126045,-25.179557969069165,-0.8642252232839426,-27.508561526693015,-34.66466387479854,9.712565356209968,10.240128760428352,-1.2630427987955744,73.88793318013948,13.760953769948765,5.811106843944532,37.90999780590153,-18.217476175288777,3.8560288219937138,-10.198497068114442,43.66275721922284,14.26342152585948,-26.7746580795051,-32.144865020396786,2.490994895353191,40.482297488499036,-51.30465593281879,0.9578094416546135,38.11354789707867,10.426913353879542,17.022238886271634,8.59924122080136,-9.411651302730965,42.09770959914577,-6.659817488190035,0.8211123011085505,-25.08277783898845,-11.312150902331478,16.449301027963855,-10.890485460840942,19.599419472560868,1.9861462067801572,18.39300348380614,14.696412681930429,6.519529444784463,9.3051617638845,-3.0306681093434267,-39.26987554840772
12.060054968914502,15.036639641029176,1.3898282825502646,-2.781718766228639,6.465662606445198,-45.04139013045264,31.542337500195615,15.565041716963103,11.909158098713588,6.092443228703885,-2.0171383557167455,15.939826801976716,-7.420544413824317,-14.188065442008117,-17.790648879202593,-0.5163641296451287,-19.806838590972397,-23.604183712933164,6.886980257916623,7.562356754976405,-1.216105735753294,50.551812800538954,8.977699015864612,3.849627528878423,25.81117736541049,-13.26440625410683,2.9445647211657406,-5.930142907485016,29.130531044932628,10.24655998040458,-17.01369603565242,-21.494649291477515,1.4225125737428281,26.834122459054587,-34.232716605156675,1.6543413936726568,26.461950042321124,6.898225122886749,10.09451566936771,4.591187597744868,-6.333166372216574,28.157563521013937,-5.268658236328163,0.726898053638689,-17.43529282937111,-7.60290218922779,11.741800073079503,-7.810842110292839,13.77113539753993,1.9636529778217227,13.32156210568489,10.38604050693248,5.340474650331454,6.713896465559218,-1.6262149712416138,-25.83049835641287
6.355036523212304,8.247810196486595,0.567382782448491,-1.881279384788773,3.599913475070062,-24.344131705747518,17.94485201687789,8.69789431304238,6.092443228703885,3.3318200075104354,-1.439535164464776,9.128854344020288,-4.706502255056115,-7.770919960299637,-9.656377838046517,-0.3124017162874918,-10.58596602994166,-13.154131543522068,3.7363642790529763,3.9709884053180957,-0.5095354460347125,28.0657780475029,5.169847663489946,2.2104786230159323,14.386468036823764,-7.026872782044521,1.5078445381423997,-3.7210866290206805,16.468022649330507,5.497166405666977,-9.975745718224031,-12.126278864511825,0.9011200873771285,15.253391872950546,-19.378189201283046,0.500810611016275,14.517397677593971,3.946202314010207,6.2550796133671875,3.08616290911732,-3.55161915085076,15.91020332580193,-2.6280020472592427,0.3101192558763937,-9.569007048457683,-4.2842544019802995,6.349240122003765,-4.183995161955357,7.4894967570284185,0.843598639244256,7.091133083617682,5.642672140830494,2.596708050426836,3.584477219215116,-1.0749425030066717,-14.757639038688922
-2.338269101423458,-3.612640005213536,0.07442698421656456,1.3778044418529793,-1.6880985661990637,10.237806570546875,-8.962392727989117,-4.101019538006553,-2.0171383557167455,-1.439535164464776,1.1713573552950407,-4.635288782859462,3.022317840405885,3.409916133148008,4.089843727109464,0.20544601942630983,4.251937671934239,6.141965630121074,-1.57280174987268,-1.4886829229400533,0.02222753056280445,-12.96483133559785,-2.6643474413020543,-1.0947111313057443,-6.709829498995814,2.7300727096573767,-0.49855283172019665,2.380744018801162,-8.086792581779454,-2.219538932906133,5.4440482517286535,5.926546553206082,-0.5956644426619455,-7.604504258557732,9.483733566766343,0.397900675083324,-6.467854877439346,-1.9549531656121135,-3.872621054517721,-2.233482483037742,1.723675711351828,-7.750866417495717,0.7696556930197959,-0.05199356103909823,4.248449711169201,2.0381160413395585,-2.5964095856409655,1.6993030731153573,-3.2306859615871764,0.008107114673429972,-2.8032229675808376,-2.39621683177177,-0.6517064686465964,-1.4334975084051786,0.7849304790932312,7.478057248788607
16.888667424860852,22.690036410772827,1.200236933009397,-5.961916387277804,10.012319143192077,-66.35843440107939,50.798903852767296,24.252624172843134,15.939826801976716,9.128854344020288,-4.635288782859462,25.98365696911848,-14.180664782195958,-21.360555805410794,-26.384451793015533,-0.9800349045718372,-28.584576939027063,-36.6797235264424,10.25178588659305,10.643584837908302,-1.1108878955027028,78.07136269397326,14.729080985497406,6.30239006010087,40.05168419333457,-18.841434950665843,3.899867843480761,-11.178076306263959,46.40521178956767,14.881092590723723,-28.79321258205162,-34.14359316781481,2.7422403172783847,43.151931025424176,-54.580614218602086,0.5663539450520176,40.026254780452746,11.1381620981299,18.70032437855594,9.60477478052938,-10.024893790871477,44.80593998589301,-6.768384741513669,0.7052791268611922,-26.39999309943235,-11.932525221870046,17.22579821649459,-11.282449599779968,20.544534934654447,1.7943884525259206,19.085901643018534,15.470211709176564,6.537186198148636,9.664783160950815,-3.3295183732690594,-41.870320793371626
-8.252732128485682,-11.744281632422863,-0.28772824963730115,3.792036787219683,-5.261345888785508,33.66764497867328,-27.506204902494126,-12.85015473086014,-7.420544413824317,-4.706502255056115,3.022317840405885,-14.180664782195958,8.594318426065024,11.016033063435938,13.445876467348075,0.566168727611368,14.304307198182007,19.407347973206516,-5.222968072187196,-5.165312573736246,0.26208991616783356,-41.06529637232651,-8.096467300374774,-3.4391698336650327,-21.154427008531577,9.283919720189516,-1.7919152446593463,6.700494499738068,-24.97305961386043,-7.455413867421388,16.117714504104747,18.33310655004135,-1.701447718488459,-23.302161898664888,29.446669914660852,0.4984587737510326,-20.658432983207728,-6.085781180155796,-11.083743687076415,-6.085189544862237,5.349733208183189,-24.123819102696928,2.986279246911701,-0.20328483595986088,13.655518217324055,6.4295033127132974,-8.724927834380987,5.64597845704061,-10.538570449454813,-0.49859928371215917,-9.439124607899629,-7.895581014659136,-2.73580808218187,-4.842126759619702,2.088052662066186,22.808526577675934
-14.776866529654626,-19.244962960885324,-1.2795742080300478,4.414878782869199,-8.429794709396722,56.8472709191292,-41.999496868013104,-20.340094186126045,-14.188065442008117,-7.770919960299637,3.409916133148008,-21.360555805410794,11.016033063435938,18.15153326233753,22.537380561469373,0.743657070238741,24.690758532277187,30.73993660150306,-8.713967395067415,-9.263176022158651,1.2040157123505772,-65.6039422244168,-12.097149130553722,-5.153040570678035,-33.62773054007317,16.39390697647547,-3.51846519033438,8.736830013356345,-38.5354056616316,-12.819986210106673,23.38947015057548,28.377253976239302,-2.1067709869691096,-35.714764888080936,45.29732957905521,-1.1424677978034767,-33.95715207087332,-9.20558332119917,-14.664651396105402,-7.24809328105356,8.317810510104593,-37.190296068736046,6.125539479732068,-0.7458479664124127,22.362845249055475,9.989757869275627,-14.78578230247029,9.768705041654766,-17.49038500578124,-1.933319706304417,-16.553431522184486,-13.16732179085341,-6.048086231251787,-8.356305101028724,2.5402270624284804,34.54822350656249
-18.467879877618515,-23.905483393385307,-1.6885610604210957,5.361228377664564,-10.431668901201336,70.70452346609136,-51.89226214489447,-25.179557969069165,-17.790648879202593,-9.656377838046517,4.089843727109464,-26.384451793015533,13.445876467348075,22.537380561469373,28.034862852935895,0.9104341598171947,30.760005017414336,38.09154348159454,-10.854390675149372,-11.578402369765556,1.5375505584012532,-81.31882906010065,-14.919349932121591,-6.38615363712341,-41.65876331250331,20.445304748922972,-4.398254406879082,10.657848245842692,-47.6357694990493,-15.975305366556332,28.76812100869098,35.090597477568295,-2.569027116385481,-44.1238276070073,56.01735819053532,-1.5657823185349713,-42.137384405073085,-11.3761892480676,-17.938869626367467,-8.7817982263998,10.295894458066321,-46.00970575722873,7.712947865397818,-0.9348331222074652,27.76087495956006,12.362703640304318,-18.41503085638042,12.150597556504438,-21.743433740214215,-2.489379470144714,-20.629340620520573,-16.384273319012173,-7.6357558856758105,-10.404178835950237,3.0666125079876165,42.64985594855371
-0.5375684296631181,-0.7920235495477593,-0.02746653374295939,0.2757355736852251,-0.35456902990732636,2.291666239345048,-1.8870773610984604,-0.8642252232839426,-0.5163641296451287,-0.3124017162874918,0.20544601942630983,-0.9800349045718372,0.566168727611368,0.743657070238741,0.9104341598171947,0.055200996388829464,0.9651989305192841,1.3240336602708451,-0.36753224678886925,-0.3680674937117339,0.02195076815863407,-2.8095981055450743,-0.5500623630142689,-0.2392633657786341,-1.4253171662904478,0.6243029578441529,-0.11306612569236685,0.4493987652658405,-1.7100046032621128,-0.5030300162554976,1.0994764760061086,1.2596282135872332,-0.11805990741249732,-1.5998117315348968,1.9958941977793725,0.03081996591060368,-1.4100841968925997,-0.39960045090169516,-0.7591802339801778,-0.400143931312405,0.3855016362485153,-1.6485381330942723,0.21754227687203936,-0.01910265598236618,0.9367305038372883,0.4073799604830493,-0.5746833969657639,0.373280848776037,-0.7243412646180293,-0.017705785344114277,-0.6382266555134776,-0.5480964725396076,-0.20124902800489944,-0.3274592270993206,0.1402846870092394,1.5548922528741815
-20.404846251651055,-26.167404659192112,-1.9815598751640755,5.588334422249614,-11.39685258150406,77.82089628971652,-56.38298723223154,-27.508561526693015,-19.806838590972397,-10.58596602994166,4.251937671934239,-28.584576939027063,14.304307198182007,24.690758532277187,30.760005017414336,0.9651989305192841,33.99474281975208,41.626315897216436,-11.86028607849537,-12.774202960413232,1.837558609222448,-88.89473552482754,-16.175827149383508,-6.839860563138905,-45.50644506906767,22.634066546681044,-4.8957749717448245,11.397262104295836,-51.9132021923451,-17.565476822913695,31.08757492226355,38.26697861824842,-2.799122204510246,-47.90718560923413,61.0103240569426,-2.0032647119000355,-46.157023544270544,-12.340138454859877,-19.150769443193557,-9.268835524175417,11.229257808949448,-50.1087904163491,8.602689590180534,-1.1646627832660237,30.388281298199633,13.548220561707458,-20.176574719306068,13.42794510551815,-23.91826132042987,-2.9372579803670154,-22.749630646992753,-17.930785910729767,-8.581492386641921,-11.515668449768688,3.2921090706962253,46.37837108305449
-24.725654930080488,-32.61679978043646,-2.0060442996613226,7.93624255345266,-14.329187692946842,96.07253495738343,-71.98021195938803,-34.66466387479854,-23.604183712933164,-13.154131543522068,6.141965630121074,-36.6797235264424,19.407347973206516,30.73993660150306,38.09154348159454,1.3240336602708451,41.626315897216436,52.42750146769847,-14.737720754222194,-15.531969208835502,1.8821117925917046,-111.72080191401251,-20.787875700264095,-8.827161570837568,-57.273540261391815,27.548552179695264,-5.801807676019054,15.369770157598795,-65.97433770653146,-21.585517244623446,40.39136131779746,48.57925816222252,-3.7859692490906536,-61.13945802177448,77.56590827248274,-1.4648376164864452,-57.558622186568485,-15.767350351117827,-25.72326029770573,-12.955557179126963,14.253781670989765,-63.67811914716894,10.106830583441118,-1.2095326788855396,37.92621849117511,17.082620425118353,-24.89819086250761,16.438414259131115,-29.66447442666113,-3.0119090561960977,-27.800970944069295,-22.267223897464575,-9.895116852559493,-14.085713421232024,4.543440405780516,59.309112262187725
7.154464876785922,9.268108747870835,0.6872248823333494,-2.1299382688804993,4.015423620451692,-27.294603171636446,20.093794627233645,9.712565356209968,6.886980257916623,3.7363642790529763,-1.57280174987268,10.25178588659305,-5.222968072187196,-8.713967395067415,-10.854390675149372,-0.36753224678886925,-11.86028607849537,-14.737720754222194,4.2434570759172825,4.504080637364981,-0.5534506131910396,31.4594354200714,5.7787251755371205,2.5276233717783354,16.092865048323,-7.870122904177776,1.6816884110760149,-4.1081851550303075,18.40985232162488,6.188221273008125,-11.114868466651936,-13.558948652764238,0.9857208538231969,17.086577180145888,-21.6783920922628,0.5898591274438469,16.26301309975732,4.417378173001244,6.976330767207526,3.3902990002797555,-3.9969840751660994,17.82695170325933,-2.9945325403319916,0.31085291962104666,-10.747197790124307,-4.745799367170545,7.155359589387361,-4.665574981395147,8.39942618151361,0.9368233956874028,7.962180142228712,6.378759948301046,2.958377519985649,4.013179546966336,-1.1562991551176618,-16.47417924252436
7.731756932385063,9.827546717828008,0.8176819097051621,-2.0272360363898594,4.247709652915017,-29.228250694757733,20.967221648696547,10.240128760428352,7.562356754976405,3.9709884053180957,-1.4886829229400533,10.643584837908302,-5.165312573736246,-9.263176022158651,-11.578402369765556,-0.3680674937117339,-12.774202960413232,-15.531969208835502,4.504080637364981,4.871784286742795,-0.7056522612954172,33.22081538613349,5.993094618600883,2.592761147438328,16.972640457390153,-8.521878575284402,1.8587305542946082,-4.104499202158503,19.28753417881284,6.635552682363514,-11.45044205710886,-14.221495896879038,0.9814186316822542,17.838576330188516,-22.67160599280383,0.8689282636334672,17.298869696009774,4.584186681231225,6.977642876414989,3.2779746270363237,-4.196469133380676,18.649265414779613,-3.3258783371814795,0.41454574678582995,-11.408209662495624,-4.989287919745608,7.625933948905108,-5.031961661541573,8.964326992330296,1.139128701189329,8.59039577749066,6.781657551218244,3.3318905859487407,4.323540628234081,-1.1428070180532353,-17.178020313792253
-1.104333601019976,-1.2312890948571338,-0.16493334962645578,-0.0038550975541595425,-0.546678586941956,4.04153149210288,-2.336289472598539,-1.2630427987955744,-1.216105735753294,-0.5095354460347125,0.02222753056280445,-1.1108878955027028,0.26208991616783356,1.2040157123505772,1.5375505584012532,0.02195076815863407,1.837558609222448,1.8821117925917046,-0.5534506131910396,-0.7056522612954172,0.24140680669772596,-4.101867434150006,-0.6226086292290645,-0.2093731366847078,-2.0847936538146548,1.2830017627008132,-0.32149960891883367,0.28127859562809265,-2.242115404670066,-0.9120625935095119,1.1432418384477745,1.6745624777876444,-0.06134191806277506,-2.0021609105834894,2.5621775965876554,-0.36131126010180975,-2.2981290912538257,-0.46290801349890137,-0.4491724244730342,-0.10314329497368253,0.49269984649605747,-2.104439682514808,0.5749474807095568,-0.1739901435739832,1.465177884902525,0.6006575393185584,-0.9774337777923741,0.74053503968293,-1.208625861596443,-0.29446997376371425,-1.2532903406188072,-0.857933139746215,-0.6202558418105966,-0.6154415878591096,0.08193608681244069,1.9228326396749842
52.85880190220071,69.58258356463921,4.327663131186913,-16.736422758154383,30.569865674029753,-205.1159257884991,153.27320617212754,73.88793318013948,50.551812800538954,28.0657780475029,-12.96483133559785,78.07136269397326,-41.06529637232651,-65.6039422244168,-81.31882906010065,-2.8095981055450743,-88.89473552482754,-111.72080191401251,31.4594354200714,33.22081538613349,-4.101867434150006,238.17024277457585,44.234398278651526,18.78938742343608,122.08810340557167,-58.87828954537898,12.452968795801176,-32.55262622490235,140.5055477351239,46.113826988037495,-85.8889397338027,-103.4631157473174,7.971886323307073,130.23631631889054,-165.14566056035505,3.3341886810009314,122.8532337330812,33.55213282170563,54.5087510679317,27.34265687831054,-30.360602838185805,135.5842393709868,-21.695538091598273,2.619894009529166,-80.92720756175287,-36.352174274055834,53.17179761189771,-35.124599136175874,63.28452223855759,6.520468824347286,59.43708159171846,47.53458468893527,21.278490722210005,30.07732130648375,-9.597029452351341,-126.24285248687754
9.53993381193129,12.844551970198385,0.6467832696815645,-3.3913879409837673,5.682203679784974,-37.55556497273929,28.814747049742593,13.760953769948765,8.977699015864612,5.169847663489946,-2.6643474413020543,14.729080985497406,-8.096467300374774,-12.097149130553722,-14.919349932121591,-0.5500623630142689,-16.175827149383508,-20.787875700264095,5.7787251755371205,5.993094618600883,-0.6226086292290645,44.234398278651526,8.369176190263653,3.5522924684170256,22.7083694088714,-10.65498050069287,2.208464828268114,-6.386857538266184,26.33466201109437,8.406819898096673,-16.37614278262349,-19.369966034082815,1.573185258624815,24.47355824186679,-30.968606140539784,0.28659436258946824,22.664750826256654,6.32621206832799,10.652277023586285,5.502647967945358,-5.674685153575257,25.407563974615005,-3.79130674255929,0.40850845649253714,-14.942994179224964,-6.788659956555862,9.7374870906487,-6.39878071969993,11.625799098598806,1.0085196817515438,10.789138639044237,8.736125211480154,3.6615431999560752,5.478531699167496,-1.9188068137312897,-23.775677007331726
4.119702359631439,5.507594153262136,0.32965900401254494,-1.4831571478316743,2.3904353570096757,-15.917783257634152,12.238472783190167,5.811106843944532,3.849627528878423,2.2104786230159323,-1.0947111313057443,6.30239006010087,-3.4391698336650327,-5.153040570678035,-6.38615363712341,-0.2392633657786341,-6.839860563138905,-8.827161570837568,2.5276233717783354,2.592761147438328,-0.2093731366847078,18.78938742343608,3.5522924684170256,1.599262702164917,9.630531243505443,-4.497918712923796,0.9286418664619852,-2.657906866242806,11.124892389932194,3.611328264524543,-6.896943072628327,-8.176780691071832,0.6296812383542726,10.406296049003908,-13.144623661659047,0.12679341091478621,9.601748682475893,2.7171770154080552,4.524410008764192,2.2931750874502588,-2.408444843469797,10.808347067919804,-1.645519044923195,0.08881506954041749,-6.3717151504724905,-2.8414397839670182,4.227708941011949,-2.68254945784809,4.922032118089653,0.4150410404518131,4.591519050883429,3.782172682508981,1.5806264857040024,2.310678841940628,-0.7490047823933322,-10.028606795185032
27.055839242388117,35.6571943699575,2.1544617439896103,-8.600794771368692,15.690133622539708,-105.05318924637994,78.64326118390825,37.90999780590153,25.81117736541049,14.386468036823764,-6.709829498995814,40.05168419333457,-21.154427008531577,-33.62773054007317,-41.65876331250331,-1.4253171662904478,-45.50644506906767,-57.273540261391815,16.092865048323,16.972640457390153,-2.0847936538146548,122.08810340557167,22.7083694088714,9.630531243505443,62.62482002145305,-30.140870927879106,6.382102197233804,-16.767275071698553,72.07544745056923,23.613609003516544,-44.13273713671783,-53.06482943857045,4.089792394517324,66.83308425766228,-84.72167409107382,1.6422939709896671,62.98102633717225,17.227087549607806,28.035299922876092,14.116803545378833,-15.54506780920879,69.53264885899738,-11.060918228633149,1.3326567682704034,-41.46824762383521,-18.672349578971907,27.244585989106657,-18.000140872669288,32.40516617917109,3.3153798955935363,30.43601069652849,24.331260099671436,10.834154874210721,15.390778586065169,-4.954649361613872,-64.79580679300479
-13.610467726248604,-17.355896804697018,-1.3472011617153097,3.5749344120656508,-7.560654518439259,51.753949729420256,-37.22199477349345,-18.217476175288777,-13.26440625410683,-7.026872782044521,2.7300727096573767,-18.841434950665843,9.283919720189516,16.39390697647547,20.445304748922972,0.6243029578441529,22.634066546681044,27.548552179695264,-7.870122904177776,-8.521878575284402,1.2830017627008132,-58.87828954537898,-10.65498050069287,-4.497918712923796,-30.140870927879106,15.101852431948524,-3.2932380147039875,7.421564323183939,-34.29715601306475,-11.694660349933738,20.446240387261344,25.28904173223136,-1.8038838233889545,-31.644630383479882,40.28462925770734,-1.4571339707401791,-30.662303150940385,-8.130775899585505,-12.471638990401491,-5.976205303761963,7.41750635706122,-33.08630724309284,5.788870926933509,-0.8101740050156953,20.165564891845644,8.956518395565382,-13.412164557469417,8.948764193938677,-15.8831593387749,-2.019641704042074,-15.17425066507707,-11.90346397163288,-5.793531367701142,-7.659314119467689,2.1329599723983415,30.60301822477233
2.9913318332383447,3.710898134997663,0.31367726802846707,-0.6341741474906901,1.615566262125315,-11.1441098742109,7.756852930799939,3.8560288219937138,2.9445647211657406,1.5078445381423997,-0.49855283172019665,3.899867843480761,-1.7919152446593463,-3.51846519033438,-4.398254406879082,-0.11306612569236685,-4.8957749717448245,-5.801807676019054,1.6816884110760149,1.8587305542946082,-0.32149960891883367,12.452968795801176,2.208464828268114,0.9286418664619852,6.382102197233804,-3.2932380147039875,0.7556997458202203,-1.4455724114211008,7.168326530938568,2.5365342734239955,-4.1911171844919775,-5.283551708595957,0.3233201344878626,6.620646966619217,-8.405785751752303,0.43764074344267107,6.571409486429017,1.6966046450181553,2.436325346474225,1.1050577039074463,-1.5395039152265209,6.898404979509198,-1.3041858141281466,0.1937950723428426,-4.308621246509564,-1.8785998869866678,2.9101530534088367,-1.954240685395362,3.384711378374929,0.5027449681714878,3.317974203935132,2.5517910687147545,1.3287298717116531,1.6592222147248175,-0.3997107427648956,-6.355859079031862
-6.519463293690911,-9.27740451022077,-0.20713768774779545,2.9259878971853044,-4.19146399068831,26.79959448299953,-21.756879138212526,-10.198497068114442,-5.930142907485016,-3.7210866290206805,2.380744018801162,-11.178076306263959,6.700494499738068,8.736830013356345,10.657848245842692,0.4493987652658405,11.397262104295836,15.369770157598795,-4.1081851550303075,-4.104499202158503,0.28127859562809265,-32.55262622490235,-6.386857538266184,-2.657906866242806,-16.767275071698553,7.421564323183939,-1.4455724114211008,5.278386799505037,-19.79361146099933,-5.909536540787619,12.748336344536535,14.542057307136341,-1.3424346793753148,-18.43974876155853,23.26937126626516,0.3344348080967401,-16.44731918198277,-4.768536842777615,-8.682100867982069,-4.761136667813508,4.245457631783577,-19.056838446266173,2.4012737009737246,-0.237606329493391,10.83193371739528,5.08709779719001,-6.864038974545786,4.513138966035287,-8.38354160962853,-0.4225303150949258,-7.525829618986699,-6.231782575473413,-2.215449379690803,-3.8528328283659103,1.671460827249651,18.068964179588452
30.657137700144606,40.86738380219028,2.2676480108541752,-10.314257475105723,18.050564462761304,-120.1440969407448,90.99258568337999,43.66275721922284,29.130531044932628,16.468022649330507,-8.086792581779454,46.40521178956767,-24.97305961386043,-38.5354056616316,-47.6357694990493,-1.7100046032621128,-51.9132021923451,-65.97433770653146,18.40985232162488,19.28753417881284,-2.242115404670066,140.5055477351239,26.33466201109437,11.124892389932194,72.07544745056923,-34.29715601306475,7.168326530938568,-19.79361146099933,83.31999047694241,26.914926988431013,-51.39394523945571,-61.332672648145696,4.88612484795382,77.28583447733335,-97.90318260245824,1.4166793339534678,72.24687268428858,19.90513661449993,33.01712511154079,16.84795179782184,-17.98702247606648,80.3443800860627,-12.401554783637767,1.4866806224759042,-47.57909970032942,-21.519425834506205,31.051721352555713,-20.525298320186632,37.14980334672514,3.51270261209309,34.642663491941526,27.842239452877156,12.06955820827492,17.565285847879235,-5.9295692288978925,-75.06172585843247
10.59564488552184,13.599281644378964,1.021625382428324,-2.9377241167390182,5.91274936714318,-40.29321265874214,29.29552930036689,14.26342152585948,10.24655998040458,5.497166405666977,-2.219538932906133,14.881092590723723,-7.455413867421388,-12.819986210106673,-15.975305366556332,-0.5030300162554976,-17.565476822913695,-21.585517244623446,6.188221273008125,6.635552682363514,-0.9120625935095119,46.113826988037495,8.406819898096673,3.611328264524543,23.613609003516544,-11.694660349933738,2.5365342734239955,-5.909536540787619,26.914926988431013,9.125709430347765,-16.148700520567207,-19.830611959999313,1.4145528593432295,24.91743754334974,-31.657974637449687,1.0144404202142179,23.947676330523294,6.427565300139401,9.975480367553056,4.8164005825951834,-5.819343659869695,26.008588882689132,-4.46315071692712,0.5433520837947217,-15.779962326274257,-6.995804168974518,10.517357994134422,-6.93726630985077,12.371252698783433,1.489749536929952,11.795831307144724,9.336366737139207,4.439829573385581,5.94233066686975,-1.6781277773961845,-24.051739152520344
-18.17262525826107,-24.80424849368054,-1.052244302088477,6.811759412794573,-11.060850094304666,72.43123751200909,-56.29661434052381,-26.7746580795051,-17.01369603565242,-9.975745718224031,5.4440482517286535,-28.79321258205162,16.117714504104747,23.38947015057548,28.76812100869098,1.0994764760061086,31.08757492226355,40.39136131779746,-11.114868466651936,-11.45044205710886,1.1432418384477745,-85.8889397338027,-16.37614278262349,-6.896943072628327,-44.13273713671783,20.446240387261344,-4.1911171844919775,12.748336344536535,-51.39394523945571,-16.148700520567207,32.24291005909542,37.79835422582382,-3.146199576873159,-47.813426732435666,60.378052278254394,-0.2400906940832663,-43.93256848075408,-12.314732361626858,-21.1599963565578,-11.097645876039962,11.066108072927841,-49.512414407863325,7.141526884258831,-0.7921593380274786,28.922210780026845,13.211836596275205,-18.683103607740506,12.312498171132303,-22.468959466784778,-1.7515520973514798,-20.715703194185135,-16.82556970992686,-6.832453209091918,-10.509599050118716,3.8950349006070177,46.52859579189116
-22.58954673730155,-30.090338291205,-1.688491081880223,7.565340603837366,-13.288673983655258,88.5303293337454,-66.96476068139087,-32.144865020396786,-21.494649291477515,-12.126278864511825,5.926546553206082,-34.14359316781481,18.33310655004135,28.377253976239302,35.090597477568295,1.2596282135872332,38.26697861824842,48.57925816222252,-13.558948652764238,-14.221495896879038,1.6745624777876444,-103.4631157473174,-19.369966034082815,-8.176780691071832,-53.06482943857045,25.28904173223136,-5.283551708595957,14.542057307136341,-61.332672648145696,-19.830611959999313,37.79835422582382,45.15500369342219,-3.5967865178972973,-56.87244152654114,72.05834014387014,-1.0764927104486817,-53.214768100311126,-14.63644628566153,-24.255785442458663,-12.363449539610231,13.248076895011613,-59.13930569190074,9.159905949335814,-1.1148396619005965,35.039866381357896,15.842305418079572,-22.8605757553225,15.123890051455433,-27.3781086822136,-2.6062416177188465,-25.531160700746774,-20.505095289909626,-8.919269596611871,-12.943723266789608,4.357881781845608,55.24323161414761
1.5575608064459652,2.2474885536732327,0.06509636579769852,-0.7570566110784133,1.0073886910587886,-6.5266299217088015,5.336459203873531,2.490994895353191,1.4225125737428281,0.9011200873771285,-0.5956644426619455,2.7422403172783847,-1.701447718488459,-2.1067709869691096,-2.569027116385481,-0.11805990741249732,-2.799122204510246,-3.7859692490906536,0.9857208538231969,0.9814186316822542,-0.06134191806277506,7.971886323307073,1.573185258624815,0.6296812383542726,4.089792394517324,-1.8038838233889545,0.3233201344878626,-1.3424346793753148,4.88612484795382,1.4145528593432295,-3.146199576873159,-3.5967865178972973,0.38765604861702446,4.483949761465058,-5.751704020588441,-0.12262943024964101,3.9617332736083455,1.1690668649247442,2.19214001271056,1.227629305157133,-1.0583384182811644,4.713060268363849,-0.5542767707120132,0.07665634664535484,-2.620678409780984,-1.277959440263021,1.6275500988822136,-1.0921559628021011,2.071252108162092,0.0981660604911571,1.7936706905477864,1.497933556482426,0.5074768677776339,0.9548025341541989,-0.4437100891371252,-4.466974780643297
28.321972948935702,37.8778651154702,2.0165547358617366,-9.67767713076189,16.75046525118833,-111.10351803739042,84.52378906466303,40.482297488499036,26.834122459054587,15.253391872950546,-7.604504258557732,43.151931025424176,-23.302161898664888,-35.714764888080936,-44.1238276070073,-1.5998117315348968,-47.90718560923413,-61.13945802177448,17.086577180145888,17.838576330188516,-2.0021609105834894,130.23631631889054,24.47355824186679,10.406296049003908,66.83308425766228,-31.644630383479882,6.620646966619217,-18.43974876155853,77.28583447733335,24.91743754334974,-47.813426732435666,-56.87244152654114,4.483949761465058,71.84502410231406,-90.81791850505846,1.191081590860471,66.97270733096407,18.49510892135409,30.796688676794705,15.738472279365576,-16.676709568711917,74.53262654562282,-11.43496819926097,1.2880050675623238,-44.107537274096536,-19.89006787710969,28.794234631846507,-18.954107994489707,34.338834670088346,3.1378352309925006,32.04314588619568,25.82192704593469,11.094625645611918,16.193476659564993,-5.499704095388129,-69.67207071615368
-36.11296197804343,-48.08661443354994,-2.7189971423807564,12.178313022829771,-21.185539436075217,141.1599508652796,-106.95080431706693,-51.30465593281879,-34.232716605156675,-19.378189201283046,9.483733566766343,-54.580614218602086,29.446669914660852,45.29732957905521,56.01735819053532,1.9958941977793725,61.0103240569426,77.56590827248274,-21.6783920922628,-22.67160599280383,2.5621775965876554,-165.14566056035505,-30.968606140539784,-13.144623661659047,-84.72167409107382,40.28462925770734,-8.405785751752303,23.26937126626516,-97.90318260245824,-31.657974637449687,60.378052278254394,72.05834014387014,-5.751704020588441,-90.81791850505846,115.14230883229897,-1.6279432059319767,-84.83601059173294,-23.45903853055961,-38.86846708369879,-19.84014623013174,21.122981439032024,-94.49565904412987,14.557386231846165,-1.665672008508479,55.91660881425081,25.33041354019981,-36.583329632324634,24.099369588416597,-43.654452521116006,-4.136032200382124,-40.69467489686622,-32.76105079988928,-14.156116246797627,-20.646829785513415,6.9367225037866005,88.20051710516597
1.4063043372786337,1.1809077983007692,0.40615995084742296,0.4232327661648264,0.43070946193694654,-4.1113782527362766,1.3493403715359955,0.9578094416546135,1.6543413936726568,0.500810611016275,0.397900675083324,0.5663539450520176,0.4984587737510326,-1.1424677978034767,-1.5657823185349713,0.03081996591060368,-2.0032647119000355,-1.4648376164864452,0.5898591274438469,0.8689282636334672,-0.36131126010180975,3.3341886810009314,0.28659436258946824,0.12679341091478621,1.6422939709896671,-1.4571339707401791,0.43764074344267107,0.3344348080967401,1.4166793339534678,1.0144404202142179,-0.2400906940832663,-1.0764927104486817,-0.12262943024964101,1.191081590860471,-1.6279432059319767,0.8266753670352199,2.0782076782589596,0.2774319958475271,-0.4557330849617811,-0.606190792724755,-0.3269778779994024,1.3674786804202614,-0.8401748577876398,0.1982522414357227,-1.3486998325684667,-0.4153415806140858,1.1016441903176044,-0.7988899968192871,1.152780053538967,0.5631858525981452,1.4222140308512177,0.8901097759709095,0.9681405212731078,0.6860335593419606,0.1868422998251116,-0.9999120341007284
27.514677085745927,35.957365683060516,2.305182278042234,-8.283851000788339,15.813432429394366,-106.36661274837336,78.74240962518552,38.11354789707867,26.461950042321124,14.517397677593971,-6.467854877439346,40.026254780452746,-20.658432983207728,-33.95715207087332,-42.137384405073085,-1.4100841968925997,-46.157023544270544,-57.558622186568485,16.26301309975732,17.298869696009774,-2.2981290912538257,122.8532337330812,22.664750826256654,9.601748682475893,62.98102633717225,-30.662303150940385,6.571409486429017,-16.44731918198277,72.24687268428858,23.947676330523294,-43.93256848075408,-53.214768100311126,3.9617332736083455,66.97270733096407,-84.83601059173294,2.0782076782589596,63.63791769388784,17.190798350395124,27.53777763798165,13.656584908181756,-15.604105145409324,69.6461105529332,-11.435493251804516,1.4586705442723467,-41.855655716900486,-18.690338348808154,27.558929825786883,-18.273552200352658,32.741190288206425,3.55720978117954,30.954251684494945,24.59290823926255,11.274939176586402,15.599692885200728,-4.823484345315919,-64.81234137817276
