V1,V2,V3,V4,V5,V6,V7,V8,V9,V10,V11,V12,V13,V14,V15,V16,V17,V18,V19,V20,V21,V22,V23,V24,V25,V26,V27,V28,V29,V30,V31,V32,V33,V34,V35,V36,V37,V38,V39,V40,V41,V42,V43,V44,V45,V46,V47,V48,V49,V50,V51,V52,V53,V54,V55,V56
23.551550588692358,4.043256368401923,-27.76951478466487,35.34743032531888,13.288775056473986,-0.33787071938442764,-19.669504372179563,22.0471764401408,-24.186809993134936,9.322454029204868,-10.603010732855836,-28.826546437365472,-22.861587202532498,-10.622662964032383,1.7759618838749585,24.821176373518167,-9.104948553644222,10.198484303110028,-29.431347954520366,-31.763771498289586,-2.29225950108677,-24.835218669235953,4.9585005458493105,-21.120766652033957,23.543209590434284,-10.988961484075787,19.92180337225135,-15.960598889660686,-6.53331624706397,-0.18097094302393005,-10.784958134295108,13.240406750311985,-5.02486286079397,-12.468176961585144,-5.787741048383941,-1.4025763061804486,4.708692504705182,17.68888315197227,-10.262836115179224,21.941822611494427,33.09728830974609,-20.065960052325345,26.983566142196583,4.062655037687919,11.055194200116064,-42.917908588433974,17.27379867221984,-24.610923883188626,-15.67589969632367,23.54596539795844,8.315075676068469,-25.286049259622967,-24.111052368111245,5.8717052589241145,-11.703471290628174,-4.873845250275516
4.043256368401923,1.0007847438853752,-4.51066534453695,5.58992532510339,2.2979613268691588,-0.7413464515218653,-2.4449878846332513,3.847302459282224,-3.7346412064220917,1.6314747971723025,-1.7961295577996694,-4.219982801630435,-3.8480803378564805,-2.03749543400041,-0.10969894547034148,3.9841785548357658,-1.646158224471186,1.2457389926957338,-4.526023533132489,-4.943787018445228,-0.314019680688472,-3.045931160761569,1.0090650119694395,-3.1796947457170077,4.314177030573972,-1.909297081846114,3.2937624499830993,-2.6495816936678875,-0.546004011962524,0.208979232463839,-2.132710710544581,1.7916348762359775,-0.9292811145490176,-1.281554780746656,-1.5439880956071486,-0.21851293383530423,1.349924707817177,3.0316742289371668,-1.4142079796054234,3.5930618435865593,5.237860475927235,-2.7194820078354964,4.227538447707838,0.5268212561674475,1.3821373822829246,-6.935303922494742,3.1451201762849696,-4.064869085861299,-2.38179532492266,3.73997241525393,1.6202534786329186,-3.783835298374499,-3.785478905853501,0.9873604607177785,-1.8332049287268635,-1.245331748161733
-27.76951478466487,-4.51066534453695,33.344390522467016,-42.30983273097225,-15.832475444591385,-0.5515995685388962,23.964801321072184,-26.04367554615853,29.1594605370185,-10.987973824024497,12.70088054087068,34.658405145510784,26.984966204137432,12.463923554415084,-2.433126260675203,-29.617089115829128,10.278762047323623,-12.733371261989586,35.2404175169525,38.0291748075537,2.7658967214491677,30.640395525398386,-5.745408619130116,25.2380748064438,-27.63408423145043,12.796655520431909,-23.79354773277329,18.87645550594838,8.387550660218512,0.39493189220128766,12.657881406716735,-16.254173050443487,6.220795932150346,15.126863859944352,6.057777270996407,1.6614429063753193,-5.373110797386944,-20.916730961922553,12.529930333516841,-25.992410592945532,-39.63684402263082,24.64994820545925,-32.242630958358845,-4.821918438183256,-13.446592130416239,50.8836618512798,-20.402248922822455,29.215026621939582,19.089854992709945,-27.958675136758913,-9.752873130699006,30.34684819061322,28.828917080703032,-6.763643602186459,13.89437615406199,5.314183094019123
35.34743032531888,5.58992532510339,-42.30983273097225,53.95756028471674,20.038074112009976,0.6378181239093236,-30.93216429699098,33.0969332116382,-37.09874379864007,13.961650051054068,-16.062013518494354,-44.446355261350945,-34.42069870823221,-15.692037575511428,3.2971963890661367,37.75915789464146,-13.402666359345302,16.201761645900266,-45.08070031073687,-48.56367046736564,-3.6018604452542533,-39.267313503251856,7.2234105920754885,-32.427678454700235,35.02552253496031,-16.438076818992503,30.217622266588414,-24.12307281172294,-10.733298296644397,-0.6347770532864582,-15.891113517117754,20.688628305010337,-7.598915935008834,-19.87511746057181,-7.730258449069877,-2.1266722942308616,6.431967264678788,26.582117360949525,-16.018574202335593,33.219786979955856,50.49158344376,-31.417241228352093,41.18630923926924,6.358942650000237,17.371794189080138,-65.0997028203391,25.71932578884067,-37.26326474638989,-24.154718411033066,35.80646374314431,12.264488569626996,-38.88245980356803,-36.79799917518013,8.776441225915795,-17.85216881212373,-6.708468629218694
13.288775056473986,2.2979613268691588,-15.832475444591385,20.038074112009976,7.588667557713023,-0.14435873285551953,-11.021119459244566,12.516716936212722,-13.741253928426964,5.275117877841839,-6.065808048195818,-16.258665589978825,-12.88538561491405,-6.066858435313929,0.969664473418515,14.046514695905689,-5.024557122792418,5.819287451810625,-16.640214510844,-17.967873455740524,-1.3117622904977002,-14.035785623403799,2.826138203340078,-11.909314754685571,13.379132351109744,-6.1768042589719885,11.326281655055285,-9.01586093844632,-3.6921383635090845,-0.08038167331428875,-6.204690429009549,7.507113141594183,-2.9702678220583834,-6.8524122652528465,-3.2073185781704097,-0.7811128109469416,2.8401921513885178,10.001462099229455,-5.829524226397873,12.379329639155968,18.749370938205328,-11.422172557822838,15.24592816666206,2.269927218981207,6.192622082972728,-24.191870294412414,9.818869053085715,-13.930137524409577,-8.94918200702679,13.261374213262492,4.764741713319769,-14.281742108057088,-13.63097903617024,3.253651759159586,-6.596823379985488,-2.7828128842276216
-0.33787071938442764,-0.7413464515218653,-0.5515995685388962,0.6378181239093236,-0.14435873285551953,2.9108032506413033,-2.049344366286412,-0.6644623301368413,-1.0613302780839406,-0.2180548898027581,-0.05017350073926471,-1.202898991365062,0.26173790939251873,0.5967898359378304,0.9614010291557955,0.35665884768515027,1.3742955936584507,1.6958318300484738,-0.6484361007193363,-0.782348467985685,0.13113496374929526,-3.4353803414539135,-0.45504123317796963,-0.2709869592132076,-1.217699689275263,0.7959430395846083,0.17390227877019848,0.30937692895042607,-2.015129320783169,-0.5114051604180443,0.8655311519905966,1.6514079757597948,-0.46222232072982633,-1.4640031839159937,2.195618311724158,-0.06396425083794309,-1.3192235103667502,-0.13630089541414164,-0.8276030628392891,-0.17065875402147862,0.8824447323632257,-2.1139463366115674,0.5740192482809171,-0.21204464513865753,1.0599792900146714,0.15040560496068495,-0.21438692794511832,0.2006853575905983,-1.238717461084365,0.07289643433790388,-0.5766262288373373,-0.7836376362621273,-0.5650418072286321,-0.4693157422038255,0.12825888336257027,1.654900666466004
-19.669504372179563,-2.4449878846332513,23.964801321072184,-30.93216429699098,-11.021119459244566,-2.049344366286412,19.326914295886176,-18.14228959452168,21.51347901060237,-7.681646788379759,8.918462920670795,26.27175644815349,19.308884636947024,8.198168480276124,-2.7615482583999307,-21.564059175036995,7.183318684145868,-10.160005866848678,26.12736470340936,28.06147921061163,2.0856702644576988,24.628819145704117,-3.644893505067464,18.89720628816586,-18.736344142422787,8.99490727806496,-17.014159791281266,13.536723803562936,7.364259612274186,0.8804598380466154,8.082864286266659,-12.654602465530322,4.07502871947502,13.032826291209362,3.015253930803302,1.2509538617975342,-2.2005264635887776,-14.801007983591482,9.641893579402145,-18.797067843398377,-29.02120011603641,19.06161107247672,-23.75763290411022,-3.8036107849371192,-10.823697424006212,37.05193851944312,-13.942551944988477,20.971306037043462,14.137897262609005,-20.531067318837916,-6.321628690718305,22.768675033922925,21.215452006403588,-4.90334435001253,10.232249269357649,2.678912450227878
22.0471764401408,3.847302459282224,-26.04367554615853,33.0969332116382,12.516716936212722,-0.6644623301368413,-18.14228959452168,20.77058516715185,-22.573991646306613,8.750033262888754,-9.975065742891267,-26.87222075854375,-21.397881099300616,-10.043263700048191,1.5547514575964818,23.216378011623167,-8.645981174665433,9.385800943374853,-27.529527296958328,-29.683560676654047,-2.2112237101362706,-22.8623076788979,4.70081374548166,-19.786789062988294,22.23431804097066,-10.391245181225196,18.679599742885966,-14.998003097463956,-5.860975842304479,-0.11619746106437834,-10.276887611503778,12.196886795055484,-4.705847541370451,-11.416507935011806,-5.628652757014923,-1.2919370701236608,4.683964129833564,16.556673761022143,-9.552626350132421,20.56501358682521,30.91490577602803,-18.611490278457065,25.208438071699756,3.8685596746009407,10.2119721358979,-40.193760355572955,16.178312660106446,-23.102918971533775,-14.570052627492508,22.02837357126638,7.892594969811791,-23.623027399008343,-22.519398021649916,5.52483868148124,-10.99784779966431,-4.799709781588782
-24.186809993134936,-3.7346412064220917,29.1594605370185,-37.09874379864007,-13.741253928426964,-1.0613302780839406,21.51347901060237,-22.573991646306613,25.664229689917025,-9.541187552896782,11.051559570344095,30.628827660809655,23.542843476544988,10.690894822666754,-2.396009396635082,-25.9534961046472,8.81626869754561,-11.459867409167568,30.978092538401334,33.41915196540974,2.408024551346222,27.560488165742324,-4.888750457731341,22.196219705804538,-23.81347392903294,11.062412290502976,-20.777527322183207,16.450300812582082,7.765476202704653,0.49781470909777575,10.777186734963458,-14.535329303713725,5.39914111194146,13.756334873097822,4.852180760083543,1.4710941133460118,-4.2452966178685765,-18.224685445409406,11.12956101676458,-22.710227990930797,-34.80119049348425,21.96192093832375,-28.32373870484006,-4.2399759706075075,-12.05754504747798,44.522990283718634,-17.682654497877923,25.48940627402948,16.86456317204139,-24.51027877637241,-8.333930620639412,26.746203487865735,25.325371482811214,-5.8758012860878805,12.162042559310441,4.269154196820419
9.322454029204868,1.6314747971723025,-10.987973824024497,13.961650051054068,5.275117877841839,-0.2180548898027581,-7.681646788379759,8.750033262888754,-9.541187552896782,3.695822694214081,-4.205630366273109,-11.342421440970432,-9.042126250817827,-4.236089230422332,0.658028633553218,9.804443856093041,-3.6150352176180567,3.9861636910612517,-11.609223853296253,-12.531675623537646,-0.9089244788716485,-9.699519207563139,1.9827081111918088,-8.326716916854004,9.365971736225351,-4.360296571853061,7.884673607450352,-6.3170507889372685,-2.516634544465778,-0.046318311269921336,-4.31676445512586,5.18653772987748,-2.0034319554483018,-4.831223382247477,-2.3505343710544855,-0.5506824679947174,1.945483736396081,7.002588447483745,-4.032640746436464,8.674203762624883,13.06483198360612,-7.876212446912337,10.645904140350456,1.5999126225394655,4.319449907706478,-16.954886630097324,6.857059857717665,-9.73867939984794,-6.177714459992352,9.293874857129044,3.321981038701648,-9.962128082709912,-9.513217349835921,2.3214086704607633,-4.622698606794399,-1.9865872030335023
-10.603010732855836,-1.7961295577996694,12.70088054087068,-16.062013518494354,-6.065808048195818,-0.05017350073926471,8.918462920670795,-9.975065742891267,11.051559570344095,-4.205630366273109,4.858712347952331,13.064232749844807,10.283974981337009,4.822125161213952,-0.8267012123121547,-11.251803430932938,3.9311244181221685,-4.7518586615664935,13.34166652652805,14.41093490171924,1.0436924890463404,11.413700550425968,-2.235849794734521,9.535753029479244,-10.634794639732457,4.891791399849483,-9.070798784548588,7.1910262173875354,3.0638955445092586,0.09147467724805183,4.921663678829791,-6.095656994388312,2.4107885174553805,5.5448990452391955,2.436178357304436,0.6269608945248725,-2.212174807090617,-7.988377793571252,4.7098610872420394,-9.886311514446223,-15.043114603167629,9.257336820024449,-12.221158742431644,-1.802089389954184,-5.006040183645927,19.32844816517796,-7.84163115613116,11.12823073042371,7.231103046355448,-10.603171867051055,-3.7826260153172306,11.462315203704387,10.930071618624915,-2.569993339756075,5.266375896492606,2.135391371588452
-28.826546437365472,-4.219982801630435,34.658405145510784,-44.446355261350945,-16.258665589978825,-1.202898991365062,26.27175644815349,-26.87222075854375,30.628827660809655,-11.342421440970432,13.064232749844807,37.02869110073049,28.1635695168735,12.516980668209829,-3.153407885961168,-31.058457710519413,10.93165296104501,-13.698619557378496,37.302695576251146,40.11446425157944,3.011679378807698,33.29535242976881,-5.70278648119963,26.93078202113084,-28.208675012499157,13.403600878371522,-24.715372981101734,19.76471471364443,9.355078858511456,0.7892505274277146,12.575767396009667,-17.352302659452867,6.023731589101317,17.256609495286945,5.7671471094058315,1.7650590175907421,-4.538190484109878,-21.668046630951768,13.404723915080693,-27.279855326679183,-41.59413571661409,26.31632593315613,-34.004774068477694,-5.3886913399385,-14.748404833286573,53.573329367060275,-20.727753957074853,30.530769948981945,19.947309151033725,-29.542919120352604,-9.74482888658819,32.29424387315485,30.366783138832087,-7.225678264433139,14.75458186473134,5.018276237517938
-22.861587202532498,-3.8480803378564805,26.984966204137432,-34.42069870823221,-12.88538561491405,0.26173790939251873,19.308884636947024,-21.397881099300616,23.542843476544988,-9.042126250817827,10.283974981337009,28.1635695168735,22.219197059304403,10.252970905329773,-1.823503593462726,-24.153955320256557,8.899914960546623,-9.96969805378376,28.70579128304498,30.950026680554533,2.2641635482917932,24.329645286145634,-4.775284821588218,20.64374977670744,-22.801899848587347,10.705386914776485,-19.35279287225646,15.535696058225732,6.423880453021632,0.23765193652997949,10.400388697834753,-12.91405674429662,4.805368422664648,12.343504060109858,5.549150435282882,1.3649636698161298,-4.431897617701324,-17.163314120864413,10.032009429549655,-21.360023690583038,-32.20771575200795,19.596137981684862,-26.288288246768197,-4.0259672238140185,-10.856070720099558,41.805447098755685,-16.688395101861214,23.942768828951806,15.232255689005008,-22.951397840635778,-8.022580544293298,24.689776605720237,23.48235662270209,-5.7389149353476805,11.430351796461311,4.67775620040532
-10.622662964032383,-2.03749543400041,12.463923554415084,-15.692037575511428,-6.066858435313929,0.5967898359378304,8.198168480276124,-10.043263700048191,10.690894822666754,-4.236089230422332,4.822125161213952,12.516980668209829,10.252970905329773,4.98304505278526,-0.5036928066034003,-11.039968461457214,4.10227764578159,-4.298873720795678,12.95326068076508,14.020930203861209,0.999694575554235,10.394234429564303,-2.361074592120231,9.234584572587776,-10.870595466821186,4.966065646320172,-8.959031750028974,7.151793206664939,2.5555521541784594,-0.09152035662751927,5.135436872152658,-5.6654054387319865,2.3923102407666166,4.933999153470411,2.949197446220119,0.6100333865801237,-2.6107451058907722,-7.987514332921171,4.423218330095661,-9.785844933945114,-14.68074270668052,8.627766949116173,-11.917119159346122,-1.7143863023408492,-4.613166208012488,19.064893020002984,-7.952122807609121,11.029460943323278,6.924985133577994,-10.408807784328037,-3.9294291842451656,11.049551212774228,10.65807673421356,-2.6011696439980994,5.164675474238999,2.50365494167109
1.7759618838749585,-0.10969894547034148,-2.433126260675203,3.2971963890661367,0.969664473418515,0.9614010291557955,-2.7615482583999307,1.5547514575964818,-2.396009396635082,0.658028633553218,-0.8267012123121547,-3.153407885961168,-1.823503593462726,-0.5036928066034003,0.6996024035466156,2.2423692384498146,-0.5348280340437498,1.4766046572133806,-2.9155805269067736,-3.0776746917045203,-0.261410071106189,-3.5643624191980114,0.15557522402059523,-2.1701296394056753,1.3789094300293618,-0.7694128257096362,1.6679166465043276,-1.3078328480649892,-1.310581430101261,-0.33848492151407766,-0.4115140378012656,1.6817088119505594,-0.30520002359086545,-2.1086711231375443,0.3423480718607912,-0.1392496726920605,-0.40470860616460524,1.343251078488171,-1.245649139049563,1.874811501311982,3.100617277372932,-2.5146297098579438,2.578574586782925,0.5096751392458975,1.5376375819161203,-3.7938806426158584,1.0735482914458108,-2.0527121661086216,-1.6235603841724449,2.1710356510274633,0.35468516389480614,-2.6476010188122436,-2.295887778909057,0.4564064413956523,-1.1005625718465122,0.22397155878354255
24.821176373518167,3.9841785548357658,-29.617089115829128,37.75915789464146,14.046514695905689,0.35665884768515027,-21.564059175036995,23.216378011623167,-25.9534961046472,9.804443856093041,-11.251803430932938,-31.058457710519413,-24.153955320256557,-11.039968461457214,2.2423692384498146,26.446366517241447,-9.415705569219808,11.283336348534032,-31.52758911776224,-33.98325946175896,-2.4921280061206703,-27.36266963467325,5.094011285025593,-22.65834453126779,24.605344207166894,-11.52656810814992,21.17100217935387,-16.902493438244406,-7.454856728493362,-0.40167820659288894,-11.171802494635461,14.451744015604884,-5.336620171632172,-13.825971645588242,-5.520626127419804,-1.4940345957238286,4.563867110540187,18.663076611484012,-11.171222130390126,23.278635947102366,35.35380232672533,-21.912207696318372,28.83140922002563,4.4103471099722675,12.109097896148658,-45.605536241382744,18.094425086070594,-26.10693643476936,-16.89828429692729,25.075027275634017,8.625686213667683,-27.17598755481222,-25.76183678556384,6.157849507986611,-12.483418784554623,-4.751581126487819
-9.104948553644222,-1.646158224471186,10.278762047323623,-13.402666359345302,-5.024557122792418,1.3742955936584507,7.183318684145868,-8.645981174665433,8.81626869754561,-3.6150352176180567,3.9311244181221685,10.93165296104501,8.899914960546623,4.10227764578159,-0.5348280340437498,-9.415705569219808,4.38659729012854,-3.2264167719891605,11.270861883132559,12.020686408599214,1.0505805250353701,8.431291178397757,-1.970605392922692,8.339865738831858,-9.323165595291599,4.697516617154702,-7.479426996962965,6.341362601553001,1.745677346267999,0.025722137712752925,4.240884117122424,-4.3899264082357226,1.3808511972082533,4.871022834578205,3.0868355105201677,0.5168952040860022,-1.9020757544702,-6.746681003618782,3.6914347761211825,-8.607265755249088,-12.34540012003842,6.901584257208593,-10.252395093673403,-1.9210982242516592,-4.094842386813558,16.83811100737732,-6.371641472117048,9.58689263265768,5.336909133540702,-9.21719751765273,-3.247357211950499,9.66575484378674,9.107470901963097,-2.6148738926396655,4.731537527782828,2.4785896544934953
10.198484303110028,1.2457389926957338,-12.733371261989586,16.201761645900266,5.819287451810625,1.6958318300484738,-10.160005866848678,9.385800943374853,-11.459867409167568,3.9861636910612517,-4.7518586615664935,-13.698619557378496,-9.96969805378376,-4.298873720795678,1.4766046572133806,11.283336348534032,-3.2264167719891605,5.6478876933228115,-13.598452139447687,-14.685612453973613,-1.003638557789029,-13.332377242496621,1.8831340494044975,-9.687198531077096,9.660871884492742,-4.422735460590225,8.974446421828365,-6.93289608745555,-4.1978155523290654,-0.45858938217709544,-4.2266857403536005,6.933954185864683,-2.4722301632489176,-6.603938682601156,-1.1204395230131414,-0.6554116703004584,1.214560091025835,7.731569922210282,-5.1468554474201795,9.67497267525749,15.298321878949743,-10.344193233455774,12.404683777383626,1.7746701190517176,5.6602082723115155,-19.055828665260233,7.429978972824548,-10.852577983481694,-7.741856104915756,10.562389032988861,3.3060161761766813,-11.847074381154275,-11.109188595935247,2.3345788447634943,-5.189081877882547,-1.1177649715204456
-29.431347954520366,-4.526023533132489,35.2404175169525,-45.08070031073687,-16.640214510844,-0.6484361007193363,26.12736470340936,-27.529527296958328,30.978092538401334,-11.609223853296253,13.34166652652805,37.302695576251146,28.70579128304498,12.95326068076508,-2.9155805269067736,-31.52758911776224,11.270861883132559,-13.598452139447687,37.74667257648018,40.614884770681115,3.0533288546928437,33.06576034555356,-5.9454136208124915,27.22503507838206,-29.051756085018795,13.745585527295608,-25.16522413960874,20.147638278841626,9.081108636909814,0.6339440764182315,13.089208984447302,-17.32862563904178,6.18714269415447,16.97937413039265,6.325282583928005,1.7794165505097517,-5.08425933534886,-22.11766400400022,13.444096766117342,-27.75493256731341,-42.15754715396937,26.33738227626657,-34.442835854292014,-5.4251038473955395,-14.678539634857065,54.43658529531741,-21.275041749490313,31.097956236179755,20.12336518886385,-29.969604342707115,-10.114000707455792,32.60351170499127,30.760081876637543,-7.379088882486645,14.973264739878863,5.480556268952685
-31.763771498289586,-4.943787018445228,38.0291748075537,-48.56367046736564,-17.967873455740524,-0.782348467985685,28.06147921061163,-29.683560676654047,33.41915196540974,-12.531675623537646,14.41093490171924,40.11446425157944,30.950026680554533,14.020930203861209,-3.0776746917045203,-33.98325946175896,12.020686408599214,-14.685612453973613,40.614884770681115,43.745791322205015,3.2340232670908744,35.61654049929382,-6.440149893629116,29.228015211370174,-31.356122822311054,14.747431172239954,-27.155892486548733,21.680517969490406,9.81889377186875,0.6353240841738967,14.158425428804435,-18.726793799315583,6.788399941619935,18.127631825582323,6.798328523162611,1.9224275265850124,-5.57133291844907,-23.884696572323634,14.469674496189805,-29.881416261840272,-45.4633835269095,28.398679283807155,-37.10021071575065,-5.737869101822218,-15.754966623302765,58.587579328765486,-23.05975432549192,33.4944131881099,21.77211074496795,-32.24503939970149,-10.942927134495271,35.06098985885227,33.14537023357164,-7.895854372648323,16.06935744906122,5.884852001281112
-2.29225950108677,-0.314019680688472,2.7658967214491677,-3.6018604452542533,-1.3117622904977002,0.13113496374929526,2.0856702644576988,-2.2112237101362706,2.408024551346222,-0.9089244788716485,1.0436924890463404,3.011679378807698,2.2641635482917932,0.999694575554235,-0.261410071106189,-2.4921280061206703,1.0505805250353701,-1.003638557789029,3.0533288546928437,3.2340232670908744,0.31675756383224035,2.5292205542062796,-0.45819128720284996,2.274339475452214,-2.3200537190579524,1.1855270697334361,-1.974123987139777,1.647923836623908,0.6146880131629359,0.08054371636081484,1.044182350149811,-1.2679473922448554,0.37771372363775746,1.4346563116530064,0.5809301871104793,0.13026094001056415,-0.3994894110780263,-1.7085788913958593,1.0703153337287405,-2.239695290806653,-3.2987516885564077,2.027384318206767,-2.7376526219024164,-0.5547874161584502,-1.1860015585588777,4.402255800647265,-1.5652280747991159,2.5076288233479773,1.4862460838599065,-2.426147199916337,-0.7946631235526088,2.6477603621144934,2.431809374008485,-0.6477016818398493,1.2660405672842017,0.5264845341541237
-24.835218669235953,-3.045931160761569,30.640395525398386,-39.267313503251856,-14.035785623403799,-3.4353803414539135,24.628819145704117,-22.8623076788979,27.560488165742324,-9.699519207563139,11.413700550425968,33.29535242976881,24.329645286145634,10.394234429564303,-3.5643624191980114,-27.36266963467325,8.431291178397757,-13.332377242496621,33.06576034555356,35.61654049929382,2.5292205542062796,31.871315640143624,-4.58307534364133,23.72791857610667,-23.55914419886714,11.042502912702979,-21.6710813391388,16.97896045398353,9.815529923078827,1.1256663402167297,10.221119572232555,-16.477385934650396,5.591629452788463,16.313681852204272,3.2172318572655003,1.591187861457109,-2.823708274949072,-18.760024286764246,12.371548252833465,-23.6448258770821,-36.972844409238604,24.67805540626449,-30.118966836318272,-4.550777737401501,-13.753855004412353,46.59464535332802,-17.8502942191329,26.447220281037442,18.383122115988055,-25.827072279928196,-7.999190461724106,28.816638019684184,26.9364148497809,-5.928758234632819,12.772183538735018,3.00555540340957
4.9585005458493105,1.0090650119694395,-5.745408619130116,7.2234105920754885,2.826138203340078,-0.45504123317796963,-3.644893505067464,4.70081374548166,-4.888750457731341,1.9827081111918088,-2.235849794734521,-5.70278648119963,-4.775284821588218,-2.361074592120231,0.15557522402059523,5.094011285025593,-1.970605392922692,1.8831340494044975,-5.9454136208124915,-6.440149893629116,-0.45819128720284996,-4.58307534364133,1.1315169701920846,-4.237579843455883,5.128111928194288,-2.3416969606371727,4.146109880919579,-3.328588478110126,-1.0567194699511417,0.0868466532761586,-2.445375477233865,2.526071145988033,-1.0994704088431306,-2.158563690789107,-1.5135023962073375,-0.2801626512660298,1.3113231873570848,3.7228357559192204,-1.988822774311697,4.541692329817968,6.750722275816175,-3.856699035136516,5.481378301515916,0.7848701149993231,2.0550010913788594,-8.832337486136932,3.7284620445994734,-5.120458610711751,-3.1422023668827834,4.809929938058814,1.8669766680580981,-5.05206254046995,-4.901199329948594,1.2273571548204512,-2.387850115022374,-1.265306682337499
-21.120766652033957,-3.1796947457170077,25.2380748064438,-32.427678454700235,-11.909314754685571,-0.2709869592132076,18.89720628816586,-19.786789062988294,22.196219705804538,-8.326716916854004,9.535753029479244,26.93078202113084,20.64374977670744,9.234584572587776,-2.1701296394056753,-22.65834453126779,8.339865738831858,-9.687198531077096,27.22503507838206,29.228015211370174,2.274339475452214,23.72791857610667,-4.237579843455883,19.738483868905504,-20.847379415634112,10.005430973888437,-18.035441563477438,14.546452441321623,6.439229678198501,0.5143368933522763,9.34182393396294,-12.348748783964732,4.246006952178822,12.45497180023994,4.641764118629389,1.2742845546843606,-3.5250839672249015,-15.845509141449586,9.671084767734019,-20.015337040241963,-30.253445397238952,18.85696855480253,-24.78911576852684,-4.063323759285513,-10.633224675090473,39.28400451300199,-15.115617417609766,22.39796743653696,14.309363259858838,-21.639574762803438,-7.216336179488258,23.54067881958257,22.11899162526557,-5.411015080405503,10.870639267042165,4.00634789190836
23.543209590434284,4.314177030573972,-27.63408423145043,35.02552253496031,13.379132351109744,-1.217699689275263,-18.736344142422787,22.23431804097066,-23.81347392903294,9.365971736225351,-10.634794639732457,-28.208675012499157,-22.801899848587347,-10.870595466821186,1.3789094300293618,24.605344207166894,-9.323165595291599,9.660871884492742,-29.051756085018795,-31.356122822311054,-2.3200537190579524,-23.55914419886714,5.128111928194288,-20.847379415634112,23.941270305376527,-11.133273788560748,19.860689269099556,-15.966940513227476,-5.842033805970936,0.03673189780007834,-11.172328252109814,12.674818178407042,-5.050717420018286,-11.617401947899564,-6.4096800052955105,-1.3627850272988509,5.376031634214093,17.6737623138289,-9.962966043162348,21.853846661941095,32.70584600058347,-19.36477918221754,26.64736661962417,4.036744450423843,10.555009070652728,-42.650296418377586,17.38326086587537,-24.57410219745605,-15.327669039623672,23.33008655502345,8.562263528861028,-24.858346367415255,-23.807843802204996,5.899372057975422,-11.639991403201101,-5.426778196666391
-10.988961484075787,-1.909297081846114,12.796655520431909,-16.438076818992503,-6.1768042589719885,0.7959430395846083,8.99490727806496,-10.391245181225196,11.062412290502976,-4.360296571853061,4.891791399849483,13.403600878371522,10.705386914776485,4.966065646320172,-0.7694128257096362,-11.52656810814992,4.697516617154702,-4.422735460590225,13.745585527295608,14.747431172239954,1.1855270697334361,11.042502912702979,-2.3416969606371727,10.005430973888437,-11.133273788560748,5.379978046112781,-9.220428270176505,7.564170208390916,2.6531402035049845,0.07458720942757117,5.1023589920926735,-5.8176679018255575,2.0706525793267785,5.854166688050011,3.113477585976839,0.6367698358732347,-2.2757283820832526,-8.209837306454055,4.683427348874247,-10.331168213153301,-15.263353559628827,8.986580501432911,-12.540128003833972,-2.112155014118282,-5.087942253478389,20.20863909899892,-7.89343298373372,11.566350706689809,6.971639724690289,-11.076642650840968,-3.9138364090955315,11.803621339252292,11.176500308533695,-2.9172939980306793,5.600441577561878,2.5972868086029055
19.92180337225135,3.2937624499830993,-23.79354773277329,30.217622266588414,11.326281655055285,0.17390227877019848,-17.014159791281266,18.679599742885966,-20.777527322183207,7.884673607450352,-9.070798784548588,-24.715372981101734,-19.35279287225646,-8.959031750028974,1.6679166465043276,21.17100217935387,-7.479426996962965,8.974446421828365,-25.16522413960874,-27.155892486548733,-1.974123987139777,-21.6710813391388,4.146109880919579,-18.035441563477438,19.860689269099556,-9.220428270176505,17.005261363563832,-13.532669879072865,-5.8576140387964895,-0.24207854841859158,-9.101436332973494,11.512692951918034,-4.398046391604415,-10.74995765556157,-4.521258934363659,-1.1892634031197182,3.9052674541798504,14.992479130899682,-8.894115885630756,18.622516777192914,28.30039239621608,-17.46226881801617,23.036943081233822,3.45636413184091,9.552120089712213,-36.4456358340313,14.628577910520113,-20.919900287861353,-13.558822717429075,20.015429423054936,7.012558241085224,-21.65468191838221,-20.593553836055953,4.888570849803464,-9.949980836209864,-3.9169186367149713
-15.960598889660686,-2.6495816936678875,18.87645550594838,-24.12307281172294,-9.01586093844632,0.30937692895042607,13.536723803562936,-14.998003097463956,16.450300812582082,-6.3170507889372685,7.1910262173875354,19.76471471364443,15.535696058225732,7.151793206664939,-1.3078328480649892,-16.902493438244406,6.341362601553001,-6.93289608745555,20.147638278841626,21.680517969490406,1.647923836623908,16.97896045398353,-3.328588478110126,14.546452441321623,-15.966940513227476,7.564170208390916,-13.532669879072865,10.912713343855584,4.424044830024157,0.19491710513508356,7.2844608659255234,-8.964296316319501,3.280604205320631,8.712862241595362,3.9274389039056903,0.9458563061946225,-3.099754283263424,-11.972939510867572,7.034023699179506,-14.97932298282342,-22.51472441268332,13.687215986867578,-18.408746470463587,-2.919654450480824,-7.621938070743813,29.325477351375756,-11.578622130467368,16.79205375752098,10.58496704618494,-16.10266880482554,-5.608162920144398,17.338914891137755,16.433737544606938,-4.060961104935866,8.064240596624009,3.3393694422539317
-6.53331624706397,-0.546004011962524,8.387550660218512,-10.733298296644397,-3.6921383635090845,-2.015129320783169,7.364259612274186,-5.860975842304479,7.765476202704653,-2.516634544465778,3.0638955445092586,9.355078858511456,6.423880453021632,2.5555521541784594,-1.310581430101261,-7.454856728493362,1.745677346267999,-4.1978155523290654,9.081108636909814,9.81889377186875,0.6146880131629359,9.815529923078827,-1.0567194699511417,6.439229678198501,-5.842033805970936,2.6531402035049845,-5.8576140387964895,4.424044830024157,3.3882819065679404,0.48941527690158537,2.3971257454849506,-5.033261008801951,1.663024408037252,4.927205947457865,0.04839974522836754,0.4531439007967125,-0.23916595808826843,-4.977705650205865,3.612224453875394,-6.264284843507973,-10.223019739003767,7.3831794251113445,-8.274623521122372,-1.125467465772867,-4.079510383562232,12.41540193509716,-4.7082055648365975,6.9959281324286,5.3804692766756865,-6.940953327263141,-1.918507858893847,7.995871234422389,7.420024477764706,-1.4149990450631456,3.3627426414300503,0.17441115422609652
-0.18097094302393005,0.208979232463839,0.39493189220128766,-0.6347770532864582,-0.08038167331428875,-0.5114051604180443,0.8804598380466154,-0.11619746106437834,0.49781470909777575,-0.046318311269921336,0.09147467724805183,0.7892505274277146,0.23765193652997949,-0.09152035662751927,-0.33848492151407766,-0.40167820659288894,0.025722137712752925,-0.45858938217709544,0.6339440764182315,0.6353240841738967,0.08054371636081484,1.1256663402167297,0.0868466532761586,0.5143368933522763,0.03673189780007834,0.07458720942757117,-0.24207854841859158,0.19491710513508356,0.48941527690158537,0.19029917638944138,-0.14561306380470299,-0.46555869143453965,-0.031885438336459695,0.7829186573757115,-0.36986514111501007,0.028673277770462934,0.40096677480349363,-0.13703493935436725,0.3439625944959502,-0.306350298131164,-0.5897132297442249,0.7019962169081863,-0.5199996669800203,-0.17121285607913167,-0.48956675846644154,0.6734842618223706,0.017660266701957163,0.31196788471957787,0.3443740539747785,-0.42088188098589535,0.09226416228123309,0.6274935806869071,0.4570209741535138,-0.07072296963022426,0.23094512678046716,-0.276736398816708
-10.784958134295108,-2.132710710544581,12.657881406716735,-15.891113517117754,-6.204690429009549,0.8655311519905966,8.082864286266659,-10.276887611503778,10.777186734963458,-4.31676445512586,4.921663678829791,12.575767396009667,10.400388697834753,5.135436872152658,-0.4115140378012656,-11.171802494635461,4.240884117122424,-4.2266857403536005,13.089208984447302,14.158425428804435,1.044182350149811,10.221119572232555,-2.445375477233865,9.34182393396294,-11.172328252109814,5.1023589920926735,-9.101436332973494,7.2844608659255234,2.3971257454849506,-0.14561306380470299,5.342625514192577,-5.595690955222205,2.4370552167779547,4.783831086179508,3.164138641079176,0.6053966452780317,-2.857745697492841,-8.107903096944696,4.4274148106701565,-9.932768936794906,-14.825127804519441,8.594600691875423,-12.032080537762095,-1.7609387367223208,-4.557684341038161,19.32471951933366,-8.09548749145829,11.218942853236427,6.943495503403951,-10.531437301581764,-4.069051031942091,11.13883844364739,10.758668695098066,-2.654411583470248,5.250386266678468,2.7137838219932187
13.240406750311985,1.7916348762359775,-16.254173050443487,20.688628305010337,7.507113141594183,1.6514079757597948,-12.654602465530322,12.196886795055484,-14.535329303713725,5.18653772987748,-6.095656994388312,-17.352302659452867,-12.91405674429662,-5.6654054387319865,1.6817088119505594,14.451744015604884,-4.3899264082357226,6.933954185864683,-17.32862563904178,-18.726793799315583,-1.2679473922448554,-16.477385934650396,2.526071145988033,-12.348748783964732,12.674818178407042,-5.8176679018255575,11.512692951918034,-8.964296316319501,-5.033261008801951,-0.46555869143453965,-5.595690955222205,8.629527562949674,-3.1168752953062953,-8.184504969217107,-1.8907238902087133,-0.8404852445514848,1.8018373961445158,10.014197171568316,-6.435349832291496,12.477520622897252,19.522952490369807,-12.873584946255392,15.845641957837808,2.25878180707498,7.059236041076923,-24.535597915241254,9.677032064735254,-13.986112098433107,-9.74282303096258,13.567283855511148,4.368807304419146,-15.046910245819674,-14.185764415260781,3.0877572701412874,-6.664537399483239,-1.7335146494883487
-5.02486286079397,-0.9292811145490176,6.220795932150346,-7.598915935008834,-2.9702678220583834,-0.46222232072982633,4.07502871947502,-4.705847541370451,5.39914111194146,-2.0034319554483018,2.4107885174553805,6.023731589101317,4.805368422664648,2.3923102407666166,-0.30520002359086545,-5.336620171632172,1.3808511972082533,-2.4722301632489176,6.18714269415447,6.788399941619935,0.37771372363775746,5.591629452788463,-1.0994704088431306,4.246006952178822,-5.050717420018286,2.0706525793267785,-4.398046391604415,3.280604205320631,1.663024408037252,-0.031885438336459695,2.4370552167779547,-3.1168752953062953,1.5200115228418536,2.2117405477511913,0.8798361484199887,0.29951379689536606,-1.2674242836050944,-3.84078810593277,2.261486563765726,-4.547933847458256,-7.2278798576550285,4.609518844732163,-5.739749384680212,-0.5863296599182837,-2.2578835004274924,8.847610126276196,-3.977464957185389,5.183903642906584,3.7387530737537644,-4.836593143260481,-1.870807705832978,5.280327575338873,5.168621634206026,-1.0008903757594954,2.3102600940836853,0.8503990125378104
-12.468176961585144,-1.281554780746656,15.126863859944352,-19.87511746057181,-6.8524122652528465,-1.4640031839159937,13.032826291209362,-11.416507935011806,13.756334873097822,-4.831223382247477,5.5448990452391955,17.256609495286945,12.343504060109858,4.933999153470411,-2.1086711231375443,-13.825971645588242,4.871022834578205,-6.603938682601156,16.97937413039265,18.127631825582323,1.4346563116530064,16.313681852204272,-2.158563690789107,12.45497180023994,-11.617401947899564,5.854166688050011,-10.74995765556157,8.712862241595362,4.927205947457865,0.7829186573757115,4.783831086179508,-8.184504969217107,2.2117405477511913,9.229510186117523,1.7454442860563246,0.8139307980008764,-0.7626870319574737,-9.337388576561988,6.303278613121173,-12.118233961252013,-18.585639499166366,12.370384523612914,-15.352519385246964,-2.706607696395995,-7.314157448652898,23.989221712564305,-8.504998029828,13.426600851052429,8.908439936691263,-13.3524066852789,-3.776547153730792,14.894824510389618,13.677271668712558,-3.2967739062889216,6.724038543443361,1.4953277637217446
-5.787741048383941,-1.5439880956071486,6.057777270996407,-7.730258449069877,-3.2073185781704097,2.195618311724158,3.015253930803302,-5.628652757014923,4.852180760083543,-2.3505343710544855,2.436178357304436,5.7671471094058315,5.549150435282882,2.949197446220119,0.3423480718607912,-5.520626127419804,3.0868355105201677,-1.1204395230131414,6.325282583928005,6.798328523162611,0.5809301871104793,3.2172318572655003,-1.5135023962073375,4.641764118629389,-6.4096800052955105,3.113477585976839,-4.521258934363659,3.9274389039056903,0.04839974522836754,-0.36986514111501007,3.164138641079176,-1.8907238902087133,0.8798361484199887,1.7454442860563246,2.9922042187636837,0.28725356656395046,-2.093404965852595,-4.263922806022914,1.7511039685270051,-5.226670772931522,-7.069581370780674,3.0882234442270753,-5.850739376081396,-1.026454034375124,-1.7555754705027544,10.078079165790749,-4.274531899555076,5.865066049963702,2.7705014397258307,-5.409014596042973,-2.3807290751943393,5.254392880974212,5.1960475089108025,-1.6953711103240858,2.7762630769049768,2.342154947958381
-1.4025763061804486,-0.21851293383530423,1.6614429063753193,-2.1266722942308616,-0.7811128109469416,-0.06396425083794309,1.2509538617975342,-1.2919370701236608,1.4710941133460118,-0.5506824679947174,0.6269608945248725,1.7650590175907421,1.3649636698161298,0.6100333865801237,-0.1392496726920605,-1.4940345957238286,0.5168952040860022,-0.6554116703004584,1.7794165505097517,1.9224275265850124,0.13026094001056415,1.591187861457109,-0.2801626512660298,1.2742845546843606,-1.3627850272988509,0.6367698358732347,-1.1892634031197182,0.9458563061946225,0.4531439007967125,0.028673277770462934,0.6053966452780317,-0.8404852445514848,0.29951379689536606,0.8139307980008764,0.28725356656395046,0.08750034405649544,-0.21933781654654738,-1.054536307787729,0.6354008214096822,-1.3103086572993627,-2.002420620860717,1.255097663718949,-1.632709632320007,-0.23853831684141108,-0.700393697621484,2.571101912925803,-1.0216692013169557,1.46369114867354,0.9655111279267575,-1.4166068035474615,-0.4720305092394554,1.5373786090638408,1.459631973172288,-0.34468093716497755,0.6978363239357342,0.23705902601210477
4.708692504705182,1.349924707817177,-5.373110797386944,6.431967264678788,2.8401921513885178,-1.3192235103667502,-2.2005264635887776,4.683964129833564,-4.2452966178685765,1.945483736396081,-2.212174807090617,-4.538190484109878,-4.431897617701324,-2.6107451058907722,-0.40470860616460524,4.563867110540187,-1.9020757544702,1.214560091025835,-5.08425933534886,-5.57133291844907,-0.3994894110780263,-2.823708274949072,1.3113231873570848,-3.5250839672249015,5.376031634214093,-2.2757283820832526,3.9052674541798504,-3.099754283263424,-0.23916595808826843,0.40096677480349363,-2.857745697492841,1.8018373961445158,-1.2674242836050944,-0.7626870319574737,-2.093404965852595,-0.21933781654654738,2.189542866691586,3.5510110784127904,-1.5157322931023676,4.130077222845194,5.962273681179912,-2.8757719030911897,4.7500622925985745,0.5633173349629685,1.257419518333143,-7.886714791799154,3.8242020942894754,-4.763686347915356,-2.7001763664235088,4.196851288985298,2.122756925723052,-4.167382783903794,-4.2625601361925325,1.0914577532177643,-2.0848333967992874,-1.8128388268916273
