V1,V2,V3,V4,V5,V6,V7,V8,V9,V10,V11,V12,V13,V14,V15,V16,V17,V18,V19,V20,V21,V22,V23,V24,V25,V26,V27,V28,V29,V30,V31,V32,V33,V34,V35,V36,V37,V38,V39,V40,V41,V42,V43,V44,V45,V46,V47,V48,V49,V50,V51,V52,V53,V54,V55,V56
29809.620276517726,-9032.10731457029,-23461.351729329537,-56377.13055785352,-111785.06858677237,10909.55641479097,-3408.9514174307183,932.3026947127781,-25634.523053232795,-33010.9505780629,44138.81577716021,17803.937985943834,45853.8332629186,-76493.71622989685,54381.16375510793,-4489.831512515219,34369.67218462167,20639.352848988303,-2732.925435641981,-11631.800017910005,-43255.11466473753,6515.2819240129165,18200.922748281006,-10340.398342209324,-9621.295938812793,-53026.808101615236,28161.293275103137,58336.800922120565,25662.63368280886,38752.82193950362,52647.851976330145,-30759.97729299868,-3082.7186714453683,-5407.045646271552,21552.153873862033,31592.688412583993,47953.245486714164,-17735.550549076117,-37850.54490092939,23023.077900001786,-34213.95771958457,4000.1908568799313,40101.90061536814,-10691.345737675205,-42726.022482862114,-80594.10340010168,-10589.16609206728,-53164.26248267192,-27354.81556253071,-54953.715946582895,3420.740475967231,-53147.161201412135,22700.37291564141,77946.374728987,-23561.72210562036,8050.738948692127
-9032.10731457029,2736.791956529114,7108.280140261066,17081.63152684024,33869.40254290763,-3305.572200768506,1033.2126915230335,-282.6553509931265,7767.16118986135,10001.934249335856,-13373.475075361474,-5394.476836920848,-13893.126581545848,23176.673846372283,-16476.8962130889,1360.4061616424524,-10413.859744090722,-6253.535700423115,828.1959913120916,3524.5821936552643,13105.652211358445,-1974.1189537038429,-5514.986633386114,3133.069773259638,2915.0712404346364,16066.407166640613,-8532.504724996705,-17675.64050266016,-7775.4708625889225,-11741.465384778678,-15951.353010953588,9319.8037917514,933.9222869081673,1638.384909958637,-6529.892116177002,-9572.269292282306,-14529.036612305614,5373.313277130467,11468.075203911612,-6975.6113024391925,10366.546160343696,-1212.247997238806,-12150.587762321138,3239.434913131687,12945.49973121645,24418.93345078269,3208.370909518074,16108.01987299627,8288.099729820027,16650.488821034724,-1036.3541994364161,16103.078265008626,-6877.949662195984,-23616.701154934242,7138.832794013298,-2439.2341135428146
-23461.351729329537,7108.280140261066,18466.01296906781,44372.01021983438,87981.82590196322,-8586.237958240095,2682.309391527618,-733.2639542123503,20175.22610642927,25981.470611908026,-34739.97082117929,-14012.33543091987,-36089.77632094726,60204.96246152886,-42800.888844124675,3533.6917510182243,-27050.208246777656,-16244.095614943673,2150.695195413271,9154.266278093774,34044.54326276442,-5127.860703653724,-14324.363648164139,8138.310654115459,7572.726588893192,41735.35041812623,-22164.55221003753,-45913.60528291592,-20197.89133519433,-30501.061369441853,-41437.66156613061,24210.180420035907,2426.6061508694484,4255.474558136152,-16963.213702060726,-24865.228706142265,-37742.655127435166,13959.866592824063,29791.01049570287,-18120.775400096816,26928.178129690725,-3147.8274991681415,-31562.11940815857,8414.481190554474,33627.60755650875,63432.38892799966,8334.420878829436,41843.63672796366,21529.949469000756,43251.250735243746,-2692.563568724581,41829.5288690096,-17866.431039671897,-61348.412729547315,18544.703895911913,-6336.433452846154
-56377.13055785352,17081.63152684024,44372.01021983438,106625.09777019946,211417.93928596005,-20633.35398588207,6448.0126564879,-1762.7584503730304,48481.28130486188,62432.72413647284,-83478.99084014358,-33671.15501715591,-86722.85098543744,144670.73400890658,-102849.288764748,8491.765127299477,-65002.16604649383,-39033.95033363362,5169.394373425838,21999.455622000332,81807.1357816887,-12323.02921949861,-34422.92712324466,19556.234587793417,18196.866111878797,100288.38938095579,-53260.26332953847,-110330.34746762305,-48534.62600911855,-73291.83368084638,-99571.6423552497,58176.031660767534,5830.769226544718,10226.898538059844,-40761.45289324449,-59751.327287194275,-90693.82350355209,33543.60128455993,71585.81829049796,-43543.20771882306,64708.98583134457,-7565.702194089355,-75844.39241681712,20220.209201954443,80805.62637411828,152425.15018146465,20027.658698188952,100548.47056926238,51735.08945097727,103932.2562350983,-6469.73862280622,100515.72865552064,-42932.37023015611,-147417.1172722714,44562.139222608675,-15225.717931155716
-111785.06858677237,33869.40254290763,87981.82590196322,211417.93928596005,419203.2672095427,-40912.07497169088,12784.937748294105,-3494.910812909168,96129.06390753033,123792.55532990862,-165523.5826174085,-66763.37980786049,-171955.5873129146,286855.41143578885,-203931.01951323485,16837.605744702305,-128886.92164524348,-77396.91059128055,10249.892783485187,43620.60652325609,162208.59467943743,-24434.37056653319,-68253.90972567491,38776.28400187083,36081.178394010145,198853.50471006797,-105605.22418975765,-218764.26442554523,-96235.12517113995,-145324.33047697713,-197432.61695497157,115352.55459226597,11561.567020523331,20278.042779521737,-80822.7103624421,-118475.94736103342,-179829.60293976445,66511.3590645907,141941.71650687058,-86338.3257628866,128306.01427481072,-15001.142403233871,-150385.33133604866,40092.82826636876,160222.42692468868,302231.0174481071,39711.300451959745,199369.26148506356,102581.17105033011,206078.22290714376,-12828.445362447555,199303.96767184685,-85126.91099476317,-292300.9312304364,88358.69690978594,-30189.759082421726
10909.55641479097,-3305.572200768506,-8586.237958240095,-20633.35398588207,-40912.07497169088,3993.0367357632376,-1248.4028604788127,341.22395752358466,-9381.79939574551,-12081.459282125921,16154.170015623486,6515.633163310296,16781.997300661576,-27995.48192993177,19902.49014608212,-1643.377226231094,12578.92939217868,7553.412593978621,-1000.7111521471636,-4257.657664916257,-15830.417986280605,2384.951316990683,6661.655379803916,-3784.35341814176,-3521.309011383005,-19406.894435792736,10306.315923967735,21350.433914732203,9391.896675948448,14182.487920076454,19267.879803109154,-11257.725702170377,-1128.3150793065347,-1979.3507392203633,7887.7189295180015,11562.880091724237,17550.288051180185,-6490.827815173666,-13852.453091916926,8426.040477176337,-12522.357417433754,1464.4256214857658,14677.196065137132,-3912.939087991241,-15636.601510821034,-29495.770856239138,-3875.7233973158345,-19457.20956245543,-10011.134764355462,-20112.237664743785,1251.900324346334,-19451.081576752273,8307.853719336268,28526.541972475894,-8623.293604041748,2946.183078710105
-3408.9514174307183,1033.2126915230335,2682.309391527618,6448.0126564879,12784.937748294105,-1248.4028604788127,391.8529228512273,-106.98226222583547,2932.0324848518935,3775.276247992066,-5047.940243487383,-2035.758062031409,-5244.393269880846,8748.190710724757,-6219.141292799531,513.8502903152639,-3931.4776199950866,-2360.071609668991,313.7044075786746,1331.8463116339349,4946.170679186968,-746.0430495424198,-2082.859735178356,1182.5537942252363,1100.3300772863706,6064.130495038052,-3220.144114076368,-6672.38091909938,-2934.52548986686,-4430.897103343997,-6019.799564800153,3517.7813077293604,352.5158878590811,619.3809339802228,-2464.484755402018,-3614.0072351577523,-5484.037803473916,2027.5075211058127,4328.006883345706,-2632.7684998073555,3914.141077625435,-458.64997266532913,-4587.537998170684,1223.0096678718164,4885.639545784207,9216.255833925843,1211.4393081474593,6079.798713141468,3127.7771907992105,6285.189705462433,-390.9853329607713,6078.518657919479,-2595.932803816993,-8913.091638910413,2694.608231038878,-920.1932591153737
932.3026947127781,-282.6553509931265,-733.2639542123503,-1762.7584503730304,-3494.910812909168,341.22395752358466,-106.98226222583547,29.40517159504481,-801.813056909052,-1032.167499874302,1379.9907611669357,556.8508688861201,1433.625576092759,-2391.708529390786,1700.4239780639411,-140.42151365099394,1074.9830979601502,645.4440166110708,-85.60671289941014,-364.0269540744161,-1352.2982818194405,203.75203419231687,569.5023376071338,-323.39623507926905,-300.72446867050616,-1657.8738089917574,880.5044987032552,1824.4104098129926,802.4169053884862,1211.4786891182048,1645.7288090536113,-961.6152268505468,-96.22644689866179,-169.17044095653196,673.6520266854361,987.8380519590565,1499.0072391300926,-554.0498376390507,-1183.2295468053492,719.7125725819268,-1069.87164917874,125.36385481518566,1254.0704570977014,-334.3975870636616,-1335.9999578965287,-2519.8054338046177,-331.03102895281063,-1662.1222833508402,-855.21693691997,-1718.468166552836,106.83247575801693,-1661.9139666777442,709.796030609495,2437.0412804641146,-736.5665338615779,251.6901665384493
-25634.523053232795,7767.16118986135,20175.22610642927,48481.28130486188,96129.06390753033,-9381.79939574551,2932.0324848518935,-801.813056909052,22044.32821886075,28387.55566771025,-37956.90596275238,-15310.268134496471,-39431.81102522055,65780.29297741877,-46764.69440834328,3861.1032355832563,-29556.18529745653,-17748.58136308184,2350.470240619343,10003.109108728777,37196.783393334124,-5603.027467170851,-15652.109613551727,8892.149297726479,8273.776079521911,45600.00269292579,-24216.98576717465,-50166.5387339657,-22068.316198053853,-33324.964709584645,-45273.865863565356,26451.83576226881,2650.9631000900245,4650.025623522044,-18533.56247864221,-27168.183608715877,-41237.07575973849,15251.377246580918,32549.141781420247,-19798.486789940238,29422.42134188184,-3440.2454069818727,-34485.72127916873,9194.031594428505,36741.773876152496,69306.1596158131,9106.203723422765,45718.19322926169,23523.42804253949,47257.20634593068,-2941.589075117713,45703.656690988646,-19520.989809049024,-67029.16308945359,20261.7558420416,-6923.038668231469
-33010.9505780629,10001.934249335856,25981.470611908026,62432.72413647284,123792.55532990862,-12081.459282125921,3775.276247992066,-1032.167499874302,28387.55566771025,36556.60401095455,-48879.90327440633,-19715.7960572991,-50779.24178158431,84709.88712533454,-60221.997455716,4972.172856337347,-38061.049813972,-22855.879164652306,3026.6872067118043,12881.26391295134,47901.09319329304,-7215.404479534994,-20155.729926927233,11450.906284581042,10654.884232898692,58722.45935828144,-31185.887035635893,-64602.354942085614,-28418.843305894687,-42915.13528009541,-58302.87999565905,34064.11402154453,3414.081972528878,5988.0520201612,-23867.284430053274,-34986.36929344573,-53104.39464027139,19640.985426166477,41916.1325411368,-25496.109948713955,37889.21080534728,-4429.852583800866,-44409.41645172702,11839.633700381744,47314.75474546228,89250.51169246192,11726.812057948036,58874.73892096086,30292.848410352406,60856.04748990456,-3788.2703478377903,58855.53993940752,-25138.4853862478,-86318.20730254555,26092.68910292101,-8915.296173298071
44138.81577716021,-13373.475075361474,-34739.97082117929,-83478.99084014358,-165523.5826174085,16154.170015623486,-5047.940243487383,1379.9907611669357,-37956.90596275238,-48879.90327440633,65357.49759367072,26361.861949935632,67897.14262828152,-113265.79454372548,80522.88639677293,-6648.328723914047,50891.38804907428,30560.52000600196,-4047.04572196035,-17223.56006338356,-64048.67042637856,9647.83800816779,26950.17226898934,-15310.9717766804,-14246.740406303592,-78517.97190829896,41698.6577100434,86379.78221479387,37998.829253317665,57381.91562307249,77957.01551347313,-45547.299982715405,-4565.079984178409,-8006.704639458876,31913.103363634127,46780.46209879047,71006.22474237334,-26262.22447462671,-56046.214222014074,34090.97263307472,-50661.85579736633,5923.130172801614,59379.97310602641,-15830.766301591457,-63264.505030490254,-119337.02611055165,-15680.045073370135,-78721.61381057964,-40504.60249468948,-81370.65867605506,5065.356304690169,-78695.81189972279,33612.68147358147,115416.1687068218,-34888.68324909685,11920.61048976458
17803.937985943834,-5394.476836920848,-14012.33543091987,-33671.15501715591,-66763.37980786049,6515.633163310296,-2035.758062031409,556.8508688861201,-15310.268134496471,-19715.7960572991,26361.861949935632,10633.553105597532,27386.097514186386,-45685.85642823389,32479.212935114534,-2681.4912780419963,20527.26600730822,12326.968839169796,-1632.0726145521646,-6946.9136242817585,-25834.186571439128,3891.081985625697,10870.405100594277,-6175.8424572987915,-5746.277729112143,-31670.263593326315,16819.428289088326,34841.671057600346,15327.09097166843,23145.24928863185,31444.008581566868,-18371.345833270763,-1841.0941696773466,-3229.200500281829,12871.996375854796,18868.55962588127,28639.955283288706,-10592.51893208607,-22606.287690173936,13750.521936492903,-20434.072020801137,2388.9977037327785,23950.682279229088,-6385.39116726551,-25518.292421428956,-48134.943993198845,-6324.27009370476,-31752.349615958112,-16337.75583174149,-32821.113195370344,2043.030479274515,-31742.133711044207,13557.843694350906,46553.66987859841,-14072.18469338864,4808.3960573420045
45853.8332629186,-13893.126581545848,-36089.77632094726,-86722.85098543744,-171955.5873129146,16781.997300661576,-5244.393269880846,1433.625576092759,-39431.81102522055,-50779.24178158431,67897.14262828152,27386.097514186386,70535.5329178478,-117667.00928689593,83651.74372995296,-6906.72963449385,52868.97165508329,31747.92774505649,-4204.496013205909,-17893.05788226363,-66537.33256689704,10022.90177925716,27997.550319374048,-15905.891782228506,-14800.353976828712,-81568.94628460177,43318.85811875739,89736.3217261468,39475.28292302063,59611.46280487782,80986.0646966483,-47317.1684911561,-4742.497073251774,-8317.998635810962,33153.14962939361,48598.402646943534,73765.39499602068,-27282.656556921338,-58223.926675853625,35415.639879553615,-52630.67067005781,6153.452712137062,61687.53058601185,-16445.941387951076,-65722.63476408806,-123974.00468932018,-16289.425998076673,-81780.50177871413,-42078.39512808655,-84532.53800963267,5262.166279086754,-81753.75693193138,34918.73836265474,119900.71780173894,-36244.3929635636,12383.716449527497
-76493.71622989685,23176.673846372283,60204.96246152886,144670.73400890658,286855.41143578885,-27995.48192993177,8748.190710724757,-2391.708529390786,65780.29297741877,84709.88712533454,-113265.79454372548,-45685.85642823389,-117667.00928689593,196291.92172873495,-139547.90880269726,11521.660914374599,-88195.98022336638,-52962.15934571038,7013.554932036994,29848.80500374926,110997.63524452779,-16719.780312760675,-46705.335131222826,26534.30037398794,24689.803787122288,136073.19839641658,-72264.69967946853,-149698.14722019524,-65852.83060864639,-99444.03391321035,-135100.96167025762,78934.28098447464,7911.247546107679,13875.708108153282,-55305.92913135431,-81071.37091478783,-123054.96537451845,45512.692579663824,97129.15492073772,-59080.269066171306,87797.91074178525,-10264.959627084603,-102906.66699880883,27435.088033251814,109638.87200115387,206813.5412924187,27173.72028329401,136426.07898934887,70195.34014969632,141017.14271672597,-8778.299405978649,136381.53045884415,-58251.516380424924,-200018.69260464434,60462.68871580237,-20658.72209015905
54381.16375510793,-16476.8962130889,-42800.888844124675,-102849.288764748,-203931.01951323485,19902.49014608212,-6219.141292799531,1700.4239780639411,-46764.69440834328,-60221.997455716,80522.88639677293,32479.212935114534,83651.74372995296,-139547.90880269726,99207.54553320014,-8190.933255077735,62700.404992868396,37652.03213469514,-4985.954134018767,-21220.03996526887,-78910.50662140897,11886.269036766182,33203.801832204794,-18863.839714777492,-17552.410233535087,-96737.18026891364,51374.54276456006,106423.60116492282,46816.212838290776,70696.85982003828,96045.98728214386,-56115.8901059535,-5624.158886143985,-9864.393964688123,39318.02005744295,57635.12103096522,87482.05606071708,-32355.71530513463,-69051.07511084214,42001.31160855303,-62417.13642613538,7297.537625323969,73158.32560985892,-19504.182128881803,-77944.7162505353,-147028.0444929977,-19318.222328828353,-96988.024897395,-49903.36887518616,-100252.03880750432,6240.629047982066,-96956.45150500048,41412.24573567568,142197.5385988203,-42984.06220021123,14686.792248918158
-4489.831512515219,1360.4061616424524,3533.6917510182243,8491.765127299477,16837.605744702305,-1643.377226231094,513.8502903152639,-140.42151365099394,3861.1032355832563,4972.172856337347,-6648.328723914047,-2681.4912780419963,-6906.72963449385,11521.660914374599,-8190.933255077735,676.3562981506655,-5176.914530709641,-3108.6038261479553,411.8924817871767,1752.3050401357411,6515.055424195962,-981.5841686180407,-2741.6568881276385,1557.454202064565,1449.221200866992,7986.987366849786,-4241.5796950278855,-8786.852006276811,-3865.250347126444,-5836.826265311129,-7929.755708573099,4633.1781558806415,464.38020113904514,814.6539825662019,-3246.2319206917396,-4758.799190914794,-7222.928971527327,2671.341125199932,5701.021877877614,-3467.7752845721852,5153.687263467607,-602.7213659735871,-6040.509337372848,1610.390025338461,6435.257589552426,12139.073690964673,1595.101061602341,8007.696831025707,4120.098551046181,8277.271341139784,-515.2275277540383,8005.174839871544,-3419.118502946089,-11740.160224786256,3548.967649301607,-1212.487639495686
34369.67218462167,-10413.859744090722,-27050.208246777656,-65002.16604649383,-128886.92164524348,12578.92939217868,-3931.4776199950866,1074.9830979601502,-29556.18529745653,-38061.049813972,50891.38804907428,20527.26600730822,52868.97165508329,-88195.98022336638,62700.404992868396,-5176.914530709641,39627.92596082205,23796.52121014759,-3151.6566925152792,-13412.0586360929,-49872.07996232879,7512.583659531105,20985.9193563321,-11922.23033248127,-11093.261138968894,-61138.92115922089,32469.1703836463,67261.52699181074,29588.32164275162,44680.80479779197,60701.555332678705,-35465.79508628241,-3554.41065824989,-6234.809998862053,24849.214594380268,36426.41165020182,55289.44694253021,-20448.606199909278,-43640.71534897983,26545.15548646687,-39448.868406052694,4612.7074347958915,46237.51038882301,-12327.055295894203,-49261.85779372527,-92923.16570735147,-12209.439440371638,-61297.404306246484,-31539.278264723638,-63360.81735864581,3943.995423825807,-61277.89768377402,26173.006260666032,89870.1311428484,-27166.35000068487,9282.045302105193
20639.352848988303,-6253.535700423115,-16244.095614943673,-39033.95033363362,-77396.91059128055,7553.412593978621,-2360.071609668991,645.4440166110708,-17748.58136308184,-22855.879164652306,30560.52000600196,12326.968839169796,31747.92774505649,-52962.15934571038,37652.03213469514,-3108.6038261479553,23796.52121014759,14290.137180753123,-1892.1000205111723,-8053.3850319343255,-29948.72850229046,4510.930775952631,12601.67503340364,-7159.4019849895,-6661.535972774667,-36714.34572267234,19498.149168272026,40390.70808579532,17768.130657632068,26831.497774744155,36452.075000428034,-21297.39234435941,-2134.412514367078,-3743.6040031498496,14922.172242110322,21873.843740549084,33201.567418864935,-12279.727786300478,-26206.767052321,15940.586639084517,-23688.704314015184,2769.50272036065,27765.34064474731,-7402.3602411998945,-29582.37211369852,-55801.23351663287,-7331.626126160114,-36809.52595965499,-18939.783824034086,-38048.39230432934,2368.458255196138,-36797.595821957984,15717.128663777845,53968.04301104158,-16313.510855286153,5574.154180572905
-2732.925435641981,828.1959913120916,2150.695195413271,5169.394373425838,10249.892783485187,-1000.7111521471636,313.7044075786746,-85.60671289941014,2350.470240619343,3026.6872067118043,-4047.04572196035,-1632.0726145521646,-4204.496013205909,7013.554932036994,-4985.954134018767,411.8924817871767,-3151.6566925152792,-1892.1000205111723,251.27351068876496,1067.3935974146486,3965.579274247058,-597.9684939829084,-1669.4922437165567,948.0371919597544,882.19774773048,4861.786609662836,-2581.7124285455366,-5349.069530720127,-2352.6918117717637,-3552.5497932665717,-4826.512454107174,2820.335269535142,282.69306703584164,496.37968590787995,-1975.9531570265767,-2897.2610262128424,-4396.800989684993,1625.8091525893142,3470.0363517438436,-2110.8301760014874,3137.800421585957,-367.416416780056,-3677.6251702324266,980.4132088088392,3916.9467356494856,7388.979645284324,971.1973778616061,4874.377568459254,2507.710073822029,5038.764121229441,-313.5441776651974,4873.112875242339,-2081.2113581360754,-7145.96787505157,2160.369479075878,-737.8192655036678
-11631.800017910005,3524.5821936552643,9154.266278093774,21999.455622000332,43620.60652325609,-4257.657664916257,1331.8463116339349,-364.0269540744161,10003.109108728777,12881.26391295134,-17223.56006338356,-6946.9136242817585,-17893.05788226363,29848.80500374926,-21220.03996526887,1752.3050401357411,-13412.0586360929,-8053.3850319343255,1067.3935974146486,4540.160190897072,16878.122166742494,-2543.153416427749,-7103.2496909637075,4034.9020713547725,3754.380228116125,20691.517938067765,-10988.430843414679,-22764.231292171226,-10013.533909295516,-15120.959112426837,-20542.86670066195,12002.91167167224,1202.9367880774955,2110.7538747414333,-8409.706623054797,-12328.66412857391,-18711.962220759513,6920.078547440452,14769.158431692482,-8983.710002124242,13351.803927958912,-1561.8617627049327,-15649.33783901853,4172.119626214679,16671.557467849798,31448.08644739654,4132.410923195379,20745.126920943356,10673.638126671885,21443.912813006027,-1334.6560683904452,20738.939821604985,-8857.788430237344,-30414.584655695584,9194.103650318402,-3141.0388282638573
-43255.11466473753,13105.652211358445,34044.54326276442,81807.1357816887,162208.59467943743,-15830.417986280605,4946.170679186968,-1352.2982818194405,37196.783393334124,47901.09319329304,-64048.67042637856,-25834.186571439128,-66537.33256689704,110997.63524452779,-78910.50662140897,6515.055424195962,-49872.07996232879,-29948.72850229046,3965.579274247058,16878.122166742494,62766.32507073902,-9454.269442447147,-26410.09720860327,15004.408339664631,13961.414096109627,76945.71748453542,-40863.84980853652,-84649.87303481986,-37238.06647455537,-56233.20818179615,-76396.30170429294,44635.189013295036,4473.623293562049,7845.991147967378,-31274.09838389109,-45843.31127918518,-69584.24983999798,25736.486125589,54924.11690947415,-33408.35411241844,49646.860475909525,-5804.137994434499,-58190.422770491416,15513.672137336793,61997.9580799582,116947.61349587316,15365.859758251969,77145.2847899658,39693.73655790363,79741.11744545096,-4963.972938162041,77119.83605965764,-32939.674397047565,-113105.42848690352,34189.9965066112,-11682.107370285346
6515.2819240129165,-1974.1189537038429,-5127.860703653724,-12323.02921949861,-24434.37056653319,2384.951316990683,-746.0430495424198,203.75203419231687,-5603.027467170851,-7215.404479534994,9647.83800816779,3891.081985625697,10022.90177925716,-16719.780312760675,11886.269036766182,-981.5841686180407,7512.583659531105,4510.930775952631,-597.9684939829084,-2543.153416427749,-9454.269442447147,1424.674921233918,3978.748149754099,-2260.0677967304946,-2103.100085750021,-11590.373693871052,6155.073469910258,12751.131801420735,5608.978125301407,8469.97175440799,11507.18840889319,-6723.535496495351,-673.9558953322403,-1182.42039316817,4710.81678820211,6906.0198060733255,10481.755961223631,-3876.5499388429484,-8272.997302807473,5032.295675778844,-7479.127719375347,874.8300694320961,8766.005529758171,-2336.962252124194,-9338.345632750079,-17615.554917084217,-2314.8893887679033,-11620.43736779613,-5978.780634860442,-12011.648758085159,747.6724998005527,-11616.806739841133,4961.621843320975,17036.55710233748,-5150.1783855461435,1759.3820121003703
18200.922748281006,-5514.986633386114,-14324.363648164139,-34422.92712324466,-68253.90972567491,6661.655379803916,-2082.859735178356,569.5023376071338,-15652.109613551727,-20155.729926927233,26950.17226898934,10870.405100594277,27997.550319374048,-46705.335131222826,33203.801832204794,-2741.6568881276385,20985.9193563321,12601.67503340364,-1669.4922437165567,-7103.2496909637075,-26410.09720860327,3978.748149754099,11114.018927047719,-6313.5961957276,-5874.539916536352,-32376.775633850066,17194.277362009794,35619.63932698774,15668.752937121335,23660.832771835754,32144.67987632527,-18781.289958530673,-1882.2099154914906,-3302.143071999889,13159.024981593751,19290.439551580097,29279.075997078922,-10828.33907766304,-23110.137389911506,14057.181698082348,-20891.18178931242,2443.2673646528533,24486.24288665117,-6528.107461534756,-26087.02999497527,-49208.308970787184,-6465.800764782578,-32460.664114675157,-16701.763786398715,-33553.798721613144,2088.4631033607666,-32450.71094250194,13860.197411386689,47591.40915393526,-14386.237303653053,4915.21924558579
-10340.398342209324,3133.069773259638,8138.310654115459,19556.234587793417,38776.28400187083,-3784.35341814176,1182.5537942252363,-323.39623507926905,8892.149297726479,11450.906284581042,-15310.9717766804,-6175.8424572987915,-15905.891782228506,26534.30037398794,-18863.839714777492,1557.454202064565,-11922.23033248127,-7159.4019849895,948.0371919597544,4034.9020713547725,15004.408339664631,-2260.0677967304946,-6313.5961957276,3586.894814571686,3337.463215477796,18394.047375598097,-9768.628860232733,-20235.99291382605,-8901.892603611215,-13442.632703794116,-18262.575587440486,10670.094271396993,1069.349068713306,1875.6396666319251,-7476.057358195633,-10958.971190682552,-16634.14101218922,6152.145716245292,13129.663102142897,-7986.293051027624,11868.25082748636,-1387.6202085796103,-13910.668376306696,3708.639255656385,14820.859430992463,27956.625349258575,3673.211813419099,18441.730693987392,9488.875092376922,19062.459682068904,-1186.5928820403276,18435.801149436676,-7874.343773855831,-27038.161707141782,8173.148054403775,-2792.6385268073327
-9621.295938812793,2915.0712404346364,7572.726588893192,18196.866111878797,36081.178394010145,-3521.309011383005,1100.3300772863706,-300.72446867050616,8273.776079521911,10654.884232898692,-14246.740406303592,-5746.277729112143,-14800.353976828712,24689.803787122288,-17552.410233535087,1449.221200866992,-11093.261138968894,-6661.535972774667,882.19774773048,3754.380228116125,13961.414096109627,-2103.100085750021,-5874.539916536352,3337.463215477796,3105.566958338583,17115.459891684626,-9089.482864866759,-18829.03053226723,-8282.98444752729,-12508.180442058498,-16993.239935220354,9928.513642935635,995.1706521852492,1745.3391660573322,-6956.524941711469,-10197.31128378434,-15478.1583618008,5724.8248771885765,12217.063168103217,-7431.232918798339,11043.374947699847,-1291.0888059608328,-12943.716125303366,3450.7787442194963,13790.3680965636,26013.199143604772,3418.011554684299,17159.869556637666,8829.22293011988,17737.18783609226,-1104.1898007490718,17154.148407612425,-7326.901440068696,-25158.48957214935,7605.131990643472,-2598.4402566312115
-53026.808101615236,16066.407166640613,41735.35041812623,100288.38938095579,198853.50471006797,-19406.894435792736,6064.130495038052,-1657.8738089917574,45600.00269292579,58722.45935828144,-78517.97190829896,-31670.263593326315,-81568.94628460177,136073.19839641658,-96737.18026891364,7986.987366849786,-61138.92115922089,-36714.34572267234,4861.786609662836,20691.517938067765,76945.71748453542,-11590.373693871052,-32376.775633850066,18394.047375598097,17115.459891684626,94328.51537870755,-50095.27383046936,-103773.35613543811,-45650.42590641641,-68936.59112999894,-93654.70838385554,54718.75648624548,5484.272622647918,9618.784144550978,-38339.18285238923,-56200.090906451645,-85304.08953866496,31550.44744041198,67331.86037212705,-40955.60039429406,60863.00236915874,-7115.681164291243,-71336.64161963976,19018.45401916045,76003.73044253254,143367.08388393122,18837.30926768511,94573.1571329334,48660.786927375695,97755.59254150896,-6085.333934010965,94542.1261647007,-40381.038463410725,-138656.79251266044,41913.89667804,-14321.061288881141
28161.293275103137,-8532.504724996705,-22164.55221003753,-53260.26332953847,-105605.22418975765,10306.315923967735,-3220.144114076368,880.5044987032552,-24216.98576717465,-31185.887035635893,41698.6577100434,16819.428289088326,43318.85811875739,-72264.69967946853,51374.54276456006,-4241.5796950278855,32469.1703836463,19498.149168272026,-2581.7124285455366,-10988.430843414679,-40863.84980853652,6155.073469910258,17194.277362009794,-9768.628860232733,-9089.482864866759,-50095.27383046936,26604.36137717538,55111.19735517848,24243.806578448755,36610.506643078894,49737.5442171981,-29059.54160132082,-2912.454889509375,-5108.035779261952,20360.838395630366,29846.057495567075,45302.46039544886,-16755.505714694387,-35758.16414784886,21750.370845305784,-32322.341669279624,3778.7734498269665,37884.6581951724,-10100.156954080076,-40363.74838223922,-76138.47445978851,-10003.811770886316,-50225.18056636817,-25842.53999944372,-51915.312460324,3231.742120573002,-50208.704248211114,21445.32509002743,73637.08998648754,-22259.23087031879,7605.658510212448
58336.800922120565,-17675.64050266016,-45913.60528291592,-110330.34746762305,-218764.26442554523,21350.433914732203,-6672.38091909938,1824.4104098129926,-50166.5387339657,-64602.354942085614,86379.78221479387,34841.671057600346,89736.3217261468,-149698.14722019524,106423.60116492282,-8786.852006276811,67261.52699181074,40390.70808579532,-5349.069530720127,-22764.231292171226,-84649.87303481986,12751.131801420735,35619.63932698774,-20235.99291382605,-18829.03053226723,-103773.35613543811,55111.19735517848,114165.01496198382,50221.38115141002,75838.64961081861,103031.37030534269,-60197.429772395364,-6033.104515628681,-10582.271220373625,42177.61783912769,61827.59459805721,93844.90348637196,-34708.54608234753,-74073.21249454601,45056.15517669896,-66957.59774326102,7828.900120318609,78480.15196850996,-20923.023781685977,-83614.02142618675,-157722.02624119172,-20723.436791827888,-104042.39241805603,-53532.9208734212,-107544.34212104764,6694.390015377953,-104008.97328662097,44424.40003317635,152540.0814538397,-46110.46641496006,15754.884176022317
25662.63368280886,-7775.4708625889225,-20197.89133519433,-48534.62600911855,-96235.12517113995,9391.896675948448,-2934.52548986686,802.4169053884862,-22068.316198053853,-28418.843305894687,37998.829253317665,15327.09097166843,39475.28292302063,-65852.83060864639,46816.212838290776,-3865.250347126444,29588.32164275162,17768.130657632068,-2352.6918117717637,-10013.533909295516,-37238.06647455537,5608.978125301407,15668.752937121335,-8901.892603611215,-8282.98444752729,-45650.42590641641,24243.806578448755,50221.38115141002,22092.707631837413,33362.09593954166,45324.37706238959,-26481.142568959465,-2654.0219428794426,-4654.852170952798,18554.238839758003,27197.918758408992,41282.84493643281,-15268.755938940949,-32585.384542764048,19820.49108374642,-29454.506034989012,3443.556361854849,34523.30483743132,-9204.014793580182,-36782.36478951969,-69382.85924983486,-9116.203575961476,-45768.799499535664,-23549.568660216653,-47309.03232499702,2944.978747585296,-45753.8389203142,19542.532685809078,67103.40999467616,-20284.20964720113,6930.809314381098
38752.82193950362,-11741.465384778678,-30501.061369441853,-73291.83368084638,-145324.33047697713,14182.487920076454,-4430.897103343997,1211.4786891182048,-33324.964709584645,-42915.13528009541,57381.91562307249,23145.24928863185,59611.46280487782,-99444.03391321035,70696.85982003828,-5836.826265311129,44680.80479779197,26831.497774744155,-3552.5497932665717,-15120.959112426837,-56233.20818179615,8469.97175440799,23660.832771835754,-13442.632703794116,-12508.180442058498,-68936.59112999894,36610.506643078894,75838.64961081861,33362.09593954166,50380.19944459168,68444.56871201348,-39989.17382987202,-4007.96303531163,-7029.083923973039,28018.874110049506,41071.327525223205,62341.312717165376,-23057.75433968201,-49207.29412421471,29930.970309963344,-44478.893532333306,5199.743915008123,52133.17151488423,-13898.814844570057,-55544.84933532028,-104774.88459322766,-13766.343829996862,-69115.39364724663,-35562.21318559471,-71440.89192853803,4447.320801932371,-69092.46445521203,29511.074023727102,101332.7139099639,-30631.196833106074,10466.254722898078
52647.851976330145,-15951.353010953588,-41437.66156613061,-99571.6423552497,-197432.61695497157,19267.879803109154,-6019.799564800153,1645.7288090536113,-45273.865863565356,-58302.87999565905,77957.01551347313,31444.008581566868,80986.0646966483,-135100.96167025762,96045.98728214386,-7929.755708573099,60701.555332678705,36452.075000428034,-4826.512454107174,-20542.86670066195,-76396.30170429294,11507.18840889319,32144.67987632527,-18262.575587440486,-16993.239935220354,-93654.70838385554,49737.5442171981,103031.37030534269,45324.37706238959,68444.56871201348,92986.28471192658,-54327.91872388497,-5445.20625463904,-9549.60970959719,38065.510739845224,55798.1752001371,84694.85929819904,-31325.640657122476,-66851.21632402195,40663.165381786646,-60427.58946265566,7064.210978307176,70826.319549668,-18882.383682978423,-75460.89096039897,-142343.1301478634,-18702.600733239095,-93897.65505157794,-48313.403628731336,-97056.81779528309,6042.01918503195,-93866.3785888154,40092.57016278922,137666.61463933755,-41614.51729733011,14218.954882269702
-30759.97729299868,9319.8037917514,24210.180420035907,58176.031660767534,115352.55459226597,-11257.725702170377,3517.7813077293604,-961.6152268505468,26451.83576226881,34064.11402154453,-45547.299982715405,-18371.345833270763,-47317.1684911561,78934.28098447464,-56115.8901059535,4633.1781558806415,-35465.79508628241,-21297.39234435941,2820.335269535142,12002.91167167224,44635.189013295036,-6723.535496495351,-18781.289958530673,10670.094271396993,9928.513642935635,54718.75648624548,-29059.54160132082,-60197.429772395364,-26481.142568959465,-39989.17382987202,-54327.91872388497,31741.711205226526,3181.442040174982,5579.813556806815,-22240.134470675363,-32601.048459946047,-49483.96258280081,18302.163963512317,39058.35619777912,-23757.85384439809,35305.94927268886,-4127.713434016703,-41381.51604509077,11032.332041021273,44088.609349282524,83165.30487956657,10927.369787724596,54860.69322740612,28227.435877489082,56706.65715159848,-3530.0606950027704,54842.598071175285,-23424.466589923715,-80432.86253794731,24313.776071405984,-8307.4006619814
-3082.7186714453683,933.9222869081673,2426.6061508694484,5830.769226544718,11561.567020523331,-1128.3150793065347,352.5158878590811,-96.22644689866179,2650.9631000900245,3414.081972528878,-4565.079984178409,-1841.0941696773466,-4742.497073251774,7911.247546107679,-5624.158886143985,464.38020113904514,-3554.41065824989,-2134.412514367078,282.69306703584164,1202.9367880774955,4473.623293562049,-673.9558953322403,-1882.2099154914906,1069.349068713306,995.1706521852492,5484.272622647918,-2912.454889509375,-6033.104515628681,-2654.0219428794426,-4007.96303531163,-5445.20625463904,3181.442040174982,318.98177664937157,559.282122178383,-2229.1587007551234,-3267.549737074954,-4959.809557631913,1834.6190426481178,3914.737818349447,-2381.2269583550474,3538.6368079928047,-413.6248865113318,-4147.488861866227,1105.6726973139723,4418.649499563259,8335.279322581579,1095.3002518129158,5498.530096404645,2829.0952490451723,5683.330246847522,-353.8697863944935,5496.5484784878545,-2347.6880167950367,-8061.357255472317,2436.96522725188,-832.5724092949448
-5407.045646271552,1638.384909958637,4255.474558136152,10226.898538059844,20278.042779521737,-1979.3507392203633,619.3809339802228,-169.17044095653196,4650.025623522044,5988.0520201612,-8006.704639458876,-3229.200500281829,-8317.998635810962,13875.708108153282,-9864.393964688123,814.6539825662019,-6234.809998862053,-3743.6040031498496,496.37968590787995,2110.7538747414333,7845.991147967378,-1182.42039316817,-3302.143071999889,1875.6396666319251,1745.3391660573322,9618.784144550978,-5108.035779261952,-10582.271220373625,-4654.852170952798,-7029.083923973039,-9549.60970959719,5579.813556806815,559.282122178383,981.3945790512389,-3909.429524763029,-5731.375180251603,-8698.714440203126,3216.9829122195756,6865.634308544609,-4176.241400650342,6207.040418858202,-726.1727765956281,-7275.037871395252,1939.4855425057349,7749.829124525525,14619.014607361127,1921.1460936417527,9643.719922515626,4961.7064987035255,9968.520843403221,-620.4501418592389,9640.8256075579975,-4117.628274370841,-14138.479953349059,4274.095754369008,-1460.056187650336
21552.153873862033,-6529.892116177002,-16963.213702060726,-40761.45289324449,-80822.7103624421,7887.7189295180015,-2464.484755402018,673.6520266854361,-18533.56247864221,-23867.284430053274,31913.103363634127,12871.996375854796,33153.14962939361,-55305.92913135431,39318.02005744295,-3246.2319206917396,24849.214594380268,14922.172242110322,-1975.9531570265767,-8409.706623054797,-31274.09838389109,4710.81678820211,13159.024981593751,-7476.057358195633,-6956.524941711469,-38339.18285238923,20360.838395630366,42177.61783912769,18554.238839758003,28018.874110049506,38065.510739845224,-22240.134470675363,-2229.1587007551234,-3909.429524763029,15582.821796344066,22842.10281167302,34671.44928264568,-12823.776016247533,-27366.679203936925,16646.194895150908,-24737.26287750734,2891.9330358707825,28994.119038730478,-7729.832262377378,-30891.05241976635,-58270.52953183977,-7656.3370363955455,-38438.65059209029,-19777.851099511932,-39731.85707593874,2473.4224296154143,-38425.81615386274,16412.542170306024,56356.0406050142,-17035.68465724884,5820.695097557865
31592.688412583993,-9572.269292282306,-24865.228706142265,-59751.327287194275,-118475.94736103342,11562.880091724237,-3614.0072351577523,987.8380519590565,-27168.183608715877,-34986.36929344573,46780.46209879047,18868.55962588127,48598.402646943534,-81071.37091478783,57635.12103096522,-4758.799190914794,36426.41165020182,21873.843740549084,-2897.2610262128424,-12328.66412857391,-45843.31127918518,6906.0198060733255,19290.439551580097,-10958.971190682552,-10197.31128378434,-56200.090906451645,29846.057495567075,61827.59459805721,27197.918758408992,41071.327525223205,55798.1752001371,-32601.048459946047,-3267.549737074954,-5731.375180251603,22842.10281167302,33484.14402099876,50823.62605813446,-18797.261291685376,-40115.45027436,24400.94589133864,-36262.453540235954,4240.049956400618,42502.52696245254,-11331.174651006868,-45281.93551131937,-85416.51726828067,-11223.416126254337,-56345.84179713319,-28991.35428642873,-58242.16573734403,3625.517623557808,-56327.603260324955,24058.576229124665,82609.92377064614,-24972.03527429647,8532.060526145553
47953.245486714164,-14529.036612305614,-37742.655127435166,-90693.82350355209,-179829.60293976445,17550.288051180185,-5484.037803473916,1499.0072391300926,-41237.07575973849,-53104.39464027139,71006.22474237334,28639.955283288706,73765.39499602068,-123054.96537451845,87482.05606071708,-7222.928971527327,55289.44694253021,33201.567418864935,-4396.800989684993,-18711.962220759513,-69584.24983999798,10481.755961223631,29279.075997078922,-16634.14101218922,-15478.1583618008,-85304.08953866496,45302.46039544886,93844.90348637196,41282.84493643281,62341.312717165376,84694.85929819904,-49483.96258280081,-4959.809557631913,-8698.714440203126,34671.44928264568,50823.62605813446,77143.42817340762,-28532.434082403663,-60890.26069862936,37037.47054183381,-55040.43759428888,6434.870905081116,64511.913611917305,-17198.8717500865,-68732.01605461075,-129650.9130513298,-17035.3467721314,-85525.38368709043,-44005.27245456997,-88403.01221670487,5503.2505394309,-85497.06082331241,36517.64561986906,125391.11134904703,-37904.145257410484,12950.825191271704
