V1,V2,V3,V4,V5,V6,V7,V8,V9,V10,V11,V12,V13,V14,V15,V16,V17,V18,V19,V20,V21,V22,V23,V24,V25,V26,V27,V28,V29,V30,V31,V32,V33,V34,V35,V36,V37,V38,V39,V40,V41,V42,V43,V44,V45,V46,V47,V48,V49,V50,V51,V52,V53,V54,V55,V56
9.599301655346029,25.764490724812934,-2.625830283507114,-1.129190431260711,-8.763870343128229,-21.184395193808694,10.821018144583563,16.873089927773194,15.537471890588712,-13.015114057198172,26.747083877913443,23.227015642614553,-2.4046760486712913,22.56219774974467,2.3405294306126043,-6.0254760132862035,3.698680878839032,-9.854374025210305,23.173284788754426,-1.8898640817589096,-11.807041025856908,-18.03825474422891,10.34372983132433,2.459475030295194,-1.015596816351023,23.71870063644018,-11.080506841213605,12.970603034130173,11.971820585158682,4.656383153011303,-12.042682284221423,-16.46993013623386,11.696624844820416,2.6398436377307894,1.5369104448682285,4.1105213947167965,-2.5827908261704984,-2.494384025265768,-17.209302186475455,-19.409795543309375,1.2204230242646497,-6.523727939495259,9.951712257913538,4.883850156507915,-11.866456288236169,-8.883525992602756,22.159815479284,5.677806180271676,2.8184064928559796,7.363830310536928,4.540229424222125,-10.597849962200858,8.022610232517001,-5.043472347712801,6.551496076431861,6.173176966914686
25.764490724812934,73.29256257219268,-8.433553956232402,-4.8361175027111445,-25.17708092475087,-57.431484050079575,32.83022486419233,48.51572193062299,42.14990890182047,-37.661826115775014,75.30086227498654,67.8354115675676,-9.488424485624236,65.3917463245912,7.918312410668071,-17.471116082584782,12.628657251728871,-28.358085370435084,66.05591361096212,-6.482998058341046,-33.14371300784053,-52.08376779444802,30.454194923935635,7.336928839483658,-2.919961901493556,69.71174095533556,-32.45464901926065,35.28482973945305,35.556661049738636,12.359938677790483,-36.865229926113976,-48.0611597285134,34.136055845603416,8.986459086462702,2.954583549114709,9.858761599712933,-8.443625178965064,-6.7494059302996465,-46.42832820741366,-53.27317255335649,3.2892528249406365,-17.607742784538054,29.9238081463433,13.650024685436309,-33.40144203837893,-25.655651492867833,62.577060600435935,17.090112394482478,7.333512936274634,19.941786389398757,11.481178719358308,-31.056479978423354,21.327249641685626,-15.169009718546103,17.987042626093672,15.95248261543266
-2.625830283507114,-8.433553956232402,1.1824470781772294,0.9137484993568866,2.9515880102510583,5.985223602919373,-4.227998025146189,-5.696027310588626,-4.399065284859849,4.4743212305715625,-8.491521734310641,-8.19311069602577,1.6739019487976041,-7.789742118758587,-1.1880808815049426,2.082587209944227,-1.9162550265771208,3.334866926531863,-7.629582801857776,0.9893474571875639,3.7165469604803834,6.162626905650358,-3.7301496143640587,-0.9181849960220912,0.34270381322772653,-8.514005127700319,3.94013294054294,-3.7052137235906546,-4.421500684750986,-1.2271063449204744,4.815417926419212,5.7964914348165895,-4.1177515180115325,-1.3591490636982115,-0.028522109838970446,-0.7313331239832398,1.2126438966365778,0.7000317870350226,4.787186497740156,5.703377182084948,-0.3383340114252248,1.8168644111876795,-3.79855175035477,-1.5167758584228572,3.7654495100762757,3.0367068430270354,-7.098954707804722,-2.172462416578424,-0.6933762115131721,-2.0728069750545615,-1.005353086834172,3.7731425288204377,-2.125481327217373,1.9251604859902371,-1.926883908280739,-1.4818729694746695
-1.129190431260711,-4.8361175027111445,0.9137484993568866,0.9211317478692277,1.7532175403578216,2.7393131504168236,-2.9250681085124683,-3.3924291923951992,-2.021241610363051,2.7221894405379228,-4.676911510479312,-5.128990638165908,1.6069021048331809,-4.7617822169722075,-0.9891132252045118,1.2744820267503474,-1.6136108842253742,1.992168501471445,-4.4069170220238565,0.8378461449558667,2.0232146218752454,3.7223182423220456,-2.3900307343863627,-0.6086065174920582,0.20397139600494418,-5.429703560464805,2.48808337357114,-1.730176148549136,-2.9024119090550724,-0.48675408671715,3.3987831792421144,3.61991820953008,-2.572289070418023,-1.140806013167546,0.3298156733535523,0.02864425646728807,0.9633299015043156,0.3162232385101781,2.1280967142369245,2.7963852228966406,-0.1493809649857688,0.8092854974677208,-2.573231094840976,-0.8098199280220957,2.072618770152886,1.835390630605333,-3.957852357469133,-1.4746565552862463,-0.2303451431768267,-0.9419707461402026,-0.2254885223709894,2.3854650377692206,-0.8536044417477482,1.3035951186704164,-0.9461962415736145,-0.4565598452928737
-8.763870343128229,-25.17708092475087,2.9515880102510583,1.7532175403578216,8.663045902791946,19.568016113456338,-11.393408629357213,-16.69488506804624,-14.363021602490381,12.973994276775759,-25.822413137367462,-23.402193145570898,3.408790332023268,-22.530710410438537,-2.7910368792140283,6.019755478958727,-4.456892723890874,9.760118168967708,-22.69774368861178,2.2894877675548804,11.360784176042454,17.93523314280184,-10.519056005907917,-2.5384738403312554,1.0047006698061405,-24.073671975563357,11.20179944135838,-12.029460712465902,-12.299215822563562,-4.195462263887684,12.811158753886087,16.57847970205051,-11.775141278620124,-3.1708154157867536,-0.9351781102408956,-3.2833919267028797,2.962411862598263,2.2984382428742323,15.80672562729966,18.190980116603146,-1.1195756803321009,5.994577946499494,-10.370899414619863,-4.674737438619687,11.454014859190188,8.83484368943166,-21.469886078791767,-5.923235444214389,-2.480473755601007,-6.792774535939224,-3.862552097908448,10.719392838016393,-7.241935318524907,5.255993906288507,-6.142241510634363,-5.389015344022606
-21.184395193808694,-57.431484050079575,5.985223602919373,2.7393131504168236,19.568016113456338,46.835072086234675,-24.40185185519596,-37.6831266122455,-34.354118469144204,29.097653990218273,-59.51407646789086,-52.016221455561585,5.724240134592463,-50.461005251237374,-5.390839926922378,13.478193303516372,-8.534662315236156,22.009984209665912,-51.67707485981111,4.36473252399775,26.256556137798803,40.3141113352796,-23.20008568678958,-5.532458377620487,2.268384082433591,-53.177932791517925,24.82644929715739,-28.692247559700967,-26.891534630349835,-10.258820496840748,27.201729447958535,36.87753499784757,-26.190720354602878,-6.085917396579658,-3.2304474229516353,-8.909788003304875,5.907836514289187,5.514236960769395,38.01230515672345,42.99801689149186,-2.695458606852615,14.412347732827394,-22.403455328384926,-10.854754892309531,26.402125203287724,19.85492953906936,-49.333645601279784,-12.786608009449195,-6.188782695938661,-16.278657846479536,-9.924853853575238,23.749213326397847,-17.677563329116342,11.358818590149113,-14.514235564307784,-13.539969912928678
10.821018144583563,32.83022486419233,-4.227998025146189,-2.9250681085124683,-11.393408629357213,-24.40185185519596,15.662254257840193,21.972889568887624,17.922512583906688,-17.168701344393504,33.36211791913025,31.208778496623093,-5.486626135879302,29.854850754996235,4.135167633427163,-7.979456988440283,6.6405318529841635,-12.854952459773013,29.649945402401116,-3.4208871113947685,-14.639620603887824,-23.690077578891604,14.121365183798979,3.4437789287287366,-1.3222297437187314,32.27226522957034,-14.974305207073225,15.05151082172771,16.628131546642933,5.122076555093823,-17.73117835853264,-22.093615492150377,15.693836917816771,4.715777616651861,0.661851121624247,3.5598187879578846,-4.2942147133944655,-2.860701848291754,-19.61744679066331,-22.95660575854756,1.3880921232989256,-7.442805915647737,14.15847258439694,5.999961503731241,-14.796018712918858,-11.6716997229106,27.814636548773972,8.092806619130968,2.965341230464663,8.461578413823524,4.472228942412955,-14.335206176370363,8.855248198576998,-7.176699484400947,7.753595259733827,6.394331390878318
16.873089927773194,48.51572193062299,-5.696027310588626,-3.3924291923951992,-16.69488506804624,-37.6831266122455,21.972889568887624,32.17560858733306,27.659651160942637,-25.005168437440645,49.75246732000719,45.11073187959626,-6.592539319643029,43.42810145430008,5.3898480473597195,-11.603819186305927,8.607531468092727,-18.80981721653552,43.741273077367225,-4.421703197228644,-21.887099016456332,-34.567312123309044,20.28019360281025,4.896705457590798,-1.9364907744350146,46.40898914562657,-21.593167672799588,23.166777111001768,23.713218595475933,8.07728472449349,-24.709740477846744,-31.95622995319736,22.69777303702991,6.122426003525157,1.7889055827514369,6.310008082873577,-5.718290868765452,-4.426951249574664,-30.435545111973372,-35.035339461049105,2.155822367888167,-11.543484406361337,19.997972918370348,9.006946788426063,-22.068138590363823,-17.027932436958785,41.36833335915261,11.423195453784578,4.773858600428377,13.081916405139813,7.431037796667547,-20.66467979053761,13.941517498699053,-10.137786155511945,11.829923228044706,10.370326751626719
15.537471890588712,42.14990890182047,-4.399065284859849,-2.021241610363051,-14.363021602490381,-34.354118469144204,17.922512583906688,27.659651160942637,25.199389690431712,-21.35960919725198,43.67311770277525,38.187290285834244,-4.218622626276436,37.04203244585216,3.964732434534571,-9.893942280562271,6.277637450019258,-16.15572056360697,37.927301952196366,-3.2106768196187474,-19.26729227821053,-29.592336882196356,17.033618279824307,4.062361799831153,-1.664987269013117,39.04304449155351,-18.22682257897872,21.046949803348827,19.746138608818708,7.523170972603126,-19.981110975268177,-27.07315279200568,19.227559439008633,4.476441315102426,2.3615522127598236,6.526968295767952,-4.3431198500307096,-4.044572030155227,-27.881255035078354,-31.544206081787532,1.9770260106452564,-10.571097957760072,16.453070201757377,7.964750865306422,-19.374642381361923,-14.574413764047122,36.20366599847741,9.390410909146443,4.537501076560517,11.940343070866744,7.274415893350422,-17.435892378046272,12.963978048085876,-8.341589715671441,10.647960512814185,9.926533016859603
-13.015114057198172,-37.661826115775014,4.4743212305715625,2.7221894405379228,12.973994276775759,29.097653990218273,-17.168701344393504,-25.005168437440645,-21.35960919725198,19.446642719249507,-38.5789051902898,-35.11482608773328,5.261479501361447,-33.77725760782109,-4.252306870013523,9.025037968285087,-6.796143804902216,14.619906446117765,-33.96121792014121,3.49266253519161,16.967156259107803,26.876146476750968,-15.798290894455056,-3.8180399755342,1.5047957023241638,-36.14856018102374,16.813807085133796,-17.895681025703066,-18.490130996618575,-6.22153819005287,19.323806820505208,24.873538670237107,-17.667069768636058,-4.833740785844059,-1.3120154694916726,-4.799091071828273,4.498628701160855,3.4169032743742194,23.49000756753983,27.09242873832267,-1.6635556669074667,8.908858012960998,-15.612599126461374,-6.977888228660887,17.11203457481789,13.239426480835501,-32.08801940966994,-8.917939895555167,-3.668535666321121,-10.09940888513332,-5.689916985982951,16.090593057475417,-10.741400283011043,7.912625007249708,-9.148188800016868,-7.962675855985528
26.747083877913443,75.30086227498654,-8.491521734310641,-4.676911510479312,-25.822413137367462,-59.51407646789086,33.36211791913025,49.75246732000719,43.67311770277525,-38.5789051902898,77.50554966300494,69.37777927422636,-9.27314383969824,66.96695469430988,7.909166885022448,-17.890883327769437,12.596575614230682,-29.076500431767396,67.84251015962127,-6.461931221991087,-34.13123022459225,-53.37251341932111,31.10427006385649,7.477639970089574,-2.9944952768177653,71.21979930846692,-33.175992586156234,36.54146739449868,36.26141460520141,12.857939486431032,-37.407153606510875,-49.16068543017129,34.916427937285796,8.9672325014613,3.289830638914699,10.45800466942236,-8.478164774596834,-6.9969156187783526,-48.15379386905965,-55.08121753253435,3.4121660666523077,-18.26104234726739,30.45362439392513,14.068075608855688,-34.38032056210721,-26.289578071739353,64.37470804462764,17.39025974142301,7.657319980212089,20.6693718795402,12.053603820870242,-31.74452936791133,22.179920663508636,-15.437978928869125,18.596522870283877,16.678422211456564
23.227015642614553,67.8354115675676,-8.19311069602577,-5.128990638165908,-23.402193145570898,-52.016221455561585,31.208778496623093,45.11073187959626,38.187290285834244,-35.11482608773328,69.37777927422636,63.492778964236955,-9.845729473087054,61.00765780306744,7.834840554127578,-16.302223596446684,12.534692854935846,-26.377861714497396,61.18995031210912,-6.445054331837392,-30.498355758077853,-48.515563886986584,28.599394352102372,6.925641946369828,-2.7148057224650892,65.42127178184525,-30.414101166482105,32.00898016605914,33.51252371205554,11.08303366796994,-35.16837013796685,-44.9692898556897,31.941309644037936,8.911549412820177,2.1654383432017426,8.388100564309898,-8.255484686268906,-6.106804743695383,-41.95687574718362,-48.52703696480477,2.9709648898477177,-15.914355975448844,28.34517135057777,12.535128668445601,-30.772028263325122,-23.899998644757435,57.73205144121154,16.19396275615137,6.5124845772778714,18.05147836057343,10.049224909678502,-29.108784911208303,19.138806416711986,-14.367839555253617,16.38676890889395,14.118241771101761
-2.4046760486712913,-9.488424485624236,1.6739019487976041,1.6069021048331809,3.408790332023268,5.724240134592463,-5.486626135879302,-6.592539319643029,-4.218622626276436,5.261479501361447,-9.27314383969824,-9.845729473087054,2.826873599021268,-9.194614619317196,-1.7857220575444606,2.460589517262907,-2.9067531986655784,3.8680583068970273,-8.63136598098672,1.50757070631532,4.023436390571279,7.208011885629095,-4.563288854981163,-1.1538421458764836,0.39653095962518853,-10.376966823426569,4.765962431771135,-3.593712349798649,-5.509355314942714,-1.0646284200073888,6.347030738452395,6.9526129484369585,-4.9402919172223205,-2.0557050083991064,0.47296283064892686,-0.16917255853177338,1.7550443983342487,0.6638902620486086,4.485583399143797,5.724846511733215,-0.3155988338250916,1.705275036537202,-4.8491439083367345,-1.6196007133552757,4.109923694288906,3.5536143205497353,-7.822408463292659,-2.7784129699527713,-0.5362816408116922,-1.9731383872414756,-0.6196766201775417,4.568793304193011,-1.8586644674111823,2.458275764501861,-1.9362780314489865,-1.0939553947466865
22.56219774974467,65.3917463245912,-7.789742118758587,-4.7617822169722075,-22.530710410438537,-50.461005251237374,29.854850754996235,43.42810145430008,37.04203244585216,-33.77725760782109,66.96695469430988,61.00765780306744,-9.194614619317196,58.67563038513859,7.411740100906831,-15.678891428935346,11.847462765089825,-25.390549315057854,58.972628972277924,-6.088886714546717,-29.448478387889466,-46.68117570433509,27.45484515163234,6.640143572598999,-2.613730608982995,62.81323272689294,-29.21302488193017,31.037279340202748,32.13666190745972,10.783712420136954,-33.60896527872307,-43.21290482161475,30.693637907864982,8.424172367637347,2.2457327541335377,8.29081823773222,-7.835251354789792,-5.92665397681465,-40.72744402573143,-46.99553589235048,2.884442255929944,-15.448105003372758,27.142261933915606,12.111829086943324,-29.70296165436765,-22.99588217450168,55.70445220240936,15.506343898142646,6.35467275185357,17.515335890710034,9.848747017839253,-27.958905813664284,18.61663772991127,-13.760496274452802,15.869045607684836,13.790038382338796
2.3405294306126043,7.918312410668071,-1.1880808815049426,-0.9891132252045118,-2.7910368792140283,-5.390839926922378,4.135167633427163,5.3898480473597195,3.964732434534571,-4.252306870013523,7.909166885022448,7.834840554127578,-1.7857220575444606,7.411740100906831,1.217424051265254,-1.9822206595549552,1.9695740218220401,-3.157306078191619,7.174684071742627,-1.018386940144903,-3.4534381597651103,-5.84831340222355,3.5856366795489123,0.889970962051181,-0.32429390730854285,8.174752596384112,-3.7747596054792214,3.348582799262666,4.272563444139707,1.0806124200772966,-4.731925611651984,-5.539922585852363,3.9358389318223406,1.3953516252112557,-0.08789659335813067,0.5382432266000805,-1.2271833174741718,-0.6294355397151198,-4.290225776954179,-5.1977671503859115,0.3029197590600385,-1.629130523657052,3.6967946432090772,1.4046288054670237,-3.506627576015894,-2.8822589066872193,6.628036352660172,2.1157458941075697,0.5957427541886771,1.8650681852537725,0.8281079872556019,-3.6161688436799704,1.8747568660398835,-1.874368867113926,1.7565678998578755,1.261344224910833
-6.0254760132862035,-17.471116082584782,2.082587209944227,1.2744820267503474,6.019755478958727,13.478193303516372,-7.979456988440283,-11.603819186305927,-9.893942280562271,9.025037968285087,-17.890883327769437,-16.302223596446684,2.460589517262907,-15.678891428935346,-1.9822206595549552,4.189827855372518,-3.168614815667366,6.784018128614343,-15.756948901333265,1.6284565977172119,7.8669566461400695,12.473108332657821,-7.337144323046312,-1.7752942194528525,0.6984322229059214,-16.785361680020472,7.806137401101208,-8.290246834604513,-8.588203656279854,-2.8800466808690692,8.983256648206204,11.546930326552816,-8.201758927370879,-2.2526415010926986,-0.5977309022162747,-2.2121694066390525,2.0950181038961757,1.583283745883115,10.877270148049536,12.552877596906637,-0.7704008786482178,4.126136957040933,-7.25384112790035,-3.23596626651848,7.93528037343496,6.144500580389622,-14.882358343595104,-4.14460952223921,-1.6968501376245857,-4.678645914730765,-2.6294861301374746,7.471475825143023,-4.971636137577866,3.678457080880841,-4.238782604541695,-3.6820375390981814
3.698680878839032,12.628657251728871,-1.9162550265771208,-1.6136108842253742,-4.456892723890874,-8.534662315236156,6.6405318529841635,8.607531468092727,6.277637450019258,-6.796143804902216,12.596575614230682,12.534692854935846,-2.9067531986655784,11.847462765089825,1.9695740218220401,-3.168614815667366,3.187948813079702,-5.042773127770511,11.445444147303379,-1.6487648270152953,-5.49801989764057,-9.344424441709362,5.7413595754037114,1.426720735907299,-0.5178724423959338,13.087404781793648,-6.041060015679189,5.304666881138868,6.847536897020259,1.7036917746068834,-7.604722074540886,-8.862385668470944,6.296332217197994,2.258282761852075,-0.1716007460252093,0.8177651688829316,-1.981536215349729,-0.996067752251635,-6.786351887550133,-8.246732793085252,0.47905913473954836,-2.577088078443558,5.931834725718784,2.234691947193946,-5.584755680410213,-4.605365897925599,10.560552516459984,3.3950758483310066,0.9349277259710059,2.9520499809338587,1.2887890114041867,-5.787428180019182,2.956821973312789,-3.007373040884686,2.787085813427776,1.975947685168885
-9.854374025210305,-28.358085370435084,3.334866926531863,1.992168501471445,9.760118168967708,22.009984209665912,-12.854952459773013,-18.80981721653552,-16.15572056360697,14.619906446117765,-29.076500431767396,-26.377861714497396,3.8680583068970273,-25.390549315057854,-3.157306078191619,6.784018128614343,-5.042773127770511,10.99667807661952,-25.567232157449677,2.5906923217842155,12.791243668677676,20.209512037500897,-11.859330529524053,-2.8631679540446022,1.1319982604503687,-27.139338433978978,12.627045893342189,-13.532029229962662,-13.869266076951607,-4.716074236457929,14.457846238132253,18.68598971337257,-13.272119269214805,-3.5872340667799056,-1.037976114887924,-3.678359698568193,3.348519232869899,2.5852439189473713,17.776417898912857,20.46824340417057,-1.2590685051935244,6.741794340302102,-11.698480313918239,-5.262889740465343,12.897295693804969,9.955221599104846,-24.177591011855778,-6.681850618155034,-2.786514673512383,-7.640355892963429,-4.335213002232913,12.083609023954072,-8.140773261054813,5.929249468084573,-6.911239345334528,-6.052572346730658
23.173284788754426,66.05591361096212,-7.629582801857776,-4.4069170220238565,-22.69774368861178,-51.67707485981111,29.649945402401116,43.741273077367225,37.927301952196366,-33.96121792014121,67.84251015962127,61.18995031210912,-8.63136598098672,58.972628972277924,7.174684071742627,-15.756948901333265,11.445444147303379,-25.567232157449677,59.53985224860053,-5.876173918226608,-29.85692458163647,-46.96394029135063,27.479200155217168,6.624856763142335,-2.6327639683319766,62.895437436283586,-29.277424655756633,31.753133272813393,32.09047662661151,11.113574529498235,-33.30324210400338,-43.35112056276495,30.7911061156047,8.142670225964622,2.619747926370533,8.829564338122175,-7.642868890338892,-6.07360572640815,-41.767069903532736,-47.95382276218823,2.9590533031970443,-15.841210519995778,27.016766545520902,12.295978021709555,-30.09247803193412,-23.13399242697275,56.38499035944667,15.431772353903575,6.5890202515297736,17.9439606267373,10.305267153239924,-28.017901709281745,19.176355179709162,-13.698269993941771,16.191280066676164,14.329228913491272
-1.8898640817589096,-6.482998058341046,0.9893474571875639,0.8378461449558667,2.2894877675548804,4.36473252399775,-3.4208871113947685,-4.421703197228644,-3.2106768196187474,3.49266253519161,-6.461931221991087,-6.445054331837392,1.50757070631532,-6.088886714546717,-1.018386940144903,1.6284565977172119,-1.6487648270152953,2.5906923217842155,-5.876173918226608,0.8528363860621089,2.8199542104526727,4.801533566452482,-2.953246864127848,-0.7341885271634294,0.2660147206780485,-6.731562612979545,3.1067242241806685,-2.713741657368584,-3.523998078847527,-0.869386488715208,3.919126150505341,4.55668318388663,-3.2373133716116755,-1.1679745385185905,0.09628270509126555,-0.40920306182030325,1.0236081790086016,0.5092241964728091,3.469234769271977,4.222315732032154,-0.24486187598860343,1.317384563095854,-3.0546217202805157,-1.1456803246523726,2.8649374247892156,2.3664349752237146,-5.418600916411673,-1.7482526101695672,-0.4759596316912232,-1.5094675915966063,-0.6531899317100059,2.976243055447365,-1.5092319824077403,1.5484067476131183,-1.4270124355225613,-1.0049972849400703
-11.807041025856908,-33.14371300784053,3.7165469604803834,2.0232146218752454,11.360784176042454,26.256556137798803,-14.639620603887824,-21.887099016456332,-19.26729227821053,16.967156259107803,-34.13123022459225,-30.498355758077853,4.023436390571279,-29.448478387889466,-3.4534381597651103,7.8669566461400695,-5.49801989764057,12.791243668677676,-29.85692458163647,2.8199542104526727,15.033098744705134,23.47526953769541,-13.667481608984556,-3.282734498358328,1.317258802779438,-31.298620327964386,14.582392802273516,-16.118745059367946,-15.927874922690904,-5.678517515426063,16.407844068202774,21.61211173492867,-15.349785364432941,-3.915019443112926,-1.479349091494623,-4.643633295165099,3.7076469322584815,3.0867608328458953,21.250889332365837,24.287093044352602,-1.5058382222333844,8.058149292270395,-13.369308495179958,-6.1968760646318115,15.140479803427372,11.562978047367883,-28.34444780604418,-7.633314963733769,-3.3852874094485323,-9.118967652507727,-5.336420434780633,13.95218845709754,-9.795362884592791,6.775840718945495,-8.199644184324034,-7.3761753732867055
-18.03825474422891,-52.08376779444802,6.162626905650358,3.7223182423220456,17.93523314280184,40.3141113352796,-23.690077578891604,-34.567312123309044,-29.592336882196356,26.876146476750968,-53.37251341932111,-48.515563886986584,7.208011885629095,-46.68117570433509,-5.84831340222355,12.473108332657821,-9.344424441709362,20.209512037500897,-46.96394029135063,4.801533566452482,23.47526953769541,37.1477351416977,-21.82205275401417,-5.2727031447502295,2.080353227211179,-49.93285266022795,23.227686988238002,-24.790633894779265,-25.531492306158526,-8.627288102239419,26.65589835521838,34.366543267604634,-24.40982014191484,-6.6459982421496395,-1.850710530857996,-6.683784758407142,6.192969849980399,4.734974594999046,32.54963102588516,37.51652832615576,-2.305336224181543,12.345272440474686,-21.548825319310936,-9.656903905191658,23.673736454837766,18.29925395359079,-44.38776956765759,-12.309248071038008,-5.091109324348635,-13.993722286285188,-7.906368098718111,22.22907713088246,-14.893120647982572,10.922921047033457,-12.667958464897858,-11.053514647353383
10.34372983132433,30.454194923935635,-3.7301496143640587,-2.3900307343863627,-10.519056005907917,-23.20008568678958,14.121365183798979,20.28019360281025,17.033618279824307,-15.798290894455056,31.10427006385649,28.599394352102372,-4.563288854981163,27.45484515163234,3.5856366795489123,-7.337144323046312,5.7413595754037114,-11.859330529524053,27.479200155217168,-2.953246864127848,-13.667481608984556,-21.82205275401417,12.895651608897268,3.128822505224052,-1.2205633707924795,29.49100897355041,-13.704131544301216,14.283477646043744,15.125909218566528,4.928159608302428,-15.929148155491266,-20.253345211853762,14.386160930255816,4.0800223580038555,0.8953109269218628,3.6663294045551043,-3.7654390099945467,-2.7234865133470474,-18.699083320392983,-21.680397500500675,1.3239677791732347,-7.093624516473227,12.811953626688654,5.615006825902916,-13.795485183688022,-10.750453419319774,25.89370643679198,7.321340297665336,2.8868753202149264,8.05053975987799,4.434521867579428,-13.117541412755484,8.511384628812776,-6.49603912981868,7.32146472522794,6.25151587695326
2.459475030295194,7.336928839483658,-0.9181849960220912,-0.6086065174920582,-2.5384738403312554,-5.532458377620487,3.4437789287287366,4.896705457590798,4.062361799831153,-3.8180399755342,7.477639970089574,6.925641946369828,-1.1538421458764836,6.640143572598999,0.889970962051181,-1.7752942194528525,1.426720735907299,-2.8631679540446022,6.624856763142335,-0.7341885271634294,-3.282734498358328,-5.2727031447502295,3.128822505224052,0.7627505116716745,-0.2948565855093894,7.150296752477659,-3.319914075733462,3.408709812835663,3.67433200617737,1.1697205389558927,-3.8906551591996106,-4.903226029014552,3.4831717630601564,1.0123848103707394,0.18616759644996533,0.8450799561834428,-0.929615258261261,-0.6499941551041293,-4.452065356939645,-5.182455311773487,0.31527719466843623,-1.6900186760735445,3.1187759416151946,1.3487194999080363,-3.3159588103751334,-2.597782638234866,6.229180902382167,1.78388644458604,0.6816193778215264,1.920198893702078,1.0397135168826077,-3.1793469999015245,2.0197206392772182,-1.584001383603984,1.7503087820117917,1.473298932624079
-1.015596816351023,-2.919961901493556,0.34270381322772653,0.20397139600494418,1.0047006698061405,2.268384082433591,-1.3222297437187314,-1.9364907744350146,-1.664987269013117,1.5047957023241638,-2.9944952768177653,-2.7148057224650892,0.39653095962518853,-2.613730608982995,-0.32429390730854285,0.6984322229059214,-0.5178724423959338,1.1319982604503687,-2.6327639683319766,0.2660147206780485,1.317258802779438,2.080353227211179,-1.2205633707924795,-0.2948565855093894,0.11656166790525797,-2.792900119370562,1.2994406408576975,-1.3945313581893108,-1.4270061492057318,-0.4862814832185788,1.4868828583552303,1.923110482519167,-1.365965761245983,-0.36826154112959886,-0.10776584084829934,-0.3799030278311735,0.34404954631787865,0.2665606402797081,1.8319476889447988,2.1087453279442534,-0.12977280058268822,0.6948970650598295,-1.203351812589723,-0.5422009736055896,1.3281967407332926,1.0247969540376167,-2.489872155495944,-0.6874948894222612,-0.2874001135067589,-0.7875649541396957,-0.44745533797674775,1.2436748605130545,-0.8392160100458472,0.6102625772028198,-0.7120387932119508,-0.6243233278254486
23.71870063644018,69.71174095533556,-8.514005127700319,-5.429703560464805,-24.073671975563357,-53.177932791517925,32.27226522957034,46.40898914562657,39.04304449155351,-36.14856018102374,71.21979930846692,65.42127178184525,-10.376966823426569,62.81323272689294,8.174752596384112,-16.785361680020472,13.087404781793648,-27.139338433978978,62.895437436283586,-6.731562612979545,-31.298620327964386,-49.93285266022795,29.49100897355041,7.150296752477659,-2.792900119370562,67.44980689972915,-31.346748047711102,32.73657320452217,34.58624024550067,11.302877159231588,-36.396125385931434,-46.33145452006878,32.909189091017915,9.302545581252192,2.0867691698454505,8.440784866517626,-8.59104063946997,-6.241749561988652,-42.87038222855451,-49.6794724966463,3.035290547359025,-16.261558751214164,29.287126302328065,12.857980791579548,-31.588480658055992,-24.598686704680496,59.28377777116693,16.733569251758354,6.625714727970099,18.45225825757375,10.186836927531417,-30.00274073138555,19.52203398405851,-14.845399508506105,16.77648066084928,14.351450818341503
-11.080506841213605,-32.45464901926065,3.94013294054294,2.48808337357114,11.20179944135838,24.82644929715739,-14.974305207073225,-21.593167672799588,-18.22682257897872,16.813807085133796,-33.175992586156234,-30.414101166482105,4.765962431771135,-29.21302488193017,-3.7747596054792214,7.806137401101208,-6.041060015679189,12.627045893342189,-29.277424655756633,3.1067242241806685,14.582392802273516,23.227686988238002,-13.704131544301216,-3.319914075733462,1.2994406408576975,-31.346748047711102,14.570930550403073,-15.280098142027388,-16.065098966644772,-5.283696108629342,16.880478127516895,21.540419992989772,-15.29996426338605,-4.294819380542261,-1.006456989779861,-3.9748788315706136,3.972680738269482,2.9141038607787944,20.020896611059662,23.17648994869703,-1.4175615686026524,7.593837124122362,-13.59539786385972,-5.991789194963907,14.71499383967452,11.442615586586342,-27.611067968466493,-7.767111050642291,-3.1013923047283622,-8.614868366769675,-4.777538571193519,13.945467756235715,-9.125342806024046,6.890537492887434,-7.826407438714024,-6.720841459570302
12.970603034130173,35.28482973945305,-3.7052137235906546,-1.730176148549136,-12.029460712465902,-28.692247559700967,15.05151082172771,23.166777111001768,21.046949803348827,-17.895681025703066,36.54146739449868,32.00898016605914,-3.593712349798649,31.037279340202748,3.348582799262666,-8.290246834604513,5.304666881138868,-13.532029229962662,31.753133272813393,-2.713741657368584,-16.118745059367946,-24.790633894779265,14.283477646043744,3.408709812835663,-1.3945313581893108,32.73657320452217,-15.280098142027388,17.581091966377844,16.565263825875505,6.277037894809054,-16.787965392828283,-22.692063061615,16.1161683197337,3.782036754086068,1.9436265856915986,5.4208149630026865,-3.6614925631543196,-3.3776854138260166,-23.280796828240025,-26.360893997294408,1.6507356219962586,-8.827030943808596,13.811219027294523,6.661798908114249,-16.210694546933038,-12.209668766087004,30.296235956265512,7.883007528933198,3.782398994931763,9.97195279615699,6.0559196008318255,-14.617399090349268,10.8173893011499,-7.0022729647116435,8.898427516382267,8.271992483954056
11.971820585158682,35.556661049738636,-4.421500684750986,-2.9024119090550724,-12.299215822563562,-26.891534630349835,16.628131546642933,23.713218595475933,19.746138608818708,-18.490130996618575,36.26141460520141,33.51252371205554,-5.509355314942714,32.13666190745972,4.272563444139707,-8.588203656279854,6.847536897020259,-13.869266076951607,32.09047662661151,-3.523998078847527,-15.927874922690904,-25.531492306158526,15.125909218566528,3.67433200617737,-1.4270061492057318,34.58624024550067,-16.065098966644772,16.565263825875505,17.76367693718208,5.692404525878253,-18.777340241354498,-23.73063775792472,16.856084114759664,4.865834803908644,0.9485321008264656,4.155335621244552,-4.471574402023038,-3.155019498723129,-21.659703286727197,-25.180520350967594,1.5332140373351655,-8.216359583138848,15.07027150456466,6.538096898756042,-16.08281999000591,-12.578105291266057,30.200006643971612,8.611544091480068,3.3234648522498045,9.328950188902034,5.078264039072219,-15.37717880112418,9.835032127936127,-7.638572532109851,8.503771617328331,7.188368282638086
4.656383153011303,12.359938677790483,-1.2271063449204744,-0.48675408671715,-4.195462263887684,-10.258820496840748,5.122076555093823,8.07728472449349,7.523170972603126,-6.22153819005287,12.857939486431032,11.08303366796994,-1.0646284200073888,10.783712420136954,1.0806124200772966,-2.8800466808690692,1.7036917746068834,-4.716074236457929,11.113574529498235,-0.869386488715208,-5.678517515426063,-8.627288102239419,4.928159608302428,1.1697205389558927,-0.4862814832185788,11.302877159231588,-5.283696108629342,6.277037894809054,5.692404525878253,2.2640070638029224,-5.68923058982901,-7.859799826315549,5.581928046000949,1.2161713448527798,0.7846824518958813,2.03326386634604,-1.2021394281206703,-1.2089069593574808,-8.340117463672255,-9.376166485810117,0.591644770247186,-3.161932675864746,4.719202126245297,2.3517204003668346,-5.7044063952571555,-4.248690704743146,10.646459273546029,2.692761238836073,1.3751766785349075,3.567344292631467,2.226837415461816,-5.0538259040254765,3.8988459903066457,-2.393247772240807,3.164656112245753,3.015673493551326
-12.042682284221423,-36.865229926113976,4.815417926419212,3.3987831792421144,12.811158753886087,27.201729447958535,-17.73117835853264,-24.709740477846744,-19.981110975268177,19.323806820505208,-37.407153606510875,-35.16837013796685,6.347030738452395,-33.60896527872307,-4.731925611651984,8.983256648206204,-7.604722074540886,14.457846238132253,-33.30324210400338,3.919126150505341,16.407844068202774,26.65589835521838,-15.929148155491266,-3.8906551591996106,1.4868828583552303,-36.396125385931434,16.880478127516895,-16.787965392828283,-18.777340241354498,-5.68923058982901,20.093742823057763,24.89414998104796,-17.68337151969425,-5.399301412974008,-0.6436423825333096,-3.8684959339232092,4.899053064767192,3.1878010336023794,21.851075442088568,25.64173290066203,-1.5458608156926734,8.29068636221884,-16.01220870387498,-6.720151920057043,16.58961085031779,13.133252136333743,-31.20071883583153,-9.153281538498092,-3.28169715110693,-9.430626504847018,-4.92094914740518,16.16086566563372,-9.838572566831829,8.116177010996081,-8.66089782669985,-7.067153463766268
-16.46993013623386,-48.0611597285134,5.7964914348165895,3.61991820953008,16.57847970205051,36.87753499784757,-22.093615492150377,-31.95622995319736,-27.07315279200568,24.873538670237107,-49.16068543017129,-44.9692898556897,6.9526129484369585,-43.21290482161475,-5.539922585852363,11.546930326552816,-8.862385668470944,18.68598971337257,-43.35112056276495,4.55668318388663,21.61211173492867,34.366543267604634,-20.253345211853762,-4.903226029014552,1.923110482519167,-46.33145452006878,21.540419992989772,-22.692063061615,-23.73063775792472,-7.859799826315549,24.89414998104796,31.85037699747697,-22.62293583337598,-6.301234548555253,-1.5466603333467703,-5.959055290082375,5.839467134794866,4.329362731108867,29.748575647392364,34.398386296836335,-2.106487293475089,11.283358620691462,-20.06872642437497,-8.88291413430144,21.80506255276517,16.929748853370636,-40.90684376879913,-11.464967495172594,-4.619969138206081,-12.797744784039354,-7.132062645548643,20.615435812572233,-13.57281406283548,10.17176719767212,-11.615686496999386,-10.016640694900142
11.696624844820416,34.136055845603416,-4.1177515180115325,-2.572289070418023,-11.775141278620124,-26.190720354602878,15.693836917816771,22.69777303702991,19.227559439008633,-17.667069768636058,34.916427937285796,31.941309644037936,-4.9402919172223205,30.693637907864982,3.9358389318223406,-8.201758927370879,6.296332217197994,-13.272119269214805,30.7911061156047,-3.2373133716116755,-15.349785364432941,-24.40982014191484,14.386160930255816,3.4831717630601564,-1.365965761245983,32.909189091017915,-15.29996426338605,16.1161683197337,16.856084114759664,5.581928046000949,-17.68337151969425,-22.62293583337598,16.068845710650763,4.476554843406277,1.097345957420645,4.230958345188696,-4.148414329099762,-3.0748711201060837,-21.12715204463583,-24.430223088338465,1.4960250788981566,-8.0134906951242435,14.25518563382695,6.309169109749286,-15.486993851244353,-12.02486249750828,29.054315637322812,8.144010406171606,3.280879275694644,9.089188161572546,5.064639184820762,-14.643170376580521,9.639063958551757,-7.225625351206875,8.249642671038625,7.113214067563539
2.6398436377307894,8.986459086462702,-1.3591490636982115,-1.140806013167546,-3.1708154157867536,-6.085917396579658,4.715777616651861,6.122426003525157,4.476441315102426,-4.833740785844059,8.9672325014613,8.911549412820177,-2.0557050083991064,8.424172367637347,1.3953516252112557,-2.2526415010926986,2.258282761852075,-3.5872340667799056,8.142670225964622,-1.1679745385185905,-3.915019443112926,-6.6459982421496395,4.0800223580038555,1.0123848103707394,-0.36826154112959886,9.302545581252192,-4.294819380542261,3.782036754086068,4.865834803908644,1.2161713448527798,-5.399301412974008,-6.301234548555253,4.476554843406277,1.6004710018810084,-0.11507079231934718,0.5910165775760411,-1.40483974468702,-0.7098430562995317,-4.841801344867686,-5.878121347079912,0.34173094417326483,-1.8380303211691345,4.213947103362121,1.5907520969086038,-3.9759637386203597,-3.275355631857435,7.516752904191209,2.4109361952442505,0.6684524104322361,2.1046248853891116,0.9234397465193505,-4.113665401995642,2.1112741950175136,-2.1347721124446633,1.986506208772488,1.4136145629283776
1.5369104448682285,2.954583549114709,-0.028522109838970446,0.3298156733535523,-0.9351781102408956,-3.2304474229516353,0.661851121624247,1.7889055827514369,2.3615522127598236,-1.3120154694916726,3.289830638914699,2.1654383432017426,0.47296283064892686,2.2457327541335377,-0.08789659335813067,-0.5977309022162747,-0.1716007460252093,-1.037976114887924,2.619747926370533,0.09628270509126555,-1.479349091494623,-1.850710530857996,0.8953109269218628,0.18616759644996533,-0.10776584084829934,2.0867691698454505,-1.006456989779861,1.9436265856915986,0.9485321008264656,0.7846824518958813,-0.6436423825333096,-1.5466603333467703,1.097345957420645,-0.11507079231934718,0.5769974110249461,0.9900281886429556,0.01384231803894034,-0.3841932871870303,-2.68794460971343,-2.7748689256944665,0.19157224316774035,-1.0169772237601342,0.6846171046319588,0.6290029552052079,-1.4611888739011187,-0.9099670603273335,2.6717227437714803,0.38591088593861317,0.5166704036158052,1.1292536237049566,0.926454647429479,-0.9584694589769995,1.342668403256649,-0.34640508312504686,0.9350900279459526,1.1627922550856842
4.1105213947167965,9.858761599712933,-0.7313331239832398,0.02864425646728807,-3.2833919267028797,-8.909788003304875,3.5598187879578846,6.310008082873577,6.526968295767952,-4.799091071828273,10.45800466942236,8.388100564309898,-0.16917255853177338,8.29081823773222,0.5382432266000805,-2.2121694066390525,0.8177651688829316,-3.678359698568193,8.829564338122175,-0.40920306182030325,-4.643633295165099,-6.683784758407142,3.6663294045551043,0.8450799561834428,-0.3799030278311735,8.440784866517626,-3.9748788315706136,5.4208149630026865,4.155335621244552,2.03326386634604,-3.8684959339232092,-5.959055290082375,4.230958345188696,0.5910165775760411,0.9900281886429556,2.0930649262626084,-0.6773359935979111,-1.0529797968904053,-7.301657656193381,-7.977763369223712,0.5187714974279569,-2.766005739336716,3.3499616048332777,1.9380124534376153,-4.641356303394769,-3.2901754291550063,8.610367669609424,1.9066591836830173,1.272520821043853,3.1035062725093874,2.1443893643737297,-3.797657922915257,3.4937750617300978,-1.697357408388618,2.6912525034043657,2.818421796639174
-2.5827908261704984,-8.443625178965064,1.2126438966365778,0.9633299015043156,2.962411862598263,5.907836514289187,-4.2942147133944655,-5.718290868765452,-4.3431198500307096,4.498628701160855,-8.478164774596834,-8.255484686268906,1.7550443983342487,-7.835251354789792,-1.2271833174741718,2.0950181038961757,-1.981536215349729,3.348519232869899,-7.642868890338892,1.0236081790086016,3.7076469322584815,6.192969849980399,-3.7654390099945467,-0.929615258261261,0.34404954631787865,-8.59104063946997,3.972680738269482,-3.6614925631543196,-4.471574402023038,-1.2021394281206703,4.899053064767192,5.839467134794866,-4.148414329099762,-1.40483974468702,0.01384231803894034,-0.6773359935979111,1.246853764126464,0.690593444070057,4.7172951092898305,5.652076330867336,-0.333288413588802,1.7906749307208465,-3.8512479757863507,-1.5113984910574592,3.7593047442319953,3.051820687097933,-7.093681151179389,-2.203165624188125,-0.6737737660684969,-2.0453189752700736,-0.9637475731100934,3.804841674464384,-2.0833354113842995,1.9521913665973998,-1.909739276490773,-1.4355899051836771
