V1,V2,V3,V4,V5,V6,V7,V8,V9,V10,V11,V12,V13,V14,V15,V16,V17,V18,V19,V20,V21,V22,V23,V24,V25,V26,V27,V28,V29,V30,V31,V32,V33,V34,V35,V36,V37,V38,V39,V40,V41,V42,V43,V44,V45,V46,V47,V48,V49,V50,V51,V52,V53,V54,V55,V56
15.759455603797333,43.45286743418308,-4.697533862778271,-2.357617032758545,-14.849598185103847,-34.937885961004554,18.821412389352645,28.601212872633635,25.63252553935071,-22.128720183433504,44.890448543809626,39.66483629566763,-4.794243116884175,38.38900904006055,4.29888973111878,-10.25412556089441,6.825703212011866,-16.71071814008736,39.1196888182245,-3.4961381552017716,-19.78946774160377,-30.637223273072976,17.732002137583596,4.242403499075342,-1.7214117767173827,40.62731933643833,-18.948476304258115,21.42530934867318,20.60967584431185,7.605781187583104,-21.037991768610848,-28.114765970822027,19.967582092321027,4.864478356022945,2.196735012616559,6.420931111287992,-4.661852172946774,-4.109958771622955,-28.31943895488304,-32.1938479746171,2.007362606349105,-10.73723190546834,17.23454401357415,8.168706092618939,-19.91425786254391,-15.08974229954602,37.2446361165891,9.837415690896222,4.562474405787544,12.138300357993316,7.256856429897666,-18.127070081913214,13.11348514546227,-8.734665323322577,10.86806726776386,9.962528236295789
43.45286743418308,124.05165586658607,-14.371236342747432,-8.34882398655268,-42.63855648195883,-96.9208022764232,55.77292948318146,82.16739284308925,71.13470805610699,-63.809084736759026,127.37161938533073,114.99238825200423,-16.32591570081502,110.80040632251365,13.528836500377084,-29.603824082740033,21.5865027288802,-48.0304630546133,111.8163013981936,-11.084142067720457,-56.05311544320649,-88.23215999444098,51.64866328267664,12.451899257692096,-4.945258571398657,118.21619784436855,-55.02536575640933,59.5591415390238,60.33259256522926,20.830602573773742,-62.65871623477181,-81.46794279721136,57.86397064344735,15.358803912995642,4.858354975576822,16.50214552784044,-14.401556131492262,-11.38866360521716,-78.3285791846118,-89.97265501224443,5.5488730828010455,-29.706355059567745,50.8102270853316,23.078724967083957,-56.49811749137938,-43.46228081957998,105.8685988568844,29.02011788578268,12.343541270981717,33.65104481576235,19.28806883109376,-52.656046909998906,35.947248022326,-25.75649137183188,30.37872865677806,26.8386452329871
-4.697533862778271,-14.371236342747432,1.8754238442749405,1.321961354795416,4.99378078365366,10.60929527789179,-6.908385074644148,-9.63166603968802,-7.7930431830485105,7.53190724429345,-14.583945706133395,-13.706502233869822,2.4693431092913802,-13.099539765770947,-1.8422968780186149,3.5012974068547904,-2.9606280657291926,5.635555574169697,-12.98230904744674,1.5257422085917305,6.39717089750603,10.389904292930941,-6.207724306323765,-1.515962154095655,0.5795675099165398,-14.184229456042335,6.578852497984838,-6.547444528256516,-7.31724190093739,-2.21945685990558,7.828353888519726,9.702332318400748,-6.8919566289348815,-2.1021190096603224,-0.25357180462728107,-1.51150343571224,1.9077699164877515,1.2432984463299832,8.522995540980201,9.999618885505155,-0.6029621480452984,3.2337104297197663,-6.2391169972204095,-2.6201291469893957,6.467834316373573,5.119047280317393,-12.163865848218272,-3.5664519528380776,-1.2805731495741106,-3.678157068687898,-1.920967048580546,6.2983038066607255,-3.838174997470403,3.1623011527819123,-3.3775130406730103,-2.757980468364191
-2.357617032758545,-8.34882398655268,1.321961354795416,1.1596829184745407,2.960932161565613,5.480025680113918,-4.507054531175396,-5.719792807427548,-4.0328209043282195,4.529899107352368,-8.282589903522839,-8.38749388382065,2.0726657062441194,-7.900824034021161,-1.373849778722736,2.1131726275982627,-2.2276227155708277,3.3526624233159636,-7.573296671019201,1.1531625938471217,3.6098784429801842,6.221761758723726,-3.853869531909744,-0.9616040720090687,0.3440405643939071,-8.780119359144742,4.047450845257304,-3.4145507459521496,-4.6127988741742225,-1.0754271561882804,5.1764881514187255,5.928410707670738,-4.21193344469798,-1.5776698915299623,0.19409435301503744,-0.43624364364692236,1.372570587025041,0.6382345333214471,4.3427925326506855,5.341565006209485,-0.3062648744750444,1.649206099834068,-4.014136598677678,-1.4629883525498903,3.671987555322099,3.0665957329263724,-6.955064429031766,-2.297618067354835,-0.5789698440526191,-1.8935006855408054,-0.7697593124631146,3.8776811117895407,-1.8695459447735034,2.033960099944365,-1.8055667322816826,-1.2144209792098248
-14.849598185103847,-42.63855648195883,4.99378078365366,2.960932161565613,14.669895594451582,33.153753129818156,-19.284958004191004,-28.271022938544167,-24.334839462809335,21.968671899967816,-43.73544037929566,-39.62377991363974,5.7597087538788285,-38.150928885289055,-4.72048776505932,10.193235403044094,-7.537455551441848,16.52747572635143,-38.43934391117815,3.871808692013921,19.242083115750926,30.370223370714896,-17.80951854162198,-4.297668008631219,1.7013824361513252,-40.758577226934335,18.96594957826993,-20.38064656148641,-20.821684892886353,-7.109758754913401,21.683156924123303,28.070203008362125,-19.93735954969031,-5.362374189985109,-1.5907883079557756,-5.569665448367012,5.011484880874458,3.894417728829798,26.781903474706237,30.81684315481626,-1.8969772271513976,10.156952402785887,-17.555347495531834,-7.918271954959023,19.399629244870862,14.960279272212787,-36.362632884652704,-10.026715775516678,-4.2042512869419895,-11.509154079882036,-6.548736025516258,18.14932151777076,-12.272014449510792,8.897531225328757,-10.405388863435922,-9.134639592063015
-34.937885961004554,-96.9208022764232,10.60929527789179,5.480025680113918,33.153753129818156,77.5430143431248,-42.260714409443125,-63.86584664468454,-56.893592911799054,49.442605646362054,-100.02000142976206,-88.71176387776617,11.056623186596518,-85.79382403526334,-9.761885427725597,22.918830466514628,-15.513991797708776,37.31614960999398,-87.278339368483,7.949730860440894,44.07725641006882,68.44040593824218,-39.69397637099882,-9.513609847780845,3.844179944399704,-90.92412560678619,42.39041711078395,-47.569214975000804,-46.17390216055598,-16.844497480469858,47.28116083265964,62.873029943966536,-44.65464405421592,-11.05060838059591,-4.704553151157885,-14.06914229820278,10.548327543071613,9.121847278378503,62.81744639657764,71.5397191611254,-4.452497701040144,23.82015728734035,-38.66040116114587,-18.188938185659072,44.36900054294503,33.70992451906936,-83.0111652525038,-22.072520267700252,-10.083122395322734,-26.93930184521722,-15.99145876305469,40.55763199382657,-29.044224847223244,19.599819434987538,-24.151457729258812,-22.001271674609367
18.821412389352645,55.77292948318146,-6.908385074644148,-4.507054531175396,-19.284958004191004,-42.260714409443125,26.02496351549833,37.181370413407464,31.03064481734485,-28.98476751039108,56.900459916431544,52.5171411607632,-8.567815388813838,50.37499324349341,6.66666076859468,-13.462217632556522,10.682011806912257,-21.74554207075607,50.33287754830585,-5.496676087218485,-24.996012675124316,-40.02613889932625,23.697514322476945,5.754587039497067,-2.2375458339906027,54.18800117167583,-25.172774274680943,26.029002036625652,27.821359321795313,8.953888927972098,-29.38044523909936,-37.18892675884447,26.415617073821863,7.590800505529676,1.5273056901217363,6.56900159228278,-6.983296511165592,-4.958865570808129,-34.044948902364354,-39.55127092151108,2.4100661781756467,-12.914644625245574,23.593255033130042,10.26255160773218,-25.236767454350264,-19.71879908841672,47.38370387116554,13.481806980291971,5.232244902691081,14.661643960983968,8.005955182146453,-24.094862341537027,15.468619351688467,-11.959353059103208,13.356814873845067,11.320452160024457
28.601212872633635,82.16739284308925,-9.63166603968802,-5.719792807427548,-28.271022938544167,-63.86584664468454,37.181370413407464,54.48516726047076,46.87749014804754,-42.33934345935638,84.27443183368112,76.37274038892821,-11.1232798461345,73.53161657594501,9.108366942584418,-19.647189501814644,14.54448169231622,-31.85165634174162,74.07896737150965,-7.471150141911197,-37.075636231575444,-58.531853377731096,34.33061786076707,8.287601789047075,-3.27918245101861,78.56392113727935,-36.55597105492149,39.261327181104114,40.13753293307138,13.693880251038578,-41.80770245822511,-54.1027523191684,38.4278509517222,10.345744347507031,3.0522526031344293,10.715924033654968,-9.66725195872268,-7.502997635101145,-51.58653859655963,-59.36757018345132,3.654041789944208,-19.56534554169877,33.84353689258494,15.258151232942518,-37.38079164237553,-28.83282344585952,70.06968118494042,19.33164529806933,8.09595548087225,22.17168526204106,12.608061565490983,-34.98374672336862,23.635407122100503,-17.15637454052146,20.045771134170252,17.58892366133543
25.63252553935071,71.13470805610699,-7.7930431830485105,-4.0328209043282195,-24.334839462809335,-56.893592911799054,31.03064481734485,46.87749014804754,41.74325477910641,-36.29261607570171,73.40413521353027,65.12139868341956,-8.132383990563065,62.975896508605956,7.172957664917758,-16.82323686797766,11.400269069049907,-27.390306786533838,64.05823745763716,-5.8419685129116985,-32.3475775012398,-50.23674804739092,29.139894143830688,6.9844081591371285,-2.8215999333318265,66.74829121979226,-31.11858545893314,34.902544597790616,33.89914974445391,12.357029750587538,-34.71909201163054,-46.15356829314176,32.779872993223606,8.120420224150298,3.4436291939073076,10.314012137465731,-7.749135042129976,-6.692514708056125,-46.08818172702204,-52.49369597249384,3.2666855589690966,-17.476382610402233,28.385456037296795,13.347958382512124,-32.56219567728346,-24.743833479616768,60.92267187268001,16.206105711349963,7.3959458402358385,19.765175087798756,11.72730716632157,-29.773050440167758,21.30709576936026,-14.390293629220169,17.721638468377986,16.137138751312108
-22.128720183433504,-63.809084736759026,7.53190724429345,4.529899107352368,21.968671899967816,49.442605646362054,-28.98476751039108,-42.33934345935638,-36.29261607570171,32.9151838429957,-65.40269356941711,-59.40462653685261,8.780601173924751,-57.166844981045465,-7.140948182525326,15.274384356177274,-11.408104096781438,24.753356528802048,-57.53307715932398,5.861565414127544,28.76899455177416,45.49625684172106,-26.71476916984113,-6.452196275737697,2.5480148586392923,-61.13192904943528,28.43959777776456,-30.40171150956423,-31.251196152510836,-10.585899570496881,32.60776353185779,42.08096329869037,-29.888980477715137,-8.114742022640495,-2.29437800204539,-8.223437622334693,7.566462189440637,5.806945650753552,39.92564562199949,45.99958156794945,-2.8277411359395996,15.142150434801344,-26.370015229200302,-11.83497418569321,29.010154113395014,22.411632727218223,-54.38901869228637,-15.062188059012879,-6.2500798344712125,-17.16232772280786,-9.71295097861611,27.215955072045876,-18.27424676650214,13.365234366244309,-15.532225251908413,-13.572207404804885
44.890448543809626,127.37161938533073,-14.583945706133395,-8.282589903522839,-43.73544037929566,-100.02000142976206,56.900459916431544,84.27443183368112,73.40413521353027,-65.40269356941711,130.92079910455575,117.75572381829376,-16.290914632572015,113.55066267830729,13.666382972375038,-30.337564497848696,21.788759822690075,-49.257669458464996,114.78558210031068,-11.183474562330185,-57.63202725299347,-90.45605757655332,52.847824464499084,12.725257456321133,-5.072170253500649,120.9806923512262,-56.331221104350895,61.44086637794764,61.67961243295975,21.546294551062157,-63.87070283938275,-83.43236717440801,59.258662945293516,15.506243931139112,5.240872531582958,17.270568979454065,-14.591541335142333,-11.755591011668995,-80.87494527680693,-92.72641143412368,5.729929806950428,-30.671007903475772,51.8819532093727,23.740097423706562,-58.073352991674604,-44.55686911512089,108.7843176859797,29.629824740730847,12.795885183871533,34.73153237303993,20.060289594058137,-53.9034846564742,37.17568564323247,-26.300176282441406,31.307539154424397,27.84371305432014
39.66483629566763,114.99238825200423,-13.706502233869822,-8.38749388382065,-39.62377991363974,-88.71176387776617,52.5171411607632,76.37274038892821,65.12139868341956,-59.40462653685261,117.75572381829376,107.29792267425229,-16.189954378911462,103.1902076091464,13.043382444686708,-27.57291769671799,20.850441363529843,-44.653211807852124,103.70251645387684,-10.716316732286442,-51.78335544382937,-82.09635430272972,48.28665799092994,11.67656429284771,-4.5962809167488,110.47682041860537,-51.38026432193764,54.56555464367399,56.52568409159574,18.955259016189316,-59.12351096952189,-76.00170502471326,53.98276053640274,14.827208888551692,3.938420728726648,14.565617394889633,-13.787282168220553,-10.417874885384961,-71.60101798719717,-82.62805437469699,5.070784742479073,-27.157268910594322,47.74449914630849,21.295445331856207,-52.23073300168009,-40.44181448681592,97.95280225896975,27.27449362245654,11.169051626766514,30.790895367115578,17.30644394298824,-49.17277270114358,32.72583945230045,-24.20145228292104,27.901057291734023,24.236750320026154
-4.794243116884175,-16.32591570081502,2.4693431092913802,2.0726657062441194,5.7597087538788285,11.056623186596518,-8.567815388813838,-11.1232798461345,-8.132383990563065,8.780601173924751,-16.290914632572015,-16.189954378911462,3.735961818266326,-15.306050574947172,-2.535825650632232,4.093550437221218,-4.103931024063895,6.5164645278143825,-14.795162261274909,2.1223598395054104,7.111326492538544,12.073834130429823,-7.413758460860406,-1.8415886166525852,0.6692318424495595,-16.900550715444535,7.802011028753193,-6.870964247328225,-8.83993187296072,-2.2097613362880124,9.809684099958082,11.447066121426083,-8.132599563978482,-2.9072914319065872,0.2101673118410083,-1.0722859987718145,2.552643061045898,1.290521331224428,8.793987495201797,10.677103061409975,-0.6208134488135562,3.3393892310256326,-7.655211794877771,-2.8909241038293745,7.222717861128528,5.950502602592016,-13.656127906240073,-4.381308806628916,-1.2142715779120912,-3.8245762059123978,-1.677899286517969,7.474313428444712,-3.8347871687918027,3.8810403233157627,-3.6084066698805723,-2.567675433013193
38.38900904006055,110.80040632251365,-13.099539765770947,-7.900824034021161,-38.150928885289055,-85.79382403526334,50.37499324349341,73.53161657594501,62.975896508605956,-57.166844981045465,113.55066267830729,103.1902076091464,-15.306050574947172,99.29560972777956,12.428377762606653,-26.532231064077394,19.856878382276648,-42.98850215432691,99.90962596127027,-10.202790203089606,-49.94374503287413,-79.01758054440326,46.41335669099235,11.215692654996841,-4.425518069178583,106.20027151901115,-49.402536517095434,52.756283562437574,54.297851378636935,18.363425513160223,-56.67823194190027,-73.09568167592441,51.91860161511321,14.121643983579055,3.9516025479274828,14.237524136894132,-13.162940494265774,-10.077805203970991,-69.27003685476171,-79.83032686162363,4.906260862942145,-26.27346294799188,45.823605086135125,20.547364547217967,-50.365704094886034,-38.924749753458386,94.43372272978694,26.17710109886785,10.838020192521913,29.7818477862267,16.835799644294333,-47.27996016876414,31.698558562039988,-23.230767840604134,26.95581246211936,23.532006852680254
4.29888973111878,13.528836500377084,-1.8422968780186149,-1.373849778722736,-4.72048776505932,-9.761885427725597,6.66666076859468,9.108366942584418,7.172957664917758,-7.140948182525326,13.666382972375038,13.043382444686708,-2.535825650632232,12.428377762606653,1.834895277753387,-3.322657049986475,2.9552203822384624,-5.330982437424851,12.232589639368655,-1.5245892229253581,-5.98653250386316,-9.84219147110375,5.926198300308746,1.4548087238701135,-0.5481054523249308,13.531216037535923,-6.2674736893289635,6.0352040435049155,7.007837519544261,2.0188567065703182,-7.577309572979325,-9.229768395941145,6.556654292697897,2.096450813675886,0.12552547051494833,1.2764280938028618,-1.883374371606035,-1.1430627214898785,-7.8215527381575765,-9.258324357221726,0.5530776638391857,-2.9685103314464425,6.001865894123778,2.447422253285052,-6.060287973285393,-4.8496367196939705,11.41418354307649,3.4324664602189534,1.150994929226287,3.3826747763386424,1.6941758432284424,-6.001719827401883,3.493929309960055,-3.0430802647845776,3.127622204394193,2.468085468394003
-10.25412556089441,-29.603824082740033,3.5012974068547904,2.1131726275982627,10.193235403044094,22.918830466514628,-13.462217632556522,-19.647189501814644,-16.82323686797766,15.274384356177274,-30.337564497848696,-27.57291769671799,4.093550437221218,-26.532231064077394,-3.322657049986475,7.089814694197299,-5.308703697418025,11.485946492875389,-26.695064607666065,2.727662020434428,13.342979394695558,21.11302108912522,-12.402760978018065,-2.9980315623045395,1.1825394972758305,-28.377893881943592,13.200492880933078,-14.093375988419131,-14.509404280539632,-4.905314173093556,15.147110605568951,19.53121162824621,-13.872815242206114,-3.7748804189551395,-1.0534576550827515,-3.8009849507615696,3.5185311765583602,2.6925173717387296,18.503411344057113,21.325869775505055,-1.3106121014820933,7.018597235895598,-12.245224310762572,-5.489942027409114,13.456107790531444,10.400521636119198,-25.23043932464261,-6.995813283367449,-2.8947586177045523,-7.956243895206127,-4.496410142844103,12.633913316827503,-8.466950285898907,6.2090338579706446,-7.201017675059003,-6.284985118758217
6.825703212011866,21.5865027288802,-2.9606280657291926,-2.2276227155708277,-7.537455551441848,-15.513991797708776,10.682011806912257,14.54448169231622,11.400269069049907,-11.408104096781438,21.788759822690075,20.850441363529843,-4.103931024063895,19.856878382276648,2.9552203822384624,-5.308703697418025,4.761285915856131,-8.513253345552585,19.520913488975335,-2.456788551221847,-9.542486601478428,-15.720986588688985,9.478144483048053,2.328455510096956,-0.8752049744011289,21.639245640567445,-10.020821413329074,9.594425407307353,11.214472904163793,3.2018442866519874,-12.14727291020916,-14.753461623541982,10.480626560906476,3.377435058061594,0.1693989560378542,1.996681290918878,-3.0290365070637795,-1.8161731529566696,-12.424964678913822,-14.73022134030001,0.8784946493118413,-4.715711774892782,9.611891042048528,3.899654799309224,-9.662033159143702,-7.746446872891979,18.20225580437801,5.497198652570613,1.8215638916948609,5.3752281869162575,2.6717928398831634,-9.596072448775901,5.542271036633989,-4.873177449620897,4.976244812427015,3.9029157482988937
-16.71071814008736,-48.0304630546133,5.635555574169697,3.3526624233159636,16.52747572635143,37.31614960999398,-21.74554207075607,-31.85165634174162,-27.390306786533838,24.753356528802048,-49.257669458464996,-44.653211807852124,6.5164645278143825,-42.98850215432691,-5.330982437424851,11.485946492875389,-8.513253345552585,18.62083926458553,-43.30205232831684,4.373283491032836,21.670429362599634,34.21889860770008,-20.072855532328436,-4.845175736487667,1.9168970290246756,-45.93663993508038,21.374158660092665,-22.940752366494145,-23.47068668354982,-7.999458504179664,24.452980086683905,31.63261987674215,-22.467726460582544,-6.056135815400684,-1.776673621152613,-6.254211801831397,5.656960184818583,4.383370311806082,30.141355055999515,34.69283505043395,-2.13491678815529,11.431283754931409,-19.792437059894908,-8.917170385742988,21.84896124469971,16.856205221394017,-40.9560495313714,-11.30487070042934,-4.728604828034849,-12.95403801324506,-7.361648006230782,20.45424516205143,-13.807837109315285,10.031909362898702,-11.714203814141461,-10.2725734544857
39.1196888182245,111.8163013981936,-12.98230904744674,-7.573296671019201,-38.43934391117815,-87.278339368483,50.33287754830585,74.07896737150965,64.05823745763716,-57.53307715932398,114.78558210031068,103.70251645387684,-14.795162261274909,99.90962596127027,12.232589639368655,-26.695064607666065,19.520913488975335,-43.30205232831684,100.79437457917776,-10.024035953489475,-50.510020431743854,-79.5522363977367,46.586595864935404,11.236679181068533,-4.4586596767888835,106.62273056568019,-49.62501114183206,53.63738202168077,54.42610997696764,18.750381907855946,-56.55608963578509,-73.46756096193538,52.18206897112714,13.886985242918653,4.336107503235824,14.818808962750012,-13.013895752171598,-10.256347651306205,-70.52587266624472,-81.03919004606905,4.996192603537185,-26.748673801920198,45.84577462928424,20.79648478293848,-50.91456843903587,-39.18696283019754,95.41341805691209,26.187034360675128,11.105815929243134,30.303710033515223,17.34380221446201,-47.49037681999422,32.356764905360755,-23.24365389300609,27.36267280576791,24.143633862642183
-3.4961381552017716,-11.084142067720457,1.5257422085917305,1.1531625938471217,3.871808692013921,7.949730860440894,-5.496676087218485,-7.471150141911197,-5.8419685129116985,5.861565414127544,-11.183474562330185,-10.716316732286442,2.1223598395054104,-10.202790203089606,-1.5245892229253581,2.727662020434428,-2.456788551221847,4.373283491032836,-10.024035953489475,1.2678186421887028,4.89741479964799,8.076788905101072,-4.872549973335581,-1.1972921729267876,0.44955062406049195,-11.124067631723987,5.150879303547025,-4.917213058858376,-5.766988415169806,-1.6389314085047582,6.252262967408643,7.582563822214673,-5.386518740568305,-1.7427695657358109,-0.07895094462220031,-1.014850998201534,1.5615973587209058,0.9304589510882382,6.36562484567689,7.552638895998099,-0.45003716130422955,2.4159088887161366,-4.944805468832776,-2.000866211220785,4.959232337808519,3.9798154359683746,-9.343728560285493,-2.8279289187972685,-0.9314047393680839,-2.7541343841927115,-1.363612166286095,4.932473868317614,-2.8373099122831613,2.5066713211957223,-2.55149848421754,-1.9948470536715979
-19.78946774160377,-56.05311544320649,6.39717089750603,3.6098784429801842,19.242083115750926,44.07725641006882,-24.996012675124316,-37.075636231575444,-32.3475775012398,28.76899455177416,-57.63202725299347,-51.78335544382937,7.111326492538544,-49.94374503287413,-5.98653250386316,13.342979394695558,-9.542486601478428,21.670429362599634,-50.510020431743854,4.89741479964799,25.37275919390306,39.79095737898872,-23.23389769987753,-5.591227421475148,2.2313427321144874,-53.1921222386887,24.770171463088726,-27.07334291072611,-27.11131126086565,-9.500892208165798,28.0513213201229,36.69081901560735,-26.05973137064212,-6.792292215103068,-2.3376405863212937,-7.640800724553528,6.397471103068345,5.1802173811673935,35.646961779678435,40.84963036765906,-2.525545510744949,13.517914231720853,-22.797418365748275,-10.452056090626364,25.564635075503965,19.60003864769843,-47.883074626405566,-13.018301145034432,-5.645974702080169,-15.305506539339639,-8.858787551389488,23.70142771192626,-16.392840219960597,11.554596080945934,-13.792024282018554,-12.28829947202687
-30.637223273072976,-88.23215999444098,10.389904292930941,6.221761758723726,30.370223370714896,68.44040593824218,-40.02613889932625,-58.531853377731096,-50.23674804739092,45.49625684172106,-90.45605757655332,-82.09635430272972,12.073834130429823,-79.01758054440326,-9.84219147110375,21.11302108912522,-15.720986588688985,34.21889860770008,-79.5522363977367,8.076788905101072,39.79095737898872,62.89001365836881,-36.9144181422781,-8.914844513484054,3.5226339730067897,-84.4726202303423,39.30033658707966,-42.079862092484376,-43.1738346037248,-14.660885410171826,45.021418081320114,58.1557997772851,-41.306657808768804,-11.182157420512981,-3.2083982329193104,-11.417375958595482,10.43448409820873,8.039282164834741,55.27098955887027,63.65490324428216,-3.914780169576095,20.962623167105516,-36.421089093580086,-16.37190415331451,40.122656028590534,30.979840659355826,-75.21870051038185,-20.80399592137798,-8.659939029780482,-23.758154448735002,-13.467981497112548,37.61011100248528,-25.306839408307937,18.46169687918634,-21.49364614477159,-18.80830080279858
17.732002137583596,51.64866328267664,-6.207724306323765,-3.853869531909744,-17.80951854162198,-39.69397637099882,23.697514322476945,34.33061786076707,29.139894143830688,-26.71476916984113,52.847824464499084,48.28665799092994,-7.413758460860406,46.41335669099235,5.926198300308746,-12.402760978018065,9.478144483048053,-20.072855532328436,46.586595864935404,-4.872549973335581,-23.23389769987753,-36.9144181422781,21.743815816855086,5.264379913754421,-2.0662061393642426,49.74010153232614,-23.12677602318643,24.422125274415546,25.4684189356794,8.466732729960837,-26.694653072780607,-34.200088740852266,24.29219574624476,6.738087794484616,1.6925821575541602,6.44332107392355,-6.25128151851833,-4.661393844217979,-32.02318863166376,-37.00744321615911,2.267797303780611,-12.147142922419365,21.53011918225688,9.552567273205531,-23.440054978074166,-18.18493891897022,43.97096988657688,12.301258100578867,4.980020666240541,13.776833462889037,7.6969121652724946,-22.134972746744868,14.618509741658654,-10.915847047452054,12.496691032380038,10.799841109863086
4.242403499075342,12.451899257692096,-1.515962154095655,-0.9616040720090687,-4.297668008631219,-9.513609847780845,5.754587039497067,8.287601789047075,6.9844081591371285,-6.452196275737697,12.725257456321133,11.67656429284771,-1.8415886166525852,11.215692654996841,1.4548087238701135,-2.9980315623045395,2.328455510096956,-4.845175736487667,11.236679181068533,-1.1972921729267876,-5.591227421475148,-8.914844513484054,5.264379913754421,1.2786800940541532,-0.4989861852761212,12.036784182840423,-5.593622805435672,5.855845396804922,6.170067496080327,2.0239545669440018,-6.488413064196,-8.268693597212458,5.873663058380887,1.6535012506141866,0.378562841319907,1.5152512155900295,-1.529437640756293,-1.1179867356159208,-7.6675528806549575,-8.88131521281921,0.5430871573782349,-2.9098442102266713,5.222369698278989,2.2992876314156887,-5.64346932050986,-4.391933241026996,10.592016917345301,2.985870925709915,1.1868694686538597,3.3026209306403107,1.8273879189213322,-5.355631984804884,3.493662702496235,-2.65120709409577,2.999262384904753,2.5711582739933214
-1.7214117767173827,-4.945258571398657,0.5795675099165398,0.3440405643939071,1.7013824361513252,3.844179944399704,-2.2375458339906027,-3.27918245101861,-2.8215999333318265,2.5480148586392923,-5.072170253500649,-4.5962809167488,0.6692318424495595,-4.425518069178583,-0.5481054523249308,1.1825394972758305,-0.8752049744011289,1.9168970290246756,-4.4586596767888835,0.44955062406049195,2.2313427321144874,3.5226339730067897,-2.0662061393642426,-0.4989861852761212,0.19737483064453137,-4.728119757499504,2.1999507412494785,-2.363173156930268,-2.4154865779601344,-0.8243206541467881,2.5159163921874037,3.2559647206921554,-2.3126631975197696,-0.6224273221300686,-0.18377827314593398,-0.6450424272849511,0.5817211697229815,0.4517113513000104,3.1048591277741604,3.573124292640039,-0.2199419161188547,1.1776926568794512,-2.036622785810579,-0.9184463364050571,2.2497650996135277,1.7352649881978774,-4.217244908749298,-1.1634845179923432,-0.4873367072090426,-1.3346507481417718,-0.7590395744123855,2.105473480565366,-1.4226201879301301,1.032728944073924,-1.2064925274901472,-1.0587620606056012
40.62731933643833,118.21619784436855,-14.184229456042335,-8.780119359144742,-40.758577226934335,-90.92412560678619,54.18800117167583,78.56392113727935,66.74829121979226,-61.13192904943528,120.9806923512262,110.47682041860537,-16.900550715444535,106.20027151901115,13.531216037535923,-28.377893881943592,21.639245640567445,-45.93663993508038,106.62273056568019,-11.124067631723987,-53.1921222386887,-84.4726202303423,49.74010153232614,12.036784182840423,-4.728119757499504,113.7911438036013,-52.9113024769643,55.93888096518016,58.25587897374377,19.400709701820723,-61.03385812752681,-78.24969292415784,55.579820799542986,15.38614075991986,3.9114320861376037,14.796139038691269,-14.280106589471805,-10.676286413850478,-73.3633965808694,-84.75629250968002,5.195245880977971,-27.826438520902045,49.239574349741204,21.868823055683038,-53.660603232892214,-41.612892175860026,100.65415855162233,28.13005963559827,11.415842723030014,31.556467571778118,17.652493864579622,-50.639396403400255,33.498391455433854,-24.959466128383138,28.620249195934985,24.76026603736414
-18.948476304258115,-55.02536575640933,6.578852497984838,4.047450845257304,18.96594957826993,42.39041711078395,-25.172774274680943,-36.55597105492149,-31.11858545893314,28.43959777776456,-56.331221104350895,-51.38026432193764,7.802011028753193,-49.402536517095434,-6.2674736893289635,13.200492880933078,-10.020821413329074,21.374158660092665,-49.62501114183206,5.150879303547025,24.770171463088726,39.30033658707966,-23.12677602318643,-5.593622805435672,2.1999507412494785,-52.9113024769643,24.60585205849555,-26.076571515738596,-27.079650836848714,-9.051681870820321,28.345684119378234,36.39330904010403,-25.849529534834378,-7.126035048021999,-1.8553478233688248,-6.931993411906435,6.620169140802524,4.977491644972063,34.209988729879996,39.498658087218935,-2.422625180602284,12.975151202785637,-22.88027710299339,-10.184699640949095,24.98585077140686,19.35995279270367,-46.8619513689155,-13.070346465356337,-5.330271533909169,-14.712398881504651,-8.251248246285984,23.54848243414586,-15.628775351906935,11.596872804245352,-13.3376184666114,-11.564127738024025
21.42530934867318,59.5591415390238,-6.547444528256516,-3.4145507459521496,-20.38064656148641,-47.569214975000804,26.029002036625652,39.261327181104114,34.902544597790616,-30.40171150956423,61.44086637794764,54.56555464367399,-6.870964247328225,52.756283562437574,6.0352040435049155,-14.093375988419131,9.594425407307353,-22.940752366494145,53.63738202168077,-4.917213058858376,-27.07334291072611,-42.079862092484376,24.422125274415546,5.855845396804922,-2.363173156930268,55.93888096518016,-26.076571515738596,29.185225501274257,28.41791722995653,10.325482093138373,-29.13032944626395,-38.67138508954582,27.465860583355322,6.83354110291057,2.8500909115996937,8.592717706749607,-6.5137841336210895,-5.595369665620276,-38.52923890753253,-43.90608896147613,2.730837846177207,-14.610271764021137,23.8041080580329,11.17020608815899,-27.255120033339924,-20.72632893431245,50.99809968401603,13.590891193419534,6.1764232744481555,16.52532071006914,9.785407842378158,-24.94942168168578,17.8048782990327,-12.067852814653484,14.822631924411976,13.473561121563613
20.60967584431185,60.33259256522926,-7.31724190093739,-4.6127988741742225,-20.821684892886353,-46.17390216055598,27.821359321795313,40.13753293307138,33.89914974445391,-31.251196152510836,61.67961243295975,56.52568409159574,-8.83993187296072,54.297851378636935,7.007837519544261,-14.509404280539632,11.214472904163793,-23.47068668354982,54.42610997696764,-5.766988415169806,-27.11131126086565,-43.1738346037248,25.4684189356794,6.170067496080327,-2.4154865779601344,58.25587897374377,-27.079650836848714,28.41791722995653,29.853139851874932,9.82928655487124,-31.360611562755754,-40.03365358950917,28.435649753036724,7.972423049593825,1.88145846883238,7.4027881835378135,-7.376851526992458,-5.420355714062345,-37.23704382181394,-43.09888740836022,2.636624655882142,-14.124241188996189,25.260945600932963,11.140932300444685,-27.357424062160884,-21.268673475356085,51.332148521467026,14.432231173106038,5.770668846018749,16.023129158477342,8.892568850843992,-25.917742534088415,16.975047390259945,-12.804236126580903,14.55394356981909,12.506154384032525
7.605781187583104,20.830602573773742,-2.21945685990558,-1.0754271561882804,-7.109758754913401,-16.844497480469858,8.953888927972098,13.693880251038578,12.357029750587538,-10.585899570496881,21.546294551062157,18.955259016189316,-2.2097613362880124,18.363425513160223,2.0188567065703182,-4.905314173093556,3.2018442866519874,-7.999458504179664,18.750381907855946,-1.6389314085047582,-9.500892208165798,-14.660885410171826,8.466732729960837,2.0239545669440018,-0.8243206541467881,19.400709701820723,-9.051681870820321,10.325482093138373,9.82928655487124,3.676261097313107,-9.997635913112616,-13.43652062680887,9.542942259187736,2.281811195542639,1.100168450347447,3.1390444333792806,-2.1980865907882636,-1.982631136179877,-13.65966056596806,-15.497515325012696,0.9684514778512223,-5.179513584764259,8.207152610705528,3.9248642256433075,-9.558205448031057,-7.220845006190194,17.870253848970687,4.685135186140654,2.210203306848288,5.85367263035513,3.5274856102339367,-8.659787019441243,6.3363119658130245,-4.161485425284792,5.231560746083671,4.829884542926553
-21.037991768610848,-62.65871623477181,7.828353888519726,5.1764881514187255,21.683156924123303,47.28116083265964,-29.38044523909936,-41.80770245822511,-34.71909201163054,32.60776353185779,-63.87070283938275,-59.12351096952189,9.809684099958082,-56.67823194190027,-7.577309572979325,15.147110605568951,-12.14727291020916,24.452980086683905,-56.55608963578509,6.252262967408643,28.0513213201229,45.021418081320114,-26.694653072780607,-6.488413064196,2.5159163921874037,-61.03385812752681,28.345684119378234,-29.13032944626395,-31.360611562755754,-9.997635913112616,33.189136294786024,41.86451848553294,-29.736950123381824,-8.630789269150297,-1.6173823321132714,-7.252556135810857,7.921694012641976,5.546855710494298,38.07262160745661,44.29941812880419,-2.694917771422403,14.442936052059354,-26.618477290573132,-11.51252283143307,28.327878774602794,22.180054159843394,-53.201613153244004,-15.211405038195926,-5.830638192054575,-16.401617754979718,-8.894517412084458,27.132743987561238,-17.27448553144374,13.492669776345641,-14.960696866536232,-12.606223220497135
-28.114765970822027,-81.46794279721136,9.702332318400748,5.928410707670738,28.070203008362125,62.873029943966536,-37.18892675884447,-54.1027523191684,-46.15356829314176,42.08096329869037,-83.43236717440801,-76.00170502471326,11.447066121426083,-73.09568167592441,-9.229768395941145,19.53121162824621,-14.753461623541982,31.63261987674215,-73.46756096193538,7.582563822214673,36.69081901560735,58.1557997772851,-34.200088740852266,-8.268693597212458,3.2559647206921554,-78.24969292415784,36.39330904010403,-38.67138508954582,-40.03365358950917,-13.43652062680887,41.86451848553294,53.83439081488886,-38.2375366818117,-10.492126167092984,-2.8026505842433256,-10.335283570922874,9.758333763538879,7.383294115787285,50.74896089244974,58.55610809791155,-3.594021689975544,19.247934857564747,-33.81168612287803,-15.088770657074603,37.00677798404277,28.648267975172182,-69.39983264719743,-19.314566558695642,-7.918715174843573,-21.822395721539767,-12.273064290816286,34.8290932197501,-23.19804319145607,17.13790312695106,-19.772591162132855,-17.184673138940497
19.967582092321027,57.86397064344735,-6.8919566289348815,-4.21193344469798,-19.93735954969031,-44.65464405421592,26.415617073821863,38.4278509517222,32.779872993223606,-29.888980477715137,59.258662945293516,53.98276053640274,-8.132599563978482,51.91860161511321,6.556654292697897,-13.872815242206114,10.480626560906476,-22.467726460582544,52.18206897112714,-5.386518740568305,-26.05973137064212,-41.306657808768804,24.29219574624476,5.873663058380887,-2.3126631975197696,55.579820799542986,-25.849529534834378,27.465860583355322,28.435649753036724,9.542942259187736,-29.736950123381824,-38.2375366818117,27.159452098860847,7.453198287471913,1.989412604976665,7.339236064274129,-6.931881650095613,-5.244036541927952,-36.0430846276935,-41.58873420903325,2.5525811544562864,-13.670528572192735,24.016395596941056,10.717059992872175,-26.284335601060228,-20.348201635284767,49.29211454799855,13.719405696493414,5.6238906924095975,15.499203606930664,8.716178725033796,-24.738765069289336,16.475582899843207,-12.173581767222544,14.043252921976725,12.204469538829304
4.864478356022945,15.358803912995642,-2.1021190096603224,-1.5776698915299623,-5.362374189985109,-11.05060838059591,7.590800505529676,10.345744347507031,8.120420224150298,-8.114742022640495,15.506243931139112,14.827208888551692,-2.9072914319065872,14.121643983579055,2.096450813675886,-3.7748804189551395,3.377435058061594,-6.056135815400684,13.886985242918653,-1.7427695657358109,-6.792292215103068,-11.182157420512981,6.738087794484616,1.6535012506141866,-0.6224273221300686,15.38614075991986,-7.126035048021999,6.83354110291057,7.972423049593825,2.281811195542639,-8.630789269150297,-10.492126167092984,7.453198287471913,2.3967400960948284,0.12759785729915613,1.429778527138163,-2.1499962268146864,-1.2930750607375456,-8.85314379773683,-10.490453662323311,0.6258694978516429,-3.359297017513497,6.83198214700423,2.77499123153029,-6.876476917316744,-5.509836412528922,12.952765038468389,3.9061745883144456,1.2991579222727292,3.8281773744289356,1.9071418017370447,-6.822930965329056,3.9505257481127964,-3.4616671000588606,3.5438531801720234,2.7843817850114236
2.196735012616559,4.858354975576822,-0.25357180462728107,0.19409435301503744,-1.5907883079557756,-4.704553151157885,1.5273056901217363,3.0522526031344293,3.4436291939073076,-2.29437800204539,5.240872531582958,3.938420728726648,0.2101673118410083,3.9516025479274828,0.12552547051494833,-1.0534576550827515,0.1693989560378542,-1.776673621152613,4.336107503235824,-0.07895094462220031,-2.3376405863212937,-3.2083982329193104,1.6925821575541602,0.378562841319907,-0.18377827314593398,3.9114320861376037,-1.8553478233688248,2.8500909115996937,1.88145846883238,1.100168450347447,-1.6173823321132714,-2.8026505842433256,1.989412604976665,0.12759785729915613,0.6450511767974242,1.2348587340336157,-0.21225735505697263,-0.5572305260965584,-3.8784537043812666,-4.146766717864725,0.27587529821297885,-1.4683893884227628,1.4719932886820166,0.9819227207280448,-2.3266416393942078,-1.578757490183239,4.294251187787991,0.8355073629231224,0.7029104875330888,1.6408347616409185,1.2157037999447837,-1.7707056910133203,1.8874312977099144,-0.7451891282663158,1.398318649889329,1.567193449364811
6.420931111287992,16.50214552784044,-1.51150343571224,-0.43624364364692236,-5.569665448367012,-14.06914229820278,6.56900159228278,10.715924033654968,10.314012137465731,-8.223437622334693,17.270568979454065,14.565617394889633,-1.0722859987718145,14.237524136894132,1.2764280938028618,-3.8009849507615696,1.996681290918878,-6.254211801831397,14.818808962750012,-1.014850998201534,-7.640800724553528,-11.417375958595482,6.44332107392355,1.5152512155900295,-0.6450424272849511,14.796139038691269,-6.931993411906435,8.592717706749607,7.4027881835378135,3.1390444333792806,-7.252556135810857,-10.335283570922874,7.339236064274129,1.429778527138163,1.2348587340336157,2.956941018928545,-1.460532984827759,-1.6589248164731738,-11.469089438876718,-12.775119605166037,0.8139344972881584,-4.346428382782226,6.088778236368002,3.1711260369198118,-7.663213316696914,-5.621928657954654,14.274886278961091,3.470850501202297,1.9260803359353826,4.894422573469053,3.1615588752786086,-6.627372149217189,5.402622181634263,-3.085246341522078,4.311098240243542,4.23816807157673
-4.661852172946774,-14.401556131492262,1.9077699164877515,1.372570587025041,5.011484880874458,10.548327543071613,-6.983296511165592,-9.66725195872268,-7.749135042129976,7.566462189440637,-14.591541335142333,-13.787282168220553,2.552643061045898,-13.162940494265774,-1.883374371606035,3.5185311765583602,-3.0290365070637795,5.656960184818583,-13.013895752171598,1.5615973587209058,6.397471103068345,10.43448409820873,-6.25128151851833,-1.529437640756293,0.5817211697229815,-14.280106589471805,6.620169140802524,-6.5137841336210895,-7.376851526992458,-2.1980865907882636,7.921694012641976,9.758333763538879,-6.931881650095613,-2.1499962268146864,-0.21225735505697263,-1.460532984827759,1.9441166830432315,1.2358246366034968,8.466339061188696,9.963345649856155,-0.5988598319803802,3.212575606325657,-6.2997561102639255,-2.6186040428686024,6.470967734831937,5.141177904118698,-12.175978716883662,-3.601741975463004,-1.2631242825233724,-3.6564097649551117,-1.8828193530237856,6.338440366299153,-3.8021804147574936,3.193461866080532,-3.3654443307644275,-2.7163979532987446
