V1,V2,V3,V4,V5,V6,V7,V8,V9,V10,V11,V12,V13,V14,V15,V16,V17,V18,V19,V20,V21,V22,V23,V24,V25,V26,V27,V28,V29,V30,V31,V32,V33,V34,V35,V36,V37,V38,V39,V40,V41,V42,V43,V44,V45,V46,V47,V48,V49,V50,V51,V52,V53,V54,V55,V56
3478.7123842169135,-37208.86704261448,-26558.486246112127,-3664.780989442425,-10430.485760326677,29450.207964200716,-47153.21087811604,-51117.97194578285,7020.30391990071,60814.23179554018,12694.337447493856,27942.99257323322,6081.408134277865,22147.698462602177,-19842.860137047865,6404.597088981518,-17111.28134571425,-9758.968273823972,-28215.675132774977,-53007.828634490135,68388.54736939623,-49781.56617419097,-40984.676444449724,10858.54379978719,9829.678031468326,-2601.0432122189663,-17061.88397967179,59260.66798597027,-6284.41650212858,-1931.6073441812632,-24048.847752005655,-8433.37177827154,59948.19601098639,24406.672376612823,42729.885868071375,-26342.494671704295,-57506.238187143594,-29784.330545340563,-37036.25734157783,-21785.687396920923,-23159.69530457018,-70622.92099301309,14854.62753853895,-61835.35690962673,-11928.653153890931,-16897.02672225831,64891.31091611946,84004.19586188834,33424.111011903726,17291.433420993566,16129.276515525033,-10923.34472251879,-37054.64252891598,596.8795066620046,-10165.089653745688,-38753.15048174347
-37208.86704261448,397994.70789297303,284076.0537419982,39200.18231069393,111566.02059371349,-315002.95768605114,504362.12230561185,546766.1830772631,-75091.46767781135,-650483.9125553841,-135784.17586889016,-298885.67093326105,-65048.19814574912,-236900.76166357734,212243.92285674706,-68506.87258297224,183025.77179516404,104382.69445204381,301803.0652838762,566981.7209810116,-731498.6443777197,532476.0888085377,438380.4042802839,-116145.79432267323,-105138.96013908868,27823.899994885247,182499.19809696026,-633866.4057197107,67219.2333296041,20660.12810248105,257231.8532857737,90204.26896453823,-641218.1996051884,-261057.80216170746,-457049.52685804473,281765.44752673054,615101.0942030291,318579.3305569395,396148.0657415868,233022.93189142764,247720.69813911043,755398.6159886294,-158888.6977801106,661405.5678806788,127590.23559260539,180733.36916257686,-694091.3667656626,-898528.0426799079,-357512.916156711,-184950.93856441998,-172524.05034402604,116837.82972672723,396346.2868276221,-6385.58219169997,108728.68671011519,414511.4358039039
-26558.486246112127,284076.0537419982,202764.5493886916,27979.94495821782,79632.2035335174,-224838.79219535235,359997.79931354674,390264.03828701016,-53597.99208949648,-464294.95533631137,-96918.74523807892,-213335.25508784558,-46429.354109053165,-169092.7086754345,151493.01717726543,-48898.24422975115,130637.96249450366,74504.90313730521,215417.67918899583,404693.3837104345,-522120.49911190046,380064.712775715,312901.9500067921,-82901.23142596606,-75044.69473974628,19860.104142606204,130262.31080131796,-452433.87846125884,47978.92698037817,14746.458390193686,183603.94852208003,64384.842493065385,-457681.11504143593,-186334.6307942387,-326227.5984340494,201115.27704335962,439039.8450864326,227391.77542767327,282757.93775509414,166324.20292467315,176815.1223452491,539179.6100302003,-113409.75058189324,472090.42810244457,91069.7227287328,129001.641410564,-495420.36322994006,-641340.8964169179,-255181.5229913916,-132011.88689103734,-123142.39201256969,83395.06275855757,282899.5967861814,-4557.963052899305,77607.16096507151,295865.0288535806
-3664.780989442425,39200.18231069393,27979.94495821782,3861.2494259914274,10988.335218321838,-31024.943035050183,49676.88183406717,53852.213863010395,-7396.281426464314,-64069.13697195615,-13374.759333371077,-29438.797423145035,-6406.884710106204,-23334.542232386022,20904.823276927807,-6748.092771670224,18026.834104347243,10280.627283773265,29726.36651275681,55843.69673260471,-72048.0281236913,52446.08977895129,43177.55593905124,-11439.777636173438,-10355.095755361428,2741.2795801669663,17975.525024665225,-62432.338223550076,6620.598393236224,2034.6573553775563,25335.78412079037,8884.277794248248,-63155.77618751238,-25712.175849411437,-45016.96307001685,27752.267492274692,60584.21154327921,31377.976127746308,39018.184469626125,22950.83952017041,24398.812485297993,74402.22057653686,-15649.663948137562,65144.690658420186,12566.462906061204,17800.833274420384,-68363.6203093277,-88499.70343578892,-35213.21981368991,-18215.89968925314,-16993.104567566366,11507.601190510062,39038.194332391504,-629.3210940361201,10709.309537359335,40826.58571124346
-10430.485760326677,111566.02059371349,79632.2035335174,10988.335218321838,31274.518838567616,-88302.83958518284,141382.8419264135,153270.86487419734,-21049.44918512902,-182343.64665164409,-38062.216755844434,-83783.4380085012,-18234.321137653133,-66406.8476484446,59496.270404260446,-19203.274437931326,51306.00843239111,29261.090236574397,84601.00627591848,158937.29922970032,-205054.3558545632,149263.60552295166,122887.36257119548,-32557.938508615545,-29473.10747120459,7798.76963071738,51157.808296899595,-177685.49580049675,18843.034958139997,5791.716333169242,72107.39985150943,25286.436104029857,-179747.06743538642,-73180.36157595535,-128120.05284615782,78984.59577538121,172425.03920888144,89304.53892943895,111048.49072231798,65321.6840052235,69441.41846453366,211753.80972026748,-44539.69047645287,185405.3859767404,35766.60812738263,50663.627232336985,-194568.34149823416,-251875.83840583998,-100217.87306415492,-51846.25931783913,-48361.49250748128,32752.289606897615,111103.5388991743,-1789.606508170363,30478.693280017655,116196.4201815886
29450.207964200716,-315002.95768605114,-224838.79219535235,-31024.943035050183,-88302.83958518284,249321.1656052636,-399189.64090839826,-432756.29893758654,59432.21689298049,514841.0124687634,107466.60710379056,236559.4749552454,51483.98827883991,187496.35055152446,-167985.72410031062,54219.24883852612,-144860.96053210562,-82618.18191649974,-238867.6299221878,-448754.92038732313,578964.5371546868,-421440.57142802066,-346968.77446261124,91926.1723962387,83216.82483236065,-22018.78367978932,-144441.9686361312,501688.94809226954,-53202.79195953713,-16352.964231011216,-203592.92015945714,-71395.73465386663,507510.39653461735,206622.83283784427,361742.49735318206,-223010.38897510016,-486836.07563161844,-252148.65178707126,-313541.8431769596,-184434.18061577636,-196065.78736175224,-597880.0402669089,125756.29448290468,-523485.89772559603,-100986.26922896253,-143047.43030219313,549357.6302974011,711163.1971137442,282961.5800056583,146386.89158285662,136546.58995710307,-92475.25321661252,-313696.7850922554,5052.517643600222,-86055.41849769125,-328077.13510025747
-47153.21087811604,504362.12230561185,359997.79931354674,49676.88183406717,141382.8419264135,-399189.64090839826,639157.176514226,692893.4934805383,-95160.3883450846,-824331.2859648888,-172074.0149675997,-378765.501521026,-82432.87911933655,-300215.03661319026,268967.8966603388,-86816.17499401266,231940.8692945975,132279.62029529488,382462.7001195273,718511.9790475047,-926997.5997481032,674784.9046336915,555541.0503915844,-147186.7708069135,-133237.99508865783,35260.44501693277,231273.8293838682,-803272.5779438231,85184.08399586243,26181.602725746867,325979.1844772315,114311.96053661266,-812588.8799117703,-330827.43920863385,-579199.9414092972,357069.61841340543,779492.150702116,403722.2020021217,502021.89508328884,295299.9851434517,313926.0087605034,957285.1260580515,-201353.0521618019,838171.7656488342,161689.58366652005,229035.70153987958,-879592.911079326,-1138667.117847418,-453061.3574062271,-234380.28948253923,-218632.77529294186,148063.59721124786,502273.3244211284,-8092.362852404881,137787.4145588785,525292.8935050055
-51117.97194578285,546766.1830772631,390264.03828701016,53852.213863010395,153270.86487419734,-432756.29893758654,692893.4934805383,751153.5286576475,-103159.98097128206,-893635.5604150828,-186537.2373300746,-410608.7154936751,-89363.333314122,-325449.8363939326,291581.17108103394,-94112.5265738978,251441.92332521608,143403.21134007745,414615.68900865817,778924.1121394521,-1004936.3437001308,731515.9181263698,602249.8014822721,-159561.02787074272,-144442.2537126544,38221.190816724644,250716.14308790996,-870806.685373844,92346.42290144454,28383.989487724346,353386.0964244432,123924.23956066158,-880909.4662311613,-358644.0834365298,-627894.9022855655,387090.1317045797,845026.2177132374,437666.1940576,544229.7490994094,320129.97508588724,340320.4053502706,1037769.4057765731,-218281.5256345073,908640.4698137804,175285.67863231085,248293.52159923868,-953546.1557892686,-1234400.7339676782,-491151.0783181435,-254089.0809349028,-237011.94250245372,160513.19116882837,544499.9892257357,-8770.915002330556,149371.0688968895,569458.6115872776
7020.30391990071,-75091.46767781135,-53597.99208949648,-7396.281426464314,-21049.44918512902,59432.21689298049,-95160.3883450846,-103159.98097128206,14168.011305877797,122729.93077050342,25619.65478200056,56392.34154250573,12272.948704906094,44698.08455405829,-40045.04123801368,12925.949283240014,-34532.184827922756,-19693.985771094536,-56942.95678842996,-106974.43205357225,138014.87616028052,-100464.8930052533,-82710.91421032525,21913.823404377315,19836.658459067407,-5250.287255682721,-34433.27597118331,119594.57444825099,-12682.471624534235,-3897.8442225512213,-48533.046002800766,-17018.992230981123,120981.13628164289,49254.553102377016,86233.78498825313,-53161.96302742427,-116054.15597831063,-60107.60920603418,-74742.96236639205,-43965.03644865616,-46738.39169039409,-142524.33808536915,29978.28669397451,-124790.43660429679,-24072.67916352468,-34099.497716624246,130957.06991270607,169529.2644699698,67453.79165436367,34894.97510521282,32551.278525096342,-22044.123806730866,-74780.74876251878,1205.0978020891898,-20514.46313301976,-78207.43601195168
60814.23179554018,-650483.9125553841,-464294.95533631137,-64069.13697195615,-182343.64665164409,514841.0124687634,-824331.2859648888,-893635.5604150828,122729.93077050342,1063153.328936097,221926.82117147988,488500.01071416505,106315.00857421856,387192.44896528975,-346892.2126110684,111968.35667618355,-299137.818271426,-170603.0264740084,-493268.40427537216,-926676.2267963506,1195563.5668008237,-870280.9750991303,-716490.0974294448,189829.15967415003,171839.05282973527,-45476.16330321951,-298277.66912014695,1035993.5576275849,-109863.25052447642,-33766.76933395505,-420420.5608840566,-147429.88466929793,1048008.7688469023,426673.3189385081,747003.504362349,-460518.40877477115,-1005323.5976266295,-520686.9301202462,-647465.6546028584,-380852.9757258579,-404875.34125199623,-1234625.9220293248,259688.2697827156,-1081003.5746023196,-208533.534465236,-295390.922203252,1134424.978317066,1468557.1993374429,584320.5608750674,302283.83548473875,281974.3181126704,-190959.92978261883,-647790.0521651835,10436.947357369116,-177706.6783715473,-677478.5609595785
12694.337447493856,-135784.17586889016,-96918.74523807892,-13374.759333371077,-38062.216755844434,107466.60710379056,-172074.0149675997,-186537.2373300746,25619.65478200056,221926.82117147988,46328.090098845416,101971.94726594402,22192.585228569977,80827.30760347261,-72411.49747545391,23374.290473989637,-62442.5888348472,-35610.87907485726,-102967.96943327489,-193435.33665936426,249564.839612988,-181666.12899729284,-149561.400632433,39625.82523144822,35868.834706152375,-9495.147366376648,-62264.66492406532,216257.19455158437,-22932.903420558916,-7047.867182714728,-87759.78381190886,-30774.06093700178,218763.3237457078,89063.71044757355,155932.64620751192,-96130.13495432533,-209855.4791636078,-108689.19058972606,-135153.80009547886,-79498.83399878562,-84514.30245469027,-257719.38195698234,54208.32219232965,-225652.4536856285,-43528.69776939096,-61659.82727139355,236802.54732413066,306551.15124653064,121973.78035541806,63097.68169811135,58861.666027935156,-39860.87627700371,-135222.93986243146,2179.7503713456013,-37095.555467775965,-141417.96009963704
27942.99257323322,-298885.67093326105,-213335.25508784558,-29438.797423145035,-83783.4380085012,236559.4749552454,-378765.501521026,-410608.7154936751,56392.34154250573,488500.01071416505,101971.94726594402,224457.17638595193,48849.845086256944,177908.80143609425,-159390.75431167913,51447.840389184414,-137448.3493556404,-78388.69995039477,-226648.32312248476,-425790.5659956175,549339.7219725098,-399878.65909292013,-329214.0582906872,87223.14915783887,78956.61834035924,-20896.02932919632,-137053.51445124636,476020.5346929874,-50480.11411408718,-15515.051866422613,-193175.6458903993,-67741.15800410637,481540.8391797774,196048.36684012887,343234.8443005973,-211599.9326371178,-461928.34270333004,-239246.11494607947,-297498.75578347064,-174994.69807313092,-186032.77254011348,-567288.3003969385,119322.12504140097,-496701.7616293704,-95817.10557645433,-135726.56948083296,521247.6342486827,674775.5614686133,268484.9815640327,138893.5017727299,129562.46932520598,-87742.48151215643,-297648.1504729113,4795.85405447967,-81653.13866052822,-311288.9480075321
6081.408134277865,-65048.19814574912,-46429.354109053165,-6406.884710106204,-18234.321137653133,51483.98827883991,-82432.87911933655,-89363.333314122,12272.948704906094,106315.00857421856,22192.585228569977,48849.845086256944,10631.468812226265,38719.08413939527,-34689.11744774907,11196.780718706012,-29913.698762221047,-17060.270023393005,-49326.674415059315,-92667.3758710617,119556.01597072536,-87027.82880329291,-71648.81190775496,18982.856245629417,17183.87303836043,-4547.572422618198,-29827.66261503444,103599.04222120106,-10986.296624253117,-3376.6764286620887,-42041.93395418683,-14742.957167061793,104800.58574496378,42667.22500854588,74700.12009114801,-46051.704291391994,-100532.04959388344,-52068.54809542756,-64746.37766490969,-38085.20674304067,-40487.42348263578,-123462.23281173017,25968.748182401843,-108100.03427658782,-20853.308523392006,-29539.018482958712,113442.17553710885,146855.28876732403,58431.87254485804,30228.320911997253,28197.3294902503,-19095.945993028072,-64778.79851491201,1043.6770088304409,-17770.60884263024,-67747.67040932234
22147.698462602177,-236900.76166357734,-169092.7086754345,-23334.542232386022,-66406.8476484446,187496.35055152446,-300215.03661319026,-325449.8363939326,44698.08455405829,387192.44896528975,80827.30760347261,177908.80143609425,38719.08413939527,141017.29407676216,-126335.31385998924,40780.332748749,-108942.83895163066,-62130.19234387537,-179646.36239905638,-337484.5474568684,435412.60764073656,-316950.1443430519,-260938.0135761231,69134.55335303929,62580.26002369106,-16565.397993710038,-108631.95583476558,377300.788691062,-40010.807384312575,-12296.520341333944,-153113.3308341314,-53691.343662058236,381673.75554786174,155388.64109781064,272053.3329822159,-167716.911175068,-366131.6817148474,-189628.7256178569,-235801.04881239214,-138700.9869696332,-147451.13244736823,-449639.5718938555,94576.46862358156,-393692.64645594393,-75944.27820698757,-107577.34233927532,413146.4195791318,534835.630048945,212805.74033490138,110086.22948214533,102694.7294690282,-69544.92460728879,-235921.27175007542,3802.665792556878,-64719.965224352476,-246730.2783157183
-19842.860137047865,212243.92285674706,151493.01717726543,20904.823276927807,59496.270404260446,-167985.72410031062,268967.8966603388,291581.17108103394,-40045.04123801368,-346892.2126110684,-72411.49747545391,-159390.75431167913,-34689.11744774907,-126335.31385998924,113186.13693065834,-36533.616499706055,97604.57133917762,55665.50667210225,160946.57052266953,302361.81024171115,-390095.96496852173,283960.6169668739,233780.90734569955,-61938.6173106881,-56068.808901127195,14838.08625653155,97323.80476737849,-338030.3682126838,35846.88412438359,11017.680313310382,137177.44040762543,48104.40142976441,-341950.9009022519,-139217.71804646647,-243736.88888129758,150260.80149473596,328023.1537355439,169893.00917060167,211259.12993366772,124267.18521200247,132105.2855631628,402841.435491744,-84732.68942540129,352716.53488415177,68041.70253623558,96382.0536082656,-370147.2887370276,-479169.9705075585,-190655.6819642574,-98631.18447047092,-92004.23144812406,62307.63999879877,211364.87852770535,-3405.3557808241876,57983.20403772917,221051.9843587375
6404.597088981518,-68506.87258297224,-48898.24422975115,-6748.092771670224,-19203.274437931326,54219.24883852612,-86816.17499401266,-94112.5265738978,12925.949283240014,111968.35667618355,23374.290473989637,51447.840389184414,11196.780718706012,40780.332748749,-36533.616499706055,11793.317429941631,-31503.92300331579,-17966.39012184908,-51950.496527272844,-97593.03297149332,125912.14104294502,-91655.74972379701,-75457.62970059895,19992.377854139108,18096.52411532689,-4791.042620281193,-31414.493333753657,109107.83051555401,-11570.21826798106,-3555.694256965746,-44277.19631293789,-15526.168944668998,110371.83363894891,44934.79438954528,78672.4681332587,-48500.31007592942,-105878.07819408311,-54836.55112815058,-68188.76107396887,-40109.01109922003,-42639.65307413291,-130026.44463028977,27349.624740526764,-113847.94014028345,-21961.164935027526,-31108.86893936321,119473.20742723148,154663.45955730657,61539.30446101311,31834.099536380636,29697.631302158712,-20110.762032732848,-68223.93978569387,1099.974364473131,-18715.831912861846,-71349.02983477878
-17111.28134571425,183025.77179516404,130637.96249450366,18026.834104347243,51306.00843239111,-144860.96053210562,231940.8692945975,251441.92332521608,-34532.184827922756,-299137.818271426,-62442.5888348472,-137448.3493556404,-29913.698762221047,-108942.83895163066,97604.57133917762,-31503.92300331579,84168.12203621358,48002.72364409363,138789.84292568167,260738.22747559636,-336394.3930653306,244869.55203327924,201598.1578326098,-53411.90039627794,-48350.518573957794,12794.920485943627,83925.64684581378,-291495.96810623276,30912.161948968573,9501.111967968183,118293.21698242734,41482.4103611538,-294877.22311818803,-120052.91017929313,-210183.17556195558,129575.43966070632,282866.2815166255,146505.17690691055,182176.62250653811,107160.55471998182,113919.42571400391,347385.1642707698,-73068.09834477659,304160.45419705386,58675.1570137786,83114.03745609155,-319191.9173561703,-413206.03946042334,-164409.26582095746,-85053.76620924775,-79338.33438049568,53730.34121925811,182267.49842216936,-2936.3190865987617,50000.953403973755,190621.5469556296
-9758.968273823972,104382.69445204381,74504.90313730521,10280.627283773265,29261.090236574397,-82618.18191649974,132279.62029529488,143403.21134007745,-19693.985771094536,-170603.0264740084,-35610.87907485726,-78388.69995039477,-17060.270023393005,-62130.19234387537,55665.50667210225,-17966.39012184908,48002.72364409363,27377.454753072987,79153.44710136598,148704.50488430055,-191851.95808875785,139652.85307083916,114975.40926745416,-30461.581723827032,-27575.8366906055,7295.996716117693,47863.61418123572,-166244.85390094374,17629.889140074276,5419.008977519147,67464.72556548688,23658.597277159548,-168174.23411644227,-68468.96258815168,-119870.69309722354,73899.07055614785,161322.9783101605,83554.75077016842,103898.5792778889,61116.32789351134,64970.541375362096,198119.9098811977,-41671.90769766595,173467.766849201,33464.084526214116,47401.87563271068,-182041.10520208982,-235658.57964662937,-93765.0007994873,-48508.638582122665,-45247.282715680296,30643.69392578697,103949.68792671488,-1674.0730287833921,28516.151146279204,108715.28390593396
-28215.675132774977,301803.0652838762,215417.67918899583,29726.36651275681,84601.00627591848,-238867.6299221878,382462.7001195273,414615.68900865817,-56942.95678842996,-493268.40427537216,-102967.96943327489,-226648.32312248476,-49326.674415059315,-179646.36239905638,160946.57052266953,-51950.496527272844,138789.84292568167,79153.44710136598,228861.0473256803,429946.04292519327,-554701.4606487404,403782.06444170634,332427.15713987086,-88074.600213635393,-79726.89239518867,21100.66401569461,138391.62790633267,-480667.05739089526,50972.75332230342,15666.282877927159,195061.15578822864,68402.09804075508,-486240.6723153665,-197961.5398658125,-346585.315933248,213665.3364471151,466437.4393249463,241581.16025240975,300402.5151236052,176702.31419427873,187848.4099037852,572825.3896790592,-120486.85439049492,501550.0697780496,96751.99253077507,137051.07571953433,-526335.1629426256,-681361.8749343492,-271105.85987133824,-140248.63020433698,-130827.52657421044,88598.71341212686,300553.7828631515,-4842.988495201685,82450.28468698222,314327.06915102084
-53007.828634490135,566981.7209810116,404693.3837104345,55843.69673260471,158937.29922970032,-448754.92038732313,718511.9790475047,778924.1121394521,-106974.43205357225,-926676.2267963506,-193435.33665936426,-425790.5659956175,-92667.3758710617,-337484.5474568684,302361.81024171115,-97593.03297149332,260738.22747559636,148704.50488430055,429946.04292519327,807722.0417853405,-1042091.1819855133,758562.6169143375,624516.1189864774,-165460.60212373885,-149781.9329289037,39635.589364386775,259986.49619103083,-903003.1901252721,95760.5669419637,29433.036963827224,366451.6993705186,128505.56716621107,-913478.4327024011,-371903.3863637651,-651110.3579324982,401401.97576735844,876269.7792199464,453847.59055068996,564351.32598244,331965.1985174125,352902.6490294642,1076138.4692138906,-226352.09921305292,942235.6468700157,181765.8023182047,257473.08241783237,-988800.9383618942,-1280039.9258754337,-509310.7779494664,-263482.38006250997,-245775.72914226173,166447.43228675413,564632.3308607414,-9095.8024968821,154894.00869002668,590512.5201809219
68388.54736939623,-731498.6443777197,-522120.49911190046,-72048.0281236913,-205054.3558545632,578964.5371546868,-926997.5997481032,-1004936.3437001308,138014.87616028052,1195563.5668008237,249564.839612988,549339.7219725098,119556.01597072536,435412.60764073656,-390095.96496852173,125912.14104294502,-336394.3930653306,-191851.95808875785,-554701.4606487404,-1042091.1819855133,1344466.307912643,-978669.7600621851,-805726.5169768372,213471.28486247838,193241.97231462697,-51138.11414444754,-335425.7788475004,1165021.3419602308,-123546.4656833719,-37972.85522922914,-472782.14393138787,-165792.36390216564,1178534.6082716,479814.718607121,840038.7661105602,-517873.83271922864,-1130531.2247821442,-585536.6557063009,-728104.7516266424,-428287.8183541394,-455301.26785239024,-1388393.2558895429,292031.1243896328,-1215637.377754633,-234506.46925058516,-332181.3501017838,1275713.2103082638,1651459.4357734965,657094.3292768201,339933.56192696793,317091.74334615434,-214743.70094029678,-728468.3804380911,11735.909849212656,-199838.82645585953,-761856.3109813655
-49781.56617419097,532476.0888085377,380064.712775715,52446.08977895129,149263.60552295166,-421440.57142802066,674784.9046336915,731515.9181263698,-100464.8930052533,-870280.9750991303,-181666.12899729284,-399878.65909292013,-87027.82880329291,-316950.1443430519,283960.6169668739,-91655.74972379701,244869.55203327924,139652.85307083916,403782.06444170634,758562.6169143375,-978669.7600621851,712398.657524812,586507.6084123555,-155391.24773095935,-140664.63891031564,37226.33945209979,244165.62685710797,-848048.3828833583,89932.32582867375,27640.876507897163,344149.75840601407,120683.72338177306,-857883.6321642784,-349268.0266050452,-611485.60836854,376973.25898300455,822942.4750461371,426226.2019828798,530005.3524916122,311760.18051798304,331424.62411119795,1010645.6602571127,-212576.82287255162,884892.8568297006,170702.1899954779,241802.33205580618,-928622.6531694605,-1202138.2119543985,-478315.87476578605,-247444.6545376098,-230819.97935769433,156316.76937900015,530271.0565982811,-8543.646277249381,145467.9956817069,554573.3622004327
-40984.676444449724,438380.4042802839,312901.9500067921,43177.55593905124,122887.36257119548,-346968.77446261124,555541.0503915844,602249.8014822721,-82710.91421032525,-716490.0974294448,-149561.400632433,-329214.0582906872,-71648.81190775496,-260938.0135761231,233780.90734569955,-75457.62970059895,201598.1578326098,114975.40926745416,332427.15713987086,624516.1189864774,-805726.5169768372,586507.6084123555,482864.72997173015,-127931.3206044629,-115808.44431523976,30646.100415200257,201017.32245638335,-698186.467940768,74040.32861257375,22756.939346347783,283334.0310821161,99358.04286176001,-706285.2716909298,-287548.87001378724,-503427.3588327336,310357.0231353395,677516.7637661413,350906.88710756233,436346.5483700861,256669.31335265076,272858.0161736573,832051.4158911438,-175011.53673170094,728520.2535231169,140537.84815642814,199073.45526542558,-764523.4227776575,-989704.5176881612,-393790.41723191837,-203719.50093478776,-190029.85657671173,128694.08312035842,436564.15803472744,-7032.981896050579,119761.46649642778,456573.7286063372
10858.54379978719,-116145.79432267323,-82901.23142596606,-11439.777636173438,-32557.938508615545,91926.1723962387,-147186.7708069135,-159561.02787074272,21913.823404377315,189829.15967415003,39625.82523144822,87223.14915783887,18982.856245629417,69134.55335303929,-61938.6173106881,19992.377854139108,-53411.90039627794,-30461.581723827032,-88074.600213635393,-165460.60212373885,213471.28486247838,-155391.24773095935,-127931.3206044629,33894.56436851829,30682.274303269794,-8120.044291143152,-53258.41936728032,184979.6907395759,-19616.383181323185,-6029.110073311188,-75067.30121241469,-26323.97600634667,187124.91943670742,76183.66885549157,133379.68852165825,-82226.90056286931,-179503.5071724956,-92970.12016946818,-115606.85478934158,-68002.30178569409,-72291.6246844933,-220446.01533063213,46368.10380440658,-193016.34266783146,-37234.1890971817,-52742.84253997485,202554.81084673872,262215.13616847264,104332.18286939476,53973.53038811255,50347.42211023109,-34096.405139390445,-115664.86543210813,1863.6161311719327,-31730.07358484379,-120965.69466768262
9829.678031468326,-105138.96013908868,-75044.69473974628,-10355.095755361428,-29473.10747120459,83216.82483236065,-133237.99508865783,-144442.2537126544,19836.658459067407,171839.05282973527,35868.834706152375,78956.61834035924,17183.87303836043,62580.26002369106,-56068.808901127195,18096.52411532689,-48350.518573957794,-27575.8366906055,-79726.89239518867,-149781.9329289037,193241.97231462697,-140664.63891031564,-115808.44431523976,30682.274303269794,27775.65713016799,-7348.808444125843,-48210.366847203404,167449.30910122348,-17757.62659815493,-5458.28561522389,-67953.52023500936,-23830.026730813475,169392.70950127792,68965.06046816967,120739.15753194843,-74434.47877697641,-162491.7647212916,-84160.13086869523,-104651.34456802884,-61559.15893746021,-65441.27637548193,-199555.3248580123,41973.82315945113,-174724.5589113073,-33706.563209874526,-47745.33050173252,183360.0389908208,237365.963256397,94444.32383817292,48860.13313611262,45575.07514623127,-30865.72686470966,-104702.79338803502,1686.178480864301,-28722.744242757817,-109502.96445748613
-2601.0432122189663,27823.899994885247,19860.104142606204,2741.2795801669663,7798.76963071738,-22018.78367978932,35260.44501693277,38221.190816724644,-5250.287255682721,-45476.16330321951,-9495.147366376648,-20896.02932919632,-4547.572422618198,-16565.397993710038,14838.08625653155,-4791.042620281193,12794.920485943627,7295.996716117693,21100.66401569461,39635.589364386775,-51138.11414444754,37226.33945209979,30646.100415200257,-8120.044291143152,-7348.808444125843,1947.5727773584608,12759.801841947605,-44314.21547695802,4698.9816176667155,1443.603627156913,17982.925890928855,6305.217876395175,-44826.13319015746,-18249.050019709164,-31953.11245297094,19698.276026476073,43002.7804774604,22271.19117905758,27694.45232284558,16288.932591652614,17317.456703160944,52809.525270718914,-11108.078999619347,46239.191254763806,8918.522707403014,12634.010178750705,-48522.94213855029,-62815.919431922994,-24994.60317510171,-12927.824728153286,-12062.662868910684,8167.393750509775,27709.793260561655,-447.5708823270328,7601.738987133501,28977.371018098882
-17061.88397967179,182499.19809696026,130262.31080131796,17975.525024665225,51157.808296899595,-144441.9686361312,231273.8293838682,250716.14308790996,-34433.27597118331,-298277.66912014695,-62264.66492406532,-137053.51445124636,-29827.66261503444,-108631.95583476558,97323.80476737849,-31414.493333753657,83925.64684581378,47863.61418123572,138391.62790633267,259986.49619103083,-335425.7788475004,244165.62685710797,201017.32245638335,-53258.41936728032,-48210.366847203404,12759.801841947605,83685.06554983123,-290657.65369548654,30822.993079823143,9473.24683704305,117952.73280188644,41362.36947389442,-294027.73471540195,-119706.41089499072,-209578.94656264354,129202.63793204729,282053.11438707315,146083.1367471009,181652.24577928107,106851.01084997236,113591.1423077788,346385.3235868648,-72857.97278302132,303285.49639069167,58505.40004215593,82874.13742969857,-318272.7807971679,-412016.9586707139,-163936.81358937107,-84807.55350651202,-79111.11047403917,53575.216123772,181743.9075471695,-2928.685551531156,49857.44566341314,190072.26043756408
59260.66798597027,-633866.4057197107,-452433.87846125884,-62432.338223550076,-177685.49580049675,501688.94809226954,-803272.5779438231,-870806.685373844,119594.57444825099,1035993.5576275849,216257.19455158437,476020.5346929874,103599.04222120106,377300.788691062,-338030.3682126838,109107.83051555401,-291495.96810623276,-166244.85390094374,-480667.05739089526,-903003.1901252721,1165021.3419602308,-848048.3828833583,-698186.467940768,184979.6907395759,167449.30910122348,-44314.21547695802,-290657.65369548654,1009527.6376249667,-107056.66966048646,-32904.21229691428,-409680.35632927355,-143663.66596681357,1021236.0716959945,415773.4896987951,727920.2162076902,-448753.83301923773,-979641.1468768221,-507385.3283301105,-630925.2819049578,-371123.70607069967,-394532.30519484263,-1203085.7497378672,253054.1645021791,-1053387.8358188746,-203206.36817782023,-287844.8447968564,1105444.6245691394,1431040.91553976,569393.2227695291,294561.75414575584,274770.7757039454,-186081.6583203369,-631241.2706338001,10170.226577906,-173166.8763416938,-660171.5385014121
-6284.41650212858,67219.2333296041,47978.92698037817,6620.598393236224,18843.034958139997,-53202.79195953713,85184.08399586243,92346.42290144454,-12682.471624534235,-109863.25052447642,-22932.903420558916,-50480.11411408718,-10986.296624253117,-40010.807384312575,35846.88412438359,-11570.21826798106,30912.161948968573,17629.889140074276,50972.75332230342,95760.5669419637,-123546.4656833719,89932.32582867375,74040.32861257375,-19616.383181323185,-17757.62659815493,4698.9816176667155,30822.993079823143,-107056.66966048646,11353.023887744634,3489.4913994435365,43445.14938027829,15235.16658939779,-108298.63136998392,-44091.5179658153,-77193.19149310279,47588.71798936497,103887.24400945974,53806.49462108315,66907.39308061605,39356.6010084899,41838.83947555061,127582.96947293903,-26835.455048250093,111707.93110675919,21549.510741448325,30525.07630954137,-117228.57417927998,-151756.75891336467,-60381.96014668566,-31237.544577079938,-29138.211473331845,19733.406321745777,66940.66732985221,-1078.3327419854584,18363.64116275577,70008.99026618915
-1931.6073441812632,20660.12810248105,14746.458390193686,2034.6573553775563,5791.716333169242,-16352.964231011216,26181.602725746867,28383.989487724346,-3897.8442225512213,-33766.76933395505,-7047.867182714728,-15515.051866422613,-3376.6764286620887,-12296.520341333944,11017.680313310382,-3555.694256965746,9501.111967968183,5419.008977519147,15666.282877927159,29433.036963827224,-37972.85522922914,27640.876507897163,22756.939346347783,-6029.110073311188,-5458.28561522389,1443.603627156913,9473.24683704305,-32904.21229691428,3489.4913994435365,1072.7137969693465,13353.115606255395,4682.861825346149,-33286.489129788184,-13552.145012720475,-23725.484966260065,14626.605289279465,31929.952916069094,16537.86990186951,20564.376975019786,12096.899719625191,12859.555952062117,39213.341228146455,-8247.959236115157,34333.87743431964,6623.699900786615,9382.314899550227,-36031.02900941099,-46643.21242506238,-18558.446939681595,-9601.57582894994,-8955.36062527683,6065.356746225454,20574.202398479734,-331.1180694468593,5644.012998858448,21517.901736088443
-24048.847752005655,257231.8532857737,183603.94852208003,25335.78412079037,72107.39985150943,-203592.92015945714,325979.1844772315,353386.0964244432,-48533.046002800766,-420420.5608840566,-87759.78381190886,-193175.6458903993,-42041.93395418683,-153113.3308341314,137177.44040762543,-44277.19631293789,118293.21698242734,67464.72556548688,195061.15578822864,366451.6993705186,-472782.14393138787,344149.75840601407,283334.0310821161,-75067.30121241469,-67953.52023500936,17982.925890928855,117952.73280188644,-409680.35632927355,43445.14938027829,13353.115606255395,166254.05421628337,58300.89010365143,-414432.1464811761,-168726.95943233292,-295400.09148364497,182110.58382361598,397551.92444265,205904.19091329558,256038.3626189468,150607.48517979067,160106.85422463226,488229.1192033663,-102692.89686967539,427479.4874672588,82464.21134620391,116811.6488632869,-448605.08220646775,-580736.4830538275,-231067.60048244803,-119537.63868721551,-111505.57758155162,75514.66815949125,256166.3462222597,-4127.026539009587,70273.45789765027,267907.04846037156
-8433.37177827154,90204.26896453823,64384.842493065385,8884.277794248248,25286.436104029857,-71395.73465386663,114311.96053661266,123924.23956066158,-17018.992230981123,-147429.88466929793,-30774.06093700178,-67741.15800410637,-14742.957167061793,-53691.343662058236,48104.40142976441,-15526.168944668998,41482.4103611538,23658.597277159548,68402.09804075508,128505.56716621107,-165792.36390216564,120683.72338177306,99358.04286176001,-26323.97600634667,-23830.026730813475,6305.217876395175,41362.36947389442,-143663.66596681357,15235.16658939779,4682.861825346149,58300.89010365143,20444.921412370855,-145330.76685538352,-59168.58255074895,-103588.58350936009,63861.27091190353,139410.3808082718,72205.33176514899,89785.876107793,52814.64521059721,56145.43850031531,171208.98945775328,-36011.5766508131,149905.45208633432,28918.4812231943,40963.11002253894,-157314.12870475498,-203648.75584462789,-81028.87046058089,-41919.434083012726,-39101.44050796245,26481.246320128714,89830.1942160111,-1446.7995886909432,24642.818713807414,93948.23323395858
59948.19601098639,-641218.1996051884,-457681.11504143593,-63155.77618751238,-179747.06743538642,507510.39653461735,-812588.8799117703,-880909.4662311613,120981.13628164289,1048008.7688469023,218763.3237457078,481540.8391797774,104800.58574496378,381673.75554786174,-341950.9009022519,110371.83363894891,-294877.22311818803,-168174.23411644227,-486240.6723153665,-913478.4327024011,1178534.6082716,-857883.6321642784,-706285.2716909298,187124.91943670742,169392.70950127792,-44826.13319015746,-294027.73471540195,1021236.0716959945,-108298.63136998392,-33286.489129788184,-414432.1464811761,-145330.76685538352,1033082.0578746711,420597.10517161456,736362.2980034789,-453958.6382267869,-991002.5602221909,-513270.8049511955,-638243.2621150117,-375429.6240150256,-399108.86752069823,-1217040.0212633745,255989.05611541297,-1065605.2262474822,-205564.37053418998,-291184.3077452314,1118266.918037865,1447638.929847168,575996.5548720425,297980.0098585988,277956.40198896086,-188240.55086158338,-638561.6455277298,10287.19650088159,-175174.90222212678,-667829.4704550226
24406.672376612823,-261057.80216170746,-186334.6307942387,-25712.175849411437,-73180.36157595535,206622.83283784427,-330827.43920863385,-358644.0834365298,49254.553102377016,426673.3189385081,89063.71044757355,196048.36684012887,42667.22500854588,155388.64109781064,-139217.71804646647,44934.79438954528,-120052.91017929313,-68468.96258815168,-197961.5398658125,-371903.3863637651,479814.718607121,-349268.0266050452,-287548.87001378724,76183.66885549157,68965.06046816967,-18249.050019709164,-119706.41089499072,415773.4896987951,-44091.5179658153,-13552.145012720475,-168726.95943233292,-59168.58255074895,420597.10517161456,171237.4025399176,299793.35745985067,-184819.2189832481,-403464.41128260735,-208967.14320950114,-259846.75565945607,-152848.53601363642,-162488.6331014889,-495491.1315435876,104220.22869289295,-433837.52156865026,-83691.49809309926,-118549.66954260746,455278.06998697284,589374.3045533223,234503.94838090613,121316.78633202429,113163.23687264601,-76638.26832596975,-259975.81034956273,4187.762701860157,-71318.3970607341,-271892.4584374757
42729.885868071375,-457049.52685804473,-326227.5984340494,-45016.96307001685,-128120.05284615782,361742.49735318206,-579199.9414092972,-627894.9022855655,86233.78498825313,747003.504362349,155932.64620751192,343234.8443005973,74700.12009114801,272053.3329822159,-243736.88888129758,78672.4681332587,-210183.17556195558,-119870.69309722354,-346585.315933248,-651110.3579324982,840038.7661105602,-611485.60836854,-503427.3588327336,133379.68852165825,120739.15753194843,-31953.11245297094,-209578.94656264354,727920.2162076902,-77193.19149310279,-23725.484966260065,-295400.09148364497,-103588.58350936009,736362.2980034789,299793.35745985067,524867.1449007591,-323574.0596252043,-706370.6182191647,-365850.2081363878,-454928.779891444,-267598.5929247218,-284477.5094065957,-867485.1950714756,182464.78604006593,-759545.5816776537,-146521.81344144398,-207550.44125700562,797080.9565528007,1031852.3488903507,410561.23402930924,212393.52487102489,198123.74100563873,-134174.11780980966,-455156.8318419544,7333.406254710427,-124862.0875835981,-476016.67843811406
-26342.494671704295,281765.44752673054,201115.27704335962,27752.267492274692,78984.59577538121,-223010.38897510016,357069.61841340543,387090.1317045797,-53161.96302742427,-460518.40877477115,-96130.13495432533,-211599.9326371178,-46051.704291391994,-167716.911175068,150260.80149473596,-48500.31007592942,129575.43966070632,73899.07055614785,213665.3364471151,401401.97576735844,-517873.83271922864,376973.25898300455,310357.0231353395,-82226.90056286931,-74434.47877697641,19698.276026476073,129202.63793204729,-448753.83301923773,47588.71798936497,14626.605289279465,182110.58382361598,63861.27091190353,-453958.6382267869,-184819.2189832481,-323574.0596252043,199479.45503407533,435468.6886426284,225542.31788597433,280458.0950478344,164971.57456224863,175377.04208574942,534794.1211710895,-112487.2867001056,468250.53659043845,90329.1460030438,127952.50660516227,-491390.8718326747,-636124.4299875189,-253105.84157907974,-130938.3932135183,-122140.60345338468,82716.84022792894,280598.421953227,-4520.749783669158,76975.86334022153,293458.6815836394
-57506.238187143594,615101.0942030291,439039.8450864326,60584.21154327921,172425.03920888144,-486836.07563161844,779492.150702116,845026.2177132374,-116054.15597831063,-1005323.5976266295,-209855.4791636078,-461928.34270333004,-100532.04959388344,-366131.6817148474,328023.1537355439,-105878.07819408311,282866.2815166255,161322.9783101605,466437.4393249463,876269.7792199464,-1130531.2247821442,822942.4750461371,677516.7637661413,-179503.5071724956,-162491.7647212916,43002.7804774604,282053.11438707315,-979641.1468768221,103887.24400945974,31929.952916069094,397551.92444265,139410.3808082718,-991002.5602221909,-403464.41128260735,-706370.6182191647,435468.6886426284,950639.5192945062,492364.2804494047,612246.9731940565,360136.42554618843,382852.2187041482,1167468.8626104333,-245562.64319144713,1022202.8278833478,197190.28049361001,279323.1219957196,-1072718.2435546527,-1388675.5605413553,-552536.7634124575,-285840.97891208786,-266636.60372519464,180572.65110620818,612553.8955971185,-9869.366121958754,168040.44949761083,640627.2394887959
