V1,V2,V3,V4,V5,V6,V7,V8,V9,V10,V11,V12,V13,V14,V15,V16,V17,V18,V19,V20,V21,V22,V23,V24,V25,V26,V27,V28,V29,V30,V31,V32,V33,V34,V35,V36,V37,V38,V39,V40,V41,V42,V43,V44,V45,V46,V47,V48,V49,V50,V51,V52,V53,V54,V55,V56
1.2568362729523435,-0.2439523396502785,-1.7138536242729054,0.9301053632993144,-0.7987759939038707,-0.12094608750109302,-2.526994153884676,-0.3435512403704527,0.04009010639569165,-0.28182057126987003,1.2946859253951915,0.37084246715577607,0.5806198763188039,-1.028392454093569,0.5473881171035068,-0.062259014164960665,-0.7630415525541228,-0.300171830804014,-1.2166094265877128,-1.474376863284018,0.2923980350945106,-0.4228283401891473,-0.5036308431263001,0.8495593028430027,-0.6466083557037225,0.40347574811068815,-0.6955290953418417,0.27971523605314996,-0.5010233089192065,-1.2712294406763847,-0.7304538041751362,-0.13792721127206753,1.3691112262222769,-0.4815778817551552,-0.30885013284197826,-0.7412031503477587,0.1698269218809855,0.4770454719957711,1.2406847922264514,-1.837525480894451,-0.6928921461251958,-0.21242147435055717,-0.5956856415504781,-0.9075472328509411,0.19487330812182377,0.09329025711471069,1.7837524598831969,1.0567358225988606,-0.37312523157632765,-0.3464484803568772,0.39063610119062503,0.6139401024427862,0.009335164130891402,0.43634030738939866,-0.41590477538411486,-1.0883745863986305
-0.2439523396502785,4.044469642902078,2.7060738374275983,0.517442798264197,1.058018245875779,-3.219351579676878,4.857782145447882,5.541771605593021,-0.7573941458016602,-6.6854768836296286,-1.2489408155323396,-3.015830156129712,-0.6028059362802927,-2.5422505110619156,2.244484272467254,-0.701353386191087,1.7862906358647586,1.0402883221588781,2.9413319255451316,5.640432393806346,-7.430287800183308,5.396938571454004,4.408853269724621,-1.0926813417660048,-1.1501683855072464,0.33255698521073107,1.7840510524037205,-6.4410294741066725,0.6265205165790665,0.06375645345778506,2.54016533591574,0.9182498008704304,-6.372439898893899,-2.717862942279557,-4.718998190680597,2.797902308950541,6.316224856540195,3.3082899877938376,4.192974171644263,2.1654110738493193,2.4516053576770123,7.686411180392501,-1.698376719318474,6.653494950875462,1.3082460375570324,1.853316435856781,-6.877930763072661,-9.0541208477832,-3.7012929227923665,-1.9256530315082354,-1.7202687534108896,1.2633730809955135,4.054790699014917,-0.006744060347031767,1.0640449148798543,4.119133800771345
-1.7138536242729054,2.7060738374275983,3.7917425077248983,-0.8921889244579054,1.6158477640717286,-1.790755364612607,6.101205634585256,3.7405558676582333,-0.5106763656400197,-3.6002244224639695,-2.3677195328891196,-2.260404091943117,-1.086918408581839,-0.19847270487414553,0.6188697950866004,-0.3509794162296448,2.0266912405619215,0.9793269629627187,3.296955395522779,5.20175838845936,-4.8207726304120655,3.7376261180624457,3.286116006698288,-1.7299779875596806,0.14558039978484544,-0.3225400206970512,1.9400386449279188,-4.194973063489589,1.0128276696032543,1.657467626455547,2.4424481815604664,0.6955038334590495,-5.577106500401194,-1.0217340170549896,-2.3877143622256707,2.602763591960822,3.517182333284054,1.3606492329463176,0.9137665917353285,3.6341843676041568,2.340966942646911,4.851893362557841,-0.23726723493484572,5.107270352888498,0.5653310250991888,0.9883326784762897,-6.369516401379145,-6.734643579066352,-1.7246680200034563,-0.7146589485405326,-1.510885198132105,-0.030630141204685504,2.3939137878879375,-0.5785193951919457,1.151773204068653,3.8210977103798256
0.9301053632993144,0.517442798264197,-0.8921889244579054,0.8481779540376843,-0.42430022171721227,-0.6207201829276455,-1.171336655867134,0.6739887718663241,-0.08775347170303927,-1.3949702541933995,0.7871150348933738,-0.23524931245001068,0.34522715972414664,-1.2617668183285016,0.8483630171826424,-0.15683426199904776,-0.28837410732181706,-0.037665899191336893,-0.4603689017398937,-0.15963993943618834,-1.02419099479703,0.6080023995735391,0.33453803182069103,0.479820781309061,-0.7167201967746737,0.3831363020419279,-0.24193950116307458,-0.8822550695928096,-0.2941714008192003,-1.0000062109956265,-0.14743341513284244,0.07776014882249138,0.03554008287365518,-0.836757649241085,-1.090085747574057,-0.09707355560380837,1.2521818012139427,0.9475284949677613,1.7125778341028535,-1.0931594355771181,-0.12669218867388593,1.1441479813057172,-0.7813260537138821,0.43093088491888093,0.34051247539224994,0.3864466553771363,0.24351311794941957,-0.7160283509071984,-0.9435427245472333,-0.5975332310541436,0.005369009137531264,0.7041278017428488,0.71568085146977,0.3649084306157491,-0.1403934267629327,-0.13359163094255164
-0.7987759939038707,1.058018245875779,1.6158477640717286,-0.42430022171721227,0.7140425903946597,-0.6474630071885314,2.577482445910611,1.4486124395611883,-0.19165483245835901,-1.3462169145426381,-1.047061798094402,-0.8994800286504865,-0.47940294580707116,0.028607713102528628,0.19077256025855638,-0.11835664824464873,0.8523401457579862,0.41567548050038994,1.3765375471874282,2.1451834531935425,-1.84026210737489,1.46755959801137,1.2833313729999059,-0.7459272116916295,0.11872549979199472,-0.1603535605490316,0.8110414466603177,-1.6143831674726512,0.4342562218263506,0.7598734683036726,0.9999881413770094,0.29481046426159846,-2.228557157077629,-0.32651679649775184,-0.8897750693352278,1.0674196397142008,1.3306790491231784,0.4655102289743332,0.21831048143738302,1.5642676812924379,0.9593746629961152,1.8544644095060656,-0.03702077148390857,2.033474489845941,0.17123582234694074,0.36133313630084407,-2.59398425246951,-2.6595996561313093,-0.6173776018209235,-0.2284748555869573,-0.6189771254940293,-0.07551232539699627,0.9107224778156673,-0.252788814487191,0.4856218988285891,1.571556227627379
-0.12094608750109302,-3.219351579676878,-1.790755364612607,-0.6207201829276455,-0.6474630071885314,2.6790308970092265,-3.3605911335109124,-4.440078316289844,0.6188539010239146,5.4930605098337075,0.6826158391976638,2.3549484989980938,0.3403622764764475,2.307166001462364,-1.9276657210654236,0.598972060970115,-1.2619021124856984,-0.755846029788079,-2.1083995055289835,-4.19870826782542,6.000231729322291,-4.2795033212314975,-3.496149850408569,0.6773305477076357,1.0873698293482543,-0.3629939358950127,-1.2871862345029712,5.182632435514435,-0.39627779935152274,0.2495401484755633,-1.9020800366514523,-0.6858097846391555,4.908575602177757,2.3381580460874525,3.8831537705550145,-2.0898463812234547,-5.153642539439865,-2.81043711189806,-3.703209119425982,-1.3321534793110137,-1.8290196096385567,-6.221992382390172,1.5100023048652935,-5.1980889557776555,-1.1523295855641278,-1.539939539402128,5.191236029039066,7.127615506700152,3.0887789267198467,1.6590536230762276,1.3010879469123344,-1.1775577395985826,-3.2929462185390297,-0.07986561557194566,-0.764547035836202,-3.0709863097225547
-2.526994153884676,4.857782145447882,6.101205634585256,-1.171336655867134,2.577482445910611,-3.3605911335109124,9.960969546499925,6.721892219538959,-0.9231533527853604,-6.784639388245681,-3.69618735271566,-3.9685538597735683,-1.7038522163962342,-0.8929814506104057,1.4116559831934212,-0.6780902188609395,3.3390768226918333,1.654603046222958,5.45662684899484,8.817342226965309,-8.724394314218625,6.669849545026165,5.80180104900715,-2.74133845244772,-0.06978938359355406,-0.3826612711370034,3.2267166868242185,-7.585850051671178,1.6124804725624344,2.4001802313573726,4.133523981333313,1.2099002877008909,-9.57597959663384,-2.1216091799065513,-4.555507752913208,4.408812602255616,6.566755909322481,2.7580929877306364,2.3181589684229933,5.751742214096121,3.955554010959871,8.840667043477925,-0.7455101197093599,8.95164581440072,1.1465231730630516,1.8746276323863786,-10.832628638857702,-11.875200694241052,-3.358343325213858,-1.4934104987109533,-2.5884807848857094,0.2642194251602969,4.413425733342751,-0.8394317168021803,1.919094345739873,6.473637368468268
-0.3435512403704527,5.541771605593021,3.7405558676582333,0.6739887718663241,1.4486124395611883,-4.440078316289844,6.721892219538959,7.621480359271278,-1.0505179406292424,-9.156971900806242,-1.7159366613980844,-4.13466334467978,-0.8275725279950614,-3.4637978220629217,3.0438560014868625,-0.9721662811799773,2.456103801062927,1.4177513800512889,4.062922301175437,7.731020381503552,-10.21834615731095,7.40331759313539,6.082942332725321,-1.5050949686317432,-1.5652157373671165,0.44666062814567653,2.4630720188162365,-8.849296603103742,0.8741143051838033,0.1114179744601348,3.5075669685666733,1.2384939445322818,-8.809558939422185,-3.7286419884948776,-6.4435272340431,3.842749752130429,8.641074386387091,4.5356201185935054,5.726355603272853,3.0108787297434025,3.3751107905027955,10.566699219160359,-2.3084356676766853,9.146778577110902,1.82660785770084,2.550303828871241,-9.487636678353647,-12.453288669909991,-5.059606699199391,-2.6435293888340508,-2.363638557818776,1.7258850426054566,5.555410906838115,-0.03216820486553296,1.467493003151194,5.652183636862589
0.04009010639569165,-0.7573941458016602,-0.5106763656400197,-0.08775347170303927,-0.19165483245835901,0.6188539010239146,-0.9231533527853604,-1.0505179406292424,0.14777026424737053,1.2549536799639327,0.22690659480137323,0.5645794993093891,0.10958690702593957,0.4756584232053476,-0.4108115888185635,0.1374057705600162,-0.3336395240101286,-0.18914994999832582,-0.5580775274368969,-1.0490745805090704,1.410348641967921,-1.0136398376011144,-0.8433090819034686,0.20282042518387272,0.21538647387573776,-0.060999180855286265,-0.3379878879586245,1.2179749373739508,-0.12107540082622399,-0.013858033577204106,-0.4836664063288434,-0.162003435527976,1.2225427196220664,0.5162523612884187,0.8774494412607663,-0.5240549163663357,-1.1803645386082569,-0.6254491162020595,-0.7874683581756372,-0.41335393932078035,-0.4625751175613473,-1.457024200879844,0.3142780063331612,-1.2559036593669297,-0.2629271775282179,-0.35341170876507727,1.3069302512879066,1.7133258317455384,0.6923304170425784,0.3664181318931844,0.32276652471629724,-0.239063123151637,-0.7609772870383932,0.00893401133976919,-0.20063588192204354,-0.7690302304224752
-0.28182057126987003,-6.6854768836296286,-3.6002244224639695,-1.3949702541933995,-1.3462169145426381,5.4930605098337075,-6.784639388245681,-9.156971900806242,1.2549536799639327,11.441187260903725,1.3831289569241882,4.877097954799399,0.6922818564868498,4.86578160357375,-4.091761487189506,1.2157183141883494,-2.5845145107802745,-1.5918533142863012,-4.2820852823099775,-8.686930294309631,12.360863140212368,-8.868148427349515,-7.153205034929006,1.3617665221084356,2.3069344952679423,-0.7906195428112734,-2.6244981536636427,10.706672251909605,-0.7770027020147944,0.6065287258251817,-3.8785809356012324,-1.4754330388533063,9.974923648973713,4.847920250269999,8.136373470566708,-4.301320768248871,-10.752942421702054,-5.851146594052868,-7.768027195898177,-2.619780973922161,-3.7453747936027475,-12.849549982723921,3.2027639148507894,-10.718233151718191,-2.312804731595907,-3.1805075046308167,10.605459009535263,14.68328529032016,6.447784195144809,3.4404538630068577,2.6866284460342205,-2.4782325122160813,-6.844774787404959,-0.2376993065843257,-1.568203304488587,-6.335962553310784
1.2946859253951915,-1.2489408155323396,-2.3677195328891196,0.7871150348933738,-1.047061798094402,0.6826158391976638,-3.69618735271566,-1.7159366613980844,0.22690659480137323,1.3831289569241882,1.5895071880868252,1.1194222347768747,0.723480428193841,-0.3819386282406525,-0.022645598424744152,0.11341219487776517,-1.1993300734006658,-0.5532417948142533,-1.930160332689802,-2.863832590148459,2.142010031656943,-1.7607267116549743,-1.5922858800216053,1.115095247240104,-0.35467188760810847,0.31751446021238217,-1.1264962597473527,1.8794977276109615,-0.6489189164153389,-1.2711375984198463,-1.3496500020089193,-0.36492696419311077,2.9367211191191,0.20498724587962153,0.870880085093692,-1.430952838834,-1.4050288226296472,-0.349913131354907,0.17978578428741224,-2.353318446797732,-1.2951690639756706,-2.1186925138328356,-0.16641167906759424,-2.5488407227719105,-0.13129907136548416,-0.36675528588187456,3.4673476489020993,3.2929681823859753,0.5580067269768776,0.13797463532584311,0.8114425878432818,0.2939240132024958,-1.001150684576742,0.43356261425299464,-0.670658532702404,-2.1032382135530767
0.37084246715577607,-3.015830156129712,-2.260404091943117,-0.23524931245001068,-0.8994800286504865,2.3549484989980938,-3.9685538597735683,-4.13466334467978,0.5645794993093891,4.877097954799399,1.1194222347768747,2.278882474708855,0.5333800318660673,1.7116452567937277,-1.566974537010926,0.5081158638548606,-1.4340947717735224,-0.8103572846971739,-2.354735449120859,-4.381764595046177,5.521093264158904,-4.0393331939324755,-3.3267331471553883,0.9380155442148304,0.7449853877627468,-0.18092020286180183,-1.4205026971701673,4.787714164261489,-0.5392375163477936,-0.24517000829584823,-1.9836704252981165,-0.695306540240684,4.909888765214712,1.929170119301078,3.424967634552518,-2.1761756217481967,-4.622940942603384,-2.361387822120607,-2.89479565296032,-1.8816611011375384,-1.91359937037549,-5.693388466827841,1.1563312526499128,-5.039820992634718,-0.9358790110365582,-1.3501502684153133,5.34230096794408,6.831719160248397,2.6686719437321,1.365288666198799,1.3262240028326162,-0.8340664754253928,-2.9842723469709864,0.07502503122481455,-0.8461962024122891,-3.2025698750712372
0.5806198763188039,-0.6028059362802927,-1.086918408581839,0.34522715972414664,-0.47940294580707116,0.3403622764764475,-1.7038522163962342,-0.8275725279950614,0.10958690702593957,0.6922818564868498,0.723480428193841,0.5333800318660673,0.32978618169128715,-0.14183514012122547,-0.035428078572544354,0.058315896599223094,-0.5551804993292622,-0.2586650841952533,-0.8941838609648465,-1.3414498637142616,1.0388384153280947,-0.8461991209404468,-0.7597172866876047,0.5099040227889647,-0.14531554602378535,0.13792175682670949,-0.5226539180134463,0.9107092188487927,-0.29655315731554593,-0.5679624288722929,-0.6306033888130538,-0.173420565314972,1.3814700992423303,0.12180455938123409,0.4417308395587985,-0.6699446439383934,-0.6979210147326459,-0.19309573626474402,0.033189066661085315,-1.074284203705754,-0.605521327193997,-1.0313758725412956,-0.05516789055141052,-1.2119736309028877,-0.07283898026726925,-0.18426469864059,1.624096994644567,1.570734009642959,0.29063612213942835,0.08301964113832852,0.38139112172228146,0.11697522466567901,-0.4923288166824285,0.19333892533526892,-0.3112079228339575,-0.9848061354205301
-1.028392454093569,-2.5422505110619156,-0.19847270487414553,-1.2617668183285016,0.028607713102528628,2.307166001462364,-0.8929814506104057,-3.4637978220629217,0.4756584232053476,4.86578160357375,-0.3819386282406525,1.7116452567937277,-0.14183514012122547,2.738874318680517,-2.0773654781705004,0.5336859150647703,-0.4909573942037083,-0.4354920507250349,-0.8422541680681307,-2.457899539834981,4.794294878580964,-3.2971827168773475,-2.523760271019605,-0.0719426857071212,1.4174504252662539,-0.6219699048527542,-0.5555043341895191,4.140968144092977,0.05553675560136335,1.1852886709363653,-1.0354575759352789,-0.5107844190764511,3.0215470631448076,2.317599704793317,3.5476208264481346,-1.2040484117155426,-4.507029433266637,-2.729349451781332,-4.073427051337921,0.2949709949447078,-1.0106211473431563,-5.0596619245957575,1.7482061769164698,-3.688118065933301,-1.0660136442345969,-1.3585090463900897,2.988450152541309,5.184537827631819,2.8978943038413627,1.6490087778475633,0.8077125986173975,-1.4600648914170753,-2.7918599445181544,-0.42776206886363316,-0.33447798985413796,-1.7795116189668028
0.5473881171035068,2.244484272467254,0.6188697950866004,0.8483630171826424,0.19077256025855638,-1.9276657210654236,1.4116559831934212,3.0438560014868625,-0.4108115888185635,-4.091761487189506,-0.022645598424744152,-1.566974537010926,-0.035428078572544354,-2.0773654781705004,1.6503278751956307,-0.43415252829662815,0.6242107120579834,0.458075011014054,1.0327560385996088,2.5070698845246007,-4.1673153938925855,2.934752526808493,2.2742616625839984,-0.16714052398222498,-1.042958590222999,0.42711772868184045,0.6527054673033316,-3.6101086214966234,0.0791357507780724,-0.6829734236336705,1.0688834504094076,0.4859504389967207,-2.916520977788236,-1.853494213529379,-2.967913952598554,1.229301367291377,3.8222494541722987,2.2056548624415697,3.162808228126906,0.22293152257249796,1.0454341422954874,4.370433104610264,-1.3454897339734737,3.387520425405905,0.8403425830972073,1.1312987189863593,-3.007059481094488,-4.700190257331868,-2.3896091764203105,-1.3158804314061026,-0.7933992307015995,1.0853892994843641,2.3894534969405807,0.259907444114022,0.39205711421642375,1.817506210588472
-0.062259014164960665,-0.701353386191087,-0.3509794162296448,-0.15683426199904776,-0.11835664824464873,0.598972060970115,-0.6780902188609395,-0.9721662811799773,0.1374057705600162,1.2157183141883494,0.11341219487776517,0.5081158638548606,0.058315896599223094,0.5336859150647703,-0.43415252829662815,0.13598201790653158,-0.2572601723525936,-0.15567127555112384,-0.43468265161642067,-0.881765551276042,1.3196707342336838,-0.9308327045906274,-0.7627556206974174,0.12638092722468708,0.2555807611582717,-0.08953440204400605,-0.26614333908760596,1.1369325041738154,-0.07560253126652486,0.08694402936863509,-0.4022133729175831,-0.1429223087948675,1.0557871065147775,0.5299306491497093,0.8588663212061929,-0.4403249096531339,-1.1360891249354625,-0.6324162141335055,-0.8473220024766709,-0.24841451819043928,-0.3855854483137137,-1.3692763123978373,0.34562045098569044,-1.1229375395671688,-0.2659438020195718,-0.343365667631235,1.1023563696125904,1.5465355500164513,0.6887054952050062,0.37625141465784484,0.2758893788621797,-0.27561943979173803,-0.7248484737534067,-0.02544279617905456,-0.1574366136684678,-0.6460094186318573
-0.7630415525541228,1.7862906358647586,2.0266912405619215,-0.28837410732181706,0.8523401457579862,-1.2619021124856984,3.3390768226918333,2.456103801062927,-0.3336395240101286,-2.5845145107802745,-1.1993300734006658,-1.4340947717735224,-0.5551804993292622,-0.4909573942037083,0.6242107120579834,-0.2572601723525936,1.1392543235585146,0.5814386667901066,1.855136428069765,3.0950998347833667,-3.2097885550356544,2.4358720000560106,2.0808602954172515,-0.9034045105090607,-0.12316843738411572,-0.08168408546257906,1.1004731841874178,-2.7915381789596254,0.5247938281219651,0.7064521910971733,1.4311220145225716,0.44416246847489915,-3.3539014639341236,-0.861778382661224,-1.76346009074354,1.5430716503905495,2.492868683130319,1.1000904501546245,1.0551293921463403,1.8722206674072226,1.3758197282918148,3.2649519267455873,-0.3738600018177812,3.2102013538071623,0.43944267042066065,0.7101251327030105,-3.7732997677944904,-4.2760224945205705,-1.318571116327643,-0.6065599063798605,-0.9111277466508823,0.1885070520933925,1.655841083448362,-0.24091161874938152,0.6546703115306237,2.2683956529754465
-0.300171830804014,1.0402883221588781,0.9793269629627187,-0.037665899191336893,0.41567548050038994,-0.755846029788079,1.654603046222958,1.4177513800512889,-0.18914994999832582,-1.5918533142863012,-0.5532417948142533,-0.8103572846971739,-0.2586650841952533,-0.4354920507250349,0.458075011014054,-0.15567127555112384,0.5814386667901066,0.3174305650529272,0.9441066109206675,1.6664463155639002,-1.8653720251356178,1.4043859402255991,1.1638594335077646,-0.4263949360916746,-0.16424358541080888,0.00895438558098842,0.5660700333328369,-1.627083625006142,0.24426105421200972,0.2492704817551382,0.7549302523491654,0.2601982313135904,-1.7969684610386614,-0.5720905667620525,-1.109627425023249,0.825024800936158,1.525474473288964,0.7218538681602313,0.7998795308304061,0.8664688325931476,0.7283825938134505,1.9175285119075454,-0.31154094506089147,1.7983455369495103,0.2709068231736978,0.434340236977803,-2.008868244611027,-2.41032150291037,-0.840897028068509,-0.4045466807678346,-0.49614283410870214,0.1958817276032148,0.9945179447314397,-0.0753564948967003,0.3394238931987541,1.2164858846907471
-1.2166094265877128,2.9413319255451316,3.296955395522779,-0.4603689017398937,1.3765375471874282,-2.1083995055289835,5.45662684899484,4.062922301175437,-0.5580775274368969,-4.2820852823099775,-1.930160332689802,-2.354735449120859,-0.8941838609648465,-0.8422541680681307,1.0327560385996088,-0.43468265161642067,1.855136428069765,0.9441066109206675,3.0363557056028174,5.052585504097664,-5.314061071333781,4.012793937222617,3.445077135562805,-1.4603321767702295,-0.22514153782208762,-0.12288755268906829,1.8027232624075422,-4.616255759559387,0.8567893230106715,1.1292059664648337,2.3527699032009055,0.7158591872344643,-5.534735124194037,-1.4457814951279297,-2.91256806857751,2.523324104750408,4.118024553365529,1.8405889643574898,1.783611898620239,3.0440476009928825,2.2544521998876323,5.410298978777498,-0.631426081102551,5.287439388465713,0.756612800185616,1.1850774099986738,-6.202832090909261,-7.053416908550385,-2.185428321451757,-1.0197918971008688,-1.4942925470704216,0.3351404630526368,2.7363305648762672,-0.3937005208497093,1.0723414419990596,3.7064879808171303
-1.474376863284018,5.640432393806346,5.20175838845936,-0.15963993943618834,2.1451834531935425,-4.19870826782542,8.817342226965309,7.731020381503552,-1.0490745805090704,-8.686930294309631,-2.863832590148459,-4.381764595046177,-1.3414498637142616,-2.457899539834981,2.5070698845246007,-0.881765551276042,3.0950998347833667,1.6664463155639002,5.052585504097664,8.912855991797711,-10.219996788514324,7.613679577474608,6.3617259438655775,-2.2499313629425624,-0.9415881072273435,0.07159590096759952,3.022641848319405,-8.879594304645476,1.2973573683595339,1.254975594227284,4.067423181775043,1.3567447097465364,-9.787638128805563,-3.2000226972119763,-6.034925920592699,4.430919223529142,8.30003504824627,3.986468287221422,4.473404296840201,4.589223116418792,3.9202538398617657,10.479091532322636,-1.7244502733996396,9.73729592084262,1.5689103921494398,2.3919161709395875,-10.840499596776022,-13.08710827316747,-4.6180288791960535,-2.259808364341087,-2.6592244039273027,1.1234805708779905,5.420768558385917,-0.4115389686654164,1.8009225147727421,6.5199668430206135
0.2923980350945106,-7.430287800183308,-4.8207726304120655,-1.02419099479703,-1.84026210737489,6.000231729322291,-8.724394314218625,-10.21834615731095,1.410348641967921,12.360863140212368,2.142010031656943,5.521093264158904,1.0388384153280947,4.794294878580964,-4.1673153938925855,1.3196707342336838,-3.2097885550356544,-1.8653720251356178,-5.314061071333781,-10.219996788514324,13.730355324172585,-9.912928094426524,-8.129752374316807,1.921453380434469,2.186757305800674,-0.6500640505767571,-3.2241832294565005,11.881848243169637,-1.1127865914951478,0.010861609124383312,-4.628061188800339,-1.6453555357819074,11.696265224209151,5.088025929926267,8.711440487176096,-5.081148755797734,-11.652854514622936,-6.166131786304649,-7.869132164074503,-3.8223780630186335,-4.457604802851588,-14.200430429355276,3.180433287020611,-12.19807133305233,-2.4897336795315037,-3.4450379787824805,12.546608547364126,16.632720979819442,6.863502075516098,3.606005794880728,3.1296347356376355,-2.400330815710224,-7.481460078470058,-0.007723602264887149,-1.9179736314604794,-7.472168030008778
-0.4228283401891473,5.396938571454004,3.7376261180624457,0.6080023995735391,1.46755959801137,-4.2795033212314975,6.669849545026165,7.40331759313539,-1.0136398376011144,-8.868148427349515,-1.7607267116549743,-4.0393331939324755,-0.8461991209404468,-3.2971827168773475,2.934752526808493,-0.9308327045906274,2.4358720000560106,1.4043859402255991,4.012793937222617,7.613679577474608,-9.912928094426524,7.2115194951764385,5.912366325391116,-1.5197781294469286,-1.4775063523292085,0.40920432555061836,2.430460176362204,-8.593037264312198,0.8754474661807353,0.18782497598865416,3.4408423200840987,1.2264095195597875,-8.598926738527803,-3.5786763190947943,-6.24603022351476,3.779544602329232,8.38305838023089,4.363904951232299,5.476356173950229,3.031114767337967,3.3170189438847406,10.246983470476074,-2.208334415112702,8.925014616726967,1.7338531581699805,2.460499171588103,-9.299145007942492,-12.133400388878998,-4.890279437032596,-2.535690687309171,-2.319220833955141,1.6319685230599033,5.391197504800452,-0.04818367355032101,1.4493108488738566,5.562731795213488
-0.5036308431263001,4.408853269724621,3.286116006698288,0.33453803182069103,1.2833313729999059,-3.496149850408569,5.80180104900715,6.082942332725321,-0.8433090819034686,-7.153205034929006,-1.5922858800216053,-3.3267331471553883,-0.7597172866876047,-2.523760271019605,2.2742616625839984,-0.7627556206974174,2.0808602954172515,1.1638594335077646,3.445077135562805,6.3617259438655775,-8.129752374316807,5.912366325391116,4.912400901016224,-1.3497634306289243,-1.1037581288335039,0.26937766105781824,2.078273461235467,-7.036516913891893,0.7911833032040325,0.3398913075684064,2.913781374890936,0.9854523185590456,-7.246549285297575,-2.8533259127140203,-4.999624559502844,3.170059410056473,6.761698214983362,3.4834022164179403,4.267176039316996,2.7414231161814073,2.797516459943243,8.382065945290632,-1.6928029762904835,7.389016082628547,1.4272235874730277,1.9972273211265754,-7.842010299100311,-10.032137164131674,-3.9093262948673595,-2.021897658483939,-1.935924895649518,1.2407686151575148,4.372648883623515,-0.12373016508178171,1.2358543047256474,4.657993671279475
0.8495593028430027,-1.0926813417660048,-1.7299779875596806,0.479820781309061,-0.7459272116916295,0.6773305477076357,-2.74133845244772,-1.5050949686317432,0.20282042518387272,1.3617665221084356,1.115095247240104,0.9380155442148304,0.5099040227889647,-0.0719426857071212,-0.16714052398222498,0.12638092722468708,-0.9034045105090607,-0.4263949360916746,-1.4603321767702295,-2.2499313629425624,1.921453380434469,-1.5197781294469286,-1.3497634306289243,0.8022502049885785,-0.1526130832289011,0.18551152239492327,-0.8549971594090486,1.675045787317457,-0.4662715357808704,-0.8317458459242438,-1.0553382505328537,-0.29443466535095014,2.3676757103164476,0.3289824818917561,0.8895234997739372,-1.125660153974466,-1.3492027709829555,-0.45842330214999016,-0.17608248028573148,-1.6843091005210493,-1.0142689653967252,-1.917385795347032,0.006245417511606562,-2.1210600514850415,-0.18608404109907042,-0.36900675694842006,2.737522999160417,2.775430564311961,0.6220976149924214,0.2272698797101934,0.6450621939396547,0.10346941517040556,-0.9332430014153156,0.2879070840631416,-0.5068963821082458,-1.6528675644551283
-0.6466083557037225,-1.1501683855072464,0.14558039978484544,-0.7167201967746737,0.11872549979199472,1.0873698293482543,-0.06978938359355406,-1.5652157373671165,0.21538647387573776,2.3069344952679423,-0.35467188760810847,0.7449853877627468,-0.14531554602378535,1.4174504252662539,-1.042958590222999,0.2555807611582717,-0.12316843738411572,-0.16424358541080888,-0.22514153782208762,-0.9415881072273435,2.186757305800674,-1.4775063523292085,-1.1037581288335039,-0.1526130832289011,0.7510105086628556,-0.34681951751155776,-0.16475403527701776,1.888100201362748,0.09472018076222755,0.7278289714612237,-0.38231349878164694,-0.22133731386725317,1.2130668458926657,1.142017012273089,1.6963489124545805,-0.45736702352257297,-2.1237450536420637,-1.3375214501063248,-2.067339998338674,0.3923150248900897,-0.37417295323539185,-2.3266336469340465,0.8981097693560799,-1.5931687602541749,-0.5203268226300802,-0.6457923402087082,1.1458768577810647,2.2684419780110296,1.3987419483598948,0.8142076669834565,0.32392432909019403,-0.7655672019904469,-1.3011019780110638,-0.26189066735719957,-0.10119224236440971,-0.6779390936761677
0.40347574811068815,0.33255698521073107,-0.3225400206970512,0.3831363020419279,-0.1603535605490316,-0.3629939358950127,-0.3826612711370034,0.44666062814567653,-0.060999180855286265,-0.7906195428112734,0.31751446021238217,-0.18092020286180183,0.13792175682670949,-0.6219699048527542,0.42711772868184045,-0.08953440204400605,-0.08168408546257906,0.00895438558098842,-0.12288755268906829,0.07159590096759952,-0.6500640505767571,0.40920432555061836,0.26937766105781824,0.18551152239492327,-0.34681951751155776,0.1777964719352237,-0.05742783922759776,-0.5604850142866836,-0.1114494629383637,-0.43867443131632605,0.005230125661052897,0.05427365139703609,-0.16101722853367298,-0.4408075132417614,-0.6002603082734617,0.028786204627898427,0.7148385200260943,0.5067777949601228,0.8642771067410016,-0.423020049912371,0.008708756524388466,0.7120469485241133,-0.38752399997851683,0.36749035451785567,0.19156206050128818,0.22174507538819857,-0.08016890920974208,-0.5586925327746658,-0.5099233212375299,-0.31537671106880094,-0.043342008726541016,0.3450208314351404,0.42098091615836675,0.15823618096835979,-0.03206789174068425,0.045775751725262576
-0.6955290953418417,1.7840510524037205,1.9400386449279188,-0.24193950116307458,0.8110414466603177,-1.2871862345029712,3.2267166868242185,2.4630720188162365,-0.3379878879586245,-2.6244981536636427,-1.1264962597473527,-1.4205026971701673,-0.5226539180134463,-0.5555043341895191,0.6527054673033316,-0.26614333908760596,1.1004731841874178,0.5660700333328369,1.8027232624075422,3.022641848319405,-3.2241832294565005,2.430460176362204,2.078273461235467,-0.8549971594090486,-0.16475403527701776,-0.05742783922759776,1.0725445374637919,-2.802266676483067,0.5022080167462233,0.6367126830730819,1.405540995840916,0.4334101083712164,-3.314789432150871,-0.8982215491891116,-1.7905458638954344,1.5082067557436205,2.519758605379365,1.142090155438862,1.1374444447982335,1.7806481971789128,1.3461188749227613,3.289963971988816,-0.41080819217828635,3.1881513275914606,0.4661226349750441,0.7264162596955266,-3.7099701474646047,-4.257981562452957,-1.3464919919324903,-0.6345799422771317,-0.8967261888756135,0.22982314574147011,1.6689837140637969,-0.22016774049132484,0.6391108818267182,2.2162444310754226
0.27971523605314996,-6.4410294741066725,-4.194973063489589,-0.8822550695928096,-1.6143831674726512,5.182632435514435,-7.585850051671178,-8.849296603103742,1.2179749373739508,10.706672251909605,1.8794977276109615,4.787714164261489,0.9107092188487927,4.140968144092977,-3.6101086214966234,1.1369325041738154,-2.7915381789596254,-1.627083625006142,-4.616255759559387,-8.879594304645476,11.881848243169637,-8.593037264312198,-7.036516913891893,1.675045787317457,1.888100201362748,-0.5604850142866836,-2.802266676483067,10.289024328186928,-0.9684760958139806,-0.0053576573523847655,-4.015181813907948,-1.4367583894059401,10.1269290479473,4.393356043182376,7.55001432967452,-4.4109923582923,-10.097667919711466,-5.333299062260918,-6.799675573257888,-3.3290768457741544,-3.867981028649134,-12.294675583500746,2.752491870906087,-10.575141292349128,-2.1395116485367662,-2.9798524566493114,10.881970302677402,14.413203955323567,5.940053622155669,3.1144234265838255,2.718200511538448,-2.0710579102892726,-6.480675114938831,-0.008794079258218285,-1.6694046764919297,-6.4894216004394005
-0.5010233089192065,0.6265205165790665,1.0128276696032543,-0.2941714008192003,0.4342562218263506,-0.39627779935152274,1.6124804725624344,0.8741143051838033,-0.12107540082622399,-0.7770027020147944,-0.6489189164153389,-0.5392375163477936,-0.29655315731554593,0.05553675560136335,0.0791357507780724,-0.07560253126652486,0.5247938281219651,0.24426105421200972,0.8567893230106715,1.2973573683595339,-1.1127865914951478,0.8754474661807353,0.7911833032040325,-0.4662715357808704,0.09472018076222755,-0.1114494629383637,0.5022080167462233,-0.9684760958139806,0.27648909782133435,0.4934761808993731,0.6198024251208917,0.16278426651019698,-1.391809468294922,-0.18482432652232297,-0.49854266312166184,0.6514916191071375,0.7658895374345556,0.2605829610046314,0.08477168005121444,0.991985148542726,0.5906225192604918,1.1120886823023444,0.0068263800459783565,1.2318584033233064,0.11738321248746691,0.21495981641934833,-1.603189017371301,-1.6134400498652839,-0.3473410367774493,-0.1289445280948849,-0.37507132713333957,-0.06460370487606175,0.5334530070212061,-0.17534930362905463,0.2981565318357087,0.9551712267479957
-1.2712294406763847,0.06375645345778506,1.657467626455547,-1.0000062109956265,0.7598734683036726,0.2495401484755633,2.4001802313573726,0.1114179744601348,-0.013858033577204106,0.6065287258251817,-1.2711375984198463,-0.24517000829584823,-0.5679624288722929,1.1852886709363653,-0.6829734236336705,0.08694402936863509,0.7064521910971733,0.2492704817551382,1.1292059664648337,1.254975594227284,0.010861609124383312,0.18782497598865416,0.3398913075684064,-0.8317458459242438,0.7278289714612237,-0.43867443131632605,0.6367126830730819,-0.0053576573523847655,0.4934761808993731,1.3177304352657262,0.6447042014882297,0.08324130433746944,-1.1648876118330196,0.6093874311450436,0.551791329299998,0.639765904610783,-0.47780793695869045,-0.6444284308275526,-1.477428184708387,1.8147187587071882,0.6093058597532827,-0.11950947566158188,0.7053652987469311,0.6380284567159902,-0.23638478082867098,-0.17726099314168975,-1.5467154378893386,-0.6913344102544312,0.5552605118292055,0.43913094271812453,-0.32099622927520705,-0.6947463053433599,-0.19666353505201492,-0.46618818600727624,0.37606106083323004,0.9339099790255954
-0.7304538041751362,2.54016533591574,2.4424481815604664,-0.14743341513284244,0.9999881413770094,-1.9020800366514523,4.133523981333313,3.5075669685666733,-0.4836664063288434,-3.8785809356012324,-1.3496500020089193,-1.9836704252981165,-0.6306033888130538,-1.0354575759352789,1.0688834504094076,-0.4022133729175831,1.4311220145225716,0.7549302523491654,2.3527699032009055,4.067423181775043,-4.628061188800339,3.4408423200840987,2.913781374890936,-1.0553382505328537,-0.38231349878164694,0.005230125661052897,1.405540995840916,-4.015181813907948,0.6198024251208917,0.6447042014882297,1.882998021885749,0.5974272407163946,-4.522765501000888,-1.4150012214977863,-2.6706048141963854,2.0292393450103043,3.700824476908426,1.7671210678810532,1.9293925064925808,2.183828460863989,1.8046793299001067,4.739733231570459,-0.7282060941929538,4.436156466883589,0.7246186883277612,1.0778533540779796,-5.00244582469092,-5.960322536322995,-2.0411172193309652,-1.0008574222183588,-1.2170317701483353,0.47028023272849934,2.4292975936503733,-0.22542068972188734,0.8366208976503237,2.9814127549958878
-0.13792721127206753,0.9182498008704304,0.6955038334590495,0.07776014882249138,0.29481046426159846,-0.6858097846391555,1.2099002877008909,1.2384939445322818,-0.162003435527976,-1.4754330388533063,-0.36492696419311077,-0.695306540240684,-0.173420565314972,-0.5107844190764511,0.4859504389967207,-0.1429223087948675,0.44416246847489915,0.2601982313135904,0.7158591872344643,1.3567447097465364,-1.6453555357819074,1.2264095195597875,0.9854523185590456,-0.29443466535095014,-0.22133731386725317,0.05427365139703609,0.4334101083712164,-1.4367583894059401,0.16278426651019698,0.08324130433746944,0.5974272407163946,0.23027466964448373,-1.453843574203886,-0.5669073554329881,-1.048564589240109,0.6670451039306761,1.407519887296344,0.7037828468341003,0.86317603027481,0.5754917855329684,0.5816232895324056,1.7029383752000187,-0.35297184549817107,1.524247313189116,0.2515460260765333,0.3992667297987502,-1.6096754177043189,-2.056596241297723,-0.8065535021128158,-0.4009652407445466,-0.40683347594300473,0.24416292530132355,0.903419327342844,-0.012867622738009597,0.2609329964811593,0.9864247795096369
1.3691112262222769,-6.372439898893899,-5.577106500401194,0.03554008287365518,-2.228557157077629,4.908575602177757,-9.57597959663384,-8.809558939422185,1.2225427196220664,9.974923648973713,2.9367211191191,4.909888765214712,1.3814700992423303,3.0215470631448076,-2.916520977788236,1.0557871065147775,-3.3539014639341236,-1.7969684610386614,-5.534735124194037,-9.787638128805563,11.696265224209151,-8.598926738527803,-7.246549285297575,2.3676757103164476,1.2130668458926657,-0.16101722853367298,-3.314789432150871,10.1269290479473,-1.391809468294922,-1.1648876118330196,-4.522765501000888,-1.453843574203886,11.0324789541134,3.7963470990572006,6.902833640809088,-4.887015702594846,-9.476210640677188,-4.680719742183349,-5.380536272031829,-4.875959115941219,-4.336852391199468,-11.999122771574307,2.0699641603341585,-10.955284905770496,-1.9405432154835842,-2.783514338887344,12.07630028482268,14.787209603737242,5.338221640387622,2.68584723298126,2.947273343743819,-1.4285925654083995,-6.187786865218414,0.4216159518932816,-1.9682922796191256,-7.1759227981073055
-0.4815778817551552,-2.717862942279557,-1.0217340170549896,-0.836757649241085,-0.32651679649775184,2.3381580460874525,-2.1216091799065513,-3.7286419884948776,0.5162523612884187,4.847920250269999,0.20498724587962153,1.929170119301078,0.12180455938123409,2.317599704793317,-1.853494213529379,0.5299306491497093,-0.861778382661224,-0.5720905667620525,-1.4457814951279297,-3.2000226972119763,5.088025929926267,-3.5786763190947943,-2.8533259127140203,0.3289824818917561,1.142017012273089,-0.4408075132417614,-0.8982215491891116,4.393356043182376,-0.18482432652232297,0.6093874311450436,-1.4150012214977863,-0.5669073554329881,3.7963470990572006,2.1651849090029853,3.472469409570196,-1.5851258820580167,-4.5266177684579105,-2.576409185149768,-3.589865230476954,-0.5806158408886153,-1.3689770272312272,-5.307795163901655,1.4984057794660375,-4.217176613573282,-1.033901041777587,-1.3558151654535036,3.9297439289117913,5.834091438770728,2.7945707672775404,1.5371313062801033,1.0083082060948076,-1.206643641348064,-2.8570361165308347,-0.21436291733047677,-0.5342878820198648,-2.3332114417366876
-0.30885013284197826,-4.718998190680597,-2.3877143622256707,-1.090085747574057,-0.8897750693352278,3.8831537705550145,-4.555507752913208,-6.4435272340431,0.8774494412607663,8.136373470566708,0.870880085093692,3.424967634552518,0.4417308395587985,3.5476208264481346,-2.967913952598554,0.8588663212061929,-1.76346009074354,-1.109627425023249,-2.91256806857751,-6.034925920592699,8.711440487176096,-6.24603022351476,-4.999624559502844,0.8895234997739372,1.6963489124545805,-0.6002603082734617,-1.7905458638954344,7.55001432967452,-0.49854266312166184,0.551791329299998,-2.6706048141963854,-1.048564589240109,6.902833640809088,3.472469409570196,5.809248927692058,-2.9816427468946,-7.646349746229078,-4.185580986837543,-5.62183658104772,-1.6749537226756668,-2.5864567310591977,-9.067054255966841,2.332975243814007,-7.502161331110077,-1.6313702925165625,-2.2549693815583276,7.32680923270189,10.28861487233343,4.609268432688295,2.463743740821323,1.8680779211422063,-1.8110821027212904,-4.853005212711573,-0.22084570773514578,-1.0711899007285512,-4.3960804809232
-0.7412031503477587,2.797902308950541,2.602763591960822,-0.09707355560380837,1.0674196397142008,-2.0898463812234547,4.408812602255616,3.842749752130429,-0.5240549163663357,-4.301320768248871,-1.430952838834,-2.1761756217481967,-0.6699446439383934,-1.2040484117155426,1.229301367291377,-0.4403249096531339,1.5430716503905495,0.825024800936158,2.523324104750408,4.430919223529142,-5.081148755797734,3.779544602329232,3.170059410056473,-1.125660153974466,-0.45736702352257297,0.028786204627898427,1.5082067557436205,-4.4109923582923,0.6514916191071375,0.639765904610783,2.0292393450103043,0.6670451039306761,-4.887015702594846,-1.5851258820580167,-2.9816427468946,2.2056479096796777,4.108120627033958,1.972137545556968,2.2018613178069644,2.303169291843579,1.9538824962221584,5.205493966235879,-0.8435518417826938,4.8419574099192255,0.7867271356212924,1.1875754915830221,-5.405685609049803,-6.508792142341841,-2.283679225263447,-1.1192328995258038,-1.3223451946116183,0.5497172721349107,2.6868365267085945,-0.21522901930758195,0.8973747849234411,3.243568040597891
