V1,V2,V3,V4,V5,V6,V7,V8,V9,V10,V11,V12,V13,V14,V15,V16,V17,V18,V19,V20,V21,V22,V23,V24,V25,V26,V27,V28,V29,V30,V31,V32,V33,V34,V35,V36,V37,V38,V39,V40,V41,V42,V43,V44,V45,V46,V47,V48,V49,V50,V51,V52,V53,V54,V55,V56
6.406845444616654,-47.19383308526121,60.08126952530067,22.393257042369335,0.5617774513300737,-34.180880006126884,37.19815490004378,-41.36526225039025,15.599787398290879,-18.01619830147504,-49.499811776366464,-38.41784973966685,-17.647310190876265,3.490496507616493,42.05241221745236,-15.027388183575939,18.154948354886344,-50.196928136503274,-54.139462248830064,-3.9569142454483512,-43.49078155359699,8.145194529270462,-36.03171875978674,39.36988774033925,-18.290808719098067,33.826324960292354,-26.916620399712826,-11.821457045898372,-0.6723446013386334,-17.756806196593384,22.985723478817484,-8.506762827614955,-22.175289450879287,-8.638744112159825,-2.300008927566026,7.3945411846792,29.949628080334435,-17.75409074034401,37.118697359845314,56.35539547770998,-34.923602724474996,45.9303144914365,6.989323270552471,19.16934523096254,-72.83654794234987,29.01687331592448,-41.483108066668464,-26.926078835651644,39.8373922051358,13.697401083716407,-43.27862720684744,-40.9910146728023,9.823922250247799,-19.957443473318197,-7.561782828948328,29.521089658330574
-47.19383308526121,350.26933069552626,-446.44540148031587,-166.14823950380944,-3.6112967419041277,254.78621643943222,-273.92999646309363,306.65551578437874,-116.10241569244961,133.1127463827738,366.47558783221666,285.8808691228999,130.7344231085936,-26.589265390254823,-312.7250650964189,111.27985847932284,-132.3707484581971,372.60700702209505,401.7551189685432,29.61335146909059,322.9524723821307,-60.20957558158211,267.723066747129,-290.4564564103182,136.44714767197925,-249.82761823659186,199.94162567409037,87.98500661060446,4.487235151546179,132.45937240363827,-170.9155877702027,63.41024755266648,162.19896578296814,66.54023160553174,17.87160852665601,-54.36000274173655,-219.95251189706553,132.01181879391476,-275.0065043981118,-417.898233693092,258.7821555320371,-340.74766032590287,-52.21986962648483,-143.31385616624854,538.4490573377294,-213.40144224203547,309.0499289697508,199.72750354228825,-296.65010290822664,-102.45357401087601,321.1903932050937,304.6880102576741,-72.66370375954509,147.09690757302792,56.75787517610793,-218.6443736059744
60.08126952530067,-446.44540148031587,569.2118207758512,211.7926958030525,4.580146325215233,-324.95146290997195,348.93554538839345,-390.83920174692634,148.00762258376636,-169.44239698389143,-467.16644171236277,-364.4544118489899,-166.5314967567881,33.91643103356423,398.7864382898619,-141.81725826536433,168.4991034109273,-474.9828463416865,-512.0099326393979,-37.724989881970004,-411.72906664643983,76.75727159103043,-341.40479992012934,370.1663075167237,-174.10066097320097,318.40799674733205,-254.86362492761856,-112.12940763090553,-5.639517544469089,-169.00369137375063,217.7719962671648,-80.76442361607558,-206.46976824227775,-84.93923550621234,-22.90241568038542,69.1051676921367,280.0901526409238,-168.32504568315593,350.52786114996735,532.5518820579354,-329.73363381671516,434.306887915727,66.59474181437271,182.75374335433074,-686.0778266416353,271.8241122764428,-394.10011685122146,-254.53755098933777,378.2879906555485,130.65368289695644,-409.3585082924027,-388.3962826781311,92.63025204252675,-187.4843216082497,-72.34236388684342,278.70328705154265
22.393257042369335,-166.14823950380944,211.7926958030525,78.82767558195377,1.762945143506613,-120.82947913826412,130.07601781138607,-145.49087148749442,55.04943248905144,-63.108972329952536,-173.9617885541204,-135.5597429499761,-61.99528052478374,12.550698811381546,148.35879624169985,-52.80434078145815,62.948423493167596,-176.7679663334465,-190.55152376225692,-14.011957510679906,-153.21726705404402,28.593053402606955,-127.03621343902184,137.94478517456028,-64.73128458395345,118.62897906473776,-94.8330008916543,-41.702347741525465,-2.1473480608072593,-62.83605755438839,81.00651611779611,-30.0238389310153,-77.07736981231041,-31.359208425120023,-8.445724603882795,25.76171118039157,104.47071592916038,-62.62200009017734,130.50468985424618,198.22665968808974,-122.75082478271733,161.64609075941374,24.749137890211056,67.90761672713388,-255.5442533345767,101.36024223810381,-146.5554956605976,-94.73855415989597,140.69028757992538,48.54339054796083,-152.34665118499598,-144.49912715942034,34.50082401769251,-69.88385572392701,-26.85459483364371,103.77263350228951
0.5617774513300737,-3.6112967419041277,4.580146325215233,1.762945143506613,0.25404439074301716,-2.383015670167098,3.5227704682389556,-3.296457644948084,1.086645196310182,-1.3857045948722662,-4.246243325312624,-2.710252192641268,-1.3408839391305105,0.007171228159568104,3.176029697835157,-1.2371320976207112,2.1504089472904075,-3.8951877250543294,-4.104469244833007,-0.1766989803110192,-3.3712058936185736,0.7440129346673591,-2.823615954439279,3.7037486812768474,-1.3175910549298178,3.0907791119107104,-2.0136984667985915,-0.783721452469663,-0.17466376914396903,-1.2710319726577122,1.5418639529529365,-0.47077587082595856,-2.4086747119697764,0.22189321763526132,0.024222912621082414,0.5830794242274804,2.9912868611738075,-1.3300151221696095,3.0585189253136535,4.364672502499839,-2.7321721350334522,3.5729280979331044,0.4294121127304254,1.1262328585166785,-6.235407343760579,2.85679017298733,-2.896810823155496,-2.0750292574744105,2.840957488911162,0.7895541220122148,-3.2938731011292077,-2.997393057615873,0.873835993659417,-1.9598153835778516,-0.3094816406252438,2.4808229158489725
-34.180880006126884,254.78621643943222,-324.95146290997195,-120.82947913826412,-2.383015670167098,185.78803388446437,-198.3343502780308,222.90696421141226,-84.59173956709436,96.59150435266594,266.1630251357357,208.26926192982157,95.00328799697536,-19.639660935171538,-227.72072454846455,80.83586728802618,-95.26697158028921,271.046731738774,292.21700026110614,21.652252443408546,234.97520672187065,-43.68645442398891,194.8492945758877,-210.51229623029965,99.53186402996366,-181.1831012766514,145.5089932555185,64.11178522211956,3.0529130297403095,96.62238732405089,-124.47513764792717,46.254040158551625,116.96629965519855,49.456092709144706,13.336638148388813,-39.33663948943939,-158.99841930195714,96.12324270740763,-199.82329825041074,-303.83006289125865,188.06819602028202,-247.79677153705978,-38.13252139776481,-104.69433878006089,390.7527987352855,-154.3856554565082,225.2913248807975,145.23503992466746,-216.19067532454477,-74.8657368842444,233.62847279685124,221.82511494224462,-52.74337551720511,106.54453392712998,41.56679685353139,-158.83536708049272
37.19815490004378,-273.92999646309363,348.93554538839345,130.07601781138607,3.5227704682389556,-198.3343502780308,216.58198804543747,-240.25813293102223,90.43191091284655,-104.30975499033774,-288.0254036553684,-222.77096172643866,-102.29491072133227,19.93538921757715,244.27012743016834,-87.32257023788121,106.15482273405321,-291.517542111498,-314.12033804863313,-22.76984885959012,-252.62082081056496,47.4628200023413,-209.44412858234938,229.4139870768878,-106.28665675321025,197.01018357506948,-156.1984429583761,-68.43213060582079,-3.9731153706877955,-103.16165143128119,133.0284919326147,-49.05824729452463,-129.36338928368968,-49.087706369788265,-13.227922884413124,42.72037153667877,174.48272201992447,-103.09330617106487,215.7635483321594,327.06529703070277,-202.66228050247537,266.6732712308025,40.468780749600754,110.90785774973014,-423.4106071401266,169.08565188632525,-240.6391410200338,-156.27085257596124,231.17376106864742,79.2341702156158,-251.1510844186751,-237.7943387895551,57.20768350332838,-116.43241289136945,-43.521359404952754,171.68585400022502
-41.36526225039025,306.65551578437874,-390.83920174692634,-145.49087148749442,-3.296457644948084,222.90696421141226,-240.25813293102223,268.55616201302934,-101.5770448511994,116.54996877533726,321.1329617519298,250.13605717583266,114.4532691139079,-23.112517519968577,-273.7530951255703,97.47982741206766,-116.37930779522922,326.24398816139734,351.70812637698003,25.846591202435008,282.76416935734227,-52.78876201801584,234.42407850585488,-254.73070673223384,119.39910300636998,-219.03998798047695,175.01592890399868,76.9532408751052,4.009410666606843,115.90471667140402,-149.4985748065104,55.40214131827384,142.46367199947753,57.68985253978139,15.515056442455116,-47.60828266832123,-193.01792967734443,115.5540595076505,-240.90228658091414,-365.8998689297391,226.60130032011472,-298.3565614177049,-45.64954160319029,-125.2498067051768,471.83166920719344,-187.23970538095395,270.38593921622555,174.86872156278096,-259.5748450352445,-89.53003444682005,281.1867944299384,266.65971631560734,-63.69305651274556,129.05603711622345,49.51968660197018,-191.55998732297763
15.599787398290879,-116.10241569244961,148.00762258376636,55.04943248905144,1.086645196310182,-84.59173956709436,90.43191091284655,-101.5770448511994,38.54138047954025,-44.09795991777418,-121.24524424834773,-94.88478718469018,-43.32950019321246,8.949218926875702,103.69753501193713,-36.839115744377175,43.46553728877668,-123.48511865965247,-133.18237526124008,-9.87863956889192,-107.03515406432336,19.896980722302427,-88.72318343904847,95.91799428735845,-45.28742904837795,82.55019685666889,-66.29957721618425,-29.224679399483676,-1.416649948200547,-43.96719452637447,56.75711232396223,-21.105376577707634,-53.37339856219404,-22.52074125491103,-6.038175970777309,17.992591340423044,72.52389244246464,-43.778283142812555,91.04447030745513,138.48361047381863,-85.73701276529994,112.91617204590926,17.366616466364604,47.686768785932045,-178.11768628051027,70.392711231998,-102.60000323556302,-66.19250758659827,98.45322843949323,34.09896905619715,-106.47065624127596,-101.06967734688888,24.02432905623938,-48.53557003930416,-18.95134131833752,72.36170549548054
-18.01619830147504,133.1127463827738,-169.44239698389143,-63.108972329952536,-1.3857045948722662,96.59150435266594,-104.30975499033774,116.54996877533726,-44.09795991777418,50.85310654339092,139.1619810492776,108.56526900291958,49.804391845003444,-10.090315628562106,-118.6123591664961,42.3050261548909,-50.5172643661721,141.51766031184755,152.75187574853737,11.286124800936651,122.60604756263773,-22.854486531924,101.53095766060756,-110.38748333087901,51.631396261710776,-94.92819430084162,75.95954905203112,33.46240680867414,1.7937013868965723,50.133568819328886,-65.05632591426007,24.178844411237105,61.914032050136704,25.191048468158204,6.655366808882207,-20.876473794791835,-83.85199694359494,50.090639375281064,-104.48286421330123,-158.9214680768307,98.46725343042229,-129.4932097096573,-19.80801069756069,-54.378483068535346,204.8452290555993,-81.26507947734495,117.23412162976946,75.93851670750817,-112.52628512654096,-38.86962953366366,122.0916152334176,115.74194809911661,-27.588267194748234,55.87451319695473,21.587780564696693,-83.04717759944643
-49.499811776366464,366.47558783221666,-467.16644171236277,-173.9617885541204,-4.246243325312624,266.1630251357357,-288.0254036553684,321.1329617519298,-121.24524424834773,139.1619810492776,384.5133500619405,298.62918698261177,136.70465265724653,-27.242375094246476,-327.20982623692527,116.61725997550658,-140.10507911604776,390.0079377017255,420.22303653944886,30.685084350949257,338.05119904084415,-63.27928839784585,280.35919504504795,-305.44537622999763,142.68094411087563,-262.52166763715803,209.10065313710595,91.77236275193762,4.92996104502898,138.48754470886163,-178.2872712239406,65.9011520279896,171.17363714850535,67.68079685519581,18.31300302262996,-56.81105764572094,-231.57648831808586,138.0923013279786,-288.23372399458003,-437.300303131111,270.8321357265262,-356.64485545374885,-54.416655646476364,-149.21961377726132,564.7459167418052,-224.62639724650435,322.8265703997648,208.98432533396982,-310.00835103425874,-106.64401828261217,335.99715489834085,318.4953546301046,-76.31231548941157,154.8873241370197,58.770776205782774,-229.27982496454152
-38.41784973966685,285.8808691228999,-364.4544118489899,-135.5597429499761,-2.710252192641268,208.26926192982157,-222.77096172643866,250.13605717583266,-94.88478718469018,108.56526900291958,298.62918698261177,233.60328740638164,106.68064821414995,-21.993068866635003,-255.3457121282033,90.72314315938277,-107.13887788800918,304.07454127844943,327.92545843359363,24.300802055792484,263.57066556072965,-49.01491796654388,218.49087737945658,-236.29643440130363,111.51408281132431,-203.3502696753353,163.2445186033516,71.93822848710587,3.5026633437842887,108.26102624815371,-139.7100272769325,51.93197515969591,131.52247710240243,55.31139387089748,14.843939662291445,-44.29075559281345,-178.67570387693314,107.7967377094216,-224.2190075855116,-340.9915544850417,211.1129601625518,-278.0452222924096,-42.74700515546697,-117.36863461758982,438.6779021413973,-173.4243942445366,252.60224190673532,162.9867683927204,-242.40305169354093,-83.92360998267823,262.15930189877577,248.8455351628122,-59.177924757184805,119.58468883127155,46.617579348684686,-178.21792408138236
-17.647310190876265,130.7344231085936,-166.5314967567881,-61.99528052478374,-1.3408839391305105,95.00328799697536,-102.29491072133227,114.4532691139079,-43.32950019321246,49.804391845003444,136.70465265724653,106.68064821414995,48.85143522837055,-9.933695550976745,-116.61763178344982,41.53569073842319,-49.45605345872481,139.02990714985847,149.9867454507786,11.075417553628222,120.47858166935721,-22.452791353245978,99.82385575824674,-108.36951135937541,50.83072581337137,-93.20816648843828,74.61792731955582,32.858656326701826,1.707638167783496,49.35075786550524,-63.85322226028683,23.715489335090737,60.62017711669127,24.8461615680443,6.620398080521219,-20.38803055976567,-82.17223456483646,49.23823204942497,-102.61711282257042,-156.02227086801025,96.64005925471139,-127.17647606311559,-19.480090527369388,-53.47262246412444,201.02957117511545,-79.6864943057158,115.26896470205882,74.5618642751492,-110.6385565115377,-38.22567392630382,119.89571864453796,113.70808311781913,-27.101467238812255,54.8633763296136,21.20926213356879,-81.57279308876075
3.490496507616493,-26.589265390254823,33.91643103356423,12.550698811381546,0.007171228159568104,-19.639660935171538,19.93538921757715,-23.112517519968577,8.949218926875702,-10.090315628562106,-27.242375094246476,-21.993068866635003,-9.933695550976745,2.3471516851184666,23.796857363495107,-8.336819303826639,9.082212853762062,-28.218300329125682,-30.544520508164982,-2.406645030400482,-24.463500735946344,4.418546412484552,-20.243452295241553,21.175365647670315,-10.466020504043565,18.330119694325376,-15.23634028817496,-6.831226401075771,-0.1831308264633519,-10.170143863775055,13.246476334497448,-5.039537748077896,-11.407641635918244,-6.168779321690954,-1.6124318291367643,4.100281227738041,15.807494609330263,-10.058783231588514,20.600870254158938,31.654718628431485,-19.566332312199744,25.792797970875114,4.098017431467853,11.311225779908513,-40.033297571497485,15.391942227647041,-23.815276332882696,-15.142272210709741,22.785352006815785,8.105428180400464,-24.403780934828507,-23.30610701530725,5.362207493891842,-10.620087755932897,-4.648274810500699,16.318057524357368
42.05241221745236,-312.7250650964189,398.7864382898619,148.35879624169985,3.176029697835157,-227.72072454846455,244.27012743016834,-273.7530951255703,103.69753501193713,-118.6123591664961,-327.20982623692527,-255.3457121282033,-116.61763178344982,23.796857363495107,279.4141358930176,-99.32363171942434,117.86577474362558,-332.7320370807702,-358.63552133655867,-26.433140975954224,-288.4376522663104,53.75833528935709,-239.19899673268213,259.198693073211,-122.02928994847352,222.97410059160364,-178.53950888613053,-78.55301573928125,-3.9081084157583295,-118.45462002926202,152.5436383168448,-56.57438782674904,-144.45226812519496,-59.64477760801346,-16.109163996355164,48.34100612399553,196.0262928072167,-117.93436510856722,245.51566995947255,373.0024215040506,-230.9275040710116,304.21475579621153,46.67308575530528,128.08544715367643,-480.42971948983944,190.27286092547988,-276.1578317042677,-178.2854289383004,265.0710637226264,91.57388283687669,-286.7402905673349,-272.09578024857,64.87657645882999,-131.2781230175469,-50.70517497163956,195.20842208642534
-15.027388183575939,111.27985847932284,-141.81725826536433,-52.80434078145815,-1.2371320976207112,80.83586728802618,-87.32257023788121,97.47982741206766,-36.839115744377175,42.3050261548909,116.61725997550658,90.72314315938277,41.53569073842319,-8.336819303826639,-99.32363171942434,35.39097151993652,-42.38553859798124,118.3954507696397,127.62398834766395,9.35630140862167,102.61380554196022,-19.1782436712771,85.07332407226568,-92.56982174771828,43.303965463795926,-79.58144021582511,63.50049204608079,27.902755783053795,1.4817769450279168,42.03546932164183,-54.21260798526468,20.072920181171146,51.84387573137546,20.76201610894473,5.5868043156935245,-17.28748638196018,-70.18639886825758,41.92421128513446,-87.45994160036473,-132.7925496207132,82.24553077541414,-108.27944559527617,-16.543865416129655,-45.382594967355246,171.35412341242014,-68.0739335513601,98.05729487194132,63.46088822320947,-94.14772402512708,-32.43693783069419,102.03538377222148,96.73764468017862,-23.13551153276487,46.91403298854473,17.918935940515336,-69.55459843141783
18.154948354886344,-132.3707484581971,168.4991034109273,62.948423493167596,2.1504089472904075,-95.26697158028921,106.15482273405321,-116.37930779522922,43.46553728877668,-50.5172643661721,-140.10507911604776,-107.13887788800918,-49.45605345872481,9.082212853762062,117.86577474362558,-42.38553859798124,52.97299147704418,-140.95255813472534,-151.73797157213838,-10.749939211148082,-122.11875211831108,23.179152397403012,-101.2718334916956,112.31286512010475,-51.107437753471494,96.25100357831742,-75.37415256160985,-32.82378883844959,-2.210882256300978,-49.59180413416983,63.86497196343518,-23.357456571084477,-64.10659611392104,-21.831205681535394,-5.9219660266272225,20.759280615028725,85.88006340625478,-49.72937102770869,104.71117861272778,158.19634419050828,-98.10228906814501,128.98619875160563,19.320771000668774,52.847509489527994,-206.07374865734684,83.10405696438225,-115.62295857236435,-75.55839232404917,111.1978215913516,37.72119285238829,-121.33670503830754,-114.59882816991379,27.891322271345757,-57.16241576447623,-20.47207330164521,83.41333778275093
-50.196928136503274,372.60700702209505,-474.9828463416865,-176.7679663334465,-3.8951877250543294,271.046731738774,-291.517542111498,326.24398816139734,-123.48511865965247,141.51766031184755,390.0079377017255,304.07454127844943,139.02990714985847,-28.218300329125682,-332.7320370807702,118.3954507696397,-140.95255813472534,396.4112080828244,427.34210617102315,31.456907768283468,343.60046941609056,-64.09112757378027,284.88314978463336,-309.1675052212559,145.19815978143063,-265.9020528280017,212.68768310014093,93.55468038548511,4.778635254643067,140.94881108609235,-181.7224711361878,67.37850412509887,172.6497117688063,70.57261044750905,19.000464864508057,-57.76099704903531,-234.08625872392594,140.4478816130001,-292.6132634857333,-444.5283556326377,275.2623177222347,-362.49443582048855,-55.533147893820406,-152.38743708096598,572.8984300960474,-227.13152768366257,328.7519448217905,212.4570394842445,-315.5791239330994,-108.93765503428313,341.6591307564193,324.0963195958276,-77.33959373305183,156.60497825334582,60.297822118870315,-232.6630648831192
-54.139462248830064,401.7551189685432,-512.0099326393979,-190.55152376225692,-4.104469244833007,292.21700026110614,-314.12033804863313,351.70812637698003,-133.18237526124008,152.75187574853737,420.22303653944886,327.92545843359363,149.9867454507786,-30.544520508164982,-358.63552133655867,127.62398834766395,-151.73797157213838,427.34210617102315,460.83665992176276,33.999891427158566,370.3794465136525,-69.02854018124633,307.0032740950386,-333.0164528421208,156.4573006305397,-286.4472724763861,229.3331227528652,100.94865622088467,5.147359834422549,151.88941140366592,-196.10972035152744,72.78882207457958,185.97737403981725,76.46709413237329,20.499687254072825,-62.40786593496315,-252.21965128224247,151.39999087306984,-315.3789552675177,-479.3445741198032,296.8427797470156,-390.82215218495355,-59.90592293770642,-164.42244010732495,617.5265556861385,-244.6908322832791,354.471513073717,229.09250413581466,-340.2365599890922,-117.54544358272011,368.413692400784,349.4875732271218,-83.31325750533473,168.62630491303386,65.15847457792745,-250.72690046382593
-3.9569142454483512,29.61335146909059,-37.724989881970004,-14.011957510679906,-0.1766989803110192,21.652252443408546,-22.76984885959012,25.846591202435008,-9.87863956889192,11.286124800936651,30.685084350949257,24.300802055792484,11.075417553628222,-2.406645030400482,-26.433140975954224,9.35630140862167,-10.749939211148082,31.456907768283468,33.999891427158566,2.585989828228938,27.259893617307068,-5.012069540372637,22.56437960875903,-24.130084342354202,11.556004030824974,-20.80918402924531,16.929060287716577,7.516847823636258,0.31535586069514043,11.22480272877896,-14.598285481060437,5.483467989723325,13.310661666990212,6.158097453248758,1.615971346381919,-4.615115522449981,-18.199613471908506,11.167836758984887,-23.11163642708831,-35.31345175086052,21.858448857875644,-28.77216431765328,-4.474963117466212,-12.315243137669544,45.14382893359632,-17.671409606162666,26.270603143279445,16.881782691624924,-25.179567644076773,-8.812672391131551,27.169987458081795,25.839106536730476,-6.064269188338001,12.165170282492722,4.967399038524733,-18.342003055163858
-43.49078155359699,322.9524723821307,-411.72906664643983,-153.21726705404402,-3.3712058936185736,234.97520672187065,-252.62082081056496,282.76416935734227,-107.03515406432336,122.60604756263773,338.05119904084415,263.57066556072965,120.47858166935721,-24.463500735946344,-288.4376522663104,102.61380554196022,-122.11875211831108,343.60046941609056,370.3794465136525,27.259893617307068,297.83570850895165,-55.55419877219333,246.9599765676,-267.9585613038969,125.89348877834212,-230.46457794835788,184.34966563352236,81.08362459305258,4.12305003725068,122.20699885654088,-157.48763634498403,58.38542486082836,149.58033004407568,61.19642719614557,16.49747956816494,-50.020415570166996,-202.83181482948743,121.74709975786043,-253.62202195315842,-385.26758499341526,238.55539452452757,-314.1871001382276,-48.14111651953351,-132.1003572016032,496.5023015312349,-196.82376877811765,284.98686177433893,184.1372001680463,-273.56784744306265,-94.43611559158371,296.1231137946436,280.91751764548087,-67.03696057390552,135.73601113629798,52.26171369401885,-201.6641322868658
8.145194529270462,-60.20957558158211,76.75727159103043,28.593053402606955,0.7440129346673591,-43.68645442398891,47.4628200023413,-52.78876201801584,19.896980722302427,-22.854486531924,-63.27928839784585,-49.01491796654388,-22.452791353245978,4.418546412484552,53.75833528935709,-19.1782436712771,23.179152397403012,-64.09112757378027,-69.02854018124633,-5.012069540372637,-55.55419877219333,10.424275949820712,-46.08433042120295,50.33609913020474,-23.432108378619414,43.24281022728904,-34.3446256905358,-15.049739896835804,-0.8338571983978482,-22.74119760377019,29.239140600542004,-10.783894045713325,-28.270130128674705,-10.927081971757636,-2.9695894533973184,9.328920293035008,38.19159720168924,-22.684400371791323,47.40452751435806,71.85299931315309,-44.50443679153102,58.6074507069634,8.918340459227847,24.443473248431214,-92.92259886883996,37.03955255948596,-52.9850933223283,-34.33660315454714,50.89454115528393,17.466050172113594,-55.19703003198227,-52.297697089347615,12.565788602891118,-25.544200085786493,-9.595126690773869,37.72024644881714
-36.03171875978674,267.723066747129,-341.40479992012934,-127.03621343902184,-2.823615954439279,194.8492945758877,-209.44412858234938,234.42407850585488,-88.72318343904847,101.53095766060756,280.35919504504795,218.49087737945658,99.82385575824674,-20.243452295241553,-239.19899673268213,85.07332407226568,-101.2718334916956,284.88314978463336,307.0032740950386,22.56437960875903,246.9599765676,-46.08433042120295,204.8237612589993,-222.24423901375073,104.44158156892462,-191.13932820594113,152.82569494228474,67.1870793041798,3.401864849381847,101.37739031421695,-130.47744681647026,48.33820774827134,124.00404785669026,50.62652173899518,13.69933202927499,-41.37986998281803,-168.15090938637698,100.9537889434456,-210.2959858118152,-319.34589341875625,197.7187857687051,-260.46661059461667,-39.906307348562464,-109.4886386190799,411.61185988790004,-163.1998345770495,236.29242693766744,152.63476242964882,-226.8358115735391,-78.27099392831315,245.4668455808327,232.873847205265,-55.60325690632427,112.60462209009687,43.27299026402263,-167.23093046661344
39.36988774033925,-290.4564564103182,370.1663075167237,137.94478517456028,3.7037486812768474,-210.51229623029965,229.4139870768878,-254.73070673223384,95.91799428735845,-110.38748333087901,-305.44537622999763,-236.29643440130363,-108.36951135937541,21.175365647670315,259.198693073211,-92.56982174771828,112.31286512010475,-309.1675052212559,-333.0164528421208,-24.130084342354202,-267.9585613038969,50.33609913020474,-222.24423901375073,243.18218854407155,-112.88654857888625,208.8574784734656,-165.64609512055574,-72.55208500259882,-4.129380841358329,-109.55934638175411,140.9923507405205,-51.97040827083967,-136.8771972344287,-52.2139113062298,-14.155670799115903,45.120248415317434,184.72797485349614,-109.37853428632424,228.7816279285998,346.7054524863125,-214.78455971130455,282.75699244593886,42.95060374641991,117.7012009970182,-448.71383505795296,179.08997279836365,-255.3570506165019,-165.66825023485563,245.31009955341239,84.09298180159234,-266.2810654190262,-252.19357485141987,60.66806593372859,-123.43570081128819,-46.159013690958375,182.0575441858984
-18.290808719098067,136.44714767197925,-174.10066097320097,-64.73128458395345,-1.3175910549298178,99.53186402996366,-106.28665675321025,119.39910300636998,-45.28742904837795,51.631396261710776,142.68094411087563,111.51408281132431,50.83072581337137,-10.466020504043565,-122.02928994847352,43.303965463795926,-51.107437753471494,145.19815978143063,156.4573006305397,11.556004030824974,125.89348877834212,-23.432108378619414,104.44158156892462,-112.88654857888625,53.36709354303803,-97.1453527555976,77.9241316042549,34.29821899926694,1.6293223848255176,51.80119627352386,-66.57510499383686,24.70121375349196,62.694779152643854,26.327295074134675,7.148685652952689,-20.98941568495548,-85.20551939227653,51.49990617402049,-107.0706726899109,-162.68357332984579,100.68518519218797,-132.71722323285138,-20.411899560018554,-56.02423524556092,209.32663020676392,-82.75731499816695,120.66974061858417,77.76843056902375,-115.80974536499755,-40.060835848791186,125.10152376234808,118.78266806997942,-28.282402792891844,57.163215786364674,22.194758502510286,-85.12703307756615
33.826324960292354,-249.82761823659186,318.40799674733205,118.62897906473776,3.0907791119107104,-181.1831012766514,197.01018357506948,-219.03998798047695,82.55019685666889,-94.92819430084162,-262.52166763715803,-203.3502696753353,-93.20816648843828,18.330119694325376,222.97410059160364,-79.58144021582511,96.25100357831742,-265.9020528280017,-286.4472724763861,-20.80918402924531,-230.46457794835788,43.24281022728904,-191.13932820594113,208.8574784734656,-97.1453527555976,179.41936943623284,-142.49752674040352,-62.45600204060803,-3.491763598418458,-94.2850906795659,121.36133424976208,-44.77655216681649,-117.3978237578873,-45.309552978037956,-12.272670734231612,38.78872067510247,158.5613246666682,-94.0959119431188,196.68409763861382,298.1790567699332,-184.7069956737484,243.17919847362762,36.99183730835135,101.39401325096937,-385.64037225710115,153.74567053694835,-219.77387594043296,-142.4861070403583,211.10077517968958,72.44919841104516,-229.04011849616592,-216.98180297707233,52.12889172642837,-105.9781587393394,-39.821333038996315,156.49504132724445
-26.916620399712826,199.94162567409037,-254.86362492761856,-94.8330008916543,-2.0136984667985915,145.5089932555185,-156.1984429583761,175.01592890399868,-66.29957721618425,75.95954905203112,209.10065313710595,163.2445186033516,74.61792731955582,-15.23634028817496,-178.53950888613053,63.50049204608079,-75.37415256160985,212.68768310014093,229.3331227528652,16.929060287716577,184.34966563352236,-34.3446256905358,152.82569494228474,-165.64609512055574,77.9241316042549,-142.49752674040352,114.14338919724594,50.24833124834692,2.5267046889122025,75.64757685034884,-97.60157929681706,36.228868681319604,92.40646828192651,38.18570552648337,10.25729887359449,-31.007570639163966,-125.37706316184241,75.36823011817908,-156.93411841257935,-238.52502002011363,147.69508581978994,-194.49365796679388,-29.834696129629144,-81.88918073105457,307.1941855352194,-121.6597690159416,176.49210106666126,114.00265787767393,-169.39815527534842,-58.54546760928296,183.34412077226932,173.95764246062137,-41.453349597260086,83.8730091891644,32.456536073337205,-124.76192729155153
-11.821457045898372,87.98500661060446,-112.12940763090553,-41.702347741525465,-0.783721452469663,64.11178522211956,-68.43213060582079,76.9532408751052,-29.224679399483676,33.46240680867414,91.77236275193762,71.93822848710587,32.858656326701826,-6.831226401075771,-78.55301573928125,27.902755783053795,-32.82378883844959,93.55468038548511,100.94865622088467,7.516847823636258,81.08362459305258,-15.049739896835804,67.1870793041798,-72.55208500259882,34.29821899926694,-62.45600204060803,50.24833124834692,22.175530315953225,1.0641047473845688,33.30185843504302,-43.072641110629405,16.043825415832686,40.35244623131108,17.226149817745984,4.59248868136305,-13.66892775105759,-54.865843635899445,33.16858653997333,-68.9473519904651,-104.95392117879207,64.98237445621308,-85.55861281149265,-13.175479880796049,-36.191434153085744,134.8870147002461,-53.2467669508249,77.77135172990357,50.165408631436165,-74.61563879997568,-25.881243048664928,80.69446272218647,76.61231882936036,-18.177408298895273,36.69063005781814,14.418435868888498,-54.78560645303066
-0.6723446013386334,4.487235151546179,-5.639517544469089,-2.1473480608072593,-0.17466376914396903,3.0529130297403095,-3.9731153706877955,4.009410666606843,-1.416649948200547,1.7937013868965723,4.92996104502898,3.5026633437842887,1.707638167783496,-0.1831308264633519,-3.9081084157583295,1.4817769450279168,-2.210882256300978,4.778635254643067,5.147359834422549,0.31535586069514043,4.12305003725068,-0.8338571983978482,3.401864849381847,-4.129380841358329,1.6293223848255176,-3.491763598418458,2.5267046889122025,1.0641047473845688,0.15795845269426953,1.5804654415635448,-2.0945562753530247,0.7319669855819322,2.5833006301292754,0.3024564175358264,0.06799436175083386,-0.7755231874434393,-3.3127479354240177,1.6497848442717562,-3.6426523518747085,-5.418486714638489,3.389101517851392,-4.399247326333296,-0.5952173355200814,-1.608639581703221,7.35661031691973,-3.1608961935513373,3.728189065837976,2.5787122071542914,-3.6119853857589996,-1.1395538370650904,4.113622840807921,3.8060007506211524,-0.9944748698771423,2.130580693014542,0.574466221313742,-2.9175822166390954
-17.756806196593384,132.45937240363827,-169.00369137375063,-62.83605755438839,-1.2710319726577122,96.62238732405089,-103.16165143128119,115.90471667140402,-43.96719452637447,50.133568819328886,138.48754470886163,108.26102624815371,49.35075786550524,-10.170143863775055,-118.45462002926202,42.03546932164183,-49.59180413416983,140.94881108609235,151.88941140366592,11.22480272877896,122.20699885654088,-22.74119760377019,101.37739031421695,-109.55934638175411,51.80119627352386,-94.2850906795659,75.64757685034884,33.30185843504302,1.5804654415635448,50.28205371343116,-64.64269615082053,23.99014143605176,60.84513853521199,25.589800747809527,6.94208597860092,-20.384638517461703,-82.69805312989429,49.99260861186478,-103.93134253866054,-157.93150408833677,97.74538990277149,-128.8360317365221,-19.818060334088454,-54.39714836172391,203.19123553882284,-80.31980117187406,117.14522282576536,75.49654020845492,-112.42459347947441,-38.89776730802516,121.44733772469125,115.31475689757198,-27.449718689772745,55.47375474542325,21.557872066074797,-82.62816877954427
22.985723478817484,-170.9155877702027,217.7719962671648,81.00651611779611,1.5418639529529365,-124.47513764792717,133.0284919326147,-149.4985748065104,56.75711232396223,-65.05632591426007,-178.2872712239406,-139.7100272769325,-63.85322226028683,13.246476334497448,152.5436383168448,-54.21260798526468,63.86497196343518,-181.7224711361878,-196.10972035152744,-14.598285481060437,-157.48763634498403,29.239140600542004,-130.47744681647026,140.9923507405205,-66.57510499383686,121.36133424976208,-97.60157929681706,-43.072641110629405,-2.0945562753530247,-64.64269615082053,83.67431401552231,-31.167871608087143,-78.49809388214558,-33.373271979111024,-8.877968001913864,26.597592691292252,106.68815000470673,-64.41393748021913,133.94572041126412,203.9043131133446,-126.26095985879013,166.20662135164605,25.578277299241048,70.25971199096836,-262.1215905818337,103.5185306733211,-151.01015846407373,-97.45738112097476,144.88648240590493,50.24198918598741,-156.7578416803253,-148.8027534084403,35.315080979021566,-71.30258469707445,-27.990800710529808,106.43278402697689
-8.506762827614955,63.41024755266648,-80.76442361607558,-30.0238389310153,-0.47077587082595856,46.254040158551625,-49.05824729452463,55.40214131827384,-21.105376577707634,24.178844411237105,65.9011520279896,51.93197515969591,23.715489335090737,-5.039537748077896,-56.57438782674904,20.072920181171146,-23.357456571084477,67.37850412509887,72.78882207457958,5.483467989723325,58.38542486082836,-10.783894045713325,48.33820774827134,-51.97040827083967,24.70121375349196,-44.77655216681649,36.228868681319604,16.043825415832686,0.7319669855819322,23.99014143605176,-31.167871608087143,11.665862365258974,28.821234712817553,12.798169763595691,3.3683414727747913,-9.897173332328078,-39.28411448321556,23.89829103403169,-49.582421488328926,-75.64219034841179,46.83512046627556,-61.63441160689033,-9.534917722195893,-26.218974429727485,96.96109578710106,-38.122262318466504,56.12429940911993,36.156100953644575,-53.818781864262434,-18.755419442844854,58.17158552735337,55.266226855085634,-13.037563845874198,26.23654945859146,10.519897919581656,-39.3703803195197
-22.175289450879287,162.19896578296814,-206.46976824227775,-77.07736981231041,-2.4086747119697764,116.96629965519855,-129.36338928368968,142.46367199947753,-53.37339856219404,61.914032050136704,171.17363714850535,131.52247710240243,60.62017711669127,-11.407641635918244,-144.45226812519496,51.84387573137546,-64.10659611392104,172.6497117688063,185.97737403981725,13.310661666990212,149.58033004407568,-28.270130128674705,124.00404785669026,-136.8771972344287,62.694779152643854,-117.3978237578873,92.40646828192651,40.35244623131108,2.5833006301292754,60.84513853521199,-78.49809388214558,28.821234712817553,77.80702065800172,27.694147190594283,7.461371668090606,-25.435705525211866,-104.49932601654967,60.959937582383574,-128.06942975942675,-193.7961598276213,120.1537049724589,-157.98884858014313,-23.78512044730365,-65.116310934597,251.814250751361,-101.15812490488342,141.95935429639138,92.57168096104374,-136.46192740423578,-46.49459775821065,148.70007116198002,140.5685448690664,-34.04272779189713,69.57514712436443,25.376568242449085,-101.96711689534929
-8.638744112159825,66.54023160553174,-84.93923550621234,-31.359208425120023,0.22189321763526132,49.456092709144706,-49.087706369788265,57.68985253978139,-22.52074125491103,25.191048468158204,67.68079685519581,55.31139387089748,24.8461615680443,-6.168779321690954,-59.64477760801346,20.76201610894473,-21.831205681535394,70.57261044750905,76.46709413237329,6.158097453248758,61.19642719614557,-10.927081971757636,50.62652173899518,-52.2139113062298,26.327295074134675,-45.309552978037956,38.18570552648337,17.226149817745984,0.3024564175358264,25.589800747809527,-33.373271979111024,12.798169763595691,27.694147190594283,16.44880342081345,4.2869371237729395,-10.198905992604807,-38.72066528815141,25.21965525909683,-51.31435081551523,-79.13670094918676,48.873978964384335,-64.48170544891954,-10.38114009952532,-28.706125508231626,99.39735845915482,-37.77076711497097,59.95213892585219,37.870343786214946,-57.29508641737653,-20.58755655148904,61.08522005994505,58.49010327218612,-13.286914488449016,26.095921355205427,11.931390291582739,-40.595599510388716
-2.300008927566026,17.87160852665601,-22.90241568038542,-8.445724603882795,0.024222912621082414,13.336638148388813,-13.227922884413124,15.515056442455116,-6.038175970777309,6.655366808882207,18.31300302262996,14.843939662291445,6.620398080521219,-1.6124318291367643,-16.109163996355164,5.5868043156935245,-5.9219660266272225,19.000464864508057,20.499687254072825,1.615971346381919,16.49747956816494,-2.9695894533973184,13.69933202927499,-14.155670799115903,7.148685652952689,-12.272670734231612,10.25729887359449,4.59248868136305,0.06799436175083386,6.94208597860092,-8.877968001913864,3.3683414727747913,7.461371668090606,4.2869371237729395,1.169847268258046,-2.650971249227777,-10.424771464845684,6.80072612997169,-13.836206023556576,-21.219697888278017,13.086936583029688,-17.330469530487566,-2.7833289654494098,-7.679615398526351,26.73310397334833,-10.198287813592518,16.13823491060835,10.159004771000978,-15.436319544720575,-5.50692817497433,16.39052900429393,15.702846211022585,-3.6033127660526367,7.104122392660938,3.144727006953947,-10.964933009396896
7.3945411846792,-54.36000274173655,69.1051676921367,25.76171118039157,0.5830794242274804,-39.33663948943939,42.72037153667877,-47.60828266832123,17.992591340423044,-20.876473794791835,-56.81105764572094,-44.29075559281345,-20.38803055976567,4.100281227738041,48.34100612399553,-17.28748638196018,20.759280615028725,-57.76099704903531,-62.40786593496315,-4.615115522449981,-50.020415570166996,9.328920293035008,-41.37986998281803,45.120248415317434,-20.98941568495548,38.78872067510247,-31.007570639163966,-13.66892775105759,-0.7755231874434393,-20.384638517461703,26.597592691292252,-9.897173332328078,-25.435705525211866,-10.198905992604807,-2.650971249227777,8.615579562871249,34.3898225802936,-20.422402930917016,42.66904513287902,64.94662614804712,-40.264992469415404,52.88470206302486,8.068071847271778,22.153107584447877,-83.78004993528336,33.29007619882176,-47.77258184569209,-31.027032306616896,45.85574386304263,15.83211631617483,-49.87040623742036,-47.238586743263156,11.262501440251526,-22.830967389407224,-8.808342099386666,33.90872942287443
29.949628080334435,-219.95251189706553,280.0901526409238,104.47071592916038,2.9912868611738075,-158.99841930195714,174.48272201992447,-193.01792967734443,72.52389244246464,-83.85199694359494,-231.57648831808586,-178.67570387693314,-82.17223456483646,15.807494609330263,196.0262928072167,-70.18639886825758,85.88006340625478,-234.08625872392594,-252.21965128224247,-18.199613471908506,-202.83181482948743,38.19159720168924,-168.15090938637698,184.72797485349614,-85.20551939227653,158.5613246666682,-125.37706316184241,-54.865843635899445,-3.3127479354240177,-82.69805312989429,106.68815000470673,-39.28411448321556,-104.49932601654967,-38.72066528815141,-10.424771464845684,34.3898225802936,140.71530957414095,-82.7309724693521,173.4016431622324,262.69360140804946,-162.81460161487902,214.169056366424,32.402817435443104,88.76938272738923,-340.5488132636284,136.30117752707585,-192.94052620108502,-125.50123143575935,185.3943138841161,63.40499382779769,-201.65894967928878,-190.8164061057505,46.01756148864731,-93.80462355720955,-34.750077892032266,138.00654021273388
