V1,V2,V3,V4,V5,V6,V7,V8,V9,V10,V11,V12,V13,V14,V15,V16,V17,V18,V19,V20,V21,V22,V23,V24,V25,V26,V27,V28,V29,V30,V31,V32,V33,V34,V35,V36,V37,V38,V39,V40,V41,V42,V43,V44,V45,V46,V47,V48,V49,V50,V51,V52,V53,V54,V55,V56
0.2952154006880336,0.0641740913668033,-0.021150225096798068,0.08347254229985092,-0.8892684521876215,0.37530890904150827,0.2773521849943952,0.3177680053201145,0.09010343781126953,0.16568121803114566,0.1706512067602504,-0.02796569278395552,-0.032675899761171134,-0.31281132952974405,-0.05904313631424996,-0.3804518587198626,-0.2522053347819774,0.30120836037104026,0.11627335603438169,0.04491625283667673,0.6867827350051412,0.2561454297856615,0.27078279138225303,0.4762073389764396,-0.15771506738649205,0.13980554270822815,0.042946324145147,0.23712580247593068,0.21154853542317703,0.014869266563051781,-0.18159574889881436,0.04899263662409638,0.13938936655261458,-0.2420027369241136,0.05318926892706618,0.27149749696325914,0.07688299585562113,0.020632246107404075,-0.06498926364855241,-0.0027178645694965822,0.4325694255877446,-0.15507213317207277,-0.05211745585459993,-0.38868314999719666,-0.1730525304653445,0.4446179838203619,-0.051287260273707044,0.22101592630438566,0.08357393853480254,0.3056692465980068,0.12790331810008312,0.20259566419826092,0.01574048832933001,-0.07386596532535993,-0.17584044267218518,-0.012981613380855983
0.0641740913668033,0.5847289492179177,0.01868428404740434,0.03826073758090387,0.22429725871387987,0.07303366063123916,0.31771328996907466,0.41895033508054313,0.14423288481031535,-0.13304458906171837,-0.4093078930230884,0.7935610235506791,-0.5269345923090636,-0.3752465728738315,-0.25695117701743275,-0.025843700528637173,0.6553910744054102,0.11572722509124564,0.6706823144671467,0.03724986398119825,0.30918939672753415,-0.48115156956437327,-0.22959038513309482,-0.08411165498936278,-0.3725731951270217,0.27622220476231824,0.5371083395777329,0.31944310184990876,0.071340607386146,0.059361319526604846,-0.30886733402730565,-0.13285111061554708,-0.48101393796294323,0.3524575651420511,0.5714340525220237,0.504456325462533,0.5337593898922531,0.04360622363489837,0.025228355022575675,-0.5152484069313441,-0.5351963332572789,-0.451371196817087,0.2716018920474405,0.02326783396810358,-0.05075324676736129,0.02801531662973912,0.39032785253075386,0.22527390403470401,-0.0021559647999309637,-0.3134926138394288,0.51164936479690315,0.3132536810771541,0.10812095667670571,0.19160046123063149,0.34966078489700664,-0.18731288229501267
-0.021150225096798068,0.01868428404740434,0.636291678072309,0.10354208723706308,-0.539721740443422,-0.776396607795366,-0.48369518133929673,0.3666472570707742,0.27996750474130483,0.11392868935868732,-0.1562074142030191,0.20519008172556327,-0.23297010738951096,0.10584359287837647,0.19949259922454446,-0.19121732883385203,-0.41608875387461713,-0.09433896816525693,-0.0016898617147106966,-0.25357644950775426,-0.22209793630554975,-0.3327836187602417,-0.23337965362960808,-0.637227457305256,-0.5218753248203607,-0.15633325435513992,0.2748986773368011,-0.34499867253498107,0.2665651594308893,0.1690747411744862,0.42721739305046386,-0.35507961133032334,0.22165527483923453,-0.5431464596769258,0.18549601367724824,0.24394417903707455,-0.6027813990810867,-0.5552408257901892,-0.3590918662220367,0.11448186337451191,-0.561822918203694,-0.16197453748326443,0.36494116696602796,0.44931034341070664,0.38679793365197607,-0.46310779888897097,-0.47897829940654035,0.018484852711514677,0.6458978605608281,0.4615475517315521,-0.0835971265110843,-0.04970710540546064,-0.05247486633275598,0.49023154782803113,0.09678459009516645,-0.4488893823683288
0.08347254229985092,0.03826073758090387,0.10354208723706308,0.241622983897884,-0.35337790039850164,0.17179946008759614,0.1356129922445952,0.1615926510509907,0.3243299427332856,-0.06362933956248232,0.06478045258196548,-0.2002965687326945,0.11633424057691949,0.07796056856185554,-0.22664959294774298,0.14102855490519442,-0.06393921907814995,0.4637914104340165,0.025913231273048943,0.16468959741272796,0.31813108702698156,0.20470352510730033,0.38665592103582924,-0.08282681464378924,-0.16183958177817484,0.0891994674283034,0.07919872042142195,0.21819274985171713,0.18426427555112224,-0.29102853623301195,-0.007330383968401603,-0.10793919009797566,0.1596432860485764,-0.606185604585212,-0.18901848394102927,0.2278228029905445,-0.23323133365705342,0.4506932646109338,0.3747892326608947,-0.11201469584252509,-0.09518682795495283,-0.1796479948497854,0.3698726073859239,0.15119128950375593,0.03377867009284285,-0.054344766808091714,0.16285594671257525,0.08638517642008933,0.3831550797793489,0.1737236525137766,-0.09588992425761604,-0.1501795659582212,-0.5422663822346839,0.0321007939407964,-0.25094650018921055,0.06279791462414569
-0.8892684521876215,0.22429725871387987,-0.539721740443422,-0.35337790039850164,3.791354948284278,-0.48113017349413484,-0.38773307938536244,-1.1681070861759828,-0.36580000199472773,-0.8650931935334438,-0.585376283510352,0.24196343256281502,-0.19783029709298133,0.7168618321505574,-0.10885620819190137,1.5158035747276615,1.4979760241063051,-0.8896907297563298,0.08187693432102126,0.16594328764762292,-1.8203426808864624,-0.9599457089459847,-0.8862810333226718,-1.229570783096501,0.7070355581547109,-0.25916979154897984,-0.0960544982261776,-0.16476586712273408,-0.8684941083167121,-0.3444815998827777,-0.005325365764642914,0.006869497487525846,-0.7578690828584282,1.106623214239194,-0.03374651763227005,-0.7762219249715266,0.6782355123643489,0.6533613372156304,0.7017284780643513,-0.49932743948639696,-1.2767665706568812,0.4101071039854169,0.014712019355818916,1.073426159356453,0.2657143054630025,-1.1847022266828358,0.8252513322161065,-0.629337368717489,-0.806576182860461,-1.7093064667718119,0.07076515012593075,-0.5718491228124671,0.086174528935968,0.08683512363293718,0.6019012159500876,0.41669475126254746
0.37530890904150827,0.07303366063123916,-0.776396607795366,0.17179946008759614,-0.48113017349413484,1.7850863380756323,1.0946626350085484,-0.06750909153721558,-0.030912786680466545,-0.25901256659303956,0.4978835226890977,-0.38427001077795503,-0.005566715318740013,-0.5090621998804769,-0.43866097910737195,-0.10756382946074007,0.09386513811996901,0.5279047563227923,0.26354943405633,0.3572421060382242,1.597466547628179,0.6643105413374881,0.5343026032651041,1.3183760417868327,0.21999699256735727,0.367400673824971,-0.3641587597223186,1.25768892536111,-0.018359915025339246,-0.7640396940618891,-1.0766252444072975,0.40294853786126295,0.3254450452166176,-0.3067530167915783,-0.21876079382182778,0.5059296895745804,0.825420778450451,1.1668395154846103,0.7728444493806114,-0.42457407882856885,1.1620871674335242,-0.07862805834059386,-0.1496447984038352,-0.860323197978902,-0.6413059854226618,0.7703633179698225,0.5821239897507292,0.36087374671650946,-0.5646807829279211,-0.23605575897047473,0.31577186325308854,0.14359770263516447,-0.0960746811083191,-0.644112858926936,-0.7977856535126527,0.6675787726189916
0.2773521849943952,0.31771328996907466,-0.48369518133929673,0.1356129922445952,-0.38773307938536244,1.0946626350085484,1.013723114256152,0.274025020692463,-0.010549004114268016,0.025354131001256015,-0.0511209363415403,0.31519772905361215,0.1470558869661659,-0.49535697560326,-0.5591763140239954,-0.10226986466200216,0.7116924437019583,0.7022159477459149,0.45379966304517844,0.3317811059817351,0.9700665065643423,0.429903482826251,0.5634234324142098,0.9814973320254041,0.11513362089145822,0.5749289331971116,0.19664884750353476,0.6797832075078722,0.021362676461782724,-0.09248140653269794,-0.669684890900681,0.28592354948751353,-0.5323042345269268,0.6134836327038887,0.14096461739283664,0.3576373952586773,0.7353766174169606,0.6328185222818499,0.38277803931996407,-0.4005778043323703,0.4387358502438415,-0.3714201491535504,0.011598603847752116,-0.7493353162033567,-0.5601607935249924,0.8700692547690465,0.7756699090613852,0.3381783003857615,-0.3641644826185226,-0.22380961782010242,0.3116198263037395,0.4250039447289597,-0.23796542224257802,-0.5366510642763248,-0.020049510355914076,0.24390753170851304
0.3177680053201145,0.41895033508054313,0.3666472570707742,0.1615926510509907,-1.1681070861759828,-0.06750909153721558,0.274025020692463,0.8416999866442102,0.2866648355827633,0.2735732224927885,-0.26293172395393133,0.7001375968433626,-0.31702501350791745,-0.4920149257510473,-0.15966904444747423,-0.5462569925461058,0.06937099952436966,0.42404530333624174,0.5135520681982207,-0.06837853352698253,0.6570677532736167,-0.13675429493339783,0.1087984658405797,0.16416382005734964,-0.6212656274222561,0.3194781897713522,0.6088130550149357,0.10460209500966298,0.39780658013723935,0.3369000371035389,-0.06199601768392207,-0.1869407430432896,-0.271251504276273,0.012196231491253531,0.5420698774522027,0.6402156100866847,0.04433390721562006,-0.3855123783293831,-0.35199177842645235,-0.19422336761890802,-0.23633093864596622,-0.5712668945346011,0.3045768129863383,-0.23839454258497303,-0.04520259604297053,0.36425071320544616,-0.008047493201095764,0.3756383084647527,0.42765301513009524,0.4173597979778863,0.3354852176952405,0.47670169796675815,-0.010363580217074462,0.2141930910513227,0.2522901432019873,-0.44688083696798775
0.09010343781126953,0.14423288481031535,0.27996750474130483,0.3243299427332856,-0.36580000199472773,-0.030912786680466545,-0.010549004114268016,0.2866648355827633,0.5389148311395479,-0.12737650211207543,0.025151065774798358,-0.20980492356561123,-0.01815679325242106,0.14191507983350915,-0.242970000490564,0.22588507488443066,-0.14853299670059417,0.5441658488877663,0.09497009684716015,0.18596731494940952,0.3014905180674844,0.06330099134354339,0.38370213369828743,-0.42388902255550037,-0.3721499549878874,0.034271404524049524,0.20754857280595987,0.21367143326532712,0.30458993340673934,-0.384958981033062,0.10666732009318725,-0.27977031962482424,0.27236687521405567,-1.0306598828095004,-0.1788227742691845,0.35526624494641607,-0.39920222392487564,0.5227096667123413,0.46103980709610204,-0.18674232784740546,-0.38010928739116495,-0.28208937395629374,0.5933964984455283,0.442249113678075,0.1932628638754892,-0.28910071094048434,0.12565877760096295,0.09375328561935714,0.6846880403609634,0.24469321805794347,-0.07518246340984809,-0.26663691539410544,-0.7084233202859478,0.27152107345833204,-0.2736530412245912,-0.014719861217157282
0.16568121803114566,-0.13304458906171837,0.11392868935868732,-0.06362933956248232,-0.8650931935334438,-0.25901256659303956,0.025354131001256015,0.2735732224927885,-0.12737650211207543,0.579189302699432,-0.04478290370186452,0.0881252030183712,0.5325106149745531,-0.08945064726741102,0.03704751243406911,-0.4024421034596177,-0.06096266161544987,0.3177290296046007,-0.19555711979698073,0.0028256499540097505,-0.16737510335717404,0.41695291306649934,0.44908868373750116,0.3828216961054873,0.14429032043835102,0.15641010744367173,0.14146394971078988,-0.5790908812125093,0.125638161485008,0.7164960650363633,0.3840180128659442,0.12953733819771998,-0.441586926300579,0.6631511361354842,0.006809703060086481,-0.3544375453626099,-0.23816379690294529,-0.5807903188331306,-0.5320925416450207,0.4297113011210399,0.28222697193087776,-0.046356472935606755,-0.2793353323360537,-0.4577859675658905,-0.1491371896346804,0.682617389437168,-0.11640810015065277,0.020523017009092464,0.0796435419373442,0.4609374346352671,-0.20727073207189253,0.3226370467822949,-0.04888036856115444,-0.20916077971278144,0.39208716089881557,-0.23975671153851508
0.1706512067602504,-0.4093078930230884,-0.1562074142030191,0.06478045258196548,-0.585376283510352,0.4978835226890977,-0.0511209363415403,-0.26293172395393133,0.025151065774798358,-0.04478290370186452,0.6461975651193014,-0.9187923453740084,0.14972118469512413,0.08158559162031342,0.1828381683393638,-0.1255030054580383,-0.8979817815678619,0.00817545432598796,-0.4209650674177363,0.0400263123265009,0.5256838957173577,0.4976325635727003,0.25662564757149586,0.36035974547591526,0.14240710222954808,-0.24066998951188884,-0.5897263775124153,0.28366057055970234,0.0758472664816238,-0.4755119160001757,-0.11818215915275374,0.11436461193144343,0.9035876144238909,-1.0377845926124933,-0.5303054800180915,-0.041212523363839626,-0.25872752697918416,0.36220206030418955,0.24001852428606052,0.2505185463288346,0.8648585979260767,0.3330301189752855,-0.21264143531774402,-0.1614223638071604,-0.05099316929824194,0.06216522579381383,-0.3653670718945693,-0.012342593470180291,0.018154264961279653,0.32885490521360916,-0.21735987920835,-0.3048729874576258,-0.03198425961768691,-0.12619348189029211,-0.7670835502815787,0.3481615922200394
-0.02796569278395552,0.7935610235506791,0.20519008172556327,-0.2002965687326945,0.24196343256281502,-0.38427001077795503,0.31519772905361215,0.7001375968433626,-0.20980492356561123,0.0881252030183712,-0.9187923453740084,1.8590943683625056,-0.8854389969103568,-0.7264901857773167,-0.08364891482666925,-0.4846989434889406,1.1134843380021886,-0.3967597932696293,1.012774176113263,-0.3528260454796459,0.001509506257447512,-1.0288311974087694,-0.9095091039000729,0.008748251833845528,-0.5527051884931018,0.4244187742962361,0.9264067455751036,-0.0038789955942539226,-0.04492195062392773,0.7712678311723966,-0.3280513815796149,-0.11737062278406986,-1.1411270265299627,1.6682560043216232,1.3337000697953345,0.6290139766683589,0.8850026521954438,-1.0073923080882694,-0.8023468836048662,-0.544281815206062,-0.8947496014093753,-0.6145421079686865,0.08937278503518646,-0.2627512122927421,-0.08872417753215507,0.15735888900221415,0.23859091683919412,0.31520245791441137,-0.33463208684942686,-0.4216343226629721,0.8177440932228774,0.9000730636407821,0.8720968464281504,0.23754217317371923,1.0526285238559068,-0.6797569671803062
-0.032675899761171134,-0.5269345923090636,-0.23297010738951096,0.11633424057691949,-0.19783029709298133,-0.005566715318740013,0.1470558869661659,-0.31702501350791745,-0.01815679325242106,0.5325106149745531,0.14972118469512413,-0.8854389969103568,1.7125557504153341,0.6336064929758889,-0.3858625045963704,0.5016166936712265,0.2805432128043153,1.078593412793004,-0.8089727688294012,0.5671039390706963,-0.7564098212001814,1.2835459849263016,1.520511856517683,0.30279228966447763,0.9102961989638904,0.21496762817926982,-0.19922785231292794,-0.7841097582068616,-0.0491183619033125,0.4040677782271964,0.7189627001745533,0.3257219376680394,-0.65406704497843,0.5889656458332856,-0.9780595536344374,-1.1549314000830841,-0.6701984758516608,0.5068010492293606,0.3654405928320185,0.6508386821834573,0.37811675980787673,0.20371309358275294,-0.1511363504525919,-0.2285761399704221,-0.24385774198493476,0.7723800037896326,0.5430900964741193,-0.31225580949685183,0.17049172970901116,0.302131740208894,-0.9261433992614546,-0.2476647169328479,-1.2740536429505696,-0.7132473501495682,0.20146076158797066,0.31348301945674045
-0.31281132952974405,-0.3752465728738315,0.10584359287837647,0.07796056856185554,0.7168618321505574,-0.5090621998804769,-0.49535697560326,-0.4920149257510473,0.14191507983350915,-0.08945064726741102,0.08158559162031342,-0.7264901857773167,0.6336064929758889,0.7685743937860465,-0.005814230019744394,0.705582189838401,-0.0964799584318699,0.13016339324968984,-0.5902544772846251,0.18246553438406035,-0.9527526113452878,0.24165292873244867,0.3533865957361162,-0.7248732740625655,0.357827042115249,-0.2658456756505131,-0.25098806582505584,-0.4936775227138185,-0.10804754806341524,-0.184796969561775,0.6014157631952726,-0.0902690776613985,0.12321955069189718,-0.43197792572863347,-0.6769998227394732,-0.6464830335962549,-0.7148075209449057,0.38687119255508173,0.4162632885862432,0.2979376301569474,-0.35543547930017955,0.30495534261597457,0.19766533209407336,0.6733999562002975,0.29794494070446137,-0.5304874556676986,0.041810674411232415,-0.39630779409910505,0.3420702342134346,-0.004889673965558617,-0.6244683032447973,-0.6255087223264545,-0.736432067490625,0.032843840148615445,-0.08392411854945218,0.18554796042720653
-0.05904313631424996,-0.25695117701743275,0.19949259922454446,-0.22664959294774298,-0.10885620819190137,-0.43866097910737195,-0.5591763140239954,-0.15966904444747423,-0.242970000490564,0.03704751243406911,0.1828381683393638,-0.08364891482666925,-0.3858625045963704,-0.005814230019744394,0.5831272810465802,-0.38382911880417264,-0.7383798190732284,-0.8231195637771649,-0.22997721336455057,-0.42524631278921227,-0.22723153298185733,-0.337004111674761,-0.7006424517462071,-0.15931284663559764,-0.10839045946424393,-0.40590958884006095,-0.291871611527497,-0.25592903867459627,-0.05270880839512936,0.12520046057294318,0.13887740986495636,-0.051923340395322315,0.5612788368657798,-0.23665310658298236,0.12775308676331146,-0.06602019239673788,-0.18105718028502946,-0.762910013270568,-0.5873955740691648,0.30051308058272896,0.21198559384766488,0.34100155804162713,-0.3494938639976947,0.061671558332238724,0.2172235626349435,-0.33996961366057066,-0.796319084018711,-0.10244620612452526,-0.11439973756583655,0.19602087174114782,0.01229275105579671,-0.029585884663126123,0.7865148017716543,0.26635960530304015,-0.10684383429472386,-0.17627696513086813
-0.3804518587198626,-0.025843700528637173,-0.19121732883385203,0.14102855490519442,1.5158035747276615,-0.10756382946074007,-0.10226986466200216,-0.5462569925461058,0.22588507488443066,-0.4024421034596177,-0.1255030054580383,-0.4846989434889406,0.5016166936712265,0.705582189838401,-0.38382911880417264,1.1289941361571683,0.647590661689831,0.3540724969101857,-0.21630294638884223,0.4369949624098904,-0.8199913728609147,0.0962589635475287,0.41252968439968873,-0.753983307771369,0.4183179736843805,-0.04509254545245705,-0.0665369388022982,-0.06851003586503512,-0.23058345479039785,-0.473073070498396,0.24530542919309292,-0.06754629620426142,-0.25290857008610645,-0.18730003839242587,-0.5856458086968165,-0.4838399009430458,-0.20397311230519882,1.0420263422968048,0.9405753603459343,-0.1748362086540411,-0.6697563053561076,0.1062423347660028,0.4132525516817137,0.7696758598473055,0.1702448284257441,-0.5624822834742447,0.6953882400371347,-0.3453741636111744,0.14941342848293418,-0.5617246666252814,-0.3752769635386529,-0.6352191884828173,-0.9755889810886788,-0.05282996537905879,-3.0923850035556035e-4,0.3967412940146827
-0.2522053347819774,0.6553910744054102,-0.41608875387461713,-0.06393921907814995,1.4979760241063051,0.09386513811996901,0.7116924437019583,0.06937099952436966,-0.14853299670059417,-0.06096266161544987,-0.8979817815678619,1.1134843380021886,0.2805432128043153,-0.0964799584318699,-0.7383798190732284,0.647590661689831,2.0528749205783514,0.5011432993044594,0.6463403106051621,0.40210843132757057,-0.6135960993546212,-0.23135889343625823,0.23127129245034808,0.01096568644623516,0.3638758328464964,0.6599184351570494,0.735467872221906,-0.06558884099922038,-0.3403841841918171,0.4708701077412656,-0.1814883785703198,0.16179005921477366,-1.8006057599701009,2.0858044972492396,0.4552387710294363,-0.22298609382291587,0.8980582455775865,0.3860698068338072,0.31157662619936183,-0.5719005367723325,-0.935852314775572,-0.4720755712475191,0.19156411434309112,-0.09755586807264502,-0.33432884820601216,0.41522884085524353,1.3671238685064824,-0.0065591757436103525,-0.49529439086323274,-0.9905510718640501,0.29128648283794817,0.42103371413377616,-0.40716442222137833,-0.38302160722094564,1.093057928714444,-0.0036618139703428415
0.30120836037104026,0.11572722509124564,-0.09433896816525693,0.4637914104340165,-0.8896907297563298,0.5279047563227923,0.7022159477459149,0.42404530333624174,0.5441658488877663,0.3177290296046007,0.00817545432598796,-0.3967597932696293,1.078593412793004,0.13016339324968984,-0.8231195637771649,0.3540724969101857,0.5011432993044594,1.6928698593188705,-0.030814473321176844,0.7284615046191382,0.4471050863975005,1.064226019644387,1.6759041679802043,0.36720981161383665,0.17097987321699504,0.5679297522591461,0.3502656002067319,0.06039442730637291,0.3543957706877959,-0.017988676603229465,0.19456098213089285,0.06483707109372082,-0.5916844813809149,-0.1742425617760578,-0.5637423327455051,-0.10360001564606194,-0.33479297970930844,1.058695081976164,0.7730876891464102,-0.029232823508793648,0.05804940063827571,-0.4797320814121118,0.4954854106247927,-0.20741858015372852,-0.30375696937991115,0.8326629165246554,0.9219719755520527,0.15491755071070779,0.6277505542939339,0.36148644203832403,-0.3784202640157514,-0.04159700218534806,-1.58800058259223,-0.4342412932049481,-0.009050471514157105,0.2120119393718105
0.11627335603438169,0.6706823144671467,-0.0016898617147106966,0.025913231273048943,0.08187693432102126,0.26354943405633,0.45379966304517844,0.5135520681982207,0.09497009684716015,-0.19555711979698073,-0.4209650674177363,1.012774176113263,-0.8089727688294012,-0.5902544772846251,-0.22997721336455057,-0.21630294638884223,0.6463403106051621,-0.030814473321176844,0.8532577329836302,-0.07085866138289472,0.6311510276643195,-0.6233460109747323,-0.4608383337990393,0.09831797001242457,-0.5161620268163828,0.3210560811968044,0.5608291312558192,0.5630311004853611,0.07463740603669841,-0.0033016163384938456,-0.5630672542366995,-0.12105559491857525,-0.4036335426660813,0.38793809757136666,0.7847503936564032,0.7836124491136511,0.753341185849561,-0.04592580949739798,-0.0591904000351589,-0.65081502385108,-0.45176969390820143,-0.5175205380042471,0.2590403340504925,-0.12775250473937738,-0.11143451017157813,0.05045674455552044,0.33675722785850204,0.345774183330248,-0.131116853804494,-0.35237938218948145,0.7096458648036071,0.4619021769679986,0.380526481595666,0.1989798236158481,0.28121356390825053,-0.22448850933051315
0.04491625283667673,0.03724986398119825,-0.25357644950775426,0.16468959741272796,0.16594328764762292,0.3572421060382242,0.3317811059817351,-0.06837853352698253,0.18596731494940952,0.0028256499540097505,0.0400263123265009,-0.3528260454796459,0.5671039390706963,0.18246553438406035,-0.42524631278921227,0.4369949624098904,0.40210843132757057,0.7284615046191382,-0.07085866138289472,0.4484597765580239,0.028494178322024024,0.5038718290059571,0.785178460572234,0.11393930002642891,0.30122591369027274,0.21772943341761147,0.0319276694749036,0.07842580641300015,0.01798682142910779,-0.1529033384491865,0.03779929335452482,0.09730537346161612,-0.3099822603239964,-0.014343604908073376,-0.40651191457879016,-0.24147847401756187,-0.014963508171194692,0.7776669139492092,0.5903804415570495,-0.06507393876620408,0.03855038170925887,-0.09530572207606858,0.15254087627338392,-0.006847209618369285,-0.1663661664080206,0.30857073350349584,0.6055590741592967,-0.03592486507134664,0.10662246296556178,-0.10839561280065761,-0.19701110823700163,-0.16369403934943802,-0.7841379105085724,-0.2770192843166452,-0.03034144710532066,0.29488198035043733
0.6867827350051412,0.30918939672753415,-0.22209793630554975,0.31813108702698156,-1.8203426808864624,1.597466547628179,0.9700665065643423,0.6570677532736167,0.3014905180674844,-0.16737510335717404,0.5256838957173577,0.001509506257447512,-0.7564098212001814,-0.9527526113452878,-0.22723153298185733,-0.8199913728609147,-0.6135960993546212,0.4471050863975005,0.6311510276643195,0.028494178322024024,2.4194718390173637,0.2891748577311235,0.17396464567892195,1.2369702597354943,-0.6499012131784113,0.3243211791976658,-0.052874421198200794,1.5059657776160904,0.4383970748979436,-0.7695548811285668,-1.1687449252376685,0.07240056884903369,0.8850573422764021,-1.2217585519160483,0.27398063705940257,1.3653638568983324,0.6273765078115787,0.615625589406439,0.3257665064614224,-0.5422966957773536,1.0771602633270756,-0.4339991405542108,0.143379021468355,-0.8481217193802413,-0.44445473742458275,0.6294645250691232,-0.024920077890267348,0.7133861541517291,-0.008896470571409656,0.37183655603472526,0.6668098863592581,0.3863456120709217,0.2611386004204955,-0.11792319766782415,-1.0049453018348455,0.21150735986070016
0.2561454297856615,-0.48115156956437327,-0.3327836187602417,0.20470352510730033,-0.9599457089459847,0.6643105413374881,0.429903482826251,-0.13675429493339783,0.06330099134354339,0.41695291306649934,0.4976325635727003,-1.0288311974087694,1.2835459849263016,0.24165292873244867,-0.337004111674761,0.0962589635475287,-0.23135889343625823,1.064226019644387,-0.6233460109747323,0.5038718290059571,0.2891748577311235,1.359755776641643,1.4420469232052087,0.80987348249026625,0.633358473746433,0.22102819313588876,-0.37048441061590826,-0.1231060978437044,0.11793348684803354,-0.004493518759578781,0.20677284475200425,0.3554956724032215,-0.02458375155658924,-0.14464458653608,-0.9015428077518974,-0.586883667531037,-0.4326066731273707,0.7043791893492553,0.45278488558219115,0.4802795086508605,0.9733627232464765,0.14423709946254917,-0.19022060917081768,-0.5620660646577605,-0.38612939536312235,0.9329511329419983,0.3375522956070952,-0.040377219203601655,0.12049157050916572,0.4862068090511927,-0.6405173057166013,-0.15376472121714593,-0.9837076730221029,-0.705634172245328,-0.3614763224079102,0.4377360330731538
0.27078279138225303,-0.22959038513309482,-0.23337965362960808,0.38665592103582924,-0.8862810333226718,0.5343026032651041,0.5634234324142098,0.1087984658405797,0.38370213369828743,0.44908868373750116,0.25662564757149586,-0.9095091039000729,1.520511856517683,0.3533865957361162,-0.7006424517462071,0.41252968439968873,0.23127129245034808,1.6759041679802043,-0.4608383337990393,0.785178460572234,0.17396464567892195,1.4420469232052087,1.9206635642575687,0.5182030821765695,0.5505060180058281,0.43528346875989016,0.009308751883591305,-0.20172812236951704,0.2587216802752871,0.0416267578351956,0.39726053490661706,0.22392472947190875,-0.4609716463641146,-0.1523442991311086,-0.9505654075821505,-0.5782848558952026,-0.5534974066727649,1.0742813002214433,0.7653712547056318,0.31781089806369595,0.4715773029303321,-0.16890645335026677,0.20002456791684853,-0.31648464594294556,-0.3504983945538012,0.9814085221029958,0.7962002377193022,-0.016534672048813703,0.5078896817820888,0.4685519922871244,-0.6923971708512835,-0.2017432087691083,-1.6566497353111214,-0.6448068940011139,-0.1214525214768658,0.3868951464408368
0.4762073389764396,-0.08411165498936278,-0.637227457305256,-0.08282681464378924,-1.229570783096501,1.3183760417868327,0.9814973320254041,0.16416382005734964,-0.42388902255550037,0.3828216961054873,0.36035974547591526,0.008748251833845528,0.30279228966447763,-0.7248732740625655,-0.15931284663559764,-0.753983307771369,0.01096568644623516,0.36720981161383665,0.09831797001242457,0.11393930002642891,1.2369702597354943,0.80987348249026625,0.5182030821765695,1.7574758044137435,0.36367298588021324,0.4455950288161611,-0.2423926734221298,0.5160451348530551,-0.010418873922045789,0.21932209572993835,-0.7102354998607446,0.5779756914244617,-0.19087029443373243,0.8372808419264598,0.0649845800152212,0.10790308744085071,0.7478910848418615,0.03796000930110824,-0.19616355047659723,0.08518285399532581,1.4703356583135032,-0.019995209552645197,-0.6851562794382515,-1.4507356798163802,-0.7821254476121033,1.4330589418192685,0.21023838546619716,0.3584359792151261,-0.760463615741052,0.1586510478670075,0.2298816539020453,0.6568434462593973,0.4180015476846188,-0.8186572756346779,-0.20237699354952976,0.2717488048009526
-0.15771506738649205,-0.3725731951270217,-0.5218753248203607,-0.16183958177817484,0.7070355581547109,0.21999699256735727,0.11513362089145822,-0.6212656274222561,-0.3721499549878874,0.14429032043835102,0.14240710222954808,-0.5527051884931018,0.9102961989638904,0.357827042115249,-0.10839045946424393,0.4183179736843805,0.3638758328464964,0.17097987321699504,-0.5161620268163828,0.30122591369027274,-0.6499012131784113,0.633358473746433,0.5505060180058281,0.36367298588021324,0.8937499660240111,0.032996360226271164,-0.3958843904167696,-0.37447742089152825,-0.350855335655287,0.18130247509780936,0.18466390515869271,0.3975949038986163,-0.43852536676788084,0.8471795982696686,-0.5671650131618106,-0.9367413019951344,0.05599916403323917,0.3368575241056295,0.2264221312370569,0.35020843692133974,0.4676480839359643,0.40530844346212164,-0.4804784752205364,-0.27573933202358963,-0.267973682631623,0.44928731225771656,0.3896398480566399,-0.30968643753909747,-0.5078802602336595,-0.2872361830120725,-0.4336912973550157,-0.15052791549857442,-0.29079365952236674,-0.6003541156931125,0.1439567987042892,0.4142727372876314
0.13980554270822815,0.27622220476231824,-0.15633325435513992,0.0891994674283034,-0.25916979154897984,0.367400673824971,0.5749289331971116,0.3194781897713522,0.034271404524049524,0.15641010744367173,-0.24066998951188884,0.4244187742962361,0.21496762817926982,-0.2658456756505131,-0.40590958884006095,-0.04509254545245705,0.6599184351570494,0.5679297522591461,0.3210560811968044,0.21772943341761147,0.3243211791976658,0.22102819313588876,0.43528346875989016,0.4455950288161611,0.032996360226271164,0.4375544704681702,0.3517842452037363,0.14677153479509494,0.053879527059808044,0.2222972846889297,-0.1949778183909839,0.11886466045401049,-0.6700824124790872,0.6953358745300979,0.18495453322516736,0.13139581120762475,0.34692660636999884,0.19519391343222173,0.09588982103684364,-0.20622782188247252,-0.02627431680929367,-0.3515033562706066,0.09450800321724401,-0.3959770528542478,-0.3007733193778347,0.5870714916143467,0.5568122040369455,0.1907036303031048,-0.08187478920821994,-0.08443587270234598,0.14532113392776294,0.35027306839443667,-0.2839988478228316,-0.2853528838472896,0.29605538838033496,-0.02241880592832654
0.042946324145147,0.5371083395777329,0.2748986773368011,0.07919872042142195,-0.0960544982261776,-0.3641587597223186,0.19664884750353476,0.6088130550149357,0.20754857280595987,0.14146394971078988,-0.5897263775124153,0.9264067455751036,-0.19922785231292794,-0.25098806582505584,-0.291871611527497,-0.0665369388022982,0.735467872221906,0.3502656002067319,0.5608291312558192,0.0319276694749036,-0.052874421198200794,-0.37048441061590826,0.009308751883591305,-0.2423926734221298,-0.3958843904167696,0.3517842452037363,0.7527639699828339,-0.12977976050829435,0.16822466605810593,0.4448796530021877,0.0814718359398229,-0.19567405360176707,-0.8066449503262375,0.6374253740684334,0.5704726506420668,0.325450254347704,0.17901915363215562,-0.27151071896911333,-0.20316534000654266,-0.31196335760030003,-0.7942228852919219,-0.5561927609750517,0.37734858907419866,0.07273007011496513,0.021243402510062372,0.13068254731890402,0.3675782456331624,0.18525989460536324,0.27957109360257276,-0.049773640545842025,0.2968975838328626,0.387396904225437,-0.16157792918444036,0.20478715626410393,0.6590863030738205,-0.42241342501541895
0.23712580247593068,0.31944310184990876,-0.34499867253498107,0.21819274985171713,-0.16476586712273408,1.25768892536111,0.6797832075078722,0.10460209500966298,0.21367143326532712,-0.5790908812125093,0.28366057055970234,-0.0038789955942539226,-0.7841097582068616,-0.4936775227138185,-0.25592903867459627,-0.06851003586503512,-0.06558884099922038,0.06039442730637291,0.5630311004853611,0.07842580641300015,1.5059657776160904,-0.1231060978437044,-0.20172812236951704,0.5160451348530551,-0.37447742089152825,0.14677153479509494,-0.12977976050829435,1.376128018969498,0.07782427445944184,-1.002914099750563,-1.0617766595839353,0.011060293327489007,0.6752633481296663,-0.9572821484765374,0.15740652293563875,1.0159604366244552,0.7051192306493277,0.9292227203215322,0.6919137248984047,-0.7147619314501266,0.4034979344312768,-0.22583095766868963,0.27445783322746625,-0.20754577110691386,-0.2269429592003622,-0.07961827735558548,0.2654209537274329,0.39110399035377713,-0.21171624641537642,-0.3002576290691083,0.5703126284769924,0.010203322826036532,0.1543014450150893,-0.024467462815006225,-0.8209144083755064,0.3795097776991342
0.21154853542317703,0.071340607386146,0.2665651594308893,0.18426427555112224,-0.8684941083167121,-0.018359915025339246,0.021362676461782724,0.39780658013723935,0.30458993340673934,0.125638161485008,0.0758472664816238,-0.04492195062392773,-0.0491183619033125,-0.10804754806341524,-0.05270880839512936,-0.23058345479039785,-0.3403841841918171,0.3543957706877959,0.07463740603669841,0.01798682142910779,0.4383970748979436,0.11793348684803354,0.2587216802752871,-0.010418873922045789,-0.350855335655287,0.053879527059808044,0.16822466605810593,0.07782427445944184,0.31158959016974486,-0.03396439745791982,0.07576696580649576,-0.1542151271850259,0.22604272486509527,-0.6193297431551608,0.010561306454946656,0.3202929888403105,-0.2840243892885743,-0.0015639853334301387,-0.01596722855335287,0.004660776948700123,0.005242916182218632,-0.22609345717986623,0.24817276940999095,0.013849857930055812,0.062194003742261875,0.07965602173123464,-0.14016653630647105,0.1663278235007203,0.46810578153419413,0.4315110297673303,0.004867241017318946,0.02926912976082613,-0.2489366223495374,0.16901849530464066,-0.15791477542640897,-0.1481286140763981
0.014869266563051781,0.059361319526604846,0.1690747411744862,-0.29102853623301195,-0.3444815998827777,-0.7640396940618891,-0.09248140653269794,0.3369000371035389,-0.384958981033062,0.7164960650363633,-0.4755119160001757,0.7712678311723966,0.4040677782271964,-0.184796969561775,0.12520046057294318,-0.473073070498396,0.4708701077412656,-0.017988676603229465,-0.0033016163384938456,-0.1529033384491865,-0.7695548811285668,-0.004493518759578781,0.0416267578351956,0.21932209572993835,0.18130247509780936,0.2222972846889297,0.4448796530021877,-1.002914099750563,-0.03396439745791982,1.295085676270413,0.5370943032803213,0.1365163837928733,-1.113451184930849,1.7482319152234505,0.4546942552267506,-0.5495774430947434,0.02372124767554504,-1.2167124949667527,-1.0247500761635477,0.42784766962804166,-0.15221538593830425,-0.10433692120498649,-0.4537673496290677,-0.4830660994488289,-0.13067392691400967,0.7212809972789812,-0.07032072119221505,-0.04697832545060674,-0.17522436245593662,0.2051191390927777,-0.04054119617924304,0.6274114306305859,0.3703002569105326,-0.14585548691655914,1.0749169774325906,-0.5320106883509736
-0.18159574889881436,-0.30886733402730565,0.42721739305046386,-0.007330383968401603,-0.005325365764642914,-1.0766252444072975,-0.669684890900681,-0.06199601768392207,0.10666732009318725,0.3840180128659442,-0.11818215915275374,-0.3280513815796149,0.7189627001745533,0.6014157631952726,0.13887740986495636,0.24530542919309292,-0.1814883785703198,0.19456098213089285,-0.5630672542366995,0.03779929335452482,-1.1687449252376685,0.20677284475200425,0.39726053490661706,-0.7102354998607446,0.18466390515869271,-0.1949778183909839,0.0814718359398229,-1.0617766595839353,0.07576696580649576,0.5370943032803213,0.9974903529545758,-0.1519335400647102,-0.25150941724575665,0.05696222144186927,-0.3782407595402632,-0.753036042256844,-0.921056669597487,-0.42778408224528824,-0.26625376928647915,0.5760280796635923,-0.45969300203406693,0.1492565408129498,0.06200930050066043,0.48042968967949345,0.333302420660716,-0.1793718268738646,-0.2321950113748395,-0.33954048886618726,0.5598269489013814,0.41040076352591004,-0.6218464239052428,-0.278541164840352,-0.5528004874276655,0.15966547061296177,0.41576323214802985,-0.2525425867918999
0.04899263662409638,-0.13285111061554708,-0.35507961133032334,-0.10793919009797566,0.006869497487525846,0.40294853786126295,0.28592354948751353,-0.1869407430432896,-0.27977031962482424,0.12953733819771998,0.11436461193144343,-0.11737062278406986,0.3257219376680394,-0.0902690776613985,-0.051923340395322315,-0.06754629620426142,0.16179005921477366,0.06483707109372082,-0.12105559491857525,0.09730537346161612,0.07240056884903369,0.3554956724032215,0.22392472947190875,0.5779756914244617,0.3975949038986163,0.11886466045401049,-0.19567405360176707,0.011060293327489007,-0.1542151271850259,0.1365163837928733,-0.1519335400647102,0.2914347659796991,-0.22070843169797597,0.5929110355842476,-0.11902501233708485,-0.28183535120835396,0.27430350027078304,0.06726681429129454,-0.017196956972712698,0.12192148737002864,0.5210512578663204,0.14404882676471825,-0.37113384439731895,-0.47792736311207223,-0.29451034670332155,0.5002884019997751,0.17403415697977853,-0.015088402107862274,-0.43390584416229,-0.1089661938546753,-0.04783902823271175,0.14637202527065757,0.10544901546244269,-0.40899945429173684,0.029530231903084386,0.19804556774540977
0.13938936655261458,-0.48101393796294323,0.22165527483923453,0.1596432860485764,-0.7578690828584282,0.3254450452166176,-0.5323042345269268,-0.271251504276273,0.27236687521405567,-0.441586926300579,0.9035876144238909,-1.1411270265299627,-0.65406704497843,0.12321955069189718,0.5612788368657798,-0.25290857008610645,-1.8006057599701009,-0.5916844813809149,-0.4036335426660813,-0.3099822603239964,0.8850573422764021,-0.02458375155658924,-0.4609716463641146,-0.19087029443373243,-0.43852536676788084,-0.6700824124790872,-0.8066449503262375,0.6752633481296663,0.22604272486509527,-1.113451184930849,-0.25150941724575665,-0.22070843169797597,2.0300284704233005,-2.514770208276006,-0.46743232171303106,0.5633916128535315,-0.5746106154819042,0.2914307417339769,0.2719534035339884,0.11875452579607547,0.723450043842485,0.4337045521891693,0.08717147568105146,0.38532686832761803,0.3598998610822958,-0.8517631624495821,-1.060160606575435,0.03569669319426599,0.3754598028224735,0.526631758032067,-0.08678435724931592,-0.6438433125949193,0.3197960014956896,0.4445733628843877,-1.415275554683338,0.27068296537812947
-0.2420027369241136,0.3524575651420511,-0.5431464596769258,-0.606185604585212,1.106623214239194,-0.3067530167915783,0.6134836327038887,0.012196231491253531,-1.0306598828095004,0.6631511361354842,-1.0377845926124933,1.6682560043216232,0.5889656458332856,-0.43197792572863347,-0.23665310658298236,-0.18730003839242587,2.0858044972492396,-0.1742425617760578,0.38793809757136666,-0.014343604908073376,-1.2217585519160483,-0.14464458653608,-0.1523442991311086,0.8372808419264598,0.8471795982696686,0.6953358745300979,0.6374253740684334,-0.9572821484765374,-0.6193297431551608,1.7482319152234505,0.05696222144186927,0.5929110355842476,-2.514770208276006,4.1146363336247616,0.8838374415102408,-0.9232773152096111,1.1869969956337318,-1.1774850519918694,-1.0404194616559934,0.09324111432570646,-0.26662041135056347,-0.1421918815344734,-0.8724924433251543,-1.0785173737065274,-0.6487201841202173,1.3057545710591454,0.8775225174925757,-0.09499561267429739,-1.3254399090901665,-0.8334516559911039,0.27153467145246335,1.1530354758038897,0.7520692771671829,-0.809408754438601,1.8880242664343954,-0.3613181872948655
0.05318926892706618,0.5714340525220237,0.18549601367724824,-0.18901848394102927,-0.03374651763227005,-0.21876079382182778,0.14096461739283664,0.5420698774522027,-0.1788227742691845,0.006809703060086481,-0.5303054800180915,1.3337000697953345,-0.9780595536344374,-0.6769998227394732,0.12775308676331146,-0.5856458086968165,0.4552387710294363,-0.5637423327455051,0.7847503936564032,-0.40651191457879016,0.27398063705940257,-0.9015428077518974,-0.9505654075821505,0.0649845800152212,-0.5671650131618106,0.18495453322516736,0.5704726506420668,0.15740652293563875,0.010561306454946656,0.4546942552267506,-0.3782407595402632,-0.11902501233708485,-0.46743232171303106,0.8838374415102408,1.0815371863906653,0.6613872813577547,0.7068158592738323,-0.8934100701137142,-0.7257233383013517,-0.40932408116617786,-0.46292741240866564,-0.3901966118804194,-0.02900034774316342,-0.23579902361323424,-0.02542691822668611,0.02103600345666573,-0.11964378012734889,0.2942177066034848,-0.28401057134531876,-0.22760726588970606,0.7437139456342728,0.678496890522253,0.9911999484082366,0.30724146995020696,0.5752596473573718,-0.5223425577803322
