V1,V2,V3,V4,V5,V6,V7,V8,V9,V10,V11,V12,V13,V14,V15,V16,V17,V18,V19,V20,V21,V22,V23,V24,V25,V26,V27,V28,V29,V30,V31,V32,V33,V34,V35,V36,V37,V38,V39,V40,V41,V42,V43,V44,V45,V46,V47,V48,V49,V50,V51,V52,V53,V54,V55,V56
0.1749026831996791,-0.18742135084229725,-0.29647055007892903,0.01121250624851608,-0.09352226304479248,0.20957637706857787,0.25123135630775945,0.004860894592242384,-0.0660067413347173,-0.42229236862498676,0.111241607699277,0.01585962051825703,-0.1377777075028929,0.23240542136002526,-0.3311298647644531,-0.07147185985847386,0.26067502219290534,0.010005050769270694,-0.2635336335155722,-0.01232047176747389,0.06807943583325944,0.24388202005006587,0.18560103780607612,-0.08294897331962672,0.4747692749071366,0.07923544164473965,-0.05736170595286675,0.015257423561579284,-0.24446433122629094,0.19082594567632,0.2433604392899521,-0.05044439050604815,-0.3124812985140228,0.16444583084575345,0.2742238587176127,0.07293533165048775,0.35852415886900557,0.052521431812878584,-0.21080229492634558,0.2507892197604192,-0.16448835995134503,0.21642660030927427,-0.03416321417350338,-0.18326275598877875,-0.16643443679312042,0.25458016462987093,6.179478224663181e-4,-0.23114844802210066,-0.2219741024765815,0.0014298535440495934,-0.1393075950369134,0.09517646334153254,0.2674071445576763,-0.08349876616595442,-0.01834035507772576,-0.10145754568176267
-0.18742135084229725,0.9379676138428787,-0.4452451938460685,-0.17475065947743754,0.5737187431159406,0.4672898470533133,-0.03516065278629155,0.42637077887500757,-0.011339573596595227,0.1305612578873549,0.06297893005963315,0.8414521048454675,-0.16431976375282986,-0.49758815292721403,-0.41601515473707285,0.31828952017392925,0.39218670445278664,0.4968892891417812,1.0834376824050043,0.09040052825094753,0.567040541111694,-0.6584883173174191,0.08686882878936414,-0.2130997590093222,-0.3180435051183836,-0.131736044823508,0.5739048764508152,0.40920416588094155,0.13452693772353888,-0.005832873260963157,-0.6820373499244284,0.010513257166589013,-0.1011418209406593,0.29587023063270046,0.1753680602248133,0.3913137443227587,0.11938187272316891,0.39895895523405983,0.13329458105000322,-1.034409111779287,-0.03542597468126117,-0.8401694427511059,0.15527872387340658,0.0033450138530311227,0.4375302246121237,-0.3727984008684058,0.922210956480207,0.5421834915618511,-0.38878030945080694,-0.5662431205874939,0.7906733039609882,0.4020121972807587,-0.35622598271253214,0.28719943471581705,0.23353956586349955,-0.14606182150337446
-0.29647055007892903,-0.4452451938460685,1.6318768914735913,0.3469601020385649,0.02173814521839473,-1.2588510046845887,-0.41744675576469553,-0.5328218805240434,0.4051315153031109,0.7107633358963523,-0.8495234466100251,-0.8065930127936146,0.10286304278187591,-0.10897622104608201,1.4386558784545784,-0.06085247992507539,-0.7483296073174325,-0.86444067920134,-0.34561089700214104,-0.045426649367301376,-0.9092194973862108,-0.21167991393840654,-1.0909641485660269,0.36036092868658987,-1.2850628480731896,0.1949826962405488,-0.37640793248792737,-0.19775532991705527,0.5036904436941202,-0.8863336359301659,-0.052413685489508935,-0.01097655786509288,0.8402227019115406,-0.8924369427241339,-0.6924579914074805,-0.3421552075133945,-0.7588506112916452,-0.4631782512085087,0.7682063449267521,0.2964940367639289,-0.08496919029660625,0.3675851466866983,0.26144921306426505,0.8138992825745042,-0.19969120583103497,-0.4643292478168853,-1.0800711283071904,-0.03127010531903661,1.3072930067093107,0.4160466235706641,-0.4095351509695048,-0.8655661676976603,-0.21013694677601505,-0.03199780960520958,-0.1769922886799254,0.5360648333792364
0.01121250624851608,-0.17475065947743754,0.3469601020385649,0.18707447849569342,0.1044537032583171,-0.3459674072266767,0.0017136276867286517,-0.04023447565688425,0.1284739037225084,-0.13694222054242788,-0.36168878675151156,-0.08097744304721055,-0.2066642132303253,0.24163823658780828,0.1728781854159887,0.0061503858925373205,0.06825152164447403,-0.34108742872628095,-0.10731301247632932,0.03623118317034086,-0.24084660410012618,0.10180388358682414,-0.4854274479410189,-0.1561788249531407,-0.1568168598685291,0.23579927850021426,-0.06711303908284193,0.19704660692385098,-0.07297750054996859,-0.39687334621252435,0.015993766058793865,-0.018976573964002905,0.12831788828743082,-0.16375169351835278,0.14537476641832386,-0.11232952145029897,0.06702000970544943,-0.03211338162651287,0.0737908499789821,0.01830608751792653,-0.3093815368549715,0.2572503228799248,0.2387541427520482,0.20614860450433248,0.08058381482274701,-0.16666267565594786,-0.4468393188692766,-0.2118309680680443,0.35639386961482433,0.028738757199410495,-0.07961082119761469,-0.14458562421239304,0.3492141734124255,-0.06767078351120233,-0.002798234586598977,0.05018055225983157
-0.09352226304479248,0.5737187431159406,0.02173814521839473,0.1044537032583171,0.7256731682593088,0.1148783811144088,0.267150427936676,0.21976859717373146,0.18389208574580537,-0.3002494501906255,-0.47194874004088083,0.6772113426821095,-0.5752708735910471,-0.22372354796339897,-0.23412257523638785,0.2646415287538561,0.7132105902240279,-0.024979246911513008,0.7199888364106093,0.09498194327304492,0.22347864743618728,-0.5478942218685464,-0.4646788584523961,-0.24766711736546482,-0.41721736061575687,0.2628389582850601,0.4237962262641433,0.5870840637978333,-0.01620259748084568,-0.38945382398228234,-0.5133573215162391,-0.10796670096303511,-0.24411433608333188,0.14506693256417078,0.4451372426991534,0.4657818656049629,0.5164403023886157,0.3617865118385486,0.34947932234732265,-0.739761072640387,-0.6323214738746988,-0.3818187552893538,0.4418145705096758,0.26028441081090337,0.09514409176705033,-0.34357292652162846,0.42003822966618076,0.17513996803786838,0.019843778369140204,-0.5438086210074461,0.5268494175499059,0.11715732925849101,0.06265924674143655,0.16010738131880323,0.19201209740119107,-0.00907609923414656
0.20957637706857787,0.4672898470533133,-1.2588510046845887,-0.3459674072266767,0.1148783811144088,1.2811882782320465,0.7283350672418739,0.17760839237892187,-0.28657703595232387,-0.594898716240162,0.6545719214170322,0.6659436330373645,-0.14039756583781446,-0.42332270573800407,-1.08505730458679,0.02096899775946287,0.8594490776670335,0.784152292245068,0.25896368145017973,-0.04626059118551753,0.8126578077130443,-0.23813219435673894,1.1619728862488488,0.22178227557395522,0.858750964696099,-0.1919662750378084,0.3362187583938721,-0.08156727859885675,-0.23352781195355668,1.04173644186683,0.020218415133908436,-0.11803209895889623,-1.1246915073961377,0.8475350409457293,0.4037287183513217,0.7711066060428048,0.9017973474853889,0.39882321313123315,-0.19453552050027645,-0.050054528512531116,0.002526233692214274,-0.495040333581377,-0.35377647187115624,-0.6364946796371007,-0.6148409164513595,0.7113430888660855,1.410654908442389,0.24406310719477858,-1.2173516642150508,-0.4572558863548585,0.2723321716863402,0.5447541962198243,-0.4006350718212972,0.08538875496794567,0.11880021401516296,-0.22880055847387
0.25123135630775945,-0.03516065278629155,-0.41744675576469553,0.0017136276867286517,0.267150427936676,0.7283350672418739,1.2033704901713171,-0.22759140052476529,-0.12208159327302796,-0.6411819528510041,-0.2723128300238732,0.3597022955244628,-0.3138977803836157,-0.33415833994707916,-0.5001846109535748,-0.13128105520316477,1.2655252110060522,0.0756510044452571,-0.18176805733760326,0.03434089111182313,0.19561261645343306,4.183626639827904e-4,0.3766215436500719,0.7617266927769349,0.5157270579260511,0.4917654669318557,0.07723681997173426,0.0326647748956154,-0.29575693690058324,0.5387222960444243,0.04111154984609948,-0.042785039785767164,-1.3671084027597633,1.0477740404612905,0.4875400436782027,0.585312619659526,1.3359334514291492,0.19092777690626303,0.25275102144334494,0.36537506067593134,-0.4079978649733176,0.08219866365650513,-0.17247163111289263,-0.4708433010907255,-1.2933359509747044,1.0335483861660573,0.7539764449224337,-0.10257630106042999,-0.6244030189515195,-0.4016286871269153,-0.09943150400136413,0.16822895146479075,0.008973934567646162,-0.3608816713099385,0.20430420980119557,0.17217295329150079
0.004860894592242384,0.42637077887500757,-0.5328218805240434,-0.04023447565688425,0.21976859717373146,0.17760839237892187,-0.22759140052476529,0.5523523642109823,-0.109789873456,-0.09141942797548497,0.07742099107956887,0.5983430301265288,-0.10184452232235819,0.2974709358933236,-0.5448980593646241,0.19558646064689014,0.226606200566491,0.25187596337178614,0.6321296885068998,0.16591256455092107,0.33269473484132306,0.14975602527999257,-0.1491424340465129,-0.6374461624114145,0.24272415620908339,0.05807578072953766,0.33218391393699026,0.5614125288460082,-0.2402311639668683,-0.23892027727250234,-0.3492581728377387,0.15424843750722558,0.1545501509646892,0.2898670588525838,0.4519045705655133,-0.24568554074311325,0.04388620125814233,0.2726072097684059,-0.45944589747517006,-0.7753660317661916,-0.024413523543146215,-0.24009102579555514,0.21722657454618935,-0.17765017825650203,0.9682478220348387,-0.3889620497566109,0.08637667928688081,0.014218038483353285,-0.2426228500578422,-0.2874981249729325,0.5348092876474586,0.5198583474215444,0.5318926466725477,0.01862161499727349,0.21857148902135015,-0.34326832551072656
-0.0660067413347173,-0.011339573596595227,0.4051315153031109,0.1284739037225084,0.18389208574580537,-0.28657703595232387,-0.12208159327302796,-0.109789873456,0.2841302741593617,-0.2682007289527474,-0.13017227148656127,-0.12550612577278747,-0.40472390230687155,0.02147428869401593,0.19894232983645088,0.09352301686228053,-0.1458173566883907,-0.2559425525098063,-0.05792456093273991,-0.1137762121932487,-0.1085415667483111,-0.40431872114374096,-0.3000872587103942,-0.3404173297982919,-0.405880625276107,-0.11221832984364379,-0.007846853097581097,0.027522862756417164,0.13152841363275766,-0.27368271842241304,0.1020820917561319,-0.2962474284598673,0.24092730769164164,-0.7198062045672307,-0.014148288780417536,0.37904056053695506,-0.09547591449917078,0.03896222148046207,0.3060751819004409,0.02741599200368826,-0.482133805143346,0.018136466351844453,0.30053906681634085,0.5359657449198506,-0.04503757777136976,-0.43393376852060217,-0.16788932407960627,-0.027514576739641552,0.3887008394044555,0.029955537097361408,-0.06568046223908189,-0.36165779894665856,-0.15533155001543936,0.3393539040577428,-0.20168083051414926,0.03632031103627216
-0.42229236862498676,0.1305612578873549,0.7107633358963523,-0.13694222054242788,-0.3002494501906255,-0.594898716240162,-0.6411819528510041,-0.09141942797548497,-0.2682007289527474,2.03278134329956,-0.3442017732215051,-0.32958355981640247,1.3660596259683861,-0.6057744189492361,1.1822974106280226,-0.10736979382367469,-0.870488332077369,0.06850273947501798,0.4431931825203556,0.23206767114719523,-0.45878581731105267,0.2767480248499056,-0.3050031486508743,1.142869339399583,-0.8798976907867642,0.09545334395003287,-0.12572859971893413,-0.30673864462186246,0.5777891625871879,-0.28358002549947514,-0.7352300501075477,0.7725759642820641,0.7571030140766981,0.6255205877096287,-1.0844395585677304,-1.2733723696085115,-1.1838955047576738,-0.5261546287682961,0.18073629807902716,-0.3756100286613303,1.5091059296242024,-0.29117770371955765,-0.5002258102212039,-0.3170194321709049,0.40880937450648563,0.11179384562264087,-0.31437994075989917,0.5632335663186957,0.4029378759558256,0.2635208222029399,0.1628030897646816,0.06518929101131844,-0.4237565745836989,-0.5671421399455145,0.3429205898536304,0.44483755137887016
0.111241607699277,0.06297893005963315,-0.8495234466100251,-0.36168878675151156,-0.47194874004088083,0.6545719214170322,-0.2723128300238732,0.07742099107956887,-0.13017227148656127,-0.3442017732215051,1.2248939703397443,-0.14040843844659373,0.09648439434798291,-0.02530366626042812,-0.5910892414757603,-0.0193636173652692,-0.5462316846979284,0.6335869448493974,-0.25710591503077,-0.26940820887747435,0.5377264617834898,-0.19440709424242186,1.2105247650059396,-0.4123713144745347,0.663472853039563,-0.8740582360260312,-0.021322774582019692,-0.5653305506660077,0.034216120806923864,0.9244725207103556,0.552598225309553,-0.3220427818802607,0.010361123311620509,-0.5321478376994131,-0.19463740462476034,0.5078449630036832,-0.3196599858210242,0.08810897274005998,-0.4159122009079612,0.35916846221229226,0.29370815900277314,-0.2723397040047306,-0.3624746309994362,-0.13155119289138947,0.020495924316568614,0.012815813289904214,0.6243211672414888,0.1492465250604746,-0.6617320373390969,0.21298462242596194,-0.12882248554327824,0.08361024568006374,-0.6364579648661941,0.539849809647232,-0.35990151116478747,-0.3586228462389633
0.01585962051825703,0.8414521048454675,-0.8065930127936146,-0.08097744304721055,0.6772113426821095,0.6659436330373645,0.3597022955244628,0.5983430301265288,-0.12550612577278747,-0.32958355981640247,-0.14040843844659373,1.1472946810611107,-0.37906376397391284,-0.12909469500982285,-0.8859659136342498,0.2890184829515115,1.0444950495549457,0.44021730727193903,1.055365812319797,0.22528948206112429,0.6316342121746601,-0.21748944431384815,-0.04325767017189815,-0.3347122603053358,0.21800464199657454,0.283374788174949,0.6333634143505489,0.7900347723488846,-0.2870010338801362,-0.068992243177085,-0.6789190447798946,0.12206032565072207,-0.5407048416094576,0.8875513720442068,0.7563259328035242,0.2491402937475084,0.7595597692942871,0.5415907157847423,-0.17196532889905647,-1.0869003284651289,-0.31225871489843704,-0.5793496740158456,0.25761469628448175,-0.32211406786638225,0.48817843179720827,-0.09707670049738963,0.8360818826476359,0.21977410449280715,-0.6254871507063186,-0.7573911555882993,0.8471930030364019,0.7192090315003876,0.354815866312753,-0.02015166796937223,0.4254755357239685,-0.2760336265442334
-0.1377777075028929,-0.16431976375282986,0.10286304278187591,-0.2066642132303253,-0.5752708735910471,-0.14039756583781446,-0.3138977803836157,-0.10184452232235819,-0.40472390230687155,1.3660596259683861,0.09648439434798291,-0.37906376397391284,1.2239608213000146,-0.29231774091706064,0.5969984354325416,-0.2381807502905057,-0.6252699848865414,0.2213510313974976,-0.04684273549869527,0.148667263125379,-0.25959182157196775,0.6091712534984506,0.2673630705679679,0.9989045477702865,-0.028382681041833186,0.017695615152184464,-0.24148042917924872,-0.45696167511098224,0.23773539347250802,0.23708899430911612,-0.23403118349225846,0.6358552754827268,0.2801415892051708,0.7695782420327587,-0.7629119293478901,-1.064844610127732,-0.7338526249479942,-0.4553111893147125,-0.208592877816692,0.13062503509098355,1.3714806111877789,-0.01584662424968668,-0.6684553336250356,-0.6362817359944745,0.10360539491086648,0.5436350822429656,-0.1753796518447675,0.25781587951941576,-0.07420636621137577,0.3367560902621687,-0.10821800086397297,0.20662405201200507,-0.20321850303890301,-0.5930986107057413,0.23135112453750423,0.239573563875602
0.23240542136002526,-0.49758815292721403,-0.10897622104608201,0.24163823658780828,-0.22372354796339897,-0.42332270573800407,-0.33415833994707916,0.2974709358933236,0.02147428869401593,-0.6057744189492361,-0.02530366626042812,-0.12909469500982285,-0.29231774091706064,1.1486281248310892,-0.32113691925959836,-0.02061139193709506,-0.12878605279887198,-0.3742329660739478,-0.3929762222424631,0.07653752807407273,-0.20731644615365094,0.8089811999264439,-0.5144687142253642,-1.0233777481292083,0.6064205192221689,0.20233923090370104,-0.1744271489066002,0.4392256973913913,-0.5202824703965343,-0.5242251128165363,0.3889441007609521,0.014168280835517601,0.4493350674511543,-0.3452240226784866,0.5822104584602201,-0.5761353274370423,-0.035140697057972084,0.0015263238127195163,-0.7314232862216292,0.07955910357658538,-0.38645170983989413,0.6938859336266675,0.3684292261253748,0.04031744997046145,0.9466264651445571,-0.4119595358397595,-1.0856060119103628,-0.7091478220372545,0.294608130334554,0.23445197532342177,-0.17164693566833344,0.122202246498979,1.2464666728470402,-0.10228977328931825,-0.072573185271761,-0.3733123705134649
-0.3311298647644531,-0.41601515473707285,1.4386558784545784,0.1728781854159887,-0.23412257523638785,-1.08505730458679,-0.5001846109535748,-0.5448980593646241,0.19894232983645088,1.1822974106280226,-0.5910892414757603,-0.8859659136342498,0.5969984354325416,-0.32113691925959836,1.5002272708786109,-0.1468439525961712,-0.9730789746663973,-0.5954273727285414,-0.3288868425350518,-0.02460261491844611,-0.8458261078409587,-0.06082103274083041,-0.7019196132597281,0.7560284208959476,-1.1614872451608886,0.062040925663124157,-0.42225392432401637,-0.46331004957513794,0.6028154972594196,-0.5594365958276145,-0.10621615350025063,0.19120835000150796,0.8314762238290517,-0.5538690724246361,-0.9996102830135931,-0.6013844332477213,-1.0051583428803628,-0.5857231365066848,0.6418561918085112,0.35758736642784833,0.5134985559752865,0.23319079445450325,-0.09298707695304559,0.48223632733605715,-0.23165522582252943,-0.17617995595034308,-0.8769083800035052,0.15289667055222325,1.0591883143048897,0.5115016087450935,-0.41556611512056163,-0.7142296284737745,-0.46182923452518637,-0.18075675100799823,-0.11024139993690994,0.5731836573206702
-0.07147185985847386,0.31828952017392925,-0.06085247992507539,0.0061503858925373205,0.2646415287538561,0.02096899775946287,-0.13128105520316477,0.19558646064689014,0.09352301686228053,-0.10736979382367469,-0.0193636173652692,0.2890184829515115,-0.2381807502905057,-0.02061139193709506,-0.1468439525961712,0.16499025814651647,0.07362981318589158,0.06584246095961753,0.38593815129213,0.01397640167700304,0.16639080067097717,-0.28472049385886733,-0.1534865145630129,-0.371702833493522,-0.18810662409992931,-0.06766822095139291,0.21240808753288212,0.2517011450211036,0.026401473474436096,-0.18794533979153666,-0.20053476486606875,-0.08621200997967533,0.13452452458215763,-0.18043968280524048,0.1487382474864078,0.18397790213268586,-0.014240867359776314,0.1770932903320385,0.039747114968668056,-0.42762647356636163,-0.22178997767692196,-0.24460097241044051,0.22485280067150965,0.19174190902847577,0.3449796271459862,-0.38444714351591197,0.15035082331872485,0.11404845440071036,0.02321962962698962,-0.18648561494435378,0.2906488383461397,0.06824166029698167,-0.007323127075380697,0.22085441593975413,0.020120403630853993,-0.10932235578678834
0.26067502219290534,0.39218670445278664,-0.7483296073174325,0.06825152164447403,0.7132105902240279,0.8594490776670335,1.2655252110060522,0.226606200566491,-0.1458173566883907,-0.870488332077369,-0.5462316846979284,1.0444950495549457,-0.6252699848865414,-0.12878605279887198,-0.9730789746663973,0.07362981318589158,1.8481473294363429,0.15062395418594712,0.4714773674643247,0.22887517770830415,0.44052291932672094,0.04071714123792704,-0.0200862680023177,0.28949630223564926,0.5941056270069771,0.7985075235723589,0.44135535086232125,0.724946934995737,-0.555833192590745,0.15374625193705907,-0.4010823895964995,0.078239495785768845,-1.4524328986119897,1.4704108262471436,1.0744260531245573,0.49654899917418704,1.7134799255637063,0.5058366729115931,0.04447783210416921,-0.4142717436257652,-0.7230668808697273,-0.10529092089007767,0.16887688863033148,-0.5622608276374257,-0.6385438861364077,0.7388078011550845,0.8622289997983278,-0.12752899543947585,-0.7612707733911374,-0.8263653503812334,0.4365944317236042,0.601945495094598,0.5972374367086757,-0.42311117090048606,0.48606678773681783,-0.04325648502420236
0.010005050769270694,0.4968892891417812,-0.86444067920134,-0.34108742872628095,-0.024979246911513008,0.784152292245068,0.0756510044452571,0.25187596337178614,-0.2559425525098063,0.06850273947501798,0.6335869448493974,0.44021730727193903,0.2213510313974976,-0.3742329660739478,-0.5954273727285414,0.06584246095961753,0.15062395418594712,0.7062972131245051,0.4280557703035733,-0.010049444115417508,0.5988544805510093,-0.1941672991293523,0.8441367132948786,0.08865821350786894,0.40507095859906606,-0.3497912065663626,0.2761085781304776,-0.11726131909542922,0.008957745524027182,0.6735710011318348,-0.15549673618518722,0.044409623872351735,-0.35328777320610705,0.4757707664773663,-0.0026652356059274182,0.2621449871334577,0.09479028141130166,0.21172632365185012,-0.23605008135642971,-0.29890437518802687,0.41575351550115885,-0.56208970254799,-0.3274739094720946,-0.4424254297020154,0.041669698768221915,0.23891751732174096,0.9578224717674714,0.37806234845402,-0.7967324560987372,-0.23539518932767028,0.34688518827973985,0.4532421761179169,-0.4474031845169233,0.13078854224026276,0.09762978351124847,-0.20240634148961062
-0.2635336335155722,1.0834376824050043,-0.34561089700214104,-0.10731301247632932,0.7199888364106093,0.25896368145017973,-0.18176805733760326,0.6321296885068998,-0.05792456093273991,0.4431931825203556,-0.25710591503077,1.055365812319797,-0.04684273549869527,-0.3929762222424631,-0.3288868425350518,0.38593815129213,0.4714773674643247,0.4280557703035733,1.4417453076829865,0.2596714892644365,0.4868084235254636,-0.46785840560727976,-0.3484467809158077,-0.2662681521573284,-0.4848312184558656,0.12658537901260528,0.6826905142036851,0.7519712875051106,0.08824249405309836,-0.4052594213483497,-1.0413988864625399,0.26245478180191606,0.10621451739323753,0.5998943156961525,0.2745184230250511,-0.05114880768363695,0.02973858475375356,0.4082853903976426,0.03725839968968096,-1.4844919897475897,0.08017017903186222,-0.8725604079203051,0.2825043638728505,-0.07137928907634472,0.9416132387488573,-0.5494744695823399,0.6888528815046139,0.5535669697368499,-0.23993195446485077,-0.6780601260433332,1.0497432464073004,0.6011636343546656,0.019854986416931147,0.079128426693462,0.45169256135876046,-0.15242424217327313
-0.01232047176747389,0.09040052825094753,-0.045426649367301376,0.03623118317034086,0.09498194327304492,-0.04626059118551753,0.03434089111182313,0.16591256455092107,-0.1137762121932487,0.23206767114719523,-0.26940820887747435,0.22528948206112429,0.148667263125379,0.07653752807407273,-0.02460261491844611,0.01397640167700304,0.22887517770830415,-0.010049444115417508,0.2596714892644365,0.16870092252063626,-0.03660317422349688,0.2754084129524638,-0.2648388198068475,0.10086451044462676,0.02608152489596499,0.3004693602666484,0.0854224676870757,0.281751371838884,-0.11283023310233214,-0.22092671513407164,-0.29437419174719553,0.2690108441632138,-0.023263367624741075,0.5142964131211358,0.14724874107950625,-0.40326991177208193,0.09303434847011166,0.01235183336517328,-0.13472357329909632,-0.3154695168789253,0.1490343635148665,0.008848149407724973,0.02423586705531671,-0.23118069152551485,0.2917958106982646,0.0640708751810404,-0.11196421456410251,-0.020602924879248596,-0.017800969596797344,-0.12814874663635178,0.19849465780740821,0.257037358720234,0.3777384087830681,-0.29510258556620983,0.24173668220404196,0.0021126776029039025
0.06807943583325944,0.567040541111694,-0.9092194973862108,-0.24084660410012618,0.22347864743618728,0.8126578077130443,0.19561261645343306,0.33269473484132306,-0.1085415667483111,-0.45878581731105267,0.5377264617834898,0.6316342121746601,-0.25959182157196775,-0.20731644615365094,-0.8458261078409587,0.16639080067097717,0.44052291932672094,0.5988544805510093,0.4868084235254636,-0.03660317422349688,0.6880064028014081,-0.37058167627805183,0.6618434106130336,-0.3318759692038,0.42985623616559826,-0.29413622446628174,0.3855209850884254,0.13666786540928005,-0.12127686712855194,0.5123250229075594,-0.10672092255597702,-0.16433203211400943,-0.45144334468669794,0.2415575167611334,0.350523315601491,0.6023356221437081,0.40499174548213296,0.39871235349628875,-0.1935225314458137,-0.4124469940398388,-0.1288473222907664,-0.5339669691447275,-0.03567606209048014,-0.21872449502796143,0.08593587872095908,0.009988598542930285,0.9709381228205703,0.24923862946588238,-0.7530430262590044,-0.3892191389128398,0.42420587347827043,0.4169279984662212,-0.2576187372604307,0.3160029099399737,0.04598772828546468,-0.3088606544116942
0.24388202005006587,-0.6584883173174191,-0.21167991393840654,0.10180388358682414,-0.5478942218685464,-0.23813219435673894,4.183626639827904e-4,0.14975602527999257,-0.40431872114374096,0.2767480248499056,-0.19440709424242186,-0.21748944431384815,0.6091712534984506,0.8089811999264439,-0.06082103274083041,-0.28472049385886733,0.04071714123792704,-0.1941672991293523,-0.46785840560727976,0.2754084129524638,-0.37058167627805183,1.4398000341523214,-0.23784546152259065,0.1949994118866826,0.8474157536255954,0.5794624509349219,-0.3275027477316976,0.17999286357550112,-0.519168399525551,-0.171160714452907,0.13522005525722824,0.611872077675222,0.023358412739863263,0.9589234963051864,0.2484067549842029,-1.335425920997913,0.039371759674937626,-0.29042180390226063,-0.8342366385258244,0.284107067046022,0.581294472898563,0.7672053398734434,-0.24667287143214717,-0.7830110000455314,0.5079400644555262,0.5582834389815572,-0.9637610239450132,-0.5859825040549962,-0.04261792618588845,0.29206582390659747,-0.26727239900991234,0.4465922750623759,1.2555195654977556,-0.8833962121491892,0.2952691915456773,-0.0875301967112257
0.18560103780607612,0.08686882878936414,-1.0909641485660269,-0.4854274479410189,-0.4646788584523961,1.1619728862488488,0.3766215436500719,-0.1491424340465129,-0.3000872587103942,-0.3050031486508743,1.2105247650059396,-0.04325767017189815,0.2673630705679679,-0.5144687142253642,-0.7019196132597281,-0.1534865145630129,-0.0200862680023177,0.8441367132948786,-0.3484467809158077,-0.2648388198068475,0.6618434106130336,-0.23784546152259065,1.699423370066772,0.4255442435121636,0.8777726355451441,-0.7197207292349868,-0.017514125631605464,-0.8146613022249591,0.037965694191792736,1.4763335527652148,0.5169312927359131,-0.24312626289358769,-0.780279582674787,0.22647631189359202,-0.2471117480015788,0.7640082072202893,0.23339664712425923,0.08644536611465209,-0.1981098173866874,0.6482634912599663,0.47810254181955747,-0.37697448882032436,-0.7241298726063295,-0.548087028532134,-0.9032682850532574,0.809719445246844,1.2668755270547853,0.29952039202101916,-1.1323635196240969,0.05427369224211893,-0.21386829449353303,0.18256392596753498,-1.0019822979755533,0.27467144106127483,-0.22455673257131595,-0.15388315516228648
-0.08294897331962672,-0.2130997590093222,0.36036092868658987,-0.1561788249531407,-0.24766711736546482,0.22178227557395522,0.7617266927769349,-0.6374461624114145,-0.3404173297982919,1.142869339399583,-0.4123713144745347,-0.3347122603053358,0.9989045477702865,-1.0233777481292083,0.7560284208959476,-0.371702833493522,0.28949630223564926,0.08865821350786894,-0.2662681521573284,0.10086451044462676,-0.3318759692038,0.1949994118866826,0.4255442435121636,2.123364939566503,-0.22624518589859596,0.4210512951769941,-0.2620511008739271,-0.6849722163900043,0.3337496033752539,0.617116150503874,-0.27612306486276145,0.5147902500866167,-0.8298287468077293,1.400225417828616,-0.7617072854473391,-0.3477279696643816,0.24231087449871644,-0.4385646981179742,0.5818164703128808,0.6130963266234182,1.0154848929144238,-0.030253810492436885,-0.8365704815965378,-0.7207203117435341,-1.5419278738709592,1.4376200097977325,0.5063499487093949,0.3778405290569464,-0.26075995768813376,0.05649119512224519,-0.3327239940013694,-0.054536412461428006,-0.7470890165982936,-0.8307219856943657,0.3243502966481969,0.7119535322617455
0.4747692749071366,-0.3180435051183836,-1.2850628480731896,-0.1568168598685291,-0.41721736061575687,0.858750964696099,0.5157270579260511,0.24272415620908339,-0.405880625276107,-0.8798976907867642,0.663472853039563,0.21800464199657454,-0.028382681041833186,0.6064205192221689,-1.1614872451608886,-0.18810662409992931,0.5941056270069771,0.40507095859906606,-0.4848312184558656,0.02608152489596499,0.42985623616559826,0.8474157536255954,0.8777726355451441,-0.22624518589859596,1.5909311708761702,0.0586509406212927,-0.06031354250694252,0.014668418415861207,-0.703526554340895,0.7786966810170969,0.5451083584201724,0.0530016415557161,-0.814414638519714,0.7980393731038002,0.6955708227814225,-0.05708949455546615,0.7959524960752671,0.17212561783278704,-0.9222882176216909,0.45989610107636125,0.030227317532253502,0.37443377518012294,-0.31869706402996245,-0.8615669991090977,-0.08236862933019523,0.7779058257567231,0.2552000119385085,-0.48222959978459123,-0.9803377104875656,-0.0199915629954595,-0.18348364408927278,0.611283705038301,0.7135259084260815,-0.29276829037386787,0.05873918025098324,-0.4324122965688311
0.07923544164473965,-0.131736044823508,0.1949826962405488,0.23579927850021426,0.2628389582850601,-0.1919662750378084,0.4917654669318557,0.05807578072953766,-0.11221832984364379,0.09545334395003287,-0.8740582360260312,0.283374788174949,0.017695615152184464,0.20233923090370104,0.062040925663124157,-0.06766822095139291,0.7985075235723589,-0.3497912065663626,0.12658537901260528,0.3004693602666484,-0.29413622446628174,0.5794624509349219,-0.7197207292349868,0.4210512951769941,0.0586509406212927,0.8753744208060884,0.02372902968293975,0.538938881852165,-0.31761482520456435,-0.49604957313829806,-0.38341590915242546,0.4127926420339286,-0.39656833905895233,1.0315895319845636,0.4417256865436909,-0.5895113860803286,0.6323259322070266,-0.017172446982593334,-0.01925850830893349,-0.21555297337464782,-0.11830750677734865,0.3487118861002408,0.13446117258811235,-0.3546318836005865,-0.040810279138575496,0.40069473189652477,-0.3933608904535278,-0.27936013564438106,0.12874765645179967,-0.24289564693141458,0.10450136973273189,0.2663906912161409,0.8770908918096674,-0.709105203770117,0.432469465862873,0.17118114052205308
-0.05736170595286675,0.5739048764508152,-0.37640793248792737,-0.06711303908284193,0.4237962262641433,0.3362187583938721,0.07723681997173426,0.33218391393699026,-0.007846853097581097,-0.12572859971893413,-0.021322774582019692,0.6333634143505489,-0.24148042917924872,-0.1744271489066002,-0.42225392432401637,0.21240808753288212,0.44135535086232125,0.2761085781304776,0.6826905142036851,0.0854224676870757,0.3855209850884254,-0.3275027477316976,-0.017514125631605464,-0.2620511008739271,-0.06031354250694252,0.02372902968293975,0.3925109314517667,0.4005891379229153,-0.045398103231271546,-0.05848936576983708,-0.41444425115647604,-0.002965735784129676,-0.16757903013063674,0.27274043965927613,0.31761225322622555,0.25874733384979,0.27100096611278707,0.31772245760542966,0.0026908919070683613,-0.6873118523408492,-0.18641442459731752,-0.4529125108592564,0.18059666525895923,-0.03285444619510394,0.32364056908600797,-0.2249480597843381,0.5410080892039886,0.23180889497084833,-0.2862576299722937,-0.4229174141613277,0.524560343799229,0.3250037373231143,-0.0011843911114328557,0.14233194880723868,0.1810943072303223,-0.15076653468887624
0.015257423561579284,0.40920416588094155,-0.19775532991705527,0.19704660692385098,0.5870840637978333,-0.08156727859885675,0.0326647748956154,0.5614125288460082,0.027522862756417164,-0.30673864462186246,-0.5653305506660077,0.7900347723488846,-0.45696167511098224,0.4392256973913913,-0.46331004957513794,0.2517011450211036,0.724946934995737,-0.11726131909542922,0.7519712875051106,0.281751371838884,0.13666786540928005,0.17999286357550112,-0.8146613022249591,-0.6849722163900043,0.014668418415861207,0.538938881852165,0.4005891379229153,0.9922328375417103,-0.3765591306507811,-0.7490881649967156,-0.5549380449333357,0.18219261156502425,0.022941413478277134,0.45690203353380343,0.8057856866531129,-0.27605720124160654,0.45844630830272204,0.3512018047120747,-0.2614356099195684,-0.9769193737611528,-0.5185699888341773,-0.05685585472090702,0.558352506977992,-0.018965272353702167,0.9424141749320755,-0.4752829518590241,-0.1991110436238396,-0.17127481484823173,0.061720223463631166,-0.4892935428923272,0.6226331623597627,0.477455257967862,0.9982617841649485,-0.15595287909959413,0.366096485993847,-0.24435790976920618
-0.24446433122629094,0.13452693772353888,0.5036904436941202,-0.07297750054996859,-0.01620259748084568,-0.23352781195355668,-0.29575693690058324,-0.2402311639668683,0.13152841363275766,0.5777891625871879,0.034216120806923864,-0.2870010338801362,0.23773539347250802,-0.5202824703965343,0.6028154972594196,0.026401473474436096,-0.555833192590745,0.008957745524027182,0.08824249405309836,-0.11283023310233214,-0.12127686712855194,-0.519168399525551,0.037965694191792736,0.3337496033752539,-0.703526554340895,-0.31761482520456435,-0.045398103231271546,-0.3765591306507811,0.4858105214841021,0.015928718251581868,-0.1140902025633369,-0.07504107454018001,0.3625587915212776,-0.47481372671107686,-0.6360952154310278,0.15862326144841488,-0.5791758550938024,-0.16191466486832756,0.47017245859736273,0.02389186894910277,0.28096168887620643,-0.300283508488008,-0.10767739390597815,0.33909240409112984,-0.2168367120450611,-0.2021840996912423,0.14031460458097836,0.38789508279008644,0.2917179691876258,0.13854211765615818,-0.036908721682025795,-0.35921033274535097,-0.7957907417971143,0.24180955913320762,-0.13907420398115986,0.2382283179871995
0.19082594567632,-0.005832873260963157,-0.8863336359301659,-0.39687334621252435,-0.38945382398228234,1.04173644186683,0.5387222960444243,-0.23892027727250234,-0.27368271842241304,-0.28358002549947514,0.9244725207103556,-0.068992243177085,0.23708899430911612,-0.5242251128165363,-0.5594365958276145,-0.18794533979153666,0.15374625193705907,0.6735710011318348,-0.4052594213483497,-0.22092671513407164,0.5123250229075594,-0.171160714452907,1.4763335527652148,0.617116150503874,0.7786966810170969,-0.49604957313829806,-0.05848936576983708,-0.7490881649967156,0.015928718251581868,1.335926816281348,0.46256995093153414,-0.1895647654116111,-0.8873642387873201,0.38037916268731137,-0.206139704468437,0.6956330890469072,0.3909359081161616,0.04433860380620795,-0.07092535899477664,0.7030213890649655,0.3874162360534172,-0.25315173680070047,-0.6811337310281433,-0.5433108059134018,-1.0857455802304516,0.9261481934677648,1.135702704873144,0.22970984665899744,-1.0029342574221598,0.027768482142473263,-0.2696153202327683,0.12337877455265928,-0.8800743101818058,0.11875622701945662,-0.16026288293146015,-0.03728154615922607
0.2433604392899521,-0.6820373499244284,-0.052413685489508935,0.015993766058793865,-0.5133573215162391,0.020218415133908436,0.04111154984609948,-0.3492581728377387,0.1020820917561319,-0.7352300501075477,0.552598225309553,-0.6789190447798946,-0.23403118349225846,0.3889441007609521,-0.10621615350025063,-0.20053476486606875,-0.4010823895964995,-0.15549673618518722,-1.0413988864625399,-0.29437419174719553,-0.10672092255597702,0.13522005525722824,0.5169312927359131,-0.27612306486276145,0.5451083584201724,-0.38341590915242546,-0.41444425115647604,-0.5549380449333357,-0.1140902025633369,0.46256995093153414,0.9438228927402995,-0.4309801849215569,-0.05416063920995465,-0.8214287942104019,-0.05766103688108783,0.4056726662724204,-0.006401628190825921,-0.14190718949874398,-0.14976127169228137,1.0606677481591877,-0.2910962041773436,0.5241127742473158,-0.1184930683042088,0.1839073000291797,-0.5479387592592719,0.17346957730424895,-0.2968062161225185,-0.4094243788983771,0.00693284937018812,0.4670623738447428,-0.7181585022835603,-0.42736919067984985,-0.1160968894446014,0.277351632246586,-0.48579361727168713,-0.09534153725963534
-0.05044439050604815,0.010513257166589013,-0.01097655786509288,-0.018976573964002905,-0.10796670096303511,-0.11803209895889623,-0.042785039785767164,0.15424843750722558,-0.2962474284598673,0.7725759642820641,-0.3220427818802607,0.12206032565072207,0.6358552754827268,0.014168280835517601,0.19120835000150796,-0.08621200997967533,0.078239495785768845,0.044409623872351735,0.26245478180191606,0.2690108441632138,-0.16433203211400943,0.611872077675222,-0.24312626289358769,0.5147902500866167,0.0530016415557161,0.4127926420339286,-0.002965735784129676,0.18219261156502425,-0.07504107454018001,-0.1895647654116111,-0.4309801849215569,0.5772810201432855,0.04798285788060043,0.9523490970002184,-0.08096613434740203,-0.9159058205403839,-0.12208543322306888,-0.16353005869677525,-0.25431800299365104,-0.30388714608980055,0.6814197730288134,0.04984176045086148,-0.22072949598303404,-0.5405521344393345,0.3705071571958347,0.3186085415014866,-0.2395464755019375,0.03604898626637994,-0.04469961781516868,-0.024934780729788133,0.17762349716366996,0.3932138090568516,0.4374273885963028,-0.618689401841867,0.3898740579260943,0.09833769603378463
-0.3124812985140228,-0.1011418209406593,0.8402227019115406,0.12831788828743082,-0.24411433608333188,-1.1246915073961377,-1.3671084027597633,0.1545501509646892,0.24092730769164164,0.7571030140766981,0.010361123311620509,-0.5407048416094576,0.2801415892051708,0.4493350674511543,0.8314762238290517,0.13452452458215763,-1.4524328986119897,-0.35328777320610705,0.10621451739323753,-0.023263367624741075,-0.45144334468669794,0.023358412739863263,-0.780279582674787,-0.8298287468077293,-0.814414638519714,-0.39656833905895233,-0.16757903013063674,0.022941413478277134,0.3625587915212776,-0.8873642387873201,-0.05416063920995465,0.04798285788060043,1.6623148777607153,-1.3190587155479983,-0.570550745674223,-0.750833214936411,-1.5348938621382282,-0.2920039565296558,-0.1346792615027265,-0.35127683662472425,0.3118456347831802,0.07497105725005711,0.3228736342119478,0.7077389872482766,1.415409338005911,-1.254444964996608,-1.1712904843317142,0.01751181019500109,1.0203559399572677,0.5084920114427418,0.01749807866228513,-0.3635777851307158,0.11621708643684452,0.34609433665567635,-0.2412111741461582,-0.08469665085507164
0.16444583084575345,0.29587023063270046,-0.8924369427241339,-0.16375169351835278,0.14506693256417078,0.8475350409457293,1.0477740404612905,0.2898670588525838,-0.7198062045672307,0.6255205877096287,-0.5321478376994131,0.8875513720442068,0.7695782420327587,-0.3452240226784866,-0.5538690724246361,-0.18043968280524048,1.4704108262471436,0.4757707664773663,0.5998943156961525,0.5142964131211358,0.2415575167611334,0.9589234963051864,0.22647631189359202,1.400225417828616,0.7980393731038002,1.0315895319845636,0.27274043965927613,0.45690203353380343,-0.47481372671107686,0.38037916268731137,-0.8214287942104019,0.9523490970002184,-1.3190587155479983,2.8043514534539646,0.47669196743055886,-0.8916744210178588,1.137977213887429,0.08115953626366759,-0.38931144943502255,-0.4870596407641721,0.8459908656519324,-0.11916794411833914,-0.5715250241321942,-1.5365879321257505,-0.3364406534406155,1.47366074456108,0.7134791978201598,0.10186530023802648,-1.0335056598601484,-0.6021020747075151,0.48197503088862875,1.1181053398292347,0.7139541910099276,-1.2910695084106338,0.9282060439312643,0.14707130671799482
0.2742238587176127,0.1753680602248133,-0.6924579914074805,0.14537476641832386,0.4451372426991534,0.4037287183513217,0.4875400436782027,0.4519045705655133,-0.014148288780417536,-1.0844395585677304,-0.19463740462476034,0.7563259328035242,-0.7629119293478901,0.5822104584602201,-0.9996102830135931,0.1487382474864078,1.0744260531245573,-0.0026652356059274182,0.2745184230250511,0.14724874107950625,0.350523315601491,0.2484067549842029,-0.2471117480015788,-0.7617072854473391,0.6955708227814225,0.4417256865436909,0.31761225322622555,0.8057856866531129,-0.6360952154310278,-0.206139704468437,-0.05766103688108783,-0.08096613434740203,-0.570550745674223,0.47669196743055886,1.1107056293684114,0.2264250553190038,1.028486074558305,0.4647904949822164,-0.4162994789372866,-0.43609158799665937,-0.8476067355654513,0.14215820172714566,0.4452427517921783,-0.18598860699783148,0.36411248455257167,-0.05182267227777382,0.10320300397100013,-0.40911054971168687,-0.377778571440459,-0.483103539466027,0.34236255279250855,0.4860668461742056,1.0034834692906647,-0.0696936732095963,0.20667114037309875,-0.3761235058656719
