V1,V2,V3,V4,V5,V6,V7,V8,V9,V10,V11,V12,V13,V14,V15,V16,V17,V18,V19,V20,V21,V22,V23,V24,V25,V26,V27,V28,V29,V30
522.135713560663,-5309.887961446782,280.1953260549269,-716.198398379051,2332.768412324496,-552.8509735367004,-3678.3303115881695,1452.8659864014364,2712.6066234104255,-1235.0161420112433,-1522.881919139887,1284.522189230517,-754.13009647291085,211.53276767634756,1130.4849487222136,-3749.4110703270894,-1537.2394999040948,-830.625130917028,-97.38500074664631,-1448.5939871396224,58.43623408706586,5047.2504886832485,740.0564122519963,2318.9024697147233,-181.97800474986823,1646.1282855696309,-274.32022834642447,2092.3569225749993,1446.9809780758912,-1436.8826405091602
-5309.887961446782,54021.572900245636,-2849.8058790506993,7284.01427596116,-23732.19001003603,5625.705638457012,37417.36701911792,-14775.5313079063,-27595.407338858324,12564.49168628777,15494.627278694883,-13067.45347402907,7675.017702938316,-2152.7277492017524,-11492.123273082207,38142.296959546955,15636.72686498375,8449.741330863366,990.351862060442,14732.556764872623,-596.0711256400969,-51342.999733961,-7528.889141397339,-23585.580815611604,1855.956612011216,-16743.31073679783,2789.6534642328293,-21288.480131896533,-14717.858213477977,14615.572622548845
280.1953260549269,-2849.8058790506993,150.38369557937068,-384.30771164878104,1251.9449826486707,-296.7543451622997,-1974.0522169284516,779.6269721396051,1455.8082865065858,-662.8234056487966,-817.3758694799487,689.4085306008052,-404.7665248752364,113.55229555731655,606.5206859121037,-2012.2377678942987,-824.9649247260719,-445.7791151385657,-52.251255761145174,-777.3576385306285,31.37257884897265,2708.76677788098,397.19709873592615,1244.4745944531285,-97.76159077235242,883.3978090658437,-147.20140310521933,1123.0021375761362,776.5588427694319,-771.099107899814
-716.198398379051,7284.01427596116,-384.30771164878104,982.4981294841741,-3200.1011181537556,758.3634386803882,5045.7964183427985,-1992.9497216596446,-3721.0782730557767,1694.1896101027253,2089.029623585273,-1762.0069700501456,1034.6130436080857,-290.1612692130816,-1550.6940056871188,5143.2927090133035,2108.7539533334393,1139.428109202111,133.60902157086267,1987.054728473929,-80.25057560437051,-6923.48942654622,-1015.1780548345514,-3180.7879579285195,249.69621684770718,-2258.0774735554955,376.29926193128205,-2870.2379954962103,-1984.820901742312,1971.0774488944369
2332.768412324496,-23732.19001003603,1251.9449826486707,-3200.1011181537556,10425.986538479403,-2471.315946944596,-16438.076366405498,6491.350569461276,12123.212115903672,-5519.7870401755245,-6806.938645377578,5740.692513904295,-3371.667184328439,945.7056566133119,5049.214683816808,-16756.567005067576,-6869.573280295961,-3712.113187767438,-435.16114273976336,-6472.534041760646,261.7562377567013,22555.91592038661,3307.512816640102,10361.650308438577,-815.0955579742367,7355.678671230039,-1225.5892926629122,9352.161865266646,6465.890047041488,-6420.93245982185
-552.8509735367004,5625.705638457012,-296.7543451622997,758.3634386803882,-2471.315946944596,585.951360018243,3896.265645304054,-1538.3633938503747,-2873.5658229074834,1308.389207669253,1613.6457386010184,-1360.7834354985634,799.3675696006899,-224.22699834666034,-1196.184533266532,3971.867733989246,1628.1825027404893,879.8821947858461,103.08098336040194,1533.9091759117803,-62.13724323131335,-5346.415826280847,-784.0218419802609,-2455.859719358519,193.5492603139541,-1743.377826316938,290.42617845810315,-2217.0442872536487,-1532.5021089029046,1521.857515846726
-3678.3303115881695,37417.36701911792,-1974.0522169284516,5045.7964183427985,-16438.076366405498,3896.265645304054,25917.922334830066,-10235.405131468257,-19114.17499196836,8702.779812223218,10731.921827551418,-9051.23560774122,5315.43214551992,-1490.90000815213,-7962.101239000124,26419.567587810838,10831.286522532957,5852.831689960215,686.1016729696648,10205.540682603105,-412.5359168415592,-35563.60811502974,-5214.896161351826,-16337.690516828285,1284.4038345168753,-11598.033690916856,1932.533064456639,-14744.842376337105,-10194.975479392137,10123.975873252773
1452.8659864014364,-14775.5313079063,779.6269721396051,-1992.9497216596446,6491.350569461276,-1538.3633938503747,-10235.405131468257,4042.7803870004554,7548.22867582522,-3436.6083903188446,-4237.604319378633,3574.288251141638,-2098.5828133776786,588.6229282134315,3145.7133729286807,-10433.270262935977,-4277.5953195393895,-2311.321103754839,-271.00874186493076,-4030.8864304144663,162.6490107486605,14044.559938752225,2059.2587561393807,6452.495832179331,-506.43774037164985,4580.514219739812,-763.3136689648849,5822.2907624669515,4026.3096852126864,-3998.3474508301533
2712.6066234104255,-27595.407338858324,1455.8082865065858,-3721.0782730557767,12123.212115903672,-2873.5658229074834,-19114.17499196836,7548.22867582522,14096.90506742868,-6418.413781232995,-7915.107832191531,6675.333463212183,-3920.3882653790283,1099.6625682743347,5871.523124589382,-19484.473410582345,-7987.9612593973225,-4316.445229398028,-506.0468587755886,-7526.450061007534,304.2343241111813,26228.1593685328,3846.0235593635107,12048.747834480791,-947.589480936901,8553.246903202436,-1425.1661927230084,10874.50532215445,7518.744613779256,-7466.222738997849
-1235.0161420112433,12564.49168628777,-662.8234056487966,1694.1896101027253,-5519.7870401755245,1308.389207669253,8702.779812223218,-3436.6083903188446,-6418.413781232995,2922.406518697413,3603.889933671047,-3039.3357014082017,1785.0783216875757,-500.695763323829,-2673.0887048603877,8871.336568614597,3636.935734185161,1965.316436311833,230.41179431640344,3426.6871160364963,-138.60681901799452,-11941.72040441124,-1751.1816841464474,-5485.704970233794,431.56540929319766,-3894.3210713886097,648.8798014601366,-4951.28378461243,-3423.30458961771,3399.346665295902
-1522.881919139887,15494.627278694883,-817.3758694799487,2089.029623585273,-6806.938645377578,1613.6457386010184,10731.921827551418,-4237.604319378633,-7915.107832191531,3603.889933671047,4444.498165514716,-3748.123946880826,2201.5153088709703,-617.5436440466774,-3295.7202822370027,10940.015638729279,4484.844435410118,2423.569453099479,284.0881355251288,4225.477370215239,-170.9646109752217,-14726.304064631207,-2159.5483097353062,-6764.6794221998525,532.5765370789593,-4802.1608786193165,800.0937543966107,-6106.121489446517,-4221.452575457885,4191.843813717036
1284.522189230517,-13067.45347402907,689.4085306008052,-1762.0069700501456,5740.692513904295,-1360.7834354985634,-9051.23560774122,3574.288251141638,6675.333463212183,-3039.3357014082017,-3748.123946880826,3161.0572293301134,-1856.4045379421734,520.7319928210646,2780.2175080547395,-9226.555775179515,-3782.532546850342,-2043.9852024062607,-239.5926704997326,-3563.973497101717,144.06771497727476,12419.975999043456,1821.2624050629163,5705.556376169981,-448.7597176977951,4050.2589269313203,-674.8614821726121,5149.505520644555,3560.4190834497326,-3535.4725113604504
-754.13009647291085,7675.017702938316,-404.7665248752364,1034.6130436080857,-3371.667184328439,799.3675696006899,5315.43214551992,-2098.5828133776786,-3920.3882653790283,1785.0783216875757,2201.5153088709703,-1856.4045379421734,1090.7641688733934,-305.92364278689206,-1631.736176630615,5418.632118865001,2221.2743811694595,1200.3965962099119,140.6874748745179,2092.540388670392,-84.87540943984826,-7293.70753184173,-1069.6263807659354,-3350.0981310471525,264.19523133606793,-2378.3283217079406,396.20172716830086,-3024.6574725561877,-2090.625099481992,2076.162056096212
211.53276767634756,-2152.7277492017524,113.55229555731655,-290.1612692130816,945.7056566133119,-224.22699834666034,-1490.90000815213,588.6229282134315,1099.6625682743347,-500.695763323829,-617.5436440466774,520.7319928210646,-305.92364278689206,85.83533029350048,457.6926235047143,-1519.9036624459247,-623.0356220279465,-336.69773700994057,-39.467674341806344,-586.9786616025364,23.7519892030202,2045.9089765689714,300.0246382145817,939.7380993827263,-74.10720519307276,667.0780348449717,-111.1229860308496,848.3986966027792,586.4463808719576,-582.3277171521114
1130.4849487222136,-11492.123273082207,606.5206859121037,-1550.6940056871188,5049.214683816808,-1196.184533266532,-7962.101239000124,3145.7133729286807,5871.523124589382,-2673.0887048603877,-3295.7202822370027,2780.2175080547395,-1631.736176630615,457.6926235047143,2448.945418164062,-8115.658712255794,-3327.7627025767106,-1797.9237080919181,-210.96781230026758,-3136.4236042943294,126.14757090110304,10925.168246259787,1601.728030562418,5020.008127955788,-392.83616937571736,3563.562638904638,-593.9870748831703,4528.136112381442,3132.3960198814243,-3110.5428578032725
-3749.4110703270894,38142.296959546955,-2012.2377678942987,5143.2927090133035,-16756.567005067576,3971.867733989246,26419.567587810838,-10433.270262935977,-19484.473410582345,8871.336568614597,10940.015638729279,-9226.555775179515,5418.632118865001,-1519.9036624459247,-8115.658712255794,26931.371227680364,11040.900425816675,5966.136060383205,699.3596030970408,10403.017921982278,-420.5023099532154,-36252.40669132215,-5315.834669636827,-16653.851741954863,1309.706091647485,-11822.280302995858,1969.8317694855398,-15030.72681379017,-10392.244119705712,10319.895767541693
-1537.2394999040948,15636.72686498375,-824.9649247260719,2108.7539533334393,-6869.573280295961,1628.1825027404893,10831.286522532957,-4277.5953195393895,-7987.9612593973225,3636.935734185161,4484.844435410118,-3782.532546850342,2221.2743811694595,-623.0356220279465,-3327.7627025767106,11040.900425816675,4526.542308254445,2445.938600725063,286.7718239340315,4265.121383762518,-172.33901187793734,-14862.297353406184,-2179.319468019878,-6827.7057232984525,536.5954453706387,-4846.957873594912,807.6524803029916,-6161.818961842831,-4260.603480221333,4230.947602380065
-830.625130917028,8449.741330863366,-445.7791151385657,1139.428109202111,-3712.113187767438,879.8821947858461,5852.831689960215,-2311.321103754839,-4316.445229398028,1965.316436311833,2423.569453099479,-2043.9852024062607,1200.3965962099119,-336.69773700994057,-1797.9237080919181,5966.136060383205,2445.938600725063,1321.7072910504808,154.94776859903504,2304.5996302538438,-93.17754821917532,-8031.056325780137,-1177.6646228859524,-3689.3605036322915,290.1083621927918,-2619.0723162252402,436.4013051823061,-3329.7537262968603,-2302.253570150891,2286.192556975243
-97.38500074664631,990.351862060442,-52.251255761145174,133.60902157086267,-435.16114273976336,103.08098336040194,686.1016729696648,-271.00874186493076,-506.0468587755886,230.41179431640344,284.0881355251288,-239.5926704997326,140.6874748745179,-39.467674341806344,-210.96781230026758,699.3596030970408,286.7718239340315,154.94776859903504,18.21627429699162,270.25274651312463,-10.888000286974188,-941.4582902348451,-138.06474480263915,-432.50861484501746,33.90716180574528,-307.06473192774354,51.18400248125287,-390.2238191159296,-269.9482150580618,268.0112046088276
-1448.5939871396224,14732.556764872623,-777.3576385306285,1987.054728473929,-6472.534041760646,1533.9091759117803,10205.540682603105,-4030.8864304144663,-7526.450061007534,3426.6871160364963,4225.477370215239,-3563.973497101717,2092.540388670392,-586.9786616025364,-3136.4236042943294,10403.017921982278,4265.121383762518,2304.5996302538438,270.25274651312463,4019.2120465021226,-162.100396363847,-14003.900977002873,-2053.3083280484148,-6433.738945884408,505.06318113842315,-4567.075208824235,761.0751834365726,-5805.430760915161,-4014.6865886555274,3986.6136208715134
58.43623408706586,-596.0711256400969,31.37257884897265,-80.25057560437051,261.7562377567013,-62.13724323131335,-412.5359168415592,162.6490107486605,304.2343241111813,-138.60681901799452,-170.9646109752217,144.06771497727476,-84.87540943984826,23.7519892030202,126.14757090110304,-420.5023099532154,-172.33901187793734,-93.17754821917532,-10.888000286974188,-162.100396363847,6.779228322412976,565.8396773970292,83.06339525410216,259.6901137283906,-20.769391629283895,184.52407652933525,-30.712820382869978,234.92944157913013,162.0987899718678,-161.07138348644366
5047.2504886832485,-51342.999733961,2708.76677788098,-6923.48942654622,22555.91592038661,-5346.415826280847,-35563.60811502974,14044.559938752225,26228.1593685328,-11941.72040441124,-14726.304064631207,12419.975999043456,-7293.70753184173,2045.9089765689714,10925.168246259787,-36252.40669132215,-14862.297353406184,-8031.056325780137,-941.4582902348451,-14003.900977002873,565.8396773970292,48799.80600602863,7155.711554057413,22418.274116400306,-1762.5951703487588,15914.228350532327,-2651.6949679019735,20232.629749447242,13989.362244546637,-13891.707509496737
740.0564122519963,-7528.889141397339,397.19709873592615,-1015.1780548345514,3307.512816640102,-784.0218419802609,-5214.896161351826,2059.2587561393807,3846.0235593635107,-1751.1816841464474,-2159.5483097353062,1821.2624050629163,-1069.6263807659354,300.0246382145817,1601.728030562418,-5315.834669636827,-2179.319468019878,-1177.6646228859524,-138.06474480263915,-2053.3083280484148,83.06339525410216,7155.711554057413,1049.3931016159152,3287.164323829356,-258.59978604844855,2333.586749873775,-388.8345448958756,2966.89348084087,2051.3616194472543,-2036.9340119948486
2318.9024697147233,-23585.580815611604,1244.4745944531285,-3180.7879579285195,10361.650308438577,-2455.859719358519,-16337.690516828285,6452.495832179331,12048.747834480791,-5485.704970233794,-6764.6794221998525,5705.556376169981,-3350.0981310471525,939.7380993827263,5020.008127955788,-16653.851741954863,-6827.7057232984525,-3689.3605036322915,-432.50861484501746,-6433.738945884408,259.6901137283906,22418.274116400306,3287.164323829356,10299.334425173323,-809.0283284729702,7311.137055955555,-1218.2849911381309,9294.147610033759,6426.822111932454,-6381.885780900234
-181.97800474986823,1855.956612011216,-97.76159077235242,249.69621684770718,-815.0955579742367,193.5492603139541,1284.4038345168753,-506.43774037164985,-947.589480936901,431.56540929319766,532.5765370789593,-448.7597176977951,264.19523133606793,-74.10720519307276,-392.83616937571736,1309.706091647485,536.5954453706387,290.1083621927918,33.90716180574528,505.06318113842315,-20.769391629283895,-1762.5951703487588,-258.59978604844855,-809.0283284729702,64.74311203844465,-574.3672151281647,95.56945707284838,-731.6939402360878,-504.93856966417053,501.51008883124786
1646.1282855696309,-16743.31073679783,883.3978090658437,-2258.0774735554955,7355.678671230039,-1743.377826316938,-11598.033690916856,4580.514219739812,8553.246903202436,-3894.3210713886097,-4802.1608786193165,4050.2589269313203,-2378.3283217079406,667.0780348449717,3563.562638904638,-11822.280302995858,-4846.957873594912,-2619.0723162252402,-307.06473192774354,-4567.075208824235,184.52407652933525,15914.228350532327,2333.586749873775,7311.137055955555,-574.3672151281647,5190.184858128737,-864.8696073057549,6597.79680259148,4562.260420303466,-4530.448536902258
-274.32022834642447,2789.6534642328293,-147.20140310521933,376.29926193128205,-1225.5892926629122,290.42617845810315,1932.533064456639,-763.3136689648849,-1425.1661927230084,648.8798014601366,800.0937543966107,-674.8614821726121,396.20172716830086,-111.1229860308496,-593.9870748831703,1969.8317694855398,807.6524803029916,436.4013051823061,51.18400248125287,761.0751834365726,-30.712820382869978,-2651.6949679019735,-388.8345448958756,-1218.2849911381309,95.56945707284838,-864.8696073057549,144.14207099695633,-1099.2308183425341,-760.2444193231034,754.898855417298
2092.3569225749993,-21288.480131896533,1123.0021375761362,-2870.2379954962103,9352.161865266646,-2217.0442872536487,-14744.842376337105,5822.2907624669515,10874.50532215445,-4951.28378461243,-6106.121489446517,5149.505520644555,-3024.6574725561877,848.3986966027792,4528.136112381442,-15030.72681379017,-6161.818961842831,-3329.7537262968603,-390.2238191159296,-5805.430760915161,234.92944157913013,20232.629749447242,2966.89348084087,9294.147610033759,-731.6939402360878,6597.79680259148,-1099.2308183425341,8389.364141968872,5799.720029343125,-5759.421498914656
1446.9809780758912,-14717.858213477977,776.5588427694319,-1984.820901742312,6465.890047041488,-1532.5021089029046,-10194.975479392137,4026.3096852126864,7518.744613779256,-3423.30458961771,-4221.452575457885,3560.4190834497326,-2090.625099481992,586.4463808719576,3132.3960198814243,-10392.244119705712,-4260.603480221333,-2302.253570150891,-269.9482150580618,-4014.6865886555274,162.0987899718678,13989.362244546637,2051.3616194472543,6426.822111932454,-504.93856966417053,4562.260420303466,-760.2444193231034,5799.720029343125,4010.5241907409604,-3982.3032567513937
-1436.8826405091602,14615.572622548845,-771.099107899814,1971.0774488944369,-6420.93245982185,1521.857515846726,10123.975873252773,-3998.3474508301533,-7466.222738997849,3399.346665295902,4191.843813717036,-3535.4725113604504,2076.162056096212,-582.3277171521114,-3110.5428578032725,10319.895767541693,4230.947602380065,2286.192556975243,268.0112046088276,3986.6136208715134,-161.07138348644366,-13891.707509496737,-2036.9340119948486,-6381.885780900234,501.51008883124786,-4530.448536902258,754.898855417298,-5759.421498914656,-3982.3032567513937,3954.7269349089993
