V1,V2,V3,V4,V5,V6,V7,V8,V9,V10,V11,V12,V13,V14,V15,V16,V17,V18,V19,V20,V21,V22,V23,V24,V25,V26,V27,V28,V29,V30
0.17755335260228525,-1.4977160188835212,0.1802901227733589,-0.1489679268271118,0.4596672148774747,-0.23768244696167673,-0.8925462418636957,0.425941317926962,0.6509825447331444,-0.3113913480687366,-0.38039940484951756,0.3265269685668501,-0.21760440396486355,0.21472460795677145,0.36494949929176423,-0.9320451401702032,-0.6046191695473379,-0.2559874875082101,-0.11005583439013333,-0.30235053367172277,-0.09432291230382289,1.409631848874142,0.37208392897459985,0.5786209081608233,-0.27051859699467323,0.5061595035947012,-0.018081097623397928,0.6308848867402791,0.4278101741537798,-0.703063843687692
-1.4977160188835212,15.315684523663098,-0.7805856424653519,2.07924686317426,-6.780335070555566,1.5737960327845015,10.646214349382634,-4.186070632049355,-7.849511252725022,3.567894385943009,4.401790769076141,-3.712783171382996,2.1726143376108857,-0.5672803567951621,-3.2443355087973096,10.847823564744889,4.384601634617994,2.3883030640713914,0.25576189047971576,4.204739516252678,-0.1988249613874932,-14.557760879566708,-2.0863509788987185,-6.7087755019760795,0.4665659936075879,-4.733801469582933,0.8058807656325517,-6.025625619871032,-4.163043062708651,4.06375706485974
0.1802901227733589,-0.7805856424653519,0.3881511877930547,0.07567559710314795,-0.33507488014436243,-0.36034032274548616,-0.045296508111594865,0.26873397344516337,0.011780192591025222,-0.05842293965050034,-0.058387124512232914,0.06709122688470245,-0.12945681519865668,0.5634781996782396,0.3270338202772753,-0.12105692605151167,-0.8149315845986405,-0.1977995976187154,-0.29993820842734875,0.15003337297407981,-0.37107865016345387,0.6958542270729989,0.6719304223775024,0.08075127402296486,-0.7779529149543944,0.3874718594804616,0.1619538303739414,0.44586310016309677,0.2835572809063246,-1.2324333445339868
-0.1489679268271118,2.07924686317426,0.07567559710314795,0.37779464241762817,-1.2756871851306204,0.0672116126984224,1.7042295426103256,-0.5400005337388362,-1.268731652597219,0.5496498481909561,0.6838636104802907,-0.5668271673074332,0.2866503753808614,0.20074539572200648,-0.35842336922967094,1.6969943579379343,0.2892490904107787,0.28512418459348227,-0.11326734426321496,0.7604635363537875,-0.2257879284814089,-1.9993166998595275,0.010157984066735341,-1.044397133442682,-0.3287631366571349,-0.5673681909881925,0.21522809728664505,-0.7451094469954362,-0.5280368497888583,0.019686477000180214
0.4596672148774747,-6.780335070555566,-0.33507488014436243,-1.2756871851306204,4.332759426095773,-0.14867011316078235,-5.685787397174085,1.7442881262268815,4.237191205960122,-1.823650362905712,-2.2758879087919826,1.8834120722039702,-0.9266093773149486,-0.7925237398734769,1.1218392838942588,-5.646123499428059,-0.7873132842016806,-0.909708861049992,0.445384610427553,-2.574095522997823,0.8328638757537608,6.536686463981389,-0.17863629502277678,3.479302516260333,1.2668667484683174,1.8114343338812564,-0.7542091208889176,2.395615763428109,1.7066060493316024,0.20439756872575338
-0.23768244696167673,1.5737960327845015,-0.36034032274548616,0.0672116126984224,-0.14867011316078235,0.3874802114521289,0.6936467587069335,-0.47489785038982446,-0.4922834751726535,0.2655159828659038,0.3173501620515801,-0.2829548370901133,0.23716401285622235,-0.4874553307342549,-0.46197287542831333,0.767673660024264,0.9244980594708142,0.3058772401143183,0.2554902361128468,0.1387650716719531,0.2861304646031626,-1.4581644050572964,-0.667266459941373,-0.48060824922868445,0.6540204460519204,-0.6029727287590246,-0.08084933689701435,-0.7313743336717059,-0.483502557700047,1.2414189688148494
-0.8925462418636957,10.646214349382634,-0.045296508111594865,1.7042295426103256,-5.685787397174085,0.6936467587069335,8.111696202415587,-2.8295202722913078,-6.013757802141833,2.6585961402078757,3.2999569874191907,-2.7571205193763695,1.4836407286364681,0.36882033994239255,-2.023912940342341,8.157747241845144,2.2033021788251177,1.5521407256452122,-0.23115895847081291,3.4440125978840017,-0.6824045392662508,-10.188002437197934,-0.6444418045834621,-5.037430109617092,-0.7531788408343023,-3.0824859752216938,0.8508400415134361,-3.9900551674512514,-2.7950291591400114,1.3586677930478122
0.425941317926962,-4.186070632049355,0.26873397344516337,-0.5400005337388362,1.7442881262268815,-0.47489785038982446,-2.8295202722913078,1.1540958056061377,2.0814530319450872,-0.9540641782967878,-1.174059234917473,0.9935353064597122,-0.5971699246955053,0.2403972886664613,0.9135855074675678,-2.8953564038452386,-1.2933825870604176,-0.6645924480504978,-0.11557698077966035,-1.0903189883052165,-0.006263049596398269,3.9690210567441304,0.6594342782023759,1.790309170761131,-0.2485069269508302,1.3168963046845212,-0.18732119881194859,1.6690890113573513,1.1467800689019227,-1.2765130552445625
0.6509825447331444,-7.849511252725022,0.011780192591025222,-1.268731652597219,4.237191205960122,-0.4922834751726535,-6.013757802141833,2.0814530319450872,4.466115452447031,-1.9747748759385397,-2.4497858206034495,2.0425554568996787,-1.0962764702009222,-0.3030379613310418,1.486219181327958,-6.041338840508157,-1.5927103291170688,-1.142160220944184,0.18337836923842732,-2.563532333286713,0.5268627260347538,7.5181510117779276,0.446760614855477,3.72724312466786,0.6015074986243706,2.2671232287264615,-0.6416036197555868,2.9311922986318306,2.063173402132786,-0.9386900092995588
-0.3113913480687366,3.567894385943009,-0.05842293965050034,0.5496498481909561,-1.823650362905712,0.2655159828659038,2.6585961402078757,-0.9540641782967878,-1.9747748759385397,0.8822661317364684,1.0911586644236555,-0.9105753753748936,0.5031759452655936,0.05509605255596442,-0.7026239892302777,2.6799149287222654,0.8169476177378513,0.5320411020794047,-0.036971011631499,1.1103939906072176,-0.1814438047170628,-3.4116666708949377,-0.29274195767716565,-1.6522895060637883,-0.15794216841417982,-1.0546194012327308,0.26147493914528586,-1.352354600502144,-0.9518576777849665,0.5837941521681889
-0.38039940484951756,4.401790769076141,-0.058387124512232914,0.6838636104802907,-2.2758879087919826,0.3173501620515801,3.2999569874191907,-1.174059234917473,-2.4497858206034495,1.0911586644236555,1.3525006255903513,-1.129453968693773,0.6173291209725162,0.09076552638831266,-0.8564038413603572,3.3246544289634943,0.9802710346110406,0.6522564948457686,-0.05996667401843154,1.384631725463399,-0.238789966539469,-4.212252671396103,-0.33582633849833354,-2.0531853793841175,-0.2264049767067715,-1.2934915592004703,0.33047023673570486,-1.6641086230114104,-1.1707253024726085,0.6756425075554429
0.3265269685668501,-3.712783171382996,0.06709122688470245,-0.5668271673074332,1.8834120722039702,-0.2829548370901133,-2.7571205193763695,0.9935353064597122,2.0425554568996787,-0.9105753753748936,-1.129453968693773,0.9457315946397938,-0.519555087507454,-0.050445978203896465,0.7280441562571113,-2.7825130916653533,-0.8540863110387922,-0.552739027031474,0.03863825694445791,-1.1486032493307412,0.18184879648955682,3.549257426010539,0.30866418343214597,1.720687800628214,0.15299742510963857,1.0966163697838232,-0.26759178125172106,1.4118777252029213,0.9879921154694934,-0.621273188481559
-0.21760440396486355,2.1726143376108857,-0.12945681519865668,0.2866503753808614,-0.9266093773149486,0.23716401285622235,1.4836407286364681,-0.5971699246955053,-1.0962764702009222,0.5031759452655936,0.6173291209725162,-0.519555087507454,0.31250643553829416,-0.11131092879640955,-0.473548680690737,1.5143122972588223,0.6588871687502511,0.34452954204503644,0.05566673278872474,0.5769523735150025,-0.007767188545959889,-2.062325069138284,-0.33082737800021383,-0.9329179793328419,0.1085661238810896,-0.6819131713958806,0.10392053264412192,-0.8606934824853186,-0.5968419930567423,0.6355181611406893
0.21472460795677145,-0.5672803567951621,0.5634781996782396,0.20074539572200648,-0.7925237398734769,-0.4874553307342549,0.36882033994239255,0.2403972886664613,-0.3030379613310418,0.05509605255596442,0.09076552638831266,-0.050445978203896465,-0.11131092879640955,0.8426501401783866,0.37128302028452237,0.26173585729056364,-1.0732945707531782,-0.20619735739468945,-0.4522040023054747,0.4033901181964695,-0.5775668657985903,0.46799816335462824,0.9478861773599165,-0.15542155678305555,-1.1758202457606024,0.4012535323987647,0.2814435739861632,0.4351617074146114,0.2649995430351533,-1.7266218045642638
0.36494949929176423,-3.2443355087973096,0.3270338202772753,-0.35842336922967094,1.1218392838942588,-0.46197287542831333,-2.023912940342341,0.9135855074675678,1.486219181327958,-0.7026239892302777,-0.8564038413603572,0.7280441562571113,-0.473548680690737,0.37128302028452237,0.769121323073775,-2.095250397872479,-1.2106747817514125,-0.5432793399022247,-0.1926744050554119,-0.7211494510282443,-0.13473404349608006,3.0605758331161295,0.7100314654680728,1.29259517501512,-0.45191796215159824,1.0739181048278656,-0.07680768813974627,1.3388194773181665,0.9169486858811934,-1.3435098577014888
-0.9320451401702032,10.847823564744889,-0.12105692605151167,1.6969943579379343,-5.646123499428059,0.767673660024264,8.157747241845144,-2.8953564038452386,-6.041338840508157,2.6799149287222654,3.3246544289634943,-2.7825130916653533,1.5143122972588223,0.26173585729056364,-2.095250397872479,8.21960871151637,2.370121304759694,1.5969581423842263,-0.1757692961381482,3.430407248077559,-0.6133363419133862,-10.369993897244578,-0.7757297021358383,-5.078163146740873,-0.6056954058437642,-3.1709630474915875,0.8227429678942897,-4.0962536181971165,-2.860999798756416,1.6041983837038765
-0.6046191695473379,4.384601634617994,-0.8149315845986405,0.2892490904107787,-0.7873132842016806,0.9244980594708142,2.2033021788251177,-1.2933825870604176,-1.5927103291170688,0.8169476177378513,0.9802710346110406,-0.8540863110387922,0.6588871687502511,-1.0732945707531782,-1.2106747817514125,2.370121304759694,2.2674700259672678,0.8152868746400956,0.5663339027588713,0.5849447019369314,0.5902251015994232,-4.0880456433998775,-1.5640623357809662,-1.4694488010914084,1.4171597208411426,-1.607204486042829,-0.11343583319244746,-1.9583335389656558,-1.3158997129048582,2.911061352430467
-0.2559874875082101,2.3883030640713914,-0.1977995976187154,0.28512418459348227,-0.909708861049992,0.3058772401143183,1.5521407256452122,-0.6645924480504978,-1.142160220944184,0.5320411020794047,0.6522564948457686,-0.552739027031474,0.34452954204503644,-0.20619735739468945,-0.5432793399022247,1.5969581423842263,0.8152868746400956,0.3900509809592223,0.10467330332872726,0.5765653377351054,0.052215000172477107,-2.2609406348356478,-0.45158968104609765,-0.9872912421901733,0.23800911856798787,-0.7715708332598247,0.08188511693220306,-0.9690470223536279,-0.6670961104395328,0.8585972815183008
-0.11005583439013333,0.25576189047971576,-0.29993820842734875,-0.11326734426321496,0.445384610427553,0.2554902361128468,-0.23115895847081291,-0.11557698077966035,0.18337836923842732,-0.036971011631499,-0.05996667401843154,0.03863825694445791,0.05566673278872474,-0.4522040023054747,-0.1926744050554119,-0.1757692961381482,0.5663339027588713,0.10467330332872726,0.24544722595137608,-0.22939815421467435,0.31056469270187953,-0.20567094148465764,-0.5064352465696998,0.10827687631336683,0.6308034310810335,-0.20267486992838138,-0.1528755171656608,-0.21296036121220666,-0.1321964588092934,0.9161741200554596
-0.30235053367172277,4.204739516252678,0.15003337297407981,0.7604635363537875,-2.574095522997823,0.1387650716719531,3.4440125978840017,-1.0903189883052165,-2.563532333286713,1.1103939906072176,1.384631725463399,-1.1486032493307412,0.5769523735150025,0.4033901181964695,-0.7211494510282443,3.430407248077559,0.5849447019369314,0.5765653377351054,-0.22939815421467435,1.5362957135337443,-0.45327470101119793,-4.047145765029476,0.017529915379997357,-2.1159946149990385,-0.6613951675638703,-1.147183856023204,0.4342371905680639,-1.5088575233392252,-1.0707298502809066,0.04131525170229579
-0.09432291230382289,-0.1988249613874932,-0.37107865016345387,-0.2257879284814089,0.8328638757537608,0.2861304646031626,-0.6824045392662508,-0.006263049596398269,0.5268627260347538,-0.1814438047170628,-0.238789966539469,0.18184879648955682,-0.007767188545959889,-0.5775668657985903,-0.13473404349608006,-0.6133363419133862,0.5902251015994232,0.052215000172477107,0.31056469270187953,-0.45327470101119793,0.4197352248543306,0.23944219974478292,-0.5917573132810621,0.3728141722645536,0.8191948912117577,-0.0984939657292824,-0.23264202782653712,-0.07364422598833494,-0.024014709783293006,1.0691774708985842
1.409631848874142,-14.557760879566708,0.6958542270729989,-1.9993166998595275,6.536686463981389,-1.4581644050572964,-10.188002437197934,3.9690210567441304,7.5181510117779276,-3.4116666708949377,-4.212252671396103,3.549257426010539,-2.062325069138284,0.46799816335462824,3.0605758331161295,-10.369993897244578,-4.0880456433998775,-2.2609406348356478,-0.20567094148465764,-4.047145765029476,0.23944219974478292,13.849222240901021,1.9106573259710826,6.414648589055343,-0.3415190917189137,4.481045621644736,-0.7944629472567349,5.708566139021498,3.9534656767143264,-3.721266992637207
0.37208392897459985,-2.0863509788987185,0.6719304223775024,0.010157984066735341,-0.17863629502277678,-0.667266459941373,-0.6444418045834621,0.6594342782023759,0.446760614855477,-0.29274195767716565,-0.33582633849833354,0.30866418343214597,-0.33082737800021383,0.9478861773599165,0.7100314654680728,-0.7757297021358383,-1.5640623357809662,-0.45158968104609765,-0.5064352465696998,0.017529915379997357,-0.5917573132810621,1.9106573259710826,1.2098898673077088,0.4848897926742076,-1.2895249305221188,0.8861865259381735,0.21835055846597723,1.043725812216627,0.6892885308140592,-2.2209601168137403
0.5786209081608233,-6.7087755019760795,0.08075127402296486,-1.044397133442682,3.479302516260333,-0.48060824922868445,-5.037430109617092,1.790309170761131,3.72724312466786,-1.6522895060637883,-2.0531853793841175,1.720687800628214,-0.9329179793328419,-0.15542155678305555,1.29259517501512,-5.078163146740873,-1.4694488010914084,-0.9872912421901733,0.10827687631336683,-2.1159946149990385,0.3728141722645536,6.414648589055343,0.4848897926742076,3.14265570853182,0.36465912301786996,1.9608648056258189,-0.5052971037462338,2.5372643052933332,1.76958880540395,-1.0030734883785273
-0.27051859699467323,0.4665659936075879,-0.7779529149543944,-0.3287631366571349,1.2668667484683174,0.6540204460519204,-0.7531788408343023,-0.2485069269508302,0.6015074986243706,-0.15794216841417982,-0.2264049767067715,0.15299742510963857,0.1085661238810896,-1.1758202457606024,-0.45191796215159824,-0.6056954058437642,1.4171597208411426,0.23800911856798787,0.6308034310810335,-0.6613951675638703,0.8191948912117577,-0.3415190917189137,-1.2895249305221188,0.36465912301786996,1.6486205566250347,-0.4617687861143127,-0.4152578528356668,-0.4833237038926326,-0.2806121653708564,2.3475263074899124
0.5061595035947012,-4.733801469582933,0.3874718594804616,-0.5673681909881925,1.8114343338812564,-0.6029727287590246,-3.0824859752216938,1.3168963046845212,2.2671232287264615,-1.0546194012327308,-1.2934915592004703,1.0966163697838232,-0.6819131713958806,0.4012535323987647,1.0739181048278656,-3.1709630474915875,-1.607204486042829,-0.7715708332598247,-0.20267486992838138,-1.147183856023204,-0.0984939657292824,4.481045621644736,0.8861865259381735,1.9608648056258189,-0.4617687861143127,1.5266479205186207,-0.16457905969090486,1.9193480141208779,1.3197130699088806,-1.6883716163828588
-0.018081097623397928,0.8058807656325517,0.1619538303739414,0.21522809728664505,-0.7542091208889176,-0.08084933689701435,0.8508400415134361,-0.18732119881194859,-0.6416036197555868,0.26147493914528586,0.33047023673570486,-0.26759178125172106,0.10392053264412192,0.2814435739861632,-0.07680768813974627,0.8227429678942897,-0.11343583319244746,0.08188511693220306,-0.1528755171656608,0.4342371905680639,-0.23264202782653712,-0.7944629472567349,0.21835055846597723,-0.5052971037462338,-0.4152578528356668,-0.16457905969090486,0.16127507688476916,-0.23576534439210997,-0.17957450374172781,-0.38463351231920095
0.6308848867402791,-6.025625619871032,0.44586310016309677,-0.7451094469954362,2.395615763428109,-0.7313743336717059,-3.9900551674512514,1.6690890113573513,2.9311922986318306,-1.352354600502144,-1.6641086230114104,1.4118777252029213,-0.8606934824853186,0.4351617074146114,1.3388194773181665,-4.0962536181971165,-1.9583335389656558,-0.9690470223536279,-0.21296036121220666,-1.5088575233392252,-0.07364422598833494,5.708566139021498,1.043725812216627,2.5372643052933332,-0.4833237038926326,1.9193480141208779,-0.23576534439210997,2.4267059451017854,1.6644674282396954,-2.005964241931135
0.4278101741537798,-4.163043062708651,0.2835572809063246,-0.5280368497888583,1.7066060493316024,-0.483502557700047,-2.7950291591400114,1.1467800689019227,2.063173402132786,-0.9518576777849665,-1.1707253024726085,0.9879921154694934,-0.5968419930567423,0.2649995430351533,0.9169486858811934,-2.860999798756416,-1.3158997129048582,-0.6670961104395328,-0.1321964588092934,-1.0707298502809066,-0.024014709783293006,3.9534656767143264,0.6892885308140592,1.76958880540395,-0.2806121653708564,1.3197130699088806,-0.17957450374172781,1.6644674282396954,1.1545108492084368,-1.3119345905847437
-0.703063843687692,4.06375706485974,-1.2324333445339868,0.019686477000180214,0.20439756872575338,1.2414189688148494,1.3586677930478122,-1.2765130552445625,-0.9386900092995588,0.5837941521681889,0.6756425075554429,-0.621273188481559,0.6355181611406893,-1.7266218045642638,-1.3435098577014888,1.6041983837038765,2.911061352430467,0.8585972815183008,0.9161741200554596,0.04131525170229579,1.0691774708985842,-3.721266992637207,-2.2209601168137403,-1.0030734883785273,2.3475263074899124,-1.6883716163828588,-0.38463351231920095,-2.005964241931135,-1.3119345905847437,4.105634957576834
