V1,V2,V3,V4,V5,V6,V7,V8,V9,V10,V11,V12,V13,V14,V15,V16,V17,V18,V19,V20,V21,V22,V23,V24,V25,V26,V27,V28,V29,V30
0.9103864801411773,-2.1355531016850264,1.0221132098903902,1.2284620726394293,-2.275976798734231,-2.227750166563829,0.6083325559287025,1.1663259595673974,-4.632901983578378,4.092450940682385,3.1335721994670815,-0.6308906645160434,2.2352481991671045,-0.11176935592254321,-2.472067716070262,-1.0045433876972896,2.0349381070935397,1.0585985540293517,2.640524258170096,1.1097448661568527,-0.9051941548595964,0.3598866788749701,-2.9594744130059705,3.3184534618520827,-0.9107590805618613,-1.1952909805776462,1.37721306872585,2.6438703604861797,-3.07110130457605,-1.301381691639371
-2.1355531016850264,5.528563276175193,-1.9233237800485854,-1.8527585390759183,5.818266271096114,4.401451387916811,-1.5340818346876048,-2.973385816553932,11.079458054314104,-10.058670592947207,-8.181575363325972,0.8686818286158411,-6.038170603193163,1.4203459151149684,6.2704070984755855,2.864816454198693,-4.250037468002927,-3.055934657538951,-7.399323562393581,-2.018096854189038,2.231805892828693,-1.4937334845208405,6.8021849705768895,-8.12525744881609,2.3039187042321245,3.9853276495417127,-2.7877735872989957,-6.396053320696768,7.607028336859831,3.662062719760689
1.0221132098903902,-1.9233237800485854,1.6403208943061194,2.4518186575348584,-2.0803594814777346,-3.3827857998394206,0.5876196234821658,1.0973356527207094,-5.053147954476251,4.165357348089296,2.7159745433794726,-1.3356477580193034,1.7370604136827459,1.0762948924408666,-2.336405428966817,-0.6486594364578059,2.8453415756612386,0.622323519602705,1.7393900170609302,1.9013766883060699,-0.9023551496748118,-0.25507297753096436,-3.4736032346273986,3.424545288996424,-0.8745799193670848,-0.1627243823832358,2.0155729762736967,2.8096844537466863,-3.126180981074934,-0.8492912638423983
1.2284620726394293,-1.8527585390759183,2.4518186575348584,3.993018925687143,-2.04110649373862,-4.9271936644122905,0.6164700657868851,1.1141190197006603,-5.936818843534149,4.593366372628893,2.4887503969689746,-2.216782582926545,1.33980868588824,2.464305587598907,-2.3859044412815247,-0.31486274033257977,3.968798818257758,0.19912727779029812,0.8998030963299083,2.928528177322059,-0.9736982271088006,-0.9499683636689353,-4.323741720017239,3.826142159233215,-0.9093993176084909,0.9486395308030933,2.881138342200433,3.225631028935413,-3.4525252603408623,-0.42588570250035696
-2.275976798734231,5.818266271096114,-2.0803594814777346,-2.04110649373862,6.169745150116734,4.733008013416349,-1.6316790597727995,-3.1381408014276313,11.776947244973334,-10.679009858496952,-8.649529201442837,0.9720611463880746,-6.3680033403157426,1.4403902000490252,6.634499541037286,2.9914359651328746,-4.561544230052536,-3.211834270883232,-7.800725821224894,-2.1721639381107476,2.3737663602619032,-1.5314268887129299,7.2611625120198395,-8.614253033130046,2.4328472841064013,4.157220905444367,-2.9972119185139587,-6.782310749621212,8.04797728834874,3.8532236658077452
-2.227750166563829,4.401451387916811,-3.3827857998394206,-4.9271936644122905,4.733008013416349,7.040038988840383,-1.3284837608452789,-2.491671065601591,11.10862228115948,-9.270036113920487,-6.264439761407866,2.6639579893805676,-4.11510578764146,-1.8761127983352661,5.285714095317053,1.6210830192417034,-5.991776201153888,-1.5919076767808937,-4.281437929860835,-3.911686228142488,2.011070819956152,0.29529206292276394,7.515043095028796,-7.606454937969456,1.9744384365244274,0.8385592421302063,-4.21424317577684,-6.20310705275434,6.986958971994632,2.099137594023239
0.6083325559287025,-1.5340818346876048,0.5876196234821658,0.6164700657868851,-1.6316790597727995,-1.3284837608452789,0.44159264211477545,0.834906908875943,-3.167614192673184,2.8459512400749962,2.2845135311271623,-0.30032456820811754,1.6724933221258773,-0.309506944958682,-1.7615065633767129,-0.777304119789118,1.2635808904168058,0.8331784422815245,2.0164735102437548,0.6388559967173973,-0.6279145944151876,0.3633252523828955,-1.9551420030555675,2.297927412299063,-0.647378866374496,-1.0535301152239698,0.8347724216477851,1.812125890798501,-2.163569762356731,-0.995797087005051
1.1663259595673974,-2.973385816553932,1.0973356527207094,1.1141190197006603,-3.1381408014276313,-2.491671065601591,0.834906908875943,1.6240211454170048,-6.057879294361664,5.46108979614046,4.413757264401687,-0.5346275898694977,3.2464014795179104,-0.6562705071540806,-3.374800356661928,-1.5305155030692315,2.3769282659789357,1.6225610618273738,3.918476527120661,1.1796639957288273,-1.20761870445578,0.7526434835943441,-3.7237670081831364,4.427489152132025,-1.2396709985196335,-2.0719767620203484,1.5672723738679357,3.4759565905656475,-4.154460375850824,-1.945364753791946
-4.632901983578378,11.079458054314104,-5.053147954476251,-5.936818843534149,11.776947244973334,11.10862228115948,-3.167614192673184,-6.057879294361664,23.755439475389085,-21.04084678308252,-16.301934238041344,3.0172870529072267,-11.705850578514099,0.9328856051864312,12.785319717560844,5.317749623940491,-10.221067812014335,-5.6090479051049265,-13.847347542836548,-5.531828733624485,4.6415135931978755,-2.0313743222059335,15.027962821363877,-17.061600249510484,4.712083911370603,6.520364309158196,-6.882853277458619,-13.555451767471977,15.891630678186326,6.836323803792111
4.092450940682385,-10.058670592947207,4.165357348089296,4.593366372628893,-10.679009858496952,-9.270036113920487,2.8459512400749962,5.46108979614046,-21.04084678308252,18.826640414984837,14.856317438368277,-2.286675174362891,10.781294258897312,-1.5528174744831054,-11.547137214509185,-4.970309631468099,8.681966688858523,5.284840356450552,12.967299679826095,4.468412939876985,-4.169166192375027,2.1920412060355545,-13.183014066504954,15.230388593844387,-4.246401522279129,-6.454628181741466,5.792675855372079,12.05933825606473,-14.18932914062996,-6.401802736395571
3.1335721994670815,-8.181575363325972,2.7159745433794726,2.4887503969689746,-8.649529201442837,-6.264439761407866,2.2845135311271623,4.413757264401687,-16.301934238041344,14.856317438368277,12.189681715074407,-1.146158556797677,9.037087431523092,-2.3413132620215658,-9.28091585758532,-4.29283809296965,6.119429323399803,4.609100135462395,11.114732252683673,2.8234626370152056,-3.301367651573255,2.3149735137264096,-9.949058040022432,11.986396407771029,-3.4015801382869313,-6.102899821283593,3.988946941005789,9.402393672957253,-11.238345828054909,-5.5008340608668265
-0.6308906645160434,0.8686818286158411,-1.3356477580193034,-2.216782582926545,0.9720611463880746,2.6639579893805676,-0.30032456820811754,-0.5346275898694977,3.0172870529072267,-2.286675174362891,-1.146158556797677,1.2370515989894315,-0.5615511471990315,-1.4521716382503456,1.150804994541253,0.08041999235057531,-2.123378736511476,-0.010850589074526492,-0.2686814695552516,-1.599711141622328,0.48263316849725857,0.5929421048675726,2.2435560015620584,-1.9111922889803141,0.4406560608346338,-0.6761395359038936,-1.5513837260524805,-1.6261364612959022,1.710907671740194,0.12090334460936156
2.2352481991671045,-6.038170603193163,1.7370604136827459,1.33980868588824,-6.3680033403157426,-4.11510578764146,1.6724933221258773,3.2464014795179104,-11.705850578514099,10.781294258897312,9.037087431523092,-0.5615511471990315,6.775298242679203,-2.157123086100435,-6.803320014394317,-3.267981713827998,4.140332324152736,3.524473658818582,8.428216017296121,1.759381518433583,-2.4008973853465605,1.9216072030867493,-7.034345021526773,8.686410642677512,-2.4888069515860076,-4.842043307617926,2.655934373151327,6.776961416915807,-8.171288407816792,-4.176823921123284
-0.11176935592254321,1.4203459151149684,1.0762948924408666,2.464305587598907,1.4403902000490252,-1.8761127983352661,-0.309506944958682,-0.6562705071540806,0.9328856051864312,-1.5528174744831054,-2.3413132620215658,-1.4521716382503456,-2.157123086100435,2.946968142179927,1.3817677833635245,1.2894437138698949,1.1154518618418807,-1.5117332297660264,-3.3173645590536265,1.4624776168050904,0.38951406132272853,-1.649455883624362,-0.00105445443813422,-1.1395843079989385,0.475866110516726,3.0257550031483698,0.9744380273837732,-0.7144079574777671,1.1615002676492834,1.6518763778307446
-2.472067716070262,6.2704070984755855,-2.336405428966817,-2.3859044412815247,6.634499541037286,5.285714095317053,-1.7615065633767129,-3.374800356661928,12.785319717560844,-11.547137214509185,-9.28091585758532,1.150804994541253,-6.803320014394317,1.3817677833635245,7.16505740500787,3.184660708059922,-5.048209609945284,-3.407530839109618,-8.298045376937687,-2.470871186501909,2.5606336792627307,-1.5649864602725538,7.917552422951033,-9.317676286933306,2.6332363573987965,4.347082600352175,-3.332668563771028,-7.360459950763991,8.710416168105581,4.0957032827199376
-1.0045433876972896,2.864816454198693,-0.6486594364578059,-0.31486274033257977,2.9914359651328746,1.6210830192417034,-0.777304119789118,-1.5305155030692315,5.317749623940491,-4.970309631468099,-4.29283809296965,0.08041999235057531,-3.267981713827998,1.2894437138698949,3.184660708059922,1.617466229180568,-1.712650706232599,-1.7429308019662593,-4.119461807475673,-0.6294931532372839,1.1081557665426194,-1.0507991697840293,3.118220805434925,-4.003685333923641,1.1643589555962544,2.5032343040563947,-1.069548269512584,-3.1010492747026883,3.7877019575844173,2.0482986386966817
2.0349381070935397,-4.250037468002927,2.8453415756612386,3.968798818257758,-4.561544230052536,-5.991776201153888,1.2635808904168058,2.3769282659789357,-10.221067812014335,8.681966688858523,6.119429323399803,-2.123378736511476,4.140332324152736,1.1154518618418807,-5.048209609945284,-1.712650706232599,5.196252120793069,1.7350649070000717,4.521337823000744,3.245791349479861,-1.8943217302432993,0.05262037137264368,-6.792507529953027,7.0932147397434235,-1.8770749368337343,-1.3518630031998287,3.6168981212219604,5.74325766362818,-6.538151116646704,-2.2197084969677223
1.0585985540293517,-3.055934657538951,0.622323519602705,0.19912727779029812,-3.211834270883232,-1.5919076767808937,0.8331784422815245,1.6225610618273738,-5.6090479051049265,5.284840356450552,4.609100135462395,-0.010850589074526492,3.524473658818582,-1.5117332297660264,-3.407530839109618,-1.7429308019662593,1.7350649070000717,1.9012948371082334,4.494153795411955,0.5688150816865479,-1.183676885012228,1.17706369816652,-3.2727234318001432,4.237143505294069,-1.241986542030818,-2.7767354092839946,1.068169102761883,3.2776596781449845,-4.004906245130317,-2.2277710322296587
2.640524258170096,-7.399323562393581,1.7393900170609302,0.8998030963299083,-7.800725821224894,-4.281437929860835,2.0164735102437548,3.918476527120661,-13.847347542836548,12.967299679826095,11.114732252683673,-0.2686814695552516,8.428216017296121,-3.3173645590536265,-8.298045376937687,-4.119461807475673,4.521337823000744,4.494153795411955,10.726919292221396,1.6115387226459736,-2.90969151774149,2.6811128735959717,-8.21896864524462,10.393356831355064,-3.0260047726999435,-6.427854444210415,2.834160107422651,8.085289260605883,-9.753397805886449,-5.304680326628437
1.1097448661568527,-2.018096854189038,1.9013766883060699,2.928528177322059,-2.1721639381107476,-3.911686228142488,0.6388559967173973,1.1796639957288273,-5.531828733624485,4.468412939876985,2.8234626370152056,-1.599711141622328,1.759381518433583,1.4624776168050904,-2.470871186501909,-0.6294931532372839,3.245791349479861,0.5688150816865479,1.6115387226459736,2.2760655979279956,-0.9517120299053814,-0.43333292584657446,-3.813317957754211,3.6993817881256152,-0.9325767857644088,0.06179058003098263,2.312051960594014,3.0447819462262884,-3.420258784548422,-0.7916929983640059
-0.9051941548595964,2.231805892828693,-0.9023551496748118,-0.9736982271088006,2.3737663602619032,2.011070819956152,-0.6279145944151876,-1.20761870445578,4.6415135931978755,-4.169166192375027,-3.301367651573255,0.48263316849725857,-2.4008973853465605,0.38951406132272853,2.5606336792627307,1.1081557665426194,-1.8943217302432993,-1.183676885012228,-2.90969151774149,-0.9517120299053814,0.9265952458928032,-0.508838721735378,2.908659962176571,-3.368244414114898,0.9400645350625906,1.4616988810371012,-1.2610740679790318,-2.6653598435152808,3.1276573783697823,1.43513358305011
0.3598866788749701,-1.4937334845208405,-0.25507297753096436,-0.9499683636689353,-1.5314268887129299,0.29529206292276394,0.3633252523828955,0.7526434835943441,-2.0313743222059335,2.1920412060355545,2.3149735137264096,0.5929421048675726,1.9216072030867493,-1.649455883624362,-1.5649864602725538,-1.0507991697840293,0.05262037137264368,1.17706369816652,2.6811128735959717,-0.43333292584657446,-0.508838721735378,1.033937781105993,-0.9638388594247036,1.7239087831367128,-0.5599735130897298,-2.0513153873257735,-0.08358154538912912,1.263496108585186,-1.6540369005758735,-1.336463520883136
-2.9594744130059705,6.8021849705768895,-3.4736032346273986,-4.323741720017239,7.2611625120198395,7.515043095028796,-1.9551420030555675,-3.7237670081831364,15.027962821363877,-13.183014066504954,-9.949058040022432,2.2435560015620584,-7.034345021526773,-0.00105445443813422,7.917552422951033,3.118220805434925,-6.792507529953027,-3.2727234318001432,-8.21896864524462,-3.813317957754211,2.908659962176571,-0.9638388594247036,9.673512650044053,-10.69699476120701,2.9220724657789496,3.5344663788451562,-4.623528704485412,-8.553304292749559,9.895191727484061,4.0448698511657035
3.3184534618520827,-8.12525744881609,3.424545288996424,3.826142159233215,-8.614253033130046,-7.606454937969456,2.297927412299063,4.427489152132025,-17.061600249510484,15.230388593844387,11.986396407771029,-1.9111922889803141,8.686410642677512,-1.1395843079989385,-9.317676286933306,-4.003685333923641,7.0932147397434235,4.237143505294069,10.393356831355064,3.6993817881256152,-3.368244414114898,1.7239087831367128,-10.69699476120701,12.341126904343584,-3.4286952195039055,-5.127712490263538,4.741766890923387,9.768335091952208,-11.502619994734959,-5.138431456856449
-0.9107590805618613,2.3039187042321245,-0.8745799193670848,-0.9093993176084909,2.4328472841064013,1.9744384365244274,-0.647378866374496,-1.2396709985196335,4.712083911370603,-4.246401522279129,-3.4015801382869313,0.4406560608346338,-2.4888069515860076,0.475866110516726,2.6332363573987965,1.1643589555962544,-1.8770749368337343,-1.241986542030818,-3.0260047726999435,-0.9325767857644088,0.9400645350625906,-0.5599735130897298,2.9220724657789496,-3.4286952195039055,0.9690324229246933,1.5729378649875936,-1.2419066863506054,-2.711998674463223,3.2080247315691626,1.4938062606328943
-1.1952909805776462,3.9853276495417127,-0.1627243823832358,0.9486395308030933,4.157220905444367,0.8385592421302063,-1.0535301152239698,-2.0719767620203484,6.520364309158196,-6.454628181741466,-6.102899821283593,-0.6761395359038936,-4.842043307617926,3.0257550031483698,4.347082600352175,2.5032343040563947,-1.3518630031998287,-2.7767354092839946,-6.427854444210415,0.06179058003098263,1.4616988810371012,-2.0513153873257735,3.5344663788451562,-5.127712490263538,1.5729378649875936,4.443928996340393,-0.6952991840552747,-3.8869725017981676,4.903479648927049,3.191338459488221
1.37721306872585,-2.7877735872989957,2.0155729762736967,2.881138342200433,-2.9972119185139587,-4.21424317577684,0.8347724216477851,1.5672723738679357,-6.882853277458619,5.792675855372079,3.988946941005789,-1.5513837260524805,2.655934373151327,0.9744380273837732,-3.332668563771028,-1.069548269512584,3.6168981212219604,1.068169102761883,2.834160107422651,2.312051960594014,-1.2610740679790318,-0.08358154538912912,-4.623528704485412,4.741766890923387,-1.2419066863506054,-0.6952991840552747,2.5326035324809064,3.8558243923779885,-4.357645902586545,-1.3893915862004658
2.6438703604861797,-6.396053320696768,2.8096844537466863,3.225631028935413,-6.782310749621212,-6.20310705275434,1.812125890798501,3.4759565905656475,-13.555451767471977,12.05933825606473,9.402393672957253,-1.6261364612959022,6.776961416915807,-0.7144079574777671,-7.360459950763991,-3.1010492747026883,5.74325766362818,3.2776596781449845,8.085289260605883,3.0447819462262884,-2.6653598435152808,1.263496108585186,-8.553304292749559,9.768335091952208,-2.711998674463223,-3.8869725017981676,3.8558243923779885,7.7591572565173985,-9.089583440006047,-3.9903531845303086
-3.07110130457605,7.607028336859831,-3.126180981074934,-3.4525252603408623,8.04797728834874,6.986958971994632,-2.163569762356731,-4.154460375850824,15.891630678186326,-14.18932914062996,-11.238345828054909,1.710907671740194,-8.171288407816792,1.1615002676492834,8.710416168105581,3.7877019575844173,-6.538151116646704,-4.004906245130317,-9.753397805886449,-3.420258784548422,3.1276573783697823,-1.6540369005758735,9.895191727484061,-11.502619994734959,3.2080247315691626,4.903479648927049,-4.357645902586545,-9.089583440006047,10.783098375584869,4.828482986626607
-1.301381691639371,3.662062719760689,-0.8492912638423983,-0.42588570250035696,3.8532236658077452,2.099137594023239,-0.995797087005051,-1.945364753791946,6.836323803792111,-6.401802736395571,-5.5008340608668265,0.12090334460936156,-4.176823921123284,1.6518763778307446,4.0957032827199376,2.0482986386966817,-2.2197084969677223,-2.2277710322296587,-5.304680326628437,-0.7916929983640059,1.43513358305011,-1.336463520883136,4.0448698511657035,-5.138431456856449,1.4938062606328943,3.191338459488221,-1.3893915862004658,-3.9903531845303086,4.828482986626607,2.627531805079178
