V1,V2,V3,V4,V5,V6,V7,V8,V9,V10,V11,V12,V13,V14,V15,V16,V17,V18,V19,V20,V21,V22,V23,V24,V25,V26,V27,V28,V29,V30
13.64911611277772,-32.62154282721224,13.979252145003024,15.41791137550994,-35.17638436681815,-30.81128738375872,9.23789596663757,18.399530475603306,-69.50506076303796,62.084653421356165,49.03992119454841,-7.8082409749116835,35.65998589068426,-4.712275531708157,-37.21647569422277,-16.292265070596578,28.757841783638256,17.254130836926617,42.27738387328957,14.733217487960685,-13.85590110286686,7.166118183242499,-43.58914749569626,50.59559775941673,-13.548745534289019,-20.688825027030802,19.220402080524266,39.47317298965204,-46.68111635716721,-21.058241896118844
-32.62154282721224,82.5146368252776,-34.01760793755382,-38.698561276544034,85.66315680439145,76.39330389088872,-23.432598779996436,-42.94135596756,170.20297871893573,-151.7453745080884,-118.89280167021461,18.98597174037158,-85.76814802326304,11.143211083962719,95.41324314387747,39.937685583080714,-71.2013061134291,-42.319635083462074,-103.8294235125932,-38.09015318706845,33.11867397195743,-16.59968841687791,106.57677443448615,-121.94052196838591,35.589339626897704,51.89315388844705,-47.584631683678,-98.41157064143123,115.40987463528835,50.79029294226853
13.979252145003024,-34.01760793755382,14.3985219743336,16.03798328763929,-36.239949267701675,-31.924245036464328,9.642109381106804,18.70622533109385,-71.73149406570242,64.03520242820417,50.4510404300103,-8.040118777204901,36.59482644319491,-4.810269218290708,-38.98004274234334,-16.819662008341968,29.78322541179131,17.815905861047188,43.67186359252276,15.47366433436495,-14.191579344372792,7.269348255228062,-44.96339192709452,51.955425897083536,-14.304630665075013,-21.51579522767847,19.905312171064132,40.97128501941857,-48.32263663656872,-21.62877094430887
15.41791137550994,-38.698561276544034,16.03798328763929,18.168746979162655,-40.382845851200635,-35.924389151106034,10.985766622322425,20.362693216280956,-80.17362122147786,71.49784248223104,56.0806220245681,-8.951361510995788,40.501393275221744,-5.27429870915694,-44.66965229657113,-18.809829412459155,33.489319070957336,19.930180353432622,48.889203645717494,17.81272531743432,-15.653036066738055,7.880990973577537,-50.21278855735249,57.566579332806924,-16.609059021588603,-24.364853144239724,22.38147545797009,46.24395754817714,-54.29202100490982,-23.973838492723406
-35.17638436681815,85.66315680439145,-36.239949267701675,-40.382845851200635,91.21531909497998,80.37073433542166,-24.281260180180166,-47.05607616536337,180.55880315707765,-161.1830890885082,-126.97740786469564,20.236476484861697,-92.092862686006,12.102711887820073,98.17715018230838,42.338561871360525,-74.97903407205783,-44.846148979046056,-109.93217356748438,-38.97662596298828,35.710948727588885,-18.284621449235917,113.17704616225834,-130.75268315611018,36.03942470805691,54.17450098569036,-50.11262656278228,-103.15465782489494,121.65004197816118,54.43147215484799
-30.81128738375872,76.39330389088872,-31.924245036464328,-35.924389151106034,80.37073433542166,71.22054840649035,-21.67322864635963,-40.90833830431656,159.37328608910622,-142.1852154254558,-111.7234220063081,17.822204925324055,-80.82582211923062,10.565179235397308,87.92702472786733,37.38286866647653,-66.41304159133504,-39.604419897525325,-97.12321533766627,-35.000719437113176,31.280089657637987,-15.857729257888675,99.84938261823285,-114.82988610514411,32.52677894067812,48.183851471170996,-44.38577292282988,-91.57066918779319,107.7027524603305,47.815107663006756
9.23789596663757,-23.432598779996436,9.642109381106804,10.985766622322425,-24.281260180180166,-21.67322864635963,6.655523238598286,12.145203206545649,-48.25737418189512,43.01979233209692,33.69200481355194,-5.380898012406522,24.295896164889747,-3.1537400489297625,-27.113429871808293,-11.323903847327482,20.198919487791937,11.99980820060057,29.44305388840107,10.828350332033201,-9.378754666830293,4.693377132749038,-30.215151613150532,34.546083169505664,-10.12501465156249,-14.730922912308746,13.49871177630422,27.927419005636953,-32.73738691897995,-14.389437989136514
18.399530475603306,-42.94135596756,18.70622533109385,20.362693216280956,-47.05607616536337,-40.90833830431656,12.145203206545649,25.03935963376856,-92.76636369182482,82.9272944733654,65.72412178648483,-10.452715697208918,47.94748534068518,-6.379584430307796,-48.69833432393126,-21.73533745911607,38.20479229290787,23.013129312124267,56.35799574170779,19.206915379622497,-18.67715068119978,9.779298197722467,-58.214915634126555,67.97231582547658,-17.53512291453747,-27.333295073341056,25.534712561919687,52.28574663477959,-62.05537418433299,-28.283457555420952
-69.50506076303796,170.20297871893573,-71.73149406570242,-80.17362122147786,180.55880315707765,159.37328608910622,-48.25737418189512,-92.76636369182482,357.6096531590179,-319.174819734671,-251.24254159328953,40.05316205723889,-182.07673817868414,23.88932645481088,195.3233001679407,83.86281946319411,-148.6610642384689,-88.83497959712055,-217.79066552675522,-77.60932337908332,70.56105573907439,-36.01827757629764,224.12264376071022,-258.5616911735542,71.87393918823484,107.54977580041114,-99.35689128809162,-204.6642814582,241.16366317131718,107.64799559438585
62.084653421356165,-151.7453745080884,64.03520242820417,71.49784248223104,-161.1830890885082,-142.1852154254558,43.01979233209692,82.9272944733654,-319.174819734671,284.88944983174,224.31517095275072,-35.75684831282819,162.6046098978799,-21.346498897234664,-174.0632089639775,-74.8471989539475,132.63439681134227,79.28296688964662,194.36397243652624,69.14204352705318,-63.02793034392012,32.20618712610711,-200.04462602808132,230.8946382558796,-63.99806958053583,-95.91312890983401,88.6466126725698,182.55809794332384,-215.17524315205253,-96.12627397830333
49.03992119454841,-118.89280167021461,50.4510404300103,56.0806220245681,-126.97740786469564,-111.7234220063081,33.69200481355194,65.72412178648483,-251.24254159328953,224.31517095275072,176.82588333048267,-28.175531844936195,128.32418366749917,-16.886972498250465,-136.11184810031745,-58.908405785582254,104.23974647625649,62.39420658427898,152.93220835336246,54.0010708285514,-49.78416659919846,25.551000930029616,-157.50253745794774,182.1641879269585,-49.867438146302646,-75.23903173962087,69.67015944225162,143.33316283321975,-169.14673099134023,-75.83145469429691
-7.8082409749116835,18.98597174037158,-8.040118777204901,-8.951361510995788,20.236476484861697,17.822204925324055,-5.380898012406522,-10.452715697208918,40.05316205723889,-35.75684831282819,-28.175531844936195,4.490550134428361,-20.438344842712283,2.687454487944605,21.750104260680004,9.39173975926075,-16.62711201434744,-9.947711135665438,-24.38408478992125,-8.633207295079202,7.9265378713466985,-4.061367447902457,25.10741231900414,-29.016393719459643,7.979007339419894,12.009505894273424,-11.112997885065745,-22.871284979364805,26.97924767023434,12.080191743992645
35.65998589068426,-85.76814802326304,36.59482644319491,40.501393275221744,-92.092862686006,-80.82582211923062,24.295896164889747,47.94748534068518,-182.07673817868414,162.6046098978799,128.32418366749917,-20.438344842712283,93.23089147220345,-12.297215385188263,-98.00145979911748,-42.68461530605959,75.42710869826797,45.20729073684081,110.78615780656904,38.834039502935994,-36.200901604601164,18.660056911810774,-114.16713976135422,132.30924123456006,-35.77865111336657,-54.342543478705814,50.4121854761555,103.61249690188579,-122.41650239275941,-55.071530247007296
-4.712275531708157,11.143211083962719,-4.810269218290708,-5.27429870915694,12.102711887820073,10.565179235397308,-3.1537400489297625,-6.379584430307796,23.88932645481088,-21.346498897234664,-16.886972498250465,2.687454487944605,-12.297215385188263,1.6300808662632804,12.679018075368003,5.598737006744446,-9.86364168761803,-5.928557880083055,-14.523014471321277,-5.01104507991704,4.783532575531365,-2.4876979589380555,14.986237939205935,-17.441171473712352,4.593421240125576,7.078475012803502,-6.592654121761784,-13.521187816180401,16.015951621181603,7.258339622853483
-37.21647569422277,95.41324314387747,-38.98004274234334,-44.66965229657113,98.17715018230838,87.92702472786733,-27.113429871808293,-48.69833432393126,195.3233001679407,-174.0632089639775,-136.11184810031745,21.750104260680004,-98.00145979911748,12.679018075368003,110.668787073404,45.843331237687906,-81.9241088356921,-48.58425984299613,-119.23629504075394,-44.26290509394095,37.78506379223981,-18.791124289456892,122.26089447121163,-139.40321312401977,41.50260587287887,59.88920852976755,-54.74981379870623,-113.41585049415549,132.74256280678694,58.07234235304418
-16.292265070596578,39.937685583080714,-16.819662008341968,-18.809829412459155,42.338561871360525,37.38286866647653,-11.323903847327482,-21.73533745911607,83.86281946319411,-74.8471989539475,-58.908405785582254,9.39173975926075,-42.68461530605959,5.598737006744446,45.843331237687906,19.667121480754037,-34.86922067929548,-20.83322473161063,-51.076486260362294,-18.2179751560248,16.53986279932414,-8.437946542124411,52.557365649917934,-60.61755287196869,16.87652849473476,25.23219205437662,-23.30502230276376,-48.01130188555181,56.564961523470274,25.23736603809667
28.757841783638256,-71.2013061134291,29.78322541179131,33.489319070957336,-74.97903407205783,-66.41304159133504,20.198919487791937,38.20479229290787,-148.6610642384689,132.63439681134227,104.23974647625649,-16.62711201434744,75.42710869826797,-9.86364168761803,-81.9241088356921,-34.86922067929548,61.932271039478685,36.94095571893448,90.58864835389004,32.604462138347216,-29.195348359581264,14.81265700661932,-93.14157730678446,107.15433406825647,-30.288129213364048,-44.918543359104326,41.391014845001806,85.3777429742792,-100.43959218064609,-44.61813065831405
17.254130836926617,-42.319635083462074,17.815905861047188,19.930180353432622,-44.846148979046056,-39.604419897525325,11.99980820060057,23.013129312124267,-88.83497959712055,79.28296688964662,62.39420658427898,-9.947711135665438,45.20729073684081,-5.928557880083055,-48.58425984299613,-20.83322473161063,36.94095571893448,22.06879765796383,54.106580397693484,19.308987773410628,-17.516316287256423,8.933424854619492,-55.67261165056968,64.20121036108833,-17.8901651328655,-26.735055273894645,24.689190679636706,50.86724234253231,-59.92448934318322,-26.72970436483169
42.27738387328957,-103.8294235125932,43.67186359252276,48.889203645717494,-109.93217356748438,-97.12321533766627,29.44305388840107,56.35799574170779,-217.79066552675522,194.36397243652624,152.93220835336246,-24.38408478992125,110.78615780656904,-14.523014471321277,-119.23629504075394,-51.076486260362294,90.58864835389004,54.106580397693484,132.65840904880116,47.39767816418376,-42.91984967379837,21.873811120156777,-136.48398622005433,157.34037320509688,-43.93099302290221,-65.58085938444545,60.5437431915828,124.75914584430892,-146.94501228183452,-65.50876367626134
14.733217487960685,-38.09015318706845,15.47366433436495,17.81272531743432,-38.97662596298828,-35.000719437113176,10.828350332033201,19.206915379622497,-77.60932337908332,69.14204352705318,54.0010708285514,-8.633207295079202,38.834039502935994,-5.01104507991704,-44.26290509394095,-18.2179751560248,32.604462138347216,19.308987773410628,47.39767816418376,17.724051569750255,-14.958275118544973,7.401856174964302,-48.56802734367469,55.256915412066675,-16.654400176065064,-23.88007699256006,21.78893254965312,45.18319406151504,-52.81859306855986,-23.0221863190657
-13.85590110286686,33.11867397195743,-14.191579344372792,-15.653036066738055,35.710948727588885,31.280089657637987,-9.378754666830293,-18.67715068119978,70.56105573907439,-63.02793034392012,-49.78416659919846,7.9265378713466985,-36.200901604601164,4.783532575531365,37.78506379223981,16.53986279932414,-29.195348359581264,-17.516316287256423,-42.91984967379837,-14.958275118544973,14.06601433991876,-7.274637762731461,44.251069611608884,-51.363424740066485,13.75608753287013,21.003810825801825,-19.51297440552659,-40.074061911923266,47.39066149939334,21.37723162250541
7.166118183242499,-16.59968841687791,7.269348255228062,7.880990973577537,-18.284621449235917,-15.857729257888675,4.693377132749038,9.779298197722467,-36.01827757629764,32.20618712610711,25.551000930029616,-4.061367447902457,18.660056911810774,-2.4876979589380555,-18.791124289456892,-8.437946542124411,14.81265700661932,8.933424854619492,21.873811120156777,7.401856174964302,-7.274637762731461,3.8241448903188804,-22.606980070537734,26.446732226928674,-6.741805725365484,-10.578651755101223,9.900278973093105,20.252777598449047,-24.062780088414847,-11.002003225285874
-43.58914749569626,106.57677443448615,-44.96339192709452,-50.21278855735249,113.17704616225834,99.84938261823285,-30.215151613150532,-58.214915634126555,224.12264376071022,-200.04462602808132,-157.50253745794774,25.10741231900414,-114.16713976135422,14.986237939205935,122.26089447121163,52.557365649917934,-93.14157730678446,-55.67261165056968,-136.48398622005433,-48.56802734367469,44.251069611608884,-22.606980070537734,140.46919668923053,-162.1161455740619,44.95924680382123,67.36030511734023,-62.25070421289273,-128.20563572124388,151.1044695489546,67.49380359992419
50.59559775941673,-121.94052196838591,51.955425897083536,57.566579332806924,-130.75268315611018,-114.82988610514411,34.546083169505664,67.97231582547658,-258.5616911735542,230.8946382558796,182.1641879269585,-29.016393719459643,132.30924123456006,-17.441171473712352,-139.40321312401977,-60.61755287196869,107.15433406825647,64.20121036108833,157.34037320509688,55.256915412066675,-51.363424740066485,26.446732226928674,-162.1161455740619,187.78154305971555,-50.939915029452216,-77.23720085489951,71.61758211157212,147.23272606009246,-173.89971919622303,-78.16241816430664
-13.548745534289019,35.589339626897704,-14.304630665075013,-16.609059021588603,36.03942470805691,32.52677894067812,-10.12501465156249,-17.53512291453747,71.87393918823484,-63.99806958053583,-49.867438146302646,7.979007339419894,-35.77865111336657,4.593421240125576,41.50260587287887,16.87652849473476,-30.288129213364048,-17.8901651328655,-43.93099302290221,-16.654400176065064,13.75608753287013,-6.741805725365484,44.95924680382123,-50.939915029452216,15.711523479350113,22.262332391818447,-20.24042987015211,-42.053067430513174,49.04621024466329,21.2281023026488
-20.688825027030802,51.89315388844705,-21.51579522767847,-24.364853144239724,54.17450098569036,48.183851471170996,-14.730922912308746,-27.333295073341056,107.54977580041114,-95.91312890983401,-75.23903173962087,12.009505894273424,-54.342543478705814,7.078475012803502,59.88920852976755,25.23219205437662,-44.918543359104326,-26.735055273894645,-65.58085938444545,-23.88007699256006,21.003810825801825,-10.578651755101223,67.36030511734023,-77.23720085489951,22.262332391818447,32.67559560670749,-30.01930540622831,-62.021109207031316,72.82328836825872,32.16702891031266
19.220402080524266,-47.584631683678,19.905312171064132,22.38147545797009,-50.11262656278228,-44.38577292282988,13.49871177630422,25.534712561919687,-99.35689128809162,88.6466126725698,69.67015944225162,-11.112997885065745,50.4121854761555,-6.592654121761784,-54.74981379870623,-23.30502230276376,41.391014845001806,24.689190679636706,60.5437431915828,21.78893254965312,-19.51297440552659,9.900278973093105,-62.25070421289273,71.61758211157212,-20.24042987015211,-30.01930540622831,27.663853583999305,57.06018512947293,-67.1272823929406,-29.820429925770675
39.47317298965204,-98.41157064143123,40.97128501941857,46.24395754817714,-103.15465782489494,-91.57066918779319,27.927419005636953,52.28574663477959,-204.6642814582,182.55809794332384,143.33316283321975,-22.871284979364805,103.61249690188579,-13.521187816180401,-113.41585049415549,-48.01130188555181,85.3777429742792,50.86724234253231,124.75914584430892,45.18319406151504,-40.074061911923266,20.252777598449047,-128.20563572124388,147.23272606009246,-42.053067430513174,-62.021109207031316,57.06018512947293,117.79862781475634,-138.43882374045506,-61.31229018877542
-46.68111635716721,115.40987463528835,-48.32263663656872,-54.29202100490982,121.65004197816118,107.7027524603305,-32.73738691897995,-62.05537418433299,241.16366317131718,-215.17524315205253,-169.14673099134023,26.97924767023434,-122.41650239275941,16.015951621181603,132.74256280678694,56.564961523470274,-100.43959218064609,-59.92448934318322,-146.94501228183452,-52.81859306855986,47.39066149939334,-24.062780088414847,151.1044695489546,-173.89971919622303,49.04621024466329,72.82328836825872,-67.1272823929406,-138.43882374045506,162.89820772045542,72.41065868170016
-21.058241896118844,50.79029294226853,-21.62877094430887,-23.973838492723406,54.43147215484799,47.815107663006756,-14.389437989136514,-28.283457555420952,107.64799559438585,-96.12627397830333,-75.83145469429691,12.080191743992645,-55.071530247007296,7.258339622853483,58.07234235304418,25.23736603809667,-44.61813065831405,-26.72970436483169,-65.50876367626134,-23.0221863190657,21.37723162250541,-11.002003225285874,67.49380359992419,-78.16241816430664,21.2281023026488,32.16702891031266,-29.820429925770675,-61.31229018877542,72.41065868170016,32.53665951305512
