V1,V2,V3,V4,V5,V6,V7,V8,V9,V10,V11,V12,V13,V14,V15,V16,V17,V18,V19,V20,V21,V22,V23,V24,V25,V26,V27,V28,V29,V30
1321.8300782423921,-13445.014598170703,709.3724438276155,-1813.2019750323234,5906.661282856793,-1399.9722419884981,-9313.22936529757,3678.1222407781966,6868.318901067676,-3127.147855249534,-3856.2016892069782,3252.395437703049,-1909.8329818795708,535.6889087380205,2861.447772206981,-9493.396737236326,-3892.0995666649683,-2103.115518087999,-246.55618550453957,-3667.3724291354742,148.15111173367004,12779.256439906914,1873.8643811772658,5870.8800898273375,-461.2906261482772,4167.672624547617,-694.4703168766207,5298.133148037223,3663.4952800943415,-3637.9497859291923
-13445.014598170703,136778.96356754043,-7215.78817957522,18443.468133907663,-60088.80506139491,14243.455434717604,94740.07236220014,-37412.568726092686,-69870.79989378924,31812.738604238697,39231.20547438098,-33086.35445413218,19431.79959031386,-5450.412319351319,-29100.6311863463,96575.08053417159,39592.209066692725,21394.524322374993,2507.7797410935764,37303.83049744565,-1508.58067063975,-129999.65482903195,-19062.83724855818,-59719.37533961496,4697.560409155699,-42394.33086781145,7063.671738862307,-53900.536070069575,-37266.03080195798,37006.61655376563
709.3724438276155,-7215.78817957522,380.705132908345,-973.0643021601041,3170.0093350844345,-751.3789509028187,-4998.206899469444,1973.889052586562,3686.1151910711174,-1678.3023008683454,-2069.620917464854,1745.5220669904245,-1025.0255158600144,287.51561507360947,1535.5131691478987,-5094.938081100677,-2088.785230275928,-1128.7027929315589,-132.31281545486402,-1968.141527609454,79.53016548180786,6858.384924511916,1005.6866537316315,3150.7372953589243,-247.660234257877,2236.6650391282515,-372.6911037324834,2843.4806054726428,1966.1119283234343,-1952.3785835997112
-1813.2019750323234,18443.468133907663,-973.0643021601041,2487.2842502096164,-8102.566256120623,1920.447877803289,12775.518220172142,-5045.452595411628,-9421.667977593137,4289.708161587,5289.785146085496,-4461.478056463027,2619.916720948969,-734.8336803328993,-3925.095436816104,13022.653293836322,5339.0215445099875,2884.972585258635,338.2085070028389,5030.661108291664,-203.29918964080306,-17529.970863889113,-2570.4888653217226,-8053.312359428848,632.8601226102743,-5717.028315107056,952.6327555060415,-7267.821186199863,-5025.354847353444,4990.3998876036085
5906.661282856793,-60088.80506139491,3170.0093350844345,-8102.566256120623,26398.002674671738,-6257.265168139025,-41620.77284110993,16436.14897404215,30695.458469123223,-13975.789013525384,-17234.80284098837,14535.330226428208,-8536.573473567852,2394.462838050164,12784.867628641603,-42427.08416914797,-17393.558289390654,-9398.935775264776,-1101.7620829400573,-16388.495210941215,662.5528049895812,57111.1484082055,8374.510079749354,26235.88876861747,-2063.499963808738,18624.49261869757,-3103.198592834186,23679.218521339226,16371.646306057266,-16257.673035471347
-1399.9722419884981,14243.455434717604,-751.3789509028187,1920.447877803289,-6257.265168139025,1483.3183366039043,9865.442022335086,-3895.615597201677,-7275.859832005446,3312.79337425425,4085.4176620386565,-3445.4032157496085,2023.6634148085257,-567.6199997448973,-3029.8301767837474,10056.635876370086,4122.753096596592,2227.86465945157,261.11424378950665,3884.329058490301,-157.17329872238463,-13537.138557457956,-1985.0971395881056,-6218.528617508325,489.44912349323386,-4414.491053572046,735.5016759850533,-5613.010413205738,-3880.5129865279737,3853.4948840189595
-9313.22936529757,94740.07236220014,-4998.206899469444,12775.518220172142,-41620.77284110993,9865.442022335086,65623.07345658874,-25915.208170002632,-48396.53436953597,22035.21619117245,27173.212933766445,-22917.50275124684,13458.829373646351,-3775.0474221996446,-20158.817873883087,66893.55158625783,27424.276437254608,14819.15366496619,1737.1316265136004,25839.716858440315,-1044.6129273467616,-90045.83418762257,-13203.983957639515,-41366.13917492784,3252.6396593419227,-29365.49792922506,4892.97561747026,-37333.8808706431,-25813.155042350205,25633.381318216674
3678.1222407781966,-37412.568726092686,1973.889052586562,-5045.452595411628,16436.14897404215,-3895.615597201677,-25915.208170002632,10234.815048228154,19112.055065424964,-8701.69866199756,-10730.415114696763,9050.187500388374,-5314.45066765651,1490.6547923440417,7962.290055202505,-26416.691164591062,-10830.270347362102,-5852.182963808135,-686.0852897815237,-10204.946663529527,412.240731470253,35559.96644283034,5214.225772411472,16336.405652600684,-1283.687736423616,11596.999455470874,-1932.42146111061,14742.816969222906,10194.080858053192,-10123.075444281996
6868.318901067676,-69870.79989378924,3686.1151910711174,-9421.667977593137,30695.458469123223,-7275.859832005446,-48396.53436953597,19112.055065424964,35692.63388678837,-16250.98361721982,-20040.538037053233,16901.672194964256,-9926.136933040207,2784.268546715133,14866.552647143219,-49334.118383939705,-20225.220542315747,-10929.053689585051,-1281.1531159142135,-19056.71612801444,770.2766811207923,66408.87313985793,9737.849370376956,30507.261977122216,-2399.232992750969,21656.567528743282,-3608.427016615388,27533.98975287009,19037.056988200584,-18904.39895497627
-3127.147855249534,31812.738604238697,-1678.3023008683454,4289.708161587,-13975.789013525384,3312.79337425425,22035.21619117245,-8701.69866199756,-16250.98361721982,7399.189649105097,9124.60646703997,-7695.4283459713715,4519.500734986448,-1267.6846780579692,-6768.545954163187,22462.009259786064,9208.611130423105,4976.065704753496,583.2896238176827,8676.434487147151,-350.8243266428744,-30236.155245538153,-4433.745995766708,-13889.97342745301,1092.5019498845904,-9860.352921308351,1642.927633956798,-12536.442507218377,-8667.614383462713,8607.22864639335
-3856.2016892069782,39231.20547438098,-2069.620917464854,5289.785146085496,-17234.80284098837,4085.4176620386565,27173.212933766445,-10730.415114696763,-20040.538037053233,9124.60646703997,11252.577086629875,-9489.920982033826,5573.610101290655,-1563.398192872853,-8346.207056053989,27699.838384441548,11355.758706220255,6136.373286396896,719.2824709045718,10699.41846503119,-432.650997790029,-37286.70780254478,-5467.626766313191,-17128.626180951742,1347.647823853732,-12159.32619137647,2025.9309992577025,-15460.007034478942,-10688.635429960808,10614.115825712106
3252.395437703049,-33086.35445413218,1745.5220669904245,-4461.478056463027,14535.330226428208,-3445.4032157496085,-22917.50275124684,9050.187500388374,16901.672194964256,-7695.4283459713715,-9489.920982033826,8003.56409483543,-4700.366618430311,1318.436696824383,7039.725847029391,-23361.385102304695,-9577.334803671549,-5175.301269638433,-606.6520480764773,-9023.942252022454,364.8006866808308,31446.887456471846,4611.2629052296215,14446.251781435018,-1136.1426752344785,10255.186714451695,-1708.7268397618,13038.325682633991,9014.73396203493,-8951.870337227487
-1909.8329818795708,19431.79959031386,-1025.0255158600144,2619.916720948969,-8536.573473567852,2023.6634148085257,13458.829373646351,-5314.45066765651,-9926.136933040207,4519.500734986448,5573.610101290655,-4700.366618430311,2760.9427452359437,-774.4156659331778,-4133.185677109131,13719.806639954917,5624.426041846552,3039.353687031782,356.2252174951555,5299.087699060094,-214.46998038362858,-18467.970454935683,-2708.144040203443,-8483.43179664288,667.9174965269038,-6022.336525680518,1003.3594818267162,-7657.676996951418,-5293.870318426675,5257.092463223831
535.6889087380205,-5450.412319351319,287.51561507360947,-734.8336803328993,2394.462838050164,-567.6199997448973,-3775.0474221996446,1490.6547923440417,2784.268546715133,-1267.6846780579692,-1563.398192872853,1318.436696824383,-774.4156659331778,217.24667164096257,1159.3533113406454,-3848.3592818126863,-1577.601471780564,-852.5074995984145,-99.93027420301907,-1486.4250814040581,60.08922551468848,5180.236392228824,759.5978533671796,2379.591438082617,-187.35172539004478,1689.1665870822255,-281.4230184814935,2147.9336458095395,1484.9226836279381,-1474.5577779050507
2861.447772206981,-29100.6311863463,1535.5131691478987,-3925.095436816104,12784.867628641603,-3029.8301767837474,-20158.817873883087,7962.290055202505,14866.552647143219,-6768.545954163187,-8346.207056053989,7039.725847029391,-4133.185677109131,1159.3533113406454,6195.570365344156,-20548.608779754923,-8424.815235154163,-4552.209298659366,-533.8014722404828,-7939.02206544047,320.24784355972133,27661.2746245158,4055.8156457206755,12708.431056035966,-997.4308349049415,9021.393463468861,-1503.3741100527277,11467.119066755482,7930.0606980611565,-7874.753035906284
-9493.396737236326,96575.08053417159,-5094.938081100677,13022.653293836322,-42427.08416914797,10056.635876370086,66893.55158625783,-26416.691164591062,-49334.118383939705,22462.009259786064,27699.838384441548,-23361.385102304695,13719.806639954917,-3848.3592818126863,-20548.608779754923,68189.34580332336,27955.239977978603,15106.09486073768,1770.7930847653715,26340.10802746264,-1064.7076062104995,-91789.97139286163,-13459.606666858564,-42167.02912616854,3316.1192607842017,-29933.702129085796,4987.57607657843,-38057.29125165507,-26312.92537070738,26129.63128435193
-3892.0995666649683,39592.209066692725,-2088.785230275928,5339.0215445099875,-17393.558289390654,4122.753096596592,27424.276437254608,-10830.270347362102,-20225.220542315747,9208.611130423105,11355.758706220255,-9577.334803671549,5624.426041846552,-1577.601471780564,-8424.815235154163,27955.239977978603,11460.818853032677,6193.005272053569,725.9853678323647,10798.749259931277,-436.4590107161878,-37630.779294019994,-5517.977197100419,-17287.28784551335,1359.1380217322187,-12272.05303355332,2044.8254658582232,-15601.933471307106,-10787.525625861628,10712.401422340008
-2103.115518087999,21394.524322374993,-1128.7027929315589,2884.972585258635,-9398.935775264776,2227.86465945157,14819.15366496619,-5852.182963808135,-10929.053689585051,4976.065704753496,6136.373286396896,-5175.301269638433,3039.353687031782,-852.5074995984145,-4552.209298659366,15106.09486073768,6193.005272053569,3346.5003519988736,392.2806553535039,5835.153112663151,-235.90981698255638,-20334.38959389296,-2981.7656734132975,-9341.36692325621,734.5860263023485,-6631.3574308975385,1104.9307018231038,-8430.886902235266,-5829.1768171765125,5788.575195398585
-246.55618550453957,2507.7797410935764,-132.31281545486402,338.2085070028389,-1101.7620829400573,261.11424378950665,1737.1316265136004,-686.0852897815237,-1281.1531159142135,583.2896238176827,719.2824709045718,-606.6520480764773,356.2252174951555,-99.93027420301907,-533.8014722404828,1770.7930847653715,725.9853678323647,392.2806553535039,46.0026872684627,684.1178302298011,-27.594752168838507,-2383.711112511166,-349.50581804021016,-1095.0969316100268,86.02264590519813,-777.35765563923,129.53412831152107,-988.2241612320461,-683.3493615003996,678.5768281992539
-3667.3724291354742,37303.83049744565,-1968.141527609454,5030.661108291664,-16388.495210941215,3884.329058490301,25839.716858440315,-10204.946663529527,-19056.71612801444,8676.434487147151,10699.41846503119,-9023.942252022454,5299.087699060094,-1486.4250814040581,-7939.02206544047,26340.10802746264,10798.749259931277,5835.153112663151,684.1178302298011,10175.39882964337,-410.8992393759767,-35456.8969116854,-5199.031828162474,-16288.960890829452,1280.1007396889388,-11563.0831086753,1926.7469343343862,-14700.105676749376,-10164.48296378824,10093.578771836279
148.15111173367004,-1508.58067063975,79.53016548180786,-203.29918964080306,662.5528049895812,-157.17329872238463,-1044.6129273467616,412.240731470253,770.2766811207923,-350.8243266428744,-432.650997790029,364.8006866808308,-214.46998038362858,60.08922551468848,320.24784355972133,-1064.7076062104995,-436.4590107161878,-235.90981698255638,-27.594752168838507,-410.8992393759767,16.88210368838895,1433.0264694479717,210.26432371360798,658.103160059188,-52.091530028377896,467.4028019279257,-77.84836062556916,594.4955830660396,410.713348383195,-407.9538584369766
12779.256439906914,-129999.65482903195,6858.384924511916,-17529.970863889113,57111.1484082055,-13537.138557457956,-90045.83418762257,35559.96644283034,66408.87313985793,-30236.155245538153,-37286.70780254478,31446.887456471846,-18467.970454935683,5180.236392228824,27661.2746245158,-91789.97139286163,-37630.779294019994,-20334.38959389296,-2383.711112511166,-35456.8969116854,1433.0264694479717,123559.12663940483,18118.029560885407,56761.65010528898,-4463.421776287634,40294.09599266314,-6713.888166968401,51228.79240543038,35420.19511986466,-35173.309572946484
1873.8643811772658,-19062.83724855818,1005.6866537316315,-2570.4888653217226,8374.510079749354,-1985.0971395881056,-13203.983957639515,5214.225772411472,9737.849370376956,-4433.745995766708,-5467.626766313191,4611.2629052296215,-2708.144040203443,759.5978533671796,4055.8156457206755,-13459.606666858564,-5517.977197100419,-2981.7656734132975,-349.50581804021016,-5199.031828162474,210.26432371360798,18118.029560885407,2656.827362957862,8323.145349290093,-654.626939033154,5908.5786997655105,-984.4927368113,7512.056357384689,5193.823944857028,-5157.61232523982
5870.8800898273375,-59719.37533961496,3150.7372953589243,-8053.312359428848,26235.88876861747,-6218.528617508325,-41366.13917492784,16336.405652600684,30507.261977122216,-13889.97342745301,-17128.626180951742,14446.251781435018,-8483.43179664288,2379.591438082617,12708.431056035966,-42167.02912616854,-17287.28784551335,-9341.36692325621,-1095.0969316100268,-16288.960890829452,658.103160059188,56761.65010528898,8323.145349290093,26076.161067216635,-2049.713727873935,18510.978366111918,-3084.429012198795,23533.311550913935,16271.885116199812,-16158.381411924234
-461.2906261482772,4697.560409155699,-247.660234257877,632.8601226102743,-2063.499963808738,489.44912349323386,3252.6396593419227,-1283.687736423616,-2399.232992750969,1092.5019498845904,1347.647823853732,-1136.1426752344785,667.9174965269038,-187.35172539004478,-997.4308349049415,3316.1192607842017,1359.1380217322187,734.5860263023485,86.02264590519813,1280.1007396889388,-52.091530028377896,-4463.421776287634,-654.626939033154,-2049.713727873935,162.33677768635468,-1455.0957575055613,242.3177490062704,-1851.496269154223,-1279.1630935071582,1270.3181401225722
4167.672624547617,-42394.33086781145,2236.6650391282515,-5717.028315107056,18624.49261869757,-4414.491053572046,-29365.49792922506,11596.999455470874,21656.567528743282,-9860.352921308351,-12159.32619137647,10255.186714451695,-6022.336525680518,1689.1665870822255,9021.393463468861,-29933.702129085796,-12272.05303355332,-6631.3574308975385,-777.35765563923,-11563.0831086753,467.4028019279257,40294.09599266314,5908.5786997655105,18510.978366111918,-1455.0957575055613,13140.881854542393,-2189.6313765674054,16706.01644770727,11551.130567925335,-11470.673573924509
-694.4703168766207,7063.671738862307,-372.6911037324834,952.6327555060415,-3103.198592834186,735.5016759850533,4892.97561747026,-1932.42146111061,-3608.427016615388,1642.927633956798,2025.9309992577025,-1708.7268397618,1003.3594818267162,-281.4230184814935,-1503.3741100527277,4987.57607657843,2044.8254658582232,1104.9307018231038,129.53412831152107,1926.7469343343862,-77.84836062556916,-6713.888166968401,-984.4927368113,-3084.429012198795,242.3177490062704,-2189.6313765674054,364.87016889826475,-2783.482903376468,-1924.7224403725072,1911.3010196513108
5298.133148037223,-53900.536070069575,2843.4806054726428,-7267.821186199863,23679.218521339226,-5613.010413205738,-37333.8808706431,14742.816969222906,27533.98975287009,-12536.442507218377,-15460.007034478942,13038.325682633991,-7657.676996951418,2147.9336458095395,11467.119066755482,-38057.29125165507,-15601.933471307106,-8430.886902235266,-988.2241612320461,-14700.105676749376,594.4955830660396,51228.79240543038,7512.056357384689,23533.311550913935,-1851.496269154223,16706.01644770727,-2783.482903376468,21240.75268943675,14685.258411523093,-14583.014359112534
3663.4952800943415,-37266.03080195798,1966.1119283234343,-5025.354847353444,16371.646306057266,-3880.5129865279737,-25813.155042350205,10194.080858053192,19037.056988200584,-8667.614383462713,-10688.635429960808,9014.73396203493,-5293.870318426675,1484.9226836279381,7930.0606980611565,-26312.92537070738,-10787.525625861628,-5829.1768171765125,-683.3493615003996,-10164.48296378824,410.713348383195,35420.19511986466,5193.823944857028,16271.885116199812,-1279.1630935071582,11551.130567925335,-1924.7224403725072,14685.258411523093,10153.91740308274,-10083.05026554384
-3637.9497859291923,37006.61655376563,-1952.3785835997112,4990.3998876036085,-16257.673035471347,3853.4948840189595,25633.381318216674,-10123.075444281996,-18904.39895497627,8607.22864639335,10614.115825712106,-8951.870337227487,5257.092463223831,-1474.5577779050507,-7874.753035906284,26129.63128435193,10712.401422340008,5788.575195398585,678.5768281992539,10093.578771836279,-407.9538584369766,-35173.309572946484,-5157.61232523982,-16158.381411924234,1270.3181401225722,-11470.673573924509,1911.3010196513108,-14583.014359112534,-10083.05026554384,10012.8739255468
