V1,V2,V3,V4,V5,V6,V7,V8,V9,V10,V11,V12,V13,V14,V15,V16,V17,V18,V19,V20,V21,V22,V23,V24,V25,V26,V27,V28,V29,V30
1.8409705438217436,0.08497720769436669,6.012963745836712,3.0035321472597865,-12.021410556033237,-4.786989458876505,8.407750020365576,0.9579213288424504,-7.119050082074564,2.1525170630879917,3.1084546397754322,-2.183624356514027,-0.1966215818889307,9.030041799535162,2.6983635476463905,7.9469479009259505,-10.143113308856723,-1.3261369501617595,-4.878889721654029,6.6308709748549814,-6.268776390690027,-1.4856331023579765,9.85189011188895,-4.697873015902158,-12.820545098731445,2.7972397006427783,3.404250579008244,2.1330135932662255,1.1644917965439747,-17.61383709442478
0.08497720769436669,1.7520465506843468,1.4958331052740088,1.686717924738705,-2.9118121540042745,-1.2370347983146692,4.296971603754853,-0.43814275108290657,-0.9882713829740222,0.8046107065992765,0.13662883281464624,-0.5898158600967518,-0.25679259966687173,3.1190226988795833,0.5613299574472568,1.4474384210494384,-2.299572679691637,-0.006548865144172617,-1.5762670271109218,0.811012637708504,-2.994103608445838,0.7578299626641176,2.0550443253939346,-1.2045088720510575,-4.068898468519211,-1.0129105720207228,1.3652363646864492,0.8250917184095135,0.27637729104896136,-4.217535074444441
6.012963745836712,1.4958331052740088,20.501674823093317,10.876203959555045,-40.9334925310612,-16.356161061767832,30.25719809332061,2.8332200950016873,-23.755330192962074,7.552032561671774,10.216497263254288,-7.537172432016799,-0.8549439959093926,31.43359781343328,9.194226952748636,26.738677444328918,-34.493651570133544,-4.296169622776311,-16.918753750194373,22.037097527463235,-22.392247160755247,-4.328349729085457,33.3135724395805,-16.121832262263002,-44.38448000226073,8.338530882034002,11.993047804828565,7.485721833161353,3.900939873620337,-60.06131454636906
3.0035321472597865,1.686717924738705,10.876203959555045,6.284608934284851,-21.674472613996006,-8.698604530839955,17.112624447288763,1.0975404626746388,-12.159799138668257,4.111728610559552,5.002466786698571,-3.9352397729850783,-0.5004763189520629,17.07107388097303,4.7142096401629665,13.89151168478176,-18.083312048569784,-2.110806732634549,-9.113856711315037,11.238062754954663,-12.593530242307873,-1.641059426860246,17.46638220376885,-8.451113543948013,-23.91329099826538,3.5503087408467753,6.5946408513248524,4.114020900249459,2.1482131382111525,-31.599999651198367
-12.021410556033237,-2.9118121540042745,-40.9334925310612,-21.674472613996006,81.73104714473406,32.655137643179025,-60.319119025008824,-5.687776601913742,47.46555912772962,-15.069146829378857,-20.429046415831234,15.049379907231687,1.6990988525654975,-62.72386240448964,-18.364047748205724,-53.408701792693705,68.88117550753269,8.591103708270023,33.76460987697337,-44.035553469963396,44.64763164619451,8.692134547797323,-66.52910661788917,32.18944299752693,88.5823923704452,-16.720817583142356,-23.924398469697486,-14.93442127849695,-7.7854278795893705,119.92993906133123
-4.786989458876505,-1.2370347983146692,-16.356161061767832,-8.698604530839955,32.655137643179025,13.052185950275677,-24.208875634909596,-2.2518354986656246,18.941163393753605,-6.042132678432528,-8.150291812624335,6.027496294258165,0.6934459155699731,-25.106947578528057,-7.344041353699449,-21.317734171498174,27.5231164115801,3.417217044679713,13.509985273938943,-17.561483576764488,17.906796381257703,3.432730312197401,-26.561366338773865,12.875292065242537,35.444852422819196,-6.602853307806844,-9.588139193991493,-5.984381134876177,-3.0948535397480765,47.9367985384295
8.407750020365576,4.296971603754853,30.25719809332061,17.112624447288763,-60.319119025008824,-24.208875634909596,47.54280160955956,3.522648401910048,-34.23579282436502,11.587144248774347,14.56742816459614,-11.423741383350867,-1.6682186572046582,47.5933089385108,13.715077745242775,38.86196287742215,-50.89399745397914,-5.944167564798541,-25.524532854517467,31.560353120005754,-34.86124178861125,-5.218708363866173,48.66621714212685,-24.147032566676778,-66.80729641938778,10.197409811680101,18.431390579828076,11.443873992132929,5.484423530448014,-88.92822413807491
0.9579213288424504,-0.43814275108290657,2.8332200950016873,1.0975404626746388,-5.687776601913742,-2.2518354986656246,3.522648401910048,0.7588328565246153,-3.6605501971509105,1.024082911355873,1.8356780989092294,-1.202424938741332,-0.1569419315230984,4.128556898152851,1.518946444131553,3.92442976559994,-5.0425066112240415,-0.7118055053133926,-2.292547932984143,3.395135075520895,-2.6180958741380307,-1.1608686485259427,4.7410359968497096,-2.446455667387155,-5.982449951294709,1.7596310982940866,1.5401105995739857,0.951505940855679,0.35994959232050594,-8.718457832794817
-7.119050082074564,-0.9882713829740222,-23.755330192962074,-12.159799138668257,47.46555912772962,18.941163393753605,-34.23579282436502,-3.6605501971509105,27.93136557838994,-8.702898193583861,-12.255136547100344,8.846989718320863,0.9840806073479162,-36.12754024906758,-10.8499494773219,-31.228345245875573,40.200835527912474,5.1120339850461205,19.508845972266823,-25.92116993318381,25.375305145438574,5.603153346002497,-38.7539273126224,18.830762618527412,51.18192987242835,-10.367793662459217,-13.732688884282759,-8.572066598556603,-4.381815448543193,69.92800673131377
2.1525170630879917,0.8046107065992765,7.552032561671774,4.111728610559552,-15.069146829378857,-6.042132678432528,11.587144248774347,1.024082911355873,-8.702898193583861,2.889809698419947,3.804138309157546,-2.906030691039515,-0.41821823952561643,11.78005051296863,3.5028638416201585,9.78430076603272,-12.793011368247667,-1.527898109515484,-6.3367341618460085,8.01683865577599,-8.504115640672628,-1.5201029456764363,12.190748554727255,-6.089838046716992,-16.599491765546418,2.788338552466546,4.550226523827443,2.827513914633472,1.2983337801777162,-22.33988889166387
3.1084546397754322,0.13662883281464624,10.216497263254288,5.002466786698571,-20.429046415831234,-8.150291812624335,14.56742816459614,1.8356780989092294,-12.255136547100344,3.804138309157546,5.618178855381027,-4.026848008010236,-0.5373217424914412,15.53313584710993,4.950297351996129,13.558402040801514,-17.572470485349196,-2.2484671891579056,-8.443616597985146,11.335230102719747,-10.749938537445752,-2.7804178648694884,16.717302875391745,-8.389377938024948,-22.09278892083861,4.703778746134691,5.9181607914930066,3.67335365815142,1.647763542367165,-30.56090802699489
-2.183624356514027,-0.5898158600967518,-7.537172432016799,-3.9352397729850783,15.049379907231687,6.027496294258165,-11.423741383350867,-1.202424938741332,8.846989718320863,-2.906030691039515,-4.026848008010236,3.0447006661139286,0.4970241908504618,-11.744166135897704,-3.695042705906767,-9.866974461898835,12.970375329051599,1.568386151164145,6.365396344291707,-8.139467004203008,8.354143996918639,1.783681981581736,-12.222699134332002,6.282692614407422,16.607654443918882,-2.9813694498745713,-4.537094739892614,-2.7996635666896688,-1.1521526115552845,22.62352086787509
-0.1966215818889307,-0.25679259966687173,-0.8549439959093926,-0.5004763189520629,1.6990988525654975,0.6934459155699731,-1.6682186572046582,-0.1569419315230984,0.9840806073479162,-0.41821823952561643,-0.5373217424914412,0.4970241908504618,0.1789108811388619,-1.5194381632874563,-0.5837411617574024,-1.0929552044708328,1.6121844896622328,0.143680506729885,0.8412957311848558,-0.8640412838496321,1.14968754093746,0.20022274109478688,-1.3435441549329425,0.9151275867718021,2.125706860639333,-0.1337992889321765,-0.6315050045778287,-0.367029267033444,0.01661907594468992,2.8455531822265017
9.030041799535162,3.1190226988795833,31.43359781343328,17.07107388097303,-62.72386240448964,-25.106947578528057,47.5933089385108,4.128556898152851,-36.12754024906758,11.78005051296863,15.53313584710993,-11.744166135897704,-1.5194381632874563,48.713368165476155,14.239256398158256,40.775290965133294,-52.960967230584664,-6.431568637174592,-26.19829141520563,33.423179721807436,-35.06959147216733,-6.232695075917241,50.881669863374334,-24.95365059274166,-68.63498714492442,11.944804074500821,18.705048478869585,11.641040844281962,5.805144164332017,-92.34238061767027
2.6983635476463905,0.5613299574472568,9.194226952748636,4.7142096401629665,-18.364047748205724,-7.344041353699449,13.715077745242775,1.518946444131553,-10.8499494773219,3.5028638416201585,4.950297351996129,-3.695042705906767,-0.5837411617574024,14.239256398158256,4.509238886354989,12.090068248908766,-15.837195194724154,-1.9476549324800865,-7.73290409628556,10.005512249172703,-10.05035403437468,-2.2732336263575075,14.960006926230596,-7.65303100428466,-20.16428725684367,3.8060071546541954,5.477391338588683,3.3789406092801224,1.4301403670877053,-27.588100547726352
7.9469479009259505,1.4474384210494384,26.738677444328918,13.89151168478176,-53.408701792693705,-21.317734171498174,38.86196287742215,3.92442976559994,-31.228345245875573,9.78430076603272,13.558402040801514,-9.866974461898835,-1.0929552044708328,40.775290965133294,12.090068248908766,35.043500239507914,-45.11651130708699,-5.7007952639631725,-21.993442068508877,28.99842522994092,-28.79942984804041,-6.019037288396527,43.57232351709647,-21.09205302405702,-57.68155634708356,11.3735999031984,15.509051402551073,9.678499730130223,5.046897046409916,-78.48678581479007
-10.143113308856723,-2.299572679691637,-34.493651570133544,-18.083312048569784,68.88117550753269,27.5231164115801,-50.89399745397914,-5.0425066112240415,40.200835527912474,-12.793011368247667,-17.572470485349196,12.970375329051599,1.6121844896622328,-52.960967230584664,-15.837195194724154,-45.11651130708699,58.394440783755975,7.2705519836982,28.578667254086636,-37.24765920908833,37.58523299906923,7.667606925094529,-56.098060651865524,27.51810045328367,74.85835067396462,-14.20802135400923,-20.234389580025272,-12.593311651174167,-6.269952974080974,101.67045723861483
-1.3261369501617595,-0.006548865144172617,-4.296169622776311,-2.110806732634549,8.591103708270023,3.417217044679713,-5.944167564798541,-0.7118055053133926,5.1120339850461205,-1.527898109515484,-2.2484671891579056,1.568386151164145,0.143680506729885,-6.431568637174592,-1.9476549324800865,-5.7007952639631725,7.2705519836982,0.9601216772290974,3.4842140404983675,-4.767623883549931,4.434668653158646,1.1079632176738081,-7.05817012970836,3.3744864395413043,9.142379185975289,-2.056377607963993,-2.418216110488662,-1.512281922717648,-0.8269962855246952,12.612356476039912
-4.878889721654029,-1.5762670271109218,-16.918753750194373,-9.113856711315037,33.76460987697337,13.509985273938943,-25.524532854517467,-2.292547932984143,19.508845972266823,-6.3367341618460085,-8.443616597985146,6.365396344291707,0.8412957311848558,-26.19829141520563,-7.73290409628556,-21.993442068508877,28.578667254086636,3.4842140404983675,14.11032934792266,-18.051701707165897,18.80230580148107,3.4643293127055474,-27.418265552239912,13.499802930066833,36.93676183807202,-6.531555995855661,-10.054099387440603,-6.249267866096536,-3.083688813707878,49.81064092156081
6.6308709748549814,0.811012637708504,22.037097527463235,11.238062754954663,-44.035553469963396,-17.561483576764488,31.560353120005754,3.395135075520895,-25.92116993318381,8.01683865577599,11.335230102719747,-8.139467004203008,-0.8640412838496321,33.423179721807436,10.005512249172703,28.99842522994092,-37.24765920908833,-4.767623883549931,-18.051701707165897,24.087015822153663,-23.42655358187967,-5.2211462364707515,35.99187700605269,-17.393872500113492,-47.362466768550306,9.743601020115847,12.67661017547092,7.917215301089578,4.140820949780583,-64.75571656389684
-6.268776390690027,-2.994103608445838,-22.392247160755247,-12.593530242307873,44.64763164619451,17.906796381257703,-34.86124178861125,-2.6180958741380307,25.375305145438574,-8.504115640672628,-10.749938537445752,8.354143996918639,1.14968754093746,-35.06959147216733,-10.05035403437468,-28.79942984804041,37.58523299906923,4.434668653158646,18.80230580148107,-23.42655358187967,25.61478844065779,3.9065716560378765,-36.062948662456975,17.74172968460457,49.25291476040333,-7.745059453172045,-13.544505916862121,-8.423881135261905,-4.1578714645538755,65.63903644714308
-1.4856331023579765,0.7578299626641176,-4.328349729085457,-1.641059426860246,8.692134547797323,3.432730312197401,-5.218708363866173,-1.1608686485259427,5.603153346002497,-1.5201029456764363,-2.7804178648694884,1.783681981581736,0.20022274109478688,-6.232695075917241,-2.2732336263575075,-6.019037288396527,7.667606925094529,1.1079632176738081,3.4643293127055474,-5.2211462364707515,3.9065716560378765,1.7947338572900415,-7.27533639990149,3.677596589185005,9.044419888267893,-2.791409873659291,-2.30219657005727,-1.4259340763127883,-0.6089446696563084,13.229497059548697
9.85189011188895,2.0550443253939346,33.3135724395805,17.46638220376885,-66.52910661788917,-26.561366338773865,48.66621714212685,4.7410359968497096,-38.7539273126224,12.190748554727255,16.717302875391745,-12.222699134332002,-1.3435441549329425,50.881669863374334,14.960006926230596,43.57232351709647,-56.098060651865524,-7.05817012970836,-27.418265552239912,35.99187700605269,-36.062948662456975,-7.27533639990149,54.237755517969276,-26.18698249651378,-71.91664662176954,13.938089838550376,19.363939383660018,12.087247901758378,6.3685473281738325,-97.60927859547846
-4.697873015902158,-1.2045088720510575,-16.121832262263002,-8.451113543948013,32.18944299752693,12.875292065242537,-24.147032566676778,-2.446455667387155,18.830762618527412,-6.089838046716992,-8.389377938024948,6.282692614407422,0.9151275867718021,-24.95365059274166,-7.65303100428466,-21.09205302405702,27.51810045328367,3.3744864395413043,13.499802930066833,-17.393872500113492,17.74172968460457,3.677596589185005,-26.18698249651378,13.155133645084081,35.26884386336928,-6.48461748024925,-9.585917408736952,-5.935345118944528,-2.711261018262188,47.94592113376993
-12.820545098731445,-4.068898468519211,-44.38448000226073,-23.91329099826538,88.5823923704452,35.444852422819196,-66.80729641938778,-5.982449951294709,51.18192987242835,-16.599491765546418,-22.09278892083861,16.607654443918882,2.125706860639333,-68.63498714492442,-20.16428725684367,-57.68155634708356,74.85835067396462,9.142379185975289,36.93676183807202,-47.362466768550306,49.25291476040333,9.044419888267893,-71.91664662176954,35.26884386336928,96.77618644988348,-17.188761136452783,-26.326598080267015,-16.38711543518318,-8.162431403418307,130.48635646321603
2.7972397006427783,-1.0129105720207228,8.338530882034002,3.5503087408467753,-16.720817583142356,-6.602853307806844,10.197409811680101,1.7596310982940866,-10.367793662459217,2.788338552466546,4.703778746134691,-2.9813694498745713,-0.1337992889321765,11.944804074500821,3.8060071546541954,11.3735999031984,-14.20802135400923,-2.056377607963993,-6.531555995855661,9.743601020115847,-7.745059453172045,-2.791409873659291,13.938089838550376,-6.48461748024925,-17.188761136452783,5.011341223285012,4.370868315850422,2.754276175406114,1.6506993227823854,-24.507401784009748
3.404250579008244,1.3652363646864492,11.993047804828565,6.5946408513248524,-23.924398469697486,-9.588139193991493,18.431390579828076,1.5401105995739857,-13.732688884282759,4.550226523827443,5.9181607914930066,-4.537094739892614,-0.6315050045778287,18.705048478869585,5.477391338588683,15.509051402551073,-20.234389580025272,-2.418216110488662,-10.054099387440603,12.67661017547092,-13.544505916862121,-2.30219657005727,19.363939383660018,-9.585917408736952,-26.326598080267015,4.370868315850422,7.2127480594063,4.482394497754806,2.156361975016818,-35.31607903120227
2.1330135932662255,0.8250917184095135,7.485721833161353,4.114020900249459,-14.93442127849695,-5.984381134876177,11.443873992132929,0.951505940855679,-8.572066598556603,2.827513914633472,3.67335365815142,-2.7996635666896688,-0.367029267033444,11.641040844281962,3.3789406092801224,9.678499730130223,-12.593311651174167,-1.512281922717648,-6.249267866096536,7.917215301089578,-8.423881135261905,-1.4259340763127883,12.087247901758378,-5.935345118944528,-16.38711543518318,2.754276175406114,4.482394497754806,2.7923307414289216,1.3742554139203962,-21.979721334503765
1.1644917965439747,0.27637729104896136,3.900939873620337,2.1482131382111525,-7.7854278795893705,-3.0948535397480765,5.484423530448014,0.35994959232050594,-4.381815448543193,1.2983337801777162,1.647763542367165,-1.1521526115552845,0.01661907594468992,5.805144164332017,1.4301403670877053,5.046897046409916,-6.269952974080974,-0.8269962855246952,-3.083688813707878,4.140820949780583,-4.1578714645538755,-0.6089446696563084,6.3685473281738325,-2.711261018262188,-8.162431403418307,1.6506993227823854,2.156361975016818,1.3742554139203962,1.040819392470985,-10.869082648116798
-17.61383709442478,-4.217535074444441,-60.06131454636906,-31.599999651198367,119.92993906133123,47.9367985384295,-88.92822413807491,-8.718457832794817,69.92800673131377,-22.33988889166387,-30.56090802699489,22.62352086787509,2.8455531822265017,-92.34238061767027,-27.588100547726352,-78.48678581479007,101.67045723861483,12.612356476039912,49.81064092156081,-64.75571656389684,65.63903644714308,13.229497059548697,-97.60927859547846,47.94592113376993,130.48635646321603,-24.507401784009748,-35.31607903120227,-21.979721334503765,-10.869082648116798,177.07010511196748
