V1,V2,V3,V4,V5,V6,V7,V8,V9,V10,V11,V12,V13,V14,V15,V16,V17,V18,V19,V20,V21,V22,V23,V24,V25,V26,V27,V28,V29,V30
0.29848222363144256,-0.5751719877280854,0.11488360120269298,-0.3638112476827133,0.36653529128899626,0.07815532297663472,-0.9793538272045621,0.7881573854972312,0.5333324338589432,-0.17760038213463342,-0.03151024794787963,0.24044057152115755,0.20189622706142926,-0.0530948655527057,1.1687536229996038,-0.7774384416453399,-0.4912897782800795,-0.18889427339490047,-0.06761723545834286,-0.730014173113444,-0.15516275697395918,1.2633169870247802,0.11436003809293814,0.9417240194051019,0.4963822071196537,0.6361715972644227,-0.17116693354958804,0.06685021613024329,0.5336237045673811,-0.48887002331291746
-0.5751719877280854,13.269132624846318,-0.4460232087858449,0.9519956682632184,-5.356194911826199,1.8049252340631106,7.458114830785774,-1.6771503144266033,-5.853365355713955,2.935036874219638,4.1140401992121705,-2.860687391355456,2.7212095803618905,-0.6974219734031917,0.46948349632417885,8.018103232775056,2.8223536583649307,1.7764375584857481,0.038019370204254735,1.6853561877034404,-0.7707723034518261,-10.110830736534924,-1.789422761039546,-3.56629891689849,2.0061654985695347,-2.807719961890154,0.27892030937266166,-5.63840702739145,-2.4089918454258634,2.5564337247817526
0.11488360120269298,-0.4460232087858449,0.050053979392595815,-0.14104674488665986,0.2234065786841378,-0.00791257699251199,-0.47876054432695775,0.3017131334670795,0.29455472945300903,-0.1174682909128596,-0.09166701447820827,0.1403916552309086,0.021865029563116374,-0.004676391889211875,0.3922878038549723,-0.4179123733421361,-0.22141288202141454,-0.09892682808804139,-0.02372995206526011,-0.2839894297129002,-0.0408975950587638,0.6305661968019006,0.07612355335778602,0.3973108491922604,0.13440357037536022,0.2735204137636287,-0.06500523798069423,0.12864804371250768,0.2348362477001334,-0.2140023736584524
-0.3638112476827133,0.9519956682632184,-0.14104674488665986,0.4589250082294584,-0.5385704437562139,-0.05835248235600409,1.3126425861595794,-0.9693233771515837,-0.7306304659626619,0.26551794676975765,0.10307162733066907,-0.33060417910851503,-0.18001858786880523,0.055858600344955905,-1.371723452508702,1.0646716746319405,0.6391138735939188,0.25901549000521246,0.07881309050403525,0.8812466582194785,0.15237377887172773,-1.6612959017704065,-0.16890534724011216,-1.1649811590682686,-0.5484654645723831,-0.8161698084485299,0.20923522796997374,-0.18604388906122113,-0.6637125869329509,0.6354477171325514
0.36653529128899626,-5.356194911826199,0.2234065786841378,-0.5385704437562139,2.291330479307331,-0.6450963608342736,-3.327027174153863,1.0593562455791175,2.5880199762777267,-1.2154685736463633,-1.6204841770264997,1.2241283008531783,-0.95249650108902,0.264938015813345,0.46886248567312,-3.5517026898710484,-1.3421727533670886,-0.772190564858574,-0.06332339991551798,-1.0966316323625531,0.1605144597324016,4.629756584179759,0.7156751440333724,1.8847910029287678,-0.5217870352091915,1.3545782902306331,-0.18192182954524536,2.217937120195416,1.206232433682998,-1.237948341469482
0.07815532297663472,1.8049252340631106,-0.00791257699251199,-0.05835248235600409,-0.6450963608342736,0.33713394602518987,0.6385709909618534,0.18700328508574374,-0.6322077317119007,0.37135826919524023,0.6466859992176871,-0.32554425875170373,0.5508464981462254,-0.14231479041835815,0.7546286502408989,0.8380776429492408,0.16956969172668768,0.17778867894900657,-0.033901267401395756,-0.15303391005461123,-0.21451960460011074,-0.8992189258143973,-0.22669862609361996,-0.03475713416419539,0.608399516978331,-0.08874636776865566,-0.05251773048305977,-0.8682108824157334,-0.08514306592441785,0.12659963996763357
-0.9793538272045621,7.458114830785774,-0.47876054432695775,1.3126425861595794,-3.327027174153863,0.6385709909618534,5.767465607733639,-2.6583106173540183,-3.9478232015863814,1.7685892410519881,1.9513907372610813,-1.8821846565509968,0.7622043455120532,-0.1875804681459823,-2.5839428914452887,5.524339494177931,2.4701006613600534,1.2666890201337326,0.17781634700339977,2.5113977343042233,0.009678630954320248,-7.638691800739969,-1.094653793081787,-3.8816653346419296,-0.27324496421676336,-2.8171076342713754,0.539586944198505,-2.73797027304497,-2.376500411342802,2.344058565152991
0.7881573854972312,-1.6771503144266033,0.3017131334670795,-0.9693233771515837,1.0593562455791175,0.18700328508574374,-2.6583106173540183,2.103924478243738,1.5043391165048314,-0.5025913644890903,-0.13905653146004654,0.6637730651838738,0.48515670113588383,-0.12224146396307498,3.093248095479558,-2.1808061621583077,-1.3346665515401157,-0.5169904824423113,-0.18452203582546806,-1.9710617027094026,-0.41621190707784633,3.4855477595801054,0.307008861631982,2.526864138302692,1.2761793342019148,1.6894787122547308,-0.447741183082275,0.257261711002272,1.4281011678448425,-1.3277136728747208
0.5333324338589432,-5.853365355713955,0.29455472945300903,-0.7306304659626619,2.5880199762777267,-0.6322077317119007,-3.9478232015863814,1.5043391165048314,3.0076172064035056,-1.3599186945387876,-1.73145751821039,1.4126113054226264,-0.8855317350340309,0.26432783536039994,1.1008222166986399,-4.134987739310304,-1.6483303524805184,-0.8987086941372014,-0.10677204382023543,-1.5559000732344255,0.05228300723019299,5.538906108619945,0.7985845053397423,2.4792262033616557,-0.29281873139459635,1.7126920994463624,-0.2719865887055308,2.35581588830533,1.5514791157339307,-1.5323751707097897
-0.17760038213463342,2.935036874219638,-0.1174682909128596,0.26551794676975765,-1.2154685736463633,0.37135826919524023,1.7685892410519881,-0.5025913644890903,-1.3599186945387876,0.6607625250516747,0.8928911207647104,-0.6599333529526573,0.5429747740763086,-0.14361327240844346,-0.11875654722038136,1.866810646051878,0.6929967953946221,0.41371429419905176,0.022285672531888734,0.5059044679700555,-0.12594499245249335,-2.4130497597282066,-0.4021035022406115,-0.9455099687335873,0.3379911584415195,-0.7104149244741328,0.0897695630566064,-1.220108694894782,-0.6196954004753571,0.6337792263406035
-0.03151024794787963,4.1140401992121705,-0.09166701447820827,0.10307162733066907,-1.6204841770264997,0.6466859992176871,1.9513907372610813,-0.13905653146004654,-1.73145751821039,0.8928911207647104,1.3989660705845044,-0.8494229063108478,1.0165554273786706,-0.2833387166889175,0.7601599334476885,2.325628283690685,0.6828187461980385,0.4914170886411945,-0.014651406605105735,0.2309190732780797,-0.29270267565728253,-2.810616647340913,-0.5301513967465358,-0.7384016188939824,0.9420777542536298,-0.5683787294797785,-0.005095820812230984,-1.8702660263853113,-0.551287811646523,0.5869639792004228
0.24044057152115755,-2.860687391355456,0.1403916552309086,-0.33060417910851503,1.2241283008531783,-0.32554425875170373,-1.8821846565509968,0.6637730651838738,1.4126113054226264,-0.6599333529526573,-0.8494229063108478,0.6810883405669974,-0.449704654097012,0.12618411029196433,0.41003172161057977,-1.9434234334449192,-0.7662246673448372,-0.4310415886357183,-0.03997226085966633,-0.6700675994782641,0.06276534634258202,2.5891039771743762,0.40165704885927506,1.1321044589009461,-0.18895095732513137,0.8115689262453393,-0.12501895956098827,1.15357039017985,0.7217580915889097,-0.7072997174549255
0.20189622706142926,2.7212095803618905,0.021865029563116374,-0.18001858786880523,-0.95249650108902,0.5508464981462254,0.7622043455120532,0.48515670113588383,-0.8855317350340309,0.5429747740763086,1.0165554273786706,-0.449704654097012,0.9347581520857409,-0.24327064262866235,1.4712747449069015,1.1572961765061374,0.1521412043451127,0.23341819133811478,-0.0667012911085808,-0.408107377417666,-0.37107423846011317,-1.126948216998768,-0.3184431818762991,0.18267732903281356,1.0921390536943127,0.029743492411589533,-0.13012120734597218,-1.3672276042909652,0.007367906345565478,0.08799885899207027
-0.0530948655527057,-0.6974219734031917,-0.004676391889211875,0.055858600344955905,0.264938015813345,-0.14231479041835815,-0.1875804681459823,-0.12224146396307498,0.26432783536039994,-0.14361327240844346,-0.2833387166889175,0.12618411029196433,-0.24327064262866235,0.0752287830163706,-0.3629943700895147,-0.3369915795938762,-0.042705828414339855,-0.059569056127748606,0.0115787910768023,0.07052168680539603,0.06891240040703672,0.3519199606162101,0.07606515997814255,-0.020738113869456468,-0.2855916163446605,-0.02495770135172811,0.03792217201198508,0.36609080648099035,0.012907595797862003,-0.02282168505838276
1.1687536229996038,0.46948349632417885,0.3922878038549723,-1.371723452508702,0.46886248567312,0.7546286502408989,-2.5839428914452887,3.093248095479558,1.1008222166986399,-0.11875654722038136,0.7601599334476885,0.41003172161057977,1.4712747449069015,-0.3629943700895147,5.279835043544123,-1.6984967304326477,-1.5321616362007426,-0.4234338029955662,-0.30330805450947085,-2.8995200661372893,-0.9064471072702942,3.374521267870328,0.06398756715113905,3.351757541043737,2.612003193660692,2.104900583054853,-0.6720479044578324,-0.9428475004755484,1.796222892115905,-1.5835144518599837
-0.7774384416453399,8.018103232775056,-0.4179123733421361,1.0646716746319405,-3.5517026898710484,0.8380776429492408,5.524339494177931,-2.1808061621583077,-4.134987739310304,1.866810646051878,2.325628283690685,-1.9434234334449192,1.1572961765061374,-0.3369915795938762,-1.6984967304326477,5.702891901167248,2.317777873286375,1.2499152607663875,0.15299892511279464,2.213415591948277,-0.062473539783086195,-7.670850645477432,-1.1032433021392731,-3.504363435913815,0.2981373302428053,-2.4468863879372944,0.4028765707963013,-3.183711048389354,-2.1824700277860023,2.1643717250892944
-0.4912897782800795,2.8223536583649307,-0.22141288202141454,0.6391138735939188,-1.3421727533670886,0.16956969172668768,2.4701006613600534,-1.3346665515401157,-1.6483303524805184,0.6929967953946221,0.6828187461980385,-0.7662246673448372,0.1521412043451127,-0.042705828414339855,-1.5321616362007426,2.317777873286375,1.1065543776766023,0.5287224350991736,0.10234602703791978,1.2742589496225827,0.1072114819120031,-3.304297301452173,-0.4204752390088864,-1.835598091818999,-0.3617112575854996,-1.282056382381575,0.2710799641861383,-0.9677401243872835,-1.094971553790311,1.06337296408376
-0.18889427339490047,1.7764375584857481,-0.09892682808804139,0.25901549000521246,-0.772190564858574,0.17778867894900657,1.2666890201337326,-0.5169904824423113,-0.8987086941372014,0.41371429419905176,0.4914170886411945,-0.4310415886357183,0.23341819133811478,-0.059569056127748606,-0.4234338029955662,1.2499152607663875,0.5287224350991736,0.2836113288755505,0.032147612700524665,0.4948764666205072,-0.025521638338722757,-1.692432650079351,-0.25472936047233535,-0.8000952095219931,0.030139784641779143,-0.586039920917796,0.10235144985989164,-0.6825552453298116,-0.49862983153929874,0.4966731065507988
-0.06761723545834286,0.038019370204254735,-0.02372995206526011,0.07881309050403525,-0.06332339991551798,-0.033901267401395756,0.17781634700339977,-0.18452203582546806,-0.10677204382023543,0.022285672531888734,-0.014651406605105735,-0.03997226085966633,-0.0667012911085808,0.0115787910768023,-0.30330805450947085,0.15299892511279464,0.10234602703791978,0.032147612700524665,0.019980861868314655,0.18689839478929793,0.0583836543199261,-0.265122745109744,-0.008260789637513387,-0.21542387816942504,-0.13484369677155125,-0.12393143597915855,0.03687117621057033,0.018952165404564177,-0.11697096288916237,0.10322184511126792
-0.730014173113444,1.6853561877034404,-0.2839894297129002,0.8812466582194785,-1.0966316323625531,-0.15303391005461123,2.5113977343042233,-1.9710617027094026,-1.5559000732344255,0.5059044679700555,0.2309190732780797,-0.6700675994782641,-0.408107377417666,0.07052168680539603,-2.8995200661372893,2.213415591948277,1.2742589496225827,0.4948764666205072,0.18689839478929793,1.937085363348162,0.4497205836575592,-3.500049471848068,-0.2827194596632936,-2.4424116248350476,-1.144491938707481,-1.5406223522900107,0.4035325613695509,-0.338795229752085,-1.3819215613711744,1.2566599493324238
-0.15516275697395918,-0.7707723034518261,-0.0408975950587638,0.15237377887172773,0.1605144597324016,-0.21451960460011074,0.009678630954320248,-0.41621190707784633,0.05228300723019299,-0.12594499245249335,-0.29270267565728253,0.06276534634258202,-0.37107423846011317,0.06891240040703672,-0.9064471072702942,-0.062473539783086195,0.1072114819120031,-0.025521638338722757,0.0583836543199261,0.4497205836575592,0.23987667281939756,-0.1426525301808534,0.09636077204087375,-0.4055158193134444,-0.5147618635272688,-0.15607470485996008,0.08413217215069366,0.41528559206724985,-0.19178272717363534,0.1228757885799152
1.2633169870247802,-10.110830736534924,0.6305661968019006,-1.6612959017704065,4.629756584179759,-0.8992189258143973,-7.638691800739969,3.4855477595801054,5.538906108619945,-2.4130497597282066,-2.810616647340913,2.5891039771743762,-1.126948216998768,0.3519199606162101,3.374521267870328,-7.670850645477432,-3.304297301452173,-1.692432650079351,-0.265122745109744,-3.500049471848068,-0.1426525301808534,10.592486374605778,1.4308753743924205,5.265740676435226,0.2211828036162443,3.6031968863926447,-0.6693916359008852,3.8466981787863985,3.2197564339786315,-3.113544162329449
0.11436003809293814,-1.789422761039546,0.07612355335778602,-0.16890534724011216,0.7156751440333724,-0.22669862609361996,-1.094653793081787,0.307008861631982,0.7985845053397423,-0.4021035022406115,-0.5301513967465358,0.40165704885927506,-0.3184431818762991,0.07606515997814255,0.06398756715113905,-1.1032433021392731,-0.4204752390088864,-0.25472936047233535,-0.008260789637513387,-0.2827194596632936,0.09636077204087375,1.4308753743924205,0.2579738420964618,0.570668724249539,-0.1947735340976408,0.4574550915315714,-0.061971367168482255,0.7283144635605172,0.37976642803115523,-0.3843102012654742
0.9417240194051019,-3.56629891689849,0.3973108491922604,-1.1649811590682686,1.8847910029287678,-0.03475713416419539,-3.8816653346419296,2.526864138302692,2.4792262033616557,-0.9455099687335873,-0.7384016188939824,1.1321044589009461,0.18267732903281356,-0.020738113869456468,3.351757541043737,-3.504363435913815,-1.835598091818999,-0.8000952095219931,-0.21542387816942504,-2.4424116248350476,-0.4055158193134444,5.265740676435226,0.570668724249539,3.3007556771030377,1.1338303282505875,2.1967100565959004,-0.5229771606670259,1.0423727013194317,1.9245340545830383,-1.7820459675692402
0.4963822071196537,2.0061654985695347,0.13440357037536022,-0.5484654645723831,-0.5217870352091915,0.608399516978331,-0.27324496421676336,1.2761793342019148,-0.29281873139459635,0.3379911584415195,0.9420777542536298,-0.18895095732513137,1.0921390536943127,-0.2855916163446605,2.612003193660692,0.2981373302428053,-0.3617112575854996,0.030139784641779143,-0.13484369677155125,-1.144491938707481,-0.5147618635272688,0.2211828036162443,-0.1947735340976408,1.1338303282505875,1.549763399712965,0.6747445735641858,-0.29746786567366057,-1.2338824334995582,0.5453363539047668,-0.4232366537670931
0.6361715972644227,-2.807719961890154,0.2735204137636287,-0.8161698084485299,1.3545782902306331,-0.08874636776865566,-2.8171076342713754,1.6894787122547308,1.7126920994463624,-0.7104149244741328,-0.5683787294797785,0.8115689262453393,0.029743492411589533,-0.02495770135172811,2.104900583054853,-2.4468863879372944,-1.282056382381575,-0.586039920917796,-0.12393143597915855,-1.5406223522900107,-0.15607470485996008,3.6031968863926447,0.4574550915315714,2.1967100565959004,0.6747445735641858,1.5810231734081859,-0.3632656739071797,0.8402414051862936,1.2972908935695644,-1.2462843071707648
-0.17116693354958804,0.27892030937266166,-0.06500523798069423,0.20923522796997374,-0.18192182954524536,-0.05251773048305977,0.539586944198505,-0.447741183082275,-0.2719865887055308,0.0897695630566064,-0.005095820812230984,-0.12501895956098827,-0.13012120734597218,0.03792217201198508,-0.6720479044578324,0.4028765707963013,0.2710799641861383,0.10235144985989164,0.03687117621057033,0.4035325613695509,0.08413217215069366,-0.6693916359008852,-0.061971367168482255,-0.5229771606670259,-0.29746786567366057,-0.3632656739071797,0.09976313255297371,-0.010386350444806593,-0.2956200629406588,0.2713741341056978
0.06685021613024329,-5.63840702739145,0.12864804371250768,-0.18604388906122113,2.217937120195416,-0.8682108824157334,-2.73797027304497,0.257261711002272,2.35581588830533,-1.220108694894782,-1.8702660263853113,1.15357039017985,-1.3672276042909652,0.36609080648099035,-0.9428475004755484,-3.183711048389354,-0.9677401243872835,-0.6825552453298116,0.018952165404564177,-0.338795229752085,0.41528559206724985,3.8466981787863985,0.7283144635605172,1.0423727013194317,-1.2338824334995582,0.8402414051862936,-0.010386350444806593,2.5298332151827534,0.7654508825382635,-0.8449948776896831
0.5336237045673811,-2.4089918454258634,0.2348362477001334,-0.6637125869329509,1.206232433682998,-0.08514306592441785,-2.376500411342802,1.4281011678448425,1.5514791157339307,-0.6196954004753571,-0.551287811646523,0.7217580915889097,0.007367906345565478,0.012907595797862003,1.796222892115905,-2.1824700277860023,-1.094971553790311,-0.49862983153929874,-0.11697096288916237,-1.3819215613711744,-0.19178272717363534,3.2197564339786315,0.37976642803115523,1.9245340545830383,0.5453363539047668,1.2972908935695644,-0.2956200629406588,0.7654508825382635,1.1379234742234139,-1.054113953515983
-0.48887002331291746,2.5564337247817526,-0.2140023736584524,0.6354477171325514,-1.237948341469482,0.12659963996763357,2.344058565152991,-1.3277136728747208,-1.5323751707097897,0.6337792263406035,0.5869639792004228,-0.7072997174549255,0.08799885899207027,-0.02282168505838276,-1.5835144518599837,2.1643717250892944,1.06337296408376,0.4966731065507988,0.10322184511126792,1.2566599493324238,0.1228757885799152,-3.113544162329449,-0.3843102012654742,-1.7820459675692402,-0.4232366537670931,-1.2462843071707648,0.2713741341056978,-0.8449948776896831,-1.054113953515983,1.0281183643027603
