V1,V2,V3,V4,V5,V6,V7,V8,V9,V10,V11,V12,V13,V14,V15,V16,V17,V18,V19,V20,V21,V22,V23,V24,V25,V26,V27,V28,V29,V30
0.31150144766832916,-0.633291487759882,0.4297653604482031,0.5925705954751888,-0.6929666139157434,-0.8985144548052644,0.18672165086635875,0.36513289925305065,-1.5427070350328893,1.314891624564527,0.9293935325651497,-0.3196134227660543,0.6312220934613195,0.16152330015204253,-0.7485586148648893,-0.25796320604369577,0.7804331495578465,0.2626635081826987,0.688782701503856,0.47653009530572377,-0.29079665556439394,0.014453078587280623,-1.0294895320962565,1.0788993673860499,-0.2749855998562501,-0.2017422321627249,0.5433916042462307,0.8624435746476306,-0.978852587532552,-0.34072048408848293
-0.633291487759882,1.9691635571066843,-0.286209614691581,0.062473670314718135,2.027475320557671,0.8164994609769315,-0.5302203379340349,-0.9968141403546636,3.4259067924435938,-3.278542091133586,-2.9242552070398373,-0.1083688371140579,-2.2571249541840377,1.1299866008043673,2.194116686474518,1.1432664217633912,-0.959298395997746,-1.255098760404575,-2.9510081704087905,-0.24693132165715198,0.7295719803657772,-0.8232162647175022,1.9565475161002668,-2.600799039231279,0.8072538820457182,1.9094294693310332,-0.5688626865488483,-2.036589992493486,2.495430476803101,1.452835760558073
0.4297653604482031,-0.286209614691581,1.2209940392675063,2.1862006067146806,-0.35694391794216707,-2.3685618546867593,0.13999070063051436,0.23058031130697781,-1.9516937274133612,1.278536844129889,0.2673170008784357,-1.2388814156010057,-0.10983733703911928,1.7502875407295764,-0.4953046094203848,0.24954221498673482,1.7966028267287153,-0.35400984760158016,-0.5978018908941388,1.4988763553196094,-0.2563585236426984,-0.8185375478877939,-1.619533774540016,1.1087342589354625,-0.20168473479431342,1.2128738671455304,1.351194127552166,1.0014245122382142,-0.9526558787518303,0.30584914101561406
0.5925705954751888,0.062473670314718135,2.1862006067146806,4.111095327019514,-0.018421075629089664,-4.173825328750632,0.10287170542419696,0.09867409375036572,-2.5616021298776612,1.3445255248537455,-0.43564379181107754,-2.345654438710089,-0.93120897530797,3.63271664302104,-0.2699577295126161,0.823751730338176,3.0579257348981836,-1.0565406726147597,-2.0528317619156367,2.7462845315937354,-0.23786364779989919,-1.7988284905383778,-2.3976364369025394,1.2295309288981917,-0.1441607061746283,2.85552890457859,2.3471501673104185,1.2406655009389278,-1.0077585796018127,1.0393915582322895
-0.6929666139157434,2.027475320557671,-0.35694391794216707,-0.018421075629089664,2.139265027813977,0.9426040077756992,-0.5460352519280236,-1.0749232091308,3.6575347508408638,-3.482811769370005,-3.0757858777822857,-0.05532359885051497,-2.367229971930235,1.1100583953956487,2.251486197507902,1.1760610915025167,-1.069935384524767,-1.2909836810176256,-3.053320533961174,-0.28795792773159073,0.7862692229399082,-0.8363327420128311,2.121355012262512,-2.7876696278877016,0.8167643012895915,1.9180446902257557,-0.6468251572452894,-2.1452085316449203,2.619333238400595,1.513681769134778
-0.8985144548052644,0.8164994609769315,-2.3685618546867593,-4.173825328750632,0.9426040077756992,4.637337250623871,-0.3417811472795664,-0.5650487347142878,4.177941293082394,-2.867120792204103,-0.8890573767979291,2.35205958221993,-0.08068383763113526,-3.202088564080018,1.2502030299373188,-0.3239978624155704,-3.56113964809317,0.5114437483598814,0.7615744300751358,-2.9116973262291985,0.5793151784367391,1.4618342934314013,3.3437206020649506,-2.4503194338262877,0.501345347714196,-2.0615052349087573,-2.657760865285548,-2.1855992728846996,2.1588758440201197,-0.39945759820583476
0.18672165086635875,-0.5302203379340349,0.13999070063051436,0.10287170542419696,-0.5460352519280236,-0.3417811472795664,0.14705210001854208,0.2727671931241053,-0.9986814673973424,0.9214671261495598,0.7763333141499986,-0.03853557045908458,0.58248693144065,-0.19747623198172978,-0.5999522587418635,-0.28598859152775935,0.3473180663469447,0.3082283335358002,0.7331838457068675,0.15019388799386696,-0.2022185273958966,0.16882584979268947,-0.5941011107313142,0.7365964358152044,-0.2225336644912662,-0.4331316636089968,0.2212435264796588,0.584745027825591,-0.7064139698803636,-0.3606127902528764
0.36513289925305065,-0.9968141403546636,0.23058031130697781,0.09867409375036572,-1.0749232091308,-0.5650487347142878,0.2727671931241053,0.5674782648924769,-1.9001775580408,1.7781556316701363,1.54845808245151,-0.027500421451561317,1.18587263211674,-0.4687983754529026,-1.0981479707618989,-0.5779780856928992,0.6016845314757756,0.6247930191779969,1.4712291375310138,0.20526491887352247,-0.40296430551474244,0.3838458042675032,-1.112075660772224,1.4474434143105925,-0.3932345926497636,-0.8887285271626236,0.37436442383163915,1.0889856517459033,-1.3460588842670451,-0.7399771097807676
-1.5427070350328893,3.4259067924435938,-1.9516937274133612,-2.5616021298776612,3.6575347508408638,4.177941293082394,-0.9986814673973424,-1.9001775580408,7.819748563098648,-6.764916835541213,-4.983232177014855,1.347236889822084,-3.4708108847380883,-0.34693424087580166,4.009263529083958,1.5070290600697862,-3.706346852025949,-1.5549583063393881,-3.936806130764768,-2.195064958693331,1.4829990501470136,-0.31796457354590857,5.083712798551262,-5.513179625808603,1.4846716141649057,1.5206767433936388,-2.546616650816894,-4.422619472090188,5.106171347599551,1.9406592792083488
1.314891624564527,-3.278542091133586,1.278536844129889,1.3445255248537455,-3.482811769370005,-2.867120792204103,0.9214671261495598,1.7781556316701363,-6.764916835541213,6.090865117807021,4.860513168503924,-0.6594455732020384,3.5501290076333865,-0.6426927263863766,-3.7495979405112827,-1.6495129613697703,2.717087801529289,1.7613439858316433,4.306765017900303,1.348744764223753,-1.3531108804330951,0.7838510640658718,-4.213572763608322,4.923444577643194,-1.3758230096716133,-2.206896582759614,1.8018877992740028,3.885069825236587,-4.582887348804801,-2.1277936232987114
0.9293935325651497,-2.9242552070398373,0.2673170008784357,-0.43564379181107754,-3.0757858777822857,-0.8890573767979291,0.7763333141499986,1.54845808245151,-4.983232177014855,4.860513168503924,4.484681115170113,0.34352801087946855,3.52236822106391,-2.0002189589599135,-3.2014028733149136,-1.7931354998335702,1.1954463494303125,1.979486497254417,4.615514397431872,0.11606506817884382,-1.10279708196543,1.4060588193794177,-2.775337042809603,3.8824266640789324,-1.1556121630709308,-3.0833190143750717,0.6659870456391846,2.944221857147157,-3.673480148724511,-2.2956356461617275
-0.3196134227660543,-0.1083688371140579,-1.2388814156010057,-2.345654438710089,-0.05532359885051497,2.35205958221993,-0.03853557045908458,-0.027500421451561317,1.347236889822084,-0.6594455732020384,0.34352801087946855,1.3427417980856609,0.6034822590358488,-2.1088400766086273,0.07028912100405685,-0.5092960351259768,-1.711238828719716,0.645214660432353,1.269074993055626,-1.552035557437652,0.11410015726591836,1.0513353906789444,1.3050362831496645,-0.6196914916200941,0.04915735595341079,-1.6968198840182354,-1.3193596183621434,-0.6360132792125868,0.48689171963883915,-0.6392473476555001
0.6312220934613195,-2.2571249541840377,-0.10983733703911928,-0.93120897530797,-2.367229971930235,-0.08068383763113526,0.58248693144065,1.18587263211674,-3.4708108847380883,3.5501290076333865,3.52236822106391,0.6034822590358488,2.8538663777591893,-2.064669326493462,-2.4175140864363085,-1.5027271137991747,0.477529326580135,1.6782799229001526,3.8486889530825428,-0.307552894702118,-0.815858016076831,1.3447303512266484,-1.7891657767373639,2.818987196514909,-0.8642947165896512,-2.786407413404089,0.1726606018110952,2.084734172908091,-2.6875925891356998,-1.9199408412130463
0.16152330015204253,1.1299866008043673,1.7502875407295764,3.63271664302104,1.1100583953956487,-3.202088564080018,-0.19747623198172978,-0.4687983754529026,-0.34693424087580166,-0.6426927263863766,-2.0002189589599135,-2.1088400766086273,-2.064669326493462,3.806826421894874,0.9603123450035611,1.3467107777826737,2.145160326073576,-1.6158353652025026,-3.4332666313647566,2.282628696733856,0.20237303230871717,-2.0330949531983644,-1.004848030198728,-0.3706209349186678,0.3096030968553062,3.5440881424683135,1.7383771111170003,-0.03594004651986269,0.48207150174897795,1.7170618742072956
-0.7485586148648893,2.194116686474518,-0.4953046094203848,-0.2699577295126161,2.251486197507902,1.2502030299373188,-0.5999522587418635,-1.0981479707618989,4.009263529083958,-3.7495979405112827,-3.2014028733149136,0.07028912100405685,-2.4175140864363085,0.9603123450035611,2.4833046864285437,1.1981182836960305,-1.3184856803212401,-1.306555886415253,-3.116696625711673,-0.5015358880838616,0.8269848083806172,-0.7629742269420264,2.371973541043349,-2.974433680577573,0.9214487348710053,1.8925509142350987,-0.8259635900757502,-2.3728654053348754,2.848932278827471,1.5249020239749778
-0.25796320604369577,1.1432664217633912,0.24954221498673482,0.823751730338176,1.1760610915025167,-0.3239978624155704,-0.28598859152775935,-0.5779780856928992,1.5070290600697862,-1.6495129613697703,-1.7931354998335702,-0.5092960351259768,-1.5027271137991747,1.3467107777826737,1.1981182836960305,0.8259038404075563,0.02915107993349935,-0.9318482247565819,-2.0981210473124614,0.3825017580374669,0.38105109757420946,-0.8254570922445973,0.6756394444721413,-1.2913403263667977,0.4280502532993538,1.6487443604534513,0.1196612243927737,-0.9364632748398213,1.2633983129585766,1.045833048155704
0.7804331495578465,-0.959298395997746,1.7966028267287153,3.0579257348981836,-1.069935384524767,-3.56113964809317,0.3473180663469447,0.6016845314757756,-3.706346852025949,2.717087801529289,1.1954463494303125,-1.711238828719716,0.477529326580135,2.145160326073576,-1.3184856803212401,0.02915107993349935,2.796534332497511,-0.1450979193602192,-0.01298973743098785,2.181381762844305,-0.563552268132164,-0.9215720615190081,-2.8249223025987567,2.2862993795887485,-0.513807747184124,1.1671442305968927,2.060196091830013,1.9820444286007608,-2.0435376871280573,0.02367100906926266
0.2626635081826987,-1.255098760404575,-0.35400984760158016,-1.0565406726147597,-1.2909836810176256,0.5114437483598814,0.3082283335358002,0.6247930191779969,-1.5549583063393881,1.7613439858316433,1.979486497254417,0.645214660432353,1.6782799229001526,-1.6158353652025026,-1.306555886415253,-0.9318482247565819,-0.1450979193602192,1.0599469232325536,2.3838759400896397,-0.5290470868396444,-0.4113064623299018,0.9728121978800978,-0.6580780627006816,1.368082503074201,-0.4646558814849859,-1.9126790866109036,-0.21773780858523586,0.9826411372502486,-1.3381266116738744,-1.186536370462096
0.688782701503856,-2.9510081704087905,-0.5978018908941388,-2.0528317619156367,-3.053320533961174,0.7615744300751358,0.7331838457068675,1.4712291375310138,-3.936806130764768,4.306765017900303,4.615514397431872,1.269074993055626,3.8486889530825428,-3.4332666313647566,-3.116696625711673,-2.0981210473124614,-0.01298973743098785,2.3838759400896397,5.422241317042418,-0.9750665617734179,-1.0026453882906219,2.104982893171675,-1.8274388769778933,3.3546959828564793,-1.112180231881919,-4.2010348998980644,-0.2599130660957303,2.455905801876804,-3.2374962632519138,-2.6911769867541415
0.47653009530572377,-0.24693132165715198,1.4988763553196094,2.7462845315937354,-0.28795792773159073,-2.9116973262291985,0.15019388799386696,0.20526491887352247,-2.195064958693331,1.348744764223753,0.11606506817884382,-1.552035557437652,-0.307552894702118,2.282628696733856,-0.5015358880838616,0.3825017580374669,2.181381762844305,-0.5290470868396444,-0.9750665617734179,1.8970036501876975,-0.251693655648887,-1.0951595795506794,-1.8616095758376399,1.1789842529410977,-0.21948719001467004,1.634620748546837,1.649903479857475,1.1177998820172006,-1.047525941084347,0.49917113058520063
-0.29079665556439394,0.7295719803657772,-0.2563585236426984,-0.23786364779989919,0.7862692229399082,0.5793151784367391,-0.2022185273958966,-0.40296430551474244,1.4829990501470136,-1.3531108804330951,-1.10279708196543,0.11410015726591836,-0.815858016076831,0.20237303230871717,0.8269848083806172,0.38105109757420946,-0.563552268132164,-0.4113064623299018,-1.0026453882906219,-0.251693655648887,0.30497738538774627,-0.2069636002310156,0.9165437519991411,-1.0951663843382753,0.2997329724084497,0.5343524891311361,-0.3691788782025521,-0.8510549790221498,1.0073491938545613,0.4976202676246671
0.014453078587280623,-0.8232162647175022,-0.8185375478877939,-1.7988284905383778,-0.8363327420128311,1.4618342934314013,0.16882584979268947,0.3838458042675032,-0.31796457354590857,0.7838510640658718,1.4060588193794177,1.0513353906789444,1.3447303512266484,-2.0330949531983644,-0.7629742269420264,-0.8254570922445973,-0.9215720615190081,0.9728121978800978,2.104982893171675,-1.0951595795506794,-0.2069636002310156,1.1211278199740604,0.2155317953921333,0.5628039306088074,-0.25518858162529573,-2.0080231015120367,-0.7760060000910529,0.2988892396774756,-0.5888518250919255,-1.054493052030801
-1.0294895320962565,1.9565475161002668,-1.619533774540016,-2.3976364369025394,2.121355012262512,3.3437206020649506,-0.5941011107313142,-1.112075660772224,5.083712798551262,-4.213572763608322,-2.775337042809603,1.3050362831496645,-1.7891657767373639,-1.004848030198728,2.371973541043349,0.6756394444721413,-2.8249223025987567,-0.6580780627006816,-1.8274388769778933,-1.8616095758376399,0.9165437519991411,0.2155317953921333,3.4873245485828916,-3.458275000176069,0.8855843261914463,0.23167852326772231,-1.9970758660054944,-2.8321220426462084,3.1495143591591903,0.8917102847984584
1.0788993673860499,-2.600799039231279,1.1087342589354625,1.2295309288981917,-2.7876696278877016,-2.4503194338262877,0.7365964358152044,1.4474434143105925,-5.513179625808603,4.923444577643194,3.8824266640789324,-0.6196914916200941,2.818987196514909,-0.3706209349186678,-2.974433680577573,-1.2913403263667977,2.2862993795887485,1.368082503074201,3.3546959828564793,1.1789842529410977,-1.0951663843382753,0.5628039306088074,-3.458275000176069,4.002818545169802,-1.0872439644320533,-1.6456253302204567,1.5282766083490682,3.1406136637892264,-3.7068265510268614,-1.6657664908778942
-0.2749855998562501,0.8072538820457182,-0.20168473479431342,-0.1441607061746283,0.8167643012895915,0.501345347714196,-0.2225336644912662,-0.3932345926497636,1.4846716141649057,-1.3758230096716133,-1.1556121630709308,0.04915735595341079,-0.8642947165896512,0.3096030968553062,0.9214487348710053,0.4280502532993538,-0.513807747184124,-0.4646558814849859,-1.112180231881919,-0.21948719001467004,0.2997329724084497,-0.25518858162529573,0.8855843261914463,-1.0872439644320533,0.3455354303178307,0.6636248257333147,-0.32636664415649047,-0.8819158853500902,1.0520768875412363,0.5406830314127886
-0.2017422321627249,1.9094294693310332,1.2128738671455304,2.85552890457859,1.9180446902257557,-2.0615052349087573,-0.4331316636089968,-0.8887285271626236,1.5206767433936388,-2.206896582759614,-3.0833190143750717,-1.6968198840182354,-2.786407413404089,3.5440881424683135,1.8925509142350987,1.6487443604534513,1.1671442305968927,-1.9126790866109036,-4.2010348998980644,1.634620748546837,0.5343524891311361,-2.0080231015120367,0.23167852326772231,-1.6456253302204567,0.6636248257333147,3.754889465761171,1.0551549641988718,-1.0899092432764672,1.6898750790597261,2.090801262163626
0.5433916042462307,-0.5688626865488483,1.351194127552166,2.3471501673104185,-0.6468251572452894,-2.657760865285548,0.2212435264796588,0.37436442383163915,-2.546616650816894,1.8018877992740028,0.6659870456391846,-1.3193596183621434,0.1726606018110952,1.7383771111170003,-0.8259635900757502,0.1196612243927737,2.060196091830013,-0.21773780858523586,-0.2599130660957303,1.649903479857475,-0.3691788782025521,-0.7760060000910529,-1.9970758660054944,1.5282766083490682,-0.32636664415649047,1.0551549641988718,1.5294485949673176,1.3458171347302077,-1.3526841461066699,0.1418961127632183
0.8624435746476306,-2.036589992493486,1.0014245122382142,1.2406655009389278,-2.1452085316449203,-2.1855992728846996,0.584745027825591,1.0889856517459033,-4.422619472090188,3.885069825236587,2.944221857147157,-0.6360132792125868,2.084734172908091,-0.03594004651986269,-2.3728654053348754,-0.9364632748398213,1.9820444286007608,0.9826411372502486,2.455905801876804,1.1177998820172006,-0.8510549790221498,0.2988892396774756,-2.8321220426462084,3.1406136637892264,-0.8819158853500902,-1.0899092432764672,1.3458171347302077,2.5314276934036797,-2.9335318138210322,-1.2034476754962413
-0.978852587532552,2.495430476803101,-0.9526558787518303,-1.0077585796018127,2.619333238400595,2.1588758440201197,-0.7064139698803636,-1.3460588842670451,5.106171347599551,-4.582887348804801,-3.673480148724511,0.48689171963883915,-2.6875925891356998,0.48207150174897795,2.848932278827471,1.2633983129585766,-2.0435376871280573,-1.3381266116738744,-3.2374962632519138,-1.047525941084347,1.0073491938545613,-0.5888518250919255,3.1495143591591903,-3.7068265510268614,1.0520768875412363,1.6898750790597261,-1.3526841461066699,-2.9335318138210322,3.4972687549731827,1.6011715477309127
-0.34072048408848293,1.452835760558073,0.30584914101561406,1.0393915582322895,1.513681769134778,-0.39945759820583476,-0.3606127902528764,-0.7399771097807676,1.9406592792083488,-2.1277936232987114,-2.2956356461617275,-0.6392473476555001,-1.9199408412130463,1.7170618742072956,1.5249020239749778,1.045833048155704,0.02367100906926266,-1.186536370462096,-2.6911769867541415,0.49917113058520063,0.4976202676246671,-1.054493052030801,0.8917102847984584,-1.6657664908778942,0.5406830314127886,2.090801262163626,0.1418961127632183,-1.2034476754962413,1.6011715477309127,1.3407503474522042
