V1,V2,V3,V4,V5,V6,V7,V8,V9,V10,V11,V12,V13,V14,V15,V16,V17,V18,V19,V20,V21,V22,V23,V24,V25,V26,V27,V28,V29,V30,V31,V32,V33,V34,V35,V36,V37,V38,V39,V40,V41,V42,V43,V44,V45,V46,V47,V48,V49,V50,V51,V52,V53,V54,V55,V56
1.3176482235753528,-0.2089022797268258,-0.5239284904106775,-0.16428173089659803,-1.4750468752127213,1.2155431842789652,1.0434229784640072,0.7741749078153503,-0.35670576106416735,0.19783691449435903,1.2943907337416338,-0.17103860442262056,0.2111320893962085,0.12610018509585386,-0.7090840790922247,-0.19393718095305568,-0.4787262559110698,0.929155313178001,-0.1652476809056707,-0.44206976051513047,0.44305895863105477,0.6914739894604087,0.34530029289718306,0.05085166133568855,1.1335380225900442,-0.33503533014998266,0.29157739946495287,1.0515889010827737,0.02303196232194631,-0.5993217972100052,-0.6687435435559879,0.28188438885335837,0.33179398357283685,-0.6046620394009483,0.5276221758403736,0.5670469321186455,0.4325729081991034,-0.1929590835189611,-0.7939887481726009,0.09046271761450383,-0.03430495700118629,0.45746702527217187,0.24560483479094578,-0.7856980814506458,-0.45119513624934665,1.0150516964873098,0.09530163185730188,0.058637728362709016,0.013125927141814446,0.31691184124383043,-0.26762863216502986,0.44000310956927546,0.25578764489249656,0.23421643222846902,-0.3578699085657108,-0.3307265486849373
-0.2089022797268258,0.10880708402370046,0.2279362330501784,-0.006641606633039972,0.0419438668821056,-0.08037304647071832,-0.12581725913785965,-0.16418126756844634,0.0833679078137245,0.2547269784191276,-0.10912969547157977,-0.08890185405353909,0.07411833024222009,-0.34988219600639436,0.3227305827819989,-0.03644269118018275,-0.17522318673194676,-0.05142510333272132,0.10905652525624014,0.019482911979419395,0.0727572386916968,-0.25758522600361117,0.02289057707784582,0.3276958189825961,-0.4511694636490282,-0.045050582457137514,-0.06034849857396493,-0.18979320224674076,0.22993943824312754,0.06328769869674634,-0.08344754909082097,-0.020342787508766683,0.11277633489048886,-0.09855055703487865,-0.32775161772992256,0.07223458742342054,-0.20918099438349935,-0.00690796431326193,0.3247075339725941,-0.031843624604908784,0.26071992878740885,-0.2203657149821606,-0.1150212298738105,0.10896455667273466,-0.13412008210306,-0.07474146464619032,0.10029195786771535,0.2268966417117158,0.06607480307643135,0.026329442957267774,0.0671717056475451,-0.14805859836372384,-0.3637438850447383,0.011672931423739118,-0.058991060914500855,0.18184858064804246
-0.5239284904106775,0.2279362330501784,0.9009055786161814,0.02450633959573073,0.32609438379494243,-0.8424605470659202,-0.5940649200835946,-0.16447859987853558,0.01843333545832758,1.3432055139032504,-0.7094412625127983,-0.10721868530387323,0.6884235237743299,-0.4329411161102551,1.0572943754816242,0.10734707961344982,-0.4167907341097281,-0.25085799180321294,0.48772299311179,0.1976368949458339,-0.5979295837749052,-0.18820047620504246,-0.6782050226898837,0.5557612482115422,-1.0911128747771732,0.1780618514784392,0.002297174897875593,-0.17514147376948122,0.4643028897618631,-0.46806987422493435,-0.5607095396801357,0.40453647908346985,0.5548013228124484,0.3031134425724142,-0.7340069447777935,-0.8273510155704441,-0.8530182577878171,-0.3221960686315411,0.45506842727125685,-0.471495554406513,0.6057919361956454,-0.28130745580432737,-0.08157179854239048,0.2415005283585676,0.3843934362302762,-0.35631806867587845,-0.2996015205035668,0.3820944506271141,0.5949824103550919,0.009517033420547024,0.21252712305097876,-0.17322566421202704,-0.3430418713718235,-0.26838407881118764,0.3357189802284759,0.38908046404874136
-0.16428173089659803,-0.006641606633039972,0.02450633959573073,0.23590673157722236,-0.08499798670302491,-0.05441353465321984,-0.16252693804175328,0.0517406638442571,0.16791709343811187,-0.28413747633216874,-0.3354730494341762,0.04509720521563343,-0.3566175434209236,0.09583354593810009,0.05428274517753041,-0.1862204740231074,-0.015432816179544529,-0.3311235666735026,0.15601650212392937,0.23180923587077235,0.5096371936354435,0.22827753896684377,-0.3080395515026799,0.053366958838274324,-0.32619028778903797,0.3539572309538761,-0.1885364621674848,0.33214607645900535,-0.10730977781971204,-0.2731650158836804,-0.07526275782686544,0.017723058336118532,0.3164547644527587,-0.13782056179238347,0.13117804400018385,-0.10434406603496126,0.0744872685997713,0.2709346348978837,0.08000894504495915,-0.23614595760180881,0.28656432053480485,-0.016706399727048387,0.06274979820396435,-0.060302010799995136,0.4136653089485464,-0.26862961441029476,-0.44968745836198754,-0.06733725970249663,0.048426928955065875,0.04087056770320281,0.27896245905223743,0.0743768099601543,0.5487021513106423,-0.25161372901513135,-0.16472392355817642,0.06689480592191137
-1.4750468752127213,0.0419438668821056,0.32609438379494243,-0.08499798670302491,2.8034685200425606,-2.107162029869876,-1.3306194783117933,-0.9161786421038047,0.02892523771268428,-0.39738078125353216,-1.5888093169630788,0.549100625852668,0.1963890003943014,0.8377620156420548,0.2901214279570394,0.8706774832684743,1.456017321480627,-0.9956339145143834,-0.2383155482931026,0.38840144679266325,-2.2214668789815546,-0.7164825185239782,-0.41213771642368285,-1.2971724282614525,-0.08366733114171528,0.22396738605439598,0.04298010700590163,-1.827236608725096,-0.6024773766865577,1.1703610699206386,1.495554636956981,-0.325498615599632,-1.427225511368848,1.8530256075706206,-0.1551427622654955,-1.4309942166224658,-0.393171276292259,-0.2155847987247334,0.18061667407174756,0.21698834177913764,-1.2733950589634297,-0.030842281875701757,-0.1333143697895487,1.1992973705715901,0.7570864091654068,-1.2089315452720228,0.1240133758224286,-0.7558660332361196,-0.16458294638172002,-0.755360897283877,-0.2000827171149569,-0.4111848385917134,-0.12184863459333595,-0.12077554102277617,1.3026850085836394,-0.1000499959847494
1.2155431842789652,-0.08037304647071832,-0.8424605470659202,-0.05441353465321984,-2.107162029869876,2.2361882299842133,1.3721683851346587,0.44901329737305257,0.07888165722284195,-0.7611113465591761,1.7612621652393827,-0.4200214815148507,-0.703887949852586,-0.7556503965610314,-0.8247537838330892,-0.715730941930695,-0.7948390154815834,0.9396009498870187,-0.25547646357489007,-0.516589245704522,2.1646178513201217,0.10977723902794488,1.2155772734809116,0.8202493341325354,0.5501471158241223,-0.5504255872547139,-0.0984495271680261,0.9235724423945089,0.32719804311797496,0.0049236074453325954,-0.44646864978448814,-0.31962358732916873,0.39955694631097766,-1.7284074444719972,0.28618561147179333,2.098852248583188,0.8382127853532554,0.4361882162622251,-0.0340457304338915,0.42774945877725,0.5439763774729054,-0.080296228251324,-0.06425003618775257,-0.834179988067923,-1.3408521962952826,1.1403794149756155,0.6080272980519636,0.5082120351255842,-0.48799761634238786,0.5213778545600888,-0.06911591942956676,0.15688414472833936,-0.39554098692225254,0.49557434637025777,-1.3223258535800684,-0.05551196259856465
1.0434229784640072,-0.12581725913785965,-0.5940649200835946,-0.16252693804175328,-1.3306194783117933,1.3721683851346587,1.0035834959293635,0.4534713494750791,-0.16257309809105205,-0.22863713987051493,1.3089136674415824,-0.22463487518376413,-0.12121010490809978,-0.2250144461928962,-0.6807178812109766,-0.28382355797682035,-0.4311081361892881,0.8275132056405556,-0.2507915659485696,-0.45091042320194447,0.8461759336415574,0.24070216334017602,0.7393582368909035,0.25487089752330383,0.832661603029348,-0.46213148404165316,0.13594699912718022,0.6400188832758089,0.12435198484712784,-0.09153171708374472,-0.34171418408111925,-0.05301833461015831,0.11794968602483309,-0.8443869289431893,0.3241264636477642,1.0931689763666543,0.5209977498391152,0.026000343581615546,-0.377372413485415,0.3114115552164525,0.039045819967165635,0.1725078249199134,0.054866029112684934,-0.6035340341445123,-0.8348206230628418,0.922134389543788,0.43575719165233834,0.1982648631736206,-0.24291034855882818,0.2966824836496602,-0.23755654780308538,0.21350620345764365,-0.20238885938312498,0.37782918025110807,-0.595957622878853,-0.20102813329261096
0.7741749078153503,-0.16418126756844634,-0.16447859987853558,0.0517406638442571,-0.9161786421038047,0.44901329737305257,0.4534713494750791,0.6673445799565337,-0.23245343263004986,0.3206187032022863,0.4379827623111729,-0.02892119855038141,0.18295462823632672,0.36198284953603116,-0.30983233266136195,-0.1388984996556435,-0.3165221054654054,0.3575090953078827,0.09212942172101506,-0.0802353292369009,0.2023073537788958,0.8227659387117406,-0.32518872640380553,-0.0662543912575005,0.5744660900468772,0.134462915032989,0.15856217518081622,1.044352284390058,-0.10316866330619748,-0.8753244122580013,-0.6661363996745889,0.42730105102112265,0.5459341401084039,-0.2053991096702564,0.46915826220983003,-0.19484257047019157,0.16321915591769973,-0.12129511793113949,-0.6575528035224415,-0.2781796061010272,0.12514038730977398,0.428510826946782,0.3035367379836696,-0.5716719107066902,0.30918096557203334,0.427571565615519,-0.48104400803574704,-0.09356167060973108,0.25482648498100907,0.20597501543318533,0.010867456197197091,0.4345599077302434,0.7793577913309333,-0.14422407856704114,-0.09107792089745526,-0.21183178915171777
-0.35670576106416735,0.0833679078137245,0.01843333545832758,0.16791709343811187,0.02892523771268428,0.07888165722284195,-0.16257309809105205,-0.23245343263004986,0.2834264186734307,-0.4509168557012036,-0.23826147324112937,-0.035243210221139944,-0.4831630044903472,-0.2872710287096262,0.13639773080254428,-0.21657103444666342,-0.03360666631309965,-0.31302621765341193,0.07662961105742183,0.15884319614996195,0.7009187192871004,-0.22872792827849342,0.08342927056342808,0.28320961836551184,-0.565246176704798,0.14353498209086826,-0.2645416814553284,-0.09801408987534917,0.06188120705822418,0.18656560621452387,0.15341708163160253,-0.237518415876682,0.10822718924532317,-0.3185777907348827,-0.13725867594916843,0.3483577122001893,0.07068581872779753,0.35508826386760617,0.4441477798292967,-0.013783633091379909,0.33499980571546983,-0.27731787022735727,-0.1239986673217096,0.10714802356603735,-0.03170394571442693,-0.2658254353642679,-0.04310152951432652,0.11944462271952491,-0.13750951461757535,0.028113532836894082,0.23887023356182965,-0.14763191755307625,-0.03906682202792531,-0.06795171623717391,-0.32113657553286007,0.18959789467126567
0.19783691449435903,0.2547269784191276,1.3432055139032504,-0.28413747633216874,-0.39738078125353216,-0.7611113465591761,-0.22863713987051493,0.3206187032022863,-0.4509168557012036,3.116587764576718,-0.1372982629785944,-0.3394797332423178,1.9154434735812826,-0.6647076056172303,1.4395617243378054,0.27618844979120083,-1.126735608678629,0.5199851530434625,0.7000624444557275,-0.14263363616536484,-1.458975664795642,0.11349222761657615,-0.9289385570316696,0.9473849032985413,-0.8417175487614663,-0.16522797308003628,0.446804647772361,0.27738362386879484,0.9463666209680845,-1.2716023459782129,-1.5970971789128037,1.0886590752623395,1.0822030740936526,0.3801490361655274,-1.049231546764719,-1.298824020849405,-1.4146840236525482,-1.0843872253411047,0.05235065188471921,-0.7070562284020501,0.826325647386797,-0.0736060480954194,0.04249317013290941,-0.11553073256452932,0.19978418293106312,0.32003194993846956,-0.23621886158003197,0.7629930305823595,1.1986856608921557,0.21027254767140527,-0.05281775770299307,0.009843112075567656,-0.7713733884256935,-0.1759789514139676,0.6374859024975187,0.3867307768646263
1.2943907337416338,-0.10912969547157977,-0.7094412625127983,-0.3354730494341762,-1.5888093169630788,1.7612621652393827,1.3089136674415824,0.4379827623111729,-0.23826147324112937,-0.1372982629785944,1.8023422153673807,-0.34180172433435146,0.0040917705635764075,-0.4968892435704972,-0.7904525997280455,-0.28109098077463524,-0.5740666379822047,1.189722350871325,-0.3860117027807834,-0.6904853800514837,0.8774207410803642,0.023846707814926316,1.1765348442199166,0.419719506264436,1.0456863711820146,-0.811089262693692,0.2294958903440589,0.4950092184815917,0.29792477475588014,0.1443507944004972,-0.3526420472676521,-0.14260495300136675,-0.032548711735301654,-1.057046094639127,0.2071313067083528,1.5472703538215353,0.5717438734915363,-0.07845749128270853,-0.3524084083501913,0.5523073026798281,-0.022091306136621854,0.11299060208015943,-0.03209508733175907,-0.6624663106392981,-1.3838118302782072,1.2694492361879768,0.8844924489904636,0.37499284941227784,-0.35984394100003053,0.35435616771551326,-0.42770899240910937,0.1453159981353955,-0.7403494411812989,0.6425225311257439,-0.7185013436284053,-0.2152421546596872
-0.17103860442262056,-0.08890185405353909,-0.10721868530387323,0.04509720521563343,0.549100625852668,-0.4200214815148507,-0.22463487518376413,-0.02892119855038141,-0.035243210221139944,-0.3394797332423178,-0.34180172433435146,0.20946591783310312,-0.08335655118143227,0.5236717677111485,-0.19363345555233552,0.18170975874493886,0.45825752950104787,-0.25039824962058965,-0.09848337570168307,0.12696977253245156,-0.4505103924361463,0.14551941187089235,-0.213505499635353,-0.5587360953901649,0.2978747440145646,0.18317475912016512,0.024038714434065397,-0.13176998688241537,-0.3573715070845774,0.10074567430904077,0.35599678997331163,-0.026472004222649517,-0.31376018371536335,0.47155476041554556,0.28566589903456513,-0.43713188788401974,0.10007352245909291,0.00999243019439215,-0.24035328428651137,1.355461589755023e-4,-0.43085221628792947,0.19270376246847426,0.09549959830329854,0.14469200538050622,0.40721058109635166,-0.2629532023295464,-0.1915411653969841,-0.381318087573962,-0.06108770409905777,-0.17615707212218637,-0.03297083270916912,0.06742743344592043,0.4441803732911998,-0.10859053331115336,0.31106947962786896,-0.16598560724107408
0.2111320893962085,0.07411833024222009,0.6884235237743299,-0.3566175434209236,0.1963890003943014,-0.703887949852586,-0.12121010490809978,0.18295462823632672,-0.4831630044903472,1.9154434735812826,0.0040917705635764075,-0.08335655118143227,1.4503592446582412,-0.04079862417704658,0.6355972394735822,0.47805890372920534,-0.3290696342777562,0.463593826822369,0.2040901396388996,-0.2136025227690574,-1.7127870806574947,0.04295541729605151,-0.46883393676375407,0.06839973059626825,0.09419941586060894,-0.27921536193910196,0.48459271621285316,-0.15899101287692724,0.3794180546298556,-0.5084281165191096,-0.6707639025840368,0.6601558118641039,0.15127521978244113,0.7208974645530976,-0.48821613881699705,-1.0546992419414989,-0.8321831151579235,-0.9185574498804023,-0.2981278781146108,-0.22769961448677514,-0.10768427329283425,0.165414543701861,0.07026709352941937,0.05098258888769425,0.08031104602017981,0.2792175466392955,0.08910001710981426,0.2119031356368515,0.6537352517560905,-0.034014130402004385,-0.3241271476689941,0.02897247384566128,-0.5635924744520469,0.033727761898948994,0.7842795019338005,0.017517482717120402
0.12610018509585386,-0.34988219600639436,-0.4329411161102551,0.09583354593810009,0.8377620156420548,-0.7556503965610314,-0.2250144461928962,0.36198284953603116,-0.2872710287096262,-0.6647076056172303,-0.4968892435704972,0.5236717677111485,-0.04079862417704658,1.608428287650763,-0.7694841188274609,0.4237694816694837,1.0118354480767893,-0.33046196867156574,-0.25379364111506186,0.21671070663462877,-1.1428074268049742,0.8818044189581292,-0.6752718410281976,-1.5441902903116527,1.284242003481056,0.47861453830826933,0.21283715165336628,0.27693217924691405,-0.9990636770821546,-0.2336669052212387,0.5315005319292395,0.19375159328658476,-0.5573981121082031,1.1200604542412074,1.0595683024672167,-1.21704275331815,0.38801298222400255,-0.10527845943064239,-1.1044615937290598,-0.1093643560767342,-1.1389380431000862,0.8053213144104964,0.44051483418377496,0.0039758657958628586,1.159509283196995,-0.32730358149717526,-0.7031927171207093,-1.06155750163554,-0.02661323807337719,-0.33506045159822256,-0.15384966803211453,0.4549497273858616,1.5665530083661596,-0.310065181110288,0.780281079609432,-0.6075958779575784
-0.7090840790922247,0.3227305827819989,1.0572943754816242,0.05428274517753041,0.2901214279570394,-0.8247537838330892,-0.6807178812109766,-0.30983233266136195,0.13639773080254428,1.4395617243378054,-0.7904525997280455,-0.19363345555233552,0.6355972394735822,-0.7694841188274609,1.3075329652188878,0.01424156061598448,-0.5865649473655925,-0.3235383406808798,0.5848656214947061,0.2314617295209788,-0.3422386894994327,-0.40819767251339256,-0.6253389115429894,0.8844063793406444,-1.5276740368078725,0.16429687794799858,-0.09655883127958528,-0.2908409952853397,0.6594168174260854,-0.40610731035828007,-0.6232354754532899,0.3450874459969529,0.6894147052846132,0.11607651971057516,-0.9958122540072136,-0.6578857464877139,-0.9766423073176965,-0.24800439899582638,0.7779946431763001,-0.4974644644964929,0.8926376315738893,-0.4983470605978345,-0.18874488900026812,0.3123708649072819,0.25280269386197934,-0.43072573020623994,-0.2312046728873293,0.5910951582100976,0.6141993835008629,0.053498837658872686,0.312542771734367,-0.3020160362025805,-0.6187760078016427,-0.266390160950201,0.19129204770582853,0.5614876822516501
-0.19393718095305568,-0.03644269118018275,0.10734707961344982,-0.1862204740231074,0.8706774832684743,-0.715730941930695,-0.28382355797682035,-0.1388984996556435,-0.21657103444666342,0.27618844979120083,-0.28109098077463524,0.18170975874493886,0.47805890372920534,0.4237694816694837,0.01424156061598448,0.45555289825991874,0.4640095053559668,-0.03573616010443589,-0.14328511989176676,-0.028542746134034278,-1.278792719156282,-0.11508822135836068,-0.14169714135271735,-0.5887339077357777,0.39399216525310987,-0.09333636759693857,0.230493399725886,-0.5668594002792307,-0.19456681684160265,0.2750979672140563,0.35671022133356955,0.06869280498285844,-0.5613130123768969,0.8238670482744889,2.556039068042649e-4,-0.680452606896135,-0.2068830534469356,-0.37014284799513614,-0.2503147435904042,0.11005247698943102,-0.661082136057832,0.17512410404159867,0.028833549341565116,0.3153397666757005,0.1843167642158376,-0.14877694422531335,0.1478240181755327,-0.2911414445994472,0.049294180166476936,-0.2599710615446574,-0.2734737914270304,-0.04553594456130199,-0.12780257141270632,0.05120082575423529,0.661957582687231,-0.16272475178954035
-0.4787262559110698,-0.17522318673194676,-0.4167907341097281,-0.015432816179544529,1.456017321480627,-0.7948390154815834,-0.4311081361892881,-0.3165221054654054,-0.03360666631309965,-1.126735608678629,-0.5740666379822047,0.45825752950104787,-0.3290696342777562,1.0118354480767893,-0.5865649473655925,0.4640095053559668,1.202058983656468,-0.4852453587919034,-0.4342423736081811,0.1609725993222813,-1.0097564304109834,-0.07738252293908196,-3.5813261013949643e-4,-1.2962188914043202,0.7870721911777449,0.14883256133671335,0.04332081522825989,-0.780377310487251,-0.7870543600600851,0.8094059665160136,1.2040011675361437,-0.36061263418378603,-1.1443068439277277,1.0151311766262185,0.5519985479455709,-0.5405297968540366,0.3558634446980528,0.07509349864375849,-0.3680422771458707,0.3344901491564606,-1.2082613090244936,0.29768345814818675,0.06794214477798811,0.4936813830977276,0.4542237019559979,-0.5316630395372607,0.050081848085502916,-0.8300163320795882,-0.42249320699492204,-0.466640336627893,-0.22657752276974613,-0.023575728014065028,0.4920846291849699,3.3723671801837206e-4,0.6360708032582982,-0.38386064261009334
0.929155313178001,-0.05142510333272132,-0.25085799180321294,-0.3311235666735026,-0.9956339145143834,0.9396009498870187,0.8275132056405556,0.3575090953078827,-0.31302621765341193,0.5199851530434625,1.189722350871325,-0.25039824962058965,0.463593826822369,-0.33046196867156574,-0.3235383406808798,-0.03573616010443589,-0.4852453587919034,0.9320040889861934,-0.18679285431084588,-0.520969938753476,0.03766119395963949,0.04540654479546594,0.6160204269471473,0.29433196383271654,0.7262049807538115,-0.6163885271113719,0.3062806685486718,0.2941856874924187,0.312251509804208,-0.08272100869248074,-0.45496623230598826,0.12311149798555017,0.036555171845719804,-0.46819809427768205,-0.00877146331461641,0.6762336446944591,0.1152945413572903,-0.3434658975982099,-0.33800702319265535,0.28448805248023296,-0.04664753821709393,0.1348112584258687,0.007197749215715398,-0.42870483312288765,-0.8743425153096015,0.9274087473336949,0.5977352515808936,0.3100389934971517,-0.024601783700921576,0.22509674123035942,-0.3821975251409567,0.11287420261113604,-0.6468075359130526,0.4284779083437865,-0.22449673075040635,-0.13981924126346723
-0.1652476809056707,0.10905652525624014,0.48772299311179,0.15601650212392937,-0.2383155482931026,-0.25547646357489007,-0.2507915659485696,0.09212942172101506,0.07662961105742183,0.7000624444557275,-0.3860117027807834,-0.09848337570168307,0.2040901396388996,-0.25379364111506186,0.5848656214947061,-0.14328511989176676,-0.4342423736081811,-0.18679285431084588,0.402294241473286,0.19221488939920106,0.18122732669348113,0.16778502962204667,-0.5492881519089445,0.4826090963495901,-0.7485352724421938,0.2847448720404153,-0.0903291088069965,0.36962620212577496,0.2656638420584026,-0.6268582911041637,-0.5878295491938823,0.3199252261576482,0.6965362528894102,-0.11278056936124811,-0.2952121872990666,-0.4060799868471297,-0.39924423774428686,-0.029497052488634483,0.22676215113017412,-0.4517251172436809,0.653838846687492,-0.12882923526218837,0.029410301119915046,-0.07263792021074443,0.39771932378867186,-0.18519589848403958,-0.4769348723790208,0.2565365769081725,0.414100100019035,0.12674854032704874,0.29702237372277196,0.024053935378105473,0.18467824956648604,-0.2936194433408129,-0.03961719842055787,0.25313056399032297
-0.44206976051513047,0.019482911979419395,0.1976368949458339,0.23180923587077235,0.38840144679266325,-0.516589245704522,-0.45091042320194447,-0.0802353292369009,0.15884319614996195,-0.14263363616536484,-0.6904853800514837,0.12696977253245156,-0.2136025227690574,0.21671070663462877,0.2314617295209788,-0.028542746134034278,0.1609725993222813,-0.520969938753476,0.19221488939920106,0.3264334559004764,0.04923471172398421,0.14436499252219911,-0.5099074671255135,-0.10602156463443126,-0.45294578634726945,0.43583617667157276,-0.1700247617437707,0.07010287658481903,-0.1600364232124842,-0.20565281080694547,0.057907775933949926,0.052298621776495975,0.18824800961906554,0.21959720950050882,0.04007959570550583,-0.496944668729582,-0.1025933134185827,0.18028536841452497,0.12353231614320874,-0.29051563503119054,0.1578496671907726,-0.026759364306842188,0.053339303520295804,0.14138488957520728,0.6361525047033395,-0.5050886405703899,-0.5163818375450937,-0.15795066798435434,0.12507535301839237,-0.07601007899577093,0.278041553542345,0.013020948897854665,0.550893668666634,-0.3270558139873014,0.10738251320046312,0.08741990667823267
0.44305895863105477,0.0727572386916968,-0.5979295837749052,0.5096371936354435,-2.2214668789815546,2.1646178513201217,0.8461759336415574,0.2023073537788958,0.7009187192871004,-1.458975664795642,0.8774207410803642,-0.4505103924361463,-1.7127870806574947,-1.1428074268049742,-0.3422386894994327,-1.278792719156282,-1.0097564304109834,0.03766119395963949,0.18122732669348113,0.04923471172398421,3.780248408271468,0.09930983970654915,0.7704094536916266,1.4528205339584457,-0.9091592179373591,0.16539487282160587,-0.7214215674361789,1.2808126933863948,0.38860075159051816,-0.2659755092396962,-0.5219190694920623,-0.5179373927440075,1.1617378716316198,-2.358625028634866,0.12475914512337725,2.3034450019919386,0.865321438429429,1.2330206267109016,0.7760329738581031,-0.02954013628982945,1.5797280334812145,-0.542661404929027,-0.1595906114522047,-0.7643598720618936,-0.756912832055219,0.37431043497416405,-0.14313765265213604,0.6913021313382894,-0.4716557178922975,0.6474475059226854,0.6970940691084644,0.03590539171853468,0.238972068228658,6.042916379657328e-4,-1.964866715799906,0.38520748518876635
0.6914739894604087,-0.25758522600361117,-0.18820047620504246,0.22827753896684377,-0.7164825185239782,0.10977723902794488,0.24070216334017602,0.8227659387117406,-0.22872792827849342,0.11349222761657615,0.023846707814926316,0.14551941187089235,0.04295541729605151,0.8818044189581292,-0.40819767251339256,-0.11508822135836068,-0.07738252293908196,0.04540654479546594,0.16778502962204667,0.14436499252219911,0.09930983970654915,1.2487475921422506,-0.8104420882839763,-0.44858262717621383,0.6762553690040634,0.5209758074049856,0.11840633764848031,1.3589913669965525,-0.4267798322889432,-1.2062591577406083,-0.6435577724689325,0.5638183145371921,0.6540224191549753,0.08051722373499513,0.8124922171304213,-0.7348109327873045,0.23804214299022314,-0.03313297395393841,-0.9283769788299026,-0.5206075218605148,0.022337419271767987,0.6543286250132436,0.4817960451791853,-0.6064949084776091,0.9725614128410989,0.14536680413334288,-1.0244389246414933,-0.421224408485963,0.355530328941802,0.1385022370803755,0.1560040246253027,0.6200700802841574,1.58871130062325,-0.4281477560968757,0.0834231580569951,-0.32415368836122915
0.34530029289718306,0.02289057707784582,-0.6782050226898837,-0.3080395515026799,-0.41213771642368285,1.2155772734809116,0.7393582368909035,-0.32518872640380553,0.08342927056342808,-0.9289385570316696,1.1765348442199166,-0.213505499635353,-0.46883393676375407,-0.6752718410281976,-0.6253389115429894,-0.14169714135271735,-3.5813261013949643e-4,0.6160204269471473,-0.5492881519089445,-0.5099074671255135,0.7704094536916266,-0.8104420882839763,1.5055689182231413,0.26525653208919536,0.5078282827817089,-0.8263213758011663,-0.017366439861401003,-0.6525629543694818,0.20670826005090606,1.2022537509096007,0.6116817958965104,-0.7193702365809738,-0.7580228900328724,-0.7675640385320153,-0.1097558026532049,1.7473635370167189,0.5659029703275028,0.21228537156883678,0.31876107567527917,0.879528942742921,-0.2968119975607856,-0.3042064160699411,-0.33296772638904854,0.005181536694420881,-1.554627205025287,0.6461035041358039,1.2985674753301057,0.29179263504012715,-0.7601555796860474,0.06863637501635929,-0.38941311797923295,-0.30209082419776195,-1.3019949841788403,0.7402777543953178,-0.6271311219320993,-0.04938743457375245
0.05085166133568855,0.3276958189825961,0.5557612482115422,0.053366958838274324,-1.2971724282614525,0.8202493341325354,0.25487089752330383,-0.0662543912575005,0.28320961836551184,0.9473849032985413,0.419719506264436,-0.5587360953901649,0.06839973059626825,-1.5441902903116527,0.8844063793406444,-0.5887339077357777,-1.2962188914043202,0.29433196383271654,0.4826090963495901,-0.10602156463443126,1.4528205339584457,-0.44858262717621383,0.26525653208919536,1.718693533959138,-1.4487097999843106,-0.2178471216572762,-0.24726638059940234,0.3479634174538103,1.027759230541819,-0.4011419647049254,-1.016668878791017,0.08373442762163033,1.1133126292109605,-1.288390330248543,-0.9550307381742374,0.9751495056019654,-0.44802711947794766,0.1364943889625608,0.9728208833462582,-0.22944430048427913,1.5171620423108934,-0.7021105700670235,-0.299868139314945,-0.26232610851190274,-0.7790764352695936,0.33775250481159075,0.21585649945771146,1.10374638572935,0.2845206110470529,0.47229832651623377,0.3533589097898692,-0.2637185271995594,-1.0462580956152534,0.07391233453046192,-0.886161833064286,0.6440373254525158
1.1335380225900442,-0.4511694636490282,-1.0911128747771732,-0.32619028778903797,-0.08366733114171528,0.5501471158241223,0.832661603029348,0.5744660900468772,-0.565246176704798,-0.8417175487614663,1.0456863711820146,0.2978747440145646,0.09419941586060894,1.284242003481056,-1.5276740368078725,0.39399216525310987,0.7870721911777449,0.7262049807538115,-0.7485352724421938,-0.45294578634726945,-0.9091592179373591,0.6762553690040634,0.5078282827817089,-1.4487097999843106,2.420915629466829,-0.38447351295205034,0.5043465047555831,0.2563095626093145,-0.8183410205979461,0.270353801107453,0.5586170950771501,-0.0388311940472591,-1.020996735553593,0.523370350020382,1.2062859785216402,0.04732246835286842,0.8643097004069928,-0.30251228527792395,-1.4434789003647874,0.5698596121954576,-1.5472047549960708,0.9193324689598774,0.3602197207741491,-0.36739259215333736,-0.17525173602244562,0.7441662534263,0.34439057916080823,-0.8487343970496317,-0.4509108289194803,-0.16728335410122852,-0.7101950201785981,0.4859880551017255,0.6469886573481036,0.38129983593038413,0.40178516265355985,-0.8712733170132573
-0.33503533014998266,-0.045050582457137514,0.1780618514784392,0.3539572309538761,0.22396738605439598,-0.5504255872547139,-0.46213148404165316,0.134462915032989,0.14353498209086826,-0.16522797308003628,-0.811089262693692,0.18317475912016512,-0.27921536193910196,0.47861453830826933,0.16429687794799858,-0.09333636759693857,0.14883256133671335,-0.6163885271113719,0.2847448720404153,0.43583617667157276,0.16539487282160587,0.5209758074049856,-0.8263213758011663,-0.2178471216572762,-0.38447351295205034,0.6744650849639474,-0.18789605645774884,0.4874714969447164,-0.3004138951568424,-0.590126474160229,-0.12242620369832563,0.2100560887923885,0.4360545753554908,0.23785397858326557,0.27215662770891025,-0.757429315736045,-0.043591363410602435,0.23327216685509194,-0.08885168329318405,-0.49763255295151415,0.2338211358944065,0.13567161499782135,0.19383993948602488,-0.012566459267357192,1.0222707202295753,-0.5628385729313412,-0.9111328229279784,-0.29024997385500845,0.24217782122096054,-0.039336123871384944,0.39473922959660257,0.1872223223202119,1.1077132157248413,-0.5144246695982618,0.11195328167525402,0.026053617405734274
0.29157739946495287,-0.06034849857396493,0.002297174897875593,-0.1885364621674848,0.04298010700590163,-0.0984495271680261,0.13594699912718022,0.15856217518081622,-0.2645416814553284,0.446804647772361,0.2294958903440589,0.024038714434065397,0.48459271621285316,0.21283715165336628,-0.09655883127958528,0.230493399725886,0.04332081522825989,0.3062806685486718,-0.0903291088069965,-0.1700247617437707,-0.7214215674361789,0.11840633764848031,-0.017366439861401003,-0.24726638059940234,0.5043465047555831,-0.18789605645774884,0.25545091197246733,-0.025747694697693925,-0.02517690334488399,-0.08090058656627325,-0.09577348350969124,0.1901172268846514,-0.16761498697577823,0.3197175435314635,0.06402886197477169,-0.29360259903634545,-0.09610875892053017,-0.35551312463100804,-0.3630692574891119,0.05782899961088128,-0.33982857994945453,0.2204823288384798,0.08197992956833235,-0.05035114000978382,-0.0486923148353831,0.2491632387658304,0.13132885896401875,-0.08423704399837068,0.10900923815014399,-0.042522187889426716,-0.25312834947704743,0.09250601270550148,-0.10024463151564443,0.10393618719417756,0.32046619849143826,-0.1610366701840165
1.0515889010827737,-0.18979320224674076,-0.17514147376948122,0.33214607645900535,-1.827236608725096,0.9235724423945089,0.6400188832758089,1.044352284390058,-0.09801408987534917,0.27738362386879484,0.4950092184815917,-0.13176998688241537,-0.15899101287692724,0.27693217924691405,-0.2908409952853397,-0.5668594002792307,-0.780377310487251,0.2941856874924187,0.36962620212577496,0.07010287658481903,1.2808126933863948,1.3589913669965525,-0.6525629543694818,0.3479634174538103,0.2563095626093145,0.4874714969447164,-0.025747694697693925,2.0043644088247787,-0.04541604879002751,-1.632716950248136,-1.270048522412003,0.6274253827654277,1.3677021442479027,-0.8231307775738657,0.6630493931236799,-0.043410683993745154,0.2987228710671247,0.17379376381702827,-0.6869739116683314,-0.6632364876530614,0.8139383694435005,0.4645558144603321,0.44497285385242036,-1.0072231937877922,0.635960067526481,0.4863743788153954,-1.0869058441872854,0.03977803155991107,0.43470625965340093,0.47160538158428533,0.3738623961845463,0.6713862518167106,1.4858461434352388,-0.42373123711205596,-0.5787561409782457,-0.11915771076378306
0.02303196232194631,0.22993943824312754,0.4643028897618631,-0.10730977781971204,-0.6024773766865577,0.32719804311797496,0.12435198484712784,-0.10316866330619748,0.06188120705822418,0.9463666209680845,0.29792477475588014,-0.3573715070845774,0.3794180546298556,-0.9990636770821546,0.6594168174260854,-0.19456681684160265,-0.7870543600600851,0.312251509804208,0.2656638420584026,-0.1600364232124842,0.38860075159051816,-0.4267798322889432,0.20670826005090606,1.027759230541819,-0.8183410205979461,-0.3004138951568424,-0.02517690334488399,-0.04541604879002751,0.723119035694469,-0.1412827340192804,-0.6205528390166196,0.10893610481238641,0.5295823897404236,-0.5751046217631639,-0.7500852631939111,0.45034905704842504,-0.4547036208814601,-0.1459768410477444,0.582488278379485,-0.07272740683692946,0.7842850192216895,-0.4358065231957148,-0.2215408934447209,-0.06047155402980381,-0.6104567011979194,0.27870495831189485,0.33615028246911804,0.725921285793141,0.23902669401163637,0.238351515211069,0.06916298008070133,-0.2265011815765541,-0.9794331498584585,0.14229417501568087,-0.3301644094937481,0.3922536435378944
-0.5993217972100052,0.06328769869674634,-0.46806987422493435,-0.2731650158836804,1.1703610699206386,0.0049236074453325954,-0.09153171708374472,-0.8753244122580013,0.18656560621452387,-1.2716023459782129,0.1443507944004972,0.10074567430904077,-0.5084281165191096,-0.2336669052212387,-0.40610731035828007,0.2750979672140563,0.8094059665160136,-0.08272100869248074,-0.6268582911041637,-0.20565281080694547,-0.2659755092396962,-1.2062591577406083,1.2022537509096007,-0.4011419647049254,0.270353801107453,-0.590126474160229,-0.08090058656627325,-1.632716950248136,-0.1412827340192804,1.826410682594827,1.4588899637201949,-0.9326363120948615,-1.4669057905059562,0.20443410217616953,-0.20384681340361763,0.9545433032293003,0.3563860621995288,0.20629939607056863,0.5225904405638809,0.9373398004576335,-0.8862615967397872,-0.377236826605743,-0.4164560126358351,0.6943939805185764,-1.0277316374588865,-0.153260973778778,1.2524722250481366,-0.12585410793056767,-0.8547490264485768,-0.34580895204397033,-0.3946087366013982,-0.5462517527618208,-1.2572183537882649,0.5973565762181472,0.026415418035125517,-0.051856636532411675
-0.6687435435559879,-0.08344754909082097,-0.5607095396801357,-0.07526275782686544,1.495554636956981,-0.44646864978448814,-0.34171418408111925,-0.6661363996745889,0.15341708163160253,-1.5970971789128037,-0.3526420472676521,0.35599678997331163,-0.6707639025840368,0.5315005319292395,-0.6232354754532899,0.35671022133356955,1.2040011675361437,-0.45496623230598826,-0.5878295491938823,0.057907775933949926,-0.5219190694920623,-0.6435577724689325,0.6116817958965104,-1.016668878791017,0.5586170950771501,-0.12242620369832563,-0.09577348350969124,-1.270048522412003,-0.6205528390166196,1.4588899637201949,1.5654955691069652,-0.7709835144400239,-1.4385803941228097,0.6533152304506571,0.3048659828344361,0.23458231150650657,0.4961924111328131,0.2896686028881041,0.08884863361098368,0.6753092298554975,-1.1553575592756293,-0.03138918977212189,-0.1710624165982793,0.6595460490706729,-0.1811759253514658,-0.4928737581660209,0.5935806635884487,-0.6168530063444799,-0.7613633311100573,-0.46334333845849135,-0.2651896666053322,-0.2911456817220826,-0.1971874903408833,0.2613429670017473,0.31128995308658247,-0.2546492903396981
0.28188438885335837,-0.020342787508766683,0.40453647908346985,0.017723058336118532,-0.325498615599632,-0.31962358732916873,-0.05301833461015831,0.42730105102112265,-0.237518415876682,1.0886590752623395,-0.14260495300136675,-0.026472004222649517,0.6601558118641039,0.19375159328658476,0.3450874459969529,0.06869280498285844,-0.36061263418378603,0.12311149798555017,0.3199252261576482,0.052298621776495975,-0.5179373927440075,0.5638183145371921,-0.7193702365809738,0.08373442762163033,-0.0388311940472591,0.2100560887923885,0.1901172268846514,0.6274253827654277,0.10893610481238641,-0.9326363120948615,-0.7709835144400239,0.6076088043177776,0.62252823214954,0.23825953657920085,-0.011835631225622489,-0.8426867909190668,-0.40158471850364114,-0.3756092786673948,-0.3635011587776555,-0.48222615312112926,0.26692081422226,0.2516521154540446,0.22117545009197556,-0.2511017489704645,0.5607894893603186,0.0925746345880509,-0.558931543781338,0.04429285398923929,0.5670226486668934,0.10202031354564063,0.06624117347217796,0.25746720344872553,0.45934266480285835,-0.27454444625781144,0.3014041690262767,-0.00226149701786577
0.33179398357283685,0.11277633489048886,0.5548013228124484,0.3164547644527587,-1.427225511368848,0.39955694631097766,0.11794968602483309,0.5459341401084039,0.10822718924532317,1.0822030740936526,-0.032548711735301654,-0.31376018371536335,0.15127521978244113,-0.5573981121082031,0.6894147052846132,-0.5613130123768969,-1.1443068439277277,0.036555171845719804,0.6965362528894102,0.18824800961906554,1.1617378716316198,0.6540224191549753,-0.7580228900328724,1.1133126292109605,-1.020996735553593,0.4360545753554908,-0.16761498697577823,1.3677021442479027,0.5295823897404236,-1.4669057905059562,-1.4385803941228097,0.62252823214954,1.6140916068987305,-0.844575991638308,-0.2577587596831016,-0.14378367122972635,-0.38266598332640706,0.08527535097116373,0.1823121876420075,-0.8066185971634903,1.4340776919806435,-0.11204582408272627,0.14631661143192753,-0.601968853315751,0.45640618342557576,0.13694745515463327,-0.8966613221015814,0.5802026970040752,0.6833589749072948,0.47076007013834514,0.5574911092417216,0.2539666371070531,0.5570787315714922,-0.4573045683818848,-0.5485882782775229,0.37421229989571125
-0.6046620394009483,-0.09855055703487865,0.3031134425724142,-0.13782056179238347,1.8530256075706206,-1.7284074444719972,-0.8443869289431893,-0.2053991096702564,-0.3185777907348827,0.3801490361655274,-1.057046094639127,0.47155476041554556,0.7208974645530976,1.1200604542412074,0.11607651971057516,0.8238670482744889,1.0151311766262185,-0.46819809427768205,-0.11278056936124811,0.21959720950050882,-2.358625028634866,0.08051722373499513,-0.7675640385320153,-1.288390330248543,0.523370350020382,0.23785397858326557,0.3197175435314635,-0.8231307775738657,-0.5751046217631639,0.20443410217616953,0.6533152304506571,0.23825953657920085,-0.844575991638308,1.7435043774179142,0.17414247167792224,-1.7663044138560935,-0.4113055891216316,-0.5537536243161719,-0.5260121731961981,-0.07964099531048707,-1.1503463478416378,0.41496996072166287,0.16885701554184349,0.6179404576638274,0.9828750849616286,-0.6526532219118987,-0.2657322457436392,-0.7534900219840652,0.2229989486102086,-0.5359393505145416,-0.2839326305022863,0.018115169676563302,0.4344821254275576,-0.2148381378903488,1.3451642503381098,-0.29984555994628515
0.5276221758403736,-0.32775161772992256,-0.7340069447777935,0.13117804400018385,-0.1551427622654955,0.28618561147179333,0.3241264636477642,0.46915826220983003,-0.13725867594916843,-1.049231546764719,0.2071313067083528,0.28566589903456513,-0.48821613881699705,1.0595683024672167,-0.9958122540072136,2.556039068042649e-4,0.5519985479455709,-0.00877146331461641,-0.2952121872990666,0.04007959570550583,0.12475914512337725,0.8124922171304213,-0.1097558026532049,-0.9550307381742374,1.2062859785216402,0.27215662770891025,0.06402886197477169,0.6630493931236799,-0.7500852631939111,-0.20384681340361763,0.3048659828344361,-0.011835631225622489,-0.2577587596831016,0.17414247167792224,1.0509888794987499,-0.1309397651517042,0.7253409107592943,0.20558947185298204,-0.8885308457861307,0.04801650848784895,-0.6684503460403807,0.6191461564062604,0.3461103992262241,-0.3355675954082582,0.5124821218529758,0.09803379409051173,-0.43907764846811237,-0.7108900198829751,-0.2530868830088788,-0.06469554825498919,-0.0754525301107884,0.4492248327620646,1.291918413558195,-0.11518454096000814,0.040282978417976484,-0.512897915400992
