V1,V2,V3,V4,V5,V6,V7,V8,V9,V10,V11,V12,V13,V14,V15,V16,V17,V18,V19,V20,V21,V22,V23,V24,V25,V26,V27,V28,V29,V30,V31,V32,V33,V34,V35,V36,V37,V38,V39,V40,V41,V42,V43,V44,V45,V46,V47,V48,V49,V50,V51,V52,V53,V54,V55,V56
55.47259592570345,-34.057052759609796,2.750334165631908,33.83403801604161,-49.122931930267235,51.04072506187245,-109.36128640833469,-61.52562472317304,12.027001900893483,40.83639097392692,68.5194321271602,26.962757423254725,-28.8253375138767,26.46632143808337,-63.893289469938935,38.662019237320806,61.00318387757331,-8.911422408118652,-35.75466787026418,-29.14021665936003,-23.84298155407009,9.012592645098865,41.392762511174126,18.83428950333038,95.95234623757004,33.127516948265374,21.773184560491124,47.74848313583441,-30.46733311075376,-56.04225974281887,33.68387203130159,-6.4301160057863225,36.445599271505145,19.21186799352327,40.167580514720846,41.86770064465055,56.19573075410432,-0.8841429736061239,14.08419327304474,12.792548651019962,58.24307491724008,-46.906842686892595,-19.698909362733225,9.967240045076652,-46.7119399065665,42.86152443719942,-68.42247354281146,2.0192919428206615,9.470201284192326,-27.020073867851302,-48.31157445455216,-29.64336672583482,49.22604066001065,-19.66478349284005,-16.0180037787895,16.51008871617647
-34.057052759609796,20.922338221266198,-1.6610926231010774,-20.849593385841622,30.204247633479834,-31.26918922614083,67.07133164674121,37.95710086887444,-7.419633451629996,-25.03312805181966,-42.06406146776162,-16.557146750232494,17.727366580883206,-16.281158770741715,39.232814139026715,-23.728455595060947,-37.41721630360502,5.391302532493217,21.978283838344893,17.996318656672152,14.785634334981838,-5.593595977336239,-25.496533162090092,-11.688622400527136,-58.907904111445966,-20.339105814417916,-13.388156565229037,-29.26999064957489,18.630587971141154,34.43718700883272,-20.58464942283873,4.062007286181816,-22.38125573426978,-11.800076505900295,-24.567482448354863,-25.673701789211584,-34.585956786119695,0.5543656406628855,-8.725059891932434,-7.922290660016229,-35.73356720950265,28.916320925350167,11.984115438963727,-6.241986017054851,28.70693611080515,-26.37310613309705,41.933509685126815,-1.2025035007339109,-5.840350307810441,16.531093072343047,29.70576717319065,18.220724525182117,-30.182213425639162,12.087544848218483,9.93895853033518,-10.137804652209416
2.750334165631908,-1.6610926231010774,0.20713312140075316,1.4852334503474636,-2.3249957000463484,2.6866184889960967,-5.5927750001734635,-2.5998205228145594,0.5053939071128688,2.121784769740303,3.404242326691291,1.3297674065271563,-1.3594244409487688,1.2355823292022492,-3.1531407862926972,1.9336121974774536,3.1097636399000748,-0.6405510770488637,-1.7097449731949446,-1.1866364325628895,-0.8206945959043827,0.2985319646909344,1.8495747895153194,0.6237789058813563,4.761530033373979,1.6386221405343688,1.0276255430136605,2.475256409665158,-1.6976005050032912,-2.705417476283576,1.9031155595241447,-0.036008465988063156,1.7900696131034266,0.9371602706018701,2.217534600185957,2.153414456314705,2.580494326595532,-0.009680766399947692,0.5008971587399487,0.465019551774046,2.948690537715181,-2.0386287673751715,-1.2466270407418463,0.19475571964461966,-2.2449865044314583,1.9854565770948116,-3.5722789164946294,0.18866381077160968,0.40348231216495145,-1.4799239736171124,-2.281592058867021,-1.4157164966687865,2.5392638215433947,-0.9404671755580298,-0.5398660076327964,0.8122272124617826
33.83403801604161,-20.849593385841622,1.4852334503474636,21.16153499289304,-30.26436806586271,30.700097699554554,-66.2339382663673,-38.759918993169464,7.583010726237494,24.642767036721636,41.77216218963425,16.46523254765714,-17.774166350558108,16.353413985488157,-39.01017938468469,23.533901306990025,36.973307192549086,-4.89247193214636,-21.981411951505777,-18.480800700887908,-15.532105456347614,5.902990615203257,25.80255891427463,12.335318095320295,58.512369552033654,20.214796549369943,13.421503318368991,28.826526526035554,-18.072385675545398,-34.38243109307273,19.906047035579675,-4.695109590558772,22.274023527840427,11.758538040486577,23.879167284701897,25.324596790600435,34.839490988806,-0.630191442388681,9.12825239235584,8.265201979085912,35.357308107222806,-29.396722687323752,-11.275817298879357,6.899754757648613,-28.684543638512682,26.526317335974497,-41.23914509804067,0.9879262952928466,5.95613845484188,-16.095530686780585,-29.776403299482975,-18.227341664480065,29.75448518198052,-12.088956400738578,-10.46731728214872,10.086118098238902
-49.122931930267235,30.204247633479834,-2.3249957000463484,-30.26436806586271,43.675415178338,-44.948095043370785,96.57250972290673,55.19610243017851,-10.792773002704156,-36.00994536623185,-60.66507154808155,-23.888295742830476,25.638027289032415,-23.559191850060344,56.60293110961016,-34.209028714369744,-53.885061206836006,7.5782460724023135,31.762931714797194,26.213701824241422,21.685626715714676,-8.215500524117514,-36.97649321371508,-17.167887342034565,-84.96280106799068,-29.34073707423259,-19.3624851164579,-42.111350328990135,26.685674468045406,49.74371243758492,-29.459196868813756,6.140430207135419,-32.2993805482202,-17.035860829291966,-35.21119897191412,-36.95349732544556,-50.089813201206574,0.8345254205396891,-12.78193894101051,-11.59535227006993,-51.48027153877048,41.99289378585957,17.01716597725297,-9.300632474410873,41.47684869967157,-38.17793342536575,60.30519767782404,-1.6469094748511637,-8.489914739199214,23.704778673516202,42.96025392390883,26.33500378544343,-43.435768641970675,17.46887315240975,14.587979418339174,-14.629219452743547
51.04072506187245,-31.26918922614083,2.6866184889960967,30.700097699554554,-44.948095043370785,47.322869130943154,-101.01059052935393,-55.59430777207091,10.864575232615351,37.78904019111325,63.06144473439091,24.791099763517437,-26.360736981292288,24.176454004791196,-58.7557036272151,35.613486776501745,56.322926306117445,-8.644309746260657,-32.75306496729554,-26.228797052113663,-21.12344417325416,7.958534227136986,37.62631020784868,16.63326803605273,88.29521731574845,30.474427277814595,19.917985251965685,44.17911819341789,-28.450697735405697,-51.39858378164103,31.51886207639152,-5.281591341370476,33.498705253664184,17.645324724822924,37.47036699366728,38.695356146792435,51.23982199099952,-0.7424510980330841,12.519877964417352,11.390630569081555,53.726172027303036,-42.509614301299045,-18.733122583226905,8.494652805209766,-42.82125785890643,39.118487615813955,-63.36316051921882,2.0603384860185843,8.566607245022325,-25.178791860313844,-44.198508940483066,-27.15498934242593,45.51450413059738,-18.014916307397982,-14.162335422305526,15.179363939233344
-109.36128640833469,67.07133164674121,-5.5927750001734635,-66.2339382663673,96.57250972290673,-101.01059052935393,216.01808190610177,120.19352255578048,-23.49067241283655,-80.74164410011723,-135.099873628526,-53.13737409139479,56.65436971344986,-51.98802703556023,125.92644586921776,-76.26268111047824,-120.4736395272742,18.051901049924435,70.33257783973039,56.816796504269256,46.12218025040462,-17.405694828694223,-81.10678957481683,-36.37501367123718,-189.17480377530302,-65.3011983576095,-42.79874054592681,-94.39861512454347,60.51902557158983,110.30471641764554,-66.97585706090939,11.987437802561665,-71.81118051559666,-37.839569136846066,-79.74202005090041,-82.72805034607724,-110.28268978821589,1.6634287745224126,-27.28776430649754,-24.807397145642188,-114.9713961657982,91.771376939963,39.49457231378298,-18.91749416886566,91.91751132110001,-84.15554592856893,135.33185559418678,-4.199053053320118,-18.50985480437666,53.61214619386843,94.96785689048501,58.309456299169504,-97.28682755468874,38.68311794600263,30.955595786125155,-32.53495603462401
-61.52562472317304,37.95710086887444,-2.5998205228145594,-38.759918993169464,55.19610243017851,-55.59430777207091,120.19352255578048,71.13989447827959,-13.919795541734747,-44.672450615302466,-75.95025187034453,-29.952525229452363,32.425841357372626,-29.851217413973725,70.95951482354758,-42.769354526485316,-67.10920773143064,8.6089998372383,40.065839945020954,33.98355902067011,28.77111681952059,-10.950278742718094,-47.21771139154014,-22.88148355371776,-106.3963148323775,-36.763914987174154,-24.48121778647971,-52.26112158853967,32.59371029251359,62.63031315696408,-35.85810803677026,8.948365996021193,-40.52711626294237,-21.40293361920799,-43.09229039018612,-45.93992391591357,-63.65535021256295,1.1921458468630057,-16.883417576713384,-15.275556019097541,-64.20744472489353,53.876523449931106,20.111423594252813,-12.98406756482972,52.26418252625283,-48.44277293997146,74.72828678066469,-1.6657638747861452,-10.926071782808684,29.06379195976267,54.310896411893836,33.2232739837959,-53.964040763790734,22.034106314634197,19.406593807946308,-18.348793394931008
12.027001900893483,-7.419633451629996,0.5053939071128688,7.583010726237494,-10.792773002704156,10.864575232615351,-23.49067241283655,-13.919795541734747,2.7244223248866426,8.728907488694569,14.846583650122493,5.854985356885492,-6.339762309304938,5.837041368849145,-13.871603471357579,8.360550137270483,13.116217340652419,-1.6763396947935685,-7.8332991711716735,-6.650485235000867,-5.634945402737307,2.1450329518192874,9.23560814152548,4.482608672753029,20.79803841259367,7.187158440090916,4.787384352597363,10.213217385096765,-6.365006388758027,-12.244845509053215,7.002734975006669,-1.7581812749901649,7.923324727630884,4.184897612935189,8.417418586164581,8.977528225427768,12.44891780761533,-0.23525793249188925,3.3074295292230906,2.991421088720726,12.549187431942855,-10.539752892164842,-3.9232341970093603,2.546764472960467,-10.218956697478216,9.472924101511705,-14.602833460365163,0.3235482531058561,2.1381735504269392,-5.677453356092358,-10.6206586564213,-6.49641323185136,10.545716554515112,-4.308044907099679,-3.8006184536303804,3.5875320014972547
40.83639097392692,-25.03312805181966,2.121784769740303,24.642767036721636,-36.00994536623185,37.78904019111325,-80.74164410011723,-44.672450615302466,8.728907488694569,30.195227757919728,50.450593188500406,19.838943332583145,-21.123653066102218,19.37771156846712,-47.01511953922144,28.484425731226928,45.02508859797262,-6.833342238852325,-26.234109277804123,-21.096493165331953,-17.0549054987603,6.430654900674233,30.192466920516864,13.438631232401688,70.64147267015736,24.38183132955586,15.957131002782804,35.29881506196097,-22.685661898123403,-41.15501380852464,25.117196881875827,-4.344713296518784,26.806531828888456,14.121968536520573,29.880631692994562,30.927691933623628,41.08559145691114,-0.6042878132570336,10.096995353397762,9.184591938916505,42.95971899183337,-34.13565666485966,-14.872764784829425,6.925439769086167,-34.28962246759528,31.360354781083895,-50.61707767799966,1.6085116806619482,6.8807953692219,-20.083986551677327,-35.40856986348087,-21.747918019582578,36.373576733280274,-14.42876915849932,-11.44169966043031,12.145425915341143
68.5194321271602,-42.06406146776162,3.404242326691291,41.77216218963425,-60.66507154808155,63.06144473439091,-135.099873628526,-75.95025187034453,14.846583650122493,50.450593188500406,84.63554210863842,33.30345468367593,-35.59759992926638,32.68313599971124,-78.91913631679333,47.75691986829278,75.35951311915134,-11.027418869138053,-44.157417353714095,-35.96750442121717,-29.413947824986604,11.117228014023533,51.10736998550626,23.232578034137628,118.5201844850082,40.91862535886394,26.888890699930997,58.989725165856584,-37.65192208450828,-69.2155744067561,41.629868193814644,-7.913789836156858,45.01580482894015,23.72895731478547,49.63786458458227,51.72253551508023,69.3916046188943,-1.0888741967861633,17.376891378150052,15.784136069178535,71.9476654075849,-57.90974447184291,-24.35942152526068,12.280958597916326,-57.69115459509485,52.92793037910779,-84.5334204790019,2.503348268772298,11.690901342702514,-33.38936437419321,-59.66274351313616,-36.60989569784032,60.81371134585032,-24.286273351548935,-19.75935631952083,20.392636284959398
26.962757423254725,-16.557146750232494,1.3297674065271563,16.46523254765714,-23.888295742830476,24.791099763517437,-53.13737409139479,-29.952525229452363,5.854985356885492,19.838943332583145,33.30345468367593,13.106343752183689,-14.018640049612765,12.872534884235948,-31.057215485722715,18.789798941089863,29.64174909935544,-4.310817320901817,-17.385795563563924,-14.19123624679226,-11.627219366198469,4.3962650435008745,20.14093124754205,9.186975256287173,46.63780203476186,16.101939874689467,10.588301451940263,23.196727211015798,-14.789545556946697,-27.247553033405197,16.347494150387874,-3.15496596336012,17.716002150968915,9.339287280694393,19.499472774520513,20.34210985060435,27.336314882185956,-0.4326173095022297,6.8658427121954215,6.235584704795557,28.303061059040047,-22.830014823912958,-9.546278779858483,4.8764588841259275,-22.7119378245133,20.848335208708978,-33.23788731573219,0.9717803052143933,4.609791687319524,-13.118266778016503,-23.493756443706694,-14.413825721936366,23.916286870842086,-9.56194773504197,-7.812863798579802,8.025164672656821
-28.8253375138767,17.727366580883206,-1.3594244409487688,-17.774166350558108,25.638027289032415,-26.360736981292288,56.65436971344986,32.425841357372626,-6.339762309304938,-21.123653066102218,-35.59759992926638,-14.018640049612765,15.051213073921632,-13.831459734319257,33.21576176152089,-20.071850808120818,-31.612458807360156,4.431490860721377,18.644410789982388,15.403613562210001,12.754575474933622,-4.832872156761979,-21.714987945517606,-10.098755785149493,-49.856008729145785,-17.2168979154862,-11.365810485040695,-24.701583432863536,15.644938799858204,29.19592527763091,-17.26746686463572,3.625591355753193,-18.953910151379564,-9.997141367148725,-20.64289418307405,-21.678580758806078,-29.410132686846644,0.49098617355499913,-7.515052689027632,-6.81754884904591,-30.203948802822886,24.665524377572844,9.963784790832317,-5.482363443678779,24.344076833842074,-22.41520291749445,35.3720012661178,-0.958483657768638,-4.9867922187960545,13.898213074343781,25.217597092258774,15.457365645675651,-25.480331940775255,10.253798656265081,8.58164640035541,-8.584283087121365
26.46632143808337,-16.281158770741715,1.2355823292022492,16.353413985488157,-23.559191850060344,24.176454004791196,-51.98802703556023,-29.851217413973725,5.837041368849145,19.37771156846712,32.68313599971124,12.872534884235948,-13.831459734319257,12.712826834639223,-30.500024877814326,18.4263925281388,29.01046702271029,-4.033811237119688,-17.129477839444142,-14.188224575973125,-11.774178001812716,4.463393173786053,19.973301105571256,9.326804977011129,45.77510478098024,15.808679118636924,10.444819700407352,22.661230927692717,-14.331570638471698,-26.8193483360139,15.81347525842291,-3.378623637169614,17.40586504935244,9.181835601896081,18.913980897342128,19.8907105158388,27.039216740334574,-0.4570885755598792,6.934954720897999,6.289381289544757,27.72135083685712,-22.697158961048892,-9.100982405461238,5.086160587099146,-22.3643176261516,20.605079580155376,-32.44574055118969,0.8646461019513857,4.590360998877954,-12.73625961007927,-23.17392537559661,-14.201918067194848,23.37771061720098,-9.420652250581687,-7.923820414354443,7.883001714977725
-63.893289469938935,39.232814139026715,-3.1531407862926972,-39.01017938468469,56.60293110961016,-58.7557036272151,125.92644586921776,70.95951482354758,-13.871603471357579,-47.01511953922144,-78.91913631679333,-31.057215485722715,33.21576176152089,-30.500024877814326,73.59530847413178,-44.527283956665464,-70.24552328557075,10.22267176066629,41.19549335076179,33.61777540174025,27.53799876098692,-10.411738155027408,-47.718677535688244,-21.75813969600503,-110.51697685958135,-38.15697163417029,-25.089153573773576,-54.973995323016375,35.05323678763627,64.56479498490572,-38.74823087585708,7.465316718461829,-41.98144501895421,-22.131323436725435,-46.21757625346108,-48.207017404765644,-64.7693550103349,1.0252943158108272,-16.263281164350477,-14.76982278327681,-67.07159608321197,54.08745303130668,22.63268369887853,-11.542996766670147,53.81759122251864,-49.39724324955781,78.77122399015197,-2.307179779061642,-10.921532318857999,31.092286171471724,55.66893010981091,34.154452301431355,-56.67789820005142,22.65714257849553,18.50286547207895,-19.01754106814865
38.662019237320806,-23.728455595060947,1.9336121974774536,23.533901306990025,-34.209028714369744,35.613486776501745,-76.26268111047824,-42.769354526485316,8.360550137270483,28.484425731226928,47.75691986829278,18.789798941089863,-20.071850808120818,18.4263925281388,-44.527283956665464,26.950442583667233,42.53794823040716,-6.259329961225709,-24.90325415843846,-20.245391097852824,-16.528242128694732,6.244806121425407,28.798351326408365,13.050621561172099,66.87556162501322,23.08797779304017,15.162426007937652,33.305769539370125,-21.279775086345474,-39.04068214520214,23.533957833785376,-4.412196759422559,25.397465538825944,13.386680249022517,28.05143744327589,29.198672056146282,39.11463818565398,-0.6090211046342268,9.768540122546227,8.874376109285654,40.60774689286694,-32.6205606331383,-13.795895746131691,6.872470071884801,-32.53895003613809,29.837305071162916,-47.73233004961067,1.4298251729384035,6.58440234022884,-18.866755441179514,-33.64362837819373,-20.647158857683177,34.33258818766023,-13.69677350818319,-11.100453567558096,11.505807102528502
61.00318387757331,-37.41721630360502,3.1097636399000748,36.973307192549086,-53.885061206836006,56.322926306117445,-120.4736395272742,-67.10920773143064,13.116217340652419,45.02508859797262,75.35951311915134,29.64174909935544,-31.612458807360156,29.01046702271029,-70.24552328557075,42.53794823040716,67.18975056566097,-10.041552954756588,-39.24137726103492,-31.729648661321143,-25.77862622175379,9.730077664089833,45.27110844527154,20.334235482384408,105.52363958869297,36.426397330548355,23.881025366962927,52.6415427944055,-33.731942098735814,-61.5397915831359,37.32709489794351,-6.726674715978778,40.0595897134341,21.10955580322044,44.44920736045573,46.135870139233155,61.546240746673995,-0.9326445315305055,15.24930324844647,13.861787473872823,64.12397425177689,-51.231872201940874,-21.992469849708055,10.594743554302982,-51.28282784730089,46.962851055433354,-75.46448401909728,2.329750538722681,10.33435272063972,-29.885740721134805,-52.99036653397966,-32.53340485048983,54.25396851737551,-21.582845708337672,-17.30339682185797,18.149300758335887
-8.911422408118652,5.391302532493217,-0.6405510770488637,-4.89247193214636,7.5782460724023135,-8.644309746260657,18.051901049924435,8.6089998372383,-1.6763396947935685,-6.833342238852325,-11.027418869138053,-4.310817320901817,4.431490860721377,-4.033811237119688,10.22267176066629,-6.259329961225709,-10.041552954756588,1.9924416208212106,5.564365755831557,3.950385167018651,2.807815247292524,-1.0283952497161781,-6.075098545107799,-2.1496788553360027,-15.425919727549857,-5.311857578029152,-3.351517784953735,-7.976712012254829,5.421797349072764,8.795388028155527,-6.070800846902149,0.23408317522706112,-5.8082474955553804,-3.0440953961231485,-7.093161240719255,-6.944418205796974,-8.444601794064965,0.047919214536638007,-1.7066226407435947,-1.576985941224081,-9.528540474048912,6.722276241903696,3.928011420241498,-0.753589669324268,7.303776381266588,-6.488854420000701,11.501359107424216,-0.5760574139545458,-1.33529193939191,4.73798551079093,7.440652298176965,4.610001051654285,-8.186524784000829,3.061004101304407,1.8526628791759119,-2.635430217733522
-35.75466787026418,21.978283838344893,-1.7097449731949446,-21.981411951505777,31.762931714797194,-32.75306496729554,70.33257783973039,40.065839945020954,-7.8332991711716735,-26.234109277804123,-44.157417353714095,-17.385795563563924,18.644410789982388,-17.129477839444142,41.19549335076179,-24.90325415843846,-39.24137726103492,5.564365755831557,23.10400836684231,19.01746989034338,15.696476834087836,-5.943754286883254,-26.864834584569905,-12.420441785196175,-61.842196012535446,-21.354851845606415,-14.080501643533639,-30.677172205705507,19.469173744356972,36.18889295594366,-21.49864637961927,4.400574800261701,-23.505100982552605,-12.395748587462185,-25.683449488030938,-26.91603843213096,-36.408779563538886,0.5986120105426445,-9.255091504589238,-8.398629277627434,-37.48537718191589,30.495641725399288,12.451629706782564,-6.697086306527729,30.172053864877252,-27.754730082490532,43.937272327789934,-1.2199441210633808,-6.163297421437674,17.287685362496987,31.24126361929426,19.154981723533805,-31.63921081563138,12.70663069475404,10.556601113838285,-10.646269023031925
-29.14021665936003,17.996318656672152,-1.1866364325628895,-18.480800700887908,26.213701824241422,-26.228797052113663,56.816796504269256,33.98355902067011,-6.650485235000867,-21.096493165331953,-35.96750442121717,-14.19123624679226,15.403613562210001,-14.188224575973125,33.61777540174025,-20.245391097852824,-31.729648661321143,3.950385167018651,19.01746989034338,16.261846758807437,13.859167580706336,-5.281645554348822,-22.49450494643966,-11.036059504119194,-50.389652590335565,-17.41436015183891,-11.628045342985498,-24.682425149174808,15.317943366478609,29.710780477588354,-16.833356638288567,4.419421983627562,-19.204948315742108,-10.146217713538876,-20.263811899511797,-21.709033473002243,-30.281759604937168,0.5852496065835934,-8.122040907135338,-7.343374627645034,-30.371448752068943,25.702556893702216,9.35185636338273,-6.342434847051682,24.79909689456476,-23.034494739657024,35.27731511053546,-0.7313884242686647,-5.216925566410884,13.674932941740161,25.7955546703912,15.769799748170808,-25.495663502253127,10.458370819372412,9.355618941757962,-8.693976507632957
-23.84298155407009,14.785634334981838,-0.8206945959043827,-15.532105456347614,21.685626715714676,-21.12344417325416,46.12218025040462,28.77111681952059,-5.634945402737307,-17.0549054987603,-29.413947824986604,-11.627219366198469,12.754575474933622,-11.774178001812716,27.53799876098692,-16.528242128694732,-25.77862622175379,2.807815247292524,15.696476834087836,13.859167580706336,12.113936759797546,-4.6390841379660115,-18.840485483008468,-9.692946984957034,-41.2208590026135,-14.25607080337491,-9.624893940414603,-19.963608881273288,12.134362473779463,24.467063741708962,-13.273819588839215,4.220743792192774,-15.748855108764015,-8.3335511505266755,-16.09511070870884,-17.597343235377423,-25.218596311791945,0.5497240482768596,-7.066122553847069,-6.370337957358896,-24.720203158842093,21.64605589276397,7.073803461587787,-5.831335300916501,20.442569680097183,-19.147778937041842,28.47849683856089,-0.40769793704383084,-4.409313959496901,10.888118251891584,21.348708222597043,13.018129826705374,-20.65009144462267,8.631511510740983,8.200666234955815,-7.126124863232134
9.012592645098865,-5.593595977336239,0.2985319646909344,5.902990615203257,-8.215500524117514,7.958534227136986,-17.405694828694223,-10.950278742718094,2.1450329518192874,6.430654900674233,11.117228014023533,4.3962650435008745,-4.832872156761979,4.463393173786053,-10.411738155027408,6.244806121425407,9.730077664089833,-1.0283952497161781,-5.943754286883254,-5.281645554348822,-4.6390841379660115,1.7781963020730374,7.155381807477229,3.7153656884041038,15.580704859303752,5.389356909467949,3.646783201016098,7.5282329972453015,-4.5557705336022485,-9.260675088012764,4.978740676134126,-1.642360180168965,5.955781781691134,3.1525578547790043,6.046319542039992,6.638907940348876,9.566793844418369,-0.2133527640185711,2.703657033862062,2.4360568614048375,9.334070489215526,-8.22989381347651,-2.6290445558613977,2.253999600688824,-7.739013197612705,7.261088802396203,-10.73488996751413,0.13934477127246558,1.6776461846261843,-4.092357089133522,-8.088593127188961,-4.929762706855478,7.789322391995904,-3.26844469451589,-3.1421329296995917,2.6946618755979665
41.392762511174126,-25.496533162090092,1.8495747895153194,25.80255891427463,-36.97649321371508,37.62631020784868,-81.10678957481683,-47.21771139154014,9.23560814152548,30.192466920516864,51.10736998550626,20.14093124754205,-21.714987945517606,19.973301105571256,-47.718677535688244,28.798351326408365,45.27110844527154,-6.075098545107799,-26.864834584569905,-22.49450494643966,-18.840485483008468,7.155381807477229,31.47706894826307,14.951871168464304,71.58643818570759,24.728615852705857,16.396421990771838,35.31420015906095,-22.194511139644774,-42.031319989548514,24.457168934362947,-5.6169372326226625,27.24185983329551,14.377834471531989,29.314331359067985,31.017555709717747,42.531562112240614,-0.7541967559459143,11.077821972507854,10.035641759860349,43.28390729022386,-35.8365288008307,-13.915696117450967,8.30770451735094,-35.06077367858149,32.39106143967692,-50.53219760033185,1.247505823459899,7.256766476633393,-19.753746631663315,-36.37704436001931,-22.27487759742953,36.44617219765053,-14.774526552029148,-12.692793921978332,12.335912888838484
18.83428950333038,-11.688622400527136,0.6237789058813563,12.335318095320295,-17.167887342034565,16.63326803605273,-36.37501367123718,-22.88148355371776,4.482608672753029,13.438631232401688,23.232578034137628,9.186975256287173,-10.098755785149493,9.326804977011129,-21.75813969600503,13.050621561172099,20.334235482384408,-2.1496788553360027,-12.420441785196175,-11.036059504119194,-9.692946984957034,3.7153656884041038,14.951871168464304,7.763122664608361,32.56010433793614,11.262792086893274,7.620865144981672,15.733085454307592,-9.520927178063852,-19.352216266238425,10.405631852023417,-3.4311464663501985,12.446518960681473,6.588419886104187,12.636799952748211,13.873908070481384,19.99116352347068,-0.44640869854008985,5.649805218370523,5.090202727242939,19.50625131542473,-17.19694596535413,-5.495324322406161,4.7087786086599115,-16.172617329132155,15.17290764661044,-22.434550278713047,0.2919480606178547,3.5058203652783004,-8.55291726480489,-16.90316009505293,-10.30203602156711,16.278267534734272,-6.8300319168280375,-6.564829781013868,5.631519489749081
95.95234623757004,-58.907904111445966,4.761530033373979,58.512369552033654,-84.96280106799068,88.29521731574845,-189.17480377530302,-106.3963148323775,20.79803841259367,70.64147267015736,118.5201844850082,46.63780203476186,-49.856008729145785,45.77510478098024,-110.51697685958135,66.87556162501322,105.52363958869297,-15.425919727549857,-61.842196012535446,-50.389652590335565,-41.2208590026135,15.580704859303752,71.58643818570759,32.56010433793614,165.97145616679342,57.30121094566865,37.6585793384743,82.59793752409877,-52.711075557617,-96.9335108313118,58.27732383275531,-11.105865673642132,63.03980243713438,33.23027056100272,69.4918994834064,72.42418557139113,97.19133095286944,-1.527165432918862,24.350166681324627,22.117738357833854,100.74808359924846,-81.11939945301796,-34.08935689674225,17.223276532769248,-80.79466608928387,74.13068951541072,-118.36244847285337,3.4978663456893124,16.376962029432597,-46.745392818958074,-83.55906894593184,-51.27169832312677,85.15326898994036,-34.01270122239928,-27.692091490301987,28.557469268164713
33.127516948265374,-20.339105814417916,1.6386221405343688,20.214796549369943,-29.34073707423259,30.474427277814595,-65.3011983576095,-36.763914987174154,7.187158440090916,24.38183132955586,40.91862535886394,16.101939874689467,-17.2168979154862,15.808679118636924,-38.15697163417029,23.08797779304017,36.426397330548355,-5.311857578029152,-21.354851845606415,-17.41436015183891,-14.25607080337491,5.389356909467949,24.728615852705857,11.262792086893274,57.30121094566865,19.783792920274685,13.005317857643725,28.509883197808257,-18.18520370869727,-33.471047140551704,20.10448402001939,-3.853886931983724,21.766028896613033,11.474195878559952,23.977022642657527,24.998826582529144,33.56889985547769,-0.5303928859736323,8.421115149372174,7.647866448567854,34.778934206354876,-28.02558168139377,-11.750920032026716,5.966500175922912,-27.899338588724703,25.6025400954413,-40.85259857144861,1.2020001792911996,5.658892570948955,-16.129469288856487,-28.856881862180053,-17.705435620314702,29.39228813372985,-11.745083936809003,-9.577601741402187,9.860248664456499
21.773184560491124,-13.388156565229037,1.0276255430136605,13.421503318368991,-19.3624851164579,19.917985251965685,-42.79874054592681,-24.48121778647971,4.787384352597363,15.957131002782804,26.888890699930997,10.588301451940263,-11.365810485040695,10.444819700407352,-25.089153573773576,15.162426007937652,23.881025366962927,-3.351517784953735,-14.080501643533639,-11.628045342985498,-9.624893940414603,3.646783201016098,16.396421990771838,7.620865144981672,37.6585793384743,13.005317857643725,8.584198725553316,18.66173560189137,-11.82098701925526,-22.05082289971159,13.049163788193464,-2.7321027542092025,14.317247770696387,7.551811918174858,15.599099591619366,16.376191179216868,22.20885965840667,-0.3717319666853033,5.67314192402433,5.1457490500097345,22.815736810285667,-18.62289839780573,-7.532923772100951,4.133011275762621,-18.38682787852996,16.926540110683028,-26.723311120853502,0.7270810516387631,3.7656259297604113,-10.501968798563693,-19.04603646645193,-11.674801406157455,19.248763475674547,-7.7440175274356875,-6.4748089356138685,6.4847335134465265
47.74848313583441,-29.26999064957489,2.475256409665158,28.826526526035554,-42.111350328990135,44.17911819341789,-94.39861512454347,-52.26112158853967,10.213217385096765,35.29881506196097,58.989725165856584,23.196727211015798,-24.701583432863536,22.661230927692717,-54.973995323016375,33.305769539370125,52.6415427944055,-7.976712012254829,-30.677172205705507,-24.682425149174808,-19.963608881273288,7.5282329972453015,35.31420015906095,15.733085454307592,82.59793752409877,28.509883197808257,18.66173560189137,41.26793328092135,-26.51256232362691,-48.124928882556055,29.35477141073461,-5.098294787603411,31.34607589393301,16.514399358185074,34.9255661234808,36.156978879257885,48.05130535131938,-0.7109736407770338,11.82031333350074,10.750087101590292,50.22705022525402,-39.929883129518906,-17.373619179871863,8.115278758042981,-40.098404139096466,36.67540240401892,-59.1744319242849,1.8764971549484724,8.050209412197463,-23.47545544668039,-41.40999490342487,-25.43295680980352,42.52388558912376,-16.87272863792726,-13.392708745269582,14.20260976583214
-30.46733311075376,18.630587971141154,-1.6976005050032912,-18.072385675545398,26.685674468045406,-28.450697735405697,60.51902557158983,32.59371029251359,-6.365006388758027,-22.685661898123403,-37.65192208450828,-14.789545556946697,15.644938799858204,-14.331570638471698,35.05323678763627,-21.279775086345474,-33.731942098735814,5.421797349072764,19.469173744356972,15.317943366478609,12.134362473779463,-4.5557705336022485,-22.194511139644774,-9.520927178063852,-52.711075557617,-18.18520370869727,-11.82098701925526,-26.51256232362691,17.22958183718026,30.585245316365604,-19.120179758121374,2.780589680069527,-19.973106440966944,-10.511890295700944,-22.663056706082866,-23.20067705959867,-30.31676402642409,0.3967114520517621,-7.212555560517169,-6.57663375190463,-32.15076151290288,24.998748716264853,11.536866255359437,-4.677797920687858,25.467363235255345,-23.168417429355348,38.05865044254712,-1.3453887247402128,-5.0263374657471065,15.213639756374423,26.232935754607084,16.138042229864066,-27.298430216773568,10.708445768360248,8.120577475796667,-9.051851889161858
-56.04225974281887,34.43718700883272,-2.705417476283576,-34.38243109307273,49.74371243758492,-51.39858378164103,110.30471641764554,62.63031315696408,-12.244845509053215,-41.15501380852464,-69.2155744067561,-27.247553033405197,29.19592527763091,-26.8193483360139,64.56479498490572,-39.04068214520214,-61.5397915831359,8.795388028155527,36.18889295594366,29.710780477588354,24.467063741708962,-9.260675088012764,-42.031319989548514,-19.352216266238425,-96.9335108313118,-33.471047140551704,-22.05082289971159,-48.124928882556055,30.585245316365604,56.69497259649206,-33.7849959369186,6.792053861187296,-36.836681392033604,-19.424347983556846,-40.342153563526765,-42.21695219908579,-56.98946905872617,0.9272031169999448,-14.434117383356773,-13.10099726904662,-58.77755722613622,47.69056110561254,19.61809628736996,-10.384196931179511,47.265723569772554,-43.44943050584466,68.93584412353245,-1.9462470503033178,-9.636166908227677,27.14997725729509,48.926069600713866,30.003931590271012,-49.62839097821817,19.903251974516046,16.450186253496806,-16.685473243933036
33.68387203130159,-20.58464942283873,1.9031155595241447,19.906047035579675,-29.459196868813756,31.51886207639152,-66.97585706090939,-35.85810803677026,7.002734975006669,25.117196881875827,41.629868193814644,16.347494150387874,-17.26746686463572,15.81347525842291,-38.74823087585708,23.533957833785376,37.32709489794351,-6.070800846902149,-21.49864637961927,-16.833356638288567,-13.273819588839215,4.978740676134126,24.457168934362947,10.405631852023417,58.27732383275531,20.10448402001939,13.049163788193464,29.35477141073461,-19.120179758121374,-33.7849959369186,21.230397737520445,-2.96441247663381,22.076323083810895,11.616869400258574,25.145234785789903,25.679498501911755,33.435729535820386,-0.4276431085512156,7.899061739760256,7.2052851777289675,35.568443925780976,-27.524352407917743,-12.860440639807994,5.053759848762497,-28.128751350589,25.558036633538826,-42.14781097235837,1.52326564559411,5.5318771847174,-16.875276466405566,-28.959100579448,-17.821303404241466,30.21863804112718,-11.825040721372613,-8.877126259702111,10.006073144512241
-6.4301160057863225,4.062007286181816,-0.036008465988063156,-4.695109590558772,6.140430207135419,-5.281591341370476,11.987437802561665,8.948365996021193,-1.7581812749901649,-4.344713296518784,-7.913789836156858,-3.15496596336012,3.625591355753193,-3.378623637169614,7.465316718461829,-4.412196759422559,-6.726674715978778,0.23408317522706112,4.400574800261701,4.419421983627562,4.220743792192774,-1.642360180168965,-5.6169372326226625,-3.4311464663501985,-11.105865673642132,-3.853886931983724,-2.7321027542092025,-5.098294787603411,2.780589680069527,6.792053861187296,-2.96441247663381,1.8834683235357876,-4.2906420607184055,-2.286764720551219,-3.7431749990877576,-4.541909261813121,-7.344978429422336,0.2359521616702456,-2.424145204888025,-2.163937997587788,-6.506211095061584,6.596170005453918,1.1955158950656661,-2.363330448228826,5.699886851230115,-5.533966261032195,7.204849113792349,0.1248589152535433,-1.3626564569022124,2.565702646149545,6.056265747227268,3.652640065878786,-5.309181991201834,2.4192826521131345,2.8838123142773147,-1.9374840212376687
36.445599271505145,-22.38125573426978,1.7900696131034266,22.274023527840427,-32.2993805482202,33.498705253664184,-71.81118051559666,-40.52711626294237,7.923324727630884,26.806531828888456,45.01580482894015,17.716002150968915,-18.953910151379564,17.40586504935244,-41.98144501895421,25.397465538825944,40.0595897134341,-5.8082474955553804,-23.505100982552605,-19.204948315742108,-15.748855108764015,5.955781781691134,27.24185983329551,12.446518960681473,63.03980243713438,21.766028896613033,14.317247770696387,31.34607589393301,-19.973106440966944,-36.836681392033604,22.076323083810895,-4.2906420607184055,23.949147064113745,12.62619789357614,26.33799078165065,27.488816992667726,36.9681356308211,-0.5896049056018681,9.299973888816696,8.444252055314497,38.25148309027826,-30.884193093041787,-12.879445980858074,6.617870422413777,-30.706496577210505,28.192007238701727,-44.91212704716461,1.3064775438926113,6.237535513408963,-17.719822454821475,-31.767601916384553,-19.48851032442329,32.31854808649977,-12.927685315317548,-10.582574938769719,10.848979586250897
19.21186799352327,-11.800076505900295,0.9371602706018701,11.758538040486577,-17.035860829291966,17.645324724822924,-37.839569136846066,-21.40293361920799,4.184897612935189,14.121968536520573,23.72895731478547,9.339287280694393,-9.997141367148725,9.181835601896081,-22.131323436725435,13.386680249022517,21.10955580322044,-3.0440953961231485,-12.395748587462185,-10.146217713538876,-8.3335511505266755,3.1525578547790043,14.377834471531989,6.588419886104187,33.23027056100272,11.474195878559952,7.551811918174858,16.514399358185074,-10.511890295700944,-19.424347983556846,11.616869400258574,-2.286764720551219,12.62619789357614,6.657306275220288,13.864090732511897,14.483431266126034,19.505189701002255,-0.31421035450187845,4.920101972049792,4.466251113806009,20.158383703050095,-16.305239172476657,-6.765522009252023,3.514718587595169,-16.192887963526918,14.873062794062315,-23.659225835046332,0.6811149987007851,3.293970178121677,-9.328570909211427,-16.756100891300388,-10.277992338208604,17.02761272707513,-6.817637835549263,-5.600611856485001,5.719648985121337
40.167580514720846,-24.567482448354863,2.217534600185957,23.879167284701897,-35.21119897191412,37.47036699366728,-79.74202005090041,-43.09229039018612,8.417418586164581,29.880631692994562,49.63786458458227,19.499472774520513,-20.64289418307405,18.913980897342128,-46.21757625346108,28.05143744327589,44.44920736045573,-7.093161240719255,-25.683449488030938,-20.263811899511797,-16.09511070870884,6.046319542039992,29.314331359067985,12.636799952748211,69.4918994834064,23.977022642657527,15.599099591619366,34.9255661234808,-22.663056706082866,-40.342153563526765,25.145234785789903,-3.7431749990877576,26.33799078165065,13.864090732511897,29.81870773010222,30.565449156714593,40.02336833754417,-0.5347343577187771,9.564561450556571,8.716773915025822,42.370051564541505,-33.03404291017251,-15.137076738058456,6.247200400751533,-33.59538514265521,30.5807384847115,-50.12809257342499,1.7510649002097018,6.645226538012494,-20.020138647857312,-34.616915560857215,-21.291347602295268,35.96274226214004,-14.126696716355948,-10.773371578008188,11.936615840812047
41.86770064465055,-25.673701789211584,2.153414456314705,25.324596790600435,-36.95349732544556,38.695356146792435,-82.72805034607724,-45.93992391591357,8.977528225427768,30.927691933623628,51.72253551508023,20.34210985060435,-21.678580758806078,19.8907105158388,-48.207017404765644,29.198672056146282,46.135870139233155,-6.944418205796974,-26.91603843213096,-21.709033473002243,-17.597343235377423,6.638907940348876,31.017555709717747,13.873908070481384,72.42418557139113,24.998826582529144,16.376191179216868,36.156978879257885,-23.20067705959867,-42.21695219908579,25.679498501911755,-4.541909261813121,27.488816992667726,14.483431266126034,30.565449156714593,31.684717936735645,42.18671299592764,-0.6302431142781627,10.413140428432179,9.468892206075862,44.02577112063085,-35.0863944203418,-15.16491741657467,7.19285737868359,-35.1775706943849,32.19541571241387,-51.83983012227669,1.6218273036385888,7.075029637414666,-20.547875087018113,-36.33801491710156,-22.313883372455717,37.261666177105845,-14.803807696017925,-11.809200806129502,12.454175644103035
56.19573075410432,-34.585956786119695,2.580494326595532,34.839490988806,-50.089813201206574,51.23982199099952,-110.28268978821589,-63.65535021256295,12.44891780761533,41.08559145691114,69.3916046188943,27.336314882185956,-29.410132686846644,27.039216740334574,-64.7693550103349,39.11463818565398,61.546240746673995,-8.444601794064965,-36.408779563538886,-30.281759604937168,-25.218596311791945,9.566793844418369,42.531562112240614,19.99116352347068,97.19133095286944,33.56889985547769,22.20885965840667,48.05130535131938,-30.31676402642409,-56.98946905872617,33.435729535820386,-7.344978429422336,36.9681356308211,19.505189701002255,40.02336833754417,42.18671299592764,57.5363856418943,-0.9915428159628458,14.8446579223249,13.456630137559229,58.82356826351852,-48.36609833298361,-19.1607666819869,10.980390670048338,-47.52898830653947,43.83479471959376,-68.78310111041708,1.782516247762529,9.786733027109822,-26.95805120209102,-49.273946855887054,-30.18757602893029,49.57799819993842,-20.023608207094778,-16.978208606230904,16.741908299671106
