V1,V2,V3,V4,V5,V6,V7,V8,V9,V10,V11,V12,V13,V14,V15,V16,V17,V18,V19,V20,V21,V22,V23,V24,V25,V26,V27,V28,V29,V30,V31,V32,V33,V34,V35,V36,V37,V38,V39,V40,V41,V42,V43,V44,V45,V46,V47,V48,V49,V50,V51,V52,V53,V54,V55,V56
0.7212164329355113,0.17780624678428777,-0.36973972052832216,0.2646719592870955,-1.9070132022762865,1.77401488926596,1.042484186998009,0.5395671800594785,0.16753972496424124,-0.1060295673011067,0.6569949071807183,-0.1558454184869547,-0.6053127385229886,-0.9676436681842123,-0.193262315599599,-0.8889157887098341,-0.6930108921728018,0.42986416997329413,0.5000857912426939,0.04122543413493671,2.4702416075242413,0.4838481036288906,0.27066571667397366,1.5058494204397912,-0.4607085113450341,0.3219618164075467,-0.217623951333222,1.4952608238863219,0.3767141376982301,-0.7323297671329366,-1.2095242711485932,0.20361010440912813,0.9125696061668797,-1.0844009341866871,0.1693290173809931,1.223899358904411,0.6805500640677834,0.6159586889292735,0.29144927670607723,-0.4231465787051736,1.4000722752055021,-0.3094724389721828,-0.0587888976062004,-1.065943702273336,-0.5621000979701801,0.832000155013855,-0.044900753860101096,0.6914780729854116,-0.1911207641858094,0.39016487162125907,0.6034994385766259,0.41249788268219756,0.33934860965405,-0.29094789376322616,-1.0746917706611023,0.31149864411992734
0.17780624678428777,0.6362497632580018,-0.9298449882435054,-0.1553333304527215,0.4548176989454782,1.2628037157763494,1.4741788684884876,0.2202806910275726,-0.49531156318280317,0.13557312989976839,-0.5212937720444984,1.147593968651534,0.18729322543265897,-0.8175766473387709,-0.7503963681959467,-0.09733093849790607,1.8526343253127187,0.5682418056257083,0.8312160384127991,0.3889738227893085,0.6458275997215955,0.24276597807925884,0.37457153612832456,1.4554240574615849,0.5024452194783519,0.9365714652433687,0.4756328903360204,0.5698763154409545,-0.3296093769719208,0.4889505373904507,-0.9397334704840921,0.5926930741855403,-1.6691370207035086,2.481875386037886,0.6261145208273042,0.08694366255311019,1.6270243444793262,0.3731070154339932,0.11229276396152736,-0.5989156771842381,0.3501831935320796,-0.4686145395952495,-0.3940710239153993,-1.27216959252529,-0.9364631051605322,1.448593779621819,1.3653418320462025,0.3486301150880406,-1.1655254138452222,-0.881350053752442,0.6504826352841836,0.9617539937677622,0.21576857968768767,-0.9245270443042273,0.7624543217251631,0.2195888880566125
-0.36973972052832216,-0.9298449882435054,1.3906201956552542,0.1815488143075193,-0.3491402887644996,-2.0795868828701214,-2.263872847334241,-0.39555021177091265,0.6778640682713856,-0.15817944804921016,0.6283497552525644,-1.607792058142618,-0.16312694409770787,1.3087209845161032,1.1087382849445946,0.27647407431358395,-2.530739436028321,-0.8774415400842565,-1.2515024201734737,-0.554803728130603,-1.3073046945887157,-0.4170415478817595,-0.587838212867152,-2.2966615767477165,-0.65588840060781906,-1.3764817105446387,-0.6419969011079079,-1.0377061661498397,0.4149573810496185,-0.592506057286265,1.512409433111351,-0.866725565667112,2.240505038100054,-3.3547189668142,-0.9229089022832198,-0.326725539993804,-2.427040598448899,-0.629253960445994,-0.201719322425258,0.9085223405850881,-0.7069182105059687,0.7115871684468944,0.5695742426128654,1.9746197761511188,1.4282824418791398,-2.191949332259669,-1.9429395298874506,-0.5989968671698518,1.6954339443787598,1.1930097390923098,-1.0145336495437725,-1.4298891720219895,-0.35673046814869896,1.35324528171796,-0.9118556793294997,-0.35637375879943767
0.2646719592870955,-0.1553333304527215,0.1815488143075193,0.18136913142609987,-1.0515489722933726,0.34539823572580414,-0.07201440913188246,0.16754478797717126,0.26305432686877694,-0.09329686330301394,0.4947655132561981,-0.5022944273182981,-0.3463919852211628,-0.14358665240624147,0.19552600132715625,-0.3748207183754001,-1.0153027166783215,-0.01447719680141663,-0.07741484195137435,-0.12433134898669153,0.8986926506159971,0.1341768277400658,-0.020419507524105273,0.15303874137052678,-0.4063663277852343,-0.20065737454350777,-0.27856894100744534,0.4801331237110783,0.29985357558979,-0.5254565033112331,-0.2119113139884136,-0.12555961531715673,1.0497384184194922,-1.42889267752697,-0.15887387604941322,0.5294631542301025,-0.29648902743349625,0.1444577645313025,0.09427072549353137,0.026048929086332138,0.5184803710578474,0.030445194109831947,0.1200348362062175,-0.015795316069314527,0.09462832024503828,-0.15851555116975924,-0.5357432674381944,0.19089697983529968,0.3510959407500715,0.5108656585987529,0.03642032264368124,-0.16835801329378522,0.0769579759853974,0.2094055899001184,-0.7801978745467674,0.06326111724500871
-1.9070132022762865,0.4548176989454782,-0.3491402887644996,-1.0515489722933726,6.5123476819036865,-3.408293301605355,-0.851468213404139,-1.297577695860223,-1.2870724423370206,0.5125717768761316,-2.8014491811106743,2.2759881799230928,2.1222953171597636,1.6689640669292218,-0.6027751343288298,2.552144015865614,5.0180367073226435,-0.41463553133352904,-0.22631926011827982,0.47679513249772754,-6.494958847259491,-1.0957130832640032,-0.21715386905453887,-2.3033494503981298,2.2077363897277578,0.4858376466821103,1.4075111763373513,-3.6617749507253987,-1.6708263198141682,3.0075410288531077,2.220726211247516,0.302753813703417,-5.403672725783323,7.185212454463313,0.47658129068837435,-3.5729991864948936,0.4887630185924536,-1.2860517220401557,-0.7158031021824909,0.3564590278412844,-3.7169164545686293,0.21307045366830774,-0.4380550753398102,1.2441747396582474,0.22725363707175075,-0.2557830715490468,2.29143372454389,-1.562470485953319,-1.2575789213358342,-2.5708665159833797,-0.818503891181516,0.2501930425311777,-0.696707760780485,-0.5574589603455108,4.457134990499304,-0.6080560602444449
1.77401488926596,1.2628037157763494,-2.0795868828701214,0.34539823572580414,-3.408293301605355,5.531915478872371,4.268123616139802,1.451157175220885,-0.33374579418942424,-0.03798728438175128,0.6644825895597757,1.2674430079416912,-1.020261025601648,-3.1981177465561794,-1.4607420130137871,-2.0223346057569964,1.1188084465327444,1.7085958552131606,2.216501945559092,0.634082458138012,6.1402617910301815,1.3654961784135127,1.0935720648738148,5.2167650702929835,-0.278081236637995,1.98285707057136,0.2020529244437529,3.9675586455133582,0.3423366696636516,-0.8672325045241428,-3.876422057274503,1.2534102225882044,-0.3987460097167204,1.161234763069176,1.22989831307246,2.7238267678859303,3.720925036673929,1.8301701847099372,0.7771540279888061,-1.7267312241871464,3.448888575019824,-1.3167667213877232,-0.6775573471666142,-4.029506677857221,-2.495573852085652,3.7877224475338354,1.8055218230833352,1.9537137554859596,-2.0323936150649207,-0.4003086844436909,2.1820170253877533,2.219657659260897,1.0188934407136,-1.9050355174851417,-1.2127056708995037,0.9655287699923986
1.042484186998009,1.4741788684884876,-2.263872847334241,-0.07201440913188246,-0.851468213404139,4.268123616139802,4.0134368812204,0.9582568360587614,-0.8612942750269599,0.17123181380225994,-0.45309996089142324,2.2143923412825437,-0.1848231356596216,-2.5898927034191304,-1.7318092833224517,-1.0340368100224615,3.1661670266112627,1.5750821990531612,2.174439573506547,0.8387678270355441,3.6467392115511963,0.952013630192297,1.0287407678948481,4.400799499597581,0.6067168264866758,2.224296073643651,0.7746131282813019,2.5728086692871894,-0.32585938622055316,0.3258262359763991,-3.0628198115788816,1.4052411999504486,-2.5853726265034607,4.087944429706025,1.448702475325895,1.334234659999594,3.992429564314912,1.347718943716503,0.503877857535726,-1.6229676707349998,2.0258154666010033,-1.255929418389723,-0.8673467147008445,-3.614738917309101,-2.4566623322431598,3.763011744688975,2.769479600470144,1.364213838069305,-2.5815300014154747,-1.4474339293441387,1.9003878814261028,2.3663491983109686,0.7602237226656687,-2.1718195279775148,0.560628529598141,0.7415096120294006
0.5395671800594785,0.2202806910275726,-0.39555021177091265,0.16754478797717126,-1.297577695860223,1.451157175220885,0.9582568360587614,0.41854373711919385,0.04802773059393213,-0.05012794548358322,0.39018567786034447,0.05478849596247871,-0.40227755880111726,-0.8135163960064073,-0.24390662617650938,-0.6503723000475147,-0.227270642404868,0.38992485850370273,0.48088739684640297,0.08833379099226539,1.859477793539104,0.38273464794261847,0.24298078536523707,1.2901579262415457,-0.2614756205671268,0.3672949820882477,-0.0863412132802755,1.1545898004821193,0.22382953996792834,-0.456106800023247,-1.0061496402575378,0.2336779162067643,0.4124449670195194,-0.41317795731052737,0.2095317374341225,0.8848713710359556,0.7219748756190913,0.49438951168265144,0.22634407778449744,-0.3918961435984085,1.054137760117307,-0.29164627306835283,-0.09981653772563687,-0.9465976395054444,-0.5345215565718614,0.8052261661577926,0.16272556391046616,0.5470125416382157,-0.3033812059492475,0.15146981693786812,0.5269396582746511,0.43607955399168596,0.2748457983593069,-0.3445755013738062,-0.6556975451690378,0.25602879849852095
0.16753972496424124,-0.49531156318280317,0.6778640682713856,0.26305432686877694,-1.2870724423370206,-0.33374579418942424,-0.8612942750269599,0.04802773059393213,0.5265178810408466,-0.16639868393142274,0.7709458051656647,-1.1134115259973116,-0.44461004705729273,0.2960758165722769,0.5954597242410555,-0.3196874705937782,-2.000031212555579,-0.3188001005886552,-0.5228692872824824,-0.33212419193277554,0.5456772224169159,0.002768874754971026,-0.22020588801125962,-0.6287903285309917,-0.671657835035203,-0.7014379285516442,-0.5313468226895433,0.17050802139554955,0.4738543716672698,-0.7826353069743187,0.29429146208278145,-0.44278577639804634,1.935520809583686,-2.748266237817002,-0.49281863653955693,0.47948329962340025,-1.1657798411610114,-0.05652139061661417,0.03311799270826214,0.3474513820041366,0.3260472023116631,0.2815772801970534,0.3302899786697218,0.6662733394784333,0.5952603810871212,-0.9335493643172572,-1.2628359173612334,0.0022456113844013972,0.9725448083519369,0.9792069198790023,-0.31283114304856513,-0.6826456727847336,-0.03947862678370647,0.7037511718003723,-1.1830112241948945,-0.05523557352155528
-0.1060295673011067,0.13557312989976839,-0.15817944804921016,-0.09329686330301394,0.5125717768761316,-0.03798728438175128,0.17123181380225994,-0.05012794548358322,-0.16639868393142274,0.07947056668697407,-0.28570209823750775,0.3364257441281601,0.18450778580732055,-0.0237996190375375,-0.1455752523625908,0.1561424416673531,0.6287016394711082,0.05961304057077791,0.12818118198407077,0.10029095399083846,-0.34033734010122074,-0.030591371342549932,0.028439484070370807,0.08666159744010424,0.21227851817420448,0.18931342181872693,0.17143858985155597,-0.1488303172534323,-0.1590067873892028,0.26632935423452253,-0.016055000974099745,0.1251091303408102,-0.6191160597385393,0.8879727392467259,0.12412777246793844,-0.24314989996524916,0.28314080915610174,-0.030706436121516956,-0.026052014558252644,-0.08321251637064872,-0.18300218190490705,-0.06420158066449981,-0.09235911611720259,-0.11977841625494642,-0.12254276396315043,0.21083318399173015,0.36174775891269706,-0.044019830702123425,-0.2602433961620682,-0.31345967137693437,0.05436602349359954,0.1729006854645511,-0.008772530012397643,-0.19386350198995472,0.4286500986237234,-2.79586399410892e-4
0.6569949071807183,-0.5212937720444984,0.6283497552525644,0.4947655132561981,-2.8014491811106743,0.6644825895597757,-0.45309996089142324,0.39018567786034447,0.7709458051656647,-0.28570209823750775,1.3869055182766414,-1.5085562321021042,-0.9400343198388542,-0.2126989337184726,0.6321131758701624,-0.9493023673493337,-2.9617816276437425,-0.1410948356441958,-0.3620213371879313,-0.3996879493689758,2.2062797555727567,0.2974969194856431,-0.10643480249272252,0.11979406368402278,-1.1271513315759407,-0.6957173837965763,-0.8080724693707273,1.1280159835275267,0.828953518216193,-1.436174438420119,-0.3595175966419889,-0.4411377965240392,3.011745612386812,-4.155874862841306,-0.5183810766932426,1.3633402467527649,-1.061023934789926,0.3060631140427809,0.2181546271898771,0.18633204542217682,1.2668463990605778,0.17086272186142423,0.38385934017563217,0.19324637470433478,0.4065386793208247,-0.6753730465884846,-1.6257420624293686,0.4233021347789292,1.1135930948156845,1.4814867260696596,-0.02967292980066417,-0.6159862430303584,0.15612249299142697,0.7190243029628797,-2.162725161262471,0.11824091315143045
-0.1558454184869547,1.147593968651534,-1.607792058142618,-0.5022944273182981,2.2759881799230928,1.2674430079416912,2.2143923412825437,0.05478849596247871,-1.1134115259973116,0.3364257441281601,-1.5085562321021042,2.413989664966173,0.8026543307320939,-0.9438409702411145,-1.3738061470024217,0.4411639087124982,4.2140295758595405,0.8332224056588465,1.3046149156532338,0.7470412105579026,-0.4692970994884624,0.1383836970899785,0.5665714897714714,1.8381629933230355,1.346247972129918,1.6456701395271487,1.1094610665308526,0.06945800516875834,-0.9343165501752029,1.5114885244264753,-1.0115564751715982,1.0388723923559284,-4.006014963401789,5.75063708839416,1.13918137100242,-0.6941740372106384,2.7802550479323846,0.30892056313423905,0.01414122758357516,-0.8936294625756829,-0.30392253571386607,-0.7156202685946833,-0.747943947182201,-1.7897174691841158,-1.482555194449728,2.3116535919102543,2.7767922261461817,0.2015690178957777,-2.2062845769218122,-2.047547935735644,0.8708727593500425,1.6322805331032175,0.1883748897769652,-1.642146241172343,2.2946413652821027,0.21491446645044734
-0.6053127385229886,0.18729322543265897,-0.16312694409770787,-0.3463919852211628,2.1222953171597636,-1.020261025601648,-0.1848231356596216,-0.40227755880111726,-0.44461004705729273,0.18450778580732055,-0.9400343198388542,0.8026543307320939,0.6999794598975603,0.4816357111804469,-0.23384063660057064,0.8138283585042476,1.7265690902065172,-0.09866451224231557,-0.01603760769809089,0.18119485164168356,-2.0500106623052647,-0.33464124531629713,-0.05522039069337252,-0.645786657171116,0.7323327470846221,0.21713302920248356,0.4824400883199037,-1.1376173399338734,-0.5539864394226707,0.9905825682021333,0.6471731522580448,0.1385420009116422,-1.8361732455949662,2.467964666232444,0.18790407064491899,-1.1499801457256464,0.25518567839690076,-0.3913402574600756,-0.22056811374401178,0.07233439504323548,-1.168417311558453,0.03629764089813559,-0.16586659494928374,0.3210787157889376,0.020814111948608546,0.007083780249567555,0.8158248993931247,-0.4774624173451138,-0.47187568713744593,-0.8808196389721537,-0.22046497136046056,0.14224620424665893,-0.20887067233600973,-0.24097449694237055,1.483915181727851,-0.17913872713303577
-0.9676436681842123,-0.8175766473387709,1.3087209845161032,-0.14358665240624147,1.6689640669292218,-3.1981177465561794,-2.5898927034191304,-0.8135163960064073,0.2960758165722769,-0.0237996190375375,-0.2126989337184726,-0.9438409702411145,0.4816357111804469,1.8758183514259077,0.9415738691833913,1.081274985385508,-1.0380236100892104,-1.0317623246207592,-1.367053508488635,-0.43032809481743817,-3.365379325100623,-0.7754703364588915,-0.6554534297818668,-3.0874216298167374,0.029922595293859943,-1.2687069388082253,-0.22275962861490237,-2.217060565036563,-0.1013015368773306,0.3391904233167503,2.2641198023458546,-0.8045373305123904,0.6139616195631687,-1.2198363624314152,-0.7925930213389739,-1.4385821250894195,-2.3412185293730934,-1.04703389344932,-0.4360675837834001,1.0540264976619214,-1.8926247197849815,0.8060710940945343,0.451356150441741,2.4179353988146874,1.528582411673086,-2.3344013550044798,-1.273566890116116,-1.1094831450945672,1.3438498471717075,0.42520650643250857,-1.3020765731760522,-1.3979943520823617,-0.5869942511902194,1.2265123100905766,0.44311378859204703,-0.5609446373724369
-0.193262315599599,-0.7503963681959467,1.1087382849445946,0.19552600132715625,-0.6027751343288298,-1.4607420130137871,-1.7318092833224517,-0.24390662617650938,0.5954597242410555,-0.1455752523625908,0.6321131758701624,-1.3738061470024217,-0.23384063660057064,0.9415738691833913,0.9025359809461336,0.08800233849308131,-2.238127899914455,-0.668166841262039,-0.9663185884122102,-0.4588879290908502,-0.6970054260420608,-0.2708405765850894,-0.4513396831507569,-1.679344344158535,-0.6274662570783749,-1.0999729627678576,-0.5740284932021228,-0.6272352878011201,0.4095592642297446,-0.6194983443818793,1.0702627834532017,-0.6912519013904213,2.031692581181155,-2.989679915981235,-0.747642340006834,-0.07993438619497491,-1.9297825057806968,-0.42942824388700157,-0.12180707683123837,0.6901751333125269,-0.3616607427535409,0.548007150912399,0.4692317448697693,1.4823829466627825,1.1084788217453492,-1.7055028919010338,-1.6384709374945523,-0.3896977242443791,1.393724957487218,1.0640847135709706,-0.751057668305989,-1.1333727615062545,-0.2431821592255831,1.0864435159079555,-0.9393744094962232,-0.24713715215662052
-0.8889157887098341,-0.09733093849790607,0.27647407431358395,-0.3748207183754001,2.552144015865614,-2.0223346057569964,-1.0340368100224615,-0.6503723000475147,-0.3196874705937782,0.1561424416673531,-0.9493023673493337,0.4411639087124982,0.8138283585042476,1.081274985385508,0.08800233849308131,1.126267703631783,1.2802354882749483,-0.43583991997930155,-0.47458567801142315,0.02398891991092127,-3.047604349105994,-0.575208579415402,-0.2628649924479881,-1.6392459807662556,0.7062980018781025,-0.22048115226472065,0.3793902126043364,-1.8121082725693058,-0.5580381901666494,1.0505306509383918,1.3698727161039121,-0.14122415959729176,-1.5270651066789542,1.912535673458935,-0.08357805682480528,-1.5553510405462494,-0.5369890181552611,-0.7159365677113451,-0.3549100753132733,0.42327464690262,-1.7334806791744832,0.30520615113799765,-0.0052656167588116184,1.107087994929377,0.52355603266697,-0.7701075047027376,0.34829099636934935,-0.8213681189074741,-5.534802207399219e-4,-0.6874959625261746,-0.6428837640046476,-0.3334526762999168,-0.3934191725794661,0.18533477324870867,1.5405828110171544,-0.3575962159919481
-0.6930108921728018,1.8526343253127187,-2.530739436028321,-1.0153027166783215,5.0180367073226435,1.1188084465327444,3.1661670266112627,-0.227270642404868,-2.000031212555579,0.6287016394711082,-2.9617816276437425,4.2140295758595405,1.7265690902065172,-1.0380236100892104,-2.238127899914455,1.2802354882749483,7.6109541062895705,1.1707007972299985,1.9265056848933384,1.2506686958206086,-2.264227913916764,-0.05187489896574142,0.8117938243337587,2.2404869134144563,2.5774743321858953,2.6148553252972158,2.0236262578639974,-0.7699220868946299,-1.8200421821874424,3.021837643022116,-1.0051000600651077,1.6482177226322634,-7.388606764688223,10.461051987505835,1.84687272438638,-1.9033267749833465,4.3506576703463145,0.16475742954443526,-0.1493049379869019,-1.2690692514848068,-1.3563326725782723,-1.0396904960460043,-1.243597934033391,-2.422193984929325,-2.201590797809033,3.4564476088464735,4.771187950026438,-0.06743838306674893,-3.658639619809053,-3.72776362774001,1.1255942631983629,2.54325914126027,0.11853286312576522,-2.6283618613078263,4.554857741849608,0.17989536367518183
0.42986416997329413,0.5682418056257083,-0.8774415400842565,-0.01447719680141663,-0.41463553133352904,1.7085958552131606,1.5750821990531612,0.38992485850370273,-0.3188001005886552,0.05961304057077791,-0.1410948356441958,0.8332224056588465,-0.09866451224231557,-1.0317623246207592,-0.668166841262039,-0.43583991997930155,1.1707007972299985,0.6200930484381605,0.8493783238812904,0.3216185133388054,1.5041245836085124,0.3851100116109255,0.40308154890275255,1.7426941989770683,0.20792359163190507,0.8590849939760944,0.2839453916196608,1.0496315351933703,-0.10495344720833322,0.08950821926818406,-1.2219156438366825,0.542538798672665,-0.9398536949400037,1.5010116964303652,0.5579272198800124,0.5671832189746312,1.5513933482438442,0.5423448329724262,0.20596444545739315,-0.6355540931620318,0.8348353434688534,-0.49363926204530273,-0.3330956730970835,-1.4232233654992712,-0.9596546519317546,1.4702608192120485,1.0491715869471527,0.5517408310554037,-0.9902423762220405,-0.5308236738949738,0.7497901562342467,0.9196678584878478,0.3047170597742674,-0.8387737479592439,0.1622035022392355,0.2963476806833592
0.5000857912426939,0.8312160384127991,-1.2515024201734737,-0.07741484195137435,-0.22631926011827982,2.216501945559092,2.174439573506547,0.48088739684640297,-0.5228692872824824,0.12818118198407077,-0.3620213371879313,1.3046149156532338,-0.01603760769809089,-1.367053508488635,-0.9663185884122102,-0.47458567801142315,1.9265056848933384,0.8493783238812904,1.1964555683220766,0.4828517249306594,1.7633269827742504,0.48626399612030424,0.548567836098378,2.3452212092498557,0.4061062926012808,1.2485725874852274,0.4793283597282126,1.2849198271285998,-0.23825642302826844,0.28172531089748815,-1.6139811296582536,0.7923032362727939,-1.6167878053815254,2.5235591578755034,0.8110753767473221,0.5907504747394369,2.2098332388577937,0.6916887170380678,0.253206036858697,-0.8888460354992871,0.9861522920371145,-0.6850558224109636,-0.4934573251665474,-1.9458263451179527,-1.3377787341696918,2.0606005954828075,1.6045117733197038,0.6966090869456519,-1.4618040816009463,-0.8927769386139877,1.0206205360645821,1.3136322268772633,0.39541992672937776,-1.2225906263570008,0.47813619328792817,0.3895415273908656
0.04122543413493671,0.3889738227893085,-0.554803728130603,-0.12433134898669153,0.47679513249772754,0.634082458138012,0.8387678270355441,0.08833379099226539,-0.33212419193277554,0.10029095399083846,-0.3996879493689758,0.7470412105579026,0.18119485164168356,-0.43032809481743817,-0.4588879290908502,0.02398891991092127,1.2506686958206086,0.3216185133388054,0.4828517249306594,0.24656469646324755,0.17089751266413403,0.10886676215115701,0.20903571854919634,0.7822258354453621,0.3622177430204387,0.5660070755967213,0.32501485521538614,0.2198574353603441,-0.24514264399559463,0.3821025004198699,-0.485035709446771,0.3588562692024535,-1.15424103137052,1.6912507169950386,0.38113509198450346,-0.06453778959220921,0.9731784834921665,0.17857667572857958,0.04474947141746947,-0.34144764262684835,0.08668797944806403,-0.2716429220311573,-0.24678595526442818,-0.7068752002520409,-0.5403268573748431,0.8440370213849047,0.8731626669594318,0.15648752134840274,-0.724059255003958,-0.6001671421908957,0.35601487266412024,0.5752511331403184,0.10485435957049999,-0.5629894838099063,0.5934604258953688,0.11044530851594625
2.4702416075242413,0.6458275997215955,-1.3073046945887157,0.8986926506159971,-6.494958847259491,6.1402617910301815,3.6467392115511963,1.859477793539104,0.5456772224169159,-0.34033734010122074,2.2062797555727567,-0.4692970994884624,-2.0500106623052647,-3.365379325100623,-0.6970054260420608,-3.047604349105994,-2.264227913916764,1.5041245836085124,1.7633269827742504,0.17089751266413403,8.483517384138404,1.6727439610870583,0.9333451513356739,5.236112103743639,-1.5603675757345208,1.1553289276514265,-0.7165454311544867,5.153614439376379,1.276462708088057,-2.484020911971605,-4.202785107037183,0.7336540975399853,3.02909880990302,-3.561934543544926,0.6076580302179098,4.185490596581826,2.421134712146601,2.128624186094356,1.0083703031146007,-1.4854006336743182,4.810668326598492,-1.0935005606575616,-0.2262310994536472,-3.7153946106216402,-1.96626288167547,2.9290550822833255,-0.08545126694393057,2.390067714039771,-0.7144099502963646,1.2854773909372545,2.101813016144034,1.4706674250719347,1.17451926718602,-1.0533551514226462,-3.6253982141778027,1.08109408508982
0.4838481036288906,0.24276597807925884,-0.4170415478817595,0.1341768277400658,-1.0957130832640032,1.3654961784135127,0.952013630192297,0.38273464794261847,0.002768874754971026,-0.030591371342549932,0.2974969194856431,0.1383836970899785,-0.33464124531629713,-0.7754703364588915,-0.2708405765850894,-0.575208579415402,-0.05187489896574142,0.3851100116109255,0.48626399612030424,0.10886676215115701,1.6727439610870583,0.35369993565709,0.23954041106670637,1.2413141455493515,-0.19033474541141918,0.39488011765598446,-0.03763386259895836,1.053305502908094,0.17009641685348548,-0.36056957391576333,-0.9539620396156915,0.2515286325154692,0.2285670560845804,-0.16323529882333973,0.23124787452249815,0.7775328894715745,0.7581971816678824,0.46074171031682415,0.20705995248563452,-0.3901641298569107,0.9480010215982378,-0.2924248445591379,-0.11852569539513409,-0.9261516768804476,-0.5389483431137536,0.816995752522016,0.2485791211299541,0.5055131830710716,-0.3558634281144759,0.06251301744244109,0.5114313141741382,0.45708110834209426,0.25714378712906266,-0.374668261719361,-0.5107501114741788,0.24130977606086698
0.27066571667397366,0.37457153612832456,-0.587838212867152,-0.020419507524105273,-0.21715386905453887,1.0935720648738148,1.0287407678948481,0.24298078536523707,-0.22020588801125962,0.028439484070370807,-0.10643480249272252,0.5665714897714714,-0.05522039069337252,-0.6554534297818668,-0.4513396831507569,-0.2628649924479881,0.8117938243337587,0.40308154890275255,0.548567836098378,0.20903571854919634,0.9333451513356739,0.23954041106670637,0.27476563547820415,1.1181592112865972,0.16727898031901964,0.5646785027827327,0.19755729496789295,0.6508623886809138,-0.08859048513578537,0.09269959180989264,-0.7705447703758161,0.3531812645026099,-0.6675277709298896,1.0401325916209614,0.3760071570285034,0.34922549223897065,1.0237703962733815,0.3453789729020411,0.12494845109774624,-0.40780427394636254,0.5106549031261085,-0.31628293148216496,-0.22074991494244178,-0.9235632184290811,-0.6357597609818572,0.9620896770165868,0.715704320233743,0.3438366945388127,-0.6661869130217141,-0.3707851440942466,0.48237315207603293,0.6015803755561083,0.191804603229024,-0.5489772073623368,0.13881685909951672,0.1856503883853906
1.5058494204397912,1.4554240574615849,-2.2966615767477165,0.15303874137052678,-2.3033494503981298,5.2167650702929835,4.400799499597581,1.2901579262415457,-0.6287903285309917,0.08666159744010424,0.11979406368402278,1.8381629933230355,-0.645786657171116,-3.0874216298167374,-1.679344344158535,-1.6392459807662556,2.2404869134144563,1.7426941989770683,2.3452212092498557,0.7822258354453621,5.236112103743639,1.2413141455493515,1.1181592112865972,5.136633627964657,0.1495492092315524,2.2420799767457966,0.510884682399977,3.5025757649468,0.021764884161633077,-0.3191614582157857,-3.71307594997612,1.4217666321006275,-1.5410687987101186,2.7525116129188483,1.4160673284862477,2.161964296972406,4.084477581546702,1.6920957116176143,0.687119503667747,-1.7947923730838173,2.9460421749172947,-1.3675512398785297,-0.8165495504939568,-4.0737896760150205,-2.626001566669841,4.010500159799403,2.411591385656891,1.7765634774921304,-2.435737533095246,-0.9670445513216716,2.1819602328392307,2.4357603305027853,0.9536349168228495,-2.1709318375045905,-0.37026802400454406,0.9160737530456221
-0.4607085113450341,0.5024452194783519,-0.65588840060781906,-0.4063663277852343,2.2077363897277578,-0.278081236637995,0.6067168264866758,-0.2614756205671268,-0.671657835035203,0.21227851817420448,-1.1271513315759407,1.346247972129918,0.7323327470846221,0.029922595293859943,-0.6274662570783749,0.7062980018781025,2.5774743321858953,0.20792359163190507,0.4061062926012808,0.3622177430204387,-1.5603675757345208,-0.19033474541141918,0.16727898031901964,0.1495492092315524,0.9656067679884799,0.6835410217302994,0.6958170287103291,-0.769180301704835,-0.6961191114449939,1.193628779125248,0.1314400379441792,0.4265942538382082,-2.5913087158305044,3.579840509533212,0.5128628231765847,-1.003983180483414,1.0968685166913694,-0.1651269480096442,-0.15271460663835046,-0.23212105280922568,-0.9153984324486868,-0.2039182759426034,-0.35901224558390676,-0.36707977184921686,-0.48594113027953706,0.7664833457088466,1.4863683749678724,-0.2693385392151116,-1.0607171489245135,-1.279936220247318,0.12895538302207216,0.6301034483079334,-0.08580852771103711,-0.6957680161138028,1.7675517714910285,-0.058797533003627125
0.3219618164075467,0.9365714652433687,-1.3764817105446387,-0.20065737454350777,0.4858376466821103,1.98285707057136,2.224296073643651,0.3672949820882477,-0.7014379285516442,0.18931342181872693,-0.6957173837965763,1.6456701395271487,0.21713302920248356,-1.2687069388082253,-1.0999729627678576,-0.22048115226472065,2.6148553252972158,0.8590849939760944,1.2485725874852274,0.5660070755967213,1.1553289276514265,0.39488011765598446,0.5646785027827327,2.2420799767457966,0.6835410217302994,1.3850114512553584,0.6680985576558095,0.9589478099988491,-0.44259562539586655,0.6387759278302461,-1.469085598174227,0.8772564976755908,-2.3288197427372315,3.4917033834365236,0.9200910289673135,0.23282493661390163,2.4110961071489587,0.5938930161429926,0.1886305868299006,-0.9063668805958006,0.6351509589243064,-0.704508573522268,-0.5744568949147989,-1.9363216002687105,-1.4038024158147318,2.1684168604709497,1.9695452799813353,0.5666960920137394,-1.7009787193961585,-1.239430237930479,0.9963491254936465,1.4272708681805395,0.34322459295010704,-1.3641117719764175,1.0057890770551472,0.346398481082497
-0.217623951333222,0.4756328903360204,-0.6419969011079079,-0.27856894100744534,1.4075111763373513,0.2020529244437529,0.7746131282813019,-0.0863412132802755,-0.5313468226895433,0.17143858985155597,-0.8080724693707273,1.1094610665308526,0.4824400883199037,-0.22275962861490237,-0.5740284932021228,0.3793902126043364,2.0236262578639974,0.2839453916196608,0.4793283597282126,0.32501485521538614,-0.7165454311544867,-0.03763386259895836,0.19755729496789295,0.510884682399977,0.6958170287103291,0.6680985576558095,0.5399558564923619,-0.2760741410200437,-0.4943996541040311,0.825503539042864,-0.2029353374003821,0.4215465838317171,-1.976057122912996,2.7894638385590853,0.47381888898478164,-0.5605581402589571,1.1018437898941205,0.011609180352750168,-0.05355578216422835,-0.3115441254059616,-0.42369564105439905,-0.2561028561633967,-0.3219102292573412,-0.5798326529583562,-0.5465086330288772,0.8612451090752686,1.2488104644338363,-0.052070039254619505,-0.9458650485561104,-0.9940238074095715,0.2645181764999957,0.6440230080559695,0.014260589696605002,-0.6730440655213115,1.2449437588421757,0.03179110424892531
1.4952608238863219,0.5698763154409545,-1.0377061661498397,0.4801331237110783,-3.6617749507253987,3.9675586455133582,2.5728086692871894,1.1545898004821193,0.17050802139554955,-0.1488303172534323,1.1280159835275267,0.06945800516875834,-1.1376173399338734,-2.217060565036563,-0.6272352878011201,-1.8121082725693058,-0.7699220868946299,1.0496315351933703,1.2849198271285998,0.2198574353603441,5.153614439376379,1.053305502908094,0.6508623886809138,3.5025757649468,-0.769180301704835,0.9589478099988491,-0.2760741410200437,3.1886649246446637,0.6507647650782167,-1.311771820934761,-2.747062687239521,0.6105759976001618,1.2748341919122281,-1.3354473468109171,0.5396115575786133,2.468348794577214,1.901623915802066,1.3560270938407082,0.6256730493739111,-1.052656031755436,2.922590079878413,-0.7827838645247116,-0.25103166178191044,-2.5544561338709855,-1.4258635564128967,2.1470771728913025,0.3547985761463407,1.5051378951018102,-0.7634130578935906,0.4877825416847293,1.4262693271392015,1.1504058365906316,0.7530776962206855,-0.8970782923240986,-1.888517878471115,0.7004637638192766
0.3767141376982301,-0.3296093769719208,0.4149573810496185,0.29985357558979,-1.6708263198141682,0.3423366696636516,-0.32585938622055316,0.22382953996792834,0.4738543716672698,-0.1590067873892028,0.828953518216193,-0.9343165501752029,-0.5539864394226707,-0.1013015368773306,0.4095592642297446,-0.5580381901666494,-1.8200421821874424,-0.10495344720833322,-0.23825642302826844,-0.24514264399559463,1.276462708088057,0.17009641685348548,-0.08859048513578537,0.021764884161633077,-0.6961191114449939,-0.44259562539586655,-0.4943996541040311,0.6507647650782167,0.5069866026051421,-0.8748791582182761,-0.18860150700365133,-0.2772333027851385,1.846543329916176,-2.5417643190894683,-0.3352484273821533,0.7937660267060443,-0.6903400412617021,0.16583399128331183,0.12834795169105234,0.12615326701544646,0.7407752575114661,0.11352386630936735,0.24031676082569947,0.16209103389791846,0.28306041576415863,-0.4533952633182812,-1.0188143995758518,0.24140113424640577,0.7072905922572138,0.9084944587876354,-0.03912496600869114,-0.3964880277866371,0.08631378391816685,0.4534114868409135,-1.3005865998692228,0.06513840670119217
-0.7323297671329366,0.4889505373904507,-0.592506057286265,-0.5254565033112331,3.0075410288531077,-0.8672325045241428,0.3258262359763991,-0.456106800023247,-0.7826353069743187,0.26632935423452253,-1.436174438420119,1.5114885244264753,0.9905825682021333,0.3391904233167503,-0.6194983443818793,1.0505306509383918,3.021837643022116,0.08950821926818406,0.28172531089748815,0.3821025004198699,-2.484020911971605,-0.36056957391576333,0.09269959180989264,-0.3191614582157857,1.193628779125248,0.6387759278302461,0.825503539042864,-1.311771820934761,-0.8748791582182761,1.5300613140961623,0.5271290735277064,0.3980270656886724,-3.106747473397168,4.2355945334445915,0.5015722136854921,-1.4810958929572173,0.975542287925073,-0.3755144602531307,-0.25785984707807835,-0.1166150597757416,-1.4426002048122062,-0.1250830688326716,-0.37211611484942025,-0.05698035403823028,-0.3464190719157358,0.567455532485723,1.6267816836866142,-0.5124328441241899,-1.0904654222645929,-1.5144121863688875,-0.053379410376247896,0.5540543283993367,-0.20160504936291532,-0.663407018085589,2.2647584334008837,-0.16315383966415864
-1.2095242711485932,-0.9397334704840921,1.512409433111351,-0.2119113139884136,2.220726211247516,-3.876422057274503,-3.0628198115788816,-1.0061496402575378,0.29429146208278145,-0.016055000974099745,-0.3595175966419889,-1.0115564751715982,0.6471731522580448,2.2641198023458546,1.0702627834532017,1.3698727161039121,-1.0051000600651077,-1.2219156438366825,-1.6139811296582536,-0.485035709446771,-4.202785107037183,-0.9539620396156915,-0.7705447703758161,-3.71307594997612,0.1314400379441792,-1.469085598174227,-0.2029353374003821,-2.747062687239521,-0.18860150700365133,0.5271290735277064,2.746418105094041,-0.9342579740138611,0.4901965869552599,-1.1349904745653645,-0.9056047645534777,-1.8221874618001017,-2.713575746673893,-1.2758087495300536,-0.5406477716710899,1.254155327881947,-2.3744226022440786,0.9513658233721884,0.5091961739336331,2.8823599608478965,1.7945067341353211,-2.740160441184048,-1.3931982820013797,-1.364321947422095,1.5165151921208313,0.3921796909962462,-1.5609154864620252,-1.6255118571832967,-0.7174178896878715,1.4160266613443155,0.700252512324165,-0.6839587816900871
0.20361010440912813,0.5926930741855403,-0.866725565667112,-0.12555961531715673,0.302753813703417,1.2534102225882044,1.4052411999504486,0.2336779162067643,-0.44278577639804634,0.1251091303408102,-0.4411377965240392,1.0388723923559284,0.1385420009116422,-0.8045373305123904,-0.6912519013904213,-0.14122415959729176,1.6482177226322634,0.542538798672665,0.7923032362727939,0.3588562692024535,0.7336540975399853,0.2515286325154692,0.3531812645026099,1.4217666321006275,0.4265942538382082,0.8772564976755908,0.4215465838317171,0.6105759976001618,-0.2772333027851385,0.3980270656886724,-0.9342579740138611,0.5570892279215085,-1.4654996558009172,2.204355767722469,0.5795106109046992,0.14552645914723103,1.521449941788907,0.37542875870837333,0.12074376912000315,-0.5763566140421477,0.40737971469958556,-0.4462470986657234,-0.3627550387163017,-1.2254481070908263,-0.8849618260173446,1.3702843714284603,1.2411413467207535,0.36074232202840073,-1.0719186941236098,-0.7817345053440703,0.6320847229218655,0.9026937037730898,0.21846184781823982,-0.8642490901719607,0.6342155114702706,0.22088833462027968
0.9125696061668797,-1.6691370207035086,2.240505038100054,1.0497384184194922,-5.403672725783323,-0.3987460097167204,-2.5853726265034607,0.4124449670195194,1.935520809583686,-0.6191160597385393,3.011745612386812,-4.006014963401789,-1.8361732455949662,0.6139616195631687,2.031692581181155,-1.5270651066789542,-7.388606764688223,-0.9398536949400037,-1.6167878053815254,-1.15424103137052,3.02909880990302,0.2285670560845804,-0.6675277709298896,-1.5410687987101186,-2.5913087158305044,-2.3288197427372315,-1.976057122912996,1.2748341919122281,1.846543329916176,-3.106747473397168,0.4901965869552599,-1.4654996558009172,7.263598590851467,-10.19835919726423,-1.6712996987228157,2.227859123582632,-3.829530349849343,0.07115324109608212,0.24898092050768889,1.028777016719985,1.79094741738352,0.8586831218763357,1.1435684849181158,1.8768733565013396,1.8604408140818007,-2.933496891944927,-4.491294099270696,0.32004970207776323,3.3618236900634666,3.636751114291153,-0.8302414969180862,-2.230107474513284,0.01535812072551156,2.3521943762701114,-4.6610893189327145,-0.051613403431159985
-1.0844009341866871,2.481875386037886,-3.3547189668142,-1.42889267752697,7.185212454463313,1.161234763069176,4.087944429706025,-0.41317795731052737,-2.748266237817002,0.8879727392467259,-4.155874862841306,5.75063708839416,2.467964666232444,-1.2198363624314152,-2.989679915981235,1.912535673458935,10.461051987505835,1.5010116964303652,2.5235591578755034,1.6912507169950386,-3.561934543544926,-0.16323529882333973,1.0401325916209614,2.7525116129188483,3.579840509533212,3.4917033834365236,2.7894638385590853,-1.3354473468109171,-2.5417643190894683,4.2355945334445915,-1.1349904745653645,2.204355767722469,-10.19835919726423,14.415054258330178,2.469630604090943,-2.8352982884353812,5.762530104572462,0.09930903451298022,-0.25834723092551837,-1.6478452521601699,-2.1063531354287606,-1.3499135938348763,-1.6750488012358178,-3.080044573456537,-2.8718291254923747,4.524677175642087,6.479409661752236,-0.22461681662867278,-4.921382420555688,-5.136174102480671,1.4140128391027058,3.3707630223036533,0.09688718477796784,-3.5153931224412833,6.395578476058976,0.18659767518989054
0.1693290173809931,0.6261145208273042,-0.9229089022832198,-0.15887387604941322,0.47658129068837435,1.22989831307246,1.448702475325895,0.2095317374341225,-0.49281863653955693,0.12412777246793844,-0.5183810766932426,1.13918137100242,0.18790407064491899,-0.7925930213389739,-0.747642340006834,-0.08357805682480528,1.84687272438638,0.5579272198800124,0.8110753767473221,0.38113509198450346,0.6076580302179098,0.23124787452249815,0.3760071570285034,1.4160673284862477,0.5128628231765847,0.9200910289673135,0.47381888898478164,0.5396115575786133,-0.3352484273821533,0.5015722136854921,-0.9056047645534777,0.5795106109046992,-1.6712996987228157,2.469630604090943,0.6220659478155651,0.07645213779156596,1.605869120674676,0.36229382577111957,0.10464669626431095,-0.5818854975329829,0.3220396656085184,-0.457150628222878,-0.38916932974611224,-1.2452587728299775,-0.9257971379515613,1.4243635731621656,1.3587014740764738,0.3325780973485432,-1.1569104423720669,-0.8788066137942433,0.6333571239184008,0.9451234018870991,0.20718910285984912,-0.9072656739320697,0.7666696395398745,0.21032539611714296
1.223899358904411,0.08694366255311019,-0.326725539993804,0.5294631542301025,-3.5729991864948936,2.7238267678859303,1.334234659999594,0.8848713710359556,0.47948329962340025,-0.24314989996524916,1.3633402467527649,-0.6941740372106384,-1.1499801457256464,-1.4385821250894195,-0.07993438619497491,-1.5553510405462494,-1.9033267749833465,0.5671832189746312,0.5907504747394369,-0.06453778959220921,4.185490596581826,0.7775328894715745,0.34922549223897065,2.161964296972406,-1.003983180483414,0.23282493661390163,-0.5605581402589571,2.468348794577214,0.7937660267060443,-1.4810958929572173,-1.8221874618001017,0.14552645914723103,2.227859123582632,-2.8352982884353812,0.07645213779156596,2.164110146888823,0.6372554166112935,0.969693254585847,0.4817090791161362,-0.5350074790520177,2.3696525923651994,-0.3886148695581265,0.034737251820636576,-1.4435321468624804,-0.6672177116954342,0.967769243528063,-0.5735834503462585,1.1106720947684936,0.07608121621109509,1.0164266205563575,0.8403393984680974,0.39286362915417794,0.5273288276062316,-0.18469584457804747,-2.1953699725561986,0.4760889111644598
