V1,V2,V3,V4,V5,V6,V7,V8,V9,V10,V11,V12,V13,V14,V15,V16,V17,V18,V19,V20,V21,V22,V23,V24,V25,V26,V27,V28,V29,V30,V31,V32,V33,V34,V35,V36,V37,V38,V39,V40,V41,V42,V43,V44,V45,V46,V47,V48,V49,V50,V51,V52,V53,V54,V55,V56
1.5075678403635941,0.2694404549383061,0.17423369241993839,1.3858216827584418,0.6952477375191352,0.7857242465599259,2.564916149547701,1.3397500998386953,0.26764833113133796,0.8430388842582552,0.5708870662485763,0.2710345264541564,-0.1612293607650028,0.13038794744514243,-0.42202276444955983,1.6212603251659978,-0.7113011923945936,-0.5102884970171876,-0.9365794628760432,-0.391041639230204,-0.5003713541556922,-0.3741747374562766,0.5139507373854116,-0.2000961979569808,-0.5346021333264898,-0.36978830476370667,-0.18014524442734448,1.9091440468592122,-0.158256029184226,-0.5243275431709312,-0.7007812792401132,-0.5479158238257328,-0.6825247457783451,0.21870036449298635,-0.74554287794349,-1.6083729309923682,-0.11779542479306933,-0.4137796576187038,-0.7198033975119432,1.1872002033049047,-0.014955032993755347,-0.1643870144313705,0.5398483405611039,0.549549136338198,-0.8520249460310801,2.2512800548281566,0.5714044407392754,1.9435874270208653,-1.0939008859959132,1.5398499116928095,0.05172419973679476,1.5639549406740005,0.5319624653475935,-0.8352149621155701,-0.4282592081505566,-0.32523790920009155
0.2694404549383061,1.2621247764846875,-1.022199951083215,0.666192175359777,1.104628864365479,1.3548403925114223,4.154327701146435,-0.7736161372242888,-0.3238172279088044,0.31343851800325195,1.176464998474883,1.5128200511006127,-1.0185469857811604,-0.672421361606232,-1.146265081441019,2.0152261381595844,-1.3606119897425832,0.45880889770529915,-1.265351810103143,-0.9536447963418706,-0.30121803597778063,0.014026715878912814,1.3819925955709038,0.10025840298234016,-0.4942327962051282,0.9355048249670782,0.47222890691946506,2.1508539436822764,-0.421924500097315,-1.96169621944446,-1.3357986019792314,-0.9313911194143832,-1.6609194381389294,1.1808873994500775,0.019040658093026814,-0.001088961809770591,-0.2799575227259332,-0.5196968584584947,-1.5047796578668753,0.9336346697773045,1.1134652074415954,-0.1988164334773715,0.7017856706228857,-0.10324621595428057,-1.2422953103067074,0.5668292785654552,1.6519846223806045,2.181494143686417,-0.015517923770607718,1.947682146934083,0.533756779659419,1.5454105125164432,-0.17361889416297774,1.5831296382926892,-0.8882830777534014,-2.317930180641991
0.17423369241993839,-1.022199951083215,1.194502869215849,0.07319578235767508,-0.710343226645444,-1.6948758338726526,-3.381434308431305,1.0026912711617153,0.07211904413637607,0.25644867171545016,-0.8446837621592073,-1.2436332763403435,1.48558509735852,0.730731703716095,1.4684959892657348,-2.1575081408285253,1.6705515220767613,-0.4356673298101767,0.9788029302327,0.7010674354793888,-0.18644217573187785,-0.479500089782062,-1.4278938340548,0.09612604845107578,0.4645876246080125,-0.6728507309527325,-0.4644766135754214,-1.3985089403274966,0.8718334410060093,2.0085433336765712,0.8360173846359713,1.1668391070801425,1.7118878404101734,-1.1203862343746835,-0.3659454093420873,-0.7374551938615101,0.6546125056269437,0.9029091454962302,1.5154879992582242,-0.3157822171427243,-1.3932550903454664,0.6700048620022058,-0.9754824030568884,0.3423129286128173,1.1824447828761695,0.35814335367409494,-1.460148381745609,-2.200616825628651,-0.7063065321038453,-1.49246817456252,-0.9145590408190631,-1.4278633181274019,0.33827334244074875,-2.2416913324107437,0.7304827874378521,2.7413307769246327
1.3858216827584418,0.666192175359777,0.07319578235767508,1.7403716814136112,1.0661261415081766,0.33376707204757045,3.1652359019832295,0.8580982965246468,-0.18098741275298205,1.163079522842763,0.94058401502031,0.7566487233802407,0.2249367779941985,0.011969571026570437,-0.10554196635305992,1.1776340883532677,-0.33181333669861485,-0.15866580663088053,-1.0954693171234662,-0.6995039305173008,-0.8735209332824314,-0.7241039671553192,0.523650677261009,0.12714862290596382,-0.4478199317559913,0.2771901286492067,0.007503288635206449,2.356504924399591,0.3267094492143315,-0.6451596618024225,-1.2241673368715014,-0.2313818389886062,-0.6636961921146297,0.4444794435216775,-0.807381543980239,-1.745989158672914,0.30142339783922534,0.09248741810891836,-0.6950093183061798,1.5336004967435268,-0.09543052890654775,0.3851162140645561,0.1312542932862065,0.5621853625233985,-0.8153742412137321,2.431716592066499,0.869382833237648,1.520236297243417,-1.4124373215673387,1.787938128321368,-0.2923552167707707,1.3374979051945868,0.4471560211454038,-0.9026361733981372,-0.5863766554656042,-0.18342208773898622
0.6952477375191352,1.104628864365479,-0.710343226645444,1.0661261415081766,1.1560059006305772,1.1600359968911902,4.09057457613092,-0.185242676634202,-0.2518259574027132,0.600726240843723,1.1469305969791215,1.3132529561353976,-0.7052359165063751,-0.46959446807676797,-0.9087912546401352,1.946176632954374,-1.1559971539983043,0.23770617023714077,-1.2849483645046649,-0.9121785623456233,-0.4817133016176901,-0.21371669192089127,1.1946212874653248,0.08939718884545528,-0.5323765042641351,0.7036136639982271,0.3290141138842558,2.3590470836250517,-0.24886510596672112,-1.640259352981173,-1.344063967234915,-0.7995135335458811,-1.4474140926977193,0.9994344489698983,-0.27265905080498853,-0.6257499600724399,-0.1434610591926364,-0.39672546282578586,-1.3455492606205783,1.186034402263105,0.78468819941481,-0.07098059322620784,0.5947681235227692,0.1377438461955227,-1.198613238571394,1.2714604714251223,1.4732870750743219,2.1839203504692732,-0.475041094261064,2.0344023431583267,0.3219600232646371,1.6358287530826423,0.04399199372468849,0.8296366003604013,-0.8277130319860573,-1.7751729286647593
0.7857242465599259,1.3548403925114223,-1.6948758338726526,0.33376707204757045,1.1600359968911902,3.793474565689019,6.351502559769909,-0.19123949780113078,0.5640379117938644,-0.2749315782078254,1.2542443695442578,1.6132197677208366,-2.9572927649266383,-0.9763477803405075,-3.0322367965856634,5.003878284560217,-3.596465932076527,-0.034808013653891294,-1.980417847958363,-1.0147363850710311,0.4506004403086292,0.9588807732179868,2.5971157084684533,-0.6424603997331663,-1.191947571404659,0.09002614149971022,0.4287211995999704,2.9122380599467914,-2.0723006485328614,-3.421689782904016,-1.1373667075024747,-2.5903190444350175,-3.178087895975261,1.6748874096883375,0.18981174224896633,0.3523065309633088,-1.6269652539298198,-2.3075065403717643,-2.9285085411323024,0.8509308549607165,2.3166638101017036,-1.7982007720195832,2.402272273485087,-0.21550831856379477,-2.460793053523427,0.6104378503440754,2.3292764693178287,5.2397825430457265,0.8336975068221618,3.0468680150851086,1.9025936863228414,3.5514179056149477,-0.10693179018262457,3.2201634127120156,-1.2413179304764994,-4.795240195245717
2.564916149547701,4.154327701146435,-3.381434308431305,3.1652359019832295,4.09057457613092,6.351502559769909,16.515012781537514,-0.7242320199054991,-0.16348646562500554,1.3946648812509348,4.217333190230654,4.936295484611671,-4.434806076420294,-2.090537179955329,-5.031591803262548,9.549559862398118,-6.190487825902342,0.633508221896074,-5.183699280918245,-3.333053771806501,-0.927461304875981,0.26001141411736384,5.463271236683356,-0.34068488948975173,-2.4693354673535035,1.9989343924046392,1.2486887230178112,8.878774452130672,-2.4393697809633914,-7.390106840602369,-4.645357395519346,-4.368659869967925,-6.652955197696351,4.143624918315361,-0.5604436300896545,-1.36290529977299,-1.7689481488746603,-3.061329728618237,-6.141836879581832,3.91574557804943,4.117136176486479,-1.7529961636992746,3.671635547091428,0.15291856783812732,-5.388180379661833,3.952512733815587,6.011285327614834,10.393005835382075,-0.5635458018999241,8.134209445005075,2.5005567257822703,7.45733865086738,0.017427001398456494,4.9802115681353,-3.324042734541959,-8.89444659094222
1.3397500998386953,-0.7736161372242888,1.0026912711617153,0.8580982965246468,-0.185242676634202,-0.19123949780113078,-0.7242320199054991,2.078249425147368,0.5707927837859393,0.5738350405427552,-0.4087350336040261,-0.9770324850055586,0.5924449696307871,0.673052265783958,0.4229210346296589,0.124943862337345,0.29225033287425656,-0.9368064022344174,0.06456281870335856,0.3866373603148671,-0.2198726551950291,-0.3598260136403205,-0.5721886257114744,-0.30561602630306794,-0.16944854048821476,-1.205441316651409,-0.5743173692010561,0.2049200074858342,0.11116035424542287,1.038401747294352,0.4202767910443095,0.13376094064526514,0.6243915296078058,-0.7365825666982768,-0.7831990041716452,-1.652085228409682,0.04677258273246771,-0.06686675964569191,0.4463608159710205,0.44745975600643284,-0.8955734215738133,-0.06343831574557575,0.04448089919932907,0.6638231114040618,0.11987593272955231,1.8522427283557084,-0.775849954642857,0.3184455046225453,-1.0746713327114517,0.0010433630838323164,-0.3322221391509612,0.4186534427807701,0.6998393862708815,-2.092016123998629,0.2975378387462527,1.4776672923051029
0.26764833113133796,-0.3238172279088044,0.07211904413637607,-0.18098741275298205,-0.2518259574027132,0.5640379117938644,-0.16348646562500554,0.5707927837859393,0.48506150682715554,-0.2305486719275031,-0.2474652169594632,-0.3954474310959144,-0.42531266051374444,0.11746806062785106,-0.38688133613165127,0.6759085928282527,-0.48616544717021076,-0.36325606618004075,0.016949460984487612,0.22700696779969362,0.325942033417418,0.3218666819681808,0.08784033766494388,-0.3432426450195534,-0.18042575521367732,-0.6301284411730755,-0.17999232069250065,-0.167585984360948,-0.4971792879365774,-0.014555926751083553,0.39442750607270693,-0.38065224912894424,-0.13086791823557525,-0.1440657886065989,-0.01786523013392325,-0.031140883397092128,-0.4189348270877796,-0.5566953596552996,-0.14251490305150183,-0.20802306632235693,0.10738153797423138,-0.562119966945286,0.47790387773966503,0.03321561959760011,-0.19237789119799514,0.0867517723152624,-0.1826731864893609,0.6761742734432673,0.2155156059368748,-0.0065189992826580525,0.34721332045577097,0.44472506312497057,0.13054345154848063,0.023220552983961005,0.09196496027550881,-0.24110958472215815
0.8430388842582552,0.31343851800325195,0.25644867171545016,1.163079522842763,0.600726240843723,-0.2749315782078254,1.3946648812509348,0.5738350405427552,-0.2305486719275031,0.8513129267296864,0.5052490692812167,0.34565459960317285,0.5439790295646162,0.11866488536013733,0.32546660692669027,0.14734138734755703,0.2454865531334526,-0.08538627328840284,-0.5102400742519404,-0.36818206721830465,-0.6834827453370038,-0.6388661455934064,0.035797721033015206,0.18663903799233253,-0.14205894557885468,0.21768588051515594,-0.039022169728363136,1.2685308147988674,0.5084410858330883,-0.019049822510839226,-0.7279861519685115,0.17943318344272538,-0.06238982191762487,0.10382978837601038,-0.5735905703481522,-1.235583635728477,0.4301475913775189,0.3814752431801532,-0.10927130682442164,0.9656601731936211,-0.3534272145094557,0.5189049030554924,-0.23456588220781696,0.4088370139322566,-0.2393500098749151,1.581704453867608,0.32643996026951494,0.3592908371240184,-1.0894905021900123,0.8500653308511688,-0.4520068821967355,0.44821636627215133,0.31091684854269386,-1.0147681036880416,-0.26130574850550337,0.4770826201626415
0.5708870662485763,1.176464998474883,-0.8446837621592073,0.94058401502031,1.1469305969791215,1.2542443695442578,4.217333190230654,-0.4087350336040261,-0.2474652169594632,0.5052490692812167,1.2023812426374212,1.402861878509629,-0.8444764731426248,-0.5374391897920228,-1.0125378712319846,2.046082119833475,-1.2646768999566265,0.3237778599216649,-1.3099867182780902,-0.9417985784029056,-0.42193022523158913,-0.12063919818245951,1.3010533755537572,0.06834621060121854,-0.5441251712252232,0.7931204876485235,0.3788676405059642,2.3415244443573378,-0.3298631704729197,-1.8070923595272144,-1.381504683125817,-0.8731468029567984,-1.5746966178726256,1.0920936058583712,-0.1696478581377313,-0.4130456607081185,-0.20109741212276697,-0.471974645864906,-1.4354660227072988,1.1035451654257078,0.931717462736448,-0.1522905460389358,0.6595929746022343,0.042701670574050894,-1.2740890250907788,1.0552154552868351,1.5848387493065434,2.2617314864073323,-0.30843218473461986,2.0723928258783744,0.4166614664779573,1.6568001586962346,-0.03433200627483189,1.098240555831923,-0.8747832108034334,-2.0153538722179025
0.2710345264541564,1.5128200511006127,-1.2436332763403435,0.7566487233802407,1.3132529561353976,1.6132197677208366,4.936295484611671,-0.9770324850055586,-0.3954474310959144,0.34565459960317285,1.402861878509629,1.817149084476312,-1.2273990903143852,-0.8150198120137392,-1.3723916883485827,2.3861277227610587,-1.6228898539946615,0.5728859173990528,-1.4951901600176896,-1.1393709527838014,-0.34135979632467045,0.03229404085387032,1.653942183077875,0.12745600117375153,-0.5832295745517287,1.1414213127757273,0.5777982484426736,2.534290020945213,-0.5067568884293062,-2.35418499631313,-1.5879207102485586,-1.1075801011236892,-1.9835454980716243,1.4226488653856988,0.04743501509336564,0.05042784201028858,-0.3347380279295535,-0.6154156382930277,-1.794010813575321,1.0835250483987562,1.3462670417989506,-0.2379373177357991,0.8297314505182701,-0.14170486246445685,-1.476433529680991,0.6116667883012887,1.9749488691267538,2.573157007522074,0.023069162772592133,2.3044530545050628,0.6434422896165416,1.8191060313189615,-0.2277089294891218,1.9396553712753317,-1.0552636460649114,-2.79250089577484
-0.1612293607650028,-1.0185469857811604,1.48558509735852,0.2249367779941985,-0.7052359165063751,-2.9572927649266383,-4.434806076420294,0.5924449696307871,-0.42531266051374444,0.5439790295646162,-0.8444764731426248,-1.2273990903143852,2.4721225348302784,0.8536622706584684,2.431952973565923,-3.7095106258298687,2.8203889466922067,-0.11987202134249467,1.3366309253713753,0.6971201426694367,-0.5740210699752176,-0.9639693688269808,-2.0227372367291987,0.5083582263259682,0.8272428153131711,-0.15262992928069058,-0.4044899085963394,-1.7711615436382329,1.7368771987354068,2.70207179153329,0.690086778387616,2.0281681682070416,2.463964994807774,-1.3230508091061666,-0.424867364598223,-0.8602830196861188,1.3663477830139428,1.848821494432817,2.2267840690939105,-0.2798760548889956,-1.975286464562549,1.5187626703825339,-1.8724084626860167,0.3750839948727282,1.7966072241976718,0.27184846242711885,-1.7596641228314245,-3.8005875333007877,-1.1054868526237962,-2.0357476739885234,-1.62123561703013,-2.4785426405333353,0.2692488888124773,-2.9966295378674466,0.8956138593741344,3.9502994785032524
0.13038794744514243,-0.672421361606232,0.730731703716095,0.011969571026570437,-0.46959446807676797,-0.9763477803405075,-2.090537179955329,0.673052265783958,0.11746806062785106,0.11866488536013733,-0.5374391897920228,-0.8150198120137392,0.8536622706584684,0.4697189714368335,0.8571783269027416,-1.2276192111455528,0.9621955897618298,-0.30322041028579816,0.6090219540605344,0.4581217595676195,-0.06725567705242118,-0.24775481404365712,-0.856075814256562,0.00901571942230007,0.2574572539128897,-0.4874985708620154,-0.30657409460921736,-0.880774774281866,0.46716209493631866,1.2223027214296933,0.5561151665277705,0.6659701730683306,1.023661616010537,-0.6952933947609865,-0.22103673411002298,-0.45233766839229805,0.3500026177699236,0.4810718439349816,0.9130233770958717,-0.2358738082865888,-0.8319654307551428,0.32471638595030033,-0.542804395435475,0.21006067723558436,0.6864049417330261,0.22573577277570311,-0.9099615546339929,-1.2583264923272837,-0.39065176123491663,-0.9036642832946565,-0.51306240393537,-0.8174865325685182,0.21786243035654151,-1.3794690399842322,0.46045670897491175,1.6423580559320954
-0.42202276444955983,-1.146265081441019,1.4684959892657348,-0.10554196635305992,-0.9087912546401352,-3.0322367965856634,-5.031591803262548,0.4229210346296589,-0.38688133613165127,0.32546660692669027,-1.0125378712319846,-1.3723916883485827,2.431952973565923,0.8571783269027416,2.4608788911183814,-3.928800977785155,2.8868877051688586,-0.0859008813622741,1.5465335631163997,0.8289406047387058,-0.41378442321105036,-0.8295144438743646,-2.116641032587976,0.4795086927958046,0.9126783424425986,-0.20203451013402302,-0.40798984305762753,-2.2134535143375165,1.6748409921111558,2.822559425693745,0.9117445459311233,2.071176718326174,2.5808946487210322,-1.403444830242922,-0.2703282191482132,-0.5332646811366138,1.3121973351023584,1.832574014638088,2.3603594777233075,-0.573758798571513,-1.9526112044088166,1.4372891702144854,-1.9031975690371674,0.26763751647278317,1.9433622563162725,-0.18548430584145995,-1.9149170251904737,-4.083090080220063,-0.837156598048607,-2.363234288817225,-1.5644127343083543,-2.7325242256582505,0.18202687650598107,-2.840343798188745,1.0030533590505724,3.985044604233425
1.6212603251659978,2.0152261381595844,-2.1575081408285253,1.1776340883532677,1.946176632954374,5.003878284560217,9.549559862398118,0.124943862337345,0.6759085928282527,0.14734138734755703,2.046082119833475,2.3861277227610587,-3.7095106258298687,-1.2276192111455528,-3.928800977785155,6.979786920306548,-4.772342950030211,-0.1102431119475318,-3.01244183869559,-1.6055443311345308,0.1976919976455529,0.9202050264989308,3.5862111094281515,-0.7937958634883275,-1.7340627730122475,0.22782109098744255,0.5447425584245001,4.776902477491478,-2.5374987840520404,-4.686259743216287,-2.0125512392825584,-3.443764894802646,-4.4038414887076645,2.357462119137389,-0.1037850026991329,-0.321941498062885,-1.9628384968020915,-2.9378074094964295,-4.064991157805168,1.7411497171231984,2.953472533281442,-2.1873284507810267,3.1394972973922326,-0.03233916537124268,-3.550056315031411,1.8580475717604485,3.394073614478318,7.434143470508008,0.47007098194913116,4.731314380783634,2.3321524039388337,5.161765893055584,0.05296439876668922,3.7015901996488725,-1.8554920673751387,-6.25341053942718
-0.7113011923945936,-1.3606119897425832,1.6705515220767613,-0.33181333669861485,-1.1559971539983043,-3.596465932076527,-6.190487825902342,0.29225033287425656,-0.48616544717021076,0.2454865531334526,-1.2646768999566265,-1.6228898539946615,2.8203889466922067,0.9621955897618298,2.8868877051688586,-4.772342950030211,3.4269579557322345,-0.028979546790450537,1.9187424283186223,1.0176220476099906,-0.39496416683366775,-0.8925172664377461,-2.5218648758961986,0.5828104871143651,1.1311952653953938,-0.18448413838711641,-0.4431597533417758,-2.8452305999043226,1.950504639636339,3.331909135091154,1.1686900171182344,2.4675751412156828,3.0845555488623058,-1.6569635163191583,-0.19915702960200196,-0.36313385285372873,1.5230493077416116,2.166580688277918,2.8249118836591713,-0.8381415379715059,-2.251018711130472,1.6854351913512307,-2.2619803140213186,0.2230625645664426,2.3741941479129514,-0.5598285082087746,-2.30236159525227,-4.999615856917781,-0.7994008199141731,-2.9690121053761884,-1.8085155143322074,-3.382545809209924,0.13266926336283322,-3.1285634080059612,1.2222065864519405,4.640114996804798
-0.5102884970171876,0.45880889770529915,-0.4356673298101767,-0.15866580663088053,0.23770617023714077,-0.034808013653891294,0.633508221896074,-0.9368064022344174,-0.36325606618004075,-0.08538627328840284,0.3237778599216649,0.5728859173990528,-0.11987202134249467,-0.30322041028579816,-0.0859008813622741,-0.1102431119475318,-0.028979546790450537,0.47526947081240134,-0.12591759966738547,-0.2817997775498837,-0.05824195009410418,0.010912441384721151,0.2647784980463525,0.2223914824042091,0.06637676029257272,0.6885122211211412,0.2878522872054128,0.16747220549547165,0.10845046847016164,-0.49183755846952665,-0.3840038629630936,0.023757278454491052,-0.2841515593941598,0.3907356615425116,0.2583525088340048,0.5382451551212417,0.11702165922164677,0.17551931405638255,-0.20963680441404758,-0.008773645852332567,0.33710388354178933,0.19764228920329874,-0.12942084386371291,-0.23601487850865405,-0.08670736278382148,-0.5713629786241918,0.44585851051159686,-0.16797543499154274,0.27727674496096194,0.16875650161528158,0.02178376186486899,-0.1613805071230457,-0.2859526477076583,0.7785784055973962,-0.1938953817798996,-0.5712737063338573
-0.9365794628760432,-1.265351810103143,0.9788029302327,-1.0954693171234662,-1.2849483645046649,-1.980417847958363,-5.183699280918245,0.06456281870335856,0.016949460984487612,-0.5102400742519404,-1.3099867182780902,-1.4951901600176896,1.3366309253713753,0.6090219540605344,1.5465335631163997,-3.01244183869559,1.9187424283186223,-0.12591759966738547,1.6493950022243926,1.0296116010395895,0.330673039375277,-0.040391041197280625,-1.67424186260226,0.1266774371465079,0.7927423171228337,-0.5475525814434681,-0.3482929042344223,-2.844911419572407,0.741823108905813,2.2522143604966107,1.4522056136429178,1.3573161406141796,2.0459934117892913,-1.247304881254939,0.24917612469741407,0.5759193200420213,0.541673553254751,0.9611212182250449,1.9051068383567198,-1.2977089457838742,-1.2174037160261932,0.5354026687393191,-1.1604113386129755,-0.1015180256342463,1.691465042320289,-1.4203983652630852,-1.8439296083007803,-3.299727369966564,0.2928395544882441,-2.577010704634738,-0.7487088909813345,-2.3874274510959936,-0.06705764362986948,-1.3948615761901273,1.0368760027880106,2.672302226551828
-0.391041639230204,-0.9536447963418706,0.7010674354793888,-0.6995039305173008,-0.9121785623456233,-1.0147363850710311,-3.333053771806501,0.3866373603148671,0.22700696779969362,-0.36818206721830465,-0.9417985784029056,-1.1393709527838014,0.6971201426694367,0.4581217595676195,0.8289406047387058,-1.6055443311345308,1.0176220476099906,-0.2817997775498837,1.0296116010395895,0.7533315488647492,0.3150767852655315,0.0791999429515192,-1.04285992284264,-0.07330821957354135,0.4172406722374955,-0.6605935338010761,-0.3225723263672463,-1.823223407464734,0.27269899722583213,1.4564627194081778,1.084076383518703,0.7002266532966939,1.2581253057725537,-0.8823069343470461,0.10267637042049702,0.25571706172923814,0.17114740671392356,0.3723629547159611,1.1511734419443969,-0.8532949238926054,-0.767919571593865,0.11408929347798233,-0.52405023847785,-0.013813583535513006,0.9912556587331117,-0.746253018726374,-1.2641213250175507,-1.7680895416259457,0.19638952689918984,-1.613461303731142,-0.3466740233677093,-1.2883412065830444,0.052306202382487045,-0.9687500352211769,0.6930818136899601,1.6538368875308154
-0.5003713541556922,-0.30121803597778063,-0.18644217573187785,-0.8735209332824314,-0.4817133016176901,0.4506004403086292,-0.927461304875981,-0.2198726551950291,0.325942033417418,-0.6834827453370038,-0.42193022523158913,-0.34135979632467045,-0.5740210699752176,-0.06725567705242118,-0.41378442321105036,0.1976919976455529,-0.39496416683366775,-0.05824195009410418,0.330673039375277,0.3150767852655315,0.6017338966714716,0.57393920339058635,0.04410153899210982,-0.2483220037408872,0.019625910259356175,-0.35581108041648574,-0.019819874209422203,-0.9022674825198085,-0.5543176271065774,-0.049973260024098895,0.629712778072661,-0.2923892930871072,-0.045203637540310114,-0.0914184160248943,0.40104665588937194,0.8707415327361236,-0.4679219746868099,-0.48827058861021055,-0.020614442108398454,-0.7331338497936918,0.3204428385167229,-0.5711653052956074,0.3641250351196877,-0.2802631777095125,0.06934347628619396,-1.0804599931731702,-0.25703162385019257,0.049119620082534586,0.8546464490032365,-0.5572733500292574,0.46163691179714883,-0.1106328677307417,-0.17790831837067667,0.7916227336462027,0.19727674190739988,-0.4984436609575369
-0.3741747374562766,0.014026715878912814,-0.479500089782062,-0.7241039671553192,-0.21371669192089127,0.9588807732179868,0.26001141411736384,-0.3598260136403205,0.3218666819681808,-0.6388661455934064,-0.12063919818245951,0.03229404085387032,-0.9639693688269808,-0.24775481404365712,-0.8295144438743646,0.9202050264989308,-0.8925172664377461,0.010912441384721151,-0.040391041197280625,0.0791999429515192,0.57393920339058635,0.6457393933293673,0.47335360423343326,-0.2895294234478977,-0.15532269588073697,-0.19607586196725893,0.08474797259994135,-0.308223468890719,-0.7793164310993402,-0.6387712495172764,0.30816704181315385,-0.644864508165763,-0.5695858132281343,0.22923356134186632,0.41402371855021214,0.8869508957201362,-0.6360498763118929,-0.7544169772613121,-0.4953311493914328,-0.5035667661466087,0.6802767168143343,-0.7445765208938401,0.6680886201334959,-0.3155832401730759,-0.3339859477451734,-0.9209428299205595,0.20407531978828367,0.8228870239476628,0.9007273005593904,0.01123552218320198,0.6943221022789782,0.4229982787851938,-0.210561509417915,1.2812449196069429,-0.05439530098032888,-1.2397657931677584
0.5139507373854116,1.3819925955709038,-1.4278938340548,0.523650677261009,1.1946212874653248,2.5971157084684533,5.463271236683356,-0.5721886257114744,0.08784033766494388,0.035797721033015206,1.3010533755537572,1.653942183077875,-2.0227372367291987,-0.856075814256562,-2.116641032587976,3.5862111094281515,-2.5218648758961986,0.2647784980463525,-1.67424186260226,-1.04285992284264,0.04410153899210982,0.47335360423343326,2.068194454101595,-0.2572608574991714,-0.856315654181635,0.5975502531414675,0.4826485544161568,2.641232354062736,-1.252227808469185,-2.7956232050766934,-1.3343551201215231,-1.79495603548681,-2.5160871216529896,1.5053074929687402,0.11770264960839857,0.18539900165666973,-0.946969778117347,-1.4127825083803398,-2.2821394131284496,0.9294081505188029,1.782547232318935,-1.004404844360512,1.552470562788577,-0.17120128781792104,-1.9168891433331068,0.5969712239999047,2.0987718260809696,3.795024265762596,0.41754652050214475,2.609596481440841,1.2376188931706413,2.598960724899787,-0.16633516806782647,2.4690648057140505,-1.1163137293610226,-3.6753254343155803
-0.2000961979569808,0.10025840298234016,0.09612604845107578,0.12714862290596382,0.08939718884545528,-0.6424603997331663,-0.34068488948975173,-0.30561602630306794,-0.3432426450195534,0.18663903799233253,0.06834621060121854,0.12745600117375153,0.5083582263259682,0.00901571942230007,0.4795086927958046,-0.7937958634883275,0.5828104871143651,0.2223914824042091,0.1266774371465079,-0.07330821957354135,-0.2483220037408872,-0.2895294234478977,-0.2572608574991714,0.2688622926406159,0.1908057859074497,0.3835848115102825,0.07809344378307688,-0.08010112545457573,0.48335040769783705,0.2741081324093455,-0.17061578628977897,0.4434405819260152,0.3332422174286622,-0.036231414498747505,-0.027695976162692856,-0.05622912569276676,0.3986120026625211,0.5327595777843572,0.31164344593747056,0.09148900883477154,-0.26327910520783177,0.5048803607473731,-0.4857554386093091,0.013888422248295436,0.2982552038137765,-0.03848435635383814,-0.06664108861091152,-0.8106926915806544,-0.2312000363987362,-0.20418441918335056,-0.3799542870183118,-0.5261389041543881,-0.05826293062013986,-0.2987961362099929,0.03861359092373044,0.5384208729999376
-0.5346021333264898,-0.4942327962051282,0.4645876246080125,-0.4478199317559913,-0.5323765042641351,-1.191947571404659,-2.4693354673535035,-0.16944854048821476,-0.18042575521367732,-0.14205894557885468,-0.5441251712252232,-0.5832295745517287,0.8272428153131711,0.2574572539128897,0.9126783424425986,-1.7340627730122475,1.1311952653953938,0.06637676029257272,0.7927423171228337,0.4172406722374955,0.019625910259356175,-0.15532269588073697,-0.856315654181635,0.1908057859074497,0.4603630851989786,-0.0337106080382444,-0.10927645709339152,-1.3128469623715338,0.5592911535470074,1.1162157863436488,0.5508602260296687,0.8102403999327862,1.0504956436849824,-0.5642275850687284,0.11911978602390744,0.2728376468977051,0.4283524277449272,0.6857248144212554,0.987699835090468,-0.5365238453209377,-0.6447438554941216,0.4815541306351014,-0.7509026427158413,-0.05605641915261639,0.9036101258697292,-0.7027192918713491,-0.8296421103234571,-1.8655389185323636,0.03571881688983904,-1.2517898626510102,-0.5034284184741824,-1.335376317431863,-0.07468672844947466,-0.7162634347256961,0.46496815583995005,1.416553826056036
-0.36978830476370667,0.9355048249670782,-0.6728507309527325,0.2771901286492067,0.7036136639982271,0.09002614149971022,1.9989343924046392,-1.205441316651409,-0.6301284411730755,0.21768588051515594,0.7931204876485235,1.1414213127757273,-0.15262992928069058,-0.4874985708620154,-0.20203451013402302,0.22782109098744255,-0.18448413838711641,0.6885122211211412,-0.5475525814434681,-0.6605935338010761,-0.35581108041648574,-0.19607586196725893,0.5975502531414675,0.3835848115102825,-0.0337106080382444,1.158222894166115,0.45581582706021273,0.9976339481710135,0.2439260875609793,-0.993886735706269,-0.9772363881968043,-0.06477454276804824,-0.6792231544295713,0.755744176826389,0.1647982872571375,0.3244691334707754,0.251324737729917,0.27903566536634455,-0.5701254639205682,0.46507902139662993,0.5244535311859886,0.4100008165388458,-0.13618634387811457,-0.20036973370439154,-0.39300648206080896,-0.165044934470466,0.9824245277140126,0.2492361429386075,0.012153604201678785,0.823774130196359,-0.02977172554609152,0.18116003002331546,-0.3135401442192018,0.9906243776308968,-0.49579108191995547,-1.0024223620415562
-0.18014524442734448,0.47222890691946506,-0.4644766135754214,0.007503288635206449,0.3290141138842558,0.4287211995999704,1.2486887230178112,-0.5743173692010561,-0.17999232069250065,-0.039022169728363136,0.3788676405059642,0.5777982484426736,-0.4044899085963394,-0.30657409460921736,-0.40798984305762753,0.5447425584245001,-0.4431597533417758,0.2878522872054128,-0.3482929042344223,-0.3225723263672463,-0.019819874209422203,0.08474797259994135,0.4826485544161568,0.07809344378307688,-0.10927645709339152,0.45581582706021273,0.23295106276970393,0.5306489324191687,-0.1547522450191277,-0.7238959367314429,-0.41650605293387505,-0.29056219423172985,-0.5655973186026134,0.45435452471935317,0.15162428447069812,0.3098570900503085,-0.10101404003055091,-0.14591929198052975,-0.49525442179463863,0.1567204957842227,0.4719897195767258,-0.05930366429653036,0.19672771105115175,-0.14764676755977588,-0.3604601815420637,-0.1964633164879744,0.5779720584242966,0.549380002656632,0.21249832566993657,0.5200210355191118,0.21866159945633842,0.3552804603145384,-0.1742972786819454,0.8303334430304362,-0.2853111723354943,-0.9173133003467494
1.9091440468592122,2.1508539436822764,-1.3985089403274966,2.356504924399591,2.3590470836250517,2.9122380599467914,8.878774452130672,0.2049200074858342,-0.167585984360948,1.2685308147988674,2.3415244443573378,2.534290020945213,-1.7711615436382329,-0.880774774281866,-2.2134535143375165,4.776902477491478,-2.8452305999043226,0.16747220549547165,-2.844911419572407,-1.823223407464734,-0.9022674825198085,-0.308223468890719,2.641232354062736,-0.08010112545457573,-1.3128469623715338,0.9976339481710135,0.5306489324191687,5.155623427504644,-0.865456144457854,-3.5255442447046526,-2.6883939680064994,-2.0123397143807304,-3.2353528217876,2.022509149509334,-0.7080157470889215,-1.6014944546908911,-0.5909603669486265,-1.2640313980332634,-3.0278491045463842,2.559412150304732,1.7078898730431573,-0.5429195757074662,1.6497747102763192,0.3959411690403918,-2.7755158961212913,3.102149348885347,3.0711322363371796,5.34049529763226,-1.0584935579110095,4.513815788171414,0.9089993379995807,3.968131056889957,0.26944860925325287,1.593241114648478,-1.7596607602861396,-3.910207765603828
-0.158256029184226,-0.421924500097315,0.8718334410060093,0.3267094492143315,-0.24886510596672112,-2.0723006485328614,-2.4393697809633914,0.11116035424542287,-0.4971792879365774,0.5084410858330883,-0.3298631704729197,-0.5067568884293062,1.7368771987354068,0.46716209493631866,1.6748409921111558,-2.5374987840520404,1.950504639636339,0.10845046847016164,0.741823108905813,0.27269899722583213,-0.5543176271065774,-0.7793164310993402,-1.252227808469185,0.48335040769783705,0.5592911535470074,0.2439260875609793,-0.1547522450191277,-0.865456144457854,1.333472919315176,1.6124869135416053,0.15261564892409546,1.425932488225909,1.539955425439155,-0.7064631303474861,-0.29501302669436263,-0.6004926132246579,1.0672892969512748,1.4095763525120344,1.3946319421118463,0.009385227442903349,-1.2689760522839308,1.231532527796533,-1.3712372030774789,0.23439913768341758,1.1338177922641464,0.26099823873308287,-0.934907331771472,-2.582087829971451,-0.8560447177083423,-1.1363887257926522,-1.1863956613387285,-1.6588066826532113,0.12328930570378349,-1.8926716527727536,0.4691852825942519,2.5298857519114324
-0.5243275431709312,-1.96169621944446,2.0085433336765712,-0.6451596618024225,-1.640259352981173,-3.421689782904016,-7.390106840602369,1.038401747294352,-0.014555926751083553,-0.019049822510839226,-1.8070923595272144,-2.35418499631313,2.70207179153329,1.2223027214296933,2.822559425693745,-4.686259743216287,3.331909135091154,-0.49183755846952665,2.2522143604966107,1.4564627194081778,-0.049973260024098895,-0.6387712495172764,-2.7956232050766934,0.2741081324093455,1.1162157863436488,-0.993886735706269,-0.7238959367314429,-3.5255442447046526,1.6124869135416053,3.835322183287372,1.8651794366282903,2.3493743927090347,3.38551526205511,-2.096707029260684,-0.2318444903868451,-0.4176704285433777,1.2116873027390038,1.8146291793567624,3.0701424327980655,-1.2199808101096565,-2.4415372436828977,1.2539635111836815,-2.0190277184488936,0.3050300416698635,2.5532809065476503,-0.6121995180588156,-2.8891954866205434,-4.9378676727858295,-0.6341511955548987,-3.4773652978103806,-1.6314959687788861,-3.3769651371166756,0.3021551365707949,-3.502485317304122,1.5268719678585938,5.005619257116353
-0.7007812792401132,-1.3357986019792314,0.8360173846359713,-1.2241673368715014,-1.344063967234915,-1.1373667075024747,-4.645357395519346,0.4202767910443095,0.39442750607270693,-0.7279861519685115,-1.381504683125817,-1.5879207102485586,0.690086778387616,0.5561151665277705,0.9117445459311233,-2.0125512392825584,1.1686900171182344,-0.3840038629630936,1.4522056136429178,1.084076383518703,0.629712778072661,0.30816704181315385,-1.3343551201215231,-0.17061578628977897,0.5508602260296687,-0.9772363881968043,-0.41650605293387505,-2.6883939680064994,0.15261564892409546,1.8651794366282903,1.6385841312144707,0.7989323662018872,1.615990663325082,-1.1721892458004515,0.27927098661610317,0.6530918350420339,0.04974020295811583,0.31081913448504855,1.4770783619845065,-1.3639443989931817,-0.8769009783159635,-0.04568570682058407,-0.5471672716878362,-0.11560844211337619,1.3209426974227736,-1.3691584090596711,-1.734067404647152,-2.2782417071106713,0.5669146589453508,-2.3000444839288536,-0.2820287535021581,-1.709888576225655,0.0014155049781745131,-0.939539450172569,0.9721219134216216,1.9472889328195373
-0.5479158238257328,-0.9313911194143832,1.1668391070801425,-0.2313818389886062,-0.7995135335458811,-2.5903190444350175,-4.368659869967925,0.13376094064526514,-0.38065224912894424,0.17943318344272538,-0.8731468029567984,-1.1075801011236892,2.0281681682070416,0.6659701730683306,2.071176718326174,-3.443764894802646,2.4675751412156828,0.023757278454491052,1.3573161406141796,0.7002266532966939,-0.2923892930871072,-0.644864508165763,-1.79495603548681,0.4434405819260152,0.8102403999327862,-0.06477454276804824,-0.29056219423172985,-2.0123397143807304,1.425932488225909,2.3493743927090347,0.7989323662018872,1.7875994745839972,2.203216741571617,-1.1541041639399994,-0.1312063798326913,-0.22953330108145503,1.1165149799589646,1.5800785901516081,2.0125487426905013,-0.5909204044662465,-1.6010432873140699,1.2463414418277976,-1.6388710714578902,0.14273681100673455,1.6933131326738249,-0.4264871429199635,-1.6178339739312833,-3.615231590019768,-0.5657197290715625,-2.1109942520739935,-1.3125828686320562,-2.438621754276406,0.07619606611146489,-2.1906354593178703,0.8616909393302656,3.299819439487452
-0.6825247457783451,-1.6609194381389294,1.7118878404101734,-0.6636961921146297,-1.4474140926977193,-3.178087895975261,-6.652955197696351,0.6243915296078058,-0.13086791823557525,-0.06238982191762487,-1.5746966178726256,-1.9835454980716243,2.463964994807774,1.023661616010537,2.5808946487210322,-4.4038414887076645,3.0845555488623058,-0.2841515593941598,2.0459934117892913,1.2581253057725537,-0.045203637540310114,-0.5695858132281343,-2.5160871216529896,0.3332422174286622,1.0504956436849824,-0.6792231544295713,-0.5655973186026134,-3.2353528217876,1.539955425439155,3.38551526205511,1.615990663325082,2.203216741571617,3.067893445812871,-1.812476193430521,-0.12056037186062885,-0.1741132496705581,1.167247614849529,1.7417296281886916,2.781254261169246,-1.1510028216893378,-2.1580982367166284,1.2455707560668026,-1.9092256142400896,0.18801067414565292,2.3423210533228507,-0.788250240939696,-2.545163392736869,-4.67094491577227,-0.47679403614084725,-3.1935474942775044,-1.5142628399170146,-3.1982303790602606,0.17943307363406769,-2.9512122141803956,1.3597616242040582,4.455278471310321
0.21870036449298635,1.1808873994500775,-1.1203862343746835,0.4444794435216775,0.9994344489698983,1.6748874096883375,4.143624918315361,-0.7365825666982768,-0.1440657886065989,0.10382978837601038,1.0920936058583712,1.4226488653856988,-1.3230508091061666,-0.6952933947609865,-1.403444830242922,2.357462119137389,-1.6569635163191583,0.3907356615425116,-1.247304881254939,-0.8823069343470461,-0.0914184160248943,0.22923356134186632,1.5053074929687402,-0.036231414498747505,-0.5642275850687284,0.755744176826389,0.45435452471935317,2.022509149509334,-0.7064631303474861,-2.096707029260684,-1.1721892458004515,-1.1541041639399994,-1.812476193430521,1.2047257198080654,0.11442019433967142,0.19441805789036387,-0.5101161285148453,-0.8002663512605427,-1.633141268291051,0.752715436505528,1.2908946547355495,-0.49623529890791235,0.9369886129018561,-0.16382524994658101,-1.3538199398750002,0.3623257222872421,1.650365591982543,2.495625073255161,0.25287416419014835,1.9410541277359428,0.7644515653676739,1.7222880010226742,-0.199659829107813,1.8638708577609033,-0.8676432778788622,-2.6457228344782493
-0.74554287794349,0.019040658093026814,-0.3659454093420873,-0.807381543980239,-0.27265905080498853,0.18981174224896633,-0.5604436300896545,-0.7831990041716452,-0.01786523013392325,-0.5735905703481522,-0.1696478581377313,0.04743501509336564,-0.424867364598223,-0.22103673411002298,-0.2703282191482132,-0.1037850026991329,-0.19915702960200196,0.2583525088340048,0.24917612469741407,0.10267637042049702,0.40104665588937194,0.41402371855021214,0.11770264960839857,-0.027695976162692856,0.11911978602390744,0.1647982872571375,0.15162428447069812,-0.7080157470889215,-0.29501302669436263,-0.2318444903868451,0.27927098661610317,-0.1312063798326913,-0.12056037186062885,0.11442019433967142,0.4834878596466838,1.0313728361799681,-0.2398580844215647,-0.1861124842900325,-0.05045395859627032,-0.6026521327425014,0.39766175751269134,-0.259437688238748,0.11467828609392317,-0.36810740312182505,0.10032371495030212,-1.260371946044801,0.015628341041556783,-0.25379374554380035,0.8151158200950812,-0.4436023893266658,0.3188067260016668,-0.3320992243725791,-0.3254582313752003,1.0197193463924372,0.06149025292923961,-0.5982745009932033
-1.6083729309923682,-0.001088961809770591,-0.7374551938615101,-1.745989158672914,-0.6257499600724399,0.3523065309633088,-1.36290529977299,-1.652085228409682,-0.031140883397092128,-1.235583635728477,-0.4130456607081185,0.05042784201028858,-0.8602830196861188,-0.45233766839229805,-0.5332646811366138,-0.321941498062885,-0.36313385285372873,0.5382451551212417,0.5759193200420213,0.25571706172923814,0.8707415327361236,0.8869508957201362,0.18539900165666973,-0.05622912569276676,0.2728376468977051,0.3244691334707754,0.3098570900503085,-1.6014944546908911,-0.6004926132246579,-0.4176704285433777,0.6530918350420339,-0.22953330108145503,-0.1741132496705581,0.19441805789036387,1.0313728361799681,2.2143027979899417,-0.4941727862728215,-0.3709422143331282,-0.045507692142116585,-1.3205112237360361,0.7949587013560413,-0.5249662296465734,0.2191070170317224,-0.7886520658679756,0.27093888824943535,-2.7211162161029345,-0.04056459144255409,-0.6535435695934796,1.7374577465428227,-1.0396700917130492,0.6487448050584753,-0.7798041619372535,-0.687620878369148,2.131579249724519,0.16796848672988754,-1.1739460417297451
