V1,V2,V3,V4,V5,V6,V7,V8,V9,V10,V11,V12,V13,V14,V15,V16,V17,V18,V19,V20,V21,V22,V23,V24,V25,V26,V27,V28,V29,V30,V31,V32,V33,V34,V35,V36,V37,V38,V39,V40,V41,V42,V43,V44,V45,V46,V47,V48,V49,V50,V51,V52,V53,V54,V55,V56
1.1067822276647625,0.40291912197563495,-0.04004399293024919,0.8903789157360472,0.5697126254423461,1.3762073035323212,2.396653620417095,0.993896878103267,0.13400117254304694,0.46955639444478414,0.26443073217257995,0.4079149690287932,-0.6634491161379102,-0.2152398874859025,-0.9650404093764295,1.719052342829132,-1.1222606149609617,-0.4939778919453452,-0.9472082999031979,-0.339423834000343,-0.17808895335821792,-0.030991581323532125,0.6158955940594291,-0.16366670013607168,-0.46157990683410005,-0.36919564344127076,-0.05006131120860395,1.5014899844895815,-0.4865381336400004,-0.7847668676780432,-0.36142347865054286,-0.8056130735623172,-0.7858684082584974,0.2369299149001725,-0.44123703917639967,-0.8129750339987298,-0.471126701423661,-0.7080647035898636,-0.9691123462429996,0.9766021267615697,0.29181890110457875,-0.26169283674933985,0.9005565315360267,0.3169389156099754,-0.682607306787368,1.3444487518423214,0.5258730775956715,1.983715070495751,-0.5934666249878543,1.1272193784884175,0.37781169035581313,1.5157645341571733,0.3760050417137394,0.34222061077961397,-0.4273222367426831,-0.9797947051996774
0.40291912197563495,1.6245570817824606,-1.3917074445488353,0.6783374875615448,1.3598894371783994,2.4358051996801087,5.527080325065797,-0.7904263884533813,-0.30600550548795763,0.2062328598125211,1.2936716303891302,1.923335870390794,-1.8001332364107065,-1.0262831040675955,-2.018736128001045,3.1210819839184896,-2.2862664887979967,0.3863664821202606,-1.7527081705858618,-1.167199797856604,-0.13977471423026158,0.28461514160834506,1.9411862442743917,0.013266670869981394,-0.7216009579568994,0.9147319909460243,0.5997071260728266,2.716599192176173,-0.9530408486199414,-2.7503553365425395,-1.4484029065214663,-1.5796364982788549,-2.3388889155418995,1.503294746453619,0.09753183497410502,0.24505423061845502,-0.7541953136473015,-1.1044192448776518,-2.2446633913314917,1.1725931404587875,1.6563609741374332,-0.5345002822243391,1.3712949393981897,-0.17276344272235605,-1.6604378111776286,0.5128144727022189,2.0987193614154953,3.3485767702621105,0.20981842079530302,2.4503206628327847,1.023849417172751,2.3372601480232924,-0.19461047996315808,2.667317272344225,-1.1614646882144721,-3.52621423886565
-0.04004399293024919,-1.3917074445488353,1.8071307153078535,-0.12153499627897467,-1.1132040980786337,-2.305984406606712,-5.483058829397325,1.3106037088067477,-0.23829057031285325,0.2554065140878599,-1.629392770427256,-1.732941507413474,2.127190482298679,0.7948805882707775,1.9635474233083419,-3.6377694160626164,2.4786858936543936,-0.6610858735217148,1.4896311680582637,1.0886322822581689,-0.16975051942063524,-0.6364255036824595,-2.300143367088711,0.35689958191402144,0.8766201991343654,-0.931222448310101,-0.5829855847976885,-2.4750064343436198,1.3196148517333064,3.066959458092522,1.5578403197860284,1.7855179830173533,2.7882014422922063,-1.8073913568989264,-0.40153059145830994,-0.5951156802522993,0.8771695447197575,1.396370242797639,2.2429292192372925,-0.46501017025304614,-2.1006440897333096,1.3046879044303423,-1.3682252545087215,0.405414960590792,2.2014293549989365,-0.10297395651622011,-2.4048750355321813,-3.726257361098023,-0.9259678512909201,-2.809306016118969,-1.3478215471348562,-2.441926339448091,0.43842415108267696,-2.57641169570523,1.1496617505898024,3.992776299644591
0.8903789157360472,0.6783374875615448,-0.12153499627897467,1.0602747507946928,0.8037325106515667,0.9634713014610259,2.638802519818019,0.5366777034941981,-0.2307087468703553,0.6476287316854363,0.4919376872526545,0.7526417986624847,-0.3415063121544738,-0.31281567281066963,-0.682759271329068,1.234244304105266,-0.7636639319606687,-0.18621777960342417,-0.9891932986298654,-0.542429689374914,-0.4174493033560108,-0.27209585776908096,0.5668853791505236,0.1111381887284897,-0.3563782516456472,0.15182114996878704,0.10943097704361902,1.6866906736388183,-0.09112339554738125,-0.8205488501824642,-0.6939183851120088,-0.5049946138429865,-0.6922662467741273,0.3871027886823048,-0.43913460040078794,-0.8045489410878458,-0.13192933956398376,-0.27685093754247947,-0.8819963646753589,1.1484706509917424,0.21249479193428025,0.18875716072402113,0.5372338627471794,0.291178317915349,-0.5778045539715725,1.3179280303978824,0.6880872919728384,1.4826888239824068,-0.7577952988919118,1.1826914900224217,0.09522973817612995,1.2139167766798877,0.27514884160117864,0.34387175952433613,-0.5012544961024453,-0.8212943270301196
0.5697126254423461,1.3598894371783994,-1.1132040980786337,0.8037325106515667,1.2718076967222136,2.065246650734666,4.951530045296845,-0.3914855328606402,-0.23989530090076783,0.3256516526956459,1.1702185209516895,1.6124220876015927,-1.4617352545445559,-0.7987732190323574,-1.6716754845557784,2.814104589272659,-1.95883226702449,0.23996640342030165,-1.5546266824602055,-1.036626068863867,-0.22803026897970394,0.11307128595733705,1.684002620841992,0.006971087159683431,-0.6616715632490974,0.7006080844927006,0.46412876409498277,2.569047818554376,-0.7904772153546951,-2.304306534523843,-1.3290922952831348,-1.380428249175137,-2.0413886271903934,1.2847575591898743,-0.06288048269064554,-0.14802757489695206,-0.6102032986671677,-0.9183001083478566,-1.9363751131253966,1.1730921261883052,1.3486127861670842,-0.46103235955282673,1.1399219292053573,-0.001099093453860053,-1.4880634925857401,0.8468016118176351,1.8243038746142006,3.0634747306919783,-0.03285502437539132,2.3022440027408657,0.829836764510634,2.16407839069883,-0.07205099667096417,1.9521064273025952,-1.009449792017152,-2.9267723414370623
1.3762073035323212,2.4358051996801087,-2.305984406606712,0.9634713014610259,2.065246650734666,6.023608249174067,9.882903945103253,-0.03616935989521219,0.2096263453765054,-0.03798603473653296,1.6007116229680094,2.818781743637273,-4.294061041055667,-1.8544917036802169,-4.802268935709664,7.110082196079257,-5.373370491689461,-0.2129210348366626,-3.3273875445457053,-1.690500730244757,0.42652014877699723,1.1736888660093932,3.6760283121836657,-0.5431550556946668,-1.648640082330169,0.28570407080959725,0.7665163799668707,4.669562639758854,-2.8154233548537912,-5.068048562688663,-1.654228515866192,-3.7748784690481223,-4.467178296161713,2.349360105776957,0.08604515342506772,0.43594503276738555,-2.385287723656406,-3.2344045755931026,-4.564792794880633,1.9788155087513006,3.2076057980676285,-1.9234331134614684,3.704401950158756,-0.18594487481011918,-3.2085385760234475,1.0765702761105065,3.333855952652801,7.578554384121637,0.6962758795611061,4.261287318766431,2.625970857950089,5.2810185090823545,-0.0053503063768501604,5.392242567257581,-1.9448874682186332,-7.087264573486345
2.396653620417095,5.527080325065797,-5.483058829397325,2.638802519818019,4.951530045296845,9.882903945103253,22.08661705253442,-2.041911316587964,0.3480662048089764,0.5448448490927127,5.449574540724579,6.623191274127797,-7.569189862943001,-3.206553657823402,-8.005578054772561,14.077602426764633,-9.653402722259793,1.0774095946110551,-6.7795534459761875,-4.264756177683141,-0.1414132403334547,1.563370376632018,8.095268905402074,-0.9582011792513442,-3.4851489590920184,2.502072785615508,1.868861979307946,10.969579210312272,-4.580792457364571,-10.96103574607368,-5.644575529702722,-6.838513981487107,-9.835930138381846,5.986283017733879,0.1704524559425132,0.08273271623559171,-3.4012831002010313,-5.304420745107417,-8.912488927114874,4.0222536654553025,6.763084380500939,-3.6895611159934,5.893805395072519,-0.5031177612561756,-7.72932511622046,3.1900390113718964,8.387182815906673,14.947058725478604,1.123887874733477,10.704772992641466,4.549491120491499,10.375267013846724,-0.5100913508553483,8.985858938245181,-4.47624624637532,-14.032149440886453
0.993896878103267,-0.7904263884533813,1.3106037088067477,0.5366777034941981,-0.3914855328606402,-0.03616935989521219,-2.041911316587964,2.1653681577882034,0.03933124924406381,0.4374357611696686,-1.2238642091532266,-1.0677634662501085,0.6747800955498094,0.33970038156921395,0.26043947248921745,-0.82889576504609,0.49258320134508954,-1.1418348797369189,0.28092292958088916,0.604771252206163,-0.08059914186494742,-0.3384484407736793,-1.0954427162106217,0.03808008915012067,0.20728642665364394,-1.3399326207258828,-0.5193178149446721,-0.641455452218269,0.22810972681197506,1.5575499280145775,1.1314618867066364,0.33513556190135835,1.287116008905286,-1.2035914180540224,-0.6644074060910725,-1.0811974110569964,-0.06500642965855134,0.11706626744663286,0.6578940510891635,0.4583567510760624,-1.1907248716267058,0.4962356243970243,0.06622318295593635,0.6274614531311699,1.0571620993319604,0.996294892407907,-1.443174316088556,-0.6466029084471004,-1.0497329807240012,-1.194239013103311,-0.42509552975433573,-0.24852130887369855,0.706257383887571,-1.3083940515683457,0.5369840615794441,1.7948397672670606
0.13400117254304694,-0.30600550548795763,-0.23829057031285325,-0.2307087468703553,-0.23989530090076783,0.2096263453765054,0.3480662048089764,0.03933124924406381,0.8258365656425837,-0.31083261393416667,0.31825733919572635,-0.30480055700127634,-0.41128677988180284,0.32445291804502957,-0.1344906520899213,0.9578044729580298,-0.4192954540002792,-0.0010859157131909768,0.024665445249773727,0.11435552945423294,0.32960463329510165,0.4104828127406264,0.3594333281200357,-0.5427853188513925,-0.3703818730922427,-0.3229389768166261,-0.14358191757513838,0.06984832014245804,-0.4704158155450188,-0.35445895444534514,-0.056131220646541156,-0.3293317966132187,-0.448758838897562,0.2058666442162789,0.07948938928799294,-0.028277863517655613,-0.2374153107933583,-0.560583726419172,-0.1319434643603841,-0.49733628005335634,0.3239654620182505,-0.8729696844364406,0.3172300511594893,-0.1273654621308946,-0.7523843838710057,0.1937493670619399,0.23304519156607306,0.8598977394558053,0.4545981745600835,0.5667933846839632,0.3479019216072372,0.5552254008598692,-0.02285912478386832,-0.3310968746748274,-0.01448313615546998,-0.3807316111947595
0.46955639444478414,0.2062328598125211,0.2554065140878599,0.6476287316854363,0.3256516526956459,-0.03798603473653296,0.5448448490927127,0.4374357611696686,-0.31083261393416667,0.502523027075267,0.05340081234179069,0.19882171582437044,0.3147273026649049,-0.04912889110947474,0.08924346374910813,-0.11824199257498977,0.14619171582495427,-0.15395922422692143,-0.2908310699966191,-0.16916897676083764,-0.3879447968369083,-0.3877673791510558,-0.10842819260558266,0.21270859698327935,0.018868044848118503,0.06040382351287647,-0.013412642923128278,0.5787413388707745,0.31075294462978864,0.11640194520335795,-0.2326156689151328,0.11772249006489828,0.12095674747922727,-0.07985927696280319,-0.33182575180119483,-0.6108277014242963,0.19039356306769353,0.2475163881267169,-0.05534066081339166,0.6491058038022032,-0.286448139725374,0.4721222911292253,-0.08323097420443927,0.2566479865433102,0.12602540566334494,0.752809352481269,0.01701626726371241,0.029903583547402902,-0.689367625416353,0.19182883735648373,-0.27342607048785716,0.13976040770281087,0.21155343926229858,-0.3437051332174838,-0.11042173642030163,0.329680846769851
0.26443073217257995,1.2936716303891302,-1.629392770427256,0.4919376872526545,1.1702185209516895,1.6007116229680094,5.449574540724579,-1.2238642091532266,0.31825733919572635,0.05340081234179069,1.9235421329442661,1.6372819076645995,-1.5843123385866038,-0.4894415079834143,-1.3625610436769362,3.3098791712352744,-1.9572745809085241,0.7504570027419243,-1.424450468830081,-1.1257971214498732,-0.12573775701665804,0.33705767610334453,2.140103748143125,-0.3588791248419634,-0.8946065511301943,1.0555197590974585,0.49413908368960163,2.709236836457498,-0.919953616994902,-2.7987548038036256,-1.8804262646886036,-1.4250969535320406,-2.604256951838542,1.7859655624515696,0.1923031881963764,0.03120040908880934,-0.4715116413617515,-1.0327270001416715,-1.9243214158853454,0.5684255505295236,1.7943929221727524,-1.1274599458638492,0.9472245206866713,-0.27980118793917946,-2.293600273858304,0.7379610792200746,2.429412394474577,3.4144578919938033,0.5282320699960713,3.0618616791817383,0.9843014347992673,2.2900730638632476,-0.35703053343280505,1.546866066601038,-1.1396714046164347,-3.2936477921193186
0.4079149690287932,1.923335870390794,-1.732941507413474,0.7526417986624847,1.6124220876015927,2.818781743637273,6.623191274127797,-1.0677634662501085,-0.30480055700127634,0.19882171582437044,1.6372819076645995,2.2958500433997613,-2.1491379463956126,-1.1826874034978108,-2.3495147728554207,3.7555010827644835,-2.706377157182272,0.5422639154148848,-2.051115086849758,-1.4043623778248966,-0.14835250393187982,0.3625522055636428,2.3668713857675088,-0.017463315029295722,-0.8821931953680454,1.151954774815857,0.7268375597587629,3.235795475872466,-1.142595842539069,-3.3309352583320226,-1.7937587672116937,-1.8749316106815597,-2.8493808992608933,1.8625869102766102,0.1558922762750247,0.32245682321904184,-0.8692206660514613,-1.3090420481703773,-2.658650435926902,1.3035597074956806,2.029409826087941,-0.7134652732330561,1.5830835306124023,-0.23983887760558203,-2.0697493699320773,0.5755075076126306,2.5725979781503487,4.0007064770111365,0.3372542803842711,3.0059522438880544,1.2312167566899963,2.777431560825864,-0.27834388951686123,3.1243410106688723,-1.3892892636837468,-4.2438745865569105
-0.6634491161379102,-1.8001332364107065,2.127190482298679,-0.3415063121544738,-1.4617352545445559,-4.294061041055667,-7.569189862943001,0.6747800955498094,-0.41128677988180284,0.3147273026649049,-1.5843123385866038,-2.1491379463956126,3.4000714150987625,1.2812517045165603,3.488655519866668,-5.603370870111796,4.089484286906477,-0.18998080341384269,2.339330750444118,1.309697469818849,-0.4457578380129908,-1.0625910783177241,-3.0750421026054973,0.5926648076554714,1.3059332014237015,-0.4645068230901589,-0.6354901665078172,-3.4300026482262203,2.274367650628122,4.128859374495885,1.503475448477895,2.923875143740731,3.746662807999979,-2.0903433952657933,-0.32924164774788695,-0.6484678468208038,1.7785174844803158,2.510435882288465,3.4423549868916092,-1.0199535068625945,-2.7861827181916166,1.89513412137279,-2.659550274231009,0.35090987347595937,2.812434803922812,-0.4336615777365906,-2.876480389746084,-5.858521916391832,-1.0343475231312556,-3.5446657495258593,-2.1555216627222147,-3.948894199511909,0.25499801947080686,-4.059021639339683,1.523650552660711,5.721613793130597
-0.2152398874859025,-1.0262831040675955,0.7948805882707775,-0.31281567281066963,-0.7987732190323574,-1.8544917036802169,-3.206553657823402,0.33970038156921395,0.32445291804502957,-0.04912889110947474,-0.4894415079834143,-1.1826874034978108,1.2812517045165603,0.8070480751317046,1.5285701408890908,-1.8968854543965792,1.586934384060517,-0.08411566334576763,1.1077048649629269,0.6587513620446803,-0.023330592866514538,-0.25912777174978396,-1.1272574738317356,-0.07811854376886526,0.3781369386693264,-0.41630155409336206,-0.3868870971682985,-1.4886107063058798,0.7107470599512172,1.6556142110618706,0.609777488690896,1.0836938117943196,1.3518323946485313,-0.7964723975663275,-0.09551307334410228,-0.35894221929246833,0.6530665320589659,0.7977667511388992,1.477928987849312,-0.7799099797113461,-1.0228287038934971,0.2545724491130042,-1.0486583821584083,0.10734414211315571,0.7868918177768106,-0.05536994631217864,-1.1132345734900992,-2.0546701307852495,-0.1768604437134686,-1.1901797692787033,-0.7330874451950781,-1.4332632225451578,0.08972329529305094,-2.120505236479225,0.6729858570376007,2.3190854600051725
-0.9650404093764295,-2.018736128001045,1.9635474233083419,-0.682759271329068,-1.6716754845557784,-4.802268935709664,-8.005578054772561,0.26043947248921745,-0.1344906520899213,0.08924346374910813,-1.3625610436769362,-2.3495147728554207,3.488655519866668,1.5285701408890908,3.8569822582783675,-5.699242658049183,4.320153889801953,0.05679861858404549,2.66009199964196,1.3976733881480454,-0.35605472135978916,-0.9716280650758934,-3.019792166125574,0.4197439524128451,1.3109891387651607,-0.36300236862002794,-0.6680153085998314,-3.733974597340428,2.2644224811865823,4.172315563132137,1.3998458033440826,3.034432502031334,3.6653278265308433,-1.975524209194845,-0.15092671823963774,-0.4968619609778406,1.900469805509253,2.5776189519257797,3.6912345744826363,-1.519328661262906,-2.6712050133683296,1.563135008180565,-2.938967366736476,0.21740313976852807,2.616543942429997,-0.6955267211708747,-2.7756302986790793,-6.05279276584766,-0.6759302537717611,-3.456612222140453,-2.1362114935418868,-4.191327181970604,0.08335844846066305,-4.47226260411987,1.5924251361980908,5.8231631166419
1.719052342829132,3.1210819839184896,-3.6377694160626164,1.234244304105266,2.814104589272659,7.110082196079257,14.077602426764633,-0.82889576504609,0.9578044729580298,-0.11824199257498977,3.3098791712352744,3.7555010827644835,-5.603370870111796,-1.8968854543965792,-5.699242658049183,10.158266256963644,-6.974635246900704,0.3386027579080517,-4.270492523951038,-2.458117046719827,0.420140427875535,1.5350346504427395,5.5139049577508095,-1.157399961060495,-2.4964547002591737,0.8506211299766857,0.9945840533535173,6.789058333148589,-3.7606636775485467,-7.251176333715697,-3.191861085684959,-5.031497689234278,-6.746078537906115,3.8132396023102886,0.2313017672834593,0.20415973134622706,-2.813291684036023,-4.245432975760566,-5.988460279764609,2.1040881848093753,4.729014366610881,-3.3789901247554264,4.42541033308577,-0.3698300541416716,-5.3965968412529115,1.9273371452351735,5.340084680144983,10.691746919621178,1.2866032166113426,7.02814985879795,3.5458776545083803,7.298358307061682,-0.27780458130324287,5.93889941265583,-2.797358123795888,-9.658740963277191
-1.1222606149609617,-2.2862664887979967,2.4786858936543936,-0.7636639319606687,-1.95883226702449,-5.373370491689461,-9.653402722259793,0.49258320134508954,-0.4192954540002792,0.14619171582495427,-1.9572745809085241,-2.706377157182272,4.089484286906477,1.586934384060517,4.320153889801953,-6.974635246900704,5.049043394038858,-0.09662434222777366,3.0512113850777536,1.6824948824198203,-0.39114023778642437,-1.1471312826591222,-3.755579525141325,0.6658475767456341,1.642622206745551,-0.5114952765770793,-0.7526804898379628,-4.547256707932332,2.7118198183288937,5.043879496451513,1.9291827079214496,3.603460306646343,4.580789512570189,-2.5247564696820683,-0.21206758616136206,-0.4393886811106072,2.151195208474639,3.048581326644603,4.306848339201029,-1.588688656733302,-3.2958935768284943,2.1655376591387943,-3.3110566485313453,0.27939133502764896,3.447120227911102,-0.9906007849108629,-3.534616323467236,-7.366851505930985,-0.9274483125013392,-4.500871275258289,-2.55899484879223,-5.0397461497561675,0.17421732613874086,-4.814394303700137,1.924675041387112,6.922877060595847
-0.4939778919453452,0.3863664821202606,-0.6610858735217148,-0.18621777960342417,0.23996640342030165,-0.2129210348366626,1.0774095946110551,-1.1418348797369189,-0.0010859157131909768,-0.15395922422692143,0.7504570027419243,0.5422639154148848,-0.18998080341384269,-0.08411566334576763,0.05679861858404549,0.3386027579080517,-0.09662434222777366,0.6547122410315903,-0.11043404433094642,-0.34019330543250303,-0.038652737415029344,0.08434347718172566,0.5420064721878471,-0.009960937570954148,-0.11593907225314806,0.7681547550872662,0.2595629403585571,0.40826059917240143,0.0023131425034631906,-0.7487045895795554,-0.7052950647433534,-0.06413430226340686,-0.6330004897018024,0.6530021474288885,0.29470159321016814,0.4004637051312365,0.16785098582501884,0.0652885076855875,-0.24614775483930307,-0.23000515250829862,0.5476958050975486,-0.21358785380343048,-0.18927031709537584,-0.28930057922332963,-0.5946744374192666,-0.3456493249279464,0.780035223169673,0.23797691570930815,0.4581879325683695,0.7233196489881961,0.11200953130287662,0.07907732900154603,-0.36166169305451473,0.3755936170510217,-0.2720954482882136,-0.7537078865485943
-0.9472082999031979,-1.7527081705858618,1.4896311680582637,-0.9891932986298654,-1.5546266824602055,-3.3273875445457053,-6.7795534459761875,0.28092292958088916,0.024665445249773727,-0.2908310699966191,-1.424450468830081,-2.051115086849758,2.339330750444118,1.1077048649629269,2.66009199964196,-4.270492523951038,3.0512113850777536,-0.11043404433094642,2.230611068204199,1.2853510321214328,0.06393253033586983,-0.45187710760584443,-2.345305025706011,0.21157614315683698,1.0530597978292886,-0.6028420570800148,-0.5514336489345295,-3.4093107597494208,1.3900638398807272,3.2693494583042804,1.5456256934157901,2.1207522690616827,2.842723114054283,-1.6587983416642602,0.06640635620008274,0.047763640114322874,1.1315448835723703,1.6816094667035957,2.812299932790267,-1.500690919421496,-1.9203622972586207,0.9111088774467498,-2.000980503824996,0.07749070552974241,2.1652689989440432,-1.1065555084031367,-2.378289943146001,-4.590823926538341,-0.10975264111558285,-3.071656909956432,-1.3622484737196219,-3.261056336257879,0.018870692070511178,-2.9611752173856876,1.363851671574408,4.217464868067233
-0.339423834000343,-1.167199797856604,1.0886322822581689,-0.542429689374914,-1.036626068863867,-1.690500730244757,-4.264756177683141,0.604771252206163,0.11435552945423294,-0.16916897676083764,-1.1257971214498732,-1.4043623778248966,1.309697469818849,0.6587513620446803,1.3976733881480454,-2.458117046719827,1.6824948824198203,-0.34019330543250303,1.2853510321214328,0.8960892750704793,0.13642823544980676,-0.18527297596596698,-1.5291417492681623,0.05766909046063803,0.5928847193288728,-0.7039931337555233,-0.42533082769203273,-2.140938804855728,0.7150039486342448,2.0924426050189386,1.2142864381084377,1.1867537504028884,1.8512073553560435,-1.2036240993708969,-0.05210665741246014,-0.04129788082103322,0.5115767298153031,0.8166036103587625,1.655778351434455,-0.8273914937931657,-1.273832185386752,0.5228682133056399,-0.9491898660077791,0.1063238999375028,1.4034571994758114,-0.5481683919678647,-1.6746070634155725,-2.6246902876543476,-0.16294865055616903,-2.0470369933445127,-0.7619129102937123,-1.8193641811585204,0.1549012189716015,-1.726206018188444,0.8852175703111886,2.6263713710858445
-0.17808895335821792,-0.13977471423026158,-0.16975051942063524,-0.4174493033560108,-0.22803026897970394,0.42652014877699723,-0.1414132403334547,-0.08059914186494742,0.32960463329510165,-0.3879447968369083,-0.12573775701665804,-0.14835250393187982,-0.4457578380129908,-0.023330592866514538,-0.35605472135978916,0.420140427875535,-0.39114023778642437,-0.038652737415029344,0.06393253033586983,0.13642823544980676,0.3854823216413229,0.4013775616521714,0.14227496709173462,-0.22727976369896247,-0.12151803989271566,-0.22983712782136856,-0.012679340462588498,-0.31603284214705885,-0.39955534540649407,-0.2081903026912962,0.28240026292130493,-0.26197002732647573,-0.15592229910025907,0.0362346640801677,0.19436547165737683,0.43009425555250846,-0.31736023596392765,-0.4204743025453247,-0.13882936214137334,-0.3916901081911862,0.25299646570306994,-0.44038298116138225,0.34728553066098217,-0.1706721522599481,-0.1777623603411953,-0.44096733197936655,-0.04205930219441557,0.32396385772407166,0.4996361543614842,-0.09488670339718114,0.322062212834097,0.18199843720978895,-0.07413602089476143,0.47307058266547525,0.061273459550201366,-0.44084589016171905
-0.030991581323532125,0.28461514160834506,-0.6364255036824595,-0.27209585776908096,0.11307128595733705,1.1736888660093932,1.563370376632018,-0.3384484407736793,0.4104828127406264,-0.3877673791510558,0.33705767610334453,0.3625522055636428,-1.0625910783177241,-0.25912777174978396,-0.9716280650758934,1.5350346504427395,-1.1471312826591222,0.08434347718172566,-0.45187710760584443,-0.18527297596596698,0.4013775616521714,0.5718340111429062,0.7970114185581817,-0.34404008489963234,-0.4053537053301594,-0.013765261827990595,0.13287155572755344,0.500340625833074,-0.7767647259563016,-1.1034591308202573,-0.1746991196657584,-0.7966816924586301,-0.9539595713933605,0.5254491792751829,0.2506801262134007,0.5155209766768644,-0.5868900628676683,-0.8640214839523536,-0.8295840266110605,-0.15289993403239113,0.8205818236694536,-0.78633212488325,0.8166999933609455,-0.26256207464864917,-0.8308330238266189,-0.26720758515312043,0.6450730751165931,1.489839260677409,0.6594714492401649,0.7517981362083987,0.701397247528454,0.9761665521654387,-0.1445654293370348,1.194883811028123,-0.29821093840409246,-1.5654068964658283
0.6158955940594291,1.9411862442743917,-2.300143367088711,0.5668853791505236,1.684002620841992,3.6760283121836657,8.095268905402074,-1.0954427162106217,0.3594333281200357,-0.10842819260558266,2.140103748143125,2.3668713857675088,-3.0750421026054973,-1.1272574738317356,-3.019792166125574,5.5139049577508095,-3.755579525141325,0.5420064721878471,-2.345305025706011,-1.5291417492681623,0.14227496709173462,0.7970114185581817,3.2326713804986555,-0.5391577998577279,-1.324121426315135,0.9323640722730524,0.7011860445492882,3.8557262672532557,-1.9735168333543125,-4.260031860056275,-2.101777246126875,-2.721734788743848,-3.9477833841512457,2.385088319375887,0.29295459096339255,0.3511081858817388,-1.4029838596526467,-2.1614161450243676,-3.3470687333742264,1.0791166512641877,2.82898107673145,-1.8255788498697623,2.217366021721333,-0.3337992187060386,-3.0987406706504914,0.7746073292048404,3.2887069078159468,5.774703017113998,0.8927136168552371,4.094078400330639,1.9441274229306804,3.8733317596203034,-0.35964219589506913,3.475313102369514,-1.661493039393008,-5.599172284582495
-0.16366670013607168,0.013266670869981394,0.35689958191402144,0.1111381887284897,0.006971087159683431,-0.5431550556946668,-0.9582011792513442,0.03808008915012067,-0.5427853188513925,0.21270859698327935,-0.3588791248419634,-0.017463315029295722,0.5926648076554714,-0.07811854376886526,0.4197439524128451,-1.157399961060495,0.6658475767456341,-0.009960937570954148,0.21157614315683698,0.05766909046063803,-0.22727976369896247,-0.34404008489963234,-0.5391577998577279,0.4003055741701817,0.3438482887499034,0.16029528913532862,0.03452677253320372,-0.3900492125712659,0.526297315785889,0.6225067541854272,0.19765907468268912,0.5098576889536472,0.6746641451193428,-0.3316167185919724,-0.08442409456873742,-0.035803690083139716,0.3296485959432031,0.5959353160909353,0.4250838306781548,0.1983845789821224,-0.489959615778745,0.7468183067678091,-0.45246609904562346,0.10711588112984717,0.7415207448338227,-0.16469467204368474,-0.4473266073042092,-1.1371710248827684,-0.3752883243554704,-0.7155646441470387,-0.44222595832908396,-0.7327756035002996,0.04128813589918276,-0.1762697514214351,0.17154837001225284,0.8115686223043767
-0.46157990683410005,-0.7216009579568994,0.8766201991343654,-0.3563782516456472,-0.6616715632490974,-1.648640082330169,-3.4851489590920184,0.20728642665364394,-0.3703818730922427,0.018868044848118503,-0.8946065511301943,-0.8821931953680454,1.3059332014237015,0.3781369386693264,1.3109891387651607,-2.4964547002591737,1.642622206745551,-0.11593907225314806,1.0530597978292886,0.5928847193288728,-0.12151803989271566,-0.4053537053301594,-1.324121426315135,0.3438482887499034,0.6879066032863292,-0.21069871255096642,-0.2228067197881789,-1.695084207386023,0.8671264234658305,1.7779396851049094,0.8238924026247395,1.1545613289130965,1.6031391882372243,-0.9472446279940279,-0.02279799797632542,0.02026020927065276,0.620641760173802,1.0388387095602045,1.4116017747449512,-0.4628190831500502,-1.1001409931036445,0.8450398973309441,-1.0664066415486204,0.11167915242684794,1.431185743642236,-0.6048600937762231,-1.2999945197851086,-2.5884631910272136,-0.2990258525351252,-1.7923348380968442,-0.80478302109791,-1.8148831721224137,0.04920332755676778,-1.267268537904776,0.6693793245222128,2.234237230854743
-0.36919564344127076,0.9147319909460243,-0.931222448310101,0.15182114996878704,0.7006080844927006,0.28570407080959725,2.502072785615508,-1.3399326207258828,-0.3229389768166261,0.06040382351287647,1.0555197590974585,1.151954774815857,-0.4645068230901589,-0.41630155409336206,-0.36300236862002794,0.8506211299766857,-0.5114952765770793,0.7681547550872662,-0.6028420570800148,-0.7039931337555233,-0.22983712782136856,-0.013765261827990595,0.9323640722730524,0.16029528913532862,-0.21069871255096642,1.1343285682684885,0.4520358214095581,1.186369777958911,-0.04257310014858862,-1.3518295394521815,-1.1388842092474967,-0.3334974342426614,-1.0981447975374115,0.9940658677267923,0.2518707298300741,0.3705101075012662,0.10248192590666476,-0.008735446732367848,-0.7734184848827101,0.277398566649591,0.8410872598140486,-0.05077357249502803,0.030697013648261426,-0.2742396431843544,-0.8369466883920487,-0.1354687045308511,1.2834013641343784,0.84586603435406,0.2929695092704196,1.2659677190995817,0.218896579869501,0.5369860712245399,-0.3853230066469772,1.0368654409713545,-0.5867382781634117,-1.4785083763293603
-0.05006131120860395,0.5997071260728266,-0.5829855847976885,0.10943097704361902,0.46412876409498277,0.7665163799668707,1.868861979307946,-0.5193178149446721,-0.14358191757513838,-0.013412642923128278,0.49413908368960163,0.7268375597587629,-0.6354901665078172,-0.3868870971682985,-0.6680153085998314,0.9945840533535173,-0.7526804898379628,0.2595629403585571,-0.5514336489345295,-0.42533082769203273,-0.012679340462588498,0.13287155572755344,0.7011860445492882,0.03452677253320372,-0.2228067197881789,0.4520358214095581,0.26353057622590775,0.8520705764848809,-0.3131857030684945,-1.0099946277457228,-0.5342362970348579,-0.5117911282728359,-0.8328833464975579,0.5922707430418677,0.12566238391418508,0.2575030316691186,-0.22893414771046083,-0.3334213498135333,-0.7585517305608258,0.29534052231225455,0.6423835386294797,-0.18260136308617486,0.4058157967804854,-0.13226056926635704,-0.575778255835197,-0.04012897008171333,0.778327016580476,1.033619810580366,0.21336791833762545,0.8188028980411979,0.36000955950603536,0.7005746849425417,-0.15443222230533907,1.0556990221146587,-0.400065296701567,-1.3012632843633327
1.5014899844895815,2.716599192176173,-2.4750064343436198,1.6866906736388183,2.569047818554376,4.669562639758854,10.969579210312272,-0.641455452218269,0.06984832014245804,0.5787413388707745,2.709236836457498,3.235795475872466,-3.4300026482262203,-1.4886107063058798,-3.733974597340428,6.789058333148589,-4.547256707932332,0.40826059917240143,-3.4093107597494208,-2.140938804855728,-0.31603284214705885,0.500340625833074,3.8557262672532557,-0.3900492125712659,-1.695084207386023,1.186369777958911,0.8520705764848809,5.671236636377067,-2.037392934441498,-5.180723728246262,-2.893657491897303,-3.235660545231292,-4.702059098815438,2.842047707896208,-0.14901759607881976,-0.4517683598976025,-1.511100241603653,-2.4173925511071834,-4.295708270738859,2.3009605930048274,3.080363115693439,-1.5854395746429677,2.756332014900348,-0.05127330078192723,-3.7217180179129885,2.121648331982771,4.069536083361335,7.304374315248432,0.10795997314677647,5.371289400498974,2.0300023819009008,5.131683028100023,-0.09982203461799992,3.9067161789379257,-2.214782183693293,-6.510990935206139
-0.4865381336400004,-0.9530408486199414,1.3196148517333064,-0.09112339554738125,-0.7904772153546951,-2.8154233548537912,-4.580792457364571,0.22810972681197506,-0.4704158155450188,0.31075294462978864,-0.919953616994902,-1.142595842539069,2.274367650628122,0.7107470599512172,2.2644224811865823,-3.7606636775485467,2.7118198183288937,0.0023131425034631906,1.3900638398807272,0.7150039486342448,-0.39955534540649407,-0.7767647259563016,-1.9735168333543125,0.526297315785889,0.8671264234658305,-0.04257310014858862,-0.3131857030684945,-2.037392934441498,1.6292165171121828,2.557308556649309,0.804160702051721,1.9789405355792382,2.425689987588358,-1.2620283079242915,-0.2205668653644444,-0.38220302707080916,1.2644630178576732,1.7676305238259482,2.1671755544676405,-0.49346336333977586,-1.8079277403103795,1.4708825951009903,-1.7880638199406942,0.20179907028212762,1.8468384823591895,-0.280241696720116,-1.7476732030893658,-3.9218802126846475,-0.7716539697229646,-2.2369665164646433,-1.4971694477967803,-2.6047720077486085,0.1317833091716902,-2.446932859493784,0.9066252386381451,3.6605968032530782
-0.7847668676780432,-2.7503553365425395,3.066959458092522,-0.8205488501824642,-2.304306534523843,-5.068048562688663,-10.96103574607368,1.5575499280145775,-0.35445895444534514,0.11640194520335795,-2.7987548038036256,-3.3309352583320226,4.128859374495885,1.6556142110618706,4.172315563132137,-7.251176333715697,5.043879496451513,-0.7487045895795554,3.2693494583042804,2.0924426050189386,-0.2081903026912962,-1.1034591308202573,-4.260031860056275,0.6225067541854272,1.7779396851049094,-1.3518295394521815,-1.0099946277457228,-5.180723728246262,2.557308556649309,5.7752914758141936,2.7743820956254654,3.577085708658121,5.166192213572458,-3.1772423419874074,-0.39315412261260957,-0.6245384963509735,1.8652638704255087,2.8756349675312642,4.546220026839775,-1.555916235896867,-3.733746556028872,2.211673649154902,-3.0620278656618973,0.5090923010548094,4.057059498584581,-0.9368758612906153,-4.352279186755562,-7.575760572900674,-1.147433040295905,-5.33871563083588,-2.5400898152923457,-5.153839688756203,0.4737799396250707,-4.998896553458003,2.245417897881397,7.512694078937196
-0.36142347865054286,-1.4484029065214663,1.5578403197860284,-0.6939183851120088,-1.3290922952831348,-1.654228515866192,-5.644575529702722,1.1314618867066364,-0.056131220646541156,-0.2326156689151328,-1.8804262646886036,-1.7937587672116937,1.503475448477895,0.609777488690896,1.3998458033440826,-3.191861085684959,1.9291827079214496,-0.7052950647433534,1.5456256934157901,1.2142864381084377,0.28240026292130493,-0.1746991196657584,-2.101777246126875,0.19765907468268912,0.8238924026247395,-1.1388842092474967,-0.5342362970348579,-2.893657491897303,0.804160702051721,2.7743820956254654,1.9421304158329225,1.4017572050061478,2.5621718537504963,-1.7573613796575018,-0.10690197481533403,0.08510689751931573,0.42707670236521705,0.9100253280584758,1.9884551967387811,-0.8603176484998469,-1.7214667140220496,0.8674088547138121,-0.9215594359716159,0.19390488691145172,2.1395346550387746,-0.8645560397809251,-2.439403747087096,-3.3664055980083307,-0.2874856327388759,-3.0425566973677123,-0.9017418724494124,-2.2820894404090666,0.306948385968416,-1.6471386735434488,1.1962024651976417,3.268548405308831
-0.8056130735623172,-1.5796364982788549,1.7855179830173533,-0.5049946138429865,-1.380428249175137,-3.7748784690481223,-6.838513981487107,0.33513556190135835,-0.3293317966132187,0.11772249006489828,-1.4250969535320406,-1.8749316106815597,2.923875143740731,1.0836938117943196,3.034432502031334,-5.031497689234278,3.603460306646343,-0.06413430226340686,2.1207522690616827,1.1867537504028884,-0.26197002732647573,-0.7966816924586301,-2.721734788743848,0.5098576889536472,1.1545613289130965,-0.3334974342426614,-0.5117911282728359,-3.235660545231292,1.9789405355792382,3.577085708658121,1.4017572050061478,2.6131799651306444,3.340509132633285,-1.8141937827020962,-0.163383773249291,-0.26729826411254876,1.5480974918802208,2.180402575226048,3.0556390143505623,-1.0908840634870465,-2.394323895601018,1.6470971781968222,-2.31936617823524,0.1758060803921202,2.4883739147429345,-0.7186629563073491,-2.5610377578673997,-5.329539937901314,-0.6901291707099897,-3.2716145136072425,-1.8658830686267336,-3.600244673535997,0.13790909178860988,-3.318272935979037,1.3745130227898397,4.96280826470985
-0.7858684082584974,-2.3388889155418995,2.7882014422922063,-0.6922662467741273,-2.0413886271903934,-4.467178296161713,-9.835930138381846,1.287116008905286,-0.448758838897562,0.12095674747922727,-2.604256951838542,-2.8493808992608933,3.746662807999979,1.3518323946485313,3.6653278265308433,-6.746078537906115,4.580789512570189,-0.6330004897018024,2.842723114054283,1.8512073553560435,-0.15592229910025907,-0.9539595713933605,-3.9477833841512457,0.6746641451193428,1.6031391882372243,-1.0981447975374115,-0.8328833464975579,-4.702059098815438,2.425689987588358,5.166192213572458,2.5621718537504963,3.340509132633285,4.834385928200416,-2.8925097620081623,-0.3488443493592798,-0.38613922802861084,1.7230646957967513,2.643034773679841,4.073190258458472,-1.319200446826938,-3.4526116423320463,2.263641321678462,-2.696309700350298,0.3859024543973193,3.776578698176524,-0.9752214427563461,-4.012158058748336,-7.081812635449676,-1.0727433028877273,-5.007197483647059,-2.3862847160348672,-4.731169312472679,0.42941056386883536,-4.170494103745255,2.027147012853999,6.816231992354157
0.2369299149001725,1.503294746453619,-1.8073913568989264,0.3871027886823048,1.2847575591898743,2.349360105776957,5.986283017733879,-1.2035914180540224,0.2058666442162789,-0.07985927696280319,1.7859655624515696,1.8625869102766102,-2.0903433952657933,-0.7964723975663275,-1.975524209194845,3.8132396023102886,-2.5247564696820683,0.6530021474288885,-1.6587983416642602,-1.2036240993708969,0.0362346640801677,0.5254491792751829,2.385088319375887,-0.3316167185919724,-0.9472446279940279,0.9940658677267923,0.5922707430418677,2.842047707896208,-1.2620283079242915,-3.1772423419874074,-1.7573613796575018,-1.8141937827020962,-2.8925097620081623,1.8881801207917357,0.2819118282799379,0.33572335755799626,-0.8220393140159975,-1.3737236185148813,-2.3505657268152107,0.6966709603467535,2.090637310444556,-1.238920840157027,1.3798086915949446,-0.3243537305043998,-2.3330871746094664,0.46822060365444657,2.548064268064334,3.949514002635427,0.7164718632244731,3.091412141364061,1.2980166366157837,2.642602961553214,-0.376850820803365,2.4474126281750825,-1.2414643558098921,-4.028028503983145
-0.44123703917639967,0.09753183497410502,-0.40153059145830994,-0.43913460040078794,-0.06288048269064554,0.08604515342506772,0.1704524559425132,-0.6644074060910725,0.07948938928799294,-0.33182575180119483,0.1923031881963764,0.1558922762750247,-0.32924164774788695,-0.09551307334410228,-0.15092671823963774,0.2313017672834593,-0.21206758616136206,0.29470159321016814,0.06640635620008274,-0.05210665741246014,0.19436547165737683,0.2506801262134007,0.29295459096339255,-0.08442409456873742,-0.02279799797632542,0.2518707298300741,0.12566238391418508,-0.14901759607881976,-0.2205668653644444,-0.39315412261260957,-0.10690197481533403,-0.163383773249291,-0.3488443493592798,0.2819118282799379,0.31290663473127805,0.5613774322308521,-0.11287773828820463,-0.1534024862693007,-0.1467465325056534,-0.3729565517019854,0.41231108478126943,-0.3140245152830299,0.05211414046331385,-0.2526849072690277,-0.23502469969004264,-0.6294470448437195,0.2992970446633521,0.14018014041827187,0.5515297184498119,0.1235268042167071,0.24970314031204183,-0.018966474019890656,-0.2547101841727343,0.5473316746099592,-0.07392636892700133,-0.5986637272889299
-0.8129750339987298,0.24505423061845502,-0.5951156802522993,-0.8045489410878458,-0.14802757489695206,0.43594503276738555,0.08273271623559171,-1.0811974110569964,-0.028277863517655613,-0.6108277014242963,0.03120040908880934,0.32245682321904184,-0.6484678468208038,-0.35894221929246833,-0.4968619609778406,0.20415973134622706,-0.4393886811106072,0.4004637051312365,0.047763640114322874,-0.04129788082103322,0.43009425555250846,0.5155209766768644,0.3511081858817388,-0.035803690083139716,0.02026020927065276,0.3705101075012662,0.2575030316691186,-0.4517683598976025,-0.38220302707080916,-0.6245384963509735,0.08510689751931573,-0.26729826411254876,-0.38613922802861084,0.33572335755799626,0.5613774322308521,1.2192680723792495,-0.2991217992936596,-0.3123343823475834,-0.3027480445369836,-0.5584334278987741,0.6254683871820138,-0.31436760321467894,0.27052200708233776,-0.48059913350156797,-0.1333267945515647,-1.3504125286635869,0.2927994902019128,0.03591804804236026,0.942267334393437,-0.1830158323506817,0.430580262937128,-0.12221759392195822,-0.40375127988352266,1.4457612560606952,-0.08190791252762168,-1.0406127867334583
