V1,V2,V3,V4,V5,V6,V7,V8,V9,V10,V11,V12,V13,V14,V15,V16,V17,V18,V19,V20,V21,V22,V23,V24,V25,V26,V27,V28,V29,V30,V31,V32,V33,V34,V35,V36,V37,V38,V39,V40,V41,V42,V43,V44,V45,V46,V47,V48,V49,V50,V51,V52,V53,V54,V55,V56
38.131752898427955,2.4460512807415937,-9.205136052716634,16.77094707363466,-112.41520223903251,83.96988249591354,40.511442002051155,27.59630419913063,15.559520628142858,-7.2632795517829045,42.81515967371733,-22.52500062553014,-35.94138611449936,-44.37276788467152,-1.5308077525029757,-48.71706251676869,-61.27929351942606,17.296552660297245,18.18228214663752,-2.2959076827109683,130.52049534098416,24.13606869229201,10.368670980856598,66.782841202587,-32.14628194696155,6.805152071227871,-17.88446713988081,77.07863619634814,25.10695936231165,-47.25953190346138,-56.636307774027294,4.513688723428414,71.46084034508644,-90.61609032693738,1.5945153364737623,67.16288947674936,18.354260007078885,29.995813990940253,14.979016081480722,-16.528539834758593,74.33763552411317,-11.816137467524385,1.4245369053198664,-44.2221466807067,-20.000487143443408,29.01448516771995,-19.195721988597615,34.74689737782827,3.5411554102956284,32.5688231063847,26.011358017610156,11.627507868725433,16.399425623085424,-5.252687466262699,-69.20511133866255,15.02109427822379
2.4460512807415937,0.87962396678835,-0.43420689123876427,1.1106804039061622,-7.47837757097217,4.699198369890698,2.551547286137106,1.705356611326982,2.060081605223202,-1.0932572260587086,2.5274635480140364,-0.7776251160588453,-2.3754264486579357,-1.9796802752739915,-0.04883548375458035,-3.297023685456281,-3.898265737628422,1.4934048540334703,1.4025245594172955,-0.5431508521419304,8.194048696986528,0.693677221634276,0.9380693158003364,3.2769864072535357,-1.68776478193732,0.4341398247776415,-0.8535277644999939,5.026723583086876,0.842147985359115,-3.5236265758231626,-3.0311027727047444,0.8744674525969284,4.6054946200738796,-5.99041899513853,-0.7319523711852886,3.5136269678343375,0.9457004289478693,2.0532392683941336,0.41626201764239323,-0.5451886102985285,4.3915368451475025,-0.6740990161791877,0.18951956176219875,-2.0722895669445043,-1.4818077212867478,1.2112065965895877,-0.9523181251376356,2.7310064018544216,0.28787519590605976,2.1807028009676817,1.6274353281584246,0.8061969997112688,0.6452309608674034,-0.015242808389057377,-3.980285875493373,1.6087925995261405
-9.205136052716634,-0.43420689123876427,2.3639341285890225,-4.153365244135459,27.126661017897895,-20.316757287565512,-9.734543450633684,-6.5298255167779615,-3.5151682985818447,1.6329398548608745,-10.510593247184275,5.802424129719464,8.756263867371384,10.713386245946467,0.5172903417281507,11.802831416087058,15.134671557228362,-4.147157741843443,-4.190963552222124,0.4929913158983218,-31.33112247227797,-5.6532882789310746,-2.48194874058416,-16.282438119074754,7.909198157271093,-1.5859416334986727,4.360016395376167,-18.514402858174247,-6.2539660129666705,11.398022565403622,13.766495019078238,-1.0558121323612624,-17.37123812032256,21.671523963502473,-0.5850843411650543,-16.505431029646637,-4.223163892894575,-7.011975340873082,-3.7151796494718585,4.0295288586298375,-18.096583236658407,3.0180121928181074,-0.2684395427899701,10.809247901212819,4.86014405433071,-6.9555905952809765,4.687591789286873,-8.10576932421517,-0.766415992425675,-7.968082432872231,-6.360993398003735,-3.1816933788140656,-4.091384353874307,1.3050066705425118,16.838642594990095,-3.4739310397712067
16.77094707363466,1.1106804039061622,-4.153365244135459,7.502091357159319,-49.48872647803613,36.807482147570596,17.761670999732956,11.988997580421634,6.8713754625708825,-3.2446371739878095,18.95283723345014,-10.109216056381715,-15.934936595799442,-19.300672183047745,-0.8216474314988204,-21.509991450755916,-27.29764067628005,7.67363338413768,7.866248539961349,-1.0466264558173632,57.18698812819174,10.19423729626749,4.594397592484283,29.269757884501992,-14.216548140454924,2.9336105696306234,-7.827049699194223,33.84400495776873,11.05273755574001,-20.916959412445514,-24.867959394859255,2.0905623033696377,31.568404901897292,-39.70577224064914,0.7098191383286685,29.66764375228604,7.804655433169013,12.997331739706404,6.56507505677386,-7.197628556393291,32.73837926566881,-5.360488883019602,0.589396375906765,-19.3807789074606,-8.878284376712978,12.525644990193351,-8.422266554875545,15.118811963067113,1.4863440522660427,14.45071331938457,11.52938776402886,5.522968783592811,7.248191793008104,-2.2546219710463284,-30.464673648223616,6.6124440099617585
-112.41520223903251,-7.47837757097217,27.126661017897895,-49.48872647803613,331.5775298862532,-247.18848872186754,-119.37308623376948,-81.24052798468752,-46.292893792381705,21.644930370939466,-126.19921710876773,66.25050905792823,105.94992500882748,130.33804394066166,4.5329586668268975,143.74558374649976,180.80626809913156,-51.18725290494925,-53.58424439245287,6.948764911008698,-384.56165390943266,-70.68940947795302,-30.74448211630766,-196.45825952271133,94.58060136932916,-20.03199890981321,52.617513833018656,-227.1703790474286,-73.68408591056605,139.52502640309012,166.648148677367,-13.628643665935419,-210.7123981125795,267.0832855011152,-4.310631368555288,-197.63019589307058,-53.86779214248022,-88.3589073720788,-43.876969930072526,48.40979213051528,-219.07539534960435,34.827317891192244,-4.166323733473759,130.06517419723306,59.09709505198302,-85.2274150461553,56.484892906886174,-102.55969005422264,-10.413671891337293,-96.13839799828622,-76.65068398285374,-34.4765305773151,-48.18797668743061,15.371235939936202,203.81718028997005,-44.56225469400725
83.96988249591354,4.699198369890698,-20.316757287565512,36.807482147570596,-247.18848872186754,185.74078745844614,89.32827544311976,61.006579555837575,33.22202704438491,-15.389333230410896,94.36683433902284,-50.028946741116705,-79.08070294082052,-98.80942270814873,-3.312869084877046,-107.0081355943882,-134.63121757259267,37.63459647403125,40.00779984288303,-4.62759233385545,287.8749793705863,54.300247651401854,22.464036178062866,148.1074951497893,-71.17904831625077,15.048272523466538,-39.6693330233162,169.80411937297552,56.067740794329694,-103.53873280564547,-125.4268204645629,9.213613698657035,157.25062924475145,-199.60124560638363,4.3972141377076825,148.69931897707164,40.93958594887313,66.1624408884867,33.61058063816359,-37.075906813528185,163.95305133383542,-26.00889499386084,3.151736729601428,-98.15089088788126,-43.74534283677084,64.67710209498887,-42.54154368167174,76.18990178337843,7.831343317797085,71.46879776633442,57.31021280022648,25.16664686892593,36.491711113672096,-11.880573943812934,-152.86265271420723,32.41772192860158
40.511442002051155,2.551547286137106,-9.734543450633684,17.761670999732956,-119.37308623376948,89.32827544311976,43.076866032797966,29.406366567983238,16.45707611807784,-7.669087113799289,45.435017169480204,-23.86135563237662,-38.15485662772447,-47.31812534841749,-1.5657014629039105,-51.69743124257533,-64.92757706622326,18.313235319104493,19.390273491301294,-2.394062768868248,138.80902352769152,25.880351075172143,10.959518089436598,71.05452399573988,-34.16782147507724,7.2612810823693055,-19.0267539093401,81.94176952677523,26.72898720293822,-50.135563999699606,-60.254234647002654,4.688898420599557,75.86193885790608,-96.36165693270166,1.766855529317882,71.38555123908954,19.66091477813442,31.972223619518868,15.982109967441149,-17.661338758525403,78.95601232055971,-12.495993347579976,1.5491951246944586,-47.05107073723841,-21.18753152701846,30.960924865577194,-20.41506346363137,36.968087867486126,3.8020310498370185,34.51945350090307,27.615823756072462,12.147427712811204,17.435529761460792,-5.611980137226445,-73.55298705789143,15.907152033807806
27.59630419913063,1.705356611326982,-6.5298255167779615,11.988997580421634,-81.24052798468752,61.006579555837575,29.406366567983238,20.192645698879204,11.160324850853938,-5.182056686766889,30.831423259444882,-16.063383617834013,-25.916204156043523,-32.48595253239817,-0.9379417881214611,-35.11863070142961,-43.88668140538164,12.392692486706062,13.361661388925455,-1.5795622874489788,94.80408588362451,18.02950993298381,7.395500242727698,48.51370541567261,-23.249473323553925,5.005089558221575,-12.992185985817915,55.91076310935837,18.23657728599709,-34.03935077774288,-41.1370125347919,3.051556184206072,51.55701258491838,-65.81788683616516,1.2522376772198651,48.58559730068015,13.679140000226571,21.988170670232886,10.954499437151535,-12.159983795522066,53.72149062542733,-8.381208097948615,1.121034448204522,-32.121359099139326,-14.337924118187988,21.307211020775867,-13.925610654455848,25.330999616466155,2.6677496408884034,23.37178184075318,18.756762273182446,7.877992205032309,11.859677403296851,-3.8643133168518715,-50.10801302845941,10.804151224776621
15.559520628142858,2.060081605223202,-3.5151682985818447,6.8713754625708825,-46.292893792381705,33.22202704438491,16.45707611807784,11.160324850853938,7.936920756645612,-3.8787200099979176,17.13651499378153,-8.183290846609658,-14.706428231421704,-16.800216629730073,-0.5222643404007103,-20.142018585136956,-24.93203383024868,7.636723535414961,7.751997009040931,-1.5334370049574746,52.976102320904246,8.634789348221844,4.669113891038531,25.76056584124764,-12.504973153559156,2.777352869782618,-6.874932072290694,31.538684175763176,9.069674522946013,-19.9824547853021,-22.17182376421391,2.737352201556665,29.162789465837637,-37.217178725413504,-0.6405807817660579,26.1350466868201,7.1447248284838665,12.427964206402342,5.263365204153446,-5.928366428290307,29.79422552091275,-4.653942760842817,0.6987160770734313,-16.91882186897972,-8.464281234137157,10.913526632590747,-7.4238613581317345,14.944209948027844,1.5318311653777128,13.434448038150641,10.511773872206863,4.796482594966072,6.070355262788991,-1.686933248944984,-27.52714830457314,7.109061191418126
-7.2632795517829045,-1.0932572260587086,1.6329398548608745,-3.2446371739878095,21.644930370939466,-15.389333230410896,-7.669087113799289,-5.182056686766889,-3.8787200099979176,1.932578328581087,-7.983457629971059,3.745793203383365,6.931435040525491,7.681161849921173,0.2720327197610823,9.436819366276609,11.692458853140899,-3.6316998156569906,-3.6519489078488827,0.7809257756889165,-24.681097806250474,-3.800365714055335,-2.209286827997375,-11.840132977763805,5.818844675981199,-1.285910881179876,3.1475845601782533,-14.749822810080229,-4.127709896968292,9.446144800277049,10.270984477704474,-1.3725263202178006,-13.651599542568446,17.397018988000177,0.4054018461297694,-12.13853267383424,-3.263015227253814,-5.80014303304042,-2.3875924452657475,2.702492522305569,-13.837321493134183,2.205319100306129,-0.35525781537625933,7.755154216986877,3.991183910056751,-4.93174466398802,3.4133253670083046,-7.026033619551884,-0.7182639236228436,-6.297662709531095,-4.935787981179978,-2.32431905612921,-2.7807267605600177,0.7139759824046439,12.794595754173086,-3.4150787489102816
42.81515967371733,2.5274635480140364,-10.510593247184275,18.95283723345014,-126.19921710876773,94.36683433902284,45.435017169480204,30.831423259444882,17.13651499378153,-7.983457629971059,48.29105715210696,-25.75493511775537,-40.443602533090086,-49.861876032678815,-1.8950203700799084,-54.74355102858154,-69.21258758682181,19.370690047148372,20.16787108464192,-2.4875041596477434,146.34689983627868,26.93596886742493,11.607020683568827,75.22131675056676,-36.28456863097042,7.573443856543202,-20.146083163783857,86.42904988082257,28.45270981484978,-53.02690249324832,-63.7287724373319,5.003413269175995,80.37801512700015,-101.49400971306777,2.062438289098559,75.78904035457386,20.372091976277908,33.401588964078684,16.958484017196117,-18.62498492041894,83.66568940287874,-13.465410130557194,1.5037189786744338,-49.84734403983249,-22.487191266941934,32.55168662661921,-21.63014138816799,38.65730333425429,3.8678570571533086,36.69167876453425,29.302312942657018,13.496572922400643,18.58819698383474,-5.957748646757723,-77.88069484459753,16.658308191595374
-22.52500062553014,-0.7776251160588453,5.802424129719464,-10.109216056381715,66.25050905792823,-50.028946741116705,-23.86135563237662,-16.063383617834013,-8.183290846609658,3.745793203383365,-25.75493511775537,14.377956388914342,21.37016733444888,26.635197892802736,1.2338472029816072,28.77968226897223,36.9168464811681,-9.972065117784032,-10.223423628810789,1.0376951845072657,-76.82484596317096,-14.307459229509597,-5.944630099052279,-40.26217375188348,19.48208500940278,-3.9040923507795977,10.792657778081786,-45.30649267901721,-15.60201438177466,27.66153463923092,33.94549400514359,-2.310637078664223,-42.451780771352965,53.02948373926414,-1.7613787273872752,-40.667612629454986,-10.530993109760002,-17.18940538724533,-9.32022895562511,10.09884512639756,-44.398466077460306,7.364510081900792,-0.6448864321712886,26.762563205107863,11.785327737289455,-17.34770829583173,11.583528426658216,-19.70214806209232,-1.8827075449687436,-19.41047139597359,-15.556835525920807,-7.610514253719017,-10.156720260435844,3.331206912072875,41.376008253842954,-8.250275317519831
-35.94138611449936,-2.3754264486579357,8.756263867371384,-15.934936595799442,105.94992500882748,-79.08070294082052,-38.15485662772447,-25.916204156043523,-14.706428231421704,6.931435040525491,-40.443602533090086,21.37016733444888,34.082530151008164,41.686352403737274,1.5923323133248783,45.96690779645624,58.029349058839045,-16.343089746857228,-17.09209620238432,2.188667336196042,-122.90638627091218,-22.336837936267102,-9.742901848753355,-62.835564171489374,30.445298680633893,-6.369363108195847,16.794625896350468,-72.68404477272476,-23.705943397374135,44.713159197272326,53.415673544512714,-4.294977832943494,-67.50192214026599,85.36163127212401,-1.5759780148206004,-63.5307134169732,-17.11487889012291,-28.153025047733653,-14.159683577254643,15.608746044685297,-70.04372316858961,11.321857313968028,-1.374051241727981,41.59150914782408,18.897074941097422,-27.095493516855917,18.059635985392067,-32.62408476176757,-3.3005663525409172,-30.76702262223454,-24.651872146260025,-11.301083935951752,-15.499390611607232,4.862002132924707,65.2886783172899,-14.141788950986074
-44.37276788467152,-1.9796802752739915,10.713386245946467,-19.300672183047745,130.33804394066166,-98.80942270814873,-47.31812534841749,-32.48595253239817,-16.800216629730073,7.681161849921173,-49.861876032678815,26.635197892802736,41.686352403737274,53.10903701440997,1.6352703661023844,56.30803194019107,70.74295382412313,-19.528302005907655,-21.19257488584,2.1201156040010796,-152.565146218992,-29.723750832677318,-11.584890819535309,-79.05834965427525,37.857945878324216,-8.027275052743555,21.18413922554418,-89.81605045204583,-30.18163762161676,54.27234620086912,66.81214661267596,-4.293038139298601,-82.94729515927301,105.59961789665464,-2.956329731752345,-79.09276333484792,-22.14776894910751,-35.14529858481331,-18.223873979448573,20.11994535621026,-86.79050752187787,13.65618048508387,-1.7016827737039302,52.44565829214801,22.862004261399594,-34.851651589785114,22.682405701263175,-40.11361298840311,-4.200906167168076,-37.52002671154921,-30.265657333265974,-12.776446382240282,-19.53564382840936,6.52634032978277,81.0989112111222,-16.657681447910473
-1.5308077525029757,-0.04883548375458035,0.5172903417281507,-0.8216474314988204,4.5329586668268975,-3.312869084877046,-1.5657014629039105,-0.9379417881214611,-0.5222643404007103,0.2720327197610823,-1.8950203700799084,1.2338472029816072,1.5923323133248783,1.6352703661023844,0.2490084213936459,2.0339710521036913,2.882521037122517,-0.7247310253807372,-0.5440065331319818,0.08568289829192553,-5.002801141477813,-0.5668945628461989,-0.41993306575412487,-2.687056193579736,1.4374942450812105,-0.20180138522386956,0.7072074162616072,-3.0193109671734804,-1.1212416571622594,1.9957479685226784,2.304392141105828,-0.23111822600108933,-3.036001993767293,3.4380920984106096,-0.18538147318306902,-2.9601589037825327,-0.4433770296890427,-0.952422372744185,-0.646578933554784,0.647891687487513,-3.0842074393311925,0.6858349553254698,-0.0017810295924508626,1.7902487792973762,0.8740146736697174,-0.9614990614422677,0.7811158899523879,-1.1327413803727358,-0.04885034133138211,-1.4469123956013905,-1.1609335939209415,-0.9548168192143417,-0.7547894323727544,0.18308353087335766,2.872682077638737,-0.5242968834024538
-48.71706251676869,-3.297023685456281,11.802831416087058,-21.509991450755916,143.74558374649976,-107.0081355943882,-51.69743124257533,-35.11863070142961,-20.142018585136956,9.436819366276609,-54.74355102858154,28.77968226897223,45.96690779645624,56.30803194019107,2.0339710521036913,62.354319278224544,78.53819866046909,-22.245129719795223,-23.15497749702149,3.0579960271140556,-166.51841989266978,-30.37101619948166,-13.370536581375601,-85.02710367785713,40.990057816488815,-8.649511442664625,22.76908834873361,-98.40836134329157,-31.881790682709912,60.55533352175342,72.14592304003921,-6.008391358277885,-91.3844745724067,115.66366101911679,-1.8062424018797674,-85.63990760649716,-23.180713329110194,-38.18807464709451,-18.956299180273927,20.891140987939924,-94.95159325094015,15.16393350653396,-1.7793888931818145,56.28822269786633,25.670033978235963,-36.781131384516,24.453513462063015,-44.39058777400451,-4.475255024853911,-41.74238495194654,-33.250596378186756,-15.159582993605301,-20.873729418598984,6.61991174123309,88.30611406290913,-19.35861592104692
-61.27929351942606,-3.898265737628422,15.134671557228362,-27.29764067628005,180.80626809913156,-134.63121757259267,-64.92757706622326,-43.88668140538164,-24.93203383024868,11.692458853140899,-69.21258758682181,36.9168464811681,58.029349058839045,70.74295382412313,2.882521037122517,78.53819866046909,99.5295239407048,-27.95839725635545,-28.736409222732018,3.75425795581882,-209.06453292910018,-37.709917607582646,-16.787025946659877,-107.17988262259162,51.86320750354594,-10.75578951356948,28.69348863191255,-123.61105099665085,-40.44723935136084,76.21679454144207,90.90561296626635,-7.537135206604011,-115.22142644773722,145.08380895907416,-2.6325936226874953,-108.30263882094259,-28.69011990181249,-47.56210121524657,-24.015661370142066,26.32845583193758,-119.70521469323695,19.439049407166134,-2.1024260160131942,70.99803673616407,32.378561172305076,-46.069936911938186,30.84089613267708,-55.278553047387966,-5.448915566648906,-52.73901552975693,-42.0132702021007,-19.894523367764236,-26.502293953157366,8.360535170132726,111.3222373191403,-24.089332573546468
17.296552660297245,1.4934048540334703,-4.147157741843443,7.67363338413768,-51.18725290494925,37.63459647403125,18.313235319104493,12.392692486706062,7.636723535414961,-3.6316998156569906,19.370690047148372,-9.972065117784032,-16.343089746857228,-19.528302005907655,-0.7247310253807372,-22.245129719795223,-27.95839725635545,8.095323709679741,8.27347013909884,-1.2779206200454458,58.962722780381284,10.316912921620675,4.903095028336012,29.713818761491385,-14.36899594372831,3.0539206656111912,-7.952130611601157,34.93213097149747,10.957664467766264,-21.732740337376512,-25.30342529163668,2.4441547307283336,32.47623600129318,-41.08218360449482,0.23607083337075455,30.026186190917,8.045604029189377,13.554234795882932,6.452113830770747,-7.12997465539878,33.57359695103061,-5.365487936499149,0.6432565516625512,-19.63211276576254,-9.232522046938078,12.727980908962959,-8.555917804664139,15.947918195582748,1.5910067530300367,14.906141776338448,11.7842701677331,5.50654833194732,7.2286411405173165,-2.2067151192113412,-31.134798745401532,7.17739720008037
18.18228214663752,1.4025245594172955,-4.190963552222124,7.866248539961349,-53.58424439245287,40.00779984288303,19.390273491301294,13.361661388925455,7.751997009040931,-3.6519489078488827,20.16787108464192,-10.223423628810789,-17.09209620238432,-21.19257488584,-0.5440065331319818,-23.15497749702149,-28.736409222732018,8.27347013909884,8.984119394040158,-1.170989370082422,62.525959560264056,11.716330771477308,4.932406197615407,31.614328705232023,-15.17888116030577,3.3258188728764098,-8.45178469485043,36.933430639020266,11.734581141848064,-22.582440463111936,-26.926745188042716,2.161838220462972,33.92839434794837,-43.53691946882988,0.5359084026831528,31.708072658231465,9.066073790188995,14.647096621450764,7.05005536918573,-7.89202366358422,35.20221938898118,-5.438897119569973,0.8235836248815868,-20.887839902547398,-9.474635235354265,13.871388167963104,-9.070251718745048,16.95975848934283,1.8239461728331363,15.358448026924428,12.330820281578477,5.026856007606849,7.648784322812653,-2.4285124687320936,-32.844657259314104,7.351974173533425
-2.2959076827109683,-0.5431508521419304,0.4929913158983218,-1.0466264558173632,6.948764911008698,-4.62759233385545,-2.394062768868248,-1.5795622874489788,-1.5334370049574746,0.7809257756889165,-2.4875041596477434,1.0376951845072657,2.188667336196042,2.1201156040010796,0.08568289829192553,3.0579960271140556,3.75425795581882,-1.2779206200454458,-1.170989370082422,0.3721941570667837,-7.683450696682325,-0.907325509360022,-0.8100659723421738,-3.4455056650272735,1.708705879338783,-0.39407331522912326,0.9157701509940239,-4.640912496014815,-1.0678673798895366,3.1266351572346682,3.0335227388940433,-0.6438507295902526,-4.332488278877193,5.491289916794269,0.39906341310250876,-3.5749843048520553,-0.8991072804476035,-1.8163180000380375,-0.5653938423562783,0.6519132378645812,-4.300066471439601,0.6793575106853298,-0.10549454203734439,2.2328257948266406,1.3428029457363495,-1.354663802795193,1.001721315807534,-2.3345449940954843,-0.22253809411961112,-2.0553444407785775,-1.5371310197299992,-0.8233108912511296,-0.7618258032012584,0.14142202082225797,3.9000613563961286,-1.2755617646580975
130.52049534098416,8.194048696986528,-31.33112247227797,57.18698812819174,-384.56165390943266,287.8749793705863,138.80902352769152,94.80408588362451,52.976102320904246,-24.681097806250474,146.34689983627868,-76.82484596317096,-122.90638627091218,-152.565146218992,-5.002801141477813,-166.51841989266978,-209.06453292910018,58.962722780381284,62.525959560264056,-7.683450696682325,447.31451458967285,83.54112451353984,35.2742459878935,228.9866419797034,-110.0878150845509,23.414562262264884,-61.3174235812035,264.03753463974243,86.14891054780836,-161.47783150227747,-194.1819587391193,15.0378157516852,244.37263193343585,-310.522854398515,5.73608126418058,230.0050640317947,63.45426557522157,103.08354289537768,51.532955665264815,-56.967617389234405,254.36511096715603,-40.21986531812254,5.01676006034451,-151.63224656756617,-68.22174613927861,99.83941743821028,-65.78578405700361,119.1448592008885,12.276134664439896,111.16011954601748,88.95925095113516,38.99550336739861,56.17884357833797,-18.100751167815684,-236.98959240907178,51.2218039855365
24.13606869229201,0.693677221634276,-5.6532882789310746,10.19423729626749,-70.68940947795302,54.300247651401854,25.880351075172143,18.02950993298381,8.634789348221844,-3.800365714055335,26.93596886742493,-14.307459229509597,-22.336837936267102,-29.723750832677318,-0.5668945628461989,-30.37101619948166,-37.709917607582646,10.316912921620675,11.716330771477308,-0.907325509360022,83.54112451353984,17.488387322144078,6.123486129571159,43.65119598397874,-20.55109269198112,4.500972930274753,-11.738171524297792,48.932737776575614,16.702207719814172,-29.007350827728185,-36.66987161171576,1.8648793876564138,44.78691561503011,-57.690596976684986,1.9172273374969238,43.031042876985175,12.745318775032747,19.50135800266983,10.175912383942194,-11.300172372229339,47.274344730409275,-7.080632113752706,0.9586387449837033,-29.002202406065486,-12.17410169193434,19.769599554945568,-12.50171432558773,21.983459533068014,2.417686619636573,20.090972251755144,16.263792272223547,5.993589188454013,10.708942560415863,-3.8168834655655375,-44.23086442618308,8.790024653842483
10.368670980856598,0.9380693158003364,-2.48194874058416,4.594397592484283,-30.74448211630766,22.464036178062866,10.959518089436598,7.395500242727698,4.669113891038531,-2.209286827997375,11.607020683568827,-5.944630099052279,-9.742901848753355,-11.584890819535309,-0.41993306575412487,-13.370536581375601,-16.787025946659877,4.903095028336012,4.932406197615407,-0.8100659723421738,35.2742459878935,6.123486129571159,3.0066489697975327,17.729428231355335,-8.527940136177733,1.8245009794977574,-4.757300581569756,20.891512084384985,6.473963486141475,-13.042188319802953,-15.063414088130786,1.558323656086815,19.4572540320622,-24.586026917768457,0.01796131848917879,17.85034753652211,4.760979720605621,8.097971623499117,3.774110548757642,-4.161011891201136,20.133670035357678,-3.1842886484990953,0.3505715667176756,-11.715215721599183,-5.57262839309194,7.594184928468894,-5.112542752848787,9.593325109951058,0.940917822534129,8.975423137473118,7.0243199816677055,3.3274896820386872,4.288235208545053,-1.3181606183595334,-18.59771739590041,4.3779737360287925
66.782841202587,3.2769864072535357,-16.282438119074754,29.269757884501992,-196.45825952271133,148.1074951497893,71.05452399573988,48.51370541567261,25.76056584124764,-11.840132977763805,75.22131675056676,-40.26217375188348,-62.835564171489374,-79.05834965427525,-2.687056193579736,-85.02710367785713,-107.17988262259162,29.713818761491385,31.614328705232023,-3.4455056650272735,228.9866419797034,43.65119598397874,17.729428231355335,118.40920364497451,-56.82566592207261,11.954894154453239,-31.736949893683665,134.9495879192027,45.057694226887705,-82.04425650934436,-100.08976939902149,7.008075012209242,125.0688760367088,-158.57004993255433,3.98933190265304,118.73463130107224,32.627115453537684,52.476579683869474,27.038755873492597,-29.752350693102095,130.66629624452244,-20.752679399834967,2.409409786800219,-78.53670209017612,-34.69556556591294,51.81604653421784,-34.01066209067923,60.242199047125425,6.165255796545591,56.82758206925063,45.599030265213564,20.06892171613277,29.278542259799796,-9.655372035305192,-121.85089957245397,25.39031008321314
-32.14628194696155,-1.68776478193732,7.909198157271093,-14.216548140454924,94.58060136932916,-71.17904831625077,-34.16782147507724,-23.249473323553925,-12.504973153559156,5.818844675981199,-36.28456863097042,19.48208500940278,30.445298680633893,37.857945878324216,1.4374942450812105,40.990057816488815,51.86320750354594,-14.36899594372831,-15.17888116030577,1.708705879338783,-110.0878150845509,-20.55109269198112,-8.527940136177733,-56.82566592207261,27.466646017871962,-5.7087272743414434,15.199206954058564,-64.98738505696456,-21.67834829390298,39.68520626186224,48.166002901134114,-3.4562880553182866,-60.34700121659765,76.28110521412478,-1.933801743479915,-57.31668787567507,-15.500133598823824,-25.142353105819783,-13.015341450667888,14.308459770094286,-62.856868611515615,10.163826274525213,-1.1898441738572845,37.66963281093188,16.76156518961072,-24.654611425185273,16.322169660742002,-28.900596450744036,-2.931394916713786,-27.43368212506173,-22.074923634107023,-10.007212987421974,-14.108761465288454,4.543328290390884,58.67982207658046,-12.247851783913415
6.805152071227871,0.4341398247776415,-1.5859416334986727,2.9336105696306234,-20.03199890981321,15.048272523466538,7.2612810823693055,5.005089558221575,2.777352869782618,-1.285910881179876,7.573443856543202,-3.9040923507795977,-6.369363108195847,-8.027275052743555,-0.20180138522386956,-8.649511442664625,-10.75578951356948,3.0539206656111912,3.3258188728764098,-0.39407331522912326,23.414562262264884,4.500972930274753,1.8245009794977574,11.954894154453239,-5.7087272743414434,1.245792561973025,-3.2026718064170385,13.800681291911655,4.473438896440327,-8.383816698957405,-10.13507008889375,0.7489693412664368,12.688359376067309,-16.263702621513076,0.2839511746958096,11.935118887537696,3.4170533916514185,5.462235758678652,2.690844261806225,-2.9977902920483057,13.228557252966104,-2.033530372449261,0.2862434396466041,-7.912410871620654,-3.5258425246436724,5.280310311765076,-3.4301268224922454,6.291366618730889,0.6733292091221961,5.7419638649372455,4.607587729165025,1.8672163957441992,2.906705584945667,-0.9541712737311683,-12.338818881175923,2.680639254977563
-17.88446713988081,-0.8535277644999939,4.360016395376167,-7.827049699194223,52.617513833018656,-39.6693330233162,-19.0267539093401,-12.992185985817915,-6.874932072290694,3.1475845601782533,-20.146083163783857,10.792657778081786,16.794625896350468,21.18413922554418,0.7072074162616072,22.76908834873361,28.69348863191255,-7.952130611601157,-8.45178469485043,0.9157701509940239,-61.3174235812035,-11.738171524297792,-4.757300581569756,-31.736949893683665,15.199206954058564,-3.2026718064170385,8.513883541199336,-36.11938690497597,-12.070277687949613,21.941820828962545,26.798186145602106,-1.874913095102643,-33.478924684057915,42.4490351067402,-1.0643587267360193,-31.773310081376426,-8.743427978238982,-14.048752972230282,-7.235091545910303,7.955446055010208,-35.01196174740983,5.539206588395083,-0.6292420410167708,21.05591285160131,9.291277937310651,-13.911758538792293,9.117927605842175,-16.12906094916612,-1.6473412281121234,-15.221203770858871,-12.192074678016416,-5.35553605763118,-7.842452366660281,2.6047183236545286,32.62820248272948,-6.795363637378099
77.07863619634814,5.026723583086876,-18.514402858174247,33.84400495776873,-227.1703790474286,169.80411937297552,81.94176952677523,55.91076310935837,31.538684175763176,-14.749822810080229,86.42904988082257,-45.30649267901721,-72.68404477272476,-89.81605045204583,-3.0193109671734804,-98.40836134329157,-123.61105099665085,34.93213097149747,36.933430639020266,-4.640912496014815,264.03753463974243,48.932737776575614,20.891512084384985,134.9495879192027,-64.98738505696456,13.800681291911655,-36.11938690497597,155.94079752838147,50.71806973227127,-95.54694674187436,-114.53908713083655,9.046495514365791,144.39128633994878,-183.36947088828245,3.224129287307314,135.74468114293595,37.30731914592252,60.82535079427472,30.31762263188867,-33.51871305493021,150.13489941993285,-23.82217192845644,2.9841578490819316,-89.33537115700777,-40.36422058803332,58.69101620976152,-38.7738303350212,70.39886901966725,7.236226408327037,65.7145129564483,52.58344907847475,23.232206891794554,33.105903334843156,-10.580465401901371,-139.87438415205466,30.389029269783798
25.10695936231165,0.842147985359115,-6.2539660129666705,11.05273755574001,-73.68408591056605,56.067740794329694,26.72898720293822,18.23657728599709,9.069674522946013,-4.127709896968292,28.45270981484978,-15.60201438177466,-23.705943397374135,-30.18163762161676,-1.1212416571622594,-31.881790682709912,-40.44723935136084,10.957664467766264,11.734581141848064,-1.0678673798895366,86.14891054780836,16.702207719814172,6.473963486141475,45.057694226887705,-21.67834829390298,4.473438896440327,-12.070277687949613,50.71806973227127,17.4292114547379,-30.645414729232154,-38.02159729609844,2.2936599545291654,47.08669344103413,-59.49841079913484,2.0519551287080953,45.2547290471874,12.320428485381713,19.60047546619334,10.525576121019547,-11.528803208130867,49.325180780125194,-7.956162107201057,0.8763752341746779,-29.931962452984937,-12.942928933855587,19.730812660922933,-12.933321946228814,22.284093933156775,2.2668477835243417,21.33676541306086,17.24831567081077,7.681672991555503,11.27505404631513,-3.769311481266581,-46.122411675238794,9.146435980634188
-47.25953190346138,-3.5236265758231626,11.398022565403622,-20.916959412445514,139.52502640309012,-103.53873280564547,-50.135563999699606,-34.03935077774288,-19.9824547853021,9.446144800277049,-53.02690249324832,27.66153463923092,44.713159197272326,54.27234620086912,1.9957479685226784,60.55533352175342,76.21679454144207,-21.732740337376512,-22.582440463111936,3.1266351572346682,-161.47783150227747,-29.007350827728185,-13.042188319802953,-82.04425650934436,39.68520626186224,-8.383816698957405,21.941820828962545,-95.54694674187436,-30.645414729232154,59.00502999633599,69.78887865409918,-6.045142164496336,-88.70321767519444,112.30566208195863,-1.4675204666244315,-82.8667986905447,-22.379890512168274,-37.09787915025841,-18.211501652968835,20.113838246628156,-91.92219746448113,14.737875527119614,-1.8054548446210679,54.262289292870555,24.978280349254508,-35.341417959087266,23.59474756258944,-43.24463845562418,-4.370769996167171,-40.52359229654363,-32.29770006103643,-14.795512503333802,-20.100896465145883,6.2527271919004015,85.51098960423947,-19.02349148237275
-56.636307774027294,-3.0311027727047444,13.766495019078238,-24.867959394859255,166.648148677367,-125.4268204645629,-60.254234647002654,-41.1370125347919,-22.17182376421391,10.270984477704474,-63.7287724373319,33.94549400514359,53.415673544512714,66.81214661267596,2.304392141105828,72.14592304003921,90.90561296626635,-25.30342529163668,-26.926745188042716,3.0335227388940433,-194.1819587391193,-36.66987161171576,-15.063414088130786,-100.08976939902149,48.166002901134114,-10.13507008889375,26.798186145602106,-114.53908713083655,-38.02159729609844,69.78887865409918,84.76806827688468,-6.078995086182584,-106.11527741584584,134.58440385710125,-3.2044064905160856,-100.58911569774169,-27.612408880969557,-44.56303506958759,-22.826709331646374,25.15933298625966,-110.65124907133816,17.63780811443994,-2.127515722234884,66.34367809083865,29.4699332756631,-43.67735541229563,28.744632545618312,-51.2266831828774,-5.259234742307056,-48.199315032466004,-38.72452076106183,-17.079966470631806,-24.726877807461463,8.049556367154906,103.24051954743086,-21.702864717193005
4.513688723428414,0.8744674525969284,-1.0558121323612624,2.0905623033696377,-13.628643665935419,9.213613698657035,4.688898420599557,3.051556184206072,2.737352201556665,-1.3725263202178006,5.003413269175995,-2.310637078664223,-4.294977832943494,-4.293038139298601,-0.23111822600108933,-6.008391358277885,-7.537135206604011,2.4441547307283336,2.161838220462972,-0.6438507295902526,15.0378157516852,1.8648793876564138,1.558323656086815,7.008075012209242,-3.4562880553182866,0.7489693412664368,-1.874913095102643,9.046495514365791,2.2936599545291654,-6.045142164496336,-6.078995086182584,1.1729560667682852,8.55542653475503,-10.65826146068282,-0.5875042479908928,7.241425709093885,1.7055719584170694,3.4409901707134716,1.2213697461989783,-1.3522089232540664,8.59526910102391,-1.4043834289478165,0.1413443396283125,-4.577203728379052,-2.6299127981646833,2.762681267705766,-2.041507373678593,4.387101082402352,0.3834286619071771,4.082636583088166,3.044047490126924,1.767692733217835,1.6141730134361119,-0.358131641775278,-7.784514603255361,2.3493650257107404
71.46084034508644,4.6054946200738796,-17.37123812032256,31.568404901897292,-210.7123981125795,157.25062924475145,75.86193885790608,51.55701258491838,29.162789465837637,-13.651599542568446,80.37801512700015,-42.451780771352965,-67.50192214026599,-82.94729515927301,-3.036001993767293,-91.3844745724067,-115.22142644773722,32.47623600129318,33.92839434794837,-4.332488278877193,244.37263193343585,44.78691561503011,19.4572540320622,125.0688760367088,-60.34700121659765,12.688359376067309,-33.478924684057915,144.39128633994878,47.08669344103413,-88.70321767519444,-106.11527741584584,8.55542653475503,134.07661050606396,-169.65588763639553,3.025891308403515,126.03968957356142,34.10974226184187,55.997165452975366,28.065788360524802,-30.91786867358076,139.36767504465772,-22.330698256485867,2.6300150270008253,-82.81833177848516,-37.56354423706852,54.12908588652039,-35.95764031508524,64.92428084016288,6.557659055824541,61.16948182891671,48.851426551546936,22.24044605629481,30.78513656124143,-9.787963322083911,-129.7400342294226,28.135356527899845
-90.61609032693738,-5.99041899513853,21.671523963502473,-39.70577224064914,267.0832855011152,-199.60124560638363,-96.36165693270166,-65.81788683616516,-37.217178725413504,17.397018988000177,-101.49400971306777,53.02948373926414,85.36163127212401,105.59961789665464,3.4380920984106096,115.66366101911679,145.08380895907416,-41.08218360449482,-43.53691946882988,5.491289916794269,-310.522854398515,-57.690596976684986,-24.586026917768457,-158.57004993255433,76.28110521412478,-16.263702621513076,42.4490351067402,-183.36947088828245,-59.49841079913484,112.30566208195863,134.58440385710125,-10.65826146068282,-169.65588763639553,215.69354247923957,-3.649896217515988,-159.36321884503377,-44.002265944805515,-71.65552360071271,-35.56794881395322,39.36472118905796,-176.42318569032153,27.87624683261851,-3.541125054319396,104.95969430028676,47.431909592011415,-69.06693326925496,45.55743300579659,-82.94873827059381,-8.562007520073971,-77.18887580828181,-61.744013226327276,-27.043781281566908,-38.83278427631573,12.433127855899325,164.34776774032085,-35.824156036592925
1.5945153364737623,-0.7319523711852886,-0.5850843411650543,0.7098191383286685,-4.310631368555288,4.3972141377076825,1.766855529317882,1.2522376772198651,-0.6405807817660579,0.4054018461297694,2.062438289098559,-1.7613787273872752,-1.5759780148206004,-2.956329731752345,-0.18538147318306902,-1.8062424018797674,-2.6325936226874953,0.23607083337075455,0.5359084026831528,0.39906341310250876,5.73608126418058,1.9172273374969238,0.01796131848917879,3.98933190265304,-1.933801743479915,0.2839511746958096,-1.0643587267360193,3.224129287307314,2.0519551287080953,-1.4675204666244315,-3.2044064905160856,-0.5875042479908928,3.025891308403515,-3.649896217515988,1.1967718383520154,3.9824156694492574,1.0670210691024906,1.1244689382159614,1.3832981717193382,-1.4454221519468593,3.4988528079318573,-0.6921338924000099,0.01977204948174273,-2.740904983339255,-0.570720658266073,1.9039949362533684,-1.1225660801639348,0.8167174616536692,0.09207255943839313,1.2173603382713885,1.237539409656069,0.4770065706319342,1.2135590602420772,-0.5505620379128698,-3.5186235272265862,-0.20104679804407863
67.16288947674936,3.5136269678343375,-16.505431029646637,29.66764375228604,-197.63019589307058,148.69931897707164,71.38555123908954,48.58559730068015,26.1350466868201,-12.13853267383424,75.78904035457386,-40.667612629454986,-63.5307134169732,-79.09276333484792,-2.9601589037825327,-85.63990760649716,-108.30263882094259,30.026186190917,31.708072658231465,-3.5749843048520553,230.0050640317947,43.031042876985175,17.85034753652211,118.73463130107224,-57.31668787567507,11.935118887537696,-31.773310081376426,135.74468114293595,45.2547290471874,-82.8667986905447,-100.58911569774169,7.241425709093885,126.03968957356142,-159.36321884503377,3.9824156694492574,119.64178916514402,32.40809086013397,52.545698922562806,27.150468307703058,-29.845679027851244,131.3427422173146,-21.17577436403295,2.4604774060942725,-78.71630804268372,-35.022222231476135,51.57099761848858,-34.10829599011155,60.41849638979098,6.12655923551239,57.31601108468705,46.0691319336161,20.832609419899086,29.45397410462095,-9.519418859194214,-122.56267429568169,25.61628703635495
18.354260007078885,0.9457004289478693,-4.223163892894575,7.804655433169013,-53.86779214248022,40.93958594887313,19.66091477813442,13.679140000226571,7.1447248284838665,-3.263015227253814,20.372091976277908,-10.530993109760002,-17.11487889012291,-22.14776894910751,-0.4433770296890427,-23.180713329110194,-28.69011990181249,8.045604029189377,9.066073790188995,-0.8991072804476035,63.45426557522157,12.745318775032747,4.760979720605621,32.627115453537684,-15.500133598823824,3.4170533916514185,-8.743427978238982,37.30731914592252,12.320428485381713,-22.379890512168274,-27.612408880969557,1.7055719584170694,34.10974226184187,-44.002265944805515,1.0670210691024906,32.40809086013397,9.564886221514335,14.90641493971979,7.492462052315827,-8.378248432305675,35.708960032118895,-5.397274776696446,0.8240251227007893,-21.615010420071705,-9.357720667166742,14.616441953155174,-9.3442071413810055,16.968968391440693,1.878425101963446,15.315671438138134,12.402424373331996,4.642434045545053,7.94170896479881,-2.6929748650170042,-33.42242417547195,7.012613352207902
