V1,V2,V3,V4,V5,V6,V7,V8,V9,V10,V11,V12,V13,V14,V15,V16,V17,V18,V19,V20,V21,V22,V23,V24,V25,V26,V27,V28,V29,V30,V31,V32,V33,V34,V35,V36,V37,V38,V39,V40,V41,V42,V43,V44,V45,V46,V47,V48,V49,V50,V51,V52,V53,V54,V55,V56
5.394603965239658,28.082953267835535,4.031812989775392,3.8765763834796063,-28.241231792507108,-17.37357384145595,3.003755001854487,-0.5000915963348621,44.13554662872208,-24.980741708207496,-1.4754807309344269,21.195302167207597,-5.674366586407204,30.83054640394561,1.5949591118182402,-14.916946652244139,-10.101812118039264,18.58960872714872,9.220192763679899,-16.50699900631393,8.022046397282152,-31.396908999554256,14.30250418220719,-30.46537061367617,12.265298872390298,0.36639109475534803,8.496486122802747,11.413485103059154,-27.948587162374384,-25.344250221345646,18.245614621010297,26.007076551659267,10.930306616513086,-16.69705421651203,-34.90569289942247,-24.886287491924225,-9.477029390569596,6.827959470729011,-21.50302377545702,21.319693043136493,-2.396243102540351,2.091057713902759,1.986017648065234,23.597854444777713,-11.94359289842396,-21.549153153957732,8.011391538903274,23.57526501531787,1.8103219450150982,10.142906307213986,0.7874582175309554,6.611802693319638,-14.007387053196553,11.124948040226112,9.386399725387085,28.46199869778724
28.082953267835535,156.6162451349307,22.97657008782358,20.710242415677065,-151.65087561236172,-101.39306376297345,14.645283934133959,-4.278660507334987,245.572707361383,-139.00408255330413,-10.51214117510441,119.54267317082964,-29.759874083188937,174.42569803231316,8.993010101181756,-80.69629009354024,-53.091465165217045,102.83891602473562,50.478018162471585,-92.04842857610168,37.876602113645035,-176.5194453608498,79.2802101956915,-173.5417901559898,70.14486211350403,1.7072232887817846,48.39584639214213,59.62689783052843,-157.35532573088233,-138.98770319473908,104.86603929832069,144.92905706616477,57.221547578516784,-88.38656686402213,-194.92139604654224,-142.47382579242117,-53.89979048266674,36.48709410986848,-120.81479658965694,119.8638665528486,-17.296588370396524,12.30874992338862,10.987818999358314,134.042411469495,-65.56428578315465,-121.80556853650835,45.73911961985533,129.76025475293773,9.924519452629587,54.86622735916133,3.029133797114607,36.27610636906628,-79.0428061250954,62.383365912773684,56.04858163213274,157.99849789520238
4.031812989775392,22.97657008782358,3.405916844889485,3.016531656059337,-21.991847297425462,-15.09552783993818,2.0370558836555936,-0.6764070155160814,35.96805042404056,-20.403712152793823,-1.6455053202368009,17.576611701144152,-4.280334144247115,25.702380979924556,1.322164935557761,-11.710430200652667,-7.657920015211578,15.049007301808647,7.379096242912019,-13.480796555414553,5.237162189869857,-25.952278478053323,11.608028797856234,-25.649778479368447,10.384107754822955,0.2225645202916519,7.13047397202214,8.56057265851799,-23.136518540102472,-20.2592823397608,15.510159185317832,21.248921295172845,8.219376922046262,-12.758445746720016,-28.60236235374297,-21.068390774161024,-7.929014012643571,5.306596329794789,-17.7642891716906,17.63231547291816,-2.730395704207625,1.8335906158140718,1.6226640266765937,19.783683689041705,-9.593395237770652,-17.944015582731133,6.75482650194244,18.95344397190005,1.445519706071179,7.98024325954987,0.3718314505204023,5.289982718206959,-11.645567527419649,9.159506835905008,8.399129474959919,23.187936537375652
3.8765763834796063,20.710242415677065,3.016531656059337,2.858528968747552,-20.53571481159521,-13.09468343826564,2.065871778534238,-0.4226745968474989,32.4504951122681,-18.457458210924834,-1.199433600378138,15.640699146499898,-4.0914963540582425,22.885415112263008,1.1669558094932517,-10.843471151410835,-7.3361540033260795,13.668474247154334,6.7700265633567005,-12.128992773768017,5.514207565002497,-23.24234737933696,10.522868959301897,-22.717039779345818,9.161701475375851,0.222125827058924,6.2908785452279306,8.18650710673444,-20.65645598474893,-18.523726084662215,13.593931099827076,19.16479997525999,7.859114180254088,-12.059184883500784,-25.74295454515211,-18.538912678644284,-7.014141035768167,4.985693882427448,-15.90595273757933,15.787639344643333,-2.0011807014957066,1.5614527861537622,1.4850035938068438,17.552328486148777,-8.802557197071131,-15.99566250870586,5.958458165364419,17.26909540612225,1.3143260294639907,7.415697088251161,0.49221722506519516,4.866155735334642,-10.390948424620236,8.209272714045657,7.134768868041129,21.033383445798943
-28.241231792507108,-151.65087561236172,-21.991847297425462,-20.53571481159521,149.9071363075836,95.82675122307501,-15.279158041379832,3.361550096192162,-238.0762405010928,134.7659028515001,8.980919695130451,-115.04329897475286,29.80505692634056,-167.59712520067512,-8.653786449715087,79.44160151358018,53.116875057996154,-100.01570778282701,-49.37173184345602,89.13047201947353,-40.26231725379594,170.1832214235555,-77.02027671952676,166.14115054501377,-67.01078277091457,-1.8252055163352081,-46.32889349398256,-59.84130874350678,151.5832461218085,135.8104245551858,-99.90933181386835,-140.39164439218473,-57.36414461838562,88.05975974381379,188.6059387360632,136.02534746365797,51.64152493697322,-36.16585764724458,116.51639366578549,-115.55989447228828,14.691235481238353,-11.577052106753236,-10.687867411735,-128.51802254120383,64.03865013940727,117.09504114168718,-43.73325317226562,-126.54084453972048,-9.69778521996186,-54.0204593709011,-3.645290658650857,-35.44436248318644,76.05360899548698,-60.22592364783838,-52.33500386281213,-153.38138222645102
-17.37357384145595,-101.39306376297345,-15.09552783993818,-13.09468343826564,95.82675122307501,67.52017089467512,-8.582320995425667,3.343771189533933,-158.6732031078502,89.92542876199931,7.7222193758528626,-77.86457836565957,18.50853729213529,-113.9511803241933,-5.845857972700757,51.20008931455207,33.12028008416774,-66.24318132231747,-32.32255840564505,59.53610845746171,-21.69278851610718,114.86766791965147,-51.13038863351218,113.89480418951383,-46.14797847747139,-0.933557958160947,-31.70792078175043,-36.94892760334667,102.43624014150122,88.9740694649497,-69.12167750016039,-93.7711571773716,-35.52334481194005,55.298044430090044,126.28153477800033,93.72314904933697,35.28166584564447,-23.018204398834783,78.57919871093466,-78.00790512376318,12.824988011876972,-8.214513617340154,-7.107806677891375,-87.79293028722904,42.08053276680132,79.5368216064656,-30.03481912305681,-83.28059775191376,-6.342285267489317,-34.860043227964546,-1.3881450950644219,-23.26546781497408,51.56197589428824,-40.509657277576096,-37.80807105402739,-102.08848123966682
3.003755001854487,14.645283934133959,2.0370558836555936,2.065871778534238,-15.279158041379832,-8.582320995425667,1.8064026549106214,-0.14180949089036485,23.136381680098506,-13.00887870246583,-0.5549634646765987,10.978485965926744,-3.137310665583544,15.82247794559368,0.8342041731767281,-8.046626425870306,-5.532439404248001,9.772943681211075,4.878510016112485,-8.651443177609117,4.884096290954589,-16.227838119565458,7.505416850823803,-15.480333978415349,6.203055107721918,0.2518198044460363,4.360128547575047,6.358894634607838,-14.46212293076477,-13.487315599062088,9.238260026082555,13.582918948347281,6.068523102860821,-9.168744544976192,-18.189904099726274,-12.627078354803743,-4.872808478289166,3.6798447422022553,-11.126340366916645,11.011962603435208,-0.8419649198979459,1.0399015347043303,1.0196962764281818,12.050080834507721,-6.283612541369184,-11.065357375631578,4.080535865531624,12.483768544877243,0.9708680772079031,5.4318845008964205,0.5596381130455783,3.4904524827908054,-7.202973709445287,5.781386270719211,4.518987325398374,14.835413375189303
-0.5000915963348621,-4.278660507334987,-0.6764070155160814,-0.4226745968474989,3.361550096192162,3.343771189533933,-0.14180949089036485,0.3367885692314038,-6.674743809378466,3.725899664196892,0.5880124670197164,-3.4679567003319782,0.5650271925861761,-5.093252516990371,-0.2600736087358731,1.8946066625040971,1.0040451955375889,-2.700192576898663,-1.2343365883801631,2.541431964077476,-0.13990274216273868,5.021682709526673,-2.103434399536568,5.190230127686809,-2.1280930136724967,-0.017599403809662954,-1.4743250120365055,-1.1037537697554558,4.514443566774712,3.516691517184015,-3.2940286670062546,-3.9550614472211807,-1.0786163422918507,1.782971378944386,5.365371282905814,4.378157714136935,1.6431131630316926,-0.7546285926515733,3.4191905703694903,-3.397624272614404,0.9728852297224384,-0.4228247968651426,-0.2704538568500324,-3.9735297507170566,1.6268584633728849,3.542205412835472,-1.3935673284100365,-3.3245659146390896,-0.25153546433629437,-1.2654578497690616,0.08338193274700102,-0.9196901200245926,2.271875208078611,-1.759031235927182,-2.0084435300560193,-4.16892820621569
44.13554662872208,245.572707361383,35.96805042404056,32.4504951122681,-238.0762405010928,-158.6732031078502,23.136381680098506,-6.674743809378466,385.19568572208686,-217.89154501188295,-16.369452816658978,187.45825555855566,-46.75877512420869,273.343295080675,14.113119619585845,-126.71023017365043,-83.34292759350139,161.29249261213087,79.16119268717345,-144.40338678426087,59.81469319507003,-276.6982422706418,124.33699751608324,-271.82499361251104,109.85007984354294,2.7415591196708404,75.87633813552893,93.73746646358546,-246.70384442762764,-218.1309872153589,164.30446709948887,227.27132344238157,89.93660636002708,-138.8447649332334,-305.6403226383422,-223.20722756717063,-84.51742499340953,57.233278716936226,-189.38740758341598,187.87378734464323,-26.863344779544576,19.282471770345055,17.190890300475143,210.01335875171142,-102.78336191206668,-190.88137172144562,71.67073032837703,203.59033705485226,15.586404490096827,86.0859052199223,4.85297673244619,56.89438857059486,-123.86692391161881,97.82064660249928,87.65497913179414,247.64628945750255
-24.980741708207496,-139.00408255330413,-20.403712152793823,-18.457458210924834,134.7659028515001,89.92542876199931,-13.00887870246583,3.725899664196892,-217.89154501188295,123.44066092945988,9.264422763345541,-106.00012721203778,26.46614612014052,-154.76258272686124,-7.966180915916672,71.65288812147618,47.26241995591222,-91.29782914095443,-44.853749221370215,81.64497586147057,-33.752348928240124,156.63767472763692,-70.37702637793289,153.9996591908289,-62.24313663421817,-1.4897165383521247,-42.893527348680024,-53.00537809036065,139.58354032173511,123.36519448606039,-92.96226096961287,-128.62098289958774,-50.87341508959905,78.56755783267116,172.98118880101512,126.35144466485504,47.76865108107666,-32.47108555358791,107.20643735295191,-106.37449379641343,15.284096117396901,-10.89494181576094,-9.78553631218932,-118.93013789975718,58.274428583247214,108.08198130717359,-40.56158724764037,-115.18622062641411,-8.80127362796841,-48.76601412957231,-2.7016149802618457,-32.22619838080465,70.1461130308531,-55.34307978956826,-49.67230461535771,-140.34701891416177
-1.4754807309344269,-10.51214117510441,-1.6455053202368009,-1.199433600378138,8.980919695130451,7.7222193758528626,-0.5549634646765987,0.5880124670197164,-16.369452816658978,9.264422763345541,1.1770562891058778,-8.306127253998431,1.6087432784932454,-12.210077442645563,-0.6283466498655931,4.904560812165218,2.887596597588169,-6.730448843296622,-3.199623305068552,6.176909276289296,-1.1465892270661475,12.127313342790943,-5.221296239791177,12.389278106309684,-5.066044110335953,-0.04850657914974339,-3.455362558392902,-3.1817725217012214,10.868021056454063,8.845410051613122,-7.674921670691117,-9.702638779405845,-3.0727326521505556,4.970069438784955,13.136856543480798,10.320698873692022,3.8247991075947225,-2.1287300271696763,8.291596578674866,-8.240542352900071,1.9668240457146562,-0.963297217816932,-0.7204484693070877,-9.494442689799998,4.183214805165019,8.50227246504356,-3.2868796275305505,-8.364627940346136,-0.6336642863020424,-3.3305530446715412,0.07720554730254962,-2.300131092579037,5.495559643218471,-4.256379980256484,-4.519829358564591,-10.453352383539455
21.195302167207597,119.54267317082964,17.576611701144152,15.640699146499898,-115.04329897475286,-77.86457836565957,10.978485965926744,-3.4679567003319782,187.45825555855566,-106.00012721203778,-8.306127253998431,91.48089065990624,-22.48393051319972,133.40334986972522,6.896196470576108,-61.33063106889694,-40.065175980895006,78.39231748913404,38.39701531035051,-70.31085710067251,28.156830351994966,-134.87806347655282,60.45480379247629,-132.81799805338773,53.716919609182014,1.3017158608012978,37.09274277984601,45.06280968639343,-120.32279745113914,-105.86000363018375,80.43910974458512,110.61784663581446,43.239929120231615,-66.91703941373939,-148.82608838059983,-109.19388995848784,-41.295179153267455,27.62538601174805,-92.31961450103537,91.58523416690092,-13.633739619770509,9.492049929813387,8.347144046659203,102.57303761426593,-49.85933753645396,-93.1377940846532,35.04329489327304,98.87777995419103,7.5708059562678764,41.645386829476955,2.170591759861351,27.584325530905726,-60.42692983799572,47.67147258509769,43.195857302207784,120.41197010445782
-5.674366586407204,-29.759874083188937,-4.280334144247115,-4.0914963540582425,29.80505692634056,18.50853729213529,-3.137310665583544,0.5650271925861761,-46.75877512420869,26.46614612014052,1.6087432784932454,-22.48393051319972,5.975671811978407,-32.72850893574863,-1.6889544694740657,15.756899429691808,10.644480725123731,-19.683301230048276,-9.747205305416779,17.493106228235007,-8.350864538696907,33.310464119215084,-15.14720023452367,32.36274263698051,-13.032787473405518,-0.3798128221907792,-9.02578235036797,-12.008157704231378,29.648306928648783,26.81026307676041,-19.40174065558668,-27.559928453484886,-11.50709417560756,17.59008534314053,36.99483213313649,26.44724251126328,10.071353207844142,-7.197102273753331,22.80632679758498,-22.614810585424834,2.6207572085987865,-2.226067369484664,-2.1014255369701433,-25.059235580772533,12.636505774356685,22.874896747880506,-8.512347948472394,-24.94250733913061,-1.913008223465058,-10.715604802665405,-0.8074983196061104,-7.0033575086355215,14.862255210133078,-11.797232534437644,-10.024249064036496,-30.145659772634193
30.83054640394561,174.42569803231316,25.702380979924556,22.885415112263008,-167.59712520067512,-113.9511803241933,15.82247794559368,-5.093252516990371,273.343295080675,-154.76258272686124,-12.210077442645563,133.40334986972522,-32.72850893574863,194.8299922601457,10.026955440695996,-89.30747924222882,-58.438038213852266,114.35010529206878,56.01074663142432,-102.4966311473418,40.626233692262375,-196.92776593093893,88.18900070541672,-194.11492895523324,78.51834842095074,1.8120055505754926,54.11447873361839,65.49767853710193,-175.5671815324916,-154.2522407560136,117.47732073477377,161.38461524307712,62.89572520545693,-97.3721335650437,-217.13847879703854,-159.49125908571085,-60.259753328170234,40.28725767094078,-134.75414254017693,133.71842075164398,-20.151041934493783,13.841725443713294,12.225885882419842,149.83991966263477,-72.80895894197633,-136.03440949266542,51.175295993447705,144.11541646866192,11.007377591076432,60.74008620662576,3.0648170959479617,40.290012850588155,-88.24113577878755,69.54944320150642,63.255533805888376,175.83437791636123
1.5949591118182402,8.993010101181756,1.322164935557761,1.1669558094932517,-8.653786449715087,-5.845857972700757,0.8342041731767281,-0.2600736087358731,14.113119619585845,-7.966180915916672,-0.6283466498655931,6.896196470576108,-1.6889544694740657,10.026955440695996,0.5244858948867369,-4.616962493818865,-2.998339157552592,5.895888688540002,2.889798752489813,-5.295411122204939,2.1333908011578826,-10.134626635317032,4.547116108410054,-9.979549115687618,4.038217597833964,0.1041824763112888,2.7936537445301184,3.3967867418589965,-9.056677264335152,-7.968865383569067,6.052694459225697,8.320623445146726,3.2522656392708127,-5.0415097936540665,-11.198256457958664,-8.216997726310455,-3.1039326900832025,2.079053159342744,-6.944004668314385,6.885348870735639,-1.0213353520682324,0.7197974563504815,0.6255702295838844,7.71112487983011,-3.7419056602237264,-6.998116515636779,2.63638165108284,7.44782417113035,0.5733325501982247,3.126734897454185,0.16461771646397125,2.062111149683113,-4.544658642830006,3.5871914677409205,3.245874676001358,9.046661790249024
-14.916946652244139,-80.69629009354024,-11.710430200652667,-10.843471151410835,79.44160151358018,51.20008931455207,-8.046626425870306,1.8946066625040971,-126.71023017365043,71.65288812147618,4.904560812165218,-61.33063106889694,15.756899429691808,-89.30747924222882,-4.616962493818865,42.162501844250954,28.05483525980998,-53.17479896428919,-26.198993977344646,47.4646123035448,-21.080457297401075,90.63651026536007,-40.958685789458706,88.55678037987485,-35.72851378486293,-0.9761171994785386,-24.731034640158423,-31.63869553327322,80.76670624515035,72.1794555675623,-53.35348076386321,-74.70974839757396,-30.332116335634556,46.60182437416566,100.38399331460865,72.58202168829554,27.570056633498513,-19.123253505454812,62.04845557029794,-61.534539506141,8.004417577706372,-6.201793774787319,-5.659854944388597,-68.50182460631206,33.98179886649702,62.388146596807,-23.33315348961707,-67.25779298635082,-5.158025469600942,-28.63773164125557,-1.8829497207082817,-18.824982107662123,40.50752821417545,-32.077638308331416,-28.031851839922503,-81.50944215357056
-10.101812118039264,-53.091465165217045,-7.657920015211578,-7.3361540033260795,53.116875057996154,33.12028008416774,-5.532439404248001,1.0040451955375889,-83.34292759350139,47.26241995591222,2.887596597588169,-40.065175980895006,10.644480725123731,-58.438038213852266,-2.998339157552592,28.05483525980998,19.010411886025242,-35.10830092861438,-17.39505839352006,31.16453053760676,-14.770703662091808,59.460866631329544,-27.01769272956396,57.837806367238095,-23.295349785448423,-0.6427636173535168,-16.08688453176909,-21.353516821744112,52.8778370995378,47.759374040484246,-34.62624213917075,-49.157892839231394,-20.47935351201322,31.315023074625696,65.98906406719864,47.21783145679623,17.953884009798596,-12.851020551892413,40.698625434143,-40.37130887730506,4.7495506077981196,-3.963104043338771,-3.7718154093295277,-44.75687003002577,22.580480751268777,40.84899310382326,-15.193696270632032,-44.44777616635721,-3.398249243829808,-19.121825647364066,-1.4082004812079996,-12.512709836158862,26.537143932732583,-21.03791912747188,-17.945745526876358,-53.85144065839798
18.58960872714872,102.83891602473562,15.049007301808647,13.668474247154334,-100.01570778282701,-66.24318132231747,9.772943681211075,-2.700192576898663,161.29249261213087,-91.29782914095443,-6.730448843296622,78.39231748913404,-19.683301230048276,114.35010529206878,5.895888688540002,-53.17479896428919,-35.10830092861438,67.59010237024516,33.213829085059174,-60.44271187595922,25.380111566662656,-115.80668608061124,52.094362020577385,-113.68203074726374,45.92829544686623,1.1452725799968826,31.702853095062903,39.452240301405915,-103.21267239676067,-91.44047165838714,68.62633468193314,95.1742056521407,37.85388846928249,-58.38824547693142,-127.97192644052474,-93.27585009996615,-35.31741344231415,24.074735645073304,-79.2641113903924,78.63514744574668,-11.063042010965388,8.03193643785434,7.220848796188543,87.83469247507722,-43.130504141294104,-79.86228073251594,29.95461150633507,85.3302559833115,6.528502441251537,36.15546562608923,2.091658580737824,23.869827542707586,-51.8322632662136,40.93781654040865,36.5265063557073,103.80117780853709
9.220192763679899,50.478018162471585,7.379096242912019,6.7700265633567005,-49.37173184345602,-32.32255840564505,4.878510016112485,-1.2343365883801631,79.16119268717345,-44.853749221370215,-3.199623305068552,38.39701531035051,-9.747205305416779,56.01074663142432,2.889798752489813,-26.198993977344646,-17.39505839352006,33.213829085059174,16.366035476434753,-29.644075136941986,12.769723264927524,-56.76284102104846,25.59115203618687,-55.65751238932262,22.479291902549758,0.5652447303220147,15.497834624588497,19.547650785676698,-50.57615989420525,-44.96512107324829,33.52411198530699,46.71107267947048,18.745143420455065,-28.887616474396058,-62.79739868590492,-45.61474483518278,-17.255731813640942,11.920997227636853,-38.86424087782929,38.55598106800524,-5.26454153487112,3.9130280898053114,3.5646659145044426,43.00857880176239,-21.2408043957165,-39.12246396987551,14.650263110841987,41.96049874128012,3.210697721333081,17.832173637861388,1.0772782351004557,11.73312746461995,-25.407457645715937,20.069562442378988,17.767157973744986,51.02841719661328
-16.50699900631393,-92.04842857610168,-13.480796555414553,-12.128992773768017,89.13047201947353,59.53610845746171,-8.651443177609117,2.541431964077476,-144.40338678426087,81.64497586147057,6.176909276289296,-70.31085710067251,17.493106228235007,-102.4966311473418,-5.295411122204939,47.4646123035448,31.16453053760676,-60.44271187595922,-29.644075136941986,54.146532663460256,-22.31480110099914,103.74111983398221,-46.59743975765384,101.9273735506071,-41.1933473695589,-1.0340149022662732,-28.47126175968372,-35.072569409835246,92.51226292952397,81.74217815474891,-61.65244863428925,-85.19220746164959,-33.65077877832919,51.960285060815146,114.57308785521722,83.73026172225869,31.716193805558056,-21.406276575623597,71.00378536093713,-70.43295823628334,10.124398728036244,-7.242496937304151,-6.430132759842583,-78.75332451512378,38.48802358089971,71.57238995380054,-26.885427733479613,-76.29050177468538,-5.842979421335368,-32.22958119710285,-1.8041772281024353,-21.313506380174893,46.43904542241891,-36.678519395537116,-32.91173590342094,-92.7766233905892
8.022046397282152,37.876602113645035,5.237162189869857,5.514207565002497,-40.26231725379594,-21.69278851610718,4.884096290954589,-0.13990274216273868,59.81469319507003,-33.752348928240124,-1.1465892270661475,28.156830351994966,-8.350864538696907,40.626233692262375,2.1333908011578826,-21.080457297401075,-14.770703662091808,25.380111566662656,12.769723264927524,-22.31480110099914,13.440700477293923,-41.79070109496767,19.469926750383546,-39.66052809034676,15.86406204785763,0.6547433874061585,11.111041993542965,16.92439373818692,-37.174438441223316,-35.11026961644006,23.469295499006535,35.12550139395879,16.14500374403972,-24.302608337811822,-46.99636999833453,-32.19547057226687,-12.416753910623996,9.772777478584345,-28.665079918483386,28.375126252157997,-1.7297716948178683,2.5976056274231856,2.685336183498938,30.888915042696357,-16.444273584248727,-28.429746724151503,10.41376630042266,32.47326720217004,2.5205268333539372,14.286492312456378,1.5895067889668757,9.108813044047382,-18.533307156126217,14.890229293146923,11.253618139099336,38.57212644803362
-31.396908999554256,-176.5194453608498,-25.952278478053323,-23.24234737933696,170.1832214235555,114.86766791965147,-16.227838119565458,5.021682709526673,-276.6982422706418,156.63767472763692,12.127313342790943,-134.87806347655282,33.310464119215084,-196.92776593093893,-10.134626635317032,90.63651026536007,59.460866631329544,-115.80668608061124,-56.76284102104846,103.74111983398221,-41.79070109496767,199.16602004491736,-89.29689385492037,196.07297212376002,-79.27868827867229,-1.8723069577997924,-54.673162681487604,-66.68209228928991,177.53549716480913,156.3527164020538,-118.58927369580601,-163.33967623402577,-64.02688143116754,99.00054701399803,219.72171806220896,161.03829164917116,60.90114144311976,-40.908231751862246,136.28398258052601,-135.2277644971987,19.994207026494088,-13.940762258114127,-12.37175716753041,-151.3937109051483,73.77625870553966,137.51140017784493,-51.686855763608484,-146.0129623526636,-11.155866423979946,-61.63611111768753,-3.2443181292494025,-40.84623672366153,89.2035316156049,-70.35579244549214,-63.64313017350793,-177.99398012292718
14.30250418220719,79.2802101956915,11.608028797856234,10.522868959301897,-77.02027671952676,-51.13038863351218,7.505416850823803,-2.103434399536568,124.33699751608324,-70.37702637793289,-5.221296239791177,60.45480379247629,-15.14720023452367,88.18900070541672,4.547116108410054,-40.958685789458706,-27.01769272956396,52.094362020577385,25.59115203618687,-46.59743975765384,19.469926750383546,-89.29689385492037,40.15349925425344,-87.68917116199287,35.43087293289866,0.8790722162083354,24.455444286245882,30.357868089023217,-79.5904567674065,-70.46080501867752,52.950039997707115,73.3700141897512,29.12930744354626,-44.945562492073556,-98.65961352377782,-71.96044125186265,-27.24242938189092,18.53608466040791,-61.118639377733444,60.63433953749891,-8.583674884766655,6.201657213430692,5.5646917702950836,67.74713686831285,-33.23371088418772,-61.589599610129326,23.107699412266637,65.75899547560743,5.030882642283475,27.84790624201021,1.593645949196408,18.392355447692527,-39.97111440264117,31.564816292963126,28.210845461282208,80.00919933744926
-30.46537061367617,-173.5417901559898,-25.649778479368447,-22.717039779345818,166.14115054501377,113.89480418951383,-15.480333978415349,5.190230127686809,-271.82499361251104,153.9996591908289,12.389278106309684,-132.81799805338773,32.36274263698051,-194.11492895523324,-9.979549115687618,88.55678037987485,57.837806367238095,-113.68203074726374,-55.65751238932262,101.9273735506071,-39.66052809034676,196.07297212376002,-87.68917116199287,193.57744275899273,-78.33670806600907,-1.7378687214588935,-53.91601050068735,-64.72231076472342,174.80179822934033,153.16794925727635,-117.18323044859787,-160.5399252280114,-62.16668140827143,96.38023747366547,216.05334134080118,159.07393218451173,60.01736070005021,-39.96317441293206,134.1664785105972,-133.15441327916017,20.500424765333157,-13.833744740237561,-12.184873577827075,-149.36088935583476,72.3777380553365,135.52589473637465,-51.022352237143394,-143.18484340036946,-10.925398652761867,-60.2708716957928,-2.8817521222527946,-40.0214940539972,87.9083448548909,-69.21718507978125,-63.34975083425256,-174.95495945032337
12.265298872390298,70.14486211350403,10.384107754822955,9.161701475375851,-67.01078277091457,-46.14797847747139,6.203055107721918,-2.1280930136724967,109.85007984354294,-62.24313663421817,-5.066044110335953,53.716919609182014,-13.032787473405518,78.51834842095074,4.038217597833964,-35.72851378486293,-23.295349785448423,45.92829544686623,22.479291902549758,-41.1933473695589,15.86406204785763,-79.27868827867229,35.43087293289866,-78.33670806600907,31.710351065501623,0.6926395036352674,21.81401709900715,26.06193403597629,-70.68801724957812,-61.84533121868949,47.43774188153987,64.88360535514212,25.032238894509415,-38.84432977084907,-87.33344073413537,-64.38968856852134,-24.274719109692224,16.122606983262866,-54.25110657557524,53.843711269884416,-8.387015134504232,5.6097636393627,4.926812714241364,60.43210207091478,-29.232217232352763,-54.81575790350136,20.64827148781835,57.83452869935287,4.412565530312926,24.31886746725239,1.1278149488646618,16.15397047322028,-35.55724274167584,27.983480218854183,25.699040513409688,70.70672956763623
0.36639109475534803,1.7072232887817846,0.2225645202916519,0.222125827058924,-1.8252055163352081,-0.933557958160947,0.2518198044460363,-0.017599403809662954,2.7415591196708404,-1.4897165383521247,-0.04850657914974339,1.3017158608012978,-0.3798128221907792,1.8120055505754926,0.1041824763112888,-0.9761171994785386,-0.6427636173535168,1.1452725799968826,0.5652447303220147,-1.0340149022662732,0.6547433874061585,-1.8723069577997924,0.8790722162083354,-1.7378687214588935,0.6926395036352674,0.049764429931191505,0.5153912382895584,0.788601320744757,-1.6912380216163783,-1.6188581393317012,1.0632691314808027,1.5897841913913848,0.7448910708640952,-1.1145436371453745,-2.1251516912188615,-1.4423593595903668,-0.5766839470406427,0.42311715417097184,-1.2882677538374927,1.266924612424081,-0.046353907847627225,0.1232192455077394,0.10504076810180178,1.370229694901783,-0.7137044163041387,-1.2652183803691548,0.46917345623192586,1.4856309383666948,0.12122027020696205,0.6347280003187227,0.08765137604685724,0.4012928123253892,-0.8239442222287572,0.6784406972379573,0.4825779793660036,1.6886273960818936
8.496486122802747,48.39584639214213,7.13047397202214,6.2908785452279306,-46.32889349398256,-31.70792078175043,4.360128547575047,-1.4743250120365055,75.87633813552893,-42.893527348680024,-3.455362558392902,37.09274277984601,-9.02578235036797,54.11447873361839,2.7936537445301184,-24.731034640158423,-16.08688453176909,31.702853095062903,15.497834624588497,-28.47126175968372,11.111041993542965,-54.673162681487604,24.455444286245882,-53.91601050068735,21.81401709900715,0.5153912382895584,15.063622207119124,18.07527388225629,-48.77766583457087,-42.76712992444485,32.69986244637387,44.78221141618038,17.353779610126715,-26.888506779366868,-60.26267296368369,-44.35754401565606,-16.77412255043154,11.106209368677062,-37.4125821346017,37.11810059069457,-5.6780006675792984,3.867243110104112,3.370400373653139,41.62583140584273,-20.136921075801293,-37.777552987133795,14.23228994365782,39.956246055579555,3.057093108442573,16.78911426826369,0.8264602064654448,11.151514833177053,-24.498860589468556,19.3164695617447,17.63867042806391,48.70524506987553
11.413485103059154,59.62689783052843,8.56057265851799,8.18650710673444,-59.84130874350678,-36.94892760334667,6.358894634607838,-1.1037537697554558,93.73746646358546,-53.00537809036065,-3.1817725217012214,45.06280968639343,-12.008157704231378,65.49767853710193,3.3967867418589965,-31.63869553327322,-21.353516821744112,39.452240301405915,19.547650785676698,-35.072569409835246,16.92439373818692,-66.68209228928991,30.357868089023217,-64.72231076472342,26.06193403597629,0.788601320744757,18.07527388225629,24.166960519803876,-59.3886819834055,-53.79049856816822,38.81356143169031,55.22179606128948,23.13854520034355,-35.36445266488584,-74.12476523566474,-52.91500190515523,-20.15822715448555,14.448315679759919,-45.67253255096613,45.27705500852036,-5.148293322036935,4.460979148554678,4.201259079764747,50.13865686389233,-25.31134201471657,-45.774561140361115,17.033491808032434,50.03824452943249,3.847223583283723,21.48873414940832,1.655046919996837,14.013844669313826,-29.752075931896922,23.63450156474304,19.990634945081585,60.37178871041347
-27.948587162374384,-157.35532573088233,-23.136518540102472,-20.65645598474893,151.5832461218085,102.43624014150122,-14.46212293076477,4.514443566774712,-246.70384442762764,139.58354032173511,10.868021056454063,-120.32279745113914,29.648306928648783,-175.5671815324916,-9.056677264335152,80.76670624515035,52.8778370995378,-103.21267239676067,-50.57615989420525,92.51226292952397,-37.174438441223316,177.53549716480913,-79.5904567674065,174.80179822934033,-70.68801724957812,-1.6912380216163783,-48.77766583457087,-59.3886819834055,158.31705568493695,139.36344476797703,-105.79003551362639,-145.60569078698327,-57.00310723695159,88.18034366637659,195.88340965819566,143.63682906791274,54.31645319043737,-36.422879798400984,121.50254015007772,-120.54823933621938,17.878137187295252,-12.460510717867134,-11.010039977514278,-134.9828513623657,65.70232277187858,122.58520494141908,-46.09890726734273,-130.16203674886,-9.95584703323211,-54.884886173073276,-2.8760143855258717,-36.35834840694464,79.52886661908244,-62.73220008622335,-56.789320863131834,-158.59039521440639
-25.344250221345646,-138.98770319473908,-20.2592823397608,-18.523726084662215,135.8104245551858,88.9740694649497,-13.487315599062088,3.516691517184015,-218.1309872153589,123.36519448606039,8.845410051613122,-105.86000363018375,26.81026307676041,-154.2522407560136,-7.968865383569067,72.1794555675623,47.759374040484246,-91.44047165838714,-44.96512107324829,81.74217815474891,-35.11026961644006,156.3527164020538,-70.46080501867752,153.16794925727635,-61.84533121868949,-1.6188581393317012,-42.76712992444485,-53.79049856816822,139.36344476797703,123.90072355290438,-92.43103462870704,-128.65491471196773,-51.589727098351375,79.44269485655659,172.9398073918111,125.6541615720386,47.659492185665975,-32.667997194638566,107.02512093641208,-106.15367326204955,14.476299750523859,-10.794200661946908,-9.737554012749046,-118.41197483766805,58.35347684835985,107.73805336189656,-40.37164554364939,-115.54132601651392,-8.853366284383199,-49.030477856068906,-3.002282428610608,-32.317102296700384,69.93189803571082,-55.30592765470395,-48.92844572048441,-140.27364235616048
18.245614621010297,104.86603929832069,15.510159185317832,13.593931099827076,-99.90933181386835,-69.12167750016039,9.238260026082555,-3.2940286670062546,164.30446709948887,-92.96226096961287,-7.674921670691117,80.43910974458512,-19.40174065558668,117.47732073477377,6.052694459225697,-53.35348076386321,-34.62624213917075,68.62633468193314,33.52411198530699,-61.65244863428925,23.469295499006535,-118.58927369580601,52.950039997707115,-117.18323044859787,47.43774188153987,1.0632691314808027,32.69986244637387,38.81356143169031,-105.79003551362639,-92.43103462870704,71.09352907820475,97.01639096107505,37.280967222579505,-57.865420725723794,-130.59104929599542,-96.42181828956495,-36.4011656866003,23.967352552386537,-81.14280911699211,80.52096671199038,-12.659630888212126,8.425028166208417,7.31931544138815,90.41952228132119,-43.587309145928685,-82.00556923144602,30.923175664441956,86.41598169295433,6.601516869517139,36.2553547417407,1.659399707085796,24.121758649769134,-53.174910220482396,41.872093499124276,38.547997413201855,105.5479561109134
26.007076551659267,144.92905706616477,21.248921295172845,19.16479997525999,-140.39164439218473,-93.7711571773716,13.582918948347281,-3.9550614472211807,227.27132344238157,-128.62098289958774,-9.702638779405845,110.61784663581446,-27.559928453484886,161.38461524307712,8.320623445146726,-74.70974839757396,-49.157892839231394,95.1742056521407,46.71107267947048,-85.19220746164959,35.12550139395879,-163.33967623402577,73.3700141897512,-160.5399252280114,64.88360535514212,1.5897841913913848,44.78221141618038,55.22179606128948,-145.60569078698327,-128.65491471196773,97.01639096107505,134.1203259301367,52.99528813257205,-81.8362496802283,-180.3758685827857,-131.80226647544862,-49.88274239074758,33.76542327569515,-111.79021420644001,110.90763009693892,-15.955800497848914,11.38295542878877,10.160392227621001,124.00976554671551,-60.67134381455951,-112.70011773217121,42.316647810957036,120.09677014170542,9.186570904751651,50.78658524427336,2.823962426645796,33.581262606330796,-73.13011917344492,57.72914670374201,51.82197460388985,146.1931160405831
10.930306616513086,57.221547578516784,8.219376922046262,7.859114180254088,-57.36414461838562,-35.52334481194005,6.068523102860821,-1.0786163422918507,89.93660636002708,-50.87341508959905,-3.0727326521505556,43.239929120231615,-11.50709417560756,62.89572520545693,3.2522656392708127,-30.332116335634556,-20.47935351201322,37.85388846928249,18.745143420455065,-33.65077877832919,16.14500374403972,-64.02688143116754,29.12930744354626,-62.16668140827143,25.032238894509415,0.7448910708640952,17.353779610126715,23.13854520034355,-57.00310723695159,-51.589727098351375,37.280967222579505,52.99528813257205,22.166301288884867,-33.874541099092795,-71.13420862793002,-50.81651166116877,-19.36318636882383,13.84419732840797,-43.84141759867902,43.46736042470499,-4.988225359423121,4.2795183666146714,4.0329038663205905,48.14963517428439,-24.290409093080722,-43.958549474286286,16.3579953735664,47.987228552384884,3.684662404151661,20.612005858851514,1.572652366410493,13.462472131780642,-28.562887952801116,22.684088572462763,19.22893960003288,57.94204039731309
-16.69705421651203,-88.38656686402213,-12.758445746720016,-12.059184883500784,88.05975974381379,55.298044430090044,-9.168744544976192,1.782971378944386,-138.8447649332334,78.56755783267116,4.970069438784955,-66.91703941373939,17.59008534314053,-97.3721335650437,-5.0415097936540665,46.60182437416566,31.315023074625696,-58.38824547693142,-28.887616474396058,51.960285060815146,-24.302608337811822,99.00054701399803,-44.945562492073556,96.38023747366547,-38.84432977084907,-1.1145436371453745,-26.888506779366868,-35.36445266488584,88.18034366637659,79.44269485655659,-57.865420725723794,-81.8362496802283,-33.874541099092795,51.89490520571288,109.89884962942489,78.84805425209373,29.971719471093834,-21.266430352401997,67.80171693547618,-67.22988205808856,8.089575006300118,-6.680483925897121,-6.234802499648433,-74.60650835165261,37.4310629194082,68.04002346636057,-25.364103006955844,-73.97036781014087,-5.67881723244628,-31.674957507426065,-2.288506579191048,-20.707598848474078,44.21456883828109,-35.06316448103747,-30.058189171104946,-89.45978760592666
-34.90569289942247,-194.92139604654224,-28.60236235374297,-25.74295454515211,188.6059387360632,126.28153477800033,-18.189904099726274,5.365371282905814,-305.6403226383422,172.98118880101512,13.136856543480798,-148.82608838059983,36.99483213313649,-217.13847879703854,-11.198256457958664,100.38399331460865,65.98906406719864,-127.97192644052474,-62.79739868590492,114.57308785521722,-46.99636999833453,219.72171806220896,-98.65961352377782,216.05334134080118,-87.33344073413537,-2.1251516912188615,-60.26267296368369,-74.12476523566474,195.88340965819566,172.9398073918111,-130.59104929599542,-180.3758685827857,-71.13420862793002,109.89884962942489,242.60460117163154,177.40474774695673,67.11452564188781,-45.36592277835233,150.3836101254291,-149.1985565127059,21.60822467360028,-15.337097359126236,-13.666531196804113,-166.87591561013355,81.563395378219,151.62903194236063,-56.95131533982661,-161.46511473654516,-12.350884340950186,-68.24101186278243,-3.7438991424468715,-45.1302663443256,98.39250090343008,-77.6524172413291,-69.83560392600143,-196.60358181405982
-24.886287491924225,-142.47382579242117,-21.068390774161024,-18.538912678644284,136.02534746365797,93.72314904933697,-12.627078354803743,4.378157714136935,-223.20722756717063,126.35144466485504,10.320698873692022,-109.19388995848784,26.44724251126328,-159.49125908571085,-8.216997726310455,72.58202168829554,47.21783145679623,-93.27585009996615,-45.61474483518278,83.73026172225869,-32.19547057226687,161.03829164917116,-71.96044125186265,159.07393218451173,-64.38968856852134,-1.4423593595903668,-44.35754401565606,-52.91500190515523,143.63682906791274,125.6541615720386,-96.42181828956495,-131.80226647544862,-50.81651166116877,78.84805425209373,177.40474774695673,130.82881920404924,49.36853918622855,-32.67498587395262,110.20012678081657,-109.35778903232683,17.036998563315443,-11.41473962294622,-9.969577581518712,-122.74401034620499,59.2990982034171,111.3389364669248,-41.95850492450687,-117.48031526906199,-8.97346719281584,-49.34798585767885,-2.302449196098898,-32.791853431779906,72.2126835535286,-56.86101057609522,-52.21176374281628,-143.49440546682231
-9.477029390569596,-53.89979048266674,-7.929014012643571,-7.014141035768167,51.64152493697322,35.28166584564447,-4.872808478289166,1.6431131630316926,-84.51742499340953,47.76865108107666,3.8247991075947225,-41.295179153267455,10.071353207844142,-60.259753328170234,-3.1039326900832025,27.570056633498513,17.953884009798596,-35.31741344231415,-17.255731813640942,31.716193805558056,-12.416753910623996,60.90114144311976,-27.24242938189092,60.01736070005021,-24.274719109692224,-0.5766839470406427,-16.77412255043154,-20.15822715448555,54.31645319043737,47.659492185665975,-36.4011656866003,-49.88274239074758,-19.36318636882383,29.971719471093834,67.11452564188781,49.36853918622855,18.69370018864206,-12.364357692285191,41.66177546713503,-41.33498592842572,6.287300851034717,-4.294957301884238,-3.7479845290929137,-46.34127905373806,22.433271076263576,42.07145294970204,-15.844184529335548,-44.50547115283999,-3.4028489293593327,-18.71563731769762,-0.9370748993776662,-12.445467337698622,27.273968110829035,-21.514419303397865,-19.61320934281701,-54.23883489685259
