V1,V2,V3,V4,V5,V6,V7,V8,V9,V10,V11,V12,V13,V14,V15,V16,V17,V18,V19,V20,V21,V22,V23,V24,V25,V26,V27,V28,V29,V30,V31,V32,V33,V34,V35,V36,V37,V38,V39,V40,V41,V42,V43,V44,V45,V46,V47,V48,V49,V50,V51,V52,V53,V54,V55,V56
124.64958111542958,356.6190032199244,-42.08729754826409,-24.764943843065417,-122.75719602573629,-277.924462663871,161.15885026163707,236.3379136465777,203.462162440858,-183.9159202061954,366.1620761344177,331.4598243442119,-48.39657097193244,319.5449985545336,39.464219215222,-85.06107576867872,62.66608895446898,-138.50103400916646,321.5042570503624,-32.7525937425187,-160.91042743186927,-254.06727555938824,149.4195315883923,36.28728546363516,-13.735653678963097,341.07172328423763,-158.55364869913106,170.2320451890639,173.62682737475484,59.473636432364934,-180.81198736527693,-234.41922535257166,166.91858841224735,44.73065658730868,13.749357893492107,46.37122713647831,-42.35988655924605,-32.82030532521469,-224.38161270177932,-258.08590388172024,16.35914791378037,-84.33449032394438,146.96034755913803,65.78349088997423,-162.68148226849652,-125.23783760823575,304.60718173535844,83.58183925211213,35.1058233186401,96.14704055042596,55.16773005524374,-152.03704276894848,102.77759960741302,-74.32692460892821,86.69541606995125,76.49360464801812
356.6190032199244,1023.1392570925951,-119.77079864960804,-70.97888790606102,-351.9787692817905,-796.1021956290991,462.55379197588223,678.3515861572456,584.1800280406608,-527.03028080137,1049.2784636781241,950.6254410594835,-137.82189268735948,915.1599798020006,113.10435969721291,-244.7083707290443,180.43579142026448,-396.4556310773327,922.3738459335259,-92.93388391088095,-461.8040698490771,-728.4697756947866,427.22394648814077,103.38052218683774,-40.81224176707012,977.8500953607587,-454.97903930116104,489.2164971714969,499.1790609790869,170.66298706084638,-519.5388748949724,-673.0614319271809,478.13983143023074,128.21824180148275,38.40971473809083,133.97994917062323,-119.92971421912272,-93.38488053699402,-642.9948796198563,-739.822656321356,45.80008923860985,-243.87374840811214,421.0062122706826,189.9286772368322,-465.6274711267983,-359.0812566373633,872.7371900470358,240.5316887946351,100.91425011297359,276.13666568193986,157.4350520791213,-435.45448370426664,294.708944806189,-213.40762256594547,249.78791792321147,219.37053244578163
-42.08729754826409,-119.77079864960804,14.401631209858834,8.475397051020453,41.2788685325594,93.63449332692373,-54.18929189939566,-79.35320693821829,-68.17433630227728,61.88849590277042,-123.00142332412156,-111.47539169329659,16.497852697026186,-107.56782912678362,-13.30969765404094,28.549100273924687,-20.866866623404242,46.643980512310826,-107.98292483985162,11.350880002931909,54.018619333803095,85.31477017371587,-50.49882490567433,-12.531577408746413,4.331255276522001,-114.82610447915766,53.262063892421,-56.93574724158114,-57.97695058584332,-19.90064563375994,60.35408750183852,78.43126186975398,-56.125176009001656,-14.910027837766282,-4.823823159814136,-15.408242396949966,14.448551505405353,11.084770294763205,75.45700148087317,86.82441542695396,-5.888152211382778,27.936514247900753,-49.50530844717597,-21.7727623144724,54.898412508568995,42.21728635519472,-102.61030961823911,-27.983468982353006,-11.691034812765569,-32.086208805786306,-18.723667160722997,51.275382124160714,-34.537980672124675,24.945228390108024,-28.9044645766571,-25.643081299121192
-24.764943843065417,-70.97888790606102,8.475397051020453,5.392508352855487,24.441703442260874,55.27335775149455,-32.43867971406725,-47.20518466758356,-40.3240688751748,36.51405712811429,-71.97927258191498,-66.22153377933861,9.61222571515068,-63.12308066364706,-7.929835845680433,17.38786946866891,-12.387509802312573,27.278522713256304,-63.97537046489728,6.8506080504827604,32.08394362891198,50.166404285185,-29.599877143748678,-7.76374322998575,2.9156090056083355,-68.24911332162439,31.677810417737504,-33.75278526157872,-34.278161707505966,-11.622012297259143,35.38400276632949,46.0883490270607,-32.84141696732676,-8.443919698951717,-2.5948040573667854,-9.437166783571591,7.879088853197535,6.111862647032647,44.399688282355164,51.35998576041616,-3.6541976199477,17.031261810671936,-29.245574048392147,-12.97654744198021,32.36418595861103,25.269764401415966,-60.701559126517864,-16.929881846261942,-6.820938489996541,-18.681111186876965,-10.951308925965874,30.37053239043774,-20.39702088542275,14.854935615309614,-17.406399487340945,-14.997595452841901
-122.75719602573629,-351.9787692817905,41.2788685325594,24.441703442260874,121.10440997375777,273.9644738530075,-159.12791580968124,-233.34999991358947,-200.9282116014014,181.3515123442305,-361.02701940674615,-327.0680287884874,47.487441340889475,-314.9303599251041,-38.91964308079839,84.15173992429335,-62.02131207291287,136.44419123893252,-317.31291050021696,32.059934193967294,158.86191167132594,250.62420870386404,-147.07208288668943,-35.63844943868354,13.942999378341359,-336.4627646677119,156.52105355504452,-168.23377238181055,-171.63819069251912,-58.70054355228257,178.6477570004552,231.48597324768843,-164.52869637260713,-44.09983515197737,-13.284624027144071,-46.030945784695334,41.35222856056513,32.16569342348335,221.24951246127648,254.55913779345067,-15.855845643546598,83.76524499921753,-144.87953592042072,-65.24486512884967,160.26535799160325,123.56238587030434,-300.327586477788,-82.70508854068325,-34.696199702839415,-94.95507046864198,-54.22080517234252,149.8625996792885,-101.39479571643345,73.4058227271132,-85.86097417835734,-75.46494852690323
-277.924462663871,-796.1021956290991,93.63449332692373,55.27335775149455,273.9644738530075,620.0127114410457,-359.8379833488613,-527.6964639467599,-454.3453079357834,410.35298836435834,-816.9709621835226,-739.8339096243524,107.70288891145141,-712.8003312785278,-88.06574631725421,190.12597057818311,-140.10875956942434,308.8746129059402,-717.7158206316832,72.78542156771717,359.25618952213904,567.0092815426094,-333.07987561453706,-80.79175764503826,31.133295765910685,-761.1802913873167,353.97778719609494,-380.2879231130403,-387.93415656801517,-132.77293173516537,403.88283746755127,523.4578884748753,-372.3637972576607,-99.80194347437845,-30.343519645642534,-103.82900107369099,94.02107893391215,73.00313240234654,500.63499938398263,575.9276586776743,-36.15614269613277,188.90672622380126,-327.8604489283847,-147.2490004058501,362.7966093720392,279.509980117565,-679.6069250770447,-186.84022260040746,-78.42792980877822,-214.72397987243363,-122.87822600339693,339.1640858528513,-229.3799351616304,165.99108692030416,-193.88645338252672,-170.72458044624506
161.15885026163707,462.55379197588223,-54.18929189939566,-32.43867971406725,-159.12791580968124,-359.8379833488613,209.40085407864814,306.8149620170125,263.9867129738939,-238.17634814422908,473.64755990294657,429.9519865174257,-62.259557314201324,413.3216008476492,51.18364220369812,-111.00037389784771,81.53049649727684,-178.9870967006974,416.9881999171148,-42.23296224951877,-208.82830671736792,-329.01550703501204,192.98715817048608,47.12767931759993,-18.633644036097117,442.3323551441989,-205.78952267947216,221.1006541933369,225.49527101234008,76.99491881114292,-234.4448843265642,-303.8706988256843,215.84807645046712,57.612962869552135,17.221031340209098,60.75842293073233,-53.7433703957967,-41.873682671684705,-290.471343327746,-334.4399799630595,20.97231459438359,-110.50385294031491,190.3082750412351,85.81538622803188,-210.45820672968344,-162.59540480556777,394.5769423633179,108.99418876025511,45.50465156583122,124.50222249805334,71.12550296603207,-196.92571586413857,133.18423047038408,-96.53715658599074,113.07918728266789,98.99929797151913
236.3379136465777,678.3515861572456,-79.35320693821829,-47.20518466758356,-233.34999991358947,-527.6964639467599,306.8149620170125,449.83594038063177,387.3003683579527,-349.3400960813819,695.2761895738994,630.3277266633173,-91.27881512579359,606.4590371656328,75.0013246757327,-162.45411182589407,119.66108510682116,-262.67901339875715,611.5375824389229,-61.63229984724099,-306.21403394078493,-482.81040336557186,283.0747117575991,68.65654743997196,-27.243602961518153,648.381918977415,-301.70462981722716,324.38714110190165,330.96145457357363,113.0849082670962,-344.3309599289727,-446.1057890747273,316.8183965627762,84.84845470139061,25.325136978796582,88.98140362356867,-79.18737379663733,-61.707656003261086,-426.15902124473644,-490.4497164822789,30.395493041789216,-161.9438237665415,279.0728179515994,125.99332267928818,-308.6109442121312,-238.16937289433324,578.5526884484976,159.63999827125951,66.87145121506238,182.95777421354262,104.29602793205429,-288.6808772393642,195.36031518918548,-141.5297719514347,165.75789626815745,145.36167009771157
203.462162440858,584.1800280406608,-68.17433630227728,-40.3240688751748,-200.9282116014014,-454.3453079357834,263.9867129738939,387.3003683579527,333.697288778857,-300.84684466012044,599.2566993236403,542.6153308055635,-78.51956246953917,522.4396711773013,64.52843608638793,-139.64897886752007,103.17037772534394,-226.32377696787165,526.6460574241598,-52.74510478757817,-263.67873590184416,-416.0198576945544,243.733830194843,58.674444095295534,-23.47414104618994,558.0525218750762,-259.7440768431132,279.52319065565126,285.3137453331102,97.53607567654902,-297.02691634955073,-384.6205726464998,273.02877823718507,73.37796434537742,21.809108654320244,76.5792930415177,-68.42431437987932,-53.355783059311165,-367.1054392883515,-422.31116646989983,25.787999919191193,-139.47827112054566,240.27536545170219,108.69982685282312,-265.6720568468068,-204.84168686565238,498.0674601065984,137.34112526062697,57.72040791173599,157.90247319223394,89.75485046398356,-248.45526646845218,168.2668575409707,-121.8479904585068,142.74341619191102,125.33183333656989
-183.9159202061954,-527.03028080137,61.88849590277042,36.51405712811429,181.3515123442305,410.35298836435834,-238.17634814422908,-349.3400960813819,-300.84684466012044,271.62385894282863,-540.8789698496576,-489.71291878973733,71.21264823872872,-471.813998467882,-58.27696444947593,125.84817959729322,-92.81906525487169,204.44856217032728,-475.12986578211274,48.043901485094445,237.8403465965319,375.3925703481125,-220.39575322983967,-53.33014332918539,20.702122108793812,-503.79637693486427,234.3289057800039,-251.84480278377404,-256.9512407917613,-87.93180877485038,267.5365805743346,346.6709989060788,-246.5057658160783,-66.13390853091,-20.024587073228165,-68.78880454664882,62.19155555173359,48.32430960208192,331.409334372911,381.22526027380434,-23.77676179355109,125.1834072578694,-216.99789156656422,-97.59768911005283,240.08570286685637,184.96605712828398,-449.794932781523,-123.70323755192692,-51.962676466637724,-142.2414484198379,-81.27778764175648,224.44788652561604,-151.85037609472994,109.88258563210078,-128.42377737643005,-113.05049541852212
366.1620761344177,1049.2784636781241,-123.00142332412156,-71.97927258191498,-361.02701940674615,-816.9709621835226,473.64755990294657,695.2761895738994,599.2566993236403,-540.8789698496576,1078.1537275107657,974.5768349314997,-141.74920663631204,939.9838744355371,115.90384056012721,-249.89749286311627,184.9718367718192,-407.42462579241635,945.979468024115,-95.07772651693237,-473.43953234120556,-747.9661169536913,438.9180245771875,105.30910826749798,-41.0264058036237,1002.4173820205164,-466.35017327971224,501.656250589863,512.064946194609,175.40126089537645,-533.6235853157475,-691.099977700133,491.3113424032094,132.3631506866645,40.01505960889295,136.68817625399024,-124.56539463049344,-96.81150485610664,-660.1547835397843,-758.9560536638877,46.65425277869804,-248.97621430068338,431.990686859698,194.56888204018392,-477.9432102842619,-367.713243610318,895.3206214076794,245.88458155842113,103.72247650696195,283.915568150597,161.81123391682146,-446.6465350495245,302.4006030733616,-218.69728953037406,255.51600657220087,225.41737530727175
331.4598243442119,950.6254410594835,-111.47539169329659,-66.22153377933861,-327.0680287884874,-739.8339096243524,429.9519865174257,630.3277266633173,542.6153308055635,-489.71291878973733,974.5768349314997,883.4417856022903,-128.18870182494035,850.2571030619063,105.14507728106706,-227.53100616003272,167.50866437486619,-368.3217900287253,856.9992552244895,-86.68209022775292,-429.0858844401929,-676.6749560359469,397.0695381855066,96.4679985987231,-37.82316485469828,908.8488898672296,-422.79057455627157,454.3551797429466,463.4920859959716,158.4425371129296,-482.2607886404061,-624.9627067978583,444.14026066920746,118.88488445550982,35.7510978208926,124.46693111091203,-111.33893170713861,-86.63793931288549,-597.3815241734059,-687.4696039897076,42.941643847254866,-226.4587228677548,391.25131506648813,176.23248435943017,-432.7732100904141,-333.8624527921361,811.0931988646857,223.5518471451165,93.64178150456755,256.26614407691835,146.37966930013903,-404.76025356752,273.80911042589054,-198.30089072641846,232.02251633899598,203.70543039600884
-48.39657097193244,-137.82189268735948,16.497852697026186,9.61222571515068,47.487441340889475,107.70288891145141,-62.259557314201324,-91.27881512579359,-78.51956246953917,71.21264823872872,-141.74920663631204,-128.18870182494035,18.94553665455894,-123.84973724460201,-15.286456165839686,32.74815131925155,-24.067853244319593,53.71760283142294,-124.26535172682902,12.917317654316314,62.14924806356674,98.27021334511997,-58.08382328617947,-14.233136472797053,4.992996909539619,-131.9923597890018,61.25878462699559,-65.59291016347187,-66.84271924146636,-22.96727457676919,69.66292155519734,90.44196873321381,-64.6611112279725,-17.28585396903933,-5.5427688369985875,-17.7084885565796,16.713848836334304,12.846068009745405,86.86912888153041,99.87981123692131,-6.607485988272691,32.16203017499483,-56.93706451910431,-25.143798608465172,63.12508126661107,48.4716017902353,-118.00074604457167,-32.152190715601876,-13.512626187281114,-37.0710562659147,-21.516661948849723,58.93886965992759,-39.7515031293281,28.70237045936808,-33.265228116003634,-29.5697564791376
319.5449985545336,915.1599798020006,-107.56782912678362,-63.12308066364706,-314.9303599251041,-712.8003312785278,413.3216008476492,606.4590371656328,522.4396711773013,-471.813998467882,939.9838744355371,850.2571030619063,-123.84973724460201,819.8640163028603,101.17243519397954,-218.13597166181933,161.12800655710316,-355.34260754979675,825.0681634774118,-83.39213648646022,-412.9261742147471,-652.1760400796397,383.04941543005003,92.40435525506551,-35.598954277971025,874.7004076709422,-406.80360579380897,437.26112605388266,446.1815128409939,152.8230398322385,-464.81326066899885,-602.2427319202994,428.408728102931,115.1423423860899,35.02792277537851,119.14942710349726,-108.61158215021905,-84.31659146661723,-575.7505141751924,-662.0746175164379,41.226291146430746,-216.8997002170112,376.90740495723117,169.35408402811493,-417.08720792199045,-321.0052830560527,781.1987409207117,214.50435671331152,90.30256279726846,247.2432118742383,141.29803893773297,-389.80278889622116,263.7394080771849,-190.7606962327043,222.7244155134573,196.46277468210087
39.464219215222,113.10435969721291,-13.30969765404094,-7.929835845680433,-38.91964308079839,-88.06574631725421,51.18364220369812,75.0013246757327,64.52843608638793,-58.27696444947593,115.90384056012721,105.14507728106706,-15.286456165839686,101.17243519397954,12.528485059189698,-27.097804321466423,19.89940275357434,-43.822298635420225,101.96490071088714,-10.384604237507775,-51.04877267027649,-80.48486154541888,47.28805647783187,11.558745625108704,-4.472444413870478,108.19787406433157,-50.30756187645002,54.01596832722531,55.08304135939097,18.825326445054067,-57.292272145456295,-74.27920478454816,52.83219674129546,14.10202848456044,4.277301619761583,14.798556208385888,-13.253112652104353,-10.293109182218657,-71.07236692090824,-81.81691164805437,5.188696006332457,-26.901610018662495,46.57420625406041,20.91642422391147,-51.52935251028855,-39.759699963391284,96.55148471987899,26.598134545624404,11.11385851493359,30.43571668889726,17.443746429430092,-48.1957948727389,32.57842193832776,-23.58972093340316,27.579775486518507,24.217481437007542
-85.06107576867872,-244.7083707290443,28.549100273924687,17.38786946866891,84.15173992429335,190.12597057818311,-111.00037389784771,-162.45411182589407,-139.64897886752007,125.84817959729322,-249.89749286311627,-227.53100616003272,32.74815131925155,-218.13597166181933,-27.097804321466423,59.07659607087491,-43.20179846643227,94.38449497830253,-220.59137638720185,22.333912353909888,110.53327702175974,173.77657816403743,-101.7729759105271,-25.084393979746213,10.19721532855491,-234.07981238548362,108.94678213016219,-117.04706475596257,-119.33422190721828,-40.627377848543965,123.85754050937713,160.5549228164096,-113.86525362324596,-30.223122687524768,-8.857179094463513,-32.4150213084695,27.870378601433558,21.80085466630983,153.4039826164212,176.81882437509026,-11.102336558671066,58.92184984984969,-100.56999281765597,-45.54858905324842,111.14030431214714,86.15513440087254,-208.57864528908468,-57.94086636653023,-24.021182830873865,-65.68297812816668,-37.4668069004099,104.10909244043367,-70.40152682172867,51.13077616058607,-60.08459514970885,-52.24194750010859
62.66608895446898,180.43579142026448,-20.866866623404242,-12.387509802312573,-62.02131207291287,-140.10875956942434,81.53049649727684,119.66108510682116,103.17037772534394,-92.81906525487169,184.9718367718192,167.50866437486619,-24.067853244319593,161.12800655710316,19.89940275357434,-43.20179846643227,31.99447597588047,-69.77374907462413,162.66433077376655,-16.064376091644256,-81.46377211421321,-128.46093760592876,75.03113360885257,17.928604925426455,-7.484652195351142,172.19799134065337,-80.23010901159954,86.50140768636157,88.34697912749104,30.158114123145726,-91.95644441871777,-118.95761205323882,84.23778298766182,22.69657518443887,6.562670426348601,23.799213682241007,-20.905470073438913,-16.38798365689068,-113.28009447052223,-130.32490491042356,7.712288536484215,-43.40181684875809,74.09997778394248,33.80575155662125,-81.85786508455301,-63.18978173034369,153.61476191823743,42.52209134349147,17.884040087646692,48.877724154655766,27.572759833399363,-76.59318712523078,51.949661683154055,-37.66074690255035,44.265300825057146,38.72105972044431
-138.50103400916646,-396.4556310773327,46.643980512310826,27.278522713256304,136.44419123893252,308.8746129059402,-178.9870967006974,-262.67901339875715,-226.32377696787165,204.44856217032728,-407.42462579241635,-368.3217900287253,53.71760283142294,-355.34260754979675,-43.822298635420225,94.38449497830253,-69.77374907462413,154.03902644842253,-357.426861946961,36.13801954538844,178.8676641914469,282.6184197182593,-166.04826925530563,-39.98789468603751,15.306491320937091,-378.91354822974625,176.20887646312335,-189.39446062422627,-193.2685552319047,-66.23517691315406,201.4048616441201,260.9546498346562,-185.69543195983113,-49.95933669734079,-15.261267008031682,-51.52833897779421,47.233549369771296,36.63752189101139,249.510487985739,286.858680719681,-17.868202640408203,93.80640235055391,-163.31937886422932,-73.30800645621653,180.7568299109253,139.02438281848467,-338.4830609754426,-92.83340101887704,-39.13412192710815,-107.15786340229702,-61.26680555530705,168.89325137534033,-114.27398154458905,82.61613358058776,-96.39922351126744,-85.15017280031671
321.5042570503624,922.3738459335259,-107.98292483985162,-63.97537046489728,-317.31291050021696,-717.7158206316832,416.9881999171148,611.5375824389229,526.6460574241598,-475.12986578211274,945.979468024115,856.9992552244895,-124.26535172682902,825.0681634774118,101.96490071088714,-220.59137638720185,162.66433077376655,-357.426861946961,831.5438025885835,-83.78527708456046,-416.31521505800004,-656.7405766111937,385.17257343914736,93.2042989181763,-36.770728921828855,881.5420631901169,-410.16417624403397,441.0309433321076,450.00997524053275,153.86412369316392,-468.3786129447873,-606.7807999977128,431.0672967509934,115.60165567162261,34.637808662823865,120.76133332755768,-108.15116842463316,-84.21335691627974,-579.6768781125319,-666.9594057588695,41.292319378281555,-219.8276095008342,379.5461838732692,171.21638184331988,-419.78015592986185,-323.7124720213442,786.7982718145348,216.8333504595425,90.97938397813229,248.95534167905586,141.94266144485556,-392.57751140102243,265.6840750927988,-192.40154238262468,225.17010166929106,197.77134675087896
-32.7525937425187,-92.93388391088095,11.350880002931909,6.8506080504827604,32.059934193967294,72.78542156771717,-42.23296224951877,-61.63229984724099,-52.74510478757817,48.043901485094445,-95.07772651693237,-86.68209022775292,12.917317654316314,-83.39213648646022,-10.384604237507775,22.333912353909888,-16.064376091644256,36.13801954538844,-83.78527708456046,9.12512099392937,41.92796614793643,66.02281212176948,-39.28336308548907,-10.127841423543794,3.2920052487962677,-89.3898177806116,41.38592301797475,-44.00401860850372,-44.69659904400241,-15.315504472816851,46.38696951560786,60.46702122738818,-43.422071653898065,-11.318766647022327,-3.7870177471555992,-11.956885779002707,11.08998627353464,8.456792953778196,58.49087537691723,67.43917877785287,-4.936954602945986,21.582791730740258,-38.485074459273655,-16.681529823954214,42.72364251648334,32.98400633052825,-79.80721062408588,-21.794867319161664,-8.952882544294127,-24.601302639609106,-14.615685152444119,39.94150370614095,-26.783432466834597,19.376759221247394,-22.384785779703407,-19.777299886960382
-160.91042743186927,-461.8040698490771,54.018619333803095,32.08394362891198,158.86191167132594,359.25618952213904,-208.82830671736792,-306.21403394078493,-263.67873590184416,237.8403465965319,-473.43953234120556,-429.0858844401929,62.14924806356674,-412.9261742147471,-51.04877267027649,110.53327702175974,-81.46377211421321,178.8676641914469,-416.31521505800004,41.92796614793643,208.45798527341987,328.73503176439493,-192.7341061512793,-46.67843044002947,18.512713353434563,-441.36537354764596,205.3804277621754,-220.84117740627954,-225.3327169025213,-77.00883022939516,234.47247867995807,303.7597073648818,-215.73201375179775,-57.81734746252743,-17.267917241805396,-60.54685320472939,53.984115803627965,42.06120442647025,290.1592620105122,333.8952750787954,-20.657090733491174,110.20137148914796,-189.99267469684753,-85.77291830669107,210.10661756168864,162.10313622097183,-393.86466638955125,-108.63645861408848,-45.542191571929465,-124.59894812261894,-71.01131336993934,196.51831074037332,-133.00558478337376,96.33551380530254,-112.81881007242069,-98.98554365038015
-254.06727555938824,-728.4697756947866,85.31477017371587,50.166404285185,250.62420870386404,567.0092815426094,-329.01550703501204,-482.81040336557186,-416.0198576945544,375.3925703481125,-747.9661169536913,-676.6749560359469,98.27021334511997,-652.1760400796397,-80.48486154541888,173.77657816403743,-128.46093760592876,282.6184197182593,-656.7405766111937,66.02281212176948,328.73503176439493,519.0494177071572,-304.47549494866075,-73.25238527113483,28.73995556360575,-696.0097084415135,323.83168559478366,-348.3253075303498,-355.51540774506924,-121.68237297152443,370.3078443723537,479.61844492195354,-340.8360011122321,-91.67993319575193,-27.589710679040458,-95.10903284813219,86.03721048344791,66.92823056082236,458.1115320794918,526.8320061758867,-32.4209879868381,173.20293133901225,-299.83388761311426,-135.1794241876655,331.67080608013015,255.40860755007662,-621.4662786729687,-170.92619021236322,-71.9615181424999,-196.94603724787592,-112.21908316193229,310.0413026917687,-209.899253410472,151.8741665323577,-177.59403803684387,-156.38759564811542
149.4195315883923,427.22394648814077,-50.49882490567433,-29.599877143748678,-147.07208288668943,-333.07987561453706,192.98715817048608,283.0747117575991,243.733830194843,-220.39575322983967,438.9180245771875,397.0695381855066,-58.08382328617947,383.04941543005003,47.28805647783187,-101.7729759105271,75.03113360885257,-166.04826925530563,385.17257343914736,-39.28336308548907,-192.7341061512793,-304.47549494866075,179.17970254259686,43.46310076408665,-16.297579778512446,408.6074296016665,-189.9075565317255,203.87929785083065,207.95147024845397,71.27891346544057,-216.63852572184234,-280.8688422404791,200.09976460432608,53.66985004811231,16.590716903775785,55.425712583199704,-50.997184046920275,-39.46573844910954,-268.9063835015186,-309.2378284456129,19.63898198729425,-100.81168478939472,176.11558006435942,78.72139684855597,-194.99608201642536,-149.99075561284562,365.0147566867827,100.01234926360856,42.06004873568517,115.23796897393493,66.17793150469976,-182.19433361710048,123.14971391573515,-89.02352152939454,103.7275212251111,91.6838014155229
36.28728546363516,103.38052218683774,-12.531577408746413,-7.76374322998575,-35.63844943868354,-80.79175764503826,47.12767931759993,68.65654743997196,58.674444095295534,-53.33014332918539,105.30910826749798,96.4679985987231,-14.233136472797053,92.40435525506551,11.558745625108704,-25.084393979746213,17.928604925426455,-39.98789468603751,93.2042989181763,-10.127841423543794,-46.67843044002947,-73.25238527113483,43.46310076408665,11.361371297879101,-3.9018718528625604,99.46851265385784,-46.09085343507937,49.01554238923117,49.76021670894221,16.974346597834145,-51.50171259886777,-67.1403959421281,48.07804480742164,12.42179949528879,4.0266504479086365,13.4853107294749,-11.942797999299609,-9.171322819652676,-64.87744505618136,-74.92927190798073,5.478405053908483,-24.33942926731445,42.72493055499547,18.674606034527137,-47.37572716611969,-36.78147356670001,88.65261843822346,24.44560145230361,9.932447290358121,27.25654187318162,16.141647754366037,-44.37508565166009,29.75036563640706,-21.611094704191927,25.089660308287442,21.911923702048988
-13.735653678963097,-40.81224176707012,4.331255276522001,2.9156090056083355,13.942999378341359,31.133295765910685,-18.633644036097117,-27.243602961518153,-23.47414104618994,20.702122108793812,-41.0264058036237,-37.82316485469828,4.992996909539619,-35.598954277971025,-4.472444413870478,10.19721532855491,-7.484652195351142,15.306491320937091,-36.770728921828855,3.2920052487962677,18.512713353434563,28.73995556360575,-16.297579778512446,-3.9018718528625604,2.352288606726975,-38.768915119464225,18.223920511842593,-19.876635373998294,-20.34578070525395,-6.7664570667793,20.950849868436475,26.952852660757994,-18.614791826468235,-4.944564923794578,-0.9990230827427568,-5.856259945502699,3.8705621987125762,3.2392726487788903,25.22391103106562,29.213209596620352,-1.3807444466178649,10.715399362661389,-16.494670726883967,-8.120342379161205,18.038099872335515,14.300799082380017,-34.26074095047913,-10.019604773708739,-4.076771641664162,-11.034963343432109,-5.864913747088849,17.03823055153142,-11.665971179621181,8.5965474690797965,-10.514396386206217,-8.650376912991444
341.07172328423763,977.8500953607587,-114.82610447915766,-68.24911332162439,-336.4627646677119,-761.1802913873167,442.3323551441989,648.381918977415,558.0525218750762,-503.79637693486427,1002.4173820205164,908.8488898672296,-131.9923597890018,874.7004076709422,108.19787406433157,-234.07981238548362,172.19799134065337,-378.91354822974625,881.5420631901169,-89.3898177806116,-441.36537354764596,-696.0097084415135,408.6074296016665,99.46851265385784,-38.768915119464225,935.0659512350393,-434.913710514002,467.22338904861255,476.5562132293922,162.91692414121997,-495.8123445406989,-642.6425410353028,456.86233370209686,122.18566946359664,36.87843416500865,127.96142126519608,-114.6037964229473,-89.11402159683036,-614.5201546323453,-707.2409248667701,44.42555014540494,-232.75193468802283,402.5404276055149,181.0916293179505,-445.3122532122402,-343.5376271661898,834.4983033972911,229.92829761942642,96.25065737788307,263.44989706572665,150.67755523773016,-416.4799572803872,281.65800136736766,-203.9693825631648,238.56119821202398,209.49306523137813
-158.55364869913106,-454.97903930116104,53.262063892421,31.677810417737504,156.52105355504452,353.97778719609494,-205.78952267947216,-301.70462981722716,-259.7440768431132,234.3289057800039,-466.35017327971224,-422.79057455627157,61.25878462699559,-406.80360579380897,-50.30756187645002,108.94678213016219,-80.23010901159954,176.20887646312335,-410.16417624403397,41.38592301797475,205.3804277621754,323.83168559478366,-189.9075565317255,-46.09085343507937,18.223920511842593,-434.913710514002,202.36023147003598,-217.535790647625,-221.93121590942084,-75.84047609374942,230.8973235502126,299.1734811102881,-212.50999596386276,-56.89942725521052,-17.020451111132076,-59.65234820414688,53.15196024727871,41.40310952684555,285.85375105601275,328.9748057022911,-20.44202806401291,108.5529949656486,-187.20051902546095,-84.45483296290347,207.0302291880174,159.76499923712063,-388.08928743058397,-107.05490689752185,-44.84071082462103,-122.6850454448891,-69.98248153979554,193.65218566640235,-131.03470864393523,94.92133908885651,-111.14311188121796,-97.49202880794144
170.2320451890639,489.2164971714969,-56.93574724158114,-33.75278526157872,-168.23377238181055,-380.2879231130403,221.1006541933369,324.38714110190165,279.52319065565126,-251.84480278377404,501.656250589863,454.3551797429466,-65.59291016347187,437.26112605388266,54.01596832722531,-117.04706475596257,86.50140768636157,-189.39446062422627,441.0309433321076,-44.00401860850372,-220.84117740627954,-348.3253075303498,203.87929785083065,49.01554238923117,-19.876635373998294,467.22338904861255,-217.535790647625,234.215370153045,239.09986998172172,81.68931838926764,-248.8716639391818,-322.18485565262006,228.53034184621396,61.436299519093204,18.100926463349435,64.27680498812722,-57.050900236760754,-44.56321783005014,-307.31471214008985,-353.5619693074384,21.41351322643877,-117.10514530883724,201.11740901040594,91.21818314121708,-222.3099897842409,-171.50677131470044,416.91543917131673,115.13002237763915,48.37174405177257,132.28298567946905,75.03128777155933,-207.94838314954134,140.8884829505307,-102.06720375679035,119.70710344524738,104.94575883712706
173.62682737475484,499.1790609790869,-57.97695058584332,-34.278161707505966,-171.63819069251912,-387.93415656801517,225.49527101234008,330.96145457357363,285.3137453331102,-256.9512407917613,512.064946194609,463.4920859959716,-66.84271924146636,446.1815128409939,55.08304135939097,-119.33422190721828,88.34697912749104,-193.2685552319047,450.00997524053275,-44.69659904400241,-225.3327169025213,-355.51540774506924,207.95147024845397,49.76021670894221,-20.34578070525395,476.5562132293922,-221.93121590942084,239.09986998172172,244.15795627065853,83.42527752782959,-254.2149894707718,-328.9841048667603,233.2483456602969,62.83410471863058,18.429466343085366,65.6028363328778,-58.261605658082644,-45.5420380601392,-313.59647639877653,-360.7144125560972,21.613971424281907,-119.5754252470568,205.16268541429852,93.21986597460935,-226.74654001058528,-174.85905214599597,425.2747215642591,117.43400584199173,49.42771006650651,135.15475536483524,76.49409451000051,-212.0788415706865,143.76598098660793,-104.12911728605309,122.18545240442754,107.15303155063107
59.473636432364934,170.66298706084638,-19.90064563375994,-11.622012297259143,-58.70054355228257,-132.77293173516537,76.99491881114292,113.0849082670962,97.53607567654902,-87.93180877485038,175.40126089537645,158.4425371129296,-22.96727457676919,152.8230398322385,18.825326445054067,-40.627377848543965,30.158114123145726,-66.23517691315406,153.86412369316392,-15.315504472816851,-77.00883022939516,-121.68237297152443,71.27891346544057,16.974346597834145,-6.7664570667793,162.91692414121997,-75.84047609374942,81.68931838926764,83.42527752782959,28.570000303034437,-86.96393414632539,-112.54814749852189,79.90690660844454,21.59510656628625,6.437492035799787,22.279158855693424,-20.20692542408984,-15.748314332748368,-107.34883731337929,-123.385511762188,7.420098981669973,-40.626038803935764,70.20551972799595,31.772721248431562,-77.63888640672205,-59.732980971615675,145.50451620396132,40.01235120516046,16.9178253958445,46.28125469591422,26.247817909429877,-72.56188792885752,49.17910929538716,-35.580344404385386,41.63031958555509,36.69322952211727
-180.81198736527693,-519.5388748949724,60.35408750183852,35.38400276632949,178.6477570004552,403.88283746755127,-234.4448843265642,-344.3309599289727,-297.02691634955073,267.5365805743346,-533.6235853157475,-482.2607886404061,69.66292155519734,-464.81326066899885,-57.292272145456295,123.85754050937713,-91.95644441871777,201.4048616441201,-468.3786129447873,46.38696951560786,234.47247867995807,370.3078443723537,-216.63852572184234,-51.50171259886777,20.950849868436475,-495.8123445406989,230.8973235502126,-248.8716639391818,-254.2149894707718,-86.96393414632539,264.91083032384967,342.7266285526195,-243.0642241688218,-65.69971701337393,-19.351295390487532,-68.07078437311313,61.11732584811283,47.731229897257705,326.6091247576854,375.4778633153455,-22.327372866818123,124.14668179532173,-213.58085069560337,-97.00610066893519,236.08919113461008,181.78726443169447,-442.66393451889996,-121.9790283640786,-51.53494548938688,-140.9392718474548,-79.69847062689956,220.71645505967467,-149.679316655447,108.32744228165193,-126.98887965469413,-111.67604769947548
-234.41922535257166,-673.0614319271809,78.43126186975398,46.0883490270607,231.48597324768843,523.4578884748753,-303.8706988256843,-446.1057890747273,-384.6205726464998,346.6709989060788,-691.099977700133,-624.9627067978583,90.44196873321381,-602.2427319202994,-74.27920478454816,160.5549228164096,-118.95761205323882,260.9546498346562,-606.7807999977128,60.46702122738818,303.7597073648818,479.61844492195354,-280.8688422404791,-67.1403959421281,26.952852660757994,-642.6425410353028,299.1734811102881,-322.18485565262006,-328.9841048667603,-112.54814749852189,342.7266285526195,443.61236106770326,-314.8436846103842,-84.90337888002246,-25.201961954198417,-88.10238118297659,79.21101875898653,61.776730415778786,423.14134632877955,486.54931869518015,-29.35294990645052,160.5755951794257,-276.81312349200687,-125.37335601500564,306.06399581737986,235.72819643934207,-573.743009060076,-158.0302355495197,-66.64287454100793,-182.29689089922888,-103.4010703740575,286.1403369044098,-193.9097221303563,140.3411068416712,-164.3829948490946,-144.57790491249867
166.91858841224735,478.13983143023074,-56.125176009001656,-32.84141696732676,-164.52869637260713,-372.3637972576607,215.84807645046712,316.8183965627762,273.02877823718507,-246.5057658160783,491.3113424032094,444.14026066920746,-64.6611112279725,428.408728102931,52.83219674129546,-113.86525362324596,84.23778298766182,-185.69543195983113,431.0672967509934,-43.422071653898065,-215.73201375179775,-340.8360011122321,200.09976460432608,48.07804480742164,-18.614791826468235,456.86233370209686,-212.50999596386276,228.53034184621396,233.2483456602969,79.90690660844454,-243.0642241688218,-314.8436846103842,223.90516271663313,60.28825716603518,18.295359553642925,62.240178906346905,-56.83145385067811,-44.13531520248246,-300.8531571436053,-345.88818750578,21.367538555011567,-113.34272269972189,196.89499558161512,88.5718022889478,-217.86636640318113,-167.6005339198325,408.06944935493004,112.01582220604263,47.23666316396613,129.32075615517945,73.79012566444892,-203.58864489141962,137.80657153942892,-99.64663259693913,116.37249827245132,102.7081550629881
44.73065658730868,128.21824180148275,-14.910027837766282,-8.443919698951717,-44.09983515197737,-99.80194347437845,57.612962869552135,84.84845470139061,73.37796434537742,-66.13390853091,132.3631506866645,118.88488445550982,-17.28585396903933,115.1423423860899,14.10202848456044,-30.223122687524768,22.69657518443887,-49.95933669734079,115.60165567162261,-11.318766647022327,-57.81734746252743,-91.67993319575193,53.66985004811231,12.42179949528879,-4.944564923794578,122.18566946359664,-56.89942725521052,61.436299519093204,62.83410471863058,21.59510656628625,-65.69971701337393,-84.90337888002246,60.28825716603518,16.515407175568292,4.9490092889253825,16.59419740868945,-15.5620265841137,-12.10772040397387,-80.82999938479558,-92.7208969979371,5.346513922285963,-30.330245188473736,52.76316941439662,23.9197009362764,-58.36243979701628,-44.66181326090461,109.29145807837055,29.856286649776987,12.807729703821009,35.048727496074136,19.753684737057128,-54.459097879286716,36.9907223904582,-26.679138832460573,31.159363399769703,27.71265885035015
13.749357893492107,38.40971473809083,-4.823823159814136,-2.5948040573667854,-13.284624027144071,-30.343519645642534,17.221031340209098,25.325136978796582,21.809108654320244,-20.024587073228165,40.01505960889295,35.7510978208926,-5.5427688369985875,35.02792277537851,4.277301619761583,-8.857179094463513,6.562670426348601,-15.261267008031682,34.637808662823865,-3.7870177471555992,-17.267917241805396,-27.589710679040458,16.590716903775785,4.0266504479086365,-0.9990230827427568,36.87843416500865,-17.020451111132076,18.100926463349435,18.429466343085366,6.437492035799787,-19.351295390487532,-25.201961954198417,18.295359553642925,4.9490092889253825,1.8401869394311499,4.654489716742665,-5.188439220504701,-3.8684076663582547,-24.457807557091805,-27.998022897764958,2.0381076604592616,-8.42464483444362,16.028230281625262,6.732157826983558,-17.87579272453698,-13.484822345427093,33.165729075406034,8.705082127122875,3.7507752158758154,10.359149392985042,6.215017919347185,-16.58703017725719,11.133602364873594,-7.937208916477397,8.967649388778336,8.31483503290186
46.37122713647831,133.97994917062323,-15.408242396949966,-9.437166783571591,-46.030945784695334,-103.82900107369099,60.75842293073233,88.98140362356867,76.5792930415177,-68.78880454664882,136.68817625399024,124.46693111091203,-17.7084885565796,119.14942710349726,14.798556208385888,-32.4150213084695,23.799213682241007,-51.52833897779421,120.76133332755768,-11.956885779002707,-60.54685320472939,-95.10903284813219,55.425712583199704,13.4853107294749,-5.856259945502699,127.96142126519608,-59.65234820414688,64.27680498812722,65.6028363328778,22.279158855693424,-68.07078437311313,-88.10238118297659,62.240178906346905,16.59419740868945,4.654489716742665,17.924790998589867,-14.999787909911433,-11.827128354545058,-83.87614702538096,-96.6864720541451,5.776959671007889,-32.63169475283092,54.93486380785965,25.206157077906564,-60.619322442338685,-47.06931498160948,113.93329292111477,31.82864996375341,13.216943984234392,36.085449695024316,20.335596594906264,-56.82216912135528,38.523837974594855,-28.003931574377543,33.10153566322062,28.618983511089123
-42.35988655924605,-119.92971421912272,14.448551505405353,7.879088853197535,41.35222856056513,94.02107893391215,-53.7433703957967,-79.18737379663733,-68.42431437987932,62.19155555173359,-124.56539463049344,-111.33893170713861,16.713848836334304,-108.61158215021905,-13.253112652104353,27.870378601433558,-20.905470073438913,47.233549369771296,-108.15116842463316,11.08998627353464,53.984115803627965,86.03721048344791,-50.997184046920275,-11.942797999299609,3.8705621987125762,-114.6037964229473,53.15196024727871,-57.050900236760754,-58.261605658082644,-20.20692542408984,61.11732584811283,79.21101875898653,-56.83145385067811,-15.5620265841137,-5.188439220504701,-14.999787909911433,15.47096288151551,11.788543529199448,76.02169517880479,87.0511292115422,-5.545142581910835,27.3354435318254,-49.679103180211314,-21.767736447976798,55.17021986218602,41.84430047724387,-102.8364123540865,-27.50463127163207,-11.893630510076616,-32.693985881954276,-18.924175238204477,51.316389399995444,-34.689697181457596,24.866648777941737,-28.565141847822247,-25.996237235084404
