V1,V2,V3,V4,V5,V6,V7,V8,V9,V10,V11,V12,V13,V14,V15,V16,V17,V18,V19,V20,V21,V22,V23,V24,V25,V26,V27,V28,V29,V30,V31,V32,V33,V34,V35,V36,V37,V38,V39,V40,V41,V42,V43,V44,V45,V46,V47,V48,V49,V50,V51,V52,V53,V54,V55,V56
1551.9543630215683,4450.843160065948,-520.5433522513839,-307.9360542694331,-1531.561782849059,-3462.539257027791,2011.4098156835823,2950.452233995713,2541.602898149272,-2293.264267415994,4565.910371544086,4134.898047229737,-598.8196157052972,3980.7511359738555,491.46474567577013,-1063.2229328836113,784.757842290193,-1725.2936617927546,4011.3146755029456,-403.175101504001,-2009.457910556279,-3169.744994152904,1857.6199964073126,447.2045741656792,-177.4712662202534,4252.898715670552,-1979.3895954045897,2128.48947923365,2172.4343043976505,742.5947414696071,-2261.3245672476837,-2929.5696435117443,2080.6273581237665,558.9297194739496,167.5555556069269,583.3247186037523,-522.2071090402411,-406.26906701493755,-2798.43647875688,-3219.033865358916,198.1478830658434,-1060.7439372119863,1831.6281655708412,826.1952541371952,-2025.530852621828,-1561.3288325090148,3795.9177610636248,1045.3543161729337,439.3772362156749,1201.52742168511,684.4112735164198,-1893.4323792042392,1282.422778452914,-926.8253420783275,1086.8739651249,954.847442463215
4450.843160065948,12771.366086983444,-1493.7029605905368,-883.4920109951375,-4393.3141581791915,-9936.586838641211,5772.09472063852,8466.93133258561,7293.327778929287,-6578.55772221129,13101.379188755605,11864.609757332655,-1719.7042474242003,11424.79401819587,1411.3622539931134,-3052.7768957270805,2253.3361609709946,-4949.50823733887,11513.768822255093,-1157.4673214622028,-5764.213271998015,-9094.870626818658,5332.4524291889375,1287.1739558222978,-509.64105791268423,12203.550901973284,-5678.688282255707,6108.033039812112,6233.315631953741,2131.508942811934,-6488.986775930992,-8404.86760586039,5969.768676846239,1602.7706514503286,479.2732467031415,1671.995369417581,-1498.6492537102679,-1167.317958877577,-8026.815326628365,-9234.267672531525,568.6750256954635,-3044.44601164723,5254.683839922246,2372.4326740570245,-5811.34273470968,-4480.25620555583,10892.63989238738,3001.583834235473,1260.7051292868782,3449.6046671129125,1964.6793222774152,-5434.424921920581,3678.8461297245676,-2663.8649607717525,3118.0381924584212,2739.4142699817803
-520.5433522513839,-1493.7029605905368,174.7244844416379,103.35376333285096,513.8299974136969,1162.1705333419718,-675.1238104993793,-990.2955012231356,-852.9964914198164,769.4186026807032,-1532.2378806603692,-1387.6752646719094,201.11307233492428,-1336.1845743756444,-165.08164889012218,357.08040908032046,-263.53591508464547,578.861909784715,-1346.6094274128384,135.4045792576348,674.1987457794689,1063.6908429427328,-623.6556769538555,-150.56115272853873,59.61817543177028,-1427.3275067261134,664.1771831011317,-714.3698916673529,-729.0266347576568,-249.27293973538218,758.9054099758424,982.9874274155667,-698.1849367508947,-187.42995889739993,-56.05862047629435,-195.57784132218978,175.21631089961397,136.5060342406159,938.799025529183,1080.029840395636,-66.53911164861582,356.103911700411,-614.5796651838459,-277.48405881780633,679.6840630976723,524.0267604573552,-1273.9665216970693,-351.0731123808433,-147.43975325220512,-403.4192237321687,-229.78515763107455,635.6196017759353,-430.27073828785797,311.5596611031083,-364.6828945406272,-320.368902297233
-307.9360542694331,-883.4920109951375,103.35376333285096,61.39155221900375,303.9644797465267,687.2920575358293,-399.4892150168133,-585.7871690495401,-504.4317578541178,455.0707002210782,-905.7857023086457,-820.9036290101643,118.89780069153932,-789.9547862638333,-97.6328851026529,211.39526825027698,-155.79723537255344,342.24567010032257,-796.3763307060672,80.21652944150604,398.8291271380426,628.9312417808874,-368.70829464401606,-89.22748084294085,35.37580736158752,-844.3952641969383,392.93880057651353,-422.4658699597228,-431.0666322398653,-147.31331690645104,448.5434932668362,581.1432268792598,-412.7510204989813,-110.63873282172176,-33.0909755475128,-115.8527432206606,103.33006664306703,80.43956655012252,555.1947550474985,638.8557568964286,-39.54136994456084,210.75394494310467,-363.51894922387055,-164.0090533846383,402.0031820960055,310.11955655792485,-753.5354727649334,-207.76590418031947,-87.12182976854076,-238.32209149098907,-135.8495445012673,375.93423494442334,-254.482164621965,184.18132590062987,-215.83172706536448,-189.39396081889006
-1531.561782849059,-4393.3141581791915,513.8299974136969,303.9644797465267,1511.5765133926589,3417.93228246559,-1985.505245484997,-2912.4448849590553,-2508.7960366380335,2263.3769625240993,-4506.81600859247,-4081.4447433309497,591.264386153029,-3929.583736340045,-485.2740552835488,1049.7739368571629,-774.8192427645416,1702.8256721334592,-3959.952563517502,398.06220775026736,1983.2569788372891,3128.687987099999,-1833.8879421025429,-441.9837562772009,175.24647639858242,-4197.973816263753,1953.675083118213,-2101.0397737511416,-2144.302961499258,-733.0750844463149,2232.106888919536,2891.49956086456,-2053.6518816153425,-551.5395947145078,-165.17727804380868,-575.5575383822041,515.4413721968832,401.20641754555817,2761.8359345762283,3177.0881615982557,-195.62071389441715,1047.1575223877458,-1807.8126507970276,-815.7549406250936,1999.243563348251,1541.187736271728,-3746.9232787454994,-1032.1349400326876,-433.68259396281184,-1186.229792299655,-675.6724314256825,1869.1541244471184,-1265.7134649041786,915.4485604034339,-1072.7454812543556,-942.4276558571925
-3462.539257027791,-9936.586838641211,1162.1705333419718,687.2920575358293,3417.93228246559,7731.235883231964,-4490.930115062581,-6587.697230040253,-5674.56049569239,5118.097270711801,-10193.47647365557,-9231.037679982146,1338.2263532542509,-8889.378821177974,-1098.2721755080559,2375.41111823743,-1753.4319046183082,3850.7745503822653,-8958.712501918666,900.610823910097,4484.489076295319,7076.135962556658,-4149.226238224103,-1002.0174068994822,396.5412457071313,-9494.790595814666,4418.043084937152,-4752.363637705639,-4849.7384966526615,-1658.5310912163045,5048.811430562368,6539.175858791602,-4644.696534738755,-1246.9235256413763,-372.6891492668934,-1300.5450612467123,1166.124427635119,908.5504615425905,6244.7171436742965,7184.207194926727,-442.4159882878604,2368.7614490342125,-4088.178524971957,-1846.1407532616483,4521.329578912592,3485.775934739121,-8474.94804546283,-2335.6120208890034,-980.8914886002951,-2684.2936180504503,-1528.7399980627317,4228.40439694791,-2862.1346012073636,2073.287003503013,-2425.800218099725,-2131.320115434604
2011.4098156835823,5772.09472063852,-675.1238104993793,-399.4892150168133,-1985.505245484997,-4490.930115062581,2608.925218546479,3826.809453002809,3296.217973558337,-2973.0710228682024,5920.829032839015,5362.376427690455,-777.282596279284,5163.407935201653,637.9715041719097,-1380.041700505662,1018.4693446421797,-2236.7589971218827,5203.914260110838,-523.2877924123799,-2605.1054922337075,-4110.2754545837115,2410.0721511385013,582.189492449685,-230.45803300294222,5515.62694189925,-2566.5138426688573,2760.5472517704147,2817.065564319104,963.2931821308225,-2932.508031939814,-3798.3222375137498,2697.8720389357327,724.1239268559709,216.45015885068105,755.6719206616975,-677.0634654011659,-527.4753170429134,-3627.4731236607936,-4173.329674040903,257.1770396598661,-1376.1387657959915,2374.8162183416375,1072.308916548339,-2626.405190160879,-2025.033805365249,4923.034331604382,1356.8377446508614,569.7126438175139,1558.9850200158473,887.970912811285,-2456.2408783240744,1662.5946408671432,-1204.2325316265608,1409.2582839333916,1237.9655856542888
2950.452233995713,8466.93133258561,-990.2955012231356,-585.7871690495401,-2912.4448849590553,-6587.697230040253,3826.809453002809,5613.388355569322,4835.215678902983,-4361.121473368519,8685.529120629868,7865.813672151464,-1140.239283069001,7574.3730397282425,935.8246185649948,-2024.1821743373969,1494.0359466391499,-3281.1565870422824,7633.588733509994,-767.4802993567811,-3821.2837593939885,-6029.430195746261,3535.4181386475634,853.8720389635396,-337.958906268865,8090.57742602573,-3764.665729499974,4049.4315863899924,4132.38064181555,1413.1440136275219,-4301.888205446093,-5571.871833807984,3957.609899217135,1062.379997184494,317.5458847442703,1108.3163781971512,-993.4477356401086,-773.9871370359824,-5321.0893984242975,-6121.691452388764,377.0867254745655,-2018.4998573394948,3483.538773201734,1573.0247229436463,-3852.607766040901,-2970.3190832326513,7221.466355216859,1990.218264382498,835.7666005833925,2287.088160419216,1302.590635244814,-3602.995563636498,2438.819019871768,-1766.5471656081918,2067.0977782444947,1816.0299687677216
2541.602898149272,7293.327778929287,-852.9964914198164,-504.4317578541178,-2508.7960366380335,-5674.56049569239,3296.217973558337,4835.215678902983,4165.04860370343,-3756.718967371341,7481.972705878077,6775.44674367287,-982.1704437787884,6524.599312162913,806.0426543132523,-1743.3682406183893,1286.9197304579263,-2826.5060866893064,6575.383122433727,-660.9686048035528,-3291.637467868089,-5193.852719067296,3045.371632017707,735.2057421784581,-291.01831009680836,6969.006379688799,-3242.830888315732,3488.1587981535063,3559.682914772652,1217.32556332396,-3705.796098161234,-4799.789270530755,3409.205037813117,915.3232202626696,273.63943230504407,954.6609863017322,-855.9704731893637,-666.8100436977626,-4583.727794680747,-5273.2494527752315,324.6838579227347,-1738.5698231697183,3000.7256208330623,1354.9479626565712,-3318.638423128624,-2558.4727640208907,6220.471644047776,1714.1712511387113,719.9788528106021,1970.1745277499188,1122.029946312511,-3103.4985370549443,2100.826419820405,-1521.513623874313,1780.5330805623112,1564.413035952643
-2293.264267415994,-6578.55772221129,769.4186026807032,455.0707002210782,2263.3769625240993,5118.097270711801,-2973.0710228682024,-4361.121473368519,-3756.718967371341,3389.1393093560523,-6748.660979203716,-6111.523716591474,885.4183622062327,-5884.360468010744,-726.6955911168328,1571.9438676936559,-1160.2900906383736,2549.8203919681996,-5929.793602306474,596.0448364360049,2969.669804719244,4684.957600830141,-2746.1911277771446,-661.8995247984003,262.3928476865219,-6286.016427932839,2925.376978226176,-3146.138115928248,-3210.9204179602507,-1097.7658086636538,3342.4772616476744,4329.782714520781,-3075.19335020773,-825.9113113474627,-247.31287001357876,-861.7326124391998,771.9123644526874,600.9155658194396,4135.511028450232,4757.288871520585,-292.8718019911759,1568.0092217773222,-2706.9883482179594,-1221.6153192909208,2993.653855401417,2307.7337863963667,-5610.660313257886,-1545.5525682102207,-649.4222640693215,-1776.4127843211802,-1011.8022473308872,2798.936249753267,-1895.2567417469083,1370.9724432786154,-1606.2666771559127,-1411.2025586170525
4565.910371544086,13101.379188755605,-1532.2378806603692,-905.7857023086457,-4506.81600859247,-10193.47647365557,5920.829032839015,8685.529120629868,7481.972705878077,-6748.660979203716,13441.009022186994,12170.91689467763,-1764.2249234714704,11720.668848135118,1447.7719265409587,-3131.1328511293223,2311.6530640703213,-5077.760082380437,11811.351257846605,-1187.0507674080575,-5913.071368371885,-9330.36203946336,5470.5016731414535,1319.8904975009825,-522.5448224149111,12518.508165212423,-5825.268682117142,6265.984164549809,6394.662573136957,2186.8399111063054,-6657.33386648741,-8622.67021482113,6124.496608718723,1644.70866813466,491.851840488062,1714.897665249694,-1538.0799938865478,-1198.026396121849,-8234.525440685833,-9472.889621837758,582.9619615272036,-3122.7618262870856,5390.486826387034,2433.8496703828937,-5961.566569967018,-4595.641379964128,11174.076118517358,3078.797742231871,1293.4635936969883,3539.280934308301,2015.5306075532746,-5574.781867159603,3773.9726536590597,-2732.6800623185964,3198.374354907323,2810.4577901894104
4134.898047229737,11864.609757332655,-1387.6752646719094,-820.9036290101643,-4081.4447433309497,-9231.037679982146,5362.376427690455,7865.813672151464,6775.44674367287,-6111.523716591474,12170.91689467763,11022.31285730014,-1597.5312365916775,10613.399953960856,1311.1375829398103,-2836.1054740880395,2093.2747622789184,-4598.04331402923,10696.160456716365,-1075.3575922385196,-5355.0534548651085,-8449.038253089237,4953.714758082316,1195.7869870324066,-473.5102063190622,11337.207621883816,-5275.583319415837,5674.319606373797,5790.699167419715,1980.0818674993538,-6028.0953239526525,-7808.018732319618,5545.815973797014,1488.8772803738277,445.2529433548577,1553.427590193789,-1392.0487912082986,-1084.2508738296183,-7456.955452328371,-8578.732193848715,528.4037754886346,-2828.3648601282894,4881.6386278298305,2203.911320028535,-5398.757288428414,-4162.259271466836,10119.258573183857,2788.493738678548,1171.1516901030432,3204.4795977184503,1825.142683316852,-5048.565955479444,3417.670127804184,-2474.5890609032863,2896.7396212797703,2544.862687529025
-598.8196157052972,-1719.7042474242003,201.11307233492428,118.89780069153932,591.264386153029,1338.2263532542509,-777.282596279284,-1140.239283069001,-982.1704437787884,885.4183622062327,-1764.2249234714704,-1597.5312365916775,231.91897357710144,-1538.9664887814017,-190.2808095635548,411.4309758829394,-303.7679015925791,666.2633445189217,-1551.1799680648824,155.94633373829313,775.7252344260266,1224.5871438880279,-718.5453911246749,-174.17335811708395,68.68054310023736,-1643.2338525677983,764.4016135433254,-822.5825675296932,-839.2672715582527,-287.2036708131018,873.8729850979942,1131.4886520176926,-803.7974669958081,-215.6346921539737,-64.20483617686807,-224.6857973667756,201.95819469520913,157.5765886232714,1080.1519866545389,1242.8462471387018,-76.5578104269696,410.03489731169253,-707.3244846080554,-319.81846852579616,782.3461969033722,603.2651540946698,-1466.8635458558615,-404.58611072934553,-169.76008064295857,-464.98611174439344,-264.7371908213927,732.0361884386468,-495.14986315257596,359.6764229223047,-419.6831862203417,-368.81139124012725
3980.7511359738555,11424.79401819587,-1336.1845743756444,-789.9547862638333,-3929.583736340045,-8889.378821177974,5163.407935201653,7574.3730397282425,6524.599312162913,-5884.360468010744,11720.668848135118,10613.399953960856,-1538.9664887814017,10221.47092325282,1262.922265847195,-2731.250386968843,2016.3596799833952,-4427.489831007734,10301.13489046417,-1035.4289350583665,-5155.743632613676,-8136.0758936540915,4771.166187822126,1152.5381717855416,-455.8706231368407,10916.659448121361,-5079.471791802834,5464.271271567067,5576.14857848776,1907.1843682482022,-5805.339524914676,-7518.606969876115,5340.485379207115,1433.7450872708168,428.32137994295874,1494.847346959784,-1341.1895507812505,-1045.1570012683203,-7179.569092505552,-8259.733522957265,508.4927716042636,-2723.4631209791146,4700.2875855373895,2122.9739668399857,-5198.37753278921,-4007.6705502121044,9744.336777749042,2685.604161798209,1127.877023291741,3086.9286485384687,1757.8795538028537,-4861.879194921153,3290.650996349502,-2384.570578499231,2788.8859028245047,2450.588302525607
491.46474567577013,1411.3622539931134,-165.08164889012218,-97.6328851026529,-485.2740552835488,-1098.2721755080559,637.9715041719097,935.8246185649948,806.0426543132523,-726.6955911168328,1447.7719265409587,1311.1375829398103,-190.2808095635548,1262.922265847195,156.1625893171534,-337.70123751695473,249.26705525547587,-546.7773746924439,1272.982148619739,-128.02226807432206,-636.7119037168175,-1004.9797223658844,589.6408456201626,142.92088007599804,-56.393211291607585,1348.6561610481956,-627.3859474798244,675.0745431241224,688.7799598037668,235.6585741027381,-717.1230736332244,-928.5827290194741,659.6321858258931,176.9332998526841,52.708967087301374,184.47931767077466,-165.62896407778615,-129.24493887606593,-886.5214088890492,-1020.0616623374382,62.8766333736238,-336.57130012228134,580.5226143276154,262.4615536265853,-642.0834454088118,-495.1488617515034,1203.8351770854845,332.0503190642349,139.30528350243472,381.51565661520345,217.25095473260842,-600.7898128350241,406.38594123226335,-295.1183206117927,344.46814450721627,302.6482721321916
-1063.2229328836113,-3052.7768957270805,357.08040908032046,211.39526825027698,1049.7739368571629,2375.41111823743,-1380.041700505662,-2024.1821743373969,-1743.3682406183893,1571.9438676936559,-3131.1328511293223,-2836.1054740880395,411.4309758829394,-2731.250386968843,-337.70123751695473,730.4808301551836,-539.0026380411086,1182.636323917077,-2753.13396027022,276.97921179293445,1377.3785836443878,2173.6266001187923,-1275.1123436010093,-309.01584749011215,122.04717352600193,-2917.2672397481247,1357.179648171946,-1460.1012016641291,-1489.7485879911358,-509.579882428229,1550.8552092453915,2008.3953369790665,-1426.6419847122097,-382.5949835248296,-114.0561181017056,-399.292337026902,357.98051739183643,279.2132788755157,1917.6839277449299,2206.594688454822,-136.14422885344166,728.0702280474466,-1255.7459491295024,-567.5074998353581,1388.8645480126283,1071.137460726015,-2603.865368819132,-718.1876529731855,-301.25268750579534,-824.8566945902479,-469.80986562526755,1299.4088458234116,-879.0669854607231,637.9753702141822,-745.2337532266534,-654.5745005398722
784.757842290193,2253.3361609709946,-263.53591508464547,-155.79723537255344,-774.8192427645416,-1753.4319046183082,1018.4693446421797,1494.0359466391499,1286.9197304579263,-1160.2900906383736,2311.6530640703213,2093.2747622789184,-303.7679015925791,2016.3596799833952,249.26705525547587,-539.0026380411086,397.93522478149714,-873.0635002623558,2032.2894201691113,-204.31166799443042,-1016.5830258507657,-1604.609680788219,941.3657435075048,227.96092260566914,-89.98085811456083,2153.1418262560683,-1001.6712985262801,1077.8071024362296,1099.7351314890893,376.2683120798114,-1145.0316051572997,-1482.6871862463986,1053.2376384844172,282.60695303000216,84.22777311467128,294.5426372483595,-264.5611687157855,-206.3753779951101,-1415.534706778068,-1628.6763660160516,100.31021182774096,-537.2669050008784,926.8781916671669,418.98437282464647,-1025.1594312114105,-790.4648929942017,1921.985073392672,530.014707437032,222.44177230594227,609.142331005209,346.8355877208294,-959.1267826755907,648.8631270687221,-471.0166624005833,549.9578808294834,483.26479313411454
-1725.2936617927546,-4949.50823733887,578.861909784715,342.24567010032257,1702.8256721334592,3850.7745503822653,-2236.7589971218827,-3281.1565870422824,-2826.5060866893064,2549.8203919681996,-5077.760082380437,-4598.04331402923,666.2633445189217,-4427.489831007734,-546.7773746924439,1182.636323917077,-873.0635002623558,1918.4469439661357,-4461.589364693702,448.386512786635,2234.164027783518,3524.915148363988,-2066.321850764562,-498.05527200416833,197.36690044813238,-4729.313485391325,2200.8731543694425,-2367.11189761195,-2415.844434344736,-826.0277768993301,2514.954010619148,3257.682174380787,-2313.7794258695126,-621.4710634696448,-186.0401351823417,-648.1704980221217,580.9701927610103,452.3180534024338,3111.3484320030307,3579.1133435362703,-220.24903203004232,1179.6539575958438,-2036.608579912667,-919.2033491571023,2252.309654760377,1736.1745595265897,-4221.317125971684,-1162.8359205165777,-488.6475764727592,-1336.7501929211717,-761.3073062952634,2105.8710741621317,-1425.8998459217482,1031.6832949158868,-1208.417572861583,-1061.7968078737742
4011.3146755029456,11513.768822255093,-1346.6094274128384,-796.3763307060672,-3959.952563517502,-8958.712501918666,5203.914260110838,7633.588733509994,6575.383122433727,-5929.793602306474,11811.351257846605,10696.160456716365,-1551.1799680648824,10301.13489046417,1272.982148619739,-2753.13396027022,2032.2894201691113,-4461.589364693702,10381.968829229845,-1043.756434792589,-5195.597133838087,-8199.095123115892,4808.570825245002,1162.5178190494735,-459.631810361042,11001.895795475084,-5118.925053114622,5506.851259448807,5619.357889746231,1922.0357599676436,-5850.237521544834,-7576.587332711154,5381.749907590457,1444.4489440170432,431.2717373551606,1506.31416499328,-1351.3289270302505,-1053.2781442789733,-7234.7554590365035,-8323.592247259241,512.6811830693434,-2744.967353206017,4736.689713174491,2139.7342071151593,-5238.686919550281,-4039.101125815815,9820.345505669851,2707.061884213825,1136.553740765745,3111.033079648357,1771.664536782979,-4900.0000169554705,3316.0644008583886,-2403.9341214363503,2810.6155481152455,2469.470236106445
-403.175101504001,-1157.4673214622028,135.4045792576348,80.21652944150604,398.06220775026736,900.610823910097,-523.2877924123799,-767.4802993567811,-660.9686048035528,596.0448364360049,-1187.0507674080575,-1075.3575922385196,155.94633373829313,-1035.4289350583665,-128.02226807432206,276.97921179293445,-204.31166799443042,448.386512786635,-1043.756434792589,105.0490439517698,522.3013754614557,824.0931493229042,-483.38044754612184,-117.12731701121218,46.29189201625124,-1106.1371856637122,514.6242841363515,-553.5710905087285,-564.8172456828082,-193.1573183141658,587.9228660965789,761.4486978302281,-540.872061421957,-145.02613218389274,-43.267409232196535,-151.4758339451946,135.63452960323343,105.76444385843013,727.1461037984604,836.7054125677159,-51.67123584890851,276.07416651123464,-476.14698688988756,-215.11733930113513,526.6096105918721,406.1705331841331,-987.2521051644633,-272.2906276977035,-114.19994268709516,-312.62952319244164,-178.1032716195912,492.6570501450839,-333.31979140131267,241.78042309295776,-282.59705734865605,-248.16002565378224
-2009.457910556279,-5764.213271998015,674.1987457794689,398.8291271380426,1983.2569788372891,4484.489076295319,-2605.1054922337075,-3821.2837593939885,-3291.637467868089,2969.669804719244,-5913.071368371885,-5355.0534548651085,775.7252344260266,-5155.743632613676,-636.7119037168175,1377.3785836443878,-1016.5830258507657,2234.164027783518,-5195.597133838087,522.3013754614557,2602.174071397742,4104.958537508678,-2406.1103955513427,-579.8839957302916,229.94479430708913,-5507.953514644815,2563.3248146066467,-2756.6463363143607,-2813.4273463315694,-961.7971446010588,2928.6037561377766,3793.7680523196327,-2694.4591974627897,-723.6278923568254,-216.7354213845958,-755.1982165735186,676.2018462244423,526.3784554195101,3623.6758172110344,4168.507354418427,-256.68475544650283,1373.9618368595313,-2371.939228560152,-1070.3256452280943,2623.1009560389934,2022.1313446020158,-4916.101664569181,-1354.2111507972152,-569.0046317213124,-1556.339574661578,-886.5087298430202,2452.4351169327438,-1660.6808355921075,1201.089454081442,-1407.495978448724,-1236.4765329301965
-3169.744994152904,-9094.870626818658,1063.6908429427328,628.9312417808874,3128.687987099999,7076.135962556658,-4110.2754545837115,-6029.430195746261,-5193.852719067296,4684.957600830141,-9330.36203946336,-8449.038253089237,1224.5871438880279,-8136.0758936540915,-1004.9797223658844,2173.6266001187923,-1604.609680788219,3524.915148363988,-8199.095123115892,824.0931493229042,4104.958537508678,6476.970218834833,-3797.371291633611,-916.1380918951346,362.7916620842101,-8690.34127163351,4043.9632285376406,-4349.733917938313,-4439.0797151096585,-1517.972273312633,4621.281338060878,5985.717930602469,-4251.4819472755025,-1141.6750518673248,-341.4916571065662,-1190.6692289085433,1067.509009272633,831.4233417105515,5716.4706993639165,6576.16847597837,-404.78762036701954,2167.8546800087092,-3742.0955071660815,-1689.4321006880784,4138.5072352669295,3190.3517813359613,-7756.919437655507,-2137.238436517313,-897.8693201261136,-2456.6752117798887,-1399.0932518313355,3869.9098455804283,-2619.909515963123,1896.7296795810178,-2220.3870992585103,-1950.9522458105118
1857.6199964073126,5332.4524291889375,-623.6556769538555,-368.70829464401606,-1833.8879421025429,-4149.226238224103,2410.0721511385013,3535.4181386475634,3045.371632017707,-2746.1911277771446,5470.5016731414535,4953.714758082316,-718.5453911246749,4771.166187822126,589.6408456201626,-1275.1123436010093,941.3657435075048,-2066.321850764562,4808.570825245002,-483.38044754612184,-2406.1103955513427,-3797.371291633611,2227.2571419369483,538.601993763496,-212.84114101193092,5095.316781035687,-2370.6483212304947,2550.487568150556,2602.5614843470644,890.2753269762715,-2709.624293081547,-3509.0251327076894,2492.5570667842103,669.009380815384,199.66340711387423,697.4175069495639,-626.0291050925703,-488.05386403833546,-3350.5050131806897,-3854.768799926655,237.36559589614612,-1271.2663817376592,2193.661129881699,991.1427410440137,-2426.1854986813255,-1870.5848302043407,4548.206492745147,1253.8209228723626,526.4140437220688,1441.1002730814628,820.6077538280732,-2269.46339780057,1535.729792138065,-1113.6913988324663,1301.5937961971294,1143.7250439450786
447.2045741656792,1287.1739558222978,-150.56115272853873,-89.22748084294085,-441.9837562772009,-1002.0174068994822,582.189492449685,853.8720389635396,735.2057421784581,-661.8995247984003,1319.8904975009825,1195.7869870324066,-174.17335811708395,1152.5381717855416,142.92088007599804,-309.01584749011215,227.96092260566914,-498.05527200416833,1162.5178190494735,-117.12731701121218,-579.8839957302916,-916.1380918951346,538.601993763496,132.32150938241224,-51.70046529131068,1230.1921928692898,-571.7866327232872,615.8320259036418,627.8815017914084,215.13861741205292,-653.8436226202176,-846.0185588589834,601.2120022856665,160.6973898107844,47.313077209362184,167.5480163552244,-150.93625385246185,-118.31657458443249,-807.011206078599,-929.1799631302027,57.55418687218415,-307.3524232805938,528.9714276284922,240.0160396573853,-585.2210087200447,-451.78083973367,1098.1843691059667,303.84595652805245,126.94470015753451,348.5709618087438,198.4491017670838,-548.5050142079081,370.1652956690884,-271.06966855401686,313.9655574164067,275.7455368658892
-177.4712662202534,-509.64105791268423,59.61817543177028,35.37580736158752,175.24647639858242,396.5412457071313,-230.45803300294222,-337.958906268865,-291.01831009680836,262.3928476865219,-522.5448224149111,-473.5102063190622,68.68054310023736,-455.8706231368407,-56.393211291607585,122.04717352600193,-89.98085811456083,197.36690044813238,-459.631810361042,46.29189201625124,229.94479430708913,362.7916620842101,-212.84114101193092,-51.70046529131068,20.42377958044699,-487.0779024314547,226.59018107658648,-243.74100648392533,-248.6592701141125,-85.03625355057987,258.80167524806575,335.18133897543913,-238.08883595776538,-63.78111133863857,-18.995999089253655,-66.69676356940292,59.6494151749785,46.53394963378634,320.07308358078325,368.3553981414148,-22.79045817077814,121.61141658873727,-209.6258716276577,-94.73709340642935,231.84374190329666,178.88033070806318,-434.70418035670576,-119.96769712208281,-50.26330054362402,-137.63308169385388,-78.42110428246744,216.94438362764657,-146.7366346783296,106.53905781153753,-124.44794502426514,-109.23373473895836
4252.898715670552,12203.550901973284,-1427.3275067261134,-844.3952641969383,-4197.973816263753,-9494.790595814666,5515.62694189925,8090.57742602573,6969.006379688799,-6286.016427932839,12518.508165212423,11337.207621883816,-1643.2338525677983,10916.659448121361,1348.6561610481956,-2917.2672397481247,2153.1418262560683,-4729.313485391325,11001.895795475084,-1106.1371856637122,-5507.953514644815,-8690.34127163351,5095.316781035687,1230.1921928692898,-487.0779024314547,11661.125536924745,-5426.255601595896,5836.433142423273,5956.0833227631365,2036.6598087331522,-6200.257975509513,-8030.954271217084,5704.184590020302,1531.3141704181685,457.882572667166,1597.739640897734,-1431.767239655953,-1115.25763617678,-7669.8035940252275,-8823.679934829333,543.5411527117886,-2909.228221227776,5021.042000035422,2266.946922900411,-5552.944408152433,-4281.204960974984,10408.3701767333,2868.2831931315013,1204.5897934420764,3296.0715539428616,1877.3170970524263,-5192.866365387125,3515.25057771635,-2545.5032162817224,2979.4769916084642,2617.5178703750253
-1979.3895954045897,-5678.688282255707,664.1771831011317,392.93880057651353,1953.675083118213,4418.043084937152,-2566.5138426688573,-3764.665729499974,-3242.830888315732,2925.376978226176,-5825.268682117142,-5275.583319415837,764.4016135433254,-5079.471791802834,-627.3859474798244,1357.179648171946,-1001.6712985262801,2200.8731543694425,-5118.925053114622,514.6242841363515,2563.3248146066467,4043.9632285376406,-2370.6483212304947,-571.7866327232872,226.59018107658648,-5426.255601595896,2525.1754139490217,-2715.793296072467,-2771.6098771706197,-947.6037556129567,2885.129633151613,3737.2734570239118,-2654.403554520005,-712.7392787250207,-213.31887910178932,-743.7835458467792,666.1958068249324,518.7067729148895,3569.5117235020207,4106.349014413688,-252.90797587926215,1353.6467128207073,-2336.61776779338,-1054.6052663372586,2584.082630620844,1992.1560374920036,-4843.240512769057,-1334.36919231878,-560.5428692606689,-1533.4460205815394,-873.4388789874597,2416.1811705783334,-1635.9167589852868,1183.7737430965124,-1386.5537590878293,-1218.0814930952497
2128.48947923365,6108.033039812112,-714.3698916673529,-422.4658699597228,-2101.0397737511416,-4752.363637705639,2760.5472517704147,4049.4315863899924,3488.1587981535063,-3146.138115928248,6265.984164549809,5674.319606373797,-822.5825675296932,5464.271271567067,675.0745431241224,-1460.1012016641291,1077.8071024362296,-2367.11189761195,5506.851259448807,-553.5710905087285,-2756.6463363143607,-4349.733917938313,2550.487568150556,615.8320259036418,-243.74100648392533,5836.433142423273,-2715.793296072467,2921.2802947919326,2981.155690021647,1019.4984811447146,-3103.5261119800425,-4019.6889777228203,2855.1243246573144,766.5270415286335,229.1247028281161,799.4770968013172,-716.8457609988797,-558.4618837053756,-3838.7066629552874,-4416.191402331329,271.92986802524786,-1456.0489176599656,2513.0282656711997,1134.7823274191485,-2779.279539995665,-2142.689254000022,5209.548360748331,1435.6468051718875,602.9630755571438,1650.0172142488002,939.6960811476906,-2599.157393938732,1759.3793397175018,-1274.3463858184691,1491.1570703878228,1310.1510272326766
2172.4343043976505,6233.315631953741,-729.0266347576568,-431.0666322398653,-2144.302961499258,-4849.7384966526615,2817.065564319104,4132.38064181555,3559.682914772652,-3210.9204179602507,6394.662573136957,5790.699167419715,-839.2672715582527,5576.14857848776,688.7799598037668,-1489.7485879911358,1099.7351314890893,-2415.844434344736,5619.357889746231,-564.8172456828082,-2813.4273463315694,-4439.0797151096585,2602.5614843470644,627.8815017914084,-248.6592701141125,5956.0833227631365,-2771.6098771706197,2981.155690021647,3042.3959497929222,1040.3486626336307,-3167.249279645337,-4102.398336695936,2913.802722838483,782.4505999589775,234.04923105749558,816.0753108901665,-731.5846793135123,-569.8006777339805,-3917.8863391239556,-4507.100620439694,277.44130348118057,-1485.8018338976722,2564.710680160457,1157.881126609789,-2836.393282629981,-2186.5766178053905,5316.317970482834,1464.796690318609,615.3637451433791,1683.6878908126764,958.8828035113406,-2652.3080980517293,1795.602185515765,-1299.9336416475069,1521.7923673911855,1337.1018504080034
742.5947414696071,2131.508942811934,-249.27293973538218,-147.31331690645104,-733.0750844463149,-1658.5310912163045,963.2931821308225,1413.1440136275219,1217.32556332396,-1097.7658086636538,2186.8399111063054,1980.0818674993538,-287.2036708131018,1907.1843682482022,235.6585741027381,-509.579882428229,376.2683120798114,-826.0277768993301,1922.0357599676436,-193.1573183141658,-961.7971446010588,-1517.972273312633,890.2753269762715,215.13861741205292,-85.03625355057987,2036.6598087331522,-947.6037556129567,1019.4984811447146,1040.3486626336307,355.88657862620335,-1083.184872595955,-1402.7498576706412,996.4050881913234,267.5101976492583,79.86231390946153,278.77026655086246,-250.33395341164206,-195.1236192922557,-1339.3744439892528,-1540.89139326007,94.82011122476278,-508.0912692921745,876.8803455356237,396.1591235749257,-969.824187522386,-747.6601866795622,1818.012333051547,501.09497155819275,210.44590465729163,576.0773883869126,328.00775910103334,-907.1137954818788,613.8948415373646,-445.0741571555866,520.2641638040784,457.22154949080704
-2261.3245672476837,-6488.986775930992,758.9054099758424,448.5434932668362,2232.106888919536,5048.811430562368,-2932.508031939814,-4301.888205446093,-3705.796098161234,3342.4772616476744,-6657.33386648741,-6028.0953239526525,873.8729850979942,-5805.339524914676,-717.1230736332244,1550.8552092453915,-1145.0316051572997,2514.954010619148,-5850.237521544834,587.9228660965789,2928.6037561377766,4621.281338060878,-2709.624293081547,-653.8436226202176,258.80167524806575,-6200.257975509513,2885.129633151613,-3103.5261119800425,-3167.249279645337,-1083.184872595955,3297.4296878058117,4270.753880145415,-3033.4438414675938,-814.628283778902,-243.5627885719492,-849.2501051267884,761.8791866184018,593.5271098939593,4078.374099682541,4691.711191054738,-288.6827795461764,1546.6829451315602,-2669.8078715603333,-1205.5841390345472,2952.6750367590475,2276.135111580151,-5534.42349986407,-1524.9565947396932,-640.6640060366731,-1753.1394964598474,-998.3253479975489,2761.205515792717,-1869.1752442939542,1353.6936336541276,-1584.0592649651658,-1391.9967155733684
-2929.5696435117443,-8404.86760586039,982.9874274155667,581.1432268792598,2891.49956086456,6539.175858791602,-3798.3222375137498,-5571.871833807984,-4799.789270530755,4329.782714520781,-8622.67021482113,-7808.018732319618,1131.4886520176926,-7518.606969876115,-928.5827290194741,2008.3953369790665,-1482.6871862463986,3257.682174380787,-7576.587332711154,761.4486978302281,3793.7680523196327,5985.717930602469,-3509.0251327076894,-846.0185588589834,335.18133897543913,-8030.954271217084,3737.2734570239118,-4019.6889777228203,-4102.398336695936,-1402.7498576706412,4270.753880145415,5531.876782244799,-3929.0601891708234,-1055.2761939457657,-315.81648555069086,-1100.5406278107573,986.5716337374389,768.2270863866855,5283.239537052188,6077.591380176986,-373.9996932423481,2003.2606153615495,-3458.334323353712,-1561.0713664911354,3824.6397417424114,2948.236364910671,-7168.3355360192,-1974.777576107657,-829.78750192527,-2270.121829355456,-1292.854253474583,3576.13337325765,-2421.2854567691875,1752.25141264125,-2051.9851047690927,-1803.0274316056878
2080.6273581237665,5969.768676846239,-698.1849367508947,-412.7510204989813,-2053.6518816153425,-4644.696534738755,2697.8720389357327,3957.609899217135,3409.205037813117,-3075.19335020773,6124.496608718723,5545.815973797014,-803.7974669958081,5340.485379207115,659.6321858258931,-1426.6419847122097,1053.2376384844172,-2313.7794258695126,5381.749907590457,-540.872061421957,-2694.4591974627897,-4251.4819472755025,2492.5570667842103,601.2120022856665,-238.08883595776538,5704.184590020302,-2654.403554520005,2855.1243246573144,2913.802722838483,996.4050881913234,-3033.4438414675938,-3929.0601891708234,2790.695445880864,749.469448711057,224.19972006483604,781.5244924104467,-700.797471132179,-545.7899926829457,-3752.3104233289323,-4316.5581100497175,265.6406337666472,-1422.8935895214115,2456.286422918365,1108.9131089929904,-2716.4881268799636,-2094.054870234017,5091.542312450729,1402.7814854124526,589.3768615539367,1612.5807168760512,918.3491304490802,-2540.1349919294244,1719.7011707098295,-1244.9258235063032,1457.4132091692188,1280.6251543974552
558.9297194739496,1602.7706514503286,-187.42995889739993,-110.63873282172176,-551.5395947145078,-1246.9235256413763,724.1239268559709,1062.379997184494,915.3232202626696,-825.9113113474627,1644.70866813466,1488.8772803738277,-215.6346921539737,1433.7450872708168,176.9332998526841,-382.5949835248296,282.60695303000216,-621.4710634696448,1444.4489440170432,-145.02613218389274,-723.6278923568254,-1141.6750518673248,669.009380815384,160.6973898107844,-63.78111133863857,1531.3141704181685,-712.7392787250207,766.5270415286335,782.4505999589775,267.5101976492583,-814.628283778902,-1055.2761939457657,749.469448711057,201.53804127288453,60.46317989710628,209.96418260789872,-188.35160155226697,-146.5235802741639,-1007.9411780044252,-1159.2519777606396,71.16206807761768,-381.8177356469018,659.6116621706112,297.550092895555,-729.4473906157409,-562.0646608113342,1366.8944031209157,376.2367363978537,158.30890178291796,432.8836354195988,246.48295962833595,-681.7847665888376,461.86008040939777,-333.65729461838,391.29353237637883,343.96615475963756
167.5555556069269,479.2732467031415,-56.05862047629435,-33.0909755475128,-165.17727804380868,-372.6891492668934,216.45015885068105,317.5458847442703,273.63943230504407,-247.31287001357876,491.851840488062,445.2529433548577,-64.20483617686807,428.32137994295874,52.708967087301374,-114.0561181017056,84.22777311467128,-186.0401351823417,431.2717373551606,-43.267409232196535,-216.7354213845958,-341.4916571065662,199.66340711387423,47.313077209362184,-18.995999089253655,457.882572667166,-213.31887910178932,229.1247028281161,234.04923105749558,79.86231390946153,-243.5627885719492,-315.81648555069086,224.19972006483604,60.46317989710628,18.37149544863547,63.12222715222418,-56.266496248395946,-43.54579731616655,-301.9892502176482,-347.12156653940195,21.260107782126788,-114.05677589791443,197.43842317136153,88.68190627858013,-218.2730233216463,-168.05053509579972,408.63275562341727,112.13261543175418,47.35247897975824,129.09605889015074,73.5636268992559,-203.6439576464696,138.29321351884548,-98.97105771557646,117.12101954474755,102.92918966161116
583.3247186037523,1671.995369417581,-195.57784132218978,-115.8527432206606,-575.5575383822041,-1300.5450612467123,755.6719206616975,1108.3163781971512,954.6609863017322,-861.7326124391998,1714.897665249694,1553.427590193789,-224.6857973667756,1494.847346959784,184.47931767077466,-399.292337026902,294.5426372483595,-648.1704980221217,1506.31416499328,-151.4758339451946,-755.1982165735186,-1190.6692289085433,697.4175069495639,167.5480163552244,-66.69676356940292,1597.739640897734,-743.7835458467792,799.4770968013172,816.0753108901665,278.77026655086246,-849.2501051267884,-1100.5406278107573,781.5244924104467,209.96418260789872,63.12222715222418,219.51468027842418,-195.88355788384249,-152.22063346615536,-1051.649952510889,-1209.6474907434335,74.54556617799807,-398.507766778785,688.2207502645242,310.0996369389745,-761.0079261322971,-586.6312268993106,1425.87939312337,392.5008839294453,165.0105392862943,450.9024874706477,256.9579906438725,-711.1184496212896,481.88581695936017,-347.5122361456788,408.46519932817415,358.6711178750948
-522.2071090402411,-1498.6492537102679,175.21631089961397,103.33006664306703,515.4413721968832,1166.124427635119,-677.0634654011659,-993.4477356401086,-855.9704731893637,771.9123644526874,-1538.0799938865478,-1392.0487912082986,201.95819469520913,-1341.1895507812505,-165.62896407778615,357.98051739183643,-264.5611687157855,580.9701927610103,-1351.3289270302505,135.63452960323343,676.2018462244423,1067.509009272633,-626.0291050925703,-150.93625385246185,59.6494151749785,-1431.767239655953,666.1958068249324,-716.8457609988797,-731.5846793135123,-250.33395341164206,761.8791866184018,986.5716337374389,-700.797471132179,-188.35160155226697,-56.266496248395946,-195.88355788384249,176.36705423973518,137.4094879123431,941.8951556717712,1083.4355202498316,-66.47237683598453,357.0293713582153,-616.5568532520742,-278.5310179540955,681.918028588346,525.4836873607595,-1278.2193431366968,-352.1076581665061,-148.0480751135412,-405.2551687495479,-230.6406417715238,637.7080613521903,-431.671155571883,312.82376174883717,-365.69855721070496,-321.6114727611847
