V1,V2,V3,V4,V5,V6,V7,V8,V9,V10,V11,V12,V13,V14,V15,V16,V17,V18,V19,V20,V21,V22,V23,V24,V25,V26,V27,V28,V29,V30,V31,V32,V33,V34,V35,V36,V37,V38,V39,V40,V41,V42,V43,V44,V45,V46,V47,V48,V49,V50,V51,V52,V53,V54,V55,V56
5.585951444408512,-2.0025777367253377,1.28993533868065,2.791239562530353,-4.68585408601447,0.1177975031101352,-1.832018412126343,3.161933721856971,-0.1858693648034342,2.07698383631737,1.8264451462298172,-3.071204234969215,-0.057137213270447164,-0.6592019834042646,3.192649513253756,-2.056000359762622,0.7756002232018816,-0.5052624901258009,-0.5927521457862318,2.8608711841827805,-0.894617891971123,0.3288400613825506,-0.2602424123624238,-1.7829142125333008,0.2091049498503065,0.13636242144699007,-2.6081821981569733,0.6372468226937286,0.183583689916012,1.489929909579225,1.1900309381203853,0.07441759887090167,-1.4165111798506689,-3.6532135606534735,1.9505483310346734,2.6475864921674184,0.026156493709008407,-2.7834319908681895,-1.47571797865062,-1.9423609391660797,3.642347315887552,-0.47895354025296893,0.3739164437446582,0.13487831210327894,1.0113979891774583,-1.4145824598302654,0.9494276424220516,-0.9321387581876717,-2.302846820485073,0.7601895362332366,2.152471093339957,-1.592406711179351,-1.15572439045361,-1.9436468425174136,-3.0468075032772846,1.8094419059380802
-2.0025777367253377,2.561125900035733,0.4397616398565127,-3.0097751183791464,1.9040040023427904,-1.4208048951155858,-0.9956358847663699,-4.297028974289534,0.2915221248961983,0.1053509426412425,-1.9822609733708134,2.356658243285632,0.17062253156872398,1.0537128818798447,-2.660005695311789,1.5496495904387104,-0.23283371799498123,-1.379766955149431,-0.4804636448766986,-1.8827314703460472,-2.100910070027704,-0.8230266952391821,0.1547645738267667,-0.33391413467369074,1.6700122259188388,-1.6858865841322586,0.8127914997214796,-1.1139292542591017,-0.6826106254670482,-0.8618848583767473,-2.671754318768845,-1.0955397713534618,-0.11964475044702409,1.5192862031124958,-1.4795687020931296,-1.5383011426526516,-1.0653835251777406,1.5447750455350997,1.6160238056818124,3.5388981017989494,-3.422037026754434,-0.9965553373068118,1.152494478663739,-1.6647686255232033,-0.48945676356418755,0.536403013697485,0.5877887356477877,2.464531790870849,0.28030304184008675,-1.6144404160550714,-1.000442864761015,0.3829154343971846,1.560498980676017,0.8200575139084381,0.7974456548922159,-0.55375100995078
1.28993533868065,0.4397616398565127,0.7633555855388705,-0.2817923040926598,-0.9363105675743156,-0.5557721510019779,-1.1914221899776654,-0.7013612674172384,-0.013598564335418499,0.8926758848915569,-0.29352653758084046,-0.10633602085234489,0.04623134604300694,0.1927150140127586,-0.07256758479257656,-0.1133258515007301,0.16572990499869703,-0.9044596654902819,-0.5012754810729356,0.2578495193480671,-1.3651304142875944,-0.2642380615748482,-0.060225041374010496,-0.8346748094523181,0.886213772901389,-0.7633152542456887,-0.6298718631381481,-0.26837906910949716,-0.2488006994136726,0.20790990762710124,-0.7426135608411093,-0.4933532793786703,-0.5758665884830356,-0.7635765299881722,0.06092334172711407,0.31447746992589953,-0.5150497498643335,-0.36656892084352044,0.15608041120727686,0.9687101160708756,-0.22168283095177702,-0.5966117375682958,0.7305688731989424,-0.7152218163018997,0.24453617954368104,-0.3126279806417557,0.5938394479118639,0.7821767371812227,-0.8302867456229961,-0.5403806147400984,0.3854535759896276,-0.45808259528187373,0.30251794013492045,-0.2938969825910323,-0.831858705967938,0.4706379816621263
2.791239562530353,-3.0097751183791464,-0.2817923040926598,3.7271162459941847,-2.4942547609555485,1.8039791223383579,0.9768417427444029,5.320616340482861,-0.5183663057708136,0.10332381498274482,2.199925077095922,-2.9138208737478655,-0.22241172191015854,-1.3596547257940774,3.0938805402643768,-2.0031506127707797,0.2574843097120493,1.3943661667689533,0.40274515545840794,2.3931220426115707,2.2799836477506767,0.9441209769459955,-0.2813990015947532,0.31318971939180945,-1.842429640170933,1.861533948157684,-1.0996699434265547,1.3211747448017699,0.7978098221839176,1.1613733629374126,3.2554195734786826,1.2376396207876643,0.1353749900954343,-2.11512352587942,1.79497340232613,1.9481607735100221,1.1536626083600319,-1.9722537967995355,-2.007285796198828,-4.004498417351569,4.066043532920166,1.258688685129399,-1.1751655566706405,1.9434219062524754,0.8222767553925311,-0.7287828370395373,-0.7356402213262797,-2.910458352894618,-0.6319945495549477,1.698222780643448,1.3097484347517772,-0.5728046633254512,-1.7999167256078512,-0.8686982476206645,-1.1492443833887116,0.8121821349432715
-4.68585408601447,1.9040040023427904,-0.9363105675743156,-2.4942547609555485,4.03071056098998,-0.09326703361954924,1.3693152940782143,-2.8290790639635,0.05985393875929871,-1.637017764423531,-1.8051309343584363,2.745607998025125,0.053565792305360176,0.5511834277006736,-2.938838772830576,1.7596540874542455,-0.6892375312743857,0.1953287411776379,0.39536322249431327,-2.503602339333666,0.5236101270697746,-0.37901304498370975,0.1649351888412602,1.499758873471495,0.02244801551418094,-0.3191488215257654,2.205474900574133,-0.6246752414589218,-0.2043161260708872,-1.2371741421428122,-1.118155558102599,-0.1778164288632785,1.220487475848377,3.040153070169303,-1.7661293155254267,-2.311322852235171,-0.1622396425303549,2.41519926997062,1.3149649500773448,2.0336546580121864,-3.3366909356182903,0.42229213772200563,-0.14139003906853795,-0.21356397168743713,-0.7271197662608477,1.2061752731836437,-0.8095031292550104,0.9561568826958002,1.8098072476857348,-0.8924941670996683,-1.8570732395463472,1.3348492624858082,1.1323826553989191,1.7996065131461265,2.5681348421365158,-1.5174222157399304
0.1177975031101352,-1.4208048951155858,-0.5557721510019779,1.8039791223383579,-0.09326703361954924,1.5209152980720055,1.2810368343070375,2.9516075220844664,-0.4028260508024302,-0.5998388277646226,0.7541579514326914,-0.9215167957794305,-0.13682916466878406,-0.8837663936166877,1.0227473310494384,-0.8151942021085716,-0.11505660154003637,1.0741584021584871,0.45214905039368564,0.6838056600044392,2.038778344930218,0.5271955712628456,-0.24437034884468717,1.0085388368326915,-1.3808896170683804,1.1979613058869518,0.10280442992662692,0.6994642191579745,0.5536633418506763,0.3903837035447208,2.130940585352587,0.8744004969417745,0.7833965557847633,-0.3723818702649826,0.5070130735968861,0.4793316749358357,0.7702868910565634,-0.4644296078728356,-0.9760680137097898,-2.03370636249074,1.583988789515499,1.3161249091539995,-0.8742177387237168,1.4365830604758207,0.431269059030309,0.02068552049155148,-1.0220187187085805,-1.8740357594504364,0.231420612164678,0.7785416923519146,0.10303396239008593,0.20484556923995195,-0.8017175705243536,0.2811902446715464,0.31432984638044803,-0.040734279945206335
-1.832018412126343,-0.9956358847663699,-1.1914221899776654,0.9768417427444029,1.3693152940782143,1.2810368343070375,2.218120425235648,1.9522123525494681,-0.3079083406071615,-1.4589419911383237,0.500929676407718,-0.22142354800605996,-0.16308581638019576,-0.5796875916354556,0.13066347458662508,-0.09749175640128512,-0.384517909681427,1.5256470445755117,0.7309760245284063,-0.08405514998090988,2.4362774079339484,0.5728948204001914,0.020385943148805017,1.4662045282428746,-1.6715699643234068,1.4728997727327484,1.0618484701592943,0.6459261568191155,0.48741288693509766,-0.17918348249041252,1.6970023420153093,0.9531347863871469,1.0672974599689022,1.0069671255034631,0.10445238069553225,-0.35310687470098384,0.937748267924029,0.4444466320908473,-0.554995899665963,-1.902642731298001,0.6299994897350829,1.2787179834187217,-1.2501451161931365,1.435108014576909,-0.13168923414850733,0.3938383352190116,-1.2637942624099172,-1.6364818126979717,1.2012016501779996,0.8580960637731349,-0.43173578530424356,0.6430688067604712,-0.6628859357603512,0.6687946484365701,1.230819601830026,-0.6354056972714688
3.161933721856971,-4.297028974289534,-0.7013612674172384,5.320616340482861,-2.8290790639635,2.9516075220844664,1.9522123525494681,7.849373751511795,-0.8792202847888115,-0.2890054300249811,2.9704969966032326,-3.88675637741256,-0.34353154081126985,-2.0784601252067363,4.12116766944972,-2.7521662416805355,0.20469384194286916,2.27427762907949,0.7635782990326735,3.127545878251643,3.839350777521354,1.3831783800620923,-0.4327816061187989,0.9966229629033948,-2.9457483286466104,2.8907924773336724,-1.1377312083024764,1.950251475606767,1.2342241338795992,1.5496756402797898,4.985315507930889,1.9357240741020205,0.6063845432088983,-2.567187870896757,2.362184159200185,2.4618595342965164,1.797879640565314,-2.4754337563832163,-2.8770945906634218,-5.820732510381626,5.590028333771892,2.2182025121524527,-1.9300888004679546,3.1178476062226963,1.1905000092512628,-0.8200171482720331,-1.4599765120962458,-4.4412873481343285,-0.5341650150993079,2.437916645961848,1.5650732968571124,-0.5312703422817587,-2.5589533609495225,-0.8231922694207804,-1.0945602245401715,0.8588143505580397
-0.1858693648034342,0.2915221248961983,-0.013598564335418499,-0.5183663057708136,0.05985393875929871,-0.4028260508024302,-0.3079083406071615,-0.8792202847888115,0.41190945550059666,0.03487892689555845,-9.027080055857165e-4,0.3731704804952035,0.08773443121921716,0.29549425580813443,-0.014299703536247203,0.2808544692092479,0.12909874022372,-0.07558974011796503,0.02873491276348549,-0.30091829825932004,-0.24466533028718346,-0.09014285556623641,0.059277337632520216,-0.1993228143628773,0.2176071757535861,-0.2584118974713416,-0.07280945313698482,-0.22582763228775687,-0.0787744539912497,-0.18229513098320457,-0.5228500446050434,-0.13518735107409421,-0.1286160134534268,0.19608896503348555,-0.18925972198699775,-0.09848474317525228,-0.10758634665971811,0.09298298737287772,0.3126097154695329,0.3198542204242065,-0.29202279164169703,-0.3460205570997167,0.13813655077401743,-0.3564249085703134,-0.31705321499531286,0.10399273078024315,0.3168411120530746,0.3762049398567919,0.12841649494302948,1.97982455925009e-4,-0.18698525060661264,0.09075416967445463,0.18375965001143407,-0.2099675539147828,0.07413026690117636,-0.0608258341172253
2.07698383631737,0.1053509426412425,0.8926758848915569,0.10332381498274482,-1.637017764423531,-0.5998388277646226,-1.4589419911383237,-0.2890054300249811,0.03487892689555845,1.1686750931039163,0.07020798793698492,-0.5548056048238679,0.0519228532381121,0.13379765111140943,0.5043501567667035,-0.38784909091324427,0.3157571084895396,-0.9077823584827615,-0.5284790487157205,0.6603065974616854,-1.453725082677823,-0.2164930960913717,-0.06461195519954682,-1.1062018717114335,0.8939894747602305,-0.7088837488016976,-1.034242678573796,-0.17497907315492578,-0.21849726682262427,0.4072904545810548,-0.5991802999427082,-0.472764971649884,-0.8256195261219421,-1.2624956987214215,0.3618713722871223,0.7083126900322764,-0.4794282492589491,-0.7795310187057226,-0.043784109120858686,0.5942376658448512,0.3883981769122975,-0.7225966831632248,0.7233871307702031,-0.6899338734868442,0.3202507786528978,-0.5107949639864654,0.7930193268527758,0.6422184562301267,-1.1080793338191235,-0.3279960793133653,0.6926997950804308,-0.6779159805503289,0.0989273430242939,-0.6783775828547401,-1.2670241819189727,0.706880210025786
1.8264451462298172,-1.9822609733708134,-0.29352653758084046,2.199925077095922,-1.8051309343584363,0.7541579514326914,0.500929676407718,2.9704969966032326,-9.027080055857165e-4,0.07020798793698492,1.74323869479289,-1.902490197389116,-0.09455033544750932,-0.6396124397914842,2.3028499629596566,-1.1514300077083564,0.31143936658700017,1.0265973261564985,0.359480124555205,1.5254062719767665,1.3574616163369813,0.61948033824953,-0.035187112769729044,-0.05925969290289202,-1.1513231421408114,1.2178811937429306,-0.8408586171078217,0.8045188938256175,0.46936455073379707,0.6456283786852803,1.7604814725035591,0.7622170712914983,-0.18705051326066208,-1.271931049742906,1.2387192517416572,1.317117982176181,0.7840378955240553,-1.3274846602079522,-1.167617360140112,-2.768657941673492,2.7780974576240096,0.4245989532946587,-0.8402579537203149,1.0649221427762492,0.20294859293989803,-0.49566672487086916,-0.1340809947680342,-1.7025769038264185,-0.2673746700236186,1.3785696873394202,0.8869100277737422,-0.405079666274957,-1.2346490860658,-0.9922911490576678,-0.8467318595089313,0.5208506906031589
-3.071204234969215,2.356658243285632,-0.10633602085234489,-2.9138208737478655,2.745607998025125,-0.9215167957794305,-0.22142354800605996,-3.88675637741256,0.3731704804952035,-0.5548056048238679,-1.902490197389116,2.680080938882792,0.17406970525574025,0.9013718556203458,-2.663373657830265,1.6764279704318767,-0.3352492813419604,-0.7669210501090905,-0.08460434109806358,-2.250209045749169,-1.0322425399295914,-0.6972090733959476,0.12463089803653117,0.4063827460835203,1.071559820119444,-1.2508505670840515,1.2731920662016873,-1.0106585515227662,-0.48112679391864555,-1.030377112481358,-2.114741501583555,-0.7539068220946182,0.4376767242500397,2.1095852255983285,-1.6908732552553385,-1.839722206097115,-0.7362360397507395,1.8722522643016308,1.5757474325057037,3.030128564823191,-3.401241537489825,-0.45530217144105956,0.6832739705819353,-1.1429626235474388,-0.6416707630270642,0.8716500616687388,0.11247744527437716,1.902148556485596,0.9022693619369002,-1.3148317040224506,-1.4560580420796978,0.836694608023984,1.4601367804481997,1.149260141240198,1.5641605915773151,-0.9680899195414977
-0.057137213270447164,0.17062253156872398,0.04623134604300694,-0.22241172191015854,0.053565792305360176,-0.13682916466878406,-0.16308581638019576,-0.34353154081126985,0.08773443121921716,0.0519228532381121,-0.09455033544750932,0.17406970525574025,0.030256326317697726,0.0950003841229578,-0.09125475665860368,0.10198589071106197,0.028567868031323447,-0.10634056206483797,-0.021899805863582013,-0.1310990187704358,-0.16964000064610033,-0.07361169797173601,0.006590363846952932,-0.06310969561284878,0.14833341292097357,-0.15369634199273094,-0.01872725685333459,-0.10214680408322398,-0.0470032968026264,-0.04941503161786017,-0.21634214788833603,-0.09047146654934142,-0.04272369927345466,0.054133958071557534,-0.10222928242653055,-0.06721392354239303,-0.08518557126435757,0.061858425296561645,0.126862787745084,0.24636875887126974,-0.18561183627416958,-0.11142702965386087,0.09643791686732757,-0.14549700888600753,-0.05408352595630335,0.035658839727658015,0.104729265685001,0.18893907948273087,-0.00430622446356447,-0.0849230925530599,-0.07053873932571372,0.022313034224738834,0.11248537789751921,-0.016636003369960673,0.02245006525067242,-0.023601521083924652
-0.6592019834042646,1.0537128818798447,0.1927150140127586,-1.3596547257940774,0.5511834277006736,-0.8837663936166877,-0.5796875916354556,-2.0784601252067363,0.29549425580813443,0.13379765111140943,-0.6396124397914842,0.9013718556203458,0.0950003841229578,0.5878537525581529,-0.9229982732447964,0.6969324194344286,-0.0021604742335683477,-0.5771331202296619,-0.19989950362809336,-0.725779736568785,-1.0732644073450952,-0.342289960757278,0.15106341767126275,-0.39175735145363033,0.7831242784572241,-0.7372760973603779,0.19974659414792736,-0.49520822582274165,-0.33336214478676174,-0.3909488573672377,-1.3639551001800787,-0.5134782477678527,-0.28034934662311006,0.5955563411364747,-0.527552224884677,-0.553042880131135,-0.45758370762525974,0.5560453409865379,0.7383980087927765,1.4108089331551263,-1.3214162733529722,-0.703194723288603,0.49240076646363745,-0.8641064884529573,-0.3676267955597064,0.15675298008471414,0.4952164673601503,1.185281658617924,0.10951715953428774,-0.5443866809921265,-0.3200045736082783,0.0716527301484676,0.6098264851017272,0.04875554428633227,0.1588192002916727,-0.1667768126309712
3.192649513253756,-2.660005695311789,-0.07256758479257656,3.0938805402643768,-2.938838772830576,1.0227473310494384,0.13066347458662508,4.12116766944972,-0.014299703536247203,0.5043501567667035,2.3028499629596566,-2.663373657830265,-0.09125475665860368,-0.9229982732447964,3.3326925103232288,-1.7584285060147535,0.5389953017931899,1.0650726434439446,0.34235644982558633,2.231142595080198,1.4930272239857674,0.7212506421252954,-0.16274380852606649,-0.28752372154812866,-1.2678368846765562,1.3641047483800044,-1.5268447507679566,1.0071505138356178,0.6111828972558725,1.073511032464513,2.366538582531294,0.8948637099656381,-0.3867816396758925,-2.2335284150301806,1.715072145017451,2.0265108222329777,0.8900057735972404,-2.0787928221744507,-1.6312980402223711,-3.489957879878917,3.923518270733609,0.5223582086187187,-0.8782776051254633,1.3208977979068195,0.5058095467524585,-0.7821332476449151,-0.013905396424687405,-2.2095365251207437,-0.7854410027502507,1.6993788322874956,1.338847354359827,-0.701132443058269,-1.5941827789916982,-1.4570747821505168,-1.4780634003770068,0.9094676993156836
-2.056000359762622,1.5496495904387104,-0.1133258515007301,-2.0031506127707797,1.7596540874542455,-0.8151942021085716,-0.09749175640128512,-2.7521662416805355,0.2808544692092479,-0.38784909091324427,-1.1514300077083564,1.6764279704318767,0.10198589071106197,0.6969324194344286,-1.7584285060147535,1.1756990175721327,-0.21967848222140635,-0.4661728884820891,-0.060777697737324256,-1.4390400750443022,-0.8032179177753102,-0.4284202401761279,0.18214618395514104,0.1208004821588224,0.7152400335072177,-0.7703548388760959,0.8692057673507949,-0.6434180100288504,-0.36367878835401496,-0.7370963847196974,-1.5729115417292525,-0.5191656076655774,0.13654849780835113,1.482090296952012,-1.0329160925355845,-1.2212150881339767,-0.46670308595166515,1.2555995881627922,1.075325332874429,1.918749324654756,-2.240904864711472,-0.49249284676672345,0.40689645249030787,-0.844622517065364,-0.5508184551785521,0.5205436265510197,0.18661944375073763,1.365830404599516,0.6583036513578091,-0.7795332208373317,-0.8728003727152239,0.4845825646469733,0.9090875790201899,0.6180309944242979,0.9486534662069666,-0.6239669641653564
0.7756002232018816,-0.23283371799498123,0.16572990499869703,0.2574843097120493,-0.6892375312743857,-0.11505660154003637,-0.384517909681427,0.20469384194286916,0.12909874022372,0.3157571084895396,0.31143936658700017,-0.3352492813419604,0.028567868031323447,-0.0021604742335683477,0.5389953017931899,-0.21967848222140635,0.17736850105756227,-0.07022505736834997,-0.04537441177457316,0.323211293466084,-0.17819726093793914,0.010724822160748246,-0.014620273587979661,-0.31509004662404555,0.09248972055172927,-0.0502861192428733,-0.43432992715720725,0.022873137615963084,0.009676368010740672,0.17003654200869853,0.022780915828175673,-0.026969316910324993,-0.26116259352429677,-0.48569374108907887,0.23318964145746576,0.37093096922010044,-0.017129350053704685,-0.3947944735632171,-0.12191746833984478,-0.22692322404640308,0.5030219765761225,-0.18559189565480103,0.0687362193947192,-0.07203894344938365,0.03826305463347996,-0.17091943775097634,0.2623457835339512,-0.03731289030033462,-0.2877681868048668,0.157053502532617,0.2536276084522863,-0.19899417254872756,-0.1288286466075662,-0.3961381320603855,-0.42216961677390674,0.23437127224020113
-0.5052624901258009,-1.379766955149431,-0.9044596654902819,1.3943661667689533,0.1953287411776379,1.0741584021584871,1.5256470445755117,2.27427762907949,-0.07558974011796503,-0.9077823584827615,1.0265973261564985,-0.7669210501090905,-0.10634056206483797,-0.5771331202296619,1.0650726434439446,-0.4661728884820891,-0.07022505736834997,1.394920792277189,0.6629989031568825,0.447429009864599,2.1197090627810633,0.5710377084437065,-0.006071765209959837,0.9321654130046256,-1.4902397909158325,1.3652251449811625,0.30461983759172717,0.6704806744187815,0.5007071827755641,0.1141641717009956,1.7194288426758304,0.8935563526040652,0.6149275608065704,0.173439993812072,0.48701317369870134,0.27441253413858563,0.898144418062483,-0.22643007569519594,-0.7502015461231348,-2.2619264075627945,1.4864617552860515,0.9541088735206751,-1.129301782258919,1.3070007370461851,-0.06443670435082245,0.10929218870085532,-0.7975952192544875,-1.683768369090775,0.7049640293303975,1.124641420019377,-0.011152721627367862,0.30940114401768526,-0.8706502652681848,-0.018561788186875244,0.5154564050623736,-0.24531316710908804
-0.5927521457862318,-0.4804636448766986,-0.5012754810729356,0.40274515545840794,0.39536322249431327,0.45214905039368564,0.7309760245284063,0.7635782990326735,0.02873491276348549,-0.5284790487157205,0.359480124555205,-0.08460434109806358,-0.021899805863582013,-0.19989950362809336,0.34235644982558633,-0.060777697737324256,-0.04537441177457316,0.6629989031568825,0.3779570394373353,-0.0339909991472136,1.0166965598134006,0.19435788359623324,0.013892826597589631,0.5519481347539806,-0.6491424657226464,0.5709493465154637,0.26381640464874745,0.22974374747393184,0.21352256495867486,-0.04136360800126243,0.6701619413710029,0.3775098485533138,0.35518640537824514,0.3111650590377827,0.060483196009866055,-0.05532247196107203,0.39280469457382966,0.07972186976429638,-0.2138305051473735,-0.8649873404162027,0.45734645691963866,0.44242687963149324,-0.5441689162277521,0.5793350944405274,-0.10725253538346362,0.16379468625972096,-0.37267904980428307,-0.6780693488762801,0.4738546452940492,0.4837881377733033,-0.18047952410492432,0.26604267683839367,-0.30097482559684585,0.07131169111622955,0.4519380971656013,-0.2585975425595942
2.8608711841827805,-1.8827314703460472,0.2578495193480671,2.3931220426115707,-2.503602339333666,0.6838056600044392,-0.08405514998090988,3.127545878251643,-0.30091829825932004,0.6603065974616854,1.5254062719767665,-2.250209045749169,-0.1310990187704358,-0.725779736568785,2.231142595080198,-1.4390400750443022,0.323211293466084,0.447429009864599,-0.0339909991472136,1.9320237032524408,0.5998772826667376,0.5272355506848537,-0.13569845337100356,-0.5015512994331838,-0.7138452711602905,0.8736082715001375,-1.2155759633750467,0.7816990402532733,0.36015071768440526,0.9137174552587692,1.6401362100534569,0.5334713621591382,-0.4640290048058502,-1.949268118803253,1.415611803814438,1.6184072430320287,0.5057763392053879,-1.6593273099620574,-1.2897657754192169,-2.326745214470007,2.808506450197586,0.2806913519339856,-0.4054403330438032,0.8126840154803011,0.5993790566412551,-0.7854659541690484,0.020836870524181768,-1.4473434198601294,-0.9410491111676824,0.9790125103130344,1.2832442195779752,-0.7840502283144082,-1.1497919594201778,-1.0131813641491296,-1.4752571680828237,0.913165931754574
-0.894617891971123,-2.100910070027704,-1.3651304142875944,2.2799836477506767,0.5236101270697746,2.038778344930218,2.4362774079339484,3.839350777521354,-0.24466533028718346,-1.453725082677823,1.3574616163369813,-1.0322425399295914,-0.16964000064610033,-1.0732644073450952,1.4930272239857674,-0.8032179177753102,-0.17819726093793914,2.1197090627810633,1.0166965598134006,0.5998772826667376,3.5204387199752127,0.8677005194204401,-0.16135314481401566,1.7339054491086492,-2.376944088794968,2.0772732185851575,0.5512458398604382,1.0281729389645955,0.8482684420219928,0.23145892451907701,2.971291244720029,1.444342384539563,1.2569288060341075,0.23003392686738772,0.6076191655019584,0.36744363484969034,1.378874311845802,-0.30349644586257496,-1.222660446664046,-3.3682018412442685,2.1878340006295196,1.8383340236413177,-1.6956802933784216,2.193578282237379,0.1052180797943721,0.27088874438555927,-1.5093023393717715,-2.800789416424017,1.0494894118326805,1.5592958903951983,-0.17582415836572712,0.6074921931289908,-1.257528821322627,0.308901017817318,0.9999173630640701,-0.4296838579063622
0.3288400613825506,-0.8230266952391821,-0.2642380615748482,0.9441209769459955,-0.37901304498370975,0.5271955712628456,0.5728948204001914,1.3831783800620923,-0.09014285556623641,-0.2164930960913717,0.61948033824953,-0.6972090733959476,-0.07361169797173601,-0.342289960757278,0.7212506421252954,-0.4284202401761279,0.010724822160748246,0.5710377084437065,0.19435788359623324,0.5272355506848537,0.8677005194204401,0.33416705400314617,-0.037102843726501286,0.22788094673154158,-0.6865815012309782,0.6528910379278724,-0.0818390433289249,0.3882515242402956,0.24643788287721716,0.19188539259695606,0.9212162443800154,0.4325316999936412,0.16367049524243904,-0.28302237826974497,0.4345902831639036,0.39571357005755126,0.41425023318662885,-0.3820706054614924,-0.5074903986038863,-1.2272252468297766,0.9934517613814531,0.40796792539760585,-0.4469844737368989,0.5949606793591737,0.08142927923286626,-0.10682798176828144,-0.3183627133577923,-0.8724658851182207,0.08060889417933967,0.5453698925698887,0.23158084442894825,-0.03382266277822173,-0.5132129660958037,-0.14570592499622684,-0.08438057162608727,0.10332618351162609
-0.2602424123624238,0.1547645738267667,-0.060225041374010496,-0.2813990015947532,0.1649351888412602,-0.24437034884468717,0.020385943148805017,-0.4327816061187989,0.059277337632520216,-0.06461195519954682,-0.035187112769729044,0.12463089803653117,0.006590363846952932,0.15106341767126275,-0.16274380852606649,0.18214618395514104,-0.014620273587979661,-0.006071765209959837,0.013892826597589631,-0.13569845337100356,-0.16135314481401566,-0.037102843726501286,0.09981402351968194,-0.07714435335624294,0.08510496307901472,-0.037013579073757095,0.1112408175762819,-0.052917499216106556,-0.07238499735170076,-0.1186971504387643,-0.2983162496392973,-0.07457459571598729,-0.10348970975829898,0.23534118311477395,-0.05501105111093029,-0.14594153542185612,-0.030907758140134817,0.15812332380048835,0.1446790971872891,0.13756822822973586,-0.21848238165467523,-0.19536126686850874,-0.012294214174631155,-0.1401561143332888,-0.15506272046582187,0.022585461586369537,0.1127548487196326,0.22548402864192313,0.12959526731791945,0.0028929040531373877,-0.03738953070672938,0.01040045640349477,0.05244759891252767,-0.052943729860338386,0.05438380379727014,-0.07626849723228489
-1.7829142125333008,-0.33391413467369074,-0.8346748094523181,0.31318971939180945,1.499758873471495,1.0085388368326915,1.4662045282428746,0.9966229629033948,-0.1993228143628773,-1.1062018717114335,-0.05925969290289202,0.4063827460835203,-0.06310969561284878,-0.39175735145363033,-0.28752372154812866,0.1208004821588224,-0.31509004662404555,0.9321654130046256,0.5519481347539806,-0.5015512994331838,1.7339054491086492,0.22788094673154158,-0.07714435335624294,1.3184770103757006,-1.0162496030764774,0.7837404889674587,0.9144152757187014,0.2654331026270366,0.3261401983794018,-0.2148718356547975,1.0850644069657296,0.5744893571621239,1.0022587486667878,0.9559314122204104,-0.30729401948631596,-0.5535175594389404,0.5302868359569657,0.605541918092598,-0.18023981602325242,-0.776384826499949,-0.06806088398411121,1.068498811868873,-0.7634579118019992,0.9765092193915199,-0.03874084394957332,0.49673086442773184,-0.998387990736188,-0.9948323273918964,0.9375905540123665,0.3245210855787835,-0.6601677489483152,0.6851260649031693,-0.1774028122717038,0.8043057654744632,1.2480745772369906,-0.6590734741749065
0.2091049498503065,1.6700122259188388,0.886213772901389,-1.842429640170933,0.02244801551418094,-1.3808896170683804,-1.6715699643234068,-2.9457483286466104,0.2176071757535861,0.8939894747602305,-1.1513231421408114,1.071559820119444,0.14833341292097357,0.7831242784572241,-1.2678368846765562,0.7152400335072177,0.09248972055172927,-1.4902397909158325,-0.6491424657226464,-0.7138452711602905,-2.376944088794968,-0.6865815012309782,0.08510496307901472,-1.0162496030764774,1.6987728641282696,-1.5471491635963324,-0.2329654518797131,-0.8198866725444025,-0.5964389533145067,-0.2557885011061747,-2.149331247462454,-1.0384765045427957,-0.7176039802983676,0.07852012791060718,-0.6531324746117879,-0.47064373188627934,-1.002440810510778,0.4251347112151575,0.994403503872513,2.6162462673517317,-1.8370795330652734,-1.1946397468037366,1.1986681382580089,-1.537862140586089,-0.10771273133925337,-0.036602018805170645,0.9821361060206666,2.032727210524704,-0.5908266155487905,-1.1973674292558518,-0.1166044949558904,-0.2553798349825843,1.028954666152789,-0.031606726196547565,-0.41503537103066246,0.13680671333114405
0.13636242144699007,-1.6858865841322586,-0.7633152542456887,1.861533948157684,-0.3191488215257654,1.1979613058869518,1.4728997727327484,2.8907924773336724,-0.2584118974713416,-0.7088837488016976,1.2178811937429306,-1.2508505670840515,-0.15369634199273094,-0.7372760973603779,1.3641047483800044,-0.7703548388760959,-0.0502861192428733,1.3652251449811625,0.5709493465154637,0.8736082715001375,2.0772732185851575,0.6528910379278724,-0.037013579073757095,0.7837404889674587,-1.5471491635963324,1.4848429575142337,0.0814270943887566,0.8283993482267199,0.5362023229277326,0.3222475307533095,1.9984146409515686,0.9466062421845179,0.48998711680459317,-0.2580765237001131,0.778545768124935,0.5809947833531272,0.9397243065882134,-0.5409231288845592,-1.0142947126962063,-2.5834859917579442,1.9472879547959634,0.9976274876211687,-1.1363450574233307,1.4260139616868603,0.13953282830190783,-0.0927096578855163,-0.8077592823651006,-1.8915327952783618,0.4237157307035547,1.1989162804746847,0.3066917681222382,0.08978123024524029,-1.0648053104455284,-0.14849391809431647,0.14895307259891033,-0.021934295963727434
-2.6081821981569733,0.8127914997214796,-0.6298718631381481,-1.0996699434265547,2.205474900574133,0.10280442992662692,1.0618484701592943,-1.1377312083024764,-0.07280945313698482,-1.034242678573796,-0.8408586171078217,1.2731920662016873,-0.01872725685333459,0.19974659414792736,-1.5268447507679566,0.8692057673507949,-0.43432992715720725,0.30461983759172717,0.26381640464874745,-1.2155759633750467,0.5512458398604382,-0.0818390433289249,0.1112408175762819,0.9144152757187014,-0.2329654518797131,0.0814270943887566,1.299449140442807,-0.19124970882493425,-0.051002746853036726,-0.6536487238333668,-0.34643749267140256,0.044492430164258925,0.7296728595934664,1.686416662024084,-0.8264124537747266,-1.2137755249547302,0.05464468997669307,1.2861939641900708,0.5654552373630072,0.7340029780527662,-1.611564955938046,0.3621866173299345,-0.2477847080029612,0.07848070440413007,-0.3834421801005056,0.6237328717891487,-0.5968280705978324,0.2709862309598276,1.0729084755194644,-0.34086424813007976,-0.9347162683132609,0.716769178935499,0.4524426203713738,1.009179689010026,1.4179850205398319,-0.8253462206269323
0.6372468226937286,-1.1139292542591017,-0.26837906910949716,1.3211747448017699,-0.6246752414589218,0.6994642191579745,0.6459261568191155,1.950251475606767,-0.22582763228775687,-0.17497907315492578,0.8045188938256175,-1.0106585515227662,-0.10214680408322398,-0.49520822582274165,1.0071505138356178,-0.6434180100288504,0.022873137615963084,0.6704806744187815,0.22974374747393184,0.7816990402532733,1.0281729389645955,0.3882515242402956,-0.052917499216106556,0.2654331026270366,-0.8198866725444025,0.8283993482267199,-0.19124970882493425,0.5309864606620461,0.30765012787630863,0.3393046130230073,1.2366470420316495,0.5207972311707832,0.1388587988216947,-0.5153967168732025,0.625306711304605,0.5712295705743262,0.5075379317410688,-0.5620573152592735,-0.7213298745321349,-1.5792809140734216,1.4035397143495363,0.5283443725336002,-0.5745657125710822,0.8100629333206534,0.22282673362341662,-0.20372598787476223,-0.3834090229240307,-1.1314552695819808,-0.023373243564392802,0.6913348518926149,0.40088241406776554,-0.12418067907481065,-0.6944827899047613,-0.22431122064946668,-0.23046485608436967,0.17479045810364088
0.183583689916012,-0.6826106254670482,-0.2488006994136726,0.7978098221839176,-0.2043161260708872,0.5536633418506763,0.48741288693509766,1.2342241338795992,-0.0787744539912497,-0.21849726682262427,0.46936455073379707,-0.48112679391864555,-0.0470032968026264,-0.33336214478676174,0.6111828972558725,-0.36367878835401496,0.009676368010740672,0.5007071827755641,0.21352256495867486,0.36015071768440526,0.8482684420219928,0.24643788287721716,-0.07238499735170076,0.3261401983794018,-0.5964389533145067,0.5362023229277326,-0.051002746853036726,0.30765012787630863,0.23649977398005997,0.17309213306619128,0.866844168524637,0.379009190034068,0.23658924339801912,-0.21812352403279567,0.29043204625337593,0.289837683738354,0.35246435906497375,-0.2844660921744278,-0.4248969942838676,-0.9964661209692239,0.8228228703248732,0.45631559608417893,-0.398360126232214,0.5779362283068594,0.11335906176605214,-0.029171003878024748,-0.33071862304029837,-0.7976352809062388,0.0934094725717728,0.4419905379841108,0.10418724789572906,0.04529363754681393,-0.39997106141951955,-0.04521575770473749,0.04026830625134792,0.02429962549644895
1.489929909579225,-0.8618848583767473,0.20790990762710124,1.1613733629374126,-1.2371741421428122,0.3903837035447208,-0.17918348249041252,1.5496756402797898,-0.18229513098320457,0.4072904545810548,0.6456283786852803,-1.030377112481358,-0.04941503161786017,-0.3909488573672377,1.073511032464513,-0.7370963847196974,0.17003654200869853,0.1141641717009956,-0.04136360800126243,0.9137174552587692,0.23145892451907701,0.19188539259695606,-0.1186971504387643,-0.2148718356547975,-0.2557885011061747,0.3222475307533095,-0.6536487238333668,0.3393046130230073,0.17309213306619128,0.496335691075819,0.8182636414802833,0.21414916163277062,-0.19932114651639818,-1.0463393108528032,0.6350022434312794,0.7934512592438707,0.18467113629444148,-0.8259359190235767,-0.6241398059425773,-0.9785364850748283,1.3361376012551662,0.18844321840691763,-0.12496666283389017,0.3944810020148272,0.392135714748645,-0.3730839733350681,0.007174204365871132,-0.6808997379123952,-0.5576721267643631,0.38084944312410024,0.6012047388833264,-0.3792049003524756,-0.49691762044744137,-0.4398265567486391,-0.7283574825294985,0.45267578403661596
1.1900309381203853,-2.671754318768845,-0.7426135608411093,3.2554195734786826,-1.118155558102599,2.130940585352587,1.6970023420153093,4.985315507930889,-0.5228500446050434,-0.5991802999427082,1.7604814725035591,-2.114741501583555,-0.21634214788833603,-1.3639551001800787,2.366538582531294,-1.5729115417292525,0.022780915828175673,1.7194288426758304,0.6701619413710029,1.6401362100534569,2.971291244720029,0.9212162443800154,-0.2983162496392973,1.0850644069657296,-2.149331247462454,1.9984146409515686,-0.34643749267140256,1.2366470420316495,0.866844168524637,0.8182636414802833,3.3623076539111745,1.3808109539459708,0.7621768835857373,-1.1550741610034034,1.2644138390924324,1.264774564825352,1.2737104529978671,-1.2540964055646628,-1.7552866198992343,-3.7578369174479556,3.286575189077507,1.7177640044641254,-1.4187788288640704,2.1965432834755414,0.6500589500135437,-0.2756003553292088,-1.2344386995794219,-3.02131910156157,0.059729100143263394,1.58323354473332,0.6408766976251641,-0.02738463891991017,-1.5731528230571106,-0.19954943886091953,-0.1531080540373845,0.26287672751714
0.07441759887090167,-1.0955397713534618,-0.4933532793786703,1.2376396207876643,-0.1778164288632785,0.8744004969417745,0.9531347863871469,1.9357240741020205,-0.13518735107409421,-0.472764971649884,0.7622170712914983,-0.7539068220946182,-0.09047146654934142,-0.5134782477678527,0.8948637099656381,-0.5191656076655774,-0.026969316910324993,0.8935563526040652,0.3775098485533138,0.5334713621591382,1.444342384539563,0.4325316999936412,-0.07457459571598729,0.5744893571621239,-1.0384765045427957,0.9466062421845179,0.044492430164258925,0.5207972311707832,0.379009190034068,0.21414916163277062,1.3808109539459708,0.6448824106047434,0.41005831154631456,-0.1887582668507695,0.4593211091800505,0.38682677060225246,0.6150149424762961,-0.36506921454013536,-0.6647256545005777,-1.6674645759119204,1.2555763913362052,0.7372603344244277,-0.7144543369085585,0.9549608427061291,0.1113621963675382,-0.01970056044731842,-0.5812431012884178,-1.29482646906681,0.2751622347897964,0.752902563681575,0.13444769473182178,0.110119044971121,-0.665271810891154,-0.03589666280468131,0.15735209104161355,-0.018889758997408135
-1.4165111798506689,-0.11964475044702409,-0.5758665884830356,0.1353749900954343,1.220487475848377,0.7833965557847633,1.0672974599689022,0.6063845432088983,-0.1286160134534268,-0.8256195261219421,-0.18705051326066208,0.4376767242500397,-0.04272369927345466,-0.28034934662311006,-0.3867816396758925,0.13654849780835113,-0.26116259352429677,0.6149275608065704,0.35518640537824514,-0.4640290048058502,1.2569288060341075,0.16367049524243904,-0.10348970975829898,1.0022587486667878,-0.7176039802983676,0.48998711680459317,0.7296728595934664,0.1388587988216947,0.23658924339801912,-0.19932114651639818,0.7621768835857373,0.41005831154631456,0.8347991238216163,0.7552753979576953,-0.32769254120419644,-0.46679834068897724,0.3439968294979021,0.5048171369646002,-0.07409129169652529,-0.3927331279273051,-0.2538957844747947,0.8372605968893251,-0.4624832714253793,0.6563094358720244,-0.023489575620112304,0.41778089448827777,-0.7931849470885614,-0.6846778205311198,0.693682914721302,0.10615658577692948,-0.5781813017540418,0.559079464529153,-0.03149598318404552,0.7272286239879387,1.001070626303874,-0.491164637185607
-3.6532135606534735,1.5192862031124958,-0.7635765299881722,-2.11512352587942,3.040153070169303,-0.3723818702649826,1.0069671255034631,-2.567187870896757,0.19608896503348555,-1.2624956987214215,-1.271931049742906,2.1095852255983285,0.054133958071557534,0.5955563411364747,-2.2335284150301806,1.482090296952012,-0.48569374108907887,0.173439993812072,0.3111650590377827,-1.949268118803253,0.23003392686738772,-0.28302237826974497,0.23534118311477395,0.9559314122204104,0.07852012791060718,-0.2580765237001131,1.686416662024084,-0.5153967168732025,-0.21812352403279567,-1.0463393108528032,-1.1550741610034034,-0.1887582668507695,0.7552753979576953,2.456181412981396,-1.320604900750303,-1.793847992960249,-0.13044064736784453,1.8836472725878544,1.1199882605513565,1.5517252661765444,-2.611318049407883,0.05065094333145325,-0.117553794955526,-0.33926369056314426,-0.763197268139139,0.8994688671711848,-0.42608808578626306,0.9276028305833476,1.4782330824686793,-0.5892697778108842,-1.3882132935563327,0.9829476650062516,0.8591470485306262,1.1784038684847629,1.9047660920833354,-1.1621508185672298
1.9505483310346734,-1.4795687020931296,0.06092334172711407,1.79497340232613,-1.7661293155254267,0.5070130735968861,0.10445238069553225,2.362184159200185,-0.18925972198699775,0.3618713722871223,1.2387192517416572,-1.6908732552553385,-0.10222928242653055,-0.527552224884677,1.715072145017451,-1.0329160925355845,0.23318964145746576,0.48701317369870134,0.060483196009866055,1.415611803814438,0.6076191655019584,0.4345902831639036,-0.05501105111093029,-0.30729401948631596,-0.6531324746117879,0.778545768124935,-0.8264124537747266,0.625306711304605,0.29043204625337593,0.6350022434312794,1.2644138390924324,0.4593211091800505,-0.32769254120419644,-1.320604900750303,1.0768437900514318,1.1672407015984463,0.4604787492755301,-1.1874938584437142,-0.968935647052701,-1.9164377829379278,2.156031386171396,0.21713034449444044,-0.4326245380022953,0.6797961628864508,0.3586652397230524,-0.55767090444965,-0.010124510411230137,-1.1545941694378115,-0.5578490789425484,0.8604263216460225,0.9296024262270797,-0.5397670592158886,-0.9248519887225387,-0.7909952286167036,-1.0122303312839902,0.6135352373881665
2.6475864921674184,-1.5383011426526516,0.31447746992589953,1.9481607735100221,-2.311322852235171,0.4793316749358357,-0.35310687470098384,2.4618595342965164,-0.09848474317525228,0.7083126900322764,1.317117982176181,-1.839722206097115,-0.06721392354239303,-0.553042880131135,2.0265108222329777,-1.2212150881339767,0.37093096922010044,0.27441253413858563,-0.05532247196107203,1.6184072430320287,0.36744363484969034,0.39571357005755126,-0.14594153542185612,-0.5535175594389404,-0.47064373188627934,0.5809947833531272,-1.2137755249547302,0.5712295705743262,0.289837683738354,0.7934512592438707,1.264774564825352,0.38682677060225246,-0.46679834068897724,-1.793847992960249,1.1672407015984463,1.4585172148442453,0.35573220500417635,-1.509525734964452,-1.0309094435573567,-1.8462264403681472,2.4056746406021534,0.12836600600934223,-0.2232743285094568,0.5548029393093766,0.47909715598902053,-0.6686004500706454,0.1717350497149287,-1.1229672505476584,-0.8998678106804809,0.807413426060696,1.074300409107102,-0.6803355487284786,-0.9101216268001014,-0.9867415644819975,-1.3435883315959327,0.834418900109137
