V1,V2,V3,V4,V5,V6,V7,V8,V9,V10,V11,V12,V13,V14,V15,V16,V17,V18,V19,V20,V21,V22,V23,V24,V25,V26,V27,V28,V29,V30,V31,V32,V33,V34,V35,V36,V37,V38,V39,V40,V41,V42,V43,V44,V45,V46,V47,V48,V49,V50,V51,V52,V53,V54,V55,V56
4.505738240459466,-2.8607422249520833,0.5660625645800845,3.9525411706541336,-3.688587452627992,1.6685645357707497,-0.20393512299170474,5.422985846735289,-0.7037155926797763,1.0916082380851049,1.9710886406154422,-3.2750996883603376,-0.198930706917012,-1.4433033780607387,3.292983831480617,-2.4372078376779047,0.4286312964261774,0.5164583079126509,-0.10645348274626625,2.904357526972428,1.1892726780362237,0.7324327185775409,-0.4886479303746651,-0.36596220334338153,-1.1072302197214632,1.2023432413614532,-1.891897155044997,1.1744508282878987,0.6652612501509957,1.5871045170518066,3.0420313424267738,0.8681590209227094,-0.2873559102849222,-3.2649864329036142,1.9765125497433462,2.4921815570029047,0.7040341746284631,-2.5869172843498545,-2.1233962455430215,-3.3015605148543012,4.247537689011196,1.0016077031067732,-0.47264768481907904,1.5137755089905194,1.359605136789695,-1.097438265270099,-0.3469489296210199,-2.5221633750148427,-1.6788004416878861,1.1736407682291883,1.7923994564565533,-1.0678795408845163,-1.6170070260477705,-1.0702930659678669,-2.0804052228538823,1.392474440874286
-2.8607422249520833,3.55796021445583,0.6405530849680282,-4.032464074690827,2.820768175070318,-1.6501804908332605,-1.2694330045290865,-5.626604519617172,0.22973587322922404,0.10060044214884516,-2.9438877993084045,3.334293734094961,0.21560395840696617,1.2928836195301368,-3.8474452881102184,2.062288108414422,-0.40632078858680426,-1.9447906387482787,-0.6875858555565836,-2.6432939720650874,-2.7301474453290475,-1.1443893971537114,0.10228092689972744,-0.22410840596224332,2.2453728257989223,-2.331356868407741,1.2201881044655585,-1.519967261505217,-0.89170014495252925,-1.1367403315680926,-3.4264958071729095,-1.4650370093592482,0.0713061977749909,2.0732980271500794,-2.136865306771501,-2.182549845580862,-1.4781953658777687,2.186685285088771,2.1598944109963907,4.989033583890995,-4.825758867051281,-1.0756364690035352,1.6216203607325035,-2.1427846039076006,-0.48080366493008264,0.8011853585764676,0.5637780702269339,3.245400885962255,0.342933992542395,-2.3916007064877345,-1.4739232010253953,0.6072773617852685,2.212362792375372,1.4329421469613812,1.2466092325025864,-0.8005388699343383
0.5660625645800845,0.6405530849680282,0.7166715729951618,-0.19852244708043673,-0.063967368622072,0.19868615625986671,-0.7402167294466842,-0.19120266915405368,-0.42943202847188483,0.5872799809387642,-0.9324872172918477,0.326016006766195,-0.003083281105670158,-0.15066150323552463,-0.7630529564632953,-0.1298793007108577,-0.11373208648507105,-0.9328080765974651,-0.5017581029846904,-0.07829090243975631,-0.8499552373063975,-0.2996728484810969,-0.30053452150137144,-0.09883277221932811,0.6958300665127116,-0.7524187050505821,-0.15418744404442578,-0.2612219007942329,-0.13628423469572548,0.20950077655597815,-0.1868106021271848,-0.37128721798765607,0.1194128721748178,-0.49915012280786397,-0.31686895946642857,-0.05387932184569223,-0.5190419118563626,0.0038010809087344476,0.09467841212055317,1.3410393272947423,-0.755327394399079,0.1797851516921124,0.7485425672212991,-0.3284170185380135,0.6282181383251351,-0.04984593049718395,-0.09995950569213373,0.4585792803712304,-0.7252524367759501,-0.97968527652349,-0.011507667867519797,-0.13422370901293765,0.5214952021045899,0.6005877920312204,-0.2171779475224159,0.22493549520817435
3.9525411706541336,-4.032464074690827,-0.19852244708043673,5.25287100560012,-3.3380854559876707,2.818975240569966,1.263065616659095,7.631966781147921,-0.9641404199872278,0.2493781152348526,2.683311783478455,-3.9165940884332255,-0.32429076200454987,-2.066197791973507,4.008473728784572,-2.889833064510459,0.2683459995950922,1.6938027998453924,0.43214290063355154,3.27931391330724,3.1224284318766866,1.231189567217442,-0.5546554313445538,0.6139965758608993,-2.4502023486259126,2.413609022621347,-1.4982540150250392,1.7941504884419206,1.1231572916085522,1.7179060334267062,4.714199346624324,1.6745828279437711,0.4075008585528638,-3.0928255613788354,2.349708009543746,2.6566644039623344,1.4801421089028655,-2.707319582546094,-2.83599889630992,-5.1851090848749,5.42299473691701,2.0447066185315155,-1.4437177250950006,2.767668338460225,1.4586718150884377,-0.9768536495761592,-1.246202863699748,-4.081541155880834,-1.0901849686254648,2.0110104929693464,1.7461315949943503,-0.7643223242118424,-2.3409239682841494,-0.8314200129156772,-1.533536314285532,1.15049330252941
-3.688587452627992,2.820768175070318,-0.063967368622072,-3.3380854559876707,3.378327295171773,-0.9335026309220403,-0.07873310226726746,-4.357556146619267,0.1423269380808138,-0.6820787404277335,-2.449318568684898,3.0775271383085543,0.1414423991912447,0.9510978775148462,-3.456230271350182,1.9235716973411348,-0.5396868162110786,-0.9891186077657212,-0.20487420610151238,-2.5851243623303666,-1.2624136251473963,-0.8015683581003086,0.12347321590417691,0.563381771650288,1.2457005901442404,-1.4305679359950216,1.6705024501315573,-1.1182392565125152,-0.581078770581689,-1.1799470464079531,-2.3775407832075137,-0.8854582318521523,0.6022407142789207,2.507884784443883,-1.9780771553696694,-2.2459698464630318,-0.8894387792408193,2.294720804527849,1.778150224968906,3.674110017211557,-4.1698345108426205,-0.38556161894717245,0.8346485684129569,-1.269989026365862,-0.5797094820753157,0.9871660575377583,-0.06840389661323866,2.211378139330869,0.9986094692542421,-1.7322026894656037,-1.6526851510012661,0.9389200264091715,1.7334733682104329,1.6186746022129415,1.8496453796554648,-1.1244384712949231
1.6685645357707497,-1.6501804908332605,0.19868615625986671,2.818975240569966,-0.9335026309220403,2.4108472880449305,0.7617256145236467,4.54552734218083,-1.1354218310307247,0.11232563023944778,0.3294061983454915,-1.4815183490883752,-0.22023735384989518,-1.5447406270365802,1.0939997298993298,-1.6408371276444533,-0.18850992972217626,0.42559119227445164,-0.00765038356104236,1.3679926338398034,1.8167838146950612,0.47601801607631083,-0.7074553074868212,1.0526329388757527,-1.175454407204644,0.9288333450543534,-0.40895989811345773,0.8349472557925967,0.6619881249420285,1.0322129294756603,3.034220816508278,0.8491662123123443,1.0119920411311218,-1.6511566026616473,0.705935134125779,1.0323872734928718,0.5366685482333916,-1.0848110686315966,-1.5412741690739973,-1.7453074260231884,2.007179539911659,2.004604647434896,-0.38345630502989725,1.7305463137655965,1.490139251192866,-0.26750019440164635,-1.4359568747587657,-2.3187889682440512,-0.8374867749581362,0.1490544266352471,0.5059180262223365,-0.12865309747883993,-0.7701353034772005,0.7702703576385602,-0.2865841005856252,0.4748647793892508
-0.20393512299170474,-1.2694330045290865,-0.7402167294466842,1.263065616659095,-0.07873310226726746,0.7617256145236467,1.2826403391434513,1.9554534232387388,-0.08502870070612528,-0.6993269314714733,1.0233300612788956,-0.8896512503649007,-0.11351870310165145,-0.44954793269351806,1.0137465669901586,-0.4404080885548666,-0.04226491898249802,1.1888138003604065,0.5191840616844242,0.5648365038264276,1.6522948387059446,0.5320012154529462,0.06712016365639158,0.5947686238868947,-1.2556691809529574,1.224796286028126,0.18614709196577162,0.6325602738940335,0.3929792349123836,0.12236098530013836,1.3828826817441255,0.746361507158415,0.33604999471628955,0.058139035179145364,0.5812750458088125,0.34078755341569983,0.7806738760934181,-0.29365738198480806,-0.6891725291310224,-2.0759815030862785,1.4200380546419726,0.6441600835138296,-0.980496924726012,1.053319552794579,-0.09380243246878495,-0.02652530776307853,-0.5647542804471888,-1.3866256897179918,0.5389252655263108,1.0469615336533458,0.17746192371345607,0.12361712463832299,-0.8426925610780134,-0.1932642477800301,0.22442982202112846,-0.1099359894057157
5.422985846735289,-5.626604519617172,-0.19120266915405368,7.631966781147921,-4.357556146619267,4.54552734218083,1.9554534232387388,11.331718499852057,-1.7198930095770557,0.29341184796939385,3.3697202908491963,-5.38375046305784,-0.4987968881888442,-3.218748728079478,5.296063566155245,-4.2248634434501,0.21148854350303484,2.2781200625868587,0.5447920250729044,4.553893433037476,4.665710852735942,1.7052436557610655,-0.9877371190216057,1.2928960748568625,-3.5337868530361156,3.378437791611455,-1.931599201761491,2.5636991055673426,1.6665198498372502,2.534380806603754,7.1178568320857725,2.427945641878881,0.9954713503398649,-4.4236367209005865,3.1426688885604954,3.6313998792056967,2.0534372598631436,-3.7127478884335265,-4.133733431941051,-7.076656050248432,7.441060788166536,3.432699258084388,-1.9629324446525178,4.183400818513945,2.4488586793837013,-1.2804059412631683,-2.2121913697416087,-6.019666697698529,-1.6500020830719475,2.502372210307121,2.31250421323201,-0.9535493788829564,-3.184612862058725,-0.6012585862816512,-1.9179553192065424,1.5633022354263553
-0.7037155926797763,0.22973587322922404,-0.42943202847188483,-0.9641404199872278,0.1423269380808138,-1.1354218310307247,-0.08502870070612528,-1.7198930095770557,0.8444311284591342,-0.2556628227001009,0.5317859482004216,0.35031876315024757,0.1211301660877793,0.730628422594931,0.24407026840330182,0.6711114986435753,0.24137056252345884,0.3389525647333907,0.28617498082140685,-0.4295926583587163,-0.2866843561139043,-0.01937681774260912,0.43248937436493834,-0.4904018968781277,0.11587367877613747,-0.0024815007756321893,0.05141238845914192,-0.21589893480711608,-0.17474393070701946,-0.48827208885274775,-1.1266849869805386,-0.13722275495779762,-0.5530414046239065,0.7628077108919029,-0.053203358143742815,-0.23210153130114575,0.06800309482413644,0.2686140362774209,0.5534172963567398,-0.12962885869461677,-0.19426199370723568,-0.988024744050485,-0.2206464043192286,-0.5686687669302936,-0.9848663124749156,0.10291841949111773,0.7619330632988252,0.6623820101538136,0.6567874368742469,0.5672010888027462,-0.15364499932266765,0.08962719162907756,-0.008926374973636008,-0.8268035754634552,0.10780671395077393,-0.23411844993909023
1.0916082380851049,0.10060044214884516,0.5872799809387642,0.2493781152348526,-0.6820787404277335,0.11232563023944778,-0.6993269314714733,0.29341184796939385,-0.2556628227001009,0.6283637295211726,-0.27983521511483606,-0.21863666743775173,-0.0038807830028799706,-0.16616199487446628,0.014603092697146906,-0.34795279899720954,0.051171106693132226,-0.6075099940957263,-0.36160937332971527,0.33465047870685427,-0.6212488336463834,-0.13780342497111456,-0.204718524504117,-0.30662510099332924,0.44243790338089706,-0.42531020222509064,-0.45777394224301876,-0.07228758188791626,-0.05642930236912767,0.3225362233775921,0.03596879455682094,-0.21177332412428027,-0.13694001588649152,-0.7860548488441301,0.07858135786913988,0.3298554883733164,-0.29932953016155167,-0.37851924939886755,-0.1365432362486111,0.515155697920612,0.06712053212706728,0.02183503667650949,0.48116309013936054,-0.179079618001472,0.4904702836044493,-0.21894607449728146,0.09265361865579551,0.15059594586864417,-0.7303381917302765,-0.4516420066208084,0.2823312850881786,-0.29265362434848563,0.14621854425698397,0.0606104449004165,-0.5418980933731141,0.371234262445694
1.9710886406154422,-2.9438877993084045,-0.9324872172918477,2.683311783478455,-2.449318568684898,0.3294061983454915,1.0233300612788956,3.3697202908491963,0.5317859482004216,-0.27983521511483606,3.1206103906096416,-2.7182445559827384,-0.09197608955686758,-0.4480681442438423,3.626757083125297,-1.2146332290795148,0.5776954263441243,2.0002908970037128,0.8389828609164216,2.0127445453213975,2.031955304941604,0.9942171475923465,0.34563506339286554,-0.3451828387413065,-1.837962516617915,2.0664182434796556,-1.050271888830741,1.1666425469008888,0.5981550118536642,0.5683825890474892,1.9248663241880337,1.1388047597755322,-0.6692384698571254,-1.1613501264106714,1.9047766137060724,1.7397761901943323,1.3567782970538342,-1.7070983837783764,-1.411841604821635,-4.540492324199154,4.115352954066756,-0.04448387399997803,-1.6337305123184824,1.332846622641852,-0.48052008082848385,-0.6720531963146472,0.2584137397699046,-2.200640210511456,0.2607711726774114,2.6450545742797855,1.2513779437977668,-0.5271682188175129,-1.993094909127498,-2.0889851612947883,-1.103368513934584,0.5301212235821066
-3.2750996883603376,3.334293734094961,0.326016006766195,-3.9165940884332255,3.0775271383085543,-1.4815183490883752,-0.8896512503649007,-5.38375046305784,0.35031876315024757,-0.21863666743775173,-2.7182445559827384,3.3689954028911835,0.22239617806333728,1.2480521863708192,-3.643573826059926,2.0984479408823056,-0.40368732342758745,-1.5528837948309033,-0.44928479922712633,-2.7357377104586247,-2.170481363475623,-1.0436868148511622,0.13083193677098104,0.05853270676067943,1.8983428906471758,-2.03978841327782,1.3683277265152385,-1.4324171000318493,-0.7822461225640386,-1.2113848031774155,-3.1521544478863865,-1.2663136928168321,0.25130952630238435,2.3196489241480007,-2.1418453935543718,-2.2417324869010273,-1.2614578809773596,2.2604329926083366,2.1070741495298257,4.530925385502522,-4.618431237751644,-0.8981967580419619,1.3189852311022099,-1.8793905646913052,-0.6325456288953574,0.9248784920410817,0.41663366266399643,2.926434713742697,0.6705381256509921,-2.08989998162236,-1.626616861591627,0.7901752771477022,2.069566777143231,1.4197166342457526,1.5393758957506545,-0.9735916834859127
-0.198930706917012,0.21560395840696617,-0.003083281105670158,-0.32429076200454987,0.1414423991912447,-0.22023735384989518,-0.11351870310165145,-0.4987968881888442,0.1211301660877793,-0.0038807830028799706,-0.09197608955686758,0.22239617806333728,0.031054609650081975,0.15274006824951647,-0.15116780568717525,0.1790075443370852,0.018732389231161526,-0.07619001340590813,-0.0031404908083084567,-0.18921399914071596,-0.18824205938507863,-0.07253746583055783,0.04861115945770908,-0.07538458624959687,0.14807087980905542,-0.14142592442903973,0.044594852063621765,-0.11422886818881223,-0.06685237203040137,-0.10714065422314147,-0.3136804100574294,-0.10046401266924569,-0.06592279432843837,0.17251715829575348,-0.12246278142548989,-0.129891457044069,-0.07843885127441085,0.13165324949257823,0.17995277771664467,0.2613045714096791,-0.2643488017629196,-0.17483533920338373,0.07084329278740051,-0.18466314263124217,-0.13233939228760483,0.053634281888021954,0.13224682089063378,0.252201935169817,0.07660411538744064,-0.06309964735507069,-0.09647380057733623,0.04044354714741144,0.12162642561654924,-0.0329551656567219,0.06746474002445384,-0.0635406864436987
-1.4433033780607387,1.2928836195301368,-0.15066150323552463,-2.066197791973507,0.9510978775148462,-1.5447406270365802,-0.44954793269351806,-3.218748728079478,0.730628422594931,-0.16616199487446628,-0.4480681442438423,1.2480521863708192,0.15274006824951647,1.038002373587824,-1.0168091836805386,1.2079444000524733,0.06110629035324072,-0.33496986418667146,0.001193119769882052,-1.125094606543604,-1.185941380803059,-0.36607358593906814,0.4377252504734181,-0.5537381046189227,0.8190964559203284,-0.7035886431964196,0.43433394677995146,-0.6277888014694861,-0.45221215713659324,-0.7625438362242172,-2.0745798355157823,-0.592765052647535,-0.524506455836129,1.2894532060716182,-0.6514541966414383,-0.8704186909371388,-0.40618099365211885,0.9077494221465913,1.1279867713942864,1.4254012402194898,-1.6566106590580612,-1.2392910420742669,0.30769477653443805,-1.171853629867187,-0.9836359194015529,0.28583778527135506,0.8520389165863321,1.6178607878466278,0.6428367095914609,-0.25699582459770604,-0.5095569372249394,0.20248776183136924,0.6504504348533255,-0.2912298923812957,0.4039570315665709,-0.42208240200460023
3.292983831480617,-3.8474452881102184,-0.7630529564632953,4.008473728784572,-3.456230271350182,1.0939997298993298,1.0137465669901586,5.296063566155245,0.24407026840330182,0.014603092697146906,3.626757083125297,-3.643573826059926,-0.15116780568717525,-1.0168091836805386,4.615815632284362,-2.0310231865246795,0.6812344922227083,2.1736299251035494,0.8366199711869647,2.854587666196808,2.600153811933522,1.2057277841079812,0.10374442966720064,-0.24907485864577714,-2.245995663254355,2.442573702297663,-1.6000658051038312,1.5339766705995281,0.8612887121603033,1.1045154253090812,3.0946803107420595,1.4585019579610476,-0.5684732175418896,-2.1995405158806047,2.433960919611794,2.4828615153071234,1.5881350826130765,-2.487173797045943,-2.120776329826952,-5.535793506807129,5.423187372709269,0.5034461695725129,-1.7890103773513104,1.9471315529023818,0.06643680773129215,-0.9428499425871856,-0.016151305111491168,-3.1388214763145155,-0.2683842039834026,2.9421560199351138,1.7034199248649393,-0.7679752464226957,-2.4608931646412824,-2.238836941465135,-1.6089139665893317,0.9118836099911828
-2.4372078376779047,2.062288108414422,-0.1298793007108577,-2.889833064510459,1.9235716973411348,-1.6408371276444533,-0.4404080885548666,-4.2248634434501,0.6711114986435753,-0.34795279899720954,-1.2146332290795148,2.0984479408823056,0.1790075443370852,1.2079444000524733,-2.0310231865246795,1.6731145688211637,-0.12529836150547874,-0.6417923286639134,-0.08100926623547224,-1.8230027182380806,-1.467522183328515,-0.5882401341050231,0.41130556556563097,-0.30167424337795845,1.1390519075858547,-1.1015343154700152,0.9152076001904087,-0.9185048043770608,-0.586476299078671,-1.0413539564348786,-2.5840361503140743,-0.8150816261583854,-0.2563189441176864,1.9216516593675612,-1.220758288578189,-1.4886031425279198,-0.6587980744429418,1.5351122814225728,1.562862435757965,2.4767788462529734,-2.820364763129291,-1.1980105275846862,0.56325221911832,-1.4433799437510573,-1.0260331604445594,0.5690719353618893,0.716592119446877,2.141063908310615,0.8617784493221188,-0.816575838405429,-0.982397780072141,0.47870453437244787,1.1463429390827926,0.29136062046560085,0.9468333928001769,-0.7262824794734996
0.4286312964261774,-0.40632078858680426,-0.11373208648507105,0.2683459995950922,-0.5396868162110786,-0.18850992972217626,-0.04226491898249802,0.21148854350303484,0.24137056252345884,0.051171106693132226,0.5776954263441243,-0.40368732342758745,0.018732389231161526,0.06110629035324072,0.6812344922227083,-0.12529836150547874,0.17555671321536376,0.2632391174625676,0.12782171172800824,0.30077821732466015,0.12175081481179925,0.11735413607642511,0.10633071520317623,-0.2429776757777011,-0.16159316398851947,0.22738194856399957,-0.2864248892582592,0.11547629836639442,0.04571565301638562,0.05891558184634767,0.058123427527806075,0.10121282978773428,-0.2742490150689777,-0.2080772612289593,0.31245282691988363,0.3144628001700452,0.16521873579752344,-0.3139862223773973,-0.12946282386856847,-0.6499769222369058,0.6582972136080241,-0.2367777618192618,-0.205363182327403,0.042149144769698194,-0.19536880105333332,-0.1333647825425493,0.2556509836707412,-0.16956339043129873,0.020662973401160856,0.46693493569285044,0.2283638119182692,-0.13003900431714013,-0.2911290635718812,-0.5366547301082082,-0.28289063638087264,0.11728938497855317
0.5164583079126509,-1.9447906387482787,-0.9328080765974651,1.6938027998453924,-0.9891186077657212,0.42559119227445164,1.1888138003604065,2.2781200625868587,0.3389525647333907,-0.6075099940957263,2.0002908970037128,-1.5528837948309033,-0.07619001340590813,-0.33496986418667146,2.1736299251035494,-0.6417923286639134,0.2632391174625676,1.6292113954349188,0.7415427026996273,1.0576643482511088,1.846410387510488,0.7194166735650792,0.2495450436008341,0.1796347528181434,-1.5136793729763673,1.5951335034024747,-0.3066770407533809,0.8166138888283677,0.4665098917896178,0.21837798703387828,1.459392381846938,0.9081860149056281,-0.13620239916565602,-0.2892448255132792,1.0996310914751792,0.8673660013232873,1.053817378052887,-0.8205402478683088,-0.8945510385199639,-3.1577734335864527,2.5270520769313487,0.22930067335148344,-1.3251964030881331,1.1137173741901731,-0.43296658552028955,-0.24694845150926692,-0.11475274940523587,-1.6562433491880821,0.576475200053203,1.8387751748533887,0.5547873622745484,-0.09213376406137092,-1.326745224817445,-1.1138507418961068,-0.25044485047602355,0.08184151212188003
-0.10645348274626625,-0.6875858555565836,-0.5017581029846904,0.43214290063355154,-0.20487420610151238,-0.00765038356104236,0.5191840616844242,0.5447920250729044,0.28617498082140685,-0.36160937332971527,0.8389828609164216,-0.44928479922712633,-0.0031404908083084567,0.001193119769882052,0.8366199711869647,-0.08100926623547224,0.12782171172800824,0.7415427026996273,0.38759948769289765,0.2447238177607415,0.7519056809618428,0.2629577693333824,0.17851582577823336,0.07703678411007238,-0.5993040490761827,0.6397965878178118,-0.034422360144709306,0.26978212271098284,0.15834027064552494,-0.03619362299353784,0.37850738312593885,0.3419502872836479,-0.09194550518767226,0.13237388969943492,0.3597867863065711,0.21739296357305238,0.43950349210646406,-0.18973580975026255,-0.2204397756749935,-1.235750842909776,0.88449691439994,-0.04123758931052706,-0.6005638016286111,0.37200700821093924,-0.36523936400840673,-0.025130684635707792,0.048242384481656436,-0.5402835810729179,0.4249711545150203,0.8238162234168007,0.11233810278597284,0.04326337027518788,-0.49918723706035695,-0.5257951670780029,0.036638373774693776,-0.08347017103195233
2.904357526972428,-2.6432939720650874,-0.07829090243975631,3.27931391330724,-2.5851243623303666,1.3679926338398034,0.5648365038264276,4.553893433037476,-0.4295926583587163,0.33465047870685427,2.0127445453213975,-2.7357377104586247,-0.18921399914071596,-1.125094606543604,2.854587666196808,-1.8230027182380806,0.30077821732466015,1.0576643482511088,0.2447238177607415,2.2771065689204755,1.6486200420151778,0.7998140137830084,-0.2165091140855934,-0.028427154747979678,-1.4309313612098615,1.5171966875068865,-1.1872798870343642,1.1393156042885186,0.6375726855949393,1.0895752371014393,2.666981210434654,0.9818853742390675,-0.13034575664091697,-2.1028175813666365,1.7022563409261031,1.8732638133363895,0.9261769797609616,-1.904368555598943,-1.7665354125408246,-3.451948542654574,3.6868955953095246,0.8669091715547952,-0.9062400280624824,1.5292272949254193,0.7358666495618328,-0.7783126772549439,-0.4231475660349556,-2.3847121164667064,-0.7680809696826375,1.4765789570634942,1.3457461564721103,-0.6823683365630527,-1.5958208526566129,-0.9859812889279618,-1.3268142091612047,0.8755146370863139
1.1892726780362237,-2.7301474453290475,-0.8499552373063975,3.1224284318766866,-1.2624136251473963,1.8167838146950612,1.6522948387059446,4.665710852735942,-0.2866843561139043,-0.6212488336463834,2.031955304941604,-2.170481363475623,-0.18824205938507863,-1.185941380803059,2.600153811933522,-1.467522183328515,0.12175081481179925,1.846410387510488,0.7519056809618428,1.6486200420151778,2.9052283236097285,0.9479292603208868,-0.17110244817834594,0.8865635222670576,-2.1520866005074644,2.0530756550276417,-0.4229947502953082,1.223976580098842,0.8335663866802785,0.7346283495516756,3.1177786074880025,1.3685456777838538,0.5456841770897098,-1.0640017155076877,1.3518090911785758,1.3097561818264674,1.3250056702946063,-1.291121430713803,-1.6740650814745526,-3.9534138438482005,3.4254971086853403,1.4206405436234033,-1.5112072199414202,2.070813990310783,0.3903179455641771,-0.3051976340577492,-0.9872259841666146,-2.906758364435481,0.1873779448319128,1.8251066405402243,0.6925717267855709,-0.06314144371877332,-1.656404708067998,-0.5343647855807522,-0.2364596376395924,0.2589228607732824
0.7324327185775409,-1.1443893971537114,-0.2996728484810969,1.231189567217442,-0.8015683581003086,0.47601801607631083,0.5320012154529462,1.7052436557610655,-0.01937681774260912,-0.13780342497111456,0.9942171475923465,-1.0436868148511622,-0.07253746583055783,-0.36607358593906814,1.2057277841079812,-0.5882401341050231,0.11735413607642511,0.7194166735650792,0.2629577693333824,0.7998140137830084,0.9479292603208868,0.40435927694304075,0.012056367387650202,0.0861721384096875,-0.7915459392696003,0.8176095270289935,-0.305503954292003,0.4983312181220973,0.2864161281743765,0.2940883010599836,1.0545716667299647,0.502275640422841,-0.017058419720279924,-0.518764729338556,0.6813234253070735,0.6457967110047593,0.5212980116281872,-0.6361616930257564,-0.6587425936368151,-1.6822821145174658,1.5103250492933016,0.3086124119232955,-0.586141503178333,0.6833081450435239,0.04686042959749577,-0.22907663702071115,-0.18357405411658204,-1.039799786146392,0.017718198481185256,0.8376661487058968,0.4372154645617061,-0.15716376494345297,-0.7326158488091812,-0.4787998739217763,-0.32556357737291713,0.2089313485880868
-0.4886479303746651,0.10228092689972744,-0.30053452150137144,-0.5546554313445538,0.12347321590417691,-0.7074553074868212,0.06712016365639158,-0.9877371190216057,0.43248937436493834,-0.204718524504117,0.34563506339286554,0.13083193677098104,0.04861115945770908,0.4377252504734181,0.10374442966720064,0.41130556556563097,0.10633071520317623,0.2495450436008341,0.17851582577823336,-0.2165091140855934,-0.17110244817834594,0.012056367387650202,0.30664672723709635,-0.29517787958925507,0.02833024430723566,0.08205661131605231,0.1025175055419841,-0.07766170147078748,-0.11661538668331499,-0.30405457457000606,-0.6761167322662099,-0.0695002236945761,-0.36708342740201366,0.5218625059979812,0.021562618332169103,-0.16803360404823478,0.07342292551279145,0.19968419258049067,0.30625902297051805,-0.15740166875981573,-0.1035685375586601,-0.6127111040198403,-0.19897476912124418,-0.30747520045335186,-0.6013131784821053,0.03260855114113968,0.4363784805486162,0.391309732566862,0.43612472861394147,0.3789143724328896,-0.038319662531239425,0.023056545689788512,-0.057211804922857774,-0.4977870462348721,0.0540189172511639,-0.1545811536013782
-0.36596220334338153,-0.22410840596224332,-0.09883277221932811,0.6139965758608993,0.563381771650288,1.0526329388757527,0.5947686238868947,1.2928960748568625,-0.4904018968781277,-0.30662510099332924,-0.3451828387413065,0.05853270676067943,-0.07538458624959687,-0.5537381046189227,-0.24907485864577714,-0.30167424337795845,-0.2429776757777011,0.1796347528181434,0.07703678411007238,-0.028427154747979678,0.8865635222670576,0.0861721384096875,-0.29517787958925507,0.8327158401349042,-0.4610836959966383,0.27224516637535146,0.32773617497076385,0.18822620252561859,0.23699481324400043,0.17015340850969018,1.0538300173757666,0.30465819268442523,0.7526137699781635,-0.026161074740589492,-0.15132717744294188,-0.10875086544765072,0.16284170766255746,0.1052246598806121,-0.34585651540915374,-0.18516956486544314,0.03930927931445998,0.9986180546163361,-0.15944128921478723,0.693507936113597,0.5162517260266642,0.1829494877671491,-0.8231779704132519,-0.7623786633249822,0.02713199840472486,-0.20255671998652713,-0.24615953830541495,0.27143114332295454,-0.025577794138734396,0.8003240643636175,0.4955587546407118,-0.15526642837808374
-1.1072302197214632,2.2453728257989223,0.6958300665127116,-2.4502023486259126,1.2457005901442404,-1.175454407204644,-1.2556691809529574,-3.5337868530361156,0.11587367877613747,0.44243790338089706,-1.837962516617915,1.8983428906471758,0.14807087980905542,0.8190964559203284,-2.245995663254355,1.1390519075858547,-0.16159316398851947,-1.5136793729763673,-0.5993040490761827,-1.4309313612098615,-2.1520866005074644,-0.7915459392696003,0.02833024430723566,-0.4610836959966383,1.6856421234156982,-1.680402640966978,0.4317952308981301,-0.9966277520828165,-0.6197684365521218,-0.5580574410477954,-2.2838051604535603,-1.0627804222215014,-0.19749155863278026,0.8670998415605476,-1.2209109177080526,-1.1355682905898945,-1.0778611881013147,1.1135526788928003,1.3137238065395718,3.3116906147217358,-2.8775647909837883,-0.8596820729336248,1.2416885408160327,-1.5254614333800263,-0.15485172433133232,0.3365677623457845,0.5755897706265874,2.2044640067159538,-0.16118719111405128,-1.6155546219827965,-0.6974751608000781,0.16291537059446376,1.412796406965885,0.7100401185569477,0.3781961211093029,-0.27571862941202396
1.2023432413614532,-2.331356868407741,-0.7524187050505821,2.413609022621347,-1.4305679359950216,0.9288333450543534,1.224796286028126,3.378437791611455,-0.0024815007756321893,-0.42531020222509064,2.0664182434796556,-2.03978841327782,-0.14142592442903973,-0.7035886431964196,2.442573702297663,-1.1015343154700152,0.22738194856399957,1.5951335034024747,0.6397965878178118,1.5171966875068865,2.0530756550276417,0.8176095270289935,0.08205661131605231,0.27224516637535146,-1.680402640966978,1.7484411333817453,-0.5082407540408039,1.0220645135241555,0.5860284025543115,0.5287094948772659,2.1158438250507934,1.0474285773728054,-0.016485093727098415,-0.853152117134702,1.3486155792546357,1.2035821150857107,1.11839691554222,-1.1745302783419176,-1.2946778403774257,-3.5009104697295337,3.0445886395837767,0.6175480051410963,-1.3223627973937624,1.4452092757989938,-0.0030436120920316685,-0.4078294551576291,-0.3810966138412861,-2.1235828230889218,0.20990575545764562,1.8065586559212237,0.8138925558964197,-0.24693269964253384,-1.5138049611759428,-0.9882916293560056,-0.5185141770710645,0.3063406917665063
-1.891897155044997,1.2201881044655585,-0.15418744404442578,-1.4982540150250392,1.6705024501315573,-0.40895989811345773,0.18614709196577162,-1.931599201761491,0.05141238845914192,-0.45777394224301876,-1.050271888830741,1.3683277265152385,0.044594852063621765,0.43433394677995146,-1.6000658051038312,0.9152076001904087,-0.2864248892582592,-0.3066770407533809,-0.034422360144709306,-1.1872798870343642,-0.4229947502953082,-0.305503954292003,0.1025175055419841,0.32773617497076385,0.4317952308981301,-0.5082407540408039,0.8866596358015958,-0.4509011987593637,-0.24679707528501726,-0.5899099434608401,-1.0301949542196975,-0.33486422271950134,0.3102146559627099,1.2957041092679804,-0.8730693852343205,-1.0788332938335603,-0.3210126029792321,1.1157235808513553,0.7917638822437696,1.5024869605539506,-1.883528633890554,-0.1477330011010964,0.2582431841285683,-0.5022209692814823,-0.3363046586623805,0.46938063691569315,-0.0985500746405492,0.9293179048016079,0.5987150046954756,-0.6924459481087228,-0.7673413717616197,0.46341216595714074,0.7226879506611135,0.7538649919466823,0.9328562307300753,-0.5711673290613566
1.1744508282878987,-1.519967261505217,-0.2612219007942329,1.7941504884419206,-1.1182392565125152,0.8349472557925967,0.6325602738940335,2.5636991055673426,-0.21589893480711608,-0.07228758188791626,1.1666425469008888,-1.4324171000318493,-0.11422886818881223,-0.6277888014694861,1.5339766705995281,-0.9185048043770608,0.11547629836639442,0.8166138888283677,0.26978212271098284,1.1393156042885186,1.223976580098842,0.4983312181220973,-0.07766170147078748,0.18822620252561859,-0.9966277520828165,1.0220645135241555,-0.4509011987593637,0.6800454240151468,0.39642537986424103,0.5087349964104538,1.5791748088050688,0.6490193249650242,0.05802035995172524,-0.884205969684265,0.8982137906343445,0.9013994659082927,0.6347607469255323,-0.9014592234999017,-0.9693606781866455,-2.106741855522054,2.0145010681500337,0.5843167198799263,-0.6913198550668583,0.9897636407365289,0.2974513468682627,-0.33521985540304955,-0.3622189967527198,-1.4535790128868606,-0.16489774104326582,0.9492672857974337,0.6215726687323805,-0.24687778555380993,-0.9376340676494683,-0.47071633529109647,-0.48779945453937024,0.3331530233968741
0.6652612501509957,-0.89170014495252925,-0.13628423469572548,1.1231572916085522,-0.581078770581689,0.6619881249420285,0.3929792349123836,1.6665198498372502,-0.17474393070701946,-0.05642930236912767,0.5981550118536642,-0.7822461225640386,-0.06685237203040137,-0.45221215713659324,0.8612887121603033,-0.586476299078671,0.04571565301638562,0.4665098917896178,0.15834027064552494,0.6375726855949393,0.8335663866802785,0.2864161281743765,-0.11661538668331499,0.23699481324400043,-0.6197684365521218,0.5860284025543115,-0.24679707528501726,0.39642537986424103,0.27013691074964385,0.33087228627479215,1.077075256727603,0.4119373718888155,0.1669871444360705,-0.5550844902362736,0.46944663819656973,0.51884514353455,0.37074814433568504,-0.5246518312691657,-0.6032905191791937,-1.1953756790862373,1.1597120166993498,0.5050727922785787,-0.38506475761785103,0.6621579697257715,0.2677427332578028,-0.1543743296800941,-0.32882560801766114,-0.9520310863525243,-0.12231599200485127,0.48760606639208964,0.2989590519509093,-0.09023969651828401,-0.5171698142688522,-0.14067877463099793,-0.20589257455541674,0.17923102428917898
1.5871045170518066,-1.1367403315680926,0.20950077655597815,1.7179060334267062,-1.1799470464079531,1.0322129294756603,0.12236098530013836,2.534380806603754,-0.48827208885274775,0.3225362233775921,0.5683825890474892,-1.2113848031774155,-0.10714065422314147,-0.7625438362242172,1.1045154253090812,-1.0413539564348786,0.05891558184634767,0.21837798703387828,-0.03619362299353784,1.0895752371014393,0.7346283495516756,0.2940883010599836,-0.30405457457000606,0.17015340850969018,-0.5580574410477954,0.5287094948772659,-0.5899099434608401,0.5087349964104538,0.33087228627479215,0.6755205614827631,1.5357212304462557,0.4230081628439664,0.17333068974426888,-1.2621887591962788,0.6818118418393242,0.8928141027298957,0.3035936790078752,-0.9312199216210064,-0.9318061398109234,-1.2560923740835337,1.5831591591935095,0.7602602151227238,-0.21012812047984283,0.8220967407862201,0.7431090139882707,-0.3541884616789697,-0.44809178242361714,-1.2152905023981713,-0.6585579950973742,0.32039972148993184,0.5941099089348321,-0.31514498959363335,-0.6010408324377557,-0.07265002495165135,-0.6145455190426637,0.4771072905003069
3.0420313424267738,-3.4264958071729095,-0.1868106021271848,4.714199346624324,-2.3775407832075137,3.034220816508278,1.3828826817441255,7.1178568320857725,-1.1266849869805386,0.03596879455682094,1.9248663241880337,-3.1521544478863865,-0.3136804100574294,-2.0745798355157823,3.0946803107420595,-2.5840361503140743,0.058123427527806075,1.459392381846938,0.37850738312593885,2.666981210434654,3.1177786074880025,1.0545716667299647,-0.6761167322662099,1.0538300173757666,-2.2838051604535603,2.1158438250507934,-1.0301949542196975,1.5791748088050688,1.077075256727603,1.5357212304462557,4.569299696154998,1.561567898739122,0.8512750260267553,-2.5934076844304776,1.8063832071237436,2.1141732105890476,1.2953514676431368,-2.161803092452542,-2.5528565274286916,-4.308202152708247,4.441266715323225,2.359689969227377,-1.2432302966251871,2.7137476526791353,1.573613631891704,-0.67833275716004,-1.5775813530163063,-3.841331587330628,-0.9192993992198034,1.462064745181911,1.2610154432328573,-0.44825475511698665,-1.9068966471715716,-0.11749492393653266,-0.9382976598253242,0.8577268912792549
0.8681590209227094,-1.4650370093592482,-0.37128721798765607,1.6745828279437711,-0.8854582318521523,0.8491662123123443,0.746361507158415,2.427945641878881,-0.13722275495779762,-0.21177332412428027,1.1388047597755322,-1.2663136928168321,-0.10046401266924569,-0.592765052647535,1.4585019579610476,-0.8150816261583854,0.10121282978773428,0.9081860149056281,0.3419502872836479,0.9818853742390675,1.3685456777838538,0.502275640422841,-0.0695002236945761,0.30465819268442523,-1.0627804222215014,1.0474285773728054,-0.33486422271950134,0.6490193249650242,0.4119373718888155,0.4230081628439664,1.561567898739122,0.6819361602489138,0.15637782633344363,-0.6888569768805127,0.7982031011833043,0.7875121384114008,0.6688228815328477,-0.7808933848836035,-0.8982086612291227,-2.096736862537872,1.8926772330433639,0.6258823683278643,-0.7456773990238916,1.0093551947102053,0.20419056890087758,-0.2399629500955253,-0.4110058214501623,-1.4650092953510028,-0.0033846218595679684,0.9751869385342679,0.47989652572537256,-0.1320187172407313,-0.9008240888616121,-0.4078586264629459,-0.2975519392164019,0.22813732506255788
-0.2873559102849222,0.0713061977749909,0.1194128721748178,0.4075008585528638,0.6022407142789207,1.0119920411311218,0.33604999471628955,0.9954713503398649,-0.5530414046239065,-0.13694001588649152,-0.6692384698571254,0.25130952630238435,-0.06592279432843837,-0.524506455836129,-0.5684732175418896,-0.2563189441176864,-0.2742490150689777,-0.13620239916565602,-0.09194550518767226,-0.13034575664091697,0.5456841770897098,-0.017058419720279924,-0.36708342740201366,0.7526137699781635,-0.19749155863278026,-0.016485093727098415,0.3102146559627099,0.05802035995172524,0.1669871444360705,0.17333068974426888,0.8512750260267553,0.15637782633344363,0.7680620639975576,-0.09334111732547484,-0.2993661953758789,-0.1771410954956817,-0.026972936483178687,0.16133953071568108,-0.2338997820551451,0.3325652986642897,-0.32758203154951154,0.9713311622580452,0.11426226945169562,0.4929847574146133,0.63136117914523,0.19122690861722544,-0.8023163974044364,-0.5110408709154215,-0.15280646662077696,-0.5357746379941285,-0.2933924534410383,0.24903310626915526,0.1891408976969628,0.9760362451061494,0.45783469485202843,-0.10130060285440019
-3.2649864329036142,2.0732980271500794,-0.49915012280786397,-3.0928255613788354,2.507884784443883,-1.6511566026616473,0.058139035179145364,-4.4236367209005865,0.7628077108919029,-0.7860548488441301,-1.1613501264106714,2.3196489241480007,0.17251715829575348,1.2894532060716182,-2.1995405158806047,1.9216516593675612,-0.2080772612289593,-0.2892448255132792,0.13237388969943492,-2.1028175813666365,-1.0640017155076877,-0.518764729338556,0.5218625059979812,-0.026161074740589492,0.8670998415605476,-0.853152117134702,1.2957041092679804,-0.884205969684265,-0.5550844902362736,-1.2621887591962788,-2.5934076844304776,-0.6888569768805127,-0.09334111732547484,2.4906017338440845,-1.3363750741135347,-1.7804180255178867,-0.4894584947324354,1.8600938112051624,1.6682315356421626,2.263915165334728,-3.003593968440502,-1.1384601974998159,0.2776035170445494,-1.3118305010960372,-1.2929964763216442,0.7420499332169419,0.5768326987519691,2.0586577548918985,1.3428439456504797,-0.620905208541586,-1.2157526952094884,0.7010656980434494,1.1053598999918268,0.387176000652542,1.374902681943684,-1.0015542125270611
1.9765125497433462,-2.136865306771501,-0.31686895946642857,2.349708009543746,-1.9780771553696694,0.705935134125779,0.5812750458088125,3.1426688885604954,-0.053203358143742815,0.07858135786913988,1.9047766137060724,-2.1418453935543718,-0.12246278142548989,-0.6514541966414383,2.433960919611794,-1.220758288578189,0.31245282691988363,1.0996310914751792,0.3597867863065711,1.7022563409261031,1.3518090911785758,0.6813234253070735,0.021562618332169103,-0.15132717744294188,-1.2209109177080526,1.3486155792546357,-0.8730693852343205,0.8982137906343445,0.46944663819656973,0.6818118418393242,1.8063832071237436,0.7982031011833043,-0.2993661953758789,-1.3363750741135347,1.4007972808967182,1.4102164541531732,0.8457728270429337,-1.4126477232773504,-1.2589050060737654,-3.0080907513644055,2.9832979482727575,0.3584439467923326,-0.9252135530030652,1.1070985925704744,0.19071065499810907,-0.588910253858282,-0.10139875034816001,-1.7644653569184992,-0.2850050853557001,1.5033432567316223,1.0420997922366715,-0.504517690983127,-1.3663562075171276,-1.1189126504651605,-0.9882623137126124,0.5821207232555776
2.4921815570029047,-2.182549845580862,-0.05387932184569223,2.6566644039623344,-2.2459698464630318,1.0323872734928718,0.34078755341569983,3.6313998792056967,-0.23210153130114575,0.3298554883733164,1.7397761901943323,-2.2417324869010273,-0.129891457044069,-0.8704186909371388,2.4828615153071234,-1.4886031425279198,0.3144628001700452,0.8673660013232873,0.21739296357305238,1.8732638133363895,1.3097561818264674,0.6457967110047593,-0.16803360404823478,-0.10875086544765072,-1.1355682905898945,1.2035821150857107,-1.0788332938335603,0.9013994659082927,0.51884514353455,0.8928141027298957,2.1141732105890476,0.7875121384114008,-0.1771410954956817,-1.7804180255178867,1.4102164541531732,1.5975362750384918,0.7513038509089711,-1.6290342392130137,-1.4200077728172522,-2.855323872765645,3.101703809218752,0.6168782555459793,-0.7254612516034551,1.1914932295269456,0.5404540160490707,-0.6459821538277701,-0.23568934378618764,-1.9170715628147637,-0.6460332188787529,1.2720753714614064,1.1111825698780253,-0.5713467468121359,-1.31307847167917,-0.942406863931522,-1.145701971416379,0.7439970474948118
