V1,V2,V3,V4,V5,V6,V7,V8,V9,V10,V11,V12,V13,V14,V15,V16,V17,V18,V19,V20,V21,V22,V23,V24,V25,V26,V27,V28,V29,V30,V31,V32,V33,V34,V35,V36,V37,V38,V39,V40,V41,V42,V43,V44,V45,V46,V47,V48,V49,V50,V51,V52,V53,V54,V55,V56
4722.447820098847,-655.3545913013625,48.19747537722971,-386.6986329213547,-2738.738001071627,2798.795088287781,-1105.437818897271,-2012.8433776210652,-1269.1177224318578,-3508.0662867244077,-860.816262510149,-73.15893100889993,3297.418383908086,-5834.926620932075,-2431.583217976049,3995.5132669516447,-3421.63990716412,-1901.6299767916028,-8325.273920547068,1126.3832882285192,-3695.8060845664863,-364.59838207036955,-5011.915302382089,-8353.481016826321,734.6851969303706,-767.5345495130966,-1995.8425140809645,-1397.3679463018284,339.1421032014748,-1736.2851039311952,1165.1104706391013,-2181.769637616115,415.36693140511227,1911.3285447719234,3172.7959185635636,3995.7002779409027,1022.7211374235644,3599.7697441909995,-6150.599070576975,-4956.332693144546,-69.82932057422967,1396.4382061763777,1960.7449398636784,-3726.418540562676,-1332.8714644568015,318.4578508068933,-1761.6979632663804,-4296.256915020459,-14.905471785863586,-4525.946995954601,-1860.27576945051,3059.077066524419,1888.2971730229078,9528.293322007363,1360.5011817691782,640.9621058102249
-655.3545913013625,92.11866935241186,-6.8057308450649785,53.602229182563576,380.0194941589545,-389.7586788065259,154.19973789502362,280.2957649495819,176.88774297789809,486.67718937605827,120.5483782298445,11.214569723732714,-458.1013729928525,811.0728424430724,337.65027430986777,-555.0860392122106,475.1884557121485,263.5089697594385,1157.053416313232,-156.45912495452606,512.7636387876267,50.28411929005475,696.4761244191301,1160.1498052344307,-101.87177231205608,107.45557467053705,276.7276301933699,194.47495025229009,-46.390654949077756,241.34969530763223,-162.43449457843394,302.15574596190606,-57.19817637032895,-265.09232627517247,-440.8108282587002,-554.7327499587093,-141.95129935312482,-499.9263290068245,853.5633951037306,687.5825372510968,9.69798995625803,-193.94408267583427,-271.9002595856613,517.6611226584504,184.5065541181929,-44.633012864712896,245.58193004546382,596.7860501444248,2.2659789860515147,628.7806084114736,258.5772874401333,-425.1577391227601,-261.8985715494297,-1323.320751995463,-188.69894277548528,-88.98839336826032
48.19747537722971,-6.8057308450649785,0.5126515044782843,-3.941471922514399,-27.93246393537831,28.672416542369287,-11.333501725581227,-20.631926050204243,-13.023598257861584,-35.76900522338546,-8.917825904716732,-0.8526012247384244,33.70114750490236,-59.72048659346372,-24.85857698756577,40.83938466960754,-34.974992021360634,-19.383974407918746,-85.14487863154906,11.526263895594516,-37.70036516157808,-3.6221722655041813,-51.24979745276768,-85.34640376501495,7.5110208401251635,-7.961468228002233,-20.334727224987205,-14.327008269190326,3.424685756065696,-17.75098230279243,11.947939442391803,-22.22233580028308,4.185945304188696,19.520030415220422,32.387399121525156,40.805391074547664,10.476930269762317,36.78787492185825,-62.74681180197978,-50.538453110249556,-0.7287173113872623,14.292475975151648,19.975605818650653,-38.07964934036254,-13.56173586860869,3.2937152107234122,-18.09796065988349,-43.91267708216274,-0.15735477453089347,-46.259979959050106,-19.02097356539524,31.30643650279223,19.256002860555128,97.3567505107477,13.874029912884506,6.513375374488671
-386.6986329213547,53.602229182563576,-3.941471922514399,31.672023818950226,224.25210937129575,-229.07938739936375,90.45422420556267,164.76453765346795,103.88005313314513,287.25136249555055,70.447996382005,5.931738397599742,-269.97296702427656,477.74039351712247,199.11174572763392,-327.1377653650862,280.17752801002973,155.74724849339435,681.6226950201619,-92.22947849169344,302.6285502349969,29.82012548696135,410.3427876281798,683.9640099136949,-60.185223346901104,62.819175679900084,163.433149740214,114.40592001625987,-27.821024573735734,142.14832596881013,-95.36018037265289,178.69056413332834,-34.02964934646218,-156.53377392119597,-259.7461809285597,-327.1706814828962,-83.76637462593722,-294.7524040622399,503.616934332638,405.8431569177646,5.720306422533053,-114.36498222278661,-160.5559086567361,305.11022283578524,109.17414513054318,-26.05001112986785,144.19701233568762,351.7728684828258,1.201614375897762,370.5709219278683,152.29607799157836,-250.4685975128011,-154.6289759421401,-780.1682073139765,-111.40378044519503,-52.457419114555364
-2738.738001071627,380.0194941589545,-27.93246393537831,224.25210937129575,1588.3998969629604,-1623.2949546282775,641.2199783952889,1167.3381000673326,736.0016928748286,2034.5870201810108,499.07260276320505,42.39914034941454,-1912.354114062415,3383.7343628771146,1410.0684674211286,-2317.145888630903,1984.2268061126097,1102.7531689978705,4828.113394749527,-653.1885845533957,2143.41891677764,211.835945071552,2906.633273723683,4844.566309001517,-425.9183717439475,444.9268721558916,1157.5535611283844,810.2892909323788,-196.5785202562271,1006.9830105099895,-675.7349691756755,1265.2680458634334,-240.94197301180563,-1108.3208658544788,-1840.2523961662182,-2317.2998315772456,-592.9572024916682,-2087.614123803258,3567.1573880734068,2874.5286371138827,40.45581285235493,-809.6538194897206,-1137.2044632468467,2161.0917040781137,772.9515370568355,-184.68563460052562,1021.639095118844,2491.514241834998,8.708452013690978,2624.7687993710865,1078.9104139814133,-1773.9800449713325,-1095.1202673977175,-5525.815691747737,-789.061977558955,-371.9069999921215
2798.795088287781,-389.7586788065259,28.672416542369287,-229.07938739936375,-1623.2949546282775,1660.8013507895532,-656.441138464398,-1194.154669036855,-753.0844783059417,-2079.161898419116,-511.1929508592853,-44.62197635833439,1954.9880581145267,-3459.393392034936,-1441.1207880536329,2368.7063330427286,-2028.0263767975714,-1126.3477349927994,-4936.08135784287,667.6423170866848,-2190.3662707004714,-216.58466645540443,-2971.598383417684,-4951.996559298562,434.95118679993885,-455.6145535429711,-1182.7405054831543,-828.622290007873,199.92115215101018,-1029.6151479167158,691.5345144327811,-1292.2106601146306,245.73644153059377,1132.2659144321365,1881.518830368989,2368.4531168718113,605.7932961380114,2133.8147092464383,-3645.6292641692735,-2937.4699047978947,-41.306353638697004,827.3447159676207,1162.0029625815723,-2209.1309398297685,-789.2764934470197,189.28543919908694,-1045.376610836554,-2546.7962656197633,-9.226501201346482,-2683.183951686991,-1103.1764412832813,1813.553726790813,1118.9760249141673,5648.261941175518,806.3080387558073,380.34997428632136
-1105.437818897271,154.19973789502362,-11.333501725581227,90.45422420556267,641.2199783952889,-656.441138464398,259.5905367236902,471.90743176009835,297.6315179137683,821.2673408592958,202.04529549545737,17.868688548569455,-772.3215762472363,1366.5278174654177,569.1579675445703,-935.7097977649576,800.9931494992281,444.70840827666973,1949.9866381699583,-263.6895543153359,865.1540203960348,85.80471493646448,1173.937883019474,1956.1434569073062,-171.64302646361796,180.01930510787113,467.15374226501945,327.33702497834963,-78.69658989752739,406.8011834268216,-273.3616386895068,510.197749611514,-96.9956217800576,-447.05363897106537,-743.4633771530604,-935.5437368162708,-239.12758225449022,-842.8448802330038,1440.0661608680716,1160.2803293455588,16.276315766978094,-326.6528281905131,-458.9824156828357,872.667765312874,311.59646492835543,-74.87215668168683,413.1299241919422,1006.0016167856647,3.7506448581036698,1059.9388738655534,435.87445546991546,-716.3650986846495,-441.9398366656464,-2231.1222282160265,-318.47906428085867,-150.39858573951028
-2012.8433776210652,280.2957649495819,-20.631926050204243,164.76453765346795,1167.3381000673326,-1194.154669036855,471.90743176009835,858.7508254321868,541.575791255162,1495.1707508250654,367.7447379892804,32.063936841563546,-1405.9036244566114,2488.0474800593897,1036.5328155367092,-1703.5120863847535,1458.636762449296,810.1616038410712,3549.8953933484395,-480.19593388045257,1575.1940920682748,155.34036810557635,2137.0341409592334,3561.2765476846457,-312.9942590181316,327.83798884437476,850.5222906891418,596.0159053567497,-143.92974916883514,740.4110945919291,-497.2546369832648,929.3968776490358,-176.69519557918844,-814.4660821961672,-1352.8793106291566,-1703.2932929031379,-435.84866455736676,-1534.6175710285502,2621.6683115415385,2112.41569420834,29.74820607457736,-595.2322603425383,-835.6025624080271,1588.749783048872,567.7011720024057,-136.1063598140048,751.7954725596472,1831.6442246719203,6.552841386136788,1929.66911695155,793.2873626389367,-1304.3504956704594,-804.7315930067199,-4062.094263778146,-579.8233739750776,-273.326576392942
-1269.1177224318578,176.88774297789809,-13.023598257861584,103.88005313314513,736.0016928748286,-753.0844783059417,297.6315179137683,541.575791255162,341.571637460526,942.6875932447889,232.02526379526313,20.357426038246555,-886.4943889536269,1568.9280775157374,653.5810465658491,-1074.1612262242686,919.7439499487288,510.7722255958115,2238.4719465921808,-302.78869593071795,993.1511866661398,97.8617810947399,1347.5396323843422,2245.5276576346605,-197.35292652792157,206.84617275775548,536.2215817005379,375.87884434829687,-90.66845961177152,466.88468738371864,-313.6208483449176,585.91224892962,-111.34432369492173,-513.5212025286712,-853.0483319318782,-1073.967929677206,-274.8250425789741,-967.6425886307381,1652.970578168948,1331.852852040645,18.758201011767845,-375.3427421356366,-526.8206597431778,1001.7941579897335,357.8858379111551,-85.87242419896818,474.1604153671856,1154.9503989515163,4.151814970495288,1216.7683025553454,500.221909661108,-822.496930698742,-507.3691078968706,-2561.326313251808,-365.5632583831563,-172.3200779303652
-3508.0662867244077,486.67718937605827,-35.76900522338546,287.25136249555055,2034.5870201810108,-2079.161898419116,821.2673408592958,1495.1707508250654,942.6875932447889,2606.118421258678,639.1856711124045,54.22439415031611,-2449.4990473040125,4334.146706563012,1806.1555982241027,-2967.997553450695,2541.5890682065183,1412.5622003704987,6184.221494700782,-836.6631541542565,2745.5217913579318,271.33746347707904,3723.0415158626033,6205.35483176916,-545.5825448362398,569.8470684731188,1482.7300889805551,1037.8679086207383,-251.86057253659718,1289.8146382119066,-865.4892414790716,1620.7414561199207,-308.6572729861192,-1419.6780206535807,-2357.1327347776637,-2968.219752845919,-759.5307752905625,-2674.0079681287402,4569.178319619525,3682.008020101648,51.82116545999521,-1037.0958013052953,-1456.6620384989317,2768.1134101537564,990.120215423164,-236.52883926976378,1308.5349630465896,3191.353669183622,11.133701141205595,3362.025660202311,1381.942072276742,-2272.2558409204516,-1402.7566731040363,-7077.966314848,-1010.7165062653534,-476.35979503156966
-860.816262510149,120.5483782298445,-8.917825904716732,70.447996382005,499.07260276320505,-511.1929508592853,202.04529549545737,367.7447379892804,232.02526379526313,639.1856711124045,158.06037239798653,14.306246238805235,-601.460715210523,1065.0047518574936,443.5437918009322,-728.8629276194039,624.1546240721293,346.37671365214374,1519.131497307101,-205.50964255788048,673.4966086154287,65.72441043171963,914.413628068411,1523.4443757417398,-134.0166120755183,140.97152575817043,363.49733312603564,255.3191466440247,-61.353088704156995,316.7995449408067,-212.98916332612512,397.1893014300005,-75.2527700424479,-348.4249997172124,-578.5314711278362,-728.5250464755218,-186.64705931982758,-656.5565776793911,1120.9552547375342,903.0742519858011,12.789260802352109,-254.8975166817606,-357.12560401478754,679.7332819327371,242.58514793303868,-58.43764024720864,322.1564853589732,783.7049801475882,2.815828247222286,825.630302915126,339.40125642350625,-558.30357749855,-344.04879782870523,-1737.7934325797894,-247.85282998834134,-116.6515875675451
-73.15893100889993,11.214569723732714,-0.8526012247384244,5.931738397599742,42.39914034941454,-44.62197635833439,17.868688548569455,32.063936841563546,20.357426038246555,54.22439415031611,14.306246238805235,2.098618989854745,-51.55174283772039,91.58723242511368,37.84579673253815,-62.45421611295175,53.31085250347693,29.0939455719831,130.53516762754197,-17.578896134170233,57.15688332714789,5.420374572974737,78.51636136272536,130.24273320518458,-11.281305915313109,12.722403958992238,30.709020501842772,22.138772904635726,-4.627198831119677,27.266523270375107,-18.733947097104945,33.23492003908891,-6.037801828738228,-29.45405456074453,-49.64693142222769,-62.118405891403974,-15.843133403671965,-56.10015332908421,95.32672822623061,76.59550751489056,1.0855381040372285,-21.743615445590613,-30.20481275089385,58.209462569240486,20.22120000754697,-5.3352254140437845,28.294188363786866,67.07383112181743,0.41951577776619975,70.74654569200202,29.21129294522308,-47.95809536208348,-29.120902149353086,-148.55497186867996,-20.991171051472033,-9.993409909138943
3297.418383908086,-458.1013729928525,33.70114750490236,-269.97296702427656,-1912.354114062415,1954.9880581145267,-772.3215762472363,-1405.9036244566114,-886.4943889536269,-2449.4990473040125,-601.460715210523,-51.55174283772039,2302.6790099093596,-4074.707535859098,-1697.8641672852934,2790.1141225675865,-2389.215154572233,-1327.564905568151,-5813.834326158074,786.5345840728634,-2580.576033433364,-254.70814651911772,-3500.0062298675853,-5833.229373819049,512.8329963439598,-536.22560654312,-1393.5349919326814,-975.8823449601117,236.4326670901679,-1212.5627817687491,813.8945177123337,-1523.1137159768293,289.8582085953058,1334.4122779864385,2215.7690099043793,2790.113691590336,714.0196576299335,2513.6692495210877,-4294.7537811793645,-3460.7320989616987,-48.74254090358857,974.9741891212956,1369.046853875417,-2602.1798586734576,-930.4273529823632,222.56463952324782,-1230.5828103838285,-3000.0582346508604,-10.54095019854697,-3160.527592188354,-1299.169420996934,2136.2106677332217,1318.4398687145801,6653.54000691068,949.9602019496056,447.69785361990796
-5834.926620932075,811.0728424430724,-59.72048659346372,477.74039351712247,3383.7343628771146,-3459.393392034936,1366.5278174654177,2488.0474800593897,1568.9280775157374,4334.146706563012,1065.0047518574936,91.58723242511368,-4074.707535859098,7211.2032032412535,3004.776812495302,-4937.429739445721,4228.230963862269,2349.281447304538,10288.434939981893,-1391.9709709482509,4566.224515225447,449.610684671981,6193.625059348917,10322.28565958608,-907.8583206845495,949.6470261326913,2465.637575281564,1727.279840007802,-418.4664104959081,2145.6853435909943,-1440.3213300030895,2695.121779882917,-512.6518649762844,-2361.612553033702,-3920.463091621289,-4937.213499204795,-1263.919356819391,-4448.252931665404,7599.298777351904,6123.460742158848,86.36274001289625,-1725.8104927403635,-2422.299906945556,4604.838337717956,1646.3934150876187,-393.95950753287246,2177.9803364862464,5309.043087960956,18.539281658548532,5592.912178836478,2298.8946724752755,-3780.5619901859677,-2332.9432925660394,-11774.086040591508,-1680.8356201299832,-791.7430381912372
-2431.583217976049,337.65027430986777,-24.85857698756577,199.11174572763392,1410.0684674211286,-1441.1207880536329,569.1579675445703,1036.5328155367092,653.5810465658491,1806.1555982241027,443.5437918009322,37.84579673253815,-1697.8641672852934,3004.776812495302,1252.1618935973477,-2057.3843487663976,1761.9732108491694,979.1756230980267,4286.968167425982,-580.0501858953116,1902.8798186239706,187.2762849122789,2580.749473464816,4301.287208884858,-378.43440565884265,395.5436632622544,1027.5382106424408,719.6813395343067,-174.64904083624538,894.0229441816417,-599.9679313169984,1123.3439025978578,-213.75235739387256,-984.2663225283904,-1633.5042812064928,-2057.388718758006,-526.7788122168201,-1853.614627899157,3166.7565462622224,2551.82212051953,36.006688064695155,-719.2444980862876,-1009.4629035658517,1918.806987467527,686.2633086097082,-164.03637327614413,907.297272135299,2212.2790950951,7.632332331912041,2330.5127397933484,957.852591170936,-1575.3170260415793,-972.2418600009443,-4906.285880379905,-700.4583782405261,-329.83944111383573
3995.5132669516447,-555.0860392122106,40.83938466960754,-327.1377653650862,-2317.145888630903,2368.7063330427286,-935.7097977649576,-1703.5120863847535,-1074.1612262242686,-2967.997553450695,-728.8629276194039,-62.45421611295175,2790.1141225675865,-4937.429739445721,-2057.3843487663976,3380.799119810152,-2895.1123062662573,-1608.6960117653523,-7044.650814661316,953.0717159741578,-3126.850854411171,-308.3567549798371,-4240.927760237152,-7068.100065436777,621.5311444040508,-649.8618095267854,-1688.500431766989,-1182.548309134274,286.5740730220751,-1469.2292364799227,986.1570082255206,-1845.6017752706985,351.2022209517252,1617.0218745676264,2684.6946352149325,3380.7624393538613,865.286257340196,3045.8416472725103,-5203.85844263107,-4193.293235829507,-59.08289067677447,1181.5393550057038,1658.8284599639862,-3153.080860167525,-1127.4524166007243,269.66984870187673,-1491.0949038217123,-3635.2242758258776,-12.721248445748701,-3829.623458526348,-1574.1490412103942,2588.5131459775735,1597.5531150611055,8062.132230347277,1151.0294268591813,542.340815794219
-3421.63990716412,475.1884557121485,-34.974992021360634,280.17752801002973,1984.2268061126097,-2028.0263767975714,800.9931494992281,1458.636762449296,919.7439499487288,2541.5890682065183,624.1546240721293,53.31085250347693,-2389.215154572233,4228.230963862269,1761.9732108491694,-2895.1123062662573,2479.370130282754,1377.812464261817,6032.558077621767,-816.2117970159682,2677.6787580256155,263.64088669273406,3631.5963271990117,6052.68062770051,-532.4685238820698,556.5830325212613,1445.926600964594,1012.7160535938955,-245.67478289540082,1258.076836745284,-844.3210139367291,1580.6741764013636,-300.7769478564161,-1384.9669581996052,-2298.719466435858,-2895.1031873399224,-741.204675302992,-2608.3467098388414,4456.207709658071,3590.870351460305,50.646001015981575,-1012.0476658675476,-1420.4999531259905,2700.11275334687,965.6495755406645,-230.85127786881043,1276.7657219572088,3113.058288624922,10.776011395600646,3279.4564888432437,1347.8978724515855,-2216.7299020395367,-1368.101202280811,-6904.003984115898,-985.6648088820824,-464.20306979992023
-1901.6299767916028,263.5089697594385,-19.383974407918746,155.74724849339435,1102.7531689978705,-1126.3477349927994,444.70840827666973,810.1616038410712,510.7722255958115,1412.5622003704987,346.37671365214374,29.0939455719831,-1327.564905568151,2349.281447304538,979.1756230980267,-1608.6960117653523,1377.812464261817,765.9710985380734,3351.8222635803936,-453.5643017835616,1488.1953182541313,146.53820937512322,2017.8171809282421,3363.390983018425,-296.03066415530816,308.92016549359994,803.6894182471485,562.5852455087899,-136.92187287238755,698.9753013141044,-468.8449250843914,878.8126944847612,-167.37099063501842,-769.8462933037629,-1277.206770061524,-1608.8653638613378,-411.98068346328387,-1449.4505146534455,2476.5318450203536,1995.7430817484303,28.15854579865939,-562.45819078407,-789.5349972611066,1500.361177556419,536.9258651035095,-128.07447964215635,709.0297125168515,1729.857646680952,5.863267979193131,1822.2543854434075,748.87585793493,-1231.6925158641666,-760.4122003447096,-3836.4831075390157,-547.8303887689384,-257.8982201164157
-8325.273920547068,1157.053416313232,-85.14487863154906,681.6226950201619,4828.113394749527,-4936.08135784287,1949.9866381699583,3549.8953933484395,2238.4719465921808,6184.221494700782,1519.131497307101,130.53516762754197,-5813.834326158074,10288.434939981893,4286.968167425982,-7044.650814661316,6032.558077621767,3351.8222635803936,14679.287705865903,-1985.9356340357392,6515.2374972830585,642.3652819876461,8837.005153026004,14727.834758092902,-1295.0262781808008,1354.4562621187195,3518.160531913815,2464.236852317179,-596.8780110439463,3061.5188805874354,-2055.0917885136378,3845.3693200164926,-731.6083035788018,-3369.2663675646704,-5594.156099858925,-7044.441853300611,-1802.9899800684086,-6346.638090281166,10843.048233197289,8737.287270682884,123.11713110730044,-2461.9800786962596,-3456.3458029498565,6570.133703992112,2349.0462229292198,-562.0641237675578,3107.3545986989284,7574.775529354003,26.57755933631698,7979.886164678204,3280.1458660155445,-5393.822427773674,-3328.6946272928976,-16799.11072273969,-2398.3151645498187,-1130.0546823872792
1126.3832882285192,-156.45912495452606,11.526263895594516,-92.22947849169344,-653.1885845533957,667.6423170866848,-263.6895543153359,-480.19593388045257,-302.78869593071795,-836.6631541542565,-205.50964255788048,-17.578896134170233,786.5345840728634,-1391.9709709482509,-580.0501858953116,953.0717159741578,-816.2117970159682,-453.5643017835616,-1985.9356340357392,268.71137535754133,-881.4732772644699,-86.74673783289946,-1195.5362746378808,-1992.5432143846774,175.28901151108752,-183.27041838980173,-475.9807050243901,-333.3957648654551,80.88028733775353,-414.1570183017002,277.94931746895065,-520.3490451824605,98.99695243588565,455.9369239145611,756.713151681813,953.0648528038269,244.02559770067342,858.6723903608723,-1466.9465628928638,-1182.0773290148052,-16.687804269951666,333.1698831499127,467.6059434524006,-888.8687088141364,-317.87290922207035,76.00866267124948,-420.34294366008106,-1024.8203456269714,-3.5431696675239417,-1079.5948569372376,-443.7325277042625,729.7682323419666,450.367775455493,2272.7949515336322,324.4775567519933,152.79861263463718
-3695.8060845664863,512.7636387876267,-37.70036516157808,302.6285502349969,2143.41891677764,-2190.3662707004714,865.1540203960348,1575.1940920682748,993.1511866661398,2745.5217913579318,673.4966086154287,57.15688332714789,-2580.576033433364,4566.224515225447,1902.8798186239706,-3126.850854411171,2677.6787580256155,1488.1953182541313,6515.2374972830585,-881.4732772644699,2892.4162658677897,285.63294886029564,3922.2984528534776,6537.443202752531,-574.86057639556,600.4703991021167,1562.0332555274208,1093.471692028812,-265.3960955173233,1358.8242925501577,-911.7898404693966,1707.4925253654253,-325.13682347537633,-1495.7311658916014,-2483.1588462412424,-3127.062871790324,-800.2783434465199,-2817.1449898240594,4813.609296554426,3878.9711007365063,54.62395247996249,-1092.7021684832741,-1534.5639322943323,2916.262228402676,1043.1179303300444,-249.1944385326881,1378.6076177579505,3362.1851693991894,11.694459282652035,3541.967310512148,1455.875577008135,-2393.9315073579937,-1477.8155561880249,-7456.791931759966,-1064.7826673761049,-501.7480478825028
-364.59838207036955,50.28411929005475,-3.6221722655041813,29.82012548696135,211.835945071552,-216.58466645540443,85.80471493646448,155.34036810557635,97.8617810947399,271.33746347707904,65.72441043171963,5.420374572974737,-254.70814651911772,449.610684671981,187.2762849122789,-308.3567549798371,263.64088669273406,146.53820937512322,642.3652819876461,-86.74673783289946,285.63294886029564,29.781007046559704,386.9145296878117,645.006203181361,-56.10706107269597,58.34813915864913,154.4528894774743,107.42057645236703,-25.81828163857266,134.17533242650663,-90.04654038585662,168.3832875224864,-32.3403629542627,-147.023290914031,-245.8078340995452,-308.58039637174295,-78.2856698337356,-277.71613007008386,475.5751117214341,383.2933095603977,5.21276210954441,-107.00653842505653,-151.76749732100396,287.6136977786899,102.81846884713295,-24.536060585773388,135.72025302392586,331.3952053106911,1.3946767290416089,349.30743507445504,143.82075163856803,-235.68273856353767,-145.8835667892126,-735.4068147381015,-105.25066975839285,-50.24688780779822
-5011.915302382089,696.4761244191301,-51.24979745276768,410.3427876281798,2906.633273723683,-2971.598383417684,1173.937883019474,2137.0341409592334,1347.5396323843422,3723.0415158626033,914.413628068411,78.51636136272536,-3500.0062298675853,6193.625059348917,2580.749473464816,-4240.927760237152,3631.5963271990117,2017.8171809282421,8837.005153026004,-1195.5362746378808,3922.2984528534776,386.9145296878117,5319.960234264489,8866.325725930043,-779.5429949154852,815.2604249915821,2118.031671785198,1483.4183993894653,-359.3215026657271,1843.0717448815299,-1237.1651617890304,2314.985389360627,-440.4827104534141,-2028.2843368941647,-3367.8259767716695,-4240.853541510719,-1085.354584315065,-3820.7244890882603,6527.733843143321,5260.0399354763495,74.10633235992034,-1482.0281099728413,-2080.8140061490876,3955.2644273846263,1414.15643486645,-338.34815881752513,1870.5973088893793,4560.048941040047,16.018793704265065,4803.949280725808,1974.7030175543662,-3247.0727615022356,-2003.9336883587564,-10113.211819154583,-1443.854315044892,-680.3953762276758
-8353.481016826321,1160.1498052344307,-85.34640376501495,683.9640099136949,4844.566309001517,-4951.996559298562,1956.1434569073062,3561.2765476846457,2245.5276576346605,6205.35483176916,1523.4443757417398,130.24273320518458,-5833.229373819049,10322.28565958608,4301.287208884858,-7068.100065436777,6052.68062770051,3363.390983018425,14727.834758092902,-1992.5432143846774,6537.443202752531,645.006203181361,8866.325725930043,14777.168577198941,-1299.3666002470097,1358.2867114116987,3530.3013421448195,2472.141149842196,-599.297112659271,3071.648711783556,-2061.5676398299943,3858.806989105819,-734.4224768096481,-3380.701534662228,-5612.906644139585,-7068.179246051747,-1808.984116164025,-6367.869627488012,10879.891901476447,8767.14509245517,123.51071117543073,-2470.084568892298,-3468.2490731172834,6592.026549787277,2357.292373948848,-563.6739625599911,3117.116571576101,7600.014961038038,26.573019558624598,8006.44497783819,3291.020411628375,-5411.607148036531,-3340.0881461393087,-16855.316710159568,-2406.5497430501887,-1133.978898832337
734.6851969303706,-101.87177231205608,7.5110208401251635,-60.185223346901104,-425.9183717439475,434.95118679993885,-171.64302646361796,-312.9942590181316,-197.35292652792157,-545.5825448362398,-134.0166120755183,-11.281305915313109,512.8329963439598,-907.8583206845495,-378.43440565884265,621.5311444040508,-532.4685238820698,-296.03066415530816,-1295.0262781808008,175.28901151108752,-574.86057639556,-56.10706107269597,-779.5429949154852,-1299.3666002470097,114.57455441268324,-119.60727191113733,-310.38994951003474,-217.48717584638197,53.02658610672335,-269.9933908898145,181.08938132659415,-339.55501492542265,64.59253658169561,297.6001766017297,493.1608200564365,621.5315391717602,159.36951680051232,560.0341453397563,-956.5648775983992,-770.8469130973224,-10.928162096699532,217.5638191625295,304.91676933543306,-579.6722676563696,-207.48359085202338,49.482970158276444,-273.9834462527242,-668.3997877626027,-2.183738054072686,-704.034401731736,-289.2430241082724,475.98932312199275,293.7533680949288,1482.239301760296,211.5789640509028,99.39465500532997
-767.5345495130966,107.45557467053705,-7.961468228002233,62.819175679900084,444.9268721558916,-455.6145535429711,180.01930510787113,327.83798884437476,206.84617275775548,569.8470684731188,140.97152575817043,12.722403958992238,-536.22560654312,949.6470261326913,395.5436632622544,-649.8618095267854,556.5830325212613,308.92016549359994,1354.4562621187195,-183.27041838980173,600.4703991021167,58.34813915864913,815.2604249915821,1358.2867114116987,-119.60727191113733,125.78888324773975,324.06077245614904,227.69012999229773,-54.818744237195816,282.4175420289024,-189.8324963053141,354.2090391603962,-67.08691978381388,-310.77704745278896,-515.6579883421606,-649.5446098395466,-166.5297296372599,-585.4136407780628,999.3618342933106,805.119621265402,11.43823041594795,-227.40548704588446,-318.37340254172847,606.0497428847468,216.34511695333157,-52.08634292370857,287.21905754165783,698.7926523370872,2.452771241953229,736.1273311463696,302.55835423543806,-497.8444341951457,-306.76065294074317,-1549.444363119171,-220.96381617900659,-103.8794682472517
-1995.8425140809645,276.7276301933699,-20.334727224987205,163.433149740214,1157.5535611283844,-1182.7405054831543,467.15374226501945,850.5222906891418,536.2215817005379,1482.7300889805551,363.49733312603564,30.709020501842772,-1393.5349919326814,2465.637575281564,1027.5382106424408,-1688.500431766989,1445.926600964594,803.6894182471485,3518.160531913815,-475.9807050243901,1562.0332555274208,154.4528894774743,2118.031671785198,3530.3013421448195,-310.38994951003474,324.06077245614904,843.6106719373338,590.3896680710931,-143.36952800825384,733.7669024790137,-492.3088421661526,922.166536156061,-175.66617905840621,-807.7022384247167,-1340.9985707407623,-1688.6845370184612,-432.10328044583554,-1521.2731680310053,2599.557526018339,2094.849623791156,29.479217148630276,-589.9902427647095,-828.7731754836818,1574.790918761904,563.3634617151454,-134.5112391404694,744.3190431323484,1815.5741863298326,6.315096629524043,1912.6655852718975,786.1820501633902,-1292.662454906392,-798.0915762918729,-4026.729503579383,-575.0482976052049,-271.0298105536336
-1397.3679463018284,194.47495025229009,-14.327008269190326,114.40592001625987,810.2892909323788,-828.622290007873,327.33702497834963,596.0159053567497,375.87884434829687,1037.8679086207383,255.3191466440247,22.138772904635726,-975.8823449601117,1727.279840007802,719.6813395343067,-1182.548309134274,1012.7160535938955,562.5852455087899,2464.236852317179,-333.3957648654551,1093.471692028812,107.42057645236703,1483.4183993894653,2472.141149842196,-217.48717584638197,227.69012999229773,590.3896680710931,413.8105662941228,-100.13847176818439,513.9062710577373,-345.053329337649,645.3315874165336,-122.6662873008836,-565.6053486864438,-938.8687269343909,-1182.396954660852,-302.7641268634354,-1065.3614300190118,1819.8158823112035,1466.3464312704848,20.696815446991767,-413.439595256917,-580.0200414771487,1102.8858696599657,394.2220488652311,-94.42456156079014,521.8024346103244,1271.5604175300539,4.4448708956253276,1339.5389221124492,550.585106101919,-905.541021712811,-558.6622221858696,-2819.8895122247163,-402.47931654415146,-189.52071025240278
339.1421032014748,-46.390654949077756,3.424685756065696,-27.821024573735734,-196.5785202562271,199.92115215101018,-78.69658989752739,-143.92974916883514,-90.66845961177152,-251.86057253659718,-61.353088704156995,-4.627198831119677,236.4326670901679,-418.4664104959081,-174.64904083624538,286.5740730220751,-245.67478289540082,-136.92187287238755,-596.8780110439463,80.88028733775353,-265.3960955173233,-25.81828163857266,-359.3215026657271,-599.297112659271,53.02658610672335,-54.818744237195816,-143.36952800825384,-100.13847176818439,24.945050179438674,-124.38187769330516,83.13097420818042,-157.12973992329245,30.029196353922558,137.55908278061366,227.2128473626325,286.77464783127516,73.67747801442422,258.34886956203303,-441.4465044898431,-355.87071090240323,-5.083231381608457,100.45585918641075,140.80741894069496,-267.28384619039406,-96.05424462387019,22.598040838249663,-125.89197232248826,-308.2584506474631,-0.849779371733627,-324.6089280145388,-133.25381622923126,219.44540297207794,135.67548871511576,683.6723386327419,97.70685181210234,45.737713652217664
-1736.2851039311952,241.34969530763223,-17.75098230279243,142.14832596881013,1006.9830105099895,-1029.6151479167158,406.8011834268216,740.4110945919291,466.88468738371864,1289.8146382119066,316.7995449408067,27.266523270375107,-1212.5627817687491,2145.6853435909943,894.0229441816417,-1469.2292364799227,1258.076836745284,698.9753013141044,3061.5188805874354,-414.1570183017002,1358.8242925501577,134.17533242650663,1843.0717448815299,3071.648711783556,-269.9933908898145,282.4175420289024,733.7669024790137,513.9062710577373,-124.38187769330516,638.5441448567459,-428.6697325478782,801.9200302286914,-152.5872804629705,-702.5923123689007,-1166.850026394792,-1469.1889067157217,-375.9316560360845,-1323.6266554422705,2261.4829237487656,1822.2861670808763,25.650537516709168,-513.3585817390664,-720.8817159870174,1370.2664634456114,489.863035278375,-117.24487478289166,648.093543112632,1579.7624854299124,5.591775206909103,1664.2859757023095,684.1507099774029,-1124.888272187991,-694.2217799079023,-3503.594648303471,-500.20490105520753,-235.78869240758064
1165.1104706391013,-162.43449457843394,11.947939442391803,-95.36018037265289,-675.7349691756755,691.5345144327811,-273.3616386895068,-497.2546369832648,-313.6208483449176,-865.4892414790716,-212.98916332612512,-18.733947097104945,813.8945177123337,-1440.3213300030895,-599.9679313169984,986.1570082255206,-844.3210139367291,-468.8449250843914,-2055.0917885136378,277.94931746895065,-911.7898404693966,-90.04654038585662,-1237.1651617890304,-2061.5676398299943,181.08938132659415,-189.8324963053141,-492.3088421661526,-345.053329337649,83.13097420818042,-428.6697325478782,287.9933067098747,-537.8339750544882,102.22412224739642,471.34576332978946,783.2965762526321,985.9793928573529,252.2067797708442,888.3387666733104,-1517.604049876139,-1222.7752384147918,-17.19059559522896,344.4844596993736,483.68639463881595,-919.7245228257214,-328.51185735235134,78.85784300665954,-435.33777200935475,-1060.2980582668486,-3.86222247500671,-1117.086830199075,-459.2830934514321,755.0648316540301,465.79029750593264,2351.458838504957,335.6235682795047,158.30673849625535
-2181.769637616115,302.15574596190606,-22.22233580028308,178.69056413332834,1265.2680458634334,-1292.2106601146306,510.197749611514,929.3968776490358,585.91224892962,1620.7414561199207,397.1893014300005,33.23492003908891,-1523.1137159768293,2695.121779882917,1123.3439025978578,-1845.6017752706985,1580.6741764013636,878.8126944847612,3845.3693200164926,-520.3490451824605,1707.4925253654253,168.3832875224864,2314.985389360627,3858.806989105819,-339.55501492542265,354.2090391603962,922.166536156061,645.3315874165336,-157.12973992329245,801.9200302286914,-537.8339750544882,1008.3485339088029,-192.11017764533028,-883.2045689867527,-1465.4169570024012,-1845.8784743001195,-472.59092948038284,-1662.919362118076,2841.4666279293106,2289.864340262443,32.294370772615466,-645.1752443444835,-905.9194960692822,1721.31208147112,616.055512372366,-146.89055862990998,813.3328752804679,1984.5907496239308,6.73568089446629,2090.6105520399346,859.1886070949935,-1413.0144608513835,-872.4652679245359,-4401.527266171953,-628.5866361905167,-295.9922286180214
415.36693140511227,-57.19817637032895,4.185945304188696,-34.02964934646218,-240.94197301180563,245.73644153059377,-96.9956217800576,-176.69519557918844,-111.34432369492173,-308.6572729861192,-75.2527700424479,-6.037801828738228,289.8582085953058,-512.6518649762844,-213.75235739387256,351.2022209517252,-300.7769478564161,-167.37099063501842,-731.6083035788018,98.99695243588565,-325.13682347537633,-32.3403629542627,-440.4827104534141,-734.4224768096481,64.59253658169561,-67.08691978381388,-175.66617905840621,-122.6662873008836,30.029196353922558,-152.5872804629705,102.22412224739642,-192.11017764533028,36.719478943399245,168.11304593810618,278.97149889260743,351.36776347921756,89.87463322795482,316.4654781666193,-541.0443459921499,-436.08089181748346,-6.119854733500644,122.6958671063952,172.5682919251874,-327.56576450308967,-117.39021579408559,27.85046337058881,-154.5306821442287,-377.6489975228363,-1.2654182271134684,-397.8242733014063,-163.49085745525372,268.7878340342443,166.1482803472813,837.6767046632517,119.71783483200365,56.43731940887048
1911.3285447719234,-265.09232627517247,19.520030415220422,-156.53377392119597,-1108.3208658544788,1132.2659144321365,-447.05363897106537,-814.4660821961672,-513.5212025286712,-1419.6780206535807,-348.4249997172124,-29.45405456074453,1334.4122779864385,-2361.612553033702,-984.2663225283904,1617.0218745676264,-1384.9669581996052,-769.8462933037629,-3369.2663675646704,455.9369239145611,-1495.7311658916014,-147.023290914031,-2028.2843368941647,-3380.701534662228,297.6001766017297,-310.77704745278896,-807.7022384247167,-565.6053486864438,137.55908278061366,-702.5923123689007,471.34576332978946,-883.2045689867527,168.11304593810618,773.8195801477613,1283.6967400111373,1617.1057247431713,414.17842881478566,1456.9371907076109,-2489.07736297947,-2005.8030157616615,-28.333012500640862,565.4498226928873,793.4771401091585,-1508.111538461066,-539.5934644769646,128.81125061875056,-712.8777107612005,-1738.8180109699065,-5.893843572377835,-1831.6825513087163,-752.7462511440709,1238.1520338812772,764.2541404790464,3856.263428342832,550.5849269771795,259.1236208708102
3172.7959185635636,-440.8108282587002,32.387399121525156,-259.7461809285597,-1840.2523961662182,1881.518830368989,-743.4633771530604,-1352.8793106291566,-853.0483319318782,-2357.1327347776637,-578.5314711278362,-49.64693142222769,2215.7690099043793,-3920.463091621289,-1633.5042812064928,2684.6946352149325,-2298.719466435858,-1277.206770061524,-5594.156099858925,756.713151681813,-2483.1588462412424,-245.8078340995452,-3367.8259767716695,-5612.906644139585,493.1608200564365,-515.6579883421606,-1340.9985707407623,-938.8687269343909,227.2128473626325,-1166.850026394792,783.2965762526321,-1465.4169570024012,278.97149889260743,1283.6967400111373,2132.5054781078748,2684.7236731633775,686.7031086867667,2418.6113766895633,-4132.771531691968,-3330.2002519587386,-46.803535204396724,937.7842073011801,1317.46066729611,-2503.875388588126,-895.1627876378631,214.18904316628675,-1184.081665469035,-2886.6145211177736,-10.289430246351039,-3041.119389037825,-1250.2106807450346,2055.3201840125616,1268.6319708861618,6402.1015938022665,914.1293882886963,431.14106029706187
3995.7002779409027,-554.7327499587093,40.805391074547664,-327.1706814828962,-2317.2998315772456,2368.4531168718113,-935.5437368162708,-1703.2932929031379,-1073.967929677206,-2968.219752845919,-728.5250464755218,-62.118405891403974,2790.113691590336,-4937.213499204795,-2057.388718758006,3380.7624393538613,-2895.1031873399224,-1608.8653638613378,-7044.441853300611,953.0648528038269,-3127.062871790324,-308.58039637174295,-4240.853541510719,-7068.179246051747,621.5315391717602,-649.5446098395466,-1688.6845370184612,-1182.396954660852,286.77464783127516,-1469.1889067157217,985.9793928573529,-1845.8784743001195,351.36776347921756,1617.1057247431713,2684.7236731633775,3380.870931119915,865.2866366145727,3045.869258697023,-5204.152120552853,-4193.60913892912,-59.07809239818421,1181.4763417795546,1658.993939350443,-3153.057751598329,-1127.633804849851,269.54596650871576,-1490.8186313007832,-3635.197914126997,-12.678128960131442,-3829.588528947525,-1574.118645718979,2588.414626004635,1597.6820953970011,8062.190737622806,1151.140953173165,542.4086654784263
1022.7211374235644,-141.95129935312482,10.476930269762317,-83.76637462593722,-592.9572024916682,605.7932961380114,-239.12758225449022,-435.84866455736676,-274.8250425789741,-759.5307752905625,-186.64705931982758,-15.843133403671965,714.0196576299335,-1263.919356819391,-526.7788122168201,865.286257340196,-741.204675302992,-411.98068346328387,-1802.9899800684086,244.02559770067342,-800.2783434465199,-78.2856698337356,-1085.354584315065,-1808.984116164025,159.36951680051232,-166.5297296372599,-432.10328044583554,-302.7641268634354,73.67747801442422,-375.9316560360845,252.2067797708442,-472.59092948038284,89.87463322795482,414.17842881478566,686.7031086867667,865.2866366145727,221.7894846955079,779.6529024418471,-1331.7065997764414,-1073.1248746765796,-15.208170362388888,302.73857688608854,424.48180376585566,-806.9978467139861,-288.72907545348374,68.94931092702947,-381.5574542342334,-930.498145074787,-3.1026730027308393,-980.1569683830268,-402.757820204585,662.6547296469067,408.91566375912674,2063.518727993132,294.56781845607736,138.4800249343728
