V1,V2,V3,V4,V5,V6,V7,V8,V9,V10,V11,V12,V13,V14,V15,V16,V17,V18,V19,V20,V21,V22,V23,V24,V25,V26,V27,V28,V29,V30,V31,V32,V33,V34,V35,V36,V37,V38,V39,V40,V41,V42,V43,V44,V45,V46,V47,V48,V49,V50,V51,V52,V53,V54,V55,V56
11505.99272565474,-1597.3620566219613,117.49273443428213,-942.1302115717065,-6672.812370950208,6819.9558306619,-2693.8437444224187,-4904.723895789384,-3092.554157343302,-8547.191615632488,-2097.869370032053,-178.82335161614938,8034.299157640463,-14217.159127197665,-5924.492155627064,9735.18907077786,-8336.780309919537,-4632.964792318955,-20285.025533161803,2744.4407969819435,-9004.61128897134,-888.3404739090369,-12211.818220370911,-20353.351887328627,1789.8914027093326,-1870.4878788721444,-4862.673614532586,-3404.866680010106,825.8885500376954,-4230.60803444074,2839.15585314712,-5315.419871658159,1011.7969222937897,4656.704579886437,7730.734291707495,9735.46740564457,2491.753075785846,8770.843417176582,-14985.708777455699,-12075.791483548495,-170.12892072750546,3402.325497903294,4777.182035057585,-9079.505117989629,-3247.193075103853,776.1506515619211,-4292.884593263582,-10467.893235371923,-36.45469111250251,-11027.611598122698,-4532.73267509152,7453.590008452139,4600.665644512644,23215.753978844154,3314.7660238204953,1561.7834848252191
-1597.3620566219613,222.91764504652087,-16.425364996299805,130.73278538320625,926.3401731417199,-948.1668230212266,374.7822510789778,681.874061002549,430.094748799834,1186.4555053292345,292.30975700528006,25.87607051485657,-1115.895153552339,1975.055366484075,822.6863852636174,-1352.1284299095003,1157.7224559924684,642.7957920660239,2817.842870177783,-381.1468923975124,1249.9863389083594,123.05458318664033,1696.2947372701203,2826.5258535268817,-248.39089239024008,260.5916795063819,674.8444046202479,473.235296056891,-113.97841611904106,587.7281819551714,-394.901512658344,737.3166627413191,-140.0314204365847,-646.321131448108,-1073.7729315821366,-1351.7946463996495,-345.9342166700907,-1218.0081797429286,2080.480897162185,1676.2532905125934,23.62164918422718,-472.4752667656822,-663.0194391060571,1261.0208118773342,450.34261978161794,-108.18731751905409,597.0651784460944,1453.8092383791259,5.26311212756279,1531.6372264217343,629.6940299325555,-1035.3928863665062,-638.5588327829688,-3224.0390199680205,-460.08629964919163,-216.87735334054045
117.49273443428213,-16.425364996299805,1.21924407975303,-9.615595331532546,-68.11960236651548,69.74404852873955,-27.55696797670402,-50.170281294335545,-31.64857647003609,-87.24500262861505,-21.550959735702474,-1.928783889103193,82.08667560765443,-145.34112164290877,-60.53830980382819,99.46944380840098,-85.18333733736286,-47.28655463254222,-207.31032381832523,28.053481140818782,-91.93059783013786,-8.973030397968298,-124.79374795387017,-207.92303774129576,18.29151535255799,-19.225148009155305,-49.620233836329874,-34.83313357846468,8.397819172798721,-43.229775448799764,29.04725173128429,-54.23397070308094,10.280176416434458,47.56476726172273,78.94652337637329,99.43632777281867,25.48228150699846,89.60933881111373,-152.99872195053172,-123.26545129393446,-1.752197540331208,34.783968660766014,48.74677840034744,-92.76143714201073,-33.11891299266092,7.967586060115054,-43.95042250426102,-106.95554923170083,-0.3771150476457611,-112.67366606393185,-46.31847716796906,76.19440925297445,46.96361756548769,237.17277174192918,33.83638076409961,15.919323140568713
-942.1302115717065,130.73278538320625,-9.615595331532546,77.15042402723341,546.370080636543,-558.3261504256132,220.50938422593472,401.5486467110981,253.18112502482097,699.8499200602976,171.73819951377368,14.58304736612931,-657.8246521684188,1164.073039516867,485.10982298314156,-797.0979204458947,682.6268620167104,379.3881962142022,1660.8779241672491,-224.71558070540877,737.3090691939558,72.69896489920353,999.8649548959992,1666.5039051262556,-146.586571146863,153.13013963164627,398.1663775384594,278.77915180802876,-67.6776916630929,346.38085833858503,-232.42838205286805,435.27274957197574,-82.86449900883335,-381.3251601440656,-632.9435535061579,-797.1383491445986,-204.05206673123075,-718.1564799278133,1227.027125337874,988.7775644922006,13.933575016266818,-278.6075922268153,-391.16269280772724,743.4164749298101,265.91806853480045,-63.525304471549155,351.44870579072904,857.1022654265024,2.96498612121714,902.9220657795173,371.1139626992642,-610.289081234101,-376.71564545275186,-1900.8872396658496,-271.4171712928236,-127.8511365601863
-6672.812370950208,926.3401731417199,-68.11960236651548,546.370080636543,3869.9463269980324,-3955.364087596088,1562.4214182829276,2844.4764218294968,1793.4995793035628,4957.00104603606,1216.496306580387,103.68769234184312,-4659.485588107567,8244.960587310337,3435.755221672762,-5645.840281904295,4834.728617848817,2686.7654710973034,11764.110618490071,-1591.5692974462982,5222.229581560706,515.5953643736249,7082.1818482537465,11803.826904541305,-1037.8695821832243,1084.5761002674112,2820.1562569335974,1974.5259404412227,-478.8509341334047,2453.5562183971447,-1646.5973240095639,3082.6004698857982,-586.8364176561896,-2700.475232153606,-4483.617663927043,-5646.045300436614,-1444.903820178804,-5086.547124276862,8691.033571300593,7003.419981209954,98.62124472887479,-1972.9468549210405,-2770.582458854233,5265.585871856024,1883.144013859448,-450.1259958701578,2489.593357679955,6070.7185859208685,21.21146930897239,6395.374802166545,2628.7922900855165,-4322.55064378533,-2668.140863980172,-13463.781204730703,-1922.4269970885496,-905.9423180220141
6819.9558306619,-948.1668230212266,69.74404852873955,-558.3261504256132,-3955.364087596088,4044.5252303499506,-1598.0615875103194,-2908.4227813302923,-1833.9919660924054,-5066.289541051688,-1244.4704628269265,-107.26379723988738,4762.938797880333,-8428.195506601396,-3511.628491581747,5771.084581636567,-4941.606112164698,-2745.4090604788794,-12025.609042642285,1626.784552384378,-5337.3426458551585,-527.1421557440884,-7239.581078342539,-12065.316818089821,1060.421041837373,-1109.3865087121753,-2882.161857908785,-2018.6142575254987,488.41846221013935,-2508.218819080717,1683.8993126731684,-3149.763290135372,599.2977278977653,2759.637857736354,4583.442557268128,5770.888968023128,1476.5658283084326,5199.124899978245,-8882.962425212152,-7157.787701613266,-100.74932316260039,2016.354407537017,2831.5549827036357,-5382.348063949216,-1924.0383189555394,460.60195110760515,-2545.8186006501755,-6205.221334368955,-22.01948461535958,-6537.256761017802,-2687.377893299328,4418.520376965821,2726.8207743820453,13761.940329776951,1964.7692403420358,926.2424535808452
-2693.8437444224187,374.7822510789778,-27.55696797670402,220.50938422593472,1562.4214182829276,-1598.0615875103194,631.5567769421011,1149.0709162879668,724.6071551259296,2001.2254597582607,491.69549979224956,42.618316193444215,-1881.5025653644661,3329.260430731853,1387.0269701076736,-2279.6926698984325,1951.8852599840172,1084.2482775060814,4750.442402116709,-642.5600463844654,2108.251340406217,208.50457351938869,2859.8500396890954,4765.998975616138,-418.69894221102066,438.2594341544225,1138.449690419515,797.3943048155288,-192.64459248904757,990.8728304512623,-665.36530627006,1243.9469340198295,-236.6572195299639,-1089.874035555753,-1810.7744060609461,-2279.5503142526513,-583.0819464142003,-2053.678713129456,3508.887537553714,2827.3650504327356,39.75440445852821,-796.3121869674524,-1118.4801610900206,2126.1288747228477,759.8349032569681,-182.04845920187128,1005.8272380881041,2451.1224818469,8.80995367294784,2582.3472082936746,1061.6603205743108,-1745.3550148191005,-1077.057988404458,-5436.1265866296735,-776.0882723550554,-366.0463836196002
-4904.723895789384,681.874061002549,-50.170281294335545,401.5486467110981,2844.4764218294968,-2908.4227813302923,1149.0709162879668,2091.5823962483764,1318.9192725977548,3643.404044676455,895.0918433127234,77.10443538235214,-3425.278098353516,6061.438852148502,2525.5762311162243,-4150.380034259755,3553.9874108080303,1974.5441070642105,8648.425951170815,-1169.98102426309,3838.3886225745123,378.65932962228806,5206.411009851522,8676.921510126926,-762.8209726103939,798.0123189584285,2072.685133350408,1451.817305886906,-351.4228572426936,1803.7650288969455,-1210.917424933406,2265.2948461323954,-430.96506323233217,-1984.8274151332887,-3295.9890245548095,-4150.205095966931,-1062.0905401908317,-3739.0830458313612,6388.166630828424,5147.515772766823,72.50159538203144,-1450.3372971604774,-2036.2828866656712,3870.8126583860458,1383.7894739552307,-331.223510357545,1830.8538988658254,4462.655613089637,15.746290091365669,4701.379205799088,1932.5829785354597,-3177.754267620518,-1961.038752129017,-9897.164867844402,-1412.9477005048539,-665.9006476961625
-3092.554157343302,430.094748799834,-31.64857647003609,253.18112502482097,1793.4995793035628,-1833.9919660924054,724.6071551259296,1318.9192725977548,831.7133444869406,2297.228351345092,564.533807539459,48.75478382376348,-2159.78348683714,3822.078657269918,1592.4764072557623,-2616.9996462715108,2240.9375568933033,1244.9581462641268,5453.278306187047,-737.7231965658146,2420.1789862113887,238.67583262387797,3282.8927506229384,5471.127894527947,-480.9839066170567,503.3052186662869,1306.8411489947916,915.49087051718,-221.50146055573987,1137.367685041914,-763.6098339397118,1428.2461659052556,-271.67194144163204,-1251.4763118596272,-2078.250340445805,-2616.8354213038774,-669.6926484875341,-2357.6380083429913,4027.8867530340453,3245.595999079796,45.71584347203968,-914.5156824499649,-1283.8944590305387,2440.7169756669127,872.4598465677947,-208.90010440489178,1154.5439609127684,2813.897691830775,9.9485693761111,2964.4313942364506,1218.5893235727833,-2003.7448830547662,-1236.4635483511197,-6240.5497436879505,-890.8795594256977,-419.85365900781323
-8547.191615632488,1186.4555053292345,-87.24500262861505,699.8499200602976,4957.00104603606,-5066.289541051688,2001.2254597582607,3643.404044676455,2297.228351345092,6349.414356582402,1558.1300737545607,132.7287466700381,-5968.278092036768,10560.856260976476,4400.843466097962,-7231.696476722687,6192.776072089733,3441.512135948894,15068.487139403787,-2038.6286778887559,6689.145656857273,660.4157168642703,9071.469451508148,15119.417508343711,-1329.4276517635562,1389.1713475275042,3612.344067728989,2529.1305531502567,-613.4227424979541,3142.7184733531744,-2109.0585349094986,3948.5490895506887,-751.710019107118,-3459.0579243474695,-5742.9958051191925,-7231.983921471068,-1850.784842036617,-6515.318766669069,11132.309345335869,8970.671048958813,126.3256735928867,-2527.150837431565,-3548.842058236582,6744.635842184908,2412.1573539999285,-576.5294113171783,3188.8268403139746,7775.929337453117,27.147855336294125,8191.765685723521,3367.1732569575697,-5536.701728153133,-3417.626325914616,-17245.64524733362,-2462.4347129282037,-1160.399280548018
-2097.869370032053,292.30975700528006,-21.550959735702474,171.73819951377368,1216.496306580387,-1244.4704628269265,491.69549979224956,895.0918433127234,564.533807539459,1558.1300737545607,383.6251768971921,33.55363584885929,-1465.2718027230278,2593.563758945568,1080.5068138541253,-1775.5426150262485,1520.4744703218205,844.4715685924732,3700.0858752574372,-500.5748481733122,1641.6176832625545,161.24875714347442,2227.373628760239,3711.731811571661,-326.44448311478294,342.08370939552253,886.3011177088059,621.3960183232289,-150.12629521013622,771.6592722945743,-518.2566562084892,968.6546238055713,-184.028475080807,-849.0737724567621,-1409.7159220803878,-1775.2283672156416,-454.53558206886777,-1599.54875373167,2732.136005215346,2201.3919804639095,31.07770596585985,-620.6873336511064,-870.7394215174177,1655.9167873913268,591.6915309445826,-141.89392880041544,783.7219603640132,1909.1571782941965,6.743321967536666,2011.2652298881826,826.7447379909105,-1359.6749226128281,-838.681674779497,-4233.827968091959,-604.2361075332731,-284.576357413347
-178.82335161614938,25.87607051485657,-1.928783889103193,14.58304736612931,103.68769234184312,-107.26379723988738,42.618316193444215,77.10443538235214,48.75478382376348,132.7287466700381,33.55363584885929,3.735002415277271,-125.33639587772849,222.1270006177701,92.24160833486071,-151.85344034784745,129.85820804413515,71.63386333544354,316.81071411780357,-42.77638743896706,139.85674293065767,13.617892109590944,190.6607043753207,317.1565169612009,-27.704258986580683,29.87733498241194,75.37360918184042,53.396098011652676,-12.20230626172069,66.12086213982722,-44.8097655936088,82.04660261486488,-15.336338189026993,-72.20517445602279,-120.66212721171955,-151.5247495236179,-38.708956541261024,-136.64100533448257,232.9637408083746,187.5078186109817,2.642973372702985,-52.969782571953644,-74.08515527663344,141.58853817875885,50.039837928865474,-12.461465203694884,67.70964558602057,163.19745697024027,0.7603198581363638,172.01462285365764,70.84151204402414,-116.39496250356507,-71.3729748983722,-361.7485971609673,-51.436699141590225,-24.354274701311585
8034.299157640463,-1115.895153552339,82.08667560765443,-657.8246521684188,-4659.485588107567,4762.938797880333,-1881.5025653644661,-3425.278098353516,-2159.78348683714,-5968.278092036768,-1465.2718027230278,-125.33639587772849,5610.397527222799,-9927.921124618557,-4136.918040142675,6798.07176502124,-5821.398911050234,-3234.821105186025,-14165.206099102352,1916.4021523329525,-6287.664746523674,-620.4636376293234,-8527.626311024203,-14212.619612037017,1249.6614273604607,-1306.3917286778783,-3395.419543490152,-2377.692654659329,576.3099039429916,-2954.327444192896,1982.870628030984,-3711.303453544359,706.3430247696316,3251.4678886336264,5398.551381803959,6798.135528491468,1739.8138191675018,6124.573650872739,-10464.234785063829,-8432.189049879278,-118.77523154085968,2375.651607895625,3335.743397257849,-6340.187857244555,-2267.175642485032,542.1675121055864,-2998.082204570687,-7309.645724106408,-25.594984318087725,-7700.574647849883,-3165.3235400463745,5204.84594167479,3212.4600282499523,16211.353180808454,2314.6056284579718,1090.7136559104956
-14217.159127197665,1975.055366484075,-145.34112164290877,1164.073039516867,8244.960587310337,-8428.195506601396,3329.260430731853,6061.438852148502,3822.078657269918,10560.856260976476,2593.563758945568,222.1270006177701,-9927.921124618557,17568.845862640283,7320.855069351823,-12029.767395364297,10301.717550077312,5724.321410028235,25066.71214282985,-3391.35035596811,11126.16583008702,1096.8028212062643,15090.31183246797,25150.156628624325,-2211.7465723312475,2312.5048358226063,6008.105837982872,4207.874020273341,-1019.9348516815,5227.840146868432,-3508.877031639684,6567.294396384025,-1249.6563964004436,-5753.993584214356,-9552.572248511959,-12029.671115608133,-3079.151109539823,-10837.988019513437,18516.59414684201,14920.781029698459,210.29564361591625,-4204.422340286692,-5902.49841057881,11219.482902181007,4011.87753994623,-959.5060978144627,5305.664473792476,12935.141666618356,45.16493459211758,13626.81552393823,5601.162435802092,-9210.714917505135,-5684.542854171308,-28687.26034294662,-4095.6658452421775,-1929.579926916919
-5924.492155627064,822.6863852636174,-60.53830980382819,485.10982298314156,3435.755221672762,-3511.628491581747,1387.0269701076736,2525.5762311162243,1592.4764072557623,4400.843466097962,1080.5068138541253,92.24160833486071,-4136.918040142675,7320.855069351823,3050.694363034434,-5012.788632001073,4292.824835611994,2385.5731687936245,10445.133578466694,-1413.2023614206585,4636.4296282379,456.94206116662355,6288.031331230538,10480.115515004529,-921.7782512764691,963.4614222422023,2503.6945525477804,1753.3588002174488,-425.29140609048704,2178.3657078889646,-1461.9386943151053,2736.897013897817,-520.8627244929767,-2397.893091011639,-3980.412234132318,-5012.841921137734,-1283.2029155740952,-4516.244061784729,7716.026307215875,6217.691879824868,87.652977735525,-1752.1018580360308,-2459.6704416277016,4675.154163307923,1671.9724175993647,-399.7010583952326,2210.616016419856,5390.106252782719,18.72306426632517,5678.270812311424,2333.916535307051,-3838.0879370261805,-2368.8657690029327,-11954.071511450547,-1706.7254003175053,-803.96973800816
9735.18907077786,-1352.1284299095003,99.46944380840098,-797.0979204458947,-5645.840281904295,5771.084581636567,-2279.6926698984325,-4150.380034259755,-2616.9996462715108,-7231.696476722687,-1775.5426150262485,-151.85344034784745,6798.07176502124,-12029.767395364297,-5012.788632001073,8237.236060973739,-7053.8903550489995,-3919.7230078356038,-17163.99608649141,2322.1346211030927,-7618.727449366737,-751.5273953362947,-10332.888180591604,-17221.39840849488,1514.351522216219,-1583.075103925063,-4114.181589009184,-2881.1207664257718,698.4142956764889,-3579.7202987188534,2402.596411682652,-4497.037593856908,855.8567662707372,3939.9249061515043,6541.2567868748565,8237.279749947544,2108.249716737702,7421.173392480688,-12679.408503576407,-10217.20063138535,-143.94510348619855,2878.7447133291225,4041.870845469534,-7682.418975141583,-2747.1932413209556,656.9300272105462,-3632.769322983602,-8857.148081794956,-30.957588767415793,-9330.792250295213,-3835.3630354498246,6306.7787452209905,3892.536891116702,19643.32576767855,2804.5697520633307,1321.4743811793721
-8336.780309919537,1157.7224559924684,-85.18333733736286,682.6268620167104,4834.728617848817,-4941.606112164698,1951.8852599840172,3553.9874108080303,2240.9375568933033,6192.776072089733,1520.4744703218205,129.85820804413515,-5821.398911050234,10301.717550077312,4292.824835611994,-7053.8903550489995,6040.723867862442,3356.8590500988616,14698.190562692667,-1988.6044724044457,6524.268458774392,643.1168546941092,8848.402271226027,14747.389931595402,-1297.0444711195896,1355.7423771750616,3523.1411359803724,2467.281761474384,-598.3690955989846,3065.376501807442,-2057.2689985836587,3851.226838784526,-732.9351796107213,-3374.1862207232666,-5601.240541493599,-7053.950893658962,-1805.6241541232773,-6355.138158479487,10857.839230359757,8749.40042336381,123.32137584033013,-2465.4552048835053,-3461.199768810387,6578.781636405462,2352.713727684111,-562.4747948006169,3110.768926962003,7584.82335930646,26.384658016408356,7990.346019268024,3284.2667183432086,-5400.849018259599,-3333.398149688134,-16821.488019575347,-2401.6622525213625,-1131.393108211563
-4632.964792318955,642.7957920660239,-47.28655463254222,379.3881962142022,2686.7654710973034,-2745.4090604788794,1084.2482775060814,1974.5441070642105,1244.9581462641268,3441.512135948894,844.4715685924732,71.63386333544354,-3234.821105186025,5724.321410028235,2385.5731687936245,-3919.7230078356038,3356.8590500988616,1865.7289509022,8167.304007347641,-1105.0648733654016,3625.7338472107785,357.38470056792255,4916.787213351339,8195.02418470354,-720.9144210611337,753.0263543393767,1957.9881188357756,1370.8918485884892,-332.92111413660194,1703.285945434913,-1142.8750383468355,2140.557156277435,-407.51632308326396,-1875.2616268336105,-3112.3965398811647,-3919.9284236983276,-1003.488818993329,-3531.5393759807466,6033.895142070327,4862.31864637739,68.5476738721639,-1370.127262752519,-1923.5418209864804,3655.731189424156,1307.7167638761807,-312.35753984615246,1728.1862152921824,4214.814089249595,14.532404358491592,4440.088660996815,1824.909093241956,-3001.11002111702,-1852.5228774530806,-9347.614677397094,-1334.694595047828,-628.6414765976626
-20285.025533161803,2817.842870177783,-207.31032381832523,1660.8779241672491,11764.110618490071,-12025.609042642285,4750.442402116709,8648.425951170815,5453.278306187047,15068.487139403787,3700.0858752574372,316.81071411780357,-14165.206099102352,25066.71214282985,10445.133578466694,-17163.99608649141,14698.190562692667,8167.304007347641,35764.93831057967,-4838.646083364976,15874.954115172279,1565.813484159638,21530.806327117276,35884.238733723934,-3155.3905385069106,3298.979924013306,8572.551058806741,6003.544039498437,-1455.0266988033227,7459.144693750547,-5006.523111309285,9370.161372038654,-1783.1599567633632,-8209.490581964506,-13630.072889159028,-17163.956386775633,-4392.943614075611,-15463.504725088478,26419.842801655894,21289.29716046508,299.94180955842387,-5998.437891000783,-8421.890613697884,16007.905083558873,5724.0984299719785,-1368.995341935305,7569.950415235534,18455.683775592493,64.57823193812796,19442.657636665765,7991.832548633486,-13141.558350963935,-8110.7489597138565,-40930.81516184507,-5843.7950538283285,-2753.539843874097
2744.4407969819435,-381.1468923975124,28.053481140818782,-224.71558070540877,-1591.5692974462982,1626.784552384378,-642.5600463844654,-1169.98102426309,-737.7231965658146,-2038.6286778887559,-500.5748481733122,-42.77638743896706,1916.4021523329525,-3391.35035596811,-1413.2023614206585,2322.1346211030927,-1988.6044724044457,-1105.0648733654016,-4838.646083364976,654.6597687937331,-2147.7643727826826,-211.66923995855367,-2912.897691368217,-4854.825401416969,426.98822437603053,-446.35078094848893,-1159.796482147254,-812.2370673046103,196.98653335987785,-1009.1167596897983,677.2500074490416,-1267.8113836251625,241.26381593438725,1110.7852119117135,1843.897728902537,2322.149618446171,594.4297485934403,2092.109165562037,-3574.3537546611683,-2880.2578560031016,-40.61102978052608,811.6316936003443,1139.4018092739448,-2165.7210876972654,-774.4941610537084,185.17760402915903,-1024.0912660815718,-2496.9184402155693,-8.681393597682966,-2630.411960602466,-1081.1804419459454,1777.9737518690022,1097.3407096351723,5537.613903032918,790.6205278309839,372.43590617925656
-9004.61128897134,1249.9863389083594,-91.93059783013786,737.3090691939558,5222.229581560706,-5337.3426458551585,2108.251340406217,3838.3886225745123,2420.1789862113887,6689.145656857273,1641.6176832625545,139.85674293065767,-6287.664746523674,11126.16583008702,4636.4296282379,-7618.727449366737,6524.268458774392,3625.7338472107785,15874.954115172279,-2147.7643727826826,7047.089769329319,695.5238546964238,9556.951490574369,15928.553041855079,-1400.6606348586708,1463.6422708568066,3805.6169061599344,2664.5424804541835,-646.3144879147201,3310.8865370349577,-2221.9062633224266,4159.881707178361,-791.9018178028984,-3644.2576008700203,-6050.214231642431,-7619.008400629902,-1949.9369818607129,-6864.0301600178345,11727.97479434061,9450.665084893868,133.11617772202135,-2662.5065912771183,-3738.710177579819,7105.594357926649,2541.2627407972477,-607.3880036541796,3359.5210386207323,8192.112496895641,28.56269318573485,8630.177300386673,3547.3457417151903,-5833.079852628927,-3600.5154802025017,-18168.60992054198,-2594.1911602443906,-1222.3895254162403
-888.3404739090369,123.05458318664033,-8.973030397968298,72.69896489920353,515.5953643736249,-527.1421557440884,208.50457351938869,378.65932962228806,238.67583262387797,660.4157168642703,161.24875714347442,13.617892109590944,-620.4636376293234,1096.8028212062643,456.94206116662355,-751.5273953362947,643.1168546941092,357.38470056792255,1565.813484159638,-211.66923995855367,695.5238546964238,70.28896688210808,942.8476507257548,1571.5369551756612,-137.54021940805794,143.50230699041435,375.8019346625853,262.41723867582283,-63.347208934240484,326.7822815591474,-219.33681624096863,410.292347775684,-78.38202876424106,-358.95160353594986,-597.7853376863432,-751.7512825046583,-191.6723071732449,-676.9705136409561,1157.7526473124803,932.9932536791379,12.94786488222371,-261.8409352959048,-369.2289050336381,700.9343670241788,250.59173795527346,-59.89210899613222,331.1857376019835,807.9052683287543,3.0808658541207414,851.3136824537569,350.18611976995555,-574.9781217648897,-355.29734647274825,-1792.2231479423892,-256.14163407693445,-121.38357612424218
-12211.818220370911,1696.2947372701203,-124.79374795387017,999.8649548959992,7082.1818482537465,-7239.581078342539,2859.8500396890954,5206.411009851522,3282.8927506229384,9071.469451508148,2227.373628760239,190.6607043753207,-8527.626311024203,15090.31183246797,6288.031331230538,-10332.888180591604,8848.402271226027,4916.787213351339,21530.806327117276,-2912.897691368217,9556.951490574369,942.8476507257548,12961.771830552712,21602.71789614701,-1899.500411838634,1985.8846963869953,5160.830802997286,3614.121919856643,-875.9293363432666,4490.493914281996,-3013.965223835127,5640.966177897545,-1073.527854326575,-4942.148629887024,-8205.544702410329,-10332.913386731429,-2644.5302794966074,-9309.17877427134,15905.139943628945,12816.490550603232,180.55437679366483,-3611.0131073887596,-5070.128114023545,9636.91042968076,3445.9730173957373,-824.1314383519841,4557.132534184155,11110.47762712214,38.89834081247208,11704.667590118552,4811.192729326565,-7911.295066129417,-4882.7827391324645,-24640.767929531834,-3518.0705203030266,-1657.7555131734664
-20353.351887328627,2826.5258535268817,-207.92303774129576,1666.5039051262556,11803.826904541305,-12065.316818089821,4765.998975616138,8676.921510126926,5471.127894527947,15119.417508343711,3711.731811571661,317.1565169612009,-14212.619612037017,25150.156628624325,10480.115515004529,-17221.39840849488,14747.389931595402,8195.02418470354,35884.238733723934,-4854.825401416969,15928.553041855079,1571.5369551756612,21602.71789614701,36004.54997147246,-3165.975720113405,3309.3498464302934,8601.641242441136,6023.331052615592,-1460.3185986288938,7484.029913835641,-5022.90799829557,9402.124622983036,-1789.4948978257507,-8237.164196839152,-13675.779909027477,-17221.64075478572,-4407.6298407715785,-15515.323813121771,26508.933725654868,21361.253481791726,300.9290154113352,-6018.414075196486,-8450.445981275301,16061.464114957878,5743.66218545004,-1373.317094476775,7594.695785716114,18517.431906856036,64.70185228462796,19507.677015343732,8018.515074090256,-13185.34285963629,-8138.181411709299,-41067.983642000545,-5863.584027871753,-2762.9049677395287
1789.8914027093326,-248.39089239024008,18.29151535255799,-146.586571146863,-1037.8695821832243,1060.421041837373,-418.69894221102066,-762.8209726103939,-480.9839066170567,-1329.4276517635562,-326.44448311478294,-27.704258986580683,1249.6614273604607,-2211.7465723312475,-921.7782512764691,1514.351522216219,-1297.0444711195896,-720.9144210611337,-3155.3905385069106,426.98822437603053,-1400.6606348586708,-137.54021940805794,-1899.500411838634,-3165.975720113405,278.73249938958435,-291.1829043620449,-756.3319060941376,-529.7623603238175,128.76514611648278,-657.9842261427648,441.4762530643036,-827.0205422175961,157.3703146057144,724.671309127042,1202.1333743136477,1514.3688376813138,387.90149814452866,1364.4138669818865,-2330.8812781208267,-1878.2937423313606,-26.53589666180637,529.604065004401,743.0176952570774,-1412.357109498091,-505.27376886562854,120.67232273373281,-667.7074577573305,-1628.418525403836,-5.525455349815968,-1715.383449158302,-704.9419147871575,1159.5747859510802,715.6730669239219,3611.3639069484925,515.569816103209,242.6114577803815
-1870.4878788721444,260.5916795063819,-19.225148009155305,153.13013963164627,1084.5761002674112,-1109.3865087121753,438.2594341544225,798.0123189584285,503.3052186662869,1389.1713475275042,342.08370939552253,29.87733498241194,-1306.3917286778783,2312.5048358226063,963.4614222422023,-1583.075103925063,1355.7423771750616,753.0263543393767,3298.979924013306,-446.35078094848893,1463.6422708568066,143.50230699041435,1985.8846963869953,3309.3498464302934,-291.1829043620449,305.102234919391,790.1892344935848,554.0839978375009,-133.97778606158045,687.9647672273599,-462.0014063672617,863.731413659386,-164.07168841421176,-757.1611508809913,-1256.7267382090004,-1582.7795294484972,-405.3853344726752,-1426.1821203397662,2435.8784670479454,1962.691202169874,27.745848664818915,-553.55039364774575,-776.3075728893274,1476.409219703939,527.6121337227388,-126.49275391634839,698.7438738360986,1702.2415241929048,5.9503499757897504,1793.23209795321,737.0669456588569,-1212.3451562359437,-747.7741269828642,-3774.8962630630303,-538.712590973025,-253.59221936168282
-4862.673614532586,674.8444046202479,-49.620233836329874,398.1663775384594,2820.1562569335974,-2882.161857908785,1138.449690419515,2072.685133350408,1306.8411489947916,3612.344067728989,886.3011177088059,75.37360918184042,-3395.419543490152,6008.105837982872,2503.6945525477804,-4114.181589009184,3523.1411359803724,1957.9881188357756,8572.551058806741,-1159.796482147254,3805.6169061599344,375.8019346625853,5160.830802997286,8601.641242441136,-756.3319060941376,790.1892344935848,2055.1776236863957,1438.7925179620038,-349.0664288411288,1787.9111675196782,-1199.7948654281238,2246.4884988689164,-427.72411030733116,-1967.9353723289203,-3267.2646822917272,-4114.401386068051,-1052.934244091884,-3706.6509918183247,6333.416258188427,5103.644787760354,71.86585483050521,-1437.7060465806699,-2019.0436292918012,3837.0931885861487,1372.3803795824883,-327.9432861331941,1814.0464871499819,4423.807006137998,15.425830235472516,4660.375846966786,1915.6088904247924,-3149.854466760362,-1944.3794969913474,-9811.270714819466,-1400.9508310053166,-660.1885254484827
-3404.866680010106,473.235296056891,-34.83313357846468,278.77915180802876,1974.5259404412227,-2018.6142575254987,797.3943048155288,1451.817305886906,915.49087051718,2529.1305531502567,621.3960183232289,53.396098011652676,-2377.692654659329,4207.874020273341,1753.3588002174488,-2881.1207664257718,2467.281761474384,1370.8918485884892,6003.544039498437,-812.2370673046103,2664.5424804541835,262.41723867582283,3614.121919856643,6023.331052615592,-529.7623603238175,554.0839978375009,1438.7925179620038,1007.8961185313475,-244.19356534571838,1252.0625809836692,-840.4549580981762,1572.7012079433562,-299.17670788593773,-1378.0649073790082,-2287.721959167818,-2881.0013550560247,-737.5051757709429,-2595.6671777151164,4434.446811623306,3573.256638279667,50.37972914773995,-1007.0532152020587,-1413.5086439107251,2687.0531481214243,960.7451339536844,-229.86742052035495,1270.860287803118,3097.9663026493836,10.819325687091666,3263.610650036729,1341.457873929969,-2206.0311556349143,-1361.352926564263,-6870.497181812124,-980.819255419084,-462.02430372240883
825.8885500376954,-113.97841611904106,8.397819172798721,-67.6776916630929,-478.8509341334047,488.41846221013935,-192.64459248904757,-351.4228572426936,-221.50146055573987,-613.4227424979541,-150.12629521013622,-12.20230626172069,576.3099039429916,-1019.9348516815,-425.29140609048704,698.4142956764889,-598.3690955989846,-332.92111413660194,-1455.0266988033227,196.98653335987785,-646.3144879147201,-63.347208934240484,-875.9293363432666,-1460.3185986288938,128.76514611648278,-133.97778606158045,-349.0664288411288,-244.19356534571838,59.89135541535662,-303.3496662384468,203.23802421512897,-381.99077588980646,72.82249475146544,334.570892492266,554.2273930549677,698.6179926368898,179.10757343482163,629.3948949547939,-1075.3753820324557,-866.701016610099,-12.284915269707392,244.4133815049297,342.88758560668015,-651.3855540126972,-233.42433705028924,55.434830980495896,-307.5084905089682,-751.1002912780815,-2.38528911269414,-791.1236826298473,-324.9997625405924,534.7764359863318,330.2971404699346,1665.7945124344094,237.9260308167285,111.78359160213206
-4230.60803444074,587.7281819551714,-43.229775448799764,346.38085833858503,2453.5562183971447,-2508.218819080717,990.8728304512623,1803.7650288969455,1137.367685041914,3142.7184733531744,771.6592722945743,66.12086213982722,-2954.327444192896,5227.840146868432,2178.3657078889646,-3579.7202987188534,3065.376501807442,1703.285945434913,7459.144693750547,-1009.1167596897983,3310.8865370349577,326.7822815591474,4490.493914281996,7484.029913835641,-657.9842261427648,687.9647672273599,1787.9111675196782,1252.0625809836692,-303.3496662384468,1555.7156261426417,-1044.2250910226512,1954.164935715576,-371.8982062321896,-1712.0624498493817,-2842.8298182898457,-3579.714926472244,-916.0859425225252,-3225.0388522791286,5510.182106009076,4440.134699486257,62.527625901478785,-1250.9148479579533,-1756.4967600668124,3338.6083585062543,1193.7592706242085,-285.5406545048733,1578.815996772451,3849.083062641267,13.520649406313815,4054.962231273352,1666.8235723300206,-2740.753963760262,-1691.5658353961744,-8536.501879403459,-1218.7947964706111,-574.3895750557074
2839.15585314712,-394.901512658344,29.04725173128429,-232.42838205286805,-1646.5973240095639,1683.8993126731684,-665.36530627006,-1210.917424933406,-763.6098339397118,-2109.0585349094986,-518.2566562084892,-44.8097655936088,1982.870628030984,-3508.877031639684,-1461.9386943151053,2402.596411682652,-2057.2689985836587,-1142.8750383468355,-5006.523111309285,677.2500074490416,-2221.9062633224266,-219.33681624096863,-3013.965223835127,-5022.90799829557,441.4762530643036,-462.0014063672617,-1199.7948654281238,-840.4549580981762,203.23802421512897,-1044.2250910226512,701.1206922999769,-1311.1530707998893,249.4157803601261,1148.835842236078,1908.130934797294,2402.445624536847,614.718422719658,2164.455366660133,-3697.954582735746,-2979.733362698314,-41.93870662040898,839.4767062730319,1178.7366268940427,-2240.7612023109887,-800.9235638757218,191.8086654513719,-1059.9839949099978,-2583.3318531928953,-9.187420066809375,-2721.5705602186536,-1118.8009963148454,1839.5353829963467,1135.1513829392743,5729.2554198200605,817.9034654749355,385.5675650406406
-5315.419871658159,737.3166627413191,-54.23397070308094,435.27274957197574,3082.6004698857982,-3149.763290135372,1243.9469340198295,2265.2948461323954,1428.2461659052556,3948.5490895506887,968.6546238055713,82.04660261486488,-3711.303453544359,6567.294396384025,2736.897013897817,-4497.037593856908,3851.226838784526,2140.557156277435,9370.161372038654,-1267.8113836251625,4159.881707178361,410.292347775684,5640.966177897545,9402.124622983036,-827.0205422175961,863.731413659386,2246.4884988689164,1572.7012079433562,-381.99077588980646,1954.164935715576,-1311.1530707998893,2455.9368558350016,-467.62675702327857,-2151.4390969797764,-3570.931191341188,-4497.352305747272,-1151.2208788305868,-4051.6921018524467,6922.818703957778,5578.676516760343,78.63012485954461,-1571.8102372596682,-2206.961931598791,4194.164042324479,1500.3783935717445,-358.3200895725632,1982.6115587466218,4835.5741567741015,16.6846735320468,5094.045745612895,2093.7198249307503,-3443.060894159468,-2125.438785624951,-10724.43164475035,-1531.3516540294809,-721.3482873076067
1011.7969222937897,-140.0314204365847,10.280176416434458,-82.86449900883335,-586.8364176561896,599.2977278977653,-236.6572195299639,-430.96506323233217,-271.67194144163204,-751.710019107118,-184.028475080807,-15.336338189026993,706.3430247696316,-1249.6563964004436,-520.8627244929767,855.8567662707372,-732.9351796107213,-407.51632308326396,-1783.1599567633632,241.26381593438725,-791.9018178028984,-78.38202876424106,-1073.527854326575,-1789.4948978257507,157.3703146057144,-164.07168841421176,-427.72411030733116,-299.17670788593773,72.82249475146544,-371.8982062321896,249.4157803601261,-467.62675702327857,89.15530996241891,409.4957581463271,679.7200335088002,856.0276614763393,219.03935469984518,771.1258497744813,-1317.8523224408887,-1062.0420559318209,-14.939697370881381,299.0625182121727,420.195356883266,-798.2291862228841,-285.69995505959224,68.09558200594142,-377.0895074687571,-920.2831159541374,-3.1605688716536786,-969.47581535832785,-398.4642225549015,655.1733801161365,404.62678827855615,2041.1286906120579,291.5419586163092,137.39670750310506
4656.704579886437,-646.321131448108,47.56476726172273,-381.3251601440656,-2700.475232153606,2759.637857736354,-1089.874035555753,-1984.8274151332887,-1251.4763118596272,-3459.0579243474695,-849.0737724567621,-72.20517445602279,3251.4678886336264,-5753.993584214356,-2397.893091011639,3939.9249061515043,-3374.1862207232666,-1875.2616268336105,-8209.490581964506,1110.7852119117135,-3644.2576008700203,-358.95160353594986,-4942.148629887024,-8237.164196839152,724.671309127042,-757.1611508809913,-1967.9353723289203,-1378.0649073790082,334.570892492266,-1712.0624498493817,1148.835842236078,-2151.4390969797764,409.4957581463271,1884.9198050913255,3128.3149208392874,3940.046235014978,1008.7278310470577,3549.726523970528,-6064.725603922806,-4887.114583636467,-68.9292247277233,1377.2731865491478,1933.3141861498184,-3674.5585920987846,-1314.3510338928077,314.03827342196024,-1737.2649741892744,-4236.54542677997,-14.605647090798167,-4462.9694264697055,-1834.3066419915144,3016.661422714811,1861.9797249180656,9395.718157492844,1341.4934863584147,631.7703273886157
7730.734291707495,-1073.7729315821366,78.94652337637329,-632.9435535061579,-4483.617663927043,4583.442557268128,-1810.7744060609461,-3295.9890245548095,-2078.250340445805,-5742.9958051191925,-1409.7159220803878,-120.66212721171955,5398.551381803959,-9552.572248511959,-3980.412234132318,6541.2567868748565,-5601.240541493599,-3112.3965398811647,-13630.072889159028,1843.897728902537,-6050.214231642431,-597.7853376863432,-8205.544702410329,-13675.779909027477,1202.1333743136477,-1256.7267382090004,-3267.2646822917272,-2287.721959167818,554.2273930549677,-2842.8298182898457,1908.130934797294,-3570.931191341188,679.7200335088002,3128.3149208392874,5195.088624921103,6541.347223182841,1673.7304357083638,5893.113305530894,-10069.213335975533,-8113.866989967224,-114.18784707455949,2285.5272058958503,3209.8686299687015,-6100.6834135543795,-2181.3994964871463,521.727477090882,-2884.8300343420065,-7033.406006294129,-24.78565085972443,-7409.672521381461,-3045.885014948357,5008.035798142915,3091.1026857269285,15598.874345018257,2227.2291530936895,1049.8886690448646
9735.46740564457,-1351.7946463996495,99.43632777281867,-797.1383491445986,-5646.045300436614,5770.888968023128,-2279.5503142526513,-4150.205095966931,-2616.8354213038774,-7231.983921471068,-1775.2283672156416,-151.5247495236179,6798.135528491468,-12029.671115608133,-5012.841921137734,8237.279749947544,-7053.950893658962,-3919.9284236983276,-17163.956386775633,2322.149618446171,-7619.008400629902,-751.7512825046583,-10332.913386731429,-17221.64075478572,1514.3688376813138,-1582.7795294484972,-4114.401386068051,-2881.0013550560247,698.6179926368898,-3579.714926472244,2402.445624536847,-4497.352305747272,856.0276614763393,3940.046235014978,6541.347223182841,8237.46474223192,2108.270629166565,7421.2718980773025,-12679.818150751438,-10217.608686262098,-143.9409901269987,2878.7136410859334,4042.0721479721756,-7682.471380535547,-2747.399136925372,656.8142917045802,-3632.5321105451485,-8857.208418744993,-30.915242029812685,-9330.848311762142,-3835.3689068579943,6306.742878258484,3892.701051148219,19643.57275729979,2804.7051177378435,1321.5521929733789
2491.753075785846,-345.9342166700907,25.48228150699846,-204.05206673123075,-1444.903820178804,1476.5658283084326,-583.0819464142003,-1062.0905401908317,-669.6926484875341,-1850.784842036617,-454.53558206886777,-38.708956541261024,1739.8138191675018,-3079.151109539823,-1283.2029155740952,2108.249716737702,-1805.6241541232773,-1003.488818993329,-4392.943614075611,594.4297485934403,-1949.9369818607129,-191.6723071732449,-2644.5302794966074,-4407.6298407715785,387.90149814452866,-405.3853344726752,-1052.934244091884,-737.5051757709429,179.10757343482163,-916.0859425225252,614.718422719658,-1151.2208788305868,219.03935469984518,1008.7278310470577,1673.7304357083638,2108.270629166565,539.9343652049912,1899.4868394627474,-3245.002303031747,-2614.8897777065868,-36.93146062999778,737.1487487379803,1034.3988685234356,-1966.2443247594833,-703.3036101041484,168.05811856968018,-929.6890091325366,-2267.0113998011025,-7.7595735615289145,-2388.1334238109694,-981.4850806971052,1614.3198150849812,996.3013676691297,5027.631669724856,717.7750260024222,337.8715539036684
