V1,V2,V3,V4,V5,V6,V7,V8,V9,V10,V11,V12,V13,V14,V15,V16,V17,V18,V19,V20,V21,V22,V23,V24,V25,V26,V27,V28,V29,V30,V31,V32,V33,V34,V35,V36,V37,V38,V39,V40,V41,V42,V43,V44,V45,V46,V47,V48,V49,V50,V51,V52,V53,V54,V55,V56
113940.46489591636,-100032.83260838264,106806.8869398358,128131.57731349955,-103483.41771985855,-11809.040518422118,97858.92533050895,21728.464092347822,-197345.69831734287,43374.82036310227,213814.0444776499,136024.79426179512,-125713.01768230561,109384.94128854184,-441456.1729943476,216185.64200815093,-9460.500877427081,-175488.11483012853,119556.89943668082,968.6073608737476,-105350.36426137055,42638.03040034151,-390035.6402809693,279851.9399304019,338274.0181819586,-280642.2303716588,-233469.19345009667,-9265.372732754726,-324883.3306406064,275280.40119906917,258855.28447995233,-3174.5003025625465,-103146.8247477784,-50687.71399087721,-162081.20643884712,-355698.97893476754,309733.07718723005,-148955.74212546757,-52253.143442376866,320307.35219331237,131317.34008373372,148380.00866374446,-238319.18943260759,-162219.61446798517,108103.5742999924,-421992.5355022152,86385.60219397445,361850.95571382856,272978.95065753575,-35864.23993686759,29107.90233824595,-53393.772257257864,-190332.9489242987,-637569.0617357754,163859.38451824602,-96188.31635498452
-100032.83260838264,87823.38334492748,-93770.64382459756,-112492.62924045858,90852.41927722373,10367.982375908807,-85914.90191437681,-19076.630549335954,173258.67329232293,-38081.25631551871,-187717.17556895965,-119422.30923630286,110369.6455219513,-96034.82098980145,387574.1769143902,-189798.7017399201,8305.307613740479,154068.7077942879,-104965.57125495185,-850.2218830514772,92491.34600060254,-37433.90106722073,342429.436322054,-245695.9659136858,-296986.0717107856,246388.56825960256,204972.96352088478,8134.317076285045,285230.03358836955,-241681.4592141718,-227260.76806164306,2786.6592686135427,90557.40001113724,44501.37246401983,142298.90008006917,312284.9530248852,-271928.64374351664,130775.56295718749,45874.5294745093,-281213.19166250335,-115289.506024351,-130269.36352272266,209231.59777176272,142419.49376239374,-94909.307926993,370486.53201044706,-75842.04271532533,-317686.08188719,-239660.66636214592,31486.232529916062,-25555.392991647404,46877.25018885186,167102.281112066,559752.3404894472,-143859.43513716702,84448.18447600797
106806.8869398358,-93770.64382459756,100120.72057257354,120110.55313500244,-97004.81798356824,-11070.242966844602,91733.0789456304,20368.5856020561,-184991.5576199333,40660.16636993755,200429.31556611025,127509.56192133097,-117843.89893667036,102538.4117283128,-413820.3721944801,202651.61710314918,-8867.655992918437,-164502.11838990654,112074.03226521934,907.772413046218,-98754.71781962087,39968.922899574616,-365618.35508727125,262334.5503046142,317097.76054145244,-263073.7747258617,-218853.55124339997,-8685.114101128018,-304545.5666121562,258048.0179380186,242650.6348184878,-2975.363835385126,-96689.87070745301,-47514.99437087682,-151935.39312933077,-333432.76563641505,290343.4508522543,-139631.68169876657,-48980.97497822942,300256.85265991534,123096.82601373632,139091.09031847032,-223400.6507829274,-152063.9330217147,101336.49687079753,-395575.6486505786,80978.10816742714,339199.6761451513,255890.3340117495,-33618.32572166209,27286.052413021032,-50051.83388450803,-178418.36051314033,-597658.6256382783,153601.46693489244,-90166.9867174776
128131.57731349955,-112492.62924045858,120110.55313500244,144091.51515725683,-116372.49465473373,-13280.541982101971,110048.27144164893,24435.35455334394,-221926.4572036376,48778.32698615111,240446.5184988489,152967.78255602295,-141372.35794841486,123011.06986664963,-496442.5937502713,243112.42783836517,-10638.081913035792,-197346.13795835275,134450.58465689045,1088.9911341790914,-118471.75693587976,47949.001122854716,-438616.65084380994,314711.71617682825,380408.6318825986,-315598.3630387177,-262549.23560480133,-10419.13377198547,-365350.33588154434,309569.2268202101,291097.59482972027,-3569.372391140836,-115994.71924207553,-57001.74901345536,-182270.46052108222,-400005.135657728,348312.6230777378,-167510.24136558612,-58760.28163443969,360205.4193754651,147674.0149603367,166861.61387597155,-268004.26011107647,-182424.54486122562,121569.09990067605,-474555.23085500486,97146.0110966623,406923.4554775794,306980.7119447724,-40330.38695178878,32733.945961187215,-60045.11036151541,-214040.93027442443,-716985.7265793829,184269.10404153267,-108169.49216898496
-103483.41771985855,90852.41927722373,-97004.81798356824,-116372.49465473373,93986.19441344436,10725.417013955772,-88878.08687492798,-19734.473605728548,179234.479758372,-39394.366396683086,-194191.5922739364,-123541.28406457759,114176.0661265473,-99346.65759980986,400941.9303878036,-196345.232422257,8592.043027804912,159382.7789234567,-108585.23486029945,-879.6373200838698,95681.73831498653,-38724.95482132424,354240.3150271106,-254169.40677509888,-307229.2825456242,254886.58998763014,212042.7366429073,8414.960415893442,295067.62819375936,-250016.99615862174,-235099.11537279587,2883.007939154092,93680.68516561069,46036.057896960214,147206.58084108375,323055.41285227885,-281307.6339971542,135285.75353856516,47457.30420381517,-290911.8608036811,-119265.87004508535,-134762.50824504704,216447.86988247102,147331.88335098463,-98182.60800812069,383264.72465389833,-78457.77373670397,-328642.8244864124,-247926.646429727,32572.561373245648,-26436.66747773818,48493.829118864574,172865.50993369918,579057.5833567996,-148821.31806018323,87360.77291122233
-11809.040518422118,10367.982375908807,-11070.242966844602,-13280.541982101971,10725.417013955772,1224.4801447767895,-10143.059200638314,-2252.4252353988136,20454.14889628629,-4496.147987167545,-22161.408801413352,-14098.695194015523,13030.289565579335,-11338.237993571567,45755.483870378215,-22406.53291769318,980.1396408853973,18188.700650520685,-12392.91303211432,-100.25528456316745,10918.815097908839,-4419.46100740766,40425.46357167801,-29007.042288397395,-35061.17444587041,29087.7217217404,24198.212944073854,960.1461123644361,33673.26175722008,-28532.34969175032,-26829.454000522986,328.81227956197245,10690.931531081811,5253.831607970543,16799.795058037562,36867.79015665783,-32102.938752992013,15439.337992070348,5415.07900321434,-33199.661004184214,-13610.69445270485,-15379.07271763356,24701.413084198914,16813.133799759507,-11204.771614031117,43738.48935625661,-8953.931987395887,-37505.460595238466,-28293.58694821457,3716.6189270899895,-3017.241617995881,5534.523733704535,19727.74047235903,66083.61628186614,-16983.417048564184,9969.807403666095
97858.92533050895,-85914.90191437681,91733.0789456304,110048.27144164893,-88878.08687492798,-10143.059200638314,84048.24028638766,18662.342592921872,-169493.7524727393,37254.01009719493,183638.3647544072,116827.47568599902,-107971.67041887814,93948.50369846709,-379152.385876648,185674.23549718686,-8124.635913762247,-150720.87696794933,102685.42704056783,831.6805981939187,-90481.35918594291,36620.60393697542,-334988.32750445505,240357.80988155003,290532.8318503505,-241034.66529485382,-200518.956447064,-7957.451276857326,-279032.13927393465,236430.0853385198,222322.4209559311,-2726.056864637297,-88589.65657861925,-43534.45250247864,-139207.17506526495,-305499.53683111764,266019.85305307753,-127934.16048873712,-44877.29269966206,275102.9835293149,112784.35377139026,127438.6816512266,-204685.29557986223,-139324.5625053095,92847.02522300661,-362436.24276147445,74194.27457460218,310783.3355110437,234453.08681022006,-30801.723613923717,25000.269711936613,-45858.86574920709,-163471.39089813977,-547590.0681068359,140733.40559773636,-82613.2966224155
21728.464092347822,-19076.630549335954,20368.5856020561,24435.35455334394,-19734.473605728548,-2252.4252353988136,18662.342592921872,4143.9939252916765,-37634.61029786373,8272.191699551879,40775.50683460885,25940.63684102589,-23974.48105257506,20860.942928162905,-84187.5639505804,41227.17412964346,-1803.7694706527454,-33466.23905224134,22801.09484447016,184.58942848194351,-20090.404526581984,8131.341328224198,-74381.08424377219,53370.116811021806,64510.43416917283,-53519.7293074542,-44523.48514709675,-1766.7776711867252,-61956.83406098566,52497.52771025613,49364.79697770284,-605.1722642009781,-19670.63485176727,-9666.596968865153,-30910.07022081783,-67833.99087125866,59067.5006595043,-28407.00342864674,-9964.21250600248,61084.73801897319,25042.859166279537,28296.63967094898,-45448.852116831426,-30935.625074095162,20616.007001289727,-80476.08389837592,16474.39684539336,69007.24688250465,52058.428867369956,-6838.944654636148,5551.250166648555,-10182.81610962215,-36297.6287110617,-121588.64493886709,31248.625760648327,-18343.668265782148
-197345.69831734287,173258.67329232293,-184991.5576199333,-221926.4572036376,179234.479758372,20454.14889628629,-169493.7524727393,-37634.61029786373,341806.2107089807,-75127.01766213814,-370330.1911169128,-235597.4803761556,217738.24614086375,-189458.40674534912,764609.8121621002,-374436.5565460402,16384.78966173786,303948.17415870976,-207077.09416946623,-1677.3245279307605,182467.78264426588,-73849.9391298724,675547.8126328983,-484711.22013031004,-585896.8038250459,486077.51908425434,404372.5219070271,16047.427524967912,562704.3002624792,-476791.368195339,-448342.02368220425,5497.610467684853,178652.41597016747,87792.6713092256,280728.57918515464,616078.5445797364,-536463.2788838189,257995.20328712297,90501.70695720677,-554779.8626466502,-227444.16654103628,-256996.57912978617,412773.9469094094,280966.4358130109,-187237.88422040452,730899.177988776,-149621.9322779736,-626733.9574913684,-472804.72740538174,62116.29779992453,-50415.93349865337,92479.88052588394,329660.8531692547,1104284.4430922396,-283807.19336656184,166600.14766926673
43374.82036310227,-38081.25631551871,40660.16636993755,48778.32698615111,-39394.366396683086,-4496.147987167545,37254.01009719493,8272.191699551879,-75127.01766213814,16513.07338678435,81396.73797016146,51783.08788933012,-47858.227226382696,41642.8302107918,-168056.85048568834,82298.57724323924,-3600.778174026846,-66805.92230127315,45515.71635591132,368.49981578015314,-40104.88467830797,16231.920447281309,-148481.09120705703,106538.25390833805,128776.93305057452,-106837.18777400856,-88878.6377178352,-3526.9380814777232,-123679.49097932193,104796.50126872436,98543.039267407,-1208.0095261445153,-39266.93315195279,-19296.64841931275,-61703.169179474375,-135411.4360066019,117911.66408029811,-56706.53481997947,-19890.83972196603,121938.46997803006,49991.03736204062,56486.29846727149,-90725.85161419734,-61754.37571981647,41154.10766392178,-160647.83816654788,32886.37088025607,137753.4754615478,103919.99768150397,-13652.145809689966,11081.444709768439,-20327.046772520338,-72458.01384800031,-242717.36199063595,62379.11482500171,-36617.95078505839
213814.0444776499,-187717.17556895965,200429.31556611025,240446.5184988489,-194191.5922739364,-22161.408801413352,183638.3647544072,40775.50683460885,-370330.1911169128,81396.73797016146,401234.8560603644,255258.46549143636,-235909.08168312846,205269.53457286398,-828417.2142490504,405683.3639135246,-17751.806504546774,-329312.89027138375,224358.75796521906,1817.1937331401894,-197694.64331994925,80012.80802717718,-731922.6103755707,525161.7286126018,634790.5515721077,-526641.1422274942,-438117.75518127717,-17386.44435686112,-609662.6385599198,516580.3646986514,485756.5586031858,-5956.258537768015,-193561.1771823297,-95119.22668233256,-304156.02131169906,-667491.4020151356,581231.704201791,-279525.5470834536,-98053.67284966439,601077.313051576,246424.66659634293,278443.127466579,-447220.5835331852,-304413.0765123747,202863.18937446515,-791893.666963918,162108.29836578944,679036.0746206795,512260.8747599311,-67299.54772825867,54623.39128099078,-100197.74476097265,-357171.5990575535,-1196439.2024386066,307491.14428709756,-180503.18701472585
136024.79426179512,-119422.30923630286,127509.56192133097,152967.78255602295,-123541.28406457759,-14098.695194015523,116827.47568599902,25940.63684102589,-235597.4803761556,51783.08788933012,255258.46549143636,162390.91978620435,-150081.10603541145,130588.70861720483,-527024.3448887606,258088.6064358679,-11293.465741370357,-209503.06483576325,142732.9061818058,1156.0930082661794,-125769.8905411566,50902.75890288733,-465636.2150290416,334098.38725176535,403842.4860213849,-335039.73326407437,-278722.75807405816,-11060.97427353773,-387856.4734624257,328639.2099627961,309029.67126905813,-3789.3376069158608,-123140.1596177282,-60513.09104511241,-193498.62215635454,-424646.0673121406,369769.3072263021,-177829.10221638822,-62380.11552487557,382394.5862944379,156770.97902533915,177140.612855925,-284513.7342736908,-193662.24776628872,129057.90115384066,-503788.65831811633,103130.40139094088,431990.5736697114,325891.26272786694,-42814.85534670448,34750.40890354938,-63743.95861857069,-227226.16844419742,-761153.1332587175,195620.4196328512,-114832.92695179164
-125713.01768230561,110369.6455219513,-117843.89893667036,-141372.35794841486,114176.0661265473,13030.289565579335,-107971.67041887814,-23974.48105257506,217738.24614086375,-47858.227226382696,-235909.08168312846,-150081.10603541145,138704.8703926664,-120690.37573037764,487073.7816563045,-238524.09751943283,10436.935089067116,193621.74943413454,-131914.31829950566,-1068.309807042759,116235.60551889507,-47044.20946214195,430338.7649857044,-308773.675999173,-373229.7438652931,309642.50752492604,257594.34801514426,10222.346895106104,358455.70285062294,-303727.45481413533,-285604.04017851414,3501.776414807712,113805.78675539665,55926.254987551125,178831.17112883896,392456.9747212894,-341739.3930486401,164349.52093851726,57650.66978120969,-353408.4425472172,-144887.21484615645,-163712.5662315844,262946.89107133716,178981.50902741926,-119275.06876705338,465599.7858978366,-95312.96097965568,-399244.76928262657,-301187.5870119687,39568.76121854975,-32116.443401852852,58912.33828587469,210001.90885569758,703456.3695800835,-180791.539594676,106128.28139358359
109384.94128854184,-96034.82098980145,102538.4117283128,123011.06986664963,-99346.65759980986,-11338.237993571567,93948.50369846709,20860.942928162905,-189458.40674534912,41642.8302107918,205269.53457286398,130588.70861720483,-120690.37573037764,105015.95222253699,-423812.6922794196,207544.280168195,-9080.954725253285,-168474.05897423424,114782.41155951649,929.4122850634263,-101138.585009735,40934.100240902946,-374446.0854221998,268671.3864832581,324754.8293879225,-269426.2292492831,-224137.96812776252,-8894.482141836734,-311899.80549107917,264279.7652009916,248509.86791650613,-3046.7060151462374,-99024.8104528289,-48662.855390046076,-155605.04693591493,-341485.43471837696,297354.3803276857,-143004.37140726743,-50162.34405530943,307508.5818229579,126069.39055119,142449.4926067441,-228795.76255849772,-155735.07408199745,103783.87419592649,-405128.0816698958,82934.01809760366,347391.69547393505,262069.56100386582,-34429.050970257806,27945.396973262483,-51261.24274668803,-182727.23955090577,-612093.1467254412,157310.31783510736,-92344.45605673484
-441456.1729943476,387574.1769143902,-413820.3721944801,-496442.5937502713,400941.9303878036,45755.483870378215,-379152.385876648,-84187.5639505804,764609.8121621002,-168056.85048568834,-828417.2142490504,-527024.3448887606,487073.7816563045,-423812.6922794196,1710408.4250899332,-837602.8796251334,36652.24251906039,679922.6780845871,-463225.239515503,-3752.117507739576,408174.73514203646,-165200.105680956,1511179.37389404,-1084284.1153000372,-1310633.0207861317,1087340.2940905541,904568.771983504,35897.56230504244,1258751.9723933942,-1066567.5600043088,-1002927.1093161746,12298.036989368014,399639.88898431486,196389.44576372768,627981.2508206987,1378148.6483236128,-1200051.750342643,577127.312023219,202449.41710254308,-1241025.3982441782,-508785.5319454698,-574893.4037041807,923362.5355046816,628513.1274410258,-418845.2951885176,1634998.8312024337,-334699.7244577203,-1401984.4901628871,-1057649.545388105,138952.1395117274,-112778.9454497716,206874.67354543647,737441.1056822012,2470250.197071651,-634867.8735193956,372679.4209756972
216185.64200815093,-189798.7017399201,202651.61710314918,243112.42783836517,-196345.232422257,-22406.53291769318,185674.23549718686,41227.17412964346,-374436.5565460402,82298.57724323924,405683.3639135246,258088.6064358679,-238524.09751943283,207544.280168195,-837602.8796251334,410182.22988944274,-17949.317944764498,-332964.5426752625,226844.67015943187,1837.569867489274,-199887.3073905823,80899.93777890682,-740038.9049005259,530982.8741742795,641829.0186928425,-532480.5533925517,-442975.8063267801,-17579.523988878533,-616422.3083049444,522307.6632921639,491142.7020194226,-6022.690301051927,-195707.25847475283,-96173.4993741823,-307527.77433967876,-674891.5176393366,587676.3952936885,-282624.1077062545,-99142.02546823534,607740.9023539342,249156.9134358593,281530.6919193166,-452178.83708655374,-307789.03792215936,205112.22552949825,-800673.8019967087,163905.29455044505,686564.109567891,517940.62324019644,-68046.64551052949,55228.66145023445,-101308.07063420085,-361131.4301021201,-1209702.9823153038,310900.7444907964,-182504.4297093236
-9460.500877427081,8305.307613740479,-8867.655992918437,-10638.081913035792,8592.043027804912,980.1396408853973,-8124.635913762247,-1803.7694706527454,16384.78966173786,-3600.778174026846,-17751.806504546774,-11293.465741370357,10436.935089067116,-9080.954725253285,36652.24251906039,-17949.317944764498,785.8986202652909,14570.164913074907,-9925.196947971459,-80.56402897706619,8747.169780960869,-3540.0376411345796,32383.341712645833,-23233.704899623703,-28085.33826436073,23300.454270108683,19384.032010117942,769.4413220198769,26973.392985186012,-22854.96793238431,-21491.606226527667,263.84541068552664,8563.723407987469,4208.090167121493,13456.448639258759,29531.441532042187,-25715.7600276368,12366.611149588478,4339.056574321598,-26592.94347694874,-10902.615586048378,-12319.46231972591,19786.233777706268,13468.751967135675,-8975.129738761016,35035.92212831504,-7171.957522049494,-30042.161984957103,-22664.104953026712,2978.1866930810043,-2416.4689244376277,4432.632692615366,15802.172051037689,52933.03566353498,-13604.597571259897,7985.991326085129
-175488.11483012853,154068.7077942879,-164502.11838990654,-197346.13795835275,159382.7789234567,18188.700650520685,-150720.87696794933,-33466.23905224134,303948.17415870976,-66805.92230127315,-329312.89027138375,-209503.06483576325,193621.74943413454,-168474.05897423424,679922.6780845871,-332964.5426752625,14570.164913074907,270283.37502908043,-184141.28161962423,-1491.588429682144,162258.01426996483,-65670.46147911418,600725.09497109,-431024.9560878655,-521003.666533309,432240.18205937743,359584.8007681614,14270.07154269512,500379.7837513485,-423982.518633966,-398684.19656430796,4888.837052228123,158865.06036258093,78068.74400934445,249635.398365847,547842.3181315195,-477045.3450699676,229419.85605660657,80478.04873863397,-493332.9567898139,-202252.721820643,-228532.04316108863,367055.54428510176,249847.04852262588,-166499.5572770541,649945.7081223967,-133049.99243722594,-557317.5398265623,-420437.4894122022,55236.49858286084,-44831.901076204915,82236.82915733622,293147.94765911583,981974.9660687875,-252373.11087921314,148147.74362548933
119556.89943668082,-104965.57125495185,112074.03226521934,134450.58465689045,-108585.23486029945,-12392.91303211432,102685.42704056783,22801.09484447016,-207077.09416946623,45515.71635591132,224358.75796521906,142732.9061818058,-131914.31829950566,114782.41155951649,-463225.239515503,226844.67015943187,-9925.196947971459,-184141.28161962423,125457.33175446125,1015.7651944168881,-110543.73700608202,44740.885154939075,-409267.5219745068,293657.3058292968,354955.57332601404,-294481.64289410395,-244981.65135837017,-9721.528947260287,-340905.1069276154,288856.76931038697,271620.08018723206,-3329.8895796918255,-108233.71548599227,-53188.40507608512,-170075.92512787977,-373242.3917978244,325006.9836920235,-156303.42226019673,-54826.71957841753,336105.9288417349,137793.28555224123,155696.59294409308,-250072.92493933853,-170217.45653020474,113435.40483623993,-442803.2451951853,90646.66552505273,379697.9254918539,286440.8953688378,-37630.444268052255,30544.35600070694,-56028.538945205946,-199720.21362009016,-669015.8601648092,171939.3760413468,-100932.16817256673
968.6073608737476,-850.2218830514772,907.772413046218,1088.9911341790914,-879.6373200838698,-100.25528456316745,831.6805981939187,184.58942848194351,-1677.3245279307605,368.49981578015314,1817.1937331401894,1156.0930082661794,-1068.309807042759,929.4122850634263,-3752.117507739576,1837.569867489274,-80.56402897706619,-1491.588429682144,1015.7651944168881,8.286878464691265,-895.5489142008967,362.39448806850544,-3315.19132930579,2378.1372755464304,2875.0845318339775,-2385.2641377270393,-1984.3735954114347,-78.81284874052648,-2761.206809182179,2339.5762390836644,2200.096053969516,-27.083409263331955,-876.6436178220714,-430.7098932093652,-1377.4254142080358,-3022.9628806434216,2632.524760568202,-1265.8341455022876,-444.3692624774218,2722.1291559449737,1116.0782905912824,1261.1763622806238,-2025.4293368935985,-1378.8925621008445,918.7254566820966,-3586.565967503236,734.1273554086407,3075.2349062999197,2320.093936630227,-305.01565131582373,247.31327600101375,-453.6601220799121,-1617.5843838774933,-5418.373607894734,1392.723453988295,-817.501365255163
-105350.36426137055,92491.34600060254,-98754.71781962087,-118471.75693587976,95681.73831498653,10918.815097908839,-90481.35918594291,-20090.404526581984,182467.78264426588,-40104.88467830797,-197694.64331994925,-125769.8905411566,116235.60551889507,-101138.585009735,408174.73514203646,-199887.3073905823,8747.169780960869,162258.01426996483,-110543.73700608202,-895.5489142008967,97407.90778781938,-39423.52960159867,360630.7387521037,-258754.13853279417,-312771.5181886866,259484.59341604408,215867.91282435576,8566.812350114264,300390.4127644144,-254527.0676363072,-239340.16960294652,2935.107298063351,95370.600942678,46866.43251477992,149861.9834846149,328882.95704709133,-286382.27326112735,137726.07926552216,48313.62446036993,-296159.5225216324,-121417.33720099667,-137193.59016957312,220352.36445881976,149989.78159512306,-99953.69578130268,390178.54223458894,-79873.03947322404,-334571.1486331884,-252399.0734430605,33160.31077723107,-26913.504379118098,49368.50937207487,175983.80979536273,589503.0221592485,-151506.0006725307,88936.68671591431
42638.03040034151,-37433.90106722073,39968.922899574616,47949.001122854716,-38724.95482132424,-4419.46100740766,36620.60393697542,8131.341328224198,-73849.9391298724,16231.920447281309,80012.80802717718,50902.75890288733,-47044.20946214195,40934.100240902946,-165200.105680956,80899.93777890682,-3540.0376411345796,-65670.46147911418,44740.885154939075,362.39448806850544,-39423.52960159867,15956.053300300526,-145957.4063185542,104725.99150521381,126587.78656845725,-105021.01049308538,-87367.87099025956,-3467.1732900237535,-121576.73479482747,103014.68761062015,96867.83942818663,-1187.7933490529576,-38599.31365878522,-18968.287243717074,-60653.857637876485,-133108.8405415765,115907.27048785063,-55742.011760905225,-19553.412114596,119864.8279014578,49141.126680166824,55526.23750326214,-89183.21528027301,-60704.970766704035,40454.25091789701,-157916.68141869642,32327.07967537197,135411.00786858107,102153.31038481687,-13420.61425932498,10892.848701562632,-19981.060488434174,-71225.92825915648,-238589.77812704694,61318.783942126414,-35995.40598752869
-390035.6402809693,342429.436322054,-365618.35508727125,-438616.65084380994,354240.3150271106,40425.46357167801,-334988.32750445505,-74381.08424377219,675547.8126328983,-148481.09120705703,-731922.6103755707,-465636.2150290416,430338.7649857044,-374446.0854221998,1511179.37389404,-740038.9049005259,32383.341712645833,600725.09497109,-409267.5219745068,-3315.19132930579,360630.7387521037,-145957.4063185542,1335156.9741082746,-957985.1319066653,-1157969.8160466703,960686.389062103,799204.3347661507,31716.35400592135,1112131.861726772,-942332.969790546,-886105.776593852,10865.767011928083,353089.5785529531,173513.71221868036,554833.2394833857,1217620.6788644323,-1060269.1511118156,509902.7990511663,178868.71619535898,-1096469.5098639694,-449521.9138797726,-507929.6290094789,815808.5347987263,555304.007647551,-370057.8443788874,1444553.2175601167,-295713.48180820234,-1238680.07700984,-934453.9252818578,122767.4467909152,-99642.157132675,182777.45102585494,651543.3548215028,2182513.0033757174,-560918.2743782493,329269.4111343234
279851.9399304019,-245695.9659136858,262334.5503046142,314711.71617682825,-254169.40677509888,-29007.042288397395,240357.80988155003,53370.116811021806,-484711.22013031004,106538.25390833805,525161.7286126018,334098.38725176535,-308773.675999173,268671.3864832581,-1084284.1153000372,530982.8741742795,-23233.704899623703,-431024.9560878655,293657.3058292968,2378.1372755464304,-258754.13853279417,104725.99150521381,-957985.1319066653,687367.3017327382,830853.7955187849,-689301.0517050433,-573435.5994268132,-22756.10009327111,-797965.1116788163,676133.5341924258,635788.5697070481,-7795.260026816076,-253345.2520893476,-124498.61129286773,-398099.56977222743,-873656.1116204167,760752.5127872473,-365861.7464297361,-128337.00455340873,786729.4736129383,322536.194516059,364443.5822945167,-585351.166856777,-398433.99732481193,265520.57392068533,-1036480.5607598275,212178.05638934573,888766.5736396443,670479.4155481355,-88084.59544769824,71495.08647245388,-131146.0057778448,-467489.33153906086,-1565978.021056161,402463.4326774453,-236254.19180965927
338274.0181819586,-296986.0717107856,317097.76054145244,380408.6318825986,-307229.2825456242,-35061.17444587041,290532.8318503505,64510.43416917283,-585896.8038250459,128776.93305057452,634790.5515721077,403842.4860213849,-373229.7438652931,324754.8293879225,-1310633.0207861317,641829.0186928425,-28085.33826436073,-521003.666533309,354955.57332601404,2875.0845318339775,-312771.5181886866,126587.78656845725,-1157969.8160466703,830853.7955187849,1004297.5686623901,-833195.2353797653,-693143.0032375401,-27507.133122618015,-964542.7312035989,817277.8471506935,768511.9846424919,-9423.52323364383,-306231.7122779365,-150487.23229208373,-481202.7920509804,-1056032.9021753955,919562.5409617781,-442234.98292230495,-155130.44499445145,950959.6392504334,389866.6296926233,440523.0075640191,-707544.2677356276,-481610.01736508415,320948.2514322911,-1252849.0999276366,256470.14859892367,1074297.5811796987,810444.1724400204,-106474.52382077169,86419.1149216954,-158521.80307510452,-565078.4114232794,-1892876.8183112766,486479.5672299278,-285572.77028014214
-280642.2303716588,246388.56825960256,-263073.7747258617,-315598.3630387177,254886.58998763014,29087.7217217404,-241034.66529485382,-53519.7293074542,486077.51908425434,-106837.18777400856,-526641.1422274942,-335039.73326407437,309642.50752492604,-269426.2292492831,1087340.2940905541,-532480.5533925517,23300.454270108683,432240.18205937743,-294481.64289410395,-2385.2641377270393,259484.59341604408,-105021.01049308538,960686.389062103,-689301.0517050433,-833195.2353797653,691243.6864774531,575052.125562857,22820.765226206713,800213.4801367692,-678038.0795954389,-637580.523020435,7818.009504182757,254058.99215695204,124848.70429541913,399220.1730067266,876116.4043848752,-762896.5384913984,366891.32366181107,128700.86553192405,-788944.5063644098,-323444.995276231,-365471.04088142153,586999.8521145914,399558.07869385846,-266268.27592419105,1039400.9934476656,-212775.23252322862,-891269.3107437185,-672368.6701949897,88334.482334749875,-71695.85316479443,131514.38690064143,468805.92577670846,1570387.054353921,-403597.97513038514,236919.68964017587
-233469.19345009667,204972.96352088478,-218853.55124339997,-262549.23560480133,212042.7366429073,24198.212944073854,-200518.956447064,-44523.48514709675,404372.5219070271,-88878.6377178352,-438117.75518127717,-278722.75807405816,257594.34801514426,-224137.96812776252,904568.771983504,-442975.8063267801,19384.032010117942,359584.8007681614,-244981.65135837017,-1984.3735954114347,215867.91282435576,-87367.87099025956,799204.3347661507,-573435.5994268132,-693143.0032375401,575052.125562857,478391.4319145207,18984.854131056745,665705.1254775772,-564066.1886014668,-530409.3052706695,6504.017689209518,211354.02528810097,103862.72305713965,332114.8308033515,728849.2840335425,-634660.8639145591,305220.1707598574,107067.84924199081,-656330.0648445111,-269076.9507684228,-304038.8524850554,488330.58374694485,332396.333119948,-221511.00509306855,864687.4991863344,-177009.67136023808,-741455.138387973,-559349.8406944314,73486.52317002352,-59644.35631391036,109407.92613342725,390003.9593975864,1306419.3136813487,-335757.0572514199,197095.6602181052
-9265.372732754726,8134.317076285045,-8685.114101128018,-10419.13377198547,8414.960415893442,960.1461123644361,-7957.451276857326,-1766.7776711867252,16047.427524967912,-3526.9380814777232,-17386.44435686112,-11060.97427353773,10222.346895106104,-8894.482141836734,35897.56230504244,-17579.523988878533,769.4413220198769,14270.07154269512,-9721.528947260287,-78.81284874052648,8566.812350114264,-3467.1732900237535,31716.35400592135,-22756.10009327111,-27507.133122618015,22820.765226206713,18984.854131056745,753.4950960016747,26418.205164960385,-22384.632230307678,-21049.133152689184,258.2175592065828,8387.482105578174,4121.637022155569,13179.68092153178,28923.861927942846,-25186.310946924325,12112.33591640219,4249.250674689597,-26045.931960692924,-10678.197168908966,-12065.743724906144,19379.096223687982,13191.2092784601,-8790.502269245953,34314.73008071532,-7024.443147064108,-29424.090630663057,-22197.56036086233,2916.527964446293,-2366.8637773763276,4341.630318419907,15477.044712587527,51844.17488909798,-13324.440693618717,7821.638615818741
-324883.3306406064,285230.03358836955,-304545.5666121562,-365350.33588154434,295067.62819375936,33673.26175722008,-279032.13927393465,-61956.83406098566,562704.3002624792,-123679.49097932193,-609662.6385599198,-387856.4734624257,358455.70285062294,-311899.80549107917,1258751.9723933942,-616422.3083049444,26973.392985186012,500379.7837513485,-340905.1069276154,-2761.206809182179,300390.4127644144,-121576.73479482747,1112131.861726772,-797965.1116788163,-964542.7312035989,800213.4801367692,665705.1254775772,26418.205164960385,926361.8020630764,-784926.2648391661,-738090.7553969608,9050.321716510949,294109.6842839843,144530.41829715247,462154.60194353113,1014230.4286979948,-883161.898893723,424729.45943870733,148989.4297476573,-913316.4819450104,-374433.93481821415,-423084.9347694515,679536.4823001385,462545.5210831166,-308243.76180746866,1203255.5402912705,-246317.8970106708,-1031772.1291547735,-778363.014786142,102259.58805906116,-82998.28686532391,152246.93156707508,542710.1057742665,1817948.44967539,-467222.41002240404,274268.4360970148
275280.40119906917,-241681.4592141718,258048.0179380186,309569.2268202101,-250016.99615862174,-28532.34969175032,236430.0853385198,52497.52771025613,-476791.368195339,104796.50126872436,516580.3646986514,328639.2099627961,-303727.45481413533,264279.7652009916,-1066567.5600043088,522307.6632921639,-22854.96793238431,-423982.518633966,288856.76931038697,2339.5762390836644,-254527.0676363072,103014.68761062015,-942332.969790546,676133.5341924258,817277.8471506935,-678038.0795954389,-564066.1886014668,-22384.632230307678,-784926.2648391661,665085.06458195,625400.0837299369,-7668.466567581677,-249205.48180799183,-122463.79252355326,-391593.8072420522,-859379.5270968438,748322.0971317632,-359882.62291979196,-126241.58836529235,773873.0190538152,317265.9335060796,358488.94897835155,-575786.0181204977,-391924.56214231206,261181.61470685859,-1019544.3920208343,208710.61014868153,874243.003485954,659523.7858474188,-86646.47679615178,70326.3742045883,-129002.27672705754,-459850.06176711764,-1540387.449243082,395887.54010298714,-232393.64005140855
258855.28447995233,-227260.76806164306,242650.6348184878,291097.59482972027,-235099.11537279587,-26829.454000522986,222322.4209559311,49364.79697770284,-448342.02368220425,98543.039267407,485756.5586031858,309029.67126905813,-285604.04017851414,248509.86791650613,-1002927.1093161746,491142.7020194226,-21491.606226527667,-398684.19656430796,271620.08018723206,2200.096053969516,-239340.16960294652,96867.83942818663,-886105.776593852,635788.5697070481,768511.9846424919,-637580.523020435,-530409.3052706695,-21049.133152689184,-738090.7553969608,625400.0837299369,588083.4490341932,-7211.09154637978,-234335.68337704128,-115156.368842784,-368227.4977994573,-808101.017757872,703670.7666960661,-338408.4925899846,-118709.61020099901,727696.4720355296,298335.08774569735,337098.50122774596,-541429.397024881,-368539.3614048274,245597.13408256604,-958709.4423784222,196256.87747153098,822077.575762363,620170.8312515637,-81476.9184573435,66129.85572311368,-121304.53392897132,-432411.2060137314,-1448473.451825,372265.5915686466,-218526.90544417265
-3174.5003025625465,2786.6592686135427,-2975.363835385126,-3569.372391140836,2883.007939154092,328.81227956197245,-2726.056864637297,-605.1722642009781,5497.610467684853,-1208.0095261445153,-5956.258537768015,-3789.3376069158608,3501.776414807712,-3046.7060151462374,12298.036989368014,-6022.690301051927,263.84541068552664,4888.837052228123,-3329.8895796918255,-27.083409263331955,2935.107298063351,-1187.7933490529576,10865.767011928083,-7795.260026816076,-9423.52323364383,7818.009504182757,6504.017689209518,258.2175592065828,9050.321716510949,-7668.466567581677,-7211.09154637978,88.66239205036288,2873.3500639012277,1411.8333336762698,4514.935488251606,9908.508517061506,-8628.468415141335,4149.212511923848,1456.151014719934,-8922.50138470381,-3658.14495661449,-4133.622444530927,6638.7818594448445,4519.3174589211,-3011.337670874611,11755.605374994002,-2406.372136352871,-10079.867250074652,-7604.499838713953,999.4500564170313,-810.7346337377782,1487.1575951631053,5302.007664997582,17760.219426803138,-4564.812327438708,2679.527147215153
-103146.8247477784,90557.40001113724,-96689.87070745301,-115994.71924207553,93680.68516561069,10690.931531081811,-88589.65657861925,-19670.63485176727,178652.41597016747,-39266.93315195279,-193561.1771823297,-123140.1596177282,113805.78675539665,-99024.8104528289,399639.88898431486,-195707.25847475283,8563.723407987469,158865.06036258093,-108233.71548599227,-876.6436178220714,95370.600942678,-38599.31365878522,353089.5785529531,-253345.2520893476,-306231.7122779365,254058.99215695204,211354.02528810097,8387.482105578174,294109.6842839843,-249205.48180799183,-234335.68337704128,2873.3500639012277,93376.60313350505,45886.83147879251,146729.0616523875,322007.0599536456,-280394.1933878788,134846.97375058077,47302.414314492424,-289968.01599761494,-118878.65393899668,-134324.8117914421,215745.3939898047,146853.07203674238,-97864.02250373263,382020.4047542321,-78203.23615288414,-327576.3524667431,-247121.70306536794,32466.241133892858,-26351.069533627797,48336.75371415693,172304.51759859614,577178.7560031251,-148337.9574974282,87077.23595417313
-50687.71399087721,44501.37246401983,-47514.99437087682,-57001.74901345536,46036.057896960214,5253.831607970543,-43534.45250247864,-9666.596968865153,87792.6713092256,-19296.64841931275,-95119.22668233256,-60513.09104511241,55926.254987551125,-48662.855390046076,196389.44576372768,-96173.4993741823,4208.090167121493,78068.74400934445,-53188.40507608512,-430.7098932093652,46866.43251477992,-18968.287243717074,173513.71221868036,-124498.61129286773,-150487.23229208373,124848.70429541913,103862.72305713965,4121.637022155569,144530.41829715247,-122463.79252355326,-115156.368842784,1411.8333336762698,45886.83147879251,22549.72321228131,72105.24315414281,158239.85942763483,-137790.22472496785,66266.28466607186,23244.78246061534,-142495.3992291507,-58418.946631250954,-66009.29031434178,106020.97513525917,72165.76760313587,-48092.10814026833,187731.14739637024,-38430.47401954689,-160976.7388369112,-121439.66616727154,15954.138027461802,-12949.459064141982,23753.705849752045,84673.41743785603,283635.8358485392,-72895.62886624098,42791.19236277266
-162081.20643884712,142298.90008006917,-151935.39312933077,-182270.46052108222,147206.58084108375,16799.795058037562,-139207.17506526495,-30910.07022081783,280728.57918515464,-61703.169179474375,-304156.02131169906,-193498.62215635454,178831.17112883896,-155605.04693591493,627981.2508206987,-307527.77433967876,13456.448639258759,249635.398365847,-170075.92512787977,-1377.4254142080358,149861.9834846149,-60653.857637876485,554833.2394833857,-398099.56977222743,-481202.7920509804,399220.1730067266,332114.8308033515,13179.68092153178,462154.60194353113,-391593.8072420522,-368227.4977994573,4514.935488251606,146729.0616523875,72105.24315414281,230565.80211338578,505992.10097685613,-440602.5035125651,211894.6230874805,74328.886611893,-455647.05202570616,-186802.14886908786,-211073.66590254256,339015.6756955948,230759.87965607364,-153780.51312631505,600294.8265718914,-122886.31821581826,-514743.5354598431,-388319.25192730036,51015.94777520893,-41407.45930621822,75955.15036826741,270754.0384193581,906961.3869073926,-233093.43636112893,136830.52740619573
-355698.97893476754,312284.9530248852,-333432.76563641505,-400005.135657728,323055.41285227885,36867.79015665783,-305499.53683111764,-67833.99087125866,616078.5445797364,-135411.4360066019,-667491.4020151356,-424646.0673121406,392456.9747212894,-341485.43471837696,1378148.6483236128,-674891.5176393366,29531.441532042187,547842.3181315195,-373242.3917978244,-3022.9628806434216,328882.95704709133,-133108.8405415765,1217620.6788644323,-873656.1116204167,-1056032.9021753955,876116.4043848752,728849.2840335425,28923.861927942846,1014230.4286979948,-859379.5270968438,-808101.017757872,9908.508517061506,322007.0599536456,158239.85942763483,505992.10097685613,1110434.295280284,-966932.7718503604,465017.0432326994,163120.6854118853,-999948.45078628,-409950.2954104954,-463215.8543236907,743993.1694932423,506419.02180159144,-337481.91146093654,1317388.5812949378,-269682.300716466,-1129639.9260549338,-852193.4827474679,111958.59427821348,-90871.26107667726,166688.52118940608,594188.3107638038,1990388.5741462202,-511539.88301399315,300283.88897564163
309733.07718723005,-271928.64374351664,290343.4508522543,348312.6230777378,-281307.6339971542,-32102.938752992013,266019.85305307753,59067.5006595043,-536463.2788838189,117911.66408029811,581231.704201791,369769.3072263021,-341739.3930486401,297354.3803276857,-1200051.750342643,587676.3952936885,-25715.7600276368,-477045.3450699676,325006.9836920235,2632.524760568202,-286382.27326112735,115907.27048785063,-1060269.1511118156,760752.5127872473,919562.5409617781,-762896.5384913984,-634660.8639145591,-25186.310946924325,-883161.898893723,748322.0971317632,703670.7666960661,-8628.468415141335,-280394.1933878788,-137790.22472496785,-440602.5035125651,-966932.7718503604,841976.8264128208,-404922.4867014406,-142041.79278693863,870724.7882221752,356972.6271950796,403355.0267199397,-647847.0061190926,-440975.4553426434,293869.0488359736,-1147143.1568728734,234831.10485042928,983656.408914896,742065.0207141298,-97491.07109474909,79127.69762848175,-145146.8847141325,-517401.3422567443,-1733170.0453564061,445434.1201532903,-261478.2953108656
