V1,V2,V3,V4,V5,V6,V7,V8,V9,V10,V11,V12,V13,V14,V15,V16,V17,V18,V19,V20,V21,V22,V23,V24,V25,V26,V27,V28,V29,V30,V31,V32,V33,V34,V35,V36,V37,V38,V39,V40,V41,V42,V43,V44,V45,V46,V47,V48,V49,V50,V51,V52,V53,V54,V55,V56
534.1193681866553,315.7930908555532,1570.964364190253,3552.9545955040576,-2063.9781007935385,-3027.4905975473935,-2607.8088295928255,2352.2815653983425,-4684.665228973612,-4242.267678964531,614.8543725684001,-4085.1305021211383,-504.57737715855916,1091.4836087180531,-805.6383771609567,1769.726716515304,-4116.868263682344,413.81772458808626,2061.0185251146336,3252.0207437932763,-1906.7168877061022,-460.0702067340088,182.22254752289788,-4363.417335418884,2030.5058895932443,-2183.9743774646995,-2228.8572208246565,-762.2348952898459,2320.281428677814,3005.4135279140924,-2134.5476146282917,-573.1306656310405,-171.45785522142137,-597.7892418470115,535.8934286247945,417.3630611809819,2870.155931447098,3301.7772702849534,-203.35730285428252,1088.661523904247,-1878.8608041632697,-848.235405240629,2077.891726643288,1601.8897646284372,-3894.8638889489653,-1073.0894963395733,-450.8669378178938,-1233.4773192640332,-702.4612093630672,1943.206140131633,-1315.5063102704255,952.4342939452033,-1114.8652329037632,-979.5831473380308,1190.8789511154619,6758.475047753888
315.7930908555532,187.32667624637952,928.8245491113639,2101.165658334725,-1220.3309507440565,-1790.307017385716,-1542.470635100447,1391.5416679289594,-2770.438482565287,-2509.0315653636158,363.7279836597983,-2415.4057294538347,-298.71165045659865,645.4085847044057,-476.7924280746576,1046.8563618235682,-2434.5957031917105,244.97605674902596,1219.55505331111,1923.258449310691,-1127.25401433818,-272.5048865413995,107.71171670336062,-2581.1054365058544,1200.665673338547,-1291.7820804604983,-1317.7723997311527,-450.4575194088734,1372.264266480657,1777.3150642345174,-1262.6718286128337,-339.0889062421871,-101.2749054297276,-353.7225662946788,317.17406259354664,247.13833293369527,1697.4091045651053,1952.9565998290595,-120.32292972429451,643.1564039758869,-1111.423657833171,-502.1135612960073,1229.1490028794296,947.5454412103488,-2302.8768188105946,-635.1336787655874,-266.27125695764533,-729.2319920296019,-415.54309062180766,1148.9271327193424,-777.5053387767341,563.4624780325307,-659.4071055290893,-578.9588478422716,704.3566866353182,3996.7430054285
1570.964364190253,928.8245491113639,4621.028093839963,10450.284482236772,-6070.353299610649,-8904.778613641645,-7670.033521736084,6918.624683200545,-13778.604557130338,-12477.945334190543,1808.0072127466879,-12015.309850982498,-1484.4608164966592,3210.241975308776,-2369.400626248639,5205.350744585947,-12108.354369671786,1216.8276654246952,6062.066300904488,9565.045982622403,-5608.176532115948,-1353.2772079239842,535.562185555507,-12834.03396629778,5971.995515733564,-6423.445383153951,-6555.646583084656,-2241.7205265563634,6824.545642558742,8839.456813521778,-6278.308458443071,-1685.9461729866111,-504.4538994166766,-1758.6010370540857,1576.3306497104065,1227.8131577045501,8442.29706388044,9711.603934616198,-597.7657709335062,3202.005601762761,-5526.797717879934,-2494.7203741926037,6111.941167768468,4711.924665735583,-11456.04323856745,-3156.311527192819,-1326.2011997766208,-3627.9675767674453,-2065.8052642382304,5715.292098176793,-3869.3201258751424,2800.9029703857955,-3279.1164708871297,-2881.1355541359276,3502.6610426041384,19878.599879452056
3552.9545955040576,2101.165658334725,10450.284482236772,23635.518926294943,-13729.357874884214,-20139.61951300248,-17348.04370666741,15648.013147909405,-31163.67446760574,-28221.42946740012,4090.2711009432915,-27175.45116369045,-3357.1319344194294,7261.019450915342,-5359.66672944056,11773.276328952825,-27386.580275958826,2752.83555710355,13710.945702934136,21633.47035524506,-12683.955047285315,-3061.2015773456715,1211.904950907145,-29027.40796466346,13507.332956485225,-14528.626888294915,-14826.939278492884,-5070.092529544948,15435.20479759887,19992.342665017677,-14200.06415314309,-3812.8139384303213,-1140.2479894623555,-3977.1252597642765,3565.0207419239005,2776.881050330153,19093.25249966246,21965.02012403009,-1352.3042879515451,7241.437989646457,-12499.190277783659,-5643.023282679856,13823.184112951682,10656.775271533532,-25909.564166067314,-7139.322782273153,-2998.9292794944163,-8205.485268297401,-4673.099151735202,12926.317772357013,-8750.755360549776,6335.890569687083,-7416.533093691464,-6516.1337297023665,7921.877324830678,44959.58701949528
-2063.9781007935385,-1220.3309507440565,-6070.353299610649,-13729.357874884214,7975.953534292447,11698.85089743497,10077.286120737013,-9089.839765150184,18102.70385032404,16392.862525656852,-2376.158123457253,15785.823008284877,1949.5755574926,-4217.744464007144,3113.246673949058,-6838.540949276559,15908.701942519052,-1599.2711462076181,-7964.24704162118,-12566.478454847758,7367.930388539178,1777.7390439080996,-704.3524547207911,16861.1637026356,-7846.448402007214,8439.45353106098,8612.78429071161,2945.5848727063744,-8966.117616637002,-11613.807256511329,8248.333617879853,2214.62303982621,662.4787468517852,2309.786043916634,-2070.7528458124543,-1612.6436048258302,-11090.694860063382,-12758.648022402866,786.0724590685686,-4206.81090215076,7260.033386034771,3277.879631402913,-8029.283585582311,-6189.850026515287,15050.472462031945,4146.571764877854,1742.2209439535568,4766.393805512567,2714.6295510457644,-7509.08955155228,5083.359996991794,-3680.6618924709805,4308.077586981523,3785.3308706841026,-4601.874488519093,-26116.135953798566
-3027.4905975473935,-1790.307017385716,-8904.778613641645,-20139.61951300248,11698.85089743497,17160.92117941452,14782.04706957382,-13333.5748380584,26554.271359050734,24047.151511174117,-3485.1479559972327,23155.934639390656,2860.592957538746,-6186.994998784103,4566.8280623840365,-10031.754827280925,23335.82932794495,-2345.6063295803724,-11682.898610383569,-18433.675059361703,10807.943656990406,2608.3690773038143,-1032.6214805133582,24733.88847267683,-11509.411373660047,12379.62500374529,12633.872783051182,4320.285331207955,-13152.232462607542,-17035.40372750367,12099.6490580034,3248.8764952940514,971.7305303982259,3388.798592697426,-3037.7927568735295,-2366.165381305795,-16269.228689773938,-18716.020197074304,1152.3638256546885,-6170.531336544936,10650.513982165216,4808.31866798968,-11778.597936475564,-9080.503031121842,22077.43804461055,6083.199201514304,2555.4843010761483,6991.8292656562735,3981.7822528105726,-11014.524683783578,7456.521190377727,-5398.746277418371,6319.514572730877,5552.38389349064,-6750.238664368514,-38309.62294758822
-2607.8088295928255,-1542.470635100447,-7670.033521736084,-17348.04370666741,10077.286120737013,14782.04706957382,12733.517401814106,-11485.75251471831,22873.966174183097,20714.066874008142,-3002.5417904279366,19946.303333443284,2463.89211939029,-5329.479733448461,3934.172932063651,-8641.520668746702,20101.591634167275,-2020.8807045933474,-10063.990392375941,-15878.807889568714,9309.615501082117,2246.803821827955,-889.8216111474306,21306.003085398697,-9914.438997417572,10664.078753401167,10882.688414480439,3721.374839302503,-11329.273167874448,-14674.359307795845,10422.813687391512,2798.4734882004173,836.8372306807343,2919.078050373852,-2616.667519261706,-2038.060636231231,-14014.079314878629,-16122.202077092206,992.8645302169544,-5314.877386759637,9173.977038627221,4142.149906526403,-10145.966291828085,-7821.769520166403,19016.922052768943,5240.266168486356,2200.9506321454833,6022.563288334823,3430.265793816546,-9487.745851382768,6422.758138862478,-4650.700653493988,5443.727376789379,4782.724804652693,-5814.643185179181,-32999.711379454435
2352.2815653983425,1391.5416679289594,6918.624683200545,15648.013147909405,-9089.839765150184,-13333.5748380584,-11485.75251471831,10360.626295010328,-20632.455417106397,-18684.29151870026,2708.111480912592,-17991.272553670307,-2222.55979769329,4807.008649148311,-3548.618143728841,7794.750351681026,-18131.480911411403,1822.8705223518202,9078.191771279771,14322.837091488856,-8397.089940582016,-2026.550990613288,802.5272160087447,-19218.381333141337,8942.805397054886,-9619.048291124698,-9816.076717358073,-3356.614737112527,10219.149650637313,13236.562631411913,-9401.5356790832775,-2524.40387900462,-755.0206816049908,-2633.174593662313,2360.440383000907,1838.4218280965117,12641.072291577455,14542.476504518796,-895.6851097493819,4793.866127645515,-8275.303751207593,-3736.3315588816977,9151.9437185743,7055.363694507335,-17153.273581355403,-4726.729621288377,-1985.2338726454946,-5432.158285694091,-3093.9846762872994,8557.942650347286,-5793.290520833423,4194.775497806052,-4910.320351729699,-4313.938177230966,5245.02873276357,29765.931240711394
-4684.665228973612,-2770.438482565287,-13778.604557130338,-31163.67446760574,18102.70385032404,26554.271359050734,22873.966174183097,-20632.455417106397,41090.25708576364,37210.26565080013,-5393.459465736513,35831.421326209595,4425.9628319518,-9573.772881729994,7066.9353873226055,-15523.296945009664,36109.94459819695,-3629.9785136180058,-18078.274771022152,-28524.347260872582,16723.836661550573,4035.7725433271416,-1598.3750622941993,38273.2206385693,-17810.138857654274,19156.510883317304,19549.68216544598,6685.154338855117,-20351.595906668335,-26360.675780173235,18723.102056405372,5027.0806985414365,1503.4494145624035,5243.760304158457,-4700.383757398929,-3660.9528480400277,-25174.75227795526,-28961.451446070154,1783.4031510285936,-9548.020912704424,16479.925064949206,7440.443633872994,-18225.8766514862,-14050.816930124616,34162.03172646309,9413.120603105579,3954.0334480496663,10818.947921062723,6161.856275995009,-17043.70952905957,11538.09009754532,-8354.06992172729,9778.944673519834,8591.842462887078,-10445.241987229549,-59280.14703235714
-4242.267678964531,-2509.0315653636158,-12477.945334190543,-28221.42946740012,16392.862525656852,24047.151511174117,20714.066874008142,-18684.29151870026,37210.26565080013,33697.40939104514,-4883.817435909797,32448.07477197807,4008.665240689363,-8669.791541546278,6399.641856439485,-14057.863175393575,32700.08006150131,-3286.945379228307,-16371.564841774512,-25831.08963253343,15144.796289492513,3655.159674598339,-1446.9486746776122,34659.82018840546,-16128.134337477271,17347.638187422763,17703.726017327008,6053.570791570588,-18430.027315659714,-23871.271982732822,16955.462388098276,4552.706578040632,1361.5057337033222,4749.098990569373,-4256.785164141789,-3315.7521297977514,-22798.150935029043,-26227.26728879019,1614.5205835377549,-8646.216229685433,14924.63934596083,6737.945313820561,-16505.471624178244,-12724.679509972999,30936.603082274924,8524.746621760663,3580.644594235474,9797.446087086228,5579.786839151078,-15434.136977306784,10448.553478006432,-7564.959064276429,8855.646227144161,7780.368121245606,-9458.925568993103,-53683.114949884155
614.8543725684001,363.7279836597983,1808.0072127466879,4090.2711009432915,-2376.158123457253,-3485.1479559972327,-3002.5417904279366,2708.111480912592,-5393.459465736513,-4883.817435909797,708.386276599534,-4703.147655879737,-580.6659800727522,1256.7320358142535,-927.8339068882774,2037.520593025317,-4739.979799757634,476.7685373026095,2372.8754699356723,3743.9622998166324,-2195.0106568622646,-529.7494821588026,210.1400470958764,-5023.58539896598,2337.8879923328122,-2514.615244250771,-2565.9760406723103,-877.5243123188668,2671.2194602238324,3460.040601410335,-2457.5450833733244,-659.6369097385768,-197.0943787056942,-688.0452404539574,616.8160664521507,480.359064924006,3303.9091956309967,3801.281873379993,-234.30545446486946,1253.0867274805942,-2162.5652376669864,-976.802810740673,2391.9923174882542,1844.0004677995619,-4483.604430502175,-1235.6293659500232,-518.7954734329827,-1420.0435457747412,-809.1280250798347,2237.106976771401,-1514.2645015808318,1096.9312570686957,-1283.558970467746,-1127.7214296654004,1370.9406566286805,7780.660595706745
-4085.1305021211383,-2415.4057294538347,-12015.309850982498,-27175.45116369045,15785.823008284877,23155.934639390656,19946.303333443284,-17991.272553670307,35831.421326209595,32448.07477197807,-4703.147655879737,31246.329350406413,3859.522833845057,-8348.758938305671,6162.338847239065,-13536.468086461606,31488.77482163393,-3165.1357703513613,-15763.902353938185,-24873.735297193085,14583.983355670613,3519.3356446148105,-1393.7421145573132,33374.558405230455,-15530.761419631212,16704.696420317847,17047.991683448072,5829.732652642079,-17746.898078005757,-22986.70479516332,16326.69027856424,4383.569006203967,1310.9754869168487,4572.543518909747,-4098.644996061929,-3192.3990027991363,-21952.723959739174,-25254.68589989125,1554.8605675561541,-8326.557835440588,14370.67167624313,6487.899039048096,-15893.118228605676,-12252.599780674824,29790.431208488637,8208.314626738591,3448.2377814346655,9434.714191919476,5373.183273617919,-14862.593919885127,10061.727536237293,-7284.918891868816,8527.328864858526,7492.47765157005,-9108.229431527085,-51693.57765347466
-504.57737715855916,-298.71165045659865,-1484.4608164966592,-3357.1319344194294,1949.5755574926,2860.592957538746,2463.89211939029,-2222.55979769329,4425.9628319518,4008.665240689363,-580.6659800727522,3859.522833845057,477.44018092172024,-1031.273164532781,761.3563114624293,-1672.2836738561095,3889.5544400493277,-390.8540409953793,-1947.6580873104306,-3072.617223113657,1801.5167292748922,435.41470903303616,-171.7436842796791,4123.183782422547,-1918.0109464106579,2063.452688760886,2105.6175239254703,719.8152621791903,-2192.3363153354726,-2839.176455554296,2017.0066535488463,541.7429535775208,161.9554188161565,565.129508236167,-506.67737055524714,-394.9511616035474,-2711.9925009372923,-3119.815698038407,191.79306209054033,-1028.1980150788252,1775.908827304755,801.7260105841531,-1963.713134954785,-1514.0172699567024,3679.9484548499568,1014.4821287686377,425.8387502677321,1165.4491240522227,663.5112013163374,-1835.7515687005598,1242.610300973943,-899.938034966131,1053.3545367558804,925.2041445808862,-1125.146399808736,-6385.596192443365
1091.4836087180531,645.4085847044057,3210.241975308776,7261.019450915342,-4217.744464007144,-6186.994998784103,-5329.479733448461,4807.008649148311,-9573.772881729994,-8669.791541546278,1256.7320358142535,-8348.758938305671,-1031.273164532781,2230.7781906667674,-1646.6122260157415,3616.8125343868883,-8413.599749238922,845.7377543711103,4211.922888257089,6645.984185783265,-3896.731693477877,-940.5065480820275,372.4149408087617,-8917.378093778618,4149.624332882024,-4463.367229922259,-4555.019063165537,-1557.6248357554464,4741.78426238727,6141.715299121401,-4362.343426715758,-1171.2070259128047,-350.17773872017983,-1221.6916102259588,1095.1197459106575,853.0458937838039,5865.402026278978,6747.747390427872,-415.4224920060786,2224.711562819653,-3839.6379914037802,-1733.5940250891197,4246.4538561709705,3273.781655390098,-7959.638498133254,-2193.312647622045,-921.2775932497437,-2520.917096820462,-1435.728949600651,3971.1242382306964,-2688.3035098578607,1946.6281932072054,-2278.400325686006,-2001.8683470239203,2433.575705556541,13811.935646630933
-805.6383771609567,-476.7924280746576,-2369.400626248639,-5359.66672944056,3113.246673949058,4566.8280623840365,3934.172932063651,-3548.618143728841,7066.9353873226055,6399.641856439485,-927.8339068882774,6162.338847239065,761.3563114624293,-1646.6122260157415,1215.7374613705392,-2669.865074084739,6210.568423220912,-624.5388485126637,-3109.4817607811497,-4905.794250300859,2876.125987727035,694.4946655319712,-274.9828538271778,6582.77256111946,-3063.005308948684,3294.824487116032,3362.032057966773,1149.6115623235944,-3500.20331831501,-4533.552204102684,3220.2634454191666,864.5554321810847,258.3925574131531,901.8193615399911,-808.5255411089299,-629.8318672170452,-4329.465774955982,-4980.994109663023,306.8028286730329,-1641.7589191472719,2834.2794915742816,1280.0222020837734,-3134.6361663023436,-2416.5791620330056,5875.014768542526,1619.3155478049944,679.776511159425,1860.6596564552729,1059.929422251565,-2931.1821526293934,1984.0369239294496,-1437.1768007273956,1681.8562723451987,1477.4744907445843,-1796.4259643020941,-10195.132051210807
1769.726716515304,1046.8563618235682,5205.350744585947,11773.276328952825,-6838.540949276559,-10031.754827280925,-8641.520668746702,7794.750351681026,-15523.296945009664,-14057.863175393575,2037.520593025317,-13536.468086461606,-1672.2836738561095,3616.8125343868883,-2669.865074084739,5864.807293228064,-13641.633872559947,1371.325942211092,6830.0608983702905,10776.173469718733,-6317.879033799907,-1524.7902941902844,603.6731223343995,-14459.445832764639,6728.3868077272755,-7237.133872545194,-7385.581813805324,-2525.267413074274,7688.552189787606,9958.515476236804,-7073.56558566527,-1899.3116130372007,-567.9065702313187,-1981.3517536000297,1775.7795722589942,1383.205113268266,9510.926286499229,10941.69062560366,-673.5091158620058,3606.759087479406,-6226.195565650211,-2810.966630919406,6885.760306892096,5308.477019363899,-12905.829363301675,-3556.445553751115,-1493.6055300061744,-4087.1555780573403,-2327.8706716695783,6438.593121232928,-4358.801592945052,3155.825240447066,-3694.451490139449,-3245.730093535014,3946.0184311059766,22395.399811851647
-4116.868263682344,-2434.5957031917105,-12108.354369671786,-27386.580275958826,15908.701942519052,23335.82932794495,20101.591634167275,-18131.480911411403,36109.94459819695,32700.08006150131,-4739.979799757634,31488.77482163393,3889.5544400493277,-8413.599749238922,6210.568423220912,-13641.633872559947,31733.716009557986,-3190.10379092891,-15886.830626812729,-25066.98157073616,14697.08633482327,3547.018099336888,-1404.747800445162,33634.253480408406,-15651.377762603712,16834.713418325213,17180.138930008,5875.027798913483,-17884.922741852664,-23165.544160173344,16453.692262124732,4417.627227363334,1321.03428170705,4607.892705583897,-4130.688792065128,-3217.3563618095723,-22123.009624808932,-25450.80777808305,1567.317338476956,-8390.855612173853,14482.237786868793,6538.819693337096,-16016.647227464427,-12347.712349532407,30021.464561718727,8272.36893078714,3474.7944365548747,9507.87630822749,5415.144783458516,-14978.12117787479,10139.514509229439,-7342.0841176308295,8593.593225608178,7550.44828691115,-9179.157181374649,-52094.963069335136
413.81772458808626,244.97605674902596,1216.8276654246952,2752.83555710355,-1599.2711462076181,-2345.6063295803724,-2020.8807045933474,1822.8705223518202,-3629.9785136180058,-3286.945379228307,476.7685373026095,-3165.1357703513613,-390.8540409953793,845.7377543711103,-624.5388485126637,1371.325942211092,-3190.10379092891,320.9794528717594,1597.2605063224476,2519.823886684042,-1477.1622389066167,-356.5811047136092,141.44952929391198,-3381.191399804369,1573.4335431753,-1692.4607695513967,-1726.8361766398993,-590.557056010047,1797.8526249737681,2328.814323985609,-1654.0687903199325,-443.99994963924553,-132.68841093288825,-463.09031499134363,415.24590257679466,323.3539309289216,2223.6605378968607,2558.4154946428525,-157.81686246125201,843.205039799418,-1455.5503014631731,-657.562612541766,1609.9570810440596,1241.0694487005262,-3017.4409821590493,-831.6783661699658,-349.08382896094685,-955.6132859463519,-544.5731406354543,1505.6178864944493,-1019.0214030382343,738.327735586043,-863.8936283331797,-758.9019989248212,922.777578765218,5236.535287729676
2061.0185251146336,1219.55505331111,6062.066300904488,13710.945702934136,-7964.24704162118,-11682.898610383569,-10063.990392375941,9078.191771279771,-18078.274771022152,-16371.564841774512,2372.8754699356723,-15763.902353938185,-1947.6580873104306,4211.922888257089,-3109.4817607811497,6830.0608983702905,-15886.830626812729,1597.2605063224476,7954.7310640616215,12549.832418291413,-7357.433436557533,-1775.9213252223403,703.0672157904683,-16839.66070527448,7835.670354977355,-8428.378180936106,-8600.806205832047,-2940.833772877544,8954.110022981546,11597.81405893344,-8237.914798895445,-2212.011924572034,-661.4641583385541,-2307.4382347970836,2068.3349696707664,1611.0361411950325,11076.32409846665,12742.551382012974,-784.6700049678124,4200.049280658614,-7251.1335556319655,-3273.983764083009,8019.233420618327,6182.182822940242,-15029.629978661673,-4141.940393578944,-1739.2732658982484,-4759.608292916623,-2711.0098134033037,7498.304557522297,-5075.909849812896,3675.460178997292,-4302.532707229908,-3779.72203889793,4595.711781267276,26081.179760698553
3252.0207437932763,1923.258449310691,9565.045982622403,21633.47035524506,-12566.478454847758,-18433.675059361703,-15878.807889568714,14322.837091488856,-28524.347260872582,-25831.08963253343,3743.9622998166324,-24873.735297193085,-3072.617223113657,6645.984185783265,-4905.794250300859,10776.173469718733,-25066.98157073616,2519.823886684042,12549.832418291413,19801.3661010016,-11609.464435518114,-2801.6525562534976,1109.4756882947265,-26568.969547432975,12363.533322058951,-13298.222275375938,-13571.126537578477,-4640.630710132291,14127.829781072573,18299.15627498981,-12997.436088690201,-3489.7921209158876,-1043.732074359432,-3640.3118933784704,3263.0290411240453,2541.499750894152,17476.193504505332,20104.876728738207,-1237.8888683016398,6628.072951602545,-11440.390056162547,-5165.062326985658,12652.317859472822,9754.05767949689,-23714.913888289353,-6534.592595341996,-2744.8042313463684,-7510.373082482871,-4277.410049138056,11831.460071663574,-8009.587534488759,5799.170725008263,-6788.461478873083,-5964.3394152934525,7250.959299944007,41151.67227046179
-1906.7168877061022,-1127.25401433818,-5608.176532115948,-12683.955047285315,7367.930388539178,10807.943656990406,9309.615501082117,-8397.089940582016,16723.836661550573,15144.796289492513,-2195.0106568622646,14583.983355670613,1801.5167292748922,-3896.731693477877,2876.125987727035,-6317.879033799907,14697.08633482327,-1477.1622389066167,-7357.433436557533,-11609.464435518114,6807.106071680963,1642.7725341164141,-650.3836100657943,15577.089947163204,-7248.6499324473825,7796.621519014786,7956.974020187586,2721.0380989749883,-8283.203646081336,-10728.726448946996,7620.204274777171,2046.0063825131713,611.9124760640307,2134.119745351257,-1913.0541424265061,-1490.142955369183,-10246.15137872732,-11787.125255365027,725.6447804452159,-3886.486491599758,6707.46437705999,3028.1207856374112,-7417.956764635013,-5718.825675813999,13904.569306957577,3831.1174075419217,1609.5638342613488,4403.677377377513,2507.750607086125,-6937.051110514747,4696.259936244111,-3400.2248825434635,3979.9602378919785,3497.0282402360613,-4251.153477763508,-24127.394981902296
-460.0702067340088,-272.5048865413995,-1353.2772079239842,-3061.2015773456715,1777.7390439080996,2608.3690773038143,2246.803821827955,-2026.550990613288,4035.7725433271416,3655.159674598339,-529.7494821588026,3519.3356446148105,435.41470903303616,-940.5065480820275,694.4946655319712,-1524.7902941902844,3547.018099336888,-356.5811047136092,-1775.9213252223403,-2801.6525562534976,1642.7725341164141,397.4510710921022,-156.7127913128116,3759.770911790373,-1748.8279335595623,1881.6584730779657,1919.8567693561129,656.3910625229943,-1999.094231616547,-2588.790126979395,1839.2039556980478,493.8838442200613,147.4556462405846,515.0917409506492,-462.05988597677805,-360.28668435653714,-2472.4891983905454,-2844.5340655316822,174.99094405395272,-937.4145605011815,1619.1468583110677,731.3492765903449,-1790.5004247667227,-1380.489339609568,3355.3394923875308,925.314992506041,388.1772794733143,1062.8114296216766,605.2002799434963,-1673.9784317992635,1132.8216178903751,-821.1449454280246,960.4350880551617,843.5114463855282,-1025.907434230094,-5822.421840914333
182.22254752289788,107.71171670336062,535.562185555507,1211.904950907145,-704.3524547207911,-1032.6214805133582,-889.8216111474306,802.5272160087447,-1598.3750622941993,-1446.9486746776122,210.1400470958764,-1393.7421145573132,-171.7436842796791,372.4149408087617,-274.9828538271778,603.6731223343995,-1404.747800445162,141.44952929391198,703.0672157904683,1109.4756882947265,-650.3836100657943,-156.7127913128116,62.559543155220624,-1488.4823108231487,693.0141277731901,-745.2380909973704,-760.4084099987816,-260.1859065147826,791.5187760689287,1025.50512370302,-728.1705054659038,-195.31107144597834,-58.39562829920733,-203.69199407269892,182.6567804064195,142.07915599512722,978.864199478044,1126.327952481175,-69.67176102124078,371.4347021783941,-640.4297365873506,-289.43414539528806,708.5642843965481,546.1519324879606,-1328.4905284595332,-365.9619705985131,-153.71570590017834,-420.7608797993108,-239.92913194437338,663.0338299532564,-448.7637411549989,325.17551317203555,-380.36361243494,-334.30637598487266,406.27672088516687,2305.5387162810703
-4363.417335418884,-2581.1054365058544,-12834.03396629778,-29027.40796466346,16861.1637026356,24733.88847267683,21306.003085398697,-19218.381333141337,38273.2206385693,34659.82018840546,-5023.58539896598,33374.558405230455,4123.183782422547,-8917.378093778618,6582.77256111946,-14459.445832764639,33634.253480408406,-3381.191399804369,-16839.66070527448,-26568.969547432975,15577.089947163204,3759.770911790373,-1488.4823108231487,35650.20370347753,-16588.82002388024,17843.37471175845,18209.1016136858,6226.403434567668,-18956.513692606943,-24553.27897097913,17439.939019877762,4682.722727559085,1400.307828730485,4884.665008446357,-4378.536582330705,-3410.5502111383444,-23449.15676525395,-26976.454248655555,1660.951211999727,-8892.776912756677,15350.844193488456,6930.832013016551,-16976.951189189083,-13088.054526656091,31819.76946141877,8768.506034133232,3682.6374273979354,10077.102016143306,5739.371493341148,-15874.95195732773,10746.633265841108,-7781.437444671705,9108.639668551152,8002.410355528937,-9729.232853297464,-55216.237867856624
2030.5058895932443,1200.665673338547,5971.995515733564,13507.332956485225,-7846.448402007214,-11509.411373660047,-9914.438997417572,8942.805397054886,-17810.138857654274,-16128.134337477271,2337.8879923328122,-15530.761419631212,-1918.0109464106579,4149.624332882024,-3063.005308948684,6728.3868077272755,-15651.377762603712,1573.4335431753,7835.670354977355,12363.533322058951,-7248.6499324473825,-1748.8279335595623,693.0141277731901,-16588.82002388024,7719.868005056889,-8303.18361546901,-8473.717003950675,-2897.670337211435,8821.039975128959,11425.800228610395,-8115.2331133610405,-2178.8040900436768,-651.6333789010456,-2272.7908300325585,2037.0859223388518,1586.4436575328077,10911.633997071433,12553.04714846627,-773.0723205485614,4138.572761279036,-7142.645312685906,-3224.7780266786626,7899.551339772673,6089.925461226778,-14807.015071231861,-4079.7542846902948,-1713.821274532705,-4689.279983325228,-2670.9147376818155,7387.3695446679485,-5001.176981418078,3620.8055668204515,-4238.602156125622,-3724.1911529868476,4527.310220926695,25694.242518891257
-2183.9743774646995,-1291.7820804604983,-6423.445383153951,-14528.626888294915,8439.45353106098,12379.62500374529,10664.078753401167,-9619.048291124698,19156.510883317304,17347.638187422763,-2514.615244250771,16704.696420317847,2063.452688760886,-4463.367229922259,3294.824487116032,-7237.133872545194,16834.713418325213,-1692.4607695513967,-8428.378180936106,-13298.222275375938,7796.621519014786,1881.6584730779657,-745.2380909973704,17843.37471175845,-8303.18361546901,8930.985877106785,9114.056091060344,3116.5521219603097,-9488.018767274762,-12289.433254537498,8728.92181064728,2343.6359946479256,700.8043944085073,2444.6850286669887,-2191.3804752317565,-1706.8223240345446,-11736.501597712506,-13502.079788807761,831.4713812534217,-4451.0986171707855,7682.985577685791,3468.964242972451,-8497.025572633516,-6550.580746217786,15926.277804495054,4388.660751681489,1843.219093368174,5043.795650105465,2872.817274504931,-7945.777025137904,5378.927063576418,-3894.8758398908058,4559.028582822881,4005.4572207018414,-4869.615170399296,-27636.62920386275
-2228.8572208246565,-1317.7723997311527,-6555.646583084656,-14826.939278492884,8612.78429071161,12633.872783051182,10882.688414480439,-9816.076717358073,19549.68216544598,17703.726017327008,-2565.9760406723103,17047.991683448072,2105.6175239254703,-4555.019063165537,3362.032057966773,-7385.581813805324,17180.138930008,-1726.8361766398993,-8600.806205832047,-13571.126537578477,7956.974020187586,1919.8567693561129,-760.4084099987816,18209.1016136858,-8473.717003950675,9114.056091060344,9301.527461846015,3180.711423858586,-9682.704173001583,-12541.658552863442,8907.850278896194,2391.726900843958,715.3227490372116,2494.8792081819743,-2236.1138956811183,-1741.6087730894624,-11977.597310023813,-13779.122718276383,848.3003341249631,-4543.0150255531635,7840.645118547173,3539.6287737862426,-8671.311223129658,-6685.008956696071,16253.745935383844,4478.283805020035,1881.416422157334,5147.5175545911025,2931.5873737470156,-8108.991294238596,5489.827094345653,-3974.3616694469883,4652.559215646171,4087.9672507345663,-4969.463051520059,-28204.194976685038
-762.2348952898459,-450.4575194088734,-2241.7205265563634,-5070.092529544948,2945.5848727063744,4320.285331207955,3721.374839302503,-3356.614737112527,6685.154338855117,6053.570791570588,-877.5243123188668,5829.732652642079,719.8152621791903,-1557.6248357554464,1149.6115623235944,-2525.267413074274,5875.027798913483,-590.557056010047,-2940.833772877544,-4640.630710132291,2721.0380989749883,656.3910625229943,-260.1859065147826,6226.403434567668,-2897.670337211435,3116.5521219603097,3180.711423858586,1087.9222939351969,-3311.0649689935967,-4288.88613062071,3045.8882509092823,817.743314111224,244.65403140835357,852.8333783182852,-764.6124422120614,-595.4138796860395,-4095.556831933695,-4711.438309128629,290.32320915248613,-1553.769819810932,2680.8587279226394,1210.365372158553,-2964.9623039045646,-2285.719558361728,5558.1127511417435,1531.1124758139922,643.4989300606491,1760.279424208065,1002.4905065941571,-2773.156795543914,1877.3639476406067,-1359.2781251959354,1590.88028889908,1398.005348342804,-1699.3901402967088,-9644.396194276462
2320.281428677814,1372.264266480657,6824.545642558742,15435.20479759887,-8966.117616637002,-13152.232462607542,-11329.273167874448,10219.149650637313,-20351.595906668335,-18430.027315659714,2671.2194602238324,-17746.898078005757,-2192.3363153354726,4741.78426238727,-3500.20331831501,7688.552189787606,-17884.922741852664,1797.8526249737681,8954.110022981546,14127.829781072573,-8283.203646081336,-1999.094231616547,791.5187760689287,-18956.513692606943,8821.039975128959,-9488.018767274762,-9682.704173001583,-3311.0649689935967,10080.040162633832,13056.199312491406,-9273.420112210244,-2489.964175114574,-744.6675448886648,-2597.2252128427353,2328.192618966511,1813.4257032041608,12468.885812900144,14344.313091948972,-883.2741627540771,4728.981259645478,-8162.592951851081,-3685.2859464609774,9027.26465248625,6959.3735878713505,-16920.211481782233,-4662.342858941236,-1958.4167880558148,-5358.540087499631,-3051.822798426874,8441.605364691844,-5714.647938345936,4137.755430029734,-4843.402819892774,-4255.358503345324,5173.482895443311,29360.940835285568
3005.4135279140924,1777.3150642345174,8839.456813521778,19992.342665017677,-11613.807256511329,-17035.40372750367,-14674.359307795845,13236.562631411913,-26360.675780173235,-23871.271982732822,3460.040601410335,-22986.70479516332,-2839.176455554296,6141.715299121401,-4533.552204102684,9958.515476236804,-23165.544160173344,2328.814323985609,11597.81405893344,18299.15627498981,-10728.726448946996,-2588.790126979395,1025.50512370302,-24553.27897097913,11425.800228610395,-12289.433254537498,-12541.658552863442,-4288.88613062071,13056.199312491406,16911.497589263974,-12011.331986269442,-3225.032919793834,-964.6384059541907,-3363.8955273598426,3015.4425300986322,2348.442407615688,16150.352014755952,18579.46486815124,-1144.3862538609162,6125.407854644574,-10572.249289193143,-4773.245342520417,11692.36404937376,9013.819901850295,-21915.906527169554,-6038.50489255884,-2536.7135090513716,-6940.538260782908,-3952.988411954891,10934.168685474853,-7402.086991592682,5359.359276941207,-6273.465253281965,-5511.953149849473,6701.084946438185,38029.862518460584
-2134.5476146282917,-1262.6718286128337,-6278.308458443071,-14200.06415314309,8248.333617879853,12099.6490580034,10422.813687391512,-9401.5356790832775,18723.102056405372,16955.462388098276,-2457.5450833733244,16326.69027856424,2017.0066535488463,-4362.343426715758,3220.2634454191666,-7073.56558566527,16453.692262124732,-1654.0687903199325,-8237.914798895445,-12997.436088690201,7620.204274777171,1839.2039556980478,-728.1705054659038,17439.939019877762,-8115.2331133610405,8728.92181064728,8907.850278896194,3045.8882509092823,-9273.420112210244,-12011.331986269442,8531.574550858011,2290.769057746017,684.9965674472893,2389.6100094622575,-2141.9108792836746,-1668.380238382427,-11471.257627674848,-13196.866647994126,812.4916531407935,-4350.262884645097,7509.540832487578,3390.503040292495,-8305.05336056462,-6402.626714838587,15566.056381828095,4289.52529120272,1801.4961729867416,4929.6521584576085,2807.709942265836,-7765.897220623496,5257.212144467998,-3806.5692256965904,4455.934529195135,3914.7508709932,-4759.470160420875,-27011.583618436962
-573.1306656310405,-339.0889062421871,-1685.9461729866111,-3812.8139384303213,2214.62303982621,3248.8764952940514,2798.4734882004173,-2524.40387900462,5027.0806985414365,4552.706578040632,-659.6369097385768,4383.569006203967,541.7429535775208,-1171.2070259128047,864.5554321810847,-1899.3116130372007,4417.627227363334,-443.99994963924553,-2212.011924572034,-3489.7921209158876,2046.0063825131713,493.8838442200613,-195.31107144597834,4682.722727559085,-2178.8040900436768,2343.6359946479256,2391.726900843958,817.743314111224,-2489.964175114574,-3225.032919793834,2290.769057746017,615.219857016719,184.00309332609814,641.7595648044776,-575.2029071041393,-448.09230098375565,-3080.245451886567,-3543.4441933435323,218.05553337485526,-1167.978039312184,2016.6255773286814,910.3350500523909,-2230.106161888112,-1719.270453788501,4179.581679003073,1151.7657130175876,483.74600563787766,1323.5667924096656,753.7188986187418,-2085.079661690415,1411.5685544594016,-1021.8851597500425,1196.4233406861672,1051.028942175627,-1277.9640371712137,-7252.691848346074
-171.45785522142137,-101.2749054297276,-504.4538994166766,-1140.2479894623555,662.4787468517852,971.7305303982259,836.8372306807343,-755.0206816049908,1503.4494145624035,1361.5057337033222,-197.0943787056942,1310.9754869168487,161.9554188161565,-350.17773872017983,258.3925574131531,-567.9065702313187,1321.03428170705,-132.68841093288825,-661.4641583385541,-1043.732074359432,611.9124760640307,147.4556462405846,-58.39562829920733,1400.307828730485,-651.6333789010456,700.8043944085073,715.3227490372116,244.65403140835357,-744.6675448886648,-964.6384059541907,684.9965674472893,184.00309332609814,55.230684439965806,191.9230986993422,-172.04400862887758,-133.91718030615462,-921.3700809986279,-1059.668624273105,65.26372236645085,-349.5303143393788,603.1730733277719,272.08162840106627,-666.9296933610956,-514.1235541764416,1250.1453959081157,344.20073945040787,144.81586424816945,395.80568935293564,225.26430211865576,-623.6788265844053,422.3269594130182,-305.41382494780424,357.79751066711214,314.4502574820812,-382.27791571564984,-2169.0926247631396
-597.7892418470115,-353.7225662946788,-1758.6010370540857,-3977.1252597642765,2309.786043916634,3388.798592697426,2919.078050373852,-2633.174593662313,5243.760304158457,4749.098990569373,-688.0452404539574,4572.543518909747,565.129508236167,-1221.6916102259588,901.8193615399911,-1981.3517536000297,4607.892705583897,-463.09031499134363,-2307.4382347970836,-3640.3118933784704,2134.119745351257,515.0917409506492,-203.69199407269892,4884.665008446357,-2272.7908300325585,2444.6850286669887,2494.8792081819743,852.8333783182852,-2597.2252128427353,-3363.8955273598426,2389.6100094622575,641.7595648044776,191.9230986993422,669.6227170138029,-599.9421703203018,-467.382748553286,-3213.1906347563904,-3696.485766837039,227.2796343089894,-1218.236051973754,2103.633899956758,949.4884904471716,-2326.303320879118,-1793.4830784011638,4359.707449534258,1201.496453575795,504.51497497331485,1380.5820690129813,786.2150596958339,-2174.7896723984068,1472.4286432967049,-1065.693542748789,1248.064800712453,1096.3551278190132,-1332.9787095830336,-7565.447555024234
535.8934286247945,317.17406259354664,1576.3306497104065,3565.0207419239005,-2070.7528458124543,-3037.7927568735295,-2616.667519261706,2360.440383000907,-4700.383757398929,-4256.785164141789,616.8160664521507,-4098.644996061929,-506.67737055524714,1095.1197459106575,-808.5255411089299,1775.7795722589942,-4130.688792065128,415.24590257679466,2068.3349696707664,3263.0290411240453,-1913.0541424265061,-462.05988597677805,182.6567804064195,-4378.536582330705,2037.0859223388518,-2191.3804752317565,-2236.1138956811183,-764.6124422120614,2328.192618966511,3015.4425300986322,-2141.9108792836746,-575.2029071041393,-172.04400862887758,-599.9421703203018,537.9845074760464,419.14272603530765,2879.9251634428415,3313.008425425891,-203.9983120438482,1092.0237538277393,-1885.6051900739508,-851.3892636904055,2085.1825000124118,1607.538054488321,-3907.871298243881,-1077.0700700242078,-452.2501495947009,-1237.574077298489,-704.7462269462012,1949.658764070475,-1319.6754212861567,955.790373728055,-1118.6333178107445,-982.6513251247721,1194.9686708970341,6781.2010865726
417.3630611809819,247.13833293369527,1227.8131577045501,2776.881050330153,-1612.6436048258302,-2366.165381305795,-2038.060636231231,1838.4218280965117,-3660.9528480400277,-3315.7521297977514,480.359064924006,-3192.3990027991363,-394.9511616035474,853.0458937838039,-629.8318672170452,1383.205113268266,-3217.3563618095723,323.3539309289216,1611.0361411950325,2541.499750894152,-1490.142955369183,-360.28668435653714,142.07915599512722,-3410.5502111383444,1586.4436575328077,-1706.8223240345446,-1741.6087730894624,-595.4138796860395,1813.4257032041608,2348.442407615688,-1668.380238382427,-448.09230098375565,-133.91718030615462,-467.382748553286,419.14272603530765,326.747474437665,2243.1278715917388,2580.482665872148,-158.6976424753109,850.4288326832306,-1468.9237254369568,-663.257788830571,1624.2857329900914,1252.3134548069713,-3043.828498234152,-839.2055258150938,-352.20542389361015,-964.021636178413,-548.8621521942915,1518.4794853910973,-1027.750547108704,744.5533222085247,-871.2667725257311,-765.2345565075933,930.6807907190453,5281.795987778964
2870.155931447098,1697.4091045651053,8442.29706388044,19093.25249966246,-11090.694860063382,-16269.228689773938,-14014.079314878629,12641.072291577455,-25174.75227795526,-22798.150935029043,3303.9091956309967,-21952.723959739174,-2711.9925009372923,5865.402026278978,-4329.465774955982,9510.926286499229,-22123.009624808932,2223.6605378968607,11076.32409846665,17476.193504505332,-10246.15137872732,-2472.4891983905454,978.864199478044,-23449.15676525395,10911.633997071433,-11736.501597712506,-11977.597310023813,-4095.556831933695,12468.885812900144,16150.352014755952,-11471.257627674848,-3080.245451886567,-921.3700809986279,-3213.1906347563904,2879.9251634428415,2243.1278715917388,15424.552071088752,17744.340581359014,-1092.2903808206552,5849.744532347514,-10097.49371319028,-4558.331146326304,11166.916351200209,8608.93805598704,-20930.401058409618,-5767.162912732974,-2422.606922882295,-6628.354422618364,-3774.851118787421,10441.985092398227,-7069.211783962937,5117.619278533176,-5991.369129264763,-5263.944682078161,6399.559499194052,36319.66563630808
