V1,V2,V3,V4,V5,V6,V7,V8,V9,V10,V11,V12,V13,V14,V15,V16,V17,V18,V19,V20,V21,V22,V23,V24,V25,V26,V27,V28,V29,V30,V31,V32,V33,V34,V35,V36,V37,V38,V39,V40,V41,V42,V43,V44,V45,V46,V47,V48,V49,V50,V51,V52,V53,V54,V55,V56
29.352003835030324,-30.170946623415677,-2.5873726659827545,36.61736076284472,-26.6610300901757,16.143235704670413,8.30420467433104,51.441354024191575,-4.014006269745459,1.8109877772286602,23.087902773295944,-29.625403527141856,-2.063204716198355,-12.672317462893597,32.30847186700982,-19.74511561294829,3.27225939658475,13.80751534502458,4.0804704306992745,24.338010078295287,21.432527744517238,9.170658716091173,-2.210970793494782,1.5541078534070931,-17.654590747333902,18.210653571751713,-12.111311538372068,12.971572300264716,7.550451990180598,11.546828071952438,30.90501947727775,11.919844834828394,-0.23488052288241007,-21.704005937317866,18.457797696389424,20.038646379612022,11.389753356209672,-20.285065635472716,-19.606852284561434,-40.22166841706463,41.50729271774019,10.72594451684201,-11.534306509403494,18.32819084946993,7.404284912988385,-7.724635456199778,-5.567835378899919,-28.092491652417696,-6.6769901716897175,17.740246672323245,13.724952115815872,-6.363845756424422,-18.199829520966567,-10.64036694433341,-12.717841737251641,8.53992912581677
-30.170946623415677,33.89659789681518,4.059477955777121,-40.886744167183586,27.68080490067664,-18.98663639821444,-11.198885195255633,-58.054166812557476,4.67133450248421,-0.5422378600903006,-25.734320968266193,32.377928161400604,2.3398651211794648,14.434313202915988,-35.51040204126473,21.680603767267026,-3.245717050036291,-16.567131054224603,-5.233901349294783,-26.33158461804869,-25.87172046448779,-10.6023132382554,2.5204753929217936,-3.2302336651628867,20.90191228395714,-21.279682810291277,12.22693226939705,-14.718661558191908,-8.835131730201013,-12.439556447962175,-35.49730422849781,-13.93183355285384,-0.89711955749930306,22.64968399593083,-20.171458406744218,-21.561622009309698,-13.317890315770006,21.772273136363108,21.96308207125489,45.76613584742557,-45.91925449025875,-13.055638015857705,13.907931200494577,-21.502631320946303,-7.911591056155612,7.972259553590964,7.372175682505665,32.26768858505766,5.991519836616275,-20.245465478994102,-14.442949508150464,6.19110917498564,20.477567856013454,10.95968535914876,12.544625776557067,-8.619747539303967
-2.5873726659827545,4.059477955777121,1.025501989069608,-4.728495715050478,2.5375230650501415,-2.5432606343511845,-2.1079298528899892,-6.898491868072114,0.7990796045998987,0.4357176937661458,-3.2346525002584103,3.5251880058624643,0.18976862345179107,1.7818365151097466,-4.066777879410983,2.4975383792007793,-0.26094407327268976,-2.301043725269741,-0.8230867655942168,-2.7065744624526364,-3.5516465074750077,-1.6211215761171667,0.49195898991140163,-0.7658404871666709,2.848282763644943,-2.8799403494357825,0.9919143141950205,-1.7587726413489662,-1.395336664325123,-1.2842540402825993,-4.530631322623676,-1.7786019402403461,-0.48691033520919325,1.8974597871563497,-2.3101966287298668,-2.406198645015517,-1.6902668679291217,2.4605294896103955,2.720888206990457,5.832263906347007,-5.1875617811673935,-1.8404215733596285,2.255289794104388,-2.956658364412719,-0.5880066972843209,0.7510526762122622,1.3387927616101565,3.8950951203137656,-0.10974812389896617,-2.66122264653922,-1.4519818412984322,0.34882103950914845,2.509199627009102,1.0974349091040922,0.8904554176676377,-0.655967614656832
36.61736076284472,-40.886744167183586,-4.728495715050478,49.38752653885068,-33.536810678099386,22.860759871916592,13.305470489406172,70.10123545188065,-5.505210240608696,0.7443801092016794,30.911307706391057,-39.141143266932794,-2.88404487703084,-17.407283785264376,42.830494434947745,-26.137175995657945,3.930351181725924,19.943480444538892,6.287521147153392,31.892308091110895,31.193864098910094,12.609492675931058,-2.9236993229075074,3.8826954414569466,-25.15632395224054,25.58212593825175,-14.837985234282533,17.779049483960687,10.494906940060682,15.054100252922476,42.758272039922346,16.818100997299915,1.0184672650369098,-27.575656255296085,24.311372774166728,25.973810768094108,16.08406294210059,-26.198855024856872,-26.42394246977987,-55.067912515190805,55.47830833835504,15.725928509780381,-16.54368843908918,25.832604890436578,9.710954132157447,-9.63771333782459,-8.772690043698622,-39.011997151549515,-7.524895887862663,24.31696051366716,17.448356628175908,-7.571608920043882,-24.66859539656885,-13.203612763056407,-15.254612582921636,10.488431347642337
-26.6610300901757,27.68080490067664,2.5375230650501415,-33.536810678099386,24.26782431025376,-14.873738439173078,-7.836009760550575,-47.15237434885904,3.778861649451645,-1.5388365758955256,-21.266205882419204,27.084021168452033,1.8504047462729436,11.636502841642608,-29.612487701489457,18.10579616187904,-2.974438741815175,-12.737938371607461,-3.786556354115827,-22.197772668185152,-19.74413284402955,-8.553209740600053,2.1125528384924452,-1.4930255367660945,16.280020014341137,-16.80049843340608,10.994187485017989,-11.888874081725996,-7.05581103852719,-10.537456882189662,-28.426807729488228,-10.94877283190265,0.12403017881846132,19.664645379411986,-16.926182298895025,-18.372283100852812,-10.456567711669896,18.616149316339573,18.034170208001626,37.02136908086322,-37.98962333206362,-9.895911903467185,10.782387004841551,-16.923833685983585,-6.657822018725244,7.044052043728052,5.237184200805149,25.738767082642855,5.856324803681094,-16.36111456605397,-12.534371371563665,5.7274683509747115,16.721212947325377,9.73405932658293,11.512867002029184,-7.733503390493172
16.143235704670413,-18.98663639821444,-2.5432606343511845,22.860759871916592,-14.873738439173078,10.879202841582046,6.747841067516619,32.64043526986987,-2.595341877673281,-0.11479001624980067,14.279827616607323,-17.898815552648287,-1.3510585041101224,-8.144795468979055,19.642448127935253,-11.978564709401054,1.6916707292292714,9.588632199608233,3.121078879756141,14.503291947842964,15.047034230846862,5.935108474989165,-1.3599672985169173,2.266891312719318,-12.012292784059234,12.129484994484448,-6.465447605595692,8.30340336202656,4.970959744181812,6.827332206364005,20.09429384042308,7.980607088784426,0.8322569181433997,-12.282762424933214,11.11036128922848,11.760924804951289,7.634211737776867,-11.842320307046604,-12.244419394107277,-25.742173388584746,25.546098845358898,7.6161147390905475,-7.960412263646505,12.27254152533691,4.395071747866342,-4.2555569440313334,-4.414138887184014,-18.345167746762307,-3.04526798283994,11.382217170996249,7.798024778529598,-3.223664071890361,-11.462082117754418,-5.818296695146314,-6.547104574247084,4.5728180759185095
8.30420467433104,-11.198885195255633,-2.1079298528899892,13.305470489406172,-7.836009760550575,6.747841067516619,4.868739418135466,19.228651753328005,-1.766173351294796,-0.6744867634422561,8.541954681266002,-10.145768744602051,-0.7166928690930112,-4.872178987167096,11.335882674344127,-6.924787258044329,0.8375504420301029,6.050539679188675,2.084098949092954,8.045856204950587,9.46794821607583,3.8530234684989084,-0.9796615438628713,1.8305071834593851,-7.507817295328136,7.539658995266253,-3.2433948347531762,4.908807882425591,3.275548185316441,3.7854624818155416,12.184979358058763,4.862147584706286,0.9537508831333612,-6.326332214998205,6.4009626628523355,6.681588178921005,4.642174476886131,-6.749486307785194,-7.298723176258243,-15.562892811391132,14.710865381257618,4.845352014966713,-5.328535901719729,7.677632694285249,2.2225200652790607,-2.253803189261902,-3.132353713190782,-10.918993826026746,-0.8890989706313043,6.960858117126442,4.248787891590843,-1.447245800812987,-6.815821973595967,-3.135506474204782,-3.1289431323128722,2.2568105096138167
51.441354024191575,-58.054166812557476,-6.898491868072114,70.10123545188065,-47.15237434885904,32.64043526986987,19.228651753328005,99.64001081291747,-7.786586022724118,0.7485467448143931,43.76913676948009,-55.405325306835806,-4.134077544245876,-24.761936794656197,60.62382888759718,-36.98294215181805,5.4855694116283535,28.548185962124766,9.07058665025345,45.11147737573866,44.71370589873829,17.875213507315795,-4.09519068461114,5.863220237542807,-35.942854050596424,36.4732402309896,-20.785962937722964,25.292999221846575,14.89634196980249,21.274996557942675,60.86498748856841,24.01544865673203,1.6885833222652773,-38.87766940950593,34.37233573971777,36.63096997910891,22.973196478581997,-36.918745100217336,-37.46567807425138,-78.25253064179353,78.65123145186202,22.558008342190725,-23.591807692589963,36.84215407144417,13.784505748745769,-13.526755445437788,-12.65777402260369,-55.610578322783475,-10.485945503713877,34.54612767187333,24.555292919373475,-10.578040194759865,-35.01638529707876,-18.500218385903082,-21.30851239605202,14.706801451967772
-4.014006269745459,4.67133450248421,0.7990796045998987,-5.505210240608696,3.778861649451645,-2.595341877673281,-1.766173351294796,-7.786586022724118,0.9335558003438778,-0.06812157764323437,-3.883647752926587,4.3844214856608,0.1729991695909338,1.9709207099609416,-5.009268912875978,3.0924194198114137,-0.4700520315004365,-2.2309145110202695,-0.6923026640386991,-3.4594526956278706,-3.3441016794938854,-1.8446351706839759,0.6185256733081446,-0.27122306428959797,2.863366746665195,-3.0233393388899166,1.6630432422178039,-1.9493082746385753,-1.5538322973764864,-1.6723326742598348,-4.924138048889969,-1.8117405769372124,-0.11114977815471601,2.7551355079241713,-2.9069382911330295,-3.184239565929249,-1.715152710517194,3.291613602292144,3.1992142111852235,6.549790563218375,-6.2147422549193525,-1.7108081766353163,2.339287067009441,-3.0859807082458177,-0.7493081112845521,1.14732266034286,1.1450488744948883,4.13248383857569,0.327707434272732,-2.9926771162617074,-2.0643267155965686,0.7412908491513691,2.8944026443716897,1.6876699798428159,1.679986712607978,-1.105814548639159
1.8109877772286602,-0.5422378600903006,0.4357176937661458,0.7443801092016794,-1.5388365758955256,-0.11479001624980067,-0.6744867634422561,0.7485467448143931,-0.06812157764323437,0.7327396703788639,0.5952843331624524,-0.9387259730276223,0.010580912073874418,-0.13047011122442675,0.9802041395585515,-0.6173461231197083,0.2671418050170863,-0.2607604850330641,-0.23918073835324563,0.8707716580515631,-0.5127839805753384,0.11962233564003134,-0.0902850488689055,-0.7132517320021842,0.18891895286802113,-0.03596760381006496,-0.8613121324179267,0.14494670388231912,0.05392975391405361,0.44778884008040426,0.19860965006933157,-0.06674215920846506,-0.553212758929506,-1.1144406279773074,0.6292213339995378,0.8606727159510574,-0.0706099885466569,-0.9157976802321273,-0.4258333550163281,-0.511664353634569,1.0533726608594476,-0.301905418495425,0.13372014019182443,-0.06844820507768128,0.2394101140144016,-0.48293709768936743,0.3930199194778873,-0.09445720321210097,-0.7058672260673811,0.22152463435157993,0.7242350400451841,-0.5370726954168942,-0.33079093830104445,-0.7032697926600531,-1.0362085697276138,0.5912772823734739
23.087902773295944,-25.734320968266193,-3.2346525002584103,30.911307706391057,-21.266205882419204,14.279827616607323,8.541954681266002,43.76913676948009,-3.883647752926587,0.5952843331624524,19.990155973780862,-24.59921341074909,-1.584970464713839,-10.909084304657547,27.207425683496385,-16.65638912925396,2.5494211840623877,12.37693628830017,3.851390050417685,19.90825140397891,19.135539985995408,8.49771097469075,-2.2526952506221725,2.03957484079795,-15.712865294837783,16.16320734117879,-9.434369211413825,11.054734514982448,7.087306662154613,9.45794120583231,26.891068817090872,10.373812577711485,0.5193025649304404,-16.959067832377734,15.546380300577455,16.76359943214061,9.892987356512586,-17.030691899803966,-16.89922668578624,-34.978933579403424,34.80974026319215,9.671645007894814,-10.96495631307912,16.358397373952567,5.625638415280788,-6.203544055100076,-5.616531323227307,-24.01291933006059,-4.115394007008815,15.58452844500705,11.18167149488806,-4.680999622410023,-15.632744138920206,-8.6717634447024,-9.686606550457602,6.5694382420009525
-29.625403527141856,32.377928161400604,3.5251880058624643,-39.141143266932794,27.084021168452033,-17.898815552648287,-10.145768744602051,-55.405325306835806,4.3844214856608,-0.9387259730276223,-24.59921341074909,31.192235851707817,2.2466276471777147,13.73440058949333,-34.12663555554777,20.838586283343137,-3.2182681023741884,-15.53389167062986,-4.819770812600622,-25.45694525734459,-24.23282013342857,-9.998120131311081,2.3651016874881847,-2.687958909525373,19.666731653501135,-20.08531500628698,12.069361940108832,-14.02808984123522,-8.30051870052928,-12.037386098591375,-33.6844499016486,-13.167910390743655,-0.530852477794397,22.16546192751636,-19.412656232400572,-20.838059771959696,-12.588337013826989,21.048690630659895,20.977532722282028,43.52463035650301,-44.075821048135595,-12.197784948310883,12.968807441287856,-20.268801254497745,-7.712066282364536,7.808758065132305,6.712605409863301,30.659410891179323,6.206361817369637,-19.226045749674544,-14.0631278182016,6.197306547579264,19.543491077885374,10.727685150597884,12.479585355888604,-8.517356321138566
-2.063204716198355,2.3398651211794648,0.18976862345179107,-2.88404487703084,1.8504047462729436,-1.3510585041101224,-0.7166928690930112,-4.134077544245876,0.1729991695909338,0.010580912073874418,-1.584970464713839,2.2466276471777147,0.2439570524144734,1.0135690039819518,-2.360367500674121,1.4222242633488336,-0.19616252253141025,-1.2082703719664283,-0.40015777090018045,-1.8750041581616683,-1.9671458284282113,-0.5319340580003006,0.02656086094021248,-0.3699505379661959,1.4880274713898323,-1.44838392464155,0.8074189740454722,-1.0647773396809677,-0.43824235519992216,-0.8638087384480597,-2.4593010549465575,-1.0384192399216534,-0.10756212323912752,1.7024446343734987,-1.3040282296426458,-1.3382039010385636,-1.002671042418403,1.3077464299652457,1.420230609772121,3.0463036001807753,-3.207206328601824,-0.9839035625848234,0.764102819212381,-1.450285136533682,-0.719263676701565,0.49995614349832496,0.47701860161295184,2.4223059909486744,0.6329114256684809,-1.2981260778095969,-0.923972256965606,0.4559865845840148,1.3756517630312737,0.6254812001067501,0.8324706828242624,-0.604931743463076
-12.672317462893597,14.434313202915988,1.7818365151097466,-17.407283785264376,11.636502841642608,-8.144795468979055,-4.872178987167096,-24.761936794656197,1.9709207099609416,-0.13047011122442675,-10.909084304657547,13.73440058949333,1.0135690039819518,6.162081605372025,-15.055981658115005,9.187290686575771,-1.3504181134048396,-7.131712100729988,-2.276265212259565,-11.161893841643725,-11.161286352487648,-4.494192985337456,1.046992805259492,-1.4949142807777727,8.974330823646879,-9.10784468608316,5.115172361505261,-6.286031153083857,-3.7507106800020544,-5.265785522965814,-15.165061227431623,-5.980150232380458,-0.46148648100091255,9.565580771173318,-8.538083103463956,-9.094271177423446,-5.71906510613614,9.171286156364156,9.330246548418556,19.502141349220715,-19.51774163313628,-5.636879545575483,5.943242620513838,-9.206110655266249,-3.3778072784317477,3.3420379583978947,3.2013320912230987,13.821153677873951,2.501295888462539,-8.621426103960454,-6.076638511389951,2.583369300445449,8.714672484136491,4.5810663766293755,5.228823174776385,-3.61250174656035
32.30847186700982,-35.51040204126473,-4.066777879410983,42.830494434947745,-29.612487701489457,19.642448127935253,11.335882674344127,60.62382888759718,-5.009268912875978,0.9802041395585515,27.207425683496385,-34.12663555554777,-2.360367500674121,-15.055981658115005,37.48719534655019,-22.91185017189527,3.533973164032835,17.032969463328598,5.285830859919562,27.770873636940195,26.480812967876776,11.240707120025283,-2.7842475780140234,2.8722298887082696,-21.59069436497891,22.11467111912198,-13.18232243628789,15.333450060226346,9.347969326487814,13.156223950481131,36.98975231858324,14.38428208474303,0.6106045612840261,-24.00529628783739,21.360268932394206,22.97436138897995,13.738907153778062,-23.257783986599303,-23.123633313551796,-47.921345807108715,48.24044857226186,13.347717663718406,-14.542979603601573,22.340922222638735,8.208147620384997,-8.575170500276421,-7.484687825553824,-33.43067062121863,-6.416263982461464,21.23621529602059,15.442965155289192,-6.688692245583066,-21.484283556240975,-11.858945517807186,-13.599458768065718,9.255868012339086
-19.74511561294829,21.680603767267026,2.4975383792007793,-26.137175995657945,18.10579616187904,-11.978564709401054,-6.924787258044329,-36.98294215181805,3.0924194198114137,-0.6173461231197083,-16.65638912925396,20.838586283343137,1.4222242633488336,9.187290686575771,-22.91185017189527,14.008494191963281,-2.165994749988299,-10.378763930764658,-3.21433639650711,-16.94798962326001,-16.115967729117312,-6.907827594209524,1.7335349966021512,-1.7114078296177488,13.16616905836596,-13.502638112255807,8.063683931770788,-9.350001053101131,-5.744903943739881,-8.033956538805445,-22.577497350205803,-8.761766279399092,-0.35598510213408086,14.633293846466234,-13.065128806172075,-14.066526057240965,-8.366262979714115,14.250206675053791,14.140564814950615,29.281157698579793,-29.447629963758267,-8.12478809423354,8.919069670762966,-13.642841779196836,-4.973643591228803,5.251185136199666,4.571394447764279,20.36208301752721,3.8749298945974116,-12.986600890977332,-9.45108682116057,4.082594312987706,13.125806509752124,7.275600917054419,8.320412368090484,-5.654352538674187
3.27225939658475,-3.245717050036291,-0.26094407327268976,3.930351181725924,-2.974438741815175,1.6916707292292714,0.8375504420301029,5.4855694116283535,-0.4700520315004365,0.2671418050170863,2.5494211840623877,-3.2182681023741884,-0.19616252253141025,-1.3504181134048396,3.533973164032835,-2.165994749988299,0.3773217806082511,1.4251281205380504,0.40224435947918663,2.6399248048878827,2.181962623473474,1.0351099894175166,-0.28097726014432184,0.06554834670980618,-1.8443068846121948,1.93327393305918,-1.367669446079779,1.3749558188035453,0.8503939718036234,1.2612813438942683,3.292022214392467,1.2383489241786731,-0.0837942268730516,-2.3603679426181565,2.0339558698050118,2.2379103195399583,1.17998103586246,-2.2805611696470502,-2.1405256983813947,-4.3385422942134735,4.481771425252669,1.090138679084775,-1.2629528799314704,1.9466100608572487,0.7600605292935203,-0.8733283333793479,-0.5652030063159921,-2.936230629295919,-0.7107358368006917,1.926285056535383,1.5360051301959265,-0.71289623557335,-1.968010510837281,-1.2227758463129947,-1.4456024465504826,0.9534467847983462
13.80751534502458,-16.567131054224603,-2.301043725269741,19.943480444538892,-12.737938371607461,9.588632199608233,6.050539679188675,28.548185962124766,-2.2309145110202695,-0.2607604850330641,12.37693628830017,-15.53389167062986,-1.2082703719664283,-7.131712100729988,17.032969463328598,-10.378763930764658,1.4251281205380504,8.490401465867013,2.7992658786821942,12.57591657921973,13.363346198488564,5.141574254654854,-1.1414080327273495,2.170649060166815,-10.599930997030292,10.65656228061795,-5.495619254706414,7.275507150370507,4.314877690847099,5.907335379780548,17.611845962440857,7.041340957603343,0.8538521083466795,-10.595303817668004,9.6104374800265,10.120208630226513,6.739529324612999,-10.169918305863717,-10.646078162049173,-22.480433415800693,22.233942508944946,6.770427867350769,-6.973310468940129,10.785801011104107,3.8528610895597284,-3.6281108905270067,-3.949361564903585,-16.14035908280698,-2.5833321034360104,9.929408477394803,6.6854144344722695,-2.7293781493644174,-9.991858812205859,-4.93706568626451,-5.532601056409178,3.898778416854652
4.0804704306992745,-5.233901349294783,-0.8230867655942168,6.287521147153392,-3.786556354115827,3.121078879756141,2.084098949092954,9.07058665025345,-0.6923026640386991,-0.23918073835324563,3.851390050417685,-4.819770812600622,-0.40015777090018045,-2.276265212259565,5.285830859919562,-3.21433639650711,0.40224435947918663,2.7992658786821942,0.9574021457765713,3.8837755523490887,4.434570772191421,1.6124023679937811,-0.3343176346389997,0.8629610063123486,-3.4620422496601235,3.443454546428301,-1.5926593703295748,2.3225945871012135,1.363416778312134,1.8153062803860895,5.642303107834058,2.2923243294702442,0.39274655414906434,-3.2034985726442025,2.962334632828664,3.072230049311816,2.197086065610125,-3.0725199720468974,-3.337767026626686,-7.135788815241316,6.961931234093332,2.2547492434613865,-2.258955140585835,3.491945504314354,1.212641408547715,-1.0663360285327097,-1.3510949462848427,-5.207250433396284,-0.710858111352841,3.14858223177904,2.0010557262875857,-0.7733454645917227,-3.152162377558369,-1.4357144868790368,-1.568580366976661,1.1360947056472934
24.338010078295287,-26.33158461804869,-2.7065744624526364,31.892308091110895,-22.197772668185152,14.503291947842964,8.045856204950587,45.11147737573866,-3.4594526956278706,0.8707716580515631,19.90825140397891,-25.45694525734459,-1.8750041581616683,-11.161893841643725,27.770873636940195,-16.94798962326001,2.6399248048878827,12.57591657921973,3.8837755523490887,20.830282973117523,19.65391677049118,7.982719540137015,-1.8309315062308311,2.1392492264326566,-15.924191090942092,16.246903025760794,-9.919728782334813,11.424545948444996,6.614302283416247,9.841173912711664,27.32869145576594,10.70628290011111,0.35359305511945976,-18.269267136361208,15.785445502953106,16.942954792336693,10.240457533774107,-17.093018102598236,-17.00781569280111,-35.27556572361066,35.93288394328508,9.878256964167708,-10.340948017930938,16.379474685766795,6.413761424167951,-6.384385793641869,-5.337644783249597,-24.987850352912737,-5.318410136722468,15.546653922974434,11.481657658860108,-5.144779205828052,-15.867987137520167,-8.735852133183506,-10.288151876759454,7.022198263645511
21.432527744517238,-25.87172046448779,-3.5516465074750077,31.193864098910094,-19.74413284402955,15.047034230846862,9.46794821607583,44.71370589873829,-3.3441016794938854,-0.5127839805753384,19.135539985995408,-24.23282013342857,-1.9671458284282113,-11.161286352487648,26.480812967876776,-16.115967729117312,2.181962623473474,13.363346198488564,4.434570772191421,19.65391677049118,21.115723967922083,7.848581371956665,-1.6420843465859514,3.5902935677160794,-16.63969596663591,16.65387548488711,-8.492647700264323,11.414031964749864,6.586807256999185,9.20850784216957,27.5428563730697,11.091992502862109,1.424364112352448,-16.611727154183278,14.899716887383242,15.621917529594523,10.625944815618768,-15.653503382633682,-16.529785737943797,-35.02025992598957,34.72896927652768,10.692859606586596,-10.737323665398462,16.84606193712613,6.167030662527921,-5.588630969477429,-6.180978715391105,-25.422033743691337,-4.185996240675786,15.422541307703595,10.330057691936968,-4.251279681934732,-15.567832181055149,-7.543931826969297,-8.538042825784588,6.059832874373106
9.170658716091173,-10.6023132382554,-1.6211215761171667,12.609492675931058,-8.553209740600053,5.935108474989165,3.8530234684989084,17.875213507315795,-1.8446351706839759,0.11962233564003134,8.49771097469075,-9.998120131311081,-0.5319340580003006,-4.494192985337456,11.240707120025283,-6.907827594209524,1.0351099894175166,5.141574254654854,1.6124023679937811,7.982719540137015,7.848581371956665,3.8444544774486085,-1.1558223592652692,0.813363311467107,-6.548601239891278,6.798883863389003,-3.759072671520671,4.5001877181531595,3.225701808965988,3.8171731518553162,11.168303860141183,4.231131396152159,0.3001657244665383,-6.548079237703863,6.463765351723828,7.008312722607452,4.019669435328867,-7.177250699567878,-7.098248987623766,-14.658922527365544,14.189118552536208,3.993080877703098,-4.936569296294118,6.909514613818581,2.001151180395853,-2.538255695615935,-2.51081760344583,-9.693624523105248,-1.1647561539216522,6.611481010933895,4.587365404639858,-1.7583628762680903,-6.5015630220715686,-3.6378549030738037,-3.810872972609576,2.5645424177111606
-2.210970793494782,2.5204753929217936,0.49195898991140163,-2.9236993229075074,2.1125528384924452,-1.3599672985169173,-0.9796615438628713,-4.09519068461114,0.6185256733081446,-0.0902850488689055,-2.2526952506221725,2.3651016874881847,0.02656086094021248,1.046992805259492,-2.7842475780140234,1.7335349966021512,-0.28097726014432184,-1.1414080327273495,-0.3343176346389997,-1.8309315062308311,-1.6420843465859514,-1.1558223592652692,0.4534447594756067,-0.011279702870841344,1.4997534110454696,-1.6390677121995096,0.941507988330914,-1.0103257431186448,-0.9739806940359477,-0.9023767584284299,-2.642315488666914,-0.9118732999662355,-0.013495081919351018,1.392830694055525,-1.6451132997723485,-1.8507140029915183,-0.8534063277592738,1.9455287714703748,1.8036962667134655,3.6203882905169373,-3.3294328486499576,-0.8466332658085581,1.4080899446080284,-1.6811181557351953,-0.2666721172209593,0.6661253696997826,0.6328362105581234,2.06683565319982,0.014993654005381317,-1.691248966427285,-1.1812984484656774,0.38564631288549633,1.5913640843002832,1.025980791628674,0.9509143028367599,-0.6004891260843764
1.5541078534070931,-3.2302336651628867,-0.7658404871666709,3.8826954414569466,-1.4930255367660945,2.266891312719318,1.8305071834593851,5.863220237542807,-0.27122306428959797,-0.7132517320021842,2.03957484079795,-2.687958909525373,-0.3699505379661959,-1.4949142807777727,2.8722298887082696,-1.7114078296177488,0.06554834670980618,2.170649060166815,0.8629610063123486,2.1392492264326566,3.5902935677160794,0.813363311467107,-0.011279702870841344,1.2353163992743048,-2.5561025661206327,2.3700078194758576,-0.4710826872695228,1.5503187825324696,0.7178542794025435,0.9498024076692059,3.754000769592107,1.7026412572922414,0.6940520731546701,-1.5933854343446328,1.5148765524055474,1.3670748420726362,1.6472181220468225,-1.28196996391928,-1.903459932692388,-4.437908553078869,4.111534953615994,1.8435200039565374,-1.4361148640879235,2.411997411839647,0.8561643284840977,-0.3513219037047952,-1.1616195906109503,-3.7234466823825128,-0.24284269937081365,1.9087968413432816,0.8059452074525456,-0.197260545364505,-1.902213990504143,-0.3700680253035515,-0.3385387713821237,0.3891205995273038
-17.654590747333902,20.90191228395714,2.848282763644943,-25.15632395224054,16.280020014341137,-12.012292784059234,-7.507817295328136,-35.942854050596424,2.863366746665195,0.18891895286802113,-15.712865294837783,19.666731653501135,1.4880274713898323,8.974330823646879,-21.59069436497891,13.16616905836596,-1.8443068846121948,-10.599930997030292,-3.4620422496601235,-15.924191090942092,-16.63969596663591,-6.548601239891278,1.4997534110454696,-2.5561025661206327,13.269567610495008,-13.38761144331811,7.0598835894518555,-9.146836128142006,-5.48820894527061,-7.4930534275512795,-22.153894292506088,-8.80868681071229,-0.9654107854385425,13.448577639422604,-12.208006352054976,-12.908929613819828,-8.426027640549176,12.995872807562106,13.477269050923045,28.364310625286663,-28.09230535821021,-8.426170427839743,8.803019433527574,-13.547819650563405,-4.819626130561968,4.655447014781573,4.906861301950465,20.224912123992734,3.2880362807566117,-12.543675770311449,-8.543905400982691,3.5084341998038093,12.61966574976546,6.363760637393993,7.134828634770702,-4.994275855449004
18.210653571751713,-21.279682810291277,-2.8799403494357825,25.58212593825175,-16.80049843340608,12.129484994484448,7.539658995266253,36.4732402309896,-3.0233393388899166,-0.03596760381006496,16.16320734117879,-20.08531500628698,-1.44838392464155,-9.10784468608316,22.11467111912198,-13.502638112255807,1.93327393305918,10.65656228061795,3.443454546428301,16.246903025760794,16.65387548488711,6.798883863389003,-1.6390677121995096,2.3700078194758576,-13.38761144331811,13.581146320825747,-7.3250736505994025,9.262825008599664,5.694004099688117,7.667685650360367,22.48529310745221,8.863357070968059,0.8531729414311371,-13.719137507648805,12.54348276987104,13.33445839416034,8.470961392798543,-13.463696807545181,-13.80187998315388,-28.919158454573026,28.627765366761526,8.433301854762052,-9.043121630710031,13.74891455316912,4.804383561798717,-4.835868983260026,-4.931645940894256,-20.37985269085482,-3.294715325971669,12.824040885571806,8.834419670980177,-3.626160922241307,-12.875708077712815,-6.661094397138111,-7.428646066237929,5.152527931271037
-12.111311538372068,12.22693226939705,0.9919143141950205,-14.837985234282533,10.994187485017989,-6.465447605595692,-3.2433948347531762,-20.785962937722964,1.6630432422178039,-0.8613121324179267,-9.434369211413825,12.069361940108832,0.8074189740454722,5.115172361505261,-13.18232243628789,8.063683931770788,-1.367669446079779,-5.495619254706414,-1.5926593703295748,-9.919728782334813,-8.492647700264323,-3.759072671520671,0.941507988330914,-0.4710826872695228,7.0598835894518555,-7.3250736505994025,5.0236742997091985,-5.2298104758387165,-3.0896053900198233,-4.717708057600771,-12.463531076481669,-4.765077271260581,0.19684469371446625,8.880182878255246,-7.551014132251254,-8.240967898113762,-4.549487560707425,8.360525100298398,7.981810733361633,16.2935458862225,-16.86246004942412,-4.244662167248235,4.667354054135539,-7.370669513248033,-2.974574930849595,3.199507481715937,2.183070618077984,11.268251123482887,2.747237523049933,-7.198402328723503,-5.658686900436672,2.6411056271484723,7.3855604350211594,4.429443256576371,5.295096073123123,-3.53031734355693
12.971572300264716,-14.718661558191908,-1.7587726413489662,17.779049483960687,-11.888874081725996,8.30340336202656,4.908807882425591,25.292999221846575,-1.9493082746385753,0.14494670388231912,11.054734514982448,-14.02808984123522,-1.0647773396809677,-6.286031153083857,15.333450060226346,-9.350001053101131,1.3749558188035453,7.275507150370507,2.3225945871012135,11.424545948444996,11.414031964749864,4.5001877181531595,-1.0103257431186448,1.5503187825324696,-9.146836128142006,9.262825008599664,-5.2298104758387165,6.425699851009658,3.7516109172251566,5.382260943336841,15.451406952512999,6.116428258917286,0.4644269459622072,-9.84250125714207,8.684052551045516,9.235243487082299,5.853085815869209,-9.297844200727896,-9.478682982279212,-19.831386173051477,19.9309391632292,5.759108872306677,-5.965823394690335,9.355778692711969,3.518949096897711,-3.403050768919929,-3.2295683951700127,-14.153734369961962,-2.6653583593856887,8.746663181107127,6.188402350553247,-2.6648563437522594,-8.871259159420562,-4.641195796258565,-5.354608932925693,3.7074476735920396
7.550451990180598,-8.835131730201013,-1.395336664325123,10.494906940060682,-7.05581103852719,4.970959744181812,3.275548185316441,14.89634196980249,-1.5538322973764864,0.05392975391405361,7.087306662154613,-8.30051870052928,-0.43824235519992216,-3.7507106800020544,9.347969326487814,-5.744903943739881,0.8503939718036234,4.314877690847099,1.363416778312134,6.614302283416247,6.586807256999185,3.225701808965988,-0.9739806940359477,0.7178542794025435,-5.48820894527061,5.694004099688117,-3.0896053900198233,3.7516109172251566,2.7110673252419835,3.1636285707706935,9.331689255147598,3.537757324109688,0.2846117730596704,-5.389913622416274,5.373499757868309,5.818145279649878,3.3610085361893383,-5.959880022258868,-5.919484752533036,-12.241623571435396,11.798748984537905,3.3550806270497726,-4.1594481101598655,5.791299540171737,1.6434053147486067,-2.0952897151004493,-2.130793976580151,-8.087558842927407,-0.9060708202365284,5.52698621594642,3.795561494103344,-1.4318012392779766,-5.421547788249322,-3.007956961553078,-3.120179213044246,2.1031474268655934
11.546828071952438,-12.439556447962175,-1.2842540402825993,15.054100252922476,-10.537456882189662,6.827332206364005,3.7854624818155416,21.274996557942675,-1.6723326742598348,0.44778884008040426,9.45794120583231,-12.037386098591375,-0.8638087384480597,-5.265785522965814,13.156223950481131,-8.033956538805445,1.2612813438942683,5.907335379780548,1.8153062803860895,9.841173912711664,9.20850784216957,3.8171731518553162,-0.9023767584284299,0.9498024076692059,-7.4930534275512795,7.667685650360367,-4.717708057600771,5.382260943336841,3.1636285707706935,4.6569733663686605,12.89582183069211,5.028413910475812,0.13582329890639547,-8.62179503173611,7.4892637445231385,8.057521562809404,4.807510518126494,-8.141300891424713,-8.060947031205439,-16.684448832069485,16.97764618649923,4.629098727862321,-4.92261715255617,7.733619109852822,2.9923444159551766,-3.0405452731708835,-2.511713204560987,-11.74211207786038,-2.4793642627556,7.365878258371319,5.458973340353002,-2.438428523613111,-7.50591680987654,-4.177335183149698,-4.896533991702721,3.3291036371562717
30.90501947727775,-35.49730422849781,-4.530631322623676,42.758272039922346,-28.426807729488228,20.09429384042308,12.184979358058763,60.86498748856841,-4.924138048889969,0.19860965006933157,26.891068817090872,-33.6844499016486,-2.4593010549465575,-15.165061227431623,36.98975231858324,-22.577497350205803,3.292022214392467,17.611845962440857,5.642303107834058,27.32869145576594,27.5428563730697,11.168303860141183,-2.642315488666914,3.754000769592107,-22.153894292506088,22.48529310745221,-12.463531076481669,15.451406952512999,9.331689255147598,12.89582183069211,37.36499857755747,14.726307651502077,1.227551883616333,-23.298943690853623,20.980888372828158,22.339645001337917,14.078868046277842,-22.541982677743523,-22.979956976197126,-48.06475840348549,47.91370394565433,13.923154138529126,-14.78906979864828,22.74022112481275,8.192190817654112,-8.172611249226426,-7.993710651859631,-33.97405655689498,-5.912593587781029,21.274468295654216,14.881158698327107,-6.248678392354808,-21.450223615911174,-11.226806035445556,-12.706573412522728,8.7878813061367
11.919844834828394,-13.93183355285384,-1.7786019402403461,16.818100997299915,-10.94877283190265,7.980607088784426,4.862147584706286,24.01544865673203,-1.8117405769372124,-0.06674215920846506,10.373812577711485,-13.167910390743655,-1.0384192399216534,-5.980150232380458,14.38428208474303,-8.761766279399092,1.2383489241786731,7.041340957603343,2.2923243294702442,10.70628290011111,11.091992502862109,4.231131396152159,-0.9118732999662355,1.7026412572922414,-8.80868681071229,8.863357070968059,-4.765077271260581,6.116428258917286,3.537757324109688,5.028413910475812,14.726307651502077,5.884483773150962,0.60245121389331,-9.146077415889103,8.118491568016388,8.5725286302722985,5.6342933609005765,-8.60817631908824,-8.930996934151251,-18.80640225989772,18.78794273861529,5.605844925258412,-5.698000221345211,8.957031167372296,3.336775469934085,-3.1147912259022075,-3.1868329504409485,-13.552877216054645,-2.407259293393173,8.284647605676483,5.709093683873916,-2.4109070407363573,-8.387528519487994,-4.2235231935601725,-4.837759702424535,3.3915334622936606
-0.23488052288241007,-0.89711955749930306,-0.48691033520919325,1.0184672650369098,0.12403017881846132,0.8322569181433997,0.9537508831333612,1.6885833222652773,-0.11114977815471601,-0.553212758929506,0.5193025649304404,-0.530852477794397,-0.10756212323912752,-0.46148648100091255,0.6106045612840261,-0.35598510213408086,-0.0837942268730516,0.8538521083466795,0.39274655414906434,0.35359305511945976,1.424364112352448,0.3001657244665383,-0.013495081919351018,0.6940520731546701,-0.9654107854385425,0.8531729414311371,0.19684469371446625,0.4644269459622072,0.2846117730596704,0.13582329890639547,1.227551883616333,0.60245121389331,0.4705066774975775,-0.02980464182213257,0.28638727582484474,0.15563703001556772,0.5816151342224867,-0.11637048657811604,-0.5133236290607723,-1.371573109563143,0.9710797095612197,0.7510453978961313,-0.6234382289676252,0.8848775419290241,0.13827141421321354,0.07070915123571764,-0.5890812221787907,-1.2023706197980821,0.29305374888939917,0.6049612364274267,-0.00919236788640582,0.174116125176835,-0.5352277807594538,0.1336481154633761,0.3207155287237774,-0.12208564344408081
-21.704005937317866,22.64968399593083,1.8974597871563497,-27.575656255296085,19.664645379411986,-12.282762424933214,-6.326332214998205,-38.87766940950593,2.7551355079241713,-1.1144406279773074,-16.959067832377734,22.16546192751636,1.7024446343734987,9.565580771173318,-24.00529628783739,14.633293846466234,-2.3603679426181565,-10.595303817668004,-3.2034985726442025,-18.269267136361208,-16.611727154183278,-6.548079237703863,1.392830694055525,-1.5933854343446328,13.448577639422604,-13.719137507648805,8.880182878255246,-9.84250125714207,-5.389913622416274,-8.62179503173611,-23.298943690853623,-9.146077415889103,-0.02980464182213257,16.36660030025763,-13.634103415419851,-14.667119043182097,-8.7584234478214391,14.76251402081448,14.535876798049612,30.047914381622498,-31.15415059198381,-8.309960378089919,8.398752733452472,-13.79270250936422,-5.833928401304933,5.631790141022453,4.238420584058294,21.521959416070814,5.256755322169562,-13.168436930673527,-10.066021597004776,4.728815518008534,13.596171708824809,7.642639159838699,9.302114471596635,-6.32637602967406
18.457797696389424,-20.171458406744218,-2.3101966287298668,24.311372774166728,-16.926182298895025,11.11036128922848,6.4009626628523355,34.37233573971777,-2.9069382911330295,0.6292213339995378,15.546380300577455,-19.412656232400572,-1.3040282296426458,-8.538083103463956,21.360268932394206,-13.065128806172075,2.0339558698050118,9.6104374800265,2.962334632828664,15.785445502953106,14.899716887383242,6.463765351723828,-1.6451132997723485,1.5148765524055474,-12.208006352054976,12.54348276987104,-7.551014132251254,8.684052551045516,5.373499757868309,7.4892637445231385,20.980888372828158,8.118491568016388,0.28638727582484474,-13.634103415419851,12.192769492900027,13.149471258968521,7.749590653977831,-13.332496860304506,-13.180116140625536,-27.25165075463452,27.410142412472652,7.510661407286494,-8.31480394046657,12.67401343736,4.600190929173683,-4.918200786839125,-4.227664316067091,-18.87944821558541,-3.5999321953308576,12.095785933473021,8.839046459912787,-3.8204932242163876,-12.220017637181783,-6.828086457825752,-7.800556052762348,5.287394950567657
20.038646379612022,-21.561622009309698,-2.406198645015517,25.973810768094108,-18.372283100852812,11.760924804951289,6.681588178921005,36.63096997910891,-3.184239565929249,0.8606727159510574,16.76359943214061,-20.838059771959696,-1.3382039010385636,-9.094271177423446,22.97436138897995,-14.066526057240965,2.2379103195399583,10.120208630226513,3.072230049311816,16.942954792336693,15.621917529594523,7.008312722607452,-1.8507140029915183,1.3670748420726362,-12.908929613819828,13.33445839416034,-8.240967898113762,9.235243487082299,5.818145279649878,8.057521562809404,22.339645001337917,8.5725286302722985,0.15563703001556772,-14.667119043182097,13.149471258968521,14.254174944790407,8.175128665802157,-14.485836926855896,-14.156953263990104,-29.142570596866403,29.349695389193748,7.869224176020374,-8.912977974022969,13.472177393865383,4.846867328331131,-5.363610295108337,-4.422313936061601,-19.981099270009157,-3.8651623653803724,12.960284107472113,9.597392458779904,-4.165604515179305,-13.083088112059633,-7.487974292383457,-8.543270212118076,5.749204516803738
11.389753356209672,-13.317890315770006,-1.6902668679291217,16.08406294210059,-10.456567711669896,7.634211737776867,4.642174476886131,22.973196478581997,-1.715152710517194,-0.0706099885466569,9.892987356512586,-12.588337013826989,-1.002671042418403,-5.71906510613614,13.738907153778062,-8.366262979714115,1.17998103586246,6.739529324612999,2.197086065610125,10.240457533774107,10.625944815618768,4.019669435328867,-0.8534063277592738,1.6472181220468225,-8.426027640549176,8.470961392798543,-4.549487560707425,5.853085815869209,3.3610085361893383,4.807510518126494,14.078868046277842,5.6342933609005765,0.5816151342224867,-8.7584234478214391,7.749590653977831,8.175128665802157,5.396348155754509,-8.203731413657966,-8.525835766907267,-17.96388560754681,17.964413447114364,5.369506278690443,-5.424685177855597,8.559666748896268,3.2112388946590666,-2.9710453393539074,-3.0430674875620194,-12.979384247726259,-2.32681109138334,7.907929570168478,5.448240900942118,-2.307678786854658,-8.013492471801449,-4.020932135520706,-4.619184167054548,3.2417912800894273
