V1,V2,V3,V4,V5,V6,V7,V8,V9,V10,V11,V12,V13,V14,V15,V16,V17,V18,V19,V20,V21,V22,V23,V24,V25,V26,V27,V28,V29,V30,V31,V32,V33,V34,V35,V36,V37,V38,V39,V40,V41,V42,V43,V44,V45,V46,V47,V48,V49,V50,V51,V52,V53,V54,V55,V56
0.9439631106415403,0.29000293542103045,0.49762235771904073,0.7954982148223517,-0.29617770862599335,-1.3984027197080844,-0.28986350660741883,0.1928831945084215,0.593452759925262,0.05709714063154126,1.2214572623502018,0.12439653827971574,0.5989286629399321,0.24653693547493122,-1.2904817217449323,0.4398279835064943,-0.6668181785951379,-0.4381236278748976,0.6462067004485416,0.3432319686652075,-0.5939182353112503,0.0037312219800094064,-0.9518928808412324,0.5067897551662635,0.6849872574205769,-0.8839812189895914,-0.37293654124607806,0.7809398134447592,-0.9486398923079766,0.9570614390331597,1.1893360440261314,0.08996568623208384,-0.2813026864349537,-0.557655716315395,0.18018406460546435,-0.025466973361160116,0.9598736618661817,-0.47244015567091957,-1.2993579939618103,-0.3777367437588325,0.3552022059744155,-0.14551852004440272,-0.8489566942835014,-0.1553591459049852,-0.12723326278163372,-0.9053975420424335,0.7608526193059003,0.5320817416447349,0.8477383688647558,0.41213921167247686,0.6368868641044004,-0.0036592522067667365,0.2734584993872285,-1.1263567602214979,0.6837425281656799,0.4701013568071803
0.29000293542103045,1.049838975939239,-0.17385563869023943,-0.08832710194451561,-0.08180915281893388,-1.0088394200224198,-0.0386781638686762,0.4730287722328369,1.1079317942046638,-0.44630205442187904,0.6051505469215317,0.343067080714109,0.4395352778024647,0.43041119082686596,0.7342627329777791,-0.5563225751754223,-0.09220746666459186,0.019809181462416333,0.5523194530295437,0.05748458425975389,-0.2578624558534634,-0.599970143585298,0.9375954680639468,-0.458454479977913,-0.6402625806666908,1.0571856391651877,0.15055389589488546,0.6339045218848345,0.8224660439668016,-0.24008722045625355,-0.5829081788666755,-0.415596696258954,0.4846529183281921,0.016060129566230503,0.5012799057912588,0.9832496919008654,-0.5232845359140129,0.1453971586165904,-0.7673590640484551,-1.447781011265244,-0.17506660100281662,-0.5932521971208381,0.5855939577682462,0.484331262994468,-0.6346719512761348,0.5030969109493316,0.643717353318596,-0.5642930985829355,-0.32055632859615374,0.4253207821048464,0.2604372178995067,-0.16065960700714033,0.7797503603668602,1.0690941736530732,-0.0018509786772077487,0.5604515490801267
0.49762235771904073,-0.17385563869023943,0.373485497755102,0.5319924849383023,-0.16163875058120178,-0.5374922431193389,-0.1649230258435565,-0.03700565012697421,-0.006912309826539036,0.18682143464399598,0.5692627299999308,-0.03222719053866019,0.22303054221164512,0.013979841151494424,-1.0693910118163292,0.4693749642872318,-0.386719712346213,-0.28708947470360596,0.22361216808794296,0.19556894040668427,-0.28904049421748623,0.204884075531449,-0.9238015499981646,0.4807658436981634,0.6552841454711906,-0.9174480161209293,-0.29218624728166837,0.27597858539283454,-0.8808397089956463,0.6892151917296805,0.9488321687976026,0.19542453999562204,-0.3421157311235725,-0.3561648426687065,-0.06101404003847869,-0.3581169050637553,0.7871027041171348,-0.34969225475283516,-0.5578737970643501,0.2601832062414813,0.2856310849110109,0.11301285349030844,-0.7360057539156032,-0.26530087705207755,0.13690839105949074,-0.7502613483272691,0.26353532015204545,0.5350036178949035,0.6476829006547472,0.11412167786123341,0.31232750145715377,0.04963036742318777,-0.09695339316270599,-1.085899359919052,0.434369856743346,0.10295227046426672
0.7954982148223517,-0.08832710194451561,0.5319924849383023,0.7950344955576193,-0.21006692483205244,-1.0264476850208375,-0.3516654108564595,-0.017131858923565897,0.2688381972740464,0.2272122146915585,0.8862954287941569,-0.1060708234370545,0.5204340576962836,0.0017000533441476663,-1.3976297156570898,0.5677446024614663,-0.6567890486240823,-0.35783054409683324,0.3633737094456227,0.3362085860954495,-0.44595027536396653,0.23851277918224326,-1.1624472462516457,0.5546889273565971,0.7844267265233746,-1.2133714175793686,-0.3089183473984743,0.5526318564475635,-1.1506095555837748,0.9370778409392159,1.3422521872213333,0.2783777277872341,-0.44195498465847693,-0.5624585523939419,0.0752867938443728,-0.22755677735973415,1.0415656017250345,-0.4659107429903529,-1.001461025410734,0.027992686512434316,0.36657684535576063,0.01021968417408902,-0.9977157053006184,-0.27103032361459023,0.07349228029109127,-0.9031378791683705,0.465670348541806,0.5748743814248636,0.8584183612439046,0.27192076470343096,0.5391374875364323,0.10062110173323749,0.07020870787618756,-1.2447124759942436,0.6164693276040509,0.31280659733873195
-0.29617770862599335,-0.08180915281893388,-0.16163875058120178,-0.21006692483205244,0.28666692902008717,0.21297446642002935,-0.31639572326207654,-0.22154138624799244,0.22741392691742787,0.0613348762879024,-0.6686928487544954,-0.5136899503852654,0.28694462898754886,-0.4513383200891831,0.7851596865782806,-0.3367073094282288,-0.0428638602848162,0.4330254272572037,-0.46543051728986246,0.029424924305482276,0.3146226140860919,0.11637620549021116,0.608433440568417,-0.5506527421778045,-0.619499692155666,0.25268671034559265,0.560194897895354,-0.1009218880645166,0.4651368687519644,-0.5522177686881108,-0.32979867903437077,0.1900093059785857,0.06144095985342847,0.05155010069834409,0.3008355181281627,0.6392128215753148,-0.5388695942159719,0.29992748884889336,0.2501713956023147,-0.4151007097182437,-0.2555180275585044,-0.21852685762334573,0.32365566668395124,0.2540121282707335,-0.08162130853690261,0.8829043538953042,-0.38686426721615286,-0.7432221322392567,-0.5309096203607367,6.929951624873731e-4,-0.08652847852699212,0.21931229606877395,0.2867752315508759,1.249199629746125,-0.36678204023285144,0.13177666849270822
-1.3984027197080844,-1.0088394200224198,-0.5374922431193389,-1.0264476850208375,0.21297446642002935,2.671335464278782,0.8628876438450376,-0.3475591481936538,-1.897567134780076,0.09988333004879654,-1.6209302315102694,0.17510286307225195,-1.5786413279370852,-0.14983605837577102,0.8098364433442818,-0.01621539701245745,1.207857576898747,0.22147010847433898,-0.8679934103283864,-0.6360285251998856,0.7785832073418594,0.2166513977126333,0.32962525173277774,0.0582652425425786,-0.050961791206817174,0.5509523927283492,-0.1085481192522518,-1.5540471830646962,0.5553761769326415,-0.8150631227916948,-1.249817610089529,-0.11908832499128066,0.10914444239779161,0.8555602603905513,-0.9373847794769854,-1.2669426251932272,-0.6672449335209378,0.35534299277772285,2.32201005170627,1.95492201534099,-0.19409449551998578,0.8408012398611476,0.6914112139936018,-0.3183039790572097,0.6793205633407339,0.1976659618343597,-1.2013603003058235,0.29805267266127417,-0.6105761900657627,-0.935254567151615,-1.11070806479921,-0.1482645774269405,-1.2407539659306048,-0.18803220018296213,-0.714288431475137,-1.2603529326065086
-0.28986350660741883,-0.0386781638686762,-0.1649230258435565,-0.3516654108564595,-0.31639572326207654,0.8628876438450376,0.9505232452450468,0.30990451325040796,-0.986140247576731,-0.21808921573219625,0.24275637518782278,0.9835467906761896,-1.165432203607728,0.737639202332498,-0.3225007906874152,0.23324388349616984,0.743820821403166,-0.476705391859648,0.38043179805657584,-0.3976466247785676,-0.09323917759016295,-0.29231488317408716,-0.27081121920224016,0.6246110060460703,0.5799704678578481,0.4198203107736865,-0.7995784357532923,-0.514704151736892,0.019389270350107974,0.19791782723971915,-0.5253494566785266,-0.5193893114269098,0.18430243928192513,0.4447570402011284,-0.7755864948678526,-1.2496135958484136,0.14647125715172082,-0.15331222897910105,0.7040064755655587,1.1431554208000567,0.17371742652387337,0.5612551386031683,0.20146231386525404,-0.34597827745519943,0.25181748285473277,-0.9264105771870702,0.10809171195396768,0.9974340308499663,0.25544926356379816,-0.3786744792668741,-0.429479757790111,-0.4699039273583797,-0.8181268397737432,-1.4379725438216302,0.09530100613724608,-0.7023184937344914
0.1928831945084215,0.4730287722328369,-0.03700565012697421,-0.017131858923565897,-0.22154138624799244,-0.3475591481936538,0.30990451325040796,0.3581642390807607,0.1750680324493992,-0.25939169001297047,0.5936501695097004,0.5635692298978732,-0.1700360309846318,0.5246206065932236,-0.09145999573301802,-0.04426428541519806,0.12793933457354398,-0.27356134623592693,0.5110759213635747,-0.06772633087104143,-0.2637259900991861,-0.36316092207921463,0.08135769941355293,0.16770497687905184,0.11133270029749437,0.42347679618401984,-0.33742129607209476,0.2096938742502158,0.15227422253484435,0.17580754886625344,-0.21005515002805858,-0.3620413047812162,0.2159679610301408,0.07342390626030448,-0.07195672564915034,-0.10805805649698583,0.03960810569412855,-0.09827364176858969,-0.2928717763024908,-0.2069680082560657,0.07060744738709893,-0.045381552083309344,0.14914510148413807,0.026861388537070128,-0.1838059622952879,-0.35233391913470885,0.46157453527240283,0.2803160178936554,0.14396539069437828,0.10453545644797872,0.062036050199689184,-0.25661503331038693,0.04377233676293878,-0.37231993393838503,0.17642981405534144,0.04069556376248888
0.593452759925262,1.1079317942046638,-0.006912309826539036,0.2688381972740464,0.22741392691742787,-1.897567134780076,-0.986140247576731,0.1750680324493992,2.110912547854311,-0.23606790088892318,0.38816020576654237,-0.6263195968142973,1.6101914535357682,-0.2921021881562143,1.0502941017540541,-0.791173776878639,-0.83984440433358,0.4880194531423797,0.1909995846654671,0.4571434321588582,-0.17640411987069568,-0.31908145166428153,1.2095111636689528,-1.0794281150398493,-1.2176149811666859,0.6463061591591343,0.94201749078783,1.1638877851987932,0.8046189524022365,-0.4288063319632159,-0.05631040265319484,0.0945447491220968,0.30586811866500796,-0.4317765627391649,1.280961073969703,2.238410355155606,-0.6652871897119602,0.2941695541719088,-1.4934787956610105,-2.6092792550308905,-0.34595187921553283,-1.161222039444756,0.38455972194807,0.8333574592534926,-0.8959385944700566,1.4195378099551366,0.5554779434415189,-1.5566281923137033,-0.5689258736080067,0.812660979799822,0.698332520487216,0.30319678859411137,1.6070765564743146,2.4993808228737455,-0.08829891271566058,1.2717932047302756
0.05709714063154126,-0.44630205442187904,0.18682143464399598,0.2272122146915585,0.0613348762879024,0.09988333004879654,-0.21808921573219625,-0.25939169001297047,-0.23606790088892318,0.2635600138597482,-0.16141143702857902,-0.3460330720622749,0.11701186219933098,-0.31940195766643764,-0.46431808035756933,0.2774192139387385,-0.20412116071146053,0.02603593511799273,-0.24669395568644317,0.10337341607777192,0.05621952076018855,0.3437222250060075,-0.5226601372631345,0.16045602387092556,0.2808283855696094,-0.7111455310487129,0.03985786907842125,-0.08232695345901231,-0.5273910209637253,0.20909991948510223,0.5524297447110917,0.31557064121059647,-0.3066793941832973,-0.17830751904193295,-0.051804496106463614,-0.21134497585510936,0.3537404881926151,-0.10449516247366222,0.03260887274314942,0.39501377066934945,0.09760470116002362,0.14413004123742534,-0.4387389519157592,-0.1797651625920487,0.22979044025106576,-0.17640470502456848,-0.21762126296579237,0.13752354757298363,0.21970119506460936,-0.06433481374062887,0.05594397417380367,0.1717395547950431,-0.1612300407365646,-0.37009569479771603,0.07875440659154258,-0.05345389160289011
1.2214572623502018,0.6051505469215317,0.5692627299999308,0.8862954287941569,-0.6686928487544954,-1.6209302315102694,0.24275637518782278,0.5936501695097004,0.38816020576654237,-0.16141143702857902,2.062802905864845,0.9432921430970919,0.13441268287617317,0.9644253987509313,-1.9480508619759795,0.6890080799343291,-0.4598425197980463,-0.9667976225858168,1.3160286221616182,0.22830230103213106,-0.9781620502079373,-0.32214864987642905,-1.3800489628539816,1.0818308978187772,1.2716639737899167,-0.7703766641179082,-1.0736591806297175,0.8963292168754584,-1.1939397136796515,1.4772307825126099,1.234166051998385,-0.320107774627299,-0.17939941988320526,-0.49076358893494665,-0.18464588152886727,-0.7193384809551963,1.387727462371453,-0.7629999310752972,-1.5406834226305923,-0.03372351051779667,0.6015801293972215,0.06506959312045121,-0.969064507183424,-0.3710590925440425,-0.13506970229113083,-1.8630081278157247,1.308483087812857,1.3600134276185805,1.3431857191915264,0.4159042475953702,0.6722342598211544,-0.36923219267366647,-0.023212227670823905,-2.4293543030008875,1.0571778481516416,0.29892119183741894
0.12439653827971574,0.343067080714109,-0.03222719053866019,-0.1060708234370545,-0.5136899503852654,0.17510286307225195,0.9835467906761896,0.5635692298978732,-0.6263195968142973,-0.3460330720622749,0.9432921430970919,1.2908961084052581,-1.0050630284785647,1.0756975142132588,-0.7223981261326733,0.312306379629211,0.5722071396844086,-0.7340007998558021,0.8535589344822636,-0.30927524122203953,-0.4203138203736072,-0.49430509961567226,-0.47008175398064933,0.8232902628287252,0.7980395598291535,0.39729913383209303,-1.0517280101278939,-0.11817846202431441,-0.15837041477370387,0.565353133207687,-0.2734701586434584,-0.6774382319610964,0.22374147435604363,0.29476015925247145,-0.705579739212483,-1.2222194932315087,0.4337958443846443,-0.3373244091281028,0.09172663467212117,0.8122544885661718,0.30523663145308744,0.4453636811722042,0.03536935060138854,-0.3453296675340323,0.07995197587367037,-1.3298054003793076,0.6053513143850363,1.243228748581191,0.5670078672453795,-0.16448385711788016,-0.17340835939274704,-0.5928940060313282,-0.6456334008850144,-1.8752153047364974,0.39334055916072597,-0.48497496042755817
0.5989286629399321,0.4395352778024647,0.22303054221164512,0.5204340576962836,0.28694462898754886,-1.5786413279370852,-1.165432203607728,-0.1700360309846318,1.6101914535357682,0.11701186219933098,0.13441268287617317,-1.0050630284785647,1.6004910916586514,-0.6698820725437797,0.3832421366458746,-0.37347867320659184,-1.010725968930406,0.4805258548111347,-0.14495511303280906,0.5406542670758748,-0.08219772748004446,0.14326784863938538,0.4501967173102558,-0.7829183367271719,-0.7588147089104098,-0.2986383605377008,0.9088817938200592,0.9426634034393567,0.07700882407116917,-0.13695910130464428,0.6303021312553417,0.4819256441098571,-0.10534356108843218,-0.609447751619187,1.0943517380626278,1.7642454164909087,-0.16937897063861865,0.14081585029583374,-1.2980330409786467,-1.8646181917305042,-0.19506569522805464,-0.8699470214902822,-0.1935172199948723,0.5313042094543577,-0.5217520524324901,1.0759893053437832,0.22083134339276878,-1.244853108664628,-0.24939631174460306,0.6511417601583995,0.6962155560535973,0.49119733164456275,1.251253378543908,1.8140746489536737,0.01098779107215858,1.0805376051184372
0.24653693547493122,0.43041119082686596,0.013979841151494424,0.0017000533441476663,-0.4513383200891831,-0.14983605837577102,0.737639202332498,0.5246206065932236,-0.2921021881562143,-0.31940195766643764,0.9644253987509313,1.0756975142132588,-0.6698820725437797,0.930733196987346,-0.6395740591246359,0.2339648328728836,0.3607789239607553,-0.630519761019746,0.8178541281765651,-0.19617222090559563,-0.43432468742326175,-0.46120188227343695,-0.37525850846051306,0.6574127882212082,0.6374294310438767,0.332495013412738,-0.8582338519738624,0.07590799724780559,-0.14219810191516374,0.5337755415168443,-0.14162856952888161,-0.5736690619603116,0.20025899791252452,0.1675368388866863,-0.4764346346942735,-0.8524194918494798,0.39661560706528776,-0.30633496644831487,-0.17516866008131085,0.42480072777713657,0.2633235496192227,0.2641143283036959,-0.005125392492342746,-0.23426697548212372,-0.027341765121833853,-1.1004613038426665,0.6463830581882698,0.9797567168433232,0.5123626566088663,-0.029879993303748974,-0.029338047836346137,-0.48797234968744463,-0.3848357203767982,-1.4910668023160782,0.3930869549549815,-0.2601312527671704
-1.2904817217449323,0.7342627329777791,-1.0693910118163292,-1.3976297156570898,0.7851596865782806,0.8098364433442818,-0.3225007906874152,-0.09145999573301802,1.0502941017540541,-0.46431808035756933,-1.9480508619759795,-0.7223981261326733,0.3832421366458746,-0.6395740591246359,3.7998380963790757,-1.78155457102299,0.5611951711852892,1.3417405449033448,-0.9746307541081547,-0.26321713133467745,0.9693050853109527,-0.4773522915662054,3.317551161542569,-2.151618398666983,-2.6940011714503647,2.701049039090503,1.662554621961758,-0.33618986808572177,2.907092014016226,-2.4079081314914483,-2.64197287988103,-0.2202025183545107,0.9951017213029091,0.74402293340029,0.9521651796576687,2.3874197418248735,-2.713750719786492,1.2719198800867795,1.0492343108069488,-2.044721346713396,-1.0897366851725405,-0.9406639682015201,2.25063031901721,1.220489143592181,-0.7480456072750945,3.285448905147449,-0.8477460213961595,-2.6700917218425513,-2.337565285115233,0.030696454066170716,-0.5794688311577921,0.23636376546955254,1.143112049721577,4.888557249340698,-1.4707542149259427,0.37218262324057355
0.4398279835064943,-0.5563225751754223,0.4693749642872318,0.5677446024614663,-0.3367073094282288,-0.01621539701245745,0.23324388349616984,-0.04426428541519806,-0.791173776878639,0.2774192139387385,0.6890080799343291,0.312306379629211,-0.37347867320659184,0.2339648328728836,-1.78155457102299,0.8931239893843418,-0.1406385214181349,-0.6069936348683229,0.31039426485296723,0.05797088441193495,-0.35042615009722794,0.3120569956283566,-1.6244012298898092,1.0608156679740681,1.3246809333619973,-1.3311171353862143,-0.8016939849791297,-0.05889573612922978,-1.3992718958290378,1.075180303416806,1.184632039992043,0.1402241028672692,-0.5100514453756428,-0.27048420073766644,-0.5872553030992976,-1.3419068602456177,1.2641199170471418,-0.5769532938075399,-0.1876857249297234,1.2991609925125274,0.5102545899917198,0.5838508131098145,-1.0535242685746866,-0.653887211730484,0.4842796306122374,-1.570745432406778,0.21029424442274453,1.3364417722027313,1.0704284637882175,-0.14907653421065684,0.13835337492045408,-0.10481561521313669,-0.7363008011553472,-2.4184790596500947,0.6201152326972968,-0.35346934203379426
-0.6668181785951379,-0.09220746666459186,-0.386719712346213,-0.6567890486240823,-0.0428638602848162,1.207857576898747,0.743820821403166,0.12793933457354398,-0.83984440433358,-0.20412116071146053,-0.4598425197980463,0.5722071396844086,-1.010725968930406,0.3607789239607553,0.5611951711852892,-0.1406385214181349,0.81521161284332,-0.056862195302462906,-0.06717828058886574,-0.427939014189554,0.24206795363741607,-0.23430033262616407,0.42705457704227145,0.07431572558685286,-0.06534481931106303,0.8291062115688459,-0.28153320888588096,-0.6889309418461201,0.5956861986807311,-0.4160213560267756,-1.0198850013944067,-0.40636447769785106,0.3078727065086092,0.579590411986291,-0.536617129040834,-0.6786234365707302,-0.47346902652425865,0.1731183385443207,1.0760219000952123,0.7916495386408223,-0.09944480644544157,0.376994296474767,0.6346349588599081,-0.08956767572485551,0.17149397034467964,-0.041910585401389894,-0.29061093155831613,0.2830815564601454,-0.3278922128292744,-0.4223385179289091,-0.5896141117047661,-0.30332338890746013,-0.58997244943143,-0.1918067612176696,-0.3114545444863105,-0.6432020077487846
-0.4381236278748976,0.019809181462416333,-0.28708947470360596,-0.35783054409683324,0.4330254272572037,0.22147010847433898,-0.476705391859648,-0.27356134623592693,0.4880194531423797,0.02603593511799273,-0.9667976225858168,-0.7340007998558021,0.4805258548111347,-0.630519761019746,1.3417405449033448,-0.6069936348683229,-0.056862195302462906,0.6747710000845256,-0.6471084797645369,0.04191646948559724,0.4594346606547353,0.08889428856790561,1.0920595807629814,-0.9197705781115777,-1.0567072450207071,0.5670848237150009,0.8848859035301669,-0.086010881320479,0.8575107193647553,-0.9048809294965531,-0.6247941029478487,0.22486186506565517,0.17332302040215328,0.09879106032195005,0.5242803047787593,1.1153155731778595,-0.9261037710983133,0.4921223191758329,0.31003774386090194,-0.8297559885420103,-0.42520181541586477,-0.41386243118890587,0.604771931902295,0.46162284655996244,-0.21259992783026685,1.4438438051516478,-0.5181670331193934,-1.2285074153311124,-0.8807263419486324,0.049816461551926115,-0.11406766659439646,0.309686809906366,0.5406048337611022,2.0900571956597833,-0.5795402790301412,0.2667538547556722
0.6462067004485416,0.5523194530295437,0.22361216808794296,0.3633737094456227,-0.46543051728986246,-0.8679934103283864,0.38043179805657584,0.5110759213635747,0.1909995846654671,-0.24669395568644317,1.3160286221616182,0.8535589344822636,-0.14495511303280906,0.8178541281765651,-0.9746307541081547,0.31039426485296723,-0.06717828058886574,-0.6471084797645369,0.9381960994967549,0.028289454846283937,-0.6115722334552204,-0.38819705015936407,-0.6081219701480948,0.6507881513463863,0.7003321685810109,-0.06449059862942046,-0.76307895846648,0.4868786220570517,-0.454706078459323,0.7976043241407406,0.3929393941546984,-0.4072917259520781,0.06207253531925071,-0.14072269491197875,-0.19758049997517832,-0.5066993685362434,0.6716449666398099,-0.42102607519077373,-0.813501729403434,-0.03333713266755864,0.3327125915721155,0.05414122731298277,-0.3370754095685407,-0.18545305230746958,-0.14725375936513052,-1.1445870045348705,0.8807378586998986,0.8784466147249538,0.7227363826972278,0.21744211448369022,0.3050300505083694,-0.3630846626088246,-0.059343252892975956,-1.4621067553875462,0.5964319478170622,0.09678225040897966
0.3432319686652075,0.05748458425975389,0.19556894040668427,0.3362085860954495,0.029424924305482276,-0.6360285251998856,-0.3976466247785676,-0.06772633087104143,0.4571434321588582,0.10337341607777192,0.22830230103213106,-0.30927524122203953,0.5406542670758748,-0.19617222090559563,-0.26321713133467745,0.05797088441193495,-0.427939014189554,0.04191646948559724,0.028289454846283937,0.22494520177016095,-0.12055048038402366,0.11895987537063117,-0.1958211224952678,-0.05913673817569202,0.009882357442755809,-0.41432054266202917,0.16421125148725962,0.36399987379573245,-0.2891130806743219,0.19931328788501823,0.5170436705362099,0.21288872806037584,-0.15373160796307758,-0.301080044222742,0.2941097188181936,0.3829807817981294,0.22656400473338906,-0.08049022951201276,-0.563484534604634,-0.4409207217582319,0.04291298878308414,-0.20950045994725208,-0.3160012582116098,0.05917090278876485,-0.09882646589163126,0.051907576104237546,0.1481541727705663,-0.17465698279414765,0.15299106741564536,0.2252828783054748,0.3083950842341682,0.16271442514731713,0.32466549117912485,0.1465866729570315,0.152478434382594,0.3457485125852525
-0.5939182353112503,-0.2578624558534634,-0.28904049421748623,-0.44595027536396653,0.3146226140860919,0.7785832073418594,-0.09323917759016295,-0.2637259900991861,-0.17640411987069568,0.05621952076018855,-0.9781620502079373,-0.4203138203736072,-0.08219772748004446,-0.43432468742326175,0.9693050853109527,-0.35042615009722794,0.24206795363741607,0.4594346606547353,-0.6115722334552204,-0.12055048038402366,0.46552518470833804,0.1269549992487948,0.7008940763028225,-0.5276326254290089,-0.6282957665684221,0.4270098841521311,0.5073632633230186,-0.4287883633339805,0.6139202437842561,-0.7246619295503675,-0.6389543460661186,0.12637718646024132,0.11067189196910428,0.2527526123529744,0.08685299260324561,0.3524048143623078,-0.6928536556110231,0.373644141553876,0.7438395411508123,-0.004802257897270088,-0.2953379403721196,-0.037875957521232496,0.5004924234045596,0.18933506444469345,0.04962015591242065,0.9022620945026378,-0.6121718058071669,-0.6568995738496975,-0.6605556441734716,-0.19805441351628084,-0.3307365040649037,0.16116067423860142,0.017097214022203686,1.1853210745557161,-0.5136370758781312,-0.1450435298262736
0.0037312219800094064,-0.599970143585298,0.204884075531449,0.23851277918224326,0.11637620549021116,0.2166513977126333,-0.29231488317408716,-0.36316092207921463,-0.31908145166428153,0.3437222250060075,-0.32214864987642905,-0.49430509961567226,0.14326784863938538,-0.46120188227343695,-0.4773522915662054,0.3120569956283566,-0.23430033262616407,0.08889428856790561,-0.38819705015936407,0.11895987537063117,0.1269549992487948,0.4546175039688021,-0.5836369282016012,0.1406509037304634,0.28256509079660885,-0.8586672691081272,0.1131902096099129,-0.15406690143315926,-0.6008361913536895,0.18082146665028578,0.6314094148666377,0.41931984142412226,-0.3789732018493923,-0.19916464268467474,-0.05347953653520292,-0.2243401450391255,0.36935471880984594,-0.08883922021087487,0.12717467208879152,0.5001060440138627,0.08921811766107399,0.17777268627181358,-0.5016155623056706,-0.20606020475156614,0.2983841215287193,-0.11588865023632229,-0.3503132858672154,0.09497662736204526,0.20173609817095747,-0.10430809088691655,0.03373106768944036,0.23967513594024284,-0.20125190021446127,-0.32815434130336746,0.03964826065768634,-0.08316435422818842
-0.9518928808412324,0.9375954680639468,-0.9238015499981646,-1.1624472462516457,0.608433440568417,0.32962525173277774,-0.27081121920224016,0.08135769941355293,1.2095111636689528,-0.5226601372631345,-1.3800489628539816,-0.47008175398064933,0.4501967173102558,-0.37525850846051306,3.317551161542569,-1.6244012298898092,0.42705457704227145,1.0920595807629814,-0.6081219701480948,-0.1958211224952678,0.7008940763028225,-0.5836369282016012,2.9933368342188937,-1.8910053977099306,-2.389984824361118,2.5351239056151464,1.3936337313815215,-0.06712890132658911,2.624108126522089,-2.0287802804319823,-2.332740575611527,-0.31582122762690706,0.9651455526851568,0.6095615939622354,0.9326278405754174,2.2513583199674785,-2.369233888935405,1.0775564198691685,0.6019252605169297,-2.1257109017434885,-0.9395559618962398,-0.9540288129057546,2.015469507317776,1.1459093372274125,-0.8125141719840041,2.823293384372877,-0.4763600998335983,-2.3444435216730124,-1.997868740240217,0.16249199851424243,-0.3858983928975969,0.1375107609483121,1.1781222572850134,4.305353861004869,-1.1919953293096162,0.48224432722568106
0.5067897551662635,-0.458454479977913,0.4807658436981634,0.5546889273565971,-0.5506527421778045,0.0582652425425786,0.6246110060460703,0.16770497687905184,-1.0794281150398493,0.16045602387092556,1.0818308978187772,0.8232902628287252,-0.7829183367271719,0.6574127882212082,-2.151618398666983,1.0608156679740681,0.07431572558685286,-0.9197705781115777,0.6507881513463863,-0.05913673817569202,-0.5276326254290089,0.1406509037304634,-1.8910053977099306,1.4331760841212846,1.7013268524125804,-1.249538311287219,-1.2475199136032842,-0.11216204021804899,-1.533811338473322,1.3469521052501714,1.1402671951965293,-0.11155378996610542,-0.45177546003794766,-0.16973949495873844,-0.8917462376859906,-1.8858056963861376,1.496286566496558,-0.7360274970250242,-0.15546198760568955,1.6861763180217841,0.6539603157472473,0.7883739411438387,-1.0948485692310126,-0.8223100455775685,0.5431978207729597,-2.1635480142380605,0.4493285078533784,1.8850228312131188,1.3432198621016833,-0.22297773749122626,0.07604765410208324,-0.33762866727884866,-1.0268984468525144,-3.2668997389734633,0.8018084293195589,-0.5619850506948759
0.6849872574205769,-0.6402625806666908,0.6552841454711906,0.7844267265233746,-0.619499692155666,-0.050961791206817174,0.5799704678578481,0.11133270029749437,-1.2176149811666859,0.2808283855696094,1.2716639737899167,0.7980395598291535,-0.7588147089104098,0.6374294310438767,-2.6940011714503647,1.3246809333619973,-0.06534481931106303,-1.0567072450207071,0.7003321685810109,0.009882357442755809,-0.6282957665684221,0.28256509079660885,-2.389984824361118,1.7013268524125804,2.061949637080801,-1.741518182109499,-1.4074910289522229,-0.06948276614907793,-1.9958023768545472,1.6727370819985647,1.595382862145239,0.0022988459379900484,-0.6437082782181002,-0.31424636179733156,-0.9869912961546893,-2.168908396809122,1.8916093406003294,-0.9049579720556719,-0.3016090532416723,1.9714808289431178,0.7987794175345184,0.9102407175281715,-1.4662247465745255,-0.9936767709838316,0.6722090326611566,-2.5594228097011733,0.500399269980799,2.1960385829193143,1.6606024152392556,-0.22573199508849867,0.17411625039495376,-0.3111492210358243,-1.1667517493285762,-3.8765955605624742,0.9913391886467281,-0.5908510714861427
-0.8839812189895914,1.0571856391651877,-0.9174480161209293,-1.2133714175793686,0.25268671034559265,0.5509523927283492,0.4198203107736865,0.42347679618401984,0.6463061591591343,-0.7111455310487129,-0.7703766641179082,0.39729913383209303,-0.2986383605377008,0.332495013412738,2.701049039090503,-1.3311171353862143,0.8291062115688459,0.5670848237150009,-0.06449059862942046,-0.41432054266202917,0.4270098841521311,-0.8586672691081272,2.5351239056151464,-1.249538311287219,-1.741518182109499,2.672789649314145,0.6308907533819876,-0.21351141378458394,2.398684843284398,-1.5873341350504389,-2.4354261784249047,-0.7401967141079524,1.0594927710211026,0.8055483242955387,0.37986678133432505,1.2745643640939484,-1.986121082802152,0.8155135804092787,0.7373161868561422,-1.387605668857542,-0.6983970187773181,-0.5724092757753956,1.9561619872097276,0.8427151816770126,-0.6822286410815107,1.8142631482195974,-0.11614681279713156,-1.3949427789362538,-1.5473786552104651,0.0026267980571148828,-0.5285763210017553,-0.2596228713367517,0.6355446790090117,2.84173988028379,-0.9044026187916211,0.08202710690842
-0.37293654124607806,0.15055389589488546,-0.29218624728166837,-0.3089183473984743,0.560194897895354,-0.1085481192522518,-0.7995784357532923,-0.33742129607209476,0.94201749078783,0.03985786907842125,-1.0736591806297175,-1.0517280101278939,0.9088817938200592,-0.8582338519738624,1.662554621961758,-0.8016939849791297,-0.28153320888588096,0.8848859035301669,-0.76307895846648,0.16421125148725962,0.5073632633230186,0.1131902096099129,1.3936337313815215,-1.2475199136032842,-1.4074910289522229,0.6308907533819876,1.2231912146183466,0.11953399218222455,1.0390779030250104,-1.0871545972375243,-0.6122647650580858,0.348375529325031,0.19528159544813065,-0.012888483765819648,0.8553639312587895,1.6983394774314997,-1.1280975758325196,0.6056873406968684,0.06132882720946732,-1.4035507254136887,-0.5404041935662127,-0.6831021183316404,0.6809275034060742,0.6637145713686546,-0.37770617816728214,1.9189253564055555,-0.5334624200264811,-1.706525540417545,-1.0854473332257646,0.20893273584291802,0.02266246776174377,0.45731775315228695,0.916618039405682,2.843105922224547,-0.6704468045150674,0.5555203392917154
0.7809398134447592,0.6339045218848345,0.27597858539283454,0.5526318564475635,-0.1009218880645166,-1.5540471830646962,-0.514704151736892,0.2096938742502158,1.1638877851987932,-0.08232695345901231,0.8963292168754584,-0.11817846202431441,0.9426634034393567,0.07590799724780559,-0.33618986808572177,-0.05889573612922978,-0.6889309418461201,-0.086010881320479,0.4868786220570517,0.36399987379573245,-0.4287883633339805,-0.15406690143315926,-0.06712890132658911,-0.11216204021804899,-0.06948276614907793,-0.21351141378458394,0.11953399218222455,0.9093541586926417,-0.2143476820198151,0.3938757143997915,0.6330568109106034,0.053890213883890696,-0.021932845048945725,-0.47525079519308283,0.5878277335771317,0.8359473017162695,0.2920025104156823,-0.1637813326307535,-1.3375459708407096,-1.236115127165511,0.0748698939631608,-0.5330071887501932,-0.31960015628167726,0.23474074632156997,-0.43344896255678095,-9.537358506896566e-5,0.6873725897571398,-0.2708357128789479,0.2751156443836165,0.555609301654739,0.6351193649971932,0.0907666260646264,0.7767335141012577,0.287867940067956,0.36990028209493325,0.7590357674174301
-0.9486398923079766,0.8224660439668016,-0.8808397089956463,-1.1506095555837748,0.4651368687519644,0.5553761769326415,0.019389270350107974,0.15227422253484435,0.8046189524022365,-0.5273910209637253,-1.1939397136796515,-0.15837041477370387,0.07700882407116917,-0.14219810191516374,2.907092014016226,-1.3992718958290378,0.5956861986807311,0.8575107193647553,-0.454706078459323,-0.2891130806743219,0.6139202437842561,-0.6008361913536895,2.624108126522089,-1.533811338473322,-1.9958023768545472,2.398684843284398,1.0390779030250104,-0.2143476820198151,2.37186013027362,-1.7809806492558182,-2.25223375186656,-0.4241172641445384,0.9186676847318137,0.6762594772118765,0.6219343673451965,1.678245000375248,-2.0994283123892923,0.9322535049363186,0.7542021334089638,-1.5863211438510068,-0.800947332383762,-0.6994831975808244,1.8743536930132685,0.9351452786688317,-0.6564996320575258,2.2946496386293114,-0.4124533856467251,-1.839612268537811,-1.7356335273972754,0.03512629806237159,-0.47367677381777656,-0.0033556720872388477,0.8282189893482104,3.4872563866134385,-1.0544969905882882,0.23289685571020938
0.9570614390331597,-0.24008722045625355,0.6892151917296805,0.9370778409392159,-0.5522177686881108,-0.8150631227916948,0.19791782723971915,0.17580754886625344,-0.4288063319632159,0.20909991948510223,1.4772307825126099,0.565353133207687,-0.13695910130464428,0.5337755415168443,-2.4079081314914483,1.075180303416806,-0.4160213560267756,-0.9048809294965531,0.7976043241407406,0.19931328788501823,-0.7246619295503675,0.18082146665028578,-2.0287802804319823,1.3469521052501714,1.6727370819985647,-1.5873341350504389,-1.0871545972375243,0.3938757143997915,-1.7809806492558182,1.5818837663299947,1.6662066706087018,0.05406103648022633,-0.5615509721261754,-0.5099762664402124,-0.5152950435752891,-1.3692705855237564,1.7210629097006949,-0.8303275118627075,-0.916427939306958,1.0213090788115715,0.6982879453620774,0.48745666785462405,-1.3940028235085884,-0.7084526810021885,0.3497753789933768,-2.1060341806678955,0.737300968840928,1.6697105151083644,1.5130975144495333,0.0897360457659175,0.46609007980213013,-0.1950279259700885,-0.5759410571687931,-3.053251791124533,1.0025234977427824,-0.10555361456725167
1.1893360440261314,-0.5829081788666755,0.9488321687976026,1.3422521872213333,-0.32979867903437077,-1.249817610089529,-0.5253494566785266,-0.21005515002805858,-0.05631040265319484,0.5524297447110917,1.234166051998385,-0.2734701586434584,0.6303021312553417,-0.14162856952888161,-2.64197287988103,1.184632039992043,-1.0198850013944067,-0.6247941029478487,0.3929393941546984,0.5170436705362099,-0.6389543460661186,0.6314094148666377,-2.332740575611527,1.1402671951965293,1.595382862145239,-2.4354261784249047,-0.6122647650580858,0.6330568109106034,-2.25223375186656,1.6662066706087018,2.448692469691149,0.6110764476389013,-0.9268393222218867,-0.9214675792398119,-0.11752295200148748,-0.841978293554778,1.9547202834773176,-0.841701248836381,-1.315406534530672,0.6975204594895077,0.6897688201776232,0.28798152718187864,-1.8917572677041021,-0.6667078965532571,0.3961952901819057,-1.751764889060407,0.5128010411891248,1.2345776820570067,1.5713451572879267,0.2588649794941769,0.7690126412972677,0.2123393836496701,-0.2431079564676325,-2.577064371855037,1.029967296919941,0.2562002397277485
0.08996568623208384,-0.415596696258954,0.19542453999562204,0.2783777277872341,0.1900093059785857,-0.11908832499128066,-0.5193893114269098,-0.3620413047812162,0.0945447491220968,0.31557064121059647,-0.320107774627299,-0.6774382319610964,0.4819256441098571,-0.5736690619603116,-0.2202025183545107,0.1402241028672692,-0.40636447769785106,0.22486186506565517,-0.4072917259520781,0.21288872806037584,0.12637718646024132,0.41931984142412226,-0.31582122762690706,-0.11155378996610542,0.0022988459379900484,-0.7401967141079524,0.348375529325031,0.053890213883890696,-0.4241172641445384,0.05406103648022633,0.6110764476389013,0.46864602314687515,-0.3273538710738325,-0.28344178643296847,0.2171123661400696,0.2546337083020788,0.20484470563461166,-0.007983792895463412,-0.13089811183758235,-0.020031602232273894,0.002572945533565351,-0.05827836409452859,-0.41487524401002196,-0.030296289406217914,0.1295495746399037,0.23266053471508966,-0.2913120786368217,-0.267600329774968,0.05085878329622061,0.047548109954907554,0.16027019492434477,0.3256374093972218,0.12547545694801587,0.2533720770850857,-0.009659287222305588,0.16914442228165422
-0.2813026864349537,0.4846529183281921,-0.3421157311235725,-0.44195498465847693,0.06144095985342847,0.10914444239779161,0.18430243928192513,0.2159679610301408,0.30586811866500796,-0.3066793941832973,-0.17939941988320526,0.22374147435604363,-0.10534356108843218,0.20025899791252452,0.9951017213029091,-0.5100514453756428,0.3078727065086092,0.17332302040215328,0.06207253531925071,-0.15373160796307758,0.11067189196910428,-0.3789732018493923,0.9651455526851568,-0.45177546003794766,-0.6437082782181002,1.0594927710211026,0.19528159544813065,-0.021932845048945725,0.9186676847318137,-0.5615509721261754,-0.9268393222218867,-0.3273538710738325,0.42866473131191984,0.2984368206476809,0.15251164323460986,0.49305196183672473,-0.7340672919525912,0.28866478766702475,0.19403838574183888,-0.5922038035178655,-0.25121122392095613,-0.23952579388251827,0.74790985652227,0.32918683968176243,-0.29679835456395603,0.635624029887799,0.04230202531090612,-0.49625434403884966,-0.5547491274765879,0.03353570391443663,-0.17007336092152237,-0.13036124392047624,0.27106712575568337,1.0297672518422405,-0.3046842312999557,0.06130898739791683
-0.557655716315395,0.016060129566230503,-0.3561648426687065,-0.5624585523939419,0.05155010069834409,0.8555602603905513,0.4447570402011284,0.07342390626030448,-0.4317765627391649,-0.17830751904193295,-0.49076358893494665,0.29476015925247145,-0.609447751619187,0.1675368388866863,0.74402293340029,-0.27048420073766644,0.579590411986291,0.09879106032195005,-0.14072269491197875,-0.301080044222742,0.2527526123529744,-0.19916464268467474,0.6095615939622354,-0.16973949495873844,-0.31424636179733156,0.8055483242955387,-0.012888483765819648,-0.47525079519308283,0.6762594772118765,-0.5099762664402124,-0.9214675792398119,-0.28344178643296847,0.2984368206476809,0.44694795527698705,-0.24778490276332324,-0.1936714924978262,-0.5780002245622793,0.2394770791936253,0.7953733189711578,0.30020999086889033,-0.17386852087020266,0.14641028137068837,0.6348057623606722,0.06611633612976098,0.03390650866814976,0.30488581233752343,-0.27120268507847967,-0.08816432229223381,-0.44642546782214365,-0.2674317399054662,-0.4364713172803653,-0.17100280749644328,-0.2624537140080694,0.37095614614123185,-0.3481287781635796,-0.374580316767913
0.18018406460546435,0.5012799057912588,-0.06101404003847869,0.0752867938443728,0.3008355181281627,-0.9373847794769854,-0.7755864948678526,-0.07195672564915034,1.280961073969703,-0.051804496106463614,-0.18464588152886727,-0.705579739212483,1.0943517380626278,-0.4764346346942735,0.9521651796576687,-0.5872553030992976,-0.536617129040834,0.5242803047787593,-0.19758049997517832,0.2941097188181936,0.08685299260324561,-0.05347953653520292,0.9326278405754174,-0.8917462376859906,-0.9869912961546893,0.37986678133432505,0.8553639312587895,0.5878277335771317,0.6219343673451965,-0.5152950435752891,-0.11752295200148748,0.2171123661400696,0.15251164323460986,-0.24778490276332324,0.885237975702959,1.588855984438822,-0.6157086373933941,0.31621478759006466,-0.699705627413444,-1.6400291009763484,-0.32185084313126494,-0.7545381632010645,0.3205207287142174,0.5823118057060149,-0.5119707443716313,1.2680964950134543,0.05825274875467195,-1.2743405183506822,-0.5807978301623138,0.44915853275559453,0.35710108413730113,0.3258388354255387,1.0423616772326576,2.0505864986633027,-0.24177538944913576,0.7848179847539863
