V1,V2,V3,V4,V5,V6,V7,V8,V9,V10,V11,V12,V13,V14,V15,V16,V17,V18,V19,V20,V21,V22,V23,V24,V25,V26,V27,V28,V29,V30,V31,V32,V33,V34,V35,V36,V37,V38,V39,V40,V41,V42,V43,V44,V45,V46,V47,V48,V49,V50,V51,V52,V53,V54,V55,V56
5.963770145829168,3.0536545970248876,0.6628338934727107,-3.1476328867599492,-2.0423715195795222,-1.2578000061062409,-0.20805207917287516,-1.2499442038940074,0.005933191262655242,-0.5200700738294584,3.591938820627932,3.0197897578042388,-5.0988077344540645,3.0316888748095283,-0.9977383990516768,1.0352448288520162,-1.202412972374881,-2.516723247537947,2.835262813621932,-1.7035997510056553,3.287919008176153,-0.7961946205520665,3.78341626843996,5.452937965240254,2.4182123811547496,3.4817172583828033,-0.8516090282631958,-0.8367407973901737,-3.9320577477538117,1.0125615745447978,4.111734885574847,3.0685838968109524,1.4774878662280306,-1.2501582536850373,-0.07300629734963995,-2.4956336102982806,-6.380599332826286,1.2899851174513086,0.23644112008229495,-1.4035077703165555,3.2885812145199513,5.971181669910994,1.6537117014840017,-6.231692006275263,-2.699038790475153,-1.5033804431044793,7.049231669271509,-0.06541948602641452,-0.974780356466345,-0.6248708967877796,1.191060667780022,0.3975648014275025,0.07718504107553564,0.5905182435762504,-0.03836858532154174,2.124492033765534
3.0536545970248876,1.8774385977155554,1.5075690283003125,-1.8597357473962386,-1.117461392773757,0.5389413908723243,-0.21744072587792146,-0.7906616956156006,0.4089746365467102,0.3285931805799115,1.4340358065275884,1.426428481599429,-2.4503007983097866,0.4885372365615584,-0.8762008368026559,0.3231774240092575,-0.19171396678358857,-0.8936723299695056,1.7215906932144545,0.048179759010685747,2.226151896400308,-0.11461906337128619,1.1076628389457939,2.72541056791243,0.36451972399189264,1.3176222779710485,-0.5240399650578423,0.19613435641031704,-1.6246676069844495,0.7948660077909723,1.8598832599309747,1.4562067143855615,0.3487131818262847,-0.765361224097991,-1.0279839323090856,-0.8971282420504546,-3.0151738486920494,1.485500195781789,0.92234755351076,-0.19491031623899133,0.9208347538675328,2.376253361578797,0.4239300511702552,-3.082784161218951,-0.6678770101412951,-0.561488899354553,3.437591713316099,0.4877179865967557,-0.4093372324202191,0.006094093231381097,-0.04156228077158849,1.170857804422873,-0.1333834085271073,0.33805741819008306,0.9066187700817316,1.4245344398445368
0.6628338934727107,1.5075690283003125,4.497149690442403,-1.2863476722066756,-0.5155100353030297,4.401380513124947,-0.492085344373937,-0.7366324274240369,1.5140715266342317,2.1846087610110163,-1.1157291021223006,-0.13404520119758281,0.038226342634991875,-3.657391244716293,-1.481162097288759,-0.6576430099143292,1.4963039802664984,1.2409543333383042,1.3345564378000634,3.2789496983823514,2.425871606110675,0.9420117333294291,-2.73479567566917,0.3676278439833926,-3.061855972109961,-1.354647958507989,-0.43915960630736456,2.2781222477192786,0.9687984844798948,1.1531715426598956,-0.4265299073754405,-0.05233389925791799,-1.3810501429418078,-0.6598024327919199,-3.706781084028215,1.1461311991071148,0.19624314349813426,3.2529962063911726,3.040078432073569,1.8231196839623518,-2.5004808925917468,-1.9394130337533626,-1.411877064268831,-0.3042847720332755,2.425766102308626,0.618539772761324,0.13409963285752186,1.9853017099253156,0.2155637520489569,1.1598833100441304,-2.348480823153279,3.688861679496075,-0.6580581245546758,0.17548206736137473,3.5075794735263197,1.554166172301508
-3.1476328867599492,-1.8597357473962386,-1.2863476722066756,1.8826078841852347,1.1493367116997255,-0.2840858591141559,0.20172913202337686,0.7998276894343723,-0.3313178106412163,-0.18608042839640368,-1.5918359128543176,-1.515047325546807,2.563494056247918,-0.7801942678778072,0.8101698895860013,-0.37325166167139573,0.29125314073367403,1.0185485577094529,-1.7288218714336616,0.16505059059028063,-2.1744611984359374,0.19971417387694884,-1.3477180613335826,-2.849334608166357,-0.5705661591295778,-1.4919984619867837,0.5317671271578727,-0.05939587417876097,1.788450470416797,-0.7505098461865234,-2.0009087339614338,-1.540409365721165,-0.4641767479423312,0.7674301412557684,0.8021348882518949,1.0226246322456045,3.2007744881169287,-1.323819914015475,-0.7581040719455476,0.3457923097070944,-1.1290547248928453,-2.628899007893395,-0.5328500647149924,3.223432933623701,0.8675446918065555,0.607628922698556,-3.5912080368832626,-0.3910109274368299,0.4449032471583154,0.08698694812129895,-0.10869702534732115,-0.9825609969902149,0.084757798427519307,-0.33747380770320873,-0.7165175521231051,-1.406611614863755
-2.0423715195795222,-1.117461392773757,-0.5155100353030297,1.1493367116997255,0.7276776750428035,0.12451252675645058,0.11139709536442347,0.48043218686456607,-0.09856830586875852,0.041401583487212915,-1.144367238873015,-1.0091759323652816,1.7075013524025295,-0.7988978124493619,0.423984961075086,-0.30211124113918025,0.29954740094635945,0.7615838788567071,-1.0448904904246124,0.3618285829699498,-1.2632560978217788,0.22584950104817134,-1.0954650760562359,-1.865587103329901,-0.6040935184633498,-1.0955544748128812,0.32148042478371447,0.13041469216691384,1.2769496424724143,-0.4108305628912175,-1.3706109195941598,-1.0381513826816338,-0.4105492783232792,0.4732752898403511,0.2430667035585297,0.7693144847939709,2.150982390404807,-0.6338563600584121,-0.2697899795943031,0.36452524946461917,-0.945369501335897,-1.8817076113333302,-0.4630974058886813,2.121853195095361,0.7503696323305493,0.4549589128864207,-2.3761765935711496,-0.11413932714608363,0.3168021014338331,0.1432273274443717,-0.24470622653368232,-0.36954936760634943,0.012591075944812236,-0.20446022097574965,-0.21401651919132747,-0.8282102083658777
-1.2578000061062409,0.5389413908723243,4.401380513124947,-0.2840858591141559,0.12451252675645058,5.018289895551548,-0.5081306837726897,-0.3731363199529297,1.5271391467893891,2.4106911430026523,-2.31153953145252,-1.158963559868524,1.69554214595394,-4.726298010493952,-1.1682956350318932,-1.0006399337954304,1.9600970935165323,2.1406504563405573,0.43074495795966317,3.900189560989893,1.434727142939504,1.1238547901112583,-4.053728234509417,-1.4035576759023392,-3.9730518382687827,-2.502586488536442,-0.1717250754135066,2.6218106919820157,2.2131495988591725,0.8406958051729594,-1.7416421180758386,-1.000503169139149,-1.9050691061078047,-0.33091551722402013,-3.7305602432715967,1.9868379983635025,2.219974405749552,2.927105444237048,3.0279570592647187,2.3293061303896927,-3.6124738232644615,-3.9910133628270716,-1.96765321309863,1.7044282902727046,3.406961085844535,1.1198408420122652,-2.156343770444613,2.066675435728065,0.504884770262668,1.4043811477259844,-2.822861477759613,3.6398851631213316,-0.7208574104403115,-0.017328506932109553,3.6217072726081487,0.9599623037645708
-0.20805207917287516,-0.21744072587792146,-0.492085344373937,0.20172913202337686,0.11139709536442347,-0.5081306837726897,0.11248754615148022,0.12778017474031808,-0.14179623278386871,-0.21647963679940535,0.03126893649967242,-0.02664301977838734,0.11449747621602707,0.302513490366357,0.15655561485312322,0.038316141431972144,-0.15709031885134367,-0.11031992097565595,-0.19520680447298414,-0.2926877480604389,-0.3440649107128527,-2.1960208800381377e-4,0.21248288574974003,-0.1609916933989357,0.3037817879449663,0.044002665553237695,0.06559905958820668,-0.23091472750021927,0.037015282083675966,-0.13374379702961192,-0.07819955447242659,-0.10610592152915298,0.11587326015628656,0.14593046158649275,0.3506239542699897,-0.06205503883455168,0.1751380454524497,-0.3775160941732981,-0.3140345322636418,-0.1582186171544465,0.1707048557472189,0.11035900540420646,0.09634339256140646,0.18559591078142929,-0.22310657757545402,-0.03131808185238577,-0.1758849567566081,-0.21496510100306912,0.026085100352137052,-0.11446840207357285,0.24040518589869125,-0.38625691968032777,0.08156917143300138,-0.028572779189019515,-0.37634455408893125,-0.258849567764543
-1.2499442038940074,-0.7906616956156006,-0.7366324274240369,0.7998276894343723,0.48043218686456607,-0.3731363199529297,0.12778017474031808,0.36390448504970835,-0.2012539627920221,-0.18098565294684335,-0.5652145076303586,-0.5723492344596329,0.9879699728459411,-0.12514650844328737,0.38000319104929337,-0.11017016714874066,0.020486036674419988,0.3149886397602667,-0.7397752059940047,-0.10364599921998802,-0.9740230409101625,0.06539360038014114,-0.3746416441197319,-1.1274042174775132,-0.041663508028719716,-0.520251703477065,0.23353104433808808,-0.1481004795998048,0.6687784903685409,-0.3451228765041097,-0.7720253905327042,-0.6129034105005458,-0.10799278377505836,0.35321229340845883,0.47799955168490404,0.33955115530211477,1.2567066083641247,-0.6776020040831319,-0.4453698910732323,0.045523168964070125,-0.3118399464592792,-0.9029309765396882,-0.1350842048583574,1.2721601528862159,0.1992036678678117,0.19519592820560475,-1.395370976458511,-0.2632837945042499,0.1707882299962369,-0.023645036705730534,0.09013536992161984,-0.5690386456378069,0.06899090274062959,-0.1347681082840701,-0.4639857370408425,-0.6495480088776183
0.005933191262655242,0.4089746365467102,1.5140715266342317,-0.3313178106412163,-0.09856830586875852,1.5271391467893891,-0.14179623278386871,-0.2012539627920221,0.5275908447210551,0.765425589494427,-0.5148167031047762,-0.1455243881995617,0.20247911136405033,-1.3658067973264059,-0.47316008234955576,-0.2691971031461591,0.5475633422282477,0.5047639651536582,0.3578152732508633,1.1906245996145846,0.7068270773313272,0.37912124631653676,-1.065819061702053,-0.07331906474494893,-1.1286351161396304,-0.5925235350001381,-0.11845123020458728,0.8078006138757224,0.4947061760043831,0.3583505793515706,-0.3071837496955069,-0.14448836021165173,-0.523177451148267,-0.1627899120802853,-1.2766380238414707,0.48719028997281105,0.31216399303611714,1.0639227337903114,1.0362227029127744,0.6700550869102954,-0.9848049254370574,-0.8666768783583803,-0.5475340102271852,0.12787564376209318,0.9162533860219877,0.273941282080661,-0.21316975434550345,0.6771943749331164,0.11640360427927733,0.41591560217549056,-0.8408931866655133,1.2535036572034235,-0.21932519131169642,0.04575940263814432,1.1977864598564687,0.44036017354707524
-0.5200700738294584,0.3285931805799115,2.1846087610110163,-0.18608042839640368,0.041401583487212915,2.4106911430026523,-0.21647963679940535,-0.18098565294684335,0.765425589494427,1.1931176114891557,-1.0958142668898956,-0.5124180523900841,0.7519960605076803,-2.3118588259911816,-0.613779231086778,-0.4777156364010525,0.9281303006036739,0.9943952063817937,0.25893117468875765,1.9096041869734468,0.7552920490217477,0.6035361294972321,-1.9392304648800727,-0.6126810788744791,-1.8954482127411039,-1.204609907898399,-0.092246684229352,1.274418528703584,1.0731486607581857,0.44270652364171625,-0.8251994368205083,-0.4760970962937459,-0.9196360379419088,-0.14931245682864858,-1.8897425061554345,0.9467996632623646,1.039185814407049,1.4764691685785758,1.5139134191900019,1.1419040133428442,-1.7434458647025406,-1.8547795565503278,-0.9525568173861165,0.7542541283822308,1.626637467764911,0.5174740509450065,-0.9495079912640171,1.0101281861424551,0.25090290751298777,0.6896483873286632,-1.362674229769872,1.8153631444533924,-0.3528472636198255,0.007137330541469383,1.7871481791634392,0.471823178140255
3.591938820627932,1.4340358065275884,-1.1157291021223006,-1.5918359128543176,-1.144367238873015,-2.31153953145252,0.03126893649967242,-0.5652145076303586,-0.5148167031047762,-1.0958142668898956,2.7034865193970186,1.9943152330351128,-3.2793870444539848,3.2252911020627106,-0.1262165695794117,0.8844962140203263,-1.2783915352671744,-2.043037567554597,1.372680348654939,-2.217852526014056,1.2765107022436737,-0.8485758795916917,3.369458267125574,3.3882769072526937,2.594630465471604,2.714970803956358,-0.40704619294446154,-1.3155209606601075,-2.8751832084580027,0.25060683750686963,2.805045557950682,1.9944367449634017,1.4284874403253753,-0.5822292433574248,1.2505728719163716,-2.0032401898269487,-4.182311300334251,-0.30675015308691095,-0.8998454522726014,-1.5423719603459654,2.968060641789449,4.507588082833621,1.5401845351660626,-3.9051017732979716,-2.570738411539353,-1.1615116414296582,4.47510899554185,-0.7122398489272921,-0.6983071097761367,-0.8131780147849139,1.5689030623149423,-1.0130381018512216,0.28424483721910926,0.3094811968955708,-1.2300166871544063,0.8420747263093524
3.0197897578042388,1.426428481599429,-0.13404520119758281,-1.515047325546807,-1.0091759323652816,-1.158963559868524,-0.02664301977838734,-0.5723492344596329,-0.1455243881995617,-0.5124180523900841,1.9943152330351128,1.6087599585694536,-2.6464547163167027,1.9767532641271475,-0.3666846427928572,0.5970334666714304,-0.793707389876356,-1.4621101772481082,1.3467016555600269,-1.2252427199926792,1.44235847129173,-0.4788182567250676,2.267440393971425,2.808043214619445,1.5943796973583793,1.9575819386821491,-0.4047660530608921,-0.6799255894429755,-2.1326815839677646,0.405337785802616,2.1814357291718105,1.5824597921722312,0.9227629797951546,-0.557094269610516,0.35456077059186314,-1.422878467830163,-3.325809407673118,0.3065596819373478,-0.20021421181078322,-0.937831598768214,1.9634368258171395,3.3416209711258187,0.997074187365081,-3.2075537963637566,-1.6834712354246686,-0.8316750979413942,3.6455747529767355,-0.24110414451643752,-0.5142902808568747,-0.46445960475102915,0.8789516716376707,-0.1805311383192555,0.12707031005364897,0.2852755313481423,-0.39935939750147964,0.9222779460499295
-5.0988077344540645,-2.4503007983097866,0.038226342634991875,2.563494056247918,1.7075013524025295,1.69554214595394,0.11449747621602707,0.9879699728459411,0.20247911136405033,0.7519960605076803,-3.2793870444539848,-2.6464547163167027,4.442159975759303,-3.1400442625726948,0.6656240192761439,-0.9909844001564556,1.2504595064095758,2.3597180245964418,-2.285170508986491,1.9312633280552975,-2.529268157777137,0.8233022615924572,-3.6660150792288517,-4.6959603790742825,-2.5229128117398996,-3.2157183626309354,0.6818030418000265,1.0396185206238824,3.556269389771112,-0.7234078955560133,-3.6381347352380407,-2.678377404899783,-1.4747653774471705,0.9985916724728037,-0.44515525754662827,2.3294450629048886,5.580465521335663,-0.6764670495998265,0.210763413985234,1.4711050325153752,-3.20424967340309,-5.461719503124223,-1.6318171264222578,5.382107626866119,2.680398251273686,1.3926693291274312,-6.115887477315085,0.32748558220778223,0.8776695362122423,0.7031423032842061,-1.3575180280738552,0.15905127547456183,-0.1571872381995748,-0.48854948272982995,0.5131034339995186,-1.6371017057108146
3.0316888748095283,0.4885372365615584,-3.657391244716293,-0.7801942678778072,-0.7988978124493619,-4.726298010493952,0.302513490366357,-0.12514650844328737,-1.3658067973264059,-2.3118588259911816,3.2252911020627106,1.9767532641271475,-3.1400442625726948,5.197016532950471,0.7439500547514505,1.2182560794028439,-2.0726962678895857,-2.6554263333832884,0.540253429497623,-4.00644295130029,-0.18356426326248426,-1.3725412806355504,4.7879003044627675,3.0204028289668248,4.225547640962358,3.380064818113321,-0.1393389538883324,-2.564177927480329,-3.3138698471798538,-0.4324120889995335,2.9317746012748356,1.9399669208194321,2.160215795497681,-0.18472563639347522,3.352284193788961,-2.5718310950256225,-4.114774634353367,-2.178682361766393,-2.6179254640464382,-2.5316219797343678,4.271263649861558,5.408503636704869,2.281460756164681,-3.5485642848179655,-3.8469343573110084,-1.4522228427262494,4.1805882137489405,-1.8181292994282412,-0.794080760345311,-1.4509977365385862,2.8451819099096203,-3.0971172641957976,0.6541377344436938,0.19026106167586998,-3.196349536097149,-0.08126052144024287
-0.9977383990516768,-0.8762008368026559,-1.481162097288759,0.8101698895860013,0.423984961075086,-1.1682956350318932,0.15655561485312322,0.38000319104929337,-0.47316008234955576,-0.613779231086778,-0.1262165695794117,-0.3666846427928572,0.6656240192761439,0.7439500547514505,0.608294579069956,0.06400487837202067,-0.29229570973082597,-0.03577778648456448,-0.7903168881484106,-0.7959825765446439,-1.1803141252935385,-0.2220606117542703,0.3504110295495403,-0.8349422778206675,0.6073251581452637,-0.023362249070563185,0.2485730814156683,-0.5903808933126073,0.20000820788104998,-0.5009753326941404,-0.3978092940479784,-0.37140748475191687,0.23472474527526052,0.3504283729286881,1.1848950060992889,-0.022792974508008133,0.7528259759878102,-1.1802481525672714,-0.9796031158620423,-0.3906769233145051,0.34452704181384874,-0.2034927903174555,0.22626220698984872,0.9132462790043688,-0.38784795311686276,0.019073793686994533,-0.9755877385266876,-0.6057455851104027,0.04820905229050794,-0.2787990761664556,0.5618509423624265,-1.2000111361260533,0.19457166702648274,-0.12671205654740278,-1.0821356117638277,-0.7397528645183215
1.0352448288520162,0.3231774240092575,-0.6576430099143292,-0.37325166167139573,-0.30211124113918025,-1.0006399337954304,0.038316141431972144,-0.11017016714874066,-0.2691971031461591,-0.4777156364010525,0.8844962140203263,0.5970334666714304,-0.9909844001564556,1.2182560794028439,0.06400487837202067,0.3200352379935452,-0.49042029530969244,-0.6959546104590567,0.30772613504604246,-0.9032570106265428,0.20980643251117015,-0.32698664487899837,1.198532281601393,0.9817957060466791,1.0006073922869136,0.9010110320357443,-0.08575733945723302,-0.5586028672953237,-0.9313862297873102,-0.004385687469803049,0.8664053636890272,0.6038028437504384,0.5218523630490162,-0.13158182250532402,0.6312531953227198,-0.682100887860292,-1.2604601762198968,-0.31572444381562836,-0.48604589978628604,-0.5799783961473932,1.0740177853994073,1.4786280487462966,0.5665261525989822,-1.1455968145152404,-0.934754001630527,-0.40672674628556604,1.334044389597118,-0.3582147719417472,-0.2270005820246671,-0.3172534429338717,0.6369064421008831,-0.5701898916682613,0.12237336038863597,0.0782086596087418,-0.617031975974253,0.14012181534222817
-1.202412972374881,-0.19171396678358857,1.4963039802664984,0.29125314073367403,0.29954740094635945,1.9600970935165323,-0.15709031885134367,0.020486036674419988,0.5475633422282477,0.9281303006036739,-1.2783915352671744,-0.793707389876356,1.2504595064095758,-2.0726962678895857,-0.29229570973082597,-0.49042029530969244,0.8558131891671044,1.0844191348413408,-0.1998911226004749,1.6136509422460794,0.10140239279178843,0.5004030178272799,-1.9293544059155658,-1.1866232791636038,-1.7315048267189421,-1.3323998728354285,0.04357173588339296,1.0466485471061697,1.2851452422809009,0.17349886598815986,-1.1384163585295983,-0.7433289119068943,-0.8681217672325873,0.037081914043814744,-1.3247331667950124,1.025534301615661,1.5947197903125685,0.8851846951657941,1.0552765368463257,1.0090619600011732,-1.7097061437912124,-2.18133789142534,-0.9145806830794065,1.3932483387255512,1.5606901375287423,0.5937723877906878,-1.6602703650634845,0.751552703039387,0.3035667252462451,0.5800555109117619,-1.1629858583819044,1.2556389382168274,-0.2666812462975595,-0.08159568041645494,1.304069390341896,0.0797931892956534
-2.516723247537947,-0.8936723299695056,1.2409543333383042,1.0185485577094529,0.7615838788567071,2.1406504563405573,-0.11031992097565595,0.3149886397602667,0.5047639651536582,0.9943952063817937,-2.043037567554597,-1.4621101772481082,2.3597180245964418,-2.6554263333832884,-0.03577778648456448,-0.6959546104590567,1.0844191348413408,1.6134724972527696,-0.8601779827283423,1.9020008643315771,-0.6724388774751632,0.640329683653941,-2.6925714611298246,-2.3954155143461,-2.1891021944451516,-2.0635156409711555,0.24650899387261702,1.174244015482616,2.119537015905564,-0.07672687160503135,-2.0302255721769433,-1.4066507849214172,-1.1612892799020735,0.3187748066438315,-1.2219216715800973,1.5468972896715794,2.9826399861641755,0.534837866595686,0.9310169526693544,1.2788912096902068,-2.3626465325870574,-3.4532820534763844,-1.2347403142711209,2.7649087966209613,2.100758277098917,0.8991757415934768,-3.2017354520271226,0.712781786793369,0.5042852573974816,0.6972161783662477,-1.369575502035585,1.0771505344461902,-0.275229220246404,-0.21026185563318048,1.2291472408778388,-0.41793235879701557
2.835262813621932,1.7215906932144545,1.3345564378000634,-1.7288218714336616,-1.0448904904246124,0.43074495795966317,-0.19520680447298414,-0.7397752059940047,0.3578152732508633,0.25893117468875765,1.372680348654939,1.3467016555600269,-2.285170508986491,0.540253429497623,-0.7903168881484106,0.30772613504604246,-0.1998911226004749,-0.8601779827283423,1.597130175804509,-0.00945916247796189,2.0374160167412856,-0.13146364828612742,1.083991188420813,2.555592683117834,0.38766500456929853,1.2674216950454402,-0.49308636520846993,0.14691569927083548,-1.5507255791047254,0.7209562017399206,1.7631546162479668,1.366662788101986,0.3548812723613423,-0.7077802380388488,-0.8770628504162816,-0.8659323929157726,-2.8360485038144434,1.3159920125046358,0.8035424558231262,-0.22709066616240567,0.9020897879100949,2.2652441295491417,0.4136874770195014,-2.8851122480301714,-0.6723187185637727,-0.521861990777489,3.207801556429582,0.4327189450436122,-0.3832731759947516,-0.027805541349773484,8.204732098884133e-4,1.0300395000405744,-0.10495326687470252,0.3034490251893261,0.7861485395850132,1.3130975224686203
-1.7035997510056553,0.048179759010685747,3.2789496983823514,0.16505059059028063,0.3618285829699498,3.900189560989893,-0.2926877480604389,-0.10364599921998802,1.1906245996145846,1.9096041869734468,-2.217852526014056,-1.2252427199926792,1.9312633280552975,-4.00644295130029,-0.7959825765446439,-0.9032570106265428,1.6136509422460794,1.9020008643315771,-0.00945916247796189,3.2111114437043553,0.673415519447411,1.0600167643058307,-3.552553485556853,-1.7472681315744243,-3.292621175520943,-2.368131025377092,-0.02485117280980489,2.0957209476212326,2.24323786093536,0.5300530426996829,-1.8794685373559048,-1.19811605677889,-1.633576929480048,-0.03682168677982787,-2.8949977327224103,1.8317515465514431,2.5490920251740383,2.0716416936900575,2.3007760363791996,1.9555573019802115,-3.192877794378001,-3.7375428694090753,-1.7269687819446204,2.089977369362257,2.901717455736475,1.0444315894714922,-2.5234980947200296,1.5772003149661638,0.5393638507419981,1.1432357373926443,-2.2804531062885522,2.7488730923681644,-0.5419303769019503,-0.07911142830822164,2.7632509311087743,0.41248503535403
3.287919008176153,2.226151896400308,2.425871606110675,-2.1744611984359374,-1.2632560978217788,1.434727142939504,-0.3440649107128527,-0.9740230409101625,0.7068270773313272,0.7552920490217477,1.2765107022436737,1.44235847129173,-2.529268157777137,-0.18356426326248426,-1.1803141252935385,0.20980643251117015,0.10140239279178843,-0.6724388774751632,2.0374160167412856,0.673415519447411,2.7764428924212545,0.02499634084760416,0.6191629408137456,2.8962165782410216,-0.22747714112041933,1.1169966858027782,-0.6296921800356912,0.6449262586996382,-1.5225499732809664,1.0385372137921507,1.862231842016534,1.5176604574992605,0.09620714717604585,-0.9407824507187856,-1.751114764864057,-0.7120500084315294,-3.1117154125590645,2.159616306305828,1.5316277327471428,0.1425236705046036,0.4809745412442092,2.074391208140548,0.1726275753838594,-3.2586193518622233,-0.21603132355802349,-0.4575201679596805,3.584855610046626,0.8916489622841195,-0.393487369478866,0.22724962075178207,-0.502361849171045,1.9151483949385508,-0.26750419368835077,0.38048673040363995,1.6141592928137258,1.796061282515462
-0.7961946205520665,-0.11461906337128619,0.9420117333294291,0.19971417387694884,0.22584950104817134,1.1238547901112583,-2.1960208800381377e-4,0.06539360038014114,0.37912124631653676,0.6035361294972321,-0.8485758795916917,-0.4788182567250676,0.8233022615924572,-1.3725412806355504,-0.2220606117542703,-0.32698664487899837,0.5004030178272799,0.640329683653941,-0.13146364828612742,1.0600167643058307,0.02499634084760416,0.4712113348201267,-1.2300761869999348,-0.7893971530574931,-1.0472452568275892,-0.9088659700623298,0.03907962929095005,0.6511004460504977,0.9355845878833664,0.12552223050679487,-0.8088345646244236,-0.5656384293699184,-0.5563410537243947,0.11747655461040037,-0.9286092583481145,0.6737228833185687,1.1457869959030327,0.5572454383812933,0.6954272919755187,0.6614458533152845,-1.1364482294759324,-1.3512999424074907,-0.6129320333967065,0.9450372778199833,0.9601655834727459,0.3776851551245378,-1.0943548868230633,0.45868594738434487,0.24341145686791077,0.369242905786939,-0.7106223224826534,0.8186521956172748,-0.1504603873076894,-0.04262649718194434,0.8170490349196077,-0.0478749174224402
3.78341626843996,1.1076628389457939,-2.73479567566917,-1.3477180613335826,-1.0954650760562359,-4.053728234509417,0.21248288574974003,-0.3746416441197319,-1.065819061702053,-1.9392304648800727,3.369458267125574,2.267440393971425,-3.6660150792288517,4.7879003044627675,0.3504110295495403,1.198532281601393,-1.9293544059155658,-2.6925714611298246,1.083991188420813,-3.552553485556853,0.6191629408137456,-1.2300761869999348,4.669443025844972,3.6430649087022866,3.9098269461626773,3.4681422961563464,-0.2989450208539749,-2.2233810981509388,-3.49651751323776,-0.10384881631902095,3.245793269120069,2.22594714758422,2.0493270777004406,-0.4140110766858754,2.601798705890322,-2.599986284853001,-4.710376424754773,-1.4088014540055778,-2.000527332899906,-2.321839733202309,4.127130864236896,5.6690589752493095,2.1865149557345567,-4.240500799397943,-3.6749330568880008,-1.4960163831672937,4.941367979217624,-1.4643781827239701,-0.8485985694330415,-1.2855355547403935,2.5305109495884306,-2.3437680001319747,0.5388568107257731,0.3051325738717797,-2.5358055135473636,0.40882239606730997
5.452937965240254,2.72541056791243,0.3676278439833926,-2.849334608166357,-1.865587103329901,-1.4035576759023392,-0.1609916933989357,-1.1274042174775132,-0.07331906474494893,-0.6126810788744791,3.3882769072526937,2.808043214619445,-4.6959603790742825,3.0204028289668248,-0.8349422778206675,0.9817957060466791,-1.1866232791636038,-2.3954155143461,2.555592683117834,-1.7472681315744243,2.8962165782410216,-0.7893971530574931,3.6430649087022866,5.025977379678621,2.3920293637077177,3.3004809506738235,-0.7741101626742636,-0.8937467104709098,-3.693410162149176,0.8675071361579786,3.83388915080643,2.8353379400389036,1.4451973731489063,-1.1175586123758559,0.15820587973704314,-2.3721685181791856,-5.909533389567272,0.9908130725962195,0.04483028806173051,-1.412360515830865,3.165773334959836,5.628941308807589,1.5934031441093912,-5.739568813062813,-2.6326258326668337,-1.4016574488602238,6.488944392579585,-0.15701738924653783,-0.9058351699513406,-0.6575518456532974,1.227609246897682,0.16442825419311544,0.11970858393228806,0.5256210395983276,-0.22989741246042575,1.8808721968109714
2.4182123811547496,0.36451972399189264,-3.061855972109961,-0.5705661591295778,-0.6040935184633498,-3.9730518382687827,0.3037817879449663,-0.041663508028719716,-1.1286351161396304,-1.8954482127411039,2.594630465471604,1.5943796973583793,-2.5229128117398996,4.225547640962358,0.6073251581452637,1.0006073922869136,-1.7315048267189421,-2.1891021944451516,0.38766500456929853,-3.292621175520943,-0.22747714112041933,-1.0472452568275892,3.9098269461626773,2.3920293637077177,3.5145823924616244,2.7044634336547513,-0.08712011527421634,-2.13061945931931,-2.623597278775115,-0.36241399886404824,2.314246575973019,1.5135295889763016,1.7625498175380216,-0.08518891459061528,2.7242964768888203,-2.0855224102131342,-3.231281833084335,-1.8209579784472207,-2.1653259862321645,-2.051283696841595,3.4809241311408496,4.406019753871461,1.8601679331479268,-2.8118896351483027,-3.161089784789896,-1.2078102388718721,3.346471225046253,-1.5280556108025092,-0.6195410996226264,-1.1809787382782253,2.3628997227158415,-2.5755970422408225,0.5380223926279297,0.15211307780707614,-2.6616706078744907,-0.161881526947315
3.4817172583828033,1.3176222779710485,-1.354647958507989,-1.4919984619867837,-1.0955544748128812,-2.502586488536442,0.044002665553237695,-0.520251703477065,-0.5925235350001381,-1.204609907898399,2.714970803956358,1.9575819386821491,-3.2157183626309354,3.380064818113321,-0.023362249070563185,0.9010110320357443,-1.3323998728354285,-2.0635156409711555,1.2674216950454402,-2.368131025377092,1.1169966858027782,-0.9088659700623298,3.4681422961563464,3.3004809506738235,2.7044634336547513,2.75521749251884,-0.37212232450686933,-1.4185435883955073,-2.885666545723772,0.1704680815279801,2.782894004311634,1.971363570832768,1.4826120185870217,-0.5453525515426816,1.4581979532733935,-2.0258870769180803,-4.134624743250513,-0.4873782090584513,-1.0610482253078886,-1.6281010647194454,3.05760180071944,4.522015607393678,1.5990561057202228,-3.814694726229757,-2.6580591911550533,-1.1641529885219302,4.380140281925496,-0.8154161589352587,-0.7088272996201599,-0.8659177763804656,1.668685858318345,-1.2087083908163014,0.3189765280091271,0.30282598519219583,-1.4100323826659686,0.7513230069744692
-0.8516090282631958,-0.5240399650578423,-0.43915960630736456,0.5317671271578727,0.32148042478371447,-0.1717250754135066,0.06559905958820668,0.23353104433808808,-0.11845123020458728,-0.092246684229352,-0.40704619294446154,-0.4047660530608921,0.6818030418000265,-0.1393389538883324,0.2485730814156683,-0.08575733945723302,0.04357173588339296,0.24650899387261702,-0.49308636520846993,-0.02485117280980489,-0.6296921800356912,0.03907962929095005,-0.2989450208539749,-0.7741101626742636,-0.08712011527421634,-0.37212232450686933,0.15637017713879198,-0.06496765841414809,0.4658458630978107,-0.22530664059112127,-0.5331906798597983,-0.41262030777760944,-0.09547222762998596,0.22199477445061827,0.28484624764759187,0.25379732996728627,0.853293290668205,-0.4149883748144231,-0.26294380167298964,0.05595145730152325,-0.2497526865347891,-0.6629125437613547,-0.10901377496448182,0.8702227656788721,0.18042615656183833,0.14802751759448543,-0.9600698096028621,-0.1526535597201132,0.11203707332262347,0.0031980211092778456,0.02112928615970488,-0.33811589434856143,0.035723438048776174,-0.08542711897580088,-0.26601771800232776,-0.41140978068630313
-0.8367407973901737,0.19613435641031704,2.2781222477192786,-0.05939587417876097,0.13041469216691384,2.6218106919820157,-0.23091472750021927,-0.1481004795998048,0.8078006138757224,1.274418528703584,-1.3155209606601075,-0.6799255894429755,1.0396185206238824,-2.564177927480329,-0.5903808933126073,-0.5586028672953237,1.0466485471061697,1.174244015482616,0.14691569927083548,2.0957209476212326,0.6449262586996382,0.6511004460504977,-2.2233810981509388,-0.8937467104709098,-2.13061945931931,-1.4185435883955073,-0.06496765841414809,1.3899781772025628,1.2980391519476777,0.4136531497339798,-1.046407306029167,-0.6350946980208192,-1.0360642445824273,-0.1112246943466341,-1.965433627679459,1.1133982084532335,1.3726852497762352,1.4866540254406655,1.580179168993949,1.2569660613582703,-1.9949114532878491,-2.2402482252726736,-1.0846442339506364,1.081252754944227,1.8441392473159115,0.6323847096477054,-1.3371658228097116,1.0779898935850185,0.3059469180131928,0.7477192897643467,-1.5000039468046433,1.8957135504711589,-0.3701101738244601,-0.02395394166991572,1.8887461031789492,0.4157043482499705
-3.9320577477538117,-1.6246676069844495,0.9687984844798948,1.788450470416797,1.2769496424724143,2.2131495988591725,0.037015282083675966,0.6687784903685409,0.4947061760043831,1.0731486607581857,-2.8751832084580027,-2.1326815839677646,3.556269389771112,-3.3138698471798538,0.20000820788104998,-0.9313862297873102,1.2851452422809009,2.119537015905564,-1.5507255791047254,2.24323786093536,-1.5225499732809664,0.9355845878833664,-3.49651751323776,-3.693410162149176,-2.623597278775115,-2.885666545723772,0.4658458630978107,1.2980391519476777,3.1089960729158164,-0.32543466058655196,-3.045016110713404,-2.1946248684303375,-1.4707637616172826,0.7065569440001072,-1.1920633270092786,2.114737870993292,4.561740704344202,0.15603889039604163,0.82417482203157,1.574374255063455,-3.101933017588484,-4.749950906452122,-1.605744995053439,4.260289227620107,2.633758054818667,1.2302584635319944,-4.8603292741377375,0.6586041215822315,0.7659817185391065,0.815420697070006,-1.5603746365262046,0.9132431640751755,-0.2600006516327884,-0.3376490793357994,1.140407105790089,-1.0321741887961888
1.0125615745447978,0.7948660077909723,1.1531715426598956,-0.7505098461865234,-0.4108305628912175,0.8406958051729594,-0.13374379702961192,-0.3451228765041097,0.3583505793515706,0.44270652364171625,0.25060683750686963,0.405337785802616,-0.7234078955560133,-0.4324120889995335,-0.5009753326941404,-0.004385687469803049,0.17349886598815986,-0.07672687160503135,0.7209562017399206,0.5300530426996829,1.0385372137921507,0.12552223050679487,-0.10384881631902095,0.8675071361579786,-0.36241399886404824,0.1704680815279801,-0.22530664059112127,0.4136531497339798,-0.32543466058655196,0.42182371218138703,0.481531604445036,0.4179164163995113,-0.11465544080968675,-0.32456931173713255,-0.8968264405581307,-0.08937097247650955,-0.8518611642083581,0.9512317781619875,0.7523636226769749,0.2345472698711939,-0.11931997375014117,0.4063419861587371,-0.09919531987247075,-0.9616675341520913,0.18106471724078776,-0.07692383938890189,1.0425261148354164,0.45758981660585885,-0.08157896945285083,0.18487328342334017,-0.377699728551201,0.927011771343222,-0.14479952051844333,0.12221191979950326,0.8202646304904097,0.658243675854788
4.111734885574847,1.8598832599309747,-0.4265299073754405,-2.0009087339614338,-1.3706109195941598,-1.7416421180758386,-0.07819955447242659,-0.7720253905327042,-0.3071837496955069,-0.8251994368205083,2.805045557950682,2.1814357291718105,-3.6381347352380407,2.9317746012748356,-0.3978092940479784,0.8664053636890272,-1.1384163585295983,-2.0302255721769433,1.7631546162479668,-1.8794685373559048,1.862231842016534,-0.8088345646244236,3.245793269120069,3.83388915080643,2.314246575973019,2.782894004311634,-0.5331906798597983,-1.046407306029167,-3.045016110713404,0.481531604445036,3.056791640369168,2.2271462662913235,1.3362074277389346,-0.7886462338650602,0.7409306765252779,-2.0211443654363155,-4.635213759983925,0.2474016605394375,-0.45663761379368606,-1.3868883533020695,2.855735466046948,4.641834882128984,1.4622508442116078,-4.401390426531666,-2.4067789340368835,-1.1784866102456548,4.997872489501033,-0.42789444434774815,-0.7485886138548926,-0.6938746447563034,1.3106713578251872,-0.4653161828513107,0.19149910106684556,0.37231991833300276,-0.7301708191391157,1.2374244749479058
3.0685838968109524,1.4562067143855615,-0.05233389925791799,-1.540409365721165,-1.0381513826816338,-1.000503169139149,-0.10610592152915298,-0.6129034105005458,-0.14448836021165173,-0.4760970962937459,1.9944367449634017,1.5824597921722312,-2.678377404899783,1.9399669208194321,-0.37140748475191687,0.6038028437504384,-0.7433289119068943,-1.4066507849214172,1.366662788101986,-1.19811605677889,1.5176604574992605,-0.5656384293699184,2.22594714758422,2.8353379400389036,1.5135295889763016,1.971363570832768,-0.41262030777760944,-0.6350946980208192,-2.1946248684303375,0.4179164163995113,2.2271462662913235,1.6490094989372928,0.8993828108818764,-0.6342648528853418,0.3356984742148438,-1.4170305525773612,-3.4121672783406596,0.38130159431802035,-0.16014875829125744,-0.9099838437502918,1.9628903480743725,3.283029517774801,1.0027948654325736,-3.2567992281381333,-1.6171161632437114,-0.8361817778696322,3.687599140869336,-0.20236982508786347,-0.549929802387192,-0.4348138615677948,0.8208717137762565,-0.13114050413310221,0.09436525628470996,0.28883863945600896,-0.33028062494094057,1.0143846170297612
1.4774878662280306,0.3487131818262847,-1.3810501429418078,-0.4641767479423312,-0.4105492783232792,-1.9050691061078047,0.11587326015628656,-0.10799278377505836,-0.523177451148267,-0.9196360379419088,1.4284874403253753,0.9227629797951546,-1.4747653774471705,2.160215795497681,0.23472474527526052,0.5218523630490162,-0.8681217672325873,-1.1612892799020735,0.3548812723613423,-1.633576929480048,0.09620714717604585,-0.5563410537243947,2.0493270777004406,1.4451973731489063,1.7625498175380216,1.4826120185870217,-0.09547222762998596,-1.0360642445824273,-1.4707637616172826,-0.11465544080968675,1.3362074277389346,0.8993828108818764,0.9120621733405202,-0.12608693611025423,1.2842078260710972,-1.1193673821016945,-1.9101486126955316,-0.7751036715238645,-0.9969773022961479,-1.0514592367092335,1.8157848298497326,2.4036050256369372,0.9659464420555781,-1.6880485779545789,-1.6312642235460295,-0.6366985314673382,1.9773938915886562,-0.710473010845123,-0.3539197230719924,-0.5930221566007964,1.164529662643286,-1.1741735843976173,0.2600889850532844,0.10903814127887206,-1.2399156524282553,0.06923695348278751
-1.2501582536850373,-0.765361224097991,-0.6598024327919199,0.7674301412557684,0.4732752898403511,-0.33091551722402013,0.14593046158649275,0.35321229340845883,-0.1627899120802853,-0.14931245682864858,-0.5822292433574248,-0.557094269610516,0.9985916724728037,-0.18472563639347522,0.3504283729286881,-0.13158182250532402,0.037081914043814744,0.3187748066438315,-0.7077802380388488,-0.03682168677982787,-0.9407824507187856,0.11747655461040037,-0.4140110766858754,-1.1175586123758559,-0.08518891459061528,-0.5453525515426816,0.22199477445061827,-0.1112246943466341,0.7065569440001072,-0.32456931173713255,-0.7886462338650602,-0.6342648528853418,-0.12608693611025423,0.36550313128565454,0.407998451093551,0.3603979742853334,1.2765291377667058,-0.6348185202053331,-0.39052568073951116,0.06678493173461388,-0.36948071930293036,-0.9130487434731329,-0.1704678240440066,1.2727655962164512,0.2230591358637534,0.22102854169654929,-1.4018662425366024,-0.22941316855124919,0.18799605835838346,-0.014847100712946683,0.058005419199040516,-0.4992010551477018,0.07231855914716474,-0.12981216911777818,-0.4097193699714814,-0.6410396539101633
-0.07300629734963995,-1.0279839323090856,-3.706781084028215,0.8021348882518949,0.2430667035585297,-3.7305602432715967,0.3506239542699897,0.47799955168490404,-1.2766380238414707,-1.8897425061554345,1.2505728719163716,0.35456077059186314,-0.44515525754662827,3.352284193788961,1.1848950060992889,0.6312531953227198,-1.3247331667950124,-1.2219216715800973,-0.8770628504162816,-2.8949977327224103,-1.751114764864057,-0.9286092583481145,2.601798705890322,0.15820587973704314,2.7242964768888203,1.4581979532733935,0.28484624764759187,-1.965433627679459,-1.1920633270092786,-0.8968264405581307,0.7409306765252779,0.3356984742148438,1.2842078260710972,0.407998451093551,3.1607126751199113,-1.1740898129463144,-0.7537631933017294,-2.635632990191875,-2.5439724879965637,-1.6674029242195552,2.375657416315255,2.098798976534246,1.3234611965933905,-0.27921472216247295,-2.2427225920671257,-0.6177160461243193,0.4654716010945624,-1.6511816069938914,-0.28024195729198326,-1.0369527232670805,2.048607239861939,-3.0662870943593434,0.5610423568590347,-0.1068564056502526,-2.9382932633392733,-1.0776568848687798
-2.4956336102982806,-0.8971282420504546,1.1461311991071148,1.0226246322456045,0.7693144847939709,1.9868379983635025,-0.06205503883455168,0.33955115530211477,0.48719028997281105,0.9467996632623646,-2.0032401898269487,-1.422878467830163,2.3294450629048886,-2.5718310950256225,-0.022792974508008133,-0.682100887860292,1.025534301615661,1.5468972896715794,-0.8659323929157726,1.8317515465514431,-0.7120500084315294,0.6737228833185687,-2.599986284853001,-2.3721685181791856,-2.0855224102131342,-2.0258870769180803,0.25379732996728627,1.1133982084532335,2.114737870993292,-0.08937097247650955,-2.0211443654363155,-1.4170305525773612,-1.1193673821016945,0.3603979742853334,-1.1740898129463144,1.5123812650127086,2.9734510026334964,0.4729092551930936,0.8773765684490109,1.2312950673505216,-2.3030957133899963,-3.3472389664980353,-1.2021584512937404,2.743371753469028,2.0113459976573176,0.8789950840576575,-3.1620880559343,0.6604446327511653,0.5099510624675819,0.665955666387441,-1.2980941871902147,1.0101816977305138,-0.24985199164144403,-0.20102185913515952,1.1475184309784217,-0.47110554705881263
