V1,V2,V3,V4,V5,V6,V7,V8,V9,V10,V11,V12,V13,V14,V15,V16,V17,V18,V19,V20,V21,V22,V23,V24,V25,V26,V27,V28,V29,V30,V31,V32,V33,V34,V35,V36,V37,V38,V39,V40,V41,V42,V43,V44,V45,V46,V47,V48,V49,V50,V51,V52,V53,V54,V55,V56
2.75551087561137,4.686532734116878,-0.5545736991978332,-0.42208332308203017,-2.2840826881719267,-3.127423053070687,1.9346039402522073,2.749191546802836,2.4734997964267897,-3.285798565379158,4.765012215877546,4.475190857875052,0.09640367971289991,3.0027224040510196,-0.016846524726130824,-0.2500041708542858,0.07750440168923507,-2.304895198877874,2.471820635912336,-0.18285662436380398,-3.0200324392855915,-3.525970393365343,0.8827216729899061,-1.4063102402048289,-0.026415099252228326,4.4461334041907685,-2.6022985207411904,1.9957026319233968,2.4367408432953566,0.41339620581585085,-2.192599438780826,-3.676591945243654,2.3542859587612233,1.0400669946762535,0.9007139388713576,1.5387197517380178,-0.3356258593259201,0.3740016314167145,-4.433125730703371,-4.619505312259187,0.19943504248281416,-0.8360611565647909,2.433836216549404,0.05349287321921483,-2.502233176070189,-1.6239481652127215,3.724477757120339,0.16247348378496462,0.4739128525734385,0.2800906364844321,0.3221136036763628,-1.3639953565631422,1.8208126921855503,1.1513505327456688,1.488836122448567,1.182456606921833
4.686532734116878,13.894502969589661,-1.6241744264199525,-0.9475343340055727,-4.686431224647801,-10.88245553057717,6.305125377783034,9.261167901979386,7.962884533049213,-7.036150552385064,14.259580395939569,12.891132396232877,-1.971873257785627,12.594670654666121,1.6096811161175804,-3.4419372983342678,2.5554899585541837,-5.3170162506874545,12.769587070060538,-1.2927870853609542,-6.145591593205224,-9.868590739085345,5.950458764345014,1.660965055165016,-0.5767139010046883,13.281160140159939,-6.1061264551609,6.679289868787907,6.7608031312047245,2.3701518803589696,-7.085898998720993,-9.061899321534087,6.472112762967106,1.6810809383588272,0.42087775629630275,1.690633398228751,-1.6602433057305632,-1.3813796896975532,-8.526340603851548,-9.875557973152077,0.6199189946406541,-3.3511622171482065,5.646642314472773,2.6944776573369444,-6.271111992895093,-4.87700637460497,11.888375489323586,3.395795237200195,1.370031511817083,3.88981207011204,2.1928113302839956,-5.999789506614124,3.9370518133169856,-3.1935245804958705,3.3443897678779058,2.9557559827651327
-0.5545736991978332,-1.6241744264199525,0.18989674300868983,0.11137048081429854,0.5518558270494248,1.2689598660931045,-0.7359396776021855,-1.0804236040172301,-0.9295802639881987,0.8277194042016024,-1.6665499199805118,-1.5076285429815235,0.22611873854442952,-1.4650494067561293,-0.18494622912166703,0.39712489782895444,-0.2942075842009773,0.6244493545783623,-1.4821286899589745,0.14967605914526325,0.7238260950921149,1.1546876947166493,-0.6890968331343106,-0.1828746853341007,0.06645820624090272,-1.5523014455876563,0.7168908860678807,-0.7792814334190514,-0.7911804783327289,-0.27482610654943984,0.8271331029012051,1.0628148027342312,-0.7575126766770698,-0.19920531361739463,-0.053551190326538795,-0.20320189105545977,0.1927537475216187,0.15662538565250225,1.005610757423179,1.1617922297127086,-0.07242508215858537,0.3900512651568677,-0.6630957988011236,-0.3100462671047959,0.735273258317844,0.5699838126094336,-1.3880324046481505,-0.3913103005529647,-0.16020822971734058,-0.4487409040125128,-0.2539222499641408,0.6975468307486351,-0.46304522754217287,0.3604945217009224,-0.39301946339111493,-0.34656391656697866
-0.42208332308203017,-0.9475343340055727,0.11137048081429854,0.07371660960550122,0.3809696022860008,0.6947000970081412,-0.41334231004909594,-0.5989412629095409,-0.5244465571317969,0.5594216122340521,-0.9682129933684287,-0.8902808619264607,0.06800155599464322,-0.7500353172650771,-0.06094761396303209,0.1553957102597715,-0.10579806086941027,0.4071189595119345,-0.7106649947395546,0.0661671571986141,0.501771082816717,0.6900671075843566,-0.30761293988377814,0.0581601663695549,0.024738494680477608,-0.9028973069324683,0.463809772374423,-0.43301783722336223,-0.4746146079765752,-0.12787315684590977,0.46579830769634795,0.6718970133438283,-0.45617248831832324,-0.15576287091162297,-0.09485078452700729,-0.19988611483080135,0.09343338610873188,0.0207562466815574,0.71724374388663,0.7858926056992663,-0.041553694922371286,0.2029614564856177,-0.43124678334318184,-0.10908617049983732,0.46141148457130815,0.33086587030382963,-0.785832853463781,-0.14591518808784987,-0.09440606731729094,-0.17506667197989512,-0.11308553717818468,0.35161673345656796,-0.3114733160011899,0.02334171434383074,-0.2596189754764728,-0.21767597908824105
-2.2840826881719267,-4.686431224647801,0.5518558270494248,0.3809696022860008,2.0018099413200106,3.3452913545934426,-2.0116446255970604,-2.899420998018668,-2.558637293185553,2.919572624561558,-4.782793555378526,-4.424109416354397,0.20914264132122476,-3.5023362561827645,-0.20776354428706548,0.615522386629081,-0.39225221966521034,2.0996002488302845,-3.2081566317111156,0.2844544826500111,2.639930190783003,3.44669250561407,-1.3338228558675866,0.6172044620840503,0.09387430973272531,-4.4595000110996015,2.3844781562155513,-2.0988475341197352,-2.373940355450631,-0.5682750149290506,2.2717485833086393,3.4276962312385506,-2.28549520460197,-0.8502214921939878,-0.5962450424346897,-1.1501023879604293,0.42562021667190447,-0.03699508464622604,3.8081910750079975,4.1023905301624195,-0.20331969294716115,0.954125871600524,-2.2214230473740746,-0.3966852009654761,2.346887089821487,1.6323661439636117,-3.838912282049126,-0.556863971070635,-0.4691584195442472,-0.6941160529857607,-0.489625669302356,1.6286661300991863,-1.623012115781649,-0.25715624441975476,-1.3440459991086022,-1.1079933960636712
-3.127423053070687,-10.88245553057717,1.2689598660931045,0.6947000970081412,3.3452913545934426,8.77450658572877,-5.027077040351995,-7.426693499296793,-6.334881691222434,5.088937285757499,-11.189126938690993,-10.037812126098213,1.8965083432895449,-10.44027034440837,-1.5195514249821938,3.116936369323459,-2.364216757762206,3.927926232644013,-10.849968785515392,1.1295770836246335,4.375412845357296,7.638068915937097,-5.1803878907607706,-2.210112228667083,0.5293992168812307,-10.417541485497432,4.531487592099529,-5.350275395405522,-5.222923608954042,-2.0348620852375867,5.641157500268234,6.810816557713724,-4.9899329821947624,-1.0979787796227949,0.021163804655676674,-0.8763265719140141,1.4041302848784072,1.4703200202613727,5.9580166506028895,7.13896615746525,-0.4899666825262007,2.7607266914007083,-4.177857569076089,-2.5058533493035204,4.732720708545372,3.829465672148598,-9.44317166574113,-3.1140865676127905,-1.067590619620157,-3.5237423808257806,-1.9105003907652258,5.00416895940125,-2.8557000698717485,3.5316071073055486,-2.452558321599373,-2.2292616109133143
1.9346039402522073,6.305125377783034,-0.7359396776021855,-0.41334231004909594,-2.0116446255970604,-5.027077040351995,2.892672897373548,4.2638628638695755,3.648114980644144,-3.04368739292057,6.47784808084407,5.829095355992428,-1.0192864298608622,5.918741248497438,0.8219833579513569,-1.7109508823729493,1.2878730826597702,-2.329080636493272,6.094690414115213,-0.6281173891865449,-2.6339520117075517,-4.445851637634673,2.883991980516546,1.075354236184007,-0.2892475931361661,6.032367587443551,-2.6821757598714098,3.072985067808601,3.0423295037055142,1.1385971430969855,-3.247606343746675,-4.010645595109155,2.9088436351320697,0.6853941181418919,0.06689716985053074,0.6089170177775176,-0.7899152439916592,-0.7640490937382006,-3.61447207225425,-4.27072246560026,0.2829823063927452,-1.5688990776659748,2.475832557853482,1.3625302002235187,-2.7824535088347413,-2.2166420757160226,5.441440216413631,1.701736593106937,0.6197289315268553,1.9337273603664047,1.0633065707253222,-2.830489652232337,1.7059842661887763,-1.8135187495259706,1.458701714606787,1.3108936250785825
2.749191546802836,9.261167901979386,-1.0804236040172301,-0.5989412629095409,-2.899420998018668,-7.426693499296793,4.2638628638695755,6.292320067262292,5.375216731497458,-4.398890913616898,9.51863840279799,8.551895007949529,-1.557095496919575,8.79177411622743,1.251383498340571,-2.5846463419795453,1.9534102632382306,-3.380866649193055,9.096489216820489,-0.9424417745825253,-3.7942866509332998,-6.514792103424381,4.324620796512693,1.734113658701724,-0.4380207013723394,8.863078550155803,-3.8969249623305937,4.533961097953912,4.456432072654949,1.7028412609331567,-4.785878226152667,-5.842321802166816,4.259235184582409,0.969632048139562,0.03860649736200602,0.8181256128383783,-1.1780729772951413,-1.1884719892399864,-5.1865960040984875,-6.171591315585531,0.41631667705209874,-2.32751742971594,3.594943887174591,2.0686503486979038,-4.05651767165958,-3.257437975100372,8.01500809052967,2.576817872351412,0.9093910342801448,2.921638096106331,1.5946866144288174,-4.2093991758982146,2.4670397746688564,-2.8390866773741226,2.114146078188749,1.9109486354032073
2.4734997964267897,7.962884533049213,-0.9295802639881987,-0.5244465571317969,-2.558637293185553,-6.334881691222434,3.648114980644144,5.375216731497458,4.6018967554177115,-3.867458457210496,8.180298063075927,7.364855512817006,-1.267724189694226,7.443129225051931,1.0236757090088726,-2.137156246574819,1.6063399354213799,-2.9547458588954174,7.649934784400109,-0.786620140381631,-3.3508039844793354,-5.620029661584492,3.613435015959449,1.3072873883506566,-0.3608695517666894,7.61739754829738,-3.401279704232849,3.8743731317475265,3.846356446123987,1.428129219875325,-4.096658290069694,-5.081327522785656,3.678233224175004,0.8779732617132272,0.10407860449736195,0.7938098646096058,-0.9921092565081042,-0.943539179466754,-4.60497127562336,-5.426739742922796,0.3569749704357398,-1.9736880344614902,3.140406900148352,1.6988085084838784,-3.524000455235403,-2.798753734152267,6.864763837898835,2.12374033563893,0.7830445735821115,2.415813578700816,1.3321648241976125,-3.557687634859828,2.1672294048564074,-2.232997023763452,1.8514183026951898,1.6604313258924812
-3.285798565379158,-7.036150552385064,0.8277194042016024,0.5594216122340521,2.919572624561558,5.088937285757499,-3.04368739292057,-4.398890913616898,-3.867458457210496,4.271950168623561,-7.186370119268985,-6.626757343756211,0.4070301728377081,-5.410542672137798,-0.3803067984874514,1.0353681222448003,-0.6847514684210733,3.089862381747615,-5.04087534897302,0.45797781955074607,3.8478537550187224,5.150753060734598,-2.13994475408166,0.6864901810208629,0.16145521282212294,-6.699502451969038,3.5137172704707114,-3.182608843402854,-3.54512711319724,-0.9003772383752404,3.434945699454468,5.07060838019302,-3.4105296832213514,-1.2187702917487753,-0.8025270338138764,-1.6084240690155647,0.6664844656492309,0.04709834680902504,5.527375094598079,6.001882125194824,-0.30640875631808473,1.468429388442869,-3.2705692374842865,-0.70006781395649,3.4763162515172583,2.4533531944137845,-5.79855572786697,-0.9561047833751709,-0.7029607100461541,-1.168231239366614,-0.786123740151355,2.5258362758327064,-2.376570873204246,-0.11387727419548538,-1.9738443142153672,-1.6408897972633023
4.765012215877546,14.259580395939569,-1.6665499199805118,-0.9682129933684287,-4.782793555378526,-11.189126938690993,6.47784808084407,9.51863840279799,8.180298063075927,-7.186370119268985,14.63659963330841,13.224844486605646,-2.052708481002506,12.973366121042535,1.673234674756742,-3.5667148484340583,2.6525353168675037,-5.437472276507676,13.174972472157318,-1.3361899595360027,-6.2709716218260665,-10.12066344151961,6.149735890036639,1.7791029030406398,-0.5981057119202263,13.631164888201395,-6.245820672007665,6.8646446185139345,6.932657998098946,2.4472675591707556,-7.279991505954177,-9.276777444071637,6.635929389561455,1.7075649800219226,0.40318088344599673,1.698026199325784,-1.7128277135925136,-1.449953962545544,-8.69129519082179,-10.086014961094072,0.6363292917954918,-3.4501964888931713,5.774882301433497,2.79788133707956,-6.42119264006034,-5.005718092963432,12.21158306026398,3.522208716034554,1.405688132800432,4.031600099344771,2.2663598623964387,-6.182486003536352,4.021783217163247,-3.3622078882038116,3.418399150547097,3.026516779157698
4.475190857875052,12.891132396232877,-1.5076285429815235,-0.8902808619264607,-4.424109416354397,-10.037812126098213,5.829095355992428,8.551895007949529,7.364855512817006,-6.626757343756211,13.224844486605646,11.974012069979958,-1.7470765526704044,11.550325490076101,1.4328875617285632,-3.0949112057834465,2.2860653960246684,-4.988339358922215,11.648880690764015,-1.1720893057296773,-5.804285895707262,-9.177222620187369,5.399073843339709,1.3283450925506286,-0.5169209844851554,12.31851524126818,-5.723925485215927,6.16911167965844,6.2894558567350645,2.1571891069855957,-6.552736834288365,-8.474496694162811,6.023196869784635,1.610781872682513,0.47254500879792155,1.6733741999980094,-1.5159660450603467,-1.1906687129365252,-8.07905676211855,-9.301816238825213,0.5741716295321097,-3.077382202637746,5.2961361008057715,2.407344149224761,-5.86011687298367,-4.522605378790644,10.999001458612131,3.0442862392532857,1.2723460473262593,3.497187234347137,1.9892779555423696,-5.495163228699407,3.706057283482561,-2.7218099686115833,3.141949949841628,2.7623387407342874
0.09640367971289991,-1.971873257785627,0.22611873854442952,0.06800155599464322,0.20914264132122476,1.8965083432895449,-1.0192864298608622,-1.557095496919575,-1.267724189694226,0.4070301728377081,-2.052708481002506,-1.7470765526704044,0.7734711159864008,-2.5947313198575257,-0.5912989502574296,1.0789232667041566,-0.8711685211668947,0.42304008603199905,-3.001898739024444,0.34757040988180266,0.2581924431241803,1.2726304430800153,-1.5733055294858955,-1.5104332348296365,0.19079769700730012,-1.9065320444705713,0.5147418452433606,-1.1146266888135958,-0.8581383557734558,-0.5866233926331157,1.133638622594514,0.8841455279688144,-0.8075109168845492,0.06802792098523998,0.43209593219024034,0.3878771156446393,0.3811041840098744,0.7405396659724892,0.20062340307386997,0.5662596488508125,-0.09421057208884438,0.6663124852646123,-0.4582839670469152,-0.9368474311457207,0.6391076938056408,0.7057421884739601,-1.8721684078463994,-1.1190382353051938,-0.18678896901088773,-1.220979765534858,-0.5818408015842923,1.2790982871264223,-0.23925415960224758,1.8977760331131026,-0.24073836298365256,-0.29924847765092805
3.0027224040510196,12.594670654666121,-1.4650494067561293,-0.7500353172650771,-3.5023362561827645,-10.44027034440837,5.918741248497438,8.79177411622743,7.443129225051931,-5.410542672137798,12.973366121042535,11.550325490076101,-2.5947313198575257,12.736960909585774,2.0525113423936108,-4.085449819712969,3.1480742539743383,-4.277495046028007,13.52065437100029,-1.4401335414281864,-4.566519354723517,-8.736349333297712,6.585829735840702,3.5901585224118615,-0.7008741791827486,12.07409161476693,-4.959462716445972,6.3271346139284255,5.962672692679606,2.5577780606944964,-6.632577636491037,-7.557048120318726,5.685248932210323,1.0225278629930978,-0.4227988772268966,0.5056428161914728,-1.7430615410585892,-2.142799706816568,-6.07793697192225,-7.585682534697261,0.5720050853068566,-3.3494803556875636,4.557324456513634,3.3492195656432653,-5.274174111080209,-4.44291158114326,11.078766122458768,4.119991235590367,1.2294165632980645,4.620099106011012,2.4303177481425093,-6.137842299225503,3.0462605318658644,-5.257265872052989,2.648944041213729,2.482695517559737
-0.016846524726130824,1.6096811161175804,-0.18494622912166703,-0.06094761396303209,-0.20776354428706548,-1.5195514249821938,0.8219833579513569,1.251383498340571,1.0236757090088726,-0.3803067984874514,1.673234674756742,1.4328875617285632,-0.5912989502574296,2.0525113423936108,0.45322063975930044,-0.8328245597595045,0.6698430548945132,-0.37224101812377797,2.3538752966883147,-0.2704228925882953,-0.2606456127557542,-1.049229713333991,1.225103920432097,1.129495964510774,-0.14692083858268484,1.5546061938114792,-0.44878294898967647,0.8963425774855738,0.7087281986914301,0.45852749769243134,-0.9149668499123217,-0.7543476286013352,0.6681709171640616,-0.03066501647526258,-0.31279295284784003,-0.26561642493018855,-0.29923598722665007,-0.560252602535859,-0.24574358331456236,-0.5300939343615155,0.07642858849827507,-0.5284579822826971,0.4019719771427667,0.7197243470017558,-0.5420905416737732,-0.5750337801007167,1.5132651905236634,0.8617680127064311,0.15308775489671747,0.9423372236015852,0.45297986130021384,-1.009425811892765,0.2212540891115617,-1.4318595165519037,0.21553378978154997,0.2540298564856316
-0.2500041708542858,-3.4419372983342678,0.39712489782895444,0.1553957102597715,0.615522386629081,3.116936369323459,-1.7109508823729493,-2.5846463419795453,-2.137156246574819,1.0353681222448003,-3.5667148484340583,-3.0949112057834465,1.0789232667041566,-4.085449819712969,-0.8328245597595045,1.559123493316324,-1.2412848152359743,0.9204158321095798,-4.586346603370937,0.5166631842480995,0.7879740380598378,2.291485688662808,-2.3457900749375797,-1.9364657378636547,0.2732839578089229,-3.3160968952046943,1.0918050939352764,-1.8539778204016775,-1.5534648319237527,-0.8864039524284927,1.908227311405031,1.7638408283735483,-1.4703318464120383,-0.04949390183101913,0.484132653983804,0.3320812976668297,0.5850593544829967,0.9933403737431239,0.904568806974267,1.4472260770684384,-0.1611650487593121,1.0584174837974556,-0.9883884135526796,-1.3306801247894273,1.2533604186763145,1.2245436527356246,-3.1662893031178148,-1.603448208724513,-0.3301782192190221,-1.7635952196675395,-0.8669190984009266,1.997818061124799,-0.5930942220232605,2.5191007011624382,-0.5487696498289918,-0.588292857331437
0.07750440168923507,2.5554899585541837,-0.2942075842009773,-0.10579806086941027,-0.39225221966521034,-2.364216757762206,1.2878730826597702,1.9534102632382306,1.6063399354213799,-0.6847514684210733,2.6525353168675037,2.2860653960246684,-0.8711685211668947,3.1480742539743383,0.6698430548945132,-1.2412848152359743,0.9938278929935223,-0.6363848891157625,3.5741072675877956,-0.40681552612470945,-0.4978305652005006,-1.6832923713590333,1.8452034790893128,1.6186030682912045,-0.2183038414911469,2.4650396750144496,-0.760620220085883,1.4002027172197635,1.1390624577564412,0.69371785308749,-1.4351284968980027,-1.2526687751068768,1.0760182928931967,-0.006653435518953175,-0.42923501507798056,-0.3357794723323126,-0.4552240485144095,-0.8149674130160333,-0.5283478824363763,-0.9559025671251401,0.12043663074802076,-0.812818461158071,0.6851262749964786,1.0667292734967888,-0.8949576977293039,-0.9110027542354893,2.377094473613845,1.2808677226225107,0.24410493276243558,1.4045196485273186,0.6821003151553688,-1.5439932147872764,0.39499860585140584,-2.0754362551178267,0.3741673864266192,0.4197785293281481
-2.304895198877874,-5.3170162506874545,0.6244493545783623,0.4071189595119345,2.0996002488302845,3.927926232644013,-2.329080636493272,-3.380866649193055,-2.9547458588954174,3.089862381747615,-5.437472276507676,-4.988339358922215,0.42304008603199905,-4.277495046028007,-0.37224101812377797,0.9204158321095798,-0.6363848891157625,2.257431134018345,-4.087487258536877,0.384413667364401,2.7641053514460387,3.862430423713891,-1.7875852313290026,0.22071306105626223,0.14745155707596896,-5.067642608350152,2.572910028186134,-2.4440137766775902,-2.655288224858991,-0.7389535050831242,2.62572435499868,3.737804968423716,-2.5513449400572563,-0.8493554785841733,-0.4914471089326936,-1.0685691994102564,0.5377677436619683,0.16301008886404644,3.940842029079298,4.340104729028036,-0.23294489954020825,1.15420566814542,-2.391241318626549,-0.6587086742202725,2.568286741262826,1.8570573134548303,-4.425064213769551,-0.8714578380367856,-0.5294450043013206,-1.0393236253250575,-0.6573586197718541,2.008701027037736,-1.721195990963777,0.2517889768999731,-1.4368445505365997,-1.211891849316091
2.471820635912336,12.769587070060538,-1.4821286899589745,-0.7106649947395546,-3.2081566317111156,-10.849968785515392,6.094690414115213,9.096489216820489,7.649934784400109,-5.04087534897302,13.174972472157318,11.648880690764015,-3.001898739024444,13.52065437100029,2.3538752966883147,-4.586346603370937,3.5741072675877956,-4.087487258536877,14.602930548208446,-1.5836431609768284,-4.168322888448562,-8.76134330852542,7.225216743476625,4.598682208090615,-0.7926248526673243,12.258237283375479,-4.763857960721047,6.540320253017485,5.969187006573701,2.7813791615524734,-6.820713814216114,-7.359589258410563,5.680579679955278,0.8060034472609676,-0.7985466464568637,0.040721178526325515,-1.8764048704996072,-2.581776752649783,-5.403257268271533,-7.062997553130076,0.5847844030203188,-3.5395340551139944,4.362650731078583,3.812593791898389,-5.158769561133521,-4.514988572441259,11.371742819905183,4.656387661457027,1.2406788784287224,5.1870556634335,2.6675397171466115,-6.544647076538326,2.8483233020438874,-6.416463151668598,2.5099528374263107,2.426683035052285
-0.18285662436380398,-1.2927870853609542,0.14967605914526325,0.0661671571986141,0.2844544826500111,1.1295770836246335,-0.6281173891865449,-0.9424417745825253,-0.786620140381631,0.45797781955074607,-1.3361899595360027,-1.1720893057296773,0.34757040988180266,-1.4401335414281864,-0.2704228925882953,0.5166631842480995,-0.40681552612470945,0.384413667364401,-1.5836431609768284,0.17490975045326315,0.3676935512249275,0.875587975943345,-0.7959160298223669,-0.5784573157632321,0.08993484210613495,-1.2430122723462327,0.45119151794923135,-0.6768673957990505,-0.595299341478815,-0.303679843224603,0.7017269447951116,0.7094048927432114,-0.565190035570212,-0.05437253374425847,0.1243967254549246,0.05136808165684183,0.20270408236582496,0.3094526786348588,0.4576559089949731,0.6411511028563524,-0.059832690430360734,0.3752835494465516,-0.4113142197333471,-0.4350228552623848,0.5000640392769096,0.45837302572342953,-1.167644210858459,-0.5278479126790456,-0.12489517139925042,-0.5842210395012678,-0.2939916715998843,0.7004278261063455,-0.26008337566550066,0.7774179603351964,-0.2334556149918059,-0.2349893394794101
-3.0200324392855915,-6.145591593205224,0.7238260950921149,0.501771082816717,2.639930190783003,4.375412845357296,-2.6339520117075517,-3.7942866509332998,-3.3508039844793354,3.8478537550187224,-6.2709716218260665,-5.804285895707262,0.2581924431241803,-4.566519354723517,-0.2606456127557542,0.7879740380598378,-0.4978305652005006,2.7641053514460387,-4.168322888448562,0.3676935512249275,3.4818807186062353,4.523994130714336,-1.7253903443125929,0.8508419300747048,0.11956689476293185,-5.847311716630872,3.1383619919424763,-2.746911197986186,-3.1163747019042494,-0.7370579815709007,2.974885136840569,4.507995385783073,-3.000698477090566,-1.1249040958974572,-0.7978905867380718,-1.5286402098215424,0.5533790239521174,-0.06625495838386622,5.026744704667235,5.406888407558904,-0.26643760841856096,1.245007347183986,-2.9242468214507826,-0.5021476174509645,3.085773126136469,2.140188936839097,-5.028170607547396,-0.7095262134192039,-0.6154768028406137,-0.8884435935405822,-0.6332636405519058,2.1218510415316043,-2.138746101087969,-0.3842368724956674,-1.7701468433054228,-1.456879547118015
-3.525970393365343,-9.868590739085345,1.1546876947166493,0.6900671075843566,3.44669250561407,7.638068915937097,-4.445851637634673,-6.514792103424381,-5.620029661584492,5.150753060734598,-10.12066344151961,-9.177222620187369,1.2726304430800153,-8.736349333297712,-1.049229713333991,2.291485688662808,-1.6832923713590333,3.862430423713891,-8.76134330852542,0.875587975943345,4.523994130714336,7.042453777577456,-4.037521655169132,-0.8492246118920492,0.3813061337465054,-9.427232696673736,4.428013841882526,-4.700804546253703,-4.828205989016881,-1.6186216536526514,4.999775891632414,6.540543311355029,-4.625718254752729,-1.2735858469134724,-0.42643257256440453,-1.3633824187063,1.1416831618590557,0.8401726654318652,6.317504920064443,7.230578513772985,-0.4385708021776097,2.3306460180906856,-4.099445205047149,-1.7701042365307922,4.519092511573862,3.4602680290564796,-8.395786874496109,-2.2466712423709225,-0.975096901487512,-2.5895405875183317,-1.4873347709095937,4.150523154402017,-2.879104749008235,1.8938553436479981,-2.435905020911842,-2.1305564622724176
0.8827216729899061,5.950458764345014,-0.6890968331343106,-0.30761293988377814,-1.3338228558675866,-5.1803878907607706,2.883991980516546,4.324620796512693,3.613435015959449,-2.13994475408166,6.149735890036639,5.399073843339709,-1.5733055294858955,6.585829735840702,1.225103920432097,-2.3457900749375797,1.8452034790893128,-1.7875852313290026,7.225216743476625,-0.7959160298223669,-1.7253903443125929,-4.037521655169132,3.624456132772227,2.593359355728917,-0.40782907735961155,5.71980515852284,-2.095541023245503,3.106634920819822,2.745777889489813,1.3845555489987655,-3.2236784008791703,-3.2875039108730135,2.60789813802452,0.2672869183518281,-0.5459065922097578,-0.20292787959252392,-0.9258712941737218,-1.3955600068084275,-2.161143960635139,-2.9960793309882785,0.27466104396363933,-1.7167412611350223,1.9116951948592635,1.9725771714571647,-2.3152640872690764,-2.108693538346914,5.364458827948543,2.394938976222639,0.5754583054149612,2.653566896339638,1.3386935110233493,-3.200835428548856,1.2143805298211885,-3.5005010119034203,1.0869225382219623,1.0883416176934007
-1.4063102402048289,1.660965055165016,-0.1828746853341007,0.0581601663695549,0.6172044620840503,-2.210112228667083,1.075354236184007,1.734113658701724,1.3072873883506566,0.6864901810208629,1.7791029030406398,1.3283450925506286,-1.5104332348296365,3.5901585224118615,1.129495964510774,-1.9364657378636547,1.6186030682912045,0.22071306105626223,4.598682208090615,-0.5784573157632321,0.8508419300747048,-0.8492246118920492,2.593359355728917,3.4906140773766046,-0.35040998054667777,1.6438543764357747,0.17855512015518377,1.2289352507297968,0.5463827325726538,0.9294907998176525,-1.1773905836856922,-0.04514902040554564,0.4868528946240761,-0.5910345767479235,-1.2198630791959593,-1.419029356326234,-0.573874816494481,-1.5710221294370112,1.5875931688757512,0.9764365488364648,0.09037501367126657,-0.8932789031855453,-0.21095809546825156,1.7538837233821232,-0.10177644739195965,-0.6183113434550014,1.898907820697804,2.051376351620021,0.14396297415486675,2.1922628073553794,0.9610076493502414,-1.8215531478131974,-0.3544213498092098,-4.112211296013244,-0.20410895840841065,0.0427545271708511
-0.026415099252228326,-0.5767139010046883,0.06645820624090272,0.024738494680477608,0.09387430973272531,0.5293992168812307,-0.2892475931361661,-0.4380207013723394,-0.3608695517666894,0.16145521282212294,-0.5981057119202263,-0.5169209844851554,0.19079769700730012,-0.7008741791827486,-0.14692083858268484,0.2732839578089229,-0.2183038414911469,0.14745155707596896,-0.7926248526673243,0.08993484210613495,0.11956689476293185,0.3813061337465054,-0.40782907735961155,-0.35040998054667777,0.04802858462732499,-0.5561070539446157,0.17580611541827992,-0.3140182625952793,-0.25820590925772124,-0.1535803065044781,0.3222692749858018,0.2873172754736759,-0.24406189726174798,-0.0020147134721717383,0.09112743090362706,0.06836527036522456,0.10091630996543823,0.17744757891859592,0.13103301003602713,0.22552328314073655,-0.027170227029981966,0.1812517044210387,-0.1586388289599308,-0.23421444492964752,0.20490565126319546,0.2054922718886577,-0.5342883889523994,-0.2816408845193309,-0.055150297755175215,-0.3090355276685877,-0.15074649002285645,0.34343829854463337,-0.09288025223080434,0.4514333569381993,-0.08722029517853654,-0.09610415026296137
4.4461334041907685,13.281160140159939,-1.5523014455876563,-0.9028973069324683,-4.4595000110996015,-10.417541485497432,6.032367587443551,8.863078550155803,7.61739754829738,-6.699502451969038,13.631164888201395,12.31851524126818,-1.9065320444705713,12.07409161476693,1.5546061938114792,-3.3160968952046943,2.4650396750144496,-5.067642608350152,12.258237283375479,-1.2430122723462327,-5.847311716630872,-9.427232696673736,5.71980515852284,1.6438543764357747,-0.5561070539446157,12.695930800315029,-5.82113717218939,6.391757408954139,6.457843681743148,2.2764839798761263,-6.778597051345016,-8.644063561142474,6.181430650684507,1.593269296025777,0.3806162432694449,1.588443401180211,-1.5932041771793013,-1.344245610289198,-8.10548330166667,-9.402867807965952,0.5929167771135366,-3.2117017775416996,5.382282927602042,2.599910882159414,-5.983236251132271,-4.6624038462641835,11.371735806375813,3.274005333328885,1.3091790680712865,3.7474247842204744,2.1079065055773283,-5.753775709893272,3.7491872049533232,-3.116124276420572,3.186516380148461,2.8199339506835357
-2.6022985207411904,-6.1061264551609,0.7168908860678807,0.463809772374423,2.3844781562155513,4.531487592099529,-2.6821757598714098,-3.8969249623305937,-3.401279704232849,3.5137172704707114,-6.245820672007665,-5.723925485215927,0.5147418452433606,-4.959462716445972,-0.44878294898967647,1.0918050939352764,-0.760620220085883,2.572910028186134,-4.763857960721047,0.45119151794923135,3.1383619919424763,4.428013841882526,-2.095541023245503,0.17855512015518377,0.17580611541827992,-5.82113717218939,2.9341812216586147,-2.816473416712184,-3.0433373404762385,-0.8632175003733178,3.0227116481703167,4.2687819770563005,-2.9233412250024413,-0.9572688330526475,-0.5354859782216308,-1.1904405482012654,0.625886943944707,0.21896136217647247,4.466432087836266,4.935252153189349,-0.2680109729746882,1.336798979598833,-2.7260083339755985,-0.7889468587399626,2.9347246161495937,2.1335868178543778,-5.0926546899120595,-1.0382595437117974,-0.6075161645410668,-1.2326276215529706,-0.7707631389998835,2.3319156749908996,-1.9578895669391814,0.37386827984467913,-1.6364474281637307,-1.384620090920341
1.9957026319233968,6.679289868787907,-0.7792814334190514,-0.43301783722336223,-2.0988475341197352,-5.350275395405522,3.072985067808601,4.533961097953912,3.8743731317475265,-3.182608843402854,6.8646446185139345,6.16911167965844,-1.1146266888135958,6.3271346139284255,0.8963425774855738,-1.8539778204016775,1.4002027172197635,-2.4440137766775902,6.540320253017485,-0.6768673957990505,-2.746911197986186,-4.700804546253703,3.106634920819822,1.2289352507297968,-0.3140182625952793,6.391757408954139,-2.816473416712184,3.267144152239617,3.215805047532438,1.2238992996975213,-3.449566499008532,-4.220484081528295,3.073775391538388,0.7045963335818644,0.036225829300597964,0.6006658790705316,-0.8472741709623972,-0.8479708180008418,-3.757838613076381,-4.465231805297275,0.300088757213794,-1.6753483628748882,2.598557011543327,1.4825371057835512,-2.92988958190855,-2.3490250349327653,5.777394177306335,1.8475655829925863,0.6560220202091198,2.095841510923841,1.1455251029411915,-3.028604514849109,1.7847016231388173,-2.023047302681548,1.5286934198048248,1.3802840285866063
2.4367408432953566,6.7608031312047245,-0.7911804783327289,-0.4746146079765752,-2.373940355450631,-5.222923608954042,3.0423295037055142,4.456432072654949,3.846356446123987,-3.54512711319724,6.932657998098946,6.2894558567350645,-0.8581383557734558,5.962672692679606,0.7087281986914301,-1.5534648319237527,1.1390624577564412,-2.655288224858991,5.969187006573701,-0.595299341478815,-3.1163747019042494,-4.828205989016881,2.745777889489813,0.5463827325726538,-0.25820590925772124,6.457843681743148,-3.0433373404762385,3.215805047532438,3.3105300775694495,1.1019291594144027,-3.4216856366352038,-4.491965733967684,3.1720723625932514,0.8810176263172773,0.30580324419030874,0.9514834483132031,-0.7780857564647857,-0.5604431707277894,-4.356056167551478,-4.976755593451452,0.30029523945158787,-1.5913956821182316,2.817992634527169,1.1972584154921722,-3.1029228554559896,-2.3702028592325055,5.746670425657213,1.521461589857875,0.6682297273932383,1.7554471182636395,1.0114250241992067,-2.831572104908144,1.9813014854803608,-1.2573078128428494,1.6753023702590073,1.462941606400072
0.41339620581585085,2.3701518803589696,-0.27482610654943984,-0.12787315684590977,-0.5682750149290506,-2.0348620852375867,1.1385971430969855,1.7028412609331567,1.428129219875325,-0.9003772383752404,2.4472675591707556,2.1571891069855957,-0.5866233926331157,2.5577780606944964,0.45852749769243134,-0.8864039524284927,0.69371785308749,-0.7389535050831242,2.7813791615524734,-0.303679843224603,-0.7370579815709007,-1.6186216536526514,1.3845555489987655,0.9294907998176525,-0.1535803065044781,2.2764839798761263,-0.8632175003733178,1.2238992996975213,1.1019291594144027,0.5312040926881904,-1.2737072860891985,-1.3421244487947022,1.047810222152533,0.13138854060933175,-0.17751785603837125,-0.029914034381823697,-0.3570452273063676,-0.5117369945500214,-0.942745826621848,-1.261155482826008,0.10885939200055937,-0.6682951273871078,0.7892946308803132,0.7407251402296677,-0.9425636039699484,-0.838783970507091,2.121725946110482,0.9022105353237758,0.2298492956890797,1.0027208611801948,0.5112670554052403,-1.2402327940908475,0.5096339959652542,-1.277082295969554,0.45189465807357304,0.4432801914913387
-2.192599438780826,-7.085898998720993,0.8271331029012051,0.46579830769634795,2.2717485833086393,5.641157500268234,-3.247606343746675,-4.785878226152667,-4.096658290069694,3.434945699454468,-7.279991505954177,-6.552736834288365,1.133638622594514,-6.632577636491037,-0.9149668499123217,1.908227311405031,-1.4351284968980027,2.62572435499868,-6.820713814216114,0.7017269447951116,2.974885136840569,4.999775891632414,-3.2236784008791703,-1.1773905836856922,0.3222692749858018,-6.778597051345016,3.0227116481703167,-3.449566499008532,-3.4216856366352038,-1.2737072860891985,3.6470893982886743,4.517383303511336,-3.2720235633121337,-0.7779994007301049,-0.08717764469328451,-0.6992926154468315,0.8846641665772339,0.8458498685525759,4.086618397225674,4.81974721015509,-0.3176162628264904,1.7583483993235383,-2.7907162780769608,-1.5179303714559913,3.133102113496637,2.4905604908122316,-6.110775997648402,-1.896860628428529,-0.6967692646357945,-2.157365969405441,-1.1884911481397844,3.1706166323693084,-1.9249943508984029,2.003187122142264,-1.6448397410184588,-1.4762909433095814
-3.676591945243654,-9.061899321534087,1.0628148027342312,0.6718970133438283,3.4276962312385506,6.810816557713724,-4.010645595109155,-5.842321802166816,-5.081327522785656,5.07060838019302,-9.276777444071637,-8.474496694162811,0.8841455279688144,-7.557048120318726,-0.7543476286013352,1.7638408283735483,-1.2526687751068768,3.737804968423716,-7.359589258410563,0.7094048927432114,4.507995385783073,6.540543311355029,-3.2875039108730135,-0.04514902040554564,0.2873172754736759,-8.644063561142474,4.2687819770563005,-4.220484081528295,-4.491965733967684,-1.3421244487947022,4.517383303511336,6.237579207169963,-4.311619382420206,-1.346232600670359,-0.6750265725674862,-1.6136885001915031,0.9646069343261536,0.45777992932261957,6.382830163547665,7.120866239309273,-0.39907685615261257,2.030176483025248,-3.9620508930375786,-1.3059039552337532,4.294266176798049,3.169522563482245,-7.602872407290635,-1.6958217956083228,-0.8998162382903326,-1.992431219428926,-1.2097998618472372,3.5648060058787894,-2.827875685492418,0.90657516151014494,-2.371542265478703,-2.025713533900263
2.3542859587612233,6.472112762967106,-0.7575126766770698,-0.45617248831832324,-2.28549520460197,-4.9899329821947624,2.9088436351320697,4.259235184582409,3.678233224175004,-3.4105296832213514,6.635929389561455,6.023196869784635,-0.8075109168845492,5.685248932210323,0.6681709171640616,-1.4703318464120383,1.0760182928931967,-2.5513449400572563,5.680579679955278,-0.565190035570212,-3.000698477090566,-4.625718254752729,2.60789813802452,0.4868528946240761,-0.24406189726174798,6.181430650684507,-2.9233412250024413,3.073775391538388,3.1720723625932514,1.047810222152533,-3.2720235633121337,-4.311619382420206,3.039822331590575,0.8521486150373361,0.30670964191480854,0.9286184265903897,-0.7408169051580635,-0.5211364359532532,-4.19869920393904,-4.787924644721367,0.2872493350951477,-1.5179948798499618,2.7073907797368846,1.130428212408465,-2.9775444741787673,-2.2685641389452167,5.496036157091711,1.438393097941964,0.6399330654211354,1.6615849559517741,0.9605729650022884,-2.6985304259490595,1.905763029559117,-1.1626646922521775,1.610370670501344,1.4039109401469057
1.0400669946762535,1.6810809383588272,-0.19920531361739463,-0.15576287091162297,-0.8502214921939878,-1.0979787796227949,0.6853941181418919,0.969632048139562,0.8779732617132272,-1.2187702917487753,1.7075649800219226,1.610781872682513,0.06802792098523998,1.0225278629930978,-0.03066501647526258,-0.04949390183101913,-0.006653435518953175,-0.8493554785841733,0.8060034472609676,-0.05437253374425847,-1.1249040958974572,-1.2735858469134724,0.2672869183518281,-0.5910345767479235,-0.0020147134721717383,1.593269296025777,-0.9572688330526475,0.7045963335818644,0.8810176263172773,0.13138854060933175,-0.7779994007301049,-1.346232600670359,0.8521486150373361,0.3940109379090674,0.3564916202357206,0.5944317190199184,-0.11072248628773958,0.17092774196230015,-1.658708140743393,-1.7136747779645183,0.07100189341203436,-0.2868678717775472,0.8962962374774623,-0.01837820537954566,-0.9145885515800865,-0.5814875472878259,1.3234350160118507,0.014983172638399529,0.1705631485904796,0.05525979053052276,0.09721429419316721,-0.46025386159000625,0.6748144374489832,0.5109521938542051,0.5498481072484943,0.4323769868086495
0.9007139388713576,0.42087775629630275,-0.053551190326538795,-0.09485078452700729,-0.5962450424346897,0.021163804655676674,0.06689716985053074,0.03860649736200602,0.10407860449736195,-0.8025270338138764,0.40318088344599673,0.47254500879792155,0.43209593219024034,-0.4227988772268966,-0.31279295284784003,0.484132653983804,-0.42923501507798056,-0.4914471089326936,-0.7985466464568637,0.1243967254549246,-0.7978905867380718,-0.42643257256440453,-0.5459065922097578,-1.2198630791959593,0.09112743090362706,0.3806162432694449,-0.5354859782216308,0.036225829300597964,0.30580324419030874,-0.17751785603837125,-0.08717764469328451,-0.6750265725674862,0.30670964191480854,0.3564916202357206,0.5028206254138814,0.6766977045616605,0.09456190234357895,0.5006000549795468,-1.2640701035646036,-1.1313684826509238,0.012505482933677356,0.08857648451197679,0.512875149547929,-0.47081020000350093,-0.4399298775040291,-0.13411054797356325,0.17577651977590422,-0.5319968206591654,0.04914165464434591,-0.5486157738103236,-0.20322730261354466,0.24434586898064722,0.437591131897184,1.3425924018862414,0.33431166542241303,0.20936130617384166
1.5387197517380178,1.690633398228751,-0.20320189105545977,-0.19988611483080135,-1.1501023879604293,-0.8763265719140141,0.6089170177775176,0.8181256128383783,0.7938098646096058,-1.6084240690155647,1.698026199325784,1.6733741999980094,0.3878771156446393,0.5056428161914728,-0.26561642493018855,0.3320812976668297,-0.3357794723323126,-1.0685691994102564,0.040721178526325515,0.05136808165684183,-1.5286402098215424,-1.3633824187063,-0.20292787959252392,-1.419029356326234,0.06836527036522456,1.588443401180211,-1.1904405482012654,0.6006658790705316,0.9514834483132031,-0.029914034381823697,-0.6992926154468315,-1.6136885001915031,0.9286184265903897,0.5944317190199184,0.6766977045616605,1.004191374873915,-0.016906503704350904,0.5244707915090878,-2.321201581947238,-2.2639039622968173,0.06754559546725596,-0.165231525809347,1.123383896629877,-0.37731428438685266,-1.0821022184429894,-0.5761489934895743,1.2112543866971526,-0.39706189927790575,0.17640108722709147,-0.37752947697698425,-0.0773995719670069,-0.18618788544123668,0.8853591894004557,1.4486187948308828,0.7044191205475108,0.5125210366385564
