V1,V2,V3,V4,V5,V6,V7,V8,V9,V10,V11,V12,V13,V14,V15,V16,V17,V18,V19,V20,V21,V22,V23,V24,V25,V26,V27,V28,V29,V30,V31,V32,V33,V34,V35,V36,V37,V38,V39,V40,V41,V42,V43,V44,V45,V46,V47,V48,V49,V50,V51,V52,V53,V54,V55,V56
642.2288759955346,1842.5779264137636,-215.54793807926606,-127.4393281447675,-633.8725948415193,-1433.645220315511,832.7251785983052,1221.5234104500885,1052.2215667492994,-949.1826300980586,1890.3124794315788,1711.7606170782824,-248.1374031953525,1648.3798131651392,203.60851912042602,-440.34532218633456,325.0474964099907,-714.1666012315304,1661.085333432448,-167.0156933165876,-831.6467970968754,-1312.2114960609867,769.3848015887513,185.64459909636165,-73.43977299243615,1760.6670032977158,-819.2918079351819,881.1907705778813,899.2790437031903,307.52190086865033,-936.1898982052365,-1212.6381905724859,861.3527176589116,231.29019070230908,69.23332377045821,241.19453123308588,-216.32576576842584,-168.4574789055418,-1158.1669303216727,-1332.338885393984,82.07518697306602,-439.11430965476796,758.163650924971,342.2048431690398,-838.4958937345706,-646.3727646825832,1571.5710303395783,432.9635164604104,181.88894756329333,497.67352564383907,283.4849078359072,-784.05914575509,530.790212017487,-384.2468778277911,449.79848578243815,395.2511197640028
1842.5779264137636,5287.198725878873,-618.4431560317992,-366.13538525483966,-1818.8091391991825,-4113.5597590830985,2389.880630040518,3505.347665375073,3019.214454050809,-2723.3959014665224,5423.055227132337,4912.018443805766,-711.8689501955569,4729.26843276254,584.3289615815753,-1264.1744241534175,932.7709049001821,-2048.803190615023,4766.491002594588,-479.42396863523817,-2386.4108741525506,-3764.8422448970123,2207.3887912870982,533.232713980726,-211.15640906397974,5052.417147021431,-2351.0339249851127,2528.55752556878,2580.3217766621674,882.2292242888874,-2685.8825041915657,-3479.088277027143,2471.0940872137357,663.1668837172729,198.30600190573062,692.4126185349222,-619.920598966457,-482.86939650944686,-3322.841824819102,-3822.910395410391,235.72992300084678,-1260.6020316550591,2175.382190457038,982.0648254943546,-2405.809784682068,-1855.0549362126824,4509.452374087104,1242.844669848003,521.786959800702,1427.6909479428048,813.3009669071151,-2249.848475131488,1522.9668761799012,-1102.7885499825852,1290.9893177444308,1133.9002656309262
-215.54793807926606,-618.4431560317992,72.40503784312473,42.97484558378157,212.7563565918403,481.19450245934735,-279.6514652479177,-410.06186213319273,-353.0872691287526,318.54889642675676,-634.0964382625659,-574.6489773304091,83.29777627829775,-553.0902455680733,-68.37641842832792,147.9902802577782,-109.05639841026368,239.59033489768706,-557.5326083432691,56.21931266588699,279.15091189400727,440.26321832273896,-258.20619110091735,-62.568693696448484,24.705614312469113,-591.1195738697443,275.03506858278007,-295.695381952958,-301.69474410179635,-103.1257951294408,313.9495054525116,406.75165553316776,-288.95069585044286,-77.43038707408117,-23.188102157837356,-81.02269820921042,72.39559117591453,56.37707370745783,388.61785915396626,447.18505863085556,-27.739000920014142,147.46119794569597,-254.47488420855998,-114.7927028646336,281.4420754800294,217.10192690749744,-527.5360292025846,-145.44208598525017,-60.97441024646482,-166.84358133371654,-95.15278012867314,263.2257377748857,-178.12823957907202,129.0073661375214,-151.01671325097632,-132.56396873722974
-127.4393281447675,-366.13538525483966,42.97484558378157,26.355149479186952,125.96038046973462,284.6838434533853,-166.29885497068528,-243.12367505240604,-208.73413363336192,188.3566801600309,-373.51200791734624,-340.6779306032871,49.18299838963054,-326.3543481642471,-40.61373345373132,88.57735397971196,-64.44993652521818,141.19717942114542,-330.0402362631451,33.850469314662604,165.39687062303227,259.81280299400566,-152.45321652405465,-38.04974014933825,15.106909808239637,-350.6209543632244,163.0794900748697,-174.87547356308752,-178.14683030573548,-60.63062672443829,184.73557555819374,239.72682622370428,-170.24496161001724,-44.92102067454723,-13.35635343268205,-48.462517104115754,41.62054875929422,32.472869027998996,229.4966914686419,264.67756386492505,-17.114270765300684,87.95565779181983,-150.59257791307147,-67.83018379716981,166.4956665999083,129.19620418390224,-312.3612677824915,-86.75518265626404,-35.78836902839054,-97.89450550335724,-56.20099383685505,155.9894784666231,-105.3254958425134,76.5115391302766,-89.8020103035058,-78.02266322822722
-633.8725948415193,-1818.8091391991825,212.7563565918403,125.96038046973462,625.6845630832637,1415.0792147423724,-822.126458902197,-1205.8437853089285,-1038.608046155925,936.8690955560874,-1865.5409369044226,-1689.7544607533587,244.88516497316303,-1626.873195675361,-201.0066238628561,434.8700069845185,-320.8596178243252,704.8026206242242,-1639.6640724198326,164.9346310799927,820.9410944361123,1295.1148817533558,-759.3456765619451,-183.4264671581852,72.6265965277566,-1738.0551314223346,808.7683988432015,-869.8176587468217,-887.6249507322774,-303.4810869238999,923.9314796719966,1196.8082471416908,-850.0651300720136,-228.13020775806208,-68.23332061690421,-238.19705773956682,213.25765467937302,166.09946737661096,1143.085664580312,1315.1102095589,-81.10791435796568,433.6333769924209,-748.348146938902,-337.8106305944932,827.618409981616,638.1504532005515,-1551.2711464063364,-427.5285734131989,-179.49176789067724,-491.1080804668172,-279.7800180616032,773.9543752716489,-523.9102788016669,379.3367040717431,-444.1002054203354,-390.0637970772166
-1433.645220315511,-4113.5597590830985,481.19450245934735,284.6838434533853,1415.0792147423724,3200.5548141583854,-1859.2261547658081,-2727.155941236249,-2349.054479418162,2118.93559711817,-4219.70158647117,-3821.58483511026,553.938900735708,-3679.7923917331564,-454.606429073589,983.3370681872591,-725.7110277063258,1594.1879064429127,-3708.461422237609,372.9489742955389,1856.6385630543414,2929.3203000627163,-1717.5697225602005,-414.72439082589796,164.1142383080087,-3930.801063033826,1829.0978078354713,-1967.2686477335872,-2007.5823393752485,-686.4793426752318,2089.859940562992,2706.9897611780943,-1922.769134182221,-516.143087037995,-154.41022678486348,-538.5548960436779,482.64735527043047,375.91203464104046,2585.387359060762,2974.346939179168,-183.32805759197632,980.5450266404949,-1692.5384402239947,-764.0366735400845,1871.856154916487,1443.1548634159901,-3508.5134397404004,-966.8007393606151,-406.0124767472625,-1110.9435472155387,-632.8422276156358,1750.4487256513648,-1184.933058590688,857.9777263400564,-1004.2792108626961,-882.2941579453626
832.7251785983052,2389.880630040518,-279.6514652479177,-166.29885497068528,-822.126458902197,-1859.2261547658081,1080.9016349494207,1584.771560688972,1364.4527345794713,-1230.8083114354513,2449.6463731230483,2220.709902386466,-321.6740864474144,2136.7577534360544,264.2447418036591,-572.2635891289968,421.5196548892627,-925.5260381220385,2154.492492664537,-217.21656974298043,-1078.7973695985436,-1701.0282702043967,997.4289317376736,241.92898726396027,-95.85078582429342,2284.3452616614572,-1062.913755108924,1142.7696054578923,1165.9172539825527,398.409347076343,-1213.0521959087278,-1571.634496026791,1116.253183639609,298.9522391313827,89.31987566237633,313.3976627081144,-279.1449390795761,-217.48336405891618,-1501.463479384989,-1727.9455836395114,107.17344202580767,-570.3605204769917,983.2495770978796,443.7810392944316,-1087.3575830607015,-839.0950178548145,2038.3846705405501,562.3466916787355,235.57983455030674,644.5624209501544,367.518429078707,-1017.105591422181,688.2847953809091,-498.6013346027481,583.8764220394497,512.1350477513001
1221.5234104500885,3505.347665375073,-410.06186213319273,-243.12367505240604,-1205.8437853089285,-2727.155941236249,1584.771560688972,2324.154614484197,2001.578465729644,-1805.472154351638,3594.6244182643263,3256.801946775335,-471.9063182701471,3134.9930289328213,387.46165747762063,-838.5430178207625,618.3754984726942,-1358.0541212571422,3160.122419208764,-318.08669561206216,-1582.2105165256505,-2495.6920817008795,1463.3010685579072,353.9576093629444,-140.2014754600745,3349.964409180643,-1558.8082867865637,1676.330421046724,1710.5304770530622,584.7331949134885,-1780.2388376791307,-2306.1388825910544,1637.9575351668493,439.28360517762013,131.3101018952276,459.26513572084605,-410.47696098160634,-319.7612671090449,-2202.7494907287796,-2534.503071730848,156.5707504495586,-836.0465862787172,1442.2191230215,651.0527815199993,-1594.9628159078293,-1230.1560524616687,2989.72760126458,824.2714108414256,345.80945640884806,946.1811514410751,539.1527693281957,-1491.6870008931833,1009.6495558581707,-731.2071687191839,856.0772728443806,751.5686394021903
1052.2215667492994,3019.214454050809,-353.0872691287526,-208.73413363336192,-1038.608046155925,-2349.054479418162,1364.4527345794713,2001.578465729644,1724.226824034829,-1555.240989226535,3097.466494951199,2804.784338414671,-406.5280957861524,2700.9766673014233,333.62445463958557,-721.5581420840392,532.7157897385806,-1170.1679185727203,2721.885228946155,-273.5287348521425,-1362.6944808176256,-2150.1837216028307,1260.6262909192458,304.10420538362007,-120.441114726517,2884.875775544479,-1342.447184551323,1444.0076165311839,1473.6778112912887,503.95079287418764,-1534.2006686592583,-1987.1259292782572,1411.3848261381838,379.0366985856535,113.34771260367052,395.2368036679992,-354.41861831897626,-276.0568809056643,-1897.6730321835075,-2183.047515303477,134.318707113775,-719.6694034747785,1242.239331324107,560.8870596551751,-1373.832652958079,-1059.0588049991882,2575.037043692056,709.4978956377228,298.0846280982409,815.6137266452328,464.4549093215435,-1284.681305187959,869.7218065138393,-629.6988054500121,737.0917447043456,647.6739771612373
-949.1826300980586,-2723.3959014665224,318.54889642675676,188.3566801600309,936.8690955560874,2118.93559711817,-1230.8083114354513,-1805.472154351638,-1555.240989226535,1402.8892904726274,-2793.8989239189764,-2530.0291333298774,366.7248986595118,-2436.3150792178612,-300.9430193337144,650.8850242565807,-480.46719079064394,1055.5209066094787,-2455.165880223825,246.81815475091383,1229.1978507560796,1939.4742604070277,-1137.134116561095,-274.3867713512498,108.6046172053464,-2602.302663683546,1210.93955041139,-1302.4669199783843,-1329.2051419416873,-454.5342256980654,1383.7544400617292,1792.3337628792315,-1273.077332169458,-341.84362448614144,-102.27822632246685,-356.5194005671253,319.6752893285606,248.96521796074663,1711.761844449484,1969.2031462760476,-121.2661707886877,649.1068123966793,-1120.5614322790314,-505.8488709643087,1239.2780784579015,955.3542867408333,-2322.7951504038974,-639.9779518438037,-268.84573127212445,-735.6028474287997,-418.9727409916101,1158.846742002173,-784.5140791871701,567.9657975527502,-664.8559993105347,-584.1888275961575
1890.3124794315788,5423.055227132337,-634.0964382625659,-373.51200791734624,-1865.5409369044226,-4219.70158647117,2449.6463731230483,3594.6244182643263,3097.466494951199,-2793.8989239189764,5566.617051768817,5037.190551592328,-730.4566717511561,4853.220459697156,599.0465285258499,-1294.5083242806145,956.9881805167074,-2102.8938507246894,4889.039466035324,-490.485125740205,-2447.4388968664352,-3863.4430677143982,2265.029787138576,544.6902744018905,-215.50504417281908,5180.770872146768,-2410.8865490558865,2593.9352341997933,2647.65384307158,905.8380821641748,-2757.4107277529265,-3570.8909092369518,2536.423330472202,682.2567485311787,204.23610972420425,709.1008073374553,-638.6165609155601,-497.29061124424885,-3409.5131823764395,-3921.3001967754367,240.25234211642436,-1291.5261575234433,2231.425507728821,1007.5809561900046,-2467.9145839206335,-1901.24005686805,4625.228480354961,1273.3279278995496,535.883911415098,1466.3339036139814,834.4961207436621,-2307.3214115710716,1562.3945569103187,-1130.8162819965564,1323.2760072701728,1164.0586177781365
1711.7606170782824,4912.018443805766,-574.6489773304091,-340.6779306032871,-1689.7544607533587,-3821.58483511026,2220.709902386466,3256.801946775335,2804.784338414671,-2530.0291333298774,5037.190551592328,4563.739019351621,-661.3085424326522,4393.101835581626,542.9439688708768,-1174.998404711242,866.4966011622677,-1903.0769165242962,4428.23952150718,-445.757547925598,-2217.1425040811896,-3497.224742422431,2050.558356826412,495.98905774277915,-196.40646712946736,4694.294845561345,-2184.3454967254997,2349.0014901151903,2396.926391492275,819.3833312480475,-2494.6229517522906,-3231.5798029278358,2295.2974398999277,615.5868159484287,184.05265123760586,643.5352603138966,-575.2692134085726,-448.11038314170213,-3086.746865640731,-3551.616466577966,219.43050078834582,-1171.4676626438568,2020.9990398826887,912.2676934278577,-2235.0537232824304,-1723.8066690554306,4189.520860706305,1155.0009183667053,484.57799950966427,1325.8690806996844,755.5375705527755,-2090.3069024897213,1414.8270525667078,-1024.6051256563544,1199.5762875078012,1053.1792703931271
-248.1374031953525,-711.8689501955569,83.29777627829775,49.18299838963054,244.88516497316303,553.938900735708,-321.6740864474144,-471.9063182701471,-406.5280957861524,366.7248986595118,-730.4566717511561,-661.3085424326522,95.91869426437425,-636.9756469820035,-78.66975696128138,170.0676188644253,-125.58313198482642,275.96756381163965,-641.7885799865317,64.52790118137942,321.2712633255737,507.02238015252647,-297.3354854415385,-71.72401597058732,28.307782351401503,-680.2057017154987,316.5007840562224,-340.4344420510962,-347.4244563740276,-118.84001783550328,361.7373867652499,468.53073374340244,-332.8443198209811,-89.40468780500552,-26.784821219887643,-93.10942923274195,83.6986742962618,65.17349683808808,447.47572822101966,514.738352504071,-31.702618302054226,169.561335027614,-292.92358244942193,-132.1981040277941,323.9798356084562,249.69074058728086,-607.2043400022958,-167.2329959703666,-70.28353192214601,-192.3355237628758,-109.5629218693951,302.9421201608734,-205.07031611545048,148.48198795469492,-173.7162026315946,-152.72835356727316
1648.3798131651392,4729.26843276254,-553.0902455680733,-326.3543481642471,-1626.873195675361,-3679.7923917331564,2136.7577534360544,3134.9930289328213,2700.9766673014233,-2436.3150792178612,4853.220459697156,4393.101835581626,-636.9756469820035,4231.679749562974,522.5166843941075,-1129.5493461899734,834.4685955001744,-1833.4483387393573,4263.5857629182065,-428.1731687045545,-2134.3955704189902,-3368.623992426295,1975.060055630271,475.7678700148842,-188.20919408471192,4518.463358579355,-2102.612176254036,2261.9303254860597,2308.5666287190957,789.6682767657518,-2403.8430073857185,-3113.2811276909474,2211.395933701086,594.3380940158027,177.880648169118,618.6636938095954,-556.1383593057946,-433.1007815175221,-2972.929260089487,-3419.5900959733126,210.03817280179382,-1126.6722336948599,1945.9245994067244,878.5566369392371,-2152.1393341443277,-1658.4752051123191,4033.5961826299495,1110.862021055522,467.1055587999563,1278.1463953173036,727.6898590058067,-2012.2883163025679,1362.4195859169188,-986.2794137080358,1154.2052321748135,1014.8226828601386
203.60851912042602,584.3289615815753,-68.37641842832792,-40.61373345373132,-201.0066238628561,-454.606429073589,264.2447418036591,387.46165747762063,333.62445463958557,-300.9430193337144,599.0465285258499,542.9439688708768,-78.66975696128138,522.5166843941075,64.60685549194413,-139.8731549029806,103.0697456191497,-226.3272537291169,526.7930145246506,-53.090295164213344,-263.75193855894673,-415.9474881297133,243.9129178468196,59.12195192720143,-23.40287207110787,558.4969730621041,-259.866044509406,279.4143500021352,285.0832964734291,97.43589359096451,-296.64624899979447,-384.31284982031514,272.97085430098,73.13777162519723,21.858763807745323,76.58666786411047,-68.32713382365807,-53.23298347804163,-367.1316047503658,-422.48237306211587,26.17699835571167,-139.40972456728275,240.40911524462854,108.51023095061116,-265.87133038427277,-205.12782272934172,498.3959931520991,137.46440789053725,57.61380105871248,157.64734409095445,89.87469550447662,-248.68644410100788,168.29032386212552,-121.91869023872972,142.7281497825839,125.24006200995659
-440.34532218633456,-1264.1744241534175,147.9902802577782,88.57735397971196,434.8700069845185,983.3370681872591,-572.2635891289968,-838.5430178207625,-721.5581420840392,650.8850242565807,-1294.5083242806145,-1174.998404711242,170.0676188644253,-1129.5493461899734,-139.8731549029806,303.37553617511776,-222.91171848014213,489.1249965279065,-1139.6632285880369,115.27443491692726,570.7280876224497,899.2248030255419,-527.3338778239842,-128.66868239042384,51.04110255667281,-1208.7869667918237,562.411127796687,-604.3787089782543,-616.4314982714902,-210.46857350553776,640.9196398162716,830.6181946437212,-589.9027477601795,-157.51181245462706,-46.97714510911133,-166.1060550790749,146.81429106224365,114.43934845864952,793.8132456570589,913.9608741608755,-57.1444070034846,302.16613882520215,-520.0529327054918,-234.6832556021,575.0782277868718,444.3006375684888,-1078.2661281015091,-297.9211623620839,-124.40836066685935,-340.3797495071626,-194.31470398702422,538.1219885316417,-363.9852510535515,263.8684352684026,-309.1244083491897,-270.5925869336937
325.0474964099907,932.7709049001821,-109.05639841026368,-64.44993652521818,-320.8596178243252,-725.7110277063258,421.5196548892627,618.3754984726942,532.7157897385806,-480.46719079064394,956.9881805167074,866.4966011622677,-125.58313198482642,834.4685955001744,103.0697456191497,-222.91171848014213,164.60867087366134,-361.5141484740756,840.9337779831561,-84.46144900108516,-420.9857782636095,-664.3066918691345,389.45631885871336,93.9175285927186,-37.227612417372484,891.2262541762494,-414.72894973210305,446.14868290168675,455.3264962779786,155.7141779634941,-474.04763018176965,-613.9589431748836,436.0509584419714,117.1281568847904,34.9984198881521,122.09984269525523,-109.50593978378599,-85.3109079141747,-586.2624328571574,-674.4143136283535,41.44336579573663,-222.36357273281683,383.76475341769833,173.32679872438138,-424.41201361242474,-327.1605083885329,795.5172212638164,219.20022288029443,92.1081758519477,252.03156636808845,143.4800598370883,-396.8792534140321,268.6916520422238,-194.5660505194209,227.72770321748354,200.10863728165182
-714.1666012315304,-2048.803190615023,239.59033489768706,141.19717942114542,704.8026206242242,1594.1879064429127,-925.5260381220385,-1358.0541212571422,-1170.1679185727203,1055.5209066094787,-2102.8938507246894,-1903.0769165242962,275.96756381163965,-1833.4483387393573,-226.3272537291169,489.1249965279065,-361.5141484740756,794.4276213048722,-1847.0372397879587,185.3758496220154,924.6464566306017,1459.5244502324733,-855.7027577131519,-205.87405160071097,81.42826225874717,-1957.3451198014154,910.8462445972266,-979.9385020320103,-1000.2058282132533,-342.1784084997125,1041.6130987303309,1348.9590656800037,-958.1907513591962,-257.6751340304744,-77.15451946926119,-267.92704326485295,241.18635198464503,187.8014954572768,1288.07352309686,1481.465703517103,-90.85478625298845,487.9471275675819,-843.0337566715571,-380.6136355192817,932.38201547459,718.3448394676707,-1747.4163547645476,-481.0921491861968,-202.4214680012224,-553.877991898546,-315.2717275643425,871.7196689025587,-590.2603704033461,427.2074891005301,-499.94265087273243,-439.73693463962474
1661.085333432448,4766.491002594588,-557.5326083432691,-330.0402362631451,-1639.6640724198326,-3708.461422237609,2154.492492664537,3160.122419208764,2721.885228946155,-2455.165880223825,4889.039466035324,4428.23952150718,-641.7885799865317,4263.5857629182065,526.7930145246506,-1139.6632285880369,840.9337779831561,-1847.0372397879587,4297.119537660242,-432.19543830189167,-2151.353657482488,-3394.0885203969465,1990.0439133527577,480.73816914394223,-190.34685191435338,4554.8090116345375,-2119.468201608063,2279.5470891596974,2326.2114763246805,795.3699235022691,-2421.411050400413,-3136.4729170238707,2227.7551602754297,597.8752983926303,178.76837421885654,624.1735810247817,-558.9213003569445,-435.37240184453464,-2995.569582094882,-3446.378151317951,212.48992800540086,-1136.4350804084495,1961.1279905721449,885.3752027544108,-2168.8688154028596,-1672.3368972410265,4065.348267982097,1120.4476743246248,470.4098620090068,1287.147458087166,733.2209856170874,-2028.2871599499879,1372.9687180139395,-994.2404208684051,1163.8208591194743,1022.2400786075654
-167.0156933165876,-479.42396863523817,56.21931266588699,33.850469314662604,164.9346310799927,372.9489742955389,-217.21656974298043,-318.08669561206216,-273.5287348521425,246.81815475091383,-490.485125740205,-445.757547925598,64.52790118137942,-428.1731687045545,-53.090295164213344,115.27443491692726,-84.46144900108516,185.3758496220154,-432.19543830189167,43.942954580582466,216.46893911555148,340.81895493458757,-199.96836852486982,-49.12353957606471,19.39663418192074,-458.64857074868377,213.35193869244878,-229.0976721331472,-233.57618907930993,-79.69782210273473,242.69471538157015,314.6681812665415,-223.53586735437304,-59.48688637577137,-17.782016896257424,-63.06914513403863,55.44036669817452,43.20013679666936,300.9358226012311,346.6329140957189,-21.9392413485836,114.64682289667533,-197.24854365293066,-88.88470760123867,218.13104923552356,168.69571431677105,-409.01151069521904,-113.11384098528778,-47.08102791766134,-128.82049381390564,-73.71094530132055,204.168154436565,-138.0118426711747,100.09444800851934,-117.27123469075518,-102.49785046532128
-831.6467970968754,-2386.4108741525506,279.15091189400727,165.39687062303227,820.9410944361123,1856.6385630543414,-1078.7973695985436,-1582.2105165256505,-1362.6944808176256,1229.1978507560796,-2447.4388968664352,-2217.1425040811896,321.2712633255737,-2134.3955704189902,-263.75193855894673,570.7280876224497,-420.9857782636095,924.6464566306017,-2151.353657482488,216.46893911555148,1077.1563677857612,1699.160326153822,-996.2341210139696,-240.79834095105758,95.38265571061616,-2280.5375790401818,1061.2005674341447,-1141.2521905986373,-1164.5808987704304,-398.13027154940727,1212.1193213179054,1570.1563478872406,-1115.21925609232,-299.19197507283445,-89.45749346392977,-312.6178449608452,279.60777008352505,217.79386187542914,1499.7187605009576,1725.50120541751,-106.49818247733113,569.0831820494184,-981.8683261074445,-443.23367340662935,1085.859826473992,837.3904194229115,-2035.3679809430328,-561.0525604134926,-235.46592751608426,-644.2499487681704,-367.0590205127126,1015.4937954629197,-687.3875923763343,497.73885601555025,-582.7657976878334,-511.7260798795103
-1312.2114960609867,-3764.8422448970123,440.26321832273896,259.81280299400566,1295.1148817533558,2929.3203000627163,-1701.0282702043967,-2495.6920817008795,-2150.1837216028307,1939.4742604070277,-3863.4430677143982,-3497.224742422431,507.02238015252647,-3368.623992426295,-415.9474881297133,899.2248030255419,-664.3066918691345,1459.5244502324733,-3394.0885203969465,340.81895493458757,1699.160326153822,2681.6454356256972,-1572.2072248865122,-378.6928077005648,149.88630259440498,-3597.0070423720326,1673.8497893485371,-1800.6862976999003,-1837.8250925037153,-628.6220237622438,1913.6466123974649,2478.4166377603588,-1760.3954088627315,-473.1290410322991,-141.57484289702617,-492.56320886362954,442.64318089247865,344.721467532686,2366.6610411171005,2722.242003544801,-167.16999061464116,896.99138349741,-1549.0825196569886,-699.4239267439033,1713.2220307251278,1320.2666932582256,-3210.9852605556475,-884.345785234912,-371.8540743392262,-1017.4778288574764,-579.2513880450124,1601.8884269378502,-1084.5866462800711,785.1160359789764,-918.8852337439341,-807.8668342499465
769.3848015887513,2207.3887912870982,-258.20619110091735,-152.45321652405465,-759.3456765619451,-1717.5697225602005,997.4289317376736,1463.3010685579072,1260.6262909192458,-1137.134116561095,2265.029787138576,2050.558356826412,-297.3354854415385,1975.060055630271,243.9129178468196,-527.3338778239842,389.45631885871336,-855.7027577131519,1990.0439133527577,-199.96836852486982,-996.2341210139696,-1572.2072248865122,921.8681387709187,222.24799992246597,-87.86265200449256,2109.111912432593,-981.4215784182531,1055.7040481228767,1077.4211844174908,368.5222567550084,-1121.8125500794338,-1452.9526293691904,1032.0835423745514,277.2811882256123,83.00620373372867,288.7861931988452,-259.4688382559223,-202.0621440855737,-1387.5509126100228,-1596.097638451554,98.17232798372962,-525.8968595396666,908.2709024843674,410.01274291868515,-1004.532238833842,-774.1940413160496,1882.7356481284628,518.5664169844706,217.97174464965414,596.4532354948835,339.66633555491404,-939.2909628790055,635.8935423142817,-460.37920773364954,538.7379219520358,473.6076865303334
185.64459909636165,533.232713980726,-62.568693696448484,-38.04974014933825,-183.4264671581852,-414.72439082589796,241.92898726396027,353.9576093629444,304.10420538362007,-274.3867713512498,544.6902744018905,495.98905774277915,-71.72401597058732,475.7678700148842,59.12195192720143,-128.66868239042384,93.9175285927186,-205.87405160071097,480.73816914394223,-49.12353957606471,-240.79834095105758,-378.6928077005648,222.24799992246597,55.12962125311853,-21.802740232139655,510.41306118964826,-237.39473920609342,254.74340697643206,259.59124153322676,88.46685294883086,-269.4461273349358,-349.4949521298875,248.250301018028,65.74299450611935,19.583823204014365,70.34817113132772,-61.107125682512866,-47.665478908028994,-334.40818775549786,-385.46686678359146,24.69791479623044,-127.82830034500843,219.33901479000826,98.83693244306119,-242.537504092216,-187.92245043486358,454.9350744961787,126.12961125926068,52.22954727914631,142.91993151134426,81.92972757403149,-227.1622752678048,153.42886939444298,-111.4509570496172,130.6076640129368,113.79317464034128
-73.43977299243615,-211.15640906397974,24.705614312469113,15.106909808239637,72.6265965277566,164.1142383080087,-95.85078582429342,-140.2014754600745,-120.441114726517,108.6046172053464,-215.50504417281908,-196.40646712946736,28.307782351401503,-188.20919408471192,-23.40287207110787,51.04110255667281,-37.227612417372484,81.42826225874717,-190.34685191435338,19.39663418192074,95.38265571061616,149.88630259440498,-87.86265200449256,-21.802740232139655,8.764701147039881,-202.09800875963703,94.03160601471252,-100.9292385403656,-102.8567898361343,-35.01069755892554,106.70356057667304,138.39183195966262,-98.2087951297164,-25.985231611930896,-7.663715288162263,-27.964534774935906,24.01035432942881,18.762273162611713,132.35259298673787,152.60307296626186,-9.72503695336706,50.797525672430005,-86.8102464936425,-39.21693697876683,95.95461097264796,74.430722083338,-180.05825830493538,-50.02553702096975,-20.68321834095312,-56.56474456724561,-32.36720627635336,89.89752235686665,-60.74285536935274,44.13075426223619,-51.8255255533014,-45.03396465201214
1760.6670032977158,5052.417147021431,-591.1195738697443,-350.6209543632244,-1738.0551314223346,-3930.801063033826,2284.3452616614572,3349.964409180643,2884.875775544479,-2602.302663683546,5180.770872146768,4694.294845561345,-680.2057017154987,4518.463358579355,558.4969730621041,-1208.7869667918237,891.2262541762494,-1957.3451198014154,4554.8090116345375,-458.64857074868377,-2280.5375790401818,-3597.0070423720326,2109.111912432593,510.41306118964826,-202.09800875963703,4828.633501652236,-2246.8324599364273,2416.084040921416,2465.3099611969974,842.7093489294432,-2565.656436407684,-3323.6919852168685,2360.735021915664,632.9770817318764,189.250320299221,662.0166162187373,-591.4700144300208,-460.7357402356298,-3174.856975542779,-3653.125479607468,225.88183074778593,-1205.0572468364312,2078.7622761768953,938.29044188498915,-2298.932159993229,-1773.2315472994846,4309.305217731248,1188.1463519873782,498.3547883265517,1363.5656881037323,777.1228342284114,-2150.1057153944175,1455.2391772320095,-1053.9247551445653,1233.9278876032727,1083.1806606558614
-819.2918079351819,-2351.0339249851127,275.03506858278007,163.0794900748697,808.7683988432015,1829.0978078354713,-1062.913755108924,-1558.8082867865637,-1342.447184551323,1210.93955041139,-2410.8865490558865,-2184.3454967254997,316.5007840562224,-2102.612176254036,-259.866044509406,562.411127796687,-414.72894973210305,910.8462445972266,-2119.468201608063,213.35193869244878,1061.2005674341447,1673.8497893485371,-981.4215784182531,-237.39473920609342,94.03160601471252,-2246.8324599364273,1045.5019275147374,-1124.303036748029,-1147.2404336208626,-392.16814378604164,1193.9797216945421,1546.712913335721,-1098.5693442253453,-294.61858219421856,-88.07831136071027,-308.04418448807905,275.2916724763782,214.44227570416723,1477.3962566107311,1699.9074403762525,-105.02892744742671,560.7330022773101,-967.3040195120789,-436.6416214531106,1069.7487649859302,825.0764901132436,-2005.2111792221563,-552.8327475131014,-231.9281680148274,-634.5740946015133,-361.6062670539167,1000.4713437718297,-677.1760042238577,490.39354516075326,-574.1759123752112,-504.07175272612557
881.1907705778813,2528.55752556878,-295.695381952958,-174.87547356308752,-869.8176587468217,-1967.2686477335872,1142.7696054578923,1676.330421046724,1444.0076165311839,-1302.4669199783843,2593.9352341997933,2349.0014901151903,-340.4344420510962,2261.9303254860597,279.4143500021352,-604.3787089782543,446.14868290168675,-979.9385020320103,2279.5470891596974,-229.0976721331472,-1141.2521905986373,-1800.6862976999003,1055.7040481228767,254.74340697643206,-100.9292385403656,2416.084040921416,-1124.303036748029,1209.3429466129217,1234.1752963889385,422.024290584428,-1284.810898190741,-1664.1279016798255,1181.945845825004,317.371069468791,94.88019554524355,331.05820358150885,-296.70320386358884,-231.1166145050792,-1589.222319892263,-1828.2588171793263,112.51749596450024,-602.7984759549707,1040.3440374858799,469.7513153846394,-1150.5384315795168,-886.9924878617661,2156.5448687886906,594.2577289585327,249.62435055556853,683.0116477121496,388.95061905333944,-1075.9032206607685,728.3690606833296,-527.3810864412978,617.3539253106218,542.3851240891413
899.2790437031903,2580.3217766621674,-301.69474410179635,-178.14683030573548,-887.6249507322774,-2007.5823393752485,1165.9172539825527,1710.5304770530622,1473.6778112912887,-1329.2051419416873,2647.65384307158,2396.926391492275,-347.4244563740276,2308.5666287190957,285.0832964734291,-616.4314982714902,455.3264962779786,-1000.2058282132533,2326.2114763246805,-233.57618907930993,-1164.5808987704304,-1837.8250925037153,1077.4211844174908,259.59124153322676,-102.8567898361343,2465.3099611969974,-1147.2404336208626,1234.1752963889385,1259.6175725292378,430.804402082285,-1311.5076432063267,-1698.574310773466,1206.407853562075,324.180189886868,96.9352016921999,337.6922079596248,-303.1656858765559,-236.1332551881336,-1621.9490689874062,-1865.7080489777331,114.56725711894437,-614.9496666222656,1061.6560863796071,479.4268086761816,-1174.1178220011311,-904.9220520647216,2200.655083957785,606.2099487386299,254.84292108658002,697.2892796815413,396.93981775995724,-1097.8595565281164,743.3252040645286,-538.1184799578185,629.8800571064041,553.643395600991
307.52190086865033,882.2292242888874,-103.1257951294408,-60.63062672443829,-303.4810869238999,-686.4793426752318,398.409347076343,584.7331949134885,503.95079287418764,-454.5342256980654,905.8380821641748,819.3833312480475,-118.84001783550328,789.6682767657518,97.43589359096451,-210.46857350553776,155.7141779634941,-342.1784084997125,795.3699235022691,-79.69782210273473,-398.13027154940727,-628.6220237622438,368.5222567550084,88.46685294883086,-35.01069755892554,842.7093489294432,-392.16814378604164,422.024290584428,430.804402082285,147.4262666582473,-448.7538634754214,-581.0761086256035,412.7347309198365,111.11818563798244,33.259535052544734,115.29431026984304,-104.04717908627126,-81.02328434936285,-554.7268269987911,-637.9153905757763,38.96889629564801,-210.04225432204004,363.00816863491514,163.95521514239465,-401.4833213859498,-309.19734089132777,752.4159370931295,207.0694373464796,87.22559845090726,238.6816174470767,135.76608131672353,-375.32903707297953,254.18600513973388,-183.95813316503006,215.22850228196134,189.4340401380638
-936.1898982052365,-2685.8825041915657,313.9495054525116,184.73557555819374,923.9314796719966,2089.859940562992,-1213.0521959087278,-1780.2388376791307,-1534.2006686592583,1383.7544400617292,-2757.4107277529265,-2494.6229517522906,361.7373867652499,-2403.8430073857185,-296.64624899979447,640.9196398162716,-474.04763018176965,1041.6130987303309,-2421.411050400413,242.69471538157015,1212.1193213179054,1913.6466123974649,-1121.8125500794338,-269.4461273349358,106.70356057667304,-2565.656436407684,1193.9797216945421,-1284.810898190741,-1311.5076432063267,-448.7538634754214,1366.0309607049935,1768.8895785463012,-1256.386810647875,-338.1436338469572,-101.17746434449222,-351.12809056854104,316.51100971196314,246.4856087876156,1688.7333175529454,1942.0778889261805,-118.7200470435877,639.6156345752128,-1105.1320134441967,-499.1485630814077,1222.240805006191,941.4320166619278,-2290.645329420365,-630.5204821609784,-265.50661162461773,-726.4956081651088,-413.2780252099258,1142.6560263247993,-773.8321788867507,560.0397698316891,-655.3482186939187,-576.6427819461418
-1212.6381905724859,-3479.088277027143,406.75165553316776,239.72682622370428,1196.8082471416908,2706.9897611780943,-1571.634496026791,-2306.1388825910544,-1987.1259292782572,1792.3337628792315,-3570.8909092369518,-3231.5798029278358,468.53073374340244,-3113.2811276909474,-384.31284982031514,830.6181946437212,-613.9589431748836,1348.9590656800037,-3136.4729170238707,314.6681812665415,1570.1563478872406,2478.4166377603588,-1452.9526293691904,-349.4949521298875,138.39183195966262,-3323.6919852168685,1546.712913335721,-1664.1279016798255,-1698.574310773466,-581.0761086256035,1768.8895785463012,2290.76545250385,-1627.0685544292903,-437.5817300812669,-130.9279032642283,-455.03815075402395,409.45214030131876,318.8683761164707,2187.2313453884967,2515.626231066374,-154.14628782735974,828.748342476898,-1431.5024818778857,-646.4455389558085,1583.181744107536,1219.780959020215,-2967.186462229363,-816.9965392028746,-343.76410051364763,-940.6082308124245,-535.290336727481,1480.1988545558681,-1002.3134110857394,725.4624724533195,-849.0430862818566,-746.7283552864582
861.3527176589116,2471.0940872137357,-288.95069585044286,-170.24496161001724,-850.0651300720136,-1922.769134182221,1116.253183639609,1637.9575351668493,1411.3848261381838,-1273.077332169458,2536.423330472202,2295.2974398999277,-332.8443198209811,2211.395933701086,272.97085430098,-589.9027477601795,436.0509584419714,-958.1907513591962,2227.7551602754297,-223.53586735437304,-1115.21925609232,-1760.3954088627315,1032.0835423745514,248.250301018028,-98.2087951297164,2360.735021915664,-1098.5693442253453,1181.945845825004,1206.407853562075,412.7347309198365,-1256.386810647875,-1627.0685544292903,1155.7231509750204,310.83458321407636,93.05617824095494,323.13149038053564,-290.9453297437401,-226.55568706438083,-1553.5761367725047,-1786.8038763058958,109.52187427601949,-588.5171183774893,1016.7859088751042,459.09784308093884,-1124.5467021718582,-866.3646788332802,2107.5659404917187,580.2342463336007,244.16514313104705,668.1044442707739,380.2505304371659,-1051.3780097139156,711.9239741225987,-515.2719222796782,602.9812199120038,530.3976806378879
231.29019070230908,663.1668837172729,-77.43038707408117,-44.92102067454723,-228.13020775806208,-516.143087037995,298.9522391313827,439.28360517762013,379.0366985856535,-341.84362448614144,682.2567485311787,615.5868159484287,-89.40468780500552,594.3380940158027,73.13777162519723,-157.51181245462706,117.1281568847904,-257.6751340304744,597.8752983926303,-59.48688637577137,-299.19197507283445,-473.1290410322991,277.2811882256123,65.74299450611935,-25.985231611930896,632.9770817318764,-294.61858219421856,317.371069468791,324.180189886868,111.11818563798244,-338.1436338469572,-437.5817300812669,310.83458321407636,84.19232852967188,25.266730370359284,86.33384231924173,-79.08132352288143,-61.534108864845436,-417.41107138274805,-479.57695561989925,28.783671666729333,-157.43441179442732,272.91721842491756,123.33917459036896,-301.87639344602775,-231.94131842674278,565.5379035440338,155.18162569490312,65.79194078813028,180.03780456535716,102.13484370393779,-282.00654200903347,191.16932684322467,-138.15514139987678,161.51805832938948,142.72741029271455
69.23332377045821,198.30600190573062,-23.188102157837356,-13.35635343268205,-68.23332061690421,-154.41022678486348,89.31987566237633,131.3101018952276,113.34771260367052,-102.27822632246685,204.23610972420425,184.05265123760586,-26.784821219887643,177.880648169118,21.858763807745323,-46.97714510911133,34.9984198881521,-77.15451946926119,178.76837421885654,-17.782016896257424,-89.45749346392977,-141.57484289702617,83.00620373372867,19.583823204014365,-7.663715288162263,189.250320299221,-88.07831136071027,94.88019554524355,96.9352016921999,33.259535052544734,-101.17746434449222,-130.9279032642283,93.05617824095494,25.266730370359284,7.641937078992355,25.73995456528506,-23.82658255302188,-18.50689448596764,-124.91726329900735,-143.45368237650953,8.596607046214222,-46.931176840645215,81.64869158939364,36.83195195168637,-90.33396259455436,-69.30801758370193,169.15807005943864,46.304030499582225,19.692273907438853,53.89148186010619,30.586521234248597,-84.3413478329057,57.18863938195767,-41.27154658066517,48.21959956652934,42.72590817127971
241.19453123308588,692.4126185349222,-81.02269820921042,-48.462517104115754,-238.19705773956682,-538.5548960436779,313.3976627081144,459.26513572084605,395.2368036679992,-356.5194005671253,709.1008073374553,643.5352603138966,-93.10942923274195,618.6636938095954,76.58666786411047,-166.1060550790749,122.09984269525523,-267.92704326485295,624.1735810247817,-63.06914513403863,-312.6178449608452,-492.56320886362954,288.7861931988452,70.34817113132772,-27.964534774935906,662.0166162187373,-308.04418448807905,331.05820358150885,337.6922079596248,115.29431026984304,-351.12809056854104,-455.03815075402395,323.13149038053564,86.33384231924173,25.73995456528506,91.00044983115104,-80.43386561062908,-62.69126019723046,-434.83542172349007,-500.61023277778366,31.225797697713613,-165.51227287865584,284.8411726012645,128.56236324760147,-314.96599417180005,-243.30625545409202,590.5437217795248,163.1373404586632,68.16498053218608,186.468028795415,106.40352407042732,-294.69398027027074,199.37636022123507,-144.47022078392365,169.3293588729537,148.2373317621555
-216.32576576842584,-619.920598966457,72.39559117591453,41.62054875929422,213.25765467937302,482.64735527043047,-279.1449390795761,-410.47696098160634,-354.41861831897626,319.6752893285606,-638.6165609155601,-575.2692134085726,83.6986742962618,-556.1383593057946,-68.32713382365807,146.81429106224365,-109.50593978378599,241.18635198464503,-558.9213003569445,55.44036669817452,279.60777008352505,442.64318089247865,-259.4688382559223,-61.107125682512866,24.01035432942881,-591.4700144300208,275.2916724763782,-296.70320386358884,-303.1656858765559,-104.04717908627126,316.51100971196314,409.45214030131876,-290.9453297437401,-79.08132352288143,-23.82658255302188,-80.43386561062908,74.53249055712469,57.947959365916205,390.4565790258836,448.3555262668917,-26.691600279609574,146.78610887303924,-255.17825863980286,-115.28594469070775,282.3051630340261,216.55646402384377,-528.7140367620746,-144.7609437421052,-61.616557189521174,-168.6519814784359,-95.58400777646199,263.60552544781683,-178.7613531605738,129.10312046869552,-150.754583651432,-133.6116662895077
