V1,V2,V3,V4,V5,V6,V7,V8,V9,V10,V11,V12,V13,V14,V15,V16,V17,V18,V19,V20,V21,V22,V23,V24,V25,V26,V27,V28,V29,V30,V31,V32,V33,V34,V35,V36,V37,V38,V39,V40,V41,V42,V43,V44,V45,V46,V47,V48,V49,V50,V51,V52,V53,V54,V55,V56
1.232049418058806,2.9787060616082974,-0.22761443139275628,-0.06922021698506813,-1.1951431514199016,-2.408356621104773,1.5080420562361465,2.067125967934046,1.5325398019288932,-1.5465269502785308,3.427267015858255,3.0356536240339187,-0.5650760762902267,2.881932844163208,-0.18793802592617734,-0.47363798664696144,0.5274121651463187,-1.4116616674204392,2.9159812141668477,-0.2735146584059507,-1.5185736131743781,-2.1526852647704238,0.8221152690429933,0.6308723452568643,0.2765957873826408,2.62367649157079,-1.655643492315166,1.4668263394923164,1.1225331466472916,0.8404118356032603,-1.258718222660456,-2.039517279563489,1.3253811188186255,0.33054283745641644,-0.07339066898199616,-0.008582126828782644,-0.006291138947199195,-0.44456261431228195,-2.0135078769374073,-1.8676914596158478,0.29264913616363913,-0.5520603610955158,0.995620790612238,0.3651936536169659,-1.282593442933766,-1.581663963148559,2.7452455281976684,1.1458265104760827,0.6261048310980941,0.7847234850590922,0.5042155553870872,-1.3653042942130071,0.6694390036746543,-1.3743194098094584,0.9555395965222202,0.5571870511910804
2.9787060616082974,8.987071195749618,-1.146068584025243,-0.7692893102436666,-2.949094874605726,-6.889726135416899,3.925527669996586,5.8691553034919846,5.270380425975613,-4.611138235588872,8.852724500568112,8.119841052234168,-1.0693543708204434,7.8093686919536065,1.4388600591991507,-2.3655720900674164,1.5751760235064467,-3.2475515827219446,7.88670762318992,-0.8158563106994938,-3.8937910171700065,-6.350319466190706,4.105642991131755,0.6337551359718824,-0.7143294812276264,8.790011757617203,-3.711866122255441,4.253913330883481,4.656967789197572,1.1913389195913158,-4.753024341257008,-5.814533390103295,4.240934988478472,1.1460595585352342,0.48909218603593874,1.5373862668608351,-1.3451870761741986,-0.6361375977069361,-5.509843525558568,-6.748097410943492,0.2742526360479793,-2.278626267965381,3.898303891974122,1.8085946427423474,-4.1496508290539715,-2.6921313964963054,7.492345740753542,1.7280345063161928,0.5869694579903375,2.4197070666340905,1.3327079544134877,-3.7226434167226854,2.7508096799534685,-1.196706991378224,2.00875254617293,1.9986083498605083
-0.22761443139275628,-1.146068584025243,0.2468429573936651,0.21623123567629762,0.24068613354804103,0.7990016032500195,-0.36946152087978895,-0.6714371671845754,-0.8080670402705445,0.5840071475513362,-0.812520353387126,-0.8173504333665642,-0.005615794083062365,-0.8019256006709821,-0.6069311833392358,0.49640711798005377,-0.19276811169723249,0.20249422611769258,-0.8012756087980063,0.10225017710123739,0.36108532348191663,0.7813477996055654,-0.8610968414526674,0.2022189277979618,0.41853707594922895,-1.307957052277798,0.20541244269806846,-0.5047028096477156,-0.8663752031966668,0.1365856692592091,0.8094344312169316,0.675637548097338,-0.5934153859959522,-0.18096197565162658,-0.21941510383659496,-0.5349353721146162,0.4466956999087461,-0.07172638659058757,0.5952652345148263,1.106373252256531,0.09361890781236214,0.4222132199607628,-0.6907801945936283,-0.37909114538232386,0.591775315291489,-0.0964470190373975,-0.7844394093858658,0.15187425152170175,0.20067638007837207,-0.3126503967440573,-0.12832323921229227,0.3901424473830982,-0.5096678861686958,-0.4851391788384149,-0.0722373621324791,-0.3212779636041437
-0.06922021698506813,-0.7692893102436666,0.21623123567629762,0.26195905490073884,0.08359358810712668,0.4640321797486919,-0.19033393537639534,-0.4048318952161568,-0.609094926326842,0.37128414436782264,-0.27764744072019854,-0.43265035059584794,-0.08252561347930801,-0.36781920685281827,-0.6586536252478977,0.4823961582387815,-0.11789719332588922,-0.016441425927162957,-0.4126928354626292,0.08474464648404528,0.14670922690984411,0.46692167394889544,-0.7625313251279248,0.2538887811830292,0.4962542610103829,-1.0103715888393778,-0.014791385456805764,-0.30644705426838525,-0.7132424990140758,0.27780145867055256,0.6056240348604945,0.35689611588280784,-0.3935152295454374,-0.1008490593512774,-0.21819808755756293,-0.5766330402175273,0.4325449864469273,-0.18764224918327405,0.2986563411173802,0.8792424878049917,0.11114495767329355,0.37316170332783244,-0.5739842023180599,-0.3181933698032049,0.42619535938283776,-0.3046925044362717,-0.4346557639047255,0.2992124183517542,0.31525610645344465,-0.17563454021448266,-0.051454479150031075,0.20146072700796414,-0.427939923696065,-0.7092166863299544,0.04090896504792811,-0.2449980692326737
-1.1951431514199016,-2.949094874605726,0.24068613354804103,0.08359358810712668,1.1664589327612072,2.382439836169229,-1.4885435871298809,-2.0469544636990022,-1.5300815553849252,1.52874545676544,-3.349436342427627,-2.9880455562221866,0.5438619271772063,-2.8342623998161276,0.1386361888472355,0.5000789413094602,-0.5237745077507089,1.3702758524055068,-2.8733173074131946,0.27753831798492296,1.4935597527851339,2.124036818547871,-0.8493015087098241,-0.6074805013675598,-0.23759784145084875,-2.623102552423907,1.6130616181903945,-1.4485605684159093,-1.1382337214628961,-0.800589295838523,1.2631168000692383,2.0068166142000847,-1.3121799769281715,-0.32388888231461016,0.059597762758504966,-0.026659421736222825,0.020626910458939034,0.4252192052038807,1.9774809051467235,1.8710941358137478,-0.28194321164605735,0.5695258955417327,-1.0037803603985356,-0.38416983800478893,1.275155199816452,1.5280765652970605,-2.699952883775731,-1.1054394515074388,-0.5910941756629344,-0.7750101910781392,-0.49717867525229303,1.3517701947727014,-0.6771802435526189,1.3081724544733626,-0.9275205359000032,-0.551922898297088
-2.408356621104773,-6.889726135416899,0.7990016032500195,0.4640321797486919,2.382439836169229,5.3780240494088085,-3.1389709940727064,-4.586201169684971,-3.9173541399289853,3.5464790367388184,-7.09648167953452,-6.431803671011957,0.9448901065613805,-6.190946175064511,-0.7147768530418698,1.6353045955489922,-1.2203929388919497,2.689911135995053,-6.246514423461974,0.6318334290033212,3.129297521744269,4.906020175552686,-2.8383217241344267,-0.7429030564904726,0.2375408567872327,-6.566778961416748,3.0966037999592655,-3.3004711602174166,-3.328828479858883,-1.1839654290265642,3.4733848891946475,4.536749218653244,-3.2090516271441127,-0.8534783934580735,-0.23571285259048694,-0.8593464959522678,0.7615585173206759,0.65151011874431,4.336761363649307,4.946652475411473,-0.32743697188461324,1.6363384629073396,-2.808619201308675,-1.2712686569309222,3.125908468525732,2.477619841181596,-5.8967488931787955,-1.675011495631208,-0.7135174436228495,-1.8603482806137146,-1.068141419755735,2.952297283677055,-1.9627863267755348,1.5315428591382374,-1.7038435439727586,-1.4628714710009025
1.5080420562361465,3.925527669996586,-0.36946152087978895,-0.19033393537639534,-1.4885435871298809,-3.1389709940727064,1.9539734101465511,2.709562592882761,2.086062943183773,-2.0185693995009406,4.2609101001566145,3.90058058096623,-0.665011349049467,3.6669630868746568,0.006023753730103307,-0.7901279316440339,0.6969524607099875,-1.7078035416983373,3.753743652286752,-0.3918404729501593,-1.9293309581305569,-2.78611325011985,1.2709024481354663,0.7398029832205882,0.16014402071128256,3.5952380286743453,-2.0373786061367483,1.9080618084514998,1.6147033324375177,0.9317468077228586,-1.7323257879753318,-2.6023958830817966,1.740173449718836,0.4108183498625091,-0.030543043466073273,0.18759357835938853,-0.10206462290736867,-0.4800977011694165,-2.555147067524106,-2.582312852566252,0.3450302681541096,-0.8402538629572647,1.4120956868696097,0.5800368825560486,-1.717219543769956,-1.8710560992414793,3.5248744243178036,1.3443854176076855,0.6595252168466517,1.0126347803672928,0.6445852314319774,-1.7775278937446557,0.9604900623063836,-1.4967349789594704,1.165493996440075,0.7442726612412571
2.067125967934046,5.8691553034919846,-0.6714371671845754,-0.4048318952161568,-2.0469544636990022,-4.586201169684971,2.709562592882761,3.925464431298322,3.311891917683537,-3.016361462613834,6.035038704492623,5.518759027382783,-0.8189048869417178,5.268925564341386,0.5595580719293045,-1.3934882968619438,1.0368257396170963,-2.301311551836186,5.344437797442834,-0.5536708112279628,-2.6866766828216164,-4.161086310148387,2.364909792810242,0.6934901357591347,-0.17378345988351057,5.588577784638371,-2.6781236718228985,2.810912526503241,2.7893869317081204,1.032928261340339,-2.9033671234927114,-3.8445862001155695,2.7058683712906615,0.6988074897354015,0.17242336600630825,0.7034007339922558,-0.5822799448988224,-0.5498301431317566,-3.6938464892157117,-4.182737865959908,0.31358627637039427,-1.394021578965642,2.3674788890630163,1.0601068361878645,-2.652467336711612,-2.18283611777265,5.045913676482585,1.4892841558345529,0.6337538048888413,1.560173042881114,0.9116338106740102,-2.529361734973973,1.6492657527678602,-1.3858112901269783,1.4845706032194115,1.2259624822806006
1.5325398019288932,5.270380425975613,-0.8080670402705445,-0.609094926326842,-1.5300815553849252,-3.9173541399289853,2.086062943183773,3.311891917683537,3.297573384985931,-2.6955863288142776,4.768348422171791,4.425815909612983,-0.4293922466573935,4.314879418555132,1.4608912486711572,-1.6497300643746666,0.915442813263793,-1.6065486220422855,4.327774711144235,-0.4584200686036469,-2.0659276908187123,-3.696930435027074,2.9157909739949326,-0.05881012702948529,-0.8912923116858059,5.410168203195747,-1.7732631024526226,2.443104150297934,3.135951328260513,0.2868155799031115,-3.1061376826066613,-3.328931673773475,2.5812445303042764,0.7414386440292101,0.5194798633730289,1.3842938768807327,-1.2348509019044007,-0.1632963665309626,-3.0741029447881045,-4.31291320551189,-0.045504152623285644,-1.5067328576106496,2.5694173596053616,1.2724908842080738,-2.524906059495003,-0.9124307967168278,4.146055992897972,0.4516464509817645,-0.05626898061748139,1.44786531165831,0.7208310612996074,-2.0455026760916697,1.8466729658763068,0.24084076286621997,0.9005281329353191,1.2856114464540358
-1.5465269502785308,-4.611138235588872,0.5840071475513362,0.37128414436782264,1.52874545676544,3.5464790367388184,-2.0185693995009406,-3.016361462613834,-2.6955863288142776,2.379577279357213,-4.591359635121714,-4.181738372489401,0.551741756377899,-4.030448677861436,-0.6998438492476264,1.1815520135852942,-0.8049154227284899,1.695419658154506,-4.050485846995624,0.4125034058845978,2.0228529278825675,3.274633058340775,-2.07477754412648,-0.3178339198630094,0.33206933712198167,-4.488864384423397,1.929211170396299,-2.186805658870229,-2.3781181684420782,-0.6359826356418561,2.4386958954610285,3.01161053135422,-2.183740265686098,-0.6012080146203633,-0.25122464049428717,-0.7640969854512817,0.6728037682354268,0.34787873678740944,2.8601258889697854,3.45559146976221,-0.1431408577491065,1.1541617025365423,-1.9899850938145371,-0.9181924991297367,2.129751441963672,1.4117097220368433,-3.8524945604190823,-0.9029192477739238,-0.3292164327686954,-1.243898587202646,-0.6874066123077,1.916606616584285,-1.4049849815783304,0.6516157465408875,-1.0423380288260486,-1.0234703202313122
3.427267015858255,8.852724500568112,-0.812520353387126,-0.27764744072019854,-3.349436342427627,-7.09648167953452,4.2609101001566145,6.035038704492623,4.768348422171791,-4.591359635121714,9.921290910751178,8.6939642948985,-1.5123670081128022,8.438783313459302,0.015238693687451921,-1.6194873549442081,1.5902432275149485,-3.9514985602798345,8.450260731303104,-0.7756809614897578,-4.312944090786697,-6.427761892110838,2.9565239066088624,1.4628821492511155,0.4203447513080957,7.998001802868651,-4.53110673058251,4.333961077668756,3.7430237319683877,2.1565885964165226,-4.120704836230205,-6.056297045613262,4.073000792701008,1.0936691724442085,0.0055180116857450065,0.36233897825215583,-0.4747842564693663,-1.2245375813937567,-5.855392116517172,-5.852846618411253,0.6415527536793815,-1.785163188668838,3.208672238929615,1.334940763425189,-3.8964974986962004,-4.0659299002493094,7.927865953495114,2.886870873810279,1.5224319802895172,2.439405429430428,1.4688895769311554,-3.964537928058524,2.2006949751748945,-3.2952913125606305,2.549945345082489,1.7692822475329029
3.0356536240339187,8.119841052234168,-0.8173504333665642,-0.43265035059584794,-2.9880455562221866,-6.431803671011957,3.90058058096623,5.518759027382783,4.425815909612983,-4.181738372489401,8.6939642948985,7.884808253845973,-1.2873083094994726,7.495369625533908,0.29550183448090284,-1.7100175485258036,1.4386880461229634,-3.4210014157991475,7.614314712183662,-0.7707800621458382,-3.8768620124798154,-5.785182733908917,2.8832075105048167,1.273457664549076,0.12652192429299944,7.5255152458118495,-4.011620941690004,3.9288950999948256,3.550726021064095,1.7490620925499234,-3.780381340351202,-5.3904817925644695,3.6803217974180806,0.9246242214338164,0.06406597419421176,0.5999125216642462,-0.48552553405932863,-0.9236078249662864,-5.237080097198209,-5.516891371241091,0.5831247254046371,-1.7836837474860094,3.059929045611883,1.2952393582200221,-3.600788987855021,-3.5196899371844976,7.17187511037629,2.4785170186614063,1.1854852192463077,2.1428252483934576,1.3054890697208448,-3.5932733730024853,2.104856359971561,-2.625122213376626,2.2650155236696694,1.618816064506431
-0.5650760762902267,-1.0693543708204434,-0.005615794083062365,-0.08252561347930801,0.5438619271772063,0.9448901065613805,-0.665011349049467,-0.8189048869417178,-0.4293922466573935,0.551741756377899,-1.5123670081128022,-1.2873083094994726,0.3353807000697934,-1.2212370040404994,0.44190843511483474,0.0065386424475220245,-0.204118014564684,0.6913226648239406,-1.2486829388133511,0.1049076515529299,0.6629679405128424,0.796269218528348,-9.865177603704213e-4,-0.5002683575079855,-0.3919938152722541,-0.7766230391616973,0.8318699374175084,-0.5630054577440112,-0.15740913217823985,-0.5636505245616917,0.27076292669894075,0.7861071500638912,-0.42571763499130955,-0.08168789593093576,0.1739748060424727,0.31556622859802763,-0.25015406633401877,0.30588181995121533,0.80668678518022,0.4384052583635787,-0.22267535165585522,0.08685890671803859,-0.17849922260770076,-0.009198020144828118,0.401020920469946,0.9667638120490449,-1.140803028046841,-0.7576695096193803,-0.47296407326857975,-0.28594820101384133,-0.22328295650898478,0.5765658578012124,-0.09306288853950988,1.0911500583856046,-0.5051273146977006,-0.13561517224339875
2.881932844163208,7.8093686919536065,-0.8019256006709821,-0.36781920685281827,-2.8342623998161276,-6.190946175064511,3.6669630868746568,5.268925564341386,4.314879418555132,-4.030448677861436,8.438783313459302,7.495369625533908,-1.2212370040404994,7.26472821706723,0.3776435816046699,-1.6244770193517215,1.4004804301342209,-3.286597129197969,7.29944836290964,-0.6986752487078305,-3.6807388530475174,-5.622320700426755,2.8935373410166028,1.0990386296626347,0.08175514674099091,7.228775357480586,-3.771804980022539,3.788726788224028,3.515672543728025,1.6534263059602468,-3.7773731890307922,-5.2513173053365465,3.6146811501187877,0.9656586997910557,0.11906235509356121,0.606468188732505,-0.625520084477302,-0.9355120809685635,-5.0426904082468065,-5.354209960727169,0.47542390065105017,-1.7016395574176946,2.9863115368890543,1.304089563634452,-3.482632906177824,-3.2326222865344865,6.855334863470883,2.2588990147477155,1.1025083312039043,2.1434344947956694,1.2610260762436452,-3.4338098832169255,2.0662342420810598,-2.3942222216712534,2.101355185317818,1.6048580736265312
-0.18793802592617734,1.4388600591991507,-0.6069311833392358,-0.6586536252478977,0.1386361888472355,-0.7147768530418698,0.006023753730103307,0.5595580719293045,1.4608912486711572,-0.6998438492476264,0.015238693687451921,0.29550183448090284,0.44190843511483474,0.3776435816046699,2.130251406068017,-1.2358690835524504,0.21931424777960512,0.42881201517477824,0.34754159756554937,-0.10101135768032463,0.036854445716004845,-0.8874598074475706,2.1935730878491544,-1.163670083992241,-1.588864458557826,2.227584106406546,0.6295244112759226,0.5118065309026122,1.9609045996022887,-1.0961820690827344,-1.6750864718906184,-0.6223180522094529,0.9230589058263694,0.34555907766442745,0.7724933842486782,1.754023609669876,-1.5166359753786998,0.5919489716969973,-0.36951122718561563,-2.1684055977658514,-0.5498732477831837,-0.9217280126737113,1.490403729274847,0.9301306573513994,-0.9387509106849583,1.5762403852826528,0.4430517383059179,-1.4118846786950496,-1.1520255903033032,0.42622403084792104,0.020034525876739064,-0.18195254985343584,1.1497231458170354,2.6944140723363748,-0.5081756699013196,0.6433851694215267
-0.47363798664696144,-2.3655720900674164,0.49640711798005377,0.4823961582387815,0.5000789413094602,1.6353045955489922,-0.7901279316440339,-1.3934882968619438,-1.6497300643746666,1.1815520135852942,-1.6194873549442081,-1.7100175485258036,0.0065386424475220245,-1.6244770193517215,-1.2358690835524504,1.053636293489767,-0.39860390739093166,0.3997699066745796,-1.6760000187404989,0.22950547697414275,0.7312956856044327,1.5751281046456143,-1.7545883748755915,0.3408410562045965,0.8679072634051979,-2.7106254688550484,0.43935752610812606,-1.0366720955591608,-1.7456147990622124,0.2779394417233325,1.608243917788703,1.3400005138205202,-1.1873922912957766,-0.3296536269117442,-0.41826704974972684,-1.0942937004305848,0.880352245673722,-0.1780919606860557,1.187512112470939,2.2521618161046475,0.16048166364335367,0.878667528901355,-1.4073696778374507,-0.7601279266572964,1.2076550147460692,-0.15649672202884174,-1.6388188457059656,0.2642251344912857,0.41581607142364535,-0.6195317498772669,-0.26139256633527946,0.8063488805822409,-1.0320989809299912,-0.9546106257699578,-0.1737465127238535,-0.6484304808857186
0.5274121651463187,1.5751760235064467,-0.19276811169723249,-0.11789719332588922,-0.5237745077507089,-1.2203929388919497,0.6969524607099875,1.0368257396170963,0.915442813263793,-0.8049154227284899,1.5902432275149485,1.4386880461229634,-0.204118014564684,1.4004804301342209,0.21931424777960512,-0.39860390739093166,0.28260020159040605,-0.5878339009037441,1.4117379026861943,-0.1418878523489258,-0.6890877927028407,-1.119703080370393,0.7002042072064739,0.14087971289852907,-0.0954426788544358,1.5214666427346768,-0.668869124422992,0.7517605304609138,0.7957654372286238,0.23812781013976672,-0.8247551213167501,-1.0284002947416906,0.7427894271458494,0.2006693749284348,0.07033037042720658,0.23190330514386728,-0.21922774229577677,-0.13617699960985918,-0.9696219489211152,-1.154613972651433,0.05498913893139353,-0.38754780881462503,0.6639432381774713,0.31222167625286146,-0.7205052494631727,-0.5060815684285194,1.3285818694622156,0.3372586693814191,0.12851615079895534,0.43553799536895965,0.24091925088548757,-0.6643650349763969,0.46652517244722247,-0.2783187033556511,0.3628685974681926,0.34541132775922656
-1.4116616674204392,-3.2475515827219446,0.20249422611769258,-0.016441425927162957,1.3702758524055068,2.689911135995053,-1.7078035416983373,-2.301311551836186,-1.6065486220422855,1.695419658154506,-3.9514985602798345,-3.4210014157991475,0.6913226648239406,-3.286597129197969,0.42881201517477824,0.3997699066745796,-0.5878339009037441,1.6650261297579665,-3.3025605246866787,0.2931189012134876,1.737069095011169,2.384865396282416,-0.728890913447485,-0.8227252366673117,-0.4892019277353324,-2.7498065215555085,1.9442601668055102,-1.6268830649228316,-1.0947725854831347,-1.0815344996659677,1.2981392994158665,2.290010260213123,-1.435760411004634,-0.36208802390498523,0.15505083064793848,0.20570821216695828,-0.12903696478535429,0.6013842681463376,2.2681274107252327,1.9031198893637837,-0.37372552310557916,0.5299554541585978,-0.981086880869585,-0.3407991832894705,1.367753858140324,1.952280248460084,-3.0799090888888174,-1.443659371918762,-0.8415449615449843,-0.8789702787401522,-0.5812475194681243,1.547867695605483,-0.6467136564383449,1.860676125843498,-1.127304488300198,-0.5737059051682359
2.9159812141668477,7.88670762318992,-0.8012756087980063,-0.4126928354626292,-2.8733173074131946,-6.246514423461974,3.753743652286752,5.344437797442834,4.327774711144235,-4.050485846995624,8.450260731303104,7.614314712183662,-1.2486829388133511,7.29944836290964,0.34754159756554937,-1.6760000187404989,1.4117379026861943,-3.3025605246866787,7.398492017429795,-0.7364013563907837,-3.725264797326966,-5.631983904095131,2.873105961676648,1.2066033050274736,0.08818445141047665,7.316478861641349,-3.845193797563235,3.8198598132321067,3.49258837460577,1.6780955003371638,-3.7288184995126215,-5.2423382560448575,3.598983798782506,0.9177823009537388,0.07847151120273417,0.599124805943527,-0.5461782732314535,-0.910764385999634,-5.05927178774916,-5.370568716110033,0.5312997672895169,-1.736006391888627,2.990146220049859,1.2917166562532676,-3.501582144798974,-3.342554099801091,6.9476452215109505,2.357132108255708,1.121979979145195,2.1208691595119222,1.271294022809524,-3.482155251088557,2.0602251811128935,-2.4957378990168197,2.1609565628912146,1.5914304040521894
-0.2735146584059507,-0.8158563106994938,0.10225017710123739,0.08474464648404528,0.27753831798492296,0.6318334290033212,-0.3918404729501593,-0.5536708112279628,-0.4584200686036469,0.4125034058845978,-0.7756809614897578,-0.7707800621458382,0.1049076515529299,-0.6986752487078305,-0.10101135768032463,0.22950547697414275,-0.1418878523489258,0.2931189012134876,-0.7364013563907837,0.09344918861274994,0.37144463764910474,0.555368651210831,-0.33463156745400646,-0.11384511760474383,0.05060325637534848,-0.8034483816127173,0.36689941868510545,-0.38445884263293817,-0.38734513261767173,-0.12027725620297787,0.38320096901333384,0.5026978438825047,-0.35672785482573954,-0.07368914277883788,-0.020678639195143587,-0.12393171814973955,0.05891475650543224,0.04849912279569897,0.49253527007612524,0.5889677004466441,-0.05708453795828397,0.21792880574884205,-0.33533518563682707,-0.1528621225870888,0.36818671190491176,0.3029938618883816,-0.6955546602506543,-0.2098823630621302,-0.06825078296972288,-0.1951078061886455,-0.12287248736620818,0.354934686536949,-0.23214239128169384,0.17332935965290708,-0.20764818370730334,-0.1599676923801044
-1.5185736131743781,-3.8937910171700065,0.36108532348191663,0.14670922690984411,1.4935597527851339,3.129297521744269,-1.9293309581305569,-2.6866766828216164,-2.0659276908187123,2.0228529278825675,-4.312944090786697,-3.8768620124798154,0.6629679405128424,-3.6807388530475174,0.036854445716004845,0.7312956856044327,-0.6890877927028407,1.737069095011169,-3.725264797326966,0.37144463764910474,1.940331861505666,2.797057014773535,-1.233232052710686,-0.7031051089725412,-0.20365898963061219,-3.5319645100007997,2.042969482105025,-1.9004005818569036,-1.6000699810528987,-0.9569945799264494,1.740472192101505,2.6332261434348547,-1.7499863189090115,-0.4395694037610749,0.02142299168277849,-0.15323713806467176,0.1043630598387806,0.5148968184247256,2.5831073956646864,2.5582093111262143,-0.3314203852373158,0.8067117951343877,-1.3922245217620357,-0.5680197619117562,1.7069780339368734,1.8752389577484272,-3.5027527686970736,-1.3368861922723076,-0.689507381613291,-1.0219820626209781,-0.645080668313871,1.7670891946321046,-0.9495760798775665,1.518195049883978,-1.161247333207141,-0.7444852635034293
-2.1526852647704238,-6.350319466190706,0.7813477996055654,0.46692167394889544,2.124036818547871,4.906020175552686,-2.78611325011985,-4.161086310148387,-3.696930435027074,3.274633058340775,-6.427761892110838,-5.785182733908917,0.796269218528348,-5.622320700426755,-0.8874598074475706,1.5751281046456143,-1.119703080370393,2.384865396282416,-5.631983904095131,0.555368651210831,2.797057014773535,4.533303456954646,-2.8152602857203703,-0.48166405874756074,0.3877183977415089,-6.1306749481073215,2.6944064679996855,-3.0254439963644666,-3.234986107687708,-0.9426661637870766,3.350569145489402,4.180131562872233,-3.016332536053309,-0.8401509536279711,-0.3189429948879993,-0.969721024668232,0.9106722778746321,0.5353716691105685,3.957765701631128,4.703756098689464,-0.2028389076096317,1.5509176339744495,-2.7017727137485794,-1.2466872649048562,2.920648221628309,2.00719294810528,-5.3383412866521125,-1.3036368918260555,-0.5109722824498892,-1.7433696944580768,-0.9603768709467205,2.6548605996129506,-1.9045733046170423,1.0286153507335913,-1.4568000550557778,-1.4080940380042073
0.8221152690429933,4.105642991131755,-0.8610968414526674,-0.7625313251279248,-0.8493015087098241,-2.8383217241344267,1.2709024481354663,2.364909792810242,2.9157909739949326,-2.07477754412648,2.9565239066088624,2.8832075105048167,-9.865177603704213e-4,2.8935373410166028,2.1935730878491544,-1.7545883748755915,0.7002042072064739,-0.728890913447485,2.873105961676648,-0.33463156745400646,-1.233232052710686,-2.8152602857203703,3.13474149698451,-0.7477190929841059,-1.5091021287774122,4.661838716830481,-0.6956624077825994,1.8124689242279621,3.120588445816612,-0.48398578609971815,-2.9391718171192704,-2.4286831004291756,2.153934618663061,0.6746261141207237,0.7888452309046735,1.904572129090827,-1.7019147216533643,0.24543851961920823,-2.1059369922963187,-3.956592792875396,-0.37302621666839153,-1.4755215451564418,2.479969051427768,1.3504225517113144,-2.1178545395088353,0.41188045285145297,2.811664670935122,-0.5878319792376586,-0.7328625525348299,1.1646925834718524,0.4570096647545249,-1.3628104805817294,1.830697626135151,1.7810506636712573,0.2352767236712286,1.1863872295983906
0.6308723452568643,0.6337551359718824,0.2022189277979618,0.2538887811830292,-0.6074805013675598,-0.7429030564904726,0.7398029832205882,0.6934901357591347,-0.05881012702948529,-0.3178339198630094,1.4628821492511155,1.273457664549076,-0.5002683575079855,1.0990386296626347,-1.163670083992241,0.3408410562045965,0.14087971289852907,-0.8227252366673117,1.2066033050274736,-0.11384511760474383,-0.7031051089725412,-0.48166405874756074,-0.7477190929841059,0.9973622895539082,0.9143386458734816,0.10372295103702338,-1.0902578266375804,0.40736125917473975,-0.5253563990430932,0.9363604927422686,0.3468583215588494,-0.5399393486435963,0.08367468407184105,-0.09150170754002349,-0.47140166401148487,-0.9012496894486349,0.8429856397572819,-0.47446416373347056,-0.6677114739396987,0.28874688551359806,0.4605781680554625,0.1776318318704335,-0.32376210112945386,-0.3020661169025673,-0.09258336019584408,-1.5812800670071996,1.050056479817349,1.316266424629219,0.8627641889503918,0.11349732500857465,0.2241549851660642,-0.5590587507867246,-0.30256448999466784,-2.079604281703418,0.7176866107329919,-0.10456966929463776
0.2765957873826408,-0.7143294812276264,0.41853707594922895,0.4962542610103829,-0.23759784145084875,0.2375408567872327,0.16014402071128256,-0.17378345988351057,-0.8912923116858059,0.33206933712198167,0.4203447513080957,0.12652192429299944,-0.3919938152722541,0.08175514674099091,-1.588864458557826,0.8679072634051979,-0.0954426788544358,-0.4892019277353324,0.08818445141047665,0.05060325637534848,-0.20365898963061219,0.3877183977415089,-1.5091021287774122,0.9143386458734816,1.2098849982332895,-1.3462423348103394,-0.6499411708646906,-0.20213967346861542,-1.302138005618591,0.9121117083241548,1.062660518895942,0.2003921144146869,-0.5110065453894171,-0.19975792896755132,-0.5705648475598593,-1.3025181559145773,1.098327955252396,-0.5091824218374853,0.02918406118017441,1.3804860465796633,0.42606059229384774,0.6210264131966449,-0.9815751922080272,-0.6319734056821833,0.5405717751418142,-1.3328966302336864,-0.010745775507188887,1.163694080845167,0.927178581954471,-0.2037992292269569,0.04841653122550151,-0.027827896228888212,-0.7669027341340628,-2.149093462512172,0.4754633203131252,-0.403779760786518
2.62367649157079,8.790011757617203,-1.307957052277798,-1.0103715888393778,-2.623102552423907,-6.566778961416748,3.5952380286743453,5.588577784638371,5.410168203195747,-4.488864384423397,7.998001802868651,7.5255152458118495,-0.7766230391616973,7.228775357480586,2.227584106406546,-2.7106254688550484,1.5214666427346768,-2.7498065215555085,7.316478861641349,-0.8034483816127173,-3.5319645100007997,-6.1306749481073215,4.661838716830481,0.10372295103702338,-1.3462423348103394,8.971148460849214,-3.113485639777266,4.081513734502843,5.063408954013805,0.5980943988316957,-5.006816017116904,-5.52269251670593,4.228175405373385,1.1631643158792713,0.7675744119964808,2.168625205561985,-1.8352163310877592,-0.29585371736905863,-5.154951403247818,-7.068671364632017,0.035108138917236915,-2.4881617653910313,4.184551167994598,2.0397398341593957,-4.174139140337031,-1.791658748386663,7.0037937936030765,0.9827938926669508,0.029209991977922015,2.3541037934851574,1.2163779603361704,-3.468414491845029,2.992443934912776,0.06870322278305473,1.6201535231864446,2.079165190301017
-1.655643492315166,-3.711866122255441,0.20541244269806846,-0.014791385456805764,1.6130616181903945,3.0966037999592655,-2.0373786061367483,-2.6781236718228985,-1.7732631024526226,1.929211170396299,-4.53110673058251,-4.011620941690004,0.8318699374175084,-3.771804980022539,0.6295244112759226,0.43935752610812606,-0.668869124422992,1.9442601668055102,-3.845193797563235,0.36689941868510545,2.042969482105025,2.6944064679996855,-0.6956624077825994,-1.0902578266375804,-0.6499411708646906,-3.113485639777266,2.3290382962455753,-1.8629991013608072,-1.1336332410211383,-1.3145864955717326,1.3564501391616919,2.5867257474117715,-1.5815200205719373,-0.3551085994804056,0.2490100530574545,0.3281004154825303,-0.3095031241217888,0.697312402191119,2.6030554316666428,2.0874734506553585,-0.5085583284178177,0.5948536636666504,-1.0513858269585727,-0.33396286429402994,1.5364429946606757,2.420246132940829,-3.5817768275668564,-1.8133532063482192,-1.0425882959148458,-0.958057182937672,-0.6737695434353626,1.810446482326407,-0.6776602588914195,2.3583950339728763,-1.3712407113806302,-0.6073695058864522
1.4668263394923164,4.253913330883481,-0.5047028096477156,-0.30644705426838525,-1.4485605684159093,-3.3004711602174166,1.9080618084514998,2.810912526503241,2.443104150297934,-2.186805658870229,4.333961077668756,3.9288950999948256,-0.5630054577440112,3.788726788224028,0.5118065309026122,-1.0366720955591608,0.7517605304609138,-1.6268830649228316,3.8198598132321067,-0.38445884263293817,-1.9004005818569036,-3.0254439963644666,1.8124689242279621,0.40736125917473975,-0.20213967346861542,4.081513734502843,-1.8629991013608072,2.031336022985698,2.1008259598726604,0.6837031331640039,-2.1805185567266037,-2.7898916915517784,1.9931656778125506,0.53595040702176,0.1717114217325601,0.5862643785632902,-0.530866012198416,-0.3747870890129991,-2.65672071405391,-3.0949282918672036,0.17622135173521797,-1.0247594079357738,1.767229700266933,0.8039440278026773,-1.9400942298540433,-1.4479257899786009,3.6134839046950815,0.9653745884866693,0.3925527556330699,1.152873927420086,0.6507085985012682,-1.8006207617084515,1.2389807638813883,-0.8294826656223243,1.0201054663331823,0.9202607889452149
1.1225331466472916,4.656967789197572,-0.8663752031966668,-0.7132424990140758,-1.1382337214628961,-3.328828479858883,1.6147033324375177,2.7893869317081204,3.135951328260513,-2.3781181684420782,3.7430237319683877,3.550726021064095,-0.15740913217823985,3.515672543728025,1.9609045996022887,-1.7456147990622124,0.7957654372286238,-1.0947725854831347,3.49258837460577,-0.38734513261767173,-1.6000699810528987,-3.234986107687708,3.120588445816612,-0.5253563990430932,-1.302138005618591,5.063408954013805,-1.1336332410211383,2.1008259598726604,3.2116156859522778,-0.19907277946563132,-3.086331197910336,-2.8535729005928006,2.3799102624673987,0.7283057876285342,0.7154323374647295,1.7560916328909002,-1.562114165242754,0.08969620921866261,-2.5536405323116567,-4.205009691277794,-0.25994653466099876,-1.5226808624624668,2.58105199788161,1.3545092085608694,-2.3325428762020923,-0.08787808434150184,3.391390749659362,-0.21152514351252774,-0.4855098288888858,1.3005099555268254,0.569590142962636,-1.6602763426003928,1.8879060356388584,1.244137457750176,0.49712691362900036,1.2551674425241397
0.8404118356032603,1.1913389195913158,0.1365856692592091,0.27780145867055256,-0.800589295838523,-1.1839654290265642,0.9317468077228586,1.032928261340339,0.2868155799031115,-0.6359826356418561,2.1565885964165226,1.7490620925499234,-0.5636505245616917,1.6534263059602468,-1.0961820690827344,0.2779394417233325,0.23812781013976672,-1.0815344996659677,1.6780955003371638,-0.12027725620297787,-0.9569945799264494,-0.9426661637870766,-0.48398578609971815,0.9363604927422686,0.9121117083241548,0.5980943988316957,-1.3145864955717326,0.6837031331640039,-0.19907277946563132,1.0400650955171722,-0.031406888620535665,-0.9954176777905209,0.4095290231501405,0.054881458885633984,-0.40412975867422724,-0.8327174360026034,0.6831365736208439,-0.575809324928189,-1.078777210414563,-0.15014769001651265,0.42711506131318255,0.08366731380961838,-0.07289577737942232,-0.18587298006021466,-0.36369444979574933,-1.7071949292126707,1.506524639013012,1.369497935656932,0.9282392028789448,0.31584651308939843,0.3126588532667766,-0.7764807710261283,-0.1170363617249225,-2.127805484457104,0.8200814958099534,0.051777965963826465
-1.258718222660456,-4.753024341257008,0.8094344312169316,0.6056240348604945,1.2631168000692383,3.4733848891946475,-1.7323257879753318,-2.9033671234927114,-3.1061376826066613,2.4386958954610285,-4.120704836230205,-3.780381340351202,0.27076292669894075,-3.7773731890307922,-1.6750864718906184,1.608243917788703,-0.8247551213167501,1.2981392994158665,-3.7288184995126215,0.38320096901333384,1.740472192101505,3.350569145489402,-2.9391718171192704,0.3468583215588494,1.062660518895942,-5.006816017116904,1.3564501391616919,-2.1805185567266037,-3.086331197910336,-0.031406888620535665,3.0326998126854297,2.9994782938129436,-2.4131995144267036,-0.7440150151263025,-0.6212634830415583,-1.516126262977203,1.4101389848413106,0.060074384524072856,2.7080703887962367,4.1039763456508105,0.18663274671489508,1.4412554271463864,-2.4864680057646,-1.2827919383701407,2.336354552143255,0.4116613250896675,-3.588802668948221,-0.055637810984547634,0.272195716929608,-1.353024324374883,-0.6202570124771557,1.7641094698046582,-1.8084503591408847,-0.772136453186743,-0.6350825757692411,-1.239022782278265
-2.039517279563489,-5.814533390103295,0.675637548097338,0.35689611588280784,2.0068166142000847,4.536749218653244,-2.6023958830817966,-3.8445862001155695,-3.328931673773475,3.01161053135422,-6.056297045613262,-5.3904817925644695,0.7861071500638912,-5.2513173053365465,-0.6223180522094529,1.3400005138205202,-1.0284002947416906,2.290010260213123,-5.2423382560448575,0.5026978438825047,2.6332261434348547,4.180131562872233,-2.4286831004291756,-0.5399393486435963,0.2003921144146869,-5.52269251670593,2.5867257474117715,-2.7898916915517784,-2.8535729005928006,-0.9954176777905209,2.9994782938129436,3.8820916547981086,-2.7527609737552767,-0.7713663801055703,-0.23419499566275903,-0.7350081676354808,0.7194443082708188,0.5744849767148452,3.6932712079456107,4.206684111658074,-0.23271049926380735,1.3575466140725112,-2.3916049675196205,-1.0831155663391123,2.65132170925753,2.0266655656552257,-4.958636737718703,-1.34715610472254,-0.597500781220017,-1.604008275679032,-0.9005260665463264,2.4716785783598385,-1.6785379526661655,1.220299365135309,-1.4094782196870426,-1.2631608425014167
1.3253811188186255,4.240934988478472,-0.5934153859959522,-0.3935152295454374,-1.3121799769281715,-3.2090516271441127,1.740173449718836,2.7058683712906615,2.5812445303042764,-2.183740265686098,4.073000792701008,3.6803217974180806,-0.42571763499130955,3.6146811501187877,0.9230589058263694,-1.1873922912957766,0.7427894271458494,-1.435760411004634,3.598983798782506,-0.35672785482573954,-1.7499863189090115,-3.016332536053309,2.153934618663061,0.08367468407184105,-0.5110065453894171,4.228175405373385,-1.5815200205719373,1.9931656778125506,2.3799102624673987,0.4095290231501405,-2.4131995144267036,-2.7527609737552767,2.068724424629374,0.6028181551482743,0.34016391425774756,0.9061410784787844,-0.8547183035802091,-0.2467744417867399,-2.5619920173599895,-3.333975739875383,0.021176348606655338,-1.1232978478533315,1.9574865825640908,0.9448933771994511,-2.000374733473069,-0.9784163852035366,3.431665648335611,0.5640913264649802,0.1268465218270562,1.1824919036185395,0.6083681026819454,-1.6962139731647705,1.3985229783195299,-0.17564553820442397,0.8225991386097828,1.0043597873855474
0.33054283745641644,1.1460595585352342,-0.18096197565162658,-0.1008490593512774,-0.32388888231461016,-0.8534783934580735,0.4108183498625091,0.6988074897354015,0.7414386440292101,-0.6012080146203633,1.0936691724442085,0.9246242214338164,-0.08168789593093576,0.9656586997910557,0.34555907766442745,-0.3296536269117442,0.2006693749284348,-0.36208802390498523,0.9177823009537388,-0.07368914277883788,-0.4395694037610749,-0.8401509536279711,0.6746261141207237,-0.09150170754002349,-0.19975792896755132,1.1631643158792713,-0.3551085994804056,0.53595040702176,0.7283057876285342,0.054881458885633984,-0.7440150151263025,-0.7713663801055703,0.6028181551482743,0.20747652228883964,0.14645110649542017,0.31284464567872217,-0.34141967197992823,-0.06048041402646362,-0.6935721173415934,-0.9678098872024664,-0.05192066104947135,-0.31180627820490875,0.5800586927752823,0.29478401085203,-0.5614360253805526,-0.1328749958131853,0.8821271907922139,0.03482660442858367,-0.02071832046255933,0.3499291515705006,0.15753363834532147,-0.4302435390142504,0.42324635309548003,0.1198078997347602,0.1644994011781228,0.30483540905366996
-0.07339066898199616,0.48909218603593874,-0.21941510383659496,-0.21819808755756293,0.059597762758504966,-0.23571285259048694,-0.030543043466073273,0.17242336600630825,0.5194798633730289,-0.25122464049428717,0.0055180116857450065,0.06406597419421176,0.1739748060424727,0.11906235509356121,0.7724933842486782,-0.41826704974972684,0.07033037042720658,0.15505083064793848,0.07847151120273417,-0.020678639195143587,0.02142299168277849,-0.3189429948879993,0.7888452309046735,-0.47140166401148487,-0.5705648475598593,0.7675744119964808,0.2490100530574545,0.1717114217325601,0.7154323374647295,-0.40412975867422724,-0.6212634830415583,-0.23419499566275903,0.34016391425774756,0.14645110649542017,0.2981174560806437,0.6377246388012894,-0.5721706638384962,0.20571642951661573,-0.1390672395013916,-0.7815969150440277,-0.21886876635370436,-0.31698691011780755,0.5374441706386309,0.33533195698692886,-0.3333407725712783,0.6061263195438233,0.12355499498744399,-0.5492089977554914,-0.4194271577507089,0.15668938263216303,0.0017384701114088832,-0.045413559255600325,0.4186387127031983,1.0166757371642892,-0.20275998439655915,0.23706481811786004
-0.008582126828782644,1.5373862668608351,-0.5349353721146162,-0.5766330402175273,-0.026659421736222825,-0.8593464959522678,0.18759357835938853,0.7034007339922558,1.3842938768807327,-0.7640969854512817,0.36233897825215583,0.5999125216642462,0.31556622859802763,0.606468188732505,1.754023609669876,-1.0942937004305848,0.23190330514386728,0.20570821216695828,0.599124805943527,-0.12393171814973955,-0.15323713806467176,-0.969721024668232,1.904572129090827,-0.9012496894486349,-1.3025181559145773,2.168625205561985,0.3281004154825303,0.5862643785632902,1.7560916328909002,-0.8327174360026034,-1.516126262977203,-0.7350081676354808,0.9061410784787844,0.31284464567872217,0.6377246388012894,1.4831043645679247,-1.2406288885694383,0.47034530394228086,-0.5411741627286141,-2.033592655542719,-0.41229195814316677,-0.8410521764453254,1.3611824494872338,0.8059052272310551,-0.9304215148221573,1.1245842956600558,0.6778324345210684,-1.0473273314704166,-0.8971265843195125,0.4161450477198904,0.0668766543862492,-0.30225757180833973,1.0381152062458205,2.1153329238960032,-0.30518417702664674,0.5929847720877786
