V1,V2,V3,V4,V5,V6,V7,V8,V9,V10,V11,V12,V13,V14,V15,V16,V17,V18,V19,V20,V21,V22,V23,V24,V25,V26,V27,V28,V29,V30,V31,V32,V33,V34,V35,V36,V37,V38,V39,V40,V41,V42,V43,V44,V45,V46,V47,V48,V49,V50,V51,V52,V53,V54,V55,V56
0.08896968343316126,-0.03998446807218046,0.07947442866525757,-0.0890833550739245,-0.22461031265325648,-0.024997454823336474,-0.03433919466403181,0.519176717032938,0.2253244721408164,-0.15928844484367535,0.49683254949614836,-0.011894613478221919,-0.12009980889718494,0.20713751269594335,-0.17618016123961722,-0.013409843691398745,-0.31746917076145176,-0.15837775515479294,-0.07086799427937329,0.06011233145966279,-0.16548304977419745,-0.36146486849161036,0.1751887013005798,-0.32083883481375197,-0.20861798146737395,0.09713694170683221,0.2449181719521307,0.49934176373836603,0.14985797581050794,-0.24869632769292233,-0.11858166423827862,-0.11561281481079848,-0.34749753023238694,0.3804680491473949,-0.06386576139697765,-0.4172208523697603,0.24870230554555073,-0.47608699919852987,0.04777182610663215,-0.0566782040768845,-0.5679335861065294,-0.41699343128764965,0.1251811323376162,0.005949682748429538,-0.42675398876536424,-0.4749315747960664,-0.20238426264532872,0.14156799868783732,0.2329812332097097,-0.42648758054998853,-0.4099135257098767,0.0546406495796932,0.024708341236754628,-0.13377258810594095,-0.019627999063240212,0.23565800341581536
-0.03998446807218046,1.456331412982645,1.1920479525982828,-0.04704026615919881,-1.1826741109706491,-0.8622328710303313,-1.3643523425950415,-4.276626043624631,0.043910063254658474,-0.3333935640035171,-2.789617295913836,-0.7934018224633353,0.984139291320152,-1.56687231429411,2.13646542355625,-0.5566332206415552,1.2018511337298299,1.3749164315251248,1.0036291854395616,-2.431242207750612,-1.130810898917485,-0.12185194926989029,-2.4955313294405124,0.9624918137517735,-0.24395162176811036,-0.8944670794329262,-0.8504671685673381,-0.09679152300927125,-2.1988775704037744,1.5346860214583626,0.0029827852308515466,-0.6875677881289132,2.5570357461520064,-2.060774698353518,1.5216454411583433,0.4657555808835801,-3.9420594414680252,2.118043346726398,1.7053714746656827,2.099290210264823,4.266401219080696,1.8447687520980094,-1.0466574205957893,0.7987755169837325,-0.3759019922859094,0.043772714688301795,3.7488928933790215,-1.6067023945389267,-2.2404589982954755,1.8382843669679039,1.5388805071931393,1.5448042132979172,-0.9306331284550815,-0.9921637774752678,0.475482856930265,1.647701160272636
0.07947442866525757,1.1920479525982828,1.2299349211208512,-0.17352350295393423,-1.2784081906320388,-0.6520142838990117,-1.1971746025376224,-3.311559430622892,0.32223742158782137,-0.5369961835905437,-1.961338966410119,-0.6853959772160565,0.8161339027527539,-1.1963966141470777,1.779353738661696,-0.5167679076093041,0.5982770115369432,0.9293279367042274,0.7989698210629034,-2.100447617699518,-1.0096834600710678,-0.547763205988199,-1.938927505704966,0.6217906235559367,-0.5309580488540977,-0.669999722296774,-0.4946761458037213,0.4014148664472786,-1.7472844490897737,0.8839115939991551,-0.1283072983661132,-0.6822032756970883,1.6767112059658473,-1.3571763994395547,1.2470858516036385,-0.09717396097906547,-3.168159692578065,1.3530638411589477,1.6491808849127028,1.8902320874228287,2.8632038003155147,1.1583892806791733,-0.7876719247486654,0.8455556814109284,-0.9690468910923951,-0.6188956899429164,2.987702834903392,-1.3200498614464786,-1.8005382163410466,1.1432532833607185,0.8637827463643918,1.3720291781204814,-0.7571166871817918,-0.8960395037725019,0.23702802387105235,1.7204259811796745
-0.0890833550739245,-0.04704026615919881,-0.17352350295393423,0.09793880013398225,0.29943812982484164,0.05741046705197769,0.11592058003617722,-0.2177591619116167,-0.2338777867704459,0.19267892099849251,-0.30415888982765155,0.05902150850641265,0.041049966376274935,-0.09635251009607361,0.01990931173038469,0.05182444163181303,0.2576864125388151,0.08709097803506162,0.006331862223422205,0.10338596499481814,0.20914253118344805,0.37599000701844965,-0.0233604468033217,0.23458797253195782,0.23929345012077854,-0.040355235321018465,-0.18600135812593072,-0.4805455207861249,-0.010097166181418631,0.1820654882373502,0.11814224117843573,0.15127700110561262,0.2136020130823746,-0.25170355647719417,-0.031699732288886014,0.39418707375848655,0.004230363099699576,0.33435848610061625,-0.17580688221216564,-0.09898097058727943,0.33526551757593426,0.2966455195382555,-0.055815454862942704,-0.08208966403723032,0.47992976808362037,0.49462185405632686,-0.026959801319605074,-0.0254553353311489,-0.07115812942828954,0.3063566140615515,0.3154063953500316,-0.14682278519080252,0.02991700465338701,0.1761282677405472,0.016830137725173746,-0.3444298780074724
-0.22461031265325648,-1.1826741109706491,-1.2784081906320388,0.29943812982484164,1.7154585219926295,0.8613133266786301,1.3198533835288573,2.245300802261577,-0.6988817362150895,0.7556332020369115,1.0013106055576326,0.7439791168124718,-0.5059974322168567,0.7723682018282689,-1.362013508282654,0.5320246108072612,-0.14734011052182447,-0.7704306618853679,-0.6830297258397242,1.9773595029209017,1.52023549264028,1.1691325999190583,1.7092724764775755,0.11359931889696832,0.8189522163044765,0.5091208981790227,0.029277673616252258,-1.3993070671169836,1.5139232964985363,-0.6595010553662142,0.34758499251868286,0.9602848747411089,-1.2753332571733476,0.7124058857419894,-1.1662860293819608,0.8111261245484191,2.7708388070631194,-0.4726120713013082,-1.6402758379697995,-1.680068477446547,-2.15445015979434,-0.4075754052052232,0.5590860903631246,-0.7050423522192856,1.567320105531072,1.3423724922071107,-2.7460259831287503,0.9987885440066911,1.2878408564991932,-0.3736050983607374,-0.1621768040639105,-1.5411100039795664,0.7591459403383285,1.296434976322545,-0.3901139874609645,-2.15777835569868
-0.024997454823336474,-0.8622328710303313,-0.6520142838990117,0.05741046705197769,0.8613133266786301,0.6585206568991933,0.8593115000477609,1.9709871222344286,-0.15455868687185628,0.23947373887818238,1.1947052748814797,0.4957363064506426,-0.395889890222733,0.70783588857688,-1.0110890090577969,0.3198460963943703,-0.5772273637010485,-0.7911449493913681,-0.5359756691936546,1.33663060954694,0.9526779849581267,0.2927997965625338,1.3844910832933475,-0.18750822506558334,0.20483459600452741,0.4574840142752442,0.29570140112468435,-0.37822804500834345,1.1878362754331044,-0.9075764308700061,0.08534996284122205,0.5362288487279486,-1.4253274150059128,0.9530085178348873,-0.8575577305596473,-0.012038927959415307,2.129887390925208,-0.8626390973685967,-0.9236543618736109,-1.0651299170231947,-2.33199844512658,-0.7679338283817639,0.509744138923881,-0.3252551928733361,0.3567675705890344,0.1844256191429519,-2.116292165952308,0.7621463949131995,1.0376126963584136,-0.7561028522731836,-0.6305450867915506,-0.9854655826360363,0.557419174593488,0.8037056560261788,-0.4280689753215351,-1.1174733228829208
-0.03433919466403181,-1.3643523425950415,-1.1971746025376224,0.11592058003617722,1.3198533835288573,0.8593115000477609,1.3379913250886692,3.6453520522356255,-0.22653031511535876,0.44499007167624083,2.2482726985425505,0.7715234234552798,-0.8327860140403545,1.321281339479042,-1.8871613285590703,0.5424327491736379,-0.8957658429662916,-1.1937860719051896,-0.9015237428698084,2.2727643602944965,1.2369153153008334,0.41404278924743176,2.2474612487964647,-0.6398307924040665,0.3987534493842565,0.7755716116010131,0.6074426506921281,-0.33074597349398077,1.9806176221366332,-1.2800003190761848,0.09611736849276813,0.7593444403115105,-2.175286159697739,1.6574539276618394,-1.4044697056260163,-0.10202549565000675,3.5660409635852703,-1.6272457516780856,-1.6615004334794927,-1.9501561024123226,-3.6340232897591216,-1.4171278468550417,0.8962562627120929,-0.7552532738705348,0.6988004871676559,0.34100807341285494,-3.4261734525967027,1.4124627260662241,1.9400064757102347,-1.4028939925528652,-1.1338015624013842,-1.5282001954235878,0.8731242985612918,1.0734154566443432,-0.45468011857573193,-1.7718245049280446
0.519176717032938,-4.276626043624631,-3.311559430622892,-0.2177591619116167,2.245300802261577,1.9709871222344286,3.6453520522356255,15.341907460687542,0.915414605970426,0.3520810595037728,10.739990317893477,2.1553755107199755,-3.693631983030101,5.712105209986657,-7.338874715291003,1.5749988209642463,-4.765025231231321,-4.466253672251869,-3.240995571321088,7.406882911468593,1.9347865997280087,-1.3621117056218,7.910880117522947,-4.785572341090513,-0.10350445439997646,3.047674044391888,3.748426298468068,3.003667465282947,7.0465368967518085,-5.134189381629656,-0.6106106205418356,1.2513768318313432,-8.595004004484064,7.777650256584619,-4.6563955094814515,-3.327853179861116,12.571339155227674,-8.57763415359688,-4.962456371583531,-6.658847944547762,-14.43388636624342,-7.4315851702905755,3.6725614400980935,-2.674220533827826,-0.5928808789194573,-2.148963347916887,-11.59834213051871,5.541598095522379,7.90535176568214,-7.464131481671533,-6.415087205001957,-4.044895539140833,2.712347555382301,1.8220274583357423,-1.006417242238439,-3.592458425940611
0.2253244721408164,0.043910063254658474,0.32223742158782137,-0.2338777867704459,-0.6988817362150895,-0.15455868687185628,-0.22653031511535876,0.915414605970426,0.5853878700255639,-0.4429813514488831,1.0049778996406993,-0.11092979159004193,-0.2137345100650366,0.3791380870691203,-0.24336821932064479,-0.09009774080610379,-0.6965259836514488,-0.26839870082361145,-0.08227198940348876,-0.0877013994067313,-0.5451917579516774,-0.944614771097257,0.20061974185460504,-0.7355618563520887,-0.5609281635256036,0.1609501206237663,0.5477232262297924,1.2816085310496304,0.16603918189209274,-0.4833382184908895,-0.30594594577226264,-0.36883698416195376,-0.6360917605632139,0.7750742511989475,-0.011856888385532,-1.0295827331665723,0.24649236737447647,-1.017638486829276,0.2917445248364646,0.06121688974068147,-1.0320761928946587,-0.8918963012049986,0.21851475102225149,0.09179518419994762,-1.135340339337726,-1.218607254644195,-0.14459013991278635,0.2062406993661284,0.3794348484702593,-0.9170935429756378,-0.9033835305387088,0.29721579839582496,-0.0303844379122071,-0.44824447622595764,0.0012247298307617794,0.7734717630715895
-0.15928844484367535,-0.3333935640035171,-0.5369961835905437,0.19267892099849251,0.7556332020369115,0.23947373887818238,0.44499007167624083,0.3520810595037728,-0.4429813514488831,0.420871984397659,-0.07213395982766882,0.243082728648556,-0.10406858975968743,0.09864154484963594,-0.3436460019089143,0.193260183939805,0.27999290943564825,-0.06494110599276429,-0.16121486558666823,0.6143444681753927,0.5618686057062275,0.7193369201188423,0.38116365453927825,0.2512717302562536,0.4934833780664928,0.0791309302530105,-0.1940329828039423,-0.8620785121600288,0.35911227859204536,0.09257718188684669,0.2173837905560913,0.3920891572608877,-0.026336768055454984,-0.11200225171453877,-0.31916451902996473,0.6518403942787939,0.6865717199754366,0.24863690581474635,-0.6302825334319665,-0.5578427308342133,-0.08898723533054907,0.2285934071794769,0.07864027514150307,-0.3052987712565731,0.9695148061249936,0.9200900836214159,-0.6879564755070543,0.23816663017921771,0.2662292275437466,0.24750407928062793,0.3199466453894383,-0.532460312640095,0.21213989684376555,0.4820158847034981,-0.03271927319837385,-0.9214274067239945
0.49683254949614836,-2.789617295913836,-1.961338966410119,-0.30415888982765155,1.0013106055576326,1.1947052748814797,2.2482726985425505,10.739990317893477,1.0049778996406993,-0.07213395982766882,7.768297187810694,1.345112216208648,-2.5806228740512567,4.02496197136102,-5.00387007811318,0.976420815057912,-3.6196281150605185,-3.129237328050483,-2.192994920305594,4.822457437559113,0.9034602719600976,-1.5457008431353185,5.353176003218355,-3.65762919642607,-0.45347498349177484,2.1195090125770304,2.8462694370486514,2.8577822653727196,4.759278215278671,-3.717693652293777,-0.612201035636908,0.5726604495145419,-6.103822139921296,5.658764159140585,-3.077958847113148,-2.8998500617098126,8.456556699047002,-6.351875928905284,-3.070529194042982,-4.346728291929205,-10.225068489055435,-5.5103829791184795,2.570759909128918,-1.6986989857321055,-1.1705220250622264,-2.2530706561750806,-7.745889089107112,3.793913409459596,5.470629712087074,-5.549096281815785,-4.848472373307273,-2.463282337919665,1.7675661731794168,0.8951471736126894,-0.6641607603710126,-1.8380781332309264
-0.011894613478221919,-0.7934018224633353,-0.6853959772160565,0.05902150850641265,0.7439791168124718,0.4957363064506426,0.7715234234552798,2.1553755107199755,-0.11092979159004193,0.243082728648556,1.345112216208648,0.4455940565934893,-0.49227904538414397,0.782903697160411,-1.1074474774662302,0.31269482394889353,-0.5471435564854096,-0.7054792733537667,-0.5280951720544315,1.3206147307215517,0.7019545940333198,0.2073301990939192,1.3166116945042083,-0.3982246695106404,0.2118563610369051,0.4575500363799743,0.3732501094469737,-0.14735863052838324,1.1597309092822643,-0.7637973507568894,0.04509431261110017,0.429443415572312,-1.290726331689542,0.9932468317727613,-0.8186322836105145,-0.09632900718336368,2.086120548919199,-0.9840240937987477,-0.9569371345626988,-1.1332363270824601,-2.154919831060226,-0.8572540753015268,0.5298223323011694,-0.43596215928588977,0.3657612947029531,0.15455900487515914,-2.0013377015613036,0.8297766167076871,1.1431137880493634,-0.8498546613654806,-0.69279790206126,-0.8798354773300109,0.5076887196989864,0.6099445369873578,-0.26563040635195084,-1.004488760146342
-0.12009980889718494,0.984139291320152,0.8161339027527539,0.041049966376274935,-0.5059974322168567,-0.395889890222733,-0.8327860140403545,-3.693631983030101,-0.2137345100650366,-0.10406858975968743,-2.5806228740512567,-0.49227904538414397,0.9146727352050901,-1.3766971446451315,1.779027606784528,-0.37435905140761816,1.0875615245835122,1.0078363177551322,0.7623416829152303,-1.7548483186015185,-0.3612922802135292,0.3248562388230532,-1.837279730568023,1.2071845033592143,-0.002515662503437942,-0.7169511437688605,-0.9044660868875788,-0.7707118478355551,-1.6527137381068333,1.1292774195322446,0.15153054680501685,-0.26112789586108426,1.94908583389027,-1.8336300227158084,1.0864205296724772,0.7874930944341565,-2.953698101493567,2.0525733452687596,1.206829828200196,1.6167577404109563,3.2983598848245426,1.7702394815069185,-0.8725813240506688,0.6924267356362231,0.08847154212339116,0.47325379756593733,2.6925402210113654,-1.3399178133518261,-1.9122169609473183,1.7790455110895953,1.51528697326567,0.9220264140413781,-0.6213371076737851,-0.3579529923482677,0.16052555787079056,0.8311558572667479
0.20713751269594335,-1.56687231429411,-1.1963966141470777,-0.09635251009607361,0.7723682018282689,0.70783588857688,1.321281339479042,5.712105209986657,0.3791380870691203,0.09864154484963594,4.02496197136102,0.782903697160411,-1.3766971446451315,2.1296507160934275,-2.719125499169863,0.5725647721821836,-1.7996478578508552,-1.6577912093768767,-1.1971704321032344,2.7167887454966553,0.663934693532546,-0.5700578323329774,2.9203132062219965,-1.8189506991541355,-0.07699159055652369,1.1318813678126003,1.419477433474843,1.2026537584759391,2.6015669572773295,-1.916234114725625,-0.24740846274266615,0.4303591730706568,-3.1997962926184935,2.915515452437289,-1.711530910645537,-1.2987557327526003,4.638076444995678,-3.2296594296670937,-1.805559849040285,-2.4467373449192933,-5.3728371821389524,-2.798268728451176,1.3664251365943607,-0.9810456216088574,-0.29699993972888467,-0.8764468283023036,-4.270517585716328,2.0545949441034006,2.9372699128364985,-2.8121627445478374,-2.4242903673961744,-1.4625862516460804,0.9933463944079792,0.6313810880343477,-0.363890222940483,-1.2626699757542976
-0.17618016123961722,2.13646542355625,1.779353738661696,0.01990931173038469,-1.362013508282654,-1.0110890090577969,-1.8871613285590703,-7.338874715291003,-0.24336821932064479,-0.3436460019089143,-5.00387007811318,-1.1074474774662302,1.779027606784528,-2.719125499169863,3.5856097209091105,-0.8181317334354818,2.107393918264998,2.109882999921222,1.5836464741529457,-3.7237884793852607,-1.1243436939255536,0.3381340772154733,-3.8565406298804352,2.1475593970869644,-0.1616628223120851,-1.4589837720713135,-1.6766424203199504,-1.0563575787673458,-3.445961963165896,2.350958534149145,0.19634605740991412,-0.7436025967854734,4.020752439565875,-3.5930725692536365,2.310319853598529,1.2860692362357573,-6.16772647811686,3.9153917699905394,2.5910708595329384,3.3563601973690878,6.77492628268829,3.3854570896324434,-1.7525573506727572,1.3887899705722244,-0.13506027975137908,0.6166593632188657,5.707821392551116,-2.6980564061771513,-3.8183732726403266,3.3929871183969853,2.8691940544119454,2.1098053311580682,-1.3548330132373794,-1.042044326599408,0.47220257673530114,2.062800016094856
-0.013409843691398745,-0.5566332206415552,-0.5167679076093041,0.05182444163181303,0.5320246108072612,0.3198460963943703,0.5424327491736379,1.5749988209642463,-0.09009774080610379,0.193260183939805,0.976420815057912,0.31269482394889353,-0.37435905140761816,0.5725647721821836,-0.8181317334354818,0.22753846954992435,-0.3615669643488972,-0.4768362837674372,-0.3767019913729313,0.9539479636030734,0.45952001576829943,0.16176197539397827,0.9261755356424354,-0.318120051568168,0.17599677719001586,0.3249255335550478,0.27071236997664944,-0.09125640792579501,0.8248597491946603,-0.49515856181101503,0.033010374268510105,0.29515496116035933,-0.8730494620972125,0.7004493166044372,-0.5809646113648333,-0.05435832562051871,1.48754886362492,-0.7068959969253533,-0.7119822747222727,-0.840405094525008,-1.471703358153827,-0.61114648133518,0.38051087833664404,-0.34890471033546955,0.30920754920495414,0.14896305765535744,-1.410602579304515,0.6108658363060745,0.8413575834962523,-0.6060670228619421,-0.4844007749806336,-0.6185245503088816,0.3547167693001045,0.4049145145728727,-0.14782564981958196,-0.724384326140469
-0.31746917076145176,1.2018511337298299,0.5982770115369432,0.2576864125388151,-0.14734011052182447,-0.5772273637010485,-0.8957658429662916,-4.765025231231321,-0.6965259836514488,0.27999290943564825,-3.6196281150605185,-0.5471435564854096,1.0875615245835122,-1.7996478578508552,2.107393918264998,-0.3615669643488972,1.917227405756687,1.533605577460311,0.961904321014249,-1.9644858890812347,-0.33041550413488224,1.0768912921918772,-2.398287893083142,1.705359053883425,0.5070192874630811,-0.9670122986267886,-1.4028234742104393,-1.6570417923676148,-2.0919768973405604,1.9569687089158898,0.38196572082435726,-0.14251433935216964,3.0203785323337624,-2.7323892968142425,1.321290747263241,1.6860425909431742,-3.683757286662824,3.070264886342949,1.074587502126703,1.6951499217293822,4.9909634051425025,2.6851138172012305,-1.1651457374874856,0.5376485542912675,1.1254392294197935,1.5797356820184412,3.406539032431877,-1.615518386407286,-2.366866057039238,2.710569288096499,2.44547098810668,0.9639451116930644,-0.7664295672097211,-0.32192020303850827,0.4424890428689956,0.4478032012117951
-0.15837775515479294,1.3749164315251248,0.9293279367042274,0.08709097803506162,-0.7704306618853679,-0.7911449493913681,-1.1937860719051896,-4.466253672251869,-0.26839870082361145,-0.06494110599276429,-3.129237328050483,-0.7054792733537667,1.0078363177551322,-1.6577912093768767,2.109882999921222,-0.4768362837674372,1.533605577460311,1.4795878825190072,0.9945571134113833,-2.247576561342239,-0.861049825218037,0.3790166099113088,-2.490149327410918,1.233288832063459,0.08662265825712374,-0.9325254769122076,-1.0762083067735224,-0.7150082223681087,-2.1754073015284785,1.7735840753884238,0.15769573344629034,-0.4843359630425617,2.8183322084812508,-2.35837703940869,1.4556132308973688,0.98050751447523,-3.8687142096155664,2.5153581193650387,1.429955426562224,1.9159205375961137,4.666955845962968,2.200512396981084,-1.1000349869234751,0.6566658645492693,0.2842592174690928,0.7105358833600054,3.6583631783464985,-1.6016333768626172,-2.2802437190427187,2.206712368178124,1.9296605531711746,1.3314123122980555,-0.8796135787466524,-0.7617802520672753,0.5124210982870658,1.1650286643340768
-0.07086799427937329,1.0036291854395616,0.7989698210629034,0.006331862223422205,-0.6830297258397242,-0.5359756691936546,-0.9015237428698084,-3.240995571321088,-0.08227198940348876,-0.16121486558666823,-2.192994920305594,-0.5280951720544315,0.7623416829152303,-1.1971704321032344,1.5836464741529457,-0.3767019913729313,0.961904321014249,0.9945571134113833,0.7226831555297202,-1.702330823720024,-0.6331255111634277,0.10110288280358685,-1.7819667941493735,0.870433133754541,-0.07863427240235508,-0.6612155053760242,-0.7193796959398138,-0.3568960754873041,-1.577693679094846,1.127381466279927,0.06654037314801167,-0.3920870894872854,1.8804746774460404,-1.604629245776144,1.0683262923026724,0.5315534137878377,-2.8216070681386514,1.7108674700375408,1.167775925428604,1.4966781153525912,3.146625963456655,1.486218642783209,-0.7848256380280892,0.582862799554569,-0.07412393207500285,0.2489509888913759,2.6461950982982825,-1.1935125113019533,-1.6833652523068472,1.487262537542525,1.263496111129272,1.0119263862678884,-0.6392428671817639,-0.5684364028835974,0.28844030238470353,1.0009141103654753
0.06011233145966279,-2.431242207750612,-2.100447617699518,0.10338596499481814,1.9773595029209017,1.33663060954694,2.2727643602944965,7.406882911468593,-0.0877013994067313,0.6143444681753927,4.822457437559113,1.3206147307215517,-1.7548483186015185,2.7167887454966553,-3.7237884793852607,0.9539479636030734,-1.9644858890812347,-2.247576561342239,-1.702330823720024,4.152941901576618,1.7493427024906891,0.2146316152781903,4.187890906577058,-1.777421369949529,0.47529427864262686,1.5158155775902367,1.477902925977201,0.26516077487305645,3.720804923740796,-2.446739191893573,-0.014919382185740977,1.1099356168483108,-4.190671217526537,3.4929750840998515,-2.565972825634183,-0.781912962561864,6.681403257623239,-3.644963218708001,-2.97588473580133,-3.6615086507284738,-7.039381933303787,-3.158774892798539,1.789743235376947,-1.4790619185110283,0.7554421134687461,0.008493491593778869,-6.2933756385622495,2.7937669856254512,3.8978668662254536,-3.1495360982667684,-2.6089263965884757,-2.5712388927501926,1.548444725806404,1.5567218493367867,-0.6611889261847811,-2.783944209848293
-0.16548304977419745,-1.130810898917485,-1.0096834600710678,0.20914253118344805,1.52023549264028,0.9526779849581267,1.2369153153008334,1.9347865997280087,-0.5451917579516774,0.5618686057062275,0.9034602719600976,0.7019545940333198,-0.3612922802135292,0.663934693532546,-1.1243436939255536,0.45952001576829943,-0.33041550413488224,-0.861049825218037,-0.6331255111634277,1.7493427024906891,1.5685840547138146,0.9373065426755992,1.6503047817874603,0.226825025363882,0.5862446244303832,0.48628968049732796,0.04229082036464507,-1.266691933909533,1.4144286674229327,-0.89288771697406,0.2936436919942254,0.9133724342918395,-1.4588931612063483,0.749492867736786,-1.087331689006157,0.6000582348866433,2.5650008648917226,-0.4796883623707053,-1.3364550604864474,-1.3754793618751402,-2.384778184115124,-0.4383342047371893,0.5156282886945495,-0.4477449842791352,1.1141019036747632,0.9505944948270396,-2.6191239182820367,0.8350383453872886,1.0770001624622216,-0.4078735818124899,-0.2618615994471178,-1.4411890225233395,0.733088099854278,1.3135142522302923,-0.5707534139593765,-1.888000373978376
-0.36146486849161036,-0.12185194926989029,-0.547763205988199,0.37599000701844965,1.1691325999190583,0.2927997965625338,0.41404278924743176,-1.3621117056218,-0.944614771097257,0.7193369201188423,-1.5457008431353185,0.2073301990939192,0.3248562388230532,-0.5700578323329774,0.3381340772154733,0.16176197539397827,1.0768912921918772,0.3790166099113088,0.10110288280358685,0.2146316152781903,0.9373065426755992,1.527605237148614,-0.2392705789420501,1.1754355942271801,0.9052808534551399,-0.2313775336523501,-0.8617777455278405,-2.0785849213493695,-0.19743260696018977,0.7117420121506199,0.4950156167323204,0.6242769486425953,0.9272808973343264,-1.1857026109404836,-0.03083763852288808,1.6461811883239494,-0.27273437209951523,1.582443113167515,-0.5141483066340774,-0.15224576148351376,1.5060053259267134,1.3852081793955988,-0.321506563785937,-0.15753245043107075,1.8294510818746708,1.9550890415393605,0.10663134118514858,-0.2909172190058977,-0.5541894144655687,1.4263105254235546,1.4094497208407089,-0.5348126389465055,0.08228094332077322,0.7710008125439707,-0.03556190933427208,-1.3019445948172854
0.1751887013005798,-2.4955313294405124,-1.938927505704966,-0.0233604468033217,1.7092724764775755,1.3844910832933475,2.2474612487964647,7.910880117522947,0.20061974185460504,0.38116365453927825,5.353176003218355,1.3166116945042083,-1.837279730568023,2.9203132062219965,-3.8565406298804352,0.9261755356424354,-2.398287893083142,-2.490149327410918,-1.7819667941493735,4.187890906577058,1.6503047817874603,-0.2392705789420501,4.415278285429961,-2.068145808328765,0.17313825410505884,1.6297789586529807,1.7501575255493647,0.8137641468379128,3.8946340357587297,-2.8487875636667503,-0.1549834610537103,0.9996180136624968,-4.700076052349434,3.9490470375176105,-2.6429830192786405,-1.3001956881305585,6.960906840101736,-4.181575916875174,-2.846233129470193,-3.6460859386480546,-7.8424241386411895,-3.639879274686045,1.9264408800020962,-1.3806191694098275,0.14377524094502683,-0.6355091176020286,-6.5582411733916155,2.909374876690091,4.101676769797543,-3.6412476179530398,-3.1048639091753514,-2.524526753052163,1.5920143972741918,1.4690680310500546,-0.7806688325285948,-2.4862857428871084
-0.32083883481375197,0.9624918137517735,0.6217906235559367,0.23458797253195782,0.11359931889696832,-0.18750822506558334,-0.6398307924040665,-4.785572341090513,-0.7355618563520887,0.2512717302562536,-3.65762919642607,-0.3982246695106404,1.2071845033592143,-1.8189506991541355,2.1475593970869644,-0.318120051568168,1.705359053883425,1.233288832063459,0.870433133754541,-1.777421369949529,0.226825025363882,1.1754355942271801,-2.068145808328765,2.0196658415430377,0.45358454971595646,-0.892089662593879,-1.458564575935631,-2.018658164026648,-1.869812636446583,1.5010406635014102,0.43790744228702067,0.09518314526175478,2.5012888521485053,-2.6059749201432703,1.1360084355695448,1.7347794415205753,-3.304586922856238,3.089660632894911,1.060838949395536,1.7071378667232662,4.229126851952291,2.6664461434121693,-1.117235360954694,0.7299070904646596,1.020601284305227,1.5218867841425092,2.898140518802277,-1.6331403809134688,-2.406391619566786,2.6993386043608227,2.3882064708376847,0.6648238097997503,-0.6014329484858123,0.11394967830457879,0.06424884044576996,0.17254164105331965
-0.20861798146737395,-0.24395162176811036,-0.5309580488540977,0.23929345012077854,0.8189522163044765,0.20483459600452741,0.3987534493842565,-0.10350445439997646,-0.5609281635256036,0.4934833780664928,-0.45347498349177484,0.2118563610369051,-0.002515662503437942,-0.07699159055652369,-0.1616628223120851,0.17599677719001586,0.5070192874630811,0.08662265825712374,-0.07863427240235508,0.47529427864262686,0.5862446244303832,0.9052808534551399,0.17313825410505884,0.45358454971595646,0.5970750733731129,-0.012505161119410078,-0.35908196636933976,-1.1228383394759205,0.18040246715627256,0.30417770729833343,0.27942195144684234,0.41815100247885567,0.2827286680789099,-0.4058007817808395,-0.215893659213961,0.893675529604201,0.3775077785785222,0.5915610422230836,-0.5847474915586357,-0.4406861088683875,0.41702795984128505,0.5296465157755967,-0.033518254943397094,-0.2814155749610844,1.186392094632222,1.1787691562840743,-0.40770452074638586,0.09603892509473926,0.04940906714272878,0.5531520206058865,0.6057237647647586,-0.48827683059719335,0.1550571736548167,0.49894309122257274,0.009475800601009391,-0.9709336988411538
0.09713694170683221,-0.8944670794329262,-0.669999722296774,-0.040355235321018465,0.5091208981790227,0.4574840142752442,0.7755716116010131,3.047674044391888,0.1609501206237663,0.0791309302530105,2.1195090125770304,0.4575500363799743,-0.7169511437688605,1.1318813678126003,-1.4589837720713135,0.3249255335550478,-0.9670122986267886,-0.9325254769122076,-0.6612155053760242,1.5158155775902367,0.48628968049732796,-0.2313775336523501,1.6297789586529807,-0.892089662593879,-0.012505161119410078,0.6177230990240786,0.7277746651524284,0.5119515863968882,1.4414259024788065,-1.0833410904260607,-0.10536697327089496,0.2968166951497077,-1.7824214208038913,1.5563310617633943,-0.9610214304763611,-0.6305697628121825,2.5704579229457885,-1.6881989398433257,-1.0057564388250775,-1.3355435474040127,-2.9780504040632807,-1.4675985488734984,0.7373961893748963,-0.5105392093001601,-0.10171472327725675,-0.4044572813675488,-2.3973789795126983,1.102915382325911,1.5687742520805865,-1.4722987340169675,-1.2691057761578857,-0.864139809097245,0.5693205495478885,0.4429064885448628,-0.2579024144683505,-0.7835888860338073
0.2449181719521307,-0.8504671685673381,-0.4946761458037213,-0.18600135812593072,0.029277673616252258,0.29570140112468435,0.6074426506921281,3.748426298468068,0.5477232262297924,-0.1940329828039423,2.8462694370486514,0.3732501094469737,-0.9044660868875788,1.419477433474843,-1.6766424203199504,0.27071236997664944,-1.4028234742104393,-1.0762083067735224,-0.7193796959398138,1.477902925977201,0.04229082036464507,-0.8617777455278405,1.7501575255493647,-1.458564575935631,-0.35908196636933976,0.7277746651524284,1.1151564237858833,1.4216774747599354,1.555049016315854,-1.3373810353304398,-0.31563741608704154,0.023989599663658108,-2.1467561882359507,2.081771883479023,-0.9661720172667074,-1.3196772335068532,2.7450092439703666,-2.4030930313050947,-0.8546795488767405,-1.3488547170256702,-3.5889969299105133,-2.0863489737849723,0.8941377881056304,-0.5108187272000855,-0.8067337705243777,-1.1834822755747014,-2.4739211306289524,1.2790014442662383,1.8770285826400457,-2.1088024139594537,-1.8798001308291883,-0.6453954695552342,0.5371536888627724,0.0840665678855133,-0.18867185994468744,-0.26353564988474454
0.49934176373836603,-0.09679152300927125,0.4014148664472786,-0.4805455207861249,-1.3993070671169836,-0.37822804500834345,-0.33074597349398077,3.003667465282947,1.2816085310496304,-0.8620785121600288,2.8577822653727196,-0.14735863052838324,-0.7707118478355551,1.2026537584759391,-1.0563575787673458,-0.09125640792579501,-1.6570417923676148,-0.7150082223681087,-0.3568960754873041,0.26516077487305645,-1.266691933909533,-2.0785849213493695,0.8137641468379128,-2.018658164026648,-1.1228383394759205,0.5119515863968882,1.4216774747599354,3.0264613913049887,0.7373717122363466,-1.1193396362113064,-0.6984674757636987,-0.7869180708491652,-1.651175034904313,2.083903349151825,-0.2672067074538721,-2.369578000394435,1.223266816625321,-2.714947762164078,0.23791937380756217,-0.3703710839823011,-2.7577808387282876,-2.3541410134117076,0.689596261246542,-0.11163151688381578,-2.3025791881385396,-2.611636525582392,-0.8751704222011278,0.8367052702254076,1.3750382395416343,-2.411871843639736,-2.2823694755569326,0.46856779770959023,0.04918680695919286,-1.0125891461037222,0.13026728207030658,1.4601411668455846
0.14985797581050794,-2.1988775704037744,-1.7472844490897737,-0.010097166181418631,1.5139232964985363,1.1878362754331044,1.9806176221366332,7.0465368967518085,0.16603918189209274,0.35911227859204536,4.759278215278671,1.1597309092822643,-1.6527137381068333,2.6015669572773295,-3.445961963165896,0.8248597491946603,-2.0919768973405604,-2.1754073015284785,-1.577693679094846,3.720804923740796,1.4144286674229327,-0.19743260696018977,3.8946340357587297,-1.869812636446583,0.18040246715627256,1.4414259024788065,1.555049016315854,0.7373717122363466,3.445481589857595,-2.4671807452885153,-0.13661795468964405,0.8720783429741165,-4.1085818782936805,3.4880417607221785,-2.3365518473605986,-1.1362382481480628,6.162279251278469,-3.708718622777243,-2.552263621416983,-3.263622520702407,-6.871138123783935,-3.223063549615099,1.7086305852760535,-1.26450258374525,0.17989614957733688,-0.5208129540134996,-5.7872957445623054,2.597115649384341,3.660667272622554,-3.2245255981470518,-2.7388892619411807,-2.2245209829969377,1.4011057324237715,1.2663962948093537,-0.6446439527018718,-2.2090291869690035
-0.24869632769292233,1.5346860214583626,0.8839115939991551,0.1820654882373502,-0.6595010553662142,-0.9075764308700061,-1.2800003190761848,-5.134189381629656,-0.4833382184908895,0.09257718188684669,-3.717693652293777,-0.7637973507568894,1.1292774195322446,-1.916234114725625,2.350958534149145,-0.49515856181101503,1.9569687089158898,1.7735840753884238,1.127381466279927,-2.446739191893573,-0.89288771697406,0.7117420121506199,-2.8487875636667503,1.5010406635014102,0.30417770729833343,-1.0833410904260607,-1.3373810353304398,-1.1193396362113064,-2.4671807452885153,2.2089648207911035,0.2615874641382902,-0.4595910372019675,3.4073058671218424,-2.8509033482631763,1.6263064372172868,1.4043372478608778,-4.3661573476223,3.0647392238633984,1.4451566695549214,2.0430314542526125,5.60781535645868,2.6915495555902473,-1.2767617155229563,0.6234880875917028,0.7323138404615366,1.2084604039734903,4.139268815597756,-1.7957019522868765,-2.582520061408786,2.704985816476182,2.4139186352483364,1.415779936720609,-0.9843066004709058,-0.7860641577463454,0.6571513146659097,1.0632710217877395
-0.11858166423827862,0.0029827852308515466,-0.1283072983661132,0.11814224117843573,0.34758499251868286,0.08534996284122205,0.09611736849276813,-0.6106106205418356,-0.30594594577226264,0.2173837905560913,-0.612201035636908,0.04509431261110017,0.15153054680501685,-0.24740846274266615,0.19634605740991412,0.033010374268510105,0.38196572082435726,0.15769573344629034,0.06654037314801167,-0.014919382185740977,0.2936436919942254,0.4950156167323204,-0.1549834610537103,0.43790744228702067,0.27942195144684234,-0.10536697327089496,-0.31563741608704154,-0.6984674757636987,-0.13661795468964405,0.2615874641382902,0.1636206098955124,0.1896568336117992,0.36764770573874717,-0.4565601175994038,0.03842324482459252,0.5533984827664152,-0.2199035498015881,0.5963116945826111,-0.09951303205789308,0.03464186896797468,0.6067734777317909,0.5193458782703442,-0.14223198147059,-0.007022683782762013,0.5695081671966266,0.6297042830765195,0.15034867570739438,-0.15869057813991827,-0.27022473015085785,0.5328434687276713,0.5126116967426104,-0.13075199094653042,2.883986537316207e-4,0.23765405487139613,-0.01681041782935924,-0.3730082995357899
-0.11561281481079848,-0.6875677881289132,-0.6822032756970883,0.15127700110561262,0.9602848747411089,0.5362288487279486,0.7593444403115105,1.2513768318313432,-0.36883698416195376,0.3920891572608877,0.5726604495145419,0.429443415572312,-0.26112789586108426,0.4303591730706568,-0.7436025967854734,0.29515496116035933,-0.14251433935216964,-0.4843359630425617,-0.3920870894872854,1.1099356168483108,0.9133724342918395,0.6242769486425953,0.9996180136624968,0.09518314526175478,0.41815100247885567,0.2968166951497077,0.023989599663658108,-0.7869180708491652,0.8720783429741165,-0.4595910372019675,0.1896568336117992,0.5551331977914914,-0.8121759754937078,0.4376299031709562,-0.6705529364083886,0.41702888518277337,1.5891541095566852,-0.2881389532426728,-0.8874359010098314,-0.9120972277998103,-1.349467782391542,-0.2554677757977439,0.321024985179368,-0.34615769576917804,0.7977277119539269,0.680894280846958,-1.5959670976859441,0.548396979024546,0.707801835246461,-0.2364134394497464,-0.12909741526378557,-0.8856000706481241,0.4433553160365563,0.7722396057490906,-0.2822313730400002,-1.2016788985492635
-0.34749753023238694,2.5570357461520064,1.6767112059658473,0.2136020130823746,-1.2753332571733476,-1.4253274150059128,-2.175286159697739,-8.595004004484064,-0.6360917605632139,-0.026336768055454984,-6.103822139921296,-1.290726331689542,1.94908583389027,-3.1997962926184935,4.020752439565875,-0.8730494620972125,3.0203785323337624,2.8183322084812508,1.8804746774460404,-4.190671217526537,-1.4588931612063483,0.9272808973343264,-4.700076052349434,2.5012888521485053,0.2827286680789099,-1.7824214208038913,-2.1467561882359507,-1.651175034904313,-4.1085818782936805,3.4073058671218424,0.36764770573874717,-0.8121759754937078,5.399594019393779,-4.593316141399078,2.7247138576521834,2.072706519085388,-7.296993867884985,4.95189173491734,2.621482848282201,3.5871926226000173,8.943449032123791,4.329950169564775,-2.1117282699762385,1.22694376109945,0.7771581267621034,1.5997236733970654,6.870308833955789,-3.056039366451486,-4.370805040468705,4.347672355439478,3.8208920034086766,2.415286198735014,-1.6345536750571066,-1.3021873908980897,0.9362364264539463,1.9993078066909338
0.3804680491473949,-2.060774698353518,-1.3571763994395547,-0.25170355647719417,0.7124058857419894,0.9530085178348873,1.6574539276618394,7.777650256584619,0.7750742511989475,-0.11200225171453877,5.658764159140585,0.9932468317727613,-1.8336300227158084,2.915515452437289,-3.5930725692536365,0.7004493166044372,-2.7323892968142425,-2.35837703940869,-1.604629245776144,3.4929750840998515,0.749492867736786,-1.1857026109404836,3.9490470375176105,-2.6059749201432703,-0.4058007817808395,1.5563310617633943,2.081771883479023,2.083903349151825,3.4880417607221785,-2.8509033482631763,-0.4565601175994038,0.4376299031709562,-4.593316141399078,4.173432394237648,-2.257145788312494,-2.178532622687976,6.187390999503245,-4.653403139738302,-2.1647721560350894,-3.0962041342134428,-7.658383588308978,-4.048651918903477,1.8774916428681316,-1.1456813261466063,-1.0009647644927406,-1.770368081206308,-5.706339518054208,2.730649395845957,3.9428106473211826,-4.077035344329439,-3.588473372431936,-1.815851671216026,1.3094621665840325,0.7184113897879757,-0.588267958598489,-1.3060936444612707
-0.06386576139697765,1.5216454411583433,1.2470858516036385,-0.031699732288886014,-1.1662860293819608,-0.8575577305596473,-1.4044697056260163,-4.6563955094814515,-0.011856888385532,-0.31916451902996473,-3.077958847113148,-0.8186322836105145,1.0864205296724772,-1.711530910645537,2.310319853598529,-0.5809646113648333,1.321290747263241,1.4556132308973688,1.0683262923026724,-2.565972825634183,-1.087331689006157,-0.03083763852288808,-2.6429830192786405,1.1360084355695448,-0.215893659213961,-0.9610214304763611,-0.9661720172667074,-0.2672067074538721,-2.3365518473605986,1.6263064372172868,0.03842324482459252,-0.6705529364083886,2.7247138576521834,-2.257145788312494,1.603435186830824,0.5985081744745274,-4.186602011080933,2.359171865905464,1.7936452376402756,2.2390160153250562,4.556737233309229,2.050776542007718,-1.132364506333476,0.8695039135879987,-0.3106147398381482,0.15144108193333902,3.954405891705676,-1.7379822093374684,-2.433865217404763,2.0471096049830524,1.720080377785759,1.585297191680596,-0.9706262031142092,-0.9635261800171017,0.45986496952361866,1.65449614143341
-0.4172208523697603,0.4657555808835801,-0.09717396097906547,0.39418707375848655,0.8111261245484191,-0.012038927959415307,-0.10202549565000675,-3.327853179861116,-1.0295827331665723,0.6518403942787939,-2.8998500617098126,-0.09632900718336368,0.7874930944341565,-1.2987557327526003,1.2860692362357573,-0.05435832562051871,1.6860425909431742,0.98050751447523,0.5315534137878377,-0.781912962561864,0.6000582348866433,1.6461811883239494,-1.3001956881305585,1.7347794415205753,0.893675529604201,-0.6305697628121825,-1.3196772335068532,-2.369578000394435,-1.1362382481480628,1.4043372478608778,0.5533984827664152,0.41702888518277337,2.072706519085388,-2.178532622687976,0.5985081744745274,2.0233961547261212,-1.9486494043981843,2.65337514448229,0.1554271844095766,0.7254464826563242,3.420986649632156,2.31589883159868,-0.7971613130489227,0.18063300928417103,1.8560524972994028,2.177286568963539,1.6725014394720819,-1.0067067088172696,-1.5693104205769972,2.3592056078957127,2.20956311457817,0.04174802748303821,-0.29179534625347675,0.4654462046141978,0.133060475618296,-0.7614035027165289
