V1,V2,V3,V4,V5,V6,V7,V8,V9,V10,V11,V12,V13,V14,V15,V16,V17,V18,V19,V20,V21,V22,V23,V24,V25,V26,V27,V28,V29,V30,V31,V32,V33,V34,V35,V36,V37,V38,V39,V40,V41,V42,V43,V44,V45,V46,V47,V48,V49,V50,V51,V52,V53,V54,V55,V56
3.779581126559211,-0.9363665190230087,2.1578210340361172,3.818652842757632,-11.14810425317554,6.950516180381195,7.844731288744165,-7.580292914306177,25.899999356522894,-5.175222474916201,4.6145118310507005,-0.764893899096252,-0.8656034096332499,4.386016466452299,-4.713723000807043,1.8864875678664494,0.29923394999286645,3.681789258217881,-10.779086079499944,4.118105171964763,14.753053694571658,20.34404409975592,-8.335836366875816,-11.91184028457526,-17.391690175794277,-1.402936888725298,-0.7450198126643516,-3.215734314485505,5.172659866766004,-9.750932723023361,5.0070507319314075,12.298331286006405,15.684438071567735,-1.5175840561265168,-1.1383953903640536,11.820915161889813,3.542681716211367,-12.332442472283292,1.8246255472984467,-11.050818580857195,-9.538132938698686,2.3723835198923724,16.667647941721466,-14.553774594313449,-16.698720727485487,4.691908422892586,-8.482897685873608,-8.790182265120693,4.880235666250072,-3.7885242094383322,-7.298377107775829,7.054384480901322,3.4637694342151115,4.604207589087337,2.249543200363831,14.337235202384921
-0.9363665190230087,0.844899392159813,-0.5632591347046916,-0.07445273592855306,0.8399089420886522,-0.9295253358479114,0.5078357106124708,-1.3682667258348196,-1.7021947384960598,0.33717242899760597,0.4530122547809463,1.0306129323122457,0.4221723230109669,-0.5609606776387219,0.5295463942236392,-0.9984416049585697,0.5572512860316664,0.7794077364934578,0.19775718555879043,-0.6511518186818307,-0.881072988658484,-0.9751533563674297,0.38559083185195764,0.9758411412607018,0.8113873994807934,1.4500367353980324,0.5095093337444504,0.4182104608114369,0.542925865818321,-0.1463344872701303,-0.9729412900252502,0.1169832219353397,-0.5724574605558309,0.5786795341674928,0.3154726107203063,0.22708519498697063,0.5046165334501405,1.203522540124799,-0.07027729267055204,0.5506585610691991,0.4781018193758822,0.7873588423406214,-1.1975089946626196,0.15868574068732125,0.663797424140257,-0.8296929420035117,0.8860548100257936,-0.7364598698419009,-0.12375603238908385,0.2503297421976392,-0.17342687718019095,-0.9257779438790404,-0.5396379209672351,0.5871189980718525,-0.35747719324262334,-0.6742596158418486
2.1578210340361172,-0.5632591347046916,1.2356293432404102,2.135888618183226,-6.257932319022445,3.929349502457439,4.3472423592214655,-4.151126581935426,14.524100256187873,-2.900877349487227,2.5438250279415704,-0.47780536508217436,-0.5046093098960034,2.4704968530237483,-2.660046053713144,1.09992081332667,0.13687375010113095,2.009195271959755,-6.023241202947734,2.3297908205520175,8.270978754681035,11.392937442956923,-4.6709768538115934,-6.688862365700398,-9.737812051119251,-0.8586061957717974,-0.44111686245968496,-1.8147634211775663,2.857292859219935,-5.427562579221158,2.846107400382532,6.851479890270498,8.779092364718753,-0.8794218263269878,-0.6527175635398357,6.580040303544204,1.947906910732667,-6.9382147388039455,1.019408312030479,-6.184448340201268,-5.345936177028108,1.2887368075695596,9.358510237921463,-8.12188001949657,-9.339117904685052,2.6586636607635543,-4.779827678253161,-4.8658637907421,2.7232649030622063,-2.131465035891151,-4.061593154107599,3.980885030298613,1.9612687887375833,2.5443883502191578,1.2730311044970268,8.030060977501718
3.818652842757632,-0.07445273592855306,2.135888618183226,5.103441467349333,-14.02379849695609,8.153171393349446,11.43908678107224,-12.314510802098585,32.94059683045731,-6.588248928157507,6.9574400717846725,0.4261932766086329,-0.5782136200705146,5.193187149720852,-5.672880869605985,1.153859274242321,1.2070833335872861,6.147260530025947,-14.43162952881348,4.692265337789488,18.886773116416943,26.387010917401515,-10.826482316318822,-14.875332872607501,-22.590480530382507,0.15979918638390372,-0.28958122031052874,-3.793072671893978,7.837748186277053,-13.526906953612649,5.440175092597148,16.960385310743956,20.592419974821418,-1.2395712473671157,-1.100867064360037,16.465174660473696,5.5611066743903175,-15.119555142868728,2.3934700298524922,-14.311482784977278,-12.336259084963457,4.3552425166225035,21.04272038413306,-19.64805982018101,-21.862262919127918,5.220909202357754,-10.310445864511225,-13.052086337724564,6.493827243326396,-4.806041984699492,-10.212275576692933,8.309663576211763,3.9550246501561954,7.115311643409116,2.5605164736116355,18.611686442454605
-11.14810425317554,0.8399089420886522,-6.257932319022445,-14.02379849695609,39.04053960000374,-23.003513372016606,-30.955543973676413,32.728665448594214,-91.50648621488622,18.303394283747682,-18.73799056720891,-0.39494676018960634,1.8972940275208547,-14.654035207346208,15.91750547269047,-3.913573664267634,-2.89592658053841,-16.269393702958038,39.665874104223505,-13.336586621632762,-52.387844452781664,-73.00241100736595,29.930177721474262,41.47997123632444,62.48287242176149,0.6353363345576829,1.1737205024980806,10.700642508451025,-21.060223620036947,36.94736765956027,-15.611291726567899,-46.367046526994976,-56.8146785159393,3.8145823863247807,3.244018637960977,-44.928398790945856,-14.861193415543806,42.30815510012992,-6.613266710729353,39.62748623357729,34.13462119363766,-11.322460028017979,-58.51636018622625,53.93829925906447,60.39365363012475,-14.916691887628462,28.885892482803538,35.194461234552584,-17.892948981588486,13.330693002181961,27.83884081503501,-23.448926910853885,-11.227114249590517,-19.029008764817476,-7.278243007191527,-51.47520430549593
6.950516180381195,-0.9295253358479114,3.929349502457439,8.153171393349446,-23.003513372016606,13.810359995590492,17.61271659071408,-18.1614867255696,53.76869071192953,-10.749127082299308,10.564785384348314,-0.31724781742717556,-1.3229611361023919,8.754087001926687,-9.496506391137281,2.784267318237421,1.370557023465373,8.971250074923718,-23.03568942486861,8.054757105818139,30.74118773907634,42.7016490737503,-17.511947194028046,-24.479207875423697,-36.53407169030605,-1.149087542551174,-0.9491454814939024,-6.407226043378013,11.882194933655374,-21.264392070060808,9.555608271202999,26.729939745317605,33.150174919070125,-2.5257224103880076,-2.049317954089649,25.840864903687056,8.311966253184744,-25.09048127004228,3.8533391488090794,-23.172892993372454,-19.9903015986371,6.143241718340037,34.46438132043377,-31.247616174687405,-35.231614916549226,9.062961139774034,-17.179830481170637,-19.950418216270005,10.390479599015137,-7.857888936304868,-15.996860340032484,14.044375328428321,6.7835305023786105,10.706574700061664,4.397961075478142,30.108389361824663
7.844731288744165,0.5078357106124708,4.3472423592214655,11.43908678107224,-30.955543973676413,17.61271659071408,26.215981038425046,-28.905420789375057,72.93879730222845,-14.59567145311865,16.08286674590474,1.78986241238798,-0.9612314041853558,11.274242792488195,-12.348583326393838,1.8062728251134803,3.179504072640547,14.511745953758455,-32.37946996971758,10.055683933315224,41.88779079858309,58.730171797261804,-24.09436152047305,-32.773636636307344,-50.301335354948485,1.5428002015998958,-0.2419000759911731,-8.216255955813475,18.114425629550862,-30.636622321313347,11.465800337951164,38.34937403425356,45.96641740730633,-2.313049942655437,-2.220436139625281,37.3203649094533,12.958328348200435,-33.12761139495901,5.347982055394219,-31.85644071898962,-27.42541985947039,10.436488956187254,46.47923694479526,-44.19330830799848,-48.79688921777716,11.103640903228797,-22.521005775887268,-30.027418554046164,14.564044085755379,-10.613331691484856,-23.17077662780846,17.992953259998206,8.474767093283388,16.4962725484931,5.484623780736182,41.42844746463146
-7.580292914306177,-1.3682667258348196,-4.151126581935426,-12.314510802098585,32.728665448594214,-18.1614867255696,-28.905420789375057,32.67328962602796,-77.39138629770325,15.493378621371846,-17.88637903260174,-2.9405122951833227,0.6290868606110774,-11.68073983276955,12.85185796248514,-0.9920302433601387,-3.9929572731791017,-16.496362468233713,34.8862718324318,-10.260982493479114,-44.532502725703125,-62.692457282471,25.724112341644833,34.5712844141494,53.71961643892147,-3.091974469605403,-0.2336958857842079,8.495171015991405,-20.156184713885324,33.346907093259844,-11.463465123854935,-41.670334697565544,-49.24004083668838,1.931950068264921,2.0929401601828257,-40.66223666180468,-14.538481983224754,34.72392186354086,-5.731143745548393,33.99957440405374,29.243729864052575,-12.059271496031936,-49.18846157770358,47.738264098887576,52.246760034626654,-11.222046953252178,23.527511747318563,33.25059496991121,-15.673771710347445,11.239613344278006,25.27466071278896,-18.594246243747868,-8.650498542843104,-18.428584999243505,-5.593502081127746,-44.23166695219754
25.899999356522894,-1.7021947384960598,14.524100256187873,32.94059683045731,-91.50648621488622,53.76869071192953,72.93879730222845,-77.39138629770325,214.57050267845287,-42.92157902475853,44.204526435393596,1.2619928624346841,-4.32257940538785,34.27153661826044,-37.242353893200956,8.879298808703568,6.990730511859984,38.50503204364398,-93.18115470182062,31.14030717405765,122.87037700664497,171.3018960273997,-70.23237907420607,-97.1994278148502,-146.6260372293862,-1.0195461797471175,-2.5937926413305488,-25.019216146147606,49.685211283613576,-86.9078732561572,36.378593994368636,109.04039904815407,133.37219606566603,-8.774965596503153,-7.521760718614486,105.69326474752434,35.10267051141012,-99.06871864455796,15.525805777632545,-92.98588642184087,-80.08667904359717,26.866585407924674,137.17003122018494,-126.75080359879792,-141.76790743422026,34.79756431394153,-67.61357739374158,-82.97416239489574,42.02849171691361,-31.249824761817024,-65.50062122331988,54.824258906464316,26.21531331732505,44.917092311840356,16.99368218088035,120.79012689321036
-5.175222474916201,0.33717242899760597,-2.900877349487227,-6.588248928157507,18.303394283747682,-10.749127082299308,-14.59567145311865,15.493378621371846,-42.92157902475853,8.586723995142858,-8.849202827345932,-0.25709022979589374,0.8624759597510991,-6.855511414364199,7.445740403316092,-1.7727599145452404,-1.4022848841696924,-7.709728208074056,18.639649971945772,-6.226652947319837,-24.57767488539926,-34.2669628667773,14.047264901832026,19.442634269261664,29.331183273603205,0.19520471130221317,0.5163309205183374,5.0034069675667725,-9.942670131793653,17.389066594382257,-7.270864475852635,-21.815839738612798,-26.677859259181393,1.7506167472328793,1.5022706518689752,-21.146705692703804,-7.026431348933579,19.813730535420056,-3.10672573637711,18.603388887805597,16.01837440574506,-5.376110932344872,-27.434788712814445,25.358160910851318,28.362387239253323,-6.957252110470353,13.520365239285562,16.603250718536227,-8.410160999888314,6.247588214137824,13.104842373824352,-10.963536595796134,-5.240767867886144,-8.985886449879626,-3.397899486245102,-24.161696499407622
4.6145118310507005,0.4530122547809463,2.5438250279415704,6.9574400717846725,-18.73799056720891,10.564785384348314,16.08286674590474,-17.88637903260174,44.204526435393596,-8.849202827345932,9.904848352468033,1.2692318288895768,-0.5113722882008342,6.788112247917418,-7.428036259652006,0.9339485423892931,2.041017153090985,8.998586588800602,-19.709408223450197,6.018978381551305,25.397145124933008,35.65528052768062,-14.621506546647701,-19.82775875826206,-30.543699891073448,1.2011406794017332,-0.05895706764828661,-4.937875294845113,11.142881100391799,-18.718703093604784,6.8121998630628395,23.413287572777303,27.92784131580165,-1.3003190926686956,-1.2944319728651843,22.804201809553835,7.997178822329871,-19.995760606319173,3.2538480335394957,-19.349380664463716,-16.637521369301577,6.489030267748264,28.132904999157166,-26.93294238263541,-29.66373456016509,6.627012133407326,-13.570871028850766,-18.440480879922784,8.872894394382167,-6.414775587346611,-14.162021218492276,10.812683257450274,5.069013187278884,10.148050155571056,3.2817726891681014,25.14946433751196
-0.764893899096252,1.0306129323122457,-0.47780536508217436,0.4261932766086329,-0.39494676018960634,-0.31724781742717556,1.78986241238798,-2.9405122951833227,1.2619928624346841,-0.25709022979589374,1.2692318288895768,1.3105889635814636,0.4607447510858454,-0.1591777700588756,0.07669208137136549,-1.109112518223842,0.8093265361867512,1.587095012642479,-1.2242066518063863,-0.3236804267495292,0.8391058095744642,1.4868794571173491,-0.6258888612466553,-0.3154974059205298,-1.302238143747288,1.8016067382474839,0.5971960745298662,0.1286063472470343,1.4653817707858947,-1.5583344039912654,-0.6458320055132144,1.8705627013299864,1.3896414883015709,0.588034175798175,0.27722540071319013,1.9553542176759535,1.1878939650917704,-0.0584202069945802,0.158090539214642,-0.78289547419454,-0.6658412822872591,1.408305612791031,0.6668053414127997,-1.8058661124756974,-1.4125285731111352,-0.4893894554092616,0.043219644105856034,-2.233465072585806,0.5115264856334862,-0.1775705356932631,-1.2524510610194255,-0.2931026322470189,-0.2627420247890682,1.4425164534902555,-0.17933335803947684,1.0643382939962887
-0.8656034096332499,0.4221723230109669,-0.5046093098960034,-0.5782136200705146,1.8972940275208547,-1.3229611361023919,-0.9612314041853558,0.6290868606110774,-4.32257940538785,0.8624759597510991,-0.5113722882008342,0.4607447510858454,0.26888799181122786,-0.8238651563698544,0.863031370193223,-0.6114717944901868,0.14670132271735273,-0.26617110207006467,1.6265948172463731,-0.8170225536688508,-2.4328161756680573,-3.273143646885847,1.3373796026183156,2.0534000596596846,2.790346479689119,0.6966677586870973,0.2808937794672445,0.6073972546215225,-0.5634827044277981,1.3595669872338079,-1.0562433652881011,-1.7384622223752355,-2.4637966007545202,0.417297272478002,0.27240575242425974,-1.6321782274275922,-0.3401346464449448,2.1925781544906306,-0.2872917975536873,1.7836134470898997,1.5426236592817122,-0.07701671437223982,-2.818326313396014,2.157964383716711,2.6385592129279205,-0.9605317316385176,1.5292784502247039,1.021205119464453,-0.7465864152830836,0.634783587589806,0.9965643684164747,-1.3348829706817964,-0.6850268972378518,-0.4681807601657395,-0.4470081920276727,-2.302719502346499
4.386016466452299,-0.5609606776387219,2.4704968530237483,5.193187149720852,-14.654035207346208,8.754087001926687,11.274242792488195,-11.68073983276955,34.27153661826044,-6.855511414364199,6.788112247917418,-0.1591777700588756,-0.8238651563698544,5.5768501236016865,-6.023683642958747,1.7415048779411517,0.90641498698882506,5.778675301591313,-14.691185428767492,5.11238921890698,19.590269525992902,27.225017716818286,-11.153503436092386,-15.59648704813267,-23.29585473632647,-0.6584188113881756,-0.5833750833636759,-4.071136445951614,7.610363495370865,-13.592636250538737,6.041384424246572,17.074688938256987,21.127420705379684,-1.573399282653921,-1.2876891887081947,16.510915855649067,5.337249156936763,-15.965220474639505,2.46282139740494,-14.790905192139553,-12.732354211218759,3.938891221214701,21.940169206988465,-19.9509969250176,-22.487223797522454,5.74825134653063,-10.914033800764411,-12.767255403415012,6.64388444080743,-4.985077400570929,-10.220211690971077,8.924808441428478,4.298751384578441,6.840216445280689,2.7903417925772054,19.190870367175055
-4.713723000807043,0.5295463942236392,-2.660046053713144,-5.672880869605985,15.91750547269047,-9.496506391137281,-12.348583326393838,12.85185796248514,-37.242353893200956,7.445740403316092,-7.428036259652006,0.07669208137136549,0.863031370193223,-6.023683642958747,6.545514066024253,-1.8009129787970035,-1.0335159175571373,-6.362964321672924,16.02987651441593,-5.5235046604463625,-21.30548725264847,-29.629650033523795,12.15308425792942,16.927134195886303,25.35332096659285,0.5977060713382175,0.5902051847166127,4.407725906809529,-8.358892945170865,14.843452268505649,-6.524563056324149,-18.649219020337064,-23.027923815438932,1.6794533879620905,1.384261977272187,-18.044930970852924,-5.86482221854272,17.321289742290936,-2.6762381460211895,16.07618868037981,13.867709037165541,-4.392590662049022,-23.85641557256199,21.759780492979143,24.466158883042286,-6.201224581457916,11.851399649017027,14.010194650815764,-7.225702247155563,5.442402983289642,11.175330458762105,-9.660211572116376,-4.652950417851172,-7.545546619443201,-3.0156053370471754,-20.89331256518838
1.8864875678664494,-0.9984416049585697,1.09992081332667,1.153859274242321,-3.913573664267634,2.784267318237421,1.8062728251134803,-0.9920302433601387,8.879298808703568,-1.7727599145452404,0.9339485423892931,-1.109112518223842,-0.6114717944901868,1.7415048779411517,-1.8009129787970035,1.4035197753394246,-0.3939146410179967,0.3838666708027711,-3.2507164020371,1.739279014090305,4.979397623378546,6.6598397178402555,-2.7136676708396603,-4.250946061846738,-5.674696369609795,-1.6503167997617532,-0.6528623182927644,-1.2802237666271734,1.010173086939215,-2.664012235361514,2.267548662543977,3.4161422042722647,4.9755446659460665,-0.9300884398446724,-0.5962425922384416,3.1842311310323907,0.5792902293647483,-4.56489489554173,0.5838219840571373,-3.640111549940092,-3.137495057484581,-0.006016450056656592,5.796641921321688,-4.2999373295475465,-5.353217237573806,2.057613329890097,-3.1866215955860837,-1.8766718274333396,1.5060578751702975,-1.294058750978163,-1.9367985276397652,2.816101636457044,1.4542021463231096,0.8040492614809137,0.9514534862866353,4.680789125754703
0.29923394999286645,0.5572512860316664,0.13687375010113095,1.2070833335872861,-2.89592658053841,1.370557023465373,3.179504072640547,-3.9929572731791017,6.990730511859984,-1.4022848841696924,2.041017153090985,0.8093265361867512,0.14670132271735273,0.90641498698882506,-1.0335159175571373,-0.3939146410179967,0.6827611180286328,2.060987602425641,-3.43057103557202,0.7144634660737144,4.069544476576798,5.861344166699674,-2.4092773603781783,-3.0163986633333937,-5.034965451831727,1.0364141151299269,0.27692926089102676,-0.6516142192155908,2.309809792936216,-3.4500304307701417,0.6725084827461691,4.276306122431539,4.69580008699097,0.09545299099675722,-0.05334830253955444,4.228761148023135,1.7242026025929964,-2.915843005360497,0.5465069945912859,-3.1722394414138195,-2.719652798125374,1.6073768102860817,4.380227214207102,-4.754404045444959,-4.963305961801952,0.7229935960563876,-1.9369162639197568,-3.7305330172019624,1.5285620198172267,-1.007966617609028,-2.643955064381442,1.4214299968836621,0.6051881616294076,2.151624773215083,0.3879707858601206,4.140806931406643
3.681789258217881,0.7794077364934578,2.009195271959755,6.147260530025947,-16.269393702958038,8.971250074923718,14.511745953758455,-16.496362468233713,38.50503204364398,-7.709728208074056,8.998586588800602,1.587095012642479,-0.26617110207006467,5.778675301591313,-6.362964321672924,0.3838666708027711,2.060987602425641,8.33966657391064,-17.41928474103236,5.056175534429828,22.16641655329707,31.236131468846242,-12.816409846503198,-17.17637546185743,-26.768605135355127,1.7128281395555964,0.17488351991391107,-4.199836059633035,10.139845467640288,-16.691735603580657,5.618319127498521,20.849062717530636,24.55276441622143,-0.8977822578748246,-1.009508286919623,20.357272459328268,7.328074110412046,-17.22483458851139,2.8585795086967805,-16.940598535325027,-14.5658453569798,6.11617847127211,24.45604789367784,-23.852227117499638,-26.051705852118655,5.516500976438741,-11.660436463356914,-16.70862425731138,7.825458378140655,-5.58774744520915,-12.656950626527054,9.191715149012728,4.2624675937054946,9.277396922645787,2.7558803996828543,22.038699990100696
-10.779086079499944,0.19775718555879043,-6.023241202947734,-14.43162952881348,39.665874104223505,-23.03568942486861,-32.37946996971758,34.8862718324318,-93.18115470182062,18.639649971945772,-19.709408223450197,-1.2242066518063863,1.6265948172463731,-14.691185428767492,16.02987651441593,-3.2507164020371,-3.43057103557202,-17.41928474103236,40.82376210118264,-13.262815364718765,-53.4229947622436,-74.64398690844399,30.618188526796214,42.0766210916096,63.90586309489975,-0.48763310785590863,0.8094163864767178,10.723765161000086,-22.186453941256893,38.2823727994238,-15.36274188930837,-47.99226896781713,-58.244836630015584,3.4868778615918266,3.1038105013684714,-46.59315738575011,-15.749591545563648,42.755562074663864,-6.774617808176353,40.49638416211024,34.88838134271624,-12.32541439271587,-59.50771220891535,55.59453817367966,61.85938050240228,-14.754310276774422,29.14487036006129,36.942002633630814,-18.38217908367208,13.579660706780363,28.897209996224777,-23.49249167071468,-11.174037899887624,-20.129317520467566,-7.23670813320301,-52.645051507211306
4.118105171964763,-0.6511518186818307,2.3297908205520175,4.692265337789488,-13.336586621632762,8.054757105818139,10.055683933315224,-10.260982493479114,31.14030717405765,-6.226652947319837,6.018978381551305,-0.3236804267495292,-0.8170225536688508,5.11238921890698,-5.5235046604463625,1.739279014090305,0.7144634660737144,5.056175534429828,-13.262815364718765,4.717437070863376,17.78802626756976,24.675981780805504,-10.112766841127844,-14.20568769061848,-21.109481482229185,-0.8535679180902244,-0.6148644608805768,-3.7390133567471935,6.754875262647071,-12.204755361821004,5.617799718547658,15.347440784958993,19.124741025297176,-1.5251333725296727,-1.2181092431074654,14.82123618511375,4.7115042393268025,-14.583387885235043,2.226469205187284,-13.400713087328759,-11.549947739038071,3.4162585937575316,19.96585897374638,-17.982926344193153,-20.34730017439718,5.3209896154958125,-9.988161701462014,-11.364440039763283,5.99441750640379,-4.541996188310065,-9.169613114876647,8.197128947465197,3.96882823620493,6.064750600441009,2.5755290325189555,17.394655298441446
14.753053694571658,-0.881072988658484,8.270978754681035,18.886773116416943,-52.387844452781664,30.74118773907634,41.88779079858309,-44.532502725703125,122.87037700664497,-24.57767488539926,25.397145124933008,0.8391058095744642,-2.4328161756680573,19.590269525992902,-21.30548725264847,4.979397623378546,4.069544476576798,22.16641655329707,-53.4229947622436,17.78802626756976,70.37260682511634,98.13846128270409,-40.24093272032489,-55.6361016640692,-84.00381266779156,-0.42644314377440684,-1.4309376302912087,-14.30325731812317,28.556746914992768,-49.858693493828284,20.760857267343898,62.55096358173419,76.43398206810552,-4.9719817040084475,-4.280676270244299,60.6437570949707,20.186576854404617,-56.68612512064824,8.895217265816116,-53.264391971646475,-45.88226269645015,15.501443118037075,78.5421066785483,-72.67684719280712,-81.22942244500635,19.865725781913877,-38.68462110868318,-47.67153609995707,24.087225244231657,-17.900813201137815,-37.586651339011226,31.341127742116566,14.977657064124081,25.83297215442382,9.707355523978853,69.20329697382603
20.34404409975592,-0.9751533563674297,11.392937442956923,26.387010917401515,-73.00241100736595,42.7016490737503,58.730171797261804,-62.692457282471,171.3018960273997,-34.2669628667773,35.65528052768062,1.4868794571173491,-3.273143646885847,27.225017716818286,-29.629650033523795,6.6598397178402555,5.861344166699674,31.236131468846242,-74.64398690844399,24.675981780805504,98.13846128270409,136.93760365247056,-56.152941189554305,-77.50405584969378,-117.22198694309677,-0.15341818645437377,-1.845828852094734,-19.873927034204016,40.098282253017885,-69.76659498071567,28.73307383872918,87.50543662578494,106.70689510486002,-6.775012914305141,-5.8892133351534,84.87201012493784,28.38312292151088,-78.90148712023142,12.418208734424159,-74.31786811058147,-64.0135435389146,21.914600347895092,109.46492186652107,-101.58156459182527,-113.38924514926126,27.52682243055729,-53.82385546923131,-66.88663460269636,33.6467419143552,-24.953325799439217,-52.61277725450772,43.544395949352285,20.779103138742617,36.300243020087564,13.465288959773574,96.56640521204925
-8.335836366875816,0.38559083185195764,-4.6709768538115934,-10.826482316318822,29.930177721474262,-17.511947194028046,-24.09436152047305,25.724112341644833,-70.23237907420607,14.047264901832026,-14.621506546647701,-0.6258888612466553,1.3373796026183156,-11.153503436092386,12.15308425792942,-2.7136676708396603,-2.4092773603781783,-12.816409846503198,30.618188526796214,-10.112766841127844,-40.24093272032489,-56.152941189554305,23.031957971259438,31.77184995517466,48.06779732479303,0.04687860536228802,0.7498188884854017,8.146223340949282,-16.455470844498734,28.614786381572923,-11.778985094720655,-35.8932840048338,-43.76658200252643,2.7766687809292496,2.414053872389731,-34.81508759773725,-11.645864480507935,32.34694787590507,-5.090069615689208,30.466753404825813,26.254598193208782,-9.00844127363157,-44.888165683793055,41.66131969013322,46.49050566383266,-11.279623231632831,22.07151826036962,27.447518670161582,-13.792554855524953,10.24106107212646,21.58369000146683,-17.84814718247655,-8.519110843756987,-14.907823172444363,-5.518776089625441,-39.60105511670593
-11.91184028457526,0.9758411412607018,-6.688862365700398,-14.875332872607501,41.47997123632444,-24.479207875423697,-32.773636636307344,34.5712844141494,-97.1994278148502,19.442634269261664,-19.82775875826206,-0.3154974059205298,2.0534000596596846,-15.59648704813267,16.927134195886303,-4.250946061846738,-3.0163986633333937,-17.17637546185743,42.0766210916096,-14.20568769061848,-55.6361016640692,-77.50405584969378,31.77184995517466,44.081479425264156,66.33398836975114,0.8160232135469756,1.2952924999369873,11.387519357929973,-22.276407715024323,39.163358496452304,-16.64661202216096,-49.152885812033404,-60.2961687128116,4.099569296529941,3.4698534277236956,-47.616144210316634,-15.708979201244773,44.97994627699129,-7.020362576413034,42.07679178210114,36.239303914217984,-11.92319890175977,-62.1631129544727,57.209048916163944,64.10738847336965,-15.899078942546256,30.713514545101457,37.24328161980705,-18.987694809636128,14.155389273042568,29.5006088722449,-24.955548539322866,-11.956465631220903,-20.11373356073472,-7.752592578146882,-54.64690686831641
-17.391690175794277,0.8113873994807934,-9.737812051119251,-22.590480530382507,62.48287242176149,-36.53407169030605,-50.301335354948485,53.71961643892147,-146.6260372293862,29.331183273603205,-30.543699891073448,-1.302238143747288,2.790346479689119,-23.29585473632647,25.35332096659285,-5.674696369609795,-5.034965451831727,-26.768605135355127,63.90586309489975,-21.109481482229185,-84.00381266779156,-117.22198694309677,48.06779732479303,66.33398836975114,100.34589034669219,0.08928192255265364,1.5659629200990057,17.004403859942574,-34.348587831669604,59.74084316613715,-24.572967060719773,-74.92793802716655,-91.34791180456556,5.783333215973158,5.033030877159309,-72.67597088110905,-24.317309793342936,67.52315031643957,-10.631206226503458,63.61877211134284,54.79570552876246,-18.7847003048693,-93.69166152971653,86.97273755023242,97.06971995192875,-23.545665744790316,46.05886712158586,57.29054951242118,-28.806879987349514,21.356744764703862,45.05326406572125,-37.257518019382566,-17.77558800262893,-31.096005238492612,-11.519047012625071,-82.66319331127892
-1.402936888725298,1.4500367353980324,-0.8586061957717974,0.15979918638390372,0.6353363345576829,-1.149087542551174,1.5428002015998958,-3.091974469605403,-1.0195461797471175,0.19520471130221317,1.2011406794017332,1.8016067382474839,0.6966677586870973,-0.6584188113881756,0.5977060713382175,-1.6503167997617532,1.0364141151299269,1.7128281395555964,-0.48763310785590863,-0.8535679180902244,-0.42644314377440684,-0.15341818645437377,0.04687860536228802,0.8160232135469756,0.08928192255265364,2.519928207511502,0.8626447734914164,0.5032118512500171,1.3901565027411118,-1.0419910996879913,-1.376662625802482,1.1852455501240629,0.19381143880748086,0.9372188128267614,0.48589578071594164,1.345866875533872,1.1983456380138884,1.2032727376982306,0.02136190924552999,0.10741283956136413,0.11879985123865064,1.5969788000961305,-0.8580216277010173,-0.8680801405007889,-0.1355248888739831,-1.1310907903169383,0.9444050910164149,-2.023492853364123,0.17369128744079068,0.16959030544442102,-0.8891923221129632,-1.1179046120417113,-0.7089269395130835,1.4087626996960712,-0.4700626073380568,-0.08925445605537857
-0.7450198126643516,0.5095093337444504,-0.44111686245968496,-0.28958122031052874,1.1737205024980806,-0.9491454814939024,-0.2419000759911731,-0.2336958857842079,-2.5937926413305488,0.5163309205183374,-0.05895706764828661,0.5971960745298662,0.2808937794672445,-0.5833750833636759,0.5902051847166127,-0.6528623182927644,0.27692926089102676,0.17488351991391107,0.8094163864767178,-0.6148644608805768,-1.4309376302912087,-1.845828852094734,0.7498188884854017,1.2952924999369873,1.5659629200990057,0.8626447734914164,0.31932581738674287,0.4321530648478227,-0.04935093741650692,0.5581702020319649,-0.8448726931205174,-0.7405423910840672,-1.328983235236894,0.4075379937925926,0.24239784190944966,-0.6509983438938995,0.03734077210352836,1.4445239456569567,-0.1560259720267165,1.0123998159124605,0.8773994108302938,0.2619557341395382,-1.725152455048139,1.0339570176050719,1.4411199235536212,-0.7471396059042074,1.0255881871539154,0.18292469925511629,-0.38310656674013727,0.3818879467087133,0.38443607317753853,-0.9523579358438754,-0.5134277076636999,0.00966683284232357,-0.3368022531369126,-1.2944387537427549
-3.215734314485505,0.4182104608114369,-1.8147634211775663,-3.793072671893978,10.700642508451025,-6.407226043378013,-8.216255955813475,8.495171015991405,-25.019216146147606,5.0034069675667725,-4.937875294845113,0.1286063472470343,0.6073972546215225,-4.071136445951614,4.407725906809529,-1.2802237666271734,-0.6516142192155908,-4.199836059633035,10.723765161000086,-3.7390133567471935,-14.30325731812317,-19.873927034204016,8.146223340949282,11.387519357929973,17.004403859942574,0.5032118512500171,0.4321530648478227,2.976411833924853,-5.54539827168613,9.911449007009127,-4.42664652625493,-12.454661534792896,-15.426282917420972,1.1606248060036455,0.9460743737831347,-12.042628581511366,-3.884489287492763,11.663788197079537,-1.795667722431465,10.790724235633522,9.299039564051817,-2.8706711545702075,-16.026863884993706,14.55512021251317,16.4062157237925,-4.204727063874547,7.980170797597613,9.306770018321394,-4.843109865222566,3.648430994926132,7.454593750472445,-6.523593346020485,-3.146450988754096,-4.9914243467727495,-2.041106103377038,-14.010980156885475
5.172659866766004,0.542925865818321,2.857292859219935,7.837748186277053,-21.060223620036947,11.882194933655374,18.114425629550862,-20.156184713885324,49.685211283613576,-9.942670131793653,11.142881100391799,1.4653817707858947,-0.5634827044277981,7.610363495370865,-8.358892945170865,1.010173086939215,2.309809792936216,10.139845467640288,-22.186453941256893,6.754875262647071,28.556746914992768,40.098282253017885,-16.455470844498734,-22.276407715024323,-34.348587831669604,1.3901565027411118,-0.04935093741650692,-5.54539827168613,12.561243497549617,-21.06649446100141,7.651206340752736,26.355904696211326,31.4296316676924,-1.4572296630400574,-1.4529449076543977,25.674941712106005,9.011341484175503,-22.468766463221705,3.6549053907249487,-21.742936530861254,-18.72112695609719,7.348110599313177,31.638285480765795,-30.304615468122847,-33.34741054735716,7.433242113393108,-15.261097660206449,-20.78510326497039,9.968953231524107,-7.232213471076563,-15.948172863092854,12.141266722218582,5.695861777469366,11.463308498061618,3.6838269960793615,28.2892819259277
-9.750932723023361,-0.1463344872701303,-5.427562579221158,-13.526906953612649,36.94736765956027,-21.264392070060808,-30.636622321313347,33.346907093259844,-86.9078732561572,17.389066594382257,-18.718703093604784,-1.5583344039912654,1.3595669872338079,-13.592636250538737,14.843452268505649,-2.664012235361514,-3.4500304307701417,-16.691735603580657,38.2823727994238,-12.204755361821004,-49.858693493828284,-69.76659498071567,28.614786381572923,39.163358496452304,59.74084316613715,-1.0419910996879913,0.5581702020319649,9.911449007009127,-21.06649446100141,36.04269111723511,-14.040147211703452,-45.15209749531251,-54.50263816465863,3.0376079051619826,2.786935543953421,-43.880310143218246,-15.007541611604848,39.70305084970755,-6.342892992015441,37.85405820260668,32.5915883729362,-11.883593629468475,-55.44203462594266,52.19004204279409,57.887516735333136,-13.535457641610355,27.027818289142093,35.00877968326855,-17.237348391422547,12.648358128478906,27.22594607384005,-21.7098284758899,-10.281156132086856,-19.135983010300752,-6.657965375395608,-49.20633449431371
5.0070507319314075,-0.9729412900252502,2.846107400382532,5.440175092597148,-15.611291726567899,9.555608271202999,11.465800337951164,-11.463465123854935,36.378593994368636,-7.270864475852635,6.8121998630628395,-0.6458320055132144,-1.0562433652881011,6.041384424246572,-6.524563056324149,2.267548662543977,0.6725084827461691,5.618319127498521,-15.36274188930837,5.617799718547658,20.760857267343898,28.73307383872918,-11.778985094720655,-16.64661202216096,-24.572967060719773,-1.376662625802482,-0.8448726931205174,-4.42664652625493,7.651206340752736,-14.040147211703452,6.751355179437536,17.678409724482652,22.23015592962477,-1.921736786885325,-1.493529671105857,17.042447236593503,5.298432606899509,-17.149848313694513,2.584652032438518,-15.599124645376502,-13.461751337175107,3.7442403094907646,23.365895144561595,-20.790581131153683,-23.644378914005156,6.36176903385843,-11.77120267913168,-12.921147471150082,6.941536750943307,-5.320499286059311,-10.536553248752796,9.706264109407451,4.728443515950792,6.8559211835331375,3.068306842179526,20.25445788722174
12.298331286006405,0.1169832219353397,6.851479890270498,16.960385310743956,-46.367046526994976,26.729939745317605,38.34937403425356,-41.670334697565544,109.04039904815407,-21.815839738612798,23.413287572777303,1.8705627013299864,-1.7384622223752355,17.074688938256987,-18.649219020337064,3.4161422042722647,4.276306122431539,20.849062717530636,-47.99226896781713,15.347440784958993,62.55096358173419,87.50543662578494,-35.8932840048338,-49.152885812033404,-74.92793802716655,1.1852455501240629,-0.7405423910840672,-12.454661534792896,26.355904696211326,-45.15209749531251,17.678409724482652,56.57208412985516,68.35060846611911,-3.8577934854932696,-3.5201712205374602,54.96979424041632,18.76346726875785,-49.851382880038884,7.952372514534322,-47.474568396714574,-40.8840942530571,14.834725009553713,69.57775579466568,-65.41251889742551,-72.5880293582735,17.029385286581345,-33.94668239039395,-43.81317375631832,21.605839315581765,-15.87753531346003,-34.104712750818074,27.280739134770908,12.930213641725965,23.940302530547797,8.372855355026449,61.718408940898854
15.684438071567735,-0.5724574605558309,8.779092364718753,20.592419974821418,-56.8146785159393,33.150174919070125,45.96641740730633,-49.24004083668838,133.37219606566603,-26.677859259181393,27.92784131580165,1.3896414883015709,-2.4637966007545202,21.127420705379684,-23.027923815438932,4.9755446659460665,4.69580008699097,24.55276441622143,-58.244836630015584,19.124741025297176,76.43398206810552,106.70689510486002,-43.76658200252643,-60.2961687128116,-91.34791180456556,0.19381143880748086,-1.328983235236894,-15.426282917420972,31.4296316676924,-54.50263816465863,22.23015592962477,68.35060846611911,83.20066596582687,-5.170002903385714,-4.53260482746749,66.3190324339759,22.269010175656053,-61.34364291188504,9.67768120563615,-57.89675637050901,-49.88360473803583,17.295207952744278,85.21544883632045,-79.2786757297479,-88.37861482346665,21.311600411194405,-41.84025396623188,-52.39079747370268,26.236457078211075,-19.440604031424318,-41.12028184830773,33.79713717045661,16.11052495752459,28.485739035146636,10.436222084935746,75.25434167830255
-1.5175840561265168,0.5786795341674928,-0.8794218263269878,-1.2395712473671157,3.8145823863247807,-2.5257224103880076,-2.313049942655437,1.931950068264921,-8.774965596503153,1.7506167472328793,-1.3003190926686956,0.588034175798175,0.417297272478002,-1.573399282653921,1.6794533879620905,-0.9300884398446724,0.09545299099675722,-0.8977822578748246,3.4868778615918266,-1.5251333725296727,-4.9719817040084475,-6.775012914305141,2.7766687809292496,4.099569296529941,5.783333215973158,0.9372188128267614,0.4075379937925926,1.1606248060036455,-1.4572296630400574,3.0376079051619826,-1.921736786885325,-3.8577934854932696,-5.170002903385714,0.6817812388907057,0.46996595835088123,-3.6699927490636717,-0.9498403146195354,4.314514662054124,-0.599535991110181,3.6792782461971885,3.188625493133904,-0.49548634061379265,-5.691353632323432,4.663630880782013,5.506720521484075,-1.7668839177005502,2.993963715179374,2.540335345079319,-1.5817460766603288,1.2945044196809727,2.2556976160657936,-2.547967749326227,-1.2832494515505308,-1.2717800580095526,-0.8340551825797962,-4.772834270998735
-1.1383953903640536,0.3154726107203063,-0.6527175635398357,-1.100867064360037,3.244018637960977,-2.049317954089649,-2.220436139625281,2.0929401601828257,-7.521760718614486,1.5022706518689752,-1.2944319728651843,0.27722540071319013,0.27240575242425974,-1.2876891887081947,1.384261977272187,-0.5962425922384416,-0.05334830253955444,-1.009508286919623,3.1038105013684714,-1.2181092431074654,-4.280676270244299,-5.8892133351534,2.414053872389731,3.4698534277236956,5.033030877159309,0.48589578071594164,0.24239784190944966,0.9460743737831347,-1.4529449076543977,2.786935543953421,-1.493529671105857,-3.5201712205374602,-4.53260482746749,0.46996595835088123,0.34544622487771987,-3.3770671051706893,-0.9864628172622385,3.605050714465565,-0.5264524018162992,3.1974301522006088,2.76407370537366,-0.638868369066473,-4.849661954618071,4.181818179946599,4.823400444744818,-1.392878417068906,2.485442600168307,2.4800565944658866,-1.40428150179514,1.1038383270533931,2.0836457664873116,-2.075766871303398,-1.0252462865544931,-1.290620033810792,-0.665699958255195,-4.150507873708629
11.820915161889813,0.22708519498697063,6.580040303544204,16.465174660473696,-44.928398790945856,25.840864903687056,37.3203649094533,-40.66223666180468,105.69326474752434,-21.146705692703804,22.804201809553835,1.9553542176759535,-1.6321782274275922,16.510915855649067,-18.044930970852924,3.1842311310323907,4.228761148023135,20.357272459328268,-46.59315738575011,14.82123618511375,60.6437570949707,84.87201012493784,-34.81508759773725,-47.616144210316634,-72.67597088110905,1.345866875533872,-0.6509983438938995,-12.042628581511366,25.674941712106005,-43.880310143218246,17.042447236593503,54.96979424041632,66.3190324339759,-3.6699927490636717,-3.3770671051706893,53.4284901966789,18.29443803391809,-48.26419120100505,7.7154943521844155,-46.04286957982564,-39.65063773916801,14.516224639335878,67.42728051368877,-63.52051581646721,-70.42266308692051,16.430602561863978,-32.85704650365617,-42.65915029033854,20.97132207438716,-15.390239148304103,-33.15251745593821,26.376085221524303,12.487988876801214,23.334819301408867,8.08539493104249,59.862776934431594
3.542681716211367,0.5046165334501405,1.947906910732667,5.5611066743903175,-14.861193415543806,8.311966253184744,12.958328348200435,-14.538481983224754,35.10267051141012,-7.026431348933579,7.997178822329871,1.1878939650917704,-0.3401346464449448,5.337249156936763,-5.86482221854272,0.5792902293647483,1.7242026025929964,7.328074110412046,-15.749591545563648,4.7115042393268025,20.186576854404617,28.38312292151088,-11.645864480507935,-15.708979201244773,-24.317309793342936,1.1983456380138884,0.03734077210352836,-3.884489287492763,9.011341484175503,-15.007541611604848,5.298432606899509,18.76346726875785,22.269010175656053,-0.9498403146195354,-0.9864628172622385,18.29443803391809,6.483724478755568,-15.809679337808095,2.5915011321535513,-15.393111721929161,-13.244408090165374,5.332383839969711,22.3290700268555,-21.534071739857644,-23.631478121824063,5.168634791169943,-10.723710499660347,-14.887237126538102,7.07788656052491,-5.101611810174889,-11.36756781298316,8.503708732376753,3.971853044202804,8.229720027787405,2.5688282310229344,20.024299805922766
