V1,V2,V3,V4,V5,V6,V7,V8,V9,V10,V11,V12,V13,V14,V15,V16,V17,V18,V19,V20,V21,V22,V23,V24,V25,V26,V27,V28,V29,V30,V31,V32,V33,V34,V35,V36,V37,V38,V39,V40,V41,V42,V43,V44,V45,V46,V47,V48,V49,V50,V51,V52,V53,V54,V55,V56
18635.601585558885,-5645.850060298163,-14666.774404793443,-35243.16375126968,-69882.67794958927,6821.105772640489,-2131.635708744385,582.900147954412,-16025.974182537688,-20636.63230484774,27593.18063204945,11129.381738818885,28664.875930145405,-47819.965173815166,33995.76416367732,-2807.4640884293094,21485.616429280944,12902.524909267353,-1708.5691576137153,-7271.743737068526,-27041.114437060092,4073.511783062056,11378.275131156395,-6464.656697882585,-6014.848695143145,-33149.59658105943,17604.747965114602,36469.131122372775,16043.426222673295,24226.020006191833,32913.19833889756,-19230.166349229115,-1927.573531822442,-3380.4368975327807,13473.085663540369,19750.14748377861,29977.90785123008,-11086.895236286768,-23662.53969971056,14393.489057079996,-21388.383044246384,2500.9230459144574,25070.4246014221,-6683.501115523793,-26710.343578144635,-50383.10513516543,-6620.522028455774,-33236.289923989185,-17100.720518242266,-34353.87173627775,2138.8719313471547,-33223.8909465652,14191.060764262153,48727.82058138502,-14729.725765633746,5032.731337079646
-5645.850060298163,1710.9960875188144,4443.997267270318,10679.08869123402,21173.398389122685,-2065.8410244164056,645.2942944322995,-176.34339973713713,4854.824652180611,6252.755539294585,-8360.487654569455,-3372.5401398956337,-8685.725675514635,14488.561298342094,-10300.538388318242,850.0727987704953,-6510.198146528811,-3909.240467876998,517.6673921529662,2203.0892734760077,8192.76147037608,-1233.8269496577877,-3447.3104493034234,1958.3394389566768,1822.4386056514306,10043.899946844276,-5334.0201881250505,-11049.393348853837,-4860.362016773789,-7340.245867066586,-9971.782810439025,5825.979956570046,583.7719730746753,1024.1735340722907,-4082.430725247879,-5984.065751747951,-9083.13585491857,3359.943754493924,7169.097567693835,-4360.3226883838915,6480.912530477727,-757.538146305602,-7595.210010635616,2025.0692614635195,8092.341034554579,15265.259488666916,2005.3257123344824,10069.39079434448,5181.231912540808,10408.836000396062,-647.7366369029427,10067.304654432754,-4299.658568636798,-14763.804483808897,4462.86771121951,-1524.8780846058826
-14666.774404793443,4443.997267270318,11543.773589516442,27739.235570611756,55001.49228359567,-5367.765438168279,1677.0595366241848,-458.480140964914,12612.492313826151,16242.377674305008,-21717.483833205377,-8759.983373633682,-22561.529587797413,37636.67633156329,-26756.831675299927,2209.0895413922212,-16910.74996986931,-10154.986946342173,1344.700932151961,5723.09253261948,21282.51964033599,-3205.636587240664,-8955.153938762813,5087.732204714961,4734.06927453838,26090.61828791192,-13855.8986421661,-28702.9864473854,-12626.503031163744,-19067.306675547043,-25904.03381740359,15134.721924613295,1516.8529126243104,2660.5649651447507,-10604.327104919235,-15544.467044410341,-23594.539158197007,8726.826610458904,18623.394801824397,-11327.687291114875,16834.354172806845,-1968.1552267005131,-19730.98138590098,5260.311807077542,21021.999547338826,39654.12793216784,5210.092619469304,26158.02512323303,13459.14643334119,27038.459723443575,-1683.1041440292788,26150.05699630547,-11169.126762918437,-38351.46180008738,11593.081528425293,-3961.0460089280355
-35243.16375126968,10679.08869123402,27739.235570611756,66657.56686987774,132166.40899703043,-12897.15873008047,4029.7925879879,-1101.5504636604403,30306.46298862758,39029.61268011739,-52186.67261765513,-21050.202409046986,-54215.35739173174,90439.8802221464,-64296.28440849981,5307.498450406059,-40636.25109734991,-24401.850723461903,3231.4222225531503,13752.46658095773,51140.82338013161,-7702.976651061419,-21518.929077710873,12224.746029753234,11375.62577039609,62694.78285264073,-33295.553070632726,-68971.93670440622,-30340.217688641038,-45818.41080049825,-62246.09582367654,36367.60271062555,3644.614305197243,6392.991941929206,-25482.362962563715,-37353.27378834363,-56697.12981790461,20970.84341118291,44751.02531615161,-27219.808276928434,40453.133990470524,-4729.1084525427605,-47412.31550939158,12640.699953671687,50514.43617569324,95287.90926991592,12519.183626952767,62856.176624426116,32342.01461979862,64972.92196132203,-4043.9886316147754,62838.22653771213,-26838.893957802113,-92157.15791836283,27857.637983310146,-9518.433013191221
-69882.67794958927,21173.398389122685,55001.49228359567,132166.40899703043,262062.65227957998,-25576.39517554392,7992.061057744006,-2185.0658988142045,60095.33676531024,77388.54007013023,-103476.12078683163,-41737.17198498506,-107496.73456601682,179326.3671467444,-127486.62229173399,10526.173206276364,-80573.10642772709,-48384.79051378366,6407.258988271203,27268.951732729165,101404.2728715783,-15274.703903385298,-42668.58635854379,24241.3220965005,22555.929148392224,124312.454136428,-66018.75689265545,-136759.93393840734,-60161.543171592726,-90849.0272289476,-123424.4057648522,72112.28129643816,7227.611977114876,12676.514862177293,-50525.64484756314,-74064.20117180243,-112419.23903091929,41578.77361198328,88734.45405923386,-53974.08467436781,80209.17130451358,-9377.850446250275,-94012.6882370442,25063.72832362152,100163.13376434334,188938.61115707527,24825.31657870246,124635.09294849215,64128.352594708,128828.91336124843,-8019.778679028651,124593.87664843518,-53216.91744628521,-182731.22326874052,55236.94281222564,-18873.122682528417
6821.105772640489,-2065.8410244164056,-5367.765438168279,-12897.15873008047,-25576.39517554392,2497.979362331127,-780.6072210225605,213.61896697243677,-5866.480212639722,-7552.827648939247,10098.43072974802,4072.7036030659024,10489.99037687213,-17501.44057998087,12441.42849702416,-1028.4573387510854,7863.022808925789,4722.3460954313905,-625.2139202575324,-2661.4313362367116,-9897.117710992668,1491.1567427045213,4164.40270711672,-2366.8443208051854,-2201.465207312033,-12132.339450649972,6442.858122056355,13347.631292148899,5872.630682454298,8866.0998337379,12046.35977315374,-7038.7385044182565,-705.8664924129018,-1237.4241828555896,4930.423100861259,7227.9600656364655,10971.176498792265,-4056.7449008478948,-8660.618999668,5268.4394554960245,-7826.994192781851,915.6590347669512,9176.350447961033,-2445.7851539524204,-9776.451771863041,-18439.339849790584,-2423.764845812731,-12164.97812127212,-6258.559720886368,-12572.703533524089,783.3158574920325,-12158.531596182302,5193.855975299485,17833.81423870362,-5390.998218508325,1841.7564871653337
-2131.635708744385,645.2942944322995,1677.0595366241848,4029.7925879879,7992.061057744006,-780.6072210225605,244.7585662613276,-67.02866868104171,1833.5190303477443,2359.687910491247,-3155.7095610401643,-1272.1607799509811,-3277.6590849438458,5469.500710868115,-3887.77287135042,321.5142648164427,-2456.7742421705007,-1475.478542313577,195.61632779980437,831.7990209395318,3092.9927136810975,-466.4117939796536,-1301.5580718463252,739.3798813434232,687.7485804385307,3791.0932108868524,-2013.6236373688164,-4170.992098347244,-1835.2625810682591,-2770.594091792654,-3764.6238584549164,2199.6058561114837,220.6307330102455,386.45532262921074,-1540.6569209922477,-2258.8123089275587,-3428.1165101830584,1267.0840869807478,2706.541912496328,-1647.1048906282726,2445.7973241318628,-286.2191325878937,-2868.0406346364853,764.4881356985217,3055.2139564659333,5762.387230913211,757.7056149027097,3801.8566708941,1955.86235582773,3928.9650243393135,-244.84186607980521,3798.503389365231,-1622.9415966843162,-5572.77091166948,1684.6228697024237,-575.7270049903344
582.900147954412,-176.34339973713713,-458.480140964914,-1101.5504636604403,-2185.0658988142045,213.61896697243677,-67.02866868104171,18.38182696459887,-501.4685682617907,-645.1229572442635,862.7422114651173,347.7097648739182,895.9701352366632,-1495.4070522577256,1062.854233770018,-88.03023819021485,671.6109087738992,403.41298347237256,-53.478630615880974,-227.44078028233702,-845.6996766204514,127.59260480314042,355.8767396089636,-202.24036546361276,-188.0321084273202,-1036.4873684424413,550.5158510150169,1140.4126503643138,501.89486829656823,757.457453472281,1029.3535551439113,-601.4849665897074,-60.377799596889815,-105.67435267182768,421.1524047396032,617.5429949697822,937.1988155378592,-346.2608180320256,-740.0445040240706,450.4619145138655,-668.5648805704378,78.29948433475298,784.29061287003,-208.99299288048343,-835.4189797954632,-1575.4584422415505,-207.28514018088424,-1039.5937601250257,-534.7411602193506,-1074.157758162306,67.01144078632161,-1038.3261803928044,443.7254106965066,1523.616966549767,-460.5887260955603,157.3944660149328
-16025.974182537688,4854.824652180611,12612.492313826151,30306.46298862758,60095.33676531024,-5866.480212639722,1833.5190303477443,-501.4685682617907,13782.11396309124,17746.269761481402,-23728.50155297558,-9570.277447911016,-24649.68268382307,41122.69553185244,-29234.24106295394,2414.716550324748,-18476.17096492581,-11095.503654415359,1469.2799140774828,6253.414906035513,23254.122968647036,-3503.2957413412873,-9784.807534358388,5559.560517215261,5172.428925310607,28506.807719402474,-15139.078059139074,-31361.648318212083,-13796.926304974424,-20832.952703072486,-28303.89429697359,16537.28282013372,1657.8153696118745,2907.042865329957,-11585.882388376074,-16983.98870981125,-25779.15698209859,9533.514927591052,20348.738712730596,-12378.143521535208,18392.404703629283,-2150.8279918606613,-21559.79719919032,5747.378658067569,22969.843927684782,43326.76803412532,5693.756908387418,28581.96416683913,14705.708289209831,29542.353188414814,-1839.5660363653442,28570.002730748067,-12203.563365564152,-41903.27954805164,12666.787937577054,-4327.838775496999
-20636.63230484774,6252.755539294585,16242.377674305008,39029.61268011739,77388.54007013023,-7552.827648939247,2359.687910491247,-645.1229572442635,17746.269761481402,22853.490068196836,-30556.988519859795,-12325.466279478149,-31744.511113589462,52955.70537154182,-37647.453229015744,3108.378833439126,-23793.817688076626,-14288.36729929234,1891.9814562586641,8052.547526013771,29945.07759791227,-4510.433035730566,-12600.128929077717,7158.715374712247,6660.982005444578,36710.16520584326,-19495.53359202367,-40385.89112153262,-17765.94577063075,-26828.1293610713,-36447.70160616231,21295.040587431802,2134.3072377113103,3743.5495710066934,-14920.480414292102,-21871.414803031337,-33198.075826333996,12278.755640131772,26203.63447349332,-15938.38972271443,23686.231747760172,-2769.2937511397718,-27762.108086437245,7401.345251266563,29578.595367220765,55794.30827492052,7330.836162475132,36805.12176099605,18937.334493937535,38043.73639676449,-2368.243491684646,36793.69123781438,-15715.269828725697,-53961.4877989323,16311.76238880954,-5573.2437253959315
27593.18063204945,-8360.487654569455,-21717.483833205377,-52186.67261765513,-103476.12078683163,10098.43072974802,-3155.7095610401643,862.7422114651173,-23728.50155297558,-30556.988519859795,40857.98582153617,16480.11919937689,42445.669687963935,-70807.68403258333,50338.66546654557,-4156.022253847548,31814.613430390025,19104.782905018325,-2530.014502678692,-10767.21120816298,-40039.72367850225,6031.236640541727,16847.83482334482,-9571.449025711448,-8906.21299959263,-49085.136800346976,26067.861833156894,53999.95995139466,23754.704125438137,35872.11838068512,48734.38641232533,-28473.524472933943,-2853.723989593289,-5005.236364816706,19950.36397455708,29244.59482568595,44389.14069760309,-16417.696618046804,-35036.98195595339,21311.779510811495,-31671.123199841837,3702.7828999104754,37120.999858333875,-9896.62092968039,-39549.51227767531,-74603.10464587605,-9802.154036485434,-49212.33579527031,-25321.324585051625,-50868.630663667565,3166.482878417167,-49196.43367804699,21012.81705544049,72151.95402852863,-21810.455464243532,7452.212223009832
11129.381738818885,-3372.5401398956337,-8759.983373633682,-21050.202409046986,-41737.17198498506,4072.7036030659024,-1272.1607799509811,347.7097648739182,-9570.277447911016,-12325.466279478149,16480.11919937689,6647.771889650879,17121.000883717337,-28559.92458504418,20304.28457806276,-1675.9588066091223,12832.77986345485,7705.97937023211,-1020.3695314313151,-4342.8068838117715,-16149.725370758144,2432.2715286674297,6795.386067329173,-3860.544456060057,-3592.419303689938,-19798.567754488904,10514.351110484191,21780.740908821474,9581.073128943599,14469.055195749663,19656.62765835621,-11484.474669324993,-1150.8764325819732,-2018.93538957153,8047.15373978229,11795.75948676475,17904.61432917933,-6622.794146897825,-14131.893247783295,8595.346696008046,-12774.878273551038,1493.3621906298006,14972.06360002804,-3991.7435933850693,-15951.915578776314,-30090.95031819685,-3953.211619218856,-19849.169592949034,-10213.265479390968,-20517.850843498178,1276.9926739924833,-19844.326430206485,8475.536437069053,29102.50606548415,-8797.230950508123,3005.7783191019375
28664.875930145405,-8685.725675514635,-22561.529587797413,-54215.35739173174,-107496.73456601682,10489.99037687213,-3277.6590849438458,895.9701352366632,-24649.68268382307,-31744.511113589462,42445.669687963935,17121.000883717337,44095.6192441904,-73558.69322713932,52294.9135005538,-4316.933449499475,33051.193764953736,19847.109995534818,-2628.249706023757,-11185.460784640583,-41595.12457338425,6265.17658471289,17502.292403351996,-9943.022366725105,-9252.311383628168,-50992.41542003691,27080.71240519141,56097.93402865304,24677.134103396955,37266.070434957895,50627.529708736736,-29579.422204364353,-2964.359276470775,-5199.719677827256,20725.84906759897,30380.989382748146,46114.20571015804,-17056.42347128848,-36398.01621685435,22139.107222225965,-32902.22451046417,3846.434043071743,38562.58148218165,-10281.204178717146,-41085.696444995825,-77501.76566462211,-10182.450878274942,-51123.76328020508,-26305.15347277723,-52845.26532707534,3289.2067435780186,-51108.990709003876,21829.26157277083,74955.45012635249,-22657.855467017154,7741.751824577387
-47819.965173815166,14488.561298342094,37636.67633156329,90439.8802221464,179326.3671467444,-17501.44057998087,5469.500710868115,-1495.4070522577256,41122.69553185244,52955.70537154182,-70807.68403258333,-28559.92458504418,-73558.69322713932,122711.52930258802,-87237.77403425224,7202.904253334055,-55135.07870423731,-33108.9962751997,4384.620636284123,18659.97013725383,69389.99030018595,-10452.666215847858,-29197.823205833287,16587.73970733189,15434.599178858149,85065.54840230371,-45176.20532191069,-93583.28441596543,-41167.86536464951,-62167.10441887474,-84458.1469915149,49345.63392785723,4945.7732847511625,8674.176376507412,-34574.210630196554,-50681.534551026634,-76927.11402887084,28451.51216999702,60720.12559744423,-36934.47855340111,54886.32377192175,-6417.169763924569,-64332.208148182384,17151.0556612944,68540.57976554566,129288.97763910881,16987.879027507162,85286.69814340604,43882.47806805941,88156.41052415458,-5487.829503547699,85257.5888918247,-36415.67309426957,-125040.91664136872,37798.00834596799,-12914.856168836768
33995.76416367732,-10300.538388318242,-26756.831675299927,-64296.28440849981,-127486.62229173399,12441.42849702416,-3887.77287135042,1062.854233770018,-29234.24106295394,-37647.453229015744,50338.66546654557,20304.28457806276,52294.9135005538,-87237.77403425224,62019.300605731594,-5120.199726312411,39196.96225808126,23537.842661603576,-3117.0367822841185,-13265.626990329678,-49330.3826723476,7430.635532732009,20757.142788752797,-11792.286422398682,-10972.803627357145,-60474.80893455757,32116.607192660562,66529.9964649594,29266.5559298949,44195.907043057225,60042.55382144308,-35080.383496956245,-3515.8358741825764,-6166.657143780347,24579.73686453797,36030.55075769045,54689.25178520714,-20227.444245034345,-43166.82618555811,26256.770628149898,-39020.18347929289,4561.898926927385,45734.344415056,-12193.049873350554,-48726.38449816115,-91913.96982820248,-12076.517812466185,-60631.33553735308,-31196.865159751997,-62672.194374864506,3901.141923690151,-60612.17116216923,25888.603577869282,88894.0303639784,-26871.29423109057,9181.396458017713
-2807.4640884293094,850.0727987704953,2209.0895413922212,5307.498450406059,10526.173206276364,-1028.4573387510854,321.5142648164427,-88.03023819021485,2414.716550324748,3108.378833439126,-4156.022253847548,-1675.9588066091223,-4316.933449499475,7202.904253334055,-5120.199726312411,423.56384598277225,-3235.9171770945886,-1943.5270958291123,257.3496296791479,1095.3217577230798,4073.410985383107,-613.8052297052086,-1713.9524805787762,974.3003888368156,906.0400107915742,4993.15607971338,-2651.607968293193,-5493.423015903927,-2417.1981390067876,-3648.8126435110216,-4957.946480104824,2897.0254112696666,290.60803150634547,509.2782303017906,-2028.975385386106,-2974.6046962732976,-4515.125602988681,1669.2832583210932,3564.5018111592194,-2168.5064233763624,3221.0494631094825,-376.9616152702491,-3776.862920507834,1006.527746238425,4023.8268323820084,7588.7767777526615,997.7045329053051,5006.8722531597205,2575.7396214866853,5174.290484298812,-322.5248160884371,5003.582209134144,-2137.59083142587,-7339.638827462399,2218.7631927894417,-758.0016709081469
21485.616429280944,-6510.198146528811,-16910.74996986931,-40636.25109734991,-80573.10642772709,7863.022808925789,-2456.7742421705007,671.6109087738992,-18476.17096492581,-23793.817688076626,31814.613430390025,12832.77986345485,33051.193764953736,-55135.07870423731,39196.96225808126,-3235.9171770945886,24773.09861897063,14876.25152675156,-1969.9221384232612,-8383.96598165025,-31177.244546129823,4696.0439491445495,13118.662414773373,-7452.901799453335,-6935.007290492263,-38220.827598942116,20297.9655683546,42047.699974252646,18496.688076122595,27932.31390470873,37947.43371884173,-22171.113367811697,-2221.9958489122178,-3897.4774196406447,15534.722301910133,22771.676025234658,34564.35368801371,-12784.281587578853,-27281.823883631358,16594.221367687685,-24661.301401527624,2883.1258951092186,28904.356119865082,-7706.087817177243,-30795.51277117338,-58090.55933151257,-7632.314097612295,-38319.45958789386,-19716.72047446179,-39609.51494190268,2465.504955668555,-38308.02643573123,16361.92218241341,56182.076893913436,-16982.96691508285,5802.682855683002
12902.524909267353,-3909.240467876998,-10154.986946342173,-24401.850723461903,-48384.79051378366,4722.3460954313905,-1475.478542313577,403.41298347237256,-11095.503654415359,-14288.36729929234,19104.782905018325,7705.97937023211,19847.109995534818,-33108.9962751997,23537.842661603576,-1943.5270958291123,14876.25152675156,8933.358900434863,-1182.91229226321,-5034.667749395238,-18722.300382591606,2820.135279223634,7877.884555074304,-4475.81506902694,-4164.551336297784,-22951.871337147837,12188.980880301837,25250.074937902165,11107.725474780822,16773.45169703583,22787.906693689743,-13314.187597533446,-1334.4717427847643,-2340.537279395399,9328.520807494737,13674.444559389087,20756.011280032104,-7676.703933252365,-16383.082484955392,9965.19138707999,-14808.952718960747,1731.4556021583028,17357.608072679064,-4627.459571924945,-18493.20756828402,-34883.735316516475,-4583.544585841889,-23011.449298278705,-11840.010472711756,-23785.666670399627,1480.7393317785568,-23003.851776393924,9825.483265917062,33737.75348786746,-10198.420928046677,3484.4941094879464
-1708.5691576137153,517.6673921529662,1344.700932151961,3231.4222225531503,6407.258988271203,-625.2139202575324,195.61632779980437,-53.478630615880974,1469.2799140774828,1891.9814562586641,-2530.014502678692,-1020.3695314313151,-2628.249706023757,4384.620636284123,-3117.0367822841185,257.3496296791479,-1969.9221384232612,-1182.91229226321,156.77028276136332,666.7170934577031,2479.3710868599014,-373.5390801273365,-1043.2996984747886,592.5747984923694,551.43375214336,3039.378012753866,-1614.2617087269361,-3343.7135805132284,-1470.9000348450866,-2221.243740757655,-3017.706432404317,1763.0711514763786,176.6911723202478,309.8365635257966,-1235.339708400054,-1810.8710641189377,-2748.5583804823955,1016.510081438392,2169.5639874334533,-1319.7921040028543,1961.1712493994023,-229.29835512980154,-2298.626342917085,612.868830628814,2448.9574080076113,4619.542619231364,606.9567424118311,3047.3198242178814,1567.9483661111958,3149.8752332761796,-196.0600745566125,3046.139991420417,-1301.1055418325188,-4467.683692162269,1350.5479073051683,-461.53289215905346
-7271.743737068526,2203.0892734760077,5723.09253261948,13752.46658095773,27268.951732729165,-2661.4313362367116,831.7990209395318,-227.44078028233702,6253.414906035513,8052.547526013771,-10767.21120816298,-4342.8068838117715,-11185.460784640583,18659.97013725383,-13265.626990329678,1095.3217577230798,-8383.96598165025,-5034.667749395238,666.7170934577031,2837.624189333037,10551.64831034674,-1589.612643544621,-4439.950002229127,2522.3795119166466,2347.0021765976326,12935.29595262405,-6869.60010484321,-14230.599017959754,-6260.162384522505,-9453.358409956412,-12843.03954770502,7503.774241733781,752.1243746639406,1319.0505705943533,-5257.478426612095,-7706.8974982246355,-11697.775382031396,4326.248060099688,9233.308777009666,-5616.552676522711,8346.06824215651,-975.8242226237337,-9782.766102149544,2608.053406890387,10422.523640502066,19660.23164088981,2583.4199358773963,12969.110351846033,6672.954418459428,13405.386393377365,-834.5351188526835,12964.318619144007,-5537.470146604244,-19014.118039435165,5747.638710798794,-1963.829740047225
-27041.114437060092,8192.76147037608,21282.51964033599,51140.82338013161,101404.2728715783,-9897.117710992668,3092.9927136810975,-845.6996766204514,23254.122968647036,29945.07759791227,-40039.72367850225,-16149.725370758144,-41595.12457338425,69389.99030018595,-49330.3826723476,4073.410985383107,-31177.244546129823,-18722.300382591606,2479.3710868599014,10551.64831034674,39238.3381827708,-5910.729470782002,-16510.599296225933,9380.25260992392,8727.906398792718,48102.29164287362,-25545.85297759047,-52918.945879789535,-23279.650199949854,-35153.668287806984,-47758.967262211634,27903.82934681193,2796.8221508170686,4905.074225914288,-19550.549366485768,-28658.83237638445,-43500.05697326623,16088.306170160775,34335.75128026044,-20885.579719779693,31036.46447765869,-3628.869903364865,-36378.34084353174,9698.33948313679,38758.141876306334,73109.23129434593,9606.351128916594,48227.587610325674,24814.291232965792,49849.88707083907,-3103.396964125153,48210.597994640935,-20592.12457154539,-70707.2670125886,21373.8254437042,-7302.974836335095
4073.511783062056,-1233.8269496577877,-3205.636587240664,-7702.976651061419,-15274.703903385298,1491.1567427045213,-466.4117939796536,127.59260480314042,-3503.2957413412873,-4510.433035730566,6031.236640541727,2432.2715286674297,6265.17658471289,-10452.666215847858,7430.635532732009,-613.8052297052086,4696.0439491445495,2820.135279223634,-373.5390801273365,-1589.612643544621,-5910.729470782002,890.7310475897,2487.1769540377163,-1412.9848388524754,-1314.6078783280293,-7245.673981585173,3848.0977119158392,7971.396225170188,3506.911202676488,5295.295692061623,7194.32234979482,-4203.487805755877,-421.429113349288,-738.8181824280737,2944.866839498845,4317.070680099781,6552.357180539363,-2422.8513856789295,-5172.244882973779,3146.6568171183753,-4674.824679309144,546.7166614130898,5480.323548234685,-1460.9412928754734,-5838.459072698522,-11012.873598545912,-1447.4572986750475,-7265.111752498675,-3737.935678755539,-7509.061111017012,467.6137144425752,-7261.322121586272,3101.8112619029844,10650.784021331103,-3219.560233707902,1100.0885073105942
11378.275131156395,-3447.3104493034234,-8955.153938762813,-21518.929077710873,-42668.58635854379,4164.40270711672,-1301.5580718463252,355.8767396089636,-9784.807534358388,-12600.128929077717,16847.83482334482,6795.386067329173,17502.292403351996,-29197.823205833287,20757.142788752797,-1713.9524805787762,13118.662414773373,7877.884555074304,-1043.2996984747886,-4439.950002229127,-16510.599296225933,2487.1769540377163,6947.32338312877,-3946.9054112171348,-3672.4669495752655,-20240.32961801015,10749.160055980987,22267.079551869316,9795.507245199744,14791.90245483279,20095.898668805614,-11741.290277574208,-1176.8320572701866,-2063.911744824827,8226.46792978753,12059.065611383116,18303.83635581166,-6769.537884973749,-14447.700925781475,8788.276348597807,-13059.4728419598,1526.9372063491273,15307.244319695294,-4080.891378066375,-16308.51614424696,-30762.80291019349,-4042.1725880124536,-20293.102603772877,-10441.326333612637,-20975.764834119327,1305.8188007498638,-20285.836813854236,8664.678407535403,29752.00100983633,-8993.602193514234,3072.947622485947
-6464.656697882585,1958.3394389566768,5087.732204714961,12224.746029753234,24241.3220965005,-2366.8443208051854,739.3798813434232,-202.24036546361276,5559.560517215261,7158.715374712247,-9571.449025711448,-3860.544456060057,-9943.022366725105,16587.73970733189,-11792.286422398682,974.3003888368156,-7452.901799453335,-4475.81506902694,592.5747984923694,2522.3795119166466,9380.25260992392,-1412.9848388524754,-3946.9054112171348,2242.9882116973404,2086.574597729785,11499.103864382274,-6106.593683197547,-12650.716248092942,-5565.605903015554,-8403.409659803003,-11417.194503220047,6670.912673504765,668.8012781972006,1172.7842069219034,-4673.309349506426,-6850.724517909825,-10398.731262602383,3845.658468205641,8208.292981881776,-4992.845122738111,7418.908419016148,-867.6814099655514,-8696.702503175635,2318.18043488429,9265.709204526673,17476.771418016662,2296.7333283295106,11529.373401337827,5931.846465781631,11916.53188515734,-742.1613311644812,11524.691472929164,-4922.724711759041,-16902.9151858974,5109.578315342422,-1745.654478941318
-6014.848695143145,1822.4386056514306,4734.06927453838,11375.62577039609,22555.929148392224,-2201.465207312033,687.7485804385307,-188.0321084273202,5172.428925310607,6660.982005444578,-8906.21299959263,-3592.419303689938,-9252.311383628168,15434.599178858149,-10972.803627357145,906.0400107915742,-6935.007290492263,-4164.551336297784,551.43375214336,2347.0021765976326,8727.906398792718,-1314.6078783280293,-3672.4669495752655,2086.574597729785,1941.450816171091,10699.669537798341,-5682.2018833296515,-11771.020507835161,-5178.171935158548,-7819.378555716598,-10623.174134388602,6206.752653227351,622.0909308571036,1091.126706473856,-4348.726559550998,-6374.661198637155,-9675.998500171825,3578.787930911653,7637.412561901784,-4645.435720219338,6903.617948687567,-807.1690542337626,-8091.641144249549,2157.1852452253147,8621.11385543016,16261.928289815593,2136.680747787937,10727.359468253271,5519.51476595881,11088.304347612218,-690.2849052472812,10724.001985546127,-4580.432313926911,-15727.787163857081,4754.29339428112,-1624.381898420018
-33149.59658105943,10043.899946844276,26090.61828791192,62694.78285264073,124312.454136428,-12132.339450649972,3791.0932108868524,-1036.4873684424413,28506.807719402474,36710.16520584326,-49085.136800346976,-19798.567754488904,-50992.41542003691,85065.54840230371,-60474.80893455757,4993.15607971338,-38220.827598942116,-22951.871337147837,3039.378012753866,12935.29595262405,48102.29164287362,-7245.673981585173,-20240.32961801015,11499.103864382274,10699.669537798341,58969.07659633621,-31316.805040059466,-64873.64086696579,-28538.266909252412,-43095.302817677795,-58547.762797411735,34207.21829768486,3428.461569094215,6013.2248264077525,-23967.452777241313,-35133.203259828544,-53327.39311622813,19723.476926677195,42092.20256542398,-25603.15911812611,38048.249557882205,-4448.473102224254,-44595.9056964913,11889.290947203244,47513.505503670036,89625.20437630016,11776.075575960847,59122.02092261251,30420.02391614214,61111.50749521127,-3804.235399788587,59102.672163820214,-25244.063950800944,-86680.68487557543,26202.300647291668,-8952.716964961597
17604.747965114602,-5334.0201881250505,-13855.8986421661,-33295.553070632726,-66018.75689265545,6442.858122056355,-2013.6236373688164,550.5158510150169,-15139.078059139074,-19495.53359202367,26067.861833156894,10514.351110484191,27080.71240519141,-45176.20532191069,32116.607192660562,-2651.607968293193,20297.9655683546,12188.980880301837,-1614.2617087269361,-6869.60010484321,-25545.85297759047,3848.0977119158392,10749.160055980987,-6106.593683197547,-5682.2018833296515,-31316.805040059466,16631.690655307393,34452.53353928745,15155.772260188549,22886.803886464237,31093.126097199853,-18166.392962595128,-1820.704009915509,-3193.3043103761665,12728.534999381885,18658.39196442503,28320.662787817368,-10474.52249271977,-22354.023381251965,13597.351253316978,-20206.5379698809,2362.4330480534995,23683.702660293435,-6314.222937868089,-25233.052772475687,-47597.64343960244,-6253.920573663635,-31398.08974589554,-16155.309271140384,-32454.765837540428,2020.2535383759853,-31387.61018285691,13406.375103119459,46033.68078465657,-13915.309633086574,4754.673436693284
36469.131122372775,-11049.393348853837,-28702.9864473854,-68971.93670440622,-136759.93393840734,13347.631292148899,-4170.992098347244,1140.4126503643138,-31361.648318212083,-40385.89112153262,53999.95995139466,21780.740908821474,56097.93402865304,-93583.28441596543,66529.9964649594,-5493.423015903927,42047.699974252646,25250.074937902165,-3343.7135805132284,-14230.599017959754,-52918.945879789535,7971.396225170188,22267.079551869316,-12650.716248092942,-11771.020507835161,-64873.64086696579,34452.53353928745,71369.58695186555,31396.118377284412,47410.38218051009,64410.397107741395,-37632.66589207471,-3771.8951128519375,-6615.369255779041,26367.166335605038,38651.07219795373,58666.94304347389,-21697.976222937177,-46307.06893937086,28167.175762480656,-41857.73683035077,4894.0168003063345,49061.72559156944,-13079.727232043275,-52271.317898935165,-98599.44665532769,-12955.54521082918,-65042.315078421314,-33466.006726705076,-67230.5601708824,4185.323986862575,-65020.14165758681,27771.775310404926,95360.05650868932,-28825.95881158982,9849.127538595076
16043.426222673295,-4860.362016773789,-12626.503031163744,-30340.217688641038,-60161.543171592726,5872.630682454298,-1835.2625810682591,501.89486829656823,-13796.926304974424,-17765.94577063075,23754.704125438137,9581.073128943599,24677.134103396955,-41167.86536464951,29266.5559298949,-2417.1981390067876,18496.688076122595,11107.725474780822,-1470.9000348450866,-6260.162384522505,-23279.650199949854,3506.911202676488,9795.507245199744,-5565.605903015554,-5178.171935158548,-28538.266909252412,15155.772260188549,31396.118377284412,13811.928182164118,20855.908954429564,28334.884049604207,-16555.277111609354,-1659.5270966509254,-2910.2263672734593,11598.715921858628,17002.627944871743,25807.652146402568,-9544.407833027373,-20371.044628797914,12391.401101230129,-18412.911958331493,2153.1317868586507,21583.14996000259,-5753.705249617222,-22994.977226492916,-43374.35206331917,-5699.704331037507,-28613.11341982664,-14721.854858183846,-29574.889727388443,1841.4731319823507,-28601.96879274956,12217.014085943732,41949.44456385624,-12680.771208900138,4332.635197980953
24226.020006191833,-7340.245867066586,-19067.306675547043,-45818.41080049825,-90849.0272289476,8866.0998337379,-2770.594091792654,757.457453472281,-20832.952703072486,-26828.1293610713,35872.11838068512,14469.055195749663,37266.070434957895,-62167.10441887474,44195.907043057225,-3648.8126435110216,27932.31390470873,16773.45169703583,-2221.243740757655,-9453.358409956412,-35153.668287806984,5295.295692061623,14791.90245483279,-8403.409659803003,-7819.378555716598,-43095.302817677795,22886.803886464237,47410.38218051009,20855.908954429564,31494.721710106525,42787.38079222621,-24998.952569136534,-2505.4936144250055,-4394.463633979991,17515.88928249657,25675.978899084752,38972.40601324567,-14414.239173838858,-30761.427384975792,18711.163575360522,-27806.295865281732,3250.9065415394894,32591.20107595273,-8688.960018638105,-34723.28505276834,-65499.4514086991,-8606.064928900638,-43207.01688019877,-22231.417670323375,-44661.2191473589,2780.0705023382384,-43192.99856735814,18448.634269542996,63347.327426510936,-19148.90586396048,6542.799008654919
32913.19833889756,-9971.782810439025,-25904.03381740359,-62246.09582367654,-123424.4057648522,12046.35977315374,-3764.6238584549164,1029.3535551439113,-28303.89429697359,-36447.70160616231,48734.38641232533,19656.62765835621,50627.529708736736,-84458.1469915149,60042.55382144308,-4957.946480104824,37947.43371884173,22787.906693689743,-3017.706432404317,-12843.03954770502,-47758.967262211634,7194.32234979482,20095.898668805614,-11417.194503220047,-10623.174134388602,-58547.762797411735,31093.126097199853,64410.397107741395,28334.884049604207,42787.38079222621,58129.94822246562,-33963.267327298214,-3404.188599123132,-5970.264601930449,23796.01667713946,34882.22832596623,52946.19149311632,-19581.832490880748,-41791.80784849247,25420.994213853042,-37775.99719616618,4416.869679366959,44278.06788553542,-11804.354256982579,-47174.53847825463,-88985.12437902781,-11692.50621540896,-58700.36467977256,-30202.785297467723,-60674.904229159285,3777.323149214553,-58679.515746877194,25063.740680033847,86061.48679096531,-26015.137466291915,8888.77407583044
-19230.166349229115,5825.979956570046,15134.721924613295,36367.60271062555,72112.28129643816,-7038.7385044182565,2199.6058561114837,-601.4849665897074,16537.28282013372,21295.040587431802,-28473.524472933943,-11484.474669324993,-29579.422204364353,49345.63392785723,-35080.383496956245,2897.0254112696666,-22171.113367811697,-13314.187597533446,1763.0711514763786,7503.774241733781,27903.82934681193,-4203.487805755877,-11741.290277574208,6670.912673504765,6206.752653227351,34207.21829768486,-18166.392962595128,-37632.66589207471,-16555.277111609354,-24998.952569136534,-33963.267327298214,19843.725391307067,1989.081374602734,3488.298952372254,-13902.948352741529,-20380.28074934727,-30934.360717234616,11440.620655190589,24417.470017180956,-14852.696627101071,22070.74704874894,-2580.7086062584767,-25870.29330540663,6896.7172276752535,27562.50968622731,51990.58007822226,6831.769665673104,34296.67651316823,17646.319324728862,35449.922029095454,-2207.1134721126996,34283.89816691317,-14643.817018335902,-50282.4665349843,15199.665231336616,-5193.278781715614
-1927.573531822442,583.7719730746753,1516.8529126243104,3644.614305197243,7227.611977114876,-705.8664924129018,220.6307330102455,-60.377799596889815,1657.8153696118745,2134.3072377113103,-2853.723989593289,-1150.8764325819732,-2964.359276470775,4945.7732847511625,-3515.8358741825764,290.60803150634547,-2221.9958489122178,-1334.4717427847643,176.6911723202478,752.1243746639406,2796.8221508170686,-421.429113349288,-1176.8320572701866,668.8012781972006,622.0909308571036,3428.461569094215,-1820.704009915509,-3771.8951128519375,-1659.5270966509254,-2505.4936144250055,-3404.188599123132,1989.081374602734,199.4722429036233,349.6658679950659,-1393.309191074202,-2042.5888481829686,-3100.3442876105273,1146.36001697837,2447.4034237842857,-1488.8643789908788,2211.8287391484732,-258.74621884387585,-2593.1794087315266,691.1740423747493,2762.711785163326,5210.828225894876,684.9604521159986,3437.720147786861,1768.6286501416423,3552.9476329995277,-221.35104742181676,3435.819436600185,-1467.7199987034119,-5039.650929109225,1523.4294169671678,-520.4693735171523
-3380.4368975327807,1024.1735340722907,2660.5649651447507,6392.991941929206,12676.514862177293,-1237.4241828555896,386.45532262921074,-105.67435267182768,2907.042865329957,3743.5495710066934,-5005.236364816706,-2018.93538957153,-5199.719677827256,8674.176376507412,-6166.657143780347,509.2782303017906,-3897.4774196406447,-2340.537279395399,309.8365635257966,1319.0505705943533,4905.074225914288,-738.8181824280737,-2063.911744824827,1172.7842069219034,1091.126706473856,6013.2248264077525,-3193.3043103761665,-6615.369255779041,-2910.2263672734593,-4394.463633979991,-5970.264601930449,3488.298952372254,349.6658679950659,613.2966697505852,-2443.9444112763695,-3582.5467654625922,-5437.919878263917,2011.2207444678702,4292.242231307693,-2610.7310311828937,3879.712378435177,-453.6546064694092,-4547.587246574062,1212.283499652941,4845.130455725598,9139.18326797559,1200.910830467347,6028.855031241994,3101.9518139843403,6231.587182246153,-387.99569265578094,6026.864122383471,-2574.2284804924525,-8839.042522269936,2671.9028741141033,-912.8307988541177
13473.085663540369,-4082.430725247879,-10604.327104919235,-25482.362962563715,-50525.64484756314,4930.423100861259,-1540.6569209922477,421.1524047396032,-11585.882388376074,-14920.480414292102,19950.36397455708,8047.15373978229,20725.84906759897,-34574.210630196554,24579.73686453797,-2028.975385386106,15534.722301910133,9328.520807494737,-1235.339708400054,-5257.478426612095,-19550.549366485768,2944.866839498845,8226.46792978753,-4673.309349506426,-4348.726559550998,-23967.452777241313,12728.534999381885,26367.166335605038,11598.715921858628,17515.88928249657,23796.01667713946,-13902.948352741529,-1393.309191074202,-2443.9444112763695,9741.645140375776,14279.812185673829,21674.63925274482,-8016.792339211035,-17107.812048120715,10405.979871023543,-15464.729815819726,1807.8745276686575,18125.306210376988,-4832.441133555776,-19311.088566301267,-36427.59006139665,-4786.040392269577,-24029.27887799329,-12364.023164047481,-24838.45056072926,1545.9744799978005,-24022.143702790865,10260.181112772832,35230.60840062932,-10649.616737863627,3638.794949842094
19750.14748377861,-5984.065751747951,-15544.467044410341,-37353.27378834363,-74064.20117180243,7227.9600656364655,-2258.8123089275587,617.5429949697822,-16983.98870981125,-21871.414803031337,29244.59482568595,11795.75948676475,30380.989382748146,-50681.534551026634,36030.55075769045,-2974.6046962732976,22771.676025234658,13674.444559389087,-1810.8710641189377,-7706.8974982246355,-28658.83237638445,4317.070680099781,12059.065611383116,-6850.724517909825,-6374.661198637155,-35133.203259828544,18658.39196442503,38651.07219795373,17002.627944871743,25675.978899084752,34882.22832596623,-20380.28074934727,-2042.5888481829686,-3582.5467654625922,14279.812185673829,20932.347994431333,31772.079468611693,-11751.058684848675,-25078.091467109185,15254.319473446463,-22668.967061035713,2650.2645582965997,26569.923403512417,-7083.699849865584,-28307.947471556738,-53398.264559370975,-7016.131416963515,-35224.36235469269,-18124.108148890315,-36409.93403079393,2266.4153959180076,-35212.75976588832,15040.138679066667,51643.5963868882,-15611.008664664385,5333.990326718079
29977.90785123008,-9083.13585491857,-23594.539158197007,-56697.12981790461,-112419.23903091929,10971.176498792265,-3428.1165101830584,937.1988155378592,-25779.15698209859,-33198.075826333996,44389.14069760309,17904.61432917933,46114.20571015804,-76927.11402887084,54689.25178520714,-4515.125602988681,34564.35368801371,20756.011280032104,-2748.5583804823955,-11697.775382031396,-43500.05697326623,6552.357180539363,18303.83635581166,-10398.731262602383,-9675.998500171825,-53327.39311622813,28320.662787817368,58666.94304347389,25807.652146402568,38972.40601324567,52946.19149311632,-30934.360717234616,-3100.3442876105273,-5437.919878263917,21674.63925274482,31772.079468611693,48225.626042827695,-17836.818454434644,-38064.987921134554,23153.397116164404,-34408.32651428312,4022.7508612304077,40329.04546679974,-10751.875652586812,-42967.51409965521,-81050.68358071377,-10649.24094470319,-53465.39745593501,-27509.70806957281,-55264.97008224848,3440.1183619390595,-53448.5924761607,22828.89198251551,78387.78344893812,-23695.41484860876,8096.176403710579
