V1,V2,V3,V4,V5,V6,V7,V8,V9,V10,V11,V12,V13,V14,V15,V16,V17,V18,V19,V20,V21,V22,V23,V24,V25,V26,V27,V28,V29,V30,V31,V32,V33,V34,V35,V36,V37,V38,V39,V40,V41,V42,V43,V44,V45,V46,V47,V48,V49,V50,V51,V52,V53,V54,V55,V56
266.8806818858723,-189.3449561425197,298.7115115677151,932.1678028304191,86.12545168418218,-331.82113528230684,-194.00051153424198,322.19798921246087,-287.971156080106,777.05566984259406,-43.0727385654565,142.2744207904684,463.4338568006473,-53.7579052648112,584.7267910895674,-146.3983758106039,1525.5061065474003,5.033858743433036,-264.49717498227966,-13.830112118891682,-83.108967264383935,-718.9775577698974,-302.14126215924506,347.345271622715,-86.17041806180096,739.872931998014,864.5064196844493,432.7398262859636,-175.4936263344483,-609.1726095712179,368.75203790038114,-294.20452197767736,259.6175381763659,-156.02770017779477,-195.9480942603173,470.99783649698486,276.15972762051365,119.59334930142043,-390.2939240362317,-681.000940945762,242.72296766759982,572.1317265808406,-1.3813401589247116,-327.8609240832408,-356.31832225897796,622.6620015534767,-1.2149714936793818,337.2866548260113,218.30633824440892,1128.9936705073465,64.2289248985271,-150.16746920120323,98.32300731147367,-128.25314782317142,-158.82766686277793,-150.80950347315087
-189.3449561425197,134.33572106932945,-211.93415029411676,-661.3754719524571,-61.110692939556444,235.44459332212864,137.64985100772924,-228.6119134881328,204.31173482851767,-551.30280734122,30.555978338313725,-100.94761323980163,-328.7986895869278,38.14125904268616,-414.8744342536766,103.86381938611434,-1082.3471564698527,-3.55435917510968,187.66066564040125,9.82076552538944,58.95424138577045,510.11977166413396,214.368866096238,-246.4550547041464,61.14525375561638,-524.9116599615861,-613.3641875484002,-307.03129848333475,124.507550083763,432.2010482850839,-261.59668647754,208.7377734932361,-184.20110645194086,110.72397774557437,139.02652472700575,-334.18341690063704,-195.92863205961154,-84.87830115954698,276.9021384946343,483.1599996744669,-172.21518935674527,-405.9220385741476,1.0036297150505253,232.6250079568547,252.8027561054253,-441.757527075055,0.8332912575473022,-239.28092649196154,-154.89309433063283,-801.0093839925366,-45.57609896082165,106.51945400142831,-69.74483320567205,91.00682391416834,112.70833482955253,106.98411814043538
298.7115115677151,-211.93415029411676,334.43984792048605,1043.7900954763522,96.51315044627526,-371.83325472467914,-217.33117038195,360.97361921721404,-322.37817934649587,869.7661879401014,-48.15954646292702,159.37030189656858,518.779952075166,-60.19323149505293,654.8996837579126,-163.8250076834653,1708.1210823764234,5.349377118802826,-296.15654524211385,-15.624423494340673,-92.86372734227947,-805.1271234580959,-338.30201540924827,389.15020824270243,-96.60793732832323,827.9654669670724,967.9370078102224,484.57943682738073,-196.4138830033675,-681.9757883365687,412.3422553591892,-329.41564503155473,290.73534084109235,-175.0778055471515,-219.42598283256373,527.5517839384572,309.1045018287742,134.35738768699497,-436.82203123040495,-762.3477303842967,271.83152226152646,640.5260895581513,-1.9408512898412353,-367.23484947546524,-398.8849776892288,696.84165374559,-0.8799119441416287,377.2597504083739,244.51733051778663,1263.9414941133277,72.01216191096303,-167.73525608484786,109.83586455632805,-143.79281120305077,-178.17581421787173,-168.60701277591926
932.1678028304191,-661.3754719524571,1043.7900954763522,3257.8398852057403,301.3274015969205,-1160.9031988534284,-678.4523460383319,1126.9024154134097,-1006.0992732090006,2714.2568872613488,-150.2244351282981,497.4955004270597,1619.0110348945464,-187.87053389027787,2044.2443966616333,-511.19383706207435,5331.254489384087,16.334227866416665,-924.3369577959047,-48.94060188091605,-289.5944733809164,-2513.0038625936104,-1055.871930661314,1214.8689140080496,-301.67925289782954,2583.581345174752,3020.9770399939734,1512.4785843722238,-612.9211781801956,-2128.379056406447,1286.2744370266748,-1028.1370629413918,907.4703634146538,-546.9085541199871,-684.8822283648054,1646.7701223555396,964.6095902076848,419.91020368472704,-1363.1314939295253,-2379.160631096621,848.4858285496385,1999.0413308338216,-6.5544305488658,-1146.3441475234222,-1244.8585333952697,2174.4768659345114,-2.1406828457415714,1176.96612433774,763.2667873000228,3944.6617516690694,224.87790277558335,-523.0074275504084,342.4870021770873,-449.03031967905287,-556.5310118040904,-525.9209607745648
86.12545168418218,-61.110692939556444,96.51315044627526,301.3274015969205,27.925747944427098,-107.58077876301468,-62.82597019222814,104.37382675931647,-93.00102661256317,250.80040175705483,-13.842361029273256,46.058583326665186,149.63817396397192,-17.375303662963358,189.19260631987623,-47.20523295437184,493.06203467738715,1.2987971868195851,-85.485253378448,-4.628677859734312,-26.639991063368868,-232.47639218587085,-97.64666696369484,112.52343325729365,-27.991086508607186,238.59165452036888,279.3531165501454,139.9093693656529,-56.621399121559634,-196.75529972168528,118.55371185738734,-95.08194179551347,83.95675731326428,-50.855769133533556,-63.357231664063185,152.42865554043868,89.12817625346048,39.16595981809518,-125.92692979326287,-219.90843291735814,78.51127760862104,184.8121251666813,-0.8970957880285911,-106.11314810757868,-115.0664409147784,200.84277618876763,0.15665578242672415,108.55467432296467,70.64845098939405,364.6740201450454,20.86764490478114,-48.06899165946765,31.485163536059066,-41.66649098024677,-51.71829535258231,-48.45127407050253
-331.82113528230684,235.44459332212864,-371.83325472467914,-1160.9031988534284,-107.58077876301468,414.4436074303068,242.03612252954022,-402.0960908595057,358.3055538804931,-966.2721827251684,53.33598120040436,-177.44130209423807,-576.5141137753401,66.94080059034312,-728.8751042036798,181.87381306686214,-1899.591094772351,-5.030015104111501,329.3442831455024,17.81996345587772,102.65204340201703,895.6406020547366,376.1982921064126,-433.4918657564604,107.82844703938729,-919.2515038753015,-1076.2525758979743,-539.0171894637996,218.14994407711256,758.0384849703751,-456.7953472768053,366.3172856128165,-323.45164787156034,195.89502155485835,244.0907291585161,-587.2372214386996,-343.3892641999411,-150.85149477714657,485.1689108620404,847.2442044602172,-302.4709648085852,-712.0234094834562,3.42019446426577,408.8043379739838,443.31769218109304,-773.8078259131324,-0.5596599075930085,-418.2589894024124,-272.1760051834861,-1404.9765471584267,-80.38691421710581,185.22987565363906,-121.32452513966062,160.50898219643761,199.22142056615843,186.68871300354502
-194.00051153424198,137.64985100772924,-217.33117038195,-678.4523460383319,-62.82597019222814,242.03612252954022,141.38829568141875,-234.87205773967287,209.4471143691378,-564.9154668779348,31.214347817893408,-103.66319622464049,-337.0163753286808,39.122565848342575,-425.8717321825809,106.35446319311525,-1110.1895557815285,-3.117247863218708,192.48253596426082,10.32883396533313,60.11354578772775,523.393751470856,219.86874426045395,-253.20914367520277,62.943236266748634,-537.5381085391581,-629.0364285264927,-314.9980357353809,127.54892840147089,443.0989521242986,-267.309203875322,214.09364321168607,-189.01234689430163,114.25784303749421,142.64220876664075,-343.0963529714416,-200.75938321490156,-87.88614852284137,283.66963586515936,495.2678806892816,-176.74233887639116,-416.1904578276531,1.7551412339733554,238.84182576392215,259.144914052861,-452.4624956610951,-0.029944740343416074,-244.69469727086954,-159.02122707194158,-821.2435934986893,-46.922553010106554,108.50759239978078,-71.06546343060444,93.6917464028699,116.22487444291095,109.26565769884041
322.19798921246087,-228.6119134881328,360.97361921721404,1126.9024154134097,104.37382675931647,-402.0960908595057,-234.87205773967287,390.1734927192084,-347.8685940587755,938.225843187055,-51.82719522307437,172.19981386189409,559.7401092696957,-64.98165729278645,707.4112115155634,-176.62511038671119,1843.9979573421253,5.09867343918694,-319.7080031096449,-17.194122153543734,-99.7937473985994,-869.3670029818044,-365.1944806320194,420.63617125764205,-104.58083172697086,892.7067797630413,1044.798426206012,523.2143645478808,-211.8315468169876,-735.9437313098549,443.8421315608232,-355.60230443547994,313.9558156587726,-189.88198179781753,-236.93113547632603,569.9220173833851,333.4251833596872,146.09998788147172,-471.1152490871261,-822.5799774776078,293.5792517277931,691.2563267937034,-3.0237142854758634,-396.74527481409706,-430.4093657636025,751.4307688517839,0.18196662959606227,406.32113321244367,264.15187628564684,1364.0102570968993,77.96323838263316,-180.11608692837942,117.96724234471496,-155.67111559313713,-193.13895478756191,-181.41728217727368
-287.971156080106,204.31173482851767,-322.37817934649587,-1006.0992732090006,-93.00102661256317,358.3055538804931,209.4471143691378,-347.8685940587755,310.7648282671266,-838.4818960905477,46.44626158588195,-153.59400846322978,-500.10062423728834,58.020370829064106,-631.195338222368,157.9470245431557,-1646.462055203905,-5.2604413596047985,285.4671023004199,15.010078768525682,89.58197580718223,776.0341084881869,326.0930041053718,-375.0211895126071,93.07626783686514,-798.2506459094726,-933.0177195291224,-467.0737682906739,189.3556394401553,657.4014887886351,-397.6580919937328,317.52724335081405,-280.2261464691102,168.6228073295011,211.49748166600355,-508.44609505121906,-297.98783433263657,-129.34493587949365,421.1238880947773,734.892082904383,-261.9999335408484,-617.4388557408911,1.727773773504754,353.9326926122332,384.5179199167764,-671.8172033373806,1.0224975549409654,-363.78772390788646,-235.6625383275661,-1218.389394053183,-69.37839629970654,161.82861770994637,-105.96437068829425,138.53447381055264,171.62245983313704,162.6134391972976
777.05566984259406,-551.30280734122,869.7661879401014,2714.2568872613488,250.80040175705483,-966.2721827251684,-564.9154668779348,938.225843187055,-838.4818960905477,2262.502016397664,-125.39596342850089,414.2884624404295,1349.366554360238,-156.52999016255364,1702.6368551182818,-426.24615644991576,4441.903259446549,14.56881211841077,-770.1506037367022,-40.3127287454865,-241.93326890322476,-2093.513422229095,-879.7595289470082,1011.4544776230122,-250.94504180787376,2154.18342038112,2517.2149575863477,1260.0447694913212,-510.9677595143631,-1773.7258041710277,1073.5459926555814,-856.6498106282753,755.9554176506077,-454.42964372538154,-570.5598508384443,1371.4843122347777,804.0749759187507,348.36492682326417,-1136.3815329988759,-1982.855552889891,706.7665932725359,1665.8795449865866,-4.1437228925900556,-954.6903779236452,-1037.4854389227692,1812.930118871417,-3.3894681416773085,981.9725691154631,635.6791033580553,3287.29318341489,187.04819289603566,-437.1251962467703,286.2133775876202,-373.49963178829523,-462.57100913062453,-439.04180301099933
-43.0727385654565,30.555978338313725,-48.15954646292702,-150.2244351282981,-13.842361029273256,53.33598120040436,31.214347817893408,-51.82719522307437,46.44626158588195,-125.39596342850089,6.976860421959529,-22.89878007991856,-74.75893397611331,8.664361417881544,-94.15487222122508,23.644834167688924,-245.87269611731222,-0.9547237830405843,42.63170211759961,2.1597613093708192,13.491966412163594,115.83972173414759,48.70142114783875,-55.870815364749525,13.827411676130316,-119.48643059783983,-139.36515369164255,-69.72800810377761,28.328904265229216,98.24280224210452,-59.70929152911533,47.42199120368027,-41.82396903386203,24.961687135803366,31.571161059548697,-75.82701321665867,-44.56670092677895,-19.051731578340846,63.0018942999182,109.8470711095663,-39.09441992784697,-92.26013575905198,0.025755838559829596,52.779678004300585,57.47309967758361,-100.53598614321518,0.43583410503365827,-54.56318320260236,-35.1464449390971,-182.06566001815233,-10.304845611020609,24.407179547798382,-15.97562056854208,20.577850378526776,25.431519137216092,24.43430217317139
142.2744207904684,-100.94761323980163,159.37030189656858,497.4955004270597,46.058583326665186,-177.44130209423807,-103.66319622464049,172.19981386189409,-153.59400846322978,414.2884624404295,-22.89878007991856,76.00585239386308,247.1480192089111,-28.68805982621902,312.26153129593956,-78.00212149640514,814.0876473933827,2.3260092699104424,-141.1453751979775,-7.554586037885119,-44.10763783870301,-383.78634767073135,-161.22801455321687,185.64350589389088,-46.13835461041681,394.23635742384874,461.2723363068679,230.97877046071437,-93.54225210480436,-324.93545942346014,196.09166591549518,-156.99314324130006,138.59477446352403,-83.73169116567635,-104.59469637192305,251.5640741150728,147.23017047811294,64.3831161704452,-208.03830040233038,-363.1979287183517,129.59549426109066,305.20027289652256,-1.231866346690721,-175.12193276614482,-190.03984887343276,331.83497318229615,-0.04528096278252583,179.48781607147563,116.59729191675548,602.2355090855256,34.39447289167806,-79.62436822600912,52.14737293617933,-68.67681185657383,-85.17928623085453,-80.1588563843436
463.4338568006473,-328.7986895869278,518.779952075166,1619.0110348945464,149.63817396397192,-576.5141137753401,-337.0163753286808,559.7401092696957,-500.10062423728834,1349.366554360238,-74.75893397611331,247.1480192089111,804.7970297370186,-93.3666327624058,1015.6782374985257,-254.19377741472042,2649.494508396272,8.537131647661507,-459.3757617895625,-24.119490447783082,-144.2044053750246,-1248.7770952938367,-524.7523854109279,603.4294330101811,-149.74810655999886,1284.6681039472917,1501.430957090872,751.6079610993737,-304.7339855939068,-1057.9235594121703,640.051801820307,-510.96820769532303,450.9313149789361,-271.25521723359697,-340.3373846867779,818.1507554495561,479.55194726335264,208.03016692612215,-677.7229865537303,-1182.6355344779922,421.59830515308624,993.6091640006466,-2.6814790502109433,-569.5184508645177,-618.7899796859476,1081.1811690796728,-1.765928328526011,585.5099403259634,379.2096990615075,1960.6885083799546,111.62033135602319,-260.5178189251081,170.58287057531328,-222.88348476742,-276.09158719218385,-261.7424151564854
-53.7579052648112,38.14125904268616,-60.19323149505293,-187.87053389027787,-17.375303662963358,66.94080059034312,39.122565848342575,-64.98165729278645,58.020370829064106,-156.52999016255364,8.664361417881544,-28.68805982621902,-93.3666327624058,10.834005661760655,-117.88294864928142,29.481078694097178,-307.43963299986444,-0.9473657033010254,53.304173594515916,2.819661975083796,16.703822002253165,144.91686837481757,60.88954759151128,-70.05409969821599,17.394756035391424,-148.99741762992426,-174.21300397274467,-87.22001872862502,35.34722951402251,122.74035924825954,-74.18652741920285,59.29014071803331,-52.33071853561158,31.531778401156846,39.494980172766994,-94.96172615180492,-55.62867967762063,-24.20669062183517,78.6119026327047,137.20331602852318,-48.92898535209969,-115.28131172445921,0.3705447122004998,66.10431323735413,71.78941453578305,-125.40319449783556,0.13250818697622144,-67.88018051524986,-44.01414697327702,-227.48222241979818,-12.966343615323341,30.168184343727333,-19.75518677421659,25.890893754244036,32.08738009246936,30.333317770852375
584.7267910895674,-414.8744342536766,654.8996837579126,2044.2443966616333,189.19260631987623,-728.8751042036798,-425.8717321825809,707.4112115155634,-631.195338222368,1702.6368551182818,-94.15487222122508,312.26153129593956,1015.6782374985257,-117.88294864928142,1282.969129338572,-320.60724150354184,3345.193576942955,9.809462004376503,-579.987605869675,-30.921204238276786,-181.4141481125495,-1576.9565845893133,-662.5141223842089,762.6364820550175,-189.48145317007967,1620.3863926294187,1895.4793568647347,949.0895795477326,-384.45431502940346,-1335.3074386801513,806.2505320303138,-645.1120745471643,569.4695500076614,-343.7382323903403,-429.7746790985576,1033.5593889376682,605.0878422251633,264.1662981912962,-855.0260743435355,-1492.5810000817353,532.4787838035279,1254.1908099271936,-4.716476515154648,-719.4883447965677,-780.9754358516958,1363.8673008977903,-0.6071624464353801,737.8920782848948,479.04528406181294,2474.84179066973,141.24858143939812,-327.54497289651505,214.50581618905508,-282.03841086475694,-349.7191361072656,-329.6072881076684
-146.3983758106039,103.86381938611434,-163.8250076834653,-511.19383706207435,-47.20523295437184,181.87381306686214,106.35446319311525,-176.62511038671119,157.9470245431557,-426.24615644991576,23.644834167688924,-78.00212149640514,-254.19377741472042,29.481078694097178,-320.60724150354184,80.31899957609784,-836.5952946989398,-2.8579996860451873,145.05261348998,7.537428239824206,45.643215308154055,394.2630032774281,165.69848686254028,-190.40956714624954,47.21481481435459,-405.9115911464445,-474.1192444934793,-237.30406832892095,96.27135296620206,334.11391056045295,-202.41288147984653,161.34578261238448,-142.36215365602584,85.44003370978766,107.45167795377955,-258.23930055610754,-151.48597546395362,-65.43366400805569,214.10469634663923,373.52352661723046,-133.09261850035944,-313.79192862266524,0.6237950676555202,179.75770142627317,195.4364415540088,-341.59242201350173,0.8293335097160116,-185.10636938710894,-119.69383101101968,-619.2142391537722,-35.191392394154676,82.49118589488934,-54.00809764652805,70.27130778212965,86.98815091163546,82.79141238014056
1525.5061065474003,-1082.3471564698527,1708.1210823764234,5331.254489384087,493.06203467738715,-1899.591094772351,-1110.1895557815285,1843.9979573421253,-1646.462055203905,4441.903259446549,-245.87269611731222,814.0876473933827,2649.494508396272,-307.43963299986444,3345.193576942955,-836.5952946989398,8724.301492023895,26.890546804963737,-1512.6277068658362,-80.01100995510916,-474.0137259416465,-4112.345032537595,-1727.880118866628,1987.9396289554554,-493.61297645705724,4228.15331979197,4943.6931101165355,2475.066250729334,-1003.0604513108464,-3483.040788890328,2105.2253397876407,-1682.493293312488,1485.0026679492676,-894.7772557747508,-1120.7597300097657,2694.751660307928,1578.5935150569253,686.9093598150355,-2230.7968486537243,-3893.461526295735,1388.4703975930643,3271.3726681298,-10.505605631534031,-1875.8577731185505,-2037.1906376118295,3558.6105211944505,-3.7717370910160386,1926.2647688204634,1249.0000323328748,6455.332250156401,367.9473320288984,-856.1009065039744,560.6047079130311,-734.708736080575,-910.544633705307,-860.7832804773832
5.033858743433036,-3.55435917510968,5.349377118802826,16.334227866416665,1.2987971868195851,-5.030015104111501,-3.117247863218708,5.09867343918694,-5.2604413596047985,14.56881211841077,-0.9547237830405843,2.3260092699104424,8.537131647661507,-0.9473657033010254,9.809462004376503,-2.8579996860451873,26.890546804963737,0.8980477650300775,-4.670837257342915,0.14734287122551137,-2.011997972016661,-12.441480093349544,-5.348237776885112,5.48844231338425,-1.1743115527151806,14.38395794702901,15.401213636937397,7.522937719673253,-3.340716001082396,-11.075049458883138,8.057070970906091,-5.20703837103674,4.4648304377955315,-1.7005593227935654,-3.3937770618952445,7.817986678215525,5.1884864190767495,0.8457283615318308,-7.42426350054414,-12.495681407849707,4.129914785603452,10.350888558716665,1.086844403096594,-5.422910687021259,-6.527398285194888,11.98467795093337,-1.3760393100435948,7.080868398592417,3.6281940409986086,20.469232669366477,0.8656741060159873,-3.79848596764459,2.458186731082403,-1.7342413234239549,-1.8546057834603968,-3.378845735165257
-264.49717498227966,187.66066564040125,-296.15654524211385,-924.3369577959047,-85.485253378448,329.3442831455024,192.48253596426082,-319.7080031096449,285.4671023004199,-770.1506037367022,42.63170211759961,-141.1453751979775,-459.3757617895625,53.304173594515916,-579.987605869675,145.05261348998,-1512.6277068658362,-4.670837257342915,262.2609230605884,13.868262978515553,82.19071554506253,712.9998548216467,299.5817367626479,-344.6641831181243,85.57945606201476,-733.0953945505283,-857.1439331796238,-429.1282371008171,173.91418283352462,603.8964826555322,-365.02238362911265,291.7125123245085,-257.47000264029487,155.1262698117065,194.3177554809542,-467.21350579694325,-273.70142585148767,-119.0836956530542,386.7834210975548,675.0572495003792,-240.7327541612238,-567.1965110361264,1.8097621653122682,325.2342524960469,353.2126516646249,-617.0059144140668,0.6682223230365982,-333.98958712786447,-216.5504977715155,-1119.2376444019776,-63.792250394126384,148.44372533895842,-97.20581944693082,127.37895206174535,157.8611369310135,149.2510183592373
-13.830112118891682,9.82076552538944,-15.624423494340673,-48.94060188091605,-4.628677859734312,17.81996345587772,10.32883396533313,-17.194122153543734,15.010078768525682,-40.3127287454865,2.1597613093708192,-7.554586037885119,-24.119490447783082,2.819661975083796,-30.921204238276786,7.537428239824206,-80.01100995510916,0.14734287122551137,13.868262978515553,0.9241794759718345,4.080930323157032,37.827529412111524,15.83561849972536,-18.540266162196858,4.6947133741597105,-38.123350124583254,-45.259853313939715,-22.750116326215775,9.078767392741556,31.77910619732272,-18.549227068896993,15.420004320450435,-13.67332227197304,8.71706257004899,10.30787606229574,-24.949514910397514,-14.321330040317736,-6.914180857685055,20.193729766021498,35.46789150153831,-12.806084670547184,-29.872561012225862,0.6372533220418456,17.37707019379413,18.563201718811374,-32.14511925359386,-0.6248111778496054,-17.113173670545457,-11.561712735207832,-58.9256255874247,-3.504194357789731,7.290847544983539,-4.788409883905837,6.994347667385325,8.810704043175553,7.543570984487761
-83.108967264383935,58.95424138577045,-92.86372734227947,-289.5944733809164,-26.639991063368868,102.65204340201703,60.11354578772775,-99.7937473985994,89.58197580718223,-241.93326890322476,13.491966412163594,-44.10763783870301,-144.2044053750246,16.703822002253165,-181.4141481125495,45.643215308154055,-474.0137259416465,-2.011997972016661,82.19071554506253,4.080930323157032,26.126779417292656,223.2762330271416,93.89535279902522,-107.57804033137774,26.58463809193458,-230.64004474241347,-268.71404750151964,-134.40516552820964,54.66716707589494,189.47197110896042,-115.4422584041504,91.4284872525274,-80.60808827223558,47.90087454003345,60.85273428918706,-146.08299335846698,-85.98725901333918,-36.4621489785908,121.57556906061531,211.87636020319553,-75.33797842059279,-177.92300625122857,-0.18568246137038255,101.67755110397356,110.85359572517709,-194.03524958791735,1.1271289272589868,-105.43188536839348,-67.71164057097381,-351.12156484502634,-19.810091018342433,47.298040125923805,-30.952672344816637,39.5601735081709,48.828827262975494,47.25905804094401
-718.9775577698974,510.11977166413396,-805.1271234580959,-2513.0038625936104,-232.47639218587085,895.6406020547366,523.393751470856,-869.3670029818044,776.0341084881869,-2093.513422229095,115.83972173414759,-383.78634767073135,-1248.7770952938367,144.91686837481757,-1576.9565845893133,394.2630032774281,-4112.345032537595,-12.441480093349544,712.9998548216467,37.827529412111524,223.2762330271416,1938.4894996764249,814.4586714687108,-937.2317706680044,232.77228332993195,-1992.6228634099336,-2330.2453171275374,-1166.6941257193007,472.73784337115853,1641.692012703149,-991.883239417111,793.0652089303699,-700.0129997707103,422.071489168906,528.306203533399,-1270.356106526558,-744.0037749062866,-324.1509113459819,1051.366006091919,1835.1060372848556,-654.5216254543765,-1541.9392927338522,5.273039395233594,884.3198197406339,960.1925779523621,-1677.1189556553659,1.386492516603119,-907.6489847333532,-588.8005487073767,-3042.664389384609,-173.51511196158677,403.2047679256627,-264.04090803890966,346.46933866352714,429.47345929424773,405.536395581069
-302.14126215924506,214.368866096238,-338.30201540924827,-1055.871930661314,-97.64666696369484,376.1982921064126,219.86874426045395,-365.1944806320194,326.0930041053718,-879.7595289470082,48.70142114783875,-161.22801455321687,-524.7523854109279,60.88954759151128,-662.5141223842089,165.69848686254028,-1727.880118866628,-5.348237776885112,299.5817367626479,15.83561849972536,93.89535279902522,814.4586714687108,342.2136556831169,-393.7011746939686,97.75230543301554,-837.4386269987415,-979.1211769657667,-490.19309100660666,198.66668859412124,689.8384412645428,-416.9908704916194,333.2245913748841,-294.1071649295079,177.18479779140299,221.96892949934602,-533.6920674911065,-312.6551712799319,-136.00989227075115,441.8326645518094,771.1280720753285,-274.9875622304333,-647.9148111806334,2.0498284374023634,371.5106642085353,403.4799684403123,-704.8239554468626,0.7846093184472416,-381.5353668853939,-247.36296168742163,-1278.5181545575224,-72.86592949279246,169.58590786118438,-111.04995783965828,145.49716205403595,180.31049139458705,170.5013063927924
347.345271622715,-246.4550547041464,389.15020824270243,1214.8689140080496,112.52343325729365,-433.4918657564604,-253.20914367520277,420.63617125764205,-375.0211895126071,1011.4544776230122,-55.870815364749525,185.64350589389088,603.4294330101811,-70.05409969821599,762.6364820550175,-190.40956714624954,1987.9396289554554,5.48844231338425,-344.6641831181243,-18.540266162196858,-107.57804033137774,-937.2317706680044,-393.7011746939686,453.4772975631926,-112.74787107027622,962.3774299045655,1126.3532822082218,564.0573176752084,-228.36450951633063,-793.3877486035806,478.4724177587906,-383.36025041421595,338.46420309757144,-204.71476365272758,-255.4264885491518,614.4148071865862,359.4489468145372,157.51732868212784,-507.8847612684659,-886.785210689627,316.49743122683446,745.212789702836,-3.271045700673783,-427.71866182412873,-464.004425136819,810.0768646090788,0.20994827277077144,438.02683411012737,284.773693129395,1470.4785210933478,84.05172529510861,-194.1641584142101,127.16833911126315,-167.828089854425,-208.22490913875853,-195.5713075370324
-86.17041806180096,61.14525375561638,-96.60793732832323,-301.67925289782954,-27.991086508607186,107.82844703938729,62.943236266748634,-104.58083172697086,93.07626783686514,-250.94504180787376,13.827411676130316,-46.13835461041681,-149.74810655999886,17.394756035391424,-189.48145317007967,47.21481481435459,-493.61297645705724,-1.1743115527151806,85.57945606201476,4.6947133741597105,26.58463809193458,232.77228332993195,97.75230543301554,-112.74787107027622,28.075992560486622,-238.64942649777802,-279.6400065275267,-140.0820561487656,56.64619473039254,196.92271398445808,-118.4439033903946,95.18491620103528,-84.06792390562087,51.07595135607407,63.437403043036284,-152.6743595685635,-89.1778884340147,-39.40616127685569,125.98291959023979,220.0776777360954,-78.62213410802842,-184.97727830235812,1.0710103345504294,106.28717539858671,115.15666181020187,-200.91021201970946,-0.36762280126461927,-108.49929065812934,-70.76161997280464,-364.9930966693886,-20.932433298530952,47.94352866535941,-31.407525190580138,41.79497921696081,51.92315062777319,48.39329926365878
739.872931998014,-524.9116599615861,827.9654669670724,2583.581345174752,238.59165452036888,-919.2515038753015,-537.5381085391581,892.7067797630413,-798.2506459094726,2154.18342038112,-119.48643059783983,394.23635742384874,1284.6681039472917,-148.99741762992426,1620.3863926294187,-405.9115911464445,4228.15331979197,14.38395794702901,-733.0953945505283,-38.123350124583254,-230.64004474241347,-1992.6228634099336,-837.4386269987415,962.3774299045655,-238.64942649777802,2051.3774047260936,2396.186950099879,1199.3428052119484,-486.53705097340855,-1688.5868431013478,1022.8787188717702,-815.4401505448556,719.5067624699532,-431.89232186854923,-543.0653623373812,1305.1777810234996,765.5863349147755,330.7959716104781,-1082.0446978504929,-1887.7515488800495,672.6612953766754,1585.8848469481527,-3.2355550337236685,-908.5221618326708,-987.7175512629861,1726.3331297478048,-4.09039878580822,935.4430385556827,604.9491324203127,3129.466900614685,177.87720964816677,-416.82462254545624,272.9028794951862,-355.19052876065535,-439.7086909019648,-418.37411668047696
864.5064196844493,-613.3641875484002,967.9370078102224,3020.9770399939734,279.3531165501454,-1076.2525758979743,-629.0364285264927,1044.798426206012,-933.0177195291224,2517.2149575863477,-139.36515369164255,461.2723363068679,1501.430957090872,-174.21300397274467,1895.4793568647347,-474.1192444934793,4943.6931101165355,15.401213636937397,-857.1439331796238,-45.259853313939715,-268.71404750151964,-2330.2453171275374,-979.1211769657667,1126.3532822082218,-279.6400065275267,2396.186950099879,2801.4148307616874,1402.4942600296479,-568.4419256187218,-1973.7601478626443,1193.256766630965,-953.4021184611663,841.46575286650625,-506.82042140167874,-635.0750224722957,1526.9040777560338,894.5870062288376,388.98752354569723,-1264.2083104883789,-2206.3594487741284,786.7574970416156,1853.802377253371,-5.728628404810253,-1062.8973683090358,-1154.4396616796892,2016.7180318565347,-2.4109097809594244,1091.7622198295333,707.7111262380414,3658.0788484815002,208.44637656739414,-485.3488030080952,317.8174554944225,-416.2220511169478,-515.7762754399913,-487.91505567447086
432.7398262859636,-307.03129848333475,484.57943682738073,1512.4785843722238,139.9093693656529,-539.0171894637996,-314.9980357353809,523.2143645478808,-467.0737682906739,1260.0447694913212,-69.72800810377761,230.97877046071437,751.6079610993737,-87.22001872862502,949.0895795477326,-237.30406832892095,2475.066250729334,7.522937719673253,-429.1282371008171,-22.750116326215775,-134.40516552820964,-1166.6941257193007,-490.19309100660666,564.0573176752084,-140.0820561487656,1199.3428052119484,1402.4942600296479,702.184912204178,-284.5338327881561,-988.0873763789148,597.04442020947,-477.31711180720174,421.3067657174382,-253.98376131982687,-317.9650933345011,764.5588223583069,447.80178352394745,195.0398760666822,-632.8012320399272,-1104.502681681456,393.925615040846,928.0468865057493,-3.125757514623395,-532.2235767783749,-577.9145240894102,1009.4384788288934,-0.8928557163111602,546.328814099654,354.367489971942,1831.2900710644321,104.42075379090883,-242.72344920129933,158.9475637489255,-208.5042117980554,-258.4432395247488,-244.10819625793803
-175.4936263344483,124.507550083763,-196.4138830033675,-612.9211781801956,-56.621399121559634,218.14994407711256,127.54892840147089,-211.8315468169876,189.3556394401553,-510.9677595143631,28.328904265229216,-93.54225210480436,-304.7339855939068,35.34722951402251,-384.45431502940346,96.27135296620206,-1003.0604513108464,-3.340716001082396,173.91418283352462,9.078767392741556,54.66716707589494,472.73784337115853,198.66668859412124,-228.36450951633063,56.64619473039254,-486.53705097340855,-568.4419256187218,-284.5338327881561,115.40109811987784,400.5598716674637,-242.52347347097745,193.44802360162916,-170.70112327083731,102.55234355793033,128.83873917061732,-309.67503619481636,-181.59450283203248,-78.58770191474274,256.6492705182082,447.794775371644,-159.59108468939579,-376.20180246543975,0.8659497929280102,215.56362181894292,234.29806977124423,-409.4550881494833,0.8504640338696289,-221.81810121290746,-143.53379150440057,-742.3647154437832,-42.22206054129918,98.7829174676911,-64.67757866430716,84.30977177241378,104.39738270631585,99.18865968950344
-609.1726095712179,432.2010482850839,-681.9757883365687,-2128.379056406447,-196.75529972168528,758.0384849703751,443.0989521242986,-735.9437313098549,657.4014887886351,-1773.7258041710277,98.24280224210452,-324.93545942346014,-1057.9235594121703,122.74035924825954,-1335.3074386801513,334.11391056045295,-3483.040788890328,-11.075049458883138,603.8964826555322,31.77910619732272,189.47197110896042,1641.692012703149,689.8384412645428,-793.3877486035806,196.92271398445808,-1688.5868431013478,-1973.7601478626443,-988.0873763789148,400.5598716674637,1390.6908351043173,-841.1312390942405,671.7179182388652,-592.8172945571587,356.78553921712637,447.4205048781612,-1075.634246691989,-630.3631781137153,-273.7083767763113,890.8390504151383,1554.6096822739762,-554.2627330524357,-1306.1557780253563,3.7281733976240785,748.7573814289116,813.4198366634905,-1421.1426344170154,2.073924178329406,-769.5072371619251,-498.55146151903716,-2577.4286084921873,-146.7854406404905,342.267788555442,-224.11671987768543,293.10014479205444,363.1243247409788,343.9564131201558
368.75203790038114,-261.59668647754,412.3422553591892,1286.2744370266748,118.55371185738734,-456.7953472768053,-267.309203875322,443.8421315608232,-397.6580919937328,1073.5459926555814,-59.70929152911533,196.09166591549518,640.051801820307,-74.18652741920285,806.2505320303138,-202.41288147984653,2105.2253397876407,8.057070970906091,-365.02238362911265,-18.549227068896993,-115.4422584041504,-991.883239417111,-416.9908704916194,478.4724177587906,-118.4439033903946,1022.8787188717702,1193.256766630965,597.04442020947,-242.52347347097745,-841.1312390942405,511.0202450109522,-406.03625086346756,358.1237878956119,-213.88082984118492,-270.32916218997724,649.320757105687,381.5450248394277,163.30913890671275,-539.3593861896203,-940.4675442188645,334.75807320242706,789.9164499562002,-0.3818839780413155,-451.9649451999573,-492.0636903288582,860.6685106063276,-3.535019650336243,467.0191542698316,300.96485137467636,1558.8105681854797,88.27144064102364,-208.8133578014135,136.682099743004,-176.26930794423413,-217.88845282668265,-209.10816778431334
-294.20452197767736,208.7377734932361,-329.41564503155473,-1028.1370629413918,-95.08194179551347,366.3172856128165,214.09364321168607,-355.60230443547994,317.52724335081405,-856.6498106282753,47.42199120368027,-156.99314324130006,-510.96820769532303,59.29014071803331,-645.1120745471643,161.34578261238448,-1682.493293312488,-5.20703837103674,291.7125123245085,15.420004320450435,91.4284872525274,793.0652089303699,333.2245913748841,-383.36025041421595,95.18491620103528,-815.4401505448556,-953.4021184611663,-477.31711180720174,193.44802360162916,671.7179182388652,-406.03625086346756,324.4716472486006,-286.3818488213354,172.53155084755088,216.13844825876154,-519.6738212204608,-304.4422662524402,-132.4383887820811,430.22641179553466,750.8721497218781,-267.76449992752407,-630.8955733408403,1.9969671841235483,361.75237982347386,392.88140259260274,-686.3092086006021,0.7628021917320567,-371.5124420023129,-240.86558740763604,-1244.9343731760584,-70.95217034792313,165.1303184701414,-108.13232962823864,141.67580293280693,175.5750487436136,166.02205287112932
259.6175381763659,-184.20110645194086,290.73534084109235,907.4703634146538,83.95675731326428,-323.45164787156034,-189.01234689430163,313.9558156587726,-280.2261464691102,755.9554176506077,-41.82396903386203,138.59477446352403,450.9313149789361,-52.33071853561158,569.4695500076614,-142.36215365602584,1485.0026679492676,4.4648304377955315,-257.47000264029487,-13.67332227197304,-80.60808827223558,-700.0129997707103,-294.1071649295079,338.46420309757144,-84.06792390562087,719.5067624699532,841.46575286650625,421.3067657174382,-170.70112327083731,-592.8172945571587,358.1237878956119,-286.3818488213354,252.78447476797223,-152.44977595345193,-190.77792744428857,458.7530601734099,268.65502547535465,117.09715195169089,-379.63841701767586,-662.6554144678036,236.35843274064513,556.7981964094846,-1.9424372398969811,-319.34767005083336,-346.72518851214903,605.5871085068402,-0.45398628391193474,327.7206132191299,212.62845268990358,1098.7123348844725,62.66696389402609,-145.56097614075262,95.32242296173588,-125.13116328147395,-155.11908184999888,-146.4177998875176
-156.02770017779477,110.72397774557437,-175.0778055471515,-546.9085541199871,-50.855769133533556,195.89502155485835,114.25784303749421,-189.88198179781753,168.6228073295011,-454.42964372538154,24.961687135803366,-83.73169116567635,-271.25521723359697,31.531778401156846,-343.7382323903403,85.44003370978766,-894.7772557747508,-1.7005593227935654,155.1262698117065,8.71706257004899,47.90087454003345,422.071489168906,177.18479779140299,-204.71476365272758,51.07595135607407,-431.89232186854923,-506.82042140167874,-253.98376131982687,102.55234355793033,356.78553921712637,-213.88082984118492,172.53155084755088,-152.44977595345193,93.14123304868566,115.02550110359175,-277.01062631482137,-161.48409993356188,-72.09974710001438,228.08251067547246,398.6770505143225,-142.59776878188688,-335.16960756548673,2.5292524923742596,192.8563729777674,208.61526785692826,-363.6583105989601,-1.3829886095467876,-196.07713071577717,-128.38666407545279,-661.3261539323114,-38.085417222168495,86.29860997522833,-56.5492053844856,76.04070959405448,94.62157825925232,87.34189014948281
-195.9480942603173,139.02652472700575,-219.42598283256373,-684.8822283648054,-63.357231664063185,244.0907291585161,142.64220876664075,-236.93113547632603,211.49748166600355,-570.5598508384443,31.571161059548697,-104.59469637192305,-340.3373846867779,39.494980172766994,-429.7746790985576,107.45167795377955,-1120.7597300097657,-3.3937770618952445,194.3177554809542,10.30787606229574,60.85273428918706,528.306203533399,221.96892949934602,-255.4264885491518,63.437403043036284,-543.0653623373812,-635.0750224722957,-317.9650933345011,128.83873917061732,447.4205048781612,-270.32916218997724,216.13844825876154,-190.77792744428857,115.02550110359175,143.98193384641925,-346.21523479176017,-202.76859141072552,-88.3378774653,286.5365290827847,500.1332587105148,-178.37977679532926,-420.2340870181279,1.43292592812063,241.00714840774387,261.68742279164053,-457.07811957600615,0.38294468565556455,-247.37076354872812,-160.46818750150854,-829.2359828898351,-47.288017140300475,109.89190084407194,-71.96322032668523,94.42319758803353,117.04319307459177,110.525736994465
470.99783649698486,-334.18341690063704,527.5517839384572,1646.7701223555396,152.42865554043868,-587.2372214386996,-343.0963529714416,569.9220173833851,-508.44609505121906,1371.4843122347777,-75.82701321665867,251.5640741150728,818.1507554495561,-94.96172615180492,1033.5593889376682,-258.23930055610754,2694.751660307928,7.817986678215525,-467.21350579694325,-24.949514910397514,-146.08299335846698,-1270.356106526558,-533.6920674911065,614.4148071865862,-152.6743595685635,1305.1777810234996,1526.9040777560338,764.5588223583069,-309.67503619481636,-1075.634246691989,649.320757105687,-519.6738212204608,458.7530601734099,-277.01062631482137,-346.21523479176017,832.6436854672264,487.40079894299186,212.93281367936794,-688.7175848302647,-1202.3113629408067,428.9586632764062,1010.2973990200863,-3.9148934000550915,-579.6275398598715,-629.0963766594001,1098.5710799102874,-0.3483124748990654,594.2977857776731,385.922225588999,1993.5726714755594,113.81180237963737,-263.7372103994327,172.72179104036175,-227.25337703297734,-281.8177169874029,-265.44331915847306
276.15972762051365,-195.92863205961154,309.1045018287742,964.6095902076848,89.12817625346048,-343.3892641999411,-200.75938321490156,333.4251833596872,-297.98783433263657,804.0749759187507,-44.56670092677895,147.23017047811294,479.55194726335264,-55.62867967762063,605.0878422251633,-151.48597546395362,1578.5935150569253,5.1884864190767495,-273.70142585148767,-14.321330040317736,-85.98725901333918,-744.0037749062866,-312.6551712799319,359.4489468145372,-89.1778884340147,765.5863349147755,894.5870062288376,447.80178352394745,-181.59450283203248,-630.3631781137153,381.5450248394277,-304.4422662524402,268.65502547535465,-161.48409993356188,-202.76859141072552,487.40079894299186,285.76191022167734,123.78723656023955,-403.8622759690668,-704.6872027815531,251.17346880781463,592.0350864592067,-1.4576257059908637,-339.2794899788575,-368.71189376027934,644.3049401280807,-1.2228562179004372,348.9953544408495,225.90895488738408,1168.2680734726828,66.47085019119906,-155.36403963452773,101.72622474231021,-132.72970964903746,-164.37884601657106,-156.0393593697475
