V1,V2,V3,V4,V5,V6,V7,V8,V9,V10,V11,V12,V13,V14,V15,V16,V17,V18,V19,V20,V21,V22,V23,V24,V25,V26,V27,V28,V29,V30,V31,V32,V33,V34,V35,V36,V37,V38,V39,V40,V41,V42,V43,V44,V45,V46,V47,V48,V49,V50,V51,V52,V53,V54,V55,V56
4.506522172209742,-1.386991924454158,-0.22372614001494837,-7.983161372452398,-3.442238789823529,14.645819165343585,4.79905471292578,-11.424723390988033,-0.7544681970694816,8.728000446122747,-4.432334465761857,-1.9954305525617884,3.9159052564071466,0.13226106295521903,-10.087572197554538,-3.3658450727574842,-10.272803176504736,11.630396490785305,2.225467234763354,6.363110832600098,-6.573966232305099,8.23433282357565,1.1586394810019738,-11.405235700755632,4.554523248832809,16.80175345758971,-3.2064573174077813,-4.741728134231361,-2.125701120102343,-0.29715840165694435,19.78844495738634,0.9452113190384013,-3.0888212972673945,17.044909420056936,0.9118406012213228,-9.193692418196811,1.8074237339927672,-20.3230276316554,-6.494073166511394,-3.932333559293756,-4.077272412667262,1.5040999821779582,16.136964131183145,6.351027173537038,-0.1582602748808634,11.069792759177176,-19.487691362085595,15.093206095605773,-4.310621600409071,3.543052617524936,-3.6338181480299543,-15.84766800021737,12.41276906288463,9.933981459980876,14.552787502024632,-9.333138428484872
-1.386991924454158,1.7093668589180928,0.5565238120628685,4.02981877176147,2.604668614212195,-8.780043532591652,-4.112521654806301,6.270537420691815,0.7653829439795541,-4.964030439437739,0.6658555342231345,3.1681525578783285,-0.974965818105319,-0.3228628485556491,7.4648389775634305,1.985249739179665,5.327016578229464,-7.8537562246158235,-0.5187576569342056,-3.49208627369592,5.4571602422306995,-4.741839132660491,-1.1538876998847272,7.4254447691931365,-4.2182166419336,-9.077829193482424,1.597399827033305,2.3550644606985065,1.937491182035015,1.4107542092631147,-13.951140060870102,-1.240509112722898,2.143177661625427,-10.262978410688213,-1.9969599544418501,6.902843738331746,-2.695645727829656,11.941773546371683,3.2059296755466913,1.5850582382275553,2.1220490740713327,0.2824675673868223,-10.748145901125252,-5.176709458374861,1.7192051456671282,-7.225826660451915,13.186497172161499,-9.29564804499251,3.089273923857802,0.10090652021519018,3.1806169107719744,10.52428595544959,-5.213139529938388,-4.724894971499298,-9.825152656269509,6.500837831726676
-0.22372614001494837,0.5565238120628685,0.19654306442040106,0.9943839225233511,0.7584675987948808,-2.3516896401824687,-1.24039946609767,1.6145052621510134,0.2401956566929753,-1.2994271432163524,-0.04548868059503503,1.0702286852287313,-0.10685150078057515,-0.1138563452574989,2.158746651921816,0.5280801814404806,1.3333547022305925,-2.202666480880184,-0.04729153764160606,-0.899081314982223,1.6320944764120844,-1.2482054580320545,-0.3606898962432355,2.0549732678673003,-1.2970677649985376,-2.319640890681159,0.39134111028896446,0.5759877355064511,0.5934893144618708,0.5164165187752988,-3.971460644214894,-0.4080109114344222,0.6068006091022217,-2.753910040804387,-0.6979018224734391,2.005282961183797,-0.9032257242230298,3.1713715091917623,0.7814449099597862,0.3377334098240718,0.5321572695617887,0.2087652349461628,-2.999578738599338,-1.5404756821470118,0.6430656100435708,-2.0016728899828395,3.7009703910960288,-2.5176000284254925,0.8842216949857675,0.2771244590236607,0.964562709471429,2.9339511094991924,-1.1458480060873173,-1.1272287196937074,-2.7553630629139554,1.8430227095618585
-7.983161372452398,4.02981877176147,0.9943839225233511,16.07077082286219,7.992851754909876,-31.184205278301015,-11.733472621351961,23.61633786924539,1.99039331072779,-18.254780655311233,6.995364085590181,6.66700928687626,-6.6545331194307815,-0.5803251505106444,23.216975399238397,7.126720523466201,20.853427957597347,-25.844665734365876,-3.738541770184577,-13.152918261593841,15.856766693812425,-17.294109109440154,-3.03026754132827,25.00551803756746,-11.522213040196558,-34.5548240362879,6.428881301646654,9.498260103922252,5.339361210351067,2.144354148502383,-44.694831518810204,-2.8389708627909984,6.934220713870051,-36.34722361843899,-3.720138675562703,21.28167074996411,-5.8254561222924535,42.9758256327871,12.98454733895284,7.425632855322331,8.286235013417976,-1.7503391611154084,-35.67652363274309,-15.20204870646788,2.329001752123498,-24.29309447825972,43.337840071359,-32.44019807468261,9.797704695851134,-4.815345575627191,8.966244760340585,34.998700484953,-23.696929686766264,-19.642677226812737,-32.336208615997165,20.983052427803592
-3.442238789823529,2.604668614212195,0.7584675987948808,7.992851754909876,4.491118548025314,-16.334740037585295,-6.8411290801254685,12.045190507963685,1.2186999370163616,-9.411186118644583,2.5442027253722834,4.601443272720927,-2.7136827328839335,-0.44098867756999494,12.958668039015722,3.7147725183951303,10.455655437888769,-14.03360240942091,-1.4996585467465469,-6.708263834765639,9.158800252158795,-8.949459792466588,-1.8456417452333826,13.429051225460801,-6.872375930374518,-17.540827058848894,3.1848221398487673,4.7010832411275,3.1698465691468276,1.8165676860256454,-24.586344413084248,-1.8661320805797688,3.7961845509170593,-19.064346026167986,-2.764446756731123,11.930234639336513,-3.9582433326693405,22.375401443757344,6.414949627020545,3.455224645368612,4.159193012761164,-0.2507807001649276,-19.292085011339907,-8.733275752740674,2.1336252745362576,-13.056705517154908,23.54684701789202,-17.131803638188504,5.416286167584,-1.2708579237076043,5.26035607551714,18.90866700819729,-11.159465460146762,-9.597014791706568,-17.557404334740074,11.500670548545306
14.645819165343585,-8.780043532591652,-2.3516896401824687,-31.184205278301015,-16.334740037585295,61.83075144313135,24.3763365216114,-46.30498868081467,-4.228166554755802,35.953383080668786,-12.078409999643409,-14.993334508807543,11.959318391866308,1.3698039767825758,-47.30901432904176,-14.101280399358922,-40.5992047123984,52.036818452133936,6.678962370269059,25.78884634244338,-32.80430428436373,34.11496778917108,6.421543182013012,-50.10906120535935,24.184459584327275,67.61888824124539,-12.454634957159888,-18.3940691857044,-11.183347020458744,-5.360804363537471,90.49790165175199,6.235318244592541,-14.011128479135193,72.10798695601824,8.681099624423123,-43.44827021634668,13.000998565486762,-84.99319581532077,-25.126891507998103,-14.02830742420637,-16.139654974900523,2.4050263090968382,71.7044387191993,31.374067721084444,-6.0793757235516335,48.69782990055261,-87.28153572763316,64.54367849691972,-19.880948685309267,7.545738375970173,-18.679625522683324,-70.31510682282385,44.98041767444018,37.83956881160898,65.10543685129404,-42.4192522990661
4.79905471292578,-4.112521654806301,-1.24039946609767,-11.733472621351961,-6.8411290801254685,24.3763365216114,10.526493706445864,-17.82639597452426,-1.8991148199018528,13.975366312866065,-3.2850426183592503,-7.373425598189423,3.6969369562980754,0.7206749445592655,-19.702437249446838,-5.535192889387009,-15.389334497945915,21.168835295428362,2.0284224525479173,9.92786449665466,-14.057254422332806,13.305283978904466,2.8722686017064976,-20.19129084134899,10.637949613430553,25.920593621233248,-4.669241002286181,-6.890147039788785,-4.90076232769118,-3.027588534683439,37.22676335334572,2.95798133674736,-5.739937809951876,28.46121341051331,4.498050581043455,-18.160993580026837,6.3211254624454405,-33.328707643985744,-9.396449372049528,-4.9577762981248235,-6.123963297256904,0.06996388502947407,29.065595398907945,13.384522873755893,-3.6013874525180385,19.636019331001766,-35.525370744690484,25.629365208289954,-8.21251119785706,1.3247950374910862,-8.10754340506086,-28.48046417270145,16.080725589526576,14.005459596446654,26.483795344952533,-17.39517692183448
-11.424723390988033,6.270537420691815,1.6145052621510134,23.61633786924539,12.045190507963685,-46.30498868081467,-17.82639597452426,34.87863133840563,3.0577572326433593,-27.018627750580105,9.7369548853229,10.54377906571271,-9.432931325116252,-0.9412678727631286,34.93749542456452,10.571736510245133,30.69340968622006,-38.664259029609894,-5.284999849078422,-19.425240007073484,24.04066086305183,-25.616229201423838,-4.649605901848542,37.32241779379818,-17.59509673444489,-50.98510596521558,9.440060573472254,13.944597063054681,8.144928928229755,3.5866964827824366,-67.04871734600857,-4.435634884006842,10.391716989409163,-53.98607963736316,-5.997664729074692,32.0552581657219,-9.176655991591476,63.735252233500006,19.05612733876216,10.773969087255194,12.198865938153158,-2.2123038338234835,-53.3263949053222,-23.020532726737077,3.988815118389761,-36.26503441064253,64.84288930439143,-48.25079261020929,14.713437547387073,-6.423569736881213,13.64116398381723,52.30343533886756,-34.459500298057016,-28.765268175478365,-48.37513343155153,31.453245570315506
-0.7544681970694816,0.7653829439795541,0.2401956566929753,1.99039331072779,1.2186999370163616,-4.228166554755802,-1.8991148199018528,3.0577572326433593,0.3479746043975688,-2.4081717553982447,0.4517394383271727,1.3958640854837254,-0.5598671707370667,-0.13944565415588675,3.5015014699145914,0.9581712037991347,2.620041247780843,-3.724075127264634,-0.3034919435458728,-1.7029012800147585,2.528175053201752,-2.296316275428064,-0.5254388750522374,3.5371248096392427,-1.933406735611424,-4.4370506662464315,0.7906366114218591,1.1662119310152905,0.8893747972792443,0.5982285426649308,-6.580929503539682,-0.5530256834811482,1.0128943079448849,-4.93935558045576,-0.8661909622804159,3.2325830209846917,-1.192007454591979,5.766661725545931,1.589103812276553,0.8141523389637272,1.043120468049512,0.05807414574606847,-5.105226526626265,-2.4027838240053603,0.7209804078395914,-3.440897652243662,6.251171903392285,-4.460180165326412,1.4544387652947008,-0.09787261342147123,1.4657031402500962,5.000742381324858,-2.657148981619254,-2.356346789685245,-4.658984764526192,3.0709575884627354
8.728000446122747,-4.964030439437739,-1.2994271432163524,-18.254780655311233,-9.411186118644583,35.953383080668786,13.975366312866065,-27.018627750580105,-2.4081717553982447,20.949415555158694,-7.344089655175053,-8.40072779518169,7.175188383898342,0.7572834123548271,-27.280976740528974,-8.204863864172086,-23.741566131273707,30.11643378608799,4.015017695802656,15.047664775617854,-18.830872435565272,19.86853198047329,3.6600275790422083,-29.04272540593275,13.823159395760985,39.47928212534398,-7.294449057464939,-10.774322164775636,-6.3960894485215,-2.918673591280938,52.286450725239646,3.5171801665817846,-8.10025620574833,41.92219774164038,4.81429337315798,-25.040235974796055,7.300175212448641,-49.46082896516141,-14.72148602685631,-8.281586481244979,-9.436799416648824,1.5892037580074365,41.52173063313836,18.022862181906586,-3.2734159287961506,28.221883698218075,-50.51031443126803,37.49105205618735,-11.479033752789848,4.746060361614897,-10.700424890688126,-40.721982728169955,26.514126838636525,22.201157633948714,37.680235569855064,-24.520095955478798
-4.432334465761857,0.6658555342231345,-0.04548868059503503,6.995364085590181,2.5442027253722834,-12.078409999643409,-3.2850426183592503,9.7369548853229,0.4517394383271727,-7.344089655175053,4.739594934890622,0.57194057133798,-3.976813704669825,0.02354862031692102,7.547443931530573,2.7935353880995026,8.924698329008459,-9.111659052566825,-2.279318228572657,-5.423282161811005,4.59603181089782,-6.896802547153955,-0.7054502615531958,9.085685778975014,-2.9460099146065506,-14.398006139242806,2.821240750001076,4.175975732963697,1.3919852792358576,-0.42608080337769716,-15.18255927293722,-0.41260152711601455,2.38865629284274,-14.032604112085819,0.03769669734191505,6.824484189063515,-0.6128024298158368,16.892019806166566,5.729844011184954,3.6635303215153967,3.53798758498592,-1.8852012828718885,-12.723281902219059,-4.492106813991596,-0.7539188783491533,-8.808239376612425,15.252701986398483,-12.312664191927029,3.279950854490591,-4.133417405042501,2.4511339559385394,12.512153025981497,-11.45005579562597,-8.862526059456084,-11.402262996763275,7.203893409378475
-1.9954305525617884,3.1681525578783285,1.0702286852287313,6.66700928687626,4.601443272720927,-14.993334508807543,-7.373425598189423,10.54377906571271,1.3958640854837254,-8.40072779518169,0.57194057133798,5.969742091436625,-1.2753801997290852,-0.620464518763445,13.14966615569941,3.380895797073082,8.860779516980465,-13.661692612803778,-0.6544604169848405,-5.87176246764688,9.749241972553344,-8.042232340063205,-2.1007914874135682,12.847037081514427,-7.625513448987145,-15.219568194075567,2.635629087423278,3.883285987148056,3.4967742662582726,2.758894365704321,-24.416408595707775,-2.309606170039366,3.7425328406918705,-17.53836816276147,-3.821720974423977,12.182555924227287,-5.060751078959284,20.323898131703565,5.27961491001159,2.48755690859537,3.532288952319369,0.8184156624546876,-18.659025338182484,-9.22866596127228,3.396791120785886,-12.506577033552777,22.94482444841053,-15.944020938953646,5.418772807308522,0.8037336022472314,5.715823364834448,18.262439074787743,-8.269925299457128,-7.7193259347335905,-17.090448348422374,11.358255529216626
3.9159052564071466,-0.974965818105319,-0.10685150078057515,-6.6545331194307815,-2.7136827328839335,11.959318391866308,3.6969369562980754,-9.432931325116252,-0.5598671707370667,7.175188383898342,-3.976813704669825,-1.2753801997290852,3.4440340725982392,0.06427022394062247,-7.9827191902463435,-2.754288006774793,-8.537723248822953,9.338772845285206,1.9636379015407401,5.253825530222957,-5.095898629892571,6.758833401459303,0.863651173575058,-9.207576933373776,3.451967161326552,13.898367064417583,-2.676613027252891,-3.959479618890569,-1.6167230018469654,-0.021354630258937964,15.783734047183689,0.6508478673871242,-2.4699088305908923,13.910317422969793,0.4841961606697701,-7.25749460553962,1.186458318482884,-16.63854890037473,-5.426234575820002,-3.3496823159537237,-3.3872281367925106,1.4408001157835095,12.984092735138848,4.940209881189091,0.16239265254004875,8.93339816632792,-15.643059986744818,12.280225037341312,-3.429237324642438,3.2925982588594898,-2.787337745081192,-12.756913163449205,10.535918547739222,8.332687306745123,11.685704418196273,-7.458544954758168
0.13226106295521903,-0.3228628485556491,-0.1138563452574989,-0.5803251505106444,-0.44098867756999494,1.3698039767825758,0.7206749445592655,-0.9412678727631286,-0.13944565415588675,0.7572834123548271,0.02354862031692102,-0.620464518763445,0.06427022394062247,0.06595824316574683,-1.255321340656917,-0.3076426552605645,-0.7778784144184347,1.2816968740804515,0.02875291509581145,0.5241711221284242,-0.9484126766993932,0.7273385307631658,0.2094138232366995,-1.1961031502080133,0.7533095889734878,1.3526091426956324,-0.2284277194721853,-0.33622053666083856,-0.34471218286986083,-0.2989759661756757,2.3101922973002984,0.23665912470958647,-0.35301570461661586,1.6040219387423265,0.4043640832929123,-1.1659708630201002,0.5237218811073466,-1.8476078220625503,-0.45619054894094313,-0.1978650929565008,-0.3104465018996976,-0.11984824072334373,1.7455944707579452,0.8952642221205579,-0.3721660166825549,1.1650547083718514,-2.153503098920155,1.466077383766909,-0.5142910121445015,-0.15812523605336845,-0.5603517497976847,-1.7074427241351717,0.6707274802231754,0.658405623738957,1.6033049011507812,-1.0721767534693398
-10.087572197554538,7.4648389775634305,2.158746651921816,23.216975399238397,12.958668039015722,-47.30901432904176,-19.702437249446838,34.93749542456452,3.5015014699145914,-27.280976740528974,7.547443931530573,13.14966615569941,-7.9827191902463435,-1.255321340656917,37.40384200542016,10.761725162068261,30.35657292923922,-40.565235567124844,-4.416585992506484,-19.457586444141718,26.389719795695704,-25.93709010420702,-5.3041297149170505,38.84067064485073,-19.770272879254637,-50.89145750372904,9.253127913027125,13.659170714751747,9.121007126290461,5.150459756943428,-71.01991291063226,-5.3441996047961835,10.968408358065703,-55.210540925303526,-7.876170359004983,34.427618024543314,-11.319136680773582,64.825816232518,18.64084049690829,10.076470337615334,12.074887775288529,-0.8326853287204301,-55.77764939563763,-25.170493717452896,6.033541554438263,-37.76214222228252,68.06178886485868,-49.59526398995063,15.641390295657054,-3.8805432515668667,15.1451309427043,54.671716048998725,-32.520428370403216,-27.905600716513977,-50.75123178791141,33.227125321941855
-3.3658450727574842,1.985249739179665,0.5280801814404806,7.126720523466201,3.7147725183951303,-14.101280399358922,-5.535192889387009,10.571736510245133,0.9581712037991347,-8.204863864172086,2.7935353880995026,3.380895797073082,-2.754288006774793,-0.3076426552605645,10.761725162068261,3.2166105619449765,9.275402131141488,-11.850432051019185,-1.539150501415305,-5.887771878379596,7.451815488040853,-7.784149198004681,-1.4555416142756108,11.416513297860197,-5.486504864084368,-15.44077023692657,2.846781918401811,4.204522887229867,2.5375480256402976,1.1985190212185,-20.598391791065858,-1.4088780178892295,3.1897203014327555,-16.444260746969256,-1.9514998495845444,9.88174411899175,-2.933548283066794,19.388490876279548,5.743928548496284,3.2144201473570546,3.6871472167260553,-0.5716302194485173,-16.332115344726557,-7.128500096890867,1.3547454654418885,-11.094634993927631,19.87627535968477,-14.71516525331268,4.52423316198037,-1.76436612064961,4.240545355840089,16.01624502515275,-10.301879070618503,-8.653827665038852,-14.826606803982607,9.656550415826826
-10.272803176504736,5.327016578229464,1.3333547022305925,20.853427957597347,10.455655437888769,-40.5992047123984,-15.389334497945915,30.69340968622006,2.620041247780843,-23.741566131273707,8.924698329008459,8.860779516980465,-8.537723248822953,-0.7778784144184347,30.35657292923922,9.275402131141488,27.07313004185865,-33.72843385632155,-4.792465630214695,-17.09440105148736,20.783256775398325,-22.497620119433794,-3.987285019150128,32.60902538274069,-15.137435553851233,-44.89621443696641,8.340061509862034,12.32120889414491,7.01223237290346,2.9048444549318377,-58.38045667305687,-3.7579199644054695,9.054507558222264,-47.325118245346445,-4.976358467993534,27.834574053367856,-7.732140431460312,55.928721651893255,16.841742670835416,9.596694939380171,10.758414879027782,-2.1701632262967085,-46.546363472147696,-19.917401610670087,3.181176626452879,-31.681646276790353,56.56016118999611,-42.257093108433686,12.802119222974365,-6.065065494393489,11.765230596449586,45.65926860047138,-30.646995907748,-25.460230827863537,-42.2000069292825,27.401251020412413
11.630396490785305,-7.8537562246158235,-2.202666480880184,-25.844665734365876,-14.03360240942091,52.036818452133936,21.168835295428362,-38.664259029609894,-3.724075127264634,30.11643378608799,-9.111659052566825,-13.661692612803778,9.338772845285206,1.2816968740804515,-40.565235567124844,-11.850432051019185,-33.72843385632155,44.260580507095874,5.1896178535971185,21.533267136416704,-28.410276810722376,28.608245664903986,5.6473778524315295,-42.48298503156218,21.140832263015497,56.38186009937602,-10.309965262451225,-15.22250898239751,-9.762772598923089,-5.163802058571315,77.26790049742692,5.604173910472116,-11.945980953825398,60.7098003958056,8.073349388517784,-37.3022093048406,11.79458134007915,-71.40247311934556,-20.783228326595882,-11.39760930450014,-13.412659349808132,1.3975616807173177,60.9148429837953,27.128919847497897,-5.975801375878321,41.29607252745049,-74.25184278884514,54.45091374898844,-16.999057212014666,5.1733413789496305,-16.251016017664373,-59.71889760263291,36.67667053128505,31.194820594767844,55.37524518146115,-36.17926691082515
2.225467234763354,-0.5187576569342056,-0.04729153764160606,-3.738541770184577,-1.4996585467465469,6.678962370269059,2.0284224525479173,-5.284999849078422,-0.3034919435458728,4.015017695802656,-2.279318228572657,-0.6544604169848405,1.9636379015407401,0.02875291509581145,-4.416585992506484,-1.539150501415305,-4.792465630214695,5.1896178535971185,1.1205427284475797,2.943577520090782,-2.8014798450420355,3.780332714433256,0.4688618853207642,-5.124947240784395,1.884217103160691,7.791027261764073,-1.5043404577652786,-2.2255578238784994,-0.8834566947826431,0.024207535081139875,8.753583696137664,0.3437276845254828,-1.3708347423025358,7.767232564398382,0.22789635013143955,-4.012333162473925,0.6153465480262225,-9.299272578343777,-3.0505534945305928,-1.8933494490388618,-1.9011228264468645,0.8393616193128923,7.21978184618792,2.718835136453147,0.13830821883984357,4.971782472036431,-8.692150268676068,6.850926787206486,-1.9003313906730275,1.9040516506114735,-1.527275978009649,-7.094386858127675,5.9493504998994,4.689654377936592,6.493884526418792,-4.138849459972719
6.363110832600098,-3.49208627369592,-0.899081314982223,-13.152918261593841,-6.708263834765639,25.78884634244338,9.92786449665466,-19.425240007073484,-1.7029012800147585,15.047664775617854,-5.423282161811005,-5.87176246764688,5.253825530222957,0.5241711221284242,-19.457586444141718,-5.887771878379596,-17.09440105148736,21.533267136416704,2.943577520090782,10.818657280744226,-13.388741722648653,14.266604409137603,2.5894250663360068,-20.78601364377094,9.798990533172287,28.395582699114982,-5.257566673904092,-7.766334591275342,-4.536046669799416,-1.9972852566687855,37.34128711866015,2.4702107577760484,-5.787441967324126,30.066700953529427,3.3399895058921145,-17.852374905422074,5.1104430640186145,-35.49641385286599,-10.613165600518359,-6.000564428019255,-6.7940395533675035,1.232367853291075,29.699074198562066,12.820629154454009,-2.2211534157698485,20.197120296869848,-36.11291304994039,26.87247697329218,-8.194310321616834,3.5779952035662044,-7.59701554097253,-29.129363845453963,19.192173312406965,16.020639915844722,26.941540312311226,-17.517199809262646
-6.573966232305099,5.4571602422306995,1.6320944764120844,15.856766693812425,9.158800252158795,-32.80430428436373,-14.057254422332806,24.04066086305183,2.528175053201752,-18.830872435565272,4.59603181089782,9.749241972553344,-5.095898629892571,-0.9484126766993932,26.389719795695704,7.451815488040853,20.783256775398325,-28.410276810722376,-2.8014798450420355,-13.388741722648653,18.78406606525349,-17.922623892228827,-3.8249268066649673,27.120561434288916,-14.185048295253008,-34.969996261096945,6.31218352614384,9.315270921051033,6.536822915281746,3.965906994781807,-49.91396075851155,-3.9213948106970875,7.698841987088881,-38.29756992964971,-5.925616265320485,24.31762999324128,-8.364773671892028,44.873170641306245,12.705678084413465,6.739851643042742,8.269638530227846,-0.19834345875490492,-39.02033483573318,-17.891658173713523,4.703627769981802,-26.373177912693368,47.67573673761717,-34.46879226785921,11.007495006918347,-1.97859709906224,10.822499640297492,38.23733362362925,-21.836587148854576,-18.95602251704537,-35.54354172589771,23.329763528487863
8.23433282357565,-4.741839132660491,-1.2482054580320545,-17.294109109440154,-8.949459792466588,34.11496778917108,13.305283978904466,-25.616229201423838,-2.296316275428064,19.86853198047329,-6.896802547153955,-8.042232340063205,6.758833401459303,0.7273385307631658,-25.93709010420702,-7.784149198004681,-22.497620119433794,28.608245664903986,3.780332714433256,14.266604409137603,-17.922623892228827,18.845577413601152,3.489430306454351,-27.578869397364354,13.169952053992938,37.42472957268787,-6.909753935132837,-10.205825419705615,-6.092934075739549,-2.8138514790242675,49.68812091396365,3.361619411492925,-7.696566758013389,39.78018851956371,4.620387882413612,-23.809984492428246,6.98498898052856,-46.92302355953955,-13.943961880571607,-7.830287726693587,-8.94265231263922,1.4652688021436069,39.43729793426704,17.150640103996523,-3.1645714276309094,26.800052002584433,-47.98174732702754,35.58292542062744,-10.91027472551931,4.423197271475138,-10.18939221196303,-38.676625038754366,25.078073198983198,21.021597954515588,35.793192419995,-23.29894108122896
1.1586394810019738,-1.1538876998847272,-0.3606898962432355,-3.03026754132827,-1.8456417452333826,6.421543182013012,2.8722686017064976,-4.649605901848542,-0.5254388750522374,3.6600275790422083,-0.7054502615531958,-2.1007914874135682,0.863651173575058,0.2094138232366995,-5.3041297149170505,-1.4555416142756108,-3.987285019150128,5.6473778524315295,0.4688618853207642,2.5894250663360068,-3.8249268066649673,3.489430306454351,0.7935432177915545,-5.366299932093854,2.9218946480549794,6.748459888269492,-1.2039427173009773,-1.7759333964563613,-1.3442896905865918,-0.8965718011436951,9.974496032582142,0.8333558536291781,-1.5355017528422397,7.501228051060237,1.3014257711395523,-4.8959635412614855,1.7946824145140412,-8.760485985827406,-2.4201417682281425,-1.2440091628342047,-1.587375572201307,-0.07668125474393866,7.743130565764319,3.635916127369062,-1.0791923650339728,5.220140509459184,-9.479358811959004,6.771505081576404,-2.2040198817704995,0.1702871737767941,-2.2162933675227365,-7.5849354435550955,4.057230150710846,3.5906783284913057,7.065140963442149,-4.655218134215126
-11.405235700755632,7.4254447691931365,2.0549732678673003,25.00551803756746,13.429051225460801,-50.10906120535935,-20.19129084134899,37.32241779379818,3.5371248096392427,-29.04272540593275,9.085685778975014,12.847037081514427,-9.207576933373776,-1.1961031502080133,38.84067064485073,11.416513297860197,32.60902538274069,-42.48298503156218,-5.124947240784395,-20.78601364377094,27.120561434288916,-27.578869397364354,-5.366299932093854,40.81713989212347,-20.12485004088694,-54.44877329643823,9.97885031102287,14.734863781542156,9.297337629875077,4.779637592926969,-74.07870179717301,-5.291122369953135,11.457825985814969,-58.45374997800234,-7.547332409458188,35.70261382553014,-11.105393064333946,68.79511659739268,20.120819695272527,11.096220950675399,12.966194999651114,-1.5310733781785097,-58.49011550273117,-25.909643761908516,5.500263412336803,-39.67396598099951,71.26580985361441,-52.39501336152026,16.29027793432532,-5.329824251092808,15.492170688942961,57.34636466055806,-35.666592475180316,-30.23170387983296,-53.15155755420318,34.69725418736743
4.554523248832809,-4.2182166419336,-1.2970677649985376,-11.522213040196558,-6.872375930374518,24.184459584327275,10.637949613430553,-17.59509673444489,-1.933406735611424,13.823159395760985,-2.9460099146065506,-7.625513448987145,3.451967161326552,0.7533095889734878,-19.770272879254637,-5.486504864084368,-15.137435553851233,21.140832263015497,1.884217103160691,9.798990533172287,-14.185048295253008,13.169952053992938,2.9218946480549794,-20.12485004088694,10.78820721966521,25.560125845551852,-4.581398000115709,-6.759230878980117,-4.966482120681817,-3.1976131943893273,37.26214218486715,3.0406777669039755,-5.740594332010223,28.244213838230383,4.690739084419599,-18.23685427155366,6.524911051513717,-33.02835066852121,-9.214405683285538,-4.79728288284541,-6.025079892894778,-0.11682287455060893,29.005746907081598,13.49452460843215,-3.828502050787681,19.57418098099496,-35.48224165383395,25.466535029327073,-8.227304291173063,0.9644449206998282,-8.201340037122284,-28.417288919034245,15.603709874931287,13.701702183397332,26.448467676226656,-17.400693955806027
16.80175345758971,-9.077829193482424,-2.319640890681159,-34.5548240362879,-17.540827058848894,67.61888824124539,25.920593621233248,-50.98510596521558,-4.4370506662464315,39.47928212534398,-14.398006139242806,-15.219568194075567,13.898367064417583,1.3526091426956324,-50.89145750372904,-15.44077023692657,-44.89621443696641,56.38186009937602,7.791027261764073,28.395582699114982,-34.969996261096945,37.42472957268787,6.748459888269492,-54.44877329643823,25.560125845551852,74.54274420634759,-13.814493347936397,-20.407082779005737,-11.83431414501713,-5.126711467859962,97.72292144097008,6.416690619442333,-15.148732454194407,78.83151535336111,8.627841715556213,-46.68489491250709,13.255544290887078,-93.09394507759151,-27.88938573461768,-15.80266215983681,-17.842926070536905,3.3371736563763537,77.77554213812826,33.49351937523149,-5.6786726671287475,52.9045507493648,-94.55434760752932,70.43807156916287,-21.44048976611047,9.580516494038918,-19.8299241603806,-76.28625917804771,50.52150625203999,42.11646740444878,70.54284258583297,-45.849478121169135
-3.2064573174077813,1.597399827033305,0.39134111028896446,6.428881301646654,3.1848221398487673,-12.454634957159888,-4.669241002286181,9.440060573472254,0.7906366114218591,-7.294449057464939,2.821240750001076,2.635629087423278,-2.676613027252891,-0.2284277194721853,9.253127913027125,2.846781918401811,8.340061509862034,-10.309965262451225,-1.5043404577652786,-5.257566673904092,6.31218352614384,-6.909753935132837,-1.2039427173009773,9.97885031102287,-4.581398000115709,-13.814493347936397,2.572090949732606,3.8002049649847103,2.123368312747451,0.8394906399414724,-17.82193234354998,-1.1245932286074671,2.765447050050025,-14.51607337483352,-1.4658515833020227,8.480547441258617,-2.3044660354861226,17.167400422099874,5.19533326672211,2.976332609982056,3.3138605570504986,-0.7153417839163425,-14.234053373568726,-6.052713676124161,0.9078536550025856,-9.694296067880714,17.287995152631492,-12.952862902173695,3.906154944319029,-1.953776960296025,3.567247283304488,13.964031825094784,-9.494923453011808,-7.861983949374684,-12.899602061362918,8.367956612137062
-4.741728134231361,2.3550644606985065,0.5759877355064511,9.498260103922252,4.7010832411275,-18.3940691857044,-6.890147039788785,13.944597063054681,1.1662119310152905,-10.774322164775636,4.175975732963697,3.883285987148056,-3.959479618890569,-0.33622053666083856,13.659170714751747,4.204522887229867,12.32120889414491,-15.22250898239751,-2.2255578238784994,-7.766334591275342,9.315270921051033,-10.205825419705615,-1.7759333964563613,14.734863781542156,-6.759230878980117,-20.407082779005737,3.8002049649847103,5.614751897507875,3.1328655049854754,1.2340586747143323,-26.31117178454208,-1.657739448109653,4.082883232142185,-21.43836764064197,-2.1581032343343867,12.518280517200203,-3.395880927100243,25.355414317291945,7.676131290745365,4.399320197971243,4.895700659937966,-1.0620246602812284,-21.01703435897672,-8.932750796930128,1.3331886165220543,-14.314603790198639,25.52534385936572,-19.128735081108978,5.766577154100827,-2.8959268044206365,5.2637216318014675,20.618480125120573,-14.03335154803494,-11.617012386624241,-19.046078500243517,12.354271647234299
-2.125701120102343,1.937491182035015,0.5934893144618708,5.339361210351067,3.1698465691468276,-11.183347020458744,-4.90076232769118,8.144928928229755,0.8893747972792443,-6.3960894485215,1.3919852792358576,3.4967742662582726,-1.6167230018469654,-0.34471218286986083,9.121007126290461,2.5375480256402976,7.01223237290346,-9.762772598923089,-0.8834566947826431,-4.536046669799416,6.536822915281746,-6.092934075739549,-1.3442896905865918,9.297337629875077,-4.966482120681817,-11.83431414501713,2.123368312747451,3.1328655049854754,2.2867052079923407,1.4602551096632541,-17.199573361248,-1.3960173384244825,2.650212005557728,-13.059986979249063,-2.147457649587006,8.412315183605235,-2.993200762397927,15.276532665537585,4.271161756315261,2.2298710065984566,2.7909152641671753,0.03636223744134168,-13.396782276715257,-6.219700974485628,1.7461483881078823,-9.04267595192366,16.38522808082539,-11.772513580114953,3.796927422935119,-0.47915667765800074,3.777508392769599,13.125420153882068,-7.248675610864686,-6.3542726633637,-12.213849927882414,8.032900604399899
-0.29715840165694435,1.4107542092631147,0.5164165187752988,2.144354148502383,1.8165676860256454,-5.360804363537471,-3.027588534683439,3.5866964827824366,0.5982285426649308,-2.918673591280938,-0.42608080337769716,2.758894365704321,-0.021354630258937964,-0.2989759661756757,5.150459756943428,1.1985190212185,2.9048444549318377,-5.163802058571315,0.024207535081139875,-1.9972852566687855,3.965906994781807,-2.8138514790242675,-0.8965718011436951,4.779637592926969,-3.1976131943893273,-5.126711467859962,0.8394906399414724,1.2340586747143323,1.4602551096632541,1.3767584155999213,-9.391228588659674,-1.039180281147953,1.4304213082326813,-6.284925778303212,-1.825709100001314,4.796401792539914,-2.3199523602929006,7.190183856427059,1.670087296458431,0.6448406470218577,1.1609116591544004,0.6676056706623807,-7.01161204966972,-3.733290037267462,1.7288804180791733,-4.658375694260868,8.680027306992322,-5.779061188197271,2.0974055261892595,0.9919346289964371,2.3610241484664245,6.853844697261572,-2.2512776275973434,-2.370372604600247,-6.459231035783908,4.34790281772289
19.78844495738634,-13.951140060870102,-3.971460644214894,-44.694831518810204,-24.586344413084248,90.49790165175199,37.22676335334572,-67.04871734600857,-6.580929503539682,52.286450725239646,-15.18255927293722,-24.416408595707775,15.783734047183689,2.3101922973002984,-71.01991291063226,-20.598391791065858,-58.38045667305687,77.26790049742692,8.753583696137664,37.34128711866015,-49.91396075851155,49.68812091396365,9.974496032582142,-74.07870179717301,37.26214218486715,97.72292144097008,-17.82193234354998,-26.31117178454208,-17.199573361248,-9.391228588659674,135.07351968969726,9.970870760234588,-20.872543163106037,105.59609156231667,14.523817724097313,-65.33643592048512,21.04937792089226,-124.0964027432927,-35.91535327055945,-19.564330346968593,-23.21873400408166,2.035867796740566,106.29577720168103,47.63661114720995,-10.93393576484389,72.01502107033049,-129.63350698170808,94.77873760801383,-29.73161345992919,8.255516826926748,-28.59634770738479,-104.19909097911614,63.04227205976191,53.8412410115938,96.67069709084,-63.221673639570554
0.9452113190384013,-1.240509112722898,-0.4080109114344222,-2.8389708627909984,-1.8661320805797688,6.235318244592541,2.95798133674736,-4.435634884006842,-0.5530256834811482,3.5171801665817846,-0.41260152711601455,-2.309606170039366,0.6508478673871242,0.23665912470958647,-5.3441996047961835,-1.4088780178892295,-3.7579199644054695,5.604173910472116,0.3437276845254828,2.4702107577760484,-3.9213948106970875,3.361619411492925,0.8333558536291781,-5.291122369953135,3.0406777669039755,6.416690619442333,-1.1245932286074671,-1.657739448109653,-1.3960173384244825,-1.039180281147953,9.970870760234588,0.9013671046557613,-1.5308402807141686,7.289805194141311,1.4620764261342796,-4.944297421271516,1.9631558172260344,-8.473364402894294,-2.255954267078844,-1.1022841973846678,-1.497260398389411,-0.23643954347129412,7.665513674569477,3.7177840100506248,-1.2700888863773545,5.149404733658711,-9.41015845237117,6.608971062360298,-2.2091944522525435,-0.13900004903290314,-2.2891083151924847,-7.505009554025051,3.6347743353540607,3.318234914753117,7.010841885811184,-4.644107888961272
-3.0888212972673945,2.143177661625427,0.6068006091022217,6.934220713870051,3.7961845509170593,-14.011128479135193,-5.739937809951876,10.391716989409163,1.0128943079448849,-8.10025620574833,2.38865629284274,3.7425328406918705,-2.4699088305908923,-0.35301570461661586,10.968408358065703,3.1897203014327555,9.054507558222264,-11.945980953825398,-1.3708347423025358,-5.787441967324126,7.698841987088881,-7.696566758013389,-1.5355017528422397,11.457825985814969,-5.740594332010223,-15.148732454194407,2.765447050050025,4.082883232142185,2.650212005557728,1.4304213082326813,-20.872543163106037,-1.5308402807141686,3.225973893819947,-16.347816720207778,-2.2209024959639323,10.088976355429722,-3.228115546780352,19.21755763880546,5.573643286501954,3.0437606737764966,3.6009445327333385,-0.33782665097953535,-16.43647180953008,-7.349061904279359,1.6617821413761837,-11.138292900579065,20.041472150488012,-14.669171221813723,4.593476485254607,-1.320657259658246,4.40821295612064,16.11282054334651,-9.802952721026484,-8.359358241656349,-14.9457804306161,9.770842496785296
17.044909420056936,-10.262978410688213,-2.753910040804387,-36.34722361843899,-19.064346026167986,72.10798695601824,28.46121341051331,-53.98607963736316,-4.93935558045576,41.92219774164038,-14.032604112085819,-17.53836816276147,13.910317422969793,1.6040219387423265,-55.210540925303526,-16.444260746969256,-47.325118245346445,60.7098003958056,7.767232564398382,30.066700953529427,-38.29756992964971,39.78018851956371,7.501228051060237,-58.45374997800234,28.244213838230383,78.83151535336111,-14.51607337483352,-21.43836764064197,-13.059986979249063,-6.284925778303212,105.59609156231667,7.289805194141311,-16.347816720207778,84.09466033564458,10.162945234919338,-50.7073799333967,15.205222963940061,-99.11390915299913,-29.28493388533148,-16.339308201457502,-18.81367268004242,2.773007933885297,83.65165826492097,36.62566734199227,-7.1334446862576835,56.80798867693542,-101.8294385868276,75.27848389077532,-23.199024647012816,8.740260765330751,-21.811359867478735,-82.03004251060773,52.39707938363168,44.09608300529953,75.95651282806003,-49.49429458019877
0.9118406012213228,-1.9969599544418501,-0.6979018224734391,-3.720138675562703,-2.764446756731123,8.681099624423123,4.498050581043455,-5.997664729074692,-0.8661909622804159,4.81429337315798,0.03769669734191505,-3.821720974423977,0.4841961606697701,0.4043640832929123,-7.876170359004983,-1.9514998495845444,-4.976358467993534,8.073349388517784,0.22789635013143955,3.3399895058921145,-5.925616265320485,4.620387882413612,1.3014257711395523,-7.547332409458188,4.690739084419599,8.627841715556213,-1.4658515833020227,-2.1581032343343867,-2.147457649587006,-1.825709100001314,14.523817724097313,1.4620764261342796,-2.2209024959639323,10.162945234919338,2.4814122338067945,-7.3113781969500895,3.2287705442033547,-11.722705096812003,-2.9295906393315416,-1.2972275728323739,-1.9854945300028453,-0.6932030483024542,11.002491408724216,5.597011663024381,-2.2676088285647107,7.3504817134894544,-13.563534769621741,9.277367453328665,-3.231012170824931,-0.8774843011254757,-3.495078878944566,-10.76352926224645,4.375533857310034,4.241552246532336,10.09923945952876,-6.744162352401829
-9.193692418196811,6.902843738331746,2.005282961183797,21.28167074996411,11.930234639336513,-43.44827021634668,-18.160993580026837,32.0552581657219,3.2325830209846917,-25.040235974796055,6.824484189063515,12.182555924227287,-7.25749460553962,-1.1659708630201002,34.427618024543314,9.88174411899175,27.834574053367856,-37.3022093048406,-4.012333162473925,-17.852374905422074,24.31762999324128,-23.809984492428246,-4.8959635412614855,35.70261382553014,-18.23685427155366,-46.68489491250709,8.480547441258617,12.518280517200203,8.412315183605235,4.796401792539914,-65.33643592048512,-4.944297421271516,10.088976355429722,-50.7073799333967,-7.3113781969500895,31.692870611214968,-10.482070378999348,59.52258657645683,17.08267951492643,9.212645470816604,11.072171616155336,-0.7010814813782121,-51.283544529831104,-23.190010301409156,5.628473841561833,-34.71218037193745,62.588305512477824,-45.56124376484397,14.392093767530586,-3.444269413257993,13.963051898765164,50.26515234354662,-29.74676515875696,-25.562171093554994,-46.668753296641775,30.56424446347272
1.8074237339927672,-2.695645727829656,-0.9032257242230298,-5.8254561222924535,-3.9582433326693405,13.000998565486762,6.3211254624454405,-9.176655991591476,-1.192007454591979,7.300175212448641,-0.6128024298158368,-5.060751078959284,1.186458318482884,0.5237218811073466,-11.319136680773582,-2.933548283066794,-7.732140431460312,11.79458134007915,0.6153465480262225,5.1104430640186145,-8.364773671892028,6.98498898052856,1.7946824145140412,-11.105393064333946,6.524911051513717,13.255544290887078,-2.3044660354861226,-3.395880927100243,-2.993200762397927,-2.3199523602929006,21.04937792089226,1.9631558172260344,-3.228115546780352,15.205222963940061,3.2287705442033547,-10.482070378999348,4.293665077575167,-17.637417663317162,-4.61838087436404,-2.2023318733101966,-3.081825424538819,-0.640169187279355,16.116551112633434,7.921988035309592,-2.85009588926988,10.810086191520387,-19.80763420601533,13.810838721013631,-4.669076755990859,-0.5663608647818416,-4.897483397520893,-15.775620761297894,7.3017685468971525,6.765781336061828,14.754838101355762,-9.79580270687848
