V1,V2,V3,V4,V5,V6,V7,V8,V9,V10,V11,V12,V13,V14,V15,V16,V17,V18,V19,V20,V21,V22,V23,V24,V25,V26,V27,V28,V29,V30,V31,V32,V33,V34,V35,V36,V37,V38,V39,V40,V41,V42,V43,V44,V45,V46,V47,V48,V49,V50,V51,V52,V53,V54,V55,V56
76.14919827554681,-46.705481353828,-12.628373967794172,-163.43196823039798,-86.20130214541268,324.99517358844923,128.90923236704526,-243.0223338775856,-22.422318360439082,188.80853263149896,-62.225970687222194,-80.05642045556947,61.99169859031996,7.354171213247459,-249.5632593959994,-74.09863266238183,-212.8713932850589,274.0742543942475,34.58979559835176,135.3472995842725,-173.38600985945286,179.1921039461083,34.04370943905125,-263.75585593335194,128.06040159701394,354.7891257526388,-65.25846321366134,-96.37435691072942,-59.201803784627046,-28.957839145332187,476.9975826247345,33.20072054505607,-73.82988747594844,379.0427367633103,46.54781602655683,-229.25385839573616,69.35651270774933,-446.58872389931565,-131.6370788358435,-73.24674260091604,-84.6293397958037,11.891660768750317,377.5733364358927,165.7754448434598,-32.98278271004874,256.33909419632556,-459.7217515412096,339.41150660256096,-104.81812156824931,38.2534337084056,-98.81841253457603,-370.238809840055,235.01573692094547,198.11360685029217,342.90454208405225,-223.53771694630092
-46.705481353828,30.345172358846817,8.391454090643435,102.32296636310555,54.917634312344966,-204.9922673463905,-82.55631632344509,152.70402724401092,14.458790603768762,-118.8212499764739,37.240849461319776,52.48491426134885,-37.71712798992418,-4.884356716844384,158.8428940623966,46.705248186259254,133.43103362700433,-173.76270896936407,-20.99524383942301,-85.04562956513567,110.89327787596538,-112.83003707367781,-21.93650260457112,166.95846810098183,-82.27538960738177,-222.78168529508042,40.83443560351893,60.29680476222359,38.01070569116137,19.508554897056676,-302.9746985841944,-21.621193080230704,46.86253037242679,-239.12812624216915,-30.823089782778922,146.00629226509182,-45.373001710124655,281.44421440072364,82.33756883378479,45.42172052352017,53.05534943178629,-6.3063339919183194,-239.23966553435022,-105.94481161512086,22.44240601365487,-162.28179350100876,291.4885046670112,-214.3349885420722,66.6239925973665,-21.884379315956746,63.34101984494176,234.56250005595615,-145.9898406575016,-123.72004729903242,-217.39907385403473,141.91101351268313
-12.628373967794172,8.391454090643435,2.3398865255634536,27.895313250288062,15.073681564452444,-56.04822884189601,-22.705382857730815,41.68943455362167,3.986991552890764,-32.458723624863076,9.967671906223034,14.562719892276021,-10.164555065935664,-1.361710525084537,43.58298362598278,12.766460829359854,36.39265841759037,-47.60452735624734,-5.652584631966237,-23.218102551558587,30.483397067420288,-30.8286145001452,-6.047292398507066,45.712536557561236,-22.65575232167614,-60.804929756274326,11.129817882148638,16.433605419919157,10.464198329928589,5.466762841374205,-83.06320895469881,-5.984208903908099,12.844390498432213,-65.3863347483825,-8.583828477143314,40.070430844716974,-12.579420525620003,76.92537074845734,22.43837057883725,12.335795187339388,14.471472742376099,-1.596636685990886,-65.52775835950186,-29.114596318468287,6.3111442209875275,-44.433995515817486,79.859734839708,-58.62931708573749,18.270514695950844,-5.743765764156236,17.42645758204537,64.2435132908802,-39.675892585853695,-33.69448387114422,-59.55907692392339,38.898371256755006
-163.43196823039798,102.32296636310555,27.895313250288062,353.3140483515009,187.51604111976897,-704.4475013692768,-280.94718574818785,526.0506674289488,48.989074968571835,-408.922384033223,132.4155690490047,175.96652760334607,-132.6730301643052,-16.24192829985262,542.6974252908086,160.57318806062244,460.38384179001133,-595.1635033996356,-73.9669684962987,-292.97480316850806,377.70045756869945,-388.1695804370723,-74.36007238601366,572.4349342664372,-279.4193796613737,-767.7972865527742,141.05008784647708,208.2943925659907,129.14391859556483,64.29256883586723,-1036.5051774844374,-72.7982148423314,160.3914752423038,-821.6543011392541,-102.68928876882104,498.6431916720539,-152.32873455120324,967.7102376336835,284.48152650727684,157.81147407821038,183.04087339752994,-24.311094340051238,-819.7427061125021,-361.0225480280182,73.50144747756877,-556.3603319243839,998.3359872787674,-736.0017972776301,227.82468374349747,-80.16440742620534,215.43478633428757,803.7822221718648,-506.6551206627365,-427.9017170094028,-744.6289047062186,485.6523557754808
-86.20130214541268,54.917634312344966,15.073681564452444,187.51604111976897,100.04645902032246,-374.7149033590413,-150.1320644243753,279.4983444535088,26.233111133137164,-217.36748636301405,69.32570137916831,94.70036493324747,-69.80747520252758,-8.77526921835491,289.4655402839139,85.39513672257604,244.42735404320496,-317.07498224719404,-38.89062694772936,-155.66156283074034,201.75416201993258,-206.3695599976822,-39.81010828344697,304.8215473723492,-149.45998088660056,-407.85807470225996,74.84734244479307,110.5257657852939,69.0647666281559,34.88593592512968,-552.5092184124957,-39.09890570753612,85.47903815653937,-437.0853168056275,-55.431521822938585,266.0173344704318,-81.92626099501518,514.6168402401195,150.94054150415587,83.51383572367673,97.18484893397968,-12.27181157556763,-436.6422181868584,-192.8008969726375,40.00269317019564,-296.27188525874806,531.8803022314447,-391.6373851664458,121.46766935461004,-41.40171208912934,115.15417582791244,428.1243110110574,-268.2619479246286,-226.9268962384461,-396.70202750890786,258.83654185470425
324.99517358844923,-204.9922673463905,-56.04822884189601,-704.4475013692768,-374.7149033590413,1405.8913394089898,561.7979097353754,-1049.3425920343984,-98.04836928776872,815.8620516935194,-262.49131035989996,-352.94067728319203,263.5567589413159,32.63173877909634,-1084.344441248217,-320.4327076089865,-918.0632947409963,1188.5751025181107,146.8916226529174,584.4128742105632,-755.1420868588895,774.5105092422157,148.8124793793253,-1142.9533282145048,558.9737106048348,1531.434154212291,-281.2090823536143,-415.2659899142775,-258.328391434765,-129.40992664564732,2070.4524610090198,145.88675012885753,-320.35886780556035,1639.845026706176,206.23369170585102,-996.4005436565101,305.44513618524866,-1931.0787756022908,-567.1374979534163,-314.26162273305914,-365.0139623204993,47.46292593734391,1636.947748942905,721.7264521182235,-148.13761318742843,1110.8741122960926,-1993.7558199128068,1469.085982816574,-455.1282167643792,158.00365503687146,-430.8444135222401,-1605.049933447985,1009.1635854825519,852.8819855792208,1487.0642710664656,-970.0414211425023
128.90923236704526,-82.55631632344509,-22.705382857730815,-280.94718574818785,-150.1320644243753,561.7979097353754,225.39789362593766,-418.8977784243833,-39.40894207069991,325.8247490178262,-103.43854629210661,-142.47555744751529,104.31596584013639,13.217542225505776,-434.34166132321235,-128.02199935232514,-366.25356802402234,475.60122183895425,58.10303441171706,233.2974716164067,-302.8635762154982,309.3544129217776,59.80115252137064,-457.1565059132124,224.4535092275031,611.2390139766961,-112.1347584932933,-165.58546717842617,-103.71282055188505,-52.61237266806769,828.8826668908847,58.788665439400894,-128.22902180180148,655.3190529482227,83.47029082053704,-399.179977202479,123.2335501035587,-771.4877459445107,-226.12797183629434,-125.0159530604603,-145.62530546010345,18.101849517040208,654.912823089789,289.4034337884677,-60.381969027856364,444.33864156315485,-797.8079032545161,587.2312578473134,-182.2391697305507,61.51443539888462,-172.89817423748735,-642.1295594281939,401.6378180718711,339.915659762143,595.0384895558972,-388.2923009204696
-243.0223338775856,152.70402724401092,41.68943455362167,526.0506674289488,279.4983444535088,-1049.3425920343984,-418.8977784243833,783.4160665273694,73.07527054426751,-609.0426171554753,196.6013978622634,262.75723163169766,-197.18515989760354,-24.272735517772908,808.8588757106637,239.1787476652716,685.5170379027696,-886.8387550602064,-109.91707238847626,-436.30990246898904,563.1119422783171,-578.1530577963767,-110.91509795495355,852.8874031309973,-416.70359706188896,-1143.3864153915906,210.00255273035586,310.1168365707013,192.58694466379782,96.1689060400639,-1544.6503356789174,-108.65801721831609,239.01289037170898,-1223.9479034725864,-153.43494386121128,743.2273972067251,-227.43003953525852,1441.4196292854222,423.5403809843378,234.82556995293507,272.5527526311231,-35.830576821744025,-1221.4335334443965,-538.2210428016346,110.01316518258558,-828.9432976175508,1487.6045021996538,-1096.4258538483898,339.5303019472233,-118.6927506473216,321.2352209668044,1197.642566496498,-753.990741728388,-637.0027634158947,-1109.5529346323312,723.719200275562
-22.422318360439082,14.458790603768762,3.986991552890764,48.989074968571835,26.233111133137164,-98.04836928776872,-39.40894207069991,73.07527054426751,6.895943619107855,-56.84948989865972,17.938076702352742,24.97924156100353,-18.12684054954041,-2.320830422365415,75.88554476731075,22.34131357119532,63.87288759608517,-83.0555766806093,-10.093533817293359,-40.69791641040569,52.94488928819714,-53.979202650721064,-10.463312672437624,79.81959769582775,-39.258664499097414,-106.6198919757538,19.55170867474073,28.8708790837224,18.138784796274408,9.253221419316137,-144.78188551915176,-10.298943665099907,22.396084433923853,-114.37284097532067,-14.651226659836574,69.747410166133,-21.60031822668592,134.63083569956657,39.42565663892596,21.774082272845845,25.396866348867974,-3.0910750387143926,-114.36123324717944,-50.58728595378863,10.631763162205843,-77.58264300021554,139.32488918479052,-102.50142989028119,31.83456790597087,-10.607776014072828,30.23294423460599,112.12730140328343,-69.96795216923599,-59.25329928633586,-103.91310568451611,67.81928148376701
188.80853263149896,-118.8212499764739,-32.458723624863076,-408.922384033223,-217.36748636301405,815.8620516935194,325.8247490178262,-609.0426171554753,-56.84948989865972,473.5008926588164,-152.64378205874817,-204.50468853280884,153.16401471472625,18.898119003221016,-629.0383086840693,-185.95759308877453,-532.8990800561913,689.6101184069538,85.3729013164212,339.1956255841004,-437.98111838761656,449.49210690387474,86.28551864812975,-663.1815283816734,324.1458345505194,888.8744136792309,-163.2417359191449,-241.0630056311031,-149.80712928033705,-74.90334913819902,1201.1868942683545,84.55364115676214,-185.86334151986642,951.6221935507327,119.45086887325041,-578.0071538077095,176.99932013512404,-1120.6753940955377,-329.2282795346016,-182.49373204975652,-211.8747406171196,27.731307579724646,949.7776532352499,418.6127183736148,-85.70921089239938,644.5652558686079,-1156.771185698233,852.4957852360554,-264.0383647790788,92.04496966666905,-249.86727099655494,-931.2748174767419,585.9876458388186,495.1366462963553,862.7935220955129,-562.7875522024435
-62.225970687222194,37.240849461319776,9.967671906223034,132.4155690490047,69.32570137916831,-262.49131035989996,-103.43854629210661,196.6013978622634,17.938076702352742,-152.64378205874817,51.35214040793522,63.57681598986973,-50.82312440651448,-5.806031289941794,200.78820899412455,59.865683344423445,172.38809435773734,-220.87955928183865,-28.38521028373046,-109.49411524130372,139.20733999484918,-144.83632364124477,-27.24411634570144,212.70672354933654,-102.61442023490011,-287.101486430048,52.88620546018358,78.10715934360155,47.45177217419406,22.711647812025337,-384.11345418385156,-26.445392910285296,59.47068232784309,-306.1197797248471,-36.79909947673711,184.39910351684523,-55.13235147956867,360.8324730734072,106.69771449862468,59.58390348757404,68.5302105654129,-10.254958371943287,-304.36760343310203,-133.14108984323215,25.747372447001013,-206.71553621637727,370.4810918631965,-273.9991974406866,84.38185699297306,-32.11833925286375,79.26302796024217,298.47134460361787,-191.04063988422755,-160.68767809957413,-276.3516997190348,180.04898836132574
-80.05642045556947,52.48491426134885,14.562719892276021,175.96652760334607,94.70036493324747,-352.94067728319203,-142.47555744751529,262.75723163169766,24.97924156100353,-204.50468853280884,63.57681598986973,90.90115154975437,-64.56514700649245,-8.475794352343765,273.86969343517177,80.4048104804339,229.5056287044485,-299.41169096267294,-35.92625147837347,-146.3375838618761,191.34038732895726,-194.20957209318055,-37.893619092305904,287.616856516193,-142.06050456877557,-383.29854402988093,70.21739585407609,103.68200001562799,65.62445289491632,33.92371637553631,-522.2077068864539,-37.40912691068232,80.76377115587361,-411.7254441571999,-53.463522046182064,251.76146420050367,-78.5584734755245,484.504253352134,141.5758237564529,77.99364919724967,91.25914600969116,-10.535605054625778,-412.19754777287403,-182.7805540082076,39.08158672017224,-279.5652752248096,502.27264933462504,-369.09356460399266,114.84572745695147,-37.07358107738513,109.32857486862216,404.13103241335,-250.7484198438355,-212.67736299145656,-374.60130458740963,244.57838043372016
61.99169859031996,-37.71712798992418,-10.164555065935664,-132.6730301643052,-69.80747520252758,263.5567589413159,104.31596584013639,-197.18515989760354,-18.12684054954041,153.16401471472625,-50.82312440651448,-64.56514700649245,50.52110624780368,5.919801214301266,-202.12812388636195,-60.09662939692652,-172.77985794325184,222.10254179817886,28.198447471588,109.819103443296,-140.33386908958764,145.35213463182538,27.524783395503682,-213.7878889852718,103.58192834099752,287.89849029094205,-52.98054319114236,-78.24362507670871,-47.88997566250449,-23.2603378356277,386.4459085190347,26.80228554062925,-59.82000437053153,307.3788737927063,37.4855767003557,-185.66282452658612,55.953168353688014,-362.20757538199575,-106.87631493419389,-59.53974892421436,-68.68902709609158,9.858058470553544,306.0008433008488,134.18861627534696,-26.45344683422767,207.77296263427064,-372.5417927829385,275.20299603693877,-84.91141322135843,31.424763127014497,-79.95590073619958,-300.06198402448643,190.99088988965744,160.88422575672575,277.8811142864983,-181.1152331626579
7.354171213247459,-4.884356716844384,-1.361710525084537,-16.24192829985262,-8.77526921835491,32.63173877909634,13.217542225505776,-24.272735517772908,-2.320830422365415,18.898119003221016,-5.806031289941794,-8.475794352343765,5.919801214301266,0.7924602647600236,-25.372398101111,-7.432787009208322,-21.189249404768425,27.71452627686318,3.2921117939617797,13.518219032297191,-17.745579288974866,17.94894048200655,3.520144782805265,-26.613398914819506,13.188299233802121,35.40252326003535,-6.480315230505548,-9.568451746237402,-6.091423544980906,-3.1810870064573566,48.35718977576556,3.4831157775609722,-7.4777032746721135,38.068403458508065,4.995554867762745,-23.327397826079828,7.321607463542958,-44.78692775618765,-13.064762099808434,-7.183080725540394,-8.425859415322048,0.9312261716833868,38.149313213333045,16.948853227150234,-3.6721453013506102,25.869026331921223,-46.49291149606169,34.134134721276865,-10.636541578413302,3.3471685930141586,-10.144434576342634,-37.40168340150552,23.102728021290073,19.618917637156628,34.67425406151644,-22.645695692122384
-249.5632593959994,158.8428940623966,43.58298362598278,542.6974252908086,289.4655402839139,-1084.344441248217,-434.34166132321235,808.8588757106637,75.88554476731075,-629.0383086840693,200.78820899412455,273.86969343517177,-202.12812388636195,-25.372398101111,837.5268783947384,247.1180304935259,707.3931616942889,-917.4696353019345,-112.61258916073683,-450.4793928592118,583.7003241098646,-597.2062475422229,-115.16165751691875,882.0365434754484,-432.37468433048946,-1180.3408092726822,216.620620265654,319.88056265315174,199.8004741187154,100.84436091390955,-1598.6599681766163,-113.0847813923827,247.33243610305755,-1264.827099408712,-160.27980886617783,769.6750935513043,-236.9357067777391,1489.2117750445314,436.84971968286135,241.73877211714998,281.2603252275065,-35.615755844458455,-1263.4546400925929,-557.8043760931128,115.61683168158628,-857.295503093782,1539.0155439072596,-1133.2927711848142,351.4570788627897,-120.00263023290114,333.143615618985,1238.8100595534331,-776.4877274235332,-656.7855318218773,-1147.8739669456259,748.9379664571255
-74.09863266238183,46.705248186259254,12.766460829359854,160.57318806062244,85.39513672257604,-320.4327076089865,-128.02199935232514,239.1787476652716,22.34131357119532,-185.95759308877453,59.865683344423445,80.4048104804339,-60.09662939692652,-7.432787009208322,247.1180304935259,73.03410092974997,209.26223110230652,-270.8847494786826,-33.495417503898175,-133.20639864832316,172.08388362342794,-176.53125032687024,-33.90871596111673,260.49220741766635,-127.37345911573274,-349.0657500845128,64.09979699815771,94.65736517129243,58.86581983371587,29.471598782880577,-471.86026673436277,-33.237746294982976,73.01103156067354,-373.7549079439849,-46.97716985851721,227.07423797546465,-69.5864924812288,440.13882647064975,129.27598731933995,71.64180853543066,83.2006898312524,-10.840597385424141,-373.0747655621998,-164.47056360515685,33.73250048863315,-253.18065076538412,454.3906976949815,-334.8313791213776,103.7237429595425,-36.05521286219698,98.17938747165154,365.8055357532509,-230.05281447002784,-194.41371371199318,-338.91258649122136,221.07577871397226
-212.8713932850589,133.43103362700433,36.39265841759037,460.38384179001133,244.42735404320496,-918.0632947409963,-366.25356802402234,685.5170379027696,63.87288759608517,-532.8990800561913,172.38809435773734,229.5056287044485,-172.77985794325184,-21.189249404768425,707.3931616942889,209.26223110230652,599.9145241040587,-775.7202440621924,-96.32251754317387,-381.7868028498085,492.37167561431414,-505.85995636743667,-96.95066608465567,746.0728350048141,-364.2853866336148,-1000.5327460615977,183.79243979259326,271.41303840859916,168.36562460745648,83.90058511055729,-1351.0034920305336,-94.93471602837448,209.05488145064905,-1070.815779246619,-133.9605099464923,649.9776031192569,-198.66721083883616,1261.1354800741487,370.68488855952575,205.59581889013907,238.5166596109874,-31.57551502334841,-1068.4180721356352,-470.6230387174488,95.93756775413462,-725.1239148920956,1301.206804297113,-959.2085282691779,296.95586621911804,-104.27111978091918,280.8540513480569,1047.6131848252855,-660.0900792104459,-557.5462570742222,-970.5293190859331,633.0032895440311
274.0742543942475,-173.76270896936407,-47.60452735624734,-595.1635033996356,-317.07498224719404,1188.5751025181107,475.60122183895425,-886.8387550602064,-83.0555766806093,689.6101184069538,-220.87955928183865,-299.41169096267294,222.10254179817886,27.71452627686318,-917.4696353019345,-270.8847494786826,-775.7202440621924,1005.3096760392089,123.76112913747052,493.9090342164971,-639.2052841445591,654.6888918460012,126.04893052759135,-966.5871355875385,473.34497646527853,1294.1940887824205,-237.5718746514397,-350.82213939864846,-218.74254924631396,-110.04828826744821,1751.498934399569,123.68718230155257,-270.9910496723287,1386.3885972082178,175.11033911712764,-843.1060979473992,259.0704297054812,-1632.4556233895833,-479.1140925910817,-265.2822818579746,-308.42396249449877,39.509629385810186,1384.475322658822,610.8784260409715,-126.08513275560082,939.4673599668088,-1686.3533858695819,1242.1302784166933,-385.03963566092085,132.42145246407458,-364.76839116157527,-1357.4818526436113,852.011257723506,720.4065963893144,1257.7740312407461,-820.5685609495388
34.58979559835176,-20.99524383942301,-5.652584631966237,-73.9669684962987,-38.89062694772936,146.8916226529174,58.10303441171706,-109.91707238847626,-10.093533817293359,85.3729013164212,-28.38521028373046,-35.92625147837347,28.198447471588,3.2921117939617797,-112.61258916073683,-33.495417503898175,-96.32251754317387,123.76112913747052,15.740505179068643,61.2165519155866,-78.16900781160598,81.01686222893657,15.327087537537507,-119.13575803942433,57.68640345035068,160.48789401352823,-29.538060088247793,-43.62310368392741,-26.67140734836077,-12.9272726094039,215.32087321432707,14.91802646730892,-33.33161406026641,171.31424359899765,20.849172550769648,-103.43653818464038,31.137112562883807,-201.88117422920905,-59.587252255855645,-33.20705364245942,-38.29297065256424,5.529556455940918,170.51554838255652,74.74837672115713,-14.695279719968044,115.78330169049092,-207.5889130160287,153.37517768337904,-47.3097810187225,17.580585427182626,-44.533054631192236,-167.2070671580818,106.51384571130183,89.7043896995331,154.8424260498228,-100.91640162439607
135.3472995842725,-85.04562956513567,-23.218102551558587,-292.97480316850806,-155.66156283074034,584.4128742105632,233.2974716164067,-436.30990246898904,-40.69791641040569,339.1956255841004,-109.49411524130372,-146.3375838618761,109.819103443296,13.518219032297191,-450.4793928592118,-133.20639864832316,-381.7868028498085,493.9090342164971,61.2165519155866,242.99518685804915,-313.6149526493783,321.9921948989353,61.772104781410384,-475.0004849759467,232.07540515764393,636.7891515993907,-116.95728414862229,-172.71421490176755,-107.25776482686766,-53.55931890570007,860.2653533907163,60.51502088242071,-133.11395362333437,681.6562166662043,85.45257793584332,-413.9271041359079,126.66280610031514,-802.7733225908048,-235.88351181119006,-130.78214226934298,-151.7935195306003,19.955471857569083,680.2556600180316,299.7524304612571,-61.26954838203736,461.66525093661636,-828.4948005647861,610.6350187227965,-189.09530954407623,66.10433479291943,-178.90608117603614,-667.0057165658683,419.92235247993284,354.76773439050913,617.9457291175474,-403.06246983160105
-173.38600985945286,110.89327787596538,30.483397067420288,377.70045756869945,201.75416201993258,-755.1420868588895,-302.8635762154982,563.1119422783171,52.94488928819714,-437.98111838761656,139.20733999484918,191.34038732895726,-140.33386908958764,-17.745579288974866,583.7003241098646,172.08388362342794,492.37167561431414,-639.2052841445591,-78.16900781160598,-313.6149526493783,406.9653030475126,-415.83613499303397,-80.34262165261276,614.4378278111709,-301.5726273433256,-821.6834947471111,150.75395623245578,222.61377542523593,139.34919371275146,70.6137479338898,-1113.9663396609712,-78.96334669464314,172.33445686151137,-880.8449584549604,-112.07287011737833,536.439890846922,-165.50695152998503,1037.017881315876,304.0092196674879,168.10652346530213,195.77015765811998,-24.432845574091523,-880.2109637572999,-388.8853526621678,81.02379215589532,-597.2085588888872,1072.2470415922426,-789.3072671882932,244.91408187415772,-82.87492671797794,232.31588827603983,863.0326163816173,-540.0528923091211,-457.00363871652615,-799.7284335276483,521.8467023080791
179.1921039461083,-112.83003707367781,-30.8286145001452,-388.1695804370723,-206.3695599976822,774.5105092422157,309.3544129217776,-578.1530577963767,-53.979202650721064,449.49210690387474,-144.83632364124477,-194.20957209318055,145.35213463182538,17.94894048200655,-597.2062475422229,-176.53125032687024,-505.85995636743667,654.6888918460012,81.01686222893657,321.9921948989353,-415.83613499303397,426.7029792492064,81.92853901843581,-629.5894338478605,307.7695521713142,843.7868059111048,-154.9564515801926,-228.82755600983631,-142.23778003052885,-71.15065628284268,1140.3794937434805,80.29206280429584,-176.45333450537632,903.3912864297574,113.44812637245747,-548.7606406724786,168.0854699751859,-1063.86592541994,-312.5170317692605,-173.21659813580672,-201.1245457892196,26.28360864535353,901.6768134381449,397.4442407854608,-81.42277773387792,611.9166645990133,-1098.1942486948858,809.296204628641,-250.6736834730684,87.30050771131877,-237.23849636887104,-884.1099723850776,556.2079269846116,469.99716243999586,819.1023914286513,-534.2951104495468
34.04370943905125,-21.93650260457112,-6.047292398507066,-74.36007238601366,-39.81010828344697,148.8124793793253,59.80115252137064,-110.91509795495355,-10.463312672437624,86.28551864812975,-27.24411634570144,-37.893619092305904,27.524783395503682,3.520144782805265,-115.16165751691875,-33.90871596111673,-96.95066608465567,126.04893052759135,15.327087537537507,61.772104781410384,-80.34262165261276,81.92853901843581,15.876336804181973,-121.14030883092458,59.570683925007565,161.83114052599973,-29.677616326557086,-43.82325939495662,-27.52381607684815,-14.032425793962329,219.7224033062175,15.624867688823151,-33.98882978145707,173.58842738777832,22.223242498289817,-105.84577346554,32.76861550553586,-204.33757460132676,-59.844546272891904,-33.05473127774307,-38.54900218114895,4.702550784233854,173.56112803726893,76.76577660783721,-16.121041103156006,117.74512432460278,-211.44556594879893,155.56871736211622,-48.31203412018088,16.120740856145005,-45.876503630196176,-170.17106992563325,106.21446651793585,89.9429734092512,157.7033142062513,-102.9238896677942
-263.75585593335194,166.95846810098183,45.712536557561236,572.4349342664372,304.8215473723492,-1142.9533282145048,-457.1565059132124,852.8874031309973,79.81959769582775,-663.1815283816734,212.70672354933654,287.616856516193,-213.7878889852718,-26.613398914819506,882.0365434754484,260.49220741766635,746.0728350048141,-966.5871355875385,-119.13575803942433,-475.0004849759467,614.4378278111709,-629.5894338478605,-121.14030883092458,929.3958899844773,-454.948180407252,-1244.6707613330354,228.5028410439448,337.43108853563297,210.2447433209049,105.63523460915583,-1683.9499427737105,-118.83631078305059,260.5447594135853,-1333.1671749738048,-168.16660700225506,810.5313477709734,-248.87919560255293,1569.8331812533002,460.8293274647,255.2181955605119,296.6349592652404,-38.174654532193614,-1331.1694924201236,-587.2207756885795,120.99647288582072,-903.3168151366162,1621.3945199383543,-1194.4149172809,370.18299453152304,-127.67974789255729,350.6136140347296,1305.2198535909406,-819.649639273005,-692.9434651791762,-1209.3273557908524,788.9333213911591
128.06040159701394,-82.27538960738177,-22.65575232167614,-279.4193796613737,-149.45998088660056,558.9737106048348,224.4535092275031,-416.70359706188896,-39.258664499097414,324.1458345505194,-102.61442023490011,-142.06050456877557,103.58192834099752,13.188299233802121,-432.37468433048946,-127.37345911573274,-364.2853866336148,473.34497646527853,57.68640345035068,232.07540515764393,-301.5726273433256,307.7695521713142,59.570683925007565,-454.948180407252,223.55241391606378,608.0143622867955,-111.52142500316096,-164.6785772355534,-103.29274061962242,-52.53615632368391,825.0347596682055,58.59604850640388,-127.62892052714656,652.0315548479919,83.27218250915203,-397.38576984599183,122.86028639084246,-767.572526997394,-224.88624836345326,-124.26952821112755,-144.84402637534546,17.829991941038273,651.7846105348741,288.1577279014318,-60.326519207223924,442.1949791878875,-794.0269669539477,584.317005293247,-181.40018760231038,60.865374388143096,-172.18207178939008,-639.0578973108652,399.278422076326,338.0189528281321,592.2153303372797,-386.4786633536333
354.7891257526388,-222.78168529508042,-60.804929756274326,-767.7972865527742,-407.85807470225996,1531.434154212291,611.2390139766961,-1143.3864153915906,-106.6198919757538,888.8744136792309,-287.101486430048,-383.29854402988093,287.89849029094205,35.40252326003535,-1180.3408092726822,-349.0657500845128,-1000.5327460615977,1294.1940887824205,160.48789401352823,636.7891515993907,-821.6834947471111,843.7868059111048,161.83114052599973,-1244.6707613330354,608.0143622867955,1668.772325264233,-306.51124431136714,-452.6347823347002,-281.00679567394917,-140.2415678502713,2254.1118924003317,158.5180375626096,-348.7948620171118,1786.253115568953,223.7974916938661,-1084.559085429973,331.7732593526025,-2103.6617024839993,-618.1854721821715,-342.7784237952951,-397.79823594506064,52.39724549857482,1782.4921035467964,785.3701660459765,-160.4113538054428,1209.7261506570444,-2170.9098193734617,1600.1265963768149,-495.47324990099963,173.4207173448502,-468.72883172456335,-1747.775527736536,1100.5890971841225,929.7655088588833,1619.2086547454546,-1056.1315983421762
-65.25846321366134,40.83443560351893,11.129817882148638,141.05008784647708,74.84734244479307,-281.2090823536143,-112.1347584932933,210.00255273035586,19.55170867474073,-163.2417359191449,52.88620546018358,70.21739585407609,-52.98054319114236,-6.480315230505548,216.620620265654,64.09979699815771,183.79243979259326,-237.5718746514397,-29.538060088247793,-116.95728414862229,150.75395623245578,-154.9564515801926,-29.677616326557086,228.5028410439448,-111.52142500316096,-306.51124431136714,56.310376697189696,83.15590220493277,51.54404352622045,25.648202719531362,-413.735034106268,-29.051225858181883,64.02286520692172,-327.99635157937905,-40.97290374208621,199.03492209930246,-60.78627775714418,386.30444701292464,113.57180061353557,63.00740843609185,73.07264869213485,-9.720873076063702,-327.2192299115613,-144.09829660946724,29.318981298735427,-222.08595664151557,398.50620009204056,-293.8018683248635,90.93867971088508,-32.03117042121871,85.98597127716326,320.84864167349525,-202.28249079728977,-170.83124957579173,-297.23413967929235,193.85568765733765
-96.37435691072942,60.29680476222359,16.433605419919157,208.2943925659907,110.5257657852939,-415.2659899142775,-165.58546717842617,310.1168365707013,28.8708790837224,-241.0630056311031,78.10715934360155,103.68200001562799,-78.24362507670871,-9.568451746237402,319.88056265315174,94.65736517129243,271.41303840859916,-350.82213939864846,-43.62310368392741,-172.71421490176755,222.61377542523593,-228.82755600983631,-43.82325939495662,337.43108853563297,-164.6785772355534,-452.6347823347002,83.15590220493277,122.79991398151232,76.11285342531801,37.869430137049086,-610.9595514665837,-42.89727134438511,94.5422322091165,-484.3573041006601,-60.49861429687912,293.9116064084242,-89.75660438969092,570.4631351539151,167.71653753047545,93.04769168127523,107.90903839688994,-14.360504362271685,-483.2049418262192,-212.7859093467825,43.288296120468466,-327.95523018911405,588.4735707280122,-433.8608454588062,134.28826082079462,-47.31135463320038,126.97221870312661,473.7976433632295,-298.72419179811476,-252.2749758840477,-438.92535331630353,286.2656398130613
-59.201803784627046,38.01070569116137,10.464198329928589,129.14391859556483,69.0647666281559,-258.328391434765,-103.71282055188505,192.58694466379782,18.138784796274408,-149.80712928033705,47.45177217419406,65.62445289491632,-47.88997566250449,-6.091423544980906,199.8004741187154,58.86581983371587,168.36562460745648,-218.74254924631396,-26.67140734836077,-107.25776482686766,139.34919371275146,-142.23778003052885,-27.52381607684815,210.2447433209049,-103.29274061962242,-281.00679567394917,51.54404352622045,76.11285342531801,47.72692584761303,24.26167206213538,-381.2577421680812,-27.07029111400092,58.979195108083786,-301.3342153113295,-38.463096996321056,183.63080773956378,-56.75632013522066,354.73534377225417,103.94058484374439,57.442036411695796,66.94397939812613,-8.257198593492486,-301.20522714511515,-133.15164292610655,27.85630911056407,-204.35087453777197,366.9359965763201,-270.0371748607194,83.82637647566779,-28.160937967412053,79.5590698407463,295.324335886065,-184.55776925375386,-156.2324377627381,-273.675033397444,178.59713630483557
-28.957839145332187,19.508554897056676,5.466762841374205,64.29256883586723,34.88593592512968,-129.40992664564732,-52.61237266806769,96.1689060400639,9.253221419316137,-74.90334913819902,22.711647812025337,33.92371637553631,-23.2603378356277,-3.1810870064573566,100.84436091390955,29.471598782880577,83.90058511055729,-110.04828826744821,-12.9272726094039,-53.55931890570007,70.6137479338898,-71.15065628284268,-14.032425793962329,105.63523460915583,-52.53615632368391,-140.2415678502713,25.648202719531362,37.869430137049086,24.26167206213538,12.809695416738426,-192.10247066819142,-13.919385321714799,29.70074968781339,-150.97753643212923,-20.039710004966103,92.73025313010042,-29.28981425887064,177.57652953416343,51.70358375969209,28.364797315984728,33.36422833605368,-3.5064940779775773,-151.46061133527715,-67.43096210754472,14.81882096382382,-102.6835169796496,184.6170847996052,-135.40710010063023,42.261635069998604,-12.923621654922329,40.388378416107116,148.48774930122838,-91.26903425369044,-77.61023198657169,-137.68352907909258,89.95030906505323
476.9975826247345,-302.9746985841944,-83.06320895469881,-1036.5051774844374,-552.5092184124957,2070.4524610090198,828.8826668908847,-1544.6503356789174,-144.78188551915176,1201.1868942683545,-384.11345418385156,-522.2077068864539,386.4459085190347,48.35718977576556,-1598.6599681766163,-471.86026673436277,-1351.0034920305336,1751.498934399569,215.32087321432707,860.2653533907163,-1113.9663396609712,1140.3794937434805,219.7224033062175,-1683.9499427737105,825.0347596682055,2254.1118924003317,-413.735034106268,-610.9595514665837,-381.2577421680812,-192.10247066819142,3051.726236650788,215.67841216687617,-472.15124076951713,2415.0506129381038,305.5091699660286,-1469.1129984888714,451.81727014107344,-2843.596438843823,-834.3740548009041,-461.8594055184802,-537.1575220270458,68.43756424137217,2412.0539583018085,1064.5740780893907,-220.16596266647537,1636.7088430722977,-2938.054324478326,2163.8243360758534,-670.8892935396068,229.94654724553183,-635.7398977331993,-2365.015910187208,1483.443435904105,1254.518959944457,2191.353879214303,-1429.6949000390782
33.20072054505607,-21.621193080230704,-5.984208903908099,-72.7982148423314,-39.09890570753612,145.88675012885753,58.788665439400894,-108.65801721831609,-10.298943665099907,84.55364115676214,-26.445392910285296,-37.40912691068232,26.80228554062925,3.4831157775609722,-113.0847813923827,-33.237746294982976,-94.93471602837448,123.68718230155257,14.91802646730892,60.51502088242071,-78.96334669464314,80.29206280429584,15.624867688823151,-118.83631078305059,58.59604850640388,158.5180375626096,-29.051225858181883,-42.89727134438511,-27.07029111400092,-13.919385321714799,215.67841216687617,15.406706356836878,-33.359095856196504,170.18148186879762,21.977947827600605,-103.94860373391008,32.33733536944108,-200.28822875417248,-58.57718722667075,-32.302824065250626,-37.748523038732934,4.453649369393251,170.290720539793,75.43742545104857,-16.018693243965366,115.50808219458216,-207.48708806900046,152.5428278180528,-47.4289211552874,15.509860269112467,-45.10694816407674,-166.96066639244734,103.83186965527675,88.0120804377691,154.74823318325465,-101.02000946142586
-73.82988747594844,46.86253037242679,12.844390498432213,160.3914752423038,85.47903815653937,-320.35886780556035,-128.22902180180148,239.01289037170898,22.396084433923853,-185.86334151986642,59.47068232784309,80.76377115587361,-59.82000437053153,-7.4777032746721135,247.33243610305755,73.01103156067354,209.05488145064905,-270.9910496723287,-33.33161406026641,-133.11395362333437,172.33445686151137,-176.45333450537632,-33.98882978145707,260.5447594135853,-127.62892052714656,-348.7948620171118,64.02286520692172,94.5422322091165,58.979195108083786,29.70074968781339,-472.15124076951713,-33.359095856196504,73.05000609458362,-373.67732591586656,-47.24399372412003,227.28825988283188,-69.87905190254465,439.99110957382453,129.11462883896462,71.47742654042425,83.11982970260004,-10.61139369337271,-373.19440802760136,-164.6947998218968,34.0356662690293,-253.23514505377605,454.5738418088718,-334.80155620614886,103.79653437315855,-35.620946590052405,98.34861037534907,365.9172009702294,-229.5732436392363,-194.13336112820025,-339.04522866723386,221.19820383732545
379.0427367633103,-239.12812624216915,-65.3863347483825,-821.6543011392541,-437.0853168056275,1639.845026706176,655.3190529482227,-1223.9479034725864,-114.37284097532067,951.6221935507327,-306.1197797248471,-411.7254441571999,307.3788737927063,38.068403458508065,-1264.827099408712,-373.7549079439849,-1070.815779246619,1386.3885972082178,171.31424359899765,681.6562166662043,-880.8449584549604,903.3912864297574,173.58842738777832,-1333.1671749738048,652.0315548479919,1786.253115568953,-327.99635157937905,-484.3573041006601,-301.3342153113295,-150.97753643212923,2415.0506129381038,170.18148186879762,-373.67732591586656,1912.7320295169795,240.59122602891654,-1162.2478105876357,356.3167096416003,-2252.42229699257,-661.496423809228,-366.53735631642763,-425.7472550801273,55.32994404406539,1909.3798159413855,841.8647636355726,-172.83202605386498,1295.7497192102462,-2325.575492804395,1713.5624186110585,-530.8792218209576,184.2382145801785,-502.56749205644246,-1872.1725567279416,1177.0391464642644,994.7771694128148,1734.5549814283631,-1131.4894654066024
46.54781602655683,-30.823089782778922,-8.583828477143314,-102.68928876882104,-55.431521822938585,206.23369170585102,83.47029082053704,-153.43494386121128,-14.651226659836574,119.45086887325041,-36.79909947673711,-53.463522046182064,37.4855767003557,4.995554867762745,-160.27980886617783,-46.97716985851721,-133.9605099464923,175.11033911712764,20.849172550769648,85.45257793584332,-112.07287011737833,113.44812637245747,22.223242498289817,-168.16660700225506,83.27218250915203,223.7974916938661,-40.97290374208621,-60.49861429687912,-38.463096996321056,-20.039710004966103,305.5091699660286,21.977947827600605,-47.24399372412003,240.59122602891654,31.4957688201102,-147.35671712829037,46.18794322650611,-283.0675760217429,-82.60591938524965,-45.437973397142855,-53.26865498990084,5.947706711686545,241.048389483961,107.04525035898129,-23.122602201375333,163.4620931215539,-293.7576000587722,215.71585091099314,-67.19671243274912,21.27133946963442,-64.06042299198646,-236.32602200058608,146.1273124810631,124.05696820903366,219.08452630943376,-143.07389867058177
-229.25385839573616,146.00629226509182,40.070430844716974,498.6431916720539,266.0173344704318,-996.4005436565101,-399.179977202479,743.2273972067251,69.747410166133,-578.0071538077095,184.39910351684523,251.76146420050367,-185.66282452658612,-23.327397826079828,769.6750935513043,227.07423797546465,649.9776031192569,-843.1060979473992,-103.43653818464038,-413.9271041359079,536.439890846922,-548.7606406724786,-105.84577346554,810.5313477709734,-397.38576984599183,-1084.559085429973,199.03492209930246,293.9116064084242,183.63080773956378,92.73025313010042,-1469.1129984888714,-103.94860373391008,227.28825988283188,-1162.2478105876357,-147.35671712829037,707.3249412426223,-217.80405976130578,1368.4191166328928,401.3837042136215,222.09242804387796,258.4322718772917,-32.665048012023284,-1161.0406977677976,-512.6364810785361,106.3251882486485,-787.7969706200576,1414.2752570447888,-1041.3919903092312,322.979265686188,-110.1532447078948,306.17717672909896,1138.3922297570796,-713.3950684243135,-603.4534813622342,-1054.8354015802042,688.24417737276406
69.35651270774933,-45.373001710124655,-12.579420525620003,-152.32873455120324,-81.92626099501518,305.44513618524866,123.2335501035587,-227.43003953525852,-21.60031822668592,176.99932013512404,-55.13235147956867,-78.5584734755245,55.953168353688014,7.321607463542958,-236.9357067777391,-69.5864924812288,-198.66721083883616,259.0704297054812,31.137112562883807,126.66280610031514,-165.50695152998503,168.0854699751859,32.76861550553586,-248.87919560255293,122.86028639084246,331.7732593526025,-60.78627775714418,-89.75660438969092,-56.75632013522066,-29.28981425887064,451.81727014107344,32.33733536944108,-69.87905190254465,356.3167096416003,46.18794322650611,-217.80405976130578,67.89686068488977,-419.31760942407675,-122.56219469868716,-67.54108922771077,-78.99630916173382,9.183912451731443,356.6678496897925,158.1072052808746,-33.7317172089785,241.91106021881325,-434.5974968734519,319.41054333614085,-99.36265241206233,32.2087316598444,-94.56021417167881,-349.6896564047709,217.1293110703454,184.12584764076834,324.12944820034915,-211.61472488708534
