V1,V2,V3,V4,V5,V6,V7,V8,V9,V10,V11,V12,V13,V14,V15,V16,V17,V18,V19,V20,V21,V22,V23,V24,V25,V26,V27,V28,V29,V30,V31,V32,V33,V34,V35,V36,V37,V38,V39,V40,V41,V42,V43,V44,V45,V46,V47,V48,V49,V50,V51,V52,V53,V54,V55,V56
1.07770028912072,-0.5214850968531378,-0.9431236608815273,-0.1016325018546863,0.6563577140556854,-1.0992224147087144,0.9664141631489143,0.15605494929043276,-0.23965978620165376,1.0598800252996639,-1.676733358985799,-0.2197353585978455,-0.6668260234407146,-1.6083803313379912,-1.5371296392036597,0.9356606902762284,-1.8666062482617327,1.3522016983043073,1.1706170884319862,-0.6827281989456757,0.1011710748595544,-0.3039698747605514,0.8272203174240106,-1.1006423215437138,-0.3699967851465655,-1.296689610779946,2.557484103547181,1.2477122621588335,1.091076560929781,-1.0850934479376224,2.0732429923248747,-0.4025738064863869,2.464907197507395,0.7789066830056158,0.7321474356248043,3.105695637597721,0.3596882198754072,-2.3441994276184936,1.9204386576486192,-0.3033264526574321,1.0435601885011208,1.0437899138260132,1.2547831850592295,0.42575457856557125,-0.9523875012909285,-0.18180868801948213,1.9621325667399858,2.4045567230009137,0.810539643270324,0.752866097036075,0.7940306906318509,-0.6187051812960451,0.04856904049192833,-0.24531725279168282,-0.6098042127122024,0.6115921094331056
-0.5214850968531378,0.2579220354262469,0.44370495496415485,0.042751480781059455,-0.31961519876025796,0.5358131023475605,-0.4618671317419066,-0.06841614312998451,0.15180637649599188,-0.5148064784085181,0.8170079854563154,0.1306195471920034,0.33073713579921643,0.7572252813248966,0.7524179231287002,-0.46910983179705124,0.9012922456111331,-0.666340141352132,-0.5716520864096354,0.3192741147405664,-0.02454388678277683,0.14610010401885734,-0.4031720360768766,0.547186718030667,0.16302584163189207,0.6265648747679897,-1.2354894931066054,-0.5893833939708238,-0.5199742437076044,0.5424838039033929,-1.022454536493953,0.18645420251001715,-1.1848294488539965,-0.3908716937719038,-0.32531765226762216,-1.5125608234889254,-0.17626362714200794,1.1706296953679605,-0.9551228667199915,0.13290810884532586,-0.5223428347473786,-0.546763475983301,-0.6132041963874255,-0.19353096976887388,0.4530597584463228,0.08428801006293114,-0.952373869131097,-1.1869852319500598,-0.3801648390427374,-0.3440960983408084,-0.40599284799173463,0.2889704515276416,-0.03289997297631432,0.12914090116558088,0.30907111283267397,-0.2977750080458851
-0.9431236608815273,0.44370495496415485,1.378259120652725,0.4196417100499868,-0.5990882586398194,0.8280718774575395,-1.152987583155237,-0.5553643549605228,-1.3684062236644052,-1.135985770502529,1.586366746419448,-0.9253255786620963,0.4066601488145,1.90691132934733,0.8692551666764031,-0.12425348927170549,1.628455459913517,-0.770017758893397,-0.6537140002335797,1.031083187796064,-0.8891824930535446,0.07253574365621272,-0.6446369311694667,0.23309739432426316,0.8594467423666865,1.271366109154354,-2.790225218226214,-1.596061758550868,-1.3567608261857136,0.3001284044299731,-1.4110221715674849,0.4634803207226799,-2.516928062176301,0.20518646257834725,-1.525414001642957,-2.499297787491675,0.010856417997112757,0.899295898934599,-0.9703111206641968,0.8212757544553123,-0.31869267416393815,0.5722657494628718,-0.41385851271787694,-0.8006822402631717,1.1835827074591385,0.26452710589718376,-1.6480381961871682,-1.0702722707429602,-1.3546057171057853,-1.550419771899003,0.046418315078887495,1.2957801339546084,0.396703027752488,-0.04808138306519979,0.3743551890719543,-0.4586817842345041
-0.1016325018546863,0.042751480781059455,0.4196417100499868,0.25422818704130185,-0.08515313659483857,0.0017952657983548292,-0.29500475236559975,-0.25063354593153064,-1.0136386837357525,-0.21573189288601455,0.23877270526869834,-0.6899329997051322,-0.04794084741885627,0.4882278768824871,-0.1466187458736114,0.34316975249356685,0.16782376246712533,0.12967308677575481,0.16930680688356076,0.27895027770853714,-0.4975890287389906,-0.1191451804573869,-0.01656668998921665,-0.4158383680251403,0.34648724337760345,0.21635642972872832,-0.5836119213272241,-0.4270117005498641,-0.3761088112523033,-0.3335182862468962,0.04977511607550192,0.08414706198323489,-0.44208486158542626,0.48599029746370537,-0.6464889492579188,-0.13116995187646746,0.19756800601426047,-0.479821148063115,0.33992996332240016,0.3427056157550196,0.2886851974902028,0.8476631680119058,0.3322996593022951,-0.30802147580647504,0.29564938447087447,0.09153759461422614,-0.10972083295431156,0.439522060543259,-0.4942232864279298,-0.6342023691987893,0.3657605193563048,0.5268925688766748,0.25612475045990485,-0.16191424915644492,-0.03919474123944674,-0.009595891338836897
0.6563577140556854,-0.31961519876025796,-0.5990882586398194,-0.08515313659483857,0.403781618483123,-0.6596111926500801,0.6067868595420491,0.11305836665311694,-0.05903793705259222,0.6553079960537285,-1.0315875246537216,-0.07605077074707821,-0.3996469460765944,-1.0057680537421883,-0.912815061858779,0.537124020860963,-1.1352440433245181,0.804796565325092,0.6845012627234013,-0.4267880529518488,0.09630425090546803,-0.1684617794843456,0.49895702569836264,-0.6220502483012978,-0.2460214978034029,-0.7985902687384547,1.5892873293387133,0.7836242918867741,0.6878378983909025,-0.6246657704333264,1.2485148734608145,-0.24417038061174848,1.516726097271352,0.4282004545563951,0.4907887965911421,1.878250828458721,0.1964604711439235,-1.3787779212280642,1.124881508400466,-0.20589382818672375,0.6049281535295393,0.5628511563128641,0.7226867413146691,0.2789138579537918,-0.5959493890565086,-0.1165938065265727,1.18646534710664,1.4093704733252412,0.5295048518619049,0.5040597037365266,0.4528192069998144,-0.41580030343969093,0.009596431800014881,-0.1348574844970983,-0.3689317493646695,0.36807606551507055
-1.0992224147087144,0.5358131023475605,0.8280718774575395,0.0017952657983548292,-0.6596111926500801,1.1706211158764328,-0.8936177382686212,-0.05671307764560049,0.6797973077967946,-1.0451674230353791,1.6785890288350465,0.5182873285250901,0.7215476201776247,1.4746586830551986,1.6835597026979694,-1.1202355483419058,1.9013553531481346,-1.479797922829618,-1.317347763037233,0.6164208146975853,0.09552322739900283,0.37512380070426643,-0.8650208527917755,1.3480075182218647,0.2524879185768879,1.2880944654217,-2.4666974613084607,-1.130418906198237,-1.0067581330935957,1.287547898197424,-2.211695407587034,0.3952460890383969,-2.4260079696248207,-1.0109596856355747,-0.4933480261492292,-3.240077363265772,-0.45747653178011566,2.6786302102001467,-2.1896286518666805,0.18309027697849592,-1.230991647324834,-1.459956188815319,-1.4570335632779374,-0.3230679982648007,0.8805849692817713,0.15654788504833214,-2.036162004727058,-2.7360926050072805,-0.6483323043222461,-0.5264626428232291,-0.9905695826329859,0.44923181698806414,-0.16150277669263396,0.3302678184003615,0.6617348105908039,-0.6525213872379547
0.9664141631489143,-0.4618671317419066,-1.152987583155237,-0.29500475236559975,0.6067868595420491,-0.8936177382686212,1.0575182616124752,0.3781291758146602,0.7144417247309154,1.0523931665813642,-1.5760222645653232,0.4476383935574791,-0.504457629340376,-1.7669599932906526,-1.113550562789167,0.4594249681953041,-1.6760002947885095,0.9855053562529493,0.8091601697681375,-0.8282847640487997,0.5370660729458957,-0.14447509348007406,0.6980616905561414,-0.5322539475608093,-0.6229602722548799,-1.2393204518513494,2.61401219577419,1.4227383919042027,1.2077716256149553,-0.591856917217464,1.6418583014328771,-0.4083817890328701,2.4129280747206043,0.20553899367419565,1.1861382292740772,2.64637721048583,0.13047820890635464,-1.4576264866605406,1.273455753452203,-0.5729823596058132,0.5835266554948133,0.07825301813280297,0.7331212468550958,0.6262944727378932,-1.0572433678780515,-0.22326672153049404,1.7046313574483332,1.5470913193468119,1.109916206060848,1.1988032617215612,0.30049563083873326,-0.9730836979581888,-0.2087080598573882,-0.05988151131242327,-0.4621260380059322,0.49290640234909666
0.15605494929043276,-0.06841614312998451,-0.5553643549605228,-0.25063354593153064,0.11305836665311694,-0.05671307764560049,0.3781291758146602,0.3571875818979527,1.1436916231267344,0.3065888636779544,-0.33525719202226983,0.8069853317612863,0.027217992466908144,-0.6261074633169027,0.1339670717424245,-0.37203511712970827,-0.27451158870937525,-0.10617931756290867,-0.10357617243577492,-0.43556667459716963,0.6133077861281488,0.10101727793573884,0.07117269648546798,0.3810540641344252,-0.4579295786100905,-0.28339084390156544,0.7972100263245963,0.5792077877677175,0.44412711612131167,0.3186251820236212,0.008324243703828126,-0.14133620743010786,0.6363688101863719,-0.5393679151361734,0.7744085274907072,0.29215109186840954,-0.1800329374046418,0.5246744733878473,-0.23789467192548588,-0.4703199960759179,-0.29586272300633315,-0.9598895597517738,-0.3210865196662199,0.3823480634867646,-0.41466804398415147,-0.09880207624501068,0.24129495439476917,-0.4335341991527133,0.6076808870251545,0.7898727947641307,-0.4462990553389516,-0.6495173555968395,-0.33550056167846426,0.15488441755458118,0.02337078574285502,0.019426580607286855
-0.23965978620165376,0.15180637649599188,-1.3684062236644052,-1.0136386837357525,-0.05903793705259222,0.6797973077967946,0.7144417247309154,1.1436916231267344,4.755766231042509,0.326546861373639,0.016484045621809638,3.328496643461508,0.6574645897518077,-1.1830310603638847,1.7100381572156786,-2.2076115759076744,0.43060627900942877,-1.493976443322043,-1.4431424024546202,-0.9910972814463851,2.2815718309354835,0.6884506867578306,-0.4316188045212227,2.5078493806737727,-1.4282398091823472,-0.11966151523908082,1.0353972186309692,1.2018275719283964,0.9599881555797947,2.1906754639796544,-1.6160478941254186,-0.18397675953334777,0.47325127975771486,-2.7451262000185723,2.482613377324703,-1.3832576008184745,-1.074316387554286,3.837793244936567,-2.6655929366415383,-1.483182564036754,-2.00341582991483,-4.599878566349436,-2.3026716976616495,1.1538370878306634,-0.7917861875763682,-0.28005463319295126,-0.7041217071001081,-3.5974500127348983,1.7356290836758983,2.4544685600009584,-2.29083597177273,-2.037018120285481,-1.2704365366254553,0.8646637803148016,0.5936073564671116,-0.37284695910720833
1.0598800252996639,-0.5148064784085181,-1.135985770502529,-0.21573189288601455,0.6553079960537285,-1.0451674230353791,1.0523931665813642,0.3065888636779544,0.326546861373639,1.1435105188265569,-1.702429771557122,0.19261698989434295,-0.5890110508224509,-1.716723053308798,-1.3279763801496864,0.6492933865954625,-1.8248087250788538,1.173278362038848,1.0293553851428137,-0.8488463404805239,0.39257458081630264,-0.23169973206985084,0.781595323457426,-0.8357979993426103,-0.5649691101984704,-1.3320741346199512,2.7279789419447953,1.3910837551166377,1.2275524704094944,-0.8370426555258216,1.894550673848869,-0.4389055460176322,2.5566383292406414,0.4157231785751356,1.012793964619698,2.9897963425645244,0.22647175212227885,-1.887215880159715,1.6693548233224491,-0.5104136547191986,0.82288187662737,0.4973506948534387,0.9652931890763117,0.5727203033427756,-1.0592725647366468,-0.21741820819005903,1.9153762737937645,1.9990391214542167,1.0268319156656884,1.055466814195513,0.5088777296913549,-0.9077994163395436,-0.11040169120154006,-0.15689251104346,-0.5506304073394563,0.5851079498917731
-1.676733358985799,0.8170079854563154,1.586366746419448,0.23877270526869834,-1.0315875246537216,1.6785890288350465,-1.5760222645653232,-0.33525719202226983,0.016484045621809638,-1.702429771557122,2.649459658854135,0.09177212727433708,1.0052042414403448,2.603862760426005,2.2847857385273014,-1.3053045116083564,2.899622407724759,-2.0178402548561327,-1.7262934803819923,1.1458618427679557,-0.32140477332213885,0.4169655460014563,-1.2695400601887528,1.5372997881877415,0.6834540628664283,2.052043565002186,-4.11712626791605,-2.0483103836282393,-1.791063346030993,1.5449216760482385,-3.1546372726398486,0.6372480513956919,-3.9124887479666355,-1.007061126782936,-1.3254345602253133,-4.787040396220934,-0.4754856785306555,3.412522274304476,-2.8332579715226425,0.5868134889374272,-1.4956223873097179,-1.3056922062640126,-1.7838792877210659,-0.7529702513780171,1.5575064748126546,0.3053014711783101,-3.0343996966791607,-3.509323482165895,-1.4104785008722167,-1.3699812282753827,-1.0839154804050861,1.1379233815554528,0.020432468894745925,0.3270385074297683,0.9304420676910988,-0.9338652263765599
-0.2197353585978455,0.1306195471920034,-0.9253255786620963,-0.6899329997051322,-0.07605077074707821,0.5182873285250901,0.4476383935574791,0.8069853317612863,3.328496643461508,0.19261698989434295,0.09177212727433708,2.3449074945105837,0.494970247786532,-0.7301471361548089,1.2805787045744585,-1.6031265778208252,0.3921507735360827,-1.1171081334551713,-1.0450848663142098,-0.6942328838862575,1.6050220997381548,0.4852824444411313,-0.3388922268167026,1.7816714850695496,-0.9982657657797114,-0.020791254701330447,0.60950789314536,0.7814148634282401,0.6160281518380871,1.5768692717182662,-1.2377019444362547,-0.12143683177907477,0.22202936383055963,-1.9723840581511483,1.6908545298534532,-1.1050788763100163,-0.7626301085762193,2.817471991806822,-1.92060823066655,-1.0451561643342235,-1.447241517413682,-3.2719692666137417,-1.6736636825153415,0.7901439786266408,-0.5148635397379697,-0.18482910818365395,-0.5713833945563863,-2.6306423049957695,1.172947611353048,1.6833035007666497,-1.6585008690593281,-1.410614793749541,-0.9002066611448677,0.6074000144675579,0.4457239356530914,-0.2872204119638511
-0.6668260234407146,0.33073713579921643,0.4066601488145,-0.04794084741885627,-0.3996469460765944,0.7215476201776247,-0.504457629340376,0.027217992466908144,0.6574645897518077,-0.5890110508224509,1.0052042414403448,0.494970247786532,0.4766743157485914,0.8414571825220895,1.1041194975868167,-0.8110244752074941,1.159882939398454,-0.9758386310162406,-0.8424519294431132,0.2852937984929305,0.2003423892749715,0.24650223693370973,-0.5434865800493804,0.9160864583600078,0.05449232558278836,0.7559418725191587,-1.4164560694531654,-0.619236827069066,-0.5385323767882519,0.8868273365052713,-1.4240315318361447,0.20907047372173074,-1.41377130836577,-0.7722869506238468,-0.16759004802511537,-1.996652358529732,-0.330413423639707,1.828112467845838,-1.4271419891270556,0.011284304749230645,-0.8379250228625897,-1.1298417916304766,-0.9971286356498289,-0.12371469243272047,0.48381304044306606,0.07464282404850503,-1.240196478406977,-1.8167884371824188,-0.29901681116349943,-0.18538580385059925,-0.73103227748811,0.13919952258435145,-0.1648336086602757,0.24130006994467232,0.43830094780641576,-0.39653145711456034
-1.6083803313379912,0.7572252813248966,1.90691132934733,0.4882278768824871,-1.0057680537421883,1.4746586830551986,-1.7669599932906526,-0.6261074633169027,-1.1830310603638847,-1.716723053308798,2.603862760426005,-0.7301471361548089,0.8414571825220895,2.996352932665418,1.8713049618700004,-0.792247589982231,2.802360208041433,-1.6497087794195642,-1.3424817289199735,1.3582895316371266,-0.8896194025096685,0.24508881749150002,-1.1668112642113337,0.8785648651296182,1.0296022516484014,2.050247269835498,-4.3247025141775515,-2.389312246368732,-1.9932982382935505,0.9856403079824652,-2.726289251358348,0.6820805692392824,-4.012312043296293,-0.38825298372178974,-2.0041048018714456,-4.388384791211924,-0.2372501362895608,2.4262578593030835,-2.0819466800823117,0.9414146109503695,-0.960483102555813,-0.12691212671127575,-1.2594673519325594,-1.0426971958981845,1.7635223738101413,0.370236406159574,-2.827672221652232,-2.5743815561068115,-1.8442244799163046,-1.9976301717552045,-0.5041058798130903,1.5785399244943181,0.34661408898933643,0.08792552829603172,0.7526805034936295,-0.8071830262736195
-1.5371296392036597,0.7524179231287002,0.8692551666764031,-0.1466187458736114,-0.912815061858779,1.6835597026979694,-1.113550562789167,0.1339670717424245,1.7100381572156786,-1.3279763801496864,2.2847857385273014,1.2805787045744585,1.1041194975868167,1.8713049618700004,2.6048541960395313,-1.93790236330285,2.6702136814203867,-2.2865859182921904,-1.9959108253471611,0.6057142295316289,0.5442605755823503,0.6051898032165982,-1.2512974886289885,2.2074431055988395,0.06871193496584296,1.7279371920411262,-3.168408877523466,-1.3509992360352634,-1.2030642607241806,2.112288878813566,-3.3026991036168454,0.4824872715619528,-3.2079211598811255,-1.8846192560129624,-0.28432232810403985,-4.619200532921047,-0.8019088536705878,4.33286308512704,-3.356674024176889,-0.04279740989861416,-2.0009360281881867,-2.770513719120247,-2.3903703758962167,-0.23873850309976322,1.060116526043938,0.1667346597768869,-2.861775269779267,-4.323150699170568,-0.597840627110029,-0.3059401091883405,-1.7681795964280607,0.22541776327213364,-0.44505020631968845,0.5774030485464615,1.0036715977665716,-0.9354551579168437
0.9356606902762284,-0.46910983179705124,-0.12425348927170549,0.34316975249356685,0.537124020860963,-1.1202355483419058,0.4594249681953041,-0.37203511712970827,-2.2076115759076744,0.6492933865954625,-1.3053045116083564,-1.6031265778208252,-0.8110244752074941,-0.792247589982231,-1.93790236330285,1.7057996179077513,-1.6371363503057854,1.7046312954619116,1.4908232877582126,-0.05677238913957768,-0.9239040259923433,-0.5103045280716659,0.8302180919837966,-1.8858837396005954,0.35181481247846325,-0.9443804990424683,1.5323501890577726,0.4708519261937732,0.42150389615716477,-1.7741058986998381,2.3176389891702294,-0.2106859680539308,1.6957122556034612,1.8153333262179463,-0.47209912352177946,2.977131955513485,0.7395689156354783,-3.487626960446264,2.5778721315487556,0.4286852978096192,1.6541771226848558,2.783984454964581,1.9702852110763176,-0.1706813931284029,-0.4003245398475875,-0.017804043061774074,1.799654867205819,3.387133527478055,-0.1054003908758925,-0.45920683268895907,1.6187771700371825,0.42652301060289627,0.582850342832025,-0.5501403650014917,-0.7351075708696942,0.6140903989176528
-1.8666062482617327,0.9012922456111331,1.628455459913517,0.16782376246712533,-1.1352440433245181,1.9013553531481346,-1.6760002947885095,-0.27451158870937525,0.43060627900942877,-1.8248087250788538,2.899622407724759,0.3921507735360827,1.159882939398454,2.802360208041433,2.6702136814203867,-1.6371363503057854,3.239303979404163,-2.350214185320914,-2.0319229372893495,1.1797860624233454,-0.16814584075334704,0.5295807780652171,-1.4387226885222013,1.913583262779281,0.6367372956110026,2.239229882331527,-4.424048054882088,-2.170404698523808,-1.8768049909393205,1.888903313986168,-3.5959228891511006,0.6974238055294427,-4.269689569451142,-1.3715570890284658,-1.2706185349793546,-5.379562281658309,-0.6352307800918877,4.067968712290325,-3.3296251099191956,0.5225925766934524,-1.8089249470458557,-1.8189715255139005,-2.1921806315810306,-0.7344187060474637,1.6534656615610979,0.311269089958874,-3.400579457485921,-4.170076841086132,-1.4006117594176213,-1.302671276390923,-1.3790919425159431,1.0541009704193105,-0.08233462017182562,0.42666066804761965,1.0559689721323224,-1.0523073785638326
1.3522016983043073,-0.666340141352132,-0.770017758893397,0.12967308677575481,0.804796565325092,-1.479797922829618,0.9855053562529493,-0.10617931756290867,-1.493976443322043,1.173278362038848,-2.0178402548561327,-1.1171081334551713,-0.9758386310162406,-1.6497087794195642,-2.2865859182921904,1.7046312954619116,-2.350214185320914,2.0130577415853983,1.7521266499516184,-0.5387326135341816,-0.4779347003389209,-0.5269532281682195,1.1045300673889584,-1.9370065003855128,-0.06245680215079212,-1.5203408358233006,2.803090542700973,1.1971792755917996,1.0570389560762044,-1.8589447425370726,2.913193554347103,-0.42080789126561274,2.828037459829423,1.6512838483630996,0.2523394848413164,4.067198891298464,0.7033236213065093,-3.8102269122131633,2.95956522830406,0.03133690656498704,1.7579740333242115,2.432621748452979,2.094463953896311,0.21122284154075127,-0.9400234552910891,-0.14433584913321532,2.520808353204002,3.792973332190447,0.5348664849870598,0.28012462476263683,1.5517575384936244,-0.2066179168847953,0.38338703630786714,-0.5112373917521881,-0.8916817761776404,0.8183399781281901
1.1706170884319862,-0.5716520864096354,-0.6537140002335797,0.16930680688356076,0.6845012627234013,-1.317347763037233,0.8091601697681375,-0.10357617243577492,-1.4431424024546202,1.0293553851428137,-1.7262934803819923,-1.0450848663142098,-0.8424519294431132,-1.3424817289199735,-1.9959108253471611,1.4908232877582126,-2.0319229372893495,1.7521266499516184,1.6006333682220395,-0.5109505141050041,-0.43501092859367735,-0.5063514890559733,0.9635381514669871,-1.799162608552268,-0.0565501240106056,-1.3049319378791446,2.3832950882987807,0.9914131687294226,0.8816266175064864,-1.6721834136926086,2.518242461506373,-0.3938424034621993,2.4388990832049817,1.4680481766502067,0.13029517333716892,3.5605668245887463,0.6516607866831813,-3.3304240369961726,2.689594021749658,0.020300060929416556,1.5772449152861374,2.205413408730607,1.8704696038059017,0.16039997154289615,-0.7957430416090705,-0.11577184251958192,2.221012236444359,3.376242656448643,0.3990127651571223,0.17020206338397453,1.3560734709584945,-0.1500105308743799,0.3524177061055566,-0.4776668962182964,-0.7648308908820466,0.7284436768877642
-0.6827281989456757,0.3192741147405664,1.031083187796064,0.27895027770853714,-0.4267880529518488,0.6164208146975853,-0.8282847640487997,-0.43556667459716963,-0.9910972814463851,-0.8488463404805239,1.1458618427679557,-0.6942328838862575,0.2852937984929305,1.3582895316371266,0.6057142295316289,-0.05677238913957768,1.1797860624233454,-0.5387326135341816,-0.5109505141050041,0.8182058552977379,-0.6841153608323068,0.07461392651814387,-0.47220202585395027,0.21062494791651157,0.6640216549143746,0.9192126665960773,-2.0378348820305825,-1.1680319120812739,-0.9790769412887415,0.22355456395731335,-0.9973165485174373,0.3641324366025191,-1.846593820905263,0.18082467495251955,-1.1022688299146404,-1.8278921977492946,-0.005032831840558412,0.5929300615886285,-0.758492301093844,0.6455727247973141,-0.22933843889249259,0.44472076506027447,-0.29437833508288835,-0.5931866662375131,0.8762854388029079,0.18850847782587332,-1.2224307938243981,-0.7650860555180311,-0.9838243654281914,-1.1398478619100605,0.08030205020844304,0.9715010270725307,0.3111222971512317,-0.02263439816527158,0.26116635828757473,-0.335601351562625
0.1011710748595544,-0.02454388678277683,-0.8891824930535446,-0.4975890287389906,0.09630425090546803,0.09552322739900283,0.5370660729458957,0.6133077861281488,2.2815718309354835,0.39257458081630264,-0.32140477332213885,1.6050220997381548,0.2003423892749715,-0.8896194025096685,0.5442605755823503,-0.9239040259923433,-0.16814584075334704,-0.4779347003389209,-0.43501092859367735,-0.6841153608323068,1.178684358184088,0.25150922864795816,-0.042365262848554415,0.9684172116598703,-0.8132925274432073,-0.3203139989335353,1.028543170574082,0.8495409186384205,0.6913389565965592,0.8525411425637178,-0.4035108825540724,-0.20188388178807426,0.7500854426355993,-1.2118656581503715,1.3686277771515978,-0.03723053321710109,-0.4403634541445653,1.4628184230982957,-0.8798872337919759,-0.8305690199822409,-0.7735149640876761,-2.0744321669321346,-0.8719813675247865,0.6652448016149153,-0.5939850652528306,-0.1741663626861236,0.0750487299787458,-1.2804943122495702,1.012876685660352,1.366124791996813,-1.0041396386497834,-1.147392980496514,-0.6289861035101325,0.36858635052085215,0.18650489093092723,-0.05244779371756588
-0.3039698747605514,0.14610010401885734,0.07253574365621272,-0.1191451804573869,-0.1684617794843456,0.37512380070426643,-0.14447509348007406,0.10101727793573884,0.6884506867578306,-0.23169973206985084,0.4169655460014563,0.4852824444411313,0.24650223693370973,0.24508881749150002,0.6051898032165982,-0.5103045280716659,0.5295807780652171,-0.5269532281682195,-0.5063514890559733,0.07461392651814387,0.25150922864795816,0.18290445448116466,-0.26632693019361847,0.6301383211381325,-0.07278244535779003,0.3103333606521153,-0.5068999164796139,-0.16176207497040382,-0.1484180527838316,0.5627462884099924,-0.715891806433383,0.09607179770518932,-0.5701211860277832,-0.5482764940868877,0.1373721075687473,-0.9713861654079274,-0.241705130884883,1.0639057914350334,-0.8533734935626954,-0.09583096271869893,-0.5249077111903442,-0.85063570500573,-0.6256047233297393,0.036435000272004754,0.14306411175103317,0.009573097037919056,-0.6001311500102543,-1.079752557339411,0.026395179080174833,0.12813275802353896,-0.4780989619839752,-0.10225069751069847,-0.17145181550447314,0.17732261949831357,0.21809299597918086,-0.20717181141919558
0.8272203174240106,-0.4031720360768766,-0.6446369311694667,-0.01656668998921665,0.49895702569836264,-0.8650208527917755,0.6980616905561414,0.07117269648546798,-0.4316188045212227,0.781595323457426,-1.2695400601887528,-0.3388922268167026,-0.5434865800493804,-1.1668112642113337,-1.2512974886289885,0.8302180919837966,-1.4387226885222013,1.1045300673889584,0.9635381514669871,-0.47220202585395027,-0.042365262848554415,-0.26632693019361847,0.6546811461477637,-0.9673254985736927,-0.20763886891832642,-0.9696263848141586,1.8866724867599005,0.8937065515792432,0.7652205290634956,-0.9408184823666865,1.6567262846952482,-0.2955122318438943,1.8449292947751361,0.7403501408857044,0.4283111332733949,2.4234657301089726,0.3359030540211907,-1.970641800626434,1.6001466650221472,-0.1584459607467293,0.8921770974815967,1.029626891397965,1.0755722072809595,0.26171369358338287,-0.6878978281198583,-0.118892071525405,1.5255019829050702,2.0011645894401133,0.5262010302007106,0.448938992276911,0.7153937829803894,-0.35767775579631095,0.0946421937820868,-0.23421344294426802,-0.49578952134201965,0.4745889263890493
-1.1006423215437138,0.547186718030667,0.23309739432426316,-0.4158383680251403,-0.6220502483012978,1.3480075182218647,-0.5322539475608093,0.3810540641344252,2.5078493806737727,-0.8357979993426103,1.5372997881877415,1.7816714850695496,0.9160864583600078,0.8785648651296182,2.2074431055988395,-1.8858837396005954,1.913583262779281,-1.9370065003855128,-1.799162608552268,0.21062494791651157,0.9684172116598703,0.6301383211381325,-0.9673254985736927,2.2511958680594515,-0.31137824128766867,1.127676067733753,-1.8528389987125304,-0.5703544123376167,-0.5348520314564352,2.0505101636284953,-2.6487933458275132,0.30634465569327524,-2.046409038185142,-2.0032162562209868,0.5278024025690061,-3.5209962321021444,-0.856369732503027,3.9371271403983683,-3.0869152114152394,-0.39176358581019033,-1.9174501622239808,-3.1402603142755052,-2.250495922280566,0.1536423467824376,0.5049664062436059,0.029893836750767244,-2.1581114585587615,-3.9230542537414066,0.0930626355904681,0.4798248028435965,-1.7869590931822497,-0.3844764691164935,-0.6365604254542925,0.6501484927415319,0.8320742518763162,-0.7439262004402001
-0.3699967851465655,0.16302584163189207,0.8594467423666865,0.34648724337760345,-0.2460214978034029,0.2524879185768879,-0.6229602722548799,-0.4579295786100905,-1.4282398091823472,-0.5649691101984704,0.6834540628664283,-0.9982657657797114,0.05449232558278836,1.0296022516484014,0.06871193496584296,0.35181481247846325,0.6367372956110026,-0.06245680215079212,-0.0565501240106056,0.6640216549143746,-0.8132925274432073,-0.07278244535779003,-0.20763886891832642,-0.31137824128766867,0.6504647838120928,0.574901318826846,-1.4023421254647193,-0.9133598761826063,-0.7591518698488475,-0.2502814774340232,-0.31359341008205405,0.2542052422970614,-1.1946038221282,0.5852265366487506,-1.102440488918644,-0.8574049161423201,0.1832371649489889,-0.31594389854728266,0.01622208101719469,0.6464999412052853,0.21320578115518993,1.0747309260139657,0.22009382133562752,-0.5602558716480877,0.664645308319349,0.1640659932984034,-0.6119700623192226,0.16533696454156366,-0.8941034421640868,-1.114041988783052,0.44910335248972655,0.9375375267146798,0.40699609136883674,-0.16796115619390597,0.04780191509805683,-0.1384627589982732
-1.296689610779946,0.6265648747679897,1.271366109154354,0.21635642972872832,-0.7985902687384547,1.2880944654217,-1.2393204518513494,-0.28339084390156544,-0.11966151523908082,-1.3320741346199512,2.052043565002186,-0.020791254701330447,0.7559418725191587,2.050247269835498,1.7279371920411262,-0.9443804990424683,2.239229882331527,-1.5203408358233006,-1.3049319378791446,0.9192126665960773,-0.3203139989335353,0.3103333606521153,-0.9696263848141586,1.127676067733753,0.574901318826846,1.6002098516537804,-3.217577215944672,-1.6175853328488317,-1.4247265234526127,1.1342125971391905,-2.394526453373041,0.5064543205851736,-3.051183649410837,-0.7020541174820459,-1.100350390335454,-3.6786187957815963,-0.33849283366947536,2.5367632012376293,-2.120408078836861,0.4971524466168756,-1.1059343198685105,-0.8805647992028214,-1.3232326989743017,-0.6193771685500418,1.226940643222053,0.2486001075506177,-2.3365491953734696,-2.631415069190113,-1.139234823727686,-1.127261336672108,-0.7753112014138895,0.9421233259650468,0.04589234986940145,0.2259953522217591,0.6965189802178259,-0.7216786592814713
2.557484103547181,-1.2354894931066054,-2.790225218226214,-0.5836119213272241,1.5892873293387133,-2.4666974613084607,2.61401219577419,0.7972100263245963,1.0353972186309692,2.7279789419447953,-4.11712626791605,0.60950789314536,-1.4164560694531654,-4.3247025141775515,-3.168408877523466,1.5323501890577726,-4.424048054882088,2.803090542700973,2.3832950882987807,-2.0378348820305825,1.028543170574082,-0.5068999164796139,1.8866724867599005,-1.8528389987125304,-1.4023421254647193,-3.217577215944672,6.64822580320282,3.4732763083983853,2.995111565127569,-1.9212280881797892,4.540467135209382,-1.047567296834199,6.211249928728577,0.9522362650885905,2.625599611464332,7.151757247200555,0.5134542911173341,-4.428967205429645,3.837612613850251,-1.2687500893699468,1.8779072472942961,0.9907196074480715,2.271212965712258,1.4364757146176004,-2.615555325189992,-0.5348596501829967,4.581406103221281,4.654432919027619,2.5865081782866217,2.6932717606469825,1.1532588161785269,-2.2329770217708704,-0.3296797570707903,-0.3206860086747877,-1.3097735839903295,1.3672228069317776
1.2477122621588335,-0.5893833939708238,-1.596061758550868,-0.4270117005498641,0.7836242918867741,-1.130418906198237,1.4227383919042027,0.5792077877677175,1.2018275719283964,1.3910837551166377,-2.0483103836282393,0.7814148634282401,-0.619236827069066,-2.389312246368732,-1.3509992360352634,0.4708519261937732,-2.170404698523808,1.1971792755917996,0.9914131687294226,-1.1680319120812739,0.8495409186384205,-0.16176207497040382,0.8937065515792432,-0.5703544123376167,-0.9133598761826063,-1.6175853328488317,3.4732763083983853,1.9453897960044726,1.6198052505560185,-0.6529725377543383,2.03877606101052,-0.5584492039591988,3.1896468947237815,0.11609777608725957,1.7023513974990843,3.37943105980101,0.1257426206026323,-1.6544494256384266,1.5263029890309392,-0.8554339867585075,0.6417649284592717,-0.17689486442978125,0.8400326253990306,0.8902251569225968,-1.4398582373416173,-0.3039224305327277,2.1975439059581694,1.8067232666452102,1.5501487016733322,1.7179140160727715,0.23826040352506553,-1.3860738151995733,-0.35981122451824055,-0.03167155034318167,-0.5599571010346652,0.6158238910021036
1.091076560929781,-0.5199742437076044,-1.3567608261857136,-0.3761088112523033,0.6878378983909025,-1.0067581330935957,1.2077716256149553,0.44412711612131167,0.9599881555797947,1.2275524704094944,-1.791063346030993,0.6160281518380871,-0.5385323767882519,-1.9932982382935505,-1.2030642607241806,0.42150389615716477,-1.8768049909393205,1.0570389560762044,0.8816266175064864,-0.9790769412887415,0.6913389565965592,-0.1484180527838316,0.7652205290634956,-0.5348520314564352,-0.7591518698488475,-1.4247265234526127,2.995111565127569,1.6198052505560185,1.4262810038744012,-0.5940987733412103,1.7989968760605501,-0.476772038000856,2.7496129910735445,0.11261399774330624,1.4037809438417665,2.9674903344328736,0.09705171586596978,-1.5286382034065051,1.371945046868456,-0.69820033574059,0.6089918776059506,-0.05702606240926931,0.737785614271555,0.7493893461394427,-1.2085121431353174,-0.270825880388229,1.9143012511385011,1.6592563368163555,1.3047363399112228,1.4205522661359198,0.26847912389780726,-1.194708293257242,-0.26235010258377817,-0.0401941980448873,-0.499245708632483,0.5706423969674865
-1.0850934479376224,0.5424838039033929,0.3001284044299731,-0.3335182862468962,-0.6246657704333264,1.287547898197424,-0.591856917217464,0.3186251820236212,2.1906754639796544,-0.8370426555258216,1.5449216760482385,1.5768692717182662,0.8868273365052713,0.9856403079824652,2.112288878813566,-1.7741058986998381,1.888903313986168,-1.8589447425370726,-1.6721834136926086,0.22355456395731335,0.8525411425637178,0.5627462884099924,-0.9408184823666865,2.0505101636284953,-0.2502814774340232,1.1342125971391905,-1.9212280881797892,-0.6529725377543383,-0.5940987733412103,1.9063768349258703,-2.572444657211128,0.29165591948932584,-2.0649468339729147,-1.8507102258660622,0.35884959489622753,-3.4194742556138125,-0.7783575446223374,3.7327983517939654,-2.8749293961444877,-0.3293917558526337,-1.7847514087440886,-2.8611557580762006,-2.102822720843256,0.08799469105976937,0.5509253461052432,0.046823394979031555,-2.0930219061346276,-3.685732441469513,-0.026901801097761375,0.3206165634481622,-1.671263244581654,-0.27571764752838457,-0.5627054443757746,0.587511324907924,0.8096503340210717,-0.7087489399332463
2.0732429923248747,-1.022454536493953,-1.4110221715674849,0.04977511607550192,1.2485148734608145,-2.211695407587034,1.6418583014328771,0.008324243703828126,-1.6160478941254186,1.894550673848869,-3.1546372726398486,-1.2377019444362547,-1.4240315318361447,-2.726289251358348,-3.3026991036168454,2.3176389891702294,-3.5959228891511006,2.913193554347103,2.518242461506373,-0.9973165485174373,-0.4035108825540724,-0.715891806433383,1.6567262846952482,-2.6487933458275132,-0.31359341008205405,-2.394526453373041,4.540467135209382,2.03877606101052,1.7989968760605501,-2.572444657211128,4.3070612778853805,-0.6816885083086169,4.48386012369897,2.144864176055003,0.7513600126371047,6.144635383758741,0.9273746837907239,-5.370295599562965,4.23534838597748,-0.17840850830241198,2.4472046253057287,3.1086535388685537,2.9045604539578056,0.5016191666527259,-1.5837328432288025,-0.2670972313721568,3.8310114366926973,5.377467786283682,1.0961709396467072,0.8040145528596498,2.076511016323926,-0.6452372142482232,0.40676613751837487,-0.6739657738749969,-1.3110757594295066,1.225498952570731
-0.4025738064863869,0.18645420251001715,0.4634803207226799,0.08414706198323489,-0.24417038061174848,0.3952460890383969,-0.4083817890328701,-0.14133620743010786,-0.18397675953334777,-0.4389055460176322,0.6372480513956919,-0.12143683177907477,0.20907047372173074,0.6820805692392824,0.4824872715619528,-0.2106859680539308,0.6974238055294427,-0.42080789126561274,-0.3938424034621993,0.3641324366025191,-0.20188388178807426,0.09607179770518932,-0.2955122318438943,0.30634465569327524,0.2542052422970614,0.5064543205851736,-1.047567296834199,-0.5584492039591988,-0.476772038000856,0.29165591948932584,-0.6816885083086169,0.1894179741879898,-0.9930141267104146,-0.12626046954407072,-0.43265544623817453,-1.1261121067630904,-0.08729509951476071,0.639290229515913,-0.6103848023700367,0.23364959771838759,-0.2833702376318018,-0.11116434161434259,-0.3550417984556073,-0.2417546339092786,0.42351429092612763,0.08697407730454076,-0.7324773644758815,-0.7164461427790052,-0.4121780468694903,-0.441135919762138,-0.1421776541639217,0.3722623586910564,0.06649718905146161,0.04704121760433037,0.18480402383167194,-0.21900867764210075
2.464907197507395,-1.1848294488539965,-2.516928062176301,-0.44208486158542626,1.516726097271352,-2.4260079696248207,2.4129280747206043,0.6363688101863719,0.47325127975771486,2.5566383292406414,-3.9124887479666355,0.22202936383055963,-1.41377130836577,-4.012312043296293,-3.2079211598811255,1.6957122556034612,-4.269689569451142,2.828037459829423,2.4388990832049817,-1.846593820905263,0.7500854426355993,-0.5701211860277832,1.8449292947751361,-2.046409038185142,-1.1946038221282,-3.051183649410837,6.211249928728577,3.1896468947237815,2.7496129910735445,-2.0649468339729147,4.48386012369897,-0.9930141267104146,5.874731244968591,1.2131986153444339,2.2517561464852585,6.963282337823697,0.6170971899550584,-4.613859395049801,3.936521896521414,-1.0576463245576666,2.000203545501947,1.424430151501954,2.4320020561261764,1.2515218626360651,-2.411038544737526,-0.48163837722974295,4.446130377478186,4.826532371331682,2.274716068265746,2.3051548287853008,1.3331842352068808,-1.900383526678565,-0.17890166591674334,-0.39262300788358573,-1.2934141535698394,1.3441143747606399
0.7789066830056158,-0.3908716937719038,0.20518646257834725,0.48599029746370537,0.4282004545563951,-1.0109596856355747,0.20553899367419565,-0.5393679151361734,-2.7451262000185723,0.4157231785751356,-1.007061126782936,-1.9723840581511483,-0.7722869506238468,-0.38825298372178974,-1.8846192560129624,1.8153333262179463,-1.3715570890284658,1.6512838483630996,1.4680481766502067,0.18082467495251955,-1.2118656581503715,-0.5482764940868877,0.7403501408857044,-2.0032162562209868,0.5852265366487506,-0.7020541174820459,0.9522362650885905,0.11609777608725957,0.11261399774330624,-1.8507102258660622,2.144864176055003,-0.12626046954407072,1.2131986153444339,2.0271712163666353,-0.8870206531477363,2.6034053569996876,0.8166840140769294,-3.538311220612299,2.5577251312117273,0.6601652197799956,1.7125551759199036,3.154361206724491,2.04856633455173,-0.38160695718300414,-0.14143936315018085,0.046705627666398214,1.5450332216883391,3.4096029231796114,-0.4589439985281163,-0.8868028932445475,1.7545487644252908,0.792505520087425,0.7287368577602554,-0.6073626763335646,-0.6896143942851132,0.5520362612534194
0.7321474356248043,-0.32531765226762216,-1.525414001642957,-0.6464889492579188,0.4907887965911421,-0.4933480261492292,1.1861382292740772,0.7744085274907072,2.482613377324703,1.012793964619698,-1.3254345602253133,1.6908545298534532,-0.16759004802511537,-2.0041048018714456,-0.28432232810403985,-0.47209912352177946,-1.2706185349793546,0.2523394848413164,0.13029517333716892,-1.1022688299146404,1.3686277771515978,0.1373721075687473,0.4283111332733949,0.5278024025690061,-1.102440488918644,-1.100350390335454,2.625599611464332,1.7023513974990843,1.4037809438417665,0.35884959489622753,0.7513600126371047,-0.43265544623817453,2.2517561464852585,-0.8870206531477363,2.012208013207473,1.7101465425587343,-0.2974927912981287,0.2833250761148661,0.02262283628837601,-1.07789356628928,-0.29813563400188486,-1.758668278528514,-0.25701393135537753,0.9948977348651226,-1.219864074523392,-0.3018848608519915,1.1794929831759153,-0.09522670255002032,1.6295398912601928,1.995089479638832,-0.655344900478393,-1.6175848952707292,-0.6810405425520046,0.2967591461991598,-0.1433031276762087,0.27060169928399624
3.105695637597721,-1.5125608234889254,-2.499297787491675,-0.13116995187646746,1.878250828458721,-3.240077363265772,2.64637721048583,0.29215109186840954,-1.3832576008184745,2.9897963425645244,-4.787040396220934,-1.1050788763100163,-1.996652358529732,-4.388384791211924,-4.619200532921047,2.977131955513485,-5.379562281658309,4.067198891298464,3.5605668245887463,-1.8278921977492946,-0.03723053321710109,-0.9713861654079274,2.4234657301089726,-3.5209962321021444,-0.8574049161423201,-3.6786187957815963,7.151757247200555,3.37943105980101,2.9674903344328736,-3.4194742556138125,6.144635383758741,-1.1261121067630904,6.963282337823697,2.6034053569996876,1.7101465425587343,9.064803726120942,1.1828012792634106,-7.229769725849953,5.897623078460253,-0.6657648249342277,3.2718612545382726,3.646654557973542,3.9022113621025594,1.0461320800812632,-2.6047446576961466,-0.47439433448500135,5.707599907412157,7.377079517007726,2.057424468686041,1.7903278944198442,2.585363214090024,-1.4837104885241084,0.31521973729359337,-0.8357324344922953,-1.8308964780070467,1.7993980453530143
