V1,V2,V3,V4,V5,V6,V7,V8,V9,V10,V11,V12,V13,V14,V15,V16,V17,V18,V19,V20,V21,V22,V23,V24,V25,V26,V27,V28,V29,V30,V31,V32,V33,V34,V35,V36,V37,V38,V39,V40,V41,V42,V43,V44,V45,V46,V47,V48,V49,V50,V51,V52,V53,V54,V55,V56
0.5594070527939394,-0.2755157557901146,-0.2680587404284166,0.08883424878843424,0.3290908526752085,-0.6295346444442846,0.3731730115062656,-0.08536554060348842,-0.7763290965900732,0.469740953553318,-0.8206812105375306,-0.5707750301412514,-0.4171726926293722,-0.6234298145877777,-0.9895859324489286,0.7654086133846852,-0.971025460180231,0.8686222349743888,0.7687272100735302,-0.190118508974844,-0.2698227710113034,-0.24237384829295558,0.4631474541948922,-0.8817547007910085,0.020550632707955208,-0.616540473710672,1.1030279326607535,0.44152170343580344,0.39994334008404747,-0.8327409383512312,1.2375938807247904,-0.1690958373879456,1.1357968165130041,0.763742825390652,0.013886743447319168,1.7063242639566243,0.32368398704826656,-1.680742783688544,1.302042736623783,0.06165260381134252,0.7872011582208648,1.1493697888738392,0.9327181866162868,0.04695378099453669,-0.3535579220752616,-0.050313406070006686,1.053099671889558,1.6736386014126075,0.15467349254467577,0.025752162514807917,0.7088378593847937,-0.016658698925689126,0.20192317710522495,-0.23836750677292237,-0.380210495108787,0.3501254933589362
-0.2755157557901146,0.13914964354536735,0.09576794087212541,-0.06848594237092423,-0.16121189384320628,0.3193321291179536,-0.16491568535240064,0.064944567568714,0.49035779538882546,-0.21971760578574465,0.4001636954755629,0.3559593198368356,0.22071752766530486,0.2726254860410054,0.5185173682594738,-0.42648262907982415,0.47934834981758995,-0.4582393383477823,-0.40394093374921547,0.0669998165646236,0.18952726562412195,0.1305980901757442,-0.2361069487011288,0.4849453574812571,-0.0469048352581604,0.2939408748521163,-0.5128909792029167,-0.18630882692000253,-0.16715921656842922,0.45762249261880283,-0.6427823188588944,0.07365226801651231,-0.5373444342506267,-0.43580676890281816,0.05581640654983689,-0.8586733607889634,-0.18193420825977658,0.9092021762950709,-0.6974826797972785,-0.0659564865317763,-0.4293439449735134,-0.6702062190215347,-0.503881497919987,0.006850959711025747,0.1534946938304876,0.0157669834835129,-0.526100961332079,-0.8929868484731298,-0.03481085111459021,0.04504094485753311,-0.3996934648902819,-0.04086081862677904,-0.1260511621536872,0.13850846872289765,0.20367003159351332,-0.17538735847031808
-0.2680587404284166,0.09576794087212541,1.604787656928148,0.8883318257395167,-0.23091363565848583,-0.08495117538705792,-1.0272395485945083,-1.0682467365540693,-3.9470590638954173,-0.76033525641551,0.7158758856540565,-2.757821463379678,-0.2761304923235272,1.7003940176738759,-0.8004018975822627,1.495856715499244,0.4529001724294836,0.6951909562064211,0.6863395033436529,1.1992110073986237,-2.0212534387773853,-0.43452135478486964,0.0010946373688643504,-1.6214145112293374,1.4124352258665487,0.6681909579711192,-2.0131239337679356,-1.582268739775039,-1.2927288101379644,-1.3865960773921668,0.4900392291991326,0.3570565812873707,-1.5023769723300684,2.019376909943208,-2.4380835830114074,-0.195083245754358,0.7454927405350937,-2.2907545937914002,1.389716631414541,1.4363710659981617,1.2521858620524935,3.4879212604176044,1.4118691405099986,-1.181217449869563,1.1072166136225345,0.3162433712145583,-0.2822523398793717,2.0189287208112927,-1.8357212014931528,-2.435022239438545,1.6414009989849183,2.029410808051784,1.079717769974498,-0.6214202417426153,-0.24975027531028762,0.047462613314553204
0.08883424878843424,-0.06848594237092423,0.8883318257395167,0.6175659396253336,0.004134620191623475,-0.35163934316086026,-0.4819317323581328,-0.7060749385821665,-2.8794012425466478,-0.25723347096090604,0.07283962520280522,-2.0165056327576623,-0.3702370747238847,0.8012602346830838,-0.9624912681557863,1.3025771460621782,-0.1633349276769627,0.8437542510725712,0.8062853243859861,0.6530500279905292,-1.4049014663591766,-0.3947111386046388,0.21997785528106717,-1.4573654252033954,0.8986140695465326,0.1408596466027618,-0.760447020735277,-0.7973076501514946,-0.6424767876834103,-1.2764348275000224,0.8855892010488331,0.14258196572014226,-0.4213893377481318,1.6336805760240125,-1.5513686313632595,0.676596110859286,0.6305293766952801,-2.227676609146339,1.5148292816122126,0.9279556994855471,1.1650545037116418,2.7528312331936524,1.3313260559963802,-0.7285020800108728,0.5333517638722668,0.18100339617917652,0.32026453956635154,2.061088353934883,-1.096091034487322,-1.5335834899585181,1.3627455999892866,1.275681704069988,0.7724827110365002,-0.5135940096535281,-0.3378498369954983,0.19165355723422833
0.3290908526752085,-0.16121189384320628,-0.23091363565848583,0.004134620191623475,0.19803838386202766,-0.3495966409308267,0.2637712959829078,0.005838065879135875,-0.23760397215122045,0.30250854613627,-0.5006554727283166,-0.18306179311185528,-0.22295502563303207,-0.4394847958081267,-0.5186056389975605,0.35874474397821304,-0.5708676474709464,0.45660575909039314,0.39620160273916377,-0.16432490336571837,-0.05290942224904107,-0.1125203595604924,0.2616973662955546,-0.4124710343555734,-0.05726168567997458,-0.3815087438920633,0.7254893020358623,0.3297184698722426,0.2904751314886138,-0.39991425775847134,0.6765979053161983,-0.11092277193349658,0.7160494280152172,0.33022641690655646,0.13107894552262003,0.9720648183697989,0.14404847785615763,-0.8363477123332228,0.6625670425505975,-0.0355571240078303,0.38078646300822394,0.47405658637688747,0.4540934998357952,0.08528529451377032,-0.2554684973043927,-0.043989075711613264,0.6071992502704799,0.8413506116855144,0.18111531557448693,0.1380788730901029,0.3194949238508007,-0.11087685261764564,0.059472356338245554,-0.10313283602439052,-0.20423136357389746,0.19396770160185334
-0.6295346444442846,0.3193321291179536,-0.08495117538705792,-0.35163934316086026,-0.3495966409308267,0.8152115262004219,-0.19194137366967,0.3865201163414603,2.0230339789928524,-0.3923576515691283,0.8372589020333719,1.4444137600719091,0.5935816009594183,0.3212029956923189,1.447975861982387,-1.348993025104687,1.0952717318461274,-1.2688408424120192,-1.1530916952115113,-0.06747338715977587,0.8680119606235432,0.42368945271668224,-0.5806206468908406,1.544386885299436,-0.39361784766338154,0.5952048047519498,-0.8489335819468297,-0.13214317811255671,-0.15799163705603586,1.412835972443472,-1.6755127477545022,0.12247498694501854,-1.027154297117485,-1.4861718374182515,0.6332186498367481,-2.089466458250914,-0.6051428355449118,2.7043129813007005,-2.011850137146685,-0.4501864028530882,-1.319801206710262,-2.3625805990788633,-1.5418744486647733,0.2529615369422924,0.1506941562257739,-0.021134290361859483,-1.2495590996448422,-2.6332556266211626,0.2948759682228075,0.6137921408102027,-1.316336305432965,-0.5115311056679125,-0.5369102563266763,0.4661781425925452,0.5405522259350847,-0.45335590193558845
0.3731730115062656,-0.16491568535240064,-1.0272395485945083,-0.4819317323581328,0.2637712959829078,-0.19194137366967,0.7439864061852102,0.5840064076329532,1.9809904546676151,0.6176982054569872,-0.737307456724267,1.369152611931522,-0.008013805776862717,-1.235744061853879,0.07283475840528186,-0.5564306524014839,-0.6422622948322484,-0.05704955500559637,-0.10540782703779136,-0.7554015988346042,1.054319901804569,0.16305208670208157,0.18187398682413858,0.6027903097699217,-0.8003973612094977,-0.6258234687892366,1.5969211329971738,1.090542746911333,0.9008087811493407,0.47589657690760667,0.20888361224641344,-0.2649856244430403,1.3096658682381186,-0.8618322697078742,1.4170448520763625,0.7763988176319562,-0.3058766982819451,0.6564155251542877,-0.30307863361458526,-0.7986537025425012,-0.41747473159278486,-1.5622328420994067,-0.45161921291069484,0.6985195651009477,-0.7784738590094408,-0.20123231526299967,0.5700343158823771,-0.5163293409193993,1.1246268458962245,1.419382559168493,-0.6642404943953817,-1.173570876143429,-0.5449309210593017,0.26683896666638,-0.009941248146223977,0.10482010790940693
-0.08536554060348842,0.064944567568714,-1.0682467365540693,-0.7060749385821665,0.005838065879135875,0.3865201163414603,0.5840064076329532,0.8566493123080053,3.354793984046632,0.3320065548593053,-0.1232519519288494,2.361340457784564,0.41378173890460584,-0.95991960850386715,1.1079090266832103,-1.5064306590864909,0.15457363836166343,-0.9603784197905276,-0.9076131409684643,-0.8070929321915484,1.649313110745889,0.45308466552342413,-0.23183502210281332,1.6649172163025936,-1.0688202531920208,-0.18327246566128616,0.9576380098213637,0.9693035256526921,0.757598711310434,1.4587490897991224,-0.9897138698697765,-0.17751711717862587,0.5502282690937882,-1.902465034303726,1.8186048292926258,-0.7212466646330118,-0.7216441550749834,2.5724645097281593,-1.6945988713355093,-1.1128574281378225,-1.3403932914697945,-3.1979142411951083,-1.53650355099967,0.860085663909971,-0.6565707935026178,-0.20729094628192693,-0.32208483842458824,-2.374130108032928,1.3022543599460348,1.8192469815210495,-1.5936252733248466,-1.5143330116479303,-0.9201380300756525,0.5820718899207133,0.3719571243491049,-0.22081511144231727
-0.7763290965900732,0.49035779538882546,-3.9470590638954173,-2.8794012425466478,-0.23760397215122045,2.0230339789928524,1.9809904546676151,3.354793984046632,13.782099627037582,0.900988607479705,0.1924961591194224,9.691193947866314,1.9754675284337133,-3.2763790118934057,5.105137713888078,-6.5193408865111415,1.3843781006591602,-4.463602641117635,-4.194568999199579,-2.9451218869607407,6.6752308256003205,1.9690251708170523,-1.3040203452733752,7.264929420384336,-4.184550483872467,-0.24113998380077661,2.817497346710251,3.410098048004175,2.6866399072395963,6.414826721238254,-4.892260293949505,-0.5601233175306489,1.2239912037927794,-8.051938076877827,7.138061778273639,-4.215150637316033,-3.1058322396970532,11.404030576344976,-7.7754141519020585,-4.361670822866096,-5.88618498963662,-13.457641012717726,-6.754877006977158,3.3349779838899987,-2.2530768893470867,-0.7927325739713259,-2.1376041387965476,-10.61313688720967,4.963103080628003,7.077336629873227,-6.7803809770940955,-5.896800994095945,-3.722739469195504,2.5058658368457025,1.7968687302327389,-1.1205957195756926
0.469740953553318,-0.21971760578574465,-0.76033525641551,-0.25723347096090604,0.30250854613627,-0.3923576515691283,0.6176982054569872,0.3320065548593053,0.900988607479705,0.5928654656080506,-0.8074613635400102,0.6142208699254816,-0.1789992400765245,-1.0206927546481164,-0.36876530409667224,-0.03163934101019455,-0.8101932327809213,0.32792142369173743,0.2704436011089803,-0.5673130934432193,0.5501501182308935,-0.006864159730376926,0.3095594145470019,-0.010639327605116143,-0.4985548530690084,-0.6524614748214115,1.4655606555219811,0.8638313747420717,0.7320249147786541,-0.058852689843259844,0.649583134484983,-0.24326820580789274,1.301462041173657,-0.22308256586951358,0.8824552968174328,1.2130294823530092,-0.05217629843164658,-0.293502955595292,0.38004441083382895,-0.48169243254662497,0.07635161111526508,-0.4885140168068802,0.1109077842996369,0.4570343562510733,-0.6364106642067026,-0.1466005564824276,0.8086951801884783,0.39005029695503174,0.7643347086728594,0.8947667383233511,-0.12170495452966276,-0.7477036929095765,-0.25659459062024165,0.06131795519853949,-0.16580351540302332,0.2174298996504199
-0.8206812105375306,0.4001636954755629,0.7158758856540565,0.07283962520280522,-0.5006554727283166,0.8372589020333719,-0.737307456724267,-0.1232519519288494,0.1924961591194224,-0.8074613635400102,1.280854030433819,0.17304366151951722,0.5132793808067716,1.2241785410076416,1.1727311649866057,-0.7211162213868179,1.4230359238502812,-1.0358303099538027,-0.8929487951003042,0.5192859494258868,-0.06882670742525063,0.22984746624571523,-0.6339590677347263,0.8426487256044806,0.27732929981900056,0.9856063301360651,-1.9526467770477656,-0.9522301279632606,-0.824687408379224,0.8343185694343542,-1.5889205365573136,0.302854455304006,-1.8777397732582708,-0.5997226440400725,-0.5506262502774809,-2.36985596227336,-0.2768556737599486,1.7965279064132362,-1.474483231481487,0.2295073795381027,-0.7991866559416881,-0.8075738783641323,-0.9584729941812673,-0.32054144275329943,0.7273817799258373,0.13541606871476045,-1.4973785077321782,-1.8349054103242963,-0.6168193678980904,-0.5720438203955296,-0.6099693314955184,0.46762713427239816,-0.035497477806390676,0.1918671696124545,0.4721004262367817,-0.462550407443456
-0.5707750301412514,0.3559593198368356,-2.757821463379678,-2.0165056327576623,-0.18306179311185528,1.4444137600719091,1.369152611931522,2.361340457784564,9.691193947866314,0.6142208699254816,0.17304366151951722,6.820384257168365,1.404229665860426,-2.2601488739268967,3.6281914400276642,-4.608474772220664,1.0163805222058944,-3.170821835131991,-2.9690715191173584,-2.0665638661031913,4.694485971721254,1.3881541241570283,-0.9340770884999178,5.124156757140433,-2.9387711124266933,-0.13907397095474394,1.9261693927851304,2.370018851605302,1.8615654520032006,4.531340038313616,-3.488225088842627,-0.3879692209686176,0.8073755641119332,-5.68315152967981,4.997491403662187,-3.030394327486822,-2.189334479883763,8.07732999167424,-5.496777583671019,-3.067266417796827,-4.160599231361853,-9.485689123122771,-4.778784416084771,2.335619193595602,-1.5652461069810708,-0.5517657059804612,-1.5422959474060638,-7.51689211199725,3.470430013024972,4.9598878565282325,-4.791012842397273,-4.136548768482647,-2.6223236760653896,1.7634750150412,1.2762986180008598,-0.801786414857113
-0.4171726926293722,0.22071752766530486,-0.2761304923235272,-0.3702370747238847,-0.22295502563303207,0.5935816009594183,-0.008013805776862717,0.41378173890460584,1.9754675284337133,-0.1789992400765245,0.5132793808067716,1.404229665860426,0.4703250852785647,0.015044767583820763,1.1491741327733074,-1.1783134373513524,0.7300912968131094,-1.011395586541087,-0.9131659184633277,-0.214093895360702,0.9003836946219645,0.3553507158161266,-0.4217908274493972,1.3181678249316848,-0.47650911080628267,0.3380126129424699,-0.35276152405189093,0.10743447197730133,0.06229794020349724,1.2030293119428699,-1.2822266197868961,0.03319236766521312,-0.54074662274173535,-1.3422227119839534,0.7772495768815483,-1.477776760756004,-0.533786952405771,2.259511344533526,-1.6308576542569455,-0.5176034272579393,-1.1146839018376709,-2.1669819767407086,-1.2950679799332898,0.34087864262823664,-0.034308918833728635,-0.05982318314233951,-0.8604645199683111,-2.156792492332223,0.44985498462193385,0.7588332002021474,-1.1698805866710582,-0.639903123362946,-0.5258350365119665,0.419680347619389,0.43126428280105206,-0.3261596278755074
-0.6234298145877777,0.2726254860410054,1.7003940176738759,0.8012602346830838,-0.4394847958081267,0.3212029956923189,-1.235744061853879,-0.95991960850386715,-3.2763790118934057,-1.0206927546481164,1.2241785410076416,-2.2601488739268967,0.015044767583820763,2.0607342760277785,-0.10765936793590891,0.9125379223536317,1.0735756058362977,0.08668847043405016,0.17094479631981446,1.2445444453767123,-1.743771792183829,-0.26750858105814124,-0.303443206611607,-0.9956177695281967,1.3232001564675102,1.041938619163989,-2.6467565986023556,-1.8098829516731323,-1.4972197686671098,-0.7845617147090075,-0.3532393811305056,0.44074323361674955,-2.1766309578487983,1.4145416886866986,-2.353780310617513,-1.2962167096261834,0.503365744961835,-1.0717342346767216,0.5047843698051097,1.316694861264832,0.686892112707813,2.579929077851646,0.7344997090950107,-1.1579617718504251,1.2897583654011475,0.3355877014468461,-0.9488983831335528,0.8389976516006269,-1.86268041195398,-2.349287333725705,1.0912842231405793,1.9372009501588126,0.8969454491134626,-0.44479872492972883,0.014248895570076367,-0.1772424449262874
-0.9895859324489286,0.5185173682594738,-0.8004018975822627,-0.9624912681557863,-0.5186056389975605,1.447975861982387,0.07283475840528186,1.1079090266832103,5.105137713888078,-0.36876530409667224,1.1727311649866057,3.6281914400276642,1.1491741327733074,-0.10765936793590891,2.851356948467965,-2.9629311501462645,1.7288326505453986,-2.496557977875493,-2.272354690405348,-0.6189049778907559,2.334197388061456,0.9052958902823223,-1.0124597220301514,3.3271160334234318,-1.26393748135121,0.7682398915218825,-0.669006636978998,0.40210926175460604,0.24447788349027547,3.0163133181553756,-3.124407656180151,0.06157929491464585,-1.1823131053948912,-3.4119238664082996,2.075678029110113,-3.5568313518474013,-1.3516502059727484,5.6464296082730865,-4.044594173310464,-1.373993586933015,-2.800118687646755,-5.521666619863605,-3.2566180980516095,0.9176302086480754,-0.18386051393683694,-0.16363875672220496,-2.0560186067783555,-5.397476923957161,1.2482175681078098,2.046804410459081,-2.964048084911376,-1.7167173768474708,-1.3726707276062498,1.0575865205700918,1.0453641068189223,-0.8050209524790263
0.7654086133846852,-0.42648262907982415,1.495856715499244,1.3025771460621782,0.35874474397821304,-1.348993025104687,-0.5564306524014839,-1.5064306590864909,-6.5193408865111415,-0.03163934101019455,-0.7211162213868179,-4.608474772220664,-1.1783134373513524,0.9125379223536317,-2.9629311501462645,3.4065924742331353,-1.3472248062796894,2.5974108866776398,2.3845629130837325,1.134502034651951,-3.0891974495642587,-1.0243987837581434,0.9211470129357614,-3.790150960252393,1.8250384799267754,-0.3705503899339966,-0.35435079393221414,-1.1183185643948692,-0.8502717011915636,-3.401397877110136,3.071383683229478,0.12039048000992852,0.34879405399223723,4.0608805296651855,-3.0535265363684427,3.126279254105277,1.5836417159945007,-6.2148629753919,4.33727927600461,1.9317478386876044,3.136175696121412,6.678540258252573,3.624274001453289,-1.4005787654190889,0.6936699050597389,0.303946287650078,1.7267364925229072,5.849401327730685,-2.0087120913933325,-3.0183365609789563,3.4717043378385752,2.529797890892704,1.7553786602033394,-1.260568031089269,-1.074562940295838,0.7451105977106094
-0.971025460180231,0.47934834981758995,0.4529001724294836,-0.1633349276769627,-0.5708676474709464,1.0952717318461274,-0.6422622948322484,0.15457363836166343,1.3843781006591602,-0.8101932327809213,1.4230359238502812,1.0163805222058944,0.7300912968131094,1.0735756058362977,1.7288326505453986,-1.3472248062796894,1.6868271363087979,-1.5190043177108294,-1.3428490021047192,0.3209196473065016,0.48796273769868465,0.42440689023593825,-0.8075612063299122,1.5476183994891626,-0.04832906121892629,1.0661153934579375,-1.904742522503309,-0.7579797847261991,-0.6826253988991108,1.4623004370850936,-2.1603118856666113,0.2900648422144302,-1.9646096556230934,-1.3481123259235164,-0.00417367634517369,-2.9679818550837984,-0.5707396177629144,2.945285499150653,-2.278976899945024,-0.11891256455433004,-1.3800871423695085,-2.030481065085216,-1.6357492360843842,-0.07130648854958305,0.6078455930850674,0.0837739441200237,-1.8307362599842993,-2.9277474137359056,-0.25501369981655925,-0.026220861280236346,-1.2474467668567866,0.010752559868532512,-0.35859147738732444,0.4210117259208357,0.6658173006882137,-0.6074587624256761
0.8686222349743888,-0.4582393383477823,0.6951909562064211,0.8437542510725712,0.45660575909039314,-1.2688408424120192,-0.05704955500559637,-0.9603784197905276,-4.463602641117635,0.32792142369173743,-1.0358303099538027,-3.170821835131991,-1.011395586541087,0.08668847043405016,-2.496557977875493,2.5974108866776398,-1.5190043177108294,2.190479674766584,1.9895003749812057,0.5361833761722419,-2.0433783318466796,-0.7893789088155103,0.8915255224734069,-2.912140778050036,1.104636099371597,-0.6748988740650385,0.6025861727207554,-0.34194264197343816,-0.21393173462402346,-2.6445141828078973,2.74614599461743,-0.05199096767064175,1.0448834335684112,2.985768692238677,-1.8137973552409052,3.1233235087873186,1.1836350170409342,-4.94797168901381,3.5504474681384846,1.197743323224281,2.4520895412842956,4.833882756774038,2.849177876611125,-0.8018361940155375,0.1529757408026686,0.14499246600048307,1.8068454721587992,4.723289197508333,-1.0846164358253518,-1.7821390762165374,2.594185916567883,1.496965226617646,1.1955218858605525,-0.9290992340745762,-0.9231151836446011,0.701934080074819
0.7687272100735302,-0.40394093374921547,0.6863395033436529,0.8062853243859861,0.39620160273916377,-1.1530916952115113,-0.10540782703779136,-0.9076131409684643,-4.194568999199579,0.2704436011089803,-0.8929487951003042,-2.9690715191173584,-0.9131659184633277,0.17094479631981446,-2.272354690405348,2.3845629130837325,-1.3428490021047192,1.9895003749812057,1.8368351695836638,0.5101304748949733,-1.9102727244598974,-0.7417466810646957,0.7993986759691252,-2.7103994304572394,1.0399300727158796,-0.5775269852177775,0.44761229523699375,-0.38270199525910026,-0.24768260322802213,-2.4395364447351895,2.4735429641691327,-0.04522014726889186,0.8769201119309558,2.761123607919992,-1.7438765113385215,2.8037428447987085,1.101496737208112,-4.526388560971651,3.271887549284542,1.124472767461468,2.261679723948505,4.491024776124238,2.624363513738162,-0.7686744901880723,0.18610661029405978,0.14316405817249228,1.6206858617498414,4.339537151033489,-1.0625728901613938,-1.7128575337746594,2.3886871848163187,1.4252883805004528,1.1201805917652279,-0.8653839004530103,-0.8304467028820199,0.6399236570040284
-0.190118508974844,0.0669998165646236,1.1992110073986237,0.6530500279905292,-0.16432490336571837,-0.06747338715977587,-0.7554015988346042,-0.8070929321915484,-2.9451218869607407,-0.5673130934432193,0.5192859494258868,-2.0665638661031913,-0.214093895360702,1.2445444453767123,-0.6189049778907559,1.134502034651951,0.3209196473065016,0.5361833761722419,0.5101304748949733,0.9119801868375347,-1.5185133808976674,-0.32026545835319303,0.006066138384823588,-1.2050481993777502,1.0631461219883742,0.4863497356174741,-1.4859312166386651,-1.1725656050155298,-0.9528776886181352,-1.0408249808511365,0.39021026917731927,0.2711142504514673,-1.1063337681925418,1.5243261145316935,-1.8090905906596073,-0.12457350670055277,0.555447658326215,-1.7468571359632363,1.0327307633156928,1.0852595653429495,0.9428652769907658,2.6187831691552077,1.06718982761303,-0.8809573466496159,0.8237201331759902,0.23279958495184222,-0.2029744770526078,1.5303993772747564,-1.3630326597422378,-1.8148474404816624,1.2458480490288708,1.5197797955121253,0.8138404231626433,-0.4605811930179452,-0.19308924473800754,0.03993838508120954
-0.2698227710113034,0.18952726562412195,-2.0212534387773853,-1.4049014663591766,-0.05290942224904107,0.8680119606235432,1.054319901804569,1.649313110745889,6.6752308256003205,0.5501501182308935,-0.06882670742525063,4.694485971721254,0.9003836946219645,-1.743771792183829,2.334197388061456,-3.0891974495642587,0.48796273769868465,-2.0433783318466796,-1.9102727244598974,-1.5185133808976674,3.2692453089313682,0.9177609042497801,-0.5530402966216484,3.409093678266642,-2.083940564247791,-0.2472748905747883,1.6220978658665859,1.7805044966970442,1.4174343375011669,3.0115154702441056,-2.1849986759817916,-0.32345265371664617,0.84523035653802,-3.8466335542677883,3.542960577452068,-1.736590922450063,-1.4710812691643866,5.329756097263184,-3.5781450119829965,-2.1632370020903084,-2.757868630132298,-6.448924440976736,-3.158626266703201,1.668356323881744,-1.1916911656264344,-0.4048293497141713,-0.8372066693018995,-4.9188708355933155,2.490814454101251,3.5160658089876424,-3.2304428990321923,-2.9368027162270627,-1.8075643801106192,1.1931052627760053,0.8215059516858771,-0.47906343193271106
-0.24237384829295558,0.1305980901757442,-0.43452135478486964,-0.3947111386046388,-0.1125203595604924,0.42368945271668224,0.16305208670208157,0.45308466552342413,1.9690251708170523,-0.006864159730376926,0.22984746624571523,1.3881541241570283,0.3553507158161266,-0.26750858105814124,0.9052958902823223,-1.0243987837581434,0.42440689023593825,-0.7893789088155103,-0.7417466810646957,-0.32026545835319303,0.9177609042497801,0.32061195245135504,-0.28377993046390826,1.1652321443973117,-0.5355342659949331,0.12674050426914113,0.08477343793524313,0.3277725557460354,0.24094889355915125,1.0346669579418541,-0.9344438119387943,-0.0219324627229668,-0.1338501378186958,-1.2236830541787205,0.9130164073921857,-0.9769850514886915,-0.4830236686768492,1.881534573785965,-1.3342130316835297,-0.5697132283594276,-0.9563506215057082,-2.015032148168229,-1.1062281102279194,0.4136479378474962,-0.19969383766936288,-0.0876563164314474,-0.5457151970838424,-1.7912584371453641,0.6007343353348374,0.9036055535818839,-1.0441948148891056,-0.7492809981380969,-0.5294211327873318,0.3820453647196004,0.3209742375137191,-0.23670612225157955
0.4631474541948922,-0.2361069487011288,0.0010946373688643504,0.21997785528106717,0.2616973662955546,-0.5806206468908406,0.18187398682413858,-0.23183502210281332,-1.3040203452733752,0.3095594145470019,-0.6339590677347263,-0.9340770884999178,-0.4217908274493972,-0.303443206611607,-1.0124597220301514,0.9211470129357614,-0.8075612063299122,0.8915255224734069,0.7993986759691252,0.006066138384823588,-0.5530402966216484,-0.28377993046390826,0.42132274887317794,-1.0453046721995403,0.23319389450193437,-0.45219324732579,0.6946163744108482,0.16178234052247692,0.1586483426010733,-0.9668094037600891,1.1958394422755305,-0.0967780535896573,0.7979166102770311,0.9971206608086833,-0.3615852098547948,1.5120850800269579,0.4078744862794697,-1.8656932682781948,1.3961306587804079,0.2705532562984487,0.9015787506827351,1.5709851080725832,1.0558018861138687,-0.13860076738148244,-0.15448664962946476,0.005504151076105086,0.9101754525979483,1.814265022994139,-0.1380847182457477,-0.3443498031659303,0.8877926381935997,0.2930922908160851,0.3418096955748031,-0.31371834325118786,-0.3862771165954823,0.3193967065059126
-0.8817547007910085,0.4849453574812571,-1.6214145112293374,-1.4573654252033954,-0.4124710343555734,1.544386885299436,0.6027903097699217,1.6649172163025936,7.264929420384336,-0.010639327605116143,0.8426487256044806,5.124156757140433,1.3181678249316848,-0.9956177695281967,3.3271160334234318,-3.790150960252393,1.5476183994891626,-2.912140778050036,-2.7103994304572394,-1.2050481993777502,3.409093678266642,1.1652321443973117,-1.0453046721995403,4.27522903418862,-1.99610859878093,0.4505298095528898,0.32450108486114004,1.2150792748646446,0.9107840568285986,3.8146853212155167,-3.4523104920700463,-0.10261011966366983,-0.4654394794335445,-4.517650247673182,3.383089416016691,-3.5733799647462443,-1.7764198349267992,6.945424732483359,-4.906946670900335,-2.1156785276434147,-3.5202876288180014,-7.443446947483259,-4.064237539749872,1.5387391164890838,-0.7426826193415135,-0.33126639272360625,-1.9898971844554405,-6.578239624925434,2.2180165875798403,3.337725164724822,-3.8600096514012794,-2.7779300271492593,-1.9490778299439504,1.4133932894179337,1.1993671036974252,-0.855868016736343
0.020550632707955208,-0.0469048352581604,1.4124352258665487,0.8986140695465326,-0.05726168567997458,-0.39361784766338154,-0.8003973612094977,-1.0688202531920208,-4.184550483872467,-0.4985548530690084,0.27732929981900056,-2.9387711124266933,-0.47650911080628267,1.3232001564675102,-1.26393748135121,1.8250384799267754,-0.04832906121892629,1.104636099371597,1.0399300727158796,1.0631461219883742,-2.083940564247791,-0.5355342659949331,0.23319389450193437,-1.99610859878093,1.3729143952487837,0.336426715537612,-1.3842962557060081,-1.3008049171824696,-1.046583571548266,-1.7505466051937524,1.093710851428315,0.26318845675125757,-0.880311827127145,2.3259347149698377,-2.339948087424406,0.6624249305883565,0.8779548052251783,-3.047539703909977,1.985889553970727,1.415302015428988,1.5973831703887316,3.9325595012888725,1.8222260682408418,-1.114817622953953,0.8883866062407528,0.28038863215384824,0.2521533880193621,2.7750228648559956,-1.6875794242175557,-2.329093157021661,1.9359928963910005,1.945960650360579,1.138792669673408,-0.7177625138058208,-0.4342330582312491,0.21771560439549056
-0.616540473710672,0.2939408748521163,0.6681909579711192,0.1408596466027618,-0.3815087438920633,0.5952048047519498,-0.6258234687892366,-0.18327246566128616,-0.24113998380077661,-0.6524614748214115,0.9856063301360651,-0.13907397095474394,0.3380126129424699,1.041938619163989,0.7682398915218825,-0.3705503899339966,1.0661153934579375,-0.6748988740650385,-0.5775269852177775,0.4863497356174741,-0.2472748905747883,0.12674050426914113,-0.45219324732579,0.4505298095528898,0.336426715537612,0.7748950366184474,-1.5894902245302867,-0.8315340974978879,-0.7222225242502548,0.4627651631979709,-1.0882316494387214,0.25559059360486835,-1.492695746250476,-0.23646050612925618,-0.6323326210500295,-1.720741856453594,-0.12640291669773565,1.0685367581814758,-0.9189649111250656,0.3007903828453131,-0.45406146190832763,-0.24224019806815175,-0.5556664006350469,-0.3454272730295246,0.6250597798650532,0.13062305245710987,-1.1017606996952758,-1.1298604245474237,-0.61645636890293,-0.6409379981531547,-0.2808230709789367,0.5303180904833894,0.07332548665379468,0.07441900856493641,0.3082856607923082,-0.3325863813455255
1.1030279326607535,-0.5128909792029167,-2.0131239337679356,-0.760447020735277,0.7254893020358623,-0.8489335819468297,1.5969211329971738,0.9576380098213637,2.817497346710251,1.4655606555219811,-1.9526467770477656,1.9261693927851304,-0.35276152405189093,-2.6467565986023556,-0.669006636978998,-0.35435079393221414,-1.904742522503309,0.6025861727207554,0.44761229523699375,-1.4859312166386651,1.6220978658665859,0.08477343793524313,0.6946163744108482,0.32450108486114004,-1.3842962557060081,-1.5894902245302867,3.6840901631774363,2.258573983941973,1.8908298878092684,0.14913530608433154,1.3674124412536786,-0.6019174783950916,3.2067316362463663,-0.890618641934859,2.4723077375552047,2.7421956403217176,-0.2687109920565312,-0.2121596959953143,0.5481069969768602,-1.351954137956397,-0.08646836455815933,-1.789416037506856,-0.03510746117803275,1.255462253044041,-1.6469933776633183,-0.3891714947752257,1.8543013554390284,0.4559669621781548,2.0850565507860668,2.495899731891696,-0.5899267406664803,-2.0669337720589587,-0.7914097254065757,0.2653635941163493,-0.32924007875620653,0.4664705918045237
0.44152170343580344,-0.18630882692000253,-1.582268739775039,-0.7973076501514946,0.3297184698722426,-0.13214317811255671,1.090542746911333,0.9693035256526921,3.410098048004175,0.8638313747420717,-0.9522301279632606,2.370018851605302,0.10743447197730133,-1.8098829516731323,0.40210926175460604,-1.1183185643948692,-0.7579797847261991,-0.34194264197343816,-0.38270199525910026,-1.1725656050155298,1.7805044966970442,0.3277725557460354,0.16178234052247692,1.2150792748646446,-1.3008049171824696,-0.8315340974978879,2.258573983941973,1.6322788455354282,1.3355987067392883,1.002379910962045,-0.020325890675539166,-0.38314418253556914,1.7886994335947568,-1.608711564870611,2.277911761851678,0.7664985892669066,-0.5820590588665874,1.5444832493562022,-0.8511892094892056,-1.3108473579234676,-0.8967198437685572,-2.8472341930159564,-0.9922516072688509,1.113361129391648,-1.1555564208849847,-0.3092557661336744,0.6221188172445129,-1.3090595838592276,1.7667477873900885,2.2803198103367954,-1.2783596059033235,-1.888643971267036,-0.9382800024457109,0.4960198335799137,0.09453638068121914,0.06945409554010845
0.39994334008404747,-0.16715921656842922,-1.2927288101379644,-0.6424767876834103,0.2904751314886138,-0.15799163705603586,0.9008087811493407,0.757598711310434,2.6866399072395963,0.7320249147786541,-0.824687408379224,1.8615654520032006,0.06229794020349724,-1.4972197686671098,0.24447788349027547,-0.8502717011915636,-0.6826253988991108,-0.21393173462402346,-0.24768260322802213,-0.9528776886181352,1.4174343375011669,0.24094889355915125,0.1586483426010733,0.9107840568285986,-1.046583571548266,-0.7222225242502548,1.8908298878092684,1.3355987067392883,1.1174981885374455,0.7502561168761835,0.06807417794036066,-0.32618971142577324,1.5235082063150247,-1.2408602751798754,1.8357067636835338,0.7460192436622158,-0.4484779907945987,1.1162121219934635,-0.5977074289118935,-1.0450242251826294,-0.6603140873374463,-2.2074941287230625,-0.726930548072258,0.9018861709022202,-0.948157637167548,-0.25846903552547884,0.5779332320575855,-0.9157170853990537,1.4281730404662678,1.8285923225957568,-0.9723879006572497,-1.522867905802597,-0.7295589974215961,0.38733814304170744,0.0575619659319809,0.09264333272825073
-0.8327409383512312,0.45762249261880283,-1.3865960773921668,-1.2764348275000224,-0.39991425775847134,1.412835972443472,0.47589657690760667,1.4587490897991224,6.414826721238254,-0.058852689843259844,0.8343185694343542,4.531340038313616,1.2030293119428699,-0.7845617147090075,3.0163133181553756,-3.401397877110136,1.4623004370850936,-2.6445141828078973,-2.4395364447351895,-1.0408249808511365,3.0115154702441056,1.0346669579418541,-0.9668094037600891,3.8146853212155167,-1.7505466051937524,0.4627651631979709,0.14913530608433154,1.002379910962045,0.7502561168761835,3.420658032470652,-3.1629630155227195,-0.07921238237149403,-0.5353131138633086,-4.031201266725472,2.9434039146804216,-3.3085998449857144,-1.582960871145871,6.259132586415582,-4.418022747914125,-1.858165205268399,-3.1568252042526526,-6.62365388373489,-3.6473932921741867,1.3381047392040621,-0.6045763643738644,-0.28457887768620943,-1.8512012607507844,-5.920218208336241,1.9094656547429696,2.901276188020802,-3.453659497941335,-2.4235040802239296,-1.7206501547812825,1.2589185199707895,1.0975198858704323,-0.7804462494532586
1.2375938807247904,-0.6427823188588944,0.4900392291991326,0.8855892010488331,0.6765979053161983,-1.6755127477545022,0.20888361224641344,-0.9897138698697765,-4.892260293949505,0.649583134484983,-1.5889205365573136,-3.488225088842627,-1.2822266197868961,-0.3532393811305056,-3.124407656180151,3.071383683229478,-2.1603118856666113,2.74614599461743,2.4735429641691327,0.39021026917731927,-2.1849986759817916,-0.9344438119387943,1.1958394422755305,-3.4523104920700463,1.093710851428315,-1.0882316494387214,1.3674124412536786,-0.020325890675539166,0.06807417794036066,-3.1629630155227195,3.5506927159488315,-0.16422456565321863,1.8143595713262823,3.444541632230501,-1.7600932911497045,4.239844068859332,1.3793588014171305,-6.00403020544074,4.376515078176374,1.2102675974610717,2.9410746359683246,5.519202368372893,3.4260084180294643,-0.7502783559979094,-0.10157021622806622,0.10840530268381925,2.4987658081322897,5.770472294227478,-0.9450138172877183,-1.7149922613742312,3.026349208728432,1.4460338604456162,1.3028845740553803,-1.0754187132206645,-1.1734969716449704,0.9252401356827985
-0.1690958373879456,0.07365226801651231,0.3570565812873707,0.14258196572014226,-0.11092277193349658,0.12247498694501854,-0.2649856244430403,-0.17751711717862587,-0.5601233175306489,-0.24326820580789274,0.302854455304006,-0.3879692209686176,0.03319236766521312,0.44074323361674955,0.06157929491464585,0.12039048000992852,0.2900648422144302,-0.05199096767064175,-0.04522014726889186,0.2711142504514673,-0.32345265371664617,-0.0219324627229668,-0.0967780535896573,-0.10261011966366983,0.26318845675125757,0.25559059360486835,-0.6019174783950916,-0.38314418253556914,-0.32618971142577324,-0.07921238237149403,-0.16422456565321863,0.1092386902924276,-0.5210237557087658,0.21397635093678233,-0.45253230022844104,-0.40124609345895695,0.06653004742852797,-0.0747270760284125,-0.025520143677639957,0.2575841287804034,0.06272308271317543,0.40357730677021253,0.05955850767721462,-0.2305135001605686,0.2788111146894579,0.07057607454360994,-0.27977411939539415,0.012228250109899707,-0.36821683981725256,-0.4525596093789477,0.1583218493160508,0.3812119937355932,0.15557639385903554,-0.06437453194815297,0.02787854888276272,-0.07002627185366833
1.1357968165130041,-0.5373444342506267,-1.5023769723300684,-0.4213893377481318,0.7160494280152172,-1.027154297117485,1.3096658682381186,0.5502282690937882,1.2239912037927794,1.301462041173657,-1.8777397732582708,0.8073755641119332,-0.54074662274173535,-2.1766309578487983,-1.1823131053948912,0.34879405399223723,-1.9646096556230934,1.0448834335684112,0.8769201119309558,-1.1063337681925418,0.84523035653802,-0.1338501378186958,0.7979166102770311,-0.4654394794335445,-0.880311827127145,-1.492695746250476,3.2067316362463663,1.7886994335947568,1.5235082063150247,-0.5353131138633086,1.8143595713262823,-0.5210237557087658,2.9292411784799812,0.004974837592569768,1.6043811642150374,3.0627121889216813,0.07433639959763776,-1.406609298205819,1.3424220960491473,-0.8269253502355864,0.5420512516295827,-0.2835088718984733,0.6883726518528726,0.8462239290437122,-1.3286766914568398,-0.2901449129424636,1.995789462274176,1.5673729438417319,1.4582531296045662,1.6258329835520156,0.15447327931545893,-1.3449085220506125,-0.35554987221165457,-0.008912091322195607,-0.495294790878816,0.5690591814802882
0.763742825390652,-0.43580676890281816,2.019376909943208,1.6336805760240125,0.33022641690655646,-1.4861718374182515,-0.8618322697078742,-1.902465034303726,-8.051938076877827,-0.22308256586951358,-0.5997226440400725,-5.68315152967981,-1.3422227119839534,1.4145416886866986,-3.4119238664082996,4.0608805296651855,-1.3481123259235164,2.985768692238677,2.761123607919992,1.5243261145316935,-3.8466335542677883,-1.2236830541787205,0.9971206608086833,-4.517650247673182,2.3259347149698377,-0.23646050612925618,-0.890618641934859,-1.608711564870611,-1.2408602751798754,-4.031201266725472,3.444541632230501,0.21397635093678233,0.004974837592569768,4.904050508052846,-3.915784790675155,3.34116511694526,1.903891052564382,-7.301589098289235,5.047491110552677,2.449572454782154,3.7118486858898696,8.10485713860336,4.283875803288702,-1.8104300720705022,1.0291813064950788,0.4064746531358623,1.8030753481932593,6.847993260860676,-2.6376195979768955,-3.8808182103442945,4.16891219499602,3.2472814379712207,2.1737540858496036,-1.5195019973601402,-1.2205038987153178,0.8231807242896471
0.013886743447319168,0.05581640654983689,-2.4380835830114074,-1.5513686313632595,0.13107894552262003,0.6332186498367481,1.4170448520763625,1.8186048292926258,7.138061778273639,0.8824552968174328,-0.5506262502774809,4.997491403662187,0.7772495768815483,-2.353780310617513,2.075678029110113,-3.0535265363684427,-0.00417367634517369,-1.8137973552409052,-1.7438765113385215,-1.8090905906596073,3.542960577452068,0.9130164073921857,-0.3615852098547948,3.383089416016691,-2.339948087424406,-0.6323326210500295,2.4723077375552047,2.277911761851678,1.8357067636835338,2.9434039146804216,-1.7600932911497045,-0.45253230022844104,1.6043811642150374,-3.915784790675155,4.03601184283316,-1.0010101921824626,-1.4872679859870395,5.069328503363653,-3.3366737008067746,-2.4051796068446407,-2.682435788170695,-6.655581556697409,-3.0491651936435638,1.9168925157144945,-1.5535645526621022,-0.487745843413146,-0.3568405965235965,-4.628544866507145,2.91974268678145,4.00701903836972,-3.247320241786155,-3.331029291220281,-1.9329789390208814,1.22168935093149,0.7087576768305454,-0.3492548505680274
1.7063242639566243,-0.8586733607889634,-0.195083245754358,0.676596110859286,0.9720648183697989,-2.089466458250914,0.7763988176319562,-0.7212466646330118,-4.215150637316033,1.2130294823530092,-2.36985596227336,-3.030394327486822,-1.477776760756004,-1.2962167096261834,-3.5568313518474013,3.126279254105277,-2.9679818550837984,3.1233235087873186,2.8037428447987085,-0.12457350670055277,-1.736590922450063,-0.9769850514886915,1.5120850800269579,-3.5733799647462443,0.6624249305883565,-1.720741856453594,2.7421956403217176,0.7664985892669066,0.7460192436622158,-3.3085998449857144,4.239844068859332,-0.40124609345895695,3.0627121889216813,3.34116511694526,-1.0010101921824626,5.478942990075095,1.3750438840499162,-6.441925613619541,4.853793163012665,0.8015241244938948,3.0991009884270264,5.229884505993899,3.6356185659778117,-0.35035431834615843,-0.6850508498160682,-0.02587703483551664,3.3166597013168273,6.30724343089193,-0.27776481696193656,-0.9503668026466884,2.999639067130231,0.8032085434837665,1.1102232996097066,-1.0480232611795368,-1.3490657366958034,1.1583914455064153
