V1,V2,V3,V4,V5,V6,V7,V8,V9,V10,V11,V12,V13,V14,V15,V16,V17,V18,V19,V20,V21,V22,V23,V24,V25,V26,V27,V28,V29,V30,V31,V32,V33,V34,V35,V36,V37,V38,V39,V40,V41,V42,V43,V44,V45,V46,V47,V48,V49,V50,V51,V52,V53,V54,V55,V56
0.4216167556096082,1.0937251203767926,-0.0969187932791139,-0.047736894553728385,-0.386520352363677,-0.8260908876338989,0.44286351138322894,0.6818961561505337,0.6337980931079309,-0.565497187677646,1.2079782434748407,0.9869977729738908,-0.16595719404363848,1.0016424603100083,0.09606380954176105,-0.1981089018166716,0.19013657702864883,-0.45872040045502477,0.9717683535883562,-0.05850538943651327,-0.46148745051324686,-0.8084257353844568,0.46308861614420416,0.06411118729330044,-0.0205751543530114,1.0007849086671976,-0.47511680584690563,0.5275940571187675,0.5370099319305119,0.20688452381783634,-0.5862038294638272,-0.7546996265242268,0.5454691401051781,0.1775816648525622,0.04895229592617342,0.11858249652442886,-0.21346892059833078,-0.11666188437014355,-0.7034272298155775,-0.7891294703203143,0.014996128602645481,-0.20364074676862787,0.4504367858841302,0.17086766516472807,-0.4989179590928268,-0.3461231179153235,0.9415559216736256,0.21929117344127655,0.11876498176991214,0.3285773999731716,0.16261908005200465,-0.42499418714350273,0.317768345941927,-0.19406260788957874,0.2609383966580872,0.27152871882662855
1.0937251203767926,3.484800336248259,-0.49497172356581054,-1.0279329306497336,-1.2047939893782624,-2.5414490205804516,2.1900448594431423,2.594190062459179,1.7248054325873983,-1.590702133190403,1.9807541087267797,3.63539935801768,-0.3855754968623005,2.201990085473766,0.49196129038449876,-1.6392664204380112,0.5104491618887848,-0.8102811021216907,3.117695526308634,-0.8039837034003081,-1.6569399501570579,-1.7685143148560094,1.124107495449425,1.2353258775102822,-0.5311322689309148,3.892859255955795,-1.757650219805378,1.4987711579127088,1.2780582979778496,0.22801206748185512,-0.7844706813382198,-1.3506151477320703,0.9348473001675128,-0.3498670310385961,-0.18533344315640723,0.8558948554822154,0.6047951347126589,0.4509555643288347,-1.6888336033124838,-2.454957475787493,0.7575235943715404,-1.3476465353762663,1.381304937382113,0.5024154272570637,-1.4861604616858575,-1.7876144189763925,3.035719875034051,1.3656742452634238,0.07492309819254858,0.1910161263328721,0.42992717723008295,-1.6049598640188774,0.8874820630342806,-0.8404539752781908,1.1795788071475803,0.36722346279455476
-0.0969187932791139,-0.49497172356581054,0.12245185519917536,0.35688670025490066,0.16853117138412257,0.3424208548824021,-0.5038810376670414,-0.47483005432253766,-0.17243461695174464,0.18530713636052054,0.17465633945074877,-0.6391510854626024,0.009103558075632921,-0.06640598137277332,-0.11477993226331785,0.4751443373997152,-0.044012020154964804,-0.040375201644464814,-0.4347572146322019,0.26606857872765866,0.29675295307199806,0.05843762196860207,-0.0663182701736715,-0.4080435467564787,0.1878761341508779,-0.727899727419153,0.31421476571205004,-0.1671623746622314,-0.08237388585757055,0.07773242588593825,-0.14887668517739286,-0.05534752485675788,0.060647723428188756,0.26802005180886795,0.1000977136153578,-0.2480274300642985,-0.4090913734247177,-0.26627789460310736,0.12259899099662647,0.3476543390717762,-0.28092188297105414,0.36646073004598,-0.1886518583397454,-0.06324099816227037,0.190551980802891,0.42252070341568426,-0.4341557675849522,-0.3494896390729503,0.06232176691962956,0.18945438441848417,-0.03852105698544859,0.2915287845489147,-0.10111188486912998,0.15968720168083464,-0.252883786714755,0.07169286398837338
-0.047736894553728385,-1.0279329306497336,0.35688670025490066,1.9618309935558715,0.36644837936762914,0.4149930826626507,-1.9676081387906084,-1.3904433966829397,0.052277391066836716,0.05466087908045018,2.802095543918594,-1.9265390905824422,-0.0866217835339709,1.2845793006794444,-0.3836173305705351,2.2041863822829075,0.07243670275963242,-0.9078087369883534,-0.8617233557159258,1.2846522460070933,0.7051640822704897,-0.9820886769830758,0.37374670279631017,-2.2172361680142045,0.989251053932919,-2.3570437761453022,0.9670521843908937,-0.08682406887457056,0.5003235339494575,0.6934262951705721,-1.8437385298764688,-1.5813135026410634,1.1933063517249154,1.7675066627834222,0.7082581795404166,-1.115852039369547,-2.3633406119176152,-1.7536483091047892,-0.5375731010384226,0.607061028822088,-1.5038979571961082,1.5199180585138676,-0.30458559431916216,0.13144222473829276,0.23557141254632272,1.7341578220994607,-1.0154091426346274,-1.5601177553313277,0.5457131205104045,1.5424965830943833,0.09276559808729112,0.7572998421735453,-0.023998616455293227,0.4893019417804383,-1.0394481892337677,0.712832517204656
-0.386520352363677,-1.2047939893782624,0.16853117138412257,0.36644837936762914,0.42108955239954327,0.8697950676088013,-0.7605904477857675,-0.8945778128222202,-0.5917864852463292,0.5504449943670461,-0.6671078929920341,-1.2607442002909424,0.1310206366165064,-0.7422838279704631,-0.16623852239952652,0.5689445015797393,-0.1707790567736385,0.27719896647040027,-1.0675456063966877,0.28027576334685356,0.5741107709755283,0.6032349434517219,-0.3785768118914132,-0.4284930761081884,0.18694192546377358,-1.3500069306091445,0.6123089816274039,-0.5145907797940354,-0.43522246269262,-0.07399497899585676,0.25643682630766246,0.45710713134225744,-0.3158864172934175,0.12784538713896998,0.06550639707820527,-0.30407323409077647,-0.2170451244483417,-0.17137592287457537,0.5836130224141427,0.8529122907670853,-0.26830405598880186,0.4663395907064693,-0.4789445788742274,-0.16293375339370741,0.5138285765850173,0.6231777221936469,-1.0506530674344303,-0.4727700375136674,-0.022493423983186468,-0.05233694748095459,-0.14411610951753984,0.5487541227384861,-0.3071995294197468,0.2783568976660035,-0.4145737133498082,-0.12582599157633584
-0.8260908876338989,-2.5414490205804516,0.3424208548824021,0.4149930826626507,0.8697950676088013,1.9458051792771622,-1.355064634622989,-1.7928556862643934,-1.3706668717074892,1.2513747341284147,-2.1031257569089865,-2.4920420608883154,0.3055593370080568,-2.0002935640581048,-0.32677292756592485,0.8746944769580429,-0.4202495465142324,0.8108560188944477,-2.292141154622131,0.39394482482087706,1.1930163288938067,1.5905446104794911,-0.9630277312922394,-0.5326289898488952,0.22646187405049814,-2.6157173231991213,1.1963702634771023,-1.1651651761622028,-1.1199711085844388,-0.3084708001367934,0.9944563788810232,1.3857389213512943,-0.9708598470672359,-0.07198191492961531,-0.002312680070030072,-0.4620697550842855,-0.042765680492859524,0.004739768098372555,1.447729194599155,1.8218791571530197,-0.30440755539490205,0.7884113620807451,-1.031207036204774,-0.4521687292998012,1.1281248843564962,1.074915982231003,-2.179304631824512,-0.7746446893087887,-0.168296001885217,-0.45310598059013985,-0.36456864183335985,1.1419332710435879,-0.6981700560566159,0.5823967876115894,-0.7170029759736285,-0.41415628993657305
0.44286351138322894,2.1900448594431423,-0.5038810376670414,-1.9676081387906084,-0.7605904477857675,-1.355064634622989,2.454213494484513,2.155653246939866,0.6360971993107974,-0.6792045322411939,-1.4787026849574376,2.9790228837016346,-0.06448960658542002,-0.15535656164635875,0.5146737501351143,-2.4263810717207055,0.14458531809287056,0.41523720870453756,1.9163248196100697,-1.358856837381675,-1.2449365505283014,0.08891316646444318,0.14310266824512496,2.2541307047206884,-1.0041024396672011,3.4306635548498434,-1.4683284409097677,0.6587869667268983,0.11582849567099793,-0.4752199117538081,1.1568694706606761,0.725776020262853,-0.5901070733911904,-1.5537849643849602,-0.6298195494251734,1.2402504445837985,2.1652729560054693,1.5694493432273469,-0.2467644991536895,-1.4603563231497125,1.5068098601952444,-1.7736690957806733,0.7904106125283958,0.1215147607947566,-0.7766732429276053,-2.100100494330297,1.9919858370171628,1.7907939028798054,-0.40620194824360645,-1.1649784605951494,0.10131877150087502,-1.2631171833007282,0.37238175805891177,-0.7346334597487055,1.2891258401867685,-0.4430314370282863
0.6818961561505337,2.594190062459179,-0.47483005432253766,-1.3904433966829397,-0.8945778128222202,-1.7928556862643934,2.155653246939866,2.1966638036314188,1.0717838941947202,-1.0377093154754873,0.1705288981665712,3.0430835589391108,-0.1924837148820647,0.91324852880519225,0.4734133852475749,-1.8971106947880454,0.29824142241584845,-0.15880695986500307,2.3041468620565233,-1.0141798656255574,-1.348005334021392,-0.7471040093106742,0.5704784908110363,1.621485124180056,-0.7169168665368911,3.3764997143217155,-1.4838861550683804,0.9819814374913775,0.6331854800102625,-0.13013085014077796,0.19426800049460452,-0.26161657302123337,0.13427310564196307,-0.8967716291088379,-0.37700487560814894,0.9773916009801271,1.3216844681869377,0.9402029806304065,-0.8769046260315225,-1.7939562430757194,1.0580202060770187,-1.4617688329061,0.9936661855843185,0.3003543310113957,-1.0341750498397846,-1.8020618470390386,2.2929997604520715,1.4651216243325105,-0.15922754284244908,-0.4716214315657938,0.244251569457171,-1.3330538095439386,0.575024758938387,-0.7339836605003708,1.1350396585771312,-0.057530178913167127
0.6337980931079309,1.7248054325873983,-0.17243461695174464,0.052277391066836716,-0.5917864852463292,-1.3706668717074892,0.6360971993107974,1.0717838941947202,1.0437872589207051,-0.9256598343959048,2.126869379387491,1.5096137089746606,-0.2606310478196116,1.7457085155631422,0.16291507254717558,-0.22960160522625325,0.3291641692671073,-0.7886347557191468,1.565284127102239,-0.04313658200464305,-0.7439638517187875,-1.3836691965620382,0.7966466109723246,-0.012288996385331983,0.018758189671087822,1.5170180308939845,-0.7171283302184905,0.8623527530921256,0.9284549783175292,0.37128851873800195,-1.0901514113269288,-1.3369079816649028,0.9595934718983673,0.38933409750092796,0.12779083541674668,0.12949429749072228,-0.44206196395698805,-0.32584624352645725,-1.18329051628085,-1.2522180156921527,-0.05858284464357357,-0.2862984245311868,0.7174598654006514,0.34310859903238095,-0.8033683334520615,-0.47594259424854357,1.4629577064320645,0.2855392446651074,0.22912805373921294,0.6373205536512668,0.28737143891313166,-0.6979646442880513,0.5187332616050693,-0.3369888119728704,0.3496066609949652,0.4601373739969495
-0.565497187677646,-1.590702133190403,0.18530713636052054,0.05466087908045018,0.5504449943670461,1.2513747341284147,-0.6792045322411939,-1.0377093154754873,-0.9256598343959048,0.8424072336670165,-1.7395901503815083,-1.4532837251800874,0.21090728203308118,-1.4800547003804192,-0.16769940695526997,0.32198467852271684,-0.283002967019584,0.6561768836000215,-1.4237837435939589,0.11178244106703544,0.725342090740309,1.1845133397883711,-0.6797015946315094,-0.08402923468627128,0.0358779656883095,-1.4842398456060453,0.6975847500991257,-0.7709463596702962,-0.8101493123207362,-0.28529901779483396,0.8779347445793211,1.118956863205297,-0.79265890141438,-0.25730164223451685,-0.0891076263419213,-0.18961243643440284,0.24766756438846504,0.1956018428421024,1.0486056316339247,1.166043202703602,-0.030130786100132412,0.3474181920927701,-0.6628246144349974,-0.30618622085605984,0.734530345518758,0.5208996103872072,-1.3477017759167529,-0.330377397138488,-0.17609762702923346,-0.47357581896768575,-0.2507297525008421,0.6698200929562572,-0.4708088503576353,0.31139384748218685,-0.36671150516562506,-0.3653018626779746
1.2079782434748407,1.9807541087267797,0.17465633945074877,2.802095543918594,-0.6671078929920341,-2.1031257569089865,-1.4787026849574376,0.1705288981665712,2.126869379387491,-1.7395901503815083,8.065542676991798,0.30822892298380294,-0.6475935693199184,5.199541663080039,-0.22266751924691972,2.6061685702525974,0.7446229794381478,-2.812445742747728,1.8887954618109952,1.7008294206821963,-0.46707841129541294,-4.077360036602467,2.081374930217508,-3.080326783310577,1.4048719429003216,-0.2766845759099466,-0.0762453105274694,1.5775117131067706,2.505461475222402,1.695723204433744,-4.679021596666963,-4.80600907807796,3.537747778549262,3.206588989905943,1.2207175145627187,-1.29190966533921,-4.162702286475497,-3.0477418331003197,-3.0621278465780546,-1.6221651958909162,-2.1943613182020236,1.5585405753792294,0.9902653629655052,0.827902916849772,-1.2540457361508837,1.46329395600959,1.4925985303497589,-1.5962750733308761,1.2027122194433808,3.385110403318023,0.6868051055336188,-0.3042495438035005,0.9852483023046494,0.027569629815710425,-0.7383866518679711,1.9050984703080753
0.9869977729738908,3.63539935801768,-0.6391510854626024,-1.9265390905824422,-1.2607442002909424,-2.4920420608883154,2.9790228837016346,3.0430835589391108,1.5096137089746606,-1.4532837251800874,0.30822892298380294,4.240399015941425,-0.2872893623712948,1.3001477543404298,0.6438651286118146,-2.6088018356910094,0.4171157772319841,-0.2496330074539053,3.2210885754700462,-1.3884602687366678,-1.8595464620823752,-1.069810010796462,0.8067276189738741,2.2399763466431164,-0.9864156147993345,4.695447814318219,-2.069160495903756,1.3801261415701807,0.8885411319097769,-0.16159819997130725,0.24837774956137398,-0.3924216122248055,0.21511726030566755,-1.2255134347625858,-0.5242311214856503,1.3474276810703998,1.7816499132662678,1.303371391614643,-1.2374715958017397,-2.5092918575779253,1.4555268445168617,-2.0018121735689514,1.3914479216369458,0.394970112728887,-1.4491203539226991,-2.494832660625531,3.22162416595852,2.0247369358800515,-0.21466399819879542,-0.632148022318462,0.33818448386836747,-1.8354883587512563,0.8066470691012056,-1.0051123048170323,1.5854268202955992,-0.05054864416259822
-0.16595719404363848,-0.3855754968623005,0.009103558075632921,-0.0866217835339709,0.1310206366165064,0.3055593370080568,-0.06448960658542002,-0.1924837148820647,-0.2606310478196116,0.21090728203308118,-0.6475935693199184,-0.2872893623712948,0.0874214332688302,-0.48429529966620055,-0.01736798372668028,-0.039282530705965206,-0.08806605237550359,0.23247368341978936,-0.3633251384900954,-0.05062102782816561,0.1246093862021283,0.3768710652437231,-0.21890222035917184,0.0724603741241665,-0.04578237025334753,-0.2683556476615359,0.13123401732883855,-0.21056439619392084,-0.23624110004207965,-0.1298229345203477,0.335043507870165,0.38058714638328567,-0.28467000544134263,-0.1643060682955274,-0.046294131944087644,0.02833120120607385,0.23381787486441277,0.14718940250147083,0.29091135635697146,0.2670759411886455,0.07872986871109454,-0.010180619595167648,-0.15768773404073771,-0.07238782810804915,0.18239873989393887,0.04045485385284271,-0.33294723996662395,-0.010831945861459724,-0.0772167589428973,-0.23040056570492684,-0.0721945793298158,0.12534959603210535,-0.11970207723603449,0.06938117271312455,-0.0471548701098233,-0.1539669565249628
1.0016424603100083,2.201990085473766,-0.06640598137277332,1.2845793006794444,-0.7422838279704631,-2.0002935640581048,-0.15535656164635875,0.91324852880519225,1.7457085155631422,-1.4800547003804192,5.199541663080039,1.3001477543404298,-0.48429529966620055,3.6567204133015987,0.037512380145763524,0.9621423202563903,0.589377987991171,-1.844391949105542,2.0537149303272404,0.7110316862589305,-0.785727273052875,-2.8685113983669974,1.542403984124626,-1.3616241704571923,0.6334733009749144,1.0508463235113477,-0.58284258377119,1.3634143410161355,1.8285125631468127,1.0343711019309891,-2.9160476499759764,-3.155343345458714,2.3016287351228413,1.714738651526325,0.6378252398224805,-0.4743764458111213,-2.1674292063758003,-1.6113122731440936,-2.2603593533204345,-1.6761031324849525,-1.0138844622158518,0.45474456070653285,0.9879535893176561,0.6503725127421827,-1.1719648586909082,0.27721411863262546,1.7811969104684793,-0.47744471473445377,0.709072085062897,1.9935990591845536,0.5311791305868117,-0.6885365264646276,0.8334940899035348,-0.26914999006806667,-0.0637635722546331,1.1879080251514043
0.09606380954176105,0.49196129038449876,-0.11477993226331785,-0.3836173305705351,-0.16623852239952652,-0.32677292756592485,0.5146737501351143,0.4734133852475749,0.16291507254717558,-0.16769940695526997,-0.22266751924691972,0.6438651286118146,-0.01736798372668028,0.037512380145763524,0.11468767190128133,-0.49690773520312925,0.04335941442478175,0.058666465879220434,0.4395807815141382,-0.2762798504808896,-0.28033315461440916,-0.031237944841729353,0.05998604402046206,0.44839601571654525,-0.19946602468034774,0.7360882444404392,-0.3146628871815098,0.1612375732751681,0.06045201497157692,-0.08337841592469356,0.1853038482773972,0.09471822018334453,-0.08426049543668145,-0.29514349344283186,-0.11836132265793492,0.2504802655611512,0.4252428384636255,0.29120104793415325,-0.09051923871824874,-0.33190306421350846,0.2975035802472328,-0.3718533884876527,0.18099706213537947,0.050222032513981225,-0.18187050470947788,-0.4350437042802988,0.4400606564604537,0.3687284346405975,-0.07172276836647497,-0.20641346710263778,0.034008044682051895,-0.28620132848214314,0.09186766045879478,-0.16890621172156634,0.26305980968683734,-0.07846300763625612
-0.1981089018166716,-1.6392664204380112,0.4751443373997152,2.2041863822829075,0.5689445015797393,0.8746944769580429,-2.4263810717207055,-1.8971106947880454,-0.22960160522625325,0.32198467852271684,2.6061685702525974,-2.6088018356910094,-0.039282530705965206,0.9621423202563903,-0.49690773520312925,2.5859960165388727,-0.014747770013950872,-0.8221215101730835,-1.4203259869338203,1.4847083613473313,1.0279803200292528,-0.7318291870608048,0.19779027177202582,-2.516917491352105,1.1214158614570304,-3.1057575577776935,1.2950787141275353,-0.337826224012063,0.29909060328891424,0.6916224823617485,-1.7798857096952314,-1.420086554875095,1.0924942819927372,1.9019144358633913,0.7628960435814738,-1.3065333191597446,-2.592556655520925,-1.883970646094748,-0.27950685862147034,1.0359365209350262,-1.6951273652924839,1.8312002164130843,-0.5439477539304424,0.021673395687057163,0.4903970670641877,2.10771331262891,-1.5433614287507615,-1.859090802587532,0.5548871013987674,1.5737328710979823,0.01738383752526225,1.0803035375656194,-0.17168458856153934,0.6724435281809544,-1.267341068234151,0.6990284337731277
0.19013657702864883,0.5104491618887848,-0.044012020154964804,0.07243670275963242,-0.1707790567736385,-0.4202495465142324,0.14458531809287056,0.29824142241584845,0.3291641692671073,-0.283002967019584,0.7446229794381478,0.4171157772319841,-0.08806605237550359,0.589377987991171,0.04335941442478175,-0.014747770013950872,0.10940372937675623,-0.2694341593192079,0.47551188453643906,0.02128668036607585,-0.20775197046221225,-0.4594942649571424,0.2660270779569881,-0.05560892277540255,0.03285910579690127,0.40820732398506676,-0.1939888024022688,0.26873153572797914,0.30381812934480756,0.13781033751113708,-0.39431454040040625,-0.45951164713850556,0.33291837157467863,0.16909668212502313,0.05584520308143858,0.0036591230965420302,-0.20602251730760276,-0.15627515792133898,-0.37676262217492906,-0.36743477450392314,-0.0607398221774406,-0.04847274313938423,0.21289360585602407,0.11606407600350237,-0.242511012220998,-0.10005463721063156,0.43038515421635,0.050745540761595556,0.08704252436981796,0.24866643360443141,0.09489481954612439,-0.2008191100305281,0.15887235324768634,-0.10411415605636679,0.07791239937299747,0.16290436619259144
-0.45872040045502477,-0.8102811021216907,-0.040375201644464814,-0.9078087369883534,0.27719896647040027,0.8108560188944477,0.41523720870453756,-0.15880695986500307,-0.7886347557191468,0.6561768836000215,-2.812445742747728,-0.2496330074539053,0.23247368341978936,-1.844391949105542,0.058666465879220434,-0.8221215101730835,-0.2694341593192079,0.9876779967395798,-0.7569312179352021,-0.5458746482990403,0.22698674630041485,1.4528775300435233,-0.7455699936633717,1.002179543618815,-0.45568457204728774,-0.06081732166408841,0.09799129445222138,-0.5932779225403157,-0.9000181139126098,-0.5825381311938798,1.615559389022265,1.6845284925252757,-1.2368536532377348,-1.0745751913941768,-0.40890803303096707,0.40016152782861686,1.3869822777115886,1.0108962222678286,1.11071256871399,0.6524041107395242,0.7136019064138165,-0.4766712446625908,-0.3926351566480951,-0.2959319308011417,0.48561632275058597,-0.4250066975183301,-0.6262784816606025,0.49060891387607264,-0.41053068303674956,-1.1507313883404,-0.24792455086740348,0.16338947113729727,-0.3710632573970732,0.01467984997313507,0.20143739505618208,-0.6616282385877841
0.9717683535883562,3.117695526308634,-0.4347572146322019,-0.8617233557159258,-1.0675456063966877,-2.292141154622131,1.9163248196100697,2.3041468620565233,1.565284127102239,-1.4237837435939589,1.8887954618109952,3.2210885754700462,-0.3633251384900954,2.0537149303272404,0.4395807815141382,-1.4203259869338203,0.47551188453643906,-0.7569312179352021,2.817557045258653,-0.6866749448789543,-1.46038444526763,-1.6306153229391538,1.045924061612306,1.0704015743719975,-0.44904339171456326,3.441436438421869,-1.5492083701628505,1.3566787383501935,1.170651905964693,0.23583754157452497,-0.7751795322267244,-1.2666902152077575,0.8841237541116458,-0.2629298699994464,-0.1547296575537506,0.7219399810410575,0.46206983896472986,0.3363725101467607,-1.5234085613860826,-2.181426041234899,0.6339475430742006,-1.17067421067086,1.2315347531499548,0.47039964324655026,-1.3307937601683428,-1.5580451077593054,2.7163176024163063,1.1962392326084064,0.08621197054110898,0.24051929445052755,0.3979246758561289,-1.4348125838548011,0.7948549949165213,-0.7753324512054857,1.0266907322102232,0.354442177733436
-0.05850538943651327,-0.8039837034003081,0.26606857872765866,1.2846522460070933,0.28027576334685356,0.39394482482087706,-1.358856837381675,-1.0141798656255574,-0.04313658200464305,0.11178244106703544,1.7008294206821963,-1.3884602687366678,-0.05062102782816561,0.7110316862589305,-0.2762798504808896,1.4847083613473313,0.02128668036607585,-0.5458746482990403,-0.6866749448789543,0.8615904334375658,0.5416372958696788,-0.5435435211589574,0.1861596261944558,-1.458058635243008,0.653737333308793,-1.6774622074176095,0.6931010382917763,-0.12157984935566143,0.25059530829080906,0.4368519891314198,-1.1267877050373845,-0.9371698673644943,0.7176472521895506,1.1381722985324456,0.4506148749724902,-0.7527870219316202,-1.552660962969027,-1.1229109984154715,-0.25783771274465417,0.49946812516426536,-0.9914110426783749,1.044488627601151,-0.2564851537585742,0.038422690518252096,0.21768018787592955,1.1860260777729998,-0.7677949507929344,-1.0547072880399697,0.3419991778948104,0.973195981910484,0.03453638476191927,0.5714730809486726,-0.05723286791406492,0.3589393022619775,-0.7061756984612674,0.44878959076857194
-0.46148745051324686,-1.6569399501570579,0.29675295307199806,0.7051640822704897,0.5741107709755283,1.1930163288938067,-1.2449365505283014,-1.348005334021392,-0.7439638517187875,0.725342090740309,-0.46707841129541294,-1.8595464620823752,0.1246093862021283,-0.785727273052875,-0.28033315461440916,1.0279803200292528,-0.20775197046221225,0.22698674630041485,-1.46038444526763,0.5416372958696788,0.8683651888386503,0.6447235797944564,-0.4295641248759199,-0.8097583799433528,0.3683802718585159,-2.0363878269677427,0.9081337028063983,-0.6638152093547494,-0.5113777310334383,0.011292151005524716,0.10648394079449398,0.39541924706043075,-0.24583803528480566,0.388263859955228,0.15502170919407943,-0.548716565885647,-0.6341314106820035,-0.4262013556411841,0.6991117254318433,1.1800939827235901,-0.5406874910696463,0.8278863232626205,-0.6547128774099141,-0.23299269947246892,0.6901388813934634,1.0270499670806583,-1.4404399095249552,-0.8037947233366899,0.03914503210606813,0.14248489129587796,-0.1799857386406579,0.8319694255236061,-0.4017784090316487,0.42746769403450263,-0.6499817753131265,-0.04314873451250759
-0.8084257353844568,-1.7685143148560094,0.05843762196860207,-0.9820886769830758,0.6032349434517219,1.5905446104794911,0.08891316646444318,-0.7471040093106742,-1.3836691965620382,1.1845133397883711,-4.077360036602467,-1.069810010796462,0.3768710652437231,-2.8685113983669974,-0.031237944841729353,-0.7318291870608048,-0.4594942649571424,1.4528775300435233,-1.6306153229391538,-0.5435435211589574,0.6447235797944564,2.2616252716690948,-1.207735141272057,1.0574660062958112,-0.4862057025920752,-0.8781646213390032,0.4859974545457161,-1.0822214087756923,-1.443729867404163,-0.8054307330771973,2.2791302798392086,2.481709697201301,-1.8073384630586153,-1.33307941795928,-0.49975509058702666,0.34736368562476394,1.6766000068528104,1.238550524788076,1.7989046220460598,1.3541273617220102,0.7773019110675566,-0.3364944360355849,-0.7951432052446862,-0.5049195486584414,0.9386802576105554,-0.18811941264431367,-1.4319564011901795,0.3590631336904372,-0.5529755405990019,-1.5452040805957985,-0.4160251217056494,0.553918185281141,-0.6668051122323005,0.20199648148016194,0.027433942911929035,-0.932579781590966
0.46308861614420416,1.124107495449425,-0.0663182701736715,0.37374670279631017,-0.3785768118914132,-0.9630277312922394,0.14310266824512496,0.5704784908110363,0.7966466109723246,-0.6797015946315094,2.081374930217508,0.8067276189738741,-0.21890222035917184,1.542403984124626,0.05998604402046206,0.19779027177202582,0.2660270779569881,-0.7455699936633717,1.045924061612306,0.1861596261944558,-0.4295641248759199,-1.207735141272057,0.6722532443711744,-0.3713872279184925,0.18185333520363478,0.7395018063956826,-0.3707420135210916,0.6366112127770572,0.7817358007106608,0.4018772959098819,-1.1355670073511765,-1.2706011558801116,0.9250524167845765,0.5910116668740442,0.21003237450964396,-0.10127772324396063,-0.7415202333595322,-0.5494150831238921,-0.9693934574991833,-0.8287034003550745,-0.30094458451193823,0.04429220385818668,0.4839770838110625,0.2840238599104603,-0.5615006924866652,-0.061996276081327115,0.9325371666442267,-0.043923313426100126,0.2653477671368665,0.7513826238343119,0.23469728482346883,-0.3986916539258879,0.382326851934136,-0.18602180846763391,0.0841167258328829,0.46852253785953557
0.06411118729330044,1.2353258775102822,-0.4080435467564787,-2.2172361680142045,-0.4284930761081884,-0.5326289898488952,2.2541307047206884,1.621485124180056,-0.012288996385331983,-0.08402923468627128,-3.080326783310577,2.2399763466431164,0.0724603741241665,-1.3616241704571923,0.44839601571654525,-2.516917491352105,-0.05560892277540255,1.002179543618815,1.0704015743719975,-1.458058635243008,-0.8097583799433528,1.0574660062958112,-0.3713872279184925,2.5419884760569618,-1.1211212398787047,2.729428121633644,-1.114877661291129,0.13831098264483105,-0.5319498443893609,-0.7617725388988159,2.0393671496645482,1.7454102517520529,-1.313151866190766,-1.9917784281874662,-0.8099765054830679,1.2509435571037477,2.6481761825519863,1.9586842075326798,0.5865155971671959,-0.7166579565827382,1.699087531524153,-1.73350910004783,0.36534896729930166,-0.1240063915325635,-0.2931242256851236,-1.9815720166147621,1.216399552513649,1.7930566693173162,-0.6084173271471406,-1.7015339423294003,-0.08696894847859314,-0.8937274808775592,0.04005747786009943,-0.6029427207089215,1.1857571558858153,-0.7886024754421865
-0.0205751543530114,-0.5311322689309148,0.1878761341508779,0.989251053932919,0.18694192546377358,0.22646187405049814,-1.0041024396672011,-0.7169168665368911,0.018758189671087822,0.0358779656883095,1.4048719429003216,-0.9864156147993345,-0.04578237025334753,0.6334733009749144,-0.19946602468034774,1.1214158614570304,0.03285910579690127,-0.45568457204728774,-0.44904339171456326,0.653737333308793,0.3683802718585159,-0.4862057025920752,0.18185333520363478,-1.1211212398787047,0.5009815373626658,-1.2057865433553934,0.4941469083428485,-0.05036109905877555,0.24272916801296632,0.34999249625090584,-0.9210545967150736,-0.7879960854728327,0.5971277751144547,0.8914884569043197,0.3552832261988832,-0.5666275344458995,-1.2006093416005348,-0.8799966963949915,-0.26154150226851675,0.31677218295792203,-0.7610792186229149,0.7778483666057403,-0.1594112373253473,0.05523418402431673,0.12537621162743814,0.8823649790219841,-0.5201934570312619,-0.7930486002348706,0.27388562234727437,0.7753227516931263,0.042623175848466845,0.3953953882177171,-0.016408298760019913,0.2555910550259897,-0.5256979954614049,0.36168069127761204
1.0007849086671976,3.892859255955795,-0.727899727419153,-2.3570437761453022,-1.3500069306091445,-2.6157173231991213,3.4306635548498434,3.3764997143217155,1.5170180308939845,-1.4842398456060453,-0.2766845759099466,4.695447814318219,-0.2683556476615359,1.0508463235113477,0.7360882444404392,-3.1057575577776935,0.40820732398506676,-0.06081732166408841,3.441436438421869,-1.6774622074176095,-2.0363878269677427,-0.8781646213390032,0.7395018063956826,2.729428121633644,-1.2057865433553934,5.247557127445392,-2.29628954569058,1.4150881620346434,0.7985899160807532,-0.31063461837277995,0.6329323229763922,-0.06922079566770299,-0.03208665575530011,-1.6098334318807557,-0.6761602543749919,1.5986014286255597,2.3059799813351862,1.6810106459853988,-1.1425757445930593,-2.6676783381080473,1.788284558871734,-2.3508743865037993,1.4723019136107545,0.381172319539979,-1.5164686554363724,-2.889271612223245,3.4685238960354807,2.376857521084891,-0.3307913958595867,-0.9622219358081329,0.32508321812491936,-2.023394069443889,0.8221460250176778,-1.1246715342723035,1.8192239998076611,-0.2047319179692364
-0.47511680584690563,-1.757650219805378,0.31421476571205004,0.9670521843908937,0.6123089816274039,1.1963702634771023,-1.4683284409097677,-1.4838861550683804,-0.7171283302184905,0.6975847500991257,-0.0762453105274694,-2.069160495903756,0.13123401732883855,-0.58284258377119,-0.3146628871815098,1.2950787141275353,-0.1939888024022688,0.09799129445222138,-1.5492083701628505,0.6931010382917763,0.9081337028063983,0.4859974545457161,-0.3707420135210916,-1.114877661291129,0.4941469083428485,-2.29628954569058,1.0121692098351842,-0.6587440052315767,-0.41189144956706325,0.09609803063872606,-0.16479390434413307,0.15013883761423646,-0.07326788618294648,0.6262666087149898,0.26423675348411363,-0.673881450024443,-0.9098824296280446,-0.6676163197891538,0.5825333264637964,1.2159206201465718,-0.7311621086342499,0.9914617443039121,-0.6726905814974095,-0.1825706210882911,0.6979099446594461,1.2321713701777928,-1.558735458222091,-1.0000449158368163,0.11582030456732233,0.34381717055424266,-0.1574238833015175,0.8917328200295187,-0.3869425446338621,0.4829890171429089,-0.7824932473914779,0.04171497321229283
0.5275940571187675,1.4987711579127088,-0.1671623746622314,-0.08682406887457056,-0.5145907797940354,-1.1651651761622028,0.6587869667268983,0.9819814374913775,0.8623527530921256,-0.7709463596702962,1.5775117131067706,1.3801261415701807,-0.21056439619392084,1.3634143410161355,0.1612375732751681,-0.337826224012063,0.26873153572797914,-0.5932779225403157,1.3566787383501935,-0.12157984935566143,-0.6638152093547494,-1.0822214087756923,0.6366112127770572,0.13831098264483105,-0.05036109905877555,1.4150881620346434,-0.6587440052315767,0.7211536670631066,0.7369469182615878,0.2619226371764954,-0.7819424751276844,-1.003477148926243,0.7164015574183603,0.20510876391067442,0.05860946647718296,0.18112674818993962,-0.20905224850923423,-0.1544643714099204,-0.9448997525084658,-1.0782377166223909,0.051456068574616196,-0.33915903486338794,0.6150065280626184,0.27693082376241795,-0.6817664072901048,-0.5101646939378589,1.2807370021011562,0.3412318616153144,0.153781471767716,0.42663820989503615,0.23256367496044159,-0.6301095544825047,0.4315788934550902,-0.3136842736162287,0.35867856927185965,0.3338212100939711
0.5370099319305119,1.2780582979778496,-0.08237388585757055,0.5003235339494575,-0.43522246269262,-1.1199711085844388,0.11582849567099793,0.6331854800102625,0.9284549783175292,-0.8101493123207362,2.505461475222402,0.8885411319097769,-0.23624110004207965,1.8285125631468127,0.06045201497157692,0.29909060328891424,0.30381812934480756,-0.9000181139126098,1.170651905964693,0.25059530829080906,-0.5113777310334383,-1.443729867404163,0.7817358007106608,-0.5319498443893609,0.24272916801296632,0.7985899160807532,-0.41189144956706325,0.7369469182615878,0.9392144189578526,0.47885604911199636,-1.3869696601961112,-1.5459645844927816,1.1170895739045266,0.749684860961642,0.28363601503729435,-0.13307407381230604,-0.9115176193283904,-0.6924677248827062,-1.1769934183353348,-0.9712379025640675,-0.3944698402274543,0.08418844696449336,0.5646068068872759,0.3442230363791594,-0.6555563861207916,-0.024515866411304772,1.043399101395973,-0.1089290641911835,0.3275249010462439,0.9076863120448424,0.27577386613000804,-0.45078212014345914,0.45470030981022175,-0.18152014362214244,0.06612372411981572,0.5598976576279439
0.20688452381783634,0.22801206748185512,0.07773242588593825,0.6934262951705721,-0.07399497899585676,-0.3084708001367934,-0.4752199117538081,-0.13013085014077796,0.37128851873800195,-0.28529901779483396,1.695723204433744,-0.16159819997130725,-0.1298229345203477,1.0343711019309891,-0.08337841592469356,0.6916224823617485,0.13781033751113708,-0.5825381311938798,0.23583754157452497,0.4368519891314198,0.011292151005524716,-0.8054307330771973,0.4018772959098819,-0.7617725388988159,0.34999249625090584,-0.31063461837277995,0.09609803063872606,0.2619226371764954,0.47885604911199636,0.37179749316569366,-1.001349287982679,-0.9919341047542887,0.7377422211473276,0.7424204388046262,0.2805488506953517,-0.351262375451241,-0.9867898013092359,-0.7137125227949982,-0.5735447472618491,-0.20352669433520082,-0.5430162236261878,0.44274831141877635,0.13319233901329086,0.14883100872046384,-0.1864075237699129,0.44431064023603234,0.15091275690165,-0.4430151467850652,0.2655982293446903,0.7553157250310177,0.1270746217528489,0.037917735361598426,0.16296276149008146,0.054804778443533674,-0.23944824694076827,0.4103018897660736
-0.5862038294638272,-0.7844706813382198,-0.14887668517739286,-1.8437385298764688,0.25643682630766246,0.9944563788810232,1.1568694706606761,0.19426800049460452,-1.0901514113269288,0.8779347445793211,-4.679021596666963,0.24837774956137398,0.335043507870165,-2.9160476499759764,0.1853038482773972,-1.7798857096952314,-0.39431454040040625,1.615559389022265,-0.7751795322267244,-1.1267877050373845,0.10648394079449398,2.2791302798392086,-1.1355670073511765,2.0393671496645482,-0.9210545967150736,0.6329323229763922,-0.16479390434413307,-0.7819424751276844,-1.3869696601961112,-1.001349287982679,2.7733916431990715,2.781150015049332,-2.0473580022749722,-2.002249207623623,-0.7768735029009844,0.8856824895462017,2.5911874617490107,1.9270214379699413,1.6771610851215941,0.7003783108631481,1.42996120333327,-1.0961626119339782,-0.4401311617668856,-0.46725682892340464,0.5888087019078604,-1.1053445726931332,-0.5317458177289833,1.1387323362273447,-0.7271415947179284,-2.0419949237687445,-0.37247177359395334,0.010329869669604601,-0.4977525846240393,-0.11026619610932666,0.6001427838045625,-1.1071904167400168
-0.7546996265242268,-1.3506151477320703,-0.05534752485675788,-1.5813135026410634,0.45710713134225744,1.3857389213512943,0.725776020262853,-0.26161657302123337,-1.3369079816649028,1.118956863205297,-4.80600907807796,-0.3924216122248055,0.38058714638328567,-3.155343345458714,0.09471822018334453,-1.420086554875095,-0.45951164713850556,1.6845284925252757,-1.2666902152077575,-0.9371698673644943,0.39541924706043075,2.481709697201301,-1.2706011558801116,1.7454102517520529,-0.7879960854728327,-0.06922079566770299,0.15013883761423646,-1.003477148926243,-1.5459645844927816,-0.9919341047542887,2.781150015049332,2.891569402872078,-2.116111387186834,-1.8530430242654041,-0.7146134512125681,0.6904763534099648,2.3648297070559026,1.755975787710448,1.9028193612812172,1.1012650002429156,1.2333628039618927,-0.8136554956085146,-0.662246623376297,-0.5285731197779596,0.8213342204004145,-0.7454879199192673,-1.029479854018533,0.8566410989138914,-0.7069120470200947,-1.9745779838375146,-0.4273372749696953,0.28421319587854665,-0.6316901746592205,0.026302975051909594,0.36680825175776904,-1.1203225136377144
0.5454691401051781,0.9348473001675128,0.060647723428188756,1.1933063517249154,-0.3158864172934175,-0.9708598470672359,-0.5901070733911904,0.13427310564196307,0.9595934718983673,-0.79265890141438,3.537747778549262,0.21511726030566755,-0.28467000544134263,2.3016287351228413,-0.08426049543668145,1.0924942819927372,0.33291837157467863,-1.2368536532377348,0.8841237541116458,0.7176472521895506,-0.24583803528480566,-1.8073384630586153,0.9250524167845765,-1.313151866190766,0.5971277751144547,-0.03208665575530011,-0.07326788618294648,0.7164015574183603,1.1170895739045266,0.7377422211473276,-2.0473580022749722,-2.116111387186834,1.554243970449856,1.3831826446829343,0.528366586322857,-0.5376245792177697,-1.7847238460579171,-1.311937610896064,-1.3699550739300401,-0.7613018238834863,-0.9338306681959285,0.6418316300373397,0.4613093726051802,0.37355672449515426,-0.5777617882681272,0.5935497256570357,0.7107692236666506,-0.6630063347471639,0.5233178719681414,1.4689503245094762,0.30759699877235985,-0.17054262046890334,0.448340447643065,-0.004568784065295357,-0.29471790356198996,0.8314049268842113
0.1775816648525622,-0.3498670310385961,0.26802005180886795,1.7675066627834222,0.12784538713896998,-0.07198191492961531,-1.5537849643849602,-0.8967716291088379,0.38933409750092796,-0.25730164223451685,3.206588989905943,-1.2255134347625858,-0.1643060682955274,1.714738651526325,-0.29514349344283186,1.9019144358633913,0.16909668212502313,-1.0745751913941768,-0.2629298699994464,1.1381722985324456,0.388263859955228,-1.33307941795928,0.5910116668740442,-1.9917784281874662,0.8914884569043197,-1.6098334318807557,0.6262666087149898,0.20510876391067442,0.749684860961642,0.7424204388046262,-2.002249207623623,-1.8530430242654041,1.3831826446829343,1.709502277887549,0.6755663395091004,-0.9525761063785889,-2.2647521707627836,-1.6671293006243186,-0.873212781696328,0.12681494804496452,-1.364069876326266,1.271730033001952,-0.03451593311287058,0.2191433304354917,-0.05470969626651234,1.3949046203444493,-0.42320313002651505,-1.3053077983946053,0.562652921933863,1.584471598731052,0.1739409160164474,0.4562832441661142,0.1503844348000997,0.3392158103343938,-0.8101922064251702,0.7933034919368638
0.04895229592617342,-0.18533344315640723,0.1000977136153578,0.7082581795404166,0.06550639707820527,-0.002312680070030072,-0.6298195494251734,-0.37700487560814894,0.12779083541674668,-0.0891076263419213,1.2207175145627187,-0.5242311214856503,-0.046294131944087644,0.6378252398224805,-0.11836132265793492,0.7628960435814738,0.05584520308143858,-0.40890803303096707,-0.1547296575537506,0.4506148749724902,0.15502170919407943,-0.49975509058702666,0.21003237450964396,-0.8099765054830679,0.3552832261988832,-0.6761602543749919,0.26423675348411363,0.05860946647718296,0.28363601503729435,0.2805488506953517,-0.7768735029009844,-0.7146134512125681,0.528366586322857,0.6755663395091004,0.2758690391451781,-0.3738436402844274,-0.8758331368607587,-0.6593828892053712,-0.33381424563308054,0.07117876813512494,-0.5415200616772722,0.504298768241689,-0.027521908935428413,0.08835282243067008,-0.005328825848743717,0.5656348926509821,-0.2150829567451026,-0.5321843707471894,0.21977529152042666,0.6091093456654669,0.06312049827769468,0.19131216097633374,0.05164001622311119,0.15032978168041355,-0.33418874311102226,0.29834734395448564
0.11858249652442886,0.8558948554822154,-0.2480274300642985,-1.115852039369547,-0.30407323409077647,-0.4620697550842855,1.2402504445837985,0.9773916009801271,0.12949429749072228,-0.18961243643440284,-1.29190966533921,1.3474276810703998,0.02833120120607385,-0.4743764458111213,0.2504802655611512,-1.3065333191597446,0.0036591230965420302,0.40016152782861686,0.7219399810410575,-0.7527870219316202,-0.548716565885647,0.34736368562476394,-0.10127772324396063,1.2509435571037477,-0.5666275344458995,1.5986014286255597,-0.673881450024443,0.18112674818993962,-0.13307407381230604,-0.351262375451241,0.8856824895462017,0.6904763534099648,-0.5376245792177697,-0.9525761063785889,-0.3738436402844274,0.6772593050330984,1.3165503067501945,0.9571673275296773,0.10318618716937614,-0.5604657498671886,0.8588886376923749,-0.9340220124276638,0.29321474297965194,-0.010057596791403695,-0.2657705111381605,-1.0766076502868025,0.797802312652635,0.9357923895180664,-0.27734043026787203,-0.8008519438904869,-0.008072195052590004,-0.5552347633570337,0.10133687229408893,-0.32230104836657086,0.6502643877791688,-0.348407105795881
