V1,V2,V3,V4,V5,V6,V7,V8,V9,V10,V11,V12,V13,V14,V15,V16,V17,V18,V19,V20,V21,V22,V23,V24,V25,V26,V27,V28,V29,V30,V31,V32,V33,V34,V35,V36,V37,V38,V39,V40,V41,V42,V43,V44,V45,V46,V47,V48,V49,V50,V51,V52,V53,V54,V55,V56
0.6049299027213181,-0.228253152437381,-0.43265701983547705,-0.0718218920480006,0.3430782865103466,-0.6478389294509882,0.4306922216563933,-0.12350573113073275,-0.33231258355624504,0.5311060372299445,-0.8216499839890865,-0.2948365592848633,-0.2996937401266753,-0.7862090878458761,-0.9425619151317238,0.5203159311241891,-1.0139034037688064,0.7343462772066137,0.7214172670615857,-0.2781740861087958,0.024048913343493933,-0.2574214241310538,0.39561932788249593,-0.7108291967172355,-0.16154878572722473,-0.7323338689709973,1.1749778968132807,0.5193972616047071,0.6437344445690419,-0.6042490091146339,1.0474597846024765,-0.27790695361104634,1.271795034093936,0.5292529820676272,0.330015905849578,1.6940405656717605,0.2219522703346384,-1.3712013300528352,0.9977009240184547,-0.05307961410925154,0.6444314468990424,0.6996755969114389,0.8223067329803029,0.20728194978745218,-0.3934960434803521,-0.14193121666234992,1.0479425213754763,1.542076453222689,0.2929493333855933,0.21282705391764167,0.5281435010126435,-0.22311669328636943,0.17827010850636626,-0.09403922214220475,-0.21283324472974535,0.4345887262039364
-0.228253152437381,0.22775715886993506,0.2029469481124685,-0.09781074445115463,-0.17697215171609207,0.22223590154157988,-0.30288826194400403,-0.2674356899170358,0.17567714916925817,-0.28063091887582675,0.5296401291030564,0.08016704867691643,0.3203250722021636,0.37595302562465926,0.3255914597451546,-0.40433188163458283,0.450064505400848,-0.4480998747129159,-0.24516344444759122,0.19646549711675357,0.15988690526190982,-0.029905545088426633,-0.3133251592748106,0.28778108880231207,-0.0016218834480651947,0.23100913538967238,-0.829588746008763,-0.41611746445934833,-0.06531706360419696,0.42778888731736936,-0.7593346507691238,-0.03905529749943656,-0.6055635582054245,-0.2563744160232837,-0.02334681050699071,-0.809011660300867,-0.13019358173439785,0.745580527760668,-0.7588252535727693,0.09994960316097035,-0.2991852479826223,-0.46741938506125125,-0.2533568271784415,-0.01682370107058065,0.3359590924276525,-0.05969234046913947,-0.5270972165902507,-0.48612960092541047,-0.25840348971547505,-0.25230608148150563,-0.2479446439734214,0.1312734272924318,0.11586521094680595,0.20632003520465864,0.402480982514021,-5.284877954913755e-4
-0.43265701983547705,0.2029469481124685,0.998926001675416,0.4113735568032632,-0.2950924641900569,0.28613456286504724,-0.7432521085847658,-0.5464017423220118,-1.6814003929679948,-0.6603313079212652,0.8195513257833176,-1.1701418991560337,0.08083337973080458,1.2174713539989224,0.08262171330039549,0.3910761216239459,0.747230132362487,-0.08892658977730739,-0.04398260015792539,0.7560733680853821,-0.9280236989482723,-0.1066976154436626,-0.2506279045743237,-0.38775306194060144,0.742446360007555,0.6723483335634262,-1.6672366937989114,-1.0795263476830252,-0.8823527275812579,-0.2874256611026286,-0.4008266548353807,0.2746556661307065,-1.3981582974435924,0.6789199798423504,-1.2871483619953945,-1.0062135190680008,0.22251360757058247,-0.3367763675183099,0.019358706815328728,0.744540324440649,0.2485633586519526,1.2410339019655126,0.27011350430518427,-0.648300245365493,0.7842848162475514,0.1863509963597114,-0.7118958545428873,0.20460385938244502,-1.0608098145229061,-1.3143461899104352,0.5070527276691887,1.0960634651248482,0.4818237031293006,-0.19090302065546078,0.08397523823150989,-0.14976952330070617
-0.0718218920480006,-0.09781074445115463,0.4113735568032632,0.39750322856613646,-0.02798125458584059,-0.01941655575705853,-0.16966498832474397,-0.0022367920729261443,-1.2165750698667133,-0.1401868772429556,0.010367015973966566,-0.7759043708448493,-0.2697089853967407,0.4089536113411866,-0.20982515580128497,0.6267743806929449,0.0520687268661092,0.3614471441062443,0.21313080789905464,0.21958582356834952,-0.7218003668552293,-0.03340540953051447,0.1627345913315355,-0.5333091443509694,0.44286856709886524,0.23697162442205352,-0.22221277335764633,-0.2365253928197709,-0.5479317421145291,-0.605654958668735,0.47098297302366593,0.21179520484684958,-0.2944393013823977,0.6504583978488875,-0.7950089815687078,0.12545771168024225,0.28539086440727596,-0.8567081703394557,0.7989965716990357,0.3151903638322073,0.4215827890480605,1.198068170608008,0.3888312029865654,-0.3913359633586488,0.1321972417431084,0.19908496693392078,0.06911461151685808,0.5164781883133058,-0.4004291860108364,-0.5411124971909397,0.5000977516980126,0.5460476174902159,0.13301852430771843,-0.34568442816562855,-0.35723923426499077,-0.13565206731318472
0.3430782865103466,-0.17697215171609207,-0.2950924641900569,-0.02798125458584059,0.21416945361832204,-0.3474386782725803,0.31515080580334304,0.061496519390841206,-0.08685951045296324,0.3403365209598508,-0.5496552731248784,-0.07664405527936954,-0.2280293692666622,-0.5114891875729152,-0.4919239988409516,0.31746216406190275,-0.5966686025247734,0.44563197040506564,0.3659757951070428,-0.20978457214286775,0.010421538400621646,-0.08505014720329919,0.27278496410404224,-0.3482897615481499,-0.10401069004936014,-0.41096991149644274,0.8355645091191545,0.40334438540159695,0.3364462261272573,-0.35971197936969007,0.6901662224988367,-0.11310086004585634,0.7865022771734658,0.25688662124646877,0.21868126268650173,0.9989532696275285,0.11426471844082631,-0.7779398717723107,0.6330478577652043,-0.09048409401749724,0.34055832545433123,0.35948028678546784,0.39508468339374814,0.12620358829316852,-0.30935750973061604,-0.05087060822214441,0.6286344975032429,0.7667027502620413,0.2637014235946417,0.2419153988153064,0.267856596061898,-0.19475662710487246,0.010714303767243312,-0.08958804743250517,-0.21960502125458273,0.18580690402256
-0.6478389294509882,0.22223590154157988,0.28613456286504724,-0.01941655575705853,-0.3474386782725803,0.7551198842376378,-0.32324778906845775,0.3232158906095821,0.8783404235337711,-0.5040629851374263,0.7993058327329101,0.6856759697520246,0.33363921249007705,0.6296606771798485,1.1611113693241264,-0.7266896299633654,1.0700554057229292,-0.8801949630253564,-0.9217934951105602,0.16979604089458994,0.19186211122500785,0.37572699794945685,-0.41761227241929716,1.0254017525903738,0.024912919006540652,0.7506344929674683,-1.0075366732337991,-0.3389084699331784,-0.5937043422705189,0.828727630815194,-1.174829231899095,0.30147208139336135,-1.2260376761897473,-0.8274054730691796,-0.06434457717945054,-1.8665582507694993,-0.33784525973951934,1.786347558836528,-1.2667925557883828,-0.12185198901801782,-0.8829322406864882,-1.1986484144478704,-1.1099370827353332,-0.0954964912789527,0.27148679514992896,0.1387820011497686,-1.1343721451187085,-2.017783686355313,-0.06696989680529836,0.10284002336347578,-0.785262304642287,8.877221289693627e-4,-0.3667963714751991,0.16346697856861392,0.21629286585119514,-0.5307211140396085
0.4306922216563933,-0.30288826194400403,-0.7432521085847658,-0.16966498832474397,0.31515080580334304,-0.32324778906845775,0.6960839222535419,0.5524965750684863,0.8817312044226305,0.5919429275205353,-0.905255612491611,0.6395131225237844,-0.3132196067662865,-1.0578995918720049,-0.3027714333825849,0.10916440520078281,-0.7985646539673082,0.41498780975268995,0.18924520182657878,-0.5805427937239757,0.4096751685036654,0.10722988145531889,0.4023330937930061,0.03871713002136301,-0.4244020652979188,-0.5675682632369008,1.6500525370958197,0.9931734489988299,0.555927643239996,-0.1626729146110595,0.8510424609919933,-0.11179759992413525,1.299240325371996,-0.18479954250006717,0.8005952361981401,1.2125639799631833,-0.028663574516068487,-0.39169946040214404,0.5557083817315471,-0.5117958445041119,0.07140761367506857,-0.3762320939492117,0.03603199744054516,0.3942997095888587,-0.7401798487410118,-0.056079625149743705,0.8215529995352754,0.22528473869191373,0.8488180133310584,0.9992200894411086,-0.10169562911278113,-0.7371389927204259,-0.3908469332682233,-0.046784925962635955,-0.3809616934449679,0.06453814636647476
-0.12350573113073275,-0.2674356899170358,-0.5464017423220118,-0.0022367920729261443,0.061496519390841206,0.3232158906095821,0.5524965750684863,1.190413781478788,1.4895585826703523,0.2627199351528625,-0.45409596403914804,1.2230439906134347,-0.25840868819030793,-0.5627404232936586,0.7205744731777631,-0.2751834765386073,0.03892538389324733,-0.14391815682401266,-0.5686210140395076,-0.587648823706028,0.3845330600632352,0.5347198679547758,0.23839543464651608,0.8093932313224053,-0.34796022068491395,0.13519399971347715,1.2030889345935705,0.9360429288607222,-0.17681089075019252,0.2813740089000336,0.2463260871373153,0.2809795075773433,0.3961783652195817,-0.8093799263478846,0.5856182656357147,-0.1650492919849122,-0.23182822819116164,0.8813386680528416,-0.0076876464560490555,-0.7274298873690984,-0.5912499357957026,-1.126215253424561,-0.9395892156900876,0.23532684586975658,-0.7184083296253774,0.1976260709953957,0.03183207186147243,-1.5600134442258091,0.9232473389769473,1.2478630102660853,-0.7278211874871365,-0.7779195096915096,-0.909385541145063,-0.12297158676217021,-0.5502731279841925,-0.564508615067033
-0.33231258355624504,0.17567714916925817,-1.6814003929679948,-1.2165750698667133,-0.08685951045296324,0.8783404235337711,0.8817312044226305,1.4895585826703523,5.8849202144979476,0.39279534016365725,0.02986471182223377,4.14170238600603,0.7935860064484328,-1.4258515577378774,2.180604092386368,-2.7273676463281764,0.5788812757252346,-1.8622510044243246,-1.8197362627519391,-1.245518625832857,2.7969772434944535,0.8828847049677344,-0.5238776342224443,3.1244351424677514,-1.755032051364144,-0.09427863342318295,1.2856156297870123,1.5001328923682495,1.1118390518796981,2.7025605403687796,-1.9978905472175499,-0.1922892696530819,0.5394094687646478,-3.4190242634080166,3.0289937572235583,-1.7733116064848333,-1.3265750851275249,4.797444803582434,-3.2652692362225424,-1.858879447975488,-2.503766870651544,-5.69502616046779,-2.9037282670687135,1.405489623767944,-0.9961356885658323,-0.3150732984518285,-0.8992763928894213,-4.557183418485421,2.15524152729428,3.057119209734842,-2.866114801742731,-2.519582538051504,-1.6218754453451814,1.0384763719437837,0.6890727131900725,-0.5171536284959399
0.5311060372299445,-0.28063091887582675,-0.6603313079212652,-0.1401868772429556,0.3403365209598508,-0.5040629851374263,0.5919429275205353,0.2627199351528625,0.39279534016365725,0.6262187839381682,-0.909501174542052,0.27147361431274686,-0.29913613956958773,-0.9298216953165916,-0.5852571942640031,0.24510876153031927,-0.9196599529595211,0.5493571185818156,0.45720439192793544,-0.5079990864520263,0.29102747063370954,-0.06651212752062183,0.40240229990534077,-0.3144315307962384,-0.35475307078552243,-0.6849387251855161,1.5140116346084507,0.7978443809331096,0.6539832302661645,-0.35228840833329583,0.9459675726344939,-0.21365231557193343,1.3538451073882702,0.0712328629845238,0.6149680600498033,1.4954452627909136,0.0653343202516757,-0.809232555733006,0.7979718163880029,-0.35293231128206975,0.3355451808880948,0.05995186809968885,0.3615994713637156,0.3414026507085786,-0.6089728117757263,-0.1083692242915947,0.971343537687942,0.8341458761362788,0.6334239602845696,0.6859867644258395,0.15191751685844287,-0.5859867819447246,-0.14753526059789177,-0.06811360934252242,-0.30520349265562424,0.261547777000331
-0.8216499839890865,0.5296401291030564,0.8195513257833176,0.010367015973966566,-0.5496552731248784,0.7993058327329101,-0.905255612491611,-0.45409596403914804,0.02986471182223377,-0.909501174542052,1.5012190048134486,0.0012761972807294592,0.679356985044286,1.3563789916182756,1.0866110987656663,-0.8205882849759379,1.481944277456334,-1.139738216808255,-0.8129241899671757,0.6460781394662881,-0.012329925807184278,0.08369454730736126,-0.7696991722953754,0.7569776830081587,0.2827434543181044,0.9667670936169347,-2.377142205033739,-1.2103487225423801,-0.7228776824867121,0.928934744888917,-1.8738053149209426,0.18040168463333345,-2.0353512043519477,-0.533137316856342,-0.5701861246103417,-2.496311278376596,-0.2686507972688007,1.867307170139493,-1.7227148805395323,0.36499188873315425,-0.7754298073563797,-0.8051333766537032,-0.8115131197773499,-0.3187316015338087,0.9376476376885255,0.04837774574509693,-1.6038705764747878,-1.617856720171768,-0.8356489070205073,-0.8401285208075672,-0.5682247189197467,0.610307578230903,0.18161227651448647,0.3111126655435338,0.7482071814952269,-0.3076495109446083
-0.2948365592848633,0.08016704867691643,-1.1701418991560337,-0.7759043708448493,-0.07664405527936954,0.6856759697520246,0.6395131225237844,1.2230439906134347,4.14170238600603,0.27147361431274686,0.0012761972807294592,2.963495043081565,0.4930285915512343,-0.9498866201955853,1.651453985617241,-1.883055464802387,0.47672549385629037,-1.3088557047642082,-1.3470450061470327,-0.9217401576806167,1.8988117732664236,0.6966839987952034,-0.3274880822850434,2.2380314676311626,-1.204665172303226,0.030576624456092615,0.9748340434856452,1.1115036789188824,0.6289052565317911,1.860654003599009,-1.3464579086500217,-0.05072691780735953,0.32025965484231017,-2.4414320765821778,2.0444386231359597,-1.32839862171551,-0.9256907192941198,3.4251395784416783,-2.187281593794577,-1.3605677576320019,-1.797714562710631,-3.9867053228603524,-2.151076686930653,0.9427836225916214,-0.7573106754342331,-0.15141572584392754,-0.6620656165333435,-3.4067263683029507,1.555277891636771,2.214961720739498,-2.063791831850055,-1.7831835219615775,-1.254966416141199,0.6519787941158062,0.3566959037615159,-0.48396598347357184
-0.2996937401266753,0.3203250722021636,0.08083337973080458,-0.2697089853967407,-0.2280293692666622,0.33363921249007705,-0.3132196067662865,-0.25840868819030793,0.7935860064484328,-0.29913613956958773,0.679356985044286,0.4930285915512343,0.51347155126988,0.3488586697963044,0.5920674989014597,-0.8107272617936442,0.6085694272596541,-0.7595778094327018,-0.4535340464042582,0.12660902951370298,0.5099451625147686,0.015285289004918204,-0.46765985878827476,0.6422063903503092,-0.19381728243690702,0.2432651841126327,-0.9486790611283931,-0.4149587739776787,0.08986671509268762,0.8215262022459998,-1.187033779792363,-0.10562779367087256,-0.6920248457698526,-0.668126831248784,0.2831597455501857,-1.1623347340451191,-0.30293254117004836,1.4061571501325956,-1.3003970800799203,-0.04571314170874173,-0.6051662574660043,-1.1580680274388422,-0.5783627705314748,0.13450160524891946,0.3529606455710788,-0.13392860888540947,-0.7387740278111158,-0.9835838664949783,-0.13547378771682747,-0.05002817231156289,-0.5848307416834899,-0.09435686439236962,0.031086155989856198,0.38706699430476105,0.6253723709017304,0.002308169376138239
-0.7862090878458761,0.37595302562465926,1.2174713539989224,0.4089536113411866,-0.5114891875729152,0.6296606771798485,-1.0578995918720049,-0.5627404232936586,-1.4258515577378774,-0.9298216953165916,1.3563789916182756,-0.9498866201955853,0.3488586697963044,1.7945471652048044,0.6731245786542204,-0.0702196857095009,1.3851583827867682,-0.6192860012518667,-0.43327975236367233,0.8709865603506214,-0.8282908330637547,-0.008699967867271313,-0.551451694755458,0.013653947670908603,0.7648477848098599,1.0621679754789368,-2.4439833440645593,-1.4830105436015724,-1.158037792688912,0.15440172467691518,-1.1693228791996944,0.3643123860164735,-2.1628515889181417,0.24065039926992607,-1.468449539128999,-2.031888672299104,0.04602124673368724,0.6135907898537784,-0.6373262392996693,0.7457273794704755,-0.14700969090794122,0.708605696214761,-0.26446839655125126,-0.7292570202458578,1.0740257219452958,0.22276527582323946,-1.345351804427068,-0.6858660579120265,-1.270189825619565,-1.480763916597856,0.12919159102898597,1.1476362672589069,0.42433757727574606,-0.08898237506784577,0.318798482890332,-0.31963870840223624
-0.9425619151317238,0.3255914597451546,0.08262171330039549,-0.20982515580128497,-0.4919239988409516,1.1611113693241264,-0.3027714333825849,0.7205744731777631,2.180604092386368,-0.5852571942640031,1.0866110987656663,1.651453985617241,0.5920674989014597,0.6731245786542204,1.9793828572077963,-1.48254563444093,1.5675129546523565,-1.5297121570320968,-1.5359403082860548,-0.037309924420750325,0.7535384010550411,0.6505231995889897,-0.6549486024303822,1.8882992900640854,-0.2887954413577929,1.007167356162722,-1.1327408573849593,-0.21546290938612836,-0.62497236600808,1.575079315973514,-1.946784658034334,0.36533295808339206,-1.5688656532567649,-1.748232163075722,0.3925303400924277,-2.8254123041846047,-0.6843287423964343,3.2781176004139962,-2.2081436627853486,-0.5189583430241717,-1.6179248881104842,-2.6006968314190826,-2.029147909576412,0.10994099171714687,0.1922859660928197,0.14134926419704838,-1.674645963838847,-3.5273937359931558,0.2717794533881259,0.6611103995650023,-1.5845853778820915,-0.464179085560675,-0.7916134820305254,0.3772821642889416,0.40164823667286703,-0.8056617395460798
0.5203159311241891,-0.40433188163458283,0.3910761216239459,0.6267743806929449,0.31746216406190275,-0.7266896299633654,0.10916440520078281,-0.2751834765386073,-2.7273676463281764,0.24510876153031927,-0.8205882849759379,-1.883055464802387,-0.8107272617936442,-0.0702196857095009,-1.48254563444093,1.7842319776733961,-0.9855504137032651,1.4886757486763065,1.1570024312582234,0.25608050649951997,-1.3971902317652722,-0.34929211444945407,0.6971181042099974,-1.752289357914624,0.7334101061076418,-0.35086047467703546,0.7163013019018648,0.025169077739058625,-0.3140196343976574,-1.7789749054258222,1.9990897997063888,0.11178867026503925,0.7428838691102099,1.8820776874352185,-1.1623732847069732,2.021853506453656,0.7681164359560105,-3.1942649650061385,2.464182252431997,0.6550314971005256,1.5150896520647898,3.0949723899895214,1.6813848428715696,-0.5416004567427358,-0.09165515838262543,0.19823630979452894,1.2001298282996742,2.7356712801271192,-0.5080129895973803,-0.8991977808911218,1.6099318800174451,0.8857496302024525,0.5406454227041863,-0.7131015363224872,-0.8563332795455227,0.25003336923159314
-1.0139034037688064,0.450064505400848,0.747230132362487,0.0520687268661092,-0.5966686025247734,1.0700554057229292,-0.7985646539673082,0.03892538389324733,0.5788812757252346,-0.9196599529595211,1.481944277456334,0.47672549385629037,0.6085694272596541,1.3851583827867682,1.5675129546523565,-0.9855504137032651,1.740884764851626,-1.3196482160295302,-1.1969675442072307,0.5162339979925994,0.0399452231668582,0.3701728074350128,-0.7510341174251483,1.2008566895853594,0.24330181381250796,1.1983522297940346,-2.1621897850937906,-0.9993649743604931,-0.9800299983788078,1.1148016606465645,-1.9361692051225339,0.39693174017818206,-2.2003233364488475,-0.9303019758898923,-0.5190359743865679,-2.9213763233657293,-0.4063366487459714,2.4030738654293042,-1.8572812854789023,0.13441460606639852,-1.1010672364665217,-1.265401520317686,-1.3642301502143164,-0.31978052948642977,0.7630720116127376,0.17853419590512248,-1.8242124323246836,-2.528723938443043,-0.5696266172585944,-0.45377181612237616,-0.9023121724503094,0.38661949871641543,-0.19867672670442527,0.24105010336964972,0.5135770920301251,-0.6373426165729766
0.7343462772066137,-0.4480998747129159,-0.08892658977730739,0.3614471441062443,0.44563197040506564,-0.8801949630253564,0.41498780975268995,-0.14391815682401266,-1.8622510044243246,0.5493571185818156,-1.139738216808255,-1.3088557047642082,-0.7595778094327018,-0.6192860012518667,-1.5297121570320968,1.4886757486763065,-1.3196482160295302,1.4542825040191996,1.184678403503178,-0.0779324813826996,-0.8643541506771678,-0.3454778269527712,0.7457191424456945,-1.5446545739134747,0.3392456782494862,-0.7097511420512573,1.3838643942592903,0.45389596786225167,0.21059594318665809,-1.5445721946132407,2.0424439426287737,-0.08218569570634747,1.379228256261332,1.5010976435163743,-0.4895489052081195,2.4485073917473543,0.624721847057145,-2.930358144467514,2.291555329148103,0.32120976624634023,1.369494846172626,2.3901623033492667,1.5522288481497242,-0.1937766701323507,-0.3947113686801913,0.05476105325374166,1.4939161011507442,2.672759974615644,-0.04344877684136692,-0.32335682923983183,1.339584645058788,0.34694617439893816,0.38350926257503115,-0.5456391226189224,-0.7648305429771831,0.40071497098262404
0.7214172670615857,-0.24516344444759122,-0.04398260015792539,0.21313080789905464,0.3659757951070428,-0.9217934951105602,0.18924520182657878,-0.5686210140395076,-1.8197362627519391,0.45720439192793544,-0.8129241899671757,-1.3470450061470327,-0.4535340464042582,-0.43327975236367233,-1.5359403082860548,1.1570024312582234,-1.1969675442072307,1.184678403503178,1.2523404586913445,-0.0023448765311086138,-0.6070128927488595,-0.5433065758537909,0.5082896785137008,-1.5600906994027208,0.22723902630922663,-0.7597596623550658,0.8219082285089582,0.11759744726126152,0.4449383286295134,-1.2682677067431878,1.4927334706653355,-0.3031810415101339,1.1870372343972464,1.3832816028261363,-0.3894123412323984,2.1997454501986073,0.5639444987492475,-2.553727835897284,1.8093728181277176,0.400130259639436,1.2949114206174974,2.097793817592637,1.6109640692551603,-0.10969645370785525,-0.1260566333000763,-0.09917747444930433,1.3154698783460255,2.7950088981328096,-0.27223278393814027,-0.5818082290510384,1.2354601756525536,0.3903239872767511,0.6306315493495153,-0.32234664710014105,-0.30389034426455586,0.6357250741400033
-0.2781740861087958,0.19646549711675357,0.7560733680853821,0.21958582356834952,-0.20978457214286775,0.16979604089458994,-0.5805427937239757,-0.587648823706028,-1.245518625832857,-0.5079990864520263,0.6460781394662881,-0.9217401576806167,0.12660902951370298,0.8709865603506214,-0.037309924420750325,0.25608050649951997,0.5162339979925994,-0.0779324813826996,-0.0023448765311086138,0.6440056130439531,-0.6433555825195992,-0.13552264497713296,-0.23910709775236938,-0.29200813599300596,0.5461634118786889,0.4233440512164314,-1.3435883478346888,-0.8790731094490364,-0.5217553958446504,-0.15746767784883797,-0.36933330825506905,0.14313308671308778,-1.0260897124057309,0.5369206127208278,-0.8859653429680033,-0.7193934440722719,0.14486111655369768,-0.29184984691313465,-0.13673569443141986,0.6284867250012303,0.20628635037203893,0.9023497992152174,0.28356679427333265,-0.4495915066243088,0.6576199060095064,0.07301718854096513,-0.5396119167955422,0.3128388695344116,-0.8360364095046641,-1.0542923156955264,0.4313504433940422,0.8426058016879496,0.4751472880232488,-0.05990516511937372,0.18499175883686736,-0.006437632150600563
0.024048913343493933,0.15988690526190982,-0.9280236989482723,-0.7218003668552293,0.010421538400621646,0.19186211122500785,0.4096751685036654,0.3845330600632352,2.7969772434944535,0.29102747063370954,-0.012329925807184278,1.8988117732664236,0.5099451625147686,-0.8282908330637547,0.7535384010550411,-1.3971902317652722,0.0399452231668582,-0.8643541506771678,-0.6070128927488595,-0.6433555825195992,1.5598291401992666,0.20452249841888098,-0.2966912278977207,1.28566739511965,-0.9903848500959312,-0.31604050781055393,0.6007200047594261,0.6654973317565114,0.91510478556159,1.3226647374950729,-1.0335422117246256,-0.343586546690071,0.5375343749151755,-1.5756448346174161,1.6645847710950494,-0.49979669178005753,-0.6146256347110978,2.1725636824077315,-1.6242644351962616,-0.8685014688611884,-1.0710964882766767,-2.7678275120102716,-1.1027416894625157,0.8142686345955623,-0.42310033741577585,-0.3094535996278464,-0.22908646448405484,-1.6417336159077114,0.9831688140346263,1.3790270051968256,-1.3059181462262028,-1.2648548546092973,-0.558793918446993,0.638597614928153,0.6018393611499641,0.053205157309255735
-0.2574214241310538,-0.029905545088426633,-0.1066976154436626,-0.03340540953051447,-0.08505014720329919,0.37572699794945685,0.10722988145531889,0.5347198679547758,0.8828847049677344,-0.06651212752062183,0.08369454730736126,0.6966839987952034,0.015285289004918204,-0.008699967867271313,0.6505231995889897,-0.34929211444945407,0.3701728074350128,-0.3454778269527712,-0.5433065758537909,-0.13552264497713296,0.20452249841888098,0.34011017562933243,-0.05739410389590618,0.6778816787325384,-0.11225116564052944,0.2860890961178732,0.12510130744674278,0.23158989443907943,-0.239016616969113,0.3982635074899514,-0.28974648968261996,0.21707071404262748,-0.2596314561122438,-0.5912665271761817,0.21072903106161445,-0.6845642120155869,-0.22057136811548236,0.9072384887646179,-0.460981879803099,-0.29592524229743405,-0.5193641139159814,-0.8304912831799932,-0.7391509400067195,0.059571418043646435,-0.1709757990538177,0.11229309627159287,-0.37688403964074635,-1.257765140879577,0.33471328938961875,0.5062266124954838,-0.5189135517787956,-0.3014279971823654,-0.45193118048143627,0.019898116241096688,-0.13748731805498363,-0.38046201328785634
0.39561932788249593,-0.3133251592748106,-0.2506279045743237,0.1627345913315355,0.27278496410404224,-0.41761227241929716,0.4023330937930061,0.23839543464651608,-0.5238776342224443,0.40240229990534077,-0.7696991722953754,-0.3274880822850434,-0.46765985878827476,-0.551451694755458,-0.6549486024303822,0.6971181042099974,-0.7510341174251483,0.7457191424456945,0.5082896785137008,-0.23910709775236938,-0.2966912278977207,-0.05739410389590618,0.47083093066055476,-0.6123437325044164,0.0403411901578349,-0.3972944334841855,1.1360443730201186,0.5387859807847439,0.1380509380160704,-0.7356080847430146,1.168640075769666,-0.0050302310669641985,0.9326632591528042,0.5626879010275996,-0.02684361178280431,1.3424180603161961,0.265430931767503,-1.3258835855624354,1.2183644461505416,-0.05589204756155687,0.5743190583978282,0.9169477123362109,0.5937303555508752,0.0012062878353924038,-0.4353785630285077,0.05992114767548057,0.858433674212119,1.0510942131770629,0.26739475093672394,0.21317782553211087,0.5033657508965264,-0.07658144743564599,-0.04144914822139619,-0.3037460368771817,-0.5353758942991457,0.09640918507643977
-0.7108291967172355,0.28778108880231207,-0.38775306194060144,-0.5333091443509694,-0.3482897615481499,1.0254017525903738,0.03871713002136301,0.8093932313224053,3.1244351424677514,-0.3144315307962384,0.7569776830081587,2.2380314676311626,0.6422063903503092,0.013653947670908603,1.8882992900640854,-1.752289357914624,1.2008566895853594,-1.5446545739134747,-1.5600906994027208,-0.29200813599300596,1.28566739511965,0.6778816787325384,-0.6123437325044164,2.1783958679408784,-0.6617976446650877,0.6227146270886785,-0.4593240331667392,0.24258526443089978,-0.055842058754923804,1.847305300967032,-1.886555730051961,0.18649662577754966,-0.9161391240600532,-2.097128900915207,1.1516938475775977,-2.4057467886624178,-0.8466879465761831,3.502382270118696,-2.510303478722367,-0.8067573792329631,-1.7869781691455389,-3.3427033159023036,-2.1396014641272645,0.47356977221847363,-0.1086707831054782,-0.02111884452659057,-1.4058793184879037,-3.5880512122577506,0.7677270976382417,1.264154669899279,-1.8207278944318954,-0.9808013380608648,-0.9270774720003111,0.5889684788231068,0.5098798764054294,-0.6514080979451542
-0.16154878572722473,-0.0016218834480651947,0.742446360007555,0.44286856709886524,-0.10401069004936014,0.024912919006540652,-0.4244020652979188,-0.34796022068491395,-1.755032051364144,-0.35475307078552243,0.2827434543181044,-1.204665172303226,-0.19381728243690702,0.7648477848098599,-0.2887954413577929,0.7334101061076418,0.24330181381250796,0.3392456782494862,0.22723902630922663,0.5461634118786889,-0.9903848500959312,-0.11225116564052944,0.0403411901578349,-0.6617976446650877,0.6846910009241761,0.36802615094319396,-0.8232096998902219,-0.6509709702806425,-0.6952096554294807,-0.6570397131203891,0.3094058721024953,0.2515225882017875,-0.7147193430595351,0.9022528087247145,-1.1481031611209003,-0.14200736686237447,0.3316216172160979,-1.0450623543929418,0.6847727522374567,0.6314562942464109,0.5358389693906463,1.6021394733991365,0.5514407515284132,-0.5717085330309087,0.4487274865600812,0.19749936326637543,-0.1559697786498985,0.7541466161020746,-0.7760406566804673,-1.0326062188405365,0.7344413478137386,0.9154918666318461,0.4004971382765295,-0.3364296592269054,-0.2360545120960001,-0.08095986195693068
-0.7323338689709973,0.23100913538967238,0.6723483335634262,0.23697162442205352,-0.41096991149644274,0.7506344929674683,-0.5675682632369008,0.13519399971347715,-0.09427863342318295,-0.6849387251855161,0.9667670936169347,0.030576624456092615,0.2432651841126327,1.0621679754789368,1.007167356162722,-0.35086047467703546,1.1983522297940346,-0.7097511420512573,-0.7597596623550658,0.4233440512164314,-0.31604050781055393,0.2860890961178732,-0.3972944334841855,0.6227146270886785,0.36802615094319396,0.9480053670082322,-1.4670597986121354,-0.6967743546193967,-0.9668993824507376,0.4669504806820542,-1.0362338918915328,0.40750032428038657,-1.6009143350050157,-0.3456824053445708,-0.689575303936026,-1.929172449427548,-0.14293794998551493,1.2542137158089786,-0.8640251478319586,0.1950129779802519,-0.586302466297323,-0.3411563362455248,-0.7932614934244577,-0.39630048182432426,0.513108985893955,0.24245559589551682,-1.1987975177148842,-1.588398529992089,-0.5015774148453777,-0.4646203688138792,-0.41195445754557813,0.48852442534877133,-0.15025578003126436,-0.021087571529502285,0.11306192129575439,-0.5606666419738154
1.1749778968132807,-0.829588746008763,-1.6672366937989114,-0.22221277335764633,0.8355645091191545,-1.0075366732337991,1.6500525370958197,1.2030889345935705,1.2856156297870123,1.5140116346084507,-2.377142205033739,0.9748340434856452,-0.9486790611283931,-2.4439833440645593,-1.1327408573849593,0.7163013019018648,-2.1621897850937906,1.3838643942592903,0.8219082285089582,-1.3435883478346888,0.6007200047594261,0.12510130744674278,1.1360443730201186,-0.4593240331667392,-0.8232096998902219,-1.4670597986121354,4.103630333871933,2.3114349832894376,1.2629510294496968,-0.8915643312015787,2.555578951973804,-0.26425480753390734,3.2965904821367387,0.052707372560079756,1.528865004966441,3.478392773693515,0.14036109732301574,-1.8201169657281373,2.068777577211,-1.0440034825208138,0.6255627890210925,-0.005020924742256001,0.5511889824443873,0.786305864683943,-1.7601703913518254,-0.08922982103939757,2.310278169917158,1.3609327761357608,1.8420191165919007,2.0782552977363964,0.2058611514045744,-1.5343016574851156,-0.7512486028926487,-0.31894913697435145,-1.125946573288013,0.2663848763967083
0.5193972616047071,-0.41611746445934833,-1.0795263476830252,-0.2365253928197709,0.40334438540159695,-0.3389084699331784,0.9931734489988299,0.9360429288607222,1.5001328923682495,0.7978443809331096,-1.2103487225423801,1.1115036789188824,-0.4149587739776787,-1.4830105436015724,-0.21546290938612836,0.025169077739058625,-0.9993649743604931,0.45389596786225167,0.11759744726126152,-0.8790731094490364,0.6654973317565114,0.23158989443907943,0.5387859807847439,0.24258526443089978,-0.6509709702806425,-0.6967743546193967,2.3114349832894376,1.4593786462407903,0.6989546217675277,-0.09603132104178048,1.056119652163985,-0.11506081999096239,1.7334514744344738,-0.4409022512249686,1.1977341438831217,1.4691175442082778,-0.09300073455381695,-0.21583918822882348,0.6255778416062259,-0.8247518818835023,-0.07061558061408191,-0.8120464560087632,-0.16001137865047318,0.5786503180525435,-1.0862401441119678,-0.046956266164152674,1.032397218393328,-0.07718395748056973,1.2767378063158712,1.5492392385606237,-0.3318972214267985,-1.1170533103553115,-0.6879732765606319,-0.051473821845141564,-0.5409227339752904,-0.023256344613662088
0.6437344445690419,-0.06531706360419696,-0.8823527275812579,-0.5479317421145291,0.3364462261272573,-0.5937043422705189,0.555927643239996,-0.17681089075019252,1.1118390518796981,0.6539832302661645,-0.7228776824867121,0.6289052565317911,0.08986671509268762,-1.158037792688912,-0.62497236600808,-0.3140196343976574,-0.9800299983788078,0.21059594318665809,0.4449383286295134,-0.5217553958446504,0.91510478556159,-0.239016616969113,0.1380509380160704,-0.055842058754923804,-0.6952096554294807,-0.9668993824507376,1.2629510294496968,0.6989546217675277,1.2777142447232286,0.1870302964597606,0.32830077490144705,-0.5482651024191164,1.4980107077264113,-0.3004754700663631,1.2409512321850964,1.3941715081060484,-0.13606995832312893,-0.20148422351738046,-0.062497162779799526,-0.41631341845009007,0.09832912740723417,-0.7978798511738865,0.31488618889856407,0.6651987221519404,-0.4766258868023471,-0.3891754916972472,0.8725020321337212,0.852695606082556,0.6992328310196521,0.7859727638239354,-0.11954841463615386,-0.8498972318178073,0.0478788921213137,0.34718583450620927,0.29570987672174986,0.6051801516867998
-0.6042490091146339,0.42778888731736936,-0.2874256611026286,-0.605654958668735,-0.35971197936969007,0.828727630815194,-0.1626729146110595,0.2813740089000336,2.7025605403687796,-0.35228840833329583,0.928934744888917,1.860654003599009,0.8215262022459998,0.15440172467691518,1.575079315973514,-1.7789749054258222,1.1148016606465645,-1.5445721946132407,-1.2682677067431878,-0.15746767784883797,1.3226647374950729,0.3982635074899514,-0.7356080847430146,1.847305300967032,-0.6570397131203891,0.4669504806820542,-0.8915643312015787,-0.09603132104178048,0.1870302964597606,1.8234573032452506,-2.0869749622929583,-0.041519634856051875,-0.9389627671375202,-1.8749776155134488,1.0875286397609858,-2.2522489477862213,-0.7794887008208861,3.2854387156685845,-2.5918239072026092,-0.5971677733035566,-1.5802539373116333,-3.0991417303543765,-1.751599167295046,0.48230858692825956,0.1537437154804941,-0.16569415669974302,-1.353029149843203,-2.9112402140440574,0.45033716092220355,0.8393860068828896,-1.6212933851807678,-0.7900602484213216,-0.5491224370385236,0.7133527784087398,0.8542189376323799,-0.32936117205273474
1.0474597846024765,-0.7593346507691238,-0.4008266548353807,0.47098297302366593,0.6901662224988367,-1.174829231899095,0.8510424609919933,0.2463260871373153,-1.9978905472175499,0.9459675726344939,-1.8738053149209426,-1.3464579086500217,-1.187033779792363,-1.1693228791996944,-1.946784658034334,1.9990897997063888,-1.9361692051225339,2.0424439426287737,1.4927334706653355,-0.36933330825506905,-1.0335422117246256,-0.28974648968261996,1.168640075769666,-1.886555730051961,0.3094058721024953,-1.0362338918915328,2.555578951973804,1.056119652163985,0.32830077490144705,-2.0869749622929583,3.058377824121141,-0.03330798735745352,2.2310385989205437,1.7953230318994533,-0.39839903118499803,3.5411960627233356,0.7799462619584429,-3.880836233940479,3.278452053372203,0.1521102652776241,1.7399792307443154,2.933990655606514,1.8545055738556953,-0.14287947180704375,-0.8758162112983422,0.128894291097985,2.2092062546052142,3.27148251650774,0.35313893046209405,0.08027159640385174,1.6344152645445544,0.11936947725420913,0.19820701219045445,-0.80942930157222015,-1.3059582095351039,0.39658714872013395
-0.27790695361104634,-0.03905529749943656,0.2746556661307065,0.21179520484684958,-0.11310086004585634,0.30147208139336135,-0.11179759992413525,0.2809795075773433,-0.1922892696530819,-0.21365231557193343,0.18040168463333345,-0.05072691780735953,-0.10562779367087256,0.3643123860164735,0.36533295808339206,0.11178867026503925,0.39693174017818206,-0.08218569570634747,-0.3031810415101339,0.14313308671308778,-0.343586546690071,0.21707071404262748,-0.0050302310669641985,0.18649662577754966,0.2515225882017875,0.40750032428038657,-0.26425480753390734,-0.11506081999096239,-0.5482651024191164,-0.041519634856051875,-0.03330798735745352,0.3032465246398114,-0.534417160667194,-0.008619285573550852,-0.415456667436905,-0.5757215570016924,0.0020325377742143056,0.16690115589935542,0.03417359420425222,0.06642159992293463,-0.13016622816707554,0.16842565607878035,-0.30315125746531046,-0.24071254281398324,0.06574612273886851,0.19738897963365284,-0.3475156229624998,-0.6096224572535686,-0.10829186071023128,-0.09673510519619606,-0.039809682472899885,0.20973869819150304,-0.17518991684672483,-0.17188264400829936,-0.2564148740318247,-0.3514893783785619
1.271795034093936,-0.6055635582054245,-1.3981582974435924,-0.2944393013823977,0.7865022771734658,-1.2260376761897473,1.299240325371996,0.3961783652195817,0.5394094687646478,1.3538451073882702,-2.0353512043519477,0.32025965484231017,-0.6920248457698526,-2.1628515889181417,-1.5688656532567649,0.7428838691102099,-2.2003233364488475,1.379228256261332,1.1870372343972464,-1.0260897124057309,0.5375343749151755,-0.2596314561122438,0.9326632591528042,-0.9161391240600532,-0.7147193430595351,-1.6009143350050157,3.2965904821367387,1.7334514744344738,1.4980107077264113,-0.9389627671375202,2.2310385989205437,-0.534417160667194,3.0932305617623324,0.46156262846044294,1.3293117051855465,3.546228546470865,0.25582007335261775,-2.1644866804983045,1.8848323149623027,-0.6435507098005271,0.9197401005388263,0.45519253650126085,1.1291045326946683,0.725917319223076,-1.3030942366474665,-0.27108850313477545,2.275670394930205,2.3003108148375038,1.2898938155352113,1.3501138804969535,0.5516958655903242,-1.1174036516989474,-0.16791461854238024,-0.14858067573573236,-0.6303844649328946,0.6828661074487881
0.5292529820676272,-0.2563744160232837,0.6789199798423504,0.6504583978488875,0.25688662124646877,-0.8274054730691796,-0.18479954250006717,-0.8093799263478846,-3.4190242634080166,0.0712328629845238,-0.533137316856342,-2.4414320765821778,-0.668126831248784,0.24065039926992607,-1.748232163075722,1.8820776874352185,-0.9303019758898923,1.5010976435163743,1.3832816028261363,0.5369206127208278,-1.5756448346174161,-0.5912665271761817,0.5626879010275996,-2.097128900915207,0.9022528087247145,-0.3456824053445708,0.052707372560079756,-0.4409022512249686,-0.3004754700663631,-1.8749776155134488,1.7953230318994533,-0.008619285573550852,0.46156262846044294,2.2410571726059008,-1.4593369908614227,1.967957449121189,0.8788908008783176,-3.4877817123649115,2.406593613094801,0.9892359845199062,1.7421272444826812,3.5715551914868824,2.0801972694379427,-0.668442588872405,0.265994190985328,0.12188543681783973,1.1112272928402862,3.348903631944035,-0.9686468424646454,-1.5001305044124214,1.8998287379621603,1.2830617101101305,0.9443501645536836,-0.6523303699464718,-0.575736808954688,0.47280558884332513
0.330015905849578,-0.02334681050699071,-1.2871483619953945,-0.7950089815687078,0.21868126268650173,-0.06434457717945054,0.8005952361981401,0.5856182656357147,3.0289937572235583,0.6149680600498033,-0.5701861246103417,2.0444386231359597,0.2831597455501857,-1.468449539128999,0.3925303400924277,-1.1623732847069732,-0.5190359743865679,-0.4895489052081195,-0.3894123412323984,-0.8859653429680033,1.6645847710950494,0.21072903106161445,-0.02684361178280431,1.1516938475775977,-1.1481031611209003,-0.689575303936026,1.528865004966441,1.1977341438831217,1.2409512321850964,1.0875286397609858,-0.39839903118499803,-0.415456667436905,1.3293117051855465,-1.4593369908614227,2.043632021739736,0.36586597860842635,-0.5592474272590182,1.6257916296458808,-1.1713710496368095,-1.0459344127739352,-0.8845764194057976,-2.689077558295528,-0.8708490498546649,0.9933098338351531,-0.8120586090418892,-0.3481263627984027,0.3269718619399941,-1.1921430169940594,1.386622794028799,1.8170293180701718,-1.1777906048482227,-1.5540477386958227,-0.6736445948005149,0.5861909234937148,0.364198692364779,0.14762093602509932
1.6940405656717605,-0.809011660300867,-1.0062135190680008,0.12545771168024225,0.9989532696275285,-1.8665582507694993,1.2125639799631833,-0.1650492919849122,-1.7733116064848333,1.4954452627909136,-2.496311278376596,-1.32839862171551,-1.1623347340451191,-2.031888672299104,-2.8254123041846047,2.021853506453656,-2.9213763233657293,2.4485073917473543,2.1997454501986073,-0.7193934440722719,-0.49979669178005753,-0.6845642120155869,1.3424180603161961,-2.4057467886624178,-0.14200736686237447,-1.929172449427548,3.478392773693515,1.4691175442082778,1.3941715081060484,-2.2522489477862213,3.5411960627233356,-0.5757215570016924,3.546228546470865,1.967957449121189,0.36586597860842635,5.063914563787543,0.8463153878414671,-4.638054947049683,3.6317561560025027,-7.178297160830977e-4,2.1650016704828614,2.913979393511086,2.573895620788289,0.30598148937500197,-1.1602319019379748,-0.21130497110202298,3.142893050989059,4.715485927779081,0.6744175204065278,0.3648840435709147,1.8726663136508874,-0.3272570572954553,0.48775782223850433,-0.6008895765551654,-1.0433897717340908,1.067401398942853
