V1,V2,V3,V4,V5,V6,V7,V8,V9,V10,V11,V12,V13,V14,V15,V16,V17,V18,V19,V20,V21,V22,V23,V24,V25,V26,V27,V28,V29,V30,V31,V32,V33,V34,V35,V36,V37,V38,V39,V40,V41,V42,V43,V44,V45,V46,V47,V48,V49,V50,V51,V52,V53,V54,V55,V56
1.0183516954860132,0.7414005373895145,0.3228622781099193,1.7301744191670065,-0.3694742051804381,1.7221798135678152,-1.3190152089787626,0.5659006172271671,-1.6957645913638526,0.3038264305430339,-0.11271721100562479,-1.0262810124648174,-1.2635511801171686,-0.7544511396600266,-0.43535746434358924,-1.174486292921057,-0.6950259833679616,0.07901495033130991,-0.13478531801541802,-0.2926330975860671,-0.8649829602073492,0.8512146936380226,0.4080016081269632,-0.694965901586483,0.051839771354593805,-0.06499494376056618,0.1457845895623225,0.6250218161473685,1.2255020511001102,-0.1322037857513547,1.0594903757504557,-1.049445560760551,-0.498890643011359,-0.031717261687444535,-0.5439608124614506,-0.06071346563502733,-0.4410218700531312,1.5443560399889134,-0.7870697695117976,1.5879544561095569,0.9007045022408345,0.45152164929851535,1.699409778222855,0.06281372679591965,-1.2015659729167214,-0.40400169978807093,-1.1601061939494846,-1.6609554793311623,-0.1540479276208547,0.05383198487072571,0.6438144615294576,1.8255691042262145,0.1238289789148917,0.2563196973662306,-0.2106308371849612,0.054718522210417245
0.7414005373895145,0.5944620093603206,0.30478069480372266,1.0821976902554304,-0.189673419244233,1.3812232746043778,-1.1411666579316502,0.8683688882394772,-1.3486367581544372,0.30766819370374965,-0.09441664610588649,-0.7492613926296909,-0.8584291010702709,-0.6159640264828289,-0.34339125587900476,-0.829972845068977,-0.43497153629019664,-0.12133455508833589,-0.02570216543074849,0.03924387017745738,-0.2879272357268439,0.46379493151088996,0.1027020118154803,-0.8154125234977804,0.03471861354795864,-0.05706416814601261,0.0310479777908362,0.5840102665236261,0.7540224434167666,-0.01117067216516352,1.0361841299028312,-0.4735233944294209,-0.4022470665453165,-0.040094235709970456,-0.18238972550621294,0.04051705219825504,-0.5192185694149343,1.202128955718971,-0.7880037470809254,0.9929411576965056,0.7384316333300802,0.6063372379654719,0.9962592159437058,-0.23250302303550677,-0.8257929456585782,-0.4615244926702287,-1.077226299084741,-1.1497810673157174,-0.2052197205245638,-0.11206654532512822,0.5654623214062509,1.4114032870172175,0.1628733160808763,0.23634483067624593,0.13484058736377355,0.02327294216439077
0.3228622781099193,0.30478069480372266,0.2626530119334099,0.11650366043886175,0.13690251502401157,0.9076804168487791,-0.8046036766356763,1.210387034278908,-0.7495544506460053,0.3137173546564406,-0.024457662927790783,-0.34771424568832104,-0.2424328789570155,-0.41915053426475496,-0.10181118173710882,-0.3398167548887789,-0.03231212762612573,-0.4245924922189385,0.10396402398902453,0.49595572367440266,0.5462927612403156,-0.06488386003883259,-0.33418601312000357,-0.9279041549348945,0.01951370737696536,-0.03068052133997031,-0.07196489034424867,0.4435571163357523,-0.02858115156884329,0.12830990522097657,0.8678223831470747,0.3059142010242195,-0.19926866201677118,-0.04502601511909068,0.33818082553748124,0.15316335335707323,-0.6142271826733241,0.5698589950350847,-0.6993093016965777,0.1241651905519839,0.4229228412994269,0.8019293611796715,-0.06761335933187836,-0.6623158148094649,-0.2212660529197926,-0.4516691041218066,-0.7770855640392574,-0.3298894992398944,-0.19917863307762002,-0.30052353664508047,0.4668098255525027,0.7092248315739696,0.26037533821523334,0.16240833192243515,0.5131272370836739,0.0033053754315241816
1.7301744191670065,1.0821976902554304,0.11650366043886175,4.109679382139597,-1.3269236143756296,1.935947174573103,-1.2042481652510293,-1.8162177308089238,-2.3193218458972655,-0.07397553350157457,-0.22980887568029545,-1.6797778979186067,-2.576901841422523,-0.7905340880480525,-0.8563101100758436,-2.0781478272999987,-1.6927687376333365,1.3545760463319936,-0.6206531105159352,-2.086937120273959,-3.689809190781271,2.3441780807823083,1.9470152626926092,0.7272697341737935,0.07791117472059612,-0.08579959250374693,0.5558368798937448,0.4097250396770326,3.2265526477494424,-0.6790324639335639,0.38036836590322126,-3.499284606548333,-0.7462732764845925,0.039204074410191525,-2.305559978892961,-0.5634684702087196,0.5344163077751816,2.4269680121393957,-0.1329041804883212,3.721640108858632,1.1698835492875579,-1.0144848355820484,4.533201796642396,1.9552314367780297,-2.481360212595288,0.17499843825865793,-0.8912337850035763,-3.364474248101684,0.13134518178546717,0.9422823736058538,0.3772423253757601,2.7612184636794566,-0.3965262665352448,0.22303174209932566,-1.905922933897386,0.125914898464438
-0.3694742051804381,-0.189673419244233,0.13690251502401157,-1.3269236143756296,0.578775629613203,-0.010288713664704635,-0.1181513195045298,1.420893395259227,0.3080440555382378,0.2448074166615357,0.08145074560920858,0.32650368355768594,0.7197521367250397,-0.027462409619668688,0.2711730249847976,0.4636992078673471,0.5650318806010246,-0.7640248171646239,0.2710768853817904,1.0460445261627493,1.636262374723162,-0.8267152260476529,-0.8938910918977573,-0.8684856095111554,-0.00837737450054914,0.014917354694130108,-0.20910251811603478,0.1336744597154268,-1.1631359559917425,0.303847530976752,0.41602511218969385,1.3775847076983156,0.1440711710548368,-0.04139612446401396,1.019438000008559,0.2826317139116567,-0.6043238048228106,-0.49026901923795996,-0.4021425878875521,-1.1803728701005354,-0.13931264917855268,0.8940418560965188,-1.6090762582996523,-1.130528008782452,0.7161956571095965,-0.3324498844676586,-0.15689162280412455,0.9495879179485334,-0.1459849075130999,-0.5065258857823858,0.2061286111651709,-0.4891475388735575,0.33687653561649167,0.016949707593833612,0.9500404024151219,-0.02806445759409556
1.7221798135678152,1.3812232746043778,0.9076804168487791,1.935947174573103,-0.010288713664704635,3.7709024740003394,-3.088415421822144,3.278533774489334,-3.318564605726432,1.0155159115099626,-0.1428256892917287,-1.796407647176215,-1.7691098195853918,-1.6988745568130792,-0.6001767422911822,-1.9267512305407153,-0.7365205758297192,-0.9041593511003587,0.09282722058896388,0.8414182990293749,0.41199347548201326,0.6963474357139996,-0.36804640763809465,-2.7730603250189962,0.09993065422976972,-0.1254404539715234,0.009900728090706211,1.5838856898109879,1.0745569002289899,0.14760657589340503,2.9515947936679163,-0.348183231852869,-0.9091723714596134,-0.12954749313671346,0.245969530187911,0.2738801490044764,-1.8299362621357433,2.737194607815786,-2.3223903650878754,1.825995245537968,1.8044475086798617,2.265829784185576,1.4737273105425668,-1.4602852026416413,-1.644882435536315,-1.381828712768636,-2.817797697662625,-2.330185584976731,-0.5646925940231983,-0.61040809074487,1.705206726118387,3.3494473855119042,0.7392572314931695,0.5986377206604804,0.9091605583632917,0.07481062191691552
-1.3190152089787626,-1.1411666579316502,-0.8046036766356763,-1.2042481652510293,-0.1181513195045298,-3.088415421822144,2.647327321079481,-3.224129985960502,2.718843904010129,-0.913942798126738,0.12752184371495445,1.3794087416482979,1.258751876863267,1.4058714457453454,0.49820940156607074,1.43734778069918,0.45232325877230034,0.9736854861743124,-0.18345202866413302,-1.0391592868663835,-0.8511258792620624,-0.2900495651627398,0.5860064698838313,2.6079275377234783,-0.07226965499508252,0.11116826368822746,0.10835672317844514,-1.4130746399237761,-0.6034776495822686,-0.24515360345778187,-2.6724949910969884,-0.18723256155908735,0.7561932965775251,0.12599186163425094,-0.5228760452576928,-0.34189449505142966,1.7116318533743171,-2.215726161703313,2.114241727126979,-1.1430142992522545,-1.509871277894934,-2.1697802713094596,-0.7501488215345146,1.5546982724394591,1.1817197360555092,1.3178052345416769,2.5180774069185237,1.6901534086130032,0.5763677048554889,0.7030761570685882,-1.4586940642868687,-2.692408613094536,-0.6816783003024289,-0.535172917429374,-1.144326790362559,-0.03184811624896848
0.5659006172271671,0.8683688882394772,1.210387034278908,-1.8162177308089238,1.420893395259227,3.278533774489334,-3.224129985960502,6.952920069508528,-2.3123654278280474,1.5659228650425192,0.005327078587618646,-0.712374268623642,0.3142685519543905,-1.575578573327697,-0.020734879826963853,-0.44042655047903245,0.8207635926428675,-2.8452338040414125,0.8714405014220362,3.625663645287554,4.796387476748446,-1.6837765318939542,-2.755105833563884,-4.94103939612092,0.04716198653881595,-0.10217756468603982,-0.6862494130153524,1.9335428044836749,-1.9910543586963596,1.0256822505974175,4.021704894747805,3.5295575306732605,-0.547622856588556,-0.24229468453106676,2.9822669377975184,1.0778643698337071,-3.2969566542375346,1.3860602019309867,-3.3372148377248254,-1.5577867319195866,1.3913702215168156,4.489719481593608,-2.9520659828218756,-4.350835997620614,0.35414361127972327,-2.3157595327569562,-3.2949060375568644,0.33609832413972834,-1.0609386979849946,-2.017975870583372,2.043781369047084,1.8613490252337073,1.4852077253424607,0.6689280997564205,3.6255059124383457,-0.06237824876924314
-1.6957645913638526,-1.3486367581544372,-0.7495544506460053,-2.3193218458972655,0.3080440555382378,-3.318564605726432,2.718843904010129,-2.3123654278280474,3.123998066810211,-0.7863783232632072,0.18837010028548332,1.7314796804580541,1.9018975196648267,1.4838315781167801,0.7155273082012612,1.9030730556380118,0.918767652191275,0.4477664319130303,0.023162543904530666,-0.28727945296971513,0.36950622838491676,-0.9658149911965088,-0.07348303829497618,2.0943134492170086,-0.08648963141706938,0.12650163324187458,-0.06491265911473494,-1.385369448252326,-1.5284303525048355,-0.014874697053044048,-2.497665634298262,0.8920535090854296,0.9045405050095047,0.10058162429272163,0.2386530119936962,-0.1355813140339169,1.3539271922905625,-2.717024451424861,1.923071213600422,-2.1445704152586185,-1.7025416928158812,-1.6146255421434363,-2.049002128471523,0.7800983700682667,1.808327556855304,1.1246603888044577,2.522555787998703,2.5296388724563754,0.48056129075278364,0.3420077289161344,-1.4036395014463077,-3.235734803411846,-0.47718026424526716,-0.5471498968279828,-0.4481751002648649,-0.0630064619309513
0.3038264305430339,0.30766819370374965,0.3137173546564406,-0.07397553350157457,0.2448074166615357,1.0155159115099626,-0.913942798126738,1.5659228650425192,-0.7863783232632072,0.3889905512315348,-0.012310504819955598,-0.33914926950377006,-0.1598965827497991,-0.4739352035451007,-0.06664390128734339,-0.31031599307419255,0.05121273397702212,-0.5925534797137834,0.15543640621529933,0.7129802343372599,0.8608398768724643,-0.19649478650187896,-0.5099179185229551,-1.1676076178608443,0.021090914642070288,-0.031242798140613856,-0.10900918920548265,0.5123139224244362,-0.21518553026018328,0.1880370202265644,1.026752954814339,0.5488106968349452,-0.19771400727199331,-0.05590784978158762,0.5336814572187762,0.21228778940327067,-0.7785301778010679,0.5553599841576986,-0.8390036594550221,-0.041549654167576104,0.44785747731581027,1.0325129041354622,-0.32376795266174074,-0.91328196177441745,-0.1348210349388512,-0.5511749457163413,-0.8836565881278947,-0.2197292378529918,-0.24084814146487638,-0.4106056095625455,0.5548971198865511,0.7132976712543414,0.3449246303454705,0.1817613097864352,0.7119622728316616,9.459810613199115e-4
-0.11271721100562479,-0.09441664610588649,-0.024457662927790783,-0.22980887568029545,0.08145074560920858,-0.1428256892917287,0.12752184371495445,0.005327078587618646,0.18837010028548332,-0.012310504819955598,0.025739397091506667,0.10640772817989433,0.15652918782221437,0.06205815427946732,0.08111656651922372,0.12440252947123759,0.09803393147151666,-0.052790193095980674,0.019163941018693363,0.07715738713529428,0.16513846358094494,-0.11055326144234495,-0.0835694979846881,0.027627113121963007,-0.0024388988754819106,0.010402230760484084,-0.007485482679330142,-0.06754580132684922,-0.19636581567308714,0.018925305540639405,-0.10338900533639027,0.15230748348839718,0.0675533646702799,0.0025012297015121264,0.10279469036011281,0.01183861571100706,0.008877738026277364,-0.19622306113691693,0.06909205818680345,-0.2040264832817385,-0.10636108333248975,0.003711495123885509,-0.2477141354009904,-0.06894898716244506,0.15906656481193332,0.0405687328214539,0.1383694282670782,0.21673296741261946,0.026274505544700014,-0.019208015697736645,-0.039903455117943305,-0.21113642036332472,0.0188901085607267,-0.032927169388680316,0.03885224765399504,5.976446555247505e-4
-1.0262810124648174,-0.7492613926296909,-0.34771424568832104,-1.6797778979186067,0.32650368355768594,-1.796407647176215,1.3794087416482979,-0.712374268623642,1.7314796804580541,-0.33914926950377006,0.10640772817989433,1.039999926200208,1.2486614297548628,0.7894821992823093,0.41992869827779866,1.1825748678405714,0.6705485551320519,-0.01125418602813871,0.11792917912522698,0.21102082358190594,0.751746662713543,-0.8142696910901204,-0.3436797686300551,0.7989901758985687,-0.0540285661149816,0.06509358807304026,-0.1381078303356889,-0.6571590860834897,-1.1626841337519707,0.11287687409105812,-1.1315008562405187,0.9723076231329969,0.5015517877600894,0.0361609320563046,0.47374469872357233,0.040297515335329,0.5138200718504128,-1.55346770328206,0.8497778677961049,-1.5466326836143927,-0.9194521146298261,-0.550491933941022,-1.6202359891221472,0.03847501377688988,1.181949767916303,0.44403936406199296,1.2088319766783018,1.6377249165266967,0.16725468653245415,-0.01394131040926629,-0.6912829450913999,-1.8497399556235696,-0.16338958909296622,-0.26505276098474423,0.1425308467942726,-0.05669222510757973
-1.2635511801171686,-0.8584291010702709,-0.2424328789570155,-2.576901841422523,0.7197521367250397,-1.7691098195853918,1.258751876863267,0.3142685519543905,1.9018975196648267,-0.1598965827497991,0.15652918782221437,1.2486614297548628,1.7268207114477012,0.7543256096439965,0.5896586175404316,1.4860936230934747,1.051783958142474,-0.5475687373080346,0.309793715021887,0.946324626407955,1.8890968413503988,-1.383691258456766,-0.9669678599373492,0.16372908398186134,-0.05999230640999239,0.07257607177238125,-0.2899537489405177,-0.5400326961861212,-1.9464267996898403,0.3288472168592599,-0.7996194297906121,1.9290328005922968,0.585451568886712,0.0055368637418119855,1.182528184585733,0.2424208350042845,0.07544431118397614,-1.8512138232064208,0.5387626133411575,-2.345597784855986,-0.9893809660268943,0.0939512546817351,-2.7151789688488956,-0.7583514804529798,1.6552051836745862,0.18975065730601196,1.05249066809236,2.2638994718765315,0.05165413497607448,-0.3765218464901548,-0.5337533719184229,-2.1445510904153955,0.07237874299345652,-0.24240362129751575,0.8231258356527202,-0.0782231735228663
-0.7544511396600266,-0.6159640264828289,-0.41915053426475496,-0.7905340880480525,-0.027462409619668688,-1.6988745568130792,1.4058714457453454,-1.575578573327697,1.4838315781167801,-0.4739352035451007,0.06205815427946732,0.7894821992823093,0.7543256096439965,0.767998678260859,0.260859663657628,0.8392325292069212,0.29823223341511906,0.45561635723409644,-0.06058585769839357,-0.447457899771935,-0.28986374430827555,-0.2595974457442719,0.2230397677862937,1.3103187330943913,-0.04392238415075548,0.05668201289549744,0.01312739100833954,-0.7283953239138593,-0.4173476883343257,-0.08830584436680905,-1.3666766446112824,0.066117157155909545,0.4053343978906517,0.061387417548366845,-0.17582800455682743,-0.14364460582480001,0.8650007164653976,-1.2128385424313066,1.079326325582347,-0.7490850212760015,-0.810671952960455,-1.080877007431325,-0.5655157723669885,0.7301075825578505,0.7004228976331458,0.6507080033832261,1.2931569632390223,0.9960701101581608,0.26949208299869737,0.3109407193413537,-0.7814201238805443,-1.486638897331945,-0.352064153453096,-0.27408175281674085,-0.47841462928018186,-0.030262272993558288
-0.43535746434358924,-0.34339125587900476,-0.10181118173710882,-0.8563101100758436,0.2711730249847976,-0.6001767422911822,0.49820940156607074,-0.020734879826963853,0.7155273082012612,-0.06664390128734339,0.08111656651922372,0.41992869827779866,0.5896586175404316,0.260859663657628,0.2688844779039749,0.4905203682428704,0.35914438471318433,-0.16542864878860042,0.07643822738570125,0.26629848866855826,0.5835478001088882,-0.4221184232893839,-0.2933471245277966,0.13901141730076635,-0.0139398095218266,0.03516704832798359,-0.04735493091746313,-0.2502784258123657,-0.6947739600652766,0.07605270993603308,-0.3905286759380977,0.5716924168698689,0.24157400055805883,0.0089460487933232,0.36420660364091856,0.0479056871576394,0.06551278970208249,-0.7182261043473683,0.2686954896902983,-0.7683798319288145,-0.3944618769663563,-0.026762008825402375,-0.9048732255856989,-0.2153826796916768,0.5860345368116066,0.14549711413023686,0.4988557186126281,0.8012251050599907,0.08063253094097168,-0.0724276933366637,-0.184747981937006,-0.7959433719370024,0.03874632248214866,-0.116398222563733,0.15928566446015235,-0.007908732818890396
-1.174486292921057,-0.829972845068977,-0.3398167548887789,-2.0781478272999987,0.4636992078673471,-1.9267512305407153,1.43734778069918,-0.44042655047903245,1.9030730556380118,-0.31031599307419255,0.12440252947123759,1.1825748678405714,1.4860936230934747,0.8392325292069212,0.4905203682428704,1.3663140969409886,0.8350040482057446,-0.17458238704040827,0.1893786357752114,0.45510504871262203,1.1570307568917721,-1.0544099953956643,-0.5612052151112957,0.6576428482355072,-0.061122782163173274,0.07051257559900567,-0.20272922463846668,-0.6612471357292227,-1.4783912155937982,0.1918736291137682,-1.0990767527130558,1.3457686825109934,0.5576470252144996,0.028471185192448283,0.7270229346589703,0.1095168898382204,0.4163599317938786,-1.7456853829836683,0.8080589919948279,-1.9075034981799321,-1.0008516483630547,-0.39161560310183957,-2.072542886735081,-0.20244752903822316,1.4089296256858916,0.3885593667684312,1.2306572454359102,1.9437217232698205,0.13482982889702524,-0.13233993152067963,-0.6973876921776728,-2.0676436836444707,-0.10855843931269378,-0.2726794048496589,0.3767343475154118,-0.07075215363906133
-0.6950259833679616,-0.43497153629019664,-0.03231212762612573,-1.6927687376333365,0.5650318806010246,-0.7365205758297192,0.45232325877230034,0.8207635926428675,0.918767652191275,0.05121273397702212,0.09803393147151666,0.6705485551320519,1.051783958142474,0.29823223341511906,0.35914438471318433,0.8350040482057446,0.7002553841147579,-0.589373220465428,0.26070489333162605,0.892954388779467,1.5608535366819691,-0.9693961673245948,-0.8263587177324095,-0.3555641931341954,-0.029858040340236633,0.035129188275521334,-0.22731060963545358,-0.14857571961972724,-1.3458040383705894,0.2851420240656982,-0.11379913261911608,1.4603115841512353,0.3021952280608999,-0.018531955396775084,0.9749586410028296,0.23934946638342156,-0.2600341543280455,-0.9799521330333297,0.018335234372321853,-1.529906616625801,-0.46418854599348236,0.46961941601323576,-1.8823441959560214,-0.8527157274372635,1.0169050777418291,-0.09219968550940391,0.33627979662107493,1.3767596358809886,-0.05851208025776576,-0.40371811535984425,-0.12310443312403939,-1.1046539016624495,0.18587858553218853,-0.0862117310945233,0.8084537314676077,-0.0489141461448977
0.07901495033130991,-0.12133455508833589,-0.4245924922189385,1.3545760463319936,-0.7640248171646239,-0.9041593511003587,0.9736854861743124,-2.8452338040414125,0.4477664319130303,-0.5925534797137834,-0.052790193095980674,-0.01125418602813871,-0.5475687373080346,0.45561635723409644,-0.16542864878860042,-0.17458238704040827,-0.589373220465428,1.2802813664759694,-0.4160841172188768,-1.6783449491792752,-2.3815571782831855,0.998208424881099,1.3384615886680904,1.93150889831578,-0.007591513340185431,0.01926965277048505,0.32622858858905346,-0.6249394521625686,1.2966163355500895,-0.4805470876999129,-1.3873684948428795,-1.8647075630333152,0.061569975715824815,0.09396829844325326,-1.482026210096131,-0.4814131916308401,1.303944128488591,-0.07460238835101361,1.1876423544002126,1.1891134557944971,-0.29958816575586256,-1.8214971239945474,1.8504638026215021,1.9333903557580965,-0.556002361373697,0.8587533470332671,1.0205608165931224,-0.6998852750773292,0.39039868710701914,0.8865550353171561,-0.7000850743489327,-0.20644687212168042,-0.6277517493691376,-0.19775447845921063,-1.6189191961364169,0.035944621482513754
-0.13478531801541802,-0.02570216543074849,0.10396402398902453,-0.6206531105159352,0.2710768853817904,0.09282722058896388,-0.18345202866413302,0.8714405014220362,0.023162543904530666,0.15543640621529933,0.019163941018693363,0.11792917912522698,0.309793715021887,-0.06058585769839357,0.07643822738570125,0.1893786357752114,0.26070489333162605,-0.4160841172188768,0.1556946748936635,0.5765576462595585,0.8604808757456798,-0.4229535990009191,-0.4760225927367494,-0.5559680322847604,-0.005597776850655886,-0.002367137546763267,-0.13553678496529686,0.1494669154637206,-0.5289879661592564,0.1771208844075505,0.35828407758350644,0.728233924126795,0.02142857261497425,-0.028607357849013384,0.5367037823877004,0.16934192296526765,-0.37310188493202523,-0.1166358186824069,-0.31380306598589947,-0.5567683069719127,0.014040798269730646,0.5400124583264241,-0.7722008207563272,-0.6267943491057619,0.29812921823788935,-0.2518476400971726,-0.2396581760469889,0.3910808296171437,-0.1265410369298418,-0.30241672913421985,0.14891499471477304,-0.11363140787673896,0.17799012723925883,0.04536375355030473,0.5713968325038217,-0.023694174522954053
-0.2926330975860671,0.03924387017745738,0.49595572367440266,-2.086937120273959,1.0460445261627493,0.8414182990293749,-1.0391592868663835,3.625663645287554,-0.28727945296971513,0.7129802343372599,0.07715738713529428,0.21102082358190594,0.946324626407955,-0.447457899771935,0.26629848866855826,0.45510504871262203,0.892954388779467,-1.6783449491792752,0.5765576462595585,2.249033595778291,3.26749405624475,-1.4729246449102402,-1.8228167101271242,-2.4006845217198345,-0.0029363211615288727,-0.0171057886379617,-0.4716699305150836,0.7184466060021376,-1.8930928871760622,0.6618335586519444,1.6444279502046393,2.646072927072972,-0.0034303527443657945,-0.11864223717217749,2.0351442299275155,0.6489033502552919,-1.6190981414500274,-0.15764424638291666,-1.4228373306813722,-1.8505059674353557,0.2416149818419533,2.2940092051416174,-2.7215094342377486,-2.5294080763426026,0.935936193490624,-1.0688344124841411,-1.160870833847718,1.2055754879291336,-0.5028892647154696,-1.1804380185434442,0.7837624980474316,-0.05003104298319141,0.7815250991278754,0.22200208474110059,2.1854727175735125,-0.06500470651029007
-0.8649829602073492,-0.2879272357268439,0.5462927612403156,-3.689809190781271,1.636262374723162,0.41199347548201326,-0.8511258792620624,4.796387476748446,0.36950622838491676,0.8608398768724643,0.16513846358094494,0.751746662713543,1.8890968413503988,-0.28986374430827555,0.5835478001088882,1.1570307568917721,1.5608535366819691,-2.3815571782831855,0.8604808757456798,3.26749405624475,4.948748262014305,-2.430736109380019,-2.726757924508114,-3.0336279055961213,-0.025603332972793876,0.007510566070047082,-0.7134218958757863,0.7119304901973493,-3.206236273263139,0.9774445403982892,1.8029038891980202,4.153820306542764,0.2275788786885709,-0.15031856075161554,3.0842348448133516,0.9277455256009429,-2.062086619395371,-0.9301550258144033,-1.6221247622939492,-3.292792654333472,-0.0765640173009887,2.9985123728605023,-4.5652838648460685,-3.561068860144644,1.8522091117130306,-1.297860486116252,-1.0754926672395657,2.4364426237392416,-0.6207148315999218,-1.6642097660000348,0.8106170971715942,-0.899437793397641,1.0431444202962352,0.18855580514596385,3.1261665179587688,-0.11097461354909337
0.8512146936380226,0.46379493151088996,-0.06488386003883259,2.3441780807823083,-0.8267152260476529,0.6963474357139996,-0.2900495651627398,-1.6837765318939542,-0.9658149911965088,-0.19649478650187896,-0.11055326144234495,-0.8142696910901204,-1.383691258456766,-0.2595974457442719,-0.4221184232893839,-1.0544099953956643,-0.9693961673245948,0.998208424881099,-0.4229535990009191,-1.4729246449102402,-2.430736109380019,1.415159311957944,1.306398390975262,0.8976358722948276,0.03875634820630015,-0.031122043642593435,0.37850276884180323,6.243124688468353e-4,1.8775730344973045,-0.4706867173780295,-0.23943401982335755,-2.21659676613993,-0.32253466146335336,0.047300946942784645,-1.5179175080388343,-0.4149308661367314,0.6189799885526162,1.105743360790653,0.2894247855731482,2.118811094769987,0.4566111966679699,-0.9949375555931244,2.6777016519945867,1.4700525028550806,-1.3293598535906228,0.3493169470918555,-0.09219194144028826,-1.7885019710132868,0.1966503059020918,0.7138693552705343,-0.0031459089578138965,1.2429508342383826,-0.34864346791141426,0.03872424036963945,-1.4024666379091162,0.07936786775983806
0.4080016081269632,0.1027020118154803,-0.33418601312000357,1.9470152626926092,-0.8938910918977573,-0.36804640763809465,0.5860064698838313,-2.755105833563884,-0.07348303829497618,-0.5099179185229551,-0.0835694979846881,-0.3436797686300551,-0.9669678599373492,0.2230397677862937,-0.2933471245277966,-0.5612052151112957,-0.8263587177324095,1.3384615886680904,-0.4760225927367494,-1.8228167101271242,-2.726757924508114,1.306398390975262,1.5080055297855237,1.769028345675441,0.01058596786307695,0.0011053645298684544,0.39252801371136514,-0.45277752131953175,1.7123195127677617,-0.5422815013026585,-1.1041225146773308,-2.264297314355723,-0.08819206938622964,0.08750916151193491,-1.699121859108515,-0.5197637931030031,1.1997071892864561,0.40137558204070356,0.9795766701569399,1.7344314919443455,-0.0290469357444457,-1.7295300556101292,2.443621268774018,2.006253458823259,-0.950300277029324,0.7665298361715454,0.7019882758587059,-1.2438174738242083,0.36407143459848057,0.9366044469423324,-0.5081390880462541,0.3623932154268592,-0.5981161994994756,-0.12751807673684667,-1.7512592767462418,0.05878133492219082
-0.694965901586483,-0.8154125234977804,-0.9279041549348945,0.7272697341737935,-0.8684856095111554,-2.7730603250189962,2.6079275377234783,-4.94103939612092,2.0943134492170086,-1.1676076178608443,0.027627113121963007,0.7989901758985687,0.16372908398186134,1.3103187330943913,0.13901141730076635,0.6576428482355072,-0.3555641931341954,1.93150889831578,-0.5559680322847604,-2.4006845217198345,-3.0336279055961213,0.8976358722948276,1.769028345675441,3.600157434145658,-0.04865304236802151,0.08891862773670638,0.4235691808431122,-1.5118500028206545,1.0041087383069103,-0.6624709515261021,-3.073999319785359,-2.1043391354834924,0.5229638062155734,0.17550386301117205,-1.8841912297012497,-0.7199567504785718,2.396704415263987,-1.4099080286519905,2.5245343777083167,0.5913154441954843,-1.2227700883275872,-3.2186646546732374,1.5178156967471008,2.9697373011082444,0.11558603473796222,1.706960963619662,2.6024441840530326,0.26550626001720173,0.7704212856472473,1.3667412523479778,-1.5992435409659216,-1.823281352321289,-1.0601033089069922,-0.5340634491670835,-2.419255352520004,0.024772980192564405
0.051839771354593805,0.03471861354795864,0.01951370737696536,0.07791117472059612,-0.00837737450054914,0.09993065422976972,-0.07226965499508252,0.04716198653881595,-0.08648963141706938,0.021090914642070288,-0.0024388988754819106,-0.0540285661149816,-0.05999230640999239,-0.04392238415075548,-0.0139398095218266,-0.061122782163173274,-0.029858040340236633,-0.007591513340185431,-0.005597776850655886,-0.0029363211615288727,-0.025603332972793876,0.03875634820630015,0.01058596786307695,-0.04865304236802151,0.0034794455321864736,-0.002547906685684154,0.009378279933746767,0.03255301524920135,0.04665776146987561,-0.00543777751555687,0.058157756724909915,-0.043448317252084964,-0.022414687583200765,-0.0019675948655840467,-0.016389115472350436,-0.0015171863859029793,-0.03300809586955578,0.0725130645787554,-0.0452491556676307,0.07323327259702864,0.04439791894625498,0.037210046958395186,0.0708114651533368,-0.013183664755410962,-0.054448444561286315,-0.02200975099745086,-0.057159997720999826,-0.07612489609893994,-0.005790282512109542,-0.0010068434355976592,0.040945608921244395,0.09086970177835735,0.014732469066759943,0.012024497503341782,-0.006025195597814463,0.0043782923034233175
-0.06499494376056618,-0.05706416814601261,-0.03068052133997031,-0.08579959250374693,0.014917354694130108,-0.1254404539715234,0.11116826368822746,-0.10217756468603982,0.12650163324187458,-0.031242798140613856,0.010402230760484084,0.06509358807304026,0.07257607177238125,0.05668201289549744,0.03516704832798359,0.07051257559900567,0.035129188275521334,0.01926965277048505,-0.002367137546763267,-0.0171057886379617,0.007510566070047082,-0.031122043642593435,0.0011053645298684544,0.08891862773670638,-0.002547906685684154,0.0060534025663089245,0.003489387105471647,-0.06021438501774302,-0.06194577746872148,-0.004641699288500279,-0.10837602000740637,0.024227407366751216,0.039306807087314516,0.004657985283041455,0.004883834029910298,-0.009135624601359952,0.05576739020301411,-0.11350136036795752,0.08284414858786465,-0.07807608063946474,-0.07133513023528111,-0.06778227478688628,-0.0758249036314133,0.034231535127171746,0.07136780224259032,0.05191957386096484,0.11197654126580713,0.09975848258991735,0.025568796412290987,0.019319593498436826,-0.053549901114501336,-0.1305070095007099,-0.016369443297883472,-0.024673603175061752,-0.030799740508826414,-1.8063592870922596e-4
0.1457845895623225,0.0310479777908362,-0.07196489034424867,0.5558368798937448,-0.20910251811603478,0.009900728090706211,0.10835672317844514,-0.6862494130153524,-0.06491265911473494,-0.10900918920548265,-0.007485482679330142,-0.1381078303356889,-0.2899537489405177,0.01312739100833954,-0.04735493091746313,-0.20272922463846668,-0.22731060963545358,0.32622858858905346,-0.13553678496529686,-0.4716699305150836,-0.7134218958757863,0.37850276884180323,0.39252801371136514,0.4235691808431122,0.009378279933746767,0.003489387105471647,0.13139829836794037,-0.11314735859204113,0.4403491931048572,-0.1551574236523323,-0.27304280712415707,-0.6331616968806812,-0.02009197616805385,0.023027838583905915,-0.4455819716076465,-0.14535221072186733,0.27807797654528305,0.11939945187804324,0.23802387538739714,0.5050034112148624,0.004943481521110026,-0.41177466517346795,0.6675661523829409,0.4931040508546752,-0.26955913449024504,0.20668838749328133,0.1892870672993243,-0.3568572520567623,0.11612067565407316,0.25452883816736493,-0.08425646901112244,0.13997335689039012,-0.12207917420077931,-0.03724993164271742,-0.4925609169501537,0.028602113766903806
0.6250218161473685,0.5840102665236261,0.4435571163357523,0.4097250396770326,0.1336744597154268,1.5838856898109879,-1.4130746399237761,1.9335428044836749,-1.385369448252326,0.5123139224244362,-0.06754580132684922,-0.6571590860834897,-0.5400326961861212,-0.7283953239138593,-0.2502784258123657,-0.6612471357292227,-0.14857571961972724,-0.6249394521625686,0.1494669154637206,0.7184466060021376,0.7119304901973493,6.243124688468353e-4,-0.45277752131953175,-1.5118500028206545,0.03255301524920135,-0.06021438501774302,-0.11314735859204113,0.779783318309758,0.1527558286337488,0.18966182587910665,1.4953082540909375,0.34517871266460737,-0.38855483302722327,-0.07445705135496952,0.44038028925658457,0.2354733599320746,-0.9897866289102412,1.1099350693082746,-1.189627711426745,0.39550285157891757,0.7842981715539881,1.2780943697133806,0.13516028233973842,-0.9891802682991595,-0.5115750861484833,-0.7679576176315079,-1.3887646308448705,-0.7419927874866512,-0.3500983129761704,-0.465264199408182,0.7816398924864805,1.3436413887416359,0.39320751437818846,0.29474334850032263,0.7914208496202445,0.0026085124145615464
1.2255020511001102,0.7540224434167666,-0.02858115156884329,3.2265526477494424,-1.1631359559917425,1.0745569002289899,-0.6034776495822686,-1.9910543586963596,-1.5284303525048355,-0.21518553026018328,-0.19636581567308714,-1.1626841337519707,-1.9464267996898403,-0.4173476883343257,-0.6947739600652766,-1.4783912155937982,-1.3458040383705894,1.2966163355500895,-0.5289879661592564,-1.8930928871760622,-3.206236273263139,1.8775730344973045,1.7123195127677617,1.0041087383069103,0.04665776146987561,-0.06194577746872148,0.4403491931048572,0.1527558286337488,2.6394604405183624,-0.582908730071828,-0.05026282869153663,-2.903100726291406,-0.5318623222929817,0.04918172913205902,-2.0007122456426245,-0.5041725737316616,0.7207256670420716,1.7278156459090206,0.18903087690148027,2.902179749375553,0.7675951801248851,-1.189946815132642,3.666218359972826,1.8867769478714946,-1.8989895025999717,0.30934764032695666,-0.42834780835831504,-2.55895345217977,0.15599506535504223,0.8685927012750098,0.05867941835380737,1.903440850557236,-0.4694581071239845,0.12306079396640629,-1.6994673024625082,0.08312565137492496
-0.1322037857513547,-0.01117067216516352,0.12830990522097657,-0.6790324639335639,0.303847530976752,0.14760657589340503,-0.24515360345778187,1.0256822505974175,-0.014874697053044048,0.1880370202265644,0.018925305540639405,0.11287687409105812,0.3288472168592599,-0.08830584436680905,0.07605270993603308,0.1918736291137682,0.2851420240656982,-0.4805470876999129,0.1771208844075505,0.6618335586519444,0.9774445403982892,-0.4706867173780295,-0.5422815013026585,-0.6624709515261021,-0.00543777751555687,-0.004641699288500279,-0.1551574236523323,0.18966182587910665,-0.582908730071828,0.20306040422494406,0.4426389185838507,0.8203077874323937,0.011568061337506857,-0.03369868259982161,0.6094465972915727,0.19532469308184158,-0.4432495062889835,-0.09602712397645656,-0.3844107021090857,-0.6082956632769546,0.039426197082131936,0.6375796732972411,-0.8547356481269108,-0.7247086561025109,0.3164868623225919,-0.3035111551305716,-0.3089118841593263,0.4129796684797604,-0.15219019950925683,-0.35034411749938826,0.18776693038335207,-0.08688067403376945,0.20833409020003105,0.05943750212822501,0.6596222736673866,-0.026656544569176346
1.0594903757504557,1.0361841299028312,0.8678223831470747,0.38036836590322126,0.41602511218969385,2.9515947936679163,-2.6724949910969884,4.021704894747805,-2.497665634298262,1.026752954814339,-0.10338900533639027,-1.1315008562405187,-0.7996194297906121,-1.3666766446112824,-0.3905286759380977,-1.0990767527130558,-0.11379913261911608,-1.3873684948428795,0.35828407758350644,1.6444279502046393,1.8029038891980202,-0.23943401982335755,-1.1041225146773308,-3.073999319785359,0.058157756724909915,-0.10837602000740637,-0.27304280712415707,1.4953082540909375,-0.05026282869153663,0.4426389185838507,2.9135816616364223,1.045013990359572,-0.6844788932144785,-0.1513258951635371,1.1173778618139107,0.5222381280938173,-2.022340023734298,1.9317445267142797,-2.33825516196632,0.39577747823268805,1.424542610240952,2.6443684717443885,-0.21347106454384643,-2.1736377523261865,-0.7481339576634949,-1.5310070747316196,-2.640332655428137,-1.110844351182384,-0.6971976474932734,-1.0160738740982813,1.517861224669063,2.3673482834579227,0.8306237634466427,0.5557831809781312,1.7547747185965703,-0.0039089980902342345
-1.049445560760551,-0.4735233944294209,0.3059142010242195,-3.499284606548333,1.3775847076983156,-0.348183231852869,-0.18723256155908735,3.5295575306732605,0.8920535090854296,0.5488106968349452,0.15230748348839718,0.9723076231329969,1.9290328005922968,0.066117157155909545,0.5716924168698689,1.3457686825109934,1.4603115841512353,-1.8647075630333152,0.728233924126795,2.646072927072972,4.153820306542764,-2.21659676613993,-2.264297314355723,-2.1043391354834924,-0.043448317252084964,0.024227407366751216,-0.6331616968806812,0.34517871266460737,-2.903100726291406,0.8203077874323937,1.045013990359572,3.6330545443504905,0.33982097808996736,-0.10751291360375946,2.5914824279026023,0.7545153043047402,-1.4321562509461714,-1.2504149552395338,-0.9908370323885988,-3.146974949293794,-0.3693641573975068,2.1556749508949515,-4.156389515703703,-2.7744129344982458,1.864163075875183,-0.8868986628215165,-0.4632089745480888,2.482536584429163,-0.4542715206328514,-1.327854155001153,0.37436282832418133,-1.3486098553502035,0.7417039560439493,0.0666177129274508,2.546551693869716,-0.11753757847891332
-0.498890643011359,-0.4022470665453165,-0.19926866201677118,-0.7462732764845925,0.1440711710548368,-0.9091723714596134,0.7561932965775251,-0.547622856588556,0.9045405050095047,-0.19771400727199331,0.0675533646702799,0.5015517877600894,0.585451568886712,0.4053343978906517,0.24157400055805883,0.5576470252144996,0.3021952280608999,0.061569975715824815,0.02142857261497425,-0.0034303527443657945,0.2275788786885709,-0.32253466146335336,-0.08819206938622964,0.5229638062155734,-0.022414687583200765,0.039306807087314516,-0.02009197616805385,-0.38855483302722327,-0.5318623222929817,0.011568061337506857,-0.6844788932144785,0.33982097808996736,0.2739650042907096,0.026075217724773222,0.14375693121116578,-0.022967818758104386,0.3297594461801062,-0.8155915365849047,0.5180943871817356,-0.6825951096767302,-0.4969875595216222,-0.38149965764482535,-0.6978185499216997,0.1267686441425296,0.565914987149291,0.30405986404581126,0.7213966510915659,0.7867834815529131,0.13862916336006761,0.0663025148564309,-0.36724055888622403,-0.9504936870427277,-0.09637002681403807,-0.15902179050690082,-0.07650913619259937,-0.013820495157039677
-0.031717261687444535,-0.040094235709970456,-0.04502601511909068,0.039204074410191525,-0.04139612446401396,-0.12954749313671346,0.12599186163425094,-0.24229468453106676,0.10058162429272163,-0.05590784978158762,0.0025012297015121264,0.0361609320563046,0.0055368637418119855,0.061387417548366845,0.0089460487933232,0.028471185192448283,-0.018531955396775084,0.09396829844325326,-0.028607357849013384,-0.11864223717217749,-0.15031856075161554,0.047300946942784645,0.08750916151193491,0.17550386301117205,-0.0019675948655840467,0.004657985283041455,0.023027838583905915,-0.07445705135496952,0.04918172913205902,-0.03369868259982161,-0.1513258951635371,-0.10751291360375946,0.026075217724773222,0.008953302011323485,-0.09344377183139266,-0.03656372438720603,0.11611093694223064,-0.0689063321626209,0.12381131704711808,0.03297241058541264,-0.05957645591152425,-0.15633404460951042,0.07717279258577099,0.14504865444886453,0.004285009380067491,0.08484596815922049,0.129263457916085,0.011025898812829872,0.03962804086767073,0.0684187970790078,-0.07567708875247192,-0.08714761191909615,-0.050139924496861395,-0.026747661424473244,-0.12246554244787665,0.0022809648712201498
-0.5439608124614506,-0.18238972550621294,0.33818082553748124,-2.305559978892961,1.019438000008559,0.245969530187911,-0.5228760452576928,2.9822669377975184,0.2386530119936962,0.5336814572187762,0.10279469036011281,0.47374469872357233,1.182528184585733,-0.17582800455682743,0.36420660364091856,0.7270229346589703,0.9749586410028296,-1.482026210096131,0.5367037823877004,2.0351442299275155,3.0842348448133516,-1.5179175080388343,-1.699121859108515,-1.8841912297012497,-0.016389115472350436,0.004883834029910298,-0.4455819716076465,0.44038028925658457,-2.0007122456426245,0.6094465972915727,1.1173778618139107,2.5914824279026023,0.14375693121116578,-0.09344377183139266,1.922306479115332,0.5780590013564011,-1.2807150550926112,-0.586103427613235,-1.0057648161428487,-2.058024072899379,-0.05193867661561712,1.8633942954254117,-2.849911807252094,-2.2161107556382222,1.1586759785721668,-0.8064347387234045,-0.6647490571535533,1.5247092288115933,-0.38634155877436394,-1.0365081611187734,0.5002918226912515,-0.569041333393333,0.6477570316647371,0.11643961116049799,1.9480747174552544,-0.06969439170299441
