V1,V2,V3,V4,V5,V6,V7,V8,V9,V10,V11,V12,V13,V14,V15,V16,V17,V18,V19,V20,V21,V22,V23,V24,V25,V26,V27,V28,V29,V30,V31,V32,V33,V34,V35,V36,V37,V38,V39,V40,V41,V42,V43,V44,V45,V46,V47,V48,V49,V50,V51,V52,V53,V54,V55,V56
0.8896492306325586,-0.5570228098826636,0.016837443598956114,0.6182614689767985,-0.8309248366579332,0.7565907162729633,-1.6864491967037036,-1.1631174220395715,0.22769820061513202,0.6167779148998694,1.0955712248817777,0.4348439116811139,-0.4902618282494073,0.45463656048176393,-1.0300902642055403,0.6127807738034621,0.9443295381555527,-0.06510890808747281,-0.5979899189462746,-0.5685981906926832,-0.5243249692026125,0.20273078829595803,0.7434638854995447,0.4232845658030306,1.5367085856919984,0.5323655072547885,0.36940240876824043,0.723028146551308,-0.415058081794038,-0.9273922149814563,0.44885093406464255,-0.2138490504815291,0.5905971618571468,0.3135546961146214,0.5548933410156245,0.6410936907664139,0.9817856324061247,-0.02663503494773947,0.3025380630490272,0.27180102556130387,0.9099860296150476,-0.8649380667781498,-0.20940773783967717,0.2772585397781986,-0.776987775950522,0.7423547040283978,-1.0263324057789394,-0.003147482318122972,0.17760951929529656,-0.3779952897563363,-0.8187578113570233,-0.4957783925118856,0.7506721802127028,-0.3288244465914492,-0.3568205646921353,0.2668925618573597
-0.5570228098826636,0.5479212340265365,0.47330972222513146,-1.712133268142639,1.2873114626610351,0.6196340601563703,-0.12722581909231528,3.8463205606402946,-0.76645993558132,0.2787015484076376,-0.6373758323201992,-0.3245174258567456,0.7967436258216919,-0.8194120234510576,0.7468643969671653,-0.2641051018258498,1.1447626690649537e-5,-1.3284853384250017,0.8160243446422623,2.1444763528877044,2.828351128889255,-1.152428599857192,-1.8722463884018745,-2.4056168197258976,-0.9350316988017063,-0.3564186239157989,-0.5880758962544692,0.29708812507586807,-1.0261617622295223,1.0894352135430203,1.332766837971178,2.0857439076609765,-0.48202657762491063,-0.2980012733621579,1.2197225941691563,0.13132249119363792,-2.0426854543664454,0.24336316430122656,-1.5452925403420386,-1.3376575849910326,-0.15025414912729576,2.5319880267494796,-1.7346291330794514,-2.247551561338483,0.9752361290434814,-1.4377035194894514,-0.6042592933373029,0.6185108295281136,-0.5648906926695892,-0.7355373805066225,1.2946157611198954,0.6821166818030779,0.21026092743605707,0.44659765039634586,1.9874436570269558,-0.2067329005077853
0.016837443598956114,0.47330972222513146,1.1863248946148113,-3.2352958567344654,1.860818527059714,2.6872156513547996,-2.928887767038403,7.611386005653048,-1.523377982308112,1.6426434957129952,0.14105689995761922,-0.11741288184030249,1.1883132893051376,-1.2989778146150734,0.2290588789569256,0.3044779252137395,1.4663100583322957,-3.355837912418592,1.0671750277660348,4.367177740363129,6.112024670175526,-2.507388431685979,-3.428684025247937,-5.2340424022785825,0.09751426397464319,-0.04693583748573527,-0.8671779769857837,1.849055851671679,-3.160532863363642,1.2268314122062935,3.959111395772331,4.776560157477893,-0.26434988359432404,-0.24363824762802522,3.847698049380419,1.3181292837572824,-3.4753174854762845,0.5563446509018884,-3.316392191373478,-2.8554479986325787,1.0457750311905132,4.855271738788299,-4.574493153960888,-5.071667569059533,1.1830008770524718,-2.3655229521214114,-3.0723349184789495,1.5097604943228673,-1.1084223053717068,-2.3875793174898794,1.899562792501735,0.8995614334428542,1.6809981521823958,0.5821167896749972,4.310893433621419,-0.09289776509510844
0.6182614689767985,-1.712133268142639,-3.2352958567344654,9.323294408542196,-5.715733092768199,-6.796558306742053,6.76346976186953,-21.713620647322436,4.340471951401491,-4.039064515814593,0.43030392179601773,0.6453371754244468,-3.621769155560054,3.897803915434698,-1.3953967872880704,-0.37753717680821774,-3.31173782581243,9.142122578417993,-3.368202590307702,-12.384961051508942,-17.131257184205598,7.018139075886774,9.945575761431469,14.650381470796178,0.8792453723270512,0.5251699724717318,2.650705245368036,-4.525363451358744,8.346681789020932,-4.052368695833987,-10.50759743188534,-13.240547649309402,1.1641457666118784,0.8997477143698577,-10.124898975698912,-3.1309355926240245,10.250811992565618,-1.5418612954691855,9.307365173922145,8.023963999938719,-2.1855357828344726,-13.943788375279528,12.373549797375693,14.096533730272307,-3.8202200792579397,7.0335927111286605,7.649432049217447,-4.138982943985647,3.1682229282149765,6.257460535200205,-5.8126813115265294,-2.8322030553744297,-4.043451812725587,-1.839576223794428,-12.073040172259901,0.4528395131694091
-0.8309248366579332,1.2873114626610351,1.860818527059714,-5.715733092768199,3.7467902393740626,3.5253321685167913,-3.0101452803219235,13.168052361196597,-2.630016185044156,2.004062723251159,-0.8330675072159255,-0.6055831490198708,2.354302346000307,-2.494509143774001,1.355769304873213,-0.10826235304774352,1.4107504141289862,-5.2478557725863135,2.2666622845590845,7.460668867460728,10.179068969218097,-4.164107264314501,-6.1440223719892195,-8.691465973333766,-1.3273690963330071,-0.587080583671322,-1.7282618345706622,2.229834132510858,-4.601070356758374,2.8360318228786885,5.8337948990749435,7.765925142491428,-0.9870345253369495,-0.6875770892385057,5.555372471250514,1.467856890519369,-6.447570254140413,0.9049725056635325,-5.539323968901261,-4.7809575240427895,0.7773603582187251,8.518788432957889,-7.0379859003462055,-8.294943369161162,2.621028431393018,-4.460306251803204,-3.873314288415992,2.392973124728922,-1.9250191210239325,-3.414703342320423,3.795133889028167,1.901492865750966,1.9367246279404837,1.2385871860252564,7.167670986388803,-0.40386183381002716
0.7565907162729633,0.6196340601563703,2.6872156513547996,-6.796558306742053,3.5253321685167913,6.676049641362126,-7.969122980306566,16.22664608070438,-3.2500979665904115,4.20204772966708,1.2037732915084578,0.08602535116971323,2.2860548630970507,-2.564187640175207,-0.3160876743658028,1.1827483372426753,4.070344463631267,-7.619849350289629,1.9242619092245468,9.390419275645389,13.361041111490561,-5.490577264482398,-7.133235073173852,-11.46163309718615,1.4612546405595923,0.3253331729931483,-1.6569186418331332,4.75571498559295,-7.461712696049525,2.018433702636983,9.291815151503132,10.597978547989102,-0.11792209240563205,-0.29417049055225886,9.127283157134919,3.4893129860330867,-7.04598118636827,1.2305602136814322,-7.232548006305271,-6.219778732840652,3.093805537541866,10.25318005008709,-10.48619738335837,-11.214315436954468,2.0398727174020816,-4.737545412217013,-7.759666086113849,3.4039993959904447,-2.355766590972616,-5.690805229366998,3.6214396460086764,1.627406853944892,4.397028259765087,1.0476180021477377,9.435186199274582,0.007487989596749833
-1.6864491967037036,-0.12722581909231528,-2.928887767038403,6.76346976186953,-3.0101452803219235,-7.969122980306566,10.277974850768132,-16.449496561403695,3.2999970950472957,-5.1551557364147165,-2.372074358394769,-0.5177328268359359,-1.998907504281463,2.3346923888807405,1.3461963264958339,-1.8786729549629446,-5.330859054494295,8.321036372948372,-1.501690734258157,-9.621130119620265,-13.96741379579276,5.752369785241549,7.004638561554975,12.007645382792944,-3.0811297299225,-0.8708902127304801,1.4357872558310714,-5.857223667574106,8.491364379784049,-1.2831649111657328,-10.505469660597026,-11.276480930939883,-0.44731062500174845,0.013777709950017779,-10.430788082457807,-4.406289926914558,6.6775306774517285,-1.3081827204388299,7.543342983163781,6.475816826325955,-4.239221839752976,-10.266730664462546,11.567686389117409,11.88134394214626,-1.4539417716310001,4.409183609669254,9.407824440750398,-3.6855521254480537,2.3799921189853026,6.534683914778945,-3.126706376741874,-1.2799766286960779,-5.496356532396438,-0.8144373764421937,-9.875716010987057,-0.2676418455724104
-1.1631174220395715,3.8463205606402946,7.611386005653048,-21.713620647322436,13.168052361196597,16.22664608070438,-16.449496561403695,50.66876160544278,-10.131299178483374,9.693841877169847,-0.6564261356445101,-1.3778481045126072,8.354623396430293,-9.015923606992443,2.94598230139427,1.086201252317182,8.092161684363303,-21.512100749418202,7.726111892310153,28.931388204083532,40.10212577990793,-16.432794133701556,-23.139709928767324,-34.30347373384572,-1.5681862816304064,-1.061367519210496,-6.110737499012108,10.874076503299147,-19.75414170401005,9.225335793773219,24.849692083600115,31.05701885382726,-2.5444071791211993,-2.0137906028917003,23.982516349573196,7.568727072165353,-23.780626862153294,3.6163393102959955,-21.781565409730888,-18.772737881165313,5.4331974171537,32.49950577677728,-29.154287376318216,-33.050447245609725,8.726592035652557,-16.294611935761385,-18.31692533914146,9.727553932243051,-7.389694744497259,-14.833431615139967,13.39872337054881,6.498967952329413,9.749668144096173,4.218410987599584,28.26722961532555,-0.97753719600386
0.22769820061513202,-0.76645993558132,-1.523377982308112,4.340471951401491,-2.630016185044156,-3.2500979665904115,3.2999970950472957,-10.131299178483374,2.0267636566737774,-1.9429729374556186,0.12580654282125328,0.27368939871720255,-1.6680111640999076,1.8013804452803412,-0.583966638369199,-0.21979423962686068,-1.6234616821799217,4.304427001837585,-1.542407395159243,-5.785039230628244,-8.020033046133408,3.286363016888947,4.625237378779636,6.861260534358071,0.30574357671904256,0.20985044700731795,1.2206985164890407,-2.179250782959951,3.9541621293759897,-1.8406915991189703,-4.974275405394516,-6.212305832256531,0.5064613190050685,0.4016589042201294,-4.80049650514677,-1.5178089976700744,4.752548137264068,-0.7245519626123346,4.3570639419328225,3.7539087813485392,-1.092085236285918,-6.497430987585244,5.8332154752514525,6.610758805740019,-1.7415228389904527,3.255885873140027,3.670112221612826,-1.9451820072621582,1.477728361881476,2.96946647226197,-2.6769251748243867,-1.2985544032295309,-1.9546192142983063,-0.8422760853688175,-5.653168008486986,0.1944558088682788
0.6167779148998694,0.2787015484076376,1.6426434957129952,-4.039064515814593,2.004062723251159,4.20204772966708,-5.1551557364147165,9.693841877169847,-1.9429729374556186,2.672657672446109,0.9262192130396762,0.12954487257836408,1.3076767585976297,-1.4840861851749854,-0.37326000735670706,0.8280454240562659,2.647536951662171,-4.660176243699702,1.067396815021109,5.6275752690916105,8.058116733321262,-3.3133619345011143,-4.220067600674952,-6.917772361826777,1.1605097257618222,0.29103120537175525,-0.9465680021485493,3.0267701326444523,-4.6256089888262,1.068618409748227,5.7453737835950225,6.427164736408808,0.030487163830435576,-0.12484411987029453,5.663780156587585,2.240852297294563,-4.125020650763784,0.7472872410672725,-4.360141241550707,-3.747174153355754,2.046962212600425,6.102107486108729,-6.433514799888267,-6.790753638391679,1.1090780531509925,-2.7589069175435275,-4.912365045795389,2.07558495087663,-1.4065715859189813,-3.5369668477584053,2.0664556430855927,0.905792703171268,2.81345405738415,0.5810608315343382,5.691584980510659,0.05066788386488048
1.0955712248817777,-0.6373758323201992,0.14105689995761922,0.43030392179601773,-0.8330675072159255,1.2037732915084578,-2.372074358394769,-0.6564261356445101,0.12580654282125328,0.9262192130396762,1.362276363207862,0.5234998750451657,-0.4816379525461314,0.4268906324143853,-1.2438876621558934,0.7850420033835486,1.3108771079729036,-0.42165663171925855,-0.6275487806898885,-0.25517538501929565,-0.022732587303470393,-0.005708473593918511,0.5655875011977862,-0.01180649867122202,1.9002451100785263,0.6501441953238062,0.3659860223268015,1.077504159614297,-0.8327188583286135,-1.0157848898642519,0.9543635619690863,0.22278863190932532,0.6996070961087573,0.3613580467200701,1.0742753291711213,0.9224580513829977,0.8542289513133573,0.023299546621949253,0.03494653091553963,0.04314153176205282,1.225827264618123,-0.5697572095140447,-0.7238160969283404,-0.17458640740097991,-0.834835713729554,0.6723041390340101,-1.5750313237595728,0.1505387454778432,0.10557184533739954,-0.7079486804311161,-0.813990190768046,-0.519062190051948,1.0942482538471945,-0.34537332534454035,-4.116597859367615e-4,0.31895646290159346
0.4348439116811139,-0.3245174258567456,-0.11741288184030249,0.6453371754244468,-0.6055831490198708,0.08602535116971323,-0.5177328268359359,-1.3778481045126072,0.27368939871720255,0.12954487257836408,0.5234998750451657,0.22670926756130452,-0.3665594896388815,0.3611280426923427,-0.5303484988177657,0.26896589780396574,0.30867495117359,0.3231510981227206,-0.4074342422702889,-0.7420885922567702,-0.9046619303853934,0.365093442045726,0.7285406858191168,0.7623183963573794,0.7447387886987613,0.2664118021111731,0.2731099242814576,0.1591084313984495,0.129989990648314,-0.5855629882095466,-0.19944110096573503,-0.610802212581893,0.31801964611245637,0.1799473870896605,-0.13490783828957253,0.17535680546513957,0.8508349838232473,-0.07214160484561714,0.4997462280569518,0.43522433647355047,0.3363258343509021,-0.9393795921021504,0.38087701277734226,0.6737943861116421,-0.5064121723164636,0.6155248178906908,-0.17850027719664635,-0.1609181071264253,0.20446360943466024,0.06724414476758847,-0.6034113046006699,-0.33948087676068284,0.19069142454370255,-0.22340425871927239,-0.6321952714158197,0.14083798438625691
-0.4902618282494073,0.7967436258216919,1.1883132893051376,-3.621769155560054,2.354302346000307,2.2860548630970507,-1.998907504281463,8.354623396430293,-1.6680111640999076,1.3076767585976297,-0.4816379525461314,-0.3665594896388815,1.4816566920210756,-1.5723512418133636,0.8185362635899583,-0.04065334147144986,0.9441185695261604,-3.353532953279667,1.4198863061545728,4.737773398045924,6.4756766442338956,-2.6495075283047465,-3.889335693786613,-5.529885951098469,-0.7773661214219131,-0.35026778681895193,-1.0866228989514493,1.4569785421411134,-2.9567958445769977,1.7686960395882687,3.745050885013297,4.948464845467529,-0.6029268453540708,-0.424098356589939,3.572876716158612,0.9661178167972698,-4.072086346220445,0.5756192327076308,-3.5223048538407955,-3.0405806299126934,0.5378233632422391,5.400144078024491,-4.503880877876741,-5.283558191317043,1.6383247414044138,-2.8145027348999876,-2.520116044537073,1.5286369597454676,-1.220912097872496,-2.197731339378673,2.3854103025097095,1.190747406445576,1.2706735543689003,0.7758287701617911,4.560479093176628,-0.2453460709363748
0.45463656048176393,-0.8194120234510576,-1.2989778146150734,3.897803915434698,-2.494509143774001,-2.564187640175207,2.3346923888807405,-9.015923606992443,1.8013804452803412,-1.4840861851749854,0.4268906324143853,0.3611280426923427,-1.5723512418133636,1.6760520776161627,-0.8002563724242583,-0.009961841634161637,-1.1151702620164512,3.6671085456277037,-1.4952298108801807,-5.120337847177532,-7.021623800304909,2.8733963646632597,4.1783404270850015,5.999342849199788,0.7099568034584172,0.3345699675464876,1.153100016137402,-1.656020015040393,3.2651342918254986,-1.8471528060373177,-4.129051098937605,-5.382004057368831,0.6056084337853033,0.4345616243067581,-3.9499517706852076,-1.1123775549408348,4.356831748360681,-0.6272549821042277,3.818835758785092,3.2942622204123317,-0.6700610787233803,-5.817473220222006,4.934993536158063,5.742325666882911,-1.718112561213057,3.0057332096214435,2.8444227522646317,-1.667626949098326,1.3172356808773211,2.4331619142205243,-2.530915918052096,-1.2561415721067513,-1.45482741508023,-0.8173182044763159,-4.945846027014478,0.24385833861222078
-1.0300902642055403,0.7468643969671653,0.2290588789569256,-1.3953967872880704,1.355769304873213,-0.3160876743658028,1.3461963264958339,2.94598230139427,-0.583966638369199,-0.37326000735670706,-1.2438876621558934,-0.5303484988177657,0.8185362635899583,-0.8002563724242583,1.245238895311763,-0.6483646704177095,-0.790245319585722,-0.6270191426564853,0.9190997332027937,1.5756991954898545,1.8893385869337278,-0.7609266606721136,-1.582249405192913,-1.5880742049655432,-1.765525783262547,-0.6284849482756402,-0.6107471725250628,-0.4529685373928949,-0.17913448883988267,1.3346563524540445,0.30801578265617163,1.2491879985326055,-0.7415655891475497,-0.41571403160165343,0.16101951931546454,-0.46880649513017797,-1.869065174838545,0.14752438305740467,-1.0461020843313797,-0.9135368558049394,-0.8387265551210114,2.0220140943388634,-0.7143106229932983,-1.3849009401375105,1.1503882583810923,-1.358125704580182,0.5493075007891312,0.31951520686105617,-0.438367166130551,-0.0608061626913432,1.349297634611335,0.7649183774688976,-0.5201955427257806,0.5041736944015509,1.3178368644013063,-0.3296342301076919
0.6127807738034621,-0.2641051018258498,0.3044779252137395,-0.37753717680821774,-0.10826235304774352,1.1827483372426753,-1.8786729549629446,1.086201252317182,-0.21979423962686068,0.8280454240562659,0.7850420033835486,0.26896589780396574,-0.04065334147144986,-0.009961841634161637,-0.6483646704177095,0.4956669263685194,1.0097133660196433,-0.8744017732663362,-0.14501111744224957,0.6912949001286617,1.1533161923283772,-0.48182182811324237,-0.33959305569771775,-1.0043130546496482,1.0761105851335913,0.3531274723164496,0.03847686237322685,0.9523199767935163,-1.0661170138149518,-0.33125785207946834,1.2862195399938006,1.0353778029536727,0.3395091595019763,0.1547056011587188,1.332185320064754,0.7647695096200899,-0.18756431082064318,0.11803263918038218,-0.6122392333794603,-0.5208218417137247,0.8811245151753381,0.6089025741964088,-1.2756715661886429,-1.0649178491020406,-0.23889758850178225,-0.07709913803368733,-1.4622425092167115,0.37236727063975483,-0.15229928069529977,-0.8495382712656535,-0.09128204469707685,-0.11793890123205586,0.9296012836085313,-0.08115083806152303,0.8224426134179704,0.15998643708749552
0.9443295381555527,1.1447626690649537e-5,1.4663100583322957,-3.31173782581243,1.4107504141289862,4.070344463631267,-5.330859054494295,8.092161684363303,-1.6234616821799217,2.647536951662171,1.3108771079729036,0.30867495117359,0.9441185695261604,-1.1151702620164512,-0.790245319585722,1.0097133660196433,2.773462458935555,-4.167965064547606,0.683075097049697,4.746099713100739,6.9244076145733855,-2.853579372251824,-3.4179037283000198,-5.955352175256445,1.71567842294321,0.4961830256939108,-0.6757754296948126,3.0108217715353383,-4.293376673867532,0.5359328131737615,5.303739122884868,5.614533154744259,0.29128036732699736,0.028740674043474728,5.278994938247802,2.2763445633922856,-3.2268580369526725,0.6503859471505813,-3.736853553971956,-3.2074920149451627,2.222862725156327,5.03467732148832,-5.808364512273501,-5.909444963089668,0.6387821193824657,-2.1198489223871433,-4.8204553023694166,1.843026584406889,-1.1696055913338799,-3.3105282154064666,1.4697499481946414,0.5828561159291957,2.833792025610745,0.36969329939824663,4.897512821450627,0.16422884681478575
-0.06510890808747281,-1.3284853384250017,-3.355837912418592,9.142122578417993,-5.2478557725863135,-7.619849350289629,8.321036372948372,-21.512100749418202,4.304427001837585,-4.660176243699702,-0.42165663171925855,0.3231510981227206,-3.353532953279667,3.6671085456277037,-0.6270191426564853,-0.8744017732663362,-4.167965064547606,9.495914606580762,-3.0070336730041145,-12.344996484037027,-17.28301531091195,7.08994627187964,9.6865438162724935,14.800266615185132,-0.30685163600142523,0.12159893228196765,2.446155913215504,-5.246813259924912,8.950605794801682,-3.4529367402010767,-11.21043286674433,-13.509437222839397,0.7356445841704516,0.6818188278890793,-10.898429144900042,-3.7416053994992162,9.813566170803801,-1.572153385991547,9.376120933681376,8.07400385541316,-2.9774063437083957,-13.72089453145757,12.947903873966483,14.34373695357041,-3.3318013282261725,6.679087762463127,8.714083678971592,-4.272886864629895,3.1324949323391413,6.763299393044381,-5.357565808270892,-2.53429415750846,-4.770909594811931,-1.6404637465177612,-12.190237295154773,0.2568297611528015
-0.5979899189462746,0.8160243446422623,1.0671750277660348,-3.368202590307702,2.2666622845590845,1.9242619092245468,-1.501690734258157,7.726111892310153,-1.542407395159243,1.067396815021109,-0.6275487806898885,-0.4074342422702889,1.4198863061545728,-1.4952298108801807,0.9190997332027937,-0.14501111744224957,0.683075097049697,-3.0070336730041145,1.384745028185151,4.3654933142572725,5.921481748263667,-2.421092372705477,-3.6324090826623214,-5.05250514865091,-0.9713656330183075,-0.4094342991950267,-1.0431485394663638,1.1836450930982072,-2.5876141144436753,1.7557647492853887,3.292532611778331,4.492735508996813,-0.6469618449492407,-0.4378580500975578,3.117944420593086,0.7568048656596172,-3.8391740338624007,0.5232834002742552,-3.224235452686198,-2.7843802528035573,0.322991650338971,5.013456933745069,-4.016409416959142,-4.8057240357072954,1.6114528098035001,-2.6643268791537036,-2.086949065341213,1.3757520394305336,-1.1301448908012945,-1.911467303808075,2.291940940394422,1.160172345585875,1.0114329045174104,0.7566066418107513,4.168483593208935,-0.26817874493873217
-0.5685981906926832,2.1444763528877044,4.367177740363129,-12.384961051508942,7.460668867460728,9.390419275645389,-9.621130119620265,28.931388204083532,-5.785039230628244,5.6275752690916105,-0.25517538501929565,-0.7420885922567702,4.737773398045924,-5.120337847177532,1.5756991954898545,0.6912949001286617,4.746099713100739,-12.344996484037027,4.3654933142572725,16.530466076926313,22.94207317505877,-9.402677984287278,-13.189346374734905,-19.62704482802487,-0.7291980048727109,-0.549628481585959,-3.4636729960911916,6.316701942022915,-11.375631321439398,5.188328846745428,14.30194538101032,17.789003037176254,-1.393517996595537,-1.1203276074330042,13.816569114454115,4.412037393522415,-13.530341085112305,2.070556812573792,-12.458525061510334,-10.73686299252435,3.216534704085209,18.54369531766694,-16.744429413621774,-18.925268371789,4.918975172811291,-9.263255943583182,-10.618841310054425,5.5790792127069855,-4.218340403039183,-8.549467862859506,7.593600975480078,3.672109995899897,5.674993583197631,2.3830010866351365,16.17305211183279,-0.531017194489655
-0.5243249692026125,2.828351128889255,6.112024670175526,-17.131257184205598,10.179068969218097,13.361041111490561,-13.96741379579276,40.10212577990793,-8.020033046133408,8.058116733321262,-0.022732587303470393,-0.9046619303853934,6.4756766442338956,-7.021623800304909,1.8893385869337278,1.1533161923283772,6.9244076145733855,-17.28301531091195,5.921481748263667,22.94207317505877,31.92181976697259,-13.086450130401472,-18.216743325179884,-27.317026336179158,-0.5512790716509217,-0.6064817268976107,-4.731171562739186,9.053279759264967,-16.03450615812414,6.972583752755274,20.135628784492784,24.810244739479486,-1.768977481132362,-1.4708823062071485,19.489625798503127,6.364936878300342,-18.6208508763983,2.8874767522575633,-17.32975059539508,-14.931773337265694,4.775501565294265,25.667279866196957,-23.479194071618807,-26.379414906130556,6.642223652607553,-12.727079309229515,-15.161771145686869,7.800930630776357,-5.844963336896059,-12.070402290493426,10.36933974927656,4.983546081396299,8.1643964728785825,3.2319341722467203,22.506711629436904,-0.6613284780340627
0.20273078829595803,-1.152428599857192,-2.507388431685979,7.018139075886774,-4.164107264314501,-5.490577264482398,5.752369785241549,-16.432794133701556,3.286363016888947,-3.3133619345011143,-0.005708473593918511,0.365093442045726,-2.6495075283047465,2.8733963646632597,-0.7609266606721136,-0.48182182811324237,-2.853579372251824,7.08994627187964,-2.421092372705477,-9.402677984287278,-13.086450130401472,5.365334055256046,7.461934140201165,11.198756228003559,0.20485447287130434,0.24138258004396293,1.9353990459870098,-3.7232852581717815,6.582764178485142,-2.8470715515682907,-8.26550033544271,-10.17419253451953,0.7171881060610665,0.5992935767443179,-8.0020035360783055,-2.6198691534000442,7.62423375472173,-1.1837774714339357,7.103922264450538,6.121008941475706,-1.9710198703975592,-10.515883664110975,9.633621972755128,10.816792471533857,-2.713735744417093,5.209814797877978,6.232870205063169,-3.1997812960656553,2.39483335096133,4.956260969687224,-4.241745893126031,-2.0371206967821394,-3.3593741302750204,-1.3211097305756876,-9.227022795097266,0.2676410739467052
0.7434638854995447,-1.8722463884018745,-3.428684025247937,9.945575761431469,-6.1440223719892195,-7.133235073173852,7.004638561554975,-23.139709928767324,4.625237378779636,-4.220067600674952,0.5655875011977862,0.7285406858191168,-3.889335693786613,4.1783404270850015,-1.582249405192913,-0.33959305569771775,-3.4179037283000198,9.6865438162724935,-3.6324090826623214,-13.189346374734905,-18.216743325179884,7.461934140201165,10.620117487385828,15.576038798341209,1.0853561189211411,0.6094744492873788,2.8468961405188975,-4.726875579769636,8.807562771658285,-4.389181330915666,-11.097902434891443,-14.060703134411362,1.2925168293404161,0.9853496308549892,-10.680888771848194,-3.2560579704633135,10.96770260730438,-1.637006261191985,9.898199567482253,8.534105975560367,-2.22643531473614,-14.871406937403298,13.09833800447347,14.97562056153761,-4.127102056070435,7.53229428325981,8.009141679286577,-4.388616590625677,3.3764844463817614,6.597625027447042,-6.244393544289962,-3.0529622989542244,-4.21283964357175,-1.9836239903995425,-12.83778505050886,0.5063852257911917
0.4232845658030306,-2.4056168197258976,-5.2340424022785825,14.650381470796178,-8.691465973333766,-11.46163309718615,12.007645382792944,-34.30347373384572,6.861260534358071,-6.917772361826777,-0.01180649867122202,0.7623183963573794,-5.529885951098469,5.999342849199788,-1.5880742049655432,-1.0043130546496482,-5.955352175256445,14.800266615185132,-5.05250514865091,-19.62704482802487,-27.317026336179158,11.198756228003559,15.576038798341209,23.377962662736465,0.42810051224670365,0.5042958205445653,4.040530636535888,-7.772375177139583,13.740958439449251,-5.943544914478596,-17.253629132255938,-21.236686672040346,1.4982897241964057,1.2505370898478902,-16.702941928120243,-5.468154516044231,15.91556368600074,-2.47259580410557,14.830310281646831,12.77684460935792,-4.1154212661131595,-21.95235907702849,20.108977243580206,22.578480868817547,-5.664838730920107,10.87601477307312,13.0115669509546,-6.678551411257848,4.999830610943295,10.34564872202395,-8.855642709657408,-4.253614406026052,-7.012025835441396,-2.7578793846173824,-19.260257087362582,0.5587833820594102
1.5367085856919984,-0.9350316988017063,0.09751426397464319,0.8792453723270512,-1.3273690963330071,1.4612546405595923,-3.0811297299225,-1.5681862816304064,0.30574357671904256,1.1605097257618222,1.9002451100785263,0.7447387886987613,-0.7773661214219131,0.7099568034584172,-1.765525783262547,1.0761105851335913,1.71567842294321,-0.30685163600142523,-0.9713656330183075,-0.7291980048727109,-0.5512790716509217,0.20485447287130434,1.0853561189211411,0.42810051224670365,2.6593142059502703,0.9165760821267601,0.5875069227698502,1.35537311936366,-0.9004204765845577,-1.5303407105374587,1.0035718386738115,-0.09271991838010846,1.0045590291283553,0.527612317437377,1.1810632653774304,1.1832242847369758,1.4945061894185505,-0.01427256167788,0.3306149409262615,0.30328763265470665,1.6318533325661526,-1.2126151321834453,-0.6272426661694999,0.18559003499934748,-1.2725963329148497,1.1450701116096476,-1.9498330836871924,0.0827292537195604,0.242421606946787,-0.790919475506518,-1.3040148597340346,-0.804865432097232,1.3934426812531429,-0.5342967784013678,-0.3668191740106287,0.45549419293726556
0.5323655072547885,-0.3564186239157989,-0.04693583748573527,0.5251699724717318,-0.587080583671322,0.3253331729931483,-0.8708902127304801,-1.061367519210496,0.20985044700731795,0.29103120537175525,0.6501441953238062,0.2664118021111731,-0.35026778681895193,0.3345699675464876,-0.6284849482756402,0.3531274723164496,0.4961830256939108,0.12159893228196765,-0.4094342991950267,-0.549628481585959,-0.6064817268976107,0.24138258004396293,0.6094744492873788,0.5042958205445653,0.9165760821267601,0.32155288204140503,0.26296343981839176,0.3451014613220529,-0.0976800093563392,-0.6145330311287387,0.07959504667771194,-0.3567010811360701,0.3669415734032865,0.19988390379580023,0.14889761291236742,0.3211350993454129,0.7547070968938241,-0.043172400368635525,0.34043410848670846,0.29931828093503,0.4953856372766709,-0.7505849640073233,0.092936601824729,0.4087335686396025,-0.5222455621247257,0.5579572202521343,-0.46834384503860405,-0.07361754871117132,0.15959304518577208,-0.11252272496195041,-0.581956686782079,-0.340654299076703,0.369547949929565,-0.22496193614146845,-0.41991337227850317,0.16461383071606003
0.36940240876824043,-0.5880758962544692,-0.8671779769857837,2.650705245368036,-1.7282618345706622,-1.6569186418331332,1.4357872558310714,-6.110737499012108,1.2206985164890407,-0.9465680021485493,0.3659860223268015,0.2731099242814576,-1.0866228989514493,1.153100016137402,-0.6107471725250628,0.03847686237322685,-0.6757754296948126,2.446155913215504,-1.0431485394663638,-3.4636729960911916,-4.731171562739186,1.9353990459870098,2.8468961405188975,4.040530636535888,0.5875069227698502,0.26296343981839176,0.7978884431049222,-1.05316031934635,2.1519934318250957,-1.3025486300612075,-2.7262134949076597,-3.612972519148644,0.44833652126847656,0.31385328178018945,-2.598730055662245,-0.6964920285179285,2.9835888539048026,-0.4214584511476001,2.574747553914973,2.221843469867319,-0.38071295819627454,-3.9510235019928173,3.2828136729100317,3.8579321119363272,-1.2056146170718804,2.062847509335452,1.8249705314193136,-1.1146153322205978,0.8934633270851944,1.5981244004868094,-1.751788908045314,-0.8758758996396123,-0.9171152140384341,-0.5702892874238418,-3.3313466348589666,0.18287571673097333
0.723028146551308,0.29708812507586807,1.849055851671679,-4.525363451358744,2.229834132510858,4.75571498559295,-5.857223667574106,10.874076503299147,-2.179250782959951,3.0267701326444523,1.077504159614297,0.1591084313984495,1.4569785421411134,-1.656020015040393,-0.4529685373928949,0.9523199767935163,3.0108217715353383,-5.246813259924912,1.1836450930982072,6.316701942022915,9.053279759264967,-3.7232852581717815,-4.726875579769636,-7.772375177139583,1.35537311936366,0.3451014613220529,-1.05316031934635,3.4304366261982744,-5.218757982159162,1.1732339002876049,6.481908394609751,7.227536014256572,0.05406283757560365,-0.13032941992803435,6.393431257335422,2.542693609554891,-4.612231542303588,0.8391159313935119,-4.896808858033261,-4.208514724725037,2.3326331546671915,6.841029392317711,-7.2478497155243975,-7.6355737118106415,1.2229125886884016,-3.082138032390464,-5.562330452205241,2.3364140045006896,-1.5769266012060108,-3.9935784966304326,2.299017865325481,1.003548260839874,3.190867975030143,0.6437599972301865,6.395801887702633,0.06602281044990485
-0.415058081794038,-1.0261617622295223,-3.160532863363642,8.346681789020932,-4.601070356758374,-7.461712696049525,8.491364379784049,-19.75414170401005,3.9541621293759897,-4.6256089888262,-0.8327188583286135,0.129989990648314,-2.9567958445769977,3.2651342918254986,-0.17913448883988267,-1.0661170138149518,-4.293376673867532,8.950605794801682,-2.5876141144436753,-11.375631321439398,-16.03450615812414,6.582764178485142,8.807562771658285,13.740958439449251,-0.9004204765845577,-0.0976800093563392,2.1519934318250957,-5.218757982159162,8.57799283585854,-2.8758414372852745,-10.714047601303436,-12.611622750051476,0.4561610658003944,0.5158662913777645,-10.463692126591093,-3.771782232365019,8.831727971981861,-1.4665974426009079,8.691370094071571,7.480602786445895,-3.1604848678497004,-12.550575464011446,12.25287610650395,13.369958341198425,-2.8224342051711617,5.981295866902913,8.598043782970501,-4.015102388746785,2.8733427729266676,6.506815520814854,-4.70901030790408,-2.183670571090274,-4.782717439490784,-1.410633979539284,-11.314439934114857,0.13516888978707464
-0.9273922149814563,1.0894352135430203,1.2268314122062935,-4.052368695833987,2.8360318228786885,2.018433702636983,-1.2831649111657328,9.225335793773219,-1.8406915991189703,1.068618409748227,-1.0157848898642519,-0.5855629882095466,1.7686960395882687,-1.8471528060373177,1.3346563524540445,-0.33125785207946834,0.5359328131737615,-3.4529367402010767,1.7557647492853887,5.188328846745428,6.972583752755274,-2.8470715515682907,-4.389181330915666,-5.943544914478596,-1.5303407105374587,-0.6145330311287387,-1.3025486300612075,1.1732339002876049,-2.8758414372852745,2.2732713034822796,3.6791290058491,5.240354343467971,-0.9046301684777961,-0.588307303985111,3.4495988108072795,0.7020706580261118,-4.691473437532641,0.6116439244983637,-3.8018392376073336,-3.2856325470666548,0.13101572400724162,6.015958378146877,-4.579000699627342,-5.618246373415507,2.066922283783623,-3.272461740426428,-2.1350984845804195,1.5883307327773204,-1.3519843373705653,-2.1047882527913826,2.8634748281344953,1.4709711972408313,0.966804601312555,0.9605589524281052,4.90445572139924,-0.3806379427715384
0.44885093406464255,1.332766837971178,3.959111395772331,-10.50759743188534,5.8337948990749435,9.291815151503132,-10.505469660597026,24.849692083600115,-4.974275405394516,5.7453737835950225,0.9543635619690863,-0.19944110096573503,3.745050885013297,-4.129051098937605,0.30801578265617163,1.2862195399938006,5.303739122884868,-11.21043286674433,3.292532611778331,14.30194538101032,20.135628784492784,-8.26550033544271,-11.097902434891443,-17.253629132255938,1.0035718386738115,0.07959504667771194,-2.7262134949076597,6.481908394609751,-10.714047601303436,3.6791290058491,13.39116069989533,15.821162035846976,-0.6190551565952245,-0.6718850517265357,13.067759433262694,4.674506773048708,-11.147993624884794,1.8398685855527341,-10.915465601140058,-9.394882245005023,3.886656325113283,15.79840447440112,-15.336313252372028,-16.777941924284434,3.5987004448770485,-7.556380004410275,-10.692130822185748,5.030976171862489,-3.6146348062914297,-8.123595375920935,5.967210935469226,2.7777146325753543,5.932677858671221,1.7948294388116992,14.208386469812607,-0.19062921226016755
-0.2138490504815291,2.0857439076609765,4.776560157477893,-13.240547649309402,7.765925142491428,10.597978547989102,-11.276480930939883,31.05701885382726,-6.212305832256531,6.427164736408808,0.22278863190932532,-0.610802212581893,4.948464845467529,-5.382004057368831,1.2491879985326055,1.0353778029536727,5.614533154744259,-13.509437222839397,4.492735508996813,17.789003037176254,24.810244739479486,-10.17419253451953,-14.060703134411362,-21.236686672040346,-0.09271991838010846,-0.3567010811360701,-3.612972519148644,7.227536014256572,-12.611622750051476,5.240354343467971,15.821162035846976,19.326376337330935,-1.2513671765995067,-1.0802327294491787,15.33990767389945,5.111272750566112,-14.323672630082886,2.2488768609414054,-13.465202935160056,-11.599564550634167,3.9283729387883954,19.851013467421645,-18.37926027541464,-20.537225078530792,5.015724642057931,-9.773855705205865,-12.063650435693267,6.090318279610524,-4.524742129710267,-9.50787868222668,7.916667659586948,3.78227485822173,6.540179902663802,2.4512495571455477,17.49550356652198,-0.45800807407620525
0.5905971618571468,-0.48202657762491063,-0.26434988359432404,1.1641457666118784,-0.9870345253369495,-0.11792209240563205,-0.44731062500174845,-2.5444071791211993,0.5064613190050685,0.030487163830435576,0.6996070961087573,0.31801964611245637,-0.6029268453540708,0.6056084337853033,-0.7415655891475497,0.3395091595019763,0.29128036732699736,0.7356445841704516,-0.6469618449492407,-1.393517996595537,-1.768977481132362,0.7171881060610665,1.2925168293404161,1.4982897241964057,1.0045590291283553,0.3669415734032865,0.44833652126847656,0.05406283757560365,0.4561610658003944,-0.9046301684777961,-0.6190551565952245,-1.2513671765995067,0.456583294405168,0.2662155330684915,-0.5218451117048248,0.12256439591149582,1.462908185043062,-0.14779100884804175,0.9726793744867199,0.844218810767438,0.3651038064534351,-1.7052264413184055,0.9214638320418103,1.362263034748874,-0.7938259441496525,1.0452722099225726,0.027370554367294894,-0.3519737061414591,0.37626479126537593,0.3014103200948044,-0.9886709399397046,-0.540795033451776,0.11158729039400983,-0.3549208677692248,-1.238826588443601,0.2001072829686502
0.3135546961146214,-0.2980012733621579,-0.24363824762802522,0.8997477143698577,-0.6875770892385057,-0.29417049055225886,0.013777709950017779,-2.0137906028917003,0.4016589042201294,-0.12484411987029453,0.3613580467200701,0.1799473870896605,-0.424098356589939,0.4345616243067581,-0.41571403160165343,0.1547056011587188,0.028740674043474728,0.6818188278890793,-0.4378580500975578,-1.1203276074330042,-1.4708823062071485,0.5992935767443179,0.9853496308549892,1.2505370898478902,0.527612317437377,0.19988390379580023,0.31385328178018945,-0.13032941992803435,0.5158662913777645,-0.588307303985111,-0.6718850517265357,-1.0802327294491787,0.2662155330684915,0.16356407859051078,-0.6102150854858877,-0.04861915907134976,1.0801588458250584,-0.1267926905024947,0.8049070067912945,0.6966395480938524,0.1050772353135741,-1.3280644268106623,0.8860059429418692,1.1646366153971552,-0.5254725812483051,0.7612625908566208,0.2790574538469987,-0.3178119732276,0.29613575226175287,0.36666061772443587,-0.6911792231334801,-0.36613165114329727,-0.08559314134207113,-0.2395685656939267,-1.032900030486531,0.11494163275328834
0.5548933410156245,1.2197225941691563,3.847698049380419,-10.124898975698912,5.555372471250514,9.127283157134919,-10.430788082457807,23.982516349573196,-4.80049650514677,5.663780156587585,1.0742753291711213,-0.13490783828957253,3.572876716158612,-3.9499517706852076,0.16101951931546454,1.332185320064754,5.278994938247802,-10.898429144900042,3.117944420593086,13.816569114454115,19.489625798503127,-8.0020035360783055,-10.680888771848194,-16.702941928120243,1.1810632653774304,0.14889761291236742,-2.598730055662245,6.393431257335422,-10.463692126591093,3.4495988108072795,13.067759433262694,15.33990767389945,-0.5218451117048248,-0.6102150854858877,12.768727493695112,4.6265897211115785,-10.697243168646027,1.78276482606822,-10.562058160808919,-9.090310960535092,3.897358155678421,15.230481535499761,-14.926486735963607,-16.26061327167215,3.3920161618016182,-7.240742651211748,-10.523746702899206,4.887565188852256,-3.487349563275068,-7.942011538154011,5.686297056052918,2.6308220033322898,5.863529759505035,1.6992693971516368,13.754122147345427,-0.1492097006470118
0.6410936907664139,0.13132249119363792,1.3181292837572824,-3.1309355926240245,1.467856890519369,3.4893129860330867,-4.406289926914558,7.568727072165353,-1.5178089976700744,2.240852297294563,0.9224580513829977,0.17535680546513957,0.9661178167972698,-1.1123775549408348,-0.46880649513017797,0.7647695096200899,2.2763445633922856,-3.7416053994992162,0.7568048656596172,4.412037393522415,6.364936878300342,-2.6198691534000442,-3.2560579704633135,-5.468154516044231,1.1832242847369758,0.3211350993454129,-0.6964920285179285,2.542693609554891,-3.771782232365019,0.7020706580261118,4.674506773048708,5.111272750566112,0.12256439591149582,-0.04861915907134976,4.6265897211115785,1.9004911094941994,-3.1403493834021567,0.5934328270743181,-3.440405178115844,-2.955080409461235,1.7886595708795014,4.742088988286037,-5.185424002448898,-5.391830977620456,0.7592780689397287,-2.08576117416783,-4.102208768141444,1.6612527302127649,-1.0963729356662841,-2.8943837688909526,1.5186761351439788,0.6430925006481294,2.376902864646821,0.4108970732304882,4.498339034741401,0.08465113947579589
