V1,V2,V3,V4,V5,V6,V7,V8,V9,V10,V11,V12,V13,V14,V15,V16,V17,V18,V19,V20,V21,V22,V23,V24,V25,V26,V27,V28,V29,V30,V31,V32,V33,V34,V35,V36,V37,V38,V39,V40,V41,V42,V43,V44,V45,V46,V47,V48,V49,V50,V51,V52,V53,V54,V55,V56
489.24480460274776,1402.0393483425103,-164.57833786502448,-97.16085222867153,-482.45259252368584,-1091.5471148550275,633.6315111603861,929.345090873806,800.3428978740706,-722.5710736027931,1438.7636335051288,1302.7596101014974,-189.36624957221775,1254.9896525178829,155.0056791942365,-334.81979552044174,246.93355318514392,-543.8364511617074,1263.9154690155715,-127.75220375521897,-632.748066719683,-998.5980920595534,586.1821473968312,141.80287761643345,-55.158117848686004,1340.2007521128157,-623.4030057024952,670.0079512946286,683.6057702827808,233.90618842402642,-711.7245760981895,-922.253182840492,655.7108994083131,175.9182456212814,53.21795456275438,183.08612378142033,-165.32442136705754,-128.46008288107237,-881.6173826739835,-1014.1535193458726,63.20305442239214,-333.1292659697507,577.2465045781113,259.6667387460507,-638.6338812026513,-492.0605097492976,1196.5022829560573,329.11336046422963,138.2392106580151,378.36575657741025,216.15488956726827,-597.0241186996391,403.96131287655885,-292.26386148994,341.72495264856326,300.7361645716948
1402.0393483425103,4022.595685966757,-470.5973464279919,-278.2793535268509,-1383.8041533359144,-3129.879565224508,1818.0029832409562,2666.7786206682104,2297.1180862706324,-2072.1497053213043,4126.711085229228,3737.0372136314622,-541.7725850308711,3598.652903969204,444.53800053922043,-961.4190773817043,709.6311059844719,-1559.079719261209,3626.4514816330216,-364.69130009300454,-1815.5531906725041,-2864.6753761341433,1679.729573297815,405.4643792517168,-160.3314923748322,3843.833314935075,-1788.6138089758463,1923.7345774221942,1963.179131739021,671.3510090856983,-2043.7366775601454,-2647.23501136123,1880.4037081515069,504.8573564627902,151.1090192017201,526.5248462096255,-472.23991347276944,-367.75702486283774,-2528.340446734671,-2908.6261142369694,179.25722965605138,-958.6470724912286,1655.159964408151,747.0709386555259,-1830.551436785381,-1411.1694490231741,3430.9998129192795,945.2854530500838,397.0612111902893,1086.4664484505004,618.9157819313554,-1711.7589013990603,1158.7585889819422,-838.9633263217662,981.9557246546212,862.8506919443595
-164.57833786502448,-470.5973464279919,55.65596141164686,32.722320644854186,162.00900352955478,366.88975043290634,-212.67976685370738,-311.86225051206594,-268.4317629662199,242.7540726713216,-483.24692189301226,-437.4524202824869,63.970202035966416,-421.81482242492825,-52.104204155724474,112.22239184500977,-82.62414745944425,182.8348919188715,-424.2694607327515,43.36043001929699,212.32912314790033,335.285288629573,-197.32615401995022,-48.01078086681085,17.995046950343816,-450.18689616533777,209.22576373853514,-224.54424872716874,-228.99158544007258,-78.45965304886917,238.47531452464855,309.2420952235668,-220.31566523967123,-59.000635061768314,-18.241869981026507,-61.10843209661412,56.0184191076503,43.36524330673381,296.1507870412764,340.63549059917545,-21.7392342469882,111.11410777625656,-193.99509826988216,-86.68517277540487,214.79102261334396,165.31579039461056,-402.0902145199433,-110.24486763974514,-46.29107007205223,-126.81405283608964,-72.88980991848938,200.7253939792655,-135.63806947726096,98.08062937443447,-114.29982572214146,-100.92890311496296
-97.16085222867153,-278.2793535268509,32.722320644854186,19.303903020903597,95.76788532586804,216.72343874901173,-125.76278034800106,-184.44412389993215,-158.82302137618882,143.44448756540115,-285.61421913241077,-258.5990478478135,37.651254898705844,-249.1762133100627,-30.77583306695769,66.43293685503079,-48.9748863621383,107.98362948168653,-250.87343507118467,25.4260908137912,125.57268607434439,198.21532898012578,-116.43273464452206,-28.215029171619495,10.872120592616644,-266.0545320105154,123.72923752789376,-132.9335235947612,-135.61102921063284,-46.420606186838405,141.1989008787282,182.99819612350927,-130.177770638515,-34.90682665257734,-10.613485264835276,-36.284772893126245,32.89623414606927,25.53133115682589,175.01091904643522,201.3193081833077,-12.622342609589655,66.01332612272036,-114.60585479117282,-51.46571824261775,126.81858341713732,97.68733226825681,-237.55811837629545,-65.29311073832373,-27.420996453359386,-75.07328604697449,-42.951954901212744,118.5440839685688,-80.183366067619545,58.01005820324379,-67.76821923102838,-59.69015543536186
-482.45259252368584,-1383.8041533359144,162.00900352955478,95.76788532586804,476.07988666746485,1076.8350256630667,-625.3997068331681,-917.3577687592285,-790.1595561487375,712.9226251008031,-1419.7145831717394,-1285.6250744461004,186.478260002758,-1238.1013990065198,-152.93173168205794,330.6640347082723,-244.02209698778304,536.4351258587714,-1247.4909392773138,125.59163623218993,624.5680617275541,985.5064874798423,-577.9805890755265,-139.55873686565795,54.998364513366454,-1322.4097679772754,615.3046105373011,-661.6707598683664,-675.2119597313617,-230.92545671382663,702.9288087032305,910.5880630612127,-646.9435031468109,-173.6706779510286,-52.113304019994715,-181.04997928443075,162.60905740760796,126.56052003126923,869.8749019867807,1000.6901850966163,-61.821879469014135,329.5646575042127,-569.4722566135962,-256.83197628071895,629.8604822759055,485.49805449334787,-1180.4281620726688,-325.0953483072145,-136.55892143532256,-373.67136639960324,-212.99962316459542,588.93723746505,-398.6474946950672,288.54696254911494,-337.6923609783223,-296.83064258625166
-1091.5471148550275,-3129.879565224508,366.88975043290634,216.72343874901173,1076.8350256630667,2436.179241794723,-1414.541412554925,-2074.8137897676324,-1786.9631969369957,1612.6782402233384,-3211.4576126884244,-2908.010245027023,422.26898773699975,-2801.026939889711,-346.0104590695792,747.7642587913663,-551.677667607794,1213.6087435172,-2821.700491978889,284.6053401395314,1412.5339520778896,2229.1040750833854,-1307.9670702543847,-316.21554711211627,123.82423117362336,-2991.396952742196,1391.6384947123152,-1496.1916712608436,-1526.6764957647204,-522.2707435967623,1589.4330751686448,2059.1856521127847,-1463.4916615585903,-392.73643370966244,-118.24147710095706,-409.0649482671901,368.376006219301,286.5708955334784,1967.650229392781,2263.540812127568,-140.40786412554672,744.6409805694927,-1288.265304990513,-580.424468156253,1425.0745279095675,1098.2693057160482,-2670.432259518038,-735.102060760893,-308.74947564074665,-845.0171154027373,-482.1585895799999,1332.4553049335077,-901.6852428475328,652.7300492948891,-763.32640542579,-671.3377004169678
633.6315111603861,1818.0029832409562,-212.67976685370738,-125.76278034800106,-625.3997068331681,-1414.541412554925,821.6473194455752,1205.251680297799,1038.1836211719224,-936.4941473623661,1865.051001885029,1688.9420319745693,-244.847396152459,1626.399192471973,200.90984521252363,-434.520683597358,320.72476518718156,-704.615163764679,1638.9766391273758,-164.81350339796342,-820.5341252488149,-1294.6766660206806,759.1459863401376,183.2497319323372,-72.47054106740244,1737.20374814179,-808.3565903218735,869.4353249736703,887.2676983867241,303.41889351990994,-923.676171075493,-1196.4188231473422,849.8391733542338,228.17078841424248,68.27992281919228,237.96370054239046,-213.41279099534944,-166.2091079603591,-1142.6647733184427,-1314.5347635774954,81.00325281898219,-433.2745471654959,748.0375097672288,337.6559027395892,-827.3042111192519,-637.7724094328228,1550.6225466609824,427.2288731825923,179.4547999302376,491.03641986018937,279.7152137656525,-773.6247178138541,523.6953317424551,-379.1819475489773,443.79682817008586,389.9584055665692
929.345090873806,2666.7786206682104,-311.86225051206594,-184.44412389993215,-917.3577687592285,-2074.8137897676324,1205.251680297799,1767.9757166124848,1522.9416697548543,-1373.6540304100413,2735.705847050431,2477.412685299374,-359.04772012376674,2385.5739763698657,294.6952563659406,-637.4379214174123,470.54211294017585,-1033.4936538838406,2404.172621968356,-241.63060131019205,-1203.6331000247735,-1899.104366355372,1113.4182904956333,268.697817490935,-106.45305172838408,2548.164811243579,-1185.7598965911557,1275.4503600024989,1301.6364113422121,445.09192574476737,-1355.0343396886049,-1755.079308541945,1246.5438697333327,334.70595349959285,100.05408476584272,349.1534299515006,-312.904274790733,-243.74782645074424,-1676.074584722025,-1928.186134451104,118.67606687120625,-635.7618482096184,1097.2074684940633,495.43923299214384,-1213.4270883059212,-935.4880768146129,2274.4317765445103,626.759089603677,263.26691847392516,720.3464324846714,410.21538841410484,-1134.7256458650074,768.1790138621255,-556.2326335043338,651.10184109473,572.0238230761214
800.3428978740706,2297.1180862706324,-268.4317629662199,-158.82302137618882,-790.1595561487375,-1786.9631969369957,1038.1836211719224,1522.9416697548543,1311.9363398473956,-1183.1330322160175,2356.33451983572,2133.914490101089,-309.0804126205845,2054.617676955517,253.81037661611012,-549.1586053364965,405.44543014627,-890.0891427910708,2070.901923868937,-207.90420565151663,-1036.81379933173,-1635.8068189225223,958.8041799779887,231.25488647992816,-91.94972220269132,2194.778886813748,-1021.4025097371323,1098.8200261221757,1121.431636752771,383.4203695634316,-1167.4066832584278,-1511.9469063413953,1073.6423855452283,288.33130109881876,85.99977845964321,300.92013803846567,-269.2751752532481,-209.84263651941785,-1443.6256237294554,-1660.7913148421362,101.97067386466136,-547.9768092571895,944.9978771489373,426.99508752518,-1045.0146568661808,-805.7385603536685,1958.9236239748407,539.9903825769758,226.82656249160723,620.5867962217051,353.1898962547751,-977.2740423404531,661.6722229026959,-479.14398974068865,561.041891144004,492.7382561368917
-722.5710736027931,-2072.1497053213043,242.7540726713216,143.44448756540115,712.9226251008031,1612.6782402233384,-936.4941473623661,-1373.6540304100413,-1183.1330322160175,1067.6358505638043,-2126.0437750324472,-1925.2004667101753,279.3877306913407,-1854.1853330423532,-229.0339830414015,495.08721836448444,-365.3093812092475,803.3841985290935,-1868.0423901188237,188.2437813990641,935.2308365300719,1475.766039115116,-865.6985175234696,-209.13033668866356,82.16278736332342,-1980.3449527897749,921.3680882146417,-990.6774770264773,-1010.9141544217212,-345.77495914909923,1052.4352820639504,1363.4286040505763,-968.8370417430078,-260.04415873524493,-78.1782373417872,-270.98271916044496,243.68782058824127,189.60967289490148,1302.666551200616,1498.5515746768199,-92.76840848383459,493.24157063884826,-852.8350058205765,-384.41615950012357,943.3335751524593,727.0571469720965,-1767.7855335072957,-486.72406846328744,-204.4477250117929,-559.4781316540173,-319.0782346731103,882.0186238449204,-596.9653981644345,432.0725360579799,-505.52051984263215,-444.47600183795123
1438.7636335051288,4126.711085229228,-483.24692189301226,-285.61421913241077,-1419.7145831717394,-3211.4576126884244,1865.051001885029,2735.705847050431,2356.33451983572,-2126.0437750324472,4233.889275481159,3833.9661796931005,-556.2596199792227,3692.4350389589044,456.1215701454831,-986.1060853643523,727.6911012227872,-1599.7762100423386,3720.3297402096077,-374.67593942186545,-1862.4853972361204,-2938.940895844379,1723.8472611842217,416.4157570344737,-163.88587105386063,3943.7165174723827,-1834.8903849334138,1973.1264979508255,2013.4563531527665,688.6648979587072,-2096.146377782626,-2715.392392796869,1929.331463632818,517.872706561953,155.46124437127673,539.767126824135,-485.07207384750166,-377.5432555149147,-2594.0621039193193,-2984.188382476423,184.49979849207384,-982.6467644317307,1698.281525361807,765.8460146407258,-1878.4288763937802,-1447.870407152783,3520.3560366031993,969.485794038907,407.2111769636419,1114.3611607507034,635.3135477285824,-1756.4310361462449,1188.8088377425863,-860.6275293345283,1006.9191826051542,885.1745205313414
1302.7596101014974,3737.0372136314622,-437.4524202824869,-258.5990478478135,-1285.6250744461004,-2908.010245027023,1688.9420319745693,2477.412685299374,2133.914490101089,-1925.2004667101753,3833.9661796931005,3471.8651472035126,-503.5689032329696,3343.5396965563123,413.0208808441551,-893.054819013075,659.0792171790522,-1448.597811513003,3369.014750032194,-339.10547311173735,-1686.6410106697356,-2661.3814982605436,1560.8411897248257,376.92684275289366,-148.6152942827126,3571.1840573287727,-1661.6350307828025,1786.9464682053283,1823.5188400819704,623.6563178390488,-1898.382032523605,-2459.1140291815223,1747.0611469266046,468.9928007583716,140.6304775919282,488.9368343193117,-439.05413088143183,-341.7957392731628,-2349.0209086414043,-2702.3082639697727,166.86834072546594,-890.1375484770758,1537.821829959316,693.7200988264726,-1700.8835469639123,-1311.0909038935206,3187.7451824114883,878.027169281129,368.80405949204544,1009.2085603529237,575.1897585948051,-1590.4449411897913,1076.534998900229,-779.3674213496771,911.9969515189015,801.5925783664441
-189.36624957221775,-541.7725850308711,63.970202035966416,37.651254898705844,186.478260002758,422.26898773699975,-244.847396152459,-359.04772012376674,-309.0804126205845,279.3877306913407,-556.2596199792227,-503.5689032329696,73.58183427971943,-485.507039284587,-59.97670795017657,129.25308288703673,-95.19828037173575,210.40741264224172,-488.4791612988866,49.81367540255782,244.41575840959226,385.9590305383984,-227.07059563775638,-55.24106547548722,20.8377261487954,-518.1937365653171,240.85860707478668,-258.5879917119406,-263.7163922799096,-90.3507616890943,274.63191207678994,356.05698460137955,-253.5783812520064,-67.91839483036291,-20.887515597458798,-70.3988652383241,64.3877118607682,49.881896541968196,340.83644474195546,392.0610690995616,-24.91038792520598,128.0748910296324,-223.2643484414409,-99.911674335815,247.16673389431648,190.28353354544848,-462.8093253577301,-126.99617652041574,-53.31475253873934,-146.06177620866393,-83.8464986310439,231.0157530314459,-156.12540835351092,112.97503602057276,-131.6713860886094,-116.19587458385716
1254.9896525178829,3598.652903969204,-421.81482242492825,-249.1762133100627,-1238.1013990065198,-2801.026939889711,1626.399192471973,2385.5739763698657,2054.617676955517,-1854.1853330423532,3692.4350389589044,3343.5396965563123,-485.507039284587,3220.5435431069322,397.84333482701044,-859.7866380899308,634.3389249063321,-1395.344550020821,3244.3530784242544,-327.21104875393337,-1624.0757335425776,-2562.9670150223933,1503.8556662672509,363.594791485197,-142.40794346913438,3439.415497535074,-1600.0611407127064,1720.308643835345,1755.3472777703698,600.5027773347939,-1827.5098886876683,-2367.5966389172063,1682.668335918003,451.54423550827494,135.92060989529026,470.33110287622196,-423.53319178712803,-329.49417827941636,-2262.309720370593,-2602.522588384076,161.4102303200808,-856.2178046228082,1481.1910308096822,667.3968453887068,-1638.4782299108047,-1262.752005378334,3070.373470480257,845.2357419554687,354.9945915610489,971.6095014603181,554.3597463180303,-1532.0173134816162,1036.7204068818885,-750.5386057607402,877.6699153530815,771.891308401503
155.0056791942365,444.53800053922043,-52.104204155724474,-30.77583306695769,-152.93173168205794,-346.0104590695792,200.90984521252363,294.6952563659406,253.81037661611012,-229.0339830414015,456.1215701454831,413.0208808441551,-59.97670795017657,397.84333482701044,49.15384111831422,-106.22295554788028,78.37369963005668,-172.35479789256303,400.7950925927402,-40.419028115345405,-200.61290715506496,-316.60182053311456,185.77767429249067,44.93215467543321,-17.60093119581372,424.8663792688841,-197.64808797455325,212.51643187145095,216.840942911872,74.18400693725334,-225.76011269396008,-292.46476404714906,207.85473507981152,55.77310361492837,16.77971184979356,58.09216646918505,-52.31415474703974,-40.71268622661766,-279.44217048955994,-321.47041693593445,19.932911150737418,-105.78381167023117,182.96177808762283,82.46290298475586,-202.38985061585808,-155.98514631845254,379.27670113357675,104.42648779894739,43.853189868278704,120.03778109261022,68.48121379258725,-189.25677123048024,128.05904804140758,-92.74329308548488,108.41697655775316,95.34907688746546
-334.81979552044174,-961.4190773817043,112.22239184500977,66.43293685503079,330.6640347082723,747.7642587913663,-434.520683597358,-637.4379214174123,-549.1586053364965,495.08721836448444,-986.1060853643523,-893.054819013075,129.25308288703673,-859.7866380899308,-106.22295554788028,229.91824811637036,-169.79627444213156,372.42504058582733,-866.7837251701955,86.87486020072389,433.9343669677531,684.6039323969518,-401.1469934578319,-96.71377674701803,38.64974390736474,-918.4825472397699,427.48148007040174,-460.00729467496706,-469.4971316491395,-160.50022200686192,488.73617368504944,632.8818114497514,-449.2811399145124,-120.67773854042994,-35.85714673136109,-126.02449022209952,112.54088880073519,87.77730101273453,604.0905549365484,694.9882112335438,-42.515555929095655,229.57578113589807,-395.4235400757615,-178.88743156662716,437.2285614918929,337.1810718130464,-819.730806961084,-226.10110756424413,-94.96834227791075,-259.82397519559714,-147.7304115407489,408.9414353476857,-276.9034343143605,200.60974207113105,-234.92655096187806,-206.22476844611407
246.93355318514392,709.6311059844719,-82.62414745944425,-48.9748863621383,-244.02209698778304,-551.677667607794,320.72476518718156,470.54211294017585,405.44543014627,-365.3093812092475,727.6911012227872,659.0792171790522,-95.19828037173575,634.3389249063321,78.37369963005668,-169.79627444213156,125.46985387116602,-274.733422963856,639.7809849055506,-63.88236679362138,-320.3139376664077,-505.26329196129643,295.80868721352255,71.18943988798793,-28.79564701818935,677.7665366560681,-315.5339472332662,339.7151327094266,346.77521777790264,118.49508028003824,-360.95722454096153,-467.292039532764,331.5031955670134,89.09204269251977,26.27070916092402,93.18746681933646,-82.79936746936919,-64.67465865145184,-445.754833196649,-512.8486095495198,31.1135443675457,-169.8177672210247,291.73892853921103,132.29208951470576,-322.4979851076788,-248.79758957039414,604.8049837063663,167.01040899705941,70.15232830548496,191.88317574201815,108.8734953590555,-301.684245151118,204.35670176661523,-148.1042345744613,173.60115089558428,152.22198200620252
-543.8364511617074,-1559.079719261209,182.8348919188715,107.98362948168653,536.4351258587714,1213.6087435172,-704.615163764679,-1033.4936538838406,-890.0891427910708,803.3841985290935,-1599.7762100423386,-1448.597811513003,210.40741264224172,-1395.344550020821,-172.35479789256303,372.42504058582733,-274.733422963856,604.6034620061967,-1405.524715667262,141.85553057109755,703.6306777977761,1110.4008022966207,-651.6162998562751,-157.54878573420538,61.57412695033936,-1490.1625674281472,693.2234441348148,-745.2191885369789,-760.3894316291703,-260.1383219238084,791.6489379722701,1025.6876513458024,-729.0527516254446,-195.63462963304235,-58.99047229978331,-203.72325752172478,183.59994622949608,142.7708815407916,980.223474105886,1127.6093306379641,-70.04417030736094,370.77641638105786,-641.7806617693652,-289.00398708341345,709.962879034651,547.1075925612913,-1330.3058081278468,-366.1053248529834,-153.7747004893375,-420.86194333303405,-240.2300880748534,663.7755693241269,-449.17538877955997,325.07827959059335,-380.166894402351,-334.4160481979294
1263.9154690155715,3626.4514816330216,-424.2694607327515,-250.87343507118467,-1247.4909392773138,-2821.700491978889,1638.9766391273758,2404.172621968356,2070.901923868937,-1868.0423901188237,3720.3297402096077,3369.014750032194,-488.4791612988866,3244.3530784242544,400.7950925927402,-866.7837251701955,639.7809849055506,-1405.524715667262,3269.4250057480344,-328.81081892043073,-1636.701661000706,-2582.557086247474,1514.3974788329988,365.6632176392572,-144.53079731856036,3465.310195234271,-1612.4401131769907,1734.2862559196587,1769.8169515596485,605.2562212546708,-1842.4633501707267,-2386.4871895462,1695.221588424206,455.1096605007797,136.20101502749887,474.60358172047694,-425.76932183752007,-331.5980707404217,-2279.2715804925074,-2622.1220526322213,161.6264481246344,-864.2278197842865,1492.1403183981824,673.5280844642457,-1650.2747616428364,-1272.2053148268578,3093.1521463262625,852.240783201276,357.953199889193,979.522350794011,558.0023365383655,-1543.236406208572,1044.618238062093,-756.468055876414,885.2162573784223,777.8671364595958
-127.75220375521897,-364.69130009300454,43.36043001929699,25.4260908137912,125.59163623218993,284.6053401395314,-164.81350339796342,-241.63060131019205,-207.90420565151663,188.2437813990641,-374.67593942186545,-339.10547311173735,49.81367540255782,-327.21104875393337,-40.419028115345405,86.87486020072389,-63.88236679362138,141.85553057109755,-328.81081892043073,33.87418361208418,164.50373020399863,259.88624058995737,-153.24574935391092,-37.451489099241556,13.650430218429532,-349.0690205438315,162.12708990826656,-173.8140408435923,-177.1873662271265,-60.77538530623509,184.56238377122816,239.46082650196868,-170.8601812492987,-45.69215378142496,-14.347570059995958,-47.15597775846875,43.72001144689787,33.742072009304266,229.62759604613478,264.1037305141875,-17.147258742844727,85.70254096563774,-150.47233556290595,-66.89925799317038,166.69693315420477,128.19947782829198,-311.8807570755973,-85.30999298687163,-35.809463956618906,-98.16977702898363,-56.67652589820537,155.73639774753087,-105.1374979360509,75.99808239912197,-88.3510211736195,-78.21094077781758
-632.748066719683,-1815.5531906725041,212.32912314790033,125.57268607434439,624.5680617275541,1412.5339520778896,-820.5341252488149,-1203.6331000247735,-1036.81379933173,935.2308365300719,-1862.4853972361204,-1686.6410106697356,244.41575840959226,-1624.0757335425776,-200.61290715506496,433.9343669677531,-320.3139376664077,703.6306777977761,-1636.701661000706,164.50373020399863,819.4791743022876,1292.9315307826553,-757.9876841925968,-182.85932533950688,72.4587819970996,-1734.8078564712769,807.2908889273772,-868.316885695752,-886.1603319454654,-303.0035143789884,922.502354286517,1194.8870499255993,-848.6640415816601,-227.88723964870871,-68.15669350108925,-237.7370602811369,213.0235721839747,165.9213690008466,1141.1463491507445,1312.772648715129,-80.80366933355262,432.81096241276504,-747.0088618972286,-337.2624588184026,826.1290454992219,636.886287959672,-1548.437005699779,-426.6588057568778,-179.23225333237494,-490.37319030762797,-279.2675100681064,772.5118974411427,-523.000131877179,378.60277102946844,-443.27756757021604,-389.4416039390387
-998.5980920595534,-2864.6753761341433,335.285288629573,198.21532898012578,985.5064874798423,2229.1040750833854,-1294.6766660206806,-1899.104366355372,-1635.8068189225223,1475.766039115116,-2938.940895844379,-2661.3814982605436,385.9590305383984,-2562.9670150223933,-316.60182053311456,684.6039323969518,-505.26329196129643,1110.4008022966207,-2582.557086247474,259.88624058995737,1292.9315307826553,2040.11944337204,-1196.4073494394315,-288.8776912700428,113.99545247855207,-2737.50073871606,1273.7543200369344,-1369.8553133984324,-1397.9009119778132,-478.07562448021133,1455.284907779956,1885.1091302849638,-1339.2063677453214,-359.5153527528026,-107.76438217397954,-374.8486458977379,336.49669431409956,261.97960818960865,1800.6534963012907,2071.467906837248,-127.84828802090358,682.4473111249345,-1178.810593167705,-531.8452482750133,1303.7782552405047,1005.0139155626316,-2443.5436890028027,-673.0925345376063,-282.723952770523,-773.6455796329574,-440.8739318247894,1219.1397392479732,-825.2278723880652,597.4364594268292,-699.1556064050551,-614.4783272743829
586.1821473968312,1679.729573297815,-197.32615401995022,-116.43273464452206,-577.9805890755265,-1307.9670702543847,759.1459863401376,1113.4182904956333,958.8041799779887,-865.6985175234696,1723.8472611842217,1560.8411897248257,-227.07059563775638,1503.8556662672509,185.77767429249067,-401.1469934578319,295.80868721352255,-651.6162998562751,1514.3974788329988,-153.24574935391092,-757.9876841925968,-1196.4073494394315,702.5699499580463,170.17780549511548,-65.91127283347306,1605.7701883327852,-746.8280723702724,802.6083312470531,818.8304116113383,280.2434128450317,-852.5617688506135,-1104.7633525760489,785.6507273708061,210.71087713550335,63.839639908292256,219.15558783230665,-198.26803095250386,-154.0574779760383,-1056.2039137676152,-1215.0079662182422,75.90754514258961,-398.88709021251634,691.6242911979723,310.9990341784671,-765.2484831016574,-589.5757758458769,1433.672921757106,394.2918715570389,165.58039250750352,453.3174126777108,259.1188850095781,-715.4439210064136,483.9522035447204,-350.3112964059485,409.2367173376087,360.27979615804225
141.80287761643345,405.4643792517168,-48.01078086681085,-28.215029171619495,-139.55873686565795,-316.21554711211627,183.2497319323372,268.697817490935,231.25488647992816,-209.13033668866356,416.4157570344737,376.92684275289366,-55.24106547548722,363.594791485197,44.93215467543321,-96.71377674701803,71.18943988798793,-157.54878573420538,365.6632176392572,-37.451489099241556,-182.85932533950688,-288.8776912700428,170.17780549511548,41.56486849367908,-15.426582364491292,387.9344104213978,-180.23037118265813,193.42083848871317,197.19919811045816,67.61779081155426,-205.3971351033288,-266.33833551805304,189.84654340322842,50.793692953044776,15.727428074721239,52.530250945065056,-48.38003254566372,-37.444378018052,-255.0957841652743,-293.44465825373993,18.821553571204756,-95.6217115706899,167.151144286319,74.64178948913721,-185.10981542343785,-142.46136550269011,346.54509410299704,95.00851346201986,39.86244384659103,109.29055334824938,62.87984391163423,-173.0265567585901,116.83983950982702,-84.6311011194121,98.39547979610096,86.95181045387308
-55.158117848686004,-160.3314923748322,17.995046950343816,10.872120592616644,54.998364513366454,123.82423117362336,-72.47054106740244,-106.45305172838408,-91.94972220269132,82.16278736332342,-163.88587105386063,-148.6152942827126,20.8377261487954,-142.40794346913438,-17.60093119581372,38.64974390736474,-28.79564701818935,61.57412695033936,-144.53079731856036,13.650430218429532,72.4587819970996,113.99545247855207,-65.91127283347306,-15.426582364491292,7.367953992788519,-152.56911868811014,71.31667851492917,-77.33237024353538,-79.11838775524613,-26.861105435763506,82.2572112163732,106.09675767235399,-74.52863595675035,-20.19981524800983,-5.306484152218079,-21.60928341309333,17.83184093881139,14.23198113616092,100.31040090914672,115.47105555273089,-6.162136445314156,39.54669312801997,-65.51036015835606,-30.703181034045397,72.14534472986527,55.95865943139174,-135.85020257472527,-38.12011767296145,-16.03156741094617,-43.681319586579065,-24.053129220115576,67.63910801932718,-46.0873624993792,33.54090480695085,-39.87322969205473,-34.408695678791865
1340.2007521128157,3843.833314935075,-450.18689616533777,-266.0545320105154,-1322.4097679772754,-2991.396952742196,1737.20374814179,2548.164811243579,2194.778886813748,-1980.3449527897749,3943.7165174723827,3571.1840573287727,-518.1937365653171,3439.415497535074,424.8663792688841,-918.4825472397699,677.7665366560681,-1490.1625674281472,3465.310195234271,-349.0690205438315,-1734.8078564712769,-2737.50073871606,1605.7701883327852,387.9344104213978,-152.56911868811014,3673.4384726405938,-1709.1103373830215,1837.8169658076204,1875.3624642539014,641.4492398704598,-1952.3910091596563,-2529.207124929476,1797.1159060903508,482.3658372310157,144.8675441196063,502.7136420696117,-451.90736048098444,-351.70058624112005,-2416.2848030526807,-2779.6682362298866,171.93725455652063,-915.1751477629297,1581.907604232991,713.2697804708883,-1749.7358774512625,-1348.6463475975486,3279.1200369325857,902.9921019256672,379.27956511244196,1037.9419140694306,591.816553884989,-1636.08256009131,1107.326730152159,-801.6253776938535,937.8339919833114,824.4972272149729
-623.4030057024952,-1788.6138089758463,209.22576373853514,123.72923752789376,615.3046105373011,1391.6384947123152,-808.3565903218735,-1185.7598965911557,-1021.4025097371323,921.3680882146417,-1834.8903849334138,-1661.6350307828025,240.85860707478668,-1600.0611407127064,-197.64808797455325,427.48148007040174,-315.5339472332662,693.2234441348148,-1612.4401131769907,162.12708990826656,807.2908889273772,1273.7543200369344,-746.8280723702724,-180.23037118265813,71.31667851492917,-1709.1103373830215,795.3027075410433,-855.3880812148186,-872.9397078518351,-298.50668689130094,908.7512497156383,1177.0993691508577,-836.096902940429,-224.49059733193369,-67.18279575129354,-234.1500912841431,209.94455593617334,163.49417984584485,1124.2199933415313,1293.305906402213,-79.67625825993795,426.2904757194687,-735.9491516709472,-332.19269777311376,813.9220341671772,627.456001068406,-1525.5337622790883,-420.30981394156794,-176.55606125553894,-483.08197226158967,-275.17048943904297,761.0921554296862,-515.2381755815845,373.0035771230632,-436.64609110940165,-383.663557176869
670.0079512946286,1923.7345774221942,-224.54424872716874,-132.9335235947612,-661.6707598683664,-1496.1916712608436,869.4353249736703,1275.4503600024989,1098.8200261221757,-990.6774770264773,1973.1264979508255,1786.9464682053283,-258.5879917119406,1720.308643835345,212.51643187145095,-460.00729467496706,339.7151327094266,-745.2191885369789,1734.2862559196587,-173.8140408435923,-868.316885695752,-1369.8553133984324,802.6083312470531,193.42083848871317,-77.33237024353538,1837.8169658076204,-855.3880812148186,920.433801688381,939.4405515464769,321.1320728467918,-977.9189991789249,-1266.3836057157123,898.9870699684931,241.4896620809298,71.7810642353263,252.21559415963037,-225.17468311682524,-175.59184819297596,-1208.8164096077435,-1390.6842625001602,85.06657302048076,-459.3556784976187,791.239264696588,357.9008435932256,-874.8791944880238,-674.6739268149123,1640.2095967463906,452.3676010265618,190.02584651190645,519.8412401561521,295.5745454448654,-818.2274566255429,554.0878917241472,-401.2977895958403,470.09398130680745,412.65288563270576
683.6057702827808,1963.179131739021,-228.99158544007258,-135.61102921063284,-675.2119597313617,-1526.6764957647204,887.2676983867241,1301.6364113422121,1121.431636752771,-1010.9141544217212,2013.4563531527665,1823.5188400819704,-263.7163922799096,1755.3472777703698,216.840942911872,-469.4971316491395,346.77521777790264,-760.3894316291703,1769.8169515596485,-177.1873662271265,-886.1603319454654,-1397.9009119778132,818.8304116113383,197.19919811045816,-79.11838775524613,1875.3624642539014,-872.9397078518351,939.4405515464769,958.8972945072403,327.7327342055065,-998.1434232059985,-1292.4891273308986,917.3345180762383,246.4701585713683,73.11011672097992,257.53423372140895,-229.56986736259745,-179.09313420791153,-1233.5282921243345,-1419.1206504819327,86.60102325861823,-469.05309080377697,807.3727714985345,365.42943863686065,-892.6535345122649,-688.4473820948232,1673.6427166650258,461.72065069842915,193.96865328394165,530.565645475483,301.50190228793787,-834.8735149719532,565.4368547917874,-409.5161659449668,479.8907209127804,421.1136307162659
233.90618842402642,671.3510090856983,-78.45965304886917,-46.420606186838405,-230.92545671382663,-522.2707435967623,303.41889351990994,445.09192574476737,383.4203695634316,-345.77495914909923,688.6648979587072,623.6563178390488,-90.3507616890943,600.5027773347939,74.18400693725334,-160.50022200686192,118.49508028003824,-260.1383219238084,605.2562212546708,-60.77538530623509,-303.0035143789884,-478.07562448021133,280.2434128450317,67.61779081155426,-26.861105435763506,641.4492398704598,-298.50668689130094,321.1320728467918,327.7327342055065,112.06079555868952,-341.1733615934771,-441.8625994516459,313.78368708618285,84.26100192129825,25.13406143152401,87.92736743182898,-78.71473347418255,-61.340688995586696,-421.8990655352202,-485.3710281145305,29.81517246584501,-160.1331275528058,276.1832326066633,124.78642094393638,-305.4205828851833,-235.4874198240094,572.5271309998161,157.82051514977363,66.28882479746268,181.37652373521078,103.23473971504646,-285.6284570956935,193.37467172570678,-140.0541527002622,163.95598583189224,144.00478733447207
-711.7245760981895,-2043.7366775601454,238.47531452464855,141.1989008787282,702.9288087032305,1589.4330751686448,-923.676171075493,-1355.0343396886049,-1167.4066832584278,1052.4352820639504,-2096.146377782626,-1898.382032523605,274.63191207678994,-1827.5098886876683,-225.76011269396008,488.73617368504944,-360.95722454096153,791.6489379722701,-1842.4633501707267,184.56238377122816,922.502354286517,1455.284907779956,-852.5617688506135,-205.3971351033288,82.2572112163732,-1952.3910091596563,908.7512497156383,-977.9189991789249,-998.1434232059985,-341.1733615934771,1039.013073726788,1345.4516718943273,-955.0228305815264,-256.56835484877695,-76.18490879906243,-268.0199402175692,239.1062503501062,186.50138437738127,1284.181202858266,1477.3915150045805,-90.26675366718052,488.154070751141,-840.5495220874776,-380.3302070229576,929.37070974840606,716.7301340336938,-1742.4249462450514,-480.62874478296163,-201.90397827680027,-552.306526219198,-313.9483190320801,869.2079918271858,-588.644628386419,426.33579940472714,-499.4949621416063,-438.3908699500185
-922.253182840492,-2647.23501136123,309.2420952235668,182.99819612350927,910.5880630612127,2059.1856521127847,-1196.4188231473422,-1755.079308541945,-1511.9469063413953,1363.4286040505763,-2715.392392796869,-2459.1140291815223,356.05698460137955,-2367.5966389172063,-292.46476404714906,632.8818114497514,-467.292039532764,1025.6876513458024,-2386.4871895462,239.46082650196868,1194.8870499255993,1885.1091302849638,-1104.7633525760489,-266.33833551805304,106.09675767235399,-2529.207124929476,1177.0993691508577,-1266.3836057157123,-1292.4891273308986,-441.8625994516459,1345.4516718943273,1742.4975093907171,-1237.2291158928278,-332.3050545733287,-99.02877124101872,-346.90208172908746,310.1636927862279,241.74637487051675,1663.638828632536,1913.8950098050534,-117.37199881738418,631.6819325740312,-1088.9806906742965,-492.1903403958936,1204.1883013762097,928.5051947134336,-2257.35545041601,-622.3278408126898,-261.4296695509768,-715.199481663666,-406.92484820367605,1126.1290380148753,-762.5229307719283,552.1269637575491,-646.6653681244687,-567.843077732052
655.7108994083131,1880.4037081515069,-220.31566523967123,-130.177770638515,-646.9435031468109,-1463.4916615585903,849.8391733542338,1246.5438697333327,1073.6423855452283,-968.8370417430078,1929.331463632818,1747.0611469266046,-253.5783812520064,1682.668335918003,207.85473507981152,-449.2811399145124,331.5031955670134,-729.0527516254446,1695.221588424206,-170.8601812492987,-848.6640415816601,-1339.2063677453214,785.6507273708061,189.84654340322842,-74.52863595675035,1797.1159060903508,-836.096902940429,898.9870699684931,917.3345180762383,313.78368708618285,-955.0228305815264,-1237.2291158928278,879.1963495525233,235.96832124540424,70.9515473672937,245.86490682597028,-221.17874056766334,-172.09476858797723,-1182.1063388825594,-1359.8714394902959,84.21880253268753,-447.55647978292814,773.9225833570268,348.82713174149757,-856.0626872229972,-659.7893936090462,1604.2423189651915,441.6899177560408,185.5216141608049,507.7147269236054,289.582245496886,-800.4332456761024,541.7180071341373,-392.13249521156774,458.7096473894368,403.34225382297444
175.9182456212814,504.8573564627902,-59.000635061768314,-34.90682665257734,-173.6706779510286,-392.73643370966244,228.17078841424248,334.70595349959285,288.33130109881876,-260.04415873524493,517.872706561953,468.9928007583716,-67.91839483036291,451.54423550827494,55.77310361492837,-120.67773854042994,89.09204269251977,-195.63462963304235,455.1096605007797,-45.69215378142496,-227.88723964870871,-359.5153527528026,210.71087713550335,50.793692953044776,-20.19981524800983,482.3658372310157,-224.49059733193369,241.4896620809298,246.4701585713683,84.26100192129825,-256.56835484877695,-332.3050545733287,235.96832124540424,63.37968716256161,18.914404788249872,66.14990452882961,-59.176109939350226,-46.108269803333,-317.3056772922827,-365.0290333845891,22.413541191480416,-120.42332088584742,207.7003090087531,93.83011100317204,-229.68274269649044,-177.08531135641292,430.52662100842,118.65951238006647,49.852605697796264,136.3736939641537,77.62074906700113,-214.7765356082475,145.43053621482971,-105.26910082657714,123.30665660620926,108.29252209936223
53.21795456275438,151.1090192017201,-18.241869981026507,-10.613485264835276,-52.113304019994715,-118.24147710095706,68.27992281919228,100.05408476584272,85.99977845964321,-78.1782373417872,155.46124437127673,140.6304775919282,-20.887515597458798,135.92060989529026,16.77971184979356,-35.85714673136109,26.27070916092402,-58.99047229978331,136.20101502749887,-14.347570059995958,-68.15669350108925,-107.76438217397954,63.839639908292256,15.727428074721239,-5.306484152218079,144.8675441196063,-67.18279575129354,71.7810642353263,73.11011672097992,25.13406143152401,-76.18490879906243,-99.02877124101872,70.9515473672937,18.914404788249872,6.2267431089801795,19.342081217661153,-18.46395882708126,-14.115879188801546,-95.3564104004296,-109.63164201477058,7.456026110097219,-35.03350489160992,62.52787880332471,27.3718679296548,-69.37099285518791,-53.22121092734825,129.54005567345712,35.16631820793137,14.763471562853809,40.51672701701805,23.692530093844987,-64.72788099100406,43.61185156768767,-31.399828273027072,36.3543913061196,32.407694766595924
183.08612378142033,526.5248462096255,-61.10843209661412,-36.284772893126245,-181.04997928443075,-409.0649482671901,237.96370054239046,349.1534299515006,300.92013803846567,-270.98271916044496,539.767126824135,488.9368343193117,-70.3988652383241,470.33110287622196,58.09216646918505,-126.02449022209952,93.18746681933646,-203.72325752172478,474.60358172047694,-47.15597775846875,-237.7370602811369,-374.8486458977379,219.15558783230665,52.530250945065056,-21.60928341309333,502.7136420696117,-234.1500912841431,252.21559415963037,257.53423372140895,87.92736743182898,-268.0199402175692,-346.90208172908746,245.86490682597028,66.14990452882961,19.342081217661153,69.35299299011913,-61.16201325824521,-47.835105130271245,-330.6938398958348,-380.46246679854295,22.82855707746529,-126.33207734681424,216.36771804075946,98.35745289189914,-239.09203719467348,-184.52493773598542,448.49721446541685,123.98205916520136,52.10623647074332,142.41841588998184,80.60140153608896,-223.65571178054486,151.62608267027431,-109.80451257181292,129.01464202833012,112.95479006845476
-165.32442136705754,-472.23991347276944,56.0184191076503,32.89623414606927,162.60905740760796,368.376006219301,-213.41279099534944,-312.904274790733,-269.2751752532481,243.68782058824127,-485.07207384750166,-439.05413088143183,64.3877118607682,-423.53319178712803,-52.31415474703974,112.54088880073519,-82.79936746936919,183.59994622949608,-425.76932183752007,43.72001144689787,213.0235721839747,336.49669431409956,-198.26803095250386,-48.38003254566372,17.83184093881139,-451.90736048098444,209.94455593617334,-225.17468311682524,-229.56986736259745,-78.71473347418255,239.1062503501062,310.1636927862279,-221.17874056766334,-59.176109939350226,-18.46395882708126,-61.16201325824521,56.465470501119945,43.61467020966356,297.26996209490756,341.9161932335933,-22.049750657712313,111.18042529199293,-194.77434845129653,-86.7599524355018,215.72557973083107,165.95914764144032,-403.7166901196965,-110.53609269057391,-46.39997108848631,-127.17490384150304,-73.28823850744065,201.55936445536074,-136.12642998389427,98.41499439888952,-114.52758106968817,-101.28458091702875
