V1,V2,V3,V4,V5,V6,V7,V8,V9,V10,V11,V12,V13,V14,V15,V16,V17,V18,V19,V20,V21,V22,V23,V24,V25,V26,V27,V28,V29,V30,V31,V32,V33,V34,V35,V36,V37,V38,V39,V40,V41,V42,V43,V44,V45,V46,V47,V48,V49,V50,V51,V52,V53,V54,V55,V56
11.528629121663489,31.31670754990197,-4.29623404866199,-2.3500759838592544,-10.911658302152594,-25.127038810598567,14.141801548936744,20.62258070333377,17.555577581315156,-16.497794006835445,32.6225058889808,29.372370977489002,-4.838136820376829,28.857459069403887,3.5536555420060156,-7.201679306625283,5.093360402842708,-12.612777339345097,28.22383790119123,-3.5724633761013784,-14.064760671159416,-22.46102469126552,13.928285799573578,3.7469972836406855,-0.436486670808954,30.455794494368835,-13.90872788877881,14.429467269370999,14.559932121058534,5.137069600873765,-15.244095410345848,-20.128861610970173,14.990087592135648,3.8688007334744334,1.7814202140917366,3.5911408695626816,-4.499731701675076,-3.208447548077482,-20.08536166569742,-23.040402671080578,2.2123302279459076,-6.351255799350186,13.274315381435175,5.03697801306961,-14.93225031324646,-11.224444949665,27.457554329429236,6.981962258000651,2.919502565734477,8.13459157974123,5.324418227127198,-13.808411235160783,9.107459833307713,-6.4248012639144685,7.038739241406937,6.707373738476187
31.31670754990197,89.49486354297309,-10.603757622204215,-6.229559253327435,-30.812738641365545,-69.79739564588834,40.445491938704706,59.303049559747826,51.037982075430556,-46.17413283379282,91.9162958828232,83.20014968511985,-12.188554430051896,80.24726680776328,9.912516849805066,-21.334255738199538,15.70046102478642,-34.784526586095126,80.68870207687299,-8.270188818940806,-40.372989323547664,-63.76601320669444,37.55655093875697,9.155622659423205,-3.3959828206237517,85.63028361804126,-39.787048328737335,42.68471255570146,43.52283569747451,14.919219140508446,-45.32890251345309,-58.790960628813565,41.908707677782125,11.216698677133513,3.486166637269712,11.601746932844625,-10.681854341653386,-8.259168769761677,-56.327885926227005,-64.78867053716833,4.16112575508921,-21.09395419511844,36.903692606643446,16.4601081569508,-40.868472566568606,-31.446300177502067,76.4925352238858,20.955743838440444,8.797422895216457,24.10832164150498,13.878903364122017,-38.18859992538935,25.79591756015261,-18.653779191746295,21.71647185921318,19.1936550144167
-4.29623404866199,-10.603757622204215,1.8782011157381744,0.916739472019833,3.7768483276448794,9.025075247350475,-4.783544616679768,-6.895783657221054,-5.72809359239535,5.817607979455432,-11.378072589540526,-10.130143724830752,2.064087249679219,-10.352651182708682,-1.2738957257984107,2.2626093371785294,-1.447749237611755,4.580902984119611,-9.577749189569602,1.7040922419614608,4.7022784583761155,7.709033045713729,-5.302247385583842,-1.692332879699003,-0.39276190806399325,-10.668062439111916,4.690817815822138,-4.523588385764117,-4.443769291368673,-1.6850870392992354,4.718871856132815,6.485472450115763,-5.307905247417209,-1.261901528888401,-0.9970853049909965,-0.8619640422523173,2.077290755492659,1.3302362272296417,7.047103425843449,8.04773292265577,-1.2956271047797934,1.4113730680535934,-4.7469237733114324,-1.1974734017068966,5.506043780720105,3.960292603905689,-9.800465570737016,-2.1261534302258083,-0.873566596766733,-2.5530544679275224,-2.147666306454574,5.008201447995104,-3.1343548010125715,2.1371126106990257,-1.9723958737610627,-2.261455114685341
-2.3500759838592544,-6.229559253327435,0.916739472019833,0.48530048883023214,2.182004982737176,5.07470653525607,-2.8125066456981256,-4.089693106460818,-3.4605505846403815,3.3148267225555177,-6.538146141111822,-5.869804237585496,1.0259115624004311,-5.826955696817194,-0.717730585017315,1.4075236994482183,-0.9731800434973596,2.5540905291803297,-5.619192050943902,0.7835549061301385,2.787827051575301,4.482938429435938,-2.857902748131394,-0.8096951408777602,0.007477747602464655,-6.110603362807432,2.7634586598412754,-2.8172702435222736,-2.824474606543191,-1.014293290432015,2.9672701980116534,3.9547429531986333,-3.0157949898532674,-0.762003606982824,-0.41145733612372964,-0.6613059144587259,0.9769042456026942,0.6747561626508868,4.029963539471731,4.618119270045648,-0.5204967811383414,1.1547987362936247,-2.6770983559554486,-0.927836115744057,3.036122097354709,2.2562760847992775,-5.536306036381073,-1.354820237655099,-0.5637976086573901,-1.5894955072261587,-1.110211574675889,2.7961786028254685,-1.8185860817734485,1.2744652308893982,-1.3394340954037853,-1.3327112790131868
-10.911658302152594,-30.812738641365545,3.7768483276448794,2.182004982737176,10.640669718902593,24.178947776573043,-13.921650062423149,-20.387836343030393,-17.505554507939625,15.976094959964476,-31.74481286987694,-28.701794393566583,4.315260906941879,-27.788684390224798,-3.4279003543223587,7.283271590018419,-5.31490941912545,12.073910206573442,-27.767686102282372,2.9918652135977304,13.892284449172903,21.987408342844066,-13.093112766173693,-3.2576025361618886,1.0065931206195302,-29.587730337642558,13.69873241502426,-14.585652663680348,-14.841533378238056,-5.116388858801476,15.472539114286677,20.149663888638084,-14.499934663718431,-3.852477117982526,-1.3255412793451362,-3.8992955760718586,3.8403250602809913,2.907191648386596,19.483185720912964,22.393416053531723,-1.5952658876638883,7.039375444932448,-12.786485947556613,-5.506705568412785,14.208859667855087,10.874141994609444,-26.482980231139262,-7.133778665804301,-2.994775715390608,-8.229533405100634,-4.876613187196121,13.240127004586322,-8.901678570073559,6.387375211764902,-7.358472805574743,-6.607505995669612
-25.127038810598567,-69.79739564588834,9.025075247350475,5.07470653525607,24.178947776573043,55.35649753367661,-31.534642029904507,-46.09462362491904,-39.41866193661565,36.425867942269655,-72.27808233598768,-65.21784871617035,10.264317368067942,-63.619678111871835,-7.855435555148036,16.32308259819918,-11.74930160998549,27.68310133324539,-62.96359953035916,7.331290834758349,31.381516430862384,49.91633502024894,-30.33379399619247,-7.892431693991603,1.683854432373598,-67.41771532797796,30.99781317825823,-32.64328879841593,-33.07664469541579,-11.538020173088167,34.56188010980955,45.2635343246955,-33.09934063705021,-8.663218259461999,-3.4225891949467995,-8.418674657803916,9.318068703280359,6.874392928177004,44.372281982701026,50.9705873749209,-4.220106053114542,15.131807693469497,-29.232235031401455,-11.92906891054465,32.67695500091082,24.809938711300354,-60.554330709972696,-15.917087121422108,-6.656120591063839,-18.44101026005154,-11.438446330096651,30.375208376576136,-20.20948117407163,14.475239295987924,-16.204612996854127,-14.95229539304245
14.141801548936744,40.445491938704706,-4.783544616679768,-2.8125066456981256,-13.921650062423149,-31.534642029904507,18.279326970787174,26.803760150076815,23.070663971445992,-20.8604189289611,41.53306798019887,37.59662934044939,-5.501540468186717,36.257464505268345,4.479748363103694,-9.647597475204602,7.103163149979757,-15.712586657222714,36.469999222921,-3.7280491788749073,-18.244712756354406,-28.814995678019176,16.96385628140648,4.133994187275542,-1.5461744056198803,38.6916740731048,-17.979950175896814,19.29860540765339,19.679100612295464,6.744574140332897,-20.495306463607765,-26.574802343491665,18.934639288903895,5.069094617382455,1.565374322685342,5.247990985399064,-4.816429877421013,-3.7297968842774702,-25.44725325848686,-29.271607392917048,1.8692905202651577,-9.548928714854595,16.671350465373752,7.4516241463108654,-18.45955279871709,-14.208350189160013,34.55965848000982,9.477918614305198,3.9782342471169287,10.902105560647914,6.266377771656493,-17.253526083435958,11.655694905242767,-8.436766956510539,9.821786023669697,8.673743394546683
20.62258070333377,59.303049559747826,-6.895783657221054,-4.089693106460818,-20.387836343030393,-46.09462362491904,26.803760150076815,39.32622992722784,33.888165157590876,-30.5196803185183,60.80526694121235,55.07404408582551,-7.949623015888602,53.00357071321124,6.550328143579613,-14.197254581364124,10.494419804055614,-22.950519283129175,53.47290463371213,-5.32900114432311,-26.765703096848124,-42.22080112220383,24.71255379635327,5.948257798007333,-2.4184923160282064,56.632507260314235,-26.366883071310856,28.39834296610618,28.98965485520292,9.905302890047192,-30.175295038092745,-39.055758490712755,27.697640405492077,7.44462780993224,2.183594582904181,7.791145484128274,-6.908182345933981,-5.403090185763673,-37.239390177057935,-42.84744712499942,2.5883765120109277,-14.208393484920347,24.372613686001195,11.070083583630469,-26.939636043325443,-20.788423141853837,50.53317476321489,13.96596646146917,5.865082832750512,16.044069425446608,9.092897356632436,-25.20700770376608,17.07474989197018,-12.386977322683492,14.514862451001981,12.720158294474135
17.555577581315156,51.037982075430556,-5.72809359239535,-3.4605505846403815,-17.505554507939625,-39.41866193661565,23.070663971445992,33.888165157590876,29.270870520920525,-26.15226978975124,52.16883046403122,47.30810777053025,-6.634657528754263,45.33403332858228,5.60355230329065,-12.305345469163003,9.167729264583933,-19.599982717228762,46.01194935807994,-4.345319137484717,-23.063683044766684,-36.285701322897964,20.983541673523675,4.914603673447508,-2.345366865432532,48.566093231473836,-22.70066813133143,24.617465582325842,25.186413491025757,8.551693559529316,-26.185994452992865,-33.772978081365366,23.72390838491352,6.4300118552258105,1.6863249665085778,6.877002132703264,-5.6754783265061866,-4.531974513038248,-31.927592797180605,-36.75429624003834,1.9609865241219402,-12.589155030908552,20.852174329999396,9.77603638226875,-22.965078840014797,-17.81323046376294,43.24503719022115,12.136647820826676,5.103741960555468,13.907304705439502,7.657804810462645,-21.532292226593167,14.669846850799829,-10.6816358490702,12.692032116703132,10.951879438169058
-16.497794006835445,-46.17413283379282,5.817607979455432,3.3148267225555177,15.976094959964476,36.425867942269655,-20.8604189289611,-30.5196803185183,-26.15226978975124,24.027160516835288,-47.694631886978094,-43.07964035524285,6.625113843808766,-41.85908708812537,-5.163165484741482,10.848748918138476,-7.861435412341923,18.20885389755995,-41.61880058416044,4.667621079680634,20.795985401367904,32.987694820778465,-19.838846882424576,-5.039229005961946,1.3070368437788191,-44.47095235468887,20.521194356681043,-21.722269890050402,-22.059671165505627,-7.646845615358638,23.021426697133947,30.07228451526467,-21.815304900013995,-5.755284733589727,-2.1331758179999056,-5.711488302017824,5.960975212266683,4.4474159948809815,29.288240513255257,33.64930509626399,-2.594122625358291,10.273526644347141,-19.25507954628743,-8.062880983085305,21.460234211213002,16.354848068708627,-39.87324276139934,-10.601557971979622,-4.445003383717133,-12.257265497059487,-7.436263569363027,19.964851122961694,-13.358430654436779,9.557374572665328,-10.873888972678582,-9.897954639888754
32.6225058889808,91.9162958828232,-11.378072589540526,-6.538146141111822,-31.74481286987694,-72.27808233598768,41.53306798019887,60.80526694121235,52.16883046403122,-47.694631886978094,94.78541001085532,85.6645680974084,-13.004896499000616,83.08144030260404,10.259022276643542,-21.704174277614314,15.80241450191953,-36.08551579416501,82.88670401890928,-9.061871680513404,-41.40089581446253,-65.61182257169747,39.241662146040284,9.88098751393225,-2.864678718831122,88.35660510749106,-40.844922505926505,43.42124788034017,44.141186770730194,15.258370769419784,-46.04427747090648,-60.00453757434674,43.31090303266019,11.467165719713758,4.037901604925122,11.513078020373667,-11.607499901513297,-8.75881373588447,-58.14340400062349,-66.83186416089336,4.9029704792588005,-20.811957674019393,38.1953730971543,16.315729451657607,-42.49431123804898,-32.48088814165766,79.14042513022152,21.243704449174835,8.903064112840799,24.523407792278345,14.649160340144663,-39.601244677853295,26.55462237797968,-19.102640304211157,21.832948013547846,19.703016922727137
29.372370977489002,83.20014968511985,-10.130143724830752,-5.869804237585496,-28.701794393566583,-65.21784871617035,37.59662934044939,55.07404408582551,47.30810777053025,-43.07964035524285,85.6645680974084,77.4675573853924,-11.601496263725624,74.97072012249991,9.257902297057681,-19.716115608711654,14.414268034739008,-32.53991843532383,75.01804010550954,-8.005141891344953,-37.4991769991942,-59.34852925538148,35.286352601810165,8.774530014072537,-2.808711630125636,79.83593087180988,-36.979229379647705,39.44826207365749,40.149664165004516,13.83308772699932,-41.85487342683251,-54.44648769295047,39.11116928858557,10.399138166065239,3.4978290769741807,10.562809311923715,-10.285561702541452,-7.830820924109264,-52.5318054385418,-60.39627535668818,4.219828864849744,-19.133433721953377,34.47278726251056,14.971347223115929,-38.28517063460254,-29.337076824474487,71.4347191248634,19.324015605095973,8.104763498417165,22.27813472490003,13.122364489566369,-35.7131114970369,24.016434656944384,-17.30615666043619,19.92662776767563,17.83838966230652
-4.838136820376829,-12.188554430051896,2.064087249679219,1.0259115624004311,4.315260906941879,10.264317368067942,-5.501540468186717,-7.949623015888602,-6.634657528754263,6.625113843808766,-13.004896499000616,-11.601496263725624,2.286382873596256,-11.783761219389373,-1.4545298818270174,2.649954961060359,-1.734449750381546,5.190733026931932,-11.024791706595039,1.8512475840924014,5.407448459986306,8.835580028199026,-5.976468707293964,-1.8729767638807189,-0.3291383716437071,-12.183366314386674,5.389973416038937,-5.283168172176561,-5.214243560760512,-1.9534121746259652,5.524629824520075,7.52110525830973,-6.04740052818365,-1.4558526149378832,-1.0496170220061944,-1.0588300254723273,2.26716007398008,1.4836769755863108,8.027792020787123,9.181093593769091,-1.3675968942762313,1.7899308488355081,-5.394178321315041,-1.4986692298101458,6.224276628747379,4.5167770049739016,-11.156381156762247,-2.50786793554241,-1.0295584140474556,-2.9908674615255317,-2.3963186004959556,5.68946178278955,-3.585950298358791,2.4896138275308854,-2.3549029760774016,-2.5996675034881975
28.857459069403887,80.24726680776328,-10.352651182708682,-5.826955696817194,-27.788684390224798,-63.619678111871835,36.257464505268345,53.00357071321124,45.33403332858228,-41.85908708812537,83.08144030260404,74.97072012249991,-11.783761219389373,73.12291259087104,9.032406507048242,-18.78426385286165,13.530474016302664,-31.80607153887833,72.40447825971111,-8.403625857039161,-36.07525219370827,-57.382849889733805,34.852048418953835,9.066965947303588,-1.967639543405471,77.49207843967602,-35.63532676140786,37.552923042955804,38.0541416894924,13.271630927772943,-39.762381684962286,-52.05319705283316,38.04058453830929,9.958672974864353,3.9071472390867994,9.690671026766063,-10.684671131911953,-7.897055410969922,-50.98907886900115,-58.57749071974234,4.8217615109405365,-17.441014950146453,33.59048737243021,13.75025166414321,-37.54092415188524,-28.51568430221405,69.59486147240712,18.3216508761574,7.658792006989199,21.221709577760183,13.135169494743534,-34.909982339653645,23.228248572273127,-16.663146330466695,18.65062937031057,17.19026741840074
3.5536555420060156,9.912516849805066,-1.2738957257984107,-0.717730585017315,-3.4279003543223587,-7.855435555148036,4.479748363103694,6.550328143579613,5.60355230329065,-5.163165484741482,10.259022276643542,9.257902297057681,-1.4545298818270174,9.032406507048242,1.1179643657472895,-2.3272552740259433,1.6788292443912325,-3.922434635423251,8.953248999633328,-1.033641352447338,-4.452005400569059,-7.086141390191048,4.304172653067494,1.1253586403543363,-0.25035803421461267,9.568283297721793,-4.399215239901999,4.644383145335583,4.705539741992916,1.6420197437083517,-4.9179609359997665,-6.430512205576291,4.695357942095662,1.2281716494999542,0.47412712966221265,1.196091975476672,-1.3144789292454926,-0.9771785888605031,-6.2874028408965685,-7.226132905884003,0.5892413534880437,-2.1648139778689517,4.1435328151443995,1.7091374810952058,-4.629889189497186,-3.5206299723228116,8.592227880325684,2.2712042707754128,0.9473285180118018,2.6292677625929675,1.6206855570479004,-4.311977799175393,2.866081472553018,-2.0706439598546473,2.3067022318303225,2.122581421183678
-7.201679306625283,-21.334255738199538,2.2626093371785294,1.4075236994482183,7.283271590018419,16.32308259819918,-9.647597475204602,-14.197254581364124,-12.305345469163003,10.848748918138476,-21.704174277614314,-19.716115608711654,2.649954961060359,-18.78426385286165,-2.3272552740259433,5.209619687640115,-3.9279580883815632,8.090120709761612,-19.249134818157934,1.6656069903015471,9.648089396714175,15.133107183023517,-8.602562574812167,-1.9463663658089911,1.1507019589096592,-20.190718397000953,9.488250354614596,-10.406190057564068,-10.677630433818795,-3.5962513557924383,11.08628630245143,14.21266412597776,-9.842422486053415,-2.697013436192931,-0.5731458993456481,-2.9730457254738916,2.20268183961214,1.8288633537390582,13.250469349906394,15.271269982733315,-0.6496983638831899,5.496166312740189,-8.631424748599976,-4.255198120398671,9.454804082360829,7.396616280591909,-17.923463579232806,-5.159253694732315,-2.169061185136511,-5.8886278561932315,-3.098813530544021,8.905298446206613,-6.110383709197849,4.504175444810922,-5.428812478871395,-4.57867016902203
5.093360402842708,15.70046102478642,-1.447749237611755,-0.9731800434973596,-5.31490941912545,-11.74930160998549,7.103163149979757,10.494419804055614,9.167729264583933,-7.861435412341923,15.80241450191953,14.414268034739008,-1.734449750381546,13.530474016302664,1.6788292443912325,-3.9279580883815632,3.03613597734012,-5.792291339787687,14.162557759483082,-0.9729597023087476,-7.127442590096121,-11.083057442402035,6.034448029967101,1.2227413432739334,-1.1251779911785207,14.676470936376296,-6.9900737472182355,7.845299299223872,8.107014751099687,2.6759844176727157,-8.386946098782534,-10.626562655767554,7.12338592647207,2.007523969620972,0.21664638516445658,2.365822265913381,-1.3375790338606366,-1.2242436965468024,-9.618797841029519,-11.106955078941075,0.19753320735635302,-4.425756669576844,6.220475300820182,3.3960454937270637,-6.7253869697707005,-5.3614451057621,12.932959496632503,3.9230314930627013,1.6552447444128824,4.441195424623766,2.105133193643197,-6.385680425684599,4.468852440380669,-3.343562645963141,4.204711146738923,3.373812616724427
-12.612777339345097,-34.784526586095126,4.580902984119611,2.5540905291803297,12.073910206573442,27.68310133324539,-15.712586657222714,-22.950519283129175,-19.599982717228762,18.20885389755995,-36.08551579416501,-32.53991843532383,5.190733026931932,-31.80607153887833,-3.922434635423251,8.090120709761612,-5.792291339787687,13.862908223105219,-31.362589273124534,3.747942230870815,15.637926210431543,24.898975983895415,-15.219947408662117,-3.9948569492008428,0.7310867171917862,-33.668046285373094,15.450542041585738,-16.194191580991745,-16.39027741866991,-5.735220019322221,17.135043367915824,22.499578971301847,-16.543016085222618,-4.313188095343293,-1.7913954107149668,-4.136709140284129,4.75025222041512,3.4643922236988787,22.179058102767883,25.464517200995655,-2.210452040933147,7.392476141909995,-14.62370004368961,-5.835474578514509,16.377707851678807,12.395519338477946,-30.27395842082781,-7.874856018251809,-3.2946822945177368,-9.13929988423635,-5.763585415772142,15.195784392303082,-10.087044444494927,7.181603635612462,-7.9991305092048,-7.451919228270993
28.22383790119123,80.68870207687299,-9.577749189569602,-5.619192050943902,-27.767686102282372,-62.96359953035916,36.469999222921,53.47290463371213,46.01194935807994,-41.61880058416044,82.88670401890928,75.01804010550954,-11.024791706595039,72.40447825971111,8.953248999633328,-19.249134818157934,14.162557759483082,-31.362589273124534,72.79311480333686,-7.4828713495396775,-36.375565017480696,-57.49124857678661,33.91178441030099,8.318554390544865,-3.043398869653126,77.21995104222897,-35.85852933079258,38.47564942857431,39.2163848245492,13.458016194421093,-40.85487207046746,-52.97771982972114,37.79055443680096,10.09983893632711,3.1416402943949646,10.422691830573397,-9.659050074720906,-7.476343905310806,-50.75888777969947,-58.39346834854727,3.7745685229104446,-18.994644045350498,33.270438497770364,14.83950387256153,-36.856610547797985,-28.359142049706886,68.99337460716691,18.90700265596888,7.926710536786851,21.75203109318465,12.537340465417648,-34.460211488839306,23.248135595723927,-16.869116803807476,19.55409422224076,17.30030297179146
-3.5724633761013784,-8.270188818940806,1.7040922419614608,0.7835549061301385,2.9918652135977304,7.331290834758349,-3.7280491788749073,-5.32900114432311,-4.345319137484717,4.667621079680634,-9.061871680513404,-8.005141891344953,1.8512475840924014,-8.403625857039161,-1.033641352447338,1.6656069903015471,-0.9729597023087476,3.747942230870815,-7.4828713495396775,1.6087202133272256,3.6327087527817152,6.0709860367958965,-4.467348007038033,-1.5606314203278788,-0.6118805341683071,-8.521476216660425,3.6476783436873688,-3.3233698890147356,-3.190578313400803,-1.2837826689185625,3.429848866660984,4.870967749816688,-4.270984149851915,-0.9566593972725395,-0.99987769932525306,-0.4715454975305081,1.9336223691251897,1.1755788213891865,5.634482339041773,6.415173320608416,-1.3195890868977511,0.6827335086034616,-3.8446018114827694,-0.6467455551988442,4.548532007538693,3.179047911236729,-7.928629732168644,-1.5242307517469371,-0.6162403701204968,-1.8778429287605853,-1.8701359101172519,4.094243960395699,-2.4728628770265,1.6461397649445688,-1.3059088915964723,-1.7583734131512654
-14.064760671159416,-40.372989323547664,4.7022784583761155,2.787827051575301,13.892284449172903,31.381516430862384,-18.244712756354406,-26.765703096848124,-23.063683044766684,20.795985401367904,-41.40089581446253,-37.4991769991942,5.407448459986306,-36.07525219370827,-4.452005400569059,9.648089396714175,-7.127442590096121,15.637926210431543,-36.375565017480696,3.6327087527817152,18.235842061240795,28.748642588413922,-16.816794101202316,-4.026037277012182,1.6344208031021816,-38.56072158359914,17.958534621176884,-19.323018138692362,-19.729941397344685,-6.73640348967149,20.532385847854517,26.592878766200958,-18.86312020783925,-5.074820641550418,-1.505502744222632,-5.3131423751568585,4.709100519793695,3.6696698791914546,25.38111454657949,29.19475371734723,-1.7715598701340225,9.655599006657697,-16.605415631839207,-7.514358197635793,18.354232992368807,14.155059221766411,-34.4067992052,-9.48836464330779,-3.9910830127531947,-10.90302414633305,-6.189912639271658,17.156418344731733,-11.6329838066346,8.397495362854707,-9.879975192835873,-8.662471765635907
-22.46102469126552,-63.76601320669444,7.709033045713729,4.482938429435938,21.987408342844066,49.91633502024894,-28.814995678019176,-42.22080112220383,-36.285701322897964,32.987694820778465,-65.61182257169747,-59.34852925538148,8.835580028199026,-57.382849889733805,-7.086141390191048,15.133107183023517,-11.083057442402035,24.898975983895415,-57.49124857678661,6.0709860367958965,28.748642588413922,45.47307297063762,-26.967154273868747,-6.668502575508781,2.223055293890103,-61.14168216968724,28.34439151992529,-30.28089093453033,-30.834551697197803,-10.608620326133382,32.13572380484816,41.77201780188877,-29.94548489885161,-7.976410000464872,-2.6305442869106024,-8.142193235378365,7.811092248077193,5.969646789799365,40.23061080858754,46.25779675337316,-3.1631744100588626,14.760514235023757,-26.388229066845938,-11.539964703142028,29.284098622211488,22.46365380665415,-54.683122095763515,-14.840646677509554,-6.226480411268743,-17.09989082612836,-10.012057437257406,27.327783414481317,-18.400382486677987,13.267433995741502,-15.325744852181446,-13.67326958441275
13.928285799573578,37.55655093875697,-5.302247385583842,-2.857902748131394,-13.093112766173693,-30.33379399619247,16.96385628140648,24.71255379635327,20.983541673523675,-19.838846882424576,39.241662146040284,35.286352601810165,-5.976468707293964,34.852048418953835,4.304172653067494,-8.602562574812167,6.034448029967101,-15.219947408662117,33.91178441030099,-4.467348007038033,-16.816794101202316,-26.967154273868747,16.94599162992705,4.704397702391453,-0.3371587077771085,36.6512633301329,-16.656650181381625,17.18421277549771,17.28405467606596,6.153300214405701,-18.130913575478143,-24.00355288151705,18.05391041230874,4.608044196237001,2.252543697381153,4.151333925671978,-5.599251718673,-3.960280341466598,-24.12656289810826,-27.67866502353656,2.8470395938367927,-7.364160048706651,15.99225144119268,5.887317702585886,-18.054986113772316,-13.518167070550883,33.115545719062226,8.319246244836688,3.4601479822192927,9.716071633556364,6.520447895958512,-16.69820897826944,10.924832907781385,-7.760434309126084,8.28439776640856,8.034587915812608
3.7469972836406855,9.155622659423205,-1.692332879699003,-0.8096951408777602,-3.2576025361618886,-7.892431693991603,4.133994187275542,5.948257798007333,4.914603673447508,-5.039229005961946,9.88098751393225,8.774530014072537,-1.8729767638807189,9.066965947303588,1.1253586403543363,-1.9463663658089911,1.2227413432739334,-3.9948569492008428,8.318554390544865,-1.5606314203278788,-4.026037277012182,-6.668502575508781,4.704397702391453,1.5813832992662986,0.4259029048684634,9.271632086691218,-4.033618147871695,3.8511502841706062,3.7508615824676044,1.4554551101340605,-4.004352803748469,-5.528483778168368,4.6177087883628785,1.0696462860415428,0.9081350011567658,0.66066468685984,-1.8926957567628009,-1.2099092282411477,-6.087229244184909,-6.95803243241997,1.2109067748180198,-1.1011064495932368,4.1278998624376015,0.9689821525325879,-4.820127128237952,-3.4467778695855924,8.554014854688573,1.820053445531919,0.7345488842333465,2.1959113165246693,1.9225326204604678,-4.395993668837501,2.7025136121783944,-1.8936093983045452,1.6251860765532904,1.9466012613283346
-0.436486670808954,-3.3959828206237517,-0.39276190806399325,0.007477747602464655,1.0065931206195302,1.683854432373598,-1.5461744056198803,-2.4184923160282064,-2.345366865432532,1.3070368437788191,-2.864678718831122,-2.808711630125636,-0.3291383716437071,-1.967639543405471,-0.25035803421461267,1.1507019589096592,-1.1251779911785207,0.7310867171917862,-3.043398869653126,-0.6118805341683071,1.6344208031021816,2.223055293890103,-0.3371587077771085,0.4259029048684634,1.146404746818352,-2.58167399085275,1.5385688494087297,-2.3032714902758142,-2.563373415892858,-0.6724919318691105,2.554561047624315,2.844259205050616,-1.1520979434644505,-0.5104790134969351,0.6159771868216841,-1.0941079524388175,-0.6325490379562916,-0.13440741926255773,1.6573254606745715,1.9811575537838368,0.8687088577961962,2.193052586469785,-0.9204689307428057,-1.589641167193098,0.7009904442915429,0.8935086884614555,-1.959950710224962,-1.2535991867256635,-0.5497099934529515,-1.3050922440390818,0.11615544863297976,0.8324356131161987,-0.8782319202315167,0.8060281390452462,-1.5915719558347272,-0.7442037136722118
30.455794494368835,85.63028361804126,-10.668062439111916,-6.110603362807432,-29.587730337642558,-67.41771532797796,38.6916740731048,56.632507260314235,48.566093231473836,-44.47095235468887,88.35660510749106,79.83593087180988,-12.183366314386674,77.49207843967602,9.568283297721793,-20.190718397000953,14.676470936376296,-33.668046285373094,77.21995104222897,-8.521476216660425,-38.56072158359914,-61.14168216968724,36.6512633301329,9.271632086691218,-2.58167399085275,82.37128209759388,-38.049109603319756,40.39323444962607,41.044280195691826,14.205779043728377,-42.823899548126775,-55.8483119791374,40.386468936019796,10.675588925799609,3.8258628338359446,10.669634136676748,-10.902651674482762,-8.198259321777625,-54.2081121326994,-62.30215500437588,4.6556146121882955,-19.269464900643186,35.624336286681384,15.117339086828899,-39.66093333869407,-30.285244332519586,73.80890179058737,19.751714819263082,8.275681930286066,22.812949463548605,13.702402881653324,-36.94589077788491,24.74717358189886,-17.788030126946207,20.27406347440562,18.354240346279244
-13.90872788877881,-39.787048328737335,4.690817815822138,2.7634586598412754,13.69873241502426,30.99781317825823,-17.979950175896814,-26.366883071310856,-22.70066813133143,20.521194356681043,-40.844922505926505,-36.979229379647705,5.389973416038937,-35.63532676140786,-4.399215239901999,9.488250354614596,-6.9900737472182355,15.450542041585738,-35.85852933079258,3.6476783436873688,17.958534621176884,28.34439151992529,-16.656650181381625,-4.033618147871695,1.5385688494087297,-38.049109603319756,17.69297763677763,-18.99482223394913,-19.3770531112326,-6.633070508396321,20.175219629702944,26.159371442274875,-18.619831002864935,-4.9924733200743,-1.5332679004621197,-5.1839539265317125,4.716729529592139,3.6527097563196547,25.038840590768043,28.798441956890272,-1.8196366094792589,9.416805546283591,-16.396046703512997,-7.340126382786926,18.146755036429596,13.971218015842844,-33.97676486087847,-9.322916138337384,-3.9175313856042764,-10.722111553269626,-6.148304005771974,16.954863781173756,-11.468719718317654,8.280105533430078,-9.679719491016161,-8.53479989746269
14.429467269370999,42.68471255570146,-4.523588385764117,-2.8172702435222736,-14.585652663680348,-32.64328879841593,19.29860540765339,28.39834296610618,24.617465582325842,-21.722269890050402,43.42124788034017,39.44826207365749,-5.283168172176561,37.552923042955804,4.644383145335583,-10.406190057564068,7.845299299223872,-16.194191580991745,38.47564942857431,-3.3233698890147356,-19.323018138692362,-30.28089093453033,17.18421277549771,3.8511502841706062,-2.3032714902758142,40.39323444962607,-18.99482223394913,20.818007677396515,21.370332522956094,7.18788184320369,-22.180461525351316,-28.451198563288806,19.693888271813783,5.405947010590291,1.1588780439694142,5.970735260385593,-4.3981691757811125,-3.6401247744509537,-26.540419013127163,-30.57815553755197,1.295317924122867,-10.996475625315712,17.278058048976767,8.500329588181772,-18.920947388422675,-14.797126551085437,35.85077331134882,10.304509074771985,4.340898952027089,11.762492262697302,6.188731564935632,-17.80129113535721,12.234929908408455,-8.967046472260947,10.872382927997966,9.164721477706925
14.559932121058534,43.52283569747451,-4.443769291368673,-2.824474606543191,-14.841533378238056,-33.07664469541579,19.679100612295464,28.98965485520292,25.186413491025757,-22.059671165505627,44.141186770730194,40.149664165004516,-5.214243560760512,38.0541416894924,4.705539741992916,-10.677630433818795,8.107014751099687,-16.39027741866991,39.2163848245492,-3.190578313400803,-19.729941397344685,-30.834551697197803,17.28405467606596,3.7508615824676044,-2.563373415892858,41.044280195691826,-19.3770531112326,21.370332522956094,21.984800509818285,7.349342588019739,-22.7922769430578,-29.143999346006233,19.988573048467813,5.533145695966117,1.027078703504156,6.2325538319702325,-4.262459347271633,-3.611671246582268,-26.96879425608706,-31.084779657817304,1.1026392830513876,-11.506304481820983,17.51850396881415,8.867338730576234,-19.11441874079087,-15.023937687688033,36.3527636390835,10.598302123768576,4.472163463072401,12.070262473235257,6.1714325056820405,-18.016075922362912,12.456754641046052,-9.150861110618555,11.250845390617071,9.348842014043417
5.137069600873765,14.919219140508446,-1.6850870392992354,-1.014293290432015,-5.116388858801476,-11.538020173088167,6.744574140332897,9.905302890047192,8.551693559529316,-7.646845615358638,15.258370769419784,13.83308772699932,-1.9534121746259652,13.271630927772943,1.6420197437083517,-3.5962513557924383,2.6759844176727157,-5.735220019322221,13.458016194421093,-1.2837826689185625,-6.73640348967149,-10.608620326133382,6.153300214405701,1.4554551101340605,-0.6724919318691105,14.205779043728377,-6.633070508396321,7.18788184320369,7.349342588019739,2.500008708800849,-7.644055066155564,-9.861399499848817,6.940062215200713,1.8764476291809589,0.4997922762112111,1.9972901251769768,-1.6740769267951459,-1.3343123260248584,-9.332786841287298,-10.744838280480066,0.5871747351194322,-3.6622955673908644,6.099662042437085,2.8481397196216967,-6.722928657436772,-5.211235932968111,12.655227135958873,3.5456723811574418,1.4889293668577763,4.064384199151414,2.248956997786685,-6.305283761542991,4.287492784312025,-3.1304558132488567,3.6981865183539964,3.200412842112015
-15.244095410345848,-45.32890251345309,4.718871856132815,2.9672701980116534,15.472539114286677,34.56188010980955,-20.495306463607765,-30.175295038092745,-26.185994452992865,23.021426697133947,-46.04427747090648,-41.85487342683251,5.524629824520075,-39.762381684962286,-4.9179609359997665,11.08628630245143,-8.386946098782534,17.135043367915824,-40.85487207046746,3.429848866660984,20.532385847854517,32.13572380484816,-18.130913575478143,-4.004352803748469,2.554561047624315,-42.823899548126775,20.175219629702944,-22.180461525351316,-22.7922769430578,-7.644055066155564,23.643854378885944,30.28036461578887,-20.867204112538317,-5.750696462388674,-1.151440828378925,-6.411853463600248,4.5588881678495445,3.816790889688419,28.13512001124679,32.422887961163624,-1.2655697156575918,11.82646396779405,-18.29764825702135,-9.129448778731376,20.002632311774985,15.681679935488814,-37.970218584060824,-10.9906550464249,-4.633033557676018,-12.531694732272559,-6.502885742306729,18.837337728751837,-12.982738704296956,9.530360146362487,-11.628402367376339,-9.734136877402978
-20.128861610970173,-58.790960628813565,6.485472450115763,3.9547429531986333,20.149663888638084,45.2635343246955,-26.574802343491665,-39.055758490712755,-33.772978081365366,30.07228451526467,-60.00453757434674,-54.44648769295047,7.52110525830973,-52.05319705283316,-6.430512205576291,14.21266412597776,-10.626562655767554,22.499578971301847,-52.97771982972114,4.870967749816688,26.592878766200958,41.77201780188877,-24.00355288151705,-5.528483778168368,2.844259205050616,-55.8483119791374,26.159371442274875,-28.451198563288806,-29.143999346006233,-9.861399499848817,30.28036461578887,38.99782468023893,-27.267459397311303,-7.424402717615891,-1.8449069600507155,-8.025783246093056,6.387279193608584,5.147254412052724,36.72739987900655,42.284546389741244,-2.112815784990803,14.696170969712343,-23.957651864668893,-11.388645286004154,26.33735991520899,20.476351567739638,-49.67685283353364,-14.03408597143798,-5.909916172065851,-16.063537498442113,-8.724996646613477,24.708111837973217,-16.889709824028508,12.292625808693153,-14.733171208321595,-12.619769630072648
14.990087592135648,41.908707677782125,-5.307905247417209,-3.0157949898532674,-14.499934663718431,-33.09934063705021,18.934639288903895,27.697640405492077,23.72390838491352,-21.815304900013995,43.31090303266019,39.11116928858557,-6.04740052818365,38.04058453830929,4.695357942095662,-9.842422486053415,7.12338592647207,-16.543016085222618,37.79055443680096,-4.270984149851915,-18.86312020783925,-29.94548489885161,18.05391041230874,4.6177087883628785,-1.1520979434644505,40.386468936019796,-18.619831002864935,19.693888271813783,19.988573048467813,6.940062215200713,-20.867204112538317,-27.267459397311303,19.813916147406307,5.21660284130574,1.9557287914350243,5.152665616853958,-5.448606694222021,-4.059389958075199,-26.586050702567668,-30.546490520305376,2.3905031162090817,-9.278175843336943,17.488586663834944,7.291525006148616,-19.504223458977556,-14.854704842132788,36.22535245929352,9.614596014331793,4.026728302815247,11.120151310931863,6.775394211997225,-18.147717957372002,12.123696423829594,-8.690131324700003,9.839453270949347,8.981465578639613
3.8688007334744334,11.216698677133513,-1.261901528888401,-0.762003606982824,-3.852477117982526,-8.663218259461999,5.069094617382455,7.44462780993224,6.4300118552258105,-5.755284733589727,11.467165719713758,10.399138166065239,-1.4558526149378832,9.958672974864353,1.2281716494999542,-2.697013436192931,2.007523969620972,-4.313188095343293,10.09983893632711,-0.9566593972725395,-5.074820641550418,-7.976410000464872,4.608044196237001,1.0696462860415428,-0.5104790134969351,10.675588925799609,-4.9924733200743,5.405947010590291,5.533145695966117,1.8764476291809589,-5.750696462388674,-7.424402717615891,5.21660284130574,1.41614330653813,0.3783493154107551,1.515504190866684,-1.2493972171840038,-0.9920393886029021,-7.0289945380184635,-8.087934038990367,0.4346205523104919,-2.7596154354550144,4.588004244661513,2.139327961409926,-5.052848386066418,-3.91581865270333,9.505506558258967,2.6589582648286156,1.1210151096655225,3.048075985755099,1.682587121071588,-4.730037669949912,3.227721976373667,-2.33218915059989,2.7889039596624667,2.4079340545158265
1.7814202140917366,3.486166637269712,-0.9970853049909965,-0.41145733612372964,-1.3255412793451362,-3.4225891949467995,1.565374322685342,2.183594582904181,1.6863249665085778,-2.1331758179999056,4.037901604925122,3.4978290769741807,-1.0496170220061944,3.9071472390867994,0.47412712966221265,-0.5731458993456481,0.21664638516445658,-1.7913954107149668,3.1416402943949646,-0.99987769932525306,-1.505502744222632,-2.6305442869106024,2.252543697381153,0.9081350011567658,0.6159771868216841,3.8258628338359446,-1.5332679004621197,1.1588780439694142,1.027078703504156,0.4997922762112111,-1.151440828378925,-1.8449069600507155,1.9557287914350243,0.3783493154107551,0.6918474222012618,-0.020141198453851848,-1.1764144742269018,-0.6438179819700949,-2.559820623375185,-2.885055038374708,0.9158289477900762,0.20281692864172596,1.7943682774045315,-0.07420987786482561,-2.2190689791611806,-1.4448656299759424,3.6693819250259447,0.47172963580019317,0.18420490512301912,0.6441211422052634,1.0091262714946336,-1.9352454726431787,1.0828232162049136,-0.6363593339114033,0.2853636321467641,0.7377352004954736
3.5911408695626816,11.601746932844625,-0.8619640422523173,-0.6613059144587259,-3.8992955760718586,-8.418674657803916,5.247990985399064,7.791145484128274,6.877002132703264,-5.711488302017824,11.513078020373667,10.562809311923715,-1.0588300254723273,9.690671026766063,1.196091975476672,-2.9730457254738916,2.365822265913381,-4.136709140284129,10.422691830573397,-0.4715454975305081,-5.3131423751568585,-8.142193235378365,4.151333925671978,0.66066468685984,-1.0941079524388175,10.669634136676748,-5.1839539265317125,5.970735260385593,6.2325538319702325,1.9972901251769768,-6.411853463600248,-8.025783246093056,5.152665616853958,1.515504190866684,-0.020141198453851848,1.939241750766946,-0.7120638952475075,-0.7702158530211214,-7.014192453219766,-8.109038129300842,-0.12286181731364731,-3.628627976837583,4.481900876531193,2.7444405373038783,-4.755363545523784,-3.8829601394522313,9.30417253972458,2.9985480884907436,1.2799131506795367,3.362652082552075,1.378853820608897,-4.543739279459248,3.2860714380442486,-2.4504950517537245,3.31523377502508,2.500892345184375
-4.499731701675076,-10.681854341653386,2.077290755492659,0.9769042456026942,3.8403250602809913,9.318068703280359,-4.816429877421013,-6.908182345933981,-5.6754783265061866,5.960975212266683,-11.607499901513297,-10.285561702541452,2.26716007398008,-10.684671131911953,-1.3144789292454926,2.20268183961214,-1.3375790338606366,4.75025222041512,-9.659050074720906,1.9336223691251897,4.709100519793695,7.811092248077193,-5.599251718673,-1.8926957567628009,-0.6325490379562916,-10.902651674482762,4.716729529592139,-4.3981691757811125,-4.262459347271633,-1.6740769267951459,4.5588881678495445,6.387279193608584,-5.448606694222021,-1.2493972171840038,-1.1764144742269018,-0.7120638952475075,2.336365250430226,1.44721838600361,7.205319132648456,8.213775731776677,-1.5450582982985872,1.0973070152973636,-4.892042359241314,-0.9833263423815813,5.743528067704087,4.059475336646818,-10.094070153417194,-2.0383067666985184,-0.8293818479907434,-2.4842743005738277,-2.31487886134834,5.191038381072936,-3.1790680085257415,2.1376283361960366,-1.806613236277625,-2.2741184647265875
