V1,V2,V3,V4,V5,V6,V7,V8,V9,V10,V11,V12,V13,V14,V15,V16,V17,V18,V19,V20,V21,V22,V23,V24,V25,V26,V27,V28,V29,V30,V31,V32,V33,V34,V35,V36,V37,V38,V39,V40,V41,V42,V43,V44,V45,V46,V47,V48,V49,V50,V51,V52,V53,V54,V55,V56
19.18687124699858,-13.447970047387368,17.48807654230479,17.709853781815504,-16.249196650434552,-1.0033248813401971,14.48949539036327,2.663639097742635,-28.981731680841143,6.96565561618533,32.75691588457695,21.301914208463714,-20.448169965381346,16.20368717125408,-66.7139875456493,32.41594491427899,-1.4188782505109718,-26.723047213795322,19.18740824485484,0.5732685567497456,-13.940105194793334,6.527376377913164,-57.76689720769172,43.67997619730784,50.46223358240183,-41.191457173638675,-35.25319006896838,-1.0056830237656154,-49.41395131935514,41.79368201828035,39.808681901711985,0.4507058905757455,-15.316793611751246,-8.09040618371325,-25.412692060838044,-53.57643068268922,44.28459612835866,-20.836231059719175,-6.794509284267101,47.91148259656636,19.923966883503525,23.61436868953844,-35.46514052842937,-26.34199873961668,15.920603545715284,-63.32845695938411,15.273083670236748,54.56022727601398,40.534518645908555,-5.212318003841549,4.079471937565727,-6.725757037225921,-28.569318576140972,-94.91559797289207,25.47604257183319,-13.284149479028574
-13.447970047387368,14.153428347289307,-12.904984538500075,-17.76527640025226,13.034006969829964,2.028376364896433,-12.84752770801111,-3.21361632568875,26.227327905316383,-5.316224739052648,-27.484442395091467,-17.13182721745115,15.337214237416491,-14.49799770181471,57.263539119291316,-28.24932589555589,1.2185617114898923,22.61926998698751,-14.743794947046423,0.21798153117581437,15.032119017661868,-5.367469609162055,51.408489369910406,-35.396213164023,-44.35115037183866,37.21008573805703,30.33177142023936,1.4840678792968403,42.04380585018859,-35.5781878467191,-33.19132151476077,0.9885698864246154,13.558226491430153,6.339897993116764,20.31077577515982,46.319457450692745,-41.84561195971778,20.51709340577032,7.584293339143544,-41.882353679701026,-17.04420231547699,-18.439908818899546,31.282560776212705,19.839399206892086,-14.31522018169152,55.080190831013844,-9.710128775635594,-47.05252673723214,-35.893549906740006,4.8138849368629435,-3.9996643685419424,7.899720712898604,24.842400073787818,83.75498208358523,-20.75492681752072,13.29317538951459
17.48807654230479,-12.904984538500075,16.26192782357288,16.874857961101267,-15.082760638922002,-0.8077678457507962,13.522544807625849,2.5652013191070715,-27.222395164631973,6.51672750069321,30.45664735622317,19.695459916008616,-18.755300125003878,15.05538146187825,-62.3912129718041,30.320758970629615,-1.2153445646584082,-24.817154275984123,17.727619329578086,0.5927520483259455,-13.359409124039818,6.033174429908922,-54.41812799674677,40.51025198209605,47.104442145831335,-38.82510400427394,-32.97976081272503,-0.9005263288579903,-46.113025445254415,39.0545652759163,37.05574174693695,0.24505301217491923,-14.452124216069787,-7.548165209996873,-23.661834106255874,-50.05283788785744,41.93164350804439,-19.705292531116136,-6.469790695153538,44.97406590739475,18.484826328919272,21.63709962298126,-33.33549304290893,-24.21102908255679,15.133745079044218,-59.240208659715336,13.744635162273667,51.1342394933307,38.03333333317244,-4.86143930365216,3.7409684557275353,-6.425305681342278,-26.78755193245546,-89.03870389462199,23.82851973249646,-12.573546662695458
17.709853781815504,-17.76527640025226,16.874857961101267,22.447742532128466,-16.837539213606785,-2.571065966166091,16.545472660990768,4.050948520565643,-33.448859172510495,6.943926702680969,35.35750557251559,22.204241375455762,-20.01590052375631,18.471668307805995,-73.58373879285351,36.206496288007415,-1.61913063127021,-29.155590308854503,19.189301823908014,-0.1456612561033519,-18.881037056720302,7.093661105623128,-65.74059301892301,45.739599901715486,56.87352132604331,-47.57266029481395,-38.92654919810256,-1.8336359667382334,-53.92471907848839,45.75574426749904,42.681312527913924,-1.1590107529767746,-17.35295769770882,-8.132113217437528,-26.411570122793847,-59.416150185660975,53.299554669543404,-25.950186654352606,-9.450434236617566,53.698320386088035,21.856789411237372,24.004345068135805,-40.07234215176012,-25.84108834367272,18.247012516796687,-70.6427182095117,12.959605593054409,60.36565383682328,45.9814390592504,-6.124451678356648,5.098735357008215,-9.807064703697261,-31.840057243551332,-107.204353442214,26.80623753496222,-16.89503143666957
-16.249196650434552,13.034006969829964,-15.082760638922002,-16.837539213606785,14.357254029482126,1.169143882454178,-13.125505798177583,-2.676286837985203,26.600550033475518,-6.057888489129548,-29.314483035893247,-18.77399596785482,17.6608855860446,-14.81199934897442,60.11874668710799,-29.365515241456627,1.224880833826302,23.92043950758992,-16.70656289184792,-0.2850615895973939,13.59116883071127,-5.697504688741094,52.74398597630183,-38.659617561829215,-45.764602657000935,37.74966720219153,31.816770828115544,1.0841478529765343,44.48251946276056,-37.56572111247857,-35.593957458910005,0.013158418690820557,13.963517853695286,7.155765165466374,22.34944406002586,48.407416760037705,-41.173297687690294,19.671717457356515,6.72476690944385,-43.45373010378417,-17.937673707470385,-20.58581383444376,32.26074054872313,22.80838388124776,-14.632468530113464,57.3177712215575,-12.587656047128686,-49.29673015676228,-36.890268775258576,4.808623053346431,-3.8004372016501713,6.781634021656925,25.881001025541348,86.36240540824697,-22.62170677037237,12.54725636402718
-1.0033248813401971,2.028376364896433,-0.8077678457507962,-2.571065966166091,1.169143882454178,1.2911473958171675,-2.0150354316803094,-0.8130148539314007,3.1851207690600543,-0.43583041321686006,-2.9978204542299567,-1.9322188994200127,1.389318932383723,-1.7569712835411326,6.6530733701741696,-3.3147037987006938,0.4697883097174075,2.8823990100150456,-1.3318512678265126,0.23885830247737308,2.485847281304653,-1.2059506853536364,5.949831156380616,-3.6027521709995876,-5.751167745629871,4.714153773411055,3.3955693615700606,0.5059485405592373,4.3223526036306295,-4.04683930001436,-3.3228116197713087,0.7044198834670364,1.5322184671435173,0.1774832502452766,2.2827145981311547,5.3658142204807415,-5.904502821274621,2.945722771535613,1.2214209060285257,-4.896815416161278,-1.9523920973992046,-2.1910991212663102,3.7174020270361376,1.6366801006823457,-1.4051741183370714,6.530912857506371,-0.5269172599825157,-5.180040939564273,-4.475336724094697,0.6556695161770796,-0.846852947776409,1.3890334728946376,2.7884680819863665,9.897446456782097,-1.916331617921461,2.3520780139099027
14.48949539036327,-12.84752770801111,13.522544807625849,16.545472660990768,-13.125505798177583,-2.0150354316803094,12.861308089154237,2.992812975554171,-25.26111823162672,5.554438088684078,27.31173409526889,17.494284939060957,-16.030414045945236,13.930860375146121,-56.67075616023523,27.70230450779087,-1.393612691909214,-22.67274953946063,15.249159449912797,0.1273819521010298,-13.708871753300592,5.909457920994425,-49.95346603479777,35.72557548547029,43.63137660279825,-36.16046349076938,-29.868109224163046,-1.3021070306960714,-41.29483749360648,35.30895513493635,32.90691331774207,-0.701766327430807,-13.209816010990473,-6.188593534966689,-20.96094622278733,-45.55909547740343,40.147664513233,-19.19227712882296,-6.711272774637585,41.10264314897134,16.75969341803796,19.153057669249517,-30.602009553267713,-20.578850440587622,13.711139273076487,-54.14790677397988,10.940495955501511,46.26186552052421,35.144571771935176,-4.606332374690897,3.8877893079485024,-6.899390781427396,-24.343278232052757,-81.71658339014746,20.869319040844772,-12.69605479785627
2.663639097742635,-3.21361632568875,2.5652013191070715,4.050948520565643,-2.676286837985203,-0.8130148539314007,2.992812975554171,0.8740563324613407,-5.712510701428362,1.1074777224629742,5.837621725781499,3.670282981243646,-3.1353837745863467,3.104883927989247,-12.410888641867675,6.114423911556634,-0.3749331055231993,-4.974645245230001,3.0400642702874556,-0.08347588132891984,-3.540892280610787,1.4209655659668698,-11.17019308823245,7.43203241669688,9.796359621919391,-8.249183855822508,-6.514192717493296,-0.4248252342205188,-8.835551873606812,7.676622260796575,6.938567515266,-0.47314665044073034,-2.941616971404219,-1.143116863701628,-4.416111236195539,-9.992548048225569,9.519933611786412,-4.634142543366341,-1.7417792845198534,9.10872516695255,3.62929270031495,3.9604802917483406,-6.831331892731457,-3.9947766594573353,3.0352350878597334,-11.962004136683973,1.8255411710365503,10.092410138479744,7.902852263955883,-1.0629971048963844,0.9874997188949648,-1.8561677295666474,-5.345523662413974,-18.196869760064047,4.335244722208176,-3.200607845438886
-28.981731680841143,26.227327905316383,-27.222395164631973,-33.448859172510495,26.600550033475518,3.1851207690600543,-25.26111823162672,-5.712510701428362,51.17547608943869,-11.063931618752493,-55.140991357590494,-34.933617051239054,32.144865471556095,-28.40534901542325,113.91541029956593,-55.8821608769411,2.4278557812814716,45.2360665723177,-30.60313357182831,-0.0895947517126027,27.642870056440223,-10.859661373932743,100.91649295530326,-71.95950201986628,-87.46824088931517,72.65519252679768,60.28432368961994,2.496647222958159,83.90453240520367,-70.99383763116113,-66.74471807121473,0.9565333067885259,26.666537974125237,13.051957492492189,41.516204913396805,91.89741444803026,-80.41936814319519,38.873066579869906,13.794593477353308,-82.75643192154203,-33.948105623110116,-38.03768736935524,61.60910157281351,41.50949110233868,-27.992852116701663,109.03870175785538,-21.825793327189746,-93.43502677757445,-70.59262309558554,9.325686295303012,-7.592805295017371,14.146446965572174,49.180964159983304,164.92564721297708,-42.10546365663502,25.055070780798662
6.96565561618533,-5.316224739052648,6.51672750069321,6.943926702680969,-6.057888489129548,-0.43583041321686006,5.554438088684078,1.1074777224629742,-11.063931618752493,2.632917949335183,12.296196063744825,7.953471636372805,-7.508724425797212,6.0791447567099,-25.316478394442427,12.298754683144674,-0.5181023188742621,-10.074690285072345,7.119666011490445,0.23910844680888674,-5.5446409645312995,2.5318799768525992,-22.131837619497063,16.321251407618032,19.161370131945844,-15.848364672764461,-13.361704981570265,-0.39354962309929215,-18.60303421607981,15.832537779434702,14.929426929068475,-0.006552952054283473,-5.879758389839137,-2.9823341637656053,-9.601388186561884,-20.28495367991244,17.218666579320658,-8.075228774266042,-2.664350281302949,18.277888219740476,7.458880904217615,8.71992429361287,-13.561841033487823,-9.677486659673416,6.145107842779521,-24.04400778613191,5.427867627534016,20.72402993008692,15.486218237216281,-1.976137692452552,1.548141462650322,-2.6631390082135153,-10.86319677474591,-36.1668358719443,9.617784137150286,-5.223683329287948
32.75691588457695,-27.484442395091467,30.45664735622317,35.35750557251559,-29.314483035893247,-2.9978204542299567,27.31173409526889,5.837621725781499,-55.140991357590494,12.296196063744825,60.26027837913745,38.475386014593866,-35.8739043282764,30.68721036785478,-123.93488184025924,60.63252605441105,-2.642098034438157,-49.34769431291284,33.993282612280204,0.3703383819906035,-28.83999899867961,11.892365528985174,-109.05111811779636,79.14604278412857,94.75380828295248,-78.28843015027483,-65.56260761305735,-2.471068795744548,-91.45554067037982,77.35775078211199,73.0263660454025,-0.47545811357952944,-28.841527042136196,-14.452119095150918,-45.75708200275882,-99.85911591858017,85.93255255628344,-41.241167883952535,-14.313376201928238,89.72505221920389,36.973217701897475,42.130972742338756,-66.6841620131506,-46.290519758152136,30.187537351850818,-118.3468863498505,25.127591531188493,101.56651856826268,76.3561503370677,-10.013638524559234,8.065280831439797,-14.54596542859777,-53.3795329373726,-178.52157874060754,46.25150916942484,-26.490795403460133
21.301914208463714,-17.13182721745115,19.695459916008616,22.204241375455762,-18.77399596785482,-1.9322188994200127,17.494284939060957,3.670282981243646,-34.933617051239054,7.953471636372805,38.475386014593866,24.737193203070454,-23.176774793235097,19.41662459351169,-79.08229864290158,38.59372548409804,-1.757048055727559,-31.590847972847577,21.914747178350247,0.3659017528513092,-18.001836565504053,7.825296401417731,-69.26382200030322,50.72832722349476,60.371091732418975,-49.736171892591784,-41.775701584997144,-1.5188365933248946,-58.21615866874591,49.39468162300614,46.59350131573303,-0.22654105812569583,-18.333380916688196,-9.173707092862635,-29.51485020605105,-63.60833932921356,54.41819932062781,-25.923573445874275,-8.848303726762595,57.13528757570627,23.53911846202412,27.19432698081511,-42.4303210142279,-29.847661354443982,19.101546434352134,-75.38319227516291,16.483184389069898,64.69472328571054,48.59625560850222,-6.331117719803849,5.123487310249771,-8.954406699577754,-33.972112601172505,-113.49327231745421,29.62584045254473,-16.760883549359253
-20.448169965381346,15.337214237416491,-18.755300125003878,-20.01590052375631,17.6608855860446,1.389318932383723,-16.030414045945236,-3.1353837745863467,32.144865471556095,-7.508724425797212,-35.8739043282764,-23.176774793235097,22.008192387120374,-17.945152239943937,73.33094164797471,-35.72337420613443,1.574388102859774,29.32095440963769,-20.719948057071452,-0.4683596774698041,15.986202411402198,-7.14323433266905,63.868153647889294,-47.56507885036974,-55.71141426779568,45.670782384495965,38.76138010403322,1.250244070188756,54.22565739877144,-45.874672758422435,-43.54137867798651,-0.19275558930991246,16.91665246851611,8.74873921316243,27.612891158258233,58.96441579302847,-49.503479138668375,23.473543983013812,7.8490207278254145,-52.81880844902856,-21.894930152576805,-25.58732925981178,39.157282452604306,28.362294176120077,-17.619891013646814,69.76808149835621,-16.06793365725841,-60.00598049639605,-44.79362134555936,5.805842134512642,-4.605534373482056,7.856582406087733,31.4656648308807,104.81209860247574,-27.749793099545226,15.022676456271663
16.20368717125408,-14.49799770181471,15.05538146187825,18.471668307805995,-14.81199934897442,-1.7569712835411326,13.930860375146121,3.104883927989247,-28.40534901542325,6.0791447567099,30.68721036785478,19.41662459351169,-17.945152239943937,15.904944170098155,-63.115800203932416,31.01267552667502,-1.3555901732877764,-25.10871192629461,17.016091918130694,-0.05156863452713386,-15.253635164676952,5.874433519386665,-55.817156870454404,40.03040880961638,48.52949246283694,-40.12779019458381,-33.44085114654553,-1.4177267677281542,-46.695959254134365,39.34576393610571,37.1583254258802,-0.39413790349691025,-14.725931765586278,-7.323359975883506,-22.894990390657256,-51.02355325297908,44.33241323591776,-21.562519979095594,-7.699848628048953,45.7958987490641,18.953605059183516,21.214199078443468,-34.07538877959342,-23.184891987459494,15.448009659772357,-60.47188128779749,12.274929731488443,51.78235068839491,39.06896832595488,-5.203166927311761,4.241870408001225,-7.893805473338992,-27.259910901205508,-91.41541432492596,23.302621105033953,-13.785085060043317
-66.7139875456493,57.263539119291316,-62.3912129718041,-73.58373879285351,60.11874668710799,6.6530733701741696,-56.67075616023523,-12.410888641867675,113.91541029956593,-25.316478394442427,-123.93488184025924,-79.08229864290158,73.33094164797471,-63.115800203932416,255.70922435204469,-125.07947343044475,5.518537529725052,101.75224574687059,-69.6654937149884,-0.7877046744430451,60.27545320216265,-24.917580491307962,225.44715604122146,-162.55211121814497,-195.69131439731848,162.1462803468245,135.17600114801417,5.216187471798073,188.10864910992947,-159.5210959077013,-150.0561264421357,1.5939378000898574,59.64827657564154,29.410854904190657,94.36012202527087,205.88328696887925,-178.56721130178525,85.59016283100371,29.780768075975562,-185.35127821183602,-76.00279235286263,-86.40743840476968,137.8450628065351,94.57221582786248,-62.428435522160086,244.21608468225952,-50.83810308149036,-209.48987939509047,-157.8685430967219,20.67048281627303,-16.751685852943275,30.35336034734972,110.13819302953165,368.6553321964768,-95.17929790524686,55.33337722711052
32.41594491427899,-28.24932589555589,30.320758970629615,36.206496288007415,-29.365515241456627,-3.3147037987006938,27.70230450779087,6.114423911556634,-55.8821608769411,12.298754683144674,60.63252605441105,38.59372548409804,-35.72337420613443,31.01267552667502,-125.07947343044475,61.25049785777855,-2.686344472547274,-49.74593900838528,33.9443156191523,0.27238564647085767,-29.73614600809803,12.061367774787431,-110.4240860479819,79.39729213703835,95.83115267363739,-79.42571592316104,-66.15508227508198,-2.615781107987318,-92.10742180752221,78.00818996858192,73.41340389941658,-0.8252477876034567,-29.198952800260816,-14.398635717157514,-45.948516091391134,-100.79592271941797,87.58301592067423,-42.1254930767978,-14.761240400016867,90.7154344674323,37.242921594014184,42.138043972860466,-67.48186192335346,-46.09526777760668,30.589847102601713,-119.55505371124237,24.63001289233849,102.51744790994292,77.2990354943939,-10.15944572962878,8.24254385308752,-15.07327956256515,-53.91857876944568,-180.57727473190613,46.45351493003968,-27.17375601422785
-1.4188782505109718,1.2185617114898923,-1.2153445646584082,-1.61913063127021,1.224880833826302,0.4697883097174075,-1.393612691909214,-0.3749331055231993,2.4278557812814716,-0.5181023188742621,-2.642098034438157,-1.757048055727559,1.574388102859774,-1.3555901732877764,5.518537529725052,-2.686344472547274,0.24358869892505966,2.312686828695777,-1.4672722682209913,0.021548211705831873,1.3882347700790687,-0.7704330383001976,4.741444490917642,-3.4487258543822703,-4.386438665873577,3.5299255519608863,2.864618390367639,0.20111641797540641,3.8741337155701308,-3.428287803518147,-3.1011507060279024,0.16885278428962966,1.2447105495646138,0.46260891979420754,2.0986501077009696,4.418700259912491,-4.005285730642418,1.8963669453488268,0.6631311351655189,-3.9638759822843133,-1.6360563332195481,-1.9999534094049891,2.9529111466572386,1.9642981983998211,-1.208215678481984,5.276155497683161,-1.0842820840126495,-4.398870804619434,-3.4529882437092416,0.46227717620249287,-0.4757489587653153,0.7018475682443273,2.3203331059444268,7.877345292326118,-1.935283558999597,1.3803423433617796
-26.723047213795322,22.61926998698751,-24.817154275984123,-29.155590308854503,23.92043950758992,2.8823990100150456,-22.67274953946063,-4.974645245230001,45.2360665723177,-10.074690285072345,-49.34769431291284,-31.590847972847577,29.32095440963769,-25.10871192629461,101.75224574687059,-49.74593900838528,2.312686828695777,40.62353339901405,-27.79535430464761,-0.29776032471059327,23.883971990396898,-10.115370661599473,89.47632654496871,-64.77516900521415,-77.97575538432386,64.42243115094391,53.744660856113995,2.1294074332526534,74.74168818048105,-63.48215649512152,-59.672130339897954,0.6562615601592711,23.663807486664854,11.595503218355612,37.667899311470386,81.90490808612907,-70.94020768726634,33.962591037830066,11.783322406549424,-73.6689839455917,-30.27019272287513,-34.63597187700711,54.77316395594156,37.75068559490534,-24.66542499908551,97.15535142812469,-20.44109806152652,-83.23836985651758,-62.79248182803416,8.22820878183667,-6.750405193095341,12.014506109668337,43.75845468837633,146.50404622588718,-37.82093804571128,22.06675939828903
19.18740824485484,-14.743794947046423,17.727619329578086,19.189301823908014,-16.70656289184792,-1.3318512678265126,15.249159449912797,3.0400642702874556,-30.60313357182831,7.119666011490445,33.993282612280204,21.914747178350247,-20.719948057071452,17.016091918130694,-69.6654937149884,33.9443156191523,-1.4672722682209913,-27.79535430464761,19.563287794870863,0.4519817337358966,-15.381634282141057,6.7863244626055685,-60.84937802896531,45.0055413515881,52.92976225183887,-43.54598326084247,-36.82227635962249,-1.1930710870891132,-51.440633537077744,43.562294950976344,41.25716650759699,0.06824302477616281,-16.123937304714712,-8.269358877873987,-26.175435100839582,-55.99680806277821,47.32499272131431,-22.439059232844077,-7.535188610668524,50.253902157812604,20.737346698224645,24.113687219495933,-37.27943932782677,-26.71417489451776,16.830270173553263,-66.29933591048106,14.987306428495707,57.03790070442701,42.63052385577544,-5.517462586974492,4.368912987165958,-7.560009358583148,-29.9181310784131,-99.71061091338275,26.3299504002808,-14.390304163265219
0.5732685567497456,0.21798153117581437,0.5927520483259455,-0.1456612561033519,-0.2850615895973939,0.23885830247737308,0.1273819521010298,-0.08347588132891984,-0.0895947517126027,0.23910844680888674,0.3703383819906035,0.3659017528513092,-0.4683596774698041,-0.05156863452713386,-0.7877046744430451,0.27238564647085767,0.021548211705831873,-0.29776032471059327,0.4519817337358966,0.2196922837703273,0.2806776596069094,0.1903494513878007,-0.5114289937962107,0.7124140138390846,0.3341070870273277,-0.30356334587181005,-0.3809274254115458,0.13789929884949742,-0.4939381943739916,0.5332906301213652,0.4925396894214564,0.12788931914188167,-0.17028528617960548,-0.1460964783541299,-0.6201747379510939,-0.4881179525911994,0.09025413533427568,0.2016644411527389,0.25151837362937796,0.5055091257409742,0.11338744263968274,0.4083130337357515,-0.3457057808365533,-0.5942252260994043,0.17368097857265255,-0.5800689691122082,0.5521751678313073,0.6250093885316691,0.33472916464130975,0.028893636120684345,-0.08823687558338675,0.3165142953947663,-0.28992587481770016,-0.7458836512163729,0.5272030655473907,0.09485796579315074
-13.940105194793334,15.032119017661868,-13.359409124039818,-18.881037056720302,13.59116883071127,2.485847281304653,-13.708871753300592,-3.540892280610787,27.642870056440223,-5.5446409645312995,-28.83999899867961,-18.001836565504053,15.986202411402198,-15.253635164676952,60.27545320216265,-29.73614600809803,1.3882347700790687,23.883971990396898,-15.381634282141057,0.2806776596069094,16.08198123580965,-5.867869689132858,54.12536690200714,-37.05688245270055,-46.86860093674528,39.32151543002429,31.877896187532226,1.6649967601596753,44.02859243714317,-37.41884075836103,-34.72519625400295,1.2634025854389181,14.266635832333323,6.470780349946195,21.37317021909208,48.72988487041071,-44.437484841176875,21.779181287370157,8.086704355515323,-44.10628766597514,-17.90325481679597,-19.396229832590524,32.967314070665545,20.623488400825853,-14.995575016079014,58.010530470871004,-9.98502789127368,-49.43112675687693,-37.89169816023897,5.09166438567572,-4.3295370091895276,8.462084504192488,26.11480133141742,88.21077263661084,-21.688218446419587,14.278600298354188
6.527376377913164,-5.367469609162055,6.033174429908922,7.093661105623128,-5.697504688741094,-1.2059506853536364,5.909457920994425,1.4209655659668698,-10.859661373932743,2.5318799768525992,11.892365528985174,7.825296401417731,-7.14323433266905,5.874433519386665,-24.917580491307962,12.061367774787431,-0.7704330383001976,-10.115370661599473,6.7863244626055685,0.1903494513878007,-5.867869689132858,3.0905410358241237,-21.69291196529963,15.69327473875308,19.218402731403444,-15.867132063368027,-13.011327987069965,-0.5863159193541704,-17.726992850879565,15.527077294741575,14.204342665233398,-0.4803797423166819,-5.755809481894499,-2.4584020542177125,-9.582846132687248,-19.84819611939945,17.665118518138392,-8.184033150380069,-2.7221189091995335,17.99711918971306,7.2173029841958725,8.662965346211108,-13.394083551267741,-9.058483536157329,5.832086063303647,-23.67371021715293,4.98240108998485,20.135831697740652,15.43752681569268,-1.970786117886553,1.7715014171033894,-2.799510030392281,-10.579322929593154,-35.52788860214112,9.167638786229988,-5.724911800420999
-57.76689720769172,51.408489369910406,-54.41812799674677,-65.74059301892301,52.74398597630183,5.949831156380616,-49.95346603479777,-11.17019308823245,100.91649295530326,-22.131837619497063,-109.05111811779636,-69.26382200030322,63.868153647889294,-55.817156870454404,225.44715604122146,-110.4240860479819,4.741444490917642,89.47632654496871,-60.84937802896531,-0.5114289937962107,54.12536690200714,-21.69291196529963,199.53726675585236,-142.61514372941298,-172.71361560568457,143.5935294716835,119.24584444996073,4.717637469982479,165.85286041593082,-140.5525790629503,-132.05445638499762,1.7781384025851676,52.78335089646725,25.869559755959784,82.64053384769153,181.63148131531793,-158.6562916835191,76.31216131647159,26.825806409864285,-163.7245396156167,-66.959240446318,-75.38819843404464,121.85610445304093,82.45933940866927,-55.41390962236057,215.54377252451354,-43.62368077799547,-184.89008658616058,-139.5290975660972,18.316841007071915,-14.82064177745689,27.433760343113793,97.26668734005543,325.88062749371727,-83.65520957584789,49.27514931851937
43.67997619730784,-35.396213164023,40.51025198209605,45.739599901715486,-38.659617561829215,-3.6027521709995876,35.72557548547029,7.43203241669688,-71.95950201986628,16.321251407618032,79.14604278412857,50.72832722349476,-47.56507885036974,40.03040880961638,-162.55211121814497,79.39729213703835,-3.4487258543822703,-64.77516900521415,45.0055413515881,0.7124140138390846,-37.05688245270055,15.69327473875308,-142.61514372941298,104.28501134910209,123.96940203552437,-102.2572625474617,-85.96153801858225,-3.059796375371702,-119.98219740934873,101.53418991228405,95.97366746749128,-0.3121540217320774,-37.74753955224484,-19.090289105595556,-60.43650436650324,-130.8486155454633,111.80235088801835,-53.40252308634072,-18.298902970348802,117.51562045037811,48.45049704499803,55.65763839118782,-87.27372119126427,-61.356495575973156,39.46661412975575,-155.01337159979204,33.75442138591281,133.16355343615078,99.8790409599356,-13.030805165254979,10.42508562092487,-18.50606308330691,-69.931797445713,-233.55508269190042,60.97016187533217,-34.28170899140207
50.46223358240183,-44.35115037183866,47.104442145831335,56.87352132604331,-45.764602657000935,-5.751167745629871,43.63137660279825,9.796359621919391,-87.46824088931517,19.161370131945844,94.75380828295248,60.371091732418975,-55.71141426779568,48.52949246283694,-195.69131439731848,95.83115267363739,-4.386438665873577,-77.97575538432386,52.92976225183887,0.3341070870273277,-46.86860093674528,19.218402731403444,-172.71361560568457,123.96940203552437,150.23503042934144,-124.45085148836336,-103.42383502333934,-4.261079343826748,-143.77720242640774,122.00406350526721,114.56432020336943,-1.602033148840794,-45.65330165742051,-22.2185218172081,-71.89327470457783,-157.67079620718633,137.5400440951887,-66.15450771603155,-23.236170653113188,141.93160668585847,58.23899825279056,65.98559244888348,-105.60941834311865,-71.79230003305358,47.70378815800683,-187.09810873112997,38.26294995520285,160.22398959393342,121.08554491845875,-15.936860874987433,13.094675916996525,-23.78877064660488,-84.29343760439383,-282.5522614263383,72.43023161206399,-42.93108253181713
-41.191457173638675,37.21008573805703,-38.82510400427394,-47.57266029481395,37.74966720219153,4.714153773411055,-36.16046349076938,-8.249183855822508,72.65519252679768,-15.848364672764461,-78.28843015027483,-49.736171892591784,45.670782384495965,-40.12779019458381,162.1462803468245,-79.42571592316104,3.5299255519608863,64.42243115094391,-43.54598326084247,-0.30356334587181005,39.32151543002429,-15.867132063368027,143.5935294716835,-102.2572625474617,-124.45085148836336,103.52602945548946,85.70293995980396,3.5247466031629724,118.98523897272418,-101.04259625836393,-94.68046656882971,1.5921477043618883,37.9773837450061,18.343366214506972,59.402274756096475,130.59765485989837,-114.70000817939449,55.16696259368707,19.453187834711056,-117.8095456433512,-48.0928054837219,-54.13259929125465,87.7202315393777,58.90261504704655,-39.80033243946812,155.07312099733406,-30.978519584293934,-132.87026082038216,-100.51623375358633,13.207103567173645,-10.805119028952989,19.95147918818636,69.92518463112178,234.49777051993945,-59.956313872351714,35.83659031641525
-35.25319006896838,30.33177142023936,-32.97976081272503,-38.92654919810256,31.816770828115544,3.3955693615700606,-29.868109224163046,-6.514192717493296,60.28432368961994,-13.361704981570265,-65.56260761305735,-41.775701584997144,38.76138010403322,-33.44085114654553,135.17600114801417,-66.15508227508198,2.864618390367639,53.744660856113995,-36.82227635962249,-0.3809274254115458,31.877896187532226,-13.011327987069965,119.24584444996073,-85.96153801858225,-103.42383502333934,85.70293995980396,71.49786181291232,2.7447340153182487,99.58768020773083,-84.33099828046022,-79.42457236011172,0.7682229568214803,31.54425434391096,15.642562219378014,49.778985586475656,108.89315266274495,-94.34372757582787,45.296931534652096,15.79693664687247,-97.99803692442217,-40.22845838901068,-45.620098060720316,72.87907608049957,50.02533966592459,-33.05899944576569,129.1359498802116,-26.86035486118403,-110.80857882045994,-83.44547227838478,10.940787018539107,-8.828340953130612,16.096586381327747,58.25979522890751,194.9877870433894,-50.33192232243467,29.179505377193102
-1.0056830237656154,1.4840678792968403,-0.9005263288579903,-1.8336359667382334,1.0841478529765343,0.5059485405592373,-1.3021070306960714,-0.4248252342205188,2.496647222958159,-0.39354962309929215,-2.471068795744548,-1.5188365933248946,1.250244070188756,-1.4177267677281542,5.216187471798073,-2.615781107987318,0.20111641797540641,2.1294074332526534,-1.1930710870891132,0.13789929884949742,1.6649967601596753,-0.5863159193541704,4.717637469982479,-3.059796375371702,-4.261079343826748,3.5247466031629724,2.7447340153182487,0.2596415198284261,3.736366212828176,-3.209690771027796,-2.903469136455423,0.2543436289497281,1.2242299802678713,0.4367717631799909,1.7343742319413447,4.26395308693327,-4.164426316800955,2.129749472781379,0.8684939163243428,-3.8353627619694617,-1.5908364716211372,-1.6661483753198436,2.8853778665473584,1.582863596714001,-1.2417865549389813,5.099559453670266,-0.6505497632633601,-4.223634057595665,-3.3791590304016403,0.4896850190199,-0.4963072917577072,0.9464885339638868,2.253694201428137,7.776019615519259,-1.7069175331630322,1.4668748715080082
-49.41395131935514,42.04380585018859,-46.113025445254415,-53.92471907848839,44.48251946276056,4.3223526036306295,-41.29483749360648,-8.835551873606812,83.90453240520367,-18.60303421607981,-91.45554067037982,-58.21615866874591,54.22565739877144,-46.695959254134365,188.10864910992947,-92.10742180752221,3.8741337155701308,74.74168818048105,-51.440633537077744,-0.4939381943739916,44.02859243714317,-17.726992850879565,165.85286041593082,-119.98219740934873,-143.77720242640774,118.98523897272418,99.58768020773083,3.736366212828176,139.02818032366935,-117.39652472475083,-110.92148998926362,0.7010126639138292,43.86147311597802,22.07869303089923,69.17203302918735,151.66133033335174,-130.6643540154676,62.86437789584071,21.926402093708536,-136.30401156715067,-56.15245790586807,-63.610691693041005,101.32498622713605,70.05925179128631,-46.03783802308374,179.72176999076208,-37.78757466246623,-154.3239731379269,-115.96343860748823,15.231472097954407,-12.182423820485512,22.295332475001803,81.12476878737009,271.3326202319282,-70.19196973252754,40.20338894543726
41.79368201828035,-35.5781878467191,39.0545652759163,45.75574426749904,-37.56572111247857,-4.04683930001436,35.30895513493635,7.676622260796575,-70.99383763116113,15.832537779434702,77.35775078211199,49.39468162300614,-45.874672758422435,39.34576393610571,-159.5210959077013,78.00818996858192,-3.428287803518147,-63.48215649512152,43.562294950976344,0.5332906301213652,-37.41884075836103,15.527077294741575,-140.5525790629503,101.53418991228405,122.00406350526721,-101.04259625836393,-84.33099828046022,-3.209690771027796,-117.39652472475083,99.5337859560279,93.68559364264465,-0.8985540626651124,-37.191638224545144,-18.40370194245626,-58.939707964113076,-128.4245351488553,111.15941749972356,-53.24186831684826,-18.479296407202195,115.58959744473647,47.42048700053889,53.99401349809994,-85.94702692203235,-59.166118342758715,38.92364303222474,-152.31153397019142,31.910841259066974,130.6900033683306,98.41637716668578,-12.874922432607393,10.409921471275611,-18.812412838700755,-68.69730561830427,-229.86338601223173,59.452030981057064,-34.389162646156294
39.808681901711985,-33.19132151476077,37.05574174693695,42.681312527913924,-35.593957458910005,-3.3228116197713087,32.90691331774207,6.938567515266,-66.74471807121473,14.929426929068475,73.0263660454025,46.59350131573303,-43.54137867798651,37.1583254258802,-150.0561264421357,73.41340389941658,-3.1011507060279024,-59.672130339897954,41.25716650759699,0.4925396894214564,-34.72519625400295,14.204342665233398,-132.05445638499762,95.97366746749128,114.56432020336943,-94.68046656882971,-79.42457236011172,-2.903469136455423,-110.92148998926362,93.68559364264465,88.58828347060104,-0.3977416180656388,-34.93351595728196,-17.67053583774762,-55.39320926957918,-120.92738454673608,103.75071049175982,-49.798928579979474,-17.254696401887635,108.6307044459971,44.790220195412026,50.989569200935556,-80.71798468628005,-56.236328506870194,36.62974610688486,-143.26563311740355,30.582774842546623,123.0638729355755,92.36558485210381,-12.103859763554691,9.659579536682148,-17.50156585654049,-64.66533008963638,-216.12972826425218,56.132132169537776,-31.84252159619002
0.4507058905757455,0.9885698864246154,0.24505301217491923,-1.1590107529767746,0.013158418690820557,0.7044198834670364,-0.701766327430807,-0.47314665044073034,0.9565333067885259,-0.006552952054283473,-0.47545811357952944,-0.22654105812569583,-0.19275558930991246,-0.39413790349691025,1.5939378000898574,-0.8252477876034567,0.16885278428962966,0.6562615601592711,0.06824302477616281,0.12788931914188167,1.2634025854389181,-0.4803797423166819,1.7781384025851676,-0.3121540217320774,-1.602033148840794,1.5921477043618883,0.7682229568214803,0.2543436289497281,0.7010126639138292,-0.8985540626651124,-0.3977416180656388,0.606025821994302,0.4602448166452946,-0.23422719088451896,0.3864259667910575,1.2480700268227802,-2.389341779664908,1.2020707988263477,0.5848011720583901,-1.339611056603473,-0.33827082993008034,-0.1418472677033343,1.083491939426683,-0.31483604292711925,-0.4343239564313312,1.6560478348186427,0.6594455376419142,-1.2078481158678338,-1.3366827727769548,0.1991185595949289,-0.3271736362504607,0.7088935992717246,0.6890469702008175,2.726498759517514,-0.21173654582238335,1.0907675463455202
-15.316793611751246,13.558226491430153,-14.452124216069787,-17.35295769770882,13.963517853695286,1.5322184671435173,-13.209816010990473,-2.941616971404219,26.666537974125237,-5.879758389839137,-28.841527042136196,-18.333380916688196,16.91665246851611,-14.725931765586278,59.64827657564154,-29.198952800260816,1.2447105495646138,23.663807486664854,-16.123937304714712,-0.17028528617960548,14.266635832333323,-5.755809481894499,52.78335089646725,-37.74753955224484,-45.65330165742051,37.9773837450061,31.54425434391096,1.2242299802678713,43.86147311597802,-37.191638224545144,-34.93351595728196,0.4602448166452946,13.96910383076611,6.850159838192832,21.909978714060273,48.03092731129857,-41.93434927898781,20.13164036223711,7.051534426949204,-43.315871108165936,-17.6905823291886,-19.947369973205557,32.23652328827482,21.841195680191692,-14.668902094413538,57.00284289518461,-11.574916517881434,-48.91857696781044,-36.89998548148149,4.831945156848685,-3.897814237267242,7.203658232250889,25.729985098082995,86.17438027198541,-22.167234223964243,13.006542358044989
-8.09040618371325,6.339897993116764,-7.548165209996873,-8.132113217437528,7.155765165466374,0.1774832502452766,-6.188593534966689,-1.143116863701628,13.051957492492189,-2.9823341637656053,-14.452119095150918,-9.173707092862635,8.74873921316243,-7.323359975883506,29.410854904190657,-14.398635717157514,0.46260891979420754,11.595503218355612,-8.269358877873987,-0.1460964783541299,6.470780349946195,-2.4584020542177125,25.869559755959784,-19.090289105595556,-22.2185218172081,18.343366214506972,15.642562219378014,0.4367717631799909,22.07869303089923,-18.40370194245626,-17.67053583774762,-0.23422719088451896,6.850159838192832,3.7504052135272397,10.834890923153946,23.755596038028447,-19.801744258805428,9.537760957236252,3.265551831253516,-21.26127266426073,-8.850175010209698,-10.01265404336251,15.765879759269907,11.37864021503991,-7.277414809655032,28.05012284005933,-6.312722974834984,-24.258587161334336,-17.95644002261286,2.346289889353384,-1.7379010373454677,3.257189333961966,12.726151025868809,42.320573911883415,-11.206768596678536,5.850163839611905
-25.412692060838044,20.31077577515982,-23.661834106255874,-26.411570122793847,22.34944406002586,2.2827145981311547,-20.96094622278733,-4.416111236195539,41.516204913396805,-9.601388186561884,-45.75708200275882,-29.51485020605105,27.612891158258233,-22.894990390657256,94.36012202527087,-45.948516091391134,2.0986501077009696,37.667899311470386,-26.175435100839582,-0.6201747379510939,21.37317021909208,-9.582846132687248,82.64053384769153,-60.43650436650324,-71.89327470457783,59.402274756096475,49.778985586475656,1.7343742319413447,69.17203302918735,-58.939707964113076,-55.39320926957918,0.3864259667910575,21.909978714060273,10.834890923153946,35.47571168609149,75.72175792497508,-65.00873562058803,30.727971378352375,10.364135020842388,-68.19548160777141,-27.888338313019442,-32.394340409334404,50.6512602977632,35.52889074012155,-22.81537363871628,89.81793535863272,-19.63934066540009,-77.142480742902,-57.977835378849214,7.4830026053612,-6.046586669650849,10.47053130515404,40.490911471811415,135.20394317748585,-35.444406524560016,20.032743867132314
-53.57643068268922,46.319457450692745,-50.05283788785744,-59.416150185660975,48.407416760037705,5.3658142204807415,-45.55909547740343,-9.992548048225569,91.89741444803026,-20.28495367991244,-99.85911591858017,-63.60833932921356,58.96441579302847,-51.02355325297908,205.88328696887925,-100.79592271941797,4.418700259912491,81.90490808612907,-55.99680806277821,-0.4881179525911994,48.72988487041071,-19.84819611939945,181.63148131531793,-130.8486155454633,-157.67079620718633,130.59765485989837,108.89315266274495,4.26395308693327,151.66133033335174,-128.4245351488553,-120.92738454673608,1.2480700268227802,48.03092731129857,23.755596038028447,75.72175792497508,165.90046486649874,-143.87753481698263,69.16181929136273,24.18334519912743,-149.26390200604604,-61.320261187908955,-69.49276243315853,111.0145399441876,76.08149856584873,-50.30609371943003,196.74636515382107,-40.78944584573058,-168.7360310039745,-127.15557953163042,16.70250919292825,-13.533293848772358,24.670650904989152,88.73219070693857,297.085042201202,-76.5401041051007,44.58529715216829
44.28459612835866,-41.84561195971778,41.93164350804439,53.299554669543404,-41.173297687690294,-5.904502821274621,40.147664513233,9.519933611786412,-80.41936814319519,17.218666579320658,85.93255255628344,54.41819932062781,-49.503479138668375,44.33241323591776,-178.56721130178525,87.58301592067423,-4.005285730642418,-70.94020768726634,47.32499272131431,0.09025413533427568,-44.437484841176875,17.665118518138392,-158.6562916835191,111.80235088801835,137.5400440951887,-114.70000817939449,-94.34372757582787,-4.164426316800955,-130.6643540154676,111.15941749972356,103.75071049175982,-2.389341779664908,-41.93434927898781,-19.801744258805428,-65.00873562058803,-143.87753481698263,127.8195541568346,-61.67699164712109,-22.01406161892154,129.97556576025138,52.89482243883224,59.08899004986392,-96.88261167738507,-63.80530397931585,43.93201411151829,-171.00817619150263,32.90790449672304,146.27772572690947,111.12363921594289,-14.66252001846846,12.166947773472454,-22.71397258186767,-77.05506127925756,-258.9244340006301,65.54833811887181,-40.31118677778291
