V1,V2,V3,V4,V5,V6,V7,V8,V9,V10,V11,V12,V13,V14,V15,V16,V17,V18,V19,V20,V21,V22,V23,V24,V25,V26,V27,V28,V29,V30,V31,V32,V33,V34,V35,V36,V37,V38,V39,V40,V41,V42,V43,V44,V45,V46,V47,V48,V49,V50,V51,V52,V53,V54,V55,V56
5214.283105754203,1864.0391515961815,2638.156320793765,4684.116554942533,93.41101521709335,-9846.704353870757,-5224.241282268116,-292.9280272996325,7140.155323986951,934.9922337648921,4244.665585634248,-3488.4921705907104,7590.781673795594,-1906.5345988894642,-3524.970247880913,527.7941067791153,-5910.263626545692,244.51146617743703,1293.3433723473138,3109.514311984194,-2150.811442785291,956.026107229346,-2264.502354702467,-808.3337149387546,16.306997879868945,-4853.395352772277,1941.9572702184428,5672.545717662105,-3537.467669098985,2939.6169938206017,6778.421585111531,2360.0347315248846,-1685.7457642266706,-4145.754356759253,4266.008414224386,5674.2210470574455,3028.546401409596,-1202.4171463898224,-8651.074858580543,-7095.130338131996,624.0939610821837,-3262.3674023689373,-4019.5744859043725,1072.0159901210861,-1898.588979672702,485.6070017172736,2958.7338842588124,-2336.6851892299874,2211.064204270136,3491.8709506566024,4540.617945859962,1895.2704996540597,4963.585314582029,2032.3756072664467,2379.1203209367,5165.246270124639
1864.0391515961815,666.5244122884096,943.0852299829426,1674.1939758815022,33.35056997984107,-3520.1511017139337,-1867.2837210593063,-104.48678672331651,2552.535127495733,334.28088825435555,1516.8622771200587,-1246.8112421450787,2713.6976843473144,-681.8825548762272,-1260.0945007894807,188.28214882112866,-2112.887414235315,87.60624189065078,462.47663129052665,1111.4299804206541,-769.0138764667245,342.0016656364875,-809.6619859771199,-288.6009384617703,5.627129730900765,-1734.6944016507641,694.0808574497065,2027.9084766978845,-1264.6956064577405,1050.7638645486752,2423.563772651185,843.9867299197568,-602.8931568666834,-1482.3943625800941,1524.907603946821,2028.7120448331623,1083.1601528062242,-429.5197165751687,-3092.5565966322615,-2536.5211785399124,223.34663998209132,-1166.5765929668476,-1436.9490242847041,383.2391363823461,-678.7325699902458,173.30960986028822,1057.8432186523983,-835.0643231050416,790.3468627190289,1248.0394462378654,1623.1993013096355,677.4470886722521,1774.4367295492732,726.4785520267459,850.7182539391991,1846.3923280062652
2638.156320793765,943.0852299829426,1335.1986128546735,2370.376378589649,47.358543412306354,-4982.034179615469,-2643.6208217587528,-148.29607821055214,3613.0243616903604,473.27683776906383,2147.7490167442293,-1765.4668442185196,3841.1883156916474,-965.0053987912428,-1783.7039632300334,267.1197651401205,-2990.41266869977,123.87012637947885,654.3232303997975,1573.812470700286,-1088.2714758364023,483.7669928383628,-1146.1874604772077,-409.43528773292246,7.985044824505909,-2456.240947450541,982.7059187931266,2870.502141503066,-1789.6421468784863,1487.5200135357286,3429.490341846457,1193.8893398622617,-853.0643207809143,-2097.6006515550635,2158.4010994982696,2871.2801914913994,1532.6149153088604,-608.3948806851745,-4377.2893578922485,-3589.8977818861786,315.34277911123434,-1651.096995808705,-2034.0970472279091,542.7568861453757,-960.365545418892,245.9556062502013,1496.6961430671215,-1182.33007732249,1118.9007009849265,1767.1103187675915,2297.3334915803653,959.2812631220197,2511.5212668382314,1028.3924783100429,1204.0021989460988,2613.6602988494537
4684.116554942533,1674.1939758815022,2370.376378589649,4208.912222072027,84.09298597207058,-8845.4958008676,-4694.0761657483545,-263.67431481433266,6414.5963457296975,840.0759829207267,3814.31438992481,-3134.7913026435563,6819.431746705582,-1712.4541388416703,-3166.885777408413,474.98040658209896,-5309.3732741221465,219.4190421329617,1161.5640457274278,2794.2476416003615,-1931.952400665209,858.4461145782014,-2034.452964255644,-727.3053861911184,14.790319241584326,-4361.223529601108,1744.9576245843698,5096.166148000645,-3177.4670797274257,2641.1662445125767,6088.466979918636,2119.317876574677,-1514.000131489094,-3723.6251449121164,3832.53252743048,5097.209771976807,2719.9862896907694,-1080.8294551284637,-7771.928054503334,-6373.65003218809,559.7652044094455,-2930.5256207436946,-3611.265296189033,963.367145264492,-1705.3148332567243,437.04556339061645,2657.381804727189,-2099.7127115768067,1986.6217721727296,3137.727488117026,4078.9911145155056,1703.1007000932705,4459.071225740114,1825.980396595919,2137.0887826082576,4640.587076228882
93.41101521709335,33.35056997984107,47.358543412306354,84.09298597207058,1.7073924667837843,-176.4081885362128,-93.75438528215045,-5.323579330876252,128.00925591184523,16.789716543995613,76.21897313483544,-62.66460177485999,136.09641609769747,-34.15934871452921,-63.214725223252444,9.576736009243916,-105.89699222084636,4.357995071512665,23.129229695937003,55.8743658669067,-38.512971370296285,17.09154012173054,-40.631086596797,-14.676000239064692,0.2936413984275846,-87.18025408422557,34.86491869989219,101.71036115716147,-63.30906347900683,52.74086090402959,121.32039005090938,42.15676962313092,-30.165643309887013,-74.18545124799677,76.45366621330867,101.67372045829323,54.20207924110577,-21.632241426537757,-155.06097646942575,-127.10230973563063,11.025111985499835,-58.46171278835215,-72.09421071672942,19.283658064476008,-33.96431558307238,8.830088189687944,52.91158565777062,-41.95133513261387,39.680366836430494,62.70954742800126,81.3509564904094,34.057857074062184,88.95848132687371,36.45279789516628,42.62624524454093,92.62246066382208
-9846.704353870757,-3520.1511017139337,-4982.034179615469,-8845.4958008676,-176.4081885362128,18594.709921889058,9865.44998249461,553.0617428419495,-13483.696584009034,-1765.7337874605319,-8015.416383137912,6587.685578594551,-14334.747245341769,3600.6171531165364,6656.649278526476,-996.4999161367414,11161.069024304728,-461.8831225340782,-2442.417726666903,-5872.107846532922,4061.7066305227104,-1805.537783485294,4276.5156341277625,1526.403666321816,-30.616151189772545,9165.226420643296,-3667.187260684221,-10712.258090552567,6680.187236014804,-5551.211565085028,-12800.614729625951,-4456.818091893606,3183.568890495471,7829.074643647833,-8055.891822524604,-10715.516616414874,-5719.516538822521,2270.486990037651,16336.808863355516,13398.605885510731,-1178.5487103041075,6161.003203673591,7590.727014353951,-2024.524011635336,3585.2608658140884,-916.9440687101525,-5587.295475424921,4412.502455876602,-4175.4224111949125,-6594.063462213486,-8574.550799273822,-3579.1131326081177,-9373.356331757035,-3837.956761910619,-4492.954250360141,-9754.118618736527
-5224.241282268116,-1867.2837210593063,-2643.6208217587528,-4694.0761657483545,-93.75438528215045,9865.44998249461,5235.214191008564,294.01060154513414,-7154.18038020018,-936.90967793154,-4253.967327662871,3496.1145872625384,-7605.698582558744,1909.922224262852,3531.9933009468227,-529.6264843702262,5921.578676778803,-244.76212477721091,-1295.5428183873348,-3116.295344057325,2154.748150415889,-957.4482742241146,2269.0034245432225,810.9857917785555,-16.470666121638335,4863.893572963366,-1946.0960214265021,-5683.7380369103685,3543.94012322979,-2945.6422676658026,-6790.659124782029,-2363.831778707419,1688.6235234788642,4153.10446072214,-4274.45187798008,-5684.965337583816,-3033.6849240660467,1205.369185458698,8668.047590054292,7108.612879189964,-624.4627142004402,3268.462284069422,4027.6067934962566,-1074.384425069215,1901.989317239865,-487.31830631448,-2963.888675478431,2341.736459759338,-2215.6285315716996,-3499.394265176726,-4549.328921712995,-1899.3859304456312,-4973.2160137262445,-2036.4910419764874,-2383.52521876443,-5175.629118680164
-292.9280272996325,-104.48678672331651,-148.29607821055214,-263.67431481433266,-5.323579330876252,553.0617428419495,294.01060154513414,16.81070313927376,-401.1508014860923,-52.50626426762099,-239.29536464856437,196.45299237309112,-426.3849669917763,106.68290108318153,198.1141811967452,-30.250265485381124,331.97734062214084,-13.46607383736014,-72.47011740100353,-175.0296031919965,120.6496402887869,-53.36923179266131,127.0822718106457,46.016324343174915,-1.1804663776147741,273.2351542408706,-109.33154319457746,-318.66825429254897,198.56689809594934,-165.33700346988263,-380.2511748334075,-132.10842632501183,94.33731564786281,232.40379949477358,-239.85818863828834,-318.44955771573575,-169.4489909399981,68.04047366169989,486.1730566549621,398.4533876046587,-34.6475120549706,182.86284466512515,225.8604476584944,-60.26190462076701,106.61215359300068,-27.743041427604773,-165.98185787864304,131.68239948544812,-124.36056470310237,-196.60447415742206,-255.1038630110302,-106.65258796403774,-278.84298687541013,-114.29315800888453,-133.3771766408204,-290.3876722442676
7140.155323986951,2552.535127495733,3613.0243616903604,6414.5963457296975,128.00925591184523,-13483.696584009034,-7154.18038020018,-401.1508014860923,9777.886844851218,1280.5847672320122,5812.4376078062705,-4777.400751447255,10395.166695566642,-2611.251577422635,-4827.175510603583,722.705327957443,-8093.351064460381,335.0631757247317,1771.0241147493812,4258.576457637469,-2945.3272166254433,1309.2752846729556,-3101.455143823642,-1107.2974657898867,21.967200694553092,-6646.637833480287,2659.366842808894,7768.24364922572,-4843.89800691146,4025.573320449178,9282.072560497782,3231.610885011192,-2308.6347210202,-5677.150031302406,5841.628786868202,7770.522013717844,4147.648854587216,-1646.4651082242426,-11846.621528431948,-9715.867812654627,854.2046202959899,-4467.985017239439,-5504.641771013368,1468.3851917852414,-2599.5773659201122,665.1741038254185,4051.2647030175817,-3199.7481837845985,3027.9318965045545,4781.957250522147,6217.691635839291,2595.673284256117,6797.102801984195,2783.1344293132684,3258.2315610813025,7073.328767309906
934.9922337648921,334.28088825435555,473.27683776906383,840.0759829207267,16.789716543995613,-1765.7337874605319,-936.90967793154,-52.50626426762099,1280.5847672320122,167.78230248884176,761.0580677120889,-625.7014975775057,1361.4963989196494,-342.1695547582849,-632.1986033173387,94.57155980429805,-1059.870985722123,43.98260343863989,231.92758244339026,557.822085000184,-385.74404936940874,171.53471001259456,-406.33873078307556,-145.08313462534616,2.7286847170211335,-870.5421306971464,348.2716390517634,1017.4344862377254,-634.270887099099,527.2016309421373,1215.5446091901524,423.1836859814115,-302.4377797103112,-743.5183575517459,764.9237314382805,1017.7570456885686,543.3747620926047,-215.5338672345492,-1551.3835391151338,-1272.3506146542873,111.75700611594715,-585.3441678685339,-720.9768557627923,192.4256522218729,-340.3303566663791,87.13231889274158,530.437719089427,-418.9698509973988,396.56650973772145,626.2796489225201,814.2004149420936,340.0199672895748,890.1518399406149,364.4742899021079,426.8222077079127,926.3287357461056
4244.665585634248,1516.8622771200587,2147.7490167442293,3814.31438992481,76.21897313483544,-8015.416383137912,-4253.967327662871,-239.29536464856437,5812.4376078062705,761.0580677120889,3457.358666150164,-2840.882856303785,6179.041839168478,-1550.947915572042,-2869.6813814182715,431.09139632599266,-4811.097741048175,198.3574852003759,1052.3938392314715,2532.060323296795,-1750.4179473021013,777.4532599390349,-1843.0290557119158,-659.4366364704704,13.95943205490665,-3952.225244642101,1581.3955918345096,4617.640125267065,-2879.2615215266446,2393.43444867255,5516.605321845703,1920.0297214895631,-1371.3711698924185,-3373.6026547354127,3473.1878030425614,4618.258807731961,2463.687348541338,-980.0034488955706,-7042.742856749506,-5775.404607816344,507.0801982908885,-2654.6478886936734,-3272.192233242925,872.723840393049,-1545.4573240365037,396.39360572938847,2408.009687140044,-1903.15985974267,1800.2479251983532,2843.558485575477,3696.3234993324313,1543.2373136758456,4040.5586307559133,1654.7227151495301,1936.0067718216276,4205.2101506420195
-3488.4921705907104,-1246.8112421450787,-1765.4668442185196,-3134.7913026435563,-62.66460177485999,6587.685578594551,3496.1145872625384,196.45299237309112,-4777.400751447255,-625.7014975775057,-2840.882856303785,2334.838878702097,-5078.940523035509,1275.390735046677,2358.615173986467,-353.85489094311913,3954.1770330441104,-163.42057085802742,-865.0334368718353,-2081.2173205978156,1438.8137178530947,-639.2827878306103,1515.2672375733532,541.877855177137,-10.976895322860553,3248.2882297624033,-1299.6397672056899,-3795.5022576095453,2366.364786541136,-1967.096583843775,-4534.2958172383715,-1578.2503740861298,1127.5412965370986,2773.118165447313,-2854.322894706759,-3796.2116385292347,-2025.6880061181107,805.0326763471891,5788.250750382667,4746.7906905058435,-416.71132861914646,2182.591163232296,2689.604194656281,-717.5741562861929,1269.9615894395547,-325.63279424878556,-1978.9734302232632,1563.8451766500848,-1479.6141052511446,-2336.997544846195,-3037.8325402273404,-1268.5097959217774,-3320.946736723012,-1359.946375909686,-1591.6339405573704,-3456.2001879920335
7590.781673795594,2713.6976843473144,3841.1883156916474,6819.431746705582,136.09641609769747,-14334.747245341769,-7605.698582558744,-426.3849669917763,10395.166695566642,1361.4963989196494,6179.041839168478,-5078.940523035509,11051.5139265456,-2776.356938862502,-5131.889410794524,768.1346000456173,-8604.201104040943,356.3843415039562,1882.8443984838923,4527.440939336703,-3131.3083146217728,1392.0272758278904,-3297.4351076721364,-1177.1501953431095,23.13844413501767,-7066.176932874194,2827.1902051355723,8258.717055080182,-5149.630566305434,4279.651552031429,9868.07961422557,3435.682841731747,-2454.5363435092436,-6035.66933271809,6210.265800783093,8261.220546121374,4409.7825732300125,-1750.2193780102095,-12594.354877516105,-10329.166133073153,908.1023985482279,-4750.338073180461,-5852.193409239768,1561.1939210429014,-2763.5624439331373,707.0977112428513,4306.919978848009,-3401.575756375136,3219.0583510340384,5083.761271886894,6610.098537781421,2759.56997113784,7226.165234804816,2958.785223142584,3464.082970895915,7519.807012107598
-1906.5345988894642,-681.8825548762272,-965.0053987912428,-1712.4541388416703,-34.15934871452921,3600.6171531165364,1909.922224262852,106.68290108318153,-2611.251577422635,-342.1695547582849,-1550.947915572042,1275.390735046677,-2776.356938862502,698.2329963322724,1289.0371275224022,-192.1759750168211,2161.2420512570056,-90.01599147705991,-473.1254512033123,-1137.1292368477446,786.778486487475,-350.1452485538137,828.7713371110422,295.2128464652466,-5.226143912529989,1774.539505207339,-709.9131121431417,-2074.710464719084,1293.5158317682813,-1074.8177694656736,-2479.229499279788,-863.4335378601581,617.1294005649598,1516.6812244332054,-1559.5412660300499,-2075.709350665888,-1108.796462483521,438.948611345777,3163.264379533536,2594.616439920442,-228.30142374560523,1194.1045950168173,1470.1310737031504,-392.37465896222454,693.9866041921779,-177.1845648003905,-1081.8404882529353,853.8640660185852,-808.4916757949482,-1276.598008635558,-1660.2063014007379,-693.1704861614821,-1815.1287523083774,-743.0764273551018,-870.677606933493,-1888.6784939642478
-3524.970247880913,-1260.0945007894807,-1783.7039632300334,-3166.885777408413,-63.214725223252444,6656.649278526476,3531.9933009468227,198.1141811967452,-4827.175510603583,-632.1986033173387,-2869.6813814182715,2358.615173986467,-5131.889410794524,1289.0371275224022,2383.1147009408387,-356.9201173458544,3995.5367979476932,-165.345036111522,-874.283471937823,-2102.4596702826652,1454.0148584778083,-646.3081753363324,1531.097630930508,546.7848282394311,-10.914275123628054,3281.457050235136,-1312.9344906712788,-3835.0365892989985,2391.298828427017,-1987.3993397798547,-4582.263220019701,-1595.274888789537,1139.648658085765,2802.5854164281172,-2883.9389994926796,-3836.094461131304,-2047.473639893626,812.9369100089348,5848.496595545824,4796.515505045099,-421.6123729150746,2205.659400219382,2717.553438024626,-724.9223833970416,1283.361083759584,-328.48400290901606,-1999.9893865316014,1579.752370870183,-1494.8723582101254,-2360.8629207292056,-3069.571361852752,-1281.4798053750583,-3355.6076290875335,-1374.011706332552,-1608.466572845583,-3492.011955222157
527.7941067791153,188.28214882112866,267.1197651401205,474.98040658209896,9.576736009243916,-996.4999161367414,-529.6264843702262,-30.250265485381124,722.705327957443,94.57155980429805,431.09139632599266,-353.85489094311913,768.1346000456173,-192.1759750168211,-356.9201173458544,54.46610017190655,-598.1378071506653,24.232048605016733,130.59223447763335,315.25950302617696,-217.3782262986193,96.19174566086019,-228.89387709903167,-82.80795275209404,2.1769554183491517,-492.17790297927615,196.952798628346,574.079649714281,-357.78098809487824,297.8588775460698,685.1399425664,238.06090918658217,-169.95940220207368,-418.7287645163427,432.1354450226765,573.7143411779939,305.29593492142624,-122.56405359738096,-875.9070903750094,-717.8997280918728,62.508465117763954,-329.38965548413796,-406.8814362175733,108.51489037418375,-192.13962042697156,49.91958340129873,299.1210813782358,-237.23459198135012,224.03484426400445,354.15115912885346,459.6416275940129,192.09942872305857,502.37836190721424,205.90932135756466,240.27507886032473,523.1329711339743
-5910.263626545692,-2112.887414235315,-2990.41266869977,-5309.3732741221465,-105.89699222084636,11161.069024304728,5921.578676778803,331.97734062214084,-8093.351064460381,-1059.870985722123,-4811.097741048175,3954.1770330441104,-8604.201104040943,2161.2420512570056,3995.5367979476932,-598.1378071506653,6699.197330825803,-277.2603880957452,-1466.0004206951667,-3524.6759389104704,2437.9585605159536,-1083.7353653249395,2566.947638512579,916.251745760302,-18.336770885263316,5501.311398052031,-2201.170568312871,-6429.86118250514,4009.620705194745,-3332.0199732498495,-7683.282208873241,-2675.087452206619,1910.8890030972514,4699.241112271485,-4835.377929844995,-6431.806734903561,-3433.052774915194,1362.8143793212516,9805.847042801246,8042.233445822783,-707.3430242571671,3698.077934723045,4556.21802750049,-1215.2250934634867,2151.940596589242,-550.411522362565,-3353.612148648011,2648.516818145166,-2506.231284854917,-3957.993601968248,-5146.683416551599,-2148.331582408397,-5626.175294577425,-2303.6627815239954,-2696.8355100659023,-5854.7388680110535
244.51146617743703,87.60624189065078,123.87012637947885,219.4190421329617,4.357995071512665,-461.8831225340782,-244.76212477721091,-13.46607383736014,335.0631757247317,43.98260343863989,198.3574852003759,-163.42057085802742,356.3843415039562,-90.01599147705991,-165.345036111522,24.232048605016733,-277.2603880957452,11.831451026755653,60.79832850861386,145.80346433078802,-101.07002167251785,45.14591160120855,-106.58851084621156,-37.59703294134978,0.3439061159377724,-227.41775579025332,90.94109970313689,266.2954629684755,-165.9909782481857,137.78646220425975,318.3809087693154,111.04550659235774,-79.49003316558725,-194.94150807923123,199.90458818054466,266.6236248857673,142.8337112070797,-55.94898600433166,-405.700607277012,-332.9302037510051,29.427910353929285,-153.68490413188545,-188.67132864262229,50.44445760695678,-88.93818972413621,22.490603384251287,138.80784603495047,-109.23243949131582,103.6580520648755,163.56243528735203,212.90884886498125,88.90845068846967,232.8774559228028,95.25526832934905,111.99409759522982,242.21882728373652
1293.3433723473138,462.47663129052665,654.3232303997975,1161.5640457274278,23.129229695937003,-2442.417726666903,-1295.5428183873348,-72.47011740100353,1771.0241147493812,231.92758244339026,1052.3938392314715,-865.0334368718353,1882.8443984838923,-473.1254512033123,-874.283471937823,130.59223447763335,-1466.0004206951667,60.79832850861386,320.8991597167801,771.1028408376881,-533.58088392659,237.30863216335038,-561.7632590264907,-200.17887930540158,3.895892549391847,-1203.525773007755,481.5557900270238,1407.0211467250097,-877.5171900943661,729.0363543973149,1681.6067927650301,585.634918338499,-418.32865506050365,-1028.578624703591,1058.0303886712475,1407.6025499330835,751.568060871771,-297.9830843452556,-2145.713756754827,-1759.943030710621,155.01614789117758,-809.4242220215582,-996.9891683674408,265.88573442878004,-470.9436196286666,120.20530205062734,734.0018572405303,-579.3671254842618,548.3518784728137,865.8895932414235,1126.2365585015002,470.008218791668,1231.1644303499183,504.0450496141754,590.2675563391518,1281.0737069552663
3109.514311984194,1111.4299804206541,1573.812470700286,2794.2476416003615,55.8743658669067,-5872.107846532922,-3116.295344057325,-175.0296031919965,4258.576457637469,557.822085000184,2532.060323296795,-2081.2173205978156,4527.440939336703,-1137.1292368477446,-2102.4596702826652,315.25950302617696,-3524.6759389104704,145.80346433078802,771.1028408376881,1855.235973208502,-1282.5875624673697,569.9859104148726,-1350.8732011497339,-483.00130011471265,9.608549923208212,-2895.4922304725224,1158.4467968088097,3383.3575984561458,-2109.2718935619587,1753.4283887860117,4041.844837428734,1406.8641499228443,-1005.2246550645415,-2472.0191792643645,2544.164904677154,3384.0624289944444,1805.9749473357692,-717.4330439082685,-5159.483435223441,-4231.199500440022,371.40108636984365,-1945.7940335807,-2397.5560718738648,639.7533184100437,-1131.929497628846,290.2140705521852,1763.952914261443,-1393.8622642107734,1318.917490608492,2083.1354375721608,2707.813370421262,1130.7977498347282,2960.2485563165224,1212.2163919941027,1418.922279849259,3080.771373631583
-2150.811442785291,-769.0138764667245,-1088.2714758364023,-1931.952400665209,-38.512971370296285,4061.7066305227104,2154.748150415889,120.6496402887869,-2945.3272166254433,-385.74404936940874,-1750.4179473021013,1438.8137178530947,-3131.3083146217728,786.778486487475,1454.0148584778083,-217.3782262986193,2437.9585605159536,-101.07002167251785,-533.58088392659,-1282.5875624673697,887.3059169870664,-394.5517392703153,934.2913253720745,333.2052141444789,-6.486287362846575,2001.8058025612904,-800.9407139431589,-2339.988748130162,1459.2180146439314,-1212.496887968831,-2796.3158354560846,-973.7165047713885,695.6088058478434,1710.3819972197653,-1759.5644022187482,-2340.8424575007853,-1249.7266387721047,495.70310229463774,3568.430503234243,2926.7585245435644,-257.5536089897503,1346.0778414045578,1658.102696498406,-442.2780423909896,783.0985769257692,-200.11220717016622,-1220.4894901098166,963.6299978418613,-912.0044987244115,-1440.2050149196548,-1872.9281100808605,-781.770111686416,-2047.4660610915048,-838.2875058596967,-981.6002648881057,-2130.5606387105504
956.026107229346,342.0016656364875,483.7669928383628,858.4461145782014,17.09154012173054,-1805.537783485294,-957.4482742241146,-53.36923179266131,1309.2752846729556,171.53471001259456,777.4532599390349,-639.2827878306103,1392.0272758278904,-350.1452485538137,-646.3081753363324,96.19174566086019,-1083.7353653249395,45.14591160120855,237.30863216335038,569.9859104148726,-394.5517392703153,175.69204635050238,-415.49132206752796,-147.7615675282772,2.6417434319929205,-889.5262031164398,355.87917153672436,1040.2214023891008,-648.6696408927262,538.862155920012,1243.3213074666273,433.1029403128194,-309.50513186534414,-760.6128601488336,781.9307376218412,1040.8255023798677,556.1144851995989,-219.96763019843058,-1586.066026189698,-1301.0464393708226,114.68105290921184,-598.7275503252104,-737.0784230360363,196.65237967017816,-348.07546730250607,88.65868508500496,542.6156610875453,-428.04326718331737,405.3327871857998,639.9302035567666,832.4985515836255,347.4565121374079,910.1353605603042,372.55666678501643,436.5912938837666,946.9068276834593
-2264.502354702467,-809.6619859771199,-1146.1874604772077,-2034.452964255644,-40.631086596797,4276.5156341277625,2269.0034245432225,127.0822718106457,-3101.455143823642,-406.33873078307556,-1843.0290557119158,1515.2672375733532,-3297.4351076721364,828.7713371110422,1531.097630930508,-228.89387709903167,2566.947638512579,-106.58851084621156,-561.7632590264907,-1350.8732011497339,934.2913253720745,-415.49132206752796,984.1241571732769,351.19256175592153,-6.555461242309114,2108.194242646516,-843.420882811914,-2464.13560138898,1536.2489464380496,-1276.7810978110383,-2944.144862448869,-1025.0792377716944,732.5635095150247,1800.9009973259265,-1852.5840484182847,-2464.995793583968,-1316.146450140002,521.8956225659235,3757.318263860651,3081.601286977395,-270.8192465400214,1417.743616482388,1746.1170944040791,-465.99815146735614,824.2888000902534,-210.89541849254056,-1284.77406713049,1014.6124691615046,-960.3991753296687,-1516.6713893538845,-1971.942733969198,-823.423202781785,-2155.884735516115,-882.6957785879068,-1033.7824040731152,-2243.4596891514766
-808.3337149387546,-288.6009384617703,-409.43528773292246,-727.3053861911184,-14.676000239064692,1526.403666321816,810.9857917785555,46.016324343174915,-1107.2974657898867,-145.08313462534616,-659.4366364704704,541.877855177137,-1177.1501953431095,295.2128464652466,546.7848282394311,-82.80795275209404,916.251745760302,-37.59703294134978,-200.17887930540158,-483.00130011471265,333.2052141444789,-147.7615675282772,351.19256175592153,126.59307658529646,-2.7485278814292755,753.7997355077617,-301.54648471680326,-879.7307966739929,548.0199285055627,-456.1834032597868,-1049.9214601221415,-364.98865795762157,260.8895997090591,641.951440248204,-661.6373652794562,-879.4601793306708,-468.69405476106374,187.18224854023472,1341.5938223664689,1099.7874826193593,-95.79197141145958,505.4776819331051,623.5052945914153,-166.52992450405836,294.0921434798911,-76.18959160405915,-458.10810002874405,362.9456602343107,-343.16351666661654,-542.3010946982681,-703.9486493065639,-294.37389831476503,-769.6219098278881,-315.3372397075498,-368.60768312568894,-801.281276618789
16.306997879868945,5.627129730900765,7.985044824505909,14.790319241584326,0.2936413984275846,-30.616151189772545,-16.470666121638335,-1.1804663776147741,21.967200694553092,2.7286847170211335,13.95943205490665,-10.976895322860553,23.13844413501767,-5.226143912529989,-10.914275123628054,2.1769554183491517,-18.336770885263316,0.3439061159377724,3.895892549391847,9.608549923208212,-6.486287362846575,2.6417434319929205,-6.555461242309114,-2.7485278814292755,0.5538236298570636,-15.205993618064271,6.162510059379757,17.31973110747468,-10.978058279889796,9.205190930659196,20.657543346389822,7.021271814423765,-4.770501166396174,-12.38688815628356,13.484807004468198,17.077807829021776,8.536750693096959,-4.211846295957486,-26.959186587223204,-21.92780179041599,1.8748736108863733,-9.34727562627959,-12.287743514323894,3.084706377299445,-6.084175841230651,1.7550171951333096,9.245255547338598,-7.646829507011199,6.891662223458434,11.0193145487136,14.210090505518211,5.806684979841858,15.348741234091856,6.380529168715612,6.92085081859126,16.07625464736632
-4853.395352772277,-1734.6944016507641,-2456.240947450541,-4361.223529601108,-87.18025408422557,9165.226420643296,4863.893572963366,273.2351542408706,-6646.637833480287,-870.5421306971464,-3952.225244642101,3248.2882297624033,-7066.176932874194,1774.539505207339,3281.457050235136,-492.17790297927615,5501.311398052031,-227.41775579025332,-1203.525773007755,-2895.4922304725224,2001.8058025612904,-889.5262031164398,2108.194242646516,753.7997355077617,-15.205993618064271,4519.1497420000405,-1808.099239041584,-5280.561060103699,3292.2196471828934,-2736.722457098271,-6308.4709918475755,-2195.822466555565,1568.7948716665196,3858.2135233434897,-3971.025173507875,-5281.615924905425,-2818.4560178077813,1119.895735784293,8052.922371545803,6604.041184989475,-579.7969973815473,3036.663617756174,3741.96159652641,-998.3585709695467,1766.8430578778703,-452.9567909990564,-2753.292781284862,2175.6325494450366,-2058.5216552431407,-3251.3071483299477,-4226.409980984192,-1764.827628552702,-4620.312144310134,-1892.0242266186312,-2214.459942247526,-4808.424030711692
1941.9572702184428,694.0808574497065,982.7059187931266,1744.9576245843698,34.86491869989219,-3667.187260684221,-1946.0960214265021,-109.33154319457746,2659.366842808894,348.2716390517634,1581.3955918345096,-1299.6397672056899,2827.1902051355723,-709.9131121431417,-1312.9344906712788,196.952798628346,-2201.170568312871,90.94109970313689,481.5557900270238,1158.4467968088097,-800.9407139431589,355.87917153672436,-843.420882811914,-301.54648471680326,6.162510059379757,-1808.099239041584,723.437732322295,2112.7631331335147,-1317.3165169509125,1094.986915132037,2524.1413497610715,878.6084173901257,-627.6490723234944,-1543.7154468519125,1588.9111088894485,2113.179990286187,1127.6066040508504,-448.12208773870987,-3222.1075630754767,-2642.393285715898,232.0602070571334,-1214.896162385907,-1497.1565414040901,399.38250130342163,-707.0032236520801,181.20866055022188,1101.7039023563868,-870.5283951575618,823.6215761997071,1300.8595435533502,1691.0831285347624,706.0736792731949,1848.6476909663534,757.02396763954,885.9712734162806,1923.9064663601323
5672.545717662105,2027.9084766978845,2870.502141503066,5096.166148000645,101.71036115716147,-10712.258090552567,-5683.7380369103685,-318.66825429254897,7768.24364922572,1017.4344862377254,4617.640125267065,-3795.5022576095453,8258.717055080182,-2074.710464719084,-3835.0365892989985,574.079649714281,-6429.86118250514,266.2954629684755,1407.0211467250097,3383.3575984561458,-2339.988748130162,1040.2214023891008,-2464.13560138898,-879.7307966739929,17.31973110747468,-5280.561060103699,2112.7631331335147,6171.683954676143,-3848.2724606319234,3198.17485602371,7374.302632998983,2567.420074447172,-1834.223117226827,-4510.369518206189,4640.911420458804,6173.52483990191,3295.3336851565573,-1307.9747038994476,-9411.697462002296,-7718.907799131323,678.5829080708993,-3549.8529849434976,-4373.309532133895,1166.6702509525157,-2065.191140840188,528.4519629124811,3218.515882859449,-2542.015713199827,2405.5951901646513,3799.1026857098122,4939.688146014268,2062.2246837661046,5400.06703102339,2211.0926550878053,2588.6589827786966,5619.523451851009
-3537.467669098985,-1264.6956064577405,-1789.6421468784863,-3177.4670797274257,-63.30906347900683,6680.187236014804,3543.94012322979,198.56689809594934,-4843.89800691146,-634.270887099099,-2879.2615215266446,2366.364786541136,-5149.630566305434,1293.5158317682813,2391.298828427017,-357.78098809487824,4009.620705194745,-165.9909782481857,-877.5171900943661,-2109.2718935619587,1459.2180146439314,-648.6696408927262,1536.2489464380496,548.0199285055627,-10.978058279889796,3292.2196471828934,-1317.3165169509125,-3848.2724606319234,2400.026751769225,-1994.149102721324,-4598.896503783006,-1601.3698031125953,1143.7722554734337,2812.8034138988673,-2894.092444273061,-3849.5561526445963,-2054.834064008705,815.5262729840176,5868.939897948436,4813.523657654182,-423.6844029622381,2213.356601239371,2726.8460620606193,-727.1757499542396,1288.0959188777817,-329.18803667224216,-2007.4210998758567,1585.0447500977793,-1499.903065824873,-2368.669893093466,-3080.4244917173537,-1285.615362890094,-3367.3500768144295,-1378.7204212954205,-1614.10465838321,-3504.073574012858
2939.6169938206017,1050.7638645486752,1487.5200135357286,2641.1662445125767,52.74086090402959,-5551.211565085028,-2945.6422676658026,-165.33700346988263,4025.573320449178,527.2016309421373,2393.43444867255,-1967.096583843775,4279.651552031429,-1074.8177694656736,-1987.3993397798547,297.8588775460698,-3332.0199732498495,137.78646220425975,729.0363543973149,1753.4283887860117,-1212.496887968831,538.862155920012,-1276.7810978110383,-456.1834032597868,9.205190930659196,-2736.722457098271,1094.986915132037,3198.17485602371,-1994.149102721324,1657.4346038615413,3821.144597562013,1330.2032492630349,-950.2651018862948,-2337.012520572955,2405.104464770796,3198.949303781052,1707.2179780295594,-678.1133132628977,-4877.350717430014,-3999.9573376312856,351.468837414427,-1839.2260383239939,-2266.281972355188,604.5427475135649,-1070.2390847864726,274.0898786651604,1667.8002511182945,-1317.5624759242257,1246.6797756542696,1968.9603719956663,2559.8482448932496,1068.7287908868402,2798.3707534893456,1145.8821941547033,1341.2578407177539,2912.1953877059163
6778.421585111531,2423.563772651185,3429.490341846457,6088.466979918636,121.32039005090938,-12800.614729625951,-6790.659124782029,-380.2511748334075,9282.072560497782,1215.5446091901524,5516.605321845703,-4534.2958172383715,9868.07961422557,-2479.229499279788,-4582.263220019701,685.1399425664,-7683.282208873241,318.3809087693154,1681.6067927650301,4041.844837428734,-2796.3158354560846,1243.3213074666273,-2944.144862448869,-1049.9214601221415,20.657543346389822,-6308.4709918475755,2524.1413497610715,7374.302632998983,-4598.896503783006,3821.144597562013,8812.706143953372,3068.765698665691,-2192.077678716374,-5390.258326414459,5545.420697067358,7376.9749668966615,3938.227455829959,-1562.311789776366,-11245.980400626504,-9223.759890702724,811.9024229920385,-4241.844193634562,-5225.356382309847,1393.620701624785,-2468.118445152716,630.580462452688,3846.5883064735413,-3036.956620974851,2874.1167877388334,4538.71094045445,5902.641514616263,2463.5806035558894,6452.582651706424,2641.859479320234,3093.3323065981763,6714.446365776491
2360.0347315248846,843.9867299197568,1193.8893398622617,2119.317876574677,42.15676962313092,-4456.818091893606,-2363.831778707419,-132.10842632501183,3231.610885011192,423.1836859814115,1920.0297214895631,-1578.2503740861298,3435.682841731747,-863.4335378601581,-1595.274888789537,238.06090918658217,-2675.087452206619,111.04550659235774,585.634918338499,1406.8641499228443,-973.7165047713885,433.1029403128194,-1025.0792377716944,-364.98865795762157,7.021271814423765,-2195.822466555565,878.6084173901257,2567.420074447172,-1601.3698031125953,1330.2032492630349,3068.765698665691,1068.8695387754176,-763.4680074901784,-1877.1188080782745,1930.6094207758506,2568.6029485004287,1371.6253732174614,-543.5643735438363,-3915.3247978302966,-3211.5194773113585,283.0896020128104,-1477.1201317905543,-1819.1901299044707,485.111544310972,-859.3933750254705,219.140792468243,1339.4951254309458,-1057.0321895198492,1000.513141071362,1579.8186516801845,2055.09320909212,857.5229849041283,2246.55150934892,919.6959324335307,1077.1647238274231,2337.5562868691713
-1685.7457642266706,-602.8931568666834,-853.0643207809143,-1514.000131489094,-30.165643309887013,3183.568890495471,1688.6235234788642,94.33731564786281,-2308.6347210202,-302.4377797103112,-1371.3711698924185,1127.5412965370986,-2454.5363435092436,617.1294005649598,1139.648658085765,-169.95940220207368,1910.8890030972514,-79.49003316558725,-418.32865506050365,-1005.2246550645415,695.6088058478434,-309.50513186534414,732.5635095150247,260.8895997090591,-4.770501166396174,1568.7948716665196,-627.6490723234944,-1834.223117226827,1143.7722554734337,-950.2651018862948,-2192.077678716374,-763.4680074901784,545.5398458090511,1340.9581441979954,-1378.9665795920937,-1835.0960327707792,-980.1424866743607,388.1659672376575,2796.832513828175,2294.0717177676893,-202.00690126982488,1055.540945765874,1299.7005896941143,-346.76653178721784,613.7119663556626,-156.60449852445504,-956.650905719623,754.9917819986352,-714.7777761146459,-1128.6288835362284,-1467.9378911237434,-612.7436700345186,-1604.8313275775145,-656.9835899490479,-769.6782894351604,-1669.8507812914827
-4145.754356759253,-1482.3943625800941,-2097.6006515550635,-3723.6251449121164,-74.18545124799677,7829.074643647833,4153.10446072214,232.40379949477358,-5677.150031302406,-743.5183575517459,-3373.6026547354127,2773.118165447313,-6035.66933271809,1516.6812244332054,2802.5854164281172,-418.7287645163427,4699.241112271485,-194.94150807923123,-1028.578624703591,-2472.0191792643645,1710.3819972197653,-760.6128601488336,1800.9009973259265,641.951440248204,-12.38688815628356,3858.2135233434897,-1543.7154468519125,-4510.369518206189,2812.8034138988673,-2337.012520572955,-5390.258326414459,-1877.1188080782745,1340.9581441979954,3297.0593615215735,-3391.556249860999,-4512.1535656058095,-2409.1418988595146,955.2664996634272,6878.173852553054,5641.4794051671715,-496.67279993080297,2594.7691337080246,3195.985285944034,-852.4507491814394,1509.4759734918998,-385.49795747490543,-2352.657519331757,1857.2297264164017,-1757.8212382191243,-2775.809006576964,-3610.109893049878,-1506.765453931974,-3946.5370392022787,-1615.7582491927383,-1892.166894069362,-4106.626764399938
4266.008414224386,1524.907603946821,2158.4010994982696,3832.53252743048,76.45366621330867,-8055.891822524604,-4274.45187798008,-239.85818863828834,5841.628786868202,764.9237314382805,3473.1878030425614,-2854.322894706759,6210.265800783093,-1559.5412660300499,-2883.9389994926796,432.1354450226765,-4835.377929844995,199.90458818054466,1058.0303886712475,2544.164904677154,-1759.5644022187482,781.9307376218412,-1852.5840484182847,-661.6373652794562,13.484807004468198,-3971.025173507875,1588.9111088894485,4640.911420458804,-2894.092444273061,2405.104464770796,5545.420697067358,1930.6094207758506,-1378.9665795920937,-3391.556249860999,3490.3372207229795,4642.108836348883,2477.355132500279,-984.0225788434437,-7077.8851752551855,-5804.738166136458,510.40391665859585,-2668.8393950573054,-3288.573895756483,877.0562839790372,-1553.2893827996147,397.538182237171,2420.5407425141066,-1911.9536059714117,1809.0175193672192,2857.0549150565653,3714.866576577862,1550.6621069311764,4060.8944603099103,1662.821585552734,1946.2834129489393,4226.017751801915
5674.2210470574455,2028.7120448331623,2871.2801914913994,5097.209771976807,101.67372045829323,-10715.516616414874,-5684.965337583816,-318.44955771573575,7770.522013717844,1017.7570456885686,4618.258807731961,-3796.2116385292347,8261.220546121374,-2075.709350665888,-3836.094461131304,573.7143411779939,-6431.806734903561,266.6236248857673,1407.6025499330835,3384.0624289944444,-2340.8424575007853,1040.8255023798677,-2464.995793583968,-879.4601793306708,17.077807829021776,-5281.615924905425,2113.179990286187,6173.52483990191,-3849.5561526445963,3198.949303781052,7376.9749668966615,2568.6029485004287,-1835.0960327707792,-4512.1535656058095,4642.108836348883,6175.64378279579,3296.928506845856,-1307.9237462177914,-9414.334473752844,-7721.316824015451,679.1446074490474,-3551.286752888889,-4374.567575952372,1166.9897546569143,-2065.8357695755476,528.201378019617,3219.66860873138,-2542.3993747845275,2406.1774169392083,3799.8427645033644,4941.128328551981,2062.6801674793273,5401.669048130315,2211.6422982639724,2589.6795031737915,5621.004517868041
3028.546401409596,1083.1601528062242,1532.6149153088604,2719.9862896907694,54.20207924110577,-5719.516538822521,-3033.6849240660467,-169.4489909399981,4147.648854587216,543.3747620926047,2463.687348541338,-2025.6880061181107,4409.7825732300125,-1108.796462483521,-2047.473639893626,305.29593492142624,-3433.052774915194,142.8337112070797,751.568060871771,1805.9749473357692,-1249.7266387721047,556.1144851995989,-1316.146450140002,-468.69405476106374,8.536750693096959,-2818.4560178077813,1127.6066040508504,3295.3336851565573,-2054.834064008705,1707.2179780295594,3938.227455829959,1371.6253732174614,-980.1424866743607,-2409.1418988595146,2477.355132500279,3296.928506845856,1760.9964967893823,-697.3179689335171,-5024.679371276023,-4121.45488886562,362.90749481370887,-1896.4111405384353,-2335.027073695285,623.022168207449,-1102.5620322235927,281.32932337920494,1718.6787233649843,-1356.363690164217,1284.1575671336107,2027.6499007089462,2637.243881607905,1100.8573104841673,2883.196706669146,1180.3144216254018,1382.8244345430767,2999.9783027146877
