V1,V2,V3,V4,V5,V6,V7,V8,V9,V10,V11,V12,V13,V14,V15,V16,V17,V18,V19,V20,V21,V22,V23,V24,V25,V26,V27,V28,V29,V30,V31,V32,V33,V34,V35,V36,V37,V38,V39,V40,V41,V42,V43,V44,V45,V46,V47,V48,V49,V50,V51,V52,V53,V54,V55,V56
2.6263229002437756,14.188418600273744,2.2611476636277503,1.8956670332664227,-14.028025048438302,-9.31447118556037,1.3052004438006768,-0.10414690362182007,22.154118900703455,-12.375421365089611,-1.053494958474916,11.080565536532882,-2.783593193106226,15.548976768060987,0.8286090052689395,-7.444212295824431,-4.761439131459489,9.343876802856192,4.691775887187216,-8.356964963831835,3.44706789758774,-15.985937459997379,7.153294258273184,-15.629302022381284,6.155663557869483,0.2443044372767803,4.604762074273706,5.208503105042004,-14.032948499372818,-12.26073618828202,9.561177715494885,12.9286646745738,5.063522354196235,-7.7631289944284285,-17.324536693596418,-12.660811891489885,-4.88856789726414,2.9399065967975173,-11.195831570490597,10.835840847822139,-1.7154598736034126,0.929163985952993,0.9991693598070184,11.973708285960557,-5.8486544578026844,-10.81048577289071,4.034267006181841,11.738034172875667,1.006310842165347,5.1525354171057725,0.3771873838278308,3.4804698951926047,-7.070100290143184,5.742957245215703,5.274794798062891,14.002036178860358
14.188418600273744,78.9446918176336,11.837845233021298,10.389614878866507,-76.8487719209805,-51.38038415363202,7.323691404137997,-1.7175709703147002,123.51575850736839,-69.61992482560093,-5.5560768233677535,60.542037889257905,-15.028495233711444,87.54691698657925,4.5542384621031085,-40.99375822335312,-26.691967259873525,51.74093934312615,25.539899048918674,-46.428458745082644,19.050038663224512,-88.91257487003867,39.74792036167341,-87.30622665723084,34.95410547363313,0.9444509759496565,24.645145670322208,29.76829714074736,-78.97944050869128,-69.43191596880726,52.852558872728906,72.85394910548726,28.38748898913159,-44.19605130064001,-97.67840918077073,-71.55560598950736,-27.190650472468683,17.83119460718286,-61.13757179271756,60.29831124765558,-8.889057161986129,5.975948510585707,5.646008961588342,67.34463713695489,-33.0019171039539,-61.1474703218408,22.852667906562417,65.41714381950278,5.235050361728117,27.814696623321154,1.5802517570603423,18.517587707929874,-39.58759600226933,31.46700925847419,28.49458320362738,79.10608538603663
2.2611476636277503,11.837845233021298,2.19354734489139,1.5559127262274803,-12.226493647871195,-8.05786949758525,1.0287293115680602,0.4440078155079866,18.17936476199077,-9.840599205130362,-1.1453888266910344,9.576588172170219,-2.387271671530807,12.518795703629289,0.7138711341685435,-6.566714614012752,-3.9202472330364624,7.715441909863657,4.057175647155535,-6.994755649842729,2.873809079323614,-13.262128271218486,5.753664342880957,-12.839756615328755,4.680966084089504,0.3071775912151978,4.137934527450777,4.0281042464093355,-11.294812425302707,-9.521045777729976,7.96276406531218,10.528563454731557,3.7644790403022466,-6.086568360037988,-13.790199124514087,-10.213125615425676,-4.082558746571748,1.8196024697567132,-9.644083755094677,8.913180806366919,-1.6266362234962777,0.49142929235951555,0.9474283617264676,9.713957703093731,-4.8254457458195885,-8.700096429945274,3.1276358798729444,9.803483409149418,1.0970398211073678,4.5233382671471976,0.400153950141208,3.1913117789718792,-5.622036093680524,4.8342030243783665,4.67932994246901,11.094944139544463
1.8956670332664227,10.389614878866507,1.5559127262274803,1.4508447932020352,-10.091465873690996,-6.758319675275157,0.9341822210667065,-0.249135077194075,16.247220573697007,-9.312214341464482,-0.6617382253357261,7.898749019211213,-2.011586016322187,11.581049169446736,0.5833203458755105,-5.287645578123631,-3.577532518122923,6.866171302023728,3.4032325559245153,-6.053646938430428,2.4876614196680396,-11.734060602020897,5.309687839434979,-11.58817994010034,4.7114440601269845,0.09624836681945688,3.2066871479188754,3.928255621066618,-10.396793470054169,-9.197615735186705,6.958149227142382,9.565998519573771,3.8653861969962153,-5.850410804829138,-12.930711699469276,-9.407732413149667,-3.5304871900653447,2.4596263382090164,-8.063261439418087,7.992197042272652,-1.201944719311287,0.7834342116489004,0.7291104322292263,8.903214296790246,-4.37602987141927,-8.066225291540798,3.0370030277036957,8.56932236902406,0.6274922952538431,3.704325006761244,0.21170124949437846,2.444514863943596,-5.293091209781851,4.159516840714209,3.7622837734854624,10.590658919262033
-14.028025048438302,-76.8487719209805,-12.226493647871195,-10.091465873690996,75.99923265443329,50.61604407832572,-7.0174219579281285,0.48688185790052857,-119.65828761645045,66.72522632641544,5.950667344037581,-59.78252787495095,14.846055357179125,-84.1865791090664,-4.486556030984838,40.64229994466506,25.837284259666955,-50.278809612414456,-25.230317303098907,45.26447028417833,-18.572740130339533,86.43088515073933,-38.322580150244335,84.54120509625464,-33.052073716228726,-1.2020927079664476,-24.742198920374545,-28.240771182659927,75.95748803645229,66.07314588263162,-51.509253925180055,-70.26254797267802,-26.769969751011814,42.10195945036568,93.62205539813694,68.78799173555818,26.493748564288303,-15.88906300486148,60.309468941595355,-58.466740528878745,9.136946049914062,-5.134841525306139,-5.671073190814555,-64.9010304157728,31.915155423481313,58.73540422239891,-21.73400550021835,-63.677585755557686,-5.636407854599036,-27.65960472350598,-1.8108974257313861,-18.728531436176045,37.98390409641703,-30.819434953286134,-28.41743389117264,-75.6707802212936
-9.31447118556037,-51.38038415363202,-8.05786949758525,-6.758319675275157,50.61604407832572,33.78490103438709,-4.678928854640871,0.5070695953851067,-80.00730527485088,44.793568013874285,3.9106267485865365,-39.738770242856404,9.856363044225642,-56.4774229155775,-2.9813796296262383,27.070028624354414,17.347835917237255,-33.58413039196208,-16.7924155025831,30.218414989504637,-12.377946220783324,57.78803848429596,-25.62575014263342,56.62608419231949,-22.24901374679874,-0.7130044594202984,-16.35389748927511,-19.011243719400305,50.91971749916352,44.36946659473476,-34.363554864443245,-47.12418639702938,-17.953491521890808,28.32775852754768,62.819216264515575,46.17355383963016,17.684000860505687,-10.914621533522126,40.12760996711592,-39.10664759027022,6.014907599265346,-3.563538583640183,-3.8184990931013285,-43.53127554070868,21.448394849429555,39.449404805004775,-14.60125843070934,-42.57509715385822,-3.69135476419575,-18.367415441269443,-1.1138832858594339,-12.385532095826587,25.457971156037686,-20.51777981368822,-18.863293460370254,-50.87081737982955
1.3052004438006768,7.323691404137997,1.0287293115680602,0.9341822210667065,-7.0174219579281285,-4.678928854640871,0.7214956428881434,-0.28033394910396764,11.58096859672451,-6.508699128957593,-0.4686316138723114,5.615969945921723,-1.3850495618960925,8.1928349992110725,0.4285210005593006,-3.751517764710833,-2.437091473187333,4.822400170330057,2.3291739700844363,-4.341712545416625,1.7941114648336725,-8.26377633316589,3.7383928399357336,-8.092759491156292,3.3107839371276837,0.09842260469466198,2.267286074439213,2.826228333423226,-7.430420960530981,-6.6122833384134,4.941021020205386,6.805128523149234,2.7380778659683944,-4.162415516992142,-9.195084661282111,-6.700785894242284,-2.553472247958181,1.730549224955275,-5.630183559431271,5.61368523541798,-0.7753527316236725,0.611042975538694,0.4725158349882739,6.279069029973715,-3.0205854767958344,-5.712143443579493,2.1715647037436354,6.0812504874470426,0.4430499569345298,2.5282360839097247,0.15384246076105698,1.6600320185022985,-3.7206012602385043,2.9334735114401713,2.588026691367101,7.374500846984539
-0.10414690362182007,-1.7175709703147002,0.4440078155079866,-0.249135077194075,0.48688185790052857,0.5070695953851067,-0.28033394910396764,1.2252443817357317,-3.2947683494527755,2.556864974338131,-0.43012523232322536,-0.5000846691493588,0.12534517734522985,-2.933575461662819,-0.04699574228524322,0.1507500055588725,0.7156786290594941,-1.2322681056672922,-0.19267444436303593,0.9529251772461456,-0.3948638546036674,2.0679221963019634,-1.2558911893912854,2.3373453380958744,-1.7353003790408157,0.24694924373296973,0.1898723202157204,-1.3780911887546075,2.6454100298172016,3.0424433386278107,-1.1138220581568326,-2.226990645845848,-1.5134178048676479,1.867270766060587,3.589625008891557,2.4052380840652736,0.5787374790516849,-1.832515180992002,0.5615154328660023,-1.5517339198096618,-0.2842544636659169,-0.8010434844408767,0.07225082146718176,-2.1084859516405494,0.9031554484267946,2.101620164198319,-1.0127130751283522,-1.4224641328535197,0.43093655660631647,-0.037564363410996636,0.21764041209174348,0.2833434260784806,1.4228709692389396,-0.5183886725762261,0.048444671471962485,-3.033997324441041
22.154118900703455,123.51575850736839,18.17936476199077,16.247220573697007,-119.65828761645045,-80.00730527485088,11.58096859672451,-3.2947683494527755,193.7268066574234,-109.40923393907784,-8.384883002620912,94.50704133342741,-23.479802120828978,137.43519124768787,7.119232540285664,-63.74602392187427,-41.72829904218625,81.09345201417187,39.809514611245504,-72.68309951789489,29.865105155759462,-139.21302303224078,62.48880445265749,-136.749708448559,55.17814685196615,1.4351314873348213,38.33380787981775,46.91545392166389,-124.05742724295432,-109.48920970041542,82.80302698168573,114.22521612080342,45.017142496047754,-69.53594751651053,-153.57125604969337,-112.29233934348242,-42.58947435943826,28.500863952371862,-95.40334516518668,94.49880892094842,-13.69982686522396,9.642535344386387,8.629167623909565,105.61793590731322,-51.57451685778322,-95.94996157157483,36.033591346729914,102.35139007628075,7.903957218739914,43.29644412867526,2.4514625968242565,28.677611666213082,-62.264593773725366,49.262492910881946,44.30228629656112,124.28572165135034
-12.375421365089611,-69.61992482560093,-9.840599205130362,-9.312214341464482,66.72522632641544,44.793568013874285,-6.508699128957593,2.556864974338131,-109.40923393907784,62.52128891759162,4.329481411733022,-52.56879893420862,13.123893336589369,-78.177044927051,-3.9473463432855382,35.35457526387729,23.76030272408775,-45.79650220273236,-22.278852171999635,40.798158237869636,-16.748408523677394,78.56305624216792,-35.49455883190076,77.52676747898862,-31.829633232646245,-0.5513367728538449,-21.04145695546779,-26.89463313029353,70.4412666313227,62.61428053358753,-46.56618019499421,-64.7688832292917,-25.97627959647108,39.81070040893832,87.5037680995704,63.82446863679139,23.881226225097805,-17.149381864876275,53.271951802995424,-53.46224373352857,7.480413657188256,-5.844844873823191,-4.805811865757618,-60.00838612196744,29.329808073870286,54.61992652379534,-20.635281163611516,-57.630659651248045,-4.0606111828375155,-24.104044669880814,-1.1702460347600738,-15.743882028700046,35.51431442820192,-27.622428139440977,-24.573247034342376,-71.17727657995113
-1.053494958474916,-5.5560768233677535,-1.1453888266910344,-0.6617382253357261,5.950667344037581,3.9106267485865365,-0.4686316138723114,-0.43012523232322536,-8.384883002620912,4.329481411733022,0.6984339021117131,-4.629828657002048,1.1047196033387174,-5.670577582322133,-0.35110963403934803,3.303662174853213,1.7941169575249154,-3.5283640859368237,-1.9191177373467232,3.3188936542563647,-1.3468839771995933,6.16417775033606,-2.5362170451443675,5.890814639388047,-1.9391958759532848,-0.18432282028752328,-2.0519230273194644,-1.767433819834487,5.1369899907150405,4.134241715197885,-3.701447910696334,-4.878692640942105,-1.4598509865817586,2.6969626171250414,6.159986004516366,4.686747667774069,1.9426614760148544,-0.5540979439070787,4.5989355245340695,-4.083915038427228,0.8061957483697181,-0.1344385953181979,-0.522119439906684,-4.439538528363611,2.253344118834037,3.9718252606855153,-1.3505119012839244,-4.634838990421841,-0.6623171823241519,-2.161505608023109,-0.19424851948246574,-1.5913381697660465,2.460264638327603,-2.2462853406161716,-2.2804578953373755,-4.878718385140937
11.080565536532882,60.542037889257905,9.576588172170219,7.898749019211213,-59.78252787495095,-39.738770242856404,5.615969945921723,-0.5000846691493588,94.50704133342741,-52.56879893420862,-4.629828657002048,47.24783536713678,-11.732622632297439,66.3399052846962,3.5576998961064605,-31.96520766598344,-20.23419566398029,39.68807919662397,19.860664049082267,-35.74851792696764,14.711599017508721,-68.12347430149482,30.305531445004817,-66.53605811676047,26.09166236228329,1.0275349785317252,19.579474388932336,22.28872878251925,-59.95184356659019,-52.26903166450961,40.70806224510716,55.33644362143343,21.284260308267395,-33.1752499240072,-73.87973701757821,-54.187066919316266,-20.94188753147046,12.489691172491975,-47.56993431088464,46.09912616269117,-7.173714939905524,4.067289024253665,4.344254029194281,51.10225720943932,-24.989033765996478,-46.22620501186209,17.181619817171935,50.18372507876468,4.398063241587195,21.782313887503662,1.5094904208305802,14.732209810547989,-29.993491032603036,24.37372790882474,22.37599676599818,59.52604094372794
-2.783593193106226,-15.028495233711444,-2.387271671530807,-2.011586016322187,14.846055357179125,9.856363044225642,-1.3850495618960925,0.12534517734522985,-23.479802120828978,13.123893336589369,1.1047196033387174,-11.732622632297439,2.9516871501921877,-16.481541975524028,-0.8764031870485397,7.872014893590458,5.045002799439296,-9.905073287694242,-4.968159098384165,8.85212554631494,-3.652074850477516,16.93928060998462,-7.589368698819286,16.56070625337202,-6.534668890030535,-0.25865614966611783,-4.874804717192922,-5.523488499427494,14.874504987305125,13.010335716738266,-10.133128998576932,-13.696595190555554,-5.386441686745361,8.229700256923756,18.36923901460857,13.41382554464801,5.179945982621754,-3.127138877101262,11.857591861346672,-11.48441755537022,1.8144574550513948,-0.988034578690265,-1.0503833454135605,-12.688054311890829,6.191594045731824,11.455782372799815,-4.280849915265676,-12.430165450720398,-1.056380510849125,-5.4571982728789505,-0.4025421679452497,-3.684479271966417,7.499995621974519,-6.08756913762001,-5.582845095072576,-14.845937187815075
15.548976768060987,87.54691698657925,12.518795703629289,11.581049169446736,-84.1865791090664,-56.4774229155775,8.1928349992110725,-2.933575461662819,137.43519124768787,-78.177044927051,-5.670577582322133,66.3399052846962,-16.481541975524028,98.01600095373252,4.9925250040737925,-44.786904992299114,-29.77728242986627,57.462445465416344,28.015176035011653,-51.391332813586054,21.077175249061938,-98.71613943849955,44.41065960731252,-97.25922032644128,39.64677753869719,0.7736894702856595,26.6416317136014,33.655012698420165,-88.37800130599997,-78.31037900455695,58.53634808259927,81.36643420145904,32.24967084285088,-49.82960684238279,-109.61051260346761,-80.11164006804498,-30.104510599229116,21.10677940092161,-67.09658832429822,67.08480835044757,-9.447293205907568,7.220072865949543,6.125020276122659,75.27811710315557,-36.82394376405843,-68.52011375913395,25.791705486342988,72.52890482116683,5.316556174368992,30.35122753763796,1.4994863234084506,19.928878916794538,-44.40228356537642,34.71989518578991,31.008717625221227,88.97764388934564
0.8286090052689395,4.5542384621031085,0.7138711341685435,0.5833203458755105,-4.486556030984838,-2.9813796296262383,0.4285210005593006,-0.04699574228524322,7.119232540285664,-3.9473463432855382,-0.35110963403934803,3.5576998961064605,-0.8764031870485397,4.9925250040737925,0.2702978957441444,-2.4083568206075583,-1.5119384516541128,2.980617001614514,1.4864935700130784,-2.6960812333391058,1.1112005103065603,-5.119851754384067,2.275692357442929,-4.996938006139014,1.9607288320156742,0.07934129066073743,1.470918486196362,1.683557385247168,-4.520265314719309,-3.941947682921925,3.063051792292278,4.170574707169343,1.5964642716223194,-2.5017696043124906,-5.564965168525506,-4.086539266592137,-1.579728806512646,0.9417910847849005,-3.5695747070168675,3.4636284060035574,-0.5315213372892443,0.31428013114448894,0.32531187815565077,3.8452604602387455,-1.8753293077536726,-3.4807280005525953,1.2948431366566702,3.781135315361517,0.33258361864430236,1.6269378838526452,0.11111031060725962,1.0974661595201591,-2.2534226818510708,1.8307228690939907,1.6754605162982061,4.468999802518928
-7.444212295824431,-40.99375822335312,-6.566714614012752,-5.287645578123631,40.64229994466506,27.070028624354414,-3.751517764710833,0.1507500055588725,-63.74602392187427,35.35457526387729,3.303662174853213,-31.96520766598344,7.872014893590458,-44.786904992299114,-2.4083568206075583,21.867373566585805,13.730628234483076,-26.717994759157072,-13.419908690874957,24.19667952566012,-9.908147497121515,46.050313658441496,-20.28915131673626,44.97043172582675,-17.42981303637527,-0.6639294257714081,-13.24848377767591,-15.01041415519865,40.44611822012154,35.044515921944196,-27.436521761949987,-37.491518535626646,-14.017020233721771,22.375962952110292,49.74824481420378,36.674646010334435,14.178333357094631,-8.27781230339411,32.15990032551588,-31.092851989108997,4.855865213081866,-2.7099296925330467,-3.0876108235178696,-34.551164756752804,17.020948704055204,31.292989120340227,-11.517342148538171,-34.01401685528951,-3.1209297751938534,-14.721269985967679,-0.9463814367322482,-10.016503191157735,20.108930353790647,-16.394222270076767,-15.17069186963478,-40.103075038066045
-4.761439131459489,-26.691967259873525,-3.9202472330364624,-3.577532518122923,25.837284259666955,17.347835917237255,-2.437091473187333,0.7156786290594941,-41.72829904218625,23.76030272408775,1.7941169575249154,-20.23419566398029,5.045002799439296,-29.77728242986627,-1.5119384516541128,13.730628234483076,9.137775749328965,-17.49307684612584,-8.602364464223918,15.620303783866014,-6.386656783004444,30.08232632475485,-13.471896152331306,29.66138650083332,-11.986249656028843,-0.22388651919133812,-8.159467545499743,-10.161355715568002,26.790601480870247,23.626490866265154,-17.798378237634083,-24.73369192386036,-9.688871722975524,15.092767015910798,33.21976365886529,24.323400676647843,9.13823049203239,-6.311785731954264,20.528193463674405,-20.427858727531135,2.9557712826600926,-2.111070920358475,-1.9369505682633137,-22.90068280408296,11.281287697841917,20.828088735809718,-7.787847221650043,-22.091130314707506,-1.6820139016641993,-9.338757617686786,-0.45394214237042807,-6.172215917346024,13.468869896319625,-10.571882886366778,-9.540504783090302,-27.068620765248294
9.343876802856192,51.74093934312615,7.715441909863657,6.866171302023728,-50.278809612414456,-33.58413039196208,4.822400170330057,-1.2322681056672922,81.09345201417187,-45.79650220273236,-3.5283640859368237,39.68807919662397,-9.905073287694242,57.462445465416344,2.980617001614514,-26.717994759157072,-17.49307684612584,34.01813067998086,16.76815567825111,-30.42346144443694,12.511398850368035,-58.33087190838717,26.205162505078423,-57.28813159283273,23.065536188144627,0.6347628383634507,16.15920880256029,19.552428900465625,-51.84258440277544,-45.713428839349476,34.71902737486111,47.72362725267881,18.865297228319267,-29.013982692959946,-64.18613419177845,-46.89367358028851,-17.814661823430892,11.80047800515206,-40.114429487336515,39.604622763571165,-5.838957935357202,3.9326509793821796,3.6100110426345653,44.1703683913226,-21.574459993814923,-40.07782338582472,15.0489885042191,42.84316848401181,3.3361370383868945,18.265490171385192,1.0867277933559787,12.126661153899198,-26.078867858882315,20.69695223390207,18.674202897485024,51.99391334225911
4.691775887187216,25.539899048918674,4.057175647155535,3.4032325559245153,-25.230317303098907,-16.7924155025831,2.3291739700844363,-0.19267444436303593,39.809514611245504,-22.278852171999635,-1.9191177373467232,19.860664049082267,-4.968159098384165,28.015176035011653,1.4864935700130784,-13.419908690874957,-8.602364464223918,16.76815567825111,8.418324304514096,-15.020747148406073,6.178692930755051,-28.750317135030734,12.816973291009269,-28.15067754226278,11.07217062808866,0.39974613098330175,8.221274579458118,9.396826220626995,-25.262817265758365,-22.03720183702446,17.149300724067356,23.323520115755795,9.02792060462548,-14.013060245166336,-31.18587854784019,-22.84676192709994,-8.781264543473707,5.348717314254924,-20.07589359381633,19.478882035599838,-3.060665754207434,1.705039618331021,1.8489381556264728,21.58710065144939,-10.593842384713605,-19.514421885651853,7.253877762862704,21.138850507572787,1.8234183150113241,9.226844554642762,0.6246239908901972,6.225878021966596,-12.69722159592731,10.278515211976313,9.457496989522154,25.251911121999992
-8.356964963831835,-46.428458745082644,-6.994755649842729,-6.053646938430428,45.26447028417833,30.218414989504637,-4.341712545416625,0.9529251772461456,-72.68309951789489,40.798158237869636,3.3188936542563647,-35.74851792696764,8.85212554631494,-51.391332813586054,-2.6960812333391058,24.19667952566012,15.620303783866014,-30.42346144443694,-15.020747148406073,27.36707869974548,-11.239337125431573,52.28164158838604,-23.351348484945877,51.24537028374961,-20.45018390757725,-0.6158796768458189,-14.596321458667598,-17.460695233894597,46.41686549389184,40.76808905100744,-31.130321573339334,-42.80368972050586,-16.638057270449107,25.909122290278574,57.344298464260824,42.02029950653149,16.04207367182087,-10.31396331383265,36.02606684530387,-35.43264221965551,5.2392011725116054,-3.4713653914473555,-3.297679470955426,-39.53027151964662,19.327121631834924,35.88137374938804,-13.408484737398675,-38.49533687394652,-3.132228608614514,-16.379542225920954,-0.9764763641988323,-10.935785775120035,23.225251631401314,-18.543518942421436,-16.798052299201057,-46.31114879550156
3.44706789758774,19.050038663224512,2.873809079323614,2.4876614196680396,-18.572740130339533,-12.377946220783324,1.7941114648336725,-0.3948638546036674,29.865105155759462,-16.748408523677394,-1.3468839771995933,14.711599017508721,-3.652074850477516,21.077175249061938,1.1112005103065603,-9.908147497121515,-6.386656783004444,12.511398850368035,6.178692930755051,-11.239337125431573,4.629671694981236,-21.45946321547534,9.6169172300223,-21.020892473677105,8.406106141078642,0.2732153963711204,6.019263730560288,7.160015434999397,-19.051758868917446,-16.756208022662918,12.805617205388382,17.537620243393967,6.8799834736702286,-10.620319990524171,-23.541402280969194,-17.219664124633134,-6.586147639497739,4.2180575124867365,-14.81768321157255,14.553755943234101,-2.162907695166575,1.4149767757823466,1.325018695603277,16.206302396258124,-7.8943440865023495,-14.6949863009939,5.5104090780642485,15.792674191677943,1.2750940255031527,6.740168938026183,0.426785866930264,4.4949065862639825,-9.552044032770533,7.639081064046072,6.908541830154118,18.988911557382355
-15.985937459997379,-88.91257487003867,-13.262128271218486,-11.734060602020897,86.43088515073933,57.78803848429596,-8.26377633316589,2.0679221963019634,-139.21302303224078,78.56305624216792,6.16417775033606,-68.12347430149482,16.93928060998462,-98.71613943849955,-5.119851754384067,46.050313658441496,30.08232632475485,-58.33087190838717,-28.750317135030734,52.28164158838604,-21.45946321547534,100.18225906590527,-44.86444252249179,98.39540512372498,-39.50678690064611,-1.048731500544506,-27.706904784326625,-33.59554805621368,89.05004416748122,78.4001356397094,-59.55755862606443,-82.0882835512222,-32.1549451895776,49.858959078374156,110.18931915468224,80.64512776186616,30.623444406943115,-20.234445905708068,68.82269151172639,-67.96904970032155,9.983145876811351,-6.7811666887084145,-6.304946170133147,-75.9096632692678,37.16201326620807,68.9284635551771,-25.806356755015717,-73.6575768469131,-5.81246202530605,-31.306752082342747,-1.7854993613433428,-20.812084672508995,44.68531488084778,-35.461106708800706,-32.04426687370147,-89.2586079802486
7.153294258273184,39.74792036167341,5.753664342880957,5.309687839434979,-38.322580150244335,-25.62575014263342,3.7383928399357336,-1.2558911893912854,62.48880445265749,-35.49455883190076,-2.5362170451443675,30.305531445004817,-7.589368698819286,44.41065960731252,2.275692357442929,-20.28915131673626,-13.471896152331306,26.205162505078423,12.816973291009269,-23.351348484945877,9.6169172300223,-44.86444252249179,20.287870030719994,-44.14246258728464,18.010158656773942,0.4324106742226913,12.251544953841194,15.201357551253594,-40.06499653363578,-35.54794122180886,26.69596685780629,36.79188735347616,14.80883525474386,-22.513537482738183,-49.7093739244229,-36.211044892380585,-13.674562624700219,9.44403318425782,-30.66492533180862,30.517331191293987,-4.387737326396137,3.1774400968578664,2.691832784011934,34.09180198593552,-16.59475881433472,-30.96104892496072,11.707180603201126,32.89678364453906,2.3977753182971275,13.92317485207175,0.7995861019368935,9.157813092907217,-20.220871761553767,15.894024568422465,14.197717576232158,40.31033014272022
-15.629302022381284,-87.30622665723084,-12.839756615328755,-11.58817994010034,84.54120509625464,56.62608419231949,-8.092759491156292,2.3373453380958744,-136.749708448559,77.52676747898862,5.890814639388047,-66.53605811676047,16.56070625337202,-97.25922032644128,-4.996938006139014,44.97043172582675,29.66138650083332,-57.28813159283273,-28.15067754226278,51.24537028374961,-21.020892473677105,98.39540512372498,-44.14246258728464,96.82908145927675,-39.11436816252915,-0.8927503844691169,-26.917165750748808,-33.198973693997786,87.66799927473278,77.35852927674156,-58.398781488312494,-80.80037884699244,-31.79175270740826,49.25451374449471,108.61518025706583,79.45415389310953,29.997443418622428,-20.385968451634223,67.31604340249314,-66.81474213393577,9.68511391794108,-6.858428311809372,-6.195560461257996,-74.76816383134334,36.644095634878404,67.94799504904468,-25.478731969096508,-72.30639434892966,-5.5396720652480385,-30.583352818033234,-1.6278884598119618,-20.224305105051403,44.049615794004154,-34.723210154815526,-31.27171321828879,-88.17647042312386
6.155663557869483,34.95410547363313,4.680966084089504,4.7114440601269845,-33.052073716228726,-22.24901374679874,3.3107839371276837,-1.7353003790408157,55.17814685196615,-31.829633232646245,-1.9391958759532848,26.09166236228329,-6.534668890030535,39.64677753869719,1.9607288320156742,-17.42981303637527,-11.986249656028843,23.065536188144627,11.07217062808866,-20.45018390757725,8.406106141078642,-39.50678690064611,18.010158656773942,-39.11436816252915,16.38729029626003,0.17967673770876336,10.298408939909022,13.77652440312119,-35.716647795126924,-32.041548919923514,23.384351241151148,32.737219130416534,13.44422866406805,-20.330957125788633,-44.50949292661598,-32.34679496032285,-11.971527094202042,9.177112076687962,-26.484416670932053,26.956962869495396,-3.5948987838801747,3.1793916074286255,2.320795855949825,30.373428028368654,-14.785264914306655,-27.70080561230422,10.566410050692996,28.921446559055276,1.8113534673947844,11.913941957903006,0.5084611636039108,7.6536647744851765,-18.0782120983295,13.828374648351085,12.101004172829258,36.27438903898747
0.2443044372767803,0.9444509759496565,0.3071775912151978,0.09624836681945688,-1.2020927079664476,-0.7130044594202984,0.09842260469466198,0.24694924373296973,1.4351314873348213,-0.5513367728538449,-0.18432282028752328,1.0275349785317252,-0.25865614966611783,0.7736894702856595,0.07934129066073743,-0.6639294257714081,-0.22388651919133812,0.6347628383634507,0.39974613098330175,-0.6158796768458189,0.2732153963711204,-1.048731500544506,0.4324106742226913,-0.8927503844691169,0.17967673770876336,0.12707100238647676,0.5427115185783489,0.17338366174638778,-0.7452425167480429,-0.521926070817136,0.711640544036604,0.6824901885572158,0.2017851726680493,-0.27968955517872335,-0.8291975820244606,-0.614597790076794,-0.36570849092237817,-0.20090542938903674,-0.9785517309950876,0.678895994768006,-0.22805863006030405,-0.10593283441223125,0.054803113615464936,0.6136576245087272,-0.2633301500258881,-0.49380802203079704,0.16264700957602865,0.7887052160076792,0.18818826936126407,0.4909753635064886,0.13455956632293783,0.4054730889398452,-0.35809045437280407,0.4745241151354925,0.5221598844211723,0.5424572459382558
4.604762074273706,24.645145670322208,4.137934527450777,3.2066871479188754,-24.742198920374545,-16.35389748927511,2.267286074439213,0.1898723202157204,38.33380787981775,-21.04145695546779,-2.0519230273194644,19.579474388932336,-4.874804717192922,26.6416317136014,1.470918486196362,-13.24848377767591,-8.159467545499743,16.15920880256029,8.221274579458118,-14.596321458667598,6.019263730560288,-27.706904784326625,12.251544953841194,-26.917165750748808,10.298408939909022,0.5427115185783489,8.268904808538194,8.815817954533866,-24.100225056346943,-20.80045180849372,16.635370099743902,22.275646372557038,8.43306010043612,-13.172259124809193,-29.588486601775823,-21.733844870933243,-8.550841509875166,4.55216321766378,-19.679131483240674,18.704000693431773,-3.0955147817379536,1.4091841934855311,1.790147456681083,20.55959116749728,-10.051976079909473,-18.517637563998086,6.830013768353342,20.424341895654862,1.964070163469241,9.088478755262894,0.7430563219147225,6.254351915940759,-12.042581129591566,10.024913722884273,9.356974893930024,23.743218583602186
5.208503105042004,29.76829714074736,4.0281042464093355,3.928255621066618,-28.240771182659927,-19.011243719400305,2.826228333423226,-1.3780911887546075,46.91545392166389,-26.89463313029353,-1.767433819834487,22.28872878251925,-5.523488499427494,33.655012698420165,1.683557385247168,-15.01041415519865,-10.161355715568002,19.552428900465625,9.396826220626995,-17.460695233894597,7.160015434999397,-33.59554805621368,15.201357551253594,-33.198973693997786,13.77652440312119,0.17338366174638778,8.815817954533866,11.68334080755332,-30.351466883470366,-27.105797827188894,19.878791167119694,27.888219927432342,11.214611343094452,-17.240354863959507,-37.73214405100005,-27.529268861976327,-10.234321616610426,7.638933590269851,-22.546555851926527,22.872554562210837,-3.0472421235033003,2.680838120866866,2.0328412721136173,25.804861806450187,-12.588524541920313,-23.555106047950655,8.930106158382666,24.671780291710668,1.6449513769446138,10.117845697490784,0.41569636521520476,6.541384787827146,-15.259948939301854,11.736201044320689,10.317828959449002,30.659251229355725
-14.032948499372818,-78.97944050869128,-11.294812425302707,-10.396793470054169,75.95748803645229,50.91971749916352,-7.430420960530981,2.6454100298172016,-124.05742724295432,70.4412666313227,5.1369899907150405,-59.95184356659019,14.874504987305125,-88.37800130599997,-4.520265314719309,40.44611822012154,26.790601480870247,-51.84258440277544,-25.262817265758365,46.41686549389184,-19.051758868917446,89.05004416748122,-40.06499653363578,87.66799927473278,-35.716647795126924,-0.7452425167480429,-24.100225056346943,-30.351466883470366,79.7422105263723,70.6579834493997,-52.854173267646296,-73.38747875078677,-29.089005458826136,44.917719825026175,98.85830221011244,72.25006569106151,27.201115955414377,-18.94835245620232,60.56651967406987,-60.505378225000115,8.515720321495785,-6.504011556897453,-5.492209122118298,-67.86797013502716,33.14716151673501,61.768446496312436,-23.263275004124942,-65.45325404707344,-4.819914794397231,-27.377370108689604,-1.3879815547802676,-17.985988910161225,40.03491369243263,-31.353633307717754,-27.98460126998567,-80.13367485890075
-12.26073618828202,-69.43191596880726,-9.521045777729976,-9.197615735186705,66.07314588263162,44.36946659473476,-6.6122833384134,3.0424433386278107,-109.48920970041542,62.61428053358753,4.134241715197885,-52.26903166450961,13.010335716738266,-78.31037900455695,-3.941947682921925,35.044515921944196,23.626490866265154,-45.713428839349476,-22.03720183702446,40.76808905100744,-16.756208022662918,78.4001356397094,-35.54794122180886,77.35852927674156,-32.041548919923514,-0.521926070817136,-20.80045180849372,-27.105797827188894,70.6579834493997,63.0933298276609,-46.503512770632376,-64.84085208679281,-26.24967905900006,40.0102283998939,87.81933569840412,63.96753810903022,23.89938814280869,-17.5213717200206,52.86550230959172,-53.38425495881807,7.2409013544987175,-6.08939165466545,-4.656662861598078,-60.03432985599731,29.200316201990056,54.71737954224705,-20.78128459405558,-57.51532047727239,-3.872503971069048,-23.791072426157633,-1.1226357308554278,-15.436618977206692,35.5976537787513,-27.528774652907046,-24.24235449245371,-71.266886828198
9.561177715494885,52.852558872728906,7.96276406531218,6.958149227142382,-51.509253925180055,-34.363554864443245,4.941021020205386,-1.1138220581568326,82.80302698168573,-46.56618019499421,-3.701447910696334,40.70806224510716,-10.133128998576932,58.53634808259927,3.063051792292278,-27.436521761949987,-17.798378237634083,34.71902737486111,17.149300724067356,-31.130321573339334,12.805617205388382,-59.55755862606443,26.69596685780629,-58.398781488312494,23.384351241151148,0.711640544036604,16.635370099743902,19.878791167119694,-52.854173267646296,-46.503512770632376,35.4910010049783,48.67516780299997,19.120594820228483,-29.502048083189855,-65.35658903416538,-47.79456267372723,-18.23855650898851,11.800488060167693,-41.076959325351666,40.4015885889496,-6.004397905575329,3.9346158887558063,3.6983469937463513,45.00998555111249,-21.970271300818343,-40.82212846118028,15.300201594816706,43.78697650446791,3.50319818776994,18.70772828476077,1.1557057156734662,12.470970669579378,-26.53397725361574,21.170054058374994,19.153254145068782,52.82982371606073
12.9286646745738,72.85394910548726,10.528563454731557,9.565998519573771,-70.26254797267802,-47.12418639702938,6.805128523149234,-2.226990645845848,114.22521612080342,-64.7688832292917,-4.878692640942105,55.33644362143343,-13.696595190555554,81.36643420145904,4.170574707169343,-37.491518535626646,-24.73369192386036,47.72362725267881,23.323520115755795,-42.80368972050586,17.537620243393967,-82.0882835512222,36.79188735347616,-80.80037884699244,32.737219130416534,0.6824901885572158,22.275646372557038,27.888219927432342,-73.38747875078677,-64.84085208679281,48.67516780299997,67.65406314252448,26.530304605878264,-41.31203096805882,-90.90922090355977,-66.5665021094046,-25.080587891216865,17.27041924709917,-55.901393851139815,55.725849337437396,-7.899440047621473,5.916948814281955,5.1743463287846865,62.52790132268473,-30.633580089454515,-56.914553662168565,21.347882902365008,60.391296735402555,4.570370145595023,25.290023714100354,1.2517105171144816,16.673084838106156,-36.7719520456817,28.867536388664323,25.88316949737422,73.71873428396543
5.063522354196235,28.38748898913159,3.7644790403022466,3.8653861969962153,-26.769969751011814,-17.953491521890808,2.7380778659683944,-1.5134178048676479,45.017142496047754,-25.97627959647108,-1.4598509865817586,21.284260308267395,-5.386441686745361,32.24967084285088,1.5964642716223194,-14.017020233721771,-9.688871722975524,18.865297228319267,9.02792060462548,-16.638057270449107,6.8799834736702286,-32.1549451895776,14.80883525474386,-31.79175270740826,13.44422866406805,0.2017851726680493,8.43306010043612,11.214611343094452,-29.089005458826136,-26.24967905900006,19.120594820228483,26.530304605878264,11.217929096095716,-16.52203622949176,-36.30098901695234,-26.226547556026063,-9.747111686263063,7.494292398090302,-21.606902998992414,21.983430244460784,-2.9419079827442762,2.576108307998314,1.7550762151775197,24.663586995062133,-11.888478888931052,-22.45253102040761,8.65391540073873,23.460011740183656,1.3809336204875147,9.733993857350105,0.5068316115595353,6.232540782435423,-14.817514411021392,11.346606006714207,9.848771886564407,29.520792436833826
-7.7631289944284285,-44.19605130064001,-6.086568360037988,-5.850410804829138,42.10195945036568,28.32775852754768,-4.162415516992142,1.867270766060587,-69.53594751651053,39.81070040893832,2.6969626171250414,-33.1752499240072,8.229700256923756,-49.82960684238279,-2.5017696043124906,22.375962952110292,15.092767015910798,-29.013982692959946,-14.013060245166336,25.909122290278574,-10.620319990524171,49.858959078374156,-22.513537482738183,49.25451374449471,-20.330957125788633,-0.27968955517872335,-13.172259124809193,-17.240354863959507,44.917719825026175,40.0102283998939,-29.502048083189855,-41.31203096805882,-16.52203622949176,25.475348011978298,55.81212529399692,40.75234732282201,15.176655227835854,-11.164249272528755,33.57782697323385,-33.9295653066346,4.6009358657221435,-3.8834243054001174,-3.059298274865903,-38.23212206512428,18.689390425529076,34.871359862512264,-13.183531899659533,-36.620863069848355,-2.513302819033072,-15.109798882149788,-0.6419916437812,-9.80993571344109,22.58383748813803,-17.438707097073447,-15.416560722721147,-45.37938276140973
-17.324536693596418,-97.67840918077073,-13.790199124514087,-12.930711699469276,93.62205539813694,62.819216264515575,-9.195084661282111,3.589625008891557,-153.57125604969337,87.5037680995704,6.159986004516366,-73.87973701757821,18.36923901460857,-109.61051260346761,-5.564965168525506,49.74824481420378,33.21976365886529,-64.18613419177845,-31.18587854784019,57.344298464260824,-23.541402280969194,110.18931915468224,-49.7093739244229,108.61518025706583,-44.50949292661598,-0.8291975820244606,-29.588486601775823,-37.73214405100005,98.85830221011244,87.81933569840412,-65.35658903416538,-90.90922090355977,-36.30098901695234,55.81212529399692,122.69518926124772,89.56690095688293,33.595882796749436,-23.896073019269892,74.72110800634451,-74.93494771758435,10.436233088485224,-8.213954707280756,-6.735515540353094,-84.13328364990714,41.07207925357219,76.60469148452586,-28.924554822205103,-80.91893295497779,-5.774808713148812,-33.74756034443766,-1.651970034353709,-22.071881459135998,49.7213613334979,-38.74573573672103,-34.44936219060538,-99.58681130254749
-12.660811891489885,-71.55560598950736,-10.213125615425676,-9.407732413149667,68.78799173555818,46.17355383963016,-6.700785894242284,2.4052380840652736,-112.29233934348242,63.82446863679139,4.686747667774069,-54.187066919316266,13.41382554464801,-80.11164006804498,-4.086539266592137,36.674646010334435,24.323400676647843,-46.89367358028851,-22.84676192709994,42.02029950653149,-17.219664124633134,80.64512776186616,-36.211044892380585,79.45415389310953,-32.34679496032285,-0.614597790076794,-21.733844870933243,-27.529268861976327,72.25006569106151,63.96753810903022,-47.79456267372723,-66.5665021094046,-26.226547556026063,40.75234732282201,89.56690095688293,65.54218495162748,24.61863973031866,-17.250532250953274,54.75877402717255,-54.78004424691807,7.674111923152903,-5.9396556312287725,-5.050893984059533,-61.53937263284508,30.13136391233328,56.04603004586426,-21.06447210038048,-59.31369035963206,-4.38395141246222,-24.734174962701147,-1.1767952200409477,-16.240749731150338,36.22779065151238,-28.318346092121427,-25.2983111901986,-72.67345633831724
-4.88856789726414,-27.190650472468683,-4.082558746571748,-3.5304871900653447,26.493748564288303,17.684000860505687,-2.553472247958181,0.5787374790516849,-42.58947435943826,23.881226225097805,1.9426614760148544,-20.94188753147046,5.179945982621754,-30.104510599229116,-1.579728806512646,14.178333357094631,9.13823049203239,-17.814661823430892,-8.781264543473707,16.04207367182087,-6.586147639497739,30.623444406943115,-13.674562624700219,29.997443418622428,-11.971527094202042,-0.36570849092237817,-8.550841509875166,-10.234321616610426,27.201115955414377,23.89938814280869,-18.23855650898851,-25.080587891216865,-9.747111686263063,15.176655227835854,33.595882796749436,24.61863973031866,9.412098275166729,-6.033786325696134,21.089544318668082,-20.747973516516318,3.0537773604067957,-2.0404148774262074,-1.9229315513647978,-23.150908613538885,11.308136703319061,21.02124919850398,-7.857642190497796,-22.549262913286714,-1.8341049085673355,-9.579996011919615,-0.5743340845747584,-6.400805755634447,13.597777822513278,-10.860783656082694,-9.825667658125859,-27.102409924791115
