V1,V2,V3,V4,V5,V6,V7,V8,V9,V10,V11,V12,V13,V14,V15,V16,V17,V18,V19,V20,V21,V22,V23,V24,V25,V26,V27,V28,V29,V30,V31,V32,V33,V34,V35,V36,V37,V38,V39,V40,V41,V42,V43,V44,V45,V46,V47,V48,V49,V50,V51,V52,V53,V54,V55,V56
1.0979147565620968,6.0142343883915315,0.9462732184608009,0.9052005032193147,-5.903023656000936,-3.997312419291329,0.4762262438707176,-0.06432462601167235,9.255065766951178,-5.439536993180559,-0.39622926349850207,4.474769608366491,-1.161425775405576,6.699269241291407,0.3206780139586818,-3.0528015785544107,-2.160037514866145,3.9540887562033373,2.008301433683157,-3.428261411846493,1.3901254612294904,-6.780103655876364,3.037664329953174,-6.782114900658984,2.732569064217037,0.0033118618577551847,1.803130008112673,2.24366456800626,-5.9396942226771445,-5.1998129469747205,3.956585660866087,5.522857628259573,2.1689782329619143,-3.384495409968486,-7.423773233839972,-5.430539189946478,-1.9771794880738038,1.4690076274787802,-4.6571963304040676,4.625301862148655,-0.7350735394879694,0.4299069274229001,0.4898076828280839,5.1754244793961846,-2.630235418775664,-4.686027843300205,1.7286056430871959,4.9348946810199426,0.370006964977015,2.1775136530393886,0.08090725326237894,1.436536747008335,-3.054089913723715,2.365922653885486,2.2034021219272963,6.239814833297862
6.0142343883915315,33.479897714996106,4.963031566504347,4.4884878983966034,-32.47463881038469,-21.75608120837599,3.074092291179245,-0.837433895270135,52.382059629493575,-29.75314991343205,-2.2581700190648366,25.506000286290117,-6.372455229494246,37.273463599783156,1.9092849783828378,-17.232782736247056,-11.410253782973854,21.98300539225836,10.835942429401685,-19.616739077342025,8.045333041576995,-37.73623223685064,16.93535432045041,-37.16566100021988,15.002427300751025,0.33331701392697616,10.32961951988224,12.69729526732039,-33.563830822848885,-29.597789255647616,22.38386333783159,30.944497300572767,12.190889370953725,-18.861410399254247,-41.60548184736764,-30.424732943626797,-11.471263316667883,7.808002182518887,-25.85346322974555,25.633809485858276,-3.7558807118355135,2.594971900791245,2.391612623912066,28.663429655602922,-14.07503181471693,-26.032237801968893,9.75399010287121,27.707369940402526,2.1251329095073648,11.776896801707753,0.6290276440501852,7.792002730270133,-16.8990484550322,13.322480331460397,12.031641460072713,33.848484281172816
0.9462732184608009,4.963031566504347,0.9094836702210048,0.980254094940306,-5.033613545221845,-3.5093270944943336,0.21301380323304442,0.14958262042607992,7.270376488278837,-4.71350953447795,-0.30514066397059814,3.437032376235351,-0.9963721080784493,5.5379730021343,0.21196477830905158,-2.4178501887351733,-2.043657381351698,3.273617314332936,1.8023992035767356,-2.602367954220039,1.016471084741123,-5.596889379562027,2.494517976275906,-5.847368289809871,2.3443345084470257,-0.13215978049953456,1.361567672024455,1.7647331762054068,-4.690569691798987,-4.014428673136453,3.1110885268236097,4.474421513615785,1.7383663984879487,-2.786147432262956,-6.008890046436861,-4.401373180326917,-1.4334122363839956,1.3721009368993955,-3.8710263404476897,3.8646623139730107,-0.7482614130737938,0.2707674564121807,0.5477623661858656,4.334608036657683,-2.413015582052632,-3.891650360273966,1.3709149723331882,3.972736558327087,0.27763400957280837,1.9413071973807599,-0.010888056881861497,1.27020369353457,-2.563400469788531,1.8860657277583626,1.916204868882983,5.52807218675784
0.9052005032193147,4.4884878983966034,0.980254094940306,1.3329497358825948,-4.715913751274196,-3.5022997863597713,-0.13642317504383383,0.37499056822841426,5.946744863874186,-4.817097994828647,-0.16814661769769246,2.5162548859606195,-0.9465892695651911,5.154649727651464,0.08410880473504134,-1.9055979668250616,-2.3652456872146277,2.990840970900017,1.8592597116663698,-1.914299978682335,0.6655859152232235,-5.081937273149193,2.276764601570921,-5.819512260072248,2.407706956387103,-0.411433391990399,0.8985069722203333,1.520843315898207,-3.953735666822862,-3.2895826923511042,2.512756788976945,3.970471940574648,1.57835495450049,-2.6186172076564986,-5.389340159732045,-3.934523855496692,-0.918275634192617,1.7230259093131062,-3.4554829439206936,3.6139180977512284,-0.8857735952999414,0.167989267461597,0.7475628974918456,4.121972173114124,-2.670593845663783,-3.6648786025947047,1.1964045667298249,3.403042979044626,0.1325001112299923,1.9588752567464127,-0.19119849710138823,1.2261936289065827,-2.466417737988901,1.5557891005111593,1.8352425098587566,5.88255773006467
-5.903023656000936,-32.47463881038469,-5.033613545221845,-4.715913751274196,31.786127001077325,21.446893634870115,-2.6993279499788803,0.4642271551324642,-50.22408510868894,29.179101607525972,2.1710082406739675,-24.368165599133146,6.247333258913774,-36.13992717079074,-1.7713406789660502,16.578750534009572,11.469595270778578,-21.338133354021384,-10.746502360641397,18.678126182949864,-7.601488906453511,36.60421107135918,-16.39864375412626,36.42618188806835,-14.663049951776108,-0.12242228142308408,-9.845832560310383,-12.159747914787776,32.202005577288745,28.237527498904065,-21.475644966832952,-29.86693200748876,-11.72239311767275,18.257174399743665,40.132432469742575,29.360847192828388,10.820894398590845,-7.7784190184999655,25.144534910020013,-24.93254578879512,3.877144355836522,-2.3661206895018174,-2.546615369233205,-27.882659210410207,14.022059679935257,25.266067016485533,-9.360464195039397,-26.71993857690371,-2.033183046686672,-11.665438452013298,-0.4985529245108102,-7.711601446150783,16.443326735033054,-12.826017913024275,-11.842346950720232,-33.38175194351604
-3.997312419291329,-21.75608120837599,-3.5093270944943336,-3.5022997863597713,21.446893634870115,14.63427747064429,-1.5525863262719424,0.10002493232308872,-33.15024587452003,19.95176667295116,1.3837863447513346,-15.888139439853456,4.224776705093512,-24.301026242556063,-1.1052603194237507,10.90667009586831,8.07825442383572,-14.316251315834851,-7.384230061433235,12.176479107453224,-4.898100337355818,24.53478537785506,-10.993553521559795,24.80243223640622,-10.023232280818153,0.1365333677756842,-6.356155737786862,-8.072354067065287,21.33105585551033,18.621090048502356,-14.156783253124296,-19.936008343261147,-7.83831390736855,12.287404447929685,26.819350385463142,19.615888673136183,6.958337245706535,-5.550316467809284,16.827582453113756,-16.78940175419575,2.7691068917951194,-1.511278817401326,-1.9044141288177172,-18.820693137629778,9.765359123912091,17.02113147126057,-6.2261480791332655,-17.7549124214318,-1.2829711498749123,-7.984017503836046,-0.2000412501485453,-5.240620376729947,11.117779860662578,-8.481067039292945,-8.02731441217354,-23.01425641902843
0.4762262438707176,3.074092291179245,0.21301380323304442,-0.13642317504383383,-2.6993279499788803,-1.5525863262719424,0.6951100264887565,-0.4533735867590597,5.6228223510761115,-2.119629124405084,-0.30330231495460014,3.012605523186111,-0.5141809028117051,3.31342729059251,0.3037873051305711,-1.8793938139709119,-0.42183354724043615,1.9867644802476405,0.686533641815927,-2.337871644593654,1.0485130532986078,-3.449183688599765,1.5539085394416365,-2.788282422608405,1.0887377609697038,0.37061662803490575,1.3071074098850162,1.3085338117040213,-3.499954465794539,-3.240789755232956,2.421477000019121,2.9806904237164007,1.1697148282334529,-1.6723236037831353,-3.9748487040562104,-2.909396252106073,-1.5183938153089989,0.22214579214787913,-2.3750213689371047,2.222827939029892,-0.05367966795467927,0.37920971569797207,-0.10274222199957175,2.4280143921537922,-0.7057337417786907,-2.26591436415716,0.9837793420265858,2.7778102872959245,0.3045568119482982,0.7911656814291066,0.26244647855390474,0.5732511967445189,-1.4060034162089543,1.3947583092033675,0.931982743646666,2.1103691571505228
-0.06432462601167235,-0.837433895270135,0.14958262042607992,0.37499056822841426,0.4642271551324642,0.10002493232308872,-0.4533735867590597,0.45270801478428774,-2.08010026992384,0.2825101891752729,0.09857582206522952,-1.164846777437172,0.07791199420974597,-0.919826068926032,-0.15745576629566457,0.6375208408688415,-0.2589684921143771,-0.5275547361552341,0.034886749124882724,0.9632731453255934,-0.47385650014306224,0.9401678713433212,-0.4509979045200092,0.40952206941731206,-0.1956608770367957,-0.2875606469420895,-0.5160253767403673,-0.5045098215827566,1.286885631575513,1.3283287248933127,-0.8801462728802747,-0.9529092453537039,-0.4175353361989306,0.49331542543733586,1.2963387548519665,0.93523610396482,0.7001076434681496,0.12691849580915293,0.5817614821969415,-0.5426160401731606,-0.2056837855221416,-0.24588918209483965,0.24058461020097466,-0.58892578654942,-0.15213059237189316,0.6058107545160155,-0.3636158539061974,-0.9014126763923948,-0.10731899091657846,0.011980520840862896,-0.17515437981328072,-0.011830791445179416,0.33635040318200937,-0.46960384643875436,-0.09107567752696151,-0.06569075222725378
9.255065766951178,52.382059629493575,7.270376488278837,5.946744863874186,-50.22408510868894,-33.15024587452003,5.6228223510761115,-2.08010026992384,83.56710898774621,-45.37675101190193,-3.7071323521834465,41.20034664576183,-9.825599122797316,58.13061789186524,3.2378300670244675,-27.526168062783864,-16.628183037242657,34.33448190775092,16.338691065292934,-31.743619900613833,13.194641121445706,-59.014270795757454,26.504401966579522,-56.93523141783099,22.93098157283903,1.1814756661475503,16.846075753884353,20.16501370894058,-53.358053231254544,-47.37448609054544,35.73873792910674,48.705920205536955,19.195245286992787,-29.41705692851166,-65.43674636069761,-47.85159818919961,-18.8603357388571,11.282948828824974,-40.43170210805774,39.855544846316384,-5.292259360406355,4.354126722983518,3.1045334987110524,44.463246649589045,-20.875678269793667,-40.50618858157125,15.447293130471333,43.809051757076055,3.525563282991879,17.841524013839436,1.3790150335482725,11.89450140625358,-26.168422630569342,21.17598033583426,18.46780834091129,51.035436855040395
-5.439536993180559,-29.75314991343205,-4.71350953447795,-4.817097994828647,29.179101607525972,19.95176667295116,-2.119629124405084,0.2825101891752729,-45.37675101190193,27.456783709927457,1.8143524116076124,-21.579956102946618,5.750089477762424,-33.3811281512347,-1.4984477547317592,14.801647173155946,11.09631348541898,-19.590928367467786,-10.061284307514322,16.618205548717448,-6.680242087419416,33.56969665260318,-15.08398515776939,34.00906438727207,-13.854101770796381,0.24170053914615977,-8.571697980729228,-11.134867833459719,29.280150159883018,25.64939250333507,-19.334386652634,-27.349118969130323,-10.833672277374193,16.934050814749003,36.87145928066135,26.941623279319433,9.491104564870822,-7.815783919952585,22.90208329806993,-22.99772654577137,3.733063830096371,-2.1550038204401196,-2.596126939687873,-25.838686410555923,13.41167199250496,23.392681158765033,-8.580842684511865,-24.271478491688313,-1.6758222316637876,-10.850551220540423,-0.2256128544052159,-7.0757134787447935,15.286194129558218,-11.563618430914305,-10.891683856431609,-31.703029247922693
-0.39622926349850207,-2.2581700190648366,-0.30514066397059814,-0.16814661769769246,2.1710082406739675,1.3837863447513346,-0.30330231495460014,0.09857582206522952,-3.7071323521834465,1.8143524116076124,0.1983744534517014,-1.9193987781428863,0.4214677945238722,-2.4440739108660674,-0.1625330302796974,1.2649798787893305,0.6104965648223918,-1.471361447928782,-0.6714991407600391,1.4565558962009817,-0.6196720592381058,2.5357591705934914,-1.126714089496403,2.336186606077634,-0.9013515945812475,-0.1171671309346039,-0.8153232959965638,-0.8605958008584871,2.3272081854819002,2.0605757344983884,-1.6014506477488057,-2.0934616260935064,-0.7986042340982747,1.2196689696757497,2.78314759401151,2.0443466946929973,0.8874576067989859,-0.34551765406779433,1.777247478361703,-1.6874755760778295,0.2028115084794178,-0.18118655353620425,-0.09012500651509647,-1.8563485142747094,0.7975293828766429,1.6923237059222715,-0.6581052467613172,-1.9258886877977113,-0.19251504694865473,-0.7478224673005575,-0.10354508949827557,-0.5194601523662709,1.0816009969015694,-0.9482074569237329,-0.7978782101493184,-1.9847713540794027
4.474769608366491,25.506000286290117,3.437032376235351,2.5162548859606195,-24.368165599133146,-15.888139439853456,3.012605523186111,-1.164846777437172,41.20034664576183,-21.579956102946618,-1.9193987781428863,20.602151166473718,-4.755986629292282,28.13577990709586,1.6703360306928499,-13.672521036857107,-7.650914067518067,16.68997132490295,7.778008585253012,-15.832543557146323,6.6419179569953055,-28.713289936777365,12.873456785270648,-27.25294866543681,10.880214118683693,0.8359595332298174,8.518879706904384,9.85037201402259,-26.185874602596567,-23.292337356736155,17.66109482145721,23.750944836746946,9.306142648818915,-14.199623472184246,-31.837852035889487,-23.300452753763853,-9.505323520324898,5.020839058365465,-19.761633109996076,19.296485308983183,-2.4212307577769754,2.1553230581744782,1.30423275930853,21.450007371159796,-9.740103538770425,-19.564730693074058,7.536631533081614,21.492374208031972,1.8402425166133818,8.541276524217478,0.8381924315062782,5.7568036086927625,-12.593398866551784,10.447660832757297,8.93585238468749,24.043057507224784
-1.161425775405576,-6.372455229494246,-0.9963721080784493,-0.9465892695651911,6.247333258913774,4.224776705093512,-0.5141809028117051,0.07791199420974597,-9.825599122797316,5.750089477762424,0.4214677945238722,-4.755986629292282,1.2289875904111285,-7.096724512108871,-0.34252250789880173,3.2411083019336995,2.2747580449922684,-4.189043316606791,-2.1203253568961395,3.644896080711445,-1.4798165703124593,7.184194604775103,-3.218919329665578,7.171972931567426,-2.889208507178305,-0.011139725182239792,-1.9183933805846627,-2.3810176727812524,6.303763344979032,5.52288156088791,-4.20077339813166,-5.855591726598471,-2.3001937817120552,3.585098898226716,7.870515219982129,5.7570477786778405,2.1060860622873943,-1.5457391703717847,4.934131663304891,-4.898032176301832,0.7716808890650755,-0.45901697393913554,-0.5112789878743856,-5.4794315219295235,2.773511404816021,4.963037814544751,-1.8339789490952214,-5.2339918771859,-0.3940896685476623,-2.3002928037466375,-0.09043285291991336,-1.5189010094902546,3.2329601002841457,-2.5107750669652393,-2.3301254526379336,-6.589228412462539
6.699269241291407,37.273463599783156,5.5379730021343,5.154649727651464,-36.13992717079074,-24.301026242556063,3.31342729059251,-0.919826068926032,58.13061789186524,-33.3811281512347,-2.4440739108660674,28.13577990709586,-7.096724512108871,41.611021757669384,2.084405128879241,-19.043555657854625,-12.894173286768922,24.48875195178217,12.120984924936932,-21.68126000957594,8.86548835780553,-42.02657269345739,18.88250084718912,-41.58998249969523,16.860950164806642,0.2510279244432415,11.33714777931089,14.154187647662015,-37.32142443791092,-32.922404915058024,24.810025676517185,34.46482154857283,13.624511919751749,-21.08884103691595,-46.391613566562356,-33.90898583508699,-12.637400198756412,8.950193788801219,-28.71774799018393,28.5933102985839,-4.224856428680931,2.903379728422654,2.741341900448137,32.02191702729582,-15.854927705440046,-29.081571616700366,10.87449495608591,30.780473750818345,2.292183253260472,13.146712414608617,0.6194853860837971,8.659873717187379,-18.898048890166745,14.767094847398328,13.389129386259752,38.073770776570086
0.3206780139586818,1.9092849783828378,0.21196477830905158,0.08410880473504134,-1.7713406789660502,-1.1052603194237507,0.3037873051305711,-0.15745576629566457,3.2378300670244675,-1.4984477547317592,-0.1625330302796974,1.6703360306928499,-0.34252250789880173,2.084405128879241,0.14966449709690618,-1.0802641697677375,-0.4533812171863558,1.2431322716329287,0.524238166743813,-1.2869407502667949,0.5562684450337678,-2.1456865838221892,0.9630549005563023,-1.9212614076265222,0.75905383819633,0.12733344569072264,0.7061944917442611,0.7639804134783652,-2.0388256103110707,-1.8414307548018556,1.391442184046181,1.8037367004371905,0.7052097052064844,-1.0512248005856148,-2.4115120899565925,-1.76575603662563,-0.7993262060472105,0.28125461963137544,-1.480023360650686,1.419336426399409,-0.1264950626593413,0.18782186637775158,0.03676559362548018,1.5664948409044126,-0.6176264093463246,-1.4400997769257495,0.5804798019211318,1.6534575724762868,0.15905541835600345,0.5845280737531385,0.10159579810930021,0.4038268752813683,-0.9146989775332212,0.8146349694666842,0.636700539533494,1.609622654374788
-3.0528015785544107,-17.232782736247056,-2.4178501887351733,-1.9055979668250616,16.578750534009572,10.90667009586831,-1.8793938139709119,0.6375208408688415,-27.526168062783864,14.801647173155946,1.2649798787893305,-13.672521036857107,3.2411083019336995,-19.043555657854625,-1.0802641697677375,9.132660020360754,5.404282012925462,-11.28680538797831,-5.372454254757333,10.496223849516786,-4.370544269423759,19.40545674191637,-8.6944030324442,18.643960652398377,-7.451390102818159,-0.43868700327372423,-5.625898344631759,-6.596361539171316,17.528382268578156,15.529368322041307,-11.794745002324644,-15.991021354792142,-6.260979735256958,9.609229914435838,21.441645469882484,15.693210710576578,6.2486505579582285,-3.5667280231844574,13.355959437460049,-13.084417526044811,1.7478697225466115,-1.398292810679745,-1.0039966073678712,-14.56445080998185,6.800356988208756,13.26082668974315,-5.054949395060815,-14.433058395305826,-1.2064408779543936,-5.883514539643567,-0.49099409955751105,-3.9487509721189906,8.558196624270984,-6.9950480071625645,-6.106459773370216,-16.60864835572235
-2.160037514866145,-11.410253782973854,-2.043657381351698,-2.3652456872146277,11.469595270778578,8.07825442383572,-0.42183354724043615,-0.2589684921143771,-16.628183037242657,11.09631348541898,0.6104965648223918,-7.650914067518067,2.2747580449922684,-12.894173286768922,-0.4533812171863558,5.404282012925462,4.845959839916881,-7.5421956640130965,-4.152793840886029,5.867378215439006,-2.2689170919638464,12.888910298016526,-5.781811017077946,13.626929099728024,-5.574803357560189,0.4108416129580878,-2.956761184337125,-4.127437507878836,10.824251834205338,9.327000632472913,-7.069759303506446,-10.350226569258735,-4.098384970222693,6.539908111265568,13.978441740673178,10.213005314111772,3.2022147005312163,-3.4478235015981418,8.790204807316984,-8.94083577835305,1.7111939880938596,-0.6855647218395612,-1.3015108562704232,-10.094590567813468,5.695116007857634,9.080830746965187,-3.2020606423780693,-9.086723830573526,-0.5448728184892235,-4.4416988110855,0.10348930773016107,-2.856809006395467,5.993522630282148,-4.274823928336934,-4.346966014648588,-13.085201496699094
3.9540887562033373,21.98300539225836,3.273617314332936,2.990840970900017,-21.338133354021384,-14.316251315834851,1.9867644802476405,-0.5275547361552341,34.33448190775092,-19.590928367467786,-1.471361447928782,16.68997132490295,-4.189043316606791,24.48875195178217,1.2431322716329287,-11.28680538797831,-7.5421956640130965,14.437877348012108,7.137240051947625,-12.837877445822206,5.258141739089727,-24.780290311568894,11.123009922634008,-24.455029355450357,9.87962249893054,0.1907020753444882,6.75030452313286,8.330104878775709,-22.010807402018006,-19.402640210186657,14.668819529040778,20.31074700725174,8.007223066147082,-12.39432043813674,-27.315208889092,-19.972432928982567,-7.495561982975619,5.174185814605342,-16.97141326019607,16.843416426071347,-2.486407057856027,1.6964777164363245,1.59402523289408,18.84028822862229,-9.2885776114917,-17.107017544676552,6.400844121747417,18.174054027669122,1.3831316934327968,7.752741444857236,0.39589624379338145,5.123859995142191,-11.111290294424984,8.733646413450945,7.909874000088558,22.311589218466207
2.008301433683157,10.835942429401685,1.8023992035767356,1.8592597116663698,-10.746502360641397,-7.384230061433235,0.686533641815927,0.034886749124882724,16.338691065292934,-10.061284307514322,-0.6714991407600391,7.778008585253012,-2.1203253568961395,12.120984924936932,0.524238166743813,-5.372454254757333,-4.152793840886029,7.137240051947625,3.745033918937287,-5.952483794982529,2.3756206456911872,-12.221929885707887,5.474843175252629,-12.482020397409872,5.049022256587798,-0.13746217008152178,3.094571792561678,3.9873218582050134,-10.532493953149288,-9.158238806450198,6.9751055926644865,9.896306960760674,3.890478124270184,-6.128398449467897,-13.319044410790877,-9.741534319083136,-3.3675714575888698,2.861843075192043,-8.385435571306045,8.388848447051004,-1.4430711571793093,0.7201829827759645,1.0164452477413388,9.413363576980219,-4.984916769122561,-8.49899568486038,3.080400649785038,8.794392063105445,0.6184137769524076,4.040283866313441,0.0583358864351884,2.6423847191374485,-5.5661451219584555,4.189639384122228,4.037993406109762,11.665737482545017
-3.428261411846493,-19.616739077342025,-2.602367954220039,-1.914299978682335,18.678126182949864,12.176479107453224,-2.337871644593654,0.9632731453255934,-31.743619900613833,16.618205548717448,1.4565558962009817,-15.832543557146323,3.644896080711445,-21.68126000957594,-1.2869407502667949,10.496223849516786,5.867378215439006,-12.837877445822206,-5.952483794982529,12.195065083932649,-5.118277961427615,22.08872999103051,-9.915837084026208,20.95519346840818,-8.398345650804126,-0.6432071707308785,-6.532114903244855,-7.6140750784436895,20.196736434758712,18.000859011623767,-13.594022693672917,-18.30267501866335,-7.195461282195834,10.959056113981285,24.556488953865216,17.96379970667975,7.328669432723183,-3.9062085791370897,15.162416475178654,-14.845390278530632,1.828457413195805,-1.6933207660930503,-0.9834678507584992,-16.518474125192903,7.478477968319418,15.078530553700675,-5.822116084464483,-16.539046129074244,-1.3962427764229193,-6.531348603701663,-0.6400210385781265,-4.391657042930006,9.702973947004049,-8.032785002566209,-6.835030016461592,-18.51059606251952
1.3901254612294904,8.045333041576995,1.016471084741123,0.6655859152232235,-7.601488906453511,-4.898100337355818,1.0485130532986078,-0.47385650014306224,13.194641121445706,-6.680242087419416,-0.6196720592381058,6.6419179569953055,-1.4798165703124593,8.86548835780553,0.5562684450337678,-4.370544269423759,-2.2689170919638464,5.258141739089727,2.3756206456911872,-5.118277961427615,2.1672196817858973,-9.054535068673534,4.065875346552946,-8.457477471922436,3.379817758441844,0.33862128093400046,2.7587722497268414,3.152240167615562,-8.372141436577804,-7.492864103632806,5.655146667726016,7.5347585326252124,2.9601335130067055,-4.479968927128348,-10.10177728253341,-7.3908495026657155,-3.1060918627181744,1.4917325232376204,-6.220773599378121,6.0594745701919575,-0.6880412501318622,0.723926390678669,0.3336221061314662,6.728732455638563,-2.938687079748271,-6.154580102799889,2.405884500402407,6.834329190217849,0.5977334751581819,2.616722104900765,0.3075635920761229,1.7707592774593086,-3.946892942358609,3.3322919982187615,2.7674526602321943,7.371913908288665
-6.780103655876364,-37.73623223685064,-5.596889379562027,-5.081937273149193,36.60421107135918,24.53478537785506,-3.449183688599765,0.9401678713433212,-59.014270795757454,33.56969665260318,2.5357591705934914,-28.713289936777365,7.184194604775103,-42.02657269345739,-2.1456865838221892,19.40545674191637,12.888910298016526,-24.780290311568894,-12.221929885707887,22.08872999103051,-9.054535068673534,42.53736478696492,-19.09216176571711,41.91977926294237,-16.929654953230024,-0.35939625212879667,-11.622093075519548,-14.311986791237958,37.82220089976283,33.35388364918608,-25.21472522778918,-34.879088567668084,-13.747512509759211,21.268963948140755,46.90163579502234,34.294886250079045,12.9121652724621,-8.832378314354962,29.133451170478747,-28.900439080104043,4.240399306660994,-2.9244309642796993,-2.7065282076132675,-32.32149202201488,15.889945074107272,29.35455535518452,-10.995136144382712,-31.219562160531133,-2.3856336759658077,-13.281372892433385,-0.6989705809870519,-8.784206467841798,19.058105534154873,-15.008030294879537,-13.561992521908325,-38.203376953852576
3.037664329953174,16.93535432045041,2.494517976275906,2.276764601570921,-16.39864375412626,-10.993553521559795,1.5539085394416365,-0.4509979045200092,26.504401966579522,-15.08398515776939,-1.126714089496403,12.873456785270648,-3.218919329665578,18.88250084718912,0.9630549005563023,-8.6944030324442,-5.781811017077946,11.123009922634008,5.474843175252629,-9.915837084026208,4.065875346552946,-19.09216176571711,8.576898182149453,-18.817721268128388,7.617402522167894,0.15807510441929834,5.202360067213961,6.440456590257891,-16.9978680989159,-15.0065962459436,11.317912853961609,15.668279226572144,6.189772930674509,-9.565152005067448,-21.082501576160592,-15.410974210413686,-5.79752534978006,3.9925836765523406,-13.057479051734543,12.97423267032889,-1.8903103910193855,1.3287541423171652,1.207896732638962,14.51801447662345,-7.130558023403866,-13.189626918760798,4.946584637801917,14.012905023169019,1.059469006625074,5.945342011587647,0.30951299747055494,3.9250449132558245,-8.564456349295563,6.732919590245335,6.070273845528873,17.166611732855912
-6.782114900658984,-37.16566100021988,-5.847368289809871,-5.819512260072248,36.42618188806835,24.80243223640622,-2.788282422608405,0.40952206941731206,-56.93523141783099,34.00906438727207,2.336186606077634,-27.25294866543681,7.171972931567426,-41.58998249969523,-1.9212614076265222,18.643960652398377,13.626929099728024,-24.455029355450357,-12.482020397409872,20.95519346840818,-8.457477471922436,41.91977926294237,-18.817721268128388,42.22882002051442,-17.138121218608607,0.16120775756630853,-10.88576069921091,-13.911196889021044,36.663471363710656,32.12724023118106,-24.286856916270743,-34.168795017142735,-13.494681630554215,21.070484179788703,46.01628329631389,33.63733328313217,12.024024941633238,-9.488455949996835,28.661339149416758,-28.665461039730225,4.591026036491605,-2.6969860663399023,-3.138566303320381,-32.15948000274581,16.528492953020077,29.123619504787044,-10.71652092701124,-30.401651048726908,-2.167969955232399,-13.488877718518362,-0.37361303011656505,-8.834413140426106,19.006214253914695,-14.5188635941802,-13.588466766788626,-39.155796577885575
2.732569064217037,15.002427300751025,2.3443345084470257,2.407706956387103,-14.663049951776108,-10.023232280818153,1.0887377609697038,-0.1956608770367957,22.93098157283903,-13.854101770796381,-0.9013515945812475,10.880214118683693,-2.889208507178305,16.860950164806642,0.75905383819633,-7.451390102818159,-5.574803357560189,9.87962249893054,5.049022256587798,-8.398345650804126,3.379817758441844,-16.929654953230024,7.617402522167894,-17.138121218608607,7.005769876413224,-0.11767927678940303,4.311643245497051,5.644239944706138,-14.810538453604101,-13.0027612867832,9.76123997261425,13.817241475089105,5.4920558320645645,-8.5664591794265,-18.64525088019601,-13.617912727963049,-4.803012019721472,3.969356518389336,-11.521812203673296,11.598226370422264,-1.855018862732882,1.1146348610050503,1.2908877956207865,13.041923905583943,-6.746364115119635,-11.815985022499547,4.346749179601946,12.247999352523815,0.8319797854505621,5.4403914024509215,0.11269681445131594,3.538800757391997,-7.719769090017706,5.831107616464494,5.462906251455679,15.989508942712359
0.0033118618577551847,0.33331701392697616,-0.13215978049953456,-0.411433391990399,-0.12242228142308408,0.1365333677756842,0.37061662803490575,-0.2875606469420895,1.1814756661475503,0.24170053914615977,-0.1171671309346039,0.8359595332298174,-0.011139725182239792,0.2510279244432415,0.12733344569072264,-0.43868700327372423,0.4108416129580878,0.1907020753444882,-0.13746217008152178,-0.6432071707308785,0.33862128093400046,-0.35939625212879667,0.15807510441929834,0.16120775756630853,-0.11767927678940303,0.29419024263874244,0.4226881041394105,0.22394379130660388,-0.6554035274732775,-0.6869408497434341,0.529455299076271,0.4046458736359986,0.14000662087862573,-0.11204601572000361,-0.5015529037455193,-0.3740118716702765,-0.5012877601596929,-0.37508255318615746,-0.28171923724210474,0.14036691555982134,0.1904254700498254,0.12334851822312437,-0.23960641808722039,0.09720612059402742,0.3538797839398554,-0.13293403977504856,0.15606012033191433,0.46983908145927006,0.12709371436691505,-0.10677779096940036,0.1845978203029587,-0.020453216221588567,-0.03216740652882122,0.28111024009038504,-0.004079193477507258,-0.5296033113461525
1.803130008112673,10.32961951988224,1.361567672024455,0.8985069722203333,-9.845832560310383,-6.356155737786862,1.3071074098850162,-0.5160253767403673,16.846075753884353,-8.571697980729228,-0.8153232959965638,8.518879706904384,-1.9183933805846627,11.33714777931089,0.7061944917442611,-5.625898344631759,-2.956761184337125,6.75030452313286,3.094571792561678,-6.532114903244855,2.7587722497268414,-11.622093075519548,5.202360067213961,-10.88576069921091,4.311643245497051,0.4226881041394105,3.5539457550255213,3.9962804166406323,-10.666542519697467,-9.499362665666839,7.23564484034474,9.62746817777129,3.753518069580186,-5.707054708283298,-12.88046996728953,-9.43263556779462,-3.952865807336499,1.8763856191662984,-8.030381047939843,7.779224086423092,-0.9327523923716612,0.88096356337122,0.46240973119558076,8.620678165185897,-3.8084396111219903,-7.870187134668919,3.055139588399043,8.754843553556292,0.7864121849761354,3.415343015425702,0.39405270022607286,2.324178929855323,-5.050793398313833,4.275766465046315,3.603547227305828,9.474768872618819
2.24366456800626,12.69729526732039,1.7647331762054068,1.520843315898207,-12.159747914787776,-8.072354067065287,1.3085338117040213,-0.5045098215827566,20.16501370894058,-11.134867833459719,-0.8605958008584871,9.85037201402259,-2.3810176727812524,14.154187647662015,0.7639804134783652,-6.596361539171316,-4.127437507878836,8.330104878775709,3.9873218582050134,-7.6140750784436895,3.152240167615562,-14.311986791237958,6.440456590257891,-13.911196889021044,5.644239944706138,0.22394379130660388,3.9962804166406323,4.901712792679075,-12.916364420207985,-11.477106263315461,8.606505116792608,11.81730709316916,4.683328588604771,-7.182176823125743,-15.90654010418918,-11.623487828063489,-4.503386564779758,2.8743394880990576,-9.762419757723107,9.689627906247798,-1.3018944775509678,1.067221349020193,0.7917784795749272,10.837676130015872,-5.155221980238885,-9.873525304500852,3.7550087978801097,10.586159553912449,0.8144771450623837,4.338574025643801,0.29129979853116633,2.8703923062716172,-6.388750207322714,5.09860543179007,4.469484569347844,12.575889181343996
-5.9396942226771445,-33.563830822848885,-4.690569691798987,-3.953735666822862,32.202005577288745,21.33105585551033,-3.499954465794539,1.286885631575513,-53.358053231254544,29.280150159883018,2.3272081854819002,-26.185874602596567,6.303763344979032,-37.32142443791092,-2.0388256103110707,17.528382268578156,10.824251834205338,-22.010807402018006,-10.532493953149288,20.196736434758712,-8.372141436577804,37.82220089976283,-16.9978680989159,36.663471363710656,-14.810538453604101,-0.6554035274732775,-10.666542519697467,-12.916364420207985,34.1210296761859,30.2847676895644,-22.800447662490207,-31.20197568594066,-12.322123590677664,18.9056090607583,41.95243655818813,30.67006551350209,11.962335679386644,-7.423681661655642,25.869859149346947,-25.58098574103751,3.444946760229309,-2.7838624876225,-2.066484270346614,-28.57224852680161,13.539258994396338,26.022357210759456,-9.897148419096942,-28.0102718824467,-2.2072014072062864,-11.48081384026939,-0.8172574048011471,-7.626732436884098,16.82882517003744,-13.514408096383525,-11.847634528325118,-33.01974982021431
-5.1998129469747205,-29.597789255647616,-4.014428673136453,-3.2895826923511042,28.237527498904065,18.621090048502356,-3.240789755232956,1.3283287248933127,-47.37448609054544,25.64939250333507,2.0605757344983884,-23.292337356736155,5.52288156088791,-32.922404915058024,-1.8414307548018556,15.529368322041307,9.327000632472913,-19.402640210186657,-9.158238806450198,18.000859011623767,-7.492864103632806,33.35388364918608,-15.0065962459436,32.12724023118106,-13.0027612867832,-0.6869408497434341,-9.499362665666839,-11.477106263315461,30.2847676895644,26.968353392117194,-20.235549814223184,-27.597493008271545,-10.92583807680232,16.69424628667202,37.12145962993999,27.129537513473178,10.716282857901264,-6.438086961784948,22.77483327557626,-22.52210196260604,2.909019365206592,-2.5384835831737185,-1.6974470616308808,-25.154125680120856,11.737975578304873,22.941156999765695,-8.784152023296157,-24.784713234114182,-1.9597999156663033,-9.99133607754343,-0.781504155792804,-6.641090388621475,14.813979360192826,-11.970262272588943,-10.352258023474175,-28.821867303124044
3.956585660866087,22.38386333783159,3.1110885268236097,2.512756788976945,-21.475644966832952,-14.156783253124296,2.421477000019121,-0.8801462728802747,35.73873792910674,-19.334386652634,-1.6014506477488057,17.66109482145721,-4.20077339813166,24.810025676517185,1.391442184046181,-11.794745002324644,-7.069759303506446,14.668819529040778,6.9751055926644865,-13.594022693672917,5.655146667726016,-25.21472522778918,11.317912853961609,-24.286856916270743,9.76123997261425,0.529455299076271,7.23564484034474,8.606505116792608,-22.800447662490207,-20.235549814223184,15.29284818510564,20.803914311685745,8.185976480627907,-12.545150212664481,-27.93579297403744,-20.432542974927284,-8.084066197474078,4.760679968595106,-17.297130050119225,17.01930389423638,-2.2583730517952896,1.8512272340245846,1.313552896719103,18.97366630034644,-8.884725889108227,-17.283410426062062,6.593484883567027,18.73214867393391,1.5246768989405801,7.623651471079244,0.6069519177959136,5.092687938349384,-11.162207929965659,9.062938280675464,7.8993456625060405,21.725312773811766
5.522857628259573,30.944497300572767,4.474421513615785,3.970471940574648,-29.86693200748876,-19.936008343261147,2.9806904237164007,-0.9529092453537039,48.705920205536955,-27.349118969130323,-2.0934616260935064,23.750944836746946,-5.855591726598471,34.46482154857283,1.8037367004371905,-15.991021354792142,-10.350226569258735,20.31074700725174,9.896306960760674,-18.30267501866335,7.5347585326252124,-34.879088567668084,15.668279226572144,-34.168795017142735,13.817241475089105,0.4046458736359986,9.62746817777129,11.81730709316916,-31.20197568594066,-27.597493008271545,20.803914311685745,28.679029525774645,11.322463006126938,-17.457491941254172,-38.57376190774538,-28.200480967474423,-10.7533138950988,7.125060110877597,-23.856663718782706,23.660095611065515,-3.3527636744071434,2.4770365955667497,2.098314631536154,26.457903017976196,-12.829431415074199,-24.059078517589075,9.067882926500731,25.685502386546588,1.9748050828848238,10.761913108687025,0.6341181801904893,7.122319456472526,-15.596704522726036,12.359216367968946,11.031143393464241,31.023218253557236
2.1689782329619143,12.190889370953725,1.7383663984879487,1.57835495450049,-11.72239311767275,-7.83831390736855,1.1697148282334529,-0.4175353361989306,19.195245286992787,-10.833672277374193,-0.7986042340982747,9.306142648818915,-2.3001937817120552,13.624511919751749,0.7052097052064844,-6.260979735256958,-4.098384970222693,8.007223066147082,3.890478124270184,-7.195461282195834,2.9601335130067055,-13.747512509759211,6.189772930674509,-13.494681630554215,5.4920558320645645,0.14000662087862573,3.753518069580186,4.683328588604771,-12.322123590677664,-10.92583807680232,8.185976480627907,11.322463006126938,4.498338704590698,-6.9174808827299445,-15.255618803469618,-11.143110167211125,-4.225119338791801,2.8802266375558774,-9.365936632973185,9.3346948972067,-1.3073264826429973,1.0009983470954154,0.8256521286011084,10.455644734200423,-5.075907214684223,-9.514264786004151,3.592439281405153,10.113270745223167,0.7519091612150711,4.2226385396824275,0.23447600629596763,2.7803990509770293,-6.172099774206,4.8581369520267925,4.321386759886242,12.301634910058782
-3.384495409968486,-18.861410399254247,-2.786147432262956,-2.6186172076564986,18.257174399743665,12.287404447929685,-1.6723236037831353,0.49331542543733586,-29.41705692851166,16.934050814749003,1.2196689696757497,-14.199623472184246,3.585098898226716,-21.08884103691595,-1.0512248005856148,9.609229914435838,6.539908111265568,-12.39432043813674,-6.128398449467897,10.959056113981285,-4.479968927128348,21.268963948140755,-9.565152005067448,21.070484179788703,-8.5664591794265,-0.11204601572000361,-5.707054708283298,-7.182176823125743,18.9056090607583,16.69424628667202,-12.545150212664481,-17.457491941254172,-6.9174808827299445,10.701000385662544,23.516125703703974,17.18373425288645,6.3844975963899975,-4.583146994072961,14.507273503347605,-14.477681400756037,2.128767005942065,-1.4878017785693693,-1.3887724567177915,-16.227550230800883,8.04068010907911,14.74188940337766,-5.516252086391601,-15.572274713517436,-1.142272397045794,-6.639534948053844,-0.30063727733760776,-4.362059149876415,9.581780247229037,-7.462933411357795,-6.757918423728248,-19.325003906039782
-7.423773233839972,-41.60548184736764,-6.008890046436861,-5.389340159732045,40.132432469742575,26.819350385463142,-3.9748487040562104,1.2963387548519665,-65.43674636069761,36.87145928066135,2.78314759401151,-31.837852035889487,7.870515219982129,-46.391613566562356,-2.4115120899565925,21.441645469882484,13.978441740673178,-27.315208889092,-13.319044410790877,24.556488953865216,-10.10177728253341,46.90163579502234,-21.082501576160592,46.01628329631389,-18.64525088019601,-0.5015529037455193,-12.88046996728953,-15.90654010418918,41.95243655818813,37.12145962993999,-27.93579297403744,-38.57376190774538,-15.255618803469618,23.516125703703974,51.910726708940985,37.94180641211168,14.414074905366393,-9.686793645436282,32.042873991848786,-31.833270451039382,4.514533091884119,-3.3462875148160576,-2.8429589535037953,-35.61905332133698,17.311143972944265,32.3915647373863,-12.205517755629963,-34.5136722325031,-2.622428903409496,-14.47176651375114,-0.8227359631925663,-9.559051015365199,21.007071284877586,-16.59411575472324,-14.819228632953209,-41.8583922589148
-5.430539189946478,-30.424732943626797,-4.401373180326917,-3.934523855496692,29.360847192828388,19.615888673136183,-2.909396252106073,0.93523610396482,-47.85159818919961,26.941623279319433,2.0443466946929973,-23.300452753763853,5.7570477786778405,-33.90898583508699,-1.76575603662563,15.693210710576578,10.213005314111772,-19.972432928982567,-9.741534319083136,17.96379970667975,-7.3908495026657155,34.294886250079045,-15.410974210413686,33.63733328313217,-13.617912727963049,-0.3740118716702765,-9.43263556779462,-11.623487828063489,30.67006551350209,27.129537513473178,-20.432542974927284,-28.200480967474423,-11.143110167211125,17.18373425288645,37.94180641211168,27.735575816517713,10.545271544155147,-7.058703223471742,23.442126306718528,-23.27355842449824,3.304780253929249,-2.439616494242978,-2.078630734605413,-26.036018182695134,12.6504650994701,23.674844710538732,-8.919164596297271,-25.241596141450685,-1.9267203117827096,-10.586998030606457,-0.6068945493642158,-6.997438124792477,15.35219371658144,-12.138455428539453,-10.844106095473007,-30.580788722183517
-1.9771794880738038,-11.471263316667883,-1.4334122363839956,-0.918275634192617,10.820894398590845,6.958337245706535,-1.5183938153089989,0.7001076434681496,-18.8603357388571,9.491104564870822,0.8874576067989859,-9.505323520324898,2.1060860622873943,-12.637400198756412,-0.7993262060472105,6.2486505579582285,3.2022147005312163,-7.495561982975619,-3.3675714575888698,7.328669432723183,-3.1060918627181744,12.9121652724621,-5.79752534978006,12.024024941633238,-4.803012019721472,-0.5012877601596929,-3.952865807336499,-4.503386564779758,11.962335679386644,10.716282857901264,-8.084066197474078,-10.7533138950988,-4.225119338791801,6.3844975963899975,14.414074905366393,10.545271544155147,4.457472386320962,-2.0991848902923294,8.868315122823708,-8.63288984966534,0.9627584218702748,-1.0402560828669887,-0.45681895678289836,-9.583594362844819,4.15765048062337,8.771169805731024,-3.436107917461572,-9.756752590467636,-0.8573499818318383,-3.7141832214999666,-0.45018701649131126,-2.51854105102394,5.6193168640023865,-4.760728293856729,-3.934426158348889,-10.455591999185641
