V1,V2,V3,V4,V5,V6,V7,V8,V9,V10,V11,V12,V13,V14,V15,V16,V17,V18,V19,V20,V21,V22,V23,V24,V25,V26,V27,V28,V29,V30,V31,V32,V33,V34,V35,V36,V37,V38,V39,V40,V41,V42,V43,V44,V45,V46,V47,V48,V49,V50,V51,V52,V53,V54,V55,V56
1.713508256930015,9.468680212474776,1.4418046081934475,1.3695577213151948,-9.225597945792536,-6.228152974830881,0.7956826307688338,-0.17872208841616546,14.673031371478631,-8.535295590328785,-0.6160195630282468,7.085629079091003,-1.813987766604191,10.570067598148121,0.5162595601629446,-4.812778616613045,-3.3414935882051386,6.2246565169117805,3.1179769273317874,-5.450120278725549,2.2192786314425104,-10.676757734062935,4.794162891832172,-10.628275601274707,4.304270104959084,0.03066179158356828,2.8507197327421294,3.5712219170913113,-9.42450571449788,-8.289593298441238,6.26451439072713,8.731140219503214,3.447832280054378,-5.352638339561948,-11.751586525725646,-8.590237657627615,-3.1597142456321237,2.310258090632687,-7.305957838015112,7.276009790829765,-1.111424043375139,0.7137263565799928,0.732563192983752,8.14877394246993,-4.087992658448005,-7.390918640878419,2.7472350691096623,7.7934882452559515,0.5761239026942032,3.3791933218176107,0.13922581009540144,2.2239928258208623,-4.811270703255854,3.7360536382319047,3.4288648700800954,9.765347738200264
9.468680212474776,52.79686164232872,7.778967334207012,7.045924899338532,-51.1389813497405,-34.254921423028044,4.87726211074309,-1.398382473246463,82.67893554408597,-46.93129690491176,-3.5423458891271427,40.22103427855481,-10.0337598477547,58.821366170635805,3.015944524301302,-27.16016035473126,-17.963749000375064,34.66735049317494,17.05141134253869,-30.963707993890214,12.703769466039109,-59.51320409801987,26.72197595447392,-58.59264727593704,23.68566720471965,0.5319449363673573,16.274597545422854,20.066494558651474,-52.99729338111594,-46.775671211260224,35.31639043137121,48.83891708465894,19.265316547338003,-29.783820655552248,-65.68761648083641,-48.027554864208305,-18.116516136250628,12.352381703528474,-40.73137095956874,40.4258649485435,-5.882121549538381,4.133058718432458,3.7453102132903537,45.22036231356402,-22.172143049566685,-41.082721489389066,15.41052419022727,43.708136945320426,3.3332033865239774,18.526095440891865,0.9902625365712574,12.24592740073137,-26.665196583073165,21.00921166806532,18.93064116211873,53.38083736565113
1.4418046081934475,7.778967334207012,1.2953946623404222,1.374203536341616,-7.708387394188207,-5.319987697874855,0.46557708642568363,0.025512596664774536,11.683084955636385,-7.289458018234648,-0.46352235944498565,5.515790422876142,-1.5218517712550894,8.732618459674603,0.3658123300675665,-3.8198777542984383,-3.029817215792238,5.127159765159287,2.701731817394381,-4.233200175742404,1.6821375967501087,-8.77770414360335,3.9376272995339585,-9.015202347860685,3.666372824204746,-0.12977631133665296,2.1784665211779926,2.868769565369426,-7.551753173587373,-6.570283458206334,4.979023903269092,7.1098720643059385,2.807107153806921,-4.424422315466596,-9.582708151157265,-7.004931890623265,-2.383890442352465,2.12265255609333,-6.001003188200774,6.036261978135213,-1.0455006849217043,0.5223711318062915,0.7495046620673814,6.7871919033912205,-3.6260898445370495,-6.128558747805388,2.216239967484193,6.296778082562684,0.4243967704652647,2.9076325551922184,0.02054223150369732,1.8913749022173436,-4.017856991809083,2.9904374003819822,2.8955144248286735,8.47571565698613
1.3695577213151948,7.045924899338532,1.374203536341616,1.715672147187425,-7.212114229419432,-5.193560705274513,0.06918671850104298,0.33346654647668333,9.892266705755958,-7.138698859850345,-0.3312869601599662,4.413398252884112,-1.437903895853999,8.013761925120686,0.22060097784820706,-3.196985996359857,-3.282189696758656,4.673195766391987,2.708212941713026,-3.3737482611410274,1.2580240792161281,-7.966041265697385,3.5726190620647733,-8.70546648442892,3.578967093007871,-0.4113848771737186,1.6589806378318952,2.4834185207026573,-6.491213151771919,-5.519225496224532,4.196363746017783,6.326335015169094,2.510336381892106,-4.067417520004649,-8.562534310112579,-6.253466640154207,-1.7606072921082891,2.361264869839295,-5.42762734747973,5.58269012749007,-1.192078173950187,0.3587278583940511,0.9524404666287375,6.3287215332678,-3.7884526727366072,-5.665063569152614,1.937352597127513,5.502677068682263,0.284544356299316,2.877384455278638,-0.1587025727781242,1.82870269906355,-3.7705517134712703,2.560775592106044,2.76435402498625,8.545749337299863
-9.225597945792536,-51.1389813497405,-7.708387394188207,-7.212114229419432,49.736524951529574,33.49578775212522,-4.4319798891707824,1.0846371609385996,-79.50605231525384,45.88678122269136,3.3652160903165913,-38.48659952311337,9.769299152787893,-57.04806983521449,-2.8306340825844707,26.099909501212665,17.84147555576905,-33.6006299304687,-16.734971624095582,29.612372570921615,-12.085972082197983,57.654982878875394,-25.882159697761903,57.192424889417225,-23.14273136104043,-0.2757601102545653,-15.51228396901446,-19.333293810579892,51.0347018854225,44.93215749628784,-33.94860301704718,-47.20495038733159,-18.62153998477649,28.88783095698698,63.51096309687368,46.43506995387344,17.219006831452468,-12.309568564158376,39.453762394365015,-39.24804242824311,5.904580655020822,-3.9016288862062782,-3.8562452002465393,-43.94243348183615,21.889975327986544,39.87820676127807,-14.862612884515755,-42.17057824901211,-3.153044019381199,-18.151052064097946,-0.8151687093588402,-11.963937856320584,25.928843757695876,-20.228673815523454,-18.46029839313593,-52.40528705273856
-6.228152974830881,-34.254921423028044,-5.319987697874855,-5.193560705274513,33.49578775212522,22.728453482374835,-2.695978437188969,0.4837909816378471,-52.72042244316843,31.146936892245098,2.1883727037602063,-25.330572349811703,6.5888790951319125,-38.29089764549663,-1.8107596473539198,17.28297473947255,12.366021236086825,-22.527497601862844,-11.411251874133619,19.4799927547718,-7.890215189570428,38.630170167825646,-17.33840205914949,38.72503346648102,-15.697625521265866,0.04224792078420182,-10.148563646527583,-12.860033194302378,33.91339602170105,29.75862036924943,-22.49658762432397,-31.53190556192371,-12.442959120832441,19.394966305748927,42.4473926280043,31.032942467489043,11.226044545615222,-8.581049806547874,26.42143780837451,-26.377099339696638,4.144643225795487,-2.5243514063635697,-2.796198509448783,-29.57311278217299,15.052880021307864,26.799262505902835,-9.899736569809988,-28.093187223720935,-2.0371543519690496,-12.346282557289792,-0.4083247494226242,-8.103658210230945,17.46672461308814,-13.434548068280618,-12.475489855821166,-35.7703033405802
0.7956826307688338,4.87726211074309,0.46557708642568363,0.06918671850104298,-4.4319798891707824,-2.695978437188969,0.8877778998141223,-0.5212202210566417,8.496939954037806,-3.679816370290891,-0.43207332808675075,4.432359170390453,-0.8533337669370522,5.311827887635211,0.4151533444044445,-2.8283899477366954,-0.9948269508442544,3.1687362958943637,1.2505217574848304,-3.4300297778830444,1.502341647560473,-5.48059835116123,2.465562401570655,-4.747930130161656,1.8759542850922204,0.41165847453153953,1.8887539121531447,2.0003602813633647,-5.333543297689041,-4.866855741637722,3.6515823190978187,4.655136800927094,1.8285067627901352,-2.682356495605232,-6.22322356591306,-4.553796702680527,-2.1671275354821944,0.6070685248154976,-3.769297905658492,3.594526378434873,-0.2377147109718619,0.5268316906169942,0.004872399722872857,3.9570200607021353,-1.424453628090968,-3.6581856888653848,1.5140486942554394,4.285383662792961,0.4271150252437636,1.407625158320842,0.31058846119055106,0.9851325526827969,-2.3056678397328065,2.1242137917191233,1.5699601872371831,3.864978409059235
-0.17872208841616546,-1.398382473246463,0.025512596664774536,0.33346654647668333,1.0846371609385996,0.4837909816378471,-0.5212202210566417,0.39655670528843573,-2.9631502054734065,0.6640902092184626,0.18337210215753555,-1.7006618596488015,0.19872475270103632,-1.4564262806363335,-0.2015161455610066,0.9997481974729996,-0.11752285366571763,-0.8889960543877039,-0.15844641307454863,1.329431534387336,-0.630328961586518,1.5624374217806107,-0.7081900646862161,0.9603738851815068,-0.35517013025575567,-0.3365265519725041,-0.7707550476357503,-0.6678472232737829,1.8020227120700452,1.738568482568931,-1.2834830428513435,-1.4265376231595033,-0.5608869753549622,0.7333889152797254,1.889195472769085,1.3826682028626767,0.921660543293596,0.1405021280341848,1.079412700496487,-0.947431378292294,-0.12113830340087946,-0.24382630782379416,0.20761372119255495,-1.005177118141978,0.030449860575351238,0.9712437681002595,-0.49286644453841794,-1.3790313780233536,-0.19084117028224953,-0.2150849816193053,-0.22068492422261773,-0.18921266428088818,0.5693797688176876,-0.7195608301181808,-0.33663291639473275,-0.46934094814449245
14.673031371478631,82.67893554408597,11.683084955636385,9.892266705755958,-79.50605231525384,-52.72042244316843,8.496939954037806,-2.9631502054734065,131.16433864392354,-72.20991512152602,-5.750623689653009,64.3922378912169,-15.568847113814206,91.87643867528435,4.990897773724826,-43.15638620072873,-26.82586907135078,54.223975876124875,26.06447221002274,-49.60733219612391,20.539926947911958,-93.16425153003814,41.84325605241455,-90.45109960378586,36.482073779398284,1.5448891356267158,26.241695144953248,31.713430544580106,-83.85506399100628,-74.32720152436342,56.07030921914813,76.76324196333333,30.270298641425608,-46.50727117938797,-103.174911211591,-75.441311239235,-29.33954623315445,18.298353629846787,-63.79726766289046,63.03303860480076,-8.610467099778372,6.758192410423231,5.19343326804502,70.3828921655702,-33.49548179050329,-64.06698369614705,24.312063081909532,68.93213022446332,5.451615950832856,28.414766565031467,1.9815676970689968,18.889046160025305,-41.45044361080411,33.26125428571583,29.29291410615879,81.50330467645517
-8.535295590328785,-46.93129690491176,-7.289458018234648,-7.138698859850345,45.88678122269136,31.146936892245098,-3.679816370290891,0.6640902092184626,-72.20991512152602,42.713249565212436,2.9850296286235762,-34.67068685278465,9.02963328599693,-52.47829430059452,-2.4753532470157853,23.65435073760317,16.967304789486047,-30.869973989176433,-15.643386268514465,26.6672534903763,-10.799028208377155,52.929249586028995,-23.76401792625234,53.086430383646196,-21.53332815013102,0.07312598859102619,-13.883085350204977,-17.622542176182368,46.45957243888838,40.77378093444154,-30.80990469569958,-43.200838600265364,-17.063771102864692,26.585660543569976,58.170341555535416,42.521220984040085,15.361834689884466,-11.794602364219937,36.19252670571284,-36.148552657497504,5.685253350890199,-3.460703012599028,-3.838284241851474,-40.53248175358291,20.645860577940223,36.72916399726936,-13.567602414715585,-38.47939337486206,-2.7779896979211016,-16.92157376228242,-0.5506573574461288,-11.100179141174804,23.946508975149495,-18.400320454633263,-17.091937905383425,-49.064497337166166
-0.6160195630282468,-3.5423458891271427,-0.46352235944498565,-0.3312869601599662,3.3652160903165913,2.1883727037602063,-0.43207332808675075,0.18337210215753555,-5.750623689653009,2.9850296286235762,0.2664489003357982,-2.873722815040287,0.6549833880090968,-3.91288382178544,-0.2356087362244193,1.9037826432555367,1.044298968238411,-2.3157009528572803,-1.0663004484786816,2.215169966324374,-0.9314416327880207,3.9872656954096826,-1.7884990059827446,3.7685021497135174,-1.5086991571058355,-0.12364181637456612,-1.1866831080244697,-1.3791477568902448,3.6576648367587516,3.2624368669355435,-2.4621449830042366,-3.3100967750637085,-1.2974895391161458,1.9785929510671187,4.4380303193277255,3.2485464703768554,1.3345452407206593,-0.6943341064311611,2.7356877966813697,-2.676467956890817,0.32199753860653485,-0.31034852079573294,-0.17107050974364513,-2.9785948413535817,1.3374888367573359,2.7211728276064036,-1.0532113862843728,-2.992994984164829,-0.25549616117797275,-1.1705039939239976,-0.11904868754210776,-0.7880663471883501,1.747340586028102,-1.4530347451497785,-1.2288095533824908,-3.318315306502508
7.085629079091003,40.22103427855481,5.515790422876142,4.413398252884112,-38.48659952311337,-25.330572349811703,4.432359170390453,-1.7006618596488015,64.3922378912169,-34.67068685278465,-2.873722815040287,31.82334653091307,-7.525051432616906,44.60338313896887,2.522107250298224,-21.21886227402581,-12.59296901685311,26.354668741367746,12.460304283307932,-24.52350714036868,10.217946473814289,-45.308767747299896,20.35073551157701,-43.54287719876034,17.526167637622805,1.0023206067674033,13.035908613321844,15.522478970195134,-41.08595378100807,-36.5202298204798,27.54385816758242,37.436170019742534,14.752360369669411,-22.570136253315972,-50.28662263838383,-36.7736427628216,-14.61098917312436,8.524370193708238,-31.046503595072107,30.566096643211356,-3.9832513145547748,3.3818558104693075,2.2940622187837456,34.083123266588075,-15.865334809421364,-31.066460520748755,11.885140578345238,33.703509890702236,2.7380474540417308,13.61932226019711,1.116263954997919,9.093934310425077,-20.05230283360472,16.307914955517738,14.133109086125485,38.9079722094941
-1.813987766604191,-10.0337598477547,-1.5218517712550894,-1.437903895853999,9.769299152787893,6.5888790951319125,-0.8533337669370522,0.19872475270103632,-15.568847113814206,9.02963328599693,0.6549833880090968,-7.525051432616906,1.9206815962836896,-11.198232236998608,-0.5501483653334758,5.107285853368624,3.5256653142400243,-6.595522254355461,-3.2964444434117213,5.78863466837555,-2.359275417149766,11.313849812409227,-5.080424822064762,11.24720038366899,-4.554019384576419,-0.04091632352534793,-3.0298586301059376,-3.787754620592581,9.997195636006122,8.7973243966848,-6.647546125060055,-9.25554165712393,-3.655162648849622,5.670408878499026,12.456668819945355,9.105494981163915,3.3599258459444883,-2.435697313941698,7.742202483926906,-7.707112081504494,1.170625154440706,-0.7596102949909281,-0.7681925259099156,-8.629997925813758,4.317420121327869,7.828918111245744,-2.91338082451433,-8.264191732241274,-0.6131152041098606,-3.5739244807383774,-0.15276609377725525,-2.3535731189194418,5.094874899357038,-3.9634050234113563,-3.629312838895336,-10.323482450621325
10.570067598148121,58.821366170635805,8.732618459674603,8.013761925120686,-57.04806983521449,-38.29089764549663,5.311827887635211,-1.4564262806363335,91.87643867528435,-52.47829430059452,-3.91288382178544,44.60338313896887,-11.198232236998608,65.57507780088808,3.3212204556498843,-30.16421448187902,-20.201506697168227,38.633736778697006,19.085753746425258,-34.336502259168164,14.060742666227716,-66.3103408953585,29.775143975215872,-65.46846532218318,26.483094058726888,0.4889688368950192,18.01845346397015,22.320108924263817,-58.92826323112787,-51.971006352684384,39.236960436648715,54.375928317616086,21.456928155318337,-33.207959275799396,-73.150019523801,-53.480631308607656,-20.04526133833873,13.921913938205382,-45.37213221584784,45.08004223237945,-6.635844205178277,4.568409035550365,4.266841577628397,50.44676945882031,-24.878536425303626,-45.81452333187998,17.147312221797222,48.62571444411205,3.6759749229645458,20.721746622086307,1.040200850033117,13.679996018749947,-29.756334475982573,23.354107073786114,21.13636821208203,59.780889995133144
0.5162595601629446,3.015944524301302,0.3658123300675665,0.22060097784820706,-2.8306340825844707,-1.8107596473539198,0.4151533444044445,-0.2015161455610066,4.990897773724826,-2.4753532470157853,-0.2356087362244193,2.522107250298224,-0.5501483653334758,3.3212204556498843,0.21508395985548598,-1.651726517497163,-0.8181730145748677,1.9695706701038156,0.8728936530740751,-1.9467391272258514,0.8285491207995087,-3.393843901297102,1.5251469773821498,-3.1390227246644486,1.254918369280038,0.14380814594396737,1.0503996955547166,1.191717614375935,-3.163620609049236,-2.8414240276369536,2.1388828059648235,2.8342997451806866,1.1149240068306998,-1.6794068597157665,-3.799871585882978,-2.7797648485023365,-1.1888741574060202,0.5380826447634366,-2.329134521346574,2.265293033061204,-0.2408158018904893,0.2811618183323547,0.10761377480858866,2.513924853664173,-1.0715818968404098,-2.3034518036892773,0.9082217343713753,2.574324154195462,0.22808002664624888,0.9635311873910023,0.12503487238837313,0.6539290833682961,-1.4735916393167756,1.2574115984084964,1.025908450170273,2.7153943888726912
-4.812778616613045,-27.16016035473126,-3.8198777542984383,-3.196985996359857,26.099909501212665,17.28297473947255,-2.8283899477366954,0.9997481974729996,-43.15638620072873,23.65435073760317,1.9037826432555367,-21.21886227402581,5.107285853368624,-30.16421448187902,-1.651726517497163,14.212483253942695,8.753800165217685,-17.806221456119374,-8.534351969824856,16.346470134299796,-6.775405325029673,30.601175458784905,-13.739246129611582,29.651292999894753,-11.948345000387457,-0.539923224966025,-8.657141268381189,-10.42639048239155,27.578652969050225,24.452034278517548,-18.45120325371995,-25.227497904885286,-9.936921240813815,15.266307501060204,33.8956583172131,24.789267923745697,9.681797469845758,-5.954625360457556,20.960100103001718,-20.69078603171997,2.8033509451927014,-2.22935265754276,-1.6795362843649027,-23.097922840957526,10.949497431336132,21.03091645273774,-7.990235399317469,-22.66681557589737,-1.8063130308552982,-9.3091682536113,-0.6698212430570811,-6.195792503166063,13.596461221325514,-10.941080142199933,-9.609950249685507,-26.670643270737912
-3.3414935882051386,-17.963749000375064,-3.029817215792238,-3.282189696758656,17.84147555576905,12.366021236086825,-0.9948269508442544,-0.11752285366571763,-26.82586907135078,16.967304789486047,1.044298968238411,-12.59296901685311,3.5256653142400243,-20.201506697168227,-0.8181730145748677,8.753800165217685,7.123501994200218,-11.84717610510692,-6.294351183306255,9.668895648912356,-3.8220787443817255,20.27595763766637,-9.097605382205442,20.947557175235776,-8.535501584382807,0.370825825933641,-4.95001003797445,-6.605877629395781,17.368229227388593,15.088750685398683,-11.424602697502445,-16.40026412991328,-6.483178096589455,10.240258216087533,22.117014539741998,16.164377259794186,5.41395299021086,-5.01751139130255,13.8471018001265,-13.968146127163541,2.4650682829765636,-1.186803034529431,-1.7923240623330075,-15.72230986328944,8.492756105910702,14.188180006778998,-5.106936766745587,-14.494342715558956,-0.9514545631995386,-6.764467802978072,-0.0035087683220830614,-4.388102348735295,9.313572721634074,-6.869203224484471,-6.711516759785287,-19.786540681311166
6.2246565169117805,34.66735049317494,5.127159765159287,4.673195766391987,-33.6006299304687,-22.527497601862844,3.1687362958943637,-0.8889960543877039,54.223975876124875,-30.869973989176433,-2.3157009528572803,26.354668741367746,-6.595522254355461,38.633736778697006,1.9695706701038156,-17.806221456119374,-11.84717610510692,22.768143919154745,11.22254341688408,-20.286750733578216,8.316381710605656,-39.0800044204179,17.54946793115929,-38.52602790596996,15.579447374560173,0.32153314583417586,10.656844299170528,13.164877300958677,-34.76574118043391,-30.674460083211027,23.16077877580218,32.056219033530724,12.65119702160585,-19.562241394085042,-43.12205034049246,-31.525751694130836,-11.85701243282561,8.153773103294991,-26.74606220022305,26.556989334632863,-3.886843197195136,2.7022493008702013,2.4840149369419975,29.709890416267033,-14.605962425963149,-26.98577552419215,10.11291150568595,28.679447200783784,2.1776503042109305,12.18960372405799,0.6344741979172559,8.052769737610795,-17.523617504997294,13.782483730722047,12.444685731788041,35.13624906957828
3.1179769273317874,17.05141134253869,2.701731817394381,2.708212941713026,-16.734971624095582,-11.411251874133619,1.2505217574848304,-0.15844641307454863,26.06447221002274,-15.643386268514465,-1.0663004484786816,12.460304283307932,-3.2964444434117213,19.085753746425258,0.8728936530740751,-8.534351969824856,-6.294351183306255,11.22254341688408,5.7497627985618935,-9.57711036029186,3.8593633009814496,-19.233241110359987,8.63349553707991,-19.416581783694816,7.880946291576483,-0.09634825925010598,4.9720603016038405,6.3704369090962585,-16.789577986609853,-14.699968650615265,11.118130023996795,15.664248352198115,6.186793384644728,-9.668627126598382,-21.09776694620242,-15.421790148504956,-5.484022650084472,4.38373568130635,-13.152640791764693,13.160464555554459,-2.1283710907780873,1.225583675616573,1.4622217488923601,14.766733245992324,-7.622538372770739,-13.36746858822861,4.909411231275745,13.931896912925323,0.9882321499125928,6.210848166990638,0.1584704893172694,4.06482964761423,-8.729303299172662,6.650509596026237,6.248653246638705,18.03025884426503
-5.450120278725549,-30.963707993890214,-4.233200175742404,-3.3737482611410274,29.612372570921615,19.4799927547718,-3.4300297778830444,1.329431534387336,-49.60733219612391,26.6672534903763,2.215169966324374,-24.52350714036868,5.78863466837555,-34.336502259168164,-1.9467391272258514,16.346470134299796,9.668895648912356,-20.286750733578216,-9.57711036029186,18.901928467540554,-7.878733581106395,34.8801584623431,-15.666649800700116,33.49550179532006,-13.482272344193854,-0.7847119644920455,-10.047634598059997,-11.958501605990213,31.65048758274972,28.14138508105276,-21.218902901746297,-28.829012755074892,-11.360065504919845,17.37600306180293,38.72357155998507,28.31831136363143,11.268345123708915,-6.5459350780716035,23.89697510803259,-23.525505106169284,3.0516643235896073,-2.6120438017028262,-1.7524474433040487,-26.23226354972067,12.190272104467013,23.9144666940552,-9.154812495842092,-25.956397210269106,-2.111184607908806,-10.469554549530928,-0.8664735372263136,-6.992440285079249,15.431610713941366,-12.560224918668952,-10.869868059137252,-29.914209314069815
2.2192786314425104,12.703769466039109,1.6821375967501087,1.2580240792161281,-12.085972082197983,-7.890215189570428,1.502341647560473,-0.630328961586518,20.539926947911958,-10.799028208377155,-0.9314416327880207,10.217946473814289,-2.359275417149766,14.060742666227716,0.8285491207995087,-6.775405325029673,-3.8220787443817255,8.316381710605656,3.8593633009814496,-7.878733581106395,3.3043092723715195,-14.306659917174311,6.427676503299766,-13.598248924806084,5.464193023635259,0.40098435490445233,4.206421761878704,4.938102360615587,-13.080583082448296,-11.664555867503399,8.790609223203141,11.85848320644604,4.672213887607161,-7.1140164144724105,-15.92135403500584,-11.643533670969628,-4.729963213028863,2.5698334969169054,-9.80652850293703,9.62190464283368,-1.1861077344495718,1.1030834259185256,0.6445856750969785,10.71450696822173,-4.865443433943378,-9.781204407760677,3.7757923243650384,10.703216112749338,0.8919155527483087,4.2298189398220405,0.4034009892928491,2.8369126184161297,-6.2975647762676825,5.1935006950697,4.421273382621806,12.041794575884484
-10.676757734062935,-59.51320409801987,-8.77770414360335,-7.966041265697385,57.654982878875394,38.630170167825646,-5.48059835116123,1.5624374217806107,-93.16425153003814,52.929249586028995,3.9872656954096826,-45.308767747299896,11.313849812409227,-66.3103408953585,-3.393843901297102,30.601175458784905,20.27595763766637,-39.0800044204179,-19.233241110359987,34.8801584623431,-14.306659917174311,67.08606901441267,-30.123167694737838,66.07335712751916,-26.712639286105325,-0.585312831736846,-18.329721183858645,-22.613783308192335,59.72275527787876,52.70715563740735,-39.794562004177074,-55.04615401205608,-21.71730427893445,33.57563516176224,74.0395803355835,54.13233742812724,20.402214809049788,-13.945721175450517,45.91296946571788,-45.575068312467074,6.6423243965309124,-4.653024102463914,-4.234109954151317,-50.9820677023901,25.016913521281715,46.31486376838116,-17.368171648668365,-49.25779188274756,-3.7512819697926547,-20.895382540800902,-1.1082730693783531,-13.810222377988687,30.06486811985935,-23.675394607186828,-21.345660728358002,-60.21519726175375
4.794162891832172,26.72197595447392,3.9376272995339585,3.5726190620647733,-25.882159697761903,-17.33840205914949,2.465562401570655,-0.7081900646862161,41.84325605241455,-23.76401792625234,-1.7884990059827446,20.35073551157701,-5.080424822064762,29.775143975215872,1.5251469773821498,-13.739246129611582,-9.097605382205442,17.54946793115929,8.63349553707991,-15.666649800700116,6.427676503299766,-30.123167694737838,13.529322749046806,-29.663078378638456,11.995534139410292,0.2664827910223844,8.233570440703508,10.156594022246372,-26.82251880217871,-23.676644611131692,17.873571559853033,24.717236821129397,9.758133213096764,-15.076852445867392,-33.250606067904066,-24.30748185978236,-9.165009075016997,6.260356423524606,-20.616035433670607,20.464368518196277,-2.9797272615658597,2.0914642343582193,1.8957982644228977,22.890422556523514,-11.225723075799912,-20.794780700629335,7.801241400145664,22.118942449529712,1.6830410478812314,9.379800542733491,0.5006580311340111,6.19860262254895,-13.501365784982339,10.633782394386742,9.582389414301412,27.031340866842765
-10.628275601274707,-58.59264727593704,-9.015202347860685,-8.70546648442892,57.192424889417225,38.72503346648102,-4.747930130161656,0.9603738851815068,-90.45109960378586,53.086430383646196,3.7685021497135174,-43.54287719876034,11.24720038366899,-65.46846532218318,-3.1390227246644486,29.651292999894753,20.947557175235776,-38.52602790596996,-19.416581783694816,33.49550179532006,-13.598248924806084,66.07335712751916,-29.663078378638456,66.0385983575642,-26.76586433211631,-0.03796341066280982,-17.47240249100759,-22.049017554382505,58.15283705241688,51.087320122849626,-38.60190373948602,-53.98356425689261,-21.311989094006062,33.16195940403777,72.66925758229578,53.12427835652918,19.353898660306477,-14.52726969213299,45.19065832860825,-45.07842772920077,6.991667333118833,-4.3684366177647656,-4.673849241231157,-50.522270886116736,25.55528233487182,45.803483276200424,-16.96711168369357,-48.128856636729445,-3.5147535065847895,-21.02071539301622,-0.7652996045798424,-13.810163179103295,29.83573190009982,-23.03672815331562,-21.27873577757594,-60.86955326385527
4.304270104959084,23.68566720471965,3.666372824204746,3.578967093007871,-23.14273136104043,-15.697625521265866,1.8759542850922204,-0.35517013025575567,36.482073779398284,-21.53332815013102,-1.5086991571058355,17.526167637622805,-4.554019384576419,26.483094058726888,1.254918369280038,-11.948345000387457,-8.535501584382807,15.579447374560173,7.880946291576483,-13.482272344193854,5.464193023635259,-26.712639286105325,11.995534139410292,-26.76586433211631,10.858250569198418,-0.02219542659856893,7.021097206591782,8.902128279444007,-23.468775441138817,-20.606190079619843,15.56626237252866,21.81017497359454,8.61820357352434,-13.417198432037889,-29.369261400327513,-21.466878410113914,-7.773342095638816,5.934739623348505,-18.264807633098936,18.239156914832982,-2.8555378746733604,1.7544375895415882,1.9216530014193627,20.44880969778278,-10.393536147719743,-18.53273883115116,6.853011324309044,19.430278794327887,1.4049477045639727,8.526325621880474,0.2868835853789744,5.594097009980258,-12.081426629744636,9.294326459684667,8.617076697435346,24.722031280563552
0.03066179158356828,0.5319449363673573,-0.12977631133665296,-0.4113848771737186,-0.2757601102545653,0.04224792078420182,0.41165847453153953,-0.3365265519725041,1.5448891356267158,0.07312598859102619,-0.12364181637456612,1.0023206067674033,-0.04091632352534793,0.4889688368950192,0.14380814594396737,-0.539923224966025,0.370825825933641,0.32153314583417586,-0.09634825925010598,-0.7847119644920455,0.40098435490445233,-0.585312831736846,0.2664827910223844,-0.03796341066280982,-0.02219542659856893,0.30696301793784136,0.4857525023237089,0.3220110218205885,-0.8949446768335352,-0.9208588522237474,0.6791754818273512,0.6091596747063038,0.23343154030670857,-0.2405304058356686,-0.7872714777448071,-0.5786400292254038,-0.5919841511351815,-0.3220543416025912,-0.4182826255840408,0.2909744271851211,0.1928953090010218,0.16016145686381278,-0.24518306241803178,0.27115348411900686,0.2949262692479784,-0.29810975664810396,0.22922895528419265,0.6457389408200174,0.13352325931774464,-0.0635848945416003,0.192734803828931,0.004008540958741541,-0.13702212736410613,0.3647068162740275,0.04427216493865082,-0.3496890537258339
2.8507197327421294,16.274597545422854,2.1784665211779926,1.6589806378318952,-15.51228396901446,-10.148563646527583,1.8887539121531447,-0.7707550476357503,26.241695144953248,-13.883085350204977,-1.1866831080244697,13.035908613321844,-3.0298586301059376,18.01845346397015,1.0503996955547166,-8.657141268381189,-4.95001003797445,10.656844299170528,4.9720603016038405,-10.047634598059997,4.206421761878704,-18.329721183858645,8.233570440703508,-17.47240249100759,7.021097206591782,0.4857525023237089,5.361392877871363,6.3107246054628146,-16.717713825041262,-14.892855565966519,11.230753579674072,15.176943340688116,5.978729597084989,-9.114645773314907,-20.377562851519567,-14.902372371934314,-6.020154945051236,3.328276987730722,-12.56656589259112,12.337125868043216,-1.5464933098418385,1.3978965636780396,0.8536907469578968,13.740960415754804,-6.28231844781362,-12.53808490645886,4.827613972960309,13.69123041850637,1.1350793922465094,5.446534570620088,0.5007901175616174,3.6502252693028923,-8.0782486548573509,6.639782192611617,5.6817082955041425,15.506802432365081
3.5712219170913113,20.066494558651474,2.868769565369426,2.4834185207026573,-19.333293810579892,-12.860033194302378,2.0003602813633647,-0.6678472232737829,31.713430544580106,-17.622542176182368,-1.3791477568902448,15.522478970195134,-3.787754620592581,22.320108924263817,1.191717614375935,-10.42639048239155,-6.605877629395781,13.164877300958677,6.3704369090962585,-11.958501605990213,4.938102360615587,-22.613783308192335,10.156594022246372,-22.049017554382505,8.902128279444007,0.3220110218205885,6.3107246054628146,7.679111885863262,-20.29321518540363,-17.967129029656274,13.552302568727658,18.613320218283857,7.341895340793082,-11.301156030851518,-25.024289961370297,-18.29713021828098,-7.050359325811921,4.5229774881645675,-15.479106508060358,15.318750020654301,-2.131135279397678,1.622556912072325,1.3088537936377478,17.116257277130067,-8.219533425373058,-15.572198420971667,5.889564786922413,16.69510651995567,1.3043946114466667,6.936779976727819,0.44818094462151037,4.602046067711969,-10.084250570770317,8.045222073479938,7.13199525989748,19.937960558678306
-9.42450571449788,-52.99729338111594,-7.551753173587373,-6.491213151771919,51.0347018854225,33.91339602170105,-5.333543297689041,1.8020227120700452,-83.85506399100628,46.45957243888838,3.6576648367587516,-41.08595378100807,9.997195636006122,-58.92826323112787,-3.163620609049236,27.578652969050225,17.368229227388593,-34.76574118043391,-16.789577986609853,31.65048758274972,-13.080583082448296,59.72275527787876,-26.82251880217871,58.15283705241688,-23.468775441138817,-0.8949446768335352,-16.717713825041262,-20.29321518540363,53.641123298513385,47.50712956254772,-35.83927841994718,-49.171275224681374,-19.39200295001487,29.8327486032393,66.09992271215444,48.33154400751871,18.678696003377986,-11.873112896128996,40.888454981001075,-40.440701490771055,5.596265908822943,-4.297354607173268,-3.4174715500065083,-45.175198860319135,21.633728518890404,41.105938130360364,-15.562216495936072,-44.12172158781711,-3.4621222634901265,-18.289650440039715,-1.2117052949641944,-12.142658525053468,26.611831349078027,-21.271424971648134,-18.8201246413485,-52.52452975929319
-8.289593298441238,-46.775671211260224,-6.570283458206334,-5.519225496224532,44.93215749628784,29.75862036924943,-4.866855741637722,1.738568482568931,-74.32720152436342,40.77378093444154,3.2624368669355435,-36.5202298204798,8.7973243966848,-51.971006352684384,-2.8414240276369536,24.452034278517548,15.088750685398683,-30.674460083211027,-14.699968650615265,28.14138508105276,-11.664555867503399,52.70715563740735,-23.676644611131692,51.087320122849626,-20.606190079619843,-0.9208588522237474,-14.892855565966519,-17.967129029656274,47.50712956254772,42.136797118862034,-31.774497099674594,-43.452543363238355,-17.140814985511806,26.309053920177902,58.40401994948231,42.702638698811825,16.665138292529885,-10.291851711699344,36.08913535220952,-35.644700727696765,4.827002680759499,-3.847776361486366,-2.8901746825830186,-39.79450365668822,18.86728036752196,36.23321913527303,-13.771032427713212,-39.03123576102175,-3.095463033870481,-16.031229439795702,-1.149184703620217,-10.662139503429987,23.434639476211654,-18.841666302212712,-16.54365480538296,-45.97815674152586
6.26451439072713,35.31639043137121,4.979023903269092,4.196363746017783,-33.94860301704718,-22.49658762432397,3.6515823190978187,-1.2834830428513435,56.07030921914813,-30.80990469569958,-2.4621449830042366,27.54385816758242,-6.647546125060055,39.236960436648715,2.1388828059648235,-18.45120325371995,-11.424602697502445,23.16077877580218,11.118130023996795,-21.218902901746297,8.790609223203141,-39.794562004177074,17.873571559853033,-38.60190373948602,15.56626237252866,0.6791754818273512,11.230753579674072,13.552302568727658,-35.83927841994718,-31.774497099674594,23.971082827872102,32.79489413073873,12.932423644081826,-19.860100448763,-44.07674448742727,-32.22847870474123,-12.557562376834367,7.786126755598167,-27.253835363813295,26.917633594741435,-3.663779834077484,2.892481675473299,2.200733635565045,30.0514984571773,-14.274943917599199,-27.35731909432294,10.388786203178986,29.456712400849383,2.3353155101905503,12.123787445867697,0.8587077682685025,8.06285935077594,-17.697256714134305,14.217997773122248,12.50514849059075,34.7578017548908
8.731140219503214,48.83891708465894,7.1098720643059385,6.326335015169094,-47.20495038733159,-31.53190556192371,4.655136800927094,-1.4265376231595033,76.76324196333333,-43.200838600265364,-3.3100967750637085,37.436170019742534,-9.25554165712393,54.375928317616086,2.8342997451806866,-25.227497904885286,-16.40026412991328,32.056219033530724,15.664248352198115,-28.829012755074892,11.85848320644604,-55.04615401205608,24.717236821129397,-53.98356425689261,21.81017497359454,0.6091596747063038,15.176943340688116,18.613320218283857,-49.171275224681374,-43.452543363238355,32.79489413073873,45.22858048527535,17.83743779115469,-27.53226207487876,-60.81897360615381,-44.46994974575751,-16.920383223747873,11.256845790044755,-37.67533207643735,37.34934177215596,-5.338208200154745,3.87387452414899,3.3532299056660326,41.7610246683697,-20.307549379181026,-37.96220701037857,14.286397553767479,40.51312926390018,3.1211005686567135,17.034256579559152,0.9856971669478949,11.276893117992685,-24.615215816193455,19.492265186712498,17.44939433700697,49.03405516553721
3.447832280054378,19.265316547338003,2.807107153806921,2.510336381892106,-18.62153998477649,-12.442959120832441,1.8285067627901352,-0.5608869753549622,30.270298641425608,-17.063771102864692,-1.2974895391161458,14.752360369669411,-3.655162648849622,21.456928155318337,1.1149240068306998,-9.936921240813815,-6.483178096589455,12.65119702160585,6.186793384644728,-11.360065504919845,4.672213887607161,-21.71730427893445,9.758133213096764,-21.311989094006062,8.61820357352434,0.23343154030670857,5.978729597084989,7.341895340793082,-19.39200295001487,-17.140814985511806,12.932423644081826,17.83743779115469,7.048896942370354,-10.864894611912597,-23.997165513491954,-17.539814609679283,-6.664202785113279,4.45797611954637,-14.863189831743826,14.740324638422992,-2.112290223250024,1.5263464110293867,1.3250711946139235,16.47990133058698,-8.020856373025428,-14.978315170320435,5.6375554498900176,15.97432912187057,1.223588408687877,6.727085897193463,0.3867339936453321,4.4505514701746876,-9.720092228724758,7.688820509408668,6.886303468254896,19.372382492372388
-5.352638339561948,-29.783820655552248,-4.424422315466596,-4.067417520004649,28.88783095698698,19.394966305748927,-2.682356495605232,0.7333889152797254,-46.50727117938797,26.585660543569976,1.9785929510671187,-22.570136253315972,5.670408878499026,-33.207959275799396,-1.6794068597157665,15.266307501060204,10.240258216087533,-19.562241394085042,-9.668627126598382,17.37600306180293,-7.1140164144724105,33.57563516176224,-15.076852445867392,33.16195940403777,-13.417198432037889,-0.2405304058356686,-9.114645773314907,-11.301156030851518,29.8327486032393,26.309053920177902,-19.860100448763,-27.53226207487876,-10.864894611912597,16.818528281030265,37.039895899227524,27.08026992441815,10.140786299435181,-7.062571977071369,22.97127623556349,-22.82860408400539,3.3639903130274473,-2.31280767603816,-2.1663566103673175,-25.548915754641115,12.608581701531975,23.202215195439805,-8.682030690790347,-24.617455733470276,-1.8582152714369902,-10.495542048807623,-0.5217859819083265,-6.926691843360047,15.070756770214304,-11.82113247565987,-10.703483374112876,-30.29134134471443
-11.751586525725646,-65.68761648083641,-9.582708151157265,-8.562534310112579,63.51096309687368,42.4473926280043,-6.22322356591306,1.889195472769085,-103.174911211591,58.170341555535416,4.4380303193277255,-50.28662263838383,12.456668819945355,-73.150019523801,-3.799871585882978,33.8956583172131,22.117014539741998,-43.12205034049246,-21.09776694620242,38.72357155998507,-15.92135403500584,74.0395803355835,-33.250606067904066,72.66925758229578,-29.369261400327513,-0.7872714777448071,-20.377562851519567,-25.024289961370297,66.09992271215444,58.40401994948231,-44.07674448742727,-60.81897360615381,-23.997165513491954,37.039895899227524,81.79505282997687,59.802282868814345,22.713180963597125,-15.194301806323079,50.67257016777005,-50.25009011919312,7.206844345406443,-5.1991266240973975,-4.536961698911717,-56.18967669830842,27.36706795571282,51.07180494014258,-19.21025205296722,-54.46660355165449,-4.183106580757316,-22.938130920040177,-1.3075812477421165,-15.178411053254733,33.12674697538644,-26.202819958116102,-23.484092966788513,-66.05220817443237
-8.590237657627615,-48.027554864208305,-7.004931890623265,-6.253466640154207,46.43506995387344,31.032942467489043,-4.553796702680527,1.3826682028626767,-75.441311239235,42.521220984040085,3.2485464703768554,-36.7736427628216,9.105494981163915,-53.480631308607656,-2.7797648485023365,24.789267923745697,16.164377259794186,-31.525751694130836,-15.421790148504956,28.31831136363143,-11.643533670969628,54.13233742812724,-24.30748185978236,53.12427835652918,-21.466878410113914,-0.5786400292254038,-14.902372371934314,-18.29713021828098,48.33154400751871,42.702638698811825,-32.22847870474123,-44.46994974575751,-17.539814609679283,27.08026992441815,59.802282868814345,43.72605895275969,16.611458121715973,-11.101983000919658,37.048022233276996,-36.736969017160526,5.265964152192033,-3.80267160915824,-3.316143617339638,-41.08038681400401,20.004889074540444,37.33993762078102,-14.044851261830367,-39.82653969267154,-3.061846708955957,-16.76718154037314,-0.9567528259796333,-11.096080493878203,24.21608739496791,-19.158064745193837,-17.168557578321334,-48.280733201717084
-3.1597142456321237,-18.116516136250628,-2.383890442352465,-1.7606072921082891,17.219006831452468,11.226044545615222,-2.1671275354821944,0.921660543293596,-29.33954623315445,15.361834689884466,1.3345452407206593,-14.61098917312436,3.3599258459444883,-20.04526133833873,-1.1888741574060202,9.681797469845758,5.41395299021086,-11.85701243282561,-5.484022650084472,11.268345123708915,-4.729963213028863,20.402214809049788,-9.165009075016997,19.353898660306477,-7.773342095638816,-0.5919841511351815,-6.020154945051236,-7.050359325811921,18.678696003377986,16.665138292529885,-12.557562376834367,-16.920383223747873,-6.664202785113279,10.140786299435181,22.713180963597125,16.611458121715973,6.774520553388674,-3.633414188343689,13.984212515305831,-13.713086747582535,1.6731956012451956,-1.5811879187154045,-0.9003075162181733,-15.267325321723554,6.903831254911857,13.94215556645145,-5.389401111156152,-15.277433271302439,-1.279050658257829,-6.014320792086395,-0.587371405913498,-4.038310825058506,8.970655678276911,-7.416019097437098,-6.294166719696826,-17.110944464018537
