V1,V2,V3,V4,V5,V6,V7,V8,V9,V10,V11,V12,V13,V14,V15,V16,V17,V18,V19,V20,V21,V22,V23,V24,V25,V26,V27,V28,V29,V30,V31,V32,V33,V34,V35,V36,V37,V38,V39,V40,V41,V42,V43,V44,V45,V46,V47,V48,V49,V50,V51,V52,V53,V54,V55,V56
5.092481619636676,0.17886580900622948,2.0612005533095363,0.04006248170344716,-4.157601671508018,-1.7186417027650445,-3.783006523020149,-1.319661963120328,0.252522557641074,3.0958357207460607,0.35505029824372025,-1.3152490845512455,0.15100637926861493,0.6019029999959232,1.1727236663991105,-0.7926252625142939,0.7487516212003476,-2.2490943381922044,-1.419949566367403,1.444901462103295,-3.5535908458797345,-0.6842223819592039,-0.17412962723245864,-2.936826427455678,2.297305263431881,-1.7500595671942363,-2.6055444282631974,-0.2358080218349967,-0.6360096334103854,0.8877512854280237,-1.9002401346350768,-1.2516861556195178,-2.041873864194415,-2.8905915042017556,1.1182696349806147,1.6399764255803595,-1.3930075554887504,-2.0046188695360607,-0.13515621789104845,1.351786985993959,0.8220572003836558,-2.3583626466762695,1.8298380581067237,-2.1287216906138684,0.5168538006254938,-1.373691689301962,2.4044232526507887,2.108361347827595,-2.519640831417028,-0.6403088528601751,1.8464911787161717,-1.7831667969365272,0.08117672626712953,-1.895947154661258,-3.2697013336954988,1.6255000436153837
0.17886580900622948,1.4804001767476576,1.166963026697183,0.12360973619937968,0.15360802385289896,-1.263299548012311,1.5928379424162695,1.8713052546233295,-0.25402971030568305,-2.1665599275591174,-0.48307877351138945,-1.1523375973285268,-0.22914995643023087,-0.8164985184493504,0.8251120903321058,-0.2826347435578443,0.7083006729362589,0.22539326696361092,1.0004908044307124,2.1404857720680073,-2.905617296187551,1.8881715498717784,1.5885769679375332,-0.6151062857816355,-0.22375396272133108,-0.02294391966698763,0.5026773121988218,-2.3253516549223,0.1962805507846955,0.12121911344978772,0.7913787791389615,0.23640663177799087,-2.4699907088010558,-1.1222714599120869,-1.601287316492332,1.120058969929391,2.1387591271554416,1.0386532153407808,1.440770895574712,0.9618571626143464,0.9324973548592462,2.5867288681970386,-0.44920863133245115,2.2565071418166496,0.49020307330838697,0.5738136442944469,-2.362200776106724,-3.1085831530734223,-1.459909582883918,-0.7212421075412143,-0.513810133748374,0.3173706428953352,1.4582616345322192,-0.13578771823082958,0.18883134643758986,1.6025258043211978
2.0612005533095363,1.166963026697183,1.6572693926864481,0.11245859197938564,-1.463988507027476,-1.602016858267464,-0.2527317293296171,0.9136667272278216,-0.09613940855172855,-0.45287159344687755,-0.22797157145000393,-1.3704547355388508,-0.1078027651307942,-0.38349695826425634,1.0740214646714314,-0.5269023877080115,0.8228132192759235,-0.6792762469698117,0.21924288043512055,2.1567513098114284,-3.5159528743110937,1.1555921498434043,1.116808037860537,-1.5689959291829603,0.7002803660838396,-0.676959250303392,-0.6114350001816293,-1.83737813176865,-0.08740493598716463,0.437594218944541,-0.11571459882389391,-0.287518922727088,-2.613182281121701,-1.9413928849454558,-0.774398074149586,1.4611344216445181,1.0812454425596836,0.022363583954641348,1.0326391486015116,1.2215543130680733,1.009980593267665,1.0522414144633983,0.34731969510375227,0.8898435634394773,0.5702119967074157,-0.09218462926012623,-0.8689725276717444,-1.5498441010589028,-2.0483582518748564,-0.7877911948584246,0.31061477854164843,-0.44591040299054896,1.1205144083129421,-0.8284077706991834,-1.0923234432534257,1.8286104145603648
0.04006248170344716,0.12360973619937968,0.11245859197938564,0.039921093534456484,-0.004630781286127367,-0.11124267621330249,0.16517286311186488,0.22281430317796952,-0.028048063243084512,-0.21195517241711398,-0.029646371656019844,-0.13522498099357882,-0.024920479857576255,-0.09029630512692409,0.10479776893152314,-0.04133508945815215,0.07123185773228613,0.03259809118938717,0.10091865221338427,0.22879264756713258,-0.2701435309082041,0.19316078903694206,0.15554536613206146,-0.059648567981516076,-0.03560781776400281,0.011614024400206861,0.04049481605145081,-0.2182942452481059,0.024544486815723486,0.019571407313653373,0.1007199036347883,0.03148006047906588,-0.24450025402122536,-0.12634193289600906,-0.14370348206952124,0.1256137978233563,0.2187672047142019,0.08630809270842145,0.12619370702775934,0.06477518488442087,0.12382641303457698,0.2623669332131237,-0.05231405141247825,0.23596154912701484,0.053077856930300434,0.05084926156504588,-0.2360326696394071,-0.3257219571578953,-0.14861815244713744,-0.05667400651929866,-0.039686256356001356,0.027466128385177844,0.12985199607986841,-0.020463883786970664,0.008504857851171832,0.16285120329978767
-4.157601671508018,0.15360802385289896,-1.463988507027476,-0.004630781286127367,3.4576057241566347,1.1651641521427134,3.450823993591865,1.4706779075298189,-0.2597804321317923,-2.991690847386807,-0.38719902139995743,0.8502415330039849,-0.1746470211000714,-0.6643089806930735,-0.8001345333887842,0.6004139630187998,-0.47714881163426365,1.9006398368973643,1.37114954438536,-0.7556157282984037,2.3396586311530974,0.9492513285581833,0.46965489588931825,2.2948751698190373,-1.941396750194931,1.4396687945581574,2.2493889543246923,-0.27327062318385337,0.5623627622069819,-0.7107623098404597,1.7270363284498376,1.0773670074412218,1.1765252605007168,2.1549862877738026,-1.2455716704513817,-1.122046813854884,1.58184071440049,1.8592807594575762,0.39910761479361256,-0.9198927935205534,-0.48207797605334823,2.468342180697174,-1.5974214117565289,2.2139785328284765,-0.32893372681987637,1.2490377526154715,-2.4587487468564238,-2.365036452596598,1.7800980812246325,0.3864815872222128,-1.623072631508867,1.5379519804046817,0.22800206395086706,1.538364892264462,2.7303513233396335,-1.0194093459328106
-1.7186417027650445,-1.263299548012311,-1.602016858267464,-0.11124267621330249,1.1651641521427134,1.581845012460573,-0.10953028371905288,-1.129266902318352,0.13105989779279992,0.8198987474152418,0.2929170008517318,1.359907899929992,0.13048121456195907,0.4792141676533633,-1.0505382823573077,0.4954774978282091,-0.8259039113812516,0.5117491409547068,-0.3900935987480633,-2.207668455395629,3.483454299319467,-1.3345354984192033,-1.2388789884427032,1.4112362850799254,-0.5314186109093554,0.5626511364291531,0.39557638955859725,1.9936791331706831,0.028835181754646947,-0.3881047836802032,-0.06758201464711551,0.18373604092886914,2.644925892036181,1.8218500103678057,0.9687620659549517,-1.4245198462669213,-1.3290431114374603,-0.24010755952860519,-1.1521055210517281,-1.203054228365275,-1.0096337550731234,-1.3983112765522905,-0.18901444873718617,-1.1937422010635168,-0.5716558863728974,-0.04341106720417155,1.2047465341892283,1.9177163995848097,1.9793255210082543,0.8027827919385316,-0.1426687412461524,0.3044273422156076,-1.2224058073467585,0.7106626285628338,0.8505219344288881,-1.8363198658139017
-3.783006523020149,1.5928379424162695,-0.2527317293296171,0.16517286311186488,3.450823993591865,-0.10953028371905288,4.939074344346792,3.3421899117356713,-0.507649801465233,-5.037054960830884,-0.8213376016548155,-0.3618639864929458,-0.4071571306428586,-1.4722602426169595,0.0846165162061937,0.2854630708920654,0.24169325736724612,2.070752681356537,2.315691511870375,1.434455236612963,-0.6216073443266951,2.8102174143464325,2.0417147618296103,1.5944024664438758,-2.1155289627562257,1.3860901418593368,2.6521254973330364,-2.557138775352398,0.7409047338011762,-0.5593670118286587,2.483732979468712,1.2795725018140693,-1.3423922305348686,0.9325333508395498,-2.7724245241109626,0.06364145808100281,3.6651591178590652,2.793948104315693,1.7884598539835186,0.028759735000542637,0.5241741459384901,4.96366389809517,-1.992651161945044,4.402419002842636,0.1741817505069009,1.7663960658112807,-4.720613097529806,-5.3955104064839094,0.2497938587569046,-0.31626198436410796,-2.0520045899512596,1.798295649712741,1.651216214990927,1.340926887546594,2.795002824011268,0.6142616042136329
-1.319661963120328,1.8713052546233295,0.9136667272278216,0.22281430317796952,1.4706779075298189,-1.129266902318352,3.3421899117356713,3.034472849460353,-0.4299203059459352,-3.8904962109960133,-0.7206872189872826,-1.1932136755624034,-0.3539525701061985,-1.3104973772112243,0.8055372708705278,-0.1768049186834569,0.728105285155478,1.0423135251180424,1.807593269053702,2.4684310290730487,-2.737595529409381,2.7713404360289413,2.18034991087745,0.10850323348210154,-1.061035990681056,0.5580248026318675,1.477480797445271,-3.0328929724279554,0.48403745240225227,-0.08863391167870502,1.7295071281570562,0.7428539375087488,-2.6658364334755276,-0.6374369160525734,-2.4718221397114726,1.023393799969523,3.34140273351909,1.9968559627263496,1.947936466322518,0.7841022046594807,1.0676230977093348,4.248712301527777,-1.2111774417638579,3.7442251927188988,0.5144371468644465,1.1906599718763282,-3.9542938413507476,-4.9118631493678295,-1.177208407838549,-0.7391427474098243,-1.2534388130353917,0.9726690660449081,1.899705686274467,0.39121267165287527,1.2694200395150124,1.6652405519028173
0.252522557641074,-0.25402971030568305,-0.09613940855172855,-0.028048063243084512,-0.2597804321317923,0.13105989779279992,-0.507649801465233,-0.4299203059459352,0.06200987766259292,0.5739046794885424,0.10452580725893015,0.1431310923209883,0.050055944447562825,0.18645903608309522,-0.0921648042579595,0.012521359873599869,-0.08897207370111924,-0.17285225302090412,-0.26632986792299823,-0.31544036145032434,0.32479971479585407,-0.3870185972974617,-0.2996681202527456,-0.05577745299615607,0.17583715488400553,-0.09960048678627557,-0.23841382354310278,0.41125557396172974,-0.07468035954186471,0.024714049654248456,-0.2610935720662441,-0.11842492487580093,0.3347699011816352,0.045732306645130665,0.35364685129118206,-0.11569347328179326,-0.4747342469237309,-0.301470268480208,-0.26874378782388836,-0.08993126990399292,-0.13193533404270857,-0.6120355475856145,0.19034209218043652,-0.5395360369246844,-0.06284100460032531,-0.1818835793243796,0.5728655865923811,0.6984450587478747,0.12514638734708963,0.09303195741533524,0.19753703825648744,-0.15756827155459982,-0.2588626546356386,-0.08009087109842655,-0.21951076934933886,-0.20443349514801645
3.0958357207460607,-2.1665599275591174,-0.45287159344687755,-0.21195517241711398,-2.991690847386807,0.8198987474152418,-5.037054960830884,-3.8904962109960133,0.5739046794885424,5.477381392052169,0.9710508884601653,0.9701757015900659,0.4592213377907055,1.7005113497692472,-0.5561214583753528,-0.05425737168241716,-0.621370045911945,-1.8779951716116288,-2.53267864418126,-2.4285195787134595,2.159505969734434,-3.436531267241764,-2.606160523935647,-1.0036134549014186,1.9110633662635148,-1.1581821318303296,-2.519909352286147,3.4863645561529575,-0.7471303751462587,0.383854774164827,-2.55825232884182,-1.229148954765063,2.508811622823009,-0.14286308580960963,3.2434797437560254,-0.6859846233536879,-4.311415665092245,-2.953748720163619,-2.3357295149034796,-0.5540512346238392,-0.9624167239630265,-5.6616733895278815,1.9502505431758979,-4.9963043532042155,-0.4374409225403291,-1.8116148962519927,5.335374009933767,6.341975522646193,0.615535122494328,0.6880181611303224,2.0306461497801425,-1.680010263410474,-2.2153423192516524,-1.03807537728461,-2.474304875815545,-1.448381702008635
0.35505029824372025,-0.48307877351138945,-0.22797157145000393,-0.029646371656019844,-0.38719902139995743,0.2929170008517318,-0.8213376016548155,-0.7206872189872826,0.10452580725893015,0.9710508884601653,0.19701198938748626,0.2764832895029055,0.0836812229178731,0.31627236969694295,-0.17941266689027974,0.03455420368920629,-0.18121835357532848,-0.2519494749574096,-0.45014441273713657,-0.5956844251012964,0.6897390860435051,-0.6817485015777667,-0.5400996945548754,-0.03023077273243653,0.2531072055860047,-0.12764337436319967,-0.37783682322880896,0.7650753319140425,-0.11769383336274221,0.027073199515697127,-0.4124868695920805,-0.1805661908122412,0.6553373436375556,0.1417836554034964,0.6279686083979151,-0.23779092451171213,-0.8250284262026797,-0.5144317990474541,-0.5004480828754428,-0.2192511908883527,-0.23299725443398037,-1.052132557445331,0.29742903072353366,-0.9200341499909389,-0.1247962852197005,-0.30195384799376856,0.9839264793088502,1.2084913637936123,0.285201028459868,0.198473963123675,0.32486253703407614,-0.24440205514361357,-0.4842010107009278,-0.10334240010593702,-0.3296732780480962,-0.41074754731415397
-1.3152490845512455,-1.1523375973285268,-1.3704547355388508,-0.13522498099357882,0.8502415330039849,1.359907899929992,-0.3618639864929458,-1.1932136755624034,0.1431310923209883,0.9701757015900659,0.2764832895029055,1.2192452854638092,0.13708915510740768,0.5023191384857979,-0.9388942700865204,0.42801569267467254,-0.7285116599788974,0.32380520056639833,-0.460401259164531,-2.004826957090859,3.029821519508432,-1.3092374923130723,-1.1779001271738463,1.1375203367897844,-0.33490973076535363,0.3996405517137831,0.21412006254742966,1.8464303005784264,-0.019022197065910885,-0.3145990537943034,-0.21234462365678397,0.08386297331580335,2.360890321285486,1.5452838140400893,0.9674371147365934,-1.252989821149847,-1.3496733824640206,-0.3354686806136817,-1.0726517348752718,-1.0102615552441885,-0.9363504403436798,-1.476626069498831,-0.05142822566373695,-1.277202932669496,-0.5087179515661806,-0.12340428375283075,1.2916601933324783,1.9611541727113362,1.705320796770159,0.695140700826353,-0.02886614069669927,0.1735463644686469,-1.1288835526661407,0.5525480735377233,0.6019205532529768,-1.6260864460096316
0.15100637926861493,-0.22914995643023087,-0.1078027651307942,-0.024920479857576255,-0.1746470211000714,0.13048121456195907,-0.4071571306428586,-0.3539525701061985,0.050055944447562825,0.4592213377907055,0.0836812229178731,0.13708915510740768,0.04773417452327274,0.15660740312750646,-0.08878710013788291,0.010256265187663828,-0.08012108731131239,-0.12052678950858511,-0.20830300003859223,-0.29118629822473024,0.3321493910021312,-0.32986195754015396,-0.2653793310760399,-0.007877726024405268,0.12423585798999524,-0.06399238408212493,-0.17457948700242906,0.35528961423635885,-0.052351039434593925,0.018116716456189254,-0.19740334970680332,-0.08055578841812837,0.32730157824363565,0.0740163945667979,0.29380224919469067,-0.12325210279519279,-0.3921161837325431,-0.23233088028306018,-0.22681487938883943,-0.10078291128448999,-0.13008867470630572,-0.4986638725535712,0.1361530107278207,-0.4408808298658032,-0.05596880851008948,-0.14192558519191528,0.4612893725838104,0.5688305248687767,0.14168212286875526,0.08310661793647253,0.14408657052059767,-0.12127261688925142,-0.22726752745475312,-0.05198378938678216,-0.1445775033532203,-0.18931042625246272
0.6019029999959232,-0.8164985184493504,-0.38349695826425634,-0.09029630512692409,-0.6643089806930735,0.4792141676533633,-1.4722602426169595,-1.3104973772112243,0.18645903608309522,1.7005113497692472,0.31627236969694295,0.5023191384857979,0.15660740312750646,0.5693522092036709,-0.33385321988445826,0.06381146154648243,-0.3071490040942075,-0.4605596513465067,-0.7867735342546686,-1.055519741676299,1.1706741993208887,-1.202401789978087,-0.9481335073218674,-0.061280452666622284,0.4691430488839886,-0.24794459755886575,-0.6557798145124693,1.3105859978659993,-0.20954080969157235,0.048893816080404114,-0.7511952652992532,-0.3232632206674362,1.1471636529184828,0.25524963420822083,1.0789531167375612,-0.4314274854129405,-1.4502182983459726,-0.8762767130710631,-0.8443157339047491,-0.34098474419556735,-0.4530871213376337,-1.8479800198393748,0.5293128710786831,-1.628295271126948,-0.21607531316833367,-0.5245987813308659,1.7203472129949362,2.126820758615475,0.4948883801840035,0.3163577396149366,0.5527209741005159,-0.4350357529118689,-0.8250656833667007,-0.18455216947755443,-0.5670393957327543,-0.7058612792957651
1.1727236663991105,0.8251120903321058,1.0740214646714314,0.10479776893152314,-0.8001345333887842,-1.0505382823573077,0.0846165162061937,0.8055372708705278,-0.0921648042579595,-0.5561214583753528,-0.17941266689027974,-0.9388942700865204,-0.08878710013788291,-0.33385321988445826,0.7333119331856818,-0.35044996351526686,0.5589865599731247,-0.3295396048015289,0.26938060989300205,1.505035776119151,-2.322669476699347,0.9074710707041638,0.831893255055094,-0.9440942903247322,0.3398484552305321,-0.3611689645966746,-0.27213614248805923,-1.3330571395102515,-0.011365567450668197,0.27074886979234897,0.07488976595234303,-0.11088571947205368,-1.7769938000566095,-1.2406718885482249,-0.6393079631278688,0.973117541623729,0.9074938869278041,0.14916374922684258,0.7611933790110295,0.774390532033133,0.7119421177630739,0.9553160900573282,0.11374553744165732,0.8229931852667919,0.3911206341921641,0.02499543714496949,-0.8212718197361429,-1.320352782372253,-1.3345022143387129,-0.5262030799910185,0.10358639725117336,-0.20846884816357358,0.8083104092923185,-0.4854528085813179,-0.5771660505290209,1.242928844024801
-0.7926252625142939,-0.2826347435578443,-0.5269023877080115,-0.04133508945815215,0.6004139630187998,0.4954774978282091,0.2854630708920654,-0.1768049186834569,0.012521359873599869,-0.05425737168241716,0.03455420368920629,0.42801569267467254,0.010256265187663828,0.06381146154648243,-0.35044996351526686,0.1961587567595262,-0.256731213460022,0.2850111263562239,0.013063091811772736,-0.6256286700843542,1.0557600459772354,-0.25106244322763804,-0.25805193334568727,0.5447659414011152,-0.2942524143536226,0.25732180013431133,0.29762324648241745,0.47493886232127397,0.04717740769745047,-0.17236957553487348,0.11405531190969376,0.12609375793809094,0.7470475489775706,0.6507451765743123,0.12629197823376545,-0.4565423491760331,-0.20226987924060968,0.10258473626077604,-0.25189602211865353,-0.3574158917170998,-0.3017337812901154,-0.14345719756839334,-0.17293198149617273,-0.11425748175259086,-0.1801341083151797,0.10143945734049822,0.09775233326368836,0.29846509399004484,0.6478381004230965,0.23442539295821552,-0.17524907541339887,0.21981326122608782,-0.27659384446748064,0.3219542674044929,0.44605807471478326,-0.5600634488582562
0.7487516212003476,0.7083006729362589,0.8228132192759235,0.07123185773228613,-0.47714881163426365,-0.8259039113812516,0.24169325736724612,0.728105285155478,-0.08897207370111924,-0.621370045911945,-0.18121835357532848,-0.7285116599788974,-0.08012108731131239,-0.3071490040942075,0.5589865599731247,-0.256731213460022,0.4431385764594787,-0.18188761135784218,0.2965934960004354,1.2077338587918278,-1.8260536537494287,0.8026828665949782,0.7177994501097533,-0.6685377906552087,0.1907026006913624,-0.23457348179487125,-0.10497124657461024,-1.1354422117201366,0.01810691354631002,0.18699184563994473,0.14097623579293353,-0.039326320996372045,-1.4192276957524035,-0.915557556278646,-0.6068667654525784,0.7449458790876903,0.8365853097409984,0.23199943285610602,0.667176215443812,0.6146665455198465,0.5495776097759217,0.9232217293093246,0.0146689738547294,0.7952073047541004,0.308310548858273,0.08889349014875983,-0.813991741200427,-1.2181692106390032,-1.01885712157341,-0.42942955954368334,-0.005610544371444521,-0.09379244769329202,0.6946771355663335,-0.3230515661369026,-0.332570555290274,0.9847851527506576
-2.2490943381922044,0.22539326696361092,-0.6792762469698117,0.03259809118938717,1.9006398368973643,0.5117491409547068,2.070752681356537,1.0423135251180424,-0.17285225302090412,-1.8779951716116288,-0.2519494749574096,0.32380520056639833,-0.12052678950858511,-0.4605596513465067,-0.3295396048015289,0.2850111263562239,-0.18188761135784218,1.0775237245476437,0.8656838724085908,-0.16854366766894066,0.9848624908464412,0.7313144476876151,0.42720001265730373,1.1962641100513756,-1.1016009687500348,0.799704700671769,1.2834015012014117,-0.39571236706176866,0.33597059009901303,-0.36872557215257695,1.0545996262750887,0.6263849315821559,0.3812991762716489,1.0493223504090357,-0.8469044166180318,-0.4837818727444779,1.1085932462510397,1.1233064216840112,0.3650138824607594,-0.4266836790649391,-0.14038954116180558,1.6440287370470894,-0.9350345120596443,1.4724771754316197,-0.12208848490003886,0.7437228211667425,-1.6120663608373855,-1.6561071847382212,0.8164832302856114,0.14346310239274834,-0.9405280140026504,0.8741760311808782,0.2721664073072989,0.8227783874082303,1.5146130105628723,-0.3793498237011674
-1.419949566367403,1.0004908044307124,0.21924288043512055,0.10091865221338427,1.37114954438536,-0.3900935987480633,2.315691511870375,1.807593269053702,-0.26632986792299823,-2.53267864418126,-0.45014441273713657,-0.460401259164531,-0.20830300003859223,-0.7867735342546686,0.26938060989300205,0.013063091811772736,0.2965934960004354,0.8656838724085908,1.175173564437686,1.1358949459779804,-1.0113396968964194,1.592617034373819,1.2044150626529202,0.4577718854816023,-0.8798162245820859,0.5328936235155414,1.159626951013214,-1.6231686498379958,0.3484719286802687,-0.16839164484999697,1.1871467202683499,0.571829637927241,-1.165171389116335,0.052433615260336804,-1.5006720813317238,0.32462250785336433,2.000178162316195,1.366308785169519,1.0868582633140191,0.2556814114670796,0.4490716273816076,2.6240525911126817,-0.9042920096494566,2.3146632361397006,0.2094025788027165,0.8348831158519722,-2.474039533724762,-2.948120120488179,-0.2949772527661596,-0.3251225196595019,-0.9385052880284805,0.7681127931195659,1.0271471346231238,0.46959930355292523,1.1397493317749792,0.6860006561446856
1.444901462103295,2.1404857720680073,2.1567513098114284,0.22879264756713258,-0.7556157282984037,-2.207668455395629,1.434455236612963,2.4684310290730487,-0.31544036145032434,-2.4285195787134595,-0.5956844251012964,-2.004826957090859,-0.29118629822473024,-1.055519741676299,1.505035776119151,-0.6256286700843542,1.2077338587918278,-0.16854366766894066,1.1358949459779804,3.454338197327156,-4.981768816648126,2.5834820405731156,2.246535656604024,-1.5518879065810742,0.17991183835416572,-0.41041011962164936,0.12036354633811552,-3.410193266568526,0.15382605104192537,0.40080354843459365,0.7543952160298293,0.07926599939384281,-4.024248192639825,-2.3085860801219464,-2.040678060679897,2.0134608105778,2.793796993437975,1.0295211131340567,2.0384481602473397,1.6466176832926105,1.5758274498117433,3.2221741552926133,-0.25478606261589104,2.8021822234278018,0.8418687937638603,0.5072730083768806,-2.884856339074828,-4.064301196525392,-2.691318590030405,-1.1770144714881619,-0.31347845069797936,0.037077506738259755,2.1060907576937646,-0.6484194620049394,-0.478554566506512,2.7097933556509513
-3.5535908458797345,-2.905617296187551,-3.5159528743110937,-0.2701435309082041,2.3396586311530974,3.483454299319467,-0.6216073443266951,-2.737595529409381,0.32479971479585407,2.159505969734434,0.6897390860435051,3.029821519508432,0.3321493910021312,1.1706741993208887,-2.322669476699347,1.0557600459772354,-1.8260536537494287,0.9848624908464412,-1.0113396968964194,-4.981768816648126,7.742431727285538,-3.151656448316273,-2.8949461603921827,3.0142820932882324,-1.019581043791264,1.1413029692621663,0.6928964063098508,4.564703128266628,0.020468916262521702,-0.8034210568534498,-0.31952595875422685,0.3286645421077526,5.9612867126733375,3.9616303239686057,2.327661756017947,-3.1628602410792355,-3.1874663043935847,-0.706960967266093,-2.650082559306891,-2.6590080857774665,-2.293227020729392,-3.429345646242436,-0.2899522841249016,-2.9466414991314807,-1.265014146920265,-0.21893934680843669,2.9763846641956113,4.5929485406220945,4.359804891163634,1.7750643375936608,-0.18759621611520672,0.53297104129923345,-2.8117603804235403,1.4647003654845407,1.7006736621930783,-4.0803434189592735
-0.6842223819592039,1.8881715498717784,1.1555921498434043,0.19316078903694206,0.9492513285581833,-1.3345354984192033,2.8102174143464325,2.7713404360289413,-0.3870185972974617,-3.436531267241764,-0.6817485015777667,-1.3092374923130723,-0.32986195754015396,-1.202401789978087,0.9074710707041638,-0.25106244322763804,0.8026828665949782,0.7313144476876151,1.592617034373819,2.5834820405731156,-3.151656448316273,2.629763376452557,2.1248325384244353,-0.26226283007336365,-0.7412141232671772,0.31450090328354807,1.1366671118498766,-3.0166561242021506,0.38769916918043495,0.010373354498391482,1.4333990908004464,0.5607055967439958,-2.8772184295738974,-0.9671179135408627,-2.3040492597128215,1.1935261150794372,3.0973257520385897,1.7264911632156352,1.9105165870332408,0.9747536220230146,1.118504560263457,3.8683539994436345,-0.9490202579814173,3.3961501967144345,0.5611591745363088,1.0052281542122763,-3.576512024890619,-4.532714264962595,-1.4651333822420884,-0.8179806363664774,-1.0105498310161232,0.7414609991515029,1.891699003411444,0.15969914976417088,0.8477411510408676,1.8269211770753249
-0.17412962723245864,1.5885769679375332,1.116808037860537,0.15554536613206146,0.46965489588931825,-1.2388789884427032,2.0417147618296103,2.18034991087745,-0.2996681202527456,-2.606160523935647,-0.5400996945548754,-1.1779001271738463,-0.2653793310760399,-0.9481335073218674,0.831893255055094,-0.25805193334568727,0.7177994501097533,0.42720001265730373,1.2044150626529202,2.246535656604024,-2.8949461603921827,2.1248325384244353,1.7520973718768642,-0.4483132103703559,-0.43205569899291674,0.12036569559721738,0.7417647907162681,-2.516400733222172,0.26697614823445037,0.06972284053607435,1.0294085936907589,0.36012465648246483,-2.5494934800487252,-1.0197925620137658,-1.8259497759829042,1.113393398581694,2.4531102523135235,1.275554417280451,1.5726965978388787,0.9248070317838861,0.985348494750652,3.0165007759551643,-0.6371813891111145,2.64321758208815,0.49989991950460855,0.7283756561525317,-2.7703032814410617,-3.577030246818028,-1.408963236008854,-0.7270027312531674,-0.6934582338936581,0.4816993158209785,1.5780335820168223,-0.008452080824528184,0.44729835710753885,1.6317687168089445
-2.936826427455678,-0.6151062857816355,-1.5689959291829603,-0.059648567981516076,2.2948751698190373,1.4112362850799254,1.5944024664438758,0.10850323348210154,-0.05577745299615607,-1.0036134549014186,-0.03023077273243653,1.1375203367897844,-0.007877726024405268,-0.061280452666622284,-0.9440942903247322,0.5447659414011152,-0.6685377906552087,1.1962641100513756,0.4577718854816023,-1.5518879065810742,3.0142820932882324,-0.26226283007336365,-0.4483132103703559,1.8728465516571666,-1.2250396841005222,1.0004810850820667,1.2986300899323966,0.9381897372378127,0.29237564455697235,-0.5436456701722616,0.8056611197836546,0.6270389348851432,2.004653492358805,2.0190792726403117,-0.07763970889646633,-1.3103898014550268,0.051590551235814734,0.7717562976750127,-0.42435982911708703,-1.1013617375527425,-0.7792371567259446,0.44299586412523956,-0.8806928501358163,0.4285606616926597,-0.4612007956116837,0.5781739657470067,-0.5451569682498343,-0.12271669943377474,1.9273570429849967,0.6146749624171992,-0.8643339811923104,0.8995048520005661,-0.551303671023261,1.1188424573930624,1.7814420716794497,-1.4724095986631132
2.297305263431881,-0.22375396272133108,0.7002803660838396,-0.03560781776400281,-1.941396750194931,-0.5314186109093554,-2.1155289627562257,-1.061035990681056,0.17583715488400553,1.9110633662635148,0.2531072055860047,-0.33490973076535363,0.12423585798999524,0.4691430488839886,0.3398484552305321,-0.2942524143536226,0.1907026006913624,-1.1016009687500348,-0.8798162245820859,0.17991183835416572,-1.019581043791264,-0.7412141232671772,-0.43205569899291674,-1.2250396841005222,1.1270402901560803,-0.8191297327835779,-1.3094901181198793,0.3923745020117773,-0.342003936259388,0.3789910512536951,-1.0758759510362996,-0.6385434679752848,-0.3972753388135839,-1.0768083192910953,0.8580850495063232,0.49735860532771975,-1.1246567797933325,-1.1415252550928465,-0.3642198141289441,0.4417992640817363,0.1429083559841885,-1.6701359082032479,0.9533613265704566,-1.497334598095047,0.1278482552549033,-0.757896874334716,1.6372022812401035,1.6792077001431334,-0.840288535847164,-0.15277633732448306,0.9573580610070264,-0.8941427337026254,-0.27116964921082554,-0.8430456415061759,-1.5457007464258392,0.39665172075857225
-1.7500595671942363,-0.02294391966698763,-0.676959250303392,0.011614024400206861,1.4396687945581574,0.5626511364291531,1.3860901418593368,0.5580248026318675,-0.09960048678627557,-1.1581821318303296,-0.12764337436319967,0.3996405517137831,-0.06399238408212493,-0.24794459755886575,-0.3611689645966746,0.25732180013431133,-0.23457348179487125,0.799704700671769,0.5328936235155414,-0.41041011962164936,1.1413029692621663,0.31450090328354807,0.12036569559721738,1.0004810850820667,-0.8191297327835779,0.6193454520585189,0.9198059239063316,0.004621889459923368,0.23206249430424322,-0.30042161498503933,0.7078039681818348,0.44998364883724623,0.6167396861949448,0.9538669353099318,-0.4387452894677549,-0.5178233656746895,0.5706193749866485,0.7242887448012603,0.08796740953117796,-0.456912477597021,-0.2266551576465114,0.9231287952268894,-0.6593381433468438,0.8358706270648665,-0.1591457144966095,0.4959245914957085,-0.9271563162680313,-0.86308650897781,0.81976786980676,0.20816231618509684,-0.6535030398509438,0.6314592101056516,0.015789523591477728,0.6512778556007924,1.1378189137568138,-0.5044992427902714
-2.6055444282631974,0.5026773121988218,-0.6114350001816293,0.04049481605145081,2.2493889543246923,0.39557638955859725,2.6521254973330364,1.477480797445271,-0.23841382354310278,-2.519909352286147,-0.37783682322880896,0.21412006254742966,-0.17457948700242906,-0.6557798145124693,-0.27213614248805923,0.29762324648241745,-0.10497124657461024,1.2834015012014117,1.159626951013214,0.12036354633811552,0.6928964063098508,1.1366671118498766,0.7417647907162681,1.2986300899323966,-1.3094901181198793,0.9198059239063316,1.577301824412201,-0.822608894631226,0.41794557949349925,-0.4161369044700311,1.3356798845231725,0.7604484428124622,0.06622430261603118,1.0601970728256662,-1.2398712307083704,-0.40111151720936433,1.6135225271916438,1.4765321636700168,0.6544659564226515,-0.33167666027939496,-0.03942408888987483,2.306110404454516,-1.1526321064602283,2.0522916394728417,-0.07044938468484824,0.9576019058440158,-2.236787185265638,-2.392226785005232,0.7305340465709181,0.04872779767330581,-1.1803402944023185,1.0697001545317641,0.5483961452176543,0.9424703304264246,1.7988427225039294,-0.2004664702910267
-0.2358080218349967,-2.3253516549223,-1.83737813176865,-0.2182942452481059,-0.27327062318385337,1.9936791331706831,-2.557138775352398,-3.0328929724279554,0.41125557396172974,3.4863645561529575,0.7650753319140425,1.8464303005784264,0.35528961423635885,1.3105859978659993,-1.3330571395102515,0.47493886232127397,-1.1354422117201366,-0.39571236706176866,-1.6231686498379958,-3.410193266568526,4.564703128266628,-3.0166561242021506,-2.516400733222172,0.9381897372378127,0.3923745020117773,0.004621889459923368,-0.822608894631226,3.7041463850973755,-0.3338217485658877,-0.20604280701064542,-1.3121598223030133,-0.4115367574652527,3.889574877482839,1.772221080409673,2.551164667677729,-1.7733985306054771,-3.4355447724673405,-1.6741285681461202,-2.295184251689054,-1.4810047077017412,-1.49054996877587,-4.160854796139781,0.7561857832232486,-3.6320762694112965,-0.7899287567023642,-0.9225900994766623,3.8063562065420933,5.016401912360893,2.2983579622797423,1.142829988824687,0.8400803216242726,-0.5079620099055121,-2.3083728353718556,0.21420449892632604,-0.3405933663097641,-2.557568667649334
-0.6360096334103854,0.1962805507846955,-0.08740493598716463,0.024544486815723486,0.5623627622069819,0.028835181754646947,0.7409047338011762,0.48403745240225227,-0.07468035954186471,-0.7471303751462587,-0.11769383336274221,-0.019022197065910885,-0.052351039434593925,-0.20954080969157235,-0.011365567450668197,0.04717740769745047,0.01810691354631002,0.33597059009901303,0.3484719286802687,0.15382605104192537,0.020468916262521702,0.38769916918043495,0.26697614823445037,0.29237564455697235,-0.342003936259388,0.23206249430424322,0.41794557949349925,-0.3338217485658877,0.1196367945983365,-0.08922747956256101,0.386623677534698,0.20946631869176777,-0.11240915160278395,0.19627612853002385,-0.3928486419174211,-0.03537945853045493,0.5241859579251571,0.42380110633876217,0.24175304350063412,-0.041917904508365474,0.04681936470472724,0.7216662317761057,-0.3185894282058386,0.6402672447798374,0.01450230967984074,0.2677532929308117,-0.6928351670039661,-0.7810397048588913,0.10098085819540452,-0.027823277736159405,-0.3224178331270482,0.2779914584856444,0.2122704524965201,0.22075811606543833,0.4592673100784655,0.04618893490298464
0.8877512854280237,0.12121911344978772,0.437594218944541,0.019571407313653373,-0.7107623098404597,-0.3881047836802032,-0.5593670118286587,-0.08863391167870502,0.024714049654248456,0.383854774164827,0.027073199515697127,-0.3145990537943034,0.018116716456189254,0.048893816080404114,0.27074886979234897,-0.17236957553487348,0.18699184563994473,-0.36872557215257695,-0.16839164484999697,0.40080354843459365,-0.8034210568534498,0.010373354498391482,0.06972284053607435,-0.5436456701722616,0.3789910512536951,-0.30042161498503933,-0.4161369044700311,-0.20604280701064542,-0.08922747956256101,0.17301620997995196,-0.2621204277835492,-0.1893736689435971,-0.5080569821223225,-0.5808308076102743,0.08531201156594213,0.359428627430821,-0.08762135904307128,-0.2704911438184148,0.08034232883870648,0.2871848800230242,0.2040139463891597,-0.22244971949374384,0.2748839793875419,-0.20779316017536356,0.13047753791320224,-0.199674356712048,0.24280070815880758,0.13072965004035955,-0.5340211226418805,-0.16564309799784915,0.2787458910900864,-0.2952002348660901,0.11064099601373817,-0.34567476579458545,-0.5454212932783314,0.4032001085193333
-1.9002401346350768,0.7913787791389615,-0.11571459882389391,0.1007199036347883,1.7270363284498376,-0.06758201464711551,2.483732979468712,1.7295071281570562,-0.2610935720662441,-2.55825232884182,-0.4124868695920805,-0.21234462365678397,-0.19740334970680332,-0.7511952652992532,0.07488976595234303,0.11405531190969376,0.14097623579293353,1.0545996262750887,1.1871467202683499,0.7543952160298293,-0.31952595875422685,1.4333990908004464,1.0294085936907589,0.8056611197836546,-1.0758759510362996,0.7078039681818348,1.3356798845231725,-1.3121598223030133,0.386623677534698,-0.2621204277835492,1.2826874913622242,0.6640791773376528,-0.6792978983874645,0.4471887189293935,-1.4021903091265437,0.04705976054479885,1.8763742452508247,1.4161141409423899,0.9139727715691295,-0.005275213602728865,0.28200163268634787,2.5356616408415165,-1.0246557273525025,2.2492458405476743,0.10429545377575407,0.8899841514537447,-2.413734621450775,-2.779778667516433,0.11267900918473196,-0.16774426204807022,-1.0403848809403213,0.8946494031261063,0.8345006376094288,0.6591581869197306,1.4139027288016894,0.34262677708209954
-1.2516861556195178,0.23640663177799087,-0.287518922727088,0.03148006047906588,1.0773670074412218,0.18373604092886914,1.2795725018140693,0.7428539375087488,-0.11842492487580093,-1.229148954765063,-0.1805661908122412,0.08386297331580335,-0.08055578841812837,-0.3232632206674362,-0.11088571947205368,0.12609375793809094,-0.039326320996372045,0.6263849315821559,0.571829637927241,0.07926599939384281,0.3286645421077526,0.5607055967439958,0.36012465648246483,0.6270389348851432,-0.6385434679752848,0.44998364883724623,0.7604484428124622,-0.4115367574652527,0.20946631869176777,-0.1893736689435971,0.6640791773376528,0.3782579650448493,0.027180353139631748,0.4965507300256174,-0.6017495401384726,-0.1827371639804302,0.7977002907401661,0.7167096902449022,0.3230556517374117,-0.17205341641601893,-0.005460860992891471,1.1349974364117792,-0.5684164947486541,1.010742061733702,-0.02411925535451783,0.46218110462715584,-1.1012014741652956,-1.1924835897354855,0.3431425606263754,0.019388291185027898,-0.5725868723740017,0.5099859774379686,0.26651994436377324,0.4450190790255696,0.8701851922045342,-0.0765138205758289
-2.041873864194415,-2.4699907088010558,-2.613182281121701,-0.24450025402122536,1.1765252605007168,2.644925892036181,-1.3423922305348686,-2.6658364334755276,0.3347699011816352,2.508811622823009,0.6553373436375556,2.360890321285486,0.32730157824363565,1.1471636529184828,-1.7769938000566095,0.7470475489775706,-1.4192276957524035,0.3812991762716489,-1.165171389116335,-4.024248192639825,5.9612867126733375,-2.8772184295738974,-2.5494934800487252,2.004653492358805,-0.3972753388135839,0.6167396861949448,0.06622430261603118,3.889574877482839,-0.11240915160278395,-0.5080569821223225,-0.6792978983874645,0.027180353139631748,4.750442668744566,2.8392303829853285,2.2375573320911277,-2.411097791262703,-3.04992495376208,-1.011186178175847,-2.3056592387353145,-2.0077608691373303,-1.8424311864107517,-3.4581292458793595,0.1263876359686563,-2.9995269037956325,-0.9854971514024777,-0.47140389973487506,3.069588231790686,4.412697412787578,3.2569796832811955,1.3876686793182742,0.2076242043976573,0.0870799587284261,-2.4092452765687673,0.8731424289222186,0.8076885562808165,-3.189057843083487
-2.8905915042017556,-1.1222714599120869,-1.9413928849454558,-0.12634193289600906,2.1549862877738026,1.8218500103678057,0.9325333508395498,-0.6374369160525734,0.045732306645130665,-0.14286308580960963,0.1417836554034964,1.5452838140400893,0.0740163945667979,0.25524963420822083,-1.2406718885482249,0.6507451765743123,-0.915557556278646,1.0493223504090357,0.052433615260336804,-2.3085860801219464,3.9616303239686057,-0.9671179135408627,-1.0197925620137658,2.0190792726403117,-1.0768083192910953,0.9538669353099318,1.0601970728256662,1.772221080409673,0.19627612853002385,-0.5808308076102743,0.4471887189293935,0.4965507300256174,2.8392303829853285,2.3705158555550003,0.5181130368618388,-1.6865999338188389,-0.767862372685546,0.3543675226935894,-0.942631079822823,-1.3859680729829826,-1.1179119350182276,-0.5627753656943326,-0.6594104692573561,-0.45432597146697734,-0.6359382465683631,0.34244668938739586,0.37992245381668205,1.0849719217350746,2.3975315379143955,0.855055788179789,-0.6370055763425809,0.751430731306988,-1.0651874232107397,1.1344168550372546,1.6356076355874754,-2.027495601835706
1.1182696349806147,-1.601287316492332,-0.774398074149586,-0.14370348206952124,-1.2455716704513817,0.9687620659549517,-2.7724245241109626,-2.4718221397114726,0.35364685129118206,3.2434797437560254,0.6279686083979151,0.9674371147365934,0.29380224919469067,1.0789531167375612,-0.6393079631278688,0.12629197823376545,-0.6068667654525784,-0.8469044166180318,-1.5006720813317238,-2.040678060679897,2.327661756017947,-2.3040492597128215,-1.8259497759829042,-0.07763970889646633,0.8580850495063232,-0.4387452894677549,-1.2398712307083704,2.551164667677729,-0.3928486419174211,0.08531201156594213,-1.4021903091265437,-0.6017495401384726,2.2375573320911277,0.5181130368618388,2.0842360705493483,-0.8385102799876052,-2.7749871304358007,-1.685399612969791,-1.6504993265155077,-0.7083396879413189,-0.8478868645635546,-3.530684013108028,0.9915269765145696,-3.101095179606753,-0.4228069201059363,-0.9996292608110994,3.289962563016704,4.064837768166615,0.9860664931292742,0.6403855003275326,1.0566881494421216,-0.81493451661397,-1.610089099408587,-0.33335071732576277,-1.0634933310748969,-1.3872372765880117
1.6399764255803595,1.120058969929391,1.4611344216445181,0.1256137978233563,-1.122046813854884,-1.4245198462669213,0.06364145808100281,1.023393799969523,-0.11569347328179326,-0.6859846233536879,-0.23779092451171213,-1.252989821149847,-0.12325210279519279,-0.4314274854129405,0.973117541623729,-0.4565423491760331,0.7449458790876903,-0.4837818727444779,0.32462250785336433,2.0134608105778,-3.1628602410792355,1.1935261150794372,1.113393398581694,-1.3103898014550268,0.49735860532771975,-0.5178233656746895,-0.40111151720936433,-1.7733985306054771,-0.03537945853045493,0.359428627430821,0.04705976054479885,-0.1827371639804302,-2.411097791262703,-1.6865999338188389,-0.8385102799876052,1.3161196728282745,1.1734921793571973,0.16574952659805897,1.009824796876187,1.0760147266772713,0.9508579577946004,1.220038212226752,0.19583435352265358,1.048331271711614,0.5185200526252772,0.014418345899860852,-1.0392424560245077,-1.6911230892393387,-1.8155735963401325,-0.7091107843065771,0.16988364790185356,-0.29543474075804865,1.084522255722527,-0.6643727781944014,-0.8248980087296872,1.6636646014263334
