V1,V2,V3,V4,V5,V6,V7,V8,V9,V10,V11,V12,V13,V14,V15,V16,V17,V18,V19,V20,V21,V22,V23,V24,V25,V26,V27,V28,V29,V30,V31,V32,V33,V34,V35,V36,V37,V38,V39,V40,V41,V42,V43,V44,V45,V46,V47,V48,V49,V50,V51,V52,V53,V54,V55,V56
1.7835519469021677,-1.3870858778437292,-0.1138885510572649,0.37244840418905073,-1.406883608598554,0.2329866698696331,-0.08911507745162085,2.431738959159891,0.26729480876295786,0.06853582650435015,0.8865409605651428,-0.9122378317346418,-0.08744415930625672,-0.062396126606836556,-0.32818483464111126,0.15333051919679683,-0.8164554266655465,-0.7829436591612956,0.05134669692131424,-0.30223930607335153,0.1675644797396437,0.21245691395200006,0.6321716043289204,-0.03992157802678035,-0.6796452663532003,-0.5811976466292595,-0.5782698012616875,-0.03841027951399376,-0.3409558120459529,0.19898280933994208,1.2670901347286556,-0.8713125668524452,-1.0838168560467702,-1.0670814857232416,0.7611669651056322,-0.3269362100651668,-0.7458446663561084,-0.8165951046181007,-0.3674096993238083,-0.9874875206659425,0.7040703930846459,0.07098572212139938,0.5286091602982356,0.5345494199088657,0.9295475668489982,0.6292987228676923,-0.7193221032601723,0.11098977827622154,0.07532625875441991,0.11705735427751483,0.7753939971874164,0.7322149915727706,-0.2180133469147735,-0.9023977064285345,-0.1824488849020983,-0.5227274793430399
-1.3870858778437292,1.5786090738902556,-0.34605647853021354,-0.5568177368553816,1.3634794586341539,-0.09750928342089454,1.169487589991228,-2.4863608336687935,-0.36937139053173396,0.01753869927378754,-0.2656853631652267,1.4601233967499194,-0.17583065205432216,-0.1139708965143693,-0.526712762174547,0.5133610479691475,0.06763047192603223,0.5354935132395181,-0.4350738665742291,-0.5437997944779752,-0.5118634195719657,-0.24831091228777005,0.16737785886420234,0.14705541570142713,0.498895099635241,0.6264369744550177,0.6739145759989879,0.42926067844316756,0.06268968008681935,-0.9153658318263701,-1.5275295672311573,0.07924705181496915,-0.007757545497710409,1.2254035984906129,-0.457554634597151,0.16098675413684263,0.2239822874837606,0.6571183031256067,2.866710236788621e-4,1.223704451977332,-0.4614299762842992,-0.07428252851337597,-0.0322496136378106,-0.6393780430162007,-0.8208687245987614,-0.353551974857641,1.0242954450213244,0.6674871595320727,0.1401092666793873,0.2276170294488216,-0.4323272573328085,-0.0408869955686762,0.15104315503783583,1.2782604636817811,-0.073290851005442,-0.6327371893630441
-0.1138885510572649,-0.34605647853021354,0.6047101873246368,-0.018779432208933893,-0.03391408431662458,0.16487785756665993,-1.2048811816035319,0.478740576641484,0.4984100425065779,-0.15448721100822732,-0.8841508852944241,-0.7414305487067372,0.02830423853291816,0.37871469456917556,0.3892908790442262,-0.017613359731058896,0.3473088958588472,-0.230528159041528,0.3369266706056504,0.8351764031276221,0.37905150127204795,0.14766612656766068,-0.7047907195614656,-0.37314003102887283,0.1103703818612473,-0.7206852184159199,-0.23039926529607402,-0.4892338608858731,-0.12022394197102078,0.7097899008324798,0.4054260146399817,0.3870867754706801,0.9427633811711637,-0.24155923307363406,-0.46894574790726806,-0.19209357059081136,0.11821127377089934,-0.15150657028293843,0.373048310149739,-0.08547141955175898,-0.4493455161153448,-0.43970392484144954,-0.049271193842115035,0.12125784662031443,-0.23054309327708447,0.09525219179365718,-0.46352158078862993,-0.039085335300871986,-0.16586631718299621,-0.39475379838763053,-0.16571130609771992,-0.22332131165929084,0.32752249200691036,-0.5397924823087468,0.3785990816797446,1.001069122816303
0.37244840418905073,-0.5568177368553816,-0.018779432208933893,1.2042148800913046,-0.24499884051629608,0.9925049002559665,0.6148329087705553,1.1414789422508997,0.022100099349073296,-0.08196785908964783,0.2786832343073626,-0.8143433010238056,-0.34643581135059015,-0.37898209448599623,1.0682980486676463,-0.18660565598024514,0.14537291710654987,0.6984210604202629,0.0552394850298727,1.1623250077808278,0.9416479464438252,0.41180992861651927,-0.3076802118674448,-0.10990647655470899,-0.5013483387167476,0.5922109564492769,-0.22893242992317533,0.6222019885438118,0.1305781626998939,0.234395318134091,0.6867717622068777,0.6245363511092138,0.4482241285285003,-0.24413909163777817,0.17931632872156567,0.7309003313714536,0.5616801823169233,-0.7053848328374167,-0.7314446371493513,-1.0077505524405312,1.2572367805394087,0.010623011215185928,-0.38553866346550053,0.51773911214919,-0.45789043869632917,-0.33758550680669935,0.10162637142343332,-0.47931417495800527,-0.2142728866973933,0.7878716546218713,0.31223887740744644,-0.14770272468223003,-0.436552949214247,0.08616703907473416,-0.3187951555222536,0.3514140876075129
-1.406883608598554,1.3634794586341539,-0.03391408431662458,-0.24499884051629608,1.4364581457255845,0.5013196030743053,0.9286802002115849,-2.0012504761920047,9.174770316833039e-4,-0.12200287379192593,-0.765609692338848,0.8963072947679646,-0.42621815978425565,-0.00753507720772207,-0.15655358765049618,0.7721075728520498,0.15967720999119245,0.596102836453749,-0.32493791562174024,0.2794760459915521,0.0044354659356128446,0.002793143315109561,-0.2642766464349251,-0.17725787284852146,0.4043248418502084,0.3210788811163288,0.5145449586784424,0.4577076229457782,-0.09688525771177986,-0.5977479729536533,-1.2233410986807494,0.38935809345157524,0.6110829747607115,1.1645931438696533,-0.7717575905567765,0.24224686043726393,0.39099361150947787,0.2701703665311196,-0.10119460162605821,1.0253980742855227,-0.3402333547921131,-0.4913883475994123,-0.04197524170695289,-0.46082484703533516,-1.312943749087024,-0.35056158872772053,0.9255336379958502,0.8562561916831916,0.007695870114592696,0.3602705666031623,-0.39062623817107056,-0.037579104297475886,0.2735460371350041,1.172297997570261,0.032475769805649875,-0.12715170444838073
0.2329866698696331,-0.09750928342089454,0.16487785756665993,0.9925049002559665,0.5013196030743053,2.4230713107360193,1.4815946483051246,1.0807107716741975,0.8874928926032256,-0.3316862085324511,-0.6006251515519161,-0.7886616381418877,-1.363307153695324,-0.1194763355680804,0.12984195939299986,1.8871006439261648,-0.7510934570458968,0.2680107182617696,-0.3475815138246731,1.5811329570945745,1.2989204373079264,0.8097617343429655,-0.21640907939329465,-0.8433347606008028,-0.6020763978649011,-0.44453433492065103,-0.22703033486342805,1.0552995642601395,-0.8380865592539988,-0.2822324027411058,0.339123262822239,0.055114979102102474,0.4689886905795218,0.34289031626446564,-0.5979908147597929,0.3465017416282197,0.035159410332644477,-1.508056422763359,-1.1523560015984058,-0.27134200930491614,1.0889672589181718,-1.318975524878062,0.5462902966586383,0.3985666710223828,-1.809846579934364,0.17304115011714316,0.5165032851736245,1.7697389462503204,-0.12999991915739434,1.3110390989867953,0.6261968853090243,0.9689684326756148,0.15548565739818176,0.6750334891269619,-0.20293905882528906,-0.21634834490146956
-0.08911507745162085,1.169487589991228,-1.2048811816035319,0.6148329087705553,0.9286802002115849,1.4815946483051246,3.947493135575717,-1.0075230188819455,-0.4590252942593265,0.06267337556026321,1.2206593339881697,1.3877210329386775,-1.1516657936285235,-0.894993731601839,-0.8365802041200161,1.6295876905228341,-1.225263488761865,0.8729994112870386,-1.0863305189283259,-0.6392026096985557,0.06179868254401533,0.2353783893464855,1.2914047206078527,0.16009946468445022,-0.5050728886660035,1.3437492532620456,0.5249862404472013,1.937185467727037,-0.3626346203953997,-1.9473991576426741,-1.084294493309676,-0.68210363037542,-1.5137701386654505,1.1731396573960031,0.32451665316668266,0.7210363580071668,-0.11172711700142018,-0.611936812281154,-1.626799649919356,0.37964310693491793,1.579627283497328,-0.14048744752544592,0.48474304607784235,-0.15851070812633591,-1.2076589621627034,-0.1972006233002194,1.6821249258292188,1.6315778076240555,0.2769501062179542,1.872864733049962,0.6518416256256966,1.1515223900703793,-0.49299089543216684,2.0439646944132996,-0.9408974382743626,-2.3719899747540465
2.431738959159891,-2.4863608336687935,0.478740576641484,1.1414789422508997,-2.0012504761920047,1.0807107716741975,-1.0075230188819455,4.340268889602878,0.9121824993022013,-0.1253597246900575,0.36999662846378967,-2.4340645369413214,-0.3108769585556172,0.10925085274906345,0.5492450567859698,0.1405205463123177,-0.6550215063156267,-0.8911166499138837,0.4395134893687751,1.144247233758534,1.1581814887149642,0.6778426179565903,-0.07742852883919236,-0.5273495868806318,-1.0633728301646659,-1.2173359757232307,-1.1306895957427183,-0.19992568761799853,-0.5300059099138447,1.1217380101477543,2.467240350507554,-0.4060037879512545,-0.18476593214612821,-1.776216038110662,0.5872765279783807,-0.23146423890505516,-0.5567847121073024,-1.6537835541642183,-0.516634127556567,-1.9332436236085941,1.1576445150587207,-0.4013206201834661,0.4546255505102643,1.117845292518562,0.6826325971364026,0.7527940476985756,-1.3620028876315704,-0.09711611139042121,-0.19276823724696754,0.19946860517383636,1.0313011066469153,0.679445023515212,-0.17144876369748097,-1.686157138760506,-0.01920574258437902,0.5420716918069456
0.26729480876295786,-0.36937139053173396,0.4984100425065779,0.022100099349073296,9.174770316833039e-4,0.8874928926032256,-0.4590252942593265,0.9121824993022013,0.8292120561689424,-0.21764723562267294,-0.8440086104337361,-0.7647247804574834,-0.4923973162273049,0.3662867979261118,-0.18677491519165793,0.9891231402097085,-0.3465758407163951,-0.5148116829847672,0.06858692826177065,0.7848247661200213,0.5209497463129558,0.35958373233396596,-0.3396193611325054,-0.6291946206742471,-0.14119594379697592,-1.1147552478051603,-0.30547251374304946,-0.13264317219935776,-0.6135860696325851,0.3260963412659989,0.4436669220238892,-0.15551109307064848,0.46973884560227125,-0.14840063681658203,-0.5274217024935063,-0.3617890847302865,-0.304833108345076,-0.7007157171445879,-0.04142691940120097,0.01992345570165321,-0.1930077084855961,-0.9278859784058177,0.504431158900062,0.1738496842441329,-0.6147277841154705,0.4356438665097164,-0.29749886989638985,1.0339540645739025,-0.0729479630265625,0.02017058693067011,0.21468874744508093,0.5210801116582653,0.4482941265584745,-0.3125917563939293,0.27433165141411825,0.3565978847773004
0.06853582650435015,0.01753869927378754,-0.15448721100822732,-0.08196785908964783,-0.12200287379192593,-0.3316862085324511,0.06267337556026321,-0.1253597246900575,-0.21764723562267294,0.07845717859003733,0.3103548812660332,0.20575499120499816,0.16966069348572077,-0.077217138023095655,-0.07727503037778267,-0.25963613078652303,0.006712240231193275,0.004877018835496701,-0.01854222319736408,-0.3689610995101141,-0.22398389647554173,-0.12275296105333211,0.19105946609105473,0.19071331704888836,0.01978694099587587,0.2108401360827424,0.051435557295634544,-0.02584981599937393,0.1337190740333167,-0.09464196320189522,-0.06384332502637004,-0.10052452550274743,-0.28809874939329444,-0.04396913101216903,0.21517961022126855,0.00358348623408212,-0.03882785056860099,0.1893324389372125,0.045388219432641645,-0.012789924768229764,0.008660148595688508,0.27886499557548783,-0.058894009176701206,-0.04475508419846582,0.31968084473858155,-0.031963558043062786,0.002200326353864358,-0.24975527175020787,0.04873041052128243,-0.07027248676832255,-0.01414020383573533,-0.06620760795816312,-0.11233230208458628,-0.011083150174999064,-0.06801066559890029,-0.18746328093329612
0.8865409605651428,-0.2656853631652267,-0.8841508852944241,0.2786832343073626,-0.765609692338848,-0.6006251515519161,1.2206593339881697,0.36999662846378967,-0.8440086104337361,0.3103548812660332,1.7921118403473792,0.5680820413216155,0.281430097399256,-0.6131350504414437,-0.2567609516756797,-0.6625860765981747,-0.4325860531533941,0.17196548784394863,-0.2671310857896915,-1.2981648299476773,-0.5197105166503962,-0.23706176124148962,1.101865288357801,0.7204313830268082,-0.38006748969085985,1.0892948798908182,0.06714636268391395,0.4774970724533514,0.37284682493560917,-0.6426015171809781,0.10821456246085089,-0.6059157131010363,-1.6143305037771005,-0.3134041705408767,1.172953919991274,0.28106699126607815,-0.23081389737931066,0.14670933513369092,-0.49094502441119725,-0.5599603174002922,0.9429070788553116,1.0638171462963226,-0.07899862778840457,0.10674291409577853,1.116262535795548,-0.07448490632492825,0.17547217408524104,-0.7226814183917488,0.20458627465608492,0.3887625875954652,0.4057149007878495,0.163209838119385,-0.7269150779884653,0.14108051671439376,-0.6057426546350411,-1.268928195939022
-0.9122378317346418,1.4601233967499194,-0.7414305487067372,-0.8143433010238056,0.8963072947679646,-0.7886616381418877,1.3877210329386775,-2.4340645369413214,-0.7647247804574834,0.20575499120499816,0.5680820413216155,1.8800366095344694,0.13309390772764929,-0.262669096104941,-0.9963391120845636,0.16752700198550854,-0.20534581640663177,0.2872762839097448,-0.5321807679529132,-1.5850942639437766,-1.0795780490935816,-0.5009679079964985,0.8187561476835783,0.5409657738355568,0.4421116312596128,0.8752536902992566,0.7126213517885694,0.36843353403481643,0.20133174147213204,-1.2096440779394562,-1.5463141465242751,-0.4723640965441534,-0.9923739707632615,1.0039065701071022,0.12690700322387208,0.0012163432137141555,-0.13329455808021948,0.9319501905969904,0.043131644120571765,1.1746080988595726,-0.41842217078172705,0.47898846401439105,0.07261175756654932,-0.7063927460441394,0.03483091251527031,-0.22056406174405582,0.9404952743792915,0.3844479717547428,0.3079626251745197,0.08192366213928852,-0.2995159582514734,0.09207687935201157,-0.06894690547911572,1.1496631388087952,-0.24531289159331218,-1.3219317299896176
-0.08744415930625672,-0.17583065205432216,0.02830423853291816,-0.34643581135059015,-0.42621815978425565,-1.363307153695324,-1.1516657936285235,-0.3108769585556172,-0.4923973162273049,0.16966069348572077,0.281430097399256,0.13309390772764929,0.8588996409323877,0.06567184767546576,0.31957355639156426,-1.3792096517565948,0.6559822516114164,-0.03657498226673449,0.34197465788569154,-0.5580965234642009,-0.5392459699438418,-0.4097550812384698,-0.11439369341363194,0.4658176830210486,0.3032397143736973,0.3092978244802122,0.03678250975614219,-0.6755429075860646,0.5959218372719582,0.44009025897286835,0.060011417628168584,0.24281557546849553,0.03902790268661908,-0.367363072505283,0.35296052823689217,-0.07396422322594895,0.17177735058528387,0.8129207243299015,0.6840964301320299,-0.12383029386268758,-0.5053161710437967,0.8170635144986353,-0.5090088160548137,-0.09867223957618992,1.0714550210952363,-0.19871010540030773,-0.4430158848927183,-1.3881941125971247,-0.013026601709729808,-0.783020419810137,-0.38953479124766033,-0.7782492208948977,-0.15558375655968248,-0.5765725294826468,0.14206376721627825,0.5023652741545936
-0.062396126606836556,-0.1139708965143693,0.37871469456917556,-0.37898209448599623,-0.00753507720772207,-0.1194763355680804,-0.894993731601839,0.10925085274906345,0.3662867979261118,-0.077217138023095655,-0.6131350504414437,-0.262669096104941,0.06567184767546576,0.36279472920802447,-0.1774352045887263,0.17349063103160134,0.05661800407340206,-0.4464234644327801,0.17107871134759498,0.14244404803134078,-0.03534112621153255,-0.0029167703008496086,-0.2821769977895166,-0.2371179984993229,0.17104745530402535,-0.7314756542099933,-0.11177066604542073,-0.4778879494814661,-0.19394977101904354,0.3477414097855153,0.10609227519473431,-0.057938560040352645,0.35569969070476887,-0.11848708720338312,-0.33039751924099975,-0.3964420999052,-0.1912092796667625,0.026677293964326443,0.4115888921430382,0.23487110444552484,-0.632950879642375,-0.34065429495296023,0.1832323600591266,-0.056977948341339534,3.036326704016189e-4,0.24121315615113348,-0.34827125017421107,0.2600119647077183,-0.02327101127104454,-0.4561016675147403,-0.12590648607639834,0.02595299645534539,0.356209217124501,-0.3944000769527865,0.32667967032130096,0.4323031284136929
-0.32818483464111126,-0.526712762174547,0.3892908790442262,1.0682980486676463,-0.15655358765049618,0.12984195939299986,-0.8365802041200161,0.5492450567859698,-0.18677491519165793,-0.07727503037778267,-0.2567609516756797,-0.9963391120845636,0.31957355639156426,-0.1774352045887263,1.9357004366007864,-1.4267899553581413,1.216983396365556,0.9945081815419964,0.5233479187219766,1.581772935432389,0.8876920587665488,0.18444867415004407,-1.1139731430977673,0.04426594207963222,-0.06313297088985588,0.7892572287247027,-0.1750831146984213,-0.04511209531757169,0.7060253181281929,0.9868241856898695,0.671967472224705,1.5186077942218594,1.5299648871628386,-0.35150472235842084,-0.03719057466173017,0.8590317085056624,1.1815834534231566,-5.780707667889421e-4,-0.001696559971560739,-1.0424582495899777,0.635027184168444,0.40260676228010484,-1.1187130300713122,0.43731261244362435,-0.16757602886755193,-0.7590915844578384,-0.2382305614806658,-1.795347754963127,-0.4004441630995345,0.07047692643880239,-0.3098568147054719,-1.2176630687034804,-0.4023699082834175,-0.3433479988758861,0.003988413550802941,1.6159137778104296
0.15333051919679683,0.5133610479691475,-0.017613359731058896,-0.18660565598024514,0.7721075728520498,1.8871006439261648,1.6295876905228341,0.1405205463123177,0.9891231402097085,-0.25963613078652303,-0.6625860765981747,0.16752700198550854,-1.3792096517565948,0.17349063103160134,-1.4267899553581413,2.7726746585516016,-1.4527158909387092,-0.5866104222271252,-0.6588284745414238,0.19771979400780434,0.3688437055841817,0.5107146727594554,0.49693854293147405,-0.8303354703954126,-0.2969716677826864,-1.1632502956510014,-0.0023990341030376843,0.7770715901545371,-1.285643853633233,-0.9313304613577502,-0.4055284875818803,-1.0337337166308915,-0.5127251016295827,0.6985284170562028,-0.7160275078758955,-0.46774249352979774,-0.850666659650443,-1.1477384564918285,-0.7814688715526193,0.829431432302339,0.09735105502425771,-1.5725900381236064,1.328967077771243,-0.10966700412482168,-1.5596699076090985,0.7305612506980772,0.6226077906409676,3.0001479909272266,0.1852221247978747,0.8869248243802262,0.612464219177478,1.6811152366143844,0.608164645466902,0.8539979161675619,-0.034417618827854796,-1.2280217922902712
-0.8164554266655465,0.06763047192603223,0.3473088958588472,0.14537291710654987,0.15967720999119245,-0.7510934570458968,-1.225263488761865,-0.6550215063156267,-0.3465758407163951,0.006712240231193275,-0.4325860531533941,-0.20534581640663177,0.6559822516114164,0.05661800407340206,1.216983396365556,-1.4527158909387092,1.24599381945807,0.6325994350151211,0.4717911296320918,0.6521299297165666,0.10779213505200691,-0.19007648464421492,-0.9080435813267907,0.2180071598986456,0.3932093617259493,0.5690035641138023,0.09188167479925241,-0.4839432952246873,0.733568995423091,0.7557077676682112,-0.01632844735060111,1.173560198196688,1.2485328818884647,-0.04932441277978989,-0.17000501794464654,0.40650216275854717,0.8893395479171778,0.6989780090282799,0.5813306373533683,-0.2112299345571228,-0.3323592374273117,0.5208952967393896,-0.9633948984821193,-0.018898717035210736,0.16647870000172946,-0.6366897256732894,-0.20401852353124125,-1.609450894330786,-0.24182990124404133,-0.5266272477881148,-0.6485067707328286,-1.2612529621686352,-0.12380545311675643,-0.2786520683654487,0.21932655102766843,1.3683981225868622
-0.7829436591612956,0.5354935132395181,-0.230528159041528,0.6984210604202629,0.596102836453749,0.2680107182617696,0.8729994112870386,-0.8911166499138837,-0.5148116829847672,0.004877018835496701,0.17196548784394863,0.2872762839097448,-0.03657498226673449,-0.4464234644327801,0.9945081815419964,-0.5866104222271252,0.6325994350151211,1.1850107942812458,-0.0652230724309814,0.6230394702783973,0.3666618937653323,0.03797001626588066,-0.3443571746945367,0.2296757823307175,0.030906130310279,1.2919472141970672,0.2950440287234633,0.6171539465192318,0.5314529607429445,-0.1652267263104831,-0.40795020264106424,0.9479535840090603,0.6139975724337347,0.49715418065378275,-0.016141554316181684,0.8956089896349857,0.9288297666365427,0.19978613857714952,-0.3933213969105371,-0.20982682251870569,0.702873655571631,0.37993524158922404,-0.7604087747782659,0.012798396970636521,-0.5956509640371178,-0.7773270105526481,0.6563587266002174,-0.7973057914234696,-0.15018263575857424,0.5852646006477302,-0.2447486382307109,-0.6717414262179617,-0.4261143419713566,0.7633032479350944,-0.30091723518431024,0.26383154756411775
0.05134669692131424,-0.4350738665742291,0.3369266706056504,0.0552394850298727,-0.32493791562174024,-0.3475815138246731,-1.0863305189283259,0.4395134893687751,0.06858692826177065,-0.01854222319736408,-0.2671310857896915,-0.5321807679529132,0.34197465788569154,0.17107871134759498,0.5233479187219766,-0.6588284745414238,0.4717911296320918,-0.0652230724309814,0.35258648117149544,0.3882084667550225,0.1320937593068164,-0.023985773306427875,-0.4599503823031752,-0.014932008451936441,0.07890177615086048,-0.18607383410339817,-0.1783625520115899,-0.47245791273641347,0.2087327554447853,0.640256829062247,0.4311403335274229,0.3846339038798168,0.5576533935152153,-0.3951904085001378,-0.02919791165349391,-0.03231890803642753,0.20008060554209448,0.12428048451093131,0.37322184683468457,-0.323931586101303,-0.22811024620802597,0.13369804848705172,-0.29626721764237324,0.1368219754792523,0.3286542268885838,-0.06273810665612274,-0.47556367111190995,-0.7264001339456602,-0.12968013208650572,-0.4332182420420681,-0.17563220003164925,-0.46361793584589434,0.02490751263789809,-0.590055998365651,0.20972826532197386,0.8120129248697504
-0.30223930607335153,-0.5437997944779752,0.8351764031276221,1.1623250077808278,0.2794760459915521,1.5811329570945745,-0.6392026096985557,1.144247233758534,0.7848247661200213,-0.3689610995101141,-1.2981648299476773,-1.5850942639437766,-0.5580965234642009,0.14244404803134078,1.581772935432389,0.19771979400780434,0.6521299297165666,0.6230394702783973,0.3882084667550225,2.5653599624383925,1.5738893679690547,0.67825816493347,-1.423556030600782,-0.7602263791678184,-0.2361123900280034,-0.3279562709373545,-0.3776513262826753,0.1767666583297531,-0.12776459824868255,0.9985857412489908,0.8277697064011712,1.3314114331689817,2.0501842624958972,-0.12673359421844757,-0.8127479169767758,0.5813521538588321,0.8862656004004279,-0.9216509799216417,-0.3230891123008835,-0.7701042905599045,0.5761142798739544,-0.8814961983079027,-0.4414297698641392,0.5465685465503957,-1.4015176141662034,-0.32857861663853966,-0.17069170553049348,-0.10454852828258883,-0.4571582060542015,0.4575729284993893,-0.026997128251986,-0.41885929082212625,0.13544236191132095,-0.1909408317331005,0.2130786810942198,1.7119819885114689
0.1675644797396437,-0.5118634195719657,0.37905150127204795,0.9416479464438252,0.0044354659356128446,1.2989204373079264,0.06179868254401533,1.1581814887149642,0.5209497463129558,-0.22398389647554173,-0.5197105166503962,-1.0795780490935816,-0.5392459699438418,-0.03534112621153255,0.8876920587665488,0.3688437055841817,0.10779213505200691,0.3666618937653323,0.1320937593068164,1.5738893679690547,1.0998236957281753,0.5300939618913451,-0.6534092833402343,-0.49527842749816636,-0.36940910593083687,-0.16517726280650988,-0.3091085436036924,0.360958574019387,-0.2018021112263685,0.46214084066451294,0.6875921609020491,0.6217703766206231,0.9483440063023854,-0.16325013100787392,-0.33754978731624835,0.4162338604122075,0.4236272771509569,-0.870173897713285,-0.5057344260951008,-0.6824900972111894,0.7442031885472004,-0.5895741319604445,-0.12441644482977617,0.46148881116186574,-0.8941522936513824,-0.11402658660797094,-0.051332070646967126,0.15618705724370385,-0.25533956495784715,0.5741251748174061,0.23130109703157875,0.02034972445489109,-0.02243759528289656,-0.05774376205194288,-0.018922311215230705,0.7319613032662216
0.21245691395200006,-0.24831091228777005,0.14766612656766068,0.41180992861651927,0.002793143315109561,0.8097617343429655,0.2353783893464855,0.6778426179565903,0.35958373233396596,-0.12275296105333211,-0.23706176124148962,-0.5009679079964985,-0.4097550812384698,-0.0029167703008496086,0.18444867415004407,0.5107146727594554,-0.19007648464421492,0.03797001626588066,-0.023985773306427875,0.67825816493347,0.5300939618913451,0.3055457341871278,-0.17231518372718688,-0.3152693736772863,-0.24390026404817455,-0.2444959594273319,-0.1706165063995112,0.2556333843948436,-0.26668863557023087,0.09147285823868023,0.3291913268515025,0.08064257296273035,0.26549947766585896,-0.05386232528626825,-0.17786392204048504,0.10415406751010814,0.02859730577547881,-0.5719164885276994,-0.34488027372915814,-0.26021470039553746,0.3882126985469922,-0.4390118183069722,0.14476366104187757,0.2215593138141944,-0.5149713393934335,0.08091227676453218,0.011501293932262043,0.44353936853062687,-0.08127257025054002,0.3710540191504809,0.22959228625072403,0.2666415997958785,0.04617841553753846,0.025750036666043127,-0.029293487795274336,0.12057523973415302
0.6321716043289204,0.16737785886420234,-0.7047907195614656,-0.3076802118674448,-0.2642766464349251,-0.21640907939329465,1.2914047206078527,-0.07742852883919236,-0.3396193611325054,0.19105946609105473,1.101865288357801,0.8187561476835783,-0.11439369341363194,-0.2821769977895166,-1.1139731430977673,0.49693854293147405,-0.9080435813267907,-0.3443571746945367,-0.4599503823031752,-1.423556030600782,-0.6534092833402343,-0.17231518372718688,1.17530710790683,0.3320885974004583,-0.21621039565945008,0.23271966581118927,0.1361552944808917,0.4041572979737413,-0.19801193164041161,-0.9211422563788935,-0.3078393900666147,-1.0899721511376252,-1.6486759201341041,0.0741239512196627,0.6273760123462496,-0.22466807262847008,-0.7023442474534694,-0.009797098989487855,-0.3778811749575652,0.22104768051206317,0.30195167434339704,0.3054245791897089,0.5484794321514788,-0.14902242891864143,0.5430563197128676,0.3291703567883916,0.30652818902401635,0.6407639448860786,0.31096197171662804,0.30804416082913794,0.41957518040519376,0.7716602761322177,-0.20294036991024936,0.3626436753759945,-0.372269965904893,-1.5751801961168939
-0.03992157802678035,0.14705541570142713,-0.37314003102887283,-0.10990647655470899,-0.17725787284852146,-0.8433347606008028,0.16009946468445022,-0.5273495868806318,-0.6291946206742471,0.19071331704888836,0.7204313830268082,0.5409657738355568,0.4658176830210486,-0.2371179984993229,0.04426594207963222,-0.8303354703954126,0.2180071598986456,0.2296757823307175,-0.014932008451936441,-0.7602263791678184,-0.49527842749816636,-0.3152693736772863,0.3320885974004583,0.5122358566111478,0.10086292419513009,0.7346549414298155,0.1830187233431763,-0.026312887811620726,0.4609017204266212,-0.1923826392801207,-0.23699978504317643,-0.009060009617876398,-0.496097199184443,-0.024824148698081725,0.4902160570561949,0.16114176878911188,0.11215543044878683,0.5636299655056972,0.1192396310972636,-0.05168013068038771,0.06368198256245557,0.7683522910593474,-0.33054078796128905,-0.1215509430614601,0.6974179546175922,-0.24201660179994847,0.08625126188671274,-0.8444432647950645,0.07814591881347348,-0.14569882934580425,-0.13716119666344295,-0.36710630628621527,-0.33162874929766617,0.06514285536430917,-0.1802643388261311,-0.29729193293637646
-0.6796452663532003,0.498895099635241,0.1103703818612473,-0.5013483387167476,0.4043248418502084,-0.6020763978649011,-0.5050728886660035,-1.0633728301646659,-0.14119594379697592,0.01978694099587587,-0.38006748969085985,0.4421116312596128,0.3032397143736973,0.17104745530402535,-0.06313297088985588,-0.2969716677826864,0.3932093617259493,0.030906130310279,0.07890177615086048,-0.2361123900280034,-0.36940910593083687,-0.24390026404817455,-0.21621039565945008,0.10086292419513009,0.41634653907271346,0.017762655779516186,0.22161424624103931,-0.34473510780953154,0.1870902256612101,0.04764256563751567,-0.5136182332795923,0.20270391477479208,0.32922374272028004,0.28931478658715,-0.2562592622688727,-0.1227815378406067,0.13620899118449314,0.5927039946924502,0.4881692336107417,0.529719966382754,-0.6975426357731364,0.10368348297446027,-0.17908372442493256,-0.3071573334475143,0.034621436878217615,-0.1408111160728651,0.05281317717692972,-0.21278406477303966,0.0113461722800617,-0.4485468204248892,-0.42177616515008914,-0.3795322977169924,0.18126303380338318,0.07684674290345443,0.20915611085067265,0.28559849500228557
-0.5811976466292595,0.6264369744550177,-0.7206852184159199,0.5922109564492769,0.3210788811163288,-0.44453433492065103,1.3437492532620456,-1.2173359757232307,-1.1147552478051603,0.2108401360827424,1.0892948798908182,0.8752536902992566,0.3092978244802122,-0.7314756542099933,0.7892572287247027,-1.1632502956510014,0.5690035641138023,1.2919472141970672,-0.18607383410339817,-0.3279562709373545,-0.16517726280650988,-0.2444959594273319,0.23271966581118927,0.7346549414298155,0.017762655779516186,1.9667470487431606,0.45138785224113653,0.7168991829935054,0.8621342221080167,-0.535098641197261,-0.6079938569406597,0.6662631503353126,-0.22752779709133497,0.44530395571600523,0.5835912348387481,0.9924889876453099,0.8457112612652896,0.6121211254546112,-0.4280398260381239,-0.27537922214940996,0.9056118303585788,1.1020599156466047,-0.8991796101081646,-0.08539696898256456,0.13844056398074214,-0.8898276577611782,0.7809502449510762,-1.3637112129875932,-0.014282863647582208,0.5736663695883522,-0.2162407632100624,-0.7697413641804638,-0.7791022170179813,0.8765119099880581,-0.5623832352922709,-0.37600532139428405
-0.5782698012616875,0.6739145759989879,-0.23039926529607402,-0.22893242992317533,0.5145449586784424,-0.22703033486342805,0.5249862404472013,-1.1306895957427183,-0.30547251374304946,0.051435557295634544,0.06714636268391395,0.7126213517885694,0.03678250975614219,-0.11177066604542073,-0.1750831146984213,-0.0023990341030376843,0.09188167479925241,0.2950440287234633,-0.1783625520115899,-0.3776513262826753,-0.3091085436036924,-0.1706165063995112,0.1361552944808917,0.1830187233431763,0.22161424624103931,0.45138785224113653,0.3172661040928969,0.18047904438473997,0.14455955942825208,-0.413092645419516,-0.6714097183283112,0.05176800098597307,-0.10461380988978626,0.49300711879759773,-0.06764950921485861,0.12350776811371382,0.13728386603276396,0.3958934035467117,0.017078380642809105,0.46837426744630034,-0.14994619730256922,0.15819103060731604,-0.10765289446482884,-0.281558456297109,-0.1787332356426086,-0.21539376291992807,0.4433183025293106,0.05032933906714909,0.07027952300283662,0.07196737998770443,-0.20872606021097537,-0.11692820176937817,-0.027865553323370942,0.5419679729012357,-0.07893993662300024,-0.3153363865561388
-0.03841027951399376,0.42926067844316756,-0.4892338608858731,0.6222019885438118,0.4577076229457782,1.0552995642601395,1.937185467727037,-0.19992568761799853,-0.13264317219935776,-0.02584981599937393,0.4774970724533514,0.36843353403481643,-0.6755429075860646,-0.4778879494814661,-0.04511209531757169,0.7770715901545371,-0.4839432952246873,0.6171539465192318,-0.47245791273641347,0.1767666583297531,0.360958574019387,0.2556333843948436,0.4041572979737413,-0.026312887811620726,-0.34473510780953154,0.7168991829935054,0.18047904438473997,1.0588694542110086,-0.16388640963403447,-0.7917395827872737,-0.3330454898499284,-0.0650385256579826,-0.4118250442109832,0.5256910813795218,0.08470769759937397,0.5386213194353539,0.1482114652845188,-0.5058487984705551,-0.9383500439137884,-0.057233292638670996,1.0265236170137062,-0.16682622305061726,0.11410541249582583,0.06380043312575896,-0.8292355108366857,-0.1959706558143179,0.819171397648412,0.6961581012460494,0.045826911617914044,1.0849018800430421,0.35352106268724376,0.47540349357911915,-0.29197231786406025,0.9914601264407406,-0.48065036425534907,-0.8877621443830664
-0.3409558120459529,0.06268968008681935,-0.12022394197102078,0.1305781626998939,-0.09688525771177986,-0.8380865592539988,-0.3626346203953997,-0.5300059099138447,-0.6135860696325851,0.1337190740333167,0.37284682493560917,0.20133174147213204,0.5959218372719582,-0.19394977101904354,0.7060253181281929,-1.285643853633233,0.733568995423091,0.5314529607429445,0.2087327554447853,-0.12776459824868255,-0.2018021112263685,-0.26668863557023087,-0.19801193164041161,0.4609017204266212,0.1870902256612101,0.8621342221080167,0.14455955942825208,-0.16388640963403447,0.6822454504676477,0.22885691419241913,-0.0909447808816014,0.5908275645372948,0.24479554589404143,-0.0768305424003441,0.30964493631585593,0.38619265184590407,0.5449997024972225,0.6394122055425283,0.2602247149710843,-0.25975539348870774,0.051105936716326454,0.8005474260200107,-0.7192310824531849,-0.03251497645708016,0.5388920387467994,-0.5005319440533155,-0.021592666259279747,-1.4017600151211662,-0.07665772880225248,-0.24999171854361482,-0.3506787094128814,-0.8507289413700144,-0.35259243327364215,-0.07384156271555596,-0.07252119193127866,0.43711486037534053
0.19898280933994208,-0.9153658318263701,0.7097899008324798,0.234395318134091,-0.5977479729536533,-0.2822324027411058,-1.9473991576426741,1.1217380101477543,0.3260963412659989,-0.09464196320189522,-0.6426015171809781,-1.2096440779394562,0.44009025897286835,0.3477414097855153,0.9868241856898695,-0.9313304613577502,0.7557077676682112,-0.1652267263104831,0.640256829062247,0.9985857412489908,0.46214084066451294,0.09147285823868023,-0.9211422563788935,-0.1923826392801207,0.04764256563751567,-0.535098641197261,-0.413092645419516,-0.7917395827872737,0.22885691419241913,1.2268455412531594,0.9406973563237119,0.702221643774822,1.138726760196,-0.7566936562235705,-0.15951329246756538,-0.06583929345801037,0.33583870223417694,-0.032521440844534046,0.562745095663876,-0.6740510039230926,-0.3080831004309273,0.008022999450124102,-0.4364359514276934,0.3396189175803812,0.37624669357671897,-0.03900714959545102,-0.8955819768358785,-1.0707269927392025,-0.26823141539848444,-0.6672318262299811,-0.21952029141627094,-0.6990329912648737,0.10536328398187533,-1.1017249789326045,0.39926910499220747,1.5466727832577263
1.2670901347286556,-1.5275295672311573,0.4054260146399817,0.6867717622068777,-1.2233410986807494,0.339123262822239,-1.084294493309676,2.467240350507554,0.4436669220238892,-0.06384332502637004,0.10821456246085089,-1.5463141465242751,0.060011417628168584,0.10609227519473431,0.671967472224705,-0.4055284875818803,-0.01632844735060111,-0.40795020264106424,0.4311403335274229,0.8277697064011712,0.6875921609020491,0.3291913268515025,-0.3078393900666147,-0.23699978504317643,-0.5136182332795923,-0.6079938569406597,-0.6714097183283112,-0.3330454898499284,-0.0909447808816014,0.9406973563237119,1.5183631652228524,0.07461730525626974,0.23258491705580445,-1.1401185266184446,0.3303909511342595,-0.06322595403300038,-0.10473227676891232,-0.757803623981904,-0.08337522265301661,-1.2384801758016237,0.5454462669823401,-0.05502174711349977,-0.007674356731166562,0.6683061883578257,0.5573911772597799,0.2905701675624711,-0.9450002508221195,-0.5881996446523613,-0.18325025203390666,-0.10789895697753633,0.42228510612871006,0.020619683105567204,-0.132876799561756,-1.1773120224993587,0.07460342615474119,0.7544523998031147
-0.8713125668524452,0.07924705181496915,0.3870867754706801,0.6245363511092138,0.38935809345157524,0.055114979102102474,-0.68210363037542,-0.4060037879512545,-0.15551109307064848,-0.10052452550274743,-0.6059157131010363,-0.4723640965441534,0.24281557546849553,-0.057938560040352645,1.5186077942218594,-1.0337337166308915,1.173560198196688,0.9479535840090603,0.3846339038798168,1.3314114331689817,0.6217703766206231,0.08064257296273035,-1.0899721511376252,-0.009060009617876398,0.20270391477479208,0.6662631503353126,0.05176800098597307,-0.0650385256579826,0.5908275645372948,0.702221643774822,0.07461730525626974,1.4177067757474482,1.5720936647393673,0.10612444001396452,-0.3580722392831383,0.6974210151022947,1.1050272301784723,0.25341165127684506,0.1607419521669137,-0.3935330041458061,0.1535010483430856,0.18919395585410811,-0.9695126383747343,0.1359645188541801,-0.4936328165761649,-0.7402694816191415,0.03769916305636982,-1.280518822880738,-0.3281760601307888,-0.02495109253883351,-0.5039122712198559,-1.126950424709492,-0.1634044983373885,0.021475332707386937,0.11050919207277049,1.4332623065694028
-1.0838168560467702,-0.007757545497710409,0.9427633811711637,0.4482241285285003,0.6110829747607115,0.4689886905795218,-1.5137701386654505,-0.18476593214612821,0.46973884560227125,-0.28809874939329444,-1.6143305037771005,-0.9923739707632615,0.03902790268661908,0.35569969070476887,1.5299648871628386,-0.5127251016295827,1.2485328818884647,0.6139975724337347,0.5576533935152153,2.0501842624958972,0.9483440063023854,0.26549947766585896,-1.6486759201341041,-0.496097199184443,0.32922374272028004,-0.22752779709133497,-0.10461380988978626,-0.4118250442109832,0.24479554589404143,1.138726760196,0.23258491705580445,1.5720936647393673,2.359718002623889,0.10426183082805678,-0.9827685993771055,0.39116333416362625,1.047373212156129,0.0040227644109448275,0.43437869816358643,-0.1688135447031033,-0.38486842630554063,-0.5172585308582878,-0.7593480718212654,0.14986837842361878,-1.0192115079530393,-0.5230686675316036,-0.23069637288922598,-0.7084019174201336,-0.4302771976834221,-0.28791874246402743,-0.610299960775913,-1.0400743185228603,0.3009529445501843,-0.25982986547633263,0.4863927168544166,2.1116321364561275
-1.0670814857232416,1.2254035984906129,-0.24155923307363406,-0.24413909163777817,1.1645931438696533,0.34289031626446564,1.1731396573960031,-1.776216038110662,-0.14840063681658203,-0.04396913101216903,-0.3134041705408767,1.0039065701071022,-0.367363072505283,-0.11848708720338312,-0.35150472235842084,0.6985284170562028,-0.04932441277978989,0.49715418065378275,-0.3951904085001378,-0.12673359421844757,-0.16325013100787392,-0.05386232528626825,0.0741239512196627,-0.024824148698081725,0.28931478658715,0.44530395571600523,0.49300711879759773,0.5256910813795218,-0.0768305424003441,-0.7566936562235705,-1.1401185266184446,0.10612444001396452,0.10426183082805678,1.0246829454864488,-0.46323762447162814,0.21002601480898717,0.2115105507141747,0.2620555289950097,-0.20190115462020583,0.8991607032446097,-0.15879653274487285,-0.2732650010614978,0.04194728460117261,-0.4287061549886551,-0.9658488357133814,-0.269820946368753,0.8997320753984401,0.7917286600916887,0.08031788522509838,0.41193654585374945,-0.2409630797820048,0.10712085282701084,0.13416333747549383,1.1266340344822028,-0.09621683025913318,-0.5082312784236414
0.7611669651056322,-0.457554634597151,-0.46894574790726806,0.17931632872156567,-0.7717575905567765,-0.5979908147597929,0.32451665316668266,0.5872765279783807,-0.5274217024935063,0.21517961022126855,1.172953919991274,0.12690700322387208,0.35296052823689217,-0.33039751924099975,-0.03719057466173017,-0.7160275078758955,-0.17000501794464654,-0.016141554316181684,-0.02919791165349391,-0.8127479169767758,-0.33754978731624835,-0.17786392204048504,0.6273760123462496,0.4902160570561949,-0.2562592622688727,0.5835912348387481,-0.06764950921485861,0.08470769759937397,0.30964493631585593,-0.15951329246756538,0.3303909511342595,-0.3580722392831383,-0.9827685993771055,-0.46323762447162814,0.8463577409827002,0.10994141768378383,-0.16660138909233982,0.12430156381746765,-0.16535827707244613,-0.5519012177491621,0.5373121431046193,0.7927012893275623,-0.11582323806842205,0.14899216511939564,1.0124473563578629,-0.005718469770257233,-0.15258512248254866,-0.7737109758393852,0.1025267790933061,0.04483470012566538,0.2507031151447131,-0.018188872758766732,-0.48173263792883675,-0.24047125014330265,-0.32219214963773146,-0.5825994826936364
