V1,V2,V3,V4,V5,V6,V7,V8,V9,V10,V11,V12,V13,V14,V15,V16,V17,V18,V19,V20,V21,V22,V23,V24,V25,V26,V27,V28,V29,V30,V31,V32,V33,V34,V35,V36,V37,V38,V39,V40,V41,V42,V43,V44,V45,V46,V47,V48,V49,V50,V51,V52,V53,V54,V55,V56
59263.37480902869,21186.62107502276,29987.03143830095,53237.538861772155,1061.5893106889043,-111911.41036943151,-59377.139306085875,-3329.489187042823,81153.51345505401,10628.214860424494,48241.92653078305,-39649.382987920864,86275.06441900099,-21671.839473231954,-40064.32034788734,5997.930208177564,-67172.97350207523,2780.334974025655,14700.203681939785,35343.773253165615,-24444.444030601135,10866.544486544206,-25739.860859489247,-9187.521816478404,182.9371131476896,-55163.09089422403,22071.37927643532,64473.80598238646,-40204.71211463554,33411.165271690836,77040.75501025192,26823.195786738495,-19160.84033840781,-47119.807260420406,48483.785170581024,64492.49322653854,34422.66427093058,-13664.25437148804,-98323.3719071882,-80639.65862322068,7091.468374275326,-37081.26628135335,-45686.19698676765,12184.825350572124,-21576.839435097416,5519.642912613477,33627.182761919714,-26556.560243597276,25130.376569242406,39688.0548862941,51605.50429981796,21543.108494042943,56414.02896218667,23099.26191893373,27042.577297281452,58707.12728181237
21186.62107502276,7574.361694229867,10720.52854537592,19031.77853169058,379.35613912004396,-40007.29046802768,-21226.95588422219,-1190.384592990938,29011.935188807336,3799.6427688270005,17246.275400373073,-14174.211712882901,30842.455709144197,-7747.631051248242,-14322.878495757095,2144.221742769243,-24013.81761771617,993.9031252270642,5255.486370494402,12635.305435107039,-8738.360914768478,3884.730705189818,-9201.815863317433,-3284.149309656916,65.29743017023274,-19720.319412243738,7890.27863537875,23049.06769383848,-14373.038522867384,11944.401971274907,27541.71627565859,9589.260240383055,-6849.884513600202,-16845.118752692586,17332.33104253986,23055.567931549624,12305.526826432655,-4884.560045643336,-35149.68319625855,-28828.061707136978,2535.141128369997,-13256.119227793477,-16332.506840579565,4355.630079604166,-7713.5378009025135,1973.1942101544355,12021.88726025227,-9493.635032459737,8983.89765496857,14188.259456358855,18448.495570636605,7701.805425087704,20167.578557670393,8257.867523651903,9667.798586658893,20987.624138242936
29987.03143830095,10720.52854537592,15174.190632279473,26938.058044060173,537.1716015415955,-56626.182985698906,-30044.8492747033,-1684.7919417002017,41063.85972675615,5378.291725873501,24409.976813543075,-20062.722102219243,43655.34235196009,-10966.746946235187,-20272.72334490451,3034.7782374842363,-33989.120273746244,1407.1980280819805,7438.385317797108,17884.589471273077,-12368.578380238261,5498.672138977267,-13025.025972759324,-4649.077798878009,91.89149871851532,-27912.885273987635,11168.058655065812,32624.127417370397,-20343.172708194073,16906.17261561804,38982.258708657064,13572.351163170917,-9695.690429034164,-23842.630477565883,24532.06825363499,32633.460819411262,17418.179135912786,-6913.565640551828,-49750.972439221594,-40803.1721926461,3587.660425352736,-18763.725665877,-23117.503128091117,6165.7572213014,-10917.279998341408,2793.1179234877095,17014.994493961665,-13437.228055254267,12716.028175326099,20082.354555079906,26111.841675280506,10901.442306428375,28545.3095385857,11688.205835820998,13684.153564761575,29705.919174366474
53237.538861772155,19031.77853169058,26938.058044060173,47828.04287585583,954.5814945686703,-100537.34523847786,-53341.979314253134,-2990.459552790681,72904.91952967273,9547.753182738286,43337.54608899576,-35620.630931405,77508.17941735462,-19469.599595853964,-35991.586889036465,5388.048197129855,-60345.48193656296,2498.463903278224,13204.74456613222,31751.502244657615,-21961.700155807874,9762.221033388287,-23124.620485666415,-8255.886155885619,164.03143794510723,-49557.496026032495,19828.503994550498,57920.67505776007,-36117.06305905828,30014.70193765844,69208.98565651887,24095.76965874013,-17213.66446376769,-42330.024842134175,43556.74331795058,57938.32810715667,30926.427778659418,-12276.585552019425,-88330.66243882076,-72443.41469408965,6369.940006754124,-33314.29739892719,-41043.09604033887,10948.834735952209,-19383.257054393864,4959.08870121045,30206.645662299088,-23857.77481597746,22576.50663392343,35654.24575052818,46360.43131126751,19352.62509702195,50680.313927279145,20751.236550645022,24293.33678644027,52739.1154753274
1061.5893106889043,379.35613912004396,537.1716015415955,954.5814945686703,19.256774783168797,-2005.9554751557769,-1064.2025375163325,-59.51729690976385,1454.4744104666245,190.43377980040736,864.3676731299557,-710.9497036381916,1546.851070870633,-388.5449342099864,-717.9200128833974,107.43907042452685,-1203.9403176436876,50.01501738385253,263.1270361765242,633.4794284413185,-438.5786266678778,194.80113980229098,-461.57707875494987,-165.22645140676315,3.205850573053763,-988.9926682701883,395.70613468507105,1155.5570276236253,-720.2779425688534,598.6859308865544,1380.4642434271113,480.4711560893581,-343.5040968607022,-844.395556485811,869.2014689432344,1156.1162558717456,617.5922700674025,-245.20889152683026,-1762.4822338609679,-1445.3020389643086,126.91412102431735,-665.1068392620873,-818.9476473563827,219.02028470966903,-386.59544991893745,99.04672032050351,602.0171568818033,-476.0874407795011,450.509403008883,711.3489864244107,924.9603650097878,385.8973085065011,1011.1643137110605,413.95435644110705,484.51567395403305,1051.9464738026713
-111911.41036943151,-40007.29046802768,-56626.182985698906,-100537.34523847786,-2005.9554751557769,211337.84816619608,112129.14424826695,6286.576421601618,-153251.95507424593,-20069.981934231277,-91100.09552558197,74876.438521255,-162926.75485677583,40925.710330770744,75657.49494564645,-11326.418649224004,126851.35519455813,-5251.188992158626,-27758.334778760523,-66743.67368089691,46164.19404045669,-20520.70738812614,48608.62204953697,17352.815065261577,-345.53267185174735,104172.69766921432,-41680.81235670958,-121753.62553119453,75922.15624779927,-63093.614893329774,-145484.06664857027,-50652.176018503444,36184.03195089863,88981.4731245307,-91559.68764527471,-121790.19808523353,-65007.80440260816,25805.93084732653,185677.97951145863,152282.25016658995,-13391.128131126081,70027.45083352606,86275.33752532121,-23013.36797314235,40745.97645574194,-10423.933186132428,-63498.98643771321,50150.936196510265,-47457.30709043471,-74947.87211118713,-97453.66272177087,-40680.905111290216,-106534.07018482978,-43620.930735871254,-51066.54488787065,-110862.49593763713
-59377.139306085875,-21226.95588422219,-30044.8492747033,-53341.979314253134,-1064.2025375163325,112129.14424826695,59492.558040677606,3335.6056603796756,-81311.2542766202,-10648.853428605407,-48334.96321390875,39727.25523746654,-86444.1459417214,21714.46852493353,40141.8996033795,-6009.399139016537,67303.47167975579,-2786.267034693933,-14727.986833437042,-35412.68946349709,24492.99023519773,-10887.818358516824,25790.652504268397,9206.765715638885,-182.9437859821308,55271.163268826866,-22114.564801892466,-64599.246613029085,40282.03425478933,-33475.81995294654,-77189.64830222509,-26874.629984005263,19198.37449814737,47211.1089205089,-48578.404865234654,-64618.4723204658,-34491.185864289466,13691.40589878383,98514.92925202343,80796.31446682879,-7104.6513050986205,37154.71131346658,45775.37077634681,-12210.083080742506,21618.33564963735,-5530.7022298082675,-33690.84546708286,26608.36484856275,-25179.48569406982,-39765.32062461983,-51705.78418648109,-21584.633711620827,-56523.79978903855,-23144.040454814258,-27094.913693656134,-58820.67958168142
-3329.489187042823,-1190.384592990938,-1684.7919417002017,-2990.459552790681,-59.51729690976385,6286.576421601618,3335.6056603796756,187.13842943553286,-4558.940469315049,-597.1317527551857,-2710.1459802419054,2227.2132510734023,-4846.342861479879,1217.4696637635593,2250.76840948421,-336.9608316727527,3773.4949372137507,-156.12974717759477,-825.9864773260084,-1985.54156598409,1372.9149479283021,-610.4497627984139,1445.9113520694684,515.8406910542565,-10.24971639716706,3098.7444022369873,-1239.8240168549316,-3621.9385742655554,2258.6869143227677,-1877.004053362604,-4328.020338542563,-1506.9703879803076,1076.3765693157914,2647.0926197068543,-2723.4475363459946,-3622.859665404339,-1933.4296275814331,767.3885849801728,5523.250230652321,4529.984959479103,-398.411022243587,2082.8780178422817,2566.455824620127,-684.179612219946,1212.1109478975166,-310.0317403623594,-1889.3740752863696,1491.7531791152617,-1411.6845997069343,-2229.5355333902266,-2898.9342319804123,-1210.3991480692018,-3169.0818217361593,-1297.661639387351,-1519.3012874943702,-3298.101405309393
81153.51345505401,29011.935188807336,41063.85972675615,72904.91952967273,1454.4744104666245,-153251.95507424593,-81311.2542766202,-4558.940469315049,111131.93761128212,14554.35878741571,66061.60706220509,-54297.08224577031,118147.24231291517,-29678.30490521985,-54863.85208769053,8213.2936068186409,-91986.71965372334,3808.167223224955,20129.48378575525,48400.29584659167,-33475.63091990707,14880.912868636891,-35249.38933227282,-12583.31191016773,249.91478074491624,-75541.7109551001,30224.981207605135,88290.88960515833,-55055.273159679346,45753.00349533976,105498.64430253275,36730.78498239495,-26239.35878711106,-64525.63659801195,66394.22223266232,88317.12114784619,47140.72736389975,-18712.560649261333,-134644.82738128843,-110428.01710665494,9710.154893869896,-50781.16309587087,-62563.37687057956,16688.094383186057,-29546.69283070648,7559.088242677539,46046.84791475829,-36366.8090727066,34413.98538004671,54349.16257529362,70668.60844016311,29500.85440942586,77253.68340446234,31632.03755068679,37032.01599138603,80393.01421390323
10628.214860424494,3799.6427688270005,5378.291725873501,9547.753182738286,190.43377980040736,-20069.981934231277,-10648.853428605407,-597.1317527551857,14554.35878741571,1906.2996186198825,8651.547062149886,-7110.948972073053,15472.96421764006,-3887.1218878511295,-7185.301692027939,1075.5835786844896,-12046.759602935095,498.84745145121127,2636.3493157639336,6338.976536674654,-4383.844078265893,1948.948477050898,-4616.636769529801,-1647.910602099487,32.44495330530052,-9893.332806590774,3958.328951710781,11563.088417315037,-7210.147989600217,5992.080306148877,13816.43679125395,4810.396955311374,-3436.5290091171555,-8450.565849676077,8694.86429077608,11566.41707049858,6173.719629328918,-2450.349427389353,-17633.256484646827,-14461.856266282752,1271.445148614159,-6650.647338304665,-8193.648448373748,2185.4885189758406,-3869.3074522279608,990.0219161656923,6030.472475418264,-4762.537456308912,4506.991066312846,7117.86051058766,9254.782771479977,3863.886468745001,10117.3428662927,4142.66043965821,4850.169925940823,10528.695124269814
48241.92653078305,17246.275400373073,24409.976813543075,43337.54608899576,864.3676731299557,-91100.09552558197,-48334.96321390875,-2710.1459802419054,66061.60706220509,8651.547062149886,39270.44730438624,-32276.158542673234,70231.23891224712,-17641.4705470454,-32613.513866938934,4882.508510044314,-54681.17130246123,2263.3435044287426,11966.140984487334,28770.844560594953,-19899.106658331795,8845.699917353033,-20953.13200494725,-7479.393578061626,149.0460501289756,-44904.76387177896,17966.96314663008,52483.735176416165,-32727.820930432415,27197.651003840085,62713.56019580588,21834.776197905696,-15597.548486973374,-38356.98404673284,39467.84355182471,52499.177934736894,28021.681032199238,-11123.593575256255,-80038.93450183049,-65643.54318332675,5772.707683780898,-30185.67167575305,-37190.11255905187,9919.356146590422,-17564.33962680375,4493.223799856834,27373.16303228658,-21618.144221602197,20457.043028448723,32307.374728537216,42008.80511425755,17536.430034725807,45923.0239049933,18803.530489778783,22013.24371293792,47789.31164988757
-39649.382987920864,-14174.211712882901,-20062.722102219243,-35620.630931405,-710.9497036381916,74876.438521255,39727.25523746654,2227.2132510734023,-54297.08224577031,-7110.948972073053,-32276.158542673234,26529.05663307378,-57725.44401650523,14500.503710792595,26805.32392278211,-4012.7854049758894,44943.10447850158,-1860.8699650341782,-9834.43750051038,-23647.58331546005,16356.229848767758,-7270.6242035526375,17222.595527705416,6148.759830168854,-121.98404663808604,36908.80819368599,-14767.57006405004,-43137.39458273186,26898.61853956751,-22353.93101675936,-51544.340842619655,-17945.641218403136,12820.225414605127,31525.927025843688,-32439.353836473823,-43150.51800921418,-23033.02199925861,9143.032195849359,65785.4198819685,53953.188204901104,-4743.938931940058,24811.49549621624,30567.55013591215,-8154.383846461059,14435.80580654983,-3693.410422006404,-22496.736209827333,17768.339350736933,-16814.21090110632,-26554.08890407115,-34527.486367639,-14413.328290080744,-37744.877570705416,-15454.79301290041,-18092.986001170797,-39278.275982571664
86275.06441900099,30842.455709144197,43655.34235196009,77508.17941735462,1546.851070870633,-162926.75485677583,-86444.1459417214,-4846.342861479879,118147.24231291517,15472.96421764006,70231.23891224712,-57725.44401650523,125606.82557361313,-31552.04091338443,-58326.85111022656,8731.634435943728,-97793.58203962329,4048.9868668455224,21399.3495486618,51455.6426382693,-35589.99122333405,15820.381085159159,-37475.116660072184,-13379.007032095493,265.56061214358607,-80311.14146949473,32133.288989524954,93864.37623505591,-58530.01096172216,48640.892591513846,112157.64845248961,39048.81199068606,-27895.95182607386,-68598.61527058457,70586.08835554171,93892.81936164646,50118.10270766486,-19894.608644520686,-143145.15228325542,-117399.02509687787,10322.716296035129,-53987.996967160725,-66513.06601795589,17743.08754912651,-31411.61874655291,8036.545412775259,48952.00228016585,-38662.83905855545,36586.667922496046,57780.091703689046,75129.82230366491,31362.57007255313,82130.61846777849,33628.739988913876,39369.278357357405,85467.33029393035
-21671.839473231954,-7747.631051248242,-10966.746946235187,-19469.599595853964,-388.5449342099864,40925.710330770744,21714.46852493353,1217.4696637635593,-29678.30490521985,-3887.1218878511295,-17641.4705470454,14500.503710792595,-31552.04091338443,7926.438132784467,14651.661261235833,-2193.21299377276,24565.036292445293,-1017.373306193716,-5375.541649956297,-12926.019358853477,8939.744532450422,-3974.1965922955774,9414.152404953797,3360.8556148885104,-66.13345898755112,20174.144801357623,-8071.700996430892,-23578.708779236415,14702.207506751418,-12218.533598011629,-28173.315877242854,-9808.796018332883,7007.6176471796,17231.741345740145,-17730.305846229607,-23585.72373851964,-12589.674002805332,4996.9403935704,35956.93010124509,29489.763712982047,-2592.5115606623717,13562.044287097937,16708.07368080847,-4457.122703988142,7889.973176145443,-2018.8937873396717,-12296.324653313739,9711.611122153934,-9190.472030681267,-14514.3112125471,-18871.856140211188,-7878.73647174724,-20630.732886337446,-8447.405123621938,-9889.961860452064,-21469.202926081958
-40064.32034788734,-14322.878495757095,-20272.72334490451,-35991.586889036465,-717.9200128833974,75657.49494564645,40141.8996033795,2250.76840948421,-54863.85208769053,-7185.301692027939,-32613.513866938934,26805.32392278211,-58326.85111022656,14651.661261235833,27085.391929373727,-4054.7724718722,45412.1287108691,-1879.9581663023337,-9937.757641021415,-23894.405746473214,16526.010419995553,-7346.440067785516,17401.916520014875,6211.854402741403,-123.34947429524615,37293.439842838394,-14921.451610436807,-43587.64529984032,27179.924449289545,-22587.517856117338,-52082.91879505928,-18133.466127165135,12953.8816433954,31855.209861848518,-32777.41295594183,-43600.457400584855,-23272.190599391663,9237.81862802078,66471.4940006324,54516.245532843845,-4793.767181020347,25069.51260430114,30886.36902802181,-8238.271310850232,14586.66962761573,-3731.7385141813024,-22732.83541261141,17953.527369007024,-16989.507754329414,-26831.19959356619,-34887.72743378152,-14564.229962230414,-38138.68335756077,-15616.191394912361,-18282.1903841542,-39688.72696521633
5997.930208177564,2144.221742769243,3034.7782374842363,5388.048197129855,107.43907042452685,-11326.418649224004,-6009.399139016537,-336.9608316727527,8213.2936068186409,1075.5835786844896,4882.508510044314,-4012.7854049758894,8731.634435943728,-2193.21299377276,-4054.7724718722,607.0663337955638,-6798.4663025270465,281.3298874272659,1487.7520216272176,3576.9366104113747,-2474.0041750498854,1099.7417490251812,-2604.9474978777,-929.8067783909394,18.632814715686802,-5582.846518348321,2233.7961038441117,6525.150925241331,-4069.0868048356883,3381.43265859844,7797.155023380491,2714.7409841569142,-1939.1652787448795,-4768.868622100568,4907.037390964685,6527.063349170234,3483.766007440737,-1383.0145649591173,-9951.151561434188,-8161.404582727343,717.8180483402078,-3752.784173064732,-4623.727496657444,1233.146151614633,-2183.8370148532563,558.5977700902874,3403.3804035969106,-2687.7860174431357,2543.366162238164,4016.6846688767346,5222.947176876879,2180.214036966393,5709.542444591402,2337.8189003662537,2736.8002353726183,5941.5711281872955
-67172.97350207523,-24013.81761771617,-33989.120273746244,-60345.48193656296,-1203.9403176436876,126851.35519455813,67303.47167975579,3773.4949372137507,-91986.71965372334,-12046.759602935095,-54681.17130246123,44943.10447850158,-97793.58203962329,24565.036292445293,45412.1287108691,-6798.4663025270465,76140.10635880913,-3151.9287347053614,-16661.59268579753,-40061.799086482075,27708.928928590154,-12317.211225202176,29176.472630051096,10415.501501989635,-207.28391798469062,62527.69973897127,-25018.078789887877,-73080.45684949234,45570.93191110963,-37870.871128927545,-87324.21196288665,-30403.12910151979,21718.83437261633,53409.55548116027,-54956.75663010409,-73102.28521975465,-39019.524778829065,15489.277519398804,111449.53767539028,91404.5044294082,-8037.724020582307,42032.59691730961,51785.20162072508,-13813.118104882833,24456.942175134325,-6256.764494239125,-38114.31595443717,30102.042295962045,-28485.343780268093,-44986.11395157399,-58494.631775869886,-24418.206986952875,-63945.046778670185,-26182.683240974206,-30651.961638131866,-66543.31404541069
2780.334974025655,993.9031252270642,1407.1980280819805,2498.463903278224,50.01501738385253,-5251.188992158626,-2786.267034693933,-156.12974717759477,3808.167223224955,498.84745145121127,2263.3435044287426,-1860.8699650341782,4048.9868668455224,-1017.373306193716,-1879.9581663023337,281.3298874272659,-3151.9287347053614,130.76388816551628,689.5446939271484,1658.7742435746159,-1147.3262276413368,510.02698311122464,-1208.3130795795369,-431.68004326219204,8.251214330976383,-2588.9336382179617,1035.7791356462874,3025.5803748450808,-1886.174416383045,1567.746138796773,3614.702621539916,1258.363022087195,-899.3169861451283,-2210.9864204349633,2275.004487075568,3026.6003805779787,1615.952194615562,-641.2368283021879,-4613.761449661981,-3783.81539502324,332.35794215858766,-1740.7090450240862,-2144.0375341160106,572.4088301125594,-1012.1441344954923,259.18208488960363,1577.2260192252702,-1246.107455292291,1179.3496670911738,1862.4587914278593,2421.4002448089273,1010.9741044679362,2647.200186440371,1083.8784279675006,1269.0729089623271,2754.653216211306
14700.203681939785,5255.486370494402,7438.385317797108,13204.74456613222,263.1270361765242,-27758.334778760523,-14727.986833437042,-825.9864773260084,20129.48378575525,2636.3493157639336,11966.140984487334,-9834.43750051038,21399.3495486618,-5375.541649956297,-9937.757641021415,1487.7520216272176,-16661.59268579753,689.5446939271484,3646.5618323635017,8766.812396933372,-6062.79912636265,2695.346860848466,-6384.458438898144,-2278.4569384530814,45.31737676915503,-13682.523284164343,5474.497598578475,15992.236306356544,-9972.604348124214,8287.485395062278,19109.49007395068,6653.450450984616,-4752.657756573918,-11687.762637184027,12025.66209148929,15996.662515861215,8537.769682611794,-3388.9521849685993,-24387.945614093424,-20001.87836933694,1759.0207766231933,-9197.378524432583,-11332.011820111244,3021.861588028042,-5351.947409720218,1369.0298686440465,8341.432604182944,-6586.956201922554,6233.2991046424095,9844.29308834151,12800.168024011813,5343.865955155357,13992.926379915742,5729.60724373125,6707.920625148322,14562.02240915105
35343.773253165615,12635.305435107039,17884.589471273077,31751.502244657615,633.4794284413185,-66743.67368089691,-35412.68946349709,-1985.54156598409,48400.29584659167,6338.976536674654,28770.844560594953,-23647.58331546005,51455.6426382693,-12926.019358853477,-23894.405746473214,3576.9366104113747,-40061.799086482075,1658.7742435746159,8766.812396933372,21079.709840520103,-14579.15050226711,6481.069164178546,-15352.25889869913,-5480.459275912728,108.40352726944515,-32900.18924560039,13163.55846143249,38452.693388394524,-23977.38172896591,19926.41444835315,45946.50841866402,15996.848095880452,-11427.970495395495,-28102.199658995505,28915.567787265536,38464.06072455908,20530.989226600454,-8149.372074598255,-58640.119360680794,-48093.2934077828,4228.550230358597,-22116.647117943627,-27247.798900683232,7268.208634744041,-12867.778528967696,3292.2603964073246,20054.028469648114,-15838.23346735043,14988.025524951063,23670.277331959045,30777.24831003829,12848.596745559644,33645.40926020574,13776.367791402927,16128.55919521676,35012.81495775335
-24444.444030601135,-8738.360914768478,-12368.578380238261,-21961.700155807874,-438.5786266678778,46164.19404045669,24492.99023519773,1372.9149479283021,-33475.63091990707,-4383.844078265893,-19899.106658331795,16356.229848767758,-35589.99122333405,8939.744532450422,16526.010419995553,-2474.0041750498854,27708.928928590154,-1147.3262276413368,-6062.79912636265,-14579.15050226711,10084.784162790227,-4482.494680632377,10618.208260008154,3791.450402236964,-75.43146257041933,22755.53678183226,-9104.800976753713,-26595.299623934883,16583.60888271312,-13781.637943333466,-31778.36955381286,-11063.76270578662,7903.995284576316,19436.50206650965,-20000.415216571586,-26603.70087395988,-14201.128837793949,5637.5556597238265,40559.23129216615,33263.967792758056,-2924.8487030589804,15297.324233778849,18845.787220109207,-5028.0469935618785,8900.237588589427,-2277.1447861802635,-13869.288666781822,10955.012671529767,-10366.54504734106,-16371.314753347018,-21287.50552255375,-8885.688403378714,-23270.985687357665,-9528.278137349174,-11154.387387832365,-24215.862345225527
10866.544486544206,3884.730705189818,5498.672138977267,9762.221033388287,194.80113980229098,-20520.70738812614,-10887.818358516824,-610.4497627984139,14880.912868636891,1948.948477050898,8845.699917353033,-7270.6242035526375,15820.381085159159,-3974.1965922955774,-7346.440067785516,1099.7417490251812,-12317.211225202176,510.02698311122464,2695.346860848466,6481.069164178546,-4482.494680632377,1992.6509558091425,-4720.1685225654855,-1685.0726954530169,33.32025790663287,-10115.385297461133,4047.225455193104,11822.47566479701,-7371.933411121201,6126.459219150534,14126.452821142748,4918.282301618294,-3513.6048786712417,-8640.150898680853,8890.272959249134,11826.004543337282,6312.447437494018,-2505.607870148568,-18029.236955278615,-14786.52730416697,1300.0643676731875,-6799.943848843794,-8377.4972910905,2234.7328639677994,-3956.2447219956744,1012.2418657082732,6165.615069062982,-4869.565619389982,4608.159158747742,7277.550452185111,9462.629424417943,3950.341918104485,10344.461790266734,4235.610909579119,4958.784148088994,10764.834901380755
-25739.860859489247,-9201.815863317433,-13025.025972759324,-23124.620485666415,-461.57707875494987,48608.62204953697,25790.652504268397,1445.9113520694684,-35249.38933227282,-4616.636769529801,-20953.13200494725,17222.595527705416,-37475.116660072184,9414.152404953797,17401.916520014875,-2604.9474978777,29176.472630051096,-1208.3130795795369,-6384.458438898144,-15352.25889869913,10618.208260008154,-4720.1685225654855,11181.242693987073,3991.9301629623124,-78.74063156763313,23961.201822418236,-9586.974311529038,-28004.735173379013,17462.074545978197,-14512.072203026466,-33461.92679203427,-11650.01690083577,8323.005165614948,20466.389942784735,-21058.949577799423,-28013.203002702532,-14953.158891830473,5935.274701322256,42707.02639024869,35025.699825947966,-3079.299506910782,16107.906797888527,19844.432530845854,-5294.007010215614,9371.21416747179,-2397.865623584848,-14604.396431244633,11534.835556152331,-10915.715302640909,-17238.856275430015,-22414.64483349405,-9357.406929751458,-24503.58688130168,-10033.11760078918,-11746.212122194614,-25499.211899632573
-9187.521816478404,-3284.149309656916,-4649.077798878009,-8255.886155885619,-165.22645140676315,17352.815065261577,9206.765715638885,515.8406910542565,-12583.31191016773,-1647.910602099487,-7479.393578061626,6148.759830168854,-13379.007032095493,3360.8556148885104,6211.854402741403,-929.8067783909394,10415.501501989635,-431.68004326219204,-2278.4569384530814,-5480.459275912728,3791.450402236964,-1685.0726954530169,3991.9301629623124,1426.1400344251397,-28.01225880401738,8554.286219416492,-3422.616559066029,-9997.15082899571,6233.054112495555,-5180.259443927847,-11944.65826101603,-4158.295769636611,2971.303650895854,7305.868159089385,-7518.16834062379,-10000.623559976899,-5339.244260666616,2119.4303436848363,15246.155133349472,12503.583233935226,-1098.9303093664942,5751.182507307108,7084.306603482224,-1891.1030331537108,3345.152495866341,-856.2127263489706,-5212.187675384577,4117.980962854725,-3896.9046763708825,-6153.989991930948,-8001.73503406928,-3339.9404430864547,-8747.466991505215,-3581.535339638737,-4192.811416287884,-9102.236147190519
182.9371131476896,65.29743017023274,91.89149871851532,164.03143794510723,3.205850573053763,-345.53267185174735,-182.9437859821308,-10.24971639716706,249.91478074491624,32.44495330530052,149.0460501289756,-121.98404663808604,265.56061214358607,-66.13345898755112,-123.34947429524615,18.632814715686802,-207.28391798469062,8.251214330976383,45.31737676915503,108.40352726944515,-75.43146257041933,33.32025790663287,-78.74063156763313,-28.01225880401738,1.103478936424975,-169.61208150921163,68.02143681569373,198.35956626241457,-124.279954302476,102.88756302544795,237.74774177633586,82.86820897427747,-58.78243281582328,-145.21362290832806,149.8863159004717,198.45360311894373,105.65383363602515,-42.44195973368295,-303.3891946168664,-248.84253682799059,22.379237003387423,-113.65285220052114,-140.5169723116371,37.192674122933525,-66.97616976905707,16.839611641264412,104.06572971645315,-82.09773989538468,77.35992980059808,122.12545616778269,159.4139658385662,65.95350132362977,173.95036927391902,71.20401684572158,82.8963775081133,180.8677530360687
-55163.09089422403,-19720.319412243738,-27912.885273987635,-49557.496026032495,-988.9926682701883,104172.69766921432,55271.163268826866,3098.7444022369873,-75541.7109551001,-9893.332806590774,-44904.76387177896,36908.80819368599,-80311.14146949473,20174.144801357623,37293.439842838394,-5582.846518348321,62527.69973897127,-2588.9336382179617,-13682.523284164343,-32900.18924560039,22755.53678183226,-10115.385297461133,23961.201822418236,8554.286219416492,-169.61208150921163,51349.84939888644,-20545.527814594596,-60015.64711087854,37423.20108850906,-31100.354832996345,-71711.96508133353,-24967.263840611315,17836.35077336389,43861.00462672706,-45131.47154755384,-60033.75432946841,-32044.75774093287,12720.101140568626,91524.71170075487,75063.10156421171,-6600.051547284095,34519.22347284361,42527.568778932866,-11344.610841934456,20083.982716868362,-5138.484495850227,-31299.2360504535,24720.329230144634,-23392.987192124376,-36943.814917070216,-48036.76325372718,-20053.01615770657,-52513.07083571364,-21501.742898296903,-25172.36567938287,-54646.673329322504
22071.37927643532,7890.27863537875,11168.058655065812,19828.503994550498,395.70613468507105,-41680.81235670958,-22114.564801892466,-1239.8240168549316,30224.981207605135,3958.328951710781,17966.96314663008,-14767.57006405004,32133.288989524954,-8071.700996430892,-14921.451610436807,2233.7961038441117,-25018.078789887877,1035.7791356462874,5474.497598578475,13163.55846143249,-9104.800976753713,4047.225455193104,-9586.974311529038,-3422.616559066029,68.02143681569373,-20545.527814594596,8220.494836952734,24012.79493304778,-14973.5085326111,12443.546050423454,28692.788629535953,9989.705892478674,-7136.439369762512,-17549.242464760206,18057.742961292097,24020.07008197716,12821.37118357546,-5089.574217086658,-36620.14310564314,-30033.64314235031,2640.8943959671706,-13811.360595771304,-17015.656957886687,4539.0439762479,-8035.94999420511,2055.9204540837777,12523.230131955157,-9890.95376980852,9359.764449835671,14781.557992550495,19220.136362641944,8023.272941774679,21011.070415367045,8603.076233091151,10071.581610119838,21864.675078426484
64473.80598238646,23049.06769383848,32624.127417370397,57920.67505776007,1155.5570276236253,-121753.62553119453,-64599.246613029085,-3621.9385742655554,88290.88960515833,11563.088417315037,52483.735176416165,-43137.39458273186,93864.37623505591,-23578.708779236415,-43587.64529984032,6525.150925241331,-73080.45684949234,3025.5803748450808,15992.236306356544,38452.693388394524,-26595.299623934883,11822.47566479701,-28004.735173379013,-9997.15082899571,198.35956626241457,-60015.64711087854,24012.79493304778,70144.4496102509,-43739.54827899357,36349.34834778119,83815.23695474643,29181.380151396777,-20846.43820631923,-51263.58644840003,52747.953596471445,70165.27670285685,37451.97411968377,-14866.423339150777,-106970.94277014524,-87731.46704100931,7714.227807623229,-40344.25421619036,-49704.730636067994,13258.291161930974,-23473.74801924804,6005.517533109114,36582.61868540024,-28892.19447063344,27340.858129813558,43178.763310388174,56143.851608419965,23437.65400342039,61375.58569814943,25130.651818296934,29420.926681443318,63869.73800544614
-40204.71211463554,-14373.038522867384,-20343.172708194073,-36117.06305905828,-720.2779425688534,75922.15624779927,40282.03425478933,2258.6869143227677,-55055.273159679346,-7210.147989600217,-32727.820930432415,26898.61853956751,-58530.01096172216,14702.207506751418,27179.924449289545,-4069.0868048356883,45570.93191110963,-1886.174416383045,-9972.604348124214,-23977.38172896591,16583.60888271312,-7371.933411121201,17462.074545978197,6233.054112495555,-124.279954302476,37423.20108850906,-14973.5085326111,-43739.54827899357,27275.28845797727,-22666.375288583167,-52265.201166289626,-18197.08095488374,12998.84895950338,31966.494628215914,-32892.178414645554,-43752.34757177219,-23352.817276120924,9270.238130719896,66703.82213639803,54706.88193492307,-4811.038506566063,25156.29933428975,30993.929173643515,-8266.465356557055,14638.068927215847,-3744.57423990697,-22812.862472696852,18016.393670117075,-17048.71395764313,-26924.715272677993,-35009.85764588866,-14614.795497633642,-38271.9096401649,-15670.756691786975,-18345.707666175214,-39827.3658404836
33411.165271690836,11944.401971274907,16906.17261561804,30014.70193765844,598.6859308865544,-63093.614893329774,-33475.81995294654,-1877.004053362604,45753.00349533976,5992.080306148877,27197.651003840085,-22353.93101675936,48640.892591513846,-12218.533598011629,-22587.517856117338,3381.43265859844,-37870.871128927545,1567.746138796773,8287.485395062278,19926.41444835315,-13781.637943333466,6126.459219150534,-14512.072203026466,-5180.259443927847,102.88756302544795,-31100.354832996345,12443.546050423454,36349.34834778119,-22666.375288583167,18836.575403854476,43433.90738630575,15122.18939774314,-10802.708648969352,-26565.249559968594,27334.30896697659,36360.02234966976,19407.49997954813,-7703.757911678976,-55433.05442555868,-45463.13790247991,3997.727635721241,-20906.354583716042,-25757.274978205016,6870.1594890373935,-12164.390183500902,3112.022815303536,18957.806515986733,-14972.116557327387,14168.174917137796,22375.5284951894,29094.184804194378,12145.646463587942,31805.267588656578,13022.924902043478,15246.19170678405,33097.91601421997
77040.75501025192,27541.71627565859,38982.258708657064,69208.98565651887,1380.4642434271113,-145484.06664857027,-77189.64830222509,-4328.020338542563,105498.64430253275,13816.43679125395,62713.56019580588,-51544.340842619655,112157.64845248961,-28173.315877242854,-52082.91879505928,7797.155023380491,-87324.21196288665,3614.702621539916,19109.49007395068,45946.50841866402,-31778.36955381286,14126.452821142748,-33461.92679203427,-11944.65826101603,237.74774177633586,-71711.96508133353,28692.788629535953,83815.23695474643,-52265.201166289626,43433.90738630575,100151.62835291852,34869.401236432386,-24909.02055217906,-61255.03060466697,63028.89075529798,83839.94094483396,44750.20913821826,-17763.97944714549,-127819.84256674124,-104830.76497800597,9218.561511249585,-48206.09600244266,-59391.765769317535,15841.246380810788,-28049.497409067688,7175.674652081472,43713.808831817914,-34523.494909757675,32669.399143595092,51594.08021974143,67086.73603734662,28005.375554198446,73337.77302801692,30028.711126011505,35154.71801718287,76318.18828298924
26823.195786738495,9589.260240383055,13572.351163170917,24095.76965874013,480.4711560893581,-50652.176018503444,-26874.629984005263,-1506.9703879803076,36730.78498239495,4810.396955311374,21834.776197905696,-17945.641218403136,39048.81199068606,-9808.796018332883,-18133.466127165135,2714.7409841569142,-30403.12910151979,1258.363022087195,6653.450450984616,15996.848095880452,-11063.76270578662,4918.282301618294,-11650.01690083577,-4158.295769636611,82.86820897427747,-24967.263840611315,9989.705892478674,29181.380151396777,-18197.08095488374,15122.18939774314,34869.401236432386,12140.465597666253,-8672.338767409927,-21326.85740550411,21944.24586384843,29189.837141867956,15579.930186588834,-6184.59106080532,-44502.07382789288,-36498.26854665602,3209.7339978893333,-16783.215571437933,-20677.95124156694,5514.8888536384675,-9765.930633933998,2498.2186151548576,15220.038170926244,-12019.767912689944,11374.219216822743,17963.14516212605,23357.15940545512,9750.566571779402,25533.504181216926,10454.941281440397,12239.66485220538,26571.37765027135
-19160.84033840781,-6849.884513600202,-9695.690429034164,-17213.66446376769,-343.5040968607022,36184.03195089863,19198.37449814737,1076.3765693157914,-26239.35878711106,-3436.5290091171555,-15597.548486973374,12820.225414605127,-27895.95182607386,7007.6176471796,12953.8816433954,-1939.1652787448795,21718.83437261633,-899.3169861451283,-4752.657756573918,-11427.970495395495,7903.995284576316,-3513.6048786712417,8323.005165614948,2971.303650895854,-58.78243281582328,17836.35077336389,-7136.439369762512,-20846.43820631923,12998.84895950338,-10802.708648969352,-24909.02055217906,-8672.338767409927,6195.489276668804,15235.079999378508,-15676.186285597394,-20852.680200932693,-11130.706228168316,4418.166864504351,31790.833333664,26072.970342079876,-2292.409644957496,11990.282803545966,14771.945936456226,-3940.5205592196753,6976.0338653204435,-1784.8716321361749,-10871.743648540372,8586.482990706867,-8125.526432600628,-12832.426169550761,-16685.39290282521,-6965.5430740594575,-18240.303682156293,-7468.60478555899,-8743.732249536644,-18981.502599776875
-47119.807260420406,-16845.118752692586,-23842.630477565883,-42330.024842134175,-844.395556485811,88981.4731245307,47211.1089205089,2647.0926197068543,-64525.63659801195,-8450.565849676077,-38356.98404673284,31525.927025843688,-68598.61527058457,17231.741345740145,31855.209861848518,-4768.868622100568,53409.55548116027,-2210.9864204349633,-11687.762637184027,-28102.199658995505,19436.50206650965,-8640.150898680853,20466.389942784735,7305.868159089385,-145.21362290832806,43861.00462672706,-17549.242464760206,-51263.58644840003,31966.494628215914,-26565.249559968594,-61255.03060466697,-21326.85740550411,15235.079999378508,37465.06363008969,-38549.91732506975,-51278.72960278151,-27370.61401323986,10864.841137448162,78177.70094132987,64116.97992238953,-5638.08304247607,29484.358684825504,36325.590197352125,-9689.1535094997,17155.578287409757,-4388.901736131902,-26736.15891182955,21115.359819096393,-19981.463014874662,-31556.28374624158,-41031.7874001101,-17128.881330493994,-44855.17703304648,-18366.284771157312,-21501.61110445648,-46678.05651646836
48483.785170581024,17332.33104253986,24532.06825363499,43556.74331795058,869.2014689432344,-91559.68764527471,-48578.404865234654,-2723.4475363459946,66394.22223266232,8694.86429077608,39467.84355182471,-32439.353836473823,70586.08835554171,-17730.305846229607,-32777.41295594183,4907.037390964685,-54956.75663010409,2275.004487075568,12025.66209148929,28915.567787265536,-20000.415216571586,8890.272959249134,-21058.949577799423,-7518.16834062379,149.8863159004717,-45131.47154755384,18057.742961292097,52747.953596471445,-32892.178414645554,27334.30896697659,63028.89075529798,21944.24586384843,-15676.186285597394,-38549.91732506975,39667.386449059486,52763.9887290746,28164.04865700172,-11180.457849731982,-80442.82571690777,-65974.372832832,5801.619777227691,-30338.54953641632,-37377.58483670423,9970.557201653317,-17652.76409388383,4516.042100744775,27509.74473002935,-21727.420024794847,20560.272635103363,32470.083277188547,42220.67989181437,17624.081946161587,46154.5311458948,18898.14431507125,22123.557410455393,48029.44939826699
64492.49322653854,23055.567931549624,32633.460819411262,57938.32810715667,1156.1162558717456,-121790.19808523353,-64618.4723204658,-3622.859665404339,88317.12114784619,11566.41707049858,52499.177934736894,-43150.51800921418,93892.81936164646,-23585.72373851964,-43600.457400584855,6527.063349170234,-73102.28521975465,3026.6003805779787,15996.662515861215,38464.06072455908,-26603.70087395988,11826.004543337282,-28013.203002702532,-10000.623559976899,198.45360311894373,-60033.75432946841,24020.07008197716,70165.27670285685,-43752.34757177219,36360.02234966976,83839.94094483396,29189.837141867956,-20852.680200932693,-51278.72960278151,52763.9887290746,70186.33966040469,37463.677732561955,-14871.220914242855,-107003.12198034833,-87757.67071564999,7716.445974850513,-40356.6466472818,-49719.59854406435,13262.796932547459,-23480.71280484464,6007.390176787051,36592.92811339015,-28900.9674696639,27349.084401025713,43191.61218625293,56160.690024546886,23444.332488783453,61393.947450684485,25138.08994006031,29429.43796522333,63888.498782710376
34422.66427093058,12305.526826432655,17418.179135912786,30926.427778659418,617.5922700674025,-65007.80440260816,-34491.185864289466,-1933.4296275814331,47140.72736389975,6173.719629328918,28021.681032199238,-23033.02199925861,50118.10270766486,-12589.674002805332,-23272.190599391663,3483.766007440737,-39019.524778829065,1615.952194615562,8537.769682611794,20530.989226600454,-14201.128837793949,6312.447437494018,-14953.158891830473,-5339.244260666616,105.65383363602515,-32044.75774093287,12821.37118357546,37451.97411968377,-23352.817276120924,19407.49997954813,44750.20913821826,15579.930186588834,-11130.706228168316,-27370.61401323986,28164.04865700172,37463.677732561955,19998.3057918374,-7938.334228215343,-57115.14651777673,-46842.07692184152,4118.2756852239845,-21542.23808495894,-26538.980182432988,7080.653623956573,-12532.860708615826,3206.830570771845,19530.571651094004,-15426.564321902353,14598.264696805425,23054.343293349666,29976.71439652943,12513.44338916466,32770.16236726849,13417.76479741616,15708.209823628176,34101.03742965482
