V1,V2,V3,V4,V5,V6,V7,V8,V9,V10,V11,V12,V13,V14,V15,V16,V17,V18,V19,V20,V21,V22,V23,V24,V25,V26,V27,V28,V29,V30,V31,V32,V33,V34,V35,V36,V37,V38,V39,V40,V41,V42,V43,V44,V45,V46,V47,V48,V49,V50,V51,V52,V53,V54,V55,V56
30286.289438507036,3585.567586704498,-36535.37997086105,24845.668367107446,-16919.664116234624,-9927.056461933216,-51841.83796530065,4186.157727864104,-559.89640264112,-23027.9144002707,28969.931335350582,2078.8453322269356,12885.542658207734,-31776.4157424202,19404.35227566456,-2923.5985235330368,-14745.149439006018,-4641.212893571355,-23566.37964639292,-23009.152127148307,-9485.566837894488,2269.7167511801536,-2797.949561344958,18620.182327840055,-18977.952715929307,10993.283806219735,-13137.839600095384,-7900.327289818706,-11138.565549620444,-31679.272214325345,-12412.756050829512,-741.7383122681708,20299.13059864919,-18060.89853536063,-19328.814699035236,-11864.253512530871,19526.025052097368,19639.394390741705,40879.57267419316,-41056.356826233336,-11607.603619366677,12408.50625612609,-19174.510938938958,-7065.02978558886,7162.587912837853,6539.5318890062235,28772.268307150985,5394.375428680494,-18087.55134805102,-12959.57611842017,5572.369314091431,18300.13189513755,9855.653736514256,11293.652405616052,-7745.513163800413,-17250.09012386551
3585.567586704498,424.9501966418171,-4325.167632463228,2941.6004923529817,-2002.9740977295912,-1175.5633284452913,-6137.103517152777,496.17427081706626,-66.35981685074447,-2727.015644671483,3429.603032112771,245.78254338182697,1525.4505961961938,-3762.3200324068707,2297.5900768342503,-346.1755458966757,-1745.4875961768646,-549.3387786330271,-2789.7432582941574,-2723.4171397150476,-1123.7583457345013,269.28655809501987,-330.8322946978268,2204.3359635684824,-2246.935517829483,1301.547107507697,-1555.2163701234876,-935.9798497707441,-1318.650310108736,-3750.5300853704885,-1469.3142831060386,-87.67614123269772,2402.6380767615306,-2138.511185981539,-2288.9092904126883,-1404.323309308876,2312.414273409778,2325.47352939785,4840.216858290807,-4860.473867813576,-1373.9726349303455,1469.8326012756715,-2270.2999809671905,-835.7255793760241,848.0580466534275,774.4085884610193,3405.694059738973,637.7238891333662,-2141.822628010919,-1534.4735405972026,659.5297345349657,2166.6982515044097,1167.2622862062024,1337.088342589595,-916.8865493924811,-2041.7895185667624
-36535.37997086105,-4325.167632463228,44074.18260510424,-29972.18076658137,20410.804098448563,11975.139910405669,62539.21320045668,-5049.561672282924,675.5012660689833,27779.065298731508,-34947.46892332292,-2507.933398498245,-15544.297606591548,38332.96778032429,-23408.134455808075,3526.796432304846,17787.728671844645,5598.911031010866,28429.097619038424,27757.064067098556,11442.330902576019,-2737.639997985547,3375.562550065998,-22462.332586289147,22893.626499150414,-13261.589420888995,15848.775957572143,9530.098608523702,13436.983268144819,38215.82897093952,14974.137569504712,894.868252450305,-24488.014429825274,21787.340497883957,23316.80449819904,14312.446441560445,-23554.590137470313,-23691.574403835082,-49314.30114460962,49527.95771545351,14002.757336347766,-14968.277835871117,23130.947569612472,8523.1565103926,-8640.446624647539,-7888.618961754854,-34709.56896242501,-6508.061397341578,21819.452953089003,15633.509002886667,-6722.325896438533,-22075.9721286966,-11888.969657084524,-13624.024777332897,9343.761745818792,20809.75248295437
24845.668367107446,2941.6004923529817,-29972.18076658137,20382.581022417504,-13880.150534639874,-8143.707317739527,-42529.00588210489,3434.2112847939957,-459.23820420135485,-18891.40946357269,23765.73156138432,1705.3111357111466,10570.761817321767,-26068.239939274576,15918.761344338516,-2398.360176817159,-12096.287162434255,-3807.3725623461546,-19332.967545871805,-18875.57170694829,-7781.626282372021,1862.1623112225654,-2295.3853227909563,15275.218018854915,-15568.86400633057,9018.499388056951,-10777.764538575126,-6481.19801544392,-9137.655067988135,-25988.5069489345,-10182.955269200373,-608.33332250465,16652.758759832515,-14816.483519539719,-15856.858155395847,-9732.892680906692,16018.656621798053,16111.44451089584,33536.159016000245,-33681.085890988,-9522.415920831458,10179.549791245041,-15730.109785456474,-5795.78393755662,5875.733358688698,5364.816185472404,23603.63449302848,4425.218628004337,-14838.476107677261,-10631.534891895613,4571.286596196375,15012.77010729382,8085.3301297086555,9264.955503276471,-6354.101368960416,-14151.125009020974
-16919.664116234624,-2002.9740977295912,20410.804098448563,-13880.150534639874,9452.48905584326,5545.705582167073,28961.877150146465,-2338.373111142608,312.50141983783686,12864.621805303508,-16184.34956005076,-1161.4358415713327,-7198.6003215019155,17752.00717012799,-10840.224667237882,1633.2952142133001,8237.530301473125,2592.835749919414,13165.680238402543,12854.350455710446,5298.840476851936,-1268.1019590638853,1563.2573275305485,-10402.199538533401,10602.315692579059,-6141.45691221002,7339.584641049099,4413.524714416314,6222.597038866623,17697.955093102348,6934.44056450233,414.29628369057804,-11340.517543621827,10089.811573901738,10798.005148340177,6627.926283003899,-10908.194662801518,-10971.46970160287,-22837.578587903496,22936.625733880148,6484.816467323916,-6931.955501261137,10711.729813826934,3947.2720313716295,-4001.281128318519,-3653.288320579956,-16073.860436332847,-3013.667507872451,10104.525318491314,7240.007750054826,-3113.022244011793,-10223.51167165701,-5505.838617632518,-6309.361263030489,4327.077694863831,9636.868471756958
-9927.056461933216,-1175.5633284452913,11975.139910405669,-8143.707317739527,5545.705582167073,3254.2434028823495,16992.053495507356,-1372.6992480680524,183.83789976543957,7548.4468709101975,-9495.499482210422,-681.1571773186557,-4223.528551001779,10415.718329885425,-6360.394468730354,958.3882113009528,4832.957886439964,1521.2706518174148,7724.0799102406345,7541.45509426959,3109.942058686122,-744.2104743174287,916.5716434194379,-6103.243925404447,6220.418056482188,-3603.3296261108103,4306.0838173875245,2590.0783208418093,3650.9168241446864,10383.538840655916,4068.3685979339634,243.232945666204,-6652.715436382839,5920.14908045106,6335.794247992548,3888.685614585733,-6400.553386173204,-6437.680031938772,-13399.594175291815,13456.911013568786,3804.380093383815,-4067.8604578209693,6285.15657707034,2315.0339384302183,-2348.0829240944936,-2143.6260673276415,-9430.227699874853,-1767.4115631510497,5928.949861497515,4247.976995902191,-1826.4158768577581,-5998.3629100634125,-3230.720871467928,-3701.673264106566,2538.706547771406,5653.962507943454
-51841.83796530065,-6137.103517152777,62539.21320045668,-42529.00588210489,28961.877150146465,16992.053495507356,88740.39952361005,-7164.955911886835,958.6535026111006,39416.989628677686,-49588.68714108193,-3558.6786727898098,-22056.58589269139,54392.598684344404,-33215.02111175607,5004.341448794532,25239.961278122657,7944.6088512669185,40339.48115742808,39386.01937254985,16235.960639664765,-3884.3238578104965,4789.865520764003,-31873.055523304778,32484.77122656114,-18817.542265893673,22488.688520903022,13522.606449809922,19066.516450939165,54226.32182429987,21247.654257117953,1269.8537293102547,-34747.44054744117,30915.08711053626,33085.30367925772,20308.760703758384,-33422.649182208384,-33617.17833518483,-69974.49261014901,70277.79775191979,19869.210091384495,-21238.98287774057,32821.79135421742,12094.024610282315,-12260.419335311522,-11193.392773911934,-49251.44870485404,-9234.926584999057,30960.655767503966,22183.142617085457,-9538.7660804985735,-31324.610998826654,-16869.7389299898,-19331.860499557526,13258.370643120956,29528.223467046784
4186.157727864104,496.17427081706626,-5049.561672282924,3434.2112847939957,-2338.373111142608,-1372.6992480680524,-7164.955911886835,579.5552939736077,-77.81582535572747,-3183.7957102083433,4004.032630293019,286.91980211504574,1780.9890273317599,-4392.5527333046875,2682.4270396163956,-404.22095244830217,-2037.8416875032406,-641.4410418005676,-3256.806749821065,-3179.6175709210406,-1312.3843200052524,314.231200989465,-385.9662337215336,2573.6816399331633,-2623.103438435105,1519.541772030642,-1815.6578896332412,-1092.8576257967177,-1539.5402935718234,-4378.588842902645,-1715.3866054872506,-102.57419864338432,2804.5903667491575,-2496.7761714875996,-2672.2883879044675,-1639.6727777225783,2699.7347839374384,2715.1930679882553,5650.9658597843145,-5674.351628548165,-1603.952046383645,1716.2094725739134,-2650.7338452053054,-975.3819880830912,990.4430598587177,904.1685406871355,3976.003209785736,744.4249253568794,-2500.6750733862873,-1791.5001602919497,770.0563775336868,2529.5762238180278,1362.7995416671129,1560.9012831748917,-1070.4662005163725,-2383.9038273937745
-559.89640264112,-66.35981685074447,675.5012660689833,-459.23820420135485,312.50141983783686,183.83789976543957,958.6535026111006,-77.81582535572747,11.160860636644447,425.71653537559,-535.471100383847,-38.382941926166346,-238.2603486164876,587.6770656887307,-358.907949982787,54.11244729889265,272.6272984905138,85.9599903309703,435.3161170072556,425.4688696796294,176.00435224952338,-41.431230736725,51.35134242374205,-344.61094941624316,350.3707529017683,-203.25472585829323,242.86083325271272,146.11015987044016,206.10199277521144,585.3956017691313,229.5692571656854,14.131294920034989,-374.6340764667118,333.9657898713534,357.40049595860864,219.7101939068426,-360.97791215478986,-363.542620903975,-755.8409348685688,758.6939309562999,214.27625688091527,-229.4969535503212,355.0298250336831,130.02798589004337,-133.02252590492324,-120.8432628257818,-532.0529790885342,-99.85071295248082,334.6360699361266,239.541592373091,-103.23857120116422,-338.1862465603006,-182.19766582695271,-208.61178428473195,143.24979888851172,319.3197733752999
-23027.9144002707,-2727.015644671483,27779.065298731508,-18891.40946357269,12864.621805303508,7548.4468709101975,39416.989628677686,-3183.7957102083433,425.71653537559,17510.4932485056,-22026.866898748445,-1580.0545429339559,-9797.2999713415,24161.549439982675,-14754.48842503286,2223.048864241389,11211.078902293666,3528.659323971249,17918.106622669005,17493.763834165187,7213.470202524639,-1726.8720960109165,2126.751451534364,-14157.516262047207,14430.075674232356,-8358.766424199015,9988.993032361901,6008.199843624022,8469.08211102753,24087.244122185846,9437.512970524967,563.6883831551778,-15433.454078774837,13732.99477880832,14697.489737215306,9020.284827056212,-14847.735840389845,-14933.25606559229,-31083.408762745476,31216.792950116185,8825.37241362963,-9436.053580962214,14579.549814685719,5370.770574537993,-5446.114327053594,-4972.51077063969,-21875.683503019252,-4099.955112573025,13753.410692373087,9854.151047699643,-4236.608016731646,-13914.63573131942,-7494.444342438505,-8587.230546740457,5889.054373686669,13115.223123823544
28969.931335350582,3429.603032112771,-34947.46892332292,23765.73156138432,-16184.34956005076,-9495.499482210422,-49588.68714108193,4004.032630293019,-535.471100383847,-22026.866898748445,27710.83309628563,1988.572982159308,12325.496212480237,-30395.195839132826,18560.858038044033,-2796.5194612418254,-14104.31624522462,-4439.510028540496,-22542.18192854664,-22009.235919661733,-9073.051035132676,2170.9869222487414,-2676.4592131719915,17810.868440721948,-18153.106769077374,10515.455860699209,-12566.857912074072,-7556.812775127675,-10654.43741920917,-30302.38721371237,-11873.28013790335,-709.5067459757095,19417.02371996765,-17275.835867298072,-18488.548245187867,-11348.60282382146,18677.162303689576,18785.65893698335,39102.66614394112,-39271.972258832,-11103.17461976929,11868.99370480032,-18340.99862075873,-6758.180175477911,6851.220915738545,6255.23804582025,27521.839249571392,5160.102894774138,-17301.24943050372,-12396.279945796328,5330.202723320786,17504.70914152033,9427.175528217605,10802.80339304847,-7408.879148760417,-16500.41590695877
2078.8453322269356,245.78254338182697,-2507.933398498245,1705.3111357111466,-1161.4358415713327,-681.1571773186557,-3558.6786727898098,286.91980211504574,-38.382941926166346,-1580.0545429339559,1988.572982159308,142.9368339750566,884.5029325967838,-2180.870813453995,1331.6761842005628,-200.62521824781538,-1012.2288461875352,-318.6658097420998,-1617.7836806949401,-1579.788906039136,-650.5258076360587,155.35589004328875,-192.35698946393677,1278.1505583388446,-1302.5247981308328,754.5310691078125,-901.8947867124643,-541.7599634139607,-764.5693823075353,-2174.414536681121,-852.1830062737716,-51.01088547613453,1393.7375316519986,-1239.4675358642016,-1326.3036915250311,-814.5798381971173,1339.7180502422927,1347.7624237861023,2805.5686741733934,-2818.1853162504835,-796.9190933310754,851.1250454801027,-1315.957038658036,-485.44313532337725,491.5632680475663,448.74539847314014,1975.3918540527386,370.9548837190581,-1241.207370534072,-889.3731596220756,382.6121864709156,1256.0012635198195,676.1548955781574,775.1487767008216,-531.7252501121237,-1184.3529496485671
12885.542658207734,1525.4505961961938,-15544.297606591548,10570.761817321767,-7198.6003215019155,-4223.528551001779,-22056.58589269139,1780.9890273317599,-238.2603486164876,-9797.2999713415,12325.496212480237,884.5029325967838,5482.2698991441475,-13519.494070443194,8255.703292459993,-1243.8671147833008,-6273.464709143347,-1974.6707986443562,-10026.511814032676,-9789.517251017243,-4035.6530864656797,965.5503703896584,-1190.439217083531,7922.142582186789,-8074.265513925603,4677.171657457715,-5589.617973422817,-3361.16717969307,-4739.004755310406,-13478.168084754983,-5281.142468396616,-315.62636979599256,8636.453652792698,-7684.117045311237,-8223.52184683429,-5047.809046834252,8307.399696805762,8355.717522260064,17392.471756838553,-17467.74410951508,-4938.559414598254,5279.198324060267,-8157.95187029297,-3005.9242377940827,3047.4126682647798,2782.2705384625115,12241.481574511943,2295.210619042983,-7695.450436202745,-5513.72165667677,2370.8462690419515,7785.904621628671,4193.10317503031,4804.948788595191,-3295.406980016916,-7339.271575516159
-31776.4157424202,-3762.3200324068707,38332.96778032429,-26068.239939274576,17752.00717012799,10415.718329885425,54392.598684344404,-4392.5527333046875,587.6770656887307,24161.549439982675,-30395.195839132826,-2180.870813453995,-13519.494070443194,33340.2548839324,-20359.440523801302,3067.492068087198,15470.558123301922,4869.490945283297,24725.671688200906,24140.83307149332,9952.876749712104,-2381.677807073791,2935.324202979921,-19536.39438039562,19911.716756245936,-11534.249519501582,13784.172331615537,8289.55077869404,11686.6951522119,33237.994980944284,13023.38789629715,778.2029755296552,-21297.526499996762,18949.76424370889,20280.305548064625,12447.861769043513,-20487.305040508483,-20606.08432173263,-42891.405671013505,43076.40000902429,12178.492422371271,-13019.533774429976,20118.310165069597,7412.084969946276,-7515.163113359876,-6861.307074312048,-30187.656572665073,-5659.254429549478,18977.864546165827,13597.38908316135,-5846.510452486751,-19200.609449956843,-10340.887645658919,-11849.426485132459,8126.562513527994,18098.68243497011
19404.35227566456,2297.5900768342503,-23408.134455808075,15918.761344338516,-10840.224667237882,-6360.394468730354,-33215.02111175607,2682.4270396163956,-358.907949982787,-14754.48842503286,18560.858038044033,1331.6761842005628,8255.703292459993,-20359.440523801302,12432.718156564923,-1873.1529692131576,-9447.101749770622,-2973.517346680626,-15098.780509664157,-14741.504177721328,-6077.876408380823,1454.45329150778,-1792.4520620080991,11929.96542679844,-12159.165057722927,7043.455934736198,-8417.337761544488,-5062.118537800505,-7136.543029555569,-20296.901981565232,-7952.787956983551,-475.14427526925687,13005.415216651405,-11571.76893497393,-12384.431861967832,-7601.309757384354,12510.8431778182,12583.271423885288,26191.90377537233,-26304.73441628321,-7436.787601628982,7950.519053144085,-12285.4425527753,-4526.0637140101835,4589.110473316366,4189.9062703536,18434.177964839266,3455.7491923673106,-11589.042387185602,-8303.292300221701,3570.162694588788,11724.939190711797,6314.801926167593,7235.925586538211,-4962.503775078812,-11051.928707524426
-2923.5985235330368,-346.1755458966757,3526.796432304846,-2398.360176817159,1633.2952142133001,958.3882113009528,5004.341448794532,-404.22095244830217,54.11244729889265,2223.048864241389,-2796.5194612418254,-200.62521824781538,-1243.8671147833008,3067.492068087198,-1873.1529692131576,282.26201279826427,1423.3609836885687,448.03483030827596,2274.823605973821,2221.064895896432,915.8412083309177,-219.1678134524241,269.964238697977,-1797.4522573227016,1831.9714257313706,-1061.2041736240494,1268.1870932933873,762.7878507660419,1075.2246891242814,3058.0453646254705,1198.1632044772466,71.63909770572926,-1959.3171567130644,1743.524311260826,1865.8904634039388,1145.238536445159,-1884.9623261942004,-1895.9145752290883,-3946.267554927708,3963.208310240121,1120.4439775394408,-1197.9762191714149,1850.99351988749,681.8619415709112,-691.528712556751,-631.2862895514088,-2777.2981135856476,-520.5463484236853,1746.0728292755684,1251.0763975716611,-537.9044232078846,-1766.5567007173238,-951.4417575269043,-1090.1844625170156,747.6703887217861,1665.162435410107
-14745.149439006018,-1745.4875961768646,17787.728671844645,-12096.287162434255,8237.530301473125,4832.957886439964,25239.961278122657,-2037.8416875032406,272.6272984905138,11211.078902293666,-14104.31624522462,-1012.2288461875352,-6273.464709143347,15470.558123301922,-9447.101749770622,1423.3609836885687,7178.902998819868,2259.6738703676847,11473.599806909353,11202.472927926055,4617.8447895320805,-1104.7580026555352,1362.374243986174,-9065.490499123132,9239.49547999676,-5352.168088496559,6396.357225011337,3846.0963280124934,5422.972245247446,15423.330412837213,6043.373802354398,361.20401028607887,-9883.053967841133,8793.003693610577,9410.196200919447,5776.349699661064,-9506.136369524309,-9561.509862543595,-19902.427510340876,19988.766002279463,5651.342560764544,-6040.849422602939,9335.261411510859,3439.932487429584,-3487.174759051602,-3183.7004875776624,-14008.366179443947,-2626.7101894057314,8805.923959626674,6309.421727014221,-2713.06926189527,-8909.509306168702,-4798.126186238696,-5498.434834702025,3771.0229170434486,8398.603942950915
-4641.212893571355,-549.3387786330271,5598.911031010866,-3807.3725623461546,2592.835749919414,1521.2706518174148,7944.6088512669185,-641.4410418005676,85.9599903309703,3528.659323971249,-4439.510028540496,-318.6658097420998,-1974.6707986443562,4869.490945283297,-2973.517346680626,448.03483030827596,2259.6738703676847,711.3270919095336,3611.403490359385,3526.251672006602,1453.5452099158888,-347.5346066558408,428.7808776114065,-2853.546685675448,2908.1145957876543,-1684.6389140177098,2013.3363817514917,1210.506127417775,1706.9603837218708,4854.591118489407,1902.2553689449915,113.8211243566287,-3110.6988233966963,2767.6672400774714,2961.84367995258,1818.2948486688995,-2992.00943556317,-3009.6139895471806,-6264.4195392086795,6291.611333438577,1778.8011520191465,-1901.3416288814094,2938.4103339302565,1082.7500570143768,-1097.7662298850844,-1002.0887230302047,-4409.368176147751,-826.9302025134771,2771.722269923048,1985.9200626766283,-854.034209094002,-2804.318125596903,-1510.1803801833112,-1730.617188572729,1186.9960444416788,2643.704825816788
-23566.37964639292,-2789.7432582941574,28429.097619038424,-19332.967545871805,13165.680238402543,7724.0799102406345,40339.48115742808,-3256.806749821065,435.3161170072556,17918.106622669005,-22542.18192854664,-1617.7836806949401,-10026.511814032676,24725.671688200906,-15098.780509664157,2274.823605973821,11473.599806909353,3611.403490359385,18337.816601174884,17904.163568013573,7380.1732850079,-1765.9738026150317,2177.60796734937,-14488.678470135485,14767.239464268654,-8554.083365891856,10222.954128729796,6146.970246870069,8667.143946660486,24650.408081723905,9658.771741289649,577.0271726389399,-15795.900555800661,14053.346031624864,15039.882222125538,9231.850168406298,-15193.250585669326,-15281.441892617275,-31808.963057563265,31947.087053842115,9032.383857566705,-9654.75564327018,14919.816009276326,5498.08261033153,-5572.994412143485,-5088.419367998359,-22388.73903117667,-4198.0370604831405,14073.995948061951,10083.998518165146,-4336.005560850421,-14239.67355946769,-7668.646093712338,-8787.930302812021,6026.991374153651,13422.745795912908
-23009.152127148307,-2723.4171397150476,27757.064067098556,-18875.57170694829,12854.350455710446,7541.45509426959,39386.01937254985,-3179.6175709210406,425.4688696796294,17493.763834165187,-22009.235919661733,-1579.788906039136,-9789.517251017243,24140.83307149332,-14741.504177721328,2221.064895896432,11202.472927926055,3526.251672006602,17904.163568013573,17481.43765468797,7205.485643488709,-1723.4231267553064,2126.1420096814672,-14146.384517279126,14417.635559106218,-8351.758705379396,9981.323667879104,6001.150121208023,8462.311971223042,24067.30750886003,9430.570584413479,563.8151380385475,-15422.305941249544,13720.868750499456,14683.723481574896,9014.003146964018,-14833.313302601784,-14920.066073319793,-31056.41473430965,31191.554806287088,8818.80335870217,-9425.927806935237,14567.094341396245,5368.2797201058065,-5441.614195133739,-4967.924683959532,-21859.833540374642,-4099.520251219453,13740.938131726429,9845.390898642649,-4233.759607668353,-13902.753757664124,-7486.914898999882,-8579.941568241478,5884.586414408246,13105.986955246397
-9485.566837894488,-1123.7583457345013,11442.330902576019,-7781.626282372021,5298.840476851936,3109.942058686122,16235.960639664765,-1312.3843200052524,176.00435224952338,7213.470202524639,-9073.051035132676,-650.5258076360587,-4035.6530864656797,9952.876749712104,-6077.876408380823,915.8412083309177,4617.8447895320805,1453.5452099158888,7380.1732850079,7205.485643488709,2972.6327957436224,-711.5098490163257,875.2456613311006,-5831.834230034037,5943.762248929252,-3443.1370692573323,4114.39789490243,2475.561930269211,3488.553487981822,9921.689801127799,3887.232941924548,232.42940633471488,-6356.0263045557,5657.175311884088,6054.6043786683,3715.5976711396024,-6116.621210020188,-6151.900740615495,-12804.186553235711,12858.130840978189,3634.8370003323266,-3887.7967811009303,6006.033843063038,2211.175572087855,-2243.9546383394572,-2048.4994136444634,-9010.208042216851,-1687.9228677713122,5665.796498716421,4059.2287129214665,-1745.074031225303,-5731.7132070623675,-3087.493542170963,-3537.0000593772093,2425.7200895212377,5402.204177729175
2269.7167511801536,269.28655809501987,-2737.639997985547,1862.1623112225654,-1268.1019590638853,-744.2104743174287,-3884.3238578104965,314.231200989465,-41.431230736725,-1726.8720960109165,2170.9869222487414,155.35589004328875,965.5503703896584,-2381.677807073791,1454.45329150778,-219.1678134524241,-1104.7580026555352,-347.5346066558408,-1765.9738026150317,-1723.4231267553064,-711.5098490163257,171.37765262482964,-209.3115400474865,1394.9968434441587,-1422.8359538296038,823.9151195982306,-984.3396426383177,-593.0686309608849,-834.5402063901035,-2374.369588944469,-929.7799684390596,-55.107966678257256,1520.8314684498077,-1353.920443281427,-1449.256585001669,-888.3888468265932,1464.3431407133098,1471.9923634520778,3064.261467971827,-3076.870689253488,-869.7794085824763,931.0434383434451,-1436.847235420324,-528.9191966644446,536.5099411267928,490.38540923981844,2155.1315774940836,402.761636010492,-1355.9103321352868,-971.5951740844025,417.1811269625061,1371.770045822364,739.2513742759214,846.5612515187554,-580.2621675758587,-1291.8255897739066
-2797.949561344958,-330.8322946978268,3375.562550065998,-2295.3853227909563,1563.2573275305485,916.5716434194379,4789.865520764003,-385.9662337215336,51.35134242374205,2126.751451534364,-2676.4592131719915,-192.35698946393677,-1190.439217083531,2935.324202979921,-1792.4520620080991,269.964238697977,1362.374243986174,428.7808776114065,2177.60796734937,2126.1420096814672,875.2456613311006,-209.3115400474865,259.1659546265605,-1720.1841743640907,1753.3019953350424,-1015.5762496701906,1213.93481005921,729.1435656207045,1029.0589966713162,2926.765299002154,1147.0129164689688,68.40577815484953,-1876.3591653506255,1668.1998524657486,1785.242853049546,1096.2172871662399,-1803.3019076402418,-1813.8574921742254,-3776.173372161713,3793.3327205440805,1072.722501790219,-1145.4417868289277,1771.1127275040103,653.6015763333814,-661.2594771333411,-603.9315244840793,-2658.862333571266,-499.3194811667989,1670.5644677306334,1197.0488813776258,-514.9000201342002,-1690.539314404517,-910.1002105692455,-1043.4729649408416,715.6537254331821,1593.8861470852314
18620.182327840055,2204.3359635684824,-22462.332586289147,15275.218018854915,-10402.199538533401,-6103.243925404447,-31873.055523304778,2573.6816399331633,-344.61094941624316,-14157.516262047207,17810.868440721948,1278.1505583388446,7922.142582186789,-19536.39438039562,11929.96542679844,-1797.4522573227016,-9065.490499123132,-2853.546685675448,-14488.678470135485,-14146.384517279126,-5831.834230034037,1394.9968434441587,-1720.1841743640907,11448.038495604836,-11667.483493387474,6758.7459881456,-8077.284828340324,-4857.002167018874,-6848.197376433353,-19476.497333918574,-7631.577592675139,-456.2518621587836,12479.979943827913,-11103.898478788564,-11883.373395016042,-7294.478891634628,12004.530116583983,12074.552458542767,25132.952329071137,-25241.664515323988,-7136.346609403233,7628.593645509222,-11788.857837427071,-4343.563924041603,4403.8481888446495,4020.41086989158,17689.708230006054,3316.8769310682374,-11120.339906156561,-7967.557394446625,3426.109446070033,11250.917729711287,6059.180456872678,6943.3624105983845,-4762.053925653233,-10605.821304095896
-18977.952715929307,-2246.935517829483,22893.626499150414,-15568.86400633057,10602.315692579059,6220.418056482188,32484.77122656114,-2623.103438435105,350.3707529017683,14430.075674232356,-18153.106769077374,-1302.5247981308328,-8074.265513925603,19911.716756245936,-12159.165057722927,1831.9714257313706,9239.49547999676,2908.1145957876543,14767.239464268654,14417.635559106218,5943.762248929252,-1422.8359538296038,1753.3019953350424,-11667.483493387474,11892.304087056142,-6888.612179185916,8232.360705943753,4950.772422723568,6979.515271626054,19851.01468352052,7777.903885416507,464.4689804067016,-12719.974480238865,11317.38782108241,12112.008465427049,7433.993871105412,-12235.697722925086,-12306.290294457036,-25616.08514525456,25726.83876841279,7273.6292012672975,-7775.685543919628,12014.878306900988,4427.146113091521,-4487.879512573483,-4097.88660774204,-18028.88624858397,-3379.7355972586934,11334.02877798345,8120.844508976906,-3491.544433902561,-11467.351331948463,-6175.936974575527,-7076.961295128495,4853.4026346131395,10808.793931557992
10993.283806219735,1301.547107507697,-13261.589420888995,9018.499388056951,-6141.45691221002,-3603.3296261108103,-18817.542265893673,1519.541772030642,-203.25472585829323,-8358.766424199015,10515.455860699209,754.5310691078125,4677.171657457715,-11534.249519501582,7043.455934736198,-1061.2041736240494,-5352.168088496559,-1684.6389140177098,-8554.083365891856,-8351.758705379396,-3443.1370692573323,823.9151195982306,-1015.5762496701906,6758.7459881456,-6888.612179185916,3990.350503208111,-4768.756307761501,-2867.7314608946417,-4043.0898878815033,-11498.93509711379,-4505.565829891738,-269.2100692226159,7368.151661310356,-6555.76323410408,-7016.05556340591,-4306.448422213456,7087.650031126053,7128.751651158131,14838.522960695685,-14902.624163101023,-4213.287089446411,4504.095036047102,-6960.019515294599,-2564.3800029900053,2599.866307122376,2373.707619730274,10443.717445492672,1957.974381150081,-6565.471805660784,-4704.082922351675,2022.6478343967972,6642.58086839421,3577.4537138514106,4099.396838560853,-2811.4538302732976,-6261.391975191434
-13137.839600095384,-1555.2163701234876,15848.775957572143,-10777.764538575126,7339.584641049099,4306.0838173875245,22488.688520903022,-1815.6578896332412,242.86083325271272,9988.993032361901,-12566.857912074072,-901.8947867124643,-5589.617973422817,13784.172331615537,-8417.337761544488,1268.1870932933873,6396.357225011337,2013.3363817514917,10222.954128729796,9981.323667879104,4114.39789490243,-984.3396426383177,1213.93481005921,-8077.284828340324,8232.360705943753,-4768.756307761501,5699.1320479013875,3426.804297714273,4831.837253755127,13742.118530576177,5384.636673963961,321.7840324736808,-8805.858408991331,7834.493982481387,8384.451782049386,5146.693683357786,-8469.92467806771,-8519.220675405704,-17732.943442985776,17809.910261755762,5035.3434880572295,-5382.313240287013,8317.657431593048,3065.0109165800745,-3106.977503793197,-2836.658376012613,-12481.427697840913,-2340.433084661442,7846.029731031764,5621.639730069434,-2417.318220465857,-7938.325664131163,-4275.101505654763,-4899.093481346221,3359.9633793084663,7483.082392095988
-7900.327289818706,-935.9798497707441,9530.098608523702,-6481.19801544392,4413.524714416314,2590.0783208418093,13522.606449809922,-1092.8576257967177,146.11015987044016,6008.199843624022,-7556.812775127675,-541.7599634139607,-3361.16717969307,8289.55077869404,-5062.118537800505,762.7878507660419,3846.0963280124934,1210.506127417775,6146.970246870069,6001.150121208023,2475.561930269211,-593.0686309608849,729.1435656207045,-4857.002167018874,4950.772422723568,-2867.7314608946417,3426.804297714273,2062.044525838551,2905.4857685447923,8263.796853418582,3237.4770901773595,193.31537643022568,-5294.147969966976,4711.798003226049,5042.8181361506995,3094.2984698444343,-5094.556894386118,-5123.600364594524,-10664.477086950032,10709.59874602663,3027.52657826088,-3238.136923985928,5002.051689463588,1841.917349672574,-1868.6301282311351,-1706.1022411342265,-7504.265414580912,-1405.5740492743132,4718.813148861765,3381.005473786485,-1453.3140277205246,-4773.923086837946,-2571.5878301093926,-2946.1111704230993,2020.276520528512,4499.124384877196
-11138.565549620444,-1318.650310108736,13436.983268144819,-9137.655067988135,6222.597038866623,3650.9168241446864,19066.516450939165,-1539.5402935718234,206.10199277521144,8469.08211102753,-10654.43741920917,-764.5693823075353,-4739.004755310406,11686.6951522119,-7136.543029555569,1075.2246891242814,5422.972245247446,1706.9603837218708,8667.143946660486,8462.311971223042,3488.553487981822,-834.5402063901035,1029.0589966713162,-6848.197376433353,6979.515271626054,-4043.0898878815033,4831.837253755127,2905.4857685447923,4096.607534810329,11650.868382215314,4565.207511729791,272.8822593208164,-7465.610972905388,6642.34971825765,7108.673188237999,4363.506612391147,-7181.153628896426,-7222.983531330131,-15034.563757033739,15099.623200139658,4268.967156787058,-4563.405611559692,7052.102211144864,2598.344651462835,-2634.320825459565,-2404.97023645385,-10582.004020989334,-1984.1481291453001,6652.185516668464,4766.209947839674,-2049.4938485922435,-6730.299207627873,-3624.616011853497,-4153.577229956232,2848.6542402238683,6344.375215868365
-31679.272214325345,-3750.5300853704885,38215.82897093952,-25988.5069489345,17697.955093102348,10383.538840655916,54226.32182429987,-4378.588842902645,585.3956017691313,24087.244122185846,-30302.38721371237,-2174.414536681121,-13478.168084754983,33237.994980944284,-20296.901981565232,3058.0453646254705,15423.330412837213,4854.591118489407,24650.408081723905,24067.30750886003,9921.689801127799,-2374.369588944469,2926.765299002154,-19476.497333918574,19851.01468352052,-11498.93509711379,13742.118530576177,8263.796853418582,11650.868382215314,33136.47864365203,12983.636903810575,775.6734005631068,-21233.033392196798,18891.620352733004,20217.93733321364,12409.757747592223,-20424.25569784703,-20542.613217425613,-42759.91142513747,42944.917860726855,12141.559216595762,-12979.250119085544,20056.349569214508,7390.110074886445,-7491.807222267647,-6840.277686284624,-30095.60383911828,-5642.37233951659,18919.462196603003,13555.715146636358,-5828.600926586887,-19141.89321293324,-10309.025528322452,-11813.247004383058,8101.737566052554,18043.34230187118
-12412.756050829512,-1469.3142831060386,14974.137569504712,-10182.955269200373,6934.44056450233,4068.3685979339634,21247.654257117953,-1715.3866054872506,229.5692571656854,9437.512970524967,-11873.28013790335,-852.1830062737716,-5281.142468396616,13023.38789629715,-7952.787956983551,1198.1632044772466,6043.373802354398,1902.2553689449915,9658.771741289649,9430.570584413479,3887.232941924548,-929.7799684390596,1147.0129164689688,-7631.577592675139,7777.903885416507,-4505.565829891738,5384.636673963961,3237.4770901773595,4565.207511729791,12983.636903810575,5087.56298511927,304.0878950421003,-8319.956477725242,7402.0276252750355,7921.645365045997,4862.801028945046,-8002.337041891898,-8049.034252606842,-16754.153706510213,16826.946626924215,4757.45247007733,-5085.068805834794,7858.668063175708,2895.9076404001876,-2935.5184481076867,-2680.075798045628,-11792.796087192444,-2211.5444405623493,7412.989441495781,5311.284049294248,-2283.9711851436064,-7500.158644279971,-4039.068264958305,-4628.672152523802,3174.5659254748175,7070.228363814177
-741.7383122681708,-87.67614123269772,894.868252450305,-608.33332250465,414.29628369057804,243.232945666204,1269.8537293102547,-102.57419864338432,14.131294920034989,563.6883831551778,-709.5067459757095,-51.01088547613453,-315.62636979599256,778.2029755296552,-475.14427526925687,71.63909770572926,361.20401028607887,113.8211243566287,577.0271726389399,563.8151380385475,232.42940633471488,-55.107966678257256,68.40577815484953,-456.2518621587836,464.4689804067016,-269.2100692226159,321.7840324736808,193.31537643022568,272.8822593208164,775.6734005631068,304.0878950421003,18.481595960994756,-496.88111131344965,442.2751958890235,473.15014618824284,290.85088623278165,-477.9018329660928,-481.09650233033926,-1001.0170359122598,1005.3450354847519,284.18259032836227,-303.71074182979106,469.76378497594555,172.9439697040047,-175.77748968814208,-160.07025158737346,-704.8700639902022,-132.44245402582354,442.9203314366951,317.3146303936083,-136.6532965449629,-448.0561863887813,-241.19710576914812,-276.4508424667511,189.75197687164385,422.85584095876476
20299.13059864919,2402.6380767615306,-24488.014429825274,16652.758759832515,-11340.517543621827,-6652.715436382839,-34747.44054744117,2804.5903667491575,-374.6340764667118,-15433.454078774837,19417.02371996765,1393.7375316519986,8636.453652792698,-21297.526499996762,13005.415216651405,-1959.3171567130644,-9883.053967841133,-3110.6988233966963,-15795.900555800661,-15422.305941249544,-6356.0263045557,1520.8314684498077,-1876.3591653506255,12479.979943827913,-12719.974480238865,7368.151661310356,-8805.858408991331,-5294.147969966976,-7465.610972905388,-21233.033392196798,-8319.956477725242,-496.88111131344965,13607.006831245548,-12104.713813149428,-12954.469667705886,-7952.07189310573,13086.429633162259,13162.419328255633,27398.68389691075,-27518.39590158604,-7780.465252212879,8315.408149250767,-12851.150796919786,-4736.633041862733,4799.916318516989,4382.7317661993375,19285.540745339327,3616.9009908362605,-12122.446576005781,-8685.795810146163,3734.9666597952237,12265.414254756992,6605.142032402991,7569.752515210276,-5191.500772282907,-11562.053150865402
-18060.89853536063,-2138.511185981539,21787.340497883957,-14816.483519539719,10089.811573901738,5920.14908045106,30915.08711053626,-2496.7761714875996,333.9657898713534,13732.99477880832,-17275.835867298072,-1239.4675358642016,-7684.117045311237,18949.76424370889,-11571.76893497393,1743.524311260826,8793.003693610577,2767.6672400774714,14053.346031624864,13720.868750499456,5657.175311884088,-1353.920443281427,1668.1998524657486,-11103.898478788564,11317.38782108241,-6555.76323410408,7834.493982481387,4711.798003226049,6642.34971825765,18891.620352733004,7402.0276252750355,442.2751958890235,-12104.713813149428,10770.651773726739,11526.88993303085,7074.906207930742,-11644.616079202748,-11712.018435467346,-24378.46507813067,24483.431089661328,6921.887278300411,-7400.251626467559,11434.678435232989,4212.66955158769,-4271.465173966292,-3899.875145301716,-17157.56247926235,-3216.208097965295,10786.591149862832,7728.487355715883,-3322.921178610814,-10913.182810574983,-5877.614268856884,-6734.885941865677,4618.879832583614,10286.648973450385
-19328.814699035236,-2288.9092904126883,23316.80449819904,-15856.858155395847,10798.005148340177,6335.794247992548,33085.30367925772,-2672.2883879044675,357.40049595860864,14697.489737215306,-18488.548245187867,-1326.3036915250311,-8223.52184683429,20280.305548064625,-12384.431861967832,1865.8904634039388,9410.196200919447,2961.84367995258,15039.882222125538,14683.723481574896,6054.6043786683,-1449.256585001669,1785.242853049546,-11883.373395016042,12112.008465427049,-7016.05556340591,8384.451782049386,5042.8181361506995,7108.673188237999,20217.93733321364,7921.645365045997,473.15014618824284,-12954.469667705886,11526.88993303085,12336.531989893127,7571.472668672154,-12462.570616598245,-12534.418998481404,-26090.2000494902,26202.229711847314,7407.737753712305,-7920.080763924055,12237.617661660868,4508.1022669668955,-4571.210476302921,-4173.761647267431,-18361.918755729235,-3441.661460429148,11544.142698384461,8271.093131134365,-3556.096237045737,-11679.418076372422,-6290.50018686683,-7207.772849941869,4943.105293869452,11008.535854697016
-11864.253512530871,-1404.323309308876,14312.446441560445,-9732.892680906692,6627.926283003899,3888.685614585733,20308.760703758384,-1639.6727777225783,219.7101939068426,9020.284827056212,-11348.60282382146,-814.5798381971173,-5047.809046834252,12447.861769043513,-7601.309757384354,1145.238536445159,5776.349699661064,1818.2948486688995,9231.850168406298,9014.003146964018,3715.5976711396024,-888.3888468265932,1096.2172871662399,-7294.478891634628,7433.993871105412,-4306.448422213456,5146.693683357786,3094.2984698444343,4363.506612391147,12409.757747592223,4862.801028945046,290.85088623278165,-7952.07189310573,7074.906207930742,7571.472668672154,4648.121321995241,-7648.550097518587,-7693.442236818484,-16013.687667510252,16083.198442207477,4547.148934734879,-4860.295085632982,7511.507299339535,2767.825593129287,-2806.035901303565,-2561.6457974541495,-11271.765391773562,-2113.9891731475436,7085.417482215768,5076.5091088857625,-2183.1366032149454,-7168.657644437382,-3860.495817466007,-4423.9980906142055,3034.3175434744608,6758.004084516354
19526.025052097368,2312.414273409778,-23554.590137470313,16018.656621798053,-10908.194662801518,-6400.553386173204,-33422.649182208384,2699.7347839374384,-360.97791215478986,-14847.735840389845,18677.162303689576,1339.7180502422927,8307.399696805762,-20487.305040508483,12510.8431778182,-1884.9623261942004,-9506.136369524309,-2992.00943556317,-15193.250585669326,-14833.313302601784,-6116.621210020188,1464.3431407133098,-1803.3019076402418,12004.530116583983,-12235.697722925086,7087.650031126053,-8469.92467806771,-5094.556894386118,-7181.153628896426,-20424.25569784703,-8002.337041891898,-477.9018329660928,13086.429633162259,-11644.616079202748,-12462.570616598245,-7648.550097518587,12589.978672324492,12662.38993825361,26356.569156102832,-26469.53090606783,-7483.254741183882,8001.213355534864,-12362.470082918637,-4553.896912243507,4617.856279339824,4216.423679865713,18548.93989737302,3476.3601311038096,-11662.035937262966,-8355.588760469778,3592.2834749990834,11798.65236653871,6354.848543836612,7281.3357655486725,-4993.486172763434,-11120.644094334799
