V1,V2,V3,V4,V5,V6,V7,V8,V9,V10,V11,V12,V13,V14,V15,V16,V17,V18,V19,V20,V21,V22,V23,V24,V25,V26,V27,V28,V29,V30,V31,V32,V33,V34,V35,V36,V37,V38,V39,V40,V41,V42,V43,V44,V45,V46,V47,V48,V49,V50,V51,V52,V53,V54,V55,V56
42.91116247039616,121.25776618185358,-13.775496954653672,-8.997974823291623,-41.802133236222495,-93.920441256055625,55.53697896538335,81.27200439042745,69.30949428859203,-62.76781184654435,124.41398327460703,112.19775228984278,-15.560333537646189,108.57490936267816,12.883211591429657,-29.448248786872966,21.331190683775056,-45.70313368373803,109.59993075322363,-10.47146975727747,-54.42605892469989,-85.9605723716882,50.76699893494246,12.474786889024266,-3.887500667703197,116.15688235778133,-53.25943287347576,58.25794183734347,59.43095938092682,19.982579158272348,-61.17764097348638,-80.30351631469964,57.04097065853136,14.043659896405215,6.28425066585644,16.258463044043832,-14.241126163111753,-10.02267087795693,-75.94644129598609,-87.56343562361364,5.042410905056207,-28.663865662341703,49.565648062092336,22.21556067728943,-55.97287584291259,-43.12163334184674,104.3122636106161,29.381214654494585,12.160523336260185,31.940159246106614,18.0520930375741,-51.16499007405066,35.53688277306292,-25.137066792603594,28.9498578858237,26.547258932919853
121.25776618185358,347.6694814633972,-40.60857313446258,-24.13202625568322,-119.61156025755389,-270.4440332640232,157.2290507814764,230.61053564573592,198.55158170982438,-179.13151026339347,356.66370069487635,322.92304549776634,-46.70947928999934,311.0293590960417,38.34869586421697,-83.16220070327007,61.32995526312631,-134.56614614154614,313.4689591456035,-31.438148087994477,-156.87746837576975,-247.53581016633768,145.18309792373557,35.068773065557345,-13.73911887627826,332.25122537249996,-154.49889695590616,166.31131550366018,169.72071077005836,57.99035520604078,-176.58870986965542,-228.8745844600885,162.56585361910487,43.474338146366804,13.289712975633124,45.56820442492704,-40.80388877248183,-31.634277342339633,-218.4816489622212,-251.37016175939624,15.432240270665696,-82.83905674020919,143.0039652407356,64.53792528452806,-158.31239597776988,-122.04277364020953,296.6492214137059,81.82625832658918,34.34639074527554,93.79532280052258,53.40247337644432,-147.87956420634742,100.23309296542003,-72.49016299949352,84.78914853613695,74.64941390957479
-13.775496954653672,-40.60857313446258,5.049112353670599,2.431083056349215,13.920752469157335,31.913713810774368,-17.883843753574332,-26.350030319933477,-23.12964323712771,20.74507213447114,-41.677180958579996,-38.030066699522074,5.996969535630292,-36.31702244396795,-4.823071974146294,9.392106167516658,-7.177457835017548,16.591237667580998,-36.42940941751996,4.057059867349894,18.516483088156704,29.178746721998515,-16.922438762334888,-3.9678166724773636,2.1744084933139423,-38.65128913570659,18.473678379647914,-19.217658518171234,-19.615317989094592,-6.934841285700684,20.866616008051462,26.373962781037186,-18.77500881109359,-5.841559672605726,-0.45790933353941854,-5.038770398351168,4.811301856432811,4.411068005424382,25.71754164897694,29.458408477053943,-2.087350036288939,9.762588002530707,-16.94011664471361,-7.691312559960398,18.013763440003995,13.888025975121254,-34.11393865926137,-8.956386751936407,-3.8764025230589483,-11.466682912640737,-6.663309573192975,17.58602006244161,-11.315604486700357,8.562189396512494,-10.292160056990221,-8.367364706262377
-8.997974823291623,-24.13202625568322,2.431083056349215,2.233050411258852,8.381320174374912,18.361795320528202,-11.590422464032136,-16.821483437080957,-13.844899352133059,12.70690610214737,-24.761704491096882,-21.99624472520699,2.525775306478057,-21.662131959211212,-2.1868530935394452,6.20686395820274,-4.212285722182712,8.144022188490428,-22.018457613581365,1.6905653300083587,10.612389145822922,16.818798850534048,-10.183962887899316,-2.6550474364116585,0.10146415255591774,-23.31840777772101,10.122577965537587,-11.798774931960178,-12.027547879982093,-3.791968680479715,11.878593611505321,16.359880367602027,-11.60621977902875,-1.9420510055315272,-2.496109927167891,-3.5257360046115918,2.8228985644447606,1.2127077462866005,14.908175637625433,17.33288740973908,-0.7241366558563253,5.555495549483475,-9.619652387178764,-4.214639547215808,11.702446751783409,9.002281888284493,-21.390595687263104,-6.501375435078228,-2.562113949269285,-5.771272702778848,-3.1404567047652816,9.857269664802324,-7.511047011731881,4.89403139960275,-5.299437846112329,-5.672924281987978
-41.802133236222495,-119.61156025755389,13.920752469157335,8.381320174374912,41.162764732681616,92.99061571605482,-54.18719507724654,-79.45165353325328,-68.31611728814192,61.668413399421006,-122.70981256783342,-111.04121884907482,15.97382434676409,-107.02158426822038,-13.127768894931373,28.669886896198328,-21.091014270780718,46.131881029750964,-107.88170595621484,10.751899394338858,53.93271392508286,85.11213782799229,-49.96882352960191,-12.099627123929444,4.602814414866291,-114.34619952252854,53.069456333451555,-57.249627284858036,-58.42038525039612,-19.917835624739325,60.696348026045335,78.80466401786607,-55.976044501961155,-14.806361414893917,-4.795470855040903,-15.724554988586382,14.041985904247703,10.748469546943076,75.13255472646384,86.46723180469542,-5.265912832971264,28.46574389189398,-49.15845432308683,-22.16175844920594,54.569321348253645,42.062957140206,-102.17493442925476,-28.26374492369531,-11.84025620688783,-32.164121518850465,-18.29664754817138,50.82245157472638,-34.5617727983189,24.919711514618385,-29.085129467768798,-25.750751873201313
-93.920441256055625,-270.4440332640232,31.913713810774368,18.361795320528202,92.99061571605482,210.72373069574815,-121.79480110408079,-178.7672055295249,-154.38447370217773,139.15593645889123,-277.4637271541388,-251.52264233455602,36.905354326840026,-241.93370325522906,-30.192146889382112,64.34876371697304,-47.71650452140533,105.59978293385902,-243.64562134930654,24.86406040394894,122.2348120940825,192.83290707936925,-112.90133403496465,-27.147128020661714,11.28312103880067,-258.28574929041537,120.63095639683961,-129.14932524153335,-131.79554898480862,-45.28034452277453,137.61062891462348,177.652958134376,-126.23254442960726,-34.62080688249451,-9.189072518227867,-35.146452362252,31.791874729064077,25.365605899974085,170.16681463671466,195.64310027903494,-12.309979974136295,64.5245711107121,-111.48952787700024,-50.35972943471444,122.6485596322089,94.54821536613763,-230.19711634193555,-63.01321968095451,-26.5744221085353,-73.49990516904923,-41.99470675006568,115.36436306273944,-77.55821572137849,56.48724434094318,-66.3624719166807,-57.699053651953264
55.53697896538335,157.2290507814764,-17.883843753574332,-11.590422464032136,-54.18719507724654,-121.79480110408079,71.92946288806321,105.28460123722564,89.87396955908497,-81.33781470972069,161.29638107117424,145.52470708452586,-20.242573914574365,140.73648051578127,16.762853423016093,-38.141893304558316,27.68718765258439,-59.39236336661438,142.07910520621837,-13.608485572151327,-70.61007188992566,-111.50086368866745,65.77508612586035,16.1197048216566,-5.186707988822843,150.56139088819083,-69.1381207784551,75.53023753612591,77.06515831734245,25.942588087929416,-79.40835097725825,-104.0892362595556,73.90619850303291,18.351906438340894,7.9183626345932865,21.056681345390125,-18.430289813944913,-13.10403242831626,-98.48743831826876,-113.53364309780888,6.5449134968877125,-37.24145199314646,64.29330300840229,28.874415702239105,-72.45472584646838,-55.835823915958414,135.11953762366403,38.010694495326085,15.752039714097407,41.52191121224335,23.453781536516203,-66.37387805129732,46.002451569505965,-32.61624120540755,37.63976938529257,34.35794974313768
81.27200439042745,230.61053564573592,-26.350030319933477,-16.821483437080957,-79.45165353325328,-178.7672055295249,105.28460123722564,154.16522142699918,131.80236090351664,-119.21140854938749,236.57335070764884,213.57347178758926,-29.912462526490952,206.39345971475578,24.735300121255154,-55.80664411873058,40.623562675825866,-87.48818404559351,208.30737955587932,-20.111626735560726,-103.65307632405417,-163.6539675705498,96.43575448455991,23.570490235126776,-7.879920269583806,220.74619564228794,-101.59563777970219,110.70406169777735,112.95641617437794,38.12515854212746,-116.59015916425695,-152.52087321752305,108.29571850363185,27.25651941177176,11.115131931163674,30.772646458586195,-27.031239516721627,-19.529775831969552,-144.53479753747945,-166.55799324321018,9.706221567670504,-54.68894914369692,94.39442238147903,42.4374920571286,-106.04253386661489,-81.72612529612869,197.92663646534135,55.49172969639959,23.048621587995257,61.136610704005605,34.57818804835864,-97.4779570974191,67.29820162478477,-47.88200849238394,55.39487805090538,50.23920230975357
69.30949428859203,198.55158170982438,-23.12964323712771,-13.844899352133059,-68.31611728814192,-154.38447370217773,89.87396955908497,131.80236090351664,113.40763970069881,-102.32638188212836,203.6791938302483,184.36050092194012,-26.57222111032604,177.61678518685326,21.83925705780534,-47.551964932477006,35.02680254764315,-76.69296505308083,179.05137814116864,-17.87735928419331,-89.55974700816603,-141.31762873217738,82.90714411216611,20.041254896854333,-7.7586657927010885,189.76480677522397,-88.1591744679376,95.0232109692867,96.97074702858004,33.09177841242607,-100.8141383576989,-130.77621427057392,92.87186750919643,24.69629004266281,7.771435629810014,26.080547867559147,-23.283587322819255,-17.93834258715862,-124.73588599565001,-143.53521376483548,8.753556489922772,-47.30888190571395,81.6216904272182,36.84094821446071,-90.48478671241635,-69.7575559962431,169.49701923844341,46.838052588961624,19.641020613654643,53.48252907282794,30.418671638784087,-84.39194330328753,57.30988997035812,-41.38264348657414,48.36390114020559,42.693644381338814
-62.76781184654435,-179.13151026339347,20.74507213447114,12.70690610214737,61.668413399421006,139.15593645889123,-81.33781470972069,-119.21140854938749,-102.32638188212836,92.43298698924131,-183.7765842323479,-166.1827937445874,23.728979707915872,-160.30267350477868,-19.52981507230515,43.05425248715358,-31.570874869173377,68.76069482627729,-161.6367004748827,15.971299565904502,80.6933264851119,127.36580577173935,-74.8690470565559,-18.185450483205763,6.652629197457128,-171.32016050092676,79.31120595105382,-85.80448003917513,-87.55427038602869,-29.764370120627056,90.79058429958599,118.14612710237961,-83.92163494141481,-21.87698429695477,-7.620036239034091,-23.64592090439087,21.032462334141766,15.82831960705708,112.45120002954509,129.46516297091068,-7.795910292717506,42.56952432440527,-73.53812923456033,-33.11148241828833,81.92508679446335,63.14195919550505,-153.2439799008499,-42.552234620538854,-17.780167772386406,-47.96350843016926,-27.24854306686681,76.0030938379882,-51.913502048243174,37.28149803218669,-43.39245651705006,-38.70026223785258
124.41398327460703,356.66370069487635,-41.677180958579996,-24.761704491096882,-122.70981256783342,-277.4637271541388,161.29638107117424,236.57335070764884,203.6791938302483,-183.7765842323479,365.906684941171,331.28401583593626,-47.93503416657226,319.10182336238415,39.34267583802562,-85.3055853411188,62.903387477575535,-138.05982582050942,321.57932295976104,-32.272212778690616,-160.93303461253893,-253.94393696755975,148.96509970220873,35.99427719205833,-14.068734019201164,340.8619433710448,-158.4937739488105,170.5984274698784,174.08981933447708,59.48815715224557,-181.1364519688635,-234.78185055854064,166.782563170223,44.595401388420235,13.654316179641263,46.73220188153324,-41.88459959423202,-32.46246094383412,-224.1457616825775,-257.8848385481333,15.855136778873392,-84.94852546878703,146.71403104023375,66.18427210922938,-162.4294441815542,-125.2075314970457,304.34737212341145,83.93287308348,35.23039736268526,96.21216501022492,54.79895894450356,-151.71901852861728,102.82982210020081,-74.36275530699199,86.96339883658327,76.58164400235158
112.19775228984278,322.92304549776634,-38.030066699522074,-21.99624472520699,-111.04121884907482,-251.52264233455602,145.52470708452586,213.57347178758926,184.36050092194012,-166.1827937445874,331.28401583593626,300.2651784688398,-43.948583238469524,288.8576167433752,35.98448136566471,-76.90606431943964,56.99021602660696,-125.9103442565264,290.9593081119037,-29.594438841027795,-145.91923560107648,-230.19731707276654,134.79081968338005,32.42077382493069,-13.389574932307223,308.42288798752844,-143.96005903856377,154.2641391977137,157.43543546285755,54.037004975321,-164.293251888244,-212.2119912552524,150.7587790002504,41.197984693887136,11.159489788673419,42.033748133166455,-37.9281788047491,-30.13910138614227,-203.13271409381807,-233.5730317155484,14.618487812242677,-77.06206457863591,133.06963699714117,60.12633560991967,-146.5173320605155,-112.95836320811038,274.9439347068302,75.36869526943111,31.76099895546111,87.67256499428075,50.04367090353581,-137.67703228770964,92.6776267148649,-67.43418135201678,79.18395212616659,68.95984362514154
-15.560333537646189,-46.70947928999934,5.996969535630292,2.525775306478057,15.97382434676409,36.905354326840026,-20.242573914574365,-29.912462526490952,-26.57222111032604,23.728979707915872,-47.93503416657226,-43.948583238469524,7.248747043885381,-41.73798076790499,-5.780024689056908,10.591938674763643,-8.27944806285181,19.666621328585062,-41.77574988767093,4.906621829429673,21.4327639651253,33.739733479807754,-19.41325420124754,-4.456370139260646,2.916633843485043,-44.33475558375235,21.542803761971697,-21.979594425560585,-22.443439853891256,-8.089602176180163,24.18834311552633,30.106806807737915,-21.439156526221375,-7.244284785674233,0.24132443007723428,-5.6178237194003495,5.53911648943242,5.5521460249309165,29.704092543971882,33.938360923134255,-2.569491928709765,11.323785546890088,-19.635513402239113,-8.976077315338825,20.371744377470822,15.715998228165319,-38.8487192227627,-9.902645974207987,-4.371533416375743,-13.548739859605535,-7.938806171328495,20.42694750342468,-12.744601590190411,9.91627897869336,-12.12358227244668,-9.383726207508433
108.57490936267816,311.0293590960417,-36.31702244396795,-21.662131959211212,-107.02158426822038,-241.93370325522906,140.73648051578127,206.39345971475578,177.61678518685326,-160.30267350477868,319.10182336238415,288.8576167433752,-41.73798076790499,278.3034702893443,34.25844722399535,-74.43372299378363,54.840911143867146,-120.27176450637279,280.4639055415603,-28.10636062360525,-140.30843994666452,-221.41555424267472,129.93931341511393,31.42942596574137,-12.152528171367246,297.2928994400629,-138.14687700700193,148.78519858810557,151.82630867461341,51.847773926968685,-157.9027328606513,-204.78408519608556,145.48851504093747,38.76702615897883,12.098861487979113,40.78004551055982,-36.54533003350734,-28.20633663294774,-195.44551326702575,-224.88415970828373,13.807361128215108,-74.0298495442734,127.917986944459,57.66717978963744,-141.74401974815396,-109.25372311543181,265.5154005855204,73.27844705300991,30.738198057850443,83.81018678411048,47.73527936004044,-132.27355027294064,89.73659807286917,-64.83135615552457,75.75502788055599,66.83740275112284
12.883211591429657,38.34869586421697,-4.823071974146294,-2.1868530935394452,-13.127768894931373,-30.192146889382112,16.762853423016093,24.735300121255154,21.83925705780534,-19.52981507230515,39.34267583802562,35.98448136566471,-5.780024689056908,34.25844722399535,4.640881941893832,-8.79592779215281,6.7986050299894725,-15.878412548811026,34.35300145913444,-3.9027961542410856,-17.539948135688114,-27.618509219290196,15.936707997309206,3.6885589553282387,-2.2353093736772127,36.43807558080078,-17.558859900828036,18.115381384386268,18.498176307366172,6.594612610818521,-19.795223367278062,-24.83167351794707,17.660343450179326,5.719633059448926,0.12142803703089829,4.704780597094381,-4.522364440482164,-4.33913844108881,-24.32311553732393,-27.829499456915276,2.0131685488334448,-9.286438048723316,16.044344158668974,7.334187308966437,-16.85892151842253,-13.00935039724412,32.04492349721217,8.314831396606298,3.632035874268841,10.975032171637883,6.3836334123066925,-16.66989039315674,10.579849705006229,-8.11368792928158,9.845838913011397,7.8098663003220885
-29.448248786872966,-83.16220070327007,9.392106167516658,6.20686395820274,28.669886896198328,64.34876371697304,-38.141893304558316,-55.80664411873058,-47.551964932477006,43.05425248715358,-85.3055853411188,-76.90606431943964,10.591938674763643,-74.43372299378363,-8.79592779215281,20.241272097775795,-14.644672911251625,31.233939906180215,-75.18603514243969,7.114014491877947,37.30929173782218,58.92028971638567,-34.78963267054585,-8.546905452615086,2.635411667430237,-79.66227781044678,36.4826460365224,-39.99644886460179,-40.80927534089703,-13.689930852629699,41.95731501994152,55.13129549030355,-39.130476102807975,-9.553010598896732,-4.403986774943024,-11.199326681475926,9.731794860254048,6.783689005208847,52.049615154291835,60.028164086265214,-3.3977145494056646,19.689929628467027,-33.955021129626495,-15.247928455487083,38.41366257451841,29.604864610132587,-71.56967009103421,-20.228839255264553,-8.360411423492417,-21.86156265003672,-12.315466350355567,35.03934713491295,-24.410358054699085,17.23282886287459,-19.835555070252376,-18.24398750013578
21.331190683775056,61.32995526312631,-7.177457835017548,-4.212285722182712,-21.091014270780718,-47.71650452140533,27.68718765258439,40.623562675825866,35.02680254764315,-31.570874869173377,62.903387477575535,56.99021602660696,-8.27944806285181,54.840911143867146,6.7986050299894725,-14.644672911251625,10.834080318938774,-23.815500380414978,55.27721800716584,-5.56503164661709,-27.695903663997107,-43.68980424237247,25.582292588482243,6.154873532982745,-2.5068451320661946,58.57973889688804,-27.300049791858072,29.33099822469229,29.939913922180054,10.248379587220578,-31.19727026713381,-40.351981120596825,28.645281496091556,7.7517345310747565,2.211750296631893,8.022817065698604,-7.179182254448087,-5.644356620902568,-38.54861732116202,-44.340201900403905,2.7278334986908295,-14.653996094391891,25.240980561550952,11.423033033456797,-27.856875649457628,-21.483682628849476,52.2515933090555,14.383014000974368,6.0492741536623535,16.607512231734166,9.448713304169845,-26.105266292227526,17.63717730497049,-12.800178735192171,15.01510085889995,13.13095665130555
-45.70313368373803,-134.56614614154614,16.591237667580998,8.144022188490428,46.131881029750964,105.59978293385902,-59.39236336661438,-87.48818404559351,-76.69296505308083,68.76069482627729,-138.05982582050942,-125.9103442565264,19.666621328585062,-120.27176450637279,-15.878412548811026,31.233939906180215,-23.815500380414978,54.69917128170546,-120.76616483102528,13.272788780311737,61.3138065349287,96.60381923824382,-56.008858048792796,-13.12820238041069,7.1210471565925575,-128.07385806386517,61.10128321807319,-63.788433777151326,-65.1196689541127,-22.94449417610249,69.13722264187705,87.53674804681579,-62.24235539328198,-19.153852488391934,-1.7651913150563598,-16.822150997396744,15.85753255092106,14.390637870428924,85.13603576406967,97.55922863266693,-6.767139714054539,32.42523354962389,-56.03538315200377,-25.512980820527968,59.76407191042243,46.099867237818984,-113.12505175807703,-29.874179496373635,-12.89818524670231,-37.886382759500755,-21.920416355219388,58.145674411566404,-37.59833985549135,28.35261160616632,-34.053777173251724,-27.82602865843294
109.59993075322363,313.4689591456035,-36.42940941751996,-22.018457613581365,-107.88170595621484,-243.64562134930654,142.07910520621837,208.30737955587932,179.05137814116864,-161.6367004748827,321.57932295976104,290.9593081119037,-41.77574988767093,280.4639055415603,34.35300145913444,-75.18603514243969,55.27721800716584,-120.76616483102528,282.75470588147505,-28.111836232922826,-141.3160740574795,-223.01474778657172,130.9476223807404,31.719859763200493,-11.991431561730272,299.6849165917311,-139.01874362495906,150.07324131375321,153.14364646091764,52.177103606276845,-159.04238974999257,-206.58379196826408,146.72370951976694,38.69371031653667,12.717862387442295,41.25812346083346,-36.782151330348114,-28.060393685467716,-196.86812959811647,-226.58769338649307,13.748130383365005,-74.60364172308498,128.7910512977282,58.06829493381126,-143.0709786713405,-110.28514568101139,267.83954913428727,74.1632907194224,31.052073070259414,84.22379295802212,47.88208473474233,-133.13948340213537,90.63264774711013,-65.29491127330328,76.1763811680816,67.53688821527258
-10.47146975727747,-31.438148087994477,4.057059867349894,1.6905653300083587,10.751899394338858,24.86406040394894,-13.608485572151327,-20.111626735560726,-17.87735928419331,15.971299565904502,-32.272212778690616,-29.594438841027795,4.906621829429673,-28.10636062360525,-3.9027961542410856,7.114014491877947,-5.56503164661709,13.272788780311737,-28.111836232922826,3.3276176358388008,14.43031374112573,22.719711990220045,-13.080102773906727,-3.006315942709932,1.9670771090290693,-29.84377996840676,14.512630019648066,-14.77763059233179,-15.085759413438716,-5.448588045953624,16.275261240168394,20.242965656006117,-14.428752901882534,-4.898519705532856,0.18666831321356478,-3.7633541337857492,3.7437035072587106,3.7660788898631568,20.0061292159972,22.852730106991448,-1.7531408209188526,7.605117972557616,-13.22973180432232,-6.032806072760476,13.708064619382982,10.570263293057558,-26.14365644966109,-6.639276402983612,-2.935033536439498,-9.130069658717193,-5.366278435743994,13.767030954352997,-8.567046622084073,6.675777450206581,-8.161732768588605,-6.304610680380812
-54.42605892469989,-156.87746837576975,18.516483088156704,10.612389145822922,53.93271392508286,122.2348120940825,-70.61007188992566,-103.65307632405417,-89.55974700816603,80.6933264851119,-160.93303461253893,-145.91923560107648,21.4327639651253,-140.30843994666452,-17.539948135688114,37.30929173782218,-27.695903663997107,61.3138065349287,-141.3160740574795,14.43031374112573,70.92443490206256,111.87475089151833,-65.45784348647042,-15.714733340917972,6.622247966578535,-149.7935978073272,70.01258755862874,-74.91691177940993,-76.45950192127765,-26.28229830686675,79.86920102335512,103.0388265437847,-73.19399803073702,-20.150725322905,-5.215425362874552,-20.381056085255878,18.41670668519654,14.762216723042826,98.71184055907497,113.48169711769053,-7.136160674746699,37.47515166714171,-64.67955997256007,-29.252345363009567,71.08048248631343,54.805401204035654,-133.45894733784226,-36.51421473274055,-15.409345931810405,-42.68941887249199,-24.377719945726454,66.9295855603573,-44.95265868261183,32.77781305560888,-38.549625819901976,-33.43948045400267
-85.9605723716882,-247.53581016633768,29.178746721998515,16.818798850534048,85.11213782799229,192.83290707936925,-111.50086368866745,-163.6539675705498,-141.31762873217738,127.36580577173935,-253.94393696755975,-230.19731707276654,33.739733479807754,-221.41555424267472,-27.618509219290196,58.92028971638567,-43.68980424237247,96.60381923824382,-223.01474778657172,22.719711990220045,111.87475089151833,176.4838054677833,-103.31336307375642,-24.833721640479048,10.328838398455263,-236.39981990481604,110.39659994696238,-118.2336045481603,-120.66517395533997,-41.43968849879148,125.96825187335219,162.63685645617795,-115.53907847320116,-31.660112391749795,-8.436505133248144,-32.19546510330093,29.072530983338584,23.175308521499744,155.72949641922781,179.05267738763675,-11.229186256849605,59.08895679203923,-102.02566554652775,-46.111378115458336,112.2579267315372,86.54768926161407,-210.6963991681591,-57.71337541208628,-24.333755881500302,-67.26117587732229,-38.401744455730935,105.56468326804013,-71.0008332627056,51.701708891070304,-60.743222715229294,-52.825024354767415
50.76699893494246,145.18309792373557,-16.922438762334888,-10.183962887899316,-49.96882352960191,-112.90133403496465,65.77508612586035,96.43575448455991,82.90714411216611,-74.8690470565559,148.96509970220873,134.79081968338005,-19.41325420124754,129.93931341511393,15.936707997309206,-34.78963267054585,25.582292588482243,-56.008858048792796,130.9476223807404,-13.080102773906727,-65.45784348647042,-103.31336307375642,60.68973787531321,14.714076028150952,-5.547876759530358,138.81664989704686,-64.4113625680356,69.46637776302997,70.88034982589497,24.17113093078266,-73.64291337229001,-95.63380723762594,67.95990447340739,17.96414648016448,5.853480324676554,19.06502970336217,-17.079922668962137,-13.057066267323128,-91.20950194325735,-104.96810034041889,6.4250676428656375,-34.50247879560197,59.683275625671016,26.865392643564398,-66.26801392324039,-51.068359727832025,124.05475158447007,34.29470031623843,14.364887821924269,39.02345510483432,22.227238434458165,-61.70712097646526,41.95637109304406,-30.24361919757902,35.27385317420582,31.25740463811708
12.474786889024266,35.068773065557345,-3.9678166724773636,-2.6550474364116585,-12.099627123929444,-27.147128020661714,16.1197048216566,23.570490235126776,20.041254896854333,-18.185450483205763,35.99427719205833,32.42077382493069,-4.456370139260646,31.42942596574137,3.6885589553282387,-8.546905452615086,6.154873532982745,-13.12820238041069,31.719859763200493,-3.006315942709932,-15.714733340917972,-24.833721640479048,14.714076028150952,3.6431031646856153,-1.0309504378513583,33.62989222151741,-15.351651636213596,16.855765312868865,17.190198391059244,5.756826126470995,-17.64390559652659,-23.251880881052493,16.533166479012603,3.968478162665233,1.9661842916432464,4.7189931330152834,-4.139324678278061,-2.8241646715823836,-21.951680417186978,-25.323695507339043,1.4502872801653874,-8.244403835581537,14.319054375815057,6.382356726291064,-16.265958969631807,-12.522750744361453,30.255424274696864,8.558032623249376,3.5273331323096393,9.166082566160203,5.1857290118098875,-14.775851078954627,10.326289399218329,-7.256494478628626,8.306795285444537,7.718608530137059
-3.887500667703197,-13.73911887627826,2.1744084933139423,0.10146415255591774,4.602814414866291,11.28312103880067,-5.186707988822843,-7.879920269583806,-7.7586657927010885,6.652629197457128,-14.068734019201164,-13.389574932307223,2.916633843485043,-12.152528171367246,-2.2353093736772127,2.635411667430237,-2.5068451320661946,7.1210471565925575,-11.991431561730272,1.9670771090290693,6.622247966578535,10.328838398455263,-5.547876759530358,-1.0309504378513583,1.8646098875193857,-12.725003746150573,7.021168131465432,-6.200710030654777,-6.355860866136247,-2.647811926431465,7.5769065599513565,8.341145165835334,-5.92331313201983,-3.355844999182359,1.887350500005882,-1.2647572005954264,1.6003630675500737,2.7320624206219954,9.009545498246522,10.09437466233432,-1.1112010760183129,3.6043526492379168,-6.1059829072845595,-2.9775996018951973,5.148951354343975,4.008434239985473,-10.482455420802664,-1.9973864931839074,-1.0913556286907824,-4.838690146790299,-2.9532234001914355,6.447795561623913,-3.1153098171592477,3.07693547064897,-4.260501511923829,-2.201760343392561
116.15688235778133,332.25122537249996,-38.65128913570659,-23.31840777772101,-114.34619952252854,-258.28574929041537,150.56139088819083,220.74619564228794,189.76480677522397,-171.32016050092676,340.8619433710448,308.42288798752844,-44.33475558375235,297.2928994400629,36.43807558080078,-79.66227781044678,58.57973889688804,-128.07385806386517,299.6849165917311,-29.84377996840676,-149.7935978073272,-236.39981990481604,138.81664989704686,33.62989222151741,-12.725003746150573,317.64769700247615,-147.3769774667839,159.03473267556436,162.28603564147167,55.3110810658245,-168.57059659789908,-218.9245524842957,155.51118768643136,41.06200262014339,13.42274510882613,43.6952330644369,-39.013130924165274,-29.7992168707472,-208.68612233664138,-240.18015701350268,14.614139508177164,-79.04741946203315,136.53567838346004,61.53578671633681,-151.63053717483282,-116.8758755236569,283.8731502415802,78.55731975611356,32.89816832885089,89.29467380163184,50.79298125236588,-141.15243338795486,96.03816524139559,-69.21202742910161,80.74881626954077,71.55846996796065
-53.25943287347576,-154.49889695590616,18.473678379647914,10.122577965537587,53.069456333451555,120.63095639683961,-69.1381207784551,-101.59563777970219,-88.1591744679376,79.31120595105382,-158.4937739488105,-143.96005903856377,21.542803761971697,-138.14687700700193,-17.558859900828036,36.4826460365224,-27.300049791858072,61.10128321807319,-139.01874362495906,14.512630019648066,70.01258755862874,110.39659994696238,-64.4113625680356,-15.351651636213596,7.021168131465432,-147.3769774667839,69.30963532688193,-73.62239808684028,-75.14693832699085,-26.02099454312507,78.87885281131705,101.19050055618797,-71.89635262932825,-20.48589213388661,-4.204195059362575,-19.849367122949797,18.15202103256611,15.126831243305872,97.36972689137316,111.83171812757888,-7.24278168389541,37.01090328018268,-63.886438467899005,-28.958648439760466,69.58424501626867,53.66102613307795,-130.9663850573532,-35.46857205726959,-15.067325492510573,-42.47813262065716,-24.349201561431265,66.16294686435099,-43.94093222388863,32.36269347023401,-38.30731879454323,-32.63835143257057
58.25794183734347,166.31131550366018,-19.217658518171234,-11.798774931960178,-57.249627284858036,-129.14932524153335,75.53023753612591,110.70406169777735,95.0232109692867,-85.80448003917513,170.5984274698784,154.2641391977137,-21.979594425560585,148.78519858810557,18.115381384386268,-39.99644886460179,29.33099822469229,-63.788433777151326,150.07324131375321,-14.77763059233179,-74.91691177940993,-118.2336045481603,69.46637776302997,16.855765312868865,-6.200710030654777,159.03473267556436,-73.62239808684028,79.69917756209404,81.33078491923789,27.634225309846343,-84.31765507215728,-109.72586372010029,77.90340476409989,20.290240752356965,7.078711473411325,21.99060069393299,-19.482393730205498,-14.655369604377434,-104.37949209379295,-120.1785259572711,7.187279941352251,-39.57801181971476,68.24697528562422,30.776723066300036,-76.04193303843243,-58.62165206231835,142.2546271157538,39.54327703346363,16.521190539104985,44.531822208377115,25.260044310511134,-70.52801636292565,48.20719706796538,-34.61361680123025,40.3069855337293,35.943215058364316
59.43095938092682,169.72071077005836,-19.615317989094592,-12.027547879982093,-58.42038525039612,-131.79554898480862,77.06515831734245,112.95641617437794,96.97074702858004,-87.55427038602869,174.08981933447708,157.43543546285755,-22.443439853891256,151.82630867461341,18.498176307366172,-40.80927534089703,29.939913922180054,-65.1196689541127,153.14364646091764,-15.085759413438716,-76.45950192127765,-120.66517395533997,70.88034982589497,17.190198391059244,-6.355860866136247,162.28603564147167,-75.14693832699085,81.33078491923789,83.00136905875168,28.20605805988986,-86.06469492511764,-111.97059712344641,79.49041106201273,20.73367047436542,7.179582719576661,22.436163918904327,-19.87493960377631,-14.974767490285311,-106.51865887861004,-122.63889962297311,7.334187764338982,-40.403981522059176,69.65112911681152,31.421310145716053,-77.57694935105751,-59.80898913714366,145.1441049633063,40.33942683557965,16.856729720308838,45.4640136433495,25.784307357502605,-71.97934960871665,49.18009106821968,-35.32804371084162,41.152367514805256,36.66696479011384
19.982579158272348,57.99035520604078,-6.934841285700684,-3.791968680479715,-19.917835624739325,-45.28034452277453,25.942588087929416,38.12515854212746,33.09177841242607,-29.764370120627056,59.48815715224557,54.037004975321,-8.089602176180163,51.847773926968685,6.594612610818521,-13.689930852629699,10.248379587220578,-22.94449417610249,52.177103606276845,-5.448588045953624,-26.28229830686675,-41.43968849879148,24.17113093078266,5.756826126470995,-2.647811926431465,55.3110810658245,-26.02099454312507,27.634225309846343,28.20605805988986,9.770105988597843,-29.61273126171878,-37.9781537106923,26.98073768197935,7.700372568618513,1.5595101611854567,7.449564802313519,-6.809409212170912,-5.686796529748149,-36.5493842322339,-41.97581581505534,2.7185473675111687,-13.899108652488627,23.980288942888304,10.875781931252696,-26.10776159208438,-20.13449319548393,49.146014655222885,13.305432766885986,5.654668755803885,15.953634828508415,9.14365880920905,-24.835608381804054,16.487485214366103,-12.148583679118524,14.387532664531795,12.246275876293875
-61.17764097348638,-176.58870986965542,20.866616008051462,11.878593611505321,60.696348026045335,137.61062891462348,-79.40835097725825,-116.59015916425695,-100.8141383576989,90.79058429958599,-181.1364519688635,-164.293251888244,24.18834311552633,-157.9027328606513,-19.795223367278062,41.95731501994152,-31.19727026713381,69.13722264187705,-159.04238974999257,16.275261240168394,79.86920102335512,125.96825187335219,-73.64291337229001,-17.64390559652659,7.5769065599513565,-168.57059659789908,78.87885281131705,-84.31765507215728,-86.06469492511764,-29.61273126171878,89.97256145678884,115.95017776456758,-82.34405945691724,-22.807780630560043,-5.672556461506765,-22.916193475349655,20.70593265490222,16.71554721321588,111.12824061279363,127.7385078486465,-8.04418823556912,42.241202631604054,-72.83000616805079,-32.982882558286406,79.90847503473721,61.62413433875937,-150.11228125931837,-41.022710705867034,-17.330506540732447,-48.14572795284299,-27.485724812513187,75.36950827273398,-50.53428260142608,36.91510586997777,-43.47859759407513,-37.58454772732535
-80.30351631469964,-228.8745844600885,26.373962781037186,16.359880367602027,78.80466401786607,177.652958134376,-104.0892362595556,-152.52087321752305,-130.77621427057392,118.14612710237961,-234.78185055854064,-212.2119912552524,30.106806807737915,-204.78408519608556,-24.83167351794707,55.13129549030355,-40.351981120596825,87.53674804681579,-206.58379196826408,20.242965656006117,103.0388265437847,162.63685645617795,-95.63380723762594,-23.251880881052493,8.341145165835334,-218.9245524842957,101.19050055618797,-109.72586372010029,-111.97059712344641,-37.9781537106923,115.95017776456758,151.09855857467699,-107.28361373825338,-27.695214958666067,-10.08283019818839,-30.33119040735747,26.82184023086214,19.963959726488504,143.59300823188804,165.36599635896613,-9.827655644288773,54.409219274630466,-93.86189114992548,-42.28756083520263,104.80801561600768,80.79044274673731,-195.94784820715503,-54.58952570818776,-22.771114345053157,-61.12168840699401,-34.64725719271581,96.98021550288685,-66.45915065098082,47.60519399709876,-55.33616756380483,-49.56715500497622
57.04097065853136,162.56585361910487,-18.77500881109359,-11.60621977902875,-55.976044501961155,-126.23254442960726,73.90619850303291,108.29571850363185,92.87186750919643,-83.92163494141481,166.782563170223,150.7587790002504,-21.439156526221375,145.48851504093747,17.660343450179326,-39.130476102807975,28.645281496091556,-62.24235539328198,146.72370951976694,-14.428752901882534,-73.19399803073702,-115.53907847320116,67.95990447340739,16.533166479012603,-5.92331313201983,155.51118768643136,-71.89635262932825,77.90340476409989,79.49041106201273,26.98073768197935,-82.34405945691724,-107.28361373825338,76.20408340700128,19.71042230514249,7.125687449188965,21.50738080921593,-19.086657817415148,-14.233536869455119,-102.01782427385702,-117.47723761377308,7.028672135340846,-38.60640858725291,66.69672179660188,30.013862792914612,-74.44435971941724,-57.37361104193219,139.1793296558788,38.72665220206509,16.159690939936937,43.429334237495425,24.653162458882175,-68.92024328219611,47.18662876776431,-33.81540583909438,39.301143771389846,35.18703385062342
14.043659896405215,43.474338146366804,-5.841559672605726,-1.9420510055315272,-14.806361414893917,-34.62080688249451,18.351906438340894,27.25651941177176,24.69629004266281,-21.87698429695477,44.595401388420235,41.197984693887136,-7.244284785674233,38.76702615897883,5.719633059448926,-9.553010598896732,7.7517345310747565,-19.153852488391934,38.69371031653667,-4.898519705532856,-20.150725322905,-31.660112391749795,17.96414648016448,3.968478162665233,-3.355844999182359,41.06200262014339,-20.48589213388661,20.290240752356965,20.73367047436542,7.700372568618513,-22.807780630560043,-27.695214958666067,19.71042230514249,7.521753530226705,-1.3802539735867323,4.983095967777627,-5.13609957740586,-5.866338317196776,-27.820094281492217,-31.65867048594228,2.6162225487408475,-10.71498948592269,18.484861003306015,8.570105993595485,-18.423686598571518,-14.236222335537136,35.55634723152874,8.634750077497866,3.9455331434987144,13.154005425346941,7.781631985252848,-19.290702812201484,11.459280103205217,-9.33122030675237,11.726416042235439,8.37912987271105
6.28425066585644,13.289712975633124,-0.45790933353941854,-2.496109927167891,-4.795470855040903,-9.189072518227867,7.9183626345932865,11.115131931163674,7.771435629810014,-7.620036239034091,13.654316179641263,11.159489788673419,0.24132443007723428,12.098861487979113,0.12142803703089829,-4.403986774943024,2.211750296631893,-1.7651913150563598,12.717862387442295,0.18666831321356478,-5.215425362874552,-8.436505133248144,5.853480324676554,1.9661842916432464,1.887350500005882,13.42274510882613,-4.204195059362575,7.078711473411325,7.179582719576661,1.5595101611854567,-5.672556461506765,-10.08283019818839,7.125687449188965,-1.3802539735867323,4.961180567932149,2.7680474542441216,-1.5360644386438618,1.5656071554466309,-7.633358876817952,-9.289852510366826,-0.38701026402235794,-2.6132217061795897,4.599075644764727,1.7150511364649195,-8.072896272809336,-6.166003151409598,13.60453121131661,5.445761287090071,1.817051575918161,1.4979403244469678,0.44671662203425166,-4.502428520235183,5.399995718149766,-2.379994191177327,1.583621329558029,4.245967004818313
16.258463044043832,45.56820442492704,-5.038770398351168,-3.5257360046115918,-15.724554988586382,-35.146452362252,21.056681345390125,30.772646458586195,26.080547867559147,-23.64592090439087,46.73220188153324,42.033748133166455,-5.6178237194003495,40.78004551055982,4.704780597094381,-11.199326681475926,8.022817065698604,-16.822150997396744,41.25812346083346,-3.7633541337857492,-20.381056085255878,-32.19546510330093,19.06502970336217,4.7189931330152834,-1.2647572005954264,43.6952330644369,-19.849367122949797,21.99060069393299,22.436163918904327,7.449564802313519,-22.916193475349655,-30.33119040735747,21.50738080921593,4.983095967777627,2.7680474542441216,6.2362716336887445,-5.308617902286801,-3.478091113226721,-28.45269246518194,-32.857247233994656,1.7599540189253902,-10.7720985032481,18.522715911793604,8.312458002027993,-21.199039632375637,-16.3398617490343,39.38500705905714,11.285099815429755,4.6276887639420234,11.814420530108153,6.60380702963341,-19.091014635453305,13.504509031637019,-9.411543858375374,10.747451567792064,10.113517475563643
-14.241126163111753,-40.80388877248183,4.811301856432811,2.8228985644447606,14.041985904247703,31.791874729064077,-18.430289813944913,-27.031239516721627,-23.283587322819255,21.032462334141766,-41.88459959423202,-37.9281788047491,5.53911648943242,-36.54533003350734,-4.522364440482164,9.731794860254048,-7.179182254448087,15.85753255092106,-36.782151330348114,3.7437035072587106,18.41670668519654,29.072530983338584,-17.079922668962137,-4.139324678278061,1.6003630675500737,-39.013130924165274,18.15202103256611,-19.482393730205498,-19.87493960377631,-6.809409212170912,20.70593265490222,26.82184023086214,-19.086657817415148,-5.13609957740586,-1.5360644386438618,-5.308617902286801,4.831705193594371,3.7641202244047816,25.66884990540589,29.523963631876732,-1.8637660076271103,9.672516233054877,-16.8137333380855,-7.544721317204397,18.589985708700212,14.31743710107134,-34.82653116373964,-9.557578522555204,-4.01618102000064,-11.017500002140995,-6.311922715260722,17.394593248272376,-11.748482382467978,8.50893409836237,-9.939803130647869,-8.743417979745676
