V1,V2,V3,V4,V5,V6,V7,V8,V9,V10,V11,V12,V13,V14,V15,V16,V17,V18,V19,V20,V21,V22,V23,V24,V25,V26,V27,V28,V29,V30,V31,V32,V33,V34,V35,V36,V37,V38,V39,V40,V41,V42,V43,V44,V45,V46,V47,V48,V49,V50,V51,V52,V53,V54,V55,V56
1.9500646343527546,0.23537465972038685,-0.26697228757856256,1.0344050860179312,-3.866323770483783,2.062122801998019,0.9847049043851014,0.8931929130318205,1.2861144405580816,-0.5065564954176762,2.118081931749548,-1.1269365919949283,-0.6049773714461778,-1.6822882597559663,-0.6802938234837501,-1.623704397668359,-2.6023767543497986,0.6930870178193496,0.607581290663294,0.17796093948845707,4.377730521261332,0.8767506200323999,0.3725133201027795,2.0903378059883795,-0.8470824157563772,-0.38179594265988115,-0.4112842201964294,3.166325729075837,0.40365339028293984,-1.0743411333077326,-1.0240551160500981,0.24568951893154714,2.055766175501735,-3.6229343867094594,0.6396993233458679,3.188960154388414,1.1588448510817242,0.97889488699482,-0.44965928616423145,-1.1413252785565482,2.4362964426911082,-0.7239390558530363,-0.39327799396936014,-1.4210083759837384,-1.0799106682694883,1.1441149624588407,-0.16783481670993872,0.8731894368611225,0.16431654863587838,1.4675921101204028,1.2897554840162369,0.5925106790472716,1.0343468658722612,0.14893153242685703,-2.2123203444138806,0.9729326599449188
0.23537465972038685,0.09306005750401054,0.17992950718443243,0.22640799140825837,-0.21849593903695178,-0.291871017934065,-0.17681006576352837,0.05609042467027348,0.29877652340693023,0.17664728183242628,0.16127546251947023,-0.1856462524809571,0.28718990031290254,-0.18409755255169918,-0.025087105642840737,-0.07626504664895975,-0.4025457477577746,0.011493625158696142,0.15229453980251623,0.14476512872910213,0.13360951932045587,0.1109710174252694,-0.17626381759233484,0.16015303133047515,-0.17738906062587537,-0.12412767653741526,0.036803636538527106,0.4061670761053044,-0.04263343984595574,-0.0881158266617206,0.04835748785369077,0.16502083271818105,0.17829826473926058,-0.30965067912280586,0.10833454933086491,0.2308366458770382,0.06203501571246599,-0.016894418945784112,-0.2714950768977095,-0.3794079639992952,0.2555899216846415,-0.1588715980201273,-0.14078095337176674,-0.04540649656304209,-0.028012561192001344,0.03753565990336464,-0.006253463190171791,0.013578489872770145,0.17342960598501853,0.2061385231089307,0.2606861993112033,0.09768428313815576,0.2447967093309066,0.015226293005551011,-0.015590401957598567,0.2617428646241876
-0.26697228757856256,0.17992950718443243,0.7739338871684394,0.19292674760908327,1.0089394313473417,-1.7608583274141099,-0.975052378716919,-0.19239909512183298,0.23857094998373712,0.9821105978332647,-0.6222360175662401,-0.036395624843253774,1.1279608584806105,0.16131274489679817,0.44460540316744995,0.46321497039431286,-0.09492545718859395,-0.31809495941942917,0.2840932654258137,0.36384498838370494,-1.5233203335539613,-0.01568792806525652,-0.8337354418697775,-0.3158575303904283,-0.3492376578336751,-0.06616786066207188,0.2581986938364222,-0.16343470906803678,-0.18611189949136714,-0.01167539386970541,0.33795373574065773,0.4624338662407579,-0.16664906222680173,0.7322697928456003,-0.10079186797097342,-0.9473764472485228,-0.49731049919078196,-0.5041895607834979,-0.4571847588521397,-0.670358736810225,-0.1566271168168794,-0.1378468553031366,-0.18267115491458727,0.4635543808915632,0.5404515302013446,-0.44817927307713284,-0.11577099871805317,-0.24921836244077944,0.5498746446781481,-0.04772332184952372,0.22174998058691667,0.015904370397101433,0.2575059599664186,-0.12859656283083482,0.9226038949568804,0.35169373834123785
1.0344050860179312,0.22640799140825837,0.19292674760908327,0.708292255969888,-1.671236126970943,0.2534180757151518,0.06183613858587035,0.39558664389086634,0.9060185448509712,0.10886796850132642,0.9745876020162606,-0.6766160457330057,0.24080457222745325,-0.8666410171763725,-0.26630959633792817,-0.6778712727507146,-1.5242500395767205,0.25473623841937365,0.4496059148745854,0.28760424499373044,1.7133296647174638,0.4758308937169168,-0.15168200130429282,0.9723265895154833,-0.574059123974086,-0.32098192396242115,-0.08485287059808351,1.7231245958354533,0.07577299960833095,-0.5135663405116653,-0.2842429070691679,0.34452701884102044,0.9912199472373459,-1.7268585051780574,0.3846958339321836,1.4494569912467952,0.4899636729022793,0.3093568592231398,-0.5738429311375984,-0.9860248772398778,1.2410865710274106,-0.4964509385326536,-0.35310453587232016,-0.5600448901354589,-0.41033794078715186,0.4501190323109551,-0.0726760233155452,0.3241832872855919,0.33052424041980677,0.825830581272067,0.8507305472121529,0.3557733514766447,0.7372667444042028,0.07167149887485873,-0.784777220329837,0.7431374488781115
-3.866323770483783,-0.21849593903695178,1.0089394313473417,-1.671236126970943,11.341510405756278,-8.572329596090226,-4.144951754397768,-2.7796525149759854,-1.5397450005511226,0.8398245971245529,-4.378263734635153,2.26995444960253,3.6964983102702567,4.474987307428008,0.23054594362996372,4.914647199395309,6.129707706166088,-1.7615108604393728,-1.7814575503402263,0.2539254509734737,-13.217219057821595,-2.429803285755023,-1.12637317252062,-6.716985522222995,3.1690869376288453,-0.6630361794763302,1.812649458784582,-7.7415946338968835,-2.5251133476224066,4.6906029436960806,5.672284487830909,-0.3894814050527462,-7.142250759969654,9.158072589423117,-0.21057551337307198,-6.87122802318144,-1.9187894899265328,-3.052852263812628,-1.521249130464604,1.6087348774283259,-7.444550200308236,1.1794607478345345,-0.14578894030688894,4.479920054221844,2.0720679464000744,-2.9669563046869163,1.888830991101736,-3.4797590175129796,-0.2919579722322994,-3.2702549745129836,-2.5911062343634175,-1.1646726959788762,-1.6348012135157286,0.5010919962087911,7.022474356204407,-1.4670483798709701
2.062122801998019,-0.291871017934065,-1.7608583274141099,0.2534180757151518,-8.572329596090226,8.833164379306707,4.449597275914415,2.0935513279708036,-0.24664648093577476,-1.5720700732060726,2.8669971440397206,-0.9765637055743982,-4.638026953680315,-2.8808550083971007,-0.014033224438129932,-3.811159751436727,-3.1701379386572013,1.4341066471001873,0.7600942218137884,-0.9610749961094833,10.603834423874435,1.5130070059186118,1.8363634683212664,4.943198665604624,-1.8394415988130066,1.239762757105095,-1.7463405106595242,4.523438251446268,2.4060454539630234,-3.6067470844799883,-5.157917569222548,-0.4993367149453145,5.232361014377766,-6.21191516597641,-0.4135163068553406,4.623107429990038,1.2773852468459859,2.6896777005112407,2.737597525987991,0.5725557716276464,5.079064495480912,-0.18399292912474088,0.8662771255267719,-3.599524090212708,-1.5895398973335984,2.3273664584874303,-1.6230271024264464,2.925818247743415,-0.6195635310145414,1.7265873035146893,0.871955069932447,0.4876007853663991,0.12979645711801177,-0.5330190349094945,-5.920160710600186,-0.09687776691370717
0.9847049043851014,-0.17681006576352837,-0.975052378716919,0.06183613858587035,-4.144951754397768,4.449597275914415,2.2601776309872776,1.0022221712015371,-0.1853807910840034,-0.9248745431457452,1.4299133994650841,-0.429907215170833,-2.3856411243105584,-1.350472862965437,-0.08497509703520871,-1.8473720808335286,-1.41824636798384,0.7228391953622766,0.2874502786722464,-0.5258344247764741,5.189805594593667,0.6954161368734153,1.0206599660755877,2.3387337132469375,-0.7746263394709861,0.5993096352760977,-0.8614471456405074,2.0934174748004533,1.1552928261461852,-1.6650729576014154,-2.4616174453995723,-0.3311055148237136,2.444265259082951,-2.9899179475643383,-0.18370798910593542,2.2982427851695704,0.6779441107248839,1.3424580061917892,1.3795877420934324,0.422594160877911,2.3641414555714553,-0.04578094408073928,0.4485151674449478,-1.7519947052387785,-0.833948100668572,1.1589962686028332,-0.7322492110038302,1.403027553566538,-0.40362042331516074,0.7916859947741551,0.3407748081924432,0.21460046709485892,-0.008993081104859725,-0.22562002175293175,-2.9160312380903526,-0.13295366630954694
0.8931929130318205,0.05609042467027348,-0.19239909512183298,0.39558664389086634,-2.7796525149759854,2.0935513279708036,1.0022221712015371,0.6915451526943578,0.33763483364727365,-0.10171941656148874,0.9910600427699732,-0.5437513795718245,-0.896786231288866,-1.103109012376068,0.04061734561961508,-1.2071643566228563,-1.5108452775983778,0.4080157354970217,0.4769215033586056,-0.056836311756367296,3.2201279180418934,0.6090758971464376,0.2103150732859837,1.6913015414559174,-0.8568912599744416,0.220906654263469,-0.4554968970706796,1.8940088553040444,0.6668006671332514,-1.2396846231690475,-1.493775886646343,0.12979628712105298,1.8300236634223626,-2.2033622934646173,-0.011051113705301572,1.5711527305903445,0.3914552169266264,0.7330194636813716,0.437579764144475,-0.4108156202245284,1.8805218058551982,-0.2799243727676772,0.06330875992163956,-1.1023623344247555,-0.4390813789314156,0.6974713354736618,-0.5350491656668716,0.8887580934289402,0.11774586226149199,0.7893889085765277,0.6367778921259738,0.27734209488532,0.39104119231333206,-0.16966398333983723,-1.7116151497822063,0.35756463713761266
1.2861144405580816,0.29877652340693023,0.23857094998373712,0.9060185448509712,-1.5397450005511226,-0.24664648093577476,-0.1853807910840034,0.33763483364727365,1.2444299446587621,0.01222659575016458,1.2183237336469643,-0.8153492336369793,0.5887516225177682,-0.8876298752999576,-0.5475822451635531,-0.5967107232933607,-1.6918838725079977,0.27832945889868493,0.42764891999944876,0.41368818106025385,1.501103435826204,0.4697647156075167,-0.167765724136381,0.7998455136326392,-0.42575126863244533,-0.6140989842973311,0.0328865997234812,1.8792624078596234,-0.1682933129012001,-0.21139188078336152,0.20921629455838436,0.3914067363650392,0.7288864563395827,-1.8556572514846572,0.6492032360981961,1.7684495741925537,0.7058251835198864,0.24569230613120951,-1.0451164610825556,-1.243154101058068,1.105412703958639,-0.6331578778745217,-0.5622862361332446,-0.45842822870450023,-0.5628747158376955,0.4786453950417566,0.173683295021938,0.13664293565308525,0.355699473968097,0.9527856001121623,1.0100732835158166,0.4336982353328344,0.9410282368533076,0.22820017029430126,-0.6190109903439356,0.9465986317705575
-0.5065564954176762,0.17664728183242628,0.9821105978332647,0.10886796850132642,0.8398245971245529,-1.5720700732060726,-0.9248745431457452,-0.10171941656148874,0.01222659575016458,1.4323865081349878,-0.9699235833597292,0.02075626953422254,1.0412372695383603,0.08467604487366098,0.9154338878564091,0.37321761594364666,-0.1673348638336391,-0.401801253440256,0.4806870878082294,0.3544171162385261,-1.393659750295171,0.07255569401068719,-1.0930060912327122,-0.004189205034350467,-0.759763040178398,0.25534924876842485,0.16157571358924877,-0.11873288044231077,0.10274234256116055,-0.5179131977169679,-0.2811101051870016,0.6010059169235468,0.31612663859317164,0.8230959049613477,-0.42288328468195624,-1.4120169154798434,-0.855375018471651,-0.5161564301503577,-0.057529202278754216,-0.7005216169078492,0.20137816748327958,-0.08226099972284198,-0.016618323485927837,0.3667907297756015,0.8396352605309886,-0.5434287945137357,-0.49921596063072443,-0.012248219195552067,0.7421289883351803,-0.08790198414933514,0.2241108848361484,-0.021909402323182916,0.19010181473847448,-0.36802211099239035,0.8384568703583888,0.3144508429212965
2.118081931749548,0.16127546251947023,-0.6222360175662401,0.9745876020162606,-4.378263734635153,2.8669971440397206,1.4299133994650841,0.9910600427699732,1.2183237336469643,-0.9699235833597292,2.450720887416446,-1.1363553677939309,-1.1078714039398199,-1.7830328129221245,-0.9122517885373975,-1.85511137289243,-2.6092635598072187,0.8507161490300005,0.4853803517720289,0.022319419848651798,5.127622985937627,0.8968614942420947,0.7586517835751154,2.2554773298486417,-0.6905711265683862,-0.3762515113149311,-0.5280899994765843,3.2992926445518633,0.47921355757947764,-1.0658014022596394,-1.1624183169236233,0.040810581618252295,2.1463002594018836,-4.021369505438857,0.7126013169769744,3.691540019464755,1.417982907197194,1.2203885374321135,-0.27767767925250053,-0.868470335693237,2.5361839048969377,-0.6806980410200472,-0.3291733796147184,-1.648145028245005,-1.3534679260448361,1.3684441108114405,-0.1015215880386785,0.988402748889597,-0.08319692258476893,1.5199162110460318,1.218133078402642,0.599277621813486,0.9453657705699164,0.2201465429138475,-2.6574085853393377,0.839895920625339
-1.1269365919949283,-0.1856462524809571,-0.036395624843253774,-0.6766160457330057,2.26995444960253,-0.9765637055743982,-0.429907215170833,-0.5437513795718245,-0.8153492336369793,0.02075626953422254,-1.1363553677939309,0.7081639885901108,0.16557787966136353,1.0462878911370048,0.23838541038444822,0.9490668987157789,1.6805276733383425,-0.35434337209776456,-0.4847766910871647,-0.18644439521145734,-2.477785991225065,-0.5696954752210767,-0.007101820877370631,-1.3214485274386356,0.6948748653687533,0.18758772015545344,0.22655916037576007,-1.9774729110529699,-0.2772586741961029,0.788287704971718,0.7073778188819358,-0.28090677595431934,-1.366719475372761,2.1190444773713843,-0.31565918851844194,-1.7211519222144014,-0.5537644514576795,-0.5113531951005563,0.29551370225098744,0.8677607756544305,-1.5831443554193652,0.4748624934599145,0.2518401836804675,0.822196809353064,0.5071577030188811,-0.6099681751326892,0.21100565895345663,-0.5500574031858626,-0.2590123447621428,-0.9095910777306501,-0.862230793206401,-0.37004209868668797,-0.6935279296214221,-0.016971681933150688,1.2242012036195933,-0.6806863938244027
-0.6049773714461778,0.28718990031290254,1.1279608584806105,0.24080457222745325,3.6964983102702567,-4.638026953680315,-2.3856411243105584,-0.896786231288866,0.5887516225177682,1.0412372695383603,-1.1078714039398199,0.16557787966136353,2.650727764859548,1.0639307047696331,-0.01842697755888182,1.6764064566578565,0.8504337161670145,-0.6621790333665497,-0.1086153046477066,0.6864204746153655,-4.794361337628092,-0.5343222820461324,-1.1594501020444519,-2.069895084121963,0.5716001284047905,-0.7749604346733042,0.8815176327841289,-1.4851955671285193,-1.1964674999008225,1.547343507371072,2.4959385060248396,0.505295139701204,-2.1719317447264017,2.4427302316324258,0.3588640711897217,-1.830108409493792,-0.5158155183289325,-1.299000239512657,-1.716892390529741,-0.8804201675946419,-1.9795108355127389,-0.16626488958865118,-0.6301203168359635,1.6257577010840185,0.7162401027570148,-1.0430691679843247,0.7447723976793622,-1.3536963229575205,0.5774195084893324,-0.48673240849757304,0.006116154916600212,-0.07492489163236711,0.32926592476347066,0.26867834754522724,2.771071417796908,0.46460119400280275
-1.6822882597559663,-0.18409755255169918,0.16131274489679817,-0.8666410171763725,4.474987307428008,-2.8808550083971007,-1.350472862965437,-1.103109012376068,-0.8876298752999576,0.08467604487366098,-1.7830328129221245,1.0462878911370048,1.0639307047696331,1.8748674569195756,0.07984324968381584,1.9199969876033516,2.732117289458932,-0.6623600548796404,-0.8456903528974472,-0.06516430990757746,-5.076280641180932,-1.033509283743665,-0.2053870156950576,-2.6994522914056547,1.40533360076586,-0.13231787844175844,0.6407908565310408,-3.3341225985196954,-0.9133406159869004,1.8795387173167577,2.1019506876450826,-0.33754445569830377,-2.890097927127809,3.744676121641901,-0.1751659780425483,-2.779583794279011,-0.7572172243634184,-1.1166584655718528,-0.2942773967146741,1.0208882997651552,-3.0791947859410085,0.6109717564963648,0.08974302456086515,1.7244306639561136,0.7806621892233401,-1.1389720887482804,0.737457820579166,-1.327114453806864,-0.3144591453107289,-1.4424614679376113,-1.2530627196874433,-0.5389481643049154,-0.8746011546373837,0.18679891209911234,2.636798363340525,-0.8331019648778942
-0.6802938234837501,-0.025087105642840737,0.44460540316744995,-0.26630959633792817,0.23054594362996372,-0.014033224438129932,-0.08497509703520871,0.04061734561961508,-0.5475822451635531,0.9154338878564091,-0.9122517885373975,0.23838541038444822,-0.01842697755888182,0.07984324968381584,0.944234331538459,0.06524374063613463,0.1868468082898387,-0.2512966883947686,0.2897532003961715,-0.018952529021547267,-0.39148747351786967,0.04789714344383834,-0.5516051337055511,0.27899856784474963,-0.6438014584082948,0.6145696717039832,-0.10698847662726191,-0.319514947255123,0.4533066849783069,-0.7675263632617405,-0.9552129655544128,0.24091564173988403,0.5952817123486099,0.647326465054459,-0.6564171582271469,-1.2695211948597562,-0.805728657924784,-0.16915412200235244,0.7405720526228547,0.050729725608894737,0.32729658570564957,0.18045146461918787,0.33351360698588145,0.028288721023963164,0.6937660407698567,-0.33440279756660163,-0.6667357540266882,0.2998796997545036,0.3510468027134267,-0.25475846886208087,-0.14270056391682046,-0.13929154709149347,-0.2332132294947455,-0.4506141123079577,0.1730455576713715,-0.16697296116477864
-1.623704397668359,-0.07626504664895975,0.46321497039431286,-0.6778712727507146,4.914647199395309,-3.811159751436727,-1.8473720808335286,-1.2071643566228563,-0.5967107232933607,0.37321761594364666,-1.85511137289243,0.9490668987157789,1.6764064566578565,1.9199969876033516,0.06524374063613463,2.1344897248373114,2.5973707027850375,-0.7608090048386863,-0.759000832063666,0.14068267329565048,-5.74763054582276,-1.0432720245733986,-0.5104173323532771,-2.918044911336114,1.3730800774993774,-0.33505201554709624,0.8044786111717968,-3.2981065157333025,-1.1288605554635878,2.061088110686393,2.5242746273350796,-0.14539988126082992,-3.110904732940514,3.9269013525126177,-0.04921590064453276,-2.9211551456808467,-0.8015659376875853,-1.334545422897405,-0.7443609333676849,0.6269497809130047,-3.219107312149732,0.4788499512936667,-0.10277273121064587,1.9514877961571508,0.8790749640989318,-1.2806984811816184,0.8474513771351823,-1.5306251362810697,-0.10461551676257126,-1.382412194754666,-1.0777858822533928,-0.48592188838858674,-0.6593190469826231,0.2370873182678297,3.0659726156076523,-0.5846404301174629
-2.6023767543497986,-0.4025457477577746,-0.09492545718859395,-1.5242500395767205,6.129707706166088,-3.1701379386572013,-1.41824636798384,-1.5108452775983778,-1.6918838725079977,-0.1673348638336391,-2.6092635598072187,1.6805276733383425,0.8504337161670145,2.732117289458932,0.1868468082898387,2.5973707027850375,4.223607129542672,-0.8792848207387366,-1.3419716822915064,-0.3419436599699969,-6.755390119387438,-1.5191042541869288,0.027396922959217387,-3.730487820826045,2.0882788680591884,0.07749187517595031,0.7505726992838977,-5.0065255382617275,-1.074504905585086,2.531468783604926,2.5652792930324013,-0.7159698986943518,-3.9935443484360253,5.374363371587693,-0.44506108614236983,-4.024337945544708,-1.1141734894263229,-1.4070742747783658,0.1379421904878769,1.985181350750126,-4.384717699934811,1.0728407227237415,0.37966573804751774,2.290517876499526,1.0790597303103973,-1.5395709199976821,0.9272598454572748,-1.7110223419678094,-0.6966590998688912,-2.225082974197016,-2.0750106319868977,-0.8699718421317666,-1.5658249809138676,0.1930465929749373,3.4119507115951118,-1.5400399567404186
0.6930870178193496,0.011493625158696142,-0.31809495941942917,0.25473623841937365,-1.7615108604393728,1.4341066471001873,0.7228391953622766,0.4080157354970217,0.27832945889868493,-0.401801253440256,0.8507161490300005,-0.35434337209776456,-0.6621790333665497,-0.6623600548796404,-0.2512966883947686,-0.7608090048386863,-0.8792848207387366,0.33138763612107247,0.16345607704692475,-0.07972104288838824,2.119042384056105,0.3347032679958939,0.36059071669022263,0.9356678666371164,-0.28926512069164134,-0.0032484980996765954,-0.26961827534880706,1.1616883209078301,0.30112708202385863,-0.5254865417553126,-0.6767214756488452,-0.04669128741743478,0.9219514810299186,-1.49032691198674,0.15460097764469438,1.303726145303162,0.4713718135807474,0.5227296473050208,0.1466015465790559,-0.14700057628461072,1.0087428157779808,-0.17832503854741466,-0.012677875889346666,-0.6935250405950282,-0.4793126674704206,0.5315708049210742,-0.13617686463104323,0.46940287560090965,-0.09051513465168134,0.5083900795689308,0.3588889974906724,0.1850796626563906,0.2355549718240472,0.023319940358272992,-1.1346281429385294,0.188468196186616
0.607581290663294,0.15229453980251623,0.2840932654258137,0.4496059148745854,-1.7814575503402263,0.7600942218137884,0.2874502786722464,0.4769215033586056,0.42764891999944876,0.4806870878082294,0.4853803517720289,-0.4847766910871647,-0.1086153046477066,-0.8456903528974472,0.2897532003961715,-0.759000832063666,-1.3419716822915064,0.16345607704692475,0.5700640638541064,0.1628712024995232,1.8583290605136769,0.509273341099871,-0.30320948066566616,1.2556847223004908,-0.9302247635893016,0.14776897816053752,-0.23756213454038946,1.5185669276170544,0.4581933832815151,-1.059795693327162,-1.0725249980237135,0.37823199697719945,1.4594105976074554,-1.4527429603375308,-0.06584765515275204,0.7915478561882042,0.04703044243353039,0.3318618738515154,0.10478702973315372,-0.7391066336954852,1.509070708486922,-0.31885460928349274,-0.05317549407770996,-0.6695058630350997,-0.06225400771090879,0.3346404299726016,-0.5206096148206178,0.6110164197131411,0.41837141061822525,0.645123644396925,0.6713275726387488,0.24576245563957438,0.48314448370643737,-0.2176931126621859,-0.9221377581805218,0.5091112705026157
0.17796093948845707,0.14476512872910213,0.36384498838370494,0.28760424499373044,0.2539254509734737,-0.9610749961094833,-0.5258344247764741,-0.056836311756367296,0.41368818106025385,0.3544171162385261,0.022319419848651798,-0.18644439521145734,0.6864204746153655,-0.06516430990757746,-0.018952529021547267,0.14068267329565048,-0.3419436599699969,-0.07972104288838824,0.1628712024995232,0.2579649851734002,-0.5014922097963819,0.054983656255414286,-0.3653193943424541,-0.09380319545992041,-0.1334780612897935,-0.2386953288850865,0.15994930097778884,0.25850563902407275,-0.20472101083182473,0.09896086786087657,0.38067619862612445,0.25984313078838167,-0.08280803268913638,-0.014457698838398881,0.1637254156434087,-5.752963207622711e-4,-0.009351671020201718,-0.19727391942249017,-0.5327077166184083,-0.5515703631688105,0.027973979101329382,-0.2015915159477247,-0.24171606545292185,0.1686405362497566,0.07397300961322308,-0.10263275662854986,0.08500861428336831,-0.16383828418590785,0.28066503810274906,0.16614569362681622,0.29651593446197344,0.0996034638778792,0.32098181300572665,0.04792886126736147,0.3595601515629549,0.35950322825164777
4.377730521261332,0.13360951932045587,-1.5233203335539613,1.7133296647174638,-13.217219057821595,10.603834423874435,5.189805594593667,3.2201279180418934,1.501103435826204,-1.393659750295171,5.127622985937627,-2.477785991225065,-4.794361337628092,-5.076280641180932,-0.39148747351786967,-5.74763054582276,-6.755390119387438,2.119042384056105,1.8583290605136769,-0.5014922097963819,15.592355773439701,2.726143699743879,1.6751025629975427,7.717735994451657,-3.416019508361536,0.8628900361547833,-2.1895936539957814,8.688379999595494,2.988998985722479,-5.330175338212995,-6.658162469090325,0.19325502273930933,8.14693839250973,-10.560685645511747,0.20475457773072767,8.05224979079882,2.324841960224925,3.6810017178869496,2.0692709485487506,-1.390058992282107,8.441488985603065,-1.2092348203900112,0.3165413136715804,-5.26793743869488,-2.5366417911010175,3.5293638253778057,-2.129531212933651,4.070234100273643,0.047738323570155713,3.6411716292106324,2.739180104400286,1.270641226115734,1.6389217634755928,-0.5443810445704934,-8.356307453878475,1.4050398285614922
0.8767506200323999,0.1109710174252694,-0.01568792806525652,0.4758308937169168,-2.429803285755023,1.5130070059186118,0.6954161368734153,0.6090758971464376,0.4697647156075167,0.07255569401068719,0.8968614942420947,-0.5696954752210767,-0.5343222820461324,-1.033509283743665,0.04789714344383834,-1.0432720245733986,-1.5191042541869288,0.3347032679958939,0.509273341099871,0.054983656255414286,2.726143699743879,0.5803746914624343,0.029335352535520536,1.5119729455087392,-0.8512449311887355,0.11473186974795015,-0.3518104242873279,1.8318985291764105,0.5331113652114958,-1.1068021060927287,-1.225513832912371,0.23144484185213982,1.6495552893309684,-2.006591241913731,0.04503004297851965,1.4103409047039432,0.3378785869023452,0.5844132036452231,0.1929154551469775,-0.6038110499870138,1.736478433312244,-0.33605872473504433,-0.036094754093384564,-0.9366134420228194,-0.35674644913364495,0.5880353518873914,-0.4667308259966612,0.7499062004548511,0.23127011382513885,0.7853876751999659,0.702383402466648,0.29210158430764044,0.48622323508784265,-0.14400683874396525,-1.4110588441042722,0.472961927376211
0.3725133201027795,-0.17626381759233484,-0.8337354418697775,-0.15168200130429282,-1.12637317252062,1.8363634683212664,1.0206599660755877,0.2103150732859837,-0.167765724136381,-1.0930060912327122,0.7586517835751154,-0.007101820877370631,-1.1594501020444519,-0.2053870156950576,-0.5516051337055511,-0.5104173323532771,0.027396922959217387,0.36059071669022263,-0.30320948066566616,-0.3653193943424541,1.6751025629975427,0.029335352535520536,0.9064184005526009,0.33874663880119954,0.396640333433669,0.004369222929697906,-0.261650311050976,0.25905914823327714,0.15686752553038769,0.05935589822859867,-0.278834140571072,-0.4877560555963083,0.15758177576002574,-0.8771897150269112,0.17468531419502215,1.1435646697907058,0.6024460186610535,0.5485066597095654,0.38990703913299996,0.6552187272908591,0.17918341637784183,0.10958689244977446,0.1481072312132648,-0.5033679370493236,-0.6347483032722236,0.5096751981746298,0.17459800927174265,0.24443555867051006,-0.588387782232489,0.10112701166545121,-0.1870076421710476,0.00827837152891074,-0.22043059262547648,0.17456738204480865,-0.99992264758537,-0.32357414406479873
2.0903378059883795,0.16015303133047515,-0.3158575303904283,0.9723265895154833,-6.716985522222995,4.943198665604624,2.3387337132469375,1.6913015414559174,0.7998455136326392,-0.004189205034350467,2.2554773298486417,-1.3214485274386356,-2.069895084121963,-2.6994522914056547,0.27899856784474963,-2.918044911336114,-3.730487820826045,0.9356678666371164,1.2556847223004908,-0.09380319545992041,7.717735994451657,1.5119729455087392,0.33874663880119954,4.1799095634754755,-2.24958364146067,0.6149405503956128,-1.106224077911751,4.627547440644007,1.682482106785251,-3.167162412603248,-3.7723363351580894,0.4142560767616981,4.583180257611707,-5.275408837540629,-0.12311304722176408,3.6029680341599204,0.8009784626356525,1.7254509239284794,1.1141065250202278,-1.1018043931882608,4.676067009981857,-0.689157151028217,0.17373213967233103,-2.6631821382090433,-0.9271670392710536,1.6243729606480017,-1.4238823114418173,2.2043387912227885,0.41002527211591355,1.9162204710192074,1.5889605928406063,0.6714214852126904,0.9740041570661249,-0.4939122162549068,-4.091364635755933,0.9121616584146615
-0.8470824157563772,-0.17738906062587537,-0.3492376578336751,-0.574059123974086,3.1690869376288453,-1.8394415988130066,-0.7746263394709861,-0.8568912599744416,-0.42575126863244533,-0.759763040178398,-0.6905711265683862,0.6948748653687533,0.5716001284047905,1.40533360076586,-0.6438014584082948,1.3730800774993774,2.0882788680591884,-0.28926512069164134,-0.9302247635893016,-0.1334780612897935,-3.416019508361536,-0.8512449311887355,0.396640333433669,-2.24958364146067,1.6162836996648593,-0.47493401997969475,0.512605779866258,-2.4192445205464668,-0.9663698770467462,1.9860407439784273,2.1918594850004016,-0.5395806593591133,-2.6388693853282734,2.3950379959487407,0.2985702824087213,-1.178241679838433,0.029455015454237177,-0.6558576721982438,-0.5830953725230261,0.9552257691778521,-2.6239856915816002,0.4097549204712241,-0.09109140247700824,1.2400812303790516,0.04857419941743835,-0.5841907038460545,1.037549170702177,-1.1841113970030372,-0.6128045298584138,-0.9793099701198669,-0.9676752398333915,-0.34683628239719133,-0.6177943316616997,0.46535686034648277,1.7597491870854245,-0.6504601442585335
-0.38179594265988115,-0.12412767653741526,-0.06616786066207188,-0.32098192396242115,-0.6630361794763302,1.239762757105095,0.5993096352760977,0.220906654263469,-0.6140989842973311,0.25534924876842485,-0.3762515113149311,0.18758772015545344,-0.7749604346733042,-0.13231787844175844,0.6145696717039832,-0.33505201554709624,0.07749187517595031,-0.0032484980996765954,0.14776897816053752,-0.2386953288850865,0.8628900361547833,0.11473186974795015,0.004369222929697906,0.6149405503956128,-0.47493401997969475,0.6300597070850734,-0.2976046561150292,-0.008832117622267373,0.596582874013127,-0.8277313365779284,-1.2339265439349822,-0.03786111063921977,0.83318142679294,-0.055700230164036774,-0.548841964665243,-0.4561320366216811,-0.41184505829935775,0.2155726962339563,0.9999212661023223,0.4026542302129091,0.5843324411926434,0.22053453186029967,0.42314441601158886,-0.3589444289670444,0.27789021117211865,0.025932073016002963,-0.602102688421285,0.5142548598427222,0.011059305460418627,-0.1282763558093763,-0.19944917749123003,-0.11048658394092613,-0.3290409354948869,-0.35786086181690235,-0.5579473819415351,-0.32687976210286407
-0.4112842201964294,0.036803636538527106,0.2581986938364222,-0.08485287059808351,1.812649458784582,-1.7463405106595242,-0.8614471456405074,-0.4554968970706796,0.0328865997234812,0.16157571358924877,-0.5280899994765843,0.22655916037576007,0.8815176327841289,0.6407908565310408,-0.10698847662726191,0.8044786111717968,0.7505726992838977,-0.26961827534880706,-0.23756213454038946,0.15994930097778884,-2.1895936539957814,-0.3518104242873279,-0.261650311050976,-1.106224077911751,0.512605779866258,-0.2976046561150292,0.3649075200963513,-1.0158718293681577,-0.5430236543183561,0.8688066983914511,1.1744703739985196,0.026074398413800225,-1.210674402937367,1.2976110110098429,0.13594258626349687,-0.8681033047970911,-0.18290819291981547,-0.5320684623184927,-0.5814034974805901,-0.015580275950257185,-1.1679346389065182,0.061605461210007505,-0.180453485221095,0.7562699013017786,0.2517547398347759,-0.4521231073406866,0.42117864193379057,-0.6480342809725916,0.03493030894381203,-0.38602421710358586,-0.2383955170646055,-0.1120459097183212,-0.0686294299602157,0.16207411205425046,1.211087349175148,-0.03471345454827017
3.166325729075837,0.4061670761053044,-0.16343470906803678,1.7231245958354533,-7.7415946338968835,4.523438251446268,2.0934174748004533,1.8940088553040444,1.8792624078596234,-0.11873288044231077,3.2992926445518633,-1.9774729110529699,-1.4851955671285193,-3.3341225985196954,-0.319514947255123,-3.2981065157333025,-5.0065255382617275,1.1616883209078301,1.5185669276170544,0.25850563902407275,8.688379999595494,1.8318985291764105,0.25905914823327714,4.627547440644007,-2.4192445205464668,-0.008832117622267373,-1.0158718293681577,6.0391397600444385,1.4066424152299868,-3.100769271291154,-3.30259965915851,0.6902320532781051,4.910784026231161,-6.683730086205694,0.5141482076628233,5.096391763467546,1.465699661930919,1.8785218362700946,0.09137315266328733,-2.0991025026341763,5.350712746917978,-1.2127119787027938,-0.34911890490253167,-2.933738512879892,-1.4515721232755026,1.9990027343910328,-1.125701549994423,2.1813812822968175,0.6413584158970854,2.6633265625223923,2.3828486631071906,1.0234702748150835,1.749430189943178,-0.22021759496374776,-4.453520959981916,1.6859054270166152
0.40365339028293984,-0.04263343984595574,-0.18611189949136714,0.07577299960833095,-2.5251133476224066,2.4060454539630234,1.1552928261461852,0.6668006671332514,-0.1682933129012001,0.10274234256116055,0.47921355757947764,-0.2772586741961029,-1.1964674999008225,-0.9133406159869004,0.4533066849783069,-1.1288605554635878,-1.074504905585086,0.30112708202385863,0.4581933832815151,-0.20472101083182473,2.988998985722479,0.5331113652114958,0.15686752553038769,1.682482106785251,-0.9663698770467462,0.596582874013127,-0.5430236543183561,1.4066424152299868,0.9060223312959501,-1.4926344369047846,-1.959570364357965,0.07250407254995346,1.9361941944068721,-1.679642907476988,-0.385008131819251,0.8562186155699256,0.007976003413883598,0.6930046090772289,1.010577917963733,-0.03278291893410088,1.8032323135997217,-0.05822864420116147,0.33670478802452475,-1.066958113346648,-0.13507880508492678,0.5366360479727864,-0.8125962172204813,1.0149324260110149,0.09741984453594996,0.5009035419425267,0.33912035845218863,0.13128557230834498,0.06706224779055567,-0.37245229483477693,-1.6563938683855262,0.043909410196668434
-1.0743411333077326,-0.0881158266617206,-0.01167539386970541,-0.5135663405116653,4.6906029436960806,-3.6067470844799883,-1.6650729576014154,-1.2396846231690475,-0.21139188078336152,-0.5179131977169679,-1.0658014022596394,0.788287704971718,1.547343507371072,1.8795387173167577,-0.7675263632617405,2.061088110686393,2.531468783604926,-0.5254865417553126,-1.059795693327162,0.09896086786087657,-5.330175338212995,-1.1068021060927287,0.05935589822859867,-3.167162412603248,1.9860407439784273,-0.8277313365779284,0.8688066983914511,-3.100769271291154,-1.4926344369047846,2.7355522469279707,3.303744110666194,-0.4204188661803774,-3.6446896101262127,3.387321681873279,0.49483080499455495,-1.818075140823113,-0.09097842923815429,-1.1494825233881476,-1.284032554570225,0.7145747299220832,-3.5416614146717356,0.36919720515513554,-0.3435591643151171,1.9029723892802255,0.25352693771990126,-0.9704989471407445,1.426011308001223,-1.7709605817937935,-0.48180918142237955,-1.205873693672119,-1.0284123984979443,-0.3892545429531732,-0.5319524913381847,0.6276485713779565,2.853757773549539,-0.5243539993410923
-1.0240551160500981,0.04835748785369077,0.33795373574065773,-0.2842429070691679,5.672284487830909,-5.157917569222548,-2.4616174453995723,-1.493775886646343,0.20921629455838436,-0.2811101051870016,-1.1624183169236233,0.7073778188819358,2.4959385060248396,2.1019506876450826,-0.9552129655544128,2.5242746273350796,2.5652792930324013,-0.6767214756488452,-1.0725249980237135,0.38067619862612445,-6.658162469090325,-1.225513832912371,-0.278834140571072,-3.7723363351580894,2.1918594850004016,-1.2339265439349822,1.1744703739985196,-3.30259965915851,-1.959570364357965,3.303744110666194,4.260147675527809,-0.23103497007484353,-4.329331323552418,3.8680955455629187,0.774216396050211,-2.0375137573705344,-0.07361681197583878,-1.523258231352802,-2.0705171913373155,0.25604823450894176,-4.082470558343586,0.21032281393157148,-0.6628971634134819,2.3720158236345616,0.3335778974790461,-1.2104980336048556,1.7703514071987831,-2.2313925962492873,-0.2862973565452587,-1.2101847657818114,-0.8765496117321327,-0.3404847996299941,-0.27282675643837234,0.7980357129117872,3.6602461252711205,-0.22781688610061698
0.24568951893154714,0.16502083271818105,0.4624338662407579,0.34452701884102044,-0.3894814050527462,-0.4993367149453145,-0.3311055148237136,0.12979628712105298,0.3914067363650392,0.6010059169235468,0.040810581618252295,-0.28090677595431934,0.505295139701204,-0.33754445569830377,0.24091564173988403,-0.14539988126082992,-0.7159698986943518,-0.04669128741743478,0.37823199697719945,0.25984313078838167,0.19325502273930933,0.23144484185213982,-0.4877560555963083,0.4142560767616981,-0.5395806593591133,-0.03786111063921977,0.026074398413800225,0.6902320532781051,0.07250407254995346,-0.4204188661803774,-0.23103497007484353,0.37978799552496795,0.5464277221271264,-0.41930484846214583,3.662148653570586e-4,0.07249552003533008,-0.12201624282898602,-0.06745563013642342,-0.2667918813037564,-0.6921431598642084,0.608628869003072,-0.2437424922817448,-0.15699011685880596,-0.09761105623704772,0.14977388462980387,-0.017991229779335705,-0.2246114727596944,0.13409813890157918,0.42842564918669757,0.3187204990081592,0.4501034638333527,0.14342451471212023,0.3883560108237415,-0.11204327664570753,-0.011216716494979706,0.4389839345782085
2.055766175501735,0.17829826473926058,-0.16664906222680173,0.9912199472373459,-7.142250759969654,5.232361014377766,2.444265259082951,1.8300236634223626,0.7288864563395827,0.31612663859317164,2.1463002594018836,-1.366719475372761,-2.1719317447264017,-2.890097927127809,0.5952817123486099,-3.110904732940514,-3.9935443484360253,0.9219514810299186,1.4594105976074554,-0.08280803268913638,8.14693839250973,1.6495552893309684,0.15758177576002574,4.583180257611707,-2.6388693853282734,0.83318142679294,-1.210674402937367,4.910784026231161,1.9361941944068721,-3.6446896101262127,-4.329331323552418,0.5464277221271264,5.118080680338258,-5.483122630093193,-0.3233691706363132,3.484126577345698,0.609375116221816,1.787797971191467,1.3830758938852032,-1.2231844006670243,5.144449761286374,-0.7049596382654255,0.2692167652945592,-2.8452148730397173,-0.7744098657180852,1.6358778858900835,-1.7357559850958075,2.454233583358405,0.5784025797092943,2.000618774409674,1.6953497230485157,0.6891809546095593,1.0065402366379996,-0.6692106809203898,-4.320916900188875,0.9643092856377363
-3.6229343867094594,-0.30965067912280586,0.7322697928456003,-1.7268585051780574,9.158072589423117,-6.21191516597641,-2.9899179475643383,-2.2033622934646173,-1.8556572514846572,0.8230959049613477,-4.021369505438857,2.1190444773713843,2.4427302316324258,3.744676121641901,0.647326465054459,3.9269013525126177,5.374363371587693,-1.49032691198674,-1.4527429603375308,-0.014457698838398881,-10.560685645511747,-2.006591241913731,-0.8771897150269112,-5.275408837540629,2.3950379959487407,-0.055700230164036774,1.2976110110098429,-6.683730086205694,-1.679642907476988,3.387321681873279,3.8680955455629187,-0.41930484846214583,-5.483122630093193,7.792732292604148,-0.615363157881481,-6.205507064499321,-1.9371876169748619,-2.4090049701535166,-0.45447049525065975,1.792460954406312,-5.947242597916748,1.2140105915577648,0.2370832792298966,3.531602523042376,1.956478607108467,-2.4945920848216394,1.158724410037688,-2.5648404475526716,-0.3051151919046111,-2.9266451105912115,-2.4271821604703985,-1.098449156569757,-1.709119775272792,0.15790257078736222,5.517788713979958,-1.5728450934135885
0.6396993233458679,0.10833454933086491,-0.10079186797097342,0.3846958339321836,-0.21057551337307198,-0.4135163068553406,-0.18370798910593542,-0.011051113705301572,0.6492032360981961,-0.42288328468195624,0.7126013169769744,-0.31565918851844194,0.3588640711897217,-0.1751659780425483,-0.6564171582271469,-0.04921590064453276,-0.44506108614236983,0.15460097764469438,-0.06584765515275204,0.1637254156434087,0.20475457773072767,0.04503004297851965,0.17468531419502215,-0.12311304722176408,0.2985702824087213,-0.548841964665243,0.13594258626349687,0.5141482076628233,-0.385008131819251,0.49483080499455495,0.774216396050211,3.662148653570586e-4,-0.3233691706363132,-0.615363157881481,0.5481042918282812,0.9866990209197118,0.5761376904159761,0.051573649259130425,-0.7960824360176549,-0.39650376661777376,-0.06913385318382584,-0.26549153374059736,-0.3694006458070342,5.784532488628947e-4,-0.4641269386552367,0.21922678096237913,0.46929783673480696,-0.2387600892116775,-0.06364832032054463,0.3328189348386444,0.32305782466505356,0.17582688085241466,0.38172384124576864,0.3255527467913368,-0.028964539492375336,0.35692915796338515
3.188960154388414,0.2308366458770382,-0.9473764472485228,1.4494569912467952,-6.87122802318144,4.623107429990038,2.2982427851695704,1.5711527305903445,1.7684495741925537,-1.4120169154798434,3.691540019464755,-1.7211519222144014,-1.830108409493792,-2.779583794279011,-1.2695211948597562,-2.9211551456808467,-4.024337945544708,1.303726145303162,0.7915478561882042,-5.752963207622711e-4,8.05224979079882,1.4103409047039432,1.1435646697907058,3.6029680341599204,-1.178241679838433,-0.4561320366216811,-0.8681033047970911,5.096391763467546,0.8562186155699256,-1.818075140823113,-2.0375137573705344,0.07249552003533008,3.484126577345698,-6.205507064499321,0.9866990209197118,5.582967808456543,2.0913968880915026,1.9133408262471268,-0.2425481343030412,-1.2862291341994083,4.036872236897817,-1.013349097124893,-0.42977968427555857,-2.605703073973987,-2.0171046682926828,2.1057784856109127,-0.28424316217889345,1.624792750855034,-0.10606647032921628,2.323503166707289,1.8519924753172547,0.9052421578778893,1.4049545700402697,0.26283214372948266,-4.190688486282526,1.2457309695533239
