V1,V2,V3,V4,V5,V6,V7,V8,V9,V10,V11,V12,V13,V14,V15,V16,V17,V18,V19,V20,V21,V22,V23,V24,V25,V26,V27,V28,V29,V30,V31,V32,V33,V34,V35,V36,V37,V38,V39,V40,V41,V42,V43,V44,V45,V46,V47,V48,V49,V50,V51,V52,V53,V54,V55,V56
520329.97245109756,117429.43427765035,362955.79509662633,840335.6284656312,-41714.51330930154,-502240.45481703593,321405.0665978736,-782831.1804810816,-420637.5716874389,-162391.03716889478,704078.7879006239,-96996.7275294214,187822.50398039893,618441.180907564,-318800.3949040358,579482.8888051491,-598892.5772747131,164691.46279823832,-601757.7517551526,-35051.08849023142,482202.52018897154,32048.497894173037,-455112.11514364905,585607.279457743,-312219.3516787974,-787655.7377786521,-353807.07452843396,592575.5415426012,181042.17453398244,-199192.5156188073,634660.9249373772,1043987.2380129931,480476.131656478,-1434858.5847355262,-191998.1551188189,-323325.0251108006,691170.994727062,-1255573.476787755,-1610125.4103576012,370753.8013698174,-821059.7523070942,-447039.2493934435,208308.52627886442,-130172.67284575877,1071470.541842327,136959.3196213574,263326.47187358857,-1107457.19119743,-603930.0111524943,1037446.9954650516,-784766.4020961366,-315539.8162254582,238002.07719208242,-371988.8517600602,299019.70481019496,-318153.507977285
117429.43427765035,26501.85624001032,81912.73794049925,189649.15781668609,-9414.316144150942,-113347.12920766577,72535.46205485612,-176671.18095496978,-94930.59936444821,-36648.77167429305,158898.47851851518,-21890.524187806306,42388.121449902144,139571.50142267975,-71947.82267564278,130779.21009886352,-135159.55241545473,37168.126044453726,-135806.2576035856,-7910.405295327093,108824.44370667331,7232.763464333243,-102710.97634934308,132161.1510380275,-70462.40609725266,-177760.22456348295,-79848.02170990386,133734.1759146646,40858.039651712425,-44954.08068180524,143231.90274303893,235609.66473548833,108435.34098253546,-323822.6087936743,-43330.619811200624,-72968.84660351266,155985.25360133647,-283361.2106822779,-363377.40125435096,83672.55960284988,-185298.63927979275,-100889.02273893886,47011.6329332137,-29377.88034064715,241812.3893219143,30909.400342868914,59428.32364378253,-249933.7454716359,-136296.36577960086,234133.67464629127,-177108.13058852337,-71211.75940481316,53712.88050714771,-83951.61316784391,67483.74704780064,-71801.64757527158
362955.79509662633,81912.73794049925,253179.68641331614,586175.3573165678,-29097.778455253658,-350337.16446936294,224195.99536335707,-546063.544132455,-293415.53091888275,-113275.687066901,491129.36307900277,-67659.9346666896,131015.36659994684,431393.00207818206,-222378.70335468708,404217.75819762674,-417757.10662414314,114880.27741199135,-419755.6438095461,-24449.85233627061,336360.2470689265,22355.47768755273,-317463.014216955,408490.1244192293,-217788.3370159512,-549428.7038835917,-246797.7889151556,413350.2206897621,126285.82668852732,-138946.89161845323,442707.19441031147,728232.550845068,335155.6564737919,-1000884.3161345045,-133928.26681337436,-225534.9470592063,482125.88799206214,-875824.1919062503,-1123141.5612775134,258619.09254495837,-572729.9219784819,-311831.616167927,145305.42380874514,-90801.6953555875,747403.2776282161,95535.77302031015,183682.9685013242,-772505.9674972439,-421271.0010474352,723670.3135227815,-547412.9713898558,-220104.7005069067,166018.2355811448,-259480.19421271575,208580.61771451385,-221927.78138016892
840335.6284656312,189649.15781668609,586175.3573165678,1357146.893145646,-67369.37853093953,-811121.2880455941,519070.730422479,-1264276.5103237096,-679331.5468915668,-262262.7925167404,1137091.3722081266,-156650.25969355195,303335.1255143331,998786.1077179456,-514864.7994149232,935868.2792147666,-967214.8945500352,265977.5790664468,-971842.0794003492,-56607.78739143368,778759.8454174709,51758.35687274369,-735008.5441470486,945759.0327275498,-504236.29167839914,-1272068.0641588802,-571400.8323277661,957013.3339571418,292384.19705917494,-321696.7213245432,1024981.089714387,1686045.2164562813,775971.0946821737,-2317305.0746769407,-310077.8200298201,-522172.1812533054,1116244.666111282,-2027757.968970969,-2600361.510707429,598769.6391543115,-1326015.8253444247,-721971.5197759281,336419.41295749944,-210229.46665752263,1730430.8821377326,221190.13191466287,425273.9584376424,-1788549.4924435527,-975350.4456817203,1675482.9082691397,-1267402.707921274,-509598.3593601525,384374.5899777343,-600764.4273811025,482918.86552142864,-513819.71521399333
-41714.51330930154,-9414.316144150942,-29097.778455253658,-67369.37853093953,3344.4038384647606,40264.6247443527,-25766.69439386878,62758.87415351793,33722.08964602711,13018.916289893992,-56445.87496791307,7776.228958613964,-15057.829541947978,-49580.26841597838,25558.364196186714,-46456.93400683062,48012.847361317166,-13203.331766765441,48242.589757973714,2810.0506137562693,-38657.69422752131,-2569.217773157295,36486.163300487984,-46947.615617168856,25030.53539086823,63145.81903552912,28364.655456343433,-47506.909813046186,-14514.065234057642,15968.816602964245,-50880.486354597124,-83695.82958251775,-38519.50465173835,115032.0767349968,15392.24270520469,25921.03233658968,-55410.646574873885,100658.70618963701,129083.02907957834,-29723.103646046802,65823.55926985298,35839.249382294125,-16700.001360031598,10435.98860575688,-85899.3600275745,-10980.053377979973,-21110.977077904692,88784.17373213901,48416.678130213244,-83171.63265091936,62914.60418796935,25296.482150240085,-19080.413606414168,29822.521889439064,-23972.632327617728,25506.151653916382
-502240.45481703593,-113347.12920766577,-350337.16446936294,-811121.2880455941,40264.6247443527,484780.5071043031,-310230.98587357305,755615.1783473782,406013.7009370259,156745.55927651725,-679601.7843578557,93624.73407081442,-181292.92014241638,-596941.2094519114,307717.7666654521,-559337.1267502245,578071.7227212278,-158966.1967425844,580837.4402697544,33832.54112433981,-465437.9776231612,-30934.16048827692,439290.1857641576,-565247.9148176007,301364.9807869279,760272.4853366341,341506.9596120842,-571975.2989481953,-174748.1709129318,192266.8166858542,-612596.7883793557,-1007692.4850551495,-463772.4579395653,1384975.5777739952,185323.04219225308,312084.8830059107,-667141.9641146479,1211923.2620963028,1554149.1886574544,-357864.2481097803,792514.5475026261,431498.3368264451,-201066.66389808687,125647.5275288948,-1034220.857522474,-132198.09324694544,-254172.3030308983,1068955.888559376,582933.9484532378,-1001379.8323148766,757484.1851747825,304569.62663501647,-229727.6844396226,359057.29022839543,-288624.95188505406,307092.6659486058
321405.0665978736,72535.46205485612,224195.99536335707,519070.730422479,-25766.69439386878,-310230.98587357305,198530.3236536523,-483550.87972380884,-259825.68387968888,-100308.03277807923,434905.47765412385,-59914.304872626344,116016.90239626761,382007.66377129947,-196921.05977711975,357943.41314259364,-369932.8017045778,101728.91431957319,-371702.5413580824,-21650.86251770748,297854.1678749446,19796.25175589814,-281120.2335691162,361726.6999879619,-192856.20546103432,-486530.78616419435,-218544.69100251564,366030.38904670026,111828.78743022257,-123040.44225697841,392026.62828286417,644865.4031247058,296787.4313947745,-886304.3248256593,-118596.32875158993,-199715.98797013122,426932.7218632956,-775560.9220504182,-994565.7070308636,229012.70870930215,-507164.53954829747,-276133.52135940356,128671.03926984484,-80406.81726282006,661841.4705345309,84598.95078778912,162655.15750998943,-684070.4503475109,-373044.4292829922,640825.4399518063,-484745.8187452856,-194907.39671199123,147012.67931219752,-229775.2085453331,184702.55222525442,-196521.7716942447
-782831.1804810816,-176671.18095496978,-546063.544132455,-1264276.5103237096,62758.87415351793,755615.1783473782,-483550.87972380884,1177762.2871687503,632844.8946303431,244315.93911205186,-1059279.0778037086,145930.4586563261,-282577.669674626,-930438.3336682022,479631.6964647593,-871826.2366729942,901028.1550345285,-247776.2686920237,905338.5092271846,52734.08679506084,-725469.7313175116,-48216.69934269668,684711.3617773675,-881040.9984133495,469731.15966658544,1185020.0548345563,532299.5332937294,-891523.5017813047,-272376.234593955,299683.7165436704,-954841.1326581342,-1570668.655329291,-722870.7421916967,2158730.5364896,288859.32573315816,486439.30233894766,-1039859.8275812085,1888997.341448047,2422417.262059483,-557795.8102039243,1235276.9336232245,672566.0545458016,-313398.019330839,195842.93304576952,-1612016.3354741207,-206053.74635248058,-396171.73973486864,1666158.5182235753,908607.1029528623,-1560828.8891859658,1180673.2839484857,474726.72932303254,-358071.8742619375,559652.9618410713,-449871.6077538854,478658.9701285835
-420637.5716874389,-94930.59936444821,-293415.53091888275,-679331.5468915668,33722.08964602711,406013.7009370259,-259825.68387968888,632844.8946303431,340045.9395739078,131277.47811931136,-569180.8055621987,78412.66183799405,-151836.11928676555,-499950.94970570615,257719.62520896032,-468456.82888602896,484147.8086696663,-133137.4898508718,486464.10972967744,28335.41750469662,-389814.8987019111,-25908.27420875006,367915.0456827119,-473407.90533947333,252399.50725094182,636745.2266038689,286019.13601271703,-479040.77312059014,-146355.36839299672,161028.445038388,-513063.05225660536,-843964.658722757,-388419.8231110243,1159946.7576268439,155212.49519823075,261377.2840380422,-558746.4530256565,1015012.252143101,1301633.7251761311,-299719.1348036498,663749.0864208956,361388.377465069,-168397.70633696287,105232.38311872772,-866182.358652795,-110718.58394611166,-212874.32776777467,895274.1386300557,488220.03978784196,-838677.3372593846,634408.7814464377,255084.15201614655,-192402.16811502658,300717.4828042926,-241728.83449905185,257196.90992143302
-162391.03716889478,-36648.77167429305,-113275.687066901,-262262.7925167404,13018.916289893992,156745.55927651725,-100308.03277807923,244315.93911205186,131277.47811931136,50681.462085298546,-219737.93513122553,30271.93107090185,-58618.87352886473,-193011.06887490972,99495.5330098889,-180852.577833121,186910.15462057598,-51398.840504537184,187804.1903431408,10939.285773343663,-150492.26244090917,-10001.992770059482,142037.05300146612,-182764.01904352452,97441.74304518863,245821.302794547,110421.10753166676,-184938.84599905854,-56502.04885901,62166.458126487174,-198073.24926073244,-325820.9490047973,-149952.39073459615,447809.4099774159,59921.00287402776,100907.81518573531,-215709.15207119912,391855.0834035265,502508.36522067344,-115709.86702491589,256246.8179335124,139518.26451923113,-65011.54199015468,40625.662170978685,-334398.0524402493,-42744.01141091119,-82182.39130261385,345629.39822213916,188482.4132156714,-323779.9652422964,244920.45310963836,98477.58593872767,-74278.68456846742,116095.16335778983,-93322.03634033048,99293.49081165776
704078.7879006239,158898.47851851518,491129.36307900277,1137091.3722081266,-56445.87496791307,-679601.7843578557,434905.47765412385,-1059279.0778037086,-569180.8055621987,-219737.93513122553,952717.1394403691,-131250.1731773216,254150.44752205152,836837.3700815056,-431381.9268237673,784121.2548323111,-810384.9867517565,222850.6598963782,-814262.0294431736,-47429.0505880496,652486.7872477514,43365.89804017346,-615830.1814123066,792407.8426343739,-422476.439028584,-1065807.6533488291,-478750.5298466952,801838.087081522,244975.31055190272,-269534.5837229494,858784.7451083531,1412660.0110984081,650151.0291248831,-1941563.9572552878,-259799.95563687017,-437504.2678155633,935250.2973051866,-1698965.8516436075,-2178724.1654771855,501681.4935146744,-1111007.5399907355,-604907.0685130947,281870.4798292963,-176141.94310626443,1449849.1097098761,185325.2122244115,356317.822172307,-1498543.6709229543,-817201.3038192837,1403810.402344007,-1061898.8465523005,-426968.985609667,322049.797549267,-503353.4243321656,404616.02245340066,-430505.93320316816
-96996.7275294214,-21890.524187806306,-67659.9346666896,-156650.25969355195,7776.228958613964,93624.73407081442,-59914.304872626344,145930.4586563261,78412.66183799405,30271.93107090185,-131250.1731773216,18081.569996190563,-35012.67754104736,-115286.09159756439,59428.92660874606,-108023.6730936589,111641.8421306761,-30700.85531078073,112175.9996469116,6534.00523693046,-89889.07231347906,-5974.258311658797,84839.27220096471,-109165.1836957575,58201.99866402672,146829.9607304062,65954.5308419704,-110464.46884348604,-33748.76187381548,37132.09612365515,-118309.60372381593,-194613.65908578003,-89567.53899553847,267477.59117134014,35791.08778994162,60272.316652636175,-128843.83738612646,234056.39677917297,300149.8062648929,-69113.58959674869,153056.7509752,83334.39715910831,-38831.61555543908,24266.0976700589,-199737.07099856727,-25531.165956229943,-49087.805944500804,206445.34647037662,112580.86285740208,-193394.50126570824,146291.40216333003,58820.93214459145,-44366.85466344802,69344.04432159959,-55741.583742381634,59308.19213715366
187822.50398039893,42388.121449902144,131015.36659994684,303335.1255143331,-15057.829541947978,-181292.92014241638,116016.90239626761,-282577.669674626,-151836.11928676555,-58618.87352886473,254150.44752205152,-35012.67754104736,67799.71387190277,223237.9972033511,-115077.3777162346,209175.52074941839,-216181.7604693885,59448.08234441776,-217215.64534865718,-12652.538302752211,174060.82596575597,11568.303743902507,-164280.93442745064,211386.45973111136,-112702.11747358591,-284318.4160453922,-127714.25449878893,213901.75730805646,65350.763074896386,-71902.2012240001,229093.09230802918,376846.9734672903,173435.3567012884,-517939.93667994504,-69304.89769034256,-116711.0179669775,249490.5295271773,-453222.1285187156,-581204.6653204251,133831.14640567757,-296377.04507033015,-161368.23217248937,75192.77674868733,-46987.63738276546,386767.0339336587,49438.00348524681,95052.77767653229,-399757.51496187854,-218000.35666730977,374486.48261679994,-283277.1728701175,-113899.84443986048,85911.25294397393,-134276.5183253649,107936.96648690045,-114843.66102343895
618441.180907564,139571.50142267975,431393.00207818206,998786.1077179456,-49580.26841597838,-596941.2094519114,382007.66377129947,-930438.3336682022,-499950.94970570615,-193011.06887490972,836837.3700815056,-115286.09159756439,223237.9972033511,735052.1792814498,-378912.5408740619,688748.0110886937,-711817.3228612976,195745.1036099806,-715222.7535456645,-41660.228577955066,573124.5061413865,38091.29525100415,-540926.2675144259,696026.8389339965,-371090.3514782206,-936172.7050498032,-420519.78444772545,704309.8079360988,215178.79818445005,-236751.03136609605,754330.1470839895,1240837.2117079967,571072.5846743688,-1705410.1235763056,-228200.32619277915,-384290.27653397986,821495.1534361921,-1492319.3506544535,-1913724.3149096346,440661.67779515777,-975875.055008026,-531331.727457263,247586.35722552796,-154717.5768038285,1273502.8466434143,162783.93322716956,312978.5514185719,-1316274.7757733173,-717804.5954736676,1233063.9623617043,-932739.2902050199,-375036.50100686407,282878.6807023197,-442130.0508870414,355402.14842485305,-378143.2219102503
-318800.3949040358,-71947.82267564278,-222378.70335468708,-514864.7994149232,25558.364196186714,307717.7666654521,-196921.05977711975,479631.6964647593,257719.62520896032,99495.5330098889,-431381.9268237673,59428.92660874606,-115077.3777162346,-378912.5408740619,195326.1586299579,-355043.1212353998,366934.95353364176,-100904.81620364457,368690.44690984313,21475.48397382944,-295439.97001973,-19635.5757921709,278842.3515729044,-358794.9432905294,191293.64462634106,482587.85449289484,216774.1209841065,-363065.48976839974,-110922.63172953378,122042.48658085009,-388850.0353901976,-639639.5991347414,-294382.3223120953,879122.8559341168,117634.8812840624,198098.2729348984,-423472.6413396168,769276.3148157696,986506.6453538697,-227156.86345096285,503053.81440189073,273896.87736723537,-127628.40607215608,79755.51916860064,-656478.6256211738,-83913.66448723838,-161337.7133030661,678526.9187440751,370021.32462978055,-635632.7323143798,480818.56164352427,193327.50172227144,-145821.1414978277,227914.23761765382,-183206.84828804125,194929.16046186793
579482.8888051491,130779.21009886352,404217.75819762674,935868.2792147666,-46456.93400683062,-559337.1267502245,357943.41314259364,-871826.2366729942,-468456.82888602896,-180852.577833121,784121.2548323111,-108023.6730936589,209175.52074941839,688748.0110886937,-355043.1212353998,645360.8363170562,-666976.9919618358,183414.1375338823,-670167.798597164,-39035.90151860693,537021.2468990799,35691.7741926716,-506850.90336206753,652181.3735442667,-347713.8868262586,-877199.1098808872,-394029.574858873,659942.1653691804,201623.8001223043,-221837.25915481805,706811.7038697768,1162671.658703316,535097.9647518825,-1597979.094387907,-213825.00507055677,-360082.216557812,769745.6280957977,-1398311.6027292688,-1793170.497646974,412902.6669250259,-914400.7566342606,-497860.88193985407,231989.80313953944,-144971.050499674,1193279.3022961414,152529.41305894734,293262.59017377236,-1233357.0671596758,-672587.166062847,1155388.0751213494,-873982.0958753305,-351411.4171831474,265058.98161245824,-414278.20236806286,333013.66271363554,-354322.4308344283
-598892.5772747131,-135159.55241545473,-417757.10662414314,-967214.8945500352,48012.847361317166,578071.7227212278,-369932.8017045778,901028.1550345285,484147.8086696663,186910.15462057598,-810384.9867517565,111641.8421306761,-216181.7604693885,-711817.3228612976,366934.95353364176,-666976.9919618358,689317.3187387871,-189557.41963227824,692614.9283496118,40343.39384252591,-555008.9472094947,-36887.33552540338,523827.67430446605,-674026.2992525165,359360.4759458957,906580.7681438652,407227.46825239476,-682046.4020800252,-208377.1542537902,229267.97720298756,-730486.1855564106,-1201615.1885724522,-553020.8376653129,1651502.9175224116,220987.13416639247,372142.9327545238,-795528.2044162925,1445147.6517770775,1853232.213045658,-426732.83747034735,945028.7837383,514536.37678720395,-239760.2279924143,149826.65961209917,-1233247.7780800906,-157638.25597041915,-303085.1438151242,1274668.1862746454,695115.4412959309,-1194087.5438812734,903255.7407073233,363182.0261575482,-273937.155293558,428154.01496553613,-344167.53159663535,366190.4470044309
164691.46279823832,37168.126044453726,114880.27741199135,265977.5790664468,-13203.331766765441,-158966.1967425844,101728.91431957319,-247776.2686920237,-133137.4898508718,-51398.840504537184,222850.6598963782,-30700.85531078073,59448.08234441776,195745.1036099806,-100904.81620364457,183414.1375338823,-189557.41963227824,52127.28369377082,-190464.4325259669,-11094.112173660307,152623.1149902071,10143.740226851583,-144049.2630736632,185352.20227568806,-98821.50344567189,-249303.69460096123,-111984.55784678445,187558.44432683123,57302.2346146785,-63046.7677916161,200878.67709848098,330435.85490601003,152077.57466404827,-454152.02769646305,-60769.964899759114,-102336.73885938266,218764.9036912223,-397406.1155815988,-509626.54966590914,117348.35388353761,-259876.02011622372,-141494.00186064583,65932.49179082984,-41201.7006163381,339135.0683711111,43349.57719202394,83346.57258155388,-350524.97731675894,-191151.7504494834,328365.8247504655,-248389.132179169,-99872.45287439617,75330.78113701665,-117739.81622603635,94644.1005175924,-100699.75805118139
-601757.7517551526,-135806.2576035856,-419755.6438095461,-971842.0794003492,48242.589757973714,580837.4402697544,-371702.5413580824,905338.5092271846,486464.10972967744,187804.1903431408,-814262.0294431736,112175.9996469116,-217215.64534865718,-715222.7535456645,368690.44690984313,-670167.798597164,692614.9283496118,-190464.4325259669,695928.4343458795,40536.36015677597,-557663.7796919731,-37063.80642520253,526333.802409885,-677250.5919877784,361079.5220124487,910917.9866963752,409175.47013150784,-685309.4463653765,-209373.98760813166,230364.62214336786,-733980.7911348137,-1207363.6447935333,-555666.9045198002,1659403.6518242103,222044.37407358616,373923.19620105653,-799334.0951792708,1452061.4753800854,1862098.2707664075,-428774.1540949651,949549.5747231994,516997.8524878905,-240907.28078189242,150543.66992104836,-1239147.83556058,-158392.46571580987,-304535.20500058355,1280766.1600469528,698440.715184185,-1199799.9740444836,907576.8307447447,364919.44003138546,-275247.6425875147,430202.48369734525,-345814.20353739866,367942.2327588844
-35051.08849023142,-7910.405295327093,-24449.85233627061,-56607.78739143368,2810.0506137562693,33832.54112433981,-21650.86251770748,52734.08679506084,28335.41750469662,10939.285773343663,-47429.0505880496,6534.00523693046,-12652.538302752211,-41660.228577955066,21475.48397382944,-39035.90151860693,40343.39384252591,-11094.112173660307,40536.36015677597,2361.181821453857,-32482.83306679083,-2158.8680705039837,30657.808384878055,-39448.488979550726,21032.200080061393,53058.9890067682,23833.718967125842,-39917.88932761969,-12195.614301234042,13418.248593823188,-42752.87849572061,-70326.42345088201,-32366.269670776077,96656.87598698097,12933.570459876026,21780.32562326633,-46559.46517476045,84579.46002110788,108463.28515768815,-24975.26545264608,55309.28306414803,30114.14887867646,-14032.33229208524,8768.782090367184,-72177.72445877315,-9226.025885386349,-17738.556705606017,74601.9547822647,40682.76541511668,-69885.89464312948,52864.55539322125,21255.77342873561,-16032.591042897444,25058.409195838558,-20142.971625193513,21431.883019745408
482202.52018897154,108824.44370667331,336360.2470689265,778759.8454174709,-38657.69422752131,-465437.9776231612,297854.1678749446,-725469.7313175116,-389814.8987019111,-150492.26244090917,652486.7872477514,-89889.07231347906,174060.82596575597,573124.5061413865,-295439.97001973,537021.2468990799,-555008.9472094947,152623.1149902071,-557663.7796919731,-32482.83306679083,446870.1875508058,29700.149756949115,-421763.28232587065,542697.6895957773,-289341.8724977512,-729939.7683507242,-327882.37266468315,549154.010329703,167776.42770167327,-184597.27540084562,588156.2081479031,967489.2149241565,445267.859050804,-1329719.3348018364,-177929.3724025865,-299633.537733483,640525.1259648371,-1163570.4354204417,-1492142.6686902614,343587.3485154429,-760897.3068727273,-414282.5660697461,193044.56690434067,-120633.46531771863,992957.7697007788,126923.37738837999,244030.83746150634,-1026308.3005471712,-559677.5074575151,961428.2361349567,-727262.7996521128,-292418.7910254645,220562.5556774516,-344730.6958447123,277108.3856437586,-294841.01003995165
32048.497894173037,7232.763464333243,22355.47768755273,51758.35687274369,-2569.217773157295,-30934.16048827692,19796.25175589814,-48216.69934269668,-25908.27420875006,-10001.992770059482,43365.89804017346,-5974.258311658797,11568.303743902507,38091.29525100415,-19635.5757921709,35691.7741926716,-36887.33552540338,10143.740226851583,-37063.80642520253,-2158.8680705039837,29700.149756949115,1973.9999461433142,-28031.504632148306,36069.118412107375,-19230.322520661575,-48513.817268135484,-21791.780715183337,36498.021442582714,11150.835643355416,-12268.930575452094,39090.34814652366,64301.86534408425,29593.829237933376,-88376.47060851162,-11825.742081569033,-19914.272685004806,42571.08738925865,-77333.98784208858,-99171.69461923993,22835.66134606656,-50571.322856216284,-27534.08568356679,12830.250493625726,-8017.645333568411,65994.56533734647,8435.633031396188,16218.841426599955,-68211.15260282811,-37197.60268529259,63898.96295033891,-48335.5877558128,-19434.989877606204,14659.197074234353,-22911.57090843803,18417.20942365513,-19595.89914970347
-455112.11514364905,-102710.97634934308,-317463.014216955,-735008.5441470486,36486.163300487984,439290.1857641576,-281120.2335691162,684711.3617773675,367915.0456827119,142037.05300146612,-615830.1814123066,84839.27220096471,-164280.93442745064,-540926.2675144259,278842.3515729044,-506850.90336206753,523827.67430446605,-144049.2630736632,526333.802409885,30657.808384878055,-421763.28232587065,-28031.504632148306,398068.7303958317,-512207.39496183,273085.9571609614,688931.420436927,309461.11772839405,-518302.79025245307,-158350.44338706826,174225.5741312877,-555112.9224932146,-913134.4312217132,-420253.69889853895,1255014.3826914902,167933.14718463982,282799.7716024099,-604539.9665002087,1098200.765563175,1408313.4055275281,-324283.6579737925,718148.3052513739,391007.7951634169,-182199.28466903084,113857.06782547434,-937173.2234661697,-119793.00538419047,-230321.4711876083,968649.1085342756,528233.6847613907,-907414.0137710507,686404.3910776692,275990.11934527627,-208170.97628381063,325364.28244295914,-261541.04713159663,278276.2821363708
585607.279457743,132161.1510380275,408490.1244192293,945759.0327275498,-46947.615617168856,-565247.9148176007,361726.6999879619,-881040.9984133495,-473407.90533947333,-182764.01904352452,792407.8426343739,-109165.1836957575,211386.45973111136,696026.8389339965,-358794.9432905294,652181.3735442667,-674026.2992525165,185352.20227568806,-677250.5919877784,-39448.488979550726,542697.6895957773,36069.118412107375,-512207.39496183,659074.7758986477,-351388.882672514,-886469.9779514429,-398194.0564587744,666916.1169750155,203754.75638460688,-224182.5253254151,714281.8017124893,1174959.8493984945,540752.6880262598,-1614867.5123873365,-216085.01258494888,-363887.60814044887,777880.9718108927,-1413089.5857087949,-1812121.597171936,417266.8369957735,-924065.6587810568,-503122.25982025865,234441.55975598117,-146502.69860581725,1205890.2898897566,154141.2243007882,296361.54404257063,-1246392.2828176229,-679695.9084302648,1167599.1335568656,-883218.7050198241,-355125.7108421733,267860.48268196295,-418655.8254529074,336532.4173743278,-358067.3399616702
-312219.3516787974,-70462.40609725266,-217788.3370159512,-504236.29167839914,25030.53539086823,301364.9807869279,-192856.20546103432,469731.15966658544,252399.50725094182,97441.74304518863,-422476.439028584,58201.99866402672,-112702.11747358591,-371090.3514782206,191293.64462634106,-347713.8868262586,359360.4759458957,-98821.50344567189,361079.5220124487,21032.200080061393,-289341.8724977512,-19230.322520661575,273085.9571609614,-351388.882672514,187344.887971788,472625.71157038043,212299.3794313856,-355570.1257950791,-108632.9013419168,119523.71736007351,-380823.00513923814,-626435.6787177057,-288304.8153373647,860974.9898475447,115206.62295122146,194008.8047691779,-414730.91661401873,753395.7520023114,966141.7810350045,-222467.94010811808,492669.91579403006,268242.5881152721,-124993.69689505211,78108.67994877131,-642926.5239801857,-82181.24927955715,-158006.86603196553,664520.2137900064,362383.2639191609,-622511.4305259923,470892.86110651004,189336.869808687,-142811.07161394012,223208.8057090042,-179424.31103104472,190905.37386526752
-787655.7377786521,-177760.22456348295,-549428.7038835917,-1272068.0641588802,63145.81903552912,760272.4853366341,-486530.78616419435,1185020.0548345563,636745.2266038689,245821.302794547,-1065807.6533488291,146829.9607304062,-284318.4160453922,-936172.7050498032,482587.85449289484,-877199.1098808872,906580.7681438652,-249303.69460096123,910917.9866963752,53058.9890067682,-729939.7683507242,-48513.817268135484,688931.420436927,-886469.9779514429,472625.71157038043,1192323.3363408037,535579.6003215468,-897018.236247319,-274054.73476440104,301530.06923707353,-960725.5212446768,-1580348.1293173104,-727326.6025081333,2172034.2338306825,290639.53982991574,489437.04066681897,-1046268.3958447264,1900639.385053882,2437346.5738231246,-561232.9466022413,1242889.0037713735,676710.8981735924,-315329.5235498702,197050.4811978284,-1621951.3429466833,-207323.80307857195,-398613.5693323659,1676426.540833563,914206.2286868149,-1570447.7283667307,1187949.410023973,477652.18413736013,-360278.49342245277,563102.5331672851,-452644.6131243325,481608.6566374546
-353807.07452843396,-79848.02170990386,-246797.7889151556,-571400.8323277661,28364.655456343433,341506.9596120842,-218544.69100251564,532299.5332937294,286019.13601271703,110421.10753166676,-478750.5298466952,65954.5308419704,-127714.25449878893,-420519.78444772545,216774.1209841065,-394029.574858873,407227.46825239476,-111984.55784678445,409175.47013150784,23833.718967125842,-327882.37266468315,-21791.780715183337,309461.11772839405,-398194.0564587744,212299.3794313856,535579.6003215468,240577.85092474276,-402932.33428678,-123102.8695344924,135444.27485283476,-431548.8393052524,-709877.2042948202,-326707.0273499843,975657.3545941397,130552.1405254952,219850.96380097864,-469973.19027026166,853748.364042299,1094832.3041877665,-252100.81760734762,558293.729421429,303972.7566065368,-141642.90914054125,88512.75744352967,-728564.6239043716,-93127.84154094134,-179053.5014624669,753034.6067085869,410652.91219721537,-705430.2919293549,533616.1310461255,214556.58759931775,-161833.5540086613,252940.38919126647,-203323.78320596486,216334.06494537444
592575.5415426012,133734.1759146646,413350.2206897621,957013.3339571418,-47506.909813046186,-571975.2989481953,366030.38904670026,-891523.5017813047,-479040.77312059014,-184938.84599905854,801838.087081522,-110464.46884348604,213901.75730805646,704309.8079360988,-363065.48976839974,659942.1653691804,-682046.4020800252,187558.44432683123,-685309.4463653765,-39917.88932761969,549154.010329703,36498.021442582714,-518302.79025245307,666916.1169750155,-355570.1257950791,-897018.236247319,-402932.33428678,674853.6414695021,206179.2458826832,-226848.70101154156,722781.3504946183,1188940.6694009893,547188.0804422783,-1634083.8963516096,-218655.88660965711,-368218.2295171914,787136.8720117122,-1429905.0115379624,-1833685.3943013235,422231.55216398824,-935059.7763267204,-509110.0445127683,237231.39173290879,-148246.84160993903,1220240.383215609,155975.84566428454,299888.9801420244,-1261223.131623245,-687783.2527728712,1181492.744129569,-893729.1657014566,-359350.7964638429,271047.5041058257,-423639.09304960805,340538.48986172135,-362327.8032338404
181042.17453398244,40858.039651712425,126285.82668852732,292384.19705917494,-14514.065234057642,-174748.1709129318,111828.78743022257,-272376.234593955,-146355.36839299672,-56502.04885901,244975.31055190272,-33748.76187381548,65350.763074896386,215178.79818445005,-110922.63172953378,201623.8001223043,-208377.1542537902,57302.2346146785,-209373.98760813166,-12195.614301234042,167776.42770167327,11150.835643355416,-158350.44338706826,203754.75638460688,-108632.9013419168,-274054.73476440104,-123102.8695344924,206179.2458826832,62991.375164323756,-69306.52156483517,220822.30577292712,363242.2057816563,167175.31440850196,-499241.0489331195,-66803.25892717975,-112496.99299403337,240484.11311030563,-436860.80148358876,-560222.7284625653,128999.21044759807,-285677.40947354306,-155541.8359477494,72478.30277369729,-45291.816089884065,372804.56198224815,47653.25335946684,91621.13058148684,-385325.74755497865,-210129.90534951878,360966.6631872986,-273049.73050628835,-109788.06890509864,82809.8084638671,-129428.8336595535,104040.14682503753,-110697.52990831592
-199192.5156188073,-44954.08068180524,-138946.89161845323,-321696.7213245432,15968.816602964245,192266.8166858542,-123040.44225697841,299683.7165436704,161028.445038388,62166.458126487174,-269534.5837229494,37132.09612365515,-71902.2012240001,-236751.03136609605,122042.48658085009,-221837.25915481805,229267.97720298756,-63046.7677916161,230364.62214336786,13418.248593823188,-184597.27540084562,-12268.930575452094,174225.5741312877,-224182.5253254151,119523.71736007351,301530.06923707353,135444.27485283476,-226848.70101154156,-69306.52156483517,76255.50271492661,-242960.58665162878,-399658.94256195764,-183935.22119915416,549291.6799570778,73500.83224191109,123774.87016822139,-264593.94216692244,480657.77040353976,616387.1151161732,-141932.05593753737,314318.55096520676,171134.92439560965,-79744.51104910743,49832.20630466035,-410179.471415964,-52430.485614952675,-100806.06311693788,423956.4598394413,231196.51517589195,-397155.02848975704,300423.5895181013,120795.14072263346,-91112.0162920484,142403.85179223827,-114469.82768640929,121795.5387557287
634660.9249373772,143231.90274303893,442707.19441031147,1024981.089714387,-50880.486354597124,-612596.7883793557,392026.62828286417,-954841.1326581342,-513063.05225660536,-198073.24926073244,858784.7451083531,-118309.60372381593,229093.09230802918,754330.1470839895,-388850.0353901976,706811.7038697768,-730486.1855564106,200878.67709848098,-733980.7911348137,-42752.87849572061,588156.2081479031,39090.34814652366,-555112.9224932146,714281.8017124893,-380823.00513923814,-960725.5212446768,-431548.8393052524,722781.3504946183,220822.30577292712,-242960.58665162878,774113.9030813972,1273380.6198393463,586049.6328271608,-1750137.7055440394,-234185.33118402984,-394368.9894798969,843040.3954682362,-1531457.9890332604,-1963915.108894472,452219.0576761436,-1001469.5976729702,-545266.8312647557,254079.72918558208,-158775.0475158506,1306902.6146013585,167053.1428526665,321186.81531853456,-1350796.6512890533,-736630.5746006061,1265403.4681232942,-957202.1087987815,-384872.6631762054,290297.77214778797,-453725.41705322644,364722.91272991704,-388060.831736558
1043987.2380129931,235609.66473548833,728232.550845068,1686045.2164562813,-83695.82958251775,-1007692.4850551495,644865.4031247058,-1570668.655329291,-843964.658722757,-325820.9490047973,1412660.0110984081,-194613.65908578003,376846.9734672903,1240837.2117079967,-639639.5991347414,1162671.658703316,-1201615.1885724522,330435.85490601003,-1207363.6447935333,-70326.42345088201,967489.2149241565,64301.86534408425,-913134.4312217132,1174959.8493984945,-626435.6787177057,-1580348.1293173104,-709877.2042948202,1188940.6694009893,363242.2057816563,-399658.94256195764,1273380.6198393463,2094650.8338734782,964024.0235464941,-2878893.3519176706,-385223.9348508127,-648718.0397299688,1386761.6994068155,-2519175.856536799,-3230547.2298778975,743878.8980451936,-1647370.331818062,-896937.7254536239,417949.1109351562,-261177.39180922427,2149792.803698064,274794.4280264209,528336.8888988829,-2221996.5560460216,-1211722.4108805603,2081528.6601631215,-1574551.7844081214,-633097.4580451166,477526.1586331641,-746356.4928332644,599951.5807020095,-638341.7051035529
480476.131656478,108435.34098253546,335155.6564737919,775971.0946821737,-38519.50465173835,-463772.4579395653,296787.4313947745,-722870.7421916967,-388419.8231110243,-149952.39073459615,650151.0291248831,-89567.53899553847,173435.3567012884,571072.5846743688,-294382.3223120953,535097.9647518825,-553020.8376653129,152077.57466404827,-555666.9045198002,-32366.269670776077,445267.859050804,29593.829237933376,-420253.69889853895,540752.6880262598,-288304.8153373647,-727326.6025081333,-326707.0273499843,547188.0804422783,167175.31440850196,-183935.22119915416,586049.6328271608,964024.0235464941,443675.87213078863,-1324956.925175735,-177292.45367204133,-298559.98628174287,638231.855932234,-1159404.9300763034,-1486800.188303157,342355.81902108336,-758171.0784517889,-412798.40944120544,192353.48007532317,-120202.91686548298,989403.001098196,126469.23658752923,243157.47911778995,-1022632.6702086314,-557672.2221590141,957984.6224462882,-724657.6958808235,-291371.33093032223,219772.52946398483,-343497.154135091,276116.9768768345,-293784.70626099926
-1434858.5847355262,-323822.6087936743,-1000884.3161345045,-2317305.0746769407,115032.0767349968,1384975.5777739952,-886304.3248256593,2158730.5364896,1159946.7576268439,447809.4099774159,-1941563.9572552878,267477.59117134014,-517939.93667994504,-1705410.1235763056,879122.8559341168,-1597979.094387907,1651502.9175224116,-454152.02769646305,1659403.6518242103,96656.87598698097,-1329719.3348018364,-88376.47060851162,1255014.3826914902,-1614867.5123873365,860974.9898475447,2172034.2338306825,975657.3545941397,-1634083.8963516096,-499241.0489331195,549291.6799570778,-1750137.7055440394,-2878893.3519176706,-1324956.925175735,3956758.8428736795,529452.4670281932,891600.2069374499,-1905968.4820089398,3462361.7513466184,4440072.560745317,-1022389.061911618,2264149.3771657893,1232754.1921958434,-574430.3461484844,358963.01180774055,-2954680.922339353,-377678.32835229376,-726147.986436693,3053917.6139682266,1665394.305495637,-2860858.459527763,2164068.597454042,870130.4443513345,-656313.0183641624,1025794.9242339539,-824575.6552498363,877338.4076870411
-191998.1551188189,-43330.619811200624,-133928.26681337436,-310077.8200298201,15392.24270520469,185323.04219225308,-118596.32875158993,288859.32573315816,155212.49519823075,59921.00287402776,-259799.95563687017,35791.08778994162,-69304.89769034256,-228200.32619277915,117634.8812840624,-213825.00507055677,220987.13416639247,-60769.964899759114,222044.37407358616,12933.570459876026,-177929.3724025865,-11825.742081569033,167933.14718463982,-216085.01258494888,115206.62295122146,290639.53982991574,130552.1405254952,-218655.88660965711,-66803.25892717975,73500.83224191109,-234185.33118402984,-385223.9348508127,-177292.45367204133,529452.4670281932,70846.09037924248,119304.43738688555,-255037.36859927853,463297.78136923944,594124.855325258,-136805.4888700212,302965.44272679713,164954.02391262815,-76864.37412765685,48032.7948919362,-395365.01658712287,-50536.96868754934,-97165.45819559913,408643.91549256706,222845.89562965318,-382810.52286115254,289572.98667859245,116432.08047044351,-87821.14009487804,137261.02941174712,-110335.92227223417,117396.40433791521
-323325.0251108006,-72968.84660351266,-225534.9470592063,-522172.1812533054,25921.03233658968,312084.8830059107,-199715.98797013122,486439.30233894766,261377.2840380422,100907.81518573531,-437504.2678155633,60272.316652636175,-116711.0179669775,-384290.27653397986,198098.2729348984,-360082.216557812,372142.9327545238,-102336.73885938266,373923.19620105653,21780.32562326633,-299633.537733483,-19914.272685004806,282799.7716024099,-363887.60814044887,194008.8047691779,489437.04066681897,219850.96380097864,-368218.2295171914,-112496.99299403337,123774.87016822139,-394368.9894798969,-648718.0397299688,-298559.98628174287,891600.2069374499,119304.43738688555,200909.91093834542,-429482.87153682724,780194.3005518779,1000507.8019194829,-230381.08915523996,510193.92073457484,277784.29940902896,-129439.77479958632,80887.18722777309,-665795.7184962732,-85104.55201552932,-163627.41945050773,688157.2498552415,375273.20134528313,-644654.3054183876,487642.8344901973,196071.4614280746,-147890.8114182716,231148.74575475324,-185806.83313094344,197695.8585488607
691170.994727062,155985.25360133647,482125.88799206214,1116244.666111282,-55410.646574873885,-667141.9641146479,426932.7218632956,-1039859.8275812085,-558746.4530256565,-215709.15207119912,935250.2973051866,-128843.83738612646,249490.5295271773,821495.1534361921,-423472.6413396168,769745.6280957977,-795528.2044162925,218764.9036912223,-799334.0951792708,-46559.46517476045,640525.1259648371,42571.08738925865,-604539.9665002087,777880.9718108927,-414730.91661401873,-1046268.3958447264,-469973.19027026166,787136.8720117122,240484.11311030563,-264593.94216692244,843040.3954682362,1386761.6994068155,638231.855932234,-1905968.4820089398,-255037.36859927853,-429482.87153682724,918104.6480747062,-1667818.445197254,-2138781.0863044956,492484.1420198931,-1090640.1139302552,-593816.3873670973,276702.881340841,-172912.4946785911,1423268.5742331855,181927.4077678904,349784.87610025523,-1471070.8718586778,-802219.5840243079,1378074.0198889922,-1042430.197816549,-419141.7193928794,316145.8176263824,-494124.54212467774,397197.28452756855,-422613.508378384
