V1,V2,V3,V4,V5,V6,V7,V8,V9,V10,V11,V12,V13,V14,V15,V16,V17,V18,V19,V20,V21,V22,V23,V24,V25,V26,V27,V28,V29,V30,V31,V32,V33,V34,V35,V36,V37,V38,V39,V40,V41,V42,V43,V44,V45,V46,V47,V48,V49,V50,V51,V52,V53,V54,V55,V56
54902.889941497786,144242.81978357665,-155786.69564158292,47200.843787164195,122611.79588747403,294633.4827895128,584205.9482247966,-57014.745687635055,17815.892571020806,-4870.677527145872,133968.48212968302,172519.51480790475,-230675.1921912921,-93043.42039333234,-239639.94766873194,399765.24260856706,-284202.0786600377,23464.15443024744,-179618.88943221167,-107863.72053310247,14282.752161837056,60789.23490274459,226057.4109035808,-34050.69618400558,-95119.54624704417,54039.43836508061,50282.85723849096,277124.6812009458,-147173.36976361217,-304873.6699340799,-134114.9221831373,-202527.54742955434,-275146.49094109534,160756.01383374914,16112.766671699834,28258.538850245157,-112636.0778562205,-165108.51603662854,-250611.94684609957,92690.46036648286,197811.94213856437,-120321.4239950087,178808.31105596724,-20905.472378340288,-209576.89397690495,55874.34248453142,223288.890027683,421193.65220179356,55341.84962918449,277843.25238124054,142959.26252795584,287194.0763670694,-17877.985685402415,277752.43451645714,-118634.48461465954,-407356.6441129922
144242.81978357665,378968.80404390284,-409295.14270815806,124011.81571044846,322139.3964151315,774090.4745619326,1534877.662431485,-149795.4966036472,46808.7907246754,-12797.496611547585,351970.38098296913,453257.26828555256,-606051.7388241598,-244451.6271198003,-629600.6295209407,1050299.9045996545,-746679.2333907663,61649.20375737259,-471910.40854669624,-283384.25429133343,37527.55894875365,159711.92902027335,593915.0005898568,-89462.52292029312,-249906.1488262442,141977.22044032151,132107.7729809226,728087.3809562037,-386667.06682063773,-800990.1663528265,-352359.1439353386,-532095.2440174953,-722884.5263278318,422354.03834194137,42330.25241585624,74244.72438439862,-295925.25857656606,-433788.6601123668,-658430.4326368946,243524.87734158072,519709.4109681052,-316121.27878265386,469780.0465314627,-54924.53537702178,-550623.3386789599,146796.77937468357,586645.5343246583,1106598.121429518,145398.22634252085,729975.5341914205,375594.4664451065,754540.6568059042,-46969.942949166274,729737.2534065469,-311686.59596781473,-1070240.4670722145
-155786.69564158292,-409295.14270815806,442049.2418486627,-133935.29002681075,-347917.49976762297,-836035.6018533902,-1657705.4327682198,161782.44733284946,-50554.204167526266,13821.346211758584,-380137.68888662395,-489529.32798045856,654550.2691922649,264013.8486931947,679984.9335045372,-1134349.2013282618,806432.3752549165,-66581.98390508795,509674.86337830254,306063.4400174342,-40529.863178716245,-172492.4812700136,-641443.7190748719,96621.2398912131,269904.871612261,-153338.8737279652,-142679.56241266546,-786351.9202397817,417609.89715188206,865089.2968601134,380556.32785876567,574676.8250852564,780734.4644066772,-456152.19987573026,-45718.533442063825,-80185.70596008185,319607.17148240027,468502.0875417313,711120.8272695731,-263012.742755054,-561298.7357258345,341418.02151973656,-507374.2424189844,59319.89162012608,594685.3286516466,-158544.5167265727,-633591.0997276339,-1195152.7762270335,-157033.86901615094,-788391.128774546,-405651.42454776325,-814922.7249576683,50728.92509653533,-788133.6236632958,336629.24817741924,1155886.829346388
47200.843787164195,124011.81571044846,-133935.29002681075,40581.143728904695,105415.47236719019,253309.50811708116,502264.88277338597,-49018.431072395964,15317.613240120101,-4187.887732529024,115176.38088907325,148321.23042658082,-198321.20813601674,-79992.96429031876,-206026.68115021157,343694.49110456323,-244338.97066163734,20174.016335311106,-154425.31802552674,-92732.45840350147,12280.657894330634,52263.391877468326,194349.06678328227,-29275.41910011557,-81777.86131563626,46459.84450017183,43230.24154108521,238255.400707849,-126530.82212398811,-262111.47144681527,-115304.12704044214,-174119.49963389625,-236552.12194551353,138209.007949227,13851.574042057067,24295.61817934854,-96836.64532459779,-141950.72678399002,-215461.20313739454,79689.77259224004,170066.87124047527,-103446.05893515293,153728.09197031948,-17973.177450853258,-180183.5057906902,48036.806770272655,191970.7802795545,362117.1557186198,47579.20518881348,238873.31120200636,122907.34802354676,246911.5756931748,-15370.099758805396,238795.3684470726,-101994.53331583363,-350219.1788080219
122611.79588747403,322139.3964151315,-347917.49976762297,105415.47236719019,273832.3483765723,658009.523961657,1304709.4400008013,-127332.6021995363,39789.66085126944,-10878.559634016085,299188.70363003685,385287.1629958154,-515169.29399652797,-207793.92472979144,-535186.0357259044,892798.5574076785,-634707.8824439324,52404.774658094175,-401143.29933922004,-240887.39394658178,31900.4818726546,135761.93915493696,504851.6994762112,-76047.13203600573,-212430.484409191,120686.50638551978,112297.1040320833,618904.5242279525,-328683.00364838785,-680874.5527512907,-299519.9354927534,-452302.35816931614,-614480.8109688951,359018.6901731437,35981.95792906284,63111.345859072055,-251548.27912512553,-368738.4630180181,-559693.1724511011,207006.2623532302,441774.5478660337,-268716.56899348146,399332.2635377648,-46688.09214128739,-468053.42321425106,124783.08706592838,498673.18267588917,940654.2916958415,123594.35333775509,620509.5752388735,319270.6736808451,641390.5284429697,-39926.25665742733,620307.0989830045,-264946.40956866794,-909748.0449013654
294633.4827895128,774090.4745619326,-836035.6018533902,253309.50811708116,658009.523961657,1581175.2980545491,3135176.547453774,-305975.92921381537,95612.77923902693,-26140.519962225506,718942.4934505953,925833.6244562414,-1237935.4011393657,-499322.53904447285,-1286036.5690106032,2145366.909683714,-1525184.1200399413,125926.24720139222,-963935.0619569417,-578846.7942268874,76654.89156014886,326231.39530097897,1213144.2752900403,-182738.34025585922,-510464.0461649975,290005.96012870356,269846.39543268154,1487208.1611441353,-789815.1629088745,-1636120.9473296863,-719736.9600230417,-1086869.7375851993,-1476580.2426356245,862710.2406636054,86464.53256293178,151654.13448799067,-604463.507435005,-886066.8248962073,-1344925.2554702028,497429.56693328405,1061570.4085551647,-645716.7749857738,959583.4603053364,-112190.10121171705,-1124716.3152572613,299850.407064575,1198295.704141413,2260362.91049991,296993.67817800184,1491065.0267178114,767197.8097903408,1541242.0963767972,-95941.8681292588,1490578.2511761833,-636658.1384396151,-2186097.620723792
584205.9482247966,1534877.662431485,-1657705.4327682198,502264.88277338597,1304709.4400008013,3135176.547453774,6216476.706619942,-606692.9112074237,189581.5518085034,-51831.23408193993,1425532.8320666067,1835758.2004574689,-2454596.5015964513,-990064.7008497997,-2549975.203305441,4253865.91396236,-3024159.944500822,249687.00229486046,-1911305.5833403983,-1147749.908773918,151990.60781842005,646855.9201081492,2405443.518443915,-362335.325621876,-1012156.2905214506,575028.3092939061,535055.4789441964,2948858.8068048595,-1566057.684314473,-3244126.7075562654,-1427105.228831265,-2155064.3891478223,-2927789.626760861,1710594.1095407286,171445.11563427417,300701.18416023784,-1198541.2035533641,-1756906.386563537,-2666738.30459145,986310.8632673136,2104898.0134590664,-1280335.6719325094,1902677.6871516318,-222452.39674834596,-2230101.83963377,594548.9447740342,2375998.4402550356,4481882.056092173,588884.2301311183,2956506.093382893,1521212.2668306835,3055999.5313217207,-190235.5311440969,2955540.6446107477,-1262375.931293763,-4334630.456731445
-57014.745687635055,-149795.4966036472,161782.44733284946,-49018.431072395964,-127332.6021995363,-305975.92921381537,-606692.9112074237,59210.09091932123,-18502.23700285437,5058.551915582563,-139123.33079177482,-179159.36473637354,239554.94886353964,96624.69076074711,248862.72549145287,-415153.3793455038,295140.63888981903,-24368.3505291363,186532.54332752852,112013.0986130884,-14833.85397423299,-63129.67969700859,-234757.22365308134,35362.11311380509,98780.67218908126,-56119.52049440986,-52218.40526143827,-287792.0454645028,152838.46679786406,316608.26291845774,139277.46238957,210321.54998831786,285734.9544231259,-166944.54386951937,-16731.658479456422,-29346.986495122346,116970.39719052917,171464.27555000244,260258.64454112356,-96258.40549977735,-205426.10509218325,124953.8178202595,-185690.37751493405,21710.05671367062,217646.00211180796,-58024.436410539405,-231884.04983351644,-437406.3963345628,-57471.605945839015,-288538.48636612995,-148461.51469777932,-298248.09720252507,18565.84344095256,-288444.2164186112,123200.5989434282,423034.88625551574
17815.892571020806,46808.7907246754,-50554.204167526266,15317.613240120101,39789.66085126944,95612.77923902693,189581.5518085034,-18502.23700285437,5781.798177859284,-1580.7974424812066,43473.462560865184,55984.25547852418,-74857.10291955907,-30193.578498303894,-77765.25108224695,129728.72959681384,-92226.42624900675,7614.911783917437,-58288.33483255672,-35001.81780186257,4635.568301860007,19727.05809048264,73357.45757524222,-11050.217913552451,-30867.296720243354,17536.42026309927,16317.415758401306,89930.3584672437,-47759.46298292787,-98934.76641665668,-43521.96844371796,-65721.76702334774,-89287.02668175696,52167.56896470446,5228.1250090826925,9170.554011165992,-36551.173949012606,-53579.837785974196,-81326.58208272519,30079.188405154506,64192.3545570587,-39046.23152605402,58025.114333410405,-6784.025600820198,-68011.18489300032,18131.55171456392,72460.13628361405,136682.3969071226,17958.881668264672,90163.5883604843,46391.748916695185,93197.5070046881,-5801.430756613349,90134.22446098902,-38498.16611947033,-132191.1734131664
-4870.677527145872,-12797.496611547585,13821.346211758584,-4187.887732529024,-10878.559634016085,-26140.519962225506,-51831.23408193993,5058.551915582563,-1580.7974424812066,432.22955537563405,-11885.373371029418,-15305.91759509045,20465.864977102865,8254.85325475517,21260.729931521983,-35467.64916408245,25214.442244378803,-2082.0120701144087,15935.904550069266,9569.17056230847,-1267.496588462021,-5393.398961585096,-20055.629608600575,3021.188552123843,8439.041689556909,-4794.425579898907,-4461.15985046835,-24586.83288804195,13057.359603300305,27048.52675186651,11898.850539370109,17968.039448682564,24410.653564039585,-14262.597558952184,-1429.2200189484795,-2507.287844350334,9992.897086706213,14648.675730565443,22234.559902326975,-8223.608141371336,-17550.079944661276,10675.277380978005,-15863.900362559898,1854.7296865954897,18594.358566932995,-4957.067348067445,-19810.515724445522,-37368.74704998235,-4909.87976984349,-24650.61611966968,-12683.369661444622,-25479.964889508938,1586.0667618528946,-24642.598134530468,10525.296634644512,36140.65319579073
133968.48212968302,351970.38098296913,-380137.68888662395,115176.38088907325,299188.70363003685,718942.4934505953,1425532.8320666067,-139123.33079177482,43473.462560865184,-11885.373371029418,326897.83653924963,420967.8726083751,-562875.8014078024,-227037.0149249342,-584749.2327531213,975475.808401438,-693486.6038422209,57256.20902193464,-438291.6093819435,-263198.51194222225,34852.69153490569,148333.46228777542,551606.0423134229,-83088.4057208825,-232102.99604430472,131862.73647579472,122696.30441923326,676217.9203131038,-359120.76275417645,-743928.052392733,-327256.76822486945,-494190.36921735154,-671388.6512778314,392264.66047312546,39316.03085509501,68954.7795366643,-274844.7215187316,-402885.0185792818,-611523.5142628325,226175.99033939643,482685.1099058063,-293599.63827412314,436313.40965077246,-51011.80198487451,-511394.5861595012,136339.61180972302,544852.2798584169,1027763.5474935047,135040.470727118,677971.4000899086,348837.51591127506,700787.6707534897,-43624.146660013634,677749.9590961346,-289482.2709698,-993998.0345858856
172519.51480790475,453257.26828555256,-489529.32798045856,148321.23042658082,385287.1629958154,925833.6244562414,1835758.2004574689,-179159.36473637354,55984.25547852418,-15305.91759509045,420967.8726083751,542109.240597447,-724855.0122935182,-292371.33373260644,-753021.4589632882,1256188.7616434912,-893050.5451223564,73733.57492044725,-564418.6158486239,-338937.3138441576,44883.22072632128,191019.77220116762,710340.537424595,-106999.29644093227,-298895.11516437,169808.87007754226,158004.66626232475,870813.3574975167,-462464.99557774334,-958007.7784893536,-421431.5882051874,-636402.3060094484,-864592.3463387972,505147.1814169716,50629.03745976406,88798.41441056153,-353935.8792471086,-518823.53021177655,-787501.7368800996,291262.7290227807,621587.411258985,-378089.5329740907,561870.8704582205,-65691.39074742002,-658560.1218868287,175573.6008510834,701644.6884245457,1323523.1869503553,173900.73741814867,873071.5728837801,449222.11117975373,902452.8534697938,-56177.63589851949,872786.4649387766,-372786.3354761262,-1280039.5857724615
-230675.1921912921,-606051.7388241598,654550.2691922649,-198321.20813601674,-515169.29399652797,-1237935.4011393657,-2454596.5015964513,239554.94886353964,-74857.10291955907,20465.864977102865,-562875.8014078024,-724855.0122935182,969205.8251586934,390930.29980323114,1006865.7576964122,-1679653.2929788812,1194099.3473930773,-98590.0786346179,754685.3200847824,453192.07284091786,-60014.42946483351,-255413.39329335382,-949796.8873534519,143069.5535929486,399653.2217599285,-227051.84617050755,-211268.46418726174,-1164366.843575121,618363.129879807,1280954.0691669954,563497.32972218,850933.8310078279,1156046.7093234276,-675434.0297991104,-67695.24736179362,-118733.09637404163,473247.59729572886,693720.4848257165,1052970.5736862074,-389448.17229115375,-831126.0175979111,505545.14073112054,-751278.4428910941,87836.03786436819,880563.8344280455,-234759.43222867217,-938171.0434863092,-1769686.1591542333,-232522.76013156696,-1167386.459652174,-600655.5799310334,-1206671.40925019,75115.0316031934,-1167005.276121751,498453.24507808394,1711542.7576274406
-93043.42039333234,-244451.6271198003,264013.8486931947,-79992.96429031876,-207793.92472979144,-499322.53904447285,-990064.7008497997,96624.69076074711,-30193.578498303894,8254.85325475517,-227037.0149249342,-292371.33373260644,390930.29980323114,157682.27919066002,406120.8752245025,-677490.2266288395,481641.69146058563,-39766.234330339335,304403.33146141545,182796.07554328453,-24206.648151675374,-103021.22980510777,-383102.1133088973,57707.14642344219,161200.68350684838,-91581.65852910085,-85215.39098673439,-469648.80381207954,249417.5741595185,516674.5910756038,227287.33141266427,343225.5590832216,466293.40187462,-272437.0455489776,-27305.218123180228,-47891.022383404976,190885.2363796207,279812.97663217416,424717.00798203313,-157084.40259471032,-335235.7207307091,203912.0806346463,-303029.23127042426,35428.795764920855,355176.1587924779,-94690.6456812358,-378412.38511395303,-713805.1383206005,-93788.42864249002,-470866.755146469,-242275.2773072531,-486712.5940053903,30297.817488065462,-470712.95892233856,201051.7981169536,690353.2902561786
-239639.94766873194,-629600.6295209407,679984.9335045372,-206026.68115021157,-535186.0357259044,-1286036.5690106032,-2549975.203305441,248862.72549145287,-77765.25108224695,21260.729931521983,-584749.2327531213,-753021.4589632882,1006865.7576964122,406120.8752245025,1045990.9814223433,-1744919.3256060968,1240499.456228464,-102420.03187002405,784010.3937079901,470804.1432089537,-62345.16960076417,-265337.5214985306,-986704.7423322669,148628.1206775533,415182.7836866921,-235874.42770948386,-219477.67453747144,-1209610.4592086251,642390.8743988891,1330728.7784533266,585393.001471972,884000.1900843856,1200969.6436184975,-701678.7464896193,-70326.93371464746,-123346.06220940064,491637.75099720317,720676.0627121237,1093885.7983230187,-404580.89437973226,-863421.1032221386,525188.1947255201,-780471.4891873357,91249.18520719955,914778.0151267387,-243882.0984771942,-974625.2302311088,-1838450.805302695,-241558.32492069987,-1212747.2574987372,-623995.7578434678,-1253559.757793517,78034.09492869582,-1212351.1525659175,517821.97125741385,1778049.9145693188
399765.24260856706,1050299.9045996545,-1134349.2013282618,343694.49110456323,892798.5574076785,2145366.909683714,4253865.91396236,-415153.3793455038,129728.72959681384,-35467.64916408245,975475.808401438,1256188.7616434912,-1679653.2929788812,-677490.2266288395,-1744919.3256060968,2910873.329926607,-2069398.8099397582,170858.3242766654,-1307885.1327163163,-785391.8526439918,104005.83745462153,442636.45430027373,1646017.8446041348,-247942.23970983116,-692607.2505720593,393485.4813669013,366132.5439883702,2017871.4192871207,-1071635.8752560515,-2219919.7139352276,-976552.3178512569,-1474686.198116274,-2003453.2613576108,1170540.7491675697,117317.63236319477,205766.6599590716,-820148.1338426969,-1202231.634819844,-1824819.4475249953,674921.5977915743,1440358.3686211505,-876119.7643711598,1301981.0618533832,-152221.68013870937,-1526034.483434187,406843.0639731124,1625869.4947735122,3066902.188175515,402966.83153366495,2023104.3991364164,1040948.5481016486,2091186.3630993736,-130175.96227968788,2022443.8086959817,-863829.7679029849,-2966139.037226096
-284202.0786600377,-746679.2333907663,806432.3752549165,-244338.97066163734,-634707.8824439324,-1525184.1200399413,-3024159.944500822,295140.63888981903,-92226.42624900675,25214.442244378803,-693486.6038422209,-893050.5451223564,1194099.3473930773,481641.69146058563,1240499.456228464,-2069398.8099397582,1471178.2455551936,-121466.07206652593,929802.2596381541,558352.4385895574,-73939.12587009628,-314678.9787519203,-1170188.4897754074,176266.76334483587,492388.7063606648,-279736.8419086472,-260291.02992055158,-1434545.6640110675,761847.7456805581,1578186.4275892423,694250.7887725281,1048385.3264687427,1424297.0730947417,-832160.8202670049,-83404.23701317295,-146283.32456200197,583060.6369395511,854690.7035804759,1297301.181970426,-479815.4358832897,-1023980.0069365902,622850.7774561415,-925605.1415818586,108217.54199385695,1084887.784629803,-289233.3762714488,-1155863.4080808617,-2180323.0164627475,-286477.54841972265,-1438265.8300011447,-740031.7445327364,-1486667.297656287,92544.94097209757,-1437796.1015982623,614114.2977541614,2108689.5216070334
23464.15443024744,61649.20375737259,-66581.98390508795,20174.016335311106,52404.774658094175,125926.24720139222,249687.00229486046,-24368.3505291363,7614.911783917437,-2082.0120701144087,57256.20902193464,73733.57492044725,-98590.0786346179,-39766.234330339335,-102420.03187002405,170858.3242766654,-121466.07206652593,10029.259286204551,-76768.20710938214,-46098.6357187651,6105.380420954128,25981.451253684314,96614.77742327783,-14553.683729886314,-40653.53494219777,23096.221890522094,21490.73855354277,118442.1642686757,-62901.3049674191,-130301.27944610908,-57320.31415881409,-86558.20061126766,-117594.60290464267,68706.99502060321,6885.53418375917,12078.09893966184,-48139.30329174804,-70566.99092061601,-107110.61455012944,39615.59427311874,84544.0530121239,-51425.645467878145,76421.48964710187,-8934.83787012606,-89573.85720347895,23879.978833861318,95433.08877985796,180016.57936448738,23652.55701712906,118749.38656209246,61099.84391325811,122745.05750404556,-7640.719763603107,118710.67747202603,-50703.67009580767,-174101.26460539116
-179618.88943221167,-471910.40854669624,509674.86337830254,-154425.31802552674,-401143.29933922004,-963935.0619569417,-1911305.5833403983,186532.54332752852,-58288.33483255672,15935.904550069266,-438291.6093819435,-564418.6158486239,754685.3200847824,304403.33146141545,784010.3937079901,-1307885.1327163163,929802.2596381541,-76768.20710938214,587646.2292072218,352885.0627043323,-46730.64594520762,-198880.99790206365,-739572.9761016077,111402.85266885787,311195.5730066087,-176797.05973271403,-164507.09032200536,-906650.2468366626,481496.9686808246,997432.7814965317,438774.92423082585,662591.9193849101,900172.5291437545,-525935.8187379198,-52712.2565646745,-92452.94054763205,368501.1799766639,540174.9170960366,819910.0457928053,-303249.16941599676,-647167.7630518072,393649.4004915527,-584993.5386567338,68394.77899480975,685662.5462081655,-182798.87317509047,-730519.7437390408,-1377990.535989732,-181057.20558610294,-909001.4483077974,-467708.93611652317,-939591.5771789793,58489.453909628675,-908704.6177355147,388127.6211580077,1332716.9686544188
-107863.72053310247,-283384.25429133343,306063.4400174342,-92732.45840350147,-240887.39394658178,-578846.7942268874,-1147749.908773918,112013.0986130884,-35001.81780186257,9569.17056230847,-263198.51194222225,-338937.3138441576,453192.07284091786,182796.07554328453,470804.1432089537,-785391.8526439918,558352.4385895574,-46098.6357187651,352885.0627043323,211912.11638755337,-28060.59446773848,-119428.58079729346,-444119.4047314935,66897.23877394378,186874.90262673105,-106167.62615175638,-98787.34925438202,-544448.1944832993,289141.54535992374,598964.5778661964,263486.56684115645,397891.9046086236,540561.258415625,-315826.6122257203,-31655.42008566026,-55517.75357459074,221288.30908939036,324377.6112384569,492360.38145706063,-182102.7004291602,-388627.7992170669,236387.57342516718,-351292.51220453554,41071.554873338864,411741.941231449,-109772.41786492367,-438680.7303543028,-827490.7640379402,-108726.32913665839,-545859.9212023048,-280862.34386791993,-564230.6662581885,35123.59085861403,-545681.5637962766,233073.13312653993,800305.7716266335
14282.752161837056,37527.55894875365,-40529.863178716245,12280.657894330634,31900.4818726546,76654.89156014886,151990.60781842005,-14833.85397423299,4635.568301860007,-1267.496588462021,34852.69153490569,44883.22072632128,-60014.42946483351,-24206.648151675374,-62345.16960076417,104005.83745462153,-73939.12587009628,6105.380420954128,-46730.64594520762,-28060.59446773848,3716.9174970315516,15815.729178380874,58811.320389492495,-8859.42299024249,-24746.75162092493,14059.244549452511,13081.96713595333,72098.78563215253,-38289.623220608846,-79317.44478707894,-34892.36318371706,-52689.6003383192,-71581.98295645829,41823.884176869506,4190.97888038802,7352.467276838269,-29303.192672460995,-42956.0129966279,-65200.94521119558,24115.032243028752,51464.06730928314,-31304.3820333749,46519.468216661015,-5438.82398176018,-54526.494405273115,14536.141859868849,58092.60159992321,109580.62761691958,14397.754834125988,72285.8659784466,37192.82825537865,74717.7686447176,-4651.001177545606,72262.3166350682,-30864.47238910608,-105979.23158180855
60789.23490274459,159711.92902027335,-172492.4812700136,52263.391877468326,135761.93915493696,326231.39530097897,646855.9201081492,-63129.67969700859,19727.05809048264,-5393.398961585096,148333.46228777542,191019.77220116762,-255413.39329335382,-103021.22980510777,-265337.5214985306,442636.45430027373,-314678.9787519203,25981.451253684314,-198880.99790206365,-119428.58079729346,15815.729178380874,67308.78844059113,250298.23436481092,-37703.01566483544,-105319.95337906745,59834.61896888293,55675.25520253307,306843.8142424515,-162956.30029515465,-337567.7242643785,-148497.59728399958,-224244.973981081,-304650.7755764884,177996.18688254635,17839.406695806436,31289.67198897177,-124713.97263938529,-182815.14149481716,-277487.71050543076,102630.68497815102,219025.31951660034,-133225.67232413133,197983.12239965788,-23147.27354632437,-232053.94859281598,61865.688439034624,247234.77204598286,466362.638447406,61276.275616226434,307639.6174789231,158289.7228767365,317992.12307185517,-19794.90572020454,307539.15151503077,-131356.52785753296,-451039.89361779357
226057.4109035808,593915.0005898568,-641443.7190748719,194349.06678328227,504851.6994762112,1213144.2752900403,2405443.518443915,-234757.22365308134,73357.45757524222,-20055.629608600575,551606.0423134229,710340.537424595,-949796.8873534519,-383102.1133088973,-986704.7423322669,1646017.8446041348,-1170188.4897754074,96614.77742327783,-739572.9761016077,-444119.4047314935,58811.320389492495,250298.23436481092,930778.8558485825,-140203.84528386884,-391650.39387780946,222505.15130397206,207037.74514772493,1141050.1207869102,-605980.4015358153,-1255303.6076318123,-552213.1030623846,-833895.5406998772,-1132899.386354657,661907.754829244,66340.97891090014,116354.78114288166,-463772.0057046779,-679828.3521434186,-1031884.7157147838,381649.3795032577,814482.6667501247,-495420.5839801294,736234.6937385027,-86077.22163150912,-862928.4789324168,230059.02498422816,919383.7239175425,1734248.0153405094,227866.92168088714,1144009.1281882972,588627.9305461491,1182508.5057625237,-73611.19936984345,1143635.4320121487,-488472.01444092183,-1677270.848469172
-34050.69618400558,-89462.52292029312,96621.2398912131,-29275.41910011557,-76047.13203600573,-182738.34025585922,-362335.325621876,35362.11311380509,-11050.217913552451,3021.188552123843,-83088.4057208825,-106999.29644093227,143069.5535929486,57707.14642344219,148628.1206775533,-247942.23970983116,176266.76334483587,-14553.683729886314,111402.85266885787,66897.23877394378,-8859.42299024249,-37703.01566483544,-140203.84528386884,21119.438852317915,58994.76909415731,-33516.26807110922,-31186.42702034995,-171878.16616287088,91279.72057633974,189087.92830836913,83180.74997993032,125610.16021062092,170649.1704280322,-99704.44513299676,-9992.447618462958,-17526.997516999792,69858.11755241617,102403.70616661268,155434.35447551936,-57488.44447855494,-122686.72977625596,74626.37402791406,-110899.83573594231,12965.892061725854,129985.09384488402,-34653.83887861687,-138488.29958371667,-261232.3841286005,-34323.73298246356,-172323.95332738687,-88665.66611145811,-178122.67465078036,11088.01130067511,-172267.72064150317,73579.11512537407,252648.98096884674
-95119.54624704417,-249906.1488262442,269904.871612261,-81777.86131563626,-212430.484409191,-510464.0461649975,-1012156.2905214506,98780.67218908126,-30867.296720243354,8439.041689556909,-232102.99604430472,-298895.11516437,399653.2217599285,161200.68350684838,415182.7836866921,-692607.2505720593,492388.7063606648,-40653.53494219777,311195.5730066087,186874.90262673105,-24746.75162092493,-105319.95337906745,-391650.39387780946,58994.76909415731,164797.60060053252,-93625.14273813933,-87116.82604333748,-480128.20179386507,254982.87774213433,528203.2978136844,232358.8539713532,350884.0823547759,476697.9737128387,-278515.995733656,-27914.509537082304,-48959.608110870955,195144.54965516287,286056.50941513135,434193.82974172244,-160589.46641402604,-342715.9414933377,208462.0160561386,-309790.82200912706,36219.331973814325,363101.26318158273,-96803.50998239634,-386856.0230538428,-729732.4712994026,-95881.17056372431,-481373.3122574837,-247681.2535875922,-497572.7515802243,30973.85792703807,-481216.10338422953,205537.94257992302,705757.3651982525
54039.43836508061,141977.22044032151,-153338.8737279652,46459.84450017183,120686.50638551978,290005.96012870356,575028.3092939061,-56119.52049440986,17536.42026309927,-4794.425579898907,131862.73647579472,169808.87007754226,-227051.84617050755,-91581.65852910085,-235874.42770948386,393485.4813669013,-279736.8419086472,23096.221890522094,-176797.05973271403,-106167.62615175638,14059.244549452511,59834.61896888293,222505.15130397206,-33516.26807110922,-93625.14273813933,53190.50985423082,49492.994133229906,272771.4409784978,-144861.4075830496,-300083.91936625,-132008.20196547173,-199344.90221573482,-270822.5116829467,158231.1197526258,15858.781031772809,27815.071961991714,-110865.85707484004,-162515.03682131693,-246675.10396266214,91234.42527066724,194704.48618618966,-118431.92095117654,175998.96930541398,-20576.995843772867,-206285.94733281783,54996.179066123455,219781.45628555657,414577.12734953815,54472.18395460637,273478.828749002,140713.15629512025,282682.027547513,-17596.918040731533,273389.5139531418,-116770.61981860828,-400956.24400755693
50282.85723849096,132107.7729809226,-142679.56241266546,43230.24154108521,112297.1040320833,269846.39543268154,535055.4789441964,-52218.40526143827,16317.415758401306,-4461.15985046835,122696.30441923326,158004.66626232475,-211268.46418726174,-85215.39098673439,-219477.67453747144,366132.5439883702,-260291.02992055158,21490.73855354277,-164507.09032200536,-98787.34925438202,13081.96713595333,55675.25520253307,207037.74514772493,-31186.42702034995,-87116.82604333748,49492.994133229906,46052.51610367402,253809.87437083534,-134791.42139049355,-279223.7012000332,-122831.72265235633,-185487.48422539583,-251996.3216575407,147231.78401967484,14756.318008386266,25881.538624180106,-103159.0416771621,-151217.8916804512,-229527.60364213644,84892.30953259423,181169.7103057101,-110199.2237617497,163764.46824120235,-19146.593816729077,-191946.14905439783,51173.11873830061,204503.48940432887,385758.0073225849,50685.56670444406,254468.08182095052,130931.54173019071,263031.49210171204,-16373.65735805738,254384.99763457922,-108653.3674109453,-373083.9025439404
277124.6812009458,728087.3809562037,-786351.9202397817,238255.400707849,618904.5242279525,1487208.1611441353,2948858.8068048595,-287792.0454645028,89930.3584672437,-24586.83288804195,676217.9203131038,870813.3574975167,-1164366.843575121,-469648.80381207954,-1209610.4592086251,2017871.4192871207,-1434545.6640110675,118442.1642686757,-906650.2468366626,-544448.1944832993,72098.78563215253,306843.8142424515,1141050.1207869102,-171878.16616287088,-480128.20179386507,272771.4409784978,253809.87437083534,1398825.9228271097,-742877.892375048,-1538889.5508151024,-676964.1925800272,-1022279.8303496575,-1388830.9775481387,811440.5772651671,81326.75409347583,142641.27665514903,-568541.8911081005,-833409.288705333,-1264998.7143267794,467868.1805894532,998483.1456483564,-607342.4826526857,902557.431183585,-105522.89218742767,-1057875.4407272125,282031.1638126391,1127082.8958571397,2126033.5183180324,279344.0798714616,1402453.532419897,721604.8432473235,1449649.2021780412,-90240.39773290562,1401995.5849032018,-598822.8167351426,-2056182.6249683963
-147173.36976361217,-386667.06682063773,417609.89715188206,-126530.82212398811,-328683.00364838785,-789815.1629088745,-1566057.684314473,152838.46679786406,-47759.46298292787,13057.359603300305,-359120.76275417645,-462464.99557774334,618363.129879807,249417.5741595185,642390.8743988891,-1071635.8752560515,761847.7456805581,-62901.3049674191,481496.9686808246,289141.54535992374,-38289.623220608846,-162956.30029515465,-605980.4015358153,91279.72057633974,254982.87774213433,-144861.4075830496,-134791.42139049355,-742877.892375048,394522.0474255141,817261.8954941265,359517.0164904872,542904.7061182112,737570.0090552968,-430933.69812719384,-43190.46709922796,-75752.84516323685,301936.9308667836,442600.70707199984,671805.968970866,-248471.90203221128,-530266.8327091272,322542.78363228793,-479323.39384543325,56040.29859182175,561808.4056480784,-149779.03215181522,-598562.5575944475,-1129077.7940122029,-148351.93956327596,-744804.4611769922,-383224.42808234587,-769868.8065706682,47924.23833202974,-744561.1746621843,318018.2598707007,1091982.01874846
-304873.6699340799,-800990.1663528265,865089.2968601134,-262111.47144681527,-680874.5527512907,-1636120.9473296863,-3244126.7075562654,316608.26291845774,-98934.76641665668,27048.52675186651,-743928.052392733,-958007.7784893536,1280954.0691669954,516674.5910756038,1330728.7784533266,-2219919.7139352276,1578186.4275892423,-130301.27944610908,997432.7814965317,598964.5778661964,-79317.44478707894,-337567.7242643785,-1255303.6076318123,189087.92830836913,528203.2978136844,-300083.91936625,-279223.7012000332,-1538889.5508151024,817261.8954941265,1692978.0735556334,744748.198804988,1124640.8991697917,1527894.9990718656,-892689.419749014,-89470.52396339709,-156923.59186846178,625470.2016370402,916857.9888773833,1391662.3577701503,-514715.5509807283,-1098460.7361277961,668154.9503521118,-992930.3095974665,116088.88825173196,1163799.1117719556,-310271.0825158804,-1239936.9429174082,-2338912.119751583,-307314.8412032603,-1542880.3404978637,-793858.9724380012,-1594802.153169001,99276.27585701723,-1542376.4643206059,658782.7638685143,2262067.902529434
-134114.9221831373,-352359.1439353386,380556.32785876567,-115304.12704044214,-299519.9354927534,-719736.9600230417,-1427105.228831265,139277.46238957,-43521.96844371796,11898.850539370109,-327256.76822486945,-421431.5882051874,563497.32972218,227287.33141266427,585393.001471972,-976552.3178512569,694250.7887725281,-57320.31415881409,438774.92423082585,263486.56684115645,-34892.36318371706,-148497.59728399958,-552213.1030623846,83180.74997993032,232358.8539713532,-132008.20196547173,-122831.72265235633,-676964.1925800272,359517.0164904872,744748.198804988,327617.9780531346,494734.0224055487,672127.0494446822,-392698.06617192266,-39358.18687257015,-69031.50456709662,275146.78852683684,403329.8522169189,612198.2826967633,-226425.604089645,-483217.6215264606,293924.45523233234,-436794.19025814335,51067.98104729582,511960.6718783633,-136489.44389103475,-545453.7016866974,-1028897.5444188578,-135189.03319412822,-678719.781127586,-349221.88201217237,-701560.1790642338,43671.983385756175,-678498.1645749845,289801.3164829725,995093.0359646813
-202527.54742955434,-532095.2440174953,574676.8250852564,-174119.49963389625,-452302.35816931614,-1086869.7375851993,-2155064.3891478223,210321.54998831786,-65721.76702334774,17968.039448682564,-494190.36921735154,-636402.3060094484,850933.8310078279,343225.5590832216,884000.1900843856,-1474686.198116274,1048385.3264687427,-86558.20061126766,662591.9193849101,397891.9046086236,-52689.6003383192,-224244.973981081,-833895.5406998772,125610.16021062092,350884.0823547759,-199344.90221573482,-185487.48422539583,-1022279.8303496575,542904.7061182112,1124640.8991697917,494734.0224055487,747096.7379196765,1014977.7383117444,-593010.6627282932,-59435.76413388409,-104243.48786462445,415498.8188847431,609065.9465616631,924477.2976678654,-341924.0292895611,-729704.3857659125,443852.8975527245,-659601.1606692764,77117.58396243169,773107.2927006222,-206112.5540273656,-823686.4455813457,-1553732.639839778,-204148.64806059186,-1024930.7735990601,-527358.5872220788,-1059422.9400976677,65949.11602450794,-1024596.0368570865,437627.7468244896,1502686.3096071682
-275146.49094109534,-722884.5263278318,780734.4644066772,-236552.12194551353,-614480.8109688951,-1476580.2426356245,-2927789.626760861,285734.9544231259,-89287.02668175696,24410.653564039585,-671388.6512778314,-864592.3463387972,1156046.7093234276,466293.40187462,1200969.6436184975,-2003453.2613576108,1424297.0730947417,-117594.60290464267,900172.5291437545,540561.258415625,-71581.98295645829,-304650.7755764884,-1132899.386354657,170649.1704280322,476697.9737128387,-270822.5116829467,-251996.3216575407,-1388830.9775481387,737570.0090552968,1527894.9990718656,672127.0494446822,1014977.7383117444,1378910.9366315738,-805641.9536871857,-80747.33993619189,-141621.23974917096,564481.1755322745,827454.1063358609,1255960.1534530527,-464525.14799714147,-991348.9420383464,603001.7606370811,-896109.4263440635,104769.05995607,1050314.3400185409,-280016.8633295793,-1119029.3681196359,-2110842.8104809355,-277348.7150651248,-1392432.4764477094,-716449.5961445282,-1439292.3320657697,89596.05572106516,-1391977.6398113521,594544.6189516562,2041493.394652932
160756.01383374914,422354.03834194137,-456152.19987573026,138209.007949227,359018.6901731437,862710.2406636054,1710594.1095407286,-166944.54386951937,52167.56896470446,-14262.597558952184,392264.66047312546,505147.1814169716,-675434.0297991104,-272437.0455489776,-701678.7464896193,1170540.7491675697,-832160.8202670049,68706.99502060321,-525935.8187379198,-315826.6122257203,41823.884176869506,177996.18688254635,661907.754829244,-99704.44513299676,-278515.995733656,158231.1197526258,147231.78401967484,811440.5772651671,-430933.69812719384,-892689.419749014,-392698.06617192266,-593010.6627282932,-805641.9536871857,470706.1752245012,47176.25160981034,82744.49977016705,-329803.3673488661,-483449.85611281585,-733809.1379875786,271404.1980786809,579206.9394702746,-352311.629557616,523561.5369410999,-61212.41542561996,-613660.1325662353,163602.40795696163,653806.0545800219,1233284.1065084008,162043.71532530076,813544.9465710594,418593.3495606795,840922.2560195122,-52347.18518702131,813279.3247228848,-347369.1561757935,-1192764.051341263
16112.766671699834,42330.25241585624,-45718.533442063825,13851.574042057067,35981.95792906284,86464.53256293178,171445.11563427417,-16731.658479456422,5228.1250090826925,-1429.2200189484795,39316.03085509501,50629.03745976406,-67695.24736179362,-27305.218123180228,-70326.93371464746,117317.63236319477,-83404.23701317295,6885.53418375917,-52712.2565646745,-31655.42008566026,4190.97888038802,17839.406695806436,66340.97891090014,-9992.447618462958,-27914.509537082304,15858.781031772809,14756.318008386266,81326.75409347583,-43190.46709922796,-89470.52396339709,-39358.18687257015,-59435.76413388409,-80747.33993619189,47176.25160981034,4729.094664851012,8292.659108215335,-33055.42961575061,-48453.695271489676,-73546.20926532369,27201.524594865277,58051.206951501685,-35309.927386536765,52474.53084508603,-6135.10175958693,-61503.00666631971,16397.516755910263,65527.6927773467,123606.2430702266,16241.167997023846,81537.56384363578,41953.98447964112,84282.17141125396,-5246.726453098572,81510.86806240742,-34815.40008775176,-119546.30894810721
28258.538850245157,74244.72438439862,-80185.70596008185,24295.61817934854,63111.345859072055,151654.13448799067,300701.18416023784,-29346.986495122346,9170.554011165992,-2507.287844350334,68954.7795366643,88798.41441056153,-118733.09637404163,-47891.022383404976,-123346.06220940064,205766.6599590716,-146283.32456200197,12078.09893966184,-92452.94054763205,-55517.75357459074,7352.467276838269,31289.67198897177,116354.78114288166,-17526.997516999792,-48959.608110870955,27815.071961991714,25881.538624180106,142641.27665514903,-75752.84516323685,-156923.59186846178,-69031.50456709662,-104243.48786462445,-141621.23974917096,82744.49977016705,8292.659108215335,14545.649768801368,-57975.007509846524,-84984.60430715537,-128994.59743443195,47709.52490795294,101817.39327433522,-61932.270944673444,92035.46892150404,-10760.354990613592,-107874.39017177063,28759.11971868973,114931.07418397864,216796.10899181137,28485.153799873646,143011.26276885587,73583.37948855227,147823.5526865045,-9201.91456909494,142964.56720774478,-61063.09140920321,-209672.6987146613
-112636.0778562205,-295925.25857656606,319607.17148240027,-96836.64532459779,-251548.27912512553,-604463.507435005,-1198541.2035533641,116970.39719052917,-36551.173949012606,9992.897086706213,-274844.7215187316,-353935.8792471086,473247.59729572886,190885.2363796207,491637.75099720317,-820148.1338426969,583060.6369395511,-48139.30329174804,368501.1799766639,221288.30908939036,-29303.192672460995,-124713.97263938529,-463772.0057046779,69858.11755241617,195144.54965516287,-110865.85707484004,-103159.0416771621,-568541.8911081005,301936.9308667836,625470.2016370402,275146.78852683684,415498.8188847431,564481.1755322745,-329803.3673488661,-33055.42961575061,-57975.007509846524,231080.27697335187,338732.5603795289,514148.9279025634,-190161.36573092488,-405825.8407527812,246849.10919059167,-366837.92406053207,42889.03816163402,429964.1005056363,-114629.76846406452,-458094.03432469524,-864109.9193163698,-113537.54606273994,-570016.1575403566,-293291.0912507195,-589199.1768892101,36677.685941628144,-569830.0322544641,243387.17871415016,835720.6913241112
