V1,V2,V3,V4,V5,V6,V7,V8,V9,V10,V11,V12,V13,V14,V15,V16,V17,V18,V19,V20,V21,V22,V23,V24,V25,V26,V27,V28,V29,V30,V31,V32,V33,V34,V35,V36,V37,V38,V39,V40,V41,V42,V43,V44,V45,V46,V47,V48,V49,V50,V51,V52,V53,V54,V55,V56
423810.7069926555,95646.72255286376,295628.91105050046,684456.28885395406,-33976.53250363791,-409076.6014619963,261785.67937512742,-637618.8558084259,-342611.03742196044,-132267.8917801257,573474.6097650101,-79004.1873529149,152981.71495945958,503722.4881802065,-259663.8926293849,471990.7909104808,-487800.1042274843,134141.83150440018,-490133.8568615193,-28549.19274692732,392755.58114132425,26103.682438871583,-370690.48540855164,476979.17224392795,-254303.61789331693,-641548.5797201699,-288176.89825077495,482654.66617800994,147459.45473428862,-162243.12538763875,516933.50513385003,850331.3088716367,391349.8259632075,-1168697.2077056982,-156383.30989631035,-263349.1627903597,562961.4049323349,-1022669.1914458955,-1311452.9096580166,301980.1824519669,-668756.1729279618,-364114.7585571982,169668.05050041774,-106026.19798877931,872716.6081574206,111553.83293063389,214480.25555455455,-902027.8404459829,-491903.0707483088,845004.1558512326,-639194.745269073,-257008.38898608615,193853.5768997457,-302986.10737108375,243552.46888384913,-259137.1428938452
95646.72255286376,21585.846161572892,66718.28039968907,154469.8853854787,-7667.943108078136,-92321.57491681862,59080.44990984568,-143899.3893237099,-77321.38964883258,-29850.508484121798,129423.31437175821,-17829.898938051065,34525.18683909887,113681.44394034837,-58601.6688950166,106520.104173136,-110087.95083715186,30273.552874940953,-110614.69077041488,-6443.0431012836725,88637.94517560472,5891.141697178249,-83658.44927888182,107645.7785277955,-57391.84777429897,-144786.39204437274,-65036.44484001176,108926.83657778784,33279.013273240955,-36615.35483453665,116662.87791492265,191904.93585156958,88321.01267369154,-263754.60182366986,-35292.99552452287,-59433.30667637327,127050.60887140616,-230798.72855503872,-295972.1734479147,68151.596360299,-150926.50505338726,-82174.3544569086,38291.14163427242,-23928.372225026706,196957.03310581364,25175.792210515443,48404.51715826656,-203571.95640174655,-111013.88904944762,190702.69386953895,-144255.10656317073,-58002.28632560587,43749.35941889422,-68378.7864253478,54965.64728747387,-58482.70892379303
295628.91105050046,66718.28039968907,206215.89362560012,477441.8315003377,-23700.155879539612,-285350.8842246022,182608.55528765862,-444770.72946352157,-238988.30883856685,-92263.18983711209,400026.5742605245,-55109.2838662573,106711.93669662288,351371.0940378402,-181128.07329232214,329236.69510635175,-340264.58314978314,93570.49956982101,-341892.50157390034,-19914.429583972564,273966.4152278636,18208.694623591437,-258574.84570273123,332716.5337907063,-177389.15172628005,-447511.8744698111,-201017.3618177706,336675.00004822324,102860.1936015555,-113172.81708806101,360586.4775953405,593147.9596211414,272985.9494063654,-815223.5541869928,-109085.21044444447,-183698.7357874637,392693.4686083103,-713362.1257134557,-914802.878210798,210645.99023945068,-466490.58306741883,-253987.58584878934,118351.81144538558,-73958.48114708341,608762.7224602142,77814.2217698697,149610.34894161802,-629208.8569631774,-343126.5920222387,589431.8770937657,-445869.4511471536,-179276.1452593594,135222.47766724706,-211347.43113014073,169889.53349103453,-180760.9191762046
684456.28885395406,154469.8853854787,477441.8315003377,1105401.0077543724,-54872.650288397286,-660661.176349045,422784.8848358052,-1029757.6731022962,-553317.7941811882,-213614.10596004274,926164.9927779058,-127592.18320532903,247067.8076421593,813514.8595124091,-419359.3068154562,762268.092019515,-787799.993053297,216639.63855299042,-791568.8053031329,-46107.27460662717,634302.7409113073,42157.322419411525,-598667.0285308565,770324.1360463182,-410702.3601095883,-1036103.8313664641,-465408.1636404676,779490.8911986845,238147.99623653034,-262023.06285468218,834850.7900587115,1373289.8296081412,632030.9842427955,-1887453.3559069051,-252559.39979222597,-425311.2429526488,909185.1292902526,-1651615.968217173,-2118003.649653483,487700.08016743866,-1080044.562938565,-588048.5649892953,274014.79428715195,-171232.56956918308,1409442.059053278,180160.15588132583,346387.2015978271,-1456779.9056046812,-794426.4605580007,1364686.8587885408,-1032304.194124261,-415069.62208242854,313074.4463456193,-489324.8334699313,393339.2108816826,-418508.00194651744
-33976.53250363791,-7667.943108078136,-23700.155879539612,-54872.650288397286,2724.0815164609303,32795.64871432415,-20986.988923404544,51117.32270150847,27466.545242379438,10604.135926219607,-45975.37749364524,6333.743261003524,-12265.040372217727,-40383.32339489498,20817.483391373735,-37839.40921468419,39106.68673021779,-10754.076931120462,39293.73480352736,2288.8398265808664,-31486.992257604492,-2092.585903698758,29718.03835455856,-38239.105319828246,20387.618067711075,51432.32645694044,23103.333899240595,-38694.68149841408,-11821.802017557302,13006.622744527658,-41442.41121148292,-68170.58723092086,-31373.92731981819,93694.2254966382,12536.929030233256,21112.962149884464,-45132.02082378217,81986.72054303817,105138.51786065333,-24209.7073397242,53613.529893739586,29191.446191667565,-13602.189736890145,8500.012778395305,-69965.25610619954,-8943.289708896893,-17195.01004552632,72315.0314005298,39435.66081681994,-67743.7085420472,51244.412501517494,20604.0254150916,-15541.045547470403,24290.605348734953,-19525.857410724315,20774.889489525307
-409076.6014619963,-92321.57491681862,-285350.8842246022,-660661.176349045,32795.64871432415,394855.3115422589,-252684.26171031938,615451.3808883912,330699.52158195473,127669.91524967067,-553537.9803968379,76257.6393310643,-147663.95372816728,-486210.68917266495,250637.172314427,-455582.1015268828,470841.54574545886,-129478.42321820375,473094.1518773567,27556.75078948758,-379101.12137774867,-25195.983212736803,357803.33940414665,-460396.61882464745,245462.94689633665,619244.5723149594,278158.75950096693,-465875.8409782162,-142333.03981319262,156602.1264042099,-498962.3062397933,-820769.1870861779,-377744.051027689,1128067.6086303901,150946.25635940407,254194.30138527296,-543389.4631993473,987115.6801979789,1265859.9522589084,-291481.82877047104,645506.0893107571,351456.98593248567,-163769.49134036005,102340.20083919725,-842376.4603169704,-107675.7750994267,-207024.18431234034,870668.4276878352,474801.8962397681,-815627.5187015662,616973.640281898,248073.08449043342,-187114.0407084014,292453.32939856645,-235085.94122312925,250128.12303524025
261785.67937512742,59080.44990984568,182608.55528765862,422784.8848358052,-20986.988923404544,-252684.26171031938,161703.7578673103,-393853.9334028522,-211629.2200804837,-81701.02020335144,354232.0276424437,-48800.43905400211,94495.69830494252,311146.5673317687,-160392.7559488826,291546.0896407748,-301311.5223733181,82858.65773993872,-302753.07398707705,-17634.650132280916,242603.09486430697,16124.185761594292,-228973.51256119472,294627.56822437013,-157081.86767409588,-396281.2671163612,-178005.15006357103,298132.8610195802,91084.89018353148,-100216.94193152979,319306.9888386645,525245.1239565419,241734.84069119982,-721897.7783608877,-96597.27158546683,-162669.1367973073,347738.410320635,-631697.3123026702,-810077.3796374142,186531.50468854004,-413087.33533724217,-224911.40806474295,104803.04304111234,-65491.798341574824,539072.3176175936,68906.1434968313,132483.13538733445,-557177.8116455425,-303845.89136668516,521954.4519989816,-394826.8770698026,-158752.83903857018,119742.37869653861,-187152.6336709214,150440.78418663915,-160067.63790377614
-637618.8558084259,-143899.3893237099,-444770.72946352157,-1029757.6731022962,51117.32270150847,615451.3808883912,-393853.9334028522,959291.4493979416,515454.6084828098,198996.00783844924,-862786.641672498,118860.92379327716,-230160.09712131124,-757845.357927024,390661.6975071335,-710105.5038590427,733890.538735561,-201814.79336187712,737401.45228625,42952.05246055037,-590897.3742942793,-39272.70226619586,557699.943725426,-717610.8005741277,382597.52059324726,965203.198681363,433559.6218345436,-726149.0447332802,-221851.3564565275,244093.3667043264,-777721.4110573119,-1279315.1092526633,-588781.2144134776,1758293.5089120027,235277.02617664516,396206.3829082032,-846969.6409731007,1538595.2394915856,1973067.5756198685,-454326.47993327334,1006137.294862602,547807.2470644589,-255263.83025822663,159514.98003997622,-1312993.1643269244,-167831.54576516995,-322683.314528659,1357091.9751418137,740063.543300835,-1271300.5285500325,961662.3738124629,386666.59932442155,-291650.8024012669,455839.3881412612,-366422.07986186165,389869.3611872628
-342611.03742196044,-77321.38964883258,-238988.30883856685,-553317.7941811882,27466.545242379438,330699.52158195473,-211629.2200804837,515454.6084828098,276969.2303962052,106925.50814064448,-463599.63002268854,63867.41313032439,-123670.09929447173,-407211.69948034,209913.14718275142,-381559.54967537447,394340.040266031,-108441.08553375647,396226.8221023154,23079.189372050514,-317505.4042908736,-21102.549250332897,299668.2405472423,-385592.32441929047,205579.91025749792,518631.7088336838,232963.04747550422,-390179.86900265585,-119206.8679545536,131158.52278680858,-417891.4962645109,-687412.1989023284,-316370.1061369235,944780.2368558466,126421.45574514341,212892.1783660094,-455101.4084369272,826731.4240437136,1060185.403710704,-244122.0329281077,540626.2060249196,294351.37094268703,-137160.57018364812,85712.38716242423,-705508.7248283776,-90180.63219536982,-173386.6687924909,729204.0258498676,397656.7824786214,-683105.4007085824,516727.5122450513,207767.16716447048,-156712.34786799946,244935.12586657036,-196888.6389203948,209487.74686166446
-132267.8917801257,-29850.508484121798,-92263.18983711209,-213614.10596004274,10604.135926219607,127669.91524967067,-81701.02020335144,198996.00783844924,106925.50814064448,41280.576446525854,-178977.47923344534,24656.588747178626,-47745.98970151058,-157208.3141836146,81039.80009582118,-147305.2220770146,152239.02060762956,-41864.465461102795,152967.1202210228,8910.167495284282,-122576.59143587941,-8146.523913300746,115689.60144815539,-148861.9697182241,79366.92794276125,200221.97295866298,89938.7951018451,-150633.80199079175,-46021.190211251145,50634.541199599,-161331.4989726364,-265382.30970745994,-122136.1993094256,364742.74861319544,48805.612363104454,82190.19893578254,-175695.52887865994,319167.1177517431,409294.7815637768,-94246.27743717273,208713.72119472333,113638.70581797311,-52952.10517264527,33089.598127774545,-272368.3351785146,-34815.19867452851,-66938.04811863435,281516.30815553904,153519.70091691508,-263720.1241585546,199489.11436640625,80210.15617027575,-60500.16626340022,94560.21930425389,-76011.44463051225,80874.92581236824
573474.6097650101,129423.31437175821,400026.5742605245,926164.9927779058,-45975.37749364524,-553537.9803968379,354232.0276424437,-862786.641672498,-463599.63002268854,-178977.47923344534,775991.453863743,-106903.69974337255,207006.76745611493,681606.995644087,-351362.1451129029,638669.5985606239,-660061.5166984367,181512.55230363065,-663219.2978557587,-38631.16784830252,531453.0170223155,35321.6507021595,-501595.79196507856,645419.1566011561,-344108.69709528337,-868103.9943676485,-389944.1929009728,653100.0038239727,199533.301490006,-219536.92037377474,699483.2895763344,1150616.65784389,529549.9995265558,-1581410.884890767,-211607.91854005502,-356348.91034003627,761764.5901091831,-1383813.5740608901,-1774578.491724985,408621.49772088893,-904919.6825948191,-492699.1197583358,229584.48475563517,-143468.0824537837,1180907.1547615188,150948.02052342414,290222.1248516188,-1220569.178015292,-665613.4867116706,1143408.669471285,-864920.5548996069,-347767.7509914417,262310.7070313955,-409983.12463231024,329561.1646288161,-350648.661270382
-79004.1873529149,-17829.898938051065,-55109.2838662573,-127592.18320532903,6333.743261003524,76257.6393310643,-48800.43905400211,118860.92379327716,63867.41313032439,24656.588747178626,-106903.69974337255,14727.49476888989,-28517.940930747427,-93900.91106302459,48405.03355643779,-87985.6578942166,90932.69080536274,-25005.9370256596,91367.75395015597,5321.96952523625,-73215.01310805681,-4866.066170162347,69101.87789650026,-88915.46958038563,47405.73303511009,119593.53903897037,53720.19334257756,-89973.64671766893,-27488.48805461932,30244.273940884905,-96363.59164527821,-158513.53543542605,-72953.06620436997,217861.43282587992,29151.985767795566,49091.99225280775,-104943.78434398778,190639.75927372157,244473.0704619467,-56293.27776144145,124665.32641628031,67876.12584207034,-31628.486375027867,19764.79991979814,-162686.53641799014,-20795.211660870897,-39982.16137888614,168150.4868973808,91697.53176222501,-157520.51174254683,119154.83931037984,47909.88398002733,-36136.973861801656,56480.92043019228,-45401.666336635935,48306.743643960624
152981.71495945958,34525.18683909887,106711.93669662288,247067.8076421593,-12265.040372217727,-147663.95372816728,94495.69830494252,-230160.09712131124,-123670.09929447173,-47745.98970151058,207006.76745611493,-28517.940930747427,55224.56026292867,181828.38327553088,-93731.6379893643,170374.52527872566,-176080.87749482752,48420.535888169186,-176922.79037351327,-10305.701692110295,141773.35968339036,9422.14303207167,-133807.2413184584,172175.05579745935,-91796.85197317979,-231577.63476568344,-104024.55611015475,174224.7004575221,53228.5724335766,-58564.041331157445,186597.41108016387,306943.16668969346,141262.58629937773,-421864.7296505647,-56448.55053439222,-95062.41945519124,203210.21379995922,-369150.548804053,-473393.13494108623,109006.30361133353,-241399.67072792762,-131436.21012492402,61244.73070243455,-38271.30765771737,315022.996822458,40267.53795882015,77421.2469761338,-325603.77416790265,-177562.2705800456,305020.9610045159,-230731.37148121148,-92771.431270076,69974.83785179668,-109369.33301861578,87915.71290541826,-93540.61511617884
503722.4881802065,113681.44394034837,351371.0940378402,813514.8595124091,-40383.32339489498,-486210.68917266495,311146.5673317687,-757845.357927024,-407211.69948034,-157208.3141836146,681606.995644087,-93900.91106302459,181828.38327553088,598702.6092557518,-308625.6518776522,560987.7423446355,-579777.7803451727,159435.0159560484,-582551.4589726849,-33932.4320513452,466812.0807296194,31025.470279290144,-440586.31363447587,566916.4275697785,-302254.5100181993,-762515.8955595174,-342514.9964659166,573662.889443655,175263.92465000632,-192834.56643805897,614404.6316092411,1010666.3526613504,465140.4180149258,-1389062.7160849697,-185869.91877347048,-313005.9009220855,669110.6389206283,-1215499.3077964215,-1558735.199553293,358920.5973962569,-794853.7420560383,-432771.71547368245,201659.95221914237,-126017.91226566449,1037272.5304734543,132588.08097325094,254922.1500324678,-1072110.4974444795,-584654.4731025054,1004335.0561353093,-759719.603279383,-305468.5477862251,230405.68654428908,-360116.4991767247,289476.31828762725,-307999.02890819556
-259663.8926293849,-58601.6688950166,-181128.07329232214,-419359.3068154562,20817.483391373735,250637.172314427,-160392.7559488826,390661.6975071335,209913.14718275142,81039.80009582118,-351362.1451129029,48405.03355643779,-93731.6379893643,-308625.6518776522,159094.0555354693,-289184.0164303168,298869.91214055615,-82187.18608978219,300299.6297396565,17491.93840437677,-240637.18494891582,-15993.148792250442,227117.96051346665,-292239.93337660516,155809.64172706543,393069.2109276021,176563.69745567758,-295718.39764167316,-90346.9572054834,99403.95522742355,-316719.8709916135,-520988.78515808913,-239774.8217654813,716049.0423243287,95813.825935077,161352.10081127367,-344919.6924814104,626578.0137893328,803513.0477820933,-185020.3113133897,409739.1078255815,223090.44939128603,-103953.75303213464,64960.912610835185,-534704.0374734009,-68347.97817283482,-131410.2336967996,552662.590386284,301383.8668053643,-517725.333045019,391628.8810852739,157465.83717250198,-118771.79756677477,185637.0764715703,-149222.76377490503,158770.5591875622
471990.7909104808,106520.104173136,329236.69510635175,762268.092019515,-37839.40921468419,-455582.1015268828,291546.0896407748,-710105.5038590427,-381559.54967537447,-147305.2220770146,638669.5985606239,-87985.6578942166,170374.52527872566,560987.7423446355,-289184.0164303168,525648.7605814454,-543255.1529427457,149391.42313940966,-545854.0268617972,-31794.916902892845,437405.7871932288,29071.02122038193,-412831.81753692846,531204.0793014626,-283214.32464768615,-714481.6375165086,-320938.67371639103,537525.4167456779,164223.33466198164,-180687.14324441284,575700.704385341,947000.2011830657,435838.9312462433,-1301559.820988482,-174161.1174339186,-293288.4266751506,626960.402575674,-1138929.6532655333,-1460543.701918252,336310.7788672272,-744782.5940097007,-405509.70478029666,188956.5050817102,-118079.3551086809,971930.1903537513,124235.76409149478,238863.4961105988,-1004573.6929544848,-547824.6949797188,941067.7815653044,-711861.7523706,-286225.775288512,215891.44960104043,-337431.1762683573,271240.92774901626,-288596.8955842331
-487800.1042274843,-110087.95083715186,-340264.58314978314,-787799.993053297,39106.68673021779,470841.54574545886,-301311.5223733181,733890.538735561,394340.040266031,152239.02060762956,-660061.5166984367,90932.69080536274,-176080.87749482752,-579777.7803451727,298869.91214055615,-543255.1529427457,561451.3831920982,-154395.21855724277,564137.308657262,32859.84503698215,-452056.6902850322,-30044.836606289664,426659.51389656053,-548996.7485997819,292700.4065577148,738413.2060969418,331688.2588819093,-555529.3443142573,-169723.93429916713,186739.47776577828,-594983.6038040039,-978719.806106662,-450437.419130554,1345155.0465130692,179994.75734991068,303111.8111994463,-647960.4877945002,1177077.8910087652,1509464.2377650973,-347575.4012160151,769729.1837391001,419091.8105950475,-195285.55954458157,122034.37544121766,-1004484.7211344861,-128396.9464865108,-246863.99313222145,1038221.7282793989,566173.9705215184,-972588.5533829808,735705.0938127773,295812.99296087725,-223122.75721295556,348733.07301793154,-280325.7876278728,298263.40334915894
134141.83150440018,30273.552874940953,93570.49956982101,216639.63855299042,-10754.076931120462,-129478.42321820375,82858.65773993872,-201814.79336187712,-108441.08553375647,-41864.465461102795,181512.55230363065,-25005.9370256596,48420.535888169186,159435.0159560484,-82187.18608978219,149391.42313940966,-154395.21855724277,42457.825821244354,-155133.97543424554,-9036.178041107387,124312.15592319402,8262.161610879704,-117328.62504022515,150970.11633937445,-80490.4156995198,-203058.83726932388,-91211.73819356595,152766.8137487561,46672.866095379155,-51351.97696069987,163616.37172256398,269141.2237676185,123867.78665411314,-369908.3388156715,-49497.436100456434,-83353.51143320405,178184.89719273298,-323688.7153985039,-415092.61525257764,95580.65362053228,-211670.11763346783,-115247.18430143868,53702.24755294003,-33558.90155820983,276226.68737886206,35308.34408949414,67885.97445683666,-285503.8946081938,-155693.80778384235,267455.10743492295,-202313.67774755822,-81346.55887879258,61357.23432638779,-95899.33119770535,77087.78294926335,-82020.33162517224
-490133.8568615193,-110614.69077041488,-341892.50157390034,-791568.8053031329,39293.73480352736,473094.1518773567,-302753.07398707705,737401.45228625,396226.8221023154,152967.1202210228,-663219.2978557587,91367.75395015597,-176922.79037351327,-582551.4589726849,300299.6297396565,-545854.0268617972,564137.308657262,-155133.97543424554,566836.1913384355,33016.995414896985,-454219.0966411072,-30188.622796346262,428700.7697085091,-551622.9962072053,294100.50304981554,741945.9943236085,333274.8019804397,-558186.9130724207,-170535.84325383007,187632.8344959605,-597829.9378539094,-983401.973524402,-452592.77094342984,1351590.1028308088,180855.97221416564,304561.7022923554,-651060.5145187178,1182709.2742885656,1516685.6715690764,-349238.0353360345,773411.5233667102,421096.4934744353,-196219.84131353378,122618.38729940994,-1009290.3307228362,-129011.22118757565,-248044.97981720782,1043188.59257838,568882.4187325151,-977241.305125296,739224.4644709851,297228.2060811607,-224190.19395998784,350401.4130461986,-281666.85599751666,299690.2477795099
-28549.19274692732,-6443.0431012836725,-19914.429583972564,-46107.27460662717,2288.8398265808664,27556.75078948758,-17634.650132280916,42952.05246055037,23079.189372050514,8910.167495284282,-38631.16784830252,5321.96952523625,-10305.701692110295,-33932.4320513452,17491.93840437677,-31794.916902892845,32859.84503698215,-9036.178041107387,33016.995414896985,1923.2093587301463,-26457.405114972295,-1758.3737515717926,24970.875062648705,-32130.937601099187,17130.866910914938,43216.652505774706,19412.743846949135,-32513.371776570682,-9933.387653801059,10929.147664461054,-34822.40245285391,-57281.117959796306,-26362.313722856612,78727.46054167558,10534.378590538034,17740.252646220568,-37922.76986292433,68890.21605138032,88343.71678680525,-20342.482655165008,45049.55256604954,24528.21918437848,-11429.37863183665,7142.171807848327,-58788.99890692331,-7514.643187554423,-14448.164820690383,60763.54059468001,33136.27956094057,-56922.353253934474,43058.49412658272,17312.858120535395,-13058.581543625478,20410.235442253972,-16406.598150627757,17456.34991058435
392755.58114132425,88637.94517560472,273966.4152278636,634302.7409113073,-31486.992257604492,-379101.12137774867,242603.09486430697,-590897.3742942793,-317505.4042908736,-122576.59143587941,531453.0170223155,-73215.01310805681,141773.35968339036,466812.0807296194,-240637.18494891582,437405.7871932288,-452056.6902850322,124312.15592319402,-454219.0966411072,-26457.405114972295,363977.1345853417,24190.786335212142,-343527.732049032,442028.983327111,-235670.05004600078,-594538.379807729,-267061.47642708704,447288.2911414986,136654.5019990981,-150354.80818134063,479055.3538904115,788023.2964469397,362672.20469758916,-1083061.2874069975,-144923.95567124774,-244052.8000865218,521709.8034336301,-947732.2420819203,-1215355.561330879,279853.0783200846,-619753.1886867841,-337434.9459707419,157235.49310276067,-98256.48141907097,808767.7126363888,103379.62724488546,198764.1931655168,-835931.6380440594,-455859.23379062314,783086.7335261187,-592358.3962884535,-238175.9642797663,179648.89430449912,-280784.7139418651,225706.11258658115,-240148.99702846308
26103.682438871583,5891.141697178249,18208.694623591437,42157.322419411525,-2092.585903698758,-25195.983212736803,16124.185761594292,-39272.70226619586,-21102.549250332897,-8146.523913300746,35321.6507021595,-4866.066170162347,9422.14303207167,31025.470279290144,-15993.148792250442,29071.02122038193,-30044.836606289664,8262.161610879704,-30188.622796346262,-1758.3737515717926,24190.786335212142,1607.8733017274983,-22831.80494423997,29378.372281299446,-15663.051675686218,-39514.805058844824,-17749.32037731383,29727.63927346786,9082.364486448796,-9993.141740888088,31839.173551251668,52374.08232344728,24104.519969425313,-71982.80363939436,-9632.196225932585,-16220.096307170195,34674.42024224554,-62988.91361637643,-80775.73874125906,18599.63905844271,-41190.55154976133,-22426.409784741656,10450.2980905014,-6530.485629571537,53752.85352767408,6870.847064314016,13210.254182315104,-55558.23234725997,-30297.515575325437,52045.84937431313,-39369.31706830898,-15829.918552538711,11939.989499819796,-18661.487052779154,15000.807166301065,-15960.908100771338
-370690.48540855164,-83658.44927888182,-258574.84570273123,-598667.0285308565,29718.03835455856,357803.33940414665,-228973.51256119472,557699.943725426,299668.2405472423,115689.60144815539,-501595.79196507856,69101.87789650026,-133807.2413184584,-440586.31363447587,227117.96051346665,-412831.81753692846,426659.51389656053,-117328.62504022515,428700.7697085091,24970.875062648705,-343527.732049032,-22831.80494423997,324228.3969181786,-417194.7935584176,222429.42032834832,561137.1843325258,252057.0838405988,-422159.2882729798,-128976.9863549137,141907.47569720325,-452141.4174211417,-743751.2669956727,-342298.2298615915,1022213.5670733479,136782.22467509678,230341.29469960052,-492400.05303082423,894488.4651787087,1147076.2668585486,-264130.1725448091,584934.4777530149,318477.0620861525,-148401.96690842998,92736.9846089695,-763330.9082900409,-97571.79818732286,-187597.5701106819,788968.1802766309,430248.2174925212,-739091.9015601837,559078.6623694107,224795.00900343648,-169556.03695183733,265010.2290042573,-213025.97162178042,226657.03033040982
476979.17224392795,107645.7785277955,332716.5337907063,770324.1360463182,-38239.105319828246,-460396.61882464745,294627.56822437013,-717610.8005741277,-385592.32441929047,-148861.9697182241,645419.1566011561,-88915.46958038563,172175.05579745935,566916.4275697785,-292239.93337660516,531204.0793014626,-548996.7485997819,150970.11633937445,-551622.9962072053,-32130.937601099187,442028.983327111,29378.372281299446,-417194.7935584176,536818.5561901862,-286207.49617534346,-722032.8806404072,-324330.49634682835,543205.8035400322,165958.96423258795,-182597.22947302158,581785.0671955402,957008.8813017658,440445.05175795086,-1315315.3915655804,-176001.9305596776,-296387.85658796364,633586.7198980044,-1150966.5249570573,-1475979.5407684073,339865.25295354676,-752654.4841093968,-409795.03515403625,190953.49519511632,-119327.08018516873,982202.0086816669,125548.6390994683,241387.67256970826,-1015190.8514249332,-553614.6378484106,951013.6211944941,-719384.895871395,-289251.0338059759,218173.25288350732,-340996.89169591834,274107.089803886,-291647.06966752285
-254303.61789331693,-57391.84777429897,-177389.15172628005,-410702.3601095883,20387.618067711075,245462.94689633665,-157081.86767409588,382597.52059324726,205579.91025749792,79366.92794276125,-344108.69709528337,47405.73303511009,-91796.85197317979,-302254.5100181993,155809.64172706543,-283214.32464768615,292700.4065577148,-80490.4156995198,294100.50304981554,17130.866910914938,-235670.05004600078,-15663.051675686218,222429.42032834832,-286207.49617534346,152593.30539102442,384955.03046181274,172918.93347833923,-289613.5242180557,-88481.94045684913,97352.25932358965,-310181.79878749984,-510234.0680330609,-234824.85329777442,701267.5123652298,93835.98750195962,158021.21507429148,-337799.5188920908,613643.3262270221,786925.8644543247,-181201.06622331138,401281.1892483883,218485.02947062807,-101807.78973737163,63619.68836550361,-523665.89199714153,-66936.9658919281,-128697.32862497125,541254.0137080945,295162.5322656147,-507037.92506153526,383544.3532283829,154215.38939617723,-116320.04944091284,181804.627764994,-146142.01710256553,155493.12037045002
-641548.5797201699,-144786.39204437274,-447511.8744698111,-1036103.8313664641,51432.32645694044,619244.5723149594,-396281.2671163612,965203.198681363,518631.7088336838,200221.97295866298,-868103.9943676485,119593.53903897037,-231577.63476568344,-762515.8955595174,393069.2109276021,-714481.6375165086,738413.2060969418,-203058.83726932388,741945.9943236085,43216.652505774706,-594538.379807729,-39514.805058844824,561137.1843325258,-722032.8806404072,384955.03046181274,971151.9424740681,436231.0675610937,-730624.1207737749,-223218.48044803998,245597.53492019096,-782514.2118136414,-1287199.158175006,-592410.6873783609,1769129.2053834167,236727.18748670293,398647.7906277118,-852189.6590030171,1548077.7851598763,1985227.523231822,-457126.0296938938,1012337.6835923884,551182.8607041935,-256837.046995657,160498.49140698483,-1321085.2148693718,-168865.9354640038,-324671.99118476524,1365455.4209972965,744624.0929440581,-1279135.0504267009,967588.4859737555,389049.5705392584,-293448.18956177286,458648.75338306656,-368680.3678614883,392271.926121809
-288176.89825077495,-65036.44484001176,-201017.3618177706,-465408.1636404676,23103.333899240595,278158.75950096693,-178005.15006357103,433559.6218345436,232963.04747550422,89938.7951018451,-389944.1929009728,53720.19334257756,-104024.55611015475,-342514.9964659166,176563.69745567758,-320938.67371639103,331688.2588819093,-91211.73819356595,333274.8019804397,19412.743846949135,-267061.47642708704,-17749.32037731383,252057.0838405988,-324330.49634682835,172918.93347833923,436231.0675610937,195952.00246881953,-328190.3694836185,-100267.80826009852,110319.52447393733,-351498.22109748714,-578197.487691485,-266103.3784720214,794676.8503253107,106334.87340146788,179069.90001831314,-382794.423566788,695380.7933225496,891744.7243127096,-205337.22126714783,454731.94964231865,247587.58993710997,-115368.62169572747,72093.78489475726,-593418.3991513664,-75853.01942968112,-145839.95515662263,613349.2814896489,334478.376855604,-574575.7055469181,434632.87476751686,174756.87472853618,-131813.8998071435,206021.2073935537,-165608.3281502124,176204.89172267143
482654.66617800994,108926.83657778784,336675.00004822324,779490.8911986845,-38694.68149841408,-465875.8409782162,298132.8610195802,-726149.0447332802,-390179.86900265585,-150633.80199079175,653100.0038239727,-89973.64671766893,174224.7004575221,573662.889443655,-295718.39764167316,537525.4167456779,-555529.3443142573,152766.8137487561,-558186.9130724207,-32513.371776570682,447288.2911414986,29727.63927346786,-422159.2882729798,543205.8035400322,-289613.5242180557,-730624.1207737749,-328190.3694836185,549671.031481666,167933.8378693216,-184768.9776869974,588708.1625817659,968396.4869987465,445685.7759546499,-1330967.6145683888,-178095.72627323322,-299915.5303230246,641125.4068701884,-1164662.330188266,-1493543.0997613803,343909.4305437807,-761609.5172369181,-414672.56774919084,193225.75987319936,-120747.24125042632,993889.9355190966,127042.8755819405,244260.75478627646,-1027270.7343268838,-560202.1601193706,962330.3312049888,-727946.1909820515,-292692.37377840106,220769.10518122435,-345055.6913773117,277369.9746822209,-295117.376498021
147459.45473428862,33279.013273240955,102860.1936015555,238147.99623653034,-11821.802017557302,-142333.03981319262,91084.89018353148,-221851.3564565275,-119206.8679545536,-46021.190211251145,199533.301490006,-27488.48805461932,53228.5724335766,175263.92465000632,-90346.9572054834,164223.33466198164,-169723.93429916713,46672.866095379155,-170535.84325383007,-9933.387653801059,136654.5019990981,9082.364486448796,-128976.9863549137,165958.96423258795,-88481.94045684913,-223218.48044803998,-100267.80826009852,167933.8378693216,51306.71199700314,-56450.338781339735,179860.57917881233,295862.0580222097,136164.78220727688,-406633.6912657067,-54411.434296953514,-91629.29281831358,195875.08871337282,-355824.6294622957,-456303.3933801122,105070.34615694749,-232685.1992327689,-126689.50608186869,59033.83050956592,-36890.323736779384,303650.63297837647,38813.758886702904,74625.78713212804,-313849.1708802897,-171151.56884470745,294008.66646900866,-222400.09079143853,-89422.7256034841,67448.86135950984,-105420.32113471678,84741.149850947,-90163.53242270341
-162243.12538763875,-36615.35483453665,-113172.81708806101,-262023.06285468218,13006.622744527658,156602.1264042099,-100216.94193152979,244093.3667043264,131158.52278680858,50634.541199599,-219536.92037377474,30244.273940884905,-58564.041331157445,-192834.56643805897,99403.95522742355,-180687.14324441284,186739.47776577828,-51351.97696069987,187632.8344959605,10929.147664461054,-150354.80818134063,-9993.141740888088,141907.47569720325,-182597.22947302158,97352.25932358965,245597.53492019096,110319.52447393733,-184768.9776869974,-56450.338781339735,62110.33535262427,-197892.15130346635,-325523.5374648838,-149816.4315736552,447399.7690567764,59866.81563093046,100814.83414398831,-215512.88606273604,391497.7042012559,502049.62064580584,-115603.9378431758,256013.45304056763,139389.7000239562,-64952.22310787274,40588.75728512635,-334092.78573199455,-42704.84703205125,-82106.88939785562,345313.99655350577,188310.19023985427,-323483.99786126823,244695.76880802537,98388.09529312317,-74211.0644111291,115988.45581015019,-93236.08543353535,99202.82168719749
516933.50513385003,116662.87791492265,360586.4775953405,834850.7900587115,-41442.41121148292,-498962.3062397933,319306.9888386645,-777721.4110573119,-417891.4962645109,-161331.4989726364,699483.2895763344,-96363.59164527821,186597.41108016387,614404.6316092411,-316719.8709916135,575700.704385341,-594983.6038040039,163616.37172256398,-597829.9378539094,-34822.40245285391,479055.3538904115,31839.173551251668,-452141.4174211417,581785.0671955402,-310181.79878749984,-782514.2118136414,-351498.22109748714,588708.1625817659,179860.57917881233,-197892.15130346635,630518.5753403502,1037173.0301760825,477339.2969604679,-1425493.5316331375,-190744.681988439,-321215.1104020021,686659.2614809545,-1247377.8813101298,-1599615.809072895,368334.09495894035,-815700.4477427586,-444122.00208440423,206948.8321341948,-129322.78803736239,1064476.7998162492,136065.39992464555,261607.88387264538,-1100228.642007951,-599988.2562099173,1030675.6925402714,-779644.7283507716,-313480.07447283453,236448.53084951107,-369561.0875026014,297068.2385506108,-316076.9332317802
850331.3088716367,191904.93585156958,593147.9596211414,1373289.8296081412,-68170.58723092086,-820769.1870861779,525245.1239565419,-1279315.1092526633,-687412.1989023284,-265382.30970745994,1150616.65784389,-158513.53543542605,306943.16668969346,1010666.3526613504,-520988.78515808913,947000.2011830657,-978719.806106662,269141.2237676185,-983401.973524402,-57281.117959796306,788023.2964469397,52374.08232344728,-743751.2669956727,957008.8813017658,-510234.0680330609,-1287199.158175006,-578197.487691485,968396.4869987465,295862.0580222097,-325523.5374648838,1037173.0301760825,1706100.5037124713,785201.059509117,-2344868.8657580907,-313766.2434601463,-528383.1687661563,1129522.3087271587,-2051877.7167720816,-2631292.227290829,605891.9614569518,-1341788.8730397695,-730559.001615458,340421.0426995432,-212729.97486111184,1751013.918118331,223821.06423043684,430332.3255070322,-1809824.050217797,-986952.1574283832,1695412.465212109,-1282478.0424470669,-515660.0856704045,388946.7295574459,-607910.1033165739,488662.7838075202,-519931.5610899316
391349.8259632075,88321.01267369154,272985.9494063654,632030.9842427955,-31373.92731981819,-377744.051027689,241734.84069119982,-588781.2144134776,-316370.1061369235,-122136.1993094256,529549.9995265558,-72953.06620436997,141262.58629937773,465140.4180149258,-239774.8217654813,435838.9312462433,-450437.419130554,123867.78665411314,-452592.77094342984,-26362.313722856612,362672.20469758916,24104.519969425313,-342298.2298615915,440445.05175795086,-234824.85329777442,-592410.6873783609,-266103.3784720214,445685.7759546499,136164.78220727688,-149816.4315736552,477339.2969604679,785201.059509117,361376.40327464044,-1079181.4678502283,-144405.7816857218,-243177.44353541126,519842.7031034949,-944339.7867647455,-1211004.10311892,278849.788221761,-617533.544189296,-336224.7626796556,156672.62779264376,-97905.87018259808,805872.3140961481,103009.52778783202,198052.23725714814,-832938.0942266898,-454225.89355971623,780281.5881888175,-590235.3600626653,-237323.34584919564,179005.67609542873,-279779.0540406044,224897.62823341964,-239288.67713218843
-1168697.2077056982,-263754.60182366986,-815223.5541869928,-1887453.3559069051,93694.2254966382,1128067.6086303901,-721897.7783608877,1758293.5089120027,944780.2368558466,364742.74861319544,-1581410.884890767,217861.43282587992,-421864.7296505647,-1389062.7160849697,716049.0423243287,-1301559.820988482,1345155.0465130692,-369908.3388156715,1351590.1028308088,78727.46054167558,-1083061.2874069975,-71982.80363939436,1022213.5670733479,-1315315.3915655804,701267.5123652298,1769129.2053834167,794676.8503253107,-1330967.6145683888,-406633.6912657067,447399.7690567764,-1425493.5316331375,-2344868.8657580907,-1079181.4678502283,3222794.57309877,431240.6334063765,726212.0059044482,-1552417.7229320086,2820105.6617973633,3616454.783217111,-832739.7423031738,1844157.506655986,1004083.3106941329,-467875.52445966436,292376.45645458956,-2406598.013905843,-307620.3848828363,-591450.315881709,2487426.6865988863,1356469.7167697255,-2330179.6025533755,1762642.1541844807,708724.1440887228,-534569.1970816292,835513.9070168281,-671620.1176927321,714595.2877976905
-156383.30989631035,-35292.99552452287,-109085.21044444447,-252559.39979222597,12536.929030233256,150946.25635940407,-96597.27158546683,235277.02617664516,126421.45574514341,48805.612363104454,-211607.91854005502,29151.985767795566,-56448.55053439222,-185869.91877347048,95813.825935077,-174161.1174339186,179994.75734991068,-49497.436100456434,180855.97221416564,10534.378590538034,-144923.95567124774,-9632.196225932585,136782.22467509678,-176001.9305596776,93835.98750195962,236727.18748670293,106334.87340146788,-178095.72627323322,-54411.434296953514,59866.81563093046,-190744.681988439,-313766.2434601463,-144405.7816857218,431240.6334063765,57704.565192028516,97173.59434861253,-207729.0754677404,377357.88427229016,483916.8759607468,-111428.39742548804,246766.51319749592,134355.24129617203,-62606.32987059243,39123.030715015935,-322026.2877006341,-41162.5225442046,-79141.50277442533,332841.94225963426,181508.66308053365,-311800.3765276818,235857.8526558874,94834.45008601931,-71530.67742721055,111799.44138855449,-89868.83352132427,95619.75324480618
-263349.1627903597,-59433.30667637327,-183698.7357874637,-425311.2429526488,21112.962149884464,254194.30138527296,-162669.1367973073,396206.3829082032,212892.1783660094,82190.19893578254,-356348.91034003627,49091.99225280775,-95062.41945519124,-313005.9009220855,161352.10081127367,-293288.4266751506,303111.8111994463,-83353.51143320405,304561.7022923554,17740.252646220568,-244052.8000865218,-16220.096307170195,230341.29469960052,-296387.85658796364,158021.21507429148,398647.7906277118,179069.90001831314,-299915.5303230246,-91629.29281831358,100814.83414398831,-321215.1104020021,-528383.1687661563,-243177.44353541126,726212.0059044482,97173.59434861253,163642.33046998855,-349814.93010039366,635470.7125252221,814917.049798661,-187646.46825400396,415554.58730201586,226256.96966481226,-105429.1180609008,65882.67154588265,-542292.8615204523,-69317.99757348446,-133275.31005080405,560506.4781049192,305661.5252792633,-525073.4720691025,397187.4478965978,159700.71131356098,-120457.50646534094,188271.7573757596,-151340.62953029736,161024.02989138567
562961.4049323349,127050.60887140616,392693.4686083103,909185.1292902526,-45132.02082378217,-543389.4631993473,347738.410320635,-846969.6409731007,-455101.4084369272,-175695.52887865994,761764.5901091831,-104943.78434398778,203210.21379995922,669110.6389206283,-344919.6924814104,626960.402575674,-647960.4877945002,178184.89719273298,-651060.5145187178,-37922.76986292433,521709.8034336301,34674.42024224554,-492400.05303082423,633586.7198980044,-337799.5188920908,-852189.6590030171,-382794.423566788,641125.4068701884,195875.08871337282,-215512.88606273604,686659.2614809545,1129522.3087271587,519842.7031034949,-1552417.7229320086,-207729.0754677404,-349814.93010039366,747799.8095802199,-1358444.3040808141,-1742044.8818716905,401129.87657818664,-888330.3726180122,-483665.0221864789,225375.51080398372,-140838.03127460374,1159257.406759479,148180.49260511395,284900.87381602556,-1198192.4841900503,-653410.5602313959,1122445.9818820118,-849062.597917565,-341392.5670516589,257501.95675001814,-402465.97725130647,323518.3649807037,-344220.16005153564
