V1,V2,V3,V4,V5,V6,V7,V8,V9,V10,V11,V12,V13,V14,V15,V16,V17,V18,V19,V20,V21,V22,V23,V24,V25,V26,V27,V28,V29,V30,V31,V32,V33,V34,V35,V36,V37,V38,V39,V40,V41,V42,V43,V44,V45,V46,V47,V48,V49,V50,V51,V52,V53,V54,V55,V56
9.826196171193148,-4.378855191686705,-4.762278202435337,-5.361002974988594,-9.523270261207143,-11.376791454713668,-0.7901362495763049,4.735589080200793,-4.312737472818844,2.769503961739176,11.818939517286186,4.255586656679962,5.178643454218274,-0.8060972295371082,-8.784760355961224,-4.611415317295083,-5.226731741619519,-7.125553443289386,-0.6820494468957875,-16.49710188533172,-9.058340772578767,-3.7885434052920637,10.031599001389027,5.198999041787969,-1.064164416457636,-0.16021196824265588,-0.701250180572094,-3.2557458228001646,0.8888763392778468,-2.821152217964277,1.9671005450237353,-10.318613862482882,-15.675631618576947,-5.612437144138816,8.94509907322615,-4.840475920505833,-7.641293737699221,3.427164956868516,2.094488628019324,-1.1046060235512511,-1.249408000207584,7.454934009134734,3.234216797046759,-0.5903985331831826,15.084840337048282,4.109377165920428,-3.9733490309450556,-3.2683068726726128,2.6894688865082204,-4.304262055507012,2.61944022759746,3.2351643790460356,-2.2100478855449355,-5.167331491459246,-1.5097591771038592,-9.774925204512066
-4.378855191686705,2.424196475086028,1.760233603705905,2.605260059497331,4.736606428942526,6.0736702972161645,2.0017449969569068,-2.3442152280199404,2.0393481102224764,-1.291249807764887,-5.076526067176967,-1.4796079637173347,-3.0353231683983215,0.11107245375938893,3.380758283947892,3.24752344803224,1.6145886421953164,3.3527100418338374,-0.1887308986410544,7.3077180378172955,4.218475397081546,1.9180284201303166,-3.9939164292228964,-2.4936902512078007,0.2243105385102858,0.22534761265836542,0.4644082035512956,2.2784174515145366,-0.8224731921656665,0.44697069612015283,-1.2832366024520512,4.192302550324387,6.459858966154675,3.039445526746299,-4.081169410706748,2.3120879107557064,3.209247625905324,-2.0436046026508707,-1.6684628953207576,0.7693292628058332,1.1307253780497413,-3.7760173018947882,-0.9908150634124206,0.21381320887377583,-7.545808556430126,-1.7390132573164132,2.4585661943032626,2.6879401292350282,-1.0855682905210955,2.764142125911017,-0.8076955966793705,-0.6874865802889614,0.9694079744913667,3.162028786681941,0.3639708000803868,3.3675121620724933
-4.762278202435337,1.760233603705905,2.585268720045235,2.4326697281939405,4.238189307362946,4.745141532747932,-0.8801011834941618,-2.115967686632782,2.000248276175183,-1.298626027151047,-5.873856025106839,-2.3816776252068705,-1.9527744703480834,0.5806536817763727,4.666471522046535,1.3218212653231494,3.0803420219854636,3.3176392216022204,0.7078187542134236,8.029073519030055,4.25084278156628,1.6603035727442537,-5.226619235339377,-2.384331399676794,0.7070942220544167,-0.040236137820748606,0.22356121930499226,0.944171866057533,-0.10432933700704186,1.9876561630282785,-0.6419790957831413,5.311821735230323,7.9996641577071985,2.3078146713909384,-4.262622120232503,2.2273062851583996,3.8534920191583186,-1.2655939785918995,-0.452196741765251,0.3232268323674322,0.16609881630152,-3.265444378040893,-1.912382590321381,0.32395041211440045,-6.680335077368771,-2.0622384912845764,1.3988806810302918,0.6409528962095794,-1.3899964029961571,1.4382532069176182,-1.5448842844601263,-2.1454024400427065,1.0829988994788926,1.8464000132738683,0.9681717533368445,5.494395256414137
-5.361002974988594,2.605260059497331,2.4326697281939405,3.0237655964901036,5.421069868944078,6.666078773328929,1.1854869938164807,-2.690650741544214,2.406693946589161,-1.5370723478194683,-6.361157137436186,-2.1311507921308386,-3.158112842436314,0.32632033853647713,4.548601354971256,3.0612912516628943,2.524807893466354,3.9686859855770353,0.1467842235026255,8.980457259515394,5.0252567369822705,2.1720228599931364,-5.255195416411949,-2.917375571919865,0.4662954380046606,0.1578122353241066,0.452052466914369,2.1547663998393687,-0.6799426692260438,1.1686347521399507,-1.2591917559920198,5.444001123014797,8.311990976627218,3.30827025884401,-4.9237088839662375,2.711779283714158,4.0793312642006425,-2.105968455565847,-1.4789102037420896,0.7293580132716131,0.9441256296645032,-4.274885565056822,-1.5585161607806055,0.2995364795504361,-8.606681997589826,-2.1998263280490757,2.48242151079141,2.3463528881677833,-1.4156661250479459,2.7352506099804823,-1.2646618884758507,-1.42014020072551,1.198683847794753,3.2121952751405454,0.682460037762608,4.880970827816926
-9.523270261207143,4.736606428942526,4.238189307362946,5.421069868944078,9.743203001306494,12.072220007311525,2.4849185083390557,-4.833378096197553,4.302171005544216,-2.7435503181538556,-11.256185379715154,-3.689980878897221,-5.777219933130181,0.5226483890760585,7.957405772366019,5.712067931768299,4.320848165231294,7.0906901998779395,0.14756778807775464,15.94271253140536,8.96859303852037,3.911106879192632,-9.225798890827024,-5.223006476548134,0.7709299007063113,0.31571559024783263,0.8379346318692319,4.0178746033005535,-1.3058220197876,1.889806053581459,-2.3302583550714364,9.57737572279446,14.644555592784215,6.000504984845053,-8.768256073330441,4.852769710631196,7.201459462033612,-3.8596434135298012,-2.796036740049536,1.359307717927415,1.8090280287368996,-7.698169897004944,-2.665072923643568,0.5207991999814983,-15.47804239167938,-3.886564343398891,4.567836475832837,4.451028201371169,-2.488825200548081,5.053284502498931,-2.1638971767870916,-2.349440929138176,2.1257705922626924,5.903560289641165,1.141364030055537,8.443353131916815
-11.376791454713668,6.0736702972161645,4.745141532747932,6.666078773328929,12.072220007311525,15.303477771313396,4.417164740415236,-5.979632270542076,5.242730897979844,-3.3275402599117996,-13.27980028739913,-4.042078323980939,-7.540574106923589,0.4065061345210555,9.037177145256882,7.871099683292066,4.534240629142989,8.626497873297392,-0.25644819847040046,19.007033526143374,10.873994176627754,4.874026388856502,-10.603110325522604,-6.3948887733121476,0.7014935015656336,0.5123556286797194,1.1343910288663452,5.526744117351081,-1.934402773531543,1.5460774961846941,-3.1409435510132298,11.084920823477198,17.033368936325076,7.641231650974068,-10.558148388629817,5.93338805822166,8.430910522462625,-5.064395248498739,-3.9858552680179833,1.8671356113871955,2.665091390334556,-9.595202899205624,-2.788139940554003,0.5787235873830966,-19.21384912987836,-4.562029173700691,6.061121542138018,6.3989606328352675,-2.8739714321357233,6.779814632269016,-2.269242793260608,-2.144401550393336,2.5258710006757106,7.8072237954834875,1.0922881328719418,9.2185769783247
-0.7901362495763049,2.0017449969569068,-0.8801011834941618,1.1854869938164807,2.4849185083390557,4.417164740415236,5.818989253037152,-1.1969195362408305,0.7566163808388636,-0.4217140518214337,-0.28615739584312644,1.1121334945261667,-2.954823576257696,-0.8009225260656037,-1.1568042592128531,4.531526696633641,-2.0730016505306326,1.1916981056368734,-1.6641320616866884,1.1732092468462931,1.3628440663788928,1.1060802868329018,0.855685821360577,-1.0350416749111049,-0.786382038095654,0.5500260132946211,0.5863779488317357,3.1492346129490727,-1.5590416635257713,-2.6000090835536946,-1.5769417133678687,-0.5867861643896571,-0.573496008448763,2.3297179395493597,-1.050476631832968,0.930016094611297,-0.0693475698672435,-2.0771675317800016,-2.73321065292316,1.0554845800056556,2.1028935293644913,-2.183100455815775,1.3115779950966235,-0.12461061275737191,-4.086277691499408,-0.008585657083928212,2.7197312476821316,4.559554067893467,0.1778936445121717,3.297908675962323,1.0440499808038735,2.3712479018677666,0.12369398350161813,3.413605034435539,-0.9560733042841173,-2.6629368071436126
4.735589080200793,-2.3442152280199404,-2.115967686632782,-2.690650741544214,-4.833378096197553,-5.979632270542076,-1.1969195362408305,2.398095020312149,-2.13662776802107,1.3628471405152165,5.6017672864104355,1.8446396573304165,2.855752641741313,-0.2657568749693251,-3.9694441614427873,-2.8124697942878734,-2.1653504328329345,-3.521797377033655,-0.08486816631769556,-7.928746224090496,-4.455645355495967,-1.9394339264478495,4.598937891476699,2.5930921840577428,-0.3892103162640502,-0.15337739313905355,-0.4130828982295747,-1.978637619784099,0.6393458342679674,-0.9587191802327647,1.149261026634974,-4.772041660374267,-7.294698823625138,-2.9712599787500307,4.357873391690503,-2.4094729842084437,-3.585560751528734,1.9072356573998148,1.3731941714275009,-0.6693937877625674,-0.8860617492747298,3.8175133553790817,1.3357623597730095,-0.2600066393432306,7.677457900932068,1.9348471056812018,-2.2553966235030307,-2.1845906102433625,1.2402059636821658,-2.493013200843336,1.0844521679314512,1.1859959781485752,-1.0573869149916004,-2.91550319065135,-0.5747848376284067,-4.221750650011372
-4.312737472818844,2.0393481102224764,2.000248276175183,2.406693946589161,4.302171005544216,5.242730897979844,0.7566163808388636,-2.13662776802107,1.922137192943351,-1.2297067653596474,-5.140064465719678,-1.7642311105059558,-2.4536749621409024,0.2921741134231234,3.722980157484081,2.3202382485013446,2.1164964063350715,3.171496791334187,0.17690949009779292,7.229722720525832,4.0209771098319225,1.7199160687277812,-4.284580139229997,-2.3258303997699423,0.404934881417157,0.10856061955188516,0.34550823247368173,1.6345712682014961,-0.4960401254422096,1.0368981621597275,-0.9643909533377572,4.428050564565757,6.749570159095153,2.5970741020878108,-3.9496095187371223,2.163042978004171,3.3050959420468087,-1.6325272841467082,-1.1019134402367186,0.5536107978559154,0.6909202232023886,-3.384782728653182,-1.3075451158101232,0.24680666053992112,-6.8254436346707985,-1.7807006002547872,1.914830625501112,1.7404272091628525,-1.152332083896139,2.0993356054944794,-1.0603567263284543,-1.2325453518350848,0.9661498783236898,2.481455548485363,0.5859136377808623,4.044703036622066
2.769503961739176,-1.291249807764887,-1.298626027151047,-1.5370723478194683,-2.7435503181538556,-3.3275402599117996,-0.4217140518214337,1.3628471405152165,-1.2297067653596474,0.7875629347890898,3.308206220655863,1.1492061438965593,1.547338332455078,-0.19723987824631456,-2.4115977858140942,-1.4435201801159314,-1.386994776179968,-2.0297305035107622,-0.13286012019057952,-4.644464764865587,-2.5749079343458363,-1.0955888660735078,2.769869982825832,1.4866757416871759,-0.2697656743410764,-0.06372693652840773,-0.21599439502918966,-1.0173292232973266,0.30192958542556925,-0.6974254124595479,0.6034180087003695,-2.8593452890346556,-4.354673456976379,-1.6467428664266996,2.5326778007307786,-1.3830199421699436,-2.130147220913131,1.0281671683389793,0.6789154764638787,-0.34476956432849964,-0.42138558655545744,2.155777633418089,0.8572516185561977,-0.16054748183383621,4.350938224534282,1.1470646848929784,-1.2027297943196515,-1.0695339410167304,0.744446859504161,-1.3151440239160503,0.694950609341144,0.8208508433480611,-0.6210926985673128,-1.5600325767045733,-0.38830210937795206,-2.6359062966389613
11.818939517286186,-5.076526067176967,-5.873856025106839,-6.361157137436186,-11.256185379715154,-13.27980028739913,-0.28615739584312644,5.6017672864104355,-5.140064465719678,3.308206220655863,14.292491922098005,5.28648120760308,5.93592866996922,-1.0694808713739732,-10.78135781595246,-5.066431520641148,-6.57447162905148,-8.49921149309973,-1.0187592502374498,-19.860453743098905,-10.822118153577355,-4.464387471127887,12.257846756676482,6.182171630235812,-1.3806141303353978,-0.13070635389871268,-0.7822960944429371,-3.5827578295460003,0.8974659174251999,-3.7195308047599775,2.202292029326682,-12.574712704214953,-19.066287840087938,-6.533840347239648,10.720964724382132,-5.759733865232101,-9.269887404301429,3.9142762184640887,2.223242762742255,-1.2170759772723185,-1.2717072310626683,8.784019284136015,4.071498548673124,-0.7300097803654907,17.812453419507683,4.979905744792043,-4.502127118088009,-3.4352217591385608,3.280408145676531,-4.836501851873993,3.295463443788816,4.194943795468596,-2.6644969670017495,-5.869260371605707,-1.9402798067277987,-12.155344927510898
4.255586656679962,-1.4796079637173347,-2.3816776252068705,-2.1311507921308386,-3.689980878897221,-4.042078323980939,1.1121334945261667,1.8446396573304165,-1.7642311105059558,1.1492061438965593,5.28648120760308,2.210573858673405,1.6013652526037554,-0.5678579327927383,-4.275406578120188,-0.9457401606238172,-2.893690946618897,-2.92964117877483,-0.7297875918925012,-7.183485828062093,-3.7626489220175814,-1.438307522418574,4.764576989462689,2.095730201934056,-0.6812013229556212,0.06634898340478233,-0.16978886315266742,-0.6803129624464984,0.0090518382993651815,-1.9361388549384178,0.49338542340956226,-4.826813437124432,-7.252286466429187,-1.9559720760553658,3.79035689597717,-1.9597273365506398,-3.4821945297080363,1.0289839725117411,0.2589442667801624,-0.23414062210596964,-0.035121002447355776,2.8283818422882763,1.7978501146334716,-0.29923577548600405,5.806969166061086,1.8610306226025337,-1.1142093009863125,-0.32960243550523566,1.264414062499316,-1.1181916163024284,1.451513521659185,2.066036611483157,-0.9708336016511266,-1.48029494976464,-0.926134765941242,-5.10497448375852
5.178643454218274,-3.0353231683983215,-1.9527744703480834,-3.158112842436314,-5.777219933130181,-7.540574106923589,-2.954823576257696,2.855752641741313,-2.4536749621409024,1.547338332455078,5.93592866996922,1.6013652526037554,3.8488349795581747,-0.043010614255541556,-3.8080300913995258,-4.265414692979805,-1.6549545847406724,-4.028225947801579,0.39870887036051833,-8.626747069266619,-5.053821252625144,-2.350105334545431,4.553756414636847,3.012127927047152,-0.17628309365473158,-0.321335538739801,-0.6033130085915992,-2.989388547153564,1.1245560843802893,-0.24004061336912605,1.6624739414250649,-4.813412089467018,-7.45260028299137,-3.7863746091669612,4.8603469683981135,-2.7895594532726045,-3.725542260943213,2.6008080235413122,2.235064461944892,-1.0084972850072684,-1.5416322435250516,4.627444559782575,1.0113351470984855,-0.23522702369843246,9.217360477725283,2.0238065872266273,-3.152713038970474,-3.617602333990778,1.243570436843928,-3.5703506281573056,0.8271223004377689,0.5444545081493344,-1.1409105762357326,-4.045615953493448,-0.3204489994455711,-3.63046717805484
-0.8060972295371082,0.11107245375938893,0.5806536817763727,0.32632033853647713,0.5226483890760585,0.4065061345210555,-0.8009225260656037,-0.2657568749693251,0.2921741134231234,-0.19723987824631456,-1.0694808713739732,-0.5678579327927383,-0.043010614255541556,0.19636483266410543,1.000915263294223,-0.24754298784597695,0.8038105173157398,0.4914827081169524,0.31449883385066413,1.3764027095145173,0.6477144252437402,0.19023727879419944,-1.0730219652977027,-0.3337032475824162,0.21845160015574033,-0.06765493810988968,-0.022200733952714363,-0.167211741361877,0.150838260020276,0.6566411378150331,0.05202697449863041,1.0595728474890964,1.5618680595608605,0.1778827739489453,-0.6839854266789545,0.31574623662012047,0.7296941469819841,-0.010180286220020247,0.21395348279609547,-0.054801985253462276,-0.19872113267253572,-0.3733936731385724,-0.5017094460795151,0.07428208070111883,-0.8053208998193873,-0.3855349122836245,-0.03505737137542517,-0.3781602153500798,-0.27990525705830005,-0.09089535569257258,-0.4036132566084572,-0.6612109464926653,0.18941523305784114,-0.027058043865488917,0.28592259265336256,1.3206749137106706
-8.784760355961224,3.380758283947892,4.666471522046535,4.548601354971256,7.957405772366019,9.037177145256882,-1.1568042592128531,-3.9694441614427873,3.722980157484081,-2.4115977858140942,-10.78135781595246,-4.275406578120188,-3.8080300913995258,1.000915263294223,8.456915102971848,2.775708915410728,5.479958985215263,6.17005856911516,1.1662714201806852,14.798366365979042,7.892836029520572,3.127611174781406,-9.506527226233729,-4.4482709298410406,1.2336559977453925,-0.030662247414521168,0.45536006630282944,1.9758759724954869,-0.3130911143867173,3.4373063388640657,-1.2993020349425697,9.683583332832619,14.60792825463069,4.4094708997617555,-7.889877849912856,4.15242278288573,7.052851981845126,-2.480689352871495,-1.042166219545809,0.6746172422608628,0.4687620002552662,-6.152096678270364,-3.400239525257074,0.5835820474001674,-12.555898633111118,-3.7780321780827193,2.775152388553969,1.530850145460895,-2.5320675268704202,2.8924665618317515,-2.7480121810075686,-3.744151593446445,1.9933393207353716,3.649088430895317,1.6985608914056352,9.855519325466144
-4.611415317295083,3.24752344803224,1.3218212653231494,3.0612912516628943,5.712067931768299,7.871099683292066,4.531526696633641,-2.8124697942878734,2.3202382485013446,-1.4435201801159314,-5.066431520641148,-0.9457401606238172,-4.265414692979805,-0.24754298784597695,2.775708915410728,5.172046165036853,0.6504141600593867,3.7912943872937896,-0.9226440210259249,7.631172954105654,4.709804439593601,2.3572775740016305,-3.5061187891784553,-2.885915844057583,-0.13092199659773265,0.4634951304559234,0.712214443927664,3.615402199565521,-1.4925668401450103,-0.7196490419268124,-1.9488614357164586,3.818461772965589,6.030781265179191,3.9918976382662645,-4.4373082931137136,2.6625535475005853,3.0916510943480318,-2.9108215228838867,-2.837149152001085,1.2172034705835806,2.0339398129875934,-4.643549816328663,-0.3816140383302654,0.15259812345927615,-9.156501631922007,-1.695877141846968,3.5999735595831983,4.640167602338061,-0.9771903974372719,4.153950316267009,-0.3222286817926252,0.38402734139146766,0.9980797753846573,4.592430060090898,-0.07042996787142217,2.0939770199428445
-5.226731741619519,1.6145886421953164,3.0803420219854636,2.524807893466354,4.320848165231294,4.534240629142989,-2.0730016505306326,-2.1653504328329345,2.1164964063350715,-1.386994776179968,-6.57447162905148,-2.893690946618897,-1.6549545847406724,0.8038105173157398,5.479958985215263,0.6504141600593867,3.860341196331495,3.522186262059982,1.1074959485748384,8.841605768759393,4.543385569110868,1.668066653514128,-6.056108088784673,-2.4981831049451286,0.9437715100031084,-0.14747742881116757,0.1434225965370123,0.4808558533104931,0.17163279283711444,2.725252880532727,-0.43168611348138114,6.1023345982974995,9.132620699463152,2.1715772552531325,-4.614631404198982,2.340501718279684,4.36083404340789,-1.042484917722576,-0.0029592338213455588,0.16880577510710013,-0.20287628622782475,-3.2792963711308194,-2.4011983883355565,0.38864120852391304,-6.779163369689085,-2.32526881375235,1.0736215389497314,-0.12302047559445525,-1.6013665167098365,1.0107396517077005,-1.936893060682899,-2.860785109115305,1.1990066137440827,1.4497877347534684,1.269851897338041,6.693647874393314
-7.125553443289386,3.3527100418338374,3.3176392216022204,3.9686859855770353,7.0906901998779395,8.626497873297392,1.1916981056368734,-3.521797377033655,3.171496791334187,-2.0297305035107622,-8.49921149309973,-2.92964117877483,-4.028225947801579,0.4914827081169524,6.17005856911516,3.7912943872937896,3.522186262059982,5.233679176452297,0.30979524126248703,11.946557572032102,6.636949196352704,2.8334708061499967,-7.095811178404437,-3.83644344834681,0.6779438000137621,0.17392108208568827,0.565490537303067,2.6713330473060974,-0.8044890029720844,1.7418891046106209,-1.5789791414474965,7.330373462528321,11.170184278119397,4.271839524094676,-6.522230956811143,3.568266080848922,5.4676548642135305,-2.678923311267554,-1.7945539026085995,0.9049288560362123,1.1212806359438152,-5.5762575527983165,-2.176357891859063,0.40962531451241335,-11.247810843095241,-2.945353223620115,3.139334233197984,2.831940772121028,-1.9079243472987824,3.4385955252389646,-1.7646363586380072,-2.0631303137547423,1.5968350852472666,4.06944096013548,0.9789842283940313,6.717629661167192
-0.6820494468957875,-0.1887308986410544,0.7078187542134236,0.1467842235026255,0.14756778807775464,-0.25644819847040046,-1.6641320616866884,-0.08486816631769556,0.17690949009779292,-0.13286012019057952,-1.0187592502374498,-0.7297875918925012,0.39870887036051833,0.31449883385066413,1.1662714201806852,-0.9226440210259249,1.1074959485748384,0.30979524126248703,0.5608065625093454,1.1909193477077422,0.43915401763337925,0.023630578677109357,-1.1927411139662984,-0.17658066489157503,0.33429806353357927,-0.14930709682855994,-0.10959884719077005,-0.6364985099310757,0.38260910621125777,1.0401479830396236,0.287244375674466,1.1392968589215038,1.6357363278051522,-0.17150595680257133,-0.5220099222936265,0.17447258483464545,0.734680749225025,0.3002626853641708,0.6207096948786583,-0.21201650652253906,-0.5113249471762713,-0.04436551827964672,-0.6939375151948,0.09246653065262195,-0.188821329402459,-0.38134460837690126,-0.4411774536335942,-1.0565820801695835,-0.30444197823347036,-0.5828943080276557,-0.5565753046214985,-1.0104820831782126,0.16957359802576843,-0.5368036408779538,0.42662486884793055,1.708632310960725
-16.49710188533172,7.3077180378172955,8.029073519030055,8.980457259515394,15.94271253140536,19.007033526143374,1.1732092468462931,-7.928746224090496,7.229722720525832,-4.644464764865587,-19.860453743098905,-7.183485828062093,-8.626747069266619,1.3764027095145173,14.798366365979042,7.631172954105654,8.841605768759393,11.946557572032102,1.1909193477077422,27.70105287235782,15.19097651115253,6.3392857517847565,-16.88624427700585,-8.712170462446748,1.8098429838118288,0.25465364741543495,1.1632033729134743,5.389010237431652,-1.452673283446929,4.811753520506905,-3.26471584277379,17.361622355622117,26.36651463186817,9.372566176289,-15.009094142451634,8.11229176695207,12.847216221252205,-5.7058162579087375,-3.4480165661975755,1.828781039996813,2.0442841595766263,-12.47375148439368,-5.4717833650456305,0.9958576684146716,-25.249260898591302,-6.90776720480856,6.606780224363879,5.372514759531779,-4.525896209212614,7.147696310537852,-4.431216807000036,-5.501618316226395,3.711929420196437,8.595486363905108,2.5634336903409336,16.50305836667385
-9.058340772578767,4.218475397081546,4.25084278156628,5.0252567369822705,8.96859303852037,10.873994176627754,1.3628440663788928,-4.455645355495967,4.0209771098319225,-2.5749079343458363,-10.822118153577355,-3.7626489220175814,-5.053821252625144,0.6477144252437402,7.892836029520572,4.709804439593601,4.543385569110868,6.636949196352704,0.43915401763337925,15.19097651115253,8.420623274729635,3.5807887223471657,-9.064541122415436,-4.86076252322076,0.8848666358406231,0.2069054540564759,0.7048450553640938,3.319796452173986,-0.9834251893754647,2.2890185814228436,-1.969850982083307,9.356131578487657,14.248665887933017,5.381013331857042,-8.282535212067717,4.521822203599739,6.968684230830522,-3.358071797649366,-2.213665451116548,1.1247984128923685,1.372478707450866,-7.047134672813798,-2.8081520412072867,0.5251300940644321,-14.222918230191576,-3.7528079364845053,3.9276149886087293,3.4867942231481646,-2.4357746906824738,4.293384324653004,-2.2764015832205247,-2.6922645936358363,2.0313215395954907,5.094095424147535,1.2729712682348286,8.630792568679203
-3.7885434052920637,1.9180284201303166,1.6603035727442537,2.1720228599931364,3.911106879192632,4.874026388856502,1.1060802868329018,-1.9394339264478495,1.7199160687277812,-1.0955888660735078,-4.464387471127887,-1.438307522418574,-2.350105334545431,0.19023727879419944,3.127611174781406,2.3572775740016305,1.668066653514128,2.8334708061499967,0.023630578677109357,6.3392857517847565,3.5807887223471657,1.572390489380018,-3.6362608628323585,-2.0904570994226073,0.28883989199895693,0.13656118584482196,0.3441810797834485,1.657233353273448,-0.5498153038127203,0.694091620667923,-0.9559364053956598,3.781215048427978,5.788445439602807,2.4254200161734984,-3.495004889301841,1.941635789524935,2.8510163708611262,-1.5722062455623353,-1.164608260370186,0.5604845596734978,0.7605346899447875,-3.0947111745404077,-1.02812102173603,0.20370686591082227,-6.21614706245365,-1.5395557810762759,1.8660583700438156,1.858261666879278,-0.9820923922064407,2.0705040403532493,-0.8352788136633371,-0.8809280765712637,0.8446273550831053,2.409750402767424,0.4320857818655835,3.2886465402320972
10.031599001389027,-3.9939164292228964,-5.226619235339377,-5.255195416411949,-9.225798890827024,-10.603110325522604,0.855685821360577,4.598937891476699,-4.284580139229997,2.769869982825832,12.257846756676482,4.764576989462689,4.553756414636847,-1.0730219652977027,-9.506527226233729,-3.5061187891784553,-6.056108088784673,-7.095811178404437,-1.1927411139662984,-16.88624427700585,-9.064541122415436,-3.6362608628323585,10.721488510098808,5.12950858722463,-1.3382390591618383,-0.008414815676977024,-0.5628146724208012,-2.489900074378644,0.4778150972627858,-3.6965763984036406,1.5984733298153162,-10.943466072926098,-16.533113769257028,-5.187252970109367,9.036411614052067,-4.785481879689443,-7.9984905523751975,2.978525741266031,1.3975369317906152,-0.8484734777207824,-0.6971509406877637,7.153458824866228,3.7557134987310263,-0.6523606947700301,14.570369875641578,4.288258630969614,-3.3632264552992863,-2.095701152189624,2.859507652756774,-3.541709359984345,3.0365749913198816,4.062807461535961,-2.271826391697426,-4.409446819322862,-1.8525051894617637,-10.975407649679488
5.198999041787969,-2.4936902512078007,-2.384331399676794,-2.917375571919865,-5.223006476548134,-6.3948887733121476,-1.0350416749111049,2.5930921840577428,-2.3258303997699423,1.4866757416871759,6.182171630235812,2.095730201934056,3.012127927047152,-0.3337032475824162,-4.4482709298410406,-2.885915844057583,-2.4981831049451286,-3.83644344834681,-0.17658066489157503,-8.712170462446748,-4.86076252322076,-2.0904570994226073,5.12950858722463,2.816952265034182,-0.4695599480770863,-0.14234166366148887,-0.42783528967902307,-2.032128471093595,0.6297631393823695,-1.1896197878893313,1.192879508611832,-5.307725764807737,-8.097354416909567,-3.170879329949513,4.768343042947196,-2.619087618272337,-3.96970118648412,2.0064572185705853,1.3831277171577767,-0.6880643155043626,-0.8757121058161648,4.114155950419202,1.5427114994697224,-0.29390976858035905,8.289398777405228,2.139760487067184,-2.3595867192382696,-2.1898492851919555,1.380748730585214,-2.593798883099926,1.2514452279644592,1.4296344362310809,-1.1635514323729945,-3.0554193303298067,-0.68329663177096,-4.802203958271192
-1.064164416457636,0.2243105385102858,0.7070942220544167,0.4662954380046606,0.7709299007063113,0.7014935015656336,-0.786382038095654,-0.3892103162640502,0.404934881417157,-0.2697656743410764,-1.3806141303353978,-0.6812013229556212,-0.17628309365473158,0.21845160015574033,1.2336559977453925,-0.13092199659773265,0.9437715100031084,0.6779438000137621,0.33429806353357927,1.8098429838118288,0.8848666358406231,0.28883989199895693,-1.3382390591618383,-0.4695599480770863,0.24738071759151237,-0.06402739674093694,-0.004351722110476314,-0.08483093746418327,0.12908351107008348,0.7338055540737435,0.0018890943328495498,1.332067056760662,1.9754718526307686,0.32324849201470496,-0.9185650611561068,0.44227016966863386,0.9311222902065909,-0.0982110372645572,0.1617176239460204,-0.02679731063838768,-0.16803360779217444,-0.5674628430828798,-0.5883847772657916,0.0900278336423679,-1.1983532077450862,-0.49381211711881506,0.06670849771515625,-0.2969566697598493,-0.3509904587681291,0.01896912157915848,-0.4737439533514483,-0.7490254413304974,0.24752150964766043,0.10540569281040083,0.3267287084054793,1.5810911997842643
-0.16021196824265588,0.22534761265836542,-0.040236137820748606,0.1578122353241066,0.31571559024783263,0.5123556286797194,0.5500260132946211,-0.15337739313905355,0.10856061955188516,-0.06372693652840773,-0.13070635389871268,0.06634898340478233,-0.321335538739801,-0.06765493810988968,-0.030662247414521168,0.4634951304559234,-0.14747742881116757,0.17392108208568827,-0.14930709682855994,0.25465364741543495,0.2069054540564759,0.13656118584482196,-0.008414815676977024,-0.14234166366148887,-0.06402739674093694,0.05274465258262152,0.060897674413390446,0.32256327744179386,-0.15332317642410112,-0.21782833551403277,-0.164481594092982,0.03603480956726055,0.0844179501913284,0.26681779938080635,-0.1767489789666881,0.1293860166859664,0.06076539704946117,-0.22401276821930807,-0.2735165644435218,0.10822405247714678,0.20725114548211787,-0.269344321871189,0.09394445348522479,-0.006434494202417964,-0.5141006669157603,-0.036961771795906456,0.2887913848794732,0.4542944244345873,-0.007059597264934329,0.34566318285436864,0.07438865109333576,0.19283557312300548,0.030988652778800904,0.3640550478076977,-0.07594065453873255,-0.162516481009177
-0.701250180572094,0.4644082035512956,0.22356121930499226,0.452052466914369,0.8379346318692319,1.1343910288663452,0.5863779488317357,-0.4130828982295747,0.34550823247368173,-0.21599439502918966,-0.7822960944429371,-0.16978886315266742,-0.6033130085915992,-0.022200733952714363,0.45536006630282944,0.712214443927664,0.1434225965370123,0.565490537303067,-0.10959884719077005,1.1632033729134743,0.7048450553640938,0.3441810797834485,-0.5628146724208012,-0.42783528967902307,-0.004351722110476314,0.060897674413390446,0.09885599423264443,0.4982039122329906,-0.20040875757632307,-0.05897057885646505,-0.2710126372132307,0.6059512919397109,0.9497879628694794,0.5734914912656012,-0.6688751554294959,0.3952402485962139,0.4823738413656572,-0.41045608308698156,-0.3856286761108912,0.16784798250119223,0.27355722627384366,-0.6778142142651182,-0.08609831572338442,0.026313152964727294,-1.3410933074285025,-0.2636197163771418,0.5045477460658807,0.6288603515238628,-0.15564665192076985,0.5789722464641254,-0.07140959847115833,0.011431537656334475,0.1527571782200321,0.6448344364334303,0.008535615529468828,0.38000851734973984
-3.2557458228001646,2.2784174515145366,0.944171866057533,2.1547663998393687,4.0178746033005535,5.526744117351081,3.1492346129490727,-1.978637619784099,1.6345712682014961,-1.0173292232973266,-3.5827578295460003,-0.6803129624464984,-2.989388547153564,-0.167211741361877,1.9758759724954869,3.615402199565521,0.4808558533104931,2.6713330473060974,-0.6364985099310757,5.389010237431652,3.319796452173986,1.657233353273448,-2.489900074378644,-2.032128471093595,-0.08483093746418327,0.32256327744179386,0.4982039122329906,2.527532893235185,-1.0408604044671577,-0.48350853997167853,-1.363638069916111,2.70820679729184,4.273879535244714,2.802064691464309,-3.1298825381570103,1.8750692929367987,2.1886230651312077,-2.0394749069585,-1.9808418981078382,0.8509367561903939,1.418561608505876,-3.264777544400605,-0.2830750217002497,0.10914571271860135,-6.439701688030333,-1.2001484019743105,2.520886327300719,3.2388246181042604,-0.6932940836424154,2.907135702239359,-0.23838044623316595,0.2482341634217082,0.7050761116287689,3.216279576612506,-0.04037389162412762,1.5083100302016215
0.8888763392778468,-0.8224731921656665,-0.10432933700704186,-0.6799426692260438,-1.3058220197876,-1.934402773531543,-1.5590416635257713,0.6393458342679674,-0.4960401254422096,0.30192958542556925,0.8974659174251999,0.0090518382993651815,1.1245560843802893,0.150838260020276,-0.3130911143867173,-1.4925668401450103,0.17163279283711444,-0.8044890029720844,0.38260910621125777,-1.452673283446929,-0.9834251893754647,-0.5498153038127203,0.4778150972627858,0.6297631393823695,0.12908351107008348,-0.15332317642410112,-0.20040875757632307,-1.0408604044671577,0.4649070248603045,0.4754419960991433,0.5446695467943066,-0.5672836210406704,-0.9440100263338552,-0.9932243732473128,0.8947561787703946,-0.5776254169133227,-0.5144607023782679,0.7756837555923727,0.8524068548260569,-0.34977550031573557,-0.6305838627677185,1.083741058645106,-0.11364756566645537,-0.008908024961112057,2.107226695635509,0.28856113249674553,-0.9798584570699093,-1.406281600477713,0.141404287405307,-1.1523237580400896,-0.0873579145836461,-0.38746348346932397,-0.18593825629874486,-1.242344636950057,0.14193102254854265,0.0072310144956113575
-2.821152217964277,0.44697069612015283,1.9876561630282785,1.1686347521399507,1.889806053581459,1.5460774961846941,-2.6000090835536946,-0.9587191802327647,1.0368981621597275,-0.6974254124595479,-3.7195308047599775,-1.9361388549384178,-0.24004061336912605,0.6566411378150331,3.4373063388640657,-0.7196490419268124,2.725252880532727,1.7418891046106209,1.0401479830396236,4.811753520506905,2.2890185814228436,0.694091620667923,-3.6965763984036406,-1.1896197878893313,0.7338055540737435,-0.21782833551403277,-0.05897057885646505,-0.48350853997167853,0.4754419960991433,2.1984345784776704,0.13209793222684083,3.6582706256670035,5.401299319563762,0.688727405709749,-2.405541513211203,1.1241199985666634,2.529746081463698,-0.0990531266381137,0.6584240799484898,-0.15763245329500378,-0.6247919311637237,-1.362474743325456,-1.7005178750504366,0.2540779882755508,-2.9196544835268976,-1.3378990166211453,-0.03818093455772242,-1.1721190040193223,-0.9657836741900045,-0.21405809574532428,-1.3683176923249427,-2.221280750707988,0.6610712334310488,0.010999589282404274,0.9626828923068708,4.500458422913144
1.9671005450237353,-1.2832366024520512,-0.6419790957831413,-1.2591917559920198,-2.3302583550714364,-3.1409435510132298,-1.5769417133678687,1.149261026634974,-0.9643909533377572,0.6034180087003695,2.202292029326682,0.49338542340956226,1.6624739414250649,0.05202697449863041,-1.2993020349425697,-1.9488614357164586,-0.43168611348138114,-1.5789791414474965,0.287244375674466,-3.26471584277379,-1.969850982083307,-0.9559364053956598,1.5984733298153162,1.192879508611832,0.0018890943328495498,-0.164481594092982,-0.2710126372132307,-1.363638069916111,0.5446695467943066,0.13209793222684083,0.74357979551466,-1.7164741039679687,-2.6860497489757047,-1.586640929022642,1.8723258606294868,-1.10230294908446,-1.3610856411464662,1.1302386167241618,1.0516046248502122,-0.4594215756312274,-0.7437405529858319,1.8828857924112294,0.2600119110448784,-0.07571239951639493,3.7281661992300923,0.743340031101601,-1.3872062402393044,-1.7136094214175526,0.4412164669289035,-1.5893651474291068,0.21505956749386,-0.0010166477072254012,-0.4290760626635455,-1.7735309349134405,-0.03660244615675144,-1.1065764769144952
-10.318613862482882,4.192302550324387,5.311821735230323,5.444001123014797,9.57737572279446,11.084920823477198,-0.5867861643896571,-4.772041660374267,4.428050564565757,-2.8593452890346556,-12.574712704214953,-4.826813437124432,-4.813412089467018,1.0595728474890964,9.683583332832619,3.818461772965589,6.1023345982974995,7.330373462528321,1.1392968589215038,17.361622355622117,9.356131578487657,3.781215048427978,-10.943466072926098,-5.307725764807737,1.332067056760662,0.03603480956726055,0.6059512919397109,2.70820679729184,-0.5672836210406704,3.6582706256670035,-1.7164741039679687,11.184391748629094,16.91259582309039,5.431359498657846,-9.311883063733548,4.949995818691325,8.192562774978668,-3.1555189270523405,-1.5681779639545799,0.922034964546025,0.8191710328676224,-7.438729435952316,-3.7830854091705777,0.6623328291570437,-15.133654334813905,-4.394519345632859,3.5816781620070106,2.374512728408459,-2.921272627743633,3.793444990689133,-3.059537706713631,-4.044925337141844,2.3341219767346333,4.688395409859417,1.850612534846027,11.11370863503957
-15.675631618576947,6.459858966154675,7.9996641577071985,8.311990976627218,14.644555592784215,17.033368936325076,-0.573496008448763,-7.294698823625138,6.749570159095153,-4.354673456976379,-19.066287840087938,-7.252286466429187,-7.45260028299137,1.5618680595608605,14.60792825463069,6.030781265179191,9.132620699463152,11.170184278119397,1.6357363278051522,26.36651463186817,14.248665887933017,5.788445439602807,-16.533113769257028,-8.097354416909567,1.9754718526307686,0.0844179501913284,0.9497879628694794,4.273879535244714,-0.9440100263338552,5.401299319563762,-2.6860497489757047,16.91259582309039,25.59173472064176,8.354957949751094,-14.164461302414864,7.549661250019286,12.40791523873464,-4.893348454846892,-2.524116386797851,1.4540942888714716,1.3550569489099407,-11.388285592871283,-5.660248522441936,0.9965593944595735,-23.149245200234326,-6.658235161980291,5.573915688594362,3.8448745599250507,-4.416035624960717,5.925999902353994,-4.578562913976233,-5.999515787971248,3.5428433130244907,7.28809261468563,2.7518186394910127,16.6928459757106
-5.612437144138816,3.039445526746299,2.3078146713909384,3.30827025884401,6.000504984845053,7.641231650974068,2.3297179395493597,-2.9712599787500307,2.5970741020878108,-1.6467428664266996,-6.533840347239648,-1.9559720760553658,-3.7863746091669612,0.1778827739489453,4.4094708997617555,3.9918976382662645,2.1715772552531325,4.271839524094676,-0.17150595680257133,9.372566176289,5.381013331857042,2.4254200161734984,-5.187252970109367,-3.170879329949513,0.32324849201470496,0.26681779938080635,0.5734914912656012,2.802064691464309,-0.9932243732473128,0.688727405709749,-1.586640929022642,5.431359498657846,8.354957949751094,3.818771233452792,-5.217230376947623,2.9412127895554363,4.14124356844039,-2.5455364278980226,-2.033456149786894,0.9463987656143585,1.3671576918678445,-4.7750018246288235,-1.3343221056668986,0.2809839934936686,-9.55382952486751,-2.242133608165755,3.052933591143788,3.269244105231119,-1.4074668446976952,3.4219050923259995,-1.0866226722579473,-0.9890116739943589,1.2446422780799262,3.9299534907915823,0.5106490572101119,4.4574381933698595
8.94509907322615,-4.081169410706748,-4.262622120232503,-4.9237088839662375,-8.768256073330441,-10.558148388629817,-1.050476631832968,4.357873391690503,-3.9496095187371223,2.5326778007307786,10.720964724382132,3.79035689597717,4.8603469683981135,-0.6839854266789545,-7.889877849912856,-4.4373082931137136,-4.614631404198982,-6.522230956811143,-0.5220099222936265,-15.009094142451634,-8.282535212067717,-3.495004889301841,9.036411614052067,4.768343042947196,-0.9185650611561068,-0.1767489789666881,-0.6688751554294959,-3.1298825381570103,0.8947561787703946,-2.405541513211203,1.8723258606294868,-9.311883063733548,-14.164461302414864,-5.217230376947623,8.162116159716778,-4.437596028846589,-6.916836006625727,3.2234971425612837,2.0542124161254764,-1.06120010670821,-1.2526128599104085,6.877522050643815,2.853792045167326,-0.5276112685602554,13.897538998268704,3.722368034082336,-3.755107906726364,-3.2223827634648767,2.425673855004295,-4.088126828805234,2.31238715077113,2.7936672218666203,-2.0088113440708453,-4.876487884659085,-1.3123918479044805,-8.70004647730238
-4.840475920505833,2.3120879107557064,2.2273062851583996,2.711779283714158,4.852769710631196,5.93338805822166,0.930016094611297,-2.4094729842084437,2.163042978004171,-1.3830199421699436,-5.759733865232101,-1.9597273365506398,-2.7895594532726045,0.31574623662012047,4.15242278288573,2.6625535475005853,2.340501718279684,3.568266080848922,0.17447258483464545,8.11229176695207,4.521822203599739,1.941635789524935,-4.785481879689443,-2.619087618272337,0.44227016966863386,0.1293860166859664,0.3952402485962139,1.8750692929367987,-0.5776254169133227,1.1241199985666634,-1.10230294908446,4.949995818691325,7.549661250019286,2.9412127895554363,-4.437596028846589,2.435322649709281,3.6999761956632735,-1.8575363184439093,-1.2727221072072523,0.6349650899130566,0.80361412012535,-3.82113870951608,-1.4455250689681418,0.274674804762175,-7.700940944960276,-1.9940742458649732,2.182790509382268,2.01365228107054,-1.2878493903959727,2.3976491065093404,-1.1724960836110994,-1.3464340373775157,1.0836451215718854,2.8271755272385293,0.6424875459506978,4.49123858488094
-7.641293737699221,3.209247625905324,3.8534920191583186,4.0793312642006425,7.201459462033612,8.430910522462625,-0.0693475698672435,-3.585560751528734,3.3050959420468087,-2.130147220913131,-9.269887404301429,-3.4821945297080363,-3.725542260943213,0.7296941469819841,7.052851981845126,3.0916510943480318,4.36083404340789,5.4676548642135305,0.734680749225025,12.847216221252205,6.968684230830522,2.8510163708611262,-7.9984905523751975,-3.96970118648412,0.9311222902065909,0.06076539704946117,0.4823738413656572,2.1886230651312077,-0.5144607023782679,2.529746081463698,-1.3610856411464662,8.192562774978668,12.40791523873464,4.14124356844039,-6.916836006625727,3.6999761956632735,6.0235675143514,-2.451015546248203,-1.3239529499835574,0.7441607474880725,0.7336969656252368,-5.609008017566147,-2.701829014580229,0.47965632077584014,-11.389245054808288,-3.2338532786014906,2.804545342482314,2.0308899411132937,-2.138344963096308,2.9964192569297654,-2.1861111001090636,-2.8284579502730125,1.725117938562808,3.6621140511174564,1.3020987479220474,8.01132030954137
