V1,V2,V3,V4,V5,V6,V7,V8,V9,V10,V11,V12,V13,V14,V15,V16,V17,V18,V19,V20,V21,V22,V23,V24,V25,V26,V27,V28,V29,V30,V31,V32,V33,V34,V35,V36,V37,V38,V39,V40,V41,V42,V43,V44,V45,V46,V47,V48,V49,V50,V51,V52,V53,V54,V55,V56
13.415908233946647,25.579914743576786,19.420567803293093,8.873651421137652,43.496586556582685,-9.003387744709682,42.260628740950345,-35.124647502159135,15.374579100427198,-43.26848497506424,8.831785372506669,-2.718030438879906,-26.636893798887872,-31.996846836401236,-20.233549658392107,-11.152512271165634,-29.008166205221798,-17.994176836200417,1.464973272843623,-3.6951020976648956,-7.581382505371674,-21.781199838842927,22.103962858698118,10.582138580920574,-16.788834397135165,1.7675869803753328,-1.421296828226999,4.051311073506657,16.007902493077474,30.931714437506365,-2.629251886287039,27.82546664109752,-25.805434322585015,-12.82159727750947,-0.2530958422702254,-13.141764680685467,-0.47398792582431,-11.461537749136829,40.44068104913029,-20.50934852102171,41.37980693137269,22.778215554794958,11.517957369854937,43.6771217470003,0.7875429521421783,-30.341461824336278,-11.940011332434352,-30.701890292248514,-42.67993742525638,-4.8326904457964925,0.28953356444375483,15.955320835000808,47.95863017213196,2.669635722837307,6.575070334850475,-4.318330764459693
25.579914743576786,54.46269810139632,40.15422945513111,17.048481192468973,92.21740554707839,-20.705305195958875,92.08248242541777,-70.36651245173154,31.41978462810915,-91.42226895286956,15.54429435545554,-6.73815880789842,-54.06248007223679,-67.45374790875704,-39.38095017630216,-24.68767026668117,-62.63592767033984,-36.94693999554296,4.501869078669556,-6.478660811931214,-14.76240609655346,-45.542107165815764,44.160668864216156,21.200977658448906,-38.71555446016064,2.3346104106009244,-3.8238916378928876,6.478287615014685,34.459597900024534,66.43671124996726,-6.816827069728939,57.962543717679864,-54.989264214258945,-27.359248082978745,-2.1428282854518863,-28.967461628558777,-3.2712542329437095,-23.766580395010664,83.34218419311375,-43.05085125194744,83.46536113268583,49.15913478407729,24.693496608409607,90.18859101724713,3.5197143571597236,-64.69016354185042,-22.000444597031006,-63.75227611465905,-88.9025996238899,-8.934187711963572,2.543267700132034,34.28811473814171,97.47712710794254,6.338780280281028,14.298360962141688,-9.61379190605743
19.420567803293093,40.15422945513111,29.85946688911445,12.90363951752905,68.09767375116667,-15.029574499374498,67.55050288562802,-52.72215163833893,23.404639236172184,-67.55461876382823,12.06629025418908,-4.787880405891414,-40.39173179805151,-49.87310105059546,-29.73262626702611,-18.05063271630384,-46.05226404373845,-27.52363471934547,3.052012654787073,-5.040534620885131,-11.141970907032443,-33.7528294069194,33.12358269069517,15.871357652120352,-28.010395874214385,1.9750280947755114,-2.680347591738403,5.165031568543893,25.33140229582322,48.898476691712254,-4.806283987245988,43.01016725306351,-40.571887755009364,-20.186335941663337,-1.2951998281493815,-21.17621761944272,-1.9853712431768857,-17.621987209532524,61.96252725139134,-31.881311770065302,62.43405511186989,36.13234611480519,18.181351512116024,67.05482783512053,2.2635293063579494,-47.688417545453014,-16.85371978097124,-47.34125646410815,-65.956735675327,-6.8355554319994605,1.5359159486252554,25.24447118612456,72.76950738053486,4.55108003805845,10.481778450787697,-7.027303873333168
8.873651421137652,17.048481192468973,12.90363951752905,5.877533345557053,28.96636380631021,-6.01324525741843,28.190202215056424,-23.30455386346862,10.22020631371418,-28.81362562967533,5.815124107474836,-1.8336215655919688,-17.678316034132806,-21.303830154287233,-13.400185213289044,-7.443321271056964,-19.337862078648694,-11.950452591615658,1.010793737256898,-2.429956859022253,-5.022077949307248,-14.489795417797652,14.657780478351171,7.026646682519336,-11.246507362211942,1.15186161878718,-0.9607289841223078,2.6576582959117476,10.679220175922039,20.61798596501775,-1.7760147283789574,18.50138479083132,-17.183773784491436,-8.535627657840559,-0.19800293292895213,-8.779162750250132,-0.36777620185693793,-7.632957300092893,26.891433438557435,-13.644541030187666,27.46295573401847,15.19088332995644,7.677243134890683,29.032185733470875,0.5604246344962238,-20.21955589454784,-7.884261145296363,-20.411053862877964,-28.383469258270118,-3.1927264200821948,0.22701915971459652,10.630904778829201,31.845293061627395,1.7938201746253601,4.390565050860322,-2.8799734366303396
43.496586556582685,92.21740554707839,68.09767375116667,28.96636380631021,156.20712311092996,-35.02359328178782,155.84914269706536,-119.43200855879834,53.27309595551797,-154.86289944798028,26.513122832766733,-11.349137540297761,-91.74206522452953,-114.27210129626674,-66.91171855210186,-41.773110509773296,-106.04376585111919,-62.67392640974244,7.529234605465885,-11.058753622792636,-25.07959713511975,-77.18578176640771,74.9747416466381,35.96905298304141,-65.39858011294108,4.024368993147068,-6.43798132422158,11.08470383602742,58.31983222678188,112.48458296736464,-11.477966225206083,98.26175420127603,-93.14932165594665,-46.35130096945877,-3.548421490134746,-48.99270995399104,-5.398040186610176,-40.25840901640252,141.28372752520409,-72.96091964105659,141.6397137083086,83.21085598106298,41.80939215535746,152.91997051198146,5.862908039265507,-109.5411557830118,-37.45145465698912,-108.08518270912897,-150.69925240086056,-15.204143075691665,4.213525375296161,58.065186302411256,165.3709464372073,10.69338322776866,24.18746812945628,-16.272908534759544
-9.003387744709682,-20.705305195958875,-15.029574499374498,-6.01324525741843,-35.02359328178782,8.335659762640509,-35.61392601728976,25.704123951614395,-11.613740047715847,34.6201243613427,-5.1091888883022865,2.789489955535131,19.972541996725113,25.50755387704287,14.081843320444843,9.659430077624938,24.08784549025021,13.763468638718576,-2.033194545691829,2.132375054172036,5.276469280033526,17.146062731171035,-16.121398060858496,-7.721626826858843,15.479909924568847,-0.5160520622007054,1.6660367313925915,-1.9173722139622764,-13.184542624470332,-25.44148237838646,2.902966823082101,-21.787114795081493,20.98376831434173,10.462138211803792,1.2320765161106955,11.259517651841128,1.788426435011935,8.845963536527222,-31.011820600361393,16.26181987152929,-30.654177250114646,-18.871295740107485,-9.441981736602118,-33.66761989666473,-1.8099844491593418,24.633671651279872,7.519398618946874,23.90655759134995,33.394146598781546,3.058005069342617,-1.4732227652180212,-13.154706611308827,-35.992305449049525,-2.5694265599010344,-5.501443643724976,3.7881998680669415
42.260628740950345,92.08248242541777,67.55050288562802,28.190202215056424,155.84914269706536,-35.61392601728976,156.4881291569592,-117.53015873255781,52.673204128280524,-154.37445702213836,25.18872350910148,-11.705312524769207,-90.59131289980431,-113.8517414980533,-65.36260973794786,-42.101210495328885,-106.25832448155033,-62.065471804766716,8.056252632375532,-10.49913139364572,-24.500087018625536,-76.75950109648225,73.739293927177755,35.38708250868347,-66.48748823747748,3.446444925454973,-6.7499634060481775,10.214024019400911,58.37958487808974,112.56568772725598,-11.946873900089047,97.63977653833511,-93.05886717705388,-46.32629240203472,-4.185550173043198,-49.31217725828999,-6.2779342483500455,-39.93483585177785,139.9902509143975,-72.63025441881683,139.6288296896458,83.35820319268522,41.82049282111497,151.61825949386343,6.589166561783884,-109.42368416276244,-36.045423622022035,-107.31709198088929,-149.73502606102196,-14.645021790885938,4.980984032303736,58.12240207197015,163.33132700475764,10.935505367653393,24.266853495044835,-16.427031146753755
-35.124647502159135,-70.36651245173154,-52.72215163833893,-23.30455386346862,-119.43200855879834,25.704123951614395,-117.53015873255781,93.99120929372776,-41.505841665826424,118.61400049536289,-22.347300941025406,8.043924080370571,71.70601691767817,87.62369229529475,53.45360858168587,31.251566648674395,80.3329125465847,48.695485105199545,-4.85214358054068,9.337259534470627,20.031776560116523,59.427461996986494,-59.08121514116707,-28.31274199706977,47.96534083021208,-4.0040518928933615,4.390107146155914,-9.857394802413191,-44.25858600140928,-85.44400241887902,7.963631766309783,-75.79286694805056,71.02953571510196,35.31672591712593,1.6598534487600847,36.741797145996465,2.6530783917409035,31.141312165700263,-109.59780281354013,56.0604051986151,-111.07264289727043,-63.05917862936758,-31.788729718478592,-118.48851092216397,-3.2718862238549553,83.52238013690761,30.79997029282111,83.50570972138775,116.24779529823152,12.482994265837412,-1.955145567935805,-44.08952388231845,-129.17503450320194,-7.7347465332961205,-18.26407131888062,12.136514778348005
15.374579100427198,31.41978462810915,23.404639236172184,10.22020631371418,53.27309595551797,-11.613740047715847,52.673204128280524,-41.505841665826424,18.400142936285985,-52.88223357638305,9.643764943827426,-3.690796537682675,-31.72856735925087,-39.04955510603019,-23.48365625826924,-14.040739365787946,-35.944832721343495,-21.590392486765822,2.3128891494615593,-4.024139319653616,-8.802207779749757,-26.440877148001427,26.071819071305068,12.508507782884662,-21.714409284212017,1.6462438939219628,-2.038145069631672,4.185472676544986,19.802978993500336,38.201404780629304,-3.678061022807694,33.695084080815505,-31.704229788963193,-15.764444862985123,-0.9000519328794626,-16.506051851495865,-1.4194925075852032,-13.847889346107861,48.652467384882755,-24.9573105079875,49.10460112294276,28.220014720468498,14.208659751541468,52.60212555179625,1.6454217113321117,-37.29884266214256,-13.402540561379247,-37.10453274837855,-51.685139123176036,-5.4361406255275035,1.062693766809401,19.70914618762424,57.18562483272297,3.521209343863382,8.187860035375863,-5.454815446743175
-43.26848497506424,-91.42226895286956,-67.55461876382823,-28.81362562967533,-154.86289944798028,34.6201243613427,-154.37445702213836,118.61400049536289,-52.88223357638305,153.5528548875817,-26.448459047271896,11.205037797477766,91.06476619654921,113.3126953215351,66.5156794445808,41.353702768555564,105.06853432805651,62.18758567311378,-7.399734936280676,11.030366503774832,24.931928611169514,76.55193363229368,-74.46164650233118,-35.72912248319681,64.67638337817955,-4.067298776457829,6.337770666587281,-11.102216939516936,-57.80042760820836,-111.47392543957523,11.314317657050932,-97.46058315907798,92.32516877613962,45.93577171080603,3.430573586258475,48.51938043154644,5.240689907044629,39.952552903300784,-140.2029376838232,72.34990697379992,-140.63454733090902,-82.45457549430351,-41.4368900132771,-151.72327343484076,-5.71426247787354,108.58707927204995,37.30187804432872,107.2160030943359,149.47684417537636,15.142822219048663,-4.071017661959607,-57.53703844262006,-164.15811658416885,-10.568578687069564,-23.9660650540331,16.10305555198141
8.831785372506669,15.54429435545554,12.06629025418908,5.815124107474836,26.513122832766733,-5.1091888883022865,25.18872350910148,-22.347300941025406,9.643764943827426,-26.448459047271896,6.11046643198301,-1.435461000989642,-16.781945007674825,-19.593112396225294,-13.136761220665893,-6.556441604941148,-17.4200984748281,-11.239022658656127,0.5771524011312624,-2.560839808659811,-4.921289831128173,-13.42099933014764,14.087921490431258,6.735427608770593,-9.52035696234395,1.4028131194274445,-0.6795129526562642,2.9541918812692876,9.642790861600835,18.65873698512728,-1.3180748002749856,17.192387417780076,-15.661862368995871,-7.771451907843597,0.2152395084900586,-7.7601603318097405,0.22659257239272548,-7.114492660849895,25.20395760756489,-12.59741385124525,26.19520831487706,13.688209819628659,6.958676820005436,27.1722972966807,0.05557445098943179,-18.414926644776568,-8.036739534148168,-19.016569512105495,-26.37404796841668,-3.246631924540736,-0.2680301456337586,9.617777583439874,30.19059712210725,1.4730532587134826,3.928294082384175,-2.5244123258921167
-2.718030438879906,-6.73815880789842,-4.787880405891414,-1.8336215655919688,-11.349137540297761,2.789489955535131,-11.705312524769207,8.043924080370571,-3.690796537682675,11.205037797477766,-1.435461000989642,0.9760859384547629,6.290456302027562,8.244325677124406,4.318434725035795,3.194434203513468,7.878737723825868,4.365702016283319,-0.7642647109447224,0.5935443530440607,1.6199908051705152,5.509078453760385,-5.028473686249301,-2.424335737771344,5.233551369461946,-0.0755457219119915,0.5920773932901383,-0.4806280270175878,-4.31994451334884,-8.305319700754904,1.025459554348183,-6.97796472202339,6.808714746139338,3.392904578258001,0.5045459219300871,3.7314500362672285,0.7434054120473597,2.845962735859924,-9.897962755016364,5.233053548872549,-9.631185159546298,-6.180527250602033,-3.080304598916413,-10.736901924894003,-0.7107476367638167,8.016490397580409,2.210141741232885,7.6442144340927785,10.702818901915077,0.9027202921972729,-0.6021718853941824,-4.288675329345341,-11.365196304342689,-0.8822337770300898,-1.81395543174262,1.2515004608568245
-26.636893798887872,-54.06248007223679,-40.39173179805151,-17.678316034132806,-91.74206522452953,19.972541996725113,-90.59131289980431,71.70601691767817,-31.72856735925087,91.06476619654921,-16.781945007674825,6.290456302027562,54.81010888580924,67.2548350950653,40.63746763084743,24.142822698900176,61.852542235837014,37.27543580953082,-3.8837407948292877,7.013672184849333,15.227795834637433,45.57653422911705,-45.06866255118328,-21.588871647710448,37.22002523694171,-2.8965878174868505,3.4755819320171835,-7.309453559659898,-34.044469958230266,-65.73529267626691,6.2691133259406255,-58.110715486510585,54.60935903556266,27.162962838952023,1.4771949040859962,28.348132733489482,2.302151491560683,23.834301880421744,-83.87812261597776,43.02000448642298,-84.81508544735873,-48.536380505806285,-24.449370875810327,-90.73408812231052,-2.742103474975504,64.18943631616527,23.254723691036684,63.99694396206306,89.11677752405586,9.426811897295918,-1.7470490058214554,-33.93138669834253,-98.72849258287589,-6.019857295195041,-14.064052330952572,9.388801339094348
-31.996846836401236,-67.45374790875704,-49.87310105059546,-21.303830154287233,-114.27210129626674,25.50755387704287,-113.8517414980533,87.62369229529475,-39.04955510603019,113.3126953215351,-19.593112396225294,8.244325677124406,67.2548350950653,83.62163037385938,49.16658211722452,30.48957422107056,77.50192039671262,45.91721966984309,-5.426103810045624,8.172162192603768,18.428784359189336,56.502571519408576,-55.01037623717811,-26.393864330716138,47.64855787219428,-3.035232241197063,4.657094343963373,-8.243169168529953,-42.63746560086001,-82.23488111814555,8.318698890454504,-71.94070210303602,68.11959878035995,33.89169737024962,2.4926974939850366,35.77507881167345,3.8119461954941865,29.49302382139904,-103.51216210508646,53.3970858655142,-103.87660637924692,-60.821399746347964,-30.569253406279724,-112.01399294400962,-4.171839861983121,80.11644575536519,27.604900509829438,79.14659353886967,110.33641177383792,11.205441426590934,-2.957548021803467,-42.44515770858993,-121.23291888902766,-7.781941856970374,-17.675469010624294,11.871478392886672
-20.233549658392107,-39.38095017630216,-29.73262626702611,-13.400185213289044,-66.91171855210186,14.081843320444843,-65.36260973794786,53.45360858168587,-23.48365625826924,66.5156794445808,-13.136761220665893,4.318434725035795,40.63746763084743,49.16658211722452,30.62898817425465,17.30462392119238,44.78506519084855,27.512387035083613,-2.449656712163906,5.493227815266137,11.47722851272757,33.41695828789559,-33.622331950436326,-16.103268459018537,26.26751817964009,-2.5186305319573066,2.3014870950783735,-5.933184030186148,-24.69735889143282,-47.70393159086067,4.220381756684662,-42.66035767647443,39.73786889381926,19.749912686221577,0.6171214014175526,20.37160161512498,1.048439436090936,17.553950477567636,-61.87011839548231,31.489945441370047,-63.0538067186165,-35.16196671741828,-17.756828093631466,-66.8494763033831,-1.4734418181148838,46.724978413762315,17.89892979279233,47.04150218793906,65.4328916937317,7.248532319296512,-0.7192382477078493,-24.61038031586407,-73.18321439713506,-4.202325002120053,-10.164348843255333,6.708828601010078
-11.152512271165634,-24.68767026668117,-18.05063271630384,-7.443321271056964,-41.773110509773296,9.659430077624938,-42.101210495328885,31.251566648674395,-14.040739365787946,41.353702768555564,-6.556441604941148,3.194434203513468,24.142822698900176,30.48957422107056,17.30462392119238,11.353408113136776,28.553934469931463,16.568739229798595,-2.2395874687209743,2.7332326401721985,6.485919564539601,20.537041003873195,-19.604243669487097,-9.404611219465279,18.01163691751391,-0.8333617203855552,1.8613364334345128,-2.604919934669856,-15.672703636215616,-30.223141139641882,3.279150904287186,-26.114272868621327,24.96647058161961,12.433696831191266,1.2239985643812235,13.28131899047779,1.8174161724182751,10.661205244841664,-37.36638106708699,19.44510882534061,-37.16818735197502,-22.392808148055938,-11.225141234837123,-40.494802493871646,-1.8819434663945604,29.346182312680746,9.456437724017396,28.688707354698,40.04253228442231,3.843354195737136,-1.45879526148802,-15.610788797177495,-43.525342897556335,-2.971122616322463,-6.522420223695619,4.435914134543748
-29.008166205221798,-62.63592767033984,-46.05226404373845,-19.337862078648694,-106.04376585111919,24.08784549025021,-106.25832448155033,80.3329125465847,-35.944832721343495,105.06853432805651,-17.4200984748281,7.878737723825868,61.852542235837014,77.50192039671262,44.78506519084855,28.553934469931463,72.2001192673369,42.33635888376044,-5.359005151795309,7.263375448526148,16.786420637427426,52.28514752216245,-50.412243581375115,-24.187969165826313,44.964037959606145,-2.4703998226417436,4.520901998912408,-7.136873612250149,-39.677826294561335,-76.51688787830224,8.019050554732646,-66.52683722372275,63.29418078927246,31.505289194807922,2.705534616874371,33.45607449361762,4.071927583462412,27.221101851821288,-95.46591685082801,49.457073684756985,-95.38336530006043,-56.642881221794624,-28.431642276806006,-103.37762489090154,-4.319633457074478,74.42331871207773,24.819316669047147,73.13886941495646,102.02281392131195,10.080973343097,-3.2179771892755435,-39.50675438066878,-111.5054860993873,-7.3810112060863045,-16.480616686874594,11.136240770173119
-17.994176836200417,-36.94693999554296,-27.52363471934547,-11.950452591615658,-62.67392640974244,13.763468638718576,-62.065471804766716,48.695485105199545,-21.590392486765822,62.18758567311378,-11.239022658656127,4.365702016283319,37.27543580953082,45.91721966984309,27.512387035083613,16.568739229798595,42.33635888376044,25.381583301253656,-2.7505893542601956,4.695930402012008,10.30973744006124,31.09117375962793,-30.598699231213065,-14.659511712949984,25.648214723650472,-1.877423523518042,2.4325992031750125,-4.842689119897895,-23.29242085901703,-44.96785758506408,4.371157707565212,-39.627436381972274,37.32829471530407,18.570744343969185,1.1242176329140328,19.443375745634064,1.7322108967738088,16.241594097999656,-57.1288680135409,29.359923289158356,-57.640476086684096,-33.218296866854914,-16.72180918188776,-61.8153280856716,-2.0052566729862153,43.87531785696528,15.650897514561336,43.62658615001469,60.76973705402231,6.34641449999835,-1.3320408310166152,-23.214179473022647,-67.15004579399944,-4.16015932001857,-9.63213916842844,6.447979262074333
1.464973272843623,4.501869078669556,3.052012654787073,1.010793737256898,7.529234605465885,-2.033194545691829,8.056252632375532,-4.85214358054068,2.3128891494615593,-7.399734936280676,0.5771524011312624,-0.7642647109447224,-3.8837407948292877,-5.426103810045624,-2.449656712163906,-2.2395874687209743,-5.359005151795309,-2.7505893542601956,0.674769316797923,-0.2326175729338064,-0.9204031407956946,-3.5787374812694193,3.014257260118234,1.4653929616931631,-3.8407443476370138,-0.11443304073159578,-0.48706789926702443,0.07171629432972944,2.931415590268942,5.6117712083428035,-0.8264651451777613,4.504048973100598,-4.546388737352605,-2.268403334921839,-0.5221724815665064,-2.6081465307521143,-0.7629889130914556,-1.8308717954679985,6.28889572541255,-3.4185411076610936,5.88405043719803,4.204430786722382,2.0764782778787003,6.836512783956538,0.6884478983563448,-5.364247921037173,-1.0763413035289267,-4.909931650418289,-6.910630061998975,-0.44504484156858587,0.6240634398405818,2.8975292316860144,7.041903366190529,0.666295180391945,1.2479437935909832,-0.8816549283398287
-3.6951020976648956,-6.478660811931214,-5.040534620885131,-2.429956859022253,-11.058753622792636,2.132375054172036,-10.49913139364572,9.337259534470627,-4.024139319653616,11.030366503774832,-2.560839808659811,0.5935443530440607,7.013672184849333,8.172162192603768,5.493227815266137,2.7332326401721985,7.263375448526148,4.695930402012008,-0.2326175729338064,1.0744573885211244,2.057398865046275,5.601321285799715,-5.88914820184216,-2.8116649551358934,3.958657164050491,-0.5885671993504498,0.28157328680455035,-1.2385352450776967,-4.0164127230763516,-7.778808594406475,0.5454272281608867,-7.178343691471258,6.534822601948195,3.2438419940847902,-0.09403772829709808,3.2305650147390272,-0.10537996923155103,2.9643208877473892,-10.51717483609448,5.258190025966711,-10.944607052705331,-5.7043938479463705,-2.900906462004036,-11.344774262702174,-0.01733675139502254,7.676714941137752,3.363881119291748,7.940135895201954,11.00954695848945,1.3583683093896692,0.11637374455266157,-4.011744987441881,-12.610921948765816,-0.6109906885868619,-1.6351006003646023,1.0536625422408588
-7.581382505371674,-14.76240609655346,-11.141970907032443,-5.022077949307248,-25.07959713511975,5.276469280033526,-24.500087018625536,20.031776560116523,-8.802207779749757,24.931928611169514,-4.921289831128173,1.6199908051705152,15.227795834637433,18.428784359189336,11.47722851272757,6.485919564539601,16.786420637427426,10.30973744006124,-0.9204031407956946,2.057398865046275,4.300904495148915,12.524335484000817,-12.598939333645937,-6.035719745860508,9.848190920377556,-0.94364278533963,0.8628047804998691,-2.2228208201762296,-9.258833531120304,-17.88112733989191,1.5827212714683692,-15.987624458262621,14.893344493441422,7.401547063243013,0.23187450905847684,7.637299021961029,0.39568623933804964,6.58112283345399,-23.189816182795383,11.801764037666441,-23.629266576431654,-13.18065590039371,-6.655984610829615,-25.05357192408108,-0.5532925264431591,17.514699677127314,6.706484456385569,17.629600753557234,24.52293597033241,2.7161269301441595,-0.270050778537383,-9.224002211160307,-27.42596005937116,-1.575980227209135,-3.810858508321835,2.513977723802718
-21.781199838842927,-45.542107165815764,-33.7528294069194,-14.489795417797652,-77.18578176640771,17.146062731171035,-76.75950109648225,59.427461996986494,-26.440877148001427,76.55193363229368,-13.42099933014764,5.509078453760385,45.57653422911705,56.502571519408576,33.41695828789559,20.537041003873195,52.28514752216245,31.09117375962793,-3.5787374812694193,5.601321285799715,12.524335484000817,38.20382966855083,-37.3199907711618,-17.8965450016927,32.0005726276027,-2.1300580395303426,3.100020039107105,-5.6891179682413044,-28.76337862638335,-55.49476644554709,5.546580272252027,-48.65861180851233,46.000530580466666,22.88674436687008,1.5923430119915303,24.09640495902854,2.438238731843294,19.944344324588048,-70.05126927923727,36.09601079266352,-70.41789727100259,-41.02857710765282,-20.631228364584842,-75.80507408796902,-2.711186353829668,54.08932311731639,18.8389957350797,53.54358264727008,74.62471441596362,7.644498473667552,-1.8887972718447041,-28.64572906772639,-82.13766694263323,-5.215182522029575,-11.91473523857924,7.99563024513138
22.103962858698118,44.160668864216156,33.12358269069517,14.657780478351171,74.9747416466381,-16.121398060858496,73.739293927177755,-59.08121514116707,26.071819071305068,-74.46164650233118,14.087921490431258,-5.028473686249301,-45.06866255118328,-55.01037623717811,-33.622331950436326,-19.604243669487097,-50.412243581375115,-30.598699231213065,3.014257260118234,-5.88914820184216,-12.598939333645937,-37.3199907711618,37.14471164836083,17.79158707622334,-30.051827016228685,2.5358574656216186,-2.7434139167523144,6.223790864124196,27.766568338258327,53.62126429985233,-4.976952021819968,47.60595027512304,-44.59107790867833,-22.173383584600096,-1.0159678623288375,-23.040329944613053,-1.618753996565726,-19.548471629151077,68.83616395000206,-35.20488939447192,69.81090271849135,39.566410465364314,19.94949334654865,74.43118338208627,2.0220548938824723,-52.419431341798905,-19.394749371647,-52.452973494789035,-73.01097348628724,-7.85903802190674,1.1972204377203126,27.672985651247007,81.1738153208464,4.841214611230236,11.454582935866423,-7.615393938549809
10.582138580920574,21.200977658448906,15.871357652120352,7.026646682519336,35.96905298304141,-7.721626826858843,35.38708250868347,-28.31274199706977,12.508507782884662,-35.72912248319681,6.735427608770593,-2.424335737771344,-21.588871647710448,-26.393864330716138,-16.103268459018537,-9.404611219465279,-24.187969165826313,-14.659511712949984,1.4653929616931631,-2.8116649551358934,-6.035719745860508,-17.8965450016927,17.79158707622334,8.534392413629137,-14.44151251066649,1.2125977705273476,-1.3180309796929304,2.9760717148732647,13.336720335806621,25.732868713622334,-2.3954842866324846,22.820330416923245,-21.383959074380215,-10.629139009358076,-0.4930453689267302,-11.068239554415904,-0.8004022979864307,-9.391450463753877,33.02179199882507,-16.879496062113454,33.45341011593628,18.993886971130912,9.574532774890102,35.68454214541362,0.9796283229363263,-25.16014408083795,-9.283421160267645,-25.144281338843438,-35.00635549206125,-3.763466300039588,0.5793707457824038,13.273309822373372,38.90501824126266,2.3302593792590556,5.504611426013597,-3.648772529759909
-16.788834397135165,-38.71555446016064,-28.010395874214385,-11.246507362211942,-65.39858011294108,15.479909924568847,-66.48748823747748,47.96534083021208,-21.714409284212017,64.67638337817955,-9.52035696234395,5.233551369461946,37.22002523694171,47.64855787219428,26.26751817964009,18.01163691751391,44.964037959606145,25.648214723650472,-3.8407443476370138,3.958657164050491,9.848190920377556,32.0005726276027,-30.051827016228685,-14.44151251066649,28.930068934476775,-0.9795103690601974,3.10025975266456,-3.589034062175698,-24.668884641328916,-47.518759948528945,5.423400423082228,-40.63298555155708,39.14283085945596,19.49854728980947,2.286888835067411,21.057169900002,3.3818916507129644,16.580692284880186,-57.95186241063074,30.33580436321387,-57.185209804297855,-35.26512510338787,-17.63940486759347,-62.827685595818906,-3.3758348443955946,46.03638019088166,14.031827766555326,44.59195037580256,62.310937055463306,5.712391651832311,-2.727535069586499,-24.542350533437403,-67.15255065521048,-4.812708708682189,-10.300920038433441,7.045075093877109
1.7675869803753328,2.3346104106009244,1.9750280947755114,1.15186161878718,4.024368993147068,-0.5160520622007054,3.446444925454973,-4.0040518928933615,1.6462438939219628,-4.067298776457829,1.4028131194274445,-0.0755457219119915,-2.8965878174868505,-3.035232241197063,-2.5186305319573066,-0.8333617203855552,-2.4703998226417436,-1.877423523518042,-0.11443304073159578,-0.5885671993504498,-0.94364278533963,-2.1300580395303426,2.5358574656216186,1.2125977705273476,-0.9795103690601974,0.4287232382666533,0.02095482901771949,0.7680286743976201,1.3944347115464808,2.7052442781062247,-0.013414270667801908,2.7555842138513746,-2.3278739119312757,-1.1461649770554547,0.2771891314001047,-1.0174436108638834,0.36787875781661233,-1.171922098274726,4.1949053848808155,-1.9715918244206907,4.608302886471812,1.9522062682307708,1.016552363032979,4.480434358223763,-0.2709741492724993,-2.74767692977728,-1.7173685695544596,-3.07921687309671,-4.233383764838447,-0.6908004361078544,-0.33568338989180907,1.3864698072076862,5.2050456705923285,0.12410633569813158,0.5475265196058265,-0.3087935388937317
-1.421296828226999,-3.8238916378928876,-2.680347591738403,-0.9607289841223078,-6.43798132422158,1.6660367313925915,-6.7499634060481775,4.390107146155914,-2.038145069631672,6.337770666587281,-0.6795129526562642,0.5920773932901383,3.4755819320171835,4.657094343963373,2.3014870950783735,1.8613364334345128,4.520901998912408,2.4325992031750125,-0.48706789926702443,0.28157328680455035,0.8628047804998691,3.100020039107105,-2.7434139167523144,-1.3180309796929304,3.10025975266456,0.02095482901771949,0.3727223790425063,-0.1796874325551408,-2.46525856768394,-4.746550407102788,0.6351634842921865,-3.921529877325654,3.880741375453093,1.938213524026326,0.3580645969990879,2.1595008229297745,0.5132747296628793,1.5813071411304276,-5.503789441368051,2.9545091007495423,-5.287136883167271,-3.539271569088018,-1.7578709088129418,-5.992261481685716,-0.4840484868064711,4.557096128720066,1.1114272353290982,4.285864897349109,6.0098173957924335,0.45483052539662067,-0.42899417877869944,-2.4561686267800837,-6.27362000166282,-0.5275420449540944,-1.0400617740678983,0.7343515492973356
4.051311073506657,6.478287615014685,5.165031568543893,2.6576582959117476,11.08470383602742,-1.9173722139622764,10.214024019400911,-9.857394802413191,4.185472676544986,-11.102216939516936,2.9541918812692876,-0.4806280270175878,-7.309453559659898,-8.243169168529953,-5.933184030186148,-2.604919934669856,-7.136873612250149,-4.842689119897895,0.07171629432972944,-1.2385352450776967,-2.2228208201762296,-5.6891179682413044,6.223790864124196,2.9760717148732647,-3.589034062175698,0.7680286743976201,-0.1796874325551408,1.5038818888413026,3.973613910673961,7.694280127901962,-0.39415073579135407,7.310280270301052,-6.506174242025565,-3.2207563344232115,0.29566082232629304,-3.109701753364632,0.37484483186998074,-3.0522346170219743,10.848105941187704,-5.316573324219567,11.482963359574473,5.617479006524758,2.8759948975380962,11.65936587322432,-0.2117099415481576,-7.659306052206588,-3.7782464358735006,-8.112251106570643,-11.219750116350644,-1.52385209645392,-0.3602372021032139,3.9591941430488604,13.14520496915742,0.532311426071084,1.6015583318685334,-0.9926934959654106
16.007902493077474,34.459597900024534,25.33140229582322,10.679220175922039,58.31983222678188,-13.184542624470332,58.37958487808974,-44.25858600140928,19.802978993500336,-57.80042760820836,9.642790861600835,-4.31994451334884,-34.044469958230266,-42.63746560086001,-24.69735889143282,-15.672703636215616,-39.677826294561335,-23.29242085901703,2.931415590268942,-4.0164127230763516,-9.258833531120304,-28.76337862638335,27.766568338258327,13.336720335806621,-24.668884641328916,1.3944347115464808,-2.46525856768394,3.973613910673961,21.82616491282935,42.06673848485557,-4.384130689233192,36.593280594981685,-34.790303732219094,-17.31071832886287,-1.448638483548512,-18.386179347830343,-2.2041204611937335,-15.002595826329298,52.56885686761906,-27.199148768947843,52.531678746432334,31.141436340472875,15.633149028704896,56.89312493469724,2.3342544195629897,-40.93458591622711,-13.718536773682366,-40.23677583055705,-56.1280923629653,-5.573300308316601,1.7203098539677408,21.710264011664798,61.39668478697777,4.049407601122066,9.06512431917777,-6.105238660074869
30.931714437506365,66.43671124996726,48.898476691712254,20.61798596501775,112.48458296736464,-25.44148237838646,112.56568772725598,-85.44400241887902,38.201404780629304,-111.47392543957523,18.65873698512728,-8.305319700754904,-65.73529267626691,-82.23488111814555,-47.70393159086067,-30.223141139641882,-76.51688787830224,-44.96785758506408,5.6117712083428035,-7.778808594406475,-17.88112733989191,-55.49476644554709,53.62126429985233,25.732868713622334,-47.518759948528945,2.7052442781062247,-4.746550407102788,7.694280127901962,42.06673848485557,81.11691926709439,-8.434622671870896,70.61807295396383,-67.11503270292526,-33.40178485573059,-2.7742581770795702,-35.4300650820123,-4.195755252575726,-28.91693106011637,101.41130004177461,-52.48051457654425,101.41372376804208,60.0380245710342,30.14421453355591,109.78905628587563,4.474081623173782,-78.9296846861107,-26.517127727568102,-77.64983907980802,-108.30284742073766,-10.769681693755755,3.297320027973524,41.87568308648016,118.51128020255862,7.792727088952724,17.466041937573173,-11.780797562560466
-2.629251886287039,-6.816827069728939,-4.806283987245988,-1.7760147283789574,-11.477966225206083,2.902966823082101,-11.946873900089047,7.963631766309783,-3.678061022807694,11.314317657050932,-1.3180748002749856,1.025459554348183,6.2691133259406255,8.318698890454504,4.220381756684662,3.279150904287186,8.019050554732646,4.371157707565212,-0.8264651451777613,0.5454272281608867,1.5827212714683692,5.546580272252027,-4.976952021819968,-2.3954842866324846,5.423400423082228,-0.013414270667801908,0.6351634842921865,-0.39415073579135407,-4.384130689233192,-8.434622671870896,1.0900597279015722,-7.020114878066738,6.9037374701571155,3.444375944178145,0.5812519876156802,3.8165488826520777,0.8430111812833837,2.8462346761497344,-9.900955166632201,5.278218516033764,-9.565296939380428,-6.283949434449892,-3.125788130903084,-10.760869908813165,-0.7988352865978109,8.117467157157535,2.0942185567858145,7.680472661926286,10.762852677480824,0.8563081689211134,-0.6952671252643475,-4.360224095465534,-11.321796102298853,-0.9192390550217342,-1.8458401042872337,1.289542816423926
27.82546664109752,57.962543717679864,43.01016725306351,18.50138479083132,98.26175420127603,-21.787114795081493,97.63977653833511,-75.79286694805056,33.695084080815505,-97.46058315907798,17.192387417780076,-6.97796472202339,-58.110715486510585,-71.94070210303602,-42.66035767647443,-26.114272868621327,-66.52683722372275,-39.627436381972274,4.504048973100598,-7.178343691471258,-15.987624458262621,-48.65861180851233,47.60595027512304,22.820330416923245,-40.63298555155708,2.7555842138513746,-3.921529877325654,7.310280270301052,36.593280594981685,70.61807295396383,-7.020114878066738,61.98578058695452,-58.55771117632725,-29.13559970880209,-1.9766123663565187,-30.635309953423576,-3.0239513699862695,-25.39874553389323,89.25112412439424,-45.970474343324696,89.79290995111764,52.19944735393286,26.25450450287612,96.58834729154711,3.391601036915125,-68.8413505913728,-24.0926067489624,-68.21450247785712,-95.05949383117677,-9.774398438007065,2.34482399804908,36.455515573035946,104.71078945274975,6.614923116044927,15.152396635297865,-10.167946889448126
-25.805434322585015,-54.989264214258945,-40.571887755009364,-17.183773784491436,-93.14932165594665,20.98376831434173,-93.05886717705388,71.02953571510196,-31.704229788963193,92.32516877613962,-15.661862368995871,6.808714746139338,54.60935903556266,68.11959878035995,39.73786889381926,24.96647058161961,63.29418078927246,37.32829471530407,-4.546388737352605,6.534822601948195,14.893344493441422,46.000530580466666,-44.59107790867833,-21.383959074380215,39.14283085945596,-2.3278739119312757,3.880741375453093,-6.506174242025565,-34.790303732219094,-67.11503270292526,6.9037374701571155,-58.55771117632725,55.56976692883386,27.657649093707853,2.196720639403685,29.260679553689005,3.3178956938743975,23.96594974760458,-84.123992862563,43.49435728591387,-84.27020132025588,-49.65540609352508,-24.94286418960486,-91.08234600088794,-3.586260201376038,65.3296472108184,22.175508896059476,64.40040437265428,89.79947337694574,9.002769838690204,-2.611243478638259,-34.652714523160974,-98.4247716036885,-6.405778096712629,-14.433893599713077,9.73285095000186
-12.82159727750947,-27.359248082978745,-20.186335941663337,-8.535627657840559,-46.35130096945877,10.462138211803792,-46.32629240203472,35.31672591712593,-15.764444862985123,45.93577171080603,-7.771451907843597,3.392904578258001,27.162962838952023,33.89169737024962,19.749912686221577,12.433696831191266,31.505289194807922,18.570744343969185,-2.268403334921839,3.2438419940847902,7.401547063243013,22.88674436687008,-22.173383584600096,-10.629139009358076,19.49854728980947,-1.1461649770554547,1.938213524026326,-3.2207563344232115,-17.31071832886287,-33.40178485573059,3.444375944178145,-29.13559970880209,27.657649093707853,13.767502871269134,1.1065213615853897,14.56525637196797,1.663820891226262,11.915276975029645,-41.83788095088475,21.642560222033268,-41.90638637062809,-24.712448127448084,-12.412825617544053,-45.30850380535292,-1.7988172522103554,32.50707625002274,11.010567797403086,32.04048005913321,44.676969952225086,4.469718242479798,-1.3161715624472108,-17.24881525045182,-48.95025058801001,-3.191155320929485,-7.182234923937138,4.849356508821097
-0.2530958422702254,-2.1428282854518863,-1.2951998281493815,-0.19800293292895213,-3.548421490134746,1.2320765161106955,-4.185550173043198,1.6598534487600847,-0.9000519328794626,3.430573586258475,0.2152395084900586,0.5045459219300871,1.4771949040859962,2.4926974939850366,0.6171214014175526,1.2239985643812235,2.705534616874371,1.1242176329140328,-0.5221724815665064,-0.09403772829709808,0.23187450905847684,1.5923430119915303,-1.0159678623288375,-0.4930453689267302,2.286888835067411,0.2771891314001047,0.3580645969990879,0.29566082232629304,-1.448638483548512,-2.7742581770795702,0.5812519876156802,-1.9766123663565187,2.196720639403685,1.1065213615853897,0.49871742547668224,1.3915328648905891,0.6990948930035356,0.7630356323966049,-2.5804304693080757,1.5523782543625844,-2.127326595754615,-2.1083212625983556,-1.0187249350029361,-2.8589864866103762,-0.612158091304836,2.573755924218436,-0.003683432362919993,2.1197069471012915,3.0238965518668275,0.005906671008739773,-0.5994519969161484,-1.4427835861622236,-2.6830244763817506,-0.4151138692615607,-0.63594647656694,0.49436246611702994
-13.141764680685467,-28.967461628558777,-21.17621761944272,-8.779162750250132,-48.99270995399104,11.259517651841128,-49.31217725828999,36.741797145996465,-16.506051851495865,48.51938043154644,-7.7601603318097405,3.7314500362672285,28.348132733489482,35.77507881167345,20.37160161512498,13.28131899047779,33.45607449361762,19.443375745634064,-2.6081465307521143,3.2305650147390272,7.637299021961029,24.09640495902854,-23.040329944613053,-11.068239554415904,21.057169900002,-1.0174436108638834,2.1595008229297745,-3.109701753364632,-18.386179347830343,-35.4300650820123,3.8165488826520777,-30.635309953423576,29.260679553689005,14.56525637196797,1.3915328648905891,15.56120404351914,2.0911470338774376,12.538875505283631,-43.89841650810975,22.80595253602272,-43.676784895996185,-26.25137702919166,-13.161524160837917,-47.53861369422279,-2.160700174079652,34.42276868576025,11.168469490566784,33.662696581940004,46.985833424001676,4.540386389285668,-1.655637115675064,-18.29012962782244,-51.13094071293393,-3.4732937615887614,-7.650861422192729,5.181356946589575
-0.47398792582431,-3.2712542329437095,-1.9853712431768857,-0.36777620185693793,-5.398040186610176,1.788426435011935,-6.2779342483500455,2.6530783917409035,-1.4194925075852032,5.240689907044629,0.22659257239272548,0.7434054120473597,2.302151491560683,3.8119461954941865,1.048439436090936,1.8174161724182751,4.071927583462412,1.7322108967738088,-0.7629889130914556,-0.10537996923155103,0.39568623933804964,2.438238731843294,-1.618753996565726,-0.8004022979864307,3.3818916507129644,0.36787875781661233,0.5132747296628793,0.37484483186998074,-2.2041204611937335,-4.195755252575726,0.8430111812833837,-3.0239513699862695,3.3178956938743975,1.663820891226262,0.6990948930035356,2.0911470338774376,1.0018972541581939,1.2017418484630022,-4.023046268123841,2.365507623324102,-3.3613094421613003,-3.1877430445284523,-1.543564499068086,-4.417042054690736,-0.8669564850665465,3.917028456419902,0.10376025821091038,3.2526264559627895,4.637550339609901,0.05438338606509043,-0.8378498830764749,-2.171506456453477,-4.2043474964589,-0.6138344989962501,-0.9655124255873431,0.7260988653185465
