V1,V2,V3,V4,V5,V6,V7,V8,V9,V10,V11,V12,V13,V14,V15,V16,V17,V18,V19,V20,V21,V22,V23,V24,V25,V26,V27,V28,V29,V30
7.6227292583502555,-1.5004223091497608,-1.5515940038746898,-3.7093471439143464,8.332123809316277,11.083936891226667,-5.208725590265539,-1.7378114132507538,5.8118590912149175,-2.3904997009953757,-5.1226763789399685,4.791571845963722,0.5815485737350407,-0.4277709861280475,4.536525841617359,4.706951785865413,0.7739375697001406,-0.5101322585745645,3.246015692492592,-1.8709545622838748,-11.742616927894325,-4.110412941340327,9.233067323526033,4.0036318996171865,2.721647923005218,-0.9699391916189631,-5.459861265014806,-2.353187921728113,-11.602112346401974,4.868662594666587
-1.5004223091497608,1.1724079520274826,0.6264001080301489,0.3389918550831785,-1.7236664859820854,-2.3485830412801594,0.9038932523094948,0.16787172982843454,-1.275533398605123,0.45932673448357725,1.120627546170637,-0.7448019288079546,0.08285708021765131,0.32758488276566694,-0.9996679186582509,-0.7983244864325872,-0.42118295648400245,-0.0915527145487093,-0.6395598644578487,0.4379024443317135,1.9389423102932082,1.320087550153951,-1.760608051714535,-1.018774406476717,-0.2543536919406629,0.22193674070075792,1.1138903632079649,-0.154506367740076,1.9766992370862904,-1.1059485385606518
-1.5515940038746898,0.6264001080301489,0.7975758843096606,1.0397900909547766,-1.5970114346787818,-2.6669180855296575,1.2955765991297101,0.5253643778188988,-1.4634000533467306,0.41641779959112013,1.2796933261790024,-0.7830807941617689,-0.04630443098279748,0.06804944087687288,-1.2094236140965955,-1.0702489175781518,-0.1421321833516129,-0.15323528024475921,-0.7001522348440776,0.39195645253597566,2.3730786875424092,1.0647779200618446,-2.1368914480397123,-0.869753467844167,-0.7021578020284431,-0.006468720097841896,1.0099377325054293,0.14385647172122343,2.5207507622714136,-1.2831406225346267
-3.7093471439143464,0.3389918550831785,1.0397900909547766,2.9293576573683495,-4.039297970881387,-5.542354503302926,3.054301830614133,1.5626368134543558,-3.577454072966897,1.1168613900747408,2.9156179971799507,-2.007686691773556,-0.33887912119387176,-0.527521849994396,-2.3811052947941995,-2.587999176301004,0.05813429437553511,0.11939339080221059,-1.454768242485018,0.45410681371854367,6.009382011376354,1.225189505985672,-4.622637885856625,-1.567070351946083,-2.156640582198366,0.061529415546691925,2.3277904376933414,1.5655138008228688,6.418176365347847,-2.3756953592728363
8.332123809316277,-1.7236664859820854,-1.5970114346787818,-4.039297970881387,9.354076725739542,11.811884188121153,-5.617274623944933,-2.0268862603413087,6.600663691508961,-2.626348199031188,-5.667198244867126,5.182571657255996,0.5690725625643308,-0.26968671070124106,4.7780517656017825,5.101989724011057,0.7925029453034381,-0.6596741450086584,3.397533182525738,-1.7946758391195485,-12.762774115009469,-4.125711668531373,9.863359227803723,4.28152437284215,3.077375522719097,-1.1010688201644268,-5.931389863896875,-2.7202368356013182,-12.808144224417001,5.062774517616882
11.083936891226667,-2.3485830412801594,-2.6669180855296575,-5.542354503302926,11.811884188121153,17.08204979420554,-7.930548385799316,-2.261092431273145,8.618746140704415,-3.696588105083686,-7.783760574444863,6.407171569590009,1.0204208740631018,-0.8319532348314259,7.1443903336943535,7.043450118714712,1.4581192069629842,-0.36167453918102754,5.118908211904789,-3.131752098444612,-17.303836791884113,-6.5529776521383525,13.737632180831826,5.929966673243374,4.087113732282868,-1.188623153106673,-7.956778041358265,-3.2701061298136795,-16.678562741190863,7.69008691465375
-5.208725590265539,0.9038932523094948,1.2955765991297101,3.054301830614133,-5.617274623944933,-7.930548385799316,3.9323506478072634,1.4101263314458339,-4.454138825503102,1.7391892120902497,3.866498633574026,-2.816124501526754,-0.5111882928501136,-0.036190696929369374,-3.3161513329178236,-3.3561773037712217,-0.45930443583757286,0.18582294608478794,-2.2597632070240006,1.1655862337568361,8.241495415828672,2.513007515272671,-6.374276556533355,-2.5720204607666535,-2.320250414217632,0.3863051541796055,3.5665350563354394,1.8427903201271714,8.167820495332125,-3.4889059684624733
-1.7378114132507538,0.16787172982843454,0.5253643778188988,1.5626368134543558,-2.0268862603413087,-2.261092431273145,1.4101263314458339,1.071205635175842,-1.8223309845630258,0.3625622156361086,1.3475050057215003,-1.120816896149319,-0.03302735294205218,-0.480613222506476,-0.9576168264223591,-1.1855397005913784,0.27797339600712073,0.13716330584695585,-0.4477783578442978,-0.07866793777347357,2.7287905153688827,0.23273362506605969,-2.12348618699622,-0.6476711137257822,-1.123994608147895,0.002664351527323478,0.9808219309955202,0.7269577337569998,3.305526696163683,-0.8998973780640814
5.8118590912149175,-1.275533398605123,-1.4634000533467306,-3.577454072966897,6.600663691508961,8.618746140704415,-4.454138825503102,-1.8223309845630258,5.878609937283206,-2.1529758560592693,-4.722366840721534,2.4388347103870918,0.5085803154145362,0.5733102958253854,3.5414171245687944,3.6809824517726852,0.5183237770879738,-0.23566891929779532,2.339306736293843,-0.8079766402536109,-9.125870990162332,-1.9603696116970537,6.611450505956506,2.5361633918703155,3.0635256243653046,-0.2632160486659386,-3.774664209513981,-2.4230675140460574,-9.296782919393452,3.5845703592117086
-2.3904997009953757,0.45932673448357725,0.41641779959112013,1.1168613900747408,-2.626348199031188,-3.696588105083686,1.7391892120902497,0.3625622156361086,-2.1529758560592693,1.0665705501025577,1.8635149956012707,-0.9179698841788103,-0.33487592493460067,0.016031557750565174,-1.4784972356244985,-1.4706885745259668,-0.47242698060221733,0.11954652321603843,-1.1487210627522975,0.6066940409470851,3.817810530315487,1.0632802675012887,-2.6545267621913786,-1.1217751226941888,-1.0615178404851642,0.22059216936068665,1.6861210182914783,1.0840083679247794,3.4538631392162755,-1.5585426866924754
-5.1226763789399685,1.120627546170637,1.2796933261790024,2.9156179971799507,-5.667198244867126,-7.783760574444863,3.866498633574026,1.3475050057215003,-4.722366840721534,1.8635149956012707,4.012239748537529,-2.391682236696091,-0.49049706356996403,-0.16374675978939754,-3.212893497365701,-3.2431824220436245,-0.5735671312685721,0.16704672441845855,-2.198399714429908,1.0184425693879589,8.044489277225834,2.2550888943341305,-6.024179418374877,-2.453920745968563,-2.4023098847373854,0.34854760283493563,3.4706019904091656,1.9222765626873755,7.9480972379616235,-3.3423158389131133
4.791571845963722,-0.7448019288079546,-0.7830807941617689,-2.007686691773556,5.182571657255996,6.407171569590009,-2.816124501526754,-1.120816896149319,2.4388347103870918,-0.9179698841788103,-2.391682236696091,4.549230865815919,0.1293967924016071,-0.8417421763642455,2.627209514610275,2.961390224908087,0.16938192428699053,-0.5580348543522218,1.9016463826756937,-1.39726616265438,-7.148356407115216,-3.32460769903613,6.286165224461158,2.899080283610918,0.9431195604255099,-1.038522381624055,-3.685252822285072,-0.8449915116748424,-7.402191343603484,2.941009388751418
0.5815485737350407,0.08285708021765131,-0.04630443098279748,-0.33887912119387176,0.5690725625643308,1.0204208740631018,-0.5111882928501136,-0.03302735294205218,0.5085803154145362,-0.33487592493460067,-0.49049706356996403,0.1293967924016071,0.193807561027061,0.022064020492690194,0.41322260789838816,0.38672791508732135,0.13878978657899682,-0.023639795986008665,0.35013563613355514,-0.21650618568540592,-1.0616698981856625,-0.21977217539001637,0.6587101138831833,0.2439674681720416,0.3294599130931442,-0.020021748872911405,-0.41431968588601825,-0.4348596149876606,-0.8122607596786915,0.4364025822060085
-0.4277709861280475,0.32758488276566694,0.06804944087687288,-0.527521849994396,-0.26968671070124106,-0.8319532348314259,-0.036190696929369374,-0.480613222506476,0.5733102958253854,0.016031557750565174,-0.16374675978939754,-0.8417421763642455,0.022064020492690194,0.8758486961484829,-0.37412064464768735,-0.21639511081828167,-0.35896607962757543,-0.009895252269727763,-0.4360668426389977,0.7299143563058731,0.49635317517512517,1.3849446695491638,-0.855011898950103,-0.6772692492581893,0.6242169347752962,0.3630929270451067,0.6380192693340695,-0.5184018898652112,0.13305401772304828,-0.5735884068554296
4.536525841617359,-0.9996679186582509,-1.2094236140965955,-2.3811052947941995,4.7780517656017825,7.1443903336943535,-3.3161513329178236,-0.9576168264223591,3.5414171245687944,-1.4784972356244985,-3.212893497365701,2.627209514610275,0.41322260789838816,-0.37412064464768735,3.0482358823548603,2.9580319616899318,0.5983579025343644,-0.06212234084476,2.1453000546419148,-1.33594730525955,-7.0999100334725025,-2.8337356857791063,5.748470712854204,2.4555437026960045,1.6949844413833155,-0.4364318894210971,-3.25103322776037,-1.2330603019597677,-6.88427317866684,3.2646200847880356
4.706951785865413,-0.7983244864325872,-1.0702489175781518,-2.587999176301004,5.101989724011057,7.043450118714712,-3.3561773037712217,-1.1855397005913784,3.6809824517726852,-1.4706885745259668,-3.2431824220436245,2.961390224908087,0.38672791508732135,-0.21639511081828167,2.9580319616899318,3.1125913897864987,0.43235345893518007,-0.23179991070950334,2.0931773055089495,-1.1714082363704024,-7.387644622864861,-2.573515998880847,5.879873152010346,2.420237569837232,1.8545513649259344,-0.5239916752705848,-3.3516377687011194,-1.4980051010148676,-7.386137397937329,3.116614397147746
0.7739375697001406,-0.42118295648400245,-0.1421321833516129,0.05813429437553511,0.7925029453034381,1.4581192069629842,-0.45930443583757286,0.27797339600712073,0.5183237770879738,-0.47242698060221733,-0.5735671312685721,0.16938192428699053,0.13878978657899682,-0.35896607962757543,0.5983579025343644,0.43235345893518007,0.4890864691719877,0.048418243874187056,0.5616508575523042,-0.5048374118648943,-1.175809556193073,-0.8408082984884483,0.8603833998872901,0.5355114872109563,0.0678156297224523,-0.16423799916085827,-0.6859390742472485,-0.14442929308958205,-0.7296120657120102,0.6913489426525855
-0.5101322585745645,-0.0915527145487093,-0.15323528024475921,0.11939339080221059,-0.6596741450086584,-0.36167453918102754,0.18582294608478794,0.13716330584695585,-0.23566891929779532,0.11954652321603843,0.16704672441845855,-0.5580348543522218,-0.023639795986008665,-0.009895252269727763,-0.06212234084476,-0.23179991070950334,0.048418243874187056,0.23341293628174292,-0.10009199633944994,0.02514193428106031,0.7608498751771422,0.029500391492518,-0.47863477791495673,-0.22161482514904174,-0.1042803111455097,0.1932212253643551,0.39561394201075095,0.3210219750588927,0.7992709747267991,-0.07440506145226444
3.246015692492592,-0.6395598644578487,-0.7001522348440776,-1.454768242485018,3.397533182525738,5.118908211904789,-2.2597632070240006,-0.4477783578442978,2.339306736293843,-1.1487210627522975,-2.198399714429908,1.9016463826756937,0.35013563613355514,-0.4360668426389977,2.1453000546419148,2.0931773055089495,0.5616508575523042,-0.10009199633944994,1.653466546011237,-1.1023313037692934,-5.1075042865123,-2.1602101120974386,4.060973000657602,1.793325138566869,1.0686789124553446,-0.4132140926916922,-2.4289672954721504,-0.9541916058585013,-4.721195942769896,2.328656030718527
-1.8709545622838748,0.4379024443317135,0.39195645253597566,0.45410681371854367,-1.7946758391195485,-3.131752098444612,1.1655862337568361,-0.07866793777347357,-0.8079766402536109,0.6066940409470851,1.0184425693879589,-1.39726616265438,-0.21650618568540592,0.7299143563058731,-1.33594730525955,-1.1714082363704024,-0.5048374118648943,0.02514193428106031,-1.1023313037692934,1.034159668138753,2.902846335348522,1.9028781956749048,-2.557559075317411,-1.2960979062537203,-0.1901670407342666,0.3909162555352277,1.579003093760738,0.21596086304861528,2.4110714733627883,-1.5603496228150164
-11.742616927894325,1.9389423102932082,2.3730786875424092,6.009382011376354,-12.762774115009469,-17.303836791884113,8.241495415828672,2.7287905153688827,-9.125870990162332,3.817810530315487,8.044489277225834,-7.148356407115216,-1.0616698981856625,0.49635317517512517,-7.0999100334725025,-7.387644622864861,-1.175809556193073,0.7608498751771422,-5.1075042865123,2.902846335348522,18.390769504333758,6.086878487082658,-14.278106126198423,-6.022966956032858,-4.49773956263031,1.3698860320419757,8.356786997838592,3.998854479656894,18.027575906581642,-7.581865777543759
-4.110412941340327,1.320087550153951,1.0647779200618446,1.225189505985672,-4.125711668531373,-6.5529776521383525,2.513007515272671,0.23273362506605969,-1.9603696116970537,1.0632802675012887,2.2550888943341305,-3.32460769903613,-0.21977217539001637,1.3849446695491638,-2.8337356857791063,-2.573515998880847,-0.8408082984884483,0.029500391492518,-2.1602101120974386,1.9028781956749048,6.086878487082658,4.0860767219688725,-5.623835942314669,-2.8581986231930587,-0.4531485542911458,0.8389261342057,3.358951847914876,0.14883361404533726,5.6098534114207,-3.2459829791329056
9.233067323526033,-1.760608051714535,-2.1368914480397123,-4.622637885856625,9.863359227803723,13.737632180831826,-6.374276556533355,-2.12348618699622,6.611450505956506,-2.6545267621913786,-6.024179418374877,6.286165224461158,0.6587101138831833,-0.855011898950103,5.748470712854204,5.879873152010346,0.8603833998872901,-0.47863477791495673,4.060973000657602,-2.557559075317411,-14.278106126198423,-5.623835942314669,11.726847811070504,5.068608588588701,3.101100033474548,-1.1826328760646685,-6.695176924735755,-2.4151145431753367,-14.179486241915821,6.228208888851891
4.0036318996171865,-1.018774406476717,-0.869753467844167,-1.567070351946083,4.28152437284215,5.929966673243374,-2.5720204607666535,-0.6476711137257822,2.5361633918703155,-1.1217751226941888,-2.453920745968563,2.899080283610918,0.2439674681720416,-0.6772692492581893,2.4555437026960045,2.420237569837232,0.5355114872109563,-0.22161482514904174,1.793325138566869,-1.2960979062537203,-6.022966956032858,-2.8581986231930587,5.068608588588701,2.4187065204704674,0.9671229473985825,-0.6832941005307974,-3.0411268347170313,-0.7688779073232211,-5.827271603000793,2.7333920291307163
2.721647923005218,-0.2543536919406629,-0.7021578020284431,-2.156640582198366,3.077375522719097,4.087113732282868,-2.320250414217632,-1.123994608147895,3.0635256243653046,-1.0615178404851642,-2.4023098847373854,0.9431195604255099,0.3294599130931442,0.6242169347752962,1.6949844413833155,1.8545513649259344,0.0678156297224523,-0.1042803111455097,1.0686789124553446,-0.1901670407342666,-4.49773956263031,-0.4531485542911458,3.101100033474548,0.9671229473985825,1.8594634811619994,0.04618619174859396,-1.630656118614633,-1.5140150055037407,-4.672752050024352,1.6358041239523542
-0.9699391916189631,0.22193674070075792,-0.006468720097841896,0.061529415546691925,-1.1010688201644268,-1.188623153106673,0.3863051541796055,0.002664351527323478,-0.2632160486659386,0.22059216936068665,0.34854760283493563,-1.038522381624055,-0.020021748872911405,0.3630929270451067,-0.4364318894210971,-0.5239916752705848,-0.16423799916085827,0.1932212253643551,-0.4132140926916922,0.3909162555352277,1.3698860320419757,0.8389261342057,-1.1826328760646685,-0.6832941005307974,0.04618619174859396,0.3770645117059958,0.8626351370326981,0.12496924949430774,1.2804481536100258,-0.5306787312282896
-5.459861265014806,1.1138903632079649,1.0099377325054293,2.3277904376933414,-5.931389863896875,-7.956778041358265,3.5665350563354394,0.9808219309955202,-3.774664209513981,1.6861210182914783,3.4706019904091656,-3.685252822285072,-0.41431968588601825,0.6380192693340695,-3.25103322776037,-3.3516377687011194,-0.6859390742472485,0.39561394201075095,-2.4289672954721504,1.579003093760738,8.356786997838592,3.358951847914876,-6.695176924735755,-3.0411268347170313,-1.630656118614633,0.8626351370326981,4.07465396551558,1.5108496510916516,8.089302624171548,-3.5425889603461145
-2.353187921728113,-0.154506367740076,0.14385647172122343,1.5655138008228688,-2.7202368356013182,-3.2701061298136795,1.8427903201271714,0.7269577337569998,-2.4230675140460574,1.0840083679247794,1.9222765626873755,-0.8449915116748424,-0.4348596149876606,-0.5184018898652112,-1.2330603019597677,-1.4980051010148676,-0.14442929308958205,0.3210219750588927,-0.9541916058585013,0.21596086304861528,3.998854479656894,0.14883361404533726,-2.4151145431753367,-0.7688779073232211,-1.5140150055037407,0.12496924949430774,1.5108496510916516,1.7483676934973598,3.820827267989879,-1.185416408810914
-11.602112346401974,1.9766992370862904,2.5207507622714136,6.418176365347847,-12.808144224417001,-16.678562741190863,8.167820495332125,3.305526696163683,-9.296782919393452,3.4538631392162755,7.9480972379616235,-7.402191343603484,-0.8122607596786915,0.13305401772304828,-6.88427317866684,-7.386137397937329,-0.7296120657120102,0.7992709747267991,-4.721195942769896,2.4110714733627883,18.027575906581642,5.6098534114207,-14.179486241915821,-5.827271603000793,-4.672752050024352,1.2804481536100258,8.089302624171548,3.820827267989879,18.420239597069497,-7.239986502328846
4.868662594666587,-1.1059485385606518,-1.2831406225346267,-2.3756953592728363,5.062774517616882,7.69008691465375,-3.4889059684624733,-0.8998973780640814,3.5845703592117086,-1.5585426866924754,-3.3423158389131133,2.941009388751418,0.4364025822060085,-0.5735884068554296,3.2646200847880356,3.116614397147746,0.6913489426525855,-0.07440506145226444,2.328656030718527,-1.5603496228150164,-7.581865777543759,-3.2459829791329056,6.228208888851891,2.7333920291307163,1.6358041239523542,-0.5306787312282896,-3.5425889603461145,-1.185416408810914,-7.239986502328846,3.5745024995974357
