V1,V2,V3,V4,V5,V6,V7,V8,V9,V10,V11,V12,V13,V14,V15,V16,V17,V18,V19,V20,V21,V22,V23,V24,V25,V26,V27,V28,V29,V30
2.3125175217112623,0.46732178990603224,1.8596381101195307,-0.13204695149696122,-0.22958668066634513,-1.2482469251374926,0.4203876897623039,0.6254640404616599,1.6141119940733997,-0.14205654731755174,1.2591011514451729,0.5436616133273415,0.06198928397152085,0.8279569412290532,-0.2800996573020625,-1.2100112595947186,-0.5409260685285676,0.07554301142693673,0.4250555724273531,1.5760783230809128,0.7586570340117442,-0.6644643039956274,-0.5902530249105563,-1.1477284861797312,-1.8821168147019,1.44605142771193,0.453811690034516,1.0587249663390883,1.2297666088297832,1.540390972092222
0.46732178990603224,1.9295188458971633,1.097567999035843,-0.38380224479529734,-0.269489266396527,-1.8487992292547892,0.5313157955069736,-0.6233357078930936,-0.6276217247059085,0.6374572778326184,1.3241506046640825,1.9074059917965807,0.09058509659268116,0.573298737864592,-0.7849731093880534,-0.17373913860072232,-1.033476009081501,-0.5595860932180342,-0.5806454077023391,1.0000725415116716,0.22801459759211692,0.5718548347825209,-0.02167589635649664,-0.4706927479711643,-0.5683480972403095,-0.15091748477744665,0.4870221292156139,-0.19389867478138834,-0.5131276248105081,-0.3902207346718408
1.8596381101195307,1.097567999035843,3.3305066738526308,-0.7468008116157715,0.554084327322716,-2.3877929327161165,0.3759101821475461,-0.027804474557790268,1.6526560073572767,-0.23984895142492088,2.033911536459638,1.478066918762756,-0.44951082180225316,1.3567061728245569,-1.0322714343319628,-1.3010580919270862,-0.6465909344827762,-0.18068817541077256,-0.02449991980531681,2.104252957672387,0.6851556749028485,0.1965812704487336,-0.4398790232013471,-1.497861205782142,-2.5694876209433555,1.6051718877735013,0.302953175105749,0.75394268932401,0.9239460708772393,1.4004641363160155
-0.13204695149696122,-0.38380224479529734,-0.7468008116157715,0.7435274108779137,-0.11422241582901224,0.5377420627849466,-0.049631698276066005,0.30314002427035475,-0.033303109499970826,-0.23114926024504304,-0.3542292905551185,-0.4260467563297642,0.28809004511446895,-0.33589327104286626,0.3040852266531594,0.18243649715825544,0.6187874721574081,0.32444196697444777,0.024961159330091742,-0.32514481186649163,-0.0755721598497514,-0.5292926890764915,-0.06447643218721644,0.2090442300858008,-0.03484288647921417,-0.06320944859632549,0.27420824203758604,0.21318148965878955,0.2656144518684834,0.3046445565808798
-0.22958668066634513,-0.269489266396527,0.554084327322716,-0.11422241582901224,0.7181515394077642,-0.17134276874177504,-0.20590439125789092,-0.045388610468740584,0.35201457097939437,-0.35744371678179787,-0.0498999295141613,-0.0718539610599282,-0.21188967394359784,0.19007526618826376,-0.2107639516797667,-0.029033212510717922,0.2673236627799169,0.02993070305274139,-0.020640331021214053,0.0485820166302318,-0.2645792069821625,0.38053805100173893,-0.0810357223069468,-0.2275558438524873,-0.2952294390970353,0.3437705190709507,-0.13656033771725226,-0.1919455209967641,0.05860385892565706,0.15041904062220388
-1.2482469251374926,-1.8487992292547892,-2.3877929327161165,0.5377420627849466,-0.17134276874177504,3.213535345504715,-0.5275514175011655,0.46037061777087207,-0.2769183135873927,-0.3913498806968583,-2.127071882490595,-2.3581935680901918,0.0781568026602018,-1.273009486852639,1.2491734206595622,0.885045625383669,1.247489009914153,0.30107770531198375,0.5581238355735275,-1.9772495537104886,-0.57919375231217,-0.6856659843268851,0.6310632647855007,1.7154488929167526,2.1686405484689115,-1.5421131160921981,-1.029345574942461,-0.5156537028393148,-0.5017828358246337,-0.7380998038249301
0.4203876897623039,0.5313157955069736,0.3759101821475461,-0.049631698276066005,-0.20590439125789092,-0.5275514175011655,0.28710211280035797,0.017574168630050388,-0.07533094854626243,0.20924321534575638,0.4802421678479814,0.5293151969077826,0.10023121321082294,0.162574767702343,-0.1615148640101596,-0.12212513562448693,-0.33642816667767705,-0.15130113763536052,-0.04272340171192361,0.36965698469152686,0.1998211535108576,-0.07168529271395876,-0.08636060288755072,-0.19102513228839496,-0.27701584203569024,-0.011724745735372324,0.16710879723658456,0.12007309804321455,0.013499789451414463,0.059743122325156876
0.6254640404616599,-0.6233357078930936,-0.027804474557790268,0.30314002427035475,-0.045388610468740584,0.46037061777087207,0.017574168630050388,0.7242287653175046,0.6431022117042462,-0.26002763415097024,-0.19415224744348625,-0.6304451186284856,0.17744860654052858,-0.08557800745128427,0.3554465809528446,-0.22913823124724358,0.2566993922067589,0.25897860856742916,0.4879740754944234,-0.0036042899417226904,0.1246750688694109,-0.6341050112983632,-0.2896704333985241,-0.13616543357602798,-0.33753161409457455,0.4214245017310712,0.032733771819988294,0.44985435463408213,0.6690341042286025,0.7251653653020917
1.6141119940733997,-0.6276217247059085,1.6526560073572767,-0.033303109499970826,0.35201457097939437,-0.2769183135873927,-0.07533094854626243,0.6431022117042462,2.427062848858314,-0.8639157818469348,0.5638506451023161,-0.6759697791005486,-0.25720709128297575,0.7378419292922072,-0.022387703346823766,-1.0657778136356204,0.5017544695732802,0.5233758322157838,0.5600744764644185,1.2282289183970072,0.5710132442159503,-0.6946904953986229,-0.48369371331654604,-0.8558210725309947,-1.7728197709909965,1.5133193004281227,0.1899137769056991,1.035783511601524,1.3967664306359142,1.7918279280898748
-0.14205654731755174,0.6374572778326184,-0.23984895142492088,-0.23114926024504304,-0.35744371678179787,-0.3913498806968583,0.20924321534575638,-0.26002763415097024,-0.8639157818469348,0.6796712147208308,0.2536156563946998,0.6388411869571959,0.10574347834371149,-0.06424090194647025,-0.11020189176767552,0.10893392808752916,-0.7371509833713562,-0.3594390828988817,-0.16545194227826335,-0.08820305173219846,0.03910903883177802,0.2917515944837315,0.1155789800054411,0.11027156728887484,0.44672277923097053,-0.3632349133242229,-0.06994755964282823,-0.2440953812105719,-0.4874455009464717,-0.6354750425881996
1.2591011514451729,1.3241506046640825,2.033911536459638,-0.3542292905551185,-0.0498999295141613,-2.127071882490595,0.4802421678479814,-0.19415224744348625,0.5638506451023161,0.2536156563946998,1.9336557200956614,1.700901873271908,-0.1362182671542487,0.9233532964080755,-0.8042115242347568,-0.8895139768005087,-0.7578869246591937,-0.11708857991778655,-0.23638843675879945,1.6367906838306485,0.6628919351453199,-0.03988963695458098,-0.26112847319683097,-1.0874124763509907,-2.045401631929023,1.068879144043752,0.6147225349931632,0.7736942106326576,0.5654925316757125,0.9453193036573023
0.5436616133273415,1.9074059917965807,1.478066918762756,-0.4260467563297642,-0.0718539610599282,-2.3581935680901918,0.5293151969077826,-0.6304451186284856,-0.6759697791005486,0.6388411869571959,1.700901873271908,2.4071174792673298,-0.012539375950106416,0.6813383966780749,-0.9601215455032512,-0.30426062847371294,-1.1042470115434815,-0.4555832237947234,-0.6590432576362331,1.1953948475765865,0.3006121945632159,0.4852742931546955,-0.06397249469341657,-0.8302836631658997,-1.2676846784435583,0.37511367218003006,0.6800673732341368,0.15720979215635156,-0.2327436942691124,0.025565857648022924
0.06198928397152085,0.09058509659268116,-0.44951082180225316,0.28809004511446895,-0.21188967394359784,0.0781568026602018,0.10023121321082294,0.17744860654052858,-0.25720709128297575,0.10574347834371149,-0.1362182671542487,-0.012539375950106416,0.31889970128234535,-0.11808818666372096,0.14244328037841064,0.13728340087363497,-0.007470514741679132,0.033119493903458974,-0.032333697217640886,-0.11276301061770896,-0.038843874495179266,-0.15050910256286626,-0.1347488282178519,0.01854287058461749,0.16360345299820037,-0.12200592564513618,0.23819216021383893,-0.019540831286109978,0.018779672423494206,-0.007083035183203169
0.8279569412290532,0.573298737864592,1.3567061728245569,-0.33589327104286626,0.19007526618826376,-1.273009486852639,0.162574767702343,-0.08557800745128427,0.7378419292922072,-0.06424090194647025,0.9233532964080755,0.6813383966780749,-0.11808818666372096,0.7471227064582168,-0.5196092060316904,-0.6186193930055637,-0.41435600627375035,-0.047580292042039944,-0.10683102895455579,1.0790045513953568,0.3160579907005951,0.2562057814303997,-0.34569104430867403,-0.8687921752240089,-1.1524234185926021,0.9130224161583799,0.3950371103923711,0.3264770556312681,0.4426582456470196,0.6291995263240276
-0.2800996573020625,-0.7849731093880534,-1.0322714343319628,0.3040852266531594,-0.2107639516797667,1.2491734206595622,-0.1615148640101596,0.3554465809528446,-0.022387703346823766,-0.11020189176767552,-0.8042115242347568,-0.9601215455032512,0.14244328037841064,-0.5196092060316904,0.6195551874095866,0.31632688865532055,0.48092987609534893,0.24323619099242252,0.3119156877378058,-0.7081909368630832,-0.09789096297709807,-0.5345559586603007,0.13418912572677674,0.5847867799849273,0.6983265552043525,-0.4426907911325582,-0.25085297387602445,0.027275637704278287,0.007060211017804933,-0.06402170546338624
-1.2100112595947186,-0.17373913860072232,-1.3010580919270862,0.18243649715825544,-0.029033212510717922,0.885045625383669,-0.12212513562448693,-0.22913823124724358,-1.0657778136356204,0.10893392808752916,-0.8895139768005087,-0.30426062847371294,0.13728340087363497,-0.6186193930055637,0.31632688865532055,0.9556640869257712,0.3443730657131403,-0.07664482699824225,-0.1738405300079811,-1.005416937687211,-0.44414474206752635,0.19826054313926125,0.30458564162136337,0.7856909940375699,1.374015493032413,-1.1699338678967974,-0.23673045680764657,-0.6729452348521096,-0.8310956059344167,-1.0063685098823043
-0.5409260685285676,-1.033476009081501,-0.6465909344827762,0.6187874721574081,0.2673236627799169,1.247489009914153,-0.33642816667767705,0.2566993922067589,0.5017544695732802,-0.7371509833713562,-0.7578869246591937,-1.1042470115434815,-0.007470514741679132,-0.41435600627375035,0.48092987609534893,0.3443730657131403,1.3742409387978012,0.598658955014638,0.06971567211927325,-0.5377527850590634,-0.14742086723423398,-0.6666326207288974,0.16961082526875595,0.5166556880581159,0.02752332398830739,-0.2746443429300383,-0.04402395506301023,0.19519656718884046,0.2909352678536729,0.4595680224778476
0.07554301142693673,-0.5595860932180342,-0.18068817541077256,0.32444196697444777,0.02993070305274139,0.30107770531198375,-0.15130113763536052,0.25897860856742916,0.5233758322157838,-0.3594390828988817,-0.11708857991778655,-0.4555832237947234,0.033119493903458974,-0.047580292042039944,0.24323619099242252,-0.07664482699824225,0.598658955014638,0.5270452654860414,0.09975268148498932,0.06522867525308501,0.14977556678994255,-0.5795332146836248,-0.11544542880545475,-0.1016320232694889,-0.548673802763043,0.434499375154629,0.31969558235783274,0.5362987036950639,0.5742759651626106,0.7230794317721887
0.4250555724273531,-0.5806454077023391,-0.02449991980531681,0.024961159330091742,-0.020640331021214053,0.5581238355735275,-0.04272340171192361,0.4879740754944234,0.5600744764644185,-0.16545194227826335,-0.23638843675879945,-0.6590432576362331,-0.032333697217640886,-0.10683102895455579,0.3119156877378058,-0.1738405300079811,0.06971567211927325,0.09975268148498932,0.5873998361678364,-0.1003141493014597,0.05392999935311913,-0.3835785573690507,-0.1322203464380685,0.03755000487823749,0.042140568691516125,0.22501246020690469,-0.2788952529177874,0.21894678276581656,0.3352954614778463,0.2933943803996369
1.5760783230809128,1.0000725415116716,2.104252957672387,-0.32514481186649163,0.0485820166302318,-1.9772495537104886,0.36965698469152686,-0.0036042899417226904,1.2282289183970072,-0.08820305173219846,1.6367906838306485,1.1953948475765865,-0.11276301061770896,1.0790045513953568,-0.7081909368630832,-1.005416937687211,-0.5377527850590634,0.06522867525308501,-0.1003141493014597,1.8351271484266405,0.6953781621555682,-0.07457564921803525,-0.5201096569263843,-1.2892490055838264,-2.111256722861734,1.373786773423144,0.7674583535450235,0.8402734322978972,0.8645250037041955,1.2406962691513492
0.7586570340117442,0.22801459759211692,0.6851556749028485,-0.0755721598497514,-0.2645792069821625,-0.57919375231217,0.1998211535108576,0.1246750688694109,0.5710132442159503,0.03910903883177802,0.6628919351453199,0.3006121945632159,-0.038843874495179266,0.3160579907005951,-0.09789096297709807,-0.44414474206752635,-0.14742086723423398,0.14977556678994255,0.05392999935311913,0.6953781621555682,0.5475681844823622,-0.4151794896435856,-0.16178893445678538,-0.4098963118195295,-0.8843178803887272,0.5295125022780166,0.280599892153029,0.6475964870125815,0.5372436970783179,0.6728569825447003
-0.6644643039956274,0.5718548347825209,0.1965812704487336,-0.5292926890764915,0.38053805100173893,-0.6856659843268851,-0.07168529271395876,-0.6341050112983632,-0.6946904953986229,0.2917515944837315,-0.03988963695458098,0.4852742931546955,-0.15050910256286626,0.2562057814303997,-0.5345559586603007,0.19826054313926125,-0.6666326207288974,-0.5795332146836248,-0.3835785573690507,-0.07457564921803525,-0.4151794896435856,1.4265837257432987,-0.049869557821069437,-0.16067874961190445,0.7489516735053933,-0.21454990321715364,-0.24174084013640335,-0.9855772672269599,-0.7744229148501689,-1.0859612104484206
-0.5902530249105563,-0.02167589635649664,-0.4398790232013471,-0.06447643218721644,-0.0810357223069468,0.6310632647855007,-0.08636060288755072,-0.2896704333985241,-0.48369371331654604,0.1155789800054411,-0.26112847319683097,-0.06397249469341657,-0.1347488282178519,-0.34569104430867403,0.13418912572677674,0.30458564162136337,0.16961082526875595,-0.11544542880545475,-0.1322203464380685,-0.5201096569263843,-0.16178893445678538,-0.049869557821069437,0.5615621970028606,0.676144557543242,0.6047873574296972,-0.7790065135766949,-0.4147366668294603,-0.26100628633244294,-0.552733778952038,-0.5140524113688384
-1.1477284861797312,-0.4706927479711643,-1.497861205782142,0.2090442300858008,-0.2275558438524873,1.7154488929167526,-0.19102513228839496,-0.13616543357602798,-0.8558210725309947,0.11027156728887484,-1.0874124763509907,-0.8302836631658997,0.01854287058461749,-0.8687921752240089,0.5847867799849273,0.7856909940375699,0.5166556880581159,-0.1016320232694889,0.03755000487823749,-1.2892490055838264,-0.4098963118195295,-0.16067874961190445,0.676144557543242,1.3891350073009654,1.6708044914103617,-1.6169233999424233,-0.7358313365147207,-0.6454068234930616,-0.9231906050192681,-1.0923253608510566
-1.8821168147019,-0.5683480972403095,-2.5694876209433555,-0.03484288647921417,-0.2952294390970353,2.1686405484689115,-0.27701584203569024,-0.33753161409457455,-1.7728197709909965,0.44672277923097053,-2.045401631929023,-1.2676846784435583,0.16360345299820037,-1.1524234185926021,0.6983265552043525,1.374015493032413,0.02752332398830739,-0.548673802763043,0.042140568691516125,-2.111256722861734,-0.8843178803887272,0.7489516735053933,0.6047873574296972,1.6708044914103617,3.4647929160439603,-2.259566860287507,-1.112096492677979,-1.6568761785794257,-1.7227682973989575,-2.4179619285777556
1.44605142771193,-0.15091748477744665,1.6051718877735013,-0.06320944859632549,0.3437705190709507,-1.5421131160921981,-0.011724745735372324,0.4214245017310712,1.5133193004281227,-0.3632349133242229,1.068879144043752,0.37511367218003006,-0.12200592564513618,0.9130224161583799,-0.4426907911325582,-1.1699338678967974,-0.2746443429300383,0.434499375154629,0.22501246020690469,1.373786773423144,0.5295125022780166,-0.21454990321715364,-0.7790065135766949,-1.6169233999424233,-2.259566860287507,2.4085584370752104,0.7868379301957877,1.1599172656766568,1.5473435762776324,1.804110650753733
0.453811690034516,0.4870221292156139,0.302953175105749,0.27420824203758604,-0.13656033771725226,-1.029345574942461,0.16710879723658456,0.032733771819988294,0.1899137769056991,-0.06994755964282823,0.6147225349931632,0.6800673732341368,0.23819216021383893,0.3950371103923711,-0.25085297387602445,-0.23673045680764657,-0.04402395506301023,0.31969558235783274,-0.2788952529177874,0.7674583535450235,0.280599892153029,-0.24174084013640335,-0.4147366668294603,-0.7358313365147207,-1.112096492677979,0.7868379301957877,1.0834003677060258,0.6097124869479631,0.5582072065882254,0.7867052189579331
1.0587249663390883,-0.19389867478138834,0.75394268932401,0.21318148965878955,-0.1919455209967641,-0.5156537028393148,0.12007309804321455,0.44985435463408213,1.035783511601524,-0.2440953812105719,0.7736942106326576,0.15720979215635156,-0.019540831286109978,0.3264770556312681,0.027275637704278287,-0.6729452348521096,0.19519656718884046,0.5362987036950639,0.21894678276581656,0.8402734322978972,0.6475964870125815,-0.9855772672269599,-0.26100628633244294,-0.6454068234930616,-1.6568761785794257,1.1599172656766568,0.6097124869479631,1.2829990692460813,1.145224489519115,1.5225898113048628
1.2297666088297832,-0.5131276248105081,0.9239460708772393,0.2656144518684834,0.05860385892565706,-0.5017828358246337,0.013499789451414463,0.6690341042286025,1.3967664306359142,-0.4874455009464717,0.5654925316757125,-0.2327436942691124,0.018779672423494206,0.4426582456470196,0.007060211017804933,-0.8310956059344167,0.2909352678536729,0.5742759651626106,0.3352954614778463,0.8645250037041955,0.5372436970783179,-0.7744229148501689,-0.552733778952038,-0.9231906050192681,-1.7227682973989575,1.5473435762776324,0.5582072065882254,1.145224489519115,1.4526548791744316,1.6827207363632013
1.540390972092222,-0.3902207346718408,1.4004641363160155,0.3046445565808798,0.15041904062220388,-0.7380998038249301,0.059743122325156876,0.7251653653020917,1.7918279280898748,-0.6354750425881996,0.9453193036573023,0.025565857648022924,-0.007083035183203169,0.6291995263240276,-0.06402170546338624,-1.0063685098823043,0.4595680224778476,0.7230794317721887,0.2933943803996369,1.2406962691513492,0.6728569825447003,-1.0859612104484206,-0.5140524113688384,-1.0923253608510566,-2.4179619285777556,1.804110650753733,0.7867052189579331,1.5225898113048628,1.6827207363632013,2.260470996009941
