V1,V2,V3,V4,V5,V6,V7,V8,V9,V10,V11,V12,V13,V14,V15,V16,V17,V18,V19,V20,V21,V22,V23,V24,V25,V26,V27,V28,V29,V30
2.8709570208285786,0.7720728428451878,3.0525353423891484,0.14367208889233274,0.13736955998383776,-2.493737708245244,0.47132608055699354,0.6427131333980154,2.4676226130492305,-0.5731341172815879,2.283464100102761,1.253706565332066,0.014216288379310294,1.4482840658824154,-0.7339564956430101,-1.7431225138022106,-0.16826328158073522,0.5409734499498566,0.13916459152549543,2.6715436485603337,1.0963566618044673,-0.9625435747779322,-0.9335028816252842,-2.0557546504721236,-3.8552453612394455,2.6498635886391084,1.3457488958648116,1.892317304650172,2.1141398152566206,2.873608881796511
0.7720728428451878,2.0707272248593807,1.7106173510249723,-0.5603904989869328,-0.1244133609553801,-2.347579114517187,0.5264756857995022,-0.6286197759478273,-0.314368749307399,0.56443164039479,1.6808489070118566,2.1360970880395422,0.006614967782097164,0.8666674544453429,-0.9975991597698819,-0.4462893338085414,-1.1874770161998092,-0.5607122981082603,-0.5732075375622571,1.375643464382465,0.3106670936724944,0.7158519382692556,-0.16576345986991614,-0.8894320311793857,-1.0877352174762156,0.3690540158988612,0.5750677579509853,-0.068671596180808,-0.2504956938428268,-0.0719787244608487
3.0525353423891484,1.7106173510249723,4.885398695503727,-0.4411977462208441,0.78037255593198,-4.164660759394086,0.6215312076666754,0.18750340224538753,2.72060364806923,-0.6192511306009146,3.410938824428422,2.5360269751164823,-0.3190790654106757,2.1976618047074625,-1.557251145779032,-1.9981284851815375,-0.5070340115575029,0.3091320405630665,-0.2528143650388466,3.6581370557952,1.226098665075226,-0.26292451784947374,-1.0801379232738413,-2.8392415643015405,-5.0125254088130555,3.185243729614532,1.5233462540150082,1.840181710455223,2.111670124251642,3.110224057428811
0.14367208889233274,-0.5603904989869328,-0.4411977462208441,0.5073764888615909,-0.03682546938311304,0.6618181714875574,-0.08020077999229844,0.3845070285850966,0.24130885876218916,-0.254967022368236,-0.3726373364429441,-0.5854503263889735,0.12202655053117972,-0.28695120663892576,0.2915228587368548,-0.059947230818698724,0.43388159130314746,0.19055963350031385,0.2358596528012236,-0.30306829455815554,-0.07834206740605955,-0.47062931370192934,-0.018615295619771714,0.2266134245407162,0.007301074443653087,0.01907267446353059,-0.06063344237975557,0.18711871109273243,0.303688304913591,0.2855871269236767
0.13736955998383776,-0.1244133609553801,0.78037255593198,-0.03682546938311304,0.6251282331572906,-0.39276354820419196,-0.056904203265636,0.06607267379023565,0.533961866812082,-0.3638672000051082,0.15710691030784987,0.06269979064440065,-0.1387211021921677,0.2909753111011075,-0.24928208078637418,-0.13177386614665226,0.2223385644282215,0.01995253364681688,0.001545140007936258,0.31740575077668587,-0.10638220875709498,0.2511997309442202,-0.21825400632835257,-0.3702444030905055,-0.5438889803994205,0.40670143678821724,-0.024171759120415342,-0.05870734789213972,0.20678897811983588,0.3130399636057719
-2.493737708245244,-2.347579114517187,-4.164660759394086,0.6618181714875574,-0.39276354820419196,4.64623011278259,-0.740077190797464,0.37410986763643644,-1.5191145408893942,-0.1124640205042398,-3.4525842689184927,-3.204379768633185,0.2394706102738448,-2.1052676605729763,1.7539509360022676,1.7237265720030925,1.3379591095268017,0.0584578635170262,0.6049339174363431,-3.437118771896057,-1.149202170640613,-0.3520408001422785,0.9758755825478822,2.745055586223308,4.215635029042651,-2.817368076122285,-1.6471014052617,-1.431875918134441,-1.396476488512958,-2.0988366524021895
0.47132608055699354,0.5264756857995022,0.6215312076666754,-0.08020077999229844,-0.056904203265636,-0.740077190797464,0.26675891124772283,-0.026857919630835857,0.057301207212442355,0.1353806462574052,0.6112811641827622,0.6694152140505483,0.02342998923526239,0.25498696229051554,-0.24771535694760605,-0.175227425789629,-0.28518204138300646,-0.09317818073261218,-0.08245271825891452,0.5220889693140992,0.22693034311213992,-0.06857334412508113,-0.11720141707579952,-0.33380747294847823,-0.5597669373827364,0.18574161368922706,0.22254407013166985,0.204054861643098,0.10111741591731241,0.20102783045642683
0.6427131333980154,-0.6286197759478273,0.18750340224538753,0.3845070285850966,0.06607267379023565,0.37410986763643644,-0.026857919630835857,0.6864167065306395,0.8308810788923063,-0.4435677848019882,-0.08767975961645914,-0.5714940961121379,0.13612321921087464,-0.026537722042314544,0.2993462241307979,-0.26254810223190667,0.5148279990104058,0.38711409598252927,0.3858098261824305,0.12415172842565927,0.15546069524919937,-0.7333629611316118,-0.26486205006085795,-0.20277622132891557,-0.6768924804500728,0.5316877241806253,0.13144468865863712,0.5689351608555128,0.8104652906062018,0.9717622188492593
2.4676226130492305,-0.314368749307399,2.72060364806923,0.24130885876218916,0.533961866812082,-1.5191145408893942,0.057301207212442355,0.8308810788923063,3.322368111625105,-1.2096878761377543,1.4918350476209887,-0.08026787095331471,-0.14564694359994,1.3805624428033094,-0.3870523467299976,-1.6299580103017892,0.6800305633084298,0.9434321079052016,0.38304769249191634,2.3554864372124085,0.9735376055034771,-1.0207467498835807,-1.0041643724216707,-1.8886451873098271,-3.5786293085467014,2.7929834134161715,1.1354257159886267,1.8610537128656772,2.36956141867123,3.12739641471471
-0.5731341172815879,0.56443164039479,-0.6192511306009146,-0.254967022368236,-0.3638672000051082,-0.1124640205042398,0.1353806462574052,-0.4435677848019882,-1.2096878761377543,0.6866116972689812,-0.02400472966698804,0.5819703468261606,0.04641859618883749,-0.24768227316605732,-0.06912829426601388,0.36627710065293995,-0.6470634865295791,-0.39975632324799865,-0.27440490203356377,-0.39837815772976615,-0.1033857648590777,0.4059024690549759,0.29743474796507335,0.3899626456530729,0.8779037198872636,-0.745975946369354,-0.1587733032617426,-0.4389997644193043,-0.7883700863068417,-0.9954254033586037
2.283464100102761,1.6808489070118566,3.410938824428422,-0.3726373364429441,0.15710691030784987,-3.4525842689184927,0.6112811641827622,-0.08767975961645914,1.4918350476209887,-0.02400472966698804,2.9422776751337927,2.465009338479693,-0.21880514759880393,1.5890528636964383,-1.2396421512291933,-1.5666922293326337,-0.8144071817466376,0.17580266072349449,-0.33042501474976216,2.807159556006823,1.0953945147791446,-0.3300551375532725,-0.6464924422337005,-2.1091093221239374,-3.8400187604504286,2.3761887535777775,1.3339570995397316,1.6077729692559686,1.4639001291498692,2.1898968905375886
1.253706565332066,2.1360970880395422,2.5360269751164823,-0.5854503263889735,0.06269979064440065,-3.204379768633185,0.6694152140505483,-0.5714940961121379,-0.08026787095331471,0.5819703468261606,2.465009338479693,2.9244204812405754,-0.17100893539577824,1.1040620060363369,-1.2685095828500876,-0.8158721128397619,-1.3058698874329653,-0.4049028597593057,-0.6248825858962255,1.9447874432924066,0.6398761354354942,0.3528124468734197,-0.2450050672276961,-1.3994081349179779,-2.3523023260331972,1.1037645502371822,0.8597804903344947,0.6555527479500282,0.25830252342950966,0.679211336948752
0.014216288379310294,0.006614967782097164,-0.3190790654106757,0.12202655053117972,-0.1387211021921677,0.2394706102738448,0.02342998923526239,0.13612321921087464,-0.14564694359994,0.04641859618883749,-0.21880514759880393,-0.17100893539577824,0.19174899656453448,-0.11605474272880978,0.138528148136959,0.10388337376099985,-0.016085255593712773,-0.040182435222972664,0.049715696956058784,-0.18273536554666175,-0.08586726247072723,-0.03230366661136292,-0.043265854912912176,0.11192084884268544,0.31477198056842864,-0.19647756978679667,-0.0076728687408148775,-0.14476040330967838,-0.05778642503143385,-0.12477435662175208
1.4482840658824154,0.8666674544453429,2.1976618047074625,-0.28695120663892576,0.2909753111011075,-2.1052676605729763,0.25498696229051554,-0.026537722042314544,1.3805624428033094,-0.24768227316605732,1.5890528636964383,1.1040620060363369,-0.11605474272880978,1.2068244926034914,-0.7846021101874934,-1.0321400369603702,-0.38911055483698437,0.1616665154817368,-0.19286390344442017,1.8722711019044658,0.6060699001201738,0.09114084836170722,-0.6231206021025837,-1.5007629825077264,-2.2819242743755948,1.6919781234640972,0.8995788960320403,0.8240070843439777,0.9963262062400018,1.4236347752957192
-0.7339564956430101,-0.9975991597698819,-1.557251145779032,0.2915228587368548,-0.24928208078637418,1.7539509360022676,-0.24771535694760605,0.2993462241307979,-0.3870523467299976,-0.06912829426601388,-1.2396421512291933,-1.2685095828500876,0.138528148136959,-0.7846021101874934,0.7759356300201641,0.6066427457433243,0.5607533272987845,0.17670150823841063,0.3358339292916658,-1.1932718609773967,-0.27255243441997284,-0.43118405928381137,0.2872882764725933,0.9254352909112995,1.3606206902921043,-0.8682768978269475,-0.49910804965901706,-0.26499876203790845,-0.2853904447404049,-0.49900409021014175
-1.7431225138022106,-0.4462893338085414,-1.9981284851815375,-0.059947230818698724,-0.13177386614665226,1.7237265720030925,-0.175227425789629,-0.26254810223190667,-1.6299580103017892,0.36627710065293995,-1.5666922293326337,-0.8158721128397619,0.10388337376099985,-1.0321400369603702,0.6066427457433243,1.369433232762248,0.17115789907582948,-0.38340717759998016,0.03506384918484306,-1.782692496809043,-0.6863952110678314,0.44439129160245494,0.5489128919410948,1.4035906617171354,2.689770632528689,-1.998778335341997,-0.9465415846213602,-1.3031034714353062,-1.4588466286802042,-1.9556437019599748
-0.16826328158073522,-1.1874770161998092,-0.5070340115575029,0.43388159130314746,0.2223385644282215,1.3379591095268017,-0.28518204138300646,0.5148279990104058,0.6800305633084298,-0.6470634865295791,-0.8144071817466376,-1.3058698874329653,-0.016085255593712773,-0.38911055483698437,0.5607533272987845,0.17115789907582948,1.0521438407705248,0.4555180779850384,0.3992635117429017,-0.5465323506443388,-0.11662278921304282,-0.6483038692402058,0.03950126803443766,0.41998904919284197,0.17866618975492538,-0.11320667454757262,-0.292931717383395,0.17429152425423505,0.3966128523133875,0.4502717666372409
0.5409734499498566,-0.5607122981082603,0.3091320405630665,0.19055963350031385,0.01995253364681688,0.0584578635170262,-0.09317818073261218,0.38711409598252927,0.9434321079052016,-0.39975632324799865,0.17580266072349449,-0.4049028597593057,-0.040182435222972664,0.1616665154817368,0.17670150823841063,-0.38340717759998016,0.4555180779850384,0.535880320675859,0.24499619912952986,0.391749115225868,0.3403882337758842,-0.6963930096340437,-0.20893490042114773,-0.38007027487800316,-0.9759096897435889,0.8426115036378183,0.3300692751414285,0.8029394930652447,0.8725506522683807,1.0950315385702662
0.13916459152549543,-0.5732075375622571,-0.2528143650388466,0.2358596528012236,0.001545140007936258,0.6049339174363431,-0.08245271825891452,0.3858098261824305,0.38304769249191634,-0.27440490203356377,-0.33042501474976216,-0.6248825858962255,0.049715696956058784,-0.19286390344442017,0.3358339292916658,0.03506384918484306,0.3992635117429017,0.24499619912952986,0.3628533133951801,-0.21037245149079825,0.005413740386483635,-0.47603234347850204,-0.07192556272189904,0.09046541240700859,0.010844168204616441,0.11422856336361159,-0.09786919758332656,0.19470410125539372,0.31514075932369784,0.3135777410145665
2.6715436485603337,1.375643464382465,3.6581370557952,-0.30306829455815554,0.31740575077668587,-3.437118771896057,0.5220889693140992,0.12415172842565927,2.3554864372124085,-0.39837815772976615,2.807159556006823,1.9447874432924066,-0.18273536554666175,1.8722711019044658,-1.1932718609773967,-1.782692496809043,-0.5465323506443388,0.391749115225868,-0.21037245149079825,3.1667602000162267,1.19425458602022,-0.35146164658299334,-0.9806750309058909,-2.4270054098942517,-4.124582408422246,2.8328858003900557,1.5396096869699043,1.745682005235329,1.8662111185941868,2.6523522738942344
1.0963566618044673,0.3106670936724944,1.226098665075226,-0.07834206740605955,-0.10638220875709498,-1.149202170640613,0.22693034311213992,0.15546069524919937,0.9735376055034771,-0.1033857648590777,1.0953945147791446,0.6398761354354942,-0.08586726247072723,0.6060699001201738,-0.27255243441997284,-0.6863952110678314,-0.11662278921304282,0.3403882337758842,0.005413740386483635,1.19425458602022,0.7183014113818021,-0.5690038589547283,-0.32485331602120254,-0.8668606567386191,-1.72161014607761,1.1377760700185071,0.6511932406815227,1.0654453845445526,0.9207497515245678,1.266284695258733
-0.9625435747779322,0.7158519382692556,-0.26292451784947374,-0.47062931370192934,0.2511997309442202,-0.3520408001422785,-0.06857334412508113,-0.7333629611316118,-1.0207467498835807,0.4059024690549759,-0.3300551375532725,0.3528124468734197,-0.03230366661136292,0.09114084836170722,-0.43118405928381137,0.44439129160245494,-0.6483038692402058,-0.6963930096340437,-0.47603234347850204,-0.35146164658299334,-0.5690038589547283,1.5557451370250477,0.06995671800632305,0.20184065377464352,1.3535704372128956,-0.7728806769522042,-0.3200177701637788,-1.3218930396298874,-1.167271847908568,-1.530232216248091
-0.9335028816252842,-0.16576345986991614,-1.0801379232738413,-0.018615295619771714,-0.21825400632835257,0.9758755825478822,-0.11720141707579952,-0.26486205006085795,-1.0041643724216707,0.29743474796507335,-0.6464924422337005,-0.2450050672276961,-0.043265854912912176,-0.6231206021025837,0.2872882764725933,0.5489128919410948,0.03950126803443766,-0.20893490042114773,-0.07192556272189904,-0.9806750309058909,-0.32485331602120254,0.06995671800632305,0.5751833818636501,0.92117631947733,1.2452762310620418,-1.0932625187804028,-0.539207673453224,-0.5010255782361209,-0.7852487043106077,-0.9595509869540718
-2.0557546504721236,-0.8894320311793857,-2.8392415643015405,0.2266134245407162,-0.3702444030905055,2.745055586223308,-0.33380747294847823,-0.20277622132891557,-1.8886451873098271,0.3899626456530729,-2.1091093221239374,-1.3994081349179779,0.11192084884268544,-1.5007629825077264,0.9254352909112995,1.4035906617171354,0.41998904919284197,-0.38007027487800316,0.09046541240700859,-2.4270054098942517,-0.8668606567386191,0.20184065377464352,0.92117631947733,2.127590141113753,3.299039050537227,-2.5611368631232314,-1.2772192517625325,-1.3766829553598363,-1.6416350153496113,-2.213151961478899
-3.8552453612394455,-1.0877352174762156,-5.0125254088130555,0.007301074443653087,-0.5438889803994205,4.215635029042651,-0.5597669373827364,-0.6768924804500728,-3.5786293085467014,0.8779037198872636,-3.8400187604504286,-2.3523023260331972,0.31477198056842864,-2.2819242743755948,1.3606206902921043,2.689770632528689,0.17866618975492538,-0.9759096897435889,0.010844168204616441,-4.124582408422246,-1.72161014607761,1.3535704372128956,1.2452762310620418,3.299039050537227,6.493423935907257,-4.407642406594581,-2.1044618961478436,-3.146198863419858,-3.3179388017216973,-4.601158645539669
2.6498635886391084,0.3690540158988612,3.185243729614532,0.01907267446353059,0.40670143678821724,-2.817368076122285,0.18574161368922706,0.5316877241806253,2.7929834134161715,-0.745975946369354,2.3761887535777775,1.1037645502371822,-0.19647756978679667,1.6919781234640972,-0.8682768978269475,-1.998778335341997,-0.11320667454757262,0.8426115036378183,0.11422856336361159,2.8328858003900557,1.1377760700185071,-0.7728806769522042,-1.0932625187804028,-2.5611368631232314,-4.407642406594581,3.627889684535447,1.6208705025400652,2.210697055383296,2.5578419625732183,3.341801879513909
1.3457488958648116,0.5750677579509853,1.5233462540150082,-0.06063344237975557,-0.024171759120415342,-1.6471014052617,0.22254407013166985,0.13144468865863712,1.1354257159886267,-0.1587733032617426,1.3339570995397316,0.8597804903344947,-0.0076728687408148775,0.8995788960320403,-0.49910804965901706,-0.9465415846213602,-0.292931717383395,0.3300692751414285,-0.09786919758332656,1.5396096869699043,0.6511932406815227,-0.3200177701637788,-0.539207673453224,-1.2772192517625325,-2.1044618961478436,1.6208705025400652,0.9934086974515199,1.0708045733157272,1.106983020557692,1.5021018375472976
1.892317304650172,-0.068671596180808,1.840181710455223,0.18711871109273243,-0.05870734789213972,-1.431875918134441,0.204054861643098,0.5689351608555128,1.8610537128656772,-0.4389997644193043,1.6077729692559686,0.6555527479500282,-0.14476040330967838,0.8240070843439777,-0.26499876203790845,-1.3031034714353062,0.17429152425423505,0.8029394930652447,0.19470410125539372,1.745682005235329,1.0654453845445526,-1.3218930396298874,-0.5010255782361209,-1.3766829553598363,-3.146198863419858,2.210697055383296,1.0708045733157272,2.072414627427258,1.9264797243903324,2.5980945211093704
2.1141398152566206,-0.2504956938428268,2.111670124251642,0.303688304913591,0.20678897811983588,-1.396476488512958,0.10111741591731241,0.8104652906062018,2.36956141867123,-0.7883700863068417,1.4639001291498692,0.25830252342950966,-0.05778642503143385,0.9963262062400018,-0.2853904447404049,-1.4588466286802042,0.3966128523133875,0.8725506522683807,0.31514075932369784,1.8662111185941868,0.9207497515245678,-1.167271847908568,-0.7852487043106077,-1.6416350153496113,-3.3179388017216973,2.5578419625732183,1.106983020557692,1.9264797243903324,2.230654827382329,2.8733521421470285
2.873608881796511,-0.0719787244608487,3.110224057428811,0.2855871269236767,0.3130399636057719,-2.0988366524021895,0.20102783045642683,0.9717622188492593,3.12739641471471,-0.9954254033586037,2.1898968905375886,0.679211336948752,-0.12477435662175208,1.4236347752957192,-0.49900409021014175,-1.9556437019599748,0.4502717666372409,1.0950315385702662,0.3135777410145665,2.6523522738942344,1.266284695258733,-1.530232216248091,-0.9595509869540718,-2.213151961478899,-4.601158645539669,3.341801879513909,1.5021018375472976,2.5980945211093704,2.8733521421470285,3.8694366136726073
