V1,V2,V3,V4,V5,V6,V7,V8,V9,V10,V11,V12,V13,V14,V15,V16,V17,V18,V19,V20,V21,V22,V23,V24,V25,V26,V27,V28,V29,V30
4.674217468834338,-0.9571018600421737,-0.8997978987756624,-2.1196294073664266,5.037975775535166,6.81578545756309,-3.108915753788856,-0.9284243134787799,3.360633170836646,-1.4584198650447546,-3.0343160099367177,3.00890589106358,0.35135550283024275,-0.4075586208192037,2.7856026888559438,2.8390191304739747,0.5398249038660412,-0.3108466610612989,2.0516095854696164,-1.264410840156592,-7.149029813051991,-2.733613981640077,5.677274163399098,2.527316910423558,1.5169198487675573,-0.6494553094858446,-3.40645860842373,-1.3443768875552147,-6.948303982000502,3.0244564875489033
-0.9571018600421737,1.0271962122529954,0.49392835171045985,0.08136078277901478,-1.0495934170400238,-1.7557021373196708,0.6019974168561012,-0.06872409049993015,-0.9263966282507098,0.4326824255202268,0.8462614268754436,-0.13072952983320382,0.03485896215266881,0.27282461543964764,-0.7597120906869993,-0.4642928066987704,-0.48947146996661955,-0.19009619759276175,-0.5222225280327292,0.3817848345639919,1.194384123383666,1.0375379171958712,-1.0491064094367166,-0.6921760928203404,-0.14445609024520917,0.0903585777920364,0.707606765320339,-0.1902526601254568,1.0202242533924144,-0.8530163035943877
-0.8997978987756624,0.49392835171045985,0.6460506866784728,0.6414524086855374,-0.9406277134080697,-1.6917012318824072,0.8581615374146583,0.3470362515006782,-1.123550479977526,0.32044719999811766,0.9278368997835061,-0.18216410715013434,-0.03542705683033442,-0.030461010073271195,-0.7721240540209066,-0.6315538898151538,-0.13160321690446267,-0.16911449900556347,-0.42573056366713197,0.18072650760068754,1.3992969245780673,0.5408890844038806,-1.2127933653616059,-0.45658608531993616,-0.5399485679350335,-0.11992368105010252,0.5225265902781279,0.09937913702881274,1.490902586514023,-0.7852818574516592
-2.1196294073664266,0.08136078277901478,0.6414524086855374,2.1898140446426066,-2.4303186257881104,-2.9911799714894878,1.925083508673653,1.3183070392745355,-2.560872478106193,0.6158134709764773,1.8910394751384507,-0.9275762807495376,-0.16279692614477767,-0.8061899865208226,-1.289945355203299,-1.5292376935030063,0.2956628876355923,0.08804111120356514,-0.6371415787484672,-0.14534045845463314,3.4815830664270435,0.03666958870587645,-2.509131168530682,-0.6370506551067475,-1.6830662772911174,-0.14381414431709574,1.125739207771408,1.1717716488036352,4.064646223592343,-1.1841948075469326
5.037975775535166,-1.0495934170400238,-0.9406277134080697,-2.4303186257881104,5.65753084577494,7.174771644603271,-3.3931486583340384,-1.1834278402858027,3.9372157377067754,-1.5843769736837132,-3.421812184590837,3.16199892673232,0.35122601119166647,-0.1981090962219618,2.9083015605514646,3.0960152941473993,0.5039310693505189,-0.3869769659794008,2.07144122434975,-1.1233253234739098,-7.719767759180696,-2.569238024865324,5.988331471943718,2.6275803673670435,1.8272215210693072,-0.6945404625487712,-3.613041715119699,-1.6205164632989528,-7.7140498036639205,3.098375403622598
6.81578545756309,-1.7557021373196708,-1.6917012318824072,-2.9911799714894878,7.174771644603271,10.776967323583696,-4.772731819487738,-1.0080751762797346,5.102727630002071,-2.3775700435626774,-4.752902473054727,3.821874817092669,0.6356047718049377,-0.8701792466106351,4.515637376037591,4.269615357050098,1.2106302717403694,-0.11717314847705562,3.339508000141118,-2.226075352997495,-10.550419929343068,-4.563918669772548,8.468708687665437,3.83143113172739,2.2226820188600676,-0.8070964299975216,-5.0196652369468975,-1.7450729908088158,-9.849141979956661,4.932509656770491
-3.108915753788856,0.6019974168561012,0.8581615374146583,1.925083508673653,-3.3931486583340384,-4.772731819487738,2.4365794588773957,0.9152073106140881,-2.876177446395518,1.0694147479290383,2.447541484553934,-1.5185009411288328,-0.3143511143226724,-0.1344771028104716,-2.00670651127956,-2.014795015158317,-0.256623849623959,0.07628018037655147,-1.3200612347023948,0.6099962784334381,4.917807589067233,1.3712382861174768,-3.759231904071994,-1.4902496531169784,-1.5039752390129892,0.15784317179098725,2.0845948230025173,1.1445123273263362,4.934635192404857,-2.0721362496063773
-0.9284243134787799,-0.06872409049993015,0.3470362515006782,1.3183070392745355,-1.1834278402858027,-1.0080751762797346,0.9152073106140881,1.029478320340263,-1.4043726999792336,0.14574246774221913,0.8885775141394385,-0.4679474278579458,0.018105451969066932,-0.7380811779804193,-0.4251675153831879,-0.6757636125334756,0.4300186167092857,0.1029201529461844,-0.038931754146741195,-0.4306911727325397,1.531937948349619,-0.5041457949323096,-1.0427566530429855,-0.09766906179566354,-1.024370155238907,-0.1787806475220404,0.30678760113903764,0.659145834464758,2.1904728555896327,-0.28925284099730947
3.360633170836646,-0.9263966282507098,-1.123550479977526,-2.560872478106193,3.9372157377067754,5.102727630002071,-2.876177446395518,-1.4043726999792336,4.252237106034869,-1.3544715049404428,-3.2110068720846665,0.7581720557204358,0.27588303644240714,0.8357251663595205,2.134596918752574,2.1829829282070876,0.2044309088610436,-0.0038529868723056974,1.245428720029493,-0.09305053203963308,-5.302509936227146,-0.5380239962133789,3.6487787346933196,1.2068866266667213,2.322249136281258,0.15166238780209707,-1.9467914169289495,-1.6022341604157682,-5.674819828672845,2.0419284385990073
-1.4584198650447546,0.4326824255202268,0.32044719999811766,0.6158134709764773,-1.5843769736837132,-2.3775700435626774,1.0694147479290383,0.14574246774221913,-1.3544715049404428,0.7026883254901805,1.1967088134196024,-0.43768713041773005,-0.1985790720336623,0.059483154243203905,-0.9606706045935297,-0.891381835949762,-0.3859936678756368,0.010456113976915425,-0.7456402778812113,0.4195921945604504,2.2986467552526983,0.7628171758458174,-1.6103927855603097,-0.7180732563357536,-0.6233745136454685,0.12430542783149563,1.0331125642970505,0.5804496558039294,2.0094984597715855,-1.0287431672123024
-3.0343160099367177,0.8462614268754436,0.9278368997835061,1.8910394751384507,-3.421812184590837,-4.752902473054727,2.447541484553934,0.8885775141394385,-3.2110068720846665,1.1967088134196024,2.6712315538602907,-1.0391127895607204,-0.2925387905022131,-0.2880931119838515,-1.9765595630751258,-1.9467056526376862,-0.3666828973129392,-0.004948337900437929,-1.2853686310490393,0.4641115624052057,4.7621154925793885,1.1506557936056534,-3.4859232379415066,-1.3777043792028,-1.6533449462070682,0.07134528317337262,1.9678502854640256,1.1938679478656815,4.764778536294092,-2.013496717051318
3.00890589106358,-0.13072952983320382,-0.18216410715013434,-0.9275762807495376,3.16199892673232,3.821874817092669,-1.5185009411288328,-0.4679474278579458,0.7581720557204358,-0.43768713041773005,-1.0391127895607204,3.547669346559317,0.11568081287020075,-0.9204137128649046,1.5290602609803887,1.8427297945367578,0.08741389402691783,-0.5321708274773401,1.2471205475907599,-1.1631357596780691,-4.50922682539156,-2.4782887698249465,4.122167352337204,2.0099963643822303,0.14771152150378158,-0.9335294705434575,-2.5248098111567816,-0.4462163068667321,-4.494978573875429,1.8145696593916918
0.35135550283024275,0.03485896215266881,-0.03542705683033442,-0.16279692614477767,0.35122601119166647,0.6356047718049377,-0.3143511143226724,0.018105451969066932,0.27588303644240714,-0.1985790720336623,-0.2925387905022131,0.11568081287020075,0.13670240607551812,-0.03612967270034744,0.26621908568153313,0.23845971822427275,0.10174724685342108,-0.0167947292713459,0.21458788331818954,-0.1698976688062567,-0.6321705195041724,-0.19603366584712711,0.4128740896826524,0.18908846854145656,0.14449594519354655,-0.036489255538580664,-0.2832438985301839,-0.2317953014974474,-0.4656701302442749,0.27916440813360205
-0.4075586208192037,0.27282461543964764,-0.030461010073271195,-0.8061899865208226,-0.1981090962219618,-0.8701792466106351,-0.1344771028104716,-0.7380811779804193,0.8357251663595205,0.059483154243203905,-0.2880931119838515,-0.9204137128649046,-0.03612967270034744,1.127964013167319,-0.3756973701139822,-0.18977291269213567,-0.4937349432917656,0.021050870139418427,-0.539084986365427,0.9398924563636349,0.48619774960247314,1.6240983884318794,-0.8678090441911053,-0.7644448590981315,0.8406234308461633,0.46397140256073455,0.7496811950444905,-0.5570932681203457,-0.10276272105279267,-0.6229698064052293
2.7856026888559438,-0.7597120906869993,-0.7721240540209066,-1.289945355203299,2.9083015605514646,4.515637376037591,-2.00670651127956,-0.4251675153831879,2.134596918752574,-0.9606706045935297,-1.9765595630751258,1.5290602609803887,0.26621908568153313,-0.3756973701139822,1.9373824307254144,1.79046691606384,0.5127644202579786,0.01039866145541568,1.3934746991850597,-0.95021637212,-4.324497549559096,-1.9497707979895122,3.5276087971150223,1.5825556480325604,0.9275198131297825,-0.29157116579635933,-2.0487390858020422,-0.6496435891489521,-4.061160116600873,2.098390580081308
2.8390191304739747,-0.4642928066987704,-0.6315538898151538,-1.5292376935030063,3.0960152941473993,4.269615357050098,-2.014795015158317,-0.6757636125334756,2.1829829282070876,-0.891381835949762,-1.9467056526376862,1.8427297945367578,0.23845971822427275,-0.18977291269213567,1.79046691606384,1.9134935115220713,0.2855771569724006,-0.15145642239296425,1.2708735487298666,-0.747164176001109,-4.47908681172504,-1.5878185402967258,3.587936744019227,1.4841318932513963,1.08425750105568,-0.35995530494138994,-2.052425866222228,-0.8877790985353027,-4.462547802530075,1.9125357562224479
0.5398249038660412,-0.48947146996661955,-0.13160321690446267,0.2956628876355923,0.5039310693505189,1.2106302717403694,-0.256623849623959,0.4300186167092857,0.2044309088610436,-0.3859936678756368,-0.3666828973129392,0.08741389402691783,0.10174724685342108,-0.4937349432917656,0.5127644202579786,0.2855771569724006,0.553961340073838,0.10853381168798293,0.5052512008402831,-0.5653542654685034,-0.7840196849574357,-0.9629519023548391,0.6483444766391739,0.5107258700831213,-0.14796619113029091,-0.18140849563150613,-0.5605587555662578,0.08774957199174875,-0.27723329924382706,0.6397715942196014
-0.3108466610612989,-0.19009619759276175,-0.16911449900556347,0.08804111120356514,-0.3869769659794008,-0.11717314847705562,0.07628018037655147,0.1029201529461844,-0.0038529868723056974,0.010456113976915425,-0.004948337900437929,-0.5321708274773401,-0.0167947292713459,0.021050870139418427,0.01039866145541568,-0.15145642239296425,0.10853381168798293,0.20587446160593584,-0.03825490745751268,0.021678331087678287,0.46765352837754,0.011406123991027254,-0.3324457035503052,-0.1422270031453297,-0.008588634652192555,0.16548879065752328,0.27091066210274434,0.20846575388608532,0.527213372444558,-3.4145655027518964e-4
2.0516095854696164,-0.5222225280327292,-0.42573056366713197,-0.6371415787484672,2.07144122434975,3.339508000141118,-1.3200612347023948,-0.038931754146741195,1.245428720029493,-0.7456402778812113,-1.2853686310490393,1.2471205475907599,0.21458788331818954,-0.539084986365427,1.3934746991850597,1.2708735487298666,0.5052512008402831,-0.03825490745751268,1.1621721392129032,-0.9002914376509836,-3.1690958681617527,-1.7113405382163114,2.6121487456534633,1.2592208194672443,0.44586627322102307,-0.33918193174346734,-1.6354956223710286,-0.42779339979580977,-2.732872599243104,1.576698215969605
-1.264410840156592,0.3817848345639919,0.18072650760068754,-0.14534045845463314,-1.1233253234739098,-2.226075352997495,0.6099962784334381,-0.4306911727325397,-0.09305053203963308,0.4195921945604504,0.4641115624052057,-1.1631357596780691,-0.1698976688062567,0.9398924563636349,-0.95021637212,-0.747164176001109,-0.5653542654685034,0.021678331087678287,-0.9002914376509836,1.0510182509448454,1.904553267232669,1.8436152072621474,-1.8267543425436672,-1.0936490433050272,0.2828756122846805,0.438327952671734,1.2588591977939745,-0.09441627581304016,1.2869351336650001,-1.1905958449512968
-7.149029813051991,1.194384123383666,1.3992969245780673,3.4815830664270435,-7.719767759180696,-10.550419929343068,4.917807589067233,1.531937948349619,-5.302509936227146,2.2986467552526983,4.7621154925793885,-4.50922682539156,-0.6321705195041724,0.48619774960247314,-4.324497549559096,-4.47908681172504,-0.7840196849574357,0.46765352837754,-3.1690958681617527,1.904553267232669,11.174459282012883,3.958711056035501,-8.76031011788331,-3.7596228160335414,-2.560862844368664,0.9146725621344769,5.156440825263371,2.3184208408796882,10.854060681258035,-4.662898462858487
-2.733613981640077,1.0375379171958712,0.5408890844038806,0.03666958870587645,-2.569238024865324,-4.563918669772548,1.3712382861174768,-0.5041457949323096,-0.5380239962133789,0.7628171758458174,1.1506557936056534,-2.4782887698249465,-0.19603366584712711,1.6240983884318794,-1.9497707979895122,-1.5878185402967258,-0.9629519023548391,0.011406123991027254,-1.7113405382163114,1.8436152072621474,3.958711056035501,3.6348812687676397,-3.8496786664833635,-2.2604192372983345,0.35874593238709135,0.8362272925374534,2.5296601709947755,-0.25741081955719963,3.0815297539409015,-2.3848717481842248
5.677274163399098,-1.0491064094367166,-1.2127933653616059,-2.509131168530682,5.988331471943718,8.468708687665437,-3.759231904071994,-1.0427566530429855,3.6487787346933196,-1.6103927855603097,-3.4859232379415066,4.122167352337204,0.4128740896826524,-0.8678090441911053,3.5276087971150223,3.587936744019227,0.6483444766391739,-0.3324457035503052,2.6121487456534633,-1.8267543425436672,-8.76031011788331,-3.8496786664833635,7.317406794625625,3.2683694518341446,1.5983384648477212,-0.8747636257515505,-4.2663047165382695,-1.3391110352842848,-8.497544206943205,3.8949918852871437
2.527316910423558,-0.6921760928203404,-0.45658608531993616,-0.6370506551067475,2.6275803673670435,3.83143113172739,-1.4902496531169784,-0.09766906179566354,1.2068866266667213,-0.7180732563357536,-1.3777043792028,2.0099963643822303,0.18908846854145656,-0.7644448590981315,1.5825556480325604,1.4841318932513963,0.5107258700831213,-0.1422270031453297,1.2592208194672443,-1.0936490433050272,-3.7596228160335414,-2.2604192372983345,3.2683694518341446,1.7164250830910697,0.2805367503246251,-0.5791832470522656,-2.0774795300493767,-0.31734713655551466,-3.3813082095374662,1.8283608030617076
1.5169198487675573,-0.14445609024520917,-0.5399485679350335,-1.6830662772911174,1.8272215210693072,2.2226820188600676,-1.5039752390129892,-1.024370155238907,2.322249136281258,-0.6233745136454685,-1.6533449462070682,0.14771152150378158,0.14449594519354655,0.8406234308461633,0.9275198131297825,1.08425750105568,-0.14796619113029091,-0.008588634652192555,0.44586627322102307,0.2828756122846805,-2.560862844368664,0.35874593238709135,1.5983384648477212,0.2805367503246251,1.5254893725215983,0.25566953200766773,-0.6790821938456794,-1.0861193866211385,-2.9608969288199694,0.7983122598868493
-0.6494553094858446,0.0903585777920364,-0.11992368105010252,-0.14381414431709574,-0.6945404625487712,-0.8070964299975216,0.15784317179098725,-0.1787806475220404,0.15166238780209707,0.12430542783149563,0.07134528317337262,-0.9335294705434575,-0.036489255538580664,0.46397140256073455,-0.29157116579635933,-0.35995530494138994,-0.18140849563150613,0.16548879065752328,-0.33918193174346734,0.438327952671734,0.9146725621344769,0.8362272925374534,-0.8747636257515505,-0.5791832470522656,0.25566953200766773,0.3912831926398029,0.6914342769575892,-0.007978119223603967,0.7200169850769751,-0.41647050856024576
-3.40645860842373,0.707606765320339,0.5225265902781279,1.125739207771408,-3.613041715119699,-5.0196652369468975,2.0845948230025173,0.30678760113903764,-1.9467914169289495,1.0331125642970505,1.9678502854640256,-2.5248098111567816,-0.2832438985301839,0.7496811950444905,-2.0487390858020422,-2.052425866222228,-0.5605587555662578,0.27091066210274434,-1.6354956223710286,1.2588591977939745,5.156440825263371,2.5296601709947755,-4.2663047165382695,-2.0774795300493767,-0.6790821938456794,0.6914342769575892,2.714117380571193,0.7607438705889744,4.766202041002464,-2.3086008379589056
-1.3443768875552147,-0.1902526601254568,0.09937913702881274,1.1717716488036352,-1.6205164632989528,-1.7450729908088158,1.1445123273263362,0.659145834464758,-1.6022341604157682,0.5804496558039294,1.1938679478656815,-0.4462163068667321,-0.2317953014974474,-0.5570932681203457,-0.6496435891489521,-0.8877790985353027,0.08774957199174875,0.20846575388608532,-0.42779339979580977,-0.09441627581304016,2.3184208408796882,-0.25741081955719963,-1.3391110352842848,-0.31734713655551466,-1.0861193866211385,-0.007978119223603967,0.7607438705889744,1.145518980404883,2.4169370129055223,-0.5714143173083861
-6.948303982000502,1.0202242533924144,1.490902586514023,4.064646223592343,-7.7140498036639205,-9.849141979956661,4.934635192404857,2.1904728555896327,-5.674819828672845,2.0094984597715855,4.764778536294092,-4.494978573875429,-0.4656701302442749,-0.10276272105279267,-4.061160116600873,-4.462547802530075,-0.27723329924382706,0.527213372444558,-2.732872599243104,1.2869351336650001,10.854060681258035,3.0815297539409015,-8.497544206943205,-3.3813082095374662,-2.9608969288199694,0.7200169850769751,4.766202041002464,2.4169370129055223,11.265718260214669,-4.239577591409095
3.0244564875489033,-0.8530163035943877,-0.7852818574516592,-1.1841948075469326,3.098375403622598,4.932509656770491,-2.0721362496063773,-0.28925284099730947,2.0419284385990073,-1.0287431672123024,-2.013496717051318,1.8145696593916918,0.27916440813360205,-0.6229698064052293,2.098390580081308,1.9125357562224479,0.6397715942196014,-3.4145655027518964e-4,1.576698215969605,-1.1905958449512968,-4.662898462858487,-2.3848717481842248,3.8949918852871437,1.8283608030617076,0.7983122598868493,-0.41647050856024576,-2.3086008379589056,-0.5714143173083861,-4.239577591409095,2.3458173205094073
