V1,V2,V3,V4,V5,V6,V7,V8,V9,V10,V11,V12,V13,V14,V15,V16,V17,V18,V19,V20,V21,V22,V23,V24,V25,V26,V27,V28,V29,V30
0.34735922449649353,1.0833874522999354,0.2548772234650744,-0.034721818049702834,-0.1347101690816441,0.050706616021787825,-0.3226778627888713,0.8149700948635709,-0.12043218896562356,0.13599012999239246,0.35685865368689296,-0.24583781183611475,0.47684860578500826,0.1689421960079353,1.710620349762036,0.11165989397082723,-0.08181891496702817,-0.1445007201534617,-0.35929370647582565,-0.5703847484217719,-0.3190953871513161,0.20641321823777428,-0.20903528744559163,0.8006840165249827,0.9519726741321602,0.761279595568056,-0.028431488267134066,-0.635710824465362,0.4105021306969274,-0.18572944257785715
1.0833874522999354,3.429485954058811,0.8335042408709229,-0.019869254563959306,-0.4154916555012843,0.0854940353732604,-0.9992350341559828,2.5167528005725757,-0.4050123476186381,0.4323044158212928,1.0899868585950108,-0.821937682905927,1.4472844661053397,0.6119024443150207,5.350010033719963,0.38915461275014857,-0.19781829000789158,-0.48202652919781436,-1.1969126840756394,-1.7249230251018735,-0.9916724197286199,0.5751450432568519,-0.6829475970395158,2.4903296447041385,2.983350766089018,2.4540165371241147,-0.03749291344013994,-1.9900104504528096,1.2833265897826367,-0.5281617975694429
0.2548772234650744,0.8335042408709229,1.1587975650356201,2.181016478066159,0.45742710022105154,-1.9910819835982112,-0.16894437592582193,0.03998657598665599,-0.5367005792087624,-0.06869377094492676,-0.8568560183496886,-1.338281592094014,-0.917462467634863,2.2543056983887224,0.8960233508891597,0.7521844131488653,1.3539396257558187,-0.9130404366201528,-1.927346839332868,1.2313814315595781,-0.03513671680920276,-1.0976231834056307,-0.8372267425608274,0.2313945566337959,0.396235750971764,2.204513541910442,1.0910726240366608,-0.03385830860302566,0.20349120344263902,0.8565340441872035
-0.034721818049702834,-0.019869254563959306,2.181016478066159,5.01515726337963,1.2785489444980258,-4.611555407656563,0.1868172992142293,-1.348705800299955,-1.0059411096946123,-0.3970151186064014,-2.5777620417050864,-2.6057544706381166,-2.9261814967476374,4.820972167133398,-0.9884140328067389,1.5115000844630102,3.2221938964439674,-1.818393398737813,-3.7422511558778844,3.804784465145396,0.4845190805619145,-2.859164028831404,-1.5344842989703493,-0.8891240792001105,-0.78062044123747,3.660681593751022,2.5278621237753582,1.0457456883677332,-0.2641836032595407,2.2765984190181436
-0.1347101690816441,-0.4154916555012843,0.45742710022105154,1.2785489444980258,0.3828500980513114,-1.1852591728539394,0.1595479027323164,-0.6336912198546137,-0.20348335119393765,-0.15714534169246847,-0.790605653464602,-0.5653140455048163,-0.9159329732562779,1.1544712025563708,-0.8791457911112571,0.33425610574642334,0.8461524356908384,-0.4073392371238803,-0.8106323872438735,1.1703512263088187,0.24148105359755462,-0.7892419479636082,-0.3131567714322144,-0.5161851054899464,-0.5478329937373686,0.6436911044240385,0.644453067270151,0.5024033390196163,-0.21775436583588362,0.6424050055085224
0.050706616021787825,0.0854940353732604,-1.9910819835982112,-4.611555407656563,-1.1852591728539394,4.243036658596615,-0.18834764208019497,1.2832212925541708,0.9163232099536673,0.3746784219641123,2.392170291492039,2.380172227938581,2.7171743524404843,-4.422138051985425,1.005848007236941,-1.3808064376800868,-2.965702127617343,1.6636575560882492,3.41850440749728,-3.5301150506067858,-0.4633220739695607,2.635747366016931,1.3982261141354206,0.8617936741380651,0.7737599697251485,-3.32131117712783,-2.32385245261132,-0.999913335652323,0.2661530038713288,-2.100030081860436
-0.3226778627888713,-0.9992350341559828,-0.16894437592582193,0.1868172992142293,0.1595479027323164,-0.18834764208019497,0.31747222811001485,-0.7958783672136214,0.07418763230089698,-0.13915159046466694,-0.4104444115775711,0.14599399380987135,-0.5298049244582697,-0.008769663189452548,-1.6232075934587653,-0.04709984637774813,0.17683227248552802,0.08053970421132767,0.22138204116545454,0.6527340871450997,0.3089563622462159,-0.28868721043261725,0.14636787299303977,-0.7779170370184176,-0.9139735447786581,-0.60336536306407,0.10144188944788866,0.6203332487879294,-0.3948930371520935,0.23813835418267468
0.8149700948635709,2.5167528005725757,0.03998657598665599,-1.348705800299955,-0.6336912198546137,1.2832212925541708,-0.7958783672136214,2.2337808255676284,-0.024888203702226084,0.41418798512737703,1.4779382206188973,0.0890397330092918,1.8464540056641432,-0.827929926656938,4.218087203617062,-0.12314014516681429,-1.0032566605375886,0.12502297652902303,0.11433344374153327,-2.284416395288483,-0.8621230144951563,1.2024654065201963,-0.09772899338734936,2.081744865888642,2.4051882831724334,0.838988418559427,-0.707253909002507,-1.7387628460861033,1.0181827233136302,-1.0076968397357182
-0.12043218896562356,-0.4050123476186381,-0.5367005792087624,-1.0059411096946123,-0.20348335119393765,0.9163232099536673,0.07418763230089698,-0.024888203702226084,0.25502379164450795,0.026696406141192338,0.38677570408452094,0.6215581583700576,0.41548658149559553,-1.040274346920945,-0.4294901723141012,-0.3547544284357685,-0.624968497590327,0.42035895305124704,0.8911978225492474,-0.5641022331015361,0.020298118527393036,0.5123103373708139,0.3888522102689118,-0.11146480148408074,-0.19221454622305986,-1.0209994279676093,-0.5031759090656566,0.025767801542935054,-0.09526290577471494,-0.39312679225370806
0.13599012999239246,0.4323044158212928,-0.06869377094492676,-0.3970151186064014,-0.15714534169246847,0.3746784219641123,-0.13915159046466694,0.41418798512737703,0.026696406141192338,0.09006285112069833,0.343997940215839,0.10235563774504462,0.41065761078620877,-0.3034251407468299,0.743768900216048,-0.07049050163838275,-0.27971053042311284,0.08359332705424315,0.14430426281414688,-0.5158445940730312,-0.16163726331948394,0.2943474989482511,0.036935225534774206,0.38070196535957396,0.4347572192895945,0.0197797232785527,-0.20005739969703368,-0.33134210605966957,0.1815998559719106,-0.24264975349918438
0.35685865368689296,1.0899868585950108,-0.8568560183496886,-2.5777620417050864,-0.790605653464602,2.392170291492039,-0.4104444115775711,1.4779382206188973,0.38677570408452094,0.343997940215839,1.669330098749029,1.0778535249782446,1.9553464660251212,-2.2797189387412207,2.188386775454594,-0.6533545699666633,-1.7165711563665769,0.7813379240153737,1.5417375033794951,-2.4945858181260148,-0.5602163492560277,1.6459352475278182,0.574009964207116,1.2394118693168674,1.3388853540395562,-1.1032617894698091,-1.304795596562033,-1.1621603186518972,0.5400299083672887,-1.332661547391611
-0.24583781183611475,-0.821937682905927,-1.338281592094014,-2.6057544706381166,-0.5653140455048163,2.380172227938581,0.14599399380987135,0.0890397330092918,0.6215581583700576,0.10235563774504462,1.0778535249782446,1.5561927466443126,1.1714669813125187,-2.658742645434335,-0.7862100278438231,-0.8808914410996519,-1.6290735313003564,1.064102151954171,2.2390499273603686,-1.5613663715185944,-0.010795133797917782,1.347373112295969,0.9649526498998812,-0.14309567567055764,-0.3183866096585307,-2.502057458502926,-1.306508678224431,-0.06130635183440602,-0.17441934903321657,-1.0559863010419106
0.47684860578500826,1.4472844661053397,-0.917462467634863,-2.9261814967476374,-0.9159329732562779,2.7171743524404843,-0.5298049244582697,1.8464540056641432,0.41548658149559553,0.41065761078620877,1.9553464660251212,1.1714669813125187,2.311061469766921,-2.547564523774574,2.8234161220675023,-0.7175391698018855,-1.9576016665568945,0.8553192476055979,1.6760389569627092,-2.937553397131423,-0.6988831106180862,1.9090164053362209,0.605258451467982,1.565025994116374,1.7056434491873875,-1.0994858370654563,-1.4885174590555683,-1.442117016861864,0.6921768749726199,-1.5504009884854546
0.1689421960079353,0.6119024443150207,2.2543056983887224,4.820972167133398,1.1544712025563708,-4.422138051985425,-0.008769663189452548,-0.827929926656938,-1.040274346920945,-0.3034251407468299,-2.2797189387412207,-2.658742645434335,-2.547564523774574,4.75382144434545,0.04445563854708047,1.5232739555625254,3.0603038722051634,-1.8405327734072765,-3.8240431894198417,3.33939994832486,0.2808766866001543,-2.6383232423878016,-1.6012918370009106,-0.3907090886006051,-0.19875405891200243,3.9798942454835977,2.425342605232909,0.6391823980397262,-0.013962802012445633,2.0887685988860305
1.710620349762036,5.350010033719963,0.8960233508891597,-0.9884140328067389,-0.8791457911112571,1.005848007236941,-1.6232075934587653,4.218087203617062,-0.4294901723141012,0.743768900216048,2.188386775454594,-0.7862100278438231,2.8234161220675023,0.04445563854708047,8.587575104243003,0.30252185492949485,-0.9306160880768954,-0.4146744277476886,-1.1642598851314812,-3.4352260557074086,-1.6475828179370542,1.4764555195948807,-0.7760355499965939,4.088203449890775,4.824514319595051,3.1608350287044553,-0.5445124044525903,-3.3072242666175664,2.0699962704110786,-1.2748000329103344
0.11165989397082723,0.38915461275014857,0.7521844131488653,1.5115000844630102,0.33425610574642334,-1.3808064376800868,-0.04709984637774813,-0.12314014516681429,-0.3547544284357685,-0.07049050163838275,-0.6533545699666633,-0.8808914410996519,-0.7175391698018855,1.5232739555625254,0.30252185492949485,0.5084232730172457,0.9514718071120721,-0.6011076844884794,-1.2626482307738556,0.957632863839173,0.03316074818313831,-0.8065329121582939,-0.5402389450968595,0.006677302786305656,0.09786535532668382,1.3754856935661388,0.7571076560018695,0.08798910449469208,0.061353905769911475,0.6256269786745317
-0.08181891496702817,-0.19781829000789158,1.3539396257558187,3.2221938964439674,0.8461524356908384,-2.965702127617343,0.17683227248552802,-1.0032566605375886,-0.624968497590327,-0.27971053042311284,-1.7165711563665769,-1.6290735313003564,-1.9576016665568945,3.0603038722051634,-0.9306160880768954,0.9514718071120721,2.085214209375492,-1.1401965381023214,-2.335310645425248,2.5394258104249654,0.36699656003721076,-1.8716799854421418,-0.9519396758698795,-0.7090711409861779,-0.6632123916851151,2.212658433702718,1.6233567446191888,0.7792236934049116,-0.24290425734393617,1.4949529862765882
-0.1445007201534617,-0.48202652919781436,-0.9130404366201528,-1.818393398737813,-0.4073392371238803,1.6636575560882492,0.08053970421132767,0.12502297652902303,0.42035895305124704,0.08359332705424315,0.7813379240153737,1.064102151954171,0.8553192476055979,-1.8405327734072765,-0.4146744277476886,-0.6011076844884794,-1.1401965381023214,0.7315432924400611,1.5331397187188311,-1.1315802354432618,-0.03272591657737879,0.950031224918878,0.6552095594676897,-0.03916154641238182,-0.1469866024578976,-1.6863514253682308,-0.9129460969471963,-0.0949434094416193,-0.09117879983464518,-0.7496923900018304
-0.35929370647582565,-1.1969126840756394,-1.927346839332868,-3.7422511558778844,-0.8106323872438735,3.41850440749728,0.22138204116545454,0.11433344374153327,0.8911978225492474,0.14430426281414688,1.5417375033794951,2.2390499273603686,1.6760389569627092,-3.8240431894198417,-1.1642598851314812,-1.2626482307738556,-2.335310645425248,1.5331397187188311,3.2261680045355203,-2.2291939959601264,-0.00962808470038064,1.9263789432197982,1.3877122498609562,-0.22371287837719855,-0.4767314524097167,-3.6139717867259944,-1.878599297559896,-0.07755145154031323,-0.2621386401179292,-1.5139370842874145
-0.5703847484217719,-1.7249230251018735,1.2313814315595781,3.804784465145396,1.1703512263088187,-3.5301150506067858,0.6527340871450997,-2.284416395288483,-0.5641022331015361,-0.5158445940730312,-2.4945858181260148,-1.5613663715185944,-2.937553397131423,3.33939994832486,-3.4352260557074086,0.957632863839173,2.5394258104249654,-1.1315802354432618,-2.2291939959601264,3.748040902609201,0.8632401163434746,-2.4624220208097087,-0.8190824960549156,-1.9285331200700766,-2.089400218801881,1.532026856087128,1.9302932125620211,1.7854225901372396,-0.8478372877800936,1.9875813292106157
-0.3190953871513161,-0.9916724197286199,-0.03513671680920276,0.4845190805619145,0.24148105359755462,-0.4633220739695607,0.3089563622462159,-0.8621230144951563,0.020298118527393036,-0.16163726331948394,-0.5602163492560277,-0.010795133797917782,-0.6988831106180862,0.2808766866001543,-1.6475828179370542,0.03316074818313831,0.36699656003721076,-0.03272591657737879,-0.00962808470038064,0.8632401163434746,0.33528950097032484,-0.44420903147059576,0.05054218580275546,-0.8088878788144901,-0.9373595124978273,-0.3632199628128245,0.25260537363715163,0.67453535928999,-0.39811111149096645,0.3749445517115751
0.20641321823777428,0.5751450432568519,-1.0976231834056307,-2.859164028831404,-0.7892419479636082,2.635747366016931,-0.28868721043261725,1.2024654065201963,0.5123103373708139,0.2943474989482511,1.6459352475278182,1.347373112295969,1.9090164053362209,-2.6383232423878016,1.4764555195948807,-0.8065329121582939,-1.8716799854421418,0.950031224918878,1.9263789432197982,-2.4624220208097087,-0.44420903147059576,1.7427152858619863,0.7589831573016219,0.9374620674112232,0.950068203152222,-1.6606026954974438,-1.44687493321364,-0.9257186016889639,0.3728668297239992,-1.391928724519731
-0.20903528744559163,-0.6829475970395158,-0.8372267425608274,-1.5344842989703493,-0.3131567714322144,1.3982261141354206,0.14636787299303977,-0.09772899338734936,0.3888522102689118,0.036935225534774206,0.574009964207116,0.9649526498998812,0.605258451467982,-1.6012918370009106,-0.7760355499965939,-0.5402389450968595,-0.9519396758698795,0.6552095594676897,1.3877122498609562,-0.8190824960549156,0.05054218580275546,0.7589831573016219,0.6120147192989519,-0.23164797943714738,-0.3639574902769055,-1.6169127725701182,-0.7657266711758289,0.07966276155208683,-0.1766512300198002,-0.5934159749737539
0.8006840165249827,2.4903296447041385,0.2313945566337959,-0.8891240792001105,-0.5161851054899464,0.8617936741380651,-0.7779170370184176,2.081744865888642,-0.11146480148408074,0.38070196535957396,1.2394118693168674,-0.14309567567055764,1.565025994116374,-0.3907090886006051,4.088203449890775,0.006677302786305656,-0.7090711409861779,-0.03916154641238182,-0.22371287837719855,-1.9285331200700766,-0.8088878788144901,0.9374620674112232,-0.23164797943714738,1.9858967103422793,2.3175512086970955,1.1637821580353234,-0.46852704080737395,-1.6286255156406628,0.9889551486782466,-0.7869051006758095
0.9519726741321602,2.983350766089018,0.396235750971764,-0.78062044123747,-0.5478329937373686,0.7737599697251485,-0.9139735447786581,2.4051882831724334,-0.19221454622305986,0.4347572192895945,1.3388853540395562,-0.3183866096585307,1.7056434491873875,-0.19875405891200243,4.824514319595051,0.09786535532668382,-0.6632123916851151,-0.1469866024578976,-0.4767314524097167,-2.089400218801881,-0.9373595124978273,0.950068203152222,-0.3639574902769055,2.3175512086970955,2.7270574027879886,1.5925749678186727,-0.41722445012502457,-1.8913219940266082,1.1647616811324981,-0.8056043806320828
0.761279595568056,2.4540165371241147,2.204513541910442,3.660681593751022,0.6436911044240385,-3.32131117712783,-0.60336536306407,0.838988418559427,-1.0209994279676093,0.0197797232785527,-1.1032617894698091,-2.502057458502926,-1.0994858370654563,3.9798942454835977,3.1608350287044553,1.3754856935661388,2.212658433702718,-1.6863514253682308,-3.6139717867259944,1.532026856087128,-0.3632199628128245,-1.6606026954974438,-1.6169127725701182,1.1637821580353234,1.5925749678186727,4.473203484378716,1.8272906241848899,-0.6693377015692755,0.7440700238242117,1.2826559686266517
-0.028431488267134066,-0.03749291344013994,1.0910726240366608,2.5278621237753582,0.644453067270151,-2.32385245261132,0.10144188944788866,-0.707253909002507,-0.5031759090656566,-0.20005739969703368,-1.304795596562033,-1.306508678224431,-1.4885174590555683,2.425342605232909,-0.5445124044525903,0.7571076560018695,1.6233567446191888,-0.9129460969471963,-1.878599297559896,1.9302932125620211,0.25260537363715163,-1.44687493321364,-0.7657266711758289,-0.46852704080737395,-0.41722445012502457,1.8272906241848899,1.2787001197900998,0.5436022834811923,-0.14206340788808247,1.1554694025537258
-0.635710824465362,-1.9900104504528096,-0.03385830860302566,1.0457456883677332,0.5024033390196163,-0.999913335652323,0.6203332487879294,-1.7387628460861033,0.025767801542935054,-0.33134210605966957,-1.1621603186518972,-0.06130635183440602,-1.442117016861864,0.6391823980397262,-3.3072242666175664,0.08798910449469208,0.7792236934049116,-0.0949434094416193,-0.07755145154031323,1.7854225901372396,0.67453535928999,-0.9257186016889639,0.07966276155208683,-1.6286255156406628,-1.8913219940266082,-0.6693377015692755,0.5436022834811923,1.3687006040236251,-0.799434259539805,0.7761571534350552
0.4105021306969274,1.2833265897826367,0.20349120344263902,-0.2641836032595407,-0.21775436583588362,0.2661530038713288,-0.3948930371520935,1.0181827233136302,-0.09526290577471494,0.1815998559719106,0.5400299083672887,-0.17441934903321657,0.6921768749726199,-0.013962802012445633,2.0699962704110786,0.061353905769911475,-0.24290425734393617,-0.09117879983464518,-0.2621386401179292,-0.8478372877800936,-0.39811111149096645,0.3728668297239992,-0.1766512300198002,0.9889551486782466,1.1647616811324981,0.7440700238242117,-0.14206340788808247,-0.799434259539805,0.501582906697657,-0.31704432539729055
-0.18572944257785715,-0.5281617975694429,0.8565340441872035,2.2765984190181436,0.6424050055085224,-2.100030081860436,0.23813835418267468,-1.0076968397357182,-0.39312679225370806,-0.24264975349918438,-1.332661547391611,-1.0559863010419106,-1.5504009884854546,2.0887685988860305,-1.2748000329103344,0.6256269786745317,1.4949529862765882,-0.7496923900018304,-1.5139370842874145,1.9875813292106157,0.3749445517115751,-1.391928724519731,-0.5934159749737539,-0.7869051006758095,-0.8056043806320828,1.2826559686266517,1.1554694025537258,0.7761571534350552,-0.31704432539729055,1.1270432985511825
