V1,V2,V3,V4,V5,V6,V7,V8,V9,V10,V11,V12,V13,V14,V15,V16,V17,V18,V19,V20,V21,V22,V23,V24,V25,V26,V27,V28,V29,V30
25.107318825568218,-4.747693471252986,-5.556849527240922,-13.146794276151692,27.324542850476245,36.89293607187645,-17.623107442175268,-6.2781807089471355,19.596756736748244,-7.744893267941494,-17.185979182676284,15.660383626596099,1.9227737155894986,-1.0114077191192716,15.265153698985326,15.831773311439756,2.229569127701556,-1.4482926414020667,10.691273618686322,-5.966352121041863,-38.92474858803688,-13.327635743062075,30.79045638809145,13.024950787331944,9.535838776124463,-2.8509978986700992,-17.756834941798786,-7.797914121208329,-38.86047843193553,16.263584592821374
-4.747693471252986,1.6355597651916876,1.331427447371339,2.1808519681250225,-5.180466634121682,-7.266575318907146,3.290303617058366,0.9795814247055715,-3.874131136878499,1.5498834759873381,3.426724148237683,-2.598772574532572,-0.2507784786051378,0.3645362613798462,-3.041191488427733,-2.890524173514262,-0.7267366913536365,0.05438932582414179,-2.0967958832243565,1.224928015648148,7.103364828300562,2.964762864350766,-5.747125036855132,-2.6341525651250035,-1.63610753159759,0.5138335668133633,3.3685248876214398,1.0280380317419093,7.007889842661017,-3.2725540564050934
-5.556849527240922,1.331427447371339,1.7008385848237995,3.1453767438749276,-5.968703893917859,-8.539215412344937,4.137290634414147,1.5583379877660883,-4.684663948306181,1.69262994444749,4.058109540900245,-3.2036392407409835,-0.38076677985554874,0.17864088150394616,-3.6288767594896902,-3.5924069074079905,-0.4910584404843785,0.09502342150343941,-2.3989040638983568,1.3096732905369528,8.623546939601122,3.070196027566406,-7.005537838833597,-2.8906842114364317,-2.286091661617135,0.40672063211571396,3.8154245866018606,1.4840422126963093,8.755846819740647,-3.834201478309185
-13.146794276151692,2.1808519681250225,3.1453767438749276,7.94183660489817,-14.391174093632271,-19.309059233173667,9.673570145428167,4.028429521584187,-11.059590305887692,3.9884671412593273,9.407168371964957,-7.905575067746202,-1.008608664153788,-0.23784115676930306,-8.072192654717664,-8.540359674740126,-0.7159566671225749,0.682374631085058,-5.3908001818001114,2.5821163344584104,20.59773855871239,6.099613385072558,-16.158879948618104,-6.4293258831929,-5.7962393242857395,1.1302829049481447,8.96772483121794,4.485268531389155,21.129247661937598,-8.426272538780387
27.324542850476245,-5.180466634121682,-5.968703893917859,-14.391174093632271,29.96360427352729,39.96091694068591,-19.18655572944047,-6.961010715892673,21.594556566306476,-8.451695057674188,-18.820690914649727,16.96788480528128,2.0750813528736463,-0.8965420555751247,16.508710747501258,17.246107562387312,2.3792118691295823,-1.641331070590911,11.513235721998885,-6.286657734840228,-42.36385900605342,-14.165920554543584,33.35040004712425,14.090330360798745,10.526232349377501,-3.1205484918591124,-19.29217969602051,-8.665224414515164,-42.460290123911875,17.525621313304832
36.89293607187645,-7.266575318907146,-8.539215412344937,-19.309059233173667,39.96091694068591,54.98209325008859,-26.136729208419318,-8.964896517430224,28.956656084281292,-11.56255867321051,-25.527143291853438,22.556120011608726,2.9303682310314407,-1.7275742799592952,22.86819262649956,23.40310533771954,3.6101681996328474,-1.8122346193494179,16.017497391952222,-9.115587360263303,-57.317762492948795,-20.125336178845323,45.4730549589597,19.269580172282037,14.035286359222551,-4.041694495552346,-26.127047856771462,-11.23088513068739,-56.90208227409725,24.39500662898309
-17.623107442175268,3.290303617058366,4.137290634414147,9.673570145428167,-19.18655572944047,-26.136729208419318,12.698875169304397,4.648322056939921,-14.259143807696356,5.5045765045029365,12.416391177746316,-10.608081375371512,-1.428536079679385,0.39448640350660097,-10.873140264141938,-11.224411381004982,-1.475259770045229,0.8920846775430199,-7.4801371786703275,4.027469043715969,27.4670766556771,9.03410799003443,-21.63750796131692,-9.00448979892657,-7.093073656877933,1.7646967517964702,12.31966850389052,5.65670769755335,27.533414654287892,-11.502716946264218
-6.2781807089471355,0.9795814247055715,1.5583379877660883,4.028429521584187,-6.961010715892673,-8.964896517430224,4.648322056939921,2.26596444476287,-5.456797289461823,1.7883739833079277,4.508725153536278,-3.8667972313151453,-0.3943206810698689,-0.37835544844080277,-3.7320275286505575,-4.0668291326056165,-0.10623190989303319,0.3820964007792096,-2.3836757462710656,0.9589066139494276,9.821070133864373,2.545829679142717,-7.685402275795241,-2.948284239379687,-2.9517554187748605,0.4633477597477628,4.145948867959506,2.21437958496884,10.393414741537905,-3.8406762318995997
19.596756736748244,-3.874131136878499,-4.684663948306181,-11.059590305887692,21.594556566306476,28.956656084281292,-14.259143807696356,-5.456797289461823,16.78712091506929,-6.323424818199654,-14.239610888720845,11.059110586071746,1.5383569169121911,0.10605068248620854,12.015493798057635,12.471401081698318,1.6253356949059694,-0.968718416349549,8.175975227637181,-4.018911190524624,-30.53149858502321,-9.231781875224161,23.65333088455904,9.660222002105941,8.433674724228347,-1.7363986045642839,-13.468191516211812,-6.6445035322839985,-30.85910005659688,12.576703436173744
-7.744893267941494,1.5498834759873381,1.69262994444749,3.9884671412593273,-8.451695057674188,-11.56255867321051,5.5045765045029365,1.7883739833079277,-6.323424818199654,2.642614565955781,5.5165299308457065,-4.3580795549383735,-0.6874961831939039,0.23002977890744233,-4.754786802809401,-4.874676642237339,-0.8915135809632003,0.40052782612443477,-3.3898897013244684,1.8474430365472774,12.074564297767509,3.964477697077849,-9.29702418429459,-3.9277709773072726,-3.083243422516727,0.8238032433864516,5.452131052059386,2.616417916951414,11.822295780257303,-5.051520876973674
-17.185979182676284,3.426724148237683,4.058109540900245,9.407168371964957,-18.820690914649727,-25.527143291853438,12.416391177746316,4.508725153536278,-14.239610888720845,5.5165299308457065,12.327517918921737,-9.958964569768769,-1.3916032998067462,0.23996844154876154,-10.593256941418526,-10.906352759344584,-1.5557495322232344,0.8251228987892057,-7.281519494882999,3.81191404941125,26.74444966741183,8.624276564659265,-20.88850386178197,-8.708970352118325,-7.05731318865684,1.669884371676965,11.962061698379637,5.61571636262437,26.77601098087978,-11.17552966796236
15.660383626596099,-2.598772574532572,-3.2036392407409835,-7.905575067746202,16.96788480528128,22.556120011608726,-10.608081375371512,-3.8667972313151453,11.059110586071746,-4.3580795549383735,-9.958964569768769,11.167301176786143,1.0727338761368908,-1.180130365329551,9.332830939997022,9.917634567317448,1.1322134891799283,-1.1510105340200818,6.5946930971363855,-3.9974086548074346,-24.175634096536772,-8.962875584390213,19.659836489976833,8.459708137346787,5.261100266293432,-2.1916835041187372,-11.343084376890902,-4.4278762390275235,-24.31939480323996,10.06085954695132
1.9227737155894986,-0.2507784786051378,-0.38076677985554874,-1.008608664153788,2.0750813528736463,2.9303682310314407,-1.428536079679385,-0.3943206810698689,1.5383569169121911,-0.6874961831939039,-1.3916032998067462,1.0727338761368908,0.2571164237043201,-0.06653447198343085,1.209357101289562,1.2277812152399108,0.22618807426006832,-0.11199604089228461,0.8732717817274515,-0.5143561006702823,-3.0742972260623627,-0.9783930427168609,2.3263443788083737,0.9881917484417255,0.7730433342940959,-0.2051867195612168,-1.3848477939214752,-0.7500279542288965,-2.91585019927012,1.2801335120166737
-1.0114077191192716,0.3645362613798462,0.17864088150394616,-0.23784115676930306,-0.8965420555751247,-1.7275742799592952,0.39448640350660097,-0.37835544844080277,0.10605068248620854,0.23002977890744233,0.23996844154876154,-1.180130365329551,-0.06653447198343085,0.9328479167760598,-0.7497961876781283,-0.6059343623986237,-0.4372727514685788,0.03666018406840631,-0.7176491099202785,0.9162769760606827,1.4511442474811336,1.6815914355015655,-1.5800016233977352,-0.9671216845933106,0.39835597834776876,0.42621548583211216,1.0735499630442298,-0.2785994523132168,1.0319624126344904,-0.9689886202569425
15.265153698985326,-3.041191488427733,-3.6288767594896902,-8.072192654717664,16.508710747501258,22.86819262649956,-10.873140264141938,-3.7320275286505575,12.015493798057635,-4.754786802809401,-10.593256941418526,9.332830939997022,1.209357101289562,-0.7497961876781283,9.563052580184017,9.746918496360239,1.4993639300018555,-0.6846825084791525,6.6640449155092,-3.816440226830774,-23.73186914251364,-8.439078720485648,18.918351447097994,7.9982103959914115,5.826085686890265,-1.634131268004732,-10.814176047259176,-4.56426507155988,-23.602801683808792,10.185195560518123
15.831773311439756,-2.890524173514262,-3.5924069074079905,-8.540359674740126,17.246107562387312,23.40310533771954,-11.224411381004982,-4.0668291326056165,12.471401081698318,-4.874676642237339,-10.906352759344584,9.917634567317448,1.2277812152399108,-0.6059343623986237,9.746918496360239,10.187097919815827,1.3683833597976662,-0.8654796224854621,6.784002369085094,-3.7643370186065304,-24.66446313607744,-8.390912044331632,19.570760480393023,8.16566604394799,6.153910614394126,-1.7644630899815776,-11.188896231689649,-4.948600601448102,-24.745303897983586,10.343987961014006
2.229569127701556,-0.7267366913536365,-0.4910584404843785,-0.7159566671225749,2.3792118691295823,3.6101681996328474,-1.475259770045229,-0.10623190989303319,1.6253356949059694,-0.8915135809632003,-1.5557495322232344,1.1322134891799283,0.22618807426006832,-0.4372727514685788,1.4993639300018555,1.3683833597976662,0.6152386471364992,-0.018698017654054648,1.1747977906933182,-0.8586305192609233,-3.4278473140847976,-1.668961918473243,2.693877006304153,1.3148851279724834,0.6047064928899412,-0.33927955788184444,-1.7126460744698466,-0.5368322300128252,-3.0126813595008675,1.6614382718693248
-1.4482926414020667,0.05438932582414179,0.09502342150343941,0.682374631085058,-1.641331070590911,-1.8122346193494179,0.8920846775430199,0.3820964007792096,-0.968718416349549,0.40052782612443477,0.8251228987892057,-1.1510105340200818,-0.11199604089228461,0.03666018406840631,-0.6846825084791525,-0.8654796224854621,-0.018698017654054648,0.2620903290433147,-0.5248612732956099,0.2737506672735622,2.23928028313933,0.5663454214403318,-1.6899719338829713,-0.711876434762506,-0.47936932488550194,0.2778653347173314,1.0613759394946536,0.595315635018725,2.2784618966811774,-0.7362428080682825
10.691273618686322,-2.0967958832243565,-2.3989040638983568,-5.3908001818001114,11.513235721998885,16.017497391952222,-7.4801371786703275,-2.3836757462710656,8.175975227637181,-3.3898897013244684,-7.281519494882999,6.5946930971363855,0.8732717817274515,-0.7176491099202785,6.6640449155092,6.784002369085094,1.1747977906933182,-0.5248612732956099,4.779647392489625,-2.8290716776403206,-16.613784172004557,-6.09870474377489,13.21773034968018,5.655555496303611,3.901037525013213,-1.244889954810908,-7.670603285269148,-3.1955652996316903,-16.310372272364063,7.140157176705033
-5.966352121041863,1.224928015648148,1.3096732905369528,2.5821163344584104,-6.286657734840228,-9.115587360263303,4.027469043715969,0.9589066139494276,-4.018911190524624,1.8474430365472774,3.81191404941125,-3.9974086548074346,-0.5143561006702823,0.9162769760606827,-3.816440226830774,-3.7643370186065304,-0.8586305192609233,0.2737506672735622,-2.8290716776403206,2.0000511963266954,9.2396647760702,4.075144824630475,-7.593897152234884,-3.4270099376035144,-1.7267338992168269,0.8676946854097293,4.487413221404491,1.4625762295734022,8.786714742217987,-4.197080426219471
-38.92474858803688,7.103364828300562,8.623546939601122,20.59773855871239,-42.36385900605342,-57.317762492948795,27.4670766556771,9.821070133864373,-30.53149858502321,12.074564297767509,26.74444966741183,-24.175634096536772,-3.0742972260623627,1.4511442474811336,-23.73186914251364,-24.66446313607744,-3.4278473140847976,2.23928028313933,-16.613784172004557,9.2396647760702,60.56904569704399,20.460738905380765,-47.79843571885341,-20.088695721689923,-15.002583032514169,4.342773005124432,27.48357037624491,12.336385113793169,60.44122691962767,-25.254049277171404
-13.327635743062075,2.964762864350766,3.070196027566406,6.099613385072558,-14.165920554543584,-20.125336178845323,9.03410799003443,2.545829679142717,-9.231781875224161,3.964477697077849,8.624276564659265,-8.962875584390213,-0.9783930427168609,1.6815914355015655,-8.439078720485648,-8.390912044331632,-1.668961918473243,0.5663454214403318,-6.09870474377489,4.075144824630475,20.460738905380765,8.85648452529249,-16.890403915608502,-7.590091689985152,-4.051122816369433,1.8504968376963682,9.854382473877878,3.16216532922703,19.898886552598757,-9.203917980142396
30.79045638809145,-5.747125036855132,-7.005537838833597,-16.158879948618104,33.35040004712425,45.4730549589597,-21.63750796131692,-7.685402275795241,23.65333088455904,-9.29702418429459,-20.88850386178197,19.659836489976833,2.3263443788083737,-1.5800016233977352,18.918351447097994,19.570760480393023,2.693877006304153,-1.6899719338829713,13.21773034968018,-7.593897152234884,-47.79843571885341,-16.890403915608502,38.22414925740551,16.164860704584658,11.486978815456682,-3.53155499398063,-21.872176703247614,-9.206878894461257,-47.77516848090404,20.206469758859747
13.024950787331944,-2.6341525651250035,-2.8906842114364317,-6.4293258831929,14.090330360798745,19.269580172282037,-9.00448979892657,-2.948284239379687,9.660222002105941,-3.9277709773072726,-8.708970352118325,8.459708137346787,0.9881917484417255,-0.9671216845933106,7.9982103959914115,8.16566604394799,1.3148851279724834,-0.711876434762506,5.655555496303611,-3.4270099376035144,-20.088695721689923,-7.590091689985152,16.164860704584658,7.069740595736996,4.497569632553297,-1.6555853348752065,-9.401600392657942,-3.6641502212793813,-19.862615356680205,8.611861865940124
9.535838776124463,-1.63610753159759,-2.286091661617135,-5.7962393242857395,10.526232349377501,14.035286359222551,-7.093073656877933,-2.9517554187748605,8.433674724228347,-3.083243422516727,-7.05731318865684,5.261100266293432,0.7730433342940959,0.39835597834776876,5.826085686890265,6.153910614394126,0.6047064928899412,-0.47936932488550194,3.901037525013213,-1.7267338992168269,-15.002583032514169,-4.051122816369433,11.486978815456682,4.497569632553297,4.4642279787574815,-0.7065548556939506,-6.403497840011909,-3.5219256031563386,-15.32462757402901,6.032573632502993
-2.8509978986700992,0.5138335668133633,0.40672063211571396,1.1302829049481447,-3.1205484918591124,-4.041694495552346,1.7646967517964702,0.4633477597477628,-1.7363986045642839,0.8238032433864516,1.669884371676965,-2.1916835041187372,-0.2051867195612168,0.42621548583211216,-1.634131268004732,-1.7644630899815776,-0.33927955788184444,0.2778653347173314,-1.244889954810908,0.8676946854097293,4.342773005124432,1.8504968376963682,-3.53155499398063,-1.6555853348752065,-0.7065548556939506,0.5814893587662846,2.194487667150696,0.7458115916291365,4.209404371984088,-1.8154112181237485
-17.756834941798786,3.3685248876214398,3.8154245866018606,8.96772483121794,-19.29217969602051,-26.127047856771462,12.31966850389052,4.145948867959506,-13.468191516211812,5.452131052059386,11.962061698379637,-11.343084376890902,-1.3848477939214752,1.0735499630442298,-10.814176047259176,-11.188896231689649,-1.7126460744698466,1.0613759394946536,-7.670603285269148,4.487413221404491,27.48357037624491,9.854382473877878,-21.872176703247614,-9.401600392657942,-6.403497840011909,2.194487667150696,12.749226656181918,5.345176142282551,27.2536443453106,-11.578237722742553
-7.797914121208329,1.0280380317419093,1.4840422126963093,4.485268531389155,-8.665224414515164,-11.23088513068739,5.65670769755335,2.21437958496884,-6.6445035322839985,2.616417916951414,5.61571636262437,-4.4278762390275235,-0.7500279542288965,-0.2785994523132168,-4.56426507155988,-4.948600601448102,-0.5368322300128252,0.595315635018725,-3.1955652996316903,1.4625762295734022,12.336385113793169,3.16216532922703,-9.206878894461257,-3.6641502212793813,-3.5219256031563386,0.7458115916291365,5.345176142282551,3.1972344820589895,12.358270646873704,-4.738388532887818
-38.86047843193553,7.007889842661017,8.755846819740647,21.129247661937598,-42.460290123911875,-56.90208227409725,27.533414654287892,10.393414741537905,-30.85910005659688,11.822295780257303,26.77601098087978,-24.31939480323996,-2.91585019927012,1.0319624126344904,-23.602801683808792,-24.745303897983586,-3.0126813595008675,2.2784618966811774,-16.310372272364063,8.786714742217987,60.44122691962767,19.898886552598757,-47.77516848090404,-19.862615356680205,-15.32462757402901,4.209404371984088,27.2536443453106,12.358270646873704,60.96206608642411,-24.998876826734275
16.263584592821374,-3.2725540564050934,-3.834201478309185,-8.426272538780387,17.525621313304832,24.39500662898309,-11.502716946264218,-3.8406762318995997,12.576703436173744,-5.051520876973674,-11.17552966796236,10.06085954695132,1.2801335120166737,-0.9689886202569425,10.185195560518123,10.343987961014006,1.6614382718693248,-0.7362428080682825,7.140157176705033,-4.197080426219471,-25.254049277171404,-9.203917980142396,20.206469758859747,8.611861865940124,6.032573632502993,-1.8154112181237485,-11.578237722742553,-4.738388532887818,-24.998876826734275,10.9205261211639
