V1,V2,V3,V4,V5,V6,V7,V8,V9,V10,V11,V12,V13,V14,V15,V16,V17,V18,V19,V20,V21,V22,V23,V24,V25,V26,V27,V28,V29,V30
0.25061081829034926,0.7904294759586381,0.5502878688586994,0.8079219991493852,0.11589917967475026,-0.729974545540494,-0.20320250264138734,0.3786178788885076,-0.2561166070217665,0.030546906834383304,-0.16989444735286796,-0.613565265527676,-0.13536840549251414,0.9248924953861787,1.0901773300652438,0.3351196910518729,0.4772348112602853,-0.40780586538057684,-0.8834583085664809,0.21619696316827625,-0.15407037688814013,-0.32383199461586804,-0.4098186676684175,0.4382568983305366,0.5663330412786768,1.1631424030726192,0.3959256778549624,-0.29209701513622116,0.25501742411204437,0.2391607357013893
0.7904294759586381,2.541126647866329,1.8419222918922287,2.7864598244610224,0.40793009104022804,-2.514015795710987,-0.6548021063078181,1.1266179563080938,-0.8571828863279807,0.10135175622104177,-0.6265062328234541,-2.0677305437265825,-0.5565280494064272,3.152923655822755,3.4512709398434147,1.1240782463366117,1.6476403215238142,-1.379491600020366,-2.989263331674917,0.8305309872567355,-0.4699832296043046,-1.1552535842599208,-1.3653272573330615,1.3726526327326427,1.7969146530208584,3.889075558055247,1.3877308003200288,-0.8988500834443695,0.8179395845611559,0.8778866176834171
0.5502878688586994,1.8419222918922287,3.515306781508256,7.012315382239439,1.5710845066671277,-6.415401413736927,-0.2942971119751796,-0.4958366853954243,-1.6255574672247548,-0.3254721801343937,-3.019484697402783,-4.0987746118117006,-3.303919618084356,7.090020988475527,1.5590519886747525,2.323767312876913,4.402595704403083,-2.8139001118722793,-5.897906968896679,4.380531777795335,0.13291212005827913,-3.6754955141374377,-2.5244798234016077,0.12810575365879653,0.542946032306205,6.476912678036353,3.5157673836265073,0.37718167373912503,0.33657710758117826,2.8907056470895065
0.8079219991493852,2.7864598244610224,7.012315382239439,14.500456284130932,3.3669832833773636,-13.282559556313874,-0.3095580245527485,-1.7926997826988385,-3.2389209013561437,-0.7954159358173161,-6.560993760995069,-8.226156740628358,-7.26516283828614,14.469637902075794,1.6144220603430133,4.685989127209334,9.15962225236505,-5.671104750234879,-11.834645960699206,9.568555123792981,0.5745940164251739,-7.77633277251695,-5.012604796846593,-0.4830084951730452,0.23338871222038057,12.654959997759171,7.284546640367455,1.3730137393339197,0.31266373452545426,6.145040024152838
0.11589917967475026,0.40793009104022804,1.5710845066671277,3.3669832833773636,0.8186219895904154,-3.090320516798578,-9.269262208040439e-4,-0.5789424135161119,-0.7232288105920439,-0.2220884125103424,-1.6062506583120044,-1.8528618617215098,-1.7840303161233793,3.314410862750739,0.0055322872459369656,1.062928161525019,2.146411737447959,-1.2823949884946426,-2.6596533689641197,2.3432856770644137,0.2024572199493928,-1.8441262178893725,-1.122208192536881,-0.284913317582259,-0.15252524111290716,2.761297054987024,1.6856501407535747,0.4562925740829587,-0.02036081950901326,1.4609364924574402
-0.729974545540494,-2.514015795710987,-6.415401413736927,-13.282559556313874,-3.090320516798578,12.168715273404098,0.27087797818039305,1.664380492561137,2.963229425876091,0.7359404584431649,6.024253500194589,7.526340567975388,6.669285478934799,-13.247589288375279,-1.4214438606111977,-4.289729393351931,-8.39335525287183,5.1892036159447095,10.825794061017396,-8.78533152282443,-0.5363002928991609,7.128650039110972,4.58511584567911,0.4700519173281488,-0.1793045122069161,-11.562639615060393,-6.670081675614723,-1.2797881672069908,-0.27082346335552165,-5.63076507789187
-0.20320250264138734,-0.6548021063078181,-0.2942971119751796,-0.3095580245527485,-9.269262208040439e-4,0.27087797818039305,0.1869712239270596,-0.3918411050146141,0.1372353755327595,-0.061373856300603415,-0.05068970238664637,0.31938590350276674,-0.0922767576404894,-0.41785709541302934,-0.9646099795894516,-0.16316106998158342,-0.16269879907081963,0.20693196989249943,0.4656482779921675,0.0974050710566239,0.15756608257274,0.06589858289880508,0.22640232603627897,-0.4254972649246872,-0.5285794986759594,-0.7053666248061943,-0.15469815568485853,0.31606520111713565,-0.2331043612145097,-0.047744740581779514
0.3786178788885076,1.1266179563080938,-0.4958366853954243,-1.7926997826988385,-0.5789424135161119,1.664380492561137,-0.3918411050146141,1.3372705103299427,0.22473122956555486,0.26825547258238114,1.2611239067054874,0.6571716183148895,1.5242952133290815,-1.514347011674597,2.1205394440669583,-0.40645359078601345,-1.2067574113832438,0.4886549269704823,0.9461022640760934,-1.9159601931244605,-0.5025403244100136,1.2161783177071457,0.3149878839590432,1.1378150430168146,1.2528027594291098,-0.5054863981430446,-0.9278193221874721,-1.024001822515973,0.5102829871814119,-1.0022908165840119
-0.2561166070217665,-0.8571828863279807,-1.6255574672247548,-3.2389209013561437,-0.7232288105920439,2.963229425876091,0.1372353755327595,0.22473122956555486,0.7527047653489636,0.1484210160564798,1.3913201831057145,1.8946537308276417,1.5229940404110691,-3.276159288591874,-0.7301531749383265,-1.0743818615239602,-2.0321197769123254,1.3003275580608027,2.7262730280804144,-2.02029964890907,-0.05909935786343005,1.696603117727189,1.1664109461722796,-0.0637280631940827,-0.25542100252646205,-2.996343425932789,-1.6242795258083154,-0.1707375377890536,-0.15784837516633426,-1.3325595538368906
0.030546906834383304,0.10135175622104177,-0.3254721801343937,-0.7954159358173161,-0.2220884125103424,0.7359404584431649,-0.061373856300603415,0.26825547258238114,0.1484210160564798,0.08450504889250786,0.44857503399454773,0.3908010985205986,0.5008584508720433,-0.7471109962266843,0.3027786332150365,-0.23275479713807967,-0.5211763925416069,0.2746304138807357,0.5554425019583205,-0.6557454108801404,-0.10286020354496184,0.46717353480803536,0.22894001439242898,0.21131235226422823,0.2104669556394689,-0.5046440721615476,-0.392470933852905,-0.2218457957470603,0.08208958495634992,-0.36775822305808203
-0.16989444735286796,-0.6265062328234541,-3.019484697402783,-6.560993760995069,-1.6062506583120044,6.024253500194589,-0.05068970238664637,1.2611239067054874,1.3913201831057145,0.44857503399454773,3.1773333655526925,3.5693285962608723,3.5491460694767323,-6.429693388747844,0.25696757723967295,-2.053076488320583,-4.184728923638796,2.4747237901714794,5.12581169108518,-4.651062794211298,-0.4416759416016674,3.6237176898696277,2.146009899623516,0.6810149027591981,0.449133990350042,-5.260473706014884,-3.291836608501253,-0.9881449719962332,0.10127079643761511,-2.8701654982792495
-0.613565265527676,-2.0677305437265825,-4.0987746118117006,-8.226156740628358,-1.8528618617215098,7.526340567975388,0.31938590350276674,0.6571716183148895,1.8946537308276417,0.3908010985205986,3.5693285962608723,4.785280772961443,3.917032136136778,-8.299422650767353,-1.6794031303438186,-2.713424647845585,-5.169477086745958,3.2877050533172163,6.887102276566793,-5.1840741617809165,-0.18441792997445075,4.328884208347279,2.9420189543246287,-0.08199239054645815,-0.5573278570044821,-7.532131501060994,-4.128465444391616,-0.49662355300354055,-0.3607876371490937,-3.4111758174812286
-0.13536840549251414,-0.5565280494064272,-3.303919618084356,-7.26516283828614,-1.7840303161233793,6.669285478934799,-0.0922767576404894,1.5242952133290815,1.5229940404110691,0.5008584508720433,3.5491460694767323,3.917032136136778,3.9947097649525847,-7.093551930044452,0.5107411790895162,-2.2517665838724845,-4.634262150723978,2.7203277328271933,5.632540623456171,-5.214404574254413,-0.532563188212134,4.039961338929133,2.3405380164081415,0.8565887497544344,0.6154224702318921,-5.73314589699765,-3.6599163624919946,-1.1749664706365814,0.15859592854129878,-3.212003658965434
0.9248924953861787,3.152923655822755,7.090020988475527,14.469637902075794,3.314410862750739,-13.247589288375279,-0.41785709541302934,-1.514347011674597,-3.276159288591874,-0.7471109962266843,-6.429693388747844,-8.299422650767353,-7.093551930044452,14.509191138786072,2.19476136905213,4.7187601714759335,9.117990210195636,-5.713129057599481,-11.942730640673648,9.361857836021864,0.4643464439459959,-7.696690339476203,-5.075668118816422,-0.21038309624803073,0.5563462574085881,12.898139246601596,7.266677097310143,1.1544884766964758,0.4526043538554316,6.0731228093082175
1.0901773300652438,3.4512709398434147,1.5590519886747525,1.6144220603430133,0.0055322872459369656,-1.4214438606111977,-0.9646099795894516,2.1205394440669583,-0.7301531749383265,0.3027786332150365,0.25696757723967295,-1.6794031303438186,0.5107411790895162,2.19476136905213,5.107450509122791,0.8755505888670825,0.8464711719010398,-1.084957338828887,-2.4341890107943325,-0.511154826138401,-0.8475019524629247,-0.3313750536904717,-1.1913968076343002,2.243055417648443,2.7685335776544333,3.687855395800241,0.7839355944049747,-1.6688311476938273,1.2192533794137133,0.19941628961355198
0.3351196910518729,1.1240782463366117,2.323767312876913,4.685989127209334,1.062928161525019,-4.289729393351931,-0.16316106998158342,-0.40645359078601345,-1.0743818615239602,-0.23275479713807967,-2.053076488320583,-2.713424647845585,-2.2517665838724845,4.7187601714759335,0.8755505888670825,1.5426270677398752,2.9479508724046135,-1.865017635639351,-3.902788935861879,2.9822591339230864,0.11869231769573688,-2.4740706512891224,-1.6656098677838969,0.006912626006065546,0.2678123245289582,4.249166563927903,2.3484848536548433,0.3140121007284666,0.18381057130975217,1.944845677333696
0.4772348112602853,1.6476403215238142,4.402595704403083,9.15962225236505,2.146411737447959,-8.39335525287183,-0.16269879907081963,-1.2067574113832438,-2.0321197769123254,-0.5211763925416069,-4.184728923638796,-5.169477086745958,-4.634262150723978,9.117990210195636,0.8464711719010398,2.9479508724046135,5.7973269653535136,-3.565984790112671,-7.433094766183004,6.101365582736047,0.39588991450148453,-4.9300169446640005,-3.1488841864371007,-0.38554449703988264,0.05149622227655739,7.9096609271665566,4.5973507421034165,0.9317603897556714,0.15293887129368106,3.8987699208397797
-0.40780586538057684,-1.379491600020366,-2.8139001118722793,-5.671104750234879,-1.2823949884946426,5.1892036159447095,0.20693196989249943,0.4886549269704823,1.3003275580608027,0.2746304138807357,2.4747237901714794,3.2877050533172163,2.7203277328271933,-5.713129057599481,-1.084957338828887,-1.865017635639351,-3.565984790112671,2.2600392071579427,4.732163051979499,-3.5966483303456536,-0.14072989254326287,2.992382254302676,2.0185021488788757,-0.022739576568142517,-0.34428721577802324,-5.159813398521989,-2.8474109243884946,-0.3690829685076239,-0.23181348066513907,-2.3598764795500164
-0.8834583085664809,-2.989263331674917,-5.897906968896679,-11.834645960699206,-2.6596533689641197,10.825794061017396,0.4656482779921675,0.9461022640760934,2.7262730280804144,0.5554425019583205,5.12581169108518,6.887102276566793,5.632540623456171,-11.942730640673648,-2.4341890107943325,-3.902788935861879,-7.433094766183004,4.732163051979499,9.916104654459716,-7.448897625551881,-0.26264475955951894,6.227055602250238,4.231789337349508,-0.12732567264619088,-0.8150915256656498,-10.850050912075146,-5.945144850383595,-0.7064967858553194,-0.5270174735130548,-4.91089648144469
0.21619696316827625,0.8305309872567355,4.380531777795335,9.568555123792981,2.3432856770644137,-8.78533152282443,0.0974050710566239,-1.9159601931244605,-2.02029964890907,-0.6557454108801404,-4.651062794211298,-5.1840741617809165,-5.214404574254413,9.361857836021864,-0.511154826138401,2.9822591339230864,6.101365582736047,-3.5966483303456536,-7.448897625551881,6.82274921454213,0.6693048269743488,-5.301178480044338,-3.106455268671589,-1.0557043511106705,-0.728796494727943,7.615924935712476,4.809844074299151,1.4904324155367243,-0.17601893694024218,4.2023212699549015
-0.15407037688814013,-0.4699832296043046,0.13291212005827913,0.5745940164251739,0.2024572199493928,-0.5363002928991609,0.15756608257274,-0.5025403244100136,-0.05909935786343005,-0.10286020354496184,-0.4416759416016674,-0.18441792997445075,-0.532563188212134,0.4643464439459959,-0.8475019524629247,0.11869231769573688,0.39588991450148453,-0.14072989254326287,-0.26264475955951894,0.6693048269743488,0.1927611323903245,-0.40717763274166796,-0.08205810875835273,-0.4432361176657253,-0.49540600222928183,0.08147102724937885,0.29443874029026895,0.39070375773921845,-0.20588363399319573,0.3365307294161212
-0.32383199461586804,-1.1552535842599208,-3.6754955141374377,-7.77633277251695,-1.8441262178893725,7.128650039110972,0.06589858289880508,1.2161783177071457,1.696603117727189,0.46717353480803536,3.6237176898696277,4.328884208347279,4.039961338929133,-7.696690339476203,-0.3313750536904717,-2.4740706512891224,-4.9300169446640005,2.992382254302676,6.227055602250238,-5.301178480044338,-0.40717763274166796,4.229059909194232,2.618706765408312,0.5077630850693854,0.170841087315717,-6.541282009095909,-3.911585473890734,-0.9332051859032546,-0.040386433169319,-3.3503614257849836
-0.4098186676684175,-1.3653272573330615,-2.5244798234016077,-5.012604796846593,-1.122208192536881,4.58511584567911,0.22640232603627897,0.3149878839590432,1.1664109461722796,0.22894001439242898,2.146009899623516,2.9420189543246287,2.3405380164081415,-5.075668118816422,-1.1913968076343002,-1.6656098677838969,-3.1488841864371007,2.0185021488788757,4.231789337349508,-3.106455268671589,-0.08205810875835273,2.618706765408312,1.8187507982515847,-0.128907281491525,-0.433867760986911,-4.663958287196769,-2.510421695203259,-0.24085505269811391,-0.25766606259789104,-2.0623747232839986
0.4382568983305366,1.3726526327326427,0.12810575365879653,-0.4830084951730452,-0.284913317582259,0.4700519173281488,-0.4254972649246872,1.1378150430168146,-0.0637280631940827,0.21131235226422823,0.6810149027591981,-0.08199239054645815,0.8565887497544344,-0.21038309624803073,2.243055417648443,0.006912626006065546,-0.38554449703988264,-0.022739576568142517,-0.12732567264619088,-1.0557043511106705,-0.4432361176657253,0.5077630850693854,-0.128907281491525,1.0885458908291332,1.2738627110384588,0.6429748395298458,-0.25292999454869103,-0.8955014416094547,0.5427458711921892,-0.42615284434404577
0.5663330412786768,1.7969146530208584,0.542946032306205,0.23338871222038057,-0.15252524111290716,-0.1793045122069161,-0.5285794986759594,1.2528027594291098,-0.25542100252646205,0.2104669556394689,0.449133990350042,-0.5573278570044821,0.6154224702318921,0.5563462574085881,2.7685335776544333,0.2678123245289582,0.05149622227655739,-0.34428721577802324,-0.8150915256656498,-0.728796494727943,-0.49540600222928183,0.170841087315717,-0.433867760986911,1.2738627110384588,1.5384663534924423,1.4782408853866844,0.10780913865467699,-0.9940227034995894,0.6676702761677118,-0.1592621335402655
1.1631424030726192,3.889075558055247,6.476912678036353,12.654959997759171,2.761297054987024,-11.562639615060393,-0.7053666248061943,-0.5054863981430446,-2.996343425932789,-0.5046440721615476,-5.260473706014884,-7.532131501060994,-5.73314589699765,12.898139246601596,3.687855395800241,4.249166563927903,7.9096609271665566,-5.159813398521989,-10.850050912075146,7.615924935712476,0.08147102724937885,-6.541282009095909,-4.663958287196769,0.6429748395298458,1.4782408853866844,12.106734582207034,6.353623813591299,0.3537092383338046,0.8258933803853314,5.147978322086977
0.3959256778549624,1.3877308003200288,3.5157673836265073,7.284546640367455,1.6856501407535747,-6.670081675614723,-0.15469815568485853,-0.9278193221874721,-1.6242795258083154,-0.392470933852905,-3.291836608501253,-4.128465444391616,-3.6599163624919946,7.266677097310143,0.7839355944049747,2.3484848536548433,4.5973507421034165,-2.8474109243884946,-5.945144850383595,4.809844074299151,0.29443874029026895,-3.911585473890734,-2.510421695203259,-0.25292999454869103,0.10780913865467699,6.353623813591299,3.669324685091987,0.6977426896859813,0.15600766870178828,3.0984327699478627
-0.29209701513622116,-0.8988500834443695,0.37718167373912503,1.3730137393339197,0.4562925740829587,-1.2797881672069908,0.31606520111713565,-1.024001822515973,-0.1707375377890536,-0.2218457957470603,-0.9881449719962332,-0.49662355300354055,-1.1749664706365814,1.1544884766964758,-1.6688311476938273,0.3140121007284666,0.9317603897556714,-0.3690829685076239,-0.7064967858553194,1.4904324155367243,0.39070375773921845,-0.9332051859032546,-0.24085505269811391,-0.8955014416094547,-0.9940227034995894,0.3537092383338046,0.6977426896859813,0.8042563449845782,-0.40954311902655055,0.7577455355222168
0.25501742411204437,0.8179395845611559,0.33657710758117826,0.31266373452545426,-0.02036081950901326,-0.27082346335552165,-0.2331043612145097,0.5102829871814119,-0.15784837516633426,0.08208958495634992,0.10127079643761511,-0.3607876371490937,0.15859592854129878,0.4526043538554316,1.2192533794137133,0.18381057130975217,0.15293887129368106,-0.23181348066513907,-0.5270174735130548,-0.17601893694024218,-0.20588363399319573,-0.040386433169319,-0.25766606259789104,0.5427458711921892,0.6676702761677118,0.8258933803853314,0.15600766870178828,-0.40954311902655055,0.29482553861470007,0.021271564270303363
0.2391607357013893,0.8778866176834171,2.8907056470895065,6.145040024152838,1.4609364924574402,-5.63076507789187,-0.047744740581779514,-1.0022908165840119,-1.3325595538368906,-0.36775822305808203,-2.8701654982792495,-3.4111758174812286,-3.212003658965434,6.0731228093082175,0.19941628961355198,1.944845677333696,3.8987699208397797,-2.3598764795500164,-4.91089648144469,4.2023212699549015,0.3365307294161212,-3.3503614257849836,-2.0623747232839986,-0.42615284434404577,-0.1592621335402655,5.147978322086977,3.0984327699478627,0.7577455355222168,0.021271564270303363,2.668601050219657
