V1,V2,V3,V4,V5,V6,V7,V8,V9,V10,V11,V12,V13,V14,V15,V16,V17,V18,V19,V20,V21,V22,V23,V24,V25,V26,V27,V28,V29,V30
53.78056975766704,-10.125828612860563,-12.100244084751434,-28.53998669096779,58.58771842950992,79.06936386248549,-37.92846692425815,-13.7511579012197,42.26464691900488,-16.50427005608813,-36.9568717228915,33.542929458697266,4.09012846866564,-1.9654739563340748,32.777436067367944,34.04875072897305,4.604426241448927,-3.0483924641437716,22.812510898289514,-12.619870378600773,-83.45247557101732,-28.3403894262901,66.07646242690377,27.816622239074714,20.669670959961472,-5.982943213249862,-37.933877080109745,-16.719307381741334,-83.60842233158968,34.85680133874513
-10.125828612860563,2.7282066601116903,2.5056438217131975,4.953275281657436,-11.170278042852066,-14.822842006294463,6.924714330873283,2.4914610388718983,-7.989537008883031,3.0154452777558767,6.953277600276934,-6.315368285660413,-0.5213736098927548,0.5814093321450335,-6.150910948733247,-6.239671790127286,-1.0395976902018296,0.47152620392437333,-4.201747032100662,2.3627216203446717,15.29017720415288,5.753056352588928,-12.346359392670317,-5.4584098344296015,-3.557767380264144,1.2183609094910934,7.177869514800079,2.5364874133647928,15.495759531702607,-6.575947145321661
-12.100244084751434,2.5056438217131975,3.1561990754173093,6.655105951744526,-13.103152267540288,-18.10284570764783,8.746668821788472,3.2786648138319845,-9.78723403416383,3.6612763295979605,8.531316525086885,-7.36470197878086,-0.8658961753143778,0.394023608745258,-7.585238463125613,-7.737917863160469,-0.992746067509911,0.48714543102522895,-5.15015818994821,2.81264940972665,18.784860064780187,6.48381076813595,-15.071045846671026,-6.2728137957295544,-4.811537906125444,1.1421795516718618,8.425312536394292,3.53370222185555,18.978486421828293,-8.04315396902046
-28.53998669096779,4.953275281657436,6.655105951744526,16.252501584049664,-31.071511549065796,-42.18658666685281,20.67353638448504,7.9309134877640615,-23.23066328451526,8.800258428367117,20.088207417312546,-17.338000781817907,-2.2818767500185775,0.3021311086932167,-17.595301048375124,-18.37541634178657,-2.0858659410001628,1.4806269604892337,-12.032023840458171,6.279298128882343,44.63043559683246,14.234551757125287,-35.14525143504968,-14.358187164843308,-11.836610686214993,2.760742349601649,19.813759428761898,9.387870279013649,45.073947682922864,-18.538401253925354
58.58771842950992,-11.170278042852066,-13.103152267540288,-31.071511549065796,64.09542902882856,85.83483682131457,-41.230274236956554,-15.110030759227858,46.258589720939604,-17.956279173473703,-40.31735580510716,36.56809602121665,4.361852125911225,-1.983841798115522,35.53872311215843,37.073958802398614,4.9623993668576585,-3.4130708038172126,24.684515506874853,-13.508111521157671,-90.81065107111255,-30.57919238535151,71.80057642502587,30.25124188322901,22.573395500827594,-6.592256919754132,-41.306669236268924,-18.275078398266885,-91.2278857874172,37.741937507653276
79.06936386248549,-14.822842006294463,-18.10284570764783,-42.18658666685281,85.83483682131457,117.16187178036084,-56.153181450653754,-19.984623555047484,62.30307220138183,-24.51844879526241,-54.66444386886908,48.773806019191994,6.251736327190256,-3.0233409625477314,48.695252446688485,50.2892741140027,7.051366640356889,-4.15991239715066,33.934997539137576,-18.93487591831334,-123.0299212368193,-42.07036529981591,97.44327095372157,40.932774435332526,30.601214585594192,-8.568644162774099,-55.7765206145933,-24.62996918434578,-122.79979041834697,51.80409102932027
-37.92846692425815,6.924714330873283,8.746668821788472,20.67353638448504,-41.230274236956554,-56.153181450653754,27.159842253280516,9.9050375687978,-30.30157179363457,11.780462953878352,26.45152131211274,-23.168502660302433,-3.0468181633192963,1.045164525525189,-23.344311901283433,-24.175747141445214,-3.1809017347844963,1.9967887697992135,-16.15431899941899,8.804569744454788,59.132361163638116,19.647972687511654,-46.66836077879668,-19.432114029093654,-15.072758260962264,3.9316729331948412,26.594065902555588,12.114394517504026,59.21239981472917,-24.75092541424576
-13.7511579012197,2.4914610388718983,3.2786648138319845,7.9309134877640615,-15.110030759227858,-19.984623555047484,9.9050375687978,4.137832812218781,-11.330097391514931,4.079405746437614,9.648635585326721,-8.519216490600076,-0.9485290234131848,-0.051219638922694204,-8.311282968256698,-8.786409211921056,-0.7883089773841789,0.7836004431504036,-5.561354073972435,2.744344375572001,21.373904922606492,6.575020765636231,-16.870772688737816,-6.856077824708255,-5.76715134979345,1.3060844256579227,9.43577389513595,4.45225520184415,21.965574157035846,-8.712794321036718
42.26464691900488,-7.989537008883031,-9.78723403416383,-23.23066328451526,46.258589720939604,62.30307220138183,-30.30157179363457,-11.330097391514931,34.56638857748146,-13.248032199797255,-29.807815508235766,25.28291262672044,3.286148515516476,-0.6782325805061313,25.852472958203904,26.88823337064303,3.4896616701398764,-2.2561477433129853,17.79518855440759,-9.32773275602588,-65.78574038757932,-21.140154977887565,51.589495130048114,21.362132510603193,17.211210505853618,-4.239054635465514,-29.441036493635274,-13.752507491322769,-66.21314014724435,27.28405263134729
-16.50427005608813,3.0154452777558767,3.6612763295979605,8.800258428367117,-17.956279173473703,-24.51844879526241,11.780462953878352,4.079405746437614,-13.248032199797255,5.344727264996294,11.578831968818257,-9.789685063805042,-1.4168707745825853,0.4844325116556822,-10.145722137280295,-10.487564584968059,-1.5953465137130967,0.884789603221865,-7.139281194461578,3.908808839189831,25.786147023797863,8.501431695565676,-20.11981836373255,-8.40859960496568,-6.568036233420313,1.7429256069443437,11.611321618225286,5.4706293464919105,25.537204695247915,-10.765512734688324
-36.9568717228915,6.953277600276934,8.531316525086885,20.088207417312546,-40.31735580510716,-54.66444386886908,26.45152131211274,9.648635585326721,-29.807815508235766,11.578831968818257,25.948752585893896,-22.30728661524185,-2.9311183765234405,0.9009028050550938,-22.685481903751494,-23.51810313884784,-3.17216224944551,1.937619683999857,-15.699072678408271,8.438811274465621,57.549336504734704,18.953230661485748,-45.283555819157336,-18.875642930594296,-14.789144240567568,3.8179562662194213,25.879949452211363,11.872681034984911,57.659022431671836,-24.026723857734464
33.542929458697266,-6.315368285660413,-7.36470197878086,-17.338000781817907,36.56809602121665,48.773806019191994,-23.168502660302433,-8.519216490600076,25.28291262672044,-9.789685063805042,-22.30728661524185,22.283798228865173,2.3032646590821146,-1.8126096178752686,20.210461815696664,21.196439574787288,2.673426740650408,-2.1234687860184844,14.08529477693099,-8.082778423856395,-51.75420186586962,-18.40556498346135,41.57444118309764,17.743169233600614,12.10216890586689,-4.17914006565068,-23.924009023262403,-9.770267355195399,-52.152372343409134,21.612153665543417
4.09012846866564,-0.5213736098927548,-0.8658961753143778,-2.2818767500185775,4.361852125911225,6.251736327190256,-3.0468181633192963,-0.9485290234131848,3.286148515516476,-1.4168707745825853,-2.9311183765234405,2.3032646590821146,0.49309026935250866,-0.09194790986145537,2.602206325718369,2.6499665444528127,0.426592112970257,-0.20044093556734516,1.85933313699646,-1.0594639154444818,-6.553771392958115,-2.073351618376401,5.016464874705456,2.051864144276201,1.7197232852837063,-0.381799466073909,-2.8838285481810453,-1.5507190338294528,-6.305779012166238,2.7555682629079956
-1.9654739563340748,0.5814093321450335,0.394023608745258,0.3021311086932167,-1.983841798115522,-3.0233409625477314,1.045164525525189,-0.051219638922694204,-0.6782325805061313,0.4844325116556822,0.9009028050550938,-1.8126096178752686,-0.09194790986145537,0.8924968996111825,-1.2688961521853332,-1.1887054182935526,-0.45587942224944705,0.11109905356302185,-1.0544315039637238,1.0402211887135149,2.8857112031798158,2.094014503841801,-2.7158211435181943,-1.4433934393391732,0.005351255780044709,0.5373314322922728,1.7155941761293239,0.009987834952809607,2.569401034321991,-1.5149460555267213
32.777436067367944,-6.150910948733247,-7.585238463125613,-17.595301048375124,35.53872311215843,48.695252446688485,-23.344311901283433,-8.311282968256698,25.852472958203904,-10.145722137280295,-22.685481903751494,20.210461815696664,2.602206325718369,-1.2688961521853332,20.291505847680018,20.915407023173085,2.926394928774024,-1.6597361684677667,14.108889654541796,-7.895063783377566,-51.03055484923607,-17.539643549278868,40.48740120295651,16.98005774780474,12.717050736752347,-3.509185958575286,-23.116698385382286,-10.153169042179456,-50.96159510309596,21.56891178400656
34.04875072897305,-6.239671790127286,-7.737917863160469,-18.37541634178657,37.073958802398614,50.2892741140027,-24.175747141445214,-8.786409211921056,26.88823337064303,-10.487564584968059,-23.51810313884784,21.196439574787288,2.6499665444528127,-1.1887054182935526,20.915407023173085,21.79242017707539,2.899646432835343,-1.8542302276843823,14.54363626348163,-8.01542350365756,-53.01594759539136,-17.931149097898196,42.001566193265525,17.546070446561043,13.289054860299247,-3.7265841426304918,-24.007598247528335,-10.69756814487539,-53.157362714302025,22.195677484072306
4.604426241448927,-1.0395976902018296,-0.992746067509911,-2.0858659410001628,4.9623993668576585,7.051366640356889,-3.1809017347844963,-0.7883089773841789,3.4896616701398764,-1.5953465137130967,-3.17216224944551,2.673426740650408,0.426592112970257,-0.45587942224944705,2.926394928774024,2.899646432835343,0.7377859165653241,-0.1851453063679332,2.154514238019622,-1.3732655220325787,-7.157976152980771,-2.8156794277453354,5.625554106545625,2.5017476839604966,1.5753009741414377,-0.5920543784866524,-3.370619571013612,-1.357705187473654,-6.796091365147736,3.1639864097326496
-3.0483924641437716,0.47152620392437333,0.48714543102522895,1.4806269604892337,-3.4130708038172126,-4.15991239715066,1.9967887697992135,0.7836004431504036,-2.2561477433129853,0.884789603221865,1.937619683999857,-2.1234687860184844,-0.20044093556734516,0.11109905356302185,-1.6597361684677667,-1.8542302276843823,-0.1851453063679332,0.33402626263093105,-1.1894054550321147,0.640801016935833,4.67160249169051,1.4499502788699974,-3.6352462173473405,-1.5627105723674668,-1.0662780342924996,0.46032938030118997,2.1884242804374114,1.0219974581749556,4.740390742262617,-1.7744542831055048
22.812510898289514,-4.201747032100662,-5.15015818994821,-12.032023840458171,24.684515506874853,33.934997539137576,-16.15431899941899,-5.561354073972435,17.79518855440759,-7.139281194461578,-15.699072678408271,14.08529477693099,1.85933313699646,-1.0544315039637238,14.108889654541796,14.54363626348163,2.154514238019622,-1.1894054550321147,9.953081763108589,-5.647398346026634,-35.550044097424056,-12.365359227803834,28.16563784750726,11.855863180064427,8.72302097794545,-2.521009642769612,-16.18371893186852,-7.115822969725056,-35.274213160079796,15.033010043642053
-12.619870378600773,2.3627216203446717,2.81264940972665,6.279298128882343,-13.508111521157671,-18.93487591831334,8.804569744454788,2.744344375572001,-9.32773275602588,3.908808839189831,8.438811274465621,-8.082778423856395,-1.0594639154444818,1.0402211887135149,-7.895063783377566,-8.01542350365756,-1.3732655220325787,0.640801016935833,-5.647398346026634,3.5111011699921613,19.64014658708562,7.450555075078136,-15.773519262573295,-6.802994201862303,-4.414186143552726,1.5490071633062514,9.130049725660461,3.6476434489623983,19.217756812360232,-8.514517476976048
-83.45247557101732,15.29017720415288,18.784860064780187,44.63043559683246,-90.81065107111255,-123.0299212368193,59.132361163638116,21.373904922606492,-65.78574038757932,25.786147023797863,57.549336504734704,-51.75420186586962,-6.553771392958115,2.8857112031798158,-51.03055484923607,-53.01594759539136,-7.157976152980771,4.67160249169051,-35.550044097424056,19.64014658708562,129.86438298678544,43.74641454804633,-102.62685397614666,-43.008285435312324,-32.42604882485445,9.12962449282979,58.802927446989536,26.362012709625173,129.90129413058926,-54.23406166484321
-28.3403894262901,5.753056352588928,6.48381076813595,14.234551757125287,-30.57919238535151,-42.07036529981591,19.647972687511654,6.575020765636231,-21.140154977887565,8.501431695565676,18.953230661485748,-18.40556498346135,-2.073351618376401,2.094014503841801,-17.539643549278868,-17.931149097898196,-2.8156794277453354,1.4499502788699974,-12.365359227803834,7.450555075078136,43.74641454804633,16.574332823960585,-35.337462765690304,-15.287785964137948,-9.921751542699777,3.4933014409328518,20.385003342852066,7.85408291970397,43.43632051623137,-18.847768422895776
66.07646242690377,-12.346359392670317,-15.071045846671026,-35.14525143504968,71.80057642502587,97.44327095372157,-46.66836077879668,-16.870772688737816,51.589495130048114,-20.11981836373255,-45.283555819157336,41.57444118309764,5.016464874705456,-2.7158211435181943,40.48740120295651,42.001566193265525,5.625554106545625,-3.6352462173473405,28.16563784750726,-15.773519262573295,-102.62685397614666,-35.337462765690304,81.63815473860187,34.34739219508209,25.24899201734503,-7.359042280021074,-46.688525186983256,-20.239178842650446,-102.82079353499319,43.1126346846527
27.816622239074714,-5.4584098344296015,-6.2728137957295544,-14.358187164843308,30.25124188322901,40.932774435332526,-19.432114029093654,-6.856077824708255,21.362132510603193,-8.40859960496568,-18.875642930594296,17.743169233600614,2.051864144276201,-1.4433934393391732,16.98005774780474,17.546070446561043,2.5017476839604966,-1.5627105723674668,11.855863180064427,-6.802994201862303,-43.008285435312324,-15.287785964137948,34.34739219508209,14.687694151594524,10.22769119088788,-3.288052144577833,-19.793905555589795,-8.219131620694123,-42.985432986185444,18.151995744854872
20.669670959961472,-3.557767380264144,-4.811537906125444,-11.836610686214993,22.573395500827594,30.601214585594192,-15.072758260962264,-5.76715134979345,17.211210505853618,-6.568036233420313,-14.789144240567568,12.10216890586689,1.7197232852837063,0.005351255780044709,12.717050736752347,13.289054860299247,1.5753009741414377,-1.0662780342924996,8.72302097794545,-4.414186143552726,-32.42604882485445,-9.921751542699777,25.24899201734503,10.22769119088788,8.851111663742705,-1.8860003247950365,-14.260072889404261,-7.115315532780204,-32.65654008760683,13.353811651413693
-5.982943213249862,1.2183609094910934,1.1421795516718618,2.760742349601649,-6.592256919754132,-8.568644162774099,3.9316729331948412,1.3060844256579227,-4.239054635465514,1.7429256069443437,3.8179562662194213,-4.17914006565068,-0.381799466073909,0.5373314322922728,-3.509185958575286,-3.7265841426304918,-0.5920543784866524,0.46032938030118997,-2.521009642769612,1.5490071633062514,9.12962449282979,3.4933014409328518,-7.359042280021074,-3.288052144577833,-1.8860003247950365,0.9446368982420597,4.397576703202738,1.637440100691516,9.108657112772285,-3.802043532733618
-37.933877080109745,7.177869514800079,8.425312536394292,19.813759428761898,-41.306669236268924,-55.7765206145933,26.594065902555588,9.43577389513595,-29.441036493635274,11.611321618225286,25.879949452211363,-23.924009023262403,-2.8838285481810453,1.7155941761293239,-23.116698385382286,-24.007598247528335,-3.370619571013612,2.1884242804374114,-16.18371893186852,9.130049725660461,58.802927446989536,20.385003342852066,-46.688525186983256,-19.793905555589795,-14.260072889404261,4.397576703202738,26.929484422896554,11.619212728445175,58.7640748847786,-24.639660848781016
-16.719307381741334,2.5364874133647928,3.53370222185555,9.387870279013649,-18.275078398266885,-24.62996918434578,12.114394517504026,4.45225520184415,-13.752507491322769,5.4706293464919105,11.872681034984911,-9.770267355195399,-1.5507190338294528,0.009987834952809607,-10.153169042179456,-10.69756814487539,-1.357705187473654,1.0219974581749556,-7.115822969725056,3.6476434489623983,26.362012709625173,7.85408291970397,-20.239178842650446,-8.219131620694123,-7.115315532780204,1.637440100691516,11.619212728445175,6.13783199232486,26.238084297616375,-10.671054943520666
-83.60842233158968,15.495759531702607,18.978486421828293,45.073947682922864,-91.2278857874172,-122.79979041834697,59.21239981472917,21.965574157035846,-66.21314014724435,25.537204695247915,57.659022431671836,-52.152372343409134,-6.305779012166238,2.569401034321991,-50.96159510309596,-53.157362714302025,-6.796091365147736,4.740390742262617,-35.274213160079796,19.217756812360232,129.90129413058926,43.43632051623137,-102.82079353499319,-42.985432986185444,-32.65654008760683,9.108657112772285,58.7640748847786,26.238084297616375,130.6788680708411,-54.05788849055463
34.85680133874513,-6.575947145321661,-8.04315396902046,-18.538401253925354,37.741937507653276,51.80409102932027,-24.75092541424576,-8.712794321036718,27.28405263134729,-10.765512734688324,-24.026723857734464,21.612153665543417,2.7555682629079956,-1.5149460555267213,21.56891178400656,22.195677484072306,3.1639864097326496,-1.7744542831055048,15.033010043642053,-8.514517476976048,-54.23406166484321,-18.847768422895776,43.1126346846527,18.151995744854872,13.353811651413693,-3.802043532733618,-24.639660848781016,-10.671054943520666,-54.05788849055463,23.000152598733486
