V1,V2,V3,V4,V5,V6,V7,V8,V9,V10,V11,V12,V13,V14,V15,V16,V17,V18,V19,V20,V21,V22,V23,V24,V25,V26,V27,V28,V29,V30
0.24612082246607236,0.779249989397736,0.42599244896157473,0.5327801279664868,0.04481398149715744,-0.47607677687701794,-0.21171969312802058,0.4364543447963749,-0.19871380566243704,0.054207951927978136,-0.029102846913968132,-0.4670141357505501,0.018062057720445536,0.6577766177318563,1.1226731018271097,0.24871990251039036,0.2994542950088589,-0.3062949552995866,-0.6753105689876637,0.011968502218796261,-0.17584828321108226,-0.1698425968609027,-0.32120727833517815,0.47786367907825067,0.5996059337033514,0.95592939204697,0.2609479187428666,-0.3421901330391927,0.26657279511316767,0.12007568755237359
0.779249989397736,2.4868765682357283,1.4250054723142103,1.8601664879245123,0.17962220787326635,-1.66371829651523,-0.6662509065940495,1.3366376796176613,-0.667338398673174,0.16459295590809667,-0.17147562211076434,-1.572542843945743,-0.038829883659017975,2.2502025861098143,3.5386338362933043,0.8428692274460432,1.0587358460011014,-1.033472681287906,-2.2733497811853898,0.16136946612408037,-0.5426517489974391,-0.6404129529594095,-1.0719336178183774,1.4900482592415383,1.886024813353325,3.163542900505896,0.9171052829279621,-1.0580162921260028,0.8403362759835928,0.46317359937926833
0.42599244896157473,1.4250054723142103,2.617963570967324,5.193599202825613,1.1557809766899714,-4.749925951444493,-0.23688599551360093,-0.32505398602482793,-1.2105817802600405,-0.23226683982955545,-2.216152528525074,-3.050303278227701,-2.422297968491319,5.262341174914089,1.24913806943284,1.7269607265717835,3.256883439422921,-2.092977189413526,-4.390546018285433,3.2131233182611383,0.08130868690415015,-2.712126463728351,-1.8814263492007994,0.13943123567970697,0.4559215539709562,4.842233712557687,2.6048447124767597,0.2441381169697241,0.2729089383081988,2.133522378610736
0.5327801279664868,1.8601664879245123,5.193599202825613,10.855762129608534,2.5473250768196958,-9.948004964029685,-0.16420992864161407,-1.5092592311004573,-2.3982991291393367,-0.6238725938004802,-4.983224838056022,-6.103608563621753,-5.53410632812109,10.790552378079898,0.8532186580874457,3.4831100979337215,6.870116105547836,-4.212920384745615,-8.779454268392186,7.277343711497567,0.4958482453474554,-5.860796260073261,-3.7072281687237694,-0.527491976811806,-0.02299536915472562,9.309430134782074,5.455372589069391,1.1590035459290404,0.14845412578811476,4.635646158948993
0.04481398149715744,0.17962220787326635,1.1557809766899714,2.5473250768196958,0.6316566746326356,-2.33962726249535,0.034614015476733734,-0.5391814034770699,-0.5310315520087334,-0.1804041150320974,-1.252112872135178,-1.3700504181717221,-1.4055473185866691,2.4842386174324127,-0.19814011528570474,0.7869251585026382,1.6281437972430652,-0.9522211656059182,-1.968894692298118,1.8350365568609286,0.1909328686535028,-1.4163523479617037,-0.8206432307034047,-0.30837432230987744,-0.22630325475247992,1.9998064536984967,1.2805632748592368,0.4201801402301007,-0.06132376846342772,1.127860274802451
-0.47607677687701794,-1.66371829651523,-4.749925951444493,-9.948004964029685,-2.33962726249535,9.117357788653672,0.13898734259858525,1.4110202425725937,2.192845416990187,0.5773906596198847,4.579799929526673,5.583443407660711,5.087935475668991,-9.8811649263759,-0.7201296168003927,-3.187112608195139,-6.297640180537864,3.8550698592416794,8.031041942358597,-6.688951400488127,-0.46565866507583686,5.376385428023001,3.389177284795692,0.512101898505368,0.05632729878407555,-8.502149757188038,-4.998975062312022,-1.0856317547449787,-0.12107102463332702,-4.252834043152838
-0.21171969312802058,-0.6662509065940495,-0.23688599551360093,-0.16420992864161407,0.034614015476733734,0.13898734259858525,0.19601135178983217,-0.44959063960218926,0.10942117476300717,-0.07038273548077323,-0.1255169475398262,0.2474319270144367,-0.18440423017688856,-0.282073450693425,-1.0185188508700447,-0.12154688346460055,-0.06888250405426828,0.15689632827965982,0.3611229025317427,0.2131760830658696,0.17738559352900476,-0.022897603013659177,0.18580319598389788,-0.4626698819463903,-0.561124192304432,-0.6079680261647765,-0.07770974942113291,0.3532072536780683,-0.24513249519807398,0.02640888570036135
0.4364543447963749,1.3366376796176613,-0.32505398602482793,-1.5092592311004573,-0.5391814034770699,1.4110202425725937,-0.44959063960218926,1.3952064294831297,0.14557910916282593,0.28270788989853274,1.1917612866057667,0.46023765047640364,1.4415273735096281,-1.2031481864041431,2.3884271961191574,-0.3037880512871544,-1.041911980818683,0.3549839006869452,0.6542708071495738,-1.8121159832695521,-0.5330762111694926,1.0883098698221483,0.19180694368890694,1.2417532231652049,1.3965392563626329,-0.137343248344047,-0.7751439415200492,-1.0866971927823823,0.5803589564908395,-0.8940747022975876
-0.19871380566243704,-0.667338398673174,-1.2105817802600405,-2.3982991291393367,-0.5310315520087334,2.192845416990187,0.10942117476300717,0.14557910916282593,0.5614426944291487,0.10550002158380983,1.0199108539417365,1.4106401826996697,1.114995949181879,-2.4311206887353456,-0.5873661855472834,-0.8001210112337316,-1.5034710153511965,0.9669195220331093,2.0296424375343314,-1.4808585444147746,-0.03519940757434913,1.2532793707267682,0.8698982342310952,-0.06829485462463548,-0.2161128617849152,-2.2401133439197243,-1.2028798248149069,-0.10781468011419565,-0.12803225532241788,-0.9836530831114774
0.054207951927978136,0.16459295590809667,-0.23226683982955545,-0.6238725938004802,-0.1804041150320974,0.5773906596198847,-0.07038273548077323,0.28270788989853274,0.10550002158380983,0.07170331228968332,0.3736194055661472,0.2851131488883127,0.43104154728769695,-0.5700923675890288,0.37357029657850904,-0.16976114048513463,-0.41064085039354575,0.20334657714645804,0.4078605246555706,-0.554358510408972,-0.10661809776181638,0.3813752621876359,0.1596157132177701,0.2273539243895917,0.23756470042885616,-0.33823614894194787,-0.3139834849100018,-0.22368428681214114,0.09383576066579227,-0.306522713012336
-0.029102846913968132,-0.17147562211076434,-2.216152528525074,-4.983224838056022,-1.252112872135178,4.579799929526673,-0.1255169475398262,1.1917612866057667,1.0199108539417365,0.3736194055661472,2.5041131761058577,2.6362981685058755,2.825940377593663,-4.826986179831976,0.6747643172777831,-1.5218265428925841,-3.192258549913493,1.8359917731838804,3.787565575386872,-3.6825818682688904,-0.4249408877909568,2.804299379214819,1.5657442001376625,0.7390260172297098,0.6049747464986708,-3.77902133448132,-2.508174795141288,-0.9273131350792946,0.18888534208384034,-2.231624899081582
-0.4670141357505501,-1.572542843945743,-3.050303278227701,-6.103608563621753,-1.3700504181717221,5.583443407660711,0.2474319270144367,0.46023765047640364,1.4106401826996697,0.2851131488883127,2.6362981685058755,3.55977607606729,2.8904278040805584,-6.164636794560027,-1.3044937631584306,-2.0181359349247594,-3.833886931557163,2.444542964143904,5.1231313386262665,-3.827872060599412,-0.12607659405141763,3.2064506403145594,2.19060160761114,-0.08771044294696266,-0.4462772750315768,-5.615331691110459,-3.0627806325472617,-0.3463642378595962,-0.2814977686674261,-2.5255217404879144
0.018062057720445536,-0.038829883659017975,-2.422297968491319,-5.53410632812109,-1.4055473185866691,5.087935475668991,-0.18440423017688856,1.4415273735096281,1.114995949181879,0.43104154728769695,2.825940377593663,2.8904278040805584,3.2035548591467538,-5.332169425411666,0.9906572464568022,-1.6723710533993097,-3.551915301317689,2.0167474751782057,4.153152912085672,-4.165474212311974,-0.5166682720090691,3.1417010570642625,1.70622032388309,0.9330536727994907,0.8048950963014594,-4.087446116376559,-2.7895233964492485,-1.1181552774926204,0.266334361582292,-2.5039524644788638
0.6577766177318563,2.2502025861098143,5.262341174914089,10.790552378079898,2.4842386174324127,-9.8811649263759,-0.282073450693425,-1.2031481864041431,-2.4311206887353456,-0.5700923675890288,-4.826986179831976,-6.164636794560027,-5.332169425411666,10.801108272832323,1.478783387814612,3.507413553543278,6.80568102063749,-4.245917901502149,-8.870030134290227,7.032055947276925,0.3757054176490974,-5.756596103034116,-3.765246056596836,-0.23038211594875224,0.3271642810208081,9.545379508897149,5.419464423576706,0.9194182667791737,0.29938914994999033,4.544617764379064
1.1226731018271097,3.5386338362933043,1.24913806943284,0.8532186580874457,-0.19814011528570474,-0.7201296168003927,-1.0185188508700447,2.3884271961191574,-0.5873661855472834,0.37357029657850904,0.6747643172777831,-1.3044937631584306,0.9906572464568022,1.478783387814612,5.390787051099914,0.6552490557640054,0.3529164079351577,-0.8212727692805613,-1.8962044282614878,-1.1313904463250994,-0.9456999653906938,0.11757404322308193,-0.9759544669791912,2.440638798152723,2.9613068347808147,3.193905277692581,0.39944864329813756,-1.8765169775070725,1.2912981478014733,-0.159252997401084
0.24871990251039036,0.8428692274460432,1.7269607265717835,3.4831100979337215,0.7869251585026382,-3.187112608195139,-0.12154688346460055,-0.3037880512871544,-0.8001210112337316,-0.16976114048513463,-1.5218265428925841,-2.0181359349247594,-1.6723710533993097,3.507413553543278,0.6552490557640054,1.1478821719705872,2.190943013475276,-1.3862427640313262,-2.902861578539109,2.214147704555625,0.08771021004465251,-1.8414914893589611,-1.2383907702544794,0.006960436778137411,0.20379677906487217,3.1615428622106148,1.7476092375922643,0.22975048742210408,0.13823276299653378,1.448248988386949
0.2994542950088589,1.0587358460011014,3.256883439422921,6.870116105547836,1.6281437972430652,-6.297640180537864,-0.06888250405426828,-1.041911980818683,-1.5034710153511965,-0.41064085039354575,-3.192258549913493,-3.833886931557163,-3.551915301317689,6.80568102063749,0.3529164079351577,2.190943013475276,4.356714157300804,-2.64871371907937,-5.512815329442613,4.665305100656931,0.34911645130727614,-3.729918557316827,-2.3241872214689763,-0.42071741574544624,-0.11707593773457349,5.804048719030415,3.4522562485314885,0.8020026108329928,0.0481702716107252,2.9539878461168807
-0.3062949552995866,-1.033472681287906,-2.092977189413526,-4.212920384745615,-0.9522211656059182,3.8550698592416794,0.15689632827965982,0.3549839006869452,0.9669195220331093,0.20334657714645804,1.8359917731838804,2.444542964143904,2.0167474751782057,-4.245917901502149,-0.8212727692805613,-1.3862427640313262,-2.64871371907937,1.6803494810147364,3.5185040108218835,-2.6671630610205854,-0.10176623764185844,2.2205930784043546,1.5016290554370881,-0.02417325316732545,-0.2639150031943381,-3.8399405713940045,-2.1146805757542966,-0.26898297183744807,-0.17572187056945368,-1.7509792098542174
-0.6753105689876637,-2.2733497811853898,-4.390546018285433,-8.779454268392186,-1.968894692298118,8.031041942358597,0.3611229025317427,0.6542708071495738,2.0296424375343314,0.4078605246555706,3.787565575386872,5.1231313386262665,4.153152912085672,-8.870030134290227,-1.8962044282614878,-2.902861578539109,-5.512815329442613,3.5185040108218835,7.3745608552704685,-5.498881387236505,-0.17781335149467212,4.608878110160562,3.1525493030774085,-0.1360518731015212,-0.6531543522673966,-8.087888815731224,-4.406637488607299,-0.49146185552072036,-0.4107662671180834,-3.631268634370537
0.011968502218796261,0.16136946612408037,3.2131233182611383,7.277343711497567,1.8350365568609286,-6.688951400488127,0.2131760830658696,-1.8121159832695521,-1.4808585444147746,-0.554358510408972,-3.6825818682688904,-3.827872060599412,-4.165474212311974,7.032055947276925,-1.1313904463250994,2.214147704555625,4.665305100656931,-2.6671630610205854,-5.498881387236505,5.424616576648138,0.646901006976257,-4.114049954160141,-2.266052859936847,-1.1486105469843453,-0.9650597238272736,5.451559953726019,3.6653835990028387,1.4066984752910894,-0.31068669766856016,3.2728951333861764
-0.17584828321108226,-0.5426517489974391,0.08130868690415015,0.4958482453474554,0.1909328686535028,-0.46565866507583686,0.17738559352900476,-0.5330762111694926,-0.03519940757434913,-0.10661809776181638,-0.4249408877909568,-0.12607659405141763,-0.5166682720090691,0.3757054176490974,-0.9456999653906938,0.08771021004465251,0.34911645130727614,-0.10176623764185844,-0.17781335149467212,0.646901006976257,0.2054290160311954,-0.37444256301009166,-0.04331268031017474,-0.48270232455357054,-0.5479420915232877,-0.029735511839309843,0.25460538592377846,0.41673695836408514,-0.22971125573445214,0.3100347949170359
-0.1698425968609027,-0.6404129529594095,-2.712126463728351,-5.860796260073261,-1.4163523479617037,5.376385428023001,-0.022897603013659177,1.0883098698221483,1.2532793707267682,0.3813752621876359,2.804299379214819,3.2064506403145594,3.1417010570642625,-5.756596103034116,0.11757404322308193,-1.8414914893589611,-3.729918557316827,2.2205930784043546,4.608878110160562,-4.114049954160141,-0.37444256301009166,3.230344890856979,1.9274385144911037,0.555510295968943,0.33331658945925036,-4.757688921448968,-2.948805481765552,-0.8374111317730389,0.05943913102819763,-2.5608139242360615
-0.32120727833517815,-1.0719336178183774,-1.8814263492007994,-3.7072281687237694,-0.8206432307034047,3.389177284795692,0.18580319598389788,0.19180694368890694,0.8698982342310952,0.1596157132177701,1.5657442001376625,2.19060160761114,1.70622032388309,-3.765246056596836,-0.9759544669791912,-1.2383907702544794,-2.3241872214689763,1.5016290554370881,3.1525493030774085,-2.266052859936847,-0.04331268031017474,1.9274385144911037,1.3559999380954537,-0.13950770472677568,-0.3746557979016695,-3.495017648033282,-1.858229062884834,-0.14234324163614256,-0.21455739001408236,-1.5175740716226107
0.47786367907825067,1.4900482592415383,0.13943123567970697,-0.527491976811806,-0.30837432230987744,0.512101898505368,-0.4626698819463903,1.2417532231652049,-0.06829485462463548,0.2273539243895917,0.7390260172297098,-0.08771044294696266,0.9330536727994907,-0.23038211594875224,2.440638798152723,0.006960436778137411,-0.42071741574544624,-0.02417325316732545,-0.1360518731015212,-1.1486105469843453,-0.48270232455357054,0.555510295968943,-0.13950770472677568,1.1840052498420643,1.3837112161612364,0.6966141729874488,-0.27830604450523644,-0.9732316657509007,0.5899173273626918,-0.4678620417444641
0.5996059337033514,1.886024813353325,0.4559215539709562,-0.02299536915472562,-0.22630325475247992,0.05632729878407555,-0.561124192304432,1.3965392563626329,-0.2161128617849152,0.23756470042885616,0.6049747464986708,-0.4462772750315768,0.8048950963014594,0.3271642810208081,2.9613068347808147,0.20379677906487217,-0.11707593773457349,-0.2639150031943381,-0.6531543522673966,-0.9650597238272736,-0.5479420915232877,0.33331658945925036,-0.3746557979016695,1.3837112161612364,1.6526738975831192,1.351906783433874,-0.026948477726770715,-1.0987111640043252,0.7123939748148618,-0.2966582105365831
0.95592939204697,3.163542900505896,4.842233712557687,9.309430134782074,1.9998064536984967,-8.502149757188038,-0.6079680261647765,-0.137343248344047,-2.2401133439197243,-0.33823614894194787,-3.77902133448132,-5.615331691110459,-4.087446116376559,9.545379508897149,3.193905277692581,3.1615428622106148,5.804048719030415,-3.8399405713940045,-8.087888815731224,5.451559953726019,-0.029735511839309843,-4.757688921448968,-3.495017648033282,0.6966141729874488,1.351906783433874,9.124322823974115,4.666490651529897,0.08414600965967356,0.7205027636103087,3.734966126688249
0.2609479187428666,0.9171052829279621,2.6048447124767597,5.455372589069391,1.2805632748592368,-4.998975062312022,-0.07770974942113291,-0.7751439415200492,-1.2028798248149069,-0.3139834849100018,-2.508174795141288,-3.0627806325472617,-2.7895233964492485,5.419464423576706,0.39944864329813756,1.7476092375922643,3.4522562485314885,-2.1146805757542966,-4.406637488607299,3.6653835990028387,0.25460538592377846,-2.948805481765552,-1.858229062884834,-0.27830604450523644,-0.026948477726770715,4.666490651529897,2.743702537016374,0.5929352812745163,0.06867943746125171,2.333988126981428
-0.3421901330391927,-1.0580162921260028,0.2441381169697241,1.1590035459290404,0.4201801402301007,-1.0856317547449787,0.3532072536780683,-1.0866971927823823,-0.10781468011419565,-0.22368428681214114,-0.9273131350792946,-0.3463642378595962,-1.1181552774926204,0.9194182667791737,-1.8765169775070725,0.22975048742210408,0.8020026108329928,-0.26898297183744807,-0.49146185552072036,1.4066984752910894,0.41673695836408514,-0.8374111317730389,-0.14234324163614256,-0.9732316657509007,-1.0987111640043252,0.08414600965967356,0.5929352812745163,0.8522498655261629,-0.4568588842925448,0.68693478465152
0.26657279511316767,0.8403362759835928,0.2729089383081988,0.14845412578811476,-0.06132376846342772,-0.12107102463332702,-0.24513249519807398,0.5803589564908395,-0.12803225532241788,0.09383576066579227,0.18888534208384034,-0.2814977686674261,0.266334361582292,0.29938914994999033,1.2912981478014733,0.13823276299653378,0.0481702716107252,-0.17572187056945368,-0.4107662671180834,-0.31068669766856016,-0.22971125573445214,0.05943913102819763,-0.21455739001408236,0.5899173273626918,0.7123939748148618,0.7205027636103087,0.06867943746125171,-0.4568588842925448,0.31051161787758497,-0.061641787792621985
0.12007568755237359,0.46317359937926833,2.133522378610736,4.635646158948993,1.127860274802451,-4.252834043152838,0.02640888570036135,-0.8940747022975876,-0.9836530831114774,-0.306522713012336,-2.231624899081582,-2.5255217404879144,-2.5039524644788638,4.544617764379064,-0.159252997401084,1.448248988386949,2.9539878461168807,-1.7509792098542174,-3.631268634370537,3.2728951333861764,0.3100347949170359,-2.5608139242360615,-1.5175740716226107,-0.4678620417444641,-0.2966582105365831,3.734966126688249,2.333988126981428,0.68693478465152,-0.061641787792621985,2.0373839321573683
