V1,V2,V3,V4,V5,V6,V7,V8,V9,V10,V11,V12,V13,V14,V15,V16,V17,V18,V19,V20,V21,V22,V23,V24,V25,V26,V27,V28,V29,V30,V31,V32,V33,V34,V35,V36,V37,V38,V39,V40,V41,V42,V43,V44,V45,V46,V47,V48,V49,V50,V51,V52,V53,V54,V55,V56
1.9537699469410699,1.4978178530708128,0.1937490295711078,0.330603875674928,-1.6284619665241002,2.262022596566734,2.582982040355575,-0.3488313226871585,-3.010784122796263,-0.6411778076776661,-1.525657319760984,-0.3140442868771872,-1.1277310099439026,1.091376402517673,-0.3780835026885219,0.9249580781685515,0.3836190045407926,1.3938518144044225,2.836768787619786,-3.7542472665398376,2.5511060475773735,2.129749245642903,-0.7206655600175186,-0.39219103036331665,0.04148816802116465,0.7490046357376885,-3.0987467455863795,0.2965374976558654,0.1546555294443161,1.149232367921595,0.37778546646424377,-3.2370435696140833,-1.4281709186020264,-2.166233908177076,1.4562958379815851,2.919831771583561,1.4420523360563355,1.9307779285873568,1.2037539633594594,1.257578235300627,3.5565143039433758,-0.672909431761984,3.1151729795983116,0.6491458694708623,0.8000803719944811,-3.253043599874848,-4.267957697045476,-1.88462427841217,-0.9363556996444294,-0.7413380107142633,0.4769263001594365,1.9446883186590311,-0.1318193862388388,0.35610937958976624,2.1042800830539896,-2.796772035252331
1.4978178530708128,1.7479199558905234,0.14919813175791974,-1.0547228207661141,-1.7389357625195345,0.4774296925905966,1.4782682023796216,-0.17602365793816835,-1.2459560148764213,-0.3642851194886941,-1.529578181443095,-0.18302563782642592,-0.638783195848852,1.165017229734287,-0.5238086171290645,0.9148057519640853,-0.424114941875326,0.580046027413729,2.535472304879347,-3.877175951543271,1.6613872575946016,1.5118060169873784,-1.4501548928572974,0.4331849733081164,-0.5204475207011969,-0.2629495458579834,-2.3559424938382127,0.018270028537349818,0.39010818800694996,0.2458071428342465,-0.11505546447878776,-3.0193810139346144,-1.952410282892331,-1.2463917113952385,1.5817974813184617,1.710182625869591,0.43632905472256733,1.3817134447465442,1.314633892135594,1.1751044286354158,1.8763966034519766,0.0800246308127883,1.6216382626148884,0.6379628089794441,0.15968204908903377,-1.6399050926574774,-2.476005706057419,-2.1741136408787076,-0.8927679908864624,0.030039865500422525,-0.20673875958744675,1.4590588811783891,-0.6891742609931943,-0.7593990014166548,2.056672664082884,-2.251295143206533
0.1937490295711078,0.14919813175791974,0.01978777674531141,0.03259617655142253,-0.1609107580195857,0.22445874617110875,0.2517391195175919,-0.031629430861100025,-0.29814591703871585,-0.06228835096784494,-0.1508063380947692,-0.03215672689956427,-0.11213188337966566,0.10661782367257469,-0.037956717655128376,0.0900071726612633,0.036651651656724696,0.13613866451497764,0.2800093007423441,-0.37011841175495275,0.2516496740578462,0.2101281091116514,-0.07225574509611264,-0.04014942586581262,0.0036354086187825488,0.07292272644511653,-0.30541237390562187,0.030258069962102948,0.016187281461108746,0.11282890618565854,0.0391578105297994,-0.3195148947365642,-0.14223239103908453,-0.21318670271418053,0.14426905526962897,0.2875006871196203,0.14004596125328975,0.19220391779148574,0.11717167176504957,0.12529546741864078,0.3510302990431931,-0.06395458669316001,0.3071438209960335,0.06287987714253687,0.07727384662566444,-0.32088595757455946,-0.4220417198496467,-0.1880284763933762,-0.09292793828764204,-0.0730461165887093,0.04772347298071252,0.1940568185873011,-0.012985056626274591,0.03459467327340881,0.20866407802023174,-0.2756741652052108
0.330603875674928,-1.0547228207661141,0.03259617655142253,2.9227974580566882,0.7970610567741477,3.1265244144415374,1.5115247537953396,-0.25563909629312986,-2.8263996534099305,-0.3816582894626347,0.5322241285640137,-0.1858488702818,-0.6891458005567984,-0.5413547290614473,0.44404286598161324,-0.305425443493921,1.6234040721775338,1.2975865390656185,-0.3200176690776526,1.5549651796554456,1.0533714650479744,0.6230524284056023,1.8435409361748076,-1.6684530901080392,1.2116181779648916,1.9488274873117217,-0.5528167058703659,0.5091996741711884,-0.5553256970214766,1.5734546090506738,0.9518218392252096,0.6281577723535694,1.6304975228925243,-1.2612023972394173,-0.7805669124426959,1.6329139723878412,1.6954241961606404,0.5457166038194162,-0.6607394790534328,-0.23868197972513946,2.447851898450493,-1.4091529542804304,2.201508292886632,-0.1960875993602239,1.1112323330257265,-2.401591856611512,-2.4484223005128674,1.2654257915035756,0.22609116693966108,-1.425920617894453,1.3311925917784164,0.4046100083602073,1.2610237160262143,2.312153261998427,-0.623244194262921,-0.22732991183141857
-1.6284619665241002,-1.7389357625195345,-0.1609107580195857,0.7970610567741477,1.760760296147854,-0.8543886001869649,-1.7499514761535153,0.2215830579429339,1.6391311836748523,0.432590103036279,1.5678388894328652,0.21239222697463747,0.7541863030917668,-1.1821431440733472,0.5061007667328022,-0.9430783375591205,0.26655067887303824,-0.7651878901411281,-2.662895733808169,3.952854144515561,-1.8876179064950098,-1.6780609336591157,1.3354035643590207,-0.27744537827251325,0.41742232590607586,0.059655281344164965,2.5704236047574405,-0.07401763716741705,-0.3498977281250377,-0.439139306788374,0.020350994532779797,3.1420481570306307,1.89252358928399,1.4689816561532285,-1.5958326537468297,-2.0044911835015125,-0.6589162038573565,-1.5270806681937377,-1.3290036998634112,-1.2200608231805659,-2.2703740573837377,0.07757701619411282,-1.971250949699415,-0.659053435843679,-0.2988740367326724,2.0143888620792105,2.906916837162904,2.166731685219137,0.923796227653033,0.12807958431928113,0.0727594664218318,-1.5924258512098055,0.5923950501722924,0.5485210336984074,-2.117706242904444,2.422355481941049
2.262022596566734,0.4774296925905966,0.22445874617110875,3.1265244144415374,-0.8543886001869649,5.256956145129156,4.033538498592893,-0.5872885539453859,-5.714186119539103,-1.0061894456286344,-1.0099693203558824,-0.48694526938719546,-1.779714523567354,0.5707982627186936,0.05227470330215205,0.6356479463799564,1.9486023302380326,2.633521589880798,2.524927208987493,-2.244368548672611,3.5700575919601296,2.716555326663456,1.046654712778066,-1.9980257383671742,1.205836873216856,2.620926126620985,-3.6250916263509843,0.7843234305535888,-0.3897370639092596,2.6613981915405245,1.2912180349614781,-2.614893637041691,0.1445386767893705,-3.373948553580684,0.7102748813508,4.484909127077323,3.06650595309439,2.443761757177568,0.5659607364397506,1.0137271767599467,5.898245266759659,-2.0222395798472523,5.210155325987221,0.4526045992876413,1.8741963729807174,-5.555231864338203,-6.609741330201668,-0.653661576466156,-0.7174715454381159,-2.1135235187707173,1.7546249509576306,2.321067128499102,1.0820812364496692,2.5772676932888183,1.506855346447142,-3.009519712335355
2.582982040355575,1.4782682023796216,0.2517391195175919,1.5115247537953396,-1.7499514761535153,4.033538498592893,3.8750601106508573,-0.5527349940269394,-4.8667935731073,-0.964219247676489,-1.7253702972947378,-0.45107350994879764,-1.6707897032386734,1.187661941095435,-0.3003636136709838,1.074244443769612,1.1206245655768559,2.262748647218767,3.4709096843783067,-4.153235715358301,3.647460767331599,2.922045749841906,-0.2106815603052048,-1.1228871668147586,0.5167699862826542,1.6977092403504903,-4.137808388067132,0.5591114761988621,-0.037972277107188264,2.0608774001036974,0.8233835556811395,-3.841220275507109,-1.1733995625845939,-3.2263484531208726,1.5524328998795334,4.324384705701321,2.4857316495868638,2.626614072245019,1.2857682151468812,1.474055557720846,5.4265656571154395,-1.4026600124831297,4.761363919850752,0.7473492596578636,1.460354126978676,-5.032661130137064,-6.321997429094158,-1.8718429939995813,-1.095428832165448,-1.4859582430442706,1.1030659304335673,2.5851744681745235,0.3145973744452371,1.3336352448831017,2.4268526107775523,-3.6293393327746375
-0.3488313226871585,-0.17602365793816835,-0.031629430861100025,-0.25563909629312986,0.2215830579429339,-0.5872885539453859,-0.5527349940269394,0.09174703379758263,0.6949852118718467,0.13896717058480762,0.22087519706410594,0.061001506719726095,0.23461475251602026,-0.15282004244283293,0.031497403349165023,-0.14042698959973787,-0.17848210451329036,-0.3308137134594878,-0.45676938492047486,0.5332501204372623,-0.4990359218453135,-0.40369535755496344,-0.009452565413809219,0.17032890572129128,-0.09074629522043443,-0.2622964326413072,0.561964179434428,-0.0795772922007411,0.013161456954127597,-0.30212372318602126,-0.11853106194656045,0.5070755115354716,0.12580451906301451,0.4534777328079386,-0.1888079798408913,-0.6055519585310788,-0.3692939225774728,-0.3563272889488526,-0.16702096885396212,-0.19341734054715762,-0.7656982206148507,0.22153065441465344,-0.6791000487803771,-0.1040854482971359,-0.21618566406047598,0.711209217067672,0.8815988752419704,0.22577758098472775,0.14020836011191476,0.22073107420089041,-0.1668997116086747,-0.34703358581863664,-0.0619479570951791,-0.2183473549424299,-0.3068809889789512,0.48915091183654724
-3.010784122796263,-1.2459560148764213,-0.29814591703871585,-2.8263996534099305,1.6391311836748523,-5.714186119539103,-4.8667935731073,0.6949852118718467,6.522604432442571,1.2123513265609314,1.712871601652928,0.586769023425114,2.1375866956972605,-1.0986676178124304,0.16809013966059927,-1.0601747084013986,-1.8639847363241349,-3.011390935366322,-3.732117830634974,4.0119714120249785,-4.4549910809990765,-3.494748909128657,-0.47851147293388374,1.907706832834775,-1.0424543233018417,-2.6372452778436664,4.809588650966334,-0.8286267041427292,0.24386103380733626,-2.896800235237278,-1.3017729371311084,4.032610858451796,0.6814773267851226,4.07184219258293,-1.4210046648461752,-5.435327464760753,-3.4053929330913455,-3.150448166650934,-1.1582653116792518,-1.5630441160455053,-6.986979351843965,2.0897346829219066,-6.1563252477468815,-0.7488743094497103,-2.0365727840958883,6.526709047335619,7.9883394575868785,1.6116028191494043,1.1334269709475502,2.2036660149532437,-1.7503263000598508,-3.0540774945189644,-0.8398800992990422,-2.3783700236439302,-2.4586284933714615,4.119183477083874
-0.6411778076776661,-0.3642851194886941,-0.06228835096784494,-0.3816582894626347,0.432590103036279,-1.0061894456286344,-0.964219247676489,0.13896717058480762,1.2123513265609314,0.24011454871050722,0.4266681424220362,0.11231351333644853,0.4160349898665294,-0.29347352023361145,0.07364884348182153,-0.265491156685984,-0.2808443009805669,-0.5643283974449422,-0.8595990884567233,1.0272891236913406,-0.905169728736857,-0.7263030939042657,0.0476758771454932,0.280930917834082,-0.1306406036147719,-0.42495410847228743,1.02678973078324,-0.13940275741119554,0.009814174753453447,-0.5139411804004714,-0.20548749416038645,0.9520341072164511,0.2875111123652346,0.8024411810949641,-0.3824455974820495,-1.0752272029389853,-0.6204048447392825,-0.652395413222618,-0.3179295370541385,-0.3656880870256986,-1.350344699327664,0.3515616734987966,-1.1860850784554084,-0.18585523278787344,-0.3639761576620832,1.252266292726366,1.5719834589682191,0.461914600608894,0.2709074406880631,0.3709017452841164,-0.2759433877653461,-0.6417923080164875,-0.08031793621616289,-0.33536277466944076,-0.5995014073275321,0.9002141123406444
-1.525657319760984,-1.529578181443095,-0.1508063380947692,0.5322241285640137,1.5678388894328652,-1.0099693203558824,-1.7253702972947378,0.22087519706410594,1.712871601652928,0.4266681424220362,1.4097801565447985,0.20755268953959474,0.742833045047243,-1.054050384525422,0.43477092324268635,-0.8515175515765689,0.12849128039908575,-0.797752801262303,-2.437228761565153,3.5375001736426297,-1.8225898898440576,-1.5916509459958752,1.1040013962906465,-0.1364250325977282,0.2991765803238963,-0.0840159274173198,2.4140034183805006,-0.10421364650671767,-0.2799368468740914,-0.5185610442356897,-0.04865547446008566,2.853213962517537,1.6307297312751348,1.4467132190516179,-1.4207482597962442,-1.968386088998388,-0.7288971075471518,-1.4465698788714618,-1.1804586268577522,-1.1056502186525177,-2.270143806569107,0.171037248017204,-1.9725779296261121,-0.5925153354386297,-0.35806507613691424,2.0319169641900965,2.8583680521365156,1.9071098967983435,0.8371927131135385,0.2210423652349385,-0.027344706422795743,-1.496493381962905,0.4567159118972719,0.34192364672160214,-1.913489392873967,2.25356440017492
-0.3140442868771872,-0.18302563782642592,-0.03215672689956427,-0.1858488702818,0.21239222697463747,-0.48694526938719546,-0.45107350994879764,0.061001506719726095,0.586769023425114,0.11231351333644853,0.20755268953959474,0.059955298929346194,0.2060086513776613,-0.1377788387512027,0.03946239138731136,-0.12138156371345853,-0.12666418089068482,-0.2679065740836015,-0.4140186059774786,0.4995873859622888,-0.428634649993249,-0.35261049076473794,0.02614413200694835,0.1361137427905455,-0.05988199711235829,-0.19876884251254737,0.492044384683383,-0.0700650997181246,-0.0039213816011146796,-0.24254624942842187,-0.10386281818709028,0.4654183790207527,0.1460802756487111,0.38302989180327923,-0.18358911217914584,-0.5129753501599861,-0.2905005265131454,-0.322411081986756,-0.14913809620201776,-0.18596299563350593,-0.6491486837680716,0.16153302303658873,-0.5745647302612327,-0.0893653342012157,-0.16483898186013737,0.5992796022820772,0.7579775443330012,0.23590854413347065,0.13229923425608825,0.17483284691798298,-0.1335456721427905,-0.31946501112667985,-0.03625419070855185,-0.156872137544756,-0.28996874272873246,0.4323695779723129
-1.1277310099439026,-0.638783195848852,-0.11213188337966566,-0.6891458005567984,0.7541863030917668,-1.779714523567354,-1.6707897032386734,0.23461475251602026,2.1375866956972605,0.4160349898665294,0.742833045047243,0.2060086513776613,0.7385253728058311,-0.5020229311413883,0.13121161677271395,-0.4505820561990168,-0.4880998611421111,-0.98671526807695,-1.4957573140978684,1.78613792417713,-1.5741557168693563,-1.2743603563020354,0.07478772982290179,0.5031055004467938,-0.23178259333194282,-0.7456255076034399,1.789605149853768,-0.25115404158034915,0.008083329066944743,-0.8994562452934011,-0.37261885337143513,1.6648261609993649,0.5008800431051484,1.4022574963801042,-0.660097834766147,-1.8781787124431217,-1.080579662333723,-1.153385060421049,-0.5430359253053669,-0.6504098960268421,-2.3690820687552705,0.6107254017334217,-2.0876857305127685,-0.32200258021997624,-0.626425246058987,2.193878293386318,2.758597554296268,0.8162462387410563,0.4733053697842588,0.6509695384867377,-0.49156724978905403,-1.1371953256174643,-0.1454491119509938,-0.594063113851667,-1.0423189184370285,1.5686016575462824
1.091376402517673,1.165017229734287,0.10661782367257469,-0.5413547290614473,-1.1821431440733472,0.5707982627186936,1.187661941095435,-0.15282004244283293,-1.0986676178124304,-0.29347352023361145,-1.054050384525422,-0.1377788387512027,-0.5020229311413883,0.799080843997249,-0.33758043018069245,0.6407199763053303,-0.1732098374649848,0.5167606327914979,1.7929399103815598,-2.6573251193998177,1.2769903468499286,1.1262066546404328,-0.89833069362001,0.18807715395826508,-0.2794200027568339,-0.03678666549021759,-1.7320493647239015,0.0471477995017148,0.22806380702493043,0.29872131847575234,-0.01812006579642052,-2.1088798203806314,-1.268846916477167,-0.9907381540677015,1.076028122737656,1.3522856409541089,0.4486538722457321,1.0204850181756053,0.8980824819867199,0.8125459314676393,1.5273426226683053,-0.0569205131309511,1.321420180220475,0.4431227855803221,0.20942032318674192,-1.3575592507556113,-1.9543512765330846,-1.4477980733266202,-0.6206473462873772,-0.08862363427226075,-0.050385331468243734,1.0627909480520232,-0.39751021692360006,-0.36715045507690347,1.425679783058132,-1.631430532969528
-0.3780835026885219,-0.5238086171290645,-0.037956717655128376,0.44404286598161324,0.5061007667328022,0.05227470330215205,-0.3003636136709838,0.031497403349165023,0.16809013966059927,0.07364884348182153,0.43477092324268635,0.03946239138731136,0.13121161677271395,-0.33758043018069245,0.16488539424845566,-0.25687366857746813,0.2075268021735008,-0.07846211837756585,-0.6873181106345734,1.1144756973555299,-0.3750012354951764,-0.36480362451682835,0.4883519790446421,-0.21034104344831597,0.20748301512214368,0.18246279862120263,0.5893740383929721,0.02369829983840267,-0.13790616131588188,0.026714559420905105,0.08395928310284499,0.8358473015814408,0.6107084306731451,0.2558817841982308,-0.46118600523341235,-0.3564474853347382,-0.016498649062778488,-0.3359511866784356,-0.3841369018528657,-0.3273434515179715,-0.35496524828207116,-0.10303546946578915,-0.30421257537841323,-0.18049939770532522,0.02471981223816953,0.29411575528458533,0.5134576567974243,0.6505028941870504,0.24890582627853947,-0.09094828575135071,0.13074158440276146,-0.3650133132822838,0.25495896941464646,0.33399063672514445,-0.5780150571796212,0.5808751218578033
0.9249580781685515,0.9148057519640853,0.0900071726612633,-0.305425443493921,-0.9430783375591205,0.6356479463799564,1.074244443769612,-0.14042698959973787,-1.0601747084013986,-0.265491156685984,-0.8515175515765689,-0.12138156371345853,-0.4505820561990168,0.6407199763053303,-0.25687366857746813,0.5228294794706762,-0.05661013556535402,0.4980764795680764,1.48067352323583,-2.134243537069859,1.126144733994427,0.9691555069811871,-0.6556653954139989,0.07010969926888326,-0.16984080192908552,0.07174197534502098,-1.4755761326717385,0.06451895582520376,0.1560476277058158,0.33274399856946535,0.03246261644435727,-1.7224178586965242,-0.972018903086234,-0.8931686810575719,0.8603401134747057,1.2151007621218686,0.4637972212548376,0.8754089980762602,0.7166238283742181,0.6595090066619972,1.4006472414456892,-0.12136748881903707,1.211362716218911,0.35773295192746735,0.2375745171669977,-1.2586040298972212,-1.7568490363836122,-1.13606859519279,-0.5060195255919224,-0.14970796152036384,0.026277135853810522,0.9025303970823653,-0.26551012389878803,-0.18586876768157332,1.1594330056393067,-1.373975167622144
0.3836190045407926,-0.424114941875326,0.036651651656724696,1.6234040721775338,0.26655067887303824,1.9486023302380326,1.1206245655768559,-0.17848210451329036,-1.8639847363241349,-0.2808443009805669,0.12849128039908575,-0.12666418089068482,-0.4880998611421111,-0.1732098374649848,0.2075268021735008,-0.05661013556535402,0.9410104242103238,0.8608203958928853,0.1331686979565134,0.4536745094818777,0.8671419584063003,0.563326174330147,0.9288178763207557,-0.9561845587822563,0.6697855476981336,1.1524762519500087,-0.6410017739664566,0.30713592738680145,-0.30212515250771316,0.990976250097299,0.5564260160805052,0.007647684284429677,0.7458820544668276,-0.9273378848470941,-0.26361265526014116,1.2146541766117143,1.0894184941773584,0.4945810567291828,-0.2275050002271202,-0.011745764840539803,1.7221210799059263,-0.8480534435728885,1.5278627393981943,-0.04151785453476917,0.7093157046150476,-1.6693981545918084,-1.79819623028038,0.5079412519725046,0.02371653403855722,-0.8657403672068547,0.7784307975929696,0.41626147389965046,0.6786707189462896,1.30692451813148,-0.11003164961197766,-0.4281740559377063
1.3938518144044225,0.580046027413729,0.13613866451497764,1.2975865390656185,-0.7651878901411281,2.633521589880798,2.262748647218767,-0.3308137134594878,-3.011390935366322,-0.5643283974449422,-0.797752801262303,-0.2679065740836015,-0.98671526807695,0.5167606327914979,-0.07846211837756585,0.4980764795680764,0.8608203958928853,1.3965799855306062,1.735080882738033,-1.8734830394660638,2.0636455963232985,1.6203801192749152,0.21622047698457825,-0.8722844214461148,0.4791795002924674,1.2177172967770593,-2.232335288104541,0.378926572249132,-0.11295863084738081,1.3389118261616038,0.593412790021695,-1.8767580707085068,-0.32123253441598126,-1.88651508338605,0.6622404722474373,2.5179810555190576,1.5801460179455507,1.4552639981745807,0.5469155598702251,0.7238342823374498,3.2322161134786844,-0.9712278110955646,2.8491520519661004,0.3530129629668234,0.9452467819169986,-3.019163131571377,-3.694693524008226,-0.7491231340007167,-0.5259869684882864,-1.016170432427164,0.8037120555130238,1.4097196472412385,0.38317793493232083,1.0940701170282081,1.1419490115140096,-1.9132398347905528
2.836768787619786,2.535472304879347,0.2800093007423441,-0.3200176690776526,-2.662895733808169,2.524927208987493,3.4709096843783067,-0.45676938492047486,-3.732117830634974,-0.8595990884567233,-2.437228761565153,-0.4140186059774786,-1.4957573140978684,1.7929399103815598,-0.6873181106345734,1.48067352323583,0.1331686979565134,1.735080882738033,4.34946648646445,-6.064894004869921,3.546755450826189,3.021467368680091,-1.5931235247904774,-0.12498053974897878,-0.27192903596917334,0.5882150032997102,-4.502367586184291,0.3010776457213654,0.3773797686720006,1.2931615533931358,0.29841429719468743,-5.027993096021151,-2.5910800683579795,-2.9055763416905576,2.4058406475856136,3.9355107684425943,1.7011091743433124,2.7395171070476887,1.9948689298120392,1.9444157037285412,4.661024023355648,-0.6248859486181162,4.06089667271937,1.0283402565032858,0.9029946426004852,-4.2211587478506685,-5.727680417365616,-3.168622158347574,-1.4675534164776403,-0.720760921992286,0.345471343635186,2.7976077906868326,-0.5461609142552726,-0.1040547499946669,3.3334308247184263,-4.137999956257738
-3.7542472665398376,-3.877175951543271,-0.37011841175495275,1.5549651796554456,3.952854144515561,-2.244368548672611,-4.153235715358301,0.5332501204372623,4.0119714120249785,1.0272891236913406,3.5375001736426297,0.4995873859622888,1.78613792417713,-2.6573251193998177,1.1144756973555299,-2.134243537069859,0.4536745094818777,-1.8734830394660638,-6.064894004869921,8.898499160796385,-4.423582798167378,-3.895997619558287,2.883830367443409,-0.4797763977252867,0.840984887769585,-0.04801490796597985,5.935785298869902,-0.21508173088232868,-0.7431538112620935,-1.1544072346946088,-0.03928372603410574,7.127427648669856,4.17521546992687,3.4812033061055,-3.5809523616190058,-4.742374173864445,-1.6699709989195073,-3.540377652103239,-2.98226676311833,-2.763291776909497,-5.424064642657052,0.31236685692070065,-4.712715482558618,-1.489313086051835,-0.794026811778555,4.835863530225539,6.879959466338256,4.832568231217573,2.0922887557853618,0.4282636686301014,0.043104044596145544,-3.6755198269180855,1.236946730902573,1.0378002128298922,-4.788832343970613,5.5657525907527345
2.5511060475773735,1.6613872575946016,0.2516496740578462,1.0533714650479744,-1.8876179064950098,3.5700575919601296,3.647460767331599,-0.4990359218453135,-4.4549910809990765,-0.905169728736857,-1.8225898898440576,-0.428634649993249,-1.5741557168693563,1.2769903468499286,-0.3750012354951764,1.126144733994427,0.8671419584063003,2.0636455963232985,3.546755450826189,-4.423582798167378,3.510149150302417,2.840214956285447,-0.5127147524228164,-0.8748699016973723,0.3259023574164775,1.395652697598161,-4.07753833178158,0.486963294301797,0.05028895676488006,1.823714865486163,0.6875889716401656,-3.963025209658277,-1.4455694398749213,-3.045834997521062,1.6927805697611564,4.092981688612855,2.2217827736138456,2.5637932455346717,1.3910455905319543,1.52337056936881,5.075042735303699,-1.1749490583402198,4.438078903221395,0.7747992166029294,1.2889100380879799,-4.686502520219555,-5.981129439285797,-2.091472580211796,-1.141713312121789,-1.2709978156531205,0.9027650291913882,2.546508973781966,0.11766906983785795,0.9734109068153383,2.550117641577641,-3.6168772208849918
2.129749245642903,1.5118060169873784,0.2101281091116514,0.6230524284056023,-1.6780609336591157,2.716555326663456,2.922045749841906,-0.40369535755496344,-3.494748909128657,-0.7263030939042657,-1.5916509459958752,-0.35261049076473794,-1.2743603563020354,1.1262066546404328,-0.36480362451682835,0.9691555069811871,0.563326174330147,1.6203801192749152,3.021467368680091,-3.895997619558287,2.840214956285447,2.3475867325959525,-0.6042758300084328,-0.5717929460234371,0.15632689220721432,0.9856759926360023,-3.3839123248681218,0.36368070211408005,0.11381929861207217,1.3810086416957956,0.4899387961073732,-3.423759388790355,-1.3843932059881452,-2.4462079818189344,1.493758704439764,3.2907930612571223,1.710184105882158,2.1233775170463427,1.237125575083209,1.3284681514575198,4.048812877710107,-0.8571459306609134,3.5522403699577025,0.6823748168330445,0.9652308791060575,-3.718560668637744,-4.81252463924995,-1.9073247616338762,-0.9853752227963533,-0.9279647966689443,0.6335164786025477,2.1245417875672916,-0.02642866479741858,0.5955548108016047,2.204218194747333,-3.0292520636738294
-0.7206655600175186,-1.4501548928572974,-0.07225574509611264,1.8435409361748076,1.3354035643590207,1.046654712778066,-0.2106815603052048,-0.009452565413809219,-0.47851147293388374,0.0476758771454932,1.1040013962906465,0.02614413200694835,0.07478772982290179,-0.89833069362001,0.4883519790446421,-0.6556653954139989,0.9288178763207557,0.21622047698457825,-1.5931235247904774,2.883830367443409,-0.5127147524228164,-0.6042758300084328,1.6141156964328545,-0.9523952540228107,0.8111513248274852,0.9746201590597176,1.1210283970962915,0.20433185083697264,-0.456978949557053,0.5230200031274511,0.4674384136974525,1.9985626463173543,1.8110521509841009,0.1835865634768135,-1.2408334298212038,-0.2935510671876349,0.4667054404267404,-0.5629412452443544,-1.0340377566456904,-0.7743099535267205,-0.04407475066415923,-0.6430633710360183,8.525540600452489e-4,-0.4475740949077463,0.37661193188168884,-0.07149551447676362,0.3891085618235019,1.7828720275399725,0.6090349418475653,-0.6188631517856912,0.6809552549647216,-0.6670111878246188,0.9284269192835151,1.413439391820583,-1.447307871228838,1.198066350451335
-0.39219103036331665,0.4331849733081164,-0.04014942586581262,-1.6684530901080392,-0.27744537827251325,-1.9980257383671742,-1.1228871668147586,0.17032890572129128,1.907706832834775,0.280930917834082,-0.1364250325977282,0.1361137427905455,0.5031055004467938,0.18807715395826508,-0.21034104344831597,0.07010969926888326,-0.9561845587822563,-0.8722844214461148,-0.12498053974897878,-0.4797763977252867,-0.8748699016973723,-0.5717929460234371,-0.9523952540228107,0.9854728989725453,-0.6848259969749609,-1.1744587396237762,0.6428270577921775,-0.3191232672107366,0.30255093934944294,-1.0085119761393921,-0.5787280489171623,-0.016524697155531533,-0.7638178754216436,0.939860791188565,0.27609081504835503,-1.2307819285054749,-1.1016252494072056,-0.5103604516731295,0.24607094775176788,0.0072454115367066455,-1.7541023214657634,0.8566961388583435,-1.5586781377097385,0.04866118231686229,-0.7136942625223317,1.69881081729332,1.8328754020671025,-0.5150624770018324,-0.0256707820781283,0.8836171174560778,-0.8002191978155353,-0.43262131632636486,-0.6964055099161294,-1.336937311741406,0.11849983155156767,0.4264554928349092
0.04148816802116465,-0.5204475207011969,0.0036354086187825488,1.2116181779648916,0.41742232590607586,1.205836873216856,0.5167699862826542,-0.09074629522043443,-1.0424543233018417,-0.1306406036147719,0.2991765803238963,-0.05988199711235829,-0.23178259333194282,-0.2794200027568339,0.20748301512214368,-0.16984080192908552,0.6697855476981336,0.4791795002924674,-0.27192903596917334,0.840984887769585,0.3259023574164775,0.15632689220721432,0.8111513248274852,-0.6848259969749609,0.509541059807202,0.7869572982830414,-0.08394888839189313,0.1990672942496127,-0.2471270416423447,0.6096045437076041,0.381202704041789,0.42710428221963365,0.7594831939381393,-0.427599832168098,-0.3973205811751298,0.5486452808275598,0.6465734051098199,0.13178115345388514,-0.335704768860662,-0.16792528370650597,0.8586292925334886,-0.5625947562487673,0.7716996709507377,-0.11600183817292845,0.434943907960265,-0.8558664061126428,-0.8240363082564944,0.6318525823630248,0.14112516774871461,-0.5671209947734455,0.5375280713451319,0.07070768523696036,0.5390724250075912,0.9585322842172317,-0.3633433331873951,0.039382555202462165
0.7490046357376885,-0.2629495458579834,0.07292272644511653,1.9488274873117217,0.059655281344164965,2.620926126620985,1.6977092403504903,-0.2622964326413072,-2.6372452778436664,-0.42495410847228743,-0.0840159274173198,-0.19876884251254737,-0.7456255076034399,-0.03678666549021759,0.18246279862120263,0.07174197534502098,1.1524762519500087,1.2177172967770593,0.5882150032997102,-0.04801490796597985,1.395652697598161,0.9856759926360023,0.9746201590597176,-1.1744587396237762,0.7869572982830414,1.4572820866180014,-1.2200998894163053,0.40458130730330755,-0.3233640625318636,1.3296383638836566,0.7081058907418931,-0.49112611650934945,0.6492277407739597,-1.4118797201353803,-0.08754270798078755,1.8612815111852794,1.489883297085719,0.8762953289955724,-0.08230066982916286,0.18463984946991596,2.5531087624599356,-1.091466210222853,2.2637488299773634,0.05295457388191469,0.9446575089596801,-2.4432117832152236,-2.750699353792788,0.2978708466104358,-0.11569444427736396,-1.1211809948243303,0.9812886143499457,0.7878785379939107,0.7704149490752764,1.5779623104142044,0.19145263712371757,-0.9264622401298048
-3.0987467455863795,-2.3559424938382127,-0.30541237390562187,-0.5528167058703659,2.5704236047574405,-3.6250916263509843,-4.137808388067132,0.561964179434428,4.809588650966334,1.02678973078324,2.4140034183805006,0.492044384683383,1.789605149853768,-1.7320493647239015,0.5893740383929721,-1.4755761326717385,-0.6410017739664566,-2.232335288104541,-4.502367586184291,5.935785298869902,-4.07753833178158,-3.3839123248681218,1.1210283970962915,0.6428270577921775,-0.08394888839189313,-1.2200998894163053,4.93180612140131,-0.47311016173542403,-0.22481347079905503,-1.8508655130679914,-0.6051547760556278,5.121315505061045,2.23878346643638,3.4597838827886807,-2.307073747291806,-4.663470336070619,-2.3198899548554244,-3.0604345206710253,-1.9088275367246714,-1.9783435167850116,-5.678019788790889,1.0936807809133997,-4.964703190030841,-1.0264728776269145,-1.2994600700058427,5.200211165637472,6.805818327612928,2.958065378354676,1.4824272399986598,1.2001742819903405,-0.7722450860562776,-3.077879118651041,0.19085700435836528,-0.5985779886174329,-3.335432475513628,4.446254581520367
0.2965374976558654,0.018270028537349818,0.030258069962102948,0.5091996741711884,-0.07401763716741705,0.7843234305535888,0.5591114761988621,-0.0795772922007411,-0.8286267041427292,-0.13940275741119554,-0.10421364650671767,-0.0700650997181246,-0.25115404158034915,0.0471477995017148,0.02369829983840267,0.06451895582520376,0.30713592738680145,0.378926572249132,0.3010776457213654,-0.21508173088232868,0.486963294301797,0.36368070211408005,0.20433185083697264,-0.3191232672107366,0.1990672942496127,0.40458130730330755,-0.47311016173542403,0.11997925678595273,-0.06964943981674006,0.3947764092881065,0.20250559693393597,-0.29996265736610694,0.08290488980842013,-0.4706652149564225,0.0569901294788559,0.6240218414208094,0.4477988207101114,0.329097522780564,0.040912213241345294,0.11839378814714234,0.834475487786774,-0.3058831253285769,0.7385308876936045,0.04668215496315227,0.27610067402557703,-0.7895056077864135,-0.9241909659308701,-0.03270215540523545,-0.08075825129763128,-0.32122833784320337,0.27392625752094485,0.30877939112393,0.18636968943099336,0.4147354177018556,0.16325338225930214,-0.38329036268740063
0.1546555294443161,0.39010818800694996,0.016187281461108746,-0.5553256970214766,-0.3498977281250377,-0.3897370639092596,-0.037972277107188264,0.013161456954127597,0.24386103380733626,0.009814174753453447,-0.2799368468740914,-0.0039213816011146796,0.008083329066944743,0.22806380702493043,-0.13790616131588188,0.1560476277058158,-0.30212515250771316,-0.11295863084738081,0.3773797686720006,-0.7431538112620935,0.05028895676488006,0.11381929861207217,-0.456978949557053,0.30255093934944294,-0.2471270416423447,-0.3233640625318636,-0.22481347079905503,-0.06964943981674006,0.144947893712502,-0.20267820954150045,-0.1509805037852823,-0.4995444415929191,-0.5004520863162301,0.023552348067265142,0.3155577442925342,-0.019326709675204185,-0.19442737304499533,0.11124850859109234,0.2664910111252523,0.2031162405683229,-0.11080540501155406,0.21864326144172078,-0.09747890772739595,0.11696057876728945,-0.15355178494422633,0.1396537786981857,0.03191435712229342,-0.4854522306111598,-0.15070547072490728,0.21718716352160453,-0.22090451765377989,0.14399615294419738,-0.2773101869369025,-0.440168380429834,0.3566804705490267,-0.26052293684326433
1.149232367921595,0.2458071428342465,0.11282890618565854,1.5734546090506738,-0.439139306788374,2.6613981915405245,2.0608774001036974,-0.30212372318602126,-2.896800235237278,-0.5139411804004714,-0.5185610442356897,-0.24254624942842187,-0.8994562452934011,0.29872131847575234,0.026714559420905105,0.33274399856946535,0.990976250097299,1.3389118261616038,1.2931615533931358,-1.1544072346946088,1.823714865486163,1.3810086416957956,0.5230200031274511,-1.0085119761393921,0.6096045437076041,1.3296383638836566,-1.8508655130679914,0.3947764092881065,-0.20267820954150045,1.3526219119099916,0.6491113705855501,-1.3348773270015197,0.06773530688582519,-1.7177861783965493,0.3700841112400371,2.284133274486157,1.5608656416544087,1.2380608923196277,0.2972309916953757,0.5112795322458255,2.9971450695515225,-1.0286789222510828,2.6427266729067718,0.23224535479099262,0.9584171333246961,-2.8245916474105783,-3.359339377613703,-0.33227769500484955,-0.3670779342792738,-1.0728827599117832,0.8863591596817109,1.1746616995336374,0.5456879927749286,1.3035758699454474,0.7745540668583906,-1.5375312112555801
0.37778546646424377,-0.11505546447878776,0.0391578105297994,0.9518218392252096,0.020350994532779797,1.2912180349614781,0.8233835556811395,-0.11853106194656045,-1.3017729371311084,-0.20548749416038645,-0.04865547446008566,-0.10386281818709028,-0.37261885337143513,-0.01812006579642052,0.08395928310284499,0.03246261644435727,0.5564260160805052,0.593412790021695,0.29841429719468743,-0.03928372603410574,0.6875889716401656,0.4899387961073732,0.4674384136974525,-0.5787280489171623,0.381202704041789,0.7081058907418931,-0.6051547760556278,0.20250559693393597,-0.1509805037852823,0.6491113705855501,0.35418692400513246,-0.25524563606973666,0.3038830026641156,-0.6938679089728028,-0.03526967609447474,0.9152696102151258,0.7220400216989789,0.44302569095030664,-0.0416339164370685,0.10234147232607202,1.258521815832834,-0.5243427306989917,1.116334107708865,0.024774596944944282,0.4546909170291075,-1.2021699986353889,-1.3609359044373077,0.1263548019327922,-0.062460687059292835,-0.5477246909224639,0.4824499964442694,0.4022524140634239,0.374135774479575,0.7671457143476152,0.1053877119828971,-0.46147251934025985
-3.2370435696140833,-3.0193810139346144,-0.3195148947365642,0.6281577723535694,3.1420481570306307,-2.614893637041691,-3.841220275507109,0.5070755115354716,4.032610858451796,0.9520341072164511,2.853213962517537,0.4654183790207527,1.6648261609993649,-2.1088798203806314,0.8358473015814408,-1.7224178586965242,0.007647684284429677,-1.8767580707085068,-5.027993096021151,7.127427648669856,-3.963025209658277,-3.423759388790355,1.9985626463173543,-0.016524697155531533,0.42710428221963365,-0.49112611650934945,5.121315505061045,-0.29996265736610694,-0.4995444415929191,-1.3348773270015197,-0.25524563606973666,5.853436452734597,3.136416252048721,3.2205568433004386,-2.830663405606715,-4.367321583436359,-1.7965018186744524,-3.1079890610495364,-2.3546616305587924,-2.273024752594932,-5.131401567760552,0.588192910729069,-4.477980276802727,-1.2080715579948176,-0.922492536804021,4.624727184107476,6.3568181120687415,3.7764490943817917,1.708207485564196,0.6899369064362497,-0.2729070128669816,-3.1895812096223084,0.748773158275069,0.337661145825909,-3.8839578686921135,4.734930679196852
-1.4281709186020264,-1.952410282892331,-0.14223239103908453,1.6304975228925243,1.89252358928399,0.1445386767893705,-1.1733995625845939,0.12580451906301451,0.6814773267851226,0.2875111123652346,1.6307297312751348,0.1460802756487111,0.5008800431051484,-1.268846916477167,0.6107084306731451,-0.972018903086234,0.7458820544668276,-0.32123253441598126,-2.5910800683579795,4.17521546992687,-1.4455694398749213,-1.3843932059881452,1.8110521509841009,-0.7638178754216436,0.7594831939381393,0.6492277407739597,2.23878346643638,0.08290488980842013,-0.5004520863162301,0.06773530688582519,0.3038830026641156,3.136416252048721,2.2705464961543207,0.9921057346351105,-1.7310455907700488,-1.380434351682013,-0.09869242228309538,-1.2698868150112437,-1.4420532096681418,-1.2203176484259701,-1.384862014334786,-0.3589984943519153,-1.181234407666563,-0.6759369508414228,0.06236884701164254,1.1577517433327413,1.9823216996767568,2.420022108029508,0.934856673248789,-0.3136012591246703,0.47050736411066346,-1.375098415987099,0.9377725557331753,1.216276263597597,-2.173335701855744,2.199283751664148
-2.166233908177076,-1.2463917113952385,-0.21318670271418053,-1.2612023972394173,1.4689816561532285,-3.373948553580684,-3.2263484531208726,0.4534777328079386,4.07184219258293,0.8024411810949641,1.4467132190516179,0.38302989180327923,1.4022574963801042,-0.9907381540677015,0.2558817841982308,-0.8931686810575719,-0.9273378848470941,-1.88651508338605,-2.9055763416905576,3.4812033061055,-3.045834997521062,-2.4462079818189344,0.1835865634768135,0.939860791188565,-0.427599832168098,-1.4118797201353803,3.4597838827886807,-0.4706652149564225,0.023552348067265142,-1.7177861783965493,-0.6938679089728028,3.2205568433004386,0.9921057346351105,2.6947432492180057,-1.3011922818269515,-3.612033978624201,-2.068088658119938,-2.205555255504512,-1.0718646061126025,-1.2425856777593136,-4.536654926262535,1.162152178399932,-3.9827603217752388,-0.6237002540202812,-1.21052519264184,4.205006769716859,5.288805472501557,1.5811219583642209,0.9192813799202574,1.2384564650060366,-0.9224038216717606,-2.1733607211798467,-0.259534977537406,-1.1081231651533097,-2.0347174775024994,3.035752133699024
1.4562958379815851,1.5817974813184617,0.14426905526962897,-0.7805669124426959,-1.5958326537468297,0.7102748813508,1.5524328998795334,-0.1888079798408913,-1.4210046648461752,-0.3824455974820495,-1.4207482597962442,-0.18358911217914584,-0.660097834766147,1.076028122737656,-0.46118600523341235,0.8603401134747057,-0.26361265526014116,0.6622404722474373,2.4058406475856136,-3.5809523616190058,1.6927805697611564,1.493758704439764,-1.2408334298212038,0.27609081504835503,-0.3973205811751298,-0.08754270798078755,-2.307073747291806,0.0569901294788559,0.3155577442925342,0.3700841112400371,-0.03526967609447474,-2.830663405606715,-1.7310455907700488,-1.3011922818269515,1.4578571694056284,1.7786051916027645,0.5617477776265137,1.3594159462878803,1.2082878169309827,1.0925338421936326,1.9991327642071761,-0.0416076803518523,1.7239708476462035,0.5907948113373704,0.2566782253886721,-1.7732458167501695,-2.573526969135105,-1.9642848794495853,-0.836511026457838,-0.0934076414662105,-0.08940485501824029,1.4199330401677985,-0.5541753175739557,-0.5349202412585625,1.924116414140725,-2.1781162158844185
2.919831771583561,1.710182625869591,0.2875006871196203,1.6329139723878412,-2.0044911835015125,4.484909127077323,4.324384705701321,-0.6055519585310788,-5.435327464760753,-1.0752272029389853,-1.968386088998388,-0.5129753501599861,-1.8781787124431217,1.3522856409541089,-0.3564474853347382,1.2151007621218686,1.2146541766117143,2.5179810555190576,3.9355107684425943,-4.742374173864445,4.092981688612855,3.2907930612571223,-0.2935510671876349,-1.2307819285054749,0.5486452808275598,1.8612815111852794,-4.663470336070619,0.6240218414208094,-0.019326709675204185,2.284133274486157,0.9152696102151258,-4.367321583436359,-1.380434351682013,-3.612033978624201,1.7786051916027645,4.843165762080076,2.753905497610883,2.967719826704486,1.464485610732459,1.6844188267159,6.072925249320717,-1.5360178927708992,5.328931954385455,0.8468667300385908,1.6099594077856911,-5.626151198462739,-7.0898957664156335,-2.167109207868061,-1.2482391807141737,-1.6399631152117635,1.2147649667545948,2.9276066124150524,0.32055042779033727,1.4419154896674193,2.766303971851264,-4.098013137739529
