V1,V2,V3,V4,V5,V6,V7,V8,V9,V10,V11,V12,V13,V14,V15,V16,V17,V18,V19,V20,V21,V22,V23,V24,V25,V26,V27,V28,V29,V30
0.39924790474583344,0.20535153685573207,0.06809184149532806,-0.08685965082280521,0.06862618556029547,0.0892932593941898,0.5457698481033816,0.562740979546125,0.26289241208297814,-0.5050634211749642,-0.6394991316721156,-0.17868682632670133,0.13724364484564974,0.3280697717449336,-0.199520125878661,0.27364897759613577,0.05689537097512102,-0.25794067460662967,-0.233180472787923,0.08410784776888809,-0.5092750825004356,0.03236781275218661,-0.23664460605162027,0.2019049346655928,-0.16115939536594528,-0.5063989181257195,-0.008371815657517939,0.040063384937863065,-0.10408675698343478,0.25557825001638684
0.20535153685573207,1.2834741845661433,-0.04719422197708342,0.23718161383805023,-1.0210930325442764,0.3251398039366881,0.48714872382054136,-1.0886505634603827,0.6727342479308129,0.17574592110966006,-0.3343704157435316,-0.24269492026666248,-0.06496106162356396,0.9755658683396815,-0.6239160703575958,0.12878651729790525,-0.26549847034378277,-0.7099485003009027,-1.390115605422298,-0.5104031567846875,-0.9738220013779446,-0.04730736457069474,0.1614614174417894,0.9977876144693872,0.5059044343740063,0.3528410752745647,1.3535389784068856,-0.1823153375906407,0.847171382720718,2.0862784362012134
0.06809184149532806,-0.04719422197708342,0.7675849129296627,1.3484260319641326,0.24155311120130915,-1.2377862313838435,-0.06358261388586621,0.007082942142767609,-0.3929571761203179,-0.30797439020731693,-0.9351048319015924,-0.0062991314332122295,-0.10740958419093648,0.7445947297097882,-0.13904559494421134,0.4242651822025219,1.0300478070473276,-0.11514438710494569,-0.19338927065387976,0.8939229938640084,0.139940927318888,0.07067531500873037,-0.09834002215166116,0.13643488227187925,-0.25154193650632156,0.6547844662860842,-0.133671936017741,0.19947843379871255,0.2900234391960445,0.0020659058793192847
-0.08685965082280521,0.23718161383805023,1.3484260319641326,2.647724219873878,0.09061937389480544,-2.2653550905191375,-0.3490204077335331,-0.7523166170005521,-0.6910250522592697,-0.11656816917976898,-1.3316697195500904,-0.09998068499032396,-0.41490814997518677,1.5712950678019981,-0.24503411705770647,0.6399316335530677,1.7617390891351743,-0.3307569327860509,-0.7994922520108534,1.4378504962362795,0.29606126572336683,-0.04642428884753811,-0.03240492557995202,0.4012550583308209,-0.1359499138432599,1.791490127967803,0.32897085316591057,0.2662838255247389,0.8386855478868661,0.580788789241284
0.06862618556029547,-1.0210930325442764,0.24155311120130915,0.09061937389480544,1.3989104378376191,-0.7165557831929036,-0.2216826614768752,1.531072559060556,-0.6622624842236576,-0.3891549511619476,0.033672528161789006,-0.630675185458898,-0.4265053187813172,-0.07146413912013892,0.963150736994718,0.18141453208207667,0.49236378055448743,0.20043198325043,0.4737185429859258,0.9083390631291364,0.7559540208452611,-0.708727602574914,-0.7711147285904262,-1.1469049684777337,-0.4476807341527151,0.04216750843536116,-0.8158697008385604,0.19464986673361287,-1.2257688359655623,-1.7263351940369427
0.0892932593941898,0.3251398039366881,-1.2377862313838435,-2.2653550905191375,-0.7165557831929036,2.238430961780861,0.4605165209530097,-0.027285188611770126,0.9227836850214323,0.2343085522059578,1.0429426425163353,0.30933331447668994,0.5287201493402974,-1.2035728815726254,-0.2445187520643307,-0.5860807832205368,-1.7065823513758573,0.1266205210711424,0.36256653417507967,-1.6178395171991633,-0.6667016760023118,0.32530752211422354,0.33570535727084194,0.21537617922794985,0.3236440924355661,-1.5418267889948043,0.15457988442539966,-0.3152788280903369,-0.1557205885394641,0.38478237341769267
0.5457698481033816,0.48714872382054136,-0.06358261388586621,-0.3490204077335331,-0.2216826614768752,0.4605165209530097,0.8341460301560789,0.5042202882082653,0.5646298702175166,-0.6094862646051641,-0.7953162710443178,-0.09066738426900504,0.3246780813749971,0.33956630776068225,-0.4756894972332766,0.28934510130387664,-0.16597468534221282,-0.37084216070733395,-0.35316495115491836,-0.19652456803672724,-0.8961348757975021,0.2155835372097912,-0.15069241894187682,0.5039568536380986,-0.11858527957696297,-0.8611133274569488,0.13190002400009582,-0.00687846868163391,0.06336270748413982,0.6830835687523628
0.562740979546125,-1.0886505634603827,0.007082942142767609,-0.7523166170005521,1.531072559060556,-0.027285188611770126,0.5042202882082653,2.5890259427974787,-0.2422510888747066,-1.099699622769495,-0.5103871685800497,-0.5081575335336841,0.07106258043923759,-0.4089522283260006,0.6889685557318049,0.3330821342043566,0.18434303821604203,0.19403108023716323,0.8827267613998631,0.6882169164978748,0.16921712860537427,-0.35077525889256717,-0.9279988285394215,-1.0427670295793385,-0.7858791047483312,-1.3244838567530652,-1.3520370067790148,0.23160635272936528,-1.5695816192396805,-1.971731967273487
0.26289241208297814,0.6727342479308129,-0.3929571761203179,-0.6910250522592697,-0.6622624842236576,0.9227836850214323,0.5646298702175166,-0.2422510888747066,0.681535775895442,-0.07637854164687254,-0.09105647819681949,0.06376459354145435,0.29263865674940764,0.032969988207406625,-0.4889923932208558,-0.042072489126895395,-0.6340144844638964,-0.2866700751487545,-0.40330198522216537,-0.7235240696175728,-0.8133812131992136,0.2334007567743196,0.1572688788652382,0.5976646228634662,0.20919175317720193,-0.6519279558169572,0.49065899277611785,-0.1505026799083203,0.31124927395309165,1.0225660142820718
-0.5050634211749642,0.17574592110966006,-0.30797439020731693,-0.11656816917976898,-0.3891549511619476,0.2343085522059578,-0.6094862646051641,-1.099699622769495,-0.07637854164687254,0.8891156774040035,1.115595044029343,-0.06539458972181418,-0.358620006905654,-0.16810860718903023,0.27170523781709804,-0.4324999027830075,-0.43287088741476815,0.06269969292713597,-0.2937585556524916,-0.4557516852919415,0.3887452970092271,-0.32683055007323153,0.266421259325566,-0.09709589254943995,0.5142584350596318,0.8297366035210492,0.6515946038020646,-0.18112680830546948,0.22001374129355025,0.3637056932157972
-0.6394991316721156,-0.3343704157435316,-0.9351048319015924,-1.3316697195500904,0.033672528161789006,1.0429426425163353,-0.7953162710443178,-0.5103871685800497,-0.09105647819681949,1.115595044029343,2.1717311190031627,-0.29124642247681515,-0.47859007435356166,-1.0135370845896912,0.9045259397174283,-0.8187574037891671,-1.1832942324675157,0.3480064493847561,0.2075492442100614,-0.8888509516597453,0.7522496590423108,-0.716804877672125,0.06236223095390986,-0.8245591546513994,0.5684781277446502,0.3385362220360719,0.3621314178256086,-0.28377562789662214,-0.6098122712285483,-0.5510459205255233
-0.17868682632670133,-0.24269492026666248,-0.0062991314332122295,-0.09998068499032396,-0.630675185458898,0.30933331447668994,-0.09066738426900504,-0.5081575335336841,0.06376459354145435,-0.06539458972181418,-0.29124642247681515,1.4372816805360233,0.936664764142943,-1.0354685201644753,-0.8603755723250311,-0.19610720361714282,0.01200345198695145,0.6400805172570524,1.304764486407657,-0.3544531769204082,0.017463352945595787,1.4163763907119622,0.9181762078559385,0.5487101075318818,-0.27152185166744625,-0.7731592853830399,-0.916074510931412,0.06815818107240704,0.8029421818623635,-0.2962469548558656
0.13724364484564974,-0.06496106162356396,-0.10740958419093648,-0.41490814997518677,-0.4265053187813172,0.5287201493402974,0.3246780813749971,0.07106258043923759,0.29263865674940764,-0.358620006905654,-0.47859007435356166,0.936664764142943,0.8117517086712519,-0.7065855725228474,-0.7273510677782417,-0.03528818878967265,-0.1470238531647403,0.33139799114027385,0.8773702919987932,-0.3608161836504287,-0.3503098840841445,1.0520332814073023,0.5174022059894232,0.48744532806162105,-0.2836922171171518,-1.078900372282529,-0.699961970622969,0.04554888348887603,0.42700057378906214,-0.10585930848689766
0.3280697717449336,0.9755658683396815,0.7445947297097882,1.5712950678019981,-0.07146413912013892,-1.2035728815726254,0.33956630776068225,-0.4089522283260006,0.032969988207406625,-0.16810860718903023,-1.0135370845896912,-1.0354685201644753,-0.7065855725228474,2.0390808442542085,-0.05598620194451138,0.6397611694644098,0.8486077651471097,-0.9884405210049377,-1.924656855011789,0.765541729029383,-0.5482131082034879,-0.8059049828281108,-0.545570394711643,0.49328691269336394,0.24744778455319702,1.341154001235003,1.3311354075145156,0.03718846148239626,0.3829658749598337,1.6035076052633854
-0.199520125878661,-0.6239160703575958,-0.13904559494421134,-0.24503411705770647,0.963150736994718,-0.2445187520643307,-0.4756894972332766,0.6889685557318049,-0.4889923932208558,0.27170523781709804,0.9045259397174283,-0.8603755723250311,-0.7273510677782417,-0.05598620194451138,1.12542210597801,-0.14031063995781462,-0.0724257035540342,0.062269367359356516,-0.06549513330295344,0.34991977246160627,0.7672012634922304,-1.0766642461823774,-0.6434512670030219,-1.0963197129292082,0.055223410049627754,0.5428885171416609,-0.024868209537545965,-0.006947255869924166,-1.071970344317703,-1.0613047534548576
0.27364897759613577,0.12878651729790525,0.4242651822025219,0.6399316335530677,0.18141453208207667,-0.5860807832205368,0.28934510130387664,0.3330821342043566,-0.042072489126895395,-0.4324999027830075,-0.8187574037891671,-0.19610720361714282,-0.03528818878967265,0.6397611694644098,-0.14031063995781462,0.3819169190720047,0.5451961334903418,-0.25465944172516325,-0.3324936320558381,0.5102871328504488,-0.23420153670686306,-0.033845697416979965,-0.23633220736813765,0.16585156844421775,-0.1920758382160349,0.09773638570413279,0.0073523831150376535,0.11566602085894256,0.05261446187096521,0.19890515605954148
0.05689537097512102,-0.26549847034378277,1.0300478070473276,1.7617390891351743,0.49236378055448743,-1.7065823513758573,-0.16597468534221282,0.18434303821604203,-0.6340144844638964,-0.43287088741476815,-1.1832942324675157,0.01200345198695145,-0.1470238531647403,0.8486077651471097,-0.0724257035540342,0.5451961334903418,1.414432247600822,-0.047056257200490705,-0.052610376169474206,1.276738008776266,0.3457965596011314,0.08187964835408462,-0.16723162465630007,0.013785075969745583,-0.4104693968618341,0.8319776559437794,-0.38063918675793557,0.2935527791775629,0.24175533270490027,-0.32719806211041863
-0.25794067460662967,-0.7099485003009027,-0.11514438710494569,-0.3307569327860509,0.20043198325043,0.1266205210711424,-0.37084216070733395,0.19403108023716323,-0.2866700751487545,0.06269969292713597,0.3480064493847561,0.6400805172570524,0.33139799114027385,-0.9884405210049377,0.062269367359356516,-0.25465944172516325,-0.047056257200490705,0.6193690551441753,1.1619021173862722,-0.04429582378145717,0.5484478901754083,0.48254670040959136,0.3071905533753297,-0.3389802214948239,-0.2469468856680694,-0.4065144976038886,-0.9067688974340377,0.066302253228010255,-0.13652793104541652,-1.1147377547853863
-0.233180472787923,-1.390115605422298,-0.19338927065387976,-0.7994922520108534,0.4737185429859258,0.36256653417507967,-0.35316495115491836,0.8827267613998631,-0.40330198522216537,-0.2937585556524916,0.2075492442100614,1.304764486407657,0.8773702919987932,-1.924656855011789,-0.06549513330295344,-0.3324936320558381,-0.052610376169474206,1.1619021173862722,2.396123969484034,-0.03758897997411847,0.7704480243211175,1.1379650361692304,0.5067702987833923,-0.5503155988757114,-0.6881494462210553,-1.34765061320487,-2.027939976252511,0.18209047156356498,-0.35638472409424743,-2.2360427169341106
0.08410784776888809,-0.5104031567846875,0.8939229938640084,1.4378504962362795,0.9083390631291364,-1.6178395171991633,-0.19652456803672724,0.6882169164978748,-0.7235240696175728,-0.4557516852919415,-0.8888509516597453,-0.3544531769204082,-0.3608161836504287,0.765541729029383,0.34991977246160627,0.5102871328504488,1.276738008776266,-0.04429582378145717,-0.03758897997411847,1.341967794980392,0.5176846367668454,-0.3233293868899637,-0.4816173758396523,-0.4194890224544554,-0.435983883352783,0.7655936152270691,-0.4575077046608704,0.2867544687377274,-0.29041215981380186,-0.7787248767974583
-0.5092750825004356,-0.9738220013779446,0.139940927318888,0.29606126572336683,0.7559540208452611,-0.6667016760023118,-0.8961348757975021,0.16921712860537427,-0.8133812131992136,0.3887452970092271,0.7522496590423108,0.017463352945595787,-0.3503098840841445,-0.5482131082034879,0.7672012634922304,-0.23420153670686306,0.3457965596011314,0.5484478901754083,0.7704480243211175,0.5176846367668454,1.1911414714759994,-0.31222877154553785,-0.07181293742074153,-0.9300382574584217,-0.1331077692583435,0.6735277784826619,-0.6490008763768454,0.1007158734210118,-0.5211886194811884,-1.5002623831457538
0.03236781275218661,-0.04730736457069474,0.07067531500873037,-0.04642428884753811,-0.708727602574914,0.32530752211422354,0.2155835372097912,-0.35077525889256717,0.2334007567743196,-0.32683055007323153,-0.716804877672125,1.4163763907119622,1.0520332814073023,-0.8059049828281108,-1.0766642461823774,-0.033845697416979965,0.08187964835408462,0.48254670040959136,1.1379650361692304,-0.3233293868899637,-0.31222877154553785,1.5216430722778431,0.8647644171435206,0.7786757806571933,-0.3413800180071467,-1.0051038733652928,-0.8694431874129568,0.08913087355339384,0.8917495341434933,-0.006900003992837299
-0.23664460605162027,0.1614614174417894,-0.09834002215166116,-0.03240492557995202,-0.7711147285904262,0.33570535727084194,-0.15069241894187682,-0.9279988285394215,0.1572688788652382,0.266421259325566,0.06236223095390986,0.9181762078559385,0.5174022059894232,-0.545570394711643,-0.6434512670030219,-0.23633220736813765,-0.16723162465630007,0.3071905533753297,0.5067702987833923,-0.4816173758396523,-0.07181293742074153,0.8647644171435206,0.7493752951897981,0.5633072471872714,0.07821336170563986,-0.18621609226033,-0.13980152975941187,-0.04552693416631299,0.8084179403142647,0.355974953680739
0.2019049346655928,0.9977876144693872,0.13643488227187925,0.4012550583308209,-1.1469049684777337,0.21537617922794985,0.5039568536380986,-1.0427670295793385,0.5976646228634662,-0.09709589254943995,-0.8245591546513994,0.5487101075318818,0.48744532806162105,0.49328691269336394,-1.0963197129292082,0.16585156844421775,0.013785075969745583,-0.3389802214948239,-0.5503155988757114,-0.4194890224544554,-0.9300382574584217,0.7786757806571933,0.5633072471872714,1.2376598939788472,0.17663665371010354,-0.14370543189521495,0.5999595465307658,-0.06273525285377367,1.1974290550055042,1.6710788549511593
-0.16115939536594528,0.5059044343740063,-0.25154193650632156,-0.1359499138432599,-0.4476807341527151,0.3236440924355661,-0.11858527957696297,-0.7858791047483312,0.20919175317720193,0.5142584350596318,0.5684781277446502,-0.27152185166744625,-0.2836922171171518,0.24744778455319702,0.055223410049627754,-0.1920758382160349,-0.4104693968618341,-0.2469468856680694,-0.6881494462210553,-0.435983883352783,-0.1331077692583435,-0.3413800180071467,0.07821336170563986,0.17663665371010354,0.456475591448011,0.5051014475258547,0.8388969588314916,-0.17239781094620474,0.23058302577298037,0.8376759786363878
-0.5063989181257195,0.3528410752745647,0.6547844662860842,1.791490127967803,0.04216750843536116,-1.5418267889948043,-0.8611133274569488,-1.3244838567530652,-0.6519279558169572,0.8297366035210492,0.3385362220360719,-0.7731592853830399,-1.078900372282529,1.341154001235003,0.5428885171416609,0.09773638570413279,0.8319776559437794,-0.4065144976038886,-1.34765061320487,0.7655936152270691,0.6735277784826619,-1.0051038733652928,-0.18621609226033,-0.14370543189521495,0.5051014475258547,2.4351320718444813,1.1997254733945617,-0.009738563862227372,0.3834514476518622,0.746273834388142
-0.008371815657517939,1.3535389784068856,-0.133671936017741,0.32897085316591057,-0.8158697008385604,0.15457988442539966,0.13190002400009582,-1.3520370067790148,0.49065899277611785,0.6515946038020646,0.3621314178256086,-0.916074510931412,-0.699961970622969,1.3311354075145156,-0.024868209537545965,0.0073523831150376535,-0.38063918675793557,-0.9067688974340377,-2.027939976252511,-0.4575077046608704,-0.6490008763768454,-0.8694431874129568,-0.13980152975941187,0.5999595465307658,0.8388969588314916,1.1997254733945617,1.982625920970367,-0.2753642651193142,0.5401463146651306,2.206305210509938
0.040063384937863065,-0.1823153375906407,0.19947843379871255,0.2662838255247389,0.19464986673361287,-0.3152788280903369,-0.00687846868163391,0.23160635272936528,-0.1505026799083203,-0.18112680830546948,-0.28377562789662214,0.06815818107240704,0.04554888348887603,0.03718846148239626,-0.006947255869924166,0.11566602085894256,0.2935527791775629,0.066302253228010255,0.18209047156356498,0.2867544687377274,0.1007158734210118,0.08913087355339384,-0.04552693416631299,-0.06273525285377367,-0.17239781094620474,-0.009738563862227372,-0.2753642651193142,0.08385777019513756,-0.04067763802272125,-0.2857152101485444
-0.10408675698343478,0.847171382720718,0.2900234391960445,0.8386855478868661,-1.2257688359655623,-0.1557205885394641,0.06336270748413982,-1.5695816192396805,0.31124927395309165,0.22001374129355025,-0.6098122712285483,0.8029421818623635,0.42700057378906214,0.3829658749598337,-1.071970344317703,0.05261446187096521,0.24175533270490027,-0.13652793104541652,-0.35638472409424743,-0.29041215981380186,-0.5211886194811884,0.8917495341434933,0.8084179403142647,1.1974290550055042,0.23058302577298037,0.3834514476518622,0.5401463146651306,-0.04067763802272125,1.4582379384292057,1.5182312020389253
0.25557825001638684,2.0862784362012134,0.0020659058793192847,0.580788789241284,-1.7263351940369427,0.38478237341769267,0.6830835687523628,-1.971731967273487,1.0225660142820718,0.3637056932157972,-0.5510459205255233,-0.2962469548558656,-0.10585930848689766,1.6035076052633854,-1.0613047534548576,0.19890515605954148,-0.32719806211041863,-1.1147377547853863,-2.2360427169341106,-0.7787248767974583,-1.5002623831457538,-0.006900003992837299,0.355974953680739,1.6710788549511593,0.8376759786363878,0.746273834388142,2.206305210509938,-0.2857152101485444,1.5182312020389253,3.42326370540886
