V1,V2,V3,V4,V5,V6,V7,V8,V9,V10,V11,V12,V13,V14,V15,V16,V17,V18,V19,V20,V21,V22,V23,V24,V25,V26,V27,V28,V29,V30
1.5877867933634322,-6.09143139065291,0.8001234223535749,-2.7892434412885034,-1.866614102344921,-0.4441618971387222,-7.062315194610924,2.2338141637470708,-3.4759916894113143,-0.8849550394433778,2.1915982254173403,0.3067025164328637,0.9722788151760721,-2.1335222265423637,0.26971237426119016,2.8592765283437993,-1.7002118063563538,-1.3337441943844475,0.8235574786291703,3.7496455113240392,4.3710562157756945,-3.8313386764807253,2.7619609386867854,0.03832614207673144,1.8200932588083716,6.490674310701359,-1.5660281859521046,-0.8336799135298195,0.6698913866841953,-2.0719753436479116
-6.09143139065291,23.871613119341216,-2.755177185103098,11.105670409429118,6.527743593043739,1.4479996920679283,28.12439028957593,-8.702838684087558,13.14089940239487,3.5876135408790657,-8.3973934264325,-1.3074914612664283,-3.776036069383261,8.875490485617698,-0.9265604391544763,-10.658292318238319,6.067391168765998,5.137702910846219,-3.5037032589553028,-14.248233450062807,-17.468357765254673,14.876910177961493,-10.188745095880286,-0.4044687811069358,-7.865117686170807,-25.20283768757585,6.3180125600033366,3.3626168490562622,-2.514958212779104,7.090435312062833
0.8001234223535749,-2.755177185103098,0.6239023744368255,-1.1270965154769699,-1.3677208280914468,-0.4086730182450719,-2.8474608204891605,1.0423285698532097,-1.875191336759389,-0.31481825887142134,1.1098203681195913,0.06065819020580514,0.4422700472923042,-0.5833103166051608,0.22000931638192808,1.6370170343287123,-1.1933566780814966,-0.6619328802225067,0.16892722130184354,1.9827853966490916,1.7119092976743135,-1.7856128510065614,1.6803350804529773,-0.16537434256873987,0.2825664810714597,3.0634432383397385,-0.5680526419423351,-0.2868447765790739,0.3713058333948828,-1.671275003981498
-2.7892434412885034,11.105670409429118,-1.1270965154769699,5.262503965933314,2.742114739127075,0.548150885872651,13.293204749957985,-4.045876849992062,5.9668527958498965,1.711013909600956,-3.870257624050444,-0.6345125750786962,-1.7542530636319185,4.359038048329919,-0.39215284987303173,-4.784395520902845,2.5869215264351575,2.356982442128608,-1.7478366117070625,-6.480427740505391,-8.298526197990197,6.9405199451031985,-4.489041511714201,-0.26914583447744034,-3.979245663196543,-11.668340511385068,3.022877664622826,1.6311289798108097,-1.1101833654546154,2.8939804569894374
-1.866614102344921,6.527743593043739,-1.3677208280914468,2.742114739127075,3.0437783699037766,0.8769534097926397,6.914634720816043,-2.4600288017666934,4.355913914071578,0.7788989180453454,-2.6054143950510134,-0.16867034531467068,-1.0582295464997218,1.5627125618113404,-0.4729320036038057,-3.7774530600871694,2.64401648010963,1.5453466025219527,-0.49422195536181035,-4.609789812090237,-4.199338339156179,4.27293527247266,-3.8068656561095913,0.3316485240376076,-0.9162924249198409,-7.2331182932252265,1.4145463227473638,0.7401058529876517,-0.8422670663425285,3.6462348090393477
-0.4441618971387222,1.4479996920679283,-0.4086730182450719,0.548150885872651,0.8769534097926397,0.2800935628105019,1.382208171561445,-0.5566829484116187,1.0739819894050155,0.1385087100165457,-0.6173736999005541,-0.006769965178642553,-0.22922550130388233,0.18380627765799248,-0.1467220281220179,-0.9606430588942305,0.7604563361430771,0.36543868492041376,-0.02360578842511835,-1.1271645274647855,-0.8122271188832053,0.9474705072782265,-1.0149379711331095,0.14505708870609033,0.025168760743097904,-1.6431364133774429,0.2523492099706413,0.11838774146906877,-0.21461314354203603,1.1091694424798548
-7.062315194610924,28.12439028957593,-2.8474608204891605,13.293204749957985,6.914634720816043,1.382208171561445,33.730002085481196,-10.186787794732336,15.036874630750921,4.373857373137473,-9.694304485509992,-1.69568152555938,-4.487012372408425,11.085054275513341,-0.8955292550531055,-12.064371563464851,6.453756136163847,5.966791629493796,-4.467327581113571,-16.36684319465207,-21.027730258432435,17.468325440451807,-11.356671056972656,-0.8015208672833197,-10.156573736723368,-29.537741847331986,7.686372055471172,4.129063160938718,-2.898501811110737,7.147712348917887
2.2338141637470708,-8.702838684087558,1.0423285698532097,-4.045876849992062,-2.4600288017666934,-0.5566829484116187,-10.186787794732336,3.203632799773326,-4.857883469395698,-1.2814505238100629,3.1188107152588698,0.43336952622596775,1.3623048177218735,-3.1686329980438015,0.3944906105072572,3.9490831287462305,-2.3070781066784143,-1.8823183231508294,1.2346458984806723,5.245972270053741,6.328142779374303,-5.467755056061431,3.776356512005411,0.0823589841379449,2.7695925328471813,9.213063940465265,-2.2741454728156407,-1.2160600322272275,0.8954924831092181,-2.7527154669519107
-3.4759916894113143,13.14089940239487,-1.875191336759389,5.9668527958498965,4.355913914071578,1.0739819894050155,15.036874630750921,-4.857883469395698,7.73684484506394,1.8437296378847936,-4.856786564724022,-0.5785893598688417,-2.0935563380187996,4.391804438098504,-0.657834306500448,-6.4255089218934875,3.9335914673675294,2.912223511216752,-1.6566602195761702,-8.30183826558656,-9.309133939068156,8.401130730941569,-6.211842577932991,0.08205755569946993,-3.611555735002804,-14.104547829321422,3.2976802225811475,1.7701505193883442,-1.4427562659894342,4.938930563418906
-0.8849550394433778,3.5876135408790657,-0.31481825887142134,1.711013909600956,0.7788989180453454,0.1385087100165457,4.373857373137473,-1.2814505238100629,1.8437296378847936,0.5814861944831828,-1.1910225791456908,-0.24836816665711478,-0.5785114372519845,1.4883654932727617,-0.07841848001671914,-1.461052726392523,0.7289366922255802,0.7498675141261456,-0.6130615894830752,-2.023272682234467,-2.727691090674991,2.1890786703255287,-1.367931284248615,-0.15997689450225286,-1.4046790868765098,-3.7381732263959893,1.0101007569750684,0.5391510748365155,-0.3751022010158852,0.7458089562040177
2.1915982254173403,-8.3973934264325,1.1098203681195913,-3.870257624050444,-2.6054143950510134,-0.6173736999005541,-9.694304485509992,3.1188107152588698,-4.856786564724022,-1.1910225791456908,3.101002442132738,0.3604155742309044,1.3136998429365336,-2.912914265068902,0.43302829922022507,3.993609100725864,-2.4104396742439675,-1.8409247891178127,1.108792112488883,5.212708611497406,6.025203511078008,-5.37544826157997,3.8214369562228687,-0.03525716379852936,2.4559487526121226,8.964486669196038,-2.1394853713183624,-1.1560747425532036,0.8628150715075108,-2.981530389794672
0.3067025164328637,-1.3074914612664283,0.06065819020580514,-0.6345125750786962,-0.16867034531467068,-0.006769965178642553,-1.69568152555938,0.43336952622596775,-0.5785893598688417,-0.24836816665711478,0.3604155742309044,0.1488052296389637,0.23312745600738266,-0.640142250393214,-0.03637755556992021,0.4418208524406902,-0.13610224338413796,-0.2611306315614714,0.28327376740868615,0.660475637209332,1.0527848718326664,-0.7365805609017015,0.4095809830740997,0.15278941303021765,0.6575740428020301,1.3341667224064053,-0.41128530961490845,-0.2145900747233631,0.16617715215593556,-0.04131990120064605
0.9722788151760721,-3.776036069383261,0.4422700472923042,-1.7542530636319185,-1.0582295464997218,-0.22922550130388233,-4.487012372408425,1.3623048177218735,-2.0935563380187996,-0.5785114372519845,1.3136998429365336,0.23312745600738266,0.627075147694645,-1.4276442172029087,0.1125492757084449,1.7125972857864136,-0.9334760196407079,-0.8160553739620947,0.5705784202364209,2.2704790930471392,2.7859887909449994,-2.363866241721511,1.6279883657139973,0.09558018518164066,1.2781846594430575,4.01488672594396,-1.016538962896176,-0.5492088827104483,0.42957154850452456,-1.072835601560106
-2.1335222265423637,8.875490485617698,-0.5833103166051608,4.359038048329919,1.5627125618113404,0.18380627765799248,11.085054275513341,-3.1686329980438015,4.391804438098504,1.4883654932727617,-2.912914265068902,-0.640142250393214,-1.4276442172029087,3.975328527279389,-0.14459347836495162,-3.4103867139701185,1.508261554966772,1.8133666059788989,-1.6657680297241713,-4.831426948283503,-6.973747829249001,5.466144655111235,-3.0692581335558735,-0.4844270758079954,-3.878726948385158,-9.183059741208389,2.604911387459641,1.423776570675011,-0.8437417937175357,1.3412268493065524
0.26971237426119016,-0.9265604391544763,0.22000931638192808,-0.39215284987303173,-0.4729320036038057,-0.1467220281220179,-0.8955292550531055,0.3944906105072572,-0.657834306500448,-0.07841848001671914,0.43302829922022507,-0.03637755556992021,0.1125492757084449,-0.14459347836495162,0.1565001096185873,0.5601460151000835,-0.4821748144990662,-0.22472930913754727,0.018713377106656506,0.6759884794287431,0.5398232713926329,-0.6270940804711497,0.5761869400138864,-0.1251080545676209,0.021627158222831885,1.0248297459898366,-0.1616273068128175,-0.08214021287230797,0.07468091113197234,-0.7062155520493384
2.8592765283437993,-10.658292318238319,1.6370170343287123,-4.784395520902845,-3.7774530600871694,-0.9606430588942305,-12.064371563464851,3.9490831287462305,-6.4255089218934875,-1.461052726392523,3.993609100725864,0.4418208524406902,1.7125972857864136,-3.4103867139701185,0.5601460151000835,5.384956106056305,-3.3638853014464565,-2.3891243111869946,1.263499138971376,6.875493818245903,7.453287177874686,-6.862245669506339,5.233839023813645,-0.14160165143520376,2.710886207351101,11.51353576847991,-2.6223754169809643,-1.4092796554295939,1.207582878329171,-4.306359141937927
-1.7002118063563538,6.067391168765998,-1.1933566780814966,2.5869215264351575,2.64401648010963,0.7604563361430771,6.453756136163847,-2.3070781066784143,3.9335914673675294,0.7289366922255802,-2.4104396742439675,-0.13610224338413796,-0.9334760196407079,1.508261554966772,-0.4821748144990662,-3.3638853014464565,2.3952126364311286,1.4160593209262953,-0.482564799721725,-4.169509436326033,-3.925195048053331,3.918548313897127,-3.3980056844701756,0.30296104654119266,-0.9358119534348438,-6.64051750499292,1.3217987614041704,0.6788564688482268,-0.7179232677269541,3.283685201189609
-1.3337441943844475,5.137702910846219,-0.6619328802225067,2.356982442128608,1.5453466025219527,0.36543868492041376,5.966791629493796,-1.8823183231508294,2.912223511216752,0.7498675141261456,-1.8409247891178127,-0.2611306315614714,-0.8160553739620947,1.8133666059788989,-0.22472930913754727,-2.3891243111869946,1.4160593209262953,1.1215763648730586,-0.7021430630399875,-3.144994421755474,-3.6941831693643397,3.2220643817789942,-2.307168025424726,-0.03946345335880005,-1.555201026701335,-5.462502008293543,1.3249025834153891,0.7034008335814816,-0.5598614870244865,1.7166590048896708
0.8235574786291703,-3.5037032589553028,0.16892722130184354,-1.7478366117070625,-0.49422195536181035,-0.02360578842511835,-4.467327581113571,1.2346458984806723,-1.6566602195761702,-0.6130615894830752,1.108792112488883,0.28327376740868615,0.5705784202364209,-1.6657680297241713,0.018713377106656506,1.263499138971376,-0.482564799721725,-0.7021430630399875,0.7113429052499528,1.8378115639783812,2.8186926948260713,-2.1355272611259517,1.1113691027441224,0.24947976161843777,1.6689255431025607,3.5963492233399195,-1.066052142798263,-0.5844786062982874,0.3295103773693795,-0.33281709182206665
3.7496455113240392,-14.248233450062807,1.9827853966490916,-6.480427740505391,-4.609789812090237,-1.1271645274647855,-16.36684319465207,5.245972270053741,-8.30183826558656,-2.023272682234467,5.212708611497406,0.660475637209332,2.2704790930471392,-4.831426948283503,0.6759884794287431,6.875493818245903,-4.169509436326033,-3.144994421755474,1.8378115639783812,8.927901882819274,10.131271295213606,-9.054206148901981,6.649353270225412,-0.029823756399069052,4.01900343687341,15.251581679737049,-3.6019502460973007,-1.9246086131107056,1.5688043029304801,-5.187065234723355
4.3710562157756945,-17.468357765254673,1.7119092976743135,-8.298526197990197,-4.199338339156179,-0.8122271188832053,-21.027730258432435,6.328142779374303,-9.309133939068156,-2.727691090674991,6.025203511078008,1.0527848718326664,2.7859887909449994,-6.973747829249001,0.5398232713926329,7.453287177874686,-3.925195048053331,-3.6941831693643397,2.8186926948260713,10.131271295213606,13.136534747063704,-10.89504290011418,6.965462767807813,0.5082327819689547,6.4248843032340535,18.335448469582197,-4.805636816544078,-2.5974661765730205,1.7665815003721905,-4.300328733609914
-3.8313386764807253,14.876910177961493,-1.7856128510065614,6.9405199451031985,4.27293527247266,0.9474705072782265,17.468325440451807,-5.467755056061431,8.401130730941569,2.1890786703255287,-5.37544826157997,-0.7365805609017015,-2.363866241721511,5.466144655111235,-0.6270940804711497,-6.862245669506339,3.918548313897127,3.2220643817789942,-2.1355272611259517,-9.054206148901981,-10.89504290011418,9.49537705290874,-6.481580777054593,-0.11181615562338364,-4.780206950568885,-15.817246947379935,3.9131979047013865,2.1310133338528185,-1.524884333012263,4.6712031391852005
2.7619609386867854,-10.188745095880286,1.6803350804529773,-4.489041511714201,-3.8068656561095913,-1.0149379711331095,-11.356671056972656,3.776356512005411,-6.211842577932991,-1.367931284248615,3.8214369562228687,0.4095809830740997,1.6279883657139973,-3.0692581335558735,0.5761869400138864,5.233839023813645,-3.3980056844701756,-2.307168025424726,1.1113691027441224,6.649353270225412,6.965462767807813,-6.481580777054593,5.182947930545345,-0.1787047921313146,2.3352302788282264,11.021831253824304,-2.4352978798293243,-1.2760748033279898,1.2072304224312744,-4.425418228631598
0.03832614207673144,-0.4044687811069358,-0.16537434256873987,-0.26914583447744034,0.3316485240376076,0.14505708870609033,-0.8015208672833197,0.0823589841379449,0.08205755569946993,-0.15997689450225286,-0.03525716379852936,0.15278941303021765,0.09558018518164066,-0.4844270758079954,-0.1251080545676209,-0.14160165143520376,0.30296104654119266,-0.03946345335880005,0.24947976161843777,-0.029823756399069052,0.5082327819689547,-0.11181615562338364,-0.1787047921313146,0.2501917037455618,0.6220481817068731,0.31575288133685797,-0.2409671299979699,-0.12450876433743611,0.05831438198051125,0.5937657594370072
1.8200932588083716,-7.865117686170807,0.2825664810714597,-3.979245663196543,-0.9162924249198409,0.025168760743097904,-10.156573736723368,2.7695925328471813,-3.611555735002804,-1.4046790868765098,2.4559487526121226,0.6575740428020301,1.2781846594430575,-3.878726948385158,0.021627158222831885,2.710886207351101,-0.9358119534348438,-1.555201026701335,1.6689255431025607,4.01900343687341,6.4248843032340535,-4.780206950568885,2.3352302788282264,0.6220481817068731,3.9453499446954203,8.030402404179942,-2.4438953639173833,-1.3475582747843806,0.7088270247252022,-0.49158185908229973
6.490674310701359,-25.20283768757585,3.0634432383397385,-11.668340511385068,-7.2331182932252265,-1.6431364133774429,-29.537741847331986,9.213063940465265,-14.104547829321422,-3.7381732263959893,8.964486669196038,1.3341667224064053,4.01488672594396,-9.183059741208389,1.0248297459898366,11.51353576847991,-6.64051750499292,-5.462502008293543,3.5963492233399195,15.251581679737049,18.335448469582197,-15.817246947379935,11.021831253824304,0.31575288133685797,8.030402404179942,26.7327390247239,-6.608142872335271,-3.533829793690444,2.6971456670795404,-7.893696532179442
-1.5660281859521046,6.3180125600033366,-0.5680526419423351,3.022877664622826,1.4145463227473638,0.2523492099706413,7.686372055471172,-2.2741454728156407,3.2976802225811475,1.0101007569750684,-2.1394853713183624,-0.41128530961490845,-1.016538962896176,2.604911387459641,-0.1616273068128175,-2.6223754169809643,1.3217987614041704,1.3249025834153891,-1.066052142798263,-3.6019502460973007,-4.805636816544078,3.9131979047013865,-2.4352978798293243,-0.2409671299979699,-2.4438953639173833,-6.608142872335271,1.7714544411206627,0.9582278795358238,-0.6418462985444328,1.3834013787806263
-0.8336799135298195,3.3626168490562622,-0.2868447765790739,1.6311289798108097,0.7401058529876517,0.11838774146906877,4.129063160938718,-1.2160600322272275,1.7701505193883442,0.5391510748365155,-1.1560747425532036,-0.2145900747233631,-0.5492088827104483,1.423776570675011,-0.08214021287230797,-1.4092796554295939,0.6788564688482268,0.7034008335814816,-0.5844786062982874,-1.9246086131107056,-2.5974661765730205,2.1310133338528185,-1.2760748033279898,-0.12450876433743611,-1.3475582747843806,-3.533829793690444,0.9582278795358238,0.5336730323803227,-0.3289006434865942,0.6961729689567737
0.6698913866841953,-2.514958212779104,0.3713058333948828,-1.1101833654546154,-0.8422670663425285,-0.21461314354203603,-2.898501811110737,0.8954924831092181,-1.4427562659894342,-0.3751022010158852,0.8628150715075108,0.16617715215593556,0.42957154850452456,-0.8437417937175357,0.07468091113197234,1.207582878329171,-0.7179232677269541,-0.5598614870244865,0.3295103773693795,1.5688043029304801,1.7665815003721905,-1.524884333012263,1.2072304224312744,0.05831438198051125,0.7088270247252022,2.6971456670795404,-0.6418462985444328,-0.3289006434865942,0.34117909601594554,-0.8747466994307634
-2.0719753436479116,7.090435312062833,-1.671275003981498,2.8939804569894374,3.6462348090393477,1.1091694424798548,7.147712348917887,-2.7527154669519107,4.938930563418906,0.7458089562040177,-2.981530389794672,-0.04131990120064605,-1.072835601560106,1.3412268493065524,-0.7062155520493384,-4.306359141937927,3.283685201189609,1.7166590048896708,-0.33281709182206665,-5.187065234723355,-4.300328733609914,4.6712031391852005,-4.425418228631598,0.5937657594370072,-0.49158185908229973,-7.893696532179442,1.3834013787806263,0.6961729689567737,-0.8747466994307634,4.68074334546488
