V1,V2,V3,V4,V5,V6,V7,V8,V9,V10,V11,V12,V13,V14,V15,V16,V17,V18,V19,V20,V21,V22,V23,V24,V25,V26,V27,V28,V29,V30
5.925474462923364,-22.067289614535817,2.681345155047245,-10.655458853847419,-6.374558483482285,-1.2248199940480158,-26.711542954659983,8.609645024165564,-12.530445743624222,-3.308011842680865,8.202496914544822,1.2043150538017047,3.8960795430054977,-8.44896494768659,1.6268046494129225,10.183865276153623,-5.891388213860942,-4.869699217800449,3.262714412781747,13.179193249071293,16.36475558964657,-13.970107891644448,9.649848928479425,0.7316422518687989,7.844264878709581,24.087254900549084,-6.060710759155514,-3.5131407175754688,2.5784637460873587,-6.896355601532084
-22.067289614535817,89.41562572501768,-10.15896780348163,40.407993488012025,24.18991923593536,5.920387816371817,103.22283187678595,-30.850544605513804,48.74770771335124,13.413055235314939,-30.37080376935537,-4.89003714679953,-13.135068290367986,32.454308865869784,-0.951093151853704,-39.72538485162618,22.05523115787256,18.954635054197,-13.026242695317883,-53.97573406772675,-64.93230898845871,55.74777827296608,-37.96363181763281,-0.23874907537030926,-27.55358785415489,-92.46905112537962,23.03118500241346,11.554976634444854,-8.759232969745355,25.871989298117686
2.681345155047245,-10.15896780348163,1.2174992750017126,-4.839085841123529,-2.8953626435683075,-0.5868058529457403,-12.176962402586607,3.866905173453238,-5.720061879144497,-1.5231015305684228,3.707499028254954,0.5546627621623845,1.7300948606263862,-3.8469267025552956,0.6138125823990935,4.651422754923666,-2.6686874989109444,-2.2232168715900453,1.4973750513625363,6.080983099569116,7.500737507168171,-6.410763277986898,4.415215197795553,0.27151973758326936,3.509839849219602,10.965975866634272,-2.7535559715937157,-1.5531185818160336,1.146584090238332,-3.125235660250314
-10.655458853847419,40.407993488012025,-4.839085841123529,19.233922872439987,11.508155446112063,2.3388250455723467,48.40961038585448,-15.36059888292973,22.74169693422609,6.058311142760528,-14.732406086200383,-2.206281425135011,-6.868249677768699,15.292553839411779,-2.4131215050786983,-18.49355030184786,10.605671793441465,8.839083004657322,-5.954979374617532,-24.19035270309441,-29.82784158470381,25.494926855874958,-17.556022688020985,-1.066334423313003,-13.939492695784116,-43.5921214558884,10.944822202662962,6.164193928750315,-4.552126651612655,12.420268939840353
-6.374558483482285,24.18991923593536,-2.8953626435683075,11.508155446112063,6.885730965382579,1.402239889850418,28.96900451833213,-9.18666412534489,13.609733371007694,3.6267662473314446,-8.81317593489516,-1.3207841429287936,-4.105814033880522,9.150820903207196,-1.432251144628621,-11.067679556846565,6.345067590402915,5.289748699497187,-3.564453613934615,-14.482648728718232,-17.853149663822002,15.26045803852635,-10.507324797542376,-0.6323612379606753,-8.335435272034724,-26.084842767197202,6.548668467648332,3.684262334801949,-2.7213984137506118,7.430839586683568
-1.2248199940480158,5.920387816371817,-0.5868058529457403,2.3388250455723467,1.402239889850418,0.508489410347507,6.224964712063437,-1.5517728136698017,2.981345169167017,0.8892117786372709,-1.6623464416770986,-0.3250165174541191,-0.547119986298832,1.932245779002639,0.6232164385960972,-2.4430703131924467,1.239371707928325,1.160483570875819,-0.8388697299844743,-3.6437141113838982,-4.1317808873916775,3.5867429220501394,-2.375334911426978,0.3158020040607587,-1.3096430099502774,-5.49832368018866,1.3392281871626848,0.43903310869475415,-0.37454817324341866,1.4610424410707499
-26.711542954659983,103.22283187678595,-12.176962402586607,48.40961038585448,28.96900451833213,6.224964712063437,122.35258293858672,-38.18356661688732,57.56441918116505,15.47843638953464,-36.884818859467586,-5.63864793958155,-16.851588320832196,38.59942154055206,-4.689219852141837,-46.83953691265352,26.617329550734805,22.37632954505939,-15.161317337628349,-61.94480492592303,-75.8355801065237,64.90267695701584,-44.549753646454135,-2.0111105159228893,-34.50215069010313,-110.01478108643207,27.55949487728269,15.04562601536805,-11.186879162887665,31.185978368571504
8.609645024165564,-30.850544605513804,3.866905173453238,-15.36059888292973,-9.18666412534489,-1.5517728136698017,-38.18356661688732,12.713102817016118,-17.85738425942927,-4.623140379152895,11.947715260507016,1.6819486936235164,5.8914275776947,-12.110393536672126,3.2201149075527384,14.495337455807649,-8.540846749822688,-6.938254911149068,4.593899571192177,18.328498159783717,23.109163747240306,-19.67445144974777,13.68135357172457,1.4799168439738586,11.675908405661243,34.53491431174608,-8.72897235235135,-5.360842054215822,3.8878840755284667,-9.988617118224369
-12.530445743624222,48.74770771335124,-5.720061879144497,22.74169693422609,13.609733371007694,2.981345169167017,57.56441918116505,-17.85738425942927,27.09737283050725,7.3101841845857916,-17.29481407396256,-2.663324777768213,-7.84323673047528,18.151563190967195,-1.969799070377219,-22.053551189020805,12.491451566608323,10.533664512487242,-7.151599896002758,-29.278810102233297,-35.754119666473414,30.613504784872546,-20.989634220730707,-0.8314826300246627,-16.110264199070734,-51.73262995604081,12.948919593164197,6.989111763736002,-5.209822234761714,14.637983166600106
-3.308011842680865,13.413055235314939,-1.5231015305684228,6.058311142760528,3.6267662473314446,0.8892117786372709,15.47843638953464,-4.623140379152895,7.3101841845857916,2.012081294945302,-4.5525305077124925,-0.7335585280309602,-1.9672840488662067,4.866344137776244,-0.13612228010334088,-5.9573326501077135,3.30634586762942,2.842444169354426,-1.9538158939742925,-8.097451751212423,-9.738770988668929,8.361614034616894,-5.693522774951334,-0.03264954887109153,-4.128355408248855,-13.865136325042528,3.4530926383984144,1.730230680856554,-1.3119961724504654,3.878585045912525
8.202496914544822,-30.37080376935537,3.707499028254954,-14.732406086200383,-8.81317593489516,-1.6623464416770986,-36.884818859467586,11.947715260507016,-17.29481407396256,-4.5525305077124925,11.35883031200621,1.6572270382055583,5.426775635934926,-11.671578486852628,2.376512306395629,14.053405447010604,-8.152510215841385,-6.721031169317768,4.495148553101027,18.124275645060674,22.556091532335284,-19.24773829760422,13.308642249450402,1.0734277237707326,10.899106189538807,33.27599475267896,-8.378474356137469,-4.900435357632755,3.589874339736414,-9.541857844476594
1.2043150538017047,-4.89003714679953,0.5546627621623845,-2.206281425135011,-1.3207841429287936,-0.3250165174541191,-5.63864793958155,1.6819486936235164,-2.663324777768213,-0.7335585280309602,1.6572270382055583,0.26744544392086955,0.714904162540526,-1.7725873203062852,0.04470037821503639,2.170534385847828,-1.2038131350192127,-1.0355988235120583,0.7121418245075195,2.9526099257533445,3.549292928534965,-3.0476677621870687,2.0747061585813866,0.009526456546536556,1.5013989053800174,5.050371845815475,-1.2575727733954511,-0.6284559999398727,0.47684294948762385,-1.4122102057450647
3.8960795430054977,-13.135068290367986,1.7300948606263862,-6.868249677768699,-4.105814033880522,-0.547119986298832,-16.851588320832196,5.8914275776947,-7.84323673047528,-1.9672840488662067,5.426775635934926,0.714904162540526,2.8228812010807665,-5.367369846849287,2.040056918696171,6.354159085883121,-3.851830435743914,-3.046242119178092,1.9789483894694873,7.735507128451142,10.002383917014217,-8.478504585729707,5.959903277672005,0.9534162523159249,5.473042525237142,15.31238314600754,-3.8975532163971,-2.6003494738924346,1.8556076442897425,-4.498521315099628
-8.44896494768659,32.454308865869784,-3.8469267025552956,15.292553839411779,9.150820903207196,1.932245779002639,38.59942154055206,-12.110393536672126,18.151563190967195,4.866344137776244,-11.671578486852628,-1.7725873203062852,-5.367369846849287,12.182441513761637,-1.6212335466210872,-14.76689390721309,8.41604131415441,7.055582400753803,-4.771939329125629,-19.461106361464832,-23.879351467977738,20.428415317604795,-14.036487393112992,-0.7033144750137416,-10.958045762159733,-34.72339851445443,8.704749182882718,4.800301472069928,-3.561242147943184,9.859103920844953
1.6268046494129225,-0.951093151853704,0.6138125823990935,-2.4131215050786983,-1.432251144628621,0.6232164385960972,-4.689219852141837,3.2201149075527384,-1.969799070377219,-0.13612228010334088,2.376512306395629,0.04470037821503639,2.040056918696171,-1.6212335466210872,4.052543936714892,1.5256003322782294,-1.5363304646515394,-0.758575035997147,0.27768044241422113,0.16257234684796867,1.6774587333262259,-1.2081904536837702,1.2187226153205535,1.9560377149787174,3.325290648793463,4.66103042798263,-1.338987200253175,-2.043638145528587,1.3033115811716705,-1.7598990040132318
10.183865276153623,-39.72538485162618,4.651422754923666,-18.49355030184786,-11.067679556846565,-2.4430703131924467,-46.83953691265352,14.495337455807649,-22.053551189020805,-5.9573326501077135,14.053405447010604,2.170534385847828,6.354159085883121,-14.76689390721309,1.5256003322782294,17.9501158363681,-10.153876990465921,-8.57310438824551,5.82522085340763,23.867941882784493,29.117235768495906,-24.93538067372157,17.08878979841243,0.6391025989290162,13.068806984952191,42.08541785723708,-10.530756933430302,-5.657719245903378,4.221744441310581,-11.899522387799305
-5.891388213860942,22.05523115787256,-2.6686874989109444,10.605671793441465,6.345067590402915,1.239371707928325,26.617329550734805,-8.540846749822688,12.491451566608323,3.30634586762942,-8.152510215841385,-1.2038131350192127,-3.851830435743914,8.41604131415441,-1.5363304646515394,-10.153876990465921,5.8593485310826185,4.854698838299238,-3.257832595945535,-13.181132481645117,-16.33392616937588,13.948844285617959,-9.626545119481719,-0.6879304376320043,-7.772738140156297,-23.992597525687017,6.033143178080232,3.4686464345234076,-2.55023899796734,6.8597310391949735
-4.869699217800449,18.954635054197,-2.2232168715900453,8.839083004657322,5.289748699497187,1.160483570875819,22.37632954505939,-6.938254911149068,10.533664512487242,2.842444169354426,-6.721031169317768,-1.0355988235120583,-3.046242119178092,7.055582400753803,-0.758575035997147,-8.57310438824551,4.854698838299238,4.094806952734647,-2.7805140571362497,-11.385262760557477,-13.900532868891078,11.902371737172293,-8.15994382879393,-0.31975743596617917,-6.258673158927093,-20.108585486118244,5.0329604477425205,2.7140985191049296,-2.0235447561513227,5.688999442341669
3.262714412781747,-13.026242695317883,1.4973750513625363,-5.954979374617532,-3.564453613934615,-0.8388697299844743,-15.161317337628349,4.593899571192177,-7.151599896002758,-1.9538158939742925,4.495148553101027,0.7121418245075195,1.9789483894694873,-4.771939329125629,0.27768044241422113,5.82522085340763,-3.257832595945535,-2.7805140571362497,1.9024863038435023,7.849114048908642,9.493437168217545,-8.14261540444327,5.558644124394835,0.10202533540115952,4.1184416962907076,13.597632916366557,-3.3928855434366003,-1.7494598763010731,1.3177081874669725,-3.8201517096273845
13.179193249071293,-53.97573406772675,6.080983099569116,-24.19035270309441,-14.482648728718232,-3.6437141113838982,-61.94480492592303,18.328498159783717,-29.278810102233297,-8.097451751212423,18.124275645060674,2.9526099257533445,7.735507128451142,-19.461106361464832,0.16257234684796867,23.867941882784493,-13.181132481645117,-11.385262760557477,7.849114048908642,32.62436337241212,39.095902236354775,-33.5895097402625,22.833800084513218,-0.054777518647102175,16.32397952893166,55.444537237798414,-13.791383082436425,-6.779605238259507,5.16430810546967,-15.46650726628883
16.36475558964657,-64.93230898845871,7.500737507168171,-29.82784158470381,-17.853149663822002,-4.1317808873916775,-75.8355801065237,23.109163747240306,-35.754119666473414,-9.738770988668929,22.556091532335284,3.549292928534965,10.002383917014217,-23.879351467977738,1.6774587333262259,29.117235768495906,-16.33392616937588,-13.900532868891078,9.493437168217545,39.095902236354775,47.39378534554103,-40.63339122318918,27.76753565846255,0.6502530436727683,20.74923066029585,68.04735821217395,-16.991973682741374,-8.85992807751441,6.6562313292779525,-19.15024562538814
-13.970107891644448,55.74777827296608,-6.410763277986898,25.494926855874958,15.26045803852635,3.5867429220501394,64.90267695701584,-19.67445144974777,30.613504784872546,8.361614034616894,-19.24773829760422,-3.0476677621870687,-8.478504585729707,20.428415317604795,-1.2081904536837702,-24.93538067372157,13.948844285617959,11.902371737172293,-8.14261540444327,-33.5895097402625,-40.63339122318918,34.85058385946214,-23.793133908801742,-0.4461502596518422,-17.640243431321053,-58.211161758008416,14.525701430782847,7.49647166512444,-5.645272718289758,16.356318768395116
9.649848928479425,-37.96363181763281,4.415215197795553,-17.556022688020985,-10.507324797542376,-2.375334911426978,-44.549753646454135,13.68135357172457,-20.989634220730707,-5.693522774951334,13.308642249450402,2.0747061585813866,5.959903277672005,-14.036487393112992,1.2187226153205535,17.08878979841243,-9.626545119481719,-8.15994382879393,5.558644124394835,22.833800084513218,27.76753565846255,-23.793133908801742,16.282715900296257,0.4951498461007153,12.309777336175681,40.00138018733274,-9.998992361960857,-5.293143297568352,3.9629056970394143,-11.283951098978832
0.7316422518687989,-0.23874907537030926,0.27151973758326936,-1.066334423313003,-0.6323612379606753,0.3158020040607587,-2.0111105159228893,1.4799168439738586,-0.8314826300246627,-0.03264954887109153,1.0734277237707326,0.009526456546536556,0.9534162523159249,-0.7033144750137416,1.9560377149787174,0.6391025989290162,-0.6879304376320043,-0.31975743596617917,0.10202533540115952,-0.054777518647102175,0.6502530436727683,-0.4461502596518422,0.4951498461007153,0.9446799724786724,1.538913600075334,2.0240274613410922,-0.5901820624060864,-0.9590491799370553,0.6081844659628457,-0.7865298192974897
7.844264878709581,-27.55358785415489,3.509839849219602,-13.939492695784116,-8.335435272034724,-1.3096430099502774,-34.50215069010313,11.675908405661243,-16.110264199070734,-4.128355408248855,10.899106189538807,1.5013989053800174,5.473042525237142,-10.958045762159733,3.325290648793463,13.068806984952191,-7.772738140156297,-6.258673158927093,4.1184416962907076,16.32397952893166,20.74923066029585,-17.640243431321053,12.309777336175681,1.538913600075334,10.765212679495615,31.25295226987343,-7.91773514781464,-5.001437093439552,3.606894449379008,-9.086087460301762
24.087254900549084,-92.46905112537962,10.965975866634272,-43.5921214558884,-26.084842767197202,-5.49832368018866,-110.01478108643207,34.53491431174608,-51.73262995604081,-13.865136325042528,33.27599475267896,5.050371845815475,15.31238314600754,-34.72339851445443,4.66103042798263,42.08541785723708,-23.992597525687017,-20.108585486118244,13.597632916366557,55.444537237798414,68.04735821217395,-58.211161758008416,40.00138018733274,2.0240274613410922,31.25295226987343,98.97218845161004,-24.812906966533593,-13.696882110878747,10.159234545485594,-28.10614414740119
-6.060710759155514,23.03118500241346,-2.7535559715937157,10.944822202662962,6.548668467648332,1.3392281871626848,27.55949487728269,-8.72897235235135,12.948919593164197,3.4530926383984144,-8.378474356137469,-1.2575727733954511,-3.8975532163971,8.704749182882718,-1.338987200253175,-10.530756933430302,6.033143178080232,5.0329604477425205,-3.3928855434366003,-13.791383082436425,-16.991973682741374,14.525701430782847,-9.998992361960857,-0.5901820624060864,-7.91773514781464,-24.812906966533593,6.228326023180622,3.4960835398655217,-2.5836581477997482,7.065749226901742
-3.5131407175754688,11.554976634444854,-1.5531185818160336,6.164193928750315,3.684262334801949,0.43903310869475415,15.04562601536805,-5.360842054215822,6.989111763736002,1.730230680856554,-4.900435357632755,-0.6284559999398727,-2.6003494738924346,4.800301472069928,-2.043638145528587,-5.657719245903378,3.4686464345234076,2.7140985191049296,-1.7494598763010731,-6.779605238259507,-8.85992807751441,7.49647166512444,-5.293143297568352,-0.9590491799370553,-5.001437093439552,-13.696882110878747,3.4960835398655217,2.40584921831721,-1.7069263376625783,4.048804722607671
2.5784637460873587,-8.759232969745355,1.146584090238332,-4.552126651612655,-2.7213984137506118,-0.37454817324341866,-11.186879162887665,3.8878840755284667,-5.209822234761714,-1.3119961724504654,3.589874339736414,0.47684294948762385,1.8556076442897425,-3.561242147943184,1.3033115811716705,4.221744441310581,-2.55023899796734,-2.0235447561513227,1.3177081874669725,5.16430810546967,6.6562313292779525,-5.645272718289758,3.9629056970394143,0.6081844659628457,3.606894449379008,10.159234545485594,-2.5836581477997482,-1.7069263376625783,1.220331727999213,-2.978905127561435
-6.896355601532084,25.871989298117686,-3.125235660250314,12.420268939840353,7.430839586683568,1.4610424410707499,31.185978368571504,-9.988617118224369,14.637983166600106,3.878585045912525,-9.541857844476594,-1.4122102057450647,-4.498521315099628,9.859103920844953,-1.7598990040132318,-11.899522387799305,6.8597310391949735,5.688999442341669,-3.8201517096273845,-15.46650726628883,-19.15024562538814,16.356318768395116,-11.283951098978832,-0.7865298192974897,-9.086087460301762,-28.10614414740119,7.065749226901742,4.048804722607671,-2.978905127561435,8.031336657198379
