V1,V2,V3,V4,V5,V6,V7,V8,V9,V10,V11,V12,V13,V14,V15,V16,V17,V18,V19,V20,V21,V22,V23,V24,V25,V26,V27,V28,V29,V30
0.24729034455041152,9.488987765651747e-4,0.11018734507006886,-0.29585520738977533,-0.0741974083551754,0.10882563718846357,-0.5591585894614773,0.5731490377694525,-0.0036706802380058502,-0.01529198660747305,0.2406194238898205,0.047678980726764054,0.30063849611009386,-0.10072843371531613,0.8990713768180063,-0.09247920659632917,-0.32074542612450596,-0.10251479187670555,-0.04161205629487608,-0.3245276700642622,-0.042789496010233796,0.3497411980042965,0.12102721731274663,0.5141830003925348,0.4631557996743539,0.5429899274589217,-0.14710056876287367,-0.22450695268049786,0.3071140903279834,-0.36966764540670194
9.488987765651747e-4,5.430119491377309,-0.09971673282512114,0.2274937565177426,-1.4950386826844508,0.9018176844119061,2.5809339946070526,0.16633390045149155,-1.2417125540540648,1.0756205978048552,1.3922624678334694,-0.8798534085948122,1.300293245355617,-0.07303406480082378,1.8557238010000083,1.8667843456036934,0.6436302839728683,0.6256133851968869,-0.19855434861774424,-0.8053701091763982,-1.1086330012292946,-1.8875926333250859,-0.8901435856816882,-0.1314591111349384,1.2852037903658236,-1.045290306486351,0.07295641564297231,-2.1303763401780933,-0.3032572525510388,0.5629982380981929
0.11018734507006886,-0.09971673282512114,0.11890347216844219,-0.06574669870010325,-0.1553654752989182,-0.04159087964552269,-0.1364144544080415,0.2047575526580887,-0.06879445107516091,4.767068633294882e-4,0.09264575415088314,0.009562347405572392,0.08079408089634722,0.08169156585534186,0.3064464078217352,0.036281966865218444,-0.25056706094991726,-0.06465731524999571,-0.07211310799217298,-0.01177009417520338,-0.0747754744689332,0.14135595186357316,0.18802408439252905,0.12597150818186476,-0.026356785349021142,0.2451808100078523,-0.009924666259322448,-0.010897201825886299,0.1328590913465699,-0.3591214994746665
-0.29585520738977533,0.2274937565177426,-0.06574669870010325,0.45142354250907113,-0.06752583929137985,-0.16530167003461887,0.9492772510176432,-0.7083653841904678,-0.04102776336168564,0.08010430715292118,-0.2695068007193428,-0.096400290363483,-0.3411092739308537,0.27377110658180676,-1.0012341372222184,0.19322168462010503,0.29865492329385596,0.14090050713156999,-0.03130053129409829,0.37720733332891115,-0.13937313507112079,-0.38083306722095017,-0.08034778400118413,-0.653750891606046,-0.715484934078174,-0.7465919015024393,0.24592146882152943,0.26526130639913736,-0.3508783970760184,0.27220259115383627
-0.0741974083551754,-1.4950386826844508,-0.1553654752989182,-0.06752583929137985,1.0702162650959828,-0.10387198656364285,-0.8476471188265973,0.010517038593816988,1.0222713327296264,-0.39499739167829606,-0.7009556602790384,0.39071811032750314,-0.42994227807891905,-0.07709343969503901,-0.3137757574184692,-1.2824379185272958,0.029895338312184078,-0.12760922235874989,0.11123633008896527,-0.43004242774247464,0.15459994631827687,1.3338121784568873,-0.15064395141778553,0.4577944678404579,-0.05089612734810255,-0.018472420650927992,-0.05158534992803123,0.7173421252776897,0.17795535317920264,0.28142055299013274
0.10882563718846357,0.9018176844119061,-0.04159087964552269,-0.16530167003461887,-0.10387198656364285,0.27765433792331207,0.011901175322585932,0.337049586441898,-0.08705141771349442,0.1404621748187083,0.3142840183638054,-0.09017864754297569,0.37716127686231293,-0.18440551998185253,0.7844998305905566,0.12152466590286216,0.0643254835685731,0.06671794721271554,0.0065279844300055664,-0.42763916676449193,-0.13671902603378436,-0.06700673370471204,-0.22665806502915897,0.3347525980079695,0.6417487950387922,0.07373330273884637,-0.1116075340470586,-0.49772382955468114,0.10286611247989297,0.12563865460233456
-0.5591585894614773,2.5809339946070526,-0.1364144544080415,0.9492772510176432,-0.8476471188265973,0.011901175322585932,2.8862311850305735,-1.302448568665545,-0.7223896684963629,0.6075946417227742,0.11950111604839268,-0.58575298257009345,-0.14367944908731042,0.5178052681394794,-1.2258556273787573,1.274622997449681,0.7789046871178307,0.511529077311942,-0.15331202356372167,0.5523226720008405,-0.6662067137770331,-1.6830027133493302,-0.4363375466288238,-1.431591387733762,-0.9408553287511134,-1.7926868065549733,0.5136144094526534,-0.35925873755895943,-0.8448146739313099,0.6373730584818438
0.5731490377694525,0.16633390045149155,0.2047575526580887,-0.7083653841904678,0.010517038593816988,0.337049586441898,-1.302448568665545,1.4253791562294154,0.20395529878919302,-0.03429363776208474,0.5165095158057753,0.13248559665490875,0.7313778368162535,-0.25764025966548343,2.3319247197277435,-0.4545635314089634,-0.7100016334630427,-0.21459569927272643,-0.10090130880979094,-1.0535096587799926,-0.21526890228392156,1.1036856097980725,0.13036821858988307,1.3854114338705734,1.2417834890623014,1.166372780358736,-0.35436687960305935,-0.5494502395175087,0.7642639314819152,-0.7664973151347371
-0.0036706802380058502,-1.2417125540540648,-0.06879445107516091,-0.04102776336168564,1.0222713327296264,-0.08705141771349442,-0.7223896684963629,0.20395529878919302,1.1623367006221847,-0.3534717920718037,-0.6923567575939463,0.4037069823721036,-0.3319303100857283,0.08231161526238144,0.1565398244264941,-1.4383696831100528,-0.16484694213231857,-0.13552046387455538,-0.003640436109263614,-0.7361992724195792,-0.16362119406291073,1.770486278798532,-0.11074140573685622,0.7092945770418393,-0.048660627764778336,-0.02911564109780823,-0.013871786661454453,0.696895089118554,0.34420773847877606,0.009323972307140277
-0.01529198660747305,1.0756205978048552,4.767068633294882e-4,0.08010430715292118,-0.39499739167829606,0.1404621748187083,0.6075946417227742,-0.03429363776208474,-0.3534717920718037,0.23387826140037865,0.3039408807993716,-0.20913140866825516,0.23022723006839885,0.023861095971834962,0.24866611914077966,0.4997575490439941,0.11653834996672924,0.12764995708853133,-0.050917662337349984,-0.021598254956739123,-0.20173051929545457,-0.5360521035164421,-0.12305419212474376,-0.1566045865226522,0.14007074499574226,-0.221791591010143,0.041490393708670206,-0.4125717817424152,-0.11280689337102374,0.05981890562825001
0.2406194238898205,1.3922624678334694,0.09264575415088314,-0.2695068007193428,-0.7009556602790384,0.3142840183638054,0.11950111604839268,0.5165095158057753,-0.6923567575939463,0.3039408807993716,0.771094943293111,-0.2730480277962177,0.6452114660503554,-0.1954062368262797,1.121315329908849,0.8068999969221285,-0.10845370335277565,0.060998812542247455,-0.049191967600706245,-0.14709964698595787,-0.10276429145348114,-0.7504504152242807,-0.01990509489278657,0.18218816238483926,0.7470132532967168,0.38730590219344824,-0.14548504332086018,-0.8809076286154873,0.08403070393813845,-0.22037506803568016
0.047678980726764054,-0.8798534085948122,0.009562347405572392,-0.096400290363483,0.39071811032750314,-0.09017864754297569,-0.58575298257009345,0.13248559665490875,0.4037069823721036,-0.20913140866825516,-0.2730480277962177,0.21085753092779022,-0.14807459018578625,-0.017195606877373988,-0.011822072871443932,-0.550622856013425,-0.14417733224528909,-0.11879644367561501,0.02735357621140542,-0.14416625966945673,0.09682151943567986,0.6729676639641211,0.08712715029105794,0.2939721254346977,-0.02836398215771911,0.22149697497237736,-0.05212782803548046,0.3382104664279529,0.18087053955447102,-0.08482617782831194
0.30063849611009386,1.300293245355617,0.08079408089634722,-0.3411092739308537,-0.42994227807891905,0.37716127686231293,-0.14367944908731042,0.7313778368162535,-0.3319303100857283,0.23022723006839885,0.6452114660503554,-0.14807459018578625,0.7003713044158479,-0.22042384705772117,1.5000516970147026,0.36833241287696866,-0.17036628894198994,0.02880571391244444,-0.05712695727875621,-0.5643776167089161,-0.23200967043456583,-0.12244001126913298,-0.10082159941949222,0.59577074262172,0.9691266044197229,0.4436040514839046,-0.19618893330400697,-0.8306238085132965,0.2872584773839924,-0.20701625323127343
-0.10072843371531613,-0.07303406480082378,0.08169156585534186,0.27377110658180676,-0.07709343969503901,-0.18440551998185253,0.5178052681394794,-0.25764025966548343,0.08231161526238144,0.023861095971834962,-0.1954062368262797,-0.017195606877373988,-0.22042384705772117,0.3490453240720719,-0.32887861166453686,-0.04705290979266955,-0.11140657310678789,0.018401786825710975,-0.1293727361562517,0.12368694919407082,-0.2712082993895415,0.18017226048347204,0.13036767228370905,-0.2442799739841166,-0.6063881866328018,-0.32392003108567063,0.19096869281654266,0.2966914866930688,-0.06555355207079874,-0.2499360435186254
0.8990713768180063,1.8557238010000083,0.3064464078217352,-1.0012341372222184,-0.3137757574184692,0.7844998305905566,-1.2258556273787573,2.3319247197277435,0.1565398244264941,0.24866611914077966,1.121315329908849,-0.011822072871443932,1.5000516970147026,-0.32887861166453686,4.34539472916585,-0.3934969306399773,-0.9931820604391429,-0.15552287492594,-0.2676223189290068,-2.0882868048390333,-0.8328918403783225,1.5378785618000834,-0.0778840495417208,2.266996750924965,2.2692586462646998,1.4359093439597885,-0.4982105041188703,-1.3963787222945947,1.1817300359741352,-1.116864261140659
-0.09247920659632917,1.8667843456036934,0.036281966865218444,0.19322168462010503,-1.2824379185272958,0.12152466590286216,1.274622997449681,-0.4545635314089634,-1.4383696831100528,0.4997575490439941,0.8068999969221285,-0.550622856013425,0.36833241287696866,-0.04705290979266955,-0.3934969306399773,1.8478012715484289,0.3607332766750217,0.24569768653518922,-7.591370975812098e-4,0.9166956960736095,0.10364005666020579,-2.3178887851132775,0.021674749886662553,-1.0298911264673478,-0.0428016343384789,-0.2676657673620497,0.08494115755102805,-0.8780194482338056,-0.5342550911975411,0.16767805568671845
-0.32074542612450596,0.6436302839728683,-0.25056706094991726,0.29865492329385596,0.029895338312184078,0.0643254835685731,0.7789046871178307,-0.7100016334630427,-0.16484694213231857,0.11653834996672924,-0.10845370335277565,-0.14417733224528909,-0.17036628894198994,-0.11140657310678789,-0.9931820604391429,0.3607332766750217,0.6782109109229243,0.21878192545496333,0.1456363830186772,0.316743585101555,0.143675007902685,-0.8605525175011849,-0.3948962847938514,-0.6271913278683517,-0.1348974786192751,-0.7476479936110259,0.09714799975393804,-0.08945667422816293,-0.45939705246150864,0.8643984453657422
-0.10251479187670555,0.6256133851968869,-0.06465731524999571,0.14090050713156999,-0.12760922235874989,0.06671794721271554,0.511529077311942,-0.21459569927272643,-0.13552046387455538,0.12764995708853133,0.060998812542247455,-0.11879644367561501,0.02880571391244444,0.018401786825710975,-0.15552287492594,0.24569768653518922,0.21878192545496333,0.11550145661681958,0.0013805980181871387,0.032796487966126914,-0.09902949570661172,-0.3636773086212446,-0.16490931419501736,-0.21951040197130436,-0.02087806082466869,-0.34265654248143895,0.06276004082279261,-0.15927892383841263,-0.16250575403457868,0.239443116225374
-0.04161205629487608,-0.19855434861774424,-0.07211310799217298,-0.03130053129409829,0.11123633008896527,0.0065279844300055664,-0.15331202356372167,-0.10090130880979094,-0.003640436109263614,-0.050917662337349984,-0.049191967600706245,0.02735357621140542,-0.05712695727875621,-0.1293727361562517,-0.2676223189290068,-7.591370975812098e-4,0.1456363830186772,0.0013805980181871387,0.08780580941908459,0.11475204610716955,0.2025160754674673,-0.1601175608938869,-0.05968314269810424,-0.07651072314099149,0.06185857436706036,0.008427796221861555,-0.041828073222403846,0.026679041630157305,-0.0700628964711688,0.23198649339148256
-0.3245276700642622,-0.8053701091763982,-0.01177009417520338,0.37720733332891115,-0.43004242774247464,-0.42763916676449193,0.5523226720008405,-1.0535096587799926,-0.7361992724195792,-0.021598254956739123,-0.14709964698595787,-0.14416625966945673,-0.5643776167089161,0.12368694919407082,-2.0882868048390333,0.9166956960736095,0.316743585101555,0.032796487966126914,0.11475204610716955,1.5301032884490706,0.6165452680094425,-1.5596290626333353,0.33691015303021327,-1.3873222883577652,-1.130896642682993,-0.29906530008762516,0.201655003550498,0.41922783069453634,-0.640066199996549,0.20585627987057098
-0.042789496010233796,-1.1086330012292946,-0.0747754744689332,-0.13937313507112079,0.15459994631827687,-0.13671902603378436,-0.6662067137770331,-0.21526890228392156,-0.16362119406291073,-0.20173051929545457,-0.10276429145348114,0.09682151943567986,-0.23200967043456583,-0.2712082993895415,-0.8328918403783225,0.10364005666020579,0.143675007902685,-0.09902949570661172,0.2025160754674673,0.6165452680094425,0.6787231111615772,-0.4937336349339011,0.13749447398268097,-0.30980778469670006,-0.08364343675794446,0.3319689481666526,-0.10905619508893044,0.22937425016348578,-0.15537835531422237,0.24908175092272436
0.3497411980042965,-1.8875926333250859,0.14135595186357316,-0.38083306722095017,1.3338121784568873,-0.06700673370471204,-1.6830027133493302,1.1036856097980725,1.770486278798532,-0.5360521035164421,-0.7504504152242807,0.6729676639641211,-0.12244001126913298,0.18017226048347204,1.5378785618000834,-2.3178887851132775,-0.8605525175011849,-0.3636773086212446,-0.1601175608938869,-1.5596290626333353,-0.4937336349339011,3.34074363923119,0.13157581898614784,1.769989177571267,0.3169159525641042,0.6690651925455253,-0.14616944664147877,0.8465595096735271,0.9952804012061764,-0.7742871628394417
0.12102721731274663,-0.8901435856816882,0.18802408439252905,-0.08034778400118413,-0.15064395141778553,-0.22665806502915897,-0.4363375466288238,0.13036821858988307,-0.11074140573685622,-0.12305419212474376,-0.01990509489278657,0.08712715029105794,-0.10082159941949222,0.13036767228370905,-0.0778840495417208,0.021674749886662553,-0.3948962847938514,-0.16490931419501736,-0.05968314269810424,0.33691015303021327,0.13749447398268097,0.13157581898614784,0.44178087338459104,-0.020209354575447085,-0.33871317551533214,0.46827261009077914,-0.002097529562125341,0.26891842872210947,0.13049637979690704,-0.5642186882959379
0.5141830003925348,-0.1314591111349384,0.12597150818186476,-0.653750891606046,0.4577944678404579,0.3347525980079695,-1.431591387733762,1.3854114338705734,0.7092945770418393,-0.1566045865226522,0.18218816238483926,0.2939721254346977,0.59577074262172,-0.2442799739841166,2.266996750924965,-1.0298911264673478,-0.6271913278683517,-0.21951040197130436,-0.07651072314099149,-1.3873222883577652,-0.30980778469670006,1.769989177571267,-0.020209354575447085,1.639218277900299,1.247208420687079,0.97878030231851,-0.34597859070092596,-0.2982269493465671,0.8619349800117337,-0.5522258254866518
0.4631557996743539,1.2852037903658236,-0.026356785349021142,-0.715484934078174,-0.05089612734810255,0.6417487950387922,-0.9408553287511134,1.2417834890623014,-0.048660627764778336,0.14007074499574226,0.7470132532967168,-0.02836398215771911,0.9691266044197229,-0.6063881866328018,2.2692586462646998,-0.0428016343384789,-0.1348974786192751,-0.02087806082466869,0.06185857436706036,-1.130896642682993,-0.08364343675794446,0.3169159525641042,-0.33871317551533214,1.247208420687079,1.8237472093486429,0.830252479289281,-0.4405622093540162,-1.0888668806944546,0.5328706727066801,0.03463210338775912
0.5429899274589217,-1.045290306486351,0.2451808100078523,-0.7465919015024393,-0.018472420650927992,0.07373330273884637,-1.7926868065549733,1.166372780358736,-0.02911564109780823,-0.221791591010143,0.38730590219344824,0.22149697497237736,0.4436040514839046,-0.32392003108567063,1.4359093439597885,-0.2676657673620497,-0.7476479936110259,-0.34265654248143895,0.008427796221861555,-0.29906530008762516,0.3319689481666526,0.6690651925455253,0.46827261009077914,0.97878030231851,0.830252479289281,1.5031960057451617,-0.37997921232992116,-0.19583702661649666,0.6383485464150309,-0.8306621730490008
-0.14710056876287367,0.07295641564297231,-0.009924666259322448,0.24592146882152943,-0.05158534992803123,-0.1116075340470586,0.5136144094526534,-0.35436687960305935,-0.013871786661454453,0.041490393708670206,-0.14548504332086018,-0.05212782803548046,-0.19618893330400697,0.19096869281654266,-0.4982105041188703,0.08494115755102805,0.09714799975393804,0.06276004082279261,-0.041828073222403846,0.201655003550498,-0.10905619508893044,-0.14616944664147877,-0.002097529562125341,-0.34597859070092596,-0.4405622093540162,-0.37997921232992116,0.1462963750196709,0.17523320617276533,-0.17270565074885993,0.049877403151066244
-0.22450695268049786,-2.1303763401780933,-0.010897201825886299,0.26526130639913736,0.7173421252776897,-0.49772382955468114,-0.35925873755895943,-0.5494502395175087,0.696895089118554,-0.4125717817424152,-0.8809076286154873,0.3382104664279529,-0.8306238085132965,0.2966914866930688,-1.3963787222945947,-0.8780194482338056,-0.08945667422816293,-0.15927892383841263,0.026679041630157305,0.41922783069453634,0.22937425016348578,0.8465595096735271,0.26891842872210947,-0.2982269493465671,-1.0888668806944546,-0.19583702661649666,0.17523320617276533,1.1742380386506015,-0.07330946367346393,-0.0673915646471784
0.3071140903279834,-0.3032572525510388,0.1328590913465699,-0.3508783970760184,0.17795535317920264,0.10286611247989297,-0.8448146739313099,0.7642639314819152,0.34420773847877606,-0.11280689337102374,0.08403070393813845,0.18087053955447102,0.2872584773839924,-0.06555355207079874,1.1817300359741352,-0.5342550911975411,-0.45939705246150864,-0.16250575403457868,-0.0700628964711688,-0.640066199996549,-0.15537835531422237,0.9952804012061764,0.13049637979690704,0.8619349800117337,0.5328706727066801,0.6383485464150309,-0.17270565074885993,-0.07330946367346393,0.5023661509394884,-0.47978809682349705
-0.36966764540670194,0.5629982380981929,-0.3591214994746665,0.27220259115383627,0.28142055299013274,0.12563865460233456,0.6373730584818438,-0.7664973151347371,0.009323972307140277,0.05981890562825001,-0.22037506803568016,-0.08482617782831194,-0.20701625323127343,-0.2499360435186254,-1.116864261140659,0.16767805568671845,0.8643984453657422,0.239443116225374,0.23198649339148256,0.20585627987057098,0.24908175092272436,-0.7742871628394417,-0.5642186882959379,-0.5522258254866518,0.03463210338775912,-0.8306621730490008,0.049877403151066244,-0.0673915646471784,-0.47978809682349705,1.1890714125767938
