V1,V2,V3,V4,V5,V6,V7,V8,V9,V10,V11,V12,V13,V14,V15,V16,V17,V18,V19,V20,V21,V22,V23,V24,V25,V26,V27,V28,V29,V30
3.444906436910124,11.10735722932244,23.63544770470983,47.656302961508175,10.54222801207296,-43.7293784019531,-1.602881465905712,-4.125587479173419,-11.359768220319891,-1.9054859125082833,-20.48636485023028,-27.563992456856617,-22.65306590086245,47.82388395432537,8.481816645237519,15.498915843726266,30.11755591646453,-18.79500279597266,-39.29551365772198,30.375622566861697,1.1504512208120774,-25.07566626728816,-17.186776747921993,0.37654835863760305,2.592416837336379,42.94728307636043,24.001482846344448,3.5024397212078413,1.5287859520368992,19.67024747223914
11.10735722932244,38.93976460178309,79.41698941045165,160.64156155284243,37.09331823148046,-146.72533972294525,-5.795007333862882,-14.698008849742296,-35.63048453960635,-8.961070836755724,-71.303910351664,-92.96441933790763,-78.09335408120069,162.02510883374794,30.235779801484068,53.11931885063755,100.75201828706449,-64.30038772903832,-134.69257697664696,102.18626086136132,4.45075463344373,-85.15431890823074,-56.39549197424762,-0.7720383117436299,9.337388608441033,146.17764478234895,80.4390046122917,10.23545779177618,7.069654322363297,67.41656321001396
23.63544770470983,79.41698941045165,165.6208188782901,334.50569809437906,75.61274751266554,-306.2477446475414,-11.639307131774256,-29.82639968354752,-76.9883867751729,-15.995571782856938,-146.13294500417388,-193.50419955009258,-160.8204025233189,336.50631301835085,61.1086289592211,109.67392840750655,210.61137128172135,-132.88400808029954,-278.08530488011974,213.03760376897128,8.690590842063406,-176.65990152624897,-119.03631476018832,0.4885211490755548,18.7436740398048,302.8490971443719,167.9862417997997,23.01684245313627,12.67420380266277,139.21490494996164
47.656302961508175,160.64156155284243,334.50569809437906,675.69589014489,152.98759021423714,-618.506903352952,-23.567666863932114,-60.38999270070255,-155.08729066592517,-32.71909796827616,-295.55175628105144,-390.87883826683225,-325.14003038375324,679.8646286623366,123.67052388010883,221.67748931687294,425.3094823388357,-268.5720018970059,-562.0782662127797,430.3094671041445,17.651884192479425,-356.95427338911315,-240.20151828913222,0.6459879196119179,37.94059316204254,611.9611241000061,339.25533797518943,46.253694249307884,25.900684341571175,281.39301413892844
10.54222801207296,37.09331823148046,75.61274751266554,152.98759021423714,35.40952362420858,-139.7082331031796,-5.535771505095511,-14.061278898902174,-33.80085460046983,-8.65799518061221,-68.02641387097012,-88.5230018503225,-74.4719311051162,154.33491976791436,28.80662315976593,50.61292680792064,95.91632626739437,-61.2750338493972,-128.36044497535525,97.32732490480782,4.279292228050688,-81.1189146964082,-53.627800350090915,-0.8540321520297257,8.881266142306009,139.25209579236375,76.5835943378898,9.707472939068614,6.8075826246624445,64.25533579756895
-43.7293784019531,-146.72533972294525,-306.2477446475414,-618.506903352952,-139.7082331031796,566.3026624303678,21.48924752627065,55.11163167973823,142.52736479715227,29.41023687254885,270.05922643172534,357.78452134739507,297.2528912216671,-622.1478107830834,-112.85156590427327,-202.72937508888225,-389.4763438646392,245.6390557841126,514.0293217525136,-393.93377473162957,-16.03705011625584,326.60956045870944,220.1981322202969,-1.0237014984753663,-34.60077423834347,-559.8655899274107,-310.6401704618616,-42.67344254594372,-23.30038066764846,-257.33990874143035
-1.602881465905712,-5.795007333862882,-11.639307131774256,-23.567666863932114,-5.535771505095511,21.48924752627065,0.8820301932725528,2.1947961422691082,5.071035424802198,1.4620819143023518,10.591147012930069,13.640696018839082,11.555912431971013,-23.81919265075787,-4.542804946434653,-7.837642235569943,-14.734994259022962,9.489779161744819,19.890980646587966,-14.97531301432222,-0.6855165279646517,12.519237101847077,8.18506677282905,0.22290449476208474,-1.4091390948391822,-21.535308517645376,-11.772997609279,-1.4115151693304313,-1.1523365733062967,-9.949782607770493
-4.125587479173419,-14.698008849742296,-29.82639968354752,-60.38999270070255,-14.061278898902174,55.11163167973823,2.1947961422691082,5.6140110147517595,13.199734911589282,3.554789604562994,26.979334107998625,34.94017787715358,29.499672270551613,-60.95979203604684,-11.413774224776514,-20.02475936241159,-37.823247943502075,24.233177936364903,50.77729485592025,-38.422425198660896,-1.727158582955955,32.06221677120193,21.082222910184235,0.4670104013479223,-3.5135425944093623,-55.021022300691264,-30.206314704864873,-3.763104303158983,-2.7774066063617098,-25.42862254733364
-11.359768220319891,-35.63048453960635,-76.9883867751729,-155.08729066592517,-33.80085460046983,142.52736479715227,5.071035424802198,13.199734911589282,37.8368959479786,5.37692099497595,65.94369188504814,89.67483842921112,73.16836524203303,-155.35334543001645,-27.00565728847538,-50.15671188416725,-98.26671259039581,60.84593407584456,127.13256470196986,-98.93974151318952,-3.571821656746871,81.41515762927197,56.4229443926844,-1.853769842200747,-8.207991413107166,-139.2712692933754,-78.25538301635652,-11.925730887416453,-4.333858803575941,-63.65466793762114
-1.9054859125082833,-8.961070836755724,-15.995571782856938,-32.71909796827616,-8.65799518061221,29.41023687254885,1.4620819143023518,3.554789604562994,5.37692099497595,3.615057662828511,16.112517292151715,18.96590909304913,17.132879041203438,-33.577716700298346,-7.301072898401736,-11.424284328547975,-19.977485837835644,13.763378237733622,29.00369827477072,-20.67176635153271,-1.3122561375397552,17.775844541637777,10.401275167406142,1.594659818980956,-2.3130371503068217,-30.762444668076796,-16.056816729104433,-0.992074970620773,-2.787518863556784,-14.512486318401026
-20.48636485023028,-71.303910351664,-146.13294500417388,-295.55175628105144,-68.02641387097012,270.05922643172534,10.591147012930069,26.979334107998625,65.94369188504814,16.112517292151715,130.87476714661418,171.00394151970738,143.45187466779723,-297.9563845887847,-55.24450337269932,-97.5723268124803,-185.48497457269812,118.14585688917306,247.43589694690826,-188.07638315998082,-8.128411391862254,156.5686584244076,103.97335177918696,1.1635120877979344,-17.009977528858105,-268.6696256271776,-148.06337139522793,-19.131098449423035,-12.68527334225357,-123.86968862231562
-27.563992456856617,-92.96441933790763,-193.50419955009258,-390.87883826683225,-88.5230018503225,357.78452134739507,13.640696018839082,34.94017787715358,89.67483842921112,18.96590909304913,171.00394151970738,226.12140638933306,188.11127360705032,-393.30621149475826,-71.58206903259986,-128.25291237348426,-246.02189914408248,155.38141481261687,325.1931022330041,-248.91880026171847,-10.216305166270908,206.50234262287407,138.93112897797224,-0.3487897219976415,-21.96640581790459,-354.0381036853987,-196.24759680148475,-26.725919223660593,-15.016524050310778,-162.79924424494357
-22.65306590086245,-78.09335408120069,-160.8204025233189,-325.14003038375324,-74.4719311051162,297.2528912216671,11.555912431971013,29.499672270551613,73.16836524203303,17.132879041203438,143.45187466779723,188.11127360705032,157.4093371444397,-327.59238720168014,-60.38480852850519,-107.13913732320678,-204.23496941041688,129.7512012044217,271.6836224115581,-206.9557980874619,-8.810150814568733,172.1013587797949,114.74063523803412,0.8091997419142072,-18.57002072713871,-295.23324097043496,-162.99435773957313,-21.412825324607375,-13.505414520093717,-136.0121255560844
47.82388395432537,162.02510883374794,336.50631301835085,679.8646286623366,154.33491976791436,-622.1478107830834,-23.81919265075787,-60.95979203604684,-155.35334543001645,-33.577716700298346,-297.9563845887847,-393.30621149475826,-327.59238720168014,684.2753832485987,124.87265379051941,223.26935351048166,427.73261269832193,-270.47732630448263,-566.129997593231,432.9058127452885,17.90473580703702,-359.3139763399882,-241.2877300711755,0.13155235646788668,38.33712638384944,616.1094878029118,341.2301486789085,46.1301198790364,26.560673878944094,283.41693095373796
8.481816645237519,30.235779801484068,61.1086289592211,123.67052388010883,28.80662315976593,-112.85156590427327,-4.542804946434653,-11.413774224776514,-27.00565728847538,-7.301072898401736,-55.24450337269932,-71.58206903259986,-60.38480852850519,124.87265379051941,23.593211730320593,41.028517644686865,77.43793476643421,-49.65853042215571,-104.06030450978047,78.61753697441898,3.5095792935963326,-65.63948695319252,-43.17657116174999,-0.8907058782896077,7.311431194455533,112.78853728955718,61.85056286780031,7.616103279045487,5.762916650221423,52.06800096836479
15.498915843726266,53.11931885063755,109.67392840750655,221.67748931687294,50.61292680792064,-202.72937508888225,-7.837642235569943,-20.02475936241159,-50.15671188416725,-11.424284328547975,-97.5723268124803,-128.25291237348426,-107.13913732320678,223.26935351048166,41.028517644686865,72.96754568546265,139.3231469285522,-88.36942750163352,-185.01358199215696,141.1148063030292,5.9448773940533925,-117.28032797741116,-78.38623137363828,-0.34116370813932995,12.615327358222382,201.1543542501082,111.17422310089557,14.742348734603281,9.020521791467674,92.62101141845474
30.11755591646453,100.75201828706449,210.61137128172135,425.3094823388357,95.91632626739437,-389.4763438646392,-14.734994259022962,-37.823247943502075,-98.26671259039581,-19.977485837835644,-185.48497457269812,-246.02189914408248,-204.23496941041688,427.73261269832193,77.43793476643421,139.3231469285522,267.89461032173506,-168.81820075557107,-353.2492515013188,270.90598671639947,10.97300227154509,-224.53341728765105,-151.56541270253058,0.8974249879034375,23.733349084897334,384.84564174265296,213.65308804143962,29.49480440074669,15.834993058170873,176.85077455983253
-18.79500279597266,-64.30038772903832,-132.88400808029954,-268.5720018970059,-61.2750338493972,245.6390557841126,9.489779161744819,24.233177936364903,60.84593407584456,13.763378237733622,118.14585688917306,155.38141481261687,129.7512012044217,-270.47732630448263,-49.65853042215571,-88.36942750163352,-168.81820075557107,107.03627101853444,224.0839280822851,-170.97115098023363,-7.183837449342618,142.06204846158948,95.01633520186854,0.34406173030479187,-15.265270021449428,-243.66735218190777,-134.70810326280642,-17.914363458630547,-10.871168482065368,-112.178207222421
-39.29551365772198,-134.69257697664696,-278.08530488011974,-562.0782662127797,-128.36044497535525,514.0293217525136,19.890980646587966,50.77729485592025,127.13256470196986,29.00369827477072,247.43589694690826,325.1931022330041,271.6836224115581,-566.129997593231,-104.06030450978047,-185.01358199215696,-353.2492515013188,224.0839280822851,469.14794135785763,-357.7984026902206,-15.079387131943731,297.3639260408146,198.73330339207482,0.8803096532095951,-31.99697569404893,-510.0686804491896,-281.8853348752804,-37.365941565061895,-22.902910806755795,-234.85817195079292
30.375622566861697,102.18626086136132,213.03760376897128,430.3094671041445,97.32732490480782,-393.93377473162957,-14.97531301432222,-38.422425198660896,-98.93974151318952,-20.67176635153271,-188.07638315998082,-248.91880026171847,-206.9557980874619,432.9058127452885,78.61753697441898,141.1148063030292,270.90598671639947,-170.97115098023363,-357.7984026902206,274.06214824908477,11.209983039673022,-227.28687501788667,-153.0668275346007,0.5292280203400735,24.104860250001263,389.6120425695349,216.08138922348755,29.570131031178956,16.360065627538095,179.13216777991195
1.1504512208120774,4.45075463344373,8.690590842063406,17.651884192479425,4.279292228050688,-16.03705011625584,-0.6855165279646517,-1.727158582955955,-3.571821656746871,-1.3122561375397552,-8.128411391862254,-10.216305166270908,-8.810150814568733,17.90473580703702,3.5095792935963326,5.9448773940533925,10.97300227154509,-7.183837449342618,-15.079387131943731,11.209983039673022,0.5685249708092748,-9.436888218039085,-5.995813924652313,-0.35741348107216486,1.0884890976497164,16.23293415199594,8.777673201480829,0.9339444090745206,1.0170955861419277,7.5498355882951556
-25.07566626728816,-85.15431890823074,-176.65990152624897,-356.95427338911315,-81.1189146964082,326.60956045870944,12.519237101847077,32.06221677120193,81.41515762927197,17.775844541637777,156.5686584244076,206.50234262287407,172.1013587797949,-359.3139763399882,-65.63948695319252,-117.28032797741116,-224.53341728765105,142.06204846158948,297.3639260408146,-227.28687501788667,-9.436888218039085,188.69959027660224,126.59458543101715,0.0611342388396867,-20.154136985242697,-323.5506059421322,-179.13144911688943,-24.13140804153642,-14.049865723131639,-148.8723952066552
-17.186776747921993,-56.39549197424762,-119.03631476018832,-240.20151828913222,-53.627800350090915,220.1981322202969,8.18506677282905,21.082222910184235,56.4229443926844,10.401275167406142,103.97335177918696,138.93112897797224,114.74063523803412,-241.2877300711755,-43.17657116174999,-78.38623137363828,-151.56541270253058,95.01633520186854,198.73330339207482,-153.0668275346007,-5.995813924652313,126.59458543101715,86.13473969490788,-1.2184761362408418,-13.203958295331612,-216.86466572816326,-120.82652303811773,-17.195252864098272,-8.2810365060662,-99.49513439166695
0.37654835863760305,-0.7720383117436299,0.4885211490755548,0.6459879196119179,-0.8540321520297257,-1.0237014984753663,0.22290449476208474,0.4670104013479223,-1.853769842200747,1.594659818980956,1.1635120877979344,-0.3487897219976415,0.8091997419142072,0.13155235646788668,-0.8907058782896077,-0.34116370813932995,0.8974249879034375,0.34406173030479187,0.8803096532095951,0.5292280203400735,-0.35741348107216486,0.0611342388396867,-1.2184761362408418,1.3233302224514367,-0.32206919945753826,-0.297334404982269,0.6220774038859807,1.0300527104915913,-1.1903271941985931,-0.4439522959483553
2.592416837336379,9.337388608441033,18.7436740398048,37.94059316204254,8.881266142306009,-34.60077423834347,-1.4091390948391822,-3.5135425944093623,-8.207991413107166,-2.3130371503068217,-17.009977528858105,-21.96640581790459,-18.57002072713871,38.33712638384944,7.311431194455533,12.615327358222382,23.733349084897334,-15.265270021449428,-31.99697569404893,24.104860250001263,1.0884890976497164,-20.154136985242697,-13.203958295331612,-0.32206919945753826,2.274836323275271,34.65515825140719,18.961710030791984,2.280492522430862,1.8306339356502106,16.005328672855107
42.94728307636043,146.17764478234895,302.8490971443719,611.9611241000061,139.25209579236375,-559.8655899274107,-21.535308517645376,-55.021022300691264,-139.2712692933754,-30.762444668076796,-268.6696256271776,-354.0381036853987,-295.23324097043496,616.1094878029118,112.78853728955718,201.1543542501082,384.84564174265296,-243.66735218190777,-510.0686804491896,389.6120425695349,16.23293415199594,-323.5506059421322,-216.86466572816326,-0.297334404982269,34.65515825140719,554.8928223430192,307.04806483271966,41.17750978889629,24.325831172602157,255.33967854647622
24.001482846344448,80.4390046122917,167.9862417997997,339.25533797518943,76.5835943378898,-310.6401704618616,-11.772997609279,-30.206314704864873,-78.25538301635652,-16.056816729104433,-148.06337139522793,-196.24759680148475,-162.99435773957313,341.2301486789085,61.85056286780031,111.17422310089557,213.65308804143962,-134.70810326280642,-281.8853348752804,216.08138922348755,8.777673201480829,-179.13144911688943,-120.82652303811773,0.6220774038859807,18.961710030791984,307.04806483271966,170.4042618050473,23.452211351129623,12.723629807301728,141.12321490612615
3.5024397212078413,10.23545779177618,23.01684245313627,46.253694249307884,9.707472939068614,-42.67344254594372,-1.4115151693304313,-3.763104303158983,-11.925730887416453,-0.992074970620773,-19.131098449423035,-26.725919223660593,-21.412825324607375,46.1301198790364,7.616103279045487,14.742348734603281,29.49480440074669,-17.914363458630547,-37.365941565061895,29.570131031178956,0.9339444090745206,-24.13140804153642,-17.195252864098272,1.0300527104915913,2.280492522430862,41.17750978889629,23.452211351129623,3.9532249263226658,0.8190223611580281,18.718393708651522
1.5287859520368992,7.069654322363297,12.67420380266277,25.900684341571175,6.8075826246624445,-23.30038066764846,-1.1523365733062967,-2.7774066063617098,-4.333858803575941,-2.787518863556784,-12.68527334225357,-15.016524050310778,-13.505414520093717,26.560673878944094,5.762916650221423,9.020521791467674,15.834993058170873,-10.871168482065368,-22.902910806755795,16.360065627538095,1.0170955861419277,-14.049865723131639,-8.2810365060662,-1.1903271941985931,1.8306339356502106,24.325831172602157,12.723629807301728,0.8190223611580281,2.1596859870880514,11.45355321918509
19.67024747223914,67.41656321001396,139.21490494996164,281.39301413892844,64.25533579756895,-257.33990874143035,-9.949782607770493,-25.42862254733364,-63.65466793762114,-14.512486318401026,-123.86968862231562,-162.79924424494357,-136.0121255560844,283.41693095373796,52.06800096836479,92.62101141845474,176.85077455983253,-112.178207222421,-234.85817195079292,179.13216777991195,7.5498355882951556,-148.8723952066552,-99.49513439166695,-0.4439522959483553,16.005328672855107,255.33967854647622,141.12321490612615,18.718393708651522,11.45355321918509,117.57766288745026
