V1,V2,V3,V4,V5,V6,V7,V8,V9,V10,V11,V12,V13,V14,V15,V16,V17,V18,V19,V20,V21,V22,V23,V24,V25,V26,V27,V28,V29,V30
8596.092496093408,-33544.83375601068,3926.69219735463,-15610.875070355265,-9342.995313826836,-2064.991958418183,-39542.947981241894,12232.083817679464,-18618.73420320754,-5029.933785625264,11861.401162233708,1832.6467770114807,5360.22660456033,-12466.363825193941,1277.285682545234,15154.972693051746,-8570.36790505149,-7237.963066313178,4919.334809179531,20154.94806908154,24584.237008580207,-21054.250502804087,14426.948797937233,534.6066207492114,11027.54978298622,35528.35711725486,-8889.2323167318,-4772.068351233485,3562.62620371626,-10044.395561195715
-33544.83375601068,130908.83614280862,-15322.696554819908,60922.09080471384,36459.46556854116,8057.807595803231,154315.180050161,-47737.17087987529,72658.90655755831,19631.63195438396,-46289.49552108256,-7152.7856228124565,-20919.473203658465,48648.79930339806,-4985.4408612598645,-59140.225647866406,33446.966803461175,28245.518225127835,-19194.5973659115,-78657.40380420416,-95941.18276217763,82164.2756553581,-56305.048301627234,-2085.8207241772907,-43034.86666440274,-138647.7074833502,34691.18497465886,18624.268587666462,-13899.397054441453,39197.43810505866
3926.69219735463,-15322.696554819908,1793.7810723013515,-7130.673145945144,-4267.886745634678,-943.3614982485092,-18062.625280876095,5587.18792624225,-8504.780119707088,-2297.316707761058,5418.007992866552,837.0185828430182,2448.289073370561,-5694.541225685624,583.2766689471829,6922.757155227262,-3914.646935653754,-3306.243640166956,2247.4310600604567,9206.126037928494,11229.505159546918,-9617.206675979782,6589.516175816022,244.22295539831038,5037.163884760937,16228.889262384548,-4060.319910065403,-2179.618279386968,1627.7673137945533,-4588.180279768987
-15610.875070355265,60922.09080471384,-7130.673145945144,28352.023555168413,16967.24049358832,3749.7453185280256,71814.89610203191,-22216.24608900347,33813.81947136427,9136.50952388166,-21542.297203324604,-3328.8934679694275,-9735.775954186009,22639.956895393698,-2320.506750882923,-27522.27914624756,15565.742298926389,13144.768393208387,-8932.234206509247,-36605.83665529433,-44649.16045623069,38237.4818361697,-26203.81570350927,-970.7381667136398,-20027.640030576666,-64523.519009771975,16144.735869935685,8667.65363469785,-6467.926062230424,18241.577351958585
-9342.995313826836,36459.46556854116,-4267.886745634678,16967.24049358832,10154.799084904565,2244.4327270083027,42978.7283733488,-13294.853590208031,20236.47034299367,5466.939271332798,-12891.98677475755,-1991.868379468508,-5825.92957495994,13549.543294700503,-1388.2169231581497,-16471.773562234597,9314.999373356568,7866.857256175622,-5346.808834327195,-21906.12910996135,-26720.278335822422,22883.599453956034,-15680.408873781245,-581.0465731194219,-11985.682701264981,-38615.32594017374,9661.573282411968,5186.666196938122,-3872.218607802259,10917.128435218285
-2064.991958418183,8057.807595803231,-943.3614982485092,3749.7453185280256,2244.4327270083027,496.1573812598725,9498.642632607032,-2937.9926291224047,4472.4477628124105,1207.9638495603917,-2849.112617144415,-440.11492005366745,-1287.369696834735,2994.64818520706,-306.5686239552225,-3640.5916772085266,2058.51139799109,1738.6908946973583,-1182.0459106825883,-4841.117718958531,-5905.211889277763,5057.422545300072,-3465.0067762574567,-128.40462996267135,-2648.840066944911,-8534.356642639686,2135.131733318788,1146.0771278240425,-856.1887860476887,2412.8135956428405
-39542.947981241894,154315.180050161,-18062.625280876095,71814.89610203191,42978.7283733488,9498.642632607032,181906.9913843819,-56272.43336400049,85650.45320654979,23141.334837616185,-54566.06049728329,-8431.538914649671,-24659.750881929795,57347.439158750705,-5876.916144211399,-69714.86676925179,39427.12788750693,33295.93258406833,-22627.133054798654,-92720.7590495833,-113095.2111759961,96855.18799623103,-66371.68877908528,-2458.961244744652,-50729.65682623606,-163438.2904381937,40893.82582451745,21954.152425703494,-16385.332712417825,46206.13034347613
12232.083817679464,-47737.17087987529,5587.18792624225,-22216.24608900347,-13294.853590208031,-2937.9926291224047,-56272.43336400049,17408.623797849785,-26495.652616315223,-7159.672085116462,16880.244912480022,2608.6395653471445,7629.099263589774,-17739.955061279357,1818.705828784921,21565.42712466264,-12197.274540256216,-10299.827422355402,6998.4098123617,28684.06970782542,34986.3723381789,-29962.056143682606,20533.612719650166,760.6497584129287,15693.33260712292,50558.96526517981,-12650.91558879371,-6792.162849850807,5067.351152233827,-14293.580244411296
-18618.73420320754,72658.90655755831,-8504.780119707088,33813.81947136427,20236.47034299367,4472.4477628124105,85650.45320654979,-26495.652616315223,40328.30994417502,10895.956001742341,-25692.258113111115,-3969.937227813696,-11610.920541995134,27001.926503969655,-2767.0628448213783,-32825.13117691471,18564.11118101559,15677.322713468613,-10654.038019462172,-43657.24073354912,-53250.54096173527,45604.01139062464,-31250.794649288247,-1157.7943438258708,-23885.906626943317,-76954.53044073633,19254.709527196494,10336.993212042118,-7715.115075958419,21756.054306044913
-5029.933785625264,19631.63195438396,-2297.316707761058,9136.50952388166,5466.939271332798,1207.9638495603917,23141.334837616185,-7159.672085116462,10895.956001742341,2945.0939096232787,-6942.029588381535,-1073.0621905094652,-3137.810463350155,7295.080554346943,-748.2371936958149,-8868.005612895351,5016.409463533368,4235.543104963899,-2877.076116872831,-11796.981194985467,-14388.299427565176,12321.72264803587,-8445.538213667349,-312.68276855131643,-6453.766327376936,-20791.54325229262,5202.916881637639,2793.652199122722,-2082.7506422036495,5877.900276140128
11861.401162233708,-46289.49552108256,5418.007992866552,-21542.297203324604,-12891.98677475755,-2849.112617144415,-54566.06049728329,16880.244912480022,-25692.258113111115,-6942.029588381535,16368.17098878406,2529.332760921127,7397.39315690581,-17202.19681894749,1763.1896802226865,20911.86395929221,-11827.081410170747,-9987.600080259923,6786.876165114973,27813.618090807606,33925.08411924176,-29053.404624477807,19910.01130094225,737.6070261750891,15217.328226410675,49025.97185576315,-12267.008538997981,-6585.817531527813,4914.47693755096,-13860.242018913814
1832.6467770114807,-7152.7856228124565,837.0185828430182,-3328.8934679694275,-1991.868379468508,-440.11492005366745,-8431.538914649671,2608.6395653471445,-3969.937227813696,-1073.0621905094652,2529.332760921127,390.97676469468666,1143.271538443991,-2657.954596466093,272.62958184306825,3231.0431803336915,-1827.7379610135874,-1543.2157556680402,1048.2395362271932,4298.249843157598,5242.38632153315,-4489.42035017496,3077.1612904350077,113.92388758426841,2351.430903513538,7575.388494334397,-1895.6906518752292,-1017.8781171805717,758.8230844900805,-2141.607915036472
5360.22660456033,-20919.473203658465,2448.289073370561,-9735.775954186009,-5825.92957495994,-1287.369696834735,-24659.750881929795,7629.099263589774,-11610.920541995134,-3137.810463350155,7397.39315690581,1143.271538443991,3343.438094946622,-7773.920076851146,797.2154907860796,9450.21134699804,-5345.283601578977,-4513.543823863973,3066.4718084999004,12570.304381227172,15331.960220256122,-13130.044745658668,8998.77788044373,333.3291690029352,6877.225463363977,22155.922269712726,-5544.054271557174,-2976.6854058449476,2220.1907099037476,-6263.696268644485
-12466.363825193941,48648.79930339806,-5694.541225685624,22639.956895393698,13549.543294700503,2994.64818520706,57347.439158750705,-17739.955061279357,27001.926503969655,7295.080554346943,-17202.19681894749,-2657.954596466093,-7773.920076851146,18079.305139571177,-1852.5375933377957,-21978.354866413873,12429.45004185337,10496.841560247412,-7133.837223251558,-29230.368191059035,-35653.761127707054,30534.179719210242,-20923.45561748684,-775.2487114869009,-15992.81477831097,-51525.14988694818,12891.862898524725,6920.94981482251,-5166.156792557206,14566.876078410734
1277.285682545234,-4985.4408612598645,583.2766689471829,-2320.506750882923,-1388.2169231581497,-306.5686239552225,-5876.916144211399,1818.705828784921,-2767.0628448213783,-748.2371936958149,1763.1896802226865,272.62958184306825,797.2154907860796,-1852.5375933377957,190.56189092478627,2251.835107638407,-1274.2075626318187,-1075.576869982043,730.1932928961237,2996.1762380664595,3654.164798576727,-3129.156926968067,2145.380491364538,79.54197694874857,1639.2234638797352,5280.1221447357975,-1321.5270994487803,-709.8312091293062,528.4952300937156,-1492.722522100949
15154.972693051746,-59140.225647866406,6922.757155227262,-27522.27914624756,-16471.773562234597,-3640.5916772085266,-69714.86676925179,21565.42712466264,-32825.13117691471,-8868.005612895351,20911.86395929221,3231.0431803336915,9450.21134699804,-21978.354866413873,2251.835107638407,26718.381400401737,-15109.764234357583,-12760.626481860154,8672.707957116632,35533.743009408405,43342.55094855929,-37119.05794459604,25435.20227581721,942.4504287258985,19441.71521237625,62637.03008817372,-15671.9248921528,-8413.2806971253,6280.742426078768,-17708.392068685993
-8570.36790505149,33446.966803461175,-3914.646935653754,15565.742298926389,9314.999373356568,2058.51139799109,39427.12788750693,-12197.274540256216,18564.11118101559,5016.409463533368,-11827.081410170747,-1827.7379610135874,-5345.283601578977,12429.45004185337,-1274.2075626318187,-15109.764234357583,8545.97744191715,7216.548237935453,-4903.425119751554,-20097.447778615606,-24513.124675244304,20992.853368346114,-14386.823146438575,-532.9172655325867,-10995.458281825784,-35423.995482674836,8863.823752705284,4758.885118303419,-3550.4157888342584,10014.749685043727
-7237.963066313178,28245.518225127835,-3306.243640166956,13144.768393208387,7866.857256175622,1738.6908946973583,33295.93258406833,-10299.827422355402,15677.322713468613,4235.543104963899,-9987.600080259923,-1543.2157556680402,-4513.543823863973,10496.841560247412,-1075.576869982043,-12760.626481860154,7216.548237935453,6094.465434831392,-4141.888057779717,-16971.186195061833,-20700.59659391983,17728.15858124315,-12148.192462952064,-450.1002478204838,-9285.425566130858,-29915.50463043193,7485.025028965664,4018.3093542436704,-2999.4440030499804,8457.5253057523
4919.334809179531,-19194.5973659115,2247.4310600604567,-8932.234206509247,-5346.808834327195,-1182.0459106825883,-22627.133054798654,6998.4098123617,-10654.038019462172,-2877.076116872831,6786.876165114973,1048.2395362271932,3066.4718084999004,-7133.837223251558,730.1932928961237,8672.707957116632,-4903.425119751554,-4141.888057779717,2816.350603025742,11531.582544174187,14066.683728366801,-12047.357974594946,8253.332407909396,305.99687084823273,6309.918034885706,20330.194058885332,-5085.968100224664,-2729.8815939664373,2040.2597658209468,-5747.7750629179245
20154.94806908154,-78657.40380420416,9206.126037928494,-36605.83665529433,-21906.12910996135,-4841.117718958531,-92720.7590495833,28684.06970782542,-43657.24073354912,-11796.981194985467,27813.618090807606,4298.249843157598,12570.304381227172,-29230.368191059035,2996.1762380664595,35533.743009408405,-20097.447778615606,-16971.186195061833,11531.582544174187,47263.14962687156,57647.49419679544,-49368.95096603976,33833.2729048827,1253.1306584453823,25857.835166195222,83306.59528801996,-20844.954734720235,-11191.261349100329,8349.65236698847,-23551.665318138894
24584.237008580207,-95941.18276217763,11229.505159546918,-44649.16045623069,-26720.278335822422,-5905.211889277763,-113095.2111759961,34986.3723381789,-53250.54096173527,-14388.299427565176,33925.08411924176,5242.38632153315,15331.960220256122,-35653.761127707054,3654.164798576727,43342.55094855929,-24513.124675244304,-20700.59659391983,14066.683728366801,57647.49419679544,70314.2191680434,-60217.0308716618,41266.129366113775,1528.6483381979795,31539.736095671768,101612.62614672164,-25424.946518553184,-13649.859988718914,10185.806050585654,-28727.099184759092
-21054.250502804087,82164.2756553581,-9617.206675979782,38237.4818361697,22883.599453956034,5057.422545300072,96855.18799623103,-29962.056143682606,45604.01139062464,12321.72264803587,-29053.404624477807,-4489.42035017496,-13130.044745658668,30534.179719210242,-3129.156926968067,-37119.05794459604,20992.853368346114,17728.15858124315,-12047.357974594946,-49368.95096603976,-60217.0308716618,51570.00527219264,-35339.63918730331,-1309.1782483181196,-27010.66149404946,-87021.57242585348,21773.775791864515,11689.472370660822,-8723.860344940305,24602.087771121427
14426.948797937233,-56305.048301627234,6589.516175816022,-26203.81570350927,-15680.408873781245,-3465.0067762574567,-66371.68877908528,20533.612719650166,-31250.794649288247,-8445.538213667349,19910.01130094225,3077.1612904350077,8998.77788044373,-20923.45561748684,2145.380491364538,25435.20227581721,-14386.823146438575,-12148.192462952064,8253.332407909396,33833.2729048827,41266.129366113775,-35339.63918730331,24220.39010854138,896.9677304761846,18509.867056253705,59632.57453697229,-14921.830695605768,-8011.659048936885,5975.437129059793,-16858.66162997841
534.6066207492114,-2085.8207241772907,244.22295539831038,-970.7381667136398,-581.0465731194219,-128.40462996267135,-2458.961244744652,760.6497584129287,-1157.7943438258708,-312.68276855131643,737.6070261750891,113.92388758426841,333.3291690029352,-775.2487114869009,79.54197694874857,942.4504287258985,-532.9172655325867,-450.1002478204838,305.99687084823273,1253.1306584453823,1528.6483381979795,-1309.1782483181196,896.9677304761846,33.330291428946985,685.8119128964129,2209.3545186156134,-552.7418330620852,-296.75526980507675,221.69792545435786,-624.6452004785473
11027.54978298622,-43034.86666440274,5037.163884760937,-20027.640030576666,-11985.682701264981,-2648.840066944911,-50729.65682623606,15693.33260712292,-23885.906626943317,-6453.766327376936,15217.328226410675,2351.430903513538,6877.225463363977,-15992.81477831097,1639.2234638797352,19441.71521237625,-10995.458281825784,-9285.425566130858,6309.918034885706,25857.835166195222,31539.736095671768,-27010.66149404946,18509.867056253705,685.8119128964129,14147.455018864412,45579.1324833707,-11404.461687524381,-6122.706114305809,4569.231349409495,-12885.809658979131
35528.35711725486,-138647.7074833502,16228.889262384548,-64523.519009771975,-38615.32594017374,-8534.356642639686,-163438.2904381937,50558.96526517981,-76954.53044073633,-20791.54325229262,49025.97185576315,7575.388494334397,22155.922269712726,-51525.14988694818,5280.1221447357975,62637.03008817372,-35423.995482674836,-29915.50463043193,20330.194058885332,83306.59528801996,101612.62614672164,-87021.57242585348,59632.57453697229,2209.3545186156134,45579.1324833707,146844.76034217566,-36741.799933341594,-19725.01039348997,14722.18946539477,-41514.96140805236
-8889.2323167318,34691.18497465886,-4060.319910065403,16144.735869935685,9661.573282411968,2135.131733318788,40893.82582451745,-12650.91558879371,19254.709527196494,5202.916881637639,-12267.008538997981,-1895.6906518752292,-5544.054271557174,12891.862898524725,-1321.5270994487803,-15671.9248921528,8863.823752705284,7485.025028965664,-5085.968100224664,-20844.954734720235,-25424.946518553184,21773.775791864515,-14921.830695605768,-552.7418330620852,-11404.461687524381,-36741.799933341594,9193.50282492165,4935.837931329525,-3682.6438929009837,10387.317287749385
-4772.068351233485,18624.268587666462,-2179.618279386968,8667.65363469785,5186.666196938122,1146.0771278240425,21954.152425703494,-6792.162849850807,10336.993212042118,2793.652199122722,-6585.817531527813,-1017.8781171805717,-2976.6854058449476,6920.94981482251,-709.8312091293062,-8413.2806971253,4758.885118303419,4018.3093542436704,-2729.8815939664373,-11191.261349100329,-13649.859988718914,11689.472370660822,-8011.659048936885,-296.75526980507675,-6122.706114305809,-19725.01039348997,4935.837931329525,2650.175727969884,-1976.4319472742145,5576.442425667777
3562.62620371626,-13899.397054441453,1627.7673137945533,-6467.926062230424,-3872.218607802259,-856.1887860476887,-16385.332712417825,5067.351152233827,-7715.115075958419,-2082.7506422036495,4914.47693755096,758.8230844900805,2220.1907099037476,-5166.156792557206,528.4952300937156,6280.742426078768,-3550.4157888342584,-2999.4440030499804,2040.2597658209468,8349.65236698847,10185.806050585654,-8723.860344940305,5975.437129059793,221.69792545435786,4569.231349409495,14722.18946539477,-3682.6438929009837,-1976.4319472742145,1478.434866322248,-4162.361273612078
-10044.395561195715,39197.43810505866,-4588.180279768987,18241.577351958585,10917.128435218285,2412.8135956428405,46206.13034347613,-14293.580244411296,21756.054306044913,5877.900276140128,-13860.242018913814,-2141.607915036472,-6263.696268644485,14566.876078410734,-1492.722522100949,-17708.392068685993,10014.749685043727,8457.5253057523,-5747.7750629179245,-23551.665318138894,-28727.099184759092,24602.087771121427,-16858.66162997841,-624.6452004785473,-12885.809658979131,-41514.96140805236,10387.317287749385,5576.442425667777,-4162.361273612078,11736.850249227025
