V1,V2,V3,V4,V5,V6,V7,V8,V9,V10,V11,V12,V13,V14,V15,V16,V17,V18,V19,V20,V21,V22,V23,V24,V25,V26,V27,V28,V29,V30
2.9157144744157115,8.17385922743085,0.8635006065875878,-3.334214880795249,-1.9522167039109273,2.9728078192304945,-3.29000895508912,7.4278045124615195,-0.686518472120479,1.249353458468577,4.500343524280058,-0.4729301493265447,5.533337648652584,-1.554972832621893,14.237814429124265,0.27728244685769055,-2.5966333911934387,-0.24091295288468428,-0.6977643650422127,-6.392560935714647,-2.4389288515819887,2.916070538087418,-0.5827271765568496,6.900625790259447,8.226207014912793,4.5784642697555364,-1.7713703091206234,-5.750025424405966,3.487537436687632,-2.8960846715107857
8.17385922743085,29.123851226720326,2.271984234448718,-8.72426910698391,-5.0863675171920155,9.500436877354401,-6.008302504838838,21.86414700208755,-0.13693642288336363,4.441084437282243,12.767622485754327,-1.6734381078777116,16.69186315664229,-3.51011521135136,44.2980134232043,-0.7671075085727308,-7.18072464787465,0.02780368600987062,-2.7075401108286283,-22.12215443184567,-10.260131115753211,11.368977584089142,-3.3728936565254757,21.47899040648916,24.48572776142362,10.461998484045946,-4.570767681987704,-17.431493135891778,10.50078008762367,-7.956562793088578
0.8635006065875878,2.271984234448718,0.25929206833685275,-1.0023594333038433,-0.5874136260377819,0.852466565895115,-1.0513560507244195,2.1748342057375436,-0.2461354601319935,0.3475167058139331,1.3291672172772777,-0.13173315787264184,1.6104595850618673,-0.48084944033164345,4.111573989667807,0.11911311516876721,-0.7713660215979492,-0.08819085815562795,-0.18864608177068257,-1.7925450962492773,-0.6403086877200428,0.787095647489406,-0.1309149517909321,1.992533471250582,2.4021014737781368,1.4127766462720126,-0.5340613764386101,-1.6714665381759277,1.0155087993732803,-0.8615742382595445
-3.334214880795249,-8.72426910698391,-1.0023594333038433,3.8752518963662324,2.2711835731329377,-3.2825004497056454,4.084683868145231,-8.389507209075576,0.9643570575913075,-1.334527225656389,-5.131100396186044,0.5059430697310804,-6.209217695751405,1.8633242189369625,-15.84169082802539,-0.47198894763178967,2.979227837720918,0.3460205377698331,0.7225467848968776,6.88870326931082,2.4456778426966093,-3.0142503399391796,0.491915974538881,-7.677059936223332,-9.264056072179221,-5.47365512752627,2.0652447356077688,6.443750437153145,-3.915507098527954,3.3280427906077
-1.9522167039109273,-5.0863675171920155,-0.5874136260377819,2.2711835731329377,1.3311570422963948,-1.91784522513736,2.402899937106048,-4.908489150117948,0.5709115259188546,-0.7780869443766233,-3.0037800601904427,0.29501557062120815,-3.6314213216823155,1.093973117687111,-9.260092781803843,-0.28177210110612444,1.7447142838039444,0.20506509498436828,0.4204226293205532,4.018668508592161,1.4199632350680118,-1.7536701780326553,0.2819209121260058,-4.4875111066924855,-5.419201275836955,-3.213204899806911,1.210607186709741,3.7682789296224075,-2.2900302048957064,1.9491726253084078
2.9728078192304945,9.500436877354401,0.852466565895115,-3.2825004497056454,-1.91784522513736,3.2501668571447953,-2.750478308902211,7.768850495503536,-0.3641290312999326,1.45015942811215,4.6169168725458,-0.5474986013951914,5.863330892992106,-1.4259124398985814,15.34020259653175,-0.007431859289772959,-2.6289499776482526,-0.11352924026450627,-0.8525960856861495,-7.30702065508474,-3.1297220068884357,3.5732305468043517,-0.9208867626031951,7.436632630410447,8.65490525069704,4.222281326887137,-1.7318389357252126,-6.109091978951826,3.6918191160820433,-2.922309395151297
-3.29000895508912,-6.008302504838838,-1.0513560507244195,4.084683868145231,2.402899937106048,-2.750478308902211,5.376801526317466,-7.842264882470419,1.700175252614886,-0.9237490546653114,-4.999651057804933,0.35365703857796277,-5.632828932445404,2.194181386708515,-13.795784349715483,-1.1124905564919096,2.9810306972934053,0.6358995039700269,0.398288065799081,5.037974492679179,0.9798599091722684,-1.636693029482562,-0.24296264304593812,-6.681665319058094,-8.544682803763978,-6.394895472211213,2.203300931890376,5.808903078386405,-3.560455587828519,3.351870326742827
7.4278045124615195,21.86414700208755,2.1748342057375436,-8.389507209075576,-4.908489150117948,7.768850495503536,-7.842264882470419,19.096971102338138,-1.4491642283178034,3.340131002919731,11.490053101583198,-1.2630835095748707,14.294047310553601,-3.8189355499444666,37.006037731494615,0.4474114049415633,-6.598405583079242,-0.49582084222226097,-1.903560270055538,-16.989572608039442,-6.787130442919842,7.964294259134557,-1.7761408213693755,17.937204743353753,21.195187278857656,11.265742682212661,-4.446337035592378,-14.868223297637904,9.005906436629086,-7.3505889415634895
-0.686518472120479,-0.13693642288336363,-0.2461354601319935,0.9643570575913075,0.5709115259188546,-0.3641290312999326,1.700175252614886,-1.4491642283178034,0.6762897284777883,-0.023930663683824464,-1.016027377569228,0.011272514034718134,-0.9631930859745982,0.6105645400215722,-2.090244827458075,-0.5099177507559611,0.6397839073506865,0.25916214789226444,-0.05204146045490223,0.2956188013232496,-0.4111625135662466,0.2329582998130169,-0.36352072004250957,-1.0104506069295054,-1.5267870939150197,-1.7612400040830634,0.5308113983010332,0.9761621310074252,-0.6127568459550156,0.7286119935991897
1.249353458468577,4.441084437282243,0.3475167058139331,-1.334527225656389,-0.7780869443766233,1.45015942811215,-0.9237490546653114,3.340131002919731,-0.023930663683824464,0.6772331725327092,1.9512440183539113,-0.25519736428258877,2.54932810449409,-0.5379370968581952,6.763479533182208,-0.11465815754097833,-1.097720748681565,0.003069526528391925,-0.4125791449015315,-3.3742633822045316,-1.562490153592401,1.7323582571987002,-0.5126193618576169,3.27942703539186,3.7401895473741065,1.6030725687761869,-0.6992929789484974,-2.6621567998135784,1.6038026322444208,-1.2164126313253827
4.500343524280058,12.767622485754327,1.3291672172772777,-5.131100396186044,-3.0037800601904427,4.6169168725458,-4.999651057804933,11.490053101583198,-1.016027377569228,1.9512440183539113,6.949878773791252,-0.7384362009090822,8.569364596685089,-2.3793593813028093,22.082688488440603,0.39031160786243363,-4.005443374727096,-0.35469400476736257,-1.0953120144031256,-9.969251143324673,-3.8479169938643323,4.578795779481178,-0.9418468136824363,10.703014593357723,12.731720089269258,7.008882238832132,-2.7244374875500905,-8.907041190011089,5.40059500051599,-4.466087831305792
-0.4729301493265447,-1.6734381078777116,-0.13173315787264184,0.5059430697310804,0.29501557062120815,-0.5474986013951914,0.35365703857796277,-1.2630835095748707,0.011272514034718134,-0.25519736428258877,-0.7384362009090822,0.09617189465634736,-0.963561377072358,0.20468208898885026,-2.5548178882783734,0.04149005470342745,0.4156532883136179,-2.9113840026291106e-4,0.15524712313200537,1.2720904371055948,0.5872260789800428,-0.6518111914906908,0.19189295288889416,-1.2387514025266244,-1.4140468448252903,-0.6097658479024479,0.2651995177717912,1.0061078576323712,-0.6062068616016022,0.46066174022209216
5.533337648652584,16.69186315664229,1.6104595850618673,-6.209217695751405,-3.6314213216823155,5.863330892992106,-5.632828932445404,14.294047310553601,-0.9631930859745982,2.54932810449409,8.569364596685089,-0.963561377072358,10.725136319752632,-2.7896459248509418,27.85298386489619,0.23276845520693712,-4.90905754553208,-0.3235903717718399,-1.4669685704580855,-12.929845298957105,-5.278870161479805,6.140906824788897,-1.436348486492305,13.501207910556118,15.882065258842713,8.237931847102084,-3.2865804477740133,-11.16147162002481,6.756062526750288,-5.465253678808666
-1.554972832621893,-3.51011521135136,-0.48084944033164345,1.8633242189369625,1.093973117687111,-1.4259124398985814,2.194181386708515,-3.8189355499444666,0.6105645400215722,-0.5379370968581952,-2.3793593813028093,0.20468208898885026,-2.7896459248509418,0.9453794945585768,-6.993674037001453,-0.35906084773972063,1.398290553979948,0.2246318855101762,0.2693719055416949,2.834712026739324,0.8326584327118549,-1.118402827344161,0.07294520618754008,-3.388369227624523,-4.192310782321402,-2.766235995739682,0.9987052986836186,2.887134270905065,-1.7609475464606417,1.566691756223421
14.237814429124265,44.2980134232043,4.111573989667807,-15.84169082802539,-9.260092781803843,15.34020259653175,-13.795784349715483,37.006037731494615,-2.090244827458075,6.763479533182208,22.082688488440603,-2.5548178882783734,27.85298386489619,-6.993674037001453,72.62031161656488,0.2635970775138759,-12.610066048705988,-0.6799511861766047,-3.9378102331312617,-34.18197724913165,-14.326246078851863,16.49467900990642,-4.073510797181506,35.20324585916115,41.175398491489794,20.68171515945184,-8.370912011823592,-29.004414885480422,17.541179070382874,-14.027395414852347
0.27728244685769055,-0.7671075085727308,0.11911311516876721,-0.47198894763178967,-0.28177210110612444,-0.007431859289772959,-1.1124905564919096,0.4474114049415633,-0.5099177507559611,-0.11465815754097833,0.39031160786243363,0.04149005470342745,0.23276845520693712,-0.35906084773972063,0.2635970775138759,0.41050965890411134,-0.2714695393627042,-0.19780786880106324,0.12054529314033248,0.43705814205491467,0.6194166603940428,-0.5171418205900298,0.37718753768632385,0.12548853792064987,0.42798891797448974,1.025678866308242,-0.2667169504231281,-0.2205009019571914,0.15161454660744855,-0.3157757132922914
-2.5966333911934387,-7.18072464787465,-0.7713660215979492,2.979227837720918,1.7447142838039444,-2.6289499776482526,2.9810306972934053,-6.598405583079242,0.6397839073506865,-1.097720748681565,-4.005443374727096,0.4156532883136179,-4.90905754553208,1.398290553979948,-12.610066048705988,-0.2714695393627042,2.3140379616601314,0.22571770823237766,0.6094692676833461,5.626257456660964,2.117656548261055,-2.5462158311508696,0.49132940161517796,-6.111561674704742,-7.303345363241319,-4.1151154008139095,1.583795566657273,5.099932686149451,-3.0943807119227245,2.5817296234556757
-0.24091295288468428,0.02780368600987062,-0.08819085815562795,0.3460205377698331,0.20506509498436828,-0.11352924026450627,0.6358995039700269,-0.49582084222226097,0.25916214789226444,0.003069526528391925,-0.35469400476736257,-2.9113840026291106e-4,-0.3235903717718399,0.2246318855101762,-0.6799511861766047,-0.19780786880106324,0.22571770823237766,0.09953548922094216,-0.02744242907984752,0.05241243782217751,-0.1861008211829985,0.12077070433428386,-0.14881458555680394,-0.32851826894549824,-0.5183770537478835,-0.6470460814592246,0.19109848359924833,0.3265267916327988,-0.20618523858034882,0.25766667700040347
-0.6977643650422127,-2.7075401108286283,-0.18864608177068257,0.7225467848968776,0.4204226293205532,-0.8525960856861495,0.398288065799081,-1.903560270055538,-0.05204146045490223,-0.4125791449015315,-1.0953120144031256,0.15524712313200537,-1.4669685704580855,0.2693719055416949,-3.9378102331312617,0.12054529314033248,0.6094692676833461,-0.02744242907984752,0.25792023036263895,2.0382486309068995,0.99788919130637,-1.0843906462088249,0.3499351138766525,-1.9096377594038556,-2.1410190622271417,-0.8084857773351454,0.3761010782066654,1.534819388994272,-0.9222097275696697,0.6734301018760429
-6.392560935714647,-22.12215443184567,-1.7925450962492773,6.88870326931082,4.018668508592161,-7.30702065508474,5.037974492679179,-16.989572608039442,0.2956188013232496,-3.3742633822045316,-9.969251143324673,1.2720904371055948,-12.929845298957105,2.834712026739324,-34.18197724913165,0.43705814205491467,5.626257456660964,0.05241243782217751,2.0382486309068995,16.858079679005122,7.663201280241249,-8.554526580621056,2.45442656762186,-16.573112883926534,-18.999413934619295,-8.432330940286615,3.6163404352963835,13.49435168099069,-8.136044050065355,6.239731396818186
-2.4389288515819887,-10.260131115753211,-0.6403086877200428,2.4456778426966093,1.4199632350680118,-3.1297220068884357,0.9798599091722684,-6.787130442919842,-0.4111625135662466,-1.562490153592401,-3.8479169938643323,0.5872260789800428,-5.278870161479805,0.8326584327118549,-14.326246078851863,0.6194166603940428,2.117656548261055,-0.1861008211829985,0.99788919130637,7.663201280241249,3.926944755329006,-4.19995865511788,1.446205690782863,-6.94851378972097,-7.666296551746665,-2.521584238815649,1.2639379755529268,5.532982945807871,-3.316280434379195,2.3330611478323218
2.916070538087418,11.368977584089142,0.787095647489406,-3.0142503399391796,-1.7536701780326553,3.5732305468043517,-1.636693029482562,7.964294259134557,0.2329582998130169,1.7323582571987002,4.578795779481178,-0.6518111914906908,6.140906824788897,-1.118402827344161,16.49467900990642,-0.5171418205900298,-2.5462158311508696,0.12077070433428386,-1.0843906462088249,-8.554526580621056,-4.19995865511788,4.559482652749036,-1.4774880786046198,7.999149853546803,8.959991742243158,3.358258006286075,-1.5683683841709355,-6.4256100991023155,3.860328986476488,-2.812968331933545
-0.5827271765568496,-3.3728936565254757,-0.1309149517909321,0.491915974538881,0.2819209121260058,-0.9208867626031951,-0.24296264304593812,-1.7761408213693755,-0.36352072004250957,-0.5126193618576169,-0.9418468136824363,0.19189295288889416,-1.436348486492305,0.07294520618754008,-4.073510797181506,0.37718753768632385,0.49132940161517796,-0.14881458555680394,0.3499351138766525,2.45442656762186,1.446205690782863,-1.4774880786046198,0.6036467814770938,-1.9768591865238954,-2.0430875891659266,-0.2502991012231584,0.24336329079183025,1.5166771039866722,-0.8997741136380136,0.5333517769323963
6.900625790259447,21.47899040648916,1.992533471250582,-7.677059936223332,-4.4875111066924855,7.436632630410447,-6.681665319058094,17.937204743353753,-1.0104506069295054,3.27942703539186,10.703014593357723,-1.2387514025266244,13.501207910556118,-3.388369227624523,35.20324585916115,0.12548853792064987,-6.111561674704742,-0.32851826894549824,-1.9096377594038556,-16.573112883926534,-6.94851378972097,7.999149853546803,-1.9768591865238954,17.0650529220923,19.958527624590896,10.020297960697256,-4.0565403741496215,-14.059464886215034,8.502727315084986,-6.79840358789169
8.226207014912793,24.48572776142362,2.4021014737781368,-9.264056072179221,-5.419201275836955,8.65490525069704,-8.544682803763978,21.195187278857656,-1.5267870939150197,3.7401895473741065,12.731720089269258,-1.4140468448252903,15.882065258842713,-4.192310782321402,41.175398491489794,0.42798891797448974,-7.303345363241319,-0.5183770537478835,-2.1410190622271417,-18.999413934619295,-7.666296551746665,8.959991742243158,-2.0430875891659266,19.958527624590896,23.535695963358595,12.37293693226834,-4.906996848644125,-16.52373632975578,10.005580722774376,-8.133597637970944
4.5784642697555364,10.461998484045946,1.4127766462720126,-5.47365512752627,-3.213204899806911,4.222281326887137,-6.394895472211213,11.265742682212661,-1.7612400040830634,1.6030725687761869,7.008882238832132,-0.6097658479024479,8.237931847102084,-2.766235995739682,20.68171515945184,1.025678866308242,-4.1151154008139095,-0.6470460814592246,-0.8084857773351454,-8.432330940286615,-2.521584238815649,3.358258006286075,-0.2502991012231584,10.020297960697256,12.37293693226834,8.096443490609543,-2.9325210690726013,-8.527675753537833,5.199719649279114,-4.6096570097860585
-1.7713703091206234,-4.570767681987704,-0.5340613764386101,2.0652447356077688,1.210607186709741,-1.7318389357252126,2.203300931890376,-4.446337035592378,0.5308113983010332,-0.6992929789484974,-2.7244374875500905,0.2651995177717912,-3.2865804477740133,0.9987052986836186,-8.370912011823592,-0.2667169504231281,1.583795566657273,0.19109848359924833,0.3761010782066654,3.6163404352963835,1.2639379755529268,-1.5683683841709355,0.24336329079183025,-4.0565403741496215,-4.906996848644125,-2.9325210690726013,1.1012871617414628,3.4098146955782176,-2.0727117122413414,1.7697683663129442
-5.750025424405966,-17.431493135891778,-1.6714665381759277,6.443750437153145,3.7682789296224075,-6.109091978951826,5.808903078386405,-14.868223297637904,0.9761621310074252,-2.6621567998135784,-8.907041190011089,1.0061078576323712,-11.16147162002481,2.887134270905065,-29.004414885480422,-0.2205009019571914,5.099932686149451,0.3265267916327988,1.534819388994272,13.49435168099069,5.532982945807871,-6.4256100991023155,1.5166771039866722,-14.059464886215034,-16.52373632975578,-8.527675753537833,3.4098146955782176,11.61672393011802,-7.030654932864617,5.677028578741904
3.487537436687632,10.50078008762367,1.0155087993732803,-3.915507098527954,-2.2900302048957064,3.6918191160820433,-3.560455587828519,9.005906436629086,-0.6127568459550156,1.6038026322444208,5.40059500051599,-0.6062068616016022,6.756062526750288,-1.7609475464606417,17.541179070382874,0.15161454660744855,-3.0943807119227245,-0.20618523858034882,-0.9222097275696697,-8.136044050065355,-3.316280434379195,3.860328986476488,-0.8997741136380136,8.502727315084986,10.005580722774376,5.199719649279114,-2.0727117122413414,-7.030654932864617,4.25589437211477,-3.445141007599495
-2.8960846715107857,-7.956562793088578,-0.8615742382595445,3.3280427906077,1.9491726253084078,-2.922309395151297,3.351870326742827,-7.3505889415634895,0.7286119935991897,-1.2164126313253827,-4.466087831305792,0.46066174022209216,-5.465253678808666,1.566691756223421,-14.027395414852347,-0.3157757132922914,2.5817296234556757,0.25766667700040347,0.6734301018760429,6.239731396818186,2.3330611478323218,-2.812968331933545,0.5333517769323963,-6.79840358789169,-8.133597637970944,-4.6096570097860585,1.7697683663129442,5.677028578741904,-3.445141007599495,2.8808281628292187
