V1,V2,V3,V4,V5,V6,V7,V8,V9,V10,V11,V12,V13,V14,V15,V16,V17,V18,V19,V20,V21,V22,V23,V24,V25,V26,V27,V28,V29,V30
1.1253404481330191,-2.6895119974780415,1.2284278613605,1.4438536477467885,-2.829406495518372,-2.6956489492737665,0.7490328649421579,1.4700224588233002,-5.7189053451340515,5.0693511655510735,3.9177879349146862,-0.7350340767165829,2.8143341229360903,-0.20103563877621358,-3.0748264307775557,-1.2967445668313962,2.4663633829334377,1.3380719244349992,3.3181134288033554,1.3354414026932155,-1.126272744898123,0.506421200770256,-3.6298249764796786,4.13576854277307,-1.1333406527130419,-1.5501034048801074,1.6742617333445171,3.2811002813300303,-3.8266422776690425,-1.641177656447765
-2.6895119974780415,7.075478533559567,-2.5257167806154386,-2.5143706325685367,7.054622340900134,5.724199771040928,-1.7115270712241057,-3.7419573799939094,13.699703545965455,-12.42887054891295,-9.990289345092378,1.1535601993002154,-7.346567103675758,1.520975552735532,7.68589594888378,3.6587220084090077,-5.365150224532692,-3.6687259460170676,-9.001803348619832,-2.5968054055653176,2.749957252161337,-1.9690670194549662,8.50161662540087,-10.194258990540835,2.860739965323164,4.647595358101568,-3.5599452388280883,-8.064108897512288,9.372885367174089,4.5370731842659335
1.2284278613605,-2.5257167806154386,1.7893670985607533,2.5464388141242327,-2.684316966020739,-3.748487596177427,0.7376392592636568,1.4178485018484903,-6.1576803556992985,5.185950242688712,3.590018986322217,-1.3594717179464482,2.403393160611032,0.8379411292581763,-2.9857887713472935,-0.9871869785021207,3.2157186998519247,0.9748385439643289,2.5673733979182884,2.0558960720001758,-1.123664682687129,-0.038222479189361794,-4.116355939625308,4.257785529834646,-1.1157118916079312,-0.6525801083124573,2.243314854470202,3.45607749655808,-3.9129295867737337,-1.2688327527006134
1.4438536477467885,-2.5143706325685367,2.5464388141242327,3.9635720690686354,-2.772466083917904,-5.201337299054648,0.8209066511710196,1.468273550652228,-7.1663471327550665,5.755976916685049,3.542404479419909,-2.1686163108680754,2.1613906101421705,2.045818171487826,-3.1526123702530557,-0.7044004446225961,4.30950313211275,0.660744943237167,1.9555506928601336,3.0209336748790636,-1.2242833027328412,-0.6747366130084793,-5.000122112929561,4.7356956477816174,-1.1875839519834985,0.2552824507345414,3.0630735919114667,3.9217328473772346,-4.346039153904432,-0.9462484219076471
-2.829406495518372,7.054622340900134,-2.684316966020739,-2.772466083917904,7.660473878509312,6.067042476049499,-2.1059894531201673,-3.8539259738282716,14.72915036526219,-13.265456660991694,-10.674084683233257,1.3616853152655164,-7.826297654463021,1.5534480566807805,8.222532142952556,3.5711677537529374,-5.832667723733876,-3.91463186385212,-9.47850054178745,-2.884052535634942,2.946162127776478,-1.677863398375865,9.093835632955644,-10.6591460679595,3.0025167899956156,5.002010402696978,-3.843949689455138,-8.38785022336396,10.032599615032154,4.644581234134186
-2.6956489492737665,5.724199771040928,-3.748487596177427,-5.201337299054648,6.067042476049499,7.912257744788727,-1.6576647451668576,-3.190222074324116,13.582391531477226,-11.548368443851466,-8.180970019701437,2.759729712846162,-5.557555499132618,-1.4013329899966671,6.722840917239651,2.342294871549042,-6.859544996431509,-2.349285831359585,-6.086919860943819,-4.281830386647178,2.5058187536592063,-0.1488027636459288,8.987511250696125,-9.453906506691615,2.5084355745548317,1.8668772913429281,-4.756402396062344,-7.650359592194572,8.719683033001349,3.0116820452363706
0.7490328649421579,-1.7115270712241057,0.7376392592636568,0.8209066511710196,-2.1059894531201673,-1.6576647451668576,0.6754082237853359,0.9802624871808688,-4.024769257935597,3.5779412532374093,2.867449480542305,-0.44197489995113987,2.0827699514904636,-0.35240926857474786,-2.2269897974608095,-0.8242749692917293,1.6393800471037392,1.0401690023791546,2.4758856879513,0.8501162250002501,-0.7962540856559597,0.26590583474433854,-2.477043770062247,2.7860890981994477,-0.7937766282660407,-1.3334262523612923,1.0761057135895444,2.1866091936091396,-2.722197524569438,-1.1608237722286152
1.4700224588233002,-3.7419573799939094,1.4178485018484903,1.468273550652228,-3.8539259738282716,-3.190222074324116,0.9802624871808688,2.0186318993030454,-7.515011168316614,6.78037203032905,5.423163034365461,-0.7089921121582626,3.967238769359075,-0.7297338700236187,-4.165837329608251,-1.9081219159480347,2.9965719149509167,1.965272813925023,4.812441044848413,1.4853855126732138,-1.5041623795316803,0.9501008668296202,-4.678218299694292,5.5276891038786,-1.5384320776364875,-2.461767812345296,1.9962008362347001,4.361359804295047,-5.1179637777370734,-2.405750441493355
-5.7189053451340515,13.699703545965455,-6.1576803556992985,-7.1663471327550665,14.72915036526219,13.582391531477226,-4.024769257935597,-7.515011168316614,29.530217153272005,-26.176249897088073,-20.392778068501656,3.6401862300372883,-14.672230926812137,1.400025874716853,15.944751090199745,6.59531021814649,-12.593120226070003,-7.0872170854722425,-17.40047500990854,-6.7720211745753875,5.758906661212535,-2.5235536808042682,18.59513516727401,-21.13011896546778,5.864599551563654,8.345049076180349,-8.429226259046526,-16.771235888281428,19.793842271592574,8.567814045318098
5.0693511655510735,-12.42887054891295,5.185950242688712,5.755976916685049,-13.265456660991694,-11.548368443851466,3.5779412532374093,6.78037203032905,-26.176249897088073,23.37815840535523,18.457164519033274,-2.8754934794160523,13.38886740218086,-1.8741428332270478,-14.333798492811512,-6.133634522301505,10.822759098259313,6.560757081535896,16.043248016264346,5.623510235049672,-5.163284805293385,2.6387983424210986,-16.36695584981123,18.888997522033097,-5.268639948559874,-8.00055792388207,7.211811243826407,14.947543067206784,-17.673391723521878,-7.91476556585996
3.9177879349146862,-9.990289345092378,3.590018986322217,3.542404479419909,-10.674084683233257,-8.180970019701437,2.867449480542305,5.423163034365461,-20.392778068501656,18.457164519033274,14.973983546833317,-1.7018174491517122,11.017116146018111,-2.472453142425962,-11.460185953771065,-5.133463410107942,7.902575612676807,5.561759225024561,13.45070696589552,3.803043769731207,-4.088089430131449,2.569440483378159,-12.53800059109688,14.852057138339928,-4.198898824728098,-7.198897176401961,5.1807890424227425,11.684941481840662,-13.960322982603863,-6.639548483571116
-0.7350340767165829,1.1535601993002154,-1.3594717179464482,-2.1686163108680754,1.3616853152655164,2.759729712846162,-0.44197489995113987,-0.7089921121582626,3.6401862300372883,-2.8754934794160523,-1.7018174491517122,1.2182453267075135,-0.9891516823697859,-1.2210131486160865,1.5426057521852576,0.2546632366993018,-2.2783234913088917,-0.25262905822189474,-0.802720380223968,-1.6377671931739795,0.6155516845647153,0.49319293499787853,2.5792150515734953,-2.3456686491529086,0.5749106813609011,-0.28627221562788424,-1.6402632556703436,-1.949809425189285,2.1809264807877664,0.3693723183548717
2.8143341229360903,-7.346567103675758,2.403393160611032,2.1613906101421705,-7.826297654463021,-5.557555499132618,2.0827699514904636,3.967238769359075,-14.672230926812137,13.38886740218086,11.017116146018111,-0.9891516823697859,8.181931672770316,-2.197405523313711,-8.380025541188784,-3.8640250882880793,5.466885361220789,4.18760068612503,10.08297491744701,2.4894950578022708,-2.979162969308021,2.10060657183699,-8.935061172602067,10.779406556820614,-3.0645706646519533,-5.580359895876038,3.5505714933896453,8.445555098462894,-10.118502706869439,-4.976941784452427
-0.20103563877621358,1.520975552735532,0.8379411292581763,2.045818171487826,1.5534480566807805,-1.4013329899966671,-0.35240926857474786,-0.7297338700236187,1.400025874716853,-1.8741428332270478,-2.472453142425962,-1.2210131486160865,-2.197405523313711,2.641577330254703,1.5239337330864957,1.2701994658203148,0.7456177506228003,-1.4831093300057605,-3.2729104471006476,1.1535849517845613,0.44380267704816445,-1.5035782721968962,0.3439680746412041,-1.4052997837860215,0.5348341140766536,2.8440802907924576,0.7120589949697252,-0.9478384180376868,1.4219504456118839,1.6356628103786817
-3.0748264307775557,7.68589594888378,-2.9857887713472935,-3.1526123702530557,8.222532142952556,6.722840917239651,-2.2269897974608095,-4.165837329608251,15.944751090199745,-14.333798492811512,-11.460185953771065,1.5426057521852576,-8.380025541188784,1.5239337330864957,8.87836655985051,3.8652311313521373,-6.396114878367848,-4.167705190055646,-10.135730022094911,-3.2125452456367545,3.176907960531523,-1.7988587590837737,9.885992524929543,-11.55753627548684,3.2569745064045246,5.257931202624198,-4.233577501197238,-9.126808602518203,10.839191000639763,4.982510274827191
-1.2967445668313962,3.6587220084090077,-0.9871869785021207,-0.7044004446225961,3.5711677537529374,2.342294871549042,-0.8242749692917293,-1.9081219159480347,6.59531021814649,-6.133634522301505,-5.133463410107942,0.2546632366993018,-3.8640250882880793,1.2701994658203148,3.8652311313521373,2.013311778245348,-2.2935214065493734,-2.002661622273229,-4.862181964446431,-0.9254059712988298,1.373568105340763,-1.3004010222203164,3.9951611258516597,-5.051206417161052,1.435841061208026,2.745199714633249,-1.4920003519217853,-3.9558472244991933,4.619278304761744,2.4622435836505683
2.4663633829334377,-5.365150224532692,3.2157186998519247,4.30950313211275,-5.832667723733876,-6.859544996431509,1.6393800471037392,2.9965719149509167,-12.593120226070003,10.822759098259313,7.902575612676807,-2.2783234913088917,5.466885361220789,0.7456177506228003,-6.396114878367848,-2.2935214065493734,6.077894675935295,2.426929117746774,6.139555456057221,3.6669939051815086,-2.3560575341571197,0.33432658171398466,-8.20046020840104,8.775357614098747,-2.366669592895338,-2.2777440505066253,4.16525927371692,7.056930896217913,-8.1818621398667,-3.0086183005549065
1.3380719244349992,-3.6687259460170676,0.9748385439643289,0.660744943237167,-3.91463186385212,-2.349285831359585,1.0401690023791546,1.965272813925023,-7.0872170854722425,6.560757081535896,5.561759225024561,-0.25262905822189474,4.18760068612503,-1.4831093300057605,-4.167705190055646,-2.002661622273229,2.426929117746774,2.2128529074204017,5.265012542861839,0.9721394738885839,-1.4541819750050604,1.215141807666448,-4.219914104836471,5.24198218189267,-1.5219050921958295,-3.09171108102074,1.524575443379184,4.087880796944089,-4.963482244322011,-2.6028011134723505
3.3181134288033554,-9.001803348619832,2.5673733979182884,1.9555506928601336,-9.47850054178745,-6.086919860943819,2.4758856879513,4.812441044848413,-17.40047500990854,16.043248016264346,13.45070696589552,-0.802720380223968,10.08297491744701,-3.2729104471006476,-10.135730022094911,-4.862181964446431,6.139555456057221,5.265012542861839,12.605309423745128,2.577202460132093,-3.56244615942313,2.884508908062777,-10.458482004851936,12.89879370472896,-3.7129611151955815,-7.233581485508564,3.916359764678796,10.083712122592784,-12.127211891292758,-6.250160299665039
1.3354414026932155,-2.5968054055653176,2.0558960720001758,3.0209336748790636,-2.884052535634942,-4.281830386647178,0.8501162250002501,1.4853855126732138,-6.7720211745753875,5.623510235049672,3.803043769731207,-1.6377671931739795,2.4894950578022708,1.1535849517845613,-3.2125452456367545,-0.9254059712988298,3.6669939051815086,0.9721394738885839,2.577202460132093,2.4155152943810028,-1.2048506100522973,-0.26107638574164677,-4.558104369620132,4.562895440675983,-1.1972095805688072,-0.5090018676988961,2.5572441008683753,3.7285104306242696,-4.256293900963835,-1.2501234060874682
-1.126272744898123,2.749957252161337,-1.123664682687129,-1.2242833027328412,2.946162127776478,2.5058187536592063,-0.7962540856559597,-1.5041623795316803,5.758906661212535,-5.163284805293385,-4.088089430131449,0.6155516845647153,-2.979162969308021,0.44380267704816445,3.176907960531523,1.373568105340763,-2.3560575341571197,-1.4541819750050604,-3.56244615942313,-1.2048506100522973,1.1594208550567509,-0.6139686778764397,3.603526110778802,-4.192064594010676,1.1610317673740118,1.8062573810043863,-1.5869915585939414,-3.30155744329721,3.899237540187541,1.746122082557682
0.506421200770256,-1.9690670194549662,-0.038222479189361794,-0.6747366130084793,-1.677863398375865,-0.1488027636459288,0.26590583474433854,0.9501008668296202,-2.5235536808042682,2.6387983424210986,2.569440483378159,0.49319293499787853,2.10060657183699,-1.5035782721968962,-1.7988587590837737,-1.3004010222203164,0.33432658171398466,1.215141807666448,2.884508908062777,-0.26107638574164677,-0.6139686778764397,1.2370362065581206,-1.34633187312101,2.2497416840024282,-0.6751961340546306,-1.9914046173132838,0.14715293153158848,1.700185149678811,-1.9653820229692398,-1.502470037343433
-3.6298249764796786,8.50161662540087,-4.116355939625308,-5.000122112929561,9.093835632955644,8.987511250696125,-2.477043770062247,-4.678218299694292,18.59513516727401,-16.36695584981123,-12.53800059109688,2.5792150515734953,-8.935061172602067,0.3439680746412041,9.885992524929543,3.9951611258516597,-8.20046020840104,-4.219914104836471,-10.458482004851936,-4.558104369620132,3.603526110778802,-1.34633187312101,11.836417588391342,-13.266955459408598,3.6440618718155364,4.744638372428073,-5.551599967452641,-10.563284647832948,12.373221129555398,5.15386516045888
4.13576854277307,-10.194258990540835,4.257785529834646,4.7356956477816174,-10.6591460679595,-9.453906506691615,2.7860890981994477,5.5276891038786,-21.13011896546778,18.888997522033097,14.852057138339928,-2.3456686491529086,10.779406556820614,-1.4052997837860215,-11.55753627548684,-5.051206417161052,8.775357614098747,5.24198218189267,12.89879370472896,4.562895440675983,-4.192064594010676,2.2497416840024282,-13.266955459408598,15.387532216002706,-4.261025173538254,-6.341423426834058,5.889978681648253,12.175326790830225,-14.2555702937073,-6.397483727776031
-1.1333406527130419,2.860739965323164,-1.1157118916079312,-1.1875839519834985,3.0025167899956156,2.5084355745548317,-0.7937766282660407,-1.5384320776364875,5.864599551563654,-5.268639948559874,-4.198898824728098,0.5749106813609011,-3.0645706646519533,0.5348341140766536,3.2569745064045246,1.435841061208026,-2.366669592895338,-1.5219050921958295,-3.7129611151955815,-1.1972095805688072,1.1610317673740118,-0.6751961340546306,3.6440618718155364,-4.261025173538254,1.2019577792385483,1.8989039033813704,-1.5660769213332582,-3.375598602286505,3.9833902468060827,1.8388287166768458
-1.5501034048801074,4.647595358101568,-0.6525801083124573,0.2552824507345414,5.002010402696978,1.8668772913429281,-1.3334262523612923,-2.461767812345296,8.345049076180349,-8.00055792388207,-7.198897176401961,-0.28627221562788424,-5.580359895876038,2.8440802907924576,5.257931202624198,2.745199714633249,-2.2777440505066253,-3.09171108102074,-7.233581485508564,-0.5090018676988961,1.8062573810043863,-1.9914046173132838,4.744638372428073,-6.341423426834058,1.8989039033813704,4.715769918802936,-1.3370117974710771,-4.86534018543784,6.059283990540963,3.555712370607492
1.6742617333445171,-3.5599452388280883,2.243314854470202,3.0630735919114667,-3.843949689455138,-4.756402396062344,1.0761057135895444,1.9962008362347001,-8.429226259046526,7.211811243826407,5.1807890424227425,-1.6402632556703436,3.5505714933896453,0.7120589949697252,-4.233577501197238,-1.4920003519217853,4.16525927371692,1.524575443379184,3.916359764678796,2.5572441008683753,-1.5869915585939414,0.14715293153158848,-5.551599967452641,5.889978681648253,-1.5660769213332582,-1.3370117974710771,2.8995410725488746,4.74175203913593,-5.450463796447249,-1.913844284660029
3.2811002813300303,-8.064108897512288,3.45607749655808,3.9217328473772346,-8.38785022336396,-7.650359592194572,2.1866091936091396,4.361359804295047,-16.771235888281428,14.947543067206784,11.684941481840662,-1.949809425189285,8.445555098462894,-0.9478384180376868,-9.126808602518203,-3.9558472244991933,7.056930896217913,4.087880796944089,10.083712122592784,3.7285104306242696,-3.30155744329721,1.700185149678811,-10.563284647832948,12.175326790830225,-3.375598602286505,-4.86534018543784,4.74175203913593,9.664913106248271,-11.287059730465415,-5.01172564811182
-3.8266422776690425,9.372885367174089,-3.9129295867737337,-4.346039153904432,10.032599615032154,8.719683033001349,-2.722197524569438,-5.1179637777370734,19.793842271592574,-17.673391723521878,-13.960322982603863,2.1809264807877664,-10.118502706869439,1.4219504456118839,10.839191000639763,4.619278304761744,-8.1818621398667,-4.963482244322011,-12.127211891292758,-4.256293900963835,3.899237540187541,-1.9653820229692398,12.373221129555398,-14.2555702937073,3.9833902468060827,6.059283990540963,-5.450463796447249,-11.287059730465415,13.369658264399488,5.978301576462735
-1.641177656447765,4.5370731842659335,-1.2688327527006134,-0.9462484219076471,4.644581234134186,3.0116820452363706,-1.1608237722286152,-2.405750441493355,8.567814045318098,-7.91476556585996,-6.639548483571116,0.3693723183548717,-4.976941784452427,1.6356628103786817,4.982510274827191,2.4622435836505683,-3.0086183005549065,-2.6028011134723505,-6.250160299665039,-1.2501234060874682,1.746122082557682,-1.502470037343433,5.15386516045888,-6.397483727776031,1.8388287166768458,3.555712370607492,-1.913844284660029,-5.01172564811182,5.978301576462735,3.135550440472114
