V1,V2,V3,V4,V5,V6,V7,V8,V9,V10,V11,V12,V13,V14,V15,V16,V17,V18,V19,V20,V21,V22,V23,V24,V25,V26,V27,V28,V29,V30
0.1819641577473056,-0.09711540100673054,0.5437689800360458,0.9848737909859647,-0.12602017843647131,-1.0521970312674551,0.05583789153337327,0.08732107235126468,-0.8207253834557643,0.5190405125467625,0.07120688240024466,-0.5593699280489386,-0.08695414229946823,0.8085408236883832,-0.18837903473379328,0.13000556929724258,0.7920221685435495,-0.18044397275824461,-0.3214160465601071,0.673588340503984,-0.10267845985061089,-0.3831628217797681,-0.6937760995969214,0.45510926456700057,-0.07841891015841504,0.5759484430936637,0.5992915097314336,0.4168598767118034,-0.39071676603599464,0.16406265161676958
-0.09711540100673054,1.4168272188061504,1.105285175184908,2.511732904642117,1.424275028275152,-1.927687834697265,-0.3059529452515047,-0.6551690791395174,0.8866970398802151,-1.5146242964026542,-2.333456303514201,-1.4821507533734999,-2.1600507212416775,2.980214973063686,1.3658279064205454,1.3003231132148656,1.1573167854557724,-1.5203073543112195,-3.3189775043469742,1.484484666013612,0.3767983083549587,-1.666513641510039,-0.05042541238426523,-1.110933044644926,0.47166354320334347,3.0519576092389564,1.008463217411076,-0.6879297035290458,1.1496307960555412,1.6571650033982235
0.5437689800360458,1.105285175184908,3.070283686845318,6.0853319114580575,1.0204605725180536,-5.725252611489174,-0.12096542476547678,-0.36392551093059944,-2.007670208371626,0.2869159141078921,-2.14609786265775,-3.508246930471011,-2.530858766517499,5.933825565124487,0.7360143957182484,1.7978807800214258,4.007234727553616,-2.200892211106995,-4.5489492532855955,3.9232906976060153,0.02894246473888977,-3.0732030321789794,-2.5150299547798327,0.47068509194360375,0.20400664628277895,5.187052466870246,3.160816811699088,0.7751498133937783,-0.20637792031142965,2.2791797557392166
0.9848737909859647,2.511732904642117,6.0853319114580575,12.162747107639209,2.3568286766332682,-11.305619669144534,-0.3229961336054117,-0.8871474678194559,-3.4709067695093823,0.057456261250813385,-4.746759540930085,-7.0221972595089754,-5.4109225232965565,12.027092439999928,1.8062304570653014,3.7695780253421938,7.852423101378265,-4.5918090113421695,-9.546583367813053,7.799127369710089,0.1737435919683665,-6.267906446689,-4.7144056325352075,0.5278129615054905,0.5297103182722928,10.654960643958479,6.223336654381394,1.231105881617558,-0.022461423709251943,4.781024778860055
-0.12602017843647131,1.424275028275152,1.0204605725180536,2.3568286766332682,1.442538863430975,-1.76466235162797,-0.31674635130682743,-0.6670398205053765,1.0091645169313874,-1.590745033421923,-2.339226257223011,-1.3914402179435044,-2.142425177174447,2.8482177140297367,1.3920877529692977,1.2762314528413097,1.034735306264344,-1.4877569971592413,-3.259534156712482,1.3795387249319289,0.39467498433812853,-1.6023264630357779,0.056820008996205255,-1.1795346781176954,0.481375237203348,2.958389513222654,0.9118859107233639,-0.7490194127500197,1.2069012012453793,1.6243831548162946
-1.0521970312674551,-1.927687834697265,-5.725252611489174,-11.305619669144534,-1.76466235162797,10.693591889902649,0.19117198612569572,0.6102195034299056,3.954380161844973,-0.7466549637596578,3.7977599592836495,6.513253222122452,4.556091512012857,-10.954560615689134,-1.228230447084376,-3.2672136382962695,-7.509841851325958,4.008786166879269,8.262558303827204,-7.306635956041077,-0.006170366006204054,5.657582952891592,4.80167121346372,-1.044954383954958,-0.3281754092052204,-9.51743133093808,-5.9109693599304975,-1.5719864736964675,0.5450279264669888,-4.140604975580568
0.05583789153337327,-0.3059529452515047,-0.12096542476547678,-0.3229961336054117,-0.31674635130682743,0.19117198612569572,0.075322573418886,0.15049071636998218,-0.3395601539476227,0.41010711007439316,0.4904514355945636,0.19321701465610178,0.42457049410571845,-0.45102375281366874,-0.31647323778944614,-0.23965006571794645,-0.08355298910854012,0.27464313707183213,0.6139939877825437,-0.1733465200176295,-0.09871470973062302,0.26489560671443574,-0.12482320962810982,0.31588459946452635,-0.11110916191200457,-0.5129281124991051,-0.08808186775763821,0.22088070263023182,-0.3108275517474578,-0.30411131998456964
0.08732107235126468,-0.6551690791395174,-0.36392551093059944,-0.8871474678194559,-0.6670398205053765,0.6102195034299056,0.15049071636998218,0.3139823535457933,-0.5922947635393422,0.801016628387428,1.0598886512980088,0.5280710868175666,0.9447019546984728,-1.1379460262012715,-0.654825635963574,-0.5497263004529634,-0.3280274462343799,0.63581578809764006,1.40551183331618,-0.5027796909056825,-0.1936690132624469,0.6528294228224363,-0.14367760910118074,0.6059139911534137,-0.22891651774379876,-1.2260076580005663,-0.3067722490743435,0.4066744063098487,-0.6070170272825199,-0.7005566882459959
-0.8207253834557643,0.8866970398802151,-2.007670208371626,-3.4709067695093823,1.0091645169313874,3.954380161844973,-0.3395601539476227,-0.5922947635393422,3.8627131240742445,-2.7512790563664926,-1.069513529787655,1.949322200290785,-0.323875202752933,-2.5455358919610442,1.2628796748651472,-0.14305371148441925,-3.0724624628229584,0.28743974771855,0.3141509515309296,-2.4510174724305633,0.5640643581249676,1.125098379220611,3.0006776857291646,-2.3373672464843813,0.4962114383037339,-1.514903419557287,-2.2748025644179735,-2.0376049187800946,2.0742963153474885,-0.16877312001241854
0.5190405125467625,-1.5146242964026542,0.2869159141078921,0.057456261250813385,-1.590745033421923,-0.7466549637596578,0.41010711007439316,0.801016628387428,-2.7512790563664926,2.604746111841978,2.2858290528828533,0.018209350569125465,1.7532409520381638,-0.786653430725307,-1.6852346046282078,-0.8703506020731322,0.8288860396570644,0.9518069087094655,2.2490927749701335,0.25127440855804273,-0.5844119076039501,0.6021219124216679,-1.5991006305752544,2.0856692986059184,-0.6137933026416291,-1.4025944447839713,0.5054559128519243,1.6117956456399538,-1.9693937255197869,-1.1148518316153753
0.07120688240024466,-2.333456303514201,-2.14609786265775,-4.746759540930085,-2.339226257223011,3.7977599592836495,0.4904514355945636,1.0598886512980088,-1.069513529787655,2.2858290528828533,3.8984591531812067,2.786547615846782,3.688334233583144,-5.442018474326999,-2.2056956478529592,-2.25833918091587,-2.3627258421318125,2.6553001186857164,5.759766117854422,-2.85363586273014,-0.5858588531035349,3.0062562466015095,0.4427239332490335,1.6397965987430618,-0.753004917074317,-5.445936729639578,-2.0076352901460304,0.9427297875533708,-1.7364940730771103,-2.8748559353715315
-0.5593699280489386,-1.4821507533734999,-3.508246930471011,-7.0221972595089754,-1.3914402179435044,6.513253222122452,0.19321701465610178,0.5280710868175666,1.949322200290785,0.018209350569125465,2.786547615846782,4.0567871176030055,3.159333194197919,-6.962433923597749,-1.0758826276233644,-2.1944549787332233,-4.517732618233146,2.671656944140423,5.55937699004403,-4.4982744688201635,-0.11005726840521557,3.632274028469307,2.6917034133485944,-0.2648072783586606,-0.3185801131771796,-6.1803486845426105,-3.585782328349291,-0.678931454721654,-0.025846920337590156,-2.7853971972620046
-0.08695414229946823,-2.1600507212416775,-2.530858766517499,-5.4109225232965565,-2.142425177174447,4.556091512012857,0.42457049410571845,0.9447019546984728,-0.323875202752933,1.7532409520381638,3.688334233583144,3.159333194197919,3.622190418188453,-5.9269676194347385,-1.960021365392275,-2.2836147708981356,-2.9525408063570193,2.7078941675140618,5.814290777930389,-3.323215983656581,-0.4767150748448958,3.2200625341163724,1.0205463983822178,1.1878163918734213,-0.6565202377494548,-5.73235610283051,-2.44387931727829,0.5490403063378656,-1.3349002004170445,-2.904281933306957
0.8085408236883832,2.980214973063686,5.933825565124487,12.027092439999928,2.8482177140297367,-10.954560615689134,-0.45102375281366874,-1.1379460262012715,-2.5455358919610442,-0.786653430725307,-5.442018474326999,-6.962433923597749,-5.9269676194347385,12.168693928965885,2.3340611239553977,4.015681532563158,7.508025712041622,-4.857709285143532,-10.186209715800771,7.642204451044308,0.35891648685393823,-6.403657750936975,-4.15241741163321,-0.1509765328069622,0.7241146666404079,11.006717988631744,6.002600548949671,0.6972462375180357,0.6155204182111229,5.099487768261872
-0.18837903473379328,1.3658279064205454,0.7360143957182484,1.8062304570653014,1.3920877529692977,-1.228230447084376,-0.31647323778944614,-0.654825635963574,1.2628796748651472,-1.6852346046282078,-2.2056956478529592,-1.0758826276233644,-1.960021365392275,2.3340611239553977,1.3712252611948086,1.1372943229142125,0.6512265357494346,-1.3146319940612132,-2.9091564016118725,1.0184912060433906,0.40690020219154777,-1.3411531591095558,0.32559674367318053,-1.2763338475225317,0.4799507195054421,2.5278491304159885,0.6137602209344956,-0.8620436026019697,1.2777249289259758,1.4485981490568567
0.13000556929724258,1.3003231132148656,1.7978807800214258,3.7695780253421938,1.2762314528413097,-3.2672136382962695,-0.23965006571794645,-0.5497263004529634,-0.14305371148441925,-0.8703506020731322,-2.25833918091587,-2.1944549787332233,-2.2836147708981356,4.015681532563158,1.1372943229142125,1.4718225223748165,2.1636783307916647,-1.7554374371617103,-3.741873049593274,2.344031026022836,0.25289833103022946,-2.158926769431142,-0.9236539392391668,-0.5468357921306474,0.3745985284342735,3.797576975894062,1.7670328575380454,-0.1665341397204729,0.6645373140541154,1.870634479427147
0.7920221685435495,1.1573167854557724,4.007234727553616,7.852423101378265,1.034735306264344,-7.509841851325958,-0.08355298910854012,-0.3280274462343799,-3.0724624628229584,0.8288860396570644,-2.3627258421318125,-4.517732618233146,-2.9525408063570193,7.508025712041622,0.6512265357494346,2.1636783307916647,5.310413149034172,-2.6682887416052927,-5.465476303423525,5.10050858168078,-0.06538299043077335,-3.8545375634744476,-3.522865467193461,0.9737343730717456,0.15450741629202527,6.4372068154757365,4.162172724565344,1.283016047717089,-0.613208595077838,2.740437765614745
-0.18044397275824461,-1.5203073543112195,-2.200892211106995,-4.5918090113421695,-1.4877569971592413,4.008786166879269,0.27464313707183213,0.63581578809764006,0.28743974771855,0.9518069087094655,2.6553001186857164,2.671656944140423,2.7078941675140618,-4.857709285143532,-1.3146319940612132,-1.7554374371617103,-2.6682887416052927,2.0987399299439673,4.463867549085163,-2.8638934265548643,-0.2826160619230265,2.6031679898944935,1.19134257179736,0.5781046133439275,-0.4308629582866995,-4.565714216989276,-2.1735858923587834,0.13550322291181807,-0.7275892878267509,-2.232551858070432
-0.3214160465601071,-3.3189775043469742,-4.5489492532855955,-9.546583367813053,-3.259534156712482,8.262558303827204,0.6139939877825437,1.40551183331618,0.3141509515309296,2.2490927749701335,5.759766117854422,5.55937699004403,5.814290777930389,-10.186209715800771,-2.9091564016118725,-3.741873049593274,-5.465476303423525,4.463867549085163,9.517842382007,-5.932069350667654,-0.6489480914227826,5.477627564953646,2.3128975312842623,1.4186741403934642,-0.9596127084590295,-9.643037184097077,-4.468801127994133,0.4485434258147671,-1.717032335172573,-4.758755191427476
0.673588340503984,1.484484666013612,3.9232906976060153,7.799127369710089,1.3795387249319289,-7.306635956041077,-0.1733465200176295,-0.5027796909056825,-2.4510174724305633,0.25127440855804273,-2.85363586273014,-4.4982744688201635,-3.323215983656581,7.642204451044308,1.0184912060433906,2.344031026022836,5.10050858168078,-2.8638934265548643,-5.932069350667654,5.01891487301481,0.06369754032892888,-3.9671531078615274,-3.1526036815315277,0.5094377471754061,0.2886208512453774,6.712446923039985,4.029312322806162,0.9217151988032217,-0.1766543755671577,2.9715804933738985
-0.10267845985061089,0.3767983083549587,0.02894246473888977,0.1737435919683665,0.39467498433812853,-0.006170366006204054,-0.09871470973062302,-0.1936690132624469,0.5640643581249676,-0.5844119076039501,-0.5858588531035349,-0.11005726840521557,-0.4767150748448958,0.35891648685393823,0.40690020219154777,0.25289833103022946,-0.06538299043077335,-0.2826160619230265,-0.6489480914227826,0.06369754032892888,0.13626780965695298,-0.23045631432849836,0.28814374595027953,-0.46218799553659384,0.14534907375143957,0.47863367945324004,-0.02073781915068547,-0.3432169602588003,0.4421950119768312,0.3206471669032513
-0.3831628217797681,-1.666513641510039,-3.0732030321789794,-6.267906446689,-1.6023264630357779,5.657582952891592,0.26489560671443574,0.6528294228224363,1.125098379220611,0.6021219124216679,3.0062562466015095,3.632274028469307,3.2200625341163724,-6.403657750936975,-1.3411531591095558,-2.158926769431142,-3.8545375634744476,2.6031679898944935,5.477627564953646,-3.9671531078615274,-0.23045631432849836,3.384689330076182,2.0475546425768285,0.23314920639366032,-0.42277379210835614,-5.842982306166524,-3.092894191327015,-0.2444490701000887,-0.46592172301536144,-2.7415881839979725
-0.6937760995969214,-0.05042541238426523,-2.5150299547798327,-4.7144056325352075,0.056820008996205255,4.80167121346372,-0.12482320962810982,-0.14367760910118074,3.0006776857291646,-1.5991006305752544,0.4427239332490335,2.6917034133485944,1.0205463983822178,-4.15241741163321,0.32559674367318053,-0.9236539392391668,-3.522865467193461,1.19134257179736,2.3128975312842623,-3.1526036815315277,0.28814374595027953,2.0475546425768285,2.7826290450071727,-1.4666527760805894,0.16744390476762464,-3.2503648525205864,-2.701830084359223,-1.4494840554217756,1.2009896682758425,-1.1661909429416766
0.45510926456700057,-1.110933044644926,0.47068509194360375,0.5278129615054905,-1.1795346781176954,-1.044954383954958,0.31588459946452635,0.6059139911534137,-2.3373672464843813,2.0856692986059184,1.6397965987430618,-0.2648072783586606,1.1878163918734213,-0.1509765328069622,-1.2763338475225317,-0.5468357921306474,0.9737343730717456,0.5781046133439275,1.4186741403934642,0.5094377471754061,-0.46218799553659384,0.23314920639366032,-1.4666527760805894,1.690725082684017,-0.46933670041593506,-0.6993782931688498,0.6526760670054526,1.3380891212500847,-1.5759485447921515,-0.7002903860926916
-0.07841891015841504,0.47166354320334347,0.20400664628277895,0.5297103182722928,0.481375237203348,-0.3281754092052204,-0.11110916191200457,-0.22891651774379876,0.4962114383037339,-0.6137933026416291,-0.753004917074317,-0.3185801131771796,-0.6565202377494548,0.7241146666404079,0.4799507195054421,0.3745985284342735,0.15450741629202527,-0.4308629582866995,-0.9596127084590295,0.2886208512453774,0.14534907375143957,-0.42277379210835614,0.16744390476762464,-0.46933670041593506,0.1694437847477004,0.808141703945101,0.1590826308511429,-0.3267213756795477,0.46517760353278587,0.478225822405048
0.5759484430936637,3.0519576092389564,5.187052466870246,10.654960643958479,2.958389513222654,-9.51743133093808,-0.5129281124991051,-1.2260076580005663,-1.514903419557287,-1.4025944447839713,-5.445936729639578,-6.1803486845426105,-5.73235610283051,11.006717988631744,2.5278491304159885,3.797576975894062,6.4372068154757365,-4.565714216989276,-9.643037184097077,6.712446923039985,0.47863367945324004,-5.842982306166524,-3.2503648525205864,-0.6993782931688498,0.808141703945101,10.145000676177885,5.1862185896078845,0.1824926372560673,1.079098036431827,4.822655983890069
0.5992915097314336,1.008463217411076,3.160816811699088,6.223336654381394,0.9118859107233639,-5.9109693599304975,-0.08808186775763821,-0.3067722490743435,-2.2748025644179735,0.5054559128519243,-2.0076352901460304,-3.585782328349291,-2.44387931727829,6.002600548949671,0.6137602209344956,1.7670328575380454,4.162172724565344,-2.1735858923587834,-4.468801127994133,4.029312322806162,-0.02073781915068547,-3.092894191327015,-2.701830084359223,0.6526760670054526,0.1590826308511429,5.1862185896078845,3.274501920395379,0.9235011493719179,-0.3715442270122394,2.2422634295471093
0.4168598767118034,-0.6879297035290458,0.7751498133937783,1.231105881617558,-0.7490194127500197,-1.5719864736964675,0.22088070263023182,0.4066744063098487,-2.0376049187800946,1.6117956456399538,0.9427297875533708,-0.678931454721654,0.5490403063378656,0.6972462375180357,-0.8620436026019697,-0.1665341397204729,1.283016047717089,0.13550322291181807,0.4485434258147671,0.9217151988032217,-0.3432169602588003,-0.2444490701000887,-1.4494840554217756,1.3380891212500847,-0.3267213756795477,0.1824926372560673,0.9235011493719179,1.115376438222113,-1.2166725191255887,-0.21758157036265516
-0.39071676603599464,1.1496307960555412,-0.20637792031142965,-0.022461423709251943,1.2069012012453793,0.5450279264669888,-0.3108275517474578,-0.6070170272825199,2.0742963153474885,-1.9693937255197869,-1.7364940730771103,-0.025846920337590156,-1.3349002004170445,0.6155204182111229,1.2777249289259758,0.6645373140541154,-0.613208595077838,-0.7275892878267509,-1.717032335172573,-0.1766543755671577,0.4421950119768312,-0.46592172301536144,1.2009896682758425,-1.5759485447921515,0.46517760353278587,1.079098036431827,-0.3715442270122394,-1.2166725191255887,1.4891752772636553,0.8510486851148249
0.16406265161676958,1.6571650033982235,2.2791797557392166,4.781024778860055,1.6243831548162946,-4.140604975580568,-0.30411131998456964,-0.7005566882459959,-0.16877312001241854,-1.1148518316153753,-2.8748559353715315,-2.7853971972620046,-2.904281933306957,5.099487768261872,1.4485981490568567,1.870634479427147,2.740437765614745,-2.232551858070432,-4.758755191427476,2.9715804933738985,0.3206471669032513,-2.7415881839979725,-1.1661909429416766,-0.7002903860926916,0.478225822405048,4.822655983890069,2.2422634295471093,-0.21758157036265516,0.8510486851148249,2.3809343593668033
