V1,V2,V3,V4,V5,V6,V7,V8,V9,V10,V11,V12,V13,V14,V15,V16,V17,V18,V19,V20,V21,V22,V23,V24,V25,V26,V27,V28,V29,V30
0.5451416065415022,-0.249920511629733,0.20405841919076073,-0.8017171495997819,-0.4757005665312105,0.22174344354694606,-1.535695998054747,1.0905839639374206,-0.6402924853569802,-0.03520748442803531,0.7980476062805635,0.011120406365538443,0.696683629047703,-0.5338328333073717,1.4065636851685324,0.49413938352531606,-0.5137583200563973,-0.24640982135893003,0.08470978511343505,0.007957081391007918,0.5241700495581055,-0.36948036683819807,0.38915288702999556,0.6790838825153939,1.1300287438863972,1.5356106770808806,-0.44430086659725215,-0.6993406191858063,0.44475673679418065,-0.5879957146045374
-0.249920511629733,6.834802169785018,-0.25450937878062496,1.0416048138996885,0.6362880135872868,1.1608135932940056,4.183393116907826,0.6268446835642131,2.2282256688313007,1.0320373226588329,-0.20196240111214428,-0.38133693110035044,0.9574625091721635,1.1636796440916073,4.099793600878634,-1.8980103214442328,0.34225318516993025,0.8739864609226119,-0.8521061762876325,-4.550624778428906,-3.9447946233323226,3.6262719898121296,-2.0607549052705276,1.9981056265063613,1.02361511075319,-3.272420157873148,0.6312614978046269,-1.0992838011510575,0.5795338171136496,0.44514091384006443
0.20405841919076073,-0.25450937878062496,0.08029819242962825,-0.31618236196021104,-0.18819813023654972,0.052701912110183644,-0.6580337879511756,0.3812083680329076,-0.28607195863925466,-0.03748716915374521,0.29480543129373826,0.013149656772497855,0.23017080217310362,-0.2217160919868368,0.41283700625902225,0.22507372685433502,-0.194960894239435,-0.11047073693436227,0.051131515174435205,0.11196522667550976,0.2848520641446821,-0.22110983477617152,0.19085087129794487,0.1988001916159223,0.3858814685232252,0.6363071300173371,-0.17649839760670266,-0.22771768047515525,0.14771284454971417,-0.22447938019311295
-0.8017171495997819,1.0416048138996885,-0.31618236196021104,1.2467278590569157,0.7414177577179144,-0.19954636096991277,2.6076264843097925,-1.490887392098625,1.1356447546676636,0.15370071914024874,-1.1572113008759803,-0.05411774536419635,-0.8965439060351671,0.8773833526548214,-1.5927073619189478,-0.894287336911773,0.7661693810037808,0.43871004814862874,-0.20621094938536608,-0.46769241626090446,-1.1425337253330095,0.8901059389359701,-0.7610138659582689,-0.7671439364421146,-1.5074491470488798,-2.516002397684965,0.6963584050027041,0.8861269956765985,-0.5755097060111826,0.8821686406483562
-0.4757005665312105,0.6362880135872868,-0.18819813023654972,0.7414177577179144,0.4413581443847336,-0.11480876868322347,1.5563122327953194,-0.8814783075877902,0.6792411891768204,0.09389578420951762,-0.6862001579137381,-0.033069661971208024,-0.5284197309265344,0.52278516459769,-0.9320740770556288,-0.5353535222551287,0.45514016948934627,0.26239343039313767,-0.1244192967493429,-0.29006155960870084,-0.6877683461851379,0.5375547998047953,-0.4569128845236018,-0.44870413888588484,-0.8897770304837956,-1.499791651433595,0.4142073136985383,0.5217943584918754,-0.339339467192907,0.5243637781123054
0.22174344354694606,1.1608135932940056,0.052701912110183644,-0.19954636096991277,-0.11480876868322347,0.32743493606706,0.028816034989603057,0.6553305358947207,0.1030673299919462,0.17650113671627013,0.35540268986191526,-0.06613133195931623,0.5232904277400047,-0.04463654951430801,1.4635046122482023,-0.11308512427267545,-0.18882917524616946,0.042743078915374676,-0.11826570982704818,-0.8510511278087506,-0.4826282824611858,0.4991331670601089,-0.19543169488413037,0.7101669751272588,0.7494764108586186,0.14214689669597935,-0.10045876087621869,-0.5512659761845756,0.32809271912982746,-0.2060050252328985
-1.535695998054747,4.183393116907826,-0.6580337879511756,2.6076264843097925,1.5563122327953194,0.028816034989603057,6.127916373460563,-2.4889126858448303,2.8052681837246602,0.6252139624719172,-2.1632764240716043,-0.22618197723887237,-1.301589636448061,1.9799081119567081,-1.5059440049941588,-2.257235091744749,1.5023108609010527,1.0881474631606,-0.6598358598342359,-2.3763854162757383,-3.3947981808362124,2.8306063754577124,-2.0706000691920576,-0.7175268608141244,-2.3856252291871436,-5.65574303585141,1.4731268330314002,1.2350700797731253,-0.8473010868477917,1.746892223129133
1.0905839639374206,0.6268446835642131,0.3812083680329076,-1.490887392098625,-0.8814783075877902,0.6553305358947207,-2.4889126858448303,2.3707299042346093,-0.9565065315799384,0.09989410234320266,1.6240166005934147,-0.040826219497932775,1.6078677926791083,-0.9139387957014864,3.6094843207447624,0.7082458350597903,-1.0098561349656736,-0.36534690234173695,0.03312911367773666,-0.7465447507943646,0.42751932520990477,-0.15952255428842746,0.4628441666165126,1.7458238393788958,2.5192852410933493,2.641417985497082,-0.8171826990349478,-1.6371792857865781,1.0211239442826834,-1.1467831407282685
-0.6402924853569802,2.2282256688313007,-0.28607195863925466,1.1356447546676636,0.6792411891768204,0.1030673299919462,2.8052681837246602,-0.9565065315799384,1.3090835403175576,0.3337955599190077,-0.8901602945864694,-0.12135277280866327,-0.4506614726506341,0.8914474749346325,-0.2861106569775038,-1.0616584041059969,0.6342473046643945,0.5085152340127004,-0.3335722448525864,-1.3184521947117815,-1.6820623315637813,1.4291796283299596,-0.9990812748562321,-0.1326721556494548,-0.8832514124136143,-2.5430403927137286,0.6448913119398663,0.41258146980431176,-0.29683868749207654,0.7413434252892939
-0.03520748442803531,1.0320373226588329,-0.03748716915374521,0.15370071914024874,0.09389578420951762,0.17650113671627013,0.6252139624719172,0.09989410234320266,0.3337955599190077,0.1558567905355078,-0.026762471667868448,-0.05760414194724876,0.14801512625926594,0.17344149525405608,0.6263918704406428,-0.28456078300183046,0.04927631466742465,0.13095481341637033,-0.12843511013991535,-0.6878484872285641,-0.5938943555280743,0.5464363609752226,-0.30964917774218087,0.30522583909515144,0.15999795835275887,-0.48745316878756223,0.09335267350659827,-0.16945812338526273,0.08970559419792612,0.06444690925862136
0.7980476062805635,-0.20196240111214428,0.29480543129373826,-1.1572113008759803,-0.6862001579137381,0.35540268986191526,-2.1632764240716043,1.6240166005934147,-0.8901602945864694,-0.026762471667868448,1.1722820451889917,0.007101305949839709,1.051034136576172,-0.7590705288284741,2.174824867535073,0.6826231481455032,-0.7495097561799924,-0.3421656355954133,0.10416872963776423,-0.09924332193629487,0.6769899739323999,-0.45658151285302156,0.5237903206582739,1.050449050088288,1.6918664421568659,2.1853783192101948,-0.6399919857368674,-1.0584108542540824,0.6701980268731702,-0.8565146515599849
0.011120406365538443,-0.38133693110035044,0.013149656772497855,-0.05411774536419635,-0.033069661971208024,-0.06613133195931623,-0.22618197723887237,-0.040826219497932775,-0.12135277280866327,-0.05760414194724876,0.007101305949839709,0.02130111607550168,-0.05726171890958149,-0.06238660231613872,-0.2369282254001191,0.10362931757287548,-0.016416592911152012,-0.0476302734080179,0.047282758810814375,0.25469665979148265,0.21812667176792275,-0.20107084162252628,0.11328375605454324,-0.11540955771858151,-0.06318372430669635,0.17513001814335125,-0.033023643430566275,0.06520690090123794,-0.034786566324623805,-0.02175257955059543
0.696683629047703,0.9574625091721635,0.23017080217310362,-0.8965439060351671,-0.5284197309265344,0.5232904277400047,-1.301589636448061,1.6078677926791083,-0.4506614726506341,0.14801512625926594,1.051034136576172,-0.05726171890958149,1.1329743495387332,-0.5076909798619091,2.6990764204270095,0.31388284695685886,-0.6362514456502681,-0.17030958703547447,-0.04623706097628768,-0.8538071924782749,-0.03393523229953826,0.18462855864291025,0.13963293787589298,1.3066993994502367,1.737180379146695,1.4744966608133914,-0.48659913074195854,-1.1635588407628488,0.7172492086464334,-0.7180017810723767
-0.5338328333073717,1.1636796440916073,-0.2217160919868368,0.8773833526548214,0.52278516459769,-0.04463654951430801,1.9799081119567081,-0.9139387957014864,0.8914474749346325,0.17344149525405608,-0.7590705288284741,-0.06238660231613872,-0.5076909798619091,0.6486566506393981,-0.7286493306978231,-0.7123053927474564,0.517505461373227,0.34534883938634153,-0.19427449278940365,-0.6293978260482376,-1.0200269730853555,0.8345037114443313,-0.6382817067493295,-0.34936157334280443,-0.896149141899283,-1.855013394484931,0.4936595787202169,0.4907766764525975,-0.3284118618475664,0.5994564632886917
1.4065636851685324,4.099793600878634,0.41283700625902225,-1.5927073619189478,-0.9320740770556288,1.4635046122482023,-1.5059440049941588,3.6094843207447624,-0.2861106569775038,0.6263918704406428,2.174824867535073,-0.2369282254001191,2.6990764204270095,-0.7286493306978231,6.979025103798385,0.09483474871485358,-1.2501961584694716,-0.09848104730403026,-0.35559434792475253,-3.189778669747053,-1.2629579129116466,1.4873167143222399,-0.32494318710377784,3.3827120908975856,4.004232486280011,2.148802247190764,-0.8445287972976416,-2.80693202073684,1.700675660673888,-1.3930890411740247
0.49413938352531606,-1.8980103214442328,0.22507372685433502,-0.894287336911773,-0.5353535222551287,-0.11308512427267545,-2.257235091744749,0.7082458350597903,-1.0616584041059969,-0.28456078300183046,0.6826231481455032,0.10362931757287548,0.31388284695685886,-0.7123053927474564,0.09483474871485358,0.8637299418543585,-0.4923503754027091,-0.4126471958240121,0.27899490517392456,1.138246289927871,1.3964175451566467,-1.1947274637155934,0.8210458636917413,0.04104288209972063,0.6406270259105148,2.0307383740637164,-0.5090138488236411,-0.2806876999222491,0.20828274418571738,-0.5768660691961021
-0.5137583200563973,0.34225318516993025,-0.194960894239435,0.7661693810037808,0.45514016948934627,-0.18882917524616946,1.5023108609010527,-1.0098561349656736,0.6342473046643945,0.04927631466742465,-0.7495097561799924,-0.016416592911152012,-0.6362514456502681,0.517505461373227,-1.2501961584694716,-0.4923503754027091,0.4860255593130089,0.2443201399395232,-0.0926586644001443,-0.07983471236874815,-0.5526911028414627,0.40311981127282187,-0.39679774031183135,-0.6031859448624667,-1.0401955159421918,-1.487959399990518,0.42542796924264314,0.6364497543250388,-0.40670251428642024,0.5572097788357927
-0.24640982135893003,0.8739864609226119,-0.11047073693436227,0.43871004814862874,0.26239343039313767,0.042743078915374676,1.0881474631606,-0.36534690234173695,0.5085152340127004,0.13095481341637033,-0.3421656355954133,-0.0476302734080179,-0.17030958703547447,0.34534883938634153,-0.09848104730403026,-0.4126471958240121,0.2443201399395232,0.1975609094197279,-0.13038079431538904,-0.5185198110215002,-0.6564290762497599,0.5584784449193003,-0.38907523755930096,-0.04541655962210801,-0.33617950071262753,-0.9849657245101798,0.24924221010087305,0.15530990466003256,-0.11231580422043448,0.2856824935730694
0.08470978511343505,-0.8521061762876325,0.051131515174435205,-0.20621094938536608,-0.1244192967493429,-0.11826570982704818,-0.6598358598342359,0.03312911367773666,-0.3335722448525864,-0.12843511013991535,0.10416872963776423,0.047282758810814375,-0.04623706097628768,-0.19427449278940365,-0.35559434792475253,0.27899490517392456,-0.0926586644001443,-0.13038079431538904,0.11163783959032471,0.5514275590454119,0.5298411335468743,-0.4757522595474958,0.2881756045125146,-0.17388357241580096,-0.010798598048690766,0.5494660197363055,-0.12083480695804405,0.06311409225749992,-0.02569337052867929,-0.11245096484681735
0.007957081391007918,-4.550624778428906,0.11196522667550976,-0.46769241626090446,-0.29006155960870084,-0.8510511278087506,-2.3763854162757383,-0.7465447507943646,-1.3184521947117815,-0.6878484872285641,-0.09924332193629487,0.25469665979148265,-0.8538071924782749,-0.6293978260482376,-3.189778669747053,1.138246289927871,-0.07983471236874815,-0.5185198110215002,0.5514275590454119,3.076758651843876,2.5140345701278433,-2.3443686248659854,1.2794299017284356,-1.5527845381256247,-1.0268746091867305,1.760203530338449,-0.2957119099003428,0.9505797322524738,-0.5235945994128794,-0.1276141772784654
0.5241700495581055,-3.9447946233323226,0.2848520641446821,-1.1425337253330095,-0.6877683461851379,-0.4826282824611858,-3.3947981808362124,0.42751932520990477,-1.6820623315637813,-0.5938943555280743,0.6769899739323999,0.21812667176792275,-0.03393523229953826,-1.0200269730853555,-1.2629579129116466,1.3964175451566467,-0.5526911028414627,-0.6564290762497599,0.5298411335468743,2.5140345701278433,2.546203001159104,-2.260843539914805,1.4116790542542104,-0.619987265659312,0.23697981123876122,2.892394866770452,-0.6629814548728961,0.11019959173339602,-0.004209252095843943,-0.6619139395520782
-0.36948036683819807,3.6262719898121296,-0.22110983477617152,0.8901059389359701,0.5375547998047953,0.4991331670601089,2.8306063754577124,-0.15952255428842746,1.4291796283299596,0.5464363609752226,-0.45658151285302156,-0.20107084162252628,0.18462855864291025,0.8345037114443313,1.4873167143222399,-1.1947274637155934,0.40311981127282187,0.5584784449193003,-0.4757522595474958,-2.3443686248659854,-2.260843539914805,2.028644253217963,-1.2320489707359639,0.7277205059003061,0.027165407684785745,-2.361981289127649,0.5210689538696273,-0.25641009574235124,0.10155611849485006,0.48886500319556075
0.38915288702999556,-2.0607549052705276,0.19085087129794487,-0.7610138659582689,-0.4569128845236018,-0.19543169488413037,-2.0706000691920576,0.4628441666165126,-0.9990812748562321,-0.30964917774218087,0.5237903206582739,0.11328375605454324,0.13963293787589298,-0.6382817067493295,-0.32494318710377784,0.8210458636917413,-0.39679774031183135,-0.38907523755930096,0.2881756045125146,1.2794299017284356,1.4116790542542104,-1.2320489707359639,0.8052109313811504,-0.16224146117234678,0.3745439843759406,1.8155878838170771,-0.4368424988151169,-0.10142837837296821,0.09804223059615058,-0.4692106532577282
0.6790838825153939,1.9981056265063613,0.1988001916159223,-0.7671439364421146,-0.44870413888588484,0.7101669751272588,-0.7175268608141244,1.7458238393788958,-0.1326721556494548,0.30522583909515144,1.050449050088288,-0.11540955771858151,1.3066993994502367,-0.34936157334280443,3.3827120908975856,0.04104288209972063,-0.6031859448624667,-0.04541655962210801,-0.17388357241580096,-1.5527845381256247,-0.619987265659312,0.7277205059003061,-0.16224146117234678,1.6396937602798984,1.9377402192759798,1.0302970781164924,-0.4066040956843364,-1.3591949701078072,0.8232709829902886,-0.6718908827437959
1.1300287438863972,1.02361511075319,0.3858814685232252,-1.5074491470488798,-0.8897770304837956,0.7494764108586186,-2.3856252291871436,2.5192852410933493,-0.8832514124136143,0.15999795835275887,1.6918664421568659,-0.06318372430669635,1.737180379146695,-0.896149141899283,4.004232486280011,0.6406270259105148,-1.0401955159421918,-0.33617950071262753,-0.010798598048690766,-1.0268746091867305,0.23697981123876122,0.027165407684785745,0.3745439843759406,1.9377402192759798,2.6967127304540015,2.5940350235363008,-0.8230772043138682,-1.775570954316207,1.1016821229420373,-1.17803258852245
1.5356106770808806,-3.272420157873148,0.6363071300173371,-2.516002397684965,-1.499791651433595,0.14214689669597935,-5.65574303585141,2.641417985497082,-2.5430403927137286,-0.48745316878756223,2.1853783192101948,0.17513001814335125,1.4744966608133914,-1.855013394484931,2.148802247190764,2.0307383740637164,-1.487959399990518,-0.9849657245101798,0.5494660197363055,1.760203530338449,2.892394866770452,-2.361981289127649,1.8155878838170771,1.0302970781164924,2.5940350235363008,5.307303909063216,-1.4149874573280838,-1.4273208514346716,0.9534159280928173,-1.7233633444614784
-0.44430086659725215,0.6312614978046269,-0.17649839760670266,0.6963584050027041,0.4142073136985383,-0.10045876087621869,1.4731268330314002,-0.8171826990349478,0.6448913119398663,0.09335267350659827,-0.6399919857368674,-0.033023643430566275,-0.48659913074195854,0.4936595787202169,-0.8445287972976416,-0.5090138488236411,0.42542796924264314,0.24924221010087305,-0.12083480695804405,-0.2957119099003428,-0.6629814548728961,0.5210689538696273,-0.4368424988151169,-0.4066040956843364,-0.8230772043138682,-1.4149874573280838,0.3893670612835092,0.4796834918319378,-0.3126440528586437,0.4902402208169926
-0.6993406191858063,-1.0992838011510575,-0.22771768047515525,0.8861269956765985,0.5217943584918754,-0.5512659761845756,1.2350700797731253,-1.6371792857865781,0.41258146980431176,-0.16945812338526273,-1.0584108542540824,0.06520690090123794,-1.1635588407628488,0.4907766764525975,-2.80693202073684,-0.2806876999222491,0.6364497543250388,0.15530990466003256,0.06311409225749992,0.9505797322524738,0.11019959173339602,-0.25641009574235124,-0.10142837837296821,-1.3591949701078072,-1.775570954316207,-1.4273208514346716,0.4796834918319378,1.1972088212726517,-0.7360940244353552,0.717067014342385
0.44475673679418065,0.5795338171136496,0.14771284454971417,-0.5755097060111826,-0.339339467192907,0.32809271912982746,-0.8473010868477917,1.0211239442826834,-0.29683868749207654,0.08970559419792612,0.6701980268731702,-0.034786566324623805,0.7172492086464334,-0.3284118618475664,1.700675660673888,0.20828274418571738,-0.40670251428642024,-0.11231580422043448,-0.02569337052867929,-0.5235945994128794,-0.004209252095843943,0.10155611849485006,0.09804223059615058,0.8232709829902886,1.1016821229420373,0.9534159280928173,-0.3126440528586437,-0.7360940244353552,0.45418951738195784,-0.4592358678657286
-0.5879957146045374,0.44514091384006443,-0.22447938019311295,0.8821686406483562,0.5243637781123054,-0.2060050252328985,1.746892223129133,-1.1467831407282685,0.7413434252892939,0.06444690925862136,-0.8565146515599849,-0.02175257955059543,-0.7180017810723767,0.5994564632886917,-1.3930890411740247,-0.5768660691961021,0.5572097788357927,0.2856824935730694,-0.11245096484681735,-0.1276141772784654,-0.6619139395520782,0.48886500319556075,-0.4692106532577282,-0.6718908827437959,-1.17803258852245,-1.7233633444614784,0.4902402208169926,0.717067014342385,-0.4592358678657286,0.6393186523085705
