V1,V2,V3,V4,V5,V6,V7,V8,V9,V10,V11,V12,V13,V14,V15,V16,V17,V18,V19,V20,V21,V22,V23,V24,V25,V26,V27,V28,V29,V30
2.688407804970682,8.53501732679644,18.32333172219575,36.92759251821789,8.102300862650191,-33.91394953614238,-1.222159467670981,-3.1688742445946763,-8.916685200032427,-1.3678636070153452,-15.779582101342315,-21.35453360797487,-17.481674226384992,37.0203674672649,6.488649136709357,11.97169385449668,23.37111085090337,-14.52152946636657,-30.34961405026397,23.550321849772033,0.8691956500932664,-19.405550400596738,-13.382298915300042,0.3733941400781136,1.9759743460011152,33.21170327053642,18.618110347352726,2.7859095314516176,1.0987084120847668,15.195309907662788
8.53501732679644,30.263801901448197,61.42664722493918,124.31675635404174,28.876247502639693,-113.47702533874589,-4.522889756307651,-11.474825132214576,-27.285976471138735,-7.208192681284667,-55.4282424554394,-71.9415373669883,-60.629776032771545,125.47062831304804,23.536448033522817,41.19419923335961,77.88829497992944,-49.858413425616114,-104.4642891683699,79.06902347910555,3.5122868878534033,-65.96486733024481,-43.47462774436824,-0.8293338057081052,7.2681088609285425,113.25769212191467,62.200662429648155,7.770738314830506,5.6665762452647055,52.2923705260629
18.32333172219575,61.42664722493918,128.25599938829367,259.01818796235847,58.479781406826845,-237.16731201032093,-8.993897784195273,-23.062213539733595,-59.73326464334348,-12.272818438397042,-113.05555305068954,-149.8336699774078,-124.45182609642336,260.53028259051354,47.24101807810332,84.88520971554598,163.11754205957786,-102.8535854257482,-215.22962094094967,164.9721574045402,6.704521179670283,-136.76642538081293,-92.24173289276635,0.46717070105262526,14.485047213600138,234.44057155765609,130.09781674767186,17.893748891111738,9.72743832810776,107.74947719690043
36.92759251821789,124.31675635404174,259.01818796235847,523.1825122440325,118.37758220548976,-478.9354980869056,-18.231006799900666,-46.71337863145008,-120.21580836948976,-25.20632959981602,-228.7270549848138,-302.65208238825784,-251.66165442822341,526.3711824964001,95.68796521933535,171.59944393715506,329.3494784362479,-207.9059481687185,-435.1016773455071,333.18892794173496,13.636503511572426,-276.352451494607,-186.06341678471586,0.6082138774002236,29.354611376585613,473.7694717735383,262.7042529249152,35.88688511678447,19.962194886445175,217.8223335973632
8.102300862650191,28.876247502639693,58.479781406826845,118.37758220548976,27.57320746174831,-108.02576911047153,-4.328816565356968,-10.965311711502554,-25.85545084276402,-6.984092920115177,-52.88809800525728,-68.50384078710559,-57.81699831823175,119.51335754480796,22.483215091830438,39.262143189531336,74.13058842948412,-47.52016988065078,-99.57519769565674,75.28340516817563,3.37383849843054,-62.837602534096334,-41.32385609429976,-0.8864143457070427,6.944253023030947,107.91180668516283,59.20601023007402,7.331422278039988,5.485117077223316,49.843542036292135
-33.91394953614238,-113.47702533874589,-237.16731201032093,-478.9354980869056,-108.02576911047153,438.57831843941364,16.602322491594467,42.59120755815487,110.63029940622363,22.52066871437232,208.89216844822099,277.0447063418943,229.99967305752818,-481.67500558873934,-87.2351243944226,-156.8971709963972,-301.6637703444113,190.1156928277548,397.81567051399406,-305.05573135356127,-12.358920413583746,252.8452627107896,170.66280533048257,-1.0002114904785788,-26.740735224364272,-433.39266945966705,-240.58771898207775,-33.193945719565804,-17.855180494714688,-199.15806189516704
-1.222159467670981,-4.522889756307651,-8.993897784195273,-18.231006799900666,-4.328816565356968,16.602322491594467,0.6900819774309449,1.7278143327797575,3.842789914570151,1.2078061725323073,8.262170095449145,10.552114260234447,8.994071724553871,-18.448594034517228,-3.5512685679205283,-6.090012002017406,-11.376110297848104,7.367928334946631,15.451374400808788,-11.582303522463873,-0.5494979457555912,9.706744371890856,6.28409925475006,0.24030782854951319,-1.1016394783219345,-16.694803235201036,-9.093310418461098,-1.0479784187970846,-0.9456267088644564,-7.732146480866997
-3.1688742445946763,-11.474825132214576,-23.062213539733595,-46.71337863145008,-10.965311711502554,42.59120755815487,1.7278143327797575,4.372568795909607,10.058014003344212,2.8943470397069224,20.99339592806242,27.03494777251475,22.910821697452416,-47.20570272605882,-8.95686257308236,-15.541400319006858,-29.2113534035269,18.803144818536353,39.41450717154667,-29.69828253084918,-1.3631331591474236,24.83226464464507,16.222810059261693,0.46334390276263765,-2.7704468040545636,-42.65764431744011,-23.33841557958849,-2.8088398691185645,-2.2674722944937202,-19.730475797531533
-8.916685200032427,-27.285976471138735,-59.73326464334348,-120.21580836948976,-25.85545084276402,110.63029940622363,3.842789914570151,10.058014003344212,29.919187125479077,3.605567816450818,50.61840722211595,69.4998236119025,56.33283683147848,-120.24010576921185,-20.565895968089578,-38.68547094116418,-76.34212862980095,46.954694009803,98.05094681770808,-76.73956019920583,-2.6423171137090624,62.970772107237664,44.076748217897965,-1.88750961718885,-6.228192704703246,-107.64201857651845,-60.762825423299574,-9.592903163091432,-2.9338507187205902,-49.09605615238398
-1.3678636070153452,-7.208192681284667,-12.272818438397042,-25.20632959981602,-6.984092920115177,22.52066871437232,1.2078061725323073,2.8943470397069224,3.605567816450818,3.2963352569788125,12.86511324062193,14.622171744890856,13.546866436933918,-26.03404701065919,-5.96333660753021,-8.97676368037405,-15.234711689653556,10.794766006630075,22.79616493964228,-15.881400988111526,-1.1250102359419878,13.81864371208414,7.703785299012553,1.6358298079783662,-1.9063708404331043,-23.986912151788548,-12.276184465382284,-0.44597190268091935,-2.5357695383205123,-11.40331529495029
-15.779582101342315,-55.4282424554394,-113.05555305068954,-228.7270549848138,-52.88809800525728,208.89216844822099,8.262170095449145,20.99339592806242,50.61840722211595,12.86511324062193,101.63173887515524,132.35068752329943,111.28330348131306,-230.7187081078587,-43.03111986633649,-75.64876761054926,-143.42528780635374,91.5829286136343,191.84449795236281,-145.5134238086295,-6.376431835421152,121.26364800260293,80.22674245251216,1.210045420815487,-13.268750515852192,-208.1531553970461,-114.51315148185377,-14.552855482684029,-10.121890250483913,-96.0343657796611
-21.35453360797487,-71.9415373669883,-149.8336699774078,-302.65208238825784,-68.50384078710559,277.0447063418943,10.552114260234447,27.03494777251475,69.4998236119025,14.622171744890856,132.35068752329943,175.0808116861171,145.60948613385347,-304.51087029944364,-55.38183329318546,-99.28204359356455,-190.5104851126998,120.28595586710946,251.73626867504979,-192.74012295291368,-7.896609656958904,159.8758419678893,107.61031818746012,-0.3200591779504438,-16.99201413836183,-274.09087030055855,-151.9632864432504,-20.733757616932056,-11.57901488624513,-126.02547752961446
-17.481674226384992,-60.629776032771545,-124.45182609642336,-251.66165442822341,-57.81699831823175,229.99967305752818,8.994071724553871,22.910821697452416,56.33283683147848,13.546866436933918,111.28330348131306,145.60948613385347,122.02640297705108,-253.65575212359636,-46.94974092607273,-83.02707472359617,-157.9916732718773,100.53841658571342,210.54480560069737,-160.15452349864563,-6.879374640895306,133.27586140688052,88.63922723780301,0.8455784524750104,-14.454994573231359,-228.68503098484015,-126.10644859521862,-16.387018115021554,-10.676701314848854,-105.39819929085115
37.0203674672649,125.47062831304804,260.53028259051354,526.3711824964001,119.51335754480796,-481.67500558873934,-18.448594034517228,-47.20570272605882,-120.24010576921185,-26.03404701065919,-230.7187081078587,-304.51087029944364,-253.65575212359636,529.7989125083203,96.7106725710377,172.87507811994027,331.1515362698785,-209.42604008619293,-438.3489296270853,335.1634198199739,13.869838160478144,-278.200043254086,-186.78996925662614,0.0743565416767016,29.69400595761448,477.03386215830807,264.18336007261837,35.689733083329834,20.593973740636326,219.44546883370342
6.488649136709357,23.536448033522817,47.24101807810332,95.68796521933535,22.483215091830438,-87.2351243944226,-3.5512685679205283,-8.95686257308236,-20.565895968089578,-5.96333660753021,-43.03111986633649,-55.38183329318546,-46.94974092607273,96.7106725710377,18.392717477536234,31.846703420995805,59.824597607696944,-38.532113183456744,-80.77304864252206,60.82383624948705,2.796629029166483,-50.87005964331165,-33.21171693409463,-0.9664281494151323,5.6952113851394435,87.4112388846652,47.7995920797469,5.724991121991279,4.677575719486035,40.42830869573259
11.97169385449668,41.19419923335961,84.88520971554598,171.59944393715506,39.262143189531336,-156.8971709963972,-6.090012002017406,-15.541400319006858,-38.68547094116418,-8.97676368037405,-75.64876761054926,-99.28204359356455,-83.02707472359617,172.87507811994027,31.846703420995805,56.527121786454714,107.80847799539981,-68.45644660391014,-143.3351731267657,109.22489403392227,4.631812494281299,-90.81579248609039,-60.597822879470264,-0.3690275442634445,9.796643426071203,155.78769873823683,86.03518489214409,11.331440660857586,7.083728210205808,71.75471833505578
23.37111085090337,77.88829497992944,163.11754205957786,329.3494784362479,74.13058842948412,-301.6637703444113,-11.376110297848104,-29.2113534035269,-76.34212862980095,-15.234711689653556,-143.42528780635374,-190.5104851126998,-157.9916732718773,331.1515362698785,59.824597607696944,107.80847799539981,207.52189837465153,-130.64239434533147,-273.3437944526162,209.79869789175933,8.44232431962689,-173.81422366545064,-117.5121694370898,0.8884441536359851,18.329086008132272,297.8898635825484,165.4909016241143,22.98127781716014,12.087647572006277,136.84535031218462
-14.52152946636657,-49.858413425616114,-102.8535854257482,-207.9059481687185,-47.52016988065078,190.1156928277548,7.367928334946631,18.803144818536353,46.954694009803,10.794766006630075,91.5829286136343,120.28595586710946,100.53841658571342,-209.42604008619293,-38.532113183456744,-68.45644660391014,-130.64239434533147,82.91070995837464,173.59030970232607,-132.34031060264448,-5.592910883191259,110.0071607229057,73.46858906256043,0.37930019911194207,-11.849983259511568,-188.7046483212576,-104.25389392699546,-13.781165160361228,-8.52140960362168,-86.90029209500375
-30.34961405026397,-104.4642891683699,-215.22962094094967,-435.1016773455071,-99.57519769565674,397.81567051399406,15.451374400808788,39.41450717154667,98.05094681770808,22.79616493964228,191.84449795236281,251.73626867504979,210.54480560069737,-438.3489296270853,-80.77304864252206,-143.3351731267657,-273.3437944526162,173.59030970232607,363.4670240248704,-276.9425727073967,-11.751105915981555,230.2716276149147,153.62933679653682,0.9586386653305405,-24.848190868852495,-395.0317996914316,-218.14267585475497,-28.713681103857212,-17.988518569453138,-181.95279603615256
23.550321849772033,79.06902347910555,164.9721574045402,333.18892794173496,75.28340516817563,-305.05573135356127,-11.582303522463873,-29.69828253084918,-76.73956019920583,-15.881400988111526,-145.5134238086295,-192.74012295291368,-160.15452349864563,335.1634198199739,60.82383624948705,109.22489403392227,209.79869789175933,-132.34031060264448,-276.9425727073967,212.20685561724065,8.646708681103929,-175.95449291706313,-118.59781737329972,0.5223499863969491,18.65196318000142,301.6226961226412,167.33441042545985,22.961253617519112,12.582321373006904,138.64562979378775
0.8691956500932664,3.5122868878534033,6.704521179670283,13.636503511572426,3.37383849843054,-12.358920413583746,-0.5494979457555912,-1.3631331591474236,-2.6423171137090624,-1.1250102359419878,-6.376431835421152,-7.896609656958904,-6.879374640895306,13.869838160478144,2.796629029166483,4.631812494281299,8.44232431962689,-5.592910883191259,-11.751105915981555,8.646708681103929,0.4619243604689027,-7.316196870728574,-4.565627504318952,-0.35996447343329935,0.8744404113384449,12.608677465312107,6.7605739573260575,0.6476357925252111,0.8736150191484684,5.880510363893546
-19.405550400596738,-65.96486733024481,-136.76642538081293,-276.352451494607,-62.837602534096334,252.8452627107896,9.706744371890856,24.83226464464507,62.970772107237664,13.81864371208414,121.26364800260293,159.8758419678893,133.27586140688052,-278.200043254086,-50.87005964331165,-90.81579248609039,-173.81422366545064,110.0071607229057,230.2716276149147,-175.95449291706313,-7.316196870728574,146.09917097916275,97.97597914745452,0.0844253537060485,-15.62459065565316,-250.53147977449436,-138.67229790830885,-18.643590410715884,-10.924926440564027,-115.2789187263024
-13.382298915300042,-43.47462774436824,-92.24173289276635,-186.06341678471586,-41.32385609429976,170.66280533048257,6.28409925475006,16.222810059261693,44.076748217897965,7.703785299012553,80.22674245251216,107.61031818746012,88.63922723780301,-186.78996925662614,-33.21171693409463,-60.597822879470264,-117.5121694370898,73.46858906256043,153.62933679653682,-118.59781737329972,-4.565627504318952,97.97597914745452,66.93471665266416,-1.2253124474261634,-10.1422795351072,-167.78767761887198,-93.65856447764591,-13.539296002080109,-6.146562100882467,-76.91613343210409
0.3733941400781136,-0.8293338057081052,0.46717070105262526,0.6082138774002236,-0.8864143457070427,-1.0002114904785788,0.24030782854951319,0.46334390276263765,-1.88750961718885,1.6358298079783662,1.210045420815487,-0.3200591779504438,0.8455784524750104,0.0743565416767016,-0.9664281494151323,-0.3690275442634445,0.8884441536359851,0.37930019911194207,0.9586386653305405,0.5223499863969491,-0.35996447343329935,0.0844253537060485,-1.2253124474261634,1.3362399745868412,-0.35694812641048607,-0.3750572365641929,0.6106514111100033,1.067373536764333,-1.2341613700763048,-0.47380428263448165
1.9759743460011152,7.2681088609285425,14.485047213600138,29.354611376585613,6.944253023030947,-26.740735224364272,-1.1016394783219345,-2.7704468040545636,-6.228192704703246,-1.9063708404331043,-13.268750515852192,-16.99201413836183,-14.454994573231359,29.69400595761448,5.6952113851394435,9.796643426071203,18.329086008132272,-11.849983259511568,-24.848190868852495,18.65196318000142,0.8744404113384449,-15.62459065565316,-10.1422795351072,-0.35694812641048607,1.7670606039023227,26.859727545077515,14.649953767118287,1.7074534357010174,1.493933645307651,12.436438771795721
33.21170327053642,113.25769212191467,234.44057155765609,473.7694717735383,107.91180668516283,-433.39266945966705,-16.694803235201036,-42.65764431744011,-107.64201857651845,-23.986912151788548,-208.1531553970461,-274.09087030055855,-228.68503098484015,477.03386215830807,87.4112388846652,155.78769873823683,297.8898635825484,-188.7046483212576,-395.0317996914316,301.6226961226412,12.608677465312107,-250.53147977449436,-167.78767761887198,-0.3750572365641929,26.859727545077515,429.6742210054434,237.68025416409083,31.7801526836739,18.95655127424366,197.7558607931189
18.618110347352726,62.200662429648155,130.09781674767186,262.7042529249152,59.20601023007402,-240.58771898207775,-9.093310418461098,-23.33841557958849,-60.762825423299574,-12.276184465382284,-114.51315148185377,-151.9632864432504,-126.10644859521862,264.18336007261837,47.7995920797469,86.03518489214409,165.4909016241143,-104.25389392699546,-218.14267585475497,167.33441042545985,6.7605739573260575,-138.67229790830885,-93.65856447764591,0.6106514111100033,14.649953767118287,237.68025416409083,131.98196397159214,18.25455424433299,9.735731279430228,109.21001251367463
2.7859095314516176,7.770738314830506,17.893748891111738,35.88688511678447,7.331422278039988,-33.193945719565804,-1.0479784187970846,-2.8088398691185645,-9.592903163091432,-0.44597190268091935,-14.552855482684029,-20.733757616932056,-16.387018115021554,35.689733083329834,5.724991121991279,11.331440660857586,22.98127781716014,-13.781165160361228,-28.713681103857212,22.961253617519112,0.6476357925252111,-18.643590410715884,-13.539296002080109,1.067373536764333,1.7074534357010174,31.7801526836739,18.25455424433299,3.2553757757458865,0.39809454030082486,14.380673181225252
1.0987084120847668,5.6665762452647055,9.72743832810776,19.962194886445175,5.485117077223316,-17.855180494714688,-0.9456267088644564,-2.2674722944937202,-2.9338507187205902,-2.5357695383205123,-10.121890250483913,-11.57901488624513,-10.676701314848854,20.593973740636326,4.677575719486035,7.083728210205808,12.087647572006277,-8.52140960362168,-17.988518569453138,12.582321373006904,0.8736150191484684,-10.924926440564027,-6.146562100882467,-1.2341613700763048,1.493933645307651,18.95655127424366,9.735731279430228,0.39809454030082486,1.9527056269527172,8.997858549096556
15.195309907662788,52.2923705260629,107.74947719690043,217.8223335973632,49.843542036292135,-199.15806189516704,-7.732146480866997,-19.730475797531533,-49.09605615238398,-11.40331529495029,-96.0343657796611,-126.02547752961446,-105.39819929085115,219.44546883370342,40.42830869573259,71.75471833505578,136.84535031218462,-86.90029209500375,-181.95279603615256,138.64562979378775,5.880510363893546,-115.2789187263024,-76.91613343210409,-0.47380428263448165,12.436438771795721,197.7558607931189,109.21001251367463,14.380673181225252,8.997858549096556,91.08763657917692
