V1,V2,V3,V4,V5,V6,V7,V8,V9,V10,V11,V12,V13,V14,V15,V16,V17,V18,V19,V20,V21,V22,V23,V24,V25,V26,V27,V28,V29,V30
0.34188471713889507,0.03998898330546981,0.17562783113878633,-0.4281588342733986,-0.38867454628779563,0.12010418936271886,-0.7326664872933192,0.6889255153537885,-0.39620680969743427,0.02861105896526681,0.5093895772229694,-0.025528984283196453,0.44745414541852874,-0.2029016091610594,0.9948609203515381,0.32479826627398506,-0.4018800985746477,-0.138142467066131,-0.020309810841082493,-0.05722860893673147,0.14651702487789742,-0.1377533333759671,0.2751496367963006,0.4215708084684743,0.5885981718971397,0.8679872285846991,-0.2185887589488748,-0.43422030019695884,0.29728094103536545,-0.5174409676881817
0.03998898330546981,3.9301747745796307,-0.06527957821367969,0.3522544705418015,0.18276144473004108,0.7427426454451326,1.966836548350094,0.7344073541212313,1.0757363904805102,0.6000445305207692,0.15596438897906326,-0.22612390577701671,0.7939864818442219,0.5294899678016163,2.8837604379885744,-0.9283742090236966,0.0023678581586609447,0.42745637328960107,-0.48520331769861835,-2.651627165304308,-2.1583218481997677,2.002029300866694,-1.0538593186208474,1.3870605053352487,0.9435185137607002,-1.401882099826624,0.23163354556655433,-0.8730040698517054,0.49168208330362706,0.0179509670691841
0.17562783113878633,-0.06527957821367969,0.24509756033374078,-0.06832163275454053,-0.5043797255939547,-0.11761897153451938,-0.04553394122174888,0.25774304332754905,-0.3779070945070035,0.06287129034624295,0.27153963082921956,-0.07102365945232839,0.1351984867838084,0.1904346627163335,0.37413628210566646,0.3744771686081524,-0.44945742790285276,-0.09785749032868603,-0.14488047195500756,0.23554911509659945,-0.09271786854852779,-0.13601245016451782,0.41693888217235836,-0.022825347720615535,-0.19952427902589479,0.42066783712370615,0.02098213147595236,-0.07086875466207847,0.12933915752222838,-0.7169614263969213
-0.4281588342733986,0.3522544705418015,-0.06832163275454053,0.7456435716370962,0.195882733483307,-0.24703742403615822,1.5218620848091045,-0.8816003599680897,0.45408379922390185,0.08951470066682843,-0.6155032061598288,-0.056732040570941125,-0.5666064263563078,0.6324456132873628,-1.0424077378147052,-0.31026040774706753,0.25468924978192276,0.20044129264665284,-0.17608797396803239,0.01775268680666151,-0.6324600918579681,0.35720953259765753,-0.19182922149426057,-0.6111783424566304,-1.153666782953994,-1.3020184747215102,0.44574310036143006,0.6002509137423065,-0.33950488228337106,0.18482555335873194
-0.38867454628779563,0.18276144473004108,-0.5043797255939547,0.195882733483307,1.0422972470093739,0.2258949838983916,0.21624929020502318,-0.584821717804361,0.8092067308528097,-0.11776310739648736,-0.5969514627518988,0.13905044765728541,-0.31189793556910866,-0.3381076650950235,-0.820405779537685,-0.7907836853181396,0.9336900088988714,0.21652326703274194,0.2790779831513068,-0.4944629324857348,0.129204255844193,0.31532421837638996,-0.8693175633548396,0.01017389454252119,0.3274354435870927,-0.9603872872731927,-0.008636656380928625,0.18291612656407674,-0.28517862732791527,1.4732556128153593
0.12010418936271886,0.7427426454451326,-0.11761897153451938,-0.24703742403615822,0.2258949838983916,0.35193721061810274,-0.27758904757651304,0.4508141192947268,0.22911836569484376,0.0554422324656194,0.18405685268538688,0.016659964571151334,0.37863517776137684,-0.29616767595666943,0.9448230240416479,-0.264444315069689,0.12633688721325712,0.052180696931580006,0.058083044033922344,-0.7322677936698572,-0.12218474053548041,0.34879697719538383,-0.37388763369409544,0.6208316522445114,0.8846778758155623,0.08787798349421938,-0.17736911622940216,-0.44849722787298535,0.20354646609779822,0.312730804474838
-0.7326664872933192,1.966836548350094,-0.04553394122174888,1.5218620848091045,0.21624929020502318,-0.27758904757651304,3.5659539966998315,-1.3355507751659772,1.0678255964300758,0.4010149893441578,-1.0118407844558823,-0.21614761566566848,-0.7637525065868972,1.4773834065613836,-0.8726889106703064,-0.7433593528423341,0.29296000806282013,0.48577267512207484,-0.5650089315565263,-0.7517019095295296,-1.980780470707563,1.2985615742760996,-0.539061209710339,-0.7199949361033433,-1.9895411313268077,-2.78885414069753,0.9440012849567515,0.8302180109730611,-0.4310455899243788,0.04627012710954631
0.6889255153537885,0.7344073541212313,0.25774304332754905,-0.8816003599680897,-0.584821717804361,0.4508141192947268,-1.3355507751659772,1.540946596124325,-0.5313196068490843,0.12428202652454923,1.0361094124238848,-0.055012309250292615,1.067159556380974,-0.48085971018804424,2.5065535839682545,0.3937467191003541,-0.6721462679752441,-0.1952800874089614,-0.04375742512377586,-0.666683763972402,0.04823508217401031,0.06985944668112565,0.23880024960761265,1.1847555651093988,1.5900749586591525,1.5297415930222649,-0.47195461725083454,-1.0837523651145815,0.6823104214727642,-0.789133695829696
-0.39620680969743427,1.0757363904805102,-0.3779070945070035,0.45408379922390185,0.8092067308528097,0.22911836569484376,1.0678255964300758,-0.5313196068490843,0.9266492081926482,0.07744993827111901,-0.5745002324440033,0.027294445175347418,-0.22972731012212483,0.09284745632555025,-0.28704293551170734,-0.8352852403738665,0.7167841129163269,0.3037358387981741,0.027533242509784974,-0.8925636701389165,-0.5805429470067357,0.7572053842582722,-0.8759573442360431,0.09963767150751922,0.04070064930247112,-1.3787509562208138,0.1908116144166616,0.13674298757169726,-0.20080083435566082,1.0622446434085842
0.02861105896526681,0.6000445305207692,0.06287129034624295,0.08951470066682843,-0.11776310739648736,0.0554422324656194,0.4010149893441578,0.12428202652454923,0.07744993827111901,0.11759108111705034,0.06206957058055797,-0.06117752563092302,0.11879245571697218,0.18985534201727342,0.47333626073445384,-0.045088866737794615,-0.12292870997797611,0.048991394192130416,-0.1331114333542624,-0.32395958835526,-0.40466576498955015,0.28678795083323855,-0.04128748373896604,0.15454282830521465,-0.010953907632671006,-0.17913103757519874,0.07637848201544158,-0.10761646866220446,0.08897514030798394,-0.2112033740924163
0.5093895772229694,0.15596438897906326,0.27153963082921956,-0.6155032061598288,-0.5969514627518988,0.18405685268538688,-1.0118407844558823,1.0361094124238848,-0.5745002324440033,0.06206957058055797,0.7622659623413286,-0.0484281730876386,0.6787543252938694,-0.26472775882764,1.5442566307306649,0.47479683514119286,-0.6164959756730755,-0.19627795797473221,-0.05346057452924288,-0.1340028553148281,0.14802385505507204,-0.157346900543437,0.4029973541906974,0.6445214118111484,0.8606827596104868,1.2517954638194762,-0.3085029462674315,-0.6566513232559297,0.4531034565363431,-0.8041962291252324
-0.025528984283196453,-0.22612390577701671,-0.07102365945232839,-0.056732040570941125,0.13905044765728541,0.016659964571151334,-0.21614761566566848,-0.055012309250292615,0.027294445175347418,-0.06117752563092302,-0.0484281730876386,0.04035676092387753,-0.043377223798821474,-0.142183412365132,-0.200231799099455,-0.045856907936161886,0.12648467037044014,-0.007845009543985659,0.08846784174026995,0.06962165551772251,0.20117423401562606,-0.09576164094860898,-0.06216461648691912,-0.0212841820311853,0.10444554803218925,0.0444834283662831,-0.05529713626078875,0.0240819803409466,-0.042677178686065215,0.218614155489133
0.44745414541852874,0.7939864818442219,0.1351984867838084,-0.5666064263563078,-0.31189793556910866,0.37863517776137684,-0.7637525065868972,1.067159556380974,-0.22972731012212483,0.11879245571697218,0.6787543252938694,-0.043377223798821474,0.7659638641806762,-0.31831648632288057,1.8640932923585944,0.14689318144758734,-0.392604430284078,-0.08817043623568406,-0.04345643981473496,-0.6808064783999684,-0.10873814247019083,0.21183197613280738,0.025796495637198054,0.912232979841929,1.1831269464977872,0.8817532734444048,-0.3087071627647744,-0.7924593863506408,0.48226532048153614,-0.43195979322332545
-0.2029016091610594,0.5294899678016163,0.1904346627163335,0.6324456132873628,-0.3381076650950235,-0.29616767595666943,1.4773834065613836,-0.48085971018804424,0.09284745632555025,0.18985534201727342,-0.26472775882764,-0.142183412365132,-0.31831648632288057,0.8134308897699416,-0.35365020782753376,0.044973815716914986,-0.23959685414459167,0.11002928743686057,-0.3467187347681582,0.07648563537907473,-0.8257067384223641,0.32381551329491937,0.18859793449350773,-0.4829906839419444,-1.1939867486721216,-0.8434775611828226,0.4444564783831726,0.4109256766328181,-0.13887637854028131,-0.5829512609501238
0.9948609203515381,2.8837604379885744,0.37413628210566646,-1.0424077378147052,-0.820405779537685,0.9448230240416479,-0.8726889106703064,2.5065535839682545,-0.28704293551170734,0.47333626073445384,1.5442566307306649,-0.200231799099455,1.8640932923585944,-0.35365020782753376,4.884109627041738,0.17071367753301558,-1.01378820767885,-0.08065715048375066,-0.32705289417170025,-2.134616035858424,-0.9996322137592462,1.0324494864063587,-0.09077353788665316,2.2747977989217523,2.570554855351432,1.4949280534293192,-0.524136751796282,-1.9102384932152707,1.19386613844283,-1.2258967061886368
0.32479826627398506,-0.9283742090236966,0.3744771686081524,-0.31026040774706753,-0.7907836853181396,-0.264444315069689,-0.7433593528423341,0.3937467191003541,-0.8352852403738665,-0.045088866737794615,0.47479683514119286,-0.045856907936161886,0.14689318144758734,0.044973815716914986,0.17071367753301558,0.7737957279143505,-0.6888499342332027,-0.2614049353539836,-0.07718500493443825,0.8492235240801794,0.41200283191670795,-0.6534403426358718,0.8357475675873735,-0.18497265495501983,-0.24460963995308793,1.1239026911755745,-0.10167515104462192,-0.04650689851960001,0.15362580417674587,-1.058735016605049
-0.4018800985746477,0.0023678581586609447,-0.44945742790285276,0.25468924978192276,0.9336900088988714,0.12633688721325712,0.29296000806282013,-0.6721462679752441,0.7167841129163269,-0.12292870997797611,-0.6164959756730755,0.12648467037044014,-0.392604430284078,-0.23959685414459167,-1.01378820767885,-0.6888499342332027,0.8555743513610551,0.19515248687077216,0.2470856517484551,-0.293505881617086,0.14123867051112934,0.2207153911826558,-0.7353281367368719,-0.14644009027161226,0.08248418926387209,-0.9473606864777897,0.04055587333568117,0.2878490609194845,-0.3225354057010496,1.3198932111980528
-0.138142467066131,0.42745637328960107,-0.09785749032868603,0.20044129264665284,0.21652326703274194,0.052180696931580006,0.48577267512207484,-0.1952800874089614,0.3037358387981741,0.048991394192130416,-0.19627795797473221,-0.007845009543985659,-0.08817043623568406,0.11002928743686057,-0.08065715048375066,-0.2614049353539836,0.19515248687077216,0.10788256730148822,-0.0300615296904683,-0.299052647059721,-0.2808238224300853,0.28610204582357296,-0.2622125782260941,0.004452614333093166,-0.08473040471528202,-0.514089753576987,0.1017799363868822,0.06745104162039708,-0.06698071913041984,0.2684542856523516
-0.020309810841082493,-0.48520331769861835,-0.14488047195500756,-0.17608797396803239,0.2790779831513068,0.058083044033922344,-0.5650089315565263,-0.04375742512377586,0.027533242509784974,-0.1331114333542624,-0.05346057452924288,0.08846784174026995,-0.04345643981473496,-0.3467187347681582,-0.32705289417170025,-0.07718500493443825,0.2470856517484551,-0.0300615296904683,0.19801725468896278,0.13242484735876822,0.46315244903262515,-0.22002247705399128,-0.12144977911472865,0.0095732730350269,0.3149845972201037,0.18840643374910465,-0.1502852158867909,-2.75370102474913e-4,-0.06117262550852155,0.4470289162130486
-0.05722860893673147,-2.651627165304308,0.23554911509659945,0.01775268680666151,-0.4944629324857348,-0.7322677936698572,-0.7517019095295296,-0.666683763972402,-0.8925636701389165,-0.32395958835526,-0.1340028553148281,0.06962165551772251,-0.6808064783999684,0.07648563537907473,-2.134616035858424,0.8492235240801794,-0.293505881617086,-0.299052647059721,0.13242484735876822,2.072080477886693,1.1494700031232463,-1.3653309701970855,1.0266371165772428,-1.2563979223774746,-1.3414054785333014,0.7890382994208385,0.051319869461199416,0.8083726777274993,-0.37574230579424056,-0.574674248351198
0.14651702487789742,-2.1583218481997677,-0.09271786854852779,-0.6324600918579681,0.129204255844193,-0.12218474053548041,-1.980780470707563,0.04823508217401031,-0.5805429470067357,-0.40466576498955015,0.14802385505507204,0.20117423401562606,-0.10873814247019083,-0.8257067384223641,-0.9996322137592462,0.41200283191670795,0.14123867051112934,-0.2808238224300853,0.46315244903262515,1.1494700031232463,1.5720619270722775,-1.1477020017577064,0.3649844157964171,-0.2646517031239121,0.4476348956667905,1.2869875282419687,-0.4318900180334613,0.08048933704589316,-0.10695372778279882,0.3679171374243139
-0.1377533333759671,2.002029300866694,-0.13601245016451782,0.35720953259765753,0.31532421837638996,0.34879697719538383,1.2985615742760996,0.06985944668112565,0.7572053842582722,0.28678795083323855,-0.157346900543437,-0.09576164094860898,0.21183197613280738,0.32381551329491937,1.0324494864063587,-0.6534403426358718,0.2207153911826558,0.28610204582357296,-0.22002247705399128,-1.3653309701970855,-1.1477020017577064,1.0959723496595166,-0.7039855547451939,0.5469084686847309,0.2791777105150346,-1.1146303355385998,0.2011263559276279,-0.2662840206956718,0.11696996545001336,0.31088958479615547
0.2751496367963006,-1.0538593186208474,0.41693888217235836,-0.19182922149426057,-0.8693175633548396,-0.37388763369409544,-0.539061209710339,0.23880024960761265,-0.8759573442360431,-0.04128748373896604,0.4029973541906974,-0.06216461648691912,0.025796495637198054,0.18859793449350773,-0.09077353788665316,0.8357475675873735,-0.7353281367368719,-0.2622125782260941,-0.12144977911472865,1.0266371165772428,0.3649844157964171,-0.7039855547451939,0.9364712154776106,-0.3767334565311517,-0.5629534949811202,1.0188762719928381,-0.018447515933082945,0.09894505187613027,0.09080728480711148,-1.1779481203458164
0.4215708084684743,1.3870605053352487,-0.022825347720615535,-0.6111783424566304,0.01017389454252119,0.6208316522445114,-0.7199949361033433,1.1847555651093988,0.09963767150751922,0.15454282830521465,0.6445214118111484,-0.0212841820311853,0.912232979841929,-0.4829906839419444,2.2747977989217523,-0.18497265495501983,-0.14644009027161226,0.004452614333093166,0.0095732730350269,-1.2563979223774746,-0.2646517031239121,0.5469084686847309,-0.3767334565311517,1.2643388772427495,1.6869294871316,0.6377425393652356,-0.37265540174998407,-0.9999684728628072,0.5406647438884169,0.005981013525841412
0.5885981718971397,0.9435185137607002,-0.19952427902589479,-1.153666782953994,0.3274354435870927,0.8846778758155623,-1.9895411313268077,1.5900749586591525,0.04070064930247112,-0.010953907632671006,0.8606827596104868,0.10444554803218925,1.1831269464977872,-1.1939867486721216,2.570554855351432,-0.24460963995308793,0.08248418926387209,-0.08473040471528202,0.3149845972201037,-1.3414054785333014,0.4476348956667905,0.2791777105150346,-0.5629534949811202,1.6869294871316,2.731531636163483,1.3426575524156297,-0.757280540450002,-1.3542678099844911,0.6558528936693249,0.544758528608153
0.8679872285846991,-1.401882099826624,0.42066783712370615,-1.3020184747215102,-0.9603872872731927,0.08787798349421938,-2.78885414069753,1.5297415930222649,-1.3787509562208138,-0.17913103757519874,1.2517954638194762,0.0444834283662831,0.8817532734444048,-0.8434775611828226,1.4949280534293192,1.1239026911755745,-0.9473606864777897,-0.514089753576987,0.18840643374910465,0.7890382994208385,1.2869875282419687,-1.1146303355385998,1.0188762719928381,0.6377425393652356,1.3426575524156297,2.8015101442731107,-0.7061986609594196,-0.8384738132324875,0.5848382315229445,-1.173111566528091
-0.2185887589488748,0.23163354556655433,0.02098213147595236,0.44574310036143006,-0.008636656380928625,-0.17736911622940216,0.9440012849567515,-0.47195461725083454,0.1908116144166616,0.07637848201544158,-0.3085029462674315,-0.05529713626078875,-0.3087071627647744,0.4444564783831726,-0.524136751796282,-0.10167515104462192,0.04055587333568117,0.1017799363868822,-0.1502852158867909,0.051319869461199416,-0.4318900180334613,0.2011263559276279,-0.018447515933082945,-0.37265540174998407,-0.757280540450002,-0.7061986609594196,0.2827004058853087,0.34559588201601665,-0.17228576218466668,-0.07202598651331672
-0.43422030019695884,-0.8730040698517054,-0.07086875466207847,0.6002509137423065,0.18291612656407674,-0.44849722787298535,0.8302180109730611,-1.0837523651145815,0.13674298757169726,-0.10761646866220446,-0.6566513232559297,0.0240819803409466,-0.7924593863506408,0.4109256766328181,-1.9102384932152707,-0.04650689851960001,0.2878490609194845,0.06745104162039708,-2.75370102474913e-4,0.8083726777274993,0.08048933704589316,-0.2662840206956718,0.09894505187613027,-0.9999684728628072,-1.3542678099844911,-0.8384738132324875,0.34559588201601665,0.8414494261948465,-0.485014803056846,0.24649701631140067
0.29728094103536545,0.49168208330362706,0.12933915752222838,-0.33950488228337106,-0.28517862732791527,0.20354646609779822,-0.4310455899243788,0.6823104214727642,-0.20080083435566082,0.08897514030798394,0.4531034565363431,-0.042677178686065215,0.48226532048153614,-0.13887637854028131,1.19386613844283,0.15362580417674587,-0.3225354057010496,-0.06698071913041984,-0.06117262550852155,-0.37574230579424056,-0.10695372778279882,0.11696996545001336,0.09080728480711148,0.5406647438884169,0.6558528936693249,0.5848382315229445,-0.17228576218466668,-0.485014803056846,0.3128499292921681,-0.4014778538665764
-0.5174409676881817,0.0179509670691841,-0.7169614263969213,0.18482555335873194,1.4732556128153593,0.312730804474838,0.04627012710954631,-0.789133695829696,1.0622446434085842,-0.2112033740924163,-0.8041962291252324,0.218614155489133,-0.43195979322332545,-0.5829512609501238,-1.2258967061886368,-1.058735016605049,1.3198932111980528,0.2684542856523516,0.4470289162130486,-0.574674248351198,0.3679171374243139,0.31088958479615547,-1.1779481203458164,0.005981013525841412,0.544758528608153,-1.173111566528091,-0.07202598651331672,0.24649701631140067,-0.4014778538665764,2.1049111620576033
