V1,V2,V3,V4,V5,V6,V7,V8,V9,V10,V11,V12,V13,V14,V15,V16,V17,V18,V19,V20,V21,V22,V23,V24,V25,V26,V27,V28,V29,V30
5273.545359770794,14866.910672325526,-18562.348379509884,7355.089517657635,-20129.974800758562,-7475.931582338279,33.26883953067168,5780.184062734427,22207.011104342102,-21181.41242030605,733.5595297889323,-2342.1955934833422,411.0178734847573,-732.7597937521409,-26592.87294471497,8252.210791926102,-12792.723809668329,-10865.26517747896,21374.11030493835,4221.620357099058,-15494.769588866373,-32144.89973829927,9766.902504961326,4480.647857026278,-1870.657757019676,19892.50546083572,-9890.602060243951,30490.719857866075,1148.5838176618895,8403.894926280665
14866.910672325526,41912.65877440046,-52330.3689786701,20735.353900607653,-56751.18078183743,-21076.657955142597,94.4734351763278,16295.462646414644,62606.4650197849,-59716.353461821134,2067.4304740031607,-6603.0819243023125,1159.2868718872091,-2065.233929252488,-74971.07290450275,23264.60924287601,-36064.774016541654,-30631.75183830047,60258.15649933205,11902.479211757687,-43683.18089881685,-90624.05850023657,27535.226014483796,12632.221463824819,-5273.149461612561,56081.12366096275,-27884.56998175138,85959.86706636107,3237.3969145073766,23692.371751748997
-18562.348379509884,-52330.3689786701,65337.787391544945,-25889.31693840507,70856.45628559703,26315.01288441224,-117.47467816086561,-20345.8094538896,-78167.31098780496,74557.96058614606,-2581.7393426162735,8244.339038439944,-1447.0486310867345,2578.95588493043,93605.21845576978,-29047.168562037547,45029.19992785573,38245.15695569621,-75235.45603736718,-14860.278211433742,54540.63694790721,113148.3344070737,-34378.98850937274,-15771.75912046214,6584.2484358821475,-70020.26397769795,34814.733874326164,-107325.34679711901,-4042.5565917054314,-29581.158546082283
7355.089517657635,20735.353900607653,-25889.31693840507,10258.358038893937,-28076.311629250406,-10427.163191353273,46.68731367289065,8061.815394220684,30973.10384154268,-29543.191615463777,1022.8614348260933,-3266.7287068032533,573.4902094211793,-1021.7701595450748,-37090.216241760114,11509.643286659551,-17842.270247004126,-15154.339818086315,29811.34554875208,5888.416847494607,-21611.24511772105,-44834.12478791951,13622.404776298417,6249.478533703654,-2608.8174742574874,27744.859693773335,-13795.1889056777,42526.675535475646,1601.6810935744747,11721.259346900044
-20129.974800758562,-56751.18078183743,70856.45628559703,-28076.311629250406,76844.49285018256,28539.407386952462,-128.96545917575568,-22064.648231813004,-84772.32341631335,80860.92275775906,-2798.431674936459,8940.77731862681,-1570.5569539138596,2795.544780454063,101514.46866047702,-31501.161734336958,48832.3998292945,41477.20864392794,-81592.32148457893,-16117.785088503628,59149.247952398495,122710.3197155203,-37284.35590205974,-17105.107351925202,7139.116308005131,-75936.31267875273,37758.31525928477,-116393.70246909621,-4382.5037681697295,-32080.57884544898
-7475.931582338279,-21076.657955142597,26315.01288441224,-10427.163191353273,28539.407386952462,10599.385693421893,-48.151612336841296,-8194.53392002853,-31483.597906934006,30031.421235669968,-1039.071411801594,3320.4838965598565,-583.4906733050233,1038.0208874293082,37701.42470077994,-11699.145388066567,18135.591009271302,15404.287330908923,-30302.509919845306,-5986.284746328438,21967.444890804865,45573.576852041246,-13847.103776785316,-6352.774382038098,2651.154024223844,-28201.901640907345,14023.355045388957,-43227.38798608182,-1627.3504611284802,-11914.384606632098
33.26883953067168,94.4734351763278,-117.47467816086561,46.68731367289065,-128.96545917575568,-48.151612336841296,0.970448249740582,36.753725277050215,141.8554686598811,-136.72539045638072,3.978432778622004,-14.867186454945196,3.2238192370798315,-4.03702525059534,-169.7553211056442,52.49810550965647,-80.89713702622828,-69.59838302859357,136.33653312844257,27.85723837540357,-98.98546653896945,-205.8861280268305,62.582497623753056,28.9413217623547,-11.227367777979742,126.8035541316239,-64.0481561134744,194.5458751154733,6.541335003546482,53.615293278076834
5780.184062734427,16295.462646414644,-20345.8094538896,8061.815394220684,-22064.648231813004,-8194.53392002853,36.753725277050215,6335.607095461331,24341.148303721835,-23217.52696930163,803.7876305258623,-2567.249651812455,450.74401774216966,-802.9355191106595,-29148.455997267512,9045.182445751998,-14021.81831909188,-11909.51077420755,23428.129453014502,4627.663972376251,-16983.84985400485,-35234.29551140954,10705.59380667294,4911.367761416458,-2050.1581381345586,21804.113010236826,-10841.437657540888,33420.85285346796,1258.6633390926875,9211.49935014617
22207.011104342102,62606.4650197849,-78167.31098780496,30973.10384154268,-84772.32341631335,-31483.597906934006,141.8554686598811,24341.148303721835,93518.27489905586,-89202.5568026392,3087.533035976601,-9863.247861115673,1732.2635488515505,-3084.313442665272,-111987.76878836015,34751.25138257086,-53870.882738890046,-45756.302048431455,90010.3010150343,17780.16755315888,-65251.665782878204,-135370.02910938175,41130.87316703835,18869.664512922554,-7876.054177532312,83770.80029427259,-41653.36074956693,128402.15118887782,4835.081979227779,35390.36529603678
-21181.41242030605,-59716.353461821134,74557.96058614606,-29543.191615463777,80860.92275775906,30031.421235669968,-136.72539045638072,-23217.52696930163,-89202.5568026392,85088.65863856701,-2943.726033944415,9407.898142826412,-1653.4405334796088,2940.77440815957,106819.49537438952,-33147.13317349178,51383.29316387673,43645.081894028204,-85856.09907077793,-16961.304785957287,62240.41951137018,129123.94505813316,-39233.10973270516,-17999.45723264956,7511.2374827622625,-79904.4134858582,39732.747699338746,-122476.17823084157,-4610.463831060586,-33757.02975821886
733.5595297889323,2067.4304740031607,-2581.7393426162735,1022.8614348260933,-2798.431674936459,-1039.071411801594,3.978432778622004,803.7876305258623,3087.533035976601,-2943.726033944415,102.59405191225878,-325.72599215229263,56.634567840154055,-102.42829349645172,-3697.4173198207523,1147.5237204482744,-1779.3269837204455,-1510.4786807348835,2971.9010794523715,586.1894549606517,-2154.296100227319,-4468.77063151508,1357.768407293707,622.6900408412023,-260.70186882603787,2765.965728898445,-1374.3901677622305,4239.44347768952,160.3718001717642,1168.4865628119178
-2342.1955934833422,-6603.0819243023125,8244.339038439944,-3266.7287068032533,8940.77731862681,3320.4838965598565,-14.867186454945196,-2567.249651812455,-9863.247861115673,9407.898142826412,-325.72599215229263,1040.2755700662608,-182.6249268547994,325.3785560540424,11811.215486859415,-3665.1950846200184,5681.792569286991,4825.832178041903,-9493.291542585264,-1875.1399261975369,6882.005322838295,14277.22858468532,-4337.994406448523,-1990.1184734409742,830.7666795102272,-8835.227891356424,4393.016582314327,-13542.431976607042,-510.04866753788093,-3732.5831662451474
411.0178734847573,1159.2868718872091,-1447.0486310867345,573.4902094211793,-1570.5569539138596,-583.4906733050233,3.2238192370798315,450.74401774216966,1732.2635488515505,-1653.4405334796088,56.634567840154055,-182.6249268547994,32.558258246107464,-56.6248917232426,-2074.286973922639,643.5366510242759,-997.2181785985285,-847.7077697753609,1667.127738640455,330.0470557668979,-1208.6791715535435,-2507.9261441187373,762.0297253439271,349.77937148419596,-145.32196012954714,1551.4983230298649,-772.2392377476986,2378.2495022106673,88.93533798280113,655.4919017298732
-732.7597937521409,-2065.233929252488,2578.95588493043,-1021.7701595450748,2795.544780454063,1038.0208874293082,-4.03702525059534,-802.9355191106595,-3084.313442665272,2940.77440815957,-102.42829349645172,325.3785560540424,-56.6248917232426,102.26843855523695,3693.552047789497,-1146.3089989746427,1777.4033499557543,1508.9192226380806,-2968.7856677341806,-585.6518680224261,2152.050430652015,4464.1559838064195,-1356.368406862729,-622.067233313996,260.37040076996436,-2763.059633227408,1373.0288614251992,-4235.004448107574,-160.1388611106415,-1167.261835659316
-26592.87294471497,-74971.07290450275,93605.21845576978,-37090.216241760114,101514.46866047702,37701.42470077994,-169.7553211056442,-29148.455997267512,-111987.76878836015,106819.49537438952,-3697.4173198207523,11811.215486859415,-2074.286973922639,3693.552047789497,134104.9339447609,-41614.52099700555,64510.29782585753,54792.96377504493,-107787.01437822185,-21291.54485543149,78138.6136536894,162104.99727133688,-49254.03040738517,-22596.30039000818,9431.654417886532,-100315.24701056958,49879.60381142348,-153761.10903433224,-5790.113906206828,-42379.83504610052
8252.210791926102,23264.60924287601,-29047.168562037547,11509.643286659551,-31501.161734336958,-11699.145388066567,52.49810550965647,9045.182445751998,34751.25138257086,-33147.13317349178,1147.5237204482744,-3665.1950846200184,643.5366510242759,-1146.3089989746427,-41614.52099700555,12913.574652142006,-20018.57305084848,-17002.91905844233,33447.749983969385,6606.831006552855,-24247.41946738498,-50303.145124055474,15284.116368863319,7011.848289718771,-2926.9349339629284,31129.180107081902,-15478.080166278085,47714.11149835291,1796.935169440693,13151.026558172383
-12792.723809668329,-36064.774016541654,45029.19992785573,-17842.270247004126,48832.3998292945,18135.591009271302,-80.89713702622828,-14021.81831909188,-53870.882738890046,51383.29316387673,-1779.3269837204455,5681.792569286991,-997.2181785985285,1777.4033499557543,64510.29782585753,-20018.57305084848,31033.025179368655,26357.553663466606,-51850.34123612183,-10241.243681610053,37587.991417164194,77978.85068505323,-23693.09080447604,-10869.460389237014,4537.753686858866,-48256.17157418194,23993.338696895422,-73965.86341121685,-2786.0916874115405,-20386.572667788645
-10865.26517747896,-30631.75183830047,38245.15695569621,-15154.339818086315,41477.20864392794,15404.287330908923,-69.59838302859357,-11909.51077420755,-45756.302048431455,43645.081894028204,-1510.4786807348835,4825.832178041903,-847.7077697753609,1508.9192226380806,54792.96377504493,-17002.91905844233,26357.553663466606,22387.53681124452,-44039.88180608376,-8699.645138423362,31926.11377068243,66233.52464871855,-20124.422114153545,-9232.566027007095,3853.385442976412,-40987.02333110973,20380.23396826872,-62824.108721878925,-2365.4909664545808,-17315.660762030868
21374.11030493835,60258.15649933205,-75235.45603736718,29811.34554875208,-81592.32148457893,-30302.509919845306,136.33653312844257,23428.129453014502,90010.3010150343,-85856.09907077793,2971.9010794523715,-9493.291542585264,1667.127738640455,-2968.7856677341806,-107787.01437822185,33447.749983969385,-51850.34123612183,-44039.88180608376,86633.96769457855,17112.981244187195,-62804.00179820119,-130292.00652407715,39587.95822128045,18161.758770134333,-7580.803458113961,80628.53457406256,-40090.6703985752,123585.70353925833,4653.920577943549,34062.85117750085
4221.620357099058,11902.479211757687,-14860.278211433742,5888.416847494607,-16117.785088503628,-5986.284746328438,27.85723837540357,4627.663972376251,17780.16755315888,-16961.304785957287,586.1894549606517,-1875.1399261975369,330.0470557668979,-585.6518680224261,-21291.54485543149,6606.831006552855,-10241.243681610053,-8699.645138423362,17112.981244187195,3381.497148416899,-12405.984927386211,-25737.876931780025,7820.235349347754,3587.970137733497,-1496.5900501136598,15926.615807424416,-7920.363847339313,24412.20339368278,918.3390712163883,6728.516120772061
-15494.769588866373,-43683.18089881685,54540.63694790721,-21611.24511772105,59149.247952398495,21967.444890804865,-98.98546653896945,-16983.84985400485,-65251.665782878204,62240.41951137018,-2154.296100227319,6882.005322838295,-1208.6791715535435,2152.050430652015,78138.6136536894,-24247.41946738498,37587.991417164194,31926.11377068243,-62804.00179820119,-12405.984927386211,45528.85440968446,94453.41428078114,-28698.75600104157,-13166.168156876169,5495.450406938507,-58450.437081107055,29063.323900195886,-89591.62350494883,-3373.6344687230066,-24693.357567595012
-32144.89973829927,-90624.05850023657,113148.3344070737,-44834.12478791951,122710.3197155203,45573.576852041246,-205.8861280268305,-35234.29551140954,-135370.02910938175,129123.94505813316,-4468.77063151508,14277.22858468532,-2507.9261441187373,4464.1559838064195,162104.99727133688,-50303.145124055474,77978.85068505323,66233.52464871855,-130292.00652407715,-25737.876931780025,94453.41428078114,195951.88064775363,-59538.101257361814,-27314.539254899977,11400.262948296757,-121260.12429352467,60294.90225850661,-185865.14557833376,-6998.327481681975,-51228.385867442885
9766.902504961326,27535.226014483796,-34378.98850937274,13622.404776298417,-37284.35590205974,-13847.103776785316,62.582497623753056,10705.59380667294,41130.87316703835,-39233.10973270516,1357.768407293707,-4337.994406448523,762.0297253439271,-1356.368406862729,-49254.03040738517,15284.116368863319,-23693.09080447604,-20124.422114153545,39587.95822128045,7820.235349347754,-28698.75600104157,-59538.101257361814,18090.082511355093,8299.26943372117,-3463.8346975008194,36843.7058960428,-18320.05229200542,56473.31773900425,2126.34667417174,15565.24701181843
4480.647857026278,12632.221463824819,-15771.75912046214,6249.478533703654,-17105.107351925202,-6352.774382038098,28.9413217623547,4911.367761416458,18869.664512922554,-17999.45723264956,622.6900408412023,-1990.1184734409742,349.77937148419596,-622.067233313996,-22596.30039000818,7011.848289718771,-10869.460389237014,-9232.566027007095,18161.758770134333,3587.970137733497,-13166.168156876169,-27314.539254899977,8299.26943372117,3807.5640519168637,-1588.8885167254664,16902.75408047301,-8404.978221615944,25908.269503576397,975.2649850851037,7140.867926589435
-1870.657757019676,-5273.149461612561,6584.2484358821475,-2608.8174742574874,7139.116308005131,2651.154024223844,-11.227367777979742,-2050.1581381345586,-7876.054177532312,7511.2374827622625,-260.70186882603787,830.7666795102272,-145.32196012954714,260.37040076996436,9431.654417886532,-2926.9349339629284,4537.753686858866,3853.385442976412,-7580.803458113961,-1496.5900501136598,5495.450406938507,11400.262948296757,-3463.8346975008194,-1588.8885167254664,664.0028983663316,-7055.381337422321,3507.1970384483807,-10814.167339620379,-407.9632455437695,-2980.619364674572
19892.50546083572,56081.12366096275,-70020.26397769795,27744.859693773335,-75936.31267875273,-28201.901640907345,126.8035541316239,21804.113010236826,83770.80029427259,-79904.4134858582,2765.965728898445,-8835.227891356424,1551.4983230298649,-2763.059633227408,-100315.24701056958,31129.180107081902,-48256.17157418194,-40987.02333110973,80628.53457406256,15926.615807424416,-58450.437081107055,-121260.12429352467,36843.7058960428,16902.75408047301,-7055.381337422321,75039.40591223857,-37311.49712028382,115018.78522270464,4331.397692643437,31701.6263673618
-9890.602060243951,-27884.56998175138,34814.733874326164,-13795.1889056777,37758.31525928477,14023.355045388957,-64.0481561134744,-10841.437657540888,-41653.36074956693,39732.747699338746,-1374.3901677622305,4393.016582314327,-772.2392377476986,1373.0288614251992,49879.60381142348,-15478.080166278085,23993.338696895422,20380.23396826872,-40090.6703985752,-7920.363847339313,29063.323900195886,60294.90225850661,-18320.05229200542,-8404.978221615944,3507.1970384483807,-37311.49712028382,18553.54117536736,-57190.502310485084,-2152.6537589084533,-15762.913044620502
30490.719857866075,85959.86706636107,-107325.34679711901,42526.675535475646,-116393.70246909621,-43227.38798608182,194.5458751154733,33420.85285346796,128402.15118887782,-122476.17823084157,4239.44347768952,-13542.431976607042,2378.2495022106673,-4235.004448107574,-153761.10903433224,47714.11149835291,-73965.86341121685,-62824.108721878925,123585.70353925833,24412.20339368278,-89591.62350494883,-185865.14557833376,56473.31773900425,25908.269503576397,-10814.167339620379,115018.78522270464,-57190.502310485084,176298.3621267463,6638.883747102471,48591.58148445392
1148.5838176618895,3237.3969145073766,-4042.5565917054314,1601.6810935744747,-4382.5037681697295,-1627.3504611284802,6.541335003546482,1258.6633390926875,4835.081979227779,-4610.463831060586,160.3718001717642,-510.04866753788093,88.93533798280113,-160.1388611106415,-5790.113906206828,1796.935169440693,-2786.0916874115405,-2365.4909664545808,4653.920577943549,918.3390712163883,-3373.6344687230066,-6998.327481681975,2126.34667417174,975.2649850851037,-407.9632455437695,4331.397692643437,-2152.6537589084533,6638.883747102471,250.81605564408264,1829.8234727706697
8403.894926280665,23692.371751748997,-29581.158546082283,11721.259346900044,-32080.57884544898,-11914.384606632098,53.615293278076834,9211.49935014617,35390.36529603678,-33757.02975821886,1168.4865628119178,-3732.5831662451474,655.4919017298732,-1167.261835659316,-42379.83504610052,13151.026558172383,-20386.572667788645,-17315.660762030868,34062.85117750085,6728.516120772061,-24693.357567595012,-51228.385867442885,15565.24701181843,7140.867926589435,-2980.619364674572,31701.6263673618,-15762.913044620502,48591.58148445392,1829.8234727706697,13392.875947791374
