V1,V2,V3,V4,V5,V6,V7,V8,V9,V10,V11,V12,V13,V14,V15,V16,V17,V18,V19,V20,V21,V22,V23,V24,V25,V26,V27,V28,V29,V30
4.248320979188273,1.763334588407816,-6.882680987586084,0.2577902040076344,3.270914644028798,5.035850024645778,-3.4290997217806605,-2.5247849835597242,-7.898399884508579,0.14249195136599668,8.614034034325945,3.056258891286508,-7.471526312610728,2.533444387829232,-5.8284697283850395,3.3988914229954204,5.074866268619754,0.7167500159036176,-2.263507629843444,-4.477503698015977,8.23776534389978,-1.4786981984844076,1.6015555526426646,-9.442258631920364,-1.0134600488890275,-0.9663071796143603,0.6442881627130619,-0.29671377722411374,-1.7798227544455858,7.870678599909014
1.763334588407816,3.290612449962603,-9.7417450800006,0.6393628926796838,2.385155822900692,7.285472951740153,-4.512671429106158,-4.084037451012135,-8.34075733654203,0.5900019223878142,10.3637804919479,4.390141248378345,-8.454593366701777,6.2156424096074625,-6.0228959599472285,3.6534720851938234,4.458334291430438,0.29848991916865314,-3.6097367372512985,-5.9010346590238445,11.360046571475099,-3.517430372269954,2.453977947101039,-11.368093516726034,-2.3183329423746315,-0.6594702978757644,1.2628922732225052,-1.209894956487235,-3.488588105119546,10.878875166192262
-6.882680987586084,-9.7417450800006,30.037834689522974,-1.7535537407084008,-7.949313080786743,-22.184147866569365,13.557001422282102,12.486166823378719,26.355390859917723,-1.8917891477947708,-32.53369135396871,-13.872310319453561,27.09540928584974,-18.258760862057837,19.427969935389072,-11.562046282341061,-14.447876488248955,-1.1597520754181598,11.269341109324664,18.329086765082977,-34.93501387674918,10.258865280114362,-7.513063936814975,35.90887299038433,6.682220482788109,2.061575487123804,-4.033553416940975,3.711432498647076,9.866941405959688,-33.414927178402706
0.2577902040076344,0.6393628926796838,-1.7535537407084008,0.15864805743670704,0.4210670774911703,1.373360556178277,-0.9376328605975077,-0.7269663279809396,-1.5365245070449196,0.07716217230726356,1.8466899725748522,0.7148580009615124,-1.3982926386645076,1.168216543926111,-1.038951748550185,0.6443258915291371,0.8259859108885061,0.06102759870033833,-0.570384781477984,-1.0953296683423772,2.1312157308077193,-0.6668106256709017,0.45621192897594603,-1.9815907651742144,-0.4765660426160436,-0.18867457495857906,0.15709986223076464,-0.16254870606813868,-0.8206655047067605,2.024385287740661
3.270914644028798,2.385155822900692,-7.949313080786743,0.4210670774911703,3.1460304365720364,5.9850341278764745,-3.955181862899329,-3.1121005475915577,-8.285133070115092,0.17717074153983392,9.307451330165298,3.354268791265026,-7.734827038997301,3.8841917938370747,-5.793861324154838,3.707177192433112,4.866863559802554,0.4465189491505425,-2.6798041993904884,-4.861031707179314,9.267298739989855,-2.3317358389058613,1.8771913729595109,-10.152986137296134,-1.5178216069184463,-0.865301103171091,0.8121579463950168,-0.5290991575632606,-2.494701319629235,9.00529417557813
5.035850024645778,7.285472951740153,-22.184147866569365,1.373360556178277,5.9850341278764745,16.58349836174371,-10.381479826174287,-9.182584199494482,-19.716875925926697,1.221655273372264,24.04272602865363,9.933762698639619,-19.679388853401907,13.480884326911365,-14.246726599834469,8.631453035511234,10.814459130078541,0.8652405804782387,-8.050169801443145,-13.551114547336834,25.91861742583525,-7.644961771897342,5.569714343121325,-26.359352102427376,-5.05319625351787,-1.7266705766675607,2.7653014138075487,-2.5205917999114305,-7.733572286709911,24.80215466641429
-3.4290997217806605,-4.512671429106158,13.557001422282102,-0.9376328605975077,-3.955181862899329,-10.381479826174287,6.932576956688664,5.481372421211174,12.60692961262114,-0.47046420784782683,-14.867243139557612,-5.640503311693272,11.770879428774743,-8.008033140886239,8.79105918758013,-5.416337790533393,-7.103335611907445,-0.6601980972495872,4.512245953266366,8.38894849924893,-16.12139429091374,4.630914047240368,-3.4142842062980607,15.997090066542132,3.2086133774222647,1.4096097554504736,-1.3423710954887176,1.170969672151504,5.318267336316224,-15.394865452551635
-2.5247849835597242,-4.084037451012135,12.486166823378719,-0.7269663279809396,-3.1121005475915577,-9.182584199494482,5.481372421211174,5.258910495714574,10.675389440381311,-0.8839245562475168,-13.379617561864206,-5.875739639229994,11.18238724208372,-7.800496541757979,7.928452493922609,-4.717039250242935,-5.726918122744379,-0.40615439184308483,4.787141535031839,7.583119842991971,-14.449617758991838,4.351094888714837,-3.141692365863625,14.862823494677237,2.7972567506254093,0.7530576764465841,-1.7727230579569075,1.6674026861953999,4.040753759365012,-13.824557718225988
-7.898399884508579,-8.34075733654203,26.355390859917723,-1.5365245070449196,-8.285133070115092,-19.716875925926697,12.60692961262114,10.675389440381311,24.89605052906287,-1.1858572448545297,-29.436093138784955,-11.6310287022055,24.27222937876458,-14.807231451126917,17.874547744950544,-10.9260860933623,-14.12880941931793,-1.27981681703695,9.30784506783257,16.21661342494503,-30.876106077869967,8.497056834349529,-6.502422150412563,32.228509554974906,5.625579194393185,2.3997744196902002,-3.0652290735455163,2.5500241569179716,8.850575632977721,-29.62603653223371
0.14249195136599668,0.5900019223878142,-1.8917891477947708,0.07716217230726356,0.17717074153983392,1.221655273372264,-0.47046420784782683,-0.8839245562475168,-1.1858572448545297,0.3944842585658295,1.8938548496543108,1.2521611198325935,-1.8330154878558225,1.3878932181791308,-1.186445752888094,0.5126303415665292,0.548926818499894,0.034107944325113465,-0.9737960263503617,-1.2103689485500426,2.168102730187101,-0.6487616074546967,0.5112885548042884,-2.340847207990712,-0.3722955580927443,0.057152679898222127,0.4780219197414651,-0.5138333509214812,-0.3497189853831299,2.0019368011790286
8.614034034325945,10.3637804919479,-32.53369135396871,1.8466899725748522,9.307451330165298,24.04272602865363,-14.867243139557612,-13.379617561864206,-29.436093138784955,1.8938548496543108,35.769180032567036,14.926357557671793,-29.876780479109325,19.049200328774766,-21.621104525073616,12.913268661456938,16.430762892667307,1.417856663432427,-12.042530596169494,-19.94442668455792,37.91938943084403,-10.75201967350303,8.073478603877673,-39.43947656695877,-7.016804970287563,-2.453497717197726,4.227921853341314,-3.750735767998389,-10.514806702640158,36.30191662901996
3.056258891286508,4.390141248378345,-13.872310319453561,0.7148580009615124,3.354268791265026,9.933762698639619,-5.640503311693272,-5.875739639229994,-11.6310287022055,1.2521611198325935,14.926357557671793,6.992928619481971,-12.938635848698887,8.586782809970298,-9.073374275965215,5.109458638917801,6.301061914849564,0.5053811852960602,-5.643344663840448,-8.518232009867464,16.026515052684807,-4.651733317542393,3.484014526863681,-16.84411513073104,-2.9271996509963456,-0.6441367887345153,2.221891714626966,-2.1184109274723677,-3.948941591237234,15.254840706734573
-7.471526312610728,-8.454593366701777,27.09540928584974,-1.3982926386645076,-7.734827038997301,-19.679388853401907,11.770879428774743,11.18238724208372,24.27222937876458,-1.8330154878558225,-29.876780479109325,-12.938635848698887,25.612847246548853,-15.74547884919352,18.269386489698448,-10.707611666759403,-13.577194745382048,-1.1519776915588222,10.51623280002097,16.539280374521294,-31.345803828463694,8.808218419026021,-6.638418864842265,33.23585634462067,5.601531672127769,1.677417854829427,-3.880804225160928,3.466931421160392,7.911881009751314,-30.04915159090293
2.533444387829232,6.2156424096074625,-18.258760862057837,1.168216543926111,3.8841917938370747,13.480884326911365,-8.008033140886239,-7.800496541757979,-14.807231451126917,1.3878932181791308,19.049200328774766,8.586782809970298,-15.74547884919352,12.15943187661638,-10.98407526906569,6.50162120721414,7.677525829578831,0.4407504002960771,-7.096159537840745,-11.013663558370968,21.153719628205543,-6.765908812292855,4.6432071613390535,-21.10329111941872,-4.3878694590685265,-0.9300479931936066,2.6479801519938717,-2.64373135173163,-6.293819592273612,20.208036642471097
-5.8284697283850395,-6.0228959599472285,19.427969935389072,-1.038951748550185,-5.793861324154838,-14.246726599834469,8.79105918758013,7.928452493922609,17.874547744950544,-1.186445752888094,-21.621104525073616,-9.073374275965215,18.269386489698448,-10.98407526906569,13.333795143613207,-7.784891394018913,-10.184814557822241,-1.006788292331938,7.207481732691985,12.0635352753725,-22.73953476711821,6.132244126155128,-4.822286576220881,23.937008252654582,4.012256703871798,1.5524715126965953,-2.5406782528943426,2.2057969987985504,6.016484207075377,-21.689778674719282
3.3988914229954204,3.6534720851938234,-11.562046282341061,0.6443258915291371,3.707177192433112,8.631453035511234,-5.416337790533393,-4.717039250242935,-10.9260860933623,0.5126303415665292,12.913268661456938,5.109458638917801,-10.707611666759403,6.50162120721414,-7.784891394018913,4.903658570482236,6.1005390002847735,0.4605401884666739,-4.1578615854848655,-6.98369484708862,13.357979365802537,-3.7741071214015283,2.815719197466722,-14.194470382651668,-2.4216342163891342,-0.9508487721320542,1.4149537267850125,-1.1573961540281328,-3.703755457173045,12.922029599181462
5.074866268619754,4.458334291430438,-14.447876488248955,0.8259859108885061,4.866863559802554,10.814459130078541,-7.103335611907445,-5.726918122744379,-14.12880941931793,0.548926818499894,16.430762892667307,6.301061914849564,-13.577194745382048,7.677525829578831,-10.184814557822241,6.1005390002847735,8.292289552799462,0.8985559130166811,-4.957796313478659,-9.03747459525695,17.1127262363496,-4.410749561160318,3.551126949203379,-17.893758767891367,-2.9962155522910656,-1.5152082317736435,1.5434824823357287,-1.2119974245147829,-4.8656841403215045,16.350172543888743
0.7167500159036176,0.29848991916865314,-1.1597520754181598,0.06102759870033833,0.4465189491505425,0.8652405804782387,-0.6601980972495872,-0.40615439184308483,-1.27981681703695,0.034107944325113465,1.417856663432427,0.5053811852960602,-1.1519776915588222,0.4407504002960771,-1.006788292331938,0.4605401884666739,0.8985559130166811,0.21335392372308928,-0.30065979309928376,-0.8713400736402828,1.534339520602429,-0.21092887542530056,0.3196619956111317,-1.5124694641392642,-0.2113963727020173,-0.2624675389773176,0.05002301176683739,-0.017078911688072563,-0.45557828470277,1.363016599147383
-2.263507629843444,-3.6097367372512985,11.269341109324664,-0.570384781477984,-2.6798041993904884,-8.050169801443145,4.512245953266366,4.787141535031839,9.30784506783257,-0.9737960263503617,-12.042530596169494,-5.643344663840448,10.51623280002097,-7.096159537840745,7.207481732691985,-4.1578615854848655,-4.957796313478659,-0.30065979309928376,4.709030247061727,6.7381749011568015,-12.842322745889385,3.9212548818873256,-2.7622462905654754,13.53779086305621,2.4144156784117032,0.34673625421475457,-1.8755817736631095,1.7971885394750995,3.089171028199249,-12.336464595997182
-4.477503698015977,-5.9010346590238445,18.329086765082977,-1.0953296683423772,-4.861031707179314,-13.551114547336834,8.38894849924893,7.583119842991971,16.21661342494503,-1.2103689485500426,-19.94442668455792,-8.518232009867464,16.539280374521294,-11.013663558370968,12.0635352753725,-6.98369484708862,-9.03747459525695,-0.8713400736402828,6.7381749011568015,11.433928847831146,-21.595540173664766,6.089920019557916,-4.662489663042412,22.040578524107623,4.061869087759986,1.469055426853183,-2.365423698876661,2.1828014660495336,6.209272963460271,-20.491189325606424
8.23776534389978,11.360046571475099,-34.93501387674918,2.1312157308077193,9.267298739989855,25.91861742583525,-16.12139429091374,-14.449617758991838,-30.876106077869967,2.168102730187101,37.91938943084403,16.026515052684807,-31.345803828463694,21.153719628205543,-22.73953476711821,13.357979365802537,17.1127262363496,1.534339520602429,-12.842322745889385,-21.595540173664766,41.04326384821184,-11.821284638413347,8.817641967498453,-41.749768198674424,-7.861266842480356,-2.708238854300742,4.46921405352386,-4.131370610614464,-11.969923869041057,39.077950936906724
-1.4786981984844076,-3.517430372269954,10.258865280114362,-0.6668106256709017,-2.3317358389058613,-7.644961771897342,4.630914047240368,4.351094888714837,8.497056834349529,-0.6487616074546967,-10.75201967350303,-4.651733317542393,8.808218419026021,-6.765908812292855,6.132244126155128,-3.7741071214015283,-4.410749561160318,-0.21092887542530056,3.9212548818873256,6.089920019557916,-11.821284638413347,3.850976416114586,-2.564441801621418,11.80095481304157,2.4899431970650756,0.5363443789725144,-1.4213547946720193,1.391310103374443,3.597029288584161,-11.377807865508858
1.6015555526426646,2.453977947101039,-7.513063936814975,0.45621192897594603,1.8771913729595109,5.569714343121325,-3.4142842062980607,-3.141692365863625,-6.502422150412563,0.5112885548042884,8.073478603877673,3.484014526863681,-6.638418864842265,4.6432071613390535,-4.822286576220881,2.815719197466722,3.551126949203379,0.3196619956111317,-2.7622462905654754,-4.662489663042412,8.817641967498453,-2.564441801621418,1.9323983705189474,-8.932295138650314,-1.7016398721516577,-0.5819831126328863,0.984550373570341,-0.9241014994047326,-2.5905509144580425,8.365852863097095
-9.442258631920364,-11.368093516726034,35.90887299038433,-1.9815907651742144,-10.152986137296134,-26.359352102427376,15.997090066542132,14.862823494677237,32.228509554974906,-2.340847207990712,-39.43947656695877,-16.84411513073104,33.23585634462067,-21.10329111941872,23.937008252654582,-14.194470382651668,-17.893758767891367,-1.5124694641392642,13.53779086305621,22.040578524107623,-41.749768198674424,11.80095481304157,-8.932295138650314,43.802041539717294,7.610923315331591,2.551070089034959,-4.890339382274353,4.3663461615910695,11.2106840348249,-39.948841603740014
-1.0134600488890275,-2.3183329423746315,6.682220482788109,-0.4765660426160436,-1.5178216069184463,-5.05319625351787,3.2086133774222647,2.7972567506254093,5.625579194393185,-0.3722955580927443,-7.016804970287563,-2.9271996509963456,5.601531672127769,-4.3878694590685265,4.012256703871798,-2.4216342163891342,-2.9962155522910656,-0.2113963727020173,2.4144156784117032,4.061869087759986,-7.861266842480356,2.4899431970650756,-1.7016398721516577,7.610923315331591,1.6847174478157343,0.48643336867281906,-0.8101629565434023,0.8066196301138011,2.5975290084839697,-7.50014324380464
-0.9663071796143603,-0.6594702978757644,2.061575487123804,-0.18867457495857906,-0.865301103171091,-1.7266705766675607,1.4096097554504736,0.7530576764465841,2.3997744196902002,0.057152679898222127,-2.453497717197726,-0.6441367887345153,1.677417854829427,-0.9300479931936066,1.5524715126965953,-0.9508487721320542,-1.5152082317736435,-0.2624675389773176,0.34673625421475457,1.469055426853183,-2.708238854300742,0.5363443789725144,-0.5819831126328863,2.551070089034959,0.48643336867281906,0.5712499735360329,0.04242081078502785,-0.11023991325971118,1.1688355727448865,-2.4910381715783827
0.6442881627130619,1.2628922732225052,-4.033553416940975,0.15709986223076464,0.8121579463950168,2.7653014138075487,-1.3423710954887176,-1.7727230579569075,-3.0652290735455163,0.4780219197414651,4.227921853341314,2.221891714626966,-3.880804225160928,2.6479801519938717,-2.5406782528943426,1.4149537267850125,1.5434824823357287,0.05002301176683739,-1.8755817736631095,-2.365423698876661,4.46921405352386,-1.4213547946720193,0.984550373570341,-4.890339382274353,-0.8101629565434023,0.04242081078502785,0.8336916394486121,-0.8179568975665492,-0.8323713214631726,4.304358652749081
-0.29671377722411374,-1.209894956487235,3.711432498647076,-0.16254870606813868,-0.5290991575632606,-2.5205917999114305,1.170969672151504,1.6674026861953999,2.5500241569179716,-0.5138333509214812,-3.750735767998389,-2.1184109274723677,3.466931421160392,-2.64373135173163,2.2057969987985504,-1.1573961540281328,-1.2119974245147829,-0.017078911688072563,1.7971885394750995,2.1828014660495336,-4.131370610614464,1.391310103374443,-0.9241014994047326,4.3663461615910695,0.8066196301138011,-0.11023991325971118,-0.8179568975665492,0.8525876694603786,0.8099227140515719,-3.9474332347737047
-1.7798227544455858,-3.488588105119546,9.866941405959688,-0.8206655047067605,-2.494701319629235,-7.733572286709911,5.318267336316224,4.040753759365012,8.850575632977721,-0.3497189853831299,-10.514806702640158,-3.948941591237234,7.911881009751314,-6.293819592273612,6.016484207075377,-3.703755457173045,-4.8656841403215045,-0.45557828470277,3.089171028199249,6.209272963460271,-11.969923869041057,3.597029288584161,-2.5905509144580425,11.2106840348249,2.5975290084839697,1.1688355727448865,-0.8323713214631726,0.8099227140515719,4.52977704188071,-11.325113237024466
7.870678599909014,10.878875166192262,-33.414927178402706,2.024385287740661,9.00529417557813,24.80215466641429,-15.394865452551635,-13.824557718225988,-29.62603653223371,2.0019368011790286,36.30191662901996,15.254840706734573,-30.04915159090293,20.208036642471097,-21.689778674719282,12.922029599181462,16.350172543888743,1.363016599147383,-12.336464595997182,-20.491189325606424,39.077950936906724,-11.377807865508858,8.365852863097095,-39.948841603740014,-7.50014324380464,-2.4910381715783827,4.304358652749081,-3.9474332347737047,-11.325113237024466,37.34420100659061
