V1,V2,V3,V4,V5,V6,V7,V8,V9,V10,V11,V12,V13,V14,V15,V16,V17,V18,V19,V20,V21,V22,V23,V24,V25,V26,V27,V28,V29,V30,V31,V32,V33,V34,V35,V36,V37,V38,V39,V40,V41,V42,V43,V44,V45,V46,V47,V48,V49,V50,V51,V52,V53,V54,V55,V56
655.7534606450619,1879.6152610989059,-219.52794613764266,-129.50965977466058,-646.6296365606908,-1463.2207957652925,848.8033254028653,1245.877117183686,1074.0114583433617,-968.1596610567782,1928.4615711023039,1745.6169471158782,-252.1144639088805,1680.8455092870474,207.2119999913523,-449.00457017297106,330.82189086395914,-728.4391918421229,1694.1572951284268,-169.94090268908332,-848.6557998776607,-1338.335581750992,784.2758618046872,188.9567628264506,-74.95775482117963,1795.3158421103542,-835.5516088781031,899.4170711471909,916.9428145640935,313.9234881606718,-954.166100843108,-1236.7264976516826,878.3662713459133,235.51719714307313,71.13306130042072,246.8263579577276,-220.19148980356977,-171.77623846776942,-1182.4384984719743,-1359.8994692349702,83.73797548532686,-448.3052713836654,772.9352121553865,349.0901720828704,-855.4649983901911,-659.2399209883864,1603.208800829901,441.2679866639974,185.76967607266477,507.84437207280797,289.5356182463097,-799.397750933376,541.9997466621573,-391.3877375123572,459.1595000701994,403.72478933424503
1879.6152610989059,5392.855293240754,-630.6228291946406,-372.83013484300807,-1855.108089671756,-4196.168228172878,2437.0622406791895,3575.18158855653,3079.9386802701524,-2777.8275001112956,5532.393129472728,5009.74531215006,-725.8522257337497,4824.152004022011,595.8080085612526,-1288.972076873131,951.251821853948,-2089.9893562919287,4861.7794183440765,-488.59608679352846,-2434.0714445616222,-3840.373604241227,2251.575109047047,543.3982900904658,-215.1722715217585,5152.8010338577105,-2397.780725839027,2579.3778850164936,2631.950017671166,900.1693288711352,-2739.812874611829,-3548.9844158484334,2520.7502536426073,676.6759139642824,202.5736490594776,706.2208315886945,-632.748546582282,-492.9906576608487,-3389.7610395057914,-3899.522659342319,240.11339666608998,-1285.6303382630767,2218.6783690465827,1001.8174285634253,-2453.959385762774,-1891.7619970278165,4599.583088703702,1267.298276676897,532.4425809047269,1456.7801083897193,829.773584726033,-2294.632459615288,1553.6212358309024,-1124.7155562381727,1316.6853008707312,1156.955554890677
-219.52794613764266,-630.6228291946406,73.91150312289291,43.88160334027811,216.97431619913564,490.1902707685945,-285.3398031498718,-418.159830810938,-359.79926222342846,324.94278823706753,-646.8022908922785,-586.1313202980033,85.34068561782382,-564.3301673034533,-69.89139558961959,150.78467008150773,-111.60356621881276,244.45408572663578,-568.5415500774278,57.328015610887206,284.5560324838282,449.2156317605842,-263.47023282695125,-63.600027696505315,25.16669426596479,-602.9430787176341,280.55263836195894,-301.34164971422956,-308.0341267283168,-105.10738438376954,320.8403148175242,415.2188334247798,-294.919323107712,-79.38713416484609,-23.44152268871127,-82.26373645527268,74.18292854755182,57.586991703103784,395.94785297017285,455.6596302229517,-28.04616535987432,150.17080803372806,-259.7279201470293,-117.10554455205802,286.89641097970923,221.28366454367162,-537.779150602795,-148.35641237472728,-62.14250552709949,-170.1737369815528,-96.77963102784916,268.4847665579036,-181.414712641174,131.66115094891217,-153.85569360105282,-135.0096282428099
-129.50965977466058,-372.83013484300807,43.88160334027811,26.255330976262005,128.3349904689398,289.255263809027,-169.084261285474,-247.31316990753328,-212.32148821175292,192.24493323720853,-382.2444136588558,-346.8650892226824,50.94910859106603,-333.84966711881555,-41.55300728903615,89.19474711026729,-66.37219392536362,144.59346691897957,-336.12513717113285,34.100725442208194,168.1615945118258,265.7307601908,-155.94594384463613,-37.6363544250129,14.882158591773589,-356.893278897153,166.05213273584084,-177.84368459912267,-182.40195634419572,-61.96517330559508,190.17946427869805,245.72184219869848,-174.52661154213777,-47.224007544503245,-13.599205299170183,-48.29886999786718,44.06392388699051,33.96704095312806,233.62826794741176,269.0382703818613,-16.54610405307738,88.59619460221398,-153.87025636749033,-69.17449265465729,169.5537552384838,130.8982108008995,-317.8475579070324,-87.87433497881744,-36.608588814808044,-100.40030186006108,-56.93638098435065,158.89453150791454,-106.97564663770952,77.96283592739444,-90.842052138684707,-79.51414823823494
-646.6296365606908,-1855.108089671756,216.97431619913564,128.3349904689398,638.2303228383043,1443.2709674338244,-838.4059145279061,-1229.8237750395274,-1059.3649554190247,955.6794983646885,-1903.0681455000147,-1723.413221257917,249.72774787773298,-1659.4014479663738,-204.9521219708851,443.3175173128537,-327.23705004351785,719.0114038784375,-1672.2348396193017,168.0971769506544,837.3845870489098,1321.1195520522567,-774.4559075787272,-186.7345523482938,74.00164888291812,-1772.6281129581064,824.920333588627,-887.1901526126244,-905.4580187483663,-309.5721962224206,942.5748178919536,1220.947598720756,-867.1788915598515,-232.88827738467052,-69.69991960145998,-242.9546135730184,217.68725604081732,169.4819590868573,1166.1060845346033,1341.4589750130226,-82.58827296244928,442.1750835456836,-763.3394337178538,-344.5181743982442,844.1711330976793,650.7692441821595,-1582.1767875693847,-435.88165780619465,-183.1273538635642,-500.9696132215598,-285.32854813822826,789.3106907011157,-534.4203647775004,386.6981686344809,-452.9400303955399,-397.93251825703794
-1463.2207957652925,-4196.168228172878,490.1902707685945,289.255263809027,1443.2709674338244,3266.528882041552,-1895.2359265863026,-2781.605730997189,-2397.564027712152,2161.018602271341,-4305.150395264995,-3897.1556354150343,563.4856053473444,-3753.1424750303345,-462.9951048579568,1002.8511393697482,-739.1483331823179,1626.006773771071,-3783.020744905897,379.62739871596614,1894.09578927044,2987.7738267976833,-1751.5086764178347,-422.8033662304681,167.42295274758075,-4008.234670838862,1865.18318017641,-2007.8579513094455,-2047.1303170448589,-700.906771935458,2130.518259107732,2760.7843440803413,-1960.9326050674426,-525.7221208586624,-158.28834895960972,-550.3721414457095,491.7951567695244,383.84185083629234,2638.736285304674,3035.101973983374,-186.92627998580963,1000.8585616394265,-1725.4755516761747,-779.706946996853,1909.5709362633288,1471.7797117264788,-3579.185445226989,-985.6802224189772,-414.6429293364373,-1134.119031153457,-646.4164138144112,1785.035355330543,-1209.5968774806965,874.8990819538536,-1024.8142734168491,-901.035865046112
848.8033254028653,2437.0622406791895,-285.3398031498718,-169.084261285474,-838.4059145279061,-1895.2359265863026,1102.0881081246603,1615.8473419256982,1391.086693902093,-1255.5275547078093,2499.8292177427256,2264.5831445680938,-329.02124216943815,2180.545497883256,269.732601457474,-582.6419035134444,430.68040941326257,-944.5847209422815,2197.1670485941486,-221.21745986450193,-1099.7796437351926,-1735.767356354096,1017.913207024596,245.74593820258053,-97.25372849225246,2329.4126819597445,-1083.9025296886164,1165.0438996137143,1189.9460903748227,406.4733576033611,-1239.1108600858722,-1604.2381081901547,1139.4570334530456,306.3290020284289,90.9966975970329,318.4370574680674,-286.35606432985355,-222.6800400265985,-1530.8706557349167,-1761.4595999525484,108.44111799280181,-580.638983615736,1003.2181364879391,452.660556221431,-1108.8156457806822,-855.0414957320891,2078.4146401390035,573.0751796364247,240.35950757192106,657.9823474660598,374.4583666920671,-1037.313352746295,701.5215501190402,-508.6325853551566,594.7661935686099,522.2323972410057
1245.877117183686,3575.18158855653,-418.159830810938,-247.31316990753328,-1229.8237750395274,-2781.605730997189,1615.8473419256982,2370.227966229782,2041.6586059917083,-1841.563554361463,3667.6167443352083,3321.357399778185,-481.4922528931372,3198.3433613088746,395.13866273576406,-854.6027873468753,630.8710927718325,-1385.555843836766,3223.220667172369,-324.03135549005617,-1613.5681094217832,-2546.0283446247954,1492.8356190923203,360.38592749967586,-142.6602265836535,3416.249500785417,-1589.6606651421116,1709.8563034713736,1744.9771826748618,596.7038360160029,-1816.607887875286,-2352.8700759229678,1671.1970342140146,448.71269888915646,134.1209186187852,467.9620320295781,-419.59432433905033,-326.84137586931564,-2246.9115637486757,-2584.926601765934,159.16610625420248,-852.2332519537779,1470.9895523572645,664.1774908068061,-1626.7922276676566,-1254.176620615711,3049.256231611191,840.2950858624944,352.91697806743576,965.7324198602398,549.98557041869,-1521.3432683472686,1029.802510406548,-745.8285483068693,872.8127385615076,766.8403272276937
1074.0114583433617,3079.9386802701524,-359.79926222342846,-212.32148821175292,-1059.3649554190247,-2397.564027712152,1391.086693902093,2041.6586059917083,1759.767310496985,-1586.1912606298356,3159.924881291419,2860.4798151730865,-413.5848064570686,2754.734745471294,339.82417722664155,-736.0575317208403,542.5157131927822,-1193.485992835288,2776.6429609880643,-278.6409378359742,-1390.2682345393232,-2193.000821207002,1285.5612227880742,310.27991892627745,-122.88201310211427,2942.00861041831,-1369.0428130954172,1473.7286675421408,1502.5821923001447,514.441978844021,-1563.7840341288397,-2026.4072745986484,1439.3110691137856,385.8949276983735,116.19532732936766,403.98390366531754,-360.9715092585917,-281.7102671368527,-1936.8315468997687,-2227.7550028308706,137.20045782111956,-734.6053358932342,1266.5022758866876,572.2707917652075,-1401.6117057776164,-1080.2706502985577,2627.0700915715784,723.4555176326762,304.33977831187894,832.3961611500407,474.44288317589945,-1310.1816904376403,887.8357746455022,-642.1082163590022,752.208335573272,661.3464375043283
-968.1596610567782,-2777.8275001112956,324.94278823706753,192.24493323720853,955.6794983646885,2161.018602271341,-1255.5275547078093,-1841.563554361463,-1586.1912606298356,1431.040628588067,-2849.6052276435885,-2580.7114863584675,374.08557157010387,-2484.862395895445,-306.96707044646394,663.8560209612352,-490.1216756618494,1076.6484369914856,-2504.0390550228267,251.76684547628554,1253.8531873001755,1978.2697009090077,-1159.739095435342,-279.6727757137031,110.81462281638186,-2654.4321638599913,1235.264787397569,-1328.399966275478,-1355.8970558581527,-463.51643411137053,1411.5367874301812,1828.28536902438,-1298.5467763095953,-348.78749771127565,-104.28341086366314,-363.6892512989549,326.0216130114659,253.78191308117312,1745.9646188143984,2008.5710474822818,-123.65849586817862,662.0701388681875,-1143.087318842318,-515.8854137924656,1264.0313270574384,974.4770418854717,-2369.1253455831365,-652.7527064959436,-274.18023678399214,-750.1213853777144,-427.1881127188067,1181.9669904386083,-800.1547445320494,579.1259634713488,-678.1904574280342,-595.7795585458545
1928.4615711023039,5532.393129472728,-646.8022908922785,-382.2444136588558,-1903.0681455000147,-4305.150395264995,2499.8292177427256,3667.6167443352083,3159.924881291419,-2849.6052276435885,5675.654105118775,5139.118021561915,-744.260654461884,4948.811009998475,611.0482858258489,-1322.2828627282688,975.5697268374603,-2144.016952626866,4987.569472403606,-501.0820570594961,-2497.1087786487947,-3939.6303205629847,2309.6945673943483,557.4236049358028,-220.73651523496903,5285.808185274995,-2459.685188267231,2646.3502224191084,2699.8353244313125,923.5900228638835,-2810.333519537943,-3640.6359590097513,2585.849270036807,693.9704786605007,208.01223658358936,724.7491310024586,-648.9657082357324,-505.80189385736827,-3477.819598192633,-4000.6894298135667,246.35235955901692,-1319.0331915421204,2275.8516194515278,1027.779689904876,-2517.502561902648,-1940.6557803214164,4718.663189982418,1299.9619616798063,546.3168766797825,1494.6245093847651,851.4513265330934,-2353.8799834932615,1594.0304846492832,-1153.7153077415214,1350.8442558345182,1187.1196162896192
1745.6169471158782,5009.74531215006,-586.1313202980033,-346.8650892226824,-1723.413221257917,-3897.1556354150343,2264.5831445680938,3321.357399778185,2860.4798151730865,-2580.7114863584675,5139.118021561915,4654.416856222434,-675.1186148017982,4481.804680942603,553.8733275669692,-1197.490815637729,884.3324816067593,-1941.6298819455744,4516.404197914224,-454.23480880658695,-2261.0310553800946,-3567.802325963032,2091.929394808422,504.86530279488125,-199.8929341786907,4787.459328731091,-2227.7507371393112,2395.6177347980733,2445.457998773553,835.9303088734804,-2546.0050295013125,-3297.2620239304524,2341.954410512426,629.0858658439761,187.7447144269013,655.4835170303602,-588.1438307394571,-457.84128593620187,-3148.1744808924113,-3621.904169855198,222.99717315834107,-1193.9893210968878,2061.5889697854877,930.553548255779,-2279.523507527281,-1757.4931609559776,4272.674410543064,1177.5496006202181,494.39935908845735,1352.9482547455032,770.3596699062174,-2131.8985165850704,1442.783576428503,-1045.0342875456809,1222.9469529647224,1074.254784707339
-252.1144639088805,-725.8522257337497,85.34068561782382,50.94910859106603,249.72774787773298,563.4856053473444,-329.02124216943815,-481.4922528931372,-413.5848064570686,374.08557157010387,-744.260654461884,-675.1186148017982,99.05284526065597,-650.0278237038455,-80.86073747496245,173.7504212529203,-129.13348993784652,281.4010578001338,-654.6429753197558,66.32247527619673,327.2946314220144,517.2431890167238,-303.67163168892273,-73.52334887818813,28.994859977519415,-694.6205581336535,323.1168874202288,-346.4265173463063,-354.95030397922756,-120.7764876944087,370.03928762037947,478.1867124455852,-339.67556097919316,-91.73303187364776,-26.499697245115104,-94.06439490638377,85.71639988795762,66.28234242016967,454.85722178014623,523.7797314621533,-32.23159519527468,172.61649004908585,-299.33863615327755,-134.81924937108778,330.0770380397031,254.80898185207232,-618.8923292498677,-171.1331852810852,-71.33451120917589,-195.70860414279778,-111.04189647178525,309.3567871575499,-208.33695814315928,152.02634906981638,-176.86683504885363,-154.92768233669756
1680.8455092870474,4824.152004022011,-564.3301673034533,-333.84966711881555,-1659.4014479663738,-3753.1424750303345,2180.545497883256,3198.3433613088746,2754.734745471294,-2484.862395895445,4948.811009998475,4481.804680942603,-650.0278237038455,4315.916351186624,533.3564550550689,-1153.2845076760957,851.5438114314694,-1869.5661052243022,4349.449932298005,-437.3602713983431,-2177.114079495118,-3435.519160792263,2014.5687327881135,486.53281747308813,-192.5191490186413,4609.908707637883,-2145.0266997290873,2307.0644561011004,2354.6971407775554,805.1196112795369,-2451.493027318914,-3174.8761425314647,2255.0816726862495,605.5526359439084,180.76066757565556,631.1656683650853,-566.3035073826765,-441.0820781186349,-3031.452746492676,-3487.6352312507056,214.75412373081474,-1149.900771504806,1984.962911934694,896.2759656596728,-2195.027866649214,-1692.3543660740854,4114.4862206958105,1134.0426679360044,476.14202531420534,1303.126333177842,742.0333139003167,-2052.9730519673044,1389.3659009991575,-1006.7011030730504,1177.6252760258533,1034.5626171895567
207.2119999913523,595.8080085612526,-69.89139558961959,-41.55300728903615,-204.9521219708851,-462.9951048579568,269.732601457474,395.13866273576406,339.82417722664155,-306.96707044646394,611.0482858258489,553.8733275669692,-80.86073747496245,533.3564550550689,66.15968449091343,-142.55790937294873,105.64149210845808,-230.9359574682304,537.3171613628526,-54.2543682174786,-268.7386963302831,-424.44780565655907,249.0845638615875,60.27602103819614,-23.793437388884914,569.8006664220356,-265.07744416433945,284.62522667573154,291.11011596668015,99.28124336499104,-303.3090680781318,-392.3199989794036,278.6777723142539,75.05788314644745,21.99388984364987,77.52469722255078,-70.175679334943,-54.45664829634136,-373.79786375181607,-430.2727360127023,26.487089017100555,-141.84506774548112,245.44651415184936,110.69719412517985,-271.00265174171517,-209.09331732284133,508.08484114977904,140.30819411456213,58.6675845164278,160.8023008982129,91.38123332168455,-253.77550116122185,171.26336772790077,-124.63218665901378,145.29031067798888,127.43888320372268
-449.00457017297106,-1288.972076873131,150.78467008150773,89.19474711026729,443.3175173128537,1002.8511393697482,-582.6419035134444,-854.6027873468753,-736.0575317208403,663.8560209612352,-1322.2828627282688,-1197.490815637729,173.7504212529203,-1153.2845076760957,-142.55790937294873,308.22659469474263,-227.59515321886568,499.48833018662083,-1162.2940296267425,116.88195588022482,581.6241241602944,917.9251350616358,-538.3735129090034,-130.16720735824802,51.4539948267508,-1231.7334812281767,573.0870320375366,-616.448220537577,-629.1431097405002,-215.15333604349658,655.0378594190078,848.2476311614265,-602.5247005654775,-161.75936730056583,-48.23073910301605,-168.5565732000445,151.33199050611805,117.92533133555578,809.8412023036859,931.753056267576,-57.38107852174491,307.2679393239338,-530.3212752698323,-239.5506928012747,586.4588858876527,452.1848217586205,-1099.379526796183,-303.092220694536,-127.21929144049112,-348.27198356064383,-198.29930936689033,548.5946539622729,-371.1825295138866,269.1748342313755,-314.6195784417223,-276.40849062651483
330.82189086395914,951.251821853948,-111.60356621881276,-66.37219392536362,-327.23705004351785,-739.1483331823179,430.68040941326257,630.8710927718325,542.5157131927822,-490.1216756618494,975.5697268374603,884.3324816067593,-129.13348993784652,851.5438114314694,105.64149210845808,-227.59515321886568,168.68810597528105,-368.7204016900563,857.8391993099327,-86.6361154906955,-429.0691188895525,-677.679030131519,397.6814579824513,96.20892566263103,-37.98579494924438,909.7672896115996,-423.2408571989054,454.39330078482607,464.8074450448158,158.48828341952216,-484.2973285334664,-626.3990868654378,444.9474926370683,119.8687330393576,35.10276885808588,123.75807090763861,-112.05595977002365,-86.92439092064262,-596.7778573331408,-686.9499155631331,42.28528614708388,-226.4449997984229,391.9101428776658,176.71815705796976,-432.6760703633516,-333.8393379229083,811.1826190551992,224.01264631637696,93.65554171895124,256.69861602954643,145.86533387249693,-405.17639464042855,273.41693047129905,-198.9623829973232,231.96145991109515,203.44090011356892
-728.4391918421229,-2089.9893562919287,244.45408572663578,144.59346691897957,719.0114038784375,1626.006773771071,-944.5847209422815,-1385.555843836766,-1193.485992835288,1076.6484369914856,-2144.016952626866,-1941.6298819455744,281.4010578001338,-1869.5661052243022,-230.9359574682304,499.48833018662083,-368.7204016900563,810.0291474130463,-1884.0398899414547,189.40055305049103,943.3651422527677,1488.3891068810824,-872.5681339488812,-210.46283494714962,83.37853006793162,-1997.0868299717927,929.3514304453162,-999.5171813262757,-1020.1072533660519,-348.77673486736586,1061.9477847038936,1375.5201045086983,-976.9754248869958,-262.3678224186076,-78.48100814438693,-273.65969650783467,245.268099885777,190.9728232426188,1313.6638338387218,1511.234961083984,-93.04389561458149,498.16450548788833,-859.9799445686145,-388.172458505865,951.0351618289858,733.1694167042376,-1782.509350270968,-491.1191916390996,-206.307372061831,-564.4336073672335,-321.4601627150182,889.2832501086131,-602.0516841033467,435.75956115376897,-510.2675879116019,-448.2945617467074
1694.1572951284268,4861.7794183440765,-568.5415500774278,-336.12513717113285,-1672.2348396193017,-3783.020744905897,2197.1670485941486,3223.220667172369,2776.6429609880643,-2504.0390550228267,4987.569472403606,4516.404197914224,-654.6429753197558,4349.449932298005,537.3171613628526,-1162.2940296267425,857.8391993099327,-1884.0398899414547,4383.507738969261,-440.5757432921338,-2194.1002008298424,-3462.146810645383,2030.1770770141588,490.4315280193491,-194.02930479773235,4645.4273628670135,-2161.526550700235,2325.3988487327533,2372.754483905227,811.6073154124001,-2470.11824530345,-3199.347756586773,2272.4862248901504,609.9440829712767,182.3835857961225,636.365521112625,-570.5242838580414,-444.66357228492865,-3055.459504116664,-3515.1083243118633,216.46589830454215,-1159.0823902559202,2000.0815878284575,903.3889174484499,-2212.1849058641283,-1705.4805266955775,4146.693936355515,1142.7887063472394,479.9894339452927,1313.5781403835763,748.1395895981682,-2068.8643155769096,1400.4540183614658,-1014.5850699921809,1186.907115064833,1042.9324174365474
-169.94090268908332,-488.59608679352846,57.328015610887206,34.100725442208194,168.0971769506544,379.62739871596614,-221.21745986450193,-324.03135549005617,-278.6409378359742,251.76684547628554,-501.0820570594961,-454.23480880658695,66.32247527619673,-437.3602713983431,-54.2543682174786,116.88195588022482,-86.6361154906955,189.40055305049103,-440.5757432921338,44.498710510437505,220.40398536689918,348.08746680394574,-204.24263934512118,-49.373909847833474,19.50719556111194,-467.2975978522771,217.40760367248814,-233.37916957951705,-238.75157525638465,-81.39246795371933,248.75937795178754,321.75971167266715,-228.54827984323452,-61.58601163062893,-18.040535181783646,-63.57975397431378,57.55582486681504,44.62708158254737,306.54922739106644,352.86139198560846,-21.71817417460223,116.29913963587376,-201.31784872196985,-90.74838668404095,222.24455571465103,171.4727979929115,-416.64321854932854,-115.04300198606519,-48.101908960965915,-131.82174717898368,-74.90570802442419,208.1021183665031,-140.44069495085006,102.14798189653628,-119.14858396699205,-104.49118688217914
-848.6557998776607,-2434.0714445616222,284.5560324838282,168.1615945118258,837.3845870489098,1894.09578927044,-1099.7796437351926,-1613.5681094217832,-1390.2682345393232,1253.8531873001755,-2497.1087786487947,-2261.0310553800946,327.2946314220144,-2177.114079495118,-268.7386963302831,581.6241241602944,-429.0691188895525,943.3651422527677,-2194.1002008298424,220.40398536689918,1098.790068713765,1733.3231358171663,-1016.0099962523258,-244.9589048599841,97.09208009807628,-2325.5384908421183,1082.2427587448785,-1164.2981983879047,-1187.8354553836587,-406.30906567211076,1236.3808634972484,1601.8287115493656,-1137.6985345590842,-305.36675943348473,-91.65244289368214,-319.0371786263744,285.47226661683186,222.42124506371806,1530.3946664026976,1760.3913808074838,-108.38872601528062,580.3054320479616,-1001.3482731974476,-452.07034898191,1107.6804295185252,853.8151644809017,-2076.0238552726983,-571.7827446571243,-240.37506736726806,-657.4545449768628,-374.5753826727431,1035.519158818148,-701.4180373945532,507.2616028266408,-594.3904046563491,-522.348300728418
-1338.335581750992,-3840.373604241227,449.2156317605842,265.7307601908,1321.1195520522567,2987.7738267976833,-1735.767356354096,-2546.0283446247954,-2193.000821207002,1978.2697009090077,-3939.6303205629847,-3567.802325963032,517.2431890167238,-3435.519160792263,-424.44780565655907,917.9251350616358,-677.679030131519,1488.3891068810824,-3462.146810645383,348.08746680394574,1733.3231358171663,2734.929970260785,-1603.50776847495,-386.9553129366028,153.22833575481994,-3669.737516158864,1707.6602587906157,-1836.5999548162472,-1874.4851801042662,-640.8955028061973,1951.4409697259334,2527.4990657412445,-1795.208629432763,-482.0966316395903,-144.08166457119816,-502.68809450512435,450.74105843715637,350.9963685694711,2413.618132555661,2776.7046506819615,-170.96436005195102,915.3847032679473,-1580.212126342887,-713.3573355376413,1747.4815474314905,1347.2194182974183,-3275.3936700172408,-902.5735833586298,-379.0690782909832,-1037.2345921519777,-590.687531452505,1634.1668204955183,-1106.1743482037393,800.9839156535436,-937.5610805180976,-823.6747715020462
784.2758618046872,2251.575109047047,-263.47023282695125,-155.94594384463613,-774.4559075787272,-1751.5086764178347,1017.913207024596,1492.8356190923203,1285.5612227880742,-1159.739095435342,2309.6945673943483,2091.929394808422,-303.67163168892273,2014.5687327881135,249.0845638615875,-538.3735129090034,397.6814579824513,-872.5681339488812,2030.1770770141588,-204.24263934512118,-1016.0099962523258,-1603.50776847495,940.4365208821895,227.26678484494678,-89.87057165185591,2151.7725182678005,-1001.1824629890389,1076.6605824640346,1099.1207557695664,375.72985202386576,-1144.420003402947,-1481.86071230113,1052.5723951791633,282.7154975561552,84.18582305643962,294.3511783999505,-264.4210688835906,-205.90479723342943,-1414.530666404149,-1627.5155237106471,100.21756179424928,-536.636632801715,926.5342771312792,418.36723253301176,-1024.4236011828866,-789.9061417112342,1920.337237991282,529.4497531812315,222.17111326197914,608.2064411344504,346.24200456793795,-958.3132809983903,648.2927649083881,-470.10643891344506,549.548863334939,482.7107837433283
188.9567628264506,543.3982900904658,-63.600027696505315,-37.6363544250129,-186.7345523482938,-422.8033662304681,245.74593820258053,360.38592749967586,310.27991892627745,-279.6727757137031,557.4236049358028,504.86530279488125,-73.52334887818813,486.53281747308813,60.27602103819614,-130.16720735824802,96.20892566263103,-210.46283494714962,490.4315280193491,-49.373909847833474,-244.9589048599841,-386.9553129366028,227.26678484494678,55.351088234828424,-21.732436780025193,519.35615485184735,-241.50465106755146,259.8818761223477,265.2478934273904,90.76247813452225,-276.28759758287936,-357.49709522080997,253.99986756315448,68.1351449953342,20.103147613480573,70.76506982972506,-63.89001834271115,-49.89997465121238,-340.9509467286848,-392.4302610017554,24.18616467911984,-129.57171545475387,223.50327069123685,101.18148665136165,-247.13237768077855,-190.6485317729437,463.5215830816491,128.04146234788195,53.60513845434652,147.02992780746192,83.64500149308789,-231.46187956779437,156.31142351305647,-114.03223789960688,132.5273253276412,116.42545691100494
-74.95775482117963,-215.1722715217585,25.16669426596479,14.882158591773589,74.00164888291812,167.42295274758075,-97.25372849225246,-142.6602265836535,-122.88201310211427,110.81462281638186,-220.73651523496903,-199.8929341786907,28.994859977519415,-192.5191490186413,-23.793437388884914,51.4539948267508,-37.98579494924438,83.37853006793162,-194.02930479773235,19.50719556111194,97.09208009807628,153.22833575481994,-89.87057165185591,-21.732436780025193,8.58966449678556,-205.60744766976302,95.66185082156049,-102.91343015066148,-105.01791583114823,-35.92107552179949,109.33657716516485,141.59390864165994,-100.57717387370984,-26.995369026552957,-8.05573073333097,-28.143467775873752,25.258026735515912,19.689191433253836,135.1968059898481,155.54601068222635,-9.579620657126728,51.298146951995754,-88.51985036600112,-39.99210933255794,97.90010022088667,75.48302298536062,-183.52567832025193,-50.59439111016719,-21.24011785812003,-58.14508429334038,-33.11005973653744,91.57624431977797,-61.96810449555255,44.93594863122251,-52.52247473499348,-46.14840842455527
1795.3158421103542,5152.8010338577105,-602.9430787176341,-356.893278897153,-1772.6281129581064,-4008.234670838862,2329.4126819597445,3416.249500785417,2942.00861041831,-2654.4321638599913,5285.808185274995,4787.459328731091,-694.6205581336535,4609.908707637883,569.8006664220356,-1231.7334812281767,909.7672896115996,-1997.0868299717927,4645.4273628670135,-467.2975978522771,-2325.5384908421183,-3669.737516158864,2151.7725182678005,519.35615485184735,-205.60744766976302,4924.341794496413,-2291.4243793927526,2463.9070972931645,2515.4016433418374,859.7414557056195,-2618.914186626645,-3391.4955126754835,2408.892707011525,647.1526104067862,192.9776244192546,674.0355316824937,-605.0289410626115,-470.90875820136694,-3237.8385434466995,-3725.1476633516745,229.35107032534594,-1228.017802919992,2120.570801227305,957.1279158965975,-2344.579496512402,-1807.7095354407966,4394.65393053556,1211.2716780993783,508.4639035622851,1391.529501934259,792.2567123470149,-2192.8623380121862,1483.8552075022312,-1074.9935760334513,1257.8096733484665,1104.801564485599
-835.5516088781031,-2397.780725839027,280.55263836195894,166.05213273584084,824.920333588627,1865.18318017641,-1083.9025296886164,-1589.6606651421116,-1369.0428130954172,1235.264787397569,-2459.685188267231,-2227.7507371393112,323.1168874202288,-2145.0266997290873,-265.07744416433945,573.0870320375366,-423.2408571989054,929.3514304453162,-2161.526550700235,217.40760367248814,1082.2427587448785,1707.6602587906157,-1001.1824629890389,-241.50465106755146,95.66185082156049,-2291.4243793927526,1066.3079222876238,-1146.5530596863464,-1170.4893634272917,-400.05319825621814,1218.606536306063,1578.2110616335294,-1120.9405760301534,-301.15374028310396,-89.88988732615974,-313.768693508385,281.501470441943,219.0673673252364,1506.8593720990236,1733.5878719191,-106.72790097507756,571.4341067779311,-986.7893975116807,-445.3190801318869,1091.0549023861088,841.1820361744891,-2044.973237599597,-563.5476629913026,-236.62049161894765,-647.4616115710338,-368.6581635716357,1020.343994615689,-690.5603112103307,500.0313002235768,-585.3459753516092,-514.1498718785041
899.4170711471909,2579.3778850164936,-301.34164971422956,-177.84368459912267,-887.1901526126244,-2007.8579513094455,1165.0438996137143,1709.8563034713736,1473.7286675421408,-1328.399966275478,2646.3502224191084,2395.6177347980733,-346.4265173463063,2307.0644561011004,284.62522667573154,-616.448220537577,454.39330078482607,-999.5171813262757,2325.3988487327533,-233.37916957951705,-1164.2981983879047,-1836.5999548162472,1076.6605824640346,259.8818761223477,-102.91343015066148,2463.9070972931645,-1146.5530596863464,1234.1866189283758,1258.4044292174358,430.8212315921091,-1309.6845442263564,-1697.084958079772,1205.4041457563821,323.20032332911427,97.2753249419401,338.2813426311861,-302.32859355425546,-235.92926239594934,-1621.98606142922,-1865.641936865941,114.89890875083047,-615.2007023079302,1060.6906590544284,479.26915674601986,-1173.8063590848208,-904.7093263239765,2200.1055346527673,605.9066015992262,254.8645759066747,697.1059116689975,397.3129670775253,-1097.271917469292,743.5081559838887,-537.7925926209363,629.940731266405,553.8300264940398
916.9428145640935,2631.950017671166,-308.0341267283168,-182.40195634419572,-905.4580187483663,-2047.1303170448589,1189.9460903748227,1744.9771826748618,1502.5821923001447,-1355.8970558581527,2699.8353244313125,2445.457998773553,-354.95030397922756,2354.6971407775554,291.11011596668015,-629.1431097405002,464.8074450448158,-1020.1072533660519,2372.754483905227,-238.75157525638465,-1187.8354553836587,-1874.4851801042662,1099.1207557695664,265.2478934273904,-105.01791583114823,2515.4016433418374,-1170.4893634272917,1258.4044292174358,1284.9192398608961,439.07169454311037,-1337.8539310504855,-1732.4040332701277,1230.4756073581916,330.6608603540964,98.49708469024877,344.19052604929,-309.1021150476235,-240.48670814466038,-1653.7013849956447,-1902.640270083377,117.13594938581585,-627.1783014358595,1083.264399166706,488.84426523435366,-1197.552397327729,-923.3670438732609,2244.665987436824,618.729136888689,259.6694223929575,710.6740723883773,404.56545575572676,-1120.112905409413,757.8402109031091,-549.0810121819547,642.43187173789,564.2116722917556
313.9234881606718,900.1693288711352,-105.10738438376954,-61.96517330559508,-309.5721962224206,-700.906771935458,406.4733576033611,596.7038360160029,514.441978844021,-463.51643411137053,923.5900228638835,835.9303088734804,-120.7764876944087,805.1196112795369,99.28124336499104,-215.15333604349658,158.48828341952216,-348.77673486736586,811.6073154124001,-81.39246795371933,-406.30906567211076,-640.8955028061973,375.72985202386576,90.76247813452225,-35.92107552179949,859.7414557056195,-400.05319825621814,430.8212315921091,439.07169454311037,150.42017063450467,-456.9184098067377,-592.1620776419834,420.612101919687,112.68498071016445,33.99751522428688,118.12069186264358,-105.45426596622195,-82.39379606039707,-566.1315735458799,-651.1418243740289,40.109377153167344,-214.76591456033964,370.04896415248396,167.31086355755417,-409.64688522775594,-315.7101199463535,767.8479552371907,211.44190836261615,88.9840929443696,243.38571721090037,138.75983702044468,-382.9094491661681,259.5406811036093,-187.73301915446513,219.86333965913173,193.36577192369228
-954.166100843108,-2739.812874611829,320.8403148175242,190.17946427869805,942.5748178919536,2130.518259107732,-1239.1108600858722,-1816.607887875286,-1563.7840341288397,1411.5367874301812,-2810.333519537943,-2546.0050295013125,370.03928762037947,-2451.493027318914,-303.3090680781318,655.0378594190078,-484.2973285334664,1061.9477847038936,-2470.11824530345,248.75937795178754,1236.3808634972484,1951.4409697259334,-1144.420003402947,-276.28759758287936,109.33657716516485,-2618.914186626645,1218.606536306063,-1309.6845442263564,-1337.8539310504855,-456.9184098067377,1393.186638441765,1803.5976800436047,-1281.0574284828604,-344.4667260284076,-102.22464655042025,-357.8969165628522,321.98949917123906,250.32146329531702,1720.9116501220692,1980.177770171716,-121.90235638229404,652.7169508713979,-1127.9365475111751,-508.8776252757469,1246.5426822653885,961.2825739249898,-2336.5849240736247,-644.3161628707438,-270.18095699471536,-739.6632823707344,-420.8957920599406,1166.2248415988954,-788.5885605517385,571.8579753442439,-668.6176598143686,-587.0195519021629
-1236.7264976516826,-3548.9844158484334,415.2188334247798,245.72184219869848,1220.947598720756,2760.7843440803413,-1604.2381081901547,-2352.8700759229678,-2026.4072745986484,1828.28536902438,-3640.6359590097513,-3297.2620239304524,478.1867124455852,-3174.8761425314647,-392.3199989794036,848.2476311614265,-626.3990868654378,1375.5201045086983,-3199.347756586773,321.75971167266715,1601.8287115493656,2527.4990657412445,-1481.86071230113,-357.49709522080997,141.59390864165994,-3391.4955126754835,1578.2110616335294,-1697.084958079772,-1732.4040332701277,-592.1620776419834,1803.5976800436047,2335.874350573738,-1659.08592982164,-445.68186211021776,-133.07096204947436,-464.4441046986307,416.6253673462322,324.2781787166019,2230.3578077063603,2565.9303539282178,-157.97526460803724,845.8245651147247,-1460.4936725242765,-659.1532729381462,1614.8842095537211,1245.0322266352712,-3026.8120902978803,-834.1111233523127,-350.24608417545295,-958.3757490956432,-545.7120240858866,1510.2130061519263,-1022.1402822468931,740.1375599046702,-866.388292445646,-761.0450423380385
878.3662713459133,2520.7502536426073,-294.919323107712,-174.52661154213777,-867.1788915598515,-1960.9326050674426,1139.4570334530456,1671.1970342140146,1439.3110691137856,-1298.5467763095953,2585.849270036807,2341.954410512426,-339.67556097919316,2255.0816726862495,278.6777723142539,-602.5247005654775,444.9474926370683,-976.9754248869958,2272.4862248901504,-228.54827984323452,-1137.6985345590842,-1795.208629432763,1052.5723951791633,253.99986756315448,-100.57717387370984,2408.892707011525,-1120.9405760301534,1205.4041457563821,1230.4756073581916,420.612101919687,-1281.0574284828604,-1659.08592982164,1178.3987313853943,316.5380003836174,94.48554289893849,329.84248810239814,-295.92770025038135,-230.35974947500858,-1584.1005214677762,-1822.4599946821659,112.20596714120983,-600.7781543849225,1037.3299624286658,468.2133762423097,-1146.9940438589197,-884.3147073811858,2149.876177068801,592.4871559305533,248.76969729531234,680.7498682905817,387.62079895308506,-1072.691568976104,725.9786980171555,-525.7901025693327,615.3579418749692,540.5418786117849
235.51719714307313,676.6759139642824,-79.38713416484609,-47.224007544503245,-232.88827738467052,-525.7221208586624,306.3290020284289,448.71269888915646,385.8949276983735,-348.78749771127565,693.9704786605007,629.0858658439761,-91.73303187364776,605.5526359439084,75.05788314644745,-161.75936730056583,119.8687330393576,-262.3678224186076,609.9440829712767,-61.58601163062893,-305.36675943348473,-482.0966316395903,282.7154975561552,68.1351449953342,-26.995369026552957,647.1526104067862,-301.15374028310396,323.20032332911427,330.6608603540964,112.68498071016445,-344.4667260284076,-445.68186211021776,316.5380003836174,85.33638976661925,25.09211820207119,88.19105356925847,-79.67295644813211,-61.706114564351815,-424.7680783814985,-488.86887255167636,30.07894478872458,-161.0405296272895,278.86203651065915,125.57844673124201,-307.8461963708147,-237.4730376205922,576.9950576834143,159.19770532396808,66.62641733977105,182.44839001924873,103.70273801102461,-288.11886666469775,194.5770523037351,-141.1871529473626,165.06425861307795,144.75256432154458
71.13306130042072,202.5736490594776,-23.44152268871127,-13.599205299170183,-69.69991960145998,-158.28834895960972,90.9966975970329,134.1209186187852,116.19532732936766,-104.28341086366314,208.01223658358936,187.7447144269013,-26.499697245115104,180.76066757565556,21.99388984364987,-48.23073910301605,35.10276885808588,-78.48100814438693,182.3835857961225,-18.040535181783646,-91.65244289368214,-144.08166457119816,84.18582305643962,20.103147613480573,-8.05573073333097,192.9776244192546,-89.88988732615974,97.2753249419401,98.49708469024877,33.99751522428688,-102.22464655042025,-133.07096204947436,94.48554289893849,25.09211820207119,8.058791576413544,27.10814824640479,-23.461332269888036,-18.512833084673986,-128.15504805791113,-147.12289346948094,9.065261010358475,-48.50353564115253,82.9859782583287,37.59779229613992,-92.31369811058089,-70.95976129859768,172.86205690461026,47.252337013874666,20.17733377598393,54.863828760992725,31.49051830234463,-85.88645773643128,58.79857298424754,-41.78624544245343,49.666650090529274,43.89308936645082
246.8263579577276,706.2208315886945,-82.26373645527268,-48.29886999786718,-242.9546135730184,-550.3721414457095,318.4370574680674,467.9620320295781,403.98390366531754,-363.6892512989549,724.7491310024586,655.4835170303602,-94.06439490638377,631.1656683650853,77.52469722255078,-168.5565732000445,123.75807090763861,-273.65969650783467,636.365521112625,-63.57975397431378,-319.0371786263744,-502.68809450512435,294.3511783999505,70.76506982972506,-28.143467775873752,674.0355316824937,-313.768693508385,338.2813426311861,344.19052604929,118.12069186264358,-357.8969165628522,-464.4441046986307,329.84248810239814,88.19105356925847,27.10814824640479,93.23196715382437,-82.46486346954741,-64.55404572470107,-444.9695041547188,-511.49221853492935,31.503293756695978,-168.63325759466667,290.0863020426098,131.15088213985993,-321.53165645057,-247.60465016189178,602.450265169106,165.5058415489179,69.95503875557536,190.95874923499974,109.07976541589817,-300.09658007354295,204.0219616515411,-146.69379537363457,172.6943071066438,152.0702828332694
-220.19148980356977,-632.748546582282,74.18292854755182,44.06392388699051,217.68725604081732,491.7951567695244,-286.35606432985355,-419.59432433905033,-360.9715092585917,326.0216130114659,-648.9657082357324,-588.1438307394571,85.71639988795762,-566.3035073826765,-70.175679334943,151.33199050611805,-112.05595977002365,245.268099885777,-570.5242838580414,57.55582486681504,285.47226661683186,450.74105843715637,-264.4210688835906,-63.89001834271115,25.258026735515912,-605.0289410626115,281.501470441943,-302.32859355425546,-309.1021150476235,-105.45426596622195,321.98949917123906,416.6253673462322,-295.92770025038135,-79.67295644813211,-23.461332269888036,-82.46486346954741,74.46631760187678,57.80191479879143,397.16992522505626,457.105889143213,-28.136776653904988,150.66492596213075,-260.6229108272494,-117.52402972852647,287.84187997495553,222.03927894755068,-539.5909571922709,-148.91222497478833,-62.33559285465451,-170.75936053647172,-97.08671864714648,269.4337015661526,-181.97436067574156,132.20081656142344,-154.3467142270234,-135.4207725075369
