V1,V2,V3,V4,V5,V6,V7,V8,V9,V10,V11,V12,V13,V14,V15,V16,V17,V18,V19,V20,V21,V22,V23,V24,V25,V26,V27,V28,V29,V30,V31,V32,V33,V34,V35,V36,V37,V38,V39,V40,V41,V42,V43,V44,V45,V46,V47,V48,V49,V50,V51,V52,V53,V54,V55,V56
1479.6682956834247,4243.06774358021,-496.16529183753823,-293.3925692977132,-1460.0543154611341,-3301.1880441094777,1917.3181969712086,2812.677875221348,2423.157354890592,-2186.1800291547843,4352.833485259344,3941.705946691837,-570.5627789222563,3794.773910909193,468.3929605592714,-1013.54601218053,747.8959846959511,-1644.7290117360824,3823.996929147457,-384.244961276917,-1915.7486219102243,-3021.707678058764,1770.7675213464938,426.22991501852414,-169.1840285237733,4054.1496510877455,-1886.9121739272625,2029.2847156860842,2070.8922203629013,707.9999379448003,-2155.5113985297667,-2792.7213299843606,1983.4172868960086,532.7048534774456,159.90327204862268,556.31377488564965,-497.68256622614246,-387.32646433219486,-2668.1069024131425,-3068.99965107381,188.9153175057745,-1011.340165416597,1745.9796708258173,787.6571072317159,-1931.0225350105668,-1488.4096907680228,3618.7403592673118,996.4391495358544,418.937501844789,1145.5092551575553,652.5975716484081,-1804.9553671914732,1222.723508290228,-883.4276964664188,1036.2072038753952,910.4256877490621
4243.06774358021,12175.008409922404,-1423.91922891976,-842.0646639599041,-4188.154420904407,-9472.737582140197,5502.417630301555,8071.523662212959,6952.8787268620545,-6271.381629421116,12489.858615373249,11310.478454384564,-1639.3130449802488,10891.407947868614,1345.4074337165548,-2910.113959970952,2148.060108766273,-4718.451265473668,10976.139787081456,-1103.3184556300405,-5495.07041167995,-8670.261028630026,5083.467127223707,1226.9343883343754,-485.7899258015485,11633.55560921122,-5413.460555541235,5822.902171167713,5942.265454621539,2032.0563656469792,-6186.037383901573,-8012.497178389166,5691.076771375479,1527.986058500639,456.99126532296975,1593.9339987929711,-1428.7562684328586,-1112.9389895023269,-7652.167736574647,-8803.154662635801,542.0442457753422,-2902.262495192782,5009.267268281823,2261.6990631570256,-5540.010261359889,-4270.9624894760955,10384.01086123187,2861.320387834507,1201.8998415575536,3288.6683249776083,1873.0091406543859,-5180.630181031267,3507.133634103943,-2539.4433758876576,2972.415087596746,2611.600142777073
-496.16529183753823,-1423.91922891976,166.58620963903732,98.5722838501504,489.8388557764582,1107.720116222535,-643.64243571184,-944.0259001315615,-813.055898122141,733.503421638934,-1460.6991276328695,-1322.9055991478356,191.86643461225304,-1273.8578240888887,-157.41781286964343,340.3646415758274,-251.33683921940903,551.8628984546583,-1283.7064057705825,129.09736483383796,642.6514794020231,1014.0669721216673,-594.5850114996332,-143.50596751637676,56.81616566085082,-1360.7163418837429,633.180575121111,-680.9240120965685,-695.0559436234206,-237.6076553585718,723.6252278268081,937.1643339024048,-665.6436108613411,-178.78715283499272,-53.37265649755111,-186.32093044392172,167.15825146365486,130.14067208368013,894.8217862192898,1029.4655364939726,-63.38442520005348,339.3787660991834,-585.9456156159971,-264.4985796922954,647.9100360788532,499.5282645056268,-1214.4280969832037,-334.69097808626276,-140.52994927501945,-384.5646134869118,-218.97633114800325,605.9438931591275,-410.0945033458834,297.03472171247125,-347.6024998747279,-305.35057963174347
-293.3925692977132,-842.0646639599041,98.5722838501504,58.39576551270937,289.73141006670187,654.8732638475595,-380.7430249884013,-558.2791515267762,-480.6830523618119,433.86291640925697,-863.7656085307809,-782.4407055816738,113.57914968213314,-753.3238914225153,-93.13576376116738,201.24958977475194,-148.71459365711763,326.4043923948853,-759.0501688894202,76.3961854030638,380.0730087212911,599.7472048542961,-351.61776153070144,-84.77340534037408,33.591708531215666,-804.8202806610796,374.5315064402058,-402.56765142540394,-411.13465316430967,-140.43927165808853,428.07571459882257,554.3195881157001,-393.7037370219321,-105.84487441470007,-31.52155781291078,-110.13037618730068,98.90530191817746,76.89277242530282,529.1094488801201,608.7535284200103,-37.47223557790567,200.6251814994604,-346.6380227562443,-156.35347609089004,383.1560915159313,295.4283697398662,-718.1337782445001,-197.92660700471004,-83.06511539757201,-227.30133278589824,-129.3866439111624,358.3543862183723,-242.45676010550164,175.57972252998027,-205.54379200855388,-180.48989466358265
-1460.0543154611341,-4188.154420904407,489.8388557764582,289.73141006670187,1440.9978683705394,3258.3233698374447,-1892.7604772432362,-2776.4270042432786,-2391.6474401788682,2157.710273328566,-4296.432399538408,-3890.8360065386337,563.6448237526303,-3746.1116684786957,-462.60495153971834,1000.7019321036228,-738.634840061577,1623.340969724723,-3775.004154981753,379.449806861428,1890.6611643171182,2982.6263326905478,-1748.2498452046286,-421.26586485348383,167.04188618883535,-4001.914689364749,1862.4426626140742,-2002.9279146483002,-2044.2003129300745,-698.8498867829471,2127.9286158160266,2756.5361992682333,-1957.7895117243656,-525.8341966909635,-157.49171053450098,-548.6748763505022,491.41067088639124,382.5002335401486,2632.912778391926,3028.7466934883364,-186.45458767904734,998.2337366028976,-1723.4058700720645,-777.6643083351363,1905.8938281822432,1469.1909600624258,-3571.935890155883,-983.8964265211933,-413.44393442670366,-1130.8551225474662,-644.1177811519597,1781.860748689509,-1206.6193561030052,872.6639818902077,-1022.636487662457,-898.4328367760581
-3301.1880441094777,-9472.737582140197,1107.720116222535,654.8732638475595,3258.3233698374447,7370.867906100255,-4280.8747420181535,-6280.065262176714,-5410.06765379735,4879.044963165083,-9717.846647417433,-8799.768989793505,1275.277535073749,-8474.232324290568,-1046.7645553338452,2264.4406876878375,-1671.201091375196,3670.9672856794164,-8540.515718791268,858.3361148288203,4275.200713097953,6745.691065016778,-3955.3679974094457,-955.1768498040665,378.01554336853513,-9051.112153267244,4211.609992974521,-4530.835809782572,-4623.07575934381,-1581.3005874282362,4812.67521095445,6233.715965710078,-4427.736891232993,-1188.4600183825382,-355.5504628176625,-1240.147192125269,1111.5349237179596,866.239330029544,5953.668561191587,6849.181713074543,-421.7687223847598,2258.343879833498,-3897.0232516629258,-1760.0176341110414,4310.327898004217,3322.9574504243496,-8079.41990875838,-2226.4018378551027,-935.2416688383743,-2559.2269261489105,-1457.6523314590668,4030.838822642179,-2728.8027294066383,1976.3763852187878,-2312.6718502800127,-2032.1497974295746
1917.3181969712086,5502.417630301555,-643.64243571184,-380.7430249884013,-1892.7604772432362,-4280.8747420181535,2487.0417406127044,3647.975276730532,3142.094778294027,-2834.2840358252256,5644.625735011515,5111.88929688137,-741.2689720775447,4922.580884793688,608.2566924157713,-1315.3467526334073,971.1336983420971,-2132.4551723022605,4960.815466181657,-498.79435699101776,-2483.305673389937,-3918.536929253381,2297.684704327758,554.7625222798966,-219.5718714746621,5257.975223190605,-2446.6274216745887,2631.4647727428946,2685.726020426631,918.3147875783794,-2796.064948787885,-3621.268893846461,2572.127168118688,690.6827265195542,206.28563195785404,720.0480096793026,-645.8694937359086,-503.03848988953837,-3457.882567546028,-3978.161500262969,244.9533207432426,-1311.5812851949026,2264.035337506117,1022.2270002810612,-2503.688290142524,-1930.2813326052587,4692.965713291436,1293.3733973433582,543.1102355230214,1486.2901587508093,846.3742026142116,-2341.531461157946,1584.7985500374746,-1148.0275346847789,1343.2486360695732,1180.0887237511045
2812.677875221348,8071.523662212959,-944.0259001315615,-558.2791515267762,-2776.4270042432786,-6280.065262176714,3647.975276730532,5351.1802959472,4609.4550764697815,-4157.486089682475,8280.242878542702,7498.400332624649,-1087.038566007902,7220.854868932007,892.1071257599335,-1929.491183795229,1424.3058385295549,-3128.035561760485,7277.124771910396,-731.541369323878,-3642.784937117279,-5748.001904714869,3370.400468252991,813.8419201872282,-322.0957850252737,7712.63576426454,-3588.808835344514,3860.3501617484458,3939.48467024188,1347.2263735411193,-4101.204270348407,-5311.8532371407955,3772.9351257691683,1012.9319996501443,302.7604984737299,1056.448616003537,-947.2865516863385,-738.003834725435,-5072.657660068118,-5835.789336727749,359.3495003510133,-1924.1150732536928,3320.8683364642566,1499.5903017185287,-3672.701985918706,-2831.4861065394743,6884.215107307645,1897.1764479698,796.7869827275388,2180.44404181391,1241.775437018923,-3434.71145342612,2324.9331758039416,-1684.0515224479939,1970.490350877215,1731.2949484153423
2423.157354890592,6952.8787268620545,-813.055898122141,-480.6830523618119,-2391.6474401788682,-5410.06765379735,3142.094778294027,4609.4550764697815,3970.9002077533487,-3581.261313327024,7132.779745958937,6458.944236528275,-935.9611509225483,6219.855337457164,768.2547580095003,-1661.9754848457383,1226.561142986306,-2694.502686756415,6268.441337464693,-629.9831892738671,-3138.048656616945,-4951.280959775424,2903.0744490663496,700.8773714698466,-277.44101672248615,6643.410657238166,-3091.332544591735,3325.550223452776,3393.3030053991574,1160.6131145458012,-3532.430520901876,-4575.543532329244,3249.92700189009,872.3691783719978,261.0491851772723,910.3548496751617,-815.8312307566863,-635.7184783463231,-4370.086639646192,-5027.35486924588,309.57189695541126,-1657.5648578059076,2860.4291934695034,1291.7399324836103,-3163.7713513249346,-2439.0103049724053,5930.168256628436,1634.0486828933385,686.4566076446274,1878.3298840886362,1069.8523825735847,-2958.5190287056203,2002.9599099530067,-1450.3985519254438,1697.5119540595836,1491.5915116850429
-2186.1800291547843,-6271.381629421116,733.503421638934,433.86291640925697,2157.710273328566,4879.044963165083,-2834.2840358252256,-4157.486089682475,-3581.261313327024,3230.9110934324212,-6433.509752031361,-5826.190737685614,844.1092539437332,-5609.582326191581,-692.7736723814784,1498.5395088377638,-1106.1345560353964,2430.7693446328103,-5652.877787164399,568.2291347640813,2831.0099723621806,4466.2082731167475,-2617.9527584070324,-630.9724925484505,250.14420396706748,-5992.541327379091,2788.8091719434105,-2999.199350544385,-3061.0147995117018,-1046.4822511602747,3186.435957249635,4127.63110049597,-2931.611554537495,-787.3730791965106,-235.74631709981088,-821.4842341122093,735.8778823999578,572.8224397287403,3942.3831905524808,4535.139347289171,-279.19686374353375,1494.7739718422106,-2580.6256365808676,-1164.5476275920284,2853.8664011155065,2199.9878615936304,-5348.666423981735,-1473.3898926638492,-619.0834416361095,-1693.421605293076,-964.5201035542028,2668.2424275573985,-1806.7403001724467,1306.9288702215056,-1531.26621294269,-1345.2821756158926
4352.833485259344,12489.858615373249,-1460.6991276328695,-863.7656085307809,-4296.432399538408,-9717.846647417433,5644.625735011515,8280.242878542702,7132.779745958937,-6433.509752031361,12812.887286014648,11602.889673778813,-1681.6078430864513,11173.042148134551,1380.158422680576,-2985.3794401237183,2203.5359826184485,-4840.444391561827,11260.028402101125,-1131.8078594629753,-5637.170208011396,-8894.437679530352,5214.91071216941,1258.699200794645,-498.35557087240903,11934.304575469447,-5553.3988677992065,5973.563222865949,6095.86354916963,2084.6556677531644,-6345.899263896695,-8219.63322257751,5838.207179535173,1567.4221270652547,468.8528707792006,1635.2104824547828,-1465.6613453909088,-1141.7572747786728,-7850.1280849706445,-9030.860801843604,556.070150245875,-2977.3660820862997,5138.722990753642,2320.2204358185036,-5683.282826162987,-4381.394539155571,10652.573245817273,2935.2987624023885,1233.011642587229,3373.786177849063,1921.5207529486736,-5314.579751913693,3597.8833653634283,-2605.1354222425175,3049.3024732282847,2679.2040911554145
3941.705946691837,11310.478454384564,-1322.9055991478356,-782.4407055816738,-3890.8360065386337,-8799.768989793505,5111.88929688137,7498.400332624649,6458.944236528275,-5826.190737685614,11602.889673778813,10507.52292669626,-1523.1163060267895,10118.053704695654,1249.956678627124,-2703.4368243195504,1995.6821951109705,-4383.470980421239,10196.618019242624,-1025.065379178325,-5104.898724152749,-8054.689686848171,4722.5174435548815,1139.700691167039,-451.2853558887741,10807.694743516748,-5029.191763553144,5409.246058009483,5520.475108593575,1887.6459411411315,-5747.021709073548,-7443.707687627126,5287.060367331433,1419.6683962824106,424.45522101821433,1480.639020180146,-1327.3953856046498,-1033.814290029542,-7108.660405955296,-8177.9560718653265,503.53553289760436,-2696.0602890188075,4653.766666982815,2101.0117072452517,-5146.615079322341,-3967.724437377215,9646.589982551439,2658.1634738984726,1116.4871515742757,3054.96808972949,1739.8353313508069,-4812.803255144802,3257.9840103471693,-2359.0390748425552,2761.3097331883714,2426.007065091842
-570.5627789222563,-1639.3130449802488,191.86643461225304,113.57914968213314,563.6448237526303,1275.277535073749,-741.2689720775447,-1087.038566007902,-935.9611509225483,844.1092539437332,-1681.6078430864513,-1523.1163060267895,221.45898823154084,-1467.210961379915,-181.58876690194936,392.28464449527587,-289.8884370289935,635.1432888744248,-1478.7178327595607,148.83470341049127,739.4046304592207,1167.4425796106862,-685.1162603939702,-166.11749150688465,65.48805340696781,-1566.7596259941429,728.8009132759013,-783.8999230824503,-800.2571748462973,-273.6444770361956,833.4018288472615,1078.7574156089042,-766.3334551453564,-205.75050818823271,-60.985470648929756,-213.91504410785865,192.63928552510728,150.16991793059924,1029.2675688846127,1184.4490624956686,-72.96084429956686,390.76393751588415,-674.4860958419375,-304.8677670108671,745.7153026977079,575.1339112881689,-1398.2191683100962,-385.837728895316,-161.72279832817617,-443.107942341062,-252.16099674880059,697.9763712391023,-471.7794476355618,343.02867850363447,-399.9667201377079,-351.317787655531
3794.773910909193,10891.407947868614,-1273.8578240888887,-753.3238914225153,-3746.1116684786957,-8474.232324290568,4922.580884793688,7220.854868932007,6219.855337457164,-5609.582326191581,11173.042148134551,10118.053704695654,-1467.210961379915,9744.115397236565,1204.0513865946307,-2603.9813048922747,1922.3006746743304,-4220.643304091854,9820.264941712767,-987.2545619094823,-4915.017957392131,-7756.073718106604,4548.4012731000175,1099.0182968906106,-434.69652628166307,10407.217402728973,-4842.397472802435,5209.073370142754,5315.767701007231,1818.0356182657317,-5534.16934261034,-7167.383109213104,5091.0073475293875,1366.6524791083546,408.1681138446093,1425.0643923613586,-1278.3603296337587,-996.1836007998036,-6844.112866753089,-7873.985644264933,484.89151829674404,-2596.426121965723,4480.874223173293,2023.8489433357145,-4955.629076304793,-3820.7201213969156,9289.407588927135,2560.425390919432,1075.1292790987616,2942.620651309718,1675.7417724770357,-4634.977844456353,3136.922647984324,-2273.3720257337595,2658.731783505697,2336.0178836049718
468.3929605592714,1345.4074337165548,-157.41781286964343,-93.13576376116738,-462.60495153971834,-1046.7645553338452,608.2566924157713,892.1071257599335,768.2547580095003,-692.7736723814784,1380.158422680576,1249.956678627124,-181.58876690194936,1204.0513865946307,148.94617565898196,-321.90224203180185,237.77697724397308,-521.2734468313787,1213.5287428708739,-122.08388265949507,-606.8984322286688,-958.1041846038637,562.189034244899,136.24343560474335,-53.7390936880148,1285.7445893135307,-598.1092661743763,643.43165240224,656.7106085908657,224.61528689267777,-683.8422717870217,-885.3121988492146,628.9024718753698,168.80364886231393,50.153528298496376,175.69452009136506,-158.03654710435472,-123.23294295078621,-844.9238379812183,-972.243093387111,59.88905155256318,-320.7437088448523,553.4965732809718,250.1897816407399,-612.0520173790542,-471.99983055805086,1147.5514048652674,316.5769794934097,132.76406640310606,363.6783130580315,207.01067903293503,-572.767229948959,387.2919984594912,-281.40221145673377,328.30560051849403,288.4217494604488
-1013.54601218053,-2910.113959970952,340.3646415758274,201.24958977475194,1000.7019321036228,2264.4406876878375,-1315.3467526334073,-1929.491183795229,-1661.9754848457383,1498.5395088377638,-2985.3794401237183,-2703.4368243195504,392.28464449527587,-2603.9813048922747,-321.90224203180185,696.0715104006246,-513.8892132053447,1127.5578542491191,-2624.5247399170025,263.87299502627457,1312.9444657681245,2072.3071994262655,-1215.679483489914,-294.3077733325628,116.20432818243346,-2780.753317215728,1293.676349531382,-1391.9162105068124,-1420.287164935669,-485.89608181585174,1478.7612794121596,1914.8718103667454,-1360.2273873527279,-365.00319198887763,-108.80583721124376,-380.4437932923869,341.6449534782414,266.4543542081676,1828.181588599178,2103.446936072812,-129.56300143337327,693.8463604136716,-1197.0843920815344,-541.04514182289,1323.9826504782234,1020.8789198043758,-2482.164958114575,-684.4579177181887,-287.26343661046855,-786.5937353672699,-447.8863729751211,1238.6569060588176,-838.000290073645,608.1752594001991,-710.2752326810007,-624.1063744822662
747.8959846959511,2148.060108766273,-251.33683921940903,-148.71459365711763,-738.634840061577,-1671.201091375196,971.1336983420971,1424.3058385295549,1226.561142986306,-1106.1345560353964,2203.5359826184485,1995.6821951109705,-289.8884370289935,1922.3006746743304,237.77697724397308,-513.8892132053447,379.59349983602766,-832.2924836343029,1937.3890834837568,-194.90748932012883,-969.0236292323095,-1529.7133670893934,897.5182218750385,217.40207942778574,-85.78873918834363,2052.8131294394116,-954.9728518241665,1027.2697277009293,1048.5136911303923,358.5886921391809,-1091.8153793844422,-1413.5237376143593,1004.1130105660108,269.54758770790113,80.11471199593065,280.5629012690721,-252.31080420920767,-196.6971678652743,-1349.079169660778,-1552.34163345647,95.6164402761185,-512.0716020308719,883.7476016018651,399.39446912265225,-977.2168241924916,-753.5895604405758,1832.145165046676,505.38571156740517,211.96645187596366,580.5734840311334,330.4764168180711,-914.4359564948843,618.368451016164,-449.146796179294,524.1877938189515,460.49346382494457
-1644.7290117360824,-4718.451265473668,551.8628984546583,326.4043923948853,1623.340969724723,3670.9672856794164,-2132.4551723022605,-3128.035561760485,-2694.502686756415,2430.7693446328103,-4840.444391561827,-4383.470980421239,635.1432888744248,-4220.643304091854,-521.2734468313787,1127.5578542491191,-832.2924836343029,1828.8034195567172,-4253.286991066873,427.53917036586967,2129.8984180410575,3360.2513220231895,-1969.7955462203784,-474.92605622172925,188.219788564719,-4508.641614350118,2098.176283854723,-2256.5726095311315,-2303.0120012564958,-787.3973642442879,2397.4022426369434,3105.4665615870686,-2205.6559280945753,-592.3415430334476,-177.30607536221035,-617.9849664149114,553.6716274885254,431.0672241983704,2966.028042454152,3412.0269498932003,-210.06424964177043,1124.6735639768756,-1941.5389133708984,-876.2690235956032,2147.1510303357327,1655.2218165841857,-4024.2533494760187,-1108.6377711246769,-465.78974082062996,-1274.2069008621509,-725.738839232484,2007.586422220001,-1359.3153908382146,983.5232206886192,-1152.0606044113524,-1012.1564331713062
3823.996929147457,10976.139787081456,-1283.7064057705825,-759.0501688894202,-3775.004154981753,-8540.515718791268,4960.815466181657,7277.124771910396,6268.441337464693,-5652.877787164399,11260.028402101125,10196.618019242624,-1478.7178327595607,9820.264941712767,1213.5287428708739,-2624.5247399170025,1937.3890834837568,-4253.286991066873,9897.270968719726,-994.9518355644888,-4952.964909053257,-7816.300002011263,4584.100179515432,1108.2069770388703,-438.1328909817111,10488.055777037334,-4879.830316786333,5249.783964109827,5356.978032179527,1832.3634308422888,-5577.129316629688,-7222.860812121885,5130.503267847918,1377.0350509689433,411.17621214427373,1435.939041342679,-1288.3133046015728,-1004.2366552241492,-6896.991129617985,-7934.930123967892,488.6782208146511,-2616.7828263037463,4515.457145633154,2039.8958260238833,-4994.074340424268,-3850.4275201393793,9361.800411004026,2580.616703139572,1083.5316170442045,2965.921464336712,1689.0068317678663,-4671.201882425383,3161.253617214954,-2291.7551376651595,2679.3349439830367,2354.2281708065007
-384.244961276917,-1103.3184556300405,129.09736483383796,76.3961854030638,379.449806861428,858.3361148288203,-498.79435699101776,-731.541369323878,-629.9831892738671,568.2291347640813,-1131.8078594629753,-1025.065379178325,148.83470341049127,-987.2545619094823,-122.08388265949507,263.87299502627457,-194.90748932012883,427.53917036586967,-994.9518355644888,100.09100331794562,497.805609418614,785.7322270874593,-460.9008418316993,-111.49562438740392,44.04949804483821,-1054.3966185474374,490.5555984384448,-527.6168964548237,-538.5687209239381,-184.14895963464917,560.7809290487528,726.0903299931483,-515.7634791581937,-138.49205056910134,-41.21342262044869,-144.18804200810487,129.57782820529246,100.95736134229523,693.0652585869675,797.4455114941552,-49.11092149921751,262.9908781494426,-453.97166740850906,-205.06845489682928,501.9656420256854,387.06858435032643,-941.0282627637317,-259.49992364330046,-108.8733835365193,-298.1119838758364,-169.7060761021008,469.63038536905174,-317.65610989222307,230.5057172393918,-269.2713445210665,-236.53924663104556
-1915.7486219102243,-5495.07041167995,642.6514794020231,380.0730087212911,1890.6611643171182,4275.200713097953,-2483.305673389937,-3642.784937117279,-3138.048656616945,2831.0099723621806,-5637.170208011396,-5104.898724152749,739.4046304592207,-4915.017957392131,-606.8984322286688,1312.9444657681245,-969.0236292323095,2129.8984180410575,-4952.964909053257,497.805609418614,2480.6756016545987,3913.3258206745372,-2293.7317080436246,-552.6798550805067,219.16373512976165,-5250.616538120065,2443.585892870955,-2628.0093433059906,-2682.0310950371863,-916.959580594426,2791.833744598516,3616.6709452755076,-2568.683691176951,-689.8633797786373,-206.70935273194442,-719.9825553050429,644.704783413862,501.86300152927276,3454.6464286538016,3973.971331132655,-244.64563600021822,1309.7704368811126,-2261.1327827324717,-1020.3335727928131,2500.649932388162,1927.6358044274566,-4686.5766090391435,-1290.8673272564474,-542.4892932560855,-1483.7685199093357,-845.1717015557407,2337.8426543482246,-1583.2175508229093,1144.9124266439062,-1341.784134051878,-1178.861912977163
-3021.707678058764,-8670.261028630026,1014.0669721216673,599.7472048542961,2982.6263326905478,6745.691065016778,-3918.536929253381,-5748.001904714869,-4951.280959775424,4466.2082731167475,-8894.437679530352,-8054.689686848171,1167.4425796106862,-7756.073718106604,-958.1041846038637,2072.3071994262655,-1529.7133670893934,3360.2513220231895,-7816.300002011263,785.7322270874593,3913.3258206745372,6174.460661158108,-3620.036306798673,-873.5345047556467,345.93061476736386,-8284.767092835269,3855.2225800327824,-4146.598024995433,-4231.7842027993775,-1447.0175600778716,4405.390966068828,5706.110805919673,-4052.877553216258,-1088.2523390969964,-325.4645478595352,-1135.1280186058339,1017.4910149623341,792.4528403381661,5449.450912062646,6269.104975177687,-386.0001215887647,2066.7302707872536,-3567.4102205983404,-1610.5289124839555,3945.269058309179,3041.520293965906,-7394.7745828165,-2037.5779074886682,-855.887509991797,-2341.8171215610028,-1333.7267624883186,3689.277365391696,-2497.546808202265,1808.21045236088,-2116.7763575096133,-1859.7651712245233
1770.7675213464938,5083.467127223707,-594.5850114996332,-351.61776153070144,-1748.2498452046286,-3955.3679974094457,2297.684704327758,3370.400468252991,2903.0744490663496,-2617.9527584070324,5214.91071216941,4722.5174435548815,-685.1162603939702,4548.4012731000175,562.189034244899,-1215.679483489914,897.5182218750385,-1969.7955462203784,4584.100179515432,-460.9008418316993,-2293.7317080436246,-3620.036306798673,2123.3055162680694,513.5830338786493,-202.9442321783952,4857.5449919241555,-2259.999918553349,2431.3265788342965,2481.077360762384,848.6496616918951,-2583.154536895743,-3345.1491092958317,2376.151066976964,637.7632385697705,190.2334381142108,664.7838204145072,-596.7625482674331,-465.21425520515726,-3193.873235490733,-3674.656845833016,226.31703561083592,-1211.9259086745856,2091.284336265044,944.8753419362685,-2312.8647298794117,-1783.3036312692254,4335.8252610685795,1195.388735184139,501.78524799010836,1373.739165705368,782.2307521295569,-2163.565354747374,1463.9365550384316,-1061.7969679540308,1240.8088903067699,1090.2148885534154
426.22991501852414,1226.9343883343754,-143.50596751637676,-84.77340534037408,-421.26586485348383,-955.1768498040665,554.7625222798966,813.8419201872282,700.8773714698466,-630.9724925484505,1258.699200794645,1139.700691167039,-166.11749150688465,1099.0182968906106,136.24343560474335,-294.3077733325628,217.40207942778574,-474.92605622172925,1108.2069770388703,-111.49562438740392,-552.6798550805067,-873.5345047556467,513.5830338786493,125.88557975505309,-49.14697198854237,1172.4503917141915,-544.9415410526417,587.0634639516003,598.6816634333284,205.2019740686974,-623.6709651766344,-806.7763882762063,573.3391272865742,153.47310954668433,45.16390483866034,159.49270881425858,-144.25866245229713,-113.10426320327511,-769.327927111058,-885.6349625438562,54.63194402207524,-292.7912189473103,504.23736443437974,228.8897446524054,-557.847004431748,-430.4367520331278,1046.7625228751695,289.4840017588229,121.09478038354642,332.56857880589365,189.19934889029227,-522.8442243568837,352.84214400508546,-258.46033421093614,299.12212840625267,262.9420728661074
-169.1840285237733,-485.7899258015485,56.81616566085082,33.591708531215666,167.04188618883535,378.01554336853513,-219.5718714746621,-322.0957850252737,-277.44101672248615,250.14420396706748,-498.35557087240903,-451.2853558887741,65.48805340696781,-434.69652628166307,-53.7390936880148,116.20432818243346,-85.78873918834363,188.219788564719,-438.1328909817111,44.04949804483821,219.16373512976165,345.93061476736386,-202.9442321783952,-49.14697198854237,19.39975295945304,-464.1927302610138,215.94912244138615,-232.35942581322215,-237.08732279694223,-81.11620842491418,246.850247495579,319.6452043171513,-227.06210419554472,-60.92414424845705,-18.158004156656343,-63.501677986433066,57.03183446681781,44.48788163340069,305.170263230629,351.12242715194043,-21.628432371384623,115.82899733894293,-199.82402879231847,-90.32584655671023,221.01136579221568,170.41657817899312,-414.35494342326336,-114.26548906939891,-47.95418726709933,-131.3183139696575,-74.7721875147188,206.77577917014207,-139.8861997667596,101.54318812226315,-118.56496888348904,-104.18356361438553
4054.1496510877455,11633.55560921122,-1360.7163418837429,-804.8202806610796,-4001.914689364749,-9051.112153267244,5257.975223190605,7712.63576426454,6643.410657238166,-5992.541327379091,11934.304575469447,10807.694743516748,-1566.7596259941429,10407.217402728973,1285.7445893135307,-2780.753317215728,2052.8131294394116,-4508.641614350118,10488.055777037334,-1054.3966185474374,-5250.616538120065,-8284.767092835269,4857.5449919241555,1172.4503917141915,-464.1927302610138,11116.467604641715,-5172.818794689563,5563.743301455064,5678.1857198369835,1941.5805916190661,-5911.263873401475,-7656.303264541921,5438.086788466589,1460.211286970859,436.4732321812862,1522.796270518659,-1365.3595201375358,-1063.4158892291337,-7311.506163655286,-8411.385293236526,517.9152436536009,-2773.0765270428396,4786.687670148567,2161.101104246497,-5293.579804402269,-4081.071464993618,9922.155064714194,2734.2083147088847,1148.3612550494356,3142.304969861661,1789.53757565934,-4950.362752849543,3350.9634401139847,-2426.6549547392065,2840.134927175335,2495.247968330032
-1886.9121739272625,-5413.460555541235,633.180575121111,374.5315064402058,1862.4426626140742,4211.609992974521,-2446.6274216745887,-3588.808835344514,-3091.332544591735,2788.8091719434105,-5553.3988677992065,-5029.191763553144,728.8009132759013,-4842.397472802435,-598.1092661743763,1293.676349531382,-954.9728518241665,2098.176283854723,-4879.830316786333,490.5555984384448,2443.585892870955,3855.2225800327824,-2259.999918553349,-544.9415410526417,215.94912244138615,-5172.818794689563,2407.245300579662,-2588.9121398010902,-2642.2803854085046,-903.359524140594,2750.618128520608,3562.9122835613284,-2530.563420884914,-679.6260772841517,-203.35817056424736,-708.9288020062871,635.2657970343669,494.57202792361295,3402.7923366941777,3914.510560591746,-241.00027941565585,1290.3108651233474,-2227.557815964105,-1005.3540410400086,2463.396752965081,1899.0422232908434,-4617.00255690106,-1271.9905839369778,-534.3766900089356,-1461.8867906865325,-832.6022660512937,2303.3416246477527,-1559.4771299006377,1128.4750696443966,-1321.7247899704978,-1161.1872237704895
2029.2847156860842,5822.902171167713,-680.9240120965685,-402.56765142540394,-2002.9279146483002,-4530.835809782572,2631.4647727428946,3860.3501617484458,3325.550223452776,-2999.199350544385,5973.563222865949,5409.246058009483,-783.8999230824503,5209.073370142754,643.43165240224,-1391.9162105068124,1027.2697277009293,-2256.5726095311315,5249.783964109827,-527.6168964548237,-2628.0093433059906,-4146.598024995433,2431.3265788342965,587.0634639516003,-232.35942581322215,5563.743301455064,-2588.9121398010902,2785.0866585384792,2841.827658281492,972.0036478673545,-2958.367005302814,-3831.9083752776355,2721.748549763649,730.5794010408202,218.58053061755268,762.3494958517671,-683.2596717366913,-532.4384607129552,-3659.777218071661,-4210.242475096354,259.25985374389205,-1388.186614436046,2395.5396321181506,1081.8451523460358,-2649.577787878489,-2042.6274257346379,4966.412179976438,1368.5349288759878,574.8896443817891,1573.1065493289955,895.9914822759933,-2477.7383448952755,1677.4090017572871,-1214.78789512508,1421.6132562589785,1249.1612339779747
2070.8922203629013,5942.265454621539,-695.0559436234206,-411.13465316430967,-2044.2003129300745,-4623.07575934381,2685.726020426631,3939.48467024188,3393.3030053991574,-3061.0147995117018,6095.86354916963,5520.475108593575,-800.2571748462973,5315.767701007231,656.7106085908657,-1420.287164935669,1048.5136911303923,-2303.0120012564958,5356.978032179527,-538.5687209239381,-2682.0310950371863,-4231.7842027993775,2481.077360762384,598.6816634333284,-237.08732279694223,5678.1857198369835,-2642.2803854085046,2841.827658281492,2900.387884623602,991.6768771484398,-3019.428038888222,-3910.8245926072386,2777.737007301073,745.9338701251369,222.9920411149478,777.8841042571264,-697.4070984927382,-543.0873922289198,-3734.725035952515,-4296.513569109087,264.5394672502756,-1416.4019527115036,2445.062129081602,1103.7710651080745,-2703.9216982055254,-2084.5626752157423,5068.066775040213,1396.5177052744637,586.5549975650603,1604.9237290978008,914.0010010311811,-2528.5316360835786,1711.6466924648487,-1239.2962188185106,1450.7262221857618,1274.5254905274992
707.9999379448003,2032.0563656469792,-237.6076553585718,-140.43927165808853,-698.8498867829471,-1581.3005874282362,918.3147875783794,1347.2263735411193,1160.6131145458012,-1046.4822511602747,2084.6556677531644,1887.6459411411315,-273.6444770361956,1818.0356182657317,224.61528689267777,-485.89608181585174,358.5886921391809,-787.3973642442879,1832.3634308422888,-184.14895963464917,-916.959580594426,-1447.0175600778716,848.6496616918951,205.2019740686974,-81.11620842491418,1941.5805916190661,-903.359524140594,972.0036478673545,991.6768771484398,339.28889962462915,-1032.3866363889977,-1337.1177731545156,949.7812623209094,254.8469201707861,76.17557762484451,265.90992482684806,-238.45990594069474,-185.95878567749637,-1276.9561819730943,-1469.0909230077798,90.48062593341538,-484.5124436176221,835.8668645741109,377.6895671061218,-924.5807849514205,-712.8256257616825,1733.21880537255,477.7377154849391,200.6335589793481,549.1725582406237,312.77790824692215,-864.7689044617587,585.3194743644589,-424.2991070953373,496.05984314668706,435.9257796375104
-2155.5113985297667,-6186.037383901573,723.6252278268081,428.07571459882257,2127.9286158160266,4812.67521095445,-2796.064948787885,-4101.204270348407,-3532.430520901876,3186.435957249635,-6345.899263896695,-5747.021709073548,833.4018288472615,-5534.16934261034,-683.8422717870217,1478.7612794121596,-1091.8153793844422,2397.4022426369434,-5577.129316629688,560.7809290487528,2791.833744598516,4405.390966068828,-2583.154536895743,-623.6709651766344,246.850247495579,-5911.263873401475,2750.618128520608,-2958.367005302814,-3019.428038888222,-1032.3866363889977,3143.4908527205134,4071.202554129247,-2891.7047146678083,-776.5237271167401,-231.89805689398784,-809.485310570218,726.1287855814169,565.5209215368719,3887.462367645297,4472.387957825145,-275.38297211471695,1474.5124582552398,-2545.352438224983,-1149.2150555533008,2814.744185870479,2170.105691359623,-5276.008153728466,-1454.0677276803112,-610.5744776194223,-1670.9182279493562,-951.4982829671147,2632.451718092282,-1781.6731169285506,1290.6487411737764,-1510.1263368322557,-1326.676934832348
-2792.7213299843606,-8012.497178389166,937.1643339024048,554.3195881157001,2756.5361992682333,6233.715965710078,-3621.268893846461,-5311.8532371407955,-4575.543532329244,4127.63110049597,-8219.63322257751,-7443.707687627126,1078.7574156089042,-7167.383109213104,-885.3121988492146,1914.8718103667454,-1413.5237376143593,3105.4665615870686,-7222.860812121885,726.0903299931483,3616.6709452755076,5706.110805919673,-3345.1491092958317,-806.7763882762063,319.6452043171513,-7656.303264541921,3562.9122835613284,-3831.9083752776355,-3910.8245926072386,-1337.1177731545156,4071.202554129247,5273.41141321061,-3745.4762568710526,-1005.8541962915299,-300.92525454184624,-1049.205477133553,940.2738615576604,732.1115722681601,5036.3543213103385,5793.774404200325,-356.70881545217316,1909.8378518565041,-3296.9504136408164,-1488.1239236948886,3646.051562272135,2810.7828235240972,-6833.6894054792,-1882.7762149426455,-790.9398100074048,-2163.867135432989,-1232.398212231233,3409.2514177189128,-2308.1544516132885,1670.4911029922534,-1956.2614172431227,-1718.6767352980005
1983.4172868960086,5691.076771375479,-665.6436108613411,-393.7037370219321,-1957.7895117243656,-4427.736891232993,2572.127168118688,3772.9351257691683,3249.92700189009,-2931.611554537495,5838.207179535173,5287.060367331433,-766.3334551453564,5091.0073475293875,628.9024718753698,-1360.2273873527279,1004.1130105660108,-2205.6559280945753,5130.503267847918,-515.7634791581937,-2568.683691176951,-4052.877553216258,2376.151066976964,573.3391272865742,-227.06210419554472,5438.086788466589,-2530.563420884914,2721.748549763649,2777.737007301073,949.7812623209094,-2891.7047146678083,-3745.4762568710526,2660.2918526365233,714.3598224987136,213.62145860487414,745.0734407188162,-667.8882245086818,-520.1311931484552,-3576.9541161784764,-4114.97259939102,253.36289427816214,-1356.5556736636736,2341.6595961771645,1057.110227923987,-2589.6392106788394,-1996.4322463419564,4853.843393182422,1337.4419883347175,561.7828323007401,1537.1011284710953,875.4064070864786,-2421.609011979226,1639.3475660256918,-1186.854922796357,1389.4273736753776,1220.7040406812882
532.7048534774456,1527.986058500639,-178.78715283499272,-105.84487441470007,-525.8341966909635,-1188.4600183825382,690.6827265195542,1012.9319996501443,872.3691783719978,-787.3730791965106,1567.4221270652547,1419.6683962824106,-205.75050818823271,1366.6524791083546,168.80364886231393,-365.00319198887763,269.54758770790113,-592.3415430334476,1377.0350509689433,-138.49205056910134,-689.8633797786373,-1088.2523390969964,637.7632385697705,153.47310954668433,-60.92414424845705,1460.211286970859,-679.6260772841517,730.5794010408202,745.9338701251369,254.8469201707861,-776.5237271167401,-1005.8541962915299,714.3598224987136,192.01830924788516,57.441953835962025,200.15279002098916,-179.34208556965845,-139.41707254504345,-960.5752890139257,-1105.0018298625998,68.00960907905585,-364.0791313877398,628.9524179954942,283.59304359799114,-695.357613042477,-536.0401808400895,1303.0958021915956,358.9108006539997,150.78652526758808,412.3672874189448,234.83161218472782,-650.0743811212311,440.161247862139,-318.16410930105604,373.08778575393063,327.6765223302525
159.90327204862268,456.99126532296975,-53.37265649755111,-31.52155781291078,-157.49171053450098,-355.5504628176625,206.28563195785404,302.7604984737299,261.0491851772723,-235.74631709981088,468.8528707792006,424.45522101821433,-60.985470648929756,408.1681138446093,50.153528298496376,-108.80583721124376,80.11471199593065,-177.30607536221035,411.17621214427373,-41.21342262044869,-206.70935273194442,-325.4645478595352,190.2334381142108,45.16390483866034,-18.158004156656343,436.4732321812862,-203.35817056424736,218.58053061755268,222.9920411149478,76.17557762484451,-231.89805689398784,-300.92525454184624,213.62145860487414,57.441953835962025,17.599745664609213,60.40047737539877,-53.44226082363796,-41.43403809537215,-288.1112033529548,-331.14894128538083,20.356219619730886,-108.88427086919236,188.12616619204175,84.5378569378179,-208.14356617448473,-160.27130153968693,389.67782630594184,106.89396382406895,45.17365059207925,123.06925761475881,70.23600481232383,-194.09381250603212,131.97705194756375,-94.27563041542065,111.78050525137832,98.23741893756677
556.31377488564965,1593.9339987929711,-186.32093044392172,-110.13037618730068,-548.6748763505022,-1240.147192125269,720.0480096793026,1056.448616003537,910.3548496751617,-821.4842341122093,1635.2104824547828,1480.639020180146,-213.91504410785865,1425.0643923613586,175.69452009136506,-380.4437932923869,280.5629012690721,-617.9849664149114,1435.939041342679,-144.18804200810487,-719.9825553050429,-1135.1280186058339,664.7838204145072,159.49270881425858,-63.501677986433066,1522.796270518659,-708.9288020062871,762.3494958517671,777.8841042571264,265.90992482684806,-809.485310570218,-1049.205477133553,745.0734407188162,200.15279002098916,60.40047737539877,209.40810112345764,-186.81106925394164,-145.27034259815414,-1002.9444233056622,-1153.4187596419183,70.97716171607831,-379.8941205821997,655.9341267274597,295.6450207348671,-725.5433417364338,-559.0963046675115,1359.3474888356336,373.9523336690569,157.42866700016808,430.07480347405726,245.12707129439136,-677.7768012038405,459.5798811340759,-331.12784291127974,389.4136561467957,342.17780612256564
-497.68256622614246,-1428.7562684328586,167.15825146365486,98.90530191817746,491.41067088639124,1111.5349237179596,-645.8694937359086,-947.2865516863385,-815.8312307566863,735.8778823999578,-1465.6613453909088,-1327.3953856046498,192.63928552510728,-1278.3603296337587,-158.03654710435472,341.6449534782414,-252.31080420920767,553.6716274885254,-1288.3133046015728,129.57782820529246,644.704783413862,1017.4910149623341,-596.7625482674331,-144.25866245229713,57.03183446681781,-1365.3595201375358,635.2657970343669,-683.2596717366913,-697.4070984927382,-238.45990594069474,726.1287855814169,940.2738615576604,-667.8882245086818,-179.34208556965845,-53.44226082363796,-186.81106925394164,167.76408913397782,130.69244730696497,897.6350057036568,1032.776306712138,-63.599712196126696,340.5639771582563,-587.8771598036797,-265.5095537086521,650.056696709527,501.23077801552216,-1218.58827005859,-335.96607124690263,-141.00075227741823,-386.0014795481802,-219.76550058729674,608.0970540028827,-411.4108321587683,298.34745413675887,-348.73034131048104,-306.35132593858816
