V1,V2,V3,V4,V5,V6,V7,V8,V9,V10,V11,V12,V13,V14,V15,V16,V17,V18,V19,V20,V21,V22,V23,V24,V25,V26,V27,V28,V29,V30
6.309884096809555,-3.1284711234534957,3.252347492498584,0.687746151215438,-0.3333762161530686,4.910520257055481,3.69740119149127,1.3642624795235228,2.1125392940677123,4.267402050651488,-4.758104338126006,1.449784266081864,-1.299111287427882,4.148014799832412,2.6812707934594897,2.3365225548461295,3.0327403378847775,1.1016718463373358,-0.64377439279158,1.252691030478694,1.5866581565065467,-0.5801492481965667,-1.906325244990027,0.8399092910541054,-0.5714934252031463,0.5539934469525716,-2.4615273136410094,-0.2691363812804287,-0.25242208698831903,0.578632296975961
-3.1284711234534957,2.6625143511940177,-1.264543813823932,-1.598730849118016,1.433214788043407,0.4700799152067526,-2.563773698895373,-1.066070596203812,-1.6737372366924395,-0.33684421753584437,3.449959956637297,-0.6772198133045357,1.1834234051399826,-2.406733433475488,-2.880151477213485,-0.9211301992285374,-1.5124757981115813,0.10043019961119033,0.25405743156040367,0.6262109750755398,-3.3530033225221136,-0.8875445537415577,1.7205825246172857,0.4880145893199585,-0.367757219199851,0.12015347463442129,0.22416634111024264,0.10721972536343947,-0.849507592527973,0.8524852272793956
3.252347492498584,-1.264543813823932,1.8442604287117434,-0.09283910199231184,0.25839043728275984,3.53356428897506,1.6875146056829298,0.5758846063569454,0.8425029603921746,2.7856031142449433,-2.0602461538682215,0.7555871931644372,-0.46536069298488925,2.024957255543829,0.8641810833101035,1.237796761518006,1.5928368842219078,0.7837663583524114,-0.37004168798184356,1.0889944722589102,-0.0311525991878637,-0.6984924595377484,-0.7233160489375327,0.7501074264913153,-0.49273040481492714,0.41604739089045173,-1.616155512136629,-0.13974127240996095,-0.48748218627502343,0.6353677354825888
0.687746151215438,-1.598730849118016,-0.09283910199231184,1.6062721069682064,-1.5430087309621854,-2.907737088074497,1.2376424499894807,0.653082004078135,1.0131860591732227,-1.6465459619921354,-1.8383058544151138,0.09680322853592435,-0.7816655566001844,0.8532094966800904,2.1025608838540224,0.022996607722697755,0.3081236814324625,-0.6754039742072944,0.021236147871307755,-1.3861353760924144,3.187139050825387,1.320391081403898,-1.0900016995738142,-1.0021385676163514,0.6905738527905632,-0.39564507294579265,0.9536470925076012,0.017406805631096086,1.1639679399712533,-1.2526025017188092
-0.3333762161530686,1.433214788043407,0.25839043728275984,-1.5430087309621854,1.5227116204869782,3.160460748422393,-1.0399001343116216,-0.5725608100046189,-0.8826565806069305,1.874636399871569,1.5598112602015626,-0.01701970160948388,0.7026597463218218,-0.6220335509650414,-1.952736243137774,0.13150438482445334,-0.1536580091446457,0.7245910076837476,-0.054254957466698416,1.4211663342919294,-3.092678730470406,-1.349399273676109,0.9932858760168621,1.0328296134813366,-0.7187591181205378,0.42784986928346175,-1.0741305852933125,-0.034087879444962964,-1.1503980011067556,1.2897932835471144
4.910520257055481,0.4700799152067526,3.53356428897506,-2.907737088074497,3.160460748422393,11.704351188892096,0.94603990745285,-0.0303432066184522,-0.13904881485406737,8.130540449164315,-0.6965311830951922,1.2343210253119454,0.45888561621268725,2.2998289721360776,-2.077851078908574,2.3854092191136633,2.3979518490672995,2.6429548653262356,-0.7118615743501447,4.393599820419756,-5.67084016242072,-3.6447875228316096,0.5957293149609956,3.1137227028797607,-2.1494777710447757,1.4972495486867354,-4.668424001283009,-0.29011168955022476,-2.862420926780866,3.4471950418989032
3.69740119149127,-2.563773698895373,1.6875146056829298,1.2376424499894807,-1.0399001343116216,0.94603990745285,2.666082290254829,1.0774317392382555,1.6671933139182005,1.305955888078353,-3.525029347982171,0.8224323550307099,-1.1114133988335024,2.6641414306694275,2.6069424819942495,1.1985458748136306,1.7859665793725392,0.20534215861079497,-0.3345085877721587,-0.0880307826847214,2.648122157600015,0.4486661044099526,-1.6360320431321003,-0.0999217387116474,0.09009716795468084,0.05979670011837536,-0.7644234595901847,-0.1298383561898742,0.4860688158014928,-0.42460829996067445
1.3642624795235228,-1.066070596203812,0.5758846063569454,0.653082004078135,-0.5725608100046189,-0.0303432066184522,1.0774317392382555,0.5097703693055264,0.7167260359501255,0.2223385676123919,-1.4632005271433544,0.2761598687528612,-0.4702327612507439,1.0191176440713925,1.158293675972135,0.41702081580031286,0.6581420777428065,-0.04016080512904773,-0.1119768167659482,-0.2221606120335341,1.3188482816067886,0.31494230390696704,-0.6766560159216087,-0.17558094345684108,0.11758938387648307,-0.021350633226763217,-0.11297614432254759,-0.01631179006149945,0.325430123663081,-0.31847565469987454
2.1125392940677123,-1.6737372366924395,0.8425029603921746,1.0131860591732227,-0.8826565806069305,-0.13904881485406737,1.6671933139182005,0.7167260359501255,1.1473536005466851,0.3517943081804102,-2.29705094885521,0.46925652995918327,-0.7733918865254975,1.596035152700722,1.8357893340728604,0.6716353050960022,0.9869007948064971,-0.03925142168977413,-0.1564836877071125,-0.34917219278552275,2.0819279808372015,0.5348629017248372,-1.1129299584324424,-0.2658434185870695,0.16419069160534583,-0.055292112858882296,-0.1850156534849819,-0.06765785618392163,0.5143379381686605,-0.4473126531305243
4.267402050651488,-0.33684421753584437,2.7856031142449433,-1.6465459619921354,1.874636399871569,8.130540449164315,1.305955888078353,0.2223385676123919,0.3517943081804102,5.853907786103351,-1.3845724558390833,1.0620640561511039,0.001351783998391877,2.2423400318542375,-0.732179705150373,1.9485436004101808,2.0558367182067747,1.8535348760945392,-0.5550634200087033,2.9448670936458865,-3.1627884583482215,-2.338754961968982,-0.036058530908628025,2.0796854538089575,-1.4449326510010978,1.0235300635678213,-3.362253059790117,-0.2494591587861527,-1.798894486375122,2.262881343273213
-4.758104338126006,3.449959956637297,-2.0602461538682215,-1.8383058544151138,1.5598112602015626,-0.6965311830951922,-3.525029347982171,-1.4632005271433544,-2.29705094885521,-1.3845724558390833,4.755793584147491,-1.0547096652386945,1.5421202214069099,-3.480560953662791,-3.6112922879808176,-1.5525595494247992,-2.263073551098533,-0.1456521857491849,0.3992462539408042,0.35610898169630756,-3.8304147525815955,-0.7828777238277681,2.2309663829648256,0.29980075139521417,-0.20134877691753916,-0.013544505751952608,0.7906900444311977,0.1637481615769225,-0.8233948041720309,0.6917075732916588
1.449784266081864,-0.6772198133045357,0.7555871931644372,0.09680322853592435,-0.01701970160948388,1.2343210253119454,0.8224323550307099,0.2761598687528612,0.46925652995918327,1.0620640561511039,-1.0547096652386945,0.3502737114893224,-0.28550625695534954,0.9441837289262142,0.5622365541658089,0.5469845880113454,0.6899219179394868,0.2879866304547928,-0.14667315238105597,0.350117357716135,0.2655940283668478,-0.1683005459692789,-0.4278928075507959,0.2414166197917959,-0.16847488598574076,0.13715319372837861,-0.6125564049042881,-0.07424146363399199,-0.10782526725795652,0.19578428590058958
-1.299111287427882,1.1834234051399826,-0.46536069298488925,-0.7816655566001844,0.7026597463218218,0.45888561621268725,-1.1114133988335024,-0.4702327612507439,-0.7733918865254975,0.001351783998391877,1.5421202214069099,-0.28550625695534954,0.5539903881455815,-1.0270821578695914,-1.328622895119509,-0.38800438881304883,-0.609465737378699,0.0950558201458173,0.08904397474330489,0.37500299672022613,-1.6033470620658004,-0.476279482377269,0.7855834281957247,0.28295587174457126,-0.19079571250210015,0.08416949523984389,0.0012660289602859226,0.04991276970257942,-0.4483623157815357,0.41761334656220644
4.148014799832412,-2.406733433475488,2.024957255543829,0.8532094966800904,-0.6220335509650414,2.2998289721360776,2.6641414306694275,1.0191176440713925,1.596035152700722,2.2423400318542375,-3.480560953662791,0.9441837289262142,-1.0270821578695914,2.8428502994322336,2.2561581447425527,1.4637586659173814,1.9910128033592325,0.5166639865170509,-0.40005923126541154,0.4280423277821852,1.86273277981182,-0.004635836218465989,-1.5051719114384614,0.26905079764370005,-0.17269857409484646,0.23895164416207015,-1.2979593585838498,-0.16947384792133643,0.14239065792454036,0.025539566593437923
2.6812707934594897,-2.880151477213485,0.8641810833101035,2.1025608838540224,-1.952736243137774,-2.077851078908574,2.6069424819942495,1.158293675972135,1.8357893340728604,-0.732179705150373,-3.6112922879808176,0.5622365541658089,-1.328622895119509,2.2561581447425527,3.354995472931425,0.6735710053886239,1.2804234862016197,-0.4703031325669977,-0.16703406571712634,-1.2586130415285823,4.338245217571416,1.4469797253879615,-1.919506000063863,-0.9342944174460428,0.65799603978814,-0.33148760582914794,0.4063065675211793,-0.0703188424118605,1.2881384384761616,-1.3500312366367937
2.3365225548461295,-0.9211301992285374,1.237796761518006,0.022996607722697755,0.13150438482445334,2.3854092191136633,1.1985458748136306,0.41702081580031286,0.6716353050960022,1.9485436004101808,-1.5525595494247992,0.5469845880113454,-0.38800438881304883,1.4637586659173814,0.6735710053886239,0.953229368866275,1.0952760473080363,0.5384651308612124,-0.24251099938533874,0.6851603152734858,0.05664809083845699,-0.4540227541352495,-0.5412237036131867,0.4774214944245624,-0.3478129457681288,0.28795141031355415,-1.1068269478573494,-0.11333357214173154,-0.25701466484709456,0.47235541460806907
3.0327403378847775,-1.5124757981115813,1.5928368842219078,0.3081236814324625,-0.1536580091446457,2.3979518490672995,1.7859665793725392,0.6581420777428065,0.9869007948064971,2.0558367182067747,-2.263073551098533,0.6899219179394868,-0.609465737378699,1.9910128033592325,1.2804234862016197,1.0952760473080363,1.4836178939737976,0.5374676715348883,-0.3196146570268349,0.6292495351229503,0.7518672089793752,-0.2927830264400875,-0.9089966758186983,0.4153523873093357,-0.26555345626564353,0.26982977539498426,-1.1997963691035418,-0.12493969126706063,-0.14556452230526945,0.2560947656360189
1.1016718463373358,0.10043019961119033,0.7837663583524114,-0.6754039742072944,0.7245910076837476,2.6429548653262356,0.20534215861079497,-0.04016080512904773,-0.03925142168977413,1.8535348760945392,-0.1456521857491849,0.2879866304547928,0.0950558201458173,0.5166639865170509,-0.4703031325669977,0.5384651308612124,0.5374676715348883,0.6217935522453024,-0.15897531575502086,1.0126608367719054,-1.294324593724983,-0.8252167761584878,0.12284311187976656,0.7152180419648254,-0.4922807441539573,0.3357286297469617,-1.075399316835879,-0.08014065894308603,-0.6570686700551835,0.7943784445097299
-0.64377439279158,0.25405743156040367,-0.37004168798184356,0.021236147871307755,-0.054254957466698416,-0.7118615743501447,-0.3345085877721587,-0.1119768167659482,-0.1564836877071125,-0.5550634200087033,0.3992462539408042,-0.14667315238105597,0.08904397474330489,-0.40005923126541154,-0.16703406571712634,-0.24251099938533874,-0.3196146570268349,-0.15897531575502086,0.07883908349610193,-0.21681025917454533,0.0131730829370727,0.14653962904969856,0.13574016481237602,-0.15016566582542473,0.09222250888431228,-0.08497532887792554,0.3245981606371185,0.027677193506142547,0.09646369799536436,-0.12016288220713588
1.252691030478694,0.6262109750755398,1.0889944722589102,-1.3861353760924144,1.4211663342919294,4.393599820419756,-0.0880307826847214,-0.2221606120335341,-0.34917219278552275,2.9448670936458865,0.35610898169630756,0.350117357716135,0.37500299672022613,0.4280423277821852,-1.2586130415285823,0.6851603152734858,0.6292495351229503,1.0126608367719054,-0.21681025917454533,1.7780201639830506,-2.6687210842796123,-1.4868973278820006,0.48875529043694227,1.2609757798347943,-0.8682884217926682,0.5648345559952255,-1.6997482094831269,-0.09635011762818377,-1.2445406194499529,1.423052439777078
1.5866581565065467,-3.3530033225221136,-0.0311525991878637,3.187139050825387,-3.092678730470406,-5.67084016242072,2.648122157600015,1.3188482816067886,2.0819279808372015,-3.1627884583482215,-3.8304147525815955,0.2655940283668478,-1.6033470620658004,1.86273277981182,4.338245217571416,0.05664809083845699,0.7518672089793752,-1.294324593724983,0.0131730829370727,-2.6687210842796123,6.4822971015441375,2.655374317023531,-2.3058951053338457,-1.9386457699655215,1.363725508486838,-0.7942998550510016,1.799816432273203,0.014331605247165225,2.257197103451261,-2.518694428879813
-0.5801492481965667,-0.8875445537415577,-0.6984924595377484,1.320391081403898,-1.349399273676109,-3.6447875228316096,0.4486661044099526,0.31494230390696704,0.5348629017248372,-2.338754961968982,-0.7828777238277681,-0.1683005459692789,-0.476279482377269,-0.004635836218465989,1.4469797253879615,-0.4540227541352495,-0.2927830264400875,-0.8252167761584878,0.14653962904969856,-1.4868973278820006,2.655374317023531,1.3588042569407364,-0.6804711674399303,-1.0637664963073223,0.7331719976702958,-0.48870575489249296,1.3412742273424227,0.05575337574429028,1.0880728750099196,-1.2608221154718162
-1.906325244990027,1.7205825246172857,-0.7233160489375327,-1.0900016995738142,0.9932858760168621,0.5957293149609956,-1.6360320431321003,-0.6766560159216087,-1.1129299584324424,-0.036058530908628025,2.2309663829648256,-0.4278928075507959,0.7855834281957247,-1.5051719114384614,-1.919506000063863,-0.5412237036131867,-0.9089966758186983,0.12284311187976656,0.13574016481237602,0.48875529043694227,-2.3058951053338457,-0.6804711674399303,1.1557750216613056,0.3722568369759458,-0.26269684946751787,0.12155048805209429,0.03411956686127633,0.07046482965202268,-0.5971055922030699,0.6011160328015985
0.8399092910541054,0.4880145893199585,0.7501074264913153,-1.0021385676163514,1.0328296134813366,3.1137227028797607,-0.0999217387116474,-0.17558094345684108,-0.2658434185870695,2.0796854538089575,0.29980075139521417,0.2414166197917959,0.28295587174457126,0.26905079764370005,-0.9342944174460428,0.4774214944245624,0.4153523873093357,0.7152180419648254,-0.15016566582542473,1.2609757798347943,-1.9386457699655215,-1.0637664963073223,0.3722568369759458,0.9032107500097774,-0.6226005138312859,0.40107114554495393,-1.1933895260547076,-0.0680963108172279,-0.8906273434403138,1.0255074557945045
-0.5714934252031463,-0.367757219199851,-0.49273040481492714,0.6905738527905632,-0.7187591181205378,-2.1494777710447757,0.09009716795468084,0.11758938387648307,0.16419069160534583,-1.4449326510010978,-0.20134877691753916,-0.16847488598574076,-0.19079571250210015,-0.17269857409484646,0.65799603978814,-0.3478129457681288,-0.26555345626564353,-0.4922807441539573,0.09222250888431228,-0.8682884217926682,1.363725508486838,0.7331719976702958,-0.26269684946751787,-0.6226005138312859,0.4525898567348303,-0.27663363565886667,0.8153876899726574,0.04578260916170255,0.6114810359698354,-0.7407261111931608
0.5539934469525716,0.12015347463442129,0.41604739089045173,-0.39564507294579265,0.42784986928346175,1.4972495486867354,0.05979670011837536,-0.021350633226763217,-0.055292112858882296,1.0235300635678213,-0.013544505751952608,0.13715319372837861,0.08416949523984389,0.23895164416207015,-0.33148760582914794,0.28795141031355415,0.26982977539498426,0.3357286297469617,-0.08497532887792554,0.5648345559952255,-0.7942998550510016,-0.48870575489249296,0.12155048805209429,0.40107114554495393,-0.27663363565886667,0.19829228257183829,-0.583940236633772,-0.03198805430584909,-0.3739719710045031,0.4542151850056789
-2.4615273136410094,0.22416634111024264,-1.616155512136629,0.9536470925076012,-1.0741305852933125,-4.668424001283009,-0.7644234595901847,-0.11297614432254759,-0.1850156534849819,-3.362253059790117,0.7906900444311977,-0.6125564049042881,0.0012660289602859226,-1.2979593585838498,0.4063065675211793,-1.1068269478573494,-1.1997963691035418,-1.075399316835879,0.3245981606371185,-1.6997482094831269,1.799816432273203,1.3412742273424227,0.03411956686127633,-1.1933895260547076,0.8153876899726574,-0.583940236633772,1.9518091843397734,0.1506148000493107,1.0383687308804121,-1.2793065237893515
-0.2691363812804287,0.10721972536343947,-0.13974127240996095,0.017406805631096086,-0.034087879444962964,-0.29011168955022476,-0.1298383561898742,-0.01631179006149945,-0.06765785618392163,-0.2494591587861527,0.1637481615769225,-0.07424146363399199,0.04991276970257942,-0.16947384792133643,-0.0703188424118605,-0.11333357214173154,-0.12493969126706063,-0.08014065894308603,0.027677193506142547,-0.09635011762818377,0.014331605247165225,0.05575337574429028,0.07046482965202268,-0.0680963108172279,0.04578260916170255,-0.03198805430584909,0.1506148000493107,0.028959948799918932,0.04081652612225757,-0.07339611912539495
-0.25242208698831903,-0.849507592527973,-0.48748218627502343,1.1639679399712533,-1.1503980011067556,-2.862420926780866,0.4860688158014928,0.325430123663081,0.5143379381686605,-1.798894486375122,-0.8233948041720309,-0.10782526725795652,-0.4483623157815357,0.14239065792454036,1.2881384384761616,-0.25701466484709456,-0.14556452230526945,-0.6570686700551835,0.09646369799536436,-1.2445406194499529,2.257197103451261,1.0880728750099196,-0.5971055922030699,-0.8906273434403138,0.6114810359698354,-0.3739719710045031,1.0383687308804121,0.04081652612225757,0.9504686546945781,-1.035991502570408
0.578632296975961,0.8524852272793956,0.6353677354825888,-1.2526025017188092,1.2897932835471144,3.4471950418989032,-0.42460829996067445,-0.31847565469987454,-0.4473126531305243,2.262881343273213,0.6917075732916588,0.19578428590058958,0.41761334656220644,0.025539566593437923,-1.3500312366367937,0.47235541460806907,0.2560947656360189,0.7943784445097299,-0.12016288220713588,1.423052439777078,-2.518694428879813,-1.2608221154718162,0.6011160328015985,1.0255074557945045,-0.7407261111931608,0.4542151850056789,-1.2793065237893515,-0.07339611912539495,-1.035991502570408,1.2676981759349684
