V1,V2,V3,V4,V5,V6,V7,V8,V9,V10,V11,V12,V13,V14,V15,V16,V17,V18,V19,V20,V21,V22,V23,V24,V25,V26,V27,V28,V29,V30,V31,V32,V33,V34,V35,V36,V37,V38,V39,V40,V41,V42,V43,V44,V45,V46,V47,V48,V49,V50,V51,V52,V53,V54,V55,V56
47.14698302222817,6.52856846129657,18.41450786244338,-52.22040205898272,83.66021534891749,90.6269182812083,-12.324275077008085,-107.89622026581023,-22.480867729850758,-49.58019964292169,-10.798601469364698,-39.265005949104264,35.177210173838674,-11.355582636160298,30.384221945667928,17.321735278619915,49.99093027273545,94.0729870469924,-121.29601402139129,88.4259978041885,72.68468383625611,-19.34009676349269,-17.48974131507326,4.61085462222502,30.259880016045624,-105.15045559772291,11.16990504958037,3.3699475179949974,42.68605172669934,15.018651259051726,-106.29178265109401,-43.322858836185276,-75.80186482536112,46.823403649485144,102.05610169208849,52.772617712352066,65.72212602136088,38.612580204444015,41.06309989295597,125.2946264115478,-26.26612042613531,109.62599759666992,21.07265177472775,30.000364734949972,-115.17616989905365,-149.08305779353776,-59.29252975386631,-30.707808785494795,-28.656398713877607,19.393691942518927,65.772082102143,-1.0495508682650223,18.020857856223014,68.84622200517941,-94.1559252829205,89.70477345917283
6.52856846129657,1.0381201116844312,2.2888000586751036,-6.99525965302007,11.34450321757458,12.23377217187318,-1.3844953823012318,-14.837374354173386,-2.854490782680098,-6.763609315607742,-1.5734796295910336,-5.302979291172128,4.630722557417445,-1.4505458329612337,4.368137544809995,2.4199980873647076,6.676823672623396,12.939971095958207,-16.637718753674996,12.454094399099825,10.049697013120163,-2.742266898363154,-2.348462949246331,0.7293850314629908,4.233828205776722,-14.412246348926159,1.5252222188840234,0.19383893393545845,6.030296902682276,2.2014210161701695,-14.388186721607557,-5.9349795246236585,-10.361554598691388,6.714855167187926,14.285661479068581,7.151875533510422,9.129933431001005,5.236988588482366,5.718067890517136,17.200840045703522,-3.499488819306929,14.987168819852252,2.5921886702107435,4.303318767415906,-16.169486431932253,-20.679655378380495,-8.098838586769293,-4.352486869494553,-4.1750079801377344,2.6691969685454597,9.244797148365581,-0.13570696693288378,2.4674287185086192,9.703118898802918,-12.918796990716308,12.465250296937517
18.41450786244338,2.2888000586751036,7.870833872920992,-20.907965682675787,33.0556226717084,36.18841642126491,-5.772901719357814,-42.40955758078416,-9.29929508989707,-19.57078632543549,-4.108986648131754,-15.676267998096831,14.209852279688056,-4.637896177174162,11.639145738172257,6.710440364182465,20.18448237450265,36.91433429646462,-47.98536155324031,33.994377818295106,28.665372528474375,-7.229518701100397,-6.69360597999163,1.6994048207408767,11.842094024309455,-41.38306310177073,4.3130225645785325,1.8998486576241664,16.50811693482109,5.491678017852907,-42.40844394875578,-17.01391486662725,-29.919318025599953,17.75288323988137,39.721171873910734,21.162311592496156,25.689348026369778,15.472212438171582,16.20395092129979,49.3168649946018,-10.824081049903768,43.565960454264726,9.042261037816015,11.486356609875825,-44.71073598678606,-58.23922067520003,-23.45786101338947,-11.810117798398393,-10.811810426423895,7.54195119400996,25.519711406925886,-0.4912997522612124,7.123647785230441,26.446959933999725,-37.070504542456085,34.98811079052973
-52.22040205898272,-6.99525965302007,-20.907965682675787,58.28342990073899,-93.03758883201654,-100.99901355343646,14.344135213405304,119.70481985171399,25.360470979524685,55.101483697034624,11.834928793815555,43.758683965592155,-39.39599623626981,12.78418430417732,-33.39796026495092,-19.134781117417333,-55.86479006994621,-104.34940511830551,134.74829639040402,-97.51422910989582,-80.6199385716001,21.23996060288016,19.39481501751461,-4.968703068499199,-33.4674852131641,116.73659540763485,-12.373035714888307,-4.2360460956607735,-47.083056703514316,-16.363524501370986,118.40902013436764,48.09652397589068,84.21372753584207,-51.4211762737799,-112.81757392461272,-58.81357985739777,-72.77274823565713,-43.025546223082344,-45.507732165707665,-139.0654812536806,29.442159995983488,-121.89141959845878,-23.986772828105167,-32.98051989219961,127.21911087002887,165.07917826532093,65.90927226099242,33.84039006016331,31.37264338554471,-21.482307990173517,-72.64040474387576,1.2067422641441048,-20.009707919929856,-75.91168416875523,104.52388451691381,-99.28785895905735
83.66021534891749,11.34450321757458,33.0556226717084,-93.03758883201654,149.79090198043562,161.33775575006965,-21.551213254860844,-192.10089951281387,-40.46473941221414,-88.24110521135854,-18.91447613525922,-69.9017318524397,62.94604370983986,-20.48687587121287,53.37384048429502,30.97074009973885,88.92399760431597,167.3194769871308,-214.78863219807403,157.28147251979735,128.51565992891918,-34.64620864098182,-32.305878176742596,7.919137052697438,53.57566411222475,-187.1756117106044,20.235425243714392,6.301490755660342,75.58878075430279,26.982505821280597,-188.72383709158598,-77.04579312394264,-134.99421494776476,82.92502921918852,180.77406457176394,93.54143552429599,116.58793595257492,68.20694785902681,72.1744352479546,222.99840690987313,-46.20600278393065,194.32002097475802,37.53964605499976,52.96593231053974,-204.0407486442346,-264.92589477707423,-105.21066970985648,-54.3171266553849,-50.606484464030196,34.86243108092122,116.364772909726,-1.5404392725507892,32.253322180758104,122.29049502740263,-167.4229420756242,159.33378165687333
90.6269182812083,12.23377217187318,36.18841642126491,-100.99901355343646,161.33775575006965,175.14542537342257,-24.75835766649137,-207.74853861979759,-43.84811422510575,-95.56267011770099,-20.61029156381862,-75.88372736493751,68.20348199776177,-22.08954637490022,58.09888655507131,33.24479716667128,96.85567754825225,181.05520946852658,-233.82415093722983,169.37971393624187,139.98980692469792,-36.83846400428477,-33.56195993318929,8.721225954445957,58.17245522342803,-202.5269543196285,21.44502016027126,7.170040717564818,81.84283782412298,28.464739166711276,-205.3455332060497,-83.40530595227361,-146.10141725425757,89.38166243312465,195.9822148760257,102.05527706064683,126.35383504482161,74.64079941750336,79.06375507713541,241.32223737695674,-51.097210775087234,211.55172360490337,41.4472708965324,57.37653231367998,-221.0376876346019,-286.6016789772636,-114.32247125181382,-58.805224982667035,-54.62160890685293,37.274703355332115,126.20508698156235,-2.0880408474926244,34.748883848387415,131.84224587028567,-181.3545049362312,172.38388432189612
-12.324275077008085,-1.3844953823012318,-5.772901719357814,14.344135213405304,-21.551213254860844,-24.75835766649137,5.253318761143645,28.174178137712065,6.430765695829042,13.152815035026595,2.7886526364283104,10.72209205260756,-9.704085284816124,3.1123894933763925,-7.895014181421564,-4.226508111260796,-14.121076238708724,-24.609260424598478,33.1650266680705,-21.77934711022777,-19.820830213065793,4.228314963719876,3.3705341154867585,-1.1833671393221934,-8.001080388965855,27.614801525107143,-2.5169075159098946,-1.7580489217892856,-10.923606579046382,-2.9620318890656847,29.366132862288932,11.388859008970352,20.014717203401727,-11.341509889524218,-26.58941406093285,-14.866593172562155,-17.214660813189894,-11.050188330567636,-11.533096632633855,-32.91539300429979,8.193552249864387,-30.152171314186766,-6.932166499326831,-7.573097010392422,29.757720331264554,38.63339292019611,16.067191057189973,7.798697126935521,6.916570331686731,-4.6603893049106215,-17.095450108029713,0.6769701253057174,-4.6333454290277665,-17.057719302774064,24.88937250419154,-23.20405737866009
-107.89622026581023,-14.837374354173386,-42.40955758078416,119.70481985171399,-192.10089951281387,-207.74853861979759,28.174178137712065,247.31298175927688,51.72277494677832,113.59835511279825,24.618915410160955,90.01398078876235,-80.75188910174748,26.128402422180773,-69.32142548824953,-39.76901624361201,-114.59314804236676,-215.4937920435968,277.50802662393403,-202.53640156570285,-166.2438268802325,44.32742491967455,40.54256811390837,-10.474824238878224,-69.2642263341895,240.9611614181609,-25.73064453733969,-7.86553351636092,-97.6723369563452,-34.494589292426966,243.4107079110489,99.21058223795625,173.7567860431723,-107.06163059560524,-233.5224871551075,-120.84685227972757,-150.4511967371159,-88.2826936579463,-93.74332124559892,-287.14856497708456,60.052282860035824,-250.97250250221757,-48.35497268426193,-68.57888205521078,263.5483885115657,341.4632303027513,135.72573845883556,70.21060665497527,65.50460273075932,-44.59189075866636,-150.42499769923634,2.2591335655055227,-41.410425798048635,-157.59226366729305,215.69468710178108,-205.41629440247033
-22.480867729850758,-2.854490782680098,-9.29929508989707,25.360470979524685,-40.46473941221414,-43.84811422510575,6.430765695829042,51.72277494677832,11.236619353714207,23.85186073265378,4.989522014053785,18.99496082668841,-17.254051217449483,5.661970435807596,-14.155607638140097,-8.252441031602892,-24.310136687224283,-45.05794048812088,58.09567289111985,-41.84042198428163,-34.66087401899229,9.127067679561568,8.593307953104903,-2.0208062449319497,-14.354788524138844,50.47612900057318,-5.404179875602814,-2.119676619570774,-20.140878351385947,-6.97882911940748,51.29831607045176,20.786682575697657,36.44880599745035,-21.90100677320851,-48.38667100311818,-25.453145414644183,-31.29902183363877,-18.58242799288653,-19.468163560503047,-60.103267503784494,12.749993603804425,-52.630762409227096,-10.64819215847871,-14.025763487880722,54.5244431442076,71.09312110924445,28.47643422385391,14.452170117139257,13.284055666837743,-9.326646558006804,-31.099720205634142,0.4828515445063756,-8.681587818217595,-32.54085249935777,45.157703526863465,-42.72797915057687
-49.58019964292169,-6.763609315607742,-19.57078632543549,55.101483697034624,-88.24110521135854,-95.56267011770099,13.152815035026595,113.59835511279825,23.85186073265378,52.22852882198116,11.288154138605089,41.404295984156676,-37.19142671511081,12.04547797466623,-31.811020584695218,-18.223305411052277,-52.75470759723968,-99.02031074795288,127.6411375068905,-92.89046200819246,-76.42421978511935,20.314685561644826,18.535494972693634,-4.775366212056404,-31.791943294130782,110.72973431458794,-11.790616437013036,-3.741998567022039,-44.80761535521594,-15.740387060778236,112.01212143738648,45.615229298104744,79.84982684902423,-49.07937020674446,-107.21768482947472,-55.60378688398581,-69.10490537273444,-40.65608008258044,-43.11729352833189,-131.92678452661343,27.692939584371512,-115.41445803349423,-22.38743787142166,-31.438922606050316,120.96921961262184,156.80313274114698,62.43130368155234,32.218876001282126,29.988871735963183,-20.443136580370705,-69.06210790026068,1.0841111027034462,-18.995405548912508,-72.30134403859755,99.1306473018335,-94.32846032398629
-10.798601469364698,-1.5734796295910336,-4.108986648131754,11.834928793815555,-18.91447613525922,-20.61029156381862,2.7886526364283104,24.618915410160955,4.989522014053785,11.288154138605089,2.5394531309338024,8.929909134619123,-7.904360169272549,2.5094568306710405,-7.096549371378658,-3.951302666817679,-11.364756321522405,-21.471847904033577,27.81845201964167,-20.274549831428235,-16.73673795482941,4.3823636105985875,3.792525368844666,-1.1353476137683576,-6.983981799540305,23.967424821137396,-2.490309862805605,-0.6386863310259538,-9.856472375189178,-3.4297446349397434,24.246948106759277,9.870317476849685,17.266721652885934,-10.817850056061323,-23.50146214913973,-12.082610307222083,-15.081709759572647,-8.865799220417307,-9.532782210765616,-28.58704535144003,6.0591813636695,-25.125341555788076,-4.7125716763132965,-6.971608570274492,26.536983219459295,34.13859820371399,13.548689054322724,7.093133805666102,6.678318103787944,-4.377392767951845,-15.174109867949712,0.28067255166146265,-4.096363584939173,-15.802689981398348,21.492693254209534,-20.55551459147625
-39.265005949104264,-5.302979291172128,-15.676267998096831,43.758683965592155,-69.9017318524397,-75.88372736493751,10.72209205260756,90.01398078876235,18.99496082668841,41.404295984156676,8.929909134619123,32.87882404335365,-29.549826555631025,9.570149833745996,-25.173226928012955,-14.404910768064601,-41.961543560091904,-78.44591212466085,101.30793522873046,-73.39234111493492,-60.653052182869324,15.9620950257512,14.54451976231772,-3.7798444062948175,-25.20461249952051,87.75013388056783,-9.291862539016869,-3.1022369993915033,-35.4614403648668,-12.33558728846422,88.96646975052045,36.13793918828527,63.302657239300814,-38.729342196519006,-84.91696330518016,-44.21678768436391,-54.74841761287939,-32.33614454701899,-34.254851207192395,-104.55967456361621,22.137301646451284,-91.65723775434084,-17.954356705225052,-24.861693639367697,95.77173688690785,124.17933604948017,49.532603307974455,25.48052297692665,23.66837925342779,-16.151966192359144,-54.683355417565096,0.9032858021233229,-15.055897548970929,-57.12617265410567,78.57679036986951,-74.69067597908159
35.177210173838674,4.630722557417445,14.209852279688056,-39.39599623626981,62.94604370983986,68.20348199776177,-9.704085284816124,-80.75188910174748,-17.254051217449483,-37.19142671511081,-7.904360169272549,-29.549826555631025,26.700303484763186,-8.707265022775061,22.355458134240838,12.912225079331796,37.730927513144536,70.37710506063203,-90.73977278751664,65.67361249732258,54.22405951115375,-14.351398846860373,-13.292279574752042,3.2682924961753015,22.49732956874127,-78.76910014446135,8.407482103157523,2.9926889913911703,31.640778494071693,11.035675411854502,-79.87576402673919,-32.45277361066232,-56.83857223555091,34.5405539572424,75.87800445691899,39.634879390628605,48.999197942582335,28.962771242659795,30.525738517185424,93.81187388116072,-19.797165515946958,82.11046973499776,16.281284293708318,22.11706171990438,-85.54968069148282,-111.22837610365728,-44.43367806627992,-22.73476562544815,-21.018823405850515,14.543571705190883,48.82432647007831,-0.7676887066886593,13.519884908445924,51.10212302217516,-70.49535513059584,66.882486588478
-11.355582636160298,-1.4505458329612337,-4.637896177174162,12.78418430417732,-20.48687587121287,-22.08954637490022,3.1123894933763925,26.128402422180773,5.661970435807596,12.04547797466623,2.5094568306710405,9.570149833745996,-8.707265022775061,2.867046584506387,-7.1283739626399765,-4.184952440193661,-12.213352180634757,-22.766274457789198,29.23676745550983,-21.213605369311935,-17.428925079825323,4.680671924130048,4.4542076374564195,-1.0039754967147592,-7.225983964054022,25.4997398970588,-2.7666552418911596,-1.0345046503239361,-10.167138481642294,-3.5890496570660604,25.81517133929703,10.508288424269633,18.405092550783788,-11.107941650469023,-24.413339307630707,-12.774794765255981,-15.797441516633716,-9.315461093371812,-9.754402039970014,-30.351180737124132,6.334850795496766,-26.463879643494778,-5.299914683184939,-7.079949621438845,27.52150719733241,35.91697061439307,14.351885296160379,7.304667087044862,6.722475792842592,-4.74504417445119,-15.691457572055153,0.21331694527027717,-4.386290375826048,-16.493460983543443,22.797540343385002,-21.588983032168294
30.384221945667928,4.368137544809995,11.639145738172257,-33.39796026495092,53.37384048429502,58.09888655507131,-7.895014181421564,-69.32142548824953,-14.155607638140097,-31.811020584695218,-7.096549371378658,-25.173226928012955,22.355458134240838,-7.1283739626399765,19.86889872810193,11.118652754132723,32.043023026270276,60.46395575284171,-78.26475826698342,57.006083821281315,47.03376525003418,-12.35834247724585,-10.800362870404749,3.134086164801705,19.605713508492858,-67.51383559336924,7.047327888806113,1.9033670374503386,27.66587665580551,9.641061945083694,-68.30939939669976,-27.81382202685071,-48.64531630623502,30.36057968168093,66.0251072238161,34.005635706152006,42.41142611943419,24.941556250294866,26.740776310247018,80.50099719493764,-17.02946194176435,70.68919378677658,13.358292242825188,19.53640582810948,-74.53663836159579,-96.04044346072823,-38.15343852460699,-19.912284323940142,-18.69569306729009,12.351990759177248,42.612140860996256,-0.770379457387584,11.537868972891363,44.42599255651111,-60.52379414756453,57.81919341340758
17.321735278619915,2.4199980873647076,6.710440364182465,-19.134781117417333,30.97074009973885,33.24479716667128,-4.226508111260796,-39.76901624361201,-8.252441031602892,-18.223305411052277,-3.951302666817679,-14.404910768064601,12.912225079331796,-4.184952440193661,11.118652754132723,6.4507277928802,18.272719191015007,34.61989364406686,-44.33527734456176,32.740527044273435,26.571388865597417,-7.235635572094426,-6.740725434472583,1.6846884685823749,11.121689024988864,-38.70794877288984,4.208837046711413,1.146483419177057,15.726501776430583,5.696271354147845,-38.86892148450647,-15.919042095600124,-27.90539948121652,17.311351164274768,37.518600219451045,19.265380987952714,24.161197778925363,14.027352863629009,14.915525192462677,46.1378004607263,-9.451752146491978,40.104540866743456,7.567692271821605,11.051068086073224,-42.38382681208886,-54.92219810241293,-21.708401898135183,-11.300842298883794,-10.603998304212643,7.245999536457145,24.163698400113812,-0.28469478032682266,6.689068911860322,25.444482602748486,-34.61741286933443,33.03906549760488
49.99093027273545,6.676823672623396,20.18448237450265,-55.86479006994621,88.92399760431597,96.85567754825225,-14.121076238708724,-114.59314804236676,-24.310136687224283,-52.75470759723968,-11.364756321522405,-41.961543560091904,37.730927513144536,-12.213352180634757,32.043023026270276,18.272719191015007,53.669021856737,99.87546910109631,-129.3134368916274,93.13111827775654,77.41398920291677,-20.126641468015197,-18.23331894295865,4.811057651587022,32.1168443546257,-111.74386819163233,11.736301290554119,4.150642194808001,45.0996280068438,15.4830210806135,-113.63020634459374,-46.01647785809759,-80.63662979995229,49.1018477006996,108.09542754749538,56.543654707077735,69.70798761928715,41.393381613818846,43.800877863201784,133.15628333069486,-28.49384711243435,117.0441604905012,23.183630847029132,31.594650503678377,-121.86164956877089,-158.02369903824376,-63.18783196903881,-32.38727391641692,-30.006906900338603,20.46757064232631,69.5998025350623,-1.2431690929372832,19.15467226615353,72.51298089346442,-100.0992737230803,95.03731245197957
94.0729870469924,12.939971095958207,36.91433429646462,-104.34940511830551,167.3194769871308,181.05520946852658,-24.609260424598478,-215.4937920435968,-45.05794048812088,-99.02031074795288,-21.471847904033577,-78.44591212466085,70.37710506063203,-22.766274457789198,60.46395575284171,34.61989364406686,99.87546910109631,187.82912535336766,-241.98012449575586,176.48623037564732,144.94498192756868,-38.638742167507644,-35.215556299416285,9.124479007425055,60.35340527387058,-210.00230866754941,22.389971274714224,6.864656769863568,85.1193510263554,30.016238275959612,-212.21325371237543,-86.49922161316317,-151.41515642002696,93.33261938956522,203.54840831401896,105.33617963258004,131.13843711216205,77.0042977623896,81.77513549073305,250.2272238188865,-52.368913272361716,218.7730530360703,42.170200124572034,59.771253738446376,-229.7080450543985,-297.5819853327694,-118.34224274407465,-61.211360426119285,-57.08012133559224,38.81322667027219,131.13592190760983,-2.017445270284905,36.040788777547775,137.36010022587567,-187.99952947142222,179.0320368755079
-121.29601402139129,-16.637718753674996,-47.98536155324031,134.74829639040402,-214.78863219807403,-233.82415093722983,33.1650266680705,277.50802662393403,58.09567289111985,127.6411375068905,27.81845201964167,101.30793522873046,-90.73977278751664,29.23676745550983,-78.26475826698342,-44.33527734456176,-129.3134368916274,-241.98012449575586,313.180137947281,-226.5567312809496,-187.6944012495156,49.10327360049269,43.93016184379549,-11.925429604839364,-77.97472475264868,270.5301317841593,-28.38091458474706,-9.18296129656439,-109.73115729715695,-37.92916294936238,274.53923789729214,111.462005943509,195.09503323949085,-119.8970262126291,-262.63944388423647,-136.56604887610544,-169.15565534871433,-100.0587426367235,-106.3515383561518,-322.395594708948,68.59800033556176,-283.1709166718248,-55.15470795217799,-77.08771466340109,296.22790913197883,383.327300368486,152.9390612040032,78.89750655006614,73.418956913375,-49.54511698503858,-169.25730410673088,3.0271994828900675,-46.28545195328145,-176.4745204545607,242.39171872385288,-230.631627944876
88.4259978041885,12.454094399099825,33.994377818295106,-97.51422910989582,157.28147251979735,169.37971393624187,-21.77934711022777,-202.53640156570285,-41.84042198428163,-92.89046200819246,-20.274549831428235,-73.39234111493492,65.67361249732258,-21.213605369311935,57.006083821281315,32.740527044273435,93.13111827775654,176.48623037564732,-226.5567312809496,166.8143772155392,135.82066959110742,-36.79859661269806,-33.69187339890985,8.682452956008504,56.74808344854092,-197.22735331963227,21.24728683360246,5.742450857503064,80.26560164618161,28.84436438632796,-198.36500683720388,-81.20962615006314,-142.13142830746486,88.41213376304049,191.55328296513525,98.33897159685377,123.29494785564451,71.78157926395582,76.47976332440963,235.04250137353984,-48.423068061467134,204.72763706529628,38.60119457847634,56.47606830248172,-216.35070395328913,-279.988116159937,-110.84041848651276,-57.751373589128285,-54.1616021530095,36.703032925509795,123.45656705944482,-1.6625826152076713,33.92113863815944,129.77049371473987,-176.48677993627857,168.4831698093511
72.68468383625611,10.049697013120163,28.665372528474375,-80.6199385716001,128.51565992891918,139.98980692469792,-19.820830213065793,-166.2438268802325,-34.66087401899229,-76.42421978511935,-16.73673795482941,-60.653052182869324,54.22405951115375,-17.428925079825323,47.03376525003418,26.571388865597417,77.41398920291677,144.94498192756868,-187.6944012495156,135.82066959110742,112.56556007507302,-29.377931607621534,-26.15099449002365,7.232499147281689,46.795669189634374,-162.02066570945277,16.952573022950155,5.36119593099698,65.85351600848288,22.740381512332977,-164.413867688654,-66.7354127263804,-116.83736343536751,71.94845206392964,157.53492475179158,81.8403746282457,101.4061488019496,59.969854091896,63.847081796907496,193.12372564856528,-41.147229017287465,169.71983120265742,32.92663517738356,46.306741302026374,-177.70317373029965,-229.74478259469308,-91.60915937288965,-47.341404653631166,-44.12809900894836,29.646065162863707,101.54509682478765,-1.8379460234872451,27.728435131469194,105.80048912622858,-145.1943982697683,138.23701921290547
-19.34009676349269,-2.742266898363154,-7.229518701100397,21.23996060288016,-34.64620864098182,-36.83846400428477,4.228314963719876,44.32742491967455,9.127067679561568,20.314685561644826,4.3823636105985875,15.9620950257512,-14.351398846860373,4.680671924130048,-12.35834247724585,-7.235635572094426,-20.126641468015197,-38.638742167507644,49.10327360049269,-36.79859661269806,-29.377931607621534,8.331742160287837,7.859991494844339,-1.8221406569921512,-12.312213275174571,43.167586860401435,-4.808492564101515,-1.135769841327379,-17.523341187536065,-6.568328329259474,43.01472763213677,17.794812913859285,31.079035896727998,-19.499764269625036,-41.765744523087186,-21.184691892416453,-26.907886770953723,-15.41581966233107,-16.38978327107126,-51.39807057510269,10.166051760137892,-44.29939626212108,-8.145821696775482,-12.319500450461843,47.22463610042295,61.271341843692,24.111181903999288,12.636265034350785,11.882119540297003,-8.17571856649335,-26.91227021394319,0.23181726689855386,-7.437857914122798,-28.600398659960575,38.5591519038638,-36.875864348315446
-17.48974131507326,-2.348462949246331,-6.69360597999163,19.39481501751461,-32.305878176742596,-33.56195993318929,3.3705341154867585,40.54256811390837,8.593307953104903,18.535494972693634,3.792525368844666,14.54451976231772,-13.292279574752042,4.4542076374564195,-10.800362870404749,-6.740725434472583,-18.23331894295865,-35.215556299416285,43.93016184379549,-33.69187339890985,-26.15099449002365,7.859991494844339,8.137528844820947,-1.4650025046959039,-11.03826966806638,39.439780542704746,-4.685119708008922,-1.1534365071951276,-15.76243430404535,-6.2821752809618925,38.8015995807677,16.208250509266325,28.426286720808136,-17.623190161269164,-37.55537464163705,-18.96544622597666,-24.30833206610705,-13.614473375595807,-14.246065446707648,-46.93243636962845,8.760369907333754,-39.745890252183514,-7.309739486113311,-10.98212972934709,42.5089894444954,55.71742576818056,21.741814546028767,11.332874099916642,10.638165105929373,-7.755590375844961,-24.106761166989195,-0.06170873114766112,-6.927110956309711,-26.059487995097154,35.08478243780131,-33.48561050559399
4.61085462222502,0.7293850314629908,1.6994048207408767,-4.968703068499199,7.919137052697438,8.721225954445957,-1.1833671393221934,-10.474824238878224,-2.0208062449319497,-4.775366212056404,-1.1353476137683576,-3.7798444062948175,3.2682924961753015,-1.0039754967147592,3.134086164801705,1.6846884685823749,4.811057651587022,9.124479007425055,-11.925429604839364,8.682452956008504,7.232499147281689,-1.8221406569921512,-1.4650025046959039,0.5512539402900615,3.037323249342174,-10.167455972272018,1.0141286248878363,0.17663209778968447,4.280830887660502,1.4575233395194815,-10.303331870812862,-4.173877283222743,-7.322615170814466,4.684142145556949,10.152966663512307,5.181533606855889,6.4751914912158925,3.8096177997611713,4.175167756853053,12.158274545990587,-2.641206652834486,10.779665628749905,1.9401965656258122,3.0602338357917445,-11.47468000114915,-14.604549727570419,-5.767827358082713,-3.0750561573218596,-2.944743265754107,1.8291589688551473,6.572032470886797,-0.14534595307447853,1.7409100305805225,6.772333591600419,-9.140870821437314,8.80036821340847
30.259880016045624,4.233828205776722,11.842094024309455,-33.4674852131641,53.57566411222475,58.17245522342803,-8.001080388965855,-69.2642263341895,-14.354788524138844,-31.791943294130782,-6.983981799540305,-25.20461249952051,22.49732956874127,-7.225983964054022,19.605713508492858,11.121689024988864,32.1168443546257,60.35340527387058,-77.97472475264868,56.74808344854092,46.795669189634374,-12.312213275174571,-11.03826966806638,3.037323249342174,19.506902944284878,-67.45687852148245,7.109685442547345,2.1033173890908854,27.483100216352184,9.601232263761682,-68.26063666547122,-27.76104902045052,-48.64030718754953,30.078040207827918,65.65356063238872,33.97058381656997,42.2380902313983,24.852205480575414,26.501977900590038,80.42913400118191,-16.992341252422875,70.52619705301366,13.521416092082964,19.3430693298235,-74.0987817593936,-95.75454908467604,-38.06399383311952,-19.7486771544924,-18.479059795226107,12.406674800173722,42.31969266813563,-0.7047804389343832,11.582110544425117,44.17755759991738,-60.43107661238265,57.61546326948299
-105.15045559772291,-14.412246348926159,-41.38306310177073,116.73659540763485,-187.1756117106044,-202.5269543196285,27.614801525107143,240.9611614181609,50.47612900057318,110.72973431458794,23.967424821137396,87.75013388056783,-78.76910014446135,25.4997398970588,-67.51383559336924,-38.70794877288984,-111.74386819163233,-210.00230866754941,270.5301317841593,-197.22735331963227,-162.02066570945277,43.167586860401435,39.439780542704746,-10.167455972272018,-67.45687852148245,234.8230441448028,-25.050524445429474,-7.7740273358687855,-95.11145856538293,-33.525732594658216,237.33591652422533,96.71212710042212,169.32878188142783,-104.23985691381104,-227.48199613580218,-117.81202043945613,-146.58655295167765,-86.10182788698972,-91.37777423260104,-279.80174664152224,58.58597678217455,-244.6276766787458,-47.25815927772432,-66.761139232022515,256.7015137392837,332.66222799553265,132.32122624204607,68.3837732680607,63.734208400636746,-43.41488589571804,-146.5336141789101,2.2411369048886676,-40.31857666200535,-153.48632250687987,210.2086715022583,-200.1234978813647
11.16990504958037,1.5252222188840234,4.3130225645785325,-12.373035714888307,20.235425243714392,21.44502016027126,-2.5169075159098946,-25.73064453733969,-5.404179875602814,-11.790616437013036,-2.490309862805605,-9.291862539016869,8.407482103157523,-2.7666552418911596,7.047327888806113,4.208837046711413,11.736301290554119,22.389971274714224,-28.38091458474706,21.24728683360246,16.952573022950155,-4.808492564101515,-4.685119708008922,1.0141286248878363,7.109685442547345,-25.050524445429474,2.8244790599624774,0.7604680510256269,10.092876622282745,3.795417279033006,-24.967208238366663,-10.30612017890959,-18.056364675106337,11.181776972885197,24.082492111243177,12.29810178458258,15.546770257424972,8.912255375445048,9.404451652868907,29.830330530128442,-5.896194854609788,25.66524663282916,4.817415012543597,7.063080445193029,-27.222254091662762,-35.45779865185625,-13.960041601525898,-7.257773168480677,-6.797328739952429,4.779233133664206,15.489286031226284,-0.09956854363968048,4.3496959451132495,16.485752692742796,-22.35514075021414,21.32246807416777
3.3699475179949974,0.19383893393545845,1.8998486576241664,-4.2360460956607735,6.301490755660342,7.170040717564818,-1.7580489217892856,-7.86553351636092,-2.119676619570774,-3.741998567022039,-0.6386863310259538,-3.1022369993915033,2.9926889913911703,-1.0345046503239361,1.9033670374503386,1.146483419177057,4.150642194808001,6.864656769863568,-9.18296129656439,5.742450857503064,5.36119593099698,-1.135769841327379,-1.1534365071951276,0.17663209778968447,2.1033173890908854,-7.7740273358687855,0.7604680510256269,0.8360915679649071,2.8122410090634586,0.7047267292274548,-8.407348758475566,-3.214007887328837,-5.66706504894075,2.8155431249376934,7.025533624284863,4.20786404460882,4.654844323271458,3.105073209900005,3.0235052011127697,9.217048680066487,-2.3304959821682942,8.403422092891207,2.2830820050874965,1.85333740162315,-7.805863137934952,-10.529873135507666,-4.519809153608055,-1.9927659145292735,-1.6092902495201777,1.3376277081378372,4.460357289296404,-0.16380526262329098,1.3141539753961635,4.480423507615484,-6.968748393918422,6.293869662128427
42.68605172669934,6.030296902682276,16.50811693482109,-47.083056703514316,75.58878075430279,81.84283782412298,-10.923606579046382,-97.6723369563452,-20.140878351385947,-44.80761535521594,-9.856472375189178,-35.4614403648668,31.640778494071693,-10.167138481642294,27.66587665580551,15.726501776430583,45.0996280068438,85.1193510263554,-109.73115729715695,80.26560164618161,65.85351600848288,-17.523341187536065,-15.76243430404535,4.280830887660502,27.483100216352184,-95.11145856538293,10.092876622282745,2.8122410090634586,38.79366470741896,13.704219724838591,-95.99791905681727,-39.15395372712593,-68.55532577618627,42.58855449488292,92.604620976644,47.710501247469104,59.56371268068227,34.88780135626166,37.242549482240754,113.38746025549783,-23.722661457868018,99.1903487352904,18.8181273543863,27.323191870674606,-104.55633581458463,-135.09314164321754,-53.59426302723163,-27.897219382730626,-26.156373210287743,17.5591321237314,59.704946632130216,-0.9333760549307384,16.330843464603408,62.47890709071751,-85.1797540026479,81.2974214720202
15.018651259051726,2.2014210161701695,5.491678017852907,-16.363524501370986,26.982505821280597,28.464739166711276,-2.9620318890656847,-34.494589292426966,-6.97882911940748,-15.740387060778236,-3.4297446349397434,-12.33558728846422,11.035675411854502,-3.5890496570660604,9.641061945083694,5.696271354147845,15.4830210806135,30.016238275959612,-37.92916294936238,28.84436438632796,22.740381512332977,-6.568328329259474,-6.2821752809618925,1.4575233395194815,9.601232263761682,-33.525732594658216,3.795417279033006,0.7047267292274548,13.704219724838591,5.272728761560689,-33.16040639294934,-13.787514770874827,-24.13205419734174,15.310981623896854,32.541287569701346,16.328048807709273,20.931054819620517,11.827155797701147,12.639839039283073,39.951333197075996,-7.726386938325802,34.244162609328036,6.079474878801567,9.661395026241978,-36.844913409747384,-47.729237895033314,-18.628833646376247,-9.870559927912112,-9.377573913718493,6.429224463168568,20.970142183882935,-0.10450114751343033,5.825616919114774,22.38243567448761,-29.923619733703255,28.72599709711197
-106.29178265109401,-14.388186721607557,-42.40844394875578,118.40902013436764,-188.72383709158598,-205.3455332060497,29.366132862288932,243.4107079110489,51.29831607045176,112.01212143738648,24.246948106759277,88.96646975052045,-79.87576402673919,25.81517133929703,-68.30939939669976,-38.86892148450647,-113.63020634459374,-212.21325371237543,274.53923789729214,-198.36500683720388,-164.413867688654,43.01472763213677,38.8015995807677,-10.303331870812862,-68.26063666547122,237.33591652422533,-24.967208238366663,-8.407348758475566,-95.99791905681727,-33.16040639294934,240.96798176089357,97.7756655326385,171.19907095273746,-104.7801347861799,-229.92532936796738,-119.82993025402595,-148.19384966076362,-87.74973732765773,-93.03954235259026,-282.80107963989485,60.19623590636795,-248.3237135074357,-48.72134217505908,-67.33942592490439,259.2818697668947,335.939935033121,134.1450115163039,68.99614811228881,64.0645476183487,-43.51408299054918,-148.10772252168402,2.6065568603163225,-40.64050587091641,-154.47796081345902,212.60300712560723,-202.08271980152156
-43.322858836185276,-5.9349795246236585,-17.01391486662725,48.09652397589068,-77.04579312394264,-83.40530595227361,11.388859008970352,99.21058223795625,20.786682575697657,45.615229298104744,9.870317476849685,36.13793918828527,-32.45277361066232,10.508288424269633,-27.81382202685071,-15.919042095600124,-46.01647785809759,-86.49922161316317,111.462005943509,-81.20962615006314,-66.7354127263804,17.794812913859285,16.208250509266325,-4.173877283222743,-27.76104902045052,96.71212710042212,-10.30612017890959,-3.214007887328837,-39.15395372712593,-13.787514770874827,97.7756655326385,39.85534214445805,69.7282088471493,-42.93825799103895,-93.6777441901021,-48.51343464874409,-60.37187263691406,-35.480920895287376,-37.65019369089535,-115.2144605835557,24.12607730767708,-100.74449290595463,-19.478481796634306,-27.483204810131934,105.70015135953152,136.98405613593783,54.52273108590789,28.168630736601518,26.229751044859526,-17.86020630780239,-60.35166621620331,0.9436176455939461,-16.575370713509876,-63.21849321548211,86.58047372864222,-82.41415182952151
-75.80186482536112,-10.361554598691388,-29.919318025599953,84.21372753584207,-134.99421494776476,-146.10141725425757,20.014717203401727,173.7567860431723,36.44880599745035,79.84982684902423,17.266721652885934,63.302657239300814,-56.83857223555091,18.405092550783788,-48.64531630623502,-27.90539948121652,-80.63662979995229,-151.41515642002696,195.09503323949085,-142.13142830746486,-116.83736343536751,31.079035896727998,28.426286720808136,-7.322615170814466,-48.64030718754953,169.32878188142783,-18.056364675106337,-5.66706504894075,-68.55532577618627,-24.13205419734174,171.19907095273746,69.7282088471493,122.11429462945664,-75.08740255474594,-163.98853894068873,-85.00101178915627,-105.6834406621152,-62.11308408414368,-65.89303643710261,-201.7690988770535,42.30328332563305,-176.4490485407536,-34.15932082719514,-48.10799630912579,185.04040287164148,239.83618495727913,95.42360358187767,49.278846004416735,45.910059664683445,-31.301064752428058,-105.62270728729484,1.6197036801508575,-29.084317445081936,-110.60180020006007,151.58017764223882,-144.27282924114868
46.823403649485144,6.714855167187926,17.75288323988137,-51.4211762737799,82.92502921918852,89.38166243312465,-11.341509889524218,-107.06163059560524,-21.90100677320851,-49.07937020674446,-10.817850056061323,-38.729342196519006,34.5405539572424,-11.107941650469023,30.36057968168093,17.311351164274768,49.1018477006996,93.33261938956522,-119.8970262126291,88.41213376304049,71.94845206392964,-19.499764269625036,-17.623190161269164,4.684142145556949,30.078040207827918,-104.23985691381104,11.181776972885197,2.8155431249376934,42.58855449488292,15.310981623896854,-104.7801347861799,-42.93825799103895,-75.08740255474594,46.99430240295671,101.54931904325625,51.95564208790864,65.29532398120317,37.969275878269826,40.597706542301054,124.23903577860615,-25.579032811624042,108.26580511455222,20.191656590096258,30.02968240840391,-114.72427215563754,-148.19884571875937,-58.61096717877831,-30.666914045671607,-28.84055425464884,19.35776927970677,65.49614909052302,-0.9200196887418424,17.892909316699857,68.81272343955354,-93.31011384509739,89.20689947094284
102.05610169208849,14.285661479068581,39.721171873910734,-112.81757392461272,180.77406457176394,195.9822148760257,-26.58941406093285,-233.5224871551075,-48.38667100311818,-107.21768482947472,-23.50146214913973,-84.91696330518016,75.87800445691899,-24.413339307630707,66.0251072238161,37.518600219451045,108.09542754749538,203.54840831401896,-262.63944388423647,191.55328296513525,157.53492475179158,-41.765744523087186,-37.55537464163705,10.152966663512307,65.65356063238872,-227.48199613580218,24.082492111243177,7.025533624284863,92.604620976644,32.541287569701346,-229.92532936796738,-93.6777441901021,-163.98853894068873,101.54931904325625,221.24218876228937,114.27688843441551,142.37327144538324,83.60470797205852,89.1147201742329,271.15089403779155,-56.956520308602016,237.41393570598373,45.393682213867734,65.16730477624937,-249.7189499997002,-322.8487722199543,-128.29034667083388,-66.59783760693013,-62.293978082404564,41.91810766559675,142.61956513341931,-2.306341503374515,39.01557768733779,149.13256590904848,-203.74434627560692,194.27357913477044
52.772617712352066,7.151875533510422,21.162311592496156,-58.81357985739777,93.54143552429599,102.05527706064683,-14.866593172562155,-120.84685227972757,-25.453145414644183,-55.60378688398581,-12.082610307222083,-44.21678768436391,39.634879390628605,-12.774794765255981,34.005635706152006,19.265380987952714,56.543654707077735,105.33617963258004,-136.56604887610544,98.33897159685377,81.8403746282457,-21.184691892416453,-18.96544622597666,5.181533606855889,33.97058381656997,-117.81202043945613,12.29810178458258,4.20786404460882,47.710501247469104,16.328048807709273,-119.82993025402595,-48.51343464874409,-85.00101178915627,51.95564208790864,114.27688843441551,59.686589794459756,73.62815818541164,43.72630128996878,46.40737372310121,140.42150930545773,-30.138655093973743,123.58056519814464,24.32904704181759,33.48283027145569,-128.84398796872654,-166.80557751755444,-66.66825110360743,-34.26917914873997,-31.82369024797608,21.520923842024963,73.6174908533224,-1.3670142811961732,20.17594800187292,76.59168575079408,-105.57757526336178,100.33742998882428
65.72212602136088,9.129933431001005,25.689348026369778,-72.77274823565713,116.58793595257492,126.35383504482161,-17.214660813189894,-150.4511967371159,-31.29902183363877,-69.10490537273444,-15.081709759572647,-54.74841761287939,48.999197942582335,-15.797441516633716,42.41142611943419,24.161197778925363,69.70798761928715,131.13843711216205,-169.15565534871433,123.29494785564451,101.4061488019496,-26.907886770953723,-24.30833206610705,6.4751914912158925,42.2380902313983,-146.58655295167765,15.546770257424972,4.654844323271458,59.56371268068227,20.931054819620517,-148.19384966076362,-60.37187263691406,-105.6834406621152,65.29532398120317,142.37327144538324,73.62815818541164,91.66504144820401,53.85317405145154,57.315531434266475,174.70242586152239,-36.68712582754314,152.92161627102027,29.366843087317374,41.879011130904246,-160.6768839953968,-207.89861029569246,-82.66152032291382,-42.83495499953353,-40.006700300347866,27.029474140728915,91.75616202605373,-1.4687248686196313,25.142950092442724,95.98177318705034,-131.27219941212277,125.09105807044075
