V1,V2,V3,V4,V5,V6,V7,V8,V9,V10,V11,V12,V13,V14,V15,V16,V17,V18,V19,V20,V21,V22,V23,V24,V25,V26,V27,V28,V29,V30,V31,V32,V33,V34,V35,V36,V37,V38,V39,V40,V41,V42,V43,V44,V45,V46,V47,V48,V49,V50,V51,V52,V53,V54,V55,V56
0.251105298302257,0.06328563140449504,-0.33860454447706273,0.0017145623998344487,0.12124873918612973,-0.12226057184286905,0.4279629372472109,-0.06050806290323699,0.07329542490969743,-0.11360244369689429,-0.0601214336872167,0.09998976701796511,-0.04553505891220578,-0.0029142270588672797,0.16426678064411357,0.011458879227341411,-0.1562935068941362,0.2879559142885544,-0.1046284349801224,0.4576450022792058,0.004116817554152191,-0.3646555301266087,-0.12172391565245314,-0.05922069315871298,-0.029475001781747865,-0.18093692708134224,0.08672327363505435,-0.12337274021204649,0.10228805021129805,0.18626497000313386,0.003910281988800381,-0.1660677850096423,-0.028855648937360336,0.4070381177557151,0.1867957757396503,-0.227991653950707,0.07743272070855822,0.00901762826042951,0.0015369380327756393,0.10214520393213436,0.3244300443502101,-0.15072945814751185,-0.27325205189077056,0.07923851971889626,-0.3121711829644778,-0.32444273028150933,-0.08290818307162263,-0.13887712252933473,-0.1440991434342606,0.012599668435452328,0.1818513296983052,-0.023067416388584342,-0.07637131758108871,0.46021930522924503,-0.13589074671744805,0.25281624905937294
0.06328563140449504,0.49146360469869804,-0.8935183340713228,0.6915556346657608,-0.685172342119825,-0.9110192412422354,1.11624594404256,0.1237459169453447,0.8614323707452683,0.2473362137040679,-0.26863289159085557,0.3583986109547883,-0.7257695025279955,0.3821890496551932,0.5816527631332526,0.10308841633485846,-0.7820158600823226,-0.1241010681772585,0.3241204617387625,0.9108677448883603,0.05682675162897012,-0.27148072992879246,0.15748664383101424,0.315380185581587,0.1788043419327138,0.2865154809852123,-0.04808574502222398,-0.9553420167025344,0.4682597696455805,0.4615999707839842,0.9595031074693975,0.10553586173777423,0.29506872085354524,0.8819056187442796,0.7214789344033636,-0.441355678672186,0.25883101470677233,-0.35729128797626214,0.1482561250548384,-0.2563047169984438,0.4412325722724682,-0.49643389958415446,-1.0817464225304474,0.5627690983783142,-0.9301964197068385,-0.4038299671493648,0.2514035282482028,-0.41348489019208534,-0.7498406706727025,0.00858494776950135,0.5935219606325418,0.04833539602091866,-0.07336412931691384,0.7172866028896643,0.20714104690687052,0.3148800827254744
-0.33860454447706273,-0.8935183340713228,2.1899658682951912,-1.239160308756958,0.8621413871709821,1.9896636259733722,-2.968122536708773,-0.26261906044161554,-1.5477898101155432,-0.3047349021211697,0.40430899106408236,-0.8327685963621787,1.2301934627124984,-0.5510095086797968,-0.9413806778014979,-0.20387287769278006,1.8425930284737135,-0.07252880550429136,-1.037553889642094,-2.254632301321387,0.4151988721622926,1.2258619826456296,0.4606798644143547,-0.30816230910698983,-0.027388416239456426,-0.32849187914414735,-0.19144458276267737,1.8320771259211153,-0.7239561437770989,-1.23537197193287,-2.113783464776149,0.08095575024599877,-0.5446753460902442,-2.042500926817178,-1.0650781201166593,1.461008318565292,-0.3793776503683323,0.9757015647693658,0.23426162823415092,0.4922418036133779,-1.664279335649628,1.7511571332406233,2.4245243501714904,-0.8897440514751196,1.5094737454881684,0.8300216568859613,-0.48164956911495266,0.8110692756522538,1.331916584372611,-0.17362227728649926,-0.9710814963619333,-0.19243600871696623,0.27188025432727286,-1.878520543807669,-0.3163966038894338,-0.6983052046493919
0.0017145623998344487,0.6915556346657608,-1.239160308756958,1.2607655250474878,-0.9270347803068115,-1.5575113252408461,1.7990035389541736,0.323201366357255,1.2951092151276116,0.5214935339670042,-0.41670282300025663,0.6799929221750259,-1.2677071512478642,0.6390245211173992,0.8202713798410504,0.23106315430623406,-1.2254127633557252,-0.3751102393917163,0.9489394625225874,1.2897179031329615,-0.08501818448967212,-0.3421677741125772,0.16010757749181417,0.5096306971549543,0.32960502657656365,0.6647437778838248,-0.026196458931938435,-1.4566146434721399,0.7307075938406626,0.7636078910198872,1.763909792232026,0.38961592360247205,0.5976240651072591,1.2455526334478182,0.905149500373499,-0.7862764904649138,0.18221851938419198,-0.6288750240277434,0.0959092678536131,-0.5716951730730324,0.7534258650281738,-0.9407721502889737,-1.7744062312519038,0.8400116418587215,-1.3431607579356561,-0.42796104517001265,0.6523171760176489,-0.52361132849890335,-1.181823993774333,0.026252784433824564,0.747176424176218,0.14335709397591834,-0.003279917738326531,0.9690798609314547,0.5643769372391371,0.34857974954621246
0.12124873918612973,-0.685172342119825,0.8621413871709821,-0.9270347803068115,4.593866237559303,1.287449811004341,1.8570758842064008,-2.0968305213633913,-1.6848350664572938,-0.804792529886748,0.7385790006623506,-0.4929853352523206,1.4515110162792946,-1.0197372680722923,-1.654542626145399,0.8958395587950329,0.34480836809711746,1.3680667053542115,1.9611603124626964,1.8130506619502578,-1.7531369594918944,-1.4549144404100212,-4.533841430477047,-0.8540500986056189,-0.36884102827998777,-1.8969869867951739,1.5283660018032095,0.7378898772674304,-0.3412489088175274,1.4779675695428565,0.1682612467029377,-0.5152593980299183,-1.4860020417144189,-0.07534332384611672,-0.955291483120603,-0.7787438454795517,-0.1642924759186373,-1.2645770333612942,-2.482569900900006,2.1335707844108107,1.8663305369671108,-1.1885229512590023,-0.12440861400370462,-0.7394495719147696,0.7724469621532521,-1.4934143536052376,0.23556106646828517,0.4619860058982461,0.5045968774624713,1.5782058684224227,-1.0347962033708444,1.1690979921692168,0.9431435712766297,0.8880873294941418,-1.0282620776598006,0.6918039636771877
-0.12226057184286905,-0.9110192412422354,1.9896636259733722,-1.5575113252408461,1.287449811004341,2.2088381199404306,-2.665575389215163,-0.5753476919001023,-1.7094042742464088,-0.5854978170057937,0.48801021375229997,-0.9537443056850878,1.5521541768148717,-0.7427223837876844,-1.0272636927750998,-0.20082056326003053,1.8232606405357472,0.36829220999323575,-1.2653080265640444,-1.819401334299741,0.32486455068516334,0.8000468551299275,-0.03042253135834618,-0.4985066197521093,-0.1923174651270809,-0.8075285269037256,-0.02515343322805931,1.9027585393005624,-0.7948201177801817,-1.0669474471027671,-2.3715957814489315,-0.28656421219540384,-0.8291371247699539,-1.8048877286212712,-1.0059306727405002,1.330341735544769,-0.2094573153526552,0.9143238556886053,0.0425815630026826,0.8756586911208541,-1.344743315762647,1.6421674639727202,2.43034653459149,-0.9756568398702832,1.5092442127501307,0.445461360366612,-0.7503606914944153,0.7240907383477043,1.4238862751798322,-0.023704335953754357,-0.9166929323908365,-0.15241082958403196,0.20060423630449875,-1.4840521141865273,-0.6981493436412592,-0.4397916338270869
0.4279629372472109,1.11624594404256,-2.968122536708773,1.7990035389541736,1.8570758842064008,-2.665575389215163,6.581686217452275,-1.1188315571575964,1.6048851497791696,0.17457998845877873,-0.2069757806324518,1.1385297722391916,-1.3422462622254872,0.36464653658705215,0.422682795770722,1.1641936342984334,-2.9983539510120316,0.8109501207592262,3.701210914677531,5.223085447520071,-2.041194542171156,-2.8994773961230926,-4.1512674302410115,0.11496083644416724,-0.015341417819564772,-0.5601383145623486,1.4402084298826203,-2.853689881400828,1.1688542112491982,3.3231249172339345,4.2297024973152695,-0.18366343049714387,-0.0555010682105322,3.3808623372814117,1.230701799544967,-3.037025638948151,0.4928851777874726,-2.8056702711140193,-2.2694338845763897,0.6411578192328022,4.130795833878649,-3.9106993798879133,-4.491524285554974,1.161581350319206,-2.213787695353962,-2.5009502044748855,1.3303097392124816,-1.0300766244282857,-2.1557870961841505,1.541660619587532,0.9208342250757136,1.3289018402068153,0.43677714731887,3.723739464798777,0.0365636325121875,1.638916653825781
-0.06050806290323699,0.1237459169453447,-0.26261906044161554,0.323201366357255,-2.0968305213633913,-0.5753476919001023,-1.1188315571575964,1.271034706494945,0.5433183357263756,0.37189891153199944,-0.2602766478138865,0.28172281344460237,-0.5475231348974969,0.37297475472176594,0.5774562603553659,-0.5215150742441537,-0.04629689852711011,-0.7189065048108004,-0.7956030013392221,-1.2862672893319107,0.6315223720550464,0.6771749025960357,2.157018608453807,0.2335434386216628,0.01500594706372761,1.0225240338762476,-0.7062076834766903,-0.009427196604093102,-0.08740768520488194,-0.8626064008290005,-0.1944259810572579,0.2609469747921552,0.821940815296853,-0.2450948296022972,-0.044759566182514726,0.2808886392936326,-0.20911433960011205,0.6967569853792459,1.046782254625269,-1.2530416510509954,-0.8396444537143275,0.40411395458453164,0.30554231477206334,0.07679644175554186,0.15435701600886984,1.1537401397889162,-0.07901609585826344,-0.026862987164812984,0.06901893591091011,-0.8404005996806996,0.15673009597252022,-0.610947807174811,-0.5158165228874249,-0.6790525559668887,0.6295876633146232,-0.5881866342278459
0.07329542490969743,0.8614323707452683,-1.5477898101155432,1.2951092151276116,-1.6848350664572938,-1.7094042742464088,1.6048851497791696,0.5433183357263756,1.6041778848221542,0.5422297957444846,-0.5307569367640909,0.6964490931742223,-1.4070339362928312,0.7616996250943598,1.136313380704675,0.058816910516056316,-1.3321017445662289,-0.42726987142262857,0.4027059396873806,1.201110437361962,0.25438400111493265,-0.25452690318785987,0.8270537957770762,0.6136588792235058,0.33441459223286546,0.7841311385212172,-0.26161689106112895,-1.6307411534881655,0.79098918023365306,0.568016094852484,1.6177013043393127,0.29260318781241307,0.7296281967062945,1.4163882410074704,1.2079082408768538,-0.6725254701722372,0.36226383284284697,-0.43209953135813356,0.5189575625800613,-0.7718841044801343,0.5204888943706487,-0.7340130425487251,-1.7739358122806896,0.9864310717080003,-1.5577205287072005,-0.3784632177605498,0.4499441391395595,-0.6955841708348057,-1.2754112568589824,-0.19951641575349155,1.0374662376413692,-0.06374481085753342,-0.2291351610807809,1.0182052154292902,0.5490995496275983,0.3715839166372486
-0.11360244369689429,0.2473362137040679,-0.3047349021211697,0.5214935339670042,-0.804792529886748,-0.5854978170057937,0.17457998845877873,0.37189891153199944,0.5422297957444846,0.31437576272287804,-0.19533852307863608,0.24872965885061785,-0.5640875654848826,0.32299481374239697,0.37220734268102046,-0.017529067319336247,-0.3369424634898114,-0.3978283466331637,0.16839690942340016,-0.002477804033042522,0.1596976659357449,0.2177782510623115,0.6076310870622544,0.2821825901216873,0.1776351282553756,0.5174086704279932,-0.20498426480696874,-0.46913316984318537,0.2375474953765852,0.0013758692920934033,0.5444625996647002,0.2860835805477897,0.3815603137240441,0.21658393889901645,0.2909330788252083,-0.07095122024892536,0.005655537870681522,-0.04511656329875423,0.30301316519137095,-0.4709536618751055,-0.10434106631687959,-0.09494896445828196,-0.4359835342997015,0.3110695875778524,-0.39220311601720503,0.17402528646984855,0.24932766565198422,-0.138861037490183,-0.3757481882198962,-0.17713056937320587,0.2550120817326438,-0.07145388232321162,-0.05047432452894126,0.0010437603336012633,0.3772496060991428,-0.07870084740617814
-0.0601214336872167,-0.26863289159085557,0.40430899106408236,-0.41670282300025663,0.7385790006623506,0.48801021375229997,-0.2069757806324518,-0.2602766478138865,-0.5307569367640909,-0.19533852307863608,0.23656924519354197,-0.22624011362204957,0.5168419395904581,-0.30344920694407806,-0.4932342348565282,0.03274198279587839,0.29470436790939963,0.1673548184829265,0.14370921623183158,-0.19538547373082452,-0.3084921681137606,-0.0829149409357925,-0.6603273152526564,-0.2568733420431716,-0.19185450163414855,-0.32503387696731256,0.19625999535262376,0.4659582938023221,-0.30699821804704247,-0.019881877068289304,-0.31372255053411174,-0.14687276795777923,-0.28892418236869205,-0.401584697506334,-0.48270003611694573,0.0489091561358086,-0.11777829848106011,-0.08002919292391239,-0.425100844920571,0.30549665343673776,0.08004274294172459,-0.05366796583581034,0.4382933209391429,-0.36091611209961405,0.6286022486738959,0.0905999104839718,-0.09289260022366194,0.22812992545777616,0.4283163073056793,0.19843404894368566,-0.41226532951346867,0.1285844566835848,0.0957900044557933,-0.2236356592119614,-0.1981334984782535,-0.10970047277616743
0.09998976701796511,0.3583986109547883,-0.8327685963621787,0.6799929221750259,-0.4929853352523206,-0.9537443056850878,1.1385297722391916,0.28172281344460237,0.6964490931742223,0.24872965885061785,-0.22624011362204957,0.4505335405746393,-0.6908167494238885,0.322597068106123,0.460842414759694,0.08923855249718288,-0.7511604685543015,-0.1299567655968148,0.5501959604816395,0.7713475094827971,-0.1337972862130282,-0.36562484136823803,0.04536163849898836,0.19918841878006158,0.09803757093256725,0.3593430268503614,0.02256719684007362,-0.7734420289635257,0.35499113929436354,0.45440248023919355,0.9879847668855468,0.14561194894665,0.38319777228209734,0.7877977841115424,0.40440827981098476,-0.5950212295545287,0.03609078378157144,-0.33586449830874765,2.487612470510999e-4,-0.39628206080031064,0.598671064139063,-0.6939807848926808,-1.0485737901724974,0.4088020487799924,-0.6812574375109742,-0.1925906939365208,0.3433494321850236,-0.293582457408706,-0.6156320600646081,-0.01693630246818119,0.38008169660653757,0.04792887188097613,-0.0790569952959904,0.6559390332204119,0.32265670348806036,0.1979581650259286
-0.04553505891220578,-0.7257695025279955,1.2301934627124984,-1.2677071512478642,1.4515110162792946,1.5521541768148717,-1.3422462622254872,-0.5475231348974969,-1.4070339362928312,-0.5640875654848826,0.5168419395904581,-0.6908167494238885,1.3768715585737283,-0.7396889950873448,-1.0455469166479856,-0.0936325704670649,1.1113454478117948,0.46585232594330345,-0.47490221667766513,-0.9666599127776299,-0.26090851920158054,0.10755776340073674,-0.855353845334481,-0.5997218871945678,-0.4011127387535635,-0.8265767782168388,0.2449611546233842,1.42217486007381,-0.7715653170382079,-0.4815265873976621,-1.487379824720732,-0.42289998754347236,-0.7305798957457664,-1.194948023273588,-1.0500762409391395,0.5636521874125054,-0.21447230505613182,0.3146623915768896,-0.5197686439329154,0.759461730730879,-0.38427075055903004,0.5718728363148478,1.5924238175196452,-0.9073373782106089,1.4734907880001522,0.2886076471749918,-0.5308677822457544,0.564976889669047,1.1925619218673866,0.21876389078709638,-0.892334439959926,0.05830656953782133,0.12263320999690194,-0.8129445358954592,-0.6151655049354992,-0.29230611471951207
-0.0029142270588672797,0.3821890496551932,-0.5510095086797968,0.6390245211173992,-1.0197372680722923,-0.7427223837876844,0.36464653658705215,0.37297475472176594,0.7616996250943598,0.32299481374239697,-0.30344920694407806,0.322597068106123,-0.7396889950873448,0.4276811799409249,0.6199350563698871,-0.018749311606163086,-0.47004775915297453,-0.3259091287534502,-0.004243883488715451,0.2601423645381229,0.32559300393666074,0.13981070782379182,0.8055016441452962,0.36955041533128485,0.2548723746930392,0.5152044649474816,-0.25286943121730426,-0.6912489550163464,0.40461178066217124,0.07001232169434392,0.5999601666179291,0.25587361242643114,0.4241788022486327,0.51065893567591,0.6027548549922757,-0.11067911453750569,0.13417749239647675,-0.003012337612069687,0.4879137016575751,-0.4698180905082244,-0.0684656821356934,-0.04744880090382883,-0.6610034332008967,0.4922151949210754,-0.7815356768674858,-0.04810452473876948,0.21143352574886046,-0.29118746864752443,-0.5940868454103361,-0.2290869377647185,0.5111239147863673,-0.12388523909254967,-0.10186228434966957,0.255095843935314,0.3427889437119499,0.09001368899579273
0.16426678064411357,0.5816527631332526,-0.9413806778014979,0.8202713798410504,-1.654542626145399,-1.0272636927750998,0.422682795770722,0.5774562603553659,1.136313380704675,0.37220734268102046,-0.4932342348565282,0.460842414759694,-1.0455469166479856,0.6199350563698871,1.0601567220042332,-0.11847399663432095,-0.6452303054341583,-0.3113183803245757,-0.43036754661755705,0.41164898736732247,0.6740717684874894,0.12456875361653046,1.443565777850941,0.5130625052580259,0.35194247990049077,0.6502743340777768,-0.4359496405531434,-0.976370421595322,0.6113074440781923,0.010243897216597365,0.5900418349772435,0.22746397385880973,0.6037655535292128,0.8834973096901972,1.0284990433727264,-0.11281301240882802,0.28626397266673864,0.19516448046024254,0.928768259387403,-0.6570029197313861,-0.15872293203293378,0.10536072066657262,-0.8954111712177406,0.743848643180052,-1.2908692303455804,-0.17927726270995076,0.11244122451018762,-0.5101346982333091,-0.8669690775922961,-0.4471454750256615,0.8966110558516258,-0.3106602878706617,-0.2731857800531534,0.5090157308877231,0.3701889983459495,0.2392577702668717
0.011458879227341411,0.10308841633485846,-0.20387287769278006,0.23106315430623406,0.8958395587950329,-0.20082056326003053,1.1641936342984334,-0.5215150742441537,0.058816910516056316,-0.017529067319336247,0.03274198279587839,0.08923855249718288,-0.0936325704670649,-0.018749311606163086,-0.11847399663432095,0.3532449121784479,-0.3527523770233136,0.22872102747107645,0.851755389712629,1.0179646187674367,-0.45395086654967914,-0.4758625642095976,-1.1643282138894142,0.0010942717736109344,0.06709208203832831,-0.29109610311945844,0.39453063631887264,-0.391883869553728,0.2266150747667939,0.6986828682152447,0.7033435306549992,0.017251005870197022,-0.2173234009718287,0.455290868783979,0.17352557839548782,-0.4456490660801266,0.08221139900965173,-0.5899032541338387,-0.6055552079389286,0.4300594020012939,0.7310453060321873,-0.5973125331634905,-0.7044369401869233,0.16288632544353204,-0.3804175065294782,-0.6454551798548568,0.3017161951884188,-0.09477392770188973,-0.3531461401221304,0.4605714179552542,0.05273384358834787,0.38656115622760456,0.2857879066235654,0.6078963179125038,-0.09870036851220707,0.3565322923732602
-0.1562935068941362,-0.7820158600823226,1.8425930284737135,-1.2254127633557252,0.34480836809711746,1.8232606405357472,-2.9983539510120316,-0.04629689852711011,-1.3321017445662289,-0.3369424634898114,0.29470436790939963,-0.7511604685543015,1.1113454478117948,-0.47004775915297453,-0.6452303054341583,-0.3527523770233136,1.7314610839995617,0.004034215584244083,-1.4957842364713694,-2.2199009421381355,0.6613112381489,1.1379643860835984,0.968256764745123,-0.28417017366328823,-0.053581583233416157,-0.2785058938063223,-0.33762053502786327,1.7224950755449506,-0.6688165861690943,-1.3481937988589785,-2.2670274929143788,-0.04948804247676826,-0.41706604658623564,-1.782914052416098,-0.8428757190470686,1.436031581081894,-0.2784113212693025,1.1844622882355456,0.5646408420237286,0.3222316607808886,-1.7053224463350016,1.839001871051811,2.3556962106604913,-0.7909396351829383,1.280864579876148,0.8129674971389577,-0.6624188800086594,0.6579602610651251,1.2483855721079398,-0.3800256639299078,-0.7267174413939047,-0.3873360616604389,0.05173366736239994,-1.6887722089185324,-0.34850578024463535,-0.6169318614433179
0.2879559142885544,-0.1241010681772585,-0.07252880550429136,-0.3751102393917163,1.3680667053542115,0.36829220999323575,0.8109501207592262,-0.7189065048108004,-0.42726987142262857,-0.3978283466331637,0.1673548184829265,-0.1299567655968148,0.46585232594330345,-0.3259091287534502,-0.3113183803245757,0.22872102747107645,0.004034215584244083,0.721884947685355,0.2415211051022268,0.9270993389310419,-0.4083050918126851,-0.7421986515709019,-1.3528209189806997,-0.3097131512695802,-0.1558542510466826,-0.8074411775961763,0.48463850761208294,0.12617708734871877,-0.025371233548565506,0.5369908203064554,-0.1167758835730698,-0.39476700669937276,-0.5261456309538631,0.3468762605909934,-0.031049179797172102,-0.34236370011622635,0.1168450926781605,-0.30170476894432324,-0.6411344527349051,0.7892001157504795,0.7475747704484298,-0.3559971399405212,-0.1794107454434039,-0.1440124527625033,-0.06550310667514604,-0.783337438625447,-0.1364914030318122,-0.027791651131057932,0.05404923701727534,0.45327505646664135,-0.0758013056513804,0.2791100223050416,0.15722489819050453,0.6806972029803852,-0.5312053127650921,0.46731370657536897
-0.1046284349801224,0.3241204617387625,-1.037553889642094,0.9489394625225874,1.9611603124626964,-1.2653080265640444,3.701210914677531,-0.7956030013392221,0.4027059396873806,0.16839690942340016,0.14370921623183158,0.5501959604816395,-0.47490221667766513,-0.004243883488715451,-0.43036754661755705,0.851755389712629,-1.4957842364713694,0.2415211051022268,3.06533425400603,2.632629421159754,-1.7761791668597795,-1.5219252575830469,-3.2762978410583297,-0.09265686405638189,-0.0972893418839917,-0.28914114544555886,1.088249179897439,-1.2424243988311927,0.3818964977938485,1.998237130910885,2.6827407969363533,0.1338133668176385,-0.15080898769761997,1.290425532806216,-0.049287128325873134,-1.7889766719747158,-0.09268160077258758,-1.952655736734844,-1.9969399509952854,0.4522518719895232,2.4961775724234765,-2.575851461582596,-2.312865215310032,0.30086865783326644,-0.46032142157228917,-1.0446551906431036,1.1151051979948055,-0.193676644206527,-0.8721664293686779,1.185233356947482,-0.14207707137913347,1.0708184844081456,0.5701744755569366,1.614254047054913,0.2019052760324174,0.5866529672304541
0.4576450022792058,0.9108677448883603,-2.254632301321387,1.2897179031329615,1.8130506619502578,-1.819401334299741,5.223085447520071,-1.2862672893319107,1.201110437361962,-0.002477804033042522,-0.19538547373082452,0.7713475094827971,-0.9666599127776299,0.2601423645381229,0.41164898736732247,1.0179646187674367,-2.2199009421381355,0.9270993389310419,2.632629421159754,4.46610871988933,-1.4100019991777757,-2.3419497651724512,-3.4269519923738097,0.12638414704634907,0.11324613717187124,-0.7841670554165836,1.2001983658065412,-2.2797541353594597,1.0887479665975732,2.724885644169611,3.0753494712141385,-0.24897033812326644,-0.3066956790512183,2.8221973400285405,1.317718792373604,-2.2349922571439467,0.6051080729561878,-2.149787539046287,-1.7091795485409345,0.9483900685071459,3.1992617223357906,-2.7585044792944657,-3.5268352824238463,1.0363019935739533,-2.1518207099016187,-2.498682226185169,0.9091225497822483,-0.9089832717283551,-1.8318384792570508,1.3261878860882368,0.9353585373504782,1.0907202377373169,0.45259518165274365,3.169453565619846,-0.26480759947972166,1.5973886852780168
0.004116817554152191,0.05682675162897012,0.4151988721622926,-0.08501818448967212,-1.7531369594918944,0.32486455068516334,-2.041194542171156,0.6315223720550464,0.25438400111493265,0.1596976659357449,-0.3084921681137606,-0.1337972862130282,-0.26090851920158054,0.32559300393666074,0.6740717684874894,-0.45395086654967914,0.6613112381489,-0.4083050918126851,-1.7761791668597795,-1.4100019991777757,1.3353096973602852,1.1330856455942582,2.4971843952135875,0.3728072646222525,0.33640736492378276,0.5332454717704328,-0.8183128207000113,0.26673050974461177,0.12087184608821021,-1.1369856494672275,-1.1847155171391015,0.19784807397704846,0.3430670439211613,-0.4931921355979001,0.502503385538012,1.0987178307038608,0.14988231895161172,1.1689025388637924,1.5475263718025614,-0.5079262239763271,-1.6500050287950514,1.646812451796468,0.95190344046553,0.2049057945764853,-0.3630776008911023,0.51672173627973494,-0.4528347978180384,-0.057916232842606,0.05696427885235711,-0.8281692284443566,0.44172490320844665,-0.6813024594645878,-0.30058341308444575,-0.8651074592789887,0.12867274837234102,-0.27149096120983
-0.3646555301266087,-0.27148072992879246,1.2258619826456296,-0.3421677741125772,-1.4549144404100212,0.8000468551299275,-2.8994773961230926,0.6771749025960357,-0.25452690318785987,0.2177782510623115,-0.0829149409357925,-0.36562484136823803,0.10755776340073674,0.13981070782379182,0.12456875361653046,-0.4758625642095976,1.1379643860835984,-0.7421986515709019,-1.5219252575830469,-2.3419497651724512,1.1330856455942582,1.632028416520876,2.37159868226145,0.26819425526373813,0.2580424883983253,0.6685135677822839,-0.8322685416939819,0.846102421114561,-0.2490602468932028,-1.486733852294558,-1.4445435350018598,0.39702661646742443,0.2783818106407803,-1.399715508672204,-0.18894751275642482,1.4467584162073082,-0.15199823227695797,1.205520713562631,1.3129546231903741,-0.566684120224827,-2.090224067612499,1.847134533454177,1.6824566514780104,-0.19029845954041202,0.5465694083236531,1.1643343961087709,-0.35662526904062836,0.3442427437460993,0.585839447676207,-0.7922005297993284,-0.1530368526404341,-0.6115215092003501,-0.13944263231733162,-1.7440945083096695,0.27779538493986927,-0.7700610534977664
-0.12172391565245314,0.15748664383101424,0.4606798644143547,0.16010757749181417,-4.533841430477047,-0.03042253135834618,-4.1512674302410115,2.157018608453807,0.8270537957770762,0.6076310870622544,-0.6603273152526564,0.04536163849898836,-0.855353845334481,0.8055016441452962,1.443565777850941,-1.1643282138894142,0.968256764745123,-1.3528209189806997,-3.2762978410583297,-3.4269519923738097,2.4971843952135875,2.37159868226145,5.669317780287056,0.751508100673376,0.4838463467470208,1.7929931591628643,-1.8692776133027909,0.45303905672211847,0.02900942772405149,-2.5274514824687926,-1.9140900073161107,0.5726085540684468,1.287776524275988,-1.0912587868434236,0.5706597701494103,1.9052097723083599,-0.03227057526337168,2.3517517194278086,3.2027846048732305,-1.9683312005049258,-3.2584862056851343,2.7805874047257495,1.773201169939991,0.3103468497729993,-0.22179623289288228,1.9776260010576654,-0.7081483058619311,-0.04825495017651535,0.22965858974065112,-2.000974926783869,0.6943769450385727,-1.5602434302073114,-0.9106858025799386,-2.0480629221792817,0.8280749418007104,-1.0481483387320734
-0.05922069315871298,0.315380185581587,-0.30816230910698983,0.5096306971549543,-0.8540500986056189,-0.4985066197521093,0.11496083644416724,0.2335434386216628,0.6136588792235058,0.2821825901216873,-0.2568733420431716,0.19918841878006158,-0.5997218871945678,0.36955041533128485,0.5130625052580259,0.0010942717736109344,-0.28417017366328823,-0.3097131512695802,-0.09265686405638189,0.12638414704634907,0.3728072646222525,0.26819425526373813,0.751508100673376,0.3612107380242329,0.2795372922775607,0.4193082183317012,-0.24923427293751263,-0.5513206273352318,0.3664265301275707,-0.0036988088906931933,0.4072980902663712,0.2578346112392644,0.3034971880629731,0.32331444042792323,0.5686055143060543,0.06616736014427789,0.1553753213926045,0.04219276391530279,0.48169847942248906,-0.3176776884527316,-0.23839576643851212,0.15705395832890007,-0.4403178370995238,0.437035182615477,-0.6930900502980869,-0.0714807876708432,0.16152786569131639,-0.22914786256869518,-0.4985779081775589,-0.18750566592717785,0.44693800850813653,-0.10050727755955961,-0.03063631583853215,0.09821475451546208,0.25983826330956544,0.07106982368678243
-0.029475001781747865,0.1788043419327138,-0.027388416239456426,0.32960502657656365,-0.36884102827998777,-0.1923174651270809,-0.015341417819564772,0.01500594706372761,0.33441459223286546,0.1776351282553756,-0.19185450163414855,0.09803757093256725,-0.4011127387535635,0.2548723746930392,0.35194247990049077,0.06709208203832831,-0.053581583233416157,-0.1558542510466826,-0.0972893418839917,0.11324613717187124,0.33640736492378276,0.2580424883983253,0.4838463467470208,0.2795372922775607,0.2920350255897816,0.2112596228488878,-0.1448989279010178,-0.32557257975127013,0.3269470402389113,0.0068671898754648596,0.1719591212895297,0.23138208587161227,0.12618959027023563,0.1797728902101119,0.4663624122429434,0.15840046437436778,0.11832111311508205,0.09017051183702031,0.36641673379079376,-0.06154910053672747,-0.2591644397805729,0.3023573983882677,-0.24315794938523297,0.3318577545373626,-0.6181014235696584,-0.2031587131927196,0.1275411985271062,-0.13583924165451902,-0.3835392113571681,-0.09331037694094566,0.32775967193146965,-0.04091126456945106,0.08504339231717488,0.049914559629383,0.12612021396351206,0.12165049492913935
-0.18093692708134224,0.2865154809852123,-0.32849187914414735,0.6647437778838248,-1.8969869867951739,-0.8075285269037256,-0.5601383145623486,1.0225240338762476,0.7841311385212172,0.5174086704279932,-0.32503387696731256,0.3593430268503614,-0.8265767782168388,0.5152044649474816,0.6502743340777768,-0.29109610311945844,-0.2785058938063223,-0.8074411775961763,-0.28914114544555886,-0.7841670554165836,0.5332454717704328,0.6685135677822839,1.7929931591628643,0.4193082183317012,0.2112596228488878,1.0630232868922405,-0.5977690318432309,-0.4187687080936923,0.18293600769598595,-0.5092055553434007,0.37060094690447165,0.4551548560259728,0.7957864719170734,-0.008954652742199155,0.2523834916433049,0.1666912781085666,-0.11102852484497298,0.36161045966950245,0.8860830340228106,-1.1101032382751983,-0.655073632227689,0.2246499512557966,-0.17795232328006455,0.3374929701311327,-0.2802865492230603,0.8104086674720301,0.20392212001272852,-0.1218013179981229,-0.30750845253726583,-0.6273248167346295,0.3122306226906731,-0.3970869297160909,-0.2936263669596556,-0.4574650775301081,0.708989058741575,-0.4194699598248485
0.08672327363505435,-0.04808574502222398,-0.19144458276267737,-0.026196458931938435,1.5283660018032095,-0.02515343322805931,1.4402084298826203,-0.7062076834766903,-0.26161689106112895,-0.20498426480696874,0.19625999535262376,0.02256719684007362,0.2449611546233842,-0.25286943121730426,-0.4359496405531434,0.39453063631887264,-0.33762053502786327,0.48463850761208294,1.088249179897439,1.2001983658065412,-0.8183128207000113,-0.8322685416939819,-1.8692776133027909,-0.24923427293751263,-0.1448989279010178,-0.5977690318432309,0.6317440565811958,-0.1684497151903155,0.02435810253555725,0.8666266761584909,0.6458580836555692,-0.18719666833103882,-0.41057143567752763,0.42875404395143907,-0.1589913968630242,-0.6705393672712069,8.958430157040932e-4,-0.760026764160925,-1.045368635441194,0.6502990714995026,1.1266203823091065,-0.935274928489226,-0.6451556256723003,-0.08104265182103457,-0.005790218759412552,-0.7037930161789298,0.246334478790114,-8.190749506551183e-5,-0.11661579759474337,0.652997294271744,-0.20058575016239133,0.5094346285668377,0.3011307526217429,0.7488233790059018,-0.2709062924778289,0.38673020940388747
-0.12337274021204649,-0.9553420167025344,1.8320771259211153,-1.4566146434721399,0.7378898772674304,1.9027585393005624,-2.853689881400828,-0.009427196604093102,-1.6307411534881655,-0.46913316984318537,0.4659582938023221,-0.7734420289635257,1.42217486007381,-0.6912489550163464,-0.976370421595322,-0.391883869553728,1.7224950755449506,0.12617708734871877,-1.2424243988311927,-2.2797541353594597,0.26673050974461177,0.846102421114561,0.45303905672211847,-0.5513206273352318,-0.32557257975127013,-0.4187687080936923,-0.1684497151903155,1.9984413383399475,-0.9618928112546804,-1.2958471509786982,-2.2980462423241796,-0.2191413071456633,-0.4797345991837807,-1.9117292169580715,-1.330884379223112,1.188987025273368,-0.4546331990270164,1.055513027456899,0.16017817786335967,0.316775516061702,-1.3581402409432526,1.4308166898207009,2.4800309223954717,-1.100082697981145,1.8547677145540087,1.0320174258903592,-0.6978230651012949,0.7983725021260287,1.5743883679571786,-0.28413742487401317,-1.0656863611557095,-0.3262809093447503,-0.011938689009073822,-1.696902192548424,-0.39447738013232386,-0.7433969700355989
0.10228805021129805,0.4682597696455805,-0.7239561437770989,0.7307075938406626,-0.3412489088175274,-0.7948201177801817,1.1688542112491982,-0.08740768520488194,0.79098918023365306,0.2375474953765852,-0.30699821804704247,0.35499113929436354,-0.7715653170382079,0.40461178066217124,0.6113074440781923,0.2266150747667939,-0.6688165861690943,-0.025371233548565506,0.3818964977938485,1.0887479665975732,0.12087184608821021,-0.2490602468932028,0.02900942772405149,0.3664265301275707,0.3269470402389113,0.18293600769598595,0.02435810253555725,-0.9618928112546804,0.6163553905179703,0.5641137928356508,0.9313497822691121,0.1895351945401056,0.19853383609696137,0.9278945219332763,0.8633825661369309,-0.37640848915617997,0.27442519924724973,-0.33277234447797455,0.15204325831988125,-0.04101469746488029,0.4245082263344296,-0.33183976512284635,-1.1370915896710572,0.6457085734221548,-1.2114197371650552,-0.6827706237472939,0.3226452772847122,-0.41216258294851094,-0.8789806955272657,0.08598664356470065,0.6533228439309138,0.11545175915531121,0.08514076929140495,0.802102198232753,0.15214627682079157,0.4624120395298008
0.18626497000313386,0.4615999707839842,-1.23537197193287,0.7636078910198872,1.4779675695428565,-1.0669474471027671,3.3231249172339345,-0.8626064008290005,0.568016094852484,0.0013758692920934033,-0.019881877068289304,0.45440248023919355,-0.4815265873976621,0.07001232169434392,0.010243897216597365,0.6986828682152447,-1.3481937988589785,0.5369908203064554,1.998237130910885,2.724885644169611,-1.1369856494672275,-1.486733852294558,-2.5274514824687926,-0.0036988088906931933,0.0068671898754648596,-0.5092055553434007,0.8666266761584909,-1.2958471509786982,0.5641137928356508,1.7703734391880863,2.034037462430975,-0.11002554743512329,-0.24156428662710086,1.5804468718358964,0.5430565852710691,-1.4699386110292643,0.24954371844011564,-1.4945086441901427,-1.3569055316926457,0.6297687096936825,2.122052750115757,-1.9146385872536507,-2.1478465616835916,0.506467248223895,-1.0422720097326232,-1.4415419347527325,0.6802799273774905,-0.4392610608121385,-1.0101585395527568,0.9508453891826715,0.34523027434719494,0.797964888032559,0.3765023272564434,1.8564960534788628,-0.12083016619219246,0.8911834365062197
0.003910281988800381,0.9595031074693975,-2.113783464776149,1.763909792232026,0.1682612467029377,-2.3715957814489315,4.2297024973152695,-0.1944259810572579,1.6177013043393127,0.5444625996647002,-0.31372255053411174,0.9879847668855468,-1.487379824720732,0.5999601666179291,0.5900418349772435,0.7033435306549992,-2.2670274929143788,-0.1167758835730698,2.6827407969363533,3.0753494712141385,-1.1847155171391015,-1.4445435350018598,-1.9140900073161107,0.4072980902663712,0.1719591212895297,0.37060094690447165,0.6458580836555692,-2.2980462423241796,0.9313497822691121,2.034037462430975,3.386431977047434,0.2969531142167851,0.4563351374477517,2.194821946536741,0.9543111239779031,-1.9636844512813505,0.24401994814925485,-1.8798641824296396,-1.146476317702116,-0.25195212798049915,2.4074391090714564,-2.6278632187037463,-3.253846846425022,1.0306792697494362,-1.6248918184938452,-1.1526174259439579,1.201318777039205,-0.7331823207104097,-1.709472718723346,0.7689569675337888,0.7465326778109441,0.779700156867888,0.23669182783923898,2.1350376458973686,0.5675522460210466,0.7840996803654352
-0.1660677850096423,0.10553586173777423,0.08095575024599877,0.38961592360247205,-0.5152593980299183,-0.28656421219540384,-0.18366343049714387,0.2609469747921552,0.29260318781241307,0.2860835805477897,-0.14687276795777923,0.14561194894665,-0.42289998754347236,0.25587361242643114,0.22746397385880973,0.017251005870197022,-0.04948804247676826,-0.39476700669937276,0.1338133668176385,-0.24897033812326644,0.19784807397704846,0.39702661646742443,0.5726085540684468,0.2578346112392644,0.23138208587161227,0.4551548560259728,-0.18719666833103882,-0.2191413071456633,0.1895351945401056,-0.11002554743512329,0.2969531142167851,0.3571707554464786,0.2807706808326461,-0.06561395621783464,0.16010968048018678,0.13177473959405672,-0.06967660382981983,0.06758228221788937,0.29405303251213694,-0.3358201894534822,-0.31409225601093965,0.1647100980674725,-0.14299357112856217,0.21107463075156188,-0.2635727955678684,0.2065005823408982,0.25101782473866535,-0.008289634285655437,-0.24072146084875554,-0.15547753136472436,0.11128173325506927,-0.05140402730605036,0.06767208992235023,-0.24191560120507535,0.3429697724791642,-0.13845002793170916
-0.028855648937360336,0.29506872085354524,-0.5446753460902442,0.5976240651072591,-1.4860020417144189,-0.8291371247699539,-0.0555010682105322,0.821940815296853,0.7296281967062945,0.3815603137240441,-0.28892418236869205,0.38319777228209734,-0.7305798957457664,0.4241788022486327,0.6037655535292128,-0.2173234009718287,-0.41706604658623564,-0.5261456309538631,-0.15080898769761997,-0.3066956790512183,0.3430670439211613,0.2783818106407803,1.287776524275988,0.3034971880629731,0.12618959027023563,0.7957864719170734,-0.41057143567752763,-0.4797345991837807,0.19853383609696137,-0.24156428662710086,0.4563351374477517,0.2807706808326461,0.6603855091463734,0.2700698312202209,0.2812882061853077,-0.08925697434253592,-0.05856419233997424,0.2007652523567768,0.6368650460074536,-0.8912761945841223,-0.23955952538880107,-0.0596925727778617,-0.4050746542325584,0.3239933481212714,-0.37090710963015444,0.502818446625125,0.16914170343786192,-0.18714663279820937,-0.3543665943661715,-0.471086086605614,0.3399719900012589,-0.3019397596802022,-0.2883930908368214,-0.06683586673746177,0.5401254757364389,-0.2126890312096153
0.4070381177557151,0.8819056187442796,-2.042500926817178,1.2455526334478182,-0.07534332384611672,-1.8048877286212712,3.3808623372814117,-0.2450948296022972,1.4163882410074704,0.21658393889901645,-0.401584697506334,0.7877977841115424,-1.194948023273588,0.51065893567591,0.8834973096901972,0.455290868783979,-1.782914052416098,0.3468762605909934,1.290425532806216,2.8221973400285405,-0.4931921355979001,-1.399715508672204,-1.0912587868434236,0.32331444042792323,0.1797728902101119,-0.008954652742199155,0.42875404395143907,-1.9117292169580715,0.9278945219332763,1.5804468718358964,2.194821946536741,-0.06561395621783464,0.2700698312202209,2.228262069009342,1.2812855994314523,-1.5009096877537231,0.473368462458391,-1.1417906650051202,-0.4651251127182466,0.008116995898114186,1.8890127141420827,-1.7221217466243395,-2.637373465246796,0.9980350957373292,-1.904223223114667,-1.4257973321898991,0.577890904160001,-0.8421891730604225,-1.5345727589994602,0.4508686825455463,1.0476618009036562,0.40481441456785466,-0.004618184837344471,2.196170948829913,0.11524713363515181,1.0193431366816883
0.1867957757396503,0.7214789344033636,-1.0650781201166593,0.905149500373499,-0.955291483120603,-1.0059306727405002,1.230701799544967,-0.044759566182514726,1.2079082408768538,0.2909330788252083,-0.48270003611694573,0.40440827981098476,-1.0500762409391395,0.6027548549922757,1.0284990433727264,0.17352557839548782,-0.8428757190470686,-0.031049179797172102,-0.049287128325873134,1.317718792373604,0.502503385538012,-0.18894751275642482,0.5706597701494103,0.5686055143060543,0.4663624122429434,0.2523834916433049,-0.1589913968630242,-1.330884379223112,0.8633825661369309,0.5430565852710691,0.9543111239779031,0.16010968048018678,0.2812882061853077,1.2812855994314523,1.412051540405079,-0.2823241322225484,0.5424789079187896,-0.2243958461564417,0.5738573134098366,-0.09268621363808278,0.2579613868505832,-0.10191384354922053,-1.3692671973417059,0.9564023312112373,-1.7819322096451835,-0.9298760846214699,0.2103948569081429,-0.6626399450798255,-1.1990504402115998,-0.05010414650627081,1.0944466235934909,-0.011429325896447302,-0.02755144289024988,1.0381667439775881,0.11085426278254996,0.6541644887632254
-0.227991653950707,-0.441355678672186,1.461008318565292,-0.7862764904649138,-0.7787438454795517,1.330341735544769,-3.037025638948151,0.2808886392936326,-0.6725254701722372,-0.07095122024892536,0.0489091561358086,-0.5950212295545287,0.5636521874125054,-0.11067911453750569,-0.11281301240882802,-0.4456490660801266,1.436031581081894,-0.34236370011622635,-1.7889766719747158,-2.2349922571439467,1.0987178307038608,1.4467584162073082,1.9052097723083599,0.06616736014427789,0.15840046437436778,0.1666912781085666,-0.6705393672712069,1.188987025273368,-0.37640848915617997,-1.4699386110292643,-1.9636844512813505,0.13177473959405672,-0.08925697434253592,-1.5009096877537231,-0.2823241322225484,1.5574804437304972,-0.07533222272766904,1.2787790099239327,1.1372674739401036,-0.07830677662541757,-2.041484792562595,2.0376444002363394,2.0243574461199123,-0.3833485913928921,0.704769396088347,0.8660085687478063,-0.6120843469075121,0.4072999772092067,0.8290535300182148,-0.639498211441675,-0.261531694617716,-0.5608456707254147,-0.08641990363013058,-1.6625058127631243,-0.10986874862426294,-0.6090710614870001
