V1,V2,V3,V4,V5,V6,V7,V8,V9,V10,V11,V12,V13,V14,V15,V16,V17,V18,V19,V20,V21,V22,V23,V24,V25,V26,V27,V28,V29,V30,V31,V32,V33,V34,V35,V36,V37,V38,V39,V40,V41,V42,V43,V44,V45,V46,V47,V48,V49,V50,V51,V52,V53,V54,V55,V56
0.41961165490118674,0.4010577312221781,0.5452356711031463,0.18875729111096703,0.7737339970623156,-0.17559519041858448,0.08689854414210034,-0.6011838188440113,-0.3093452538299869,-0.2610019206089272,-0.25646847208305823,-0.5361650192842536,0.15994951441536245,-0.07856941517187312,-0.004985149691797277,-0.04966754370266494,0.1967083212185278,0.3750739083967119,-0.28035813266238663,0.17553295679902767,0.13321401261342897,-0.08317645820154018,-0.05935589076590564,0.2089455893819371,0.17542175252390563,-0.07815522000273793,0.1533154202847453,0.1988689681447775,-0.024608584131020995,0.37002971131850204,-0.12182708004121305,0.005447679110103456,-0.5247550646423245,-0.02193529531974,0.5780896659147363,0.010007809937615844,0.3915106543963952,0.025959522474759054,0.348234798747886,0.41528212929939545,-0.09485534063228072,0.7200366640712039,-0.35257841304283033,-0.01843260724482417,-0.25767152997858817,-0.5050398870712967,-0.7199540492699206,0.21635736362914393,-0.29451428884422387,0.13545829226476275,0.7001316074092481,-0.10699315735858118,0.12063091306531398,0.3428852774320398,-0.2760219993320985,0.30026220657275793
0.4010577312221781,1.0906590644570657,0.4158665283469776,0.7024880443968959,0.7504728283349403,-0.381949196794016,0.005977540802731272,0.2993058357157711,-0.027728006256573186,0.026529343654938142,-0.028955556436257822,-0.4048589832093323,0.07949994424922932,0.17255222012043747,0.29295288854220386,-0.20046900855069927,-0.19685960458301494,-0.19986208599077343,-0.23623926918930682,-0.13459390533132548,-0.06119394186072473,0.012454928411473129,0.3889467693409034,0.5185950808881499,0.23696616760388456,0.9149071682147364,0.13249641640750945,-0.18336798416393665,-0.3435479869740525,0.21825454395165494,0.46397773578674556,0.3935052564282841,-0.5595052498077235,-0.5332415626451661,0.7833784508125365,-0.009078249859055181,0.023558540708591365,0.391928519453436,0.08856155524751416,8.630449092409459e-4,-0.22842879237735483,0.541981903246661,-0.8496700206027398,0.8692304086073666,0.06720966351884083,0.26499627445490104,-0.9520092820022769,0.7997478508076838,-0.6860848927064066,0.13560692562324517,0.7763865088837264,-0.7299745666273552,-0.08458658995856545,0.3952762263384099,0.1082104900592745,0.5266971864289531
0.5452356711031463,0.4158665283469776,1.6188512718236965,-0.47739229288512475,1.7738516984227934,0.35752154994772656,0.3662497025565879,-0.7459015958975252,-0.25034107618358253,-0.19098749433793744,-0.31811665740756984,-0.12147388708797924,0.47666605538094353,0.11996062599459595,-0.4626017049381414,0.20797467678525527,-0.08152768255173509,1.0137737799696973,-0.076337377287716765,-0.4468160027122486,-0.03639379202679687,-0.08955234276115338,-1.0242255813142829,-0.4305894951072615,-0.27368073349700334,0.30028502669853663,0.5561909019094894,0.9736439554630905,-0.45299818775781786,1.028372500529794,-0.3300128243195316,-0.2938389625343661,-0.7333282466540988,-0.5975727488802238,0.04659912508382375,-0.07886751315322002,0.5043104174722335,0.21896481786608107,0.39606923848518516,0.6255342338179677,0.11885039377999763,0.8366872325463492,-0.21826411437221982,-0.18195157975691745,0.2074031097210527,-0.35446785276941745,-1.082151510831746,0.2200302843050646,0.22684293236593556,0.5869806794072376,0.5556954038125453,0.19795618832281237,0.11743458147159978,0.5550717102672541,-0.25448861476267365,0.20802832967790819
0.18875729111096703,0.7024880443968959,-0.47739229288512475,2.571414895289678,-0.7985298402672412,-2.391624197954386,-0.05918675630864312,0.06083933876659453,-1.4182606327493683,-0.38627767711062594,-0.35854526836414086,-1.4586775326662937,0.051219843791813234,-0.37575811101676204,0.3703087549258444,-0.3940909484130664,0.5336226803790944,-0.6763477122999193,1.1903576936337623,0.576587951199516,-1.0542519758269893,-0.27894499780910303,1.4395425621862032,1.3801341490860042,0.7295399773529375,0.2995083381284974,-0.4965975142331556,-0.6815663850565296,-0.042193094188934396,-0.1890023269949193,2.043821205986025,1.2917831562817466,-0.3262157802650392,0.5072241015750572,0.8926025836002691,-0.6520758562485091,-0.46862240439575575,-0.8453029949158888,-0.1855481152522162,-1.2772824889409382,-0.29447138205156165,-0.24112770205699846,-1.6779325152161049,-0.598829764966943,0.6464284236640575,0.7499686750989596,-0.11576309889099838,1.1487151336252144,-1.036843288217523,-0.8326518159299059,0.6227798096522509,-0.3614196179351528,0.18393332430545706,-0.2432832373308848,0.3616458910414724,-0.4513678857879057
0.7737339970623156,0.7504728283349403,1.7738516984227934,-0.7985298402672412,3.574638360663075,0.9029636761743713,-0.12221583603096337,-1.1983266437387559,-0.7508487944549015,-0.5260717220322153,0.20611959858516538,-1.2561545319883636,0.9005001782413334,-0.5989074140513546,-0.9252694230460765,-0.2841302459466995,0.4786608498971497,0.4286154861891929,-0.819293855842589,-0.3040688184100781,0.12162683913021793,-0.13197392064672642,-1.516846261081699,-0.04020967252422445,-0.04955475941696418,-0.13982282066169327,0.9548221716502403,1.0780963159328372,-0.7618323433706635,0.6183697091252007,-1.2667798119395588,-0.414830454802756,-1.4745807672456543,-1.4022911516849135,0.27157321801343365,0.24564130106972099,0.6408080954196614,0.31205905646615933,-0.1701195408058048,1.8280100483306383,0.13306210689306014,1.493325022199538,0.25666300257144004,0.3178496471911546,0.3839460507489845,-0.8527887546119937,-1.994247005436861,0.9964133642772693,-0.01758845111971057,1.0553254686562805,0.8742231172715986,-0.5892498209677041,0.2558253560628343,0.3638227372117862,-0.736476376761078,0.9085996242841008
-0.17559519041858448,-0.381949196794016,0.35752154994772656,-2.391624197954386,0.9029636761743713,3.3366017781279242,-0.12223928544203988,0.47891769225804864,1.0336273010669026,0.272862081616412,0.7494765275749437,1.9617251231304178,0.7045751521711677,0.7462644847303815,0.27375607420589326,0.8988421124571191,-0.5746227248609117,1.382370064979887,-1.2968451094205469,-0.12459841103374589,0.6257292190271291,-0.04788606002141515,-1.3724434345771173,-1.4387935656074242,-0.6804171176331646,-0.17409449963668908,0.40675654820966833,0.3440296380588516,-0.0969265631590556,0.1367098580159586,-1.573602036356317,-1.0626054502523943,-0.29258187506923583,-0.4710598629452433,-0.40106715777232704,0.949065817039355,-0.1044663294363976,1.5820760961762954,-0.4398136335712643,1.1947197895048862,-0.048113944485984536,-0.033969080890832434,1.2762337506114314,1.4814586490267576,-0.4941622400543493,-0.3935373956194588,0.24773199027172851,-0.7816127063842806,0.8561782063472674,0.76219137655653,-1.1026263370109728,0.21244618554647704,-0.27061576264279197,0.8629586485309896,-0.6442642335377158,1.0547492248607473
0.08689854414210034,0.005977540802731272,0.3662497025565879,-0.05918675630864312,-0.12221583603096337,-0.12223928544203988,0.2623981699464975,-0.09733024708590514,0.1824501263068181,0.07273390691864028,-0.28732687323932077,0.30270496391645435,-0.09680246979575474,0.2521780622429528,0.017356965839388953,0.16766776683751589,-0.20998841017224776,0.4015305130067765,0.1388172605756328,-0.17500420592123783,0.04273143363822828,0.02752742783147645,-0.08258561249348742,-0.22069582480962718,-0.1299112187022466,0.20946128225989843,0.023117014917828835,0.2194278790404521,0.018624506146916457,0.3998506930633587,0.12499587550847197,-0.07522809839337799,0.08814907081390734,0.11227633138539453,-0.034760825711804964,-0.11547435879253867,0.16986820879056502,0.01130249032829497,0.37732020773681135,-0.16943678586922775,0.03485591771580031,0.08663662402125379,-0.17404372852734518,-0.20774741363770635,-0.10113319063298522,-0.01901429699947567,-0.03270108635425798,-0.245218779713015,0.11699204054589343,0.017560468692007468,0.13331219407796188,0.28557695385838766,-0.015091014745963468,0.19314176823236368,0.08964590266686599,-0.1616565221626897
-0.6011838188440113,0.2993058357157711,-0.7459015958975252,0.06083933876659453,-1.1983266437387559,0.47891769225804864,-0.09733024708590514,2.1192039049168456,1.071757398878873,0.8302031376174451,0.613697875403302,1.5110731412431198,-0.2449188828003921,0.7807425499576328,0.5827699470746881,0.18282432499486054,-1.026893502424072,-0.7384562741741433,0.32308842581528474,-0.6886151558054949,-0.33989201907027194,0.220433723363958,0.501762163772006,-0.2376062625696237,-0.32706245182602695,1.5128461120769356,-0.22115446010330642,-0.6853250383480142,-0.3470687356937653,-0.475690764070751,0.8605201983848595,0.3272990744949295,0.683537888452873,-0.5504342389672294,-0.537136576004803,0.06934575962564604,-1.0061184734116084,0.769449451645271,-0.6922216631535295,-1.1109932451877074,-0.0831024098398053,-1.2512468284016671,-0.13263898352736742,1.3823351577322291,0.5970364071284894,1.674701749478467,0.8064244439230396,0.17037217617248357,0.06318165297263559,-0.11815631845257793,-1.0219369972632766,-0.45053908445319546,-0.5065482324471651,-0.084414796678592,0.8276850673985178,-0.011488028327530604
-0.3093452538299869,-0.027728006256573186,-0.25034107618358253,-1.4182606327493683,-0.7508487944549015,1.0336273010669026,0.1824501263068181,1.071757398878873,2.2796104688377423,0.9388547490603275,0.12745318818268264,1.7118177351168304,-0.983237189424109,0.8425244244815286,0.2910302644604657,0.059647070512454825,-1.18378951832856,-0.38337706519590103,-0.9614123976633346,-0.8747007717555181,1.162135595654853,0.6037825196958398,-0.0028623323984567866,-0.7427682921282682,-0.48511958261066024,0.9766762849210626,0.08163322783035452,-0.15907794407923942,0.15514886375160977,-0.05207942031301431,-0.9546342013359292,-0.6857298558012246,1.0321956309173086,-0.3873923506409656,-0.4797008627455711,0.391652272653443,0.27118620227416956,0.8632840610278578,0.607661247858215,0.10909982728056278,0.11340888026289989,-0.06421600725686652,0.8069140917199342,1.2341093264630252,-0.857854589006009,0.09407519678424274,0.2818815782448846,-1.0184470289243786,0.3407343904551928,0.38061606743465604,-0.15219600132298536,-0.17152173080183641,-0.4796001978093345,0.11482785923898661,0.47117437639071086,0.23861546496503933
-0.2610019206089272,0.026529343654938142,-0.19098749433793744,-0.38627767711062594,-0.5260717220322153,0.272862081616412,0.07273390691864028,0.8302031376174451,0.9388547490603275,0.510015657704699,0.14714491785921122,0.8517133766776325,-0.4059356827863137,0.41185548052197624,0.1177583254889486,0.023272192294030426,-0.6249036924078186,-0.3708247704064568,-0.06527040988358797,-0.5469588850912533,0.2077542851990746,0.2608744123640846,0.07505725399278519,-0.30022723283932445,-0.2666639381348518,0.7218256194818871,-0.01219257629727244,-0.13671883901776805,-0.08160616391971366,-0.09322412486629068,-0.01954952937336053,-0.11339191074065641,0.5533709007231854,-0.3001481932056859,-0.4139203818169063,0.04971540484561311,-0.1611860579643505,0.33642269509076256,0.03217425442826038,-0.3231369575426101,0.07345351032926636,-0.37669486266765545,0.2127287373685333,0.5527780446747612,0.006710942944698766,0.5209387441516665,0.29345910136868947,-0.25575439600130395,0.17951641512600217,0.0884468588057418,-0.30710832940204263,-0.11405262787388845,-0.2598387524084885,-0.08120828590241223,0.42831400672675946,-0.07093994409263207
-0.25646847208305823,-0.028955556436257822,-0.31811665740756984,-0.35854526836414086,0.20611959858516538,0.7494765275749437,-0.28732687323932077,0.613697875403302,0.12745318818268264,0.14714491785921122,0.5653638146672817,0.2950927687263113,0.22277604789206334,-0.02067511857274121,-0.011576190474524977,-2.2190971737629344e-4,-0.09776505553325776,-0.36174173935559634,-0.13677198067117308,-0.12776225000097846,-0.13297748720195474,0.008158311649078452,-0.2078772802907206,-0.12320492336283773,-0.12015208800349927,0.13720116063477142,0.06581907407181903,-0.17194942818577605,-0.22489422602225684,-0.42893734485610535,-0.178110967283646,-0.02975186790912927,-0.008421789073715177,-0.45746303279429057,-0.3235880116644402,0.22194920469694937,-0.4384839918196922,0.34492368196282025,-0.6824780625283609,0.11774326843389038,0.007592265140568879,-0.41260979856670166,0.3909937089158273,0.6273841405034585,0.36777323878632834,0.4224486071781256,0.20521898381962456,0.24290804169963717,0.13724792817703613,0.1427586358337937,-0.6044601443438159,-0.3196155092575513,-0.1212508055422307,-0.1491964255565127,0.02517072230310607,0.23936465747492153
-0.5361650192842536,-0.4048589832093323,-0.12147388708797924,-1.4586775326662937,-1.2561545319883636,1.9617251231304178,0.30270496391645435,1.5110731412431198,1.7118177351168304,0.8517133766776325,0.2950927687263113,2.8388245362515483,-0.10439909337270473,1.3833704306724037,0.6960170108069513,0.9937205515646792,-1.3144674043992628,0.9833495229184908,-0.22423076805478728,-0.6130780745966612,0.2940930093436875,0.17300826445405923,-0.376856243143607,-1.410268247720181,-0.8071418884358447,0.9122097841951263,-0.08394303119486889,-0.06273055532185196,0.03818669390029207,0.2544125047665214,-0.11833612011781086,-0.5677498674803838,0.7715740069492583,0.015790961041280766,-0.7471822237139151,0.3987011155081107,-0.47132809458338343,1.2747938045354685,-0.002225673735810214,-0.534395230875223,-0.021844111252315283,-0.9668863710505256,0.5262467677101288,1.1443638637071185,-0.29272497133482434,0.752075819916586,1.1435249454795293,-1.1484480255966434,0.83251053291904,0.16164139271172845,-1.314639600288019,0.5663391783445724,-0.512223389922096,0.6389097884825828,0.33910506656183287,0.11414107213502
0.15994951441536245,0.07949994424922932,0.47666605538094353,0.051219843791813234,0.9005001782413334,0.7045751521711677,-0.09680246979575474,-0.2449188828003921,-0.983237189424109,-0.4059356827863137,0.22277604789206334,-0.10439909337270473,0.9824995848109935,-0.047035899837721384,0.02217259372530556,0.41252927287400554,0.33781994121145614,0.9064016459883715,0.19741924429435864,0.36204106705975797,-0.6250810901716114,-0.41484134408678114,-0.540667924315148,-0.14842992459417265,-0.02319762656463641,-0.3189111191268912,0.13790143107888858,0.2501317537152991,-0.2808639267151146,0.23154893574388316,0.23796551449680714,0.10459261072760898,-0.8487427647903104,-0.08998084346481529,0.17952413846582368,0.09582152058892576,-0.32488624384178777,0.25726918499271595,-0.5933925704748901,0.23395739280842148,-0.1291316875539931,-0.02960325674171098,-0.23636533352966205,0.02152132113813496,0.4989744562882123,0.05414641279144178,-0.16440031339381542,0.4731393553085522,0.09162179226562615,0.0930134027363437,-0.3590244033265612,0.14158634462495917,0.1354242875269571,0.42073755081559766,-0.45117580583020733,0.3132501511980033
-0.07856941517187312,0.17255222012043747,0.11996062599459595,-0.37575811101676204,-0.5989074140513546,0.7462644847303815,0.2521780622429528,0.7807425499576328,0.8425244244815286,0.41185548052197624,-0.02067511857274121,1.3833704306724037,-0.047035899837721384,0.8745100216071453,0.5896724483644752,0.540722706167561,-0.753620332382875,0.6781505119608775,-0.14891267837169536,-0.25366958036557363,0.13984266888189356,0.057277043022129784,0.06096506628646328,-0.5458597260138195,-0.30012572713089186,0.7555820856009149,-0.06659578683447567,-0.10806482448115025,0.002095187568819557,0.3436142313545975,0.2444284030728568,-0.12655000526611535,0.1974511446856433,0.055333267132714324,0.04142227961348867,0.16343790434543246,-0.16696624124572082,0.7738193357963011,0.21587062956776137,-0.38796014885718905,-0.1399187737588866,-0.2573354060540151,-0.2003631743363475,0.7755940619133529,-0.27889759616514076,0.3924519896965518,0.29697092106341005,-0.43320580803214764,0.14343261826098158,0.03830400184237906,-0.30423985966764744,0.18018592058099317,-0.27657882985024723,0.6024366479314033,0.1895770946968475,0.2022747181888333
-0.004985149691797277,0.29295288854220386,-0.4626017049381414,0.3703087549258444,-0.9252694230460765,0.27375607420589326,0.017356965839388953,0.5827699470746881,0.2910302644604657,0.1177583254889486,-0.011576190474524977,0.6960170108069513,0.02217259372530556,0.5896724483644752,0.9070907939211723,0.378456696566463,-0.296225791181876,0.4517978701843232,-0.23358048713260415,0.4249035541234995,0.06407201498961819,-0.0942610112436637,0.7069477764773344,0.07458199879544944,0.14726141704111953,0.2914679600085196,-0.32231779925258963,-0.5994648516281312,0.25394297987800424,-0.03216060696280402,0.5282341756729623,0.20986587783297203,-0.03738547076304349,0.5081497549051988,0.6857063006160901,0.20272102250134683,-0.24206915217207695,0.5721910171945863,0.09322637897904205,-0.41876673321107166,-0.362986416625811,-0.15872621593237615,-0.5314573264441954,0.7674426145022406,-0.5116982079421379,0.15546971606590143,0.32072492152544024,-0.16740148475422442,-0.3672169160916621,-0.30174207433595884,-0.04808209472704864,-0.05598560513650328,-0.16660743654430782,0.5747075435154323,-0.019977803574532313,0.3766219853668933
-0.04966754370266494,-0.20046900855069927,0.20797467678525527,-0.3940909484130664,-0.2841302459466995,0.8988421124571191,0.16766776683751589,0.18282432499486054,0.059647070512454825,0.023272192294030426,-2.2190971737629344e-4,0.9937205515646792,0.41252927287400554,0.540722706167561,0.378456696566463,0.6741800976010522,-0.24759861224643467,1.11458856314135,0.05526830498529495,0.1459216285786518,-0.15152738647101544,-0.1922482470207273,-0.2872527706354456,-0.5920764845897534,-0.25245469225603184,-0.019828118716513316,-0.053100028633730145,0.10988526212877707,0.053493361943999944,0.35266762010306724,0.15885166296831627,-0.16249012676323296,-0.1289413324724287,0.3166152680687392,-0.014424935777519042,0.15067759361389174,-0.19987723744101438,0.49736615304242393,-0.042357341388642375,-0.152500187218647,-0.11461373450446308,-0.2772862979919729,-0.059616260377289614,0.16850915309962897,-0.0975036184862362,0.0806379666249315,0.4159655211139806,-0.3967218356650005,0.3227172442666254,-0.017576681342223344,-0.5289683830783938,0.5051899382590449,-0.06899866954179636,0.5677448248333429,-0.17781070981852434,0.11941136137107597
0.1967083212185278,-0.19685960458301494,-0.08152768255173509,0.5336226803790944,0.4786608498971497,-0.5746227248609117,-0.20998841017224776,-1.026893502424072,-1.18378951832856,-0.6249036924078186,-0.09776505553325776,-1.3144674043992628,0.33781994121145614,-0.753620332382875,-0.296225791181876,-0.24759861224643467,0.9081040243133973,-0.018445129220694658,0.13115201663160567,0.6848879319430575,-0.23401103203589754,-0.2591084646539163,0.013247536322857783,0.5250845073037141,0.39437226259735225,-1.0681897748615414,-0.03725107240771839,0.06263569237475977,0.15549170666687664,-0.17746300813716073,-0.06749154300112122,0.16904082201630335,-0.48636349850157695,0.37055646481048843,0.341766284431851,-0.09842362355638258,0.16533495179963953,-0.6663114336892447,-0.15543038953607038,0.3888434327828838,-0.02007905657683582,0.3404079327593807,-0.05536658744024808,-0.8491090226288824,0.05863806091135501,-0.632085190434588,-0.21980695455878108,0.3372585697438921,-0.22310377239608065,-0.1770505947220638,0.31460342217954845,0.05248001839872399,0.34547005742368425,-0.23917095644038908,-0.4599614022294394,-0.05891863090405642
0.3750739083967119,-0.19986208599077343,1.0137737799696973,-0.6763477122999193,0.4286154861891929,1.382370064979887,0.4015305130067765,-0.7384562741741433,-0.38337706519590103,-0.3708247704064568,-0.36174173935559634,0.9833495229184908,0.9064016459883715,0.6781505119608775,0.4517978701843232,1.11458856314135,-0.018445129220694658,2.4752487419106104,-0.20269699014990328,0.5380864017734501,-0.05052775811792063,-0.4501099747996401,-0.7704437962193611,-0.8918344408668778,-0.26566468685742395,-0.5399402533311937,0.10334450059122935,0.5875115175898349,0.17143865285071272,1.0480997541889538,-0.12271715936718805,-0.4283341569464328,-0.7731991906769027,0.6803033103779714,0.4730635324855032,0.25680697653035545,0.23962456802833207,0.6757193194072084,0.3881592784970508,0.3806540786577091,-0.21932973577313983,0.384526878390426,-0.2512764138220479,-0.14542358641293224,-0.52620040331783,-0.7203728224591258,-0.0019817205091606917,-0.6442480571234177,0.4028509128297601,0.13191531326938047,-0.16849868349292896,0.9843128245011582,0.1094262202540732,1.2617192999572138,-0.7509998594794625,0.4084389616562543
-0.28035813266238663,-0.23623926918930682,-0.076337377287716765,1.1903576936337623,-0.819293855842589,-1.2968451094205469,0.1388172605756328,0.32308842581528474,-0.9614123976633346,-0.06527040988358797,-0.13677198067117308,-0.22423076805478728,0.19741924429435864,-0.14891267837169536,-0.23358048713260415,0.05526830498529495,0.13115201663160567,-0.20269699014990328,1.6678367599148782,-0.16598330212697793,-1.2403921049437237,-0.2033742881898834,0.23066992619728666,0.18410670916110003,-0.05061825097742531,0.2716938755584813,-0.26573149754469966,0.04376256602935138,-0.27294339011051233,0.03807258298789621,1.569992860746379,0.6972033521277324,0.23038012484089304,0.18594158710089712,-0.6042899012464199,-0.6852298451803113,-0.7008010987867942,-0.783157355349331,-0.4961055499177011,-1.3491236285497674,0.1303775573591307,-1.036002389169694,-0.6830211696336976,-1.10587008968626,1.2578020620994448,1.1749548272221848,0.6655865731255483,0.47313463060494865,0.1669435079575903,-0.5116974512219535,-0.6037175885413836,0.43001738451814564,0.09610065287318355,-0.49968308043621246,0.5429467378637544,-1.0253484148426555
0.17553295679902767,-0.13459390533132548,-0.4468160027122486,0.576587951199516,-0.3040688184100781,-0.12459841103374589,-0.17500420592123783,-0.6886151558054949,-0.8747007717555181,-0.5469588850912533,-0.12776225000097846,-0.6130780745966612,0.36204106705975797,-0.25366958036557363,0.4249035541234995,0.1459216285786518,0.6848879319430575,0.5380864017734501,-0.16598330212697793,1.0844766041596678,-0.06146894619851839,-0.3399621457428487,0.4558819418465402,0.4305497277070597,0.46062919969579674,-1.033758579001713,-0.28950202740841274,-0.35062086719235447,0.4538029920679284,-0.16982216693246463,0.1402778699899727,0.18564473019984598,-0.47663096704798713,0.8963275387340399,0.8393011291930965,0.13081746616961568,0.05447912464319104,-0.17650659649879966,-0.007538526781951589,0.18265885379931857,-0.2934529055815268,0.24189242025863106,-0.30254688513193856,-0.3081658486011628,-0.509437508354215,-0.6988221603086053,0.13464722517234168,-0.01872399713978218,-0.39406500199111894,-0.3916126505412469,0.2045758448469126,0.15731361644958416,0.2244378437432995,0.27056662044645746,-0.5760689827457837,0.25463089803136146
0.13321401261342897,-0.06119394186072473,-0.03639379202679687,-1.0542519758269893,0.12162683913021793,0.6257292190271291,0.04273143363822828,-0.33989201907027194,1.162135595654853,0.2077542851990746,-0.13297748720195474,0.2940930093436875,-0.6250810901716114,0.13984266888189356,0.06407201498961819,-0.15152738647101544,-0.23401103203589754,-0.05052775811792063,-1.2403921049437237,-0.06146894619851839,1.2393286395518313,0.336737637667463,-0.06901829045583724,-0.2269650948493169,-0.027358273000106313,-0.2144115303360555,0.14253221356072157,0.02057976009177538,0.4011149466127137,0.007245434414410438,-1.3564091426242444,-0.677953976235227,0.30197311460633136,0.04483231612642096,0.23155834779329565,0.4119537458544317,0.782595985265413,0.3468552123167527,0.7929471992159757,0.8978393696179668,0.02732181112140081,0.7917176020743522,0.7076190219078758,0.494114553464025,-1.2178987701130601,-1.0334359660211636,-0.32572198605182623,-0.7886239015040204,-0.00072962102951152285,0.3360645381261708,0.5844095130221236,-0.13054560651232627,-0.09286406482997264,0.17491141901406201,-0.22420151355481235,0.45963463048740955
-0.08317645820154018,0.012454928411473129,-0.08955234276115338,-0.27894499780910303,-0.13197392064672642,-0.04788606002141515,0.02752742783147645,0.220433723363958,0.6037825196958398,0.2608744123640846,0.008158311649078452,0.17300826445405923,-0.41484134408678114,0.057277043022129784,-0.0942610112436637,-0.1922482470207273,-0.2591084646539163,-0.4501099747996401,-0.2033742881898834,-0.3399621457428487,0.336737637667463,0.2334233383151906,0.045128474512704825,-0.05554752397319221,-0.08678985643422518,0.28612420798483285,0.04735241905059421,-0.024007829240898067,0.011167951961379345,-0.09011173592046269,-0.2907760422310755,-0.14546963307810828,0.3650893753353918,-0.21233688388700028,-0.20949816829338652,0.019824628878912058,0.14099196524528196,0.029547015598717415,0.19571569069099662,0.03589314710636596,0.09944211447729626,0.03556340384229365,0.25300544069384934,0.18924077459173824,-0.15196565406911391,0.03237312643807257,-0.027305911561733776,-0.17806038538869898,0.04568773595808314,0.11176369655897335,0.0986393487520594,-0.15050054841736502,-0.1044306386670017,-0.1822466464435905,0.2186499977689563,-0.049416735563473785
-0.05935589076590564,0.3889467693409034,-1.0242255813142829,1.4395425621862032,-1.516846261081699,-1.3724434345771173,-0.08258561249348742,0.501762163772006,-0.0028623323984567866,0.07505725399278519,-0.2078772802907206,-0.376856243143607,-0.540667924315148,0.06096506628646328,0.7069477764773344,-0.2872527706354456,0.013247536322857783,-0.7704437962193611,0.23066992619728666,0.4558819418465402,-0.06901829045583724,0.045128474512704825,1.5062018955856664,0.901585344379158,0.5304661284278607,0.30371119107108474,-0.5540204208088249,-0.9537408949121752,0.3591607549915206,-0.4572267254598489,1.0539608275618926,0.6942742816796562,0.3289156912388904,0.6467049902653903,0.7563725341552878,-0.19042784382622557,-0.218618004867616,-0.2698790861822756,0.1901798704486109,-0.9127626834479399,-0.2964035903344219,-0.22763744091275276,-0.8601719424769884,0.1786615802461126,-0.32581785339212815,0.34634499969630966,0.3084477005511458,0.20172150861393087,-0.8184267211328605,-0.6772737692754263,0.4278533801550324,-0.3747906489903639,-0.07073118830923528,-0.13299164874949831,0.36351824185995457,-0.12996640333797982
0.2089455893819371,0.5185950808881499,-0.4305894951072615,1.3801341490860042,-0.04020967252422445,-1.4387935656074242,-0.22069582480962718,-0.2376062625696237,-0.7427682921282682,-0.30022723283932445,-0.12320492336283773,-1.410268247720181,-0.14842992459417265,-0.5458597260138195,0.07458199879544944,-0.5920764845897534,0.5250845073037141,-0.8918344408668778,0.18410670916110003,0.4305497277070597,-0.2269650948493169,-0.05554752397319221,0.901585344379158,1.0952171017937105,0.6109624893758965,-0.07137737008168156,-0.19945601323967327,-0.4859111065815469,0.04888909533172368,-0.37335596064087023,0.6289940462552596,0.6469292162879685,-0.2614954573104012,0.13200644433614234,0.7256966004972548,-0.23677863509263422,-8.393863504901386e-4,-0.5658389520773186,-0.04102170148000173,-0.21351670228316577,-0.16280424498487936,0.2866872364491333,-0.709583146615569,-0.1759551100290381,0.08554551665758067,-0.00583243352298438,-0.43856271538593333,0.7747245724305872,-0.8226923681635545,-0.3542461135296451,0.7565560993637607,-0.5865994328237758,0.152395769321946,-0.31548233314847246,0.06097924867035566,-0.006145396194960753
0.17542175252390563,0.23696616760388456,-0.27368073349700334,0.7295399773529375,-0.04955475941696418,-0.6804171176331646,-0.1299112187022466,-0.32706245182602695,-0.48511958261066024,-0.2666639381348518,-0.12015208800349927,-0.8071418884358447,-0.02319762656463641,-0.30012572713089186,0.14726141704111953,-0.25245469225603184,0.39437226259735225,-0.26566468685742395,-0.05061825097742531,0.46062919969579674,-0.027358273000106313,-0.08678985643422518,0.5304661284278607,0.6109624893758965,0.40287699143709854,-0.283676938565765,-0.14576117764516439,-0.2989954268685459,0.15750862359646356,-0.1841807102977501,0.23979383268210663,0.30400246199511766,-0.24157346215266545,0.2802102378521417,0.5937596296338081,-0.05462477271187677,0.09084410255278678,-0.2785559948188535,0.06478339974934509,0.01737890799814957,-0.15137767008366765,0.28867160917462226,-0.3887611015946787,-0.12042378807238721,-0.1836451164215601,-0.26347940999916214,-0.23849336467963375,0.31332617112105776,-0.4993222944439311,-0.23062029455999022,0.4903545977817636,-0.24991686151680437,0.12281491173691866,-0.04468039781537008,-0.13317857174320527,0.10384610678262816
-0.07815522000273793,0.9149071682147364,0.30028502669853663,0.2995083381284974,-0.13982282066169327,-0.17409449963668908,0.20946128225989843,1.5128461120769356,0.9766762849210626,0.7218256194818871,0.13720116063477142,0.9122097841951263,-0.3189111191268912,0.7555820856009149,0.2914679600085196,-0.019828118716513316,-1.0681897748615414,-0.5399402533311937,0.2716938755584813,-1.033758579001713,-0.2144115303360555,0.28612420798483285,0.30371119107108474,-0.07137737008168156,-0.283676938565765,1.9645611305872004,0.09183915737198452,-0.18178097462892415,-0.589011298865707,0.2239818797215039,0.8534384841605059,0.3430798192167688,0.2826611683643265,-0.9235204256411704,-0.17732781251560184,-0.1554783419912228,-0.43161627162565763,0.6512591410235399,-0.049718750158717524,-0.8406019801736008,-0.029205692756819543,-0.3782317017696671,-0.6484694077214271,1.179811084588238,0.5617010425007809,1.372185364798039,-0.2597190999176676,0.4839601116476884,-0.1772236774591382,0.16907815501779044,-0.01523639440032008,-0.5744047616852922,-0.4109787382690471,0.1672517081350558,0.8454111085395358,0.04415978760605324
0.1533154202847453,0.13249641640750945,0.5561909019094894,-0.4965975142331556,0.9548221716502403,0.40675654820966833,0.023117014917828835,-0.22115446010330642,0.08163322783035452,-0.01219257629727244,0.06581907407181903,-0.08394303119486889,0.13790143107888858,-0.06659578683447567,-0.32231779925258963,-0.053100028633730145,-0.03725107240771839,0.10334450059122935,-0.26573149754469966,-0.28950202740841274,0.14253221356072157,0.04735241905059421,-0.5540204208088249,-0.19945601323967327,-0.14576117764516439,0.09183915737198452,0.31380358382006873,0.38707026898239066,-0.23421398820342348,0.21879821069065286,-0.499614905317477,-0.24583435774135762,-0.24201931474198524,-0.4909815526187034,-0.13427127997421706,0.08243039884214666,0.21387766933496521,0.15565444221920083,0.020688377396647712,0.5136355876272491,0.10598432823537156,0.361706658194487,0.24062125262583886,0.1344675020931385,0.09085936174887797,-0.18704538347771282,-0.49351415407426596,0.11598457535924618,0.14832915655543316,0.3795887853081841,0.15273602061497277,-0.10746410236514074,0.01643367311899113,0.07372713435793357,-0.11815071608577728,0.19826118906546242
0.1988689681447775,-0.18336798416393665,0.9736439554630905,-0.6815663850565296,1.0780963159328372,0.3440296380588516,0.2194278790404521,-0.6853250383480142,-0.15907794407923942,-0.13671883901776805,-0.17194942818577605,-0.06273055532185196,0.2501317537152991,-0.10806482448115025,-0.5994648516281312,0.10988526212877707,0.06263569237475977,0.5875115175898349,0.04376256602935138,-0.35062086719235447,0.02057976009177538,-0.024007829240898067,-0.9537408949121752,-0.4859111065815469,-0.2989954268685459,-0.18178097462892415,0.38707026898239066,0.810946211475675,-0.2233234121454085,0.5682829795121082,-0.5384984536084465,-0.39429175266891336,-0.24340755853241283,-0.3302595813798172,-0.4103611771655899,-0.07287692883786574,0.37375547680523175,-0.1004755274808441,0.2015590114700986,0.5175470469917482,0.2403045585176509,0.38300975624928296,0.31594140501679546,-0.5469330259575753,0.2009717055405823,-0.36007754376157225,-0.42814717652295253,-0.11951623356766121,0.47333120889435104,0.41101920510609113,0.08719334552904898,0.3743900131062688,0.13042505455472708,0.08180479653334952,-0.19210977327287884,-0.11661676159492586
-0.024608584131020995,-0.3435479869740525,-0.45299818775781786,-0.042193094188934396,-0.7618323433706635,-0.0969265631590556,0.018624506146916457,-0.3470687356937653,0.15514886375160977,-0.08160616391971366,-0.22489422602225684,0.03818669390029207,-0.2808639267151146,0.002095187568819557,0.25394297987800424,0.053493361943999944,0.15549170666687664,0.17143865285071272,-0.27294339011051233,0.4538029920679284,0.4011149466127137,0.011167951961379345,0.3591607549915206,0.04888909533172368,0.15750862359646356,-0.589011298865707,-0.23421398820342348,-0.2233234121454085,0.5037449795308044,-0.11684530789944308,-0.2413733003293173,-0.14110796696447503,0.24772934351268974,0.7094965056344048,0.2704034810706289,0.0951610935954295,0.26358177553577633,-0.14645102345892397,0.3991130051581895,0.060074195352163524,-0.0765802302430162,0.11855670263702162,0.14426085054334808,-0.26590349724688384,-0.7117842218469829,-0.5807750231099658,0.3430947299345406,-0.5734339221343245,-0.06656830576101327,-0.24011098816811519,0.14129388905379076,0.2638173933363234,0.05078853290876181,0.042272937398173095,-0.1815203357979774,-0.03413082829285493
0.37002971131850204,0.21825454395165494,1.028372500529794,-0.1890023269949193,0.6183697091252007,0.1367098580159586,0.3998506930633587,-0.475690764070751,-0.05207942031301431,-0.09322412486629068,-0.42893734485610535,0.2544125047665214,0.23154893574388316,0.3436142313545975,-0.03216060696280402,0.35266762010306724,-0.17746300813716073,1.0480997541889538,0.03807258298789621,-0.16982216693246463,0.007245434414410438,-0.09011173592046269,-0.4572267254598489,-0.37335596064087023,-0.1841807102977501,0.2239818797215039,0.21879821069065286,0.5682829795121082,-0.11684530789944308,0.8574424320311327,0.035299085789425776,-0.17104413393317394,-0.3690020610029832,-0.001882739909893293,0.18707787025797537,-0.09101956923054037,0.36806622243767667,0.189074329519065,0.5337941929211677,0.13266027688455811,0.001019090094946863,0.49345962834805285,-0.36927398325489214,-0.21735042445491504,-0.11694654703213749,-0.26639936076969994,-0.4920050326817419,-0.14621581724987567,0.1370508902699231,0.21936661442220395,0.38708048883724866,0.3921114607063215,0.05368484117137865,0.5824920186363562,-0.1408398992627831,0.04811062443725793
-0.12182708004121305,0.46397773578674556,-0.3300128243195316,2.043821205986025,-1.2667798119395588,-1.573602036356317,0.12499587550847197,0.8605201983848595,-0.9546342013359292,-0.01954952937336053,-0.178110967283646,-0.11833612011781086,0.23796551449680714,0.2444284030728568,0.5282341756729623,0.15885166296831627,-0.06749154300112122,-0.12271715936718805,1.569992860746379,0.1402778699899727,-1.3564091426242444,-0.2907760422310755,1.0539608275618926,0.6289940462552596,0.23979383268210663,0.8534384841605059,-0.499614905317477,-0.5384984536084465,-0.2413733003293173,0.035299085789425776,2.357866658985959,1.1621086969761851,-0.035760847955357736,0.373240618463718,0.2571008331094314,-0.6327875486819305,-0.930593778911151,-0.3663883979938129,-0.45161359537331053,-1.7943280018746446,-0.23574613757003487,-0.9850474393321604,-1.5603839437501241,-0.32022432308658866,1.0362490022450874,1.4931155577824884,0.5138239235424557,0.8300809889384284,-0.4818633592643955,-0.7729401397990365,-0.2732138826245261,0.03996874973380436,-0.027461178796591348,-0.025618299905426342,0.6266926340401499,-0.6294349274050787
0.005447679110103456,0.3935052564282841,-0.2938389625343661,1.2917831562817466,-0.414830454802756,-1.0626054502523943,-0.07522809839337799,0.3272990744949295,-0.6857298558012246,-0.11339191074065641,-0.02975186790912927,-0.5677498674803838,0.10459261072760898,-0.12655000526611535,0.20986587783297203,-0.16249012676323296,0.16904082201630335,-0.4283341569464328,0.6972033521277324,0.18564473019984598,-0.677953976235227,-0.14546963307810828,0.6942742816796562,0.6469292162879685,0.30400246199511766,0.3430798192167688,-0.24583435774135762,-0.39429175266891336,-0.14110796696447503,-0.17104413393317394,1.1621086969761851,0.711126735490216,-0.14982254094232325,0.09580600524672762,0.320643436721293,-0.3189076600952278,-0.4412631778353957,-0.31439516245538973,-0.3169644300188372,-0.7673126685462872,-0.14878846584935368,-0.33542799281296376,-0.8459441692907488,-0.11435716687989737,0.5453806484981893,0.6689471794275131,0.034227391798818584,0.7000832915775974,-0.4781227837900316,-0.4050754872745919,0.0911361536306035,-0.2580343658116015,0.03629669365104264,-0.15025370853351885,0.27176321266539744,-0.21742770230207117
-0.5247550646423245,-0.5595052498077235,-0.7333282466540988,-0.3262157802650392,-1.4745807672456543,-0.29258187506923583,0.08814907081390734,0.683537888452873,1.0321956309173086,0.5533709007231854,-0.008421789073715177,0.7715740069492583,-0.8487427647903104,0.1974511446856433,-0.03738547076304349,-0.1289413324724287,-0.48636349850157695,-0.7731991906769027,0.23038012484089304,-0.47663096704798713,0.30197311460633136,0.3650893753353918,0.3289156912388904,-0.2614954573104012,-0.24157346215266545,0.2826611683643265,-0.24201931474198524,-0.24340755853241283,0.24772934351268974,-0.3690020610029832,-0.035760847955357736,-0.14982254094232325,1.1691686010352775,0.17597281018927066,-0.7911747822615115,-0.11984801618678521,-0.10489148145090137,-0.22758575422350039,0.19243334275011997,-0.6315922192838676,0.2189730018486928,-0.7119559179493101,0.5226871125532698,-0.17214409272715223,-0.11743273104076209,0.43003527125808366,0.9017136957649012,-0.7096158321645971,0.35639406010075275,-0.19667508402574088,-0.48411292156365127,0.20936349775031188,-0.20611026629031753,-0.5742892736844445,0.5953320855183198,-0.6244101923003696
-0.02193529531974,-0.5332415626451661,-0.5975727488802238,0.5072241015750572,-1.4022911516849135,-0.4710598629452433,0.11227633138539453,-0.5504342389672294,-0.3873923506409656,-0.3001481932056859,-0.45746303279429057,0.015790961041280766,-0.08998084346481529,0.055333267132714324,0.5081497549051988,0.3166152680687392,0.37055646481048843,0.6803033103779714,0.18594158710089712,0.8963275387340399,0.04483231612642096,-0.21233688388700028,0.6467049902653903,0.13200644433614234,0.2802102378521417,-0.9235204256411704,-0.4909815526187034,-0.3302595813798172,0.7094965056344048,-0.001882739909893293,0.373240618463718,0.09580600524672762,0.17597281018927066,1.3574348589544925,0.49072523522136935,-0.060274905316746286,0.12249035301246587,-0.3776052043141174,0.43525457417394336,-0.3898479456173331,-0.19284084618365638,-0.10976332586062426,-0.27523925300123425,-0.7825626537159442,-0.7134032112960225,-0.569053711030471,0.7273892166693764,-0.6737534311388844,-0.12009287764319303,-0.6124435572488515,0.025734733155756723,0.6730038964188297,0.154445130838915,0.18570203369031477,-0.26644794867437976,-0.27637555835844
0.5780896659147363,0.7833784508125365,0.04659912508382375,0.8926025836002691,0.27157321801343365,-0.40106715777232704,-0.034760825711804964,-0.537136576004803,-0.4797008627455711,-0.4139203818169063,-0.3235880116644402,-0.7471822237139151,0.17952413846582368,0.04142227961348867,0.6857063006160901,-0.014424935777519042,0.341766284431851,0.4730635324855032,-0.6042899012464199,0.8393011291930965,0.23155834779329565,-0.20949816829338652,0.7563725341552878,0.7256966004972548,0.5937596296338081,-0.17732781251560184,-0.13427127997421706,-0.4103611771655899,0.2704034810706289,0.18707787025797537,0.2571008331094314,0.320643436721293,-0.7911747822615115,0.49072523522136935,1.5238108578672787,0.15920057555252434,0.3537559294854931,0.22887515983997364,0.45652882259610766,0.3051247878892199,-0.4535869678287707,0.9304765891621775,-0.9218906606338468,0.4562964674907747,-0.8010332073907592,-0.7179731252624367,-0.7666705889532717,0.3464320489287247,-0.9275816732429356,-0.187224699045875,1.0849553220329224,-0.38050801885499924,0.11416146041661672,0.7052021831790626,-0.46264617176374273,0.7173990756318309
