V1,V2,V3,V4,V5,V6,V7,V8,V9,V10,V11,V12,V13,V14,V15,V16,V17,V18,V19,V20,V21,V22,V23,V24,V25,V26,V27,V28,V29,V30,V31,V32,V33,V34,V35,V36,V37,V38,V39,V40,V41,V42,V43,V44,V45,V46,V47,V48,V49,V50,V51,V52,V53,V54,V55,V56
3.3030449652089526,-1.9297904395636758,0.4842334124605911,0.44422143077241705,3.377259509529493,-0.5915575951112991,0.16653055721177568,2.3627420306575826,-2.1941948049355178,-0.4356879820996247,-0.9927392075064382,2.6165279853970436,-1.3048100263175209,0.07885484142126388,1.3303732858091277,-0.058321118706788425,1.5564531864277238,2.1374008233605166,0.03361506756806525,-0.2139656945732505,0.19748568013480394,-2.081040814938708,1.8988336878084895,-1.2032625587701191,0.5370940746197324,0.5259348713908599,0.768572649271307,2.6264923154128184,0.6348612553858822,-0.14405301672793805,-1.9895287571921476,0.8349320039985032,1.7078885291812202,1.3165449780107108,-1.745593087955284,-1.9480752318405272,-3.2022456687407077,3.482264548578049,1.0666865528723877,-1.382841922711158,1.9025422201335225,0.13812411466436875,-0.5098710244450125,-0.752447184125396,-1.871446459844406,-0.100769398368369,0.9182567881228401,0.862850949056696,-0.11914709797346122,-1.7652358748552242,-0.7128668267653983,-1.2464853547463077,-0.020832767307982957,1.7497232252103079,1.1688359143548268,0.7066100224350782
-1.9297904395636758,1.4135477069420859,-1.0771770128609803,-0.40531313030681076,-2.905689699240995,0.049353923223048865,0.17111702381776522,-1.1892045157437285,1.703607712537861,0.15438043196533283,0.6370256874054182,-1.6238281948104865,0.9018230021410417,-0.08665669495434748,-0.6756534518527041,-0.23675895825792348,-1.403063359784788,-1.2483187487405765,-0.45666186998677816,0.2794180849980331,-0.13822846800011146,0.9366942907314141,-0.9680226512261269,0.6389719204224333,-0.6748623309562769,-0.36390031345908586,-0.6064740196515166,-1.8595104265723859,-0.5820348712819324,0.0380825671992254,1.2519319489188991,-0.9491640484619984,-0.9685016585285923,-0.46799923287891376,1.1660399236052799,0.96001717653657,2.222582440646321,-2.2466076967615467,-0.5861101226890019,0.6011427102149252,-0.938081090677443,-0.473428742379578,0.1860963026362563,0.4470290057891788,1.3719177016132356,0.22598231572195307,-0.9238228280636999,-0.7671982379401585,0.16573881157799536,0.9681720811583941,0.6330260827788059,0.6030538012576274,-0.4371360350982089,-0.7868173151740615,-0.8599754524725306,-0.4439067045316162
0.4842334124605911,-1.0771770128609803,2.4832933794401177,0.797933817893748,3.3391951629972136,0.6180743920566074,-0.5910815185768292,-0.2386833748762208,-1.4387190504256513,0.37574688559121855,-0.4383091051317495,0.8150271456422911,-0.9224953503593899,0.2948861243884058,0.06608011497395223,0.9293723094025292,1.6562975122003494,0.23224291382123335,1.5431430089713054,-0.31057551968175723,0.17321159737613237,0.6122210655361315,-0.05474536505451585,0.17103238559131229,1.3781667476490262,0.39746687253717977,0.5937457301180354,1.1616138447553772,0.9703168787312993,0.24659128752617243,-0.2960232038711853,1.7381612667774886,0.26402951271131436,-0.562457409429817,-0.48656500619190224,0.22037189294508397,-1.5621203664556818,1.1367481679140545,0.13496535236554466,0.3881841742652424,-0.23618244470655703,1.2445260714231143,-0.02483266835717441,0.06681819421405662,-1.536102794167468,-0.6863694189890449,1.5225162298215558,0.8770288652543258,-0.5962188614181667,-0.06735781211582258,-0.6231291174800937,0.23894544526772132,1.4884351644222962,-0.3511280875548369,0.8538058026431536,0.29388262261791936
0.44422143077241705,-0.40531313030681076,0.797933817893748,0.7224408802610174,1.529251294825928,-0.1628796947064681,0.29373140636674044,0.06167103967191715,-0.4314379501418393,0.2635368966822309,-0.37589205875148785,0.7050052367744731,-0.834197210255784,0.30726880880515345,0.3451881395587867,0.5002022819568006,0.5043235391858373,0.18403282220843878,0.9474047125181975,0.2882480937249348,0.07311026933499097,0.01766327758799649,0.07425115820639801,0.1430135472218155,0.7565661091626397,0.3373455694933526,0.33080230878493216,0.2660360911753734,0.7034518659619438,0.3520162925493174,0.22014750530767954,0.9209874434137835,0.34886564298763834,0.21508821659974942,-0.028986088905729575,-0.24117609724678768,-0.8198074423915439,0.5407505094308271,0.1402639121632241,8.807215262523038e-4,0.24694046400770495,0.320962907332742,-0.5578721456019805,0.2337982095647365,-1.239492702030033,-0.5228220862646681,0.909720836335623,0.28563204663673725,-0.6284194240809454,-0.10331479338242842,-0.0891348794202648,0.08673552349253731,0.6851774235628265,0.27717846781233396,0.5682701774396575,0.3253790417523218
3.377259509529493,-2.905689699240995,3.3391951629972136,1.529251294825928,7.718395999159377,0.10799722393600582,0.32295457002753297,1.3117528562390945,-3.6213914926202686,0.08432207813783843,-1.3302732552556156,3.2868280775314065,-2.2866135501809444,0.39435138344073845,1.058810477538069,1.3736657109250812,3.0857403574885796,2.2531011266144776,2.6696593046418857,0.19158577793098325,-0.03505295911784474,-1.3823970279796243,0.5654724406071256,-0.8299661037408056,2.179707314838964,0.7188480351816511,1.7083757617771984,3.382993569900514,1.8709790909050958,0.7292660758823278,-1.474415133213669,2.8697457821953543,1.604111989354524,0.7282165024570538,-2.0218058804599677,-1.7471281500108693,-4.608168397110439,3.858423081690009,0.5355918516956565,-0.3739034825606806,1.9160031575389829,1.1297609235721593,-0.992257503533698,-0.46777318064192663,-3.6809063606159644,-1.3769277546175338,2.9109875664256157,1.7688306781064083,-1.068736962629028,-1.2019403074790564,-1.3918139279466006,-0.4415707487392131,2.046780316921545,1.482981379672334,1.985038685785996,1.1981099951765812
-0.5915575951112991,0.049353923223048865,0.6180743920566074,-0.1628796947064681,0.10799722393600582,0.5151766036377331,-0.4991344447811269,-0.5562950999191322,-0.07379943338274793,0.07621691581953499,0.1983916755300555,-0.4941400039573329,0.3183605013249733,-0.07664015807701165,-0.42059672218947675,0.14128350028350092,0.22888456800639254,-0.3459652840162245,0.13695670729300205,-0.29485998817684883,-0.004573851476113732,0.6184167777456199,-0.4118106296055211,0.1807797043563485,0.08830598967634325,-0.12558383742735607,-0.04278247648860812,-0.02941830849553809,-0.09211227326364378,-0.0783615542634157,0.03363923875405888,0.10600296940681243,-0.3881883453473081,-0.6311426465107662,0.061030351805412754,0.580124707221282,0.29565104809368437,-0.37287281419801405,-0.213821080268132,0.42925390727659424,-0.5774572671319602,0.37073068552349264,0.4373838445411766,-0.0023458766572133963,0.370358078766604,0.0130095935797623,-0.0016309789758500667,0.10343145465059969,0.1431793866959576,0.332046519000885,-0.13554775008675124,0.2698789849843702,0.28765761548915636,-0.6330332149857816,-0.15338624561349556,-0.1797061864752877
0.16653055721177568,0.17111702381776522,-0.5910815185768292,0.29373140636674044,0.32295457002753297,-0.4991344447811269,1.1776044530612044,-0.1199193983684117,0.25758038088808677,-0.001949215324322814,-0.05120691641796287,0.24982429344787882,-0.2373219208047651,0.052623077474008524,0.11291400307620537,0.1693663962316409,-0.5301927414772054,0.20996307718980123,0.5860082997789348,0.9237274753177217,-0.35505713789349364,-0.5994194650981733,-0.6698837345353997,-0.02659199446165335,-0.035287481289059584,-0.10498508989788365,0.2575288744596157,-0.45394709033270764,0.19020856006498105,0.569254740670453,0.6782313493702208,-0.07282400544658707,0.02865948923598968,0.6554355374137388,0.1801323526855722,-0.59916711334375,0.043589683825703766,-0.41873041252119764,-0.368497734556584,0.06388624492156336,0.7925600285218065,-0.7194058739583352,-0.7977043188945974,0.17601034537012014,-0.39480730519888085,-0.4252694925834829,0.20232600006723978,-0.18502675410472513,-0.3583252646945936,0.21825064579124107,0.1623585879735092,0.1846558778816703,0.023182910205919383,0.7245019582502241,0.005238559436572798,0.3041912184299171
2.3627420306575826,-1.1892045157437285,-0.2386833748762208,0.06167103967191715,1.3117528562390945,-0.5562950999191322,-0.1199193983684117,2.0300376691814965,-1.2650557703525194,-0.41418199208266626,-0.658213140791185,1.7325728820691741,-0.7327096376409963,0.004856293745096606,1.0574467736129924,-0.41359150146106366,0.8481196930093244,1.466330991921362,-0.702307305448114,-0.4191670418384745,0.28862791090346557,-1.556314959960462,1.891868459753592,-0.9357008082027857,0.03192345749832528,0.4026556399153618,0.2724290235235239,1.783003790626975,0.16435827468945116,-0.4177254237733127,-1.6605094206875084,0.16910212116359272,1.3021122657486748,1.005903009913952,-1.2090708340308276,-1.3643215761887215,-2.014841422282843,2.538834554617804,1.010165530334202,-1.3004159240697861,1.228435478537643,0.001529538414088373,-0.15151361197287253,-0.6176203970215696,-0.9176185218005144,0.3130545970027032,0.18328844665898184,0.4358547812238637,0.16442548434804458,-1.4833579325738808,-0.3607836656164173,-1.1453231281182965,-0.5122563494987435,1.2142119340669244,0.6921368693277543,0.34365002870226957
-2.1941948049355178,1.703607712537861,-1.4387190504256513,-0.4314379501418393,-3.6213914926202686,-0.07379943338274793,0.25758038088808677,-1.2650557703525194,2.1009740295643153,0.18783287650765007,0.7033478709238088,-1.8362176231851774,0.9804078867876119,-0.062049261752495165,-0.6791716122799776,-0.3347509461920042,-1.7350353857706902,-1.4566862866273638,-0.6341302698757852,0.35351473092181157,-0.11413648123838126,1.0346569182262348,-0.9593784813930303,0.75249344918802,-0.8152417497986222,-0.3676075460968129,-0.7579001428682802,-2.243475572551419,-0.667134332424179,0.024092977344603198,1.4838278140750796,-1.1486147775494566,-1.048277828586152,-0.4277292100675333,1.4178668701807395,1.057088099047418,2.6137026416745166,-2.5828351008714803,-0.5916078680238931,0.5857267770340939,-1.0581626847778254,-0.6048702892980917,0.13833725713670386,0.5582292761593145,1.5415612989323337,0.2976314871760961,-1.117046919731581,-0.9551902574636494,0.15405394863150554,1.0534793085124918,0.8182331164950774,0.6377524205092945,-0.6059507763775975,-0.8336014669361692,-0.9789096477254486,-0.5080303757744872
-0.4356879820996247,0.15438043196533283,0.37574688559121855,0.2635368966822309,0.08432207813783843,0.07621691581953499,-0.001949215324322814,-0.41418199208266626,0.18783287650765007,0.22619529071938,0.0019435380599818754,-0.1706267444270522,-0.15972430349281513,0.143102246802711,-0.08725357401434083,0.25251799626928917,0.00735150476323504,-0.35037189302776345,0.42268213497674206,0.09538558117388972,0.0404169764824615,0.4831258896934261,-0.25345791012644076,0.31721173350301374,0.29351586932795365,0.08917987610396684,-0.009589736623142775,-0.33660787156583794,0.22432486416101466,0.15077845147708277,0.43926237056424233,0.3246852839682827,-0.15216232070627772,-0.21123967050865633,0.31453114703862933,0.31965998172536286,0.1996607674081447,-0.35825517453843475,-0.09191710693366072,0.2591921064465213,-0.33049723305170886,0.21520664406511567,-0.11159848455333782,0.2554749881608707,-0.24178519114815156,-0.20590621147708477,0.27268227949125085,-0.004512516853530047,-0.2708160201074889,0.2668226939530017,0.08173150570024973,0.26846085036377965,0.35578352127512536,-0.2743474718670923,0.06907224017347358,-0.0017283306054799155
-0.9927392075064382,0.6370256874054182,-0.4383091051317495,-0.37589205875148785,-1.3302732552556156,0.1983916755300555,-0.05120691641796287,-0.658213140791185,0.7033478709238088,0.0019435380599818754,0.40093825327164506,-0.9160214908343018,0.6484844197713092,-0.14732057397541612,-0.4882490640525683,-0.14636255655020855,-0.6085221157509596,-0.5799495711547816,-0.2854757339931618,0.026370209990406582,-0.13123965977250174,0.4630676071584567,-0.6231419350071113,0.23586240195045025,-0.4260577992298556,-0.29047749880544177,-0.27718733870722756,-0.7779875320515902,-0.4184825852203407,-0.03687057112215976,0.47056617290844566,-0.5629404300915865,-0.5813789409771026,-0.37963932612457857,0.44170609155391755,0.532597355387305,1.1111961888555972,-1.1304682686056453,-0.3878139798601139,0.3830958250066164,-0.4951360519191014,-0.221277650275276,0.2866520615972372,0.10013281620138784,0.9299215395277749,0.17759093119734684,-0.5505008103885107,-0.3254984785970243,0.2523290197388572,0.5239206977370418,0.20180840870078254,0.3143675978632921,-0.23192928644691624,-0.49336163300413804,-0.5184690526340863,-0.2753479628198345
2.6165279853970436,-1.6238281948104865,0.8150271456422911,0.7050052367744731,3.2868280775314065,-0.4941400039573329,0.24982429344787882,1.7325728820691741,-1.8362176231851774,-0.1706267444270522,-0.9160214908343018,2.2631856155726955,-1.3848920160013176,0.2193067075118177,1.1340452148996518,0.23229630005376722,1.4186259417337874,1.6369142648334727,0.5417262885400032,-0.022226797426110174,0.18288034802021097,-1.4741955383545517,1.4083628640333883,-0.7914843781859061,0.8025521667497836,0.5625453339839472,0.7347550876324479,2.058877938804454,0.8350166026547478,0.07741993339819529,-1.3307269014933683,1.1113589408968483,1.4162529506208497,1.040506110878442,-1.2890816370577296,-1.5205355386912036,-2.7638426695621865,2.8129529703746368,0.8435929555414791,-0.9908403292357327,1.4888318814828605,0.2919932490821961,-0.6475421409771492,-0.42452663184978534,-2.00866443705649,-0.3479720776354861,1.1598910621030236,0.7896688851794078,-0.4157110108914146,-1.3282058355097934,-0.5769392080440268,-0.849923713735816,0.3670245863950868,1.3886753212397682,1.1533790199801188,0.677591455642733
-1.3048100263175209,0.9018230021410417,-0.9224953503593899,-0.834197210255784,-2.2866135501809444,0.3183605013249733,-0.2373219208047651,-0.7327096376409963,0.9804078867876119,-0.15972430349281513,0.6484844197713092,-1.3848920160013176,1.1877475096847785,-0.3439163152648001,-0.7270344168468049,-0.45046625737819324,-0.9280906971945978,-0.7123609672970096,-0.8635689587177913,-0.1500257022444546,-0.18502251589007468,0.47444014353968156,-0.7085494026725082,0.15654072708094888,-0.899667567218002,-0.5130932888355457,-0.4835842414467729,-0.961127079246959,-0.8632298920691263,-0.25030322641913777,0.3507837559595174,-1.1408906856864354,-0.8237646211421302,-0.5356896088827624,0.4703685228716042,0.7052135211347118,1.649525146056236,-1.5048504861009098,-0.49656308960027995,0.4089037807826879,-0.6669448288348486,-0.41935509429738677,0.6446694119839076,-0.0421390429123287,1.7240713302102453,0.49806987279231985,-1.1212793314719072,-0.5056598343317423,0.6480700516397312,0.6137645303498007,0.2559660936557193,0.27959603890089757,-0.6482027335795209,-0.6877857124990642,-0.8866951120246676,-0.4838806278765986
0.07885484142126388,-0.08665669495434748,0.2948861243884058,0.30726880880515345,0.39435138344073845,-0.07664015807701165,0.052623077474008524,0.004856293745096606,-0.062049261752495165,0.143102246802711,-0.14732057397541612,0.2193067075118177,-0.3439163152648001,0.1544050194301253,0.15278831613935995,0.18297089478129683,0.1569553361459858,-0.02574529887008413,0.3188945793048061,0.0741283022350243,0.08534958555940182,0.11914350449517466,0.10941788453723439,0.12388066671271537,0.31086512012607587,0.1717794788880528,0.06627612450077755,0.007667938606970537,0.2846436113466799,0.10410258161547918,0.13617650770894993,0.3677914488854068,0.12840064480932506,0.04991615236613823,0.0801372202079389,-0.006521721080283913,-0.227943529886869,0.15766239411201752,0.10485374767409351,-0.009293022148448184,-0.02120588353993022,0.17848998267282576,-0.2049813010555688,0.14480665399611617,-0.48593116168247724,-0.17937479064910664,0.3348241035442959,0.07558513784093303,-0.27259161190470715,-0.0338751717493042,0.021657532801844896,0.039224156261076386,0.25804204205475784,0.03442567649126282,0.2213246017462794,0.0978178474071949
1.3303732858091277,-0.6756534518527041,0.06608011497395223,0.3451881395587867,1.058810477538069,-0.42059672218947675,0.11291400307620537,1.0574467736129924,-0.6791716122799776,-0.08725357401434083,-0.4882490640525683,1.1340452148996518,-0.7270344168468049,0.15278831613935995,0.7162975916131857,-0.03587960073285202,0.5235993340891371,0.7682527177939729,-0.03143143713020312,-0.04714856270242582,0.20107585068659833,-0.7718731302890612,1.0344337094858336,-0.37632644541360527,0.296333893080444,0.3563274217316073,0.22470612235764936,0.8822537741928566,0.3696614026294363,-0.06493555022654518,-0.6747998935768157,0.4104443577925848,0.8038294989142336,0.6533154927190066,-0.5265860970398969,-0.7830982761100934,-1.2489164483661124,1.4312726761375039,0.596771522191232,-0.6850867862579245,0.7055712248891834,0.09048489507070773,-0.3563137779468675,-0.16572249547661022,-0.9770713400830237,-0.049929025646489426,0.41543231359499283,0.26921006465792885,-0.20665473592735925,-0.7889350173580765,-0.1393046541997818,-0.5493067405307749,-0.03766616096608286,0.7525988608223518,0.5612410896684774,0.30644278960746046
-0.058321118706788425,-0.23675895825792348,0.9293723094025292,0.5002022819568006,1.3736657109250812,0.14128350028350092,0.1693663962316409,-0.41359150146106366,-0.3347509461920042,0.25251799626928917,-0.14636255655020855,0.23229630005376722,-0.45046625737819324,0.18297089478129683,-0.03587960073285202,0.5393283101170381,0.42415649483657697,-0.05382995539211951,0.9982472879418347,0.2496732281574742,-0.05535260933002369,0.30966909865117204,-0.46040031339451276,0.22983360962414354,0.6326567576446303,0.12427746018204112,0.3005215310797483,0.07317566347882161,0.5146618481982176,0.3689167445830555,0.3706831453598183,0.7631121918075865,-0.02580978756536304,-0.1409910719311383,0.05760253649920035,0.08680034351958862,-0.400324776932103,0.0177722004227161,-0.16890146752716412,0.35245063588738523,-0.02224866185382004,0.3258167938401609,-0.30605495876864774,0.2147267067265537,-0.7642642933611268,-0.5083330303576453,0.7513482443413422,0.25404145814604107,-0.4607320532432176,0.23735582332140182,-0.1392336774178254,0.32507850205483596,0.7534844524024689,-0.06923793684539868,0.31606127557030006,0.196450849177031
1.5564531864277238,-1.403063359784788,1.6562975122003494,0.5043235391858373,3.0857403574885796,0.22888456800639254,-0.5301927414772054,0.8481196930093244,-1.7350353857706902,0.00735150476323504,-0.6085221157509596,1.4186259417337874,-0.9280906971945978,0.1569553361459858,0.5235993340891371,0.42415649483657697,1.6413490255940364,0.953770635213229,0.6859927298052174,-0.47511815581508426,0.23996545276432446,-0.3910759907384184,0.8659411843564815,-0.4080098741593296,0.9374378452527797,0.4257821605257736,0.5733384979702362,1.8084587972440653,0.7051216486711598,-0.06463945482461467,-1.1445647828544327,1.255893233739244,0.8085369331996088,0.06716862123455518,-1.030470089039462,-0.5324603975099012,-2.1344297058605735,2.1069375710628404,0.5697352968116929,-0.3549437986689769,0.4678509424095036,0.876289282051003,-0.008093302966536813,-0.33159782203158517,-1.440539779814701,-0.2988046969674981,1.1147553696910668,0.8645400549071817,-0.2531179314686279,-0.7938969050711107,-0.67446118914025055,-0.4191684914769851,0.7693930755140832,0.3479345277038876,0.9071298420099034,0.36614941975619336
2.1374008233605166,-1.2483187487405765,0.23224291382123335,0.18403282220843878,2.2531011266144776,-0.3459652840162245,0.20996307718980123,1.466330991921362,-1.4566862866273638,-0.35037189302776345,-0.5799495711547816,1.6369142648334727,-0.7123609672970096,-0.02574529887008413,0.7682527177939729,-0.05382995539211951,0.953770635213229,1.450725811115701,0.029820071888863424,-0.06278433684370979,0.023373188198956403,-1.4657530990183743,1.02004657000636,-0.850741362072651,0.24338117772834358,0.22870089559244344,0.5448215612613575,1.7138709005069295,0.32486744397145684,-0.04886081715321916,-1.2935788316174137,0.41844441495967694,1.029588296098502,0.8666458224167293,-1.1913791792231114,-1.323479912002069,-2.027219339970409,2.158063758822186,0.5599789428679053,-0.8289711319965746,1.3463981778078407,-0.04114847282254258,-0.3132481159528702,-0.5517646353408746,-1.0617155952892232,-0.07502637127948741,0.5213038369321323,0.5496492888540142,0.004951181830755521,-1.0770431517110448,-0.5030615172895045,-0.7747959110132041,-0.0561051519729056,1.1883236881504888,0.6672705186264876,0.4638627115083508
0.03361506756806525,-0.45666186998677816,1.5431430089713054,0.9474047125181975,2.6696593046418857,0.13695670729300205,0.5860082997789348,-0.702307305448114,-0.6341302698757852,0.42268213497674206,-0.2854757339931618,0.5417262885400032,-0.8635689587177913,0.3188945793048061,-0.03143143713020312,0.9982472879418347,0.6859927298052174,0.029820071888863424,1.9354849737629432,0.6478336470701145,-0.2074738092721739,0.32971765709361833,-0.9715980260846583,0.3447641759231304,1.114055104776721,0.19335529344997607,0.6346634275992209,0.13105905155160597,0.955239502057798,0.7898180076011694,0.7490785363373189,1.352913171455763,-0.0018214746195299443,-0.07688113767563587,0.05210918642651284,-0.056144249547475635,-0.810817641562611,0.026738984987210963,-0.39169887512276275,0.6124950070488537,0.2252813553586001,0.39154732527288105,-0.7278497864389402,0.37364324407072513,-1.459894356685381,-0.995431932644888,1.40834232142915,0.4492470157144115,-0.8777750075337027,0.43383201476487787,-0.2620585531497833,0.5932834059754143,1.347082066874923,0.09257511262229952,0.5894524306114649,0.43310008627904234
-0.2139656945732505,0.2794180849980331,-0.31057551968175723,0.2882480937249348,0.19158577793098325,-0.29485998817684883,0.9237274753177217,-0.4191670418384745,0.35351473092181157,0.09538558117388972,0.026370209990406582,-0.022226797426110174,-0.1500257022444546,0.0741283022350243,-0.04714856270242582,0.2496732281574742,-0.47511815581508426,-0.06278433684370979,0.6478336470701145,0.789351321962289,-0.2961153493884281,-0.1848678475880189,-0.7942611888435123,0.15258587842954568,0.05593719775351372,-0.1086634913003872,0.1813979237760352,-0.602803629594666,0.1962565027123083,0.5296037257378361,0.7967619004119005,0.020234989784060436,-0.1557115937323223,0.3477956395284222,0.3373489776956725,-0.2428705196012393,0.27651991628941,-0.6649299228331873,-0.4179971183157096,0.2650105049316575,0.4090649781407064,-0.4906001181025681,-0.6290894752612639,0.26198035386537466,-0.2889267855804781,-0.431717794888882,0.21882896870794738,-0.17976172915530583,-0.36653676668534063,0.3935178520643348,0.17556424737632714,0.33380170395175246,0.17811079531601165,0.3711313974086843,-0.04956630998463399,0.20943727467087306
0.19748568013480394,-0.13822846800011146,0.17321159737613237,0.07311026933499097,-0.03505295911784474,-0.004573851476113732,-0.35505713789349364,0.28862791090346557,-0.11413648123838126,0.0404169764824615,-0.13123965977250174,0.18288034802021097,-0.18502251589007468,0.08534958555940182,0.20107585068659833,-0.05535260933002369,0.23996545276432446,0.023373188198956403,-0.2074738092721739,-0.2961153493884281,0.23133025469129917,0.10604437951121595,0.569321917892591,0.005886331442345346,0.13520885173775463,0.18759090955936847,-0.08468824210510073,0.22891840294863292,0.0872975896713848,-0.20160269961451882,-0.28420962594251775,0.16849914424703272,0.20727106582269186,-0.03427407001987685,-0.05796378454693382,0.06228758325382033,-0.24194895193682373,0.4379209127454439,0.3334288374755565,-0.21178049769094326,-0.1750045457108342,0.2998231901813555,0.1129793545938731,-0.006950663986345764,-0.2053812682846244,0.11189907560469758,0.05705757356762404,0.07803520151994998,-0.021145605170946224,-0.2634903779949355,-0.0010065702411901946,-0.18629872498088584,-0.008055966146975,-0.07902886065912279,0.16428660453003296,-0.025126816693096913
-2.081040814938708,0.9366942907314141,0.6122210655361315,0.01766327758799649,-1.3823970279796243,0.6184167777456199,-0.5994194650981733,-1.556314959960462,1.0346569182262348,0.4831258896934261,0.4630676071584567,-1.4741955383545517,0.47444014353968156,0.11914350449517466,-0.7718731302890612,0.30966909865117204,-0.3910759907384184,-1.4657530990183743,0.32971765709361833,-0.1848678475880189,0.10604437951121595,1.8082075883958957,-0.924116762939671,0.9443667290643732,0.1863838860360976,-0.0852979315950736,-0.4326573772397564,-1.3478794650330463,-0.058030403420152456,0.025982687534567513,1.1316434345334538,0.11934362957833268,-0.976302574043257,-1.1657086542583566,1.0683819831937311,1.5380384801400924,1.6092890642373496,-1.7975736436858565,-0.45280567068042515,0.9537505097343612,-1.6052164584236708,0.5570456719966346,0.4406590173800505,0.5728541284713583,0.6661024663806948,-0.06501521070845087,-0.10428259695225697,-0.27438572651754345,-0.14169395567431312,1.043707635308214,0.316344571828989,0.8342241277084697,0.5070749002582813,-1.45113074193066,-0.4216891004518123,-0.43553986481594004
1.8988336878084895,-0.9680226512261269,-0.05474536505451585,0.07425115820639801,0.5654724406071256,-0.4118106296055211,-0.6698837345353997,1.891868459753592,-0.9593784813930303,-0.25345791012644076,-0.6231419350071113,1.4083628640333883,-0.7085494026725082,0.10941788453723439,1.0344337094858336,-0.46040031339451276,0.8659411843564815,1.02004657000636,-0.9715980260846583,-0.7942611888435123,0.569321917892591,-0.924116762939671,2.253314854340728,-0.6534959477116916,0.1239644688516625,0.5508539526605057,-0.008073381177716365,1.5346178847858036,0.15813552096452158,-0.6639105093577401,-1.6170692770613386,0.24727882534538947,1.2075054250437416,0.6444337419662459,-0.9077089345649133,-0.8296634371077529,-1.6579204175222046,2.3841448131583522,1.2350376125515,-1.2734714508478508,0.5467313506275602,0.41459956898530204,0.1269500683054196,-0.4587327590581173,-0.8041722325889185,0.48087438153405815,0.08236690628433133,0.36815157853125635,0.15473701445021507,-1.4521027494893308,-0.21584089010560845,-1.1183847078470424,-0.49002841252237483,0.6972270435157206,0.6713957071612358,0.15253056132269144
-1.2032625587701191,0.6389719204224333,0.17103238559131229,0.1430135472218155,-0.8299661037408056,0.1807797043563485,-0.02659199446165335,-0.9357008082027857,0.75249344918802,0.31721173350301374,0.23586240195045025,-0.7914843781859061,0.15654072708094888,0.12388066671271537,-0.37632644541360527,0.22983360962414354,-0.4080098741593296,-0.850741362072651,0.3447641759231304,0.15258587842954568,0.005886331442345346,0.9443667290643732,-0.6534959477116916,0.593913995462627,0.12973452387324216,-0.03513582438910621,-0.21513478833051872,-0.9856046008298517,0.05427781191321739,0.16877355024703428,0.901928033348782,0.0773636949221608,-0.5427170046314742,-0.4840557698867641,0.7456242812956104,0.7620560047728558,0.9890724397868649,-1.182251179772082,-0.3195459252966014,0.5520575038087592,-0.7680098182682586,0.1527753840162168,9.315287515439091e-4,0.43498381421651083,0.2196753989356906,-0.1600516429720963,0.008498748841981024,-0.23830849076294855,-0.2331052853297822,0.661957647405929,0.27969023687873756,0.5368764908156728,0.30429752823345385,-0.6595292531811482,-0.22314836459228804,-0.17076443392835944
0.5370940746197324,-0.6748623309562769,1.3781667476490262,0.7565661091626397,2.179707314838964,0.08830598967634325,-0.035287481289059584,0.03192345749832528,-0.8152417497986222,0.29351586932795365,-0.4260577992298556,0.8025521667497836,-0.899667567218002,0.31086512012607587,0.296333893080444,0.6326567576446303,0.9374378452527797,0.24338117772834358,1.114055104776721,0.05593719775351372,0.13520885173775463,0.1863838860360976,0.1239644688516625,0.12973452387324216,0.9819096713533081,0.38083593832172313,0.42149327352115273,0.6332068695052496,0.8088444635204026,0.29168058631494076,-0.02151772679596285,1.2168156242312438,0.3689727440868685,-0.02196006092253582,-0.21580867117330976,-0.11466739638010114,-1.1422715245193558,0.8449413538507946,0.19260457143977858,0.0855265439722144,0.10160580970970527,0.6612325488777823,-0.3744937453415041,0.16299932940301565,-1.3880178455589591,-0.5679898988389218,1.1275525335293224,0.5027370241808944,-0.6184813404427258,-0.14980000408279637,-0.2769339542758872,0.09436938428693009,0.9458799693307416,0.093226266856836,0.6946762351231539,0.32570939012096095
0.5259348713908599,-0.36390031345908586,0.39746687253717977,0.3373455694933526,0.7188480351816511,-0.12558383742735607,-0.10498508989788365,0.4026556399153618,-0.3676075460968129,0.08917987610396684,-0.29047749880544177,0.5625453339839472,-0.5130932888355457,0.1717794788880528,0.3563274217316073,0.12427746018204112,0.4257821605257736,0.22870089559244344,0.19335529344997607,-0.1086634913003872,0.18759090955936847,-0.0852979315950736,0.5508539526605057,-0.03513582438910621,0.38083593832172313,0.2896035687537486,0.10960152066314109,0.421963602350039,0.34310864304835137,-0.021550780919377576,-0.24119060524817754,0.4846135787722242,0.39404324574989164,0.16022113774442037,-0.17630181396556704,-0.198645300193142,-0.6752922679731007,0.7241039216900975,0.3478333134592005,-0.2603482588169224,0.12010021428002808,0.2973196060803898,-0.1689798449905116,0.022895671524149515,-0.6945713541242855,-0.10076111289941397,0.4172340459942735,0.20676208055705247,-0.24146022896184088,-0.3445687722321609,-0.07911483956480489,-0.1888032678453415,0.21631734646656203,0.1791738039736638,0.39687719496624047,0.14259130315171156
0.768572649271307,-0.6064740196515166,0.5937457301180354,0.33080230878493216,1.7083757617771984,-0.04278247648860812,0.2575288744596157,0.2724290235235239,-0.7579001428682802,-0.009589736623142775,-0.27718733870722756,0.7347550876324479,-0.4835842414467729,0.06627612450077755,0.22470612235764936,0.3005215310797483,0.5733384979702362,0.5448215612613575,0.6346634275992209,0.1813979237760352,-0.08468824210510073,-0.4326573772397564,-0.008073381177716365,-0.21513478833051872,0.42149327352115273,0.10960152066314109,0.4132879829666731,0.6821939271516643,0.39453545010783325,0.2378380507722813,-0.2443732189248947,0.5591759585208964,0.33854450033093886,0.26109749377879754,-0.4402648347507386,-0.48980898726958977,-0.981403970211738,0.7636540612855179,0.036845372152635225,-0.07074287915525558,0.5655155856243255,0.09825269946003388,-0.314021530981327,-0.10475396839668395,-0.7937734376004105,-0.34371367477396025,0.6208127690552738,0.3516089238611762,-0.24481242203211076,-0.22576315692556373,-0.2904552051695714,-0.0753428895039971,0.4126363342205526,0.44514731568386384,0.40234323081634865,0.29941918538652057
2.6264923154128184,-1.8595104265723859,1.1616138447553772,0.2660360911753734,3.382993569900514,-0.02941830849553809,-0.45394709033270764,1.783003790626975,-2.243475572551419,-0.33660787156583794,-0.7779875320515902,2.058877938804454,-0.961127079246959,0.007667938606970537,0.8822537741928566,0.07317566347882161,1.8084587972440653,1.7138709005069295,0.13105905155160597,-0.602803629594666,0.22891840294863292,-1.3478794650330463,1.5346178847858036,-0.9856046008298517,0.6332068695052496,0.421963602350039,0.6821939271516643,2.5842329617470137,0.5240960134167892,-0.27550757476541926,-1.966818306758117,0.9546103170612479,1.297814177520776,0.5932999182515789,-1.6651012295565775,-1.2697256444294074,-2.859638520374562,3.0872587968325558,0.8774994590741046,-0.9467323193433616,1.202061153704016,0.5824066927951834,0.004521055666795897,-0.7481984919186411,-1.4436318121569074,-0.0385573244723155,0.8984676041144533,0.9708680433537378,0.04750216431250804,-1.4258035565695844,-0.8492667327231816,-0.9702310349486558,0.2743457222724202,1.003285031061195,1.0118189352148654,0.47915656231388554
0.6348612553858822,-0.5820348712819324,0.9703168787312993,0.7034518659619438,1.8709790909050958,-0.09211227326364378,0.19020856006498105,0.16435827468945116,-0.667134332424179,0.22432486416101466,-0.4184825852203407,0.8350166026547478,-0.8632298920691263,0.2846436113466799,0.3696614026294363,0.5146618481982176,0.7051216486711598,0.32486744397145684,0.955239502057798,0.1962565027123083,0.0872975896713848,-0.058030403420152456,0.15813552096452158,0.05427781191321739,0.8088444635204026,0.34310864304835137,0.39453545010783325,0.5240960134167892,0.7258173703610917,0.31258910510168,0.013103831328827937,1.000338174726045,0.4169992257621221,0.19809503712291815,-0.1935948593575242,-0.29987188935010367,-1.0540929756644095,0.7936666624951382,0.19013246886969384,-0.03167296187406212,0.30531941954570113,0.4116474249061263,-0.4906899375171206,0.1470992620231014,-1.3087313981420836,-0.5227005304973544,0.9745728535675091,0.3902886713724787,-0.5870973682826793,-0.19958233737343148,-0.192529236762021,0.02175005218135881,0.7320584875568547,0.3059460272981874,0.6295079909692797,0.3509035227852246
-0.14405301672793805,0.0380825671992254,0.24659128752617243,0.3520162925493174,0.7292660758823278,-0.0783615542634157,0.569254740670453,-0.4177254237733127,0.024092977344603198,0.15077845147708277,-0.03687057112215976,0.07741993339819529,-0.25030322641913777,0.10410258161547918,-0.06493555022654518,0.3689167445830555,-0.06463945482461467,-0.04886081715321916,0.7898180076011694,0.5296037257378361,-0.20160269961451882,0.025982687534567513,-0.6639105093577401,0.16877355024703428,0.29168058631494076,-0.021550780919377576,0.2378380507722813,-0.27550757476541926,0.31258910510168,0.44710526582691007,0.5799729392570686,0.330625296209971,-0.10936972591577979,0.11124727932333321,0.18465675617564387,-0.0950023617244627,-0.026957079413002547,-0.3598343748258479,-0.32211679950299044,0.3095665096043428,0.21990892267850504,-0.13323067882817188,-0.4548682175984081,0.2173000113767257,-0.45445833867846375,-0.44878286534586503,0.4373520810689315,0.021664045875117957,-0.3768926139389768,0.3261406723029739,0.0159227356063662,0.3277985356952126,0.42425421527826684,0.1634870961742515,0.09926333512624379,0.19325941484853124
-1.9895287571921476,1.2519319489188991,-0.2960232038711853,0.22014750530767954,-1.474415133213669,0.03363923875405888,0.6782313493702208,-1.6605094206875084,1.4838278140750796,0.43926237056424233,0.47056617290844566,-1.3307269014933683,0.3507837559595174,0.13617650770894993,-0.6747998935768157,0.3706831453598183,-1.1445647828544327,-1.2935788316174137,0.7490785363373189,0.7967619004119005,-0.28420962594251775,1.1316434345334538,-1.6170692770613386,0.901928033348782,-0.02151772679596285,-0.24119060524817754,-0.2443732189248947,-1.966818306758117,0.013103831328827937,0.5799729392570686,1.8769377948835675,-0.1691890272192495,-0.9866671089284852,-0.4365170601460234,1.3157400636683831,0.9060981189038118,1.857876779108383,-2.385846830838141,-0.856336528998054,0.9764030084220705,-0.7733219519906458,-0.33645589302488044,-0.3704128603914563,0.7467984995309527,0.4647555979788023,-0.41123011358624395,-0.08422128932329001,-0.5728951207127595,-0.4334091795199481,1.285614931852291,0.557913940438137,1.0022317071979365,0.3505918804537989,-0.6792508384279772,-0.5232882262068305,-0.16714070953665164
0.8349320039985032,-0.9491640484619984,1.7381612667774886,0.9209874434137835,2.8697457821953543,0.10600296940681243,-0.07282400544658707,0.16910212116359272,-1.1486147775494566,0.3246852839682827,-0.5629404300915865,1.1113589408968483,-1.1408906856864354,0.3677914488854068,0.4104443577925848,0.7631121918075865,1.255893233739244,0.41844441495967694,1.352913171455763,0.020234989784060436,0.16849914424703272,0.11934362957833268,0.24727882534538947,0.0773636949221608,1.2168156242312438,0.4846135787722242,0.5591759585208964,0.9546103170612479,1.000338174726045,0.330625296209971,-0.1691890272192495,1.52511695811171,0.5354482472424519,0.01210576826776679,-0.3930698218141804,-0.23550684215622952,-1.5826797175130305,1.2342342429753113,0.28425589194989664,0.03314081489008142,0.217154070793417,0.8251677799485686,-0.44491191159154614,0.13295372536335015,-1.7538233274032817,-0.67718965055865,1.4172032323130248,0.6776130374350987,-0.7295555024472979,-0.28081907538859524,-0.40323685215252986,0.04439514703964547,1.1530620296075598,0.18293302257469343,0.9061563979619921,0.42128116030713947
1.7078885291812202,-0.9685016585285923,0.26402951271131436,0.34886564298763834,1.604111989354524,-0.3881883453473081,0.02865948923598968,1.3021122657486748,-1.048277828586152,-0.15216232070627772,-0.5813789409771026,1.4162529506208497,-0.8237646211421302,0.12840064480932506,0.8038294989142336,-0.02580978756536304,0.8085369331996088,1.029588296098502,-0.0018214746195299443,-0.1557115937323223,0.20727106582269186,-0.976302574043257,1.2075054250437416,-0.5427170046314742,0.3689727440868685,0.39404324574989164,0.33854450033093886,1.297814177520776,0.4169992257621221,-0.10936972591577979,-0.9866671089284852,0.5354482472424519,0.9722355678965983,0.7059449010023424,-0.8131413989045402,-0.9664648388385968,-1.6765093871711045,1.8745977942902736,0.6897237311402578,-0.8040827328239529,0.8884035743989044,0.16633083739367852,-0.31846157725556573,-0.30679282986157796,-1.128687497757064,-0.04065497311676439,0.5371275440393931,0.4295880354138541,-0.161160907924518,-0.9828316225892041,-0.2987302164238331,-0.6821556419724499,0.005943617821803569,0.8786625230677828,0.69421211934249,0.36347030587613294
1.3165449780107108,-0.46799923287891376,-0.562457409429817,0.21508821659974942,0.7282165024570538,-0.6311426465107662,0.6554355374137388,1.005903009913952,-0.4277292100675333,-0.21123967050865633,-0.37963932612457857,1.040506110878442,-0.5356896088827624,0.04991615236613823,0.6533154927190066,-0.1409910719311383,0.06716862123455518,0.8666458224167293,-0.07688113767563587,0.3477956395284222,-0.03427407001987685,-1.1657086542583566,0.6444337419662459,-0.4840557698867641,-0.02196006092253582,0.16022113774442037,0.26109749377879754,0.5932999182515789,0.19809503712291815,0.11124727932333321,-0.4365170601460234,0.01210576826776679,0.7059449010023424,0.9517783242040837,-0.46723789494798873,-1.064356380913907,-0.9684405888350374,1.0516279682316005,0.3412804752702062,-0.6670474360768602,1.0975560750217999,-0.44163169026880883,-0.5776473507470966,-0.18913168134312236,-0.7222522471474647,-0.08091790665073278,0.18036195648508171,0.07671474520551412,-0.14429430921310038,-0.6555371040864071,-0.041285161577341474,-0.5025827749947936,-0.2964205188758977,1.0811705904839979,0.3533067567183272,0.360133845824061
-1.745593087955284,1.1660399236052799,-0.48656500619190224,-0.028986088905729575,-2.0218058804599677,0.061030351805412754,0.1801323526855722,-1.2090708340308276,1.4178668701807395,0.31453114703862933,0.44170609155391755,-1.2890816370577296,0.4703685228716042,0.0801372202079389,-0.5265860970398969,0.05760253649920035,-1.030470089039462,-1.1913791792231114,0.05210918642651284,0.3373489776956725,-0.05796378454693382,1.0683819831937311,-0.9077089345649133,0.7456242812956104,-0.21580867117330976,-0.17630181396556704,-0.4402648347507386,-1.6651012295565775,-0.1935948593575242,0.18465675617564387,1.3157400636683831,-0.3930698218141804,-0.8131413989045402,-0.46723789494798873,1.1462952549875849,0.9401326482839608,1.7739985696138556,-1.9285587942759579,-0.4898363079397565,0.6501524784469527,-0.9308022001303834,-0.1712614906363487,-0.019402066392389443,0.5701596972034552,0.7128815142807042,-0.05000333345008647,-0.41251471667950196,-0.5735596682308911,-0.15686124919199243,0.9244991718876996,0.5558161148847112,0.6660179646321199,-0.004871727461909675,-0.7549910977798363,-0.5494922501037877,-0.2945694157904927
-1.9480752318405272,0.96001717653657,0.22037189294508397,-0.24117609724678768,-1.7471281500108693,0.580124707221282,-0.59916711334375,-1.3643215761887215,1.057088099047418,0.31965998172536286,0.532597355387305,-1.5205355386912036,0.7052135211347118,-0.006521721080283913,-0.7830982761100934,0.08680034351958862,-0.5324603975099012,-1.323479912002069,-0.056144249547475635,-0.2428705196012393,0.06228758325382033,1.5380384801400924,-0.8296634371077529,0.7620560047728558,-0.11466739638010114,-0.198645300193142,-0.48980898726958977,-1.2697256444294074,-0.29987188935010367,-0.0950023617244627,0.9060981189038118,-0.23550684215622952,-0.9664648388385968,-1.064356380913907,0.9401326482839608,1.4009869652448383,1.6881002347707539,-1.750740272689396,-0.4431353086947184,0.8219816267257142,-1.4576582624211316,0.351353521607766,0.56466353561531335,0.414644589993091,1.0105597265827497,0.12261160443782163,-0.41941117241043213,-0.34692458273703836,0.09665388537395286,0.938688731445326,0.31322036494252925,0.6883697351751612,0.18562618627951735,-1.3323320297466748,-0.5712926943213996,-0.48469599578680145
