V1,V2,V3,V4,V5,V6,V7,V8,V9,V10,V11,V12,V13,V14,V15,V16,V17,V18,V19,V20,V21,V22,V23,V24,V25,V26,V27,V28,V29,V30,V31,V32,V33,V34,V35,V36,V37,V38,V39,V40,V41,V42,V43,V44,V45,V46,V47,V48,V49,V50,V51,V52,V53,V54,V55,V56
16876.203536217534,1998.088412052189,-20357.183159533633,13844.861844990814,-9427.147621966571,-5531.49962830521,-28884.903780134202,2333.121712831622,-312.07795830355263,-12830.442778914927,16142.38321250478,1158.558275694109,7180.173783890798,-17705.615836048255,10812.221145888774,-1628.7849332568683,-8215.844878422591,-2586.2082144381475,-13131.538935460801,-12820.927338968339,-5285.8972343412015,1264.23617244244,-1558.9037487973296,10375.209218804604,-10574.638874095925,6125.5093527450945,-7320.412223804661,-4401.038261316863,-6206.022405840545,-17651.64334387231,-6916.874336408148,-413.2304174282905,11310.455496720635,-10063.434200415662,-10770.433935604458,-6611.7552427789815,10880.140976695577,10943.250838418615,22777.875317085327,-22875.700897636056,-6467.990624777693,6914.388749144655,-10684.07388367016,-3936.244050528695,3990.7691070585024,3645.1776240732984,16032.010891633558,3006.0872491314585,-10079.201883177746,-7220.3369328935105,3104.580801917038,10197.262960832732,5491.836085396763,6291.941025269929,-4315.977312994313,-9611.353271965922
1998.088412052189,236.61834353447333,-2410.06567040199,1639.3094357466266,-1115.963928737655,-654.8551143239333,-3419.527985422839,276.3063794302989,-36.957921602413286,-1518.916624861231,1911.1375996883153,137.18429039539046,850.114450587926,-2096.1807035065935,1280.157523699792,-192.76709940755904,-972.6460050606478,-306.17570343147173,-1554.7347653576837,-1517.8642861794208,-625.8636162005064,149.602948064103,-184.59282797722875,1228.3382895910613,-1251.9672770249977,725.2267525046655,-866.6829470841365,-520.8478962774309,-734.6907682042074,-2089.8011172012148,-819.0092331179477,-48.86635506968873,1339.1149954363507,-1191.3888635457236,-1275.2607759046673,-782.9421247736888,1288.2076266109448,1295.620824726251,2696.68353658397,-2708.1503891868538,-765.7928552113267,818.6324861388952,-1264.9500662701435,-465.9461656009083,472.3670549364471,431.7747784255841,1898.1251401819682,355.9899358188091,-1193.4644225481895,-854.6792245958682,367.49255965742896,1207.3383877312333,650.2486366292645,744.7922295555028,-511.0064967293536,-1137.807240124359
-20357.183159533633,-2410.06567040199,24557.948682763115,-16700.137845629426,11372.936157276043,6672.6279349224405,34846.79113118075,-2813.6751241137163,376.40695666921516,15478.86449601829,-19472.466731662484,-1397.2270454321654,-8661.107876541824,21359.144417658197,-13042.959183600822,1965.2310139835956,9911.231169403147,3119.6303201153323,15840.349363269834,15465.861426824054,6375.8091393340565,-1525.746369713465,1880.667171072012,-12515.878480355781,12756.247411111315,-7389.302614182043,8830.797503794076,5310.711410267832,7487.116152741616,21293.719687222678,8343.275616973426,498.62654938653486,-13644.370373368889,12139.9773898115,12992.0860447647,7974.447545611524,-13124.701698265686,-13200.951155597675,-27477.97815648093,27596.945918531408,7802.109401505913,-8340.504215875746,12888.528827640575,4748.894949436857,-4814.587373247536,-4395.2053353405345,-19339.699399824916,-3625.773433015097,12157.627071657009,8711.234708853268,-3745.6869416654968,-12300.578003763727,-6624.575392395956,-7591.489740380506,5206.2136937908845,11595.07665666773
13844.861844990814,1639.3094357466266,-16700.137845629426,11358.3250681237,-7733.377173584659,-4537.758225854353,-23695.551405886632,1914.2048769355883,-255.98259086850186,-10525.357101373544,13242.680739596004,950.5016655696528,5890.465554224741,-14524.975447820772,8870.134370954225,-1336.0205053162495,-6739.870663482274,-2121.6014673180493,-10772.845971352515,-10517.760785059185,-4336.471909768057,1036.9855706436108,-1278.9644632890715,8511.415037061852,-8675.136244328907,5025.18681903102,-6005.41750895532,-3609.931302719242,-5091.040739794538,-14480.768428368576,-5674.623869486174,-338.8285034553837,9278.843232445255,-8255.576356248142,-8835.997692857554,-5424.451658686077,8925.896901116763,8977.490733685,18686.058220112795,-18766.03629595866,-5306.226568656874,5672.389526089061,-8764.88855581926,-3229.0052221785304,3273.5714913178185,2990.9535228065097,13152.229659601984,2466.308882521279,-8269.035191026955,-5922.919109853706,2546.698317930747,8365.65430980039,4505.461382249178,5161.3626128233655,-3540.7466884898927,-7884.5203546608855
-9427.147621966571,-1115.963928737655,11372.936157276043,-7733.377173584659,5267.249947883623,3090.0387900874084,16138.104550211947,-1302.643394802914,173.99148525793277,7168.667908353574,-9017.655893107461,-646.965416732264,-4010.804500179576,9891.463071661736,-6040.003757854273,910.2533017200473,4589.981540091127,1444.6307528549046,7335.593999828848,7162.176126419634,2952.269570551991,-707.032214530807,871.002703819967,-5795.966444970482,5907.559324296418,-3421.950388985489,4089.531450155363,2459.99432582038,3467.391351702467,9861.26493699257,3863.4349386034874,230.86928730419538,-6318.854077053487,5622.125289160784,6016.355161876154,3692.32352373396,-6077.917969076925,-6113.149101080898,-12725.18588127837,12780.713415813829,3613.145857528616,-3862.409175957737,5968.428290850956,2199.576838510754,-2229.6696315771046,-2034.803602136858,-8955.989480420976,-1678.7397113616048,5629.689037098719,4034.6302297923853,-1734.7210271447332,-5696.265528116901,-3067.7260708549493,-3516.086593970948,2410.8839775371425,5369.761938376787
-5531.49962830521,-654.8551143239333,6672.6279349224405,-4537.758225854353,3090.0387900874084,1813.188781377055,9467.977433033104,-764.7453793828105,102.48726795535204,4205.5380835551605,-5291.0271016266415,-379.7318341159071,-2353.451350367767,5803.488742366528,-3543.900769735906,533.9576123868418,2692.9970734567933,847.7545568708986,4304.023746622248,4202.456666379579,1732.6650929336258,-414.28989220683354,510.8458689842436,-3400.8233963397197,3465.943502413271,-2007.7646641584356,2399.432125309214,1442.7240879664976,2034.2626441858488,5785.680632245253,2267.0929552877024,135.6249081319299,-3707.057967616109,3298.5762852224025,3530.116927874538,2167.1121017224764,-3566.094015771805,-3586.9836184334786,-7466.013489369072,7498.10875133019,2119.9332303369615,-2266.3308851042193,3502.0357926282713,1290.147371293435,-1308.3402417403306,-1194.570861464376,-5254.854903076875,-985.2883867537246,3303.5720151489422,2366.7631685156275,-1017.7260793279843,-3342.292167698275,-1799.9966891740426,-2062.3924968125075,1414.653632745824,3150.5730583029845
-28884.903780134202,-3419.527985422839,34846.79113118075,-23695.551405886632,16138.104550211947,9467.977433033104,49447.376994875834,-3991.822418019682,534.1130544421883,21964.54500810208,-27629.934314555903,-1982.2960589589356,-12289.222981134899,30307.754456165163,-18507.15711044313,2788.859416432387,14063.676543628699,4426.453509343149,22476.1005464949,21944.92702866028,9046.40184970289,-2165.4213120412196,2668.634297174755,-17759.35557526016,18100.19452103779,-10484.961339319458,12530.403137955713,7536.868929474827,10624.305159617215,30214.639419759278,11838.07967931364,707.6621019392358,-19360.772183240377,17226.10241770711,18434.595292087706,11314.16499671363,-18622.97616065721,-18731.302653678442,-38990.05338036576,39159.588718857354,11070.426619648686,-11834.312058323796,18288.180704989667,6738.773311369116,-6832.002467129077,-6234.926062171526,-27441.86523659146,-5144.361400337126,17250.08487532464,12361.652102399874,-5315.369210392293,-17453.313405993682,-9399.606196975852,-10772.946363690597,7387.126020862954,16453.309647278813
2333.121712831622,276.3063794302989,-2813.6751241137163,1914.2048769355883,-1302.643394802914,-764.7453793828105,-3991.822418019682,322.9636351924702,-43.46893647647717,-1772.9469861859477,2231.4461963163244,160.29555850264254,992.7114144038079,-2447.2525706225774,1494.6211668512326,-224.9910798600688,-1135.5501346423096,-357.61446149192756,-1815.220613569808,-1772.3783305528555,-731.1247645210377,174.2276210133467,-215.32433709070577,1434.2620071357303,-1461.5693638251414,846.726681737163,-1011.8682162294485,-607.6224390719558,-857.6381488687543,-2439.751931544283,-956.4452954041609,-57.22122544199802,1563.082235074328,-1390.934820229346,-1488.978542395709,-914.6909200718927,1503.9884458878246,1512.8554853279197,3148.28546191087,-3161.291140300232,-894.0945770769915,955.9240801848994,-1476.9854879548227,-543.6953031806468,551.6584798058161,504.6803714939827,2216.182236824836,415.86334700215906,-1393.7600624553197,-997.5087562299899,428.99546282473096,1409.719850620588,759.2325802732316,869.0698216031282,-596.7128939266591,-1328.435288003679
-312.07795830355263,-36.957921602413286,376.40695666921516,-255.98259086850186,173.99148525793277,102.48726795535204,534.1130544421883,-43.46893647647717,6.443419799087622,236.99026697063596,-298.4096694351616,-21.45850495590949,-132.83294978657088,327.4428958646001,-200.01192812712858,30.120694621881203,151.92535030209473,47.97630623209772,242.56329612844286,237.22842722300666,98.19923540520048,-22.781789498882528,28.568871112310813,-192.1467267770445,195.09507501637282,-113.26172329298949,135.34881753638345,81.1668131053662,114.84432417193054,326.1060908148864,128.05745746852472,7.994695005241109,-208.64856125043144,186.0451485221396,199.14398265048501,122.72008346026499,-201.06497210231925,-202.66497331053478,-421.0781286667745,422.56236371500796,119.38509009155378,-127.82646542013933,197.95044066400013,72.34764303394273,-74.23105079450737,-67.48709831420061,-296.631616800869,-55.87650167781668,186.58612503052646,133.31909465911968,-57.56423413665618,-188.44426738624747,-101.48973055962708,-116.06100192726785,79.87937726652564,178.05150217226173
-12830.442778914927,-1518.916624861231,15478.86449601829,-10525.357101373544,7168.667908353574,4205.5380835551605,21964.54500810208,-1772.9469861859477,236.99026697063596,9756.787939545158,-12273.075992392718,-880.4710983015178,-5458.742799575371,13462.61068344146,-8220.775392486463,1238.8339919121906,6247.04676506689,1966.130045153708,9983.83048929135,9747.736806789593,4018.133146823468,-962.1695775566124,1185.5097516408616,-7888.518709036951,8040.179312498232,-4657.37562542613,5565.958205887127,3348.093364307619,4719.305776090402,13421.340173709797,5258.296382506928,314.21242589864494,-8600.199384225716,7651.798626537236,8188.53542450805,5025.37905577974,-8272.281283587374,-8320.236677243358,-17319.31567269728,17394.83556164045,4917.477019539016,-5256.715246710164,8123.402184281323,2993.5440773638006,-3034.6146812569714,-2769.288572710245,-12189.485589471682,-2284.936845951104,7662.229066260835,5491.183149335151,-2361.059183283077,-7752.670086933283,-4175.259477936014,-4785.54851352521,3281.2770171109723,7308.427194916813
16142.38321250478,1911.1375996883153,-19472.466731662484,13242.680739596004,-9017.655893107461,-5291.0271016266415,-27629.934314555903,2231.4461963163244,-298.4096694351616,-12273.075992392718,15440.624246378455,1108.1073067807888,6867.9336509527075,-16936.090495054697,10342.156503221699,-1558.1106742903114,-7858.8039746442555,-2473.746837183179,-12560.620350039804,-12263.571231853617,-5055.90166217003,1209.5409850084886,-1491.1732800940852,9924.191745888444,-10114.992031502425,5859.228519588483,-7002.210793416172,-4210.22686769013,-5936.413152560911,-16884.437271667503,-6615.977019116706,-395.2928632766553,10818.898263603385,-9626.078460145613,-10302.071391549704,-6323.895198705438,10407.107110533656,10467.485483444549,21787.908515315437,-21881.790785318306,-6186.769315026325,6613.7303147465245,-10219.597904338,-3765.3507270486216,3817.4084559846965,3486.164254758552,15335.046894987185,2875.207742982444,-9640.710475741631,-6906.847929793252,2969.7676579216827,9753.859222240706,5253.01462411223,6018.836306120314,-4128.292354373157,-9193.732849579721
1158.558275694109,137.18429039539046,-1397.2270454321654,950.5016655696528,-646.965416732264,-379.7318341159071,-1982.2960589589356,160.29555850264254,-21.45850495590949,-880.4710983015178,1108.1073067807888,79.59277083437696,492.940104511593,-1215.2421820330653,742.1488659774907,-111.74501322657568,-563.9020188593531,-177.56309135977853,-901.429089133956,-880.1162943188403,-362.963535979616,86.64203681208194,-106.95876583485291,712.1691518614415,-725.8611181143849,420.4609485650508,-502.4721244682768,-301.8191961851057,-425.8774008103453,-1211.582924177514,-474.8912776486325,-28.37115751449113,776.2593376112318,-690.7258613601425,-739.3516848785252,-454.0921266935911,746.8362608395739,751.1828462242473,1563.3913306751401,-1569.941054781815,-444.02080667923474,474.69194896964814,-733.3467893383772,-270.0907046624042,273.8965515029869,250.5477759976633,1100.451569373065,206.43080989361803,-692.0227616254629,-495.41477765474866,213.01756074693478,700.0416545162009,377.0097949202852,431.6375656775652,-296.29426107409677,-659.6414872539076
7180.173783890798,850.114450587926,-8661.107876541824,5890.465554224741,-4010.804500179576,-2353.451350367767,-12289.222981134899,992.7114144038079,-132.83294978657088,-5458.742799575371,6867.9336509527075,492.940104511593,3054.8962818172854,-7532.986394141295,4600.156196659888,-692.9652588970986,-3495.49080074493,-1100.3474843191007,-5586.928969669662,-5454.80647685091,-2249.0005027505927,537.8009245470028,-663.2188549655281,4414.244702411959,-4499.04388392285,2606.1508351001166,-3114.529838031318,-1872.3685622254657,-2640.3809382185236,-7510.012611296872,-2942.8862553044955,-175.83814231370107,4812.069532156328,-4281.562319721812,-4582.390936974707,-2813.132582438236,4629.046488589108,4655.9307189551555,9691.008531362178,-9732.559826842002,-2751.8628793660114,2941.8082447875627,-4545.654087228743,-1674.6515091094182,1697.927810855131,1550.974395019224,6820.970350874256,1279.0108335364191,-4288.348911240023,-3071.8865590073747,1320.8576516090532,4338.532051496316,2336.5582148274566,2676.871243545823,-1836.2866059489406,-4089.229703752398
-17705.615836048255,-2096.1807035065935,21359.144417658197,-14524.975447820772,9891.463071661736,5803.488742366528,30307.754456165163,-2447.2525706225774,327.4428958646001,13462.61068344146,-16936.090495054697,-1215.2421820330653,-7532.986394141295,18577.026718499445,-11344.116101330179,1709.215423480846,8620.229385384784,2713.2898957249845,13777.09041146391,13451.358640973853,5545.400562710162,-1326.9254438519597,1635.7007151575285,-10885.658669639493,11094.662874375912,-6426.824758558434,7680.552073472211,4618.85163720483,6511.873055285959,18520.095407010263,7256.599734038709,433.6753456868585,-11867.12595569339,10558.67108272963,11299.886396922768,6935.863912386385,-11415.19730784799,-11481.5171171849,-23898.83770283524,24002.221658150054,6785.850011491733,-7254.127282270851,11209.807460184651,4130.253882364098,-4187.445026786918,-3822.824269514549,-16820.678103196253,-3153.5754078795485,10574.154467478655,7576.467661992916,-3257.7768316014667,-10698.39932927804,-5761.7252816545115,-6602.585647331745,4528.104044206139,10084.745726066112
10812.221145888774,1280.157523699792,-13042.959183600822,8870.134370954225,-6040.003757854273,-3543.900769735906,-18507.15711044313,1494.6211668512326,-200.01192812712858,-8220.775392486463,10342.156503221699,742.1488659774907,4600.156196659888,-11344.116101330179,6927.489466145893,-1043.6113237368074,-5263.90936917316,-1656.8856769437953,-8413.184595083527,-8214.126960125019,-3386.4771860327087,810.1068650797893,-998.8863490559402,6647.403305888825,-6775.030080065601,3924.606444924187,-4690.183080108628,-2820.105263026286,-3976.402205559716,-11309.36447188334,-4431.507375676028,-264.7443967392711,7246.775720361619,-6447.633112959896,-6900.578702029609,-4235.794068792481,6970.905076249657,7011.325771797798,14593.880353625478,-14656.762166550969,-4143.884942310085,4429.832347309158,-6845.42303820391,-2521.997561302963,2556.9111368475706,2334.8868917355044,10271.772813784853,1925.9517282324548,-6457.513503244605,-4626.298060371854,1989.2563751598514,6533.169354600815,3518.5417050739143,4031.624058910161,-2765.178831248317,-6158.131944264051
-1628.7849332568683,-192.76709940755904,1965.2310139835956,-1336.0205053162495,910.2533017200473,533.9576123868418,2788.859416432387,-224.9910798600688,30.120694621881203,1238.8339919121906,-1558.1106742903114,-111.74501322657568,-692.9652588970986,1709.215423480846,-1043.6113237368074,157.36330898012815,793.1588605658211,249.62489711029338,1267.4057140524008,1237.5614680477233,510.07492185902527,-122.21775046487902,150.46598406936755,-1001.5239583303774,1020.7010193258566,-591.2675179574146,706.6298775289825,425.323003223758,599.2351945044568,1703.9259552978772,667.4479429765657,39.97588830797004,-1091.786321191272,971.4954276387222,1039.4411278870866,637.8066984391343,-1050.1198891984884,-1056.2982367767474,-2198.853947043623,2208.574446229322,624.2390806231401,-667.3286751403892,1031.3118575341396,380.11366109688845,-385.4193804795798,-351.2782523682269,-1547.480665519265,-289.98796711458516,972.5693769031377,697.3323936953548,-299.8518367229623,-984.153290390863,-530.0001475382102,-607.723590565067,416.5437914531814,928.0027523271073
-8215.844878422591,-972.6460050606478,9911.231169403147,-6739.870663482274,4589.981540091127,2692.9970734567933,14063.676543628699,-1135.5501346423096,151.92535030209473,6247.04676506689,-7858.8039746442555,-563.9020188593531,-3495.49080074493,8620.229385384784,-5263.90936917316,793.1588605658211,4000.038114017857,1259.050213906683,6392.905525664475,6241.818230076647,2573.187020284603,-615.769580469573,758.9829515929251,-5051.229074551766,5148.218367335667,-2982.2054695738907,3563.9742011260264,2143.3664122109108,3021.6959628983245,8593.82133921646,3367.19424754532,201.2705445521869,-5506.617618867975,4899.5255371537505,5243.365488609366,3218.343527957216,-5296.896627595792,-5327.70491201129,-11089.699458183464,11137.731406354274,3148.803449229951,-3366.105699789312,5201.6038233542195,1916.5917735156966,-1943.145646624053,-1773.7993457270284,-7805.188339910516,-1463.2851121112055,4906.594809127745,3515.756866001828,-1511.721511316669,-4964.31426917813,-2673.5602476056274,-3063.8229542105755,2101.144913529737,4679.635263164679
-2586.2082144381475,-306.17570343147173,3119.6303201153323,-2121.6014673180493,1444.6307528549046,847.7545568708986,4426.453509343149,-357.61446149192756,47.97630623209772,1966.130045153708,-2473.746837183179,-177.56309135977853,-1100.3474843191007,2713.2898957249845,-1656.8856769437953,249.62489711029338,1259.050213906683,396.3791517698565,2012.273233408207,1964.8228556826637,810.1532314720088,-193.60551668551895,238.80194652236398,-1590.0171061577953,1620.4106316641614,-938.6934613794382,1121.8078025656157,674.4149765431953,951.0525771531512,2704.9561129661674,1059.9852692208265,63.438547390594856,-1733.097081425663,1542.1752179875266,1650.4575092130876,1013.3114528513677,-1667.255436893913,-1677.0602916409293,-3490.5571249956274,3505.486568104989,991.138872576628,-1059.607232243525,1637.3335366113622,603.1237472587453,-611.7137563044541,-558.617740585056,-2456.8245624555166,-460.70426571427134,1544.5965647534917,1106.4600665911457,-475.80377154893165,-1562.6506709590058,-841.5650823583846,-964.1319326642764,661.4148035598363,1472.9893115166244
-13131.538935460801,-1554.7347653576837,15840.349363269834,-10772.845971352515,7335.593999828848,4304.023746622248,22476.1005464949,-1815.220613569808,242.56329612844286,9983.83048929135,-12560.620350039804,-901.429089133956,-5586.928969669662,13777.09041146391,-8413.184595083527,1267.4057140524008,6392.905525664475,2012.273233408207,10217.929278581736,9976.04450827463,4112.777526631378,-984.0260191380662,1213.1593010381262,-8073.013326282548,8228.459732483047,-4766.370108376541,5696.151150780114,3424.7577339631334,4829.058075383844,13735.178612436583,5382.026415757495,321.3857852599686,-8801.149358873841,7830.556089617311,8380.657866226165,5144.390894876171,-8466.084157534044,-8515.000089433488,-17723.96410391443,17800.306560037247,5032.897464175765,-5380.141712331086,8313.351787765578,3063.0755913060448,-3105.1120327396266,-2836.122834367929,-12474.745377916746,-2338.947369327216,7842.6281521631245,5618.448120191314,-2415.7210890473616,-7934.644674050595,-4273.292710929186,-4896.141081099061,3358.284011529611,7478.682862593972
-12820.927338968339,-1517.8642861794208,15465.861426824054,-10517.760785059185,7162.176126419634,4202.456666379579,21944.92702866028,-1772.3783305528555,237.22842722300666,9747.736806789593,-12263.571231853617,-880.1162943188403,-5454.80647685091,13451.358640973853,-8214.126960125019,1237.5614680477233,6241.818230076647,1964.8228556826637,9976.04450827463,9740.334192462926,4015.741010275154,-960.502096605293,1184.2299685671048,-7882.306272313683,8033.592386989108,-4653.627428723691,5561.436163739312,3343.971268271612,4714.9923725466,13410.226106130696,5254.670538522657,314.1238597788557,-8592.59132439438,7645.444487646204,8182.232908862208,5022.77357654714,-8265.645909407078,-8313.796127188978,-17304.829456209343,17379.347226780937,4913.702444767138,-5252.889268532922,8116.915537140435,2990.495191993324,-3032.171272291167,-2768.7833297123684,-12179.735789246612,-2283.6466924933593,7657.020563089419,5485.723519748151,-2358.7990485173,-7746.850650835771,-4172.1026488947855,-4780.36170750965,3278.869912074964,7302.214666664322
-5285.8972343412015,-625.8636162005064,6375.8091393340565,-4336.471909768057,2952.269570551991,1732.6650929336258,9046.40184970289,-731.1247645210377,98.19923540520048,4018.133146823468,-5055.90166217003,-362.963535979616,-2249.0005027505927,5545.400562710162,-3386.4771860327087,510.07492185902527,2573.187020284603,810.1532314720088,4112.777526631378,4015.741010275154,1656.0102370517914,-395.44381430004495,488.0438282667037,-3249.744726069673,3311.762272908632,-1918.533189577723,2292.764685397819,1377.9721398248869,1943.6750067592384,5528.339323675654,2166.621893889986,129.643462347242,-3542.0615295690245,3151.8419017552883,3373.418891501349,2071.4133139441774,-3407.6597491436282,-3427.6996866181203,-7133.940886391551,7164.177130273473,2025.7298365398674,-2165.7014281449956,3346.518884549879,1232.4570387627248,-1250.1469494043513,-1142.1435483447272,-5021.40048141196,-941.7977338322022,3157.1960891705694,2261.087299306036,-972.360531928805,-3193.8665738406908,-1720.0892777773286,-1970.1953517667523,1351.8747917556,3010.3988682698846
1264.23617244244,149.602948064103,-1525.746369713465,1036.9855706436108,-707.032214530807,-414.28989220683354,-2165.4213120412196,174.2276210133467,-22.781789498882528,-962.1695775566124,1209.5409850084886,86.64203681208194,537.8009245470028,-1326.9254438519597,810.1068650797893,-122.21775046487902,-615.769580469573,-193.60551668551895,-984.0260191380662,-960.502096605293,-395.44381430004495,95.52372209400853,-117.07336821809498,777.2300936775337,-792.7307526372166,459.0071290605717,-548.5775267528551,-330.65190372635016,-465.23461486665036,-1323.0501410360214,-517.8915264247966,-30.728180542758572,848.0815407986044,-754.2452435908716,-806.8723726141791,-494.46725054527457,815.301104103224,819.7160803273927,1707.178773994437,-1715.173558199645,-484.71900477325954,517.981332782994,-800.3068963103344,-295.5504229741523,298.86843217246445,272.2579955919349,1201.1632675085318,224.77930526435608,-754.6424276561221,-541.7120809442682,232.7351819334892,763.9949767941359,411.44336557569784,472.2850043612838,-323.25815923600476,-720.2337399958245
-1558.9037487973296,-184.59282797722875,1880.667171072012,-1278.9644632890715,871.002703819967,510.8458689842436,2668.634297174755,-215.32433709070577,28.568871112310813,1185.5097516408616,-1491.1732800940852,-106.95876583485291,-663.2188549655281,1635.7007151575285,-998.8863490559402,150.46598406936755,758.9829515929251,238.80194652236398,1213.1593010381262,1184.2299685671048,488.0438282667037,-117.07336821809498,144.18528233850088,-958.3501989206264,977.0337365579039,-565.8883887217767,676.2774596698396,406.7571362973431,573.3585049299506,1630.788903394681,638.901512461853,37.99436827697045,-1045.1919828875295,929.6714469243398,995.0206918059191,610.4986857519527,-1005.2035820758575,-1010.8188038814542,-2104.331913562325,2113.5679187176916,597.5588990253567,-638.6779664653544,986.9178260147805,363.82636359199154,-368.45375907482673,-336.52051377479296,-1481.0389306575944,-277.5973239610067,930.9920426918422,667.1593004223473,-286.7845500164647,-942.0108752421003,-507.353666760573,-581.5124204959055,398.66503325136495,887.7982548797293
10375.209218804604,1228.3382895910613,-12515.878480355781,8511.415037061852,-5795.966444970482,-3400.8233963397197,-17759.35557526016,1434.2620071357303,-192.1467267770445,-7888.518709036951,9924.191745888444,712.1691518614415,4414.244702411959,-10885.658669639493,6647.403305888825,-1001.5239583303774,-5051.229074551766,-1590.0171061577953,-8073.013326282548,-7882.306272313683,-3249.744726069673,777.2300936775337,-958.3501989206264,6378.857671104882,-6501.06151353466,3765.9678257006017,-4500.614974033529,-2706.2661216301144,-3815.757095271308,-10852.210440818071,-4252.334719965169,-254.26287702309114,6953.598089518684,-6187.098090261969,-6621.502725082593,-4064.6112713543757,6689.000854212691,6728.0374406284955,14004.049654091794,-14064.392054918386,-3976.3118602870622,4250.804223512213,-6568.812116969372,-2420.0049042369424,2453.8891248125115,2240.3667769267486,9856.589004255842,1848.0904124198423,-6196.4118784781485,-4439.424407872223,1908.978698012702,6269.040909973326,3376.2464256023013,3868.674887150926,-2653.4210189211517,-5909.484564552264
-10574.638874095925,-1251.9672770249977,12756.247411111315,-8675.136244328907,5907.559324296418,3465.943502413271,18100.19452103779,-1461.5693638251414,195.09507501637282,8040.179312498232,-10114.992031502425,-725.8611181143849,-4499.04388392285,11094.662874375912,-6775.030080065601,1020.7010193258566,5148.218367335667,1620.4106316641614,8228.459732483047,8033.592386989108,3311.762272908632,-792.7307526372166,977.0337365579039,-6501.06151353466,6626.469767037106,-3838.3273171406167,4587.087062129582,2758.254060210031,3888.868732717551,11060.993507000214,4333.9544852103245,258.7270424897421,-7087.695563932723,6305.964262251394,6748.806524704524,4142.390859566736,-6817.6808597017125,-6856.959913527817,-14273.126562933869,14334.849305767075,4052.9924254758666,-4332.563973267972,6694.559586529855,2466.9056532079885,-2500.4709094489276,-2283.609638654647,-10045.751889753577,-1883.3484740938056,6315.384524548796,4524.75017462498,-1945.3932350760058,-6389.689158173971,-3441.2276990388896,-3943.114546757095,2704.3498981040075,6022.540110749036
6125.5093527450945,725.2267525046655,-7389.302614182043,5025.18681903102,-3421.950388985489,-2007.7646641584356,-10484.961339319458,846.726681737163,-113.26172329298949,-4657.37562542613,5859.228519588483,420.4609485650508,2606.1508351001166,-6426.824758558434,3924.606444924187,-591.2675179574146,-2982.2054695738907,-938.6934613794382,-4766.370108376541,-4653.627428723691,-1918.533189577723,459.0071290605717,-565.8883887217767,3765.9678257006017,-3838.3273171406167,2223.4193735702315,-2657.1499724295345,-1597.7450447011458,-2252.760788386266,-6407.175266276373,-2510.560797170082,-149.9962952884079,4105.5289518214595,-3652.831073225501,-3909.361754212128,-2399.669832748108,3949.225115870465,3972.1303306729956,8267.947985621595,-8303.61645413241,-2347.6716487978715,2509.6753288909968,-3878.1075785249695,-1428.8517190288323,1448.6027943854233,1322.7687935540575,5819.2639757340785,1091.0627559764341,-3658.3455382376474,-2621.0092367623647,1126.9833343980167,3701.2735601483023,1993.362096585084,2284.076265564708,-1566.5609353091804,-3488.80491223656
-7320.412223804661,-866.6829470841365,8830.797503794076,-6005.41750895532,4089.531450155363,2399.432125309214,12530.403137955713,-1011.8682162294485,135.34881753638345,5565.958205887127,-7002.210793416172,-502.4721244682768,-3114.529838031318,7680.552073472211,-4690.183080108628,706.6298775289825,3563.9742011260264,1121.8078025656157,5696.151150780114,5561.436163739312,2292.764685397819,-548.5775267528551,676.2774596698396,-4500.614974033529,4587.087062129582,-2657.1499724295345,3175.494261170762,1909.495461322012,2692.240484945478,7657.064243839052,3000.2748122488583,179.268612447477,-4906.416479217772,4365.420832660612,4671.946400289007,2867.725272034083,-4719.599820356894,-4746.984876233559,-9880.837391776095,9923.5067204943,2805.63284955612,-2999.2371973505537,4634.6215300628855,1707.6130468086183,-1731.2161321101712,-1580.7282771446066,-6954.444687293092,-1303.8731954447292,4371.943087767694,3132.3558377333025,-1346.8521854353671,-4423.277801859072,-2382.19975086971,-2729.6940675917826,1872.1478223890456,4169.415456519577
-4401.038261316863,-520.8478962774309,5310.711410267832,-3609.931302719242,2459.99432582038,1442.7240879664976,7536.868929474827,-607.6224390719558,81.1668131053662,3348.093364307619,-4210.22686769013,-301.8191961851057,-1872.3685622254657,4618.85163720483,-2820.105263026286,425.323003223758,2143.3664122109108,674.4149765431953,3424.7577339631334,3343.971268271612,1377.9721398248869,-330.65190372635016,406.7571362973431,-2706.2661216301144,2758.254060210031,-1597.7450447011458,1909.495461322012,1149.8621182015115,1619.4602943655455,4604.545757652642,1803.367999115747,107.91225883455574,-2950.5919750412154,2625.272827613354,2808.727610132192,1722.9204537508065,-2837.6886607810306,-2854.236689364349,-5942.027669562268,5968.674477926584,1686.788239613428,-1803.1156833742364,2786.8003179653474,1027.4304424962033,-1041.4239889408618,-948.5825564847618,-4181.628045388284,-783.395975926113,2627.7434338922,1884.7480957349856,-810.3851704789776,-2659.2628948730708,-1432.1195249327347,-1642.7435853986597,1125.5039617501172,2507.757622700251
-6206.022405840545,-734.6907682042074,7487.116152741616,-5091.040739794538,3467.391351702467,2034.2626441858488,10624.305159617215,-857.6381488687543,114.84432417193054,4719.305776090402,-5936.413152560911,-425.8774008103453,-2640.3809382185236,6511.873055285959,-3976.402205559716,599.2351945044568,3021.6959628983245,951.0525771531512,4829.058075383844,4714.9923725466,1943.6750067592384,-465.23461486665036,573.3585049299506,-3815.757095271308,3888.868732717551,-2252.760788386266,2692.240484945478,1619.4602943655455,2282.7759930073526,6491.787808494547,2543.4525294732657,152.09848788356197,-4159.765433610702,3701.153325303474,3960.7571608092076,2430.854158871771,-4001.2397449818336,-4024.5752434626775,-8377.303939587162,8413.770366665234,2378.489610932323,-2542.627032413273,3929.4061261541056,1447.8534992528769,-1467.9871700529598,-1339.4391765058533,-5896.093326923743,-1105.2979005236612,3706.227640150745,2656.0577253403067,-1142.1133062906288,-3749.8881138417773,-2019.5311740825139,-2314.7294368710686,1587.1605935191756,3535.203237099805
-17651.64334387231,-2089.8011172012148,21293.719687222678,-14480.768428368576,9861.26493699257,5785.680632245253,30214.639419759278,-2439.751931544283,326.1060908148864,13421.340173709797,-16884.437271667503,-1211.582924177514,-7510.012611296872,18520.095407010263,-11309.36447188334,1703.9259552978772,8593.82133921646,2704.9561129661674,13735.178612436583,13410.226106130696,5528.339323675654,-1323.0501410360214,1630.788903394681,-10852.210440818071,11060.993507000214,-6407.175266276373,7657.064243839052,4604.545757652642,6491.787808494547,18463.579541751584,7234.443466358132,432.1605468311634,-11830.997096610945,10526.36491014247,11265.403016046026,6914.680109459434,-11380.371344849846,-11446.264030338798,-23825.7038412726,23928.769183976412,6765.278055032275,-7232.054524308179,11175.288215381135,4117.761486674627,-4174.361186716654,-3811.4666063048276,-16769.136106805323,-3143.866893676917,10541.897531980612,7553.190837854059,-3247.633540282397,-10665.851851019183,-5744.190121642139,-6582.27797189155,4514.263257962304,10053.624213072173
-6916.874336408148,-819.0092331179477,8343.275616973426,-5674.623869486174,3863.4349386034874,2267.0929552877024,11838.07967931364,-956.4452954041609,128.05745746852472,5258.296382506928,-6615.977019116706,-474.8912776486325,-2942.8862553044955,7256.599734038709,-4431.507375676028,667.4479429765657,3367.19424754532,1059.9852692208265,5382.026415757495,5254.670538522657,2166.621893889986,-517.8915264247966,638.901512461853,-4252.334719965169,4333.9544852103245,-2510.560797170082,3000.2748122488583,1803.367999115747,2543.4525294732657,7234.443466358132,2835.091956537826,169.35360260988105,-4635.539751174719,4124.422675733521,4414.450705894981,2710.215842208454,-4459.322143351114,-4485.195471412314,-9335.413916518082,9375.245224975652,2650.9299092937727,-2833.908434033391,4378.993923648343,1613.0625589735575,-1635.540493718758,-1494.3835515396604,-6570.848489216407,-1232.2612927172395,4131.280895070608,2958.954134291823,-1272.330481771482,-4179.440941525936,-2250.9097149981344,-2578.4587481242966,1768.9704567180613,3939.115273251269
-413.2304174282905,-48.86635506968873,498.62654938653486,-338.8285034553837,230.86928730419538,135.6249081319299,707.6621019392358,-57.22122544199802,7.994695005241109,314.21242589864494,-395.2928632766553,-28.37115751449113,-175.83814231370107,433.6753456868585,-264.7443967392711,39.97588830797004,201.2705445521869,63.438547390594856,321.3857852599686,314.1238597788557,129.643462347242,-30.728180542758572,37.99436827697045,-254.26287702309114,258.7270424897421,-149.9962952884079,179.268612447477,107.91225883455574,152.09848788356197,432.1605468311634,169.35360260988105,10.385180560747358,-276.66437748686235,246.49348888301395,263.61077880418816,161.9821320612436,-266.2908850268122,-268.14563124821893,-557.8302215092659,560.1858350239883,158.24895805257853,-169.30245588029135,261.81786825947285,96.25230382090363,-98.11147078958861,-89.06599867707689,-392.6512227627924,-73.66039414752449,246.75891897257895,176.91068332852956,-76.19616200676371,-249.60333129068772,-134.39558672490818,-154.0842787945115,105.70579639414173,235.6889471120026
11310.455496720635,1339.1149954363507,-13644.370373368889,9278.843232445255,-6318.854077053487,-3707.057967616109,-19360.772183240377,1563.082235074328,-208.64856125043144,-8600.199384225716,10818.898263603385,776.2593376112318,4812.069532156328,-11867.12595569339,7246.775720361619,-1091.786321191272,-5506.617618867975,-1733.097081425663,-8801.149358873841,-8592.59132439438,-3542.0615295690245,848.0815407986044,-1045.1919828875295,6953.598089518684,-7087.695563932723,4105.5289518214595,-4906.416479217772,-2950.5919750412154,-4159.765433610702,-11830.997096610945,-4635.539751174719,-276.66437748686235,7581.353680748817,-6744.935921317482,-7218.615428895151,-4430.395677005007,7292.323020756176,7334.252263403322,15266.842953323156,-15333.08421960329,-4335.0289861771635,4633.965332019634,-7160.689230884727,-2638.731930772006,2674.4769622496033,2442.059985514465,10745.145675552978,2014.4039112302203,-6754.813542501678,-4839.948394324654,2080.9329306316313,6834.325091668301,3680.731408117267,4217.989114438747,-2892.5453142576403,-6441.866797206314
-10063.434200415662,-1191.3888635457236,12139.9773898115,-8255.576356248142,5622.125289160784,3298.5762852224025,17226.10241770711,-1390.934820229346,186.0451485221396,7651.798626537236,-9626.078460145613,-690.7258613601425,-4281.562319721812,10558.67108272963,-6447.633112959896,971.4954276387222,4899.5255371537505,1542.1752179875266,7830.556089617311,7645.444487646204,3151.8419017552883,-754.2452435908716,929.6714469243398,-6187.098090261969,6305.964262251394,-3652.831073225501,4365.420832660612,2625.272827613354,3701.153325303474,10526.36491014247,4124.422675733521,246.49348888301395,-6744.935921317482,6001.29328303988,6422.505161678903,3942.1213772632345,-6488.0653359756825,-6525.758609213164,-13583.4711150606,13642.265664918174,3856.92616672957,-4123.089887675147,6371.283172931792,2347.580577496321,-2380.048390272659,-2172.800243514859,-9560.36833835611,-1792.3498704484302,6010.0218684276615,4306.30325575421,-1851.6224893145402,-6080.707232995662,-3274.8048224124236,-3752.737013518513,2573.6481233757604,5731.8964786155975
-10770.433935604458,-1275.2607759046673,12992.0860447647,-8835.997692857554,6016.355161876154,3530.116927874538,18434.595292087706,-1488.978542395709,199.14398265048501,8188.53542450805,-10302.071391549704,-739.3516848785252,-4582.390936974707,11299.886396922768,-6900.578702029609,1039.4411278870866,5243.365488609366,1650.4575092130876,8380.657866226165,8182.232908862208,3373.418891501349,-806.8723726141791,995.0206918059191,-6621.502725082593,6748.806524704524,-3909.361754212128,4671.946400289007,2808.727610132192,3960.7571608092076,11265.403016046026,4414.450705894981,263.61077880418816,-7218.615428895151,6422.505161678903,6873.913379939446,4219.646722940208,-6943.9067772994185,-6984.057035522492,-14537.024719598769,14599.4522102138,4127.906814345267,-4412.7363867330305,6818.735032782961,2512.1180437472353,-2546.7676426193552,-2326.347565316666,-10231.841927774749,-1918.5706202786412,6432.692620628191,4608.018124933678,-1981.3447540759482,-6507.951197203663,-3504.9716855682614,-4015.629826478397,2754.4836255121254,6133.945853908999
-6611.7552427789815,-782.9421247736888,7974.447545611524,-5424.451658686077,3692.32352373396,2167.1121017224764,11314.16499671363,-914.6909200718927,122.72008346026499,5025.37905577974,-6323.895198705438,-454.0921266935911,-2813.132582438236,6935.863912386385,-4235.794068792481,637.8066984391343,3218.343527957216,1013.3114528513677,5144.390894876171,5022.77357654714,2071.4133139441774,-494.46725054527457,610.4986857519527,-4064.6112713543757,4142.390859566736,-2399.669832748108,2867.725272034083,1722.9204537508065,2430.854158871771,6914.680109459434,2710.215842208454,161.9821320612436,-4430.395677005007,3942.1213772632345,4219.646722940208,2591.3197819848306,-4262.3757926959,-4287.259882447676,-8922.759906658146,8960.284358304338,2533.895226375902,-2708.9239583350236,4185.6746043184185,1541.4017413137842,-1563.318840431966,-1429.285891264982,-6280.685505309869,-1178.1739140859277,3949.351990853713,2827.6656862372665,-1215.9579618777623,-3995.029825321665,-2151.594678101413,-2463.8378176240058,1690.9646434139097,3764.969589078468
10880.140976695577,1288.2076266109448,-13124.701698265686,8925.896901116763,-6077.917969076925,-3566.094015771805,-18622.97616065721,1503.9884458878246,-201.06497210231925,-8272.281283587374,10407.107110533656,746.8362608395739,4629.046488589108,-11415.19730784799,6970.905076249657,-1050.1198891984884,-5296.896627595792,-1667.255436893913,-8466.084157534044,-8265.645909407078,-3407.6597491436282,815.301104103224,-1005.2035820758575,6689.000854212691,-6817.6808597017125,3949.225115870465,-4719.599820356894,-2837.6886607810306,-4001.2397449818336,-11380.371344849846,-4459.322143351114,-266.2908850268122,7292.323020756176,-6488.0653359756825,-6943.9067772994185,-4262.3757926959,7014.681257240825,7055.218759038135,14685.388968174499,-14748.660474293303,-4169.982865804974,4457.6879662766505,-6888.216295341574,-2537.8956684980812,2572.7818627017846,2349.732389830892,10336.133687680993,1937.9876381607264,-6498.066029101649,-4655.251930105039,2001.6238378931075,6574.248944987327,3540.6638304468047,4056.841656652613,-2782.5258370160045,-6196.585425659726
