V1,V2,V3,V4,V5,V6,V7,V8,V9,V10,V11,V12,V13,V14,V15,V16,V17,V18,V19,V20,V21,V22,V23,V24,V25,V26,V27,V28,V29,V30,V31,V32,V33,V34,V35,V36,V37,V38,V39,V40,V41,V42,V43,V44,V45,V46,V47,V48,V49,V50,V51,V52,V53,V54,V55,V56
93568596.78466174,11077764.04348434,-112875324.38321249,76760270.20307447,-52272698.880974606,-30669323.07561164,-160164633.24086434,12933125.097774535,-1729961.7875697904,-71144698.70914757,89501675.20163372,6422319.948666342,39809467.766986296,-98172852.57509653,59949754.78121714,-9032351.411994262,-45554746.97051242,-14338764.934198849,-72807665.4298796,-71085801.89149137,-29305572.1007787,7012367.02231128,-8644268.362978633,57526697.341340095,-58631878.62852375,33963577.3085497,-40589063.3639633,-24408165.928566825,-34412547.08720876,-97872418.38070594,-38348955.133045085,-2291446.4452971886,62713900.65421393,-55798790.476988114,-59716364.12325472,-36654191.20552941,60325644.19858017,60675697.46467589,126296856.53259918,-126842865.1978296,-35861251.96167337,38335826.41783564,-59239642.63864379,-21826969.424925737,22128559.302291594,20203477.259708755,88891421.57479748,16665705.777702782,-55881307.876864426,-40038412.74374575,17215764.038565397,56537784.34439872,30448989.220302124,34891770.877696775,-23929560.86781764,-53293714.60400339
11077764.04348434,1311517.5481705535,-13363524.2377754,9087794.30666689,-6188664.167438348,-3630999.4678523396,-18962195.412391033,1531177.2839458631,-204813.51353926864,-8422956.119529571,10596273.462343208,760350.669316594,4713118.563672418,-11622870.65531571,7097565.440349026,-1069357.2483705245,-5393313.100602573,-1697593.6465482647,-8619837.900645578,-8415983.227931984,-3469542.4195248405,830207.4250583459,-1023411.3449337512,6810695.078956658,-6941539.539293941,4021012.48413226,-4805416.370830365,-2889729.15442416,-4074166.883285943,-11587301.654970687,-4540205.711224913,-271288.7283480043,7424817.8846668815,-6606124.874267194,-7069933.870844309,-4339559.400586919,7142067.6888280185,7183511.18869077,14952524.930627735,-15017167.918738058,-4245681.77026997,4538651.3582708845,-7013493.937250861,-2584136.3737727827,2619842.229898626,2391928.072880882,10524024.404508138,1973084.6155240354,-6615894.281009867,-4740223.786154146,2038207.0494988782,6693615.760730791,3604913.7126474474,4130903.0795453913,-2833066.207556323,-6309544.218262852
-112875324.38321249,-13363524.2377754,136165757.5728092,-92598806.58309999,63058526.313969545,36997560.34584468,193212633.11189502,-15601716.409095021,2086918.6852396,85824531.03780867,-107969243.56065819,-7747486.575380558,-48023661.20227415,118429611.8191677,-72319648.51127382,10896065.91012768,54954408.03410005,17297392.606755666,87830630.32505791,85753481.7875278,35352416.34628023,-8459282.131906206,10427906.493732262,-69396623.17267886,70729844.34191139,-40971543.2306951,48964116.73690788,29444490.314095657,41513152.53616942,118067186.3971808,46261789.86496582,2764258.5030280375,-75654141.37839767,67312183.71559729,72038100.44651765,44217332.46382788,-72773097.88196863,-73195380.6950811,-152356657.5117762,153015328.13096723,43260779.457629874,-46245952.02123215,71463013.74694401,26330695.421810005,-26694515.39020494,-24372215.89668718,-107233071.9252132,-20104469.16812382,67411727.70573176,48299846.058676414,-20768025.12229357,-68203659.7466343,-36731763.10189152,-42091257.99153152,28867131.112355612,64290216.64663137
76760270.20307447,9087794.30666689,-92598806.58309999,62971331.03908578,-42882619.10217304,-25159996.007068455,-131393233.8300952,10609864.901729131,-1419197.4982555222,-58364520.642219745,73423915.81844711,5268637.464621289,32658237.980851926,-80537433.98049136,49180596.16527371,-7409812.243589405,-37371455.86446986,-11763000.677551001,-59728758.03345401,-58316203.773332745,-24041224.30508854,5752690.736142485,-7091443.105200465,47192808.008158624,-48099458.69041576,27862482.289519623,-33297789.831556085,-20023570.70131673,-28230800.71033494,-80290968.79965754,-31460086.567738462,-1879819.1484107517,51448200.93842685,-45775296.207414426,-48989131.00133889,-30069763.886180583,49488962.214559324,49776133.0609072,103609342.93549141,-104057268.6262023,-29419265.546316836,31449316.294149976,-48598045.93734229,-17906051.145959474,18153464.28627817,16574197.207459005,72923285.87878059,13671938.195772665,-45842990.44162822,-32846056.13209445,14123185.978855966,46381539.90806017,24979242.20029073,28623938.537403133,-19630940.502734255,-43720223.06338534
-52272698.880974606,-6188664.167438348,63058526.313969545,-42882619.10217304,29202480.0753549,17133614.46309171,89477002.76774092,-7225173.188361697,966453.2596470638,39745443.99540465,-50000687.0600804,-3587870.3792741415,-22239815.35123545,54844895.724957414,-33491316.146163452,5045981.215666849,25449452.523941077,8010443.119764769,40674471.296672,39712540.55712051,16371745.86453094,-3917504.785833135,4829176.492533631,-32137659.22391834,32755077.027249273,-18973971.040094204,22675341.47295803,13635779.100790301,19224790.64871002,54677056.80774123,21423890.409103364,1280130.7732398864,-35035524.84529072,31172353.440030802,33360931.16017328,20477099.297097027,-33701309.534923255,-33896868.40294006,-70556551.77390604,70861583.39697148,20034119.584384933,-21416556.278194282,33094606.948120378,12193777.549290245,-12362261.388857495,-11286802.754871326,-49659764.403155014,-9310403.372770328,31218452.071913306,22367717.10490827,-9617697.053577332,-31585197.33114204,-17010523.90824877,-19492512.563187048,13368403.096796816,29772876.052127857
-30669323.07561164,-3630999.4678523396,36997560.34584468,-25159996.007068455,17133614.46309171,10052597.062373927,52497751.3273909,-4239138.29582788,567036.7563263442,23319359.446758416,-29336293.14868998,-2105067.41908337,-13048495.719117554,32178477.154522855,-19649951.805691246,2960567.096202362,14931647.011385918,4699869.88264661,23864435.9654066,23300054.898568984,9605595.642194541,-2298468.679167808,2833363.379310747,-18855737.577270485,19217985.979883812,-11132366.668955978,13304026.604698777,8000354.2533176355,11279527.33590047,32080002.261937365,12569778.224278279,751076.2431415665,-20555965.416169275,18289374.793931723,19573452.314070005,12014279.496386526,-19773158.180846117,-19887896.94335938,-41396785.21547317,41575752.18185923,11754374.178357039,-12565474.74873405,19417196.1154802,7154305.574647485,-7253159.83782245,-6622167.931113779,-29136268.491892867,-5462579.991867026,18316422.01147313,13123537.724777434,-5642874.555550006,-18531597.33809682,-9980377.109350786,-11436603.906718517,7843480.25231462,17468277.3281614
-160164633.24086434,-18962195.412391033,193212633.11189502,-131393233.8300952,89477002.76774092,52497751.3273909,274159394.3730979,-22138082.281640377,2961237.5360052553,121780864.0053461,-153203141.4455085,-10993309.21389254,-68143255.70187832,168045899.03120217,-102618088.29169069,15460991.305743147,77977650.65403967,24544164.76608478,124627421.80842851,121680048.78498858,50163371.65848781,-12003312.172637943,14796695.427395811,-98470456.69854435,100362232.30994329,-58136640.87866764,69477716.64243065,41780309.508959286,58905158.485540174,167531634.43152,65643245.443002,3922349.6468855175,-107349572.04277095,95512737.44920123,102218585.01469581,62742259.39516482,-103261510.78815208,-103860710.15925567,-216186738.0356484,217121359.55314186,61384956.27182801,-65620772.11951217,101402565.26597926,37361984.57940312,-37878228.47010242,-34582997.03883417,-152158549.82232696,-28527270.927761305,95653985.72247426,68535148.56021993,-29468824.743533142,-96777698.67668271,-52120597.58360709,-59725461.86587572,40961064.78663326,91224712.51548257
12933125.097774535,1531177.2839458631,-15601716.409095021,10609864.901729131,-7225173.188361697,-4239138.29582788,-22138082.281640377,1787627.1597637245,-239117.78581102134,-9833676.133406632,12370991.886278251,887698.1131924372,5502496.046807128,-13569529.26635119,8286302.567992841,-1248458.7783963222,-6296613.083313479,-1981915.6000672497,-10063532.440483615,-9825535.745820817,-4050639.917449082,969254.0165137566,-1194817.227453024,7951385.965226828,-8104143.7390893195,4694472.432399219,-5610252.332287473,-3373715.8169138213,-4756529.651985604,-13528002.387086743,-5300622.997934671,-316726.0995553909,8668364.109885557,-7712552.777183732,-8254042.898421717,-5066371.759777729,8338257.924358797,8386643.255395625,17456851.017908633,-17532320.364736885,-4956770.111552274,5298808.014383881,-8188150.82189825,-3016940.2668643463,3058627.6497053555,2792540.3818000364,12286642.722998874,2303547.422532426,-7723958.655199456,-5534140.822152859,2379576.81938181,7814696.851179496,4208683.166860458,4822767.843703457,-3307562.8565932256,-7366299.873746817
-1729961.7875697904,-204813.51353926864,2086918.6852396,-1419197.4982555222,966453.2596470638,567036.7563263442,2961237.5360052553,-239117.78581102134,31987.607178489492,1315372.7278139337,-1654769.4106487834,-118740.34226859611,-736025.5319062924,1815089.2959156476,-1108393.7825923876,166996.5804523568,842248.3493996658,265105.714458769,1346118.1507360004,1314284.7827772852,541823.69504409,-129647.29531692673,159820.38431926552,-1063595.3888712276,1084025.512119617,-627942.530815836,750439.1644645515,451275.03467239696,636244.0828164176,1809533.0362617804,709022.9660665629,42367.34168642023,-1159496.983694528,1031647.2308831827,1104078.1028102746,677689.9261896937,-1115342.5200490868,-1121816.3430976935,-2335065.03177065,2345158.9913868518,663027.017067336,-708779.3886862956,1095266.0608820608,403550.68501347967,-409130.2852202685,-373535.6630777987,-1643488.1041778692,-308128.42963921104,1033173.5410269795,740257.9604043359,-318298.0527548919,-1045309.6556927531,-562962.0148431452,-645103.0222685991,442426.7982246843,985333.3430876835
-71144698.70914757,-8422956.119529571,85824531.03780867,-58364520.642219745,39745443.99540465,23319359.446758416,121780864.0053461,-9833676.133406632,1315372.7278139337,54094731.90834995,-68052422.90464629,-4883198.35224355,-30269050.57299224,74645535.46629359,-45582678.17796843,6867730.634083716,34637462.31598031,10902451.677217484,55359165.4575501,54049949.71213369,22282433.970483407,-5331839.739262555,6572652.567817738,-43740311.121839866,44580633.90250385,-25824139.25870818,30861814.561838903,18558701.03281469,26165512.471370578,74417101.0946866,29158552.615037028,1742296.6350099153,-47684391.31241258,42426500.68987136,45405220.11466466,27869942.087255698,-45868485.065377735,-46134647.17647462,-96029566.67799202,96444723.40621476,27267032.569488622,-29148570.31703117,45042745.65646899,16596093.492485508,-16825406.36369943,-15361674.278064981,-67588417.59550568,-12671736.507208653,42489242.560078144,30443128.488964643,-13089972.253106074,-42988393.29082225,-23151829.151944164,-26529889.481990576,18194794.55123538,40521770.97710539
89501675.20163372,10596273.462343208,-107969243.56065819,73423915.81844711,-50000687.0600804,-29336293.14868998,-153203141.4455085,12370991.886278251,-1654769.4106487834,-68052422.90464629,85611520.76491207,6143176.387395985,38079165.17339468,-93905808.77929176,57344062.62764673,-8639763.858010633,-43574728.11594035,-13715536.20247188,-69643109.51108818,-67996085.92011763,-28031816.975898974,6707577.52020257,-8268548.786751595,55026322.33459589,-56083467.67897376,32487364.012983166,-38824875.969153084,-23347274.79300765,-32916819.43384333,-93618432.99838781,-36682133.098747276,-2191849.501495347,59988066.22898574,-53373518.38653553,-57120816.26126732,-35061031.3128062,57703614.25844652,58038452.42389862,120807414.2198754,-121329690.94010085,-34302557.09819198,36669575.098465994,-56664815.09554365,-20878269.100305025,21166750.14002496,19325341.25061441,85027791.42132023,15941337.43921039,-53452449.13535946,-38298159.19360309,16467487.658870166,54080392.24602608,29125536.12156893,33375214.081427835,-22889472.05984493,-50977324.47161428
6422319.948666342,760350.669316594,-7747486.575380558,5268637.464621289,-3587870.3792741415,-2105067.41908337,-10993309.21389254,887698.1131924372,-118740.34226859611,-4883198.35224355,6143176.387395985,440812.35956087935,2732424.629624794,-6738344.817627024,4114804.7352712755,-619958.5309019311,-3126766.572839914,-984177.8016424672,-4997340.333492344,-4879155.820396994,-2011462.8856329038,481311.75298006856,-593321.4647635869,3948491.994258912,-4024348.9513893477,2331176.9928616234,-2785934.171234164,-1675316.8879467493,-2361993.1817178987,-6717723.758734203,-2632178.6159112374,-157279.287867347,4304528.963559077,-3829892.6889151377,-4098785.3771786736,-2515854.153237315,4140604.8724930775,4164631.667882697,8668707.751972698,-8706184.460530022,-2461428.7443524925,2631277.4899864933,-4066064.3697289475,-1498149.8764759356,1518850.252664926,1386717.3357739456,6101290.065202235,1143893.3453838262,-3835556.4810139462,-2748138.8538230946,1181647.995392338,3880615.4348405725,2089944.2497273562,2394885.9388912003,-1642466.6130234157,-3657950.4074361813
39809467.766986296,4713118.563672418,-48023661.20227415,32658237.980851926,-22239815.35123545,-13048495.719117554,-68143255.70187832,5502496.046807128,-736025.5319062924,-30269050.57299224,38079165.17339468,2732424.629624794,16937239.41978769,-41768383.29759434,25506077.01618613,-3842882.301237525,-19381611.933388554,-6100536.118645227,-30976572.301128235,-30243992.539758723,-12468277.597007623,2983464.474413173,-3677769.353660441,24475168.934161503,-24945376.45441366,14450061.058710609,-17268924.256360948,-10384638.94448155,-14641078.692748811,-41640561.17868922,-16315853.280211847,-974913.3285923176,26682103.64880973,-23740017.788351655,-25406779.1467011,-15594803.208189223,25666001.944178227,25814934.879442893,53733953.639311455,-53966257.083946325,-15257441.041472638,16310267.520255968,-25203954.518079575,-9286449.25048351,9414763.198026756,8595722.302463444,37819528.24622418,7090550.740176459,-23775125.482445218,-17034645.763045035,7324577.183956805,24054428.266718462,12954752.931603422,14844967.990365764,-10181012.822735261,-22674214.39322947
-98172852.57509653,-11622870.65531571,118429611.8191677,-80537433.98049136,54844895.724957414,32178477.154522855,168045899.03120217,-13569529.26635119,1815089.2959156476,74645535.46629359,-93905808.77929176,-6738344.817627024,-41768383.29759434,103003671.4795405,-62899719.126261994,9476808.858589435,47796372.06440855,15044336.662243655,76390332.06106876,74583740.76589109,30747619.969741408,-7357425.872063402,9069629.01145746,-60357429.848100334,61516993.189389564,-35634832.47250248,42586340.65098934,25609225.223207384,36105895.02346653,102688453.28267296,40236002.93514426,2404202.6949962997,-65799880.45512621,58544496.9990127,62654843.78592234,38457844.55242149,-63294104.76705058,-63661383.69990483,-132511580.91131438,133084456.88741817,37625886.22956392,-40222227.95180438,62154664.67062759,22901014.6847024,-23217445.98152551,-21197635.239124045,-93265526.65558626,-17485780.10012712,58631075.04623173,42008593.90246239,-18062905.160133265,-59319854.573422715,-31947300.979982246,-36608699.75298121,25107069.46703609,55916153.64632489
59949754.78121714,7097565.440349026,-72319648.51127382,49180596.16527371,-33491316.146163452,-19649951.805691246,-102618088.29169069,8286302.567992841,-1108393.7825923876,-45582678.17796843,57344062.62764673,4114804.7352712755,25506077.01618613,-62899719.126261994,38410035.413478166,-5787061.848071739,-29187099.187868115,-9186901.209308939,-46648147.08839739,-45544942.993381746,-18776191.60353145,4492849.585234567,-5538415.3084831,36857573.50510164,-37565666.54390356,21760592.80295608,-26005566.84785274,-15638404.419381982,-22048249.608469307,-62707229.390036084,-24570321.125487573,-1468138.7794704319,40181033.60094192,-35750496.68246359,-38260500.98073098,-23484479.686033178,38650868.94475076,38875149.83944072,80918874.98659444,-81268704.5489214,-22976439.897864297,24561909.305361275,-37955064.19447343,-13984621.680405702,14177852.348499143,12944444.39726407,56953071.1852454,10677781.168457244,-35803366.05863786,-25652762.818016402,11030205.530932024,36223972.68988581,19508782.80454207,22355289.788213424,-15331760.463845745,-34145485.470976375
-9032351.411994262,-1069357.2483705245,10896065.91012768,-7409812.243589405,5045981.215666849,2960567.096202362,15460991.305743147,-1248458.7783963222,166996.5804523568,6867730.634083716,-8639763.858010633,-619958.5309019311,-3842882.301237525,9476808.858589435,-5787061.848071739,871909.7806086361,4397484.809648488,1384147.7904692243,7028259.876522118,6862045.2571715675,2828921.696379703,-676916.7749635152,834447.3384304467,-5553159.615693613,5659844.66765544,-3278567.556875332,3918138.1066078674,2356165.8500312767,3321907.4757884713,9447807.29616312,3701896.288447101,221197.66583944767,-6053889.905012719,5386361.478534894,5764532.171954902,3538297.615347253,-5823347.102803584,-5857138.487739448,-12191671.482108077,12244378.660566278,3461753.598838606,-3700628.9234054005,5718513.457317365,2106998.048193056,-2136111.2677089665,-1950279.3749175528,-8580855.00029757,-1608771.7402515395,5394327.062884803,3864982.767676602,-1661869.8956520974,-5457697.883588904,-2939297.7912884043,-3368167.7746869856,2309965.2144287187,5144541.877230074
-45554746.97051242,-5393313.100602573,54954408.03410005,-37371455.86446986,25449452.523941077,14931647.011385918,77977650.65403967,-6296613.083313479,842248.3493996658,34637462.31598031,-43574728.11594035,-3126766.572839914,-19381611.933388554,47796372.06440855,-29187099.187868115,4397484.809648488,22178754.902519286,6980961.944659228,35447093.1705506,34608787.943919666,14267692.181809684,-3414036.2999775866,4208542.855142047,-28007411.07825734,28545478.634688284,-16535485.459395774,19761165.344395623,11883343.96418676,16754070.66413461,47650102.72272908,18670547.74088877,1115612.2886969114,-30532849.26310331,27166163.316961646,29073470.714877695,17845436.144707825,-29370104.38275218,-29540531.2553359,-61488806.51491144,61754635.853529945,17459386.017117266,-18664155.815671455,28841374.57096674,10626664.174542138,-10773496.352816312,-9836251.936406411,-43277620.56814305,-8113854.94136763,27206337.75089314,19493075.892914418,-8381655.921127731,-27525949.35564997,-14824375.32390534,-16987385.13666584,11650330.676213933,25946543.863332596
-14338764.934198849,-1697593.6465482647,17297392.606755666,-11763000.677551001,8010443.119764769,4699869.88264661,24544164.76608478,-1981915.6000672497,265105.714458769,10902451.677217484,-13715536.20247188,-984177.8016424672,-6100536.118645227,15044336.662243655,-9186901.209308939,1384147.7904692243,6980961.944659228,2197320.4470064803,11157290.12737778,10893426.332775773,4490884.304322794,-1074598.133244765,1324676.4312942743,-8815583.93866894,8984944.960047638,-5204692.281058415,6220003.940318506,3740388.990133174,5273494.050754003,14998296.791805128,5876722.35640631,351149.22155061306,-9610487.714954494,8550793.423481602,9151135.523336008,5617011.252519719,-9244503.564799918,-9298147.263717066,-19354153.044482183,19437825.030381292,5495498.0841828585,-5874710.298818985,9078081.517640797,3344837.518486186,-3391054.8912864714,-3096048.396421531,-13622019.194081405,-2553908.7691654884,8563438.800422478,6135620.318583794,-2638201.4910281445,-8664039.191199852,-4666104.968848664,-5346931.6468105605,3667046.0586228804,8166907.557610794
-72807665.4298796,-8619837.900645578,87830630.32505791,-59728758.03345401,40674471.296672,23864435.9654066,124627421.80842851,-10063532.440483615,1346118.1507360004,55359165.4575501,-69643109.51108818,-4997340.333492344,-30976572.301128235,76390332.06106876,-46648147.08839739,7028259.876522118,35447093.1705506,11157290.12737778,56653154.58191939,55313336.28371789,22803272.738893848,-5456468.972892162,6726284.774988359,-44762715.5779044,45622681.17762524,-26427763.746729173,31583191.83160113,18992500.12324321,26777116.206997335,76156558.54821478,29840116.998982783,1783021.4883154507,-48798987.09380747,43418195.89900249,46466541.1851474,28521385.71419791,-46940634.77520419,-47213017.85885205,-98274202.91632003,98699063.94050547,27904384.104419086,-29829901.55860299,46095593.64631462,16984018.082277607,-17218690.171298075,-15720744.734728273,-69168257.9991066,-12967930.851757746,43482404.170245185,31154719.295332815,-13395942.667252013,-43993222.570727415,-23692989.994623005,-27150010.622664426,18620087.418872084,41468943.83503168
-71085801.89149137,-8415983.227931984,85753481.7875278,-58316203.773332745,39712540.55712051,23300054.898568984,121680048.78498858,-9825535.745820817,1314284.7827772852,54049949.71213369,-67996085.92011763,-4879155.820396994,-30243992.539758723,74583740.76589109,-45544942.993381746,6862045.2571715675,34608787.943919666,10893426.332775773,55313336.28371789,54005204.93902658,22263988.153304037,-5327425.023079139,6567211.110378902,-43704101.41343973,44543727.42610371,-25802760.89885656,30836265.786152415,18543337.20699054,26143851.74264952,74355494.95263422,29134414.047345586,1740854.7946269233,-47644915.45878369,42391378.12978323,45367631.63824081,27846870.61368731,-45830512.9457909,-46096455.3346325,-95950069.10657582,96364881.80054176,27244459.354859766,-29124439.720841072,45005457.910970815,16582353.938534644,-16811478.204405427,-15348957.055231975,-67532465.24202141,-12661246.678935317,42454068.286265194,30417926.184387423,-13079136.104165435,-42952805.366905965,-23132662.92954129,-26507926.66509044,18179732.179407123,40488225.836760126
-29305572.1007787,-3469542.4195248405,35352416.34628023,-24041224.30508854,16371745.86453094,9605595.642194541,50163371.65848781,-4050639.917449082,541823.69504409,22282433.970483407,-28031816.975898974,-2011462.8856329038,-12468277.597007623,30747619.969741408,-18776191.60353145,2828921.696379703,14267692.181809684,4490884.304322794,22803272.738893848,22263988.153304037,9178471.036474247,-2196263.5522195757,2707373.913118354,-18017293.405163225,18363432.88324009,-10637351.677927557,12712445.953292916,7644608.100448915,10777968.888925057,30653523.353306495,12010847.045307653,717679.170746141,-19641917.389716182,17476114.197496004,18703093.57095075,11480049.59418641,-18893919.1282214,-19003556.48197166,-39556023.883204326,39727032.511845775,11231700.459199999,-12006734.63740872,18553786.142547857,6836179.613071458,-6930639.391438156,-6327704.57325903,-27840687.17698291,-5219679.743471619,17501958.955238633,12539982.60533912,-5391957.187105263,-17707565.81503727,-9536586.69990099,-10928060.42143652,7494709.901769073,16691528.481686082
7012367.02231128,830207.4250583459,-8459282.131906206,5752690.736142485,-3917504.785833135,-2298468.679167808,-12003312.172637943,969254.0165137566,-129647.29531692673,-5331839.739262555,6707577.52020257,481311.75298006856,2983464.474413173,-7357425.872063402,4492849.585234567,-676916.7749635152,-3414036.2999775866,-1074598.133244765,-5456468.972892162,-5327425.023079139,-2196263.5522195757,525533.780965608,-647833.2618465254,4311256.325643954,-4394085.14723105,2545352.493890338,-3041890.2329647555,-1829235.8924815431,-2578999.363134773,-7334911.535090841,-2874008.0809793286,-171728.07064949066,4700006.401469312,-4181761.883213106,-4475358.917824421,-2746995.633330189,4521020.856727171,4547253.689468973,9465140.273486748,-9506060.94002927,-2687571.8840076686,2873024.835126699,-4439630.178532024,-1635792.8363300539,1658392.2258591424,1514121.5200663058,6661841.742370857,1248986.971023832,-4187945.5051177093,-3000622.80289106,1290210.5033589557,4237145.225760044,2281956.903227669,2614915.133438722,-1793367.0755840263,-3994021.1421970977
-8644268.362978633,-1023411.3449337512,10427906.493732262,-7091443.105200465,4829176.492533631,2833363.379310747,14796695.427395811,-1194817.227453024,159820.38431926552,6572652.567817738,-8268548.786751595,-593321.4647635869,-3677769.353660441,9069629.01145746,-5538415.3084831,834447.3384304467,4208542.855142047,1324676.4312942743,6726284.774988359,6567211.110378902,2707373.913118354,-647833.2618465254,798594.8912311633,-5314562.608068338,5416665.020335023,-3137700.9332784177,3749791.7593399845,2254931.159530365,3179178.4681718857,9041874.118759098,3542840.790288073,211693.1771091518,-5793779.683257694,5154931.607833269,5516853.857900135,3386270.93302797,-5573141.887742613,-5605480.741607499,-11667845.331832334,11718288.277439326,3313016.59970492,-3541628.1750668637,5472811.678316602,2016469.583743297,-2044330.6142638482,-1866484.0175285111,-8212170.468473222,-1539649.0076611338,5162554.705378648,3698920.4219130655,-1590465.8315866333,-5223203.212137887,-2813008.3212102884,-3223451.621921274,2210715.386023655,4923501.392817951
57526697.341340095,6810695.078956658,-69396623.17267886,47192808.008158624,-32137659.22391834,-18855737.577270485,-98470456.69854435,7951385.965226828,-1063595.3888712276,-43740311.121839866,55026322.33459589,3948491.994258912,24475168.934161503,-60357429.848100334,36857573.50510164,-5553159.615693613,-28007411.07825734,-8815583.93866894,-44762715.5779044,-43704101.41343973,-18017293.405163225,4311256.325643954,-5314562.608068338,35367859.451892205,-36047331.76349012,20881070.200000815,-24954470.29843204,-15006329.160016265,-21157100.65103059,-60172719.73133814,-23577234.680167265,-1408799.7740931695,38556990.59431437,-34305528.20744911,-36714082.81257548,-22535281.19709389,37088672.71960484,37303889.11316337,77648284.81723009,-77983974.62982096,-22047774.712819,23569162.60386588,-36420991.75885135,-13419388.853404075,13604810.52317706,12421253.954217447,54651134.462273896,10246205.48777028,-34356260.893716626,-24615925.833862044,10584385.439119712,34759867.03266251,18720274.06565994,21451730.472931772,-14712079.34975978,-32765389.066001654
-58631878.62852375,-6941539.539293941,70729844.34191139,-48099458.69041576,32755077.027249273,19217985.979883812,100362232.30994329,-8104143.7390893195,1084025.512119617,44580633.90250385,-56083467.67897376,-4024348.9513893477,-24945376.45441366,61516993.189389564,-37565666.54390356,5659844.66765544,28545478.634688284,8984944.960047638,45622681.17762524,44543727.42610371,18363432.88324009,-4394085.14723105,5416665.020335023,-36047331.76349012,36739861.551406965,-21282229.34376137,25433886.066955276,15294625.38820567,21563562.007128008,61328736.3482356,24030190.955234386,1435863.4234169596,-39297734.78349001,34964593.015445694,37419419.8398121,22968218.77277633,-37801206.66032122,-38020555.659475416,-79140034.19799678,79482174.33771683,22471349.344738796,-24021964.764241707,37120695.834394306,13677198.96149166,-13866178.769839998,-12659886.854678672,-55701070.1350204,-10443050.389522623,35016299.59377665,25088838.055887118,-10787727.597601864,-35427661.13293864,-19079921.204021174,-21863853.618398543,14994721.938033141,33394863.35158569
33963577.3085497,4021012.48413226,-40971543.2306951,27862482.289519623,-18973971.040094204,-11132366.668955978,-58136640.87866764,4694472.432399219,-627942.530815836,-25824139.25870818,32487364.012983166,2331176.9928616234,14450061.058710609,-35634832.47250248,21760592.80295608,-3278567.556875332,-16535485.459395774,-5204692.281058415,-26427763.746729173,-25802760.89885656,-10637351.677927557,2545352.493890338,-3137700.9332784177,20881070.200000815,-21282229.34376137,12328116.736818824,-14733039.06704442,-8859688.591475135,-12491084.045212649,-35525780.650883414,-13919923.451681571,-831750.4656825829,22763923.802072983,-20253873.622856103,-21675876.519814786,-13304757.206916336,21897033.298829205,22024095.882742442,45843297.8471413,-46041488.31274845,-13016935.613853645,13915157.948457794,-21502835.985163067,-7922764.505966316,8032235.894486034,7333468.5351375,32265853.89906297,6049326.49019063,-20283825.85891611,-14533163.605356304,6248986.908904968,20522113.97441326,11052389.73388367,12665032.892889433,-8685964.304437334,-19344579.96599187
-40589063.3639633,-4805416.370830365,48964116.73690788,-33297789.831556085,22675341.47295803,13304026.604698777,69477716.64243065,-5610252.332287473,750439.1644645515,30861814.561838903,-38824875.969153084,-2785934.171234164,-17268924.256360948,42586340.65098934,-26005566.84785274,3918138.1066078674,19761165.344395623,6220003.940318506,31583191.83160113,30836265.786152415,12712445.953292916,-3041890.2329647555,3749791.7593399845,-24954470.29843204,25433886.066955276,-14733039.06704442,17607104.540764205,10588003.099436043,14927797.415244697,42456015.42008002,16635369.404197646,994005.1851206981,-27204623.874163736,24204922.59837135,25904324.43310732,15900198.854536196,-26168623.642899793,-26320473.104650453,-54786234.804465644,55023087.52008988,15556230.132948516,-16629674.273313683,25697527.797027953,9468307.415968865,-9599134.049336776,-8764053.809819695,-38560154.490303755,-7229406.182500633,24240717.7971703,17368238.13656301,-7468015.605025523,-24525490.25907981,-13208448.073959474,-15135679.551350519,10380389.32735501,23118247.359340426
-24408165.928566825,-2889729.15442416,29444490.314095657,-20023570.70131673,13635779.100790301,8000354.2533176355,41780309.508959286,-3373715.8169138213,451275.03467239696,18558701.03281469,-23347274.79300765,-1675316.8879467493,-10384638.94448155,25609225.223207384,-15638404.419381982,2356165.8500312767,11883343.96418676,3740388.990133174,18992500.12324321,18543337.20699054,7644608.100448915,-1829235.8924815431,2254931.159530365,-15006329.160016265,15294625.38820567,-8859688.591475135,10588003.099436043,6367078.13904775,8976806.122879306,25530854.531951338,10003651.726496018,597743.2020066943,-16359455.619790431,14555590.052765403,15577522.519020213,9561558.038458021,-15736458.455674345,-15827772.683309913,-32945611.409487214,33088042.50330748,9354713.296507051,-10000227.073031459,15453165.49994464,5693751.135002153,-5772423.1310600005,-5270249.262605373,-23188084.80197517,-4347391.270876651,14577115.358807992,10444361.234770369,-4490878.688922713,-14748362.935553895,-7942878.367802742,-9101815.836886574,6242229.866536968,13902119.49309345
-34412547.08720876,-4074166.883285943,41513152.53616942,-28230800.71033494,19224790.64871002,11279527.33590047,58905158.485540174,-4756529.651985604,636244.0828164176,26165512.471370578,-32916819.43384333,-2361993.1817178987,-14641078.692748811,36105895.02346653,-22048249.608469307,3321907.4757884713,16754070.66413461,5273494.050754003,26777116.206997335,26143851.74264952,10777968.888925057,-2578999.363134773,3179178.4681718857,-21157100.65103059,21563562.007128008,-12491084.045212649,14927797.415244697,8976806.122879306,12656205.808215767,35995401.244519904,14103933.21891851,842745.8576925359,-23064843.254650634,20521612.728201427,21962413.309672296,13480635.219280055,-22186493.50232821,-22315236.173136823,-46449307.542208776,46650117.674328,13189008.271004383,-14099104.514131272,21787085.781317044,8027496.368041661,-8138415.730147752,-7430410.698425167,-32692381.501296833,-6129293.760251393,20551961.069281586,14725279.672746345,-6331593.45965516,-20793398.85028468,-11198492.925682241,-12832453.807482533,8800785.484168729,19600299.393559337
-97872418.38070594,-11587301.654970687,118067186.3971808,-80290968.79965754,54677056.80774123,32080002.261937365,167531634.43152,-13528002.387086743,1809533.0362617804,74417101.0946866,-93618432.99838781,-6717723.758734203,-41640561.17868922,102688453.28267296,-62707229.390036084,9447807.29616312,47650102.72272908,14998296.791805128,76156558.54821478,74355494.95263422,30653523.353306495,-7334911.535090841,9041874.118759098,-60172719.73133814,61328736.3482356,-35525780.650883414,42456015.42008002,25530854.531951338,35995401.244519904,102374200.65828913,40112870.06858627,2396844.388312831,-65598516.75931984,58365335.71489852,62463103.77069481,38340152.77086623,-63100408.66106932,-63466562.611243725,-132106061.2233794,132677184.63957296,37510741.86030895,-40099137.711715594,61964454.24285377,22830932.604031976,-23146393.500107978,-21132765.23762507,-92980109.46056779,-17432268.454772227,58451648.43335762,41880036.939853944,-18007627.49185899,-59138320.85335428,-31849534.148670644,-36496667.99271166,25030235.20154997,55745034.81733425
-38348955.133045085,-4540205.711224913,46261789.86496582,-31460086.567738462,21423890.409103364,12569778.224278279,65643245.443002,-5300622.997934671,709022.9660665629,29158552.615037028,-36682133.098747276,-2632178.6159112374,-16315853.280211847,40236002.93514426,-24570321.125487573,3701896.288447101,18670547.74088877,5876722.35640631,29840116.998982783,29134414.047345586,12010847.045307653,-2874008.0809793286,3542840.790288073,-23577234.680167265,24030190.955234386,-13919923.451681571,16635369.404197646,10003651.726496018,14103933.21891851,40112870.06858627,15717264.368470382,939146.3537052816,-25703201.863270123,22869054.228885476,24474666.176574927,15022668.002218477,-24724378.658309508,-24867847.86736145,-51762585.4782804,51986366.12926441,14697682.456789844,-15711883.396727443,24279282.96650529,8945751.754699428,-9069358.693907447,-8280366.083965163,-36432021.8481249,-6830415.860114856,22902874.01297137,16409685.950040767,-7055856.392055249,-23171929.68192517,-12479474.491241572,-14300342.130062189,9807496.253322916,21842352.850435674
-2291446.4452971886,-271288.7283480043,2764258.5030280375,-1879819.1484107517,1280130.7732398864,751076.2431415665,3922349.6468855175,-316726.0995553909,42367.34168642023,1742296.6350099153,-2191849.501495347,-157279.287867347,-974913.3285923176,2404202.6949962997,-1468138.7794704319,221197.66583944767,1115612.2886969114,351149.22155061306,1783021.4883154507,1740854.7946269233,717679.170746141,-171728.07064949066,211693.1771091518,-1408799.7740931695,1435863.4234169596,-831750.4656825829,994005.1851206981,597743.2020066943,842745.8576925359,2396844.388312831,939146.3537052816,56117.10270180047,-1535830.110835591,1366483.5032736324,1462422.8654783808,897642.946165742,-1477343.620688965,-1485917.1680754127,-3092944.679631024,3106315.622133093,878222.9857571523,-938824.3977338475,1450749.1885277906,534530.3348654491,-541917.9625790847,-494772.4925615091,-2176905.473612927,-408135.1175384242,1368504.6582874223,980519.8304847996,-421605.6291244042,-1384580.7769570188,-745679.8428784118,-854481.140415756,586022.7058898339,1305136.39113153
62713900.65421393,7424817.8846668815,-75654141.37839767,51448200.93842685,-35035524.84529072,-20555965.416169275,-107349572.04277095,8668364.109885557,-1159496.983694528,-47684391.31241258,59988066.22898574,4304528.963559077,26682103.64880973,-65799880.45512621,40181033.60094192,-6053889.905012719,-30532849.26310331,-9610487.714954494,-48798987.09380747,-47644915.45878369,-19641917.389716182,4700006.401469312,-5793779.683257694,38556990.59431437,-39297734.78349001,22763923.802072983,-27204623.874163736,-16359455.619790431,-23064843.254650634,-65598516.75931984,-25703201.863270123,-1535830.110835591,42033690.279214226,-37398870.12273875,-40024604.949676566,-24567294.00540135,40432972.19119213,40667592.725073345,84649858.76710792,-85015818.99791591,-24035831.668372154,25694402.869279504,-39705083.63354639,-14629421.8564847,14831559.060077708,13541283.384285934,59579045.87270361,11170108.251198312,-37454176.64627307,-26835553.17125903,11538782.285125662,37894177.51361285,20408288.281882912,23386041.385476343,-16038672.572900856,-35719854.146123335
-55798790.476988114,-6606124.874267194,67312183.71559729,-45775296.207414426,31172353.440030802,18289374.793931723,95512737.44920123,-7712552.777183732,1031647.2308831827,42426500.68987136,-53373518.38653553,-3829892.6889151377,-23740017.788351655,58544496.9990127,-35750496.68246359,5386361.478534894,27166163.316961646,8550793.423481602,43418195.89900249,42391378.12978323,17476114.197496004,-4181761.883213106,5154931.607833269,-34305528.20744911,34964593.015445694,-20253873.622856103,24204922.59837135,14555590.052765403,20521612.728201427,58365335.71489852,22869054.228885476,1366483.5032736324,-37398870.12273875,33275106.46128129,35611316.24039267,21858397.049000926,-35974654.91982064,-36183406.091502465,-75315993.60529624,75641600.92124131,21385534.7942989,-22861225.018532064,35327027.73808907,13016316.699255535,-13196167.227316607,-12048161.798370766,-53009599.17318249,-9938443.6576213,33324314.988464735,23876547.0512741,-10266465.950539416,-33715798.77174452,-18157980.642576393,-20807393.47855929,14270178.239295878,31781227.05137856
-59716364.12325472,-7069933.870844309,72038100.44651765,-48989131.00133889,33360931.16017328,19573452.314070005,102218585.01469581,-8254042.898421717,1104078.1028102746,45405220.11466466,-57120816.26126732,-4098785.3771786736,-25406779.1467011,62654843.78592234,-38260500.98073098,5764532.171954902,29073470.714877695,9151135.523336008,46466541.1851474,45367631.63824081,18703093.57095075,-4475358.917824421,5516853.857900135,-36714082.81257548,37419419.8398121,-21675876.519814786,25904324.43310732,15577522.519020213,21962413.309672296,62463103.77069481,24474666.176574927,1462422.8654783808,-40024604.949676566,35611316.24039267,38111548.82866938,23393051.833336543,-38500397.12464006,-38723804.50119353,-80603849.29426944,80952317.14895292,22886990.403269414,-24466287.271305513,37807300.7415034,13930178.419374935,-14122656.077480158,-12894050.402854405,-56731346.685833916,-10636211.21955408,35663979.656094916,25552893.979887012,-10987263.598934347,-36082949.094348095,-19432833.12267413,-22268258.4172521,15272072.25856288,34012553.17042364
-36654191.20552941,-4339559.400586919,44217332.46382788,-30069763.886180583,20477099.297097027,12014279.496386526,62742259.39516482,-5066371.759777729,677689.9261896937,27869942.087255698,-35061031.3128062,-2515854.153237315,-15594803.208189223,38457844.55242149,-23484479.686033178,3538297.615347253,17845436.144707825,5617011.252519719,28521385.71419791,27846870.61368731,11480049.59418641,-2746995.633330189,3386270.93302797,-22535281.19709389,22968218.77277633,-13304757.206916336,15900198.854536196,9561558.038458021,13480635.219280055,38340152.77086623,15022668.002218477,897642.946165742,-24567294.00540135,21858397.049000926,23393051.833336543,14358768.411793048,-23631728.589086674,-23768858.041362386,-49475030.08026833,49688920.79056337,14048144.183518205,-15017524.553027812,23206303.891159743,8550409.602624342,-8668555.177075615,-7914429.888553961,-34821973.78545493,-6528558.160413422,21890722.451752655,15684488.95259348,-6744035.673701832,-22147887.243205268,-11927966.211699102,-13668363.748849642,9374071.485999575,20877069.482417423
60325644.19858017,7142067.6888280185,-72773097.88196863,49488962.214559324,-33701309.534923255,-19773158.180846117,-103261510.78815208,8338257.924358797,-1115342.5200490868,-45868485.065377735,57703614.25844652,4140604.8724930775,25666001.944178227,-63294104.76705058,38650868.94475076,-5823347.102803584,-29370104.38275218,-9244503.564799918,-46940634.77520419,-45830512.9457909,-18893919.1282214,4521020.856727171,-5573141.887742613,37088672.71960484,-37801206.66032122,21897033.298829205,-26168623.642899793,-15736458.455674345,-22186493.50232821,-63100408.66106932,-24724378.658309508,-1477343.620688965,40432972.19119213,-35974654.91982064,-38500397.12464006,-23631728.589086674,38893212.852816276,39118899.394516796,81426242.25788787,-81778265.63018514,-23120504.19932511,24715914.3808073,-38193044.57119668,-14072306.848608961,14266747.861852294,13025607.156833176,57310170.76306822,10744731.252427783,-36027855.563926354,-25813607.635265954,11099365.420261538,36451099.872004054,19631104.402287878,22495459.28639207,-15427891.637980603,-34359579.595004305
