V1,V2,V3,V4,V5,V6,V7,V8,V9,V10,V11,V12,V13,V14,V15,V16,V17,V18,V19,V20,V21,V22,V23,V24,V25,V26,V27,V28,V29,V30,V31,V32,V33,V34,V35,V36,V37,V38,V39,V40,V41,V42,V43,V44,V45,V46,V47,V48,V49,V50,V51,V52,V53,V54,V55,V56
342.11676951272534,483.8559169737841,855.3600031571432,16.3935200914985,-1799.7224912107988,-955.5230206261124,-54.10670119156393,1306.1143093238693,171.45047227063452,776.848748100352,-637.1456701682207,1386.7471648794915,-348.8582962086639,-645.2834767199099,96.60540027027456,-1080.6735500237314,44.39671807960632,237.65035148535472,569.0852528261993,-391.7471420839924,174.8689008779381,-413.8494109252823,-146.23541810703446,2.772827298459462,-886.9527719361719,354.7712956295672,1037.7375747583023,-647.6793351005609,538.1533398634062,1240.5304060650647,432.39422626549685,-308.2754053497955,-758.6252991901814,779.0664747932715,1037.2795674881738,552.1765395085127,-218.6203830854744,-1581.0801856235073,-1297.3378593136542,114.31665157261465,-595.5312395819557,-734.9985008425856,194.26681408558548,-347.2405456242281,88.58244391128893,542.9960793915046,-426.7584170904135,404.11301351302615,638.6919740332613,829.9941619893847,347.7251553211209,907.5120942721782,371.85227004590803,436.0417804435179,945.5620208841151,-1077.2547392930505
483.8559169737841,684.4977461430526,1211.0436439239468,23.395155053700094,-2547.5920837779,-1352.4400123214791,-76.43031070325905,1848.5900349996298,242.55377431800434,1099.3568811780356,-902.0934829352861,1963.2287428173854,-493.74352086759103,-913.1307953236803,136.69919944098405,-1529.6564680512945,62.942488058945834,336.0189422736311,805.381928621127,-554.9450767951253,247.50532648342175,-585.8916405706879,-207.4990538229179,3.9328878057286185,-1255.6175860473977,502.23575170275706,1468.7142284661147,-916.4643814304984,761.5255151618023,1755.5706235345972,611.7470403754802,-436.3113050893762,-1073.681717670782,1102.9543726446789,1468.2985078333093,782.0294152335211,-309.78933918710277,-2238.117702190933,-1836.263682474172,161.7058076175613,-843.2618223195284,-1040.3482792891284,275.5392640989515,-491.4154600591933,125.42169731561593,767.9299372844587,-604.1847739818971,572.0828276854271,904.0029075747366,1174.8367524965192,491.8477234222109,1284.5371115725482,526.2858809830848,616.9037948395201,1338.0613785544103,-1524.9228447345047
855.3600031571432,1211.0436439239468,2153.7118978331837,43.62776463143224,-4525.622609562312,-2400.535100253777,-134.07046410055423,3280.7802988714548,429.2779029683423,1949.8103882711762,-1603.9017303749026,3489.6657905797592,-876.0953302022243,-1619.2008479221417,242.39578285599606,-2716.000567681901,112.77634195290584,593.2086860202884,1428.609053594457,-989.9005948002577,439.330913832975,-1041.0301141655843,-373.08658033592155,7.547331641820534,-2230.955634544966,892.7394609905002,2606.414016869199,-1624.7108980082317,1350.284358383276,3113.869164939409,1083.6660789425937,-774.7443421651369,-1904.6177674075,1961.2950802411656,2607.9361532506246,1393.4950066733918,-553.7022726133927,-3976.2732067865372,-3260.504241704251,286.4743834018205,-1500.3993023088447,-1847.2590016080721,494.4734953940673,-872.290288614499,223.4166458273086,1357.608731251546,-1074.2452196402724,1016.2865011085738,1604.5258884855205,2086.803401685913,869.927108072425,2281.0774093185587,933.7358752008369,1092.4493048024458,2372.624023271719,-2709.1027601320866
16.3935200914985,23.395155053700094,43.62776463143224,1.2572331919807989,-90.74333577909647,-47.775321545776094,-2.376808558818583,65.22928803473762,8.323617068454514,38.52243627761639,-32.42075061163505,70.38276676826965,-17.40404854178383,-31.94687715654461,4.777280718527228,-54.21234078937696,2.447322883079546,11.22272939029567,28.280752145561056,-20.594144414694814,8.752403370459865,-20.93181517638833,-8.301457895021198,0.24480783500627668,-44.82648240732542,18.007382018452155,51.79616096767947,-31.969516973706586,26.624934551892668,61.56409631534599,21.171886044331636,-15.490785129227989,-37.69114153964724,39.68781087601823,52.23712034054285,28.745169659832772,-11.714529249767603,-79.8118414322351,-65.11310909638459,5.591727347704332,-30.545851639549372,-36.900031893049785,10.832610887023451,-17.364395832557747,4.603176656314991,26.02360998290519,-21.711515377920612,20.382107680272977,31.927820106902832,41.807189126459065,16.764390752914338,45.59758987543101,18.506862800268678,21.29414644738131,46.79028339537801,-54.36613850597141
-1799.7224912107988,-2547.5920837779,-4525.622609562312,-90.74333577909647,9512.111791320784,5046.395848501151,282.5701325553436,-6897.013136817874,-902.9644531070319,-4099.618410232522,3370.453763605893,-7333.640020203183,1841.7831121874342,3404.586171718297,-509.68975853441424,5709.183166432765,-236.55983488844618,-1248.5130096385153,-3003.581356840421,2078.737490014439,-923.5337722838457,2187.888701688003,782.0820087094239,-15.66285549904879,4688.825917364402,-1876.1235654821494,-5479.389811887122,3416.4095083173675,-2839.1942301128397,-6547.014232829452,-2279.0911488700103,1628.4928123914083,4004.4048257642853,-4121.4340643432915,-5481.559530026592,-2926.870369469188,1162.270322439675,8357.260082006029,6853.707140617452,-602.5318182453236,3152.401595599581,3882.962246526664,-1036.9719569118713,1833.754970518894,-469.27959302821125,-2856.495873093742,2257.46136791078,-2136.034262761567,-3373.0339425746524,-4386.220083928582,-1830.122698199147,-4794.7947983482445,-1963.085250759284,-2297.6551600285948,-4988.811008731077,5693.958479180094
-955.5230206261124,-1352.4400123214791,-2400.535100253777,-47.775321545776094,5046.395848501151,2677.5927642462943,150.21073115665303,-3659.583042571846,-479.33072270068885,-2175.4888210496047,1787.874803067832,-3890.3017913006865,977.2940132263137,1806.7212201629998,-270.4769921044011,3029.0997688929015,-125.33393955621415,-663.009062038794,-1593.8469443783124,1102.1056211535918,-490.0190104779025,1160.7013377550427,414.14488879642045,-8.194987801026398,2487.4723772425937,-995.2269620685192,-2907.415298946117,1813.0584522639301,-1506.6980355813912,-3474.185102924889,-1209.6396081183314,864.0038718729988,2124.927065492474,-2186.156864965362,-2908.1727355862467,-1552.0202611542074,616.013872678449,4433.644673965671,3636.303751296196,-319.78155014252064,1672.0118273137114,2060.1549978971702,-549.2790520193239,972.9510216450041,-248.8483905357351,-1516.5701008263914,1197.4665001735345,-1133.2245209160146,-1789.7267642672632,-2327.017725065774,-971.593129172825,-2543.891351995198,-1041.676455998129,-1219.5664734537722,-2647.445161643922,3020.7472820323683
-54.10670119156393,-76.43031070325905,-134.07046410055423,-2.376808558818583,282.5701325553436,150.21073115665303,8.656110096463093,-205.35871866081243,-27.06726574668302,-122.26678334600761,99.90374564607521,-217.52113183851603,54.86091016716787,101.58456204235108,-15.210159086142973,169.8014336133819,-6.876087559562474,-37.66028067864554,-89.54212453476288,61.12234920972256,-27.48605368008811,64.95066033412945,22.53755038118709,-0.3848409358409456,139.2130287989911,-55.647180099233026,-163.1761535986553,102.00387439220613,-84.72771327948766,-195.223638581321,-68.1766329421862,48.426091901319005,119.36814593954273,-122.13186702773419,-162.89203828935115,-86.2836743922386,34.007751993618946,248.19947578241775,203.8287463548932,-18.02523953852908,93.26846892450565,115.47484654713986,-30.028988300843604,54.58308762821116,-13.845499867719534,-85.87238329937163,66.91514262412677,-63.447326286646714,-100.4075053902537,-130.33351269810535,-54.94855774340797,-142.5599182732848,-58.49531288205785,-68.77999272660442,-148.86677981719544,169.11541714554963
1306.1143093238693,1848.5900349996298,3280.7802988714548,65.22928803473762,-6897.013136817874,-3659.583042571846,-205.35871866081243,5001.760695679612,655.1817518998256,2973.4038139745644,-2443.45826852011,5316.905318385165,-1335.7552754689425,-2469.424529242661,369.68299310805975,-4139.9583750654865,171.27485774457372,906.3132796982168,2178.447335835808,-1506.1077328424728,669.7416407094638,-1586.3493680466065,-565.8217777294348,11.186116784209574,-3399.6609518913174,1360.192998249816,3973.7585671316774,-2478.0888678520046,2059.3543950948647,4748.424562863226,1653.3764374843695,-1180.9111136865554,-2904.2420500401613,2987.8129250720112,3974.6957187697326,2121.0617904768715,-841.7816562557781,-6059.559898807414,-4969.901569749201,437.08588692253863,-2285.1058308153115,-2815.7129272149323,750.4971962092706,-1329.8006397596812,340.1168868804433,2073.017866671257,-1636.5637675811772,1548.7823033486327,2446.1018071199164,3180.416380995671,1328.074135575984,3476.839561835777,1423.7120495711956,1666.9692978214612,3618.507303348496,-4128.53196929054
171.45047227063452,242.55377431800434,429.2779029683423,8.323617068454514,-902.9644531070319,-479.33072270068885,-27.06726574668302,655.1817518998256,85.95614473505621,389.6124195724525,-319.7550928720958,695.8889849654194,-175.00528384753645,-323.6233404513713,48.44443544631519,-542.1452772714248,22.32975151589168,119.0575572906782,285.4455614490784,-196.7452911908747,87.72608877047226,-207.67425290438075,-73.59935631857523,1.3978917610206167,-445.0514486770437,178.0251714040538,520.5512304064214,-324.7906312505892,269.8908923191742,622.1811157475095,216.79232627375094,-154.65896484683552,-380.50881518392714,390.95986780763724,520.4294327000312,277.2574043246207,-109.84027063960048,-793.2887590763908,-650.8343181916101,57.30070087433616,-298.9316337196398,-368.7411814134933,97.72429038866068,-174.17081052686365,44.47454716752327,272.1077251979922,-214.15702751926466,202.76532949266095,320.39761369625234,416.41119388366633,174.29566403316997,455.28696003263275,186.51779478258175,218.6252042226702,474.21474201877976,-540.50419275202
776.848748100352,1099.3568811780356,1949.8103882711762,38.52243627761639,-4099.618410232522,-2175.4888210496047,-122.26678334600761,2973.4038139745644,389.6124195724525,1767.781707207703,-1452.2148242863443,3160.095430124782,-794.0541566761208,-1468.1626477977447,219.8000109496713,-2460.9643964170837,101.67299128914634,539.1516519005402,1295.0873728468616,-894.7518173509128,398.12537783349336,-942.8654482835115,-335.77773509099995,6.611776765210111,-2020.684349240451,808.431928344228,2362.295895747342,-1473.3898092360628,1224.3723313628616,2823.0476367115457,983.1398561869494,-701.9552300429393,-1726.6042508566393,1775.7456807723402,2362.5873176485215,1260.2248710032202,-499.97206210892193,-3601.7716004349327,-2954.301442990197,259.925606010915,-1357.9453097602902,-1673.7429198030625,445.48386967035316,-790.538514577482,202.08110067365408,1233.0022083186566,-972.6742613434865,920.5896653067066,1454.1155155509007,1890.4832810018738,789.8326422349345,2066.7332505032487,846.3952523500219,991.2278747857852,2151.351708192601,-2453.974226505538
-637.1456701682207,-902.0934829352861,-1603.9017303749026,-32.42075061163505,3370.453763605893,1787.874803067832,99.90374564607521,-2443.45826852011,-319.7550928720958,-1452.2148242863443,1194.4793008157853,-2598.8559026424396,652.4987295031094,1205.9755778542267,-180.53563726965422,2022.799590613709,-83.9568751702328,-441.8919790554525,-1064.0188927028867,737.1069904320625,-327.20041375210303,775.3112035067519,277.74284868015013,-5.587893878401899,1661.5044430411183,-664.8411799651469,-1941.199210839858,1210.090362575176,-1005.6909229722417,-2319.200741392813,-807.1396490238427,576.977115455262,1418.5800994392935,-1460.5930485350789,-1942.2699856116928,-1037.6534543490634,412.26496358218816,2961.3026312705465,2428.284568977501,-213.36355997143443,1117.347270775629,1375.7655842411593,-368.1280711925045,649.6361615757909,-166.3517504996863,-1011.2499475847324,800.0130674831357,-756.894664935195,-1195.0248112002157,-1554.13339859861,-647.9849159822389,-1698.8472255340168,-695.4466800840354,-813.698162093993,-1767.1366994758268,2017.5904022269356
1386.7471648794915,1963.2287428173854,3489.6657905797592,70.38276676826965,-7333.640020203183,-3890.3017913006865,-217.52113183851603,5316.905318385165,695.8889849654194,3160.095430124782,-2598.8559026424396,5654.593127258698,-1419.8637200853223,-2624.338500513297,392.86286930475575,-4401.395172328589,182.610986413022,961.8658611566683,2315.362765826622,-1603.4678155068418,711.9830660764933,-1686.930236670425,-603.8687155485692,12.142459049614287,-3615.135257098773,1446.5817730428769,4224.052760721356,-2633.321416375608,2188.5009034535956,5046.679847468245,1756.53487416323,-1255.5281831293435,-3086.7793746967695,3177.92467269676,4226.161770379591,2257.481510732165,-896.726550095988,-6443.383707994726,-5283.801910096354,464.3436658840428,-2430.9983844258622,-2993.5775599624594,800.4949165968306,-1413.6345108808184,361.96305684408355,2201.0041403450823,-1740.6333164707846,1646.8524059306474,2600.300865813859,3381.6492645089324,1410.3037928158124,3696.5578500508213,1513.2688500056142,1770.8369946532316,3845.4592910701913,-4390.007699689669
-348.8582962086639,-493.74352086759103,-876.0953302022243,-17.40404854178383,1841.7831121874342,977.2940132263137,54.86091016716787,-1335.7552754689425,-175.00528384753645,-794.0541566761208,652.4987295031094,-1419.8637200853223,356.7714661555198,659.5104637625652,-98.72002479433804,1105.5445372432157,-45.75142002555687,-242.08786569287184,-581.8122992305481,402.1379070122579,-178.870246972763,423.65658477290714,151.04146702595557,-2.9570375092026584,907.8770097095005,-363.23664538815206,-1061.2452794690244,661.7963368102567,-549.9915523173493,-1268.090621106495,-441.5676940805121,315.40349728592145,775.5727031894803,-797.846741095887,-1061.4576609936803,-566.4162838728199,224.72901404411172,1618.1670683725754,1327.2124613638432,-116.70744311417013,610.2434421792951,751.9633066534957,-200.35728614834548,355.11526244879263,-90.84858089383356,-553.6759071308594,437.0105134872766,-413.5882075514684,-653.242927733663,-849.3147815200714,-354.74699262251755,-928.491950387295,-380.2016379810309,-445.2423174027438,-966.3785661560012,1102.5177114495373
-645.2834767199099,-913.1307953236803,-1619.2008479221417,-31.94687715654461,3404.586171718297,1806.7212201629998,101.58456204235108,-2469.424529242661,-323.6233404513713,-1468.1626477977447,1205.9755778542267,-2624.338500513297,659.5104637625652,1219.3740934064788,-182.5444802506804,2043.7620198871314,-84.43217096576893,-447.8714775165987,-1075.6248127868264,742.9411190102431,-330.653645365291,783.0357082839761,278.7145107291103,-5.464449064417689,1678.1142086899233,-671.3765321302814,-1961.9258742831707,1223.700319704529,-1016.8954152734436,-2344.578278813543,-816.5631523446539,583.0089864116089,1433.9307658923196,-1474.6512978182154,-1962.0938890822683,-1046.5117633352568,415.0999393404928,2991.1553522300164,2453.5154436434327,-215.86885800180403,1127.7049504455308,1390.0446019362744,-369.81324359040644,656.540615251142,-167.83910265915674,-1024.1728699909554,807.739681107922,-764.5080835018152,-1207.6361150048547,-1570.0032961196323,-656.0787384798157,-1716.3944861532775,-702.925957693504,-823.3202646250093,-1786.77373534854,2037.9634328814793
96.60540027027456,136.69919944098405,242.39578285599606,4.777280718527228,-509.68975853441424,-270.4769921044011,-15.210159086142973,369.68299310805975,48.44443544631519,219.8000109496713,-180.53563726965422,392.86286930475575,-98.72002479433804,-182.5444802506804,27.330525922495074,-305.96789980015546,12.632131681296372,67.051314599988,161.01815453629436,-111.21752588628817,49.49718029546471,-117.21408686360702,-41.71649324927555,0.8245579743702642,-251.21413268500544,100.50523075096139,293.7035929414995,-183.20147060042802,152.23338170538892,351.0043162407364,122.248175967971,-87.27046959974606,-214.6734677523795,220.76300907921612,293.7272131015276,156.6495335480042,-62.14299128227906,-447.7906483083157,-367.3046805960177,32.325015815720846,-168.8065878216347,-208.08978345997787,55.35227156021202,-98.29259204415548,25.119232925493215,153.33471142767146,-120.92449535934261,114.4504489060554,180.787890726087,235.03910068209652,98.213236176196,256.95165190169826,105.2341545408882,123.24945743617238,267.4902288932245,-305.08844328922805
-1080.6735500237314,-1529.6564680512945,-2716.000567681901,-54.21234078937696,5709.183166432765,3029.0997688929015,169.8014336133819,-4139.9583750654865,-542.1452772714248,-2460.9643964170837,2022.799590613709,-4401.395172328589,1105.5445372432157,2043.7620198871314,-305.96789980015546,3426.8350429584907,-141.86181583744568,-749.779776524051,-1802.989164371034,1247.1859945281606,-554.3420241745991,1313.148773582923,468.9009224474821,-9.32601426009436,2814.1949218914524,-1125.9761141331185,-3289.0324858137233,2050.9122729860755,-1704.37019355699,-3930.0902124936524,-1368.2598124191263,977.4330712805927,2403.799763521045,-2473.4412517940805,-3290.0764339697444,-1756.1800947791896,697.2017466214523,5015.977044903655,4113.758295613901,-361.72684817483434,1891.781649166982,2330.6462551883474,-621.8225369804652,1100.6836687345317,-281.5676260640904,-1715.2170215290967,1354.8200637350913,-1282.0627117109898,-2024.6693496260232,-2632.6226286173687,-1098.8718695455618,-2877.9264947942265,-1178.39517855226,-1379.4430810188157,-2994.790324732787,3417.4885358170463
44.39671807960632,62.942488058945834,112.77634195290584,2.447322883079546,-236.55983488844618,-125.33393955621415,-6.876087559562474,171.27485774457372,22.32975151589168,101.67299128914634,-83.9568751702328,182.610986413022,-45.75142002555687,-84.43217096576893,12.632131681296372,-141.86181583744568,5.985563843295939,30.72927087816678,74.54379346874889,-52.05947739933554,22.948156288357275,-54.4600096046659,-19.85338655382415,0.4220252149548976,-116.67204603738485,46.71673405158064,136.06777802217502,-84.66764586602274,70.40184355870139,162.3988934683831,56.411145153050406,-40.4975982008271,-99.34311382487634,102.67279494549715,136.3182303403371,73.20681660070588,-29.194519317774702,-207.88953646963438,-170.32917377020448,14.89819149413886,-78.64994269798888,-96.51813428642657,26.242526594084556,-45.53787923851641,11.74291524914644,70.45747416312287,-56.222028590896116,53.12655791150332,83.7757469364315,109.0679967413881,45.20513046366511,119.18511271503725,48.716186954589936,56.8662032929696,123.70231021483053,-141.6424304627994
237.65035148535472,336.0189422736311,593.2086860202884,11.22272939029567,-1248.5130096385153,-663.009062038794,-37.66028067864554,906.3132796982168,119.0575572906782,539.1516519005402,-441.8919790554525,961.8658611566683,-242.08786569287184,-447.8714775165987,67.051314599988,-749.779776524051,30.72927087816678,165.1455076790391,394.9446020634803,-271.4600381256554,121.33725655756167,-287.07441058283837,-101.10301017370541,1.889718958082125,-615.2614594825459,246.0770605291002,720.1050349403886,-449.5649843240025,373.5215254487023,860.9409433685987,300.1965396467744,-213.8942005606093,-526.4615417130874,540.3211043583419,719.6164112044814,382.75092014355704,-151.41179888955986,-1096.810058907365,-900.1159537713696,79.36857649999189,-412.95657037059345,-509.9522607041859,134.38593351704768,-240.95039798137645,61.41529159068688,377.19167129268396,-295.98292457762454,280.33376643133215,443.17215049240406,575.8125967569608,241.5125508786636,629.6284643016714,258.0449104341298,302.752014729134,656.2861649184589,-747.3081398262746
569.0852528261993,805.381928621127,1428.609053594457,28.280752145561056,-3003.581356840421,-1593.8469443783124,-89.54212453476288,2178.447335835808,285.4455614490784,1295.0873728468616,-1064.0188927028867,2315.362765826622,-581.8122992305481,-1075.6248127868264,161.01815453629436,-1802.989164371034,74.54379346874889,394.9446020634803,948.8629295592939,-655.6282571597903,291.70016318540263,-690.8496309860056,-246.11726728971774,4.821239897557307,-1480.5121577906402,592.3268211114731,1730.7433623249842,-1079.402928363342,897.0114544175804,2068.2073309609514,720.2359013269796,-514.3308864489404,-1264.9328846855533,1301.039674474343,1730.9979661561028,923.4663118506678,-366.3560610849758,-2638.868559840415,-2164.4602981652,190.3839347179242,-995.0234920987502,-1226.2991905370336,326.5124627088353,-579.1582755317645,148.10032946609473,903.2163314416107,-712.6413399202409,674.4769093998408,1065.3523387577384,1385.0632925629716,578.6437688912163,1514.1990614909346,620.0862352142252,726.2060154201785,1576.1304873821232,-1797.9464348653985
-391.7471420839924,-554.9450767951253,-989.9005948002577,-20.594144414694814,2078.737490014439,1102.1056211535918,61.12234920972256,-1506.1077328424728,-196.7452911908747,-894.7518173509128,737.1069904320625,-1603.4678155068418,402.1379070122579,742.9411190102431,-111.21752588628817,1247.1859945281606,-52.05947739933554,-271.4600381256554,-655.6282571597903,455.7974875465524,-201.70132862105353,478.24585558831575,172.603423529073,-3.605855009336778,1024.8678947015292,-410.2012069820654,-1196.4682761761264,745.3590907287557,-619.5316008463251,-1428.9869414191144,-496.9148475115112,355.75106499817537,874.1358802050137,-901.393538983057,-1197.786031997496,-641.2120078582226,255.24718365488866,1826.5092183472852,1497.2148745450645,-131.36235596193836,689.8244864615596,848.2603582087306,-228.4988041738294,400.46449188038105,-102.77218226099443,-621.7799594395477,493.6866446580282,-466.82646510642326,-736.6393671633577,-958.4507491582739,-398.5400938264571,-1047.5310350450782,-428.5802544783527,-500.8514937724944,-1088.623131906109,1244.4065115362894
174.8689008779381,247.50532648342175,439.330913832975,8.752403370459865,-923.5337722838457,-490.0190104779025,-27.48605368008811,669.7416407094638,87.72608877047226,398.12537783349336,-327.20041375210303,711.9830660764933,-178.870246972763,-330.653645365291,49.49718029546471,-554.3420241745991,22.948156288357275,121.33725655756167,291.70016318540263,-201.70132862105353,89.68289706360186,-212.42930393948978,-75.79686620614264,1.4963545139321803,-455.23800169042744,182.14313163399524,532.0959579167186,-331.8022874069866,275.7443974060277,635.798124790917,221.37403855474096,-158.13898038604378,-388.86435068838637,400.09420215959324,532.2349553500435,284.0644603181935,-112.73689273990779,-811.4052694964255,-665.484100506111,58.51628073593424,-306.0157592900156,-377.03890483416063,100.53100107340555,-178.0596765091267,45.55599425431509,277.54160295726257,-219.14663664031784,207.38703411731154,327.5356112816844,425.87076395526014,177.8196243076417,465.56150450586784,190.63058004387273,223.20175373368636,484.50882811446286,-552.835015350532
-413.8494109252823,-585.8916405706879,-1041.0301141655843,-20.93181517638833,2187.888701688003,1160.7013377550427,64.95066033412945,-1586.3493680466065,-207.67425290438075,-942.8654482835115,775.3112035067519,-1686.930236670425,423.65658477290714,783.0357082839761,-117.21408686360702,1313.148773582923,-54.4600096046659,-287.07441058283837,-690.8496309860056,478.24585558831575,-212.42930393948978,503.29692647476594,180.0362734204966,-3.5782570131018474,1078.5437750452113,-431.5511697301268,-1260.2953431376327,785.709367322197,-652.9950687330618,-1505.763642593522,-524.1276382858644,374.5850926868073,921.0069164361164,-948.0119464027473,-1260.8538612948926,-673.3683195436163,267.4085292081757,1922.2830715399682,1576.393435062748,-138.53239396797153,725.2095470924038,893.1373903866861,-238.68261813024571,421.7375017530389,-107.96751372328282,-656.8268810609948,519.2590334214254,-491.32990478419293,-775.82773568393,-1008.8643842728786,-420.8829618171158,-1102.8476266889404,-451.50876633811447,-528.4331730620852,-1147.389444425648,1309.7045825914602
-146.23541810703446,-207.4990538229179,-373.08658033592155,-8.301457895021198,782.0820087094239,414.14488879642045,22.53755038118709,-565.8217777294348,-73.59935631857523,-335.77773509099995,277.74284868015013,-603.8687155485692,151.04146702595557,278.7145107291103,-41.71649324927555,468.9009224474821,-19.85338655382415,-101.10301017370541,-246.11726728971774,172.603423529073,-75.79686620614264,180.0362734204966,66.20802414579806,-1.4670929269491906,385.7515108292562,-154.46992123365655,-449.43456224794903,279.4939544556661,-232.3952634927291,-536.3326170640854,-186.0971978027381,133.7282739229341,328.20296991077606,-339.63084616570103,-450.55512939076425,-242.39496494649947,96.9436188576254,687.2866306493477,562.8637486867916,-49.1740095430782,260.2127366147893,318.9185686364362,-87.37825329445197,150.4360754449379,-38.8095160947634,-232.08932680777133,185.9939202614649,-175.6734561833401,-276.80578129000617,-360.5075012466133,-148.90891062767528,-393.8841754974709,-160.94672301291524,-187.50512809884086,-408.3894576021185,468.23505458749315
2.772827298459462,3.9328878057286185,7.547331641820534,0.24480783500627668,-15.66285549904879,-8.194987801026398,-0.3848409358409456,11.186116784209574,1.3978917610206167,6.611776765210111,-5.587893878401899,12.142459049614287,-2.9570375092026584,-5.464449064417689,0.8245579743702642,-9.32601426009436,0.4220252149548976,1.889718958082125,4.821239897557307,-3.605855009336778,1.4963545139321803,-3.5782570131018474,-1.4670929269491906,0.08053283247237623,-7.705048218588368,3.113739190092335,8.875896925740307,-5.48565320633551,4.553584286568636,10.555505931904202,3.621160443806905,-2.662223972553054,-6.442598564460879,6.893567712825711,8.981325321887303,4.9993368068608595,-2.079109271428734,-13.777701976427323,-11.220751093210056,0.9813297163647584,-5.267375404031797,-6.335638736636612,1.9083736017504964,-3.013334037344439,0.8016373008625908,4.426568140903153,-3.7653662106024965,3.5009469627288325,5.4683354252019285,7.224533689130063,2.8211604134440478,7.852616300412786,3.168484433338693,3.60579176127231,8.002862071858232,-9.370657316810657
-886.9527719361719,-1255.6175860473977,-2230.955634544966,-44.82648240732542,4688.825917364402,2487.4723772425937,139.2130287989911,-3399.6609518913174,-445.0514486770437,-2020.684349240451,1661.5044430411183,-3615.135257098773,907.8770097095005,1678.1142086899233,-251.21413268500544,2814.1949218914524,-116.67204603738485,-615.2614594825459,-1480.5121577906402,1024.8678947015292,-455.23800169042744,1078.5437750452113,385.7515108292562,-7.705048218588368,2311.3453011038855,-924.8313313648622,-2700.8886014742725,1683.890768087994,-1399.428691494727,-3227.0238306245237,-1123.2882915037137,802.7359160643696,1973.808148070112,-2031.6573813352015,-2702.062022849891,-1442.9765319892051,573.0587483066943,4119.58878181491,3378.3452520900314,-296.9350891469371,1554.0841380148788,1914.0310327048808,-511.422746101455,903.8536490886304,-231.35633434614758,-1407.7302410604327,1112.8119077368258,-1052.9429003854898,-1662.6463372055514,-2162.0864645803745,-901.9844518341403,-2363.4827479668397,-967.6264498353073,-1132.466041145864,-2458.9689289357916,2806.7674839210013
354.7712956295672,502.23575170275706,892.7394609905002,18.007382018452155,-1876.1235654821494,-995.2269620685192,-55.647180099233026,1360.192998249816,178.0251714040538,808.431928344228,-664.8411799651469,1446.5817730428769,-363.23664538815206,-671.3765321302814,100.50523075096139,-1125.9761141331185,46.71673405158064,246.0770605291002,592.3268211114731,-410.2012069820654,182.14313163399524,-431.5511697301268,-154.46992123365655,3.113739190092335,-924.8313313648622,370.0741284429763,1080.6192772933196,-673.6763055043691,559.8772221710036,1291.0655496572926,449.37259307998727,-321.2045317530484,-789.6595211390068,812.9978950283805,1081.154426075607,577.5233717745538,-229.40276531720872,-1648.3785876794418,-1351.7343158163485,118.79704459816413,-621.9055980071021,-765.8319397182881,204.77194909254777,-361.6528401542647,92.60646145016031,563.0883536721428,-445.29628163821053,421.29717049703225,665.2146729804336,865.116481611098,360.7959055335244,945.6732992988633,387.1265299856323,453.0281699969232,983.7673568841568,-1123.0726876511883
1037.7375747583023,1468.7142284661147,2606.414016869199,51.79616096767947,-5479.389811887122,-2907.415298946117,-163.1761535986553,3973.7585671316774,520.5512304064214,2362.295895747342,-1941.199210839858,4224.052760721356,-1061.2452794690244,-1961.9258742831707,293.7035929414995,-3289.0324858137233,136.06777802217502,720.1050349403886,1730.7433623249842,-1196.4682761761264,532.0959579167186,-1260.2953431376327,-449.43456224794903,8.875896925740307,-2700.8886014742725,1080.6192772933196,3157.0579865540017,-1968.8028239164862,1636.1303847123106,3772.5075347776897,1313.6014282842332,-938.2229708092082,-2307.3213234152963,2373.67184474789,3157.7573402421667,1685.0600235923848,-668.6964473438886,-4814.076898615713,-3948.4266506309855,347.256465705042,-1815.406027853195,-2237.0017998515377,596.1465011386816,-1056.492262130897,270.2216378961407,1647.0570268870904,-1300.1635582670551,1230.4342344670738,1943.3492827351195,2526.7264466695747,1055.1891345437944,2762.2325322476513,1131.0925832709727,1324.4208838010454,2874.8445121132954,-3279.961469252065
-647.6793351005609,-916.4643814304984,-1624.7108980082317,-31.969516973706586,3416.4095083173675,1813.0584522639301,102.00387439220613,-2478.0888678520046,-324.7906312505892,-1473.3898092360628,1210.090362575176,-2633.321416375608,661.7963368102567,1223.700319704529,-183.20147060042802,2050.9122729860755,-84.66764586602274,-449.5649843240025,-1079.402928363342,745.3590907287557,-331.8022874069866,785.709367322197,279.4939544556661,-5.48565320633551,1683.890768087994,-673.6763055043691,-1968.8028239164862,1228.0848061231168,-1020.5080986709115,-2352.9037411928553,-819.5180305046888,585.018040489826,1439.0141149623555,-1479.6983736096395,-1968.8862285067923,-1049.9357117794143,416.4214907811801,3001.51251569836,2462.0809378905924,-216.67219538075926,1131.4799007458953,1394.8737981043614,-370.88391835985226,658.8595791552225,-168.38015358320513,-1027.9925228646016,810.5124533755363,-767.1551057791587,-1211.8659282885124,-1575.4621740181788,-658.4734465929023,-1722.3717685310805,-705.4110075981449,-826.2796149968226,-1793.1268438636946,2045.0089754963496
538.1533398634062,761.5255151618023,1350.284358383276,26.624934551892668,-2839.1942301128397,-1506.6980355813912,-84.72771327948766,2059.3543950948647,269.8908923191742,1224.3723313628616,-1005.6909229722417,2188.5009034535956,-549.9915523173493,-1016.8954152734436,152.23338170538892,-1704.37019355699,70.40184355870139,373.5215254487023,897.0114544175804,-619.5316008463251,275.7443974060277,-652.9950687330618,-232.3952634927291,4.553584286568636,-1399.428691494727,559.8772221710036,1636.1303847123106,-1020.5080986709115,848.0393766559696,1955.2556773741776,680.980909855928,-486.1894383642391,-1195.823234391022,1229.7435495738644,1636.2538510154689,872.6835224062523,-346.1403209543162,-2494.4162942219436,-2046.0751690836998,180.02693911525813,-940.4080421456966,-1159.2071048166533,308.3610823281867,-547.5153010198791,139.95964203283816,854.1396780061006,-673.5932222906165,637.5481334445377,1007.0966003280234,1309.2769987418844,547.151486567211,1431.3614775948377,586.2019965390863,686.616735030101,1490.0795011890991,-1699.520082149104
1240.5304060650647,1755.5706235345972,3113.869164939409,61.56409631534599,-6547.014232829452,-3474.185102924889,-195.223638581321,4748.424562863226,622.1811157475095,2823.0476367115457,-2319.200741392813,5046.679847468245,-1268.090621106495,-2344.578278813543,351.0043162407364,-3930.0902124936524,162.3988934683831,860.9409433685987,2068.2073309609514,-1428.9869414191144,635.798124790917,-1505.763642593522,-536.3326170640854,10.555505931904202,-3227.0238306245237,1291.0655496572926,3772.5075347776897,-2352.9037411928553,1955.2556773741776,4508.259576306156,1569.9917838683718,-1121.013061315479,-2757.30677024661,2835.868041758107,3773.0183740078487,2012.6608388883515,-798.5085699731555,-5751.9758359780035,-4717.937500516604,415.06683295450364,-2168.6859037018967,-2672.9338403826637,711.5439585541304,-1262.4515376541085,322.7379791463922,1968.9400133557285,-1553.3594026421176,1470.1713736491447,2322.178619203233,3019.060015594426,1261.285378231811,3300.5241623682205,1351.6565320157822,1582.9183998074993,3435.5901241054944,-3918.9661824611057
432.39422626549685,611.7470403754802,1083.6660789425937,21.171886044331636,-2279.0911488700103,-1209.6396081183314,-68.1766329421862,1653.3764374843695,216.79232627375094,983.1398561869494,-807.1396490238427,1756.53487416323,-441.5676940805121,-816.5631523446539,122.248175967971,-1368.2598124191263,56.411145153050406,300.1965396467744,720.2359013269796,-496.9148475115112,221.37403855474096,-524.1276382858644,-186.0971978027381,3.621160443806905,-1123.2882915037137,449.37259307998727,1313.6014282842332,-819.5180305046888,680.980909855928,1569.9917838683718,546.9426884637107,-390.30435765666857,-960.1611846550703,986.9652186442702,1313.4802495231238,700.0972343883698,-277.5345548497151,-2002.2872581038628,-1642.581405709597,144.60589605064615,-754.631145966257,-930.5921357157174,247.02488241010911,-439.58645652621755,112.28909392969275,686.2919577080758,-540.6207037711714,511.7619301125218,808.5385826029816,1051.0172925503534,439.5678245316473,1149.0638980788565,470.66602732064354,551.4827736585491,1196.536232211421,-1364.218849958296
-308.2754053497955,-436.3113050893762,-774.7443421651369,-15.490785129227989,1628.4928123914083,864.0038718729988,48.426091901319005,-1180.9111136865554,-154.65896484683552,-701.9552300429393,576.977115455262,-1255.5281831293435,315.40349728592145,583.0089864116089,-87.27046959974606,977.4330712805927,-40.4975982008271,-213.8942005606093,-514.3308864489404,355.75106499817537,-158.13898038604378,374.5850926868073,133.7282739229341,-2.662223972553054,802.7359160643696,-321.2045317530484,-938.2229708092082,585.018040489826,-486.1894383642391,-1121.013061315479,-390.30435765666857,278.8816758996027,685.593857462242,-705.5635353152387,-938.5089371689671,-501.03180406439645,198.86342513847754,1430.8008833467165,1173.461566731136,-103.1731927520804,539.6752306875709,664.841147247306,-177.35780651526665,313.9855204234682,-80.37271244156808,-489.2859097854235,386.4479470226166,-365.6736213874432,-577.5119013185373,-750.9680727197743,-313.49258650065553,-820.934851777929,-336.1046911932107,-393.52324860311546,-854.2672471451741,974.849131751495
-758.6252991901814,-1073.681717670782,-1904.6177674075,-37.69114153964724,4004.4048257642853,2124.927065492474,119.36814593954273,-2904.2420500401613,-380.50881518392714,-1726.6042508566393,1418.5800994392935,-3086.7793746967695,775.5727031894803,1433.9307658923196,-214.6734677523795,2403.799763521045,-99.34311382487634,-526.4615417130874,-1264.9328846855533,874.1358802050137,-388.86435068838637,921.0069164361164,328.20296991077606,-6.442598564460879,1973.808148070112,-789.6595211390068,-2307.3213234152963,1439.0141149623555,-1195.823234391022,-2757.30677024661,-960.1611846550703,685.593857462242,1686.4753365519914,-1734.5371560562319,-2307.7052455195417,-1231.082166389782,488.48571614414664,3518.1145448255247,2885.592272226708,-253.83016112536757,1326.504256851834,1634.8314596968153,-435.37790781531487,772.1039065824727,-197.3733999810867,-1204.0527967724245,950.1173288863231,-899.2464531328328,-1420.3224066707169,-1846.5299539205853,-771.3287299111134,-2018.6868040571837,-826.718151631378,-968.0636263938854,-2101.2104468947555,2396.977956783649
779.0664747932715,1102.9543726446789,1961.2950802411656,39.68781087601823,-4121.4340643432915,-2186.156864965362,-122.13186702773419,2987.8129250720112,390.95986780763724,1775.7456807723402,-1460.5930485350789,3177.92467269676,-797.846741095887,-1474.6512978182154,220.76300907921612,-2473.4412517940805,102.67279494549715,540.3211043583419,1301.039674474343,-901.393538983057,400.09420215959324,-948.0119464027473,-339.63084616570103,6.893567712825711,-2031.6573813352015,812.9978950283805,2373.67184474789,-1479.6983736096395,1229.7435495738644,2835.868041758107,986.9652186442702,-705.5635353152387,-1734.5371560562319,1786.1076965147206,2375.002683258262,1268.9358974986756,-504.18354497330733,-3621.1402813953855,-2969.3492953097116,260.93484934256264,-1366.3111597278075,-1682.2813481316539,450.1634040584536,-794.4317706007885,203.45689621647435,1236.5414658982595,-978.2861360733519,925.4979559190574,1461.2286773062958,1900.4513689363296,792.3060611788038,2077.368445797914,850.3557055426792,994.9437102850782,2160.811764435014,-2467.135252285493
1037.2795674881738,1468.2985078333093,2607.9361532506246,52.23712034054285,-5481.559530026592,-2908.1727355862467,-162.89203828935115,3974.6957187697326,520.4294327000312,2362.5873176485215,-1942.2699856116928,4226.161770379591,-1061.4576609936803,-1962.0938890822683,293.7272131015276,-3290.0764339697444,136.3182303403371,719.6164112044814,1730.9979661561028,-1197.786031997496,532.2349553500435,-1260.8538612948926,-450.55512939076425,8.981325321887303,-2702.062022849891,1081.154426075607,3157.7573402421667,-1968.8862285067923,1636.2538510154689,3773.0183740078487,1313.4802495231238,-938.5089371689671,-2307.7052455195417,2375.002683258262,3158.927713615446,1686.5942785371603,-669.6571244897885,-4816.059780636236,-3949.6682800464214,347.2215945112566,-1816.6220590152134,-2237.7103425688674,597.4308243024499,-1056.7534068608695,270.4411080779548,1646.3328331225905,-1300.8736112351344,1230.9392713950165,1943.8472615024991,2527.6686363827794,1054.8168919046675,2763.1526562856147,1131.307660833233,1324.2323417602418,2875.0825067614755,-3281.2941454608967
552.1765395085127,782.0294152335211,1393.4950066733918,28.745169659832772,-2926.870369469188,-1552.0202611542074,-86.2836743922386,2121.0617904768715,277.2574043246207,1260.2248710032202,-1037.6534543490634,2257.481510732165,-566.4162838728199,-1046.5117633352568,156.6495335480042,-1756.1800947791896,73.20681660070588,382.75092014355704,923.4663118506678,-641.2120078582226,284.0644603181935,-673.3683195436163,-242.39496494649947,4.9993368068608595,-1442.9765319892051,577.5233717745538,1685.0600235923848,-1049.9357117794143,872.6835224062523,2012.6608388883515,700.0972343883698,-501.03180406439645,-1231.082166389782,1268.9358974986756,1686.5942785371603,902.357480703081,-358.91874936573294,-2571.719826344233,-2108.3424144462333,185.05572775850428,-971.0212434132189,-1194.5227150692679,321.03674878369844,-563.9730919555949,144.68496855557234,876.4006966681169,-694.979837139936,657.2668353840394,1037.3735588232998,1349.5706348326291,561.7223216169324,1475.0756774863441,603.5795483965101,705.7274718684731,1533.4141254897686,-1752.1524647237247
-218.6203830854744,-309.78933918710277,-553.7022726133927,-11.714529249767603,1162.270322439675,616.013872678449,34.007751993618946,-841.7816562557781,-109.84027063960048,-499.97206210892193,412.26496358218816,-896.726550095988,224.72901404411172,415.0999393404928,-62.14299128227906,697.2017466214523,-29.194519317774702,-151.41179888955986,-366.3560610849758,255.24718365488866,-112.73689273990779,267.4085292081757,96.9436188576254,-2.079109271428734,573.0587483066943,-229.40276531720872,-668.6964473438886,416.4214907811801,-346.1403209543162,-798.5085699731555,-277.5345548497151,198.86342513847754,488.48571614414664,-504.18354497330733,-669.6571244897885,-358.91874936573294,143.05166345296104,1021.2777628613542,836.9744039030801,-73.37830768970899,385.9151807939017,474.18650652977107,-128.24498790844115,223.8456057310511,-57.51448224004966,-347.0063045157202,276.127031034937,-261.01412525106275,-411.7315343816782,-535.8689996671127,-222.44592029728813,-585.6124637674523,-239.5138212387854,-279.6862805659559,-608.238078135763,695.7846539078473
