V1,V2,V3,V4,V5,V6,V7,V8,V9,V10,V11,V12,V13,V14,V15,V16,V17,V18,V19,V20,V21,V22,V23,V24,V25,V26,V27,V28,V29,V30,V31,V32,V33,V34,V35,V36,V37,V38,V39,V40,V41,V42,V43,V44,V45,V46,V47,V48,V49,V50,V51,V52,V53,V54,V55,V56
22.67916644792577,25.147024851482712,-21.768621512077516,-12.34091040429728,14.150330625657462,-2.591940500837775,-9.30340390884835,7.673183413248259,8.23795217211549,12.082874918773388,14.551591206962048,-25.016893113014653,-3.31242859701242,-12.518344915725248,1.8526772344635014,0.9089312810477426,-6.8847244632475055,20.54267129373112,7.784631645246594,27.89640776066882,1.9676585704324063,5.481491434151821,28.587841586684213,-2.4022094400156684,10.153573867929039,-6.227121857758839,6.807694723137577,-13.7738047338078,10.811019266354178,17.5874911060873,14.220973775175858,0.5624280917745043,-8.630737069201837,-19.28986224649705,-6.61553812601219,-29.648819551882927,22.345619714065688,16.251355155825998,2.1394203570477974,3.7789106991307975,20.53689830192206,1.1293635056830413,-31.98782341991875,-1.8557369066970864,-4.545161507487749,35.474919201384296,9.130686308066831,-3.3990261702643414,2.6264103706020454,-5.273023826119315,20.155147979273824,-2.7084675688774604,3.9381363233285978,16.821783428334516,17.28968261934669,10.500707884819724
25.147024851482712,28.348805698820243,-24.456335504664917,-14.120799543947426,17.275955723749178,-3.9043808268741422,-10.970067076183458,8.336707172403607,9.116545131177494,13.71781051272896,15.921033439180992,-27.96555772726785,-3.3189612825536017,-13.606859931936214,2.1084588164696076,1.592651088452345,-7.055147860719815,22.97979807313792,8.572629470558223,31.50424641099417,0.6993276682598324,5.9024310091482635,32.13856607705148,-3.490569875796347,11.832736354937246,-7.106040177666161,7.890662590509094,-16.44032167755834,11.905074761273188,20.395379513248336,16.708102602978766,0.5834645184885241,-10.571278012213787,-20.71120533421701,-7.4854364863132865,-34.24000131413083,25.00025683426717,17.988667866981075,2.2383102737993865,4.457976038129501,22.307464147838658,1.4122077671980606,-36.111725047730175,-1.5774690699907363,-4.896253361174224,39.690698967838195,10.527220217492074,-4.239296799078826,2.9223692496014273,-6.329086835471648,22.439909232816248,-3.191290131959475,4.251930832735962,19.043451070363286,20.316835761361475,11.675380600091227
-21.768621512077516,-24.456335504664917,21.113224307551164,12.14491167239457,-14.668945295385672,3.1939631638020103,9.378276643332397,-7.247648819520674,-7.8949830956670874,-11.81714255980656,-13.820733113592707,24.16763832073129,2.936903316920428,11.8282025424261,-1.815403087389475,-1.2732026018077909,6.211720673030155,-19.856186812508444,-7.431616680085888,-27.168556097425068,-0.8728011791960686,-5.141122832609746,-27.74154658577208,2.872476159748852,-10.13947389862242,6.115076401792027,-6.768873808460718,14.020993848690496,-10.320532483869298,-17.494075391276507,-14.293929707720082,-0.5123274014694512,8.970429887464102,18.050980243007608,6.452736452117473,29.39379546484141,-21.60132188749104,-15.577581140906513,-1.9617404957927367,-3.8107220096811707,-19.39429274917743,-1.193609684020613,31.144259973942706,1.4521709245769652,4.264311403658266,-34.29426945729546,-9.040262670461276,3.5849002972408117,-2.5279088917629493,5.391813260567426,-19.408704006067882,2.728604797273215,-3.701393245054433,-16.414487575537724,-17.380682156238453,-10.10104995145971
-12.34091040429728,-14.120799543947426,12.14491167239457,7.125689221567551,-9.189133743712903,2.378030106313598,5.676880899214718,-4.014364250712525,-4.465959870421903,-6.875527335062692,-7.717289120346942,13.825627965606788,1.470124053492773,6.5548723787091,-1.0590334994023285,-1.0437677416589919,3.202848489155811,-11.367769381629628,-4.180504578688292,-15.717266305931807,0.32142242552219535,-2.8179278328375728,-15.969210030394553,2.0837202561807704,-6.064372697154126,3.577525906309378,-4.025737976092223,8.591594555745717,-5.805495758861973,-10.409860863246994,-8.62077585698983,-0.26832545873338387,5.636797322978429,9.860207757232004,3.7407371457316474,17.415194312911456,-12.368900556453974,-8.813994497060236,-1.0384309842669999,-2.307860355590352,-10.739280721320126,-0.7647682158625608,18.010149722444226,0.5588543636165657,2.338536011493828,-19.637623035649394,-5.3468749915868665,2.2913343403506334,-1.438725759126844,3.3222048585487443,-11.05341889741529,1.6504696926032827,-2.035201248166198,-9.520944097805055,-10.484147259562171,-5.744065441996057
14.150330625657462,17.275955723749178,-14.668945295385672,-9.189133743712903,14.233378506347435,-5.128857501746584,-8.034450408463806,4.2031726872451305,5.0792271981778985,8.62984266814368,8.349770697580759,-16.380658392984525,-0.8606653272098056,-6.877914201610868,1.3407176073581493,2.560096074072661,-2.3232170212877046,13.504702010819917,4.655545841795642,19.355762747818282,-3.824560825926459,2.821897092123638,19.336022239893694,-4.316965607962557,8.292273783238766,-4.571265763693611,5.413618906777522,-12.573489112044404,6.464693300999894,14.020407229105047,12.075347596545221,0.2140129067345269,-8.79774302217588,-9.726038188194238,-4.638936805300126,-23.15047852784275,14.702516968924183,10.033752066856252,0.8785933616591303,3.2708123716724242,11.23166635663412,1.2498922377375872,-22.14998714761355,0.47871162859870126,-2.3470687486277426,23.345767489869363,7.070131183094444,-3.7239632468601065,1.6734602192934545,-4.933552851490128,12.887385993950263,-2.331057221990258,2.0661433580888264,11.828783876518926,14.692311591645879,6.660984902346847
-2.591940500837775,-3.9043808268741422,3.1939631638020103,2.378030106313598,-5.128857501746584,2.5780011601541863,2.512041519058202,-0.4972008036357844,-0.9020462630645553,-2.0897446212335615,-1.1890396144418915,3.360580550459007,-0.40508951261154164,0.8246320009939982,-0.33181692212523545,-1.3988435802788528,-0.49477792670400444,-2.7943874078459436,-0.7586850220601831,-4.455380442103658,3.0579320063813733,-0.23777921871813765,-4.241241414690379,2.1056539622052717,-2.4320714373281507,1.1573646782489584,-1.5356822014913503,4.159939453066848,-1.0531819753673686,-3.9898214136532997,-3.7060880021658607,0.024683432845616634,3.203867846335683,0.7038960433188516,1.0882781524586074,6.410887035896892,-3.047850087205442,-1.7884087400821576,0.05193703617436346,-1.0251612622792385,-1.3191342034168771,-0.48337863493914285,5.079858441926946,-0.8513136431792693,0.2018780217443688,-4.841676004155804,-1.935738857208265,1.4301805582584697,-0.3227675257981179,1.6705401953920584,-2.506097847692782,0.726163829906884,-0.19602612373233355,-2.7886932775247777,-4.513107887911051,-1.2710825305622973
-9.30340390884835,-10.970067076183458,9.378276643332397,5.676880899214718,-8.034450408463806,2.512041519058202,4.736366858394028,-2.9066010561493396,-3.354296913777214,-5.406703505703473,-5.668397662690248,10.580757693724731,0.8612179007825165,4.750443036679146,-0.8362053091322955,-1.1951128252923324,2.010496589332367,-8.710612123825578,-3.110273736311983,-12.248215517087631,1.2772086700482428,-2.0018043864578514,-12.345743170403976,2.14813376781015,-4.972632800108429,2.8374997522990033,-3.2737372156350952,7.292090034413443,-4.319076762075005,-8.471800026773856,-7.154893366109477,-0.1742403613999827,4.948457177417342,6.960183300817947,2.924747176480713,14.081572738366244,-9.48023824798973,-6.6228641478835435,-0.6893648919707038,-1.9268263291030363,-7.7719355219012085,-0.6882076792857263,14.026204014824128,0.08606970974582569,1.6627922720955126,-15.052358328169237,-4.312129508119989,2.055753643428674,-1.0917137833440136,2.8411682974481045,-8.396707933239044,1.3755560111105658,-1.4541752651753348,-7.450603082936449,-8.703495313089517,-4.3526260572146
7.673183413248259,8.336707172403607,-7.247648819520674,-4.014364250712525,4.2031726872451305,-0.4972008036357844,-2.9066010561493396,2.659338673953766,2.793754100086445,3.9701266553986394,5.0022483741715575,-8.380649102332413,-1.2511183385575673,-4.336271726240292,0.6068191448009906,0.09202970845717118,-2.542646124864372,6.876038586541752,2.655657746095528,9.227492849123342,1.2120723057783578,1.9192669216296356,9.510236658324194,-0.5080507980827483,3.2237111568142134,-2.032713202017235,2.177221645813706,-4.229856459640476,3.688112752808418,5.621027779833399,4.465176630467335,0.20509984358331063,-2.5510520792896094,-6.776197197339483,-2.1829910949589224,-9.528299885495201,7.4781032296084575,5.509904254015756,0.773154678927628,1.1797768109250573,7.119473322564908,0.3231140887527457,-10.585661829132665,-0.8048429832265648,-1.59059922469816,11.871411175548717,2.940788755041478,-0.9766387834581802,0.8848244253609236,-1.6063475120988364,6.785526936564939,-0.8470153923066306,1.3746875259364526,5.547287065253678,5.427514235466244,3.5409404695657343
8.23795217211549,9.116545131177494,-7.8949830956670874,-4.465959870421903,5.0792271981778985,-0.9020462630645553,-3.354296913777214,2.793754100086445,2.993028549121803,4.376707261088056,5.29388626758672,-9.078441190489576,-1.2167565097637116,-4.557625827261042,0.6708971739901107,0.30776424553266407,-2.5229548588997455,7.454159215611263,2.8299324275096813,10.111142859429705,0.7714835071369965,1.997812411999591,10.367360279452013,-0.8409046235041736,3.6661785521854178,-2.254217665198847,2.459711479227363,-4.958470579587418,3.9301339132052915,6.3542203644132025,5.129633458803684,0.20583198880222175,-3.096679731450956,-7.032774937373368,-2.397275721923517,-10.717335983327395,8.108257988273106,5.904308614872318,0.7822544336021486,1.3624007005854972,7.477563070987904,0.40411243408157066,-11.59458999361459,-0.6924585438572213,-1.6564860330051907,12.872255625752315,3.301181782474299,-1.216651404805587,0.9536319882935707,-1.8968979788345313,7.3176163542306405,-0.9766255595313289,1.4348785427262265,6.0953409628167154,6.23641035399387,3.8130425814413105
12.082874918773388,13.71781051272896,-11.81714255980656,-6.875527335062692,8.62984266814368,-2.0897446212335615,-5.406703505703473,3.9701266553986394,4.376707261088056,6.657654554516633,7.6054828952861415,-13.484122238249297,-1.5213214471609846,-6.481181226601456,1.0243405278310538,0.8865488567003795,-3.2698750671826025,11.083378719342239,4.106784253065329,15.256145788559532,0.0285219288763799,2.799647125455996,15.533468731876349,-1.8486980019939916,5.804615415077271,-3.456121540093191,3.862345714176286,-8.141603323433886,5.703176960708591,9.985204527062466,8.222970811528597,0.2720152697480901,-5.287094586539466,-9.810943861136511,-3.627789021926651,-16.735056315832065,12.058630158866858,8.636905681946242,1.0477172922083897,2.197582656823784,10.622206745220568,0.711739240393476,-17.484684446319633,-0.6583491118964527,-2.3228519767505564,19.144703758619425,5.141787720055372,-2.1345132004009915,1.4062851115629023,-3.141086534329625,10.801112920850256,-1.5724058770556768,2.0192104688813415,9.2313063798135,9.999668972760624,5.616544535837405
14.551591206962048,15.921033439180992,-13.820733113592707,-7.717289120346942,8.349770697580759,-1.1890396144418915,-5.668397662690248,5.0022483741715575,5.29388626758672,7.6054828952861415,9.435219923145418,-15.94734806752522,-2.288125499468651,-8.158024571625097,1.1637543081814044,0.3142021454275128,-4.6836798068563725,13.088020414758926,5.022093642808158,17.63589627810198,1.9444820579114026,3.597816499640604,18.140462774611898,-1.1609750255806697,6.250673116707,-3.9029405151664576,4.210642297548849,-8.3005084164396,6.974542985423292,10.873379955976542,8.69231201167724,0.3793563854469036,-5.077067184672158,-12.688656676426422,-4.1757052054665484,-18.39567926402852,14.23493498177684,10.44165916954444,1.4342660788360801,2.301370925772672,13.390624652305638,0.6509964356350109,-20.22847761272195,-1.4116099360624157,-2.9822206041814563,22.598135729033647,5.673196445056777,-1.9644940604706667,1.6804541821596466,-3.161495019359823,12.890055930871947,-1.6512534986628464,2.579587357207778,10.613415440633164,10.566516409630369,6.722783824390332
-25.016893113014653,-27.96555772726785,24.16763832073129,13.825627965606788,-16.380658392984525,3.360580550459007,10.580757693724731,-8.380649102332413,-9.078441190489576,-13.484122238249297,-15.94734806752522,27.705805615077807,3.481653421633798,13.675520192838224,-2.070053204878627,-1.2872042779451183,7.312727328260229,-22.758302001487912,-8.558246171291875,-31.050394427108508,-1.4490169368850159,-5.961096494525113,-31.74866085977203,3.0522237787419706,-11.479640936542902,6.966934074535611,-7.675913009470658,15.761847924796031,-11.885316992822293,-19.835458210267216,-16.144142639425933,-0.6008480747517079,10.007710771476932,20.948427705399634,7.3704631344794524,33.36917800395973,-24.757544595490923,-17.911361185733405,-2.2948136218775366,-4.2988374763990365,-22.427875717553103,-1.3236581616548855,35.59802105058504,1.8133167907660213,4.943903904614697,-39.3046464377754,-10.267921744178143,3.9783342080939383,-2.9021182919849906,6.051238765650231,-22.27721342229744,3.079225661680731,-4.288243590004674,-18.74608782694327,-19.62943614319427,-11.598711832763504
-3.31242859701242,-3.3189612825536017,2.936903316920428,1.470124053492773,-0.8606653272098056,-0.40508951261154164,0.8612179007825165,-1.2511183385575673,-1.2167565097637116,-1.5213214471609846,-2.288125499468651,3.481653421633798,0.7529541857676879,2.036525506560815,-0.229372397622359,0.31200614224813267,1.4457154515420716,-2.846963642165952,-1.1819582735329879,-3.639222611903836,-1.4148460056171752,-0.9341014171054368,-3.840881868495706,-0.27805443006733843,-1.0462350751444236,0.7564228393036925,-0.7340778273464902,1.1236711687401761,-1.6416509509951738,-1.8887901071168125,-1.3624149107043484,-0.11269590088714336,0.4989873327460608,3.332812274171725,0.8521434823347128,3.292339913777014,-3.0940487761758106,-2.3972666119422597,-0.41430570492551294,-0.34819643236311276,-3.3525749495349038,-0.043284788577239,4.182915882831494,0.6362563920320428,0.7729517928812473,-4.9109214905204155,-1.027140434662262,0.13868409087754593,-0.37585813883199015,0.40338059842687607,-2.8741684673353043,0.25251844449081845,-0.6624466022113794,-2.1594237826901117,-1.6538863666029817,-1.5093238302276093
-12.518344915725248,-13.606859931936214,11.8282025424261,6.5548723787091,-6.877914201610868,0.8246320009939982,4.750443036679146,-4.336271726240292,-4.557625827261042,-6.481181226601456,-8.158024571625097,13.675520192838224,2.036525506560815,7.070792830166416,-0.9907397318975715,-0.15775508535522756,4.1406053015740385,-11.22042425011742,-4.331718933010257,-15.06156271103999,-1.9580372652411564,-3.128887160356171,-15.521082104328555,0.8396024863490994,-5.266764648369509,3.318840848965799,-3.5564426926338752,6.916003751028808,-6.015859516872201,-9.182015633534842,-7.296950888398586,-0.33407521400821155,4.174975695590076,11.04612663711615,3.563378699418036,15.562649172199972,-12.2030179565294,-8.988653946920369,-1.2596469620878148,-1.9282882981873448,-11.608901296556251,-0.5292758401752273,17.27825508495888,1.3067680423366896,2.5931706932110856,-19.372163490729193,-4.80293440571336,1.5994926674832193,-1.4437121134344324,2.6269372123732344,-11.071329466244283,1.384351502070857,-2.2412334864612817,-9.055148881370336,-8.869603963922737,-5.7772804215841145
1.8526772344635014,2.1084588164696076,-1.815403087389475,-1.0590334994023285,1.3407176073581493,-0.33181692212523545,-0.8362053091322955,0.6068191448009906,0.6708971739901107,1.0243405278310538,1.1637543081814044,-2.070053204878627,-0.229372397622359,-0.9907397318975715,0.15769133022139303,0.14237730184802788,-0.49497183554429575,1.701608916909856,0.629003282121127,2.3455435330308902,-0.012017247871647813,0.42734007850211353,2.386581549325629,-0.29255838499458886,0.8963480385332014,-0.5321253391218452,0.595971387941036,-1.2612498482517756,0.8735613877695636,1.540888937190538,1.271217654382347,0.0412587669191181,-0.8217387664488064,-1.4968444313804454,-0.5579077137193317,-2.5810499347389033,1.851438500125853,1.3239444031300605,0.15919640438954988,0.3399533833544259,1.6235599375045753,0.11092998605430643,-2.6880259553209536,-0.09563186402943996,-0.35463369517669174,2.9394103765213746,0.7928088339790816,-0.3324964179676173,0.2157677300633953,-0.4869359489456839,1.6571180484991659,-0.2432033943403169,0.30834749727130706,1.4197424448369826,1.5458914391549798,0.8615622828951454
0.9089312810477426,1.592651088452345,-1.2732026018077909,-1.0437677416589919,2.560096074072661,-1.3988435802788528,-1.1951128252923324,0.09202970845717118,0.30776424553266407,0.8865488567003795,0.3142021454275128,-1.2872042779451183,0.31200614224813267,-0.15775508535522756,0.14237730184802788,0.771371408967505,0.4514228621860666,1.076808435632835,0.23767559064725466,1.8371973847508258,-1.784219499813054,-9.093898553516953e-4,1.6985477729162877,-1.135513858040698,1.1286463767982937,-0.5025292789394253,0.7028443765371468,-2.0195285867939403,0.32977723027404576,1.8284795554575366,1.7508641613242255,-0.027943088432510546,-1.604385790304445,0.07859766100990258,-0.45367398131683284,-2.903582304457223,1.1759286810828216,0.6122197233668296,-0.0825195537903422,0.48812579309924237,0.23968812118958943,0.2463179819884777,-2.0902099315899276,0.5291302651808121,-0.0018856916586708998,1.8685900505738957,0.8723251753462122,-0.7274188721767648,0.11806659644995177,-0.8174085150472181,0.922795073253117,-0.34497302389326717,0.013643701901649596,1.165777986989515,2.1328370988743,0.46111705513481416
-6.8847244632475055,-7.055147860719815,6.211720673030155,3.202848489155811,-2.3232170212877046,-0.49477792670400444,2.010496589332367,-2.542646124864372,-2.5229548588997455,-3.2698750671826025,-4.6836798068563725,7.312727328260229,1.4457154515420716,4.1406053015740385,-0.49497183554429575,0.4514228621860666,2.8098486596706653,-5.985293132938218,-2.436763944227427,-7.756785304676017,-2.4411929644623624,-1.882333232135531,-8.131345694168823,-0.29924755899667377,-2.3680741470788256,1.6400416904665764,-1.641063468929819,2.7289607607769004,-3.3843440807214806,-4.227043511533613,-3.1483292074952884,-0.2207042251349575,1.3745330102525999,6.698730451900831,1.8216901903188731,7.302899724293631,-6.5059854824811625,-4.972138903467041,-0.8159699516309638,-0.8139348142733351,-6.811781168463744,-0.1438357297508197,8.910702127817723,1.1606317741828829,1.5581497629933063,-10.32690597603276,-2.2706718103231336,0.4467391524985925,-0.784604825226135,1.000922396240897,-6.004701172538971,0.5882051600659258,-1.3381964788533496,-4.620087321469428,-3.823604094343125,-3.1478335691903827
20.54267129373112,22.97979807313792,-19.856186812508444,-11.367769381629628,13.504702010819917,-2.7943874078459436,-8.710612123825578,6.876038586541752,7.454159215611263,11.083378719342239,13.088020414758926,-22.758302001487912,-2.846963642165952,-11.22042425011742,1.701608916909856,1.076808435632835,-5.985293132938218,18.694927074912044,7.025692703314763,25.51648150755305,1.1397328585901292,4.88901508597563,26.08542526949565,-2.5343871946013934,9.445999395186291,-5.727772532772725,6.314712614309006,-12.982394160091628,9.75686813634638,16.318223745485607,13.288581630819527,0.4920390123190444,-8.251727248527219,-17.17889528307708,-6.057348582625261,-27.44739485922493,20.337228518669622,14.706925736133812,1.8798101969720842,3.538995884478711,18.40103245168555,1.0922807990251182,-29.25317813086803,-1.4727772727579571,-4.054746605242991,32.2871003437878,8.445223358518653,-3.2827086747858236,2.3833737382934013,-4.985333336821757,18.296140525687882,-2.53482827019433,3.5174041234514695,15.40666217110505,16.157555173677444,9.525355217631594
7.784631645246594,8.572629470558223,-7.431616680085888,-4.180504578688292,4.655545841795642,-0.7586850220601831,-3.110273736311983,2.655657746095528,2.8299324275096813,4.106784253065329,5.022093642808158,-8.558246171291875,-1.1819582735329879,-4.331718933010257,0.629003282121127,0.23767559064725466,-2.436763944227427,7.025692703314763,2.6796459595515696,9.50272812640549,0.8638658406732039,1.9038279298554592,9.756918279309662,-0.7194914612776517,3.4122459196761823,-2.111911305308622,2.2932810355423867,-4.5794374734109695,3.721357579769367,5.923295435801605,4.761902419158329,0.19816749260232652,-2.8352064977079734,-6.707385890698522,-2.2517171967172933,-10.00350032265417,7.64176458675682,5.582258380579063,0.7513402778014046,1.2630107272314808,7.108336846599076,0.36727784924035695,-10.898106915760359,-0.6980370602365499,-1.5782940451432435,12.131569424445653,3.0829381245400356,-1.1069014748462127,0.9001845851673319,-1.74868490819918,6.906674237546694,-0.9057338317942367,1.3663412164266866,5.7243873763750805,5.789074188038594,3.6002738967298193
27.89640776066882,31.50424641099417,-27.168556097425068,-15.717266305931807,19.355762747818282,-4.455380442103658,-12.248215517087631,9.227492849123342,10.111142859429705,15.256145788559532,17.63589627810198,-31.050394427108508,-3.639222611903836,-15.06156271103999,2.3455435330308902,1.8371973847508258,-7.756785304676017,25.51648150755305,9.50272812640549,35.01758846579192,0.5972108696351486,6.526622987268507,35.70529133793543,-3.9717611433449473,13.195582434854506,-7.907173011339701,8.794551930560443,-18.37841910584417,13.196762476530822,22.732912360911484,18.648022212220013,0.6424111653621088,-11.84767792360315,-22.89399397358198,-8.321904881570301,-38.147908899532716,27.7604797480187,19.95164606837789,2.4669344784914515,4.977685230586364,24.690452239352076,1.585911693566919,-40.13734267367492,-1.6920872164293057,-5.414353618989229,44.073011285273665,11.726677855958842,-4.75946444723681,3.243137371625529,-7.079129357197366,24.904300138079922,-3.562890351935083,4.702993658962823,21.172606512052134,22.676100165264312,12.955757794300299
1.9676585704324063,0.6993276682598324,-0.8728011791960686,0.32142242552219535,-3.824560825926459,3.0579320063813733,1.2772086700482428,1.2120723057783578,0.7714835071369965,0.0285219288763799,1.9444820579114026,-1.4490169368850159,-1.4148460056171752,-1.9580372652411564,-0.012017247871647813,-1.784219499813054,-2.4411929644623624,1.1397328585901292,0.8638658406732039,0.5972108696351486,4.89372398428794,1.0347838452944407,1.0789717093475677,2.426024375768426,-0.9486021374332883,0.10094311885172423,-0.4993995395154876,2.5251464480736794,1.2003625959950293,-1.3224500701966886,-1.7598621399807524,0.17678626404874195,2.4415070986636356,-3.8326582731930414,-0.09601986419710175,1.7760131943596902,1.2279559799273678,1.5091242941626075,0.6121191219078532,-0.5256931029798069,3.2607451531084948,-0.4117572247559418,-0.7264778361685348,-1.690928755345743,-0.8512458663787767,1.9450683270490168,-0.4914610431749403,1.2038223623868831,0.19535365332617546,1.0789093303381605,1.4571576037791905,0.36440482850666067,0.7071840306012805,0.21328899516977445,-2.150112370090546,0.8089228222866723
5.481491434151821,5.9024310091482635,-5.141122832609746,-2.8179278328375728,2.821897092123638,-0.23777921871813765,-2.0018043864578514,1.9192669216296356,1.997812411999591,2.799647125455996,3.597816499640604,-5.961096494525113,-0.9341014171054368,-3.128887160356171,0.42734007850211353,-9.093898553516953e-4,-1.882333232135531,4.88901508597563,1.9038279298554592,6.526622987268507,1.0347838452944407,1.3910737335981047,6.743673160642597,-0.2686760648293938,2.237465840358571,-1.42915035554755,1.5163323268888793,-2.8886154460809865,2.644060355302965,3.9135922225204185,3.082714794835305,0.15108991142147968,-1.7082885108442867,-4.917943889211511,-1.542367123857034,-6.651178445645067,5.3167225739777315,3.939642255021598,0.5675976275638012,0.8123000721625788,5.138814516575891,0.21261817691815021,-7.4887817888578905,-0.6296690384092157,-1.152665007250954,8.440071862638261,2.0548666750892415,-0.6440878882706734,0.6309536493852639,-1.0925591275527722,4.836917799170988,-0.5836672682616444,0.9951153042655947,3.9182231899239945,3.7466769449755404,2.5259050926198827
28.587841586684213,32.13856607705148,-27.74154658577208,-15.969210030394553,19.336022239893694,-4.241241414690379,-12.345743170403976,9.510236658324194,10.367360279452013,15.533468731876349,18.140462774611898,-31.74866085977203,-3.840881868495706,-15.521082104328555,2.386581549325629,1.6985477729162877,-8.131345694168823,26.08542526949565,9.756918279309662,35.70529133793543,1.0789717093475677,6.743673160642597,36.451752172230215,-3.809768771901891,13.341778307359117,-8.039780913456795,8.904778061821778,-18.46614519518312,13.549797262740354,23.014773685009487,18.81424969381054,0.6709913424389085,-11.825913407246482,-23.67489224462524,-8.480917211997433,-38.663541347821635,28.37826457773873,20.455974950866242,2.5702290474774254,5.016650012381591,25.448658179299485,1.5748039670982632,-40.92963000768713,-1.8852911822761438,-5.593692483669658,45.05339644261844,11.890445027507175,-4.729248943901061,3.320288929788751,-7.1027020390669335,25.492773486796587,-3.5919225461523947,4.8556930087669095,21.57419357883846,22.8772766417156,13.266767775438996
-2.4022094400156684,-3.490569875796347,2.872476159748852,2.0837202561807704,-4.316965607962557,2.1056539622052717,2.14813376781015,-0.5080507980827483,-0.8409046235041736,-1.8486980019939916,-1.1609750255806697,3.0522237787419706,-0.27805443006733843,0.8396024863490994,-0.29255838499458886,-1.135513858040698,-0.29924755899667377,-2.5343871946013934,-0.7194914612776517,-3.9717611433449473,2.426024375768426,-0.2686760648293938,-3.809768771901891,1.72397455075306,-2.0960135438176533,1.0172896010956674,-1.3291330040808285,3.534038190016835,-0.9987604897002187,-3.451722066336012,-3.17615775751207,0.011810247973341362,2.6937127584983576,0.8388866804391393,0.9673255123565064,5.565971872751442,-2.7633183634444283,-1.6660859386047575,0.011329490107420924,-0.8763211948969627,-1.3503828334193764,-0.4039094650454424,4.531032970327019,-0.6568064636393013,0.22649494080504765,-4.389384667256926,-1.6831964551246543,1.1959887438201635,-0.2962893860580441,1.4155437558841764,-2.2975196241327116,0.6211835056498722,-0.21324361879487228,-2.4769297420223504,-3.867423451462937,-1.169187516819183
10.153573867929039,11.832736354937246,-10.13947389862242,-6.064372697154126,8.292273783238766,-2.4320714373281507,-4.972632800108429,3.2237111568142134,3.6661785521854178,5.804615415077271,6.250673116707,-11.479640936542902,-1.0462350751444236,-5.266764648369509,0.8963480385332014,1.1286463767982937,-2.3680741470788256,9.445999395186291,3.4122459196761823,13.195582434854506,-0.9486021374332883,2.237465840358571,13.341778307359117,-2.0960135438176533,5.25452687228792,-3.0363222250923334,3.4701064108099255,-7.6076834396089525,4.738505354874542,8.977390661440484,7.526455679611664,0.20222759842590557,-5.099848879770237,-7.799805862067787,-3.146952129049813,-14.958364001795625,10.279558662339337,7.23741847311846,0.7925917966763459,2.0224452624412077,8.62159126836972,0.7030528475344231,-15.114764265390576,-0.23818555988221135,-1.8578550486385634,16.321081606222688,4.585127928173045,-2.102307837231683,1.1884281201298759,-2.9559258649639863,9.13651349440855,-1.4447572675915494,1.6215297670304603,8.013944564293181,9.154657970628234,4.740762336843492
-6.227121857758839,-7.106040177666161,6.115076401792027,3.577525906309378,-4.571265763693611,1.1573646782489584,2.8374997522990033,-2.032713202017235,-2.254217665198847,-3.456121540093191,-3.9029405151664576,6.966934074535611,0.7564228393036925,3.318840848965799,-0.5321253391218452,-0.5025292789394253,1.6400416904665764,-5.727772532772725,-2.111911305308622,-7.907173011339701,0.10094311885172423,-1.42915035554755,-8.039780913456795,1.0172896010956674,-3.0363222250923334,1.7968900489823625,-2.017233294350816,4.287017318472602,-2.932808299103477,-5.2158125087897895,-4.311156167290627,-0.13705711567591314,2.8029158419394804,5.003368252369072,1.8813489446966525,8.731197671879125,-6.232022942773039,-4.4487623034661175,-0.5294999913490989,-1.1534425259504824,-5.438139942641409,-0.37927146389059285,9.061218564420736,0.3018340146496585,1.1859041454609667,-9.894291444095632,-2.6813636799670117,1.1367500508805466,-0.7255338481043523,1.6564449184681607,-5.57370230337478,0.8250287879016143,-1.0316811494358724,-4.788043421783456,-5.242898436425381,-2.897074877292137
6.807694723137577,7.890662590509094,-6.768873808460718,-4.025737976092223,5.413618906777522,-1.5356822014913503,-3.2737372156350952,2.177221645813706,2.459711479227363,3.862345714176286,4.210642297548849,-7.675913009470658,-0.7340778273464902,-3.5564426926338752,0.595971387941036,0.7028443765371468,-1.641063468929819,6.314712614309006,2.2932810355423867,8.794551930560443,-0.4993995395154876,1.5163323268888793,8.904778061821778,-1.3291330040808285,3.4701064108099255,-2.017233294350816,2.2950909832884414,-4.9931448839659325,3.1846286838356503,5.936718356024655,4.959693607183035,0.1392917867345424,-3.327032552733658,-5.292002763211237,-2.0961219472832924,-9.903411934678974,6.871601734928324,4.855364364597741,0.5437390160928851,1.3312953793688502,5.823326336483552,0.45662480634692254,-10.07478389245232,-0.20395094377547582,-1.2588408601901122,10.910074033114366,3.037086203563507,-1.3661871922563296,0.7958598241286355,-1.9374339824659743,6.117362499328228,-0.9513255822737585,1.0977612319195986,5.337093778428788,6.032377998107379,3.175592567505429
-13.7738047338078,-16.44032167755834,14.020993848690496,8.591594555745717,-12.573489112044404,4.159939453066848,7.292090034413443,-4.229856459640476,-4.958470579587418,-8.141603323433886,-8.3005084164396,15.761847924796031,1.1236711687401761,6.916003751028808,-1.2612498482517756,-2.0195285867939403,2.7289607607769004,-12.982394160091628,-4.5794374734109695,-18.37841910584417,2.5251464480736794,-2.8886154460809865,-18.46614519518312,3.534038190016835,-7.6076834396089525,4.287017318472602,-4.9931448839659325,11.295561784273712,-6.359210510707757,-12.92504388678189,-10.994902374550135,-0.24077077004275482,7.754649544074041,10.014734318598437,4.394301253068979,21.431802275359153,-14.131070645039312,-9.791897682440316,-0.9633806066722926,-2.9673548742333495,-11.307821501760637,-1.0873899318668694,21.041055684692154,-0.07802198342369265,2.4005036526191232,-22.43732202100825,-6.556478880105997,3.2448346811148423,-1.620700105843885,4.41266945680382,-12.470525382211541,2.1170503763811648,-2.1038544491727165,-11.198016323174206,-13.37574633989455,-6.457855566768072
10.811019266354178,11.905074761273188,-10.320532483869298,-5.805495758861973,6.464693300999894,-1.0531819753673686,-4.319076762075005,3.688112752808418,3.9301339132052915,5.703176960708591,6.974542985423292,-11.885316992822293,-1.6416509509951738,-6.015859516872201,0.8735613877695636,0.32977723027404576,-3.3843440807214806,9.75686813634638,3.721357579769367,13.196762476530822,1.2003625959950293,2.644060355302965,13.549797262740354,-0.9987604897002187,4.738505354874542,-2.932808299103477,3.1846286838356503,-6.359210510707757,5.168123929035631,8.2256066300758,6.612733702550552,0.27521676414626306,-3.9369781125163437,-9.315307113065534,-3.1270335086936094,-13.891833152049513,10.612532005685994,7.752429742490678,1.0435425080603868,1.753962483948919,9.871978455653354,0.5100406059675433,-15.13457591480532,-0.9696150583804911,-2.192032923114324,16.847744225672187,4.281228856512251,-1.537031423232104,1.2501864987925768,-2.4282622591830125,9.59164072039037,-1.2578092341241203,1.8975913867046696,7.949608644256772,8.03909688752463,4.999948744106294
17.5874911060873,20.395379513248336,-17.494075391276507,-10.409860863246994,14.020407229105047,-3.9898214136532997,-8.471800026773856,5.621027779833399,6.3542203644132025,9.985204527062466,10.873379955976542,-19.835458210267216,-1.8887901071168125,-9.182015633534842,1.540888937190538,1.8284795554575366,-4.227043511533613,16.318223745485607,5.923295435801605,22.732912360911484,-1.3224500701966886,3.9135922225204185,23.014773685009487,-3.451722066336012,8.977390661440484,-5.2158125087897895,5.936718356024655,-12.92504388678189,8.2256066300758,15.35676531325028,12.833675211029304,0.35897592106837223,-8.617082729913593,-13.657012786821758,-5.418534931487497,-25.61485011408338,17.757462627773723,12.543004528079367,1.401854611862465,3.445235037820152,15.034276913227183,1.1831937071071565,-26.041892928063096,-0.5164454105913232,-3.2491219052592992,28.193619945065578,7.854950915446058,-3.5397552748611445,2.0563362179877402,-5.015778507659404,15.805985565832263,-2.4618468266568767,2.833548863737508,13.796717446896395,15.60937934890774,8.20477447824321
14.220973775175858,16.708102602978766,-14.293929707720082,-8.62077585698983,12.075347596545221,-3.7060880021658607,-7.154893366109477,4.465176630467335,5.129633458803684,8.222970811528597,8.69231201167724,-16.144142639425933,-1.3624149107043484,-7.296950888398586,1.271217654382347,1.7508641613242255,-3.1483292074952884,13.288581630819527,4.761902419158329,18.648022212220013,-1.7598621399807524,3.082714794835305,18.81424969381054,-3.17615775751207,7.526455679611664,-4.311156167290627,4.959693607183035,-10.994902374550135,6.612733702550552,12.833675211029304,10.814812460847515,0.27154533320008467,-7.43408980737699,-10.727186363279325,-4.4512223795164045,-21.34751692108162,14.4623390558777,10.127572928409924,1.0711795267976023,2.9105852463461734,11.940233887402327,1.0312616700464547,-21.356610176849927,-0.19389741250726866,-2.560423655603339,22.962550057850216,6.539045314607853,-3.0813253422647464,1.6674951833549985,-4.280302824060367,12.823072512340545,-2.078265700093046,2.2377289848737276,11.337998085530083,13.155170871221504,6.649198415778591
0.5624280917745043,0.5834645184885241,-0.5123274014694512,-0.26832545873338387,0.2140129067345269,0.024683432845616634,-0.1742403613999827,0.20509984358331063,0.20583198880222175,0.2720152697480901,0.3793563854469036,-0.6008480747517079,-0.11269590088714336,-0.33407521400821155,0.0412587669191181,-0.027943088432510546,-0.2207042251349575,0.4920390123190444,0.19816749260232652,0.6424111653621088,0.17678626404874195,0.15108991142147968,0.6709913424389085,0.011810247973341362,0.20222759842590557,-0.13705711567591314,0.1392917867345424,-0.24077077004275482,0.27521676414626306,0.35897592106837223,0.27154533320008467,0.017417154664525123,-0.12758279468012876,-0.5368814777404038,-0.15110936899362026,-0.6174405145522613,0.5348932118401933,0.40571206351483735,0.06460915616798298,0.07057814326111678,0.5493828748234404,0.014188958187135123,-0.7377598160860264,-0.0874813709491917,-0.12508958251754476,0.8490563591460848,0.1916559259192313,-0.04367793470719506,0.06424738623237318,-0.08913583225585141,0.4919405222568138,-0.05092093531595522,0.1075666654509005,0.3834028579101086,0.32986135176371134,0.2576399104364949
-8.630737069201837,-10.571278012213787,8.970429887464102,5.636797322978429,-8.79774302217588,3.203867846335683,4.948457177417342,-2.5510520792896094,-3.096679731450956,-5.287094586539466,-5.077067184672158,10.007710771476932,0.4989873327460608,4.174975695590076,-0.8217387664488064,-1.604385790304445,1.3745330102525999,-8.251727248527219,-2.8352064977079734,-11.84767792360315,2.4415070986636356,-1.7082885108442867,-11.825913407246482,2.6937127584983576,-5.099848879770237,2.8029158419394804,-3.327032552733658,7.754649544074041,-3.9369781125163437,-8.617082729913593,-7.43408980737699,-0.12758279468012876,5.439503080323908,5.8824982353794635,2.8404425604377472,14.220351520585108,-8.983909813109399,-6.117613993651272,-0.5260718343287629,-2.014648316180706,-6.816477021204571,-0.774103582759591,13.557160968876328,-0.3272222366801754,1.4210531248519298,-14.265420441447592,-4.341845773878957,2.3058880175457395,-1.0214585136740173,3.0445092092572903,-7.867124288189069,1.4356034301997738,-1.2517918112411393,-7.243443187754668,-9.045368056646359,-4.065107485324129
-19.28986224649705,-20.71120533421701,18.050980243007608,9.860207757232004,-9.726038188194238,0.7038960433188516,6.960183300817947,-6.776197197339483,-7.032774937373368,-9.810943861136511,-12.688656676426422,20.948427705399634,3.332812274171725,11.04612663711615,-1.4968444313804454,0.07859766100990258,6.698730451900831,-17.17889528307708,-6.707385890698522,-22.89399397358198,-3.8326582731930414,-4.917943889211511,-23.67489224462524,0.8388866804391393,-7.799805862067787,5.003368252369072,-5.292002763211237,10.014734318598437,-9.315307113065534,-13.657012786821758,-10.727186363279325,-0.5368814777404038,5.8824982353794635,17.394067281574642,5.408385374453687,23.23011537745537,-18.681253199402118,-13.867975167509277,-2.014677837984956,-2.8239964049996904,-18.143818657767188,-0.7275792263585105,26.270783980892098,2.277786342872168,4.07480301385434,-29.655523309181934,-7.179322558043659,2.205939968572984,-2.219055428095819,3.7826377966729408,-17.009765621733163,2.0297076070766025,-3.516690637697128,-13.738152652995922,-13.037168754134353,-8.884746742159264
-6.61553812601219,-7.4854364863132865,6.452736452117473,3.7407371457316474,-4.638936805300126,1.0882781524586074,2.924747176480713,-2.1829910949589224,-2.397275721923517,-3.627789021926651,-4.1757052054665484,7.3704631344794524,0.8521434823347128,3.563378699418036,-0.5579077137193317,-0.45367398131683284,1.8216901903188731,-6.057348582625261,-2.2517171967172933,-8.321904881570301,-0.09601986419710175,-1.542367123857034,-8.480917211997433,0.9673255123565064,-3.146952129049813,1.8813489446966525,-2.0961219472832924,4.394301253068979,-3.1270335086936094,-5.418534931487497,-4.4512223795164045,-0.15110936899362026,2.8404425604377472,5.408385374453687,1.9781264261856586,9.088633078920951,-6.590167375148446,-4.73050655334906,-0.5809085828295893,-1.1886854581746478,-5.84097428220686,-0.3810176662070587,9.538216354044582,0.38649910384243447,1.2795870560465177,-10.46270318299716,-2.7933343389413166,1.1431634356807847,-0.7694147768203243,1.6936259455700666,-5.908782535502365,0.8507168375675109,-1.11177004605245,-5.03304330990805,-5.412804878245836,-3.073401193626366
-29.648819551882927,-34.24000131413083,29.39379546484141,17.415194312911456,-23.15047852784275,6.410887035896892,14.081572738366244,-9.528299885495201,-10.717335983327395,-16.735056315832065,-18.39567926402852,33.36917800395973,3.292339913777014,15.562649172199972,-2.5810499347389033,-2.903582304457223,7.302899724293631,-27.44739485922493,-10.00350032265417,-38.147908899532716,1.7760131943596902,-6.651178445645067,-38.663541347821635,5.565971872751442,-14.958364001795625,8.731197671879125,-9.903411934678974,21.431802275359153,-13.891833152049513,-25.61485011408338,-21.34751692108162,-0.6174405145522613,14.220351520585108,23.23011537745537,9.088633078920951,42.76383997321567,-29.867137183004825,-21.154381432799607,-2.4041900623521255,-5.7260315338980154,-25.48658856505715,-1.9457041340946777,43.704487535357764,1.0174731174203075,5.521228768024542,-47.41979780317856,-13.118557929131615,5.823427787452175,-3.4634471359630328,8.308058660244189,-26.617570102830243,4.0926366747888014,-4.811859155025914,-23.138734482422105,-25.963738740842853,-13.821736289799832
22.345619714065688,25.00025683426717,-21.60132188749104,-12.368900556453974,14.702516968924183,-3.047850087205442,-9.48023824798973,7.4781032296084575,8.108257988273106,12.058630158866858,14.23493498177684,-24.757544595490923,-3.0940487761758106,-12.2030179565294,1.851438500125853,1.1759286810828216,-6.5059854824811625,20.337228518669622,7.64176458675682,27.7604797480187,1.2279559799273678,5.3167225739777315,28.37826457773873,-2.7633183634444283,10.279558662339337,-6.232022942773039,6.871601734928324,-14.131070645039312,10.612532005685994,17.757462627773723,14.4623390558777,0.5348932118401933,-8.983909813109399,-18.681253199402118,-6.590167375148446,-29.867137183004825,22.12394567582659,15.997417093788721,2.043782391896225,3.851797370816884,20.01228421145112,1.189475636405904,-31.82568701822031,-1.5982050566856503,-4.409576036676789,35.123653494436724,9.189559656343087,-3.574581734103167,2.592687033016795,-5.426676760796569,19.902578519356478,-2.7588454935679008,3.8252154038202995,16.76190957744182,17.58470107395737,10.361647725425296
