V1,V2,V3,V4,V5,V6,V7,V8,V9,V10,V11,V12,V13,V14,V15,V16,V17,V18,V19,V20,V21,V22,V23,V24,V25,V26,V27,V28,V29,V30
0.7725505450276062,-0.8800530314622454,0.40688395377545095,-0.36624924284848603,0.6718084572984411,-0.26665398499663084,-0.06629538216772435,2.1484565535957145,-0.3918191665107926,-1.1568144544756624,-0.8490238821948578,0.018930763555956867,0.5997884818070378,-0.29545162820265763,0.3835801550007856,0.7029210943972648,0.32893531044161844,-0.015091603364793767,0.748991715770429,0.8092987010255978,0.12369588589267495,0.02694875271399906,-0.2755889612429563,-0.08622248136566316,-0.3614141672133375,-0.46537085503807457,-1.3153294987631443,0.030981157186521377,-0.5164651526081379,-1.3301123036917912
-0.8800530314622454,3.3734312802271935,-0.5120752934825792,0.7111357739099161,-0.53191899597496,0.7165723789461242,1.457090847902579,-2.0093732861420714,1.172417783173445,1.609015165638603,0.894175188929247,-0.1527027954039593,-0.24984891180819122,0.6959696759776564,1.1512359237936896,-1.3977008237795696,-0.26653972661430864,0.31086924757177725,-1.1033220115549585,-2.4963215536837935,-1.5073957658706503,1.244729080338861,-0.410176616310253,0.8598250538861101,0.8356089248749887,-0.5593834497275325,1.607238902209232,-0.4765352702849441,0.7986419479179337,1.5496819958861923
0.40688395377545095,-0.5120752934825792,0.2213593205251257,-0.15671853289255966,0.4144586083859142,-0.17343970260322555,0.05352890067896875,1.1537312451493984,-0.18830735477261173,-0.6660618943580386,-0.5443948098433656,0.01349523260483829,0.29389968929280724,-0.13637151656634344,0.10515408235039378,0.3768239435025467,0.22427697067049687,0.005153069155172577,0.4274691411949197,0.4809322147377073,0.048107076063796425,0.030063009024807064,-0.17612667045485747,-0.10164681122406748,-0.2898881476290476,-0.3617921113028826,-0.7268103248553296,0.07051317382561526,-0.3268667878425568,-0.7224938290041929
-0.36624924284848603,0.7111357739099161,-0.15671853289255966,0.5300872276167725,0.23650716729311538,-0.009594736399756462,1.1189264643248038,-0.703654637730908,0.5327350959894362,0.18846917756984277,-0.3675729499429704,-0.031242215810814464,-0.3393446431765169,0.3905403341839235,-0.4682723532690809,-0.4552441148763854,0.26918853721158015,0.1946233200997047,-0.1683645470620975,-0.4072904202272018,-0.57859418704441,0.46450609210661925,-0.3301104071496155,-0.1948331845753932,-0.4857333265087249,-1.00710213911083,0.38649670828201893,0.28194858468194745,-0.1414372083277873,0.45371162610721266
0.6718084572984411,-0.53191899597496,0.4144586083859142,0.23650716729311538,1.5029554253324016,-0.5000535365034938,1.6163608855142244,2.364823867128206,0.16065580387622316,-1.6392946595725593,-2.009218113433988,-0.019117189911862228,0.37592678148582115,0.12129348955423493,-0.29988783281208153,0.4680151078626705,0.9816453272736713,0.2703901272505108,0.991191322122584,0.8322425218529241,-0.6125114306748247,0.6743199901376383,-0.945130839848148,-0.5654189920752257,-1.460376200787355,-2.347828149413429,-1.5545064374707924,0.570239136926472,-1.136265892548816,-1.4717138315189062
-0.26665398499663084,0.7165723789461242,-0.17343970260322555,-0.009594736399756462,-0.5000535365034938,0.2734433050006776,-0.273613612890043,-0.8185969338293968,0.11108843507908472,0.6820420245573862,0.725931614729094,-0.025398224102073066,-0.06762539330784256,0.04395667667599251,0.42666448338601415,-0.31828829099238437,-0.3358142496363264,-0.03223897383603725,-0.4296529986615749,-0.6538654735337847,-0.07524720593443543,0.026058150846908795,0.18690736845813813,0.35627031847847157,0.6143820969380756,0.6114533672594559,0.6198577971800102,-0.29335037448778406,0.45713917403207666,0.5717914125019061
-0.06629538216772435,1.457090847902579,0.05352890067896875,1.1189264643248038,1.6163608855142244,-0.273613612890043,3.4667087209184366,0.8426980424561649,1.2001346554671761,-0.8761920122984117,-2.1615832031524667,-0.10840045259979042,-0.12005568279683604,0.8287977005474698,-0.48633824226963523,-0.5513416147326641,1.2219486807946545,0.6113797710912646,0.42009964615913675,-0.49423005868999187,-1.8201035205434744,1.6553816929162501,-1.4854984276960703,-0.5173295320444249,-1.775542049390009,-3.7641010111391253,-0.5508539364649646,0.7555521657296154,-1.0445572848872675,-0.40563493146133256
2.1484565535957145,-2.0093732861420714,1.1537312451493984,-0.703654637730908,2.364823867128206,-0.8185969338293968,0.8426980424561649,6.288206421522652,-0.7402041450319766,-3.4946175256037493,-3.004552885973523,0.013184783909078185,1.6518092254840824,-0.5840665324237818,0.9704413067636363,1.8009292706216267,1.2765820605477323,0.1403710222199688,2.2193334208527324,2.100617931171995,-0.20144116004061402,0.5710214921835728,-1.221956332573308,-0.38624769743257686,-1.5217991776587705,-2.4173025202331204,-3.8495230927166255,0.29813480417888316,-1.7574388637257894,-3.8568675828692336
-0.3918191665107926,1.172417783173445,-0.18830735477261173,0.5327350959894362,0.16065580387622316,0.11108843507908472,1.2001346554671761,-0.7402041450319766,0.6292295871867258,0.35522602831081,-0.20591168901933624,-0.05767703801464489,-0.26109161046206375,0.4263089579283676,-0.0951237150258653,-0.579211640120062,0.1988708762183623,0.22040864930521817,-0.2800460364133968,-0.7545023500202367,-0.7649494419217431,0.6333732818281989,-0.3857647515248027,0.006390261336252112,-0.2618437637051156,-0.9846146298018589,0.49694452232710196,0.133496175654041,-0.012016026138666177,0.5347135821259421
-1.1568144544756624,1.609015165638603,-0.6660618943580386,0.18846917756984277,-1.6392946595725593,0.6820420245573862,-0.8761920122984117,-3.4946175256037493,0.35522602831081,2.2619991282814866,2.208687538814743,-0.03250374043512918,-0.7069467207088845,0.2301797375810844,0.21719179253559925,-1.0645064226194334,-0.9916782122710837,-0.13049894514891397,-1.424033232939788,-1.618056959877504,0.08405516272506691,-0.27892824858147103,0.79144882815015,0.6392403072215799,1.4789916159416396,1.9293042850096973,2.29640575687436,-0.5386433215596806,1.3200996259856024,2.2274147428503994
-0.8490238821948578,0.894175188929247,-0.5443948098433656,-0.3675729499429704,-2.009218113433988,0.725931614729094,-2.1615832031524667,-3.004552885973523,-0.20591168901933624,2.208687538814743,2.750296226191554,0.002766279368245082,-0.41001989940686745,-0.17783289083289985,0.6769730565715542,-0.6376923060103645,-1.3472633621850494,-0.35426515875904085,-1.3358878322096648,-1.2495052145282226,0.7435783969234511,-0.8281626429301754,1.2173825778158751,0.8656828862943647,2.080398548390115,3.159673016919012,2.0419504589350455,-0.8597292517299696,1.55401239113356,1.8999512181909064
0.018930763555956867,-0.1527027954039593,0.01349523260483829,-0.031242215810814464,-0.019117189911862228,-0.025398224102073066,-0.10840045259979042,0.013184783909078185,-0.05767703801464489,-0.03250374043512918,0.002766279368245082,0.013107600735455808,-0.00328062908094936,-0.03277717901211317,-0.07131538764957544,0.053446786941109714,-0.009016781881885774,-0.022042558826234633,0.02538093417289534,0.1031014645097771,0.08904103315598137,-0.07615831994073058,0.05031055406356759,-0.028660961581856544,-0.01018825454477397,0.08576958440348727,-0.029622341611273036,0.014777412732383224,-0.004167428112219501,-0.022568113907927984
0.5997884818070378,-0.24984891180819122,0.29389968929280724,-0.3393446431765169,0.37592678148582115,-0.06762539330784256,-0.12005568279683604,1.6518092254840824,-0.26109161046206375,-0.7069467207088845,-0.41001989940686745,-0.00328062908094936,0.5847853705748075,-0.23498370419815898,0.7508701316814109,0.454636166920541,0.13275068410307078,-0.011296741505263833,0.45977305412161745,0.2817899072691041,-0.03178039441070752,0.14542337383617773,-0.21276127372175493,0.19146132943281524,0.04457067479044503,-0.17696084071245816,-0.9132156240923596,-0.17880999169993247,-0.21316184286360387,-0.9584322922609576
-0.29545162820265763,0.6959696759776564,-0.13637151656634344,0.3905403341839235,0.12129348955423493,0.04395667667599251,0.8287977005474698,-0.5840665324237818,0.4263089579283676,0.2301797375810844,-0.17783289083289985,-0.03277717901211317,-0.23498370419815898,0.3005802275940012,-0.21627163457584825,-0.3909828663470294,0.1566642810892901,0.148371008796198,-0.18333933157245166,-0.43757727149244813,-0.48131800013897436,0.3884995924137729,-0.24649812911168675,-0.06717737031028456,-0.25711548775177157,-0.6958220343921312,0.35697212433463804,0.14861914625289685,-0.04013604365375913,0.39446004737583057
0.3835801550007856,1.1512359237936896,0.10515408235039378,-0.4682723532690809,-0.29988783281208153,0.42666448338601415,-0.48633824226963523,0.9704413067636363,-0.0951237150258653,0.21719179253559925,0.6769730565715542,-0.07131538764957544,0.7508701316814109,-0.21627163457584825,1.9849746383654576,0.020763202561928856,-0.38478733409543175,-0.03795517578841371,-0.1234686248306033,-0.9116945057160688,-0.32594104501378324,0.38582006810266356,-0.0653012410384595,0.9624769615667746,1.1729862797165231,0.683265322481593,-0.20316528150768898,-0.8094036200298605,0.5026433267676274,-0.3668974672255834
0.7029210943972648,-1.3977008237795696,0.3768239435025467,-0.4552441148763854,0.4680151078626705,-0.31828829099238437,-0.5513416147326641,1.8009292706216267,-0.579211640120062,-1.0645064226194334,-0.6376923060103645,0.053446786941109714,0.454636166920541,-0.3909828663470294,0.020763202561928856,0.7980793027301505,0.20883404103951458,-0.11146380377175076,0.7106185529565773,1.1067832446694914,0.5108663149958637,-0.34460962300335507,-0.00840207995201054,-0.21660859972893654,-0.3253057851518644,0.021932807707690547,-1.1848989303613358,0.08493940224707774,-0.45562262349098803,-1.1880220993147106
0.32893531044161844,-0.26653972661430864,0.22427697067049687,0.26918853721158015,0.9816453272736713,-0.3358142496363264,1.2219486807946545,1.2765820605477323,0.1988708762183623,-0.9916782122710837,-1.3472633621850494,-0.009016781881885774,0.13275068410307078,0.1566642810892901,-0.38478733409543175,0.20883404103951458,0.6768274224936232,0.2029718859677658,0.5893337926487651,0.49384817018611266,-0.4631236997736342,0.48046502067296637,-0.6340738567809984,-0.43266010131062693,-1.0531041039208393,-1.6640486275089454,-0.8799419725572847,0.44748548769851143,-0.7487018294161392,-0.8032390935799448
-0.015091603364793767,0.31086924757177725,0.005153069155172577,0.1946233200997047,0.2703901272505108,-0.03223897383603725,0.6113797710912646,0.1403710222199688,0.22040864930521817,-0.13049894514891397,-0.35426515875904085,-0.022042558826234633,-0.011296741505263833,0.148371008796198,-0.03795517578841371,-0.11146380377175076,0.2029718859677658,0.10925192423734124,0.05849628623564274,-0.12955333779605965,-0.3390400929150302,0.3082534578838456,-0.2643664726145103,-0.06441594477979523,-0.27971831721377605,-0.6496913496099788,-0.0810259534855759,0.1124451071474713,-0.1645871978735128,-0.05944073513276912
0.748991715770429,-1.1033220115549585,0.4274691411949197,-0.1683645470620975,0.991191322122584,-0.4296529986615749,0.42009964615913675,2.2193334208527324,-0.2800460364133968,-1.424033232939788,-1.3358878322096648,0.02538093417289534,0.45977305412161745,-0.18333933157245166,-0.1234686248306033,0.7106185529565773,0.5893337926487651,0.05849628623564274,0.9020581997451261,1.0677239826551355,0.023601651866231286,0.10886879932593255,-0.4483708023393084,-0.3933587272925637,-0.882417963763626,-1.0880630438219778,-1.4591969419127868,0.31756159744967005,-0.8098127685727013,-1.420816280944363
0.8092987010255978,-2.4963215536837935,0.4809322147377073,-0.4072904202272018,0.8322425218529241,-0.6538654735337847,-0.49423005868999187,2.100617931171995,-0.7545023500202367,-1.618056959877504,-1.2495052145282226,0.1031014645097771,0.2817899072691041,-0.43757727149244813,-0.9116945057160688,1.1067832446694914,0.49384817018611266,-0.12955333779605965,1.0677239826551355,1.9853175102221432,0.8486393058742332,-0.6475827712473023,-0.007857761946805736,-0.7740925545543944,-1.0415033030649328,-0.3516140046326476,-1.5849641780961787,0.5142338967769773,-0.9031316340127022,-1.514340676714662
0.12369588589267495,-1.5073957658706503,0.048107076063796425,-0.57859418704441,-0.6125114306748247,-0.07524720593443543,-1.8201035205434744,-0.20144116004061402,-0.7649494419217431,0.08405516272506691,0.7435783969234511,0.08904103315598137,-0.03178039441070752,-0.48131800013897436,-0.32594104501378324,0.5108663149958637,-0.4631236997736342,-0.3390400929150302,0.023601651866231286,0.8486393058742332,1.1941791063659555,-1.080603247167189,0.7869237802106752,-0.08430860652835254,0.48153797836938195,1.762271577288877,0.003979689166347328,-0.12834235917901216,0.25680361398723317,-0.028207027951540932
0.02694875271399906,1.244729080338861,0.030063009024807064,0.46450609210661925,0.6743199901376383,0.026058150846908795,1.6553816929162501,0.5710214921835728,0.6333732818281989,-0.27892824858147103,-0.8281626429301754,-0.07615831994073058,0.14542337383617773,0.3884995924137729,0.38582006810266356,-0.34460962300335507,0.48046502067296637,0.3082534578838456,0.10886879932593255,-0.6475827712473023,-1.080603247167189,1.0053859503090856,-0.7696852491246976,0.07695239506450678,-0.4927694277856708,-1.6929511041608563,-0.23742295700942123,0.114317521982512,-0.3167925592780269,-0.20895861790280879
-0.2755889612429563,-0.410176616310253,-0.17612667045485747,-0.3301104071496155,-0.945130839848148,0.18690736845813813,-1.4854984276960703,-1.221956332573308,-0.3857647515248027,0.79144882815015,1.2173825778158751,0.05031055406356759,-0.21276127372175493,-0.24649812911168675,-0.0653012410384595,-0.00840207995201054,-0.6340738567809984,-0.2643664726145103,-0.4483708023393084,-0.007857761946805736,0.7869237802106752,-0.7696852491246976,0.7686682108011856,0.1987070199357292,0.8388366308063672,1.7966566885299706,0.7339106821959104,-0.2907992060872337,0.6215945263464842,0.6901827929507793
-0.08622248136566316,0.8598250538861101,-0.10164681122406748,-0.1948331845753932,-0.5654189920752257,0.35627031847847157,-0.5173295320444249,-0.38624769743257686,0.006390261336252112,0.6392403072215799,0.8656828862943647,-0.028660961581856544,0.19146132943281524,-0.06717737031028456,0.9624769615667746,-0.21660859972893654,-0.43266010131062693,-0.06441594477979523,-0.3933587272925637,-0.7740925545543944,-0.08430860652835254,0.07695239506450678,0.1987070199357292,0.6114828455117373,0.9241513369991649,0.8582426926021838,0.44723230197697617,-0.5143610125194199,0.5725650613159421,0.36154416744129053
-0.3614141672133375,0.8356089248749887,-0.2898881476290476,-0.4857333265087249,-1.460376200787355,0.6143820969380756,-1.775542049390009,-1.5217991776587705,-0.2618437637051156,1.4789916159416396,2.080398548390115,-0.01018825454477397,0.04457067479044503,-0.25711548775177157,1.1729862797165231,-0.3253057851518644,-1.0531041039208393,-0.27971831721377605,-0.882417963763626,-1.0415033030649328,0.48153797836938195,-0.4927694277856708,0.8388366308063672,0.9241513369991649,1.8330440604514187,2.473105195579535,1.1969624372831351,-0.8787610482277564,1.21419175025289,1.0442879076712446
-0.46537085503807457,-0.5593834497275325,-0.3617921113028826,-1.00710213911083,-2.347828149413429,0.6114533672594559,-3.7641010111391253,-2.4173025202331204,-0.9846146298018589,1.9293042850096973,3.159673016919012,0.08576958440348727,-0.17696084071245816,-0.6958220343921312,0.683265322481593,0.021932807707690547,-1.6640486275089454,-0.6496913496099788,-1.0880630438219778,-0.3516140046326476,1.762271577288877,-1.6929511041608563,1.7966566885299706,0.8582426926021838,2.473105195579535,4.562618786389454,1.6100234586735058,-1.027251082107401,1.6608263656513376,1.4303605184435537
-1.3153294987631443,1.607238902209232,-0.7268103248553296,0.38649670828201893,-1.5545064374707924,0.6198577971800102,-0.5508539364649646,-3.8495230927166255,0.49694452232710196,2.29640575687436,2.0419504589350455,-0.029622341611273036,-0.9132156240923596,0.35697212433463804,-0.20316528150768898,-1.1848989303613358,-0.8799419725572847,-0.0810259534855759,-1.4591969419127868,-1.5849641780961787,0.003979689166347328,-0.23742295700942123,0.7339106821959104,0.44723230197697617,1.1969624372831351,1.6100234586735058,2.4435666592865064,-0.3509195161199667,1.221054298891997,2.4143815507107638
0.030981157186521377,-0.4765352702849441,0.07051317382561526,0.28194858468194745,0.570239136926472,-0.29335037448778406,0.7555521657296154,0.29813480417888316,0.133496175654041,-0.5386433215596806,-0.8597292517299696,0.014777412732383224,-0.17880999169993247,0.14861914625289685,-0.8094036200298605,0.08493940224707774,0.44748548769851143,0.1124451071474713,0.31756159744967005,0.5142338967769773,-0.12834235917901216,0.114317521982512,-0.2907992060872337,-0.5143610125194199,-0.8787610482277564,-1.027251082107401,-0.3509195161199667,0.47180004043567997,-0.5214441885762082,-0.2647486947249119
-0.5164651526081379,0.7986419479179337,-0.3268667878425568,-0.1414372083277873,-1.136265892548816,0.45713917403207666,-1.0445572848872675,-1.7574388637257894,-0.012016026138666177,1.3200996259856024,1.55401239113356,-0.004167428112219501,-0.21316184286360387,-0.04013604365375913,0.5026433267676274,-0.45562262349098803,-0.7487018294161392,-0.1645871978735128,-0.8098127685727013,-0.9031316340127022,0.25680361398723317,-0.3167925592780269,0.6215945263464842,0.5725650613159421,1.21419175025289,1.6608263656513376,1.221054298891997,-0.5214441885762082,0.9242789278641925,1.1456749403803976
-1.3301123036917912,1.5496819958861923,-0.7224938290041929,0.45371162610721266,-1.4717138315189062,0.5717914125019061,-0.40563493146133256,-3.8568675828692336,0.5347135821259421,2.2274147428503994,1.8999512181909064,-0.022568113907927984,-0.9584322922609576,0.39446004737583057,-0.3668974672255834,-1.1880220993147106,-0.8032390935799448,-0.05944073513276912,-1.420816280944363,-1.514340676714662,-0.028207027951540932,-0.20895861790280879,0.6901827929507793,0.36154416744129053,1.0442879076712446,1.4303605184435537,2.4143815507107638,-0.2647486947249119,1.1456749403803976,2.4068961069291426
