V1,V2,V3,V4,V5,V6,V7,V8,V9,V10,V11,V12,V13,V14,V15,V16,V17,V18,V19,V20,V21,V22,V23,V24,V25,V26,V27,V28,V29,V30
0.24273112264625837,-0.11038733577113331,0.19127818379351857,0.06690202357775496,0.07367135591454133,-0.18699127148464484,0.03909642391036109,0.5761609077898991,-0.179113857974087,-0.08164636819375383,-0.13714013921567886,-0.003020446466052765,0.2787419298253623,0.03137167929443178,0.17009127671668092,0.0174392265021308,0.18421123368701567,0.021787815996622484,0.19973051873613867,0.06971670437629268,-0.15891611927638719,0.26236489528060103,-0.223291139948872,0.3257304824291021,-0.03957444210315183,-0.12622869081103197,-0.20201098823433086,0.10139770819993345,-0.11668943735719994,-0.31449448719800965
-0.11038733577113331,2.2270010080849088,0.050436014453992116,0.2943880396514868,-0.71393503433007,0.30341071482584736,0.43009101905849084,-0.5912456473190472,-0.07704838843508777,0.09948358701596369,0.15365409960685195,-0.16108541808892357,0.21995342126752654,0.22167036802954032,0.7498102770867399,0.9152945935637612,0.1032793106266034,-0.08198599014896647,-0.6731300136083774,-0.2527111183159088,-0.1846862089492279,-0.7967390941430992,0.2878846978882902,-0.045627107286010715,0.8273771077788935,0.5284276741297756,0.19018842923589194,-1.1081392043391032,0.7179223842665092,0.8531690387740983
0.19127818379351857,0.050436014453992116,0.4356313907168653,0.6984695845501389,-0.04776514658808176,-0.6497363357623004,0.08744028277124431,0.11346510578571403,-0.25780353357654495,-0.04236940800205402,-0.44690907880335096,-0.1089515225337489,0.06854644199991723,0.534292968326833,-0.15867511362999104,0.18726303821166376,0.5445338165565476,-0.15145662397605666,-0.19646382962767917,0.40039903455563924,-0.17794953516346432,0.0938361123575676,-0.2217878958215583,0.4074411069224783,-0.08630721334304439,0.2742932789237299,0.14164082034821948,0.18998599749974923,0.09162915560194368,0.17693194119350097
0.06690202357775496,0.2943880396514868,0.6984695845501389,1.5046860001822318,-0.2656285528888928,-1.2147388520182913,0.2579162767909654,-0.6094283150783496,-0.43627231156802354,0.07617963377521976,-0.7666285155824281,-0.2731680008614063,-0.2330703206258094,1.14198821666771,-0.7475920140847652,0.47071303547591625,1.030192945391834,-0.33213343885855334,-0.6694111209920723,0.8929653677898293,-0.16292555462467684,-0.2982870043339708,-0.2307006769457332,0.37345706402637274,-0.20911370201222806,0.6906296255095189,0.6195494938341376,0.3047017244253208,0.2611806225910793,0.8575735094014884
0.07367135591454133,-0.71393503433007,-0.04776514658808176,-0.2656285528888928,1.1898651533627476,-0.050610740388311565,-0.2821114286114714,0.8118298339445845,0.5870960453221907,-0.8721012265603798,-0.5940958021798809,-0.32829655232514904,-0.655978513328755,0.17993327469494438,0.6784598063373946,-0.08086399482768605,-0.2020081624371741,-0.2542927983794474,-0.30729757961027776,0.22042078567348042,0.3113700282319017,-0.12596870605640367,-0.11479324642743975,-0.7901496346471777,-0.2100525427826141,0.13410242182986815,-0.385163101799563,0.04055099915280134,-0.27774328302288975,-0.594757720927027
-0.18699127148464484,0.30341071482584736,-0.6497363357623004,-1.2147388520182913,-0.050610740388311565,1.2267932931901535,-0.1261951092377916,0.008735387838381709,0.579449221840817,-0.1274012125646998,0.5291569113605096,0.4140989410580041,0.21764470340979167,-0.9767127721646618,0.5474274067856205,-0.212765368335616,-0.9415159610016574,0.2646789882878136,0.38827248324706176,-0.903723205379247,0.1006905153173232,0.2168961591720197,0.5397789318800651,-0.3485052899201007,0.3373277362011872,-0.5001433907232684,-0.4787212868245971,-0.5427676146659076,0.2165662134066593,-0.2908497715758706
0.03909642391036109,0.43009101905849084,0.08744028277124431,0.2579162767909654,-0.2821114286114714,-0.1261951092377916,0.7766682231438786,-0.008869773653836894,-0.5029104044507843,-0.02070165354746906,-0.16881529520365302,-0.04843710082207751,0.25357276387629907,-0.031811328148609305,-0.6813633393548891,0.6315917515194145,0.4922628510083877,0.19063691891236512,0.31780375801764876,0.513894430378965,-0.0875875716044363,-0.5520641782678964,-0.18723866345604992,-0.30033484698065804,-0.3594481634112226,-0.6674545035252784,-0.18179159066877562,-0.03544695473380911,-0.37095995077816196,0.06633484783760875
0.5761609077898991,-0.5912456473190472,0.11346510578571403,-0.6094283150783496,0.8118298339445845,0.008735387838381709,-0.008869773653836894,2.1020112755696867,-0.2708360125994827,-0.4222844407900448,0.029177776995239928,-0.2944403897402084,0.43478985687951643,-0.3205894472217959,1.1115777414792918,-0.07005521859499078,-0.008305471359188283,0.1217520376775578,0.6323747473283116,0.013596912686825068,-0.11283253443958217,0.27671887607683393,-0.7269658446733805,0.08114061867421678,-0.08871997464178773,-0.5646504954513568,-0.8339751822096071,0.09423688971625814,-0.8486658133656585,-1.4805885315576983
-0.179113857974087,-0.07704838843508777,-0.25780353357654495,-0.43627231156802354,0.5870960453221907,0.579449221840817,-0.5029104044507843,-0.2708360125994827,1.3886724823478145,-1.01699644549589,-0.8619255767693008,0.4853456970963679,-0.44765645482191635,-0.11125961968370293,0.4712523001329691,-0.22565618438088805,-0.6921061875207903,-0.252911590714915,-0.45186988214065793,-0.5274266958758779,0.15925575826678795,0.6512916398760821,0.893346564089805,-0.3878312522469535,0.16369906991621497,0.28621940222482906,-0.38736499030120985,-0.36301626898006434,0.9768343238997389,0.21025103919297247
-0.08164636819375383,0.09948358701596369,-0.04236940800205402,0.07617963377521976,-0.8721012265603798,-0.1274012125646998,-0.02070165354746906,-0.4222844407900448,-1.01699644549589,1.402127836077408,1.406864600581866,-0.2517553949124831,0.3411308738167192,-0.13500585348531557,-0.2748163943537666,-0.28274948712174425,0.10786470627282953,0.24413682286831592,0.281134788419171,-0.13217233431623404,-0.07414784472752237,-0.3345078015846503,-0.47203984029525586,0.6101463688059348,0.24299823561957345,0.13878119182241141,0.7244716348224965,0.23841066672120187,-0.5078436411017854,0.112595453279667
-0.13714013921567886,0.15365409960685195,-0.44690907880335096,-0.7666285155824281,-0.5940958021798809,0.5291569113605096,-0.16881529520365302,0.029177776995239928,-0.8619255767693008,1.406864600581866,2.0171911290538764,-0.39700601997799834,0.3030778188112156,-0.6561405600232658,0.5175890558417816,-0.4248095156709012,-0.4695767722918433,0.36596904402016245,0.43520958629826595,-0.5778462760790101,0.10498935859024842,-0.5734792014603305,-0.5018602101856957,0.17106650177915494,0.5033085412007446,-0.030416267170623897,0.4737018631512758,-0.08872330480255608,-0.8119908618037136,-0.4077209206176164
-0.003020446466052765,-0.16108541808892357,-0.1089515225337489,-0.2731680008614063,-0.32829655232514904,0.4140989410580041,-0.04843710082207751,-0.2944403897402084,0.4853456970963679,-0.2517553949124831,-0.39700601997799834,0.8236616679578124,0.4502478892116262,-0.4627285702942403,-0.5304019390965332,-0.25132768420152757,-0.2674153541104194,0.15920629473007797,0.46016733487675043,-0.4401847783348951,-0.21181796951570878,1.022455671497275,0.6149185277439798,0.475237915333204,-0.10585251239863608,-0.48831664523451274,-0.3644721395929537,0.057454236235366336,0.6417310321018619,0.13535533231432764
0.2787419298253623,0.21995342126752654,0.06854644199991723,-0.2330703206258094,-0.655978513328755,0.21764470340979167,0.25357276387629907,0.43478985687951643,-0.44765645482191635,0.3411308738167192,0.3030778188112156,0.4502478892116262,0.9990404116533839,-0.5268011808203747,-0.1611214099030637,-0.032342819974303647,0.07706428854550351,0.3530893325401654,0.8236770036309082,-0.332562794269113,-0.42045416992785506,0.6720578339451779,-0.06800248747399049,0.8797205471630639,0.06140993971955747,-0.6795725395461515,-0.3445116980056213,0.029905197996496526,0.00486285825101162,-0.305089833305688
0.03137167929443178,0.22167036802954032,0.534292968326833,1.14198821666771,0.17993327469494438,-0.9767127721646618,-0.031811328148609305,-0.3205894472217959,-0.11125961968370293,-0.13500585348531557,-0.6561405600232658,-0.4627285702942403,-0.5268011808203747,1.0883110804639484,-0.04372283361401717,0.33781886403730466,0.6777081193619934,-0.4364827380022989,-0.8999877887901577,0.681584334455676,0.01160009764881696,-0.4189114560014586,-0.21552968258605104,0.03418586229897936,-0.007804737981670067,0.9413426098392264,0.5362582524164775,0.11000920416989945,0.2246016682491462,0.6080318704208223
0.17009127671668092,0.7498102770867399,-0.15867511362999104,-0.7475920140847652,0.6784598063373946,0.5474274067856205,-0.6813633393548891,1.1115777414792918,0.4712523001329691,-0.2748163943537666,0.5175890558417816,-0.5304019390965332,-0.1611214099030637,-0.04372283361401717,2.512674560379496,-0.09517384596708055,-0.7162344232355792,-0.2559469194625911,-0.6351561474147623,-0.8033450528555984,0.09517709924217038,-0.16783725033545413,-0.1230291402001655,-0.12099075712347644,1.0572910552948658,0.9171866896388002,-0.20794227301786583,-0.8743178754723967,0.1831237182677064,-0.6001930160147154
0.0174392265021308,0.9152945935637612,0.18726303821166376,0.47071303547591625,-0.08086399482768605,-0.212765368335616,0.6315917515194145,-0.07005521859499078,-0.22565618438088805,-0.28274948712174425,-0.4248095156709012,-0.25132768420152757,-0.032342819974303647,0.33781886403730466,-0.09517384596708055,0.8250052367447045,0.48694579202073834,-0.05597440149319598,-0.2741395668837354,0.49825413164318516,-0.04404086968753785,-0.7654437253016758,-0.08908833992632642,-0.4402342694132839,-0.05463386324697628,-0.07908429726070347,-0.07371388846197972,-0.36407811366462495,-0.021973466021476352,0.3222466198210059
0.18421123368701567,0.1032793106266034,0.5445338165565476,1.030192945391834,-0.2020081624371741,-0.9415159610016574,0.4922628510083877,-0.008305471359188283,-0.6921061875207903,0.10786470627282953,-0.4695767722918433,-0.2674153541104194,0.07706428854550351,0.6777081193619934,-0.7162344232355792,0.48694579202073834,0.9453781450665258,-0.0825213133631168,-0.09482072734065179,0.8578519820650172,-0.17862597481201048,-0.34526521482523076,-0.4599202968196443,0.23675267694666788,-0.3711387138311608,0.027029820899997073,0.24175332181370537,0.3404280211229395,-0.259186981571339,0.2757270538260426
0.021787815996622484,-0.08198599014896647,-0.15145662397605666,-0.33213343885855334,-0.2542927983794474,0.2646789882878136,0.19063691891236512,0.1217520376775578,-0.252911590714915,0.24413682286831592,0.36596904402016245,0.15920629473007797,0.3530893325401654,-0.4364827380022989,-0.2559469194625911,-0.05597440149319598,-0.0825213133631168,0.25555307055465887,0.5227632118392088,-0.12475780792029581,-0.062237066431574214,0.07590706390429768,-0.060512587797710606,0.0824974089213243,-0.10343196130952739,-0.5433822926635125,-0.16613056566448686,0.06465263134163741,-0.27130438980301663,-0.24597703458571002
0.19973051873613867,-0.6731300136083774,-0.19646382962767917,-0.6694111209920723,-0.30729757961027776,0.38827248324706176,0.31780375801764876,0.6323747473283116,-0.45186988214065793,0.281134788419171,0.43520958629826595,0.46016733487675043,0.8236770036309082,-0.8999877887901577,-0.6351561474147623,-0.2741395668837354,-0.09482072734065179,0.5227632118392088,1.2837324511305004,-0.17636913171689736,-0.1966694292894179,0.5890306317390641,-0.18501368756898487,0.367276530743218,-0.4265738901746663,-1.2938049010946726,-0.553704569445591,0.39615066635443,-0.6074826956431072,-0.7801016276056816
0.06971670437629268,-0.2527111183159088,0.40039903455563924,0.8929653677898293,0.22042078567348042,-0.903723205379247,0.513894430378965,0.013596912686825068,-0.5274266958758779,-0.13217233431623404,-0.5778462760790101,-0.4401847783348951,-0.332562794269113,0.681584334455676,-0.8033450528555984,0.49825413164318516,0.8578519820650172,-0.12475780792029581,-0.17636913171689736,1.0688686853773415,0.06381024964503924,-0.6938280589111764,-0.4916043199217959,-0.3881006076174486,-0.6081244897320321,-0.071907863009352,0.18366035435538233,0.4118009329047986,-0.5481706096445382,0.13792180295329118
-0.15891611927638719,-0.1846862089492279,-0.17794953516346432,-0.16292555462467684,0.3113700282319017,0.1006905153173232,-0.0875875716044363,-0.11283253443958217,0.15925575826678795,-0.07414784472752237,0.10498935859024842,-0.21181796951570878,-0.42045416992785506,0.01160009764881696,0.09517709924217038,-0.04404086968753785,-0.17862597481201048,-0.062237066431574214,-0.1966694292894179,0.06381024964503924,0.2460588361730734,-0.387002191955297,-0.0027280861887975035,-0.5394132979242634,-0.049717182084830516,0.10590679044259073,0.08272126267259806,-0.025389802496347327,-0.19474095217277132,-0.03623860558605025
0.26236489528060103,-0.7967390941430992,0.0938361123575676,-0.2982870043339708,-0.12596870605640367,0.2168961591720197,-0.5520641782678964,0.27671887607683393,0.6512916398760821,-0.3345078015846503,-0.5734792014603305,1.022455671497275,0.6720578339451779,-0.4189114560014586,-0.16783725033545413,-0.7654437253016758,-0.34526521482523076,0.07590706390429768,0.5890306317390641,-0.6938280589111764,-0.387002191955297,1.966068286270645,0.5573899275821438,1.2308729638923237,-0.028173029838839098,-0.2711828582096677,-0.481581252653972,0.3618820298896702,0.845027410508168,-0.22416482088654086
-0.223291139948872,0.2878846978882902,-0.2217878958215583,-0.2307006769457332,-0.11479324642743975,0.5397789318800651,-0.18723866345604992,-0.7269658446733805,0.893346564089805,-0.47203984029525586,-0.5018602101856957,0.6149185277439798,-0.06800248747399049,-0.21552968258605104,-0.1230291402001655,-0.08908833992632642,-0.4599202968196443,-0.060512587797710606,-0.18501368756898487,-0.4916043199217959,-0.0027280861887975035,0.5573899275821438,0.8571757638246305,-0.043257563962009644,0.1509454613109732,0.05242322674603616,-0.1685838928691593,-0.3162504056036896,0.9464367978626006,0.5190367228433787
0.3257304824291021,-0.045627107286010715,0.4074411069224783,0.37345706402637274,-0.7901496346471777,-0.3485052899201007,-0.30033484698065804,0.08114061867421678,-0.3878312522469535,0.6101463688059348,0.17106650177915494,0.475237915333204,0.8797205471630639,0.03418586229897936,-0.12099075712347644,-0.4402342694132839,0.23675267694666788,0.0824974089213243,0.367276530743218,-0.3881006076174486,-0.5394132979242634,1.2308729638923237,-0.043257563962009644,1.6803680347892425,0.2757100881144029,0.20010113969907134,0.18868861789506636,0.3276738452367721,0.5029514639613709,0.10499230236408075
-0.03957444210315183,0.8273771077788935,-0.08630721334304439,-0.20911370201222806,-0.2100525427826141,0.3373277362011872,-0.3594481634112226,-0.08871997464178773,0.16369906991621497,0.24299823561957345,0.5033085412007446,-0.10585251239863608,0.06140993971955747,-0.007804737981670067,1.0572910552948658,-0.05463386324697628,-0.3711387138311608,-0.10343196130952739,-0.4265738901746663,-0.6081244897320321,-0.049717182084830516,-0.028173029838839098,0.1509454613109732,0.2757100881144029,0.7632944480112008,0.678985117452527,0.20711360658346617,-0.5555748689884934,0.46167853508059936,0.19294614254555253
-0.12622869081103197,0.5284276741297756,0.2742932789237299,0.6906296255095189,0.13410242182986815,-0.5001433907232684,-0.6674545035252784,-0.5646504954513568,0.28621940222482906,0.13878119182241141,-0.030416267170623897,-0.48831664523451274,-0.6795725395461515,0.9413426098392264,0.9171866896388002,-0.07908429726070347,0.027029820899997073,-0.5433822926635125,-1.2938049010946726,-0.071907863009352,0.10590679044259073,-0.2711828582096677,0.05242322674603616,0.20010113969907134,0.678985117452527,1.6480843470112994,0.8066647154315141,-0.2688022822222521,0.6601671977876269,0.7274790864985211
-0.20201098823433086,0.19018842923589194,0.14164082034821948,0.6195494938341376,-0.385163101799563,-0.4787212868245971,-0.18179159066877562,-0.8339751822096071,-0.38736499030120985,0.7244716348224965,0.4737018631512758,-0.3644721395929537,-0.3445116980056213,0.5362582524164775,-0.20794227301786583,-0.07371388846197972,0.24175332181370537,-0.16613056566448686,-0.553704569445591,0.18366035435538233,0.08272126267259806,-0.481581252653972,-0.1685838928691593,0.18868861789506636,0.20711360658346617,0.8066647154315141,0.8630338417582387,0.12936492207628006,0.029351063365725395,0.6385737327612717
0.10139770819993345,-1.1081392043391032,0.18998599749974923,0.3047017244253208,0.04055099915280134,-0.5427676146659076,-0.03544695473380911,0.09423688971625814,-0.36301626898006434,0.23841066672120187,-0.08872330480255608,0.057454236235366336,0.029905197996496526,0.11000920416989945,-0.8743178754723967,-0.36407811366462495,0.3404280211229395,0.06465263134163741,0.39615066635443,0.4118009329047986,-0.025389802496347327,0.3618820298896702,-0.3162504056036896,0.3276738452367721,-0.5555748689884934,-0.2688022822222521,0.12936492207628006,0.7829402337718446,-0.4398060451320829,-0.21819972720185546
-0.11668943735719994,0.7179223842665092,0.09162915560194368,0.2611806225910793,-0.27774328302288975,0.2165662134066593,-0.37095995077816196,-0.8486658133656585,0.9768343238997389,-0.5078436411017854,-0.8119908618037136,0.6417310321018619,0.00486285825101162,0.2246016682491462,0.1831237182677064,-0.021973466021476352,-0.259186981571339,-0.27130438980301663,-0.6074826956431072,-0.5481706096445382,-0.19474095217277132,0.845027410508168,0.9464367978626006,0.5029514639613709,0.46167853508059936,0.6601671977876269,0.029351063365725395,-0.4398060451320829,1.504912735035393,0.8967776648242084
-0.31449448719800965,0.8531690387740983,0.17693194119350097,0.8575735094014884,-0.594757720927027,-0.2908497715758706,0.06633484783760875,-1.4805885315576983,0.21025103919297247,0.112595453279667,-0.4077209206176164,0.13535533231432764,-0.305089833305688,0.6080318704208223,-0.6001930160147154,0.3222466198210059,0.2757270538260426,-0.24597703458571002,-0.7801016276056816,0.13792180295329118,-0.03623860558605025,-0.22416482088654086,0.5190367228433787,0.10499230236408075,0.19294614254555253,0.7274790864985211,0.6385737327612717,-0.21819972720185546,0.8967776648242084,1.299908095231795
