V1,V2,V3,V4,V5,V6,V7,V8,V9,V10,V11,V12,V13,V14,V15,V16,V17,V18,V19,V20,V21,V22,V23,V24,V25,V26,V27,V28,V29,V30
18.60680984150369,-19.91990905979762,10.721478394053213,-1.446135521264621,28.20401985802226,-10.42021524590328,19.83044898851924,57.881560287083644,-3.227448753579497,-36.64453437554712,-37.66383053148025,0.24319664011098552,12.218160227040736,-2.2709499936747215,-0.7849708394573741,15.499622087933567,17.26528379510506,3.205264623778109,22.81537452405895,22.493596586183013,-5.679878543495709,8.563701240257526,-15.415449149647339,-9.114254177461701,-24.492333122196335,-36.46786222316768,-37.27584329274318,8.443681630338656,-21.640418036589192,-36.12091793476596
-19.91990905979762,22.043971464312754,-11.23364581731469,2.093062878451494,-30.984080387418153,11.049320223116709,-21.035396845391432,-62.72821582392873,3.5125146166320795,39.284827729297064,39.87289067688503,0.2856456962494151,-12.621618188349967,2.5804719508072447,0.2456154405888546,-16.36907105206386,-18.2045519349352,-3.4268063289201116,-24.472913459541623,-24.19362227418073,5.7235140129586215,-8.634075626993925,16.97137555852525,10.492687622737737,26.3472070991971,39.10930053071385,40.018350789362515,-9.165349417675106,24.03814665387495,39.45805193767335
10.721478394053213,-11.23364581731469,6.3365475608462365,-0.48492066147250146,15.843145709114175,-6.113968668260599,11.497936091268276,32.88424582820976,-1.7607844824965253,-21.14176507960527,-22.07488714463539,0.514457939638503,7.271937141240953,-1.2007075275747716,-0.9149740315794049,8.994540338678762,10.118133173840633,1.8338656511542906,13.134459689266032,12.926060072451902,-3.4746935700003765,5.361195321305396,-8.576044134917915,-4.8019450966051815,-14.11856590161287,-20.98798746089087,-21.423734891314982,4.886029423871558,-11.934052728060832,-20.352900878190642
-1.446135521264621,2.093062878451494,-0.48492066147250146,0.8814494202776542,-3.0864655436088797,0.5657963457801932,-1.35790691826094,-5.520120463823608,0.4535792004188145,2.7827771570731135,2.1028193573331655,0.7947879487965395,-0.4413120691647067,0.4123656076128459,-0.97364681402105,-1.042747715755965,-0.9549043142545713,-0.27249127285038044,-1.7912134805748579,-1.8032591634566615,7.768057353981376e-4,0.24265700331483667,1.861585235663402,1.6708881063022907,1.8750675151067944,2.865728521017666,3.009386249516038,-0.6121116603986295,2.836190982269288,3.8141280957030856
28.20401985802226,-30.984080387418153,15.843145709114175,-3.0864655436088797,43.88601497410539,-15.548768707841068,29.870161863005855,88.96868209052623,-5.119073370127249,-55.53412248353135,-56.204385314368565,-0.5904822526526043,17.87223509618058,-3.7125039834325024,-0.08568577923364708,23.29896470250923,25.745548288659737,4.887052231745204,34.64083551302729,34.246230298267726,-8.06321434226566,11.904829836891402,-24.16655608443927,-15.029258143616625,-37.20097964075283,-55.39118796400451,-56.66993141203975,12.823367967793613,-34.23299165727561,-55.98180974879734
-10.42021524590328,11.049320223116709,-6.113968668260599,0.5657963457801932,-15.548768707841068,5.928360956771049,-11.16749336424984,-32.10646047829139,1.735467595603808,20.567929686000113,21.384172307306514,-0.39225935105514276,-6.980748819146063,1.1946533523032423,0.8061825810404984,-8.723130124019155,-9.799115433505364,-1.78680235685866,-12.784567926613837,-12.61013244208291,3.307808321117557,-5.084334005201977,8.430966517048565,4.830664539088971,13.766948300296717,20.43897460553493,20.85279988286964,-4.774814090983579,11.782758308936899,19.931342050300096
19.83044898851924,-21.035396845391432,11.497936091268276,-1.35790691826094,29.870161863005855,-11.16749336424984,21.333291140788955,61.50560368480614,-3.490354295758931,-39.09557799569767,-40.3350433803185,0.3769297082458069,13.134872626098426,-2.3786452302400876,-1.1451573802875632,16.694463161885793,18.5649733704466,3.4439647972797216,24.357433765527233,24.080494948131566,-6.134352866696271,9.13773247310541,-16.347400216781413,-9.654166437332414,-26.18521977524854,-38.993985618106244,-39.75067668199199,8.984442528682164,-22.942722813458037,-38.304283122818305
57.881560287083644,-62.72821582392873,32.88424582820976,-5.520120463823608,88.96868209052623,-32.10646047829139,61.50560368480614,181.45060842064746,-10.338762474831862,-113.93942470599086,-116.09565682275795,-0.3545719907339858,37.308397378183344,-7.3809913362466,-1.1261414820577194,48.043760518186886,53.22797371274877,10.013584324764455,71.0266504021634,70.11901612556443,-17.062517535330393,25.357274179968847,-48.871527757408494,-29.723710922389294,-76.21904900495628,-113.55958928501317,-116.13673718073657,26.22842567317203,-68.93685308461768,-113.73989381245448
-3.227448753579497,3.5125146166320795,-1.7607844824965253,0.4535792004188145,-5.119073370127249,1.735467595603808,-3.490354295758931,-10.338762474831862,0.6831317422725196,6.338920983391748,6.294404372043975,0.22081703105822387,-1.995271773740938,0.46713640207812407,-0.12129045820478569,-2.7410261256551367,-2.935035938558745,-0.5845838623777525,-3.983577055325948,-3.9749481164742924,0.8617724814726719,-1.111151456283746,2.8931643035629824,1.9248744066555055,4.262673984118335,6.40519583543093,6.519483332075025,-1.415330744222559,4.139192406863336,6.547405438229205
-36.64453437554712,39.284827729297064,-21.14176507960527,2.7827771570731135,-55.53412248353135,20.567929686000113,-39.09557799569767,-113.93942470599086,6.338920983391748,72.2185901557212,74.29423495473227,-0.5349566964115263,-24.06733812990723,4.450544154743448,1.7037230433533255,-30.542407191833952,-34.056372981437676,-6.3134078184996145,-44.958607420091006,-44.359682880872136,11.199412023219416,-16.917247616158576,30.326557078419018,17.94135272180315,48.315284884450435,71.87724331005067,73.42981659402206,-16.682101631402062,42.589161855851934,71.0940594251409
-37.66383053148025,39.87289067688503,-22.07488714463539,2.1028193573331655,-56.204385314368565,21.384172307306514,-40.3350433803185,-116.09565682275795,6.294404372043975,74.29423495473227,77.18189881090065,-1.365103173944279,-25.23212629581925,4.338607810343907,2.7693983465638055,-31.522739013073707,-35.373140575573636,-6.459356386699678,-46.18653107264859,-45.52525762338341,11.945730632249196,-18.321662828036484,30.50462293694685,17.469358172140755,49.685058344761345,73.8273775279417,75.35598912155226,-17.2038206429684,42.61632858410194,72.07749824269558
0.24319664011098552,0.2856456962494151,0.514457939638503,0.7947879487965395,-0.5904822526526043,-0.39225935105514276,0.3769297082458069,-0.3545719907339858,0.22081703105822387,-0.5349566964115263,-1.365103173944279,0.901598910355269,0.7018485260670669,0.226997257814195,-1.0738217036345017,0.30674521147067596,0.5995639708481161,7.284996380982754e-4,0.25634744484724786,0.17586558520122703,-0.5525632235658253,1.1739227219840367,0.5382001935575478,0.983381245038407,-0.3124417065844293,-0.37641422448185763,-0.3435016622000452,0.16875228133639844,1.014801638055576,0.6170834803689393
12.218160227040736,-12.621618188349967,7.271937141240953,-0.4413120691647067,17.87223509618058,-6.980748819146063,13.134872626098426,37.308397378183344,-1.995271773740938,-24.06733812990723,-25.23212629581925,0.7018485260670669,8.393494227220655,-1.3385057175955637,-1.1412864458241665,10.295349031593192,11.58094577069971,2.0899954880915295,14.949470129855941,14.68644140412192,-4.040562754731249,6.226271996272462,-9.670136129837934,-5.298501971666934,-16.038376942123907,-23.884829921849022,-24.382602850992267,5.526018468647487,-13.400257443340761,-23.01927418528925
-2.2709499936747215,2.5804719508072447,-1.2007075275747716,0.4123656076128459,-3.7125039834325024,1.1946533523032423,-2.3786452302400876,-7.3809913362466,0.46713640207812407,4.450544154743448,4.338607810343907,0.226997257814195,-1.3385057175955637,0.35133768405037935,-0.2220180846683798,-1.8569774630439149,-1.994351341592976,-0.40179878504590916,-2.7923706350970265,-2.7687824378078503,0.5579287554600738,-0.7463777540948451,2.090979397459868,1.4187939527931528,2.9807585339055285,4.469313030402528,4.5865950501771175,-1.0090026335205207,3.0052103745302663,4.7181636875941475
-0.7849708394573741,0.2456154405888546,-0.9149740315794049,-0.97364681402105,-0.08568577923364708,0.8061825810404984,-1.1451573802875632,-1.1261414820577194,-0.12129045820478569,1.7037230433533255,2.7693983465638055,-1.0738217036345017,-1.1412864458241665,-0.2220180846683798,1.5380421836380083,-0.8981290323933141,-1.2912125289324936,-0.1132437564700562,-0.9856209063659604,-0.9897617496634933,0.7932685032047765,-1.513818672893148,-0.19576490379032338,-0.7758104213882675,1.197412971597098,1.6051238422466043,1.4702186007485287,-0.4844053633345019,-0.5154139896006557,0.2394200155886194
15.499622087933567,-16.36907105206386,8.994540338678762,-1.042747715755965,23.29896470250923,-8.723130124019155,16.694463161885793,48.043760518186886,-2.7410261256551367,-30.542407191833952,-31.522739013073707,0.30674521147067596,10.295349031593192,-1.8569774630439149,-0.8981290323933141,13.07543137314274,14.52289787443567,2.6959191280215498,19.032920498822037,18.811084781329964,-4.812339814619582,7.139046059657956,-12.763853949521877,-7.518410903944214,-20.44425260236593,-30.473415707374823,-31.062619811706718,6.995573730480402,-17.899813580423213,-29.90311620745621
17.26528379510506,-18.2045519349352,10.118133173840633,-0.9549043142545713,25.745548288659737,-9.799115433505364,18.5649733704466,53.22797371274877,-2.935035938558745,-34.056372981437676,-35.373140575573636,0.5995639708481161,11.58094577069971,-1.994351341592976,-1.2912125289324936,14.52289787443567,16.250716609263222,2.977370400645187,21.187132878577184,20.910415204000405,-5.476387344847041,8.309665647850247,-14.008096594293306,-8.061967610982245,-22.790430564354736,-33.89403495581022,-34.55951686690486,7.857497024931453,-19.58066972533454,-33.04009555052155
3.205264623778109,-3.4268063289201116,1.8338656511542906,-0.27249127285038044,4.887052231745204,-1.78680235685866,3.4439647972797216,10.013584324764455,-0.5845838623777525,-6.3134078184996145,-6.459356386699678,7.284996380982754e-4,2.0899954880915295,-0.40179878504590916,-0.1132437564700562,2.6959191280215498,2.977370400645187,0.5602644975368875,3.939432853174387,3.89962514648736,-0.9611417443515002,1.4026198843293263,-2.691459115737554,-1.6330649231167333,-4.23030743576596,-6.309833034178297,-6.434244016424482,1.4442952241740428,-3.7934779023535508,-6.260999749092579
22.81537452405895,-24.472913459541623,13.134459689266032,-1.7912134805748579,34.64083551302729,-12.784567926613837,24.357433765527233,71.0266504021634,-3.983577055325948,-44.958607420091006,-46.18653107264859,0.25634744484724786,14.949470129855941,-2.7923706350970265,-0.9856209063659604,19.032920498822037,21.187132878577184,3.939432853174387,27.99939237118481,27.640222131793077,-6.937422269834747,10.422670138957866,-18.945598500773848,-11.270539529590211,-30.085186030842728,-44.775157173090285,-45.73394954793051,10.370916877433958,-26.628505939646764,-44.34535142502788
22.493596586183013,-24.19362227418073,12.926060072451902,-1.8032591634566615,34.246230298267726,-12.61013244208291,24.080494948131566,70.11901612556443,-3.9749481164742924,-44.359682880872136,-45.52525762338341,0.17586558520122703,14.68644140412192,-2.7687824378078503,-0.9897617496634933,18.811084781329964,20.910415204000405,3.89962514648736,27.640222131793077,27.340665265608486,-6.793694516489879,10.137039926368889,-18.754636504059686,-11.26983796295867,-29.737545461735206,-44.234799907793416,-45.13123068070947,10.244350589593884,-26.41126914272459,-43.814104274106334
-5.679878543495709,5.7235140129586215,-3.4746935700003765,7.768057353981376e-4,-8.06321434226566,3.307808321117557,-6.134352866696271,-17.062517535330393,0.8617724814726719,11.199412023219416,11.945730632249196,-0.5525632235658253,-4.040562754731249,0.5579287554600738,0.7932685032047765,-4.812339814619582,-5.476387344847041,-0.9611417443515002,-6.937422269834747,-6.793694516489879,1.9999975356814779,-3.162239552988522,4.308271021994832,2.1818753836693516,7.448997856325783,11.07466840616845,11.296998947372709,-2.5802578102223825,5.899418137463257,10.424790450066563
8.563701240257526,-8.634075626993925,5.361195321305396,0.24265700331483667,11.904829836891402,-5.084334005201977,9.13773247310541,25.357274179968847,-1.111151456283746,-16.917247616158576,-18.321662828036484,1.1739227219840367,6.226271996272462,-0.7463777540948451,-1.513818672893148,7.139046059657956,8.309665647850247,1.4026198843293263,10.422670138957866,10.137039926368889,-3.162239552988522,5.288698787490452,-6.212335429879108,-2.8422414516685914,-11.219981548749912,-16.575440561189943,-16.960981906101548,3.9829278771850936,-8.401131542711987,-15.37927929731617
-15.415449149647339,16.97137555852525,-8.576044134917915,1.861585235663402,-24.16655608443927,8.430966517048565,-16.347400216781413,-48.871527757408494,2.8931643035629824,30.326557078419018,30.50462293694685,0.5382001935575478,-9.670136129837934,2.090979397459868,-0.19576490379032338,-12.763853949521877,-14.008096594293306,-2.691459115737554,-18.945598500773848,-18.754636504059686,4.308271021994832,-6.212335429879108,13.384419407646146,8.477265231369223,20.321439284980702,30.316778778031054,31.00923733638337,-6.959362252949206,19.0119998708578,30.82704718752458
-9.114254177461701,10.492687622737737,-4.8019450966051815,1.6708881063022907,-15.029258143616625,4.830664539088971,-9.654166437332414,-29.723710922389294,1.9248744066555055,17.94135272180315,17.469358172140755,0.983381245038407,-5.298501971666934,1.4187939527931528,-0.7758104213882675,-7.518410903944214,-8.061967610982245,-1.6330649231167333,-11.270539529590211,-11.26983796295867,2.1818753836693516,-2.8422414516685914,8.477265231369223,5.906000131678929,12.11659210635223,18.092445829490455,18.476243173532772,-4.112927296010265,12.261682537807083,19.044410652137838
-24.492333122196335,26.3472070991971,-14.11856590161287,1.8750675151067944,-37.20097964075283,13.766948300296717,-26.18521977524854,-76.21904900495628,4.262673984118335,48.315284884450435,49.685058344761345,-0.3124417065844293,-16.038376942123907,2.9807585339055285,1.197412971597098,-20.44425260236593,-22.790430564354736,-4.23030743576596,-30.085186030842728,-29.737545461735206,7.448997856325783,-11.219981548749912,20.321439284980702,12.11659210635223,32.3810659308705,48.12719613069226,49.11792090328412,-11.189461771369764,28.58606054570664,47.58759472164476
-36.46786222316768,39.10930053071385,-20.98798746089087,2.865728521017666,-55.39118796400451,20.43897460553493,-38.993985618106244,-113.55958928501317,6.40519583543093,71.87724331005067,73.8273775279417,-0.37641422448185763,-23.884829921849022,4.469313030402528,1.6051238422466043,-30.473415707374823,-33.89403495581022,-6.309833034178297,-44.775157173090285,-44.234799907793416,11.07466840616845,-16.575440561189943,30.316778778031054,18.092445829490455,48.12719613069226,71.62770518995306,73.12394766597893,-16.574266729053388,42.634538988598294,70.90876509943008
-37.27584329274318,40.018350789362515,-21.423734891314982,3.009386249516038,-56.66993141203975,20.85279988286964,-39.75067668199199,-116.13673718073657,6.519483332075025,73.42981659402206,75.35598912155226,-0.3435016622000452,-24.382602850992267,4.5865950501771175,1.4702186007485287,-31.062619811706718,-34.55951686690486,-6.434244016424482,-45.73394954793051,-45.13123068070947,11.296998947372709,-16.960981906101548,31.00923733638337,18.476243173532772,49.11792090328412,73.12394766597893,74.71832632193825,-16.926634284052934,43.59216853542807,72.54168000791225
8.443681630338656,-9.165349417675106,4.886029423871558,-0.6121116603986295,12.823367967793613,-4.774814090983579,8.984442528682164,26.22842567317203,-1.415330744222559,-16.682101631402062,-17.2038206429684,0.16875228133639844,5.526018468647487,-1.0090026335205207,-0.4844053633345019,6.995573730480402,7.857497024931453,1.4442952241740428,10.370916877433958,10.244350589593884,-2.5802578102223825,3.9829278771850936,-6.959362252949206,-4.112927296010265,-11.189461771369764,-16.574266729053388,-16.926634284052934,3.9086954970735848,-9.785357822329987,-16.371467921900724
-21.640418036589192,24.03814665387495,-11.934052728060832,2.836190982269288,-34.23299165727561,11.782758308936899,-22.942722813458037,-68.93685308461768,4.139192406863336,42.589161855851934,42.61632858410194,1.014801638055576,-13.400257443340761,3.0052103745302663,-0.5154139896006557,-17.899813580423213,-19.58066972533454,-3.7934779023535508,-26.628505939646764,-26.41126914272459,5.899418137463257,-8.401131542711987,19.0119998708578,12.261682537807083,28.58606054570664,42.634538988598294,43.59216853542807,-9.785357822329987,27.099607079024736,43.605120176005116
-36.12091793476596,39.45805193767335,-20.352900878190642,3.8141280957030856,-55.98180974879734,19.931342050300096,-38.304283122818305,-113.73989381245448,6.547405438229205,71.0940594251409,72.07749824269558,0.6170834803689393,-23.01927418528925,4.7181636875941475,0.2394200155886194,-29.90311620745621,-33.04009555052155,-6.260999749092579,-44.34535142502788,-43.814104274106334,10.424790450066563,-15.37927929731617,30.82704718752458,19.044410652137838,47.58759472164476,70.90876509943008,72.54168000791225,-16.371467921900724,43.605120176005116,71.48283003809202
