V1,V2,V3,V4,V5,V6,V7,V8,V9,V10,V11,V12,V13,V14,V15,V16,V17,V18,V19,V20,V21,V22,V23,V24,V25,V26,V27,V28,V29,V30
22.629730228948688,-87.32441060184966,10.33126875488805,-40.859196881926685,-24.300200435798143,-5.332509174885067,-103.18560377540543,32.486771112522376,-48.618451546000706,-13.269221029733105,30.916231379410853,4.765891203438321,14.251391705470468,-32.59310306651588,3.84935807226872,39.62921557402587,-22.36643717488894,-18.875874392990568,12.925641510605931,52.46988887086311,64.02341019983673,-54.78055573064545,37.54158033253748,1.599277789737184,28.94476718994112,92.67182460043061,-23.451120138210793,-12.617697688855355,9.307678734485927,-26.49902055498053
-87.32441060184966,342.7222617729115,-39.952938233754764,158.63933957407065,94.77826964841188,21.427526329252334,402.2838719144296,-124.07393407476968,189.58314199906667,51.58526438026068,-120.09733912433427,-18.7215018464263,-54.03564552576044,126.81150055957299,-11.387097914076731,-154.41271969113936,86.90684288932394,73.67659043153431,-50.30555555104507,-206.15330968151204,-250.65834378582167,214.74025447581118,-146.93653911990683,-4.602954424128378,-111.24822544700815,-361.15097777584015,90.55099288956612,47.90728929275178,-35.756195794751676,102.1809267338662
10.33126875488805,-39.952938233754764,4.72154907555118,-18.64409917769137,-11.073191832030135,-2.461203308744622,-47.10435469695782,14.82858512095576,-22.20717949613286,-6.092074254048679,14.070517012925082,2.1818731394845416,6.4848658549845455,-14.880519309185859,1.668358437696823,18.111555192728265,-10.190017316377359,-8.619457688447495,5.923028175051825,24.022298845305137,29.25770385659982,-25.03555202113112,17.145123083415783,0.6845187762448169,13.156778920649979,42.28368952141839,-10.724817541618636,-5.7233377033823025,4.219503334670938,-12.107723187411228
-40.859196881926685,158.63933957407065,-18.64409917769137,74.11648413894044,44.336284446087525,9.666854052062446,187.509570866913,-58.29655540458371,88.2590835259189,23.802170558047376,-56.38010052927698,-8.662709208041646,-25.62978986899451,59.13889996912512,-6.6366173414506004,-71.83030195732174,40.71442953841123,34.30659625713408,-23.288899296329713,-95.26231482191484,-116.40078278687734,99.65334239471471,-68.33747962923067,-2.8051546190842798,-52.58122133106107,-168.52944286182964,42.212696083296066,22.845666451075832,-17.00574430056678,47.7338812819953
-24.300200435798143,94.77826964841188,-11.073191832030135,44.336284446087525,26.768766164422342,5.704245683220765,112.37565261690688,-34.406303508568016,52.79143470782335,13.948463188694337,-34.0380233160728,-5.189306871827251,-15.240500037056451,35.371289218544966,-3.9623522302682948,-42.86291146001372,24.501846002701726,20.557390925954333,-13.752563642241801,-56.83113710370759,-69.70537786343368,59.70215944733881,-41.02835986163346,-1.7572058151891796,-31.6622529517285,-101.15276679544863,24.95828939055289,13.737336923533732,-10.360752223489522,28.264100779148638
-5.332509174885067,21.427526329252334,-2.461203308744622,9.666854052062446,5.704245683220765,1.4434648568851154,24.623522100392275,-7.549177898254981,11.664343338401054,3.3123125527015853,-7.154410354601845,-1.1704750455295396,-3.1813757091476362,7.7668429414911895,-0.23619754823515984,-9.543098806878834,5.224526500979319,4.522603245216163,-3.1800293785098295,-12.964249448898315,-15.504794500160699,13.299554161254884,-9.03188715843522,-0.037897433153064354,-6.523480911068099,-22.005557661979626,5.616072929992301,2.7429975224596155,-2.035843345823832,6.291699511666372
-103.18560377540543,402.2838719144296,-47.10435469695782,187.509570866913,112.37565261690688,24.623522100392275,474.9074807663488,-146.7841337943897,223.50892215365823,60.1405590137003,-142.7567408515288,-21.98359913388007,-64.47639547310732,149.68873638620818,-15.842991297431164,-181.84222734941926,103.07199932555145,86.91095152762136,-58.89292764855381,-241.60360420030483,-295.06543688286604,252.68646106121884,-173.26100104036811,-6.709472727250336,-132.8033694121956,-426.85100527563543,106.56786403737122,57.53868314494558,-42.99775326690353,120.47633443558337
32.486771112522376,-124.07393407476968,14.82858512095576,-58.29655540458371,-34.406303508568016,-7.549177898254981,-146.7841337943897,47.05646491631881,-69.23506636939764,-19.146970525397172,43.85712903852914,6.757716356038266,20.61936826467994,-46.46271474291071,6.088909039437869,56.53268327269318,-31.786282768533518,-26.839214757113673,18.56108817440833,74.57849655297198,90.9425039140916,-77.74890216514696,53.250971608637606,2.4862653705272066,41.32277640757274,131.73314100552193,-33.770697912227746,-18.12657983374942,13.196172460890557,-38.15104846755687
-48.618451546000706,189.58314199906667,-22.20717949613286,88.2590835259189,52.79143470782335,11.664343338401054,223.50892215365823,-69.23506636939764,105.24566191533017,28.460682599861038,-67.03619986960042,-10.356647478865542,-30.3391972101555,70.47329534370921,-7.296598486494412,-85.67384344707243,48.44289863593739,40.90901535798237,-27.818513837061996,-113.91352201594714,-138.94318191156705,118.98442152821075,-81.53380581793036,-3.0479927273995577,-62.35276497198773,-200.80776986795937,50.28969536875586,26.998019317404356,-20.129310929712997,56.82266130801512
-13.269221029733105,51.58526438026068,-6.092074254048679,23.802170558047376,13.948463188694337,3.3123125527015853,60.1405590137003,-19.146970525397172,28.460682599861038,8.080453170365029,-17.654680728670595,-2.810460139813936,-8.216630224112615,19.037814216528442,-1.6948695453188032,-23.301993395319798,12.869644115748272,11.018640001419604,-7.75843645740903,-31.128965010481537,-37.536957325745476,32.12348772670768,-21.891074060434995,-0.6029027154724801,-16.450500035517937,-53.815650304205235,13.928736392046389,7.103226403727437,-5.158399076898466,15.660978937853336
30.916231379410853,-120.09733912433427,14.070517012925082,-56.38010052927698,-34.0380233160728,-7.154410354601845,-142.7567408515288,43.85712903852914,-67.03619986960042,-17.654680728670595,43.35825177071473,6.565586370634322,19.482115307290538,-44.94559649170572,5.419901536174079,54.41100892806114,-31.186353297052385,-26.1046877509332,17.42858344792877,71.96527597934268,88.43219203176324,-75.7278515433538,52.06901668629485,2.407122928988132,40.425175891077906,128.54984687730533,-31.713189638266822,-17.596535699359798,13.242703905528739,-35.95043603108837
4.765891203438321,-18.7215018464263,2.1818731394845416,-8.662709208041646,-5.189306871827251,-1.1704750455295396,-21.98359913388007,6.757716356038266,-10.356647478865542,-2.810460139813936,6.565586370634322,1.0271691192014722,2.9502268050096103,-6.92667705410265,0.6125150490127951,8.433886694618849,-4.750019857830429,-4.026507810413925,2.743241838437768,11.260473249562237,13.695875709564808,-11.731672092182619,8.035894559840749,0.25635702432280055,6.081674924329131,19.740756709706197,-4.937456926878637,-2.6175214054598244,1.9636628664125821,-5.568351160552723
14.251391705470468,-54.03564552576044,6.4848658549845455,-25.62978986899451,-15.240500037056451,-3.1813757091476362,-64.47639547310732,20.61936826467994,-30.3391972101555,-8.216630224112615,19.482115307290538,2.9502268050096103,9.157065923771642,-20.39210407270766,3.090993041427019,24.71900814791492,-14.064572720961163,-11.777376819674531,8.026737060966001,32.3982264585847,39.78704850396043,-34.00035042173382,23.372214331997476,1.3350530693535845,18.43966613476136,57.98345413504616,-14.710358360073,-8.144149037483515,5.971892350930918,-16.662206062510414
-32.59310306651588,126.81150055957299,-14.880519309185859,59.13889996912512,35.371289218544966,7.7668429414911895,149.68873638620818,-46.46271474291071,70.47329534370921,19.037814216528442,-44.94559649170572,-6.92667705410265,-20.39210407270766,47.205265646818766,-5.090421997067407,-57.36400930084105,32.470143607472444,27.392437286410374,-18.61546964483231,-76.17519895243824,-92.98910880619526,79.6197771275873,-54.57867118981168,-2.139138186576603,-41.86352497902178,-134.50797951177677,33.69615188448843,18.15795462004521,-13.52575276886687,38.086668824078686
3.84935807226872,-11.387097914076731,1.668358437696823,-6.6366173414506004,-3.9623522302682948,-0.23619754823515984,-15.842991297431164,6.088909039437869,-7.296598486494412,-1.6948695453188032,5.419901536174079,0.6125150490127951,3.090993041427019,-5.090421997067407,3.1558373051648414,5.881716622223723,-3.7904006349769666,-2.831992095962992,1.7583175822116757,6.561688315968387,9.013305087006096,-7.568626774935642,5.445367413229916,1.4902934296104287,5.786720924564564,14.540410551446639,-3.7453236848298626,-2.9128974568089445,2.020279858761509,-4.4052698307928795
39.62921557402587,-154.41271969113936,18.111555192728265,-71.83030195732174,-42.86291146001372,-9.543098806878834,-181.84222734941926,56.53268327269318,-85.67384344707243,-23.301993395319798,54.41100892806114,8.433886694618849,24.71900814791492,-57.36400930084105,5.881716622223723,69.78954026965069,-39.3579627695746,-33.28569125502191,22.72750024672783,92.8246977560523,113.08118923929611,-96.82631290292441,66.3127040346969,2.424346313245424,50.63382624403839,163.30042294284152,-41.06059481793415,-21.92346962832414,16.29577800775795,-46.368228871356884
-22.36643717488894,86.90684288932394,-10.190017316377359,40.71442953841123,24.501846002701726,5.224526500979319,103.07199932555145,-31.786282768533518,48.44289863593739,12.869644115748272,-31.186353297052385,-4.750019857830429,-14.064572720961163,32.470143607472444,-3.7904006349769666,-39.3579627695746,22.464467240563106,18.85222346805904,-12.663052354872098,-52.119179208372834,-63.90550235029067,54.720911592099526,-37.58800060272886,-1.6558941022241809,-29.072341487285954,-92.74918991579864,23.003793534059856,12.642234611769505,-9.48052074338203,26.0516277978578
-18.875874392990568,73.67659043153431,-8.619457688447495,34.30659625713408,20.557390925954333,4.522603245216163,86.91095152762136,-26.839214757113673,40.90901535798237,11.018640001419604,-26.1046877509332,-4.026507810413925,-11.777376819674531,27.392437286410374,-2.831992095962992,-33.28569125502191,18.85222346805904,15.907015061196265,-10.786001116092761,-44.25703585735532,-54.020698478018204,46.265243594311606,-31.7155378717823,-1.1946443598832464,-24.266933597401252,-78.10649556165102,19.50256690257739,10.503815966414214,-7.851775059051151,22.042666062544207
12.925641510605931,-50.30555555104507,5.923028175051825,-23.288899296329713,-13.752563642241801,-3.1800293785098295,-58.89292764855381,18.56108817440833,-27.818513837061996,-7.75843645740903,17.42858344792877,2.743241838437768,8.026737060966001,-18.61546964483231,1.7583175822116757,22.72750024672783,-12.663052354872098,-10.786001116092761,7.4977634561315485,30.308444972039474,36.70307291488889,-31.417795365071594,21.453999013055586,0.6696631567554272,16.228835018063215,52.77834695441404,-13.49478998065878,-7.014865836503294,5.145440771645804,-15.200729970011073
52.46988887086311,-206.15330968151204,24.022298845305137,-95.26231482191484,-56.83113710370759,-12.964249448898315,-241.60360420030483,74.57849655297198,-113.91352201594714,-31.128965010481537,71.96527597934268,11.260473249562237,32.3982264585847,-76.17519895243824,6.561688315968387,92.8246977560523,-52.119179208372834,-44.25703585735532,30.308444972039474,124.06485463726656,150.64692630415738,-129.06453414371978,88.25886625116662,2.6060849176772662,66.61529760636711,216.81380702733955,-54.48573870383869,-28.650086193165986,21.355369231093174,-61.447455967817866
64.02341019983673,-250.65834378582167,29.25770385659982,-116.40078278687734,-69.70537786343368,-15.504794500160699,-295.06543688286604,90.9425039140916,-138.94318191156705,-37.536957325745476,88.43219203176324,13.695875709564808,39.78704850396043,-92.98910880619526,9.013305087006096,113.08118923929611,-63.90550235029067,-54.020698478018204,36.70307291488889,150.64692630415738,183.60470596414723,-157.27743872547126,107.73729273360779,3.7464048322553247,82.04660612262892,265.07676321773977,-66.2289621242192,-35.423128002348484,26.487577053304726,-74.81067161257917
-54.78055573064545,214.74025447581118,-25.03555202113112,99.65334239471471,59.70215944733881,13.299554161254884,252.68646106121884,-77.74890216514696,118.98442152821075,32.12348772670768,-75.7278515433538,-11.731672092182619,-34.00035042173382,79.6197771275873,-7.568626774935642,-96.82631290292441,54.720911592099526,46.265243594311606,-31.417795365071594,-129.06453414371978,-157.27743872547126,134.73991876618555,-92.2887855269893,-3.139594529186518,-70.20247586110536,-227.0057473753716,56.663180310867794,30.283577141474492,-22.665009904124172,64.00464181996338
37.54158033253748,-146.93653911990683,17.145123083415783,-68.33747962923067,-41.02835986163346,-9.03188715843522,-173.26100104036811,53.250971608637606,-81.53380581793036,-21.891074060434995,52.06901668629485,8.035894559840749,23.372214331997476,-54.57867118981168,5.445367413229916,66.3127040346969,-37.58800060272886,-31.7155378717823,21.453999013055586,88.25886625116662,107.73729273360779,-92.2887855269893,63.27465675425877,2.3119153614268,48.323248536218216,155.73398062026854,-38.75941827691886,-20.880375581411023,15.662692062893226,-43.807049467343205
1.599277789737184,-4.602954424128378,0.6845187762448169,-2.8051546190842798,-1.7572058151891796,-0.037897433153064354,-6.709472727250336,2.4862653705272066,-3.0479927273995577,-0.6029027154724801,2.407122928988132,0.25635702432280055,1.3350530693535845,-2.139138186576603,1.4902934296104287,2.424346313245424,-1.6558941022241809,-1.1946443598832464,0.6696631567554272,2.6060849176772662,3.7464048322553247,-3.139594529186518,2.3119153614268,0.7398404296471767,2.5813323618643818,6.223961846548414,-1.494482188508256,-1.309564628661669,0.9510663302025378,-1.7797556471878606
28.94476718994112,-111.24822544700815,13.156778920649979,-52.58122133106107,-31.6622529517285,-6.523480911068099,-132.8033694121956,41.32277640757274,-62.35276497198773,-16.450500035517937,40.425175891077906,6.081674924329131,18.43966613476136,-41.86352497902178,5.786720924564564,50.63382624403839,-29.072341487285954,-24.266933597401252,16.228835018063215,66.61529760636711,82.04660612262892,-70.20247586110536,48.323248536218216,2.5813323618643818,37.93882270713307,119.6192438840633,-29.67882866408843,-16.635744466508115,12.435632264796741,-33.66963280885117
92.67182460043061,-361.15097777584015,42.28368952141839,-168.52944286182964,-101.15276679544863,-22.005557661979626,-426.85100527563543,131.73314100552193,-200.80776986795937,-53.815650304205235,128.54984687730533,19.740756709706197,57.98345413504616,-134.50797951177677,14.540410551446639,163.30042294284152,-92.74918991579864,-78.10649556165102,52.77834695441404,216.81380702733955,265.07676321773977,-227.0057473753716,155.73398062026854,6.223961846548414,119.6192438840633,383.78925780962476,-95.5888627170856,-51.86173409889586,38.81961036567638,-108.1137195378819
-23.451120138210793,90.55099288956612,-10.724817541618636,42.212696083296066,24.95828939055289,5.616072929992301,106.56786403737122,-33.770697912227746,50.28969536875586,13.928736392046389,-31.713189638266822,-4.937456926878637,-14.710358360073,33.69615188448843,-3.7453236848298626,-41.06059481793415,23.003793534059856,19.50256690257739,-13.49478998065878,-54.48573870383869,-66.2289621242192,56.663180310867794,-38.75941827691886,-1.494482188508256,-29.67882866408843,-95.5888627170856,24.413470384805755,12.913637638651055,-9.459610967098545,27.54230435848814
-12.617697688855355,47.90728929275178,-5.7233377033823025,22.845666451075832,13.737336923533732,2.7429975224596155,57.53868314494558,-18.12657983374942,26.998019317404356,7.103226403727437,-17.596535699359798,-2.6175214054598244,-8.144149037483515,18.15795462004521,-2.9128974568089445,-21.92346962832414,12.642234611769505,10.503815966414214,-7.014865836503294,-28.650086193165986,-35.423128002348484,30.283577141474492,-20.880375581411023,-1.309564628661669,-16.635744466508115,-51.86173409889586,12.913637638651055,7.357647340936725,-5.467145678941424,14.672057712053041
9.307678734485927,-35.756195794751676,4.219503334670938,-17.00574430056678,-10.360752223489522,-2.035843345823832,-42.99775326690353,13.196172460890557,-20.129310929712997,-5.158399076898466,13.242703905528739,1.9636628664125821,5.971892350930918,-13.52575276886687,2.020279858761509,16.29577800775795,-9.48052074338203,-7.851775059051151,5.145440771645804,21.355369231093174,26.487577053304726,-22.665009904124172,15.662692062893226,0.9510663302025378,12.435632264796741,38.81961036567638,-9.459610967098545,-5.467145678941424,4.145505785699036,-10.758906618181927
-26.49902055498053,102.1809267338662,-12.107723187411228,47.7338812819953,28.264100779148638,6.291699511666372,120.47633443558337,-38.15104846755687,56.82266130801512,15.660978937853336,-35.95043603108837,-5.568351160552723,-16.662206062510414,38.086668824078686,-4.4052698307928795,-46.368228871356884,26.0516277978578,22.042666062544207,-15.200729970011073,-61.447455967817866,-74.81067161257917,64.00464181996338,-43.807049467343205,-1.7797556471878606,-33.66963280885117,-108.1137195378819,27.54230435848814,14.672057712053041,-10.758906618181927,31.0970566745258
