V1,V2,V3,V4,V5,V6,V7,V8,V9,V10,V11,V12,V13,V14,V15,V16,V17,V18,V19,V20,V21,V22,V23,V24,V25,V26,V27,V28,V29,V30
0.12439447091607697,-0.9778860868197943,0.13024425053361552,-0.006978223585237656,0.32833331866048504,-0.16346923142982941,-0.6883258688998098,0.15972395448764026,0.5753725498572015,-0.28678780872379916,-0.484555697471392,0.40137983280451695,-0.048547472378063346,0.08023617245954416,0.04550387983746151,-0.7046313313169785,-0.2223119340185371,-0.16856521488808487,0.002029476477605552,-0.2878079663541623,-0.07594351151547081,1.1824265324629804,0.2464517304480371,0.6324947851367053,-0.05933563127683337,0.3069299642008824,-0.06678538931266267,0.4336187132534217,0.484905425848204,-0.1415652070006412
-0.9778860868197943,11.177867400794552,-0.20862287642804725,2.1300606471204784,-5.425222330019669,0.8659074385609232,7.669665349769858,-3.6249490086931426,-5.314459174029874,2.3047149620153387,2.2036341401889414,-1.8616420014397854,2.0451231244249066,-0.22683870706773573,-3.1858551045964134,7.785944304886394,3.5164463773104404,1.6697810908662751,0.26486536875744343,2.944383293876712,-0.5461718439710921,-9.34203043540221,-0.9570309317915421,-3.832805275572931,0.2723944959892991,-3.4251740743415393,0.5121154703063269,-4.174065554222717,-1.9521994966865497,3.672742090902713
0.13024425053361552,-0.20862287642804725,0.3460139852157362,0.5156519642260766,-0.3548413044344046,-0.2839918892053554,-0.20282928496018304,-0.43040903299143857,0.44807464050188833,-0.30809655349008674,-0.9392528839503794,0.7819559580309484,0.3690800477335579,0.19682619265686038,-0.6617119670481761,-0.23238576732708302,0.18989631834397977,-0.10072582085245366,0.056429315177415854,-0.14618511843268836,-0.368708940076921,1.3129485446509113,0.5438858470302051,1.0004596837654822,-0.10885589660224386,0.093026789339128,-0.0723791980261448,0.28539298783878925,1.0087602190486369,0.5020677690395441
-0.006978223585237656,2.1300606471204784,0.5156519642260766,1.3103341662548207,-1.7775625689017311,-0.26978254442085653,1.3624375236050779,-1.505503838654168,-0.4422009546195652,0.0068640000577826895,-1.0407429000102417,0.8650873586626302,1.0542133940973362,0.27242731928268626,-1.7812332041031709,1.336861110383612,1.0831645844312932,0.20500172018914012,0.14441375456816213,0.4136428457135479,-0.7195113008933042,0.07651226274663148,0.6822099610262234,0.7852027407357955,-0.11500613604382219,-0.6032174777365316,-0.002959170717216609,-0.45917851195767934,1.210907191200002,1.6340722173524644
0.32833331866048504,-5.425222330019669,-0.3548413044344046,-1.7775625689017311,3.2478365066077006,-0.06333270356667631,-3.636092839153712,2.43692477270127,2.1091584103780567,-0.769234368064564,0.12721372588155444,-0.09876521671742067,-1.5356043644441915,-0.1488767968259739,2.511380851433887,-3.6558772861335482,-2.0441605352909016,-0.7161431323615894,-0.20522943432305926,-1.3021080997050496,0.7711536648650508,3.006771492236585,-0.24512890723192304,0.6122553616326536,0.002061270402787271,1.6152782700722714,-0.1714110054915588,1.7484363810195318,-0.359625016458397,-2.553600691121603
-0.16346923142982941,0.8659074385609232,-0.2839918892053554,-0.26978254442085653,-0.06333270356667631,0.2767902625896364,0.640602950217066,0.10890719657241504,-0.6846507086536517,0.3861361055838164,0.873865574090199,-0.7290116969355388,-0.1603365140559213,-0.1682989603186168,0.3178982537633394,0.6710595232730806,0.07221565030973362,0.1837582672195339,-0.027686460638965404,0.2992974091613292,0.25427852359186365,-1.6147021974551592,-0.4857123893238717,-1.0237887765827234,0.10253267502833038,-0.2878447858385192,0.08898060961191723,-0.485803556447088,-0.9121316214289616,-0.16201138864857806
-0.6883258688998098,7.669665349769858,-0.20282928496018304,1.3624375236050779,-3.636092839153712,0.640602950217066,5.2814529716841285,-2.386001259113633,-3.7113383163594675,1.619720606580613,1.6652476099313336,-1.4106979239454998,1.3351190899745426,-0.1897663155266257,-2.058282428456679,5.363122020460811,2.3716167427018617,1.1599865129603286,0.1735491407187025,2.0451077178252106,-0.30749751818563137,-6.615495789855418,-0.7511594421555062,-2.799652272390815,0.20006007309800905,-2.3659465781031814,0.35378901611799685,-2.9019714822782112,-1.5214829668690695,2.412439662543797
0.15972395448764026,-3.6249490086931426,-0.43040903299143857,-1.505503838654168,2.43692477270127,0.10890719657241504,-2.386001259113633,1.9287184384421145,1.2061643636863615,-0.37196867616551876,0.5901338655972788,-0.49445628605455105,-1.2542561958077973,-0.21025542861605903,2.0900842317949886,-2.3853529763366157,-1.5060937345228758,-0.43681580408558945,-0.1666729191514521,-0.8095043591882032,0.7306833671543941,1.3550017371472465,-0.4686495560728391,-0.12708660390703,0.05439923488628424,1.050538805755868,-0.08912242643897687,1.0491764578636351,-0.8050073900299836,-2.041251818398973
0.5753725498572015,-5.314459174029874,0.44807464050188833,-0.4422009546195652,2.1091584103780567,-0.6846507086536517,-3.7113383163594675,1.2061643636863615,2.8892764725951205,-1.3692015217647173,-1.9675343130534348,1.6579251571133669,-0.551571739576705,0.3089560060602267,0.77475808978324745,-3.7996389890314766,-1.414406569181075,-0.8653195552875252,-0.07250783309060405,-1.4923218717337192,-0.12728774371695808,5.616397656060557,1.0083555835367015,2.78201793711351,-0.23244247871280516,1.6621132994844954,-0.30528945199520907,2.1950247872177124,1.926955261717363,-1.1520526482040396
-0.28678780872379916,2.3047149620153387,-0.30809655349008674,0.0068640000577826895,-0.769234368064564,0.3861361055838164,1.619720606580613,-0.37196867616551876,-1.3692015217647173,0.6976434623329697,1.1611132840705052,-0.9730358085770197,0.0937293530856437,-0.20164739416832303,-0.0954974019154578,1.6765721465253653,0.526126955629525,0.39547240024288166,0.015810326568258277,0.6628797081428811,0.17993986093268707,-2.8166484373729075,-0.6240135765067069,-1.515142129326987,0.14022593626468816,-0.7172780168087344,0.1649757754251514,-1.0169323811639681,-1.1461328737498084,0.31133458777853745
-0.484555697471392,2.2036341401889414,-0.9392528839503794,-1.0407429000102417,0.12721372588155444,0.873865574090199,1.6652476099313336,0.5901338655972788,-1.9675343130534348,1.1611132840705052,2.799836465213084,-2.33803349043975,-0.6748062012374837,-0.5551430803213305,1.2685087620167836,1.7685144742436107,0.022789990928994832,0.5103644305702659,-0.10088087613983117,0.8109718545092818,0.886572786717813,-4.839772902968364,-1.5861600120391157,-3.2010524582037734,0.3274652455349593,-0.7461496877299209,0.27128667626902553,-1.364704796069879,-2.934056532774747,-0.7802522728927145
0.40137983280451695,-1.8616420014397854,0.7819559580309484,0.8650873586626302,-0.09876521671742067,-0.7290116969355388,-1.4106979239454998,-0.49445628605455105,1.6579251571133669,-0.9730358085770197,-2.33803349043975,1.9612170720023525,0.5609068893318622,0.4671868787939116,-1.0522672909301818,-1.501236200089744,-0.03167820932791146,-0.4298127474728968,0.07367768976130454,-0.683607256616914,-0.7370384749314509,4.06516623325938,1.3393065137365918,2.6868557043254437,-0.269176159842326,0.63580507088662,-0.22275575489169816,1.1453000332504344,2.4559818617647102,0.6537939250666408
-0.048547472378063346,2.0451231244249066,0.3690800477335579,1.0542133940973362,-1.5356043644441915,-0.1603365140559213,1.3351190899745426,-1.2542561958077973,-0.551571739576705,0.0937293530856437,-0.6748062012374837,0.5609068893318622,0.8696439813894375,0.1937487770074773,-1.4452215984873222,1.3138033609359587,0.9464988791807619,0.22415775252883013,0.11124479017388614,0.4398095281186391,-0.5506112498465706,-0.34157848869589535,0.4718757584665625,0.41420206116326524,-0.07447175921197494,-0.5972378739532648,0.013289310711030379,-0.5201196701592561,0.7978108733580598,1.3598931825261917
0.08023617245954416,-0.22683870706773573,0.19682619265686038,0.27242731928268626,-0.1488767968259739,-0.1682989603186168,-0.1897663155266257,-0.21025542861605903,0.3089560060602267,-0.20164739416832303,-0.5551430803213305,0.4671868787939116,0.1937487770074773,0.11711612367694056,-0.3448274189888715,-0.21321222187304859,0.07089778540463001,-0.07272381463232734,0.021753967875743963,-0.10733384606065154,-0.20231006812576668,0.8404719110683816,0.3299350387423659,0.6092076811285606,-0.06312452244286355,0.08563067340318715,-0.04675845733244841,0.1998935620130112,0.5891187784016314,0.2549493871038922
0.04550387983746151,-3.1858551045964134,-0.6617119670481761,-1.7812332041031709,2.511380851433887,0.3178982537633394,-2.058282428456679,2.0900842317949886,0.77475808978324745,-0.0954974019154578,1.2685087620167836,-1.0522672909301818,-1.4452215984873222,-0.3448274189888715,2.4327846744291795,-2.0296952145408467,-1.539217017282322,-0.3291064205233647,-0.19843678155065303,-0.648347029790888,0.9546363691146432,0.2534877454018664,-0.8482756099321742,-0.8738328872553351,0.13983948322961862,0.9129733341787069,-0.014943351810991852,0.7529399187753544,-1.4977450875937581,-2.2586452342492747
-0.7046313313169785,7.785944304886394,-0.23238576732708302,1.336861110383612,-3.6558772861335482,0.6710595232730806,5.363122020460811,-2.3853529763366157,-3.7996389890314766,1.6765721465253653,1.7685144742436107,-1.501236200089744,1.3138033609359587,-0.21321222187304859,-2.0296952145408467,5.457635051030382,2.3886159612469884,1.181534446083165,0.18102668933259988,2.073758815252756,-0.283204379083831,-6.8152562130779,-0.82281797703373,-2.9228591279532776,0.2120907845179131,-2.3988959822413443,0.3693943964673521,-2.9588525403079613,-1.6172963717927449,2.3966686582912997
-0.2223119340185371,3.5164463773104404,0.18989631834397977,1.0831645844312932,-2.0441605352909016,0.07221565030973362,2.3716167427018617,-1.5060937345228758,-1.414406569181075,0.526126955629525,0.022789990928994832,-0.03167820932791146,0.9464988791807619,0.07089778540463001,-1.539217017282322,2.3886159612469884,1.298951800628128,0.4740248874488643,0.13266424910081537,0.8601846328490579,-0.45434846070018603,-2.094534772332157,0.08585267359965176,-0.5178058355840378,0.005997574353896701,-1.0596838243834206,0.11143648729211474,-1.1581886070985137,0.10680367249487965,1.5758920601262374
-0.16856521488808487,1.6697810908662751,-0.10072582085245366,0.20500172018914012,-0.7161431323615894,0.1837582672195339,1.1599865129603286,-0.43681580408558945,-0.8653195552875252,0.39547240024288166,0.5103644305702659,-0.4298127474728968,0.22415775252883013,-0.07272381463232734,-0.3291064205233647,1.181534446083165,0.4740248874488643,0.2641705568023124,0.02689960640540769,0.46111517105075606,-0.004262289551686936,-1.6276765215444948,-0.24900319867209478,-0.7624549373350219,0.06062349867651066,-0.5203813814801428,0.08691084916295355,-0.6663761843479697,-0.4923072099404784,0.43142155076466615
0.002029476477605552,0.26486536875744343,0.056429315177415854,0.14441375456816213,-0.20522943432305926,-0.027686460638965404,0.1735491407187025,-0.1666729191514521,-0.07250783309060405,0.015810326568258277,-0.10088087613983117,0.07367768976130454,0.11124479017388614,0.021753967875743963,-0.19843678155065303,0.18102668933259988,0.13266424910081537,0.02689960640540769,0.03104913398748279,0.04828074731240177,-0.08052601801605348,-0.03620870598478222,0.04540159859614731,0.05914325872366561,-0.014582732911246194,-0.07741767355745355,0.0011807628778632772,-0.05906225627478676,0.12213166164903466,0.1732311836443296
-0.2878079663541623,2.944383293876712,-0.14618511843268836,0.4136428457135479,-1.3021080997050496,0.2992974091613292,2.0451077178252106,-0.8095043591882032,-1.4923218717337192,0.6628797081428811,0.8109718545092818,-0.683607256616914,0.4398095281186391,-0.10733384606065154,-0.648347029790888,2.073758815252756,0.8601846328490579,0.46111517105075606,0.04828074731240177,0.813859528572974,-0.0416454490410111,-2.7614177997910843,-0.3800460850741445,-1.2568256181204827,0.09483480654139573,-0.9221982382661262,0.1409657909490944,-1.1585486499844455,-0.7850657899701492,0.8150119538274595
-0.07594351151547081,-0.5461718439710921,-0.368708940076921,-0.7195113008933042,0.7711536648650508,0.25427852359186365,-0.30749751818563137,0.7306833671543941,-0.12728774371695808,0.17993986093268707,0.886572786717813,-0.7370384749314509,-0.5506112498465706,-0.20231006812576668,0.9546363691146432,-0.283204379083831,-0.45434846070018603,-0.004262289551686936,-0.08052601801605348,-0.0416454490410111,0.446484009936177,-0.8055248223929832,-0.5362732943639762,-0.8426179072522072,0.10094194179845907,0.13368843327944316,0.043407045333623454,-0.02606701463146963,-0.9831543696517169,-0.8125538308998032
1.1824265324629804,-9.34203043540221,1.3129485446509113,0.07651226274663148,3.006771492236585,-1.6147021974551592,-6.615495789855418,1.3550017371472465,5.616397656060557,-2.8166484373729075,-4.839772902968364,4.06516623325938,-0.34157848869589535,0.8404719110683816,0.2534877454018664,-6.8152562130779,-2.094534772332157,-1.6276765215444948,-0.03620870598478222,-2.7614177997910843,-0.8055248223929832,11.624896312759839,2.5860636040650884,6.319906696790038,-0.5677466885315049,2.965834317761922,-0.6340126704475149,4.1763008128406325,4.880493700400659,-1.146072909434276
0.2464517304480371,-0.9570309317915421,0.5438858470302051,0.6822099610262234,-0.24512890723192304,-0.4857123893238717,-0.7511594421555062,-0.4686495560728391,1.0083555835367015,-0.6240135765067069,-1.5861600120391157,1.3393065137365918,0.4718757584665625,0.3299350387423659,-0.8482756099321742,-0.82281797703373,0.08585267359965176,-0.24900319867209478,0.04540159859614731,-0.3800460850741445,-0.5362732943639762,2.5860636040650884,0.9414657414457119,1.7870502561148638,-0.17943340369570437,0.33815244473451483,-0.14319886291324002,0.6708443527780962,1.6708104253321865,0.5925174388822549
0.6324947851367053,-3.832805275572931,1.0004596837654822,0.7852027407357955,0.6122553616326536,-1.0237887765827234,-2.799652272390815,-0.12708660390703,2.78201793711351,-1.515142129326987,-3.2010524582037734,2.6868557043254437,0.41420206116326524,0.6092076811285606,-0.8738328872553351,-2.9228591279532776,-0.5178058355840378,-0.7624549373350219,0.05914325872366561,-1.2568256181204827,-0.8426179072522072,6.319906696790038,1.7870502561148638,3.8593816502777694,-0.3696012176718683,1.261301173749538,-0.3415960302857475,1.992724295498079,3.3232573152949993,0.31246643010865394
-0.05933563127683337,0.2723944959892991,-0.10885589660224386,-0.11500613604382219,0.002061270402787271,0.10253267502833038,0.20006007309800905,0.05439923488628424,-0.23244247871280516,0.14022593626468816,0.3274652455349593,-0.269176159842326,-0.07447175921197494,-0.06312452244286355,0.13983948322961862,0.2120907845179131,0.005997574353896701,0.06062349867651066,-0.014582732911246194,0.09483480654139573,0.10094194179845907,-0.5677466885315049,-0.17943340369570437,-0.3696012176718683,0.04109781731519653,-0.08626330031957391,0.03615814805085985,-0.16393288014937732,-0.33527025983068154,-0.07805706060775351
0.3069299642008824,-3.4251740743415393,0.093026789339128,-0.6032174777365316,1.6152782700722714,-0.2878447858385192,-2.3659465781031814,1.050538805755868,1.6621132994844954,-0.7172780168087344,-0.7461496877299209,0.63580507088662,-0.5972378739532648,0.08563067340318715,0.9129733341787069,-2.3988959822413443,-1.0596838243834206,-0.5203813814801428,-0.07741767355745355,-0.9221982382661262,0.13368843327944316,2.965834317761922,0.33815244473451483,1.261301173749538,-0.08626330031957391,1.0657461428921209,-0.15098661317420387,1.2993701495685965,0.6962738557123611,-1.0683331674351941
-0.06678538931266267,0.5121154703063269,-0.0723791980261448,-0.002959170717216609,-0.1714110054915588,0.08898060961191723,0.35378901611799685,-0.08912242643897687,-0.30528945199520907,0.1649757754251514,0.27128667626902553,-0.22275575489169816,0.013289310711030379,-0.04675845733244841,-0.014943351810991852,0.3693943964673521,0.11143648729211474,0.08691084916295355,0.0011807628778632772,0.1409657909490944,0.043407045333623454,-0.6340126704475149,-0.14319886291324002,-0.3415960302857475,0.03615814805085985,-0.15098661317420387,0.04464660516771314,-0.2266846646073293,-0.25568686146880676,0.06912782310011505
0.4336187132534217,-4.174065554222717,0.28539298783878925,-0.45917851195767934,1.7484363810195318,-0.485803556447088,-2.9019714822782112,1.0491764578636351,2.1950247872177124,-1.0169323811639681,-1.364704796069879,1.1453000332504344,-0.5201196701592561,0.1998935620130112,0.7529399187753544,-2.9588525403079613,-1.1581886070985137,-0.6663761843479697,-0.05906225627478676,-1.1585486499844455,-0.02606701463146963,4.1763008128406325,0.6708443527780962,1.992724295498079,-0.16393288014937732,1.2993701495685965,-0.2266846646073293,1.6857421059579833,1.3208443505527274,-1.0268202105664461
0.484905425848204,-1.9521994966865497,1.0087602190486369,1.210907191200002,-0.359625016458397,-0.9121316214289616,-1.5214829668690695,-0.8050073900299836,1.926955261717363,-1.1461328737498084,-2.934056532774747,2.4559818617647102,0.7978108733580598,0.5891187784016314,-1.4977450875937581,-1.6172963717927449,0.10680367249487965,-0.4923072099404784,0.12213166164903466,-0.7850657899701492,-0.9831543696517169,4.880493700400659,1.6708104253321865,3.3232573152949993,-0.33527025983068154,0.6962738557123611,-0.25568686146880676,1.3208443505527274,3.123091515054543,0.9950074126646922
-0.1415652070006412,3.672742090902713,0.5020677690395441,1.6340722173524644,-2.553600691121603,-0.16201138864857806,2.412439662543797,-2.041251818398973,-1.1520526482040396,0.31133458777853745,-0.7802522728927145,0.6537939250666408,1.3598931825261917,0.2549493871038922,-2.2586452342492747,2.3966686582912997,1.5758920601262374,0.43142155076466615,0.1732311836443296,0.8150119538274595,-0.8125538308998032,-1.146072909434276,0.5925174388822549,0.31246643010865394,-0.07805706060775351,-1.0683331674351941,0.06912782310011505,-1.0268202105664461,0.9950074126646922,2.181404602264345
