V1,V2,V3,V4,V5,V6,V7,V8,V9,V10,V11,V12,V13,V14,V15,V16,V17,V18,V19,V20,V21,V22,V23,V24,V25,V26,V27,V28,V29,V30
0.3713386302139192,-1.5254495589177277,0.1572539563915226,-0.46532668835735075,0.7923517880537795,-0.031071138260976967,-1.5861469757818578,1.0024876790019452,1.0249467676844948,-0.3970483717673242,-0.3263863285205712,0.4664114616737674,0.039902328812922216,-0.0011369343010874027,1.3023160907391336,-1.4476722368171258,-0.7446318049008847,-0.3292155314510454,-0.0847177200961134,-0.9680873041652026,-0.1487182411285907,2.1494993482722826,0.23736169420548647,1.3163374816354827,0.4197749719190538,0.8821580357240726,-0.2055862906215669,0.46402619582016363,0.7685901030209172,-0.7226484943102112
-1.5254495589177277,22.546944056891018,-0.9498775615394914,2.230060551642319,-9.52386967731346,2.7466668687448013,13.9647022380629,-4.340929912869474,-10.750993685737168,5.112241693576797,6.813822593309906,-5.150069920008315,4.003969499838686,-1.0917090415034922,-1.7458968020774095,14.763231781554678,5.580726959627597,3.2439710144905884,0.2363087298875145,4.426611009694542,-0.765221122000155,-19.246223188191728,-3.0650858929438396,-7.815011584930626,2.2477636569947603,-5.7109708319702275,0.7686803714622106,-9.312952543776321,-5.041569816539207,5.133123602631876
0.1572539563915226,-0.9498775615394914,0.07226580240123633,-0.2030010150002238,0.4525562783525051,-0.06204341470619587,-0.8107356733641926,0.4286895406029131,0.5561253453658118,-0.2331193913696153,-0.24037456915866562,0.25788064768369845,-0.060897882373736785,0.01998299905394432,0.4842327517713326,-0.7776174245654814,-0.36240618684685655,-0.17472265059737302,-0.033791002624829376,-0.41835866652811315,-0.03729243626883689,1.1046891662165559,0.13952864861622893,0.6023784267463826,0.10362280502369328,0.4125314968507869,-0.08564539688126997,0.3347556993409581,0.3606513268367937,-0.34642765394676195
-0.46532668835735075,2.230060551642319,-0.2030010150002238,0.5893351474252649,-1.1155457163985867,0.09017399451234552,2.1333400637490993,-1.2605809744476506,-1.412326232068527,0.5656493312339965,0.5160709451061453,-0.6477342857894772,0.031538682356435456,-0.02002485206497306,-1.5614322186791623,1.9865678564492488,0.982439315784098,0.4495485590150338,0.10397493041689068,1.2219149578165729,0.1594367053759143,-2.8973321742291023,-0.3383284213685402,-1.6966116965086215,-0.4483109493762072,-1.146269728837414,0.2561371243308422,-0.7263795332407709,-0.9999880485953028,0.9479015090068613
0.7923517880537795,-9.52386967731346,0.4525562783525051,-1.1155457163985867,4.10458996510586,-1.0747756554561627,-6.252713221452745,2.2248460396780905,4.705487600378645,-2.187664964064505,-2.803869091438738,2.240516853675893,-1.5197350234962956,0.4197435532909657,1.3911026615763742,-6.4837603330793545,-2.5599122537955195,-1.4308313977704739,-0.13775360258518732,-2.2388503297821454,0.21256719295167603,8.597354413462307,1.311250229309198,3.735801884833283,-0.6338183712174527,2.6859730726607154,-0.40946264653129505,3.842150732172135,2.365529686630574,-2.375425223444358
-0.031071138260976967,2.7466668687448013,-0.06204341470619587,0.09017399451234552,-1.0747756554561627,0.4239218183252517,1.3310116674311772,-0.11971299756556505,-1.1379344679567869,0.5932380844708974,0.9077551463829389,-0.559288702951834,0.6671476404387079,-0.1762790229477018,0.4708027512519285,1.5393950031988881,0.4679863862504066,0.3318413540010505,-0.010882160647666068,0.15335120370918312,-0.20893728425559183,-1.855495070047379,-0.3560798826256196,-0.4974406391454405,0.6038806762312443,-0.4095618742056927,0.00499817263729209,-1.2303468012397412,-0.3674242409800883,0.4086690353989071
-1.5861469757818578,13.9647022380629,-0.8107356733641926,2.1333400637490993,-6.252713221452745,1.3310116674311772,10.183218790344766,-4.383965223668835,-7.370506925487851,3.28872034670481,3.898235034379411,-3.4719377721365183,1.7365095291975048,-0.49677441293618096,-3.9138084595117006,10.21735612085759,4.334451704917863,2.2716750460821498,0.31075538869708974,4.340886496598907,0.005603573614160448,-13.94717171861568,-1.9701246428798898,-6.724171527612201,0.02437038363541981,-4.722991126261787,0.8434372005203682,-5.370891918532196,-4.145074844811358,4.077075411753032
1.0024876790019452,-4.340929912869474,0.4286895406029131,-1.2605809744476506,2.2248460396780905,-0.11971299756556505,-4.383965223668835,2.7094222494481333,2.8564893120006523,-1.1195220244009814,-0.956009681194352,1.3033978130153152,0.05070087046484446,0.011930485645313859,3.4665023725896584,-4.028838157367031,-2.0447531804235934,-0.9146485307825902,-0.22718059057607157,-2.6196584276634858,-0.38266110745059106,5.945420665240145,0.6693894669023329,3.586600193236144,1.0789047879716795,2.4100796569167877,-0.5539750328760189,1.3540458491436458,2.1007095365805846,-1.9805175949258207
1.0249467676844948,-10.750993685737168,0.5561253453658118,-1.412326232068527,4.705487600378645,-1.1379344679567869,-7.370506925487851,2.8564893120006523,5.456607932511452,-2.494444922520079,-3.0996215007576717,2.5866211532401837,-1.5642802249121863,0.4373238883002391,2.1467033212644546,-7.537631641638397,-3.0684016864779617,-1.668601537852022,-0.18895460816409765,-2.852734388627575,0.14237490926889115,10.117522004655678,1.4947970405670479,4.600483754013591,-0.4371575207919384,3.2733520058101346,-0.5369695238451159,4.256379563231488,2.8783883555179774,-2.8641831881714106
-0.3970483717673242,5.112241693576797,-0.2331193913696153,0.5656493312339965,-2.187664964064505,0.5932380844708974,3.28872034670481,-1.1195220244009814,-2.494444922520079,1.1689037834305727,1.5192602893813494,-1.1902297360635181,0.8485368287965784,-0.23321858650382862,-0.6218570478763747,3.4330395439424737,1.335411896679029,0.7564735348697658,0.06669663126530301,1.1312772439942471,-0.1352419907579193,-4.525558506505665,-0.7006934437653405,-1.9222663044788966,0.4005185034058511,-1.389507328138729,0.20359886060633056,-2.0799063317446858,-1.2246984640121494,1.235507703845402
-0.3263863285205712,6.813822593309906,-0.24037456915866562,0.5160709451061453,-2.803869091438738,0.9077551463829389,3.898235034379411,-0.956009681194352,-3.0996215007576717,1.5192602893813494,2.1267606248015105,-1.4971535048775408,1.3660573820402928,-0.36757345182408524,0.06689674782830267,4.236199256814051,1.502249672057841,0.9252535677614602,0.036908335133617715,1.0020831518337385,-0.33190929019080817,-5.390910586124304,-0.9112318107049927,-1.9663339104508883,0.9663820767353372,-1.4769897284156486,0.1551963273066085,-2.8977981064112233,-1.3089717205933287,1.3628147402281032
0.4664114616737674,-5.150069920008315,0.25788064768369845,-0.6477342857894772,2.240516853675893,-0.559288702951834,-3.4719377721365183,1.3033978130153152,2.5866211532401837,-1.1902297360635181,-1.4971535048775408,1.2282633712361988,-0.7778208275738374,0.21636474943793726,0.9198232900652429,-3.5696360103397415,-1.436226316874383,-0.789257300787031,-0.08421706681031015,-1.3052825688184129,0.08657453178598348,4.768966515302058,0.7133075588550268,2.131605414887982,-0.2618152572604073,1.5226090732576176,-0.24315197936787447,2.054158915720301,1.339665701539731,-1.3376385683130294
0.039902328812922216,4.003969499838686,-0.060897882373736785,0.031538682356435456,-1.5197350234962956,0.6671476404387079,1.7365095291975048,0.05070087046484446,-1.5642802249121863,0.8485368287965784,1.3660573820402928,-0.7778208275738374,1.0712913142148481,-0.2808017674873031,1.0625820215418327,2.101446773292107,0.5655805216880586,0.44887499722671703,-0.037701681430445166,0.011108116241616325,-0.3682835167198126,-2.435616398093861,-0.5095490435552,-0.4748944751064736,1.062010678837241,-0.43951415181721454,-0.041512656144684836,-1.846308042405012,-0.3997825480172727,0.47647280495402106
-0.0011369343010874027,-1.0917090415034922,0.01998299905394432,-0.02002485206497306,0.4197435532909657,-0.1762790229477018,-0.49677441293618096,0.011930485645313859,0.4373238883002391,-0.23321858650382862,-0.36757345182408524,0.21636474943793726,-0.2808017674873031,0.07383739572040449,-0.2466917941724939,-0.5892824458374161,-0.16754656801227583,-0.1263762042536179,0.007782278409794797,-0.02732256337023946,0.09313001149070317,0.6948765903442088,0.14002158997139694,0.15810102343130378,-0.26878583536844997,0.13785060481950062,0.005738301770640797,0.4973745016028246,0.1245366257924789,-0.14355233770932843
1.3023160907391336,-1.7458968020774095,0.4842327517713326,-1.5614322186791623,1.3911026615763742,0.4708027512519285,-3.9138084595117006,3.4665023725896584,2.1467033212644546,-0.6218570478763747,0.06689674782830267,0.9198232900652429,1.0625820215418327,-0.2466917941724939,5.36514502838475,-3.1254700279238574,-2.0532396894858396,-0.7358537984523256,-0.32184175901239825,-3.295608674539468,-0.8262050543994617,5.232668285531887,0.36978441488551084,4.083555709935187,2.35150697585793,2.63178767159951,-0.7378017685841712,-0.012244764290818572,2.278403421187657,-2.055235796323449
-1.4476722368171258,14.763231781554678,-0.7776174245654814,1.9865678564492488,-6.4837603330793545,1.5393950031988881,10.21735612085759,-4.028838157367031,-7.537631641638397,3.4330395439424737,4.236199256814051,-3.5696360103397415,2.101446773292107,-0.5892824458374161,-3.1254700279238574,10.417977051197182,4.268576990100297,2.3077789680972365,0.2697811124695545,4.017652719417432,-0.1654362176357671,-14.020451125408158,-2.0571489170136865,-6.435506604001891,0.5145283683530061,-4.569320764182515,0.7604010746070611,-5.8199397484010476,-4.016716341032295,3.989389574416181
-0.7446318049008847,5.580726959627597,-0.36240618684685655,0.982439315784098,-2.5599122537955195,0.4679863862504066,4.334451704917863,-2.0447531804235934,-3.0684016864779617,1.335411896679029,1.502249672057841,-1.436226316874383,0.5655805216880586,-0.16754656801227583,-2.0532396894858396,4.268576990100297,1.8838037281788325,0.9531622292045453,0.15257812253854988,2.010933436993289,0.08505689121172935,-5.923746397447028,-0.7997102475022075,-3.012524711297215,-0.22647805218188222,-2.0922447837683342,0.4005034472096925,-2.0777808260919963,-1.8330873918054291,1.7843765275271122
-0.3292155314510454,3.2439710144905884,-0.17472265059737302,0.4495485590150338,-1.4308313977704739,0.3318413540010505,2.2716750460821498,-0.9146485307825902,-1.668601537852022,0.7564735348697658,0.9252535677614602,-0.789257300787031,0.44887499722671703,-0.1263762042536179,-0.7358537984523256,2.3077789680972365,0.9531622292045453,0.5116441499657022,0.06212867661149952,0.9105245351718442,-0.028041567440300143,-3.1158804973874368,-0.4532667771688506,-1.4467397517569722,0.08935585621967826,-1.0245807972989136,0.17345114979381637,-1.271950523365507,-0.9003251481948169,0.8921595347856791
-0.0847177200961134,0.2363087298875145,-0.033791002624829376,0.10397493041689068,-0.13775360258518732,-0.010882160647666068,0.31075538869708974,-0.22718059057607157,-0.18895460816409765,0.06669663126530301,0.036908335133617715,-0.08421706681031015,-0.037701681430445166,0.007782278409794797,-0.32184175901239825,0.2697811124695545,0.15257812253854988,0.06212867661149952,0.020094297473937827,0.2177753811401172,0.04337142060356819,-0.418919123746634,-0.03981138113844382,-0.28379205978608113,-0.12302390326035689,-0.18693650525114555,0.04742311856293945,-0.055041574105609274,-0.16241883744170188,0.15001410814981828
-0.9680873041652026,4.426611009694542,-0.41835866652811315,1.2219149578165729,-2.2388503297821454,0.15335120370918312,4.340886496598907,-2.6196584276634858,-2.852734388627575,1.1312772439942471,1.0020831518337385,-1.3052825688184129,0.011108116241616325,-0.02732256337023946,-3.295608674539468,4.017652719417432,2.010933436993289,0.9105245351718442,0.2177753811401172,2.5362478862275486,0.34969663990852895,-5.891526310066378,-0.6765417569936701,-3.4982255329700025,-0.9846344175577402,-2.357458931436234,0.5338715308575871,-1.4143305747402048,-2.055780813036827,1.9437516545549058
-0.1487182411285907,-0.765221122000155,-0.03729243626883689,0.1594367053759143,0.21256719295167603,-0.20893728425559183,0.005603573614160448,-0.38266110745059106,0.14237490926889115,-0.1352419907579193,-0.33190929019080817,0.08657453178598348,-0.3682835167198126,0.09313001149070317,-0.8262050543994617,-0.1654362176357671,0.08505689121172935,-0.028041567440300143,0.04337142060356819,0.34969663990852895,0.1758838735060886,0.019596397805766132,0.08160273343557559,-0.3236794828513924,-0.5038776308003532,-0.17688023602464573,0.08874819403801341,0.4402380058129031,-0.14854513454281548,0.10645419597838496
2.1494993482722826,-19.246223188191728,1.1046891662165559,-2.8973321742291023,8.597354413462307,-1.855495070047379,-13.94717171861568,5.945420665240145,10.117522004655678,-4.525558506505665,-5.390910586124304,4.768966515302058,-2.435616398093861,0.6948765903442088,5.232668285531887,-14.020451125408158,-5.923746397447028,-3.1158804973874368,-0.418919123746634,-5.891526310066378,0.019596397805766132,19.10659804373389,2.711149217512097,9.159966122017662,-0.11150998614406261,6.441694011312348,-1.1415023585039563,7.4248179230691225,5.654511105762659,-5.567898536715952
0.23736169420548647,-3.0650858929438396,0.13952864861622893,-0.3383284213685402,1.311250229309198,-0.3560798826256196,-1.9701246428798898,0.6693894669023329,1.4947970405670479,-0.7006934437653405,-0.9112318107049927,0.7133075588550268,-0.5095490435552,0.14002158997139694,0.36978441488551084,-2.0571489170136865,-0.7997102475022075,-0.4532667771688506,-0.03981138113844382,-0.6765417569936701,0.08160273343557559,2.711149217512097,0.4200292320663957,1.150478586689008,-0.24160918696113304,0.8318117340462617,-0.12167283633330425,1.2474530583805692,0.7331752448413634,-0.7397900131336418
1.3163374816354827,-7.815011584930626,0.6023784267463826,-1.6966116965086215,3.735801884833283,-0.4974406391454405,-6.724171527612201,3.586600193236144,4.600483754013591,-1.9222663044788966,-1.9663339104508883,2.131605414887982,-0.4748944751064736,0.15810102343130378,4.083555709935187,-6.435506604001891,-3.012524711297215,-1.4467397517569722,-0.28379205978608113,-3.4982255329700025,-0.3236794828513924,9.159966122017662,1.150478586689008,5.022234737358434,0.9006352657041135,3.435749654890033,-0.71755239569229,2.7402006754504242,3.0031691614074205,-2.8817599281928064
0.4197749719190538,2.2477636569947603,0.10362280502369328,-0.4483109493762072,-0.6338183712174527,0.6038806762312443,0.02437038363541981,1.0789047879716795,-0.4371575207919384,0.4005185034058511,0.9663820767353372,-0.2618152572604073,1.062010678837241,-0.26878583536844997,2.35150697585793,0.5145283683530061,-0.22647805218188222,0.08935585621967826,-0.12302390326035689,-0.9846344175577402,-0.5038776308003532,-0.11150998614406261,-0.24160918696113304,0.9006352657041135,1.4436859145165586,0.4880061463069941,-0.25091144116315944,-1.2825851653744407,0.40912101236923326,-0.28880171392500775
0.8821580357240726,-5.7109708319702275,0.4125314968507869,-1.146269728837414,2.6859730726607154,-0.4095618742056927,-4.722991126261787,2.4100796569167877,3.2733520058101346,-1.389507328138729,-1.4769897284156486,1.5226090732576176,-0.43951415181721454,0.13785060481950062,2.63178767159951,-4.569320764182515,-2.0922447837683342,-1.0245807972989136,-0.18693650525114555,-2.357458931436234,-0.17688023602464573,6.441694011312348,0.8318117340462617,3.435749654890033,0.4880061463069941,2.3632266346182056,-0.47866835291444676,2.0518636273959676,2.0674257138310796,-1.9942159913957835
-0.2055862906215669,0.7686803714622106,-0.08564539688126997,0.2561371243308422,-0.40946264653129505,0.00499817263729209,0.8434372005203682,-0.5539750328760189,-0.5369695238451159,0.20359886060633056,0.1551963273066085,-0.24315197936787447,-0.041512656144684836,0.005738301770640797,-0.7378017685841712,0.7604010746070611,0.4005034472096925,0.17345114979381637,0.04742311856293945,0.5338715308575871,0.08874819403801341,-1.1415023585039563,-0.12167283633330425,-0.71755239569229,-0.25091144116315944,-0.47866835291444676,0.11417355625933201,-0.2223878772395627,-0.41673851759190794,0.3899979377616013
0.46402619582016363,-9.312952543776321,0.3347556993409581,-0.7263795332407709,3.842150732172135,-1.2303468012397412,-5.370891918532196,1.3540458491436458,4.256379563231488,-2.0799063317446858,-2.8977981064112233,2.054158915720301,-1.846308042405012,0.4973745016028246,-0.012244764290818572,-5.8199397484010476,-2.0777808260919963,-1.271950523365507,-0.055041574105609274,-1.4143305747402048,0.4402380058129031,7.4248179230691225,1.2474530583805692,2.7402006754504242,-1.2825851653744407,2.0518636273959676,-0.2223878772395627,3.949529487756813,1.8176550087580918,-1.8877593572929687
0.7685901030209172,-5.041569816539207,0.3606513268367937,-0.9999880485953028,2.365529686630574,-0.3674242409800883,-4.145074844811358,2.1007095365805846,2.8783883555179774,-1.2246984640121494,-1.3089717205933287,1.339665701539731,-0.3997825480172727,0.1245366257924789,2.278403421187657,-4.016716341032295,-1.8330873918054291,-0.9003251481948169,-0.16241883744170188,-2.055780813036827,-0.14854513454281548,5.654511105762659,0.7331752448413634,3.0031691614074205,0.40912101236923326,2.0674257138310796,-0.41673851759190794,1.8176550087580918,1.8088857907882818,-1.7462342507471142
-0.7226484943102112,5.133123602631876,-0.34642765394676195,0.9479015090068613,-2.375425223444358,0.4086690353989071,4.077075411753032,-1.9805175949258207,-2.8641831881714106,1.235507703845402,1.3628147402281032,-1.3376385683130294,0.47647280495402106,-0.14355233770932843,-2.055235796323449,3.989389574416181,1.7843765275271122,0.8921595347856791,0.15001410814981828,1.9437516545549058,0.10645419597838496,-5.567898536715952,-0.7397900131336418,-2.8817599281928064,-0.28880171392500775,-1.9942159913957835,0.3899979377616013,-1.8877593572929687,-1.7462342507471142,1.6940927456797124
