V1,V2,V3,V4,V5,V6,V7,V8,V9,V10,V11,V12,V13,V14,V15,V16,V17,V18,V19,V20,V21,V22,V23,V24,V25,V26,V27,V28,V29,V30
0.34011640173610247,1.1054802896239804,0.19213253990531187,-0.16323184509294375,-0.39987538434071723,0.2708827970211073,-0.2447206482544295,0.6370035193673066,0.005163715113694892,0.09442479855852469,0.24442842389662978,0.14987644238587045,0.7657187309143553,-0.09889462143243187,1.370115661744882,0.05797806824559074,-0.16853094920622677,-0.018442484469250973,-0.06874150186514336,-0.7599604776538055,-0.4403791961928378,0.6166386072601817,0.059741446355280226,1.0265809617078467,0.8899077729435357,0.43327471737827183,-0.19980215586584843,-0.6279976296580433,0.6636242069641752,-0.10154341243439771
1.1054802896239804,3.672719577049044,0.7931795277026775,-0.1443740529847651,-1.6207509389032309,0.7079222754152109,-0.6466678072795037,1.625335155427506,0.1147065847221065,0.18514625403394355,0.2850369542345132,0.8670641129847172,2.66854710975215,-0.2003549549607554,3.793583189938716,0.28230482783039884,-0.30850778959019604,-0.06448664937858344,-0.1768359856503023,-2.365136790557819,-1.6043388694488003,2.401978663832793,0.4776310319726869,3.6693702432702042,2.723943117683578,1.301249154888849,-0.6498185150536506,-1.9236929614911946,2.596461061339867,0.09118209681428957
0.19213253990531187,0.7931795277026775,0.46864326468705225,0.7311060673922262,-0.9112076610007642,-0.21545630342573469,0.1801595323629887,-0.588772458220503,0.21052616199487958,-0.20586282566201436,-0.9470308542887189,0.8936179953964996,0.814821159006766,0.20349920906707128,-0.6321808235204844,0.23380916249405434,0.41323791813534455,-0.020258436965038158,0.0597987242877902,-0.2041239501770028,-0.6178840424984546,1.1949837863369317,0.6389635548957401,1.287136550393037,0.14106057603324465,0.01670703157906385,-0.11309723887604227,-0.10362654793134334,1.3107738538678866,0.8375361113803083
-0.16323184509294375,-0.1443740529847651,0.7311060673922262,1.9611885028153424,-1.3749067542673026,-0.9723916412591574,0.8450340942906277,-2.4752628652962265,0.47283606753257396,-0.6382945038948361,-2.5993254675543414,1.7785331455625055,0.5071170549203896,0.6400429548958351,-3.873497478315745,0.43154011234398526,1.244424245036989,-0.013578870957296965,0.2588917545831336,0.8790808609623099,-0.6326075178677908,1.6408219188161992,1.3549698197123181,1.1255524672779567,-1.2531040936581335,-0.729560860813909,0.09506361791591407,0.8754302707866705,1.822259402014957,2.0967117650397515
-0.39987538434071723,-1.6207509389032309,-0.9112076610007642,-1.3749067542673026,1.7743741769518733,0.3827666723062796,-0.3182400860991698,1.056351072528744,-0.4011377601735195,0.38224060315735636,1.77761291366402,-1.7156749883082336,-1.6277193983994545,-0.3773450444224746,1.065131934068882,-0.45080743245138416,-0.7694039863176773,0.04041464913059836,-0.10685480720445413,0.4649461969344207,1.2202137759060676,-2.336176115287188,-1.2220288806729915,-2.5528089800210783,-0.35799331246964744,-0.07543164105884438,0.2353180914851174,0.26042050589258214,-2.5612780602146676,-1.583598118677033
0.2708827970211073,0.7079222754152109,-0.21545630342573469,-0.9723916412591574,0.3827666723062796,0.5928011089518712,-0.5207702394301943,1.4779004788666439,-0.20822926178413323,0.34038968629168365,1.30485718026148,-0.7082545509929559,0.2187935662767716,-0.3442166480736896,2.529937243487641,-0.1596016742293449,-0.6543366569628999,-0.004610469294271279,-0.15562033307706358,-0.8357569735031563,0.02694667492597195,-0.3750514744096034,-0.5717107961922815,0.09415065432161446,1.078947996935029,0.5784088314478683,-0.1589355079761956,-0.7571575607316837,-0.42895569221713037,-0.9962914439800588
-0.2447206482544295,-0.6466678072795037,0.1801595323629887,0.8450340942906277,-0.3182400860991698,-0.5207702394301943,0.45791462575543757,-1.2965332216159513,0.17934053756236593,-0.2968584499839889,-1.1344540012007909,0.6066894645371872,-0.2134543017352273,0.30080189448748057,-2.2283683966918653,0.136302534045625,0.5699825272974423,0.004517559376436771,0.1363656693652992,0.7462941514131267,-0.00945833215282239,0.3040660636998517,0.49218745567319816,-0.1143714104169981,-0.9607394635234884,-0.5132309365057539,0.14378948955713466,0.6740133252114314,0.34920950227272496,0.8627887221570713
0.6370035193673066,1.625335155427506,-0.588772458220503,-2.4752628652962265,1.056351072528744,1.4779004788666439,-1.2965332216159513,3.6929917463795405,-0.5381773116964358,0.8601680147548131,3.3178692704334667,-1.8516670941957918,0.42620358923507196,-0.8678634095185812,6.271748318894355,-0.4205937432030571,-1.6565802248299237,-0.00871651374255684,-0.38913947760406215,-2.015806356987363,0.14763526192564605,-1.0769469761759156,-1.4823134056963965,0.057755395638318524,2.618165379718436,1.4125381735609484,-0.37317126871948675,-1.837527334337479,-1.2239693300538912,-2.550433002306195
0.005163715113694892,0.1147065847221065,0.21052616199487958,0.47283606753257396,-0.4011377601735195,-0.20822926178413323,0.17934053756236593,-0.5381773116964358,0.12064072575660291,-0.14847437297745822,-0.6233641014812571,0.4699136490656618,0.23285165156756552,0.1474855731898826,-0.7912255065613698,0.11637643980854025,0.2920104078049878,-0.0058633067469373605,0.05634808131247394,0.11764439944192895,-0.21955852221007052,0.49890240607521485,0.3497375604394998,0.42506955414857006,-0.19387487251849891,-0.12519162175378915,-0.003567842296635052,0.13507566734339213,0.5509910364369707,0.5169981969513158
0.09442479855852469,0.18514625403394355,-0.20586282566201436,-0.6382945038948361,0.38224060315735636,0.34038968629168365,-0.2968584499839889,0.8601680147548131,-0.14847437297745822,0.2130564904210019,0.8497381579148293,-0.5413526722465063,-0.06301863384985393,-0.2138520606736432,1.3932800078414682,-0.12840107274690254,-0.41355259878271106,0.00191292906673266,-0.09037327917390976,-0.3727395688966617,0.1434588812474673,-0.438986156256266,-0.4189922496165174,-0.2249831238551589,0.5067922120162289,0.2846147155659145,-0.05507938390404513,-0.35502979646604743,-0.4901301948019769,-0.6737436257090036
0.24442842389662978,0.2850369542345132,-0.9470308542887189,-2.5993254675543414,1.77761291366402,1.30485718026148,-1.1344540012007909,3.3178692704334667,-0.6233641014812571,0.8497381579148293,3.447975191298594,-2.332052439064445,-0.603013245145114,-0.8516895754955914,5.2241578304692755,-0.5634695828378967,-1.6556746092562613,0.01624264816728367,-0.3475198407626579,-1.2236198570473926,0.7958773347847222,-2.110470594917587,-1.7806003224926639,-1.3962728144561547,1.727426839236906,0.9990865601959333,-0.14220342811796202,-1.2077707998068457,-2.3454883768742136,-2.7740198021976963
0.14987644238587045,0.8670641129847172,0.8936179953964996,1.7785331455625055,-1.7156749883082336,-0.7082545509929559,0.6066894645371872,-1.8516670941957918,0.4699136490656618,-0.5413526722465063,-2.332052439064445,1.88511659191723,1.1973710832553668,0.5382795438526143,-2.557019846085717,0.4766039958334806,1.0699941202092793,-0.030102452491380195,0.19203954004975934,0.17003759770768004,-1.0233451070914796,2.175720559617122,1.3857671524048256,2.0436304506687253,-0.418658630625932,-0.32179402713394095,-0.08914055670964259,0.28716107943203184,2.3968015920714905,1.9693521910197864
0.7657187309143553,2.66854710975215,0.814821159006766,0.5071170549203896,-1.6277193983994545,0.2187935662767716,-0.2134543017352273,0.42620358923507196,0.23285165156756552,-0.06301863384985393,-0.603013245145114,1.1973710832553668,2.1305014235916024,0.052153654877384666,1.5906285404957703,0.34355142237706743,0.16169451531691212,-0.051880043949413986,-0.04955433499589564,-1.4725249899295216,-1.383341702677468,2.2883928042275,0.7768711819053771,3.0636308204009968,1.620673462895899,0.7330937727424863,-0.4504503329216358,-1.1474288105801123,2.4888433083695833,0.7238836238496011
-0.09889462143243187,-0.2003549549607554,0.20349920906707128,0.6400429548958351,-0.3773450444224746,-0.3442166480736896,0.30080189448748057,-0.8678634095185812,0.1474855731898826,-0.2138520606736432,-0.8516895754955914,0.5382795438526143,0.052153654877384666,0.21589886629320842,-1.4103273385650674,0.128211925441959,0.41430778659960543,-0.0017807423284622527,0.09069704287373623,0.3835530190605689,-0.13775908017688426,0.42959955219113405,0.41858696895462144,0.2097799568130049,-0.5199254172360139,-0.2900518314390546,0.05818172520338342,0.36358360396882883,0.48026613411934815,0.6724445005201775
1.370115661744882,3.793583189938716,-0.6321808235204844,-3.873497478315745,1.065131934068882,2.529937243487641,-2.2283683966918653,6.271748318894355,-0.7912255065613698,1.3932800078414682,5.2241578304692755,-2.557019846085717,1.5906285404957703,-1.4103273385650674,11.012302688446725,-0.5509010409354514,-2.6665343580680707,-0.03600968254614859,-0.662887237575416,-3.9397425002609743,-0.3325833020555769,-0.8241620286268614,-2.122464204140786,1.371189652542205,4.995386440136544,2.6363813958188644,-0.8033482857405373,-3.5101921352269874,-0.9832473397780686,-3.907516392745386
0.05797806824559074,0.28230482783039884,0.23380916249405434,0.43154011234398526,-0.45080743245138416,-0.1596016742293449,0.136302534045625,-0.4205937432030571,0.11637643980854025,-0.12840107274690254,-0.5634695828378967,0.4766039958334806,0.34355142237706743,0.128211925441959,-0.5509010409354514,0.12233942991205259,0.2544588876857133,-0.008680557171763624,0.04309883373770355,-0.0035132891698908967,-0.2811191748933159,0.577130575599791,0.34813252926711297,0.5690090249305219,-0.05075842330496253,-0.053332002598089394,-0.03399604167820396,0.03324633499970473,0.6350043782915125,0.48108250140530195
-0.16853094920622677,-0.30850778959019604,0.41323791813534455,1.244424245036989,-0.7694039863176773,-0.6543366569628999,0.5699825272974423,-1.6565802248299237,0.2920104078049878,-0.41355259878271106,-1.6556746092562613,1.0699941202092793,0.16169451531691212,0.41430778659960543,-2.6665343580680707,0.2544588876857133,0.8037796679733804,-0.00460559504611511,0.17420248509652903,0.6934593274269448,-0.30305880188962664,0.8922075000238852,0.8247608527671202,0.49274987960868466,-0.9497504427662643,-0.5371798592599663,0.09800874861476495,0.6654790872018724,0.9948001927202477,1.3181576360815785
-0.018442484469250973,-0.06448664937858344,-0.020258436965038158,-0.013578870957296965,0.04041464913059836,-0.004610469294271279,0.004517559376436771,-0.00871651374255684,-0.0058633067469373605,0.00191292906673266,0.01624264816728367,-0.030102452491380195,-0.051880043949413986,-0.0017807423284622527,-0.03600968254614859,-0.008680557171763624,-0.00460559504611511,0.0012783150994057377,0.0010876415257254817,0.03499099443498322,0.03395863641508999,-0.05642479771487912,-0.019787184683838718,-0.07481139448788944,-0.038259381919952484,-0.017294374794598614,0.010797982604049114,0.027173764596252318,-0.061420377547017624,-0.018679203704788375
-0.06874150186514336,-0.1768359856503023,0.0597987242877902,0.2588917545831336,-0.10685480720445413,-0.15562033307706358,0.1363656693652992,-0.38913947760406215,0.05634808131247394,-0.09037327917390976,-0.3475198407626579,0.19203954004975934,-0.04955433499589564,0.09069704287373623,-0.662887237575416,0.04309883373770355,0.17420248509652903,0.0010876415257254817,0.04123447315626537,0.21489639770088328,-0.012131558931771261,0.10812633767881719,0.15363258065927754,-0.012725687612936847,-0.278251708656541,-0.15022148790220977,0.04006993012286966,0.19561237104362084,0.12302078436529579,0.26721200257452304
-0.7599604776538055,-2.365136790557819,-0.2041239501770028,0.8790808609623099,0.4649461969344207,-0.8357569735031563,0.7462941514131267,-2.015806356987363,0.11764439944192895,-0.3727395688966617,-1.2236198570473926,0.17003759770768004,-1.4725249899295216,0.3835530190605689,-3.9397425002609743,-0.0035132891698908967,0.6934593274269448,0.03499099443498322,0.21489639770088328,1.8393657825680938,0.7532381009024796,-0.8494667411154493,0.24501870375714127,-1.8528846189038373,-2.215409289841864,-1.1105275232821645,0.4465810527424447,1.5603843640311272,-0.8986006305582781,0.7845589461226321
-0.4403791961928378,-1.6043388694488003,-0.6178840424984546,-0.6326075178677908,1.2202137759060676,0.02694667492597195,-0.00945833215282239,0.14763526192564605,-0.21955852221007052,0.1434588812474673,0.7958773347847222,-1.0233451070914796,-1.383341702677468,-0.13775908017688426,-0.3325833020555769,-0.2811191748933159,-0.30305880188962664,0.03395863641508999,-0.012131558931771261,0.7532381009024796,0.9485503814008297,-1.6663536076760994,-0.697698544983943,-2.0542626016717174,-0.7816483583918802,-0.3272289267262885,0.25896556274981614,0.5557329876223501,-1.8186673733257095,-0.7860173032718685
0.6166386072601817,2.401978663832793,1.1949837863369317,1.6408219188161992,-2.336176115287188,-0.3750514744096034,0.3040660636998517,-1.0769469761759156,0.49890240607521485,-0.438986156256266,-2.110470594917587,2.175720559617122,2.2883928042275,0.42959955219113405,-0.8241620286268614,0.577130575599791,0.8922075000238852,-0.05642479771487912,0.10812633767881719,-0.8494667411154493,-1.6663536076760994,3.110871409483471,1.5310835840496673,3.526845408267435,0.7649911913618009,0.24889430563775122,-0.3634416696496416,-0.5484318387813203,3.405762880394925,1.9241830317693962
0.059741446355280226,0.4776310319726869,0.6389635548957401,1.3549698197123181,-1.2220288806729915,-0.5717107961922815,0.49218745567319816,-1.4823134056963965,0.3497375604394998,-0.4189922496165174,-1.7806003224926639,1.3857671524048256,0.7768711819053771,0.41858696895462144,-2.122464204140786,0.34813252926711297,0.8247608527671202,-0.019787184683838718,0.15363258065927754,0.24501870375714127,-0.697698544983943,1.5310835840496673,1.0276628573878028,1.3687374847565439,-0.45160112086548787,-0.30713201754562347,-0.03543479499885522,0.3117681687254874,1.689343506860371,1.4859151121109877
1.0265809617078467,3.6693702432702042,1.287136550393037,1.1255524672779567,-2.5528089800210783,0.09415065432161446,-0.1143714104169981,0.057755395638318524,0.42506955414857006,-0.2249831238551589,-1.3962728144561547,2.0436304506687253,3.0636308204009968,0.2097799568130049,1.371189652542205,0.5690090249305219,0.49274987960868466,-0.07481139448788944,-0.012725687612936847,-1.8528846189038373,-2.0542626016717174,3.526845408267435,1.3687374847565439,4.491035614464992,1.978051485848962,0.8593225626932245,-0.6043174847803061,-1.40266397318893,3.8437936791819842,1.4562883883045363
0.8899077729435357,2.723943117683578,0.14106057603324465,-1.2531040936581335,-0.35799331246964744,1.078947996935029,-0.9607394635234884,2.618165379718436,-0.19387487251849891,0.5067922120162289,1.727426839236906,-0.418658630625932,1.620673462895899,-0.5199254172360139,4.995386440136544,-0.05075842330496253,-0.9497504427662643,-0.038259381919952484,-0.278251708656541,-2.215409289841864,-0.7816483583918802,0.7649911913618009,-0.45160112086548787,1.978051485848962,2.693079534717412,1.3623355784284144,-0.5230504720593165,-1.895589065858466,0.7982134350885111,-1.1610725099647665
0.43327471737827183,1.301249154888849,0.01670703157906385,-0.729560860813909,-0.07543164105884438,0.5784088314478683,-0.5132309365057539,1.4125381735609484,-0.12519162175378915,0.2846147155659145,0.9990865601959333,-0.32179402713394095,0.7330937727424863,-0.2900518314390546,2.6363813958188644,-0.053332002598089394,-0.5371798592599663,-0.017294374794598614,-0.15022148790220977,-1.1105275232821645,-0.3272289267262885,0.24889430563775122,-0.30713201754562347,0.8593225626932245,1.3623355784284144,0.6964947419261666,-0.254236346779858,-0.9590037685800041,0.252269796647295,-0.6969550738397396
-0.19980215586584843,-0.6498185150536506,-0.11309723887604227,0.09506361791591407,0.2353180914851174,-0.1589355079761956,0.14378948955713466,-0.37317126871948675,-0.003567842296635052,-0.05507938390404513,-0.14220342811796202,-0.08914055670964259,-0.4504503329216358,0.05818172520338342,-0.8033482857405373,-0.03399604167820396,0.09800874861476495,0.010797982604049114,0.04006993012286966,0.4465810527424447,0.25896556274981614,-0.3634416696496416,-0.03543479499885522,-0.6043174847803061,-0.5230504720593165,-0.254236346779858,0.11756569846384768,0.3688308747201181,-0.3910579458919825,0.05788040619900502
-0.6279976296580433,-1.9236929614911946,-0.10362654793134334,0.8754302707866705,0.26042050589258214,-0.7571575607316837,0.6740133252114314,-1.837527334337479,0.13507566734339213,-0.35502979646604743,-1.2077707998068457,0.28716107943203184,-1.1474288105801123,0.36358360396882883,-3.5101921352269874,0.03324633499970473,0.6654790872018724,0.027173764596252318,0.19561237104362084,1.5603843640311272,0.5557329876223501,-0.5484318387813203,0.3117681687254874,-1.40266397318893,-1.895589065858466,-0.9590037685800041,0.3688308747201181,1.334725933380676,-0.5729414151598126,0.8110527220911169
0.6636242069641752,2.596461061339867,1.3107738538678866,1.822259402014957,-2.5612780602146676,-0.42895569221713037,0.34920950227272496,-1.2239693300538912,0.5509910364369707,-0.4901301948019769,-2.3454883768742136,2.3968015920714905,2.4888433083695833,0.48026613411934815,-0.9832473397780686,0.6350043782915125,0.9948001927202477,-0.061420377547017624,0.12302078436529579,-0.8986006305582781,-1.8186673733257095,3.405762880394925,1.689343506860371,3.8437936791819842,0.7982134350885111,0.252269796647295,-0.3910579458919825,-0.5729414151598126,3.72927845328831,2.1317149763611942
-0.10154341243439771,0.09118209681428957,0.8375361113803083,2.0967117650397515,-1.583598118677033,-0.9962914439800588,0.8627887221570713,-2.550433002306195,0.5169981969513158,-0.6737436257090036,-2.7740198021976963,1.9693521910197864,0.7238836238496011,0.6724445005201775,-3.907516392745386,0.48108250140530195,1.3181576360815785,-0.018679203704788375,0.26721200257452304,0.7845589461226321,-0.7860173032718685,1.9241830317693962,1.4859151121109877,1.4562883883045363,-1.1610725099647665,-0.6969550738397396,0.05788040619900502,0.8110527220911169,2.1317149763611942,2.2620542612798435
