V1,V2,V3,V4,V5,V6,V7,V8,V9,V10,V11,V12,V13,V14,V15,V16,V17,V18,V19,V20,V21,V22,V23,V24,V25,V26,V27,V28,V29,V30
0.41891329036851205,0.4926865424200893,0.38184645776407794,0.23961129764757405,-0.5588617171515826,-0.14374904254656334,-0.21502384429841112,-0.27679707931547143,-0.08938469886296435,0.5418532743702246,-0.1764934561049601,-0.0541295753775736,0.014664615456256235,-0.24288759526479003,0.07418450895376387,0.4832427397439221,0.28644024671320856,-0.13575883634599464,0.6957603674629833,-0.8950489054455262,-0.5274668666136315,0.37710252430502256,-0.8324395825144104,0.5381052208422968,0.25250639822720433,0.41996956756002596,0.1741678299352682,0.1308510488404569,1.1943224298168609,-0.08365204695680646
0.4926865424200893,1.5995441272369495,0.5590352427120983,0.4214719429004714,-1.0853950595142705,0.057986163911190214,-0.11439789138027057,0.08083925305639329,0.14325431717951628,0.01535995676657676,-0.4956568333929161,0.7651919364449188,1.2491916063731536,0.02499622464591791,0.7370803087428249,0.2890620337997145,0.1945021885556795,-0.05065862869127725,0.0858209511440963,-0.9366188004652153,-0.902542943373814,1.4480202707582652,0.3889821065789365,1.8932408057640406,0.9086975475553135,0.4497340395707665,-0.2261380122378419,-0.5977287907606618,1.6948277941465868,0.5065748352121193
0.38184645776407794,0.5590352427120983,0.6209830026775008,0.844786330034609,-1.0252603029710363,-0.41669098504060187,0.043730288887698567,-0.9861078726396401,0.07251166230312305,0.3089863882976584,-0.9838327099825194,0.5526143563631662,0.2813764249906364,-0.02976597408273952,-1.0191365438826363,0.5994001868843846,0.6525597110113285,-0.13350530381493073,0.7241133146045502,-0.6474977986169195,-0.7574694725828657,0.9712869371197326,-0.32372977182139573,1.007171569606348,-0.05683744001395056,0.2103822782980221,0.16760263023071134,0.3255367189041632,1.7993917077511226,0.5968193328495791
0.23961129764757405,0.4214719429004714,0.844786330034609,1.5876802174458382,-1.4783315708071858,-0.7773792459431521,0.4221985441157986,-1.9240744386452766,0.28064166144404673,-0.05068795345016345,-1.9944290473557116,1.2825544947788394,0.4932514718306392,0.27374817983098093,-2.5775487965792974,0.6809653997527565,1.0969966223630117,-0.11316529033077723,0.6933980063244901,-0.1315347711203736,-0.9169917149083524,1.5688162805704922,0.3839934284534076,1.371860430868644,-0.598214117226726,-0.1581282737133708,0.17049886977491077,0.6448120550665329,2.3142354965611096,1.458381693785487
-0.5588617171515826,-1.0853950595142705,-1.0252603029710363,-1.4783315708071858,1.7728993438111937,0.6547350684070591,-0.172867707423468,1.6043143524533383,-0.212861526793091,-0.2567730082504846,1.7773429249852395,-1.1946349285159357,-0.774772049917641,-0.08906865923901541,1.7108401048174662,-0.8689423875336029,-1.0542305183705303,0.1751362519192718,-0.9276339636174563,0.8703739840764819,1.2655176757452309,-1.855846908776406,0.0254449914551612,-1.930166150944166,0.04041908573245193,-0.2446652457428424,-0.15597334039569724,-0.3781040972127834,-2.942176554663108,-1.2361827482328898
-0.14374904254656334,0.057986163911190214,-0.41669098504060187,-0.7773792459431521,0.6547350684070591,0.4683288362519215,-0.16220622842336938,1.1099156573002755,-0.06499147138690137,-0.18511065279548056,0.9367568123105479,-0.40546599486754503,0.10915126542827752,-0.03515320343323428,1.4936125650411824,-0.45277859207351684,-0.6133005070382873,0.09650410212254568,-0.6027788325441514,0.14837339913031153,0.4107516461590981,-0.5222040680788718,0.24930728253578097,-0.35618357394795674,0.46873177620287415,0.04478841781265647,-0.22193271864059744,-0.5537182799137514,-1.1528453927419444,-0.5587477258136586
-0.21502384429841112,-0.11439789138027057,0.043730288887698567,0.4221985441157986,-0.172867707423468,-0.16220622842336938,0.3261530710871887,-0.4652034523218407,0.19002028715255137,-0.47165504095327715,-0.6345246336052716,0.5850720817991022,0.2815600903448463,0.304945591091541,-0.9448584040596937,-0.12438569755462783,0.18418588354230606,0.06718014328952908,-0.3142678788260541,0.6154788705641207,0.02081465345647836,0.39281007221919784,0.8674187846790937,0.22437368142391592,-0.351781399158296,-0.37118998473130616,-0.10575670215188514,0.0759137613299902,0.006166113544499073,0.6480886292271834
-0.27679707931547143,0.08083925305639329,-0.9861078726396401,-1.9240744386452766,1.6043143524533383,1.1099156573002755,-0.4652034523218407,2.6776915312877416,-0.21825094664004108,-0.27249728463371037,2.351039747053603,-1.1524569679355134,0.09139889341295228,-0.18214224228625295,3.6589051088581805,-0.9972662156764198,-1.45768863881677,0.1999077437091073,-1.2623390125878609,0.18712148026393335,0.9704609607879817,-1.3876642446210887,0.25507188899067873,-0.9829090519616117,1.125711727717428,0.19273962078912918,-0.46419931461057745,-1.2470253796599704,-2.709023638698706,-1.5149393471079495
-0.08938469886296435,0.14325431717951628,0.07251166230312305,0.28064166144404673,-0.212861526793091,-0.06499147138690137,0.19002028715255137,-0.21825094664004108,0.14212442931511077,-0.3273131177806585,-0.4198403313035302,0.4646315210586874,0.3649043961105779,0.2052817160643233,-0.4205033234170745,-0.07983858715934952,0.10231462391825898,0.04542145365582971,-0.24588934348588531,0.2971381276949753,-0.07605807683697272,0.4187762864681828,0.6536788133939447,0.3787501777612639,-0.07706495334126896,-0.18368616109551322,-0.11713452980325637,-0.07186859436290213,0.1452798460466746,0.4613519944666438
0.5418532743702246,0.01535995676657676,0.3089863882976584,-0.05068795345016345,-0.2567730082504846,-0.18511065279548056,-0.47165504095327715,-0.27249728463371037,-0.3273131177806585,1.152249341412086,0.3150848089940839,-0.8157720675458221,-0.8070827543483979,-0.5798967672872691,0.21846528327291245,0.71390193291818,0.27355876736932205,-0.23524346652748376,1.278568328627079,-1.313386669852054,-0.39995442785907687,-0.3676375383238175,-2.0583306485108204,-0.24950733034953046,0.11553161952522936,0.6581855264183457,0.4766038885189933,0.5035976520584692,1.0734915456537106,-0.7508470006094435
-0.1764934561049601,-0.4956568333929161,-0.9838327099825194,-1.9944290473557116,1.7773429249852395,0.9367568123105479,-0.6345246336052716,2.351039747053603,-0.4198403313035302,0.3150848089940839,2.563261117843904,-1.770943887545365,-0.7716782502038144,-0.46769906330466654,3.2922863509383387,-0.6960522101567883,-1.3145673538132021,0.09008862384094427,-0.5941217124098529,-0.1362163672708569,1.0483822153668236,-2.0221386600378417,-0.9173633982979236,-1.7404966420260395,0.7927868064380142,0.350776233062635,-0.11214653038785873,-0.7111585637303413,-2.639493011654498,-1.9791139038452235
-0.0541295753775736,0.7651919364449188,0.5526143563631662,1.2825544947788394,-1.1946349285159357,-0.40546599486754503,0.5850720817991022,-1.1524569679355134,0.4646315210586874,-0.8157720675458221,-1.770943887545365,1.691346075296834,1.271275008428751,0.5966614820850642,-1.7510254100714149,0.079707107697459,0.6459857654059538,0.06521700743563477,-0.3575232089060595,0.5226353253682633,-0.6442550466294881,1.7914026244258816,1.7923367971034174,1.70506214445837,-0.22956093316817427,-0.4250074423103032,-0.2704683690713511,-0.06635388008990291,1.4099395651415723,1.695687686978468
0.014664615456256235,1.2491916063731536,0.2813764249906364,0.4932514718306392,-0.774772049917641,0.10915126542827752,0.2815600903448463,0.09139889341295228,0.3649043961105779,-0.8070827543483979,-0.7716782502038144,1.271275008428751,1.568622106667566,0.4522153319068229,0.1910654604241441,-0.2255048985052331,0.048720773692619825,0.1178503201471562,-0.7789566143149714,0.20007145682271102,-0.4861558791363919,1.5017710928987889,1.7850627324229646,1.7422303831316466,0.5631035419083646,-0.13439075085810048,-0.4956427825330809,-0.7586494235887309,0.7352450937511945,1.0420865085900484
-0.24288759526479003,0.02499622464591791,-0.02976597408273952,0.27374817983098093,-0.08906865923901541,-0.03515320343323428,0.304945591091541,-0.18214224228625295,0.2052817160643233,-0.5798967672872691,-0.46769906330466654,0.5966614820850642,0.4522153319068229,0.33252443804811666,-0.5448125889595928,-0.25180457736299505,0.03694416715978686,0.09962478917291352,-0.5263803904457853,0.6524376936060976,0.07094947824746906,0.4040881997564633,1.07812490458106,0.30391997814688754,-0.1745153542919894,-0.3616630866741693,-0.20223629416685981,-0.13227710944023033,-0.19570135281094633,0.600761618638362
0.07418450895376387,0.7370803087428249,-1.0191365438826363,-2.5775487965792974,1.7108401048174662,1.4936125650411824,-0.9448584040596937,3.6589051088581805,-0.4205033234170745,0.21846528327291245,3.2922863509383387,-1.7510254100714149,0.1910654604241441,-0.5448125889595928,5.554024248904195,-0.9310374889179872,-1.8428580323563482,0.14119340834828875,-1.0935179516439952,-0.7725929211566469,0.8181060805351704,-1.5920248126988636,-0.5464908449708978,-0.7877457769463763,1.998059374255176,0.787124441184754,-0.49127964061633184,-1.7297668169513019,-2.6164594886049377,-2.322961438455003
0.4832427397439221,0.2890620337997145,0.5994001868843846,0.6809653997527565,-0.8689423875336029,-0.45277859207351684,-0.12438569755462783,-0.9972662156764198,-0.07983858715934952,0.71390193291818,-0.6960522101567883,0.079707107697459,-0.2255048985052331,-0.25180457736299505,-0.9310374889179872,0.7719639039310346,0.6641802646264154,-0.20256068995681983,1.127347476884975,-0.9541391230561895,-0.7096365752873337,0.5336599794123774,-1.1305557638091026,0.5498121681221683,-0.13153130690982964,0.37737343975165333,0.3616881662073255,0.5660107228622162,1.7924788843883697,0.17800102067477125
0.28644024671320856,0.1945021885556795,0.6525597110113285,1.0969966223630117,-1.0542305183705303,-0.6133005070382873,0.18418588354230606,-1.45768863881677,0.10231462391825898,0.27355876736932205,-1.3145673538132021,0.6459857654059538,0.048720773692619825,0.03694416715978686,-1.8428580323563482,0.6641802646264154,0.8498548973213226,-0.14150932929343718,0.8412688138785515,-0.3851538308321458,-0.7049659862640506,0.9265034007163259,-0.3121827708086011,0.7851559705899503,-0.46287194183817854,0.031807865299127186,0.265338378654828,0.6420776149626752,1.8347232780743703,0.8055636586134051
-0.13575883634599464,-0.05065862869127725,-0.13350530381493073,-0.11316529033077723,0.1751362519192718,0.09650410212254568,0.06718014328952908,0.1999077437091073,0.04542145365582971,-0.23524346652748376,0.09008862384094427,0.06521700743563477,0.1178503201471562,0.09962478917291352,0.14119340834828875,-0.20256068995681983,-0.14150932929343718,0.05786786934114358,-0.3188923919613387,0.2918898924466768,0.1612221547122823,-0.05643172704074766,0.3949148453678638,-0.07036929000088264,0.01218177848309242,-0.12894402146604877,-0.10912798190808318,-0.14726499186284908,-0.4139555593830296,0.0415607940130626
0.6957603674629833,0.0858209511440963,0.7241133146045502,0.6933980063244901,-0.9276339636174563,-0.6027788325441514,-0.3142678788260541,-1.2623390125878609,-0.24588934348588531,1.278568328627079,-0.5941217124098529,-0.3575232089060595,-0.7789566143149714,-0.5263803904457853,-1.0935179516439952,1.127347476884975,0.8412688138785515,-0.3188923919613387,1.7945343548110364,-1.4752894365519265,-0.833084644220967,0.23687909324202142,-2.1868039944452047,0.2324985961237794,-0.2472268874001836,0.6259797191337494,0.6403902117539507,0.9454477050414094,2.2200118852132933,-0.17987208544922723
-0.8950489054455262,-0.9366188004652153,-0.6474977986169195,-0.1315347711203736,0.8703739840764819,0.14837339913031153,0.6154788705641207,0.18712148026393335,0.2971381276949753,-1.313386669852054,-0.1362163672708569,0.5226353253682633,0.20007145682271102,0.6524376936060976,-0.7725929211566469,-0.9541391230561895,-0.3851538308321458,0.2918898924466768,-1.4752894365519265,2.029968742328423,0.9486355600629108,-0.37536736800309883,2.1192194621470732,-0.7754544800758788,-0.6827628683313057,-1.0121109039122382,-0.3985601322265326,-0.19799747063355175,-2.1229217028620453,0.609789679449237
-0.5274668666136315,-0.902542943373814,-0.7574694725828657,-0.9169917149083524,1.2655176757452309,0.4107516461590981,0.02081465345647836,0.9704609607879817,-0.07605807683697272,-0.39995442785907687,1.0483822153668236,-0.6442550466294881,-0.4861558791363919,0.07094947824746906,0.8181060805351704,-0.7096365752873337,-0.7049659862640506,0.1612221547122823,-0.833084644220967,0.9486355600629108,0.9745538444614948,-1.2421815477085165,0.3992477643496347,-1.385252814385999,-0.15442232640250686,-0.3590774406873407,-0.15291187468894551,-0.22808356159744259,-2.2256535666699406,-0.6354446032722417
0.37710252430502256,1.4480202707582652,0.9712869371197326,1.5688162805704922,-1.855846908776406,-0.5222040680788718,0.39281007221919784,-1.3876642446210887,0.4187762864681828,-0.3676375383238175,-2.0221386600378417,1.7914026244258816,1.5017710928987889,0.4040881997564633,-1.5920248126988636,0.5336599794123774,0.9265034007163259,-0.05643172704074766,0.23687909324202142,-0.37536736800309883,-1.2421815477085165,2.366074932340591,1.1781776915405373,2.486057242603469,0.12702927874832334,-0.00399822739238063,-0.16361474365189313,-0.05368855206856386,2.7072432688471877,1.7293693820397993
-0.8324395825144104,0.3889821065789365,-0.32372977182139573,0.3839934284534076,0.0254449914551612,0.24930728253578097,0.8674187846790937,0.25507188899067873,0.6536788133939447,-2.0583306485108204,-0.9173633982979236,1.7923367971034174,1.7850627324229646,1.07812490458106,-0.5464908449708978,-1.1305557638091026,-0.3121827708086011,0.3949148453678638,-2.1868039944452047,2.1192194621470732,0.3992477643496347,1.1781776915405373,3.822388849115998,1.0457141041594675,-0.07227214600903241,-1.0896908783030526,-0.8757215363230234,-0.9570485372276494,-1.2469412687069203,1.6465861897347764
0.5381052208422968,1.8932408057640406,1.007171569606348,1.371860430868644,-1.930166150944166,-0.35618357394795674,0.22437368142391592,-0.9829090519616117,0.3787501777612639,-0.24950733034953046,-1.7404966420260395,1.70506214445837,1.7422303831316466,0.30391997814688754,-0.7877457769463763,0.5498121681221683,0.7851559705899503,-0.07036929000088264,0.2324985961237794,-0.7754544800758788,-1.385252814385999,2.486057242603469,1.0457141041594675,2.8061080814392936,0.5650974017572822,0.23739273607932856,-0.23171185145440296,-0.3432298469589915,2.880898543079568,1.5267228653736769
0.25250639822720433,0.9086975475553135,-0.05683744001395056,-0.598214117226726,0.04041908573245193,0.46873177620287415,-0.351781399158296,1.125711727717428,-0.07706495334126896,0.11553161952522936,0.7927868064380142,-0.22956093316817427,0.5631035419083646,-0.1745153542919894,1.998059374255176,-0.13153130690982964,-0.46287194183817854,0.01218177848309242,-0.2472268874001836,-0.6827628683313057,-0.15442232640250686,0.12702927874832334,-0.07227214600903241,0.5650974017572822,0.9967554660983153,0.4552020799068998,-0.22638999330313925,-0.7595130600614032,-0.02273170979822798,-0.5091848420382782
0.41996956756002596,0.4497340395707665,0.2103822782980221,-0.1581282737133708,-0.2446652457428424,0.04478841781265647,-0.37118998473130616,0.19273962078912918,-0.18368616109551322,0.6581855264183457,0.350776233062635,-0.4250074423103032,-0.13439075085810048,-0.3616630866741693,0.787124441184754,0.37737343975165333,0.031807865299127186,-0.12894402146604877,0.6259797191337494,-1.0121109039122382,-0.3590774406873407,-0.00399822739238063,-1.0896908783030526,0.23739273607932856,0.4552020799068998,0.5389115474994526,0.16659756416453197,-0.01705105626469307,0.7567065864184771,-0.499935930638122
0.1741678299352682,-0.2261380122378419,0.16760263023071134,0.17049886977491077,-0.15597334039569724,-0.22193271864059744,-0.10575670215188514,-0.46419931461057745,-0.11713452980325637,0.4766038885189933,-0.11214653038785873,-0.2704683690713511,-0.4956427825330809,-0.20223629416685981,-0.49127964061633184,0.3616881662073255,0.265338378654828,-0.10912798190808318,0.6403902117539507,-0.3985601322265326,-0.15291187468894551,-0.16361474365189313,-0.8757215363230234,-0.23171185145440296,-0.22638999330313925,0.16659756416453197,0.2758739220512955,0.4369443599542366,0.5267602794303073,-0.16112869678031935
0.1308510488404569,-0.5977287907606618,0.3255367189041632,0.6448120550665329,-0.3781040972127834,-0.5537182799137514,0.0759137613299902,-1.2470253796599704,-0.07186859436290213,0.5035976520584692,-0.7111585637303413,-0.06635388008990291,-0.7586494235887309,-0.13227710944023033,-1.7297668169513019,0.5660107228622162,0.6420776149626752,-0.14726499186284908,0.9454477050414094,-0.19799747063355175,-0.22808356159744259,-0.05368855206856386,-0.9570485372276494,-0.3432298469589915,-0.7595130600614032,-0.01705105626469307,0.4369443599542366,0.9125994902300842,0.9106516735632992,0.1971937495864469
1.1943224298168609,1.6948277941465868,1.7993917077511226,2.3142354965611096,-2.942176554663108,-1.1528453927419444,0.006166113544499073,-2.709023638698706,0.1452798460466746,1.0734915456537106,-2.639493011654498,1.4099395651415723,0.7352450937511945,-0.19570135281094633,-2.6164594886049377,1.7924788843883697,1.8347232780743703,-0.4139555593830296,2.2200118852132933,-2.1229217028620453,-2.2256535666699406,2.7072432688471877,-1.2469412687069203,2.880898543079568,-0.02273170979822798,0.7567065864184771,0.5267602794303073,0.9106516735632992,5.264336425324277,1.5162197792475505
-0.08365204695680646,0.5065748352121193,0.5968193328495791,1.458381693785487,-1.2361827482328898,-0.5587477258136586,0.6480886292271834,-1.5149393471079495,0.4613519944666438,-0.7508470006094435,-1.9791139038452235,1.695687686978468,1.0420865085900484,0.600761618638362,-2.322961438455003,0.17800102067477125,0.8055636586134051,0.0415607940130626,-0.17987208544922723,0.609789679449237,-0.6354446032722417,1.7293693820397993,1.6465861897347764,1.5267228653736769,-0.5091848420382782,-0.499935930638122,-0.16112869678031935,0.1971937495864469,1.5162197792475505,1.7909559499519674
