V1,V2,V3,V4,V5,V6,V7,V8,V9,V10,V11,V12,V13,V14,V15,V16,V17,V18,V19,V20,V21,V22,V23,V24,V25,V26,V27,V28,V29,V30
309.45454527960953,45.826456758083836,288.5674924789331,229.0187196632173,-354.873454977877,-225.67612682689386,-169.11412814987716,-457.94725811799054,-124.62806295153815,581.655367989329,-160.90054576601744,-221.30463161275455,-356.54391350001606,-253.01190130262702,-329.4232558135386,474.88170978373375,319.31357085187665,-138.52541974365482,771.1926077406472,-677.3562339763276,-340.39566322265046,43.59854236511532,-1001.9712392607398,62.12760223754183,-58.7404084148578,301.61489437786577,275.87258942654586,377.6783002707437,901.4693892156816,-155.67102262295134
45.826456758083836,6.787795408871821,42.741056308161795,33.91862950657004,-52.56971521042525,-33.4258427992854,-25.026225047139228,-67.81151583508455,-18.46563414028669,86.13397297629798,-23.82183725147684,-32.77411320533528,-52.79747149217538,-37.449388133664996,-48.775731274841384,70.3335932579067,47.26591119251854,-20.51498690694005,114.18812771209869,-100.29147301954579,-50.417175698431585,6.454323818604757,-148.3533614082787,9.191158794330633,-8.720855135015537,44.66670804206614,40.856912878254406,55.929588202758254,133.49140478291304,-23.081542354099277
288.5674924789331,42.741056308161795,269.24119298645405,213.62657599613917,-331.2653079879322,-210.565219890362,-157.35775880866993,-426.9194258357593,-116.43176002974809,542.3592969794009,-149.90516062715054,-206.40144361271524,-332.41840908241414,-235.56596099689727,-307.0300709663427,443.0062848854491,297.34914110078876,-129.1915573764004,718.817549585764,-631.2827194803584,-317.58175727013963,40.603724593166746,-933.8099246256934,57.75775716880854,-55.214683080740876,281.2807434425569,257.32050215345515,352.18878458321365,840.4859508805192,-145.7425063678894
229.0187196632173,33.91862950657004,213.62657599613917,169.51944472994913,-262.7820738048019,-167.0695769088472,-125.0076564041347,-338.86309279635645,-92.3274286439828,430.45123806441006,-119.01963216565596,-163.79595529989615,-263.8419054662598,-187.08667962845442,-243.72864218077032,351.5238264157798,236.1363168425166,-102.52573823770547,570.5981807217697,-501.1386046642208,-251.98803758248576,32.2439831380786,-741.2998508380159,45.90264577396297,-43.66318349643419,223.22678985834065,204.19544411642312,279.5104202132842,667.0930019600718,-115.45905473073384
-354.873454977877,-52.56971521042525,-331.2653079879322,-262.7820738048019,407.7449573747448,259.07601129119894,193.15511563364797,524.8907855547596,143.41244548971505,-666.9423982403495,184.20707774753765,253.86345289583787,408.7366902670725,289.30547669974015,377.4117290239907,-544.9850878022287,-365.2393382338421,158.89353106348022,-883.6454433808291,775.9630399541622,390.72442999056,-49.878598429389015,1147.8172897196962,-70.84363070570483,68.36385526261724,-345.9372961160403,-316.5185494340732,-433.11601959593696,-1033.4642907527889,179.83995839134906
-225.67612682689386,-33.4258427992854,-210.565219890362,-167.0695769088472,259.07601129119894,164.67677667145188,123.05496681075626,333.8722702279017,91.06148871142096,-424.15517160350794,117.23090128941605,161.41838852831108,259.96834201772447,184.21770432573177,240.11155005410941,-346.45967401289573,-232.53483801394148,101.0353022762647,-562.1489634227364,493.69067352388305,248.37050619648397,-31.753278973787122,730.2804917893441,-45.16624757334871,43.190841255353625,-219.97774759947873,-201.24078821876185,-275.4318117547809,-657.303929700333,113.99186474811546
-169.11412814987716,-25.026225047139228,-157.35775880866993,-125.0076564041347,193.15511563364797,123.05496681075626,93.19366616361566,250.53154724645574,67.61958324769655,-317.9514906979689,88.23719842857885,120.86352502986317,194.98403202428807,139.1033223649807,180.38538936086692,-259.11719824947176,-175.43463910465474,75.6665911152894,-422.1795749692149,370.9714906196924,185.65709815465107,-23.944158768813654,548.7720911699897,-34.351782422093436,31.106759581258693,-164.7764477944119,-150.60698687277213,-206.39210249097593,-492.95685222941836,83.76207906804595
-457.94725811799054,-67.81151583508455,-426.9194258357593,-338.86309279635645,524.8907855547596,333.8722702279017,250.53154724645574,677.788368427955,184.26108411346075,-860.792597044489,238.21656447451852,327.4712450600642,527.6801688726678,374.7090819492948,487.62240250710585,-702.6167131910757,-472.86013783357384,204.9849220846365,-1141.5043348139088,1002.6663761439354,503.60960302924593,-64.56098951526332,1483.1869691769111,-92.07791916424166,86.583195154437675,-446.327188236644,-408.19741634674676,-558.9063608295047,-1334.1519464210955,229.91599907514612
-124.62806295153815,-18.46563414028669,-116.43176002974809,-92.3274286439828,143.41244548971505,91.06148871142096,67.61958324769655,184.26108411346075,50.50198747453097,-234.20148809556818,64.60512641604019,89.17604785384972,143.50571497614786,101.36983670259161,132.44386466370455,-191.50398691315365,-128.00980655166032,55.811506857284236,-310.125269902797,272.2868972531364,137.319584649372,-17.483672569656612,402.7682118906247,-24.76931511009814,24.28451433657312,-121.50426266392108,-111.20117862013447,-152.10796930152677,-362.85379634972054,63.52216916155853
581.655367989329,86.13397297629798,542.3592969794009,430.45123806441006,-666.9423982403495,-424.15517160350794,-317.9514906979689,-860.792597044489,-234.20148809556818,1093.297690259163,-302.46286757389834,-415.95950011086586,-670.1793635723228,-475.6538518839743,-619.2272993718013,892.5513814185291,600.2862701126907,-260.3702195848041,1449.6232371973144,-1273.2542453371575,-639.7739592718601,81.96109145848044,-1883.4490577276094,116.81902105782663,-110.30358572752988,566.913475940573,518.5180330781891,709.8896405458515,1694.4473648513645,-292.4621758911132
-160.90054576601744,-23.82183725147684,-149.90516062715054,-119.01963216565596,184.20707774753765,117.23090128941605,88.23719842857885,238.21656447451852,64.60512641604019,-302.46286757389834,83.78339642236074,115.03588548398947,185.43909921172911,131.8838041909296,171.4256724867498,-246.7558507656079,-166.39649988005522,72.01210790235072,-401.2698350061611,352.5096795120652,176.8439808431103,-22.71662877897899,521.4507077110698,-32.461359150951026,30.148008710863085,-156.8033084777839,-143.3782196483051,-196.37088885403642,-468.84399075169637,80.42062639283137
-221.30463161275455,-32.77411320533528,-206.40144361271524,-163.79595529989615,253.86345289583787,161.41838852831108,120.86352502986317,327.4712450600642,89.17604785384972,-415.95950011086586,115.03588548398947,158.2730699892458,254.9672142481752,180.85653271190947,235.54862820213017,-339.6491483590675,-228.26156377043563,99.0693353281096,-551.4409099933183,484.3272409112853,243.46851560862945,-31.166846547150545,716.4339260931699,-44.38949301773575,42.10747847173554,-215.70362417725704,-197.304327045548,-270.09504803376495,-644.6490084154798,111.45913847704172
-356.54391350001606,-52.79747149217538,-332.41840908241414,-263.8419054662598,408.7366902670725,259.96834201772447,194.98403202428807,527.6801688726678,143.50571497614786,-670.1793635723228,185.43909921172911,254.9672142481752,410.82400351873537,291.6590843050985,379.61344193074143,-547.0741324357565,-368.0665494949598,159.59870895103037,-888.6722603600087,780.5708157423328,392.1292303456191,-50.25326262752439,1154.6521082687345,-71.65038041453683,67.50427180665686,-347.5024051763509,-317.82472941136365,-435.1479442944214,-1038.7011153538372,179.12941690293218
-253.01190130262702,-37.449388133664996,-235.56596099689727,-187.08667962845442,289.30547669974015,184.21770432573177,139.1033223649807,374.7090819492948,101.36983670259161,-475.6538518839743,131.8838041909296,180.85653271190947,291.6590843050985,207.76408103960918,269.72537611944324,-387.83305628760417,-262.07886842695217,113.21991639869987,-631.3190157693246,554.6762409506592,277.91516113208775,-35.77395874015912,820.5165909246551,-51.227114246413436,46.95430067855077,-246.54407939577854,-225.3882588508265,-308.78620577760233,-737.3831384111558,125.86388628514243
-329.4232558135386,-48.775731274841384,-307.0300709663427,-243.72864218077032,377.4117290239907,240.11155005410941,180.38538936086692,487.62240250710585,132.44386466370455,-619.2272993718013,171.4256724867498,235.54862820213017,379.61344193074143,269.72537611944324,350.8479134674733,-505.3385724376888,-340.3518556015363,147.44712090034537,-821.2954876074134,721.4372655347759,362.19170824307434,-46.467613642830315,1067.1856006684882,-66.32327227699987,62.069774457652876,-321.0521370978269,-293.60258376687085,-402.04716555967843,-959.7846344680005,165.10752676553463
474.88170978373375,70.3335932579067,443.0062848854491,351.5238264157798,-544.9850878022287,-346.45967401289573,-259.11719824947176,-702.6167131910757,-191.50398691315365,892.5513814185291,-246.7558507656079,-339.6491483590675,-547.0741324357565,-387.83305628760417,-505.3385724376888,728.9513749549313,489.5265687525163,-212.59713848304128,1183.075047828234,-1039.0389510441066,-522.5529940228862,66.84375549090731,-1536.9764246232032,95.1312637629065,-90.65755016426996,462.87968487435813,423.42780426583175,579.5787379839297,1383.213153581689,-239.56940692350852
319.31357085187665,47.26591119251854,297.34914110078876,236.1363168425166,-365.2393382338421,-232.53483801394148,-175.43463910465474,-472.86013783357384,-128.00980655166032,600.2862701126907,-166.39649988005522,-228.26156377043563,-368.0665494949598,-262.07886842695217,-340.3518556015363,489.5265687525163,330.61225141361354,-142.89457070406016,796.6428211568583,-699.9043041483628,-350.7999355661874,45.13087365981367,-1035.3457765296778,64.58996880835575,-59.41314641006249,311.15858685804005,284.47530825339203,389.7046650210227,930.5656032133121,-159.04946609072567
-138.52541974365482,-20.51498690694005,-129.1915573764004,-102.52573823770547,158.89353106348022,101.0353022762647,75.6665911152894,204.9849220846365,55.811506857284236,-260.3702195848041,72.01210790235072,99.0693353281096,159.59870895103037,113.21991639869987,147.44712090034537,-212.59713848304128,-142.89457070406016,62.01197738040789,-345.1850823739794,303.1768104978013,152.39322551521028,-19.510936960581258,448.4693949704204,-27.79173743432896,26.341567221599743,-135.0189319127399,-123.49988384053849,-169.0653978461346,-403.5231989050976,69.7469267166024
771.1926077406472,114.18812771209869,718.817549585764,570.5981807217697,-883.6454433808291,-562.1489634227364,-422.1795749692149,-1141.5043348139088,-310.125269902797,1449.6232371973144,-401.2698350061611,-551.4409099933183,-888.6722603600087,-631.3190157693246,-821.2954876074134,1183.075047828234,796.6428211568583,-345.1850823739794,1922.5803717685642,-1688.798968682705,-847.9563439088964,108.76391695524316,-2498.152168488502,155.2059654615001,-145.44929115074578,751.6041631500839,687.3571315048285,941.2083664678782,2246.8486330962364,-386.7114145885334
-677.3562339763276,-100.29147301954579,-631.2827194803584,-501.1386046642208,775.9630399541622,493.69067352388305,370.9714906196924,1002.6663761439354,272.2868972531364,-1273.2542453371575,352.5096795120652,484.3272409112853,780.5708157423328,554.6762409506592,721.4372655347759,-1039.0389510441066,-699.9043041483628,303.1768104978013,-1688.798968682705,1483.4797829458337,744.7036537936651,-95.55464119030343,2194.4363601908367,-136.40351607947125,127.54392556590385,-660.1403928092168,-603.6893747429788,-826.6835845944154,-1973.525823718353,339.38371820666345
-340.39566322265046,-50.417175698431585,-317.58175727013963,-251.98803758248576,390.72442999056,248.37050619648397,185.65709815465107,503.60960302924593,137.319584649372,-639.7739592718601,176.8439808431103,243.46851560862945,392.1292303456191,277.91516113208775,362.19170824307434,-522.5529940228862,-350.7999355661874,152.39322551521028,-847.9563439088964,744.7036537936651,374.60372471515075,-47.90235425662456,1101.5857134143582,-68.15069438738274,65.08348945942744,-331.7972800706828,-303.52925060021255,-415.44355479370296,-991.4568993813137,171.8549948599837
43.59854236511532,6.454323818604757,40.603724593166746,32.2439831380786,-49.878598429389015,-31.753278973787122,-23.944158768813654,-64.56098951526332,-17.483672569656612,81.96109145848044,-22.71662877897899,-31.166846547150545,-50.25326262752439,-35.77395874015912,-46.467613642830315,66.84375549090731,45.13087365981367,-19.510936960581258,108.76391695524316,-95.55464119030343,-47.90235425662456,6.161525091051245,-141.35027900425604,8.815053065889416,-8.123798435408412,42.48531911730109,38.843618194539815,53.20981038804918,127.05487030034683,-21.730864517833627
-1001.9712392607398,-148.3533614082787,-933.8099246256934,-741.2998508380159,1147.8172897196962,730.2804917893441,548.7720911699897,1483.1869691769111,402.7682118906247,-1883.4490577276094,521.4507077110698,716.4339260931699,1154.6521082687345,820.5165909246551,1067.1856006684882,-1536.9764246232032,-1035.3457765296778,448.4693949704204,-2498.152168488502,2194.4363601908367,1101.5857134143582,-141.35027900425604,3246.1206457830035,-201.78282959391993,188.64622297607914,-976.5031291291581,-892.9971236359504,-1222.8623262592976,-2919.31913226507,502.0013658519614
62.12760223754183,9.191158794330633,57.75775716880854,45.90264577396297,-70.84363070570483,-45.16624757334871,-34.351782422093436,-92.07791916424166,-24.76931511009814,116.81902105782663,-32.461359150951026,-44.38949301773575,-71.65038041453683,-51.227114246413436,-66.32327227699987,95.1312637629065,64.58996880835575,-27.79173743432896,155.2059654615001,-136.40351607947125,-68.15069438738274,8.815053065889416,-201.78282959391993,12.681385208216401,-11.279187867780445,60.52501538434453,55.305591413396314,75.82215979967775,181.14370364067796,-30.57501268351016
-58.7404084148578,-8.720855135015537,-55.214683080740876,-43.66318349643419,68.36385526261724,43.190841255353625,31.106759581258693,86.583195154437675,24.28451433657312,-110.30358572752988,30.148008710863085,42.10747847173554,67.50427180665686,46.95430067855077,62.069774457652876,-90.65755016426996,-59.41314641006249,26.341567221599743,-145.44929115074578,127.54392556590385,65.08348945942744,-8.123798435408412,188.64622297607914,-11.279187867780445,12.427461741284413,-57.321399401987556,-52.56473784713354,-71.69762953235372,-170.7152770710425,31.233692794127933
301.61489437786577,44.66670804206614,281.2807434425569,223.22678985834065,-345.9372961160403,-219.97774759947873,-164.7764477944119,-446.327188236644,-121.50426266392108,566.913475940573,-156.8033084777839,-215.70362417725704,-347.5024051763509,-246.54407939577854,-321.0521370978269,462.87968487435813,311.15858685804005,-135.0189319127399,751.6041631500839,-660.1403928092168,-331.7972800706828,42.48531911730109,-976.5031291291581,60.52501538434453,-57.321399401987556,293.97838662736274,268.8942620042071,368.1102118170803,878.610756747317,-151.8188089695576
275.87258942654586,40.856912878254406,257.32050215345515,204.19544411642312,-316.5185494340732,-201.24078821876185,-150.60698687277213,-408.19741634674676,-111.20117862013447,518.5180330781891,-143.3782196483051,-197.304327045548,-317.82472941136365,-225.3882588508265,-293.60258376687085,423.42780426583175,284.47530825339203,-123.49988384053849,687.3571315048285,-603.6893747429788,-303.52925060021255,38.843618194539815,-892.9971236359504,55.305591413396314,-52.56473784713354,268.8942620042071,245.96602199020165,336.6939544067173,803.5796007319314,-139.039769790374
377.6783002707437,55.929588202758254,352.18878458321365,279.5104202132842,-433.11601959593696,-275.4318117547809,-206.39210249097593,-558.9063608295047,-152.10796930152677,709.8896405458515,-196.37088885403642,-270.09504803376495,-435.1479442944214,-308.78620577760233,-402.04716555967843,579.5787379839297,389.7046650210227,-169.0653978461346,941.2083664678782,-826.6835845944154,-415.44355479370296,53.20981038804918,-1222.8623262592976,75.82215979967775,-71.69762953235372,368.1102118170803,336.6939544067173,460.94330507646555,1100.2086525533937,-190.00013276393491
901.4693892156816,133.49140478291304,840.4859508805192,667.0930019600718,-1033.4642907527889,-657.303929700333,-492.95685222941836,-1334.1519464210955,-362.85379634972054,1694.4473648513645,-468.84399075169637,-644.6490084154798,-1038.7011153538372,-737.3831384111558,-959.7846344680005,1383.213153581689,930.5656032133121,-403.5231989050976,2246.8486330962364,-1973.525823718353,-991.4568993813137,127.05487030034683,-2919.31913226507,181.14370364067796,-170.7152770710425,878.610756747317,803.5796007319314,1100.2086525533937,2626.1918686135705,-452.9545203173232
-155.67102262295134,-23.081542354099277,-145.7425063678894,-115.45905473073384,179.83995839134906,113.99186474811546,83.76207906804595,229.91599907514612,63.52216916155853,-292.4621758911132,80.42062639283137,111.45913847704172,179.12941690293218,125.86388628514243,165.10752676553463,-239.56940692350852,-159.04946609072567,69.7469267166024,-386.7114145885334,339.38371820666345,171.8549948599837,-21.730864517833627,502.0013658519614,-30.57501268351016,31.233692794127933,-151.8188089695576,-139.039769790374,-190.00013276393491,-452.9545203173232,80.5320888927313
