V1,V2,V3,V4,V5,V6,V7,V8,V9,V10,V11,V12,V13,V14,V15,V16,V17,V18,V19,V20,V21,V22,V23,V24,V25,V26,V27,V28,V29,V30
0.9536034530619014,2.7087902901219034,0.2981498647877499,-1.0246428986481488,-0.5474892082871213,0.9664849246182224,-1.0294529686868894,2.43660819450067,-0.0164839043438421,0.3828385332040848,1.3328748021247132,-0.0770281227206745,1.8153186397779013,-0.43582693018899554,4.739354918233101,-0.12368464958782537,-0.8617942254316301,-0.07701963111849684,-0.25782114173244847,-2.292090550148083,-0.9595666143925324,1.327403193635064,-0.21046057879649208,2.43638358265113,2.6745385356138525,1.4056609234237063,-0.5586526707087898,-1.8065492704214128,1.2541785187771368,-0.9316504058070036
2.7087902901219034,11.297629777009883,0.8190688097726877,-2.751224863055141,-3.0096704167989357,3.282285454643859,-1.2500574680336163,6.770011420976297,-1.46379189423671,1.8251455491661321,4.8731280199682665,-0.8423109395543524,6.1166188442423985,-1.4510889780568186,14.104251455832456,1.610802255885702,-1.8378425448623628,0.19665241996891522,-0.7468939546985254,-6.387523422660215,-3.068849033314417,1.5703748880673931,-0.9912122391137015,6.468663267148713,8.433262855239988,3.5087474262284153,-1.604061961548047,-6.735658781860461,3.2494983083795477,-2.0722801121765695
0.2981498647877499,0.8190688097726877,0.16703928506394267,-0.15539354556658044,-0.28566969369623557,0.21782318632982012,-0.28585197420469793,0.5710793308014022,0.06149620547065326,0.05430703099190387,0.17699383245648675,0.15130792526594938,0.6286906731923739,-0.07982310652465768,1.1841284279885047,-0.03143928842209953,-0.17632229200658342,-0.033257079701554906,-0.060117209215995525,-0.6729145358948336,-0.3692510232982852,0.6252014813615835,0.06400119394577514,0.9133866652375909,0.748035572055469,0.4013683826266801,-0.17433824455137262,-0.4859100108554326,0.588140052477617,-0.11894407664037429
-1.0246428986481488,-2.751224863055141,-0.15539354556658044,1.4834018507945574,0.24003779917568543,-1.195876318134234,1.290712527346645,-3.0584050063424852,0.08082620121657179,-0.5134341608259241,-1.9065958768238238,0.4403518259078861,-1.7534156790088515,0.5824759303251145,-5.725298781356992,0.2703363714992434,1.1741503685447143,0.08766405331253806,0.32261619304097455,2.5690941205045315,0.8535658105141912,-1.0874676681832487,0.4947095218504573,-2.3033914558829545,-3.0212973377298895,-1.6263726712701811,0.5999867949400541,2.0204811750487846,-0.9241807605089838,1.425876026826642
-0.5474892082871213,-3.0096704167989357,-0.28566969369623557,0.24003779917568543,1.116318850324827,-0.6345698619490511,-0.16855110881004934,-1.0098726797207165,0.486502271955238,-0.4158114929007635,-0.8090056903596978,0.004778212046695436,-1.5466384496815857,0.24266704265359068,-2.4799265993531905,-0.7595491777553721,0.08132223402278195,-0.11328932390809432,0.11894500966070659,1.1898100378894225,0.8122123903599977,-0.2035201009852358,0.06335975050088805,-1.469009278326524,-1.7332563214220476,-0.5400617707735744,0.32721262025784037,1.5709758939473166,-0.9242783401111998,0.001313028917273014
0.9664849246182224,3.282285454643859,0.21782318632982012,-1.195876318134234,-0.6345698619490511,1.1469880426472197,-0.8473265666341095,2.65625563103765,-0.28840960706743474,0.56279866542713,1.7648760848405,-0.3566695909134824,1.9084130179578638,-0.5331060609241802,5.218159592674474,0.14241559173901447,-0.8892374240466002,-0.009656036668197877,-0.2858551766043557,-2.3533529154834865,-0.945341179333974,0.8072937251413013,-0.40974862324118244,2.2407776448603327,2.9244018113799384,1.3981610163198228,-0.5690672921871947,-2.142547058171811,1.0135360900285544,-1.0512696503926842
-1.0294529686868894,-1.2500574680336163,-0.28585197420469793,1.290712527346645,-0.16855110881004934,-0.8473265666341095,1.9221638268732386,-2.828593971839641,-0.6040185419359201,-0.10979606472698326,-1.087311994466467,-0.093684159411502,-1.4685356210306948,0.40787047253501546,-5.013046250846505,1.0606882847290104,1.2789495567664868,0.2722138280035756,0.2854125177506978,2.5615561919531262,0.8286830768243962,-2.32778812867725,0.12811648196533093,-2.7425681627975482,-2.55356927901556,-1.7703395455499402,0.5954977787148781,1.249348185949954,-1.3709424757864601,1.389631253138561
2.43660819450067,6.770011420976297,0.5710793308014022,-3.0584050063424852,-1.0098726797207165,2.65625563103765,-2.828593971839641,6.733473469681342,-0.12752148665422502,1.1023031443629772,3.9632886645459924,-0.6149561777374177,4.420011999125987,-1.2471804475831485,12.847056267860626,-0.4574819815448876,-2.48338871461245,-0.19869691623132835,-0.7120539014368029,-5.978179513983985,-2.2500531247160254,2.981323136969277,-0.850621863088761,5.858762399433199,7.012058152216015,3.7213364190088325,-1.4275420593830366,-4.72244075053216,2.712827619168006,-2.865856005546466
-0.0164839043438421,-1.46379189423671,0.06149620547065326,0.08082620121657179,0.486502271955238,-0.28840960706743474,-0.6040185419359201,-0.12752148665422502,0.6002895587233208,-0.34248311242318846,-0.6260740024438455,0.37637803832415606,-0.3563801291035087,0.1328670475275683,-0.5554786197196276,-0.753291982014222,-0.1510420389070133,-0.1665570456119355,0.025215336602615445,0.024767824840437293,0.09707904542982314,0.9897579265583778,0.25508149581588196,0.24892277920950245,-0.4362957115983984,0.13449313887727807,0.01619532665350786,0.7121280592410711,0.24830463723110896,-0.07527040972908088
0.3828385332040848,1.8251455491661321,0.05430703099190387,-0.5134341608259241,-0.4158114929007635,0.56279866542713,-0.10979606472698326,1.1023031443629772,-0.34248311242318846,0.35382375846722985,0.9456306405443283,-0.2976723792388524,0.868959869742692,-0.2632093269234919,2.2708034442630365,0.3347110912865705,-0.30016346052090165,0.05896357816711201,-0.12242689451829993,-0.9311132592020338,-0.3971263498954907,-0.0755141950167084,-0.2689017342415215,0.7642598967971119,1.3106223462563835,0.49905327410735234,-0.22753506919414257,-1.1072683724867696,0.2822105720801605,-0.40025595699517835
1.3328748021247132,4.8731280199682665,0.17699383245648675,-1.9065958768238238,-0.8090056903596978,1.7648760848405,-1.087311994466467,3.9632886645459924,-0.6260740024438455,0.9456306405443283,2.918588756924696,-0.8324861822829143,2.6110925560692366,-0.845571923964112,7.738063719977461,0.3491416663418114,-1.3282876363134684,0.03641831571477025,-0.4287741721504851,-3.306705872566341,-1.218765432288752,0.583522839420506,-0.8115674005159743,2.802528074644024,4.246858248068527,1.9502719174908523,-0.7863863847741985,-3.217957069827585,1.0496322789360568,-1.6854286599001544
-0.0770281227206745,-0.8423109395543524,0.15130792526594938,0.4403518259078861,0.004778212046695436,-0.3566695909134824,-0.093684159411502,-0.6149561777374177,0.37637803832415606,-0.2976723792388524,-0.8324861822829143,0.5103738111816646,-0.1530437366361239,0.19916093577794872,-1.1717560377886083,-0.2785893177120667,0.19070563683840963,-0.07948863506072217,0.0700658683347945,0.26715891382071894,-0.029767393276624494,0.7227721966112753,0.37989893708044203,0.22618637676033093,-0.549385888983051,-0.12668891727325843,0.04808393275513528,0.5773380851169879,0.40193189249372485,0.3863567354735058
1.8153186397779013,6.1166188442423985,0.6286906731923739,-1.7534156790088515,-1.5466384496815857,1.9084130179578638,-1.4685356210306948,4.420011999125987,-0.3563801291035087,0.868959869742692,2.6110925560692366,-0.1530437366361239,3.7762673464874092,-0.8351988960036056,8.921188048390793,0.30727531653648044,-1.3871525005878802,-0.041475377839526144,-0.47636967212475706,-4.288920005825048,-1.9851068530614717,2.1220438673007544,-0.38617292063429504,4.656845478803932,5.238644001096806,2.508014941608822,-1.0683354754450785,-3.80485064518691,2.4845937051280815,-1.4554539968488704
-0.43582693018899554,-1.4510889780568186,-0.07982310652465768,0.5824759303251145,0.24266704265359068,-0.5331060609241802,0.40787047253501546,-1.2471804475831485,0.1328670475275683,-0.2632093269234919,-0.845571923964112,0.19916093577794872,-0.8351988960036056,0.25272058093974215,-2.4214314672416406,-0.04304566444521446,0.43033322045952616,0.006190316394707014,0.13356269478240823,1.0735896366295152,0.40530623183625863,-0.33249120146807914,0.2142355667291576,-0.9762926809379168,-1.3325497974320768,-0.6448917296592102,0.25638134803548274,0.9698860157054724,-0.41068328437312684,0.5232445459597357
4.739354918233101,14.104251455832456,1.1841284279885047,-5.725298781356992,-2.4799265993531905,5.218159592674474,-5.013046250846505,12.847056267860626,-0.5554786197196276,2.2708034442630365,7.738063719977461,-1.1717560377886083,8.921188048390793,-2.4214314672416406,24.833986000702605,-0.35504256141366,-4.564351731999376,-0.28507872700247355,-1.3659595664517887,-11.547064934999407,-4.544306399979378,5.438004318978287,-1.6187346630912727,11.43981209847646,13.766425787044412,7.066542134893872,-2.7806447938335204,-9.529116635794372,5.407290729316989,-5.231495719313779
-0.12368464958782537,1.610802255885702,-0.03143928842209953,0.2703363714992434,-0.7595491777553721,0.14241559173901447,1.0606882847290104,-0.4574819815448876,-0.753291982014222,0.3347110912865705,0.3491416663418114,-0.2785893177120667,0.30727531653648044,-0.04304566444521446,-0.35504256141366,1.0923824086299474,0.47410288685357205,0.2344077052601398,0.032413048457727765,0.37816283304045434,-0.08419884643055571,-1.313172006749463,-0.14962912989620716,-0.5185599356542687,0.08284802247829352,-0.4588550847204861,0.06365215773577197,-0.6185536848036055,-0.27455923436238144,0.48675881121859893
-0.8617942254316301,-1.8378425448623628,-0.17632229200658342,1.1741503685447143,0.08132223402278195,-0.8892374240466002,1.2789495567664868,-2.48338871461245,-0.1510420389070133,-0.30016346052090165,-1.3282876363134684,0.19070563683840963,-1.3871525005878802,0.43033322045952616,-4.564351731999376,0.47410288685357205,1.0128019585010304,0.13203139935550923,0.25817991945090196,2.1515261227877787,0.7135601158971226,-1.3156821488247368,0.29137759448486733,-2.081626050631823,-2.3841237075920843,-1.4081124809267198,0.5023444542231085,1.4496668712910732,-0.928812431214084,1.1747147313429813
-0.07701963111849684,0.19665241996891522,-0.033257079701554906,0.08766405331253806,-0.11328932390809432,-0.009656036668197877,0.2722138280035756,-0.19869691623132835,-0.1665570456119355,0.05896357816711201,0.03641831571477025,-0.07948863506072217,-0.041475377839526144,0.006190316394707014,-0.28507872700247355,0.2344077052601398,0.13203139935550923,0.05460451453432963,0.017498013055586886,0.19573059751264754,0.04376650548422137,-0.37654806820502673,-0.03863080799715043,-0.2609085065995015,-0.11300084603579028,-0.16596625797407685,0.043122077682233036,-0.04442214689561705,-0.15308771628814355,0.12712433401251916
-0.25782114173244847,-0.7468939546985254,-0.060117209215995525,0.32261619304097455,0.11894500966070659,-0.2858551766043557,0.2854125177506978,-0.7120539014368029,0.025215336602615445,-0.12242689451829993,-0.4287741721504851,0.0700658683347945,-0.47636967212475706,0.13356269478240823,-1.3659595664517887,0.032413048457727765,0.25817991945090196,0.017498013055586886,0.07612991253309957,0.6315012024144543,0.2409743157363231,-0.2974949697022063,0.09246341551103954,-0.6166959619069516,-0.749445220669662,-0.3898453991325981,0.15149423148130817,0.5136817496513847,-0.28414281473116904,0.2986329500907179
-2.292090550148083,-6.387523422660215,-0.6729145358948336,2.5690941205045315,1.1898100378894225,-2.3533529154834865,2.5615561919531262,-5.978179513983985,0.024767824840437293,-0.9311132592020338,-3.306705872566341,0.26715891382071894,-4.288920005825048,1.0735896366295152,-11.547064934999407,0.37816283304045434,2.1515261227877787,0.19573059751264754,0.6315012024144543,5.540740474379735,2.2510469630453143,-3.148874682103491,0.5693527307393869,-5.78191848502212,-6.449656302817653,-3.420641774578147,1.3423473500597758,4.327680479661574,-2.907976777784112,2.365953174247793
-0.9595666143925324,-3.068849033314417,-0.3692510232982852,0.8535658105141912,0.8122123903599977,-0.945341179333974,0.8286830768243962,-2.2500531247160254,0.09707904542982314,-0.3971263498954907,-1.218765432288752,-0.029767393276624494,-1.9851068530614717,0.40530623183625863,-4.544306399979378,-0.08419884643055571,0.7135601158971226,0.04376650548422137,0.2409743157363231,2.2510469630453143,1.068460571918081,-1.3149552493715961,0.12532954492481382,-2.5533499826397974,-2.69111254394406,-1.3274758182161224,0.5636225511805323,1.905658554812312,-1.4212924244920913,0.7101285812015402
1.327403193635064,1.5703748880673931,0.6252014813615835,-1.0874676681832487,-0.2035201009852358,0.8072937251413013,-2.32778812867725,2.981323136969277,0.9897579265583778,-0.0755141950167084,0.583522839420506,0.7227721966112753,2.1220438673007544,-0.33249120146807914,5.438004318978287,-1.313172006749463,-1.3156821488247368,-0.37654806820502673,-0.2974949697022063,-3.148874682103491,-1.3149552493715961,3.700926366045788,0.28186925946455565,4.058676248839916,2.9990784030073168,2.1426316218001755,-0.7674240959302436,-1.3611987552863967,2.4456855428763653,-1.1823756068870155
-0.21046057879649208,-0.9912122391137015,0.06400119394577514,0.4947095218504573,0.06335975050088805,-0.40974862324118244,0.12811648196533093,-0.850621863088761,0.25508149581588196,-0.2689017342415215,-0.8115674005159743,0.37989893708044203,-0.38617292063429504,0.2142355667291576,-1.6187346630912727,-0.14962912989620716,0.29137759448486733,-0.03863080799715043,0.09246341551103954,0.5693527307393869,0.12532954492481382,0.28186925946455565,0.3095824903079747,-0.23154235908323673,-0.8215322317867507,-0.32922832135211944,0.12487970579371024,0.6877943320802954,0.0908848964768462,0.4475987413235228
2.43638358265113,6.468663267148713,0.9133866652375909,-2.3033914558829545,-1.469009278326524,2.2407776448603327,-2.7425681627975482,5.858762399433199,0.24892277920950245,0.7642598967971119,2.802528074644024,0.22618637676033093,4.656845478803932,-0.9762926809379168,11.43981209847646,-0.5185599356542687,-2.081626050631823,-0.2609085065995015,-0.6166959619069516,-5.78191848502212,-2.5533499826397974,4.058676248839916,-0.23154235908323673,6.581841231859727,6.564907755835072,3.5680085958014494,-1.425464738810901,-4.2809469840882075,3.6338539622553254,-2.0954430634019627
2.6745385356138525,8.433262855239988,0.748035572055469,-3.0212973377298895,-1.7332563214220476,2.9244018113799384,-2.55356927901556,7.012058152216015,-0.4362957115983984,1.3106223462563835,4.246858248068527,-0.549385888983051,5.238644001096806,-1.3325497974320768,13.766425787044412,0.08284802247829352,-2.3841237075920843,-0.11300084603579028,-0.749445220669662,-6.449656302817653,-2.69111254394406,2.9990784030073168,-0.8215322317867507,6.564907755835072,7.786360637356192,3.8766183865397794,-1.571346592950871,-5.51299761642808,3.230303156062303,-2.675440375020194
1.4056609234237063,3.5087474262284153,0.4013683826266801,-1.6263726712701811,-0.5400617707735744,1.3981610163198228,-1.7703395455499402,3.7213364190088325,0.13449313887727807,0.49905327410735234,1.9502719174908523,-0.12668891727325843,2.508014941608822,-0.6448917296592102,7.066542134893872,-0.4588550847204861,-1.4081124809267198,-0.16596625797407685,-0.3898453991325981,-3.420641774578147,-1.3274758182161224,2.1426316218001755,-0.32922832135211944,3.5680085958014494,3.8766183865397794,2.1609452056513443,-0.8213375520551551,-2.485327188960789,1.7806747291668337,-1.5510548125521186
-0.5586526707087898,-1.604061961548047,-0.17433824455137262,0.5999867949400541,0.32721262025784037,-0.5690672921871947,0.5954977787148781,-1.4275420593830366,0.01619532665350786,-0.22753506919414257,-0.7863863847741985,0.04808393275513528,-1.0683354754450785,0.25638134803548274,-2.7806447938335204,0.06365215773577197,0.5023444542231085,0.043122077682233036,0.15149423148130817,1.3423473500597758,0.5636225511805323,-0.7674240959302436,0.12487970579371024,-1.425464738810901,-1.571346592950871,-0.8213375520551551,0.3276071656330117,1.0663427677252884,-0.7328649229782773,0.5432575428000057
-1.8065492704214128,-6.735658781860461,-0.4859100108554326,2.0204811750487846,1.5709758939473166,-2.142547058171811,1.249348185949954,-4.72244075053216,0.7121280592410711,-1.1072683724867696,-3.217957069827585,0.5773380851169879,-3.80485064518691,0.9698860157054724,-9.529116635794372,-0.6185536848036055,1.4496668712910732,-0.04442214689561705,0.5136817496513847,4.327680479661574,1.905658554812312,-1.3611987552863967,0.6877943320802954,-4.2809469840882075,-5.51299761642808,-2.485327188960789,1.0663427677252884,4.196779048668569,-2.0616297201461533,1.669109729106786
1.2541785187771368,3.2494983083795477,0.588140052477617,-0.9241807605089838,-0.9242783401111998,1.0135360900285544,-1.3709424757864601,2.712827619168006,0.24830463723110896,0.2822105720801605,1.0496322789360568,0.40193189249372485,2.4845937051280815,-0.41068328437312684,5.407290729316989,-0.27455923436238144,-0.928812431214084,-0.15308771628814355,-0.28414281473116904,-2.907976777784112,-1.4212924244920913,2.4456855428763653,0.0908848964768462,3.6338539622553254,3.230303156062303,1.7806747291668337,-0.7328649229782773,-2.0616297201461533,2.1862891731070992,-0.8095491370841634
-0.9316504058070036,-2.0722801121765695,-0.11894407664037429,1.425876026826642,0.001313028917273014,-1.0512696503926842,1.389631253138561,-2.865856005546466,-0.07527040972908088,-0.40025595699517835,-1.6854286599001544,0.3863567354735058,-1.4554539968488704,0.5232445459597357,-5.231495719313779,0.48675881121859893,1.1747147313429813,0.12712433401251916,0.2986329500907179,2.365953174247793,0.7101285812015402,-1.1823756068870155,0.4475987413235228,-2.0954430634019627,-2.675440375020194,-1.5510548125521186,0.5432575428000057,1.669109729106786,-0.8095491370841634,1.4275024559545877
