V1,V2,V3,V4,V5,V6,V7,V8,V9,V10,V11,V12,V13,V14,V15,V16,V17,V18,V19,V20,V21,V22,V23,V24,V25,V26,V27,V28,V29,V30,V31,V32,V33,V34,V35,V36,V37,V38,V39,V40,V41,V42,V43,V44,V45,V46,V47,V48,V49,V50,V51,V52,V53,V54,V55,V56
1.491168989006464,0.5389689543688715,-0.5661895480137569,0.8987878497016137,-0.14555618625209407,-1.6016748721965357,-1.3576603442646422,-0.548005862205336,0.36957765769612755,-1.2348774835795675,1.776777378295343,1.2202866320093675,-0.932684776589509,0.709498480881169,-0.7761998936562874,-0.3793779652491796,0.05513726550971818,0.7080109021445443,2.0318371484983895,0.14320996984121345,-0.13496744545695324,-0.37738386750979747,-1.6531560968084664,-1.3433812054198058,1.5742320894266721,0.09932867628782852,-0.18151282459209564,1.3591140829374866,3.032358983640669,-1.8648574892410943,-1.3434196442273156,-0.8550962887008335,1.2218685755647112,-2.4200872012580916,1.4328932374541485,-2.5365760301680944,-2.117552606278975,-1.154970460672793,-1.6618694349215501,-0.9703096035334275,2.1474773305107986,-0.497646658616885,-1.5950477135690153,2.6489025302787956,-0.17035248540903725,0.6517579663534084,0.32231276933243924,-1.7576866995850708,2.7145177911066685,1.295807999371008,-0.32077934824985394,3.3020532495569594,2.292442197602517,0.4135068547512342,0.6333452480801952,-1.0428713268538456
0.5389689543688715,0.2401883803805468,-0.4727791629800359,0.29716662017554407,0.16087722794521586,-0.6494516243731108,-0.5640000388726444,0.028642999087396828,0.26575705449542225,-0.9993638226840659,0.9926753344238065,0.754198116374743,-0.22937713026439532,0.5208959118921991,-0.169841805698038,-0.5013090325061608,-0.18295450144624686,0.44469882488086065,0.5038177722189453,0.5191561825469229,0.15732008238077508,-0.21858979739592488,-0.162750357980094,-0.7115982482170964,0.8237577987756198,-0.15001265968428612,-0.27248274041617154,0.4275930343238408,0.9161542410615734,-0.8266326337116029,-0.4449731497836902,-0.05295114436096049,0.3779533066042773,-0.9016976324924604,0.6297024729563568,-0.970162488494267,-0.6596368002023019,-0.5145452546424237,-0.5902354093154369,-0.3170830425577047,0.7909146530387561,-0.282626492326246,-0.681626346656827,1.0124653303309834,-0.1122541354299232,0.4268643621559558,0.14249859003491708,-0.12140585148461715,1.2969167866158333,0.5303766719928261,0.14551226526633843,1.4966917032079392,0.9337482383360537,-0.17844742093841265,0.32467200551109815,-0.4332590571023531
-0.5661895480137569,-0.4727791629800359,1.8628960193467008,-0.1688622002178387,-1.2619397143617472,1.04115816312292,0.9722522606767879,-1.1887642551793896,-0.956851946210782,3.8689978957026363,-2.8239353239428664,-2.388799698500729,-0.3073381042185455,-1.8936258933012085,-0.38844698219638396,2.3906016545651214,1.2285252571556833,-1.4272593171590473,0.6470751323907101,-2.923890420969339,-1.2164511319382496,0.6382354585339759,-2.0462334055214377,1.8936452408892979,-2.161392101658951,1.1028046296184322,1.3412666189648539,-0.1279211047168123,-0.046888429072861205,1.6470975117064606,0.25829515985487406,-1.24450829541795,-0.06636871308303721,1.0817678682645895,-1.226566663537975,1.2846402251585538,0.15646629578686583,1.037343550512964,0.5677367992248495,0.1662433228934345,-0.8960397188889381,0.8195712610712422,1.2423182847585754,-1.335453483275047,0.3757534677630548,-1.427896108178592,-0.278473846364255,-2.494160606161127,-2.9698085103600094,-0.8675417630014804,-1.4864012793029957,-3.112041200234578,-1.5181134394312663,1.8535412939732228,-0.82030051801688,0.7375525184688579
0.8987878497016137,0.29716662017554407,-0.1688622002178387,0.5598557665782241,-0.22574432698697355,-0.9201386033502374,-0.7702821626995562,-0.4765229299647022,0.13717939107789565,-0.3886089914047981,0.8462953751358656,0.5340718594168353,-0.6313333127879527,0.25784218264769637,-0.5393705614626508,0.006631449598366338,0.16394323002933747,0.3056309953015593,1.3730487965995695,-0.21368945809495654,-0.2140154105314552,-0.17603321456989046,-1.2760984245336617,-0.6652002435459503,0.7852918926717124,0.17911620106590156,0.023736354851312567,0.8596961712217731,1.9432111745776404,-1.025856135612633,-0.8361456349201911,-0.6793484116943567,0.7781631246647116,-1.4417377487598158,0.7924626954598316,-1.4954784756986919,-1.343880141796854,-0.6334086859155289,-1.0082423714453879,-0.605819130687693,1.2862503644238428,-0.23410222025820052,-0.8951351127905246,1.5623898886957495,-0.07020688481912749,0.2693091936716758,0.17798709463325624,-1.3901757111901445,1.4333625109528003,0.7419578846646928,-0.36151684989988697,1.796017737209875,1.3139053212378915,0.45930475184114655,0.3214167924141674,-0.593025293491648
-0.14555618625209407,0.16087722794521586,-1.2619397143617472,-0.22574432698697355,1.0677867288762706,-0.189702526358087,-0.23334659456643958,1.1702174774242144,0.6172832572368703,-2.5974728525158963,1.544144243435587,1.4202093589296096,0.6196641358418635,1.2288018420679279,0.6219353822006378,-1.7592918765779029,-1.0040056230067216,0.8567101237306254,-1.332088646020208,2.279217157896824,1.0265931408389566,-0.35796773263972087,2.2985323234095043,-0.9742582292737734,1.0965778648636302,-0.9210699458593405,-0.9993897174736096,-0.44266900919389257,-1.1787598317613746,-0.5681798027487093,0.33251452470776693,1.3372514918326466,-0.4371543214756554,0.10618664307961584,0.4052238831977342,-0.00883947800377509,0.7235732051580446,-0.36634658519714874,0.21244160715899166,0.2558563424669714,-0.1457622949510839,-0.45502373741538077,-0.3524134208708088,0.0042578379671137385,-0.2315919341936168,0.8798630596146974,0.0934271283773822,2.6987330018508433,1.2852357661358338,0.17317517234759966,1.316445466402495,1.1629762683652485,0.2943199558194479,-1.6466841598153872,0.4007092754627334,-0.1707739681719025
-1.6016748721965357,-0.6494516243731108,1.04115816312292,-0.9201386033502374,-0.189702526358087,1.8343765325840906,1.578141312789639,0.22134892166938527,-0.611694637792866,2.220422218089108,-2.473697245501418,-1.8170762246149819,0.8278864371791151,-1.1894906901307325,0.6540507165040357,0.9977860862878984,0.26955519612644663,-1.0650020776229527,-1.8092895313387176,-0.9084825178005362,-0.18808692028281843,0.5355510849503367,1.0722648316146763,1.8068483221063734,-2.1019268638460273,0.19297652667553622,0.5293732831921861,-1.3577980595847892,-2.9665668582236022,2.250287928097184,1.3768508368120032,0.5057505280876659,-1.2075267514762118,2.6423354354854536,-1.7188085083892266,2.8090864163640052,2.103835668678231,1.3980005446767292,1.7684768297334175,0.9889562031165573,-2.3279043147625305,0.7006534468582826,1.88083801703156,-2.9318260208161786,0.26485834966768956,-1.0108421581289233,-0.387028710615679,1.056472423565476,-3.4257743060060495,-1.4906590191588922,-0.07859870580592213,-4.035223477669811,-2.6324679622516447,0.08481685503149422,-0.8328612327734026,1.2100900544267275
-1.3576603442646422,-0.5640000388726444,0.9722522606767879,-0.7702821626995562,-0.23334659456643958,1.578141312789639,1.3637049616458996,0.11170327520606124,-0.56353524684441,2.066696437683376,-2.2128096288405668,-1.6448561112193076,0.666033609327977,-1.0956841386996643,0.5173002562024867,0.9688544204973776,0.2958833964696683,-0.9654743285707859,-1.4570192834249405,-0.9249056177815955,-0.2286285644063793,0.47973859845046807,0.7644852190669368,1.6058143685963526,-1.8670426903930948,0.22531789259022142,0.517950775495859,-1.1301737828826057,-2.455027518378556,1.957583983097791,1.1532210039553152,0.344347562748123,-1.0022633873107443,2.248345274193813,-1.4930632832885402,2.397981838257287,1.7494814490722093,1.2179703446242374,1.4959243552674315,0.82800055560632,-1.9768259526915366,0.6272538031846353,1.6276320175684478,-2.502306897149795,0.24082965810470586,-0.9203392527247138,-0.3368491034657688,0.7241923026124449,-3.0089869622149106,-1.2832498692591776,-0.1531322095700177,-3.5213566064304684,-2.2672002959120205,0.17963115275861735,-0.7361170225008998,1.0435895602098202
-0.548005862205336,0.028642999087396828,-1.1887642551793896,-0.4765229299647022,1.1702174774242144,0.22134892166938527,0.11170327520606124,1.386027040464776,0.5566391215401251,-2.4291054570554493,1.1691355938479895,1.184137822193782,0.9035997209012175,1.1167515803747021,0.8647695043203986,-1.7653379660430764,-1.080150733783287,0.7217999399073927,-1.9497837465266956,2.380427635317093,1.1241712963552735,-0.2804173493717696,2.875272516720629,-0.6792136789892119,0.7467490333222309,-1.0032120534454902,-1.011986460860753,-0.828365307889764,-2.0510072702819055,-0.11143989675432907,0.7072992020250949,1.6445827654729992,-0.7870521024155563,0.751431207212495,0.05218457179293735,0.660053708585398,1.3277484698103696,-0.08330085141576264,0.6643520888196339,0.5279035525384446,-0.7214386429383369,-0.35218783681768184,0.046688168484123584,-0.6945783150485114,-0.20131959828715917,0.7622248047209113,0.013308599300409441,3.326960636316784,0.6465292193691266,-0.15807332471568164,1.4819781991158156,0.36135555827292515,-0.2935862288209877,-1.856879672202583,0.25861393234339947,0.09377494162208017
0.36957765769612755,0.26575705449542225,-0.956851946210782,0.13717939107789565,0.6172832572368703,-0.611694637792866,-0.56353524684441,0.5566391215401251,0.4971968885256658,-1.991656689493509,1.505483958111092,1.2572762773459834,0.09655816632490526,0.9810232886863096,0.1463036149282362,-1.2077146335175917,-0.6057001776576422,0.7494692084454304,-0.19944309510968436,1.4574310437628624,0.5947508062701223,-0.338156623419113,0.9156936861775677,-1.0183340788653965,1.1657526407619774,-0.5401387333770137,-0.675588538084731,0.1447118516609721,0.20411648071295882,-0.9274159818274584,-0.20818719337057567,0.565467095089806,0.1055007395013041,-0.6805466420304288,0.6932388705703061,-0.7875461360889597,-0.2044246340430845,-0.5835958238557241,-0.3811027262448385,-0.1406639050840224,0.5718444563550981,-0.43565391458415487,-0.7103057837751278,0.819223730497584,-0.19593576257619685,0.746807538849135,0.15733191042272548,1.1316275014390842,1.6345895487199866,0.5069002935217691,0.7174234451274354,1.739514564089873,0.8895693020818167,-0.8935132880830892,0.44347336377240604,-0.42744780784886965
-1.2348774835795675,-0.9993638226840659,3.8689978957026363,-0.3886089914047981,-2.5974728525158963,2.220422218089108,2.066696437683376,-2.4291054570554493,-1.991656689493509,8.039992032979411,-5.907208129486642,-4.984679991438235,-0.5927005627534059,-3.9405033907576246,-0.7673295655513401,4.949738335404817,2.533631955133399,-2.9768223788808847,1.2453293819199043,-6.040924118088608,-2.503807859292648,1.3337281065831088,-4.150302162355962,3.967976366257564,-4.530590750799869,2.270809798337622,2.7758511422119665,-0.32466919403329425,-0.2314275814784364,3.4830499766216096,0.5930093167989103,-2.5304321893343507,-0.19026119398087593,2.340397360408189,-2.595732778130444,2.763780829205984,0.41645324122001715,2.1924991805968355,1.2460749012659544,0.38623079047946496,-1.9446943357372433,1.714216812027492,2.6349758920090163,-2.873438583904284,0.7830761651185172,-2.977045917641616,-0.5885150618659891,-5.069785165638401,-6.250664585765332,-1.8480561084303357,-3.054032772983565,-6.569104186178599,-3.2348237759374094,3.8074772830727333,-1.7210222099395671,1.568663504462106
1.776777378295343,0.9926753344238065,-2.8239353239428664,0.8462953751358656,1.544144243435587,-2.473697245501418,-2.2128096288405668,1.1691355938479895,1.505483958111092,-5.907208129486642,4.921604631831883,3.9661262496181107,-0.24835582806170986,2.96514411828897,-0.03365558608691557,-3.3816419507061366,-1.5647316841551062,2.3548846452822083,0.5701468933132429,3.9147108664118075,1.492441624882317,-1.096048018627168,1.5192129380335,-3.406261852636657,3.915649582368392,-1.3692256313770552,-1.8758462931517055,1.112950981502574,2.171981242106898,-3.4476810207960136,-1.2725253557372842,1.0288061867085843,0.9368285844561037,-3.096411521719369,2.5985389906517673,-3.442199034833853,-1.6774409532092394,-2.1572716692701026,-1.8977805225028084,-0.891943536884432,2.6647259342042067,-1.4163549987613515,-2.7320438234108035,3.5866880965532104,-0.6089877871145848,2.317142003616617,0.5874576893061381,2.0304730587002835,5.764823883274551,2.034394818827466,1.716381902478383,6.358834098508493,3.5761132949069228,-2.131166485574589,1.5117927160111135,-1.6887330551516555
1.2202866320093675,0.754198116374743,-2.388799698500729,0.5340718594168353,1.4202093589296096,-1.8170762246149819,-1.6448561112193076,1.184137822193782,1.2572762773459834,-4.984679991438235,3.9661262496181107,3.2493916624170898,0.009765233172478042,2.479504480652482,0.16333330893153214,-2.9355855006405887,-1.4155481786503132,1.9331409337935346,0.004669963468247368,3.471026393284471,1.3707291696132704,-0.887095693105803,1.7728133160830675,-2.716417404663896,3.1159933264310067,-1.25112459270173,-1.6353886977239265,0.6587186776004161,1.1904647160617299,-2.6239017880020135,-0.8052369010580004,1.1342414373127012,0.5346601867713606,-2.1709606079278023,1.9706081864722864,-2.4513248585038134,-0.9758228188943254,-1.6453053700796438,-1.2864721863251576,-0.5577814266792582,1.8516287840255827,-1.1445751224236005,-2.049434784720485,2.5526223319954404,-0.5028236066567682,1.913613222026391,0.4459966872269133,2.257053750682914,4.488491816479973,1.4992627332656916,1.6173782676630248,4.873962802590789,2.63296136424838,-2.011647992155361,1.1957286971957175,-1.2526729156159198
-0.932684776589509,-0.22937713026439532,-0.3073381042185455,-0.6313333127879527,0.6196641358418635,0.8278864371791151,0.666033609327977,0.9035997209012175,0.09655816632490526,-0.5927005627534059,-0.24835582806170986,0.009765233172478042,0.8489683661950389,0.20851829059716387,0.7598076483454036,-0.664417661878692,-0.5362742604418641,0.022230487697221954,-1.8404934540324334,1.062650374673518,0.5932435345447982,0.03723008452337796,2.1077524212250704,0.2846525475195388,-0.35703508190400635,-0.5199949416094817,-0.3972426918081678,-1.005935700866901,-2.3401849287062997,0.7891659364395323,0.9413414526071834,1.1649536246632224,-0.9240674047306008,1.4482791309340854,-0.6220313174135403,1.4574604465365855,1.584768518750724,0.4820601993152165,1.0648981737819359,0.6881768592513161,-1.3107715486026812,0.057865085860921775,0.7418774840495784,-1.5244340733786022,-0.018460634584507966,0.06651596450332942,-0.1390789226259325,2.368785458005499,-0.9193170196608919,-0.6596499761042833,0.8465216365485899,-1.3194266635667304,-1.1739929498411568,-1.0661184161608555,-0.16315204570741942,0.5150519439075285
0.709498480881169,0.5208959118921991,-1.8936258933012085,0.25784218264769637,1.2288018420679279,-1.1894906901307325,-1.0956841386996643,1.1167515803747021,0.9810232886863096,-3.9405033907576246,2.96514411828897,2.479504480652482,0.20851829059716387,1.9402498771495245,0.30456497754203093,-2.394789165644264,-1.2066788923211695,1.4790210063637605,-0.4325904599236924,2.898328444310643,1.185143507087409,-0.6677544282124489,1.8512738631461338,-2.0038861358414812,2.2904529715701174,-1.0768658690982467,-1.340665000560117,0.2639872541287866,0.353321212496649,-1.814358274893788,-0.39106503970688006,1.14089254331141,0.18814627635420522,-1.3122360485695008,1.3555725112656052,-1.5238836879923139,-0.36772143025995585,-1.1399237709881154,-0.7284571502263635,-0.2619980876567095,1.1013886217160462,-0.8596242469790045,-1.387241335022029,1.5852156516535618,-0.38816641258771756,1.4754396905253637,0.30653480673056344,2.2819533409914237,3.204254275863844,0.987068282432323,1.4342261485791807,3.403001679102529,1.7288756042783062,-1.7868978291397524,0.8735247296541074,-0.8333645828803952
-0.7761998936562874,-0.169841805698038,-0.38844698219638396,-0.5393705614626508,0.6219353822006378,0.6540507165040357,0.5173002562024867,0.8647695043203986,0.1463036149282362,-0.7673295655513401,-0.03365558608691557,0.16333330893153214,0.7598076483454036,0.30456497754203093,0.6876158434015865,-0.7342656035497661,-0.5473274800141489,0.11173982668830652,-1.6462550294341904,1.1155802597072202,0.5958152045052432,-0.008393813434906026,1.9699586694712974,0.1256082662014051,-0.17142303799626005,-0.5244813706084658,-0.4330906091810331,-0.8682670280464666,-2.0365768894661116,0.5807540332052414,0.8038184658228015,1.095795843072472,-0.8016953932736535,1.1923346887144477,-0.46276396695073485,1.18735629292701,1.3712971792156758,0.3528987607125096,0.8913359542682195,0.5888609081939981,-1.08488199413064,-0.0028579907584213417,0.5664914936680647,-1.2425928227662038,-0.04054080742218158,0.15102942769825295,-0.10358620567398759,2.226485300632698,-0.6088733236575805,-0.5189550420632223,0.8344365790740408,-0.9487495512134454,-0.9249158422828513,-1.049276097264834,-0.08938804422370009,0.4012812060001255
-0.3793779652491796,-0.5013090325061608,2.3906016545651214,0.006631449598366338,-1.7592918765779029,0.9977860862878984,0.9688544204973776,-1.7653379660430764,-1.2077146335175917,4.949738335404817,-3.3816419507061366,-2.9355855006405887,-0.664417661878692,-2.394789165644264,-0.7342656035497661,3.160239877387278,1.6897818793421,-1.759174812086128,1.4172383471928678,-3.9481270909795927,-1.693994739318074,0.7694927312443006,-3.225140621903274,2.227321308445871,-2.531934694295729,1.5292946795866806,1.78085315667394,0.18296341195479643,0.734166748622447,1.754881634888375,-0.001768935593874438,-1.9211477815104672,0.23205422181144997,0.8373853941912424,-1.294493996451536,1.0828741245725997,-0.3439287297936008,1.110438042078181,0.3366579676749209,-0.028231847922304674,-0.6550623507629716,0.9863233717939223,1.2726640747143305,-1.122266114850707,0.46742405671221193,-1.7758322742813548,-0.29424385196869063,-3.8634527636771914,-3.3340545047880745,-0.8409473780794037,-2.1111353520549723,-3.3727762780581645,-1.4663425403446764,2.63528991017462,-0.9505460329938635,0.7304534443639593
0.05513726550971818,-0.18295450144624686,1.2285252571556833,0.16394323002933747,-1.0040056230067216,0.26955519612644663,0.2958833964696683,-1.080150733783287,-0.6057001776576422,2.533631955133399,-1.5647316841551062,-1.4155481786503132,-0.5362742604418641,-1.2066788923211695,-0.5473274800141489,1.6897818793421,0.9507990664692867,-0.8523397574416961,1.151839248762881,-2.171862278651263,-0.9661098239741756,0.36109262690571164,-2.0906357622785405,0.9999161587076635,-1.1270938925582314,0.868387606399232,0.9582002809081461,0.3444809154912508,0.9501886927905596,0.6445583435883321,-0.24072604229253286,-1.2220781924762236,0.34825275929325056,0.03396051001369202,-0.4651779554829169,0.14975224139811494,-0.5707493920301426,0.41137782723672855,-0.10949524286410711,-0.18933574307070658,0.018768236872636873,0.4609358317509761,0.4239424795672266,-0.15153000278583653,0.23017895864581453,-0.8728696053569333,-0.1054528614069061,-2.464053210692074,-1.3706727439521353,-0.2368705909551048,-1.2329309743257355,-1.2865964530086065,-0.4059980424889454,1.5412523662266662,-0.4164705880943815,0.22063674266748248
0.7080109021445443,0.44469882488086065,-1.4272593171590473,0.3056309953015593,0.8567101237306254,-1.0650020776229527,-0.9654743285707859,0.7217999399073927,0.7494692084454304,-2.9768223788808847,2.3548846452822083,1.9331409337935346,0.022230487697221954,1.4790210063637605,0.11173982668830652,-1.759174812086128,-0.8523397574416961,1.1506317978898801,-0.032661083259913286,2.085612072245136,0.8270300350719113,-0.5274394940718138,1.0951600567358284,-1.610787300402989,1.8467974395219793,-0.7546367146139494,-0.9806277839224307,0.37236636076843055,0.6631459767155077,-1.5457756254223705,-0.4609193044028379,0.697421321811411,0.3005788023417916,-1.2636748276349077,1.160448876221307,-1.4305467927329354,-0.5498786317623836,-0.9693345180332742,-0.7445999115254203,-0.31839266054278087,1.0766064548794498,-0.6798261783639448,-1.2052851537158713,1.4896535873089607,-0.2996290016072308,1.139469589146829,0.2627571205876255,1.3882511206833865,2.6523527033739276,0.879448617330358,0.9784884340540605,2.874335871498437,1.543691604244433,-1.2175016800794871,0.708649550041197,-0.7354766781024985
2.0318371484983895,0.5038177722189453,0.6470751323907101,1.3730487965995695,-1.332088646020208,-1.8092895313387176,-1.4570192834249405,-1.9497837465266956,-0.19944309510968436,1.2453293819199043,0.5701468933132429,0.004669963468247368,-1.8404934540324334,-0.4325904599236924,-1.6462550294341904,1.4172383471928678,1.151839248762881,-0.032661083259913286,3.990633180462065,-2.276261824412739,-1.2751171857537014,-0.08824225670341587,-4.5560823410574915,-0.6389374338245325,0.7992602500357381,1.1171471842537937,0.8480998765973184,2.18599806991371,5.083163492213966,-1.7313977287329032,-2.047386012427608,-2.5165524950100733,2.0084572053314016,-3.157397585959984,1.3643027497316187,-3.1796786486416226,-3.444060102828282,-1.0582649021974107,-2.3190086634305227,-1.49636192211121,2.8570434823704876,-0.1342291992919369,-1.6250654951190509,3.3258798864908523,0.03619130085658506,-0.1296540936420144,0.30561346779255794,-5.118109076796924,2.0288993161207114,1.4422855150793772,-1.822897852559525,2.8999129736315887,2.566418591869197,2.295516719027766,0.36352017490047617,-1.1267470351274846
0.14320996984121345,0.5191561825469229,-2.923890420969339,-0.21368945809495654,2.279217157896824,-0.9084825178005362,-0.9249056177815955,2.380427635317093,1.4574310437628624,-6.040924118088608,3.9147108664118075,3.471026393284471,1.062650374673518,2.898328444310643,1.1155802597072202,-3.9481270909795927,-2.171862278651263,2.085612072245136,-2.276261824412739,5.012625700900462,2.1943233439874454,-0.8987815426978449,4.499838912857998,-2.539488203043508,2.874068223862433,-1.9765980021845486,-2.2332176544879174,-0.5455579954482679,-1.6330027793007378,-1.815944818248159,0.30936783303823917,2.6516442148662267,-0.5763046379964054,-0.5163076516246506,1.327392714815184,-0.8037081849707326,0.9261210334010332,-1.1536656999962376,-0.04937927258880398,0.2594646867595553,0.3470006576965022,-1.14736332051895,-1.2629661912355108,0.8286401779919059,-0.5587053075389957,2.12002325708211,0.30204311079025686,5.338577851523367,3.6386525811454002,0.7789300886681535,2.7714933099721075,3.5532258988649303,1.3475417471453381,-3.4636250277218417,1.0715826264396289,-0.695618731186622
-0.13496744545695324,0.15732008238077508,-1.2164511319382496,-0.2140154105314552,1.0265931408389566,-0.18808692028281843,-0.2286285644063793,1.1241712963552735,0.5947508062701223,-2.503807859292648,1.492441624882317,1.3707291696132704,0.5932435345447982,1.185143507087409,0.5958152045052432,-1.693994739318074,-0.9661098239741756,0.8270300350719113,-1.2751171857537014,2.1943233439874454,0.9874562548365896,-0.3464225395978183,2.206504711790993,-0.9426165486621997,1.0603973000089035,-0.8863293497299058,-0.9623544839198441,-0.4215416400094366,-1.1240709183210322,-0.5534756431777772,0.3153337814169709,1.2843962462288223,-0.4164333650018815,0.09381026095604252,0.395211467864328,-0.01763115768921576,0.6896680449681218,-0.35615265603087454,0.19906573275729564,0.24326602432710745,-0.13246714947232768,-0.4399579069776182,-0.3452348695890379,0.013727066661037375,-0.22380912921497206,0.8490162195577927,0.09091523482500742,2.591122594076728,1.245951750763409,0.17149043121534596,1.2660800415245366,1.1305670120800841,0.2907998745822283,-1.5838933444633188,0.3885411012276219,-0.16827058478302256
-0.37738386750979747,-0.21858979739592488,0.6382354585339759,-0.17603321456989046,-0.35796773263972087,0.5355510849503367,0.47973859845046807,-0.2804173493717696,-0.338156623419113,1.3337281065831088,-1.096048018627168,-0.887095693105803,0.03723008452337796,-0.6677544282124489,-0.008393813434906026,0.7694927312443006,0.36109262690571164,-0.5274394940718138,-0.08824225670341587,-0.8987815426978449,-0.3464225395978183,0.24574979669169633,-0.38471172414444244,0.7565121594146512,-0.8683533706135629,0.31774639458396337,0.42797730347084323,-0.2269126004976802,-0.43544645579269664,0.7540043976483712,0.2647130116606281,-0.2557601608570196,-0.19059437536434318,0.6618566726405922,-0.5684514357243441,0.7394783263466062,0.34087136970752746,0.47184075130436204,0.40144434713479665,0.18410909681659926,-0.5691994243227503,0.3156412607065581,0.596405508680887,-0.7706979747353959,0.136678427368872,-0.5189878428708444,-0.12892602300984884,-0.5044767426816698,-1.2697728967491122,-0.4416269134435222,-0.4018468742901918,-1.3945874521256232,-0.7744442859571642,0.5001728781534596,-0.335852246318344,0.367272045099983
-1.6531560968084664,-0.162750357980094,-2.0462334055214377,-1.2760984245336617,2.2985323234095043,1.0722648316146763,0.7644852190669368,2.875272516720629,0.9156936861775677,-4.150302162355962,1.5192129380335,1.7728133160830675,2.1077524212250704,1.8512738631461338,1.9699586694712974,-3.225140621903274,-2.0906357622785405,1.0951600567358284,-4.5560823410574915,4.499838912857998,2.206504711790993,-0.38471172414444244,6.174836585952624,-0.7567931363493673,0.7918891082978456,-1.9607211977435866,-1.863653268873035,-2.1365644366133694,-5.155057635483105,0.5414638658319249,1.8980418072481742,3.4954560140295516,-2.0020099475527418,2.4186223401724978,-0.4798278526020419,2.2906429190380417,3.400564934143891,0.30859649797490474,1.9450613800092578,1.4041507878532526,-2.2503237564712015,-0.47336658279471155,0.7346170823127622,-2.4022415488162094,-0.3167280222590765,1.1957195466683166,-0.10531965487356065,7.081678539706649,0.1386408118042556,-0.82698001195226,2.9677232426261373,-0.6455679722097024,-1.4909625175456327,-3.7233629604336436,0.23931817604082598,0.6014474820638741
-1.3433812054198058,-0.7115982482170964,1.8936452408892979,-0.6652002435459503,-0.9742582292737734,1.8068483221063734,1.6058143685963526,-0.6792136789892119,-1.0183340788653965,3.967976366257564,-3.406261852636657,-2.716417404663896,0.2846525475195388,-2.0038861358414812,0.1256082662014051,2.227321308445871,0.9999161587076635,-1.610787300402989,-0.6389374338245325,-2.539488203043508,-0.9426165486621997,0.7565121594146512,-0.7567931363493673,2.3728517366023194,-2.7312739860820643,0.8682681388066,1.2318302708557642,-0.898240216690456,-1.8039665722490021,2.4691750102431036,0.9990549477864556,-0.5480915837872489,-0.7667077939317628,2.3173099991291015,-1.8648491864229086,2.5556385559647348,1.3629566379729035,1.5431680627217836,1.4439939255471832,0.7038245438518329,-2.0031613692062917,0.9785505931917979,1.9726554883091614,-2.663791597929865,0.4149676869281911,-1.578876541697342,-0.4213270456025627,-1.0718027374909116,-4.074379481523393,-1.483310682459886,-1.0620945623915687,-4.535483136377289,-2.6087581588598883,1.3169539429825068,-1.0584561460725108,1.2269143499396686
1.5742320894266721,0.8237577987756198,-2.161392101658951,0.7852918926717124,1.0965778648636302,-2.1019268638460273,-1.8670426903930948,0.7467490333222309,1.1657526407619774,-4.530590750799869,3.915649582368392,3.1159933264310067,-0.35703508190400635,2.2904529715701174,-0.17142303799626005,-2.531934694295729,-1.1270938925582314,1.8467974395219793,0.7992602500357381,2.874068223862433,1.0603973000089035,-0.8683533706135629,0.7918891082978456,-2.7312739860820643,3.146969223779767,-0.977096687703359,-1.3989759305471532,1.0664429320417674,2.153116830210154,-2.859157982702837,-1.179596612944299,0.5863953658654484,0.9133066380354433,-2.709805667396569,2.1605182932628817,-2.9831060623450845,-1.6217947001674602,-1.7880823446018417,-1.6950722195673522,-0.8325576221953299,2.3443226403383295,-1.1233417274496489,-2.288310138651151,3.10946470972291,-0.47435801865981153,1.807633411733282,0.4891420486509778,1.1444315364864945,4.706948660607585,1.7244641255480417,1.1868519033242382,5.250320974890529,3.035274562222304,-1.4710221006137143,1.2185952789276766,-1.4251481867752684
0.09932867628782852,-0.15001265968428612,1.1028046296184322,0.17911620106590156,-0.9210699458593405,0.19297652667553622,0.22531789259022142,-1.0032120534454902,-0.5401387333770137,2.270809798337622,-1.3692256313770552,-1.25112459270173,-0.5199949416094817,-1.0768658690982467,-0.5244813706084658,1.5292946795866806,0.868387606399232,-0.7546367146139494,1.1171471842537937,-1.9765980021845486,-0.8863293497299058,0.31774639458396337,-1.9607211977435866,0.8682681388066,-0.977096687703359,0.796149799925447,0.8684845388346076,0.3592653829105582,0.9664665767790743,0.5257896280043192,-0.2637428012801264,-1.1431569759873137,0.35645661261584455,-0.04845627105694572,-0.3770763466183184,0.05372507923882573,-0.5895065821362268,0.3372985264373579,-0.1546916943243697,-0.20475344206467144,0.08703557400634757,0.40341983099501705,0.3347125884479969,-0.052004984985388844,0.2041095596222862,-0.7735108813934908,-0.0865414696435514,-2.3050430436214127,-1.1610097284782457,-0.1737604997431071,-1.1344727598692148,-1.066065384476743,-0.295346121179492,1.419316250600601,-0.3595370339384517,0.16709561979768017
-0.18151282459209564,-0.27248274041617154,1.3412666189648539,0.023736354851312567,-0.9993897174736096,0.5293732831921861,0.517950775495859,-1.011986460860753,-0.675588538084731,2.7758511422119665,-1.8758462931517055,-1.6353886977239265,-0.3972426918081678,-1.340665000560117,-0.4330906091810331,1.78085315667394,0.9582002809081461,-0.9806277839224307,0.8480998765973184,-2.2332176544879174,-0.9623544839198441,0.42797730347084323,-1.863653268873035,1.2318302708557642,-1.3989759305471532,0.8684845388346076,1.004557385338772,0.1342163712612451,0.48380494061738716,0.9522200740472523,-0.03090923471409651,-1.1075530296159712,0.15847135364644235,0.4203456070934768,-0.7014813547757686,0.5568849573827408,-0.24233887318182146,0.6030400836311357,0.15350147176870993,-0.03796224114834602,-0.32352842937192167,0.5475933508064846,0.6857067149520328,-0.5768270425336243,0.2609354727077043,-0.9910569895940246,-0.15966458695133662,-2.2274000008474553,-1.8278347337373377,-0.44762530253669286,-1.2028650037737538,-1.83669627864047,-0.7791286057606849,1.5022040150863032,-0.5247357549732032,0.39066240865653046
1.3591140829374866,0.4275930343238408,-0.1279211047168123,0.8596961712217731,-0.44266900919389257,-1.3577980595847892,-1.1301737828826057,-0.828365307889764,0.1447118516609721,-0.32466919403329425,1.112950981502574,0.6587186776004161,-1.005935700866901,0.2639872541287866,-0.8682670280464666,0.18296341195479643,0.3444809154912508,0.37236636076843055,2.18599806991371,-0.5455579954482679,-0.4215416400094366,-0.2269126004976802,-2.1365644366133694,-0.898240216690456,1.0664429320417674,0.3592653829105582,0.1342163712612451,1.3303160309409705,3.0240562206343635,-1.4785217691187804,-1.2836531277211738,-1.1492287855949166,1.2070811395405423,-2.1672663390155855,1.1449849591066712,-2.23594215792096,-2.0827198617998546,-0.9117343587010872,-1.5296396995873267,-0.9322216404005449,1.9378674249178445,-0.3049544712636434,-1.3033779351767136,2.3362904055804634,-0.08195909875604689,0.3161424510329262,0.2568624496129338,-2.3466075752843243,2.0172816511562925,1.0923406966809674,-0.6711665491959062,2.571726836310811,1.9369635532808904,0.8507417067034734,0.4402550518433836,-0.8698393755154415
3.032358983640669,0.9161542410615734,-0.046888429072861205,1.9432111745776404,-1.1787598317613746,-2.9665668582236022,-2.455027518378556,-2.0510072702819055,0.20411648071295882,-0.2314275814784364,2.171981242106898,1.1904647160617299,-2.3401849287062997,0.353321212496649,-2.0365768894661116,0.734166748622447,0.9501886927905596,0.6631459767155077,5.083163492213966,-1.6330027793007378,-1.1240709183210322,-0.43544645579269664,-5.155057635483105,-1.8039665722490021,2.153116830210154,0.9664665767790743,0.48380494061738716,3.0240562206343635,6.907211355639548,-3.1621872086350193,-2.900655479701379,-2.7911779273961,2.7517895742437517,-4.812074901636659,2.4558227327277984,-4.942732998086595,-4.740908892414345,-1.9472265506054267,-3.421858416811152,-2.108905036450238,4.312841690074418,-0.588750488312104,-2.816426914175376,5.165698979151321,-0.1377208885388921,0.5333630610303323,0.5510723178146211,-5.694330094324288,4.2197195583556795,2.38319141452222,-1.7310117351814627,5.4692447119729515,4.227835344632501,2.1894379540916495,0.8988901864872275,-1.891540573824177
-1.8648574892410943,-0.8266326337116029,1.6470975117064606,-1.025856135612633,-0.5681798027487093,2.250287928097184,1.957583983097791,-0.11143989675432907,-0.9274159818274584,3.4830499766216096,-3.4476810207960136,-2.6239017880020135,0.7891659364395323,-1.814358274893788,0.5807540332052414,1.754881634888375,0.6445583435883321,-1.5457756254223705,-1.7313977287329032,-1.815944818248159,-0.5534756431777772,0.7540043976483712,0.5414638658319249,2.4691750102431036,-2.859157982702837,0.5257896280043192,0.9522200740472523,-1.4785217691187804,-3.1621872086350193,2.8690938268190678,1.5364534613988594,0.17433605065999483,-1.2997739110451338,3.119328422165284,-2.1817521432563827,3.3553510069280468,2.2773322337381385,1.7854814732436435,2.0419953097122443,1.0979221662742729,-2.731160849590881,0.9831502306538448,2.35801091502561,-3.500275859782471,0.3911674567795358,-1.4898709143887292,-0.49088485616608774,0.39462459230505365,-4.5003347516716605,-1.8347287611644483,-0.5172038225408645,-5.18803240133276,-3.235447321646807,0.6304636720375973,-1.1231123198974458,1.4992209732112303
-1.3434196442273156,-0.4449731497836902,0.25829515985487406,-0.8361456349201911,0.33251452470776693,1.3768508368120032,1.1532210039553152,0.7072992020250949,-0.20818719337057567,0.5930093167989103,-1.2725253557372842,-0.8052369010580004,0.9413414526071834,-0.39106503970688006,0.8038184658228015,-0.001768935593874438,-0.24072604229253286,-0.4609193044028379,-2.047386012427608,0.30936783303823917,0.3153337814169709,0.2647130116606281,1.8980418072481742,0.9990549477864556,-1.179596612944299,-0.2637428012801264,-0.03090923471409651,-1.2836531277211738,-2.900655479701379,1.5364534613988594,1.2489048489391552,1.0099879173797035,-1.1618603232627782,2.155563941662715,-1.1867791421605731,2.23635142558754,2.0067631947698885,0.9490547384928297,1.506957298460765,0.9049438705627274,-1.9227868957324727,0.35194011538861214,1.3400329144857754,-2.336366508863845,0.10585860674470271,-0.406567991204496,-0.26676270659390705,2.066728946828397,-2.1494817681079703,-1.1102281406474426,0.5348668240947712,-2.6912704749451963,-1.9663981599426097,-0.6796676143811659,-0.48220507669284995,0.887497495565202
-0.8550962887008335,-0.05295114436096049,-1.24450829541795,-0.6793484116943567,1.3372514918326466,0.5057505280876659,0.344347562748123,1.6445827654729992,0.565467095089806,-2.5304321893343507,1.0288061867085843,1.1342414373127012,1.1649536246632224,1.14089254331141,1.095795843072472,-1.9211477815104672,-1.2220781924762236,0.697421321811411,-2.5165524950100733,2.6516442148662267,1.2843962462288223,-0.2557601608570196,3.4954560140295516,-0.5480915837872489,0.5863953658654484,-1.1431569759873137,-1.1075530296159712,-1.1492287855949166,-2.7911779273961,0.17433605065999483,1.0099879173797035,1.9855420222676006,-1.0797054102250416,1.232392288926414,-0.17082760790458618,1.147976143267187,1.8320650174623718,0.09218261699863044,1.013289377100534,0.7494810755962239,-1.1539847574538578,-0.31597739995708585,0.30733220816779455,-1.2045517687251537,-0.19890555451429892,0.7511296738520808,-0.036410679405259376,4.019498077792386,0.2907200098262054,-0.3848885136812188,1.7163251279908496,-0.12361434823278307,-0.698132083085086,-2.153141805886708,0.18995152931797638,0.27217445925217354
1.2218685755647112,0.3779533066042773,-0.06636871308303721,0.7781631246647116,-0.4371543214756554,-1.2075267514762118,-1.0022633873107443,-0.7870521024155563,0.1055007395013041,-0.19026119398087593,0.9368285844561037,0.5346601867713606,-0.9240674047306008,0.18814627635420522,-0.8016953932736535,0.23205422181144997,0.34825275929325056,0.3005788023417916,2.0084572053314016,-0.5763046379964054,-0.4164333650018815,-0.19059437536434318,-2.0020099475527418,-0.7667077939317628,0.9133066380354433,0.35645661261584455,0.15847135364644235,1.2070811395405423,2.7517895742437517,-1.2997739110451338,-1.1618603232627782,-1.0797054102250416,1.0992290516875094,-1.9439991892096022,1.0090099728637587,-2.0014876356604274,-1.8929116191928437,-0.8018582778498327,-1.3771673026039044,-0.8438213315780204,1.741317866950934,-0.25437142267766444,-1.1536916726178117,2.0919402583466993,-0.06381099344760191,0.24692748158847178,0.22777800738254997,-2.2051734014940165,1.7559333004185167,0.9714289872055959,-0.652772073565281,2.2581051747080494,1.7225446300557559,0.825300498820583,0.3791854832853074,-0.7721439313859315
-2.4200872012580916,-0.9016976324924604,1.0817678682645895,-1.4417377487598158,0.10618664307961584,2.6423354354854536,2.248345274193813,0.751431207212495,-0.6805466420304288,2.340397360408189,-3.096411521719369,-2.1709606079278023,1.4482791309340854,-1.3122360485695008,1.1923346887144477,0.8373853941912424,0.03396051001369202,-1.2636748276349077,-3.157397585959984,-0.5163076516246506,0.09381026095604252,0.6618566726405922,2.4186223401724978,2.3173099991291015,-2.709805667396569,-0.04845627105694572,0.4203456070934768,-2.1672663390155855,-4.812074901636659,3.119328422165284,2.155563941662715,1.232392288926414,-1.9439991892096022,3.943984302475066,-2.393260021316762,4.148782053252541,3.372638279847168,1.9336989979295205,2.6909923240333105,1.5545988509914126,-3.49372352336358,0.8700355875750861,2.652063744578899,-4.331966315024749,0.30714757681238447,-1.1743077180640362,-0.5387732052511753,2.5401091970892993,-4.597590382539917,-2.1404084440159448,0.361680503316393,-5.543160528377325,-3.784579768712032,-0.4721012385967644,-1.0855212761163864,1.7265104296527667
1.4328932374541485,0.6297024729563568,-1.226566663537975,0.7924626954598316,0.4052238831977342,-1.7188085083892266,-1.4930632832885402,0.05218457179293735,0.6932388705703061,-2.595732778130444,2.5985389906517673,1.9706081864722864,-0.6220313174135403,1.3555725112656052,-0.46276396695073485,-1.294493996451536,-0.4651779554829169,1.160448876221307,1.3643027497316187,1.327392714815184,0.395211467864328,-0.5684514357243441,-0.4798278526020419,-1.8648491864229086,2.1605182932628817,-0.3770763466183184,-0.7014813547757686,1.1449849591066712,2.4558227327277984,-2.1817521432563827,-1.1867791421605731,-0.17082760790458618,1.0090099728637587,-2.393260021316762,1.6605014576740602,-2.571012037520177,-1.7655084065664637,-1.3578032014852413,-1.5706856663901991,-0.8481379350597439,2.0975839839959503,-0.7402002382918684,-1.7974279530434838,2.682393875317508,-0.29288211392071983,1.1160153891110909,0.3741728711955803,-0.37853754090680014,3.4124237428544055,1.4012565219268855,0.35879399607756524,3.943067888697294,2.4708314610845976,-0.43683855370450503,0.8497058602281018,-1.144149514739553
-2.5365760301680944,-0.970162488494267,1.2846402251585538,-1.4954784756986919,-0.00883947800377509,2.8090864163640052,2.397981838257287,0.660053708585398,-0.7875461360889597,2.763780829205984,-3.442199034833853,-2.4513248585038134,1.4574604465365855,-1.5238836879923139,1.18735629292701,1.0828741245725997,0.14975224139811494,-1.4305467927329354,-3.1796786486416226,-0.8037081849707326,-0.01763115768921576,0.7394783263466062,2.2906429190380417,2.5556385559647348,-2.9831060623450845,0.05372507923882573,0.5568849573827408,-2.23594215792096,-4.942732998086595,3.3553510069280468,2.23635142558754,1.147976143267187,-2.0014876356604274,4.148782053252541,-2.571012037520177,4.378254567529384,3.4755205340678264,2.081263992308249,2.8145129992356477,1.6106901958398012,-3.6696842127594556,0.9696906837326511,2.8383761825189735,-4.571112985889634,0.3505535335832387,-1.3385433707816523,-0.579037684946559,2.373446207193579,-4.996006418475828,-2.2780721037494818,0.23201615631482042,-5.980044361142071,-4.025831817892948,-0.3107113511907053,-1.191293771026092,1.8410845329369832
