V1,V2,V3,V4,V5,V6,V7,V8,V9,V10,V11,V12,V13,V14,V15,V16,V17,V18,V19,V20,V21,V22,V23,V24,V25,V26,V27,V28,V29,V30,V31,V32,V33,V34,V35,V36,V37,V38,V39,V40,V41,V42,V43,V44,V45,V46,V47,V48,V49,V50,V51,V52,V53,V54,V55,V56
11967.303829738707,3275.0062998822814,41063.19037722303,21858.125504842745,-81976.16330389719,-32778.12180814449,61176.668626062405,5722.266152084513,-47567.83313127823,15273.011621080328,20611.919665355977,-15345.31393421014,-1906.7096972683537,63250.25558097285,18683.6112895608,53517.62826154619,-69319.13021462328,-8551.729626828295,-34071.2791404079,44056.46286530441,-45157.715845270635,-8684.606486355793,66654.12658316483,-32617.58893194327,-89280.26722318515,16391.625788443962,24205.737319219363,15073.764603262349,7566.022498576258,-120760.36885808436,-8517.524774370553,18684.56982157504,-95618.53285129047,-12049.024982620576,58121.91388801288,-17836.650625076418,112595.41134492193,33058.03771671191,18311.720012605,21278.317057867487,-2748.1835242313073,-95466.47264056843,-42105.581735178326,8664.405367433847,-64783.74299295468,116278.65143203002,-85665.10543383688,26546.34675407181,-9176.720935060237,25138.53861498258,93605.73051616162,-58806.89242753089,-49710.578335586826,-86727.32871824437,56577.0498010277,-33501.34101651227
3275.0062998822814,896.327678578791,11237.498675449873,5981.762339494914,-22433.706128920327,-8970.205211585695,16741.661277065792,1565.9262404212786,-13017.272710208852,4179.469170131093,5640.8388797115485,-4199.220043490384,-521.8190023247978,17309.313979290433,5112.937267614472,14645.894883565652,-18969.97458887622,-2340.262643462408,-9323.944741306626,12056.609938544627,-12358.00872149315,-2376.7252013431807,18240.714201635135,-8926.271509103413,-24432.27536941272,4485.8826126402455,6624.202902854353,4125.10916738149,2070.49476048029,-33047.43056826336,-2331.0152476732183,5113.300463392892,-26167.054112534628,-3297.4848563406117,15905.865655736197,-4881.251601373067,30812.92886343622,9046.557351004103,5011.010272226435,5823.059299904082,-751.8748985644504,-26125.48618032109,-11522.798502822043,2371.1555025236926,-17728.679409503457,31820.98903294189,-23443.114319563443,7264.766093391814,-2510.9312009359433,6879.511199352584,25616.241918649477,-16092.947684317758,-13603.76051934047,-23733.959191356473,15482.944004478557,-9168.080033513474
41063.19037722303,11237.498675449873,140906.3543437037,75003.34185332926,-281293.67916506546,-112473.32540662323,209923.0498299366,19634.69670532306,-163224.21991366908,52410.81781395591,70725.0190144852,-52657.63216667452,-6542.37533415879,217035.61381020985,64110.954914857866,183643.19374979023,-237860.6717357096,-29345.88915608704,-116912.8416051279,151173.22181559852,-154955.30754658586,-29799.974258032304,228716.7063842351,-111922.00323423768,-306357.5789184664,56247.529600556445,83060.78057785617,51723.04675532023,25959.72258050528,-414374.26807628723,-29226.32213690803,64114.10970829193,-328105.9529217289,-41343.08576731976,199438.1390113083,-61202.12469632984,386360.89014621195,113436.1967217305,62835.48975304616,73015.20716187016,-9431.405002226216,-327582.50397547847,-144479.53098915625,29728.351872627685,-222297.82716009128,398996.8694411174,-293950.9886073471,91090.69415740274,-31491.392762658423,86259.06021950665,321197.48979615007,-201793.4883533101,-170579.05942829367,-297595.05991228076,194137.27528425868,-114955.40714501459
21858.125504842745,5981.762339494914,75003.34185332926,39924.131507250815,-149731.3127794413,-59869.47410123265,111740.8271376369,10451.643657791308,-86883.60635689633,27897.31333601445,37647.32104422169,-28029.016264144975,-3482.5565925391975,115527.50063787017,34125.999405614115,97751.8129570316,-126612.5184189897,-15620.32406918743,-62232.06713916039,80469.42505888265,-82481.79498800945,-15862.499357183533,121745.03784602787,-59576.12600807619,-163072.5834068445,29939.998380067613,44212.60921468244,27532.23680899656,13818.842150338593,-220570.46020815973,-15557.228752998117,34127.709288446604,-174649.33573693043,-22007.240596499738,106160.45790340328,-32578.285181620322,205658.0834440002,60381.418229125455,33446.917692991716,38865.498804135,-5019.980432316324,-174371.12519335942,-76906.25657623001,15824.9569435943,-118328.51338384744,212384.8384630611,-156468.9842735037,48487.31534094426,-16762.150113452222,45915.677949013865,170972.42516644698,-107412.97477921193,-90797.9939653314,-158408.91567942078,103338.78863446016,-61190.569874031826
-81976.16330389719,-22433.706128920327,-281293.67916506546,-149731.3127794413,561553.3832109659,224533.91029238547,-419074.06014186144,-39197.66601507262,325849.107808303,-104627.88200439153,-141191.19746823426,105121.3226244547,13060.809536701649,-433274.025223417,-127986.41671890904,-366609.77056392946,474847.7826497923,58583.230926511715,233395.84714487396,-301791.8865235906,309340.47097003553,59490.46300550365,-456592.9863518342,223433.53237619228,611589.3736281202,-112287.44817775325,-165815.67814459917,-103256.56330581769,-51825.29062556644,827227.3453343179,58345.40145976519,-127992.57116879257,655006.0773947716,82534.94752169037,-398143.8217897784,122180.53617187809,-771301.7355802488,-226455.45115210302,-125440.17560106,-145761.7035810731,18827.919067675513,653961.8467131177,288428.6737614606,-59348.72443300608,443779.62260909716,-796528.4025404961,586822.1925110623,-181846.76829092772,62866.669224676596,-172201.68068888775,-641215.3778181558,402844.17520169745,340530.4323543776,594097.0418983932,-387561.80043868755,229488.82777722224
-32778.12180814449,-8970.205211585695,-112473.32540662323,-59869.47410123265,224533.91029238547,89779.20695448529,-167564.08688823503,-15673.105473083613,130288.73954266898,-41833.883027492615,-56455.45970486799,42031.47104543106,5222.410735788946,-173242.8465604811,-51174.613811905045,-146586.45801233695,189865.59319480453,23423.778843769127,93321.83340360627,-120670.49355989601,123687.94175815315,23787.15505313295,-182566.38582313608,89339.34691719212,244539.99183901196,-44897.36202367029,-66300.2237392776,-41286.86314132615,-20722.62787666542,330763.11826799,23329.413533121715,-51177.24657947376,261900.4500810208,33001.84130797091,-159196.21964658747,48853.96590836546,-308400.46055756195,-90546.56404035866,-50156.1341928518,-58281.83151773333,7527.6371979915975,261483.41880792967,115327.23146974623,-23731.029672303568,177443.00425886142,-318488.04850420094,234637.59751734114,-72710.6415515546,25135.7511526286,-68854.34661021987,-256386.78661248175,161073.8395974769,136158.54250032388,237546.83823798056,-154964.80081706645,91760.23422976634
61176.668626062405,16741.661277065792,209923.0498299366,111740.8271376369,-419074.06014186144,-167564.08688823503,312745.2336673487,29252.21044609801,-243173.53463136868,78081.77509728703,105367.21516230392,-78449.85954612591,-9746.92044876163,323341.88620258134,95513.24605494858,273592.47816824674,-354367.4997858593,-43719.481079837315,-174177.89112061332,225219.817306651,-230853.57190032082,-44396.23672584622,340744.4574238713,-166742.83876495736,-456414.9241931395,83797.58381430124,123744.45929368467,77057.77898488536,38675.685007391025,-617339.7660289546,-43541.65467162006,95517.78133882565,-488815.5845989044,-61593.56060148975,297125.0451852766,-91180.07230652723,575604.355951352,168998.50430386068,93613.19418361674,108778.60560543023,-14051.080017845105,-488036.0578260778,-215247.2169055755,44290.16694660523,-331182.1064271584,594430.0177493856,-437931.49284506316,135707.84805026648,-46916.37651091229,128509.82634028592,478523.6741721396,-300633.6139943017,-254130.11799696772,-443360.3662037289,289228.01831384597,-171261.8985149314
5722.266152084513,1565.9262404212786,19634.69670532306,10451.643657791308,-39197.66601507262,-15673.105473083613,29252.21044609801,2736.1751655658186,-22745.117798378313,7303.0279530474745,9855.691836908714,-7337.619069162642,-911.6956830712015,30243.603879699345,8933.768085449416,25589.847053958983,-33145.58138361372,-4089.098936605058,-16291.526674878936,21065.972323113267,-21592.533113142526,-4152.577415347137,31871.25869823554,-15596.346074678127,-42690.35158863392,7837.736612515121,11574.183394576698,7207.658239494863,3617.7804565337165,-57742.699089151,-4072.677394045067,8934.16921004616,-45720.91525976943,-5761.276360301288,27791.450469125008,-8528.729775479545,53838.591254366416,15807.093936763957,8756.033209697076,10174.422380817883,-1314.1822939802803,-45648.17917162515,-20133.10133302372,4142.939338520564,-30977.02023276383,55599.707574370776,-40961.631137732315,12693.35012388965,-4388.153662245636,12020.188040887155,44758.46569627998,-28119.193705067035,-23769.63598603959,-41469.454413044485,27052.845854565985,-16018.943921064316
-47567.83313127823,-13017.272710208852,-163224.21991366908,-86883.60635689633,325849.107808303,130288.73954266898,-243173.53463136868,-22745.117798378313,189078.9852770259,-60712.04062653461,-81927.90226776559,60998.522223776046,7578.6650029909315,-251412.91458519117,-74266.00668397259,-212729.78256566706,275537.04213623406,33993.69452023486,135431.26404106143,-175118.88773962032,179498.81967439054,34519.97359083232,-264944.2843219388,129650.25975896075,354883.868153931,-65155.95697973205,-96216.71324479434,-59916.10131081942,-30072.546796290215,480010.32413602096,33855.51676758936,-74269.32966641747,380076.4414379612,47891.81181352134,-231028.18051424608,70896.95613751038,-447558.6894703243,-131404.2528351463,-72788.87452813354,-84580.19381808126,10925.593107447807,379470.48395844235,167364.49390063234,-34437.95081375804,257509.65977723562,-462196.69742878067,340512.01745012536,-105518.9872757512,36480.10386750986,-99922.31730450467,-372074.25052683277,233756.31134135404,197597.65656979103,344732.99965245585,-224888.19231042083,133163.98482924365
15273.011621080328,4179.469170131093,52410.81781395591,27897.31333601445,-104627.88200439153,-41833.883027492615,78081.77509728703,7303.0279530474745,-60712.04062653461,19495.70423021194,26304.998801238315,-19587.177559180564,-2433.2781566587937,80725.9057605805,23846.29770884377,68306.82745488134,-88472.3306600275,-10915.779661055749,-43486.265978554606,56228.28371447956,-57636.02937537275,-11083.80693074577,85071.33160152091,-41628.669239942305,-113951.36822151234,20921.45915186538,30894.92268786308,19238.116748089767,9655.084390769938,-154126.30503238813,-10870.291899658487,23847.165805518507,-122039.84180210691,-15376.650378467612,74180.51882854792,-22763.26460073077,143708.12641831255,42193.451060202526,23372.499045903478,27158.372444854285,-3508.9595531612777,-121844.47941956382,-53738.55972069695,11056.517567929757,-82684.01658234715,148406.95730866923,-109335.77687108154,33881.04399054832,-11715.054927644334,32083.60099378402,119469.62208633572,-75059.16836955212,-63448.152816760885,-110690.5161917046,72209.30852723759,-42757.34795026291
20611.919665355977,5640.8388797115485,70725.0190144852,37647.32104422169,-141191.19746823426,-56455.45970486799,105367.21516230392,9855.691836908714,-81927.90226776559,26304.998801238315,35501.20145559667,-26429.5340311605,-3284.066969522926,108939.0743491721,32179.553613795062,92175.9765894978,-119391.51354040475,-14728.934823842183,-58682.39166027309,75880.61818938424,-77777.24636229408,-14958.036282985151,114801.49832615607,-56178.98560656926,-153770.9197115436,28232.171039496607,41690.61590699337,25962.276597147298,13031.358857036817,-207991.12423130576,-14670.300995932366,32181.367006379343,-164688.0076816214,-20752.87380132998,100106.27451745588,-30721.06265972092,193927.963003167,56937.072453215806,31538.758424874813,36648.57458855104,-4732.954928751892,-164426.25582624195,-72520.60834812926,14923.28738971125,-111579.80843219152,200272.05448861475,-147544.69783631066,45722.07599664377,-15804.773441743855,43297.39772240371,161221.37107422508,-101285.23902754707,-85618.50087412162,-149374.49313773643,97445.24135313374,-57701.00684090575
-15345.31393421014,-4199.220043490384,-52657.63216667452,-28029.016264144975,105121.3226244547,42031.47104543106,-78449.85954612591,-7337.619069162642,60998.522223776046,-19587.177559180564,-26429.5340311605,19679.33221610334,2444.8038549749285,-81106.89863693537,-23958.803043671825,-68628.4670488311,88889.86378089197,10967.004852687105,43691.301941024634,-56493.90147337955,57907.678649232934,11136.133093490262,-85472.66939093708,41825.376689088946,114488.78386762687,-21019.864860838254,-31040.430051656833,-19329.065389786072,-9701.07158631818,154853.90260283247,10921.666037372128,-23959.663171258428,122615.46378472775,15449.495918067198,-74530.6573437937,22871.099853804597,-144385.89208705266,-42392.39042370124,-23482.707603413404,-27286.339549177115,3525.347074974472,122419.47114083928,53992.30331170069,-11109.15491521409,83074.31531527932,-149107.34830128239,109851.63834150344,-34040.9325370216,11770.017803926885,-32235.169774191894,-120033.43403083317,75412.6813354441,63747.09450545105,111212.8668843614,-72550.17029682558,42959.22904378897
-1906.7096972683537,-521.8190023247978,-6542.37533415879,-3482.5565925391975,13060.809536701649,5222.410735788946,-9746.92044876163,-911.6956830712015,7578.6650029909315,-2433.2781566587937,-3284.066969522926,2444.8038549749285,303.79768600222076,-10077.387155104983,-2976.745131734294,-8526.69381850745,11044.25742711806,1362.476895372352,5428.369780197855,-7019.3232057507,7194.74605198357,1383.7013940320421,-10619.661520479145,5196.839329697364,14224.441011700004,-2611.610344610659,-3856.561768142716,-2401.636203474723,-1205.4741719971694,19240.129504275126,1357.0897518123531,-2976.929603927537,15234.364188028694,1919.7709480649398,-9260.31152187764,2841.86542311298,-17939.179886365368,-5266.902497440306,-2917.439047819412,-3390.1506321553293,437.77765994586093,15210.172543215627,6708.513266054136,-1380.500762138389,10321.619946168195,-18526.075767465387,13648.527259459843,-4229.508493220466,1461.9317459709025,-4005.22401137326,-14913.702081589441,9369.270646114397,7920.0580865723905,13817.822786487312,-9014.128815392736,5337.61904728217
63250.25558097285,17309.313979290433,217035.61381020985,115527.50063787017,-433274.025223417,-173242.8465604811,323341.88620258134,30243.603879699345,-251412.91458519117,80725.9057605805,108939.0743491721,-81106.89863693537,-10077.387155104983,334299.2247237868,98749.57423468816,282862.4400025023,-366375.60301195,-45200.2590257681,-180079.48531052656,232852.3717025922,-238675.76525099156,-45900.967928966915,352290.7711180921,-172393.95771050418,-471879.2083204882,86636.84303258511,127937.09088429445,79669.31264105886,39987.07354407411,-638259.3436800622,-45017.59947474399,98754.5770864052,-505378.68575814174,-63681.782935274234,307194.01489792415,-94270.86951094061,595107.9771241872,174724.25365946192,96784.47745996498,112464.23956827486,-14526.1643727342,-504573.5456588138,-222541.79827428868,45792.14373456825,-342404.2776067483,614572.904744343,-452770.5299461225,140306.6103926773,-48504.162912920074,132865.06605907346,494738.7831635578,-310818.5023325173,-262740.1073003115,-458384.1041343715,299028.93232053,-177065.67318831309
18683.6112895608,5112.937267614472,64110.954914857866,34125.999405614115,-127986.41671890904,-51174.613811905045,95513.24605494858,8933.768085449416,-74266.00668397259,23846.29770884377,32179.553613795062,-23958.803043671825,-2976.745131734294,98749.57423468816,29170.046318400884,83555.70385275516,-108224.93652964896,-13351.977493285753,-53194.42442327518,68782.89782962763,-70503.2588080388,-13558.728299708026,104064.35546179161,-50923.83091184981,-139390.5132128519,25591.897132502207,37791.839484097436,23533.735426952335,11811.820167071506,-188537.56377514207,-13297.7497497136,29171.395849751265,-149285.71128095756,-18810.912718205425,90742.88677498089,-27846.793123708445,175791.247901436,51612.65713385782,28589.793673810233,33221.25810273628,-4291.250174831881,-149047.72069210536,-65737.17288947228,13526.48827815639,-101144.11403679819,181540.77655641618,-133745.6358373221,41445.579274002834,-14328.423722371323,39247.3306932342,146142.6278589074,-91814.2833910728,-77612.00453429187,-135403.6125689805,88331.1662884823,-52303.92943239723
53517.62826154619,14645.894883565652,183643.19374979023,97751.8129570316,-366609.77056392946,-146586.45801233695,273592.47816824674,25589.847053958983,-212729.78256566706,68306.82745488134,92175.9765894978,-68628.4670488311,-8526.69381850745,282862.4400025023,83555.70385275516,239342.16094896913,-310003.58077974006,-38246.45705012085,-152372.34879615784,197023.95692593293,-201953.1758434417,-38838.34984436566,298086.30330074416,-145867.91775886866,-399275.27948615595,73307.463861831,108253.05898519722,67410.59548415767,33833.2475688951,-540053.551214522,-38090.72129720032,83559.90387860559,-427620.1235845114,-53882.51552067231,259927.6515192824,-79764.70738912186,503543.68993517593,147841.15138672473,81893.2564595281,95160.65328075811,-12291.769962663717,-426937.94995740283,-188300.13825012156,38744.96431022711,-289720.422208873,520012.2323709095,-383105.9287539824,118718.4598763122,-41042.368374081685,112421.40165108064,418616.3399456562,-262997.05879428337,-222315.43016158117,-387855.3783594908,253018.90778227357,-149821.31614965302
-69319.13021462328,-18969.97458887622,-237860.6717357096,-126612.5184189897,474847.7826497923,189865.59319480453,-354367.4997858593,-33145.58138361372,275537.04213623406,-88472.3306600275,-119391.51354040475,88889.86378089197,11044.25742711806,-366375.60301195,-108224.93652964896,-310003.58077974006,401530.1504864831,49537.47645091138,197358.70460496427,-255194.8442296847,261577.18262631263,50305.067966889656,-386093.7933536855,188935.22173240458,517157.88345074357,-94949.67741333046,-140212.99616214624,-87313.69473931652,-43823.832686812515,699501.7152122497,49336.883547202844,-108230.19072041012,553871.1401210534,69791.77634785578,-336669.61810708034,103316.09528221181,-652210.3008900691,-191489.86203498772,-106071.66749642987,-123255.503466826,15920.506960191049,552988.5248730775,243894.83679337133,-50185.72287074283,375259.0026153335,-673542.5216849343,496215.2014098862,-153769.21741345862,53159.26321792574,-145613.55749974615,-542210.1555779517,340643.04815493023,287951.04952216014,502367.0128180128,-327721.419986083,194055.35294111728
-8551.729626828295,-2340.262643462408,-29345.88915608704,-15620.32406918743,58583.230926511715,23423.778843769127,-43719.481079837315,-4089.098936605058,33993.69452023486,-10915.779661055749,-14728.934823842183,10967.004852687105,1362.476895372352,-45200.2590257681,-13351.977493285753,-38246.45705012085,49537.47645091138,6111.901359627519,24348.767130450145,-31483.47265471958,32271.619532843324,6206.1400958864815,-47633.21167277252,23308.88866612632,63803.34562451753,-11714.427481654697,-17298.675994701338,-10771.845558407502,-5406.119493974229,86298.49520931223,6086.61312627185,-13352.565609359259,68332.5025654276,8609.8872499467725,-41535.3490352203,12745.740855837752,-80464.95535508022,-23624.78830191979,-13086.516844651243,-15206.498922331843,1964.5044123102932,68223.21315733524,30089.474847794558,-6190.895160297411,46296.35571000028,-83096.10994413067,61219.197034811004,-18970.74744549271,6559.045410453272,-17964.358899197276,-66893.45481487612,42026.80347791676,35525.72465909943,61977.92083488289,-40431.47506892228,23940.790273848073
-34071.2791404079,-9323.944741306626,-116912.8416051279,-62232.06713916039,233395.84714487396,93321.83340360627,-174177.89112061332,-16291.526674878936,135431.26404106143,-43486.265978554606,-58682.39166027309,43691.301941024634,5428.369780197855,-180079.48531052656,-53194.42442327518,-152372.34879615784,197358.70460496427,24348.767130450145,97005.29131053346,-125432.19668252215,128569.74432633255,24725.67057262007,-189771.56093357046,92864.46350382487,254192.27688670804,-46669.5026868123,-68917.24647578388,-42915.981139069125,-21539.79228931529,343816.4841740896,24249.726879513164,-53196.91369243965,272237.17041331466,34303.424927109474,-165478.49000952364,50781.15114427708,-320572.64313293336,-94120.7596887719,-52136.272340798045,-60582.29646443039,7825.552076772186,271803.0403833379,119878.09619262241,-24666.655820733366,184446.0658037737,-331057.2726896913,243898.22074960437,-75580.06364934662,26129.347046079078,-71571.26620025134,-266505.30053719226,167432.57720060373,141533.25799369102,246921.6909724388,-161080.43672987033,95381.27243742831
44056.46286530441,12056.609938544627,151173.22181559852,80469.42505888265,-301791.8865235906,-120670.49355989601,225219.817306651,21065.972323113267,-175118.88773962032,56228.28371447956,75880.61818938424,-56493.90147337955,-7019.3232057507,232852.3717025922,68782.89782962763,197023.95692593293,-255194.8442296847,-31483.47265471958,-125432.19668252215,162190.9467126559,-166246.5915452342,-31971.800254583737,245384.06353935672,-120079.29157981156,-328681.9543809343,60345.58534606004,89112.87286620335,55492.917105728826,27852.95037107999,-444572.6459872517,-31356.54712461117,68786.34229097604,-352015.6041371261,-44357.05539913683,213972.5783150906,-65663.68699256475,414515.4466387604,121702.10363663774,67414.12014504592,78335.52392385692,-10117.935117172372,-351455.04988765233,-155009.09651427926,31896.419218930405,-238498.0001634914,428073.9126707259,-315372.17984983925,97728.9828557184,-33784.8446277854,92545.80669182827,344604.79054202983,-216496.56673608595,-183008.269350022,-319282.29627436853,208285.3492254549,-123333.1929359793
-45157.715845270635,-12358.00872149315,-154955.30754658586,-82481.79498800945,309340.47097003553,123687.94175815315,-230853.57190032082,-21592.533113142526,179498.81967439054,-57636.02937537275,-77777.24636229408,57907.678649232934,7194.74605198357,-238675.76525099156,-70503.2588080388,-201953.1758434417,261577.18262631263,32271.619532843324,128569.74432633255,-166246.5915452342,170405.21164473784,32771.29506147533,-251521.370672041,123081.7306516531,336903.33533970674,-61855.555985383624,-91342.29685415483,-56880.37421770911,-28548.491314159874,455690.72090573213,32140.501421764686,-70506.74232917304,360820.2796281337,45465.59891506281,-219323.71774491892,67304.83515617253,-424883.55464125704,-124746.43015452124,-69100.52370478772,-80295.18637115035,10371.575267112325,360244.92462848034,158885.38997212518,-32692.93468274446,244462.64828844726,-438779.88509805885,323259.9718123442,-100173.13202418265,34630.92047043698,-94859.9030857206,-353223.2946359285,221913.09317618623,187586.5923748191,327267.5138940843,-213494.30370865695,126417.43384342978
-8684.606486355793,-2376.7252013431807,-29799.974258032304,-15862.499357183533,59490.46300550365,23787.15505313295,-44396.23672584622,-4152.577415347137,34519.97359083232,-11083.80693074577,-14958.036282985151,11136.133093490262,1383.7013940320421,-45900.967928966915,-13558.728299708026,-38838.34984436566,50305.067966889656,6206.1400958864815,24725.67057262007,-31971.800254583737,32771.29506147533,6302.488885573231,-48371.17058250922,23670.6124717054,64790.890359476456,-11895.688392130549,-17566.324464616628,-10938.994087024925,-5490.456143734532,87635.97996124635,6181.2198316733775,-13559.498282349226,69390.73220387244,8743.963549353106,-42179.28744169131,12943.939366652401,-81710.92306377097,-23990.28695847187,-13288.770072245563,-15441.828688771064,1994.3128162072596,69280.27232110241,30556.147595902527,-6287.5894939507325,47013.59497961929,-84383.71105776756,62167.36364674166,-19264.791814383098,6659.465020788155,-18243.068842528577,-67929.89273500424,42676.49743788458,36075.25504507221,62938.28141944432,-41058.060123994466,24311.999573812438
66654.12658316483,18240.714201635135,228716.7063842351,121745.03784602787,-456592.9863518342,-182566.38582313608,340744.4574238713,31871.25869823554,-264944.2843219388,85071.33160152091,114801.49832615607,-85472.66939093708,-10619.661520479145,352290.7711180921,104064.35546179161,298086.30330074416,-386093.7933536855,-47633.21167277252,-189771.56093357046,245384.06353935672,-251521.370672041,-48371.17058250922,371250.9631897321,-181671.73476445628,-497276.43163779686,91299.66835697147,134822.83617297365,83956.93988305947,42138.84318970642,-672610.0638235889,-47440.182941969826,104069.45216957685,-532578.3632081181,-67108.61737021198,323726.7721138238,-99344.03376826571,627137.0348769994,184128.2977399623,101993.83958101137,118517.19745355684,-15308.477590613462,-531729.5434636133,-234518.56254367065,48256.167715679105,-360832.51479294,647648.9656607668,-477138.8112171302,147857.76491475492,-51115.642163295925,140015.5570008711,521365.5098361622,-327547.71214063297,-276881.3247045559,-483054.13229902927,315122.50594718853,-186595.09315263704
-32617.58893194327,-8926.271509103413,-111922.00323423768,-59576.12600807619,223433.53237619228,89339.34691719212,-166742.83876495736,-15596.346074678127,129650.25975896075,-41628.669239942305,-56178.98560656926,41825.376689088946,5196.839329697364,-172393.95771050418,-50923.83091184981,-145867.91775886866,188935.22173240458,23308.88866612632,92864.46350382487,-120079.29157981156,123081.7306516531,23670.6124717054,-181671.73476445628,88901.67465522677,243341.53189055223,-44677.252949238034,-65975.235541642,-41084.6092145523,-20621.235122375536,329142.40398399346,23215.13640578741,-50926.46047734142,260616.96713373408,32840.2482467392,-158416.17210869084,48614.731388554566,-306889.0710343381,-90102.78084390357,-49910.29793951467,-57996.16660770139,7490.659054166253,260202.09389293965,114762.17594089953,-23614.91942059684,176573.51738946702,-316927.4087465326,233487.7692137717,-72354.35236822127,25012.408046572174,-68517.01542191778,-255130.44210698747,160284.25336411537,135491.14601886747,236382.81148622377,-154205.4764507882,91310.63684324767
-89280.26722318515,-24432.27536941272,-306357.5789184664,-163072.5834068445,611589.3736281202,244539.99183901196,-456414.9241931395,-42690.35158863392,354883.868153931,-113951.36822151234,-153770.9197115436,114488.78386762687,14224.441011700004,-471879.2083204882,-139390.5132128519,-399275.27948615595,517157.88345074357,63803.34562451753,254192.27688670804,-328681.9543809343,336903.33533970674,64790.890359476456,-497276.43163779686,243341.53189055223,666084.7625860472,-122292.2269727951,-180590.31449025703,-112456.89471799305,-56442.96748339934,900935.3261016066,63543.7205034208,-139396.84548999206,713369.087341073,89888.38491026546,-433618.87046455557,133066.74004681123,-840027.1923397105,-246633.85479951423,-136618.0050233021,-158749.51573612887,20506.35519156302,712231.4993849071,314127.8486823647,-64636.45753462316,483321.93606637587,-867501.0203712645,639110.0170965008,-198049.56331231332,68469.84059987256,-187544.96391755447,-698349.3902574993,438739.8063491247,370873.1826821352,647032.4457366256,-422094.5205971783,249936.59611316244
16391.625788443962,4485.8826126402455,56247.529600556445,29939.998380067613,-112287.44817775325,-44897.36202367029,83797.58381430124,7837.736612515121,-65155.95697973205,20921.45915186538,28232.171039496607,-21019.864860838254,-2611.610344610659,86636.84303258511,25591.897132502207,73307.463861831,-94949.67741333046,-11714.427481654697,-46669.5026868123,60345.58534606004,-61855.555985383624,-11895.688392130549,91299.66835697147,-44677.252949238034,-122292.2269727951,22453.232827235985,33156.484601020216,20646.85373986954,10362.4785851499,-165410.61076512997,-11666.692838758778,25593.262043588315,-130974.01549055961,-16503.452815936445,79612.21855007856,-24430.694910634345,154228.32771429894,45281.584063299866,25082.618168837333,29146.42059541263,-3764.704425643293,-130765.01333731819,-57673.69610069959,11866.91132534832,-88737.10821321883,159272.33443352752,-117339.83642835633,36361.81463811261,-12570.513859725554,34433.067894003834,128216.19082119825,-80552.31224638238,-68092.12708720383,-118794.60872693657,77496.04747624435,-45888.14262167508
24205.737319219363,6624.202902854353,83060.78057785617,44212.60921468244,-165815.67814459917,-66300.2237392776,123744.45929368467,11574.183394576698,-96216.71324479434,30894.92268786308,41690.61590699337,-31040.430051656833,-3856.561768142716,127937.09088429445,37791.839484097436,108253.05898519722,-140212.99616214624,-17298.675994701338,-68917.24647578388,89112.87286620335,-91342.29685415483,-17566.324464616628,134822.83617297365,-65975.235541642,-180590.31449025703,33156.484601020216,48962.26607165314,30489.462917387787,15302.635629174556,-244263.41898185984,-17228.167605387276,37793.66803453902,-193410.3714794454,-24370.69483936522,117563.82036674324,-36077.13667744266,227750.2299608158,66867.88162611239,37040.0303590272,43040.65713021903,-5559.6369665817365,-193101.80396935434,-85167.08332890047,17524.12728650164,-131039.12643735377,235198.80739803053,-173276.88876799226,53695.69950497619,-18563.509315737276,50847.57184882429,189338.0057170612,-118952.33694777435,-100552.16859707,-175424.93345919478,114439.13919149736,-67763.36126977082
15073.764603262349,4125.10916738149,51723.04675532023,27532.23680899656,-103256.56330581769,-41286.86314132615,77057.77898488536,7207.658239494863,-59916.10131081942,19238.116748089767,25962.276597147298,-19329.065389786072,-2401.636203474723,79669.31264105886,23533.735426952335,67410.59548415767,-87313.69473931652,-10771.845558407502,-42915.981139069125,55492.917105728826,-56880.37421770911,-10938.994087024925,83956.93988305947,-41084.6092145523,-112456.89471799305,20646.85373986954,30489.462917387787,18986.677094636332,9529.867583820367,-152108.46389109502,-10728.501421453184,23534.89985773519,-120440.37448465519,-15176.612809701162,73209.69309781733,-22466.617527315084,141824.3704262629,41639.759986447265,23065.415304121,26802.07111450578,-3461.7790469289125,-120248.65486748554,-53035.64181829029,10913.322240506219,-81600.98545516405,146463.44169678687,-107903.06056932425,33437.49551190892,-11559.279135993536,31664.13865008345,117904.88189839978,-74073.10166044465,-62615.28647312042,-109240.89631184918,71263.85781247276,-42197.880460755754
7566.022498576258,2070.49476048029,25959.72258050528,13818.842150338593,-51825.29062556644,-20722.62787666542,38675.685007391025,3617.7804565337165,-30072.546796290215,9655.084390769938,13031.358857036817,-9701.07158631818,-1205.4741719971694,39987.07354407411,11811.820167071506,33833.2475688951,-43823.832686812515,-5406.119493974229,-21539.79228931529,27852.95037107999,-28548.491314159874,-5490.456143734532,42138.84318970642,-20621.235122375536,-56442.96748339934,10362.4785851499,15302.635629174556,9529.867583820367,4783.736854978832,-76345.4346725276,-5384.886838490169,11812.404988787894,-60450.06324740366,-7617.737817901856,36744.95624826085,-11276.847073131692,71182.78855671096,20899.230306589845,11576.653935549357,13452.013485968273,-1737.2376024754385,-60354.24805536121,-26619.45377285703,5478.172801194342,-40956.64422275141,73511.83569526213,-54157.68621570997,16782.693141117135,-5801.231674490575,15892.850736653412,59177.91242551484,-37177.18038455053,-31426.692612645624,-54829.32121132632,35768.32725422102,-21179.78148182841
-120760.36885808436,-33047.43056826336,-414374.26807628723,-220570.46020815973,827227.3453343179,330763.11826799,-617339.7660289546,-57742.699089151,480010.32413602096,-154126.30503238813,-207991.12423130576,154853.90260283247,19240.129504275126,-638259.3436800622,-188537.56377514207,-540053.551214522,699501.7152122497,86298.49520931223,343816.4841740896,-444572.6459872517,455690.72090573213,87635.97996124635,-672610.0638235889,329142.40398399346,900935.3261016066,-165410.61076512997,-244263.41898185984,-152108.46389109502,-76345.4346725276,1218595.2310335243,85949.36447249266,-188546.70849328776,964893.1627765053,121583.81074913469,-586508.8713492493,179986.30770939603,-1136208.7419173107,-333592.43374881934,-184786.31878586413,-214722.01954794803,27734.80311420135,963355.8234873451,424886.9077623841,-87428.45391196884,653735.0773201868,-1173371.7886841067,864451.489315226,-267879.8303865869,92607.9365541851,-253672.07899321837,-944578.956290041,593430.2620581337,501636.2502928702,875168.5858909938,-570920.323316488,338061.99963354965
-8517.524774370553,-2331.0152476732183,-29226.32213690803,-15557.228752998117,58345.40145976519,23329.413533121715,-43541.65467162006,-4072.677394045067,33855.51676758936,-10870.291899658487,-14670.300995932366,10921.666037372128,1357.0897518123531,-45017.59947474399,-13297.7497497136,-38090.72129720032,49336.883547202844,6086.61312627185,24249.726879513164,-31356.54712461117,32140.501421764686,6181.2198316733775,-47440.182941969826,23215.13640578741,63543.7205034208,-11666.692838758778,-17228.167605387276,-10728.501421453184,-5384.886838490169,85949.36447249266,6062.3041913944535,-13298.532896953062,68055.11641106123,8575.789518775422,-41367.55100581851,12694.93977025178,-80138.1450383874,-23528.466051100655,-13032.922695201141,-15144.578366794358,1955.8226745639554,67946.87379594639,29968.129270763904,-6166.711178706317,46108.73907797797,-82759.64252555081,60970.8003843708,-18894.031027128956,6531.089359390126,-17892.018219635127,-66622.48173121993,41854.8713690829,35380.77628831848,61726.95431520025,-40267.862478987205,23844.126106986285
18684.56982157504,5113.300463392892,64114.10970829193,34127.709288446604,-127992.57116879257,-51177.24657947376,95517.78133882565,8934.16921004616,-74269.32966641747,23847.165805518507,32181.367006379343,-23959.663171258428,-2976.929603927537,98754.5770864052,29171.395849751265,83559.90387860559,-108230.19072041012,-13352.565609359259,-53196.91369243965,68786.34229097604,-70506.74232917304,-13559.498282349226,104069.45216957685,-50926.46047734142,-139396.84548999206,25593.262043588315,37793.66803453902,23534.89985773519,11812.404988787894,-188546.70849328776,-13298.532896953062,29172.876726530616,-149292.8445989572,-18812.035730516665,90747.4807752298,-27848.26216143942,175799.59604547752,51614.93531918579,28590.902918033564,33222.84892073186,-4291.175882866878,-149054.94072335647,-65740.54444944166,13527.260824036464,-101148.85815331893,181549.59491561135,-133751.9479732716,41447.66156552911,-14328.570150943908,39249.33829461529,146149.6699780941,-91818.33837692006,-77615.56278099197,-135410.22260572208,88335.44637288901,-52306.55236184151
-95618.53285129047,-26167.054112534628,-328105.9529217289,-174649.33573693043,655006.0773947716,261900.4500810208,-488815.5845989044,-45720.91525976943,380076.4414379612,-122039.84180210691,-164688.0076816214,122615.46378472775,15234.364188028694,-505378.68575814174,-149285.71128095756,-427620.1235845114,553871.1401210534,68332.5025654276,272237.17041331466,-352015.6041371261,360820.2796281337,69390.73220387244,-532578.3632081181,260616.96713373408,713369.087341073,-130974.01549055961,-193410.3714794454,-120440.37448465519,-60450.06324740366,964893.1627765053,68055.11641106123,-149292.8445989572,764011.0296083675,96270.27063187707,-464402.18862387515,142513.67111484546,-899660.4080296217,-264141.8097205007,-146315.78302046433,-170019.0762327815,21961.279794696944,762793.057218367,336428.45414934657,-69225.50888599285,517632.74313380243,-929085.2991226227,684480.166655019,-212109.37281758184,73328.93313109972,-200859.19397958324,-747925.3614897111,469884.7743498675,397200.8760345814,692965.6366212635,-452059.19504664256,267679.961810968
-12049.024982620576,-3297.4848563406117,-41343.08576731976,-22007.240596499738,82534.94752169037,33001.84130797091,-61593.56060148975,-5761.276360301288,47891.81181352134,-15376.650378467612,-20752.87380132998,15449.495918067198,1919.7709480649398,-63681.782935274234,-18810.912718205425,-53882.51552067231,69791.77634785578,8609.8872499467725,34303.424927109474,-44357.05539913683,45465.59891506281,8743.963549353106,-67108.61737021198,32840.2482467392,89888.38491026546,-16503.452815936445,-24370.69483936522,-15176.612809701162,-7617.737817901856,121583.81074913469,8575.789518775422,-18812.035730516665,96270.27063187707,12131.512424880275,-58518.45895878339,17958.521200541833,-113362.78441612974,-33283.11109778423,-18436.208631142552,-21423.319684588805,2766.5281846941457,96117.37248692516,42392.93136964602,-8723.747760118296,65225.282743125805,-117071.49395706643,86248.94679881257,-26727.43432922195,9238.52947664563,-25310.110418746153,-94243.9051666681,59207.17468906999,50049.135372069795,87318.70533445975,-56962.82626623559,33729.89469415872
58121.91388801288,15905.865655736197,199438.1390113083,106160.45790340328,-398143.8217897784,-159196.21964658747,297125.0451852766,27791.450469125008,-231028.18051424608,74180.51882854792,100106.27451745588,-74530.6573437937,-9260.31152187764,307194.01489792415,90742.88677498089,259927.6515192824,-336669.61810708034,-41535.3490352203,-165478.49000952364,213972.5783150906,-219323.71774491892,-42179.28744169131,323726.7721138238,-158416.17210869084,-433618.87046455557,79612.21855007856,117563.82036674324,73209.69309781733,36744.95624826085,-586508.8713492493,-41367.55100581851,90747.4807752298,-464402.18862387515,-58518.45895878339,282286.51962837175,-86627.38156686808,546856.151233471,160557.4665503766,88937.1148470819,103345.53235242206,-13348.350622457223,-463662.37177118636,-204497.9743415903,42079.351546003105,-314641.9182925193,564742.9132548765,-416059.56756795355,128930.45206087235,-44571.37048834689,122092.29718731613,454625.02299443615,-285617.0239822114,-241436.88918483566,-421218.00094237085,274783.47358411946,-162709.08003639572
-17836.650625076418,-4881.251601373067,-61202.12469632984,-32578.285181620322,122180.53617187809,48853.96590836546,-91180.07230652723,-8528.729775479545,70896.95613751038,-22763.26460073077,-30721.06265972092,22871.099853804597,2841.86542311298,-94270.86951094061,-27846.793123708445,-79764.70738912186,103316.09528221181,12745.740855837752,50781.15114427708,-65663.68699256475,67304.83515617253,12943.939366652401,-99344.03376826571,48614.731388554566,133066.74004681123,-24430.694910634345,-36077.13667744266,-22466.617527315084,-11276.847073131692,179986.30770939603,12694.93977025178,-27848.26216143942,142513.67111484546,17958.521200541833,-86627.38156686808,26584.6466622899,-167816.65179689886,-49270.93069458693,-27292.42094535702,-31714.01238341816,4095.857687741878,142287.15788258708,62755.99991611179,-12913.96867814478,96556.33667258125,-173306.5086696564,127678.70970256417,-39565.79269875048,13677.078771961427,-37467.59879826679,-139513.82721383238,87647.86370996016,74090.47610231592,129261.99391625643,-84324.79433173715,49931.83981324603
112595.41134492193,30812.92886343622,386360.89014621195,205658.0834440002,-771301.7355802488,-308400.46055756195,575604.355951352,53838.591254366416,-447558.6894703243,143708.12641831255,193927.963003167,-144385.89208705266,-17939.179886365368,595107.9771241872,175791.247901436,503543.68993517593,-652210.3008900691,-80464.95535508022,-320572.64313293336,414515.4466387604,-424883.55464125704,-81710.92306377097,627137.0348769994,-306889.0710343381,-840027.1923397105,154228.32771429894,227750.2299608158,141824.3704262629,71182.78855671096,-1136208.7419173107,-80138.1450383874,175799.59604547752,-899660.4080296217,-113362.78441612974,546856.151233471,-167816.65179689886,1059394.2319467287,311040.015905017,172294.11683804658,200205.8213113364,-25860.640674295253,-898226.0714229399,-396160.81670451915,81516.2515741403,-609537.8685973368,1094043.2833530754,-806008.9140224908,249769.11200577908,-86348.71005397219,236521.42275048737,880718.6424379146,-553312.6060457028,-467723.6307422621,-816000.8541603875,532321.7499820461,-315206.1614176693
