V1,V2,V3,V4,V5,V6,V7,V8,V9,V10,V11,V12,V13,V14,V15,V16,V17,V18,V19,V20,V21,V22,V23,V24,V25,V26,V27,V28,V29,V30,V31,V32,V33,V34,V35,V36,V37,V38,V39,V40,V41,V42,V43,V44,V45,V46,V47,V48,V49,V50,V51,V52,V53,V54,V55,V56
7.105644741510535,2.0312626422159146,22.57846330315758,12.470076771132943,-45.797411542804554,-18.90262769297293,33.900797901419594,3.346833441784012,-26.447341425886474,7.580741562460925,12.457782538394435,-7.917335857368617,-1.181604410163042,36.01308831531667,10.422598924132688,29.49972994422742,-39.1479910149435,-4.387549077990053,-18.880456742248253,25.33793997288743,-25.134570706487597,-5.07108383103048,37.51853925029139,-18.933657309448368,-49.40363966810423,9.001346542556988,13.289537261642236,8.738476206205274,4.816786976199758,-68.46397684831433,-5.080320333458375,10.577593048381853,-53.440568236392885,-7.424543966676662,33.13566111286116,-10.735760150723575,62.7881936399729,18.140487819563642,9.861747026266789,11.733296464992653,-0.9698625763437098,-53.84789923273017,-24.177432361542888,5.617412404030734,-36.47533032695382,65.68044801373877,-47.977283444750604,15.07191372301848,-4.064363928384437,14.523193161752769,52.78440800365601,-31.788691170226752,-27.183565265232055,-48.97819082390758,32.0411060047594,-19.145562428883043
2.0312626422159146,0.5999213646911791,6.074315490337766,3.4575843025097317,-12.483512019914794,-5.2861651020058,9.178346935145324,0.945487347128177,-7.178064981231115,1.8509287368217107,3.60900651967791,-2.0086903403252805,-0.3485032323729451,9.970360348110278,2.8370330611699988,7.953879474668007,-10.765689423275406,-1.1083030314539495,-5.11134208746938,7.069978264446922,-6.831275581048779,-1.4324688136675223,10.290569349334007,-5.3216723376430926,-13.356745100238978,2.420117626545839,3.570464472515386,2.453136248953744,1.4448826830339065,-18.88593099470576,-1.458163127138155,2.9151297762441097,-14.571252013346601,-2.1808461764062175,9.183014690758768,-3.09989584050544,17.088067900132693,4.869409344365662,2.603107529235649,3.1637666627353824,-0.13518745177124591,-14.79323642117935,-6.738634510420816,1.7059635764277783,-10.004404423887832,18.064823462083044,-13.103046566451313,4.1631381127518505,-0.8650102689714328,4.066990078639226,14.497604289584542,-8.423480735060702,-7.2765893015453775,-13.469126315315034,8.830917146636526,-5.315742181900607
22.57846330315758,6.074315490337766,79.68603635664472,41.863075623960114,-158.1891758694287,-62.52953467153301,118.39122610898667,10.857365513878513,-91.94300160920272,30.636405093094705,38.62172570856022,-30.41167582208337,-3.537165497220704,121.22664257023649,36.07149878924501,103.76650354098018,-133.24777555725566,-16.980466443924982,-65.93521072882164,84.12738072567792,-87.25754679920226,-16.491525174441325,128.27874019342644,-62.071587568518474,-172.85946944166872,31.82537248390798,46.99680415883974,28.69859214038615,13.875574150857913,-231.80476792596914,-16.043564178613455,35.88612698882669,-184.48737281433924,-22.403505979539144,111.34525059433092,-33.47444975280409,217.414537719567,64.19100157385293,35.78356462909289,41.25007149282015,-5.992493864970152,-183.59093622678358,-80.45099438090472,15.767403202757487,-124.6631795232203,223.50036664555427,-165.1591602743319,50.93160773980656,-19.00308926601555,47.92338530085331,180.0289510110485,-114.78088290356445,-96.64564140372697,-166.71249798357798,108.64469226348132,-64.12183513237764
12.470076771132943,3.4575843025097317,41.863075623960114,22.515571660622385,-83.94305523688297,-33.86831071126881,62.50236288810491,5.936329560557234,-48.6426052167228,15.149944060327941,21.591198477723406,-15.375802266734516,-2.012356141528023,65.11644867244259,19.123761032094222,54.59813004516314,-71.1988168228518,-8.556633313231693,-34.80941089266205,45.486031609762605,-46.19370557789175,-9.006035745874657,68.3979913712242,-33.76587301823737,-91.17725014803254,16.705556744036606,24.666878874978487,15.598293961695475,8.050141968994067,-124.17056690881518,-8.887681945422147,19.204628469326043,-97.92359906048333,-12.694698538282175,59.85858308921189,-18.660655389220963,115.23734857070387,33.68198069427001,18.560782411549745,21.70974619836018,-2.5227022923617923,-98.02083919919143,-43.452513148086524,9.27131385236529,-66.4825090722669,119.43792100185476,-87.78090225005094,27.30750390767526,-8.849308264853601,25.988008907141886,96.10296898060774,-59.669979298068625,-50.60082215667517,-89.0786955078364,58.156917937356674,-34.52593567097641
-45.797411542804554,-12.483512019914794,-158.1891758694287,-83.94305523688297,315.3788869188913,125.76266967143877,-235.51910895824025,-21.927443999140646,183.07499368732786,-59.30857821831807,-78.75326403208447,59.41472916523208,7.268273652666898,-242.94547579358422,-71.88811234441623,-206.12603328094747,266.44039805003496,33.126170251968205,131.16797738350544,-169.07441252935686,173.78590657688324,33.2850979664127,-256.2695227155776,125.07507693420683,343.75164619720636,-63.15355901766436,-93.25992671847523,-57.8079545468014,-28.76579433940922,464.0103461740158,32.58296922009708,-71.80318236158088,367.85094822784714,45.95446485743882,-223.22271162670472,68.17475302176669,-433.2433629375294,-127.36970517605906,-70.6606315789271,-81.95143446500626,10.898798871138649,366.98100353975656,161.61053490659197,-32.883791166479135,249.0711255429046,-446.93070349231857,329.50100999028456,-101.98980241819675,35.91702674973263,-96.43592405095961,-359.83595620767574,226.85717792115875,191.58661708777683,333.35281497714715,-217.41210798122125,128.6380379995889
-18.90262769297293,-5.2861651020058,-62.52953467153301,-33.86831071126881,125.76266967143877,51.051066034102455,-93.49537733374024,-8.97215439877586,72.8082139658482,-22.198046396098576,-32.84229749631993,22.691435996135873,3.075997665407452,-97.9124431191463,-28.642786290252175,-81.59035942255176,106.89032888298966,12.61505329895887,52.07018059790865,-68.5268728515613,69.15836494322785,13.608046040284554,-102.62073034275227,50.96082778054253,136.35098920450213,-24.94693485043678,-36.83352585300061,-23.535440035088012,-12.369538651206058,186.5545128484308,13.484540899426568,-28.84535400723796,146.71930759334023,19.382867784529374,-90.02857346802733,28.361394847784368,-172.58672776106891,-50.28946631104314,-27.613595849855365,-32.44457231047409,3.482281065780488,147.12312336104577,65.44361638021975,-14.297423184083875,99.75097953419956,-179.3177020428314,131.57428287136347,-41.038555466711834,12.699495890661522,-39.18631169810753,-144.23708721479485,88.83802489943946,75.50103937475042,133.73286246104124,-87.35713375397272,51.95170219668738
33.900797901419594,9.178346935145324,118.39122610898667,62.50236288810491,-235.51910895824025,-93.49537733374024,176.07886764884427,16.2679691487827,-136.80821646853715,44.97044304864658,58.138181221155165,-44.838270651888216,-5.344662073111123,180.94333203840498,53.69572720750206,154.21557177189368,-198.67165728465483,-25.016530960990906,-98.0638964584422,125.74383365936532,-129.84676630262757,-24.699981602903488,191.1765532553044,-92.89570368054608,-257.04652273494725,47.273174038923926,69.81141122590506,42.94336892275669,21.060600926174562,-345.80094770589085,-24.102374720253856,53.521846400203806,-274.6889090894672,-33.822783982681464,166.22361631149488,-50.36102483544502,323.62050411734344,95.35176165991562,53.03144460905145,61.30991265669225,-8.543109216936848,-273.6876629141104,-120.22025605425343,24.002196981502216,-185.8000013600838,333.2458832436418,-245.98047608737588,75.99167523620233,-27.581384711125718,71.67434536678694,268.36903032060894,-170.17342902762914,-143.49344782619283,-248.5657181497567,162.04991084128545,-95.75775535091485
3.346833441784012,0.945487347128177,10.857365513878513,5.936329560557234,-21.927443999140646,-8.97215439877586,16.2679691487827,1.5829783150717645,-12.68088121271079,3.75576449843793,5.839804655917438,-3.8782446183871158,-0.5502723731730312,17.152688683447913,4.992574768762244,14.175363549973822,-18.68828945479364,-2.152072109868866,-9.060374804346946,12.035942329747714,-12.045936010300403,-2.398616290402515,17.926270060050935,-8.971165242554406,-23.718305506584286,4.329418278103866,6.393403178911967,4.142210534422697,2.2289547307644657,-32.64883164315767,-2.3894651116001806,5.045809235107709,-25.584364420843066,-3.4628427348288757,15.776759264529087,-5.038556487639519,30.07818475632819,8.729625970665618,4.771483682884772,5.638028039134797,-0.5399882333914653,-25.71440541180075,-11.489110511493093,2.5872074025087093,-17.427803104470712,31.352643727992188,-22.956276880717425,7.184216489110468,-2.088160134648399,6.890199815440153,25.20857174711549,-15.361604849797752,-13.093247385333193,-23.38091454754804,15.28414034717253,-9.109924530287543
-26.447341425886474,-7.178064981231115,-91.94300160920272,-48.6426052167228,183.07499368732786,72.8082139658482,-136.80821646853715,-12.68088121271079,106.3215929988837,-34.744157048556005,-45.40300022859362,34.71015974205929,4.180337202262365,-140.8016011008836,-41.7369007550148,-119.77885164007334,154.5285882796563,19.357332416767687,76.19378017607248,-97.90772630748167,100.90915569209338,19.24748554601653,-148.66888091225601,72.36971837876628,199.70892981896617,-36.707089498126265,-54.211993759219816,-33.45337083871501,-16.506707226028094,269.02851494056466,18.805960945739635,-41.633986666299094,213.52884376745482,26.445665602530617,-129.3573526312892,39.32154633254839,-251.53459066861262,-74.0489324790818,-41.14454536840025,-47.62232486224056,6.517521427060564,212.86166316844896,93.59588691480111,-18.833724826637564,144.49547372826675,-259.2042876258296,191.2374584827823,-59.12366110419575,21.20854835294498,-55.82178536337383,-208.7228198700019,132.04365037898074,111.40984167350199,193.33544044273165,-126.0647353135617,74.53129264236806
7.580741562460925,1.8509287368217107,30.636405093094705,15.149944060327941,-59.30857821831807,-22.198046396098576,44.97044304864658,3.75576449843793,-34.744157048556005,13.493862397497702,12.492169550711594,-12.786869779922096,-1.0805158970553619,44.02089875507619,13.557310152734109,39.739486408513024,-49.06961027398737,-7.187793774248698,-25.045982623295448,30.01343068577274,-32.90967862228444,-5.719422986255516,47.50147651002905,-21.77227267379364,-65.81401957118446,12.25766636230912,18.110857544255676,10.091767025589231,3.961161581884551,-84.80564540814042,-5.335186107898848,13.16026405261217,-69.12381544661805,-6.937200357242126,40.342694442575386,-10.925979264111286,81.7578918150389,24.760566012574177,14.196343717687029,15.790037725730478,-3.4417722647470392,-67.75029312308132,-28.782100668778202,4.2749999540497114,-46.146636460129216,82.28032274930447,-61.67394763224892,18.585949136641894,-9.370235452239756,16.95734760048889,66.46599091056936,-45.28082299803428,-37.47510366983008,-61.39483085803117,39.821127062425234,-23.135197797900393
12.457782538394435,3.60900651967791,38.62172570856022,21.591198477723406,-78.75326403208447,-32.84229749631993,58.138181221155165,5.839804655917438,-45.40300022859362,12.492169550711594,21.960676709429208,-13.238665367734711,-2.098480834111002,62.31582468777943,17.913222179184267,50.504440529177586,-67.55866558825856,-7.322952085712493,-32.378492209193404,43.98415503676574,-43.169793129311465,-8.84630167114465,64.677604548268,-32.96420939124356,-84.68010023254978,15.392254553889599,22.72056392467935,15.207009007333973,8.617565724679052,-118.29818832331912,-8.920718114287526,18.269272822832423,-91.90800989971883,-13.163423239048168,57.360416772071744,-18.900191012084157,107.9037499177491,31.005437918414753,16.745447957084973,20.08907782587851,-1.3430456726174607,-92.88896360161824,-41.949627793027126,10.101893718052995,-62.88147975216483,113.35322317534599,-82.56741902916288,26.05580909807582,-6.378751801686575,25.24746961681551,91.04602968315754,-54.05489645949402,-46.40891169037987,-84.522824085239,55.344026453057545,-33.167765614818876
-7.917335857368617,-2.0086903403252805,-30.41167582208337,-15.375802266734516,59.41472916523208,22.691435996135873,-44.838270651888216,-3.8782446183871158,34.71015974205929,-12.786869779922096,-13.238665367734711,12.30689282298177,1.1718014204894058,-44.61950223198773,-13.570164881092992,-39.50201725476766,49.481884730834715,6.900602557729157,24.972643799644644,-30.62466124846171,32.89579972376534,5.8977033046366145,-47.80231462968774,22.357828263318456,65.56916694779956,-12.15833468613896,-17.963371757233112,-10.353983927153845,-4.422555988525333,85.72650372536322,5.591608433809213,-13.290419151199933,69.26451786676856,7.4819582928383355,-40.925347872663636,11.53851515549877,-81.81626598514053,-24.55375446526367,-13.93992181359793,-15.699555776724576,3.0144188415267026,68.26703929278479,29.336181011458844,-4.880225898639153,46.44795059434863,-82.9810865460196,61.876877580886266,-18.8044633326722,8.572645628981098,-17.35588796496226,-66.96226938997128,44.54427111209443,37.090414442434664,61.90954018805466,-40.22599345172942,23.5066356991297
-1.181604410163042,-0.3485032323729451,-3.537165497220704,-2.012356141528023,7.268273652666898,3.075997665407452,-5.344662073111123,-0.5502723731730312,4.180337202262365,-1.0805158970553619,-2.098480834111002,1.1718014204894058,0.2025371734435663,-5.802835116989503,-1.6520062816028116,-4.631228639969492,6.267077110238428,0.6462629763309735,2.9765126168555502,-4.114421767218252,3.9772684329973877,0.8331987236765118,-5.990602521638477,3.0963943313151083,7.778854288781561,-1.4089586141006685,-2.0792763835738226,-1.4275303240337458,-0.8399835598472741,10.993642574738884,0.8478646874222905,-1.6967403370602359,8.483917700754631,1.2676286239939285,-5.344520530976348,1.8028483379550744,-9.949756049482902,-2.836440857840965,-1.5172127366028707,-1.8423790273825917,0.08076973996699097,8.611836228569098,3.9214148657421006,-0.9912724354406551,5.824660967048007,-10.516113771397222,7.629119386473437,-2.4231213977076926,0.507553815192528,-2.3665521338499524,-8.439881527548001,4.9077444131845285,4.2384142967304514,7.840727402314958,-5.140627052471605,3.093755126989438
36.01308831531667,9.970360348110278,121.22664257023649,65.11644867244259,-242.94547579358422,-97.9124431191463,180.94333203840498,17.152688683447913,-140.8016011008836,44.02089875507619,62.31582468777943,-44.61950223198773,-5.802835116989503,188.3344429743575,55.349835747698535,158.09173004116454,-205.98364342030732,-24.836292051497274,-100.77239138902637,131.51087041773093,-133.7105470685253,-26.02525184555754,197.90400686748706,-97.59364169113105,-263.9675224876192,48.37876393848566,71.4335441186346,45.0855096662211,23.189157220075433,-359.1859773514143,-25.663888647209767,55.556266553717165,-283.4031762566492,-36.61374472352474,173.1193942569465,-53.86508420235675,333.5370173582304,97.54060693173888,53.784300075914715,62.860256520847756,-7.403812261941791,-283.5940438165143,-125.6392121731814,26.689577573340493,-192.35826333231964,345.5408830741979,-254.02982893304394,78.98849204938008,-25.804197125604514,75.12577625773909,278.0475410339084,-172.88977060854836,-146.55512215715981,-257.7119947867667,168.23585817120943,-99.8451021715821
10.422598924132688,2.8370330611699988,36.07149878924501,19.123761032094222,-71.88811234441623,-28.642786290252175,53.69572720750206,4.992574768762244,-41.7369007550148,13.557310152734109,17.913222179184267,-13.570164881092992,-1.6520062816028116,55.349835747698535,16.387236922961222,46.999070854290835,-60.716408943574336,-7.566214459088966,-29.905055808048314,38.510381412505176,-39.61616104269967,-7.577904579786779,58.40320390235542,-28.481346991340036,-78.37599194752391,14.400559650315769,21.26679283961248,13.16443027740365,6.534082498062303,-105.7284674725126,-7.413747098249603,16.36112782781456,-83.84814234896243,-10.446902326284802,50.854810429224734,-15.509373807767098,98.7594623241782,29.046793215247213,16.122344819350623,18.6861665772648,-2.5077988363487673,-83.63026732306719,-36.81132773554786,7.464900274773929,-56.76360370851578,101.84602535863931,-75.10327078034231,23.23791862086631,-8.231254088599913,21.962598550758216,82.00276576441377,-51.75353384075362,-43.694380447880576,-75.96422616937467,49.54045527065283,-29.304805280621725
29.49972994422742,7.953879474668007,103.76650354098018,54.59813004516314,-206.12603328094747,-81.59035942255176,154.21557177189368,14.175363549973822,-119.77885164007334,39.739486408513024,50.504440529177586,-39.50201725476766,-4.631228639969492,158.09173004116454,46.999070854290835,135.13833751933575,-173.7059533499347,-22.05259399586207,-85.8864043720529,109.75797678113621,-113.68295945532957,-21.531181157418075,167.20517627789326,-81.01632935853935,-225.14971542514832,41.44155395130306,61.19486058700353,37.45499645425433,18.19101040197915,-302.2375888119136,-20.966923074675034,46.78765116462539,-240.39714043175516,-29.324378972921863,145.21339242279586,-43.76398413334483,283.2762177739874,83.57983468412516,46.55580906226883,53.721339970226104,-7.69995588379311,-239.32215729305068,-104.9549593482514,20.692113234663037,-162.4923641345979,291.3643557739898,-215.22936900276784,66.41168587187332,-24.557751521148067,62.53668849329215,234.67593057012974,-149.36077600633814,-125.82090694401782,-217.33173378286648,141.64930545682648,-83.6344204320062
-39.1479910149435,-10.765689423275406,-133.24777555725566,-71.1988168228518,266.44039805003496,106.89032888298966,-198.67165728465483,-18.68828945479364,154.5285882796563,-49.06961027398737,-67.55866558825856,49.481884730834715,6.267077110238428,-205.98364342030732,-60.716408943574336,-173.7059533499347,225.55493220034674,27.561254148632433,110.64656093671735,-143.62775343968957,146.7167916474571,28.35864109478292,-216.8090931061076,106.44086941698353,289.8947809974683,-53.1834565825362,-78.53422389060667,-49.183096613677264,-24.94445861897149,393.0959991918914,27.87711178686114,-60.81255168661195,310.79381898538395,39.57786047595379,-189.3078964495103,58.435143928989234,-365.89021834695143,-107.24861979340115,-59.29539258603193,-69.06681814946145,8.59247563598728,310.59472891970347,137.24499927973412,-28.626838555762635,210.73006736686798,-378.36200656914986,278.5009926422195,-86.42627552346123,29.188018532894223,-81.99307676318942,-304.5324082776798,190.49620896951416,161.21738081537856,282.19832449724333,-184.14732358803485,109.14422595756317
-4.387549077990053,-1.1083030314539495,-16.980466443924982,-8.556633313231693,33.126170251968205,12.61505329895887,-25.016530960990906,-2.152072109868866,19.357332416767687,-7.187793774248698,-7.322952085712493,6.900602557729157,0.6462629763309735,-24.836292051497274,-7.566214459088966,-22.05259399586207,27.561254148632433,3.8721923189623473,13.93244530720797,-17.02887056028348,18.348159813882543,3.2754411679229305,-26.634608324290795,12.421263520507832,36.5835907206518,-6.790816917797946,-10.030766074680916,-5.752436898993646,-2.427345866033529,47.73169019224551,3.098411247211002,-7.401897952088542,38.615808630261,4.129048034389613,-22.777137433264503,6.384449988231683,-45.622079409026554,-13.708465012662677,-7.792628134652852,-8.763161618693864,1.713914092225614,38.028750687369275,16.3161088443034,-2.6716855217047293,25.876516862810227,-46.219467667610814,34.48951646283827,-10.469663231188889,4.841865873137254,-9.646866064064746,-37.30234016329844,24.900161866515738,20.715616297244797,34.48397949378188,-22.39970666465979,13.079246289876927
-18.880456742248253,-5.11134208746938,-65.93521072882164,-34.80941089266205,131.16797738350544,52.07018059790865,-98.0638964584422,-9.060374804346946,76.19378017607248,-25.045982623295448,-32.378492209193404,24.972643799644644,2.9765126168555502,-100.77239138902637,-29.905055808048314,-85.8864043720529,110.64656093671735,13.93244530720797,54.61504897084052,-70.0306081898637,72.31526045907906,13.75583703180889,-106.47201552390543,51.73625239561993,143.15854802731158,-26.32721280710803,-38.879946532761736,-23.916593396731965,-11.729659544244157,192.5877672416809,13.42297146790128,-29.807753970712998,152.98308089976882,18.836512601415734,-92.57461545001912,28.047620923787147,-180.23478424632262,-53.105041151875284,-29.535770995836444,-34.14533166751951,4.758745226064533,152.4253810817658,66.9539818508105,-13.367601993574931,103.47857387287561,-185.59521244804932,136.99484768695984,-42.32193071368124,15.36254608355131,-39.91750961279135,-149.4634178519328,94.77572673739684,79.91633805041636,138.43399038494195,-90.25084753684538,53.33033479869862
25.33793997288743,7.069978264446922,84.12738072567792,45.486031609762605,-169.07441252935686,-68.5268728515613,125.74383365936532,12.035942329747714,-97.90772630748167,30.01343068577274,43.98415503676574,-30.62466124846171,-4.114421767218252,131.51087041773093,38.510381412505176,109.75797678113621,-143.62775343968957,-17.02887056028348,-70.0306081898637,91.99786580947926,-92.991567853726,-18.254735693732897,137.91209905129594,-68.38419216200467,-183.3965618784724,33.56466244367997,49.55975576379438,31.5846233772075,16.52536584590881,-250.62562789128128,-18.07035691874973,38.754183809592455,-197.24500308515098,-25.933834098932415,120.91427444642191,-37.991654823798015,232.0456830659207,67.66862332309482,37.19109413396828,43.645495323374405,-4.784012590411197,-197.70014071663894,-87.86447528508339,19.083195219305527,-134.05583002905988,240.94572242160052,-176.8677125883651,55.128507465249655,-17.265761992442297,52.5961427722924,193.82477711237107,-119.62445941269138,-101.60843966374989,-179.69570081372385,117.36558172446063,-69.76671742889856
-25.134570706487597,-6.831275581048779,-87.25754679920226,-46.19370557789175,173.78590657688324,69.15836494322785,-129.84676630262757,-12.045936010300403,100.90915569209338,-32.90967862228444,-43.169793129311465,32.89579972376534,3.9772684329973877,-133.7105470685253,-39.61616104269967,-113.68295945532957,146.7167916474571,18.348159813882543,72.31526045907906,-92.991567853726,95.7867465130677,18.289455697799138,-141.14707135842266,68.75016494555288,189.53118448997728,-34.839844420685004,-51.44685126449704,-31.77750708630833,-15.707496951837506,255.44506244143352,17.877889871441866,-39.53341921039501,202.69417647320262,25.156571949551495,-122.84525430547687,37.3806761551774,-238.7604792697537,-70.26289742819337,-39.023070052121554,-45.195893384979954,6.139834033395159,202.09608875866286,88.89685306076981,-17.932459713732932,137.17729961734005,-246.1018384401948,181.53718866848521,-56.14264431470588,20.04354994628116,-53.02469086125705,-198.1642340056505,125.26189242888249,105.71268718864238,183.5631974356132,-119.69723485103607,70.78123584302463
-5.07108383103048,-1.4324688136675223,-16.491525174441325,-9.006035745874657,33.2850979664127,13.608046040284554,-24.699981602903488,-2.398616290402515,19.24748554601653,-5.719422986255516,-8.84630167114465,5.8977033046366145,0.8331987236765118,-26.02525184555754,-7.577904579786779,-21.531181157418075,28.35864109478292,3.2754411679229305,13.75583703180889,-18.254735693732897,18.289455697799138,3.6378409935484366,-27.20624989763815,13.603706404134908,36.0081856581553,-6.578405906988493,-9.710998678319747,-6.2804665096899575,-3.3691092769292386,49.536428769305715,3.62189763923358,-7.657410826138572,38.83475930067839,5.2434494630843815,-23.93648423474688,7.631668755850653,-45.65846673809713,-13.255482543388847,-7.246966246260692,-8.562040489952379,0.8283226187325261,39.02179716907552,17.427852017929464,-3.91030549972756,26.44543278675215,-47.5760263214007,34.84155227563731,-10.901111261901306,3.1856842718083325,-10.44948319928677,-38.25381344203785,23.33791894415319,19.886368878345753,35.48021849371977,-23.190626594662778,13.81994243785387
37.51853925029139,10.290569349334007,128.27874019342644,68.3979913712242,-256.2695227155776,-102.62073034275227,191.1765532553044,17.926270060050935,-148.66888091225601,47.50147651002905,64.677604548268,-47.80231462968774,-5.990602521638477,197.90400686748706,58.40320390235542,167.20517627789326,-216.8090931061076,-26.634608324290795,-106.47201552390543,137.91209905129594,-141.14707135842266,-27.20624989763815,208.4428176659497,-102.14953753034521,-278.9787804489263,51.204705874619,75.61174361372086,47.20348863194023,23.802001827436644,-377.7684486429615,-26.71019771345615,58.44684736259187,-298.92250721824763,-37.84504554208571,181.8686390411254,-55.956670465092124,351.95938725820827,103.25885907648272,57.148733215256236,66.4800332842986,-8.444784117119692,-298.5729037308356,-131.79635631547347,27.284281161660928,-202.59364484910557,363.687259329114,-267.83040063978586,83.04991782147995,-28.412462116173238,78.70945109027905,292.7494349675305,-183.56521250681598,-155.25165394058288,-271.2567820347742,176.97823080268503,-104.84008319680049
-18.933657309448368,-5.3216723376430926,-62.071587568518474,-33.76587301823737,125.07507693420683,50.96082778054253,-92.89570368054608,-8.971165242554406,72.36971837876628,-21.77227267379364,-32.96420939124356,22.357828263318456,3.0963943313151083,-97.59364169113105,-28.481346991340036,-81.01632935853935,106.44086941698353,12.421263520507832,51.73625239561993,-68.38419216200467,68.75016494555288,13.603706404134908,-102.14953753034521,50.90972516897012,135.4541025286928,-24.760374150167134,-36.5573853241005,-23.508307441687737,-12.490777035352894,185.85436285771868,13.513689499715861,-28.732095222761124,145.92411534120492,19.498560368266258,-89.74893993151821,28.453044629632156,-171.60638098019209,-49.90976442601714,-27.344998750031,-32.21781629471123,3.282543595796646,146.48322808331804,65.29508598175661,-14.467861426379311,99.29630173867022,-178.56753056108525,130.89316949231213,-40.89134303424452,12.290590386368203,-39.12532340179267,-143.60535020720474,88.01182399152025,74.90015379167541,133.1701409398251,-87.01823923971459,51.80503668381921
-49.40363966810423,-13.356745100238978,-172.85946944166872,-91.17725014803254,343.75164619720636,136.35098920450213,-257.04652273494725,-23.718305506584286,199.70892981896617,-65.81401957118446,-84.68010023254978,65.56916694779956,7.778854288781561,-263.9675224876192,-78.37599194752391,-225.14971542514832,289.8947809974683,36.5835907206518,143.15854802731158,-183.3965618784724,189.53118448997728,36.0081856581553,-278.9787804489263,135.4541025286928,375.2680020385315,-69.02070516791252,-101.93407315551823,-62.62076104089164,-30.634099536689625,504.53411244763925,35.116957973310484,-78.09058594218928,400.9195459953383,49.23625612565999,-242.48635236301777,73.3637643539297,-472.3637593690436,-139.2352398846429,-77.47585434738666,-89.51230611305431,12.578290646008718,399.36790261461465,175.34470369146698,-34.89098633862111,271.13809892710685,-486.25852033084135,359.0033925157512,-110.86795520978339,40.46206117910418,-104.5235338793506,-391.61058972940566,248.57655297085861,209.54541026623042,362.6974660715406,-236.44206356212172,139.68363910144097
9.001346542556988,2.420117626545839,31.82537248390798,16.705556744036606,-63.15355901766436,-24.94693485043678,47.273174038923926,4.329418278103866,-36.707089498126265,12.25766636230912,15.392254553889599,-12.15833468613896,-1.4089586141006685,48.37876393848566,14.400559650315769,41.44155395130306,-53.1834565825362,-6.790816917797946,-26.32721280710803,33.56466244367997,-34.839844420685004,-6.578405906988493,51.204705874619,-24.760374150167134,-69.02070516791252,12.712286408126909,18.770028399269137,11.447594778282323,5.520935480723201,-92.51213774122597,-6.396631225279088,14.323317352309783,-73.65126694789022,-8.92482614353601,44.4339229800355,-13.341037164496653,86.80030483017772,25.634681927234492,14.29412928898905,16.47301391666115,-2.406786181812316,-73.27895531826009,-32.100142653957874,6.271597639204945,-49.75849004757267,89.20583384715742,-65.93084772958943,20.32678304197804,-7.613448407065682,19.118636812327793,71.85718257847414,-45.8530580670552,-38.60016057597485,-66.54079956359223,43.36061507518474,-25.586934486656023
13.289537261642236,3.570464472515386,46.99680415883974,24.666878874978487,-93.25992671847523,-36.83352585300061,69.81141122590506,6.393403178911967,-54.211993759219816,18.110857544255676,22.72056392467935,-17.963371757233112,-2.0792763835738226,71.4335441186346,21.26679283961248,61.19486058700353,-78.53422389060667,-10.030766074680916,-38.879946532761736,49.55975576379438,-51.44685126449704,-9.710998678319747,75.61174361372086,-36.5573853241005,-101.93407315551823,18.770028399269137,27.71863294118194,16.902943265129043,8.150287420197722,-136.60876646053188,-9.441609117127319,21.149227197136767,-108.76299838617655,-13.171988533729516,65.60870944120188,-19.69516913989816,128.18225075222452,37.860934318828754,21.115680294523585,24.326702429763454,-3.562505180485265,-108.20918101067254,-47.39569504587712,9.255763453005706,-73.48082023435478,131.72710538829503,-97.36341327303478,30.01401496237771,-11.258967462921696,28.22834872049201,106.11056769389745,-67.7239775582764,-57.00757641707656,-98.25776015564989,64.02901883340584,-37.7806567217678
8.738476206205274,2.453136248953744,28.69859214038615,15.598293961695475,-57.8079545468014,-23.535440035088012,42.94336892275669,4.142210534422697,-33.45337083871501,10.091767025589231,15.207009007333973,-10.353983927153845,-1.4275303240337458,45.0855096662211,13.16443027740365,37.45499645425433,-49.183096613677264,-5.752436898993646,-23.916593396731965,31.5846233772075,-31.77750708630833,-6.2804665096899575,47.20348863194023,-23.508307441687737,-62.62076104089164,11.447594778282323,16.902943265129043,10.85591904790988,5.756042006986528,-85.87017328302241,-6.235768341743839,13.275127741782953,-67.44373259580705,-8.990805548163065,41.46029249604866,-13.127725673957656,79.3179908047312,23.07819156883366,12.650592854222682,14.895088070430264,-1.535001345241606,-67.68745353826851,-30.15847872646982,6.663846531955956,-45.88594971597213,82.51026680367394,-60.494276846084524,18.891964810518914,-5.7141764576900576,18.068733614776328,66.35824849030129,-40.710479290863546,-34.6356896757101,-61.53370217004575,40.20599540448663,-23.93061738307345
4.816786976199758,1.4448826830339065,13.875574150857913,8.050141968994067,-28.76579433940922,-12.369538651206058,21.060600926174562,2.2289547307644657,-16.506707226028094,3.961161581884551,8.617565724679052,-4.422555988525333,-0.8399835598472741,23.189157220075433,6.534082498062303,18.19101040197915,-24.94445861897149,-2.427345866033529,-11.729659544244157,16.52536584590881,-15.707496951837506,-3.3691092769292386,23.802001827436644,-12.490777035352894,-30.634099536689625,5.520935480723201,8.150287420197722,5.756042006986528,3.5229166461577406,-43.84494698038877,-3.4612082090443996,6.760552659967841,-33.585167613468236,-5.246163590393114,21.37158007044388,-7.392439546141491,39.341639164348535,11.119393233841745,5.885866739859325,7.239778927348701,-0.1347090464936294,-34.25539484551397,-15.736215923041074,4.182592862090579,-23.150097422477078,41.86052525702002,-30.2364237529487,9.669588592704367,-1.6615788480734484,9.52522655564248,33.56754107771976,-19.071807760556304,-16.579720558683942,-31.206872822152086,20.490583597224184,-12.386806561022691
-68.46397684831433,-18.88593099470576,-231.80476792596914,-124.17056690881518,464.0103461740158,186.5545128484308,-345.80094770589085,-32.64883164315767,269.02851494056466,-84.80564540814042,-118.29818832331912,85.72650372536322,10.993642574738884,-359.1859773514143,-105.7284674725126,-302.2375888119136,393.0959991918914,47.73169019224551,192.5877672416809,-250.62562789128128,255.44506244143352,49.536428769305715,-377.7684486429615,185.85436285771868,504.53411244763925,-92.51213774122597,-136.60876646053188,-85.87017328302241,-43.84494698038877,685.2666905101534,48.76790533869416,-106.0008285308196,541.2676379023306,69.39868343661321,-330.136556102751,102.29281339220478,-637.1256401083415,-186.55198126123435,-103.01333704877787,-120.17546936341215,14.57856055808034,541.2573410133733,239.46115029264385,-50.38523815522057,367.1842276341355,-659.4156150453513,485.0962757845896,-150.67745182456758,50.10747368272306,-143.11955997114,-530.68354848275,331.0255369913832,280.3611690822816,491.812849985776,-320.9920872614817,190.36981580847623
-5.080320333458375,-1.458163127138155,-16.043564178613455,-8.887681945422147,32.58296922009708,13.484540899426568,-24.102374720253856,-2.3894651116001806,18.805960945739635,-5.335186107898848,-8.920718114287526,5.591608433809213,0.8478646874222905,-25.663888647209767,-7.413747098249603,-20.966923074675034,27.87711178686114,3.098411247211002,13.42297146790128,-18.07035691874973,17.877889871441866,3.62189763923358,-26.71019771345615,13.513689499715861,35.116957973310484,-6.396631225279088,-9.441609117127319,-6.235768341743839,-3.4612082090443996,48.76790533869416,3.634693826659017,-7.534461051771246,38.021482784922476,5.324821809862981,-23.615725417361492,7.6840836910181824,-44.66333664218939,-12.884903929953174,-6.991866815936116,-8.338772373627853,0.6541056340937637,38.34084928827979,17.241479838991555,-4.042838356270323,25.96563410429249,-46.77150226049361,34.139345782700815,-10.738017701994213,2.82397702186419,-10.361717231242727,-37.58239184432692,22.550671848521482,19.304003256743613,34.87751187821196,-22.821326849414525,13.647329556247174
10.577593048381853,2.9151297762441097,35.88612698882669,19.204628469326043,-71.80318236158088,-28.84535400723796,53.521846400203806,5.045809235107709,-41.633986666299094,13.16026405261217,18.269272822832423,-13.290419151199933,-1.6967403370602359,55.556266553717165,16.36112782781456,46.78765116462539,-60.81255168661195,-7.401897952088542,-29.807753970712998,38.754183809592455,-39.53341921039501,-7.657410826138572,58.44684736259187,-28.732095222761124,-78.09058594218928,14.323317352309783,21.149227197136767,13.275127741782953,6.760552659967841,-106.0008285308196,-7.534461051771246,16.3979668356109,-83.75708353808226,-10.712243132289148,51.061336672864094,-15.798498908563134,98.5957699429191,28.879826202733724,15.953821481908221,18.602840766904855,-2.2770168721476742,-83.73596027438356,-37.030056630168176,7.765764308822902,-56.80718973927098,102.01214545999815,-75.06023227526401,23.307312638994148,-7.793311566731811,22.12820145383829,82.10039789731104,-51.26551067721848,-43.40729740152577,-76.08453975283898,49.65421950857496,-29.441880867204375
-53.440568236392885,-14.571252013346601,-184.48737281433924,-97.92359906048333,367.85094822784714,146.71930759334023,-274.6889090894672,-25.584364420843066,213.52884376745482,-69.12381544661805,-91.90800989971883,69.26451786676856,8.483917700754631,-283.4031762566492,-83.84814234896243,-240.39714043175516,310.79381898538395,38.615808630261,152.98308089976882,-197.24500308515098,202.69417647320262,38.83475930067839,-298.92250721824763,145.92411534120492,400.9195459953383,-73.65126694789022,-108.76299838617655,-67.44373259580705,-33.585167613468236,541.2676379023306,38.021482784922476,-83.75708353808226,429.05468892699975,53.63833650103721,-260.39841689950964,79.56052433962691,-505.319538120989,-148.54377761529355,-82.39763533041045,-95.57762522006509,12.681660552256243,428.0673733559976,188.5348641201169,-38.398308460667984,290.52779107108717,-521.3303844786437,384.3301283519676,-118.97182373415765,41.83569283996659,-112.50721738236791,-419.73241197847835,264.5428522483882,223.43002134919348,388.8446442012743,-253.6090744707533,150.06430443882115
-7.424543966676662,-2.1808461764062175,-22.403505979539144,-12.694698538282175,45.95446485743882,19.382867784529374,-33.822783982681464,-3.4628427348288757,26.445665602530617,-6.937200357242126,-13.163423239048168,7.4819582928383355,1.2676286239939285,-36.61374472352474,-10.446902326284802,-29.324378972921863,39.57786047595379,4.129048034389613,18.836512601415734,-25.933834098932415,25.156571949551495,5.2434494630843815,-37.84504554208571,19.498560368266258,49.23625612565999,-8.92482614353601,-13.171988533729516,-8.990805548163065,-5.246163590393114,69.39868343661321,5.324821809862981,-10.712243132289148,53.63833650103721,7.937809756137927,-33.7174608816079,11.313645456799204,-62.92151448638272,-17.970536424912787,-9.634271871334745,-11.66557562057629,0.5738620900789634,54.39273812331924,24.72094724330356,-6.181756016501727,36.796590577086285,-66.41007001298102,48.22342735245806,-15.293618197648337,3.3278454975908676,-14.909758129900942,-53.30832646645374,31.148014847600642,26.86305230696116,49.51574145157816,-32.45454918823377,19.513075872225013
33.13566111286116,9.183014690758768,111.34525059433092,59.85858308921189,-223.22271162670472,-90.02857346802733,166.22361631149488,15.776759264529087,-129.3573526312892,40.342694442575386,57.360416772071744,-40.925347872663636,-5.344520530976348,173.1193942569465,50.854810429224734,145.21339242279586,-189.3078964495103,-22.777137433264503,-92.57461545001912,120.91427444642191,-122.84525430547687,-23.93648423474688,181.8686390411254,-89.74893993151821,-242.48635236301777,44.4339229800355,65.60870944120188,41.46029249604866,21.37158007044388,-330.136556102751,-23.615725417361492,51.061336672864094,-260.39841689950964,-33.7174608816079,159.1381959154848,-49.57699023046049,306.4473033120271,89.58620213250086,49.37773308499262,57.7401654901854,-6.740811457750781,-260.62789828419636,-115.5114192513376,24.608299847259076,-176.77355871624096,317.56836762148424,-233.4204695145217,72.60253521416251,-23.593001589674888,69.07955701272675,255.5290789383649,-158.7374031202255,-134.59293310745682,-236.84832978542045,154.62585702012737,-91.78666752333353
-10.735760150723575,-3.09989584050544,-33.47444975280409,-18.660655389220963,68.17475302176669,28.361394847784368,-50.36102483544502,-5.038556487639519,39.32154633254839,-10.925979264111286,-18.900191012084157,11.53851515549877,1.8028483379550744,-53.86508420235675,-15.509373807767098,-43.76398413334483,58.435143928989234,6.384449988231683,28.047620923787147,-37.991654823798015,37.3806761551774,7.631668755850653,-55.956670465092124,28.453044629632156,73.3637643539297,-13.341037164496653,-19.69516913989816,-13.127725673957656,-7.392439546141491,102.29281339220478,7.6840836910181824,-15.798498908563134,79.56052433962691,11.313645456799204,-49.57699023046049,16.27191197798733,-93.42393329781548,-26.88036551155156,-14.541152528509297,-17.408308590000104,1.230348167958891,80.35238867248381,36.23766526507372,-8.654859066413065,54.40396748181486,-98.04392251803546,71.46430318799639,-22.52731077319113,5.6493062093584765,-21.8000453068127,-78.76016701338382,46.91961719406326,40.24415899897109,73.10808307016754,-47.860092435118496,28.662260752947365
62.7881936399729,17.088067900132693,217.414537719567,115.23734857070387,-433.2433629375294,-172.58672776106891,323.62050411734344,30.07818475632819,-251.53459066861262,81.7578918150389,107.9037499177491,-81.81626598514053,-9.949756049482902,333.5370173582304,98.7594623241782,283.2762177739874,-365.89021834695143,-45.622079409026554,-180.23478424632262,232.0456830659207,-238.7604792697537,-45.65846673809713,351.95938725820827,-171.60638098019209,-472.3637593690436,86.80030483017772,128.18225075222452,79.3179908047312,39.341639164348535,-637.1256401083415,-44.66333664218939,98.5957699429191,-505.319538120989,-62.92151448638272,306.4473033120271,-93.42393329781548,595.1916988921128,175.06982071797373,97.17983696462548,112.62427315972138,-15.142026647340515,-503.9778987819734,-221.81250281533798,44.94225329361329,-342.07245583678235,613.7455492748942,-452.6092980099604,140.03350014868778,-49.659784673094975,132.33337783358414,494.1700569610561,-311.957582571579,-263.36271680433646,-457.77787998163427,298.5356299981103,-176.5849877591872
