V1,V2,V3,V4,V5,V6,V7,V8,V9,V10,V11,V12,V13,V14,V15,V16,V17,V18,V19,V20,V21,V22,V23,V24,V25,V26,V27,V28,V29,V30,V31,V32,V33,V34,V35,V36,V37,V38,V39,V40,V41,V42,V43,V44,V45,V46,V47,V48,V49,V50,V51,V52,V53,V54,V55,V56
20.879745616435248,10.290884407392866,-24.77558818396691,10.823410537576331,11.42839280817606,-26.857014470714166,-23.678369732217174,6.609956585075716,13.526064795414445,-52.061663185211145,46.86010344774085,36.77835423136592,-6.295783003494752,26.54847568318777,-3.8822383029090597,-28.278588000416917,-12.007077422545166,21.759502766893625,13.942934345779904,31.350806012005346,11.070290373641617,-10.347813749543844,4.199192473310575,-32.961192016722244,38.03377354414492,-10.269035401924672,-15.550421063734294,15.061501362353273,31.16356718757965,-35.71732110746415,-16.237509707806954,4.07536329150664,13.040326102915746,-35.55370083099813,27.047158778201876,-38.80606880742757,-23.024641029061367,-22.296181659004244,-22.6249129615998,-11.517208055083168,30.897522263849293,-13.4198509221074,-28.848593544004473,40.4620600404528,-5.565944355644785,21.200389946880694,6.10822243861145,7.72058423651014,57.8438255313163,21.986170447906492,11.956410925105539,65.2388161656861,38.72108027534831,-14.773696098132119,14.799585821260527,-18.09738842706367
10.290884407392866,5.113270233419756,-12.464559649917822,5.307931282710011,5.835173273575309,-13.303597289660793,-11.74041027550066,3.4727487052232315,6.792193761546718,-26.18256045882979,23.426477086080705,18.423125649135876,-3.0011490885382686,13.334874323778793,-1.808405704863078,-14.283154820437028,-6.110214636176281,10.902677013080309,6.653759691511371,15.893372065695344,5.651095216454592,-5.176241553895768,2.4811730827415013,-16.4583176860364,18.986120728690537,-5.23669686542718,-7.860106816716642,7.363547353632498,15.189511358136757,-17.748420484390756,-7.964239019853768,2.250078228968229,6.365947667184095,-17.548355076718174,13.43569006222144,-19.175681474480392,-11.24841001879633,-11.081175348806246,-11.141373702309423,-5.645354562424655,15.240701209132968,-6.71134580357577,-14.316468477239042,19.99307682972764,-2.7912265848678794,10.630755321504449,3.0345456590389714,4.291664912207598,28.80763579256012,10.894013587055328,6.140414345594175,32.439943881942845,19.183958695889636,-7.590912472770305,7.3834253959298195,-8.972203245155994
-24.77558818396691,-12.464559649917822,30.956532018116643,-12.679783680365718,-14.805433415009793,32.27817655430044,28.5277449793602,-9.164164039932409,-16.822171084211544,64.99100198623043,-57.636373386161985,-45.46201773320796,6.844772267804761,-33.038803864876996,3.9612058684952696,35.679090497888765,15.42949051749309,-26.914591857725707,-15.20339021943178,-39.91464359758999,-14.333894864969778,12.746664292712898,-7.511794842160529,40.41972787947574,-46.609058125137224,13.263334377785805,19.65549055358003,-17.50467675249718,-35.934046216575325,43.27036195387055,19.02960898967149,-6.319751134881509,-15.097535822430531,42.342290094591036,-32.739657306717476,46.35115664023787,26.708469567525068,27.02279296237054,26.78709742401155,13.475196245480648,-36.73880283157109,16.520948001842054,34.83367827309284,-48.32361767464649,6.899216539075101,-26.27346987587637,-7.3955310582688,-12.15070594711988,-70.47083682734274,-26.443725064773428,-15.708437946043126,-79.1692541116956,-46.558613754612836,19.43212945182018,-18.109350197227936,21.797573838938398
10.823410537576331,5.307931282710011,-12.679783680365718,5.6276344015555315,5.794080073964808,-13.878816815587044,-12.22909735313397,3.2882100175710516,6.930642069779461,-26.650692730683716,24.07801990228428,18.8740384766494,-3.3290682417535358,13.600986058138544,-2.0797344948565035,-14.436432218099274,-6.1003580733772145,11.164949225176102,7.367727211149007,15.967126568286417,5.613262590289933,-5.314983006349382,1.91209426411499,-16.94914960379817,19.56071816936077,-5.210322919110257,-7.934742056211407,7.8458477699536795,16.263339801767593,-18.42166514620161,-8.44173414346916,1.9572769845068343,6.798852324652741,-18.413510107055266,13.952769555153617,-20.08384143862294,-11.9991196395202,-11.498310324147882,-11.734118980627095,-5.990036301520651,16.00833212941093,-6.893821726558836,-14.89114130632237,20.941518670035464,-2.8542215806471285,10.87253262251897,3.150772247192326,3.689433484448335,29.792450092157296,11.359742417813157,6.0386878242695134,33.633576607057776,20.007531767685762,-7.4591573833868345,7.614272463845419,-9.34716290111944
11.42839280817606,5.835173273575309,-14.805433415009793,5.794080073964808,7.25105848822936,-15.026921156333543,-13.30554054642176,4.6735296557300146,8.02036183716057,-31.064867513594727,27.272401613594457,21.584941006159458,-2.9463532575741436,15.758358318848675,-1.6078056183969873,-17.175137357965454,-7.516184756522673,12.78549840830985,6.55888397942141,19.327537077089826,7.017371358685977,-6.037713344125342,4.319212748878855,-19.0866613208651,21.998720702823647,-6.482262076351799,-9.472090947251012,7.950661886995853,16.22196786706774,-20.25917201643097,-8.696768539721303,3.4164701970323748,6.83608912685729,-19.582402649423425,15.319860626048076,-21.4825442094514,-12.112031998888412,-12.65595162400581,-12.335410444199136,-6.150649703133788,16.97250520334599,-7.821588206789979,-16.27114152128296,22.395215186558282,-3.281045963844328,12.495655389027245,3.460693704051603,6.615471030005411,33.12570445025283,12.317668208921985,7.7598191742667995,37.11108813891901,21.682440658936375,-9.605555583163433,8.538670687232786,-10.16326335604602
-26.857014470714166,-13.303597289660793,32.27817655430044,-13.878816815587044,-15.026921156333543,34.65357289314594,30.56999805022164,-8.849601762044294,-17.601430222787105,67.81126256536182,-60.80978636502207,-47.78639602143698,7.933337586334532,-34.55310612801102,4.824404719947629,36.93280545699113,15.75545499996414,-28.276472724049974,-17.582057282349755,-41.04002565324488,-14.554218150365456,13.433287623523738,-6.066624541263501,42.74122412969908,-49.31090737862056,13.492406114567356,20.319102682165425,-19.27655162706055,-39.81047351097117,46.176202282212216,20.823708540831298,-5.632368222835336,-16.67493700504539,45.772985635210915,-34.960032048499464,49.995620034290255,29.455347252225174,28.8280983097902,29.086510427026248,14.764281780445284,-39.76265406566192,17.41899920542439,37.265686873449326,-52.1275238320642,7.23724343430561,-27.563847782094346,-7.8958759929148306,-10.71685342138249,-74.88550337935087,-28.373713969743246,-15.779303017597055,-84.37786003430237,-49.96737214562802,19.50346318311668,-19.180529900842444,23.363533349002616
-23.678369732217174,-11.74041027550066,28.5277449793602,-12.22909735313397,-13.30554054642176,30.56999805022164,26.971912633174846,-7.86181877741307,-15.552853883704005,59.930265529199616,-53.70374857628118,-42.21198122576011,6.966534221853327,-30.532143856479497,4.223164380382837,32.657079475933706,13.943641150031388,-24.979599744085874,-15.439836822305493,-36.304158532585554,-12.886309790615444,11.864360505453641,-5.4624188793588635,37.74154886251917,-43.54099579802721,11.944070345403784,17.96754230468194,-16.97869091055151,-35.05098227725052,40.75051811531088,18.347674398488664,-5.032623373614243,-14.683571440622485,40.36134723644383,-30.851142711301478,44.09128907993543,25.94065396825727,25.44137223280048,25.640634957838834,13.007726979508298,-35.06001072592503,15.38353831656852,32.88201088060767,-45.9714610461615,6.393125306920035,-24.35089262195629,-6.967565703261128,-9.583781891157836,-66.10475039374222,-25.031386456820798,-13.980297367263887,-74.46920195346044,-44.08033692242151,17.280390068414672,-16.935132095574904,20.61231503283938
6.609956585075716,3.4727487052232315,-9.164164039932409,3.2882100175710516,4.6735296557300146,-8.849601762044294,-7.86181877741307,3.2124316992917374,4.936701210615718,-19.20730908475225,16.557926703991033,13.1869073008836,-1.462717950294592,9.70717903861683,-0.6813787127855868,-10.752971377413688,-4.8031797215720875,7.817054507667642,3.276613692616032,12.225649152460006,4.520511127453438,-3.672651424584102,3.473513317954096,-11.543952118815064,13.2939746284779,-4.1650290413123106,-5.942890416126757,4.456909385920544,8.980004663381525,-12.0604242520782,-4.9386468081033685,2.548297443575167,3.8091297900304792,-11.386124640159776,9.109895098503262,-12.5427437552596,-6.7695183088804844,-7.5384924517978105,-7.111895366649561,-3.483930991598194,9.845969550173407,-4.754380634585146,-9.643287398493076,13.073424873292355,-2.01162256297155,7.658473883367607,2.0586328781881797,4.978965063442383,19.866698314086094,7.2613573664423,5.074749589349502,22.14260229297393,12.77721871374463,-6.289247677420349,5.150088494630467,-6.003168130203125
13.526064795414445,6.792193761546718,-16.822171084211544,6.930642069779461,8.02036183716057,-17.601430222787105,-15.552853883704005,4.936701210615718,9.145124534082013,-35.319736649536694,31.363976138989397,24.728106179655672,-3.7683184322576047,17.960034965799586,-2.19504081991536,-19.371967089296902,-8.364183484362835,14.638784111109883,8.36761720415211,21.654653781383324,7.765266024469948,-6.935418501610024,3.9738455084628503,-22.001086745422782,25.371562914388036,-7.186817514237233,-10.67026724741804,9.57501544479815,19.67044690480118,-23.57846172300942,-10.401027902109512,3.375610655592343,8.261307558478437,-23.108699163421154,17.84151209094909,-25.289789148477727,-14.612102012834518,-14.724433683939841,-14.62721620495764,-7.3662941180329495,20.053468546412383,-8.989461027444962,-18.986919940707782,26.366266865675982,-3.751749278310985,14.287623731775096,4.0301282709211215,6.483284129941407,38.3808580403055,14.418907902882598,8.499423538343102,43.133542349344346,25.387557032567983,-10.513203604446073,9.859098838290178,-11.883967750773548
-52.061663185211145,-26.18256045882979,64.99100198623043,-26.650692730683716,-31.064867513594727,67.81126256536182,59.930265529199616,-19.20730908475225,-35.319736649536694,136.44646829590886,-121.03621106676054,-95.46168388806564,14.40685218901808,-69.36721011902233,8.347337259899977,74.89342245530672,32.37780798636479,-56.515483712208116,-31.99719184027969,-83.77119669419726,-30.07555544080226,26.767254658164198,-15.68959339168897,84.88593839792574,-97.88506286248128,27.830048990937755,41.25679948101713,-36.79698034212494,-75.54808534750691,90.89155506049171,39.995942131520216,-13.224085177936768,-31.738430313246262,88.96853405757722,-68.77233234940688,97.38705943278755,56.145656757718626,56.76225551542326,56.29029484774562,28.322658443585887,-77.19743576405048,34.69308165244273,73.17422290719098,-101.5317154603264,14.48596133790161,-55.16663256299736,-15.53456648285479,-25.420597796132054,-148.0131882643004,-55.55350351249895,-32.951448328595895,-166.2936514659451,-97.81139997445698,40.761549830829516,-38.033105154460365,45.79134536458191
46.86010344774085,23.426477086080705,-57.636373386161985,24.07801990228428,27.272401613594457,-60.80978636502207,-53.70374857628118,16.557926703991033,31.363976138989397,-121.03621106676054,107.81964705315104,84.9173791856667,-13.313198342917167,61.587341679954875,-7.870836251228707,-66.23646807773599,-28.48952327628879,50.2632371357397,29.542273034037606,73.90131936811869,26.407910723202722,-23.83416188264528,12.723793330671729,-75.68142676058439,87.28787062743491,-24.45338074361275,-36.46985337377495,33.32340487144079,68.5776622316188,-81.31937627352583,-36.1316608482614,11.082366327227765,28.775748930198336,-79.99462682985722,61.544241221289774,-87.48911472913777,-50.87510064192378,-50.77804187115666,-50.69941521150148,-25.59877686093304,69.44235501507421,-30.897088628041384,-65.53037194916668,91.21539347042848,-12.876142171737387,49.037592414923665,13.901146565181515,21.227546507872987,132.21106506248387,49.80674527796528,28.818181291416938,148.7078962296958,87.70058270579126,-35.63771240129159,33.9299590440254,-41.037753375189176
36.77835423136592,18.423125649135876,-45.46201773320796,18.8740384766494,21.584941006159458,-47.78639602143698,-42.21198122576011,13.1869073008836,24.728106179655672,-95.46168388806564,84.9173791856667,66.91185674842266,-10.358182085442747,48.55991041159255,-6.084262281501748,-52.29381150903112,-22.53146120947365,39.60786980019085,22.99232161591334,58.39523815576115,20.899776093921556,-18.774197188412263,10.352764779446495,-59.58846950944993,68.72262758863125,-19.348572522179328,-28.79814929919427,26.100798308395802,53.672378458336574,-63.95274969671215,-28.323865565686507,8.913038254232859,22.530557288247525,-62.806864717253845,48.396916438092234,-68.7105412642588,-39.84111463740379,-39.93553010730792,-39.7832516401627,-20.063790441004368,54.51318575828125,-24.336405477256108,-51.51912941822089,71.63614906391612,-10.1488035953327,38.649493314316246,10.931896175916478,17.09349871700281,104.03227468540628,39.14255487462342,22.83843717432763,116.96909133005603,68.92117879294743,-28.24605683062365,26.70951644425015,-32.25567982063798
-6.295783003494752,-3.0011490885382686,6.844772267804761,-3.3290682417535358,-2.9463532575741436,7.933337586334532,6.966534221853327,-1.462717950294592,-3.7683184322576047,14.40685218901808,-13.313198342917167,-10.358182085442747,2.1496294429663134,-7.387885990104904,1.4295587415373958,7.673790331989684,3.1457563499068173,-6.121412221943182,-4.742497984659283,-8.363101431473302,-2.857035647523185,2.932157431653713,-0.25064688504173915,9.41326203168189,-10.874355067022263,2.6634312933620303,4.205438304472487,-4.6888414429617615,-9.815771712750019,10.412755206824448,4.991303990112268,-0.6329716426646504,-4.082804828737956,10.658018307314697,-7.896017740802467,11.578651701606889,7.188206139890539,6.495371728007794,6.8456936591861215,3.5493249133645475,-9.285777584299643,3.8065389217432672,8.456686808355359,-12.075008782065598,1.5597939634548639,-5.94363970095379,-1.7824542132026364,-1.1276627260308985,-16.7048648234659,-6.486720713600067,-2.994388697988225,-18.96515657962466,-11.429247166081286,3.6909261239088145,-4.242263846661254,5.326845899236782
26.54847568318777,13.334874323778793,-33.038803864876996,13.600986058138544,15.758358318848675,-34.55310612801102,-30.532143856479497,9.70717903861683,17.960034965799586,-69.36721011902233,61.587341679954875,48.55991041159255,-7.387885990104904,35.2720245610539,-4.300027269935355,-38.05096669822146,-16.43281840801658,28.74696595939925,16.405970615499687,42.539436310376495,15.257163662243455,-13.618871295417696,7.833539188455524,-43.20041500810616,49.81814973111851,-14.1204066952956,-20.959495803901994,18.78856800464433,38.59469423331754,-46.29102821251911,-20.411790108697417,6.645333135702983,16.210145082550707,-45.359292611465854,35.02740751765012,-49.642171236190954,-28.67210651107703,-28.908201578322718,-28.709143728819043,-14.455871386795467,39.36123388480982,-17.65240858473507,-37.274966214108524,51.75507177087877,-7.367987275243248,28.05846734053936,7.912220245726721,12.76489492782069,75.35711240595671,28.305710715255813,16.702710062337545,84.6847170919375,49.838120575879415,-20.660476167670772,19.358434285364364,-23.329916230528127
-3.8822383029090597,-1.808405704863078,3.9612058684952696,-2.0797344948565035,-1.6078056183969873,4.824404719947629,4.223164380382837,-0.6813787127855868,-2.19504081991536,8.347337259899977,-7.870836251228707,-6.084262281501748,1.4295587415373958,-4.300027269935355,0.9907769257996084,4.377826333735176,1.7429049990487604,-3.591387266928928,-3.149431545141261,-4.705125906788307,-1.5609677830114763,1.7301217289841249,0.2674346378782174,5.586218599747433,-6.459312068946589,1.462463832882674,2.393580010314267,-2.9524134034670713,-6.228006105190851,6.273263065837499,3.1184700864325445,-0.14259884920897592,-2.5815713622632597,6.547862472898106,-4.7615817546207415,7.0901523672021165,4.536028588558882,3.911201546750533,4.232141200649312,2.221239647922289,-5.713269798999736,2.248507116222025,5.114514785496177,-7.394659612790638,0.9136773771146303,-3.479803379019564,-1.0751370538099834,-0.1955541877254064,-9.995255335731796,-3.940905578967473,-1.5924978891076063,-11.403121010081277,-6.946529491752829,1.9590493153630855,-2.524397582850316,3.2315391880813045
-28.278588000416917,-14.283154820437028,35.679090497888765,-14.436432218099274,-17.175137357965454,36.93280545699113,32.657079475933706,-10.752971377413688,-19.371967089296902,74.89342245530672,-66.23646807773599,-52.29381150903112,7.673790331989684,-38.05096669822146,4.377826333735176,41.19495899466046,17.873260745422364,-30.963088908011517,-17.05523729058688,-46.16018206995788,-16.626509035435177,14.65273857287059,-9.135003761389857,46.42495717538993,-53.52708255460639,15.377855281994712,22.701410189097082,-19.898235179545168,-40.78290424278569,49.58540045684902,21.667316984567755,-7.542560251257996,-17.148557991252666,48.36312690093082,-37.51193905709189,52.97208011058766,30.34870604231353,30.969139123244833,30.56119944342528,15.337959172294214,-41.95019323887659,18.98917554678349,39.89238334170505,-55.22513933849493,7.939917333750193,-30.235979059482908,-8.473823389187093,-14.532134164910536,-80.84153869832181,-30.261369898386334,-18.266957536048288,-90.75265392713351,-53.277280002822316,22.601519197634563,-20.79149415227095,24.951159864702138
-12.007077422545166,-6.110214636176281,15.42949051749309,-6.1003580733772145,-7.516184756522673,15.75545499996414,13.943641150031388,-4.8031797215720875,-8.364183484362835,32.37780798636479,-28.48952327628879,-22.53146120947365,3.1457563499068173,-16.43281840801658,1.7429049990487604,17.873260745422364,7.801568126116057,-13.343746146414437,-7.000612035434062,-20.08769573780326,-7.274912080844218,6.305722529804173,-4.333466154795982,19.947276753484715,-22.993435455615213,6.723283083487978,9.85548964420157,-8.382775020502313,-17.128746582075966,21.213831169916627,9.157302227123925,-3.469378735899714,-7.2137349037742124,20.562921559782428,-16.043735162751727,22.54675375849122,12.77602512408015,13.251346061491777,12.965676127459563,6.47820668805879,-17.825739393658424,8.170278110624498,17.046630126507825,-23.504716459789723,3.4243961768710958,-13.039235996948312,-3.6245297958334017,-6.7077745368649255,-34.65508202206632,-12.912864434857562,-8.029664693809428,-38.849692563023545,-22.731734923502447,9.938616345732981,-8.926675834274116,10.652488913953679
21.759502766893625,10.902677013080309,-26.914591857725707,11.164949225176102,12.78549840830985,-28.276472724049974,-24.979599744085874,7.817054507667642,14.638784111109883,-56.515483712208116,50.2632371357397,39.60786980019085,-6.121412221943182,28.74696595939925,-3.591387266928928,-30.963088908011517,-13.343746146414437,23.44639851056575,13.58711987904631,34.579219575029796,12.379315571717664,-11.112793312892638,6.1539085867386625,-35.26979559715336,40.67554355720418,-11.459656912500174,-17.051116823780667,15.438164035871365,31.742178427768092,-37.84667306368384,-16.754194799684672,5.290270695905903,13.324937635414054,-37.15982383827013,28.640641566632528,-40.654639087995264,-23.56377783861574,-23.633620636181995,-23.536090328647738,-11.867908614225575,32.25298574110046,-14.404628252374502,-30.487407165491447,42.38582068934755,-6.007159231908858,22.878564191276176,6.4690406913517124,10.14783249063863,61.57019290636444,23.16217791090746,13.52952444079895,69.22244208976772,40.78280969833862,-16.732877774066306,15.808665140404573,-19.086934970755532
13.942934345779904,6.653759691511371,-15.20339021943178,7.367727211149007,6.55888397942141,-17.582057282349755,-15.439836822305493,3.276613692616032,8.36761720415211,-31.99719184027969,29.542273034037606,22.99232161591334,-4.742497984659283,16.405970615499687,-3.149431545141261,-17.05523729058688,-7.000612035434062,13.58711987904631,10.466351676758897,18.59932669181412,6.36027103194308,-6.507112725317322,0.6267585985356083,-20.884060851461488,24.125293632639767,-5.929107965680335,-9.348966712109396,10.373538452635252,21.70996769439358,-23.08644984160517,-11.048347925333083,1.4437403181655395,9.032689317896144,-23.60983561887115,17.505579246394213,-25.652461522273907,-15.903484373359374,-14.401464700793605,-15.160137228921865,-7.855896189732582,20.56688275821455,-8.448041459856627,-18.745959840640587,26.751573512078217,-3.4638920678502125,13.196018972811006,3.952398263429361,2.5809886406482705,37.04779879036179,14.376091620602796,6.674442097556082,42.05287863437726,25.3302627822064,-8.228450695095999,9.410591863046212,-11.80710211757883
31.350806012005346,15.893372065695344,-39.91464359758999,15.967126568286417,19.327537077089826,-41.04002565324488,-36.304158532585554,12.225649152460006,21.654653781383324,-83.77119669419726,73.90131936811869,58.39523815576115,-8.363101431473302,42.539436310376495,-4.705125906788307,-46.16018206995788,-20.08769573780326,34.579219575029796,18.59932669181412,51.80115662886089,18.708724217781654,-16.352593362089962,10.710546727589792,-51.770269198756175,59.68333015665028,-17.29709308972089,-25.44554556047356,21.975327342472635,44.97317930128972,-55.17756152011167,-23.96681844648225,8.70409307035601,18.925255938733027,-53.65351709856654,41.73632405964456,-58.7975584914016,-33.50502642921573,-34.464362872709216,-33.86800589597829,-16.960480897959304,46.52528396650659,-21.190180506080743,-44.365316321335946,61.29701272932501,-8.870831569636717,33.778888175607094,9.428605573949655,16.799854673872748,90.04722872621724,33.630977333938546,20.602193423702587,101.0178817568113,59.206936790862834,-25.49561865428581,23.17674422370769,-27.736714671495886
11.070290373641617,5.651095216454592,-14.333894864969778,5.613262590289933,7.017371358685977,-14.554218150365456,-12.886309790615444,4.520511127453438,7.765266024469948,-30.07555544080226,26.407910723202722,20.899776093921556,-2.857035647523185,15.257163662243455,-1.5609677830114763,-16.626509035435177,-7.274912080844218,12.379315571717664,6.36027103194308,18.708724217781654,6.791348622361837,-5.846242092763821,4.171377852715909,-18.482109998655552,21.302176997518863,-6.2738063748080615,-9.169592750331482,7.703311007186735,15.719043497063044,-19.620126780533745,-8.425658283233728,3.30205744544368,6.624000253882873,-18.968376298129826,14.836713721375466,-20.80813912415629,-11.735813599808322,-12.25666691041278,-11.94938136493566,-5.959024356790355,16.440301122265303,-7.573765518419516,-15.758384657213295,21.692101152251904,-3.1770225734337325,12.098866899233848,3.3516508563179483,6.39317665904294,32.078740912941385,11.929993053960194,7.509128713265042,35.939914421849934,21.000222614589592,-9.295273944017152,8.268400981484161,-9.84338064457106
-10.347813749543844,-5.176241553895768,12.746664292712898,-5.314983006349382,-6.037713344125342,13.433287623523738,11.864360505453641,-3.672651424584102,-6.935418501610024,26.767254658164198,-23.83416188264528,-18.774197188412263,2.932157431653713,-13.618871295417696,1.7301217289841249,14.65273857287059,6.305722529804173,-11.112793312892638,-6.507112725317322,-16.352593362089962,-5.846242092763821,5.268911455492854,-2.8408710932939076,16.728359871236865,-19.293433095710515,5.413164794254931,8.0682338956799,-7.354069394145496,-15.130702668559842,17.968185850310746,7.975798887570121,-2.4655288921147176,-6.349734858434334,17.666610270991782,-13.598376725704734,19.323411378643105,11.22688067019152,11.219966168810336,11.194897267810386,5.650462666939374,-15.335445663509423,6.830166966034272,14.478071286754803,-20.1463520161437,2.846992480109237,-10.842427872094518,-3.071519595846013,-4.724367252098888,-29.217912120684222,-11.002879559125773,-6.382473364151515,-32.85986485721655,-19.373904641148666,7.893079280518834,-7.499290236350555,9.066091006399958
4.199192473310575,2.4811730827415013,-7.511794842160529,1.91209426411499,4.319212748878855,-6.066624541263501,-5.4624188793588635,3.473513317954096,3.9738455084628503,-15.68959339168897,12.723793330671729,10.352764779446495,-0.25064688504173915,7.833539188455524,0.2674346378782174,-9.135003761389857,-4.333466154795982,6.1539085867386625,0.6267585985356083,10.710546727589792,4.171377852715909,-2.8408710932939076,4.949829994897871,-8.752907319355172,10.049196737490288,-3.8154645178534814,-5.080651919123247,2.433294967811063,4.572133459938039,-8.625673508076192,-2.879586958581484,3.228492104895933,2.0118744572150216,-7.401051475265579,6.487896818801606,-8.298232186554023,-3.636226521076902,-5.403402413995704,-4.453592032635144,-2.0060336326905324,6.337692350734803,-3.6679659886717437,-6.779534943408115,8.643535359096335,-1.5975006973906762,6.077128083375489,1.467753524552672,6.405816848889302,14.610343036052047,4.998323222306339,4.873851639833481,15.973094137005164,8.781556119401815,-6.058263345160734,3.866595746384629,-4.164454347859204
-32.961192016722244,-16.4583176860364,40.41972787947574,-16.94914960379817,-19.0866613208651,42.74122412969908,37.74154886251917,-11.543952118815064,-22.001086745422782,84.88593839792574,-75.68142676058439,-59.58846950944993,9.41326203168189,-43.20041500810616,5.586218599747433,46.42495717538993,19.947276753484715,-35.26979559715336,-20.884060851461488,-51.770269198756175,-18.482109998655552,16.728359871236865,-8.752907319355172,53.13209970104926,-61.282635263937465,17.1164316254764,25.558740840357284,-23.468161257691,-48.31832313704567,57.13034638135002,25.43313048874254,-7.679745888096555,-20.26973108031545,56.25547081655089,-43.23957266663424,61.51550574690804,35.83269482750395,35.67284331404719,35.666155882214376,18.020774373628655,-48.83950755375842,21.686177568458685,46.046803404255606,-64.13604233786215,9.033838461896709,-34.40555097391454,-9.766364911992692,-14.69877016770444,-92.85375074429629,-35.00613397496268,-20.1521603105331,-104.46319317972402,-61.64025140897513,24.919209527989373,-23.82349299835978,28.840412840604834
38.03377354414492,18.986120728690537,-46.609058125137224,19.56071816936077,21.998720702823647,-49.31090737862056,-43.54099579802721,13.2939746284779,25.371562914388036,-97.88506286248128,87.28787062743491,68.72262758863125,-10.874355067022263,49.81814973111851,-6.459312068946589,-53.52708255460639,-22.993435455615213,40.67554355720418,24.125293632639767,59.68333015665028,21.302176997518863,-19.293433095710515,10.049196737490288,-61.282635263937465,70.68431183190131,-19.728967063042365,-29.4683365379148,27.08711580825632,55.77551859226374,-65.90475554003517,-29.352222557164378,8.831831460813698,23.397097683212632,-64.9102745797287,49.88107609073491,-70.97667708555885,-41.35991515708533,-41.15152099969495,-41.15648699158366,-20.798141757743064,56.354175009612845,-25.01181293865727,-53.12119180053019,74.00026740235761,-10.418454911383996,39.67828129294341,11.266636631281747,16.900612108661598,107.10689447584089,40.38635163109145,23.22289693981805,120.50492201598803,71.11446244241407,-28.71610696242243,27.478785030759617,-33.272543883470355
-10.269035401924672,-5.23669686542718,13.263334377785805,-5.210322919110257,-6.482262076351799,13.492406114567356,11.944070345403784,-4.1650290413123106,-7.186817514237233,27.830048990937755,-24.45338074361275,-19.348572522179328,2.6634312933620303,-14.1204066952956,1.462463832882674,15.377855281994712,6.723283083487978,-11.459656912500174,-5.929107965680335,-17.29709308972089,-6.2738063748080615,5.413164794254931,-3.8154645178534814,17.1164316254764,-19.728967063042365,5.796684979265419,8.480720226487858,-7.153518968594564,-14.604046873708866,18.181361751382244,7.821332792375954,-3.031325451720335,-6.153118223734572,17.59283999312339,-13.749219365108976,19.29605137108383,10.900035943775139,11.357621920858657,11.086167831449005,5.532111170782737,-15.248740586368726,7.013241666192313,14.605079523005319,-20.115729582705534,2.9412485910225996,-11.19983991357997,-3.106177007438996,-5.866172954373745,-29.717923045046806,-11.059021744324443,-6.933091304239184,-33.30184744252465,-19.467613665594552,8.582079237027067,-7.658217406026653,9.124365582455848
-15.550421063734294,-7.860106816716642,19.65549055358003,-7.934742056211407,-9.472090947251012,20.319102682165425,17.96754230468194,-5.942890416126757,-10.67026724741804,41.25679948101713,-36.46985337377495,-28.79814929919427,4.205438304472487,-20.959495803901994,2.393580010314267,22.701410189097082,9.85548964420157,-17.051116823780667,-9.348966712109396,-25.44554556047356,-9.169592750331482,8.0682338956799,-5.080651919123247,25.558740840357284,-29.4683365379148,8.480720226487858,12.51140972716464,-10.93365311782355,-22.40341705630799,27.287532638447797,11.910020641546023,-4.181226671302956,-9.422131796586662,26.59924463837156,-20.64267197477947,29.136868932544893,16.675608186244393,17.043005184212767,16.804772178025768,8.430412127300645,-23.07017766017438,10.456170692668337,21.95065909147738,-30.37582751773691,4.373398346938905,-16.652735248657894,-4.663434732262926,-8.058444002696415,-44.49660089092046,-16.648914686825016,-10.07940579453462,-49.94570770491954,-29.311648841206694,12.47191253261412,-11.445661163841885,13.728403335702843
15.061501362353273,7.363547353632498,-17.50467675249718,7.8458477699536795,7.950661886995853,-19.27655162706055,-16.97869091055151,4.456909385920544,9.57501544479815,-36.79698034212494,33.32340487144079,26.100798308395802,-4.6888414429617615,18.78856800464433,-2.9524134034670713,-19.898235179545168,-8.382775020502313,15.438164035871365,10.373538452635252,21.975327342472635,7.703311007186735,-7.354069394145496,2.433294967811063,-23.468161257691,27.08711580825632,-7.153518968594564,-10.93365311782355,10.951014836898533,22.725622105961754,-25.55513261173908,-11.768776925152183,2.5901692622359094,9.495088816036876,-25.60996538843274,19.35816606859128,-27.920806304207943,-16.752886785679486,-15.949783551229999,-16.334302580773848,-8.352837656319153,22.26980821694422,-9.53963919837627,-20.667880071526316,29.113595192538384,-3.9454947796060553,15.02952830807082,4.3713458261290254,4.864995713433139,41.29326190048218,15.775918224359446,8.266370564102882,46.64554611999018,27.786878730669827,-10.208895358492944,10.546426925770172,-12.978231281719529
31.16356718757965,15.189511358136757,-35.934046216575325,16.263339801767593,16.22196786706774,-39.81047351097117,-35.05098227725052,8.980004663381525,19.67044690480118,-75.54808534750691,68.5776622316188,53.672378458336574,-9.815771712750019,38.59469423331754,-6.228006105190851,-40.78290424278569,-17.128746582075966,31.742178427768092,21.70996769439358,44.97317930128972,15.719043497063044,-15.130702668559842,4.572133459938039,-48.31832313704567,55.77551859226374,-14.604046873708866,-22.40341705630799,22.725622105961754,47.21300314519103,-52.713719281298985,-24.394815616449353,5.087791354734803,19.715839057496275,-52.96208048359821,39.93586339872344,-57.71571482142806,-34.77616211180051,-32.89819967237604,-33.80862725363369,-17.318213162418832,46.064240768631294,-19.629778894610848,-42.65369341509827,60.182094994691994,-8.11042342225086,30.893894764034584,9.01817515431777,9.518588781978401,85.10420562862592,32.57693287671492,16.82551427271751,96.193512500911325,57.38218462761818,-20.77555321037155,21.721140402472553,-26.794499065290992
-35.71732110746415,-17.748420484390756,43.27036195387055,-18.42166514620161,-20.25917201643097,46.176202282212216,40.75051811531088,-12.0604242520782,-23.57846172300942,90.89155506049171,-81.31937627352583,-63.95274969671215,10.412755206824448,-46.29102821251911,6.273263065837499,49.58540045684902,21.213831169916627,-37.84667306368384,-23.08644984160517,-55.17756152011167,-19.620126780533745,17.968185850310746,-8.625673508076192,57.13034638135002,-65.90475554003517,18.181361751382244,27.287532638447797,-25.55513261173908,-52.713719281298985,61.605843871288265,27.640929560762363,-7.817743272115623,-22.092843683593397,60.90749509125461,-46.63590380340396,66.55632571929887,39.03745680053446,38.46344124347497,38.66900255267631,19.59280274293984,-52.89742381719233,23.297086544783806,49.69262228955026,-69.39329524777949,9.689577460267792,-36.903418304875814,-10.533108999784009,-14.911829729960818,-99.99500072859384,-37.812664864240084,-21.32045137299002,-112.60171405379052,-66.58672091569284,26.357017991355512,-25.629253580916068,31.14243212227436
-16.237509707806954,-7.964239019853768,19.02960898967149,-8.44173414346916,-8.696768539721303,20.823708540831298,18.347674398488664,-4.9386468081033685,-10.401027902109512,39.995942131520216,-36.1316608482614,-28.323865565686507,4.991303990112268,-20.411790108697417,3.1184700864325445,21.667316984567755,9.157302227123925,-16.754194799684672,-11.048347925333083,-23.96681844648225,-8.425658283233728,7.975798887570121,-2.879586958581484,25.43313048874254,-29.352222557164378,7.821332792375954,11.910020641546023,-11.768776925152183,-24.394815616449353,27.640929560762363,12.664203380951871,-2.9427334046107516,-10.19909898123715,27.626200777527327,-20.935326011637354,30.132376257316963,17.999707097775183,17.252797697580245,17.604229498695886,8.98610912059824,-24.016374999269836,10.34554506750854,22.34285277519562,-31.418866454456225,4.284048567733623,-16.316976911322122,-4.727992381803392,-5.547229881170362,-44.70357305633406,-17.043835285157115,-9.06587647430789,-50.46682231545418,-30.019198610540137,11.198997266739353,-11.425439561419939,14.024817314376048
4.07536329150664,2.250078228968229,-6.319751134881509,1.9572769845068343,3.4164701970323748,-5.632368222835336,-5.032623373614243,2.548297443575167,3.375610655592343,-13.224085177936768,11.082366327227765,8.913038254232859,-0.6329716426646504,6.645333135702983,-0.14259884920897592,-7.542560251257996,-3.469378735899714,5.290270695905903,1.4437403181655395,8.70409307035601,3.30205744544368,-2.4655288921147176,3.228492104895933,-7.679745888096555,8.831831460813698,-3.031325451720335,-4.181226671302956,2.5901692622359094,5.087791354734803,-7.817743272115623,-2.9427334046107516,2.2089121944138363,2.1868385044788714,-7.086500031470832,5.894257596738002,-7.863967540555586,-3.9104979738599104,-4.891255659538187,-4.359271292896621,-2.065885910300393,6.103299418315825,-3.1878775158307024,-6.204413885259776,8.194402519753913,-1.3668548073130482,5.2019525139322,1.3326121232225336,4.354650354735134,13.037023106796433,4.629646584489888,3.782578230689577,14.407283975328323,8.141020345440314,-4.694950614091583,3.410967490114292,-3.8402052572026233
13.040326102915746,6.365947667184095,-15.097535822430531,6.798852324652741,6.83608912685729,-16.67493700504539,-14.683571440622485,3.8091297900304792,8.261307558478437,-31.738430313246262,28.775748930198336,22.530557288247525,-4.082804828737956,16.210145082550707,-2.5815713622632597,-17.148557991252666,-7.2137349037742124,13.324937635414054,9.032689317896144,18.925255938733027,6.624000253882873,-6.349734858434334,2.0118744572150216,-20.26973108031545,23.397097683212632,-6.153118223734572,-9.422131796586662,9.495088816036876,19.715839057496275,-22.092843683593397,-10.19909898123715,2.1868385044788714,8.235932020050315,-22.16854832359065,16.73640985238652,-24.16335106012199,-14.528724474725038,-13.788476663585026,-14.145227566443406,-7.239628661847751,19.27846705859314,-8.237675230872814,-17.87196154158325,25.19556561404376,-3.405696766013987,12.971533551197107,3.7796961862638216,4.099284385594864,35.6834358431974,13.645692045434627,7.099864635984362,40.3213321248378,24.035823076546585,-8.767849618684906,9.110522689497186,-11.225034112451176
-35.55370083099813,-17.548355076718174,42.342290094591036,-18.413510107055266,-19.582402649423425,45.772985635210915,40.36134723644383,-11.386124640159776,-23.108699163421154,88.96853405757722,-79.99462682985722,-62.806864717253845,10.658018307314697,-45.359292611465854,6.547862472898106,48.36312690093082,20.562921559782428,-37.15982383827013,-23.60983561887115,-53.65351709856654,-18.968376298129826,17.666610270991782,-7.401051475265579,56.25547081655089,-64.9102745797287,17.59283999312339,26.59924463837156,-25.60996538843274,-52.96208048359821,60.90749509125461,27.626200777527327,-7.086500031470832,-22.16854832359065,60.55682647151479,-46.11978556873151,66.10939752336402,39.14634096201657,38.02206377378889,38.520185430528784,19.592954690045573,-52.619375944228445,22.911010931867533,49.182873518415484,-68.92968399952552,9.507637241026428,-36.211387764245664,-10.416107676765442,-13.442094593012488,-98.67770521868867,-37.47308761515949,-20.50987560080056,-111.26325518203359,-65.99519737512941,25.345296391304935,-25.254827342831593,30.848620612352697
27.047158778201876,13.43569006222144,-32.739657306717476,13.952769555153617,15.319860626048076,-34.960032048499464,-30.851142711301478,9.109895098503262,17.84151209094909,-68.77233234940688,61.544241221289774,48.396916438092234,-7.896017740802467,35.02740751765012,-4.7615817546207415,-37.51193905709189,-16.043735162751727,28.640641566632528,17.505579246394213,41.73632405964456,14.836713721375466,-13.598376725704734,6.487896818801606,-43.23957266663424,49.88107609073491,-13.749219365108976,-20.64267197477947,19.35816606859128,39.93586339872344,-46.63590380340396,-20.935326011637354,5.894257596738002,16.73640985238652,-46.11978556873151,35.30407152937118,-50.39482465562813,-29.57192311824014,-29.116815333293037,-29.283313876874878,-14.840044782075687,40.05557421710148,-17.63141534166967,-37.61955345299188,52.543029193876464,-7.332294647905934,27.925834204698106,7.973671253541022,11.240197474509468,75.68993943319381,28.627683355865766,16.11861113361138,85.23770004659828,50.41250046836514,-19.925932564835062,19.398376945759967,-23.577123557145573
-38.80606880742757,-19.175681474480392,46.35115664023787,-20.08384143862294,-21.4825442094514,49.995620034290255,44.09128907993543,-12.5427437552596,-25.289789148477727,97.38705943278755,-87.48911472913777,-68.7105412642588,11.578651701606889,-49.642171236190954,7.0901523672021165,52.97208011058766,22.54675375849122,-40.654639087995264,-25.652461522273907,-58.7975584914016,-20.80813912415629,19.323411378643105,-8.298232186554023,61.51550574690804,-70.97667708555885,19.29605137108383,29.136868932544893,-27.920806304207943,-57.71571482142806,66.55632571929887,30.132376257316963,-7.863967540555586,-24.16335106012199,66.10939752336402,-50.39482465562813,72.18307588217726,42.673625942811825,41.549408024914236,42.03846034470692,21.368414138003764,-57.439509190169105,25.05854843544963,53.734347617577505,-75.26211139080041,10.40269417890787,-39.62080687027124,-11.381590025142359,-14.932300946266395,-107.86403963256002,-40.931894166725144,-22.518531562862922,-121.59380050800145,-72.08528278150466,27.829241756369854,-27.61283239932647,33.698487428604004
-23.024641029061367,-11.24841001879633,26.708469567525068,-11.9991196395202,-12.112031998888412,29.455347252225174,25.94065396825727,-6.7695183088804844,-14.612102012834518,56.145656757718626,-50.87510064192378,-39.84111463740379,7.188206139890539,-28.67210651107703,4.536028588558882,30.34870604231353,12.77602512408015,-23.56377783861574,-15.903484373359374,-33.50502642921573,-11.735813599808322,11.22688067019152,-3.636226521076902,35.83269482750395,-41.35991515708533,10.900035943775139,16.675608186244393,-16.752886785679486,-34.77616211180051,39.03745680053446,17.999707097775183,-3.9104979738599104,-14.528724474725038,39.14634096201657,-29.57192311824014,42.673625942811825,25.631690982949134,24.364224323517192,24.97312957640563,12.775981304551852,-34.04153442137002,14.564295380762193,31.575487984205477,-44.49654192513787,6.022607774958373,-22.939776987090998,-6.678217769597972,-7.3375710560716145,-63.065125341932735,-24.105208466630106,-12.586448368829293,-71.2508849455883,-42.45869850697699,15.543909326243675,-16.104223955785475,19.829876116241866
