V1,V2,V3,V4,V5,V6,V7,V8,V9,V10,V11,V12,V13,V14,V15,V16,V17,V18,V19,V20,V21,V22,V23,V24,V25,V26,V27,V28,V29,V30,V31,V32,V33,V34,V35,V36,V37,V38,V39,V40,V41,V42,V43,V44,V45,V46,V47,V48,V49,V50,V51,V52,V53,V54,V55,V56
603.2231640886828,1584.7607696670525,-1711.695521212079,518.6031137787918,1347.1482010172879,3237.250887660937,6418.6895434924745,-626.5240153837603,195.7638117437728,-53.41323318287114,1471.9441371038265,1895.544858380076,-2534.4623381454417,-1022.2446283325515,-2632.98984224016,4392.304318835371,-3122.600333958778,257.795455926436,-1973.5514864706624,-1185.1909433780918,157.05489574527604,667.8205055815304,2483.6495756832037,-374.10791241242595,-1045.0771431586072,593.736138120171,552.4375881960622,3044.9212319301814,-1617.030218906146,-3349.699376056536,-1473.5867129611734,-2225.207735540743,-3022.960758917398,1766.3014442931983,177.0979531334762,310.44145765381165,-1237.6426727996582,-1814.130561560057,-2753.5818409064927,1018.3689746256857,2173.354379827879,-1322.1212767131317,1964.6200244556285,-229.79849003102237,-2302.6937744516904,613.867574040134,2453.4286201586315,4627.873824235883,608.1052736682065,3052.744984918577,1570.7424283370972,3155.427952464482,-196.48987235604707,3051.719680359568,-1303.4730786742682,-4475.752464316223
1584.7607696670525,4164.477459430641,-4496.507365091399,1362.603535676723,3539.5869372909406,8504.513562514661,16864.828029924593,-1644.8842485018172,514.1642163040495,-141.72800691644215,3866.9290878364577,4979.500538741945,-6658.902133064357,-2686.240054855493,-6917.166495195876,11539.701304614411,-8203.577530989254,677.5265777365661,-5184.439103679716,-3112.6209700792147,411.0565634915567,1755.6980134321777,6526.204700759311,-983.1374801620309,-2745.942655613646,1559.9755643297622,1451.8044907995816,7998.524462005476,-4248.260378829436,-8800.579606793575,-3870.9848586638527,-5846.069175593143,-7943.566702488295,4640.022242101245,464.3061211563158,816.222825648175,-3250.3235560910884,-4765.558361284719,-7233.602229352312,2676.0499687724587,5710.560676796583,-3471.971932965643,5161.279895465683,-602.3253304213615,-6049.5642086681055,1613.1945250477334,6444.374214552473,12156.829306076255,1596.899631724688,8020.043587563839,4126.423106697938,8290.468214749197,-515.3848464543286,8017.732290691069,-3424.3659419395703,-11758.202211828104
-1711.695521212079,-4496.507365091399,4857.216643448541,-1471.5239819521098,-3822.4960314317477,-9186.05715177495,-18212.868663289108,1778.2056333763412,-555.5416370984832,151.05849276642022,-4176.798042928023,-5378.90687429976,7191.576608989418,2900.472831843045,7471.365716058992,-12463.37241593266,8860.630971418483,-731.4225077824632,5600.2543592812435,3363.460096739458,-446.21249145483165,-1894.5502645546815,-7047.106066048795,1061.4532853265557,2965.360062458653,-1684.7258712093712,-1567.420245371309,-8640.562538073626,4588.433417127707,9504.905649565531,4181.554030319552,6314.177347780028,8577.264844985884,-5012.145040906883,-502.8751149127053,-880.6692853819916,3512.3310432726225,5147.904729041238,7813.692768516898,-2889.4794113289477,-6166.779982054024,3752.1504584696904,-5574.7998946718635,652.5707445781725,6534.07195398514,-1741.73082480548,-6962.2284240348545,-13132.452233564192,-1725.7960406887312,-8662.415803313022,-4457.171788362135,-8953.547795017485,557.8537476290007,-8659.367287639685,3698.735465108799,12700.428831601583
518.6031137787918,1362.603535676723,-1471.5239819521098,445.87554593215555,1158.2302349111633,2783.094237939116,5518.554139062271,-538.4788062238749,168.2830978950648,-46.12208192421838,1265.4461639344177,1629.5819174650464,-2178.9964887913416,-878.936662568357,-2263.6189918479567,3776.2147483282683,-2684.565208414381,221.66911205609443,-1696.6465587788011,-1018.7801261648484,134.8009811595441,574.3159294987216,2135.425690695557,-321.6712199699639,-898.526412183747,510.4667638650633,475.00846694175084,2617.6424316309553,-1390.2033108982955,-2879.861393532035,-1266.820769031971,-1913.070087250246,-2599.1550088355807,1518.477956503409,152.11709958907537,266.9857582409161,-1063.8600992762883,-1559.5809980319325,-2367.2398654432404,875.6032993552211,1868.593991721548,-1136.4464484522098,1689.0119750982649,-197.3630972810364,-1979.6768948064328,527.8217493434504,2109.0944427473764,3978.4869825697233,522.7017517507472,2624.5072075310304,1350.3753835768402,2712.8809729739246,-168.80778000940091,2623.6809225324464,-1120.6132386390934,-3847.851424308854
1347.1482010172879,3539.5869372909406,-3822.4960314317477,1158.2302349111633,3008.6869004979594,7229.496052318646,14335.303513354684,-1398.7551514877173,437.13114779389224,-119.8352291621316,3287.1819504026403,4233.074447548976,-5660.2777383850025,-2283.18283611507,-5880.084861637445,9809.289580377754,-6973.559359976156,575.8224336456002,-4407.2821069881165,-2646.41353067421,350.1314066479643,1491.8901932865876,5547.114012652947,-835.5918560995502,-2334.0590288603867,1326.016289266467,1233.9145690775304,6799.698771728946,-3611.2634872900016,-7480.8748189067,-3290.750068479577,-4969.4904201358695,-6751.732041385226,3944.4669131891164,395.12828027197446,693.544720878297,-2763.5137541420872,-4051.23258636075,-6149.24972426042,2274.5255900013453,4853.9703093666285,-2952.061674493818,4387.454800781833,-512.6488430551827,-5142.502329330448,1371.1039163961575,5478.666722700446,10334.690364247064,1357.780993593931,6817.550203369756,3507.8004256153,7047.124593880183,-438.4879967224851,6815.408938702377,-2910.959428650354,-9995.366165243924
3237.250887660937,8504.513562514661,-9186.05715177495,2783.094237939116,7229.496052318646,17373.054756927522,34446.02364149823,-3362.55010327965,1050.6125451140745,-286.3198252162554,7899.342231325023,10172.702645422389,-13601.309343388202,-5485.81834549763,-14130.200913039673,23571.59470902445,-16757.710608837628,1383.421904722567,-10591.33000975254,-6360.680663615833,843.2080175213796,3583.629855639504,13328.434140036034,-2007.6128689355703,-5608.413613015835,3186.3061535135016,2964.597841317225,16341.066585087827,-8677.92248238687,-17976.36860721052,-7908.219122810556,-11941.755282049166,-16222.57901853299,9479.091569177643,950.6349117986668,1665.8602228644008,-6642.190145338032,-9735.796542862527,-14777.457675644218,5465.022214558603,11663.312091321863,-7095.6196377040005,10543.326783055314,-1233.5556627296876,-12357.603974712418,3294.2658166955557,13166.817232302357,24836.208197405962,3263.6107934240854,16382.82912581371,8429.569102835128,16933.731343139138,-1054.6727948162954,16377.236499732868,-6995.219795827727,-24019.598626052284
6418.6895434924745,16864.828029924593,-18212.868663289108,5518.554139062271,14335.303513354684,34446.02364149823,68302.57863787933,-6664.643154801184,2082.802629926417,-570.89946980818,15662.274955663614,20169.13224609399,-26969.2063884184,-10878.52463688669,-28016.544987171066,46737.790797396796,-33226.55529622714,2743.5806426438,-20999.178342956515,-12609.285037974565,1668.3489285739993,7108.279585023559,26429.97089375521,-3981.2934281534294,-11120.96325923143,6317.993588438273,5879.1431277171105,32398.22288044382,-17206.391736915102,-35643.7226866179,-15679.282824703889,-23677.858318581846,-32169.518580176464,18794.014356228938,1882.6992296700994,3304.470630613594,-13167.2311758205,-19302.731175280187,-29299.036923455325,10837.27110699326,23127.408777667813,-14065.612230650897,20904.69529123952,-2442.679025308253,-24502.225358465577,6532.805116082968,26103.977516431987,49241.228587526544,6469.390257077971,32483.22513186772,16713.438028288867,33577.03768073756,-2089.2840367824233,32473.008590117093,-13869.69946989994,-47624.409039629456
-626.5240153837603,-1644.8842485018172,1778.2056333763412,-538.4788062238749,-1398.7551514877173,-3362.55010327965,-6664.643154801184,651.8435716906931,-203.4662413743598,54.03817505170321,-1528.900161496331,-1969.164287385895,2631.8736273745562,1061.0703824089258,2734.8040385410204,-4561.520017620404,3243.1954977757896,-267.4889890958686,2050.1807612977677,1232.0576481871133,-164.7109636589581,-692.3555778221355,-2578.282774688965,388.25309364681993,1085.073381584847,-616.5285073564396,-573.299938722766,-3163.5183763802147,1679.4190243576647,3478.67945342011,1530.872481810528,2311.055998725693,3137.9057155608502,-1834.8628238425674,-184.92031918059888,-321.77168638064376,1286.6341591836929,1884.660510684802,2860.441976040374,-1057.0535317026922,-2256.463437902899,1374.6732728973655,-2040.5914313820979,240.10032743423218,2391.6092413826996,-637.0986504435322,-2549.3906617357316,-4807.982476673105,-632.2990517123902,-3170.6553699312417,-1631.5811360412274,-3276.6274164865545,204.92491570623528,-3169.1983867503004,1353.8843630161987,4648.940336093476
195.7638117437728,514.1642163040495,-555.5416370984832,168.2830978950648,437.13114779389224,1050.6125451140745,2082.802629926417,-203.4662413743598,63.55580919577966,-17.157230317996383,477.70124711646497,615.2074686192137,-822.4441840474992,-331.66410729267994,-854.49433118852,1425.37157990151,-1013.3689119074164,83.63050274908738,-640.5255973400289,-384.7615210497487,51.170166047499514,216.57621132020034,805.8502890217892,-121.37406644628086,-339.1159982547028,192.66654292913836,179.22238876573087,988.2835897028168,-524.7611733470011,-1087.0242630392097,-478.26452887812223,-722.1258002808784,-980.8052391909326,573.2558165094398,57.59475693819221,100.66873826224773,-401.79565228884843,-588.7964536186666,-893.6761069293331,330.40533842034677,705.207664464562,-429.24850770707116,637.5897915510302,-74.75732031795738,-747.2902241168262,199.15889940247357,796.3524307283934,1502.0397430666333,197.43614969890214,990.6997428049283,509.7684346214969,1023.9422474699726,-63.870424242086195,990.3210734090312,-423.020873919619,-1452.5412147523714
-53.41323318287114,-141.72800691644215,151.05849276642022,-46.12208192421838,-119.8352291621316,-286.3198252162554,-570.89946980818,54.03817505170321,-17.157230317996383,6.580897370494615,-130.2078500995758,-167.32792975506763,225.04359429146075,91.36480723557405,233.00015365687847,-389.49461331662644,276.5211724034767,-23.167632095870534,174.24112696532595,103.54549222235535,-11.863797548743259,-60.75836721302129,-221.59193671386356,33.520670972912136,93.01875150686423,-52.75549604267903,-49.529375047766884,-268.3528320704743,143.27344951584843,297.12995824174436,130.00915558094792,197.16590770424483,270.01387309675187,-155.96838896512014,-14.418153001400107,-28.34112842887781,108.06277434345527,160.04972016450697,243.1781054289831,-91.00955759111713,-193.5224313787012,115.16061520894675,-173.85366359496166,18.51614893529402,203.93648056691814,-54.97474519851499,-215.70434787438379,-408.0438014968969,-52.93961922461437,-270.31793944929365,-138.86849853969056,-280.28311487991425,16.310359874647634,-270.7330993529581,115.33713973714342,395.91762155032035
1471.9441371038265,3866.9290878364577,-4176.798042928023,1265.4461639344177,3287.1819504026403,7899.342231325023,15662.274955663614,-1528.900161496331,477.70124711646497,-130.2078500995758,3591.746799805213,4625.415347639139,-6184.3798410711415,-2494.353611361281,-6424.852697113936,10717.76342780822,-7619.555542044799,629.0314379445252,-4815.76120637331,-2892.11878366696,383.3749992939899,1629.458022070957,6060.318045035197,-912.8453458344896,-2550.0928528718755,1448.7820674887587,1347.9785174133044,7430.0971043002755,-3945.761195473425,-8173.672581681814,-3595.778792476087,-5429.792012138443,-7376.262758455062,4310.038568428939,432.229333218612,757.4592521916337,-3020.1167076226066,-4426.758262720726,-6719.147653775514,2484.897476677918,5303.197690052285,-3226.281983310316,4793.939395615456,-560.864421991956,-5618.873866536878,1497.8752962260578,5986.795942112226,11292.743290707365,1483.9194403472588,7449.100555934801,3832.833982645916,7699.600278758385,-479.5361808376388,7446.563683091473,-3180.6521004640713,-10921.454680298879
1895.544858380076,4979.500538741945,-5378.90687429976,1629.5819174650464,4233.074447548976,10172.702645422389,20169.13224609399,-1969.164287385895,615.2074686192137,-167.32792975506763,4625.415347639139,5956.630462864432,-7964.022298329587,-3212.0262060157306,-8273.844565519157,13802.048231637553,-9812.331492001003,809.9912139628956,-6201.752785457707,-3724.6878888129254,494.0904458521931,2098.079079595368,7804.059447594328,-1175.4713016094909,-3283.874527441071,1865.6827675801183,1735.7879524746556,9568.594980309112,-5081.268498131272,-10525.818517939373,-4630.673661351348,-6992.371395994985,-9498.584900176282,5550.4775867161,556.8574073328738,975.2807366047102,-3889.545652063179,-5700.815532948078,-8652.92801191053,3199.8515422445867,6829.165277289653,-4155.114357089877,6173.574131996654,-722.6182472275138,-7235.882951218474,1928.8210790292353,7709.988168522827,14542.936620872215,1911.1381759273909,9592.825994099332,4935.900956924562,9915.249020572735,-617.7453197334656,9589.462425407419,-4096.00611373851,-14064.542743582035
-2534.4623381454417,-6658.902133064357,7191.576608989418,-2178.9964887913416,-5660.2777383850025,-13601.309343388202,-26969.2063884184,2631.8736273745562,-822.4441840474992,225.04359429146075,-6184.3798410711415,-7964.022298329587,10648.842764523759,4295.284090155247,11062.548763363431,-18454.611401919785,13119.721838831874,-1083.2511211891365,8291.770042956794,4979.147399556666,-659.1773804554443,-2806.4177686014623,-10435.707350871768,1571.9590316835934,4391.087501420154,-2494.6645537553186,-2321.2931794172487,-12792.913942833991,6794.040085404198,14074.05368163239,6191.16635109846,9349.33372537169,12701.869264416484,-7421.030525432504,-743.6554886399243,-1304.6170791158654,5199.482255754282,7621.931978465137,11569.051997547738,-4278.997512804807,-9131.790525444809,5554.292444749486,-8254.379906562992,964.8834532173686,9674.858392381922,-2579.3946445230386,-10307.645457254508,-19443.584552872657,-2554.6676263016107,-12826.216687497548,-6599.456901223208,-13257.936552465908,825.1910181223061,-12822.078609118575,5476.560035684149,18804.897057820814
-1022.2446283325515,-2686.240054855493,2900.472831843045,-878.936662568357,-2283.18283611507,-5485.81834549763,-10878.52463688669,1061.0703824089258,-331.66410729267994,91.36480723557405,-2494.353611361281,-3212.0262060157306,4295.284090155247,1732.724840455001,4461.899773473553,-7443.629295438807,5291.690178047888,-437.02574873887045,3344.2204615436876,2007.8286024723825,-265.2119454949693,-1132.4570256192171,-4209.65670141659,634.1571063818017,1771.2459423743246,-1006.2516181288498,-936.4631737058752,-5159.460578079211,2740.324017353888,5676.768720231612,2496.9806568092245,3770.984479769576,5123.901544613291,-2993.044331781927,-299.53749865646927,-526.475412534211,2096.6570866517454,3074.025058639808,4666.0310651527825,-1726.1524563043004,-3683.5462463144318,2239.642194426197,-3329.2692159312983,388.5828138877893,3902.2496014349617,-1040.5669059081806,-4156.969576295452,-7841.776255911979,-1030.1021317692962,-5173.3028747836925,-2661.74266010391,-5347.712449001854,332.48045513446834,-5171.796202995112,2208.878622388435,7584.602617961066
-2632.98984224016,-6917.166495195876,7471.365716058992,-2263.6189918479567,-5880.084861637445,-14130.200913039673,-28016.544987171066,2734.8040385410204,-854.49433118852,233.00015365687847,-6424.852697113936,-8273.844565519157,11062.548763363431,4461.899773473553,11492.666481298711,-19171.79001866431,13629.739988063182,-1125.2170117671617,8614.331742705313,5173.310329628605,-685.6783294404038,-2914.823187166825,-10840.678686246887,1632.9008490827252,4561.5865531090285,-2591.566659571463,-2411.2710969052314,-13290.779451022441,7058.119004680814,14620.958337569473,6432.049594385456,9712.731875910973,13194.651278876298,-7709.70770358454,-773.1057293727256,-1354.970080832641,5402.265058615446,7918.485958998844,12019.073575462962,-4444.984698986579,-9486.326196267446,5771.032230274017,-8575.31579747072,1003.1784065749531,10050.952249581485,-2679.404033417458,-10709.01298667791,-20200.19724713556,-2654.3684842937973,-13324.832212255471,-6856.102377423389,-13772.9623229504,857.73582625859,-13320.317395780196,5689.495796240647,19536.10538794323
4392.304318835371,11539.701304614411,-12463.37241593266,3776.2147483282683,9809.289580377754,23571.59470902445,46737.790797396796,-4561.520017620404,1425.37157990151,-389.49461331662644,10717.76342780822,13802.048231637553,-18454.611401919785,-7443.629295438807,-19171.79001866431,31982.27303474554,-22736.890119096668,1877.214440142647,-14370.044086381262,-8629.409363229777,1142.9420447217383,4863.161535317871,18084.950343111108,-2724.146030736115,-7609.762019411684,4323.282891143715,4022.7053496065328,22170.879192001,-11774.263268722727,-24390.63931512152,-10729.619886629109,-16202.657480597554,-22012.09610912071,12861.002678232082,1289.1289121041464,2260.706966776136,-9011.291940462288,-13209.214177022312,-20049.714815602147,7415.407354941379,15825.38543346853,-9626.295368944888,14305.134054566579,-1672.6819176302397,-16766.827768667517,4470.00186676449,17863.905301438874,33696.83519182963,4427.571894611636,22228.24118592391,11437.129278109438,22976.18370218085,-1430.384001795663,22220.929674453677,-9491.075965520933,-32589.596798881965
-3122.600333958778,-8203.577530989254,8860.630971418483,-2684.565208414381,-6973.559359976156,-16757.710608837628,-33226.55529622714,3243.1954977757896,-1013.3689119074164,276.5211724034767,-7619.555542044799,-9812.331492001003,13119.721838831874,5291.690178047888,13629.739988063182,-22736.890119096668,16164.225475358953,-1334.4892180876702,10216.132813264712,6135.153049719389,-812.9660379106202,-3457.010590433449,-12856.705269615282,1936.5831891410112,5409.873548326202,-3073.493809251801,-2859.7171332983594,-15762.099049089142,8370.603153610227,17339.81484013073,7628.055359674543,11518.852451550794,15648.47546328483,-9143.301021712128,-916.7339351649736,-1607.0185403747453,6406.669157490703,9390.884895090348,14253.981722911336,-5271.6290150075065,-11250.445402406946,6843.96921756395,-10169.903716097415,1189.5281450950015,11919.953754280436,-3177.7102998342207,-12700.218585293896,-23956.290375681063,-3147.8590486678877,-15802.617737484466,-8130.989018721403,-16334.169586451224,1017.1197840889776,-15797.315782158012,6747.4627963335915,23168.85055883709
257.795455926436,677.5265777365661,-731.4225077824632,221.66911205609443,575.8224336456002,1383.421904722567,2743.5806426438,-267.4889890958686,83.63050274908738,-23.167632095870534,629.0314379445252,809.9912139628956,-1083.2511211891365,-437.02574873887045,-1125.2170117671617,1877.214440142647,-1334.4892180876702,110.23514391385154,-843.329825612097,-506.249471227828,66.7441048081446,285.7015740283561,1061.7280641056054,-159.95295189912142,-446.7165368579396,253.77451258790938,236.20426824952486,1301.0546127643975,-691.0757920448533,-1431.6353398515466,-629.6698137766465,-950.9956945026978,-1292.3324437610863,754.7728555426496,75.45269309447933,132.82853417177216,-528.6420121671225,-775.1853676879527,-1176.661411956645,435.36699600998753,929.0100142610103,-564.6747461927503,839.5872226964409,-97.87089567502846,-984.0946998801425,262.4584104024961,1048.2218833889342,1977.4628904434833,259.7152919909661,1304.6322636831542,671.2376708786722,1348.6761073703972,-83.77224436857196,1304.2874635747785,-557.0414999282599,-1912.6988695290868
-1973.5514864706624,-5184.439103679716,5600.2543592812435,-1696.6465587788011,-4407.2821069881165,-10591.33000975254,-20999.178342956515,2050.1807612977677,-640.5255973400289,174.24112696532595,-4815.76120637331,-6201.752785457707,8291.770042956794,3344.2204615436876,8614.331742705313,-14370.044086381262,10216.132813264712,-843.329825612097,6456.964016168507,3877.9471952778867,-514.3960915062587,-2184.446131454748,-8125.238186692207,1223.8519793689486,3419.023101452828,-1942.462731751567,-1807.228572046672,-9962.34717540625,5290.375439552911,10958.990237269612,4821.229701886119,7280.124459581292,9889.506019064234,-5778.886789140411,-579.7551829438847,-1015.4298187425065,4049.5873485066572,5935.410987405531,9009.007382359086,-3331.5436707499744,-7110.216098745081,4326.079490233909,-6427.632216090374,752.3314630437818,7533.6598108390535,-2008.2061336239494,-8027.249614292817,-15141.38720748832,-1989.7737809725259,-9987.59351119639,-5139.021030033526,-10323.298900611171,643.1510012741732,-9984.10000792983,4264.565204776545,14643.32496750577
-1185.1909433780918,-3112.6209700792147,3363.460096739458,-1018.7801261648484,-2646.41353067421,-6360.680663615833,-12609.285037974565,1232.0576481871133,-384.7615210497487,103.54549222235535,-2892.11878366696,-3724.6878888129254,4979.147399556666,2007.8286024723825,5173.310329628605,-8629.409363229777,6135.153049719389,-506.249471227828,3877.9471952778867,2329.677511159925,-310.1179569630157,-1310.8804664950055,-4878.521544056363,734.7347213536138,2052.965386242327,-1166.4136778874602,-1084.94642566861,-5983.50668853288,3177.0142813086036,6580.970558725877,2895.606729426405,4371.909462856736,5937.636765228545,-3470.6913478838896,-348.9100072397127,-609.2991772076385,2432.828868442138,3564.7795127924505,5410.623342870115,-2000.223488869574,-4269.313508639502,2599.0982289128456,-3860.0938826049005,452.8823854855223,4524.217484296396,-1205.637028952387,-4821.5706010111935,-9093.993384928961,-1195.467331149507,-5997.9174251078675,-3086.3012369966823,-6199.005028334658,386.87842654896383,-5995.520079243599,2561.0781008433805,8794.09612563432
157.05489574527604,411.0565634915567,-446.21249145483165,134.8009811595441,350.1314066479643,843.2080175213796,1668.3489285739993,-164.7109636589581,51.170166047499514,-11.863797548743259,383.3749992939899,494.0904458521931,-659.1773804554443,-265.2119454949693,-685.6783294404038,1142.9420447217383,-812.9660379106202,66.7441048081446,-514.3960915062587,-310.1179569630157,43.14946799032692,172.0831150790553,644.7890816747145,-96.96902857981239,-271.56774567570943,154.38292311058933,143.15488902198948,794.1655556774049,-420.9051879230463,-871.5438594256722,-384.1803604932724,-579.2028542918342,-784.4640914477603,460.34726962022796,47.50339898071072,79.88767147070227,-323.91443089880056,-472.97275203224325,-717.626075524193,264.21455140762913,564.6566674910928,-346.33162928719304,511.6265628597673,-61.85584351178798,-599.4841143477946,159.14312438574774,640.4667566890721,1206.8219181990958,159.32666798701692,794.7976122094736,409.19154006569545,820.570567802492,-52.358390802440596,793.974247465445,-339.4587616732616,-1165.7313559461932
667.8205055815304,1755.6980134321777,-1894.5502645546815,574.3159294987216,1491.8901932865876,3583.629855639504,7108.279585023559,-692.3555778221355,216.57621132020034,-60.75836721302129,1629.458022070957,2098.079079595368,-2806.4177686014623,-1132.4570256192171,-2914.823187166825,4863.161535317871,-3457.010590433449,285.7015740283561,-2184.446131454748,-1310.8804664950055,172.0831150790553,740.7642468233539,2751.0814939214342,-414.51794501545015,-1157.415281877711,657.4770679198376,612.1339035425749,3369.8807642182946,-1790.2709760363323,-3708.8693378320827,-1630.9730189788272,-2463.6103461940183,-3348.730300348394,1955.069434774828,194.95410728468954,344.4356634550723,-1368.8374139202083,-2007.887483237581,-3047.8891840067995,1128.1546308676582,2407.0365888526853,-1462.0271100759664,2174.9130045702777,-252.80191410396966,-2549.3194362618824,680.1481069834472,2714.8062684714005,5121.92890305121,672.4308525445972,3379.658651318394,1738.7573042831555,3494.1051565454372,-216.57595587209698,3378.9689638517025,-1442.985942642357,-4954.695713848953
2483.6495756832037,6526.204700759311,-7047.106066048795,2135.425690695557,5547.114012652947,13328.434140036034,26429.97089375521,-2578.282774688965,805.8502890217892,-221.59193671386356,6060.318045035197,7804.059447594328,-10435.707350871768,-4209.65670141659,-10840.678686246887,18084.950343111108,-12856.705269615282,1061.7280641056054,-8125.238186692207,-4878.521544056363,644.7890816747145,2751.0814939214342,10227.446623008585,-1540.6680449634982,-4303.325551941176,2444.754542204257,2275.105875135577,12535.710388899362,-6657.882426793603,-13792.188995260014,-6066.772637539919,-9161.97033656707,-12448.55903108207,7272.002464718002,728.0225264258222,1278.9481363070067,-5094.366222533095,-7468.786203192225,-11336.74158877902,4193.690733164166,8949.331240652482,-5441.843656912574,8088.82809057897,-944.4871306607316,-9480.912462898395,2528.0355864361045,10100.111732919113,19052.77406939425,2502.9303544403188,12569.074662508889,6467.025091040733,12992.637959049425,-808.0240381242158,12565.308153348113,-5366.716862857802,-18427.66193562093
-374.10791241242595,-983.1374801620309,1061.4532853265557,-321.6712199699639,-835.5918560995502,-2007.6128689355703,-3981.2934281534294,388.25309364681993,-121.37406644628086,33.520670972912136,-912.8453458344896,-1175.4713016094909,1571.9590316835934,634.1571063818017,1632.9008490827252,-2724.146030736115,1936.5831891410112,-159.95295189912142,1223.8519793689486,734.7347213536138,-96.96902857981239,-414.51794501545015,-1540.6680449634982,232.099961352869,648.2413774180849,-368.2627620478954,-342.74187005308966,-1888.1331377878594,1002.8703745246198,2077.533411596269,913.7897491285039,1380.0584396861127,1875.2800596655165,-1095.3348501493645,-109.56369513160642,-192.71286282037266,767.237165166205,1124.966174496919,1707.5825922243628,-631.7501779672266,-1348.1022291380702,819.5478808966061,-1218.3993023559005,142.12824660278434,1428.0977767719712,-380.8413107383755,-1521.2417221646438,-2869.748773567658,-376.94301932727916,-1893.2561456518802,-974.0981256693594,-1957.1251566988924,121.62726181353067,-1892.7289946088613,808.3719719811836,2775.6916221201286
-1045.0771431586072,-2745.942655613646,2965.360062458653,-898.526412183747,-2334.0590288603867,-5608.413613015835,-11120.96325923143,1085.073381584847,-339.1159982547028,93.01875150686423,-2550.0928528718755,-3283.874527441071,4391.087501420154,1771.2459423743246,4561.5865531090285,-7609.762019411684,5409.873548326202,-446.7165368579396,3419.023101452828,2052.965386242327,-271.56774567570943,-1157.415281877711,-4303.325551941176,648.2413774180849,1810.710521063218,-1028.6879010285495,-957.2503629765915,-5274.960505868682,2801.5079310374613,5803.451122974548,2552.8480342530156,3855.1775702957566,5237.847800219097,-3059.9836590088344,-306.49219655124057,-538.0589698031297,2143.804317369797,3142.808860650312,4770.380164139572,-1764.5273294252538,-3765.5886899100515,2290.06341251691,-3403.6547963686485,397.64997299040914,3989.4018451069833,-1063.679189417642,-4250.135033935298,-8017.282637592912,-1053.3006206673708,-5288.845029265102,-2721.235172006747,-5466.969855028197,340.1336002245133,-5287.201210364505,2258.229958798223,7754.082183981925
593.736138120171,1559.9755643297622,-1684.7258712093712,510.4667638650633,1326.016289266467,3186.3061535135016,6317.993588438273,-616.5285073564396,192.66654292913836,-52.75549604267903,1448.7820674887587,1865.6827675801183,-2494.6645537553186,-1006.2516181288498,-2591.566659571463,4323.282891143715,-3073.493809251801,253.77451258790938,-1942.462731751567,-1166.4136778874602,154.38292311058933,657.4770679198376,2444.754542204257,-368.2627620478954,-1028.6879010285495,584.4164180146114,543.8098425803496,2996.90928287591,-1591.6084299886268,-3297.0700856062995,-1450.36529935716,-2190.225412505011,-2975.6501203484245,1738.4803584203462,174.18823289426308,305.64267810248896,-1218.0280031498494,-1785.5415824948889,-2710.213087044897,1002.4360191554277,2139.2808676092022,-1301.1402917652563,1933.7112840359337,-226.00326038301233,-2266.4826949237827,604.2741233852603,2414.692280196024,4554.920369622327,598.4520893817529,3004.7354485436276,1546.0184820003337,3105.8891464542826,-193.29253775527206,3003.775765188806,-1282.9654823344508,-4405.324036080039
552.4375881960622,1451.8044907995816,-1567.420245371309,475.00846694175084,1233.9145690775304,2964.597841317225,5879.1431277171105,-573.299938722766,179.22238876573087,-49.529375047766884,1347.9785174133044,1735.7879524746556,-2321.2931794172487,-936.4631737058752,-2411.2710969052314,4022.7053496065328,-2859.7171332983594,236.20426824952486,-1807.228572046672,-1084.94642566861,143.15488902198948,612.1339035425749,2275.105875135577,-342.74187005308966,-957.2503629765915,543.8098425803496,506.13092071399285,2788.1505840211075,-1480.922915627789,-3067.8616817819366,-1349.3693603573008,-2037.9117435982434,-2769.234082379588,1617.4536228875982,161.7696371357837,284.58711575042196,-1132.9401718356435,-1661.2043461193032,-2521.54516763115,932.910211804574,1990.737761777948,-1210.1797912238976,1799.1823851781644,-209.84410662300863,-2108.8425664617616,562.390839918337,2246.3653089550644,4237.6777547323345,556.6084675054786,2795.7371847798513,1438.4307192998506,2890.063869629769,-179.5870940584328,2794.965285816273,-1193.7069762031215,-4098.808830073937
3044.9212319301814,7998.524462005476,-8640.562538073626,2617.6424316309553,6799.698771728946,16341.066585087827,32398.22288044382,-3163.5183763802147,988.2835897028168,-268.3528320704743,7430.0971043002755,9568.594980309112,-12792.913942833991,-5159.460578079211,-13290.779451022441,22170.879192001,-15762.099049089142,1301.0546127643975,-9962.34717540625,-5983.50668853288,794.1655556774049,3369.8807642182946,12535.710388899362,-1888.1331377878594,-5274.960505868682,2996.90928287591,2788.1505840211075,15370.87472245004,-8162.308795423722,-16908.095871303653,-7438.6250517840335,-11232.212536806031,-15257.56597193216,8916.148733290014,894.8087565449778,1566.4479507069702,-6248.357000465547,-9157.680913591474,-13899.840497811867,5139.906763966408,10969.822268086458,-6675.0450210829,9916.987192376811,-1161.2130483443234,-11623.399458350412,3098.2291242602673,12385.353642194244,23361.55374274351,3070.182658396651,15409.499181474179,7928.868748163316,15927.220002605023,-992.5753549589409,15403.97684973582,-6579.666209784067,-22592.766620845014
-1617.030218906146,-4248.260378829436,4588.433417127707,-1390.2033108982955,-3611.2634872900016,-8677.92248238687,-17206.391736915102,1679.4190243576647,-524.7611733470011,143.27344951584843,-3945.761195473425,-5081.268498131272,6794.040085404198,2740.324017353888,7058.119004680814,-11774.263268722727,8370.603153610227,-691.0757920448533,5290.375439552911,3177.0142813086036,-420.9051879230463,-1790.2709760363323,-6657.882426793603,1002.8703745246198,2801.5079310374613,-1591.6084299886268,-1480.922915627789,-8162.308795423722,4334.699279659251,8979.39930839395,3950.14898580881,5965.014170972682,8103.6220268877705,-4734.8164710292385,-474.6750819915774,-832.2253994852431,3317.6128787130565,4863.019746828793,7381.360328946895,-2729.935389702328,-5826.059994138171,3544.0513911919384,-5266.452459709049,615.9157503227423,6172.717491918178,-1645.5947900235287,-6576.71079754414,-12405.629927863283,-1630.0720474386442,-8183.344983679588,-4210.602941551598,-8458.643794716321,526.6671746936795,-8180.620054846764,3494.15274307943,11997.913217682448
-3349.699376056536,-8800.579606793575,9504.905649565531,-2879.861393532035,-7480.8748189067,-17976.36860721052,-35643.7226866179,3478.67945342011,-1087.0242630392097,297.12995824174436,-8173.672581681814,-10525.818517939373,14074.05368163239,5676.768720231612,14620.958337569473,-24390.63931512152,17339.81484013073,-1431.6353398515466,10958.990237269612,6580.970558725877,-871.5438594256722,-3708.8693378320827,-13792.188995260014,2077.533411596269,5803.451122974548,-3297.0700856062995,-3067.8616817819366,-16908.095871303653,8979.39930839395,18601.037559830333,8182.696899014423,12356.622667273508,16787.175957424588,-9808.153735725118,-983.0660785992202,-1724.1235630392791,6872.199095547461,10073.704015226158,15290.464421287683,-5655.244435691641,-12068.950235783206,7341.200219791012,-10909.508053137504,1275.549168862916,12786.874463786993,-3408.983812168379,-13623.458491992676,-25698.10141209267,-3376.5519228588264,-16951.903174004994,-8722.276108432832,-17522.34926352037,1090.7995134773073,-16946.352722316922,7238.166435987638,24853.753623875313
-1473.5867129611734,-3870.9848586638527,4181.554030319552,-1266.820769031971,-3290.750068479577,-7908.219122810556,-15679.282824703889,1530.872481810528,-478.26452887812223,130.00915558094792,-3595.778792476087,-4630.673661351348,6191.16635109846,2496.9806568092245,6432.049594385456,-10729.619886629109,7628.055359674543,-629.6698137766465,4821.229701886119,2895.606729426405,-384.1803604932724,-1630.9730189788272,-6066.772637539919,913.7897491285039,2552.8480342530156,-1450.36529935716,-1349.3693603573008,-7438.6250517840335,3950.14898580881,8182.696899014423,3599.8801912281688,5435.829426068212,7384.06303533537,-4314.929350981812,-432.9462120389274,-758.1451401353647,3023.771188365241,4431.806480796704,6726.766493021007,-2487.5169680172194,-5308.917569922694,3230.2374551400662,-4799.308136580647,561.8286319993238,5625.135941440281,-1499.4318676899495,-5993.764315426023,-11305.671203900873,-1485.7432498035173,-7457.413740158763,-3837.1527555817415,-7708.029988391371,480.27362077850165,-7454.779180639337,3184.217376621125,10933.719339750844
-2225.207735540743,-5846.069175593143,6314.177347780028,-1913.070087250246,-4969.4904201358695,-11941.755282049166,-23677.858318581846,2311.055998725693,-722.1258002808784,197.16590770424483,-5429.792012138443,-6992.371395994985,9349.33372537169,3770.984479769576,9712.731875910973,-16202.657480597554,11518.852451550794,-950.9956945026978,7280.124459581292,4371.909462856736,-579.2028542918342,-2463.6103461940183,-9161.97033656707,1380.0584396861127,3855.1775702957566,-2190.225412505011,-2037.9117435982434,-11232.212536806031,5965.014170972682,12356.622667273508,5435.829426068212,8208.503789250935,11151.46668126189,-6515.61641655802,-653.1997098400307,-1145.2340972800125,4565.387867355119,6692.036652779202,10157.545382891425,-3756.688981505908,-8017.290964585759,4876.990249032611,-7247.204975486315,847.5591329098213,8494.323810958233,-2264.5177664827415,-9050.258099505447,-17071.47860679274,-2243.151383484901,-11261.165113414654,-5794.243270827147,-11640.008428001349,724.7471710451559,-11257.416547821127,4808.330684239366,16510.421458674402
-3022.960758917398,-7943.566702488295,8577.264844985884,-2599.1550088355807,-6751.732041385226,-16222.57901853299,-32169.518580176464,3137.9057155608502,-980.8052391909326,270.01387309675187,-7376.262758455062,-9498.584900176282,12701.869264416484,5123.901544613291,13194.651278876298,-22012.09610912071,15648.47546328483,-1292.3324437610863,9889.506019064234,5937.636765228545,-784.4640914477603,-3348.730300348394,-12448.55903108207,1875.2800596655165,5237.847800219097,-2975.6501203484245,-2769.234082379588,-15257.56597193216,8103.6220268877705,16787.175957424588,7384.06303533537,11151.46668126189,15152.084874154172,-8851.008556405997,-885.9008626772966,-1556.804349741121,6200.330092477437,9090.496506409563,13798.349793708621,-5104.467229418131,-10892.80991566481,6623.197368033897,-9845.255667111353,1149.2747216290184,11539.648070101397,-3077.086785422072,-12293.045201685178,-23189.69825766762,-3046.2789297066365,-15298.384676747513,-7871.270738662273,-15814.065431259769,983.30329027824,-15293.882854214115,6532.058026418018,22429.067904079864
1766.3014442931983,4640.022242101245,-5012.145040906883,1518.477956503409,3944.4669131891164,9479.091569177643,18794.014356228938,-1834.8628238425674,573.2558165094398,-155.96838896512014,4310.038568428939,5550.4775867161,-7421.030525432504,-2993.044331781927,-7709.70770358454,12861.002678232082,-9143.301021712128,754.7728555426496,-5778.886789140411,-3470.6913478838896,460.34726962022796,1955.069434774828,7272.002464718002,-1095.3348501493645,-3059.9836590088344,1738.4803584203462,1617.4536228875982,8916.148733290014,-4734.8164710292385,-9808.153735725118,-4314.929350981812,-6515.61641655802,-8851.008556405997,5172.019595808292,518.8556591849868,908.8060171788368,-3624.3052929147793,-5312.102773979629,-8062.93099357377,2981.699568383422,6363.563383910522,-3871.7566038121386,5752.640107999918,-673.2990449998615,-6742.521802928206,1797.325311318522,7184.259512994673,13551.313844768261,1780.8073631903455,8938.761583866399,4599.352331290121,9239.224057356996,-575.5967892389056,8935.640700508977,-3816.727267622543,-13105.574068533804
177.0979531334762,464.3061211563158,-502.8751149127053,152.11709958907537,395.12828027197446,950.6349117986668,1882.6992296700994,-184.92031918059888,57.59475693819221,-14.418153001400107,432.229333218612,556.8574073328738,-743.6554886399243,-299.53749865646927,-773.1057293727256,1289.1289121041464,-916.7339351649736,75.45269309447933,-579.7551829438847,-348.9100072397127,47.50339898071072,194.95410728468954,728.0225264258222,-109.56369513160642,-306.49219655124057,174.18823289426308,161.7696371357837,894.8087565449778,-474.6750819915774,-983.0660785992202,-432.9462120389274,-653.1997098400307,-885.9008626772966,518.8556591849868,52.855475394600155,90.55968024096269,-364.39583627470347,-533.0027920460673,-808.8509425618546,298.40776324794143,637.3294898166382,-389.4585510248619,576.8578690174829,-68.71581954889164,-676.0108771101976,179.80063645417408,721.3416311566009,1359.8646679523824,179.14948154860366,896.237464640226,461.29463579158494,925.7882521463141,-58.42912598786522,895.5913787382673,-382.7365069231623,-1314.2870266853242
310.44145765381165,816.222825648175,-880.6692853819916,266.9857582409161,693.544720878297,1665.8602228644008,3304.470630613594,-321.77168638064376,100.66873826224773,-28.34112842887781,757.4592521916337,975.2807366047102,-1304.6170791158654,-526.475412534211,-1354.970080832641,2260.706966776136,-1607.0185403747453,132.82853417177216,-1015.4298187425065,-609.2991772076385,79.88767147070227,344.4356634550723,1278.9481363070067,-192.71286282037266,-538.0589698031297,305.64267810248896,284.58711575042196,1566.4479507069702,-832.2253994852431,-1724.1235630392791,-758.1451401353647,-1145.2340972800125,-1556.804349741121,908.8060171788368,90.55968024096269,160.1586145458688,-636.2342194868382,-933.3512927160771,-1416.8003908998621,524.4745227816929,1118.9851442150998,-679.5341572461474,1011.0195870736477,-117.42148482569533,-1185.0729743698525,316.20449486772503,1261.917144644974,2380.8755471257227,312.53724466566024,1571.0598823883727,808.262771897793,1624.3072845840275,-100.61985117988314,1570.7661102017867,-670.7784980015252,-2303.206154130794
-1237.6426727996582,-3250.3235560910884,3512.3310432726225,-1063.8600992762883,-2763.5137541420872,-6642.190145338032,-13167.2311758205,1286.6341591836929,-401.79565228884843,108.06277434345527,-3020.1167076226066,-3889.545652063179,5199.482255754282,2096.6570866517454,5402.265058615446,-9011.291940462288,6406.669157490703,-528.6420121671225,4049.5873485066572,2432.828868442138,-323.91443089880056,-1368.8374139202083,-5094.366222533095,767.237165166205,2143.804317369797,-1218.0280031498494,-1132.9401718356435,-6248.357000465547,3317.6128787130565,6872.199095547461,3023.771188365241,4565.387867355119,6200.330092477437,-3624.3052929147793,-364.39583627470347,-636.2342194868382,2540.5497783880883,3722.56278570532,5650.0982329246635,-2088.7158557397024,-4458.218045027586,2714.191032109643,-4030.9296906044915,472.9895837007143,4724.439534943322,-1258.9718210714184,-5035.007994252649,-9496.51795651394,-1248.4057604121895,-6263.360688205281,-3222.8960345537516,-6473.316821467932,404.03843248753344,-6260.839393344353,2674.423895685363,9183.301134843972
