V1,V2,V3,V4,V5,V6,V7,V8,V9,V10,V11,V12,V13,V14,V15,V16,V17,V18,V19,V20,V21,V22,V23,V24,V25,V26,V27,V28,V29,V30,V31,V32,V33,V34,V35,V36,V37,V38,V39,V40,V41,V42,V43,V44,V45,V46,V47,V48,V49,V50,V51,V52,V53,V54,V55,V56
17.061219309309756,-16.198390137092765,10.256055452680592,-0.7572199337910962,-10.529398213725717,14.21877460300435,-15.29541893166465,31.76965871664357,18.309995042846637,-3.2164346986866126,-11.859527974263383,-20.228582983992148,-7.88074591964328,8.546899350943363,-7.64112605654466,18.613553679437604,-11.206974421840298,-18.08366268579061,2.3253703782604678,10.706714128920426,8.210976413920347,7.132497495651508,-2.730431558446484,-12.609300831031705,-5.41722222741905,-28.304946999398133,-10.015615095159994,-6.460112196147432,-13.989388189354313,8.918311649160453,16.222109149049857,-9.873381902981246,1.7709339822033094,-11.048017188249933,-5.51539264002555,-11.410771305467073,-12.357920696968108,-16.80881549162184,0.2796362063754194,-4.059016162563447,-3.7369678499462826,-17.275568823482455,14.125491699818793,5.367771946995939,-3.0287133024887614,13.557030077858636,-12.361541154098004,20.149148817612435,-0.8670978082300084,-2.899135182938014,8.046559662506107,13.99528639878662,8.738674826173987,-14.588834135707302,5.376380381100575,5.061844413734904
-16.198390137092765,16.08315042197114,-9.85524972974639,0.7971717932879607,9.7772893538019,-14.255890475977969,14.765360420457844,-31.708674624857405,-17.83861226219735,3.510992653644935,11.839064652389553,19.851161971753662,7.81727974759397,-8.352368926136606,7.682941263642915,-18.527913736774117,11.213736014415652,17.664640760875006,-2.591710844314593,-10.352352824949062,-8.48118984857171,-6.920249733637498,2.6141633547621344,11.977402446396848,5.481593136057332,27.800551101054452,9.582595976125466,6.309100429428967,13.835264349085673,-8.822472706934803,-16.261402571380213,9.751670124064734,-1.8855730008567588,10.541206249617142,5.576768732267561,11.654448295619392,12.126227020155358,16.27736807299002,-0.2567326995588154,4.097203718646952,3.717305706397482,16.865960072093575,-13.586455100179998,-5.722339669488195,2.8972079200411365,-13.551542186349735,12.443954281483359,-19.817301686243745,0.5626257391899283,2.7406623945884165,-7.816740126825371,-14.019702502048894,-8.59171435745787,14.252779262893545,-5.726917672023193,-4.631939039730795
10.256055452680592,-9.85524972974639,6.185423100683143,-0.4637343121952452,-6.303238997315485,8.682409338100278,-9.222450707312067,19.345098931081214,11.113025196613263,-2.0179995607720436,-7.219694895324255,-12.266567785025233,-4.794004057813981,5.181950587919204,-4.670931043255411,11.333627751816111,-6.832065531993655,-10.946200468837118,1.4495634328533857,6.470710872940765,5.070477378235758,4.337241140212728,-1.655023230812584,-7.5926382155643335,-3.3353738993648445,-17.168503170904252,-6.031544680574795,-3.9161365870537392,-8.494250451161244,5.407277307586446,9.901541041661886,-5.981730181455563,1.1192707884681146,-6.649169511078769,-3.373863717964536,-6.982120139589675,-7.4885101153006435,-10.170304445863662,0.16888224773233576,-2.4950437094628457,-2.2866571089965877,-10.457007269785109,8.5388794559271,3.314274712425566,-1.8448542908689018,8.268579362111007,-7.560118387399709,12.21363000935836,-0.46977716889124893,-1.74490385324527,4.856023248969097,8.544033150182404,5.305809711242226,-8.828897476658824,3.3404135641696397,3.0298162187799336
-0.7572199337910962,0.7971717932879607,-0.4637343121952452,0.09778122255681405,0.3297527101828946,-0.618275606786362,0.8589715371501115,-1.7068224885962506,-0.5221793260322396,0.10435609522045598,0.6645933766924772,0.9887866169077013,0.3821229560018259,-0.35643664950201603,0.31955959073789364,-0.9056326582274999,0.5698684578950571,0.9422047783232855,-0.2887528642048445,-0.46156976870011107,-0.215573114963884,-0.05415351823209324,0.010683226184389568,0.42909098967567366,0.023910475267019986,1.379533555184144,0.4706655970940395,0.27326087833517615,0.7726332803187662,-0.5859155107492282,-0.7484930238207437,0.6696758271546548,0.13178010176287053,0.507909246518973,0.2637267395573503,0.7573123266458363,0.6625292186985944,0.6403878050912024,0.013335771557386352,0.04803663919163138,0.04842644110198204,0.8838610472995497,-0.44166409429824627,-0.49989005250417956,-0.09722548390734269,-0.6119688453165395,0.5051329966014082,-1.124283713519103,0.09625245110393568,0.08443712282751079,-0.49980137366788857,-0.6033874343124735,-0.3817615728337996,0.7820900176370588,-0.2576544670089042,-0.02340728437469855
-10.529398213725717,9.7772893538019,-6.303238997315485,0.3297527101828946,6.8204080750237726,-8.746504287141024,9.044720962665451,-18.845442684421315,-11.897041078119987,2.036667337421874,6.980092452373368,12.24327690692451,4.771761738566495,-5.306699357659026,4.726971377815199,-11.249846160236205,6.717497781036142,10.823385129096616,-1.0070215814257863,-6.627452213258003,-5.339370635134661,-4.9623551584773065,1.923287914399676,8.068258615206567,3.7837414590647604,17.13637671655391,6.121584230827123,4.011667506749399,8.267774725850789,-5.067600639277294,-9.8891267354565,5.566470365473189,-1.5317939477931954,6.780382040724754,3.3332447900530524,6.429112385322367,7.354508041326813,10.582898842465033,-0.22996308279839908,2.7776340580492467,2.545225591169768,10.37901639595197,-9.108853756855261,-2.695559566574569,2.3667925594388293,-8.283198060516018,7.671012776403872,-11.885521837172078,0.4254170067815924,1.89220444598044,-4.648410301729057,-8.616740516867468,-5.382865133780738,8.67851685759191,-3.229322679432728,-3.5719273827512237
14.21877460300435,-14.255890475977969,8.682409338100278,-0.618275606786362,-8.746504287141024,12.835456220257978,-12.738561359479133,27.90867541595421,16.361539370092444,-3.332720879074558,-10.373795106047007,-17.51826503514334,-6.937467988927435,7.4667441450787,-6.948755267533663,16.457944202785114,-9.939833109171886,-15.451344224523107,2.093775214335545,9.187388406353172,7.983610576983477,6.606736564505977,-2.502316095046366,-10.752560277942779,-5.333577379350347,-24.549106011012313,-8.394549413607143,-5.635370208273782,-12.091751734163136,7.543258948419256,14.563838479037962,-8.293691559466993,2.113654183152024,-9.24352351534497,-4.993782936290146,-10.099305236818497,-10.596173727781071,-14.605871214865415,0.26860319929828386,-3.9323410136063948,-3.5399964953594507,-14.77973040101525,12.3300004807089,4.797867487000741,-2.967491936099288,12.141065125359777,-11.28118260931371,17.25294849577478,-0.28523144851653415,-2.483286887867898,6.6766961237424685,12.625717806168687,7.668576798266523,-12.425876703331483,5.238178244041952,4.3588708062259025
-15.29541893166465,14.765360420457844,-9.222450707312067,0.8589715371501115,9.044720962665451,-12.738561359479133,14.220955056981978,-29.368162807487433,-15.618524452814196,2.791853835496673,11.03848179797062,18.411390984597674,7.166661653126673,-7.606831491797716,6.810700785221516,-16.9406517354724,10.270105994733557,16.619599480162684,-2.6166969077700917,-9.566001186004682,-6.969374418190186,-5.664870022357476,2.1395044982995297,10.938209295695103,4.264192537676236,25.75239496441623,9.054046583054696,5.757642728981344,12.984548444128611,-8.539166047217524,-14.652827836717677,9.511599055315843,-1.0071903448158508,9.954418178128556,5.0110251104274415,10.963412344704091,11.41076006716237,14.78393317094068,-0.17812988263495072,3.2768742571310323,3.0287618592617482,15.830140857043254,-12.150834944949978,-5.567580125920218,2.068949495702988,-12.210261100472486,10.985818729457035,-18.731700434821978,0.9307319182387787,2.4731247471663473,-7.6177066836807095,-12.524750852437837,-7.82827299946772,13.470884990021435,-4.895911513815062,-3.969230904078862
31.76965871664357,-31.708674624857405,19.345098931081214,-1.7068224885962506,-18.845442684421315,27.90867541595421,-29.368162807487433,62.859327796760724,34.27910382524463,-6.779220443104974,-23.5301383803679,-39.12872340035548,-15.396608789187479,16.32015172851462,-15.009227464575872,36.50657963554504,-22.149793167543944,-34.962620692935424,5.512883348179413,20.261836677633617,16.259365095577532,12.938828585242291,-4.862277751734197,-23.175071299404355,-10.228405181540294,-54.789477578596816,-18.85193063329669,-12.327777146795668,-27.477620968798405,17.745429043922872,31.93417033560663,-19.66521860852983,3.1921298072405473,-20.71060987997538,-10.977993640423215,-23.443058897671857,-24.04009517643479,-31.65925863415716,0.44129025323134774,-7.708947471060273,-7.008738234414112,-33.33988007213207,26.19671803217965,11.834535721637073,-5.13143758414996,26.595614825079007,-24.282378989853434,39.39777711307952,-1.2527236533454742,-5.2632984899080695,15.66159602442507,27.43888491107348,16.829732269329135,-28.26779619245818,11.261705994323496,8.609891975994907
18.309995042846637,-17.83861226219735,11.113025196613263,-0.5221793260322396,-11.897041078119987,16.361539370092444,-15.618524452814196,34.27910382524463,22.12166109572585,-4.31881737348559,-12.633155126411276,-22.007425229257226,-8.709146301219992,9.63955890916472,-8.904678837237478,20.61983751351543,-12.339851386446332,-19.18872593456901,1.833315276667271,11.837780300673874,10.688591103090879,9.536643258301146,-3.6662361742190908,-14.381348486801397,-7.6467118229585065,-30.84786598092335,-10.685661496999716,-7.272466843496549,-14.798710595421824,8.83986236902576,18.39384569922385,-9.63233938820326,3.5164708873268014,-11.822037332314753,-6.249325848264046,-11.735202880694047,-13.07258856480368,-19.15160107807593,0.45449668298436185,-5.536962697169883,-4.983546819541001,-18.428892468597514,16.58480583742124,4.927307594622857,-4.754147851339528,15.381272606019804,-14.499886238383821,21.08198000264509,-0.2023814866850619,-3.3897147272288106,7.972279323537461,16.11271786280318,9.812435461994056,-15.332406750497533,6.486084914338011,6.481121027734611
-3.2164346986866126,3.510992653644935,-2.0179995607720436,0.10435609522045598,2.036667337421874,-3.332720879074558,2.791853835496673,-6.779220443104974,-4.31881737348559,1.0534506177566176,2.4891393973455394,4.201807337827324,1.7126721773805178,-1.8479593869743929,1.830930588627407,-4.088661360707538,2.4700821763822565,3.589693698910727,-0.44888250029658516,-2.1996077313530074,-2.3695101061535135,-1.9100487034762024,0.7184131010914354,2.602977655456776,1.6646342984249598,5.904838276377821,1.9069992091626735,1.3916619293416632,2.8466963321965824,-1.6598765182830815,-3.729302319388568,1.789707439761309,-0.8559394743705254,2.098789310003782,1.2895878955698745,2.4106140728103567,2.4688108030178815,3.613939402030178,-0.08907297737514568,1.1921976660671487,1.0410553919113135,3.4505910087584315,-3.1214039486370853,-1.0934518427777633,0.9760019701031586,-3.1001210023570693,2.99378533173839,-3.98605932689671,-0.15290406154706743,0.6141899854924733,-1.4280564771214266,-3.27653239963589,-1.9028890817903623,2.857845788111023,-1.5001985242910263,-1.146066900986269
-11.859527974263383,11.839064652389553,-7.219694895324255,0.6645933766924772,6.980092452373368,-10.373795106047007,11.03848179797062,-23.5301383803679,-12.633155126411276,2.4891393973455394,8.821377986866821,14.618169613300733,5.746359163493286,-6.069194552849192,5.571826109176991,-13.622811012420243,8.274474150380833,13.093920042724164,-2.1282472644811197,-7.547889577282177,-5.963066287988612,-4.696008193904475,1.7606525177205037,8.58810333592955,3.696391373872956,20.465620132145492,7.046426609886258,4.587046067257454,10.302824956722313,-6.69824682850704,-11.891413591794064,7.4337699448105745,-1.0796232787606024,7.737303138196033,4.089743392599533,8.83034759709168,9.009506381951342,11.7514356930529,-0.15280533571093188,2.8018902502470953,2.5509251424630572,12.479079870435624,-9.681018450449075,-4.512244125567085,1.8024647271649,-9.898015649715994,9.0077823906876109,-14.783355853696134,0.5084872443380214,1.9443839676820864,-5.906620919540012,-10.196988292102798,-6.264552636534404,10.596758905073589,-4.181605626287113,-3.1256407174341185
-20.228582983992148,19.851161971753662,-12.266567785025233,0.9887866169077013,12.24327690692451,-17.51826503514334,18.411390984597674,-39.12872340035548,-22.007425229257226,4.201807337827324,14.618169613300733,24.58269300768761,9.649356293183407,-10.334450056209272,9.429044107450956,-22.84846507091075,13.816534495312915,21.924681431597733,-3.1588867115680666,-12.853959596723222,-10.285648817832788,-8.495682057889805,3.218034756204156,14.909788023345978,6.644800755743001,34.41690396503874,11.948619247607548,7.808975502961665,17.125330565763065,-10.952117645165309,-19.998766993285564,12.118578538856484,-2.20588548455623,13.150727329941729,6.844881660501143,14.337524941686988,15.037249374279398,20.172399460388046,-0.3148860459300792,4.9804021509110274,4.53863249449994,20.931076412699966,-16.837351126684847,-7.0053128791544514,3.5294229742450125,-16.674990181738295,15.2628372123786,-24.573439659990044,0.8192803876733684,3.4114782008985363,-9.745565691091441,-17.230520259457542,-10.618001480410188,17.696996575520714,-6.92789926320245,-5.778763438683452
-7.88074591964328,7.81727974759397,-4.794004057813981,0.3821229560018259,4.771761738566495,-6.937467988927435,7.166661653126673,-15.396608789187479,-8.709146301219992,1.7126721773805178,5.746359163493286,9.649356293183407,3.8004709008305793,-4.066041578984964,3.7402319328277716,-9.006229790823756,5.448615652202802,8.58025563822182,-1.2422659490973176,-5.038565934892726,-4.142033934569869,-3.394325005217657,1.283269484910613,5.841120646028239,2.68900912586875,13.51364826485885,4.659707501825001,3.0719679754396187,6.716221012889556,-4.273053939647667,-7.909349711303935,4.720998904203538,-0.9389522770397783,5.127120655857624,2.7109165526039374,5.64364165081287,5.8885443802916075,7.930756892525235,-0.1276465748989674,2.007645944220505,1.8203774816251868,8.194392684663493,-6.629578930756523,-2.756929535009238,1.433147032077532,-6.591087388934805,6.059096085739511,-9.618087505322862,0.26713637738563667,1.3386488546250648,-3.7889123786387393,-6.822535319740509,-4.1806137598710755,6.920082004419967,-2.7844796869264243,-2.2740126542371004
8.546899350943363,-8.352368926136606,5.181950587919204,-0.35643664950201603,-5.306699357659026,7.4667441450787,-7.606831491797716,16.32015172851462,9.63955890916472,-1.8479593869743929,-6.069194552849192,-10.334450056209272,-4.066041578984964,4.407050651601239,-4.034064985343118,9.626768975482637,-5.799561519599616,-9.148858318631847,1.1634660733265862,5.4592707519094725,4.551305292194974,3.880285206489425,-1.479116730325247,-6.4402357769698435,-3.0606236088185095,-14.474153059330328,-5.0262076174757855,-3.3278456980189843,-7.112476818943766,4.4492841279574495,8.478617224427278,-4.899712752142117,1.1698631726993858,-5.542157820153997,-2.8939494443914957,-5.843925660802115,-6.259564060611564,-8.658493305540313,0.16014446506564345,-2.262859449472763,-2.05369657640005,-8.7516968179725,7.324285707565909,2.722392802226177,-1.7391400782159212,7.078072231267641,-6.543379076837979,10.18398828859561,-0.26586171131387043,-1.4893212102993967,3.978674790841456,7.347757938648002,4.51244451131096,-7.360124217280578,2.9488474023067397,2.6442229982646217
-7.64112605654466,7.682941263642915,-4.670931043255411,0.31955959073789364,4.726971377815199,-6.948755267533663,6.810700785221516,-15.009227464575872,-8.904678837237478,1.830930588627407,5.571826109176991,9.429044107450956,3.7402319328277716,-4.034064985343118,3.766760479082668,-8.875024666885915,5.356834221885177,8.29470897264178,-1.0962289575633295,-4.953372381192919,-4.376083076772531,-3.6354300951463143,1.3778719506630503,5.816691790336773,2.9492167564377763,13.21571206155114,4.508584419050958,3.0442770918057565,6.489619378415286,-4.021589321886427,-7.872582107774162,4.414494120151751,-1.208859560844671,4.966094396307154,2.6990315972781174,5.405728757609798,5.686701468265683,7.899905444457397,-0.15129154756789592,2.166915011965139,1.9463720596165486,7.938650888202495,-6.6906150209488,-2.5420070563650095,1.6622969955938685,-6.562993813327513,6.119314571334505,-9.248659827981308,0.11992407859277285,1.3471745363229821,-3.558701318595674,-6.835467184326328,-4.141119180644435,6.663725651339628,-2.848354470235671,-2.389217562191163
18.613553679437604,-18.527913736774117,11.333627751816111,-0.9056326582274999,-11.249846160236205,16.457944202785114,-16.9406517354724,36.50657963554504,20.61983751351543,-4.088661360707538,-13.622811012420243,-22.84846507091075,-9.006229790823756,9.626768975482637,-8.875024666885915,21.351996815554987,-12.92164567781175,-20.30865690340963,2.965261006762484,11.917137410626067,9.851736429501129,8.036321741027978,-3.0355434904402667,-13.798304130282997,-6.389909717859597,-32.00169155740674,-11.01117293034104,-7.26939328045737,-15.910497339805094,10.1210651173757,18.760990525631904,-11.179889229938247,2.2428961145080173,-12.112752453580088,-6.436503548971438,-13.405122656267327,-13.941266349140747,-18.76294086817443,0.3009211498088287,-4.766487888258789,-4.3196169541712175,-19.393544808368226,15.678421755511703,6.566347840109937,-3.3935905274120164,15.636140634214355,-14.379244504096341,22.77690750856261,-0.6062820568411232,-3.15928575302679,8.960640455754776,16.186014475538514,9.903000375739705,-16.380953660937724,6.635927052073358,5.359672810355557
-11.206974421840298,11.213736014415652,-6.832065531993655,0.5698684578950571,6.717497781036142,-9.939833109171886,10.270105994733557,-22.149793167543944,-12.339851386446332,2.4700821763822565,8.274474150380833,13.816534495312915,5.448615652202802,-5.799561519599616,5.356834221885177,-12.92164567781175,7.830396959755895,12.296555001750665,-1.864352976990669,-7.179156764392534,-5.914045057416934,-4.758564885139983,1.7921160936078688,8.26475330895672,3.791436616454666,19.3512690077286,6.6416406093893965,4.380190848481,9.65511404470771,-6.172959590306035,-11.344788381677697,6.8251630595504285,-1.2903464274918035,7.3010052452409955,3.8974573124691343,8.192194524532187,8.449604236745971,11.276585433680488,-0.17222833678551794,2.837262217151801,2.569871111202782,11.736588270231131,-9.386525793108797,-4.069072213157577,1.9677337729122528,-9.449483569931829,8.675847568334317,-13.82148947600992,0.37221771458327496,1.8867845411012276,-5.450291082351295,-9.77349668822157,-5.974131798261407,9.925932531266753,-4.030496639849284,-3.1524346969718953
-18.08366268579061,17.664640760875006,-10.946200468837118,0.9422047783232855,10.823385129096616,-15.451344224523107,16.619599480162684,-34.962620692935424,-19.18872593456901,3.589693698910727,13.093920042724164,21.924681431597733,8.58025563822182,-9.148858318631847,8.29470897264178,-20.30865690340963,12.296555001750665,19.649363564852674,-2.9600859714876315,-11.42412674361833,-8.830909471064562,-7.22282530642811,2.73092289613222,13.160097043158189,5.580662975526693,30.685320297260027,10.694953934116954,6.915262272512559,15.358757362296123,-9.940327675015444,-17.69328603330389,11.029524190247399,-1.6537537275394099,11.763607124487555,6.057982189402132,12.929354924799934,13.485170805779568,17.81629327850699,-0.2506736999774028,4.220629183900169,3.866425711454924,18.739224238688674,-14.77101583882518,-6.435982194798667,2.8570096708393087,-14.75072130432845,13.408304144941026,-22.084012232970363,0.8739585422221607,2.9939802396724478,-8.845858203889565,-15.195825567723224,-9.409678891430701,15.890077698929632,-6.058912811826024,-4.955638921377156
2.3253703782604678,-2.591710844314593,1.4495634328533857,-0.2887528642048445,-1.0070215814257863,2.093775214335545,-2.6166969077700917,5.512883348179413,1.833315276667271,-0.44888250029658516,-2.1282472644811197,-3.1588867115680666,-1.2422659490973176,1.1634660733265862,-1.0962289575633295,2.965261006762484,-1.864352976990669,-2.9600859714876315,0.9067967492279873,1.4668210023365802,0.8935983979901402,0.3067313664472538,-0.08238103205248494,-1.3686466936593567,-0.24790595807563542,-4.416797902098025,-1.4514673124038833,-0.8822557638345306,-2.4476475573321985,1.8107360269114448,2.5005322771996426,-2.056389757848557,-0.26759570470800065,-1.5627918928387299,-0.8908800225459182,-2.4372729361615093,-2.0844571509044942,-2.0859605431482575,-0.033501795897609536,-0.258405537627042,-0.24054606182818455,-2.7795882188244576,1.4725918861337615,1.589979657495792,0.19812892834875556,2.053907792716981,-1.7460725259039647,3.5328374777077594,-0.2098647126979786,-0.26945898860531026,1.518506420576432,2.0472753695171537,1.2499718223265208,-2.451189525217998,0.9407679224880204,0.10979070288630505
10.706714128920426,-10.352352824949062,6.470710872940765,-0.46156976870011107,-6.627452213258003,9.187388406353172,-9.566001186004682,20.261836677633617,11.837780300673874,-2.1996077313530074,-7.547889577282177,-12.853959596723222,-5.038565934892726,5.4592707519094725,-4.953372381192919,11.917137410626067,-7.179156764392534,-11.42412674361833,1.4668210023365802,6.792802216879411,5.4838700297766945,4.701643318343857,-1.7944243293131579,-8.003008051638508,-3.6567617071686382,-17.995957494658867,-6.29365093461222,-4.12546196509037,-8.866913307617898,5.591247550469852,10.45336099191703,-6.170959217084302,1.319649222258468,-6.940432183148395,-3.5623054405321564,-7.268986399151828,-7.81395647952037,-10.727794403719749,0.189957442445893,-2.7189779439623263,-2.4794694081156243,-10.922446726055188,9.04786828489075,3.405301669540874,-2.0609895955360806,8.727356808786327,-8.02602540198999,12.724260548445384,-0.41616484641786333,-1.8469010399656793,5.016392658716191,9.040791525671288,5.5873118319509105,-9.200511204504595,3.571577026197015,3.2510577662119773
8.210976413920347,-8.48118984857171,5.070477378235758,-0.215573114963884,-5.339370635134661,7.983610576983477,-6.969374418190186,16.259365095577532,10.688591103090879,-2.3695101061535135,-5.963066287988612,-10.285648817832788,-4.142033934569869,4.551305292194974,-4.376083076772531,9.851736429501129,-5.914045057416934,-8.830909471064562,0.8935983979901402,5.4838700297766945,5.563391505223401,4.753059455823347,-1.8105573800651984,-6.630369910566712,-3.999911551956148,-14.440883920195729,-4.81881028815958,-3.4283277861347554,-6.89467967984499,4.005407827359619,8.926803836115543,-4.324236633547716,2.0284108338553284,-5.322418379322407,-3.05887640686512,-5.606375727332772,-6.037959941215118,-8.996522836033291,0.23134663523630017,-2.8642208353152316,-2.5322783480310633,-8.495214184170502,7.832621671786019,2.3784766423395474,-2.459792864010778,7.446349322259838,-7.149639728490407,9.717381095187289,0.20487128813785596,-1.5715577969525654,3.5326976270943646,7.8573003815453495,4.653458261549333,-7.028349011688911,3.4006846348763093,3.0312356479226907
7.132497495651508,-6.920249733637498,4.337241140212728,-0.05415351823209324,-4.9623551584773065,6.606736564505977,-5.664870022357476,12.938828585242291,9.536643258301146,-1.9100487034762024,-4.696008193904475,-8.495682057889805,-3.394325005217657,3.880285206489425,-3.6354300951463143,8.036321741027978,-4.758564885139983,-7.22282530642811,0.3067313664472538,4.701643318343857,4.753059455823347,4.478317133149025,-1.7381388145944894,-5.96635293170327,-3.659677078991248,-11.924016310969256,-4.112182469855892,-2.9239994350698697,-5.496167784186133,3.015491093217169,7.315083008839887,-3.217007183474144,2.000287881648707,-4.574123239428794,-2.4675272153623453,-4.0885924485628955,-4.885514596541968,-7.8381627760470565,0.24642408111171396,-2.588157154817093,-2.305959913627421,-6.983485522434901,7.018634029865055,1.3603782872660952,-2.492267558755337,6.131705467980277,-5.953749372642663,7.759652439527371,0.15199169232976045,-1.444765334813754,2.7639318639453565,6.513129827721962,3.915009986804768,-5.704407439331845,2.636252151549471,3.0316637781165094
-2.730431558446484,2.6141633547621344,-1.655023230812584,0.010683226184389568,1.923287914399676,-2.502316095046366,2.1395044982995297,-4.862277751734197,-3.6662361742190908,0.7184131010914354,1.7606525177205037,3.218034756204156,1.283269484910613,-1.479116730325247,1.3778719506630503,-3.0355434904402667,1.7921160936078688,2.73092289613222,-0.08238103205248494,-1.7944243293131579,-1.8105573800651984,-1.7381388145944894,0.6769293620006019,2.2983964096436615,1.4124941464982603,4.516322365923279,1.5685607804080304,1.1143573335860992,2.0664111823097255,-1.119909974108974,-2.765050910062069,1.1915648960232657,-0.7816140812607871,1.7471787414951065,0.9297565148336346,1.506452275034892,1.8428367167732955,3.00047583805417,-0.09755986011505673,0.9964739946393945,0.8895426792274365,2.6429931247828584,-2.700986147063006,-0.4681451035757074,0.9791096194046169,-2.3206930978135283,2.2576272788242577,-2.9191290788608306,-0.05491448965049046,0.5585147334326205,-1.03554300560354,-2.467910667179991,-1.488379261757735,2.1536971183409626,-0.9838173686731688,-1.1895643728503564
-12.609300831031705,11.977402446396848,-7.5926382155643335,0.42909098967567366,8.068258615206567,-10.752560277942779,10.938209295695103,-23.175071299404355,-14.381348486801397,2.602977655456776,8.58810333592955,14.909788023345978,5.841120646028239,-6.4402357769698435,5.816691790336773,-13.798304130282997,8.26475330895672,13.160097043158189,-1.3686466936593567,-8.003008051638508,-6.630369910566712,-5.96635293170327,2.2983964096436615,9.647917393793955,4.632372615124817,20.877398482391694,7.360257354951773,4.864975432255816,10.121947745440824,-6.2213672595565175,-12.162905354009553,6.831652325158562,-1.886158586614474,8.139781545202354,4.121002742251829,8.034149139288251,8.964703586692403,12.777854225498768,-0.2688859298825992,3.3998194919342737,3.097929840187388,12.612754554406974,-10.950797016086934,-3.4908962301385866,2.816401965378321,-10.17536199419347,9.442906625501138,-14.514106916029142,0.4208530047978165,2.254628914702977,-5.647216422198984,-10.589002559863728,-6.555018359799829,10.557984745240857,-4.100032413994936,-4.19021410961294
-5.41722222741905,5.481593136057332,-3.3353738993648445,0.023910475267019986,3.7837414590647604,-5.333577379350347,4.264192537676236,-10.228405181540294,-7.6467118229585065,1.6646342984249598,3.696391373872956,6.644800755743001,2.68900912586875,-3.0606236088185095,2.9492167564377763,-6.389909717859597,3.791436616454666,5.580662975526693,-0.24790595807563542,-3.6567617071686382,-3.999911551956148,-3.659677078991248,1.4124941464982603,4.632372615124817,3.080365890819658,9.338158059752912,3.1330986169247876,2.301649726289703,4.283383907348976,-2.2901895718969394,-5.882044161475551,2.4210100028049593,-1.761027282432412,3.481627248892905,1.997709599248031,3.2481781053115406,3.783310451635529,6.1617826208546935,-0.20303290649315148,2.1639279699487237,1.908852710688777,5.402990662419524,-5.5416278979779054,-1.0888854480748642,2.076964930298719,-4.925079974666622,4.841134505741181,-5.997703823336619,-0.2643882449485211,1.125652742534636,-2.0628009491869035,-5.256741915761921,-3.0975333773895155,4.393525489961138,-2.2397967636598652,-2.384421946997367
-28.304946999398133,27.800551101054452,-17.168503170904252,1.379533555184144,17.13637671655391,-24.549106011012313,25.75239496441623,-54.789477578596816,-30.84786598092335,5.904838276377821,20.465620132145492,34.41690396503874,13.51364826485885,-14.474153059330328,13.21571206155114,-32.00169155740674,19.3512690077286,30.685320297260027,-4.416797902098025,-17.995957494658867,-14.440883920195729,-11.924016310969256,4.516322365923279,20.877398482391694,9.338158059752912,48.1869185379873,16.71947822913395,10.935928045313204,23.971025742586864,-15.319690138056643,-28.019885239878363,16.948212549558825,-3.119947717585669,18.401414331067095,9.591636078348833,20.07208681856742,21.04609157233338,28.252844903268176,-0.443044626104165,6.994839174135303,6.371995205854963,29.29591500026168,-23.588677057408546,-9.801923017264816,4.9659136274283915,-23.363592255093565,21.394346588740067,-34.390446636601865,1.1279658330527336,4.777613037482264,-13.628369601816589,-24.146170267155167,-14.87176052637342,24.76623754720817,-9.72071457223528,-8.100671536601247
-10.015615095159994,9.582595976125466,-6.031544680574795,0.4706655970940395,6.121584230827123,-8.394549413607143,9.054046583054696,-18.85193063329669,-10.685661496999716,1.9069992091626735,7.046426609886258,11.948619247607548,4.659707501825001,-5.0262076174757855,4.508584419050958,-11.01117293034104,6.6416406093893965,10.694953934116954,-1.4514673124038833,-6.29365093461222,-4.81881028815958,-4.112182469855892,1.5685607804080304,7.360257354951773,3.1330986169247876,16.71947822913395,5.893064998167509,3.8000027739361038,8.299339457329001,-5.321296605320228,-9.591054362962808,5.896893748769842,-0.9854049864350424,6.494872931605471,3.2671628587123833,6.835994378699129,7.3184422288165285,9.855002554694465,-0.1552191277624575,2.35664496501513,2.1672784219238643,10.211134286734428,-8.244181920124872,-3.2786917124882597,1.7043905969559985,-8.008352275004805,7.291008830395299,-11.949869888069147,0.5099186149082356,1.6867684664940306,-4.781993860406422,-8.26010083433191,-5.148150569343131,8.635318389283393,-3.204883328566383,-2.8944042242313617
-6.460112196147432,6.309100429428967,-3.9161365870537392,0.27326087833517615,4.011667506749399,-5.635370208273782,5.757642728981344,-12.327777146795668,-7.272466843496549,1.3916619293416632,4.587046067257454,7.808975502961665,3.0719679754396187,-3.3278456980189843,3.0442770918057565,-7.26939328045737,4.380190848481,6.915262272512559,-0.8822557638345306,-4.12546196509037,-3.4283277861347554,-2.9239994350698697,1.1143573335860992,4.864975432255816,2.301649726289703,10.935928045313204,3.8000027739361038,2.516185659771418,5.376503687077759,-3.3660670434010656,-6.401680206378699,3.707868382633275,-0.8747389823947473,4.190452558513249,2.182928701487375,4.413590188947889,4.732296317755731,6.539226637762222,-0.12065469886099604,1.7051961674160716,1.5457203000927182,6.615852025975158,-5.529275192380194,-2.058275761165888,1.305899184919388,-5.33935007160468,4.937179558685993,-7.69768163561269,0.20410506472145276,1.1266427156571732,-3.0116810173170427,-5.543958996564712,-3.406914106490407,5.561995710946291,-2.2225943465775946,-1.9936268585258816
-13.989388189354313,13.835264349085673,-8.494250451161244,0.7726332803187662,8.267774725850789,-12.091751734163136,12.984548444128611,-27.477620968798405,-14.798710595421824,2.8466963321965824,10.302824956722313,17.125330565763065,6.716221012889556,-7.112476818943766,6.489619378415286,-15.910497339805094,9.65511404470771,15.358757362296123,-2.4476475573321985,-8.866913307617898,-6.89467967984499,-5.496167784186133,2.0664111823097255,10.121947745440824,4.283383907348976,23.971025742586864,8.299339457329001,5.376503687077759,12.05606394175979,-7.844114386308339,-13.864466484753361,8.709826154159893,-1.2225986380154996,9.117916373212742,4.7603250064891975,10.27370186617568,10.558903410218834,13.795077543673417,-0.18044431457423868,3.251111170360603,2.9700587572466732,14.638238213943113,-11.375684453929216,-5.217892027343074,2.1089362050234874,-11.546347009566716,10.487924377472867,-17.320164780528394,0.6528341080920701,2.2933113183640956,-6.9416617191285335,-11.887496119935937,-7.332943924996348,12.430736934367365,-4.814816034017864,-3.7087577506822145
8.918311649160453,-8.822472706934803,5.407277307586446,-0.5859155107492282,-5.067600639277294,7.543258948419256,-8.539166047217524,17.745429043922872,8.83986236902576,-1.6598765182830815,-6.69824682850704,-10.952117645165309,-4.273053939647667,4.4492841279574495,-4.021589321886427,10.1210651173757,-6.172959590306035,-9.940327675015444,1.8107360269114448,5.591247550469852,4.005407827359619,3.015491093217169,-1.119909974108974,-6.2213672595565175,-2.2901895718969394,-15.319690138056643,-5.321296605320228,-3.3660670434010656,-7.844114386308339,5.2647318418150775,8.724155974793037,-5.884214409527679,0.3741289121811332,-5.831446994771734,-3.0058325318110795,-6.837486024971392,-6.854045893449541,-8.547303760300208,0.07120386651023582,-1.793226707061989,-1.657795163302497,-9.445815395650843,6.8935119546877415,3.6674058787616004,-0.9369505570624458,7.256112924016393,-6.476093624003258,11.313799360280889,-0.5686024285222369,-1.3835197462600877,4.63858899038609,7.411313852174371,4.609205536081263,-8.085927533107455,2.9857208078386934,2.0461042832953256
16.222109149049857,-16.261402571380213,9.901541041661886,-0.7484930238207437,-9.8891267354565,14.563838479037962,-14.652827836717677,31.93417033560663,18.39384569922385,-3.729302319388568,-11.891413591794064,-19.998766993285564,-7.909349711303935,8.478617224427278,-7.872582107774162,18.760990525631904,-11.344788381677697,-17.69328603330389,2.5005322771996426,10.45336099191703,8.926803836115543,7.315083008839887,-2.765050910062069,-12.162905354009553,-5.882044161475551,-28.019885239878363,-9.591054362962808,-6.401680206378699,-13.864466484753361,8.724155974793037,16.558737978841467,-9.610990322143774,2.225617582431748,-10.554704032456293,-5.681371933281338,-11.646519585324905,-12.14301097051257,-16.549986228122666,0.2867442263499828,-4.358519504540787,-3.930094209844767,-16.91177257058485,13.903532476099427,5.624263548125069,-3.1997434261428803,13.79795826424967,-12.770680009888025,19.80302387507321,-0.3957664955437543,-2.7985800788516397,7.713958130965141,14.323217866979506,8.71708221749826,-14.24679741452932,5.933944688729864,4.829307101917217
-9.873381902981246,9.751670124064734,-5.981730181455563,0.6696758271546548,5.566470365473189,-8.293691559466993,9.511599055315843,-19.66521860852983,-9.63233938820326,1.789707439761309,7.4337699448105745,12.118578538856484,4.720998904203538,-4.899712752142117,4.414494120151751,-11.179889229938247,6.8251630595504285,11.029524190247399,-2.056389757848557,-6.170959217084302,-4.324236633547716,-3.217007183474144,1.1915648960232657,6.831652325158562,2.4210100028049593,16.948212549558825,5.896893748769842,3.707868382633275,8.709826154159893,-5.884214409527679,-9.610990322143774,6.585976342120273,-0.31136303128575304,6.459376497324636,3.3127390082828096,7.620119821763298,7.608804348765553,9.395685883018142,-0.06842154263291957,1.9122207110414415,1.774304328149523,10.474410542980449,-7.5411111673421605,-4.1280369048464935,0.9381808194504525,-7.99179029934501,7.102482432108456,-12.575412963405599,0.6722220209410287,1.5131430708503257,-5.18300637428184,-8.147599800064775,-5.080085333077187,8.98141401437239,-3.2707884122909134,-2.1921655097984303
1.7709339822033094,-1.8855730008567588,1.1192707884681146,0.13178010176287053,-1.5317939477931954,2.113654183152024,-1.0071903448158508,3.1921298072405473,3.5164708873268014,-0.8559394743705254,-1.0796232787606024,-2.20588548455623,-0.9389522770397783,1.1698631726993858,-1.208859560844671,2.2428961145080173,-1.2903464274918035,-1.6537537275394099,-0.26759570470800065,1.319649222258468,2.0284108338553284,2.000287881648707,-0.7816140812607871,-1.886158586614474,-1.761027282432412,-3.119947717585669,-0.9854049864350424,-0.8747389823947473,-1.2225986380154996,0.3741289121811332,2.225617582431748,-0.31136303128575304,1.2545644585771953,-1.1150141922636985,-0.7470302629681334,-0.714429264601954,-1.094081930100167,-2.45467786736512,0.13546501420673226,-1.1890789262407302,-1.0259145550807358,-1.647419540306535,2.410952979421788,-0.1039911993354665,-1.3360617890040563,1.8734164493618737,-2.017756758642657,1.6193091048117472,0.36677433540007714,-0.4917727411237872,0.35628433880708255,2.088383028177207,1.1589037485106224,-1.2336288036754375,0.9530594483966485,1.2662244978690325
-11.048017188249933,10.541206249617142,-6.649169511078769,0.507909246518973,6.780382040724754,-9.24352351534497,9.954418178128556,-20.71060987997538,-11.822037332314753,2.098789310003782,7.737303138196033,13.150727329941729,5.127120655857624,-5.542157820153997,4.966094396307154,-12.112752453580088,7.3010052452409955,11.763607124487555,-1.5627918928387299,-6.940432183148395,-5.322418379322407,-4.574123239428794,1.7471787414951065,8.139781545202354,3.481627248892905,18.401414331067095,6.494872931605471,4.190452558513249,9.117916373212742,-5.831446994771734,-10.554704032456293,6.459376497324636,-1.1150141922636985,7.160739480205664,3.592278695114229,7.4803597539979245,8.0457319549059,10.880186822690034,-0.1755907539651788,2.6149401173356788,2.404795908666157,11.234551144727527,-9.119223513702638,-3.5598753608137397,1.9157853077120415,-8.814661597464047,8.03231680454569,-13.128728664919793,0.5592961644047614,1.8685379783520921,-5.2486168393981405,-9.096137778374349,-5.672479554943602,9.494143124703026,-3.517038801497882,-3.2285995464066857
-5.51539264002555,5.576768732267561,-3.373863717964536,0.2637267395573503,3.3332447900530524,-4.993782936290146,5.0110251104274415,-10.977993640423215,-6.249325848264046,1.2895878955698745,4.089743392599533,6.844881660501143,2.7109165526039374,-2.8939494443914957,2.6990315972781174,-6.436503548971438,3.8974573124691343,6.057982189402132,-0.8908800225459182,-3.5623054405321564,-3.05887640686512,-2.4675272153623453,0.9297565148336346,4.121002742251829,1.997709599248031,9.591636078348833,3.2671628587123833,2.182928701487375,4.7603250064891975,-3.0058325318110795,-5.681371933281338,3.3127390082828096,-0.7470302629681334,3.592278695114229,1.9542869529951745,4.035257500924401,4.161912825270928,5.633119905854069,-0.09406071524218665,1.4809468735787854,1.3344946718555821,5.787251959686012,-4.717145467128685,-1.9763951176718249,1.065752379417544,-4.734216487516992,4.377992450518862,-6.79634294108572,0.12661846544956723,0.9445584518387704,-2.6464527683419523,-4.911237185463736,-2.980463620112872,4.881835407216039,-2.055584478043001,-1.6112622043525364
-11.410771305467073,11.654448295619392,-6.982120139589675,0.7573123266458363,6.429112385322367,-10.099305236818497,10.963412344704091,-23.443058897671857,-11.735202880694047,2.4106140728103567,8.83034759709168,14.337524941686988,5.64364165081287,-5.843925660802115,5.405728757609798,-13.405122656267327,8.192194524532187,12.929354924799934,-2.4372729361615093,-7.268986399151828,-5.606375727332772,-4.0885924485628955,1.506452275034892,8.034149139288251,3.2481781053115406,20.07208681856742,6.835994378699129,4.413590188947889,10.27370186617568,-6.837486024971392,-11.646519585324905,7.620119821763298,-0.714429264601954,7.4803597539979245,4.035257500924401,9.091233270602793,8.934429020934973,11.178677661547956,-0.09985720985493601,2.5076655199875693,2.285609547039339,12.289579830020443,-9.02355124765997,-4.9140885673385535,1.3402533372999885,-9.678492880129912,8.722267596380895,-14.749357905581453,0.5450801967790332,1.785486992109218,-5.95780558396197,-9.920759453006225,-6.073166773915029,10.506802321197117,-4.172840088297679,-2.6279703833558616
-12.357920696968108,12.126227020155358,-7.4885101153006435,0.6625292186985944,7.354508041326813,-10.596173727781071,11.41076006716237,-24.04009517643479,-13.07258856480368,2.4688108030178815,9.009506381951342,15.037249374279398,5.8885443802916075,-6.259564060611564,5.686701468265683,-13.941266349140747,8.449604236745971,13.485170805779568,-2.0844571509044942,-7.81395647952037,-6.037959941215118,-4.885514596541968,1.8428367167732955,8.964703586692403,3.783310451635529,21.04609157233338,7.3184422288165285,4.732296317755731,10.558903410218834,-6.854045893449541,-12.14301097051257,7.608804348765553,-1.094081930100167,8.0457319549059,4.161912825270928,8.934429020934973,9.261704278522023,12.168705766535778,-0.16514009774632046,2.8679161333065895,2.624950467341143,12.856666509909344,-10.062326609317182,-4.4892975744917365,1.9019741531357934,-10.1181166071853,9.190612155458782,-15.179103434621885,0.59617541835279,2.03575662895688,-6.086279956286776,-10.419033659174955,-6.444516561170072,10.909889784677134,-4.177577639173214,-3.332581728574699
