V1,V2,V3,V4,V5,V6,V7,V8,V9,V10,V11,V12,V13,V14,V15,V16,V17,V18,V19,V20,V21,V22,V23,V24,V25,V26,V27,V28,V29,V30,V31,V32,V33,V34,V35,V36,V37,V38,V39,V40,V41,V42,V43,V44,V45,V46,V47,V48,V49,V50,V51,V52,V53,V54,V55,V56
13.698160675945942,-13.222769212346526,8.2733046075524,-0.6050833023173371,-8.446786118638826,11.699076241792426,-12.279354762240406,25.917758704939782,15.017896508385503,-2.7700813537900486,-9.66281001834227,-16.431088657406384,-6.433825509837175,6.960935629087551,-6.301808075366968,15.215729081488034,-9.170190104506077,-14.628421437073516,1.9117921699644245,8.672719084320864,6.920314826104643,5.91759291296425,-2.2575643942248997,-10.19454507894625,-4.5844751440525044,-23.001542306843113,-8.055298471533304,-5.260042428942716,-11.35649386742598,7.192139495969052,13.324779548150765,-7.945896353754842,1.6051197514853202,-8.881106946110544,-4.541770353936788,-9.329458728024054,-10.007636680675313,-13.667756532765086,0.23488505339280874,-3.4174947743066952,-3.122411659416144,-13.980580418065792,11.501955949190544,4.402030835127734,-2.5590475594354487,11.125411356121047,-10.206201140958777,16.309370782134526,-0.5699870401281226,-2.3477881469723982,6.452404065296401,11.512368723320902,7.126765258113824,-11.789361002887624,4.534003684465782,4.104555659023796
-13.222769212346526,13.112638948611686,-8.04209647503431,0.6490214408371736,7.984896021140372,-11.619234651411483,12.047969386168129,-25.849989045381843,-14.548636738641441,2.8548493620063673,9.651524450485528,16.18984059436002,6.37347479806224,-6.812277229111787,6.261343159462471,-15.104959642403639,9.140839716825722,14.408996642064286,-2.1079159199732787,-8.44591638457091,-6.905897343701897,-5.643302072328979,2.132537288782729,9.775804363490108,4.465154531684871,22.672593817179983,7.820632512962387,5.145436745727487,11.28171870063362,-7.1948329100016455,-13.25404070355415,7.953109765174538,-1.532824379745764,8.603509830367399,4.544688746980263,9.496650053241952,9.890095066116817,13.27870812895139,-0.20952002121864954,3.33755793394744,3.0296805073541604,13.757429129105436,-11.084918097996365,-4.658679776207808,2.362806564206089,-11.046782465613832,10.141010066581181,-16.162558091704884,0.46605548728598867,2.2368087096533915,-6.377532482476173,-11.427184565785215,-7.006519666293801,11.626348881226878,-4.660462226517413,-3.783605904026575
8.2733046075524,-8.04209647503431,5.006268960397914,-0.37064355378342095,-5.085846754988382,7.127588123716889,-7.433021264243402,15.774510043027204,9.111997457843701,-1.7107896493151695,-5.880858265998244,-9.97484465493544,-3.9125064165588377,4.223900175231398,-3.841227692931816,9.25817462362096,-5.583972444746723,-8.873138234471583,1.1828378783891653,5.2534299188110705,4.237785397615756,3.5903040163784494,-1.367053621452247,-6.159721507120803,-2.799951441690579,-13.965578198707481,-4.870679692377911,-3.1912548946975536,-6.9014582175224515,4.369618820086286,8.1171492732304,-4.826008833527179,0.9894709875467237,-5.367802043657948,-2.77053571847186,-5.697554374584602,-6.074382416029517,-8.282467215619025,0.14154944200054728,-2.085908505816102,-1.901559640645596,-8.479605265662448,6.9640440815762075,2.705436654649258,-1.5511396077387511,6.7747511949806825,-6.222465973084562,9.902548108391157,-0.32221321102265726,-1.4176318909749008,3.909078572242536,7.01303231251733,4.328468139533161,-7.150991670301762,2.788718955678962,2.468164084252604
-0.6050833023173371,0.6490214408371736,-0.37064355378342095,0.09807057695415565,0.2137772959700278,-0.47106674043797897,0.7442466747677152,-1.4406891350098658,-0.2954684974667072,0.056950280839174534,0.5684271451464749,0.8076754677117712,0.3084764839428245,-0.27040568191504066,0.2373897289274494,-0.7339056756330519,0.4688599375549551,0.7932256616528252,-0.29114179807873664,-0.35769579667968454,-0.09908511235901503,0.06106130465061745,-0.03411185011500756,0.29174015832328476,-0.07007183978632599,1.1255447930832774,0.383381843873283,0.2059632870476798,0.6603116531599676,-0.5312190915544831,-0.5871204245125397,0.6130609300623163,0.18952011953150188,0.40988998861335874,0.211257859045826,0.6837491593441041,0.5618459059332332,0.4624827683596299,0.020559875083817347,-0.01923515326423416,-0.008970171084082075,0.7376519016957631,-0.2772981906489881,-0.4851370428361997,-0.16529076894751976,-0.4803543554397649,0.36996914110611373,-0.9693273338439398,0.10651478992652806,0.04874438645759199,-0.447666984427416,-0.45940469408143686,-0.29618258635113615,0.6676927483036194,-0.19858399239956825,0.0532333705691436
-8.446786118638826,7.984896021140372,-5.085846754988382,0.2137772959700278,5.566558349036453,-7.286124640086361,7.120164296405392,-15.27491065093953,-10.050899332717675,1.8346199807652768,5.6261687428237455,9.928320589294692,3.90159575222652,-4.364841827728214,3.9598497108776014,-9.215001421540395,5.493292949115786,8.679286674737344,-0.7110516336389069,-5.396731352863583,-4.695048501025274,-4.351047436760686,1.684950296108853,6.634137324341015,3.4123537082780215,13.908742622077698,4.90401985012404,3.2950175026026804,6.634078826201898,-3.9531841246722728,-8.187710029083222,4.310629930996582,-1.5535396597435938,5.435951292809516,2.7644975060692576,5.126035297518698,5.893623210390351,8.726153124735475,-0.21306193592381062,2.4717765388478745,2.2413378395341206,8.340184536419077,-7.592390132437409,-2.0531703882511487,2.187862841727387,-6.859062943072755,6.44452538803219,-9.485138524751694,0.18267390279704737,1.5688846158480128,-3.6153681723020736,-7.179308348057598,-4.424445860564643,6.932295588175366,-2.776277055490127,-3.052136771846455
11.699076241792426,-11.619234651411483,7.127588123716889,-0.47106674043797897,-7.286124640086361,10.488028003858691,-10.372016274929432,22.659872489619666,13.553205940836737,-2.713058716033634,-8.409709432913125,-14.303808174167699,-5.658159065714976,6.1296721294289105,-5.682082128757708,13.414009157938136,-8.084130755250108,-12.595376777313344,1.594692178832819,7.546880680915753,6.568242510941309,5.545861610755738,-2.1092969548106786,-8.90925160137073,-4.455691829311923,-20.043906805707536,-6.887214357410344,-4.626103811032799,-9.819570701151507,6.079237607758584,11.880190973205925,-6.674725497454544,1.817717002629543,-7.592301189783956,-4.063677093231469,-8.103245164549383,-8.623684439721288,-12.035221405038593,0.23433419932550378,-3.2736594107859633,-2.950507695277337,-12.057245126151171,10.215349445588044,3.757164423472008,-2.549262490938342,9.912096175118945,-9.228998190730707,14.014281014025832,-0.23380004649607855,-2.066469680470384,5.407793200118827,10.319680779974995,6.281528815567068,-10.117372962080943,4.235730615396595,3.7003016969313225
-12.279354762240406,12.047969386168129,-7.433021264243402,0.7442466747677152,7.120164296405392,-10.372016274929432,11.578956308225324,-24.091742107646755,-12.436214077633071,2.3072606005462735,9.070022365859403,14.970549675506062,5.841484193979242,-6.139875451595916,5.541367000351032,-13.828319343417348,8.409649920637575,13.53519354909712,-2.3014010204507414,-7.706266994560983,-5.634768264811761,-4.400902126555566,1.6479429152765233,8.692983564953591,3.3494047937978766,20.943038863406198,7.299681594173075,4.644063119821257,10.635802275391388,-7.053531825221147,-11.955468050284333,7.866050028069954,-0.7104655371282074,8.011547769957895,4.1072020726801854,9.141011067424998,9.31457717546512,11.860586253603447,-0.1234483290833764,2.589364923191355,2.3890940238112535,12.878113844227244,-9.665021597177171,-4.774053947357593,1.5120787632528834,-9.953848176261305,8.934113624867958,-15.331658936003446,0.7350527788424341,1.949877816367362,-6.244294121462124,-10.194661901892577,-6.341399142736155,10.988251903281387,-4.070474921111037,-3.0171700567715645
25.917758704939782,-25.849989045381843,15.774510043027204,-1.4406891350098658,-15.27491065093953,22.659872489619666,-24.091742107646755,51.356945206970686,27.639956004919547,-5.436708046386141,-19.24880783102399,-31.92222403725574,-12.54730784844093,13.262683710784717,-12.171942824158949,29.74637216246775,-18.06330667918613,-28.58751230663903,4.61876938999235,16.49286541805059,13.040249328358529,10.295144808021842,-3.86228179887735,-18.78515965998556,-8.102617798326305,-44.69215828299887,-15.39385304869852,-10.021382285097538,-22.48483999500422,14.606010268136416,25.968296368947158,-16.207270905669997,2.384964837892549,-16.90488437895786,-8.930354367002048,-19.251753935500375,-19.666249359174227,-25.689601394744365,0.3373604035415605,-6.136082802689303,-5.5885438417490585,-27.246688631282748,21.178447404570274,9.815722658418537,-3.97086458321465,21.620646716279317,-19.67944011061122,32.26464850769714,-1.1086750479001592,-4.254023775332097,12.884834534009482,22.275557605296996,13.686710406047135,-23.133804124028206,9.125634516657412,6.861271302769126
15.017896508385503,-14.548636738641441,9.111997457843701,-0.2954684974667072,-10.050899332717675,13.553205940836737,-12.436214077633071,27.639956004919547,18.879167081172177,-3.695526693889256,-10.124109752416679,-17.931735822714884,-7.116594359505292,7.9920057777573055,-7.4081958009905176,16.8451613373022,-10.032964617499843,-15.485521018273717,1.129138930249823,9.769309713673964,9.205419394735541,8.450989894639822,-3.265767117092798,-12.100799368786125,-6.816638146318236,-25.146484715351345,-8.71571135620218,-6.025844632618918,-11.865882734278115,6.86107961988327,15.141095143786076,-7.419012243799485,3.397477797032503,-9.665584251017934,-5.1259170477036236,-9.152524980630593,-10.51526658019723,-15.998874858107245,0.43171291728862243,-4.883240068994498,-4.380368548053811,-14.912116548226818,14.057185488426258,3.5201185591894166,-4.43611828157584,12.678465498977102,-12.090940270732293,16.85411181782715,0.005964303397992223,-2.8849851424293975,6.236500300328624,13.354434313706781,8.101820446682304,-12.31740785671177,5.36067242513392,5.756522723165199
-2.7700813537900486,2.8548493620063673,-1.7107896493151695,0.056950280839174534,1.8346199807652768,-2.713058716033634,2.3072606005462735,-5.436708046386141,-3.695526693889256,0.8197792199333619,1.9862059509589274,3.458908468410115,1.3957239051297747,-1.5468197860655244,1.490883516962773,-3.3200150032466325,1.9875461645935228,2.9515111107701815,-0.2587465748590701,-1.8579084005406759,-1.9324625926099444,-1.6788785308591132,0.6416623791186106,2.272946767847145,1.4160763625599113,4.857865326357775,1.620139958682666,1.164271477601741,2.296244027780587,-1.3066766236228493,-3.022208116101667,1.4033651962915892,-0.7464528663493813,1.7919723615151684,1.033914783363285,1.8397682239559747,2.0141558156661956,3.0710461342028514,-0.08496156378116396,1.0079139310446512,0.8901185371215213,2.8438501139087773,-2.6971788374358505,-0.743789908004977,0.8939031482190214,-2.5235685956331073,2.439124047690831,-3.229760643066046,-0.09066765347769712,0.5422514628148933,-1.1564993192678683,-2.6711856891911547,-1.5778473391937542,2.342613805447169,-1.1553139998013455,-1.0741949103666444
-9.66281001834227,9.651524450485528,-5.880858265998244,0.5684271451464749,5.6261687428237455,-8.409709432913125,9.070022365859403,-19.24880783102399,-10.124109752416679,1.9862059509589274,7.228796933500203,11.924602980715935,4.681557754109685,-4.92206062316928,4.509241449445579,-11.099236786175718,6.750889394498972,10.714942004007604,-1.8089517825706791,-6.13295059933533,-4.750376366336054,-3.6855835677114674,1.377481055042333,6.930047188398001,2.886860852828919,16.691919050100225,5.750325008216616,3.7200513747103,8.443776215834594,-5.536271020685068,-9.66132146146846,6.155236370274363,-0.7638847132747041,6.309563576135289,3.326575040706035,7.2845123573883175,7.378588674406453,9.505065364154824,-0.11165751747210284,2.2033297922787765,2.0116284890592704,10.203306878173532,-7.78500473816064,-3.779826017947615,1.351025507556615,-8.039962569204551,7.283364516330012,-12.128638633489498,0.4569479457894314,1.5608713017022613,-4.87510458660359,-8.265363839288694,-5.087372854487121,8.683706368262843,-3.3872353023660464,-2.4534117437248786
-16.431088657406384,16.18984059436002,-9.97484465493544,0.8076754677117712,9.928320589294692,-14.303808174167699,14.970549675506062,-31.92222403725574,-17.931735822714884,3.458908468410115,11.924602980715935,20.02677418466249,7.869028918002567,-8.418446354183857,7.701412345840241,-18.639522289838883,11.275737777421316,17.85134565402461,-2.5957194844694587,-10.45935016338418,-8.427429440745547,-6.925467714036054,2.6203969495968007,12.116234952421067,5.439232703644821,28.04099698779251,9.711442286744518,6.3599840345344445,13.95799555428964,-8.92298801961019,-16.326813033073662,9.870970626832728,-1.8201703695532627,10.686001327676099,5.592639417068597,11.716626457558188,12.247801743968765,16.42039492085725,-0.25586103014531963,4.074071250150713,3.707986763470433,17.041847943112252,-13.700725798527232,-5.741109956999851,2.8783812396504267,-13.611315650944638,12.468212248908513,-20.018141509648714,0.6380792931729532,2.7711557872105956,-7.927269089657857,-14.068276674777668,-8.653798146230386,14.408820049366314,-5.68732797997991,-4.68503260864287
-6.433825509837175,6.37347479806224,-3.9125064165588377,0.3084764839428245,3.90159575222652,-5.658159065714976,5.841484193979242,-12.54730784844093,-7.116594359505292,1.3957239051297747,4.681557754109685,7.869028918002567,3.098615140305517,-3.31842416482933,3.0507269870211977,-7.343179728031108,4.441048056251606,6.995862526902494,-1.0044086367511311,-4.112121040846232,-3.3812835722364025,-2.778900768084002,1.0513457953552978,4.772885681770451,2.2005008902890033,11.020476963582512,3.802464187878954,2.506306773807807,5.47302001147848,-3.478861997944936,-6.449059857590096,3.8428411346113855,-0.7724868569725946,4.184416117536146,2.2101703958216357,4.592824483180645,4.799905524513756,6.47547591793842,-0.10511846552147308,1.6413705708382957,1.4891835321412628,6.681599132830834,-5.417236133141264,-2.2368870969426213,1.1781976451078653,-5.376073666817932,4.942506068507359,-7.8386265706165315,0.2184701484606192,1.094007048146361,-3.08643279493217,-5.565063238954123,-3.4110359942123507,5.641926816621769,-2.267724375129429,-1.865059952838235
6.960935629087551,-6.812277229111787,4.223900175231398,-0.27040568191504066,-4.364841827728214,6.1296721294289105,-6.139875451595916,13.262683710784717,7.9920057777573055,-1.5468197860655244,-4.92206062316928,-8.418446354183857,-3.31842416482933,3.6119784723863333,-3.3179255427527066,7.857884454974186,-4.72776710499972,-7.424745252363774,0.8965696731420698,4.462942213166183,3.8050384512224675,3.2729695459588855,-1.2496526346722523,-5.29768641250246,-2.5972717898675954,-11.793326068474292,-4.087766079412417,-2.726920047408834,-5.765004263523645,3.5691397615501264,6.943848235994395,-3.9210289053242873,1.0474555028059462,-4.510326117224043,-2.3684106956271664,-4.706265774629815,-5.076078091828103,-7.112452585450753,0.14023038924733564,-1.909794985866838,-1.7283721562693533,-7.10882151936394,6.048921601480471,2.1491781526222935,-1.5089187985686041,5.798177973372142,-5.387062625174271,8.242719764624159,-0.17818038618259266,-1.2306258130485317,3.194787088092833,6.032751543322882,3.6942504004821903,-5.963719181361282,2.4296965918762257,2.2230202807518245
-6.301808075366968,6.261343159462471,-3.841227692931816,0.2373897289274494,3.9598497108776014,-5.682082128757708,5.541367000351032,-12.171942824158949,-7.4081958009905176,1.490883516962773,4.509241449445579,7.701412345840241,3.0507269870211977,-3.3179255427527066,3.0830707686445504,-7.233130510411758,4.3538520252908635,6.760181836221055,-0.8160733669475855,-4.076875299438576,-3.6103196332796905,-3.0747859561726036,1.171402331578056,4.840189769747881,2.4799248221153563,10.793959819859431,3.704731574899935,2.5034812532086685,5.263543138901257,-3.229158855252605,-6.423359266748,3.537979444825501,-1.0521114579701831,4.086507010607554,2.195571506289794,4.317253710128438,4.625023991151627,6.52814055288026,-0.133978940873092,1.8140647990798835,1.631985785654869,6.476395801176759,-5.56707234189443,-1.9658851808241562,1.445785192898222,-5.360881458829478,5.01164509363552,-7.503432044161627,0.09776464901785796,1.1269647851158764,-2.875722212903674,-5.59165599591655,-3.396537843166871,5.422880178374306,-2.2991731966330504,-2.049086079640392
15.215729081488034,-15.104959642403639,9.25817462362096,-0.7339056756330519,-9.215001421540395,13.414009157938136,-13.828319343417348,29.74637216246775,16.8451613373022,-3.3200150032466325,-11.099236786175718,-18.639522289838883,-7.343179728031108,7.857884454974186,-7.233130510411758,17.404979395839575,-10.529103952739172,-16.56887246806383,2.3952717974589905,9.732817626738191,8.023838953473446,6.573825238937933,-2.4854103692464578,-11.28557734847029,-5.215129748417653,-26.105386651741735,-8.996271229770446,-5.934546936425538,-12.970105251162973,8.246089624117321,15.289609039857067,-9.10856459645472,1.8321690195792033,-9.8984532451647,-5.242191423929921,-10.9021012612854,-11.370593611402787,-15.326180417291877,0.24775264220565102,-3.8899838462046485,-3.5272468928037632,-15.823824714161072,12.815890724387831,5.322020155771946,-2.783360619122994,12.744196121180371,-11.718858240074091,18.571937536537487,-0.506412308291078,-2.5858676253452355,7.309376929981316,13.192800356034535,8.079723534808439,-13.362821930094887,5.390524663817646,4.3997413285891165
-9.170190104506077,9.140839716825722,-5.583972444746723,0.4688599375549551,5.493292949115786,-8.084130755250108,8.409649920637575,-18.06330667918613,-10.032964617499843,1.9875461645935228,6.750889394498972,11.275737777421316,4.441048056251606,-4.72776710499972,4.3538520252908635,-10.529103952739172,6.379955281905019,10.047486915438906,-1.5239029692260646,-5.860751252163656,-4.7778146612505505,-3.8521545811529503,1.451526617645845,6.746181097709224,3.0547564612840348,15.790802347088432,5.433019216134622,3.5710037792817153,7.883849005813155,-5.05185690447335,-9.232133521136205,5.589102730493177,-1.0173609783949105,5.9727962054180175,3.170210177901397,6.682702239759712,6.9029095428346805,9.193958157400024,-0.13830146105022903,2.289913125968516,2.077950143368601,9.588352898585317,-7.646754460312111,-3.3222757525974678,1.5805518480086078,-7.6910433992027505,7.049180113174037,-11.294346351526636,0.3282460211604119,1.5389268652885197,-4.465782924703883,-7.949144657976758,-4.8691265782152255,8.113304514633993,-3.261165111124216,-2.5659353148275947
-14.628421437073516,14.408996642064286,-8.873138234471583,0.7932256616528252,8.679286674737344,-12.595376777313344,13.53519354909712,-28.58751230663903,-15.485521018273717,2.9515111107701815,10.714942004007604,17.85134565402461,6.995862526902494,-7.424745252363774,6.760181836221055,-16.56887246806383,10.047486915438906,16.00728956496749,-2.507330198115831,-9.261185016952613,-7.184941756120387,-5.774431024210107,2.1750335251307336,10.602276140822632,4.487359095714572,24.986366364824395,8.669706071686058,5.611857137191079,12.54804168547921,-8.151617050979748,-14.436137632660312,9.049437260963552,-1.2947831444156563,9.528269595473997,4.952555513393597,10.652942879066885,10.99854328816447,14.418737100542824,-0.1928951425600877,3.401901099689494,3.111247198716568,15.258981571363801,-11.909771527833035,-5.377428446298374,2.2368486475757967,-12.027400351410098,10.925897555277576,-18.032745499295217,0.6920642083947456,2.4048494568242087,-7.226414756894276,-12.384317466307037,-7.649138337228675,12.952795592475026,-4.990521353547276,-3.918449961038176
1.9117921699644245,-2.1079159199732787,1.1828378783891653,-0.29114179807873664,-0.7110516336389069,1.594692178832819,-2.3014010204507414,4.61876938999235,1.129138930249823,-0.2587465748590701,-1.8089517825706791,-2.5957194844694587,-1.0044086367511311,0.8965696731420698,-0.8160733669475855,2.3952717974589905,-1.5239029692260646,-2.507330198115831,0.8848067444219069,1.1617564701052632,0.4733395797419101,-0.05086932877895732,0.05345096199672268,-0.9836529084718675,0.07612946410791824,-3.6223572857472757,-1.209167874984555,-0.6812168114384085,-2.089597349891132,1.6373508312851572,1.9562464699252429,-1.8797507475585802,-0.4740266303421002,-1.2941929210964724,-0.7034191984577948,-2.1517664235873273,-1.774770629185573,-1.5530845322456317,-0.05405436951792321,-0.0334449857738862,-0.0484578611937111,-2.3383576227528686,0.9858725088780151,1.4938615034075,0.41190312317822003,1.6021326217902216,-1.28314889494495,3.04688156452137,-0.2746701814030179,-0.17364378891208276,1.3720687561055636,1.556523794267462,0.977644757456173,-2.0999849410943474,0.7010977387967307,-0.09778807434519898
8.672719084320864,-8.44591638457091,5.2534299188110705,-0.35769579667968454,-5.396731352863583,7.546880680915753,-7.706266994560983,16.49286541805059,9.769309713673964,-1.8579084005406759,-6.13295059933533,-10.45935016338418,-4.112121040846232,4.462942213166183,-4.076875299438576,9.732817626738191,-5.860751252163656,-9.261185016952613,1.1617564701052632,5.532707724104954,4.59408505043552,3.936941118187306,-1.5022564131978056,-6.53765292066776,-3.096389166890759,-14.648149058420122,-5.096894529713941,-3.370605447452466,-7.1923900351701775,4.496961457988986,8.568892394205216,-4.952355258113919,1.1830857135671708,-5.621548013320623,-2.9224154171514654,-5.891846049790011,-6.334036282265296,-8.775650522620104,0.16341296624460463,-2.2893965702216463,-2.079390740085552,-8.860065764602336,7.429023205751118,2.7321475989705486,-1.7683817162459254,7.154447337330735,-6.6124875885826455,10.302002400900442,-0.2787477160447289,-1.5129471733011208,4.027617519909253,7.426950154016749,4.567193556429869,-7.449611062284845,2.9670817884839162,2.6940266511463125
6.920314826104643,-6.905897343701897,4.237785397615756,-0.09908511235901503,-4.695048501025274,6.568242510941309,-5.634768264811761,13.040249328358529,9.205419394735541,-1.9324625926099444,-4.750376366336054,-8.427429440745547,-3.3812835722364025,3.8050384512224675,-3.6103196332796905,8.023838953473446,-4.7778146612505505,-7.184941756120387,0.4733395797419101,4.59408505043552,4.685820017903605,4.244510105729538,-1.635552326648335,-5.723109003517058,-3.5169420083097025,-11.83131936715198,-4.018028383318567,-2.8652554148104934,-5.5276549291987145,3.0977591255079875,7.297496105196644,-3.318639769036438,1.8802151454004081,-4.456692293184269,-2.479198123342277,-4.274522957826506,-4.881427346575252,-7.619711274439561,0.22391674728298583,-2.4961225349090075,-2.2162917244128106,-6.933371442898171,6.753870085993835,1.5887758587539031,-2.3075117709351036,6.106301465371161,-5.90849766286742,7.793754670890278,0.17367885833143176,-1.37468910247267,2.7901010884824364,6.471327522336931,3.860176954848845,-5.6909544890618475,2.7031692267598113,2.802987317294171
5.91759291296425,-5.643302072328979,3.5903040163784494,0.06106130465061745,-4.351047436760686,5.545861610755738,-4.400902126555566,10.295144808021842,8.450989894639822,-1.6788785308591132,-3.6855835677114674,-6.925467714036054,-2.778900768084002,3.2729695459588855,-3.0747859561726036,6.573825238937933,-3.8521545811529503,-5.774431024210107,-0.05086932877895732,3.936941118187306,4.244510105729538,4.18838105898399,-1.6385905471898514,-5.182569036137156,-3.4360164119502143,-9.728273908144125,-3.3706794357966343,-2.463027771576356,-4.3243847593215365,2.186635627508579,6.067768725524094,-2.282316407613588,2.0416929675586712,-3.768485675730863,-2.030904126723552,-2.991166589570833,-3.875445018253452,-6.708960865596163,0.24982253613796562,-2.3959539096842484,-2.1287582137303533,-5.615169809061431,6.1612055990926065,0.6997858777406523,-2.4769345327572965,5.102440293549582,-5.055867936026147,6.0697814794311284,0.24419428149848976,-1.2787100857184104,2.052955484225465,5.473839057409128,3.274646764275806,-4.515888123727273,2.187627178042847,2.860621992283918
-2.2575643942248997,2.132537288782729,-1.367053621452247,-0.03411185011500756,1.684950296108853,-2.1092969548106786,1.6479429152765233,-3.86228179887735,-3.265767117092798,0.6416623791186106,1.377481055042333,2.6203969495968007,1.0513457953552978,-1.2496526346722523,1.171402331578056,-2.4854103692464578,1.451526617645845,2.1750335251307336,0.05345096199672268,-1.5022564131978056,-1.635552326648335,-1.6385905471898514,0.6426825696257347,1.998308412219521,1.341696563770642,3.681287581671314,1.2810168155774124,0.9403023176135185,1.619331667915832,-0.7997194482579046,-2.3007791132811803,0.8293508145584394,-0.8103731398295447,1.4344812941295255,0.7676888687743643,1.0910751202928421,1.4559284032628554,2.5731081931598316,-0.09960061184062902,0.9328203997868388,0.8289620949956162,2.118423269624821,-2.3785007710286643,-0.21762269680939555,0.9818440455957476,-1.9367083827169427,1.9278837484870588,-2.270873738904958,-0.0997373318747475,0.4954166087523197,-0.7585047703759078,-2.0826549636986402,-1.2468622853090754,1.6964464817851672,-0.8244551663939055,-1.1256197939863695
-10.19454507894625,9.775804363490108,-6.159721507120803,0.29174015832328476,6.634137324341015,-8.90925160137073,8.692983564953591,-18.78515965998556,-12.100799368786125,2.272946767847145,6.930047188398001,12.116234952421067,4.772885681770451,-5.29768641250246,4.840189769747881,-11.28557734847029,6.746181097709224,10.602276140822632,-0.9836529084718675,-6.53765292066776,-5.723109003517058,-5.182569036137156,1.998308412219521,7.961431091108788,4.096855535167163,16.97628126575922,5.9391460516345855,3.9985977930662573,8.147030927546485,-4.893746081787002,-10.02772188848663,5.3430761696801925,-1.834024888491319,6.574485156668335,3.397804206663919,6.406059654099585,7.21476794276027,10.544648185183416,-0.24659460485419168,2.974902051868783,2.6913176764612294,10.179629553639828,-9.125875327552256,-2.6695014473380176,2.5633358408921625,-8.39149669662622,7.874959607915112,-11.63730894031941,0.19996208330224008,1.8751554055096036,-4.440735625203269,-8.77547713340119,-5.384831810723729,8.478096470908815,-3.4563357505078827,-3.585780531350889
-4.5844751440525044,4.465154531684871,-2.799951441690579,-0.07007183978632599,3.4123537082780215,-4.455691829311923,3.3494047937978766,-8.102617798326305,-6.816638146318236,1.4160763625599113,2.886860852828919,5.439232703644821,2.2005008902890033,-2.5972717898675954,2.4799248221153563,-5.215129748417653,3.0547564612840348,4.487359095714572,0.07612946410791824,-3.096389166890759,-3.5169420083097025,-3.4360164119502143,1.341696563770642,4.096855535167163,2.8621268945528135,7.647092050555832,2.6103256959757757,1.9527313680117444,3.3683441204816518,-1.6486834520393139,-4.855834949783134,1.7020077746477906,-1.7515186855963878,2.919650800278323,1.6293100962826754,2.3264797740580034,3.01164102986144,5.32672788993392,-0.20771583885992737,1.9866141432480287,1.7547842943969478,4.371918232214203,-4.922410529342135,-0.5063405873310419,2.0651132052515777,-4.0813749187582555,4.085269879003801,-4.6987155236622895,-0.2773339574868103,1.016248080646816,-1.5389653037607702,-4.397559495432273,-2.5995158600007655,3.495866792417437,-1.8075453452875254,-2.3047708479825553
-23.001542306843113,22.672593817179983,-13.965578198707481,1.1255447930832774,13.908742622077698,-20.043906805707536,20.943038863406198,-44.69215828299887,-25.146484715351345,4.857865326357775,16.691919050100225,28.04099698779251,11.020476963582512,-11.793326068474292,10.793959819859431,-26.105386651741735,15.790802347088432,24.986366364824395,-3.6223572857472757,-14.648149058420122,-11.83131936715198,-9.728273908144125,3.681287581671314,16.97628126575922,7.647092050555832,39.26330027268725,13.593793709001613,8.909352116946424,19.53626564113979,-12.478522352754787,-22.873873667074793,13.801487951072394,-2.5768476312776256,14.958530239192392,7.8352477344469165,16.393730985895594,17.1424712552336,23.00657471520664,-0.3608923528394172,5.724339811663311,5.2081532483629385,23.855016285681273,-19.20476288835894,-8.02278612242788,4.05604508461147,-19.06970264931688,17.476566939260813,-28.01411000941491,0.8800943890526437,3.8841615378953596,-11.085637152399897,-19.714033201486252,-12.122276126528108,20.165310939735267,-7.974909017995933,-6.576869294941105
-8.055298471533304,7.820632512962387,-4.870679692377911,0.383381843873283,4.90401985012404,-6.887214357410344,7.299681594173075,-15.39385304869852,-8.71571135620218,1.620139958682666,5.750325008216616,9.711442286744518,3.802464187878954,-4.087766079412417,3.704731574899935,-8.996271229770446,5.433019216134622,8.669706071686058,-1.209167874984555,-5.096894529713941,-4.018028383318567,-3.3706794357966343,1.2810168155774124,5.9391460516345855,2.6103256959757757,13.593793709001613,4.748974002290807,3.0893003792126614,6.751516670475494,-4.315830350790917,-7.862037501720497,4.776910884894964,-0.8583800309810514,5.230389892700684,2.6852439916524946,5.607849290940178,5.939586644880708,7.997477918118047,-0.12692455038277942,1.957175596070872,1.7896248256124934,8.278211180658364,-6.687803420906613,-2.7108361944359336,1.4073289157480158,-6.5598092561391095,5.995386959554544,-9.700157663064148,0.3557870827028882,1.3608056343792057,-3.8572781096898905,-6.775504789864112,-4.1935988644184805,6.997256803000046,-2.6851105149995727,-2.325505263312701
-5.260042428942716,5.145436745727487,-3.1912548946975536,0.2059632870476798,3.2950175026026804,-4.626103811032799,4.644063119821257,-10.021382285097538,-6.025844632618918,1.164271477601741,3.7200513747103,6.3599840345344445,2.506306773807807,-2.726920047408834,2.5034812532086685,-5.934546936425538,3.5710037792817153,5.611857137191079,-0.6812168114384085,-3.370605447452466,-2.8652554148104934,-2.463027771576356,0.9403023176135185,3.9985977930662573,1.9527313680117444,8.909352116946424,3.0893003792126614,2.05883449983837,4.357672039767589,-2.7011145703757755,-5.242020541447061,2.9682942121370113,-0.7827622129834977,3.4084535811637107,1.787973475554409,3.5592746872531627,3.836904824294552,5.368581539826767,-0.10512621145294565,1.4367934621281855,1.300784829803373,5.372547249559854,-4.563174221487723,-1.6287278184675968,1.1320235510194165,-4.377020410857002,4.064223196587542,-6.231765089196917,0.1385210225645828,0.9284291905292602,-2.4178244130988555,-4.552891472268639,-2.7892784226266163,4.508358701323085,-1.8322723147406699,-1.6740666610122448
-11.35649386742598,11.28171870063362,-6.9014582175224515,0.6603116531599676,6.634078826201898,-9.819570701151507,10.635802275391388,-22.48483999500422,-11.865882734278115,2.296244027780587,8.443776215834594,13.95799555428964,5.47302001147848,-5.765004263523645,5.263543138901257,-12.970105251162973,7.883849005813155,12.54804168547921,-2.089597349891132,-7.1923900351701775,-5.5276549291987145,-4.3243847593215365,1.619331667915832,8.147030927546485,3.3683441204816518,19.53626564113979,6.751516670475494,4.357672039767589,9.873669156762446,-6.472575916380017,-11.281009396845038,7.19730153436547,-0.8846132705311219,7.410837280060182,3.8801343917917706,8.486008388317693,8.6361874520685,11.146233462220618,-0.13253001397793765,2.571615234689261,2.352100146267827,11.949970546806272,-9.138480141717238,-4.383548059136945,1.5906279332500195,-9.39069462748825,8.500588441947256,-14.1912787001619,0.5579475182478858,1.8365674770228773,-5.711751273944195,-9.65193365048823,-5.954022195406622,10.168683729732901,-3.9274796769646194,-2.9023369603069136
7.192139495969052,-7.1948329100016455,4.369618820086286,-0.5312190915544831,-3.9531841246722728,6.079237607758584,-7.053531825221147,14.606010268136416,6.86107961988327,-1.3066766236228493,-5.536271020685068,-8.92298801961019,-3.478861997944936,3.5691397615501264,-3.229158855252605,8.246089624117321,-5.05185690447335,-8.151617050979748,1.6373508312851572,4.496961457988986,3.0977591255079875,2.186635627508579,-0.7997194482579046,-4.893746081787002,-1.6486834520393139,-12.478522352754787,-4.315830350790917,-2.7011145703757755,-6.472575916380017,4.4269384155650116,7.07027330684921,-4.965308897799062,0.10729060303968332,-4.718525712357629,-2.4466551860620314,-5.760299241854593,-5.637136637930473,-6.796073648646051,0.032906226137104415,-1.3235545476785875,-1.2295584371321302,-7.730426764294976,5.3866451663051,3.210396225554319,-0.539636476537593,5.871706405752944,-5.1891487562083265,9.346729221632678,-0.5111346962372091,-1.072237182166387,3.874851768249402,5.969265413295665,3.714923027637215,-6.652243336920076,2.4325444314667553,1.4599857651781802
13.324779548150765,-13.25404070355415,8.1171492732304,-0.5871204245125397,-8.187710029083222,11.880190973205925,-11.955468050284333,25.968296368947158,15.141095143786076,-3.022208116101667,-9.66132146146846,-16.326813033073662,-6.449059857590096,6.943848235994395,-6.423359266748,15.289609039857067,-9.232133521136205,-14.436137632660312,1.9562464699252429,8.568892394205216,7.297496105196644,6.067768725524094,-2.3007791132811803,-10.02772188848663,-4.855834949783134,-22.873873667074793,-7.862037501720497,-5.242020541447061,-11.281009396845038,7.07027330684921,13.494932717276786,-7.784143522326187,1.8659309101284867,-8.658495931624184,-4.62244430811446,-9.400176987906582,-9.89620310434815,-13.588357287222854,0.2439808507850415,-3.590577322870567,-3.2429993116935294,-13.804255373789976,11.454044522983608,4.472496864342741,-2.693083147513906,11.253276517733996,-10.42173785006605,16.121032448749528,-0.3380989738846846,-2.312810068540009,6.274520444328792,11.68680879695537,7.12834299912497,-11.61745648692458,4.797653549913466,4.04503160743655
-7.945896353754842,7.953109765174538,-4.826008833527179,0.6130609300623163,4.310629930996582,-6.674725497454544,7.866050028069954,-16.207270905669997,-7.419012243799485,1.4033651962915892,6.155236370274363,9.870970626832728,3.8428411346113855,-3.9210289053242873,3.537979444825501,-9.10856459645472,5.589102730493177,9.049437260963552,-1.8797507475585802,-4.952355258113919,-3.318639769036438,-2.282316407613588,0.8293508145584394,5.3430761696801925,1.7020077746477906,13.801487951072394,4.776910884894964,2.9682942121370113,7.19730153436547,-4.965308897799062,-7.784143522326187,5.578828399470661,-0.008088886625491785,5.218501934412037,2.6967768224827933,6.447180243705094,6.2637039930525855,7.442037821695145,-0.02426353868231617,1.3867364759054472,1.2944322648357227,8.574327342534115,-5.853522932933807,-3.643709704888914,0.4842190075508493,-6.461548342264195,5.678801487804339,-10.404584877493598,0.6052398180994302,1.163052685683349,-4.340547107952785,-6.552566963877321,-4.087686919499846,7.395721129901742,-2.6675679360986826,-1.524582898111316
1.6051197514853202,-1.532824379745764,0.9894709875467237,0.18952011953150188,-1.5535396597435938,1.817717002629543,-0.7104655371282074,2.384964837892549,3.397477797032503,-0.7464528663493813,-0.7638847132747041,-1.8201703695532627,-0.7724868569725946,1.0474555028059462,-1.0521114579701831,1.8321690195792033,-1.0173609783949105,-1.2947831444156563,-0.4740266303421002,1.1830857135671708,1.8802151454004081,2.0416929675586712,-0.8103731398295447,-1.834024888491319,-1.7515186855963878,-2.5768476312776256,-0.8583800309810514,-0.7827622129834977,-0.8846132705311219,0.10729060303968332,1.8659309101284867,-0.008088886625491785,1.3066963983297284,-0.9876025977009091,-0.6081625792072737,-0.286871439291056,-0.8272766738770169,-2.280117172378345,0.1488088930722794,-1.1692309959686855,-1.015855217815644,-1.3160421964817723,2.3366531530728682,-0.43528257068913484,-1.4271121387986334,1.5857680382057875,-1.7672090639804767,1.1489843387208802,0.3506138139921448,-0.49145675874073086,0.16304691775273314,1.8016412585930837,1.012731219075367,-0.9305479392048243,0.754671515275863,1.3639137547635816
-8.881106946110544,8.603509830367399,-5.367802043657948,0.40988998861335874,5.435951292809516,-7.592301189783956,8.011547769957895,-16.90488437895786,-9.665584251017934,1.7919723615151684,6.309563576135289,10.686001327676099,4.184416117536146,-4.510326117224043,4.086507010607554,-9.8984532451647,5.9727962054180175,9.528269595473997,-1.2941929210964724,-5.621548013320623,-4.456692293184269,-3.768485675730863,1.4344812941295255,6.574485156668335,2.919650800278323,14.958530239192392,5.230389892700684,3.4084535811637107,7.410837280060182,-4.718525712357629,-8.658495931624184,5.218501934412037,-0.9876025977009091,5.7630787185904255,2.9548546066484707,6.12793129122445,6.523998033392043,8.837370176812803,-0.14521465764367902,2.1835297181431352,1.9957209726211154,9.10151964930148,-7.410031292028102,-2.9329762837892814,1.597899294721681,-7.226364955148348,6.615482691313924,-10.64513127836847,0.38161181506760194,1.5096652906311472,-4.2235128143492355,-7.469966734368027,-4.623263770992629,7.685431815759494,-2.9535670860063545,-2.6051173263541507
-4.541770353936788,4.544688746980263,-2.77053571847186,0.211257859045826,2.7644975060692576,-4.063677093231469,4.1072020726801854,-8.930354367002048,-5.1259170477036236,1.033914783363285,3.326575040706035,5.592639417068597,2.2101703958216357,-2.3684106956271664,2.195571506289794,-5.242191423929921,3.170210177901397,4.952555513393597,-0.7034191984577948,-2.9224154171514654,-2.479198123342277,-2.030904126723552,0.7676888687743643,3.397804206663919,1.6293100962826754,7.8352477344469165,2.6852439916524946,1.787973475554409,3.8801343917917706,-2.4466551860620314,-4.62244430811446,2.6967768224827933,-0.6081625792072737,2.9548546066484707,1.586030227627703,3.260735338891651,3.398885936612073,4.621997278696028,-0.07896326549540345,1.2085344184739508,1.0911357406210311,4.732862082816538,-3.879263346854081,-1.5783324871687625,0.8829564034285252,-3.8524935213418026,3.5607657139185775,-5.54500422794416,0.11873709514680661,0.7809218388518954,-2.1641480522063334,-3.996727996000558,-2.4351947263961056,3.9893453177410456,-1.6516590267938398,-1.3441431776488817
-9.329458728024054,9.496650053241952,-5.697554374584602,0.6837491593441041,5.126035297518698,-8.103245164549383,9.141011067424998,-19.251753935500375,-9.152524980630593,1.8397682239559747,7.2845123573883175,11.716626457558188,4.592824483180645,-4.706265774629815,4.317253710128438,-10.9021012612854,6.682702239759712,10.652942879066885,-2.1517664235873273,-5.891846049790011,-4.274522957826506,-2.991166589570833,1.0910751202928421,6.406059654099585,2.3264797740580034,16.393730985895594,5.607849290940178,3.5592746872531627,8.486008388317693,-5.760299241854593,-9.400176987906582,6.447180243705094,-0.286871439291056,6.12793129122445,3.260735338891651,7.593686861855088,7.373667301562565,8.950660153035571,-0.05135698529298358,1.8422029163,1.6928066535053532,10.107616227641149,-7.116451057167762,-4.227050344489407,0.805665886389758,-7.802260136374147,6.9482585144762705,-12.21787776186677,0.5649289808898024,1.406907947919358,-5.014810798931242,-7.955785008274144,-4.9041085460378815,8.683572855088716,-3.321603621841446,-1.9317000748711457
-10.007636680675313,9.890095066116817,-6.074382416029517,0.5618459059332332,5.893623210390351,-8.623684439721288,9.31457717546512,-19.666249359174227,-10.51526658019723,2.0141558156661956,7.378588674406453,12.247801743968765,4.799905524513756,-5.076078091828103,4.625023991151627,-11.370593611402787,6.9029095428346805,10.99854328816447,-1.774770629185573,-6.334036282265296,-4.881427346575252,-3.875445018253452,1.4559284032628554,7.21476794276027,3.01164102986144,17.1424712552336,5.939586644880708,3.836904824294552,8.6361874520685,-5.637136637930473,-9.89620310434815,6.2637039930525855,-0.8272766738770169,6.523998033392043,3.398885936612073,7.373667301562565,7.562859121827063,9.83736892711003,-0.1242176956267085,2.2916617718458276,2.0967727988556453,10.479274944016483,-8.095730713887809,-3.764529674691026,1.4630619795804327,-8.241805914464344,7.471834393659109,-12.413582174191703,0.48707020709943705,1.6315071826379677,-4.987537514741313,-8.477920280205998,-5.235457588933791,8.906667663021361,-3.428561931834371,-2.619467817742081
