V1,V2,V3,V4,V5,V6,V7,V8,V9,V10,V11,V12,V13,V14,V15,V16,V17,V18,V19,V20,V21,V22,V23,V24,V25,V26,V27,V28,V29,V30,V31,V32,V33,V34,V35,V36,V37,V38,V39,V40,V41,V42,V43,V44,V45,V46,V47,V48,V49,V50,V51,V52,V53,V54,V55,V56
1.1406999494973689,0.3247129463650811,0.40922494034505913,-0.15019734217709294,-2.4406359689372694,-0.2202350357844108,0.3477935317616419,-0.2514570738909358,-1.741226328839291,-1.1627854604208143,0.48481656797293043,0.4805810102432682,1.8983090247509098,-1.2694899900096814,1.7400723863381566,0.6003997809414573,0.8414535763915119,2.0893570848784506,0.8301346794374395,0.11076666937593763,-1.9624064802939694,-0.3650681903359665,0.5148431040602641,-0.21719158962690982,-0.147771935515765,-0.8739051537876067,0.5471651748671967,1.5922775988277766,0.38436334013813694,1.8892767192295268,2.729782935490071,-0.14047401525716485,-0.9504388420971082,0.35438893805414295,1.2381643619707108,0.3745243692289309,0.8742771647936308,-0.29058692595421554,-0.7299688188578959,-0.21512183246332636,-1.089458441775505,0.14841396376955746,-0.581791425582801,-0.6450286874824879,-0.5714264860909003,-1.494080697547109,-0.5037673007227127,-0.7738739014376127,-0.874434241504462,-1.5566508394482907,0.29480849307581375,-0.6890852007845987,0.6600913888873905,2.718997594588777,-0.683112329553656,0.12896469485792308
0.3247129463650811,0.6867479333425759,1.2736721345214275,1.733465133419565,0.9329772186075276,-0.6263275152141795,0.5220358528482606,-0.32479360237546223,-1.1676367688830378,-0.241562239254237,-0.9273799474716766,-0.04077866447441598,0.6672890149260986,1.1062497188425107,0.1933707914860571,0.8540223208211181,-0.1804567857586181,1.7440411213229998,1.0627306832310912,0.5228598504422124,-0.829966929065992,-0.6474480303282418,-0.014499381660231478,0.09629364233449066,0.15295638665549766,0.7751158018146953,-0.31341496691618964,-0.11359498936880888,-0.4202683517628413,0.8970777459640646,1.4092288205702583,0.8775397736085638,-1.0076404868259552,0.5962766702154859,0.7183947329463192,-0.6316737242938197,-0.6017453445118397,0.26176126343421763,0.42785896889201064,-1.0308701259811397,-0.11548675486235732,0.03850154661899832,-2.038746801032183,-0.39061190309018506,0.7790132859247608,0.9826948004633645,-0.2315524556817109,0.8963504528078101,-0.09658403395352971,0.04121286315465823,0.22923972943827448,0.9930103383230364,0.0029164059740657126,0.5403735465666321,-7.733702261828648e-4,-0.12096057671291428
0.40922494034505913,1.2736721345214275,2.403035357070531,3.4109600686919155,2.2956047902332615,-1.1798363795542266,0.9503312957149531,-0.585795386283834,-1.9370690767715526,-0.24375251491301542,-1.904838564466419,-0.17403461795504302,0.9289396800542363,2.4061075770550535,0.035758826612650896,1.548397222737896,-0.5159628503702304,2.992865253485154,1.9113518318081182,0.9992712288485053,-1.234274321159594,-1.1915471836895788,-0.12885749556503426,0.23021055155561698,0.3274550761787915,1.6807967449289278,-0.7194012330585442,-0.5336768960665934,-0.8938306062487481,1.3792004544535006,2.213770688044214,1.7390534092898715,-1.777992481898243,1.096021379072898,1.1578441683318885,-1.3060655842393347,-1.3448552501371316,0.5657477410594097,0.9783129409162197,-1.9693781979363314,-0.01139822593205069,0.04519143064598091,-3.8620549394048718,-0.6385792418578061,1.6309519420005003,2.2087280328542924,-0.35086181071317213,1.8984125889441124,-0.016210235454321507,0.38450555770350975,0.3886948628358568,2.073971581012357,-0.12325144693220304,0.5201525830018375,0.132184353744544,-0.2628967046111206
-0.15019734217709294,1.733465133419565,3.4109600686919155,5.341546195529936,5.189927068938388,-1.6625290662765375,1.2224042359772735,-0.7289327857772876,-1.7873468273109894,0.41886324859454965,-3.2569555545528557,-0.5954018026884371,0.13103436967178025,4.561565975084014,-1.1327071108992175,1.9685981712553118,-1.3661785560781503,3.1712170416837124,2.3697775863770256,1.4597671855849454,-0.5565833235461327,-1.581082478232601,-0.5490626215732098,0.501692986029964,0.6038477610847193,3.176632875884065,-1.4787510772857908,-1.9062564950131122,-1.63446045673163,0.8289008976851548,1.5373448281076294,2.7667834693247553,-2.0815948388138876,1.4428102167956338,0.9329931109070848,-2.261854920030465,-2.662050526353929,1.0662749369537923,2.001072510564314,-2.8783907444536894,0.7261221760431565,-0.03231910600883574,-5.5343866103716755,-0.5422668189328985,2.894639804607583,4.411482357685312,-0.1940175947052436,3.4429912232160595,0.5722433683688118,1.6522980168255998,0.39545369182502516,3.65669423775133,-0.6395203128542449,-1.057064880673412,0.6690889226029559,-0.49269135354947685
-2.4406359689372694,0.9329772186075276,2.2956047902332615,5.189927068938388,9.681269457946788,-1.074453282618849,0.4155865899093033,-0.15706742584470312,1.8827206678830382,2.73240053449365,-3.9578541100458526,-1.5150495657145846,-3.713555181187796,6.738155261527757,-4.550419591028363,0.5880606850170437,-2.9506880988343407,-1.319363682675456,0.48984246455479713,1.1104301332349196,3.454514083351755,-0.7088991555828448,-1.5426623167248734,0.8979259130789364,0.850766920854419,4.674450701957202,-2.4570012239839305,-4.960095662552051,-2.2733119422148818,-3.0572025695706375,-4.107210979925337,2.8152521865399707,0.013667210005534303,0.6011407292163222,-1.6462190749001189,-2.8250974296960134,-4.201646280670175,1.564803718350172,3.304325692067365,-2.1978540399807303,2.864373154136081,-0.32820245232015577,-3.889076370899515,0.8107379443676852,3.803120008528781,7.054897576298714,0.8373015689083749,4.715180478176314,2.2886833473602097,4.657104271298688,-0.23274595854982622,4.734749859352836,-1.9189063880637949,-6.457666243036069,1.9920943827735171,-0.7090123465221642
-0.2202350357844108,-0.6263275152141795,-1.1798363795542266,-1.6625290662765375,-1.074453282618849,0.58078735163147,-0.470407004824142,0.29145910321776664,0.9778655242799419,0.14049569583101806,0.9215492206610175,0.07635049953428584,-0.48776845401075386,-1.1510624926008508,-0.04899715740233618,-0.7669702638444174,0.23594195955977168,-1.4994232496486846,-0.9489202165507686,-0.49046996171919294,0.6383756612487291,0.5884504255479553,0.05329418860588045,-0.10829887226414171,-0.15722726497845937,-0.8031100897712886,0.34168990612472094,0.23145362814287976,0.42855690972247223,-0.7075725129586765,-1.1305544468940012,-0.8462708331060744,0.8845510852065067,-0.542945277363623,-0.5873333606375275,0.6310677347717593,0.6404059350777644,-0.2697715847031216,-0.46463618910022747,0.9657929634496093,0.025248638311322732,-0.02424179524196564,1.895541626597777,0.32538702900486516,-0.7854185096466382,-1.050409029242225,0.1792099399845194,-0.9115974504823884,0.023390789270407417,-0.15867095228035272,-0.19470212976688867,-1.001040577184033,0.04785271311314531,-0.30296475667617123,-0.05196127132097808,0.12702326922268076
0.3477935317616419,0.5220358528482606,0.9503312957149531,1.2224042359772735,0.4155865899093033,-0.470407004824142,0.4082994844139349,-0.2584512647921606,-1.011644152822815,-0.29131990247669015,-0.6131734968971695,0.019718371335669428,0.6696183098783441,0.6599864033624856,0.3152748116056192,0.6710766764833916,-0.04244311238980577,1.4584703070030507,0.8440532377527645,0.3852396152981163,-0.7926567861684866,-0.49957799377489215,0.04235653575165036,0.04648274696557344,0.09421069797802119,0.46279315249437786,-0.16845124803430833,0.0812727677849635,-0.2600722535527438,0.8329137914286627,1.2844676848690315,0.6120573029090848,-0.8155635859797458,0.46328864281047355,0.6386737941149443,-0.4130979943291453,-0.3402911713100483,0.15614958280863475,0.23141761688541385,-0.7583642095359315,-0.19334582511050244,0.04211474071790021,-1.5144428352773225,-0.34652447377566314,0.49754101892553343,0.5486451061935554,-0.21542623275073408,0.5599926421567704,-0.1576418931910363,-0.1299255062148156,0.19330909354347114,0.6398542152056178,0.06966257669796493,0.662474161114785,-0.0703276353807314,-0.07423133657166328
-0.2514570738909358,-0.32479360237546223,-0.585795386283834,-0.7289327857772876,-0.15706742584470312,0.29145910321776664,-0.2584512647921606,0.16544913681338624,0.6734379390052201,0.21883642721802574,0.35065636439545733,-0.029706916607890984,-0.47319708432672297,-0.34871746059144076,-0.2544674541182135,-0.42581459633383906,-0.006484216577082771,-0.9548351471318915,-0.5387176771267865,-0.23614587190685693,0.549760569551029,0.3139391284877885,-0.044889674596437494,-0.019704806551285627,-0.05113951859755436,-0.24417296150758583,0.08107930336473552,-0.10849078413062632,0.1412593897055384,-0.5710893805327063,-0.8740029421201987,-0.36237815516113686,0.5250970620781451,-0.2927524320953931,-0.42980912955383443,0.2343954528640237,0.1715600917026615,-0.08211686011116581,-0.11200740228833563,0.46401648281369495,0.15684567628148188,-0.030519599536492404,0.9314167449114678,0.2337825742719316,-0.27722751243092,-0.2731831475381833,0.1473805908627952,-0.3066851368419072,0.12712484183049605,0.13684172722517074,-0.1269021541998907,-0.35952545773747463,-0.06679656561271585,-0.49949519072124954,0.06796994576967927,0.04051301686144085
-1.741226328839291,-1.1676367688830378,-1.9370690767715526,-1.7873468273109894,1.8827206678830382,0.9778655242799419,-1.011644152822815,0.6734379390052201,3.422893559796102,1.674782157330973,0.47020751790399756,-0.5319312478173954,-3.0422380314458217,0.27330622048949355,-2.314018885095595,-1.6926549008849414,-0.809460680924307,-4.495976320288345,-2.2073385499562437,-0.7283249931646587,3.3048532409613594,1.174773312123261,-0.6038305289018157,0.15242255912116626,0.00410201732139522,0.17535145364472152,-0.301920187526867,-1.7880783883217999,0.012687620672960942,-3.2925725352151565,-4.886342433124519,-0.8268193160749692,2.2866003704288222,-1.106666415370459,-2.3052296230690197,0.2668567363332198,-0.36981866392733315,0.05503618542735709,0.3922956914784334,1.4302362503852697,1.442336470562551,-0.22131213072152506,3.014007656176013,1.2240214541593266,-0.19563242618767324,0.6844562537710362,0.8666970908499105,-0.08366114808739708,1.1613973408934735,1.8286550326096025,-0.6142903898112377,-0.3001790881502238,-0.7986039794256202,-3.8857563669179522,0.8235632654146011,-0.01576693530946392
-1.1627854604208143,-0.241562239254237,-0.24375251491301542,0.41886324859454965,2.73240053449365,0.14049569583101806,-0.29131990247669015,0.21883642721802574,1.674782157330973,1.1989383166627534,-0.6534788432716309,-0.516446921853393,-1.916159844261008,1.5139774850058418,-1.8190722321531616,-0.509930616535921,-0.9209277874535644,-1.9581982014290502,-0.7229094165761153,-0.03966515498018434,1.9600339077750815,0.29089344790070104,-0.5490560475825385,0.24513038065726694,0.17980195075188757,1.0447329433319728,-0.6278380796658338,-1.708124541375553,-0.4714230089886756,-1.8722451960479116,-2.6883685002748225,0.28056003174900473,0.8583639714961631,-0.287738437189109,-1.2073429249282723,-0.4921742301090856,-1.0186632123089785,0.3482317679003347,0.8391531184623771,0.07439403771166285,1.1397311695853503,-0.15166735079876148,0.31266458260059626,0.6273652975083583,0.7236150302718504,1.7341161842190291,0.4998932154157258,0.9564546483825946,0.9140751044581569,1.659696371545673,-0.27864309848212027,0.8799895236944547,-0.7007402052568594,-2.8067000718240878,0.7254522795860604,-0.1546667021966282
0.48481656797293043,-0.9273799474716766,-1.904838564466419,-3.2569555545528557,-3.9578541100458526,0.9215492206610175,-0.6131734968971695,0.35065636439545733,0.47020751790399756,-0.6534788432716309,2.1220603922656336,0.5235505392479731,0.578162446728208,-3.176032945632635,1.281639112782778,-0.9735158763826698,1.1106317469434077,-1.1800691003311423,-1.1348822744059008,-0.8377525270446046,-0.34492099433300627,0.8224073421607643,0.5074880573985279,-0.3761214614099211,-0.4134597243759216,-2.2078852048568294,1.076679878361356,1.6945895081652624,1.113427422693985,0.15627078788709525,0.021923138026053394,-1.7086429162233292,0.919987510373582,-0.743515607056327,-0.1313649021803299,1.4867696633966812,1.8996350564628062,-0.7399954221673363,-1.453296146864687,1.6527431874214376,-0.8126107201235079,0.07085623903833303,3.1192910820815642,0.1027478686696625,-1.934362035299403,-3.1635871504882056,-0.058200510787405804,-2.3332357355422024,-0.6459767693943725,-1.5297211186557511,-0.1351857681523497,-2.432751506212473,0.6119864366897522,1.574991484922621,-0.637721069966852,0.3405032883871054
0.4805810102432682,-0.04077866447441598,-0.17403461795504302,-0.5954018026884371,-1.5150495657145846,0.07635049953428584,0.019718371335669428,-0.029706916607890984,-0.5319312478173954,-0.516446921853393,0.5235505392479731,0.255688813648403,0.7616725253581176,-0.9742357547658111,0.8234510209444383,0.04819899516196107,0.48001624599871556,0.5356336491516592,0.1018621843766399,-0.10078283143539957,-0.7452939651622643,0.009100908316578216,0.2650280767151353,-0.13880780025545852,-0.12069755410935674,-0.6742642105852176,0.3711885235753271,0.8404786754696733,0.32028329893355395,0.6882061385526922,0.9604286686707727,-0.33397669590710977,-0.17977117410311705,3.3697265608439135e-4,0.41204354547090444,0.37902001678386193,0.6229935644557261,-0.2252041429529091,-0.49803246365542925,0.20000041579571468,-0.5172554997542407,0.06379564538333948,0.31592580793641406,-0.2090099419730638,-0.5226331010269526,-1.050865026650043,-0.18622019228105463,-0.660092056863977,-0.4141140147151385,-0.8005370637085715,0.08077740503133896,-0.6469009959116467,0.3333473112261873,1.2154252201792433,-0.3456893585855858,0.10190380322703328
1.8983090247509098,0.6672890149260986,0.9289396800542363,0.13103436967178025,-3.713555181187796,-0.48776845401075386,0.6696183098783441,-0.47319708432672297,-3.0422380314458217,-1.916159844261008,0.578162446728208,0.7616725253581176,3.1864131386522856,-1.7982009474391383,2.8311406796689695,1.1458072041309217,1.3106044259537089,3.7239104773362017,1.559137906805924,0.28999901317289367,-3.3242314962141033,-0.7241997403034639,0.8224024346433847,-0.3276107371978005,-0.20407936260419182,-1.2354756069059916,0.8098112021714576,2.5284530448049143,0.526427028844688,3.2212863106580882,4.678763619056607,-0.037059987725903625,-1.7395670944323223,0.6966765327473948,2.1389436575182597,0.46484039393882726,1.2726918990319596,-0.41022103203452237,-1.0783929015804903,-0.5661891695344601,-1.771351107775949,0.24597319353600106,-1.3698241473022448,-1.1187274849160145,-0.7492069069085736,-2.184860913191648,-0.8567759778404873,-1.0489138966721296,-1.4224381404939024,-2.4871233902902694,0.5216303837191671,-0.8912963063274961,1.0590297207204833,4.474861281176849,-1.0954059317098872,0.18037010422556013
-1.2694899900096814,1.1062497188425107,2.4061075770550535,4.561565975084014,6.738155261527757,-1.1510624926008508,0.6599864033624856,-0.34871746059144076,0.27330622048949355,1.5139774850058418,-3.176032945632635,-0.9742357547658111,-1.7982009474391383,5.0420654369078575,-2.682909839710995,1.0224467316918109,-1.9736942967872375,0.5199166524584398,1.1225664613039297,1.0937072806424746,1.511455229292216,-0.9388355044886049,-0.9706514960907084,0.6325073830573629,0.6470028477844834,3.5019034294816658,-1.7703123930499836,-3.173390340508627,-1.7362649579444462,-1.2129798705493198,-1.4723477107649274,2.4258619234078336,-0.7648093646118916,0.8344422223135919,-0.47283635199104807,-2.2436808983591066,-3.0764344260583276,1.173134836670184,2.3853093753178722,-2.1604377104623786,1.6937073131093172,-0.1753766005945993,-3.985994311342007,0.2014238553983887,2.964439626845137,5.143850936831761,0.34487128842478093,3.6210759839200164,1.3504700961062743,2.9283350919969307,0.03074827190555131,3.7108209121096096,-1.1912721757741418,-3.6034183056692077,1.2386897738407752,-0.5356336397422714
1.7400723863381566,0.1933707914860571,0.035758826612650896,-1.1327071108992175,-4.550419591028363,-0.04899715740233618,0.3152748116056192,-0.2544674541182135,-2.314018885095595,-1.8190722321531616,1.281639112782778,0.8234510209444383,2.8311406796689695,-2.682909839710995,2.807902973099824,0.5682823602409188,1.496990040412158,2.602281796096004,0.8456680643343075,-0.0811844502876752,-2.8553493754225614,-0.28032995874904937,0.867191855169761,-0.41169775736660913,-0.3246402109670534,-1.8534288089138482,1.0734330533747425,2.7171544527713687,0.8555111526942427,2.6991165630836,3.8423274277655293,-0.6809801646054661,-1.075007714461592,0.2881340022330711,1.7026149088521232,0.9469370225055803,1.7662422844787975,-0.6181737988138578,-1.4369423813033906,0.16523178188676826,-1.7608835379915844,0.22842235061108893,0.06530401960832977,-0.8780590797234175,-1.350545569635959,-2.9950756009642365,-0.7239411279834194,-1.7481718872187422,-1.4114545764389377,-2.620656948925092,0.37587606813630725,-1.6563768550610232,1.1008987420107592,4.266450031608668,-1.1404714831425151,0.2772106948271085
0.6003997809414573,0.8540223208211181,1.548397222737896,1.9685981712553118,0.5880606850170437,-0.7669702638444174,0.6710766764833916,-0.42581459633383906,-1.6926549008849414,-0.509930616535921,-0.9735158763826698,0.04819899516196107,1.1458072041309217,1.0224467316918109,0.5682823602409188,1.1039620455545713,-0.0399236368573947,2.4259758010566514,1.3910274471955841,0.6257562326235855,-1.346618251296571,-0.8190490380988072,0.08589676447939615,0.06766811324764603,0.14708417872026236,0.7175731084317165,-0.25333503502669874,0.18541206789446601,-0.4068798821563478,1.4091491920836958,2.166818980894972,0.9834648021053192,-1.3492231688775091,0.7600166446183809,1.0733908705498107,-0.6542288600385163,-0.5196929063271434,0.24230162300230995,0.3487915689151195,-1.2317552744275027,-0.34927028644460806,0.07308997631240757,-2.4650762319132347,-0.5813450441774201,0.7839050525815773,0.8350299962303713,-0.365055049530434,0.8778987025742494,-0.28432107840162635,-0.26271773506606644,0.32218446131937284,1.0096043620273536,0.13492843995904408,1.162217215410833,-0.13680165666454602,-0.11539864334599957
0.8414535763915119,-0.1804567857586181,-0.5159628503702304,-1.3661785560781503,-2.9506880988343407,0.23594195955977168,-0.04244311238980577,-0.006484216577082771,-0.809460680924307,-0.9209277874535644,1.1106317469434077,0.48001624599871556,1.3106044259537089,-1.9736942967872375,1.496990040412158,-0.0399236368573947,0.9175054229245924,0.7289249872186462,0.028223497196204747,-0.2655767307530862,-1.25578670790356,0.11486079962271051,0.49359259362624863,-0.2719598548923923,-0.2468417083260074,-1.368219923416228,0.735234549006469,1.5751776682472547,0.6578537731799337,1.1397090374957939,1.5668241527291793,-0.7520959718623572,-0.18017553281595722,-0.08878039129060848,0.6547217752271841,0.7980812798521314,1.2460948333336839,-0.45776831108749505,-0.9877374376373799,0.5266462114639,-0.9412133425262086,0.11215090490374102,0.8946965316563906,-0.32941961204609854,-1.0870468879851767,-2.0972171030151054,-0.30936081594173553,-1.3600098853864828,-0.7527129326495555,-1.4905441837613578,0.11477865103043161,-1.3488227186630628,0.6176465598322609,2.170809719683968,-0.6407829838284037,0.20661707150496905
2.0893570848784506,1.7440411213229998,2.992865253485154,3.1712170416837124,-1.319363682675456,-1.4994232496486846,1.4584703070030507,-0.9548351471318915,-4.495976320288345,-1.9581982014290502,-1.1800691003311423,0.5356336491516592,3.7239104773362017,0.5199166524584398,2.602281796096004,2.4259758010566514,0.7289249872186462,6.0594231804620655,3.1265961112395035,1.1581768378826118,-4.122627004137752,-1.7238505421059496,0.6316190160357095,-0.09158851298814377,0.10780306551711774,0.38059285666059,0.09101660920327373,1.8181691039955477,-0.32097031511742874,4.15863700956643,6.228911749489945,1.5223003386655822,-3.169566743229075,1.6148447485839763,2.977576587759446,-0.7469432872500726,-0.04764278191504133,0.13257711011621096,-0.103299010057213,-2.2767255265743036,-1.6182750124234762,0.263234134635605,-4.699005253468187,-1.5891823049941782,0.7787182688350298,-0.008038547029374935,-1.0904923490202811,0.7452015065602238,-1.3054798645613301,-1.91478248267499,0.8209716552713173,1.0478123846205578,0.8515528026513448,4.527733534778374,-0.8764351143629088,-0.07257313578895906
0.8301346794374395,1.0627306832310912,1.9113518318081182,2.3697775863770256,0.48984246455479713,-0.9489202165507686,0.8440532377527645,-0.5387176771267865,-2.2073385499562437,-0.7229094165761153,-1.1348822744059008,0.1018621843766399,1.559137906805924,1.1225664613039297,0.8456680643343075,1.3910274471955841,0.028223497196204747,3.1265961112395035,1.7597068569918008,0.7679019094550203,-1.808274528972493,-1.02474392229081,0.1507807265990336,0.062172413546422355,0.16469613648708503,0.7888415130717379,-0.25732356350740837,0.36885387925510355,-0.4573916469089618,1.8772216918704736,2.8708596257337824,1.177865558073014,-1.7192601584624025,0.9529251740758173,1.4115284800589358,-0.7582592508525158,-0.5498447395136343,0.26646467353088205,0.35624802157865865,-1.5110084900725862,-0.5215335647322997,0.10166597467143335,-3.0369466244803407,-0.7631985256286651,0.8971066603193575,0.8752451117099118,-0.4870245864442269,0.9921950661037086,-0.4232705962650291,-0.4595102143314203,0.4165695671553717,1.1603639945123314,0.22332792833623458,1.653304736797252,-0.22758349534971004,-0.12853055335341138
0.11076666937593763,0.5228598504422124,0.9992712288485053,1.4597671855849454,1.1104301332349196,-0.49046996171919294,0.3852396152981163,-0.23614587190685693,-0.7283249931646587,-0.03966515498018434,-0.8377525270446046,-0.10078283143539957,0.28999901317289367,1.0937072806424746,-0.0811844502876752,0.6257562326235855,-0.2655767307530862,1.1581768378826118,0.7679019094550203,0.4196300886781107,-0.4166429168754637,-0.4869142697875224,-0.08313250636836453,0.10986972173820689,0.14757680247062602,0.7622578271177429,-0.3367643666356601,-0.3151290867264311,-0.40092557688221714,0.4822127305847766,0.7909757477691193,0.7476193246565304,-0.7033795254431654,0.4479673995202284,0.42382803740248487,-0.5766873480657512,-0.6204297908058723,0.255897187666673,0.4569732187742932,-0.8264129623238001,0.05555515444550628,0.010632403215277718,-1.6107776140916397,-0.23758793052016097,0.7252450539110435,1.0219158012388687,-0.12040971892382195,0.8497096313741828,0.041849093820408384,0.2491891446834971,0.14876075466515923,0.9215524694145092,-0.0887194584914573,0.07050119566565981,0.09389876067460413,-0.11981611288612844
-1.9624064802939694,-0.829966929065992,-1.234274321159594,-0.5565833235461327,3.454514083351755,0.6383756612487291,-0.7926567861684866,0.549760569551029,3.3048532409613594,1.9600339077750815,-0.34492099433300627,-0.7452939651622643,-3.3242314962141033,1.511455229292216,-2.8553493754225614,-1.346618251296571,-1.25578670790356,-4.122627004137752,-1.808274528972493,-0.4166429168754637,3.5011913317070977,0.8776289161832714,-0.812215965395066,0.30130048250919483,0.16472978348737713,1.035475285534072,-0.7257522100410744,-2.4797558669115825,-0.4191543212178544,-3.4154618859604566,-4.987149809657852,-0.17910318956547697,1.9727603593815883,-0.8385339259025638,-2.2978464315668474,-0.30539678699568634,-1.1142674847111513,0.34311719358149984,0.9640430517497597,0.8154981109879618,1.785105433584977,-0.2530954971142098,1.8599820059507826,1.2067947912866923,0.5515621932806861,1.9254455966097914,0.9059495293016427,0.8203659531306297,1.4342345702076487,2.4569472357634874,-0.5734890214683481,0.6389403232942962,-1.0512142147191623,-4.57073661948673,1.0866534143577058,-0.14848886126840513
-0.3650681903359665,-0.6474480303282418,-1.1915471836895788,-1.581082478232601,-0.7088991555828448,0.5884504255479553,-0.49957799377489215,0.3139391284877885,1.174773312123261,0.29089344790070104,0.8224073421607643,0.009100908316578216,-0.7241997403034639,-0.9388355044886049,-0.28032995874904937,-0.8190490380988072,0.11486079962271051,-1.7238505421059496,-1.02474392229081,-0.4869142697875224,0.8776289161832714,0.6156034191830176,-0.017500801461717456,-0.07528626612588928,-0.1316129474226213,-0.6572361728097452,0.25557326918046347,0.009702247216722495,0.3616907127004506,-0.9346074802066475,-1.4544263538143642,-0.7963366553874578,0.9796434874997023,-0.5696599211893225,-0.7317702440995203,0.5574891870584289,0.4998056297643846,-0.22149917200229702,-0.34957393084109684,0.9587547607875005,0.17031987259060732,-0.043512364898232736,1.9038285341649657,0.3987956106847513,-0.680118217434347,-0.8119006264399219,0.24073483303078563,-0.7749089605410254,0.13988291931705968,0.05530656587331191,-0.2272388844767826,-0.8712736696211488,-0.042169191652227815,-0.6562280219524335,0.04139206279273769,0.10452098452383338
0.5148431040602641,-0.014499381660231478,-0.12885749556503426,-0.5490626215732098,-1.5426623167248734,0.05329418860588045,0.04235653575165036,-0.044889674596437494,-0.6038305289018157,-0.5490560475825385,0.5074880573985279,0.2650280767151353,0.8224024346433847,-0.9706514960907084,0.867191855169761,0.08589676447939615,0.49359259362624863,0.6316190160357095,0.1507807265990336,-0.08313250636836453,-0.812215965395066,-0.017500801461717456,0.2760187315266158,-0.1408754728876723,-0.11954105345524813,-0.6718792188239454,0.37407823273776597,0.872266521616207,0.31701212465822143,0.7553712237717747,1.0608080650588483,-0.31201073734475315,-0.2292398869172419,0.025742657595240685,0.4596722652359747,0.36907390700224646,0.6250811631951103,-0.22451895556424598,-0.5017031342734635,0.16561223369645478,-0.5444591436111358,0.06798087038537234,0.24495219801071524,-0.23508217763258868,-0.5130604938452139,-1.0558543594004923,-0.20346195323415728,-0.6518642631494237,-0.4359397096080483,-0.8338391930884577,0.09367203532833444,-0.6332102734071289,0.34805790229958355,1.2905013478510934,-0.36079379744889856,0.1009027736192972
-0.21719158962690982,0.09629364233449066,0.23021055155561698,0.501692986029964,0.8979259130789364,-0.10829887226414171,0.04648274696557344,-0.019704806551285627,0.15242255912116626,0.24513038065726694,-0.3761214614099211,-0.13880780025545852,-0.3276107371978005,0.6325073830573629,-0.41169775736660913,0.06766811324764603,-0.2719598548923923,-0.09158851298814377,0.062172413546422355,0.10986972173820689,0.30130048250919483,-0.07528626612588928,-0.1408754728876723,0.08344366256923627,0.08008502196617429,0.4388583608776321,-0.2291862249386048,-0.45408727746647026,-0.21413825546175935,-0.26398280739972235,-0.3512792653182138,0.27109944442273176,-0.015293490031697022,0.06468151250562956,-0.138293817503084,-0.26797322236141974,-0.3929607724707102,0.14691995254328993,0.30831561973044413,-0.2173596547633965,0.2592586648781734,-0.0293134393724336,-0.38808828018470704,0.06740407626125061,0.35953390493189846,0.6593430939521138,0.072587705916515,0.4445861067193459,0.20709620101977672,0.42524421086368014,-0.01746865936031962,0.4480619853445584,-0.17488908250359658,-0.5798933115435406,0.1816044711737774,-0.06667915813371456
-0.147771935515765,0.15295638665549766,0.3274550761787915,0.6038477610847193,0.850766920854419,-0.15722726497845937,0.09421069797802119,-0.05113951859755436,0.00410201732139522,0.17980195075188757,-0.4134597243759216,-0.12069755410935674,-0.20407936260419182,0.6470028477844834,-0.3246402109670534,0.14708417872026236,-0.2468417083260074,0.10780306551711774,0.16469613648708503,0.14757680247062602,0.16472978348737713,-0.1316129474226213,-0.11954105345524813,0.08008502196617429,0.08332096499620299,0.4493599449695831,-0.22536382984872114,-0.39257446934596474,-0.223695192634262,-0.1264045378935775,-0.1453467688222667,0.3199843858612968,-0.11919587763690141,0.11769054940683803,-0.040037809560610343,-0.29148125140278747,-0.39292889876494475,0.15051157953566052,0.30376237777642906,-0.29132040302694473,0.20511725391012775,-0.02062789779087228,-0.5407751361188913,0.014646886026611492,0.38360699580355884,0.656348058183995,0.03669109972850713,0.4671155137242611,0.16347970931368008,0.36057585162721656,0.00949607477861914,0.4808769171169554,-0.14618475221402252,-0.4289958560517901,0.15207587632325284,-0.06895763521729846
-0.8739051537876067,0.7751158018146953,1.6807967449289278,3.176632875884065,4.674450701957202,-0.8031100897712886,0.46279315249437786,-0.24417296150758583,0.17535145364472152,1.0447329433319728,-2.2078852048568294,-0.6742642105852176,-1.2354756069059916,3.5019034294816658,-1.8534288089138482,0.7175731084317165,-1.368219923416228,0.38059285666059,0.7888415130717379,0.7622578271177429,1.035475285534072,-0.6572361728097452,-0.6718792188239454,0.4388583608776321,0.4493599449695831,2.4336287242549433,-1.2279845510767067,-2.196706574100957,-1.207092344374621,-0.8279924442645922,-1.0013567485315604,1.6890244257053708,-0.5421333010835024,0.5829660683627892,-0.3178800785202634,-1.5595324162029398,-2.13577194678581,0.8159096388414754,1.6549150692209265,-1.5066859951243043,1.1700779469211544,-0.12035008107716443,-2.7827599117735002,0.13657388263222425,2.0606739432285455,3.5711006932235128,0.23443665021280097,2.517049695301527,0.9325607709575336,2.0269398990034695,0.024485762453728837,2.5779519060413367,-0.8243664734521495,-2.4856260494973053,0.8570578661163457,-0.370957588571232
0.5471651748671967,-0.31341496691618964,-0.7194012330585442,-1.4787510772857908,-2.4570012239839305,0.34168990612472094,-0.16845124803430833,0.08107930336473552,-0.301920187526867,-0.6278380796658338,1.076679878361356,0.3711885235753271,0.8098112021714576,-1.7703123930499836,1.0734330533747425,-0.25333503502669874,0.735234549006469,0.09101660920327373,-0.25732356350740837,-0.3367643666356601,-0.7257522100410744,0.25557326918046347,0.37407823273776597,-0.2291862249386048,-0.22536382984872114,-1.2279845510767067,0.6343752233965427,1.2121086570307413,0.6027883240353218,0.621288472925165,0.8078370692850022,-0.7937804078848272,0.12728340597108412,-0.2241228529655954,0.3042281455939821,0.7645322103082601,1.0924761678035995,-0.4108134945636272,-0.8537271826091871,0.6652579835010327,-0.6765677508189253,0.07467959357305952,1.203997646237983,-0.14308381864629496,-1.019196078160458,-1.830467586739287,-0.17311093270968778,-1.2540184142458923,-0.5403251172488301,-1.1289775000968907,0.02670302339444012,-1.27336813230966,0.4625755592912208,1.4889499560286148,-0.4806645274608782,0.18785325845356746
1.5922775988277766,-0.11359498936880888,-0.5336768960665934,-1.9062564950131122,-4.960095662552051,0.23145362814287976,0.0812727677849635,-0.10849078413062632,-1.7880783883217999,-1.708124541375553,1.6945895081652624,0.8404786754696733,2.5284530448049143,-3.173390340508627,2.7171544527713687,0.18541206789446601,1.5751776682472547,1.8181691039955477,0.36885387925510355,-0.3151290867264311,-2.4797558669115825,0.009702247216722495,0.872266521616207,-0.45408727746647026,-0.39257446934596474,-2.196706574100957,1.2121086570307413,2.7637566638465767,1.0418763204681516,2.2938109357681946,3.206146866733068,-1.072343344867286,-0.6229475913361102,0.020517654263704,1.3788487149084625,1.2280799464270502,2.032569499200327,-0.7339137144137358,-1.6262098081407637,0.6261563923811369,-1.7065787523034033,0.21101417881395143,0.9768470763923905,-0.7013700827526211,-1.6967255476743748,-3.4297263714986737,-0.6196896584473847,-2.1459904854795653,-1.3662398378536413,-2.6348306059869184,0.2729087199251048,-2.0983225040525024,1.0977995377133185,4.018377668930038,-1.138315182542449,0.3312216268304241
0.38436334013813694,-0.4202683517628413,-0.8938306062487481,-1.63446045673163,-2.2733119422148818,0.42855690972247223,-0.2600722535527438,0.1412593897055384,0.012687620672960942,-0.4714230089886756,1.113427422693985,0.32028329893355395,0.526427028844688,-1.7362649579444462,0.8555111526942427,-0.4068798821563478,0.6578537731799337,-0.32097031511742874,-0.4573916469089618,-0.40092557688221714,-0.4191543212178544,0.3616907127004506,0.31701212465822143,-0.21413825546175935,-0.223695192634262,-1.207092344374621,0.6027883240353218,1.0418763204681516,0.6016396043083698,0.31615808266254597,0.3559351605031962,-0.8654461893015232,0.3369015614571762,-0.3226425607557317,0.09092425590583665,0.7845592332612304,1.0529874601081775,-0.4048362479662156,-0.8127992376634896,0.7922341696152904,-0.5406260467820234,0.05344821158913536,1.4741620306677592,-0.03234013274512373,-1.0321186910039968,-1.758721436649819,-0.09137269134819344,-1.2561934998724618,-0.4305207989993572,-0.9561628352149499,-0.030173138491651923,-1.2927488787322439,0.3872724345768805,1.1244377499842166,-0.40281678334098003,0.1842544632983556
1.8892767192295268,0.8970777459640646,1.3792004544535006,0.8289008976851548,-3.0572025695706375,-0.7075725129586765,0.8329137914286627,-0.5710893805327063,-3.2925725352151565,-1.8722451960479116,0.15627078788709525,0.6882061385526922,3.2212863106580882,-1.2129798705493198,2.6991165630836,1.4091491920836958,1.1397090374957939,4.15863700956643,1.8772216918704736,0.4822127305847766,-3.4154618859604566,-0.9346074802066475,0.7553712237717747,-0.26398280739972235,-0.1264045378935775,-0.8279924442645922,0.621288472925165,2.2938109357681946,0.31615808266254597,3.347452890400212,4.905567404188889,0.3238056279573508,-2.020862984532331,0.8890530112526195,2.2726049660665857,0.1722080868140153,0.932408770828136,-0.2734980995191697,-0.8232189681133579,-0.9450695274416459,-1.686465808306278,0.24306328774252586,-2.09971382685021,-1.195992729398419,-0.37566441636743775,-1.6214142224615422,-0.8867267306344866,-0.6055712833432317,-1.3556482950433533,-2.2854717519387644,0.5761026332889236,-0.41890315860038857,0.9815229961029242,4.361853904415731,-1.014222120369367,0.1169460312846291
2.729782935490071,1.4092288205702583,2.213770688044214,1.5373448281076294,-4.107210979925337,-1.1305544468940012,1.2844676848690315,-0.8740029421201987,-4.886342433124519,-2.6883685002748225,0.021923138026053394,0.9604286686707727,4.678763619056607,-1.4723477107649274,3.8423274277655293,2.166818980894972,1.5668241527291793,6.228911749489945,2.8708596257337824,0.7909757477691193,-4.987149809657852,-1.4544263538143642,1.0608080650588483,-0.3512792653182138,-0.1453467688222667,-1.0013567485315604,0.8078370692850022,3.206146866733068,0.3559351605031962,4.905567404188889,7.209298429437956,0.6432323722031921,-3.060625970231503,1.380002886486741,3.3535585067053844,0.10755251172414648,1.18476686843446,-0.32986635288437344,-1.067860306781693,-1.5511938310428937,-2.3995966941338325,0.35023776662573203,-3.39189862654255,-1.7686169262517273,-0.36295112770470533,-2.073983848171534,-1.297553335357338,-0.6620520910124557,-1.929530526975247,-3.2101576505497227,0.8600208336485138,-0.377456702786584,1.3830342362081525,6.257827499194133,-1.4285276975466945,0.13834798663165584
-0.14047401525716485,0.8775397736085638,1.7390534092898715,2.7667834693247553,2.8152521865399707,-0.8462708331060744,0.6120573029090848,-0.36237815516113686,-0.8268193160749692,0.28056003174900473,-1.7086429162233292,-0.33397669590710977,-0.037059987725903625,2.4258619234078336,-0.6809801646054661,0.9834648021053192,-0.7520959718623572,1.5223003386655822,1.177865558073014,0.7476193246565304,-0.17910318956547697,-0.7963366553874578,-0.31201073734475315,0.27109944442273176,0.3199843858612968,1.6890244257053708,-0.7937804078848272,-1.072343344867286,-0.8654461893015232,0.3238056279573508,0.6432323722031921,1.4366206091369165,-1.0226589098150407,0.7252657303099587,0.413554096386499,-1.1887001851284964,-1.4230515077472488,0.566899942094634,1.0736287091765466,-1.4745217974640314,0.43509554457510813,-0.024793129135306388,-2.8260657020303777,-0.24407914299540728,1.5264863825786918,2.3608030732992273,-0.07262006494434425,1.8209691232444716,0.3437050139877522,0.9393396907366887,0.18802320847571824,1.9262319831876529,-0.3667570593281712,-0.6958914000320943,0.3832728067879809,-0.26136918905822554
-0.9504388420971082,-1.0076404868259552,-1.777992481898243,-2.0815948388138876,0.013667210005534303,0.8845510852065067,-0.8155635859797458,0.5250970620781451,2.2866003704288222,0.8583639714961631,0.919987510373582,-0.17977117410311705,-1.7395670944323223,-0.7648093646118916,-1.075007714461592,-1.3492231688775091,-0.18017553281595722,-3.169566743229075,-1.7192601584624025,-0.7033795254431654,1.9727603593815883,0.9796434874997023,-0.2292398869172419,-0.015293490031697022,-0.11919587763690141,-0.5421333010835024,0.12728340597108412,-0.6229475913361102,0.3369015614571762,-2.020862984532331,-3.060625970231503,-1.0226589098150407,1.7071814490997035,-0.9122622378732097,-1.4861819674438954,0.6053312686745397,0.3278671048831332,-0.18468079654919983,-0.18165402247164342,1.3843351120720102,0.6660667275874353,-0.11857048644720612,2.8115660019074125,0.7966325927159081,-0.6932219914895736,-0.5032916673451038,0.5281759857446242,-0.741199033051837,0.5391254282828317,0.6963697121741608,-0.4258613824734619,-0.9041440539093154,-0.3206408540470176,-1.9754966551973325,0.3288889993945037,0.08937953079350801
0.35438893805414295,0.5962766702154859,1.096021379072898,1.4428102167956338,0.6011407292163222,-0.542945277363623,0.46328864281047355,-0.2927524320953931,-1.106666415370459,-0.287738437189109,-0.743515607056327,3.3697265608439135e-4,0.6966765327473948,0.8344422223135919,0.2881340022330711,0.7600166446183809,-0.08878039129060848,1.6148447485839763,0.9529251740758173,0.4479673995202284,-0.8385339259025638,-0.5696599211893225,0.025742657595240685,0.06468151250562956,0.11769054940683803,0.5829660683627892,-0.2241228529655954,0.020517654263704,-0.3226425607557317,0.8890530112526195,1.380002886486741,0.7252657303099587,-0.9122622378732097,0.5290355244580767,0.6912910802440922,-0.5031092075026113,-0.44058682231988033,0.19584308790283833,0.30657672140769704,-0.8809793090968211,-0.17557969635689527,0.04193632591857382,-1.7507221062863143,-0.37868988888807853,0.6107855581468704,0.7139640968168318,-0.22790290321184348,0.6929239162322707,-0.1434544262251849,-0.08000612204978393,0.21270197107005437,0.7851895461919713,0.051051766455784894,0.6494240082978575,-0.05059755512486771,-0.09436699004781585
1.2381643619707108,0.7183947329463192,1.1578441683318885,0.9329931109070848,-1.6462190749001189,-0.5873333606375275,0.6386737941149443,-0.42980912955383443,-2.3052296230690197,-1.2073429249282723,-0.1313649021803299,0.41204354547090444,2.1389436575182597,-0.47283635199104807,1.7026149088521232,1.0733908705498107,0.6547217752271841,2.977576587759446,1.4115284800589358,0.42382803740248487,-2.2978464315668474,-0.7317702440995203,0.4596722652359747,-0.138293817503084,-0.040037809560610343,-0.3178800785202634,0.3042281455939821,1.3788487149084625,0.09092425590583665,2.2726049660665857,3.3535585067053844,0.413554096386499,-1.4861819674438954,0.6912910802440922,1.5697035033211064,-0.049132283360850244,0.4243908443746154,-0.10357296321275465,-0.4000102872103425,-0.8320826193136445,-1.0625255300439782,0.1585227340389218,-1.787122693649887,-0.8291124905718039,-0.03954884218165288,-0.7536097537115214,-0.600539710409071,-0.1517651255097362,-0.8550242491540687,-1.3914561853089873,0.40947645362250895,-0.013624644943088633,0.6026344684634927,2.807312970379663,-0.6221822685727236,0.042114716404878856
0.3745243692289309,-0.6316737242938197,-1.3060655842393347,-2.261854920030465,-2.8250974296960134,0.6310677347717593,-0.4130979943291453,0.2343954528640237,0.2668567363332198,-0.4921742301090856,1.4867696633966812,0.37902001678386193,0.46484039393882726,-2.2436808983591066,0.9469370225055803,-0.6542288600385163,0.7980812798521314,-0.7469432872500726,-0.7582592508525158,-0.5766873480657512,-0.30539678699568634,0.5574891870584289,0.36907390700224646,-0.26797322236141974,-0.29148125140278747,-1.5595324162029398,0.7645322103082601,1.2280799464270502,0.7845592332612304,0.1722080868140153,0.10755251172414648,-1.1887001851284964,0.6053312686745397,-0.5031092075026113,-0.049132283360850244,1.0428605917252225,1.3458785474422066,-0.5226359767305353,-1.0316758816443359,1.1379149814099807,-0.5999264283143703,0.05410953316351999,2.141719965824446,0.04926951029076082,-1.3597106742158636,-2.242692054802641,-0.057316982893327977,-1.6429675532046888,-0.4771728487850144,-1.1126649998993943,-0.08370665434218343,-1.708929155816128,0.4464060595286813,1.1833176625537585,-0.46502083429888885,0.24026074544712633
