V1,V2,V3,V4,V5,V6,V7,V8,V9,V10,V11,V12,V13,V14,V15,V16,V17,V18,V19,V20,V21,V22,V23,V24,V25,V26,V27,V28,V29,V30,V31,V32,V33,V34,V35,V36,V37,V38,V39,V40,V41,V42,V43,V44,V45,V46,V47,V48,V49,V50,V51,V52,V53,V54,V55,V56
1.9069870058673115,-0.2753359627161106,-1.3453383247587007,-2.6789246685761077,-6.022090511493545,0.25985513150681505,-0.0039511426586743,0.2892871109771532,-1.6432486576020242,-1.96387036606824,2.0681981856952643,0.9840825458565418,2.7387725067015616,-3.794254234236435,3.003168407082038,-0.2501231212772803,1.6001166110587792,1.767406398077299,-0.28273226680628855,-0.520662721854305,-2.5093230774700026,-0.18691251083041155,1.2143845656544316,-0.7181647151066026,-0.7554789874926425,-2.61656339652805,1.3174775736347721,3.132850244606839,1.0159717481111668,2.146987142841279,2.9025476020275374,-1.709018192825478,-0.337518661932644,0.08595975726290032,1.197464833007627,1.2602037743482428,2.3472272263429907,-0.688814608339623,-1.7626363345030014,0.6711240410959777,-1.6223060510391334,-9.962110010282746e-4,1.5900427784351199,-0.82443892438529,-1.7697675799652663,-3.7406915207238707,-0.926759344353537,-2.6187144371285274,-1.2568915225995712,-3.0746937307273936,0.2706290759632273,-2.7263457094830232,0.8187679962035619,4.448990134762115,-1.331017263657281,0.35907067757576205
-0.2753359627161106,0.34513747174247966,0.7203024628805592,1.3050804151680468,1.7545919775654437,-0.3523054591204797,0.21828288986817154,-0.11516666855308465,-0.054909523071714726,0.345704527436919,-0.8814458415547404,-0.24385538708758625,-0.3715212736196228,1.3595054785925307,-0.640513878586405,0.33819936596032835,-0.5085096294843999,0.3148429827389009,0.38205319373883556,0.324188652764168,0.2857621563657168,-0.30533996304326827,-0.2369427283221806,0.16304367945336692,0.17117911454812623,0.944894232290823,-0.4712063568950193,-0.7936978013120111,-0.4760219822769605,-0.20734661344065225,-0.2193523250384138,0.685698679607125,-0.2929175102427438,0.27214552297195566,-0.04341396465645999,-0.6238296102109202,-0.8226932092309178,0.31958755274912176,0.6355352621986372,-0.6457027668247435,0.40925454718954385,-0.04283686175438373,-1.1973453168162276,0.005886721385256499,0.8176494845959709,1.3763896157074622,0.056179792790572336,0.9866858312882286,0.32656251204597825,0.7239179452887822,0.032042718386224266,1.0172623309844633,-0.2996228946596412,-0.8295671884788647,0.3041878660229464,-0.14559248202515487
-1.3453383247587007,0.7203024628805592,2.494839751995984,3.4400307280391154,5.331326226723975,-0.5046112258874657,0.3804562552108541,-0.8596860938128835,0.1554438696980991,1.3413674022203101,-2.151255760961206,-0.7749912847035262,-1.5089032035400023,3.5582145348213645,-2.001227192094886,1.1554858803818855,-1.0402818800546092,-0.05919304855782762,1.5674451305530233,0.8369033725876102,1.0546259814432992,0.03981623518909484,-1.1571603822602634,0.8109174641281838,0.9925133920110936,2.448263036714303,-1.0534523503624136,-2.341526501377954,-0.7598921378524963,-0.578751527788319,-0.5429653201437359,2.2697040073940284,-0.6970856442127115,0.1670933462299182,-0.0800462825565883,-1.0846491073148827,-2.06700378428158,0.4665756716105085,1.4075863103725665,-0.9670838240394041,0.7580902479633778,0.30172985713489225,-2.759360377104441,0.4363770199512152,1.5050818506697896,3.05272033245204,0.8218266958092322,2.581550449748067,0.5253268818739307,2.3652861590527414,-0.035759496341633216,2.8998148926371696,-0.09611270757138467,-2.84516310015199,1.0175367847444685,-0.3044061656707341
-2.6789246685761077,1.3050804151680468,3.4400307280391154,6.526385516558414,11.143328127402565,-1.3227030652958798,0.6601314342088244,-0.6008138510738519,1.4546872098467087,2.953241449510877,-4.673600649753834,-1.6931757444997735,-3.794504480556467,7.796686260523181,-4.864601490741611,1.236991010698223,-3.110421195959122,-0.7788750687803421,1.3845656391624344,1.4782490598546407,3.323913200084707,-0.7607019031119807,-1.8815347507603366,1.1772983488525042,1.230497366726734,5.3996969519152245,-2.7136811774551575,-5.450257274230213,-2.443637981949641,-2.74515889027891,-3.5345580318622503,3.7054850660971486,-0.5359836934581947,0.7480731358848268,-1.3197863783335837,-3.127283004156835,-4.773221297329546,1.6494006273275668,3.6464894176022375,-2.6156539848342812,2.839544192141106,-0.14654311001931047,-5.145399070870466,0.8153476168794752,4.211970502623252,7.820854209552013,1.0535028225478915,5.524469602303889,2.2324045663172014,5.175458335068606,-0.16796208225239456,5.710208396884899,-1.7352056990725928,-6.843520927447567,2.212332411072734,-0.7918837563425646
-6.022090511493545,1.7545919775654437,5.331326226723975,11.143328127402565,21.888084861781444,-1.885588238232832,0.6416677226295303,-0.760795980038936,4.688269016177233,6.486311998829479,-8.435995441286398,-3.46802949241762,-8.843509250288902,14.691622703990559,-10.410901312607917,1.3485513061413281,-6.248712953286145,-4.071225355273895,1.3426910739432862,2.33799949728163,8.10588509406407,-0.7049444002739895,-3.879253667954028,2.3003535689975116,2.3221706463391487,10.165304326499879,-5.223682375358273,-11.19829541096852,-4.525027991556929,-7.007033783820752,-9.389256411785224,6.4564135183383025,0.31509131321860134,0.7347356101314209,-3.780421112575764,-5.6511294812609565,-9.106338939570962,3.0886862401153516,7.0109165492298695,-4.0220476537478325,6.105710860967537,-0.38048080666424544,-7.846577209408925,2.241241179862566,7.709754119643564,14.946142064984203,2.4931177202716137,10.250743431713232,4.812083596267332,10.71890912309453,-0.6710054256762706,10.484759198382186,-3.6600081478105566,-15.017784669709604,4.606872562985809,-1.4818564305525943
0.25985513150681505,-0.3523054591204797,-0.5046112258874657,-1.3227030652958798,-1.885588238232832,0.43635576258385017,-0.22408859339888326,-0.06779344554546105,-0.09564740637140165,-0.38390438076590905,0.9904168356329612,0.2716655405545495,0.48054846225219194,-1.5323261677822237,0.7862548093499296,-0.18701902767834863,0.6998638454259986,-0.2757309178835154,-0.12079057400547141,-0.31359791651022195,-0.4646855716416116,0.4831554338271839,0.1618100837844225,-0.08922253290999953,-0.045112623533483116,-1.0706014492411307,0.5936146063095921,0.9365882314532485,0.6590785825116151,0.44902780418696125,0.5905935603740986,-0.5790015084821135,0.18638616053124643,-0.37236115613865006,0.21691224930723965,0.8227272496734981,0.9645261171621523,-0.45847738880907035,-0.8031014743378241,0.8134061754996745,-0.6392022201951618,0.17384646811485313,1.2245448401213939,0.021549775109224914,-1.0666523108417654,-1.7267371370106537,0.05796766500807423,-1.092798773383432,-0.5320999380305934,-0.8064261673635708,-0.025118498707793674,-1.0482197448431732,0.5729523491923515,1.0120789214744381,-0.3364047136170568,0.1837926859174908
-0.0039511426586743,0.21828288986817154,0.3804562552108541,0.6601314342088244,0.6416677226295303,-0.22408859339888326,0.15524721153516544,-0.05509573836243921,-0.2069630892733622,0.047756721229714326,-0.4185491503143045,-0.07420304784943885,0.0129451358394751,0.5844325617564978,-0.1517920061106362,0.217776279568276,-0.1988219691624464,0.40359863850809685,0.247091016183241,0.17878173779848022,-0.051784149548682684,-0.23458784800344637,-0.04722546953213989,0.044627245824168486,0.047278937886618626,0.40820245147899464,-0.20159155514275526,-0.24799264886040828,-0.2347566981698834,0.07184877056057075,0.14116524786125034,0.317755112506169,-0.24429253853382651,0.20164197801433717,0.09204284570332678,-0.31534658079371497,-0.3480603692885733,0.15672366597200046,0.2733009350261703,-0.3908424114000577,0.12532643349107683,-0.029124934207941704,-0.693162315217145,-0.07879035983903476,0.4015348125057065,0.5997968873721184,-0.05217368669864995,0.4380270748050523,0.10354845204074921,0.20479588827422196,0.050266259295208386,0.4498764059468745,-0.12777848986646262,-0.1401624255106631,0.08215323317518193,-0.06715286827845107
0.2892871109771532,-0.11516666855308465,-0.8596860938128835,-0.6008138510738519,-0.760795980038936,-0.06779344554546105,-0.05509573836243921,0.49940420103452166,0.23507773975338475,-0.1877745689485941,0.19584906277170264,0.09552447661745897,0.09362505618946676,-0.34311968160829526,0.11324515323919311,-0.49004091880634365,-0.1593524826504325,-0.03913046260939799,-0.7703602116717653,-0.17249304903541868,0.12070687521955255,-0.34598276890621754,0.35982200248783797,-0.29037452844047884,-0.42126186496053986,-0.22328021851085741,-0.03048993561908499,0.17946770318588265,-0.20043430111305224,-0.3270256051345385,-0.5679437928120229,-0.6194969244933459,0.3177692637559674,0.16177996271639708,-0.29769532052802944,-0.17060541817155223,0.12292175485480644,0.17235945840344755,0.04832839806497766,-0.14013063063197087,0.2810026680613955,-0.3002000163142287,0.4494090184174624,-0.1389874967573945,0.18538917182837236,0.08121841683843445,-0.37157568054415624,-0.28351341811232067,0.280263175361187,-0.29699653238263213,-0.003083956102499502,-0.48254252651473106,-0.48915420096552836,0.2102429995258733,-0.13413394556354832,-0.014383040379715313
-1.6432486576020242,-0.054909523071714726,0.1554438696980991,1.4546872098467087,4.688269016177233,-0.09564740637140165,-0.2069630892733622,0.23507773975338475,2.08728916119719,1.7511171838098722,-1.4685796808647122,-0.8246428000624864,-2.68190049098003,2.8973899340919576,-2.760751680595108,-0.43245799333481927,-1.55675842907851,-2.2293734152584705,-0.6934964501747585,0.1786249036658466,2.6924669771960357,0.10301453372593171,-0.8354268448330652,0.40394603206974655,0.3156565833643023,2.005266783711927,-1.1482114044211449,-2.730408303908231,-0.9706124996532458,-2.5423795622938963,-3.600673374020806,0.8117155849862395,0.8890175547662297,-0.14092631373915881,-1.579676552456755,-1.1057883830832629,-1.890244467350305,0.6949064240838058,1.5396172670856,-0.40676307599918987,1.7688817026129913,-0.2515318681702882,-0.4672812872863041,0.7798400824573903,1.544242902182211,3.2268889671362224,0.6366799999034785,1.92024249003755,1.4226927074031903,2.6055725982779623,-0.3267831336153602,1.829197659229248,-1.1534033615788823,-4.136696674308541,1.1293048855369188,-0.3060906678368255
-1.96387036606824,0.345704527436919,1.3413674022203101,2.953241449510877,6.486311998829479,-0.38390438076590905,0.047756721229714326,-0.1877745689485941,1.7511171838098722,2.0708352175439613,-2.3222215237080284,-1.0565056404670226,-2.905911246988099,4.194787863615408,-3.2468746910114397,0.21065308635099314,-1.8382442489649506,-1.7527398486924624,0.17620005820681062,0.5772724827558886,2.7065937882894264,0.011288049394762075,-1.2172168720685892,0.7039128597901161,0.7073166103056256,2.898577530758518,-1.4990688446200047,-3.403728560276657,-1.2372073796733452,-2.369571424959185,-3.2228359976078456,1.776556229527848,0.3599933788856008,0.03142876806533429,-1.3348750166712229,-1.5214208198778076,-2.615533528521986,0.8483815400852236,2.0091379166104026,-0.9096242657666733,1.8689263466252337,-0.09637708588699566,-1.8414105366411306,0.8142639160560103,2.1052141771650033,4.265214855210236,0.8672781579669367,2.8949786092199425,1.4684147000363958,3.29103607081411,-0.271945370133553,2.9577237785142483,-1.0677976362839006,-4.765410081309124,1.4205637299837346,-0.41495772053441404
2.0681981856952643,-0.8814458415547404,-2.151255760961206,-4.673600649753834,-8.435995441286398,0.9904168356329612,-0.4185491503143045,0.19584906277170264,-1.4685796808647122,-2.3222215237080284,3.5075675324902598,1.307656376512414,3.1109777989411507,-5.916246108718933,3.883055993817227,-0.6242011381211428,2.5412626300503485,0.929107561622902,-0.5774745496756681,-1.0202017379051578,-2.860073411719673,0.6658900412679443,1.339870594524598,-0.7936397750223048,-0.7659559914761976,-4.102775891785369,2.1407545197865656,4.271960550998261,1.9860307001582818,2.5027564231184525,3.332744247651584,-2.54114275304708,0.11698832643200958,-0.5779548901156792,1.3157128957911655,2.485956540930086,3.674986387453918,-1.3615521523944165,-2.8790357213336404,1.9956460745874007,-2.428977370271375,0.26385187443258923,3.5859905731546116,-0.6538883993901925,-3.339365116840908,-6.1538601745421655,-0.7098206815845658,-4.154906568961983,-1.9382002164780547,-4.0085502986939865,0.17369091038071977,-4.194880993008947,1.62142361125562,5.482817789332541,-1.7131030000687786,0.6222173909246351
0.9840825458565418,-0.24385538708758625,-0.7749912847035262,-1.6931757444997735,-3.46802949241762,0.2716655405545495,-0.07420304784943885,0.09552447661745897,-0.8246428000624864,-1.0565056404670226,1.307656376512414,0.5557534896725597,1.4618668513115778,-2.3049503767162043,1.6888128694413154,-0.16192213246924045,1.001987968737753,0.752488996542178,-0.14420246331266523,-0.34570012879214806,-1.3557890753368629,0.0853626740873761,0.6184759247539227,-0.3605087407048443,-0.35842529059860495,-1.5946284454640114,0.826775104440008,1.7980111545033706,0.7115535185126265,1.1860083938756398,1.602989232230558,-0.9826699986721831,-0.11156665263910277,-0.08931762002202073,0.6548856550796283,0.8812276828975407,1.4349543166445526,-0.4877814122367103,-1.109423206546531,0.5960115986518847,-0.9972536467536927,0.06925136700846721,1.1474185899289258,-0.3803910924747402,-1.2058590640319764,-2.3609156100914572,-0.4077410063130164,-1.6006695407873173,-0.787379037021725,-1.722323821811474,0.12076716043567459,-1.6292392831993363,0.6004088162532393,2.4493717112680846,-0.7410904714606057,0.2328488932321551
2.7387725067015616,-0.3715212736196228,-1.5089032035400023,-3.794504480556467,-8.843509250288902,0.48054846225219194,0.0129451358394751,0.09362505618946676,-2.68190049098003,-2.905911246988099,3.1109777989411507,1.4618668513115778,4.16349316334211,-5.6944273550613485,4.579996247651864,-0.06157251534649136,2.614797330629592,2.705827098332155,0.08677330139171446,-0.7040273571980826,-3.9586300451794245,-0.007434883921061319,1.6231727397455398,-0.9060760014588569,-0.8695256696399933,-3.9372142584958887,2.0852333276705415,4.74545321481162,1.746473058421886,3.5449953806033463,4.877658634032908,-2.2361490673817315,-0.7185732942965725,-0.01108282234952862,2.053512343242021,2.113173310102824,3.5854546859837213,-1.2101538374434657,-2.7957656660110684,1.1907554564607297,-2.7271933616311497,0.21925108632477225,2.225437466452355,-1.163228385941859,-2.9229047651967095,-5.920289359920597,-1.1567986734786282,-3.9010438983658218,-2.158977249452848,-4.564861310955813,0.413734677980684,-3.9251713730854134,1.6360482956066902,6.742905055939096,-1.9711489821464692,0.5742936986049111
-3.794254234236435,1.3595054785925307,3.5582145348213645,7.796686260523181,14.691622703990559,-1.5323261677822237,0.5844325617564978,-0.34311968160829526,2.8973899340919576,4.194787863615408,-5.916246108718933,-2.3049503767162043,-5.6944273550613485,10.12439368529301,-6.90821422905601,0.92998578020331,-4.379073003600083,-2.1675825767042367,0.8390544331351398,1.6650637041432559,5.261068137176734,-0.8997247571540608,-2.422933105072325,1.423400058968438,1.3833078038648146,7.016103559467886,-3.6591866860202784,-7.509753416146813,-3.3203908046174995,-4.612402708039598,-6.182224656736407,4.318277356446209,0.0435762525979803,0.7975141054256758,-2.4761330807294986,-4.1389919374588136,-6.29740270241766,2.277718140501587,4.91776922430987,-3.1591353819564465,4.248985569488377,-0.41535339718600034,-5.759856845885365,1.2993956792426218,5.5905756570574425,10.49544334777445,1.3937745046355614,7.081946028285099,3.380487243949978,7.093053390440331,-0.3758107234921022,7.161255859171814,-2.752917964847259,-9.84740895736904,3.038439114338034,-1.0528525424358945
3.003168407082038,-0.640513878586405,-2.001227192094886,-4.864601490741611,-10.410901312607917,0.7862548093499296,-0.1517920061106362,0.11324515323919311,-2.760751680595108,-3.2468746910114397,3.883055993817227,1.6888128694413154,4.579996247651864,-6.90821422905601,5.220810925331751,-0.25873752567440755,3.1277312493870513,2.549529983906131,-0.09833647918322397,-0.9586158821784236,-4.332507442872976,0.2868385413098616,1.8102043104152428,-1.0214996974394936,-0.9705865429434866,-4.782419106044709,2.531988633764362,5.5034146693125345,2.2115259202273365,3.874077596377067,5.295775428379378,-2.7606743727100422,-0.5569056159755643,-0.25195963284770373,2.1994471340023005,2.70311650783871,4.337211730773967,-1.5292696234767245,-3.3988642267632536,1.7635063434920086,-3.183190627339161,0.3054603983284836,3.1816389734269155,-1.184853312352156,-3.695372841452882,-7.218498928379176,-1.1832966639405509,-4.769249490437582,-2.5306925845566237,-5.243868366194143,0.4021921358574385,-4.788611630936851,2.0006965751164802,7.589696415057225,-2.2567807243743325,0.7108022199847448
-0.2501231212772803,0.33819936596032835,1.1554858803818855,1.236991010698223,1.3485513061413281,-0.18701902767834863,0.217776279568276,-0.49004091880634365,-0.43245799333481927,0.21065308635099314,-0.6242011381211428,-0.16192213246924045,-0.06157251534649136,0.92998578020331,-0.25873752567440755,0.6605620337103878,-0.07805011623515318,0.4796164081898457,0.9341523077891035,0.3437583680828142,-0.16527229147719863,0.04030782306293236,-0.35957175551727694,0.2977902926266432,0.41336073755714614,0.6355542580251303,-0.19256289342528168,-0.4210831169258906,-0.08312833092571949,0.3643228466859528,0.6492633231869218,0.879179356220733,-0.542306372531857,0.0820064548778213,0.35949925915259234,-0.19679735258560016,-0.4835852180429286,0.022258702661005936,0.25506396216970856,-0.30694434878851695,-0.10741826712241907,0.22658526871929224,-1.1447529045124576,0.031810011794970096,0.2777407251824261,0.5814883209435332,0.26116592638592606,0.7201240807633336,-0.13002583819084837,0.475023724320646,0.058269155186374655,0.9043358975416411,0.2825834903632496,-0.32696044381073064,0.2033270062591392,-0.06066687450575616
1.6001166110587792,-0.5085096294843999,-1.0402818800546092,-3.110421195959122,-6.248712953286145,0.6998638454259986,-0.1988219691624464,-0.1593524826504325,-1.55675842907851,-1.8382442489649506,2.5412626300503485,1.001987968737753,2.614797330629592,-4.379073003600083,3.1277312493870513,-0.07805011623515318,2.096695146035939,1.1472661052587607,0.14385578618992217,-0.6271745861038058,-2.553171755676799,0.5707823331132549,0.9027940282829497,-0.47754742290831964,-0.37799177444063076,-3.0426595163618533,1.679772354456481,3.3434983115039123,1.6161128065076098,2.38072554303907,3.2822497343230275,-1.5600989043335722,-0.2798801881602268,-0.4189892839572962,1.3670216920291527,1.9600235984245753,2.783267995131398,-1.1311016291086966,-2.261401998601248,1.4620642978137024,-2.129729078457819,0.3705125433753923,2.2397018446504533,-0.5449181523156802,-2.6263630150545763,-4.808420239239786,-0.4397804703716266,-3.0287325678436297,-1.7280685112404348,-3.0878350316853576,0.1913923468618377,-2.9410053332675656,1.555288024328328,4.448909680792649,-1.3199798890885854,0.4843064088023662
1.767406398077299,0.3148429827389009,-0.05919304855782762,-0.7788750687803421,-4.071225355273895,-0.2757309178835154,0.40359863850809685,-0.03913046260939799,-2.2293734152584705,-1.7527398486924624,0.929107561622902,0.752488996542178,2.705827098332155,-2.1675825767042367,2.549529983906131,0.4796164081898457,1.1472661052587607,2.7683178462081126,0.6258804387672121,-0.004620127825361604,-2.656302914429972,-0.6390828085237399,0.9480078389349699,-0.48983212827881545,-0.4708613554775728,-1.4869472731169788,0.8123107915992663,2.413195244148508,0.4954499258715095,2.425591254807992,3.436233769837546,-0.6655230799749249,-1.062062305517995,0.5264931478327888,1.5257435021055352,0.5250074478705055,1.4081584797694067,-0.3556920147912458,-1.0806520635384718,-0.2571678254296725,-1.398098810557002,0.039469177832465896,-0.32340059545420285,-0.9593923781147433,-0.8198502121283063,-2.2360713796074965,-0.9067586106250217,-1.3920884399364317,-1.0906615823629755,-2.4190502766770057,0.3940728824270436,-1.3940997624143694,0.6755881147012447,3.97200705304657,-1.0613160927234684,0.19327367795490508
-0.28273226680628855,0.38205319373883556,1.5674451305530233,1.3845656391624344,1.3426910739432862,-0.12079057400547141,0.247091016183241,-0.7703602116717653,-0.6934964501747585,0.17620005820681062,-0.5774745496756681,-0.14420246331266523,0.08677330139171446,0.8390544331351398,-0.09833647918322397,0.9341523077891035,0.14385578618992217,0.6258804387672121,1.3750828045440522,0.40493852065102626,-0.4258037101631744,0.24245449433360444,-0.48589619709318604,0.41923780022011004,0.6114653387167029,0.5647133848699425,-0.07008625296982289,-0.288757370647153,0.12080077053575923,0.7224537887396204,1.2089385182442873,1.1194866072260472,-0.7545844379250736,-0.014966805790412811,0.627920755484386,0.00934407778486931,-0.37343268582657996,-0.13817637484063297,0.08647365843885046,-0.1617353022206412,-0.40311185313856845,0.4095816860579597,-1.281190594461926,0.05633162720349093,0.022265623825437446,0.23643238655629026,0.4187973499080276,0.6849044014884521,-0.39728973805146095,0.419554388202845,0.07913311597277942,0.9816767263472865,0.6445346071154229,-0.1173005430735491,0.18296884806779984,-0.023381434605632048
-0.520662721854305,0.324188652764168,0.8369033725876102,1.4782490598546407,2.33799949728163,-0.31359791651022195,0.17878173779848022,-0.17249304903541868,0.1786249036658466,0.5772724827558886,-1.0202017379051578,-0.34570012879214806,-0.7040273571980826,1.6650637041432559,-0.9586158821784236,0.3437583680828142,-0.6271745861038058,-0.004620127825361604,0.40493852065102626,0.3478545614035979,0.5856983102814292,-0.1894865321646962,-0.3941484280838628,0.2573099223283174,0.27930870103513833,1.1530314890853839,-0.5660071108305916,-1.1047721814582536,-0.5126574384448488,-0.45432010760744673,-0.5560085231859754,0.8440954367172642,-0.20847649967928766,0.19196555592671788,-0.18694364360667645,-0.6685038807494955,-1.0085631024392967,0.3422850493928643,0.7607708613220974,-0.6020537531155696,0.5420023137724551,-0.010930098868888459,-1.2214444005602438,0.13596698801340518,0.8963738324338658,1.6380694871092714,0.20888312630111522,1.1913156367114797,0.42268704130630635,1.0496606826657136,-0.013802479914217125,1.2467518237932358,-0.3210755876501693,-1.3282827759913034,0.4474524509393764,-0.1674584673031797
-2.5093230774700026,0.2857621563657168,1.0546259814432992,3.323913200084707,8.10588509406407,-0.4646855716416116,-0.051784149548682684,0.12070687521955255,2.6924669771960357,2.7065937882894264,-2.860073411719673,-1.3557890753368629,-3.9586300451794245,5.261068137176734,-4.332507442872976,-0.16527229147719863,-2.553171755676799,-2.656302914429972,-0.4258037101631744,0.5856983102814292,3.8541537097765826,-0.10934462377664968,-1.4051644577378766,0.7457142748491722,0.6567236925296188,3.642783972886937,-1.9918737808719345,-4.453780460563914,-1.7328194206896226,-3.5438583160276353,-4.92911834044462,1.8577249611675906,0.8461792301534272,0.055197300045620526,-2.102601159329783,-2.0637949265317994,-3.352867025061167,1.2151045251770487,2.6733646956985844,-1.1578667815639847,2.718854334689238,-0.33022420866960345,-1.8766209517106678,1.0678975274769629,2.8375825506336194,5.649980497293123,0.9634571591491953,3.5802210332198907,2.1755963339183135,4.236981251144961,-0.403699338425598,3.520540590913462,-1.7567575359395682,-6.369686135960314,1.8277547114405985,-0.5497129496120468
-0.18691251083041155,-0.30533996304326827,0.03981623518909484,-0.7607019031119807,-0.7049444002739895,0.4831554338271839,-0.23458784800344637,-0.34598276890621754,0.10301453372593171,0.011288049394762075,0.6658900412679443,0.0853626740873761,-0.007434883921061319,-0.8997247571540608,0.2868385413098616,0.04030782306293236,0.5707823331132549,-0.6390828085237399,0.24245449433360444,-0.1894865321646962,-0.10934462377664968,0.7409548446516131,-0.1979692116612935,0.15757607258459627,0.27133154953972805,-0.6421062794895324,0.44717529652570254,0.4075528790630245,0.6526238848964642,0.24814266873563084,0.3701311244128569,-0.07889515669926907,0.14446154159847588,-0.5153450831600983,0.14867676304064334,0.7823179535316787,0.6137324858489775,-0.4714845789571977,-0.6118175024073819,0.870915054984438,-0.5482874850264106,0.3286605507873558,0.9195654798095915,0.24131852347588448,-0.9730526006665884,-1.3149851919960007,0.4019886039749919,-0.6417514611510767,-0.493995005040914,-0.2183161529529299,-0.07938747076995806,-0.48503030530194313,0.7136963140565975,0.23046845060171192,-0.07739505253448876,0.14980187836798506
1.2143845656544316,-0.2369427283221806,-1.1571603822602634,-1.8815347507603366,-3.879253667954028,0.1618100837844225,-0.04722546953213989,0.35982200248783797,-0.8354268448330652,-1.2172168720685892,1.339870594524598,0.6184759247539227,1.6231727397455398,-2.422933105072325,1.8102043104152428,-0.35957175551727694,0.9027940282829497,0.9480078389349699,-0.48589619709318604,-0.3941484280838628,-1.4051644577378766,-0.1979692116612935,0.844807819091236,-0.530693517477548,-0.600753377761827,-1.6668263681829223,0.7862648823570791,1.9251365503040487,0.5541430991044918,1.1158809019894385,1.4554573611569703,-1.2704042268886588,-0.040675988483461684,0.07708817206809207,0.5718348209071725,0.7197814441097601,1.4640016189001732,-0.361957491258306,-1.0497490422845634,0.40078481585101017,-0.859387478869452,-0.105949320184418,1.1988005034930596,-0.5172993038904505,-1.0241050643445742,-2.238771270262632,-0.6661785863609113,-1.694899299423752,-0.6439185097235316,-1.9275422717936992,0.1480591748102877,-1.832226289486637,0.3167385823471034,2.6837565822867093,-0.8354202531341782,0.21400208253135583
-0.7181647151066026,0.16304367945336692,0.8109174641281838,1.1772983488525042,2.3003535689975116,-0.08922253290999953,0.044627245824168486,-0.29037452844047884,0.40394603206974655,0.7039128597901161,-0.7936397750223048,-0.3605087407048443,-0.9060760014588569,1.423400058968438,-1.0214996974394936,0.2977902926266432,-0.47754742290831964,-0.48983212827881545,0.41923780022011004,0.2573099223283174,0.7457142748491722,0.15757607258459627,-0.530693517477548,0.3458158776796381,0.40795774695403264,0.9772732066257593,-0.43702769627689453,-1.1019002603222883,-0.2810288854444063,-0.5488059980156533,-0.6876298046649462,0.8261781655482238,-0.04880494877045092,-0.05998518537934859,-0.2546703953113677,-0.3817886057733299,-0.8445689370860324,0.1762812943197525,0.5823355744548926,-0.21667439617209341,0.4276565599265227,0.11051529712603991,-0.7775659912501582,0.3041931347769346,0.5508745737852478,1.2468602295314308,0.4292425864629837,1.005200632387537,0.3084187995007735,1.1219433916979944,-0.07777636924942939,1.1170177341728462,-0.09277210587256199,-1.5172643706404338,0.48687646558551084,-0.11855761244945684
-0.7554789874926425,0.17117911454812623,0.9925133920110936,1.230497366726734,2.3221706463391487,-0.045112623533483116,0.047278937886618626,-0.42126186496053986,0.3156565833643023,0.7073166103056256,-0.7659559914761976,-0.35842529059860495,-0.8695256696399933,1.3833078038648146,-0.9705865429434866,0.41336073755714614,-0.37799177444063076,-0.4708613554775728,0.6114653387167029,0.27930870103513833,0.6567236925296188,0.27133154953972805,-0.600753377761827,0.40795774695403264,0.5062917065056187,0.9453976213179749,-0.38058800441637514,-1.0587816450847043,-0.1804853926694821,-0.41121969030248795,-0.4694435925400393,0.9360370295138067,-0.1268790112098724,-0.12088401054798086,-0.14942325247236857,-0.2772854847423125,-0.7954406859654105,0.09792678538758971,0.504376587450748,-0.12838844838210203,0.29905201729138847,0.19844574718553407,-0.8104385239038707,0.33100685231019106,0.4230063688085844,1.0858541145832352,0.517699177518446,0.9879429268517164,0.19042145279418043,1.117278368988738,-0.07473929436678932,1.1529474215442064,0.07647329433752516,-1.4610095558485285,0.4869887549012789,-0.10042904418234523
-2.61656339652805,0.944894232290823,2.448263036714303,5.3996969519152245,10.165304326499879,-1.0706014492411307,0.40820245147899464,-0.22328021851085741,2.005266783711927,2.898577530758518,-4.102775891785369,-1.5946284454640114,-3.9372142584958887,7.016103559467886,-4.782419106044709,0.6355542580251303,-3.0426595163618533,-1.4869472731169788,0.5647133848699425,1.1530314890853839,3.642783972886937,-0.6421062794895324,-1.6668263681829223,0.9772732066257593,0.9453976213179749,4.8627318888199955,-2.540402505309969,-5.199984353162607,-2.3126273233333077,-3.1998546496567357,-4.29143323015091,2.9797591530869285,0.03170282738170777,0.564245032181756,-1.719881928018661,-2.8810206223363553,-4.366425337036409,1.5873568080762048,3.4144751219586467,-2.2046786465191666,2.9539103478631485,-0.29817483889525226,-3.9962028688622033,0.8919431452016237,3.889133678612614,7.287145419043844,0.9507239023701428,4.907379783168186,2.352087177402208,4.90629551902715,-0.25840417748993927,4.95624200456911,-1.9253825008173966,-6.812888442198005,2.101327446803812,-0.7314827833039106
1.3174775736347721,-0.4712063568950193,-1.0534523503624136,-2.7136811774551575,-5.223682375358273,0.5936146063095921,-0.20159155514275526,-0.03048993561908499,-1.1482114044211449,-1.4990688446200047,2.1407545197865656,0.826775104440008,2.0852333276705415,-3.6591866860202784,2.531988633764362,-0.19256289342528168,1.679772354456481,0.8123107915992663,-0.07008625296982289,-0.5660071108305916,-1.9918737808719345,0.44717529652570254,0.7862648823570791,-0.43702769627689453,-0.38058800441637514,-2.540402505309969,1.3714838700999021,2.7356347716909952,1.300052007392384,1.8162160955098916,2.47497770691418,-1.4112717280355538,-0.1139781622312489,-0.35027111204220734,1.0131241011053693,1.595692385953546,2.3045715784458283,-0.9028343356591595,-1.8455795323921809,1.2230203277477787,-1.6691619828934845,0.2500312755327691,2.0056509751282334,-0.43745285532663836,-2.140672761649268,-3.932015407345363,-0.3989704259511338,-2.546123085735867,-1.3460496284133716,-2.5429483450912236,0.13991401766789938,-2.5125221397645854,1.1796248417692894,3.592757255188665,-1.0870374882960299,0.39651266513038963
3.132850244606839,-0.7936978013120111,-2.341526501377954,-5.450257274230213,-11.19829541096852,0.9365882314532485,-0.24799264886040828,0.17946770318588265,-2.730408303908231,-3.403728560276657,4.271960550998261,1.7980111545033706,4.74545321481162,-7.509753416146813,5.5034146693125345,-0.4210831169258906,3.3434983115039123,2.413195244148508,-0.288757370647153,-1.1047721814582536,-4.453780460563914,0.4075528790630245,1.9251365503040487,-1.1019002603222883,-1.0587816450847043,-5.199984353162607,2.7356347716909952,5.854506808529857,2.4115395070162235,3.954498183268813,5.374058209299023,-3.0784359570285185,-0.42010800704449913,-0.36436847198264477,2.2093078566893163,2.968183259218528,4.6985035499281125,-1.6623337638792344,-3.6732925243678443,2.0386437501291184,-3.3520985725093473,0.31423135996761475,3.7150968655805805,-1.192430201528168,-4.044103144055377,-7.813514643712188,-1.220244330530272,-5.206857333703082,-2.663629552069185,-5.568558682354399,0.38839956651229246,-5.245982655192422,2.114921077637169,7.958129840916768,-2.39353222136539,0.7735269400681295
1.0159717481111668,-0.4760219822769605,-0.7598921378524963,-2.443637981949641,-4.525027991556929,0.6590785825116151,-0.2347566981698834,-0.20043430111305224,-0.9706124996532458,-1.2372073796733452,1.9860307001582818,0.7115535185126265,1.746473058421886,-3.3203908046174995,2.2115259202273365,-0.08312833092571949,1.6161128065076098,0.4954499258715095,0.12080077053575923,-0.5126574384448488,-1.7328194206896226,0.6526238848964642,0.5541430991044918,-0.2810288854444063,-0.1804853926694821,-2.3126273233333077,1.300052007392384,2.4115395070162235,1.3260821751745298,1.6553175530954494,2.2822893422463606,-1.1315381669130644,-0.09550536393756882,-0.4762419865614282,0.9423282621942284,1.6115450221914354,2.1184263618995227,-0.9310600459581927,-1.7535404903457723,1.3197397742182686,-1.6169075551230914,0.35326269288826634,1.9150194978757125,-0.27645159091874433,-2.1325276833524196,-3.7365215831696803,-0.16271919289705752,-2.309080969813898,-1.3271761692083985,-2.1745679990516735,0.09425725517325875,-2.205278342670608,1.2826586730786114,3.0770577104006787,-0.9237037213046883,0.38292264195531694
2.146987142841279,-0.20734661344065225,-0.578751527788319,-2.74515889027891,-7.007033783820752,0.44902780418696125,0.07184877056057075,-0.3270256051345385,-2.5423795622938963,-2.369571424959185,2.5027564231184525,1.1860083938756398,3.5449953806033463,-4.612402708039598,3.874077596377067,0.3643228466859528,2.38072554303907,2.425591254807992,0.7224537887396204,-0.45432010760744673,-3.5438583160276353,0.24814266873563084,1.1158809019894385,-0.5488059980156533,-0.41121969030248795,-3.1998546496567357,1.8162160955098916,3.954498183268813,1.6553175530954494,3.352728556495036,4.71272480603195,-1.4111163948087997,-0.9062847462899856,-0.1191435775027034,2.034644078263147,1.9416335742972166,2.981305507156414,-1.1746351817242457,-2.4408027664234866,1.1073406495265974,-2.5841983575312186,0.429594306351386,1.4999028560974217,-0.9072699648865689,-2.6484172808510102,-5.149265825840029,-0.7113187060426276,-3.1167773709030926,-2.091941504560648,-3.707240360103395,0.36733245158192507,-2.9760399471135406,1.8033147759243535,5.677183652302145,-1.5966738655832826,0.5037813735662579
2.9025476020275374,-0.2193523250384138,-0.5429653201437359,-3.5345580318622503,-9.389256411785224,0.5905935603740986,0.14116524786125034,-0.5679437928120229,-3.600673374020806,-3.2228359976078456,3.332744247651584,1.602989232230558,4.877658634032908,-6.182224656736407,5.295775428379378,0.6492633231869218,3.2822497343230275,3.436233769837546,1.2089385182442873,-0.5560085231859754,-4.92911834044462,0.3701311244128569,1.4554573611569703,-0.6876298046649462,-0.4694435925400393,-4.29143323015091,2.47497770691418,5.374058209299023,2.2822893422463606,4.71272480603195,6.655239399322687,-1.755335545109353,-1.3662749866589505,-0.15946100454530876,2.8903603208262543,2.655594214299644,4.022662067211359,-1.6278948384574616,-3.3272434517293608,1.4823594992247893,-3.6033129756009714,0.6509735397912852,1.84072387706262,-1.2387432226743333,-3.617802239670573,-7.010257014449053,-0.9136762475135902,-4.158206965524213,-2.927688743854903,-5.016205891017605,0.5176273943562111,-3.91945141898626,2.5686490354901887,7.7672370020021155,-2.1602197493117203,0.6855056478576702
-1.709018192825478,0.685698679607125,2.2697040073940284,3.7054850660971486,6.4564135183383025,-0.5790015084821135,0.317755112506169,-0.6194969244933459,0.8117155849862395,1.776556229527848,-2.54114275304708,-0.9826699986721831,-2.2361490673817315,4.318277356446209,-2.7606743727100422,0.879179356220733,-1.5600989043335722,-0.6655230799749249,1.1194866072260472,0.8440954367172642,1.8577249611675906,-0.07889515669926907,-1.2704042268886588,0.8261781655482238,0.9360370295138067,2.9797591530869285,-1.4112717280355538,-3.0784359570285185,-1.1315381669130644,-1.4111163948087997,-1.755335545109353,2.310768590001983,-0.35548443296379156,0.2056481649588351,-0.6262695653604776,-1.492260723769777,-2.595655781975167,0.7418269671166355,1.8903471724439895,-1.172847344769172,1.3742929674889142,0.11965204653930891,-2.8018602688834218,0.6000930379386699,2.051392272349176,4.060104513592176,0.8642473517264688,3.070340889244527,1.0406656911375631,3.0201694497286735,-0.12460256499838307,3.2926184530323823,-0.6122725018000023,-3.9596658828921965,1.2987710616412855,-0.40342264582881604
-0.337518661932644,-0.2929175102427438,-0.6970856442127115,-0.5359836934581947,0.31509131321860134,0.18638616053124643,-0.24429253853382651,0.3177692637559674,0.8890175547662297,0.3599933788856008,0.11698832643200958,-0.11156665263910277,-0.7185732942965725,0.0435762525979803,-0.5569056159755643,-0.542306372531857,-0.2798801881602268,-1.062062305517995,-0.7545844379250736,-0.20847649967928766,0.8461792301534272,0.14446154159847588,-0.040675988483461684,-0.04880494877045092,-0.1268790112098724,0.03170282738170777,-0.1139781622312489,-0.42010800704449913,-0.09550536393756882,-0.9062847462899856,-1.3662749866589505,-0.35548443296379156,0.6298813690108757,-0.1913134900398434,-0.6504353918288983,-0.03527128710463607,-0.10310506013840666,0.09167709444658083,0.15251677842251837,0.2502971859658061,0.46420504765905907,-0.1550637967640947,0.7852968670879676,0.24557509174396575,0.07018653970233382,0.2830886791934912,0.08732086141860566,-0.04703166853847587,0.39150263524114026,0.3860497463536062,-0.14517306042902953,-0.16212798364436876,-0.37235565600719533,-0.9118805684541106,0.17229779035330606,-0.018528973561243427
0.08595975726290032,0.27214552297195566,0.1670933462299182,0.7480731358848268,0.7347356101314209,-0.37236115613865006,0.20164197801433717,0.16177996271639708,-0.14092631373915881,0.03142876806533429,-0.5779548901156792,-0.08931762002202073,-0.01108282234952862,0.7975141054256758,-0.25195963284770373,0.0820064548778213,-0.4189892839572962,0.5264931478327888,-0.014966805790412811,0.19196555592671788,0.055197300045620526,-0.5153450831600983,0.07708817206809207,-0.05998518537934859,-0.12088401054798086,0.564245032181756,-0.35027111204220734,-0.36436847198264477,-0.4762419865614282,-0.1191435775027034,-0.15946100454530876,0.2056481649588351,-0.1913134900398434,0.3768551968186583,-0.04769177246378544,-0.587154272937949,-0.5183881639259534,0.33767559919790424,0.4777542098230634,-0.6666273451492083,0.37234367274055125,-0.19404506547632858,-0.8423259816716863,-0.16305722797241673,0.7362201425290993,1.0322140010864491,-0.23794385802967713,0.5780830241029183,0.3294923221374662,0.2397720369075912,0.06507255622274333,0.49849112654581373,-0.45805122289457034,-0.22677011630141014,0.09133163959670015,-0.11651642530460665
1.197464833007627,-0.04341396465645999,-0.0800462825565883,-1.3197863783335837,-3.780421112575764,0.21691224930723965,0.09204284570332678,-0.29769532052802944,-1.579676552456755,-1.3348750166712229,1.3157128957911655,0.6548856550796283,2.053512343242021,-2.4761330807294986,2.1994471340023005,0.35949925915259234,1.3670216920291527,1.5257435021055352,0.627920755484386,-0.18694364360667645,-2.102601159329783,0.14867676304064334,0.5718348209071725,-0.2546703953113677,-0.14942325247236857,-1.719881928018661,1.0131241011053693,2.2093078566893163,0.9423282621942284,2.034644078263147,2.8903603208262543,-0.6262695653604776,-0.6504353918288983,-0.04769177246378544,1.2656725405238796,1.0830693607683963,1.6265112633811223,-0.6767906082370462,-1.3622617999812745,0.5714423508076822,-1.52717895645851,0.2988732552348693,0.6131280670252847,-0.5235661028846216,-1.475898581186434,-2.864171115780932,-0.3592888211120477,-1.6525464585332148,-1.2455422934974376,-2.05436088532507,0.22776368473148528,-1.5304503420851225,1.1097688308494043,3.236068113858463,-0.8852347808630885,0.27927117811890567
1.2602037743482428,-0.6238296102109202,-1.0846491073148827,-3.127283004156835,-5.6511294812609565,0.8227272496734981,-0.31534658079371497,-0.17060541817155223,-1.1057883830832629,-1.5214208198778076,2.485956540930086,0.8812276828975407,2.113173310102824,-4.1389919374588136,2.70311650783871,-0.19679735258560016,1.9600235984245753,0.5250074478705055,0.00934407778486931,-0.6685038807494955,-2.0637949265317994,0.7823179535316787,0.7197814441097601,-0.3817886057733299,-0.2772854847423125,-2.8810206223363553,1.595692385953546,2.968183259218528,1.6115450221914354,1.9416335742972166,2.655594214299644,-1.492260723769777,-0.03527128710463607,-0.587154272937949,1.0830693607683963,1.9724757021682024,2.624729899788236,-1.1262270295025818,-2.1516406254235085,1.6372714106756543,-1.9337679821091045,0.393293700525081,2.4772925500499947,-0.33707640985405607,-2.6125052957117125,-4.590391874661578,-0.23326448842635505,-2.889136582865208,-1.5812465529754298,-2.690076493157041,0.10482665065788443,-2.7906757761759113,1.5058307205983732,3.7557677879734652,-1.1428696705682262,0.4706402984017487
