V1,V2,V3,V4,V5,V6,V7,V8,V9,V10,V11,V12,V13,V14,V15,V16,V17,V18,V19,V20,V21,V22,V23,V24,V25,V26,V27,V28,V29,V30,V31,V32,V33,V34,V35,V36,V37,V38,V39,V40,V41,V42,V43,V44,V45,V46,V47,V48,V49,V50,V51,V52,V53,V54,V55,V56
1942.8682898145698,-20781.127716939558,-14832.885462942755,-2046.7455530716377,-5825.453688145089,16448.05060733372,-26335.02182370474,-28549.491210950408,3920.8094647976795,33964.680259118315,7089.678889403295,15606.107501141003,3396.4608688192193,12369.326946313578,-11082.221616419607,3576.8930999343784,-9556.657901935663,-5450.435589598132,-15758.372702787055,-29604.928785544897,38195.004591643075,-27802.93846241181,-22889.962845842416,6064.47867047657,5489.929360733372,-1452.5826516995714,-9529.0000670565,33097.02467392201,-3509.856006709368,-1078.8321917229862,-13431.274270912405,-4710.072864993277,33481.09255608052,13631.174370167515,23864.585355992014,-14712.266324291833,-32117.158254118545,-16634.560201872322,-20684.73959687446,-12167.363908678832,-12934.705436177612,-39442.877888623676,8296.294187533602,-34534.99876012605,-6662.199825423548,-9437.023392139048,36241.80118838817,46916.30355796165,18667.311410387298,9657.34176211248,9008.130155886412,-6100.71219533198,-20694.946919742008,333.3095397905656,-5677.175709686363,-21643.658884808843
-20781.127716939558,222279.85454630363,158656.34862636932,21893.305601485838,62309.5453832817,-175928.91171908414,281686.015492129,305368.55649486295,-41938.56678104934,-363294.9745489588,-75835.46738218138,-166927.52939397728,-36329.388733344844,-132309.06570483066,118538.13156854289,-38261.10461446035,102219.79331580523,58297.644430970824,168556.91216472827,316658.956964279,-408541.61194906797,297387.66497800435,244835.2131815019,-64867.378330801635,-58720.01677034736,15539.703442970227,101925.75060718787,-354014.0987822162,37541.90031425061,11538.650226900576,143663.86134375888,50379.013086173596,-358120.01359873894,-145800.6133940361,-255261.96212574808,157365.867774903,343533.6941799195,177926.38239305047,221248.49581965225,130143.1461900037,138351.87022538946,421889.75067276857,-88739.26577115909,369394.69932812825,71259.0474229097,100939.46901057822,-387649.6646487435,-501827.47246840416,-199670.81588559656,-103294.94986398464,-96354.64180341797,65253.85029377852,221359.24461833248,-3566.3775925197056,60724.93374016821,231504.40439989488
-14832.885462942755,158656.34862636932,113243.93043311643,15626.843715127454,44474.48932559214,-125572.13657473844,201058.63668243005,217962.04693479536,-29934.499932101564,-259308.57409925573,-54129.25307439741,-119147.7069996771,-25930.7762187791,-94438.46394598014,84608.78691901488,-27309.771615361464,72961.2106462754,41610.85192900694,120310.78917063422,226020.9115259722,-291603.9832867243,212266.03081305526,174755.51371056668,-46300.31983529456,-41912.32101997853,11092.033148258146,72751.53222044815,-252684.15245110446,26796.18525691283,8235.835960325485,102542.70760456691,35958.83437004987,-255614.58320628555,-104067.6946049425,-182198.01651386102,112322.79130956832,245203.62361096893,126998.14935460441,157920.1561637827,92891.8655927547,98751.11190682776,301131.52960544423,-63339.304577962124,263662.3053410019,50862.30215786172,72047.27906422372,-276691.9678630517,-358188.57555478817,-142518.82377322332,-73728.42462918276,-68775.07715037145,46576.04964735826,157999.38024313902,-2545.7039716679433,43343.60027447461,165240.39766409693
-2046.7455530716377,21893.305601485838,15626.843715127454,2156.624144445757,6136.862916605671,-17326.96974733677,27744.598631453468,30075.97137616547,-4130.916221637536,-35782.72038635218,-7470.165119819652,-16441.698756161477,-3578.251362523263,-13032.877055460032,11675.355499939855,-3769.063015953172,10067.92180719733,5741.521658037383,16602.40630316308,31188.380846493044,-40238.665192767105,29291.266556838975,24114.4961229378,-6389.156094829993,-5783.10360521238,1531.3586739207653,10039.515661523767,-34868.5365282171,3697.5561244170726,1136.2455806530309,14150.006725510839,4961.724972210789,-35272.27454652941,-14360.022528120338,-25142.07806351143,15499.64258048851,33836.424314648604,17524.49028801846,21791.608369783517,12817.787399146913,13626.627979357838,41553.564340293895,-8740.358628322805,36383.34235281961,7018.173106528255,9941.604723763036,-38180.92000786143,-49427.03696446619,-19666.7038723523,-10173.266397575588,-9490.867066469404,6426.883452113664,21803.002729588396,-351.64607074984036,5981.222990947945,22801.47246941768
-5825.453688145089,62309.5453832817,44474.48932559214,6136.862916605671,17466.919172949198,-49317.53375791791,78962.16475399357,85602.16196254261,-11756.011493200838,-101838.70050618824,-21257.364927421084,-46792.86604489646,-10183.850177687633,-37087.65133751562,33228.61631570646,-10724.765694991735,28654.43629710966,16342.506061178688,47249.37826446965,88766.69734040703,-114522.87967121975,83363.50146089021,68632.67820640866,-18183.54739571485,-16460.92614831871,4355.257531143399,28571.419362806184,-99237.15773241212,10523.870186446531,3234.7791124430214,40271.96378566697,14122.600539232375,-100388.84293596617,-40871.40901765114,-71554.86219182386,44112.84361790186,96299.13037017168,49876.63444630992,62020.55616972621,36482.37123790006,38783.094150660196,118264.43848498195,-24875.366755009825,103548.75386022427,19975.821408152922,28295.761400929154,-108666.45093241142,-140672.5369787805,-55971.49689717941,-28956.411898807703,-27009.645964432842,18292.242801344655,62051.0840681353,-999.3256703904655,17022.257336820832,64895.79798676291
16448.05060733372,-175928.91171908414,-125572.13657473844,-17326.96974733677,-49317.53375791791,139247.43028177164,-222946.90146097037,-241695.9305410212,33192.49966673941,287537.9313357691,60018.65786909589,132117.8054354593,28753.74695917649,104714.55915308902,-93819.86232838687,30280.456831061343,-80904.98782553896,-46142.98223310377,-133406.53046126722,-250630.52211691698,323351.87653940887,-235373.78401435073,-193782.44848693733,51340.54945708937,46477.35665679956,-12296.139943312852,-80670.03855847749,280192.63256177295,-29713.902448184603,-9133.535660920132,-113706.60815412743,-39875.01025569663,283445.046428255,115399.56250788453,202032.5324923691,-124551.1378473109,-271897.06304686697,-140825.25364761523,-175113.07427195946,-103007.32470924653,-109503.0118746883,-333915.85976310214,70234.71992054814,-292366.3754817424,-56401.499622787436,-79892.49305219919,306816.4531886573,397184.31435790134,158033.38474253312,81758.15640131955,76260.34992504519,-51647.78422494428,-175198.78398634066,2821.1855500953134,-48061.61193870476,-183231.50701901215
-26335.02182370474,281686.015492129,201058.63668243005,27744.598631453468,78962.16475399357,-222946.90146097037,356969.0313386957,386980.34693521226,-53147.099424416985,-460388.71982882306,-96103.51640382003,-211540.45104555725,-46038.729448050195,-167670.34151665415,150218.45463896877,-48486.97441444703,129538.82215789908,73877.95802488984,213605.40627539577,401288.37798914185,-517727.618980665,376867.1476630827,310269.3000189113,-82203.77239202606,-74413.20370013938,19693.194945901476,129166.45907485751,-448627.41844299634,47575.23732932193,14622.334154720924,182059.2037654843,63843.07436754764,-453830.3532083859,-184766.80979344787,-323482.97461903375,199423.21811920044,435346.10827741,225478.58563895768,280378.9629577709,164924.7225307148,175327.45352824472,534643.2474557988,-112455.60201808042,468118.56799248385,90303.4177538299,127916.21906489345,-491252.11977192666,-635945.0265540148,-253034.64532050464,-130901.05983346453,-122106.45990813883,82693.37098678108,280519.54231476516,-4519.702417190242,76954.26004659357,293375.7135033198
-28549.491210950408,305368.55649486295,217962.04693479536,30075.97137616547,85602.16196254261,-241695.9305410212,386980.34693521226,419520.69849658594,-57614.4198572421,-499094.48038652574,-104179.51018429264,-229324.19930180887,-49909.34124588612,-181761.43050345677,162847.85580974555,-52560.79395244719,140430.41208169158,80091.42248264868,231561.69839053584,435029.89967315376,-561256.9413542653,408550.69082878093,336356.7999664094,-89114.57624961452,-80671.76110588257,21345.122356037933,140024.08364882975,-486344.6925329442,51575.60804710695,15852.87406275035,197366.02647337015,69212.17588228651,-491988.27436981356,-200303.38949976824,-350678.5015489426,216189.5918362357,471946.0564457011,244436.72476969162,303952.16148904286,178793.39700580743,190069.1603535529,579593.8617153893,-121910.01195415315,507475.0062069295,97897.71246297112,138672.4067944202,-532555.5669605684,-689412.2239503692,-274307.09697318595,-141909.8229426884,-132370.16583300193,89646.95552022583,304102.2319002367,-4897.882713690887,83423.3597886164,318042.9675146848
3920.8094647976795,-41938.56678104934,-29934.499932101564,-4130.916221637536,-11756.011493200838,33192.49966673941,-53147.099424416985,-57614.4198572421,7912.906418900482,68544.71979363036,14308.866008306077,31495.21357943577,6854.443529845183,24964.305285645576,-22365.153893897776,7219.346063752188,-19286.162392244278,-10998.914937889671,-31802.813966855017,-59744.92566998269,77081.14012849261,-56109.71716960654,-46193.88438644976,12238.897175960949,11078.590485453593,-2932.5733990662375,-19231.12619013687,66793.59820118335,-7083.117547685457,-2176.8545260705027,-27105.66914558077,-9504.984529681407,67567.74562702615,27508.467984307455,48161.62997048452,-29690.94244766713,-64816.32987490588,-33569.9935017276,-41743.88460878151,-24554.25087726266,-26103.28973888907,-79599.740932929,16742.882156428783,-69695.45059906218,-13444.423988075909,-19044.428586745034,73139.35451779852,94682.00802091602,37673.022369134575,19488.577466966955,18180.05831055732,-12311.54556595003,-41765.16722272927,673.1859641308444,-11457.382103871798,-43678.68753049528
33964.680259118315,-363294.9745489588,-259308.57409925573,-35782.72038635218,-101838.70050618824,287537.9313357691,-460388.71982882306,-499094.48038652574,68544.71979363036,593770.7779316414,123946.45356744448,272827.18734166806,59376.89139882822,216247.43484785935,-193739.15712146644,62534.57338246588,-167068.25953981513,-95281.4681559286,-275490.4505131203,-517547.872603037,667721.5238602015,-486051.6769408554,-400159.1963709938,106019.54682291519,95971.77811774268,-25398.831795326307,-166588.15980912882,578602.0207288277,-61358.519197963644,-18858.595697247816,-234804.65889099732,-82339.35462182299,585312.1564484655,238296.58805957146,417201.24055592524,-257199.3238090582,-561472.9400175664,-290803.28601358295,-361609.2185234492,-212705.91339394802,-226122.56684782365,-689537.9284871328,145035.80588082096,-603740.0443495796,-116465.65403483254,-164975.50763828628,633575.6459117584,820188.4741208632,326342.9096631767,168825.01723055632,157482.78464009287,-106650.9030292609,-361790.6510921643,5829.230028353427,-99249.18560359576,-378371.26299495646
7089.678889403295,-75835.46738218138,-54129.25307439741,-7470.165119819652,-21257.364927421084,60018.65786909589,-96103.51640382003,-104179.51018429264,14308.866008306077,123946.45356744448,25875.364677970836,56951.73407228703,12394.577257318786,45143.71587063599,-40441.85427953501,13055.329437057295,-34873.98005719448,-19888.023675414,-57508.32480536493,-108032.61671832931,139381.45658063362,-101460.91515418631,-83529.50851094739,22131.147044586833,20032.064778633478,-5304.143007807919,-34775.38884797826,120779.8683751654,-12807.875559351207,-3935.888835922734,-49013.745485663414,-17186.86207015452,122178.59967241737,49741.368143656764,87088.70010019946,-53688.67937748437,-117204.71807125442,-60702.56665386471,-75483.24218917477,-44399.29536563427,-47200.89463648828,-143936.02577867123,30275.41174178883,-126026.98606063542,-24310.163228055444,-34436.509671001324,132253.7062970289,171208.65522664107,68122.72635981927,35239.074580604254,32874.91772441925,-22261.94888366877,-75522.5390051834,1217.9211901684207,-20718.095407417517,-78981.37623165292
15606.107501141003,-166927.52939397728,-119147.7069996771,-16441.698756161477,-46792.86604489646,132117.8054354593,-211540.45104555725,-229324.19930180887,31495.21357943577,272827.18734166806,56951.73407228703,125359.40071915882,27282.62612263822,99362.64807855383,-89019.6853077978,28733.907821426146,-76764.76716298089,-43779.80128244457,-126583.27797948394,-237803.4602038386,306805.81556167733,-223332.220843657,-183865.70990071128,48714.14239810579,44096.97282444354,-11670.857320302273,-76544.55812049664,265857.3662104142,-28193.064180384034,-8665.014741832661,-107888.48393667291,-37833.23245176691,268940.08410757885,109492.65376552432,191696.64749770175,-118178.47713873773,-257986.9642317373,-133618.72324637193,-166152.87486665108,-97734.15313326677,-103899.09403115112,-316830.1904771095,66641.38404769682,-277407.77031625697,-53513.573687710275,-75803.03672330672,291116.3918888456,376861.8165818577,149948.89988672532,77571.57986462394,72360.85317647923,-49004.0030641666,-166236.5797190058,2678.6909796905284,-45603.33462836956,-173854.53484839364
3396.4608688192193,-36329.388733344844,-25930.7762187791,-3578.251362523263,-10183.850177687633,28753.74695917649,-46038.729448050195,-49909.34124588612,6854.443529845183,59376.89139882822,12394.577257318786,27282.62612263822,5937.67088640649,21624.632958820144,-19373.856900719886,6253.416915813756,-16706.78169627392,-9528.136323448249,-27548.943031534873,-51754.66066958002,66771.96678153981,-48605.011890536334,-40015.81475551272,10601.919586719,9597.167860571302,-2539.8451712847514,-16658.750380000252,57860.02293381119,-6135.837744619268,-1885.863445343271,-23480.398297416075,-8233.92328738448,58531.06046832241,23829.60727504629,41719.99061975603,-25719.855538307875,-56147.114254913926,-29080.251235378702,-36160.81805467742,-21270.549918861623,-22612.198567573385,-68953.59362977279,14503.535481758172,-60373.821492498624,-11646.547536298183,-16497.515348972374,63357.38946908646,82018.60676582275,32634.183228558308,16882.478303503452,15748.212723706842,-10665.068091917263,-36178.94244658654,582.9066306077187,-9924.882619912074,-37837.02850259149
12369.326946313578,-132309.06570483066,-94438.46394598014,-13032.877055460032,-37087.65133751562,104714.55915308902,-167670.34151665415,-181761.43050345677,24964.305285645576,216247.43484785935,45143.71587063599,99362.64807855383,21624.632958820144,78760.61713032522,-70558.31239914616,22776.98183498919,-60844.26235292883,-34698.74047880081,-100333.53899466533,-188483.5840818926,243177.15854959594,-177017.19912237738,-145733.06989771186,38611.826377217694,34950.06302669903,-9253.40971456285,-60671.78991646097,210722.7968894169,-22345.80904811901,-6867.094067480619,-85513.64499120203,-29985.942690347678,213163.70169934793,86783.48554628437,151942.23698813873,-93669.88114334823,-204485.15955981967,-105907.11580025322,-131694.63838269352,-77463.299526305,-82350.93756046085,-251123.29864084936,52821.04542260641,-219877.44871645563,-42413.96249589017,-60081.190554384804,230741.47925708824,298705.4188764583,118852.53919260671,61481.69672217636,57356.00331108939,-38840.315455713484,-131762.79473094852,2124.5755033627265,-36146.433509028604,-137798.0200367099
-11082.221616419607,118538.13156854289,84608.78691901488,11675.355499939855,33228.61631570646,-93819.86232838687,150218.45463896877,162847.85580974555,-22365.153893897776,-193739.15712146644,-40441.85427953501,-89019.6853077978,-19373.856900719886,-70558.31239914616,63214.40628922007,-20404.054505279164,54512.09503390566,31089.12057415751,89888.62649456102,168868.86850549624,-217868.3831852017,158591.8939586417,130566.4952679545,-34592.69603467739,-31314.363068887204,8287.129770736785,54355.333349192355,-188789.81531913028,20020.458978689363,6153.348779248956,76613.53048710471,26866.25881085298,-190979.37501203685,-77752.98772234794,-136126.95685036774,83920.58702452848,183200.8030772506,94885.14527361369,117988.1156559878,69403.11684729885,73780.71955921146,224986.73777927723,-47323.171051436024,196992.02451355755,38001.222402534346,53829.30174274898,-206727.05627913954,-267616.1938761247,-106481.13085070034,-55085.411937866906,-51384.36031432804,34798.766853609966,118047.21674211405,-1901.921139147386,32383.605761492927,123457.3965218315
3576.8930999343784,-38261.10461446035,-27309.771615361464,-3769.063015953172,-10724.765694991735,30280.456831061343,-48486.97441444703,-52560.79395244719,7219.346063752188,62534.57338246588,13055.329437057295,28733.907821426146,6253.416915813756,22776.98183498919,-20404.054505279164,6587.11851260673,-17594.80360238836,-10033.778257826543,-29014.85874575304,-54505.01796083256,70321.60170207608,-51190.01911844177,-42142.72870641686,11165.832789274853,10106.43924436153,-2676.5659541004597,-17545.399457213276,60936.90028440113,-6461.863957353817,-1985.6158120460705,-24728.757078795035,-8671.054388870809,61642.19078475057,25095.593986922326,43938.8087691867,-27087.4314669161,-59133.22759120438,-30625.982961364076,-38083.32770119511,-22400.330992246614,-23814.015232435217,-72619.62008228785,15274.81488157358,-63584.158755788296,-12264.887042046286,-17373.95840619324,66725.44909870731,86379.45754114316,34369.97045678541,17778.668013239832,16586.603905587202,-11231.62037999842,-38103.44982817386,614.7051565491264,-10452.954039869597,-39848.06048843515
-9556.657901935663,102219.79331580523,72961.2106462754,10067.92180719733,28654.43629710966,-80904.98782553896,129538.82215789908,140430.41208169158,-19286.162392244278,-167068.25953981513,-34873.98005719448,-76764.76716298089,-16706.78169627392,-60844.26235292883,54512.09503390566,-17594.80360238836,47007.88183100529,26809.59461043759,77513.94292913233,145622.31384277318,-187876.1630196792,136759.4534555506,112592.54306267264,-29830.49848133981,-27003.842028379036,7145.787793734943,46872.34065105693,-162800.30544027302,17264.4486952755,5306.418515457266,66066.71172165351,23167.972462811536,-164688.87825300783,-67049.59408266531,-117387.14094819476,72367.81279913575,157980.59846735853,81823.11454447889,101745.5683649232,59849.23418704762,63623.98974908465,194014.46350307198,-40808.48348964091,169873.43457119708,32770.137080468005,46419.22164846522,-178268.59121455776,-230775.37336437174,-91822.42916591879,-47502.63185966226,-44310.31329801453,30008.41986556407,101796.21840373456,-1639.8516456447812,27925.470565682444,106462.11501548854
-5450.435589598132,58297.644430970824,41610.85192900694,5741.521658037383,16342.506061178688,-46142.98223310377,73877.95802488984,80091.42248264868,-10998.914937889671,-95281.4681559286,-19888.023675414,-43779.80128244457,-9528.136323448249,-34698.74047880081,31089.12057415751,-10033.778257826543,26809.59461043759,15290.645957190789,44206.73932303924,83051.90420366537,-107149.43744448673,77995.7901330131,64213.96456156216,-17012.69950809983,-15401.45708857824,4074.198428422969,26731.47146400532,-92847.48698528112,9846.361736116358,3026.7026022306645,37679.04444906193,13213.555926701263,-93925.56467781115,-38240.252792049905,-66947.50625433428,41272.56945897712,90098.50880045585,46665.44956574568,58027.3551062137,34133.86181806533,36286.182547558645,110649.94108177791,-23273.69023560374,96881.55215242028,18690.00268848974,26474.186201938992,-101670.08988514307,-131615.20896503015,-52367.46981001338,-27092.575847791217,-25270.195198665548,17114.671041765665,58055.52223668147,-934.6751757179115,15926.120679760834,60717.70125754716
-15758.372702787055,168556.91216472827,120310.78917063422,16602.40630316308,47249.37826446965,-133406.53046126722,213605.40627539577,231561.69839053584,-31802.813966855017,-275490.4505131203,-57508.32480536493,-126583.27797948394,-27548.943031534873,-100333.53899466533,89888.62649456102,-29014.85874575304,77513.94292913233,44206.73932303924,127819.29142288069,240124.04035089316,-309800.23929448833,225512.3990076711,185660.09858889176,-49189.716331404634,-44526.990288503934,11785.44733155031,77292.05825411444,-268452.53692972875,28468.164871163975,8749.384193142203,108941.52642448578,38202.24844321278,-271564.77256637334,-110560.97735789265,-193567.99135663037,119332.01666313288,260505.43826749545,134922.76506706869,167774.59875400062,98687.6477149489,104913.04437560329,319922.6185780293,-67291.90939534613,280115.60272782133,54035.54607120627,76542.643815513,-293957.6650509713,-380540.2658643383,-151412.77610277577,-78328.1598093967,-73067.57925399586,49482.11802167322,167859.53547605648,-2705.160303334692,46048.607216525284,175551.1918451479
-29604.928785544897,316658.956964279,226020.9115259722,31188.380846493044,88766.69734040703,-250630.52211691698,401288.37798914185,435029.89967315376,-59744.92566998269,-517547.872603037,-108032.61671832931,-237803.4602038386,-51754.66066958002,-188483.5840818926,168868.86850549624,-54505.01796083256,145622.31384277318,83051.90420366537,240124.04035089316,451113.1098113739,-582007.7258929567,423656.47254898836,348792.31833061314,-92409.55048300224,-83653.66895837494,22135.566015747674,145201.84538519985,-504326.5748328923,53482.34237963588,16438.61156473831,204663.1362245989,71770.64727162261,-510177.74948008434,-207708.39934877114,-363644.5006836672,224182.77060067627,489395.8132657012,253473.89373448177,315190.0118775144,185403.0165137998,197096.20023697172,601022.9089826995,-126417.46431799061,526237.9873291815,101516.58916039288,143798.97202696084,-552245.1639268647,-714901.684400314,-284449.475299042,-147155.54485833243,-137265.05678129767,92961.07604566558,315346.4040347328,-5079.573506051017,86508.03050949311,329801.3448737617
38195.004591643075,-408541.61194906797,-291603.9832867243,-40238.665192767105,-114522.87967121975,323351.87653940887,-517727.618980665,-561256.9413542653,77081.14012849261,667721.5238602015,139381.45658063362,306805.81556167733,66771.96678153981,243177.15854959594,-217868.3831852017,70321.60170207608,-187876.1630196792,-107149.43744448673,-309800.23929448833,-582007.7258929567,750883.9054592863,-546586.4257676088,-449998.0206746227,119223.5605481946,107925.76874404126,-28560.24101954891,-187334.9316665631,650663.7401607343,-69000.68757454936,-21207.935420271457,-264048.6136790228,-92595.1002214073,658211.2076104757,267976.51061418524,469161.1092383783,-289232.2674406484,-631400.9580706416,-327022.03456564713,-406646.1782636636,-239198.79341558245,-254285.63695755828,-775416.9970199927,163099.2102309723,-678932.8149409174,-130971.94716006,-185523.28046042818,712485.3394495222,922339.2932289238,366986.7184210285,189853.0463172677,177095.34761716836,-119934.36296272984,-406849.03642917715,6554.321982777085,-111609.80477964978,-425496.5403114511
-27802.93846241181,297387.66497800435,212266.03081305526,29291.266556838975,83363.50146089021,-235373.78401435073,376867.1476630827,408550.69082878093,-56109.71716960654,-486051.6769408554,-101460.91515418631,-223332.220843657,-48605.011890536334,-177017.19912237738,158591.8939586417,-51190.01911844177,136759.4534555506,77995.7901330131,225512.3990076711,423656.47254898836,-546586.4257676088,397874.49541595683,327564.02425167366,-86785.99460442032,-78560.86097122078,20791.346337961608,136366.63085935524,-473634.74345429125,50227.10279659547,15437.27609450498,192207.45122561237,67401.62198323966,-479127.3399634914,-195065.74758902943,-341514.57497095893,210539.39996641473,459613.19001982594,238047.0056231563,296007.6941341229,174117.59536146835,185100.3670496156,564445.0574756488,-118724.0888011207,494212.31092274387,95336.846727008,135046.29031489542,-518635.13432886114,-671393.5992610361,-267139.35860959097,-138197.32959658318,-128913.13507852031,87302.70375462662,296156.36930816533,-4771.8401218971,81243.90529552108,309728.7532017199
-22889.962845842416,244835.2131815019,174755.51371056668,24114.4961229378,68632.67820640866,-193782.44848693733,310269.3000189113,336356.7999664094,-46193.88438644976,-400159.1963709938,-83529.50851094739,-183865.70990071128,-40015.81475551272,-145733.06989771186,130566.4952679545,-42142.72870641686,112592.54306267264,64213.96456156216,185660.09858889176,348792.31833061314,-449998.0206746227,327564.02425167366,269679.90077446424,-71449.5227759416,-64679.22505225822,17115.387873014766,112267.83432013965,-389936.66893396754,41351.54345655698,12709.876480230983,158241.9384970238,55491.59326065134,-394460.2240761878,-160596.17249988302,-281163.7764798576,173334.22752656369,378392.5671891262,195981.4427711401,243699.3700622358,143349.99285125834,152391.18997499862,464700.3590949404,-97743.8216523548,406878.1254896784,78490.55749076637,111182.61758526428,-426986.1191991296,-552749.4953373069,-219931.58356502143,-113777.62273788011,-106131.29904675073,71875.71536787627,243820.63135074594,-3927.70375175072,66886.6220240192,254996.39925654887
6064.47867047657,-64867.378330801635,-46300.31983529456,-6389.156094829993,-18183.54739571485,51340.54945708937,-82203.77239202606,-89114.57624961452,12238.897175960949,106019.54682291519,22131.147044586833,48714.14239810579,10601.919586719,38611.826377217694,-34592.69603467739,11165.832789274853,-29830.49848133981,-17012.69950809983,-49189.716331404634,-92409.55048300224,119223.5605481946,-86785.99460442032,-71449.5227759416,18930.11545244095,17135.952847220484,-4535.178648264398,-29744.8763773307,103311.10815900093,-10955.723032814929,-3367.2125264173906,-41925.04474883691,-14701.873496091655,104509.10027408495,42548.45840466172,74492.53988700686,-45923.68954642169,-100252.68777437977,-51923.730242973565,-64566.36087357815,-37979.15719661972,-40374.799512764504,-123118.97662763597,25896.574575984487,-107799.55816480282,-20795.202608272968,-29456.792854117135,113126.713113565,146447.02393532862,58269.526671060696,30144.072165835856,28119.098536612168,-19042.784426792146,-64598.84470276195,1040.8948685509174,-17721.261199151064,-67559.22101313078
5489.929360733372,-58720.01677034736,-41912.32101997853,-5783.10360521238,-16460.92614831871,46477.35665679956,-74413.20370013938,-80671.76110588257,11078.590485453593,95971.77811774268,20032.064778633478,44096.97282444354,9597.167860571302,34950.06302669903,-31314.363068887204,10106.43924436153,-27003.842028379036,-15401.45708857824,-44526.990288503934,-83653.66895837494,107925.76874404126,-78560.86097122078,-64679.22505225822,17135.952847220484,15513.072256000969,-4103.667727029534,-26925.118472254715,93520.16685591798,-9917.70632843513,-3048.64660916031,-37952.037229923146,-13309.309435132094,94606.09691133375,38517.33897103785,67432.53397848751,-41571.59361054725,-90751.26286384593,-47003.560943916185,-58447.77624862242,-34381.20070283015,-36549.094911007705,-111451.62254065086,23442.307753617853,-97583.46518816345,-18825.4408499858,-26666.016708152783,102406.72317788882,132568.78218571935,52746.86130431878,27288.907698472758,25453.250526298834,-17238.684106939887,-58476.11733633331,941.4235740903698,-16041.497049384365,-61157.63186660148
-1452.5826516995714,15539.703442970227,11092.033148258146,1531.3586739207653,4355.257531143399,-12296.139943312852,19693.194945901476,21345.122356037933,-2932.5733990662375,-25398.831795326307,-5304.143007807919,-11670.857320302273,-2539.8451712847514,-9253.40971456285,8287.129770736785,-2676.5659541004597,7145.787793734943,4074.198428422969,11785.44733155031,22135.566015747674,-28560.24101954891,20791.346337961608,17115.387873014766,-4535.178648264398,-4103.667727029534,1088.7866232365216,7126.92536023835,-24749.786641817045,2624.2441370005463,805.9226030754272,10043.406216766365,3521.0407715007755,-25034.785473379223,-10191.438867049384,-17846.176931100756,11001.521827586064,24017.548126589936,12438.166659355431,15467.252099798376,9096.62365464069,9671.499894606326,29493.97524318659,-6203.943724234872,25824.759371800315,4980.418584074919,7055.631713433143,-27099.653044413066,-35082.64768955417,-13959.887860115383,-7219.267953687559,-6737.672028148311,4561.166213122359,15476.47787063008,-250.48075654854492,4245.804499414086,16183.37949011379
-9529.0000670565,101925.75060718787,72751.53222044815,10039.515661523767,28571.419362806184,-80670.03855847749,129166.45907485751,140024.08364882975,-19231.12619013687,-166588.15980912882,-34775.38884797826,-76544.55812049664,-16658.750380000252,-60671.78991646097,54355.333349192355,-17545.399457213276,46872.34065105693,26731.47146400532,77292.05825411444,145201.84538519985,-187334.9316665631,136366.63085935524,112267.83432013965,-29744.8763773307,-26925.118472254715,7126.92536023835,46738.385651835626,-162332.33157077766,17214.553110468492,5290.624224820968,65876.51692656241,23100.634040074165,-164214.0257946428,-66855.61956590615,-117049.94607634834,72159.63436139391,157526.80810965595,81587.20645054027,101452.64372590266,59675.83553735144,63440.43879361176,193455.9693778521,-40691.18967558647,169384.90725080625,32674.925576211645,46284.91630283455,-177754.9820768963,-230111.26342315614,-91558.8561467531,-47364.47801605362,-44183.88763592309,29921.55805601835,101504.19537782985,-1635.9488876189541,27845.48824837847,106155.00953541075
33097.02467392201,-354014.0987822162,-252684.15245110446,-34868.5365282171,-99237.15773241212,280192.63256177295,-448627.41844299634,-486344.6925329442,66793.59820118335,578602.0207288277,120779.8683751654,265857.3662104142,57860.02293381119,210722.7968894169,-188789.81531913028,60936.90028440113,-162800.30544027302,-92847.48698528112,-268452.53692972875,-504326.5748328923,650663.7401607343,-473634.74345429125,-389936.66893396754,103311.10815900093,93520.16685591798,-24749.786641817045,-162332.33157077766,563820.788106509,-59791.0575049897,-18376.88818327664,-228806.26438880328,-80235.96182387353,570359.672027771,232209.09799181993,406543.1986944401,-250628.80993521074,-547129.256516712,-283374.3738090081,-352371.43632378627,-207272.1885822298,-220346.01293812058,-671922.768543778,141330.6533472008,-588316.6499790967,-113490.48666486917,-160761.06893920753,617390.1678927055,799235.6490898011,318005.9606719959,164512.32247552573,153459.54735916163,-103926.42004238375,-352548.11229402386,5680.219638214528,-96713.68667473002,-368705.3422824778
-3509.856006709368,37541.90031425061,26796.18525691283,3697.5561244170726,10523.870186446531,-29713.902448184603,47575.23732932193,51575.60804710695,-7083.117547685457,-61358.519197963644,-12807.875559351207,-28193.064180384034,-6135.837744619268,-22345.80904811901,20020.458978689363,-6461.863957353817,17264.4486952755,9846.361736116358,28468.164871163975,53482.34237963588,-69000.68757454936,50227.10279659547,41351.54345655698,-10955.723032814929,-9917.70632843513,2624.2441370005463,17214.553110468492,-59791.0575049897,6340.675312128815,1948.9208031004139,24264.100922617836,8508.886150202577,-60484.80697109348,-24625.172871828534,-43112.311915208404,26578.270181836546,58020.90992789395,30050.936666041896,37367.75723321312,21980.73549405841,23367.008178372318,71255.04117815163,-14987.577564242647,62388.800565631536,12035.463416291668,17048.29786853566,-65472.15023277591,-84756.0773807251,-33723.24300090452,-17446.268978895394,-16273.59098202118,11021.13808321818,37386.25786334358,-602.1836157069237,10256.054719179265,39100.04596514328
-1078.8321917229862,11538.650226900576,8235.835960325485,1136.2455806530309,3234.7791124430214,-9133.535660920132,14622.334154720924,15852.87406275035,-2176.8545260705027,-18858.595697247816,-3935.888835922734,-8665.014741832661,-1885.863445343271,-6867.094067480619,6153.348779248956,-1985.6158120460705,5306.418515457266,3026.7026022306645,8749.384193142203,16438.61156473831,-21207.935420271457,15437.27609450498,12709.876480230983,-3367.2125264173906,-3048.64660916031,805.9226030754272,5290.624224820968,-18376.88818327664,1948.9208031004139,599.2116604009526,7457.723691268433,2615.505632413562,-18590.66922349664,-7569.06574049443,-13250.55485979632,8168.9382631568915,17832.703969365633,9236.479438222075,11485.221018966427,6756.3398817992775,7182.145506100604,21900.668576826898,-4606.4543780385575,19175.394095206964,3699.50950765813,5240.159124734008,-20123.431260184698,-26050.21527517098,-10364.755864568146,-5362.757769042477,-5001.354678051673,3387.5971946688196,11490.505694044146,-184.7712347956857,3152.1054427559993,12017.881925560692
-13431.274270912405,143663.86134375888,102542.70760456691,14150.006725510839,40271.96378566697,-113706.60815412743,182059.2037654843,197366.02647337015,-27105.66914558077,-234804.65889099732,-49013.745485663414,-107888.48393667291,-23480.398297416075,-85513.64499120203,76613.53048710471,-24728.757078795035,66066.71172165351,37679.04444906193,108941.52642448578,204663.1362245989,-264048.6136790228,192207.45122561237,158241.9384970238,-41925.04474883691,-37952.037229923146,10043.406216766365,65876.51692656241,-228806.26438880328,24264.100922617836,7457.723691268433,92852.81039306862,32561.037995251314,-231460.1785724087,-94233.95422514356,-164980.78947815025,101708.67014517567,222032.5320282654,114997.40312843616,142997.30451034723,84114.24086423269,89419.61333048418,272675.7302452214,-57353.92877803586,238747.076203642,46056.248088546155,65239.26988124184,-250545.73722732946,-324341.04292209144,-129051.12304547305,-66761.75497477532,-62275.77935618089,42174.919987588735,143068.75304095208,-2304.918735863664,39247.681039961324,149625.977328523
-4710.072864993277,50379.013086173596,35958.83437004987,4961.724972210789,14122.600539232375,-39875.01025569663,63843.07436754764,69212.17588228651,-9504.984529681407,-82339.35462182299,-17186.86207015452,-37833.23245176691,-8233.92328738448,-29985.942690347678,26866.25881085298,-8671.054388870809,23167.972462811536,13213.555926701263,38202.24844321278,71770.64727162261,-92595.1002214073,67401.62198323966,55491.59326065134,-14701.873496091655,-13309.309435132094,3521.0407715007755,23100.634040074165,-80235.96182387353,8508.886150202577,2615.505632413562,32561.037995251314,11418.644033504444,-81167.39375318873,-33045.878942121046,-57854.024103253505,35666.47120948898,77860.426501796,40326.75381100276,50145.4018275896,29497.243684058456,31357.31459657898,95620.18381594216,-20112.41373787744,83722.0456319721,16151.18273428948,22878.05671062327,-87860.01617374345,-113737.73572243197,-45254.42161845811,-23412.34386784739,-21837.867577510337,14789.888756524295,50169.89459478881,-807.835138628359,13762.908968535323,52470.2265986099
33481.09255608052,-358120.01359873894,-255614.58320628555,-35272.27454652941,-100388.84293596617,283445.046428255,-453830.3532083859,-491988.27436981356,67567.74562702615,585312.1564484655,122178.59967241737,268940.08410757885,58531.06046832241,213163.70169934793,-190979.37501203685,61642.19078475057,-164688.87825300783,-93925.56467781115,-271564.77256637334,-510177.74948008434,658211.2076104757,-479127.3399634914,-394460.2240761878,104509.10027408495,94606.09691133375,-25034.785473379223,-164214.0257946428,570359.672027771,-60484.80697109348,-18590.66922349664,-231460.1785724087,-81167.39375318873,576976.1488093946,234903.63394192082,411257.7752710049,-253535.6535059997,-553474.162018199,-286661.649699334,-356458.5977239795,-209677.66763005912,-222902.2680323375,-679716.3232873777,142969.71499088433,-595139.8921691468,-114807.9154938675,-162626.5452264765,624551.740666525,808505.6427230806,321693.5667541242,166422.19424381814,155238.14011756776,-105132.4315055173,-356636.0525491369,5745.112015654471,-97834.96693106697,-372982.69097673293
13631.174370167515,-145800.6133940361,-104067.6946049425,-14360.022528120338,-40871.40901765114,115399.56250788453,-184766.80979344787,-200303.38949976824,27508.467984307455,238296.58805957146,49741.368143656764,109492.65376552432,23829.60727504629,86783.48554628437,-77752.98772234794,25095.593986922326,-67049.59408266531,-38240.252792049905,-110560.97735789265,-207708.39934877114,267976.51061418524,-195065.74758902943,-160596.17249988302,42548.45840466172,38517.33897103785,-10191.438867049384,-66855.61956590615,232209.09799181993,-24625.172871828534,-7569.06574049443,-94233.95422514356,-33045.878942121046,234903.63394192082,95636.397222243555,167434.21424276644,-103221.41678882916,-225334.3642667319,-116708.21865970678,-145124.33827660154,-85366.27908238581,-90749.99858221221,-276731.6270753744,58206.894173858745,-242297.9268313012,-46742.007114945576,-66210.20912199935,254272.8138322677,329165.2690922521,130970.08997110411,67755.92039693505,63201.20047124129,-42802.628700399604,-145196.01699494338,2338.553080216458,-39831.146481419215,-151852.0887031513
23864.585355992014,-255261.96212574808,-182198.01651386102,-25142.07806351143,-71554.86219182386,202032.5324923691,-323482.97461903375,-350678.5015489426,48161.62997048452,417201.24055592524,87088.70010019946,191696.64749770175,41719.99061975603,151942.23698813873,-136126.95685036774,43938.8087691867,-117387.14094819476,-66947.50625433428,-193567.99135663037,-363644.5006836672,469161.1092383783,-341514.57497095893,-281163.7764798576,74492.53988700686,67432.53397848751,-17846.176931100756,-117049.94607634834,406543.1986944401,-43112.311915208404,-13250.55485979632,-164980.78947815025,-57854.024103253505,411257.7752710049,167434.21424276644,293138.1788799577,-180715.9700910848,-394507.82877671876,-204327.06230167366,-254077.47099503173,-149453.42180332742,-158880.44676712007,-484490.0158547982,101906.5248410982,-424205.90538878524,-81832.15822611569,-115916.65796767568,445169.1879977754,576289.0287378565,229298.39586217157,118621.35483433426,110652.25431300733,-74936.06598430705,-254205.0714510874,4095.8858097174984,-69735.49910669451,-265854.91639635013
-14712.266324291833,157365.867774903,112322.79130956832,15499.64258048851,44112.84361790186,-124551.1378473109,199423.21811920044,216189.5918362357,-29690.94244766713,-257199.3238090582,-53688.67937748437,-118178.47713873773,-25719.855538307875,-93669.88114334823,83920.58702452848,-27087.4314669161,72367.81279913575,41272.56945897712,119332.01666313288,224182.77060067627,-289232.2674406484,210539.39996641473,173334.22752656369,-45923.68954642169,-41571.59361054725,11001.521827586064,72159.63436139391,-250628.80993521074,26578.270181836546,8168.9382631568915,101708.67014517567,35666.47120948898,-253535.6535059997,-103221.41678882916,-180715.9700910848,111409.180110205,243209.0714631697,125965.26273597253,156635.70563332437,92136.51331133352,97947.98033442456,298682.25072604435,-62824.09832676398,261517.7041691941,50448.760243839635,71461.39355152461,-274441.54606076935,-355275.1831447552,-141359.50615614964,-73128.99073544858,-68215.49563277276,46197.30166232411,156714.1054129053,-2524.857799273311,42990.99192934239,163896.5110287574
-32117.158254118545,343533.6941799195,245203.62361096893,33836.424314648604,96299.13037017168,-271897.06304686697,435346.10827741,471946.0564457011,-64816.32987490588,-561472.9400175664,-117204.71807125442,-257986.9642317373,-56147.114254913926,-204485.15955981967,183200.8030772506,-59133.22759120438,157980.59846735853,90098.50880045585,260505.43826749545,489395.8132657012,-631400.9580706416,459613.19001982594,378392.5671891262,-100252.68777437977,-90751.26286384593,24017.548126589936,157526.80810965595,-547129.256516712,58020.90992789395,17832.703969365633,222032.5320282654,77860.426501796,-553474.162018199,-225334.3642667319,-394507.82877671876,243209.0714631697,530931.9570114822,274985.0736768321,341939.59414036287,201135.66160251517,213822.6365451527,652030.7325172266,-137146.65842461752,570899.87403011,110130.39898424764,156001.60654286802,-599112.4286912606,-775574.6166640829,-308591.71284803265,-159641.60460795203,-148916.74200444433,100849.58324450666,342111.32807881286,-5512.283904967239,93850.62355531208,357789.7743677004
