V1,V2,V3,V4,V5,V6,V7,V8,V9,V10,V11,V12,V13,V14,V15,V16,V17,V18,V19,V20,V21,V22,V23,V24,V25,V26,V27,V28,V29,V30,V31,V32,V33,V34,V35,V36,V37,V38,V39,V40,V41,V42,V43,V44,V45,V46,V47,V48,V49,V50,V51,V52,V53,V54,V55,V56
2.2699218869562157,9.81071363858993,4.837317098268087,-1.2294277470854098,12.286304568608001,5.839990907359504,-0.9593999676594078,6.926782783701397,4.068661839848944,2.4303182070011564,3.875148357118838,1.2503304579462358,2.0041026492211023,2.6528573812508345,1.1834258984937651,-1.2554694868721916,-4.521786473526844,-2.841825225541195,-5.195791596700307,-4.806775357709468,0.52143446802673,0.9504158139323019,-1.7420912588431963,0.8750118283252575,-0.5728632876343726,10.856210114401874,3.5623775123397916,-0.4122830701800774,-5.664571653498203,0.9343429647901628,-0.7760017717002995,0.8034201596025168,-4.999394253486508,-10.686547724058533,3.0111222001139883,2.2111857788415006,-1.3263687158858186,7.982033117892017,-2.8542679466688705,3.5156781705408204,-1.0400856243455305,3.509213926193056,-2.67452237080857,13.95179155786682,2.532279426270107,4.36891008646665,-8.95543216598839,7.523253769929373,-3.355113883327051,4.844086201581486,2.914192033877239,-8.605068127921987,-2.101200952788524,3.629675434528773,1.058168425206247,7.4972825442364135
9.81071363858993,43.25567464083298,21.39682857590191,-5.555511849318759,53.74641384620876,25.883832173730067,-4.620409778369161,30.48348690629107,17.963487011202155,10.708026767571315,17.130207715437507,5.304814406823386,8.97918180068,11.656194903055043,5.133083199794724,-5.6222430431267565,-19.846222876697873,-12.672894687610503,-23.149419686222483,-21.473732965348212,2.4130342045258315,4.444982549585072,-7.486644139474603,3.9008684314493096,-2.5769073020261395,47.82226045488071,15.547226364462077,-1.794176818341432,-25.06696931137836,3.9101152511193558,-3.573465331604962,3.4740065160161655,-22.089414224753156,-47.312145239595395,13.281192407236762,10.004990532361122,-5.690337987065965,35.14367037884178,-12.474535548225173,15.486637988789564,-4.91569072817471,15.657504023563389,-11.48697227954662,61.410996410158084,11.40182232274236,19.41942337916984,-39.59725473250605,33.133278930376356,-14.630428598473879,21.314817640768673,12.830333254366721,-37.93193152341586,-9.318540352157164,15.6879558142982,4.59145916423944,32.87808152756683
4.837317098268087,21.39682857590191,11.348333070835702,-3.1401012844680722,26.41610911369289,13.497454120398361,-3.792415299112988,15.564618342940705,8.656628686840344,5.339548854789458,8.588973071576065,2.4420286017851467,4.734539994136348,5.780088411938795,2.5256008856828855,-3.083968337676534,-9.266299162919744,-6.536711986756859,-12.424999998962273,-11.931256964577809,1.6954180182668495,2.880405746227149,-2.7179944687263147,1.9400914480406646,-1.266102705324112,24.10427640018607,7.436584515269019,-0.2694242212912082,-12.779455898208136,1.1967289265938816,-2.726430589459837,1.8074240280104517,-10.98902601142859,-24.40207367313674,6.383351738708782,5.672927973880415,-2.98309110445996,18.255796764907046,-5.67953343065216,7.546886671127619,-3.3922213929512606,8.720508339562112,-4.770433297049626,30.486446423457163,6.148937926686295,10.296225366292626,-20.091542138755937,16.802913873079163,-6.866721088964262,10.277504810407414,6.234388741742023,-19.304398001176967,-4.7727207411673795,7.025490216013136,2.329498778164386,16.08132138656065
-1.2294277470854098,-5.555511849318759,-3.1401012844680722,0.9260818143239776,-6.768551770141192,-3.6886163530565894,1.395722751652412,-4.152666199477733,-2.194786913063263,-1.395909424231948,-2.263216996500769,-0.5658756964233221,-1.3169198738017756,-1.4995670405268586,-0.6427135732114378,0.8843094313783667,2.261683934864938,1.7787960440262502,3.4904209237794506,3.4481956097449,-0.5752395933746659,-0.9427995610775715,0.44394598705290567,-0.5112233744430612,0.3325362428093503,-6.362491762468139,-1.8507846793525873,-0.08292021050791433,3.420928509707546,-0.10744305029164536,0.9583376420211511,-0.48303293690124993,2.873752257282823,6.600866114179403,-1.612707733111517,-1.6782536219296977,0.7972658311177153,-4.946048615049713,1.3426620625513441,-1.930239507453537,1.1521423783400702,-2.5225103015089947,0.981974508104844,-7.930176052088412,-1.747451600578734,-2.8590729359481877,5.352103285093251,-4.458875005187789,1.674213176891846,-2.598890721532865,-1.5893150315399729,5.142737461835891,1.2851043160516682,-1.609294798040384,-0.610469550788725,-4.110678082697351
12.286304568608001,53.74641384620876,26.41610911369289,-6.768551770141192,67.01274751625044,31.9726586456927,-5.28530130478484,37.816166593311074,22.34970524106582,13.30081660833856,21.242939607515833,6.722489058798141,11.036542813649223,14.499656205144841,6.420502138217749,-6.890227046462723,-24.80135318853582,-15.630495081134278,-28.474626190085825,-26.313576057839043,2.854079899544529,5.27999248789009,-9.571488841986303,4.82476768272356,-3.179224259485435,59.360223786165584,19.438969232915248,-2.351640402713656,-31.03472478460548,5.090143638185261,-4.1957648990962255,4.332868757840013,-27.41330394757398,-58.51487308375442,16.533373515523028,12.18028513915476,-7.114726542917519,43.53358716128018,-15.64033106647309,19.26971327175538,-5.779040231230633,19.191812758152167,-14.581182504136056,76.33395465943877,13.96347379510413,23.930862418545505,-49.05676853343615,41.11220545220211,-18.322148086496707,26.552397137692537,15.970948787719559,-47.03799909172508,-11.523516271977675,19.774068762090668,5.729564872141223,40.96875219660763
5.839990907359504,25.883832173730067,13.497454120398361,-3.6886163530565894,31.9726586456927,16.124638519336926,-4.154209981670305,18.673526913102666,10.54493393054317,6.445424742958242,10.35816142108995,2.9930061835988515,5.6487695837205205,6.9844202663522585,3.0522947410298644,-3.6442833096248917,-11.372318931451609,-7.836599394097593,-14.749459996416126,-14.051792206676659,1.905263997932189,3.29489136002123,-3.5765441488487544,2.3472716786317234,-1.538570568104944,29.016635173400072,9.061261904215105,-0.5151828534075453,-15.349520241241063,1.658272489942966,-3.0142756299463014,2.1531731646273506,-13.278146419303194,-29.22665799256466,7.780033730606362,6.660056656632636,-3.543337416098339,21.81026223590811,-7.013280992626265,9.163493053677007,-3.8340430461583628,10.263000240240823,-6.027295958556361,36.83725908130212,7.300814561338991,12.255002094875595,-24.158206757748275,20.19559062271382,-8.407656214085174,12.511479758916499,7.5749620367797865,-23.184549385842786,-5.727632551594561,8.699615613595917,2.793746387446907,19.495072669437487
-0.9593999676594078,-4.620409778369161,-3.792415299112988,1.395722751652412,-5.28530130478484,-4.154209981670305,3.539798812345084,-4.184177536983004,-1.4802216977626919,-1.2247437733971085,-2.0673049466741205,-0.1513019011151348,-1.5710116037189787,-1.2609126815676661,-0.4970568107894352,1.2152957534409259,1.0217570385804242,1.917059662439467,4.438260422139057,4.922868084644417,-1.267443344994041,-1.875752418396794,-1.174288157412159,-0.4497084713339754,0.27360275606323065,-5.968081814719321,-1.1196749513998348,-1.017659381561198,3.4434686984021385,1.0785434303276804,2.291587832564872,-0.5240576340579687,2.494503966085219,7.053805609765875,-1.0576984433711072,-2.5521311657528116,0.8888339229971889,-5.4350256012565525,0.34473850895927216,-1.4288476261178773,2.4909040293518934,-3.6244257048270314,-0.6363473497726778,-6.74131694214997,-2.277643310910894,-3.4631655361124065,5.243941795818339,-4.332151015916164,0.7945165987630484,-1.7465618461341121,-1.1466972828942474,5.101820079578568,1.3288582792160362,-0.15367298667214419,-0.5820427454166868,-3.1053264265114366
6.926782783701397,30.48348690629107,15.564618342940705,-4.152666199477733,37.816166593311074,18.673526913102666,-4.184177536983004,21.802968181975494,12.508436446351158,7.574699838946924,12.141468001589017,3.645066513155054,6.5004449741087535,8.228345606682273,3.6185551823503843,-4.147704876400037,-13.640865544845214,-9.087363751523842,-16.91516603649766,-15.946187705395424,2.0114309510155155,3.543226663697624,-4.662096480055269,2.750828176106402,-1.8045104066910398,33.99648793320605,10.811041984362644,-0.8678385895079451,-17.900107492814673,2.303538699294997,-3.1200318371455253,2.5136705874967777,-15.601798623575881,-33.964685505261386,9.238666093840962,7.488646717505098,-4.137251153913598,25.335611318688407,-8.486685131142044,10.842035287247736,-4.046401672526151,11.642839521684868,-7.541724308714225,43.36039510578446,8.336365307807728,14.113065727160208,-28.218044499528222,23.621221180186634,-10.090118573357099,14.854247802679302,8.971515988541094,-27.082153823265195,-6.666157571137715,10.617829214008362,3.282015858159482,23.073135692350142
4.068661839848944,17.963487011202155,8.656628686840344,-2.194786913063263,22.34970524106582,10.54493393054317,-1.4802216977626919,12.508436446351158,7.531102246721896,4.4335029468434834,7.0811392125670025,2.2475661744165856,3.6472070040016367,4.8341997185080805,2.131380838376878,-2.247125515725416,-8.404920884529862,-5.188768137043073,-9.329589604643953,-8.533671774521409,0.8552181675434127,1.6516401623790875,-3.3990807798613,1.619039323621928,-1.075451016695605,19.72102821539088,6.525569148626054,-0.9321526288598858,-10.299069354003757,1.837487371007255,-1.199906845930967,1.412022412071073,-9.156916831766296,-19.35407091439528,5.572524675906838,3.947841932049971,-2.3035751243090172,14.32656089038684,-5.324343472381899,6.465298530609403,-1.766085513334447,6.214928720856121,-5.032118159666485,25.464567077723693,4.59241640930625,7.862571650949879,-16.296443814856524,13.631974993654612,-6.180126407832898,8.930553533989357,5.36149087435381,-15.587373669015303,-3.82298921673624,6.7222666108088465,1.885130197228835,13.699984117065085
2.4303182070011564,10.708026767571315,5.339548854789458,-1.395909424231948,13.30081660833856,6.445424742958242,-1.2247437733971085,7.574699838946924,4.4335029468434834,2.653333041404012,4.246625611166497,1.305514176168206,2.2376820382833373,2.8868408701538906,1.2710321799751123,-1.4079514966685294,-4.882707590689235,-3.150642416628003,-5.783149021663245,-5.3869445620919745,0.6245136007719231,1.1359764993956205,-1.7996124350969325,0.9657217010114799,-0.6367631647974177,11.864650186420656,3.8363177815948166,-0.4091877311113967,-6.22587359285186,0.9285845232275007,-0.9373680586078308,0.8659619951560265,-5.4712225597968445,-11.766680694502142,3.2770912354059085,2.514761775817927,-1.4202987151041397,8.750266525798528,-3.0614900799228586,3.8274457431751427,-1.2674477528362746,3.9293094802300232,-2.7955377427288246,15.209951711319567,2.8485264060437685,4.844670234360789,-9.829705944761297,8.226268291893678,-3.6027583086504986,5.261889664632875,3.1700025094866526,-9.421096145638602,-2.3154371806658127,3.8457331230551883,1.1409105591453546,8.130939659397171
3.875148357118838,17.130207715437507,8.588973071576065,-2.263216996500769,21.242939607515833,10.35816142108995,-2.0673049466741205,12.141468001589017,7.0811392125670025,4.246625611166497,6.802706780913135,2.0657730234439144,3.6047792673817183,4.616615319840208,2.0274747018485106,-2.274602418327208,-7.774789447002922,-5.063900441094956,-9.320750935666235,-8.708097554083533,1.0340763554156243,1.8708393957537204,-2.8119762736740417,1.548075762073119,-1.0212677161111532,19.003082227190028,6.113312602310524,-0.6185093462545392,-9.986685657655256,1.431528948755835,-1.5624882346742315,1.3861975164086766,-8.75893481277726,-18.891548526442527,5.232389904788836,4.078996637880755,-2.2720728971185635,14.044187759521991,-4.863463713371175,6.115736824933599,-2.1013447535038416,6.351794959320624,-4.402668140605029,24.332105146153168,4.599747712378014,7.79844497745038,-15.760177410747678,13.180955109833793,-5.732973310695928,8.400231310024859,5.063823900736189,-15.101302449804074,-3.7165507418623487,6.092029432421994,1.823984065964668,12.986586094415491
1.2503304579462358,5.304814406823386,2.4420286017851467,-0.5658756964233221,6.722489058798141,2.9930061835988515,-0.1513019011151348,3.645066513155054,2.2475661744165856,1.305514176168206,2.0657730234439144,0.7363722271980546,1.005581004268925,1.4353235422459032,0.6512275946656201,-0.6041653877465372,-2.5741554196375285,-1.4639808996682726,-2.573069253830457,-2.2856762443778496,0.16116577933047938,0.33996632901299484,-1.1762241110513538,0.4665995954190196,-0.306570725286668,5.776506845558603,1.997434344577565,-0.36014296188390355,-2.9709615447673623,0.6868636111248717,-0.1953240588030087,0.4217636730874996,-2.685015115663727,-5.541174647593755,1.6683198587437185,1.0123511122509659,-0.696057665187816,4.130680972346893,-1.6614053048473725,1.9271959638791138,-0.3201181874938469,1.666306544122254,-1.675296006437347,7.530364204310245,1.2347456471616047,2.1962044544291786,-4.721146504626696,3.9814257259348746,-1.911049348487235,2.681581340302403,1.6020695862865024,-4.535633677006709,-1.095164856167999,2.154157057734115,0.5667735949327196,4.1112233858131875
2.0041026492211023,8.97918180068,4.734539994136348,-1.3169198738017756,11.036542813649223,5.6487695837205205,-1.5710116037189787,6.5004449741087535,3.6472070040016367,2.2376820382833373,3.6047792673817183,1.005581004268925,1.9919319552881456,2.419484334997103,1.0491007926001734,-1.291203897360512,-3.903139082746579,-2.7494484479962544,-5.199398847924823,-4.981259110109234,0.7025076902149882,1.2100213347276363,-1.1622256363517576,0.8194403533558045,-0.5386374238006582,10.087782316210458,3.11158821582697,-0.1398844928268718,-5.356838310863073,0.5097482857507355,-1.1181205488698587,0.744951835096464,-4.614859319255737,-10.21815143408192,2.688503946696158,2.380022072295875,-1.2224126039413643,7.612081839380037,-2.3924153294899604,3.170673200245582,-1.4214293185982525,3.6372157561204204,-2.0050096132066604,12.774485299778293,2.587666877647456,4.308462621777715,-8.422117836705132,7.026302841658023,-2.8776933489017322,4.320087623204964,2.6192276932076832,-8.073748775368284,-2.0022752645549184,2.941361421473996,0.9647559601061292,6.7334042066844235
2.6528573812508345,11.656194903055043,5.780088411938795,-1.4995670405268586,14.499656205144841,6.9844202663522585,-1.2609126815676661,8.228345606682273,4.8341997185080805,2.8868408701538906,4.616615319840208,1.4353235422459032,2.419484334997103,3.1432922438298654,1.3869824114795395,-1.517824925196056,-5.339693862668873,-3.41425384354128,-6.248903195476094,-5.803155412946767,0.6562905704395824,1.2012107281627602,-2.004145361261945,1.0493416087018061,-0.6917492757262659,12.899140406740147,4.191370444041676,-0.4704069606302523,-6.759157887823613,1.0467923819925267,-0.9776675175925738,0.9414755588288954,-5.951653080048127,-12.762878715084454,3.574379364225429,2.7003864320038686,-1.5448420635250575,9.492641935414934,-3.3555457429194138,4.171273868251136,-1.3308386805551222,4.232762430785696,-3.089144799830458,16.55600114612458,3.0727630347953307,5.241316914802196,-10.676530552286136,8.939766154334757,-3.9417894292914677,5.739700080542605,3.4557248116332864,-10.234420339429938,-2.5122228294311997,4.225757236063365,1.2421706288873746,8.864082580530855
1.1834258984937651,5.133083199794724,2.5256008856828855,-0.6427135732114378,6.420502138217749,3.0522947410298644,-0.4970568107894352,3.6185551823503843,2.131380838376878,1.2710321799751123,2.0274747018485106,0.6512275946656201,1.0491007926001734,1.3869824114795395,0.6174367963019007,-0.6560680598009812,-2.3688060510346576,-1.487636223395043,-2.7150753901715947,-2.5093972996744722,0.27083071116220536,0.49677071681228324,-0.9160450160263056,0.4586790482171986,-0.3009331545133205,5.675118867928696,1.862644152035833,-0.22074814314395533,-2.962389542981038,0.4908632551488582,-0.4007561720081125,0.4180536385020278,-2.6162191382854214,-5.586656581373613,1.5772457359810355,1.1560700279910303,-0.6889759981296433,4.167372920198935,-1.4953697048052392,1.8401612470757138,-0.5428450060386907,1.8313885521492776,-1.4007953473501793,7.296490416421883,1.325583713988143,2.2831208015371227,-4.683542384925114,3.9317274052640814,-1.7551798100765807,2.535923834807154,1.5253398093495873,-4.497230701112734,-1.0991078773060992,1.8987237065608489,0.5514882293059621,3.9203831071329307
-1.2554694868721916,-5.6222430431267565,-3.083968337676534,0.8843094313783667,-6.890227046462723,-3.6442833096248917,1.2152957534409259,-4.147704876400037,-2.247125515725416,-1.4079514966685294,-2.274602418327208,-0.6041653877465372,-1.291203897360512,-1.517824925196056,-0.6560680598009812,0.8549096568509106,2.3584346924159685,1.7615757940222228,3.4054381590378178,3.3211078751264207,-0.5172489067320414,-0.8612019284716462,0.5753092509213882,-0.5140587335113794,0.33511510651066356,-6.387813097849395,-1.9107073031048478,-0.009553680026269929,3.412625117459971,-0.20610223094185254,0.8489814330145711,-0.48154240946514343,2.898653558540774,6.552524298018568,-1.653908443886567,-1.6004263404014591,0.7944154315953981,-4.904518464875356,1.422234363191087,-1.9675630989741317,1.0364066211351288,-2.4283954051289247,1.1163557860505247,-8.017434452475886,-1.6968290565759216,-2.804158402933198,5.351255838753289,-4.465226658984083,1.7459484434975545,-2.663689879985972,-1.6225906693492451,5.140792031756327,1.2786072860863487,-1.7307293333728868,-0.6144226943292131,-4.190102753945783
-4.521786473526844,-19.846222876697873,-9.266299162919744,2.261683934864938,-24.80135318853582,-11.372318931451609,1.0217570385804242,-13.640865544845214,-8.404920884529862,-4.882707590689235,-7.774789447002922,-2.5741554196375285,-3.903139082746579,-5.339693862668873,-2.3688060510346576,2.3584346924159685,9.504635966655016,5.615734779332541,9.912017741977659,8.901181001452045,-0.7422039268849163,-1.5389825659037712,4.150158277143139,-1.7802318277482763,1.1860579749498337,-21.622056982256677,-7.32276912765049,1.267185279302793,11.224533336952845,-2.3322916001054135,0.9453752260814908,-1.5333834126892971,10.088041511716137,20.98260066039336,-6.226836518612187,-4.059676856512587,2.497623606670032,-15.502090583233551,6.080553689705629,-7.187611119251921,1.5515005307129122,-6.476218864726033,5.938013591811503,-28.10290101221635,-4.8554668611622755,-8.407896278450679,17.800978302384507,-14.907594931144558,6.9856471928576,-9.972163160833075,-5.968013512074739,17.016344812123574,4.155948913316507,-7.739132388610705,-2.0683395474359765,-15.223737201356869
-2.841825225541195,-12.672894687610503,-6.536711986756859,1.7787960440262502,-15.630495081134278,-7.836599394097593,1.917059662439467,-9.087363751523842,-5.188768137043073,-3.150642416628003,-5.063900441094956,-1.4639808996682726,-2.7494484479962544,-3.41425384354128,-1.487636223395043,1.7615757940222228,5.615734779332541,3.823202896987254,7.144808707730656,6.772657713022203,-0.8923673262193578,-1.5678690871329457,1.833415049008278,-1.152322131962601,0.7591117654576276,-14.156564378014039,-4.447119336656666,0.31337127616448746,7.485127399681453,-0.8673278780479844,1.3921378587254432,-1.0384867724492814,6.49921217871986,14.22593321954168,-3.8287660252239335,-3.21126747465629,1.7023433487671986,-10.584263033150592,3.4735033392919283,-4.496821352958466,1.8105014010940208,-4.942666650801943,3.0150629666325472,-18.014653800995923,-3.5452128367810207,-5.944458217891277,11.787143441679735,-9.841934449997089,4.138757881180179,-6.148850764638659,-3.7184852882028125,11.295023979765308,2.79278992728825,-4.304292805101178,-1.3547066226501592,-9.546444606396532
-5.195791596700307,-23.149419686222483,-12.424999998962273,3.4904209237794506,-28.474626190085825,-14.749459996416126,4.438260422139057,-16.91516603649766,-9.329589604643953,-5.783149021663245,-9.320750935666235,-2.573069253830457,-5.199398847924823,-6.248903195476094,-2.7150753901715947,3.4054381590378178,9.912017741977659,7.144808707730656,13.657374964002754,13.189358999750336,-1.9430812038912857,-3.2817903580571914,2.7322363896623587,-2.1084535967949884,1.37735575409355,-26.15019370178463,-7.972617920567706,0.1781894432164071,13.909519935375254,-1.1274438108008713,3.1459648298717444,-1.9590720677988223,11.908445691939395,26.611674074861266,-6.874209447902738,-6.310716739601318,3.2292106830015785,-19.896258352235723,6.038541087939489,-8.142468773021736,3.898133062730102,-9.6398325849369,4.946156950343705,-32.984575438778286,-6.784423385093445,-11.28922430404076,21.846209146181526,-18.24563144642783,7.33500991519736,-11.064755333524474,-6.721961775433511,20.979695991933127,5.202084610186405,-7.415345801708451,-2.5174766361565757,-17.33489329373126
-4.806775357709468,-21.473732965348212,-11.931256964577809,3.4481956097449,-26.313576057839043,-14.051792206676659,4.922868084644417,-15.946187705395424,-8.533671774521409,-5.3869445620919745,-8.708097554083533,-2.2856762443778496,-4.981259110109234,-5.803155412946767,-2.5093972996744722,3.3211078751264207,8.901181001452045,6.772657713022203,13.189358999750336,12.933345124834496,-2.070407604395581,-3.4106141310213642,2.008938867767439,-1.9623838457517406,1.2743184806559296,-24.493425837065963,-7.257473813851122,-0.16204567808742076,13.105648951586733,-0.6510159008752767,3.428727902610372,-1.86269572753704,11.080482162842634,25.21795630580233,-6.2782276208649925,-6.24263551292684,3.080739393727826,-18.915734231098988,5.339197562715019,-7.4926104146926304,4.131609501571403,-9.462088771790286,4.098929365597131,-30.652131799654004,-6.56796701868631,-10.840659768287972,20.5341730525952,-17.142511603179106,6.604430462188991,-10.122146422508395,-6.175605556130903,19.746911509721002,4.913097560763487,-6.482722236498405,-2.36432309626827,-15.979621365947498
0.52143446802673,2.4130342045258315,1.6954180182668495,-0.5752395933746659,2.854079899544529,1.905263997932189,-1.267443344994041,2.0114309510155155,0.8552181675434127,0.6245136007719231,1.0340763554156243,0.16116577933047938,0.7025076902149882,0.6562905704395824,0.27083071116220536,-0.5172489067320414,-0.7422039268849163,-0.8923673262193578,-1.9430812038912857,-2.070407604395581,0.46956552999748097,0.7109088933837787,0.237737079186649,0.22783359575271755,-0.14224389158546316,2.9556664460635513,0.6896718266582988,0.3032023704613967,-1.6523524939445555,-0.2774640631954382,-0.8341210770981518,0.24615042253928057,-1.2764552050259907,-3.303416318672795,0.6202959846033662,1.048588741701223,-0.4142101747716967,2.5226737012255596,-0.36819520940493666,0.7889476943091348,-0.924340502743118,1.5216550100926374,-0.024436913425615808,3.4883989511308173,0.9854137552337628,1.5440581047459674,-2.5454712640251422,2.113784066127881,-0.5627221742745219,1.0128471956756326,0.6413767957167914,-2.4667701751955864,-0.6301565040214248,0.3729240547487387,0.28810476556575176,1.7017037939246789
0.9504158139323019,4.444982549585072,2.880405746227149,-0.9427995610775715,5.27999248789009,3.29489136002123,-1.875752418396794,3.543226663697624,1.6516401623790875,1.1359764993956205,1.8708393957537204,0.33996632901299484,1.2100213347276363,1.2012107281627602,0.49677071681228324,-0.8612019284716462,-1.5389825659037712,-1.5678690871329457,-3.2817903580571914,-3.4106141310213642,0.7109088933837787,1.1079225392330705,0.13312050911822224,0.4195854984656127,-0.268741248457115,5.295689130762681,1.3405953848034893,0.3597641000073298,-2.927547813643364,-0.2879065245874764,-1.2370752415828015,0.4193052487226796,-2.3347196341503764,-5.776042088650703,1.2034818640137488,1.7163513569849205,-0.696266061086655,4.3603041565799465,-0.8291513239132383,1.4891225575414468,-1.416344564654563,2.5007322292518728,-0.31740960257847695,6.3826329140390214,1.6682771577730537,2.632339698923326,-4.533919313574111,3.756811109360287,-1.1442753524538456,1.9487795450345315,1.2164730808551398,-4.367790543915699,-1.1120047151773045,0.9011178734260625,0.5061031369303867,3.180107552652527
-1.7420912588431963,-7.486644139474603,-2.7179944687263147,0.44394598705290567,-9.571488841986303,-3.5765441488487544,-1.174288157412159,-4.662096480055269,-3.3990807798613,-1.7996124350969325,-2.8119762736740417,-1.1762241110513538,-1.1622256363517576,-2.004145361261945,-0.9160450160263056,0.5753092509213882,4.150158277143139,1.833415049008278,2.7322363896623587,2.008938867767439,0.237737079186649,0.13312050911822224,2.5791238257191607,-0.6565222346760761,0.45075242793692344,-7.708853844075022,-3.035038458527824,1.1035671252362897,3.8417947158712504,-1.6450392062546586,-0.625748658486787,-0.4958600619531968,3.7378559815796217,6.888270874613793,-2.5362631025772138,-0.7750856328705549,0.7889252923758862,-4.974325193355728,2.800325319376493,-2.827515517140998,-0.41747723492320987,-1.4404764045080265,3.1908610937204247,-10.502235078471609,-1.2939347508331203,-2.459594061941778,6.194925103067172,-5.210908063024923,3.025475868291533,-4.034513250085463,-2.3664110510523426,5.874565525885694,1.3975697816027222,-3.69294149008479,-0.7291917821447084,-5.944992545240435
0.8750118283252575,3.9008684314493096,1.9400914480406646,-0.5112233744430612,4.82476768272356,2.3472716786317234,-0.4497084713339754,2.750828176106402,1.619039323621928,0.9657217010114799,1.548075762073119,0.4665995954190196,0.8194403533558045,1.0493416087018061,0.4586790482171986,-0.5140587335113794,-1.7802318277482763,-1.152322131962601,-2.1084535967949884,-1.9623838457517406,0.22783359575271755,0.4195854984656127,-0.6565222346760761,0.35398189348192494,-0.23478718069786553,4.314793469307378,1.3919724628602808,-0.15488874346504122,-2.268589072490711,0.3355723908598055,-0.33859719518440107,0.3108127429732024,-1.9949184655612986,-4.28546894686316,1.196232467062238,0.9214528519606539,-0.5070832339157447,3.1750631298772958,-1.1150460690737172,1.3948736964729833,-0.46829866080813043,1.4301204832879717,-1.0125897704386277,5.534165673451937,1.0444957292192019,1.7653229408568423,-3.5811187245589817,2.99008159482145,-1.3080604033421925,1.917632287911465,1.1551143031093694,-3.4254201860555855,-0.8445240099986479,1.3925931253812323,0.4110184752310712,2.954680721279831
-0.5728632876343726,-2.5769073020261395,-1.266102705324112,0.3325362428093503,-3.179224259485435,-1.538570568104944,0.27360275606323065,-1.8045104066910398,-1.075451016695605,-0.6367631647974177,-1.0212677161111532,-0.306570725286668,-0.5386374238006582,-0.6917492757262659,-0.3009331545133205,0.33511510651066356,1.1860579749498337,0.7591117654576276,1.37735575409355,1.2743184806559296,-0.14224389158546316,-0.268741248457115,0.45075242793692344,-0.23478718069786553,0.15673419583397366,-2.838897089894704,-0.9208605439484887,0.11576367064635605,1.4925158848720048,-0.23264126541895352,0.20604745781613332,-0.201372095949407,1.317736919724394,2.8136420960257356,-0.794618267753958,-0.5993427911869453,0.3267192294187268,-2.0761593520241206,0.7447298040493824,-0.9236439238579407,0.2966624184307869,-0.9276627354393518,0.6811839767021044,-3.650502894083219,-0.6850050812620173,-1.1548162247090574,2.357319977997994,-1.9647737296708405,0.8680050126997598,-1.2716658274755508,-0.7651185299755622,2.250259914720606,0.5556830478075477,-0.9278850113275993,-0.26811082357288246,-1.9510348414240024
10.856210114401874,47.82226045488071,24.10427640018607,-6.362491762468139,59.360223786165584,29.016635173400072,-5.968081814719321,33.99648793320605,19.72102821539088,11.864650186420656,19.003082227190028,5.776506845558603,10.087782316210458,12.899140406740147,5.675118867928696,-6.387813097849395,-21.622056982256677,-14.156564378014039,-26.15019370178463,-24.493425837065963,2.9556664460635513,5.295689130762681,-7.708853844075022,4.314793469307378,-2.838897089894704,53.14229525795512,17.052681765113505,-1.6176956054870837,-27.930736313884733,3.9038758818368358,-4.507150579635554,3.9003647864860262,-24.454000920676304,-52.883028882348626,14.571839790040126,11.467702626672915,-6.40657391513526,39.37784098633182,-13.509583208463669,17.05521043385401,-5.974987270067902,17.873596067076832,-12.186076194269216,67.96908688264291,12.885786861520215,21.86556425879343,-44.06718770646568,36.88094048785411,-15.97006892003219,23.41071494897784,14.119766323874403,-42.2595196001119,-10.394294051077248,16.936996870055843,5.118065737164538,36.25775951941957
3.5623775123397916,15.547226364462077,7.436584515269019,-1.8507846793525873,19.438969232915248,9.061261904215105,-1.1196749513998348,10.811041984362644,6.525569148626054,3.8363177815948166,6.113312602310524,1.997434344577565,3.11158821582697,4.191370444041676,1.862644152035833,-1.9107073031048478,-7.32276912765049,-4.447119336656666,-7.972617920567706,-7.257473813851122,0.6896718266582988,1.3405953848034893,-3.035038458527824,1.3919724628602808,-0.9208605439484887,17.052681765113505,5.694060480293467,-0.8452321609081564,-8.87441029163532,1.6730757129143106,-0.9553719191997269,1.231133428968891,-7.912281466933265,-16.656740616101196,4.832084670133342,3.325385383890044,-2.0166084694430078,12.362051938360437,-4.657281483833666,5.604713642677462,-1.4091322014398298,5.288161477725151,-4.466930498243212,22.0543025386705,3.8988029615233124,6.735503155473832,-14.05406354511332,11.78334621233912,-5.402022628140366,7.752514369373956,4.6501741713983265,-13.46288351393584,-3.2888333521075155,5.922192858700545,1.6434401993126833,11.903240127412774
-0.4122830701800774,-1.794176818341432,-0.2694242212912082,-0.08292021050791433,-2.351640402713656,-0.5151828534075453,-1.017659381561198,-0.8678385895079451,-0.9321526288598858,-0.4091877311113967,-0.6185093462545392,-0.36014296188390355,-0.1398844928268718,-0.4704069606302523,-0.22074814314395533,-0.009553680026269929,1.267185279302793,0.31337127616448746,0.1781894432164071,-0.16204567808742076,0.3032023704613967,0.3597641000073298,1.1035671252362897,-0.15488874346504122,0.11576367064635605,-1.6176956054870837,-0.8452321609081564,0.5755334907169894,0.7346616067853639,-0.7533222014411457,-0.6248115917427807,-0.06929343625351729,0.8673924944016299,1.1585924121364197,-0.7023961518078328,0.16337950083734964,0.09345594960426912,-0.7479390543110351,0.9121949891026049,-0.7342064547936836,-0.5640091748422178,0.1358259434572559,1.2055614336572802,-2.454939077763642,-0.06842809667852773,-0.25073963361771406,1.2369740970611327,-1.0373314109159464,0.9015976954787963,-1.0985997690714595,-0.6226657464701001,1.1336599227557471,0.25598196131125994,-1.2356718192679803,-0.1403487210605879,-1.5050404216493043
-5.664571653498203,-25.06696931137836,-12.779455898208136,3.420928509707546,-31.03472478460548,-15.349520241241063,3.4434686984021385,-17.900107492814673,-10.299069354003757,-6.22587359285186,-9.986685657655256,-2.9709615447673623,-5.356838310863073,-6.759157887823613,-2.962389542981038,3.412625117459971,11.224533336952845,7.485127399681453,13.909519935375254,13.105648951586733,-1.6523524939445555,-2.927547813643364,3.8417947158712504,-2.268589072490711,1.4925158848720048,-27.930736313884733,-8.87441029163532,0.7346616067853639,14.71910781500344,-1.8898973744735812,2.5517662352619257,-2.052364654177765,12.834678976916267,27.92107450713375,-7.605393962332782,-6.170423094145409,3.3697622363707884,-20.79075252575071,6.980607755956807,-8.917838567770815,3.3423262627131893,-9.564908518729842,6.188810667556056,-35.63475570017814,-6.873092136818445,-11.603046580555876,23.20204784673714,-19.40142942417961,8.285782227084406,-12.218580816738257,-7.378919863949569,22.246950209706064,5.483917328750871,-8.709541197345933,-2.6844867369078838,-18.95183995767474
0.9343429647901628,3.9101152511193558,1.1967289265938816,-0.10744305029164536,5.090143638185261,1.658272489942966,1.0785434303276804,2.303538699294997,1.837487371007255,0.9285845232275007,1.431528948755835,0.6868636111248717,0.5097482857507355,1.0467923819925267,0.4908632551488582,-0.20610223094185254,-2.3322916001054135,-0.8673278780479844,-1.1274438108008713,-0.6510159008752767,-0.2774640631954382,-0.2879065245874764,-1.6450392062546586,0.3355723908598055,-0.23264126541895352,3.9038758818368358,1.6730757129143106,-0.7533222014411457,-1.8898973744735812,1.0887241517999178,0.6130402058244696,0.24079724474389075,-1.9298353332749778,-3.295746040120339,1.3767412440886864,0.1743846425338538,-0.3805342882461496,2.356838772057466,-1.6124261628207788,1.5103051571262416,0.5228646404543567,0.4580368223199282,-1.9550041618599387,5.4647801369400435,0.5079886186556833,1.073721537732413,-3.081594177446438,2.6086043475943415,-1.7012418897087573,2.1866345036114723,1.2694966905291332,-2.9161856838166087,-0.6783097826917519,2.1682911800363525,0.3719079416401427,3.1744393525431267
-0.7760017717002995,-3.573465331604962,-2.726430589459837,0.9583376420211511,-4.1957648990962255,-3.0142756299463014,2.291587832564872,-3.1200318371455253,-1.199906845930967,-0.9373680586078308,-1.5624882346742315,-0.1953240588030087,-1.1181205488698587,-0.9776675175925738,-0.4007561720081125,0.8489814330145711,0.9453752260814908,1.3921378587254432,3.1459648298717444,3.428727902610372,-0.8341210770981518,-1.2370752415828015,-0.625748658486787,-0.33859719518440107,0.20604745781613332,-4.507150579635554,-0.9553719191997269,-0.6248115917427807,2.5517662352619257,0.6130402058244696,1.5031085656808123,-0.3928380527089988,1.9061501381521624,5.169504256512458,-0.8650919534191125,-1.749167045076923,0.66816047302485,-3.987213706530394,0.40940455601236686,-1.1364146488354872,1.629779242325538,-2.5246304690787955,-0.2117843802945706,-5.201440774067946,-1.5949230637390248,-2.4774427850284892,3.909137773110013,-3.250047855288749,0.7342145665510396,-1.4256228495270629,-0.9184800952218933,3.8081235482471127,0.977605592916936,-0.35535022274300926,-0.44643301264084406,-2.475412199662141
0.8034201596025168,3.4740065160161655,1.8074240280104517,-0.48303293690124993,4.332868757840013,2.1531731646273506,-0.5240576340579687,2.5136705874967777,1.412022412071073,0.8659619951560265,1.3861975164086766,0.4217636730874996,0.744951835096464,0.9414755588288954,0.4180536385020278,-0.48154240946514343,-1.5333834126892971,-1.0384867724492814,-1.9590720677988223,-1.86269572753704,0.24615042253928057,0.4193052487226796,-0.4958600619531968,0.3108127429732024,-0.201372095949407,3.9003647864860262,1.231133428968891,-0.06929343625351729,-2.052364654177765,0.24079724474389075,-0.3928380527089988,0.29611197825045116,-1.777672919668365,-3.9068110461983094,1.0430332985091126,0.8709902810733122,-0.4918727687129008,2.935292515034292,-0.9504924039517094,1.2308830884329682,-0.4851583882107137,1.3624734991722216,-0.8360860214122253,4.954745025540994,0.9581019434822762,1.6316471018644112,-3.232991252674909,2.715710380582818,-1.1432877891553725,1.682548060750718,1.0181057565212774,-3.1144447304411624,-0.763912572178768,1.1964096811807425,0.3825466811179564,2.6335810279366956
-4.999394253486508,-22.089414224753156,-10.98902601142859,2.873752257282823,-27.41330394757398,-13.278146419303194,2.494503966085219,-15.601798623575881,-9.156916831766296,-5.4712225597968445,-8.75893481277726,-2.685015115663727,-4.614859319255737,-5.951653080048127,-2.6162191382854214,2.898653558540774,10.088041511716137,6.49921217871986,11.908445691939395,11.080482162842634,-1.2764552050259907,-2.3347196341503764,3.7378559815796217,-1.9949184655612986,1.317736919724394,-24.454000920676304,-7.912281466933265,0.8673924944016299,12.834678976916267,-1.9298353332749778,1.9061501381521624,-1.777672919668365,11.287477201914855,24.247352531723138,-6.768177446764137,-5.17737110253383,2.9113394979761087,-18.011774675449903,6.3272097510775325,-7.8991205300105545,2.6002363063962557,-8.079989639251822,5.781090726376809,-31.364300736589428,-5.873197624397161,-9.97771944493593,20.265484882238706,-16.950331827996216,7.434976428485157,-10.862269471569745,-6.5425331469452495,19.412114062619626,4.773903170562526,-7.939580973800059,-2.3456813048417335,-16.767320835050736
-10.686547724058533,-47.312145239595395,-24.40207367313674,6.600866114179403,-58.51487308375442,-29.22665799256466,7.053805609765875,-33.964685505261386,-19.35407091439528,-11.766680694502142,-18.891548526442527,-5.541174647593755,-10.21815143408192,-12.762878715084454,-5.586656581373613,6.552524298018568,20.98260066039336,14.22593321954168,26.611674074861266,25.21795630580233,-3.303416318672795,-5.776042088650703,6.888270874613793,-4.28546894686316,2.8136420960257356,-52.883028882348626,-16.656740616101196,1.1585924121364197,27.92107450713375,-3.295746040120339,5.169504256512458,-3.9068110461983094,24.247352531723138,53.06684827459334,-14.285850120242872,-11.912312113891652,6.422974067864142,-39.56299809297891,12.994614230716621,-16.789865400789186,6.661552489656795,-18.4123093138687,11.345741725715328,-67.29874512395999,-13.159301365648211,-22.154040726497982,43.97792224032066,-36.77150249428097,15.502817903485838,-22.963705670636195,-13.885847003875512,42.18927953140229,10.41051533242377,-16.168816062993884,-5.088601680226144,-35.70378792531683
3.0111222001139883,13.281192407236762,6.383351738708782,-1.612707733111517,16.533373515523028,7.780033730606362,-1.0576984433711072,9.238666093840962,5.572524675906838,3.2770912354059085,5.232389904788836,1.6683198587437185,2.688503946696158,3.574379364225429,1.5772457359810355,-1.653908443886567,-6.226836518612187,-3.8287660252239335,-6.874209447902738,-6.2782276208649925,0.6202959846033662,1.2034818640137488,-2.5362631025772138,1.196232467062238,-0.794618267753958,14.571839790040126,4.832084670133342,-0.7023961518078328,-7.605393962332782,1.3767412440886864,-0.8650919534191125,1.0430332985091126,-6.768177446764137,-14.285850120242872,4.123831772415002,2.9002672598642842,-1.7017434327893803,10.5747298797944,-3.948247576932917,4.782641997739437,-1.281261502831893,4.572123079410565,-3.7435935995886203,18.82617868062208,3.381568025741961,5.796629748748347,-12.036635553044439,10.07059078109817,-4.579151160072906,6.608876791834374,3.9665743390683175,-11.513245902226272,-2.822367467057371,4.9896397138975646,1.3935395218927253,10.135189208641524
2.2111857788415006,10.004990532361122,5.672927973880415,-1.6782536219296977,12.18028513915476,6.660056656632636,-2.5521311657528116,7.488646717505098,3.947841932049971,2.514761775817927,4.078996637880755,1.0123511122509659,2.380022072295875,2.7003864320038686,1.1560700279910303,-1.6004263404014591,-4.059676856512587,-3.21126747465629,-6.310716739601318,-6.24263551292684,1.048588741701223,1.7163513569849205,-0.7750856328705549,0.9214528519606539,-0.5993427911869453,11.467702626672915,3.325385383890044,0.16337950083734964,-6.170423094145409,0.1743846425338538,-1.749167045076923,0.8709902810733122,-5.17737110253383,-11.912312113891652,2.9002672598642842,3.0417933731174136,-1.4375030937140523,8.926137021521358,-2.4056738226628065,3.4734784788489304,-2.1005378487658373,4.566906595937464,-1.7442278612578768,14.282643941604688,3.1613907142572573,5.166320846014807,-9.651341457873665,8.038750145483377,-3.004771601686049,4.6739067911060035,2.859484788984115,-9.273545365096155,-2.3186916234923842,2.8777780923059013,1.0997370798980728,7.396617775998587
-1.3263687158858186,-5.690337987065965,-2.98309110445996,0.7972658311177153,-7.114726542917519,-3.543337416098339,0.8888339229971889,-4.137251153913598,-2.3035751243090172,-1.4202987151041397,-2.2720728971185635,-0.696057665187816,-1.2224126039413643,-1.5448420635250575,-0.6889759981296433,0.7944154315953981,2.497623606670032,1.7023433487671986,3.2292106830015785,3.080739393727826,-0.4142101747716967,-0.696266061086655,0.7889252923758862,-0.5070832339157447,0.3267192294187268,-6.40657391513526,-2.0166084694430078,0.09345594960426912,3.3697622363707884,-0.3805342882461496,0.66816047302485,-0.4918727687129008,2.9113394979761087,6.422974067864142,-1.7017434327893803,-1.4375030937140523,0.8202117054672057,-4.840770182584399,1.5460085046240835,-2.013002421595355,0.8095976403721769,-2.2551358976491533,1.3548793221888116,-8.125205035818157,-1.5738115744915335,-2.6877680771711043,5.30675536843451,-4.46458223187792,1.8688664346378527,-2.749159482928427,-1.6647763981654478,5.120518459204254,1.2539017604952152,-1.9517649947615656,-0.6327101439124372,-4.317276304141825
